,0,1,2,3,4,5,6,7,8,9,10,11,12,13,14,15,16,17,18,19,20,21,22,23,24,25,26,27,28,29,30,31,32,33,34,35,36,37,38,39,40,41,42,43,44,45,46,47,48,49,50,51,52,53,54,55,56,57,58,59,60,61,62,63,64,65,66,67,68,69,70,71,72,73,74,75,76,77,78,79,80,81,82,83,84,85,86,87,88,89,90,91,92,93,94,95,96,97,98,99,100,101,102,103,104,105,106,107,108,109
0,0.0,4.3597116,6.5663443,9.643073,12.141512,14.660204,17.346682,20.993624,24.401619,28.1085,30.519592,36.15889,32.856743,31.392637,26.599411,25.097063,21.416851,20.26983,17.19876,15.067636,14.224158,11.491933,15.586221,14.685638,17.346035,20.117207,20.48387,20.389696,20.269567,21.995817,22.871761,24.878271,29.123552,29.299534,33.123997,34.21405,37.61367,37.92931,35.784847,34.32838,32.05533,31.810644,28.910309,27.871317,27.57388,24.466766,27.858038,25.81128,26.168974,29.999798,31.823477,30.643442,35.20013,37.42793,38.812508,39.05203,35.23191,39.460487,38.657906,42.82937,37.762978,40.73351,38.343376,40.926933,37.303658,32.830635,32.244427,29.887869,27.844183,24.127766,22.919407,25.151834,24.574642,28.449448,28.176004,32.44778,33.662697,32.61471,37.998737,35.479713,39.041313,41.227863,37.929676,33.725307,29.187004,30.050766,23.90231,22.846533,18.790325,18.064798,15.059306,17.042767,17.048359,21.920837,22.17052,22.646122,26.676846,28.629614,27.76714,32.43679,30.5741,35.599754,39.836937,36.49358,33.190296,33.070415,27.300032,26.458412,22.98913,21.09494
1,4.3597116,0.0,5.363615,6.4701576,8.5964775,12.3282385,13.903147,18.359665,21.18023,25.470013,27.434084,33.168243,30.356112,28.700535,24.369764,22.18055,18.818014,16.961815,14.098157,11.3496895,10.861437,8.100218,12.341667,12.163156,14.429442,16.951513,16.601366,16.49076,16.154074,18.226486,18.9198,21.502234,25.699581,26.476238,30.093987,31.559109,34.78853,34.78349,32.513195,30.788252,28.574383,27.924274,25.029943,23.723886,23.581799,20.229887,23.838673,21.967894,22.290787,26.273064,27.8542,26.521852,31.30077,33.44854,34.629963,34.82201,30.911503,35.109684,34.306778,38.52926,33.52746,36.611977,34.35573,37.170547,33.607716,29.228754,28.94669,26.687702,24.997568,21.5357,20.39243,22.597057,21.170668,25.477629,24.855562,29.081703,30.27791,28.88372,34.3579,31.640337,35.147312,37.304157,33.853333,29.60475,25.113396,25.762896,19.694527,18.533953,14.439225,13.862366,11.159034,13.563958,13.638251,18.728909,18.20249,18.560028,22.493443,24.459017,23.60441,28.251324,26.663593,31.752548,36.05455,33.007633,29.66141,29.95403,23.90873,23.605974,19.981163,18.73531
2,6.5663443,5.363615,0.0,5.248693,6.8308606,8.64624,11.477095,14.53754,18.20804,21.596104,24.229841,29.745983,26.446596,25.195635,20.283112,19.047333,15.575843,14.651974,12.465889,10.833404,11.804167,10.573189,15.356611,16.289099,18.805872,20.836563,20.133154,18.720821,17.34567,18.885056,18.5877,21.028845,24.011791,24.559536,27.927172,28.957258,32.640682,32.848553,31.23461,29.678535,28.24,27.574812,25.814095,24.280113,25.47052,22.553232,26.576838,25.51067,25.663052,29.961796,30.990812,29.1099,34.482265,36.523476,37.044804,37.028606,32.613327,36.345818,35.138226,39.200863,33.510674,36.4288,34.164906,36.76342,33.950146,29.12124,29.40316,27.87277,25.464079,23.01132,20.370659,21.692923,20.462055,23.903301,23.02417,27.257765,28.031456,27.066233,32.2197,29.842457,33.45838,35.73336,32.80222,28.739355,24.120668,25.809223,19.408445,19.492987,15.77885,16.318836,14.383116,16.432592,14.741903,20.556585,20.011702,19.258032,23.526241,24.518127,23.040846,27.685549,25.10479,29.961996,34.07316,30.395853,27.154718,26.890604,21.315948,20.253351,17.1464,15.023107
3,9.643073,6.4701576,5.248693,0.0,3.8157325,6.3008056,8.892146,12.612528,15.368043,19.74958,21.44097,27.319946,24.255884,22.380445,18.276846,15.844816,12.397949,10.697721,7.812598,5.7515793,6.7689953,6.4630017,11.092825,13.1124525,15.535618,16.935867,16.378193,13.853327,12.357612,13.647343,13.67277,15.959501,19.537794,20.242643,23.74329,25.1463,28.481724,28.518,26.523874,24.904793,23.157345,22.610909,20.608997,19.327374,20.466684,18.273577,22.062777,21.841816,22.54752,26.496397,26.955124,25.695217,31.142403,32.605534,33.126953,32.78077,28.399275,32.059433,31.19772,35.65759,30.14332,33.53603,31.750914,34.949284,32.355663,27.788315,28.693699,27.281467,25.620848,23.45745,21.210094,22.444492,19.65665,23.750927,21.985102,26.057175,26.489664,24.614569,29.789646,26.67076,30.073801,31.963322,28.827053,24.795282,20.286304,21.876959,15.666061,16.0502,12.125793,13.43704,12.503049,15.4336605,14.32501,20.094652,17.91104,16.854502,20.68146,21.528257,19.490274,24.00041,21.584513,26.568253,30.949299,27.727335,24.413225,25.331291,19.288177,19.297855,16.36036,15.29382
4,12.141512,8.5964775,6.8308606,3.8157325,0.0,5.959852,5.4058003,10.286461,12.60921,17.214712,18.908955,24.636038,22.231144,20.60444,16.721615,14.068459,11.432645,8.941552,7.874976,5.342838,8.507742,8.803543,12.838114,15.307937,16.975666,18.108334,16.18055,14.008277,11.618235,13.492712,12.22455,15.858036,18.239864,19.991783,22.826334,24.511053,27.904408,27.538244,25.839277,23.816023,22.7424,21.285542,20.003422,17.887188,19.972496,17.054703,21.43778,21.222076,21.35045,25.732397,26.015547,23.854382,29.671457,31.379581,31.332798,31.09802,26.409788,29.860355,28.582775,32.75042,26.980011,30.154741,28.24711,31.315773,28.92992,24.241583,25.40389,24.356142,22.572744,21.052279,18.297718,19.169031,16.050953,20.058346,18.172031,22.242437,22.736788,21.011,26.26386,23.430918,26.963852,29.158367,26.053848,21.949871,17.345419,19.067936,12.6746645,13.376954,9.969373,11.78035,11.466039,13.887241,11.795667,17.711391,15.405137,13.758469,17.761745,18.250349,16.335655,20.9394,18.507586,23.489958,27.754463,24.515198,21.18059,21.835878,15.71853,15.819732,12.675135,12.050781
5,14.660204,12.3282385,8.64624,6.3008056,5.959852,0.0,6.9480305,7.1812263,10.898205,14.225639,16.40027,22.12624,18.374372,16.744587,12.141582,10.624938,6.9397974,7.026141,5.965355,7.0748053,9.962668,11.651788,15.583997,18.488035,20.87282,21.607346,20.746454,16.843859,14.213857,14.412365,12.966819,14.671878,16.148592,16.567528,19.58377,20.472097,24.322775,24.581507,23.48426,22.133158,21.55417,21.04348,20.78379,19.37125,22.24174,21.010424,24.923128,25.84602,26.475864,30.488907,30.15413,28.52123,34.452114,35.561863,35.2871,34.57854,29.746115,32.637108,31.42335,35.71314,29.534883,32.826027,31.319439,34.431442,32.967163,28.13167,29.960533,29.479746,27.392431,26.495716,22.977055,23.093645,19.991018,23.009483,20.482025,24.250425,23.834303,22.116169,26.64393,23.677515,27.031977,28.83793,26.45344,22.867716,18.460745,21.477741,15.436808,17.655235,14.710019,17.252172,17.311075,19.835463,17.40441,23.364702,20.804668,18.474747,22.183138,21.641542,18.564768,22.70941,18.952438,23.450691,27.594036,23.723314,20.608746,21.411842,16.0675,15.58602,13.92583,12.344028
6,17.346682,13.903147,11.477095,8.892146,5.4058003,6.9480305,0.0,6.4618745,7.6631665,12.511371,14.0163765,19.543457,17.873934,16.521078,13.25181,10.338932,9.276943,6.2403846,8.428367,7.2528195,11.727886,13.171352,16.329655,19.502214,20.630629,21.113586,18.2107,15.53786,12.044397,13.69241,10.526453,15.112265,15.246651,18.142733,19.919945,21.803524,25.260595,24.476719,23.406244,21.060507,21.179903,18.794363,19.077532,16.166666,19.954765,17.195807,21.889091,22.470398,22.210041,26.73177,26.314749,23.369871,29.628988,31.19626,30.21987,29.827667,24.707209,27.464548,25.678652,29.517212,23.209187,26.211077,24.474062,27.521608,26.058187,21.246206,23.372835,23.271976,21.416615,21.34384,17.684778,17.480894,13.417594,16.761631,13.965667,17.774015,17.751965,15.961556,21.0229,18.369507,21.991596,24.406967,21.647741,17.706463,13.09544,15.756735,9.516918,11.914868,10.090017,13.047405,14.05974,15.809422,12.582097,18.107485,15.176191,12.148971,15.858313,15.002213,12.43945,16.856577,13.716963,18.505556,22.60796,19.165909,15.849341,16.524715,10.396164,10.867816,8.254435,8.627175
7,20.993624,18.359665,14.53754,12.612528,10.286461,7.1812263,6.4618745,0.0,4.9639654,7.1887016,9.93806,15.283665,12.184886,11.304506,7.0122995,6.1230907,5.7379646,6.232059,9.683567,11.166572,15.269884,17.502905,20.724556,24.182566,25.855066,26.076237,23.925528,19.99872,16.369312,16.550526,13.056136,15.757427,13.749866,15.714857,16.913029,17.895857,21.94909,21.653429,21.696344,19.981556,21.212418,19.485306,21.314425,18.962852,23.684408,22.385334,26.649792,28.171526,28.21823,32.467804,31.497324,28.842424,35.175323,36.257347,34.88377,34.07696,28.824778,30.80437,28.919168,32.589413,25.853079,28.697615,27.38435,30.219677,29.978231,25.096828,27.901031,28.519564,26.251717,26.942173,22.451462,21.34036,17.735664,19.455925,16.108232,19.241587,18.009823,16.603668,20.424736,18.031252,21.410944,23.522503,21.89546,18.793922,14.737618,18.919321,13.701759,17.401064,16.103003,19.382963,20.460861,22.226599,18.65947,24.123644,21.30171,17.815006,21.063904,19.049774,15.467514,18.957018,14.161001,17.914223,21.568588,17.14438,14.250301,14.669444,10.213445,9.506512,9.613682,8.691245
8,24.401619,21.18023,18.20804,15.368043,12.60921,10.898205,7.6631665,4.9639654,0.0,6.097397,6.3627806,12.098261,10.789657,9.435924,8.053575,4.7509737,7.3714724,6.1244383,10.936721,12.165322,16.416311,19.022625,21.330406,25.184303,26.23937,25.915165,23.158781,19.12716,15.153672,15.285142,10.854353,14.290531,10.680457,14.34295,14.42879,16.214676,19.727674,18.673937,18.801994,16.554585,18.532398,15.832579,18.639082,15.790261,21.385485,20.385498,24.51041,26.661034,26.646816,30.658844,29.118917,26.32711,32.68009,33.43777,31.543598,30.55235,25.227802,26.681164,24.69362,28.290792,21.534903,24.529648,23.691519,26.886942,27.215618,22.72938,26.241863,27.285736,25.64157,26.971886,22.79122,21.426249,16.680513,18.460783,14.261739,16.745852,15.001376,12.605718,16.262962,13.261708,16.552696,18.606276,16.950146,13.999166,10.241292,14.916269,10.779821,15.316012,15.120754,18.849047,20.833387,22.48064,19.109844,23.858118,20.136644,16.190327,18.575771,15.779067,11.599732,14.47645,9.340993,13.023182,16.866,12.858582,9.806231,11.834596,7.13933,8.604544,9.441845,10.637893
9,28.1085,25.470013,21.596104,19.74958,17.214712,14.225639,12.511371,7.1887016,6.097397,0.0,4.925669,8.536481,6.148911,7.065259,5.577967,7.0482736,10.10329,11.278216,15.642196,17.519836,21.63028,24.223606,26.910774,30.679932,32.03336,31.819164,29.215029,25.08309,21.163914,20.9182,16.657928,18.984446,14.021655,16.624834,15.708569,16.340317,20.251865,19.589157,21.091324,19.465595,22.454752,20.1668,23.896574,21.313004,27.176577,26.430683,30.504385,32.722622,32.54291,36.649906,35.037674,31.961498,38.344925,39.130493,36.86234,35.825222,30.469486,31.33695,29.024982,31.990421,25.031525,27.334728,26.547672,29.035986,30.340002,25.778416,29.51311,31.152994,28.915455,30.90602,25.929996,23.816431,20.07117,20.195745,16.2133,17.934904,15.379699,14.392447,16.328901,14.763797,17.640491,19.69183,19.46763,17.569561,14.79001,19.833231,16.46987,21.02207,21.020512,24.59568,26.3051,27.64633,23.683529,28.419024,25.406895,21.323095,23.701202,20.3912,16.485146,18.472279,12.83191,14.604508,17.164993,12.039346,10.107429,10.2857895,9.099717,8.399703,11.496713,11.557606
10,30.519592,27.434084,24.229841,21.44097,18.908955,16.40027,14.0163765,9.93806,6.3627806,4.925669,0.0,6.0874405,6.0117035,5.28533,7.9102135,6.7047324,11.024441,11.394085,16.008698,17.958948,21.860401,24.827497,26.704367,30.781116,31.7688,31.03985,28.38592,23.890867,19.966173,19.32291,14.871749,16.929535,10.697163,14.321377,12.330462,13.677769,16.92185,15.606761,17.24092,15.369055,19.033506,16.35256,20.935038,18.428122,24.71632,24.775108,28.374126,31.339525,31.409382,35.043438,32.85673,30.178362,36.388115,36.62174,34.095352,32.73381,27.507677,27.844631,25.751825,28.855154,22.147322,24.817894,24.749662,27.786066,29.512592,25.493296,29.737513,31.502941,29.98974,32.13843,27.725012,25.733997,20.992077,21.599936,17.02362,18.133387,15.142395,12.774413,14.126357,11.372514,13.734936,15.199233,15.16388,13.820872,11.889997,17.144575,15.134391,20.079872,20.663609,24.526457,26.86991,28.392746,24.944174,29.213139,25.287779,21.09645,22.623947,18.892828,14.4283,15.445594,9.674841,10.736393,13.534236,9.101707,7.3207808,10.488462,9.367561,10.894876,13.73274,15.048345
11,36.15889,33.168243,29.745983,27.319946,24.636038,22.12624,19.543457,15.283665,12.098261,8.536481,6.0874405,0.0,6.6062536,8.29153,12.086258,12.577803,16.804365,17.473106,22.082293,23.997526,27.940132,30.877815,32.704628,36.795933,37.636215,36.814156,33.843872,29.582245,25.647284,25.020443,20.499163,22.393682,15.437012,18.818214,15.609135,16.381239,18.990692,17.447323,20.246374,18.649845,23.238615,20.336052,25.712297,23.125923,29.680374,29.762903,33.252235,36.337425,36.114574,39.70533,37.280907,34.184536,40.271408,40.453613,37.306213,35.921295,30.810614,30.285547,27.828024,30.00365,23.477146,25.301119,25.603392,28.004234,30.956923,27.346933,31.99671,34.45528,32.868683,35.849247,31.125208,28.52283,24.19811,23.535378,19.10069,18.949566,15.220851,13.853774,12.666785,11.68225,12.9134445,14.226412,15.973187,16.091087,15.611855,20.614544,19.881742,24.763577,25.970886,29.741676,32.212883,33.349113,29.584179,33.35793,29.718662,25.387964,26.434723,22.148092,18.204851,17.97332,12.75859,11.215399,11.781596,7.201934,7.9150567,9.951424,12.437487,13.429668,17.28107,18.686275
12,32.856743,30.356112,26.446596,24.255884,22.231144,18.374372,17.873934,12.184886,10.789657,6.148911,6.0117035,6.6062536,0.0,3.8404844,6.619672,9.24898,12.664949,14.925983,18.867624,21.573704,25.171135,28.21384,30.472364,34.465923,35.9738,35.379498,33.367058,28.408718,24.65701,23.48294,19.586145,20.238207,14.089001,15.524528,13.399913,12.987404,16.72612,16.45736,19.157272,18.385807,22.212353,20.760012,25.404503,23.598122,29.628485,30.202108,33.65472,36.727295,36.994877,40.623642,38.46503,36.058838,42.27297,42.399998,39.9899,38.50329,33.352085,33.566025,31.580017,34.562786,27.903164,30.310642,30.250822,32.890156,34.938923,30.76517,34.89227,36.73498,34.750507,36.874187,32.002533,29.806858,25.841742,25.796513,21.600384,22.62017,19.426445,18.053514,18.416122,16.598568,18.37992,19.322712,20.259233,19.541912,17.86961,23.126389,20.82865,25.695925,25.791718,29.601795,31.552628,33.202072,29.530457,34.210056,30.704842,26.57598,28.44566,24.801382,20.406866,21.382746,15.640966,15.929018,17.7269,13.044963,12.365314,13.817022,14.265861,14.160299,17.566847,17.622755
13,31.392637,28.700535,25.195635,22.380445,20.60444,16.744587,16.521078,11.304506,9.435924,7.065259,5.28533,8.29153,3.8404844,0.0,5.9968357,6.6920943,10.301925,12.482181,16.194414,19.134554,22.43075,25.692741,27.574697,31.680204,33.171993,32.36958,30.712961,25.358854,21.752794,20.192013,16.571156,16.610685,10.439762,11.735641,9.740467,9.687965,13.54733,13.2835245,15.566884,14.856347,18.46095,17.39184,21.922197,20.510994,26.366798,27.537287,30.66453,34.08006,34.712807,38.038486,35.721348,33.90219,39.99172,39.797997,37.65926,35.988083,30.963932,31.323,29.743532,33.225925,26.777637,29.72216,29.876356,33.034935,34.693745,30.63328,34.73012,36.24299,34.634388,36.33832,31.920792,30.131132,25.613554,26.405794,21.991457,23.318817,20.325012,18.034393,19.018864,16.070723,17.812788,18.304255,18.693205,17.778616,16.01145,21.182451,18.915247,23.801956,23.701313,27.623796,29.722738,31.714758,28.520258,33.259426,29.23231,25.24102,26.960443,23.544304,18.791164,19.850681,14.214698,15.094438,17.655157,13.598376,12.396357,15.289343,14.310394,15.082165,17.788725,18.141474
14,26.599411,24.369764,20.283112,18.276846,16.721615,12.141582,13.25181,7.0122995,8.053575,5.577967,7.9102135,12.086258,6.619672,5.9968357,0.0,5.485951,6.954981,10.2418165,13.435157,16.356497,19.77095,22.625454,25.386343,29.126186,31.059679,30.847128,29.376352,24.382263,20.84232,19.759506,16.442707,16.985518,12.965491,13.453687,13.605175,13.302815,17.735817,18.064152,19.404518,18.621899,20.942944,20.143282,23.325932,21.774134,27.012434,27.261885,30.899857,33.449608,33.930435,37.722897,36.103214,34.02433,40.28552,40.687904,39.025455,37.722675,32.54742,33.734245,32.02442,35.640457,28.904755,31.75937,31.13686,34.00472,34.84157,30.219648,33.64879,34.750156,32.55461,33.721973,29.026672,27.457626,23.772049,24.664145,20.862675,23.071165,20.756134,19.253214,21.428078,18.996166,21.59364,22.881472,22.493067,20.553041,17.565603,22.52037,18.6082,23.01547,22.084846,25.689917,27.072172,29.051176,25.597979,30.90666,27.672213,23.933939,26.575281,23.811491,19.488201,21.804808,16.204226,18.437813,21.426851,16.71873,14.760634,15.850335,13.751208,13.091597,15.157331,14.239311
15,25.097063,22.18055,19.047333,15.844816,14.068459,10.624938,10.338932,6.1230907,4.7509737,7.0482736,6.7047324,12.577803,9.24898,6.6920943,5.485951,0.0,4.431321,5.819432,9.769996,12.477356,15.980637,19.111986,21.223524,25.237331,26.766457,26.22301,24.575506,19.42048,15.782105,14.665492,11.073404,12.1437645,8.261423,10.290617,10.823949,12.026336,15.909824,15.536622,15.826331,14.3781595,16.281395,15.008557,17.968832,16.290865,21.59766,22.067469,25.53786,28.386513,29.066038,32.597843,30.771406,29.02161,35.177864,35.345963,33.796085,32.402493,27.305882,28.65171,27.232153,31.258999,24.787088,28.152893,27.755701,31.207872,31.647427,27.309982,30.816628,31.652094,30.119244,31.032198,27.041641,25.903265,21.240982,23.175926,19.007969,21.362654,19.31242,16.643969,19.584831,16.023832,18.695559,19.82376,18.561094,16.166313,12.942984,17.672304,13.896369,18.400885,17.598206,21.428257,23.291996,25.512606,22.638844,27.682646,23.64692,19.971773,22.222837,19.624805,14.988296,17.421034,12.190702,15.288068,19.090681,15.239086,12.679257,15.467463,11.721128,12.788899,13.887726,14.212978
16,21.416851,18.818014,15.575843,12.397949,11.432645,6.9397974,9.276943,5.7379646,7.3714724,10.10329,11.024441,16.804365,12.664949,10.301925,6.954981,4.431321,0.0,4.559832,6.5295296,9.851386,12.891292,15.921518,18.507141,22.27273,24.30927,24.09983,23.204243,17.927412,14.71927,13.520658,11.076044,11.421744,10.381855,10.653717,12.974112,13.7350025,17.732443,18.001402,17.565536,16.503342,17.058819,16.759727,18.264736,17.152477,21.387415,21.793463,25.21721,27.651249,28.607897,32.148766,30.763966,29.465551,35.50998,35.810543,34.905437,33.623966,28.67967,30.662027,29.535376,33.88217,27.572355,31.092419,30.377306,33.841743,33.54054,29.003044,31.915623,32.183098,30.494003,30.606886,26.839962,26.223593,22.022902,24.49802,20.84408,23.810083,22.311749,19.868921,23.421467,19.88387,22.730978,23.887941,22.177307,19.345957,15.627712,19.722162,14.955707,18.715979,16.886398,20.396118,21.651207,24.227669,21.690088,27.19564,23.480694,20.315977,23.11131,21.340948,17.060324,20.205774,15.517409,19.237572,23.252352,19.431808,16.66932,18.830164,14.355112,14.775404,14.86678,14.301261
17,20.26983,16.961815,14.651974,10.697721,8.941552,7.026141,6.2403846,6.232059,6.1244383,11.278216,11.394085,17.473106,14.925983,12.482181,10.2418165,5.819432,4.559832,0.0,4.868446,6.7167916,10.546172,13.497354,15.7255,19.648762,21.114845,20.809757,19.15428,14.310395,10.733018,10.368272,7.208365,9.806726,9.654539,11.908904,14.036071,15.90293,19.264795,18.757824,17.58256,15.676963,15.8002205,14.413195,15.327789,13.480117,17.762487,17.435656,21.163631,23.38235,24.157785,27.803131,26.481834,24.927258,31.008698,31.48258,30.570257,29.457388,24.471296,26.745266,25.598461,30.038437,23.892769,27.558157,26.748968,30.429941,29.69414,25.319397,28.143631,28.227083,26.951433,26.965107,23.686155,23.359232,18.589462,21.77689,18.09799,21.210443,20.16656,17.264467,21.516,17.681257,20.730982,22.157688,19.690538,16.291042,12.16971,15.695124,10.579088,14.183584,12.465365,16.131147,17.781824,20.329094,18.059383,23.272186,19.137655,16.01447,18.682623,17.198349,13.104906,16.661144,12.717481,17.174162,21.556805,18.33685,15.210951,17.790787,12.260626,13.66699,12.813124,13.290758
18,17.19876,14.098157,12.465889,7.812598,7.874976,5.965355,8.428367,9.683567,10.936721,15.642196,16.008698,22.082293,18.867624,16.194414,13.435157,9.769996,6.5295296,4.868446,0.0,4.096173,6.3778386,9.597647,11.988752,15.761142,17.840147,17.73689,17.418547,12.133499,9.579953,8.740242,8.148291,8.890214,12.037174,12.484906,16.016098,17.578585,20.716726,20.755123,18.801247,17.40913,16.007366,15.973219,15.097492,14.394304,16.929796,17.100895,20.300776,22.292349,23.688566,26.976645,26.021498,25.47893,31.160948,31.497341,31.436916,30.318235,25.753633,28.603447,28.031706,32.86884,27.212416,31.123913,30.248575,34.065075,32.632828,28.336498,30.556705,29.956593,28.826069,27.84199,25.223892,25.602514,21.22515,25.030443,21.849045,25.282738,24.636288,21.723825,26.207758,22.180838,25.10609,26.243088,23.462524,19.962507,15.901639,18.494852,13.187361,15.539856,12.622562,15.69166,16.680342,19.857258,18.54289,23.948404,19.944906,17.708405,20.549809,20.074299,16.443165,20.197052,17.00091,21.603752,26.11271,23.143665,20.015997,22.542793,16.802965,17.8996,16.369368,16.232258
19,15.067636,11.3496895,10.833404,5.7515793,5.342838,7.0748053,7.2528195,11.166572,12.165322,17.519836,17.958948,23.997526,21.573704,19.134554,16.356497,12.477356,9.851386,6.7167916,4.096173,0.0,4.55575,6.8862877,9.577932,13.16212,14.809928,15.054141,13.976365,9.825397,7.3453283,8.321876,7.947382,10.769276,14.428982,15.9287615,19.153734,21.14991,24.043274,23.659906,21.385824,19.484144,17.757355,16.883463,15.083538,13.714487,15.534715,14.246596,17.92419,19.019676,20.118956,23.718836,23.265379,22.353735,28.005344,28.817099,28.97195,28.22469,23.722904,27.073114,26.431324,31.195372,25.783146,29.599735,28.39169,32.14817,30.054684,25.833515,27.573107,26.57284,25.636593,24.215729,22.132366,22.984343,18.670948,23.064096,20.340067,24.003725,23.984262,21.169317,26.191504,22.36054,25.480463,26.986294,23.694153,19.759478,15.462022,17.088392,11.330615,12.546802,9.0584345,11.759356,12.58737,15.830158,14.920509,20.196342,16.29338,14.555915,17.611197,17.912977,15.112775,19.30517,17.041143,22.031235,26.60496,23.954464,20.6555,22.853252,16.602646,17.877058,15.419067,15.66351
20,14.224158,10.861437,11.804167,6.7689953,8.507742,9.962668,11.727886,15.269884,16.416311,21.63028,21.860401,27.940132,25.171135,22.43075,19.77095,15.980637,12.891292,10.546172,6.3778386,4.55575,0.0,3.7353826,5.809531,9.385064,11.7086315,11.986826,12.836379,8.266743,7.787343,8.017057,10.173947,11.014258,16.616373,17.003464,20.938387,22.80051,25.29311,25.228874,22.344595,20.864056,17.98086,18.233734,15.015178,14.901001,14.838303,14.5163355,17.157442,18.231245,20.14856,23.01882,22.779736,23.17955,28.185118,28.63063,29.60971,28.762,24.843956,28.523426,28.51873,33.608753,28.791883,32.85145,31.800241,35.74812,33.249508,29.31787,30.683672,29.17345,28.598103,26.416073,25.143528,26.513128,22.405806,27.13224,24.623968,28.291546,28.382301,25.35448,30.3524,26.208584,29.091808,30.211441,26.741959,22.91801,18.94081,19.921381,14.76095,15.084387,11.165637,12.936331,13.211727,16.97466,17.332151,22.242985,18.354591,17.503054,20.20526,21.175236,18.610554,22.567207,20.812893,25.736143,30.394392,28.057917,24.810307,27.343277,21.092749,22.424046,19.881264,19.93414
21,11.491933,8.100218,10.573189,6.4630017,8.803543,11.651788,13.171352,17.502905,19.022625,24.223606,24.827497,30.877815,28.21384,25.692741,22.625454,19.111986,15.921518,13.497354,9.597647,6.8862877,3.7353826,0.0,4.803918,6.8559504,9.488801,10.772961,11.808861,9.269511,9.694578,10.960862,13.148426,14.6051445,20.200863,20.73211,24.64881,26.498653,29.02801,28.933016,25.987944,24.40532,21.379042,21.400146,17.694296,17.360022,16.43739,14.959534,17.650026,17.468365,19.180058,22.179981,22.722572,23.015888,27.700571,28.630817,30.04039,29.569616,25.900434,29.980871,29.953653,34.891163,30.315672,34.179462,32.787907,36.519302,33.42122,29.524904,30.239513,28.243814,27.659103,24.784883,24.06564,25.94386,22.45982,27.405066,25.502901,29.363674,29.926292,27.22714,32.50141,28.657587,31.688278,33.068535,29.402252,25.378923,21.2988,21.716537,16.397547,15.673125,11.38601,11.97381,11.218209,15.020397,16.05276,20.768566,17.628965,17.579472,20.50953,22.208477,20.412855,24.59414,23.297964,28.360992,32.98244,30.652803,27.33232,29.362415,22.979382,24.03252,20.961206,20.826813
22,15.586221,12.341667,15.356611,11.092825,12.838114,15.583997,16.329655,20.724556,21.330406,26.910774,26.704367,32.704628,30.472364,27.574697,25.386343,21.223524,18.507141,15.7255,11.988752,9.577932,5.809531,4.803918,0.0,4.367758,6.1957264,6.4119344,9.179357,6.223988,8.588003,9.526036,13.108666,13.886189,20.416664,21.016594,24.911581,27.113825,28.948444,28.65066,25.104994,23.52517,19.716764,20.05299,15.214267,15.68363,13.105671,12.7052,14.1404,14.497992,17.156092,19.128685,19.40096,21.06944,25.102655,25.383425,27.341911,26.662973,23.597479,27.800003,28.434738,33.66424,29.852993,34.024956,33.054256,37.169685,33.96206,30.63866,31.443611,29.281422,29.497177,26.536686,26.642605,28.684769,24.596708,29.897932,27.759598,31.324438,31.84674,28.565619,33.723446,29.407927,32.06229,33.00736,29.064394,25.215235,21.665129,21.281435,17.044443,15.83449,11.963283,12.311788,12.323771,16.266685,18.359444,22.144127,18.161306,18.5505,20.543583,22.562727,20.860258,24.539913,24.049847,28.959066,33.63421,32.01554,28.788433,31.624743,25.200905,26.972841,24.004185,24.510279
23,14.685638,12.163156,16.289099,13.1124525,15.307937,18.488035,19.502214,24.182566,25.184303,30.679932,30.781116,36.795933,34.465923,31.680204,29.126186,25.237331,22.27273,19.648762,15.761142,13.16212,9.385064,6.8559504,4.367758,0.0,4.0330014,6.1044517,10.14399,9.823091,12.593699,13.838318,17.37389,18.160578,24.775845,25.162056,29.193436,31.274677,33.11778,32.928673,29.30635,27.808842,23.80327,24.249561,19.090345,19.619457,16.246782,15.182532,16.153,15.149389,17.757757,19.38424,20.563038,22.533998,25.840143,26.449057,29.06029,28.71813,26.150532,30.651802,31.402481,36.485477,33.039364,37.042973,35.83192,39.752354,35.995327,32.803314,32.954132,30.281326,30.567104,26.861681,27.66271,30.187698,26.761068,32.17023,30.564575,34.259518,35.13605,32.116665,37.44163,33.329422,36.05781,37.128033,33.071453,29.13983,25.570679,24.79705,20.566711,18.616108,14.681004,13.8824625,12.832669,16.526224,19.438507,22.742699,19.642178,20.847069,22.898039,25.530281,24.428473,28.197548,28.010345,32.983326,37.626995,35.999847,32.729527,35.2064,28.720821,30.22292,26.920807,27.17842
24,17.346035,14.429442,18.805872,15.535618,16.975666,20.87282,20.630629,25.855066,26.23937,32.03336,31.7688,37.636215,35.9738,33.171993,31.059679,26.766457,24.30927,21.114845,17.840147,14.809928,11.7086315,9.488801,6.1957264,4.0330014,0.0,3.423574,7.160912,9.16344,12.419797,14.335245,17.721523,19.268475,25.663425,26.799442,30.439598,32.905693,34.457855,33.863052,30.071058,28.23058,24.220272,24.046713,18.559116,18.785162,14.667312,12.839082,13.354853,11.532811,14.31125,15.5285,17.052694,19.328115,22.126835,22.822952,25.738918,25.616953,23.467064,28.16674,29.100403,34.071934,31.234402,35.178333,34.027847,37.99696,33.948,31.23038,31.196333,28.326103,29.220741,25.443628,26.99717,29.711452,26.073122,31.712986,30.232292,33.709312,34.82316,31.662088,37.0091,32.916393,35.499866,36.58176,32.270744,28.343407,25.088135,23.499958,19.985508,17.272394,13.850932,12.407626,11.749513,15.156555,18.842358,21.177185,17.816978,19.590105,21.016754,24.122898,23.623074,27.12653,27.766527,32.645744,37.199333,36.08489,32.869205,35.517193,29.023228,30.93664,27.477293,28.288763
25,20.117207,16.951513,20.836563,16.935867,18.108334,21.607346,21.113586,26.076237,25.915165,31.819164,31.03985,36.814156,35.379498,32.36958,30.847128,26.22301,24.09983,20.809757,17.73689,15.054141,11.986826,10.772961,6.4119344,6.1044517,3.423574,0.0,6.525937,7.3622,11.2002,12.653058,16.445827,17.55896,24.09456,25.306135,28.786478,31.425276,32.583282,31.851717,27.843107,26.02103,21.77103,21.735743,15.90107,16.605705,11.782213,11.209516,10.721985,10.220562,13.7956,14.24441,14.951248,18.185568,20.840675,20.789171,23.751194,23.273132,21.34285,25.893053,27.209908,32.40038,29.862543,34.043175,33.293896,37.55655,33.81996,31.359118,31.767712,29.157711,30.386143,27.062958,28.529696,30.994507,26.749737,32.412327,30.517082,33.74962,34.612858,31.04841,36.17332,31.75978,34.06287,34.809532,30.470848,26.764948,23.889385,22.11141,19.30833,16.865,13.897181,13.0721655,13.423948,16.860407,20.361938,22.54802,18.343082,19.793644,20.639875,23.484802,22.699501,25.79056,26.673084,31.34902,35.89302,35.15289,32.046917,35.26057,28.855589,31.195816,28.017727,29.174923
26,20.48387,16.601366,20.133154,16.378193,16.18055,20.746454,18.2107,23.925528,23.158781,29.215029,28.38592,33.843872,33.367058,30.712961,29.376352,24.575506,23.204243,19.15428,17.418547,13.976365,12.836379,11.808861,9.179357,10.14399,7.160912,6.525937,0.0,7.021057,9.219455,12.466997,14.466849,17.91348,22.959488,25.662867,28.339567,31.375034,32.752182,31.422579,27.831915,25.268793,22.058517,20.26693,15.369336,14.1495075,10.737456,6.1977468,8.095638,5.675909,8.0151205,10.378678,11.405517,12.392196,16.111752,17.198887,19.273214,19.358585,16.75627,21.570189,22.207216,27.006805,24.388197,28.250029,27.203182,31.30212,27.348946,25.044125,25.391914,22.86349,24.410318,21.507328,23.18879,25.595139,21.132643,26.884777,25.222025,28.250961,29.489676,26.12224,31.386335,27.43737,29.873749,31.14021,26.6059,22.648863,19.774185,17.258963,14.719247,11.233252,9.025503,7.5286956,8.995813,11.855359,15.405482,16.81626,12.109138,13.897832,14.389197,17.71409,17.873228,21.021618,22.65523,27.320219,31.660648,31.173626,28.09829,30.950329,24.643406,27.233116,23.825163,25.635096
27,20.389696,16.49076,18.720821,13.853327,14.008277,16.843859,15.53786,19.99872,19.12716,25.08309,23.890867,29.582245,28.408718,25.358854,24.382263,19.42048,17.927412,14.310395,12.133499,9.825397,8.266743,9.269511,6.223988,9.823091,9.16344,7.3622,7.021057,0.0,4.0723805,5.7288756,9.133592,11.089753,16.956928,18.94039,21.966537,24.843006,26.1454,25.138878,21.434246,19.265738,15.688338,14.925656,9.868938,9.841367,7.2285385,7.463479,8.948582,11.179323,14.0081835,15.795684,14.835887,16.532307,20.943165,20.678762,22.001194,20.995928,17.706404,21.704216,22.50346,27.903898,24.387362,28.801086,28.32449,32.815605,30.052343,27.199636,28.693287,27.020626,27.878044,25.837317,25.954844,27.571793,22.428381,27.774048,25.079418,28.11469,28.42188,24.538696,29.438099,24.791323,27.088255,27.79545,23.627762,19.921265,16.93003,15.901945,12.9261675,11.893507,9.226402,10.615671,12.599734,16.168394,17.991692,21.08188,15.707624,15.561796,16.468227,18.106789,16.250536,19.322756,19.618563,24.263489,28.874525,28.029108,24.97155,28.607872,22.356455,25.061707,22.433634,23.967896
28,20.269567,16.154074,17.34567,12.357612,11.618235,14.213857,12.044397,16.369312,15.153672,21.163914,19.966173,25.647284,24.65701,21.752794,20.84232,15.782105,14.71927,10.733018,9.579953,7.3453283,7.787343,9.694578,8.588003,12.593699,12.419797,11.2002,9.219455,4.0723805,0.0,4.182102,5.442582,9.292331,13.906398,16.67611,19.28245,22.244516,23.914263,22.7305,19.518698,17.027843,14.4423065,12.759439,9.272322,7.7750244,8.364385,7.700853,10.808274,13.171918,15.005869,17.709791,16.447723,16.602089,21.892578,21.95926,22.290533,21.270697,17.1467,20.736155,20.865046,26.117382,21.797234,26.14643,25.597288,30.02736,27.752655,24.54089,26.519732,25.372883,25.837889,24.503471,23.78644,24.909252,19.471468,24.534954,21.51098,24.517973,24.602589,20.737535,25.641735,21.070662,23.57169,24.536879,20.509327,16.632141,13.2433815,12.957897,9.268667,9.370033,6.9524436,9.758735,12.303531,15.594187,16.236849,19.833641,14.269018,13.082658,14.339106,15.170408,12.713442,16.082243,15.795966,20.584616,25.235706,24.099274,20.990604,24.569061,18.34499,21.128813,18.725903,20.441898
29,21.995817,18.226486,18.885056,13.647343,13.492712,14.412365,13.69241,16.550526,15.285142,20.9182,19.32291,25.020443,23.48294,20.192013,19.759506,14.665492,13.520658,10.368272,8.740242,8.321876,8.017057,10.960862,9.526036,13.838318,14.335245,12.653058,12.466997,5.7288756,4.182102,0.0,4.978898,5.450633,11.451736,13.250125,16.277071,19.114992,20.508991,19.632107,16.12949,14.132251,10.91384,10.65603,7.0626116,7.5369644,8.367517,10.854836,12.547039,16.166752,18.590921,20.563204,18.699415,19.851547,24.823511,24.098728,24.454857,22.89332,18.997091,22.011023,22.540052,28.01077,23.702291,28.273119,28.183243,32.775333,31.068596,27.87185,30.243147,29.351254,29.70271,28.562037,27.491634,28.337536,22.810322,27.512568,24.067856,26.898092,26.418728,22.286627,26.677286,21.681273,23.840132,24.187119,20.530472,17.174547,14.2106695,14.790805,11.779928,13.0598955,10.979862,13.912562,16.215084,19.647957,20.065489,23.942005,18.375006,16.845516,17.9209,18.050295,14.707152,17.479185,16.45691,20.85581,25.52268,24.348482,21.414373,25.58758,19.715397,22.497179,20.753553,22.183794
30,22.871761,18.9198,18.5877,13.67277,12.22455,12.966819,10.526453,13.056136,10.854353,16.657928,14.871749,20.499163,19.586145,16.571156,16.442707,11.073404,11.076044,7.208365,8.148291,7.947382,10.173947,13.148426,13.108666,17.37389,17.721523,16.445827,14.466849,9.133592,5.442582,4.978898,0.0,6.544215,8.7276945,12.441327,14.338874,17.431028,19.29787,17.941935,15.335443,12.65505,11.471923,9.149492,8.60619,6.4467206,10.751368,11.454084,14.492586,17.778137,19.155392,21.972755,19.977823,19.422949,25.12636,24.893831,24.183123,22.766378,18.089355,20.578674,20.22462,25.321451,20.17769,24.549139,24.37405,28.82591,27.705006,24.253046,27.157722,26.90209,26.935732,26.687105,24.840738,25.077929,19.261885,23.485466,19.67513,22.311798,21.578293,17.444033,21.811058,16.94995,19.381592,20.172783,16.644796,13.045365,9.596426,11.250876,7.803565,10.692903,9.649322,13.452094,16.226679,19.056559,18.299316,22.295338,16.722885,14.152799,15.34771,14.424005,10.407795,13.368984,11.634913,16.220959,20.91892,19.484531,16.48322,20.64962,14.888435,17.946934,16.578554,18.454042
31,24.878271,21.502234,21.028845,15.959501,15.858036,14.671878,15.112265,15.757427,14.290531,18.984446,16.929535,22.393682,20.238207,16.610685,16.985518,12.1437645,11.421744,9.806726,8.890214,10.769276,11.014258,14.6051445,13.886189,18.160578,19.268475,17.55896,17.91348,11.089753,9.292331,5.450633,6.544215,0.0,7.498582,7.930014,11.295064,13.913326,15.235814,14.769673,11.408176,10.151703,7.2733026,8.863984,7.92577,9.47572,12.014273,15.776694,17.073,21.375954,23.772104,25.582968,23.200272,24.380175,29.410004,28.211329,28.072994,26.070877,22.104925,24.173304,24.654144,30.031986,25.367315,29.94565,30.276442,34.865524,34.06793,30.73004,33.700275,33.353733,33.35663,32.792553,30.94912,31.223358,25.628637,29.6298,25.66936,28.19391,26.95294,22.7344,26.325817,21.111765,22.900984,22.647331,19.802776,17.223742,14.764862,16.775368,14.301753,17.013575,15.426204,18.812485,21.080458,24.412899,24.065538,28.347256,22.846827,20.604504,21.684784,20.746153,16.444035,18.533623,16.25669,19.937752,24.425272,22.983713,20.376757,25.02994,19.914503,22.559906,21.829147,22.965237
32,29.123552,25.699581,24.011791,19.537794,18.239864,16.148592,15.246651,13.749866,10.680457,14.021655,10.697163,15.437012,14.089001,10.439762,12.965491,8.261423,10.381855,9.654539,12.037174,14.428982,16.616373,20.200863,20.416664,24.775845,25.663425,24.09456,22.959488,16.956928,13.906398,11.451736,8.7276945,7.498582,0.0,6.1313624,5.7867017,9.23596,10.990496,9.5669155,8.298931,6.2650704,8.458422,7.524529,11.64226,11.189899,16.57101,19.374567,21.420004,25.80476,27.310598,29.646292,26.82424,26.5519,32.079338,31.03309,29.554762,27.468672,22.936794,23.725325,23.334696,28.01557,22.62028,26.800247,27.504646,31.840063,32.39771,29.03214,32.893784,33.56455,33.23813,33.98169,31.152035,30.445324,24.666412,27.477047,22.91605,24.646936,22.506731,18.295244,20.717773,15.579747,17.01545,16.559727,14.811009,13.1569395,11.511514,15.290545,13.931026,18.23804,18.035954,21.992443,24.711903,27.352907,25.748285,29.937956,24.54117,21.224827,22.027908,19.500956,14.44891,15.43549,11.693969,14.147908,18.228146,16.579027,14.493406,19.733896,16.020224,18.898674,19.58862,21.124388
33,29.299534,26.476238,24.559536,20.242643,19.991783,16.567528,18.142733,15.714857,14.34295,16.624834,14.321377,18.818214,15.524528,11.735641,13.453687,10.290617,10.653717,11.908904,12.484906,15.9287615,17.003464,20.73211,21.016594,25.162056,26.799442,25.306135,25.662867,18.94039,16.67611,13.250125,12.441327,7.930014,6.1313624,0.0,4.990026,6.219907,8.392635,9.238036,7.9313297,8.7091875,9.159826,11.770182,14.286845,15.53437,19.3811,23.162981,24.631721,29.112715,31.205194,33.22295,30.558933,31.225586,36.49848,35.160133,34.33846,32.090855,27.938711,28.96197,29.028585,33.912468,28.706047,32.92857,33.569252,37.85032,38.21782,34.629578,38.215557,38.580925,37.987457,38.193542,35.29571,34.791107,29.446114,32.300865,27.93242,29.99376,27.819496,23.98844,26.281967,21.404818,22.718573,21.90099,20.64857,19.269014,17.49676,21.103973,19.018188,22.928911,21.78873,25.523218,27.676012,30.76153,29.391657,34.118694,28.964865,25.969412,27.237389,25.160017,20.194416,21.526932,17.647598,19.948927,23.738853,21.642462,19.72912,24.369604,20.80631,22.827713,23.548723,24.131197
34,33.123997,30.093987,27.927172,23.74329,22.826334,19.58377,19.919945,16.913029,14.42879,15.708569,12.330462,15.609135,13.399913,9.740467,13.605175,10.823949,12.974112,14.036071,16.016098,19.153734,20.938387,24.64881,24.911581,29.193436,30.439598,28.786478,28.339567,21.966537,19.28245,16.277071,14.338874,11.295064,5.7867017,4.990026,0.0,3.9047256,5.4532065,5.0581756,6.0627384,6.755,10.115885,11.318038,15.813898,16.375935,21.261406,24.902992,26.451443,31.201195,32.940598,34.987965,31.928097,32.078487,37.41074,35.951923,34.413483,32.04071,27.809633,27.99802,27.786911,32.225285,27.011686,30.985271,32.040867,36.219612,37.402397,34.07701,38.168877,39.08311,38.565754,39.501545,36.332184,35.350456,29.797253,32.04981,27.385567,28.78341,26.11653,22.226748,23.523014,18.749886,19.449152,18.15153,17.761272,17.323153,16.532185,20.533775,19.59566,24.009537,23.73294,27.672928,30.233902,32.960274,31.18896,35.570774,30.29297,26.887339,27.681108,24.866484,19.7639,20.125385,16.044384,17.114595,20.319052,18.592787,17.313908,22.432423,19.98635,22.317173,23.802984,24.853683
35,34.21405,31.559109,28.957258,25.1463,24.511053,20.472097,21.803524,17.895857,16.214676,16.340317,13.677769,16.381239,12.987404,9.687965,13.302815,12.026336,13.7350025,15.90293,17.578585,21.14991,22.80051,26.498653,27.113825,31.274677,32.905693,31.425276,31.375034,24.843006,22.244516,19.114992,17.431028,13.913326,9.23596,6.219907,3.9047256,0.0,4.593379,6.512096,8.688294,10.393855,13.243847,15.159903,19.273958,20.064196,24.688152,28.336428,29.936285,34.566887,36.35799,38.498436,35.568398,35.750492,41.14414,39.731686,38.289207,35.922195,31.688965,31.894049,31.619623,35.950054,30.579494,34.385067,35.33276,39.308685,40.628624,37.08553,41.14222,42.099243,41.25509,42.16776,38.6763,37.576878,32.37234,34.3148,29.733253,31.188637,28.366564,24.90894,25.92775,21.595541,22.305061,21.035683,21.165817,20.868315,19.916933,24.173721,22.781612,27.248884,26.671492,30.584274,32.86314,35.65097,33.669712,38.37367,33.37658,29.92759,31.052267,28.21259,23.097692,23.640923,19.159304,20.02398,22.877544,20.63761,19.575586,24.08735,22.119207,23.81553,25.615454,26.11243
36,37.61367,34.78853,32.640682,28.481724,27.904408,24.322775,25.260595,21.94909,19.727674,20.251865,16.92185,18.990692,16.72612,13.54733,17.735817,15.909824,17.732443,19.264795,20.716726,24.043274,25.29311,29.02801,28.948444,33.11778,34.457855,32.583282,32.752182,26.1454,23.914263,20.508991,19.29787,15.235814,10.990496,8.392635,5.4532065,4.593379,0.0,3.7554948,6.387743,9.276719,12.259094,14.8353,19.137505,20.571045,24.815243,29.346243,30.230156,35.414215,37.482983,39.047215,35.695423,36.501205,41.477375,39.485126,38.026463,35.35146,31.578827,31.317015,31.512897,35.87612,31.165546,35.11214,36.5625,40.77351,42.280617,39.178696,43.397533,44.36941,43.96206,44.907677,41.78465,40.766354,35.2,37.326653,32.609608,33.762856,30.874428,27.01106,27.617811,22.98419,23.004602,20.923471,21.24788,21.619305,21.50239,25.234434,24.848625,29.147772,28.863335,32.739082,35.298645,38.159805,36.566906,40.91662,35.50528,32.186577,32.750755,29.90833,24.844824,24.704165,20.9412,21.22937,23.794203,22.544516,21.818666,26.971312,25.154133,27.3683,29.114721,30.022038
