,0,1,2,3,4,5,6,7,8,9,10,11,12,13,14,15,16,17,18,19,20,21,22,23,24,25,26,27,28,29,30,31,32,33,34,35,36,37,38,39,40,41,42,43,44,45,46,47,48,49,50,51,52,53,54,55,56,57,58,59,60,61,62,63,64,65,66,67,68,69,70,71,72,73,74,75,76,77,78,79,80,81,82,83,84,85,86,87,88,89,90,91,92,93,94,95,96,97,98,99,100,101,102,103,104,105,106,107,108,109
0,0.0,4.6616106,6.9331603,9.436006,12.501322,14.079389,17.900213,22.292305,24.728899,27.972685,31.687922,36.12871,32.76984,30.964352,26.364227,24.62354,20.616186,19.387936,13.951991,13.831667,12.342612,9.765484,11.198577,15.209433,16.465332,17.756859,19.163857,19.150333,23.045073,20.719648,27.489563,24.207813,30.687729,31.04414,33.00197,34.6386,31.860548,32.143288,27.448511,24.651014,28.896643,24.004639,26.566954,24.82768,27.431774,23.674438,23.647478,23.238789,22.164856,21.015379,18.674911,18.726433,20.027504,15.963365,18.40683,18.647013,22.212305,24.70188,28.65359,31.961945,34.95459,29.687525,34.87318,34.284367,36.930958,37.539146,40.94586,45.76096,45.35864,43.057423,43.680496,40.398483,41.34311,36.835384,41.631763,36.97499,42.288513,38.98987,41.76022,43.81844,45.139534,42.351696,38.588436,37.487972,33.54055,33.200485,29.647774,29.295122,26.501242,24.519617,22.994379,23.148987,23.520742,26.223162,26.957993,27.531013,29.1442,31.569334,31.449326,33.50429,34.29285,35.723755,36.83617,34.75403,33.242054,30.022667,27.008604,29.012383,25.435165,28.460476
1,4.6616106,0.0,4.7249546,5.975646,8.332826,11.178436,13.7652235,18.862871,21.05733,24.359972,28.256758,32.618958,29.847158,28.222988,23.690502,21.649195,17.864498,16.147102,12.070496,10.886369,10.936699,7.959025,10.936741,14.056341,14.293557,16.118654,16.47405,16.960428,20.464891,18.652029,25.17003,22.30895,29.020603,29.05463,31.605772,33.548454,31.294977,31.834797,27.174664,24.373407,28.433681,24.022923,25.718487,24.564196,26.629448,22.399342,23.63299,22.605429,20.69122,19.135347,16.381094,16.012102,16.429302,12.115446,14.752273,15.73245,19.124983,22.108887,25.986935,29.1605,31.686384,26.076948,31.035482,30.110746,32.637398,33.11261,36.44149,41.298077,40.99883,38.78445,39.61107,36.422432,37.601677,33.28358,38.294376,33.95414,39.44635,36.742153,39.473045,41.82427,43.2935,40.861465,37.102745,35.48055,31.474264,30.717812,27.648209,26.477411,24.034945,21.476944,19.861475,19.489887,19.541536,22.1009,23.346523,23.990843,25.129864,27.684843,28.066616,29.98292,30.377213,31.821405,32.916702,30.560556,29.05591,25.666937,22.623396,24.439835,20.85723,23.905567
2,6.9331603,4.7249546,0.0,5.130278,7.2241836,7.4753704,12.139983,15.550899,18.491606,21.420952,25.437344,29.484125,26.23794,24.755304,19.90563,18.600912,14.830485,14.092309,9.929435,10.782782,11.555183,9.860316,13.1505995,15.500769,15.538304,16.58339,15.965154,15.426607,18.47344,15.775184,22.19542,18.354898,25.209862,24.846704,27.393093,29.16977,26.845797,27.604036,23.044172,20.458641,24.857054,20.867393,22.966099,22.440647,24.904884,21.230864,23.099407,22.83223,21.284227,18.662302,16.881218,15.065909,15.918556,12.66961,13.175085,13.440305,16.672333,19.535934,23.527605,26.759085,29.263994,24.342667,29.055408,28.841127,31.102018,32.5999,35.703136,40.308083,40.386047,38.288662,38.83543,35.86073,36.687973,32.416836,37.191147,32.92033,38.29352,35.20142,38.540825,40.417805,42.454258,40.185444,36.77153,35.291588,31.375683,30.927637,28.036047,27.242647,25.496756,23.025951,22.082766,21.164577,20.181334,23.301418,25.039415,24.554111,25.371037,29.01089,29.331028,30.167803,30.585642,32.76509,34.229008,31.70043,29.78698,26.774239,22.739162,24.348965,20.315697,22.86782
3,9.436006,5.975646,5.130278,0.0,3.7757428,6.551681,8.76958,13.921834,15.539264,19.066244,22.582804,27.323044,24.453161,22.596144,18.416517,15.867169,12.079869,10.19348,6.8079257,5.7878485,7.6753435,6.30964,10.316211,11.491683,10.819185,12.137703,11.149199,11.374563,14.569883,12.9917345,19.345388,17.190971,23.738491,24.13163,26.775246,29.069185,27.356932,27.806059,23.205753,20.316107,23.86073,19.92459,20.706253,20.131807,21.775648,17.466087,20.017729,18.97655,16.797966,14.21978,12.025682,10.425015,11.042669,7.68689,8.987668,9.77028,13.17974,16.180351,20.02855,23.186495,25.779755,20.312391,25.450668,24.949545,27.719381,28.632572,32.08524,36.757084,36.33032,34.034855,34.482857,31.317873,32.174477,27.790613,32.655468,28.317354,33.77789,31.05308,34.031948,36.273846,38.064644,35.897964,32.359856,30.587585,26.629095,25.959122,23.216331,22.134195,20.49693,17.982714,17.303967,16.323097,15.328231,18.703629,20.17523,19.486519,20.592072,24.214489,24.265146,25.158834,25.753647,27.912214,29.471216,27.213678,25.191101,22.575863,18.469946,20.675425,17.02216,20.169046
4,12.501322,8.332826,7.2241836,3.7757428,0.0,5.832614,5.43998,11.39709,12.901887,16.339205,20.218876,24.64622,22.469439,20.98687,16.848305,14.263979,11.061662,8.813534,8.436907,6.687533,10.288659,9.114119,13.306381,13.692252,12.068673,13.680303,11.247695,11.874759,14.064223,13.033927,18.621572,16.699348,23.32241,23.10168,26.366203,28.817188,27.592117,28.384422,24.022823,21.36838,24.745213,21.534245,21.661821,21.808714,22.998959,18.59519,22.202553,20.827393,18.070362,15.0906315,12.823136,10.43469,9.547545,6.5111027,6.9731765,8.982445,11.746783,15.358718,18.997534,21.91349,23.807333,18.108,22.771053,21.964336,24.434746,25.455776,28.710281,33.400414,33.259865,31.130735,31.823298,28.853176,29.95864,25.87812,30.935953,27.068205,32.653343,30.562847,33.58462,36.00766,38.038746,36.283783,32.872124,30.634605,26.724554,25.657166,23.568005,21.63289,20.571774,17.486267,16.807564,15.063026,13.339378,16.510565,18.81189,18.05628,18.325102,22.293194,23.041489,23.555109,23.578056,25.858303,27.414757,24.74821,22.700144,19.88665,15.532857,17.304884,13.440504,16.445963
5,14.079389,11.178436,7.4753704,6.551681,5.832614,0.0,7.182744,8.38754,11.449271,14.190331,18.092495,22.154676,18.805513,17.362545,12.558027,11.320788,7.8952775,8.117513,7.047985,9.335774,12.237103,12.343125,16.034248,16.266773,15.178708,15.473838,12.6026,11.242995,12.776348,9.901157,15.494014,11.7276325,18.693596,18.075512,21.162266,23.36026,21.917278,22.907843,18.643942,16.26594,20.118546,17.43255,18.321812,19.213417,21.135103,17.810751,21.675076,21.565979,19.776728,15.734881,15.143181,11.205873,11.83542,10.939248,7.8726163,7.532543,9.997498,13.0402565,16.918543,20.00841,22.171484,17.875097,22.241045,22.784983,24.90987,27.44838,30.372395,34.595596,34.883945,32.888786,33.03962,30.354517,30.78678,26.718552,31.21717,27.299826,32.54285,29.585613,33.456066,35.05631,37.771233,36.06581,33.13693,31.38883,27.687521,27.29613,25.192091,24.30643,23.888039,21.398859,21.517601,19.684048,17.15147,20.882505,23.252136,21.120466,21.31446,26.378248,26.67791,25.893454,26.227325,29.375685,31.35467,28.74247,26.256262,24.140596,18.825922,20.351185,16.164028,18.221758
6,17.900213,13.7652235,12.139983,8.76958,5.43998,7.182744,0.0,7.635438,7.910128,11.41081,15.279408,19.654839,18.248775,17.027689,13.519377,10.519023,8.619146,6.1148047,10.180731,8.690026,13.34191,13.217893,17.187878,16.218916,13.71438,14.929813,10.64557,11.323977,11.684882,11.695105,15.626546,14.788505,20.874504,20.34264,24.154257,26.92579,26.574432,27.561668,23.65922,21.315742,23.974283,21.893187,20.822731,21.978481,22.418888,18.21538,23.257143,21.72297,18.590483,14.897025,13.357748,9.687335,7.2588162,7.114453,3.9807658,7.2011685,8.335547,12.402045,15.485684,17.975454,19.063112,13.321442,17.490227,16.745108,19.079134,20.654297,23.764578,28.281036,28.334417,26.32747,26.944193,24.233932,25.30951,21.5618,26.61819,23.317797,28.891876,27.452057,30.640213,33.10064,35.549694,34.385044,31.327984,28.637936,24.95085,23.625826,22.492691,19.954912,20.10645,16.826477,16.912024,14.229328,10.971717,14.31122,17.449457,15.544041,14.782923,19.879435,21.010283,20.249483,19.826857,22.782274,24.660315,21.763817,19.32269,17.136568,11.719155,13.226351,9.22298,11.95251
7,22.292305,18.862871,15.550899,13.921834,11.39709,8.38754,7.635438,0.0,5.113467,6.158222,10.855808,13.966457,11.649885,11.272686,6.912524,6.772625,6.992632,8.412683,12.898364,14.418,18.480427,19.156868,22.888369,21.812178,19.709827,19.79167,15.034735,13.761722,12.299471,10.8103,12.541131,9.810853,15.629939,13.502762,17.97869,20.574348,20.773554,22.390795,19.267803,17.8192,20.447577,20.055008,19.199419,21.834717,22.682537,19.993374,25.650202,25.347834,23.110647,18.393492,18.621506,13.605119,12.615982,14.285101,8.716874,8.902481,7.8801208,10.938722,13.5313225,15.684579,16.094503,12.95833,15.504816,16.804596,17.984385,22.120014,24.308998,27.928745,28.955778,27.407505,27.429817,25.479671,25.743448,22.536148,26.697128,23.967978,28.922049,26.95374,31.231558,32.66375,36.183556,35.464573,33.212482,30.879818,27.649551,26.953522,26.280382,24.623585,25.76329,23.04881,23.879145,21.04425,17.042858,20.444311,23.813612,20.488607,19.13853,25.368246,26.328238,23.730103,23.294514,27.28971,29.58818,26.624847,23.788664,22.506,16.379417,16.869122,12.918311,13.348881
8,24.728899,21.05733,18.491606,15.539264,12.901887,11.449271,7.910128,5.113467,0.0,4.1186156,7.3991265,12.109107,10.88525,9.885372,7.9872813,4.999101,6.9350157,7.0593753,13.677429,14.104278,18.442822,19.578234,23.036064,20.995672,18.38065,18.361074,12.99989,12.397156,9.761688,10.45712,10.548765,11.275811,15.6109085,14.811027,18.995138,22.092257,23.013615,24.133844,21.193003,19.555727,20.971525,20.837954,18.461397,21.193146,20.961622,18.054758,24.416616,23.521908,20.883919,16.28103,16.731955,11.842899,10.102833,13.315449,7.574599,8.216509,5.5998783,8.52536,10.173549,11.8515835,11.868701,7.8903694,10.897596,12.198273,14.166479,17.982027,20.571411,24.166573,24.59014,22.814207,22.571772,20.492426,20.666122,17.4356,21.682076,19.135948,24.169943,22.883402,26.84158,28.644257,32.05034,31.66438,29.489902,26.761095,23.70501,22.746119,22.731356,20.698019,22.541306,19.984047,21.38696,18.357273,13.913053,17.353153,20.56969,16.482996,14.911994,21.559454,22.299822,19.002909,18.609632,22.954151,25.486397,22.84646,19.749529,19.404348,12.98241,13.999224,10.964185,11.775549
9,27.972685,24.359972,21.420952,19.066244,16.339205,14.190331,11.41081,6.158222,4.1186156,0.0,5.318806,8.309211,7.882251,8.247701,7.1272426,6.7233577,9.810058,10.98,17.178278,18.118668,22.379839,23.502098,27.006397,25.043217,22.483133,22.332981,16.976534,16.024122,12.921221,13.171442,11.641491,11.808683,15.133285,13.082575,17.778547,20.726809,22.250544,23.788652,21.527096,20.505644,21.722052,22.580297,20.246819,23.61259,23.427406,21.203743,27.6877,27.128183,24.702148,19.983032,20.762384,15.790321,14.169292,17.336157,11.627926,11.903441,9.024209,10.885137,11.589468,12.458814,11.112722,9.409354,9.978806,12.276962,12.972216,18.256603,20.016703,22.986341,24.178534,22.856312,22.510494,21.112383,21.058462,18.602781,22.25601,20.542843,25.058022,24.039358,28.324978,29.704351,33.60671,33.637432,31.914276,29.208376,26.488747,25.621168,26.03713,24.040842,26.273825,23.760715,25.221434,22.041334,17.460218,20.475376,23.982365,19.763498,17.613867,24.3566,25.399902,21.43826,20.667297,25.237417,27.797825,24.989098,21.9109,21.793566,15.530485,15.630219,12.878118,12.281364
10,31.687922,28.256758,25.437344,22.582804,20.218876,18.092495,15.279408,10.855808,7.3991265,5.318806,0.0,6.442211,6.396599,6.0910325,8.751038,7.7387323,11.793205,13.080144,19.451708,20.494324,24.41971,26.1556,29.200735,26.534948,23.953424,23.251955,17.913872,16.819685,12.72769,14.053679,9.954876,12.9003725,13.711036,13.015636,16.89951,20.134222,22.502687,23.557594,21.904642,21.087082,20.925024,22.657328,19.145144,22.944073,21.947914,20.483084,27.29912,26.840015,24.70072,20.05817,21.684202,16.923407,15.779011,19.956856,14.314653,13.89992,10.302507,10.299559,9.053354,8.552545,6.042834,7.41942,6.750248,11.071402,12.209968,17.788216,19.559792,21.743555,22.388454,20.971378,19.68226,18.53386,17.561878,15.408923,18.097845,16.836662,20.697159,19.873547,24.3278,25.359535,29.609076,30.118828,28.954666,26.29702,24.133688,23.547892,24.612686,23.12009,26.13972,24.300379,26.477316,23.44748,18.820335,21.878233,24.791685,19.598324,17.69148,24.63336,24.963762,19.83713,19.550964,24.636919,27.529179,25.380495,22.052338,23.242678,17.094687,17.70176,16.060787,15.603681
11,36.12871,32.618958,29.484125,27.323044,24.64622,22.154676,19.654839,13.966457,12.109107,8.309211,6.442211,0.0,6.516774,9.248863,11.729024,13.100027,17.023539,18.698769,24.829239,26.08269,30.177235,31.60282,34.920464,32.57819,29.97696,29.466679,24.087471,22.917326,18.99646,19.58581,15.404221,16.579336,16.643147,13.8583975,18.165422,20.779652,23.775566,25.517738,24.754158,24.693865,24.702219,27.262287,24.31378,28.48874,27.797829,26.740595,33.465977,33.224308,31.106565,26.423298,27.881313,23.02201,21.558817,25.278877,19.645647,19.497183,16.131893,16.362757,15.134342,14.158532,10.365326,13.251137,9.712766,13.764139,12.48792,19.50138,19.77471,20.874567,22.973099,22.461506,21.449211,21.451187,20.608778,19.841482,21.782646,21.86471,24.92062,24.754004,29.235893,29.837667,34.474552,35.466644,34.733368,32.059994,30.19613,29.516088,30.91378,29.112919,32.243057,30.126997,32.03602,28.753263,24.039217,26.495184,29.965492,25.187532,22.50811,29.197104,30.261993,24.973759,23.928104,28.84547,31.53627,28.97368,25.909214,26.878256,21.166475,20.528357,19.041704,17.115915
12,32.76984,29.847158,26.23794,24.453161,22.469439,18.805513,18.248775,11.649885,10.88525,7.882251,6.396599,6.516774,0.0,3.7761557,6.571168,9.421201,13.143151,15.993305,20.919153,23.402418,26.906305,28.71196,31.761211,29.62092,27.55884,26.483969,21.522078,19.368954,15.667356,15.037181,10.727867,10.740257,10.342507,7.549288,11.844591,14.6673355,17.455256,19.055883,18.273146,18.373772,18.40986,21.253853,18.848505,23.243834,23.211279,22.82183,29.133581,29.711807,28.341724,23.31649,25.424263,20.227257,20.079502,23.719332,17.592854,16.240108,13.138567,12.552346,11.879486,11.814035,10.506073,13.442374,12.7609625,17.227638,17.446764,23.731518,24.93517,26.635048,27.987432,26.900284,25.484175,24.68335,23.347885,21.344255,23.273111,21.888964,25.07213,23.01427,28.200668,28.154669,32.948463,33.29553,32.524315,30.592182,28.538036,28.595057,29.107012,28.505184,31.192793,29.512457,31.564644,28.688002,24.163393,27.51715,30.46682,25.351513,23.786398,30.74829,30.938057,25.950783,25.908546,30.979292,33.85241,31.573177,28.289925,29.035576,22.752892,23.0793,20.702986,19.809353
13,30.964352,28.222988,24.755304,22.596144,20.98687,17.362545,17.027689,11.272686,9.885372,8.247701,6.0910325,9.248863,3.7761557,0.0,5.501672,6.9823627,10.697105,13.658131,18.320528,20.974346,24.167023,26.30202,29.060516,26.690033,24.773195,23.389294,18.6293,16.237091,12.412764,11.940802,6.993739,8.499652,7.8139744,7.4417963,10.839065,14.151387,16.591198,17.552301,16.293997,15.954241,15.557752,18.162096,15.262664,19.637438,19.447136,19.18404,25.487164,26.166117,25.0276,20.000994,22.48084,17.36396,17.81079,21.704554,15.61769,13.722444,10.585726,9.195557,8.406632,8.750763,9.023462,11.647857,12.531076,17.019655,18.263102,23.799498,25.646378,27.680614,28.297874,26.79937,25.115759,23.81737,22.24779,19.598808,21.56621,19.419731,22.749207,20.007143,25.297184,25.238523,29.89478,29.955708,29.076561,27.354124,25.244608,25.575104,25.821165,25.744158,28.361052,27.038239,29.319508,26.710499,22.364225,26.074419,28.534231,23.144608,22.232027,29.189177,28.785322,23.87777,24.42701,29.536837,32.519196,30.599499,27.206358,28.176664,21.796751,22.838978,20.476467,20.363811
14,26.364227,23.690502,19.90563,18.416517,16.848305,12.558027,13.519377,6.912524,7.9872813,7.1272426,8.751038,11.729024,6.571168,5.501672,0.0,5.2283783,7.5360026,11.085005,14.884265,17.976315,21.231712,22.906574,25.998344,24.3819,22.671997,21.650105,17.059061,14.495891,11.835937,9.711488,8.339005,5.17159,9.077384,6.9802513,11.34709,14.228333,15.262772,16.745417,14.474033,13.763812,15.292598,16.645552,15.350364,19.128092,19.985947,18.93964,24.765417,25.494774,24.238218,19.090641,20.906654,15.548823,16.065662,18.943913,12.803786,10.92816,8.759379,9.034153,10.572152,12.361435,13.304929,13.231264,15.241608,18.554008,19.760996,24.943378,26.95536,29.705215,30.602413,29.059345,28.069017,26.413275,25.556622,22.446487,25.390938,22.664162,26.74624,23.77734,28.851912,29.205568,33.423218,32.89955,31.396116,29.693699,26.993874,27.13692,26.615337,26.280344,28.071142,26.268457,27.939404,25.36327,21.21518,25.054918,27.804998,23.215052,22.381268,29.143923,29.139368,25.30418,25.628847,30.32787,33.05877,30.688559,27.481302,27.379707,20.946787,21.859879,18.597282,18.716925
15,24.62354,21.649195,18.600912,15.867169,14.263979,11.320788,10.519023,6.772625,4.999101,6.7233577,7.7387323,13.100027,9.421201,6.9823627,5.2283783,0.0,4.153689,6.70683,11.966588,14.074502,17.56721,19.474062,22.430387,20.226988,18.188652,17.213593,12.274273,10.205546,7.0549483,6.636451,5.933026,7.017352,10.997614,11.491838,14.8696375,18.110678,18.94418,19.640812,16.701086,15.044475,16.02306,16.234785,13.729567,16.900742,16.955002,14.948907,21.260603,21.2522,19.525562,14.466541,16.182055,10.890526,11.254739,14.804305,8.701012,6.8778105,3.8112967,4.632854,6.863338,9.314779,11.15087,9.049467,12.845785,15.505164,17.844374,21.855947,24.58615,27.787802,27.846832,25.884335,24.887743,22.687176,21.99178,18.31532,21.78872,18.509195,23.13035,20.435118,25.021275,26.080639,29.776232,29.103018,27.188976,25.159655,22.238037,22.1352,21.62221,21.059887,22.893879,21.172365,23.065865,20.576004,16.478811,20.532452,22.89851,18.111603,17.691032,24.391506,24.041698,20.403378,21.045637,25.662971,28.438438,26.38479,23.114029,23.30565,16.881887,18.584373,15.684592,16.773087
16,20.616186,17.864498,14.830485,12.079869,11.061662,7.8952775,8.619146,6.992632,6.9350157,9.810058,11.793205,17.023539,13.143151,10.697105,7.5360026,4.153689,0.0,4.154957,7.8816853,10.597648,13.817496,15.684694,18.645655,16.862854,15.1789465,14.241199,9.82252,7.351371,6.113168,3.9156623,7.7606573,6.976432,12.607679,13.5141535,16.365627,19.339003,19.17457,19.652525,15.9240055,13.637008,15.552432,14.316056,12.81058,15.030109,15.789713,13.132181,18.790468,18.845158,17.232847,12.2043915,13.555101,8.227986,9.552531,12.151099,6.383171,3.4666631,3.1289127,5.2814007,9.07101,12.1888075,14.872211,11.580986,16.299871,18.117828,20.787117,23.962074,27.039131,30.68917,30.511326,28.357906,27.625484,25.027224,24.624624,20.493713,24.339031,20.405752,25.301678,22.124655,26.418983,27.668283,30.86534,29.603195,27.215712,25.444403,22.140223,22.128553,20.751373,20.482,21.457384,19.719488,21.255072,19.149012,15.624753,19.946428,21.974796,17.825562,18.132545,24.316122,23.760952,21.206173,22.131948,26.264626,28.849638,26.831928,23.742304,23.316545,17.14168,19.26188,15.939502,17.779716
17,19.387936,16.147102,14.092309,10.19348,8.813534,8.117513,6.1148047,8.412683,7.0593753,10.98,13.080144,18.698769,15.993305,13.658131,11.085005,6.70683,4.154957,0.0,7.1784315,7.509106,11.498976,13.100866,16.226208,14.126077,11.869459,11.594819,6.6419344,5.9114356,5.658772,6.203437,10.294759,11.125645,16.372517,17.474358,20.406895,23.451738,23.280388,23.617306,19.729322,17.16232,18.909916,16.94746,15.0063715,16.323166,16.443651,12.562189,18.22793,17.204475,14.70665,10.109572,10.347799,5.21343,5.451944,8.262364,2.6182797,1.7532746,3.214685,6.7437916,10.206772,13.153999,15.62464,10.556714,15.977514,16.616194,19.799995,21.78151,25.26662,29.332773,28.719276,26.369549,25.990797,23.045877,23.158354,18.825022,23.287912,19.230745,24.574158,22.127794,25.679546,27.701563,30.298368,28.962137,26.111273,23.87835,20.293684,19.71322,18.317131,17.2273,17.91609,15.797491,17.16338,15.008124,11.61782,16.001532,17.9238,14.195814,14.706685,20.517021,20.076548,18.266874,19.106443,22.821068,25.249151,23.267944,20.311586,19.670776,13.763625,16.381771,13.302306,15.952443
18,13.951991,12.070496,9.929435,6.8079257,8.436907,7.047985,10.180731,12.898364,13.677429,17.178278,19.451708,24.829239,20.919153,18.320528,14.884265,11.966588,7.8816853,7.1784315,0.0,5.618291,6.7374783,8.768444,11.292762,10.543647,10.143679,9.276929,7.830472,5.803116,9.340748,7.009437,13.76343,12.437752,18.159235,19.901901,21.689257,24.17433,22.660185,22.510462,17.919735,14.775515,17.565422,13.638083,13.919838,13.490058,15.239098,11.5020895,14.701612,14.665835,13.476157,9.620069,9.765771,6.6196632,9.867652,9.592271,7.8956885,5.7705016,9.327295,10.945687,14.852978,18.220284,21.778036,17.381166,23.002382,23.73349,26.948952,28.605854,32.223846,36.433506,35.65929,33.176865,32.74762,29.557827,29.526268,24.846699,29.008324,24.219582,29.266556,25.552662,29.015526,30.622969,32.730106,30.474995,27.301197,26.078966,22.329515,22.501291,19.595541,20.045359,19.220383,17.830095,18.620394,17.711191,15.9546585,20.266336,21.15377,18.504665,20.273588,24.942654,23.78462,23.31563,24.825441,27.887865,30.04752,28.407734,25.785442,24.58102,19.501839,22.326979,18.975485,21.933384
19,13.831667,10.886369,10.782782,5.7878485,6.687533,9.335774,8.690026,14.418,14.104278,18.118668,20.494324,26.08269,23.402418,20.974346,17.976315,14.074502,10.597648,7.509106,5.618291,0.0,4.799628,5.737197,8.97532,7.6409087,5.8737535,6.9968424,5.598272,7.0590887,10.575849,10.760488,16.587511,16.784496,22.353634,23.93596,26.272984,29.016241,27.902939,27.845469,23.361156,20.248398,22.56803,18.765936,17.986551,17.204273,17.771366,12.838178,16.097475,14.219232,11.423122,8.846674,6.3611293,5.3220377,6.6148076,4.505393,6.6063356,7.275782,10.556477,13.030823,16.467607,19.489042,22.488777,16.716454,22.502333,21.975248,25.49872,25.79503,29.708015,34.28426,33.10227,30.498926,30.559002,27.116602,27.744125,23.096342,27.84575,23.221178,28.647177,26.071205,28.620182,31.15905,32.614597,30.463917,26.815325,24.884687,20.902775,20.198751,17.454596,16.527054,15.10299,13.008528,13.233177,12.418919,11.417783,15.405368,16.041513,14.51139,16.47923,20.198174,19.345993,20.088533,21.318098,23.619158,25.446089,23.840353,21.556435,19.960503,15.713166,18.898775,16.069017,19.732079
20,12.342612,10.936699,11.555183,7.6753435,10.288659,12.237103,13.34191,18.480427,18.442822,22.379839,24.41971,30.177235,26.906305,24.167023,21.231712,17.56721,13.817496,11.498976,6.7374783,4.799628,0.0,3.7329726,4.8991504,4.2685976,5.2185984,5.4476137,7.923171,8.6723,13.089057,12.75583,18.950863,19.017427,24.19766,26.480556,28.05737,30.584955,28.962118,28.434685,23.789234,20.461658,22.731176,18.030119,17.969952,15.936218,16.95926,12.252435,13.332902,11.729417,10.013514,8.886499,6.7113914,8.056579,10.803059,8.657831,11.184959,10.759819,14.184802,15.744524,19.127392,22.250166,25.92578,20.583515,26.621294,26.319693,30.04974,30.123714,34.18554,38.730976,37.227276,34.47498,34.312756,30.700611,31.081793,26.21958,30.613096,25.536507,30.637297,27.364275,29.647543,31.977953,32.944336,30.211687,26.36977,25.146374,21.206745,21.071703,17.399065,17.802485,15.45845,14.448696,14.589954,14.965044,15.092253,18.840555,18.411394,17.283697,20.131699,23.078909,21.400995,22.785048,24.641026,26.58894,28.30176,27.230597,25.118904,23.683853,20.006615,23.411644,20.76959,24.503628
21,9.765484,7.959025,9.860316,6.30964,9.114119,12.343125,13.217893,19.156868,19.578234,23.502098,26.1556,31.60282,28.71196,26.30202,22.906574,19.474062,15.684694,13.100866,8.768444,5.737197,3.7329726,0.0,4.2159758,6.1180673,6.7060747,8.504557,10.408646,11.693926,15.840887,15.367349,21.70102,21.103416,26.848381,28.469873,30.454594,32.88651,31.112965,30.896152,26.182375,22.942652,25.734552,21.029234,21.385231,19.509575,20.676186,15.922579,16.8623,15.009278,12.885059,12.216834,9.10335,10.532952,11.970636,8.273055,12.102778,12.624759,16.124657,18.349306,21.857058,24.951971,28.179937,22.394947,28.176922,27.33593,30.811256,30.565966,34.520016,39.287575,37.99185,35.35094,35.639412,32.064518,32.88859,28.198341,32.934658,28.11981,33.41985,30.606133,32.74518,35.326984,36.21504,33.564476,29.607666,28.115166,24.12064,23.546309,20.07488,19.58108,16.822643,15.110648,14.251852,14.6623745,15.298192,18.46902,18.338648,18.38454,20.808983,23.152647,22.18847,24.296896,25.627468,27.080906,28.443077,27.033865,25.271467,23.054676,19.957039,23.018692,20.258419,24.047909
22,11.198577,10.936741,13.1505995,10.316211,13.306381,16.034248,17.187878,22.888369,23.036064,27.006397,29.200735,34.920464,31.761211,29.060516,25.998344,22.430387,18.645655,16.226208,11.292762,8.97532,4.8991504,4.2159758,0.0,4.6672363,7.2700267,8.360189,12.232553,13.443537,17.864689,17.577677,23.78673,23.67097,28.873613,31.16647,32.60229,34.974686,33.023884,32.386227,27.673477,24.323187,26.728992,21.585686,22.035255,19.292595,20.404202,15.888051,15.134633,13.209207,11.879638,12.641645,9.84867,12.680173,14.824175,11.700548,15.580018,15.586689,19.02062,20.608517,23.893522,26.947424,30.625713,25.048891,31.07828,30.33049,34.098473,33.509136,37.655144,42.373116,40.663486,37.8585,37.929474,34.18941,34.82283,29.984621,34.42437,29.30995,34.315834,31.169107,32.89562,35.43249,35.79113,32.739437,28.631357,27.624046,23.750393,23.52816,19.491085,19.924532,16.545576,15.828068,15.108416,16.444956,17.820702,20.846413,19.74906,19.963753,23.1112,24.825836,23.086792,25.672775,27.542028,28.69738,29.98743,29.154325,27.505089,25.670446,23.007376,26.391075,23.98153,27.900862
23,15.209433,14.056341,15.500769,11.491683,13.692252,16.266773,16.218916,21.812178,20.995672,25.043217,26.534948,32.57819,29.62092,26.690033,24.3819,20.226988,16.862854,14.126077,10.543647,7.6409087,4.2685976,6.1180673,4.6672363,0.0,3.5919383,4.043834,8.758366,10.56181,14.727954,15.521392,21.009268,22.277021,26.813084,29.655035,31.021395,33.68925,32.271603,31.446066,26.915852,23.541145,25.113327,20.402994,19.602987,17.001993,17.170048,12.23526,12.3403425,9.432915,7.301867,8.529564,5.667518,9.620642,12.047354,10.24521,13.766823,13.630492,16.623623,17.769838,20.60921,23.445345,27.232502,21.72786,27.904451,27.252369,31.346428,30.57254,34.88554,39.424473,37.33927,34.403263,34.17089,30.354391,30.769005,25.862482,30.113316,24.91332,29.820782,26.829721,28.31603,31.026749,31.272972,28.33614,24.193022,22.997042,19.101881,18.885763,14.8498125,15.540911,12.439397,12.257769,12.527253,13.861751,15.03181,18.383747,16.83229,16.179943,19.801754,21.752968,19.35682,21.55494,23.844063,25.242779,26.802893,26.372292,24.474504,23.459875,20.57387,24.38102,22.432833,26.438887
24,16.465332,14.293557,15.538304,10.819185,12.068673,15.178708,13.71438,19.709827,18.38065,22.483133,23.953424,29.97696,27.55884,24.773195,22.671997,18.188652,15.1789465,11.869459,10.143679,5.8737535,5.2185984,6.7060747,7.2700267,3.5919383,0.0,3.633193,6.289544,9.236031,12.848358,14.436596,19.472095,21.264137,25.864355,28.415512,30.243824,33.11785,32.118233,31.539253,27.116627,23.838224,25.285305,21.148375,19.624891,17.795368,17.413904,12.062528,13.987351,10.608415,7.0369744,7.4047713,3.1047678,7.4140935,8.849056,7.3474207,11.212638,11.766226,14.428271,15.960192,18.636953,21.308802,24.664427,18.75538,24.832504,23.864088,27.973852,27.004656,31.327957,35.895676,33.821087,30.911053,30.820797,27.023897,27.651386,22.839685,27.376293,22.4303,27.605528,25.260138,26.725113,29.766848,30.2148,27.704704,23.60436,21.743654,17.735332,16.939785,13.5424185,13.014056,10.362823,9.320965,9.805463,10.576284,11.448747,14.92108,13.661104,12.819786,16.25147,18.444155,16.375,18.42331,20.437325,21.932714,23.566643,22.95124,20.963963,20.008884,17.01807,20.897081,19.159678,23.221972
25,17.756859,16.118654,16.58339,12.137703,13.680303,15.473838,14.929813,19.79167,18.361074,22.332981,23.251955,29.466679,26.483969,23.389294,21.650105,17.213593,14.241199,11.594819,9.276929,6.9968424,5.4476137,8.504557,8.360189,4.043834,3.633193,0.0,5.5137067,7.29803,11.127254,12.627584,17.463453,19.667973,23.64004,26.833174,28.124317,30.977097,29.984745,29.080704,24.757822,21.451494,22.424757,18.255974,16.492828,14.363227,13.897321,8.641954,10.48719,7.4636536,4.702545,4.501515,2.7628958,6.5441036,9.7030735,9.699989,11.753072,11.117841,13.633501,14.2807045,16.8254,19.566702,23.508715,18.32762,24.588634,24.359959,28.5938,28.184786,32.505917,36.805275,34.651363,31.681559,31.089201,27.317837,27.380215,22.39143,26.433844,21.13315,26.007097,22.876688,24.62161,27.229033,27.79993,25.073488,21.1068,19.770037,15.831987,15.818407,11.9712105,13.085076,11.074931,11.18439,12.636532,13.298202,13.469397,17.367214,16.012999,13.8719425,17.575245,20.44712,17.695683,18.75438,21.346598,23.41434,25.383509,25.051134,22.748035,22.462894,18.877651,22.85242,21.033258,24.874279
26,19.163857,16.47405,15.965154,11.149199,11.247695,12.6026,10.64557,15.034735,12.99989,16.976534,17.913872,24.087471,21.522078,18.6293,17.059061,12.274273,9.82252,6.6419344,7.830472,5.598272,7.923171,10.408646,12.232553,8.758366,6.289544,5.5137067,0.0,4.1060877,6.6636806,9.179057,13.382593,16.035166,20.186132,22.79523,24.77029,27.857927,27.448605,27.004227,22.908087,19.865995,20.82585,17.749464,15.203914,14.766807,13.989381,8.798152,13.675564,11.360978,8.189544,4.427849,3.91377,1.6462379,4.8086457,7.1660657,6.9770494,6.651535,8.540927,9.786032,12.403451,15.143043,18.5598,13.059036,19.271828,19.199112,23.291677,23.513657,27.66157,31.873932,30.119017,27.300827,26.735437,23.17418,23.270624,18.38963,22.782536,17.871742,23.181236,20.595982,23.023685,25.651781,27.104612,25.148237,21.632452,19.526428,15.606366,15.073971,12.655954,12.258801,12.03184,10.848019,12.743644,11.804402,10.0832205,14.578935,14.577657,11.087259,13.762013,18.16714,16.260351,15.816085,17.840734,20.775845,23.089376,22.151333,19.424913,19.31314,14.65502,18.448137,16.46731,20.026674
27,19.150333,16.960428,15.426607,11.374563,11.874759,11.242995,11.323977,13.761722,12.397156,16.024122,16.819685,22.917326,19.368954,16.237091,14.495891,10.205546,7.351371,5.9114356,5.803116,7.0590887,8.6723,11.693926,13.443537,10.56181,9.236031,7.29803,4.1060877,0.0,4.548847,5.4868846,10.493244,12.583019,16.63715,19.583038,21.12447,24.108723,23.53197,22.96102,18.850258,15.796722,16.781477,13.747498,11.450186,11.410551,11.38856,6.986589,12.319419,11.59855,10.0048895,5.02437,7.1309214,2.987028,7.5354533,9.940493,7.535486,4.944144,7.0064406,7.290641,10.504204,13.686908,17.712015,13.41795,19.494062,20.480206,24.28208,25.620943,29.498924,33.427563,32.037323,29.345299,28.411137,25.098341,24.65368,19.797434,23.64954,18.623013,23.578424,19.94271,23.234749,25.036001,27.084494,25.040134,21.946983,20.490887,16.822727,17.124762,14.595188,15.4519615,15.594723,14.875656,16.823559,15.83101,13.661853,18.256905,18.59946,14.605226,16.874548,21.91551,19.959562,18.596048,20.724043,24.195995,26.700724,25.654972,22.731316,22.734982,17.484585,20.89578,18.411028,21.46859
28,23.045073,20.464891,18.47344,14.569883,14.064223,12.776348,11.684882,12.299471,9.761688,12.921221,12.72769,18.99646,15.667356,12.412764,11.835937,7.0549483,6.113168,5.658772,9.340748,10.575849,13.089057,15.840887,17.864689,14.727954,12.848358,11.127254,6.6636806,4.548847,0.0,4.993854,6.7497406,10.931441,13.918692,16.927532,18.73819,22.020958,22.303925,21.902042,18.389708,15.82446,15.944802,14.523999,10.85241,12.491099,11.561371,8.336187,14.961417,14.385554,12.70047,7.652846,10.279633,5.6716704,8.079704,12.145117,7.937119,5.3802137,4.4908876,3.2706757,6.0501013,9.20967,13.19399,9.577835,15.465034,17.192575,20.9179,22.957592,26.613796,30.142838,28.881227,26.300425,25.011776,21.980785,21.143211,16.482265,20.051939,15.368245,20.26272,16.885618,20.732164,22.342691,25.079487,23.703926,21.171608,19.34604,16.057981,16.30025,14.973296,15.4479,16.936642,16.147604,18.611317,16.964233,13.791211,18.316034,19.18729,14.091261,15.560944,21.511992,19.752079,16.852833,18.821714,23.027895,25.845716,24.742495,21.50705,22.237476,16.445644,19.586529,17.406586,19.88548
29,20.719648,18.652029,15.775184,12.9917345,13.033927,9.901157,11.695105,10.8103,10.45712,13.171442,14.053679,19.58581,15.037181,11.940802,9.711488,6.636451,3.9156623,6.203437,7.009437,10.760488,12.75583,15.367349,17.577677,15.521392,14.436596,12.627584,9.179057,5.4868846,4.993854,0.0,6.8309546,7.117323,11.647465,14.222924,15.828319,18.771986,18.301538,18.062454,14.119735,11.41236,12.774523,10.941351,9.184107,11.1148815,12.120111,9.925619,15.322937,16.02508,15.24402,10.14265,12.567462,7.6826563,10.775491,13.406457,8.684647,4.7870927,5.400798,4.7837496,8.618498,12.016783,15.893826,13.24834,18.44024,20.580673,23.665386,26.53346,29.857084,33.39127,32.751534,30.389051,29.246332,26.447805,25.61316,21.16108,24.539326,20.018084,24.590416,20.471806,24.83294,25.728462,28.771824,27.117306,24.75274,23.569912,20.33566,20.963896,19.045322,19.981651,20.781515,19.824028,21.70995,20.168102,17.153322,21.70555,22.930113,18.494612,19.72187,25.638948,24.224672,21.735527,23.418615,27.5278,30.210804,28.716991,25.583,25.569965,19.607662,22.252193,19.230589,21.384182
30,27.489563,25.17003,22.19542,19.345388,18.621572,15.494014,15.626546,12.541131,10.548765,11.641491,9.954876,15.404221,10.727867,6.993739,8.339005,5.933026,7.7606573,10.294759,13.76343,16.587511,18.950863,21.70102,23.78673,21.009268,19.472095,17.463453,13.382593,10.493244,6.7497406,6.8309546,0.0,7.55735,7.682604,11.344912,12.697,16.158756,17.381605,17.08655,14.643067,13.087738,12.082623,13.261734,9.193518,13.137293,12.5993595,12.267933,18.558365,19.363247,18.697315,13.724388,16.946283,12.245284,14.153077,18.211319,12.803235,9.865687,7.4175863,3.799575,3.7116537,6.2951517,10.378262,10.747606,14.649285,18.273327,21.077148,24.916483,27.810968,30.482035,29.894087,27.723013,25.828888,23.585535,21.886446,18.012058,20.249365,16.43152,20.181223,16.069494,21.222042,21.40193,25.415495,24.658754,23.287853,22.00716,19.597183,20.472115,19.890991,20.939919,23.149767,22.556545,25.16048,23.217428,19.507755,23.779734,25.172722,19.58088,20.144913,26.705412,25.171528,20.895294,22.592558,27.45412,30.496569,29.249508,25.818798,26.981565,20.766922,23.0729,20.78726,22.080252
31,24.207813,22.30895,18.354898,17.190971,16.699348,11.7276325,14.788505,9.810853,11.275811,11.808683,12.9003725,16.579336,10.740257,8.499652,5.17159,7.017352,6.976432,11.125645,12.437752,16.784496,19.017427,21.103416,23.67097,22.277021,21.264137,19.667973,16.035166,12.583019,10.931441,7.117323,7.55735,0.0,7.072113,7.5184956,9.718933,12.451772,12.290497,13.07061,9.933659,8.709579,10.786667,11.609821,11.338483,14.905733,16.643343,16.215866,21.196991,22.736034,22.321066,17.208107,19.576792,14.464747,16.469948,18.946342,13.2874365,10.184241,9.281185,8.528637,10.902041,13.441718,16.107058,15.809597,19.085743,22.329073,24.20882,28.75819,31.233328,34.17777,34.557556,32.703735,31.462946,29.394432,28.271221,24.571901,27.337593,23.738579,27.693642,23.51038,28.694607,28.658155,32.653755,31.521107,29.925053,28.926424,26.150293,26.907108,25.570503,26.344275,27.611927,26.35828,28.101555,26.090246,22.484304,26.756,28.810764,24.227394,24.409197,30.898396,30.13481,26.779936,27.855938,32.410053,35.171993,33.184044,29.964355,29.838394,23.48781,25.097435,21.68674,22.571356
32,30.687729,29.020603,25.209862,23.738491,23.32241,18.693596,20.874504,15.629939,15.6109085,15.133285,13.711036,16.643147,10.342507,7.8139744,9.077384,10.997614,12.607679,16.372517,18.159235,22.353634,24.19766,26.848381,28.873613,26.813084,25.864355,23.64004,20.186132,16.63715,13.918692,11.647465,7.682604,7.072113,0.0,6.3211527,5.186128,8.609109,10.501453,10.366495,9.5859,9.880529,8.291445,12.369714,10.533808,15.266197,16.207571,17.776613,22.718027,24.871214,25.160877,20.23412,23.632627,18.858814,21.111858,24.516945,18.82254,15.583779,13.743201,11.04145,10.996765,12.174933,14.933298,17.494576,19.72388,24.140802,25.911833,30.968176,33.184994,35.27586,35.468216,33.703415,31.624382,29.974552,27.908064,24.676596,25.997215,22.834322,25.495941,20.661573,26.377325,25.14072,29.816721,29.146563,28.563562,28.13059,26.19043,27.60544,26.834913,28.506725,30.549818,30.033573,32.45213,30.522316,26.769913,31.021528,32.695488,27.234198,27.536013,34.231236,32.852425,28.394735,29.917856,34.91029,37.9616,36.488327,33.058838,33.978127,27.59388,29.298517,26.5563,27.087849
33,31.04414,29.05463,24.846704,24.13163,23.10168,18.075512,20.34264,13.502762,14.811027,13.082575,13.015636,13.8583975,7.549288,7.4417963,6.9802513,11.491838,13.5141535,17.474358,19.901901,23.93596,26.480556,28.469873,31.16647,29.655035,28.415512,26.833174,22.79523,19.583038,16.927532,14.222924,11.344912,7.5184956,6.3211527,0.0,5.264613,7.7034936,9.945588,11.906291,11.577311,12.567458,13.219371,16.669014,16.117039,20.535475,21.853476,22.477562,27.661272,29.427326,29.077955,23.931124,26.51883,21.291452,22.580355,25.511393,19.460327,16.959421,15.007253,13.83986,14.334655,15.3728485,16.336926,18.705372,19.697573,23.961506,24.660961,30.562504,32.117977,34.10326,35.28563,33.972977,32.438408,31.226398,29.6708,26.961796,28.766054,26.343254,29.375532,25.586298,31.216501,30.366209,35.175777,34.802315,34.056175,33.0743,30.89294,31.707401,31.180126,31.797075,33.787254,32.489143,34.426315,32.029823,27.933651,31.8538,34.38315,29.3919,28.762033,35.630318,35.229973,30.841803,31.48603,36.446186,39.331116,37.1718,33.87044,34.15419,27.707428,28.511982,25.396217,25.079062
34,33.00197,31.605772,27.393093,26.775246,26.366203,21.162266,24.154257,17.97869,18.995138,17.778547,16.89951,18.165422,11.844591,10.839065,11.34709,14.8696375,16.365627,20.406895,21.689257,26.272984,28.05737,30.454594,32.60229,31.021395,30.243824,28.124317,24.77029,21.12447,18.73819,15.828319,12.697,9.718933,5.186128,5.264613,0.0,3.5379193,6.6614156,7.6370583,8.874857,10.802927,10.030692,14.7816515,14.624611,19.09284,20.689625,22.5482,26.944729,29.485535,29.958397,25.011621,28.230146,23.341234,25.476051,28.488533,22.686802,19.580303,17.954437,15.830288,15.98903,16.928913,18.837782,21.86352,23.283579,27.847353,28.943792,34.62365,36.390095,38.206387,38.989365,37.514515,35.527504,34.215878,32.16736,29.294922,30.4351,27.688484,30.066975,25.307447,31.11132,29.452944,34.343307,33.7697,33.438877,33.192997,31.34292,32.78842,31.978092,33.601257,35.54111,34.843555,37.054256,35.020954,31.181597,35.35277,37.347134,32.06328,32.05787,38.846172,37.774147,33.29566,34.53909,39.56511,42.573936,40.82615,37.434937,38.066135,31.617342,32.871723,29.86021,29.89548
35,34.6386,33.548454,29.16977,29.069185,28.817188,23.36026,26.92579,20.574348,22.092257,20.726809,20.134222,20.779652,14.6673355,14.151387,14.228333,18.110678,19.339003,23.451738,24.17433,29.016241,30.584955,32.88651,34.974686,33.68925,33.11785,30.977097,27.857927,24.108723,22.020958,18.771986,16.158756,12.451772,8.609109,7.7034936,3.5379193,0.0,4.679497,6.335099,9.148328,11.90477,11.497157,16.326656,17.120321,21.308542,23.313541,25.447922,29.348389,32.215492,32.9332,28.044218,31.237572,26.397644,28.642862,31.389948,25.666704,22.543978,21.164331,19.197449,19.505934,20.444605,22.229643,25.3374,26.579124,31.152048,32.017574,37.884922,39.493767,41.20726,42.21206,40.83744,38.871563,37.660442,35.593754,32.805653,33.836365,31.15415,33.363533,28.454496,34.2786,32.336964,37.261528,36.62744,36.426643,36.41478,34.61597,36.180187,35.225174,37.005573,38.809776,38.116467,40.227985,38.236286,34.446854,38.624672,40.67167,35.49085,35.482292,42.262714,41.22936,36.824017,38.041634,43.05336,46.041317,44.212948,40.8446,41.319916,34.865334,35.987823,32.82535,32.717484
36,31.860548,31.294977,26.845797,27.356932,27.592117,21.917278,26.574432,20.773554,23.013615,22.250544,22.502687,23.775566,17.455256,16.591198,15.262772,18.94418,19.17457,23.280388,22.660185,27.902939,28.962118,31.112965,33.023884,32.271603,32.118233,29.984745,27.448605,23.53197,22.303925,18.301538,17.381605,12.290497,10.501453,9.945588,6.6614156,4.679497,0.0,3.678951,6.069063,9.281077,10.47421,14.238488,16.688284,20.166845,23.021194,25.01918,28.104975,31.300102,32.304913,27.567415,30.567629,25.950384,28.601341,30.711523,25.40479,22.12689,21.504745,19.875484,21.01678,22.599737,24.999142,27.053656,29.096348,33.256454,34.39322,39.908443,41.796257,43.96014,44.86552,43.324585,41.58522,40.033432,38.210884,34.985844,36.48822,33.251385,35.873615,30.578278,36.277775,34.537273,39.09317,37.94186,37.357887,37.566498,35.467445,37.112076,35.559494,37.561195,38.802532,38.105236,39.94083,38.198975,34.74013,39.044445,40.95147,36.168438,36.503944,43.07099,41.964954,38.198116,39.547867,44.330704,47.211693,45.3239,42.039825,42.06063,35.66995,36.965084,33.454906,33.697353
