,0,1,2,3,4,5,6,7,8,9,10,11,12,13,14,15,16,17,18,19,20,21,22,23,24,25,26,27,28,29,30,31,32,33,34,35,36,37,38,39,40,41,42,43,44,45,46,47,48,49,50,51,52,53,54,55,56,57,58,59,60,61,62,63,64,65,66,67,68,69,70,71,72,73,74,75,76,77,78,79,80,81,82,83,84,85,86,87,88,89,90,91,92,93,94,95,96,97,98,99,100,101,102,103,104,105,106,107,108,109,110,111,112,113
0,0.0,4.2994375,6.3524833,9.336988,11.970442,14.088946,17.527369,21.00171,24.306551,26.699594,31.170067,28.760067,26.924088,25.801847,21.033276,21.249277,16.266178,16.929718,14.7859335,13.947618,16.248692,13.387057,18.100203,20.469646,19.451443,21.360249,19.956638,22.607367,20.064997,24.38247,24.39682,28.477594,34.180553,35.26873,38.406013,40.72293,43.4279,42.63213,39.14187,35.309177,37.580452,32.712418,31.387661,28.963188,27.223845,25.299732,21.20626,23.535364,19.909979,23.934032,24.639008,20.950571,21.967762,25.682505,23.62866,23.563322,22.88499,26.53592,28.660501,27.247986,24.516865,29.96231,29.547308,30.248186,35.311672,32.233925,36.15926,35.48637,37.81334,33.659657,29.899927,32.678,29.922678,33.83795,33.659756,32.32661,36.36694,36.32696,38.7167,41.429005,40.25182,36.4328,34.949066,31.978046,29.332083,28.57721,24.548212,21.880554,18.248165,16.596584,12.394921,13.827718,9.855174,11.737736,12.676402,15.602813,14.207156,15.694458,14.204848,19.944645,18.498644,23.031954,23.783844,26.925411,27.635773,32.121292,36.83589,34.557438,31.148018,32.524445,26.999716,26.6724,23.336575,22.48115
1,4.2994375,0.0,5.336159,6.407985,8.617836,11.958729,14.223347,18.695604,21.363085,24.074083,28.285126,26.26217,24.93018,23.541105,19.038641,18.470999,13.719376,13.447896,11.703641,9.9443445,12.478422,10.232681,14.758667,16.85589,16.110586,17.586964,16.550766,18.786785,16.188555,20.327108,20.70455,24.461285,30.574354,31.52945,34.6933,37.120575,39.6243,38.737823,35.165325,31.256872,33.627827,28.630795,27.557838,25.110006,23.645609,21.811888,18.016191,20.78629,17.496027,21.883736,22.504091,19.763554,21.419718,24.971132,22.742878,23.0053,21.357735,25.202822,26.937147,24.968756,22.072634,27.45231,26.457521,27.081703,31.8092,28.642982,32.525284,31.78785,33.93486,29.85167,25.926247,28.52097,25.671455,29.595018,29.369125,28.093792,32.15084,32.182926,34.644505,37.36392,36.34721,32.484337,31.133856,28.028101,25.281727,24.4584,20.402452,17.58412,13.958045,12.418717,8.273066,10.5934725,7.235432,10.324682,10.795883,12.913426,11.22628,11.979613,10.288444,15.890932,14.453817,19.139809,19.922304,23.277557,23.91887,28.547634,33.191628,31.092855,27.669695,29.249475,23.448906,23.599344,20.172642,19.980413
2,6.3524833,5.336159,0.0,5.2139945,6.814773,8.267926,11.958463,14.833763,18.460709,20.49721,25.231344,23.081362,21.201052,20.478327,15.635717,16.247433,11.893588,12.57927,12.3981085,11.806429,15.463718,14.428938,19.090616,20.959667,20.305952,20.900417,19.097696,20.709446,16.328367,20.527225,19.63177,23.84773,28.884514,29.852982,33.085148,35.12299,38.09552,37.590153,34.18365,30.570944,32.975338,28.687014,26.990736,25.590246,23.077785,22.424232,18.348537,22.072882,18.950079,23.308235,22.728447,20.058786,21.009857,23.739733,20.59758,19.946867,18.439991,22.000082,23.45324,22.173893,19.826033,25.79107,25.273531,26.715263,31.401615,29.169575,33.089005,33.00226,35.49418,31.983158,28.108547,30.606962,27.20128,31.671103,30.373877,29.547493,33.1994,32.70968,35.15522,37.529957,36.423634,32.802883,30.556263,27.951777,25.061022,25.200062,20.465996,19.176071,15.313723,14.797786,11.105619,14.2230835,12.190987,14.999522,16.026329,17.882206,16.114082,16.06652,13.612913,18.75118,15.592068,20.363468,19.823383,23.140926,22.869797,27.28754,31.947714,29.143766,25.772297,26.622185,21.436947,20.610518,17.424314,16.231598
3,9.336988,6.407985,5.2139945,0.0,3.777241,6.0652413,8.690722,12.866307,15.315764,18.319597,22.215424,19.909378,18.671179,17.143608,12.74232,12.118829,7.482657,7.7365704,7.3118825,7.265558,11.182041,11.257549,15.946276,18.010502,18.614048,18.896538,18.434599,19.205227,14.677539,18.11321,17.890984,20.92226,26.891022,26.972664,30.68908,32.627495,35.256863,34.870453,31.06258,27.265339,30.474972,26.044746,25.051004,23.915314,21.958218,21.739609,18.397648,22.662704,20.091639,24.75711,24.284618,22.740637,24.355232,26.951128,23.677706,23.24727,20.635916,24.253597,24.919289,23.048065,20.700562,26.602894,25.102741,26.534227,30.420544,28.114244,31.881918,31.604248,33.551003,30.113258,25.835794,27.604155,23.96733,27.874912,26.338356,25.106585,28.672907,28.096066,30.38739,32.871464,31.561522,27.911936,25.90897,23.22096,20.676859,20.494827,16.339891,15.347138,11.8548565,12.363913,9.405301,13.8663,12.039414,15.858063,15.5986805,16.564634,14.1013365,13.131974,9.875939,14.648565,10.79815,15.335155,14.992097,18.124878,18.456451,22.845419,27.577225,25.289824,21.890503,23.702782,18.167198,18.343025,15.598143,15.39088
4,11.970442,8.617836,6.814773,3.777241,0.0,5.3223944,5.6315856,10.686045,12.870584,15.633826,19.76882,18.256767,17.380682,16.161753,12.06252,11.113348,7.867046,6.5430284,8.750367,7.434795,11.784391,12.90815,16.678692,17.944508,18.237642,17.640724,16.707304,16.877739,11.468805,14.860109,14.208361,17.512503,23.183247,23.541092,27.080103,29.104258,31.810385,31.363216,27.709126,24.006828,26.950249,22.723774,21.469137,20.692345,18.414196,18.735893,15.557896,20.384987,18.246204,22.899912,21.870663,21.093565,22.837894,24.95708,21.447718,21.117405,17.856903,21.445688,21.787977,19.643148,17.340464,23.218224,21.539799,23.182346,26.887175,24.92191,28.660175,28.66608,30.76224,27.690262,23.52171,25.32581,21.465708,25.909163,23.93458,23.279085,26.693975,26.047771,28.539894,30.810884,29.85582,26.270823,23.92922,21.299173,18.2724,18.704802,13.75273,13.375325,9.724785,10.775811,8.63744,13.359434,13.081505,16.750658,16.926863,17.322618,15.196922,13.502525,10.4537735,14.158298,9.797229,14.587777,13.326939,16.952965,16.239426,20.838263,25.421423,22.799126,19.387934,20.663837,15.030757,15.083926,12.007586,12.176988
5,14.088946,11.958729,8.267926,6.0652413,5.3223944,0.0,6.0137157,7.1609206,10.664612,13.022936,17.310577,14.82031,13.079061,12.30827,7.5762463,8.569113,5.7829504,7.430146,9.976879,11.242421,15.447391,16.715605,21.014399,22.683655,23.443409,22.825083,21.906918,21.8,15.669418,18.508627,16.891705,19.797749,24.39888,24.089346,28.019938,29.341446,32.419903,32.59678,28.939405,25.588488,29.052654,25.658773,24.176334,24.52162,21.604727,22.984962,19.844784,25.010086,22.911253,27.433239,25.806232,24.852112,25.975292,27.539759,23.386395,22.076302,19.152811,22.199688,21.976109,20.755074,19.28242,25.538504,24.225498,26.5819,29.932497,28.80789,32.432434,32.859615,34.97465,32.319298,28.147406,29.54143,25.34827,29.601307,26.725388,26.046976,28.908594,27.645702,29.811428,31.783371,30.367325,27.152464,24.026642,22.135632,19.601725,20.71989,16.111193,17.364912,14.192327,15.922009,13.919726,18.59523,17.753736,21.39739,21.499855,22.195404,19.776829,18.17529,14.691967,18.221794,12.820421,16.707596,14.489163,17.265032,16.271555,20.142042,24.775383,21.66987,18.415047,19.46906,14.909427,14.004681,12.12696,10.896239
6,17.527369,14.223347,11.958463,8.690722,5.6315856,6.0137157,0.0,6.7696958,7.473587,10.545159,14.28437,13.407439,13.282472,12.151311,9.182845,7.5024014,7.3859415,5.1066356,10.318044,9.847174,13.870003,16.510893,19.453856,20.191452,21.137188,19.499834,18.935078,17.739193,11.205102,13.076402,11.651315,13.833897,19.01059,18.566156,22.513857,24.120558,26.906988,26.870445,23.11748,19.647055,23.199554,19.784441,18.591812,19.323866,16.7006,18.73953,16.516191,22.123346,20.879576,25.341995,23.50434,23.987349,25.746307,26.973124,22.954718,22.325172,18.166975,21.23681,20.376608,18.147877,16.560797,22.279528,20.011127,22.306507,24.881783,23.900612,27.315512,27.809328,29.684025,27.445675,23.290861,24.302475,19.899046,24.357948,21.059492,20.88402,23.592842,22.381136,24.79933,26.657513,25.745932,22.488157,19.354544,17.25272,14.147435,15.753547,10.482763,12.679719,10.026953,12.792391,12.401819,17.24462,17.971962,21.682516,21.6244,21.30789,19.122387,16.533876,13.377743,15.129282,9.47195,13.190248,10.048616,13.558502,11.45761,15.880083,20.331059,17.3142,13.933702,15.086056,9.596365,9.840075,7.599965,8.624409
7,21.00171,18.695604,14.833763,12.866307,10.686045,7.1609206,6.7696958,0.0,5.299223,6.0276423,10.888061,9.317626,7.837434,8.590787,5.857376,7.7196054,9.620745,10.270891,14.908332,16.038036,20.056852,22.459778,25.926336,26.909056,27.811794,26.148579,25.045263,23.812431,16.747515,18.275364,15.400637,17.491814,20.13718,19.257044,23.281973,23.858059,27.312347,28.101791,24.74656,22.099766,25.700264,23.725296,21.896622,24.01711,20.424643,23.615662,21.282425,27.097336,25.86222,30.052141,27.367872,27.640745,28.588034,28.965578,24.223436,22.437141,18.75736,20.902124,19.221903,18.397114,18.083595,24.007221,22.54156,25.745653,27.98219,28.25491,31.473816,32.642864,34.752045,33.138363,29.249266,30.081888,25.494995,29.9573,25.705532,25.875696,27.780413,25.864384,27.903795,29.142723,27.92507,25.349688,21.062529,20.195654,17.6553,20.327957,15.553267,19.086561,16.729485,19.454508,18.715073,23.385542,23.758085,27.316456,27.582735,27.696156,25.422935,23.091507,19.720251,21.654613,15.6377945,18.437725,14.404044,16.660091,13.636239,16.586903,20.658785,16.553587,13.695606,13.369083,10.53152,8.18489,8.268241,6.423062
8,24.306551,21.363085,18.460709,15.315764,12.870584,10.664612,7.473587,5.299223,0.0,4.657593,6.924123,6.516975,7.6758537,7.199227,7.4532347,6.3904343,10.587844,9.885128,15.115601,16.133125,19.522882,22.854614,25.4945,26.119392,27.712013,25.551157,25.323036,23.248896,16.516382,16.639795,14.360655,14.473445,17.536198,15.322722,19.93112,20.274874,23.297737,24.302397,20.583265,17.962072,22.443678,20.803482,19.741083,22.50122,19.568365,23.325285,21.97347,27.886702,27.258387,31.423594,28.851482,30.069942,31.529953,31.854685,27.322317,26.034805,21.640007,23.729855,21.47425,19.919014,19.63238,24.856623,22.42175,25.491386,26.60157,27.061735,29.902729,31.017992,32.56859,31.373444,27.427399,27.431583,22.715246,26.615978,21.717344,21.962835,23.31071,21.09152,22.97621,24.016716,22.814665,20.454542,15.895081,15.3803005,13.145843,16.343336,12.298406,17.126202,15.826122,19.341501,19.663916,24.478277,25.355587,29.132513,28.864046,28.293642,25.942715,23.010145,19.744862,20.259937,14.204168,15.762442,10.974474,12.682031,8.811993,11.387597,15.375512,11.3860235,8.420388,9.210463,6.308061,5.9325624,7.840249,8.609482
9,26.699594,24.074083,20.49721,18.319597,15.633826,13.022936,10.545159,6.0276423,4.657593,0.0,5.9344335,7.3202057,7.762756,9.434009,9.893675,10.616785,14.414077,14.063655,19.32635,20.069613,23.70934,26.81902,29.5044,29.902922,30.940556,28.537941,27.52369,25.418201,18.333775,18.487778,15.100082,15.85606,16.537575,14.905257,18.926758,18.769426,22.411856,23.736578,20.714405,18.852224,22.499716,21.902115,20.04692,23.591467,19.887829,24.33971,22.963675,28.943558,28.491154,32.325573,29.084082,30.46397,31.48005,31.091673,26.263197,24.52224,20.257914,21.637743,18.779604,17.960232,18.525696,23.530937,21.69053,25.311214,26.27503,27.655832,30.3524,32.0317,33.95571,33.260605,29.71552,29.97349,25.286943,29.669495,24.466196,25.394896,26.397661,24.054823,25.947746,26.484064,25.630993,23.707546,18.684362,18.75215,16.340836,20.136545,15.724747,20.648087,19.170788,22.40159,22.635826,27.146906,28.366543,31.863434,32.122467,31.718754,29.59858,26.776445,23.654716,24.317873,18.43445,20.23292,15.330084,17.004887,12.438663,14.179399,17.269285,12.368612,10.242652,8.027997,7.9213495,4.4516134,7.6904416,7.038881
10,31.170067,28.285126,25.231344,22.215424,19.76882,17.310577,14.28437,10.888061,6.924123,5.9344335,0.0,5.4241905,8.518296,9.292223,12.352582,11.880546,16.883896,16.38052,21.378914,22.597635,25.567163,29.274014,31.464474,31.791723,33.620598,31.003931,30.903502,28.220505,21.69526,20.683746,18.1049,16.699404,17.23785,13.54868,18.150831,17.068087,20.110615,22.137539,18.86453,17.515795,22.242712,22.418116,21.526709,25.689278,22.769001,27.551397,26.95545,32.88747,32.813038,36.64885,33.58414,35.50042,36.823376,36.44679,31.755308,30.220907,25.711391,26.967524,23.734814,22.637617,23.289948,27.613842,25.085625,28.521141,28.290941,29.93864,32.148712,33.763397,35.01792,34.78677,31.219786,30.5069,25.830524,29.224834,23.328123,24.15775,24.20088,21.314894,22.628273,22.650808,21.530674,20.346954,14.857224,16.0895,14.845002,18.969902,16.219175,22.048513,21.574898,25.334896,26.189804,30.863224,32.105385,35.84603,35.53655,34.698578,32.3868,29.209852,26.08609,25.713243,19.952095,20.262674,15.160606,15.417836,10.7600355,10.334264,12.472915,7.4841447,6.5725946,5.49574,8.381385,7.760213,11.965884,12.708006
11,28.760067,26.26217,23.081362,19.909378,18.256767,14.82031,13.407439,9.317626,6.516975,7.3202057,5.4241905,0.0,4.0694427,4.1685023,8.255185,8.67392,13.62841,14.500727,18.657282,21.019276,24.022514,27.367813,30.274687,31.304031,33.487194,31.514816,31.694141,29.567556,22.989882,22.778254,20.57966,19.802279,21.824097,18.381773,23.183128,22.393301,25.285185,27.145622,23.520521,21.59456,26.679281,25.920938,25.184116,28.516031,25.670033,29.72895,28.480192,34.401752,33.72617,37.90908,35.24092,36.30518,37.52243,37.661957,32.892056,31.092556,27.070429,28.698872,26.023228,25.191917,25.455187,30.554306,28.27584,31.565033,32.12634,33.060703,35.64051,36.875652,38.131123,37.223392,33.248856,32.67884,27.96952,31.056482,25.656633,25.55458,26.073553,23.249334,24.340271,24.89684,22.9599,21.464298,16.416237,17.273859,16.565886,19.750338,17.35846,22.575651,21.695444,25.352598,25.524624,30.506563,30.812181,34.761414,34.160748,33.702244,31.043875,28.187532,24.66773,25.103575,18.956264,19.327341,14.734766,14.532382,11.604394,11.501661,14.6800995,10.898518,9.353531,10.667105,11.151829,10.659178,13.871778,13.721806
12,26.924088,24.93018,21.201052,18.671179,17.380682,13.079061,13.282472,7.837434,7.6758537,7.762756,8.518296,4.0694427,0.0,3.9374273,6.2172284,8.924159,12.807422,14.717527,18.476704,21.16127,24.544876,27.327719,30.848728,32.194256,34.04449,32.41823,32.135002,30.51229,23.669243,24.25088,21.69007,22.024424,23.939125,21.294075,25.840704,25.213924,28.456892,30.186277,26.72782,24.687782,29.326012,28.297596,27.085682,30.077269,26.806734,30.57456,28.729654,34.617153,33.542614,37.764847,35.04408,35.474552,36.3378,36.51164,31.607092,29.424847,25.952074,27.535091,25.166363,24.879707,25.182938,30.714832,29.019066,32.428986,33.684586,34.505886,37.353374,38.6216,40.229473,39.021275,35.010014,34.939026,30.228905,33.699356,28.656004,28.452044,29.404196,26.768826,28.003439,28.7583,26.778162,25.05207,20.210735,20.6774,19.626245,22.522856,19.515087,24.116938,22.599827,25.879356,25.398455,30.354105,30.223166,34.07717,33.734158,33.735,31.053997,28.576275,24.908043,26.258686,19.968658,21.108376,16.85001,17.13504,14.6504965,15.291866,18.71203,14.845033,13.056126,13.559777,13.499958,11.884222,14.407559,13.041133
13,25.801847,23.541105,20.478327,17.143608,16.161753,12.30827,12.151311,8.590787,7.199227,9.434009,9.292223,4.1685023,3.9374273,0.0,5.0203223,6.001856,10.373725,12.284412,15.604496,18.691692,21.679092,24.656223,28.045698,29.556665,31.905922,30.450066,30.83132,29.17256,22.764685,23.168898,21.387228,21.127808,24.344618,21.262722,26.152498,25.81274,28.607788,30.14647,26.255438,23.812986,28.98774,27.399117,26.776163,29.329784,26.649523,30.010786,28.320395,34.103275,32.997295,37.39694,35.145287,35.598724,36.827114,37.461258,32.791435,31.002132,27.301706,29.32859,27.223387,26.346323,26.15557,31.710295,29.535606,32.578552,33.771458,34.043236,36.904995,37.792767,39.06414,37.589996,33.356373,32.996456,28.349524,31.294495,26.482948,25.754797,26.819817,24.254835,25.365755,26.439877,24.154552,22.212734,17.801695,17.992495,17.369463,19.700285,17.400885,21.831396,20.615831,24.055166,23.721207,28.817503,28.45085,32.49749,31.683275,31.494652,28.641495,26.077066,22.353992,23.4511,17.220837,17.84657,13.926676,13.763101,12.284508,13.028308,16.921034,13.914492,11.809893,14.072235,12.863599,12.678758,14.82516,14.376128
14,21.033276,19.038641,15.635717,12.74232,12.06252,7.5762463,9.182845,5.857376,7.4532347,9.893675,12.352582,8.255185,6.2172284,5.0203223,0.0,4.8762784,6.8486557,9.678338,12.743733,15.725042,19.239536,21.548536,25.504408,27.234428,29.054127,27.990334,27.87435,26.842707,20.365416,21.763884,19.892406,20.977224,24.728828,22.766045,27.36094,27.651897,30.694078,31.735376,27.90406,25.053465,29.615887,27.302986,26.253965,28.023167,25.108847,27.79772,25.461456,31.07781,29.526562,33.995857,31.927883,31.725763,32.80091,33.746277,29.167099,27.365358,24.072361,26.418785,24.983255,24.170355,23.594559,29.582857,27.8387,30.733952,32.847065,32.62491,35.841656,36.585888,38.238224,36.2627,31.99069,32.33593,27.782,31.287521,27.182467,26.397362,28.245045,26.159475,27.706709,29.194939,27.173244,24.65055,20.707775,19.989485,18.550432,20.40958,17.073015,20.408068,18.372265,21.258204,20.216,25.226233,24.50166,28.42564,27.918224,28.162273,25.381289,23.22589,19.443895,21.627039,15.415998,17.361115,14.002764,15.0765705,13.88671,16.146112,20.51637,17.345654,14.616436,16.264576,13.54573,12.744363,13.4204,12.266577
15,21.249277,18.470999,16.247433,12.118829,11.113348,8.569113,7.5024014,7.7196054,6.3904343,10.616785,11.880546,8.67392,8.924159,6.001856,4.8762784,0.0,5.323279,6.331546,9.990002,12.7161045,15.739658,18.802647,22.088955,23.605736,25.979225,24.714043,25.408873,23.960615,18.024569,18.76777,17.828304,17.869734,22.864061,20.41934,25.254547,25.862463,28.368895,29.162495,24.964169,21.766514,26.804293,24.058674,23.725126,25.237604,23.08923,25.588741,23.818327,29.356394,28.121565,32.664394,30.989435,31.356627,33.003452,34.227234,29.982134,28.830917,24.929947,27.60767,26.151976,24.484123,23.48523,29.108854,26.60769,29.087236,30.757008,30.118053,33.19535,33.60847,34.82283,32.796684,28.376804,28.273663,23.758276,26.78163,22.76175,21.674717,23.58504,21.619457,23.195662,24.943233,22.936348,20.139872,16.651955,15.481276,14.196988,15.649098,12.895079,16.390118,14.979665,18.3306,18.011873,23.14892,22.772787,26.895317,25.883968,25.543148,22.69712,20.076193,16.368511,17.606886,11.352572,12.657347,9.232551,10.296664,9.714984,12.507256,17.200798,14.829886,11.799275,14.916238,11.064835,12.092629,12.600414,13.117179
16,16.266178,13.719376,11.893588,7.482657,7.867046,5.7829504,7.3859415,9.620745,10.587844,14.414077,16.883896,13.62841,12.807422,10.373725,6.8486557,5.323279,0.0,4.669567,5.9554524,9.398159,12.726222,14.770729,18.929344,21.045542,23.159126,22.713158,23.31462,22.77526,17.399498,19.268522,18.799423,19.99168,25.762194,24.218834,28.738844,29.884521,32.403564,32.7374,28.55976,24.9914,29.505873,25.884441,25.426958,25.758053,23.777752,25.105375,22.66006,27.72787,25.872498,30.558119,29.483566,28.9532,30.57959,32.462307,28.552626,27.578579,24.259735,27.382048,26.809399,25.113665,23.529198,29.455032,27.313711,29.364752,31.979483,30.52115,33.930714,33.947937,35.357758,32.60345,28.072592,28.606745,24.41425,27.549374,24.663616,23.140648,25.863588,24.497396,26.269756,28.489653,26.536173,23.295034,20.698095,18.749262,17.15991,17.497082,14.45356,15.9292345,13.689013,16.144258,14.794602,19.856213,18.541077,22.677214,21.602652,21.788237,18.824043,16.84015,12.961574,15.775665,10.026008,12.678727,11.081004,12.924998,13.612605,17.116531,21.91806,19.854298,16.659529,19.502792,14.762078,15.497541,14.553064,14.613612
17,16.929718,13.447896,12.57927,7.7365704,6.5430284,7.430146,5.1066356,10.270891,9.885128,14.063655,16.38052,14.500727,14.717527,12.284412,9.678338,6.331546,4.669567,0.0,5.6720877,6.534237,10.00893,13.045085,16.18829,17.606115,19.710007,18.703465,19.578081,18.554802,13.408644,14.8681345,15.033403,15.8611145,22.403072,21.080488,25.422754,27.01283,29.233746,29.181538,24.958841,21.154604,25.510666,21.510172,21.348343,21.402372,19.891691,21.105043,19.154797,24.236706,22.81054,27.459301,26.493414,26.701202,28.797003,30.673668,27.045053,26.673677,22.747135,26.038118,25.41379,23.000748,21.104147,26.588905,23.912626,25.63911,27.991308,26.273716,29.602724,29.478228,30.746546,28.033564,23.489504,23.958889,19.752258,23.078236,20.329554,19.028017,22.006588,20.95107,23.072247,25.408852,23.964228,20.446125,18.19872,15.669116,13.462241,13.655656,10.051066,11.345757,9.278223,12.250185,11.843158,16.984821,16.729853,20.874268,19.782078,19.27926,16.55089,13.878147,10.244106,12.018436,5.918257,9.293867,7.5287004,10.598031,10.868335,15.208773,19.945396,18.119934,14.754887,17.724245,12.059251,13.776447,12.252225,13.623513
18,14.7859335,11.703641,12.3981085,7.3118825,8.750367,9.976879,10.318044,14.908332,15.115601,19.32635,21.378914,18.657282,18.476704,15.604496,12.743733,9.990002,5.9554524,5.6720877,0.0,5.2473874,7.3203845,9.243315,13.393532,16.005283,18.761093,19.015907,20.729256,20.574995,16.914883,18.78395,19.797972,20.619873,27.755302,26.385653,30.727367,32.422646,34.373203,34.18479,29.815916,25.836094,30.267805,25.715263,25.98051,25.082075,24.219637,24.30111,22.095638,26.373955,24.424242,29.136423,29.080091,28.456121,30.627464,33.248913,30.062733,29.8505,26.532972,30.081593,30.042156,27.687914,25.436008,30.934736,28.393303,29.606668,32.353622,29.858057,33.254955,32.55973,33.557884,30.170326,25.480991,25.98,22.338669,24.727446,23.151257,20.862795,24.239485,23.596739,25.410002,28.187136,26.326994,22.653124,21.475676,18.66779,17.28119,16.00681,14.001533,13.319572,11.424056,13.2270155,11.92202,16.677393,14.77514,19.067587,17.079891,16.951817,13.723473,11.849001,7.975994,11.192762,6.988739,9.725178,10.754118,12.766525,15.16977,19.045658,23.754192,22.751156,19.539927,23.15013,17.575182,19.413034,17.762516,18.7574
19,13.947618,9.9443445,11.806429,7.265558,7.434795,11.242421,9.847174,16.038036,16.133125,20.069613,22.597635,21.019276,21.16127,18.691692,15.725042,12.7161045,9.398159,6.534237,5.2473874,0.0,4.3737497,6.8143,9.9798565,11.776175,13.876686,13.874929,15.531645,15.486352,12.656988,14.822197,16.536993,17.835487,25.396591,24.901861,28.682196,30.972044,32.764984,32.015472,27.864906,23.720013,27.352095,22.2402,22.498947,20.726217,20.325026,19.615528,17.549217,21.461594,19.668125,24.32609,24.60192,24.335022,26.918152,29.710917,27.010893,27.470814,23.930609,27.685143,27.983204,25.072895,22.370512,27.382486,24.677507,25.354567,28.355373,25.316755,28.775255,27.844988,28.963396,25.314829,20.700321,21.745043,18.367575,21.343159,20.538778,18.690542,22.604856,22.562204,24.868584,27.729347,26.615986,22.68782,21.894093,18.527954,16.25498,14.761095,11.837113,9.33348,6.8687415,8.023262,7.0856853,11.8465805,11.023927,15.259059,13.54839,12.851931,10.028058,7.5085077,3.7627606,7.462235,4.673328,9.21244,10.674049,13.941724,15.467314,20.033178,24.52311,23.440292,20.133446,23.168856,16.97592,19.028759,16.457724,18.128237
20,16.248692,12.478422,15.463718,11.182041,11.784391,15.447391,13.870003,20.056852,19.522882,23.70934,25.567163,24.022514,24.544876,21.679092,19.239536,15.739658,12.726222,10.00893,7.3203845,4.3737497,0.0,4.7139783,6.382347,8.764009,12.296702,12.922178,16.13208,16.10423,15.0833,16.538252,19.261229,19.64647,27.794222,26.996674,30.731083,33.147636,34.429806,33.4875,29.205463,24.957172,28.737766,23.278103,24.308243,21.965824,22.565306,21.239021,19.776377,22.927431,21.341484,25.783497,26.776335,26.674536,29.581705,32.690174,30.43725,31.252953,27.698286,31.506783,31.867907,28.680475,25.820229,30.351748,27.295279,27.4338,30.08538,26.492434,29.706102,28.226784,28.7525,24.784384,20.109236,20.687244,17.924063,19.6963,19.940496,17.332378,21.487677,21.939226,24.047037,27.225811,26.078382,22.051231,22.356783,18.688679,17.03922,14.328544,13.127527,9.380387,8.464493,9.029566,9.000689,12.563871,11.4573965,15.456177,12.63642,11.17179,8.119511,5.3202004,2.6594117,4.7920184,5.8671002,8.38115,11.82351,14.393805,17.115265,21.349867,25.562723,25.354244,22.246592,25.941849,19.759415,22.488575,20.11997,22.20646
21,13.387057,10.232681,14.428938,11.257549,12.90815,16.715605,16.510893,22.459778,22.854614,26.81902,29.274014,27.367813,27.327719,24.656223,21.548536,18.802647,14.770729,13.045085,9.243315,6.8143,4.7139783,0.0,5.582293,9.140039,11.599089,13.724366,16.403572,17.624287,17.292686,19.627836,22.144272,23.461864,31.370907,31.10093,34.64104,37.192142,38.654984,37.582157,33.45335,29.20618,32.520103,26.87714,27.545763,24.58571,25.06842,22.901512,20.826681,23.192753,20.971827,25.298368,26.906332,25.822891,28.581789,32.230537,30.39287,31.308697,28.447607,32.388405,33.365982,30.395725,27.313166,31.927557,29.40255,29.290289,32.675014,28.689934,32.076275,30.404503,31.194954,26.759375,22.344744,23.628498,21.372349,23.2477,24.203503,21.647575,25.934298,26.56748,28.66071,31.885895,30.711853,26.691793,27.027884,23.395395,21.663708,19.012678,17.473045,13.220475,11.582925,10.551284,8.951141,11.322444,8.389598,12.198593,8.858437,8.384201,4.9353023,4.8414335,3.8959289,8.461459,10.197298,13.026797,16.324389,18.863462,21.533548,25.823437,30.14839,29.710678,26.511122,29.877556,23.648838,25.815174,23.04217,24.554047
22,18.100203,14.758667,19.090616,15.946276,16.678692,21.014399,19.453856,25.926336,25.4945,29.5044,31.464474,30.274687,30.848728,28.045698,25.504408,22.088955,18.929344,16.18829,13.393532,9.9798565,6.382347,5.582293,0.0,4.145364,8.238031,10.55579,14.911724,15.766176,17.518166,18.941412,22.520735,23.013796,31.307455,31.119692,34.262806,37.135353,38.01289,36.527046,32.49876,28.242874,31.207018,25.237207,26.62991,22.97902,24.640491,21.841034,20.771563,22.299753,20.777678,24.654673,26.859346,26.633007,29.908352,33.575363,32.27787,33.797565,30.56287,34.48744,35.399017,31.891924,28.635374,32.38131,29.341549,28.530819,31.378893,26.822968,29.83483,27.596754,27.78225,23.12348,18.861372,19.845467,18.47877,19.439417,21.722202,19.019806,23.505917,24.842886,26.974909,30.332268,29.648188,25.6031,26.907242,22.969368,21.342903,17.96283,17.404299,11.984541,11.769396,10.292352,10.610049,11.469994,10.430448,13.20718,9.486767,6.817762,4.7615986,3.6470697,6.33483,6.5696516,11.53134,13.186787,17.261583,19.7142,22.49688,26.676153,30.50694,30.70507,27.721676,31.259352,24.969976,27.807068,25.001123,27.286352
23,20.469646,16.85589,20.959667,18.010502,17.944508,22.683655,20.191452,26.909056,26.119392,29.902922,31.791723,31.304031,32.194256,29.556665,27.234428,23.605736,21.045542,17.606115,16.005283,11.776175,8.764009,9.140039,4.145364,0.0,5.563965,7.1322384,12.397214,12.835735,15.997899,16.875504,20.992222,21.242281,29.465055,29.664444,32.331177,35.48308,36.090786,34.261784,30.479769,26.302446,28.670544,22.547586,24.185217,20.04265,22.38502,19.176538,18.82116,19.84762,18.944456,22.47032,24.835844,25.377632,28.953798,32.437172,31.461151,33.389603,29.885122,33.722694,34.588432,30.743837,27.41194,30.46414,27.165243,25.900127,28.453997,23.595673,26.392776,23.897894,23.897879,19.141436,15.0177,16.164186,15.361196,16.390823,19.423306,17.208515,21.790129,23.544386,25.908934,29.166414,29.060946,25.049118,26.575066,22.523321,20.561024,17.230167,16.58313,10.54194,11.041525,9.170206,10.853752,10.787122,11.698906,13.816914,10.890562,7.286322,6.956768,5.056979,8.46842,6.4946895,12.399267,13.918862,17.65851,20.41003,22.550255,26.785845,30.263018,30.517757,27.66105,30.864044,24.609241,27.631542,24.677776,27.410818
24,19.451443,16.110586,20.305952,18.614048,18.237642,23.443409,21.137188,27.811794,27.712013,30.940556,33.620598,33.487194,34.04449,31.905922,29.054127,25.979225,23.159126,19.710007,18.761093,13.876686,12.296702,11.599089,8.238031,5.563965,0.0,4.503307,8.194332,10.214814,14.7315645,16.476141,20.257391,21.827143,29.300682,30.638779,32.65667,36.140167,37.017536,34.85529,31.57741,27.556416,28.738205,22.566235,23.433315,18.453789,20.66664,16.299433,15.619365,15.38481,14.308846,17.436958,20.426575,20.733612,24.431782,28.133873,27.834236,30.244473,27.172306,30.989174,32.435413,28.58042,25.006046,27.545944,24.793459,23.02697,26.430132,21.16001,24.157707,21.620977,22.37629,17.253994,13.814546,16.618395,16.271605,18.706331,21.878801,20.700497,25.25132,27.04737,29.739832,32.75447,33.074173,29.08981,30.065563,26.070883,23.369427,20.83639,18.759861,12.621257,12.045903,8.562699,9.779913,7.192414,9.739589,10.422693,9.051381,5.6195683,7.575374,7.218412,10.834064,10.595942,15.341948,18.048645,20.838701,24.235397,25.339851,29.929117,33.440823,33.016346,30.051817,32.29911,26.026297,28.3649,24.79479,27.255907
25,21.360249,17.586964,20.900417,18.896538,17.640724,22.825083,19.499834,26.148579,25.551157,28.537941,31.003931,31.514816,32.41823,30.450066,27.990334,24.714043,22.713158,18.703465,19.015907,13.874929,12.922178,13.724366,10.55579,7.1322384,4.503307,0.0,6.0078897,6.2194605,11.576926,12.536407,16.68515,17.892145,25.218754,26.729193,28.458864,32.053448,32.805428,30.5116,27.390646,23.471405,24.32331,18.149752,19.134054,14.094964,16.727972,12.58194,12.807739,13.152451,13.064138,16.198215,18.436747,20.00417,23.848154,26.91055,26.356852,28.834917,25.172895,28.815718,29.838839,25.697824,22.242794,24.349747,21.123705,19.298496,22.199614,16.995275,19.944515,17.526659,18.323292,13.443532,9.639856,12.6908655,12.117674,15.411045,18.244816,17.790747,22.190042,23.990479,26.888964,29.667591,30.392805,26.520498,27.290201,23.375689,20.332575,18.255621,15.802111,9.860445,9.860446,6.912659,9.830084,8.272391,12.353099,13.5098095,12.862173,9.710236,10.8216,8.920106,11.682175,10.01724,14.215455,16.787762,18.849472,22.451254,22.78603,27.33262,30.536467,30.021515,27.208279,29.11018,23.027622,25.523245,22.03689,24.959288
26,19.956638,16.550766,19.097696,18.434599,16.707304,21.906918,18.935078,25.045263,25.323036,27.52369,30.903502,31.694141,32.135002,30.83132,27.87435,25.408873,23.31462,19.578081,20.729256,15.531645,16.13208,16.403572,14.911724,12.397214,8.194332,6.0078897,0.0,4.5307794,9.446731,11.907858,14.70059,17.866016,23.800934,26.524525,27.687962,31.405815,32.750782,30.38832,27.825275,24.209085,23.95887,18.238317,17.739935,12.499029,13.882685,8.765788,7.8303847,7.4619956,7.0944095,10.480157,12.53858,14.10225,17.992094,20.960236,20.723818,23.536932,20.231705,23.805796,25.367489,21.35905,17.721977,19.578657,17.19498,15.266216,19.549726,14.526454,18.021635,16.330847,18.57298,14.153119,11.411721,15.74692,14.75829,19.616438,21.389965,21.8949,26.009954,27.40014,30.521189,32.946957,33.837975,30.067839,29.85737,26.234722,22.529964,21.616081,17.549017,12.729445,11.199112,7.733883,9.391691,6.6438103,12.097813,12.389302,13.774009,11.976802,13.431551,12.253368,14.191441,14.296187,16.604565,20.26531,21.11132,25.216074,24.400766,29.186869,32.506573,31.034836,28.123775,28.824137,22.97917,24.3938,20.352066,22.713673
27,22.607367,18.786785,20.709446,19.205227,16.877739,21.8,17.739193,23.812431,23.248896,25.418201,28.220505,29.567556,30.51229,29.17256,26.842707,23.960615,22.77526,18.554802,20.574995,15.486352,16.10423,17.624287,15.766176,12.835735,10.214814,6.2194605,4.5307794,0.0,7.307032,8.104422,11.724947,13.898113,20.06293,22.586737,23.651192,27.432661,28.503723,26.06804,23.47667,19.890766,19.641558,13.789845,13.746533,8.474864,10.745374,6.4126124,7.526465,8.923057,10.048841,13.078555,13.85483,16.848436,20.623463,22.761074,21.95599,24.549143,20.427803,23.767405,24.535067,20.175236,16.824429,18.338718,14.951713,13.130665,16.293373,11.381831,14.795791,13.235131,15.210955,11.298188,7.9546447,11.992633,10.540079,15.979826,17.255352,18.309156,22.155594,23.532825,26.730417,28.96104,30.150229,26.535192,26.317455,22.798223,18.992058,18.38073,14.379991,10.128803,9.595083,7.6081343,10.820004,10.018511,15.191478,16.32633,17.030588,14.7092705,15.512237,13.251581,14.695516,13.313195,15.25426,18.305538,18.66632,22.693123,21.415588,25.991293,28.933966,27.636816,24.943945,25.629768,19.99269,21.895073,18.207886,21.263504
28,20.064997,16.188555,16.328367,14.677539,11.468805,15.669418,11.205102,16.747515,16.516382,18.333775,21.69526,22.989882,23.669243,22.764685,20.365416,18.024569,17.399498,13.408644,16.914883,12.656988,15.0833,17.292686,17.518166,15.997899,14.7315645,11.576926,9.446731,7.307032,0.0,4.8132873,5.8225684,9.983458,15.841,18.107603,19.993338,23.253698,25.262,23.615793,20.703602,17.095175,17.886602,12.95107,11.490008,9.33006,7.908953,7.721698,6.489945,11.851191,11.928287,15.884523,14.480432,16.904669,19.84878,21.230652,18.794044,20.295752,15.546778,18.940298,19.030113,14.952046,11.908501,15.463572,12.230867,12.737567,16.079348,13.493806,17.220087,17.273714,19.688614,17.148186,13.614505,16.20178,12.727957,18.743547,17.376741,18.578747,21.96398,22.216164,25.387785,27.317354,27.994843,24.499365,22.829096,19.809328,15.583857,16.428303,10.626908,9.151985,6.931164,7.3405976,9.460643,11.61045,15.633164,17.930462,18.821657,17.435131,16.979813,14.285111,13.720361,13.58947,12.214342,16.048807,14.642669,18.968565,16.577578,21.324997,24.686203,22.382076,19.45773,19.531433,13.847937,14.982416,11.042353,13.970148
29,24.38247,20.327108,20.527225,18.11321,14.860109,18.508627,13.076402,18.275364,16.639795,18.487778,20.683746,22.778254,24.25088,23.168898,21.763884,18.76777,19.268522,14.8681345,18.78395,14.822197,16.538252,19.627836,18.941412,16.875504,16.476141,12.536407,11.907858,8.104422,4.8132873,0.0,5.040706,5.968889,12.8571415,14.670778,16.41018,19.870338,21.298265,19.44067,16.394651,12.697117,13.622819,8.338547,7.9227304,6.5790973,6.7120156,8.259255,9.600405,14.262452,15.423244,18.747501,17.265558,20.770905,23.821997,24.725628,22.358475,23.872269,18.719467,21.607155,20.876131,16.53353,14.110947,16.465918,12.096802,12.457654,13.803293,11.607797,14.74983,14.885677,16.64344,14.93419,11.386348,12.875993,8.921313,15.162086,13.113478,15.091528,18.02245,18.355305,21.616047,23.312748,24.473747,21.19444,19.76282,16.832432,12.528852,13.7118845,8.439858,8.212182,8.191907,9.861167,13.106264,15.229105,19.357157,21.755045,22.074852,20.035583,19.521318,16.26957,15.847153,13.907028,12.833895,15.3081,13.5759325,17.536856,14.702562,19.02253,21.724924,19.915163,17.387213,17.646936,12.3459835,14.586059,11.610728,15.527841
30,24.39682,20.70455,19.63177,17.890984,14.208361,16.891705,11.651315,15.400637,14.360655,15.100082,18.1049,20.57966,21.69007,21.387228,19.892406,17.828304,18.799423,15.033403,19.797972,16.536993,19.261229,22.144272,22.520735,20.992222,20.257391,16.68515,14.70059,11.724947,5.8225684,5.040706,0.0,6.361479,10.2149725,12.974992,14.592517,17.722893,20.12274,18.74657,16.169739,13.124674,13.594848,10.209317,7.506414,8.806052,5.293701,9.477352,9.635782,15.230124,16.131145,19.365526,16.59561,19.976517,22.366814,22.469336,19.34893,20.281172,14.859065,17.38696,16.142633,11.972867,10.086874,13.222659,9.360534,11.435199,13.23127,12.899399,16.0936,17.358885,19.847784,18.847908,15.917079,17.585426,13.629883,19.806246,16.724112,18.979267,21.334057,20.958023,24.090746,25.326084,26.324429,23.371819,20.75561,18.537382,14.10727,16.566185,10.51497,12.142218,10.985671,12.781406,14.877529,17.403633,21.21931,23.623377,24.544334,23.14797,22.45988,19.470993,18.370275,17.593948,14.979627,17.925014,14.975053,18.901846,14.910594,19.03232,21.76745,18.80153,16.29442,14.999893,10.398651,11.036383,7.7095366,11.381596
31,28.477594,24.461285,23.84773,20.92226,17.512503,19.797749,13.833897,17.491814,14.473445,15.85606,16.699404,19.802279,22.024424,21.127808,20.977224,17.869734,19.99168,15.8611145,20.619873,17.835487,19.64647,23.461864,23.013796,21.242281,21.827143,17.892145,17.866016,13.898113,9.983458,5.968889,6.361479,0.0,8.593134,8.858161,11.291869,14.386693,15.754708,14.418045,10.893354,7.183195,9.711762,6.353739,6.557261,9.561642,8.9626045,13.09876,14.784247,19.665918,21.050337,24.155989,21.960266,25.782108,28.456875,28.628168,25.655464,26.527695,21.045555,23.258808,21.336508,17.356289,16.100235,18.19328,13.558003,15.029468,14.177512,14.17272,16.30995,17.285385,18.41128,18.20101,15.09254,14.839766,10.450075,15.684273,11.225808,14.071445,15.602276,15.047751,18.168934,19.164864,20.544584,17.864077,15.556307,13.501911,9.222237,12.214937,7.6312857,11.131111,12.039899,14.936048,17.987877,20.853071,24.482128,27.2733,27.279978,25.212294,24.23577,20.665861,19.574694,17.050117,14.6992445,15.803221,12.642682,15.755884,11.561093,14.933008,16.842997,14.8866005,12.925604,12.80451,8.688217,11.688219,10.490574,14.9165535
32,34.180553,30.574354,28.884514,26.891022,23.183247,24.39888,19.01059,20.13718,17.536198,16.537575,17.23785,21.824097,23.939125,24.344618,24.728828,22.864061,25.762194,22.403072,27.755302,25.396591,27.794222,31.370907,31.307455,29.465055,29.300682,25.218754,23.800934,20.06293,15.841,12.8571415,10.2149725,8.593134,0.0,6.1677217,4.831007,8.1191635,10.821936,9.793269,8.927191,8.744693,7.25007,9.740673,7.099125,13.141299,10.645296,16.56341,18.437086,23.057657,24.983671,27.161482,23.598537,28.112234,30.04186,28.726988,25.508524,25.965271,20.555141,21.304766,18.18674,14.889301,15.427215,15.727578,11.857044,14.648204,11.977336,15.480002,16.566547,19.280556,21.083797,22.628391,20.992228,21.045063,17.522358,22.59738,17.75529,21.478107,21.737988,20.65999,23.334066,23.0822,24.999332,23.428562,20.050282,19.529747,15.92219,19.91429,15.741967,19.614912,19.914309,22.37111,24.903696,27.41331,31.34206,33.757706,34.516193,32.780064,32.030632,28.689474,27.484758,25.534191,22.658255,23.900194,19.947876,22.487612,17.13619,19.012451,19.569572,16.391792,15.661869,12.058582,12.015119,12.366358,12.487857,15.802312
33,35.26873,31.52945,29.852982,26.972664,23.541092,24.089346,18.566156,19.257044,15.322722,14.905257,13.54868,18.381773,21.294075,21.262722,22.766045,20.41934,24.218834,21.080488,26.385653,24.901861,26.996674,31.10093,31.119692,29.664444,30.638779,26.729193,26.524525,22.586737,18.107603,14.670778,12.974992,8.858161,6.1677217,0.0,5.2341337,6.1874027,8.3459835,9.000597,5.9659567,5.869528,9.047465,11.430666,11.108009,16.680439,15.099041,20.602188,22.286922,27.285042,28.851658,31.610424,28.503376,32.567875,34.64191,33.77815,30.212906,30.263933,24.82291,25.869778,22.5487,19.648005,20.073708,21.491945,17.520231,20.103113,17.354939,19.985302,20.980213,23.03491,23.869303,25.224527,22.916117,21.759638,17.829348,21.631397,15.629393,18.904678,18.284492,16.41425,18.641493,18.011862,19.622095,18.53689,14.654657,14.988671,12.264107,16.793097,14.023886,19.236277,20.178493,23.465225,26.09811,29.371147,32.676373,35.657387,35.701843,33.807404,32.536533,28.902327,27.259405,24.810776,21.404037,21.491142,17.172682,18.679594,13.227352,13.850826,13.660311,10.822063,10.843952,8.158073,9.52716,11.367893,13.175782,16.719212
34,38.406013,34.6933,33.085148,30.68908,27.080103,28.019938,22.513857,23.281973,19.93112,18.926758,18.150831,23.183128,25.840704,26.152498,27.36094,25.254547,28.738844,25.422754,30.727367,28.682196,30.731083,34.64104,34.262806,32.331177,32.65667,28.458864,27.687962,23.651192,19.993338,16.41018,14.592517,11.291869,4.831007,5.2341337,0.0,4.195699,6.0248313,5.436676,5.673914,7.7990713,6.469511,11.292093,10.338262,16.355043,14.929382,20.561403,22.89202,27.25415,29.397932,31.4561,28.055378,32.78681,34.783657,33.380405,30.233746,30.62321,25.269848,25.783348,22.378511,19.422379,20.202225,20.029005,16.188978,18.538929,14.555225,18.401516,18.613785,21.294071,22.30183,24.61374,23.26192,22.376204,19.158213,23.198198,17.833696,21.832506,21.072119,19.749317,22.011854,21.058987,23.390808,22.561785,19.273277,19.504902,16.690224,20.825983,17.946634,22.311623,23.262308,26.017448,28.835945,31.45362,35.33919,37.88952,38.328907,36.3392,35.491463,31.955122,30.749784,28.173578,25.417023,25.78795,21.806637,23.586868,18.279476,18.984772,18.327122,15.801042,16.061354,12.656036,14.200065,15.180408,16.327698,19.63328
