,0,1,2,3,4,5,6,7,8,9,10,11,12,13,14,15,16,17,18,19,20,21,22,23,24,25,26,27,28,29,30,31,32,33,34,35,36,37,38,39,40,41,42,43,44,45,46,47,48,49,50,51,52,53,54,55,56,57,58,59,60,61,62,63,64,65,66,67,68,69,70,71,72,73,74,75,76,77,78,79,80,81,82,83,84,85,86,87,88,89,90,91,92,93,94,95,96,97,98,99,100,101,102,103,104,105,106,107,108
0,0.0,3.896129,6.926664,9.900359,11.950114,15.071572,16.908953,20.917444,24.226349,26.8419,30.486584,33.189312,31.70673,31.4313,25.027882,25.39448,21.925955,21.370117,18.444391,17.405489,17.923174,14.997491,17.827908,20.90782,20.341452,22.36258,22.583729,22.571207,25.615154,24.062214,29.890718,28.367216,34.37191,35.331505,33.005146,34.250835,38.28998,36.458393,33.959015,36.197887,39.56795,34.5331,34.638073,39.704147,40.345577,35.58153,37.51589,42.747543,45.20953,48.60483,49.397045,46.734898,48.638657,50.128956,45.200474,42.529377,39.189953,39.19128,44.550747,44.12369,37.695766,42.65484,42.033607,45.217384,41.612896,37.3171,38.85342,35.642056,32.821747,37.020023,34.81266,30.95225,31.317118,32.319946,33.910713,35.098194,32.09824,33.837524,32.656086,34.913475,32.74082,33.99423,30.501673,29.59831,30.16273,28.119646,27.510372,27.459717,26.098259,28.185623,26.774153,23.84162,28.4898,26.22214,21.708736,22.278856,26.574913,23.683384,18.711979,20.692165,19.266148,16.357363,20.48272,22.190298,26.83455,26.773428,29.302444,31.533442,32.760124
1,3.896129,0.0,5.1824317,6.3106217,8.664332,12.044347,13.781811,18.139284,21.071863,24.084808,27.491468,30.348248,28.913523,28.356424,22.17278,21.997774,18.43369,17.68229,14.758607,13.517299,14.167488,11.41283,14.788308,17.353617,16.680944,18.586208,18.708895,18.698349,21.80578,20.391157,26.258224,25.130054,30.997242,32.156097,29.600538,30.625937,34.711143,33.07055,30.366873,32.480465,36.009212,31.07983,30.975922,36.028885,36.871872,32.18142,33.927193,39.14921,41.7305,45.08523,45.736217,43.063515,44.842094,46.2824,41.324856,38.63462,35.3194,35.312496,40.682713,40.310497,33.90685,38.930748,38.427895,41.627712,38.039364,33.782425,35.423233,32.339817,29.286062,33.364788,31.343798,27.537338,27.61726,28.614716,30.07972,31.324944,28.28265,29.951128,28.859081,31.090763,29.023565,30.445368,26.91533,25.838894,26.300632,24.277838,23.634476,23.676956,22.431034,24.715864,23.441055,20.745502,25.49015,22.780907,18.302425,19.36728,23.427828,20.174913,15.39776,17.618643,16.891483,14.817299,18.519255,19.802944,24.44328,23.695137,26.494596,28.3957,29.855667
2,6.926664,5.1824317,0.0,5.309621,6.4304137,8.569323,10.914321,14.126363,17.777811,20.093622,23.824375,26.395603,24.829653,24.710596,18.257853,19.076101,15.882995,15.914024,13.502957,13.7181225,15.616298,13.792837,17.681715,19.561682,18.550182,19.90646,18.706623,18.2212,20.477365,18.809092,24.022152,22.156757,28.581184,28.971601,26.700375,28.417313,32.255375,30.029057,27.929277,30.493198,33.43657,28.457747,29.048897,34.052364,34.30634,30.002344,32.444042,37.27745,39.599495,42.88746,43.789703,40.859257,43.2572,45.0478,40.44653,38.18975,34.532288,35.206837,40.543304,39.528816,33.705013,38.91878,38.80369,41.6305,37.571507,33.56432,35.961994,33.047672,29.633425,34.033253,32.617706,28.772179,28.273813,29.876478,30.523874,32.350266,29.068712,29.937574,29.090202,30.41344,28.135422,29.235992,25.26917,24.65304,25.35972,24.04506,23.616947,24.764204,23.692432,26.571648,25.145235,22.691952,26.7614,23.59686,19.90363,20.479784,23.539925,19.875278,15.513277,16.063549,15.438382,13.155873,15.755825,17.338398,21.235157,21.404182,24.410576,26.682623,28.577682
3,9.900359,6.3106217,5.309621,0.0,3.965217,6.2296643,8.713827,12.695498,15.340034,18.643822,21.760502,24.661457,23.093,22.259369,16.27342,15.836257,12.135277,11.764293,8.7191725,8.655385,10.41838,9.056208,13.301731,14.556749,13.642671,14.708631,13.753982,13.133972,15.848003,14.273519,20.008497,18.921034,24.844715,25.950296,23.296812,24.364725,28.425053,26.829044,24.205683,26.375088,29.859219,25.220648,25.178333,30.16653,31.030521,26.86765,28.71506,33.60786,36.268566,39.473774,39.97796,36.990738,38.971466,40.545174,35.749413,33.2671,29.825493,30.249382,35.645386,35.03617,29.094069,34.395447,34.403835,37.405945,33.570892,29.58094,31.89726,29.208841,25.474186,29.418932,28.181067,24.537657,23.601807,24.845047,25.518145,27.143902,23.803732,24.79789,23.857199,25.445368,23.306608,24.711132,20.886719,19.90567,20.528616,18.895952,18.654732,19.62602,18.914886,21.951925,20.973421,19.018852,23.41283,19.58149,15.81073,17.591629,20.40169,16.123568,12.300341,13.737167,14.600065,14.015036,15.983026,16.616184,20.531157,19.083578,22.569426,24.044453,26.262566
4,11.950114,8.664332,6.4304137,3.965217,0.0,5.400423,5.1483703,10.038756,12.472263,15.72929,18.958185,21.956177,20.941202,20.349857,14.74939,13.773644,10.901557,9.853673,9.175509,8.399795,11.800641,11.1023035,16.01963,15.791878,14.049906,15.165132,12.87139,12.896223,14.754297,14.0985985,18.65028,18.254515,24.558664,25.045134,21.91784,23.28402,27.085394,24.934658,22.269701,24.71401,27.80107,22.586725,22.886694,27.949345,28.40136,23.842184,26.063257,31.019766,33.429485,36.76018,37.628693,35.014736,37.2016,38.963413,34.372288,32.24517,28.411968,29.19948,34.44753,33.205097,27.417452,32.615456,32.59813,35.308933,31.179996,27.238068,29.881954,27.137535,23.49182,27.988335,26.905087,23.109728,22.296946,24.409748,24.637596,26.963892,23.824444,24.35261,24.233915,25.262281,23.501293,25.182661,20.89865,19.675125,19.681328,19.00242,17.690731,19.446585,18.212723,21.433538,19.915092,17.885923,21.48857,17.811361,14.802613,15.518554,17.74258,13.656418,9.848174,10.170522,10.935322,10.699738,12.093391,12.670376,16.63094,15.507368,18.83175,20.627981,22.78884
5,15.071572,12.044347,8.569323,6.2296643,5.400423,0.0,6.001478,7.0569806,10.368031,13.065659,16.28131,18.898748,17.010878,16.412554,10.139684,10.841524,7.568961,8.947565,7.0437145,9.881752,12.936455,13.187946,17.251337,17.401707,16.254272,16.290407,13.57196,12.0492525,13.130244,11.160108,15.730541,13.717314,20.3097,20.524029,18.138391,20.028502,23.771172,21.589443,19.730383,22.406713,25.206585,20.798122,21.551403,26.353575,26.626505,23.3143,25.887182,30.085567,32.519634,35.53152,36.170258,32.730373,35.43297,37.406387,33.109673,31.208673,27.447529,28.779064,34.026363,32.699944,27.732658,33.222866,33.861153,36.356796,32.047867,28.553019,31.834597,29.587275,25.34038,29.33025,29.067486,25.64356,23.730911,25.56644,25.038761,27.318182,23.755623,23.544098,22.949373,23.160713,20.809338,21.788343,17.406126,17.08996,18.110365,17.590218,17.899252,20.38685,20.17761,23.843275,22.938402,21.631298,25.034046,20.555826,18.147982,19.637377,20.779844,15.930702,13.589072,12.720824,14.610658,14.793641,14.519497,14.878469,17.215523,16.231089,20.24579,21.723904,24.744074
6,16.908953,13.781811,10.914321,8.713827,5.1483703,6.001478,0.0,6.148272,7.6388335,11.031686,14.095931,17.211973,16.76779,16.271854,11.602967,9.738231,8.317385,6.9090433,9.397645,9.130192,13.679346,14.175669,19.165396,17.466957,15.21956,15.730546,11.7568035,11.966809,12.24434,12.569277,15.242838,15.651859,22.104559,21.881365,18.281229,19.998444,23.400614,20.69482,18.127045,20.895206,23.438786,17.850407,18.643282,23.659832,23.645308,19.105589,21.842203,26.546896,28.7236,32.059868,33.19837,30.745302,33.279495,35.30503,31.084452,29.482914,25.262157,26.696358,31.701416,29.703365,24.52521,29.6893,29.988844,32.23645,27.718218,24.10534,27.467096,25.015282,21.144352,25.915312,25.51844,21.867912,20.545753,23.511377,22.80399,25.91374,22.90784,22.533966,23.265472,23.298403,21.909859,23.738941,19.030376,17.732376,17.235289,17.85944,15.896563,18.915682,17.662283,21.251244,19.553577,18.074945,20.461882,16.482851,15.009309,15.089048,15.596269,11.319133,9.1233835,6.8674717,9.022791,10.43312,9.341722,9.113276,12.0881,10.816585,14.49923,16.30316,18.973595
7,20.917444,18.139284,14.126363,12.695498,10.038756,7.0569806,6.148272,0.0,4.841865,6.105718,9.78955,12.283441,11.147116,11.309229,6.257421,7.119495,7.2792897,8.787591,11.090956,13.51418,17.665428,18.72597,23.103321,21.701445,19.878973,19.54582,15.12476,14.073561,12.829233,12.29529,13.278145,11.959953,18.894806,17.43931,14.611325,17.534588,20.393154,16.912464,15.783663,19.163942,20.664894,15.72999,17.730608,22.248379,21.407295,18.424427,22.040873,25.590874,27.446936,30.421211,31.640377,28.434406,31.88963,34.345097,30.771591,29.776258,25.472086,27.79971,32.55731,30.009794,26.128899,31.383993,32.39321,34.12847,29.288836,26.371132,30.540545,28.641144,24.39173,28.772896,29.296955,26.053478,23.792685,26.767372,25.093393,28.395336,25.147558,23.73778,24.35418,23.090912,21.299456,22.329378,17.42249,17.222212,17.560116,18.965927,18.334602,22.248808,21.812225,25.699266,24.398256,23.49179,25.340502,20.97684,20.298054,20.593409,19.92407,15.499825,14.761806,11.265029,13.642953,14.836126,11.9349985,11.754484,11.827093,11.897484,15.890187,17.624613,21.12039
8,24.226349,21.071863,17.777811,15.340034,12.472263,10.368031,7.6388335,4.841865,0.0,4.789007,6.6236753,9.929544,9.972781,9.274832,7.3386245,4.033278,6.7453504,6.9801984,11.655095,13.23662,17.609917,19.363176,23.71741,21.037014,18.927849,18.233425,13.102955,12.552386,10.083553,11.160775,9.986609,11.153001,17.231382,15.854348,11.8725195,14.356936,16.956537,13.451823,11.600049,14.977445,16.4609,11.061073,12.999278,17.56267,16.825832,13.679169,17.247692,20.771557,22.713203,25.736645,26.9403,24.06263,27.363281,29.833788,26.364195,25.63685,21.142906,23.746134,28.256556,25.355122,21.81597,26.945353,28.147959,29.63859,24.726854,22.086588,26.580023,25.034088,20.668915,24.913012,25.936491,23.011036,20.36981,23.77568,21.523298,25.285795,22.35935,20.426775,21.885908,20.122025,19.041376,20.606913,15.654854,14.844312,14.276181,16.733017,15.281681,19.827917,19.414736,23.324352,22.09827,21.79991,22.857805,18.32081,18.765999,19.093983,17.216291,12.868294,13.793117,9.890756,13.531055,16.198385,12.569061,11.161482,10.35682,8.433609,12.812337,13.669136,17.640322
9,26.8419,24.084808,20.093622,18.643822,15.72929,13.065659,11.031686,6.105718,4.789007,0.0,4.303412,6.4735837,6.8859816,7.9232044,7.1695123,7.3281116,10.470102,11.709521,15.647655,17.84242,22.152983,23.752123,28.06364,25.737656,23.687431,22.974758,17.86839,17.076853,14.30112,14.848313,12.545695,12.304517,18.331327,15.493579,12.456926,16.03447,17.701113,13.1229,13.019696,16.790915,16.771395,11.807045,15.087927,18.863064,16.891901,14.842922,19.28688,21.796814,23.053503,25.829056,27.489658,24.467934,28.578993,31.425089,28.667196,28.550478,24.01313,27.16648,31.280962,27.76209,25.212456,30.060802,31.499275,32.48859,27.364483,25.225492,30.06705,28.692072,24.530848,28.804317,30.120272,27.29578,24.652126,28.242468,25.63468,29.543282,26.661856,24.290266,25.783863,23.330006,22.123177,23.108128,18.246935,18.189398,18.00502,20.807787,19.755083,24.47579,24.103783,27.979538,26.628412,26.251547,26.87221,22.678694,23.370142,23.127747,20.949083,17.176477,17.994236,13.4032,16.1065,18.15176,13.695309,12.772308,10.013084,10.69443,14.202669,15.626139,19.545858
10,30.486584,27.491468,23.824375,21.760502,18.958185,16.28131,14.095931,9.78955,6.6236753,4.303412,0.0,3.546255,5.6961613,5.943217,8.994005,7.574906,11.798128,12.832348,17.335316,19.455446,23.576694,25.663727,29.70693,26.730453,24.712347,23.584677,18.319675,17.549881,13.931593,15.166811,10.804195,11.962556,16.673943,13.515858,10.013814,13.495013,14.373146,9.43306,9.764404,13.554947,12.738624,8.152547,12.013451,15.13955,12.814899,11.957797,16.447083,18.116327,19.285995,21.831518,23.423954,20.329588,24.669922,27.661318,25.33979,25.703114,21.186592,24.79078,28.464115,24.575377,22.984108,27.58778,29.432854,30.039522,24.930462,23.395864,28.565613,27.719885,23.4842,27.247517,29.205154,26.861082,23.725187,27.387064,24.165083,28.26785,25.646868,22.657196,24.640038,21.464893,20.748888,21.803734,17.200457,17.100283,16.57292,20.16497,19.112206,24.189047,24.135468,27.955376,26.879208,27.089455,27.149755,22.835218,24.325045,24.341074,21.284744,17.70643,19.69743,15.248631,18.597998,21.374258,16.708765,15.149129,11.695512,10.99796,14.302806,14.657779,18.960934
11,33.189312,30.348248,26.395603,24.661457,21.956177,18.898748,17.211973,12.283441,9.929544,6.4735837,3.546255,0.0,4.421778,6.087738,10.447365,10.593537,14.657206,16.202946,20.25599,22.81495,26.818747,28.913843,32.823853,30.041916,28.139854,26.896564,21.711319,20.690332,16.968822,17.809105,13.027456,13.2325535,17.2989,13.166641,10.80273,14.750182,14.751189,9.359364,11.376306,15.031359,13.017559,9.854123,14.134979,16.310436,13.230523,13.884657,18.501135,19.132057,19.797323,21.904783,23.643774,20.28695,25.201567,28.415983,26.722435,27.524458,23.175865,27.09091,30.410675,26.25757,25.515614,29.880182,31.968597,32.241875,27.146303,26.051485,31.368935,30.739714,26.581787,30.127455,32.349113,30.167145,26.900517,30.4986,27.040468,31.105968,28.50489,25.223759,27.119984,23.477041,22.678307,23.265554,18.942413,19.380566,19.20867,22.888987,22.298504,27.419607,27.543283,31.355087,30.346312,30.615301,30.524048,26.284952,27.866499,27.813387,24.624456,21.213055,23.197582,18.617477,21.672602,24.171352,19.29316,17.963388,13.853283,14.120634,16.914852,17.327806,21.519978
12,31.70673,28.913523,24.829653,23.093,20.941202,17.010878,16.76779,11.147116,9.972781,6.8859816,5.6961613,4.421778,0.0,3.538776,7.334968,9.658157,12.927697,15.631914,18.37383,21.96359,25.54494,27.603481,31.127392,29.069357,27.592186,26.15341,21.390247,19.592787,16.211756,15.860298,12.047297,10.017602,14.542058,10.200505,9.08149,13.605253,14.169666,9.378161,11.893911,15.49678,14.28846,12.21911,15.823254,18.23364,16.023153,17.033897,21.142355,21.933998,23.098043,25.00782,26.11897,21.840755,26.692848,29.76513,27.773396,28.149786,24.10796,27.812813,31.506409,28.056787,27.000443,31.779778,33.97275,34.651035,29.728271,28.373377,33.515175,32.80425,28.291723,31.543257,33.666695,31.421282,27.864246,30.823334,27.576391,31.139605,28.118015,24.98475,26.023874,22.46432,20.944979,20.91123,16.656336,17.848007,18.704197,21.709248,22.35813,27.238499,27.842638,31.811758,31.150936,31.37267,32.086994,27.385712,28.260792,28.92173,26.381868,22.257383,23.741741,19.68284,22.85128,24.8999,20.568731,19.605022,16.373178,16.401619,19.87107,20.323473,24.648054
13,31.4313,28.356424,24.710596,22.259369,20.349857,16.412554,16.271854,11.309229,9.274832,7.9232044,5.943217,6.087738,3.538776,0.0,6.9119534,7.6335945,10.996557,13.730787,16.421936,20.069962,23.350615,25.714897,28.95156,26.627901,25.316853,23.589403,18.978859,16.979193,13.367533,13.116157,8.690511,7.3400755,11.461002,7.7529263,5.607451,10.098546,11.0564575,6.7772293,8.874571,12.34871,11.88202,10.363575,13.30748,15.802346,14.435132,15.688959,19.167482,20.053013,21.731901,23.609947,24.202332,19.600224,24.11027,27.01546,24.736876,24.90102,21.003176,24.62667,28.4129,25.339132,24.228745,29.139492,31.47002,32.328136,27.603937,26.258352,31.307549,30.77773,26.061363,28.868488,31.161757,29.137093,25.239897,27.878199,24.535404,27.928082,24.88652,21.638592,22.616676,18.940422,17.482216,17.580145,13.333051,14.472504,15.42248,18.49507,19.526022,24.385857,25.342182,29.300367,28.978752,29.528013,30.393824,25.398203,26.338518,27.588556,24.979883,20.584131,22.499174,18.991304,22.740114,25.219551,21.200726,19.894321,17.249865,15.857989,19.695337,19.483019,23.995369
14,25.027882,22.17278,18.257853,16.27342,14.74939,10.139684,11.602967,6.257421,7.3386245,7.1695123,8.994005,10.447365,7.334968,6.9119534,0.0,6.4212213,7.1447287,10.928604,11.876346,16.224941,19.46758,21.174843,24.582413,23.440628,22.29185,21.057615,16.942326,14.600387,12.537473,10.746568,10.648662,6.7321944,13.661776,11.682737,10.147053,13.766544,16.357048,13.180414,13.440889,16.767208,17.913712,14.925979,17.092318,20.835804,20.108734,19.287977,22.68732,25.051838,27.048239,29.42424,30.062584,25.732998,29.619171,32.18579,29.016104,28.249128,24.351816,27.117527,31.692083,29.362877,26.582026,31.956509,33.67596,35.245342,30.54698,28.238487,32.743996,31.471157,26.746267,30.145124,31.466679,28.787785,25.493809,27.796926,25.49074,28.433905,24.921175,22.790068,22.818453,20.590347,18.267342,18.346823,13.683863,14.7707615,16.348713,17.87148,19.171135,23.343372,24.01794,28.06437,27.545517,27.351057,29.30382,24.292524,23.88045,25.256624,24.054182,19.15763,19.45187,16.455015,19.589642,21.066929,18.027998,17.510149,16.44411,15.741188,20.005241,20.778038,24.907358
15,25.39448,21.997774,19.076101,15.836257,13.773644,10.841524,9.738231,7.119495,4.033278,7.3281116,7.574906,10.593537,9.658157,7.6335945,6.4212213,0.0,4.481171,6.1113577,9.959102,12.599165,16.287636,18.573603,22.287954,19.585701,17.961546,16.602074,11.7591095,10.243378,7.1697364,7.8141894,6.2445307,7.704434,13.4124,12.766579,8.6015005,10.70242,13.789592,11.162585,9.049737,12.175509,14.404435,10.302204,11.4801655,15.898393,15.997839,14.04492,16.816946,19.948097,22.372608,25.078438,25.601936,22.013083,25.141562,27.47547,23.850475,22.91042,18.719463,21.325891,25.964827,23.603125,20.309576,25.688967,27.281954,28.942307,24.3107,21.876799,26.344654,25.184267,20.398975,23.793928,25.228346,22.696709,19.281733,21.99936,19.490812,22.888243,19.713104,17.486345,18.534708,16.468258,15.148962,16.588583,11.641748,11.040452,11.078851,13.506289,13.3383465,17.96664,18.419037,22.44281,21.91396,22.169048,23.62682,18.48544,18.862541,20.375645,18.47417,13.561388,15.097614,12.3603735,16.570961,19.381289,16.289999,14.764802,14.185108,11.077817,15.624871,15.469272,19.726772
16,21.925955,18.43369,15.882995,12.135277,10.901557,7.568961,8.317385,7.2792897,6.7453504,10.470102,11.798128,14.657206,12.927697,10.996557,7.1447287,4.481171,0.0,4.5575943,5.6153426,9.437446,12.647053,14.75678,18.272621,16.406427,15.216104,13.922471,9.960356,7.578108,6.475347,5.0329437,8.179584,7.894562,13.914645,14.532911,11.213633,12.571733,16.408136,14.788657,12.469603,14.925831,18.057192,14.435351,14.732888,19.29007,20.079834,17.779018,19.894907,23.51917,26.253231,28.977829,29.155388,25.399857,28.016672,30.001432,25.854311,24.198263,20.431675,22.24916,27.326117,25.891617,21.718777,27.319386,28.620737,30.845638,26.561447,23.645714,27.49173,26.015617,21.186617,24.405472,25.245487,22.499449,19.290817,21.191652,19.52539,22.176819,18.605341,17.283493,17.253746,16.3382,14.329927,15.667861,10.859684,10.280856,11.217306,11.885313,12.727127,16.44587,17.142708,21.171082,20.912125,20.880756,23.442724,18.107578,17.249401,19.588104,18.916153,13.519338,13.899819,12.538935,16.48801,18.705109,16.82354,15.762875,16.615839,13.526968,18.129751,18.194544,22.061821
17,21.370117,17.68229,15.914024,11.764293,9.853673,8.947565,6.9090433,8.787591,6.9801984,11.709521,12.832348,16.202946,15.631914,13.730787,10.928604,6.1113577,4.5575943,0.0,6.418425,6.691921,10.860478,13.022348,17.193336,14.078877,12.110802,11.284825,6.43026,5.989837,5.3680573,6.9710817,9.422646,11.861649,17.023846,17.91233,13.665929,14.154853,17.910648,16.407652,12.891569,14.967852,18.51109,13.875162,13.420694,18.407043,19.54055,15.805345,17.434837,21.966602,24.78939,27.85834,28.216478,25.400103,27.395296,29.162495,24.684814,22.83831,18.84349,20.211353,25.34472,23.870031,18.821835,24.312996,25.140585,27.54342,23.307564,19.972322,23.527927,21.76874,17.106813,20.837847,21.260128,18.256985,15.534702,18.036272,16.703188,19.767677,16.599804,15.7610855,16.648815,16.452522,15.39839,17.722162,13.152799,11.173518,10.335898,11.280683,9.706512,13.470642,13.319942,17.320951,16.647764,16.555178,18.896997,13.642503,13.055657,15.171055,14.421444,8.979173,9.738422,8.90102,13.323922,16.30429,14.741524,13.189049,14.959564,10.679692,15.100863,14.937164,18.426228
18,18.444391,14.758607,13.502957,8.7191725,9.175509,7.0437145,9.397645,11.090956,11.655095,15.647655,17.335316,20.25599,18.37383,16.421936,11.876346,9.959102,5.6153426,6.418425,0.0,5.981051,7.743313,9.610297,12.791126,11.959653,11.468145,10.414467,8.519677,5.7263665,8.134473,5.642039,12.174914,11.7477,16.708939,18.681623,15.839269,16.135782,20.401812,19.779484,16.950562,18.62458,22.609356,19.228468,18.574806,23.195103,24.756895,21.917124,23.174883,27.377079,30.444304,33.233788,33.053364,29.43133,31.263407,32.759663,28.02891,25.56517,22.380594,23.106337,28.509232,28.173824,22.9937,28.607225,29.45078,32.31798,28.5788,25.170273,28.092901,26.29441,21.64401,24.501463,24.528791,21.653627,18.92564,19.72351,19.306686,20.929281,17.153696,17.240793,16.0841,16.963491,14.666189,16.167986,12.258941,11.238999,12.492184,10.875235,12.400438,14.395007,15.2795725,19.015867,19.15191,18.83807,22.674707,17.3908,15.024304,18.476547,19.29833,13.855248,12.978653,13.816903,17.244507,18.899733,18.660517,17.94598,20.289848,16.899239,21.255798,21.304697,24.586866
19,17.405489,13.517299,13.7181225,8.655385,8.399795,9.881752,9.130192,13.51418,13.23662,17.84242,19.455446,22.81495,21.96359,20.069962,16.224941,12.599165,9.437446,6.691921,5.981051,0.0,4.884617,6.510517,11.132874,8.373884,6.514718,6.86753,5.2396827,5.8873367,9.257095,9.7115755,14.855321,16.67779,21.22555,23.247173,19.453274,19.121067,23.25361,22.630032,18.7939,20.095823,24.381504,20.067883,18.723583,23.600555,25.47139,21.190708,21.79988,26.926205,30.020723,33.157665,33.187496,30.662697,31.762691,32.957115,27.870823,25.138239,21.863707,21.835115,27.220821,27.012648,20.740232,26.023766,26.099817,29.283506,25.812433,21.859423,24.018595,21.726727,17.57861,20.953785,20.05603,16.754206,15.130019,16.333065,16.88293,18.695047,15.555367,16.659174,16.508366,18.442453,17.299175,19.834808,16.198874,13.842885,13.202789,11.685054,10.158558,11.159562,10.635361,14.116376,13.696729,12.96219,17.172174,12.264294,9.17869,12.864167,14.527296,9.551739,7.983331,10.835133,14.041615,16.217117,16.92061,15.909861,19.477575,15.317741,19.014624,18.952042,21.395222
20,17.923174,14.167488,15.616298,10.41838,11.800641,12.936455,13.679346,17.665428,17.609917,22.152983,23.576694,26.818747,25.54494,23.350615,19.46758,16.287636,12.647053,10.860478,7.743313,4.884617,0.0,3.5263004,6.520506,4.547782,4.9583297,4.953426,7.5382705,7.256743,11.649873,11.162626,17.304203,18.723661,22.248621,25.224459,21.918427,20.90993,25.227123,25.50728,21.650757,22.342737,27.131863,23.676731,21.76827,26.301888,28.80297,25.020306,24.931534,29.888844,33.27497,36.200394,35.698204,32.923683,33.469902,34.253857,28.894953,25.600649,23.120474,22.30094,27.722246,28.604723,22.180037,27.324759,27.343065,30.929445,28.109358,24.20893,25.640533,23.536644,19.54058,21.774073,20.593979,17.772875,16.118177,15.615791,17.115295,17.552282,14.298495,16.472961,15.074256,18.256186,16.909273,19.317999,16.691383,14.414533,14.4175825,11.22865,11.37885,10.336016,10.891171,13.663176,14.359368,13.998715,19.082344,14.366968,10.475828,15.497775,17.818256,13.299536,11.870671,15.567518,18.466394,20.242332,21.57077,20.692875,24.360998,20.008812,23.636639,23.196617,25.499804
21,14.997491,11.41283,13.792837,9.056208,11.1023035,13.187946,14.175669,18.72597,19.363176,23.752123,25.663727,28.913843,27.603481,25.714897,21.174843,18.573603,14.75678,13.022348,9.610297,6.510517,3.5263004,0.0,5.3661695,6.047181,6.4433975,7.8475647,10.389648,10.489919,14.757387,14.021842,20.341553,21.2033,25.20799,27.956327,24.795229,24.132647,28.45883,28.417149,24.6907,25.618313,30.252874,26.414564,24.766184,29.445925,31.706215,27.533226,27.682734,32.855354,36.12007,39.17866,38.88134,36.233177,36.863304,37.67108,32.30101,28.999104,26.475445,25.568127,30.945086,31.782677,25.1385,30.130293,29.822,33.4767,30.672281,26.566261,27.692759,25.237991,21.669474,24.253847,22.510883,19.419764,18.595211,18.177904,20.141094,20.464497,17.456953,19.89942,18.447142,21.763489,20.289614,22.478926,19.82485,17.788345,17.860964,14.742515,14.540347,13.174232,13.002298,15.244212,15.47763,14.304381,19.820496,15.821598,11.145427,15.579099,18.894348,14.86293,12.1995325,16.3018,18.31928,19.336637,21.520773,21.077234,25.290531,21.553032,24.929989,24.98255,26.909668
22,17.827908,14.788308,17.681715,13.301731,16.01963,17.251337,19.165396,23.103321,23.71741,28.06364,29.70693,32.823853,31.127392,28.95156,24.582413,22.287954,18.272621,17.193336,12.791126,11.132874,6.520506,5.3661695,0.0,6.514164,9.157614,9.608912,13.84795,13.220967,17.660427,16.29135,22.98374,23.479897,26.39095,29.931503,27.298086,26.085207,30.460264,31.232035,27.591925,28.007582,32.981743,30.006931,27.946095,32.25434,35.029076,31.467724,31.08974,35.9604,39.473305,42.27846,41.458443,38.487778,38.670227,39.11696,33.626408,29.920116,28.18837,26.710432,31.966093,33.76444,27.283724,32.102306,31.892704,35.792416,33.55651,29.65047,30.301285,28.18828,24.684153,26.128962,24.414074,21.97556,20.882566,18.992163,21.48751,20.519659,17.564686,20.655327,18.046967,22.193949,20.53874,22.387625,20.832796,19.07438,19.768557,15.612925,16.966352,14.415517,15.354846,16.880634,18.173145,17.613617,23.339188,19.42381,14.860699,19.98262,23.263115,19.346287,17.286388,21.497732,23.670563,24.610466,26.858622,26.387188,30.423433,26.398655,29.887936,29.545141,31.55794
23,20.90782,17.353617,19.561682,14.556749,15.791878,17.401707,17.466957,21.701445,21.037014,25.737656,26.730453,30.041916,29.069357,26.627901,23.440628,19.585701,16.406427,14.078877,11.959653,8.373884,4.547782,6.047181,6.514164,0.0,3.5111187,3.7517407,8.917186,9.708694,13.867865,14.244675,19.661358,22.06353,24.641987,28.101751,24.575954,22.825405,26.999123,27.889942,23.60517,23.645685,28.75891,25.621853,23.01144,27.203531,30.275684,26.381273,25.399342,30.454935,34.007393,36.857895,36.049664,33.737396,33.484283,33.8093,28.231508,24.551823,22.66777,20.955769,26.157831,27.829487,21.054316,25.726912,25.39592,29.310373,27.196465,23.293886,23.822796,21.85152,18.298435,19.640572,17.990854,15.637477,14.400905,12.747423,15.350441,14.875616,12.240541,15.525689,14.202403,18.393505,17.793995,20.640062,18.775867,15.987531,15.3233795,11.782244,11.267072,8.164616,8.899575,10.605931,12.179964,12.446456,17.745129,13.492081,9.608368,15.451709,17.915764,14.25786,13.522555,17.98643,20.864737,23.006546,24.566074,23.404636,27.219872,22.240393,25.458216,24.464561,26.338282
24,20.341452,16.680944,18.550182,13.642671,14.049906,16.254272,15.21956,19.878973,18.927849,23.687431,24.712347,28.139854,27.592186,25.316853,22.29185,17.961546,15.216104,12.110802,11.468145,6.514718,4.9583297,6.4433975,9.157614,3.5111187,0.0,3.338161,6.764057,8.877649,12.630201,13.898861,18.619276,21.606422,24.751217,27.670816,23.690374,22.206846,26.255577,26.630695,22.163202,22.456623,27.339607,23.556183,21.083166,25.498447,28.28734,23.810686,23.005234,28.378288,31.765211,34.816563,34.374393,32.47537,32.39146,32.905777,27.40886,24.025497,21.592457,20.188177,25.384275,26.381136,19.364267,24.052565,23.523436,27.303734,24.863087,20.74912,21.46676,19.195686,15.672074,17.914146,16.0945,13.185338,12.366465,12.053373,14.344153,14.963307,12.582195,15.364407,15.181329,18.715492,18.448252,21.570179,19.058422,15.986725,14.573407,12.071478,9.680613,7.435481,6.6260524,8.918198,9.5374155,9.474755,14.65418,10.297917,6.2621827,12.050992,14.472334,10.931124,10.200705,14.836855,17.706768,20.179255,21.61496,20.305517,24.244856,19.21218,22.197605,21.306805,22.984224
25,22.36258,18.586208,19.90646,14.708631,15.165132,16.290407,15.730546,19.54582,18.233425,22.974758,23.584677,26.896564,26.15341,23.589403,21.057615,16.602074,13.922471,11.284825,10.414467,6.86753,4.953426,7.8475647,9.608912,3.7517407,3.338161,0.0,5.524894,6.718869,10.484928,11.671909,16.31754,19.474487,21.957752,25.231321,21.381262,19.52073,23.596548,24.447794,20.01319,20.008154,25.101437,21.98403,19.271585,23.45848,26.545683,22.77653,21.764458,26.739927,30.301497,33.132835,32.35898,30.07212,29.937489,30.408688,24.894953,21.41594,19.185354,17.837948,23.164534,24.413498,17.767717,22.71947,22.707972,26.42503,24.004698,20.225203,21.342653,19.599848,15.52895,17.049398,16.074202,13.721345,11.578303,10.66946,12.364604,12.773079,9.834079,12.447334,11.902972,15.482341,15.199754,18.38739,16.14751,12.997574,11.793523,8.841459,7.560615,5.4014716,6.5858574,9.455481,10.950717,11.838943,16.335323,11.308066,8.579235,14.362897,15.700897,11.5811825,11.9970255,15.821793,19.357264,22.118946,22.874739,21.361494,24.670101,19.29544,22.64556,21.331055,23.530079
26,22.583729,18.708895,18.706623,13.753982,12.87139,13.57196,11.7568035,15.12476,13.102955,17.86839,18.319675,21.711319,21.390247,18.978859,16.942326,11.7591095,9.960356,6.43026,8.519677,5.2396827,7.5382705,10.389648,13.84795,8.917186,6.764057,5.524894,0.0,4.1096683,6.277711,8.996246,12.2071705,16.111443,19.442978,21.75552,17.353233,16.098211,20.001001,19.98712,15.490898,16.109573,20.755535,16.86747,14.623388,19.255371,21.750986,17.674858,17.401209,22.484518,25.81861,28.836964,28.568935,26.350307,26.95181,27.972448,22.802345,20.066538,16.766157,16.664255,22.015026,21.847296,15.5647,20.929796,21.279879,24.420036,21.07396,17.34393,19.724358,17.96981,13.331562,16.196579,16.043516,13.247014,10.49186,12.066978,11.845269,14.26659,11.335709,11.938859,12.927378,14.550347,14.393187,17.651243,14.238471,10.984271,8.963796,8.381518,4.9609194,7.230959,7.2106752,11.217773,11.349357,12.064503,15.170205,9.483562,8.49544,12.699751,12.553341,7.440553,9.069602,11.361516,15.624363,18.991987,18.647038,16.807463,19.507685,13.976031,17.6033,16.355408,19.069689
27,22.571207,18.698349,18.2212,13.133972,12.896223,12.0492525,11.966809,14.073561,12.552386,17.076853,17.549881,20.690332,19.592787,16.979193,14.600387,10.243378,7.578108,5.989837,5.7263665,5.8873367,7.256743,10.489919,13.220967,9.708694,8.877649,6.718869,4.1096683,0.0,4.44935,5.218284,10.136315,12.862298,16.096659,18.795397,14.989003,13.8279085,18.074257,18.371527,14.437848,15.175672,19.905508,16.87442,14.983876,19.42842,21.892439,18.971165,19.089672,23.451172,26.857573,29.588108,29.027994,25.878876,26.89481,28.045862,23.009892,20.276703,17.231314,17.532757,22.977398,23.019993,17.559805,23.14865,24.059519,27.055534,23.669838,20.36674,23.105015,21.703081,16.847961,19.039785,19.442953,17.038588,13.638215,14.291543,13.591026,15.387843,11.733672,11.782003,11.444352,12.669685,11.49669,14.25777,10.732724,8.007288,7.7206087,6.1550803,6.813661,9.1828575,10.662248,14.530091,15.228798,15.949535,19.279337,13.575277,12.263157,16.533024,16.424397,11.0579195,12.145508,13.624463,17.920086,20.793978,20.186552,18.634634,20.78098,15.778394,19.928394,18.840992,22.1006
28,25.615154,21.80578,20.477365,15.848003,14.754297,13.130244,12.24434,12.829233,10.083553,14.30112,13.931593,16.968822,16.211756,13.367533,12.537473,7.1697364,6.475347,5.3680573,8.134473,9.257095,11.649873,14.757387,17.660427,13.867865,12.630201,10.484928,6.277711,4.44935,0.0,4.788956,6.0002217,10.423565,13.494862,15.538363,11.124524,10.042442,14.077111,14.083126,10.003056,11.005259,15.515345,12.578882,10.870014,15.317203,17.563787,15.2413645,15.706348,19.574986,22.894897,25.531427,25.080824,21.767384,23.274685,24.79132,20.147736,18.078768,14.468981,15.853129,21.04596,20.18152,15.674923,21.344889,22.801926,25.231258,21.409922,18.632063,22.251972,21.294477,16.19708,18.47652,19.826479,17.720512,13.676716,15.32151,13.177369,15.981719,12.620218,10.961896,11.8691435,11.101061,10.369465,13.160734,8.967047,6.1753755,5.0879555,6.7192955,6.8113017,11.150778,12.527542,16.497604,16.93125,18.01045,20.123362,14.384642,14.597117,17.909218,16.374088,11.110919,13.523521,13.36659,18.137434,21.506159,19.732555,17.813745,18.770712,13.566903,17.859793,16.397552,20.223463
29,24.062214,20.391157,18.809092,14.273519,14.0985985,11.160108,12.569277,12.29529,11.160775,14.848313,15.166811,17.809105,15.860298,13.116157,10.746568,7.8141894,5.0329437,6.9710817,5.642039,9.7115755,11.162626,14.021842,16.29135,14.244675,13.898861,11.671909,8.996246,5.218284,4.788956,0.0,7.2595305,7.8406105,11.546032,14.067544,11.034235,10.6585455,15.012035,15.159713,12.3785095,13.653072,17.824492,15.712316,14.758117,18.827581,20.759314,19.269499,20.197369,23.544542,26.772396,29.168415,28.544828,24.39805,26.298569,27.851774,23.371729,21.1781,18.123472,19.414131,24.615574,24.215702,20.084446,25.75271,27.307331,29.834574,26.130053,23.397978,26.853354,25.797058,20.743677,22.759521,23.885939,21.715553,17.821575,18.522451,16.899267,18.721233,14.861516,13.625882,12.654014,12.10103,9.699845,11.250634,6.878541,5.970522,8.122076,7.4984236,10.667882,13.789783,15.694107,19.582014,20.28527,20.967564,23.929466,18.20509,17.26364,20.93919,20.31457,14.812631,15.8847,15.8679695,20.168821,22.677292,21.270706,19.94626,20.987864,16.846098,21.38159,20.535318,24.41332
30,29.890718,26.258224,24.022152,20.008497,18.65028,15.730541,15.242838,13.278145,9.986609,12.545695,10.804195,13.027456,12.047297,8.690511,10.648662,6.2445307,8.179584,9.422646,12.174914,14.855321,17.304203,20.341553,22.98374,19.661358,18.619276,16.31754,12.2071705,10.136315,6.0002217,7.2595305,0.0,7.091871,9.16294,10.127828,5.265068,4.8074346,8.562469,8.300227,5.198039,7.005113,10.588841,9.301136,8.772406,12.221522,13.811793,13.868104,15.1056,17.234467,20.262156,22.37749,21.85167,17.512339,20.155619,22.257723,18.586843,17.61549,13.922741,16.778975,21.213224,19.435305,17.132795,22.489767,24.779215,26.381237,22.279375,20.551992,25.000526,24.686714,19.608597,21.454605,23.818598,22.219906,17.71881,19.58072,16.280386,19.31604,16.227308,13.015215,14.142617,10.868163,10.000192,11.672921,7.22788,6.4559484,6.7557516,10.173142,11.580347,16.277052,17.936508,21.767466,22.211025,23.49677,24.773762,19.25447,20.275232,22.90513,20.406404,15.601733,18.447523,16.781961,21.511145,24.85164,21.93877,19.98823,19.201385,14.804439,19.035507,17.427713,21.848667
31,28.367216,25.130054,22.156757,18.921034,18.254515,13.717314,15.651859,11.959953,11.153001,12.304517,11.962556,13.2325535,10.017602,7.3400755,6.7321944,7.704434,7.894562,11.861649,11.7477,16.67779,18.723661,21.2033,23.479897,22.06353,21.606422,19.474487,16.111443,12.862298,10.423565,7.8406105,7.091871,0.0,7.1038756,7.0756397,6.1167674,8.607674,11.715489,10.7112875,10.885984,13.139065,15.21475,14.543839,15.448553,18.462597,19.011944,19.678286,21.833395,23.531017,26.120235,27.976053,27.573107,22.38952,25.790125,28.038527,24.795927,23.797264,20.635056,23.290367,27.756735,26.289314,24.1213,29.532846,31.767677,33.468266,29.309296,27.418287,31.773623,31.115973,26.038044,28.122978,30.053913,28.076763,23.876291,25.163275,22.506027,24.781664,21.15337,18.5801,17.937008,15.100898,12.377163,11.857428,7.5290184,9.72948,12.558206,13.818416,17.058958,21.015965,22.846188,26.806316,27.232302,27.882418,30.045282,24.478966,24.284178,26.978783,25.479565,20.248226,21.570183,19.70038,23.738607,25.920954,23.230532,22.132782,21.286087,18.715942,23.193941,22.69497,27.109991
32,34.37191,30.997242,28.581184,24.844715,24.558664,20.3097,22.104559,18.894806,17.231382,18.331327,16.673943,17.2989,14.542058,11.461002,13.661776,13.4124,13.914645,17.023846,16.708939,21.22555,22.248621,25.20799,26.39095,24.641987,24.751217,21.957752,19.442978,16.096659,13.494862,11.546032,9.16294,7.1038756,0.0,5.575228,6.989159,6.559197,8.525469,10.755343,11.602443,11.979417,14.070671,16.490393,16.396952,17.728521,19.244352,21.866024,22.849886,23.208344,26.029827,27.03866,25.551327,19.488754,22.428507,24.350168,21.625431,20.819963,18.840836,21.52515,25.276861,24.5705,23.873009,28.838713,31.711063,33.20692,29.716217,28.631123,32.83956,32.968784,27.846205,28.452848,31.17257,30.0926,25.1737,25.516747,22.340696,23.87652,20.552,17.28368,16.16537,12.08739,9.472987,7.465735,5.962193,9.3847275,12.842072,14.081722,18.74479,22.282207,25.073164,28.683815,29.919931,31.373371,33.312675,27.602379,27.928885,31.355246,29.359814,24.335928,26.58185,25.251657,29.719303,32.385265,29.645863,28.167013,27.03018,23.602772,27.863764,26.395563,30.892883
33,35.331505,32.156097,28.971601,25.950296,25.045134,20.524029,21.881365,17.43931,15.854348,15.493579,13.515858,13.166641,10.200505,7.7529263,11.682737,12.766579,14.532911,17.91233,18.681623,23.247173,25.224459,27.956327,29.931503,28.101751,27.670816,25.231321,21.75552,18.795397,15.538363,14.067544,10.127828,7.0756397,5.575228,0.0,5.38173,8.174304,8.419169,7.959405,11.02227,12.642428,12.65424,14.889793,16.324001,17.436342,17.427408,20.649178,22.748905,22.543465,24.672401,25.631165,24.893667,18.855434,23.043814,25.604275,23.662157,23.714169,21.040432,24.484026,27.938122,26.00019,25.877783,30.69755,33.603203,34.58535,30.557425,29.689133,34.44711,34.482357,29.483639,30.86542,33.670856,32.305534,27.635899,28.95789,25.454754,27.80788,24.632374,21.072634,20.881731,16.515085,14.472078,13.004968,10.512566,13.298574,15.824414,18.093487,21.442886,25.693512,27.833376,31.643085,32.27247,33.41187,34.811043,29.336979,30.025326,32.531593,30.113434,25.327795,27.517122,25.083616,29.242405,31.743345,28.287853,26.94512,24.81805,22.509455,26.52633,25.526884,30.133879
34,33.005146,29.600538,26.700375,23.296812,21.91784,18.138391,18.281229,14.611325,11.8725195,12.456926,10.013814,10.80273,9.08149,5.607451,10.147053,8.6015005,11.213633,13.665929,15.839269,19.453274,21.918427,24.795229,27.298086,24.575954,23.690374,21.381262,17.353233,14.989003,11.124524,11.034235,5.265068,6.1167674,6.989159,5.38173,0.0,4.6299987,6.226408,4.7864656,5.9230204,8.217561,9.205153,10.013794,11.172042,13.107569,13.44158,15.645306,17.664886,18.225449,20.649107,22.1719,21.712883,16.429998,20.275831,22.846912,20.289259,20.195423,16.833534,20.355337,24.08873,21.785543,21.03303,25.982616,28.678282,29.72764,25.521076,24.440094,29.248943,29.193535,24.236975,25.948204,28.683727,27.234562,22.684715,24.55089,20.936523,23.863333,20.865322,17.236156,18.020485,13.791675,12.522851,12.659289,8.918224,10.195613,11.5251,14.7033415,16.797768,21.444824,23.19494,27.006495,27.399172,28.60454,29.639257,24.270788,25.383862,27.6424,24.906815,20.301939,22.946238,20.49037,24.903866,27.905201,24.393332,22.682362,20.767365,17.635487,21.646172,20.351341,24.947746
35,34.250835,30.625937,28.417313,24.364725,23.28402,20.028502,19.998444,17.534588,14.356936,16.03447,13.495013,14.750182,13.605253,10.098546,13.766544,10.70242,12.571733,14.154853,16.135782,19.121067,20.90993,24.132647,26.085207,22.825405,22.206846,19.52073,16.098211,13.8279085,10.042442,10.6585455,4.8074346,8.607674,6.559197,8.174304,4.6299987,0.0,4.413789,6.9640803,5.597804,5.4869866,8.663535,10.753054,9.955861,11.381824,13.435187,15.749098,16.328226,16.866621,19.906546,21.241486,19.948177,14.608293,17.359293,19.467947,16.41815,15.936091,13.057169,16.34082,20.056429,18.528734,17.901691,22.797064,25.69965,26.94462,23.267937,22.373528,26.832779,27.162533,22.151896,22.895506,25.94914,25.030455,20.064737,21.29421,17.478182,20.029951,17.221926,13.260114,14.16315,9.440522,8.8907,9.728855,6.8704996,7.364906,8.445736,11.808003,14.423457,18.734514,21.041513,24.58957,25.536024,27.289814,28.329397,22.8487,24.199907,27.13229,24.297947,19.793255,23.017721,21.449106,26.213728,29.624283,26.527424,24.510788,23.187386,18.879322,22.798607,20.715544,25.164658
36,38.28998,34.711143,32.255375,28.425053,27.085394,23.771172,23.400614,20.393154,16.956537,17.701113,14.373146,14.751189,14.169666,11.0564575,16.357048,13.789592,16.408136,17.910648,20.401812,23.25361,25.227123,28.45883,30.460264,26.999123,26.255577,23.596548,20.001001,18.074257,14.077111,15.012035,8.562469,11.715489,8.525469,8.419169,6.226408,4.413789,0.0,5.4692826,6.4404078,5.667785,5.9696293,10.771214,10.58675,10.05916,11.543736,15.84299,16.446325,15.353645,17.94671,18.611128,17.128878,11.123053,14.731507,17.260395,15.445317,16.122814,13.54463,17.493544,20.168669,17.93127,19.06586,23.27215,26.577007,27.150717,23.540194,23.467924,28.194857,28.972544,24.220469,24.654257,28.220945,27.66442,22.66815,24.161428,19.885403,22.621674,20.336073,15.942825,17.402727,12.111184,12.307628,12.641569,10.860382,11.584045,12.0671425,15.819722,17.8724,22.282562,24.467999,27.84186,28.715033,30.64533,31.041515,25.843971,27.781708,30.30515,26.87786,22.862389,26.468348,24.39369,29.086164,32.643177,29.040014,26.907799,24.76511,20.818584,24.272985,21.961203,26.4067
