,0,1,2,3,4,5,6,7,8,9,10,11,12,13,14,15,16,17,18,19,20,21,22,23,24,25,26,27,28,29,30,31,32,33,34,35,36,37,38,39,40,41,42,43,44,45,46,47,48,49,50,51,52,53,54,55,56,57,58,59,60,61,62,63,64,65,66,67,68,69,70,71,72,73,74,75,76,77,78,79,80,81,82,83,84,85,86,87,88,89,90,91,92,93,94,95,96,97,98,99,100,101,102,103,104,105,106,107,108,109
0,0.0,4.3173847,6.7993646,9.4123745,12.512654,14.116556,17.80801,21.86289,24.280872,27.648918,30.852541,33.833,33.482567,31.878235,26.947834,28.010271,25.344585,26.868563,23.52792,25.886534,25.511198,25.731234,26.701994,29.251183,30.518572,29.811016,29.624498,27.442839,29.79256,25.86481,31.273682,25.613388,30.654203,26.736275,29.060675,29.825712,27.247408,28.160942,24.651268,23.725931,29.021963,27.751871,31.583467,32.252056,29.681074,33.331093,31.0544,34.32625,34.625492,33.580425,36.4262,35.804237,40.81951,41.09874,43.287304,39.930435,39.03994,39.97462,44.579967,43.463543,39.19944,38.24474,43.029835,43.16339,46.397423,41.551403,39.24228,44.22498,39.61596,37.002106,37.29334,39.900795,36.622044,34.678665,37.934437,36.814323,39.29571,41.316963,40.428055,45.0544,42.380867,45.666542,46.327595,42.015705,38.381866,36.4505,33.040768,31.878769,28.306095,25.89683,25.833761,21.768988,20.855564,17.36503,19.741625,15.876609,14.686313,18.144276,19.928316,20.452522,24.254686,24.490162,25.741796,29.505827,28.396027,34.391205,30.360952,33.623398,33.828438,37.35645
1,4.3173847,0.0,4.6839843,6.173869,8.658682,11.620195,14.231844,18.715048,21.168112,24.224257,27.880068,30.517427,30.366638,28.253996,23.191864,23.944195,21.192314,22.566813,19.404608,21.719746,21.648449,21.896727,23.197233,25.525627,26.568367,25.917639,25.476002,23.333452,25.627981,21.856974,27.45341,21.906506,27.36251,23.753506,26.369003,27.49499,25.298014,25.910295,22.045626,20.664461,25.902319,24.241024,28.009687,28.408112,25.874908,29.287844,27.162693,30.240671,30.678782,29.44119,32.22652,31.544346,36.571404,36.819424,39.083027,35.78489,34.869995,35.938595,40.455196,39.53906,35.371857,34.17785,39.02622,39.14592,42.493973,37.784817,35.35543,40.48107,36.09412,33.391876,33.96746,36.45389,33.283524,31.029354,34.27639,32.871395,35.3709,37.244976,36.261086,40.860912,38.12316,41.40976,42.014824,37.717224,34.069633,32.163685,28.723566,27.664658,24.145782,21.807415,22.0167,17.937887,17.472631,13.731724,16.546068,12.195401,10.461732,13.853057,15.694422,16.402472,20.08473,20.621561,22.169556,25.746277,24.584213,30.506992,26.285513,29.72472,29.85512,33.559483
2,6.7993646,4.6839843,0.0,5.0962324,7.187669,7.870615,12.351133,15.246478,18.167404,21.229927,24.476458,27.673111,27.995985,26.41636,21.526266,22.733204,20.664984,22.583853,20.664251,22.879004,23.72812,23.875574,25.831089,27.80866,28.329807,27.794703,26.520382,24.203394,25.646034,22.133991,26.490456,21.157919,25.91206,21.72425,24.735142,25.143345,23.452986,24.663574,20.638756,19.542557,25.211323,24.158508,27.437702,28.239983,26.63275,29.640146,28.480778,31.382961,32.35467,30.575417,33.05978,31.882803,36.908768,36.58824,39.303596,36.312233,34.73162,35.736286,40.0335,39.022415,34.884125,33.381348,37.76044,37.521023,40.805405,36.332005,33.46973,38.230778,33.52901,30.78914,30.777956,33.280262,29.907278,28.144548,31.341469,30.551928,33.020123,35.254395,34.656437,39.374966,36.947674,40.319115,41.460777,37.217266,33.58423,32.034866,28.4323,27.923885,25.04632,22.522638,23.332653,19.365444,19.657501,15.847617,19.73972,14.993628,11.86047,14.280709,15.611187,14.575172,18.846949,18.231758,19.131798,23.096138,22.271366,28.412659,25.06681,28.414381,29.227915,32.88438
3,9.4123745,6.173869,5.0962324,0.0,3.852645,6.548273,8.421547,13.51346,15.25917,18.714651,22.139103,24.651876,24.247503,22.470045,17.581867,18.9949,16.731674,19.308586,17.132908,20.043608,20.88693,21.743269,23.618143,24.924297,25.44225,24.404133,22.965134,20.226954,21.597473,17.705849,22.114222,16.543842,21.454802,17.61857,20.361217,21.409863,19.506319,20.204632,16.137953,14.822134,20.339539,19.233315,22.68271,23.611122,21.977516,25.303839,24.23435,27.652918,28.916103,27.508188,29.838282,28.389685,33.3423,33.049522,35.431065,32.322693,30.706057,31.405123,35.940357,34.599056,30.329748,29.312609,33.860954,33.996002,37.08903,32.218483,29.956083,34.90173,30.314093,27.787529,28.431305,31.212828,28.25936,26.014143,29.84582,28.228304,31.348354,33.06615,32.455643,37.159954,34.137493,37.968365,38.678154,34.69985,30.846735,29.576466,25.547924,25.838322,22.751184,20.919395,22.203096,18.329332,19.116714,15.101527,18.059513,12.46747,9.698343,11.075056,13.951416,12.567681,17.093145,16.7624,17.772652,21.865942,21.427141,27.44945,23.850655,27.802902,28.394047,32.513935
4,12.512654,8.658682,7.187669,3.852645,0.0,6.172375,5.8366494,10.898959,13.008459,15.778818,19.81158,22.031437,22.21754,19.795336,14.711159,15.673605,13.514263,15.918725,14.583889,17.178576,18.715364,19.417562,21.81479,22.838053,22.912899,22.113932,20.150213,17.552555,18.566624,15.133063,19.439081,14.209611,19.548681,16.073153,19.374937,20.644043,19.524897,19.990683,15.537347,13.623503,19.012623,17.468124,20.594053,21.158953,19.854626,22.597948,21.993944,24.920544,26.414055,24.557703,26.737312,25.154402,30.121174,29.65729,32.313908,29.38833,27.60522,28.55709,32.861465,31.866798,27.78224,26.226295,30.7394,30.693161,33.993843,29.455353,26.775343,31.831192,27.474916,24.752178,25.561018,28.09782,25.175726,22.660053,26.33753,24.593601,27.605556,29.299057,28.63239,33.33576,30.412596,34.164238,34.99995,30.992746,27.173277,25.967754,21.949348,22.390224,19.652348,17.815496,19.53371,15.882195,17.35022,13.443074,17.054724,11.534866,7.7036667,8.075129,10.604756,8.732898,13.281884,13.044287,14.369469,18.220486,17.732502,23.684422,20.083326,24.130447,24.807234,29.012056
5,14.116556,11.620195,7.870615,6.548273,6.172375,0.0,7.0799365,8.275318,10.643954,14.195358,16.806314,20.245224,20.6518,19.86142,15.522327,17.751394,16.875887,20.204409,20.053562,22.599861,24.616737,25.287085,27.893452,28.720276,28.523026,27.690578,25.15348,22.325176,22.271141,19.078615,21.07088,16.25099,19.585176,14.859595,18.292091,18.048021,17.278372,18.956951,14.778976,14.0450735,19.91482,19.897589,22.289642,23.84275,23.790737,26.296434,26.751236,29.75409,31.736565,29.62504,31.424185,29.27126,34.054688,32.89319,35.890152,33.33086,30.726019,31.285826,35.369225,33.89073,29.7757,28.30191,31.97675,31.550299,34.47191,30.037699,27.134918,31.412134,26.33817,23.80233,23.503683,26.370743,23.170048,21.730242,25.594536,24.897541,28.05486,30.24259,30.286716,35.08983,32.53362,36.492897,37.970715,34.19518,30.44186,29.799238,25.627949,26.832148,24.80274,22.872313,24.902845,21.408518,23.029469,19.202103,23.186232,17.672749,13.7816105,13.634392,15.445977,11.2440405,16.371012,14.021151,13.657068,18.412682,18.74548,24.86549,22.806395,26.563189,28.135769,32.122322
6,17.80801,14.231844,12.351133,8.421547,5.8366494,7.0799365,0.0,7.7132072,7.892879,11.021067,14.915518,16.57606,16.408451,14.140085,9.262524,11.24117,10.076504,14.116321,14.332861,17.287258,19.624231,20.920376,23.593964,23.503098,23.036285,21.849339,18.882626,15.771447,15.375334,12.137383,14.344918,9.348607,13.903251,10.428883,14.073801,15.492795,15.138338,15.435497,10.786758,8.659083,14.063245,13.2013645,15.628919,16.818995,16.87389,19.258379,20.074627,23.211233,25.57387,23.67173,25.1992,22.76568,27.44602,26.36492,29.063461,26.433851,23.848782,24.321444,28.583618,27.103827,22.959616,21.623417,25.748938,25.773592,28.75428,24.013416,21.598164,26.493605,21.98793,19.505402,20.646719,23.5353,21.063032,18.400364,22.858461,20.637838,24.475595,25.804394,25.573244,30.276575,26.968111,31.34043,32.18923,28.684101,24.72165,24.350245,19.78304,21.912762,19.855467,18.869537,21.490921,18.48314,20.798037,17.210772,20.25081,14.659635,11.252623,8.975311,12.101569,7.803416,12.5288,11.239701,11.724857,15.875489,16.437504,22.004736,19.294632,23.739445,24.79576,29.273478
7,21.86289,18.715048,15.246478,13.51346,10.898959,8.275318,7.7132072,0.0,5.120595,6.399522,9.724224,13.134055,15.413551,14.278703,10.775207,12.916106,13.874324,17.350805,19.809763,21.583096,24.935144,25.472467,28.838085,28.781744,27.611103,27.107115,23.343092,20.815456,19.076042,17.450378,16.81584,13.939104,16.038542,12.028838,16.458534,15.93398,17.443153,18.90142,14.684764,13.510907,18.345264,18.476147,19.301601,20.7019,22.34826,23.288269,25.502949,27.498228,30.247707,27.34509,28.351469,25.50002,29.839949,27.780079,31.424133,29.64164,26.128239,26.81382,30.077026,28.973461,25.421673,22.947062,25.693161,24.607552,27.608732,24.09881,20.16805,24.020617,19.040194,16.199715,15.561667,18.163427,14.944689,13.544471,17.518246,17.147167,20.43976,22.755283,23.343119,28.098873,25.934605,29.964533,32.06441,28.667814,25.146435,25.315344,21.182272,23.628908,23.036602,21.523436,24.51807,21.986319,24.753426,21.54397,25.955212,20.936985,16.548544,14.375436,14.923293,8.431598,12.704868,8.419089,6.3689427,11.410786,12.923747,18.468536,18.061863,21.731134,24.089384,28.027666
8,24.280872,21.168112,18.167404,15.25917,13.008459,10.643954,7.892879,5.120595,0.0,5.0028076,7.119861,9.655426,10.5706835,10.325173,7.7678967,11.34597,12.954743,17.566824,20.053156,22.436264,25.671251,26.880234,29.990118,29.258982,28.095514,27.030758,23.062836,20.075497,17.696949,15.93219,13.480455,11.034658,11.382079,7.1581144,11.589572,11.109778,13.169708,14.442067,10.584575,9.842275,14.106997,15.238282,15.4799595,17.701189,20.17518,21.260849,24.127207,26.703722,29.888472,27.490114,28.13481,24.801157,28.807278,26.531242,29.746794,28.010471,24.108324,24.07912,27.54019,25.64425,21.903917,20.289417,22.767197,22.12782,24.542734,20.357672,17.393404,21.09657,15.79192,13.55403,13.640973,17.052603,14.749329,13.116893,18.223007,16.868847,21.233845,22.784723,23.653038,28.24906,25.370409,30.08091,31.735325,28.900476,25.21403,25.967873,21.394415,25.00091,24.338696,23.62041,26.86952,24.493044,27.37494,24.117159,27.583382,22.275768,18.601818,15.675797,17.473997,11.234983,15.14763,11.46269,9.425037,13.846485,16.010431,20.797066,20.500181,24.549417,26.666513,30.87547
9,27.648918,24.224257,21.229927,18.714651,15.778818,14.195358,11.021067,6.399522,5.0028076,0.0,5.592104,7.1782346,10.776024,9.289003,7.723614,9.943223,12.678735,16.445477,20.395023,21.915348,25.79948,26.642292,30.14345,29.163208,27.450584,26.84419,22.375456,19.96985,16.834364,16.46048,13.011532,12.419236,12.659885,10.293381,14.629314,14.370371,17.33362,18.172709,14.578736,13.300543,16.361698,16.826845,16.151798,17.594662,20.727219,20.545895,24.192553,25.72637,29.118582,26.118649,26.338808,22.827188,26.508709,23.744074,27.509102,26.341602,22.079231,22.47612,25.154762,23.984764,20.889212,18.101273,19.949608,18.622913,21.41362,18.333963,14.062753,17.629898,12.711018,9.802735,9.782569,12.612303,10.236181,8.154578,13.255247,12.069581,16.347063,18.04663,19.18897,23.729654,21.327291,25.832697,27.990013,25.290195,21.905355,23.037262,18.821333,22.787867,23.096815,22.47566,26.034914,24.289473,27.606226,24.84288,28.676672,23.983654,20.065954,16.698208,17.268858,10.935466,13.389594,9.180018,6.5242605,9.866585,12.669543,16.61289,17.392868,21.109062,23.616585,27.600445
10,30.852541,27.880068,24.476458,22.139103,19.81158,16.806314,14.915518,9.724224,7.119861,5.592104,0.0,5.342249,9.135943,10.949874,11.518858,14.582556,17.599825,21.748804,25.563284,27.339325,31.11664,32.134384,35.539978,34.42688,32.74928,31.927773,27.419994,24.820082,21.370857,20.901442,15.901855,15.921019,13.592154,10.874097,14.367255,12.428269,16.362335,17.95553,15.40086,15.338135,17.86197,19.754429,18.405897,20.766293,24.61714,24.503822,28.614162,30.439697,34.052986,31.248707,31.209555,27.426853,30.669613,27.508114,31.111769,30.270107,25.570461,25.319609,27.667622,25.807095,22.897984,20.827127,21.415436,19.938442,21.724352,18.865583,15.211165,17.06296,11.3393345,9.558883,7.5789504,11.372487,9.522829,9.75619,14.753312,14.707874,18.986935,20.68264,22.579401,26.73269,24.598984,29.214186,31.620623,29.481436,26.327223,27.92662,23.786997,28.15389,28.606417,28.066193,31.62263,29.803057,33.03245,30.114323,33.880447,28.897766,25.052202,21.851385,22.735037,16.266754,18.928827,14.421811,11.113005,14.1544695,17.330666,20.635983,22.49007,25.81711,28.663786,32.3975
11,33.833,30.517427,27.673111,24.651876,22.031437,20.245224,16.57606,13.134055,9.655426,7.1782346,5.342249,0.0,6.1083612,7.2410803,10.0141,12.600272,16.260975,20.340405,24.662773,26.334612,30.197023,31.512238,34.818542,33.05617,31.14198,30.160852,25.428144,22.967978,18.846893,19.185167,12.556698,14.419278,10.958877,10.613066,13.4156685,12.728876,17.046719,17.557997,15.531123,15.079267,15.854705,17.641874,15.240609,17.438126,22.10881,21.273935,26.14959,27.72174,31.652864,29.052473,28.506865,24.411915,27.064777,23.628242,26.986792,26.502176,21.489388,20.893854,22.893185,20.872194,18.330883,16.343279,16.316498,15.018461,16.501398,13.614638,10.248074,12.114918,6.3695645,5.0189266,5.7849274,9.697242,9.724328,8.54323,14.043249,12.335774,17.407232,18.013304,19.998331,23.788609,21.072495,26.112486,28.084753,26.558153,23.488731,25.661905,21.526382,26.777071,27.551344,27.743137,31.518116,30.186954,33.653004,31.039215,34.155346,29.488182,26.15397,22.321913,23.444876,17.588453,19.273357,15.689756,13.155724,14.923697,18.204573,20.412573,22.19603,25.67922,28.156395,32.008297
12,33.482567,30.366638,27.995985,24.247503,22.21754,20.6518,16.408451,15.413551,10.5706835,10.776024,9.135943,6.1083612,0.0,6.234556,9.8311,13.438721,16.420238,21.329678,24.499933,27.013565,30.225748,32.19093,34.973778,32.938026,31.45919,29.798086,25.46191,22.44242,18.614525,18.045832,10.8916645,12.456461,6.5246496,7.1819935,8.181848,8.131754,12.424512,12.329223,11.478005,11.796943,11.272774,14.4406805,11.841039,15.275115,20.024437,20.16023,24.790411,27.459543,31.42302,29.724646,29.27501,25.145847,27.733932,24.75381,27.131392,26.18341,21.412422,19.851616,22.707396,19.36181,16.127338,16.229418,16.752863,16.850674,17.419897,12.578708,12.254395,14.37081,9.266207,9.618719,11.583086,15.467341,15.823761,14.30077,19.920116,17.25382,22.679756,22.622433,24.184425,27.852436,24.184475,29.687384,30.700336,29.402285,26.008207,28.099276,23.52401,29.005877,28.96709,29.590912,33.223083,31.607164,34.803413,31.934544,34.117577,29.118757,26.528536,22.682528,25.099297,19.69483,22.00784,19.171778,17.215492,19.69829,22.610966,25.337425,25.949728,29.963566,31.857841,36.081795
13,31.878235,28.253996,26.41636,22.470045,19.795336,19.86142,14.140085,14.278703,10.325173,9.289003,10.949874,7.2410803,6.234556,0.0,5.2562895,7.63284,10.953219,15.460969,19.174282,21.300526,24.724604,26.617565,29.488708,27.248566,25.53592,24.060892,19.517937,16.778765,12.616456,12.836045,5.3875074,8.333957,5.523281,8.096698,10.374458,12.503819,15.531453,14.432167,12.228393,10.707288,10.011653,10.859838,8.166462,10.2426,15.058245,14.479319,19.340063,21.475182,25.47126,23.569576,23.071476,18.956026,21.754309,18.950354,21.542358,20.425325,15.752444,14.831583,18.000587,15.545498,12.116342,10.952994,12.991525,13.283991,15.198618,10.205597,8.788225,13.270867,9.486193,8.367592,12.198355,15.171464,15.34619,12.087551,17.547226,13.4692745,18.989107,18.477276,19.350965,23.169718,19.018219,24.5805,25.209993,23.623838,20.052654,22.017649,17.382797,23.001144,23.075256,24.026888,27.733377,26.515278,29.88955,27.405403,29.394497,24.941906,22.537521,18.279583,20.415754,15.839555,17.178658,15.425145,14.5470085,16.186892,18.658003,21.080057,20.83664,25.058582,26.468706,30.833132
14,26.947834,23.191864,21.526266,17.581867,14.711159,15.522327,9.262524,10.775207,7.7678967,7.723614,11.518858,10.0141,9.8311,5.2562895,0.0,4.4853024,6.8004313,11.869593,15.003636,17.377003,20.727518,22.466673,25.412537,23.727013,22.2784,20.922022,16.603502,13.610705,10.404813,9.45249,6.0459867,4.998436,7.3154535,7.400457,10.966677,13.374893,15.21605,14.328927,10.720572,8.177163,9.922443,9.270871,8.912911,10.179457,13.191786,13.60661,17.16371,19.594437,23.147144,21.074638,21.31786,17.705538,21.498894,19.420435,22.208607,20.359062,16.519531,16.479603,20.281454,18.56171,14.738301,13.061589,16.618452,16.79491,19.546381,14.815883,12.598633,17.714739,13.866551,11.722422,14.626374,17.43804,16.40252,12.800682,18.006788,14.206002,19.193802,19.346182,19.550814,23.887823,19.895662,25.058895,25.692991,23.177185,19.267029,20.30536,15.411536,20.054747,19.438313,19.91248,23.458832,21.822132,25.057165,22.366838,24.631428,19.985323,17.342537,13.180124,15.537538,11.028159,13.018757,11.664413,11.556109,13.941031,15.751383,19.34862,17.898964,22.46365,23.647476,28.220617
15,28.010271,23.944195,22.733204,18.9949,15.673605,17.751394,11.24117,12.916106,11.34597,9.943223,14.582556,12.600272,13.438721,7.63284,4.4853024,0.0,4.092648,7.9659786,12.357652,13.917051,17.716812,19.228422,22.383516,20.458302,18.60144,17.628796,12.945983,10.575249,6.901596,7.6550894,6.1785674,6.6047935,10.66808,11.826877,15.056417,17.804613,19.502962,18.244984,14.668667,11.669147,12.657691,10.246131,9.950181,9.121198,11.594118,10.795024,14.491042,15.898938,19.47854,16.960995,17.08295,13.507889,17.495174,15.581541,18.68635,16.854126,13.295228,14.183965,17.747015,17.165426,13.846778,10.844926,15.18129,15.294521,18.78082,14.838487,11.9784565,17.735704,15.124414,12.628518,16.099352,17.991287,17.099916,12.74107,17.064428,12.457811,16.972086,16.708555,16.246017,20.537758,16.372469,21.327036,21.708298,18.938938,14.947754,15.844567,10.930639,15.785287,15.546123,16.401384,20.111835,19.074337,22.577114,20.442015,22.607357,18.782564,16.33311,11.855788,13.370784,10.214787,10.401493,10.573406,11.678023,12.59332,13.808261,16.679665,14.496403,19.133781,19.863037,24.495134
16,25.344585,21.192314,20.664984,16.731674,13.514263,16.875887,10.076504,13.874324,12.954743,12.678735,17.599825,16.260975,16.420238,10.953219,6.8004313,4.092648,0.0,5.487339,8.428619,10.623229,14.012832,15.776444,18.71137,16.99951,15.550606,14.361493,10.139563,7.3175993,5.4562306,4.4956226,8.147123,6.119004,12.458368,13.197465,16.169174,19.388569,20.113985,18.602312,14.7761,11.378996,12.886036,9.275589,10.683466,9.2171335,9.426467,9.878717,11.828854,13.856045,16.935919,14.796345,15.657908,12.800048,17.384218,16.513582,19.066168,16.478327,14.115933,15.272322,19.398806,18.95851,15.387674,13.081648,18.203259,18.745708,22.243134,17.99955,15.821862,21.674242,19.139633,16.694153,19.96585,21.892271,20.668255,16.379211,20.361929,15.936449,19.881767,19.69422,18.641624,22.868519,18.633799,23.174208,23.01094,19.817318,15.698833,15.651857,10.743298,14.395311,12.973073,13.864468,17.2786,15.939077,19.204973,16.999025,18.671553,14.870642,12.921028,8.382663,10.771971,9.277482,9.610744,11.284734,13.314872,14.539782,14.873918,18.302689,14.651749,19.479069,19.507223,24.298805
17,26.868563,22.566813,22.583853,19.308586,15.918725,20.204409,14.116321,17.350805,17.566824,16.445477,21.748804,20.340405,21.329678,15.460969,11.869593,7.9659786,5.487339,0.0,6.380383,6.1637273,10.475201,11.534812,14.901119,13.14018,11.048268,10.884208,6.432334,5.8053164,5.700076,7.2545886,12.321718,11.441993,17.62682,18.643715,21.621038,24.837563,25.562006,23.98129,20.172195,16.73144,17.93338,13.672422,14.987047,12.138061,10.981239,10.035417,10.750096,10.639488,13.14903,10.034427,11.28226,9.372704,14.380274,14.342288,17.102198,14.499533,13.413938,15.842155,19.261515,20.30274,17.60695,14.288195,19.577612,19.913948,23.929018,20.766983,18.077946,23.973333,22.432968,19.760132,23.067749,24.150053,22.92065,18.388767,21.079666,16.569391,19.263096,18.84944,16.868246,20.752846,16.839985,20.425343,19.916803,16.142633,12.173267,11.064572,6.689108,9.060614,7.6796236,9.179756,12.728083,12.400596,15.954123,14.779006,16.350943,14.214294,12.705723,8.7350445,9.027225,10.529422,8.217521,12.125809,15.209931,14.917483,14.16181,16.59194,11.570099,16.158213,15.209338,19.985731
18,23.52792,19.404608,20.664251,17.132908,14.583889,20.053562,14.332861,19.809763,20.053156,20.395023,25.563284,24.662773,24.499933,19.174282,15.003636,12.357652,8.428619,6.380383,0.0,4.469016,5.8264766,8.278801,10.500319,9.282426,8.92804,7.648232,6.1107264,4.7136235,8.813821,7.201177,15.354064,12.576236,19.65432,20.245579,22.611881,26.257551,25.771452,23.911201,20.226849,16.814411,18.312254,13.559899,16.48744,13.8885145,10.060644,11.728346,8.92863,10.846994,11.84022,10.712007,13.242918,12.803851,17.63836,18.850908,20.290247,16.782337,17.13594,18.99587,23.196213,23.609499,20.409721,18.668135,24.42159,25.38723,29.030077,24.990374,23.384104,29.350695,27.405584,24.944023,28.170454,29.76372,28.289314,23.95891,27.033981,22.741665,25.529705,25.229076,23.169111,26.885382,22.839264,26.21769,25.033691,21.32729,17.589844,15.759531,12.27164,12.392537,8.393477,9.734752,11.752005,10.440478,12.867728,11.409934,11.020711,8.954476,9.522022,6.772868,9.281638,12.808306,12.068418,16.133505,19.30348,20.057314,18.94989,22.210056,16.484615,20.829868,19.22263,23.80787
19,25.886534,21.719746,22.879004,20.043608,17.178576,22.599861,17.287258,21.583096,22.436264,21.915348,27.339325,26.334612,27.013565,21.300526,17.377003,13.917051,10.623229,6.1637273,4.469016,0.0,4.746575,5.436916,8.791052,7.6901402,6.159283,6.872746,5.3872557,6.793877,10.165382,10.5102825,17.676392,15.893729,22.711508,23.467155,26.170147,29.622925,29.581932,27.85231,24.05229,20.592241,21.994501,17.225008,19.491484,16.336618,13.042727,13.078004,10.608218,9.961478,10.293285,7.775835,10.691863,11.225378,15.983531,17.51709,19.330885,16.205353,17.07944,19.742876,23.15672,24.604765,22.072971,19.357641,24.885607,25.486822,29.481842,26.331892,24.06829,29.961493,28.58867,25.916245,29.089142,30.079248,28.61476,24.194864,26.384394,22.210997,24.11428,23.762634,21.238207,24.635363,21.099358,23.65166,22.474306,18.421797,15.077056,12.492911,10.098974,8.406341,3.9797308,6.084956,8.218412,8.321268,11.239635,11.071178,11.269398,11.154754,11.297177,9.135267,8.992067,13.7246275,11.309865,16.230074,19.80992,19.510529,17.847382,20.2336,14.004095,17.843857,15.592314,19.981869
20,25.511198,21.648449,23.72812,20.88693,18.715364,24.616737,19.624231,24.935144,25.671251,25.79948,31.11664,30.197023,30.225748,24.724604,20.727518,17.716812,14.012832,10.475201,5.8264766,4.746575,0.0,3.7704594,4.7899113,4.171715,5.148252,5.115491,7.3625846,8.670603,13.239842,12.607286,20.655485,18.312675,25.298885,26.055933,28.289501,32.02941,31.331808,29.358702,25.811468,22.455696,23.69677,18.754782,21.644377,18.524101,13.983263,15.102589,10.678177,10.869021,9.598537,9.244916,12.614772,14.099611,18.3439,20.677782,21.527063,17.978132,19.851042,22.191145,25.901915,27.10349,24.469465,22.636229,28.38902,29.409164,33.175224,29.625011,28.05668,33.998726,32.589836,30.081451,33.356846,34.572845,33.09556,28.701784,31.087402,26.860044,28.852278,28.391603,25.792313,28.964489,25.279118,27.689621,25.946272,22.136446,19.045902,16.294594,14.4165,12.165036,7.3556623,9.087099,9.246055,9.094661,10.412183,10.704063,8.214207,9.745244,11.9264555,11.088775,11.942341,17.240015,15.552927,20.367126,23.914389,24.023499,22.274767,24.853762,18.46909,22.019331,19.36984,23.398584
21,25.731234,21.896727,23.875574,21.743269,19.417562,25.287085,20.920376,25.472467,26.880234,26.642292,32.134384,31.512238,32.19093,26.617565,22.466673,19.228422,15.776444,11.534812,8.278801,5.436916,3.7704594,0.0,4.194095,5.841898,6.0215793,7.9115143,9.572672,11.44384,15.436874,15.294736,22.967154,20.716429,27.7431,28.160526,30.79781,34.23064,33.74328,32.070457,28.25293,24.88222,26.583548,21.759111,24.4592,21.322319,17.272274,17.782764,13.987802,13.016854,11.424604,9.907949,13.369569,15.320794,19.496538,21.753323,23.107954,19.940786,21.75565,24.51566,27.76748,29.48009,27.080648,24.567863,30.095219,30.702347,34.73743,31.691265,29.451378,35.314404,33.960266,31.205467,34.160744,35.04475,33.33929,29.064247,30.837717,27.057028,28.359537,28.204659,25.420431,28.505516,25.459816,27.20457,25.835312,21.662762,18.939034,15.648366,14.611864,10.741782,6.034362,6.7425065,5.769178,6.5039725,7.7743874,9.23008,7.965898,10.726836,12.168125,12.012897,11.212099,17.293783,14.965848,20.082567,23.854883,23.522552,21.300581,23.629715,17.003809,19.985895,17.024406,20.701698
22,26.701994,23.197233,25.831089,23.618143,21.81479,27.893452,23.593964,28.838085,29.990118,30.14345,35.539978,34.818542,34.973778,29.488708,25.412537,22.383516,18.71137,14.901119,10.500319,8.791052,4.7899113,4.194095,0.0,4.548785,6.86869,8.006255,11.5524,13.367278,17.908785,17.360691,25.43653,23.01349,30.042778,30.63788,32.861237,36.560776,35.639606,33.715595,30.177925,26.894796,28.271688,23.341856,26.343548,23.164707,18.39404,19.45541,14.5741005,14.053641,11.42998,11.644181,15.117596,17.585722,21.29531,24.127058,24.69357,21.273018,23.820692,26.331934,29.748772,31.30537,28.910736,27.05443,32.74044,33.71467,37.55119,34.233345,32.592598,38.499825,37.226753,34.639854,37.79261,38.83662,37.22746,32.898834,34.874447,30.891405,32.359436,31.983297,29.142233,32.01257,28.7353,30.455479,28.54911,24.68641,22.120073,18.879189,18.025587,14.376424,9.839759,10.893075,9.202003,9.722214,9.41784,11.149482,7.2389054,11.498274,14.368481,14.776928,14.858989,20.888788,18.991564,24.00018,27.705105,27.60669,25.452187,27.792229,21.173122,24.041683,20.869066,24.263922
23,29.251183,25.525627,27.80866,24.924297,22.838053,28.720276,23.503098,28.781744,29.258982,29.163208,34.42688,33.05617,32.938026,27.248566,23.727013,20.458302,16.99951,13.14018,9.282426,7.6901402,4.171715,5.841898,4.548785,0.0,3.4789941,3.8270764,8.233797,10.573225,15.010492,15.112729,22.775446,21.140915,27.807938,29.172558,31.096233,35.102417,34.43068,32.141594,28.903389,25.552797,26.04687,20.942852,23.535234,19.96891,15.202223,15.756583,10.734851,9.781603,6.9854527,8.177888,11.45249,13.97299,17.36098,20.469862,20.52667,16.997036,19.942059,22.375778,25.732779,27.347046,25.210318,23.60094,29.288416,30.576303,34.214157,30.944193,29.820051,35.676174,34.85912,32.5348,36.14478,37.16834,36.009068,31.467764,33.640347,29.099073,30.902155,29.967747,27.124239,29.748745,25.980951,28.001215,25.547455,22.134037,19.502657,16.685043,15.674937,13.221445,9.071408,11.658962,11.296214,12.272114,13.117897,14.24765,10.755325,13.425849,16.049248,15.175812,15.8483925,21.102274,18.954361,23.900974,27.457462,27.140764,25.39137,27.242973,20.902514,24.06856,20.916447,24.58087
24,30.518572,26.568367,28.329807,25.44225,22.912899,28.523026,23.036285,27.611103,28.095514,27.450584,32.74928,31.14198,31.45919,25.53592,22.2784,18.60144,15.550606,11.048268,8.92804,6.159283,5.148252,6.0215793,6.86869,3.4789941,0.0,3.6594756,6.1669555,9.41937,13.13595,14.245186,21.204489,20.257233,26.707438,28.303726,30.461563,34.360523,34.176258,31.95192,28.614841,25.173073,25.525078,20.433344,22.481133,18.654236,14.626487,14.08653,10.169852,7.659911,5.4720855,4.8555064,8.284636,10.955056,14.431577,17.416811,17.89967,14.661878,17.434391,20.260275,23.213453,25.290728,23.4635,21.222206,26.727873,27.805553,31.585878,28.781122,27.306042,33.078903,32.573204,30.206863,33.8673,34.612625,33.602272,29.005026,30.88047,26.272654,27.855959,26.7735,23.83738,26.330032,22.657494,24.534647,22.138058,18.658876,16.087936,13.237158,12.514485,10.1132765,6.581879,9.947787,10.392681,12.044609,13.789789,14.9479885,12.853914,14.853459,16.491777,14.914558,14.927082,19.858582,17.068464,22.08171,25.639189,24.82556,23.11845,24.42661,18.252718,21.332884,18.153322,21.876654
25,29.811016,25.917639,27.794703,24.404133,22.113932,27.690578,21.849339,27.107115,27.030758,26.84419,31.927773,30.160852,29.798086,24.060892,20.922022,17.628796,14.361493,10.884208,7.648232,6.872746,5.115491,7.9115143,8.006255,3.8270764,3.6594756,0.0,5.053472,7.3805094,11.652558,12.100637,19.370186,18.227066,24.579918,26.409227,28.14503,32.296246,31.839031,29.363783,26.316216,22.95232,22.896063,17.75103,20.042274,16.314362,11.672325,11.9724245,7.0273232,6.4158816,4.8717613,6.4448175,9.270375,11.010235,14.543895,17.466997,17.382637,13.64965,16.3954,18.638563,22.206617,23.582415,21.40488,20.009514,25.751093,27.25054,30.722792,27.298626,26.527882,32.36168,31.669586,29.542025,33.41538,34.542892,33.66705,29.03899,31.538456,26.6444,28.909788,27.682074,25.0203,27.69095,23.456783,26.046856,23.451109,20.341936,17.385448,15.183637,13.4584465,12.635563,8.945079,12.1888275,13.017177,13.7355995,15.37296,15.756254,12.952038,14.042756,16.182371,14.2941675,15.596961,19.901552,17.874786,22.512629,25.8308,25.569138,24.257732,26.023659,20.077444,23.65746,20.880697,24.898413
26,29.624498,25.476002,26.520382,22.965134,20.150213,25.15348,18.882626,23.343092,23.062836,22.375456,27.419994,25.428144,25.46191,19.517937,16.603502,12.945983,10.139563,6.432334,6.1107264,5.3872557,7.3625846,9.572672,11.5524,8.233797,6.1669555,5.053472,0.0,3.8787646,6.998539,8.6859665,15.060318,14.604883,20.712914,22.703037,24.769432,28.71777,28.87774,26.573353,23.362436,19.91784,19.839884,14.8333645,16.469376,12.621227,9.291824,8.339592,6.0298705,4.972269,6.9095573,5.476621,7.3830423,7.2338877,11.761397,13.665064,14.612818,11.129686,12.492752,14.985145,18.559633,19.953556,17.6926,15.523007,21.240051,22.479176,26.116318,22.845634,21.604786,27.462635,26.759836,24.57545,28.484924,29.53286,28.782127,24.112066,26.692038,21.666454,24.18647,22.926178,20.472233,23.43519,19.018185,22.160215,20.063705,16.859024,13.38818,11.800194,8.97268,10.053838,7.440037,10.845965,13.139736,13.6993475,16.418308,16.160513,15.229553,14.730626,15.375486,12.290291,13.390211,16.491821,14.225365,18.51937,21.631395,21.175434,20.236494,21.857727,16.425056,20.38368,18.226044,22.613844
27,27.442839,23.333452,24.203394,20.226954,17.552555,22.325176,15.771447,20.815456,20.075497,19.96985,24.820082,22.967978,22.44242,16.778765,13.610705,10.575249,7.3175993,5.8053164,4.7136235,6.793877,8.670603,11.44384,13.367278,10.573225,9.41937,7.3805094,3.8787646,0.0,4.9585023,4.9217052,12.230053,10.997005,17.353895,19.18317,21.104605,25.132214,25.08643,22.7561,19.564316,16.137207,16.170647,11.147636,13.264053,9.908232,6.2985463,7.036524,5.269442,7.609274,10.074242,9.338337,10.828885,9.419732,13.98523,15.077964,16.101065,12.516863,12.7130375,14.373655,18.713871,19.03742,16.003374,14.529643,20.413397,21.809105,25.207735,21.136595,20.225077,26.16338,24.817831,22.734303,26.594597,28.142897,27.305819,22.74804,26.05291,21.060003,24.308525,23.28709,21.321754,24.729193,20.059135,23.930807,22.232548,19.170916,15.331308,14.364139,10.463478,12.676227,9.908312,12.442452,15.000226,14.526857,17.230814,16.054878,15.352171,13.393948,13.8232,10.249574,12.708494,14.729953,13.629247,17.220005,19.985382,20.355562,19.850874,22.297373,17.255827,21.686941,20.184986,24.822214
28,29.79256,25.627981,25.646034,21.597473,18.566624,22.271141,15.375334,19.076042,17.696949,16.834364,21.370857,18.846893,18.614525,12.616456,10.404813,6.901596,5.4562306,5.700076,8.813821,10.165382,13.239842,15.436874,17.908785,15.010492,13.13595,11.652558,6.998539,4.9585023,0.0,4.8434544,8.140269,8.958415,14.130732,16.664295,18.72515,22.559532,23.390665,21.14469,18.1076,14.7931385,14.167841,9.76072,10.245718,6.683541,6.607522,4.7679434,7.926759,9.199953,12.941485,11.31051,11.419608,8.176582,12.424448,12.076131,13.88985,11.06563,9.249988,10.763692,14.991465,15.149589,12.143753,9.864562,15.654948,16.938494,20.346167,16.408863,15.28362,21.211618,20.08491,18.136787,22.306158,23.77193,23.365826,18.740368,22.259628,16.914307,20.67761,19.352736,17.819687,21.296339,16.329838,20.901941,19.59905,16.98989,12.961338,13.268105,8.626211,13.238511,12.20465,14.575224,17.865044,17.58066,20.81265,19.444372,19.81556,17.245792,16.524574,12.229671,14.185684,14.211434,13.01194,15.572113,17.733051,17.8014,18.033768,19.952673,16.128414,20.634727,19.876532,24.537275
29,25.86481,21.856974,22.133991,17.705849,15.133063,19.078615,12.137383,17.450378,15.93219,16.46048,20.901442,19.185167,18.045832,12.836045,9.45249,7.6550894,4.4956226,7.2545886,7.201177,10.5102825,12.607286,15.294736,17.360691,15.112729,14.245186,12.100637,8.6859665,4.9217052,4.8434544,0.0,8.533495,6.1301365,12.742436,14.343467,16.21851,20.237787,20.197294,17.939255,14.693402,11.272931,11.539605,6.7679095,9.301631,7.24467,5.2810063,7.6092067,8.25557,11.871697,14.812846,14.018945,15.037531,12.55394,16.895021,16.872389,18.231115,14.991476,13.574127,14.197878,19.019606,18.098186,14.243275,13.452889,19.095379,20.488852,23.540058,18.660547,17.986317,23.83398,21.656923,19.729954,23.436255,25.569727,24.686754,20.38922,24.528135,19.723993,23.79103,23.078089,21.81465,25.64529,20.87701,25.481255,24.398973,21.565321,17.488728,17.296612,12.621372,16.000998,13.679823,15.337706,18.233433,16.92614,19.68942,17.59394,17.679066,14.078638,13.654546,9.536053,13.153237,13.020089,13.454612,15.646953,17.685234,19.02381,19.226734,22.42263,18.286642,23.047674,22.43472,27.22328
30,31.273682,27.45341,26.490456,22.114222,19.439081,21.07088,14.344918,16.81584,13.480455,13.011532,15.901855,12.556698,10.8916645,5.3875074,6.0459867,6.1785674,8.147123,12.321718,15.354064,17.676392,20.655485,22.967154,25.43653,22.775446,21.204489,19.370186,15.060318,12.230053,8.140269,8.533495,0.0,5.8562717,6.541597,10.432177,11.913432,15.569947,17.301388,15.130283,12.885906,10.424898,8.443557,6.969178,4.343869,4.915732,9.825832,9.307087,14.125568,16.630663,20.625784,19.335327,18.894218,14.925873,17.84688,15.840055,17.675415,15.905156,11.869287,10.93284,15.179852,12.8477955,8.769405,8.281089,12.480248,13.921499,16.179285,10.678342,10.711742,16.09214,13.857142,12.753271,17.103884,19.531456,19.688635,15.715941,20.61156,15.581814,20.75096,19.583252,19.528154,23.145603,18.211306,23.76588,23.314705,21.655695,17.846392,19.464645,14.695264,20.291996,19.808426,21.432352,24.959656,23.981617,27.220768,25.022833,26.022774,22.044235,20.547127,16.125505,18.818142,15.853353,16.526066,16.465582,16.843496,18.044302,19.724754,22.020916,20.301603,24.806246,25.314724,29.893618
31,25.613388,21.906506,21.157919,16.543842,14.209611,16.25099,9.348607,13.939104,11.034658,12.419236,15.921019,14.419278,12.456461,8.333957,4.998436,6.6047935,6.119004,11.441993,12.576236,15.893729,18.312675,20.716429,23.01349,21.140915,20.257233,18.227066,14.604883,10.997005,8.958415,6.1301365,5.8562717,0.0,7.230812,8.234748,10.341485,14.139164,14.514391,12.602882,9.180497,5.888427,6.917336,4.6894207,6.444412,7.70806,9.297362,11.406023,13.826789,17.500677,20.795557,19.71477,20.311394,17.08769,21.008284,19.833279,21.630337,19.041676,16.12132,15.712711,20.413559,18.243855,13.869622,13.716204,18.278269,19.407187,21.88175,16.337181,15.783118,21.108948,17.777647,16.140448,19.414362,22.284311,21.397682,17.698854,22.740982,18.496363,23.346523,23.060078,22.736588,26.863209,22.291653,27.461609,27.180172,24.676754,20.599112,21.18923,16.202124,20.421858,18.761837,19.698694,22.861855,21.03189,23.854128,21.093868,22.153355,17.428999,15.916762,11.867903,15.639424,12.75413,14.838591,14.875511,15.576145,18.026463,19.20442,22.951777,20.264198,25.057878,25.468546,30.228804
32,30.654203,27.36251,25.91206,21.454802,19.548681,19.585176,13.903251,16.038542,11.382079,12.659885,13.592154,10.958877,6.5246496,5.523281,7.3154535,10.66808,12.458368,17.62682,19.65432,22.711508,25.298885,27.7431,30.042778,27.807938,26.707438,24.579918,20.712914,17.353895,14.130732,12.742436,6.541597,7.230812,0.0,5.5361743,5.634655,9.321428,11.289274,9.341852,8.058932,7.261867,5.03358,8.051059,5.8765216,9.9023285,14.063841,15.18722,19.136147,22.620775,26.400352,25.431866,25.27588,21.420156,24.304998,22.18342,23.801022,22.065212,18.043049,16.312899,20.377722,16.77971,12.564853,13.818184,16.368786,17.621944,18.725992,12.582267,13.553822,17.46734,13.650309,13.3528805,16.598003,20.061674,20.087454,17.269468,22.872501,18.958696,24.443121,23.896942,24.543362,28.307985,23.776157,29.415182,29.423162,27.862558,24.098497,25.705395,20.844936,26.109198,25.23879,26.307743,29.704304,28.030071,30.978987,28.15596,29.351732,24.476538,22.760334,18.828848,22.195986,18.008291,20.258232,18.844418,18.127525,20.667677,22.853622,25.981337,24.93199,29.444271,30.493294,35.067314
33,26.736275,23.753506,21.72425,17.61857,16.073153,14.859595,10.428883,12.028838,7.1581144,10.293381,10.874097,10.613066,7.1819935,8.096698,7.400457,11.826877,13.197465,18.643715,20.245579,23.467155,26.055933,28.160526,30.63788,29.172558,28.303726,26.409227,22.703037,19.18317,16.664295,14.343467,10.432177,8.234748,5.5361743,0.0,4.54571,6.2073555,7.9855924,7.9247494,4.929837,5.1549582,7.738712,10.700002,10.539937,14.095216,17.05717,18.872215,21.934858,25.555069,28.992643,27.643887,28.025465,24.43869,27.981812,25.924757,28.09469,26.141973,22.285036,21.159868,25.204002,22.06839,17.876682,18.233717,20.826153,21.340357,22.837677,17.281925,16.744501,20.435421,15.483867,14.530411,16.231226,20.081448,19.10356,16.987404,22.660006,19.889267,25.080484,25.494518,26.272839,30.499395,26.565853,31.929186,32.58308,30.402557,26.536348,27.670347,22.740862,27.21518,26.058468,26.304293,29.540806,27.272066,30.007294,26.745232,28.70883,23.271343,20.893806,17.557299,20.88379,15.852243,19.297222,16.980835,15.739671,19.396204,21.55626,25.693333,24.761044,29.225298,30.684578,35.20976
34,29.060675,26.369003,24.735142,20.361217,19.374937,18.292091,14.073801,16.458534,11.589572,14.629314,14.367255,13.4156685,8.181848,10.374458,10.966677,15.056417,16.169174,21.621038,22.611881,26.170147,28.289501,30.79781,32.861237,31.096233,30.461563,28.14503,24.769432,21.104605,18.72515,16.21851,11.913432,10.341485,5.634655,4.54571,0.0,4.9428587,5.745044,4.258987,4.5149274,6.453647,6.1949573,10.855513,10.383294,14.666242,17.684614,19.938286,22.911274,27.081871,30.541824,29.842154,30.08553,26.472214,29.621073,27.716408,29.199902,27.2007,23.49336,21.649855,25.85502,21.907398,17.646566,19.43662,21.755594,22.887035,23.622152,17.523876,18.6017,21.794844,17.230179,17.132395,19.15333,23.102526,22.675158,20.690243,26.429005,23.352552,28.74559,28.722498,29.535788,33.494335,29.190548,34.764935,34.956352,33.184967,29.336164,30.64688,25.692318,30.428493,29.04175,29.670998,32.805664,30.556437,33.112846,29.848461,31.057928,25.63377,23.94539,20.706945,24.567635,20.041824,23.360258,21.407967,20.261583,23.76083,25.943382,29.84028,28.785543,33.327698,34.55954,39.156944
35,29.825712,27.49499,25.143345,21.409863,20.644043,18.048021,15.492795,15.93398,11.109778,14.370371,12.428269,12.728876,8.131754,12.503819,13.374893,17.804613,19.388569,24.837563,26.257551,29.622925,32.02941,34.23064,36.560776,35.102417,34.360523,32.296246,28.71777,25.132214,22.559532,20.237787,15.569947,14.139164,9.321428,6.2073555,4.9428587,0.0,4.905712,6.820893,7.2901807,9.902776,11.1114645,15.537527,14.858928,19.036388,22.295696,24.233896,27.424667,31.306293,34.80813,33.686806,33.92816,30.207977,33.405975,31.109102,33.05463,31.33492,27.259855,25.550203,29.305475,25.456476,21.514032,22.731693,24.250168,24.768091,25.293745,19.8353,20.179665,22.4527,17.199087,17.254854,17.962393,22.148499,21.509003,20.553343,26.199453,24.155455,29.374043,29.873713,31.150156,35.183804,31.425058,36.884705,37.703197,35.894398,32.1631,33.582733,28.698895,33.360645,32.26443,32.450546,35.64059,33.218994,35.79846,32.36225,34.27348,28.625301,26.330526,23.380312,26.760159,21.420486,25.145693,22.233013,20.293419,24.157099,26.654892,30.693846,30.469929,34.749626,36.517605,40.930107
36,27.247408,25.298014,23.452986,19.506319,19.524897,17.278372,15.138338,17.443153,13.169708,17.33362,16.362335,17.046719,12.424512,15.531453,15.21605,19.502962,20.113985,25.562006,25.771452,29.581932,31.331808,33.74328,35.639606,34.43068,34.176258,31.839031,28.87774,25.08643,23.390665,20.197294,17.301388,14.514391,11.289274,7.9855924,5.745044,4.905712,0.0,4.0324454,5.56443,9.030909,10.852759,15.177035,15.740534,19.875408,22.004673,24.933187,27.10337,31.632473,34.763187,34.145397,34.774574,31.406174,34.872643,33.135616,34.67964,32.458103,28.98673,27.262894,31.574219,27.607155,23.307573,25.082947,27.40796,28.326897,29.033257,23.103933,23.853125,26.710903,21.657955,21.465773,22.429535,26.572025,25.61133,24.316235,29.965904,27.669619,32.84132,33.346893,34.23788,38.41021,34.37451,39.8247,40.257004,38.184574,34.26406,35.252674,30.269205,34.42206,32.63643,32.77283,35.613335,32.862183,35.00729,31.396465,32.7594,26.97378,25.238428,22.827751,26.854097,22.19152,26.312204,23.957518,22.533052,26.739424,28.798708,33.353718,32.271366,36.755405,38.15621,42.712753
