,0,1,2,3,4,5,6,7,8,9,10,11,12,13,14,15,16,17,18,19,20,21,22,23,24,25,26,27,28,29,30,31,32,33,34,35,36,37,38,39,40,41,42,43,44,45,46,47,48,49,50,51,52,53,54,55,56,57,58,59,60,61,62,63,64,65,66,67,68,69,70,71,72,73,74,75,76,77,78,79,80,81,82,83,84,85,86,87,88,89,90,91,92,93,94,95,96,97,98,99,100,101,102,103,104,105,106,107,108,109,110
0,0.0,4.7103844,6.7226586,9.599279,12.313968,14.920456,17.918438,19.876736,23.908733,26.276192,30.421162,33.68626,30.807085,28.900877,24.169647,22.617516,17.799154,17.852417,15.9398155,15.132268,16.93874,14.058989,17.233824,20.159666,19.61076,21.87506,20.167019,21.094229,23.556673,23.665567,30.015999,31.146301,35.394455,36.21994,39.754513,41.648045,43.854424,47.080975,42.133583,38.625286,39.209896,34.59439,33.4649,31.183453,31.190834,29.864408,27.369741,31.264156,34.32839,34.58428,36.890526,36.21067,40.514004,42.2348,42.729958,41.205536,40.08933,41.076202,44.691307,41.90312,39.20178,38.94596,39.777134,37.108707,40.530006,35.654053,38.851936,35.917,32.96933,30.593166,30.95451,31.298866,33.197193,31.21168,32.560665,32.832752,33.115158,36.846092,32.456043,35.318462,38.155884,33.414368,35.753002,32.924057,30.70633,30.652225,27.244328,27.313751,24.867674,24.2733,24.50331,22.821434,24.260496,22.967972,19.8579,19.088512,15.733604,19.409828,18.144873,23.37863,20.706993,26.256344,27.609888,28.843933,32.684044,31.67975,37.447968,34.493423,39.45549,40.29388,43.320324
1,4.7103844,0.0,4.898086,5.794307,8.213323,11.723509,14.044001,17.029589,20.401217,23.157286,27.018194,30.77413,28.28396,26.502296,22.011398,19.875809,15.705983,14.606271,14.035581,12.008208,14.960142,12.161733,16.05543,17.991991,16.906979,18.965076,16.380886,17.480434,19.529688,20.315502,26.209871,28.014666,31.786554,33.231834,36.428867,38.479225,40.45666,43.598324,38.54098,35.080826,35.24915,30.773924,29.181717,27.004814,26.680391,25.624254,22.91482,27.02559,30.19323,30.680168,32.983154,32.50717,37.05417,38.539455,39.496056,38.113182,36.75853,37.933388,41.362354,38.582993,35.71373,35.116093,35.723053,32.888805,36.195663,31.251003,34.270615,31.35455,28.481697,26.172768,26.620743,27.240189,29.290241,27.308683,29.066547,29.332151,30.180445,33.995525,29.999222,33.26143,35.84045,31.618845,33.745876,30.504595,28.118538,27.599861,24.619125,23.82099,21.65925,20.597244,21.106386,19.122433,20.973003,19.535305,15.964287,15.083369,11.439421,14.888935,13.442683,18.673931,16.149544,21.6904,23.239851,24.7069,28.395533,27.236465,33.091854,30.062948,34.98103,35.948284,38.84325
2,6.7226586,4.898086,0.0,5.1485205,6.7472644,8.494446,11.743802,13.269197,17.496649,19.628254,23.972685,27.143162,24.615625,23.029095,18.10445,16.822823,12.671506,12.608532,12.271998,12.277265,15.927523,14.089207,17.970991,20.045397,19.487947,20.889835,17.930546,17.928894,19.458464,19.602516,24.74367,25.906229,29.723427,30.79307,34.274498,35.859863,38.32051,41.777836,36.98214,33.7481,34.098034,29.963419,28.734734,27.179373,26.996635,26.810589,24.769457,29.205435,32.722023,33.132496,35.038326,34.43207,39.151867,40.09122,41.338512,39.558205,37.899105,38.65325,41.767906,38.70519,36.50942,35.224182,36.48092,33.78872,37.374886,32.98859,35.4661,32.930035,30.375364,28.07457,28.063372,29.141224,30.818245,28.094093,30.032272,29.536592,30.6539,33.42843,29.662113,32.695137,34.604637,30.183466,31.737925,28.458944,26.644165,26.618454,23.900707,23.715712,22.41229,21.963575,23.286388,21.727638,24.205849,23.021341,19.044683,18.434208,14.482906,17.172527,14.473347,19.539742,15.5998955,21.18085,21.817163,22.670755,26.705862,26.077261,31.718597,29.411737,34.398094,35.554394,38.786354
3,9.599279,5.794307,5.1485205,0.0,3.6843195,6.638448,8.864373,12.073411,14.959894,18.040443,21.516552,25.444733,22.872929,21.04484,16.906761,14.27821,10.611131,8.857776,9.474893,7.625564,12.076396,10.526018,14.730609,15.883191,15.087573,16.181728,12.846527,12.900544,14.499666,15.024591,20.556154,22.276161,26.02614,27.48141,30.651678,32.691074,34.680298,37.87564,32.874897,29.48621,29.742598,25.37034,24.084255,22.215693,22.24212,21.728014,20.065348,24.381697,28.036139,28.218365,29.979818,29.334557,34.09828,34.95266,36.309074,34.582462,32.857903,33.737946,36.845524,33.860268,31.462334,30.265852,31.386116,28.717882,32.366203,28.162409,30.80623,28.405607,25.844057,23.34817,23.065422,24.08965,25.679178,22.974163,24.966513,24.605537,25.900476,29.029325,25.420313,28.792866,30.815702,26.88295,28.606558,25.10372,22.840569,22.305696,19.721432,18.867413,17.50757,16.856985,18.358826,16.912554,19.723354,18.773277,14.648903,14.65705,10.764999,13.444601,10.339087,15.385896,12.2189455,17.12357,18.651197,19.970774,23.519156,22.402615,28.000929,25.05534,30.05993,30.93715,34.141403
4,12.313968,8.213323,6.7472644,3.6843195,0.0,4.7567687,5.867954,9.917518,12.414996,15.430242,19.049973,23.149542,21.28681,19.918161,15.763243,13.288541,10.952414,8.388212,11.162386,9.361312,14.587182,13.469406,17.70473,18.152426,17.020416,17.729494,13.438944,13.278239,13.71915,14.989395,19.016188,21.321724,24.289808,26.386866,29.272013,31.132061,33.183678,36.483322,31.534933,28.40143,28.107779,24.242737,22.342144,21.086363,20.456446,20.934677,18.97244,23.680456,27.401407,28.03593,29.741713,29.393116,34.404633,34.85602,36.80922,35.186913,33.146736,34.098114,36.840675,33.793697,31.479246,29.568092,30.598324,27.733915,31.204737,26.992111,29.062511,26.743916,24.446442,22.241755,22.121588,23.729656,25.451162,22.585554,25.170315,24.5131,26.566063,29.269493,26.26417,29.824478,31.240456,27.772213,28.934198,25.05501,23.02605,22.241346,20.402224,18.806263,18.28405,17.261292,19.254147,17.532686,20.70942,19.560862,15.112732,14.71051,10.789336,12.262236,8.484148,13.202896,9.049569,14.435737,15.3875065,16.633001,20.378534,19.478418,25.227615,22.796577,27.7481,29.071966,32.178463
5,14.920456,11.723509,8.494446,6.638448,4.7567687,0.0,4.170332,5.4499764,9.027751,11.543093,15.520056,19.050632,16.856926,15.548693,11.079258,9.250787,7.4221272,6.1058946,9.478894,10.25386,15.387281,15.311174,19.146704,19.765686,19.347107,19.379658,15.357743,13.840947,13.803468,13.868477,17.030975,18.315123,21.535152,23.00796,26.264128,27.683302,30.219816,33.816452,29.176125,26.25956,26.394192,22.842083,21.747904,21.122702,21.057713,22.2193,21.47224,26.104757,30.087496,30.359606,31.520319,30.894707,35.882374,35.797585,37.856472,35.7656,33.498554,33.9087,36.323574,33.013252,31.535645,29.053852,30.919144,28.413801,32.236378,28.929901,30.531212,28.785923,26.863728,24.598543,23.760332,25.611612,26.712988,23.078201,25.583721,24.084927,26.221325,27.714386,24.974897,28.190659,28.902067,25.29195,25.852583,21.98021,20.592176,20.422676,18.896679,18.239698,18.668179,18.591635,21.26816,20.285185,23.818096,23.110598,18.70548,18.861006,15.108182,16.169289,11.737892,15.555666,10.521186,14.787089,14.776923,15.164167,19.07236,18.74793,23.933338,22.194231,27.149033,28.43236,31.979548
6,17.918438,14.044001,11.743802,8.864373,5.867954,4.170332,0.0,5.9457335,6.6807947,10.018121,13.270741,17.641642,16.372509,15.473224,11.973086,9.397843,9.753811,6.4756904,11.78782,11.082722,16.600065,16.722908,20.580124,20.224592,19.340084,19.020834,14.2364855,12.7819395,11.53463,12.812643,14.395281,16.908264,19.072346,21.623259,24.25458,25.847565,28.039112,31.507051,26.761114,24.002293,23.415518,20.249496,18.348392,18.154757,17.469828,19.404709,18.555923,23.3284,27.32214,27.907484,28.981447,28.652996,33.80855,33.397167,36.01053,34.14872,31.630157,32.262543,34.36302,31.120832,29.48681,26.480639,28.036749,25.339697,28.937273,25.684582,26.848534,25.24294,23.583586,21.54727,20.775894,23.086082,24.300034,20.698195,23.762177,22.210556,25.118458,26.595781,24.534513,28.101217,28.446064,25.663296,25.910349,21.638828,20.130926,19.279171,18.598467,16.657326,17.744669,17.093801,20.097515,18.911129,22.701744,21.932524,17.457624,17.556063,14.186349,14.137404,9.39427,12.211855,6.8904505,10.744193,10.668476,11.364518,15.145315,14.675009,20.071192,18.405546,23.307543,24.887651,28.25174
7,19.876736,17.029589,13.269197,12.073411,9.917518,5.4499764,5.9457335,0.0,5.5664525,6.5086694,11.129764,13.891528,12.107876,11.53615,6.9378176,6.913415,8.113836,8.051181,12.089132,14.270905,19.139833,19.834604,23.298119,23.649197,23.526344,22.94082,18.879805,16.50092,15.399297,14.916679,15.57417,16.090683,18.66112,19.93096,23.230955,23.939198,27.02198,30.949734,26.79901,24.43067,24.557941,21.917566,21.226023,21.696547,21.69539,24.02331,24.10098,28.693499,32.794865,33.039646,33.699196,33.04966,38.049538,37.26135,39.751583,37.382637,34.772446,34.75309,36.560947,33.05664,32.429413,29.019985,31.516716,29.286503,33.171173,30.742807,31.522108,30.386549,29.008406,26.957739,25.678425,27.994753,28.635984,24.431984,27.130514,24.784216,27.407457,27.452953,25.525038,28.425201,27.991955,24.7695,24.252573,20.259546,19.829767,20.083138,19.53845,19.247478,20.953953,21.369768,24.64391,24.061468,27.893011,27.397545,23.005106,23.314703,19.792997,20.05594,15.3330345,17.902473,12.355357,15.155227,13.655646,12.862631,16.806347,17.360077,21.716673,21.23517,25.904852,27.437536,31.225185
8,23.908733,20.401217,17.496649,14.959894,12.414996,9.027751,6.6807947,5.5664525,0.0,4.394305,6.638926,11.123981,10.453842,10.345047,8.4392,6.6967573,10.704178,8.711306,14.205043,15.159354,20.04805,21.25018,24.49673,23.769257,23.42642,22.217985,17.813234,15.1195545,12.674735,12.884867,10.862929,12.534572,13.746705,16.285833,18.816393,19.787497,22.439018,26.238096,22.001091,19.87104,19.36429,17.314602,16.271755,17.515089,17.362076,20.597328,21.407,25.759062,29.876715,30.125437,30.368599,29.870657,34.896317,33.538174,36.599335,34.321766,31.394022,31.40397,32.70509,29.238585,28.782167,24.645027,27.160454,25.012016,28.787342,27.051077,27.236113,26.641966,25.74399,23.879465,22.228216,24.957016,25.322271,20.939253,24.06117,21.36046,24.81943,24.411789,23.480669,26.65915,25.59622,23.544003,22.535162,18.080475,17.631584,17.165215,17.8678,16.421597,19.203573,19.428347,23.15121,22.78161,26.861141,26.585403,22.3751,23.01757,20.110325,19.41817,14.666628,15.634627,10.875001,11.2624855,9.533424,8.562463,11.7861185,12.330963,16.253628,16.000153,20.51697,22.150246,25.955782
9,26.276192,23.157286,19.628254,18.040443,15.430242,11.543093,10.018121,6.5086694,4.394305,0.0,5.5275187,8.029247,8.557377,9.736444,7.7925878,8.747722,12.937646,12.347319,17.12705,19.035254,23.799809,25.01922,28.239319,27.84202,27.656858,26.471014,22.176004,19.39558,16.982113,16.778748,13.797974,14.3774395,14.901042,16.894957,19.473923,19.456394,22.789047,26.894573,23.317017,21.801365,21.320333,20.168154,19.403086,21.273834,20.978636,24.704727,25.488857,29.872683,33.934795,34.31418,34.44793,33.978172,38.95754,37.339016,40.52952,38.124104,35.10374,34.85292,35.82371,32.28579,32.362213,27.825117,30.633924,28.641783,32.294342,30.854666,30.549334,30.159426,29.510357,27.869774,26.274782,29.15096,29.415665,24.927841,28.011118,24.986696,28.443644,27.187082,26.5769,29.354042,27.635157,25.583246,23.871098,19.659395,20.064857,20.157297,21.122553,20.301916,23.324903,23.770195,27.522972,27.16459,31.234196,30.890436,26.616693,27.029926,23.98102,23.205553,18.515614,19.396568,14.223634,14.743176,11.738315,9.584713,12.866097,14.459296,17.482582,18.651728,22.661604,24.608232,28.389725
10,30.421162,27.018194,23.972685,21.516552,19.049973,15.520056,13.270741,11.129764,6.638926,5.5275187,0.0,5.675792,7.4220524,9.027018,10.339709,10.11508,15.511802,14.320547,19.257765,20.747904,25.048843,26.839373,29.619652,28.503344,28.421288,26.638681,22.602825,19.450848,16.34137,16.052538,10.478706,11.073016,9.864137,12.643711,14.428005,14.398006,17.49297,21.562668,18.195007,17.171078,16.47885,16.281227,16.040943,18.723047,18.857634,23.078863,25.03113,28.83913,32.854187,32.921146,32.45526,31.927835,36.686543,34.448345,37.966335,35.47156,32.221607,31.722382,32.08446,28.580606,29.250475,24.08235,27.279156,25.728765,29.355406,29.069784,28.246964,28.61149,28.46502,26.91767,24.725082,27.726654,27.418247,22.731897,25.809195,22.292421,26.20097,24.01519,24.474308,27.161613,24.63569,23.751944,21.40824,17.084295,17.831821,17.60602,19.767736,18.583881,22.529602,23.21447,27.242935,27.383425,31.534092,31.571259,27.655502,28.56901,26.065979,24.858969,20.328371,20.031088,16.136387,14.270796,11.618041,9.380739,10.609342,12.272164,13.571569,15.259132,18.712334,20.40093,24.351337
11,33.68626,30.77413,27.143162,25.444733,23.149542,19.050632,17.641642,13.891528,11.123981,8.029247,5.675792,0.0,5.7034063,8.944244,11.024066,13.010319,18.178991,18.375404,22.41774,25.064672,29.063536,31.012398,33.621323,32.95929,33.236088,31.432856,27.738358,24.34737,21.601748,20.513527,15.211589,13.852097,12.72227,13.482521,15.519942,13.866135,18.003263,22.351685,20.18035,19.921055,19.89604,20.422253,21.064703,23.921942,24.351984,28.54763,30.70308,34.46237,38.476643,38.415756,37.764732,37.075058,41.653217,39.198734,42.586575,39.801258,36.560146,35.592583,35.638924,32.073284,33.533875,28.255434,31.966833,30.781649,34.418056,34.57571,33.52152,34.100853,34.08109,32.569973,30.268908,33.19729,32.637478,27.794025,30.524979,26.668653,30.19302,26.93152,27.606123,29.594213,26.320541,25.33906,22.166039,18.526411,20.379734,21.067484,23.225187,23.190235,27.18716,28.360346,32.401695,32.743244,36.885754,36.984913,33.02006,33.910183,31.18348,30.194548,25.57009,25.576138,21.271233,19.8785,16.766893,14.045975,15.170869,17.400074,17.598211,20.251825,23.063812,24.655935,28.606863
12,30.807085,28.28396,24.615625,22.872929,21.28681,16.856926,16.372509,12.107876,10.453842,8.557377,7.4220524,5.7034063,0.0,3.437244,6.8880363,9.154847,14.018069,15.25556,18.163218,21.736992,25.092093,27.340986,29.562986,29.321726,30.111305,28.277374,25.29253,21.552168,19.647312,17.336693,14.049853,10.892188,12.591475,11.224848,14.852551,13.888484,18.118782,22.46209,19.86407,18.779732,20.161804,19.305336,21.14907,23.02609,24.489079,27.554306,30.19601,33.818504,37.99951,37.349495,36.674828,35.5232,39.930836,37.844387,40.523643,37.386326,34.41449,33.151134,33.694614,29.994234,31.58856,27.100874,31.269403,30.319143,34.482513,34.588257,34.399853,34.769035,34.304012,32.285976,29.628813,32.02875,31.204607,26.15064,28.237492,24.349215,27.032204,23.745516,23.664217,25.316484,22.427448,20.537186,17.64267,14.223826,16.246132,17.74489,19.168318,20.472729,24.080393,25.95599,29.895555,30.676207,34.72748,35.104664,31.25243,32.56552,29.68259,29.469225,24.690645,25.531418,21.293158,20.419622,18.459766,16.426619,18.010035,19.390541,20.341125,21.386387,24.830084,25.605295,29.968588
13,28.900877,26.502296,23.029095,21.04484,19.918161,15.548693,15.473224,11.53615,10.345047,9.736444,9.027018,8.944244,3.437244,0.0,5.6035695,6.9108086,11.477011,13.0923815,15.319598,19.212519,22.13777,24.576406,26.548595,26.437351,27.48262,25.615646,23.072529,19.184967,17.805273,14.8295145,13.014281,9.11412,12.595654,10.457998,14.750932,14.584472,18.429144,22.582727,19.561472,17.872272,19.902744,18.13008,20.51239,21.722963,23.743256,26.073147,28.97428,32.446842,36.67602,35.697197,35.029102,33.641968,37.941734,36.114433,38.392063,35.12248,32.32541,30.9879,31.88346,28.15109,29.652145,25.712152,29.99872,29.145147,33.55361,33.585373,33.917862,34.152245,33.43536,31.14731,28.316021,30.377893,29.430275,24.343365,26.059395,22.258387,24.458027,21.416222,20.79985,22.403774,19.97473,17.523226,15.090768,11.637571,13.437243,15.280866,16.183167,18.163347,21.474072,23.70599,27.543304,28.576996,32.538097,33.088997,29.373188,30.960764,28.09245,28.288492,23.533133,24.751091,20.800251,20.094107,18.9518,17.43968,19.118406,19.932323,21.325218,21.356667,25.125256,25.444225,29.950706
14,24.169647,22.011398,18.10445,16.906761,15.763243,11.079258,11.973086,6.9378176,8.4392,7.7925878,10.339709,11.024066,6.8880363,5.6035695,0.0,5.072427,8.019199,10.456603,12.606812,16.841385,20.411942,22.156282,24.705301,25.242722,26.029362,24.809902,21.834734,18.445143,17.568743,15.152522,15.238446,12.994569,16.582159,15.675255,19.77708,19.870773,23.56377,27.687712,24.20556,22.116072,23.534218,21.144201,22.363375,23.081459,24.394733,26.52228,28.2109,32.23567,36.477413,35.928684,35.892353,34.704185,39.30849,38.072628,40.22874,37.227795,34.601974,33.74918,35.2211,31.529932,32.130962,28.619322,32.247734,30.803022,35.121445,33.98273,34.67389,34.22413,33.100407,30.79997,28.606384,30.667501,30.39585,25.598957,27.582022,24.415949,26.487904,24.857903,23.23005,25.242144,23.933413,20.521034,19.17253,15.727012,16.514612,18.019821,17.758413,19.370707,21.746952,23.457674,27.0147,27.435057,31.317858,31.445135,27.395357,28.477192,25.162167,25.711866,20.907085,23.056274,18.247663,19.31138,17.956179,16.597776,19.508461,20.316109,23.130999,22.943926,27.256691,28.084421,32.380505
15,22.617516,19.875809,16.822823,14.27821,13.288541,9.250787,9.397843,6.913415,6.6967573,8.747722,10.11508,13.010319,9.154847,6.9108086,5.072427,0.0,5.6434216,6.2214127,9.444063,12.635561,16.308887,18.274004,20.79663,20.74382,21.410103,19.983473,16.990683,13.45665,12.608921,10.131129,11.339527,10.015226,14.289987,14.193346,18.042496,19.24478,22.098623,25.86643,21.688179,18.999466,20.36013,17.1436,18.297941,18.423487,20.07055,21.657461,23.644457,27.458942,31.715883,30.96606,30.922117,29.68718,34.304268,33.22334,35.323906,32.444515,29.854786,29.2511,30.983368,27.359888,27.468668,24.279371,27.668905,26.160616,30.575768,29.367023,30.443611,29.939451,28.680664,26.195116,23.828213,25.711958,25.409868,20.667046,22.646635,19.703829,21.865963,21.04811,19.203955,21.8029,21.128334,17.961195,17.391731,13.400684,13.057983,13.850014,13.435027,14.433023,16.755457,18.411842,22.028076,22.595158,26.511774,26.80933,22.92346,24.373693,21.352509,21.916952,17.184792,19.187963,15.218195,15.718141,15.5702915,15.04778,17.573647,17.556425,20.778368,19.3944,23.989557,24.456,28.743767
16,17.799154,15.705983,12.671506,10.611131,10.952414,7.4221272,9.753811,8.113836,10.704178,12.937646,15.511802,18.178991,14.018069,11.477011,8.019199,5.6434216,0.0,5.072577,4.687083,9.5564165,12.784682,14.299504,16.89126,17.945446,18.895077,18.158678,15.844755,12.893317,13.786129,11.043692,15.612571,14.443264,19.47976,18.924788,22.99432,24.447456,27.131805,30.689243,26.33259,23.216433,24.895136,20.84273,21.899054,20.93592,22.678963,23.005886,24.291681,28.132277,32.303146,31.420702,31.8509,30.451542,34.95235,34.669975,36.02888,33.201393,31.090944,30.673653,33.13716,29.650457,29.162361,27.121824,30.132046,28.47632,32.94115,30.924252,32.841343,31.738823,29.914642,27.16122,25.160734,26.436056,26.466743,22.192808,23.632942,21.487888,22.586285,23.041626,19.867786,22.350157,23.031816,18.67943,19.405586,16.142275,15.083263,16.11919,13.933231,15.764452,16.387394,18.109701,21.025509,21.460556,24.98012,25.1859,21.361155,22.759472,19.418343,21.084507,16.680302,20.020203,16.13636,18.266445,18.84482,18.881107,21.919176,21.509068,25.507626,23.355146,28.209885,28.485622,32.624214
17,17.852417,14.606271,12.608532,8.857776,8.388212,6.1058946,6.4756904,8.051181,8.711306,12.347319,14.320547,18.375404,15.25556,13.0923815,10.456603,6.2214127,5.072577,0.0,6.090245,6.813335,11.500196,12.763664,15.9012375,15.770551,15.921109,15.064483,11.657688,8.89438,9.17968,7.9210453,12.579561,13.455039,17.615265,18.628752,21.924389,23.970705,26.007687,29.300327,24.475954,21.19212,22.022236,17.79738,17.818438,16.646524,17.918133,18.321323,19.285992,23.262453,27.44204,26.84712,27.438007,26.349398,31.122326,30.842949,32.651527,30.229692,27.958912,28.080786,30.542168,27.191284,25.982702,23.782225,26.14861,24.115614,28.38954,26.00668,27.93579,26.703316,24.86442,22.165377,20.336351,21.836626,22.205824,18.133274,20.17905,18.396658,20.28514,21.676462,18.88565,22.196241,23.06079,19.687923,20.574387,16.672144,14.775741,14.466945,12.813688,12.501468,13.228291,14.043442,17.184416,17.230202,21.003288,21.068432,17.09174,18.507494,15.410475,16.556702,12.069942,15.065639,11.756336,13.566859,14.928205,15.649601,18.435955,17.481045,21.969685,19.212843,24.199049,24.6205,28.497915
18,15.9398155,14.035581,12.271998,9.474893,11.162386,9.478894,11.78782,12.089132,14.205043,17.12705,19.257765,22.41774,18.163218,15.319598,12.606812,9.444063,4.687083,6.090245,0.0,6.306183,8.316539,9.950849,12.251917,13.70167,14.997392,14.52362,13.231942,10.728505,13.070997,10.134354,17.020243,16.238665,21.706776,21.135923,25.03435,27.091011,29.196856,32.343246,27.707422,24.1693,26.090483,21.29401,22.483377,20.524944,22.69423,21.725153,23.024256,26.44399,30.474354,29.206264,29.805267,28.189257,32.442905,32.740208,33.473354,30.720804,29.013485,28.785297,31.80255,28.52943,27.496023,26.51098,29.182209,27.582375,32.08201,29.795036,32.450012,31.097486,28.921797,25.900513,23.914223,24.524279,24.581717,20.769821,21.605736,20.181263,20.421019,22.116484,18.083302,20.684597,22.586014,17.932451,19.86449,17.021984,15.017081,15.74527,12.407295,14.506834,13.740741,15.638793,17.938997,18.6249,21.757023,22.189806,18.785856,20.604439,17.526178,19.94364,16.148294,19.880539,17.132349,19.32051,21.006235,21.68936,24.447962,23.425364,27.639809,24.490446,29.392084,29.202444,33.191074
19,15.132268,12.008208,12.277265,7.625564,9.361312,10.25386,11.082722,14.270905,15.159354,19.035254,20.747904,25.064672,21.736992,19.212519,16.841385,12.635561,9.5564165,6.813335,6.306183,0.0,5.601992,6.1354885,9.574679,9.52786,9.590056,9.547011,7.3668175,6.3344297,9.526456,8.8307705,16.441914,17.796423,22.305529,23.24809,26.273878,29.000874,30.302698,33.00716,27.877195,24.10587,25.1225,19.990036,19.925299,17.154331,18.787153,16.932947,17.409523,20.754364,24.637962,23.602262,24.693335,23.404121,27.867632,28.651106,29.54106,27.438417,25.830269,26.460796,29.78442,26.857616,24.565367,24.078642,25.613546,23.52972,27.68199,24.555946,27.728022,25.92966,23.436384,20.353516,18.841366,19.20062,19.905874,16.905521,18.099077,17.796127,18.44399,22.003557,18.09872,21.617525,24.192602,20.58352,22.966616,19.709875,16.712612,15.871624,12.762142,12.218125,10.205263,10.607422,12.448748,12.51491,15.665338,15.922575,12.496501,14.5530815,11.884587,14.47099,11.393443,15.162818,14.002901,16.172514,19.096392,20.704126,23.102345,21.332726,26.09905,22.00104,26.904593,26.727995,30.192928
20,16.93874,14.960142,15.927523,12.076396,14.587182,15.387281,16.600065,19.139833,20.04805,23.799809,25.048843,29.063536,25.092093,22.13777,20.411942,16.308887,12.784682,11.500196,8.316539,5.601992,0.0,3.805251,4.5833817,5.543855,7.583418,7.5684776,9.148529,8.511872,12.780951,10.850032,19.506208,19.916626,25.131308,25.117878,28.239683,31.244638,32.2002,34.504948,29.496992,25.50402,27.360754,21.765049,22.78591,19.301804,21.943607,18.71038,20.08527,22.336735,25.902006,23.926905,24.788033,22.900854,26.613039,27.957542,27.700369,25.355839,24.393984,24.788925,28.651031,25.985128,23.699615,24.615767,26.293192,24.802813,29.07231,26.44491,30.2669,28.611647,25.984646,22.654821,20.75663,20.06601,20.19188,17.682606,17.436544,17.725122,16.65389,20.955421,16.12211,19.14799,22.922533,18.93766,22.390713,20.068596,16.710186,16.225748,12.018494,13.072854,9.516667,11.154015,11.787166,13.099166,15.258361,16.325811,14.235648,17.035975,15.200206,18.351545,16.188717,19.617363,19.38112,20.895634,24.237482,25.87784,27.880157,25.900442,30.156187,25.518055,30.158806,29.223991,32.68561
21,14.058989,12.161733,14.089207,10.526018,13.469406,15.311174,16.722908,19.834604,21.25018,25.01922,26.839373,31.012398,27.340986,24.576406,22.156282,18.274004,14.299504,12.763664,9.950849,6.1354885,3.805251,0.0,4.32689,6.2624373,6.939763,8.5424,9.468463,10.253881,14.356247,13.561354,21.882448,22.91617,27.780384,28.257359,31.309557,34.258106,35.28575,37.66148,32.53601,28.573328,29.943495,24.449026,24.644218,21.118025,23.001135,19.708931,19.800283,22.280905,25.61388,24.13257,25.590628,24.062634,27.86358,29.642206,29.414028,27.536692,26.715754,27.555637,31.517452,29.005283,26.18079,27.175495,28.229773,26.339293,30.266502,26.777922,30.7951,28.646002,25.745901,22.548965,21.395956,20.667065,21.489609,19.58359,19.69943,20.499138,19.714191,24.485895,19.766256,22.87458,26.694462,22.722065,26.093374,23.613918,20.308767,19.613066,15.645059,15.821445,12.046494,12.415077,12.286415,12.536733,14.210086,14.703685,12.55906,14.845368,12.905398,16.64262,15.113172,19.09206,18.950956,21.399717,24.75206,26.595076,28.913105,26.89524,31.66718,27.053219,31.768642,31.180182,34.3632
22,17.233824,16.05543,17.970991,14.730609,17.70473,19.146704,20.580124,23.298119,24.49673,28.239319,29.619652,33.621323,29.562986,26.548595,24.705301,20.79663,16.89126,15.9012375,12.251917,9.574679,4.5833817,4.32689,0.0,4.8016415,7.2865567,8.515328,11.727324,12.279557,16.671856,15.134973,23.807945,24.240606,29.473766,29.336323,32.3841,35.51173,36.266056,38.332424,33.34673,29.29138,31.224724,25.51084,26.484356,22.606594,25.205076,21.177935,22.125443,23.787348,26.878616,24.671474,25.814072,23.840769,26.97819,29.069168,27.993649,25.92635,25.595196,26.205406,30.459713,28.176128,25.47071,27.394503,28.605837,27.213694,31.21202,28.293875,32.632587,30.721527,27.848976,24.524847,22.978817,21.604652,21.881245,20.27187,19.387663,20.502052,18.561382,23.656391,18.508112,21.13453,25.683466,21.65539,25.647053,23.83806,20.389618,19.91013,15.517397,16.634073,12.295235,13.504646,12.711392,13.993878,14.924585,16.125473,15.0627575,17.840923,16.555029,20.226948,18.989857,22.529211,22.87012,24.653276,28.250818,30.078629,32.068558,29.92455,34.26117,29.326424,33.828995,32.699226,35.89799
23,20.159666,17.991991,20.045397,15.883191,18.152426,19.765686,20.224592,23.649197,23.769257,27.84202,28.503344,32.95929,29.321726,26.437351,25.242722,20.74382,17.945446,15.770551,13.70167,9.52786,5.543855,6.2624373,4.8016415,0.0,3.6625187,3.9313438,8.494833,9.584023,13.858645,13.0885105,21.384417,22.621178,27.25205,27.769062,30.218233,33.709137,33.909546,35.626457,30.503996,26.424469,27.99632,22.25628,22.975212,18.75147,21.489143,16.89176,18.363892,19.48018,22.54373,20.043098,21.037256,19.041029,22.282682,24.357018,23.509436,21.656986,21.225288,22.23089,26.500393,24.397057,21.153414,23.314125,24.088268,22.706894,26.603119,23.88525,28.362986,26.623436,23.841173,20.45504,18.665592,17.005062,17.169308,15.944794,14.974018,16.655191,14.975513,20.918674,16.26242,19.514994,24.017569,21.028086,24.905022,22.779694,18.9304,17.569338,13.750336,13.419217,8.5680895,9.306093,8.092988,10.062646,11.136806,12.912442,12.323304,15.773775,15.268691,18.27651,17.35945,19.980202,21.402315,22.148376,26.288923,28.403126,29.805553,27.320187,31.376055,25.997911,30.235437,28.86411,31.816376
24,19.61076,16.906979,19.487947,15.087573,17.020416,19.347107,19.340084,23.526344,23.42642,27.656858,28.421288,33.236088,30.111305,27.48262,26.029362,21.410103,18.895077,15.921109,14.997392,9.590056,7.583418,6.939763,7.2865567,3.6625187,0.0,3.439071,6.544145,9.184786,13.026802,13.675698,21.340014,23.55371,27.52794,28.873804,30.999025,34.54531,34.63079,36.33699,31.0457,27.037922,27.881218,22.328598,22.027342,17.75251,19.701052,15.001706,15.407757,16.652302,19.615133,17.633663,19.195353,17.714207,21.351727,23.604637,23.290651,22.041372,21.453875,23.062977,27.199522,25.224123,21.341948,23.228165,23.230333,21.342724,24.863789,21.346502,25.959703,23.844816,20.874596,17.578503,16.403719,14.789284,15.748911,15.13649,14.925976,17.066114,16.332205,22.601625,18.502665,22.158375,26.299675,23.737862,27.264074,24.67901,20.790363,18.88999,15.683597,13.823064,9.136439,8.006967,6.0373034,6.8204618,7.855849,9.32361,8.772603,12.289206,12.25631,15.1502495,14.909076,17.354145,19.437132,20.344677,24.720852,27.126911,28.498222,25.842337,30.224592,24.746002,28.951447,27.90045,30.500395
25,21.87506,18.965076,20.889835,16.181728,17.729494,19.379658,19.020834,22.94082,22.217985,26.471014,26.638681,31.432856,28.277374,25.615646,24.809902,19.983473,18.158678,15.064483,14.52362,9.547011,7.5684776,8.5424,8.515328,3.9313438,3.439071,0.0,5.65567,7.2185993,11.003255,11.246509,18.798315,20.879143,24.82361,26.062454,28.015322,31.692293,31.563318,33.12163,27.872288,23.842339,24.904402,19.2627,19.498505,15.120792,17.783636,12.976222,14.846431,15.822395,19.076925,16.588394,17.480762,15.640826,19.376259,21.136908,20.99334,19.352037,18.507542,19.890621,23.947565,21.857586,18.20135,20.024147,20.43508,18.857634,22.72473,20.057629,24.473158,22.868135,20.208117,16.783823,14.76785,13.187398,13.4029455,12.240999,11.745586,13.699219,12.959114,19.218287,15.318035,19.153038,23.145237,21.013065,24.453438,21.876345,17.881128,15.753722,12.781125,10.719222,5.847454,5.4962826,4.441566,7.0123754,8.937166,10.944502,10.258721,14.070797,14.012097,16.211378,15.361806,17.140339,19.288033,19.201183,23.664299,25.966122,26.944698,24.24567,28.141518,22.532818,26.620228,25.234516,28.02247
26,20.167019,16.380886,17.930546,12.846527,13.438944,15.357743,14.2364855,18.879805,17.813234,22.176004,22.602825,27.738358,25.29253,23.072529,21.834734,16.990683,15.844755,11.657688,13.231942,7.3668175,9.148529,9.468463,11.727324,8.494833,6.544145,5.65567,0.0,4.2136645,6.893087,9.254959,15.642229,18.90082,22.032587,24.327547,26.135927,29.567976,29.750072,31.71366,26.301182,22.482979,22.570454,17.370258,16.183277,12.3952265,13.791132,10.370048,10.957648,13.577529,17.411116,16.244553,17.518684,16.55063,21.25786,22.263184,23.570498,22.210176,20.572647,22.143677,25.512602,23.094965,19.526875,19.564547,19.766335,17.340754,21.10816,17.61966,21.387344,19.500866,16.868914,13.576517,12.04109,11.957778,13.14312,11.254184,12.883551,13.954901,15.335264,20.49936,17.477442,21.7107,24.508251,22.545155,25.030205,21.586788,17.925865,15.465863,13.498444,9.725984,6.9169846,4.2546024,5.9433007,5.6995053,9.524547,10.191383,7.401856,10.684704,9.994447,11.403782,9.91941,11.658425,13.689731,13.862551,18.299635,20.752718,21.96403,19.303703,23.816595,18.552599,23.000305,22.46337,25.247566
27,21.094229,17.480434,17.928894,12.900544,13.278239,13.840947,12.7819395,16.50092,15.1195545,19.39558,19.450848,24.34737,21.552168,19.184967,18.445143,13.45665,12.893317,8.89438,10.728505,6.3344297,8.511872,10.253881,12.279557,9.584023,9.184786,7.2185993,4.2136645,0.0,4.4108043,5.064461,12.314991,14.864995,18.551933,20.320803,22.44124,25.776882,26.203518,28.387156,23.056705,19.187836,19.87209,14.51187,14.433519,11.094299,13.5202465,11.154169,13.418831,16.102652,20.18183,18.681452,19.158173,17.793755,22.439327,22.687416,24.131136,22.075144,20.083801,20.918036,23.996086,21.148619,18.580626,17.883516,19.288338,17.328184,21.662664,19.353264,22.462767,21.243637,19.101141,15.865073,13.406593,13.838111,13.988882,10.598952,12.16064,11.853469,13.447717,17.425531,14.463399,18.654871,20.924126,18.837631,21.00982,17.444471,13.898352,11.676739,9.765912,6.537755,5.124382,5.2275863,8.573674,9.614546,13.413101,14.360105,11.511006,14.479299,13.119827,14.232051,11.446227,13.037522,13.7523365,13.250362,17.184193,19.155458,20.329584,17.971727,22.024553,17.082548,21.70449,20.992136,24.387695
28,23.556673,19.529688,19.458464,14.499666,13.71915,13.803468,11.53463,15.399297,12.674735,16.982113,16.34137,21.601748,19.647312,17.805273,17.568743,12.608921,13.786129,9.17968,13.070997,9.526456,12.780951,14.356247,16.671856,13.858645,13.026802,11.003255,6.893087,4.4108043,0.0,5.236081,8.830181,12.885553,15.261284,18.194443,19.72556,23.022482,23.332773,25.591639,20.199642,16.615757,16.387993,11.56334,10.4399185,7.899285,9.779725,9.270168,11.903801,15.035563,19.290735,18.36449,18.550198,17.664608,22.657646,22.078842,24.574793,22.681282,20.115437,21.003965,23.337145,20.373827,18.064512,15.882942,17.283789,15.0188055,19.295166,17.328882,19.536636,18.70491,17.07877,14.175998,11.498172,13.124646,13.293637,9.289561,12.262092,11.128389,14.430058,17.305532,15.696977,20.00286,21.116884,19.934168,21.136492,17.021904,13.913959,11.124617,11.07063,6.1108804,7.724464,6.946286,10.9154415,11.377945,15.478744,16.101645,12.977343,15.398674,14.145096,13.891419,10.646409,10.753826,11.5139265,9.419864,13.42059,15.437389,16.128702,13.669196,17.62895,12.77619,17.527857,17.224018,20.694899
29,23.665567,20.315502,19.602516,15.024591,14.989395,13.868477,12.812643,14.916679,12.884867,16.778748,16.052538,20.513527,17.336693,14.8295145,15.152522,10.131129,11.043692,7.9210453,10.134354,8.8307705,10.850032,13.561354,15.134973,13.0885105,13.675698,11.246509,9.254959,5.064461,5.236081,0.0,8.7349615,9.946945,14.395795,15.39657,17.893278,21.085934,21.81206,24.273304,19.130527,15.298339,16.799871,11.522535,13.101816,10.858643,14.205539,13.295541,16.871227,19.459267,23.632023,21.908545,21.585491,19.947906,24.371944,23.703754,25.380175,22.659298,20.272644,20.186613,22.661352,19.350548,18.234894,16.464952,19.297546,17.983921,22.70274,21.76692,24.02549,23.585527,22.036907,19.003553,15.843973,16.774036,15.957428,11.36757,12.761112,10.58593,12.558167,14.289838,11.879578,15.814384,16.976645,14.978982,16.419436,12.55679,9.3053,7.477201,6.3512707,4.739004,6.8226213,9.0279255,12.79884,14.425193,18.206974,19.324692,16.463367,19.214453,17.518953,18.209442,14.618023,15.712943,15.223116,13.753636,16.749699,17.983889,18.907972,17.048935,20.186707,15.918159,20.470045,19.554033,23.581785
30,30.015999,26.209871,24.74367,20.556154,19.016188,17.030975,14.395281,15.57417,10.862929,13.797974,10.478706,15.211589,14.049853,13.014281,15.238446,11.339527,15.612571,12.579561,17.020243,16.441914,19.506208,21.882448,23.807945,21.384417,21.340014,18.798315,15.642229,12.314991,8.830181,8.7349615,0.0,6.324242,6.436155,10.466761,11.31832,14.393751,14.896874,17.67613,12.573357,9.71209,9.486965,6.4660015,7.610808,9.086006,11.4396105,14.162258,18.226576,20.842884,24.881529,23.90922,22.87085,21.929123,26.447777,24.196388,27.51326,25.011713,21.753521,21.451456,22.143114,18.71389,18.819323,14.066013,17.44602,16.27759,20.558891,21.132486,21.317627,22.05479,21.755037,19.620348,16.276917,18.688799,17.578848,12.638906,15.485927,11.899903,16.283411,15.117206,15.927843,19.411003,17.859041,18.143827,17.17554,12.608995,11.284484,8.98513,12.119292,9.06581,13.767246,14.659932,18.767841,19.830873,23.823605,24.62139,21.621206,23.698673,22.251945,21.218113,17.404634,16.284641,15.499131,11.263158,12.743166,13.160825,12.435734,11.111877,12.337592,9.459738,13.5545435,13.2529955,17.708601
31,31.146301,28.014666,25.906229,22.276161,21.321724,18.315123,16.908264,16.090683,12.534572,14.3774395,11.073016,13.852097,10.892188,9.11412,12.994569,10.015226,14.443264,13.455039,16.238665,17.796423,19.916626,22.91617,24.240606,22.621178,23.55371,20.879143,18.90082,14.864995,12.885553,9.946945,6.324242,0.0,6.5887523,5.5376115,8.798385,11.347335,12.959336,16.271156,12.029212,9.321014,12.072839,9.417716,13.3845,14.288824,17.581148,19.30457,23.806284,26.219574,30.285988,28.669884,27.3305,25.753645,29.722921,27.459028,29.911438,26.646748,23.650705,22.270603,22.893139,19.180666,20.825352,16.719,21.36465,21.08081,25.641102,26.830935,27.298037,28.15952,27.723316,25.331608,21.708656,23.487019,21.773624,16.60181,18.051834,13.817262,16.622913,13.255622,13.93155,16.26944,13.677176,13.422384,11.471299,6.8515453,7.190606,7.34812,10.425519,11.135289,15.5574045,17.985147,21.956617,23.709057,27.568014,28.692663,25.740269,28.099775,26.228348,26.004042,21.84323,21.772816,20.061632,17.019402,17.758402,17.379326,17.254398,16.757397,17.196804,15.411973,18.841011,17.930891,22.599598
32,35.394455,31.786554,29.723427,26.02614,24.289808,21.535152,19.072346,18.66112,13.746705,14.901042,9.864137,12.72227,12.591475,12.595654,16.582159,14.289987,19.47976,17.615265,21.706776,22.305529,25.131308,27.780384,29.473766,27.25205,27.52794,24.82361,22.032587,18.551933,15.261284,14.395795,6.436155,6.5887523,0.0,6.5342374,5.771731,8.246585,9.073437,12.53745,8.429056,7.5068507,7.5988865,8.426165,10.987561,13.981337,16.07219,19.568363,23.943504,26.21212,30.007692,28.991972,27.389114,26.42924,30.452261,27.381329,30.949574,28.190992,24.760494,23.709589,23.221853,19.806555,21.57752,15.886696,20.111408,19.792526,23.64526,25.596945,24.734957,26.286547,26.64309,24.927721,21.487291,24.007063,22.392448,17.580082,19.945215,15.731585,19.903553,16.293228,18.629631,21.098503,17.688282,19.132915,16.498627,12.429333,13.03947,11.904689,15.99341,14.468251,19.431414,20.787678,24.84217,26.134014,30.055857,30.94678,28.022644,30.005566,28.502525,27.239305,23.334143,21.882196,20.587286,16.090416,15.993034,15.244354,13.57619,13.5209055,11.909837,11.7621355,14.040636,13.712663,18.225267
33,36.21994,33.231834,30.79307,27.48141,26.386866,23.00796,21.623259,19.93096,16.285833,16.894957,12.643711,13.482521,11.224848,10.457998,15.675255,14.193346,18.924788,18.628752,21.135923,23.24809,25.117878,28.257359,29.336323,27.769062,28.873804,26.062454,24.327547,20.320803,18.194443,15.39657,10.466761,5.5376115,6.5342374,0.0,4.8962,6.3768816,8.713795,12.453078,9.746795,8.792909,12.220308,11.841534,16.401768,18.204786,21.401766,23.652357,28.510372,30.622486,34.526356,32.81987,31.02463,29.422083,32.964924,30.084614,32.6685,29.218859,26.14328,24.16464,23.821217,20.225725,23.189123,18.560957,23.736341,24.085552,28.359627,30.578255,30.379742,31.830969,31.84871,29.713995,25.94051,27.804152,25.697891,20.650253,21.80879,17.257128,19.88499,14.615981,16.710443,17.938244,13.579804,14.694028,10.981528,7.7009716,10.183082,11.133319,14.726567,15.965975,20.532692,23.095407,27.015177,28.94121,32.738674,33.967186,31.129713,33.474895,31.65605,31.203936,27.031633,26.568436,24.746572,21.255297,21.247026,20.268667,19.49001,19.608492,18.399353,17.963688,20.272354,19.192724,23.780792
34,39.754513,36.428867,34.274498,30.651678,29.272013,26.264128,24.25458,23.230955,18.816393,19.473923,14.428005,15.519942,14.852551,14.750932,19.77708,18.042496,22.99432,21.924389,25.03435,26.273878,28.239683,31.309557,32.3841,30.218233,30.999025,28.015322,26.135927,22.44124,19.72556,17.893278,11.31832,8.798385,5.771731,4.8962,0.0,4.3941374,4.16672,7.9234405,5.4564295,6.3587246,8.998013,10.773524,15.154142,17.734049,20.664013,23.434023,28.609894,30.246143,33.868633,32.250187,30.077642,28.722652,32.031677,28.549494,31.708004,28.530874,25.225248,23.319885,22.094124,18.786072,22.09423,16.678822,21.75878,22.460835,26.26815,29.387712,28.51784,30.557812,31.088226,29.312012,25.463945,27.512058,25.196072,20.490618,21.859125,17.32115,20.632471,15.121061,18.556503,19.922626,15.209875,17.929447,14.348276,11.560268,13.32729,13.083669,17.493128,17.38037,22.284597,24.37137,28.24999,30.14659,33.8657,35.136387,32.566814,34.904,33.51274,32.512753,28.669939,27.313713,26.226732,21.715158,21.746683,20.860237,18.990574,19.034678,16.386383,16.400322,17.555796,16.203512,20.537033
35,41.648045,38.479225,35.859863,32.691074,31.132061,27.683302,25.847565,23.939198,19.787497,19.456394,14.398006,13.866135,13.888484,14.584472,19.870773,19.24478,24.447456,23.970705,27.091011,29.000874,31.244638,34.258106,35.51173,33.709137,34.54531,31.692293,29.567976,25.776882,23.022482,21.085934,14.393751,11.347335,8.246585,6.3768816,4.3941374,0.0,4.8634477,9.152028,9.001598,10.723644,12.602375,14.945046,18.672007,21.629406,24.061422,27.328928,32.102898,34.070023,37.736313,36.36393,34.296288,33.037495,36.407963,32.877705,36.085266,32.879147,29.59562,27.589464,26.211536,22.979124,26.47233,20.992987,25.949705,26.52893,30.16249,33.144184,31.923784,33.9521,34.57447,32.934265,29.294472,31.554466,29.417118,24.663261,26.16848,21.621792,24.799053,19.0274,22.216284,23.17633,18.06868,20.331642,16.067995,13.736452,16.33908,16.793291,20.841879,21.211325,26.065691,28.167059,32.13373,33.8519,37.683453,38.796772,35.956364,38.062065,36.384445,35.340836,31.258154,30.05581,28.267174,24.135733,23.286959,21.806057,20.132385,20.897257,17.925104,19.264578,20.206293,19.494118,23.607374
