,0,1,2,3,4,5,6,7,8,9,10,11,12,13,14,15,16,17,18,19,20,21,22,23,24,25,26,27,28,29,30,31,32,33,34,35,36,37,38,39,40,41,42,43,44,45,46,47,48,49,50,51,52,53,54,55,56,57,58,59,60,61,62,63,64,65,66,67,68,69,70,71,72,73,74,75,76,77,78,79,80,81,82,83,84,85,86,87,88,89,90,91,92,93,94,95,96,97,98,99,100,101,102,103,104,105,106,107,108
0,0.0,4.314274,6.120053,9.433046,11.848115,14.209537,17.20372,21.67606,24.58288,27.22909,31.547354,30.485151,28.29111,28.12957,23.169336,23.826223,19.527674,19.642141,17.85022,16.522493,17.422897,13.7610235,17.66756,19.033852,16.873444,19.209286,18.980871,21.543114,18.76736,22.772503,22.126936,26.018866,31.116335,32.197582,36.121346,37.08066,40.419598,40.063374,36.9507,33.367985,35.215866,30.914398,29.51345,28.067692,26.167297,25.267464,21.344671,22.190485,20.891258,19.599041,17.954344,14.253139,13.725854,13.875584,17.107185,20.732277,22.291224,22.876484,27.59299,27.90352,25.101856,30.966446,30.539452,31.77115,35.070568,33.438713,36.882805,35.12748,39.867554,36.728622,32.6808,34.852642,32.113506,35.850548,33.760536,31.903578,34.16391,33.458336,33.98941,36.12917,33.513885,30.591173,27.807005,26.47901,26.967014,25.459372,26.50082,27.036072,26.533394,29.309643,28.72992,33.064346,32.934402,35.6994,34.147423,32.184483,29.92701,25.885435,23.880991,20.712807,16.522284,16.02585,13.470964,14.2394705,16.351086,18.582554,19.09855,23.163946,23.499628
1,4.314274,0.0,5.351945,6.348307,8.707694,12.042385,14.18537,19.375996,21.56802,24.63739,28.580526,27.610888,25.803513,25.252535,20.406973,20.396795,16.10467,15.671589,13.984055,12.247137,13.3892765,10.232273,14.370511,15.7554035,14.264186,16.222338,16.242956,18.16935,15.113167,18.81602,18.508865,22.008955,27.63898,28.47518,32.52612,33.603725,36.7438,36.309135,33.039146,29.341993,31.397106,26.897049,25.800222,24.309525,22.747568,22.006302,18.343897,19.604897,18.697325,17.934246,16.722239,13.640241,13.57159,13.694224,15.818007,19.415276,20.143318,21.146008,26.019255,25.959974,22.816353,28.345121,27.574402,28.476912,31.6525,29.71138,33.01799,31.046625,35.8255,32.76041,28.60804,30.623564,27.838215,31.54534,29.492094,27.660398,30.030443,29.431372,30.138176,32.377716,29.97904,26.865267,24.24488,22.639343,22.867252,21.344704,22.218807,22.760658,22.318743,25.208763,24.875353,29.20495,29.381163,31.909822,30.25182,28.100601,25.871185,21.679268,19.807674,16.41691,12.374,12.475579,9.675125,10.130714,13.094767,14.862217,16.063513,19.912539,20.889936
2,6.120053,5.351945,0.0,5.172721,6.674547,8.499762,11.568238,15.67836,18.860544,21.22154,25.736092,24.90774,22.778204,22.985731,18.18916,19.20386,15.7515135,15.991372,15.852075,14.66855,17.0389,14.812787,19.053978,20.036066,18.159885,19.26694,17.906845,19.689592,15.140634,19.146814,17.467281,21.67288,25.746845,27.130503,30.802092,31.63362,35.187496,34.96087,32.144764,28.87167,30.418917,26.80902,24.988956,24.553122,21.933308,22.239065,18.601564,20.225119,19.837187,18.233294,16.236626,13.025524,11.509486,10.130098,12.121429,15.836481,17.695,19.007706,23.438988,24.374525,21.505783,27.481419,26.408888,28.061558,30.627861,29.699312,33.032364,31.424904,36.343906,33.758835,29.862799,32.294563,29.096378,33.436874,30.560162,29.417461,31.324446,30.14253,30.757805,32.472748,30.0629,27.379374,23.798502,22.976412,23.345543,22.853893,23.316547,25.131727,24.517801,27.743433,27.494005,31.714848,32.122192,34.51351,33.109165,30.653093,28.873098,24.037941,23.109869,18.78839,15.689942,16.352049,12.24197,11.782324,12.98988,14.002085,13.905401,17.822992,17.64784
3,9.433046,6.348307,5.172721,0.0,3.7859733,6.054109,8.705449,13.356911,15.523945,18.733181,22.518991,21.3074,19.460875,18.986382,14.168327,14.499308,10.735207,10.917422,10.915154,10.320192,13.329083,12.110822,16.789474,18.158386,17.634615,18.361603,17.604132,18.222933,12.8728485,15.991694,14.580325,17.69203,22.464638,22.977575,27.132984,27.860922,31.254553,31.185516,27.997614,24.58193,26.875645,23.171078,21.991287,21.920134,19.813896,20.782082,17.761652,20.056149,20.240189,19.418392,18.046337,15.679803,14.751855,13.323792,13.503603,16.991098,17.769156,19.855896,24.286966,24.8576,21.561283,26.92733,25.14953,26.307182,28.364405,27.030508,29.983334,27.81463,32.91194,30.64619,26.51227,28.399176,24.930264,28.935358,25.745543,24.521782,26.237188,25.020815,25.601995,27.39481,25.017893,22.236286,18.829687,17.83825,18.350851,17.789652,18.68483,20.878813,20.764437,24.264568,24.690453,28.826744,29.834324,31.715858,30.005104,27.158464,25.318785,20.304369,19.47726,14.553114,11.797081,12.672247,7.888976,6.984772,8.04106,9.31434,9.77627,13.792809,14.690217
4,11.848115,8.707694,6.674547,3.7859733,0.0,5.361061,5.479698,11.165093,13.042544,16.015244,20.02058,19.584639,18.239021,18.015793,13.655613,13.644566,11.140423,10.370076,12.075296,10.480704,14.047776,13.797903,17.664257,18.271557,17.422901,17.29893,15.69126,15.962241,9.866082,13.20826,11.1959095,15.063528,19.334448,20.598623,24.314947,25.306833,28.68399,28.373306,25.489775,22.213055,23.84447,20.353445,18.700514,18.887276,16.326324,17.708595,14.85939,17.448174,18.116909,17.181171,15.804917,14.063388,13.0649,11.427296,10.493088,13.742118,14.154018,16.506409,20.805317,21.43719,18.136623,23.454882,21.524624,22.900158,24.834986,23.869482,26.924078,25.121117,30.169424,28.016531,24.133392,26.504133,23.014694,27.67252,24.43248,23.83469,25.680767,24.391005,25.351387,26.943735,25.047375,22.251974,18.451849,17.53837,17.312767,17.618414,17.259104,19.952402,19.318895,22.857895,23.115667,27.110474,28.178648,30.009819,28.60973,25.712591,24.339582,18.995354,19.075918,13.960127,12.431227,14.607162,9.964666,7.837984,9.402117,7.799351,8.647819,11.890818,12.592462
5,14.209537,12.042385,8.499762,6.054109,5.361061,0.0,5.87144,7.7447715,11.079317,13.614745,17.79042,16.502542,14.285971,14.6951275,10.12179,11.942764,10.106679,11.370451,13.579123,13.945564,17.806189,17.605742,22.132025,23.207222,22.686695,22.630974,20.900923,20.922792,14.188795,16.783175,13.75887,16.868967,19.365694,20.103678,23.880098,24.121056,27.993383,28.347668,25.670385,22.91838,24.857714,22.534538,20.792353,22.364735,19.306936,21.89043,19.433022,22.22298,23.129072,21.859688,20.093857,18.175941,16.290155,13.472974,12.063712,15.052276,16.592825,19.410349,22.968765,24.558022,21.557352,26.84235,24.36337,26.154322,27.03233,26.859728,29.52395,27.601944,32.800034,31.367971,27.592302,29.63788,25.68868,30.129734,25.877151,25.564991,26.496172,24.528364,24.931849,25.946686,23.667019,21.599758,17.048609,17.269691,18.04089,18.927206,19.42143,23.183338,23.091145,26.866627,27.626564,31.447573,32.904335,34.381844,32.87251,29.641281,28.34324,22.849306,23.106047,17.467587,16.13722,17.422337,12.249727,10.589638,8.697403,8.34504,6.138281,10.065012,9.427781
6,17.20372,14.18537,11.568238,8.705449,5.479698,5.87144,0.0,6.781088,7.8629518,10.701485,14.708426,14.917688,14.19154,14.30114,10.916,10.824437,10.708042,9.763068,13.733992,12.588705,16.77872,17.837006,21.230503,21.444584,20.981539,19.883665,17.605513,16.76698,9.4965925,11.634051,8.011617,11.773169,14.2722435,15.975507,19.283297,20.19072,23.754631,23.556995,21.073475,18.288134,19.468437,17.090012,14.995127,16.80275,13.549611,16.745983,14.941589,18.148626,19.752558,18.85159,17.578987,16.849228,15.559836,13.243478,10.096389,12.275664,12.224585,15.529605,18.936174,20.05848,16.893646,21.592882,18.755669,20.441755,21.172218,21.094177,23.79501,22.187494,27.287703,25.942411,22.450249,24.959726,21.101595,26.254225,22.248596,22.661348,24.011381,22.246965,23.378456,24.383495,22.999853,20.608849,16.090952,15.868047,15.226814,17.056746,15.699411,19.820631,19.112686,22.821903,23.474823,27.005789,28.621965,29.903301,28.728298,25.470251,24.753286,19.04886,20.410246,14.844612,15.125431,17.976555,13.340561,10.521989,10.598809,6.0006666,6.0642734,7.585021,7.8840885
7,21.67606,19.375996,15.67836,13.356911,11.165093,7.7447715,6.781088,0.0,5.2514086,6.0992723,10.725872,10.353495,8.837545,10.573913,8.373348,10.652293,12.529852,13.467233,17.81793,18.24128,22.566698,23.656952,27.533916,28.050243,27.738335,26.637205,24.120398,23.133091,15.787636,17.050364,12.717779,15.102239,14.02585,15.358903,18.11872,17.931023,22.182644,22.868652,21.079641,19.405197,20.482553,20.152733,17.867996,21.437157,17.687675,22.12242,20.85128,24.095716,25.936808,24.649317,22.989946,22.18404,20.079233,16.7642,13.165695,14.475786,15.692804,19.282719,21.388325,23.706717,21.155424,25.493206,22.080246,24.315722,23.499208,24.72745,26.80618,25.33544,30.34706,30.041012,26.965147,29.171581,24.949379,29.868887,24.767982,25.817688,26.026684,23.438282,24.000174,24.026634,22.544386,21.275753,15.882607,17.270082,17.546812,20.304424,19.555443,24.743105,24.489613,28.28821,29.379932,32.57575,34.573006,35.433914,34.280563,30.742489,30.274126,24.548422,26.223463,20.377892,20.896338,23.068525,18.126469,15.733102,13.228259,9.900488,6.61514,6.6839004,2.7493918
8,24.58288,21.56802,18.860544,15.523945,13.042544,11.079317,7.8629518,5.2514086,0.0,4.642312,7.0135546,7.440067,8.102975,8.49035,8.043626,8.058099,11.7347145,11.64071,16.90308,17.22394,21.552382,23.674717,26.94665,27.264507,27.679905,26.066507,23.861122,21.90137,14.735697,14.489996,10.464864,11.010503,9.437782,10.11352,13.184805,13.153979,17.22064,17.873764,15.8531885,14.264409,15.690295,15.798842,14.082317,18.403156,15.29208,20.40844,20.081987,23.620943,25.91246,25.291807,24.256,24.151989,22.708038,19.979528,15.844206,16.65078,16.231453,20.087172,22.011024,23.60224,20.8673,24.102224,20.087408,21.697235,20.120663,21.130695,22.66084,20.878468,25.87159,26.086489,23.158035,25.011854,20.68143,25.538076,20.19696,21.828459,21.863247,19.244455,20.170433,20.049736,19.28546,17.977196,12.747355,14.075226,13.646176,17.266123,15.778171,21.51689,21.40358,25.140419,26.68588,29.455206,31.92922,32.24141,31.079823,27.345167,27.227144,21.614403,23.955261,18.251152,19.996214,22.723303,18.348713,15.601087,13.579632,8.654564,6.969783,3.5290728,3.1954148
9,27.22909,24.63739,21.22154,18.733181,16.015244,13.614745,10.701485,6.0992723,4.642312,0.0,5.57911,7.900204,8.750349,10.753605,11.32775,12.375871,16.1384,16.24495,21.447798,21.542084,25.876106,27.806454,31.008123,31.050074,30.943283,29.113638,26.262981,24.504122,17.480364,17.510105,12.976567,14.276576,9.792807,12.01973,13.273993,12.968657,17.304497,18.041399,17.219067,16.625118,16.598257,18.060814,15.518497,20.445992,16.618614,22.124372,21.950277,25.338375,27.789564,26.737585,25.422909,25.518768,23.658066,20.561136,16.022808,15.990427,16.178106,19.988827,20.904266,23.29186,21.155539,24.225384,20.168589,22.461103,20.20736,22.478954,23.936459,22.948414,27.550737,28.15201,25.806448,28.09503,23.943216,29.10937,23.783981,25.90663,25.778564,23.028122,23.931255,23.319405,22.821953,21.99614,16.697588,18.434216,17.909721,21.793867,19.84653,25.60401,25.135277,28.705563,29.961334,32.530544,34.872772,35.222412,34.407764,30.796059,31.018982,25.421669,28.094427,22.53831,24.300621,27.118357,22.584574,19.834072,17.760946,13.06489,10.906443,8.076733,5.0034475
10,31.547354,28.580526,25.736092,22.518991,20.02058,17.79042,14.708426,10.725872,7.0135546,5.57911,0.0,5.223674,8.537523,9.533866,12.364944,12.365567,17.337782,17.353067,22.74225,23.347197,27.532478,30.160707,33.091953,33.2148,33.86799,31.81297,29.415283,26.927713,20.28717,19.009441,15.236116,14.226363,8.270775,8.497039,9.2541685,7.888477,12.401107,13.911932,13.331137,13.7628145,14.275209,17.136328,15.615632,21.294622,18.397131,24.2998,24.927542,28.460966,31.1722,30.637228,29.742195,30.152742,28.644726,25.801844,21.18985,21.017698,20.33821,24.184278,24.830795,26.707876,24.554634,26.5075,21.968058,23.5651,20.15728,22.37665,22.85253,21.488165,25.81087,27.368238,25.333454,26.875828,22.667086,27.215857,21.415659,24.169344,23.295397,20.294373,21.153028,19.892708,20.126703,19.932096,15.075781,17.278002,16.680946,21.188461,19.227777,25.397604,25.377094,28.796547,30.656483,32.698357,35.58474,35.252834,34.347984,30.532084,31.040401,25.792824,28.854752,23.538046,26.093151,28.90659,24.849781,22.14379,19.774218,15.110422,13.487979,9.415994,8.514587
11,30.485151,27.610888,24.90774,21.3074,19.584639,16.502542,14.917688,10.353495,7.440067,7.900204,5.223674,0.0,4.1734266,4.710732,8.671888,9.607333,14.605895,15.851712,20.66972,22.441294,26.581387,28.969604,32.510136,33.276207,34.360096,32.851364,31.028147,28.726759,21.78278,20.707819,17.26716,15.769265,12.291633,10.129953,12.834514,10.748043,15.027235,17.21695,15.6065645,15.464839,17.822039,19.71964,18.968967,24.096535,21.576923,27.07648,27.219913,30.813824,33.204674,32.708733,31.688177,31.497066,29.876253,26.864534,22.820057,23.415537,23.27055,27.153248,28.470985,30.327984,27.828138,30.39306,25.989077,27.34165,24.476376,25.845919,26.336107,24.174961,28.816956,30.171938,27.548655,28.398363,23.915707,27.633478,21.349916,23.399021,21.912855,18.53748,18.61043,17.194393,16.604885,16.929304,11.79168,14.802247,15.557622,19.561792,19.25547,25.45758,26.160238,29.817032,32.07045,34.400944,37.413128,37.06903,35.692074,31.69441,31.662474,26.44391,28.783514,23.166204,25.13526,27.13636,23.023771,20.781662,17.202574,14.097445,11.614046,8.193027,7.752789
12,28.29111,25.803513,22.778204,19.460875,18.239021,14.285971,14.19154,8.837545,8.102975,8.750349,8.537523,4.1734266,0.0,3.951041,6.438812,9.476034,13.425884,15.701075,19.91735,22.165903,26.332724,28.10032,32.195942,33.29792,34.166782,33.10587,31.331396,29.549643,22.333656,22.038506,18.422548,17.820364,15.449723,13.713292,16.80509,14.903439,19.191011,21.289701,19.45662,18.80292,21.349314,22.491653,21.516737,26.147676,23.335684,28.460058,27.981995,31.484943,33.557564,32.772194,31.434582,30.713928,28.789238,25.519098,21.984829,23.034544,23.69917,27.488201,29.13257,31.2987,28.736336,32.0652,27.953625,29.57128,27.324896,28.533703,29.449776,27.220896,32.08887,32.97225,30.003046,30.938602,26.38832,30.038532,23.823814,25.206034,23.811998,20.440891,20.087412,18.957739,17.443523,17.755207,12.352417,15.484585,17.049488,20.328362,20.917665,26.8584,27.672632,31.498138,33.61141,36.33028,39.113083,39.10987,37.576313,33.612125,33.18374,27.82429,29.566412,23.691994,24.808924,26.23648,21.776575,19.876028,15.518398,13.721029,10.154905,8.313716,6.7470303
13,28.12957,25.252535,22.985731,18.986382,18.015793,14.6951275,14.30114,10.573913,8.49035,10.753605,9.533866,4.710732,3.951041,0.0,5.0619664,6.5868235,11.036984,13.287162,17.356936,20.025816,23.996733,26.13998,30.09117,31.379154,32.834846,31.826683,30.602808,28.494392,21.554365,20.69972,17.785471,16.073484,15.111952,11.972354,16.040052,14.226889,18.088453,20.21819,17.653555,16.610386,20.212124,20.841942,20.665598,25.00715,22.911495,27.825413,27.532764,31.099527,33.15217,32.79319,31.780903,31.126678,29.607887,26.704384,23.284235,24.585983,24.605188,28.41427,30.464142,32.048466,29.192068,32.245216,28.0649,29.12143,27.003048,27.464535,28.14763,25.370003,30.300104,31.18499,27.997341,28.373463,23.783602,26.870525,20.547037,21.700998,20.072868,16.662996,16.175367,15.177035,13.557604,13.817685,8.478577,11.823005,13.759999,16.933212,18.088417,23.988672,25.226862,29.024296,31.49365,34.121758,37.122192,36.877186,35.106754,31.054937,30.491287,25.36557,26.959171,21.22288,22.582924,23.883263,19.857382,18.074099,13.692557,12.171815,9.402915,7.2736073,8.15305
14,23.169336,20.406973,18.18916,14.168327,13.655613,10.12179,10.916,8.373348,8.043626,11.32775,12.364944,8.671888,6.438812,5.0619664,0.0,4.919361,7.160127,10.211819,13.731139,16.468128,20.48263,21.997871,26.365856,27.86824,29.052044,28.481804,27.405512,25.8446,18.832432,18.868124,16.037354,15.501705,16.499464,14.353606,18.854145,17.829636,21.691782,23.201368,20.246502,18.256603,21.806772,21.067192,20.625366,24.0124,21.781046,25.97534,24.988697,28.401249,30.062658,29.565947,28.400978,27.291872,25.761047,22.944187,20.160994,22.08783,22.481209,26.08566,28.785393,30.273094,27.213001,31.02672,27.305588,28.458355,27.402962,27.359917,28.704853,25.906532,31.112423,31.140495,27.50904,28.20219,23.673845,27.00627,21.237085,21.540731,20.73125,17.788488,17.426376,17.443335,15.103096,14.293008,8.954023,11.203093,13.371805,15.501798,17.172487,22.489702,23.609219,27.542448,29.672361,32.787563,35.394424,35.660538,33.781128,29.884502,28.876287,23.580578,24.507149,18.561666,18.972914,19.952984,15.516499,13.919719,9.138962,8.74296,5.1689386,5.711898,6.8556395
15,23.826223,20.396795,19.20386,14.499308,13.644566,11.942764,10.824437,10.652293,8.058099,12.375871,12.365567,9.607333,9.476034,6.5868235,4.919361,0.0,5.4462256,6.7565203,11.127392,13.554194,17.46494,19.897142,23.603077,24.929047,26.73289,25.85064,25.222607,23.032415,16.508268,15.547194,13.628029,11.624462,14.278935,11.246945,16.4221,15.940573,19.18785,20.330057,16.747484,14.190636,18.491362,17.116802,17.499287,20.590195,19.229883,23.278318,22.800116,26.297707,28.127874,28.224918,27.598433,26.967226,26.075054,23.860535,20.849514,22.651388,21.907795,25.507181,28.405746,29.120523,25.83269,28.983366,25.153957,25.629599,24.641138,23.844456,24.937168,21.70572,26.916315,26.934666,23.193365,23.492538,18.954407,22.089365,16.36903,16.699455,16.12396,13.394894,13.584262,14.127108,12.35282,10.648311,5.450268,6.8074775,8.458527,11.004313,12.421896,17.91323,19.247282,23.124464,25.580076,28.476124,31.345142,31.300053,29.321423,25.336805,24.41479,19.272934,20.484634,14.70655,16.086927,17.680851,13.95326,11.992299,8.591123,6.5121126,5.875108,4.6929755,8.763627
16,19.527674,16.10467,15.7515135,10.735207,11.140423,10.106679,10.708042,12.529852,11.7347145,16.1384,17.337782,14.605895,13.425884,11.036984,7.160127,5.4462256,0.0,4.612977,6.5861664,10.062706,13.689521,15.332232,19.695242,21.623999,23.516207,23.41207,23.446266,21.910057,15.868835,15.870136,14.74042,13.820972,18.481096,16.09475,21.314528,21.20801,24.284874,25.080988,21.226276,18.036076,22.365183,19.619421,20.06375,21.734285,20.658798,23.494408,22.228735,25.410223,26.627932,26.767197,26.110744,24.876295,24.187937,22.338633,20.407202,22.942163,22.511005,25.69865,29.348082,29.776377,26.269205,30.084036,26.874182,27.22589,27.40911,25.852402,27.466772,24.099773,29.373592,28.494919,24.268461,24.520035,20.288666,23.014647,18.23741,17.184956,17.374132,15.410508,15.377791,16.900433,14.311556,11.834813,8.313202,7.8390555,10.070007,10.099204,13.075136,17.11645,18.65464,22.527172,24.730803,28.13188,30.574583,31.016376,28.750544,25.016073,23.36647,18.410063,18.31586,12.556279,12.288686,12.918601,8.949261,7.726126,3.3943899,5.647928,5.9704375,8.311873,11.701931
17,19.642141,15.671589,15.991372,10.917422,10.370076,11.370451,9.763068,13.467233,11.64071,16.24495,17.353067,15.851712,15.701075,13.287162,10.211819,6.7565203,4.612977,0.0,5.609606,6.8145294,10.777755,13.460641,16.865456,18.2173,20.297768,19.689383,19.836428,17.808784,12.2057495,11.608187,11.381395,10.082184,16.36223,14.488927,19.565914,20.217903,22.828102,22.969513,18.96549,15.270305,19.366817,15.734694,16.465897,17.471125,16.981659,19.451397,18.51802,21.728859,23.12009,23.702295,23.505957,22.833399,22.716717,21.44665,19.248423,21.540646,20.14476,23.2032,26.976288,26.756496,23.125755,26.46901,23.360966,23.271805,23.85469,21.728275,23.457426,20.070377,25.319162,24.09616,19.785927,20.244429,16.139572,19.375334,15.218257,14.273846,15.494759,14.177156,15.128129,17.107346,15.460406,12.198538,9.455024,7.425868,7.48203,7.6155915,9.012407,12.954283,14.140721,18.05081,20.192259,23.568274,26.032595,26.464624,24.298716,20.580557,19.092192,13.927634,14.318949,8.381879,9.372211,11.629261,8.357523,5.9964027,6.113558,3.8578076,7.4300513,8.5084,12.649354
18,17.85022,13.984055,15.852075,10.915154,12.075296,13.579123,13.733992,17.81793,16.90308,21.447798,22.74225,20.66972,19.91735,17.356936,13.731139,11.127392,6.5861664,5.609606,0.0,5.376642,7.656861,9.5526,13.6704645,16.128057,18.89602,19.36807,20.73271,19.341997,15.129864,15.137131,15.921588,14.938361,21.904966,19.739773,24.948915,25.52887,27.918615,28.083347,23.824507,19.95447,24.40475,20.099598,21.242445,21.065784,21.196342,22.410822,20.940521,23.63591,24.305075,25.126652,25.051693,23.80867,24.03792,23.26532,22.209852,25.01617,23.894646,26.47727,30.75962,30.213835,26.489563,30.102137,27.556654,27.161018,28.514633,25.669128,27.496344,23.856035,28.87835,27.077915,22.47463,22.322794,18.78759,20.731543,17.616417,15.157527,16.670374,16.09673,16.515102,19.16538,16.85992,13.368029,12.367261,9.755873,10.870854,8.085922,11.8386965,13.40321,15.261184,18.764803,20.867176,24.494293,26.612629,27.295996,24.686468,21.33037,18.953636,14.73716,13.14551,8.268525,6.575527,6.6131225,4.508081,4.651624,5.9478755,8.632958,11.366614,13.661757,17.373323
19,16.522493,12.247137,14.66855,10.320192,10.480704,13.945564,12.588705,18.24128,17.22394,21.542084,23.347197,22.441294,22.165903,20.025816,16.468128,13.554194,10.062706,6.8145294,5.376642,0.0,4.3642006,7.2281337,10.098376,11.592626,14.025867,14.080267,15.496296,14.093952,10.816983,11.204689,12.944848,13.002339,20.810835,19.939434,24.564272,25.881813,28.04715,27.491291,23.473297,19.347628,22.766975,17.602976,18.425386,17.029621,17.470816,17.67504,16.064564,18.543598,19.136639,20.27561,20.589928,19.791143,20.630852,20.571924,19.60199,22.238049,20.441515,22.60003,27.097294,25.954243,22.19404,25.67495,23.630482,23.031956,25.270227,22.027168,24.357353,21.182497,26.039,23.501747,18.898743,19.59267,16.543894,19.496775,17.549112,15.458118,18.206419,18.20065,19.50131,22.219442,20.692122,16.918098,15.696683,12.750901,11.926147,9.765412,10.573776,10.968654,11.596704,15.015349,16.364132,20.306181,21.979673,23.159431,20.859724,17.818623,15.559343,10.985132,9.560179,4.5970073,2.7729542,6.7407923,5.45615,3.8421109,9.2502575,8.76607,12.717142,14.614507,18.160263
20,17.422897,13.3892765,17.0389,13.329083,14.047776,17.806189,16.77872,22.566698,21.552382,25.876106,27.532478,26.581387,26.332724,23.996733,20.48263,17.46494,13.689521,10.777755,7.656861,4.3642006,0.0,4.7941833,6.308275,8.62849,12.297888,13.094683,15.912347,14.787038,13.603994,13.848724,16.514029,16.288717,24.555632,23.505365,28.091743,29.550169,31.347857,30.61563,26.454859,22.214375,25.737656,20.078878,21.379108,18.97831,20.255098,19.347305,17.739742,19.602571,19.657574,21.315615,22.05723,21.244572,22.65336,23.236536,22.877476,25.559958,23.556572,25.251745,29.932701,28.253786,24.530035,27.689568,26.141548,25.048372,27.852966,23.91217,26.17992,22.89568,27.33067,24.302778,19.662304,19.84415,17.584574,19.520212,18.867682,15.95692,19.205938,19.947023,21.245176,24.36259,22.888037,18.957613,18.822033,15.473114,14.636432,11.347703,12.6094885,10.694476,11.576578,14.1806135,15.35819,19.302576,20.618486,21.953154,19.359276,16.844593,13.9241,10.735712,7.40156,5.5526547,1.6918019,4.8646574,7.187983,7.390089,12.631679,13.1092005,16.965826,18.899036,22.516514
21,13.7610235,10.232273,14.812787,12.110822,13.797903,17.605742,17.837006,23.656952,23.674717,27.806454,30.160707,28.969604,28.10032,26.13998,21.997871,19.897142,15.332232,13.460641,9.5526,7.2281337,4.7941833,0.0,5.6524587,8.905279,11.311754,13.486254,16.35087,16.565733,15.522521,17.038269,19.072083,20.00532,27.818018,27.162092,31.762903,33.08915,35.263508,34.63544,30.601685,26.420603,29.680754,24.13716,24.834461,22.32218,22.960648,21.596582,19.149057,20.532072,19.876015,21.070133,21.44638,19.854717,21.203959,22.005836,22.684847,25.762506,24.514875,25.8258,30.772257,29.343191,25.738842,29.649158,28.569954,27.924469,31.156012,27.533585,30.167936,27.210527,31.657318,28.375887,23.82953,24.406168,22.242697,24.282215,23.554178,20.580606,23.56374,24.071089,25.000984,28.035849,26.052277,22.324669,21.78771,18.842966,18.662317,15.40378,17.128366,15.438001,15.968743,18.312449,18.771662,22.895737,23.519686,25.444063,23.024456,20.977482,17.962894,15.107166,11.522986,10.078207,5.0421576,4.2402673,6.7276063,8.270087,13.258301,15.132779,18.272419,21.098452,24.077942
22,17.66756,14.370511,19.053978,16.789474,17.664257,22.132025,21.230503,27.533916,26.94665,31.008123,33.091953,32.510136,32.195942,30.09117,26.365856,23.603077,19.695242,16.865456,13.6704645,10.098376,6.308275,5.6524587,0.0,4.0967045,8.331418,10.544051,14.808406,14.838188,16.327507,17.270504,20.46136,21.11962,29.439173,29.084223,33.282806,35.08454,36.69953,35.56344,31.592884,27.328188,30.151892,24.042353,25.116367,21.390417,23.06379,20.471693,18.4723,19.190699,18.26044,20.336472,21.544294,20.725615,22.928972,24.538063,25.159115,27.827566,25.728144,26.53906,31.435354,29.12884,25.640379,28.680586,28.161203,26.828283,30.710766,26.341105,28.948328,26.191208,30.000992,26.124552,21.809721,22.325254,21.19319,22.866644,23.702183,20.650124,24.40158,25.649185,27.086195,30.34444,28.986492,25.023846,25.12721,21.727192,20.601366,17.273926,17.765055,14.228137,14.148854,15.369844,15.1620865,19.101492,19.15308,21.344988,18.986835,17.75446,14.587683,13.21384,8.988818,10.631918,7.529123,8.561997,11.905047,12.610592,18.154236,18.679226,22.453835,24.598759,27.849676
23,19.033852,15.7554035,20.036066,18.158386,18.271557,23.207222,21.444584,28.050243,27.264507,31.050074,33.2148,33.276207,33.29792,31.379154,27.86824,24.929047,21.623999,18.2173,16.128057,11.592626,8.62849,8.905279,4.0967045,0.0,5.491245,6.951611,11.739013,11.77377,14.906838,15.844077,19.445108,20.524893,28.707596,29.049026,32.73646,34.905205,36.318707,34.783302,31.109188,26.914167,28.961725,22.678932,23.523958,19.06626,21.036812,17.611317,15.786842,16.043556,15.028424,17.566294,19.26243,19.103033,21.766768,23.826244,24.29503,26.586174,23.975601,24.401306,29.176003,26.38811,23.049788,25.638325,25.568762,24.02751,28.412453,23.894913,26.713543,24.46117,27.907343,23.62357,19.618458,20.78483,20.177542,22.470589,23.902376,21.397604,25.523214,26.882591,28.732098,31.882853,30.95336,26.930637,26.774652,23.361624,21.514545,18.838745,17.895214,14.050634,12.871771,13.5204115,12.309213,16.295494,15.769525,18.456137,16.568933,15.837835,13.137239,12.013009,8.712946,11.202684,9.564409,12.062426,14.517594,14.4138,20.323162,19.581543,23.603214,25.318058,28.43675
24,16.873444,14.264186,18.159885,17.634615,17.422901,22.686695,20.981539,27.738335,27.679905,30.943283,33.86799,34.360096,34.166782,32.834846,29.052044,26.73289,23.516207,20.297768,18.89602,14.025867,12.297888,11.311754,8.331418,5.491245,0.0,4.193467,8.261478,10.370212,14.160782,16.469036,19.347113,21.995052,29.35425,30.76156,34.00719,36.31323,38.0562,36.354893,33.130787,29.104458,30.202843,24.179749,23.979616,19.348154,20.387579,16.234432,13.48606,12.861568,10.947044,13.114077,14.780964,14.552669,17.617046,20.318073,21.487173,23.685493,21.414627,21.115868,25.974098,23.202631,20.173956,23.389801,24.095114,23.18577,28.176193,24.332739,27.736254,26.316889,29.711287,25.205364,21.620537,23.919289,23.240036,26.58187,27.621439,25.697565,29.730719,30.688196,32.580757,35.47632,34.44722,30.524261,29.493853,26.463001,24.562178,22.592697,21.007603,18.153912,16.171362,16.946663,14.724154,18.712982,17.343832,20.79013,19.718134,19.29444,17.291239,15.464785,13.390496,14.545629,12.62998,15.25512,16.372599,15.9507475,21.846058,20.671946,24.287184,26.249321,28.603914
25,19.209286,16.222338,19.26694,18.361603,17.29893,22.630974,19.883665,26.637205,26.066507,29.113638,31.81297,32.851364,33.10587,31.826683,28.481804,25.85064,23.41207,19.689383,19.36807,14.080267,13.094683,13.486254,10.544051,6.951611,4.193467,0.0,5.1895866,6.47761,11.720476,13.5918865,16.808067,19.47434,26.56958,28.411682,31.19219,33.760365,35.26598,33.28563,30.328098,26.44754,26.94763,20.947165,20.619833,15.593124,16.931852,12.33474,10.075217,9.430438,8.159084,11.073864,13.311531,14.188257,17.333385,19.945162,20.265768,21.945848,18.918274,18.623043,23.22664,20.037968,16.991108,19.575764,20.316454,19.155682,24.310528,20.401712,23.888288,22.83539,26.018057,21.430847,18.11272,20.972603,20.493631,24.433178,25.624529,24.305387,28.459436,29.414438,31.633986,34.35796,33.769688,29.867352,28.676832,25.682203,23.182714,21.889402,19.156193,16.526089,13.808675,14.4187155,11.71779,15.637866,14.297407,17.7891,17.15354,16.705238,15.3819,13.273265,12.532265,13.662176,13.246677,16.942694,17.528357,16.352417,22.241816,19.820213,23.667171,24.966423,27.356205
26,18.980871,16.242956,17.906845,17.604132,15.69126,20.900923,17.605513,24.120398,23.861122,26.262981,29.415283,31.028147,31.331396,30.602808,27.405512,25.222607,23.446266,19.836428,20.73271,15.496296,15.912347,16.35087,14.808406,11.739013,8.261478,5.1895866,0.0,4.5937147,9.289695,12.16634,14.304426,18.308107,24.126087,27.002289,29.184362,31.84493,33.611454,31.527334,29.123089,25.58675,25.090345,19.725185,18.273655,13.667783,13.705455,8.979969,5.7295423,4.66725,3.7593718,6.3360806,8.680013,10.481639,13.5610895,16.199348,16.15993,17.371216,14.2069645,13.534316,18.102911,15.004698,12.020399,15.301114,16.33988,16.016062,21.316002,18.446142,22.369663,22.111732,25.380081,21.090422,18.24046,22.080637,21.188461,26.195211,26.59886,26.08831,29.942917,30.388506,32.679047,34.994316,34.497578,30.819622,28.768719,26.272257,23.62467,23.339779,19.86186,18.70126,15.569817,16.697836,13.982688,17.614365,16.460882,19.833527,19.797228,18.998688,18.437286,15.273166,15.883637,15.463224,15.540935,19.623486,18.844534,17.026432,22.39521,18.985094,22.383934,23.421017,25.097479
27,21.543114,18.16935,19.689592,18.222933,15.962241,20.922792,16.76698,23.133091,21.90137,24.504122,26.927713,28.726759,29.549643,28.494392,25.8446,23.032415,21.910057,17.808784,19.341997,14.093952,14.787038,16.565733,14.838188,11.77377,10.370212,6.47761,4.5937147,0.0,7.3670044,8.555499,11.732954,14.716142,20.940002,23.54229,25.624697,28.447609,29.833256,27.605587,25.118809,21.570074,21.114576,15.471988,14.5417,9.459573,10.627268,5.97048,4.708263,5.6797214,7.1664248,9.876533,12.089819,14.176115,16.695492,18.561453,17.316334,18.211107,14.179031,14.393507,18.51069,15.204569,11.897096,13.893478,14.0062685,12.842046,17.872559,14.339717,18.091621,17.589159,20.902409,16.683956,13.675141,17.606823,16.753277,21.968569,22.511955,22.358831,26.270594,26.845901,29.380077,31.640871,31.567148,27.894968,26.12644,23.50379,20.359861,20.439371,16.177763,15.086753,11.618306,12.778906,10.354202,13.905097,13.570098,16.346184,16.268213,15.043632,14.943594,11.493617,13.233729,12.885679,14.434601,19.116613,18.452635,16.234884,21.490952,17.2885,21.120163,21.406937,23.636223
28,18.76736,15.113167,15.140634,12.8728485,9.866082,14.188795,9.4965925,15.787636,14.735697,17.480364,20.28717,21.78278,22.333656,21.554365,18.832432,16.508268,15.868835,12.2057495,15.129864,10.816983,13.603994,15.522521,16.327507,14.906838,14.160782,11.720476,9.289695,7.3670044,0.0,4.788464,5.3136697,9.889765,15.570496,18.117365,20.728079,23.031378,25.251225,23.697758,21.095,17.618917,17.762226,13.0305805,11.284994,9.435581,7.8567,8.135536,6.3965507,9.797528,11.790409,12.347069,12.721906,13.686326,14.599528,14.791506,12.350389,13.697701,10.38636,12.433371,16.64717,15.249063,11.485497,15.189977,13.357704,13.680511,16.693872,14.708967,18.190521,17.049528,21.585844,18.801771,15.314193,18.784409,16.150995,21.870613,20.183502,20.444792,23.430054,23.031881,25.191374,27.000866,26.544756,23.228237,20.38167,18.4607,15.849334,16.871523,13.120342,14.845596,12.506825,15.44912,14.952028,18.54528,19.562252,21.343002,20.641752,18.066727,17.731161,12.462761,14.5010805,10.922395,12.483721,17.064634,14.575212,11.641331,15.70041,10.644671,14.055183,14.33431,16.298048
29,22.772503,18.81602,19.146814,15.991694,13.20826,16.783175,11.634051,17.050364,14.489996,17.510105,19.009441,20.707819,22.038506,20.69972,18.868124,15.547194,15.870136,11.608187,15.137131,11.204689,13.848724,17.038269,17.270504,15.844077,16.469036,13.5918865,12.16634,8.555499,4.788464,0.0,4.882429,6.190322,13.151938,15.037372,17.61848,20.189466,21.7878,20.015734,17.14516,13.49651,13.950412,8.53992,7.9876833,6.219182,6.637783,8.215673,8.877777,12.259747,14.727199,16.047651,16.941433,18.32969,19.33591,19.36559,16.361437,17.200087,13.283528,15.640613,19.062521,17.285225,13.6917515,15.548648,12.84525,12.025359,14.177004,11.306167,14.2485695,12.473491,17.224663,14.812068,11.111516,14.347067,11.504216,17.50683,15.902229,16.698492,19.759985,19.593325,22.13021,23.914555,24.086483,20.754177,18.490757,16.313086,12.872685,14.456411,9.412477,11.577358,9.16321,12.244593,12.616237,15.663736,17.592138,18.493792,17.687464,14.632057,14.830219,9.416738,12.798743,9.500359,12.943398,17.796381,15.926908,12.914939,16.5998,10.936501,14.840907,13.912219,16.786865
30,22.126936,18.508865,17.467281,14.580325,11.1959095,13.75887,8.011617,12.717779,10.464864,12.976567,15.236116,17.26716,18.422548,17.785471,16.037354,13.628029,14.74042,11.381395,15.921588,12.944848,16.514029,19.072083,20.46136,19.445108,19.347113,16.808067,14.304426,11.732954,5.3136697,4.882429,0.0,6.2451744,10.313201,13.28663,15.603879,17.84447,20.262291,18.89426,16.562683,13.526873,13.372367,9.945654,7.5302134,8.899046,6.0458064,10.09634,10.092076,13.7342005,16.333204,16.547842,16.547102,17.629494,17.693491,16.789433,12.962754,13.58272,10.281075,13.487676,16.52837,16.0286,12.607568,15.483382,12.146913,12.907891,13.8816185,13.106516,15.982648,14.788734,19.657188,18.133303,15.028997,18.300041,14.935797,21.020693,18.102688,19.392347,21.598034,20.588676,22.763958,23.966976,23.87924,21.041676,17.591621,16.38646,13.607817,16.125748,11.86038,15.604588,13.784345,17.043991,17.459723,20.393892,22.231312,23.161234,22.501713,19.366282,19.586811,14.02619,17.046192,12.635205,15.238392,19.620083,16.513245,13.259754,15.567179,9.194537,11.975201,10.725033,12.645931
31,26.018866,22.008955,21.67288,17.69203,15.063528,16.868967,11.773169,15.102239,11.010503,14.276576,14.226363,15.769265,17.820364,16.073484,15.501705,11.624462,13.820972,10.082184,14.938361,13.002339,16.288717,20.00532,21.11962,20.524893,21.995052,19.47434,18.308107,14.716142,9.889765,6.190322,6.2451744,0.0,8.689986,8.970563,12.244792,14.478859,16.12541,14.904757,11.540363,7.82441,9.837789,5.959339,6.74714,9.32468,9.318696,13.437245,14.669335,18.18151,20.80892,21.802204,22.272,23.35431,23.649557,22.733198,18.980125,19.62044,16.290424,19.465727,22.052216,21.18455,17.909191,19.199465,15.300439,14.667945,14.139751,12.2961035,13.713065,10.921192,16.217539,15.689755,12.300997,14.125352,10.015228,15.7246065,12.063943,13.993827,15.860887,14.92752,17.45115,18.641783,19.246246,16.422375,13.872489,12.343123,8.65751,12.094223,6.963063,12.076228,11.2654505,14.652113,16.494135,18.756279,21.666708,21.46493,20.33975,16.586292,17.028057,11.734834,15.414225,11.17359,15.259929,19.469522,17.149448,14.10683,15.746289,9.632881,12.877196,10.340182,13.883709
32,31.116335,27.63898,25.746845,22.464638,19.334448,19.365694,14.2722435,14.02585,9.437782,9.792807,8.270775,12.291633,15.449723,15.111952,16.499464,14.278935,18.481096,16.36223,21.904966,20.810835,24.555632,27.818018,29.439173,28.707596,29.35425,26.56958,24.126087,20.940002,15.570496,13.151938,10.313201,8.689986,0.0,6.3414583,5.7367406,8.165214,10.700506,9.737384,8.981232,8.659834,6.8173842,9.587442,7.684291,13.746291,11.504872,17.51541,19.179903,22.622374,25.703323,25.826164,25.699265,27.066442,26.47371,24.649765,19.842224,19.219774,16.537724,20.103754,20.807774,21.343767,19.085983,19.710205,14.952119,15.794554,12.239164,14.155729,14.677543,13.8024,18.02672,19.374367,17.789694,20.043175,16.354984,21.87185,17.352863,20.641048,21.072575,19.122036,21.201952,20.863457,21.985083,20.568752,16.836756,17.272236,14.6288805,19.209835,14.932675,20.44822,19.526789,22.438744,23.927673,25.499033,28.3313,27.882015,27.437262,23.905542,25.06143,20.119097,24.077553,19.727175,23.335934,27.225458,23.985851,20.86446,20.763342,14.522557,15.345792,11.277386,12.44535
33,32.197582,28.47518,27.130503,22.977575,20.598623,20.103678,15.975507,15.358903,10.11352,12.01973,8.497039,10.129953,13.713292,11.972354,14.353606,11.246945,16.09475,14.488927,19.739773,19.939434,23.505365,27.162092,29.084223,29.049026,30.76156,28.411682,27.002289,23.54229,18.117365,15.037372,13.28663,8.970563,6.3414583,0.0,5.541035,6.094247,8.415106,9.084039,6.0075965,5.4696684,8.616635,10.758262,11.528798,16.748957,15.918673,21.329905,22.843582,26.412573,29.241226,29.762604,29.756826,30.649014,30.149496,28.2578,23.860825,24.005512,21.630629,25.29285,26.656258,26.948116,24.281418,25.0541,20.3986,20.380457,17.071522,17.4078,17.054737,14.475436,18.912222,20.755964,18.579536,19.141039,14.9393835,18.984228,13.246242,16.606318,15.937503,13.494894,15.316993,14.631228,16.08206,15.093498,11.937846,12.747894,10.610227,15.548133,12.589335,18.670557,19.002699,22.081816,24.591946,26.07423,29.505606,28.477007,27.358704,23.416128,24.175224,19.555872,23.074738,18.62141,22.400894,25.642714,22.807127,20.073092,19.054287,13.871135,14.678367,10.317323,13.003836
34,36.121346,32.52612,30.802092,27.132984,24.314947,23.880098,19.283297,18.11872,13.184805,13.273993,9.2541685,12.834514,16.80509,16.040052,18.854145,16.4221,21.314528,19.565914,24.948915,24.564272,28.091743,31.762903,33.282806,32.73646,34.00719,31.19219,29.184362,25.624697,20.728079,17.61848,15.603879,12.244792,5.7367406,5.541035,0.0,3.6828258,4.9771748,4.8044987,5.3071785,7.7530537,6.5651336,11.758107,11.636701,17.568956,16.440727,22.213423,24.347784,27.734133,30.877007,31.276453,31.321087,32.73928,32.18676,30.294987,25.48337,24.812193,22.182365,25.667858,25.98792,26.428438,24.379633,24.122042,19.301733,19.5043,14.812932,16.685223,15.715259,14.498865,17.895885,20.644798,19.666216,20.815453,17.306253,21.698984,16.770117,20.789505,20.246264,18.106022,20.068678,18.957573,20.954813,20.334753,17.349688,18.262465,15.833989,20.732937,16.878258,22.493166,22.170794,24.762674,26.857386,27.76875,31.097866,29.895117,29.376728,25.744371,27.17995,22.861086,26.969542,22.982204,27.00609,30.62353,27.735287,24.815302,24.108894,18.463036,19.04739,14.576283,16.008352
35,37.08066,33.603725,31.63362,27.860922,25.306833,24.121056,20.19072,17.931023,13.153979,12.968657,7.888477,10.748043,14.903439,14.226889,17.829636,15.940573,21.20801,20.217903,25.52887,25.881813,29.550169,33.08915,35.08454,34.905205,36.31323,33.760365,31.84493,28.447609,23.031378,20.189466,17.84447,14.478859,8.165214,6.094247,3.6828258,0.0,4.531345,6.8410525,7.193184,9.81611,10.169433,14.938026,14.932102,20.85292,19.490105,25.347364,27.152142,30.633821,33.674225,33.89645,33.70294,34.790287,33.947807,31.710123,26.94242,26.449903,24.413433,28.060915,28.398848,29.275555,27.201443,27.404966,22.578764,23.025274,18.398798,20.301933,19.321606,17.792225,21.216496,24.068373,22.860163,23.573128,19.830347,23.623314,18.062744,21.901772,20.617426,17.976698,19.386114,17.692593,19.57156,19.630213,16.44102,18.09418,16.487617,21.417646,18.554781,24.483038,24.622517,27.421791,29.7679,30.832266,34.2596,33.019688,32.26415,28.480162,29.648592,25.250507,29.02172,24.675764,28.40285,31.59022,28.489115,25.74289,24.173275,19.143505,19.00146,14.472538,15.563702
36,40.419598,36.7438,35.187496,31.254553,28.68399,27.993383,23.754631,22.182644,17.22064,17.304497,12.401107,15.027235,19.191011,18.088453,21.691782,19.18785,24.284874,22.828102,27.918615,28.04715,31.347857,35.263508,36.69953,36.318707,38.0562,35.26598,33.611454,29.833256,25.251225,21.7878,20.262291,16.12541,10.700506,8.415106,4.9771748,4.531345,0.0,3.8357582,5.6551986,9.679787,9.61522,15.038992,15.9022665,21.472452,21.012909,26.55037,28.918072,32.26443,35.41396,36.015682,36.18056,37.603584,37.096626,35.17749,30.394863,29.75466,27.145016,30.593613,30.771358,31.11454,29.146431,28.414848,23.64013,23.421122,18.354713,19.942795,18.057812,16.578133,19.110876,22.746117,22.1772,22.37941,19.185152,22.356838,17.369648,21.703571,20.337242,18.174696,19.896545,18.14598,20.852919,20.951672,18.825527,20.010567,17.916847,22.72785,19.427485,24.841778,25.00006,27.300713,29.813904,30.247946,33.893948,32.14493,31.537306,27.904835,29.472841,25.729675,29.803656,26.163044,30.379604,33.72798,31.159063,28.437584,27.351894,22.258842,22.727821,18.223927,19.831755
