,0,1,2,3,4,5,6,7,8,9,10,11,12,13,14,15,16,17,18,19,20,21,22,23,24,25,26,27,28,29,30,31,32,33,34,35,36,37,38,39,40,41,42,43,44,45,46,47,48,49,50,51,52,53,54,55,56,57,58,59,60,61,62,63,64,65,66,67,68,69,70,71,72,73,74,75,76,77,78,79,80,81,82,83,84,85,86,87,88,89,90,91,92,93,94,95,96,97,98,99,100,101,102,103,104,105,106,107,108,109
0,0.0,4.3476553,6.4049253,9.419627,12.029498,14.102438,17.738922,20.193686,24.015245,25.731047,30.609875,31.3843,30.980736,32.390053,29.806932,30.207733,30.676601,28.299746,32.851738,30.524157,34.04183,35.258095,38.392677,36.135838,37.01178,35.502953,31.789558,33.19184,27.645414,31.930056,28.537575,34.74777,35.110672,38.800426,39.75653,42.161823,45.67145,44.020145,42.4151,40.06603,38.329712,35.30613,31.74567,28.992853,33.02992,28.654188,31.506351,30.471672,33.50298,34.605507,34.72729,38.19903,37.31643,40.609745,39.503506,43.328888,39.812508,42.68472,43.328243,41.823948,38.67578,37.74154,34.02576,31.145222,29.28151,25.064875,25.121058,20.937471,21.65303,17.07396,18.061125,22.412022,21.451336,27.144676,26.426975,30.609447,32.377987,33.61964,36.650528,37.378647,39.189472,37.86071,33.72928,32.794903,29.055414,32.217686,26.094728,28.472197,25.533195,27.408312,25.282486,22.160736,21.786331,21.317911,18.773869,16.637512,18.247839,18.670864,13.734932,12.0146265,14.629804,16.242014,18.77564,21.287235,18.944174,24.154392,21.259605,22.894533,24.870934,24.879656
1,4.3476553,0.0,5.2836823,6.350273,8.609451,11.875499,14.36291,17.965153,21.094477,23.34561,28.127659,28.708076,28.461866,29.45018,26.82847,26.748005,27.133492,24.45308,28.938385,26.407604,29.822037,31.157476,34.136784,31.807035,32.785103,31.289953,27.616348,28.912243,23.338528,27.6404,24.395775,30.566057,31.365479,34.93245,36.032574,38.572926,41.957394,40.270355,38.48251,35.986538,34.45711,31.205954,27.802618,24.882381,28.844269,24.490097,27.406372,26.5502,29.631138,30.859777,30.959724,34.621666,33.998863,37.178802,35.79229,39.617886,36.006813,38.797028,39.601387,38.341408,35.136677,34.51554,30.624664,28.065197,26.191961,22.159645,22.513702,18.182467,18.976229,14.0506525,14.385128,18.72134,17.740067,23.626427,23.144289,27.114758,29.189949,30.285543,33.389828,34.34099,35.90784,34.343567,30.366592,29.11432,25.212357,28.1799,21.979431,24.179743,21.233175,23.146338,21.191832,18.100473,17.497044,17.130587,14.720859,12.350196,14.041398,14.809073,9.855521,7.6815233,10.7312765,12.774684,15.566578,17.902435,15.400733,20.76859,17.574457,19.793682,21.63815,22.246239
2,6.4049253,5.2836823,0.0,5.3061757,6.7555676,8.33253,12.059961,14.042082,18.019516,19.464762,24.445957,25.582157,25.622501,27.079897,25.146263,25.380535,26.756,24.38983,29.494099,27.629328,31.06939,33.040905,35.86797,33.32098,35.075897,33.490273,29.628698,30.27132,23.972355,27.898964,23.879618,30.150694,29.535406,33.597614,34.141525,36.478172,40.033157,38.370678,37.112217,35.12046,32.906094,30.49578,26.550808,24.501541,29.247284,25.200855,28.537188,28.134987,30.919333,31.712757,31.187937,34.75513,33.530518,36.356915,35.013466,38.511143,34.767017,37.590652,37.85831,36.277435,33.07905,32.341858,28.969503,26.036884,25.173664,20.502783,21.355034,17.126654,19.285955,14.501423,13.817475,18.253315,16.442863,22.10502,20.51877,24.879047,26.271595,27.57749,30.559507,31.225744,33.27931,32.244175,28.292774,27.673965,24.098665,27.788754,21.9951,25.360895,23.021025,25.414038,24.177988,21.118687,19.671133,19.756704,17.984434,14.714501,15.483009,17.729897,13.769255,10.241874,11.700749,15.218985,18.370085,19.656652,16.571125,20.980835,16.96789,18.34677,19.586468,19.434666
3,9.419627,6.350273,5.3061757,0.0,3.8610091,6.0220346,8.899691,12.183491,15.122094,17.605373,22.14952,22.449682,22.111845,23.164295,20.67994,20.829899,21.700039,19.376848,24.369347,22.67152,26.307917,28.171873,31.329992,29.153063,31.202538,30.03696,26.648748,27.018972,20.470957,24.186438,20.42458,26.296984,26.201189,29.614323,30.755207,32.961716,36.606403,35.222748,33.50672,31.304756,29.821144,27.337183,23.548796,21.646168,26.449186,22.595377,26.127102,26.195253,29.122925,30.280085,29.722792,33.70207,33.012512,35.512455,33.478054,36.82699,32.676,35.180477,35.577515,34.65106,31.22905,31.45236,27.945583,25.676504,25.157288,20.797714,22.296577,17.96647,20.212414,15.100575,12.767754,17.073807,14.680321,20.86428,18.864414,22.905329,24.408125,25.06007,27.932684,28.575377,30.047522,28.562584,24.33848,23.423855,19.818068,23.231905,17.38218,20.860672,18.727367,21.519245,20.715256,18.16459,16.22662,15.650522,14.326308,11.668803,10.825756,13.244567,10.785282,7.220405,6.6187873,10.421333,13.680154,14.483911,11.302129,15.724608,12.051741,13.692293,15.488446,15.905347
4,12.029498,8.609451,6.7555676,3.8610091,0.0,5.3790116,5.780831,10.249491,12.6457405,15.187541,19.86586,20.592705,20.932564,21.676502,19.837261,19.281324,20.838762,18.109848,23.326437,21.52657,24.817152,27.22217,29.802656,27.1936,29.543,28.111942,24.47362,24.514254,17.75951,21.404217,17.305456,23.447317,23.100042,26.978779,27.73594,30.186771,33.651157,32.02878,30.519047,28.417088,26.495476,24.04729,20.13888,18.307444,23.349804,19.622288,23.30489,23.596457,26.31207,27.231419,26.390718,30.32901,29.477682,31.832539,29.806816,33.10203,28.99299,31.580732,31.934526,30.864454,27.481632,27.592688,24.113745,21.850885,21.59016,17.191664,19.013985,14.789419,17.602514,12.673776,9.389598,13.598272,10.930856,17.054972,15.12749,19.185764,20.868986,21.762619,24.80479,25.741627,27.3764,25.995008,22.225313,21.2179,17.464676,21.105259,15.376521,19.115372,17.248896,20.037169,19.665241,17.040134,14.623026,14.9410515,14.110148,10.438111,9.949404,13.733858,11.487087,7.131697,6.8694143,11.865892,15.229244,15.407922,11.933872,15.757909,10.805135,12.993711,13.721835,14.623746
5,14.102438,11.875499,8.33253,6.0220346,5.3790116,0.0,6.2344723,6.3689847,10.27737,12.003918,16.61798,17.338146,17.305775,18.88457,17.345016,17.92475,20.125208,18.416918,23.987362,23.349009,26.889679,29.466751,32.412163,30.160332,33.186897,32.085106,28.756733,28.241737,21.042597,23.945713,19.424742,24.962194,23.030575,26.783224,27.376823,29.186289,33.08624,31.892187,30.734392,29.196245,27.11955,25.875196,21.528557,21.054214,26.677011,23.4834,27.419748,28.178892,30.707022,31.455412,30.159286,34.074043,32.904945,34.754837,32.5066,35.282017,30.8486,33.187412,32.904335,31.88752,28.42287,28.999187,26.234556,23.902279,24.896313,20.145454,22.479805,18.556997,22.142376,17.483162,13.710922,17.518623,13.965719,19.558428,15.730477,20.004148,20.448828,21.006136,23.577637,23.752539,25.642893,24.746181,20.483562,20.452274,17.499712,21.74186,16.860165,21.750914,20.628475,23.909561,24.077457,21.842457,19.055296,18.883469,18.456188,15.360167,13.252497,17.037964,15.976687,12.010862,9.584522,14.165577,17.318417,16.632353,13.145786,15.472436,11.006976,11.040783,11.830169,11.1379
6,17.738922,14.36291,12.059961,8.899691,5.780831,6.2344723,0.0,6.858813,7.2470655,10.461728,14.719339,15.402755,16.3248,16.659515,15.627208,14.50119,17.125832,14.507527,20.080055,19.054596,22.0685,25.20853,27.415796,24.753164,28.102568,26.854052,23.52614,22.548948,15.226882,17.920803,13.24333,18.984852,17.575129,21.604595,22.142635,24.479298,28.022646,26.518335,25.17955,23.423973,21.303036,19.67668,15.4047785,14.876788,20.62376,17.746113,21.810066,23.031836,25.33837,26.048529,24.530294,28.582697,27.694344,29.263865,26.649565,29.388563,24.858912,27.149435,27.126587,26.381044,22.846048,23.835117,20.824198,19.096308,20.293627,16.090633,18.980934,15.387425,19.15447,14.9517,9.664909,12.593845,8.551459,14.126737,10.574866,14.451349,15.681064,16.168982,19.10991,20.038658,21.60465,20.307308,16.742556,15.9345045,12.43154,16.632523,11.785302,16.742607,16.05592,19.304928,20.167797,18.224844,14.848043,15.508173,15.914847,12.363557,10.143223,15.227639,15.030689,11.020145,8.64642,13.860114,16.925581,15.583284,12.049763,13.760738,7.7241645,9.593431,8.761064,10.244614
7,20.193686,17.965153,14.042082,12.183491,10.249491,6.3689847,6.858813,0.0,5.410509,5.6945753,10.452194,12.015243,12.99349,14.784963,14.935249,15.388649,19.147669,17.948673,23.684252,23.961725,27.057543,30.359116,32.765484,30.38153,34.27724,33.20437,30.024403,28.62005,21.226355,23.076187,18.079504,22.891417,19.000658,23.143326,22.975828,24.423542,28.425903,27.365072,26.876177,26.108202,23.360054,23.510567,18.81853,19.965729,26.068083,23.772623,27.894386,29.353643,31.364836,31.691214,29.676693,33.420784,31.888786,32.93401,30.434774,32.49864,27.873556,29.944113,28.965546,27.937437,24.513214,25.601133,23.738611,21.6356,24.24947,19.585955,22.730553,19.576809,24.108162,20.22117,15.394448,18.073883,13.803505,17.986074,12.366061,16.42776,15.610221,16.009195,18.196331,17.973858,20.34926,20.163393,16.30964,17.22013,15.192688,20.019192,16.658293,22.432629,22.359407,25.826752,26.92101,25.062355,21.66615,22.02654,22.410439,19.06403,16.382996,21.064043,20.996517,16.921793,13.955774,18.718729,21.650648,19.852402,16.44951,16.70023,11.78801,10.571388,9.149037,7.47436
8,24.015245,21.094477,18.019516,15.122094,12.6457405,10.27737,7.2470655,5.410509,0.0,4.559596,7.602048,8.385731,10.22627,10.7642355,11.667248,10.934054,15.429453,14.199491,19.763664,20.472446,23.144236,26.84439,28.850058,26.536413,30.97967,30.13351,27.397654,25.361994,18.067564,19.018621,14.134544,18.085882,13.782375,17.741041,17.701464,19.173811,23.181993,22.241014,21.559286,20.873028,18.395954,19.013664,14.418544,16.540705,22.643198,21.103958,25.243494,27.323034,29.073687,29.443157,27.16707,31.035679,29.883078,30.354307,27.232178,28.89349,23.948095,25.617033,24.603937,24.234905,20.669418,22.873661,21.175882,19.996174,23.213575,19.293386,22.935266,20.222618,24.710253,21.225573,15.52705,17.12419,12.632335,15.985552,9.83089,12.893303,11.945511,11.425727,13.539,13.5649395,15.405045,14.867854,11.218843,12.010381,10.322494,15.251595,13.029103,19.088512,19.864475,23.40447,25.289005,24.0345,20.237173,20.745174,21.914516,18.917774,15.526998,20.589697,21.764618,18.067144,14.529647,19.039417,21.617384,19.017845,15.921092,14.785309,9.780463,8.739294,5.294609,5.44263
9,25.731047,23.34561,19.464762,17.605373,15.187541,12.003918,10.461728,5.6945753,4.559596,0.0,5.2030697,8.28763,10.891871,12.375764,14.475815,14.414359,19.317783,18.52996,23.968931,24.926352,27.435997,31.264849,33.057648,30.598682,35.121727,34.095024,31.153006,29.025146,21.869545,22.643114,17.604303,21.334816,15.642234,20.052704,19.02542,20.104446,24.077213,23.13648,23.353031,23.388393,20.044493,21.615274,16.907104,19.576582,25.721045,24.367304,28.447214,30.47676,31.979298,31.957708,29.382523,32.882862,31.14846,31.38228,28.64225,29.946535,25.239254,26.94642,25.315536,24.384329,21.088385,22.81625,21.91961,20.302916,24.276913,20.104717,23.774544,21.455189,26.401756,23.272478,17.96699,19.464746,15.095419,17.497524,10.754554,13.891384,11.621902,11.696059,13.312377,12.696018,15.613865,16.248526,13.294933,15.091132,14.218773,19.115448,17.462454,23.463707,24.249542,27.675837,29.476507,27.988846,24.274137,25.03948,26.008743,22.636219,19.756756,24.821419,25.42124,21.420952,18.327303,23.011496,25.71765,23.266043,20.102005,18.985458,14.233621,12.599564,9.379094,7.7007565
10,30.609875,28.127659,24.445957,22.14952,19.86586,16.61798,14.719339,10.452194,7.602048,5.2030697,0.0,4.7168984,8.45824,9.645561,13.365301,13.4433565,18.827387,18.923285,23.768665,25.663746,27.818985,31.798666,33.417866,31.326393,36.37284,35.695652,33.284737,30.61506,23.801796,23.554646,18.977142,21.137564,14.202818,17.784555,16.497534,16.610754,20.781998,20.485348,21.082195,21.878757,18.809052,21.757055,17.459782,21.32633,27.204622,26.65945,30.632967,33.1428,34.37236,34.312172,31.466051,34.881348,33.300793,32.82925,29.662165,30.207218,25.351524,26.410336,24.253656,23.951012,20.80859,23.637085,23.517418,22.652273,27.347893,23.74641,27.64552,25.727123,30.66145,27.785,22.188635,23.075079,18.75763,20.222626,13.338214,15.029262,11.627682,10.393904,10.575432,8.728074,11.599243,13.0051155,10.603255,13.555956,14.27057,18.733074,18.799955,24.833113,26.370031,29.85566,32.21591,31.22187,27.321987,27.917208,29.34256,26.411037,22.901512,27.859888,29.356968,25.645205,21.976526,26.199585,28.54249,25.482302,22.728569,20.281359,16.530281,14.15916,10.507051,8.739038
11,31.3843,28.708076,25.582157,22.449682,20.592705,17.338146,15.402755,12.015243,8.385731,8.28763,4.7168984,0.0,4.255869,5.0317717,9.163985,9.876332,15.074774,16.027435,20.473907,23.093296,25.386717,29.099527,31.158861,29.688189,34.90574,34.728146,32.87848,30.122253,23.400188,22.807835,18.794388,20.078907,13.873982,15.879045,15.836282,15.338323,19.892958,20.29437,20.080702,20.637892,18.933321,21.769262,17.884396,21.765862,27.403389,26.99941,30.95521,33.650974,35.06075,35.389694,32.756832,36.473938,35.447292,34.948536,31.29068,31.81452,26.677155,27.335815,25.474125,26.026447,22.73613,26.392353,25.912844,25.550188,29.848112,26.462826,30.364828,28.133255,32.719498,29.481293,23.638418,24.63191,20.258093,22.315662,15.774876,17.064722,14.286156,11.969503,11.721585,9.601712,10.633198,11.103696,7.3438077,10.809981,12.352413,16.35516,17.1056,23.141333,25.029863,28.698309,31.2981,30.765686,26.818941,26.798044,28.491224,26.305075,21.93227,26.44978,28.909082,25.675533,21.230774,24.741018,26.656128,23.141306,20.851206,17.381124,14.900856,11.811372,8.602852,6.9809074
12,30.980736,28.461866,25.622501,22.111845,20.932564,17.305775,16.3248,12.99349,10.22627,10.891871,8.45824,4.255869,0.0,3.9818017,6.515012,9.301391,13.489698,15.358735,19.579552,22.66233,25.390553,28.597193,31.362398,30.446882,35.538345,35.715385,34.149883,31.620502,24.847878,24.459482,20.7766,21.964441,16.860617,17.79741,18.764174,17.94601,22.593586,23.403942,22.603283,22.790842,22.038063,24.371878,20.67299,24.052423,29.579847,28.906242,32.88058,35.46716,37.16678,37.81307,35.460304,39.400543,38.639057,38.37781,34.597176,35.32356,30.086718,30.676283,29.085201,29.909,26.533644,30.265398,29.426315,29.01792,32.844517,29.296242,33.055138,30.41526,34.756165,31.068293,25.31805,26.7944,22.385822,25.26885,18.959232,20.549582,18.24156,15.8533,15.660422,13.523091,13.717046,13.499409,8.730139,11.884602,13.435215,17.019867,17.515707,23.492035,25.277979,29.12325,31.58384,31.217342,27.381952,26.685682,28.299587,26.700058,21.73927,25.648815,28.57968,25.695246,20.675262,23.499805,25.09933,21.429268,19.500227,15.502758,14.422638,10.365074,8.707883,6.3148317
13,32.390053,29.45018,27.079897,23.164295,21.676502,18.88457,16.659515,14.784963,10.7642355,12.375764,9.645561,5.0317717,3.9818017,0.0,5.1569643,6.2949686,10.872545,12.828724,16.541002,19.913445,22.24851,25.6146,28.074562,27.292645,32.5952,32.950798,31.749397,28.948215,22.577238,21.611706,18.445704,18.713398,13.985745,14.08385,15.604835,14.75228,19.366747,20.339836,19.106356,19.193983,19.096684,21.491924,18.26066,21.9004,27.047255,26.823605,30.63588,33.483932,35.038055,35.77105,33.4178,37.388126,36.97687,36.48409,32.38782,32.947227,27.643276,27.9276,26.527473,27.891624,24.518297,28.830692,27.930717,28.087572,31.876173,28.838402,32.67666,30.22956,34.35077,30.888132,24.938004,25.891176,21.6764,24.140291,18.283813,19.10753,17.157824,14.200802,13.844209,12.128142,11.224329,10.174584,5.1257367,8.314235,10.678631,13.672001,15.263407,20.933743,23.200655,26.926847,29.77616,29.793911,25.895227,25.276775,27.283337,25.95878,20.877684,24.788733,28.275007,25.67699,20.67494,23.272583,24.631798,20.677143,19.04277,14.482242,13.659214,10.370469,8.159887,7.8950763
14,29.806932,26.82847,25.146263,20.67994,19.837261,17.345016,15.627208,14.935249,11.667248,14.475815,13.365301,9.163985,6.515012,5.1569643,0.0,4.9356284,7.2341094,9.824319,13.610767,16.984814,20.004469,22.711163,26.049734,25.733984,30.623531,31.266954,30.270144,27.945736,21.549522,21.181732,18.414265,19.16153,16.548485,16.163206,18.776714,18.4527,22.864115,23.703976,21.617,20.753622,21.557701,22.607782,19.554585,22.062551,26.993883,26.2227,30.003162,32.57253,34.536713,35.70191,33.831593,38.089283,38.06698,38.08934,33.962936,35.077236,29.739738,30.21239,29.445427,30.898932,27.355085,31.427294,29.774319,29.813929,32.70508,29.561773,33.120506,30.179003,33.80631,29.875025,24.153997,25.625679,21.555046,25.093006,19.886116,21.201464,20.234905,17.577024,17.93615,16.821064,15.733153,13.754447,8.325068,9.371883,10.407503,12.875739,13.289057,18.694458,20.603544,24.46852,27.025095,27.20149,23.520529,22.14919,24.049015,23.454311,17.837637,20.995796,25.017353,22.958025,17.499687,19.232307,20.223557,16.142317,14.9334545,9.883278,10.7416725,7.054368,7.196321,7.621185
15,30.207733,26.748005,25.380535,20.829899,19.281324,17.92475,14.50119,15.388649,10.934054,14.414359,13.4433565,9.876332,9.301391,6.2949686,4.9356284,0.0,5.5643334,6.6005683,10.615745,13.629819,16.109694,19.450764,22.066332,21.36858,26.513432,27.036116,26.115028,23.473932,17.338175,16.469952,14.0029745,14.232671,12.328416,11.867085,14.826594,15.2190075,19.327148,19.790316,17.297384,16.036657,17.102972,17.815214,15.104726,17.733534,22.386946,22.027403,25.68266,28.50507,30.254904,31.394926,29.471745,33.709034,33.935116,33.79806,29.487171,30.575792,25.245539,25.627645,25.168549,26.897522,23.35861,27.705421,25.902973,26.433428,29.23832,26.658934,30.270353,27.654911,31.097103,27.593697,21.701906,22.461515,18.67479,21.598257,17.052628,17.632776,17.299519,14.465733,15.133565,14.933931,13.403147,10.570115,5.6871285,4.807726,5.796107,8.091088,9.48451,14.813192,17.234169,20.922882,23.922024,24.322426,20.500025,19.673887,22.002848,21.268373,15.978249,19.615866,23.749773,21.74935,16.81925,18.877367,19.937504,15.86354,14.575441,9.861449,9.402773,7.8893275,6.3463593,9.172605
16,30.676601,27.133492,26.756,21.700039,20.838762,20.125208,17.125832,19.147669,15.429453,19.317783,18.827387,15.074774,13.489698,10.872545,7.2341094,5.5643334,0.0,4.4738564,6.4709134,10.355333,13.339757,15.626751,19.289795,19.650316,24.36719,25.562565,25.40071,23.171265,17.829092,17.128164,16.007587,15.687082,16.425766,14.6043215,18.65627,19.046116,22.6808,23.364265,20.032219,17.983013,20.532824,20.098408,18.265213,19.73873,23.465677,22.93349,26.22029,28.857124,30.894419,32.553936,31.195772,35.611008,36.456295,36.609646,32.16652,33.539536,28.335863,28.571133,28.745178,30.881731,27.387352,31.759798,29.439594,30.16716,32.104904,29.789312,33.068718,30.17688,32.907494,29.161095,23.674665,24.618591,21.328613,24.817917,21.278717,21.832914,22.252623,19.515566,20.28771,20.285952,18.230776,14.901459,10.753018,8.809012,8.899354,8.570579,9.588264,13.252053,15.644057,19.219078,22.143864,23.17648,19.772346,17.949038,20.426218,21.007717,15.254719,17.452644,22.691626,21.718172,16.580496,17.014015,17.155516,12.79636,12.777825,7.1892447,10.064769,9.366766,10.237691,13.067648
17,28.299746,24.45308,24.38983,19.376848,18.109848,18.416918,14.507527,17.948673,14.199491,18.52996,18.923285,16.027435,15.358735,12.828724,9.824319,6.6005683,4.4738564,0.0,5.749691,7.3316255,10.598565,13.4903145,16.746498,16.306429,20.886488,21.681553,21.13498,19.043764,13.46147,13.251566,12.13787,12.750545,14.816127,14.052197,17.82572,19.21412,22.519781,22.462433,19.008558,16.333689,18.512146,16.943796,15.135165,15.748099,19.408678,18.578285,21.887964,24.426441,26.543201,28.260263,27.05698,31.534737,32.48903,32.9288,28.617386,30.404602,25.322895,25.905027,26.514315,28.39454,24.867363,28.816847,26.041489,26.77263,28.18438,26.088224,29.200048,26.345903,28.791147,25.20012,19.817232,20.55253,17.597439,21.168055,18.484983,19.041851,20.3073,18.050825,19.515505,20.270605,18.649399,15.182293,11.585543,8.517001,6.5120487,6.1356893,5.2267966,9.092388,11.399974,15.058696,18.041893,18.969007,15.457389,14.02053,16.676907,17.033325,11.609643,14.318596,19.317333,18.340677,13.784055,14.649277,15.135068,11.163187,10.668494,6.683808,7.527502,9.0335455,9.4564295,13.302412
18,32.851738,28.938385,29.494099,24.369347,23.326437,23.987362,20.080055,23.684252,19.763664,23.968931,23.768665,20.473907,19.579552,16.541002,13.610767,10.615745,6.4709134,5.749691,0.0,5.267737,7.384154,9.367251,13.024284,14.132935,18.683424,20.45308,21.272589,19.082005,15.471225,14.231344,15.158961,13.5412855,17.470308,14.75953,19.443167,20.499504,23.112719,23.50662,19.341717,16.30101,20.239902,18.429863,18.055685,18.491781,20.607891,20.542599,23.08693,25.78667,27.712275,29.749414,28.869883,33.24869,34.88462,35.066402,30.453753,31.962688,27.118242,27.096771,28.136005,30.793148,27.532898,32.00124,29.256336,30.634953,31.755545,30.366867,33.31964,30.714697,32.59933,29.328026,24.290802,24.500801,22.171299,25.113401,23.230968,22.990557,24.467999,21.871498,22.887053,23.736467,21.216196,17.31939,14.815277,11.458408,10.793911,7.4953804,9.300755,9.537095,12.556477,15.320624,18.711275,20.668182,17.742151,15.914944,18.912231,20.419561,15.4135275,16.647638,22.444942,22.409206,18.261923,17.827541,17.304594,13.476195,14.369448,10.366431,13.00777,14.392699,14.997129,18.637178
19,30.524157,26.407604,27.629328,22.67152,21.52657,23.349009,19.054596,23.961725,20.472446,24.926352,25.663746,23.093296,22.66233,19.913445,16.984814,13.629819,10.355333,7.3316255,5.267737,0.0,4.3324695,6.431256,10.092097,10.426383,14.276629,15.797357,16.470852,14.869492,11.824875,11.550836,13.219029,12.79212,18.456692,16.951233,21.124294,23.094322,25.32371,24.943075,20.752304,17.061289,20.534557,17.134356,17.092716,15.928797,17.291502,16.685226,18.912079,21.25474,23.415823,25.741438,25.367584,29.801569,31.752567,32.45315,28.119032,30.254578,25.75374,26.172268,27.855545,30.15566,26.953615,30.716166,27.345034,28.668543,28.799932,27.765701,30.28262,27.680038,28.87293,25.792053,21.340857,21.380854,19.825632,22.912767,22.366982,22.237255,24.66808,22.73126,24.423824,25.897474,23.902973,20.05856,17.839716,14.027079,11.781048,8.703339,7.863021,5.0788074,7.7342005,10.138691,13.545845,15.771041,13.18812,11.459911,14.644809,16.540384,12.446868,13.216928,18.811747,19.295467,16.212395,15.561858,15.046677,12.152705,13.022494,11.262465,12.6498,15.624701,16.308615,20.361782
20,34.04183,29.822037,31.06939,26.307917,24.817152,26.889679,22.0685,27.057543,23.144236,27.435997,27.818985,25.386717,25.390553,22.24851,20.004469,16.109694,13.339757,10.598565,7.384154,4.3324695,0.0,4.753812,6.148405,6.886162,11.40312,13.376371,15.038455,12.9074545,11.887098,10.343389,13.594021,11.470455,18.460669,16.313915,20.524117,22.665173,24.138004,23.67223,19.207243,15.238402,19.501694,15.785988,16.957296,15.8117075,15.7858925,16.198862,17.699968,20.376568,22.05866,24.39869,24.083172,28.28807,30.688755,31.03775,26.526045,28.385965,24.208845,24.222399,26.297583,29.052952,26.16242,30.18581,26.941912,28.872896,28.946915,28.67243,31.126839,29.033792,29.958809,27.516073,23.230507,22.462349,21.437813,23.47083,23.673058,22.723,25.40448,23.405989,24.921347,26.747131,24.401285,20.447906,19.362507,15.31017,13.572161,9.432039,10.449319,6.1609516,9.405851,10.425296,14.363376,17.082827,14.838354,13.958656,17.24679,19.018414,15.832337,16.666842,21.853468,22.420681,19.945244,19.5108,18.977373,16.387611,17.210278,15.457907,16.310986,19.319197,19.328968,23.53716
21,35.258095,31.157476,33.040905,28.171873,27.22217,29.466751,25.20853,30.359116,26.84439,31.264849,31.798666,29.099527,28.597193,25.6146,22.711163,19.450764,15.626751,13.4903145,9.367251,6.431256,4.753812,0.0,5.79141,8.845769,11.163296,14.067424,16.61658,15.4853325,15.487051,14.652105,17.960892,16.188765,23.149078,20.684248,25.102262,26.990412,28.43388,28.186453,23.621286,19.699726,24.216906,20.365183,21.601437,19.968376,19.417473,19.452684,20.449667,22.575256,24.46572,27.148134,27.383978,31.50858,34.22992,34.86152,30.51594,32.540325,28.613792,28.60296,30.86618,33.66071,30.827856,34.681877,31.241022,33.064625,32.596382,32.344074,34.491486,32.195057,32.595314,29.998743,26.245481,25.813154,25.048805,27.53366,27.946257,27.274105,30.013828,28.031898,29.526512,31.183285,28.727713,24.725576,23.27022,19.377743,17.702875,13.748782,14.049257,9.333709,11.235101,11.484151,14.616243,17.874817,16.492998,14.725997,17.726831,20.61772,17.576029,16.887022,22.476643,23.910734,21.587502,19.963097,18.656044,16.548578,18.258228,16.890985,18.965292,21.897348,22.692965,26.711191
22,38.392677,34.136784,35.86797,31.329992,29.802656,32.412163,27.415796,32.765484,28.850058,33.057648,33.417866,31.158861,31.362398,28.074562,26.049734,22.066332,19.289795,16.746498,13.024284,10.092097,6.148405,5.79141,0.0,4.8747067,7.5024295,10.682835,14.235368,12.509344,14.892313,13.036366,17.590223,14.678177,22.633667,20.163624,24.114662,26.404861,26.936623,26.311768,21.756634,17.687826,22.426495,18.139544,20.581402,18.821573,16.68295,17.840391,17.919458,20.362658,21.551481,24.112679,24.398533,28.123816,31.291552,31.553162,27.181149,28.950083,25.59994,25.268518,28.020784,31.091124,28.70229,32.552914,29.257236,31.692326,31.099773,31.755495,33.78057,32.162567,32.298042,30.55907,27.015127,25.625471,25.506985,26.718103,28.108994,26.60258,29.701048,27.890326,29.343182,31.502666,28.967726,25.04783,24.814392,20.73367,19.2048,14.86197,16.123947,10.753719,12.991377,12.033778,15.575329,18.924074,17.731707,17.295303,20.360456,22.558123,20.56314,20.631369,25.389174,26.555145,24.972694,24.139637,23.280478,21.378273,22.514065,21.342579,22.16699,25.413969,25.324913,29.590017
23,36.135838,31.807035,33.32098,29.153063,27.1936,30.160332,24.753164,30.38153,26.536413,30.598682,31.326393,29.688189,30.446882,27.292645,25.733984,21.36858,19.650316,16.306429,14.132935,10.426383,6.886162,8.845769,4.8747067,0.0,5.8873057,7.3898816,10.071479,7.7239504,10.82409,9.038106,13.94985,11.755364,20.080454,18.817095,22.032187,24.953428,25.399265,24.112467,19.89715,15.682394,19.432297,14.334944,16.939882,14.540956,11.869891,13.174975,13.140889,15.829613,16.89236,19.346603,19.53629,23.32998,26.438414,26.834019,22.584452,24.688374,21.45412,21.524153,24.506863,27.1654,24.823114,28.205847,24.714134,27.169806,26.362797,27.299658,29.23358,27.89023,27.986912,26.645391,23.224115,21.374224,21.659536,22.359787,24.459509,22.818426,26.338612,24.992588,26.810902,29.357979,27.32533,23.636656,23.68385,19.537388,17.407518,13.672562,14.221608,8.713368,10.757474,9.412452,13.259719,16.153913,14.757993,15.437437,18.472519,19.782423,18.613838,19.553743,23.423716,24.127642,23.183102,23.220514,22.993982,21.327314,21.730715,21.226711,20.643806,24.35375,23.731094,28.11506
24,37.01178,32.785103,35.075897,31.202538,29.543,33.186897,28.102568,34.27724,30.97967,35.121727,36.37284,34.90574,35.538345,32.5952,30.623531,26.513432,24.36719,20.886488,18.683424,14.276629,11.40312,11.163296,7.5024295,5.8873057,0.0,3.929523,8.630088,8.7957115,13.975292,13.659623,18.306087,17.246218,25.549103,24.67209,27.692936,30.76075,31.053099,29.557352,25.494148,21.312199,24.653248,19.024086,21.632273,18.127699,14.38415,14.92039,13.56488,15.0009575,16.158512,19.10117,20.422138,23.804768,27.467817,28.50206,24.926842,27.537733,25.107092,25.466879,28.881304,31.174305,29.082865,31.640766,27.743876,30.0164,27.996191,29.386942,30.592018,29.324135,28.328419,27.364416,25.128567,23.31776,24.496477,25.345806,28.454979,27.108503,31.047184,30.12133,32.202995,34.870827,33.058823,29.42241,29.241598,25.091291,22.553518,19.176226,18.547623,12.437623,12.756329,9.731036,12.075982,15.377662,15.490219,16.153843,18.598053,20.611141,20.711334,20.459768,23.675724,25.236616,25.339138,24.692524,24.137035,23.453829,24.188982,24.778713,24.35693,28.462597,28.31092,32.659405
25,35.502953,31.289953,33.490273,30.03696,28.111942,32.085106,26.854052,33.20437,30.13351,34.095024,35.695652,34.728146,35.715385,32.950798,31.266954,27.036116,25.562565,21.681553,20.45308,15.797357,13.376371,14.067424,10.682835,7.3898816,3.929523,0.0,5.046937,6.073784,12.30332,12.65059,16.993639,16.895166,24.950796,25.008518,27.41744,30.856956,31.102455,29.152853,25.476847,21.376993,23.771461,17.703705,20.22709,16.075098,11.772244,12.033198,10.055085,11.202052,12.294386,15.308883,16.90149,20.224327,23.919445,25.27449,22.064926,25.081156,22.979986,23.767675,27.331528,29.12744,27.155106,29.062792,24.960901,27.128216,24.631899,26.34788,27.277597,26.279707,25.000402,24.502977,22.704687,20.541656,22.276672,22.721113,26.571083,25.250763,29.500177,29.039728,31.397642,34.29982,32.927338,29.538433,29.483679,25.408272,22.492327,19.7437,18.471132,12.72782,12.458923,9.050305,10.954567,13.628437,13.933515,15.58051,17.741549,18.999735,20.06115,20.33262,22.576004,23.839067,24.650257,24.611038,24.522541,24.136965,24.354046,25.527437,24.156494,28.530245,28.079802,32.403645
26,31.789558,27.616348,29.628698,26.648748,24.47362,28.756733,23.52614,30.024403,27.397654,31.153006,33.284737,32.87848,34.149883,31.749397,30.270144,26.115028,25.40071,21.13498,21.272589,16.470852,15.038455,16.61658,14.235368,10.071479,8.630088,5.046937,0.0,4.3485227,9.515626,11.344773,14.5473795,16.263636,23.488089,24.795076,26.563307,30.318085,30.873175,28.51497,25.33672,21.421432,22.503386,16.159386,17.911339,12.922879,9.035577,7.8763285,5.8230896,6.477219,8.372541,11.512338,13.199211,16.88437,20.141693,22.11032,19.33287,22.98144,20.854223,22.372166,25.775232,26.779543,24.69765,25.785025,21.326504,23.012804,20.009523,21.644537,22.35662,21.365225,19.961315,19.656471,18.221014,15.9071665,18.148851,18.605886,23.04248,22.126783,26.639652,26.744041,29.487812,32.501373,31.762669,28.701492,28.426401,24.562922,21.11648,19.41801,17.012922,12.216592,11.073794,7.879315,9.087799,10.502263,10.739619,13.549896,15.3002205,15.455489,17.558283,18.561317,19.624493,20.375631,21.923368,22.667841,23.205414,23.132233,22.674368,24.582617,22.114286,26.719786,26.060534,30.23432
27,33.19184,28.912243,30.27132,27.018972,24.514254,28.241737,22.548948,28.62005,25.361994,29.025146,30.61506,30.122253,31.620502,28.948215,27.945736,23.473932,23.171265,19.043764,19.082005,14.869492,12.9074545,15.4853325,12.509344,7.7239504,8.7957115,6.073784,4.3485227,0.0,7.431663,7.6509423,11.646102,12.271024,19.752726,20.823957,22.518805,26.272911,26.627472,24.294222,21.068666,17.17101,18.452131,12.15573,14.492666,10.206551,5.7839,6.5954146,5.443407,8.373037,9.3010025,11.748953,12.216871,16.155638,19.261168,20.377499,16.822855,19.97055,17.391352,18.566502,21.926186,23.385258,21.262978,23.12823,19.036406,21.277946,19.414604,21.053207,22.458927,21.67322,21.258495,20.870775,18.305363,15.586429,17.158175,16.914284,20.849762,19.292244,23.633682,23.425411,25.935139,29.013178,28.041372,24.974245,25.21912,21.340054,18.289377,16.283295,15.005322,10.600668,10.883019,8.785388,11.553604,13.037354,11.925679,14.664946,17.013836,16.7288,17.690783,19.58449,21.38267,21.485605,22.115602,23.3438,24.012033,23.139578,22.526417,23.463202,20.867334,25.173067,23.98378,28.257973
28,27.645414,23.338528,23.972355,20.470957,17.75951,21.042597,15.226882,21.226355,18.067564,21.869545,23.801796,23.400188,24.847878,22.577238,21.549522,17.338175,17.829092,13.46147,15.471225,11.824875,11.887098,15.487051,14.892313,10.82409,13.975292,12.30332,9.515626,7.431663,0.0,4.766479,5.3769393,9.370222,15.053294,17.246948,18.864689,22.507866,24.030622,21.864105,18.925177,15.34408,15.529146,9.981873,9.732776,5.312036,7.0195904,5.166811,8.537758,11.228028,13.143406,14.839521,14.052156,18.617134,20.14837,21.371965,17.653673,20.787775,16.821362,18.534927,20.746223,21.663424,18.67997,20.767744,16.629313,17.89713,17.195034,17.007982,19.284166,17.515755,18.585789,16.824873,12.660968,10.853114,10.854542,12.324627,14.631957,14.101444,18.168882,17.938791,20.783997,23.519232,23.05192,20.147745,19.371244,15.776303,12.002649,11.557341,8.58158,6.864372,7.1915803,8.089498,11.0752,11.310469,8.14467,10.912357,13.395875,11.92154,11.690475,15.150031,17.010323,16.004328,15.750353,17.996141,19.341486,17.987259,16.580973,17.491255,13.875999,18.171417,16.847736,21.02485
29,31.930056,27.6404,27.898964,24.186438,21.404217,23.945713,17.920803,23.076187,19.018621,22.643114,23.554646,22.807835,24.459482,21.611706,21.181732,16.469952,17.128164,13.251566,14.231344,11.550836,10.343389,14.652105,13.036366,9.038106,13.659623,12.65059,11.344773,7.6509423,4.766479,0.0,5.2695274,5.1096244,12.39759,13.5807,15.43426,19.064394,20.081863,18.04761,14.718188,10.897604,12.108681,6.5587587,8.0354395,6.042378,6.534167,7.909089,10.261086,13.82464,14.800142,16.186806,14.822543,19.091047,20.86651,21.045662,16.580956,18.813755,14.547494,15.4378195,17.713339,19.589378,16.738369,20.067196,16.656712,18.87367,19.284271,19.616217,22.274067,21.065016,22.513344,21.154749,16.656076,14.402588,13.940229,13.978836,15.591712,13.786539,17.437963,16.506195,18.79611,21.656616,20.514874,17.386322,17.647556,13.842771,11.091767,9.335611,9.355891,7.6561923,10.007486,10.821904,14.601169,15.601,12.586234,14.669474,17.527712,16.505747,15.279169,18.664207,21.381218,20.361975,19.26538,21.346855,22.39031,20.309465,19.222021,18.699896,15.742226,19.35282,17.46001,21.745695
30,28.537575,24.395775,23.879618,20.42458,17.305456,19.424742,13.24333,18.079504,14.134544,17.604303,18.977142,18.794388,20.7766,18.445704,18.414265,14.0029745,16.007587,12.13787,15.158961,13.219029,13.594021,17.960892,17.590223,13.94985,18.306087,16.993639,14.5473795,11.646102,5.3769393,5.2695274,0.0,6.698468,9.932204,13.157017,14.105452,17.768866,19.649635,17.478016,15.043949,12.140561,11.147952,7.0651875,4.87794,3.7861753,8.881187,8.56751,12.278709,15.342214,16.613018,17.449116,15.495149,19.82516,20.448915,20.838411,16.746973,19.101141,14.32298,15.92542,17.20753,18.123955,14.757641,17.685957,14.309396,15.627529,16.898466,16.051378,19.23146,17.652472,20.141205,18.285732,12.978291,11.21536,9.521249,10.242137,10.548987,9.540647,13.1291275,12.590249,15.418902,18.169502,17.903229,15.306164,14.877422,11.688645,8.230963,9.096453,7.5545573,9.380839,10.98051,12.99818,16.081347,15.975023,12.310912,14.5524645,16.969831,14.729899,13.226523,17.788218,19.7695,17.729887,16.367409,19.560938,21.284073,19.122805,17.195936,16.875385,12.518855,15.912182,13.4539995,17.50207
31,34.74777,30.566057,30.150694,26.296984,23.447317,24.962194,18.984852,22.891417,18.085882,21.334816,21.137564,20.078907,21.964441,18.713398,19.16153,14.232671,15.687082,12.750545,13.5412855,12.79212,11.470455,16.188765,14.678177,11.755364,17.246218,16.895166,16.263636,12.271024,9.370222,5.1096244,6.698468,0.0,8.405378,8.606061,10.662305,14.120168,15.101259,13.417391,9.789593,6.0245347,8.179813,5.0554914,6.763996,8.657426,10.237259,12.465805,14.826353,18.568026,19.096888,19.983452,17.926062,21.80038,23.124985,22.3459,17.451454,18.480148,13.642437,13.633906,15.086395,17.78125,14.862624,19.551859,17.239702,19.797983,21.723558,21.793161,24.98909,23.968885,26.220215,24.781002,19.655878,17.541597,16.121243,15.552096,15.450606,12.883428,15.4298725,13.585681,15.135822,17.86921,16.122297,12.885723,14.146387,10.527029,9.298125,7.1240335,10.256988,10.568251,13.820206,15.318096,19.280743,20.326674,16.998276,18.54072,21.509243,20.393705,18.096567,21.850622,25.08028,23.638098,21.561823,23.8748,24.912643,22.085587,20.97327,19.048132,16.432993,18.976286,16.405542,20.479532
32,35.110672,31.365479,29.535406,26.201189,23.100042,23.030575,17.575129,19.000658,13.782375,15.642234,14.202818,13.873982,16.860617,13.985745,16.548485,12.328416,16.425766,14.816127,17.470308,18.456692,18.460669,23.149078,22.633667,20.080454,25.549103,24.950796,23.488089,19.752726,15.053294,12.39759,9.932204,8.405378,0.0,6.2815027,4.73124,8.228265,10.688268,9.062594,7.9917407,8.047902,5.211766,8.794533,6.610486,12.087365,16.125246,17.689978,20.796228,24.28148,24.686247,24.736343,21.777033,25.187975,25.004568,23.614618,19.140709,19.165161,13.878819,13.943834,12.902785,14.856916,11.552598,16.928473,16.273434,18.128765,22.269863,21.237156,25.125114,24.245077,27.931255,26.320604,20.579203,18.995079,16.20573,15.108019,11.856518,9.116304,8.9666605,5.9134054,6.7613897,9.545043,8.500105,6.578648,9.1791,7.919294,8.70808,10.11331,13.260589,16.842646,19.666245,22.077148,25.592361,25.756779,21.949787,23.453505,25.986698,23.779348,20.950268,25.716162,28.334066,25.727882,22.96975,26.413868,28.077112,24.844833,22.944555,20.292877,16.776419,17.577028,13.638355,16.532463
33,38.800426,34.93245,33.597614,29.614323,26.978779,26.783224,21.604595,23.143326,17.741041,20.052704,17.784555,15.879045,17.79741,14.08385,16.163206,11.867085,14.6043215,14.052197,14.75953,16.951233,16.313915,20.684248,20.163624,18.817095,24.67209,25.008518,24.795076,20.823957,17.246948,13.5807,13.157017,8.606061,6.2815027,0.0,5.1123266,6.359793,8.558678,8.977099,5.593094,5.5715075,8.169708,11.339837,11.2721405,15.827937,18.53084,20.664606,23.305105,27.028236,27.454552,27.977535,25.404776,28.868925,29.466719,27.832493,22.941807,22.51165,17.504465,16.437582,15.8356,19.157284,16.397688,22.323942,21.679964,24.003357,27.642792,26.944859,30.687206,29.612335,32.850025,31.001143,25.246653,23.79864,21.168726,20.657745,17.827477,15.263351,15.116375,11.670663,11.090014,12.585655,9.236874,5.677151,9.070929,7.2214494,9.948402,8.69613,14.282615,16.867847,20.4679,22.787058,26.758919,27.749454,24.078081,24.812525,27.749176,26.61947,22.977312,26.93498,30.739725,28.816545,25.399942,27.8302,28.82112,25.11767,24.03109,20.237303,18.586332,18.992897,15.847622,18.87287
34,39.75653,36.032574,34.141525,30.755207,27.73594,27.376823,22.142635,22.975828,17.701464,19.02542,16.497534,15.836282,18.764174,15.604835,18.776714,14.826594,18.65627,17.82572,19.443167,21.124294,20.524117,25.102262,24.114662,22.032187,27.692936,27.41744,26.563307,22.518805,18.864689,15.43426,14.105452,10.662305,4.73124,5.1123266,0.0,4.2759843,5.9602814,5.016064,4.7271123,7.1839056,5.482488,11.097952,10.566379,16.005213,19.001362,21.340338,23.979733,27.672426,27.693764,27.611433,24.529373,27.519613,27.465345,25.347939,20.738348,19.703516,14.8221,13.7457905,12.04929,15.055859,12.520551,18.638676,18.945395,21.319523,25.81955,25.252705,29.111809,28.591442,32.229267,30.889402,25.232916,23.409311,20.835926,19.126263,16.094116,12.873158,11.889228,8.625024,7.3861256,9.590769,7.1231046,5.7563496,10.665525,10.152551,12.394029,12.645453,17.1203,20.136028,23.36374,25.558804,29.334404,29.842226,26.123491,27.500124,30.208708,28.288607,25.28568,29.809816,32.805832,30.350096,27.393843,30.562916,31.991001,28.50865,26.907309,23.62053,20.861109,21.17207,17.31913,19.816513
35,42.161823,38.572926,36.478172,32.961716,30.186771,29.186289,24.479298,24.423542,19.173811,20.104446,16.610754,15.338323,17.94601,14.75228,18.4527,15.2190075,19.046116,19.21412,20.499504,23.094322,22.665173,26.990412,26.404861,24.953428,30.76075,30.856956,30.318085,26.272911,22.507866,19.064394,17.768866,14.120168,8.228265,6.359793,4.2759843,0.0,4.64997,6.5324717,6.9100447,10.03796,9.698131,15.246832,14.596076,20.014683,23.098848,25.359308,28.058504,31.76301,31.870167,31.86117,28.801834,31.756184,31.645697,29.386831,24.836884,23.467236,18.808134,17.415098,15.302724,18.363638,16.142588,22.21987,22.928982,25.100563,29.85555,28.997421,32.94137,32.264732,36.095207,34.490227,28.678228,27.209652,24.303179,23.009007,19.231115,16.470997,14.592377,11.004184,8.570792,9.132662,5.309147,4.8507648,10.334627,11.017029,14.390875,14.58397,19.566328,22.912321,26.309988,28.741522,32.581497,33.21693,29.424961,30.37587,33.11919,31.430258,27.869732,32.23874,35.61078,33.156475,29.661724,32.626755,33.905853,30.12094,28.691916,24.713217,22.681149,22.156992,18.460485,20.349543
36,45.67145,41.957394,40.033157,36.606403,33.651157,33.08624,28.022646,28.425903,23.181993,24.077213,20.781998,19.892958,22.593586,19.366747,22.864115,19.327148,22.6808,22.519781,23.112719,25.32371,24.138004,28.43388,26.936623,25.399265,31.053099,31.102455,30.873175,26.627472,24.030622,20.081863,19.649635,15.101259,10.688268,8.558678,5.9602814,4.64997,0.0,3.941943,5.627677,9.77913,9.729274,15.477872,16.067608,21.302164,23.320377,26.29202,28.43486,32.25853,31.889894,31.673872,28.545816,31.027363,31.12659,28.30954,23.746155,21.638918,17.610344,15.4351225,13.282612,17.096561,15.669155,21.957201,23.129997,25.919577,30.626667,30.53024,34.316483,34.149265,37.701214,36.64458,31.088778,29.03595,26.682613,24.470905,21.723206,18.219057,16.809986,13.7567215,11.482258,12.704368,9.565793,9.334638,14.811182,14.842226,17.797405,17.20706,22.457186,24.885641,28.394707,30.329517,34.301888,35.133953,31.534271,32.812325,35.667862,34.015186,30.910082,35.18644,38.509544,36.20867,33.11897,36.021946,37.2173,33.54677,32.24032,28.460121,26.373453,26.328054,22.630402,24.781088
