,0,1,2,3,4,5,6,7,8,9,10,11,12,13,14,15,16,17,18,19,20,21,22,23,24,25,26,27,28,29,30,31,32,33,34,35,36,37,38,39,40,41,42,43,44,45,46,47,48,49,50,51,52,53,54,55,56,57,58,59,60,61,62,63,64,65,66,67,68,69,70,71,72,73,74,75,76,77,78,79,80,81,82,83,84,85,86,87,88,89,90,91,92,93,94,95,96,97,98,99,100,101,102,103,104,105,106,107,108
0,0.0,3.239672,7.070289,10.788368,12.856006,16.578978,18.913729,24.00205,26.982368,30.584892,33.736412,37.101624,37.824604,35.77503,31.800209,28.780941,25.09658,22.974035,18.865492,18.727314,14.88659,13.758403,14.704964,18.63542,21.30076,21.950073,26.662779,24.15651,29.977173,32.355488,33.145424,39.110733,39.183525,43.338375,43.479618,47.178078,47.645702,45.020237,44.614742,41.33979,40.489586,35.92088,32.665688,30.638689,27.739033,22.437817,21.559551,16.071606,16.948584,12.950411,16.138096,15.823316,19.794052,19.438566,23.747204,27.93462,24.832243,27.7808,28.645517,26.132055,25.729296,20.591078,17.68251,15.757551,10.171393,9.599868,14.999067,12.848617,18.825983,20.499172,22.704918,26.950684,28.539598,32.368088,34.18548,37.95018,41.460075,43.67865,46.46793,47.745228,48.996178,44.90849,42.31861,40.558353,36.173046,38.356014,32.23014,31.596975,28.33631,26.888914,27.554178,25.137875,24.56178,27.323526,25.141684,26.669428,29.826115,30.174416,33.592937,34.600674,38.89481,41.748787,42.689022,40.163414,44.36688,38.757877,42.990818,40.638878,44.26869
1,3.239672,0.0,3.9388194,7.8788147,9.676782,13.408794,15.750743,20.783787,23.761042,27.383146,30.515842,33.90762,34.632298,32.609703,28.663275,25.57326,21.923199,19.80581,15.739122,15.808574,12.212975,11.698654,12.972178,16.224798,19.558266,19.6398,24.703272,21.664225,27.355104,29.77174,30.643309,36.33377,36.468212,40.485325,40.56092,44.26018,44.630283,41.94789,41.52758,38.240765,37.45394,32.904797,29.64594,27.711607,24.739544,19.547085,18.473715,13.043966,13.781026,10.108207,13.4014635,13.676816,17.827887,17.583138,21.844622,26.042942,22.913593,25.896606,27.316559,24.539959,23.733715,19.124414,15.558053,13.736755,8.448906,7.0783105,12.380498,9.906501,16.017527,17.585312,19.565441,23.872824,25.368484,29.21126,31.011658,34.754227,38.264503,40.454006,43.26566,44.586266,45.831596,41.700886,39.181713,37.36347,32.976803,35.118126,28.99994,28.392937,25.15576,23.811651,24.602064,22.388502,22.122993,24.811255,22.731247,24.128668,27.164331,27.260746,30.788418,31.562376,35.91696,38.761875,39.618507,37.101974,41.229446,35.670826,39.932194,37.60354,41.305996
2,7.070289,3.9388194,0.0,5.7254558,6.7141304,9.670011,12.538023,17.029013,20.249783,23.70558,26.963022,30.335775,31.233953,29.368868,25.434052,22.1941,18.679544,16.612045,12.7911625,13.320321,10.329965,11.296598,12.586125,14.488756,18.65322,17.785057,23.158653,19.389784,24.79751,27.048832,27.780502,33.204575,33.150692,37.16162,36.984303,40.729416,40.94684,38.21282,37.924904,34.57781,34.083347,29.323475,26.294807,24.246588,21.540037,16.39684,15.287686,10.00632,10.711944,8.338544,11.446179,12.993677,17.117777,16.749016,20.91281,24.983086,21.674435,24.524199,26.582226,23.298405,21.982029,18.041681,13.839621,11.863382,7.908567,4.6149287,8.95894,6.111085,12.207881,13.86519,15.654532,20.026743,21.696072,25.404802,27.40377,30.969027,34.637985,36.75343,39.670906,41.071964,42.42038,38.207935,35.94802,33.97557,29.560274,31.500757,25.472343,24.611217,21.489096,20.113052,21.219757,19.181988,19.599388,22.359861,20.7124,22.034246,24.690237,24.425941,28.025862,28.455574,32.83977,35.511387,36.38132,33.966675,37.99488,32.63701,36.98734,34.742813,38.608173
3,10.788368,7.8788147,5.7254558,0.0,4.5452437,7.4742913,10.612952,15.33114,17.751665,21.937693,24.451744,28.264725,28.452345,26.114534,22.94124,18.94668,15.892237,12.839318,9.100558,8.1765995,4.6259065,6.7310195,7.656667,8.835779,13.396116,12.380893,18.010284,14.168736,19.676584,22.38308,23.83564,28.955103,29.790127,33.239925,33.77843,37.303947,37.82684,35.181908,34.337215,31.213991,29.902916,25.896296,22.141466,20.762955,17.090439,12.206658,10.892435,5.478743,7.3872814,5.6055408,10.347782,11.600701,16.252008,17.52614,20.845848,24.962246,22.570774,25.74134,28.696106,25.80004,23.892715,21.328352,16.21824,15.419367,11.95884,9.35047,11.965158,6.863888,13.214254,12.302934,14.177044,17.924501,18.474665,22.72691,23.884106,28.131758,31.164272,33.63962,36.119785,37.213604,38.420998,34.5693,31.778778,30.268389,25.828243,28.572397,22.456501,22.877577,20.048574,19.724052,21.24449,20.313831,21.168,23.064735,20.979887,21.363834,24.193262,23.013535,27.152128,26.607996,31.350565,34.430607,34.468872,31.791233,35.146313,29.487394,33.483475,30.780188,34.423897
4,12.856006,9.676782,6.7141304,4.5452437,0.0,5.9955544,6.430048,11.981526,14.30754,18.376911,21.08353,24.666903,25.068373,22.947906,19.209719,15.9403715,12.320993,10.230546,6.164815,7.5950537,6.5948796,8.530316,11.296352,11.007913,16.516048,14.600153,20.610937,15.789759,20.532444,23.365232,24.96125,29.123444,29.972055,33.033825,33.13693,36.69836,36.72388,33.805473,33.062447,29.845634,28.959196,25.02452,21.398674,20.428741,16.538244,12.5896435,9.873443,5.8156433,4.149963,3.466016,6.4234705,9.1303005,13.162164,13.951528,17.168627,21.093025,18.526949,21.566534,24.882944,21.85205,19.668783,17.824621,12.377537,12.17308,9.986511,7.9932475,9.857782,6.8224387,11.50928,11.817195,11.93483,16.359423,16.708862,20.824633,22.087288,25.953442,29.143286,31.252632,34.010277,35.464664,36.47226,32.21977,29.6994,27.780958,23.471134,25.677359,19.470327,19.570524,16.336243,15.92819,16.994484,16.129494,16.806559,18.54423,16.574059,17.035946,19.71589,18.707312,22.728493,22.527283,27.155819,30.218225,30.505947,27.885483,31.68105,26.118462,30.372648,28.072742,31.912273
5,16.578978,13.408794,9.670011,7.4742913,5.9955544,0.0,7.161176,8.673041,12.025522,15.479445,18.458067,22.117937,22.947876,21.20455,18.041979,13.714633,11.321306,8.689954,6.86516,8.004323,8.3221855,12.5963545,13.259538,10.950176,16.44722,13.164944,18.74783,13.312516,17.380714,19.334438,20.150003,24.445427,24.520906,28.06363,27.719929,31.426086,31.462154,28.647148,28.303295,24.942858,24.67713,19.8572,16.997374,15.120318,12.618934,8.193884,6.875305,4.19836,5.4217463,9.135436,11.104194,14.6644745,18.179094,18.624928,21.512846,24.962643,22.192385,24.71652,28.493269,24.733156,22.082773,20.876907,15.587648,14.606761,14.2064,10.519693,8.905399,5.0303645,7.378403,5.893416,6.709338,10.7361555,12.037715,15.81282,17.786583,21.385357,25.045887,27.247234,30.130383,31.516218,33.05311,28.89894,26.982998,24.935646,20.42646,22.402323,16.613905,16.03091,13.660193,13.24165,15.733142,15.389142,17.946785,19.924835,19.183926,19.503923,21.092766,19.16164,23.17717,21.864021,26.484991,28.944328,29.186178,26.889612,30.056137,25.109709,29.354643,27.03169,31.101204
6,18.913729,15.750743,12.538023,10.612952,6.430048,7.161176,0.0,6.9244885,8.372447,12.412917,15.039496,18.439007,18.94523,17.098509,12.927162,10.438517,6.3409863,6.2159343,4.0249,8.340844,10.618433,12.973397,16.100225,13.808319,19.819387,16.7407,22.691862,16.936108,20.11308,22.92993,24.775316,27.284473,28.354189,30.591938,30.279602,33.726704,33.15458,29.954634,29.209938,26.013632,25.571346,22.088984,18.690002,18.592123,14.544272,12.721894,8.649818,8.531751,3.8330338,7.7422657,6.1015177,10.444746,12.517512,13.083478,15.098664,18.2044,15.928845,18.501993,22.902775,19.726587,16.713287,17.15323,11.540892,12.570804,13.213788,11.926199,11.19523,10.553502,11.497884,11.991529,9.270348,13.650075,13.098818,16.860514,17.916643,21.269258,24.40917,26.077185,29.053005,30.889956,31.64007,27.003765,24.874767,22.499607,18.448074,20.01771,13.842868,13.947009,10.409976,10.668458,11.451428,11.7952585,13.075652,13.916016,12.553912,12.4311285,14.313497,12.610465,16.749893,16.148718,20.791555,23.856546,24.088394,21.527634,25.509794,20.179205,24.671291,22.840235,26.93057
7,24.00205,20.783787,17.029013,15.33114,11.981526,8.673041,6.9244885,0.0,4.6286197,6.857177,10.380264,13.632096,15.114675,14.21711,10.61407,7.519333,6.0260406,7.0231633,8.75447,12.044774,15.01436,18.694536,20.500341,16.862965,22.602396,18.444763,23.63863,17.485428,19.085999,20.816479,21.849245,23.413382,23.613615,25.877007,24.645771,28.190697,27.164267,23.86593,23.726421,20.331253,21.148476,16.873562,14.866771,14.331121,12.253913,11.829999,9.07314,11.415661,9.072993,14.197524,12.917559,17.332506,18.862007,18.813215,20.348206,22.562435,20.147875,21.791433,26.55302,22.670586,19.225153,20.673794,15.783771,16.044891,18.38215,15.970402,12.491312,12.703104,9.94883,9.822791,4.793164,8.104237,8.1406145,10.699048,12.824095,15.132664,19.075304,20.441887,23.862844,25.942095,27.193893,22.364828,21.402517,18.481966,14.421552,14.886648,9.396768,7.6513095,5.01699,5.7172537,8.761606,10.468931,14.270856,15.151402,15.778146,15.555242,15.48147,12.637441,16.252182,14.133347,18.473335,20.528101,20.88495,18.927986,22.273947,18.119562,22.669798,21.228567,25.636972
8,26.982368,23.761042,20.249783,17.751665,14.30754,12.025522,8.372447,4.6286197,0.0,5.037176,6.7777686,10.542913,11.057762,9.731859,6.3290586,3.3813884,3.2816494,6.2226806,9.395826,12.527946,16.432144,19.617647,21.839905,17.71842,23.32382,19.14077,24.11518,17.999228,18.624435,20.807768,22.669125,22.827847,24.109056,25.150858,24.398703,27.547932,26.367987,22.96775,22.178839,19.129967,19.31966,16.60012,13.96467,15.100761,11.859998,13.419186,9.872282,13.612382,10.625055,15.64426,13.780905,17.67955,18.486168,19.207933,19.67513,21.395945,19.972755,21.579042,26.856743,23.634369,19.974644,22.616299,17.720186,18.95529,21.130194,19.454367,16.712393,16.544815,14.552092,13.610831,8.90732,10.588137,8.164784,10.713782,11.134082,13.698297,16.633032,17.907166,21.052483,23.214266,23.914303,18.987946,17.637619,14.7032795,10.896673,11.671269,5.650605,6.664063,4.4312477,7.6918507,9.486614,12.51487,15.54281,15.071756,15.330495,14.0976515,13.782195,9.912503,13.819694,10.561852,15.235241,17.898544,17.344175,15.038278,18.111385,13.577494,18.10073,16.668983,21.08879
9,30.584892,27.383146,23.70558,21.937693,18.376911,15.479445,12.412917,6.857177,5.037176,0.0,4.6047225,6.8769984,9.285884,9.808153,6.7303,6.838292,8.063034,11.147823,14.163577,17.377628,21.076315,24.44015,26.522936,22.350286,27.858143,23.44749,28.073612,21.975443,21.907598,23.328915,24.502014,23.831057,24.279411,25.16949,23.39075,26.490227,24.58959,21.04489,20.984549,17.911648,19.57156,16.555006,15.557981,16.350237,14.934291,16.878353,14.197297,17.82061,15.093412,20.063246,17.748856,21.910622,22.191689,22.07029,22.372965,23.39551,21.707558,22.514986,27.77386,24.20147,20.450089,23.805151,19.681488,20.684155,23.99446,22.228813,18.467793,19.5149,15.823814,15.725365,10.520045,11.12487,9.699481,9.880288,11.236032,11.576014,15.19761,15.504546,19.277912,21.954308,22.82836,17.5414,17.693356,14.047817,11.111973,9.41425,5.728359,2.3782759,2.479432,6.0073824,7.9832754,11.751541,15.65189,15.124903,16.79878,15.907887,14.148064,10.436603,12.954896,9.351112,12.977737,14.440219,14.578207,13.128427,16.25696,13.403308,17.920012,17.50419,21.959648
10,33.736412,30.515842,26.963022,24.451744,21.08353,18.458067,15.039496,10.380264,6.7777686,4.6047225,0.0,4.3025017,4.9211283,5.5864077,5.0513487,6.2358336,9.271018,12.243987,15.945466,18.604595,22.800535,25.955317,28.013798,23.408386,28.551643,24.13196,28.279932,22.433357,21.342672,22.913929,24.692057,22.645931,24.08412,23.725111,22.494432,25.085577,23.119823,19.597391,18.806202,16.249277,17.259338,16.00879,14.679194,16.882969,14.898019,18.310644,15.522364,20.020279,17.343302,22.28415,20.03128,23.678566,23.662607,24.306133,23.84821,24.514751,23.751614,24.593624,30.137424,27.158329,23.35876,27.297853,23.067627,24.550331,27.44894,25.917988,22.611216,22.950798,19.900618,18.800505,13.968525,13.602397,10.535185,10.480144,9.816358,10.160142,12.250724,12.435903,15.796319,18.514246,18.858267,13.510896,13.501051,9.755779,7.533034,5.642323,3.2281272,5.3476987,6.806468,10.56508,11.803656,15.860948,19.095274,17.690826,18.871069,17.163754,15.349181,10.923939,13.294682,8.040707,11.535251,13.45341,11.961077,10.248101,12.169374,9.389632,13.586407,13.232926,17.62883
11,37.101624,33.90762,30.335775,28.264725,24.666903,22.117937,18.439007,13.632096,10.542913,6.8769984,4.3025017,0.0,4.5159116,7.541456,7.3606143,10.471446,12.975197,16.368776,19.832699,22.756554,26.882387,29.918873,32.17651,27.668818,32.851257,28.41675,32.49251,26.67284,25.352383,26.636774,28.128012,25.483427,26.533403,25.822489,23.98402,26.306677,23.726225,20.210598,19.876238,17.636526,19.527308,18.576344,18.174648,20.236643,18.981977,22.3898,19.72346,24.015354,21.122576,25.896564,23.145258,26.837553,26.26493,26.408424,25.617855,25.623806,24.931387,25.148947,30.625113,27.70659,23.945908,28.575207,24.984545,26.567118,30.120522,28.826378,25.210407,26.33363,22.619423,22.21119,17.181177,16.687658,14.271879,13.135008,12.836551,11.365073,13.198246,12.083125,15.692687,18.871344,18.961782,13.48212,14.824203,10.7956505,10.267248,6.07987,7.4161525,7.1471796,9.113337,12.094079,12.55216,16.75294,19.892809,18.134024,20.065554,18.487782,15.733117,11.809496,12.656308,7.557854,9.1475525,9.869866,8.660543,8.046776,10.092466,9.593667,13.37562,14.349204,18.409943
12,37.824604,34.632298,31.233953,28.452345,25.068373,22.947876,18.94523,15.114675,11.057762,9.285884,4.9211283,4.5159116,0.0,3.749194,6.6034665,9.677988,12.79599,15.845952,19.578926,21.994133,26.410423,29.135757,31.416473,26.724562,31.57144,27.316269,31.1015,25.577229,23.778564,25.479832,27.701775,24.429579,26.61525,25.047642,24.184853,26.131775,23.932121,20.562143,19.227205,17.461884,17.987623,18.594732,17.237785,20.384361,18.085161,22.270075,19.340805,24.09183,21.208735,25.82139,23.283981,26.436443,25.806654,26.80887,25.52997,25.546852,25.653858,26.248222,31.917145,29.561638,25.80195,30.490608,26.507572,28.478739,31.341318,30.244669,27.264856,27.552414,24.781925,23.53548,18.823914,18.205944,14.607,14.250147,12.331968,12.081717,12.165729,11.5841255,14.215435,17.076096,16.445662,11.13891,11.309883,7.588342,7.8392467,5.330446,6.8262515,9.958324,11.406238,15.02534,15.411247,19.636644,22.18415,19.951796,20.954763,18.69334,16.558376,12.151233,13.581603,7.6683764,9.802699,11.915057,8.652509,6.9102287,7.304138,5.557923,9.156207,9.839404,13.917569
13,35.77503,32.609703,29.368868,26.114534,22.947906,21.20455,17.098509,14.21711,9.731859,9.808153,5.5864077,7.541456,3.749194,0.0,5.5763397,7.511912,10.764075,13.3543215,17.12928,19.165613,23.683712,26.195316,28.476202,23.778547,28.473103,24.407047,28.199389,22.809036,21.130222,23.32768,26.082478,23.142654,26.013468,24.45452,24.372684,26.373034,24.738623,21.456324,19.539724,17.74905,17.074114,18.050512,15.579078,19.184366,15.802087,20.123672,16.908358,21.782045,18.947237,23.390936,21.182505,23.980112,23.59016,25.22726,23.927677,24.335966,24.724722,25.820452,31.536783,29.405048,25.6763,29.974718,25.563791,27.667889,29.85685,28.824686,26.40653,25.99637,24.104706,22.328068,17.962866,17.619314,13.377006,14.151907,11.518563,12.948242,12.670904,13.15259,15.20576,17.528261,16.786243,11.890947,10.246385,7.2652907,6.3936696,6.9320087,5.7737727,10.857918,11.525341,15.425239,15.960421,19.994974,22.21737,20.003622,20.184193,17.615005,16.347889,11.68258,14.1482,8.384257,11.73866,14.812678,11.463595,8.876612,9.312357,4.706104,8.583887,7.7108364,12.154096
14,31.800209,28.663275,25.434052,22.94124,19.209719,18.041979,12.927162,10.61407,6.3290586,6.7303,5.0513487,7.3606143,6.6034665,5.5763397,0.0,6.0404963,7.0684395,11.022006,14.012797,17.094072,21.299168,23.603712,26.514305,22.45245,27.835445,23.89756,28.60015,22.752382,22.496075,24.920147,27.314173,25.892172,27.92571,27.616907,26.977585,29.560106,27.865059,24.39307,23.194977,20.753593,20.776237,19.926313,17.417727,19.840536,16.31701,19.115595,15.286622,19.21767,15.558316,19.758234,16.811647,20.018724,19.365927,20.275644,19.278444,19.796392,19.56605,20.610159,26.281816,23.903856,20.157284,24.44519,20.198462,22.41864,25.006655,24.321825,21.992659,22.434713,20.440727,19.932436,15.10713,16.225634,13.059111,14.46951,13.524955,15.007766,16.535769,16.90942,19.777195,22.310911,22.025982,16.872246,15.639035,12.447076,10.336301,10.002087,6.085875,8.749648,7.5610204,11.097172,10.855118,14.766752,16.660484,14.518209,14.859019,12.639496,11.273113,6.5689425,9.745841,4.9308367,9.723147,13.209019,11.732069,8.992356,12.627034,7.933202,12.782422,12.404594,16.768147
15,28.780941,25.57326,22.1941,18.94668,15.9403715,13.714633,10.438517,7.519333,3.3813884,6.838292,6.2358336,10.471446,9.677988,7.511912,6.0404963,0.0,4.497614,6.244567,10.26108,12.483869,16.820602,19.946083,21.909512,17.310942,22.523163,18.286665,22.822378,16.905834,16.70367,19.09622,21.51043,20.870005,22.981897,23.274345,23.12509,25.98434,24.997398,21.68289,20.291546,17.539946,16.913975,15.32091,12.050943,14.31251,10.323327,13.260594,9.767139,14.444131,11.914155,16.882833,15.459285,18.813932,19.651968,21.13774,21.153425,22.791683,22.030663,23.778337,29.204527,26.364752,22.704071,25.526781,20.497293,21.930742,23.59353,21.939676,19.55341,18.565268,17.152908,15.118235,11.010019,11.58516,7.678156,10.4409895,9.339619,12.658445,14.605779,16.239315,18.891958,20.813301,21.286463,16.60417,14.631375,12.064063,8.1185465,10.143896,3.9109917,8.095556,7.2662063,10.889968,12.594788,15.828158,18.584736,17.662966,17.494276,15.683779,15.536791,11.1878,15.150659,10.927648,15.634578,18.601273,17.052813,14.513369,16.582483,11.699464,15.816433,13.862549,18.213255
16,25.09658,21.923199,18.679544,15.892237,12.320993,11.321306,6.3409863,6.0260406,3.2816494,8.063034,9.271018,12.975197,12.79599,10.764075,7.0684395,4.497614,0.0,4.510048,7.021314,10.415874,14.383164,17.002277,19.750792,15.991804,21.713263,17.935255,23.25047,17.251118,18.531748,21.322678,23.659285,24.263573,26.045778,27.059553,26.834919,29.927624,29.022928,25.698538,24.560581,21.637209,21.072615,18.784979,15.337383,16.70176,12.323008,13.345822,9.005531,12.243342,8.526062,13.094465,11.081841,14.661981,15.49337,16.740818,17.123886,19.164415,18.029697,20.069221,25.312412,22.491636,18.96015,21.3675,16.191446,17.845798,19.344088,18.15329,16.406528,15.809649,15.126116,14.249887,10.164631,12.666039,10.118013,13.461383,13.370849,16.589575,19.029217,20.515911,23.336256,25.309753,25.720333,20.97929,18.883242,16.361067,12.588207,14.166702,7.982909,9.895046,7.0751805,9.646996,10.584839,13.088741,15.096141,14.428467,13.70006,12.215438,12.869464,9.298634,13.726633,11.205449,16.130863,19.422493,18.713844,16.017202,19.383608,14.063313,18.52805,16.782635,21.030256
17,22.974035,19.80581,16.612045,12.839318,10.230546,8.689954,6.2159343,7.0231633,6.2226806,11.147823,12.243987,16.368776,15.845952,13.3543215,11.022006,6.244567,4.510048,0.0,4.3439255,6.393443,10.605029,13.884415,15.822203,11.639212,17.304325,13.433801,18.819181,12.827845,14.723814,17.748545,20.26698,21.815327,23.812899,25.26294,25.642168,28.804323,28.537092,25.46913,24.101713,21.171358,19.870733,17.321386,13.146435,14.204771,9.034486,9.31693,4.667836,8.508944,6.0936737,11.11868,11.021042,14.180928,16.313091,18.221413,19.217371,21.931467,20.72534,23.220394,28.127388,25.266088,21.979685,23.234533,17.67372,18.716421,19.020788,17.148159,15.86754,13.556144,14.187131,11.780259,9.175213,11.426137,8.773799,13.166024,12.904419,17.198828,19.511723,21.714678,24.149113,25.59929,26.339643,22.13732,19.476542,17.625326,13.342227,16.162163,9.959542,12.352236,10.196594,12.304826,14.139258,15.951998,18.12717,18.117231,16.912674,15.633376,16.994762,13.692412,18.1877,15.527951,20.474953,23.707136,22.69432,19.959856,22.534813,17.055334,21.026258,18.483603,22.479574
18,18.865492,15.739122,12.7911625,9.100558,6.164815,6.86516,4.0249,8.75447,9.395826,14.163577,15.945466,19.832699,19.578926,17.12928,14.012797,10.26108,7.021314,4.3439255,0.0,4.405317,7.5272436,10.2772,12.983444,10.110958,16.091549,13.055966,19.014904,13.410431,16.821796,20.040718,22.3982,25.0859,26.80692,28.844492,29.253012,32.552788,32.440823,29.42558,28.21129,25.200571,23.887335,20.92829,16.776613,17.079102,12.089921,10.265754,5.812227,6.150901,2.1264029,6.7822623,7.387156,10.443853,13.364466,15.266043,16.984747,20.314726,18.746113,21.63399,26.033827,23.273611,20.368856,20.588354,14.882405,15.820098,15.176762,13.597221,13.568175,10.919706,13.24354,11.813035,10.235934,13.761298,12.3605795,16.769382,17.055658,21.251242,23.816648,25.982077,28.488478,29.921547,30.650084,26.453398,23.676296,21.881615,17.663568,20.296862,14.023687,15.521677,12.618084,13.6694565,14.965364,15.711527,17.029375,17.54063,15.666648,14.929188,17.176,14.89873,19.359844,17.934269,22.82721,26.189808,25.676426,22.877615,26.098333,20.390957,24.464123,21.990128,25.836382
19,18.727314,15.808574,13.320321,8.1765995,7.5950537,8.004323,8.340844,12.044774,12.527946,17.377628,18.604595,22.756554,21.994133,19.165613,17.094072,12.483869,10.415874,6.393443,4.405317,0.0,4.5775623,8.03556,9.474613,5.840631,11.745186,8.901729,14.894857,9.712847,13.835616,17.39659,20.153765,23.427792,25.65117,27.707493,28.866571,32.018723,32.48446,29.763065,28.183987,25.386902,23.234095,20.65683,15.938989,16.319952,10.79136,8.451806,4.9281964,4.857143,5.0355854,7.6459503,10.413154,12.0776,15.740483,18.426056,20.132174,23.667055,22.474604,25.580359,29.796679,27.262482,24.530277,24.251877,18.554878,19.161634,17.416391,15.463439,16.039225,11.724187,15.305069,12.302249,12.335245,14.899916,13.173843,17.897875,17.628284,22.484715,24.548603,27.210218,29.222075,30.164003,30.987709,27.369904,24.058079,22.93292,18.643782,22.176855,16.145561,18.444914,16.148264,17.450981,19.176804,19.945278,21.354,21.895538,19.75609,18.812586,21.28491,18.778366,23.334805,21.399422,26.369047,29.833935,28.813587,25.912016,28.391647,22.552044,26.11662,23.051525,26.538048
20,14.88659,12.212975,10.329965,4.6259065,6.5948796,8.3221855,10.618433,15.01436,16.432144,21.076315,22.800535,26.882387,26.410423,23.683712,21.299168,16.820602,14.383164,10.605029,7.5272436,4.5775623,0.0,5.0958223,5.573896,4.656715,9.97886,8.614199,14.526688,10.524603,15.907008,19.15324,21.408506,25.952785,27.691998,30.465235,31.64359,34.913963,35.651672,33.087055,31.724161,28.857313,26.788557,23.661257,19.23803,18.714201,14.028412,9.986556,8.277858,4.4138703,6.802724,6.5203958,11.114335,11.981077,16.487307,18.914196,21.379362,25.334867,23.743082,27.028685,30.584032,28.029829,25.751688,24.234455,18.761145,18.729338,15.74291,13.568035,15.343378,10.086159,15.421507,12.8236885,14.323583,17.25637,16.60085,21.199139,21.464651,26.237883,28.596888,31.333733,33.390953,34.22205,35.24248,31.73147,28.464417,27.396782,23.037937,26.465332,20.427347,22.043596,19.565634,20.156134,21.860998,21.819221,22.900587,24.060373,21.729176,21.337933,24.182447,22.292366,26.731339,25.394922,30.315815,33.694042,33.02593,30.163538,32.890926,27.044052,30.652723,27.577272,30.972107
21,13.758403,11.698654,11.296598,6.7310195,8.530316,12.5963545,12.973397,18.694536,19.617647,24.44015,25.955317,29.918873,29.135757,26.195316,23.603712,19.946083,17.002277,13.884415,10.2772,8.03556,5.0958223,0.0,5.514223,7.9422884,11.470849,11.965512,17.27105,14.402688,19.653303,23.315573,25.989311,30.302563,32.513943,34.92732,36.393723,39.537483,40.27312,37.661217,36.04141,33.303757,30.854641,28.346628,23.60004,23.594076,18.392282,14.963641,12.715532,9.241453,9.695855,6.2962227,10.90108,9.659281,14.322084,17.440712,19.748625,23.894768,22.820354,26.39698,29.468975,27.705418,25.871311,24.031643,18.886715,19.416283,15.324224,14.647181,17.992773,13.469945,19.316639,17.65447,18.744576,22.05771,21.078978,25.750431,25.655472,30.497019,32.528286,35.18165,37.107307,37.951458,38.576843,35.08674,31.41399,30.508257,26.399727,29.924856,23.775488,25.737494,22.845428,23.4247,24.366041,24.085716,24.04585,24.905535,21.769728,21.339296,24.865402,23.602072,27.90858,27.271328,32.08864,35.85046,35.143974,32.08725,35.119373,28.934076,32.386513,29.336184,32.400112
22,14.704964,12.972178,12.586125,7.656667,11.296352,13.259538,16.100225,20.500341,21.839905,26.522936,28.013798,32.17651,31.416473,28.476202,26.514305,21.909512,19.750792,15.822203,12.983444,9.474613,5.573896,5.514223,0.0,5.650541,6.9923964,8.642266,13.071785,11.546218,17.322342,20.49976,22.813305,28.080698,30.080168,32.95431,34.75913,37.845203,39.10196,36.843597,35.256058,32.621216,29.955292,27.197023,22.641827,22.039062,17.58483,13.444075,13.032894,9.3744955,12.325486,10.522484,15.546272,15.050025,19.765781,22.599035,25.107203,29.231913,27.916368,31.390467,34.49098,32.30147,30.376642,28.196909,23.035349,22.790403,18.697296,16.768633,19.485075,13.7382555,19.832748,16.90051,19.371542,21.826113,21.20845,25.768852,25.75043,30.782099,32.77664,35.7872,37.46683,37.912598,38.9434,35.919426,32.270626,31.707722,27.444653,31.324644,25.462069,27.408197,25.09022,25.675735,27.39583,27.162786,27.956009,29.1794,26.500858,26.102264,29.278746,27.529495,31.978922,30.661955,35.600674,39.119892,38.229874,35.2689,37.689175,31.713064,34.957264,31.561897,34.552933
23,18.63542,16.224798,14.488756,8.835779,11.007913,10.950176,13.808319,16.862965,17.71842,22.350286,23.408386,27.668818,26.724562,23.778547,22.45245,17.310942,15.991804,11.639212,10.110958,5.840631,4.656715,7.9422884,5.650541,0.0,6.0175333,4.1376605,9.999908,6.494643,12.062805,15.487913,18.229519,22.7846,25.139318,27.596416,29.48064,32.483715,33.68529,31.41628,29.675455,27.115545,24.320501,21.829529,17.067366,16.91857,12.033732,8.643523,8.293751,6.8167944,10.117135,10.98265,15.188157,15.867195,20.126295,23.05928,25.052462,28.82255,27.664015,30.923038,34.7816,32.284924,29.801168,28.711992,23.15182,23.157015,20.376604,17.911613,19.024113,13.330726,18.013613,13.858671,15.830609,17.47371,16.150772,20.737125,20.322,25.500032,27.250137,30.359173,31.905867,32.28232,33.37983,30.461603,26.874264,26.397743,22.128654,26.21931,20.626204,23.060328,21.266113,22.434277,24.596727,25.111906,26.684456,27.552523,25.328533,24.48753,27.106785,24.583384,29.152807,26.96198,31.940998,35.336147,34.07425,31.186436,33.050404,27.302586,30.403336,26.897327,29.977503
24,21.30076,19.558266,18.65322,13.396116,16.516048,16.44722,19.819387,22.602396,23.32382,27.858143,28.551643,32.851257,31.57144,28.473103,27.835445,22.523163,21.713263,17.304325,16.091549,11.745186,9.97886,11.470849,6.9923964,6.0175333,0.0,4.892362,6.519921,7.681976,12.6242285,15.641382,18.462852,23.563717,26.326206,28.68953,31.414644,34.058273,35.930084,34.129967,32.09594,29.943552,26.426422,24.589085,19.89498,19.757868,15.561461,12.687579,13.732558,12.441324,16.101702,16.192434,20.735668,20.64713,24.9954,28.28687,30.215437,34.05077,33.169014,36.551567,40.21908,37.933113,35.601776,34.16848,28.731174,28.560575,25.147799,22.667362,24.162807,18.047617,23.035824,18.365942,21.137978,22.019796,20.669302,24.976452,24.152863,29.4851,30.668095,34.08702,35.07134,34.89513,36.05294,33.8882,29.97575,30.175789,26.150352,30.705807,25.57658,28.393234,26.959438,28.232615,30.557558,31.071653,32.63706,33.509296,31.10665,30.157667,32.91892,30.310158,34.905415,32.457798,37.42558,40.87932,39.258884,36.33334,37.597492,31.912474,34.47857,30.622412,33.17959
25,21.950073,19.6398,17.785057,12.380893,14.600153,13.164944,16.7407,18.444763,19.14077,23.44749,24.13196,28.41675,27.316269,24.407047,23.89756,18.286665,17.935255,13.433801,13.055966,8.901729,8.614199,11.965512,8.642266,4.1376605,4.892362,0.0,6.0992165,3.0774798,8.794992,11.937031,14.819829,19.621855,22.213444,24.619375,26.976114,29.779667,31.40252,29.457327,27.570509,25.255741,22.081312,19.858967,15.191508,15.011501,10.744667,8.032279,9.469942,9.5071745,13.286868,14.976083,18.95794,19.88906,23.995438,26.944454,28.781086,32.395855,31.308657,34.454662,38.520477,35.85436,33.2012,32.33385,26.742342,26.566528,24.11005,21.201664,21.597435,15.739209,19.667181,14.463545,16.899591,17.342062,15.835865,20.0925,19.36043,24.636177,26.024271,29.404581,30.575956,30.55661,31.896301,29.510208,25.937038,25.877167,21.714737,26.114286,21.11154,23.817661,22.69717,24.128824,26.75659,27.59442,29.721943,30.551817,28.639751,27.631126,29.903826,26.933508,31.502459,28.655785,33.588837,36.79265,35.20435,32.430073,33.575184,28.160929,30.88766,27.157497,30.041716
26,26.662779,24.703272,23.158653,18.010284,20.610937,18.74783,22.691862,23.63863,24.11518,28.073612,28.279932,32.49251,31.1015,28.199389,28.60015,22.822378,23.25047,18.819181,19.014904,14.894857,14.526688,17.27105,13.071785,9.999908,6.519921,6.0992165,0.0,6.176126,8.472352,10.376198,13.252118,18.270765,21.322817,23.443869,26.7409,29.026567,31.406237,30.083813,27.918955,26.169998,22.318678,20.946491,16.740513,16.641754,13.7446375,12.301476,14.8359785,15.386361,19.337914,20.96754,25.029278,25.7244,29.801985,32.96422,34.661175,38.212444,37.328087,40.474434,44.595627,41.943916,39.25354,38.38499,32.8145,32.491997,29.917543,26.807705,27.023798,21.005272,24.596922,18.818426,21.718494,21.04898,19.46035,23.072933,21.871471,27.060194,27.74179,31.4066,31.89469,31.209593,32.731377,31.298746,27.637012,28.30819,24.546555,29.276983,25.107449,28.14456,27.645712,29.27947,32.200123,33.238026,35.65264,36.430504,34.59631,33.420296,35.56089,32.299637,36.842564,33.479267,38.31123,41.398273,39.39058,36.704834,36.992767,31.944477,34.044125,30.044361,32.40573
27,24.15651,21.664225,19.389784,14.168736,15.789759,13.312516,16.936108,17.485428,17.999228,21.975443,22.433357,26.67284,25.577229,22.809036,22.752382,16.905834,17.251118,12.827845,13.410431,9.712847,10.524603,14.402688,11.546218,6.494643,7.681976,3.0774798,6.176126,0.0,5.9981,9.030703,12.100023,16.585537,19.27144,21.555552,23.936726,26.707428,28.357727,26.470566,24.567875,22.30042,19.127542,16.913584,12.302467,12.225193,8.22663,6.5161576,8.736418,10.272665,13.871143,16.554035,20.031887,21.486746,25.322632,28.113602,29.780918,33.177227,32.07061,35.032066,39.364883,36.499672,33.632446,33.19653,27.56808,27.385748,25.558746,22.405638,22.00017,16.446913,19.357471,13.63111,15.825624,15.4508505,13.671777,17.677246,16.782373,22.035809,23.316957,26.77498,27.859478,27.752071,29.26506,27.009048,23.638922,23.631086,19.504095,23.923544,19.325903,22.119598,21.480833,23.138298,26.053493,27.224257,29.808449,30.54334,28.999147,27.874975,29.741293,26.427254,30.931555,27.621826,32.468166,35.459118,33.731014,31.096195,31.849918,26.764822,29.373888,25.654812,28.585855
28,29.977173,27.355104,24.79751,19.676584,20.532444,17.380714,20.11308,19.085999,18.624435,21.907598,21.342672,25.352383,23.778564,21.130222,22.496075,16.70367,18.531748,14.723814,16.821796,13.835616,15.907008,19.653303,17.322342,12.062805,12.6242285,8.794992,8.472352,5.9981,0.0,4.592245,9.37866,11.410157,15.578112,16.461355,19.70488,21.941414,23.873623,22.293154,19.805813,18.119808,14.013501,13.435521,8.7088,10.330531,7.078029,9.520779,11.585945,15.102297,17.79289,21.334358,23.984596,25.714819,28.952295,31.874977,32.934418,35.857395,35.147594,37.852116,42.64525,39.790443,36.606144,37.086067,31.437468,31.544024,30.471241,27.337193,26.107302,21.187283,22.678413,16.618444,17.850395,15.91927,13.004041,16.084066,13.968408,19.17041,19.345203,23.053246,23.422777,22.803112,24.384447,22.908426,19.52371,20.201868,16.638193,21.42455,18.128809,21.725832,22.089376,24.422577,27.534605,29.465092,32.505344,32.747463,31.577517,30.009916,31.281986,27.350838,31.650639,27.408398,31.952501,34.713978,32.3369,29.902866,29.474537,25.064253,26.930016,23.077644,25.617382
29,32.355488,29.77174,27.048832,22.38308,23.365232,19.334438,22.92993,20.816479,20.807768,23.328915,22.913929,26.636774,25.479832,23.32768,24.920147,19.09622,21.322678,17.748545,20.040718,17.39659,19.15324,23.315573,20.49976,15.487913,15.641382,11.937031,10.376198,9.030703,4.592245,0.0,5.135937,8.005475,11.561798,13.145842,16.47283,18.667841,21.07927,19.978613,17.888065,16.361158,12.813582,11.508656,8.588551,8.854301,9.025267,11.149506,14.372633,17.69072,20.79877,24.6564,27.323137,29.45466,32.768955,35.294827,36.577053,39.455826,38.411377,40.934414,45.72517,42.49767,39.26112,39.639706,34.113106,33.804207,33.074944,29.456839,27.562006,22.798052,23.478376,17.147999,18.84864,15.8849325,13.821873,15.776023,14.204597,18.655241,18.97807,22.70852,22.959017,22.039827,24.263172,23.23276,20.683455,21.35204,18.02416,22.26426,19.833105,22.684683,23.673534,25.7709,29.30566,31.200628,34.78857,35.310783,34.624268,33.254513,34.141983,30.120693,34.23296,29.761616,34.085194,36.339443,34.10481,32.00686,31.198465,27.491919,29.262417,25.64067,28.184458
30,33.145424,30.643309,27.780502,23.83564,24.96125,20.150003,24.775316,21.849245,22.669125,24.502014,24.692057,28.128012,27.701775,26.082478,27.314173,21.51043,23.659285,20.26698,22.3982,20.153765,21.408506,25.989311,22.813305,18.229519,18.462852,14.819829,13.252118,12.100023,9.37866,5.135937,0.0,8.0980625,8.302564,12.283376,14.521896,17.073982,19.692034,18.967955,17.937376,16.212557,14.35139,11.016122,10.57082,8.281451,11.703644,12.4620075,16.600351,19.2596,22.798723,26.81245,29.546783,32.11718,35.59692,37.54232,39.249496,42.181557,40.59453,42.936592,47.558487,43.874084,40.68967,40.700665,35.405853,34.525852,34.1183,29.983738,27.449371,22.962248,22.851511,16.57751,18.97079,15.381083,14.883447,15.816963,15.591035,19.003777,20.181654,23.658588,24.25437,23.410732,26.269299,25.200636,23.65183,23.86445,20.531166,23.888027,21.86284,23.454859,24.77937,26.313463,30.228895,31.806852,35.882256,36.894646,36.70598,35.730106,36.322544,32.43808,36.364586,32.01366,36.168842,37.88726,36.146084,34.374245,33.703373,30.509169,32.55101,29.27684,32.077538
31,39.110733,36.33377,33.204575,28.955103,29.123444,24.445427,27.284473,23.413382,22.827847,23.831057,22.645931,25.483427,24.429579,23.142654,25.892172,20.870005,24.263573,21.815327,25.0859,23.427792,25.952785,30.302563,28.080698,22.7846,23.563717,19.621855,18.270765,16.585537,11.410157,8.005475,8.0980625,0.0,6.750031,5.1906877,9.588026,10.946109,13.766095,13.400333,11.141718,10.689431,7.5933123,8.225798,8.931947,10.046028,13.003818,16.864626,19.532482,23.785362,26.063545,30.689539,32.45013,35.133583,37.83017,40.011856,40.87367,43.174038,42.21224,44.246895,49.37809,45.952423,42.447025,43.725327,38.428215,38.220737,38.5615,34.88409,31.935856,28.235962,27.160187,21.300537,21.828442,17.51501,15.320857,14.916848,12.885051,15.437221,14.651765,18.168066,17.662882,16.140219,19.072327,19.100729,17.980665,18.934488,16.868498,20.127611,20.055876,22.628508,24.886795,27.270382,30.94155,33.445435,37.62228,37.825207,37.902534,36.366714,36.33965,31.941109,35.456886,30.270008,33.842804,35.30756,32.77704,31.313297,29.260736,27.131079,28.188099,25.127005,27.352188
32,39.183525,36.468212,33.150692,29.790127,29.972055,24.520906,28.354189,23.613615,24.109056,24.279411,24.08412,26.533403,26.61525,26.013468,27.92571,22.981897,26.045778,23.812899,26.80692,25.65117,27.691998,32.513943,30.080168,25.139318,26.326206,22.213444,21.322817,19.27144,15.578112,11.561798,8.302564,6.750031,0.0,6.746248,6.7939324,9.505309,12.119791,12.112902,12.286172,11.051495,11.738937,8.097997,11.792646,9.7826395,15.541076,17.830893,21.233286,24.760448,27.3677,32.167397,33.918278,37.149002,40.013172,41.424824,42.824646,45.190228,43.507915,45.290356,50.16367,46.173897,42.763058,43.60708,38.662914,37.79956,38.628124,34.443478,30.72273,27.599665,25.461342,20.04569,21.070604,16.22845,16.048403,14.436896,14.607631,15.599934,16.62841,19.479109,19.94018,19.015444,22.631403,22.046255,22.278524,22.232891,19.911922,21.803234,21.895857,22.615875,25.160904,26.73623,30.798027,32.847065,37.569595,38.400032,39.110813,38.121723,37.74759,33.634113,36.892147,32.058846,35.424305,36.185528,34.508392,33.457233,31.96805,30.331854,32.006996,29.468355,32.213123
33,43.338375,40.485325,37.16162,33.239925,33.033825,28.06363,30.591938,25.877007,25.150858,25.16949,23.725111,25.822489,25.047642,24.45452,27.616907,23.274345,27.059553,25.26294,28.844492,27.707493,30.465235,34.92732,32.95431,27.596416,28.68953,24.619375,23.443869,21.555552,16.461355,13.145842,12.283376,5.1906877,6.746248,0.0,5.83955,5.909163,9.2068615,9.812928,7.9955087,8.759722,7.7436695,9.161439,12.144826,13.061325,16.971386,21.041452,23.487635,27.940216,29.8505,34.782112,36.086628,39.07889,41.46185,43.34208,44.044285,46.0178,45.015594,46.726505,51.960743,48.388626,44.787323,46.492645,41.42239,41.19729,42.14425,38.42271,34.908825,31.858055,29.849072,24.461782,24.453224,19.682713,17.824802,16.0427,14.281611,14.969153,13.671488,16.57043,15.636365,13.804558,17.30327,18.045408,18.305935,19.188898,18.07292,20.219467,21.634739,23.646591,26.557655,28.911459,32.586662,35.314026,39.796173,39.89532,40.470726,38.942806,38.369057,33.897224,36.957233,31.540504,34.536095,35.37755,32.8478,31.8836,29.199884,28.210815,28.898027,26.394001,28.431711
34,43.479618,40.56092,36.984303,33.77843,33.13693,27.719929,30.279602,24.645771,24.398703,23.39075,22.494432,23.98402,24.184853,24.372684,26.977585,23.12509,26.834919,25.642168,29.253012,28.866571,31.64359,36.393723,34.75913,29.48064,31.414644,26.976114,26.7409,23.936726,19.70488,16.47283,14.521896,9.588026,6.7939324,5.83955,0.0,4.0416102,5.3493223,5.787614,7.098289,6.8405743,10.08682,8.339719,13.467151,13.039525,18.293447,21.818306,24.18919,28.465094,30.072853,35.30133,36.15264,39.668076,41.858856,43.05225,43.940113,45.725563,44.26775,45.6122,50.730938,46.793453,43.206753,44.99833,40.31399,39.816933,41.49725,37.631935,33.397728,31.256767,28.07757,23.47468,23.038841,17.967518,17.219353,14.104386,13.866708,12.640258,12.847089,14.853591,15.036731,14.198632,18.172268,17.952644,19.667965,19.44494,18.330761,18.949692,20.96163,21.484068,24.828642,26.70476,30.495457,33.10242,37.97646,38.333286,39.563087,38.384758,37.294662,33.02576,35.659763,30.465754,33.058098,33.17873,31.331795,30.841824,28.56297,28.26201,29.44687,27.610825,30.152578
35,47.178078,44.26018,40.729416,37.303947,36.69836,31.426086,33.726704,28.190697,27.547932,26.490227,25.085577,26.306677,26.131775,26.373034,29.560106,25.98434,29.927624,28.804323,32.552788,32.018723,34.913963,39.537483,37.845203,32.483715,34.058273,29.779667,29.026567,26.707428,21.941414,18.667841,17.073982,10.946109,9.505309,5.909163,4.0416102,0.0,4.304991,6.7775617,7.234585,8.842728,11.096929,11.715184,16.231773,16.577162,21.276789,25.21544,27.479187,31.949594,33.502186,38.70506,39.528927,42.904274,44.98492,46.387806,47.03569,48.68398,47.49263,48.810673,54.045856,50.25145,46.610985,48.66051,43.940205,43.60614,45.251083,41.471867,37.332836,35.089535,32.053005,27.361689,26.851053,21.827444,20.63047,17.59993,16.646353,15.243864,14.145128,15.867482,15.005561,13.43156,17.372568,18.341228,20.265463,20.63712,20.289663,20.936901,23.637625,24.641685,28.106432,30.211887,33.85139,36.66141,41.456802,41.567326,42.751842,41.37126,40.20375,35.811104,38.31899,32.89517,35.224525,35.266357,33.037495,32.6829,29.688257,29.898472,30.463966,28.69855,30.734898
36,47.645702,44.630283,40.94684,37.82684,36.72388,31.462154,33.15458,27.164267,26.367987,24.58959,23.119823,23.726225,23.932121,24.738623,27.865059,24.997398,29.022928,28.537092,32.440823,32.48446,35.651672,40.27312,39.10196,33.68529,35.930084,31.40252,31.406237,28.357727,23.873623,21.07927,19.692034,13.766095,12.119791,9.2068615,5.3493223,4.304991,0.0,3.5774796,6.0598674,7.551898,11.762132,12.005181,16.919806,17.39504,21.980993,26.069262,27.808208,32.430553,33.421276,38.804077,39.083828,42.695957,44.402943,45.478813,45.96537,47.30339,46.073586,47.092644,52.342903,48.517395,44.84823,47.309338,42.854446,42.63512,44.82383,41.221046,36.76273,35.21441,31.531414,27.488188,26.243109,21.307575,20.19972,16.492311,15.870085,13.1109085,12.235879,13.050483,12.665285,11.847227,15.862146,16.279041,19.24924,19.01587,19.110365,18.672379,22.17562,22.626682,26.3863,28.439182,31.88216,34.844025,39.697403,39.668835,41.22547,39.897312,38.31145,34.005802,36.095917,30.723259,32.59243,32.1828,30.16198,30.17041,27.158295,28.061865,28.690306,27.487253,29.682848
