,0,1,2,3,4,5,6,7,8,9,10,11,12,13,14,15,16,17,18,19,20,21,22,23,24,25,26,27,28,29,30,31,32,33,34,35,36,37,38,39,40,41,42,43,44,45,46,47,48,49,50,51,52,53,54,55,56,57,58,59,60,61,62,63,64,65,66,67,68,69,70,71,72,73,74,75,76,77,78,79,80,81,82,83,84,85,86,87,88,89,90,91,92,93,94,95,96,97,98,99,100,101,102,103,104,105,106,107,108,109,110
0,0.0,4.009783,7.55675,9.994155,12.48452,16.115662,17.923841,23.359207,25.856932,29.294714,32.629723,35.907345,36.682728,35.49539,30.403814,28.34469,24.678757,22.762524,19.37644,17.547203,15.5148115,10.510204,13.900059,15.309308,16.36722,15.50296,20.038815,22.920937,26.151714,27.050657,31.25622,32.05368,38.04266,39.74226,41.472996,44.54456,45.297188,42.79043,40.769924,38.263905,35.083214,34.263397,28.871866,30.70086,24.590523,23.15359,22.143019,21.449018,23.053846,21.843227,25.582634,23.683544,27.064877,30.878397,31.77679,35.24411,34.91301,38.397587,41.41922,39.93723,37.931805,37.163376,31.698532,32.88753,28.653765,33.454636,31.00743,29.942688,32.53274,29.534424,32.407482,31.508495,29.574223,34.21032,34.290123,38.580696,41.491665,43.375774,46.11404,48.471653,49.176746,44.097992,42.158463,39.577404,35.798595,36.292694,30.355474,30.166733,26.337984,25.87696,27.03053,29.881115,33.573288,31.653286,35.69517,32.809784,31.753946,27.212738,23.09197,22.7583,19.071095,20.229778,17.538893,14.57497,19.569769,21.62127,25.961916,27.35336,31.38419,33.537933,37.368774
1,4.009783,0.0,5.330423,6.0643,8.954728,12.452305,14.542924,19.861427,22.24527,25.843603,29.021168,32.423412,33.11684,31.78532,26.848787,24.558062,20.877497,18.944454,15.422774,13.762233,11.702568,6.6788373,10.778146,12.377247,14.570023,13.904164,18.726667,20.835094,24.212233,25.33032,29.317284,30.313292,35.77413,37.77207,39.02941,42.281693,42.803127,40.18495,38.481495,35.769566,33.0917,31.668736,26.462292,28.07484,21.93208,20.281574,18.83767,17.981647,19.271086,17.900433,21.586647,19.6932,23.134214,26.878838,27.87193,31.406034,30.95552,34.447113,37.418095,35.948376,33.99008,33.225277,27.776962,29.104847,24.924187,29.931356,27.67796,26.949959,29.65585,26.657925,29.198202,28.193468,25.966505,30.596884,30.52396,34.81596,37.669758,39.47397,42.28193,44.69081,45.452995,40.349308,38.592545,36.01085,32.22651,32.941982,26.902262,27.210215,23.437494,23.248262,24.813265,27.613739,31.536892,30.164368,34.284843,31.846552,31.307219,26.382532,22.38004,21.225956,17.883204,17.921753,15.518164,12.414959,17.15559,19.15538,23.296926,24.497679,28.564644,30.468445,34.42372
2,7.55675,5.330423,0.0,5.5688877,7.211468,9.496066,12.206573,16.552069,19.722239,22.616512,26.276314,29.402588,29.81603,28.743275,23.33788,22.10103,18.243937,17.0882,14.037836,13.127501,12.757513,8.608497,13.931936,14.474865,18.122978,16.373247,22.045753,23.500702,26.246284,26.653482,30.931925,30.98642,36.520725,37.91736,38.899837,42.110138,42.165928,39.281208,37.547134,34.822746,32.446106,31.430264,26.267298,28.57698,22.036312,21.54805,19.090984,19.329351,19.26665,18.143908,20.790318,18.634169,21.139725,25.410501,25.538017,28.681662,28.990448,32.462746,35.849598,34.790188,32.49864,32.778942,27.364758,29.267263,25.877949,30.923567,29.55691,29.233137,31.58583,27.96004,29.875479,28.04757,25.281872,30.028149,29.223091,34.01967,36.224403,38.12872,40.680542,43.286125,43.618896,38.419136,36.732918,34.60608,30.447037,31.75501,25.369389,25.860949,22.209276,21.426144,23.301937,25.379337,29.616358,28.642803,32.7699,30.574003,30.603657,25.119965,21.738403,19.877747,16.54123,15.808115,12.280678,8.148005,12.788343,15.339135,18.876856,21.094494,24.744543,27.171638,30.929224
3,9.994155,6.0643,5.5688877,0.0,4.4685693,6.6730037,9.760227,14.313674,16.720438,20.373552,23.401854,26.930902,27.377838,25.868011,21.0694,18.689058,14.895289,13.219058,9.514357,8.6654,7.436706,3.862543,9.284832,10.557334,14.938189,14.260058,19.339529,19.94962,23.175377,24.343346,27.973085,28.93235,33.507862,35.731766,36.162148,39.640778,39.65366,36.801323,35.600845,32.598606,30.845377,28.63293,23.856897,25.309486,19.159592,17.618767,15.0415745,14.3215475,14.365932,12.742332,15.886666,13.877886,17.115507,20.942656,21.812822,25.352745,24.943472,28.454676,31.483171,30.178762,28.187162,27.796213,22.391731,24.190197,20.43121,25.778843,24.215067,24.225115,26.938292,23.787996,25.491915,24.026508,21.093323,25.723925,25.112492,29.577507,32.10357,33.802,36.645737,39.20821,39.922462,34.745724,33.33005,30.908413,26.998928,28.304726,22.009834,23.275002,19.72729,19.828154,22.14208,24.547554,28.848562,28.47073,32.61571,30.953257,31.317398,25.843248,22.35898,19.853527,17.251694,15.2283325,13.198211,9.965567,13.628605,15.566449,18.976234,20.117533,24.034742,25.640278,29.706738
4,12.48452,8.954728,7.211468,4.4685693,0.0,5.8906727,5.6226025,11.285093,13.375764,17.014112,20.16387,23.510597,24.458633,23.351461,18.63214,16.036552,12.767097,10.51199,8.015587,6.144785,7.3492293,5.9222536,10.545852,9.403861,14.677838,12.740479,18.40568,18.48888,20.90047,21.40345,25.261372,25.497429,30.209429,31.985773,32.393536,35.794266,35.669865,32.746593,31.430601,28.470337,26.745642,24.849094,20.023354,22.001764,15.586429,15.179257,12.118983,13.047489,12.403118,12.489771,14.6956215,13.688081,16.313421,19.745272,20.486614,23.671957,23.204947,26.537525,30.20553,28.519707,26.046902,26.289167,20.775703,22.481564,19.774439,24.231026,23.572382,23.332582,25.279835,21.380539,22.890345,20.882784,18.089626,22.844435,22.259453,26.974884,29.406212,31.457256,33.952473,36.40298,36.871403,31.747974,29.904543,27.571968,23.560844,24.681805,18.35937,19.162184,15.579231,15.427681,17.78884,20.084526,24.419643,24.212086,28.343779,26.903502,27.63151,21.96955,18.818108,15.783861,13.549135,10.839351,9.247527,7.090625,10.197544,11.5464735,15.576964,15.969073,20.117277,21.664982,25.717253
5,16.115662,12.452305,9.496066,6.6730037,5.8906727,0.0,7.0258145,8.39689,11.666275,14.628731,17.873594,21.29772,21.192669,19.670471,14.576707,13.125411,8.9481535,8.7695675,5.8714623,7.6045156,9.336787,9.285759,13.671909,13.839389,19.435083,18.240364,23.45339,22.82323,25.339533,26.033092,29.411697,29.711971,33.50102,35.441257,35.02279,38.572235,37.858932,34.68949,33.926613,30.752594,30.037077,27.530767,23.388855,25.098923,19.117851,18.624931,14.697073,15.042443,12.770846,11.335244,12.363438,10.071499,11.786086,16.1857,16.047623,19.2435,19.58,23.077284,26.48008,25.716297,23.451818,24.31983,19.193523,21.866756,19.37075,24.716505,24.453909,25.311783,27.640026,24.132053,24.609674,22.204597,18.30643,22.805721,21.048847,25.986647,27.61586,29.257055,31.914545,34.758575,35.09926,29.81255,28.824621,26.957918,22.701561,25.057726,18.452007,20.811588,17.814642,17.757048,20.834917,22.224916,26.894989,27.645681,31.65381,30.814766,32.171127,26.21519,23.677258,19.949623,18.197636,14.190676,12.165723,9.061579,10.194633,12.206513,13.830401,15.703275,18.954498,20.593245,24.566101
6,17.923841,14.542924,12.206573,9.760227,5.6226025,7.0258145,0.0,6.9342103,8.21133,11.822418,14.924989,18.117306,19.502016,18.762169,14.444644,11.526878,9.257818,6.5911155,6.7899675,5.216402,9.395811,10.6457615,13.859119,11.185177,17.034103,14.519282,19.933084,18.796398,20.161098,20.027435,23.623308,23.12243,27.190813,28.627066,28.435963,31.853365,31.246471,28.122713,27.068577,23.99143,23.030922,20.944656,16.622736,18.958458,12.738139,13.812395,9.720603,12.570951,10.221468,12.1295395,12.460566,12.7043085,14.130439,16.853207,17.326393,19.967123,19.455639,22.496248,26.807915,24.861464,21.891645,23.093105,17.738417,19.593353,18.47942,21.956316,22.664423,22.65582,23.775486,19.269577,19.880077,16.98493,13.896121,18.617315,17.64319,22.682634,24.726608,27.064362,29.179232,31.59326,31.769014,26.684828,24.619074,22.526926,18.336311,19.700214,13.2290325,14.285052,11.031158,10.827332,13.846934,15.542217,20.092281,20.851477,24.836348,24.216364,25.850836,19.971203,17.753166,13.521216,12.634323,7.693545,7.749928,7.9205413,7.9632783,7.9105663,11.680503,10.748506,15.018471,16.152727,20.271482
7,23.359207,19.861427,16.552069,14.313674,11.285093,8.39689,6.9342103,0.0,4.6580915,6.271636,9.981675,13.06123,13.334021,12.518437,7.5813437,6.6258235,4.4648786,5.67545,7.9786563,9.793562,13.994112,15.964024,19.1452,17.334328,23.345533,21.279512,26.306486,24.445112,25.552265,25.32943,28.317736,27.507742,30.351885,31.616354,30.35097,33.778877,32.2933,28.872227,28.52607,25.331291,25.817448,23.312857,20.219494,22.36923,17.191849,18.606281,13.94419,16.492079,12.331295,13.469951,11.343187,11.298469,10.175005,13.192243,12.024778,13.908852,14.637303,17.57422,22.210564,21.218796,18.061392,20.90911,16.363335,19.319824,19.451307,23.091871,24.833267,25.915344,26.99523,22.797218,21.954386,18.321896,14.057161,18.066637,15.307984,20.763138,21.3898,23.46464,25.393167,28.249403,27.962688,22.723066,21.539425,20.356789,15.768431,18.909561,12.424285,15.445434,13.567536,13.279074,16.906807,16.948818,21.6455,23.795761,27.369795,27.68994,30.212368,24.202011,23.020931,18.19543,18.052029,12.302097,11.953276,11.618942,8.794786,8.814167,8.215434,8.777763,11.33607,12.459359,16.400846
8,25.856932,22.24527,19.722239,16.720438,13.375764,11.666275,8.21133,4.6580915,0.0,4.811752,6.8161163,10.373641,11.768019,11.005522,8.266826,4.10175,5.3370366,4.528426,8.785055,9.856602,14.289957,17.40081,19.395708,16.911247,22.741716,20.851538,25.155714,22.51731,23.138195,22.958597,25.31868,24.680342,26.5859,28.151476,26.372396,29.905434,28.300493,24.908085,25.01199,21.661924,22.852285,19.532728,17.183182,18.813934,14.548245,16.152594,11.537399,14.659567,10.067586,12.7256155,9.733921,11.527825,10.471186,11.502189,11.397141,13.06883,12.43802,14.996446,19.95343,18.060133,14.601129,17.47515,13.041947,15.62865,16.912441,19.42967,21.95846,23.033463,23.563585,19.351746,17.921953,14.045651,9.721884,13.525621,10.880345,16.363525,17.288933,19.646687,21.4833,24.129038,24.0268,18.835154,17.326164,15.829018,11.310048,14.34772,7.8990417,11.7877445,10.5869465,11.228085,14.993911,15.126206,19.489466,22.229649,25.56488,26.461487,29.275288,23.634188,22.695433,17.667805,18.441124,12.368516,13.8533325,14.780952,12.070837,10.852137,10.910797,8.388711,11.144597,10.538381,14.7170725
9,29.294714,25.843603,22.616512,20.373552,17.014112,14.628731,11.822418,6.271636,4.811752,0.0,4.501056,6.851927,7.8702645,8.180316,5.5518107,5.4767017,7.696481,9.045199,12.942139,14.425339,18.878803,21.594784,24.035604,21.528563,27.361568,25.100077,29.614351,26.995169,27.16778,26.445904,28.826492,27.384535,29.088125,29.899036,27.798555,31.05043,28.879263,25.338566,25.561499,22.435247,24.195702,21.578321,19.82728,21.939806,18.122866,20.543884,16.05512,19.434801,14.757286,17.08345,13.48539,14.85533,12.354931,13.296775,11.601525,11.717602,12.542908,14.445303,19.886528,18.700142,14.945712,19.416777,15.975257,18.812319,20.951183,23.025251,26.131548,27.390614,27.568405,23.262486,21.335932,17.043968,12.985432,15.802008,12.222066,17.63227,17.142237,19.52904,20.664639,23.461018,22.59715,17.520716,16.253836,15.904011,11.269706,15.24254,9.843231,13.458738,13.194427,12.994431,16.56505,15.364776,19.569706,22.964397,25.91361,27.28991,30.622425,24.97018,24.826433,19.657265,20.716064,14.668283,15.665628,16.73358,12.80296,11.406095,9.030847,7.178711,7.7608733,7.21573,10.968982
10,32.629723,29.021168,26.276314,23.401854,20.16387,17.873594,14.924989,9.981675,6.8161163,4.501056,0.0,4.000827,5.9138346,6.097277,7.3688583,5.622743,9.714118,10.695198,14.931081,16.433767,20.643023,24.099852,25.707743,23.180008,28.777275,26.953733,30.740292,27.48269,27.412611,26.928722,28.507164,27.431908,27.824604,29.037643,26.140999,29.451288,26.962181,23.489517,24.499092,21.28478,24.100273,20.54478,19.937035,21.220701,18.7001,20.842676,16.667227,19.801323,14.968908,17.652996,13.325514,15.648992,12.86562,11.944054,10.813914,10.225959,9.960819,11.045422,16.72931,15.089934,11.112962,16.246023,13.749609,16.416613,19.752245,20.885765,24.736235,26.330172,26.174877,22.32065,19.56074,15.296104,11.319827,12.91221,8.720738,13.788249,12.741142,15.193402,16.16803,18.974041,18.184095,13.049102,12.137383,12.006168,7.6112075,12.42662,8.356483,13.110537,13.896753,14.570811,17.98525,16.76606,20.353767,24.34644,26.914062,28.882093,32.444942,27.204836,27.232246,22.061207,23.653101,17.597853,19.445,20.797087,17.125366,15.4653845,13.39502,10.4193325,10.450261,7.857142,10.997234
11,35.907345,32.423412,29.402588,26.930902,23.510597,21.29772,18.117306,13.06123,10.373641,6.851927,4.000827,0.0,4.5927567,6.841413,9.345479,9.522308,13.382602,14.545929,18.790283,20.139975,24.474667,27.774416,29.510414,26.699554,32.212376,30.061203,33.874645,30.5779,30.013689,29.058764,30.558592,28.825548,28.937943,29.47497,26.322697,29.295486,26.355701,22.86787,24.030172,21.12259,24.453787,21.519596,21.527449,23.117426,21.121239,23.928207,19.965628,23.493101,18.774559,21.647676,17.274426,19.541454,16.428873,15.3398285,13.689742,11.972273,12.405459,12.487425,18.20054,16.82687,12.840661,18.73097,17.041592,19.427877,23.361973,23.789625,28.070488,29.564238,28.936125,24.96061,21.953611,17.520285,14.259353,15.031051,10.967058,15.2437,13.102185,15.663711,15.598949,18.21824,16.603592,11.953949,10.899699,12.036036,8.297276,13.040161,10.60759,14.379749,15.879158,16.09673,19.112995,17.03522,20.093178,24.57836,26.66389,29.116226,33.06387,28.06628,28.734953,23.591547,25.542747,19.682156,21.571184,23.30104,19.133814,17.191113,14.378849,11.3210535,9.769511,6.440487,8.162584
12,36.682728,33.11684,29.81603,27.377838,24.458633,21.192669,19.502016,13.334021,11.768019,7.8702645,5.9138346,4.5927567,0.0,3.4868977,7.183996,9.670255,12.946188,15.402707,19.14551,21.362467,25.450052,28.604122,30.660095,28.575188,34.325104,32.49228,36.507786,33.33591,33.323334,32.728367,34.310566,32.95288,33.12312,33.95273,30.758945,33.801033,30.840326,27.38302,28.621548,25.688572,28.899298,25.800987,25.518814,26.9419,24.529781,26.712261,22.453497,25.240696,20.266396,22.03103,17.399786,18.861757,14.916726,14.238915,11.364151,8.681653,10.782106,10.866068,16.239302,16.25116,12.781652,19.053862,17.778097,20.858734,24.289225,25.714472,29.650848,31.68826,31.676897,28.09068,25.050465,20.877972,16.961014,17.829319,13.149344,17.256187,14.451485,16.134823,16.461334,19.563923,17.972322,13.344097,13.945662,15.310719,11.841694,17.023836,14.110504,18.488438,19.496746,19.659325,22.922663,20.946386,24.311298,28.598286,30.849718,33.067577,36.90285,31.615337,32.03748,26.849888,28.30985,22.3204,23.372305,24.23373,20.030598,18.797466,14.876076,13.793112,11.793432,9.856546,11.141921
13,35.49539,31.78532,28.743275,25.868011,23.351461,19.670471,18.762169,12.518437,11.005522,8.180316,6.097277,6.841413,3.4868977,0.0,6.057728,7.896768,11.024409,13.844425,17.246092,19.909698,23.643007,26.989677,28.83618,27.275475,33.030674,31.685137,35.51868,32.293858,32.75773,32.674595,34.108913,33.42572,33.451534,34.92297,31.692167,34.97706,32.235825,28.828438,30.195255,27.049946,30.148254,26.400019,25.933453,26.876291,24.360855,25.764244,21.448067,23.514551,18.477266,19.597116,14.819723,16.09226,11.926053,11.039572,7.9788237,5.30081,7.573431,8.191598,13.422269,13.792649,10.648961,16.609978,15.362322,18.809921,21.832937,23.890741,27.508787,29.90501,30.372896,27.21407,24.170826,20.348799,15.978161,16.958162,12.071778,16.162775,13.679998,14.883784,16.063356,19.426788,18.48929,13.57091,14.8422985,15.59283,12.143571,17.475555,14.080479,19.182545,19.829723,20.423084,23.917187,22.52286,26.140524,30.185242,32.705738,34.675392,38.259296,32.842533,32.785793,27.603893,28.780073,22.681461,23.61133,23.966557,20.223574,19.371086,15.812606,15.072483,13.967524,12.2403965,14.227656
14,30.403814,26.848787,23.33788,21.0694,18.63214,14.576707,14.444644,7.5813437,8.266826,5.5518107,7.3688583,9.345479,7.183996,6.057728,0.0,6.334134,7.141557,10.782094,13.575561,16.41353,20.260517,22.781023,25.536242,24.15749,30.144106,28.457037,33.029472,30.527243,31.380125,31.174753,33.463722,32.564697,34.042267,35.255177,32.925373,36.26175,33.969795,30.449186,30.956774,27.79458,29.71273,26.740454,24.996107,26.685827,22.767214,24.242481,19.592602,21.755056,16.878508,17.492228,13.581215,13.657338,9.834069,11.696064,8.254958,7.912132,10.7167,12.912184,17.695293,18.016197,14.934961,19.636978,16.77736,20.403524,21.932323,25.178383,27.871878,29.855803,30.776543,27.103823,25.009254,21.11304,16.468054,18.986141,14.689059,19.730738,18.499844,20.022093,21.570728,24.821815,24.016079,18.916561,19.116196,19.164255,14.868111,19.575605,14.417394,18.784403,18.330227,18.266846,21.903162,20.78208,25.043108,28.334026,31.33695,32.55939,35.758865,29.921738,29.499199,24.427507,24.899384,18.960865,18.85244,18.55184,14.853961,14.66014,10.848321,11.950016,11.55495,11.736424,14.57471
15,28.34469,24.558062,22.10103,18.689058,16.036552,13.125411,11.526878,6.6258235,4.10175,5.4767017,5.622743,9.522308,9.670255,7.896768,6.334134,0.0,4.473175,5.9929967,9.749432,12.059144,15.882599,19.39034,21.067776,19.388485,25.177277,23.95121,27.840734,24.877747,25.804193,26.089344,27.90247,27.791,28.77302,30.79057,28.391644,32.0068,30.113066,26.744,27.458073,24.035814,25.96289,21.945318,20.309818,21.206295,17.704098,18.506613,13.990489,15.984629,10.979818,12.531264,8.321829,10.095436,7.706038,8.00983,7.4729824,9.129185,8.4547205,11.202721,16.044558,14.693802,11.439974,14.837263,11.078934,14.413761,16.052397,18.971775,21.7175,23.587368,24.463064,20.987787,18.873556,15.266047,10.399185,13.295294,9.564626,14.841852,15.084924,16.916246,19.091,22.071548,22.111324,16.801111,16.415545,15.23354,10.97433,15.07079,9.44879,14.583833,14.008532,15.047175,18.781649,18.682636,22.82969,25.960148,29.107267,30.297228,33.23688,27.672012,26.761189,21.742207,22.501617,16.451336,17.643154,17.93763,15.212325,14.442727,13.210279,11.618281,13.180468,12.043356,15.79593
16,24.678757,20.877497,18.243937,14.895289,12.767097,8.9481535,9.257818,4.4648786,5.3370366,7.696481,9.714118,13.382602,12.946188,11.024409,7.141557,4.473175,0.0,4.4466395,6.499748,9.725018,13.216023,16.08213,18.480608,17.54531,23.49636,22.404308,26.757053,24.442797,26.049143,26.582205,28.919802,29.045813,30.94617,33.036842,31.242834,34.89429,33.360466,30.0172,30.26189,26.863981,27.935694,24.31427,21.747469,22.888845,18.372618,18.57659,13.939207,15.183838,10.58241,10.633994,7.644602,7.466095,5.812505,8.923022,8.167985,10.937333,11.084661,14.396123,18.45959,17.697802,15.036284,17.365646,12.987986,16.427608,16.313393,20.622795,22.242174,24.027512,25.61866,22.203585,20.915031,17.736567,12.916182,16.557804,13.463492,18.583641,19.268494,20.82834,23.31577,26.343369,26.51958,21.206314,20.849659,19.465311,15.199516,18.785368,12.577784,16.926392,15.366553,16.036072,19.768946,20.13523,24.644554,27.055891,30.566065,31.096903,33.578938,27.736872,26.279825,21.505632,21.437208,15.696103,15.787196,14.98237,12.971939,13.179452,12.353611,12.489734,14.639766,14.764446,18.658768
17,22.762524,18.944454,17.0882,13.219058,10.51199,8.7695675,6.5911155,5.67545,4.528426,9.045199,10.695198,14.545929,15.402707,13.844425,10.782094,5.9929967,4.4466395,0.0,4.451252,6.0696473,10.075524,13.5361395,15.28086,13.586634,19.492985,18.355558,22.4936,20.058676,21.608011,22.259079,24.593683,24.991674,27.09299,29.434721,27.972082,31.692345,30.57335,27.3747,27.417257,23.985292,24.6193,20.79274,17.895279,18.854607,14.165491,14.149569,9.50333,11.196854,6.7276864,8.431278,6.522461,7.8887625,8.598049,10.359606,11.39461,14.324791,13.076838,16.20716,20.281713,18.378525,15.620889,16.848072,11.695262,14.291981,13.899007,17.733656,19.170479,20.35864,21.752934,18.06754,17.27673,14.314566,9.881602,14.196136,12.33166,17.34352,19.151955,21.0893,23.609772,26.254648,26.754917,21.546148,20.385063,18.276388,14.197607,16.641394,10.202742,13.950243,11.908312,13.106457,16.705688,17.873869,22.243841,24.262901,27.883188,28.221909,30.431883,24.80895,23.02139,18.403957,18.477629,12.889437,13.966692,13.924885,12.717665,12.358314,13.53703,11.983797,15.288787,15.024758,19.229666
18,19.37644,15.422774,14.037836,9.514357,8.015587,5.8714623,6.7899675,7.9786563,8.785055,12.942139,14.931081,18.790283,19.14551,17.246092,13.575561,9.749432,6.499748,4.451252,0.0,4.2527876,6.772976,9.870719,12.011529,11.706509,17.538387,17.070753,21.284502,19.515324,22.00599,23.243444,25.783499,26.828468,29.439077,32.127964,31.112741,34.870033,34.126133,31.058136,30.876587,27.487621,27.488544,23.757608,20.294722,21.024633,15.888762,14.609069,10.461136,10.305028,7.1745677,6.1816535,6.8799024,6.093621,8.801981,11.789432,13.087555,16.676311,15.605502,19.045841,22.312792,20.806395,18.683123,18.820902,13.51431,16.015089,13.717612,18.914053,18.98951,20.18345,22.48007,19.336924,19.334787,17.202017,13.12381,17.470102,16.065248,20.632689,22.781446,24.356054,27.256847,29.940807,30.718374,25.517004,24.620089,22.325787,18.459866,20.612244,14.310986,17.534029,14.917034,16.004808,19.321138,21.03235,25.457226,26.783062,30.631739,30.37517,32.012867,26.364433,23.90068,19.817516,19.025694,14.257434,14.33801,13.014073,13.288452,13.914582,15.645742,15.321229,18.810968,19.1375,23.335238
19,17.547203,13.762233,13.127501,8.6654,6.144785,7.6045156,5.216402,9.793562,9.856602,14.425339,16.433767,20.139975,21.362467,19.909698,16.41353,12.059144,9.725018,6.0696473,4.2527876,0.0,4.6967053,7.9494357,9.646992,7.8650846,13.863247,12.928881,17.33143,15.771071,18.14856,19.287474,22.14172,23.176584,26.41378,29.029722,28.586607,32.26982,31.955906,29.05357,28.4715,25.203188,24.505508,21.098194,17.091042,17.9833,12.393289,11.093263,7.24825,7.9238186,6.2695727,7.514155,9.363826,9.833203,12.806718,14.956577,16.718678,20.084356,18.545588,21.740044,25.259203,23.012495,20.673492,20.384785,14.819039,16.34179,13.998223,18.235315,18.080032,18.291142,20.200096,16.564474,17.413467,15.53449,12.4321785,17.088657,16.766481,21.14959,23.954374,25.911293,28.599522,30.936941,31.774006,26.734232,25.077747,22.409492,18.738972,19.805593,13.692651,15.604986,12.460805,13.649458,16.530027,18.945541,23.137585,23.872435,27.800438,27.216515,28.503073,23.085491,20.287407,16.542784,15.713759,11.529369,12.36741,11.926773,12.988421,13.112181,16.416342,15.029886,19.20487,19.480698,23.736961
20,15.5148115,11.702568,12.757513,7.436706,7.3492293,9.336787,9.395811,13.994112,14.289957,18.878803,20.643023,24.474667,25.450052,23.643007,20.260517,15.882599,13.216023,10.075524,6.772976,4.6967053,0.0,5.0393853,5.279347,6.087428,11.271884,11.968962,15.562349,14.589047,18.123156,20.224943,22.789518,24.911806,28.107235,31.355694,31.179289,34.89876,34.992588,32.331272,31.76822,28.548018,27.514725,23.831171,19.770273,19.892527,14.754796,11.645541,9.328013,7.0298557,7.9303803,6.8740163,10.913586,10.595159,14.749049,16.893908,19.238998,23.030487,21.177412,24.466372,27.188923,25.00108,23.295092,21.773737,16.33,17.430855,13.402855,18.486038,16.823265,16.93486,19.81201,17.204113,18.757807,17.995693,15.378279,19.693989,19.907337,23.639433,26.902878,28.507458,31.570072,33.834675,35.086796,30.139338,28.747574,25.795588,22.519377,23.267792,17.618324,19.444757,16.257051,17.698046,20.17039,23.056278,27.017942,27.246866,31.20355,30.225569,30.91796,25.84831,22.445177,19.491495,18.141,15.132877,15.569899,14.359993,16.58765,17.19552,20.662344,19.683405,23.867865,24.149027,28.409927
21,10.510204,6.6788373,8.608497,3.862543,5.9222536,9.285759,10.6457615,15.964024,17.40081,21.594784,24.099852,27.774416,28.604122,26.989677,22.781023,19.39034,16.08213,13.5361395,9.870719,7.9494357,5.0393853,0.0,5.485997,7.349729,11.344018,11.5254345,15.954346,16.559078,20.195312,21.919064,25.216074,26.889906,31.20914,33.926727,34.43975,37.96677,38.28158,35.634007,34.52966,31.520655,29.67996,27.022202,22.324,23.165224,17.411415,14.926768,13.113228,11.558927,12.799684,11.43364,15.370524,14.069166,17.979755,21.030256,22.711544,26.441614,25.274687,28.694645,31.510326,29.690113,27.884016,26.69523,21.255726,22.468279,18.277555,23.364386,21.298767,20.955564,23.819397,21.040653,23.162218,22.315891,19.902733,24.396084,24.475365,28.482807,31.561922,33.2494,36.21243,38.55133,39.58841,34.55328,32.994766,30.202536,26.665062,27.396013,21.50355,22.578121,19.015236,19.679052,21.768528,24.705822,28.71928,28.195848,32.293575,30.631319,30.767576,25.677164,21.88677,19.667135,17.334646,15.614221,14.726511,12.542376,16.094559,17.40475,21.325533,21.376377,25.607693,26.670895,30.850243
22,13.900059,10.778146,13.931936,9.284832,10.545852,13.671909,13.859119,19.1452,19.395708,24.035604,25.707743,29.510414,30.660095,28.83618,25.536242,21.067776,18.480608,15.28086,12.011529,9.646992,5.279347,5.485997,0.0,5.5803285,7.7863364,10.343136,12.654068,12.87166,17.30319,20.120083,22.51959,25.502314,28.995552,32.601414,33.02412,36.628662,37.302315,34.97447,34.189938,31.166918,29.476067,25.9601,21.728926,21.365639,16.726933,12.555987,12.176247,8.759214,11.934349,10.733685,15.429511,15.064086,19.569338,21.448162,24.157871,28.061945,25.926474,29.136028,31.428524,29.027044,27.662628,25.23608,20.036648,20.36435,15.4719925,20.176382,17.16483,16.442753,19.774946,18.001797,20.575615,20.834923,19.170753,23.166407,24.15786,27.295923,31.06331,32.580753,35.74636,37.772755,39.314625,34.554264,33.007107,29.7655,26.883215,26.93428,21.844158,22.931633,19.634743,21.146778,22.980404,26.416838,29.981356,29.469526,33.388058,31.898891,31.83897,27.36555,23.39449,21.496128,19.75786,18.22064,18.649454,17.40982,20.564507,21.254541,25.33184,24.252483,28.640057,28.94414,33.184826
23,15.309308,12.377247,14.474865,10.557334,9.403861,13.839389,11.185177,17.334328,16.911247,21.528563,23.180008,26.699554,28.575188,27.275475,24.15749,19.388485,17.54531,13.586634,11.706509,7.8650846,6.087428,7.349729,5.5803285,0.0,6.027614,6.094709,9.753181,9.413793,12.8760805,14.975396,17.92408,20.181189,24.23185,27.343952,28.055197,31.544796,32.295918,29.98971,28.902626,26.001482,23.98323,20.915493,16.361542,16.523449,11.430214,8.090831,8.009667,7.1212473,10.239247,11.772044,15.348049,16.17547,20.022314,21.44503,24.034967,27.51707,25.269411,28.230213,31.322325,28.344202,26.356482,24.614391,19.222563,19.163296,15.769792,18.83726,17.088982,15.518655,17.474306,14.32549,17.233719,17.04482,16.089098,20.259876,21.695692,25.023174,28.882296,30.917929,33.608837,35.397423,36.668793,32.036465,29.776833,26.505596,23.647652,23.033808,18.177685,18.19208,14.773326,16.255554,17.712748,21.403204,24.695427,24.039948,27.901613,26.486885,26.561077,22.181816,18.354422,16.36613,15.128283,13.725487,15.253656,15.447317,18.122345,18.01897,22.774374,20.6205,25.239536,25.362696,29.498266
24,16.36722,14.570023,18.122978,14.938189,14.677838,19.435083,17.034103,23.345533,22.741716,27.361568,28.777275,32.212376,34.325104,33.030674,30.144106,25.177277,23.49636,19.492985,17.538387,13.863247,11.271884,11.344018,7.7863364,6.027614,0.0,5.3344436,4.9533825,7.0409493,11.388611,14.413193,16.851204,20.2426,24.440086,27.928127,29.385313,32.61311,34.104424,32.311863,31.016357,28.472141,25.764702,22.977476,18.622398,18.037796,14.346643,10.2811165,12.554144,10.858463,15.244154,16.51534,20.516306,21.418303,25.578194,26.637651,29.626982,33.188766,30.573055,33.392128,36.118675,32.815674,31.138582,28.547958,23.516033,22.633131,18.816936,20.960833,18.13444,15.404245,17.318844,15.281825,19.2704,20.288675,20.490648,24.076637,26.347538,28.925043,33.283268,35.25257,37.959427,39.402817,40.975754,36.65363,34.19122,30.645792,28.351856,26.913717,22.969141,22.214184,19.018126,20.591475,21.196054,25.329596,27.910618,26.45628,30.050089,28.163397,27.32867,24.041285,19.797047,19.262733,17.943209,18.21414,19.88827,20.253544,23.45109,23.294369,28.445213,26.030037,30.726646,30.721766,34.747414
25,15.50296,13.904164,16.373247,14.260058,12.740479,18.240364,14.519282,21.279512,20.851538,25.100077,26.953733,30.061203,32.49228,31.685137,28.457037,23.95121,22.404308,18.355558,17.070753,12.928881,11.968962,11.5254345,10.343136,6.094709,5.3344436,0.0,6.369261,8.47409,10.715541,11.862478,15.77626,17.368876,22.951862,25.28082,27.226748,30.248545,31.643953,29.698862,27.830223,25.469612,22.131023,20.585897,15.5162525,16.386099,11.569604,9.846878,11.4577875,12.268176,15.478864,17.803104,21.026415,22.058512,25.61531,27.00277,29.394737,32.597553,30.444553,33.219196,36.684544,33.382317,31.103079,29.599054,24.329329,23.75973,21.026726,22.70812,21.128363,18.407352,19.22174,15.621534,19.463627,19.45175,19.735567,23.668646,25.682507,28.859455,32.850235,35.23706,37.512753,38.97476,40.05918,35.686546,32.723125,29.449617,26.81344,25.269821,21.106707,19.341291,15.890478,16.754372,16.915836,21.069803,23.590303,21.698637,25.39818,23.219357,22.366133,18.840935,14.524861,14.2115965,12.75772,13.859696,15.701538,16.887337,19.962664,19.492025,25.121279,22.542496,27.284971,27.626232,31.475143
26,20.038815,18.726667,22.045753,19.339529,18.40568,23.45339,19.933084,26.306486,25.155714,29.614351,30.740292,33.874645,36.507786,35.51868,33.029472,27.840734,26.757053,22.4936,21.284502,17.33143,15.562349,15.954346,12.654068,9.753181,4.9533825,6.369261,0.0,5.0765886,8.135072,11.200048,13.326727,17.043444,21.446108,24.839571,26.925198,29.82945,31.849087,30.48127,28.94825,26.791649,23.580175,21.269146,17.220642,16.355423,13.952471,10.601954,14.168542,13.606331,17.98168,20.292683,23.782335,25.320967,29.2216,29.753538,32.87352,36.18119,33.290916,35.810062,38.729008,34.944798,33.13213,30.514961,25.766884,24.24142,21.299364,21.821081,19.441458,15.766138,16.37515,14.289186,18.873718,20.341938,21.706562,24.796583,27.755833,29.865047,34.46108,36.649193,39.021004,40.066204,41.64654,37.696358,34.747486,31.099144,29.290747,26.965952,23.990103,22.203554,19.373701,20.998165,20.796219,25.16088,26.946089,25.038525,28.241117,26.284914,25.046843,22.771412,18.6795,18.989744,18.287241,19.414206,21.87906,23.169426,26.055801,25.361145,30.824903,27.60375,32.299347,31.9943,35.785
27,22.920937,20.835094,23.500702,19.94962,18.48888,22.82323,18.796398,24.445112,22.51731,26.995169,27.48269,30.5779,33.33591,32.293858,30.527243,24.877747,24.442797,20.058676,19.515324,15.771071,14.589047,16.559078,12.87166,9.413793,7.0409493,8.47409,5.0765886,0.0,5.104573,9.483257,10.331558,15.004801,17.874943,22.10462,23.311255,26.524681,28.278416,26.871675,25.948513,23.524714,21.270185,17.630964,14.347281,12.337941,11.055969,6.6596246,11.006872,10.486571,14.786015,17.84167,20.74222,23.011976,26.665125,26.418829,29.853758,32.999836,29.678102,31.924307,34.743984,30.655617,28.931082,26.106377,21.655907,19.713896,17.431675,17.015009,15.202161,11.379976,11.483507,9.302578,13.90175,15.796659,17.564043,20.19617,23.52553,25.170685,29.935024,32.07392,34.41555,35.313496,37.06207,33.295876,30.436049,26.655416,25.241394,22.708796,20.31233,18.955406,16.617666,18.958775,19.10077,23.326237,25.070555,24.068178,27.137815,26.023577,25.621618,23.103106,19.59599,18.825232,19.005955,18.73951,21.982643,23.619938,25.678705,24.596891,29.583805,25.70358,30.238634,29.306664,33.06943
28,26.151714,24.212233,26.246284,23.175377,20.90047,25.339533,20.161098,25.552265,23.138195,27.16778,27.412611,30.013689,33.323334,32.75773,31.380125,25.804193,26.049143,21.608011,22.00599,18.14856,18.123156,20.195312,17.30319,12.8760805,11.388611,10.715541,8.135072,5.104573,0.0,4.9483814,5.463353,10.090751,13.333627,17.19394,18.929583,21.876196,23.968174,22.85499,21.647072,19.589169,16.957575,13.867752,11.019277,8.980944,9.446374,7.701402,12.13121,13.632495,16.921875,21.03943,23.045725,25.845085,28.913683,28.294882,31.519848,34.203808,30.869173,32.748024,36.021786,31.585035,29.489954,27.28368,23.141855,20.903368,20.133902,18.141302,17.761911,13.762118,11.795618,8.366593,12.988568,14.632721,17.563723,19.677708,23.427008,24.836441,29.50961,32.003952,33.781277,34.309612,35.81227,32.434025,28.963877,25.27792,24.267218,20.869083,19.548445,16.916283,15.175408,17.422098,16.740341,20.948599,21.832832,20.684767,23.29527,22.460154,22.162632,20.421732,17.557854,17.104387,18.219366,18.332026,22.349337,24.949028,26.397835,24.708885,29.779192,25.086054,29.441605,28.211493,31.601767
29,27.050657,25.33032,26.653482,24.343346,21.40345,26.033092,20.027435,25.32943,22.958597,26.445904,26.928722,29.058764,32.728367,32.674595,31.174753,26.089344,26.582205,22.259079,23.243444,19.287474,20.224943,21.919064,20.120083,14.975396,14.413193,11.862478,11.200048,9.483257,4.9483814,0.0,5.3928647,5.881943,11.807839,13.830616,16.533228,19.092333,21.266634,20.135641,18.126238,16.468843,12.773445,11.577458,8.155688,8.217017,8.426099,9.993468,13.333019,16.505522,18.807396,23.464285,24.875607,27.712618,30.253235,29.846617,32.536095,34.826763,31.902777,33.65097,37.523357,33.11903,30.522818,29.336763,25.147175,23.234613,23.338293,21.150215,21.745653,18.087149,15.537645,10.993975,14.77523,15.180629,18.309145,20.497929,23.974089,25.804655,30.019466,32.890533,34.153446,34.605984,35.59977,32.32721,28.308384,24.970602,23.808184,20.115883,19.043383,15.052102,13.5137005,15.0522375,13.440933,17.597446,17.841282,16.168375,18.582954,17.66274,17.416382,16.104485,13.810763,13.780444,15.565894,16.366974,20.728786,24.105371,25.133904,23.034447,28.267076,23.23059,27.427015,26.35114,29.390623
30,31.25622,29.317284,30.931925,27.973085,25.261372,29.411697,23.623308,28.317736,25.31868,28.826492,28.507164,30.558592,34.310566,34.108913,33.463722,27.90247,28.919802,24.593683,25.783499,22.14172,22.789518,25.216074,22.51959,17.92408,16.851204,15.77626,13.326727,10.331558,5.463353,5.3928647,0.0,6.855031,8.333335,12.518632,14.496686,17.087116,19.674393,19.170742,18.085312,16.559544,14.19798,11.212288,10.37127,7.5460105,11.289112,11.422445,15.380239,17.67107,20.17859,24.883114,26.074888,29.40224,31.943394,30.681139,33.86806,36.077034,32.55068,33.91584,37.316162,32.511345,30.318386,28.403435,24.959988,22.26964,22.898891,19.240847,20.054087,16.088299,12.426294,9.2023,12.861763,14.635815,18.724586,19.761988,23.994602,24.652403,29.234144,31.892143,33.098778,33.090286,34.509758,31.787489,27.898083,24.328672,24.143353,19.828333,20.215416,16.806473,16.207155,18.479898,17.161823,20.925226,20.680786,19.813953,21.567154,21.464474,21.50378,20.84422,19.031063,18.701725,20.770441,20.824085,25.401985,28.640987,29.39827,27.202717,31.97265,26.526073,30.466408,28.691994,31.58421
31,32.05368,30.313292,30.98642,28.93235,25.497429,29.711971,23.12243,27.507742,24.680342,27.384535,27.431908,28.825548,32.95288,33.42572,32.564697,27.791,29.045813,24.991674,26.828468,23.176584,24.911806,26.889906,25.502314,20.181189,20.2426,17.368876,17.043444,15.004801,10.090751,5.881943,6.855031,0.0,8.301072,8.175507,11.848591,13.778883,16.27371,15.591002,13.120006,12.267728,8.128278,8.787807,7.5804753,8.379117,10.956264,14.299196,16.872583,20.875504,22.240183,27.425858,27.938107,31.184258,33.044086,32.176258,34.579903,36.27219,33.406425,34.64981,38.835594,34.231674,31.374393,30.914658,27.313766,25.268764,26.727146,23.392931,25.180105,21.76442,18.154171,13.553377,16.042831,15.870836,19.720335,21.021729,24.581322,25.99492,29.783264,32.90777,33.450367,33.459034,34.08981,31.435013,26.89399,23.938663,23.392118,18.975908,19.488293,14.478034,14.278181,15.456643,12.999709,16.302746,15.024755,13.630392,14.908219,15.000586,15.478798,15.420434,14.837372,14.799682,17.710506,18.347605,23.131384,27.189877,27.32579,24.672703,29.43711,23.69893,27.285295,25.765078,28.116367
32,38.04266,35.77413,36.520725,33.507862,30.209429,33.50102,27.190813,30.351885,26.5859,29.088125,27.824604,28.937943,33.12312,33.451534,34.042267,28.77302,30.94617,27.09299,29.439077,26.41378,28.107235,31.20914,28.995552,24.23185,24.440086,22.951862,21.446108,17.874943,13.333627,11.807839,8.333335,8.301072,0.0,6.692251,6.796031,9.294985,11.993757,12.307033,12.261935,11.4093895,11.382447,7.863239,11.301527,8.441983,14.687295,16.622509,19.275085,22.471773,23.489277,28.77608,28.561945,32.515076,34.044155,31.881372,34.782154,36.131584,32.516987,33.034336,36.60641,31.524155,29.173359,28.134306,25.862415,22.97419,25.744701,20.431108,23.245153,20.196566,15.374003,12.44136,13.237083,14.248143,19.166693,18.524448,22.883635,22.511816,26.479755,29.311586,29.536028,28.794044,29.919727,28.24762,23.935137,20.839918,21.92452,16.702967,19.711752,15.995636,17.302217,19.550575,18.041746,20.467442,18.925848,19.51093,19.96953,21.603432,22.947823,22.882399,22.719053,21.635153,24.797945,23.88703,28.944677,32.768448,32.29064,29.500546,33.29929,27.034632,30.041565,27.376135,29.39911
33,39.74226,37.77207,37.91736,35.731766,31.985773,35.441257,28.627066,31.616354,28.151476,29.899036,29.037643,29.47497,33.95273,34.92297,35.255177,30.79057,33.036842,29.434721,32.127964,29.029722,31.355694,33.926727,32.601414,27.343952,27.928127,25.28082,24.839571,22.10462,17.19394,13.830616,12.518632,8.175507,6.692251,0.0,5.7887244,5.929757,9.232476,9.968387,7.9067936,8.9046335,7.4674144,8.989044,12.068218,12.148498,16.757614,20.480415,22.429306,26.662268,27.122438,32.63705,32.105644,35.865234,36.934372,35.22795,37.435345,38.356106,35.39387,35.834076,40.04713,35.225193,32.34097,32.51665,30.041677,27.742455,30.785915,26.036589,29.130682,26.200087,21.660297,17.803581,18.466774,18.02179,22.434546,22.187254,25.786797,26.141617,29.272776,32.464428,32.04196,31.287891,31.589489,30.105417,25.229364,22.902105,23.626898,18.526579,21.514526,16.520302,18.125225,19.24475,16.780357,18.386366,15.4587,15.646141,14.931038,17.086872,18.787903,19.808086,20.888418,20.325176,23.953579,23.755919,28.745483,33.146774,32.258644,29.160337,32.90959,26.552067,29.098337,26.739098,28.06852
34,41.472996,39.02941,38.899837,36.162148,32.393536,35.02279,28.435963,30.35097,26.372396,27.798555,26.140999,26.322697,30.758945,31.692167,32.925373,28.391644,31.242834,27.972082,31.112741,28.586607,31.179289,34.43975,33.02412,28.055197,29.385313,27.226748,26.925198,23.311255,18.929583,16.533228,14.496686,11.848591,6.796031,5.7887244,0.0,4.0054593,5.2499304,5.8454237,6.8734694,6.8686237,9.657491,7.556022,12.729218,11.694209,17.144041,20.527555,21.884249,25.947857,25.69909,31.227974,29.976986,34.06311,34.666836,32.28744,34.5309,35.100563,31.90325,31.88032,35.877136,30.973225,28.237532,28.598436,26.894321,24.512465,28.522114,23.156757,27.141481,24.932734,20.255627,16.817446,15.968648,15.311813,19.798197,18.497696,22.09103,21.68862,24.541677,27.63166,26.91779,25.877949,26.260965,25.22907,20.481636,18.267248,19.832558,14.530321,18.945843,14.996958,17.543283,19.23728,17.689215,18.660137,16.232101,18.155983,17.672075,20.672789,23.206915,23.10556,24.196299,22.457731,26.207556,24.64083,29.726028,33.914833,32.452858,29.29538,32.20616,25.636637,27.712677,24.626837,25.7715
35,44.54456,42.281693,42.110138,39.640778,35.794266,38.572235,31.853365,33.778877,29.905434,31.05043,29.451288,29.295486,33.801033,34.97706,36.26175,32.0068,34.89429,31.692345,34.870033,32.26982,34.89876,37.96677,36.628662,31.544796,32.61311,30.248545,29.82945,26.524681,21.876196,19.092333,17.087116,13.778883,9.294985,5.929757,4.0054593,0.0,4.351768,6.927711,7.2522755,9.003065,11.050724,11.175283,15.888635,15.351142,20.575546,24.173382,25.63969,29.795874,29.617147,35.166035,33.910275,37.96248,38.475075,36.132908,38.224304,38.610992,35.560402,35.39525,39.436867,34.573795,31.819319,32.381786,30.835226,28.456863,32.510876,27.030018,30.960472,28.600195,23.789131,20.55445,19.906425,19.303024,23.717676,22.35981,25.79295,25.279413,27.80946,30.884302,29.808395,28.503664,28.633543,28.090624,23.280342,21.49489,23.21367,18.030825,22.576088,18.338541,20.891935,22.174328,20.207054,20.834526,17.648865,19.226746,17.888468,21.097158,23.535456,24.360859,25.93533,24.706766,28.55666,27.492342,32.519154,36.907787,35.38215,32.13151,35.02454,28.460598,30.263594,27.26817,27.95687
