,0,1,2,3,4,5,6,7,8,9,10,11,12,13,14,15,16,17,18,19,20,21,22,23,24,25,26,27,28,29,30,31,32,33,34,35,36,37,38,39,40,41,42,43,44,45,46,47,48,49,50,51,52,53,54,55,56,57,58,59,60,61,62,63,64,65,66,67,68,69,70,71,72,73,74,75,76,77,78,79,80,81,82,83,84,85,86,87,88,89,90,91,92,93,94,95,96,97,98,99,100,101,102,103,104,105,106,107,108,109,110
0,0.0,4.454537,6.372875,9.694128,12.661263,14.745494,18.148088,21.479998,25.081108,28.34299,32.936607,33.863167,36.546402,39.394768,35.738575,31.02394,30.15662,25.72613,23.56314,20.82888,18.233353,19.198603,14.321578,12.320223,14.578413,13.6481285,18.278845,20.12228,19.729364,24.311474,23.494385,31.461987,30.438765,35.777367,35.55552,39.07247,39.638187,37.596687,38.493774,35.24639,36.158554,29.454727,29.858583,24.552921,26.988655,22.736176,24.358145,26.26507,29.535757,33.354828,33.55212,37.87885,41.502914,41.982693,41.520496,38.552086,39.145496,40.25975,45.792004,42.269024,38.962574,38.787613,36.241497,36.230675,35.422516,36.39303,33.450764,31.116714,26.281076,26.67985,26.555252,29.96756,30.009304,33.9077,33.266582,38.3575,38.758152,42.63065,41.883244,42.38915,41.368263,37.960163,33.728275,31.164967,27.225662,26.203356,21.250195,19.472069,16.73678,14.257504,13.926,15.1181,20.113457,22.931498,26.364109,28.543728,31.949057,31.980371,27.228054,29.377514,22.727564,26.029493,23.50557,22.24657,26.055496,26.615252,30.649664,28.453732,33.027294,32.64672,36.675472
1,4.454537,0.0,5.2779183,6.674623,9.292601,12.214424,14.6672945,18.845972,21.93082,25.770983,29.815094,31.088037,33.513004,36.06481,32.58845,27.608282,27.183874,22.38334,21.064785,18.2115,16.170164,17.857283,13.449426,10.376601,13.584637,11.621357,15.866412,16.924416,15.84604,20.391855,19.180431,27.101885,25.985607,31.341118,31.127703,34.627697,35.256153,33.273994,34.16346,30.9672,31.905748,25.283815,25.894836,20.676796,23.498238,19.635172,21.929882,23.95116,26.669676,30.875992,30.446257,34.93109,38.494305,38.79598,37.987152,34.88099,35.541054,36.426826,41.99406,38.60681,35.22948,35.511097,33.14052,33.493004,32.937675,34.23749,31.736881,29.646639,24.76834,24.631691,23.607708,26.97585,26.478628,30.461418,29.432037,34.65493,34.798378,38.63985,37.825817,38.431503,37.649887,34.146263,29.868717,27.299212,23.30192,22.247862,17.180195,15.225426,12.307452,9.870831,9.90693,11.655931,16.518555,18.846016,22.549583,24.533243,27.918463,27.747477,23.059637,25.311901,18.93792,22.074972,20.036686,19.17649,22.852217,23.008684,27.225391,24.48788,29.087267,28.554438,32.482113
2,6.372875,5.2779183,0.0,4.929478,7.1093154,9.289378,12.413889,15.32411,19.119148,22.094574,26.998444,27.60714,30.419153,33.343468,29.55148,25.036795,23.90856,19.76289,17.240538,14.866531,12.022284,13.664335,9.360167,7.9836044,12.2546425,11.807672,16.6797,17.533426,17.252413,20.835922,20.791958,28.291315,27.392519,32.406773,31.896715,35.54629,35.64688,33.24434,34.04894,30.631565,31.81703,24.77686,25.281324,19.67215,22.518505,18.917393,19.991077,23.116673,25.965364,29.90506,29.292885,34.280415,37.39799,37.230324,37.15584,34.29763,34.24284,35.313183,40.641308,36.782257,33.60566,33.16586,30.815575,30.538462,30.289516,30.654621,27.90869,26.21311,21.08321,20.776524,21.015482,24.046185,24.376598,28.03374,27.750835,32.607933,33.35289,37.249702,36.704956,37.183353,35.980297,32.941536,28.49076,26.315786,22.09672,21.965406,16.580715,16.064356,13.961893,12.732346,13.448573,16.116095,20.769537,22.196892,26.041628,27.575975,30.723555,30.007603,25.28182,26.66539,20.20251,22.382566,19.753891,18.16056,21.300125,22.02313,25.25359,23.492329,27.859638,27.55708,31.803228
3,9.694128,6.674623,4.929478,0.0,4.1352115,5.5702143,9.110149,12.396431,15.576913,19.369778,23.374128,24.75741,27.15266,29.9861,26.67043,21.782227,21.351166,17.10485,15.609459,13.951603,11.615211,14.8259,11.775503,9.832121,15.039996,13.631119,17.727093,17.3694,15.872452,19.023916,18.042269,25.138237,23.470892,28.739645,27.697975,31.418514,31.32293,28.972357,30.164925,26.766403,28.568218,21.49001,22.79466,17.186235,21.161268,18.573895,20.374668,23.894552,25.856619,30.274303,28.573582,33.92146,36.78873,36.109093,35.619267,32.56609,32.33109,32.87859,38.129604,34.263645,31.049711,31.32052,29.461718,29.510555,30.017645,30.303162,28.215874,27.233469,22.01334,20.537167,19.914675,22.395815,21.95786,25.431332,24.528286,29.394262,29.56248,33.471043,32.614887,32.921345,31.722382,28.423986,24.19119,21.71534,17.806753,17.155388,12.169955,11.500552,10.156197,9.90906,11.982344,14.848055,18.7502,19.527018,23.96105,25.184372,28.303072,27.197824,22.830097,24.511288,18.877028,20.401102,18.788675,17.79815,20.328234,20.380644,23.36576,20.656343,24.888676,23.93394,28.134182
4,12.661263,9.292601,7.1093154,4.1352115,0.0,5.7086983,5.4875383,10.056342,12.885806,16.793983,20.869904,21.918777,24.354557,26.865023,23.301376,18.403301,17.919231,13.278029,12.22311,10.129516,8.526832,12.089769,10.045786,7.897202,13.454165,12.067918,15.624059,14.58079,13.33593,15.6791935,15.589886,22.311117,21.302425,26.047964,25.296167,28.985374,28.847433,26.300705,27.076054,23.614424,25.108192,17.941685,18.961483,13.264956,17.220402,15.028271,16.749601,20.651001,22.247492,26.705666,24.640263,30.17428,32.85107,32.01614,31.633356,28.650003,28.264576,28.908482,34.153126,30.277653,27.065357,27.228403,25.335917,25.48435,26.045546,26.531525,24.69225,23.840815,18.71926,16.975239,15.833978,18.391392,17.931181,21.548702,20.819536,25.764362,26.285076,30.178364,29.627016,30.216803,29.247408,26.271091,21.605352,19.675537,15.141617,15.695784,9.782232,10.431203,9.136152,9.7650585,11.763519,15.363683,18.887438,18.672403,22.851147,23.635208,26.449856,25.000341,20.622425,21.584269,16.092997,16.944725,15.22315,14.161553,16.322695,16.41571,19.243261,16.810335,21.057276,20.487001,24.757935
5,14.745494,12.214424,9.289378,5.5702143,5.7086983,0.0,7.137239,7.629299,11.050468,14.47726,18.492487,19.9679,22.35011,25.609707,22.53607,17.954418,17.430525,14.299179,12.41957,12.664684,10.145011,14.516692,13.179732,12.732213,18.379671,17.556717,21.315928,20.15222,18.563412,20.359262,19.657602,25.562006,23.423145,28.394442,26.539192,30.354624,29.510216,26.846878,28.367275,24.868242,27.534094,20.321693,22.260292,16.674065,21.415897,20.098629,21.221577,25.77421,27.109245,31.477446,28.817713,34.73693,36.923622,35.370728,35.24638,32.344105,31.241762,31.461094,36.261242,31.951237,29.005213,29.18419,27.897741,27.548498,29.096846,28.243698,26.567366,26.708605,21.409271,18.679226,18.773869,20.08604,19.852446,22.539646,21.883837,26.14366,26.353897,30.263115,29.35887,29.26813,27.522028,24.51627,20.501543,18.181448,14.682829,14.515719,10.407641,11.449397,12.044995,13.396931,16.24359,19.325758,22.485168,22.294727,27.007425,27.667604,30.479753,28.705004,24.808475,25.965408,21.239655,21.369644,20.192736,19.118906,20.416954,20.430033,21.92063,19.487993,23.068872,21.67544,26.0281
6,18.148088,14.6672945,12.413889,9.110149,5.4875383,7.137239,0.0,6.580902,7.998475,12.4084,15.879293,17.015852,19.216858,21.460848,17.988472,12.946331,12.847141,8.103516,8.513243,7.673649,7.7017746,12.216951,12.464763,11.134106,16.385944,15.151778,17.540653,15.224803,13.733527,14.098351,14.545463,19.687912,18.737906,22.820288,21.708225,25.398436,24.770075,21.91247,22.595612,19.036694,20.96656,13.673267,15.2025385,9.6040945,14.5449915,14.208485,15.706679,20.377422,20.848362,25.374048,22.034546,28.065758,30.077545,28.43865,28.128199,25.222853,24.162514,24.456453,29.426428,25.326422,22.222696,22.62781,21.271397,21.514757,23.027466,23.133738,22.11256,22.266226,17.40968,14.288742,12.430916,13.994985,13.088311,16.358389,15.566903,20.34987,20.967733,24.866945,24.459194,25.093601,24.149551,21.533806,16.596306,15.270098,10.345879,12.450473,6.431908,9.583227,9.948645,12.230802,14.694913,18.473202,20.941984,19.354147,23.4753,23.485954,25.786314,23.593277,19.793247,19.9356,15.819871,14.851087,13.967238,13.224721,13.763709,13.462681,14.998428,12.4738,16.256191,15.513131,19.928345
7,21.479998,18.845972,15.32411,12.396431,10.056342,7.629299,6.580902,0.0,4.741908,6.9759474,11.953942,12.484596,15.216803,18.628664,15.227172,11.333763,10.11825,8.717406,6.462192,9.518294,8.287552,13.077487,14.566861,15.327793,20.62463,20.455465,23.32584,21.257835,20.226797,19.965134,20.696463,24.733652,23.266253,26.95376,24.900806,28.568491,26.995264,23.821396,24.938492,21.39688,24.310295,17.342976,19.258272,14.271611,18.97287,19.370062,19.370764,24.910753,25.33339,29.327309,25.628607,32.019245,33.243374,30.71039,31.262203,28.775862,26.572054,26.685375,30.844343,26.058128,23.54126,23.190521,22.48813,21.649271,24.337242,22.346954,21.423223,22.941704,18.055319,13.785951,14.519412,14.209128,14.596921,16.226124,16.513388,19.88807,20.945688,24.74592,24.38174,24.303453,22.266666,20.346375,15.984309,15.083666,11.37991,13.93516,10.403538,14.138659,15.708638,18.134773,20.8967,24.507685,27.022367,25.481268,29.812017,29.665583,31.814674,29.290062,25.907349,25.714157,22.12449,20.42398,19.458084,18.21808,17.696375,17.904236,17.163507,16.045153,18.522284,17.425682,21.860054
8,25.081108,21.93082,19.119148,15.576913,12.885806,11.050468,7.998475,4.741908,0.0,5.7390814,8.000484,9.764143,11.623574,14.56543,11.790462,7.3053713,7.701073,6.9244018,8.008294,11.341677,11.707466,16.313534,18.30945,18.422295,23.524649,22.847061,24.88985,22.064232,20.489496,19.236277,19.675394,22.263002,20.559444,23.703615,21.239233,24.787098,22.843132,19.57075,20.819195,17.369505,20.87375,14.386758,17.029125,12.958906,18.166473,19.872204,20.364025,25.75454,25.233011,29.349504,24.693514,31.132227,31.939507,28.878187,29.057692,26.55634,24.054218,23.569319,27.424658,22.689398,20.270346,20.757816,20.782604,20.448122,23.88882,22.106668,22.178307,24.257917,19.918968,15.02474,14.315358,12.963975,12.19217,13.110863,12.700126,15.796011,16.37766,20.16658,19.679632,19.565231,17.645174,15.822805,11.326625,10.945641,7.5044336,11.194889,9.085779,13.589971,15.995559,19.09851,22.086985,25.615616,27.295662,24.949917,29.177412,28.539776,30.31004,27.366346,24.649729,24.213694,21.951818,19.303661,19.415062,18.834002,17.40665,16.913643,15.352859,13.569339,15.2230425,13.482156,17.753254
9,28.34299,25.770983,22.094574,19.369778,16.793983,14.47726,12.4084,6.9759474,5.7390814,0.0,7.123306,5.7416663,9.007237,12.985969,9.690974,8.104005,5.9790473,9.238232,7.8106866,12.780106,12.82203,16.597715,19.64889,21.076902,25.82812,26.050226,28.290758,25.752678,25.00528,23.362478,24.779526,26.948696,25.775583,28.224188,25.801683,29.107004,26.745512,23.315083,24.229939,20.987917,24.286243,18.391867,20.337076,16.754845,20.897812,22.778315,21.900673,27.8015,27.38907,30.82367,26.268047,32.781616,32.938526,29.347874,30.560389,28.616787,25.265293,25.063501,28.130783,22.924658,21.190891,20.34955,20.669321,19.207785,23.311466,19.780191,19.940264,23.074205,19.13079,13.788852,15.322355,12.744695,13.795522,13.285517,14.716376,16.151876,17.98254,21.336647,21.452375,21.08419,18.489603,18.05773,14.236324,14.966321,12.513997,16.490416,14.785745,19.262537,21.43937,24.301014,27.059132,30.743008,32.7553,30.474874,34.52594,33.822273,35.42747,32.391273,29.688568,28.630068,26.28117,23.31982,22.792627,21.623535,19.587593,19.846905,16.743605,17.036518,17.747337,16.767754,20.713095
10,32.936607,29.815094,26.998444,23.374128,20.869904,18.492487,15.879293,11.953942,8.000484,7.123306,0.0,5.4795055,4.6413016,8.159532,7.933851,6.8154726,8.480667,11.858349,13.700491,17.938665,18.800596,22.862675,25.681538,26.186226,31.037544,30.483494,32.0393,28.79255,27.124847,24.804659,25.22738,25.546124,23.56548,25.368965,22.02247,24.974127,21.895527,18.58099,20.13627,17.395798,21.873072,17.337152,20.413391,18.23669,22.939861,26.001245,26.092031,31.523783,30.108078,33.783092,28.185158,34.518814,34.236694,30.046652,30.467745,28.472128,24.921574,23.592167,25.923725,21.048515,19.667458,20.522444,22.052511,21.512856,26.368084,23.425219,24.767977,28.215729,24.800951,19.29238,18.879185,15.574652,14.690568,12.880141,12.715547,12.789216,13.040348,16.058216,15.5673275,14.527995,11.483151,11.478648,8.791794,10.456021,10.458968,14.271012,15.306415,19.673445,22.805256,26.254757,29.390827,32.741962,33.712383,30.7268,34.754852,33.55704,34.751583,31.304224,29.639791,28.715183,28.056358,24.371855,25.305838,25.038214,22.443151,21.688217,18.153816,17.085365,16.433771,14.087236,17.119658
11,33.863167,31.088037,27.60714,24.75741,21.918777,19.9679,17.015852,12.484596,9.764143,5.7416663,5.4795055,0.0,3.9851947,7.9881654,5.4322305,7.3262362,6.0456443,11.568991,11.950399,16.673922,17.65608,20.875347,24.526146,25.865433,30.24517,30.420866,32.00767,29.030127,28.290594,25.675255,27.370947,27.928656,27.041824,28.355276,25.79199,28.630516,25.767061,22.309378,22.93926,20.182274,23.606668,19.081102,21.027342,18.891232,22.507402,25.522093,24.459135,30.214817,28.982216,32.030052,26.752514,33.09816,32.41317,28.031122,29.475977,27.970161,23.877684,23.229221,25.221718,19.935171,18.978613,18.181597,19.585142,18.081692,23.19648,19.108006,20.512844,24.578924,21.640465,16.063713,17.087101,13.1282425,13.970517,11.535169,13.511066,12.863295,15.192858,17.886736,18.479174,18.002653,15.286073,16.35568,13.29619,15.474406,14.179835,18.793682,18.259819,22.960503,25.444578,28.600435,31.33412,35.007957,36.488262,33.58986,37.320236,36.152725,37.26474,33.87881,31.850155,30.20719,29.05424,25.235357,25.309305,24.46496,21.46338,21.484674,16.958323,17.941166,17.089378,16.200382,19.3034
12,36.546402,33.513004,30.419153,27.15266,24.354557,22.35011,19.216858,15.216803,11.623574,9.007237,4.6413016,3.9851947,0.0,4.8268337,5.3768353,7.9088345,8.67644,13.627692,15.301449,19.703796,20.97447,24.401134,27.899488,28.80568,33.254654,33.054024,34.31554,31.005394,29.825254,26.889948,28.099377,27.659403,26.425299,27.284182,24.297464,26.8476,23.598528,20.265089,21.146519,18.786062,22.738705,19.13149,21.58267,20.222202,24.046537,27.61314,27.046648,32.52848,30.792837,33.93699,28.15393,34.336166,33.392365,28.695595,29.706696,28.219196,24.026787,22.735043,24.171095,19.14003,18.498432,18.688961,20.788132,19.843485,25.254736,21.59252,23.570644,27.698778,25.01006,19.436056,19.480112,15.330322,15.128943,12.030424,13.098724,11.328449,12.822933,15.092317,15.476728,14.618307,11.669948,13.467123,11.3577175,14.135445,14.098394,18.494484,19.197895,23.771631,26.659874,30.065945,32.963078,36.46598,37.43101,34.191074,37.86915,36.445297,37.318165,33.73486,32.27398,30.68073,30.409323,26.254364,27.053446,26.65728,23.425047,22.939396,18.276295,18.569868,16.945816,15.422324,17.826958
13,39.394768,36.06481,33.343468,29.9861,26.865023,25.609707,21.460848,18.628664,14.56543,12.985969,8.159532,7.9881654,4.8268337,0.0,5.2104087,8.704744,10.583526,14.901164,17.914518,21.631136,23.65139,26.805555,30.470411,30.949001,35.0343,34.58195,35.14904,31.480974,30.259703,26.62377,28.010813,26.22758,25.520798,25.275827,22.582129,24.606285,21.273106,18.061365,18.345419,16.561031,20.190115,18.063984,20.339834,20.3092,23.572035,27.902163,27.575367,32.5923,30.155676,33.102295,26.830866,32.637993,31.232983,26.193542,26.935833,25.696337,21.291166,19.510017,20.196304,15.466625,15.344825,16.30298,19.150543,18.864853,24.47924,21.550592,24.327286,28.469292,26.43858,21.052547,19.928778,15.523153,14.528375,10.581145,11.30488,7.7571917,9.447911,10.936244,12.011602,11.691271,9.810493,12.740239,10.97903,14.774366,15.021562,19.770735,20.730778,25.265081,28.077328,31.580042,34.283863,37.72487,38.189472,34.443233,37.648376,35.84821,36.253304,32.493767,31.625992,29.572666,30.368382,25.6856,27.070564,27.099485,23.359858,22.515083,17.394539,17.788456,15.025648,13.750212,15.088868
14,35.738575,32.58845,29.55148,26.67043,23.301376,22.53607,17.988472,15.227172,11.790462,9.690974,7.933851,5.4322305,5.3768353,5.2104087,0.0,5.6544056,5.8469424,10.793088,13.262547,16.937477,19.091806,21.876183,25.801306,26.575256,30.427803,30.334494,31.043697,27.637045,27.00018,23.487947,25.698757,25.002045,24.994385,25.201214,23.244417,25.677437,22.962023,19.507017,19.258081,16.817688,19.557974,16.175764,17.67674,16.937027,19.80152,23.763128,22.884571,28.174612,26.14158,28.985184,23.132006,29.223316,28.108965,23.391361,24.692926,23.40677,19.022831,18.156052,19.820185,14.54395,13.818501,13.375978,15.436673,14.61619,20.085243,16.937508,19.34866,23.390833,21.24856,15.856009,15.21703,10.68181,10.741825,7.0592957,9.532312,7.804395,11.292557,13.697128,15.120791,15.535117,14.028762,15.7084,12.226947,15.487138,13.888597,19.32131,18.605665,23.415974,25.660809,28.896473,31.312586,35.00254,36.017006,32.546837,35.698044,34.141685,34.773098,31.224218,29.64627,27.337242,27.187538,22.709572,23.286976,22.866917,19.140654,18.845537,13.508585,15.036263,13.052257,12.891263,15.367338
15,31.02394,27.608282,25.036795,21.782227,18.403301,17.954418,12.946331,11.333763,7.3053713,8.104005,6.8154726,7.3262362,7.9088345,8.704744,5.6544056,0.0,4.4957747,6.380047,10.448215,13.497507,15.690365,19.206017,22.376093,22.402557,26.620825,25.972645,26.77416,23.259275,22.053787,18.984169,20.524078,20.62053,20.141224,21.291355,19.262007,22.193567,19.894438,16.37078,16.556202,13.469654,16.608654,11.759701,14.024147,12.320562,16.410103,19.99979,20.139584,25.299383,23.502474,27.131966,21.390305,27.707056,27.535648,23.595163,23.934244,21.883465,18.482683,17.574827,20.684633,15.772785,13.789771,14.598293,15.696142,15.781507,20.2564,18.601784,20.169544,23.089703,20.046385,14.7797575,12.752511,9.492195,7.888284,6.6201153,6.7579403,8.623897,10.407876,13.945593,14.450855,15.055889,13.925489,13.741516,8.922285,11.315395,8.528221,14.18615,12.979325,17.78527,20.048714,23.354174,25.893646,29.500063,30.457893,27.093254,30.492233,29.11464,30.051065,26.61877,24.750706,23.028198,22.520258,18.381447,19.247179,19.117579,16.02449,15.214965,11.366427,10.839831,10.201736,9.141294,12.796365
16,30.15662,27.183874,23.90856,21.351166,17.919231,17.430525,12.847141,10.11825,7.701073,5.9790473,8.480667,6.0456443,8.67644,10.583526,5.8469424,4.4957747,0.0,6.0100546,7.428767,11.326536,13.249844,16.228235,20.001484,20.92655,24.942297,25.035461,26.260477,23.23927,22.8795,20.103992,22.546041,23.622293,23.673439,25.000126,23.41448,26.396809,24.29408,20.774693,20.649576,17.536774,19.873304,14.644937,15.814346,13.37011,16.593431,19.534952,18.510872,24.19456,23.001074,26.188942,21.08986,27.538166,27.313478,23.476225,24.789715,23.065107,19.42576,19.377115,22.422752,17.193956,15.456775,14.39011,14.861113,13.766203,18.222902,15.406712,16.506079,19.790237,16.678524,11.158961,11.092011,7.4581795,8.511738,7.476188,9.956339,11.389268,14.419417,17.6551,18.599136,19.158411,17.640703,17.815744,13.230767,15.199218,11.925223,17.319794,14.941115,19.78816,21.522722,24.44781,26.731554,30.574165,32.208073,29.27569,32.64809,31.539124,32.65435,29.452349,27.01855,25.041958,23.488998,19.714407,19.406273,18.48656,15.432659,15.629238,11.360897,12.844757,12.797076,12.963235,16.691044
17,25.72613,22.38334,19.76289,17.10485,13.278029,14.299179,8.103516,8.717406,6.9244018,9.238232,11.858349,11.568991,13.627692,14.901164,10.793088,6.380047,6.0100546,0.0,6.1287675,7.4083757,10.1769905,13.527629,16.430418,16.20402,20.251715,19.705122,20.691633,17.49504,16.883207,14.404277,16.827627,18.963375,19.334482,21.311676,20.414831,23.654455,22.401525,19.067062,18.762527,15.310687,16.936699,10.46629,11.446421,7.704972,11.779755,14.249895,14.382831,19.717276,18.71286,22.634726,17.829073,24.3058,25.083136,22.25518,22.64231,20.27037,17.857315,18.081758,22.430593,17.840904,15.094586,14.989384,14.31631,14.451676,17.347012,16.849045,17.201046,18.819702,15.097648,10.4675665,7.688733,6.7624774,5.8893275,8.397595,8.952785,13.086128,15.1464815,18.81641,19.38023,20.483383,19.815357,18.68237,13.319622,14.252283,9.378214,14.577029,10.450769,15.097082,16.163858,18.921469,20.953821,24.826326,26.481943,23.620184,26.901226,25.974401,27.307766,24.368137,21.464201,19.76239,17.620209,14.236901,13.8902645,13.239605,10.865995,10.651033,8.604378,8.348438,10.363267,10.754733,15.096936
18,23.56314,21.064785,17.240538,15.609459,12.22311,12.41957,8.513243,6.462192,8.008294,7.8106866,13.700491,11.950399,15.301449,17.914518,13.262547,10.448215,7.428767,6.1287675,0.0,5.1704125,5.906709,9.207261,12.698598,14.199658,18.402252,19.029242,21.239534,19.156027,19.466814,18.188967,20.902302,24.427807,24.63464,27.190516,26.191517,29.571796,28.241278,24.892052,24.848791,21.381033,22.973694,16.389854,16.780966,12.289987,15.264562,15.96672,14.530772,20.526953,20.869816,24.238878,20.750284,27.155077,28.054216,25.534042,26.90723,24.87129,22.350302,23.23085,27.31074,22.436474,20.08152,18.39646,17.134562,15.775296,18.182346,16.06582,15.020056,16.683792,12.111131,7.3896685,9.154568,8.839603,11.001903,12.818922,14.732466,17.927385,20.520813,24.095049,24.700438,25.345846,23.86544,22.905981,17.941055,18.375523,13.865637,18.10366,13.537028,17.720606,18.340506,20.451746,22.333242,26.317665,28.972754,27.036432,30.557459,30.161413,31.900368,29.34473,25.82474,24.393394,20.737244,18.470966,16.583641,14.719865,13.344285,14.502313,12.761437,14.053706,16.25579,16.831556,21.15935
19,20.82888,18.2115,14.866531,13.951603,10.129516,12.664684,7.673649,9.518294,11.341677,12.780106,17.938665,16.673922,19.703796,21.631136,16.937477,13.497507,11.326536,7.4083757,5.1704125,0.0,4.1535125,6.3225684,9.316166,9.93863,13.638837,14.177037,16.162523,14.322035,15.319074,14.490761,17.916382,22.363201,23.408234,26.046717,25.987198,29.313513,28.730034,25.612568,25.087994,21.650208,22.127787,15.450786,14.813976,9.882876,11.81347,11.236034,9.982336,15.775691,16.694433,20.280586,17.65392,23.77705,25.441679,23.922009,24.954678,22.724567,21.182524,22.606705,27.354033,23.04462,20.270998,18.682629,16.441174,15.781683,16.539608,16.40753,14.745695,14.632986,9.771686,7.051819,6.8026233,9.333778,11.01777,14.361655,15.777771,19.948462,22.43662,26.028307,26.712313,27.869484,27.067413,25.674898,20.36188,20.49154,15.300576,19.16811,13.334333,16.785831,16.218187,17.679708,18.807545,22.87809,25.797642,24.090382,27.14602,26.972559,28.790407,26.651463,22.653978,21.13753,16.577166,15.077447,12.240586,9.955985,9.658729,11.298381,11.625195,12.802868,16.070309,17.37033,21.621126
20,18.233353,16.170164,12.022284,11.615211,8.526832,10.145011,7.7017746,8.287552,11.707466,12.82203,18.800596,17.65608,20.97447,23.65139,19.091806,15.690365,13.249844,10.1769905,5.906709,4.1535125,0.0,4.963827,6.93474,8.790616,13.244252,14.245148,17.41622,16.380693,17.206163,17.488647,20.086212,25.331247,25.6509,28.974564,28.47137,31.989025,31.280352,28.1797,28.17043,24.636747,25.668867,18.693127,18.587017,13.266357,15.677028,14.214948,12.959932,18.483097,20.149134,23.621792,21.598078,27.55754,29.382704,27.97493,29.096512,26.8361,25.317085,26.64321,31.317038,26.851435,24.150507,22.50171,20.374786,19.278095,20.042318,19.08243,16.7883,16.606577,11.280773,9.118431,10.881511,12.920667,14.769373,17.726067,19.045809,23.050016,25.256617,28.96669,29.342022,30.095728,28.79869,27.152325,22.1101,21.669044,16.789625,19.805662,14.093077,17.052723,16.484392,17.597776,18.91518,22.853483,26.308672,25.307398,28.78439,29.001947,31.189022,29.261395,25.04134,24.198088,19.018328,18.326887,15.375222,12.961594,13.570784,15.152413,15.708114,16.364313,19.72703,20.427563,24.837576
21,19.198603,17.857283,13.664335,14.8259,12.089769,14.516692,12.216951,13.077487,16.313534,16.597715,22.862675,20.875347,24.401134,26.805555,21.876183,19.206017,16.228235,13.527629,9.207261,6.3225684,4.963827,0.0,5.126367,8.599378,11.03992,13.444941,16.498453,16.354654,18.535995,18.840801,22.50068,27.825066,29.05412,31.930975,32.091743,35.440426,34.992207,31.908354,31.359455,27.943375,28.104612,21.570807,20.409613,15.639424,16.200642,13.839924,11.019688,16.320435,18.837973,21.480131,20.747326,26.197063,28.12953,27.313423,29.056484,27.175938,25.855154,27.865372,32.470417,28.199745,25.666151,23.072405,20.288452,18.776985,18.32182,17.625483,14.380171,13.046499,7.7142353,8.123011,11.25717,14.046492,16.855087,19.876,21.910944,25.712715,28.569391,32.09363,32.89379,33.93927,32.837044,31.528992,26.35335,26.261477,21.217077,24.508589,18.523615,21.225702,19.978481,20.465885,20.932873,24.81989,28.614367,27.858475,30.71975,31.051624,33.11131,31.476143,27.040962,25.674665,20.020628,19.74029,15.757983,12.641516,13.623909,16.122993,16.821997,18.841085,22.111826,23.677153,27.882307
22,14.321578,13.449426,9.360167,11.775503,10.045786,13.179732,12.464763,14.566861,18.30945,19.64889,25.681538,24.526146,27.899488,30.470411,25.801306,22.376093,20.001484,16.430418,12.698598,9.316166,6.93474,5.126367,0.0,4.927768,7.8168764,10.241477,14.463237,15.309111,17.28068,19.076435,21.844048,28.303892,29.142887,32.75237,32.97476,36.43244,36.349174,33.503727,33.26613,29.820875,30.022343,23.248056,22.33993,17.14499,18.078667,14.443916,13.021536,17.092344,20.343388,23.33919,23.319023,28.344347,30.985432,30.811777,31.91742,29.69712,29.11235,31.004696,36.01127,31.999176,29.166676,27.239021,24.3501,23.368708,22.447538,22.576265,19.265724,17.13113,12.122203,13.124659,14.862504,18.231201,20.136646,23.658514,24.88137,29.248087,31.456148,35.14681,35.547993,36.514954,35.462215,33.515026,28.421144,27.599993,22.580582,24.78567,18.563637,20.14286,18.206293,17.852509,17.929993,21.512083,25.830074,25.944088,28.893393,29.755985,32.221786,31.08398,26.306862,25.799824,19.31128,20.358475,16.30345,13.431191,15.920774,17.983414,20.170435,20.897463,24.81179,25.938623,30.197508
23,12.320223,10.376601,7.9836044,9.832121,7.897202,12.732213,11.134106,15.327793,18.422295,21.076902,26.186226,25.865433,28.80568,30.949001,26.575256,22.402557,20.92655,16.20402,14.199658,9.93863,8.790616,8.599378,4.927768,0.0,5.674779,5.987534,10.447323,11.267016,12.824556,15.489866,17.700228,24.71204,25.598476,29.444687,30.018368,33.40641,33.788605,31.229572,30.97661,27.642727,27.548393,20.906752,20.032663,14.867156,15.963364,11.716864,12.21446,15.268789,18.36541,22.028252,21.92939,26.690025,29.863047,30.11769,30.35043,27.763885,27.925417,29.61666,35.00458,31.439444,28.293724,27.274342,24.361315,24.278975,23.11454,24.550875,21.79079,19.311108,14.608861,15.361621,14.80691,18.765902,19.490114,23.586557,23.905485,28.854748,30.460596,34.173073,34.341385,35.508423,34.918903,32.506004,27.373951,26.225985,21.105484,22.76942,16.289791,17.060976,14.406919,13.579182,13.196133,16.799366,21.07439,21.299763,24.104235,25.13147,27.72508,26.866093,21.955097,21.92816,15.113128,17.000769,13.199173,10.931508,14.422695,15.825621,19.423834,18.916807,23.30603,24.25965,28.339046
24,14.578413,13.584637,12.2546425,15.039996,13.454165,18.379671,16.385944,20.62463,23.524649,25.82812,31.037544,30.24517,33.254654,35.0343,30.427803,26.620825,24.942297,20.251715,18.402252,13.638837,13.244252,11.03992,7.8168764,5.674779,0.0,4.4381256,8.098002,10.839264,14.117922,16.85712,20.006464,26.862135,28.794552,32.07266,33.48964,36.602646,37.41478,34.992733,34.169926,31.048294,29.94931,24.012838,22.119555,17.841774,17.016531,11.7212715,11.577185,12.686209,16.919876,19.715178,21.394794,25.07063,28.69627,29.96008,30.372995,28.09085,28.882658,31.155312,36.55483,33.45572,30.392126,28.902977,25.437382,25.450756,22.95867,25.418663,22.278566,18.504255,14.863421,17.453154,16.824749,21.356339,22.410019,26.655512,27.302214,32.206486,34.205772,37.727654,38.23361,39.755253,39.508854,37.29286,32.010098,31.160076,25.88099,27.807608,21.225607,21.771503,18.575132,17.10932,15.477545,18.564005,22.885298,23.409256,25.126036,26.318316,28.679745,28.352577,23.347775,22.845291,15.745261,18.404997,13.813076,11.325181,15.44827,17.360186,21.474552,21.81347,26.108013,27.8098,31.566715
25,13.6481285,11.621357,11.807672,13.631119,12.067918,17.556717,15.151778,20.455465,22.847061,26.050226,30.483494,30.420866,33.054024,34.58195,30.334494,25.972645,25.035461,19.705122,19.029242,14.177037,14.245148,13.444941,10.241477,5.987534,4.4381256,0.0,5.1688743,7.7888913,10.29833,13.962515,16.265232,23.522846,25.2843,28.819666,30.370693,33.423668,34.547306,32.386463,31.68556,28.68028,27.554085,21.768147,20.171604,16.00015,15.703317,10.359143,12.328352,12.782631,16.301073,19.901695,20.943628,24.560833,28.485275,29.816177,29.38359,26.723597,28.014381,29.912027,35.552017,32.75382,29.463778,28.88449,25.639883,26.336237,24.13593,27.197397,24.640175,21.200224,17.502447,19.190212,17.075066,21.66894,21.700104,26.216232,26.047869,31.313644,32.69193,36.217773,36.443283,38.023346,38.0725,35.47776,30.302732,29.156713,23.993782,25.378653,18.909826,18.775507,15.172288,13.37514,11.316395,14.36648,18.522333,19.085255,20.76529,22.093742,24.61131,24.477558,19.410654,19.510477,12.233729,15.684224,11.747419,10.223881,14.832006,15.895642,20.929953,20.02035,24.582651,25.924765,29.501827
26,18.278845,15.866412,16.6797,17.727093,15.624059,21.315928,17.540653,23.32584,24.88985,28.290758,32.0393,32.00767,34.31554,35.14904,31.043697,26.77416,26.260477,20.691633,21.239534,16.162523,17.41622,16.498453,14.463237,10.447323,8.098002,5.1688743,0.0,4.501521,8.413297,11.496007,14.621951,21.095926,23.98588,26.682728,29.12211,31.771715,33.36962,31.462793,30.170105,27.52278,25.392866,20.643465,18.264816,15.398968,13.645715,8.209708,11.388063,9.651212,12.76958,16.390142,17.904068,20.620716,24.954397,26.97142,26.00444,23.375036,25.474438,27.525978,33.20808,31.09516,27.801165,27.570826,24.194206,25.607378,22.797619,27.170961,25.143764,21.391462,18.667826,20.569149,17.036997,21.835594,21.30597,25.956665,25.532244,30.820223,32.177574,35.416668,35.86171,37.862152,38.508087,36.054657,30.837925,30.06198,24.885963,26.60991,20.321764,20.2143,16.518635,14.915852,12.283738,14.970431,18.078852,17.914356,18.374044,19.40051,21.42707,21.553614,16.658543,16.108112,9.141203,13.119979,9.289407,8.730878,13.436629,14.143413,19.91225,19.003992,23.363747,25.224272,28.243204
27,20.12228,16.924416,17.533426,17.3694,14.58079,20.15222,15.224803,21.257835,22.064232,25.752678,28.79255,29.030127,31.005394,31.480974,27.637045,23.259275,23.23927,17.49504,19.156027,14.322035,16.380693,16.354654,15.309111,11.267016,10.839264,7.7888913,4.501521,0.0,4.988397,7.0038123,10.834767,16.842422,19.98778,22.383059,24.867216,27.474352,29.025368,27.108849,25.692982,23.095081,20.89827,16.260351,13.8768015,11.358396,9.782069,5.142654,10.039596,9.207751,10.587724,15.157712,15.0247135,18.426043,22.481787,23.943981,22.54213,19.63942,21.681213,23.418291,29.178116,27.126413,23.741432,24.091413,21.023052,22.904,20.707844,25.230307,23.889784,20.870647,18.115627,18.990433,14.261585,18.825304,17.569302,22.256504,21.430193,26.783907,27.934376,31.10116,31.54144,33.649937,34.52332,32.137127,26.940403,26.383684,21.255705,23.302816,17.220785,17.527248,14.249157,13.535919,11.642373,14.776742,17.010147,15.624435,16.31151,16.689611,18.472975,17.990685,13.192463,12.1165285,5.1686864,8.629424,5.17861,5.8771324,10.181297,10.122594,16.262308,14.748264,19.089895,20.932283,23.805223
28,19.729364,15.84604,17.252413,15.872452,13.33593,18.563412,13.733527,20.226797,20.489496,25.00528,27.124847,28.290594,29.825254,30.259703,27.00018,22.053787,22.8795,16.883207,19.466814,15.319074,17.206163,18.535995,17.28068,12.824556,14.117922,10.29833,8.413297,4.988397,0.0,5.492369,6.245768,13.424523,15.61358,18.82802,20.955425,23.686462,25.376163,23.709787,22.825106,20.261475,18.739166,13.944014,12.863419,10.206368,10.973443,8.431031,13.765372,13.848713,14.070413,19.044477,17.485785,21.21253,24.979445,25.82284,23.639381,20.295826,22.319353,23.21093,29.043713,27.040133,23.485804,24.969595,22.558481,24.768251,23.583483,27.658895,26.772125,24.527197,21.295374,21.001833,15.794005,19.693504,17.354527,21.95919,20.079273,25.681894,25.881964,29.118736,29.028862,30.96396,31.945724,29.05959,24.16613,23.111782,18.374056,19.549112,13.985956,13.487844,10.17957,9.77069,8.397938,11.494796,12.915023,10.918474,12.421681,12.759649,15.000822,14.3108,9.303707,9.806034,3.1517923,7.2671576,6.919247,8.885672,12.112026,10.694719,16.852825,13.351402,17.874918,18.703718,21.480225
29,24.311474,20.391855,20.835922,19.023916,15.6791935,20.359262,14.098351,19.965134,19.236277,23.362478,24.804659,25.675255,26.889948,26.62377,23.487947,18.984169,20.103992,14.404277,18.188967,14.490761,17.488647,18.840801,19.076435,15.489866,16.85712,13.962515,11.496007,7.0038123,5.492369,0.0,6.4261804,10.337589,14.043009,15.684503,18.290794,20.759846,22.273153,20.41322,18.752232,16.323984,13.96872,9.794061,7.6450667,6.7860994,6.523094,6.9805207,12.1655855,12.68929,11.043394,16.193905,13.068005,17.268116,20.475012,20.7919,18.416384,15.000793,16.900948,17.740767,23.576647,21.762985,18.231226,20.023312,17.842289,20.591524,19.74849,24.216894,24.13808,22.494635,19.93226,19.065624,12.747131,16.161066,13.230817,17.707424,15.806614,21.218311,21.745848,24.718899,25.076836,27.399399,28.779087,26.485172,21.469833,21.328352,16.569614,19.072514,13.977238,14.967655,12.966512,13.927178,13.513117,16.604988,17.134836,13.778148,14.76393,13.817667,14.917275,13.125548,9.127198,6.844252,3.9311013,1.8376535,4.2749543,7.516192,8.611012,6.150611,12.336498,8.948322,13.063592,14.682623,17.087862
30,23.494385,19.180431,20.791958,18.042269,15.589886,19.657602,14.545463,20.696463,19.675394,24.779526,25.22738,27.370947,28.099377,28.010813,25.698757,20.524078,22.546041,16.827627,20.902302,17.916382,20.086212,22.50068,21.844048,17.700228,20.006464,16.265232,14.621951,10.834767,6.245768,6.4261804,0.0,8.101932,9.424006,13.071943,15.027713,17.702211,19.632,18.367731,17.82896,15.590193,14.620033,10.659763,11.232047,9.999325,12.550267,12.745,18.002066,18.614244,17.340288,22.441856,19.21642,23.060251,26.198782,26.243982,23.143917,19.49564,21.437836,21.228456,26.861137,25.214355,21.652834,24.6038,23.128931,25.883879,25.799328,29.624336,29.597914,28.309202,25.127014,23.622139,17.731144,20.468895,16.798859,20.86372,17.691345,23.194225,22.21939,25.252142,24.670368,26.5921,28.030794,24.830124,20.463882,19.263668,15.377989,15.90889,11.986037,11.129916,9.223106,10.390134,10.647396,12.888217,12.072022,7.9274096,10.133385,9.266559,11.271501,9.484143,5.2602386,7.2787805,6.435339,7.0241904,10.332875,13.098373,14.506501,11.76624,17.026941,11.578219,15.497386,15.20156,17.322317
31,31.461987,27.101885,28.291315,25.138237,22.311117,25.562006,19.687912,24.733652,22.263002,26.948696,25.546124,27.928656,27.659403,26.22758,25.002045,20.62053,23.622293,18.963375,24.427807,22.363201,25.331247,27.825066,28.303892,24.71204,26.862135,23.522846,21.095926,16.842422,13.424523,10.337589,8.101932,0.0,6.463759,5.6931715,9.775989,11.232206,13.89441,13.343919,11.653648,10.77296,8.378052,9.0224285,9.961844,12.597007,14.309898,17.145359,21.833439,22.227346,19.14881,23.699308,18.977865,22.134695,24.253826,23.63281,19.386843,15.791786,17.961447,16.57692,21.580507,21.143993,17.933931,22.483545,22.054464,25.659256,26.267366,30.44365,31.62232,31.133377,28.85915,26.715092,20.064297,21.494852,16.81844,19.737652,15.675343,20.208817,18.411732,20.506565,20.054058,22.582222,25.181236,22.572725,18.965963,18.88219,16.306484,17.58661,15.972923,16.225723,16.05332,18.022675,18.645294,20.38688,18.221746,13.127284,13.551171,10.764604,10.179178,6.364592,7.2057242,6.4232597,11.991984,9.280937,14.396846,17.602345,16.987875,13.524046,16.984264,11.32594,12.887305,12.485879,12.4127655
32,30.438765,25.985607,27.392519,23.470892,21.302425,23.423145,18.737906,23.266253,20.559444,25.775583,23.56548,27.041824,26.425299,25.520798,24.994385,20.141224,23.673439,19.334482,24.63464,23.408234,25.6509,29.05412,29.142887,25.598476,28.794552,25.2843,23.98588,19.98778,15.61358,14.043009,9.424006,6.463759,0.0,6.34889,6.2655916,8.966816,11.080331,10.8420725,11.561565,10.417048,11.621929,10.585009,13.797435,14.548647,18.344826,20.721252,25.34675,26.690775,24.26363,29.119143,24.261019,28.140987,30.110611,28.86544,25.045692,21.5032,22.684547,20.761929,25.343342,24.207731,21.0953,25.832531,25.87262,28.9458,30.409458,33.438328,34.473606,34.48107,31.425364,28.562176,22.632063,23.531792,18.770443,21.253204,16.59284,20.97847,17.923056,20.30158,18.717688,20.384945,22.548082,18.9948,16.193499,14.952314,13.65502,12.996433,13.382085,12.743094,13.836647,16.39319,18.127748,19.473192,16.88837,11.9904585,14.30321,12.112577,12.641242,9.264346,10.081627,11.9782095,15.429761,13.49541,18.122335,20.894495,20.5633,17.219624,20.057016,13.5262165,15.155218,12.670457,13.021726
33,35.777367,31.341118,32.406773,28.739645,26.047964,28.394442,22.820288,26.95376,23.703615,28.224188,25.368965,28.355276,27.284182,25.275827,25.201214,21.291355,25.000126,21.311676,27.190516,26.046717,28.974564,31.930975,32.75237,29.444687,32.07266,28.819666,26.682728,22.383059,18.82802,15.684503,13.071943,5.6931715,6.34889,0.0,5.5991716,5.730111,8.956643,9.459119,8.04684,8.717818,7.8025465,11.058155,13.289132,16.386705,18.727797,22.2851,26.56558,27.423586,23.982496,28.26891,22.853468,25.95791,27.254238,25.804842,21.345716,18.107702,19.541767,17.040054,20.96579,20.994179,18.298407,23.80208,24.343126,27.985146,29.491856,33.06962,34.826084,35.070778,32.870125,30.043999,23.603992,23.992128,18.981146,20.7605,16.085068,19.495659,16.43525,17.797659,16.812426,19.285488,22.484758,19.98827,17.566036,17.774231,16.814089,17.672274,18.119791,18.540144,19.48575,21.954664,23.188877,24.67127,21.947832,16.79028,17.461079,14.474685,13.336168,9.475826,12.194993,11.903905,17.627024,14.485487,19.583822,22.610598,21.30345,17.806273,19.73307,14.0590515,13.982305,12.36613,10.63514
34,35.55552,31.127703,31.896715,27.697975,25.296167,26.539192,21.708225,24.900806,21.239233,25.801683,22.02247,25.79199,24.297464,22.582129,23.244417,19.262007,23.41448,20.414831,26.191517,25.987198,28.47137,32.091743,32.97476,30.018368,33.48964,30.370693,29.12211,24.867216,20.955425,18.290794,15.027713,9.775989,6.2655916,5.5991716,0.0,3.824834,4.818024,5.3055935,6.92613,7.196942,10.176068,11.555408,15.355851,17.222765,21.018232,24.584831,28.530064,30.405392,27.326782,31.830631,26.058073,30.028269,31.02058,28.798166,25.009775,21.868176,22.128242,19.264706,22.732834,21.864162,19.346102,24.837532,25.881838,28.982096,31.395023,33.805943,35.585835,36.47081,33.757023,30.198687,24.447214,24.121449,19.13454,20.265072,15.242564,18.200958,14.056496,15.646607,13.630614,15.320566,18.194626,15.135755,13.569041,13.345191,13.833476,13.867933,16.177954,16.758228,18.873667,21.912046,24.01511,25.577477,23.056736,18.223461,20.259142,17.741198,17.432684,13.730821,15.632153,16.152153,20.495657,17.293512,22.03451,24.640911,23.181755,19.826777,20.829376,14.821476,14.489392,11.172534,9.785229
35,39.07247,34.627697,35.54629,31.418514,28.985374,30.354624,25.398436,28.568491,24.787098,29.107004,24.974127,28.630516,26.8476,24.606285,25.677437,22.193567,26.396809,23.654455,29.571796,29.313513,31.989025,35.440426,36.43244,33.40641,36.602646,33.423668,31.771715,27.474352,23.686462,20.759846,17.702211,11.232206,8.966816,5.730111,3.824834,0.0,4.3028436,6.7273335,7.3093176,9.191929,10.969454,14.320232,17.533724,20.233631,23.366264,27.183111,31.157354,32.615482,29.168222,33.407154,27.570166,30.942701,31.688921,29.508945,25.293425,22.380148,22.921915,19.741198,22.572351,22.557623,20.400177,26.276073,27.570168,30.945383,33.29685,36.02461,38.10201,39.007477,36.64399,33.18159,27.217136,26.77245,21.734901,22.537355,17.591215,19.846958,15.542191,16.244211,14.347353,16.263975,19.754099,17.218801,16.38061,16.595076,17.44541,17.56087,19.979708,20.453375,22.373636,25.227104,27.070183,28.390501,25.446404,20.505335,21.780682,18.968428,17.975025,14.394585,17.332996,17.580114,22.865282,19.604145,24.559273,27.349966,25.713518,22.2956,23.13934,17.528284,16.567797,13.736372,11.204923
