,0,1,2,3,4,5,6,7,8,9,10,11,12,13,14,15,16,17,18,19,20,21,22,23,24,25,26,27,28,29,30,31,32,33,34,35,36,37,38,39,40,41,42,43,44,45,46,47,48,49,50,51,52,53,54,55,56,57,58,59,60,61,62,63,64,65,66,67,68,69,70,71,72,73,74,75,76,77,78,79,80,81,82,83,84,85,86,87,88,89,90,91,92,93,94,95,96,97,98,99,100,101,102,103,104,105,106,107,108
0,0.0,4.5976343,5.1357,6.5293245,9.012524,6.5137496,11.037709,13.138459,15.925133,19.23069,21.929472,24.988302,28.3552,27.527142,27.073778,22.314035,20.78308,18.764946,16.297056,16.178253,13.141888,15.412764,10.850453,13.565678,15.743224,14.150085,18.24066,18.964142,14.9052725,19.055761,16.87799,21.503271,25.952057,26.504753,30.164272,29.69994,32.68737,31.627674,27.822042,24.978191,22.800596,18.459827,21.032297,17.423306,12.397009,14.705173,10.293359,14.8857355,12.9059725,16.39462,12.975627,14.634429,10.625868,16.060629,14.006958,16.230614,19.606102,21.248753,25.329716,26.57073,24.15079,26.816483,22.51423,24.294968,22.589863,21.780386,25.695343,24.092594,28.018791,27.999407,23.904129,27.442055,25.197977,29.072178,27.385729,32.19239,30.498041,33.977474,33.519646,31.870623,34.997654,33.630505,29.416834,26.919376,25.271057,23.462744,23.065498,19.106495,20.450146,17.790388,20.81407,23.388132,22.694832,24.368137,24.546955,27.584242,27.945438,29.837414,31.312416,31.3273,34.882915,36.39306,35.70022,33.89694,34.22585,29.614738,30.660734,26.87296,29.912449
1,4.5976343,0.0,5.287547,4.6599526,8.093006,8.814313,12.099218,14.6617775,18.093458,21.230976,24.414812,27.05831,30.569368,29.70722,28.72338,24.04338,21.993496,19.604445,16.551626,15.599937,12.218183,12.628584,7.9959054,9.523397,12.183155,11.563875,16.23245,17.82361,15.238935,19.50609,18.448854,23.438684,28.062801,29.341724,32.815342,32.870033,35.804417,35.05211,30.894121,27.71884,26.125929,21.322878,23.880577,19.714048,14.967747,15.974432,11.138981,14.408653,11.933618,14.4929495,12.012429,14.627122,11.742359,17.590805,16.458124,19.323954,22.142569,24.289005,28.412918,29.156208,26.61043,28.558687,23.797886,24.914232,22.750843,21.278856,24.732609,22.27608,26.291979,26.997541,23.870838,27.581839,25.993431,30.136137,28.87531,34.073483,32.5259,36.358425,36.146114,34.258717,37.27917,35.554897,31.225452,28.42939,26.29909,24.505648,23.21706,18.667326,19.121851,16.004105,18.49965,21.478159,21.18076,23.217665,24.123856,27.526707,28.573439,30.425716,32.420708,32.50374,36.464333,38.262,37.342022,35.22522,35.29987,30.446758,30.887255,26.797325,29.245398
2,5.1357,5.287547,0.0,5.332636,6.6234255,6.0395803,11.021178,11.70431,15.991216,18.513386,21.67882,23.949171,27.730053,27.398754,26.399559,22.291382,19.858837,18.510904,15.067259,15.478935,11.290459,13.891892,10.2684355,12.532384,16.051712,15.411357,19.13653,20.432917,16.257105,21.233215,18.484678,24.071234,27.231646,28.720675,31.689396,31.50885,34.07005,33.011864,29.00826,25.999369,25.138464,20.50461,23.866732,20.67758,15.582795,17.930868,13.2052965,17.95109,16.25623,19.386814,16.810152,19.09952,15.462637,20.893476,18.72193,21.006796,24.081198,25.477594,29.809942,30.75756,28.068586,31.11037,26.733385,28.284943,26.863123,25.378183,28.95032,26.791777,30.400848,30.643353,26.95191,30.564186,28.288128,32.45572,30.453678,35.622776,33.381424,37.121315,36.350616,34.299175,36.896095,35.143513,31.388723,28.431393,26.928318,24.355618,24.375849,19.447206,20.623611,17.525965,20.555695,22.905363,21.786295,24.069963,24.339254,28.32622,28.454567,31.194735,32.323166,33.226505,36.988987,38.75142,38.45324,36.392044,37.284462,32.139984,33.28458,29.252283,32.082764
3,6.5293245,4.6599526,5.332636,0.0,3.5957189,6.435653,8.228822,10.808293,14.546994,17.414667,20.891897,23.193983,26.749882,25.925219,24.608109,20.131771,17.736269,15.413025,12.043431,11.228053,7.5676894,9.075563,5.0589485,8.286194,11.2788,10.393875,13.831379,15.322099,12.005534,16.948648,15.334054,21.044706,24.759567,26.854399,29.810318,30.297703,32.977974,32.47443,28.002361,24.585112,24.023378,18.841362,21.9177,18.076092,13.430407,14.46088,9.578844,13.648209,12.41407,15.510148,13.937646,16.921253,13.896763,18.812958,17.030893,20.065327,22.137398,23.949959,28.489016,28.615053,25.691322,28.257156,23.589083,24.640882,23.551165,21.30535,24.54289,22.207802,25.478113,25.794594,22.527811,26.197056,24.275063,28.6636,26.93951,32.481735,30.359634,34.46859,34.015812,31.741285,34.338825,32.29584,28.27642,25.144447,23.123947,20.827274,19.927528,14.836483,15.552339,12.380734,15.315723,17.839056,17.074007,19.270437,19.981796,23.862751,24.66503,27.0601,28.78366,29.480566,33.582054,35.591343,35.02439,32.693336,33.397224,28.051641,28.80695,24.605167,27.14475
4,9.012524,8.093006,6.6234255,3.5957189,0.0,5.8232503,6.42203,7.977428,12.33762,14.666179,18.372437,20.227865,23.915491,23.315752,21.715466,17.648914,14.79194,12.973511,9.103303,9.092206,4.686505,8.372181,6.215076,9.830634,12.995862,12.130788,14.286409,15.557893,11.389454,16.806541,14.274056,20.529322,23.046146,25.766294,28.166355,28.87492,31.237104,30.81018,26.204569,22.699106,23.120724,17.843506,21.45992,18.243412,13.765664,15.177413,10.701446,15.293135,14.894859,18.191755,16.984682,19.954456,16.763426,21.10354,18.803364,21.67377,23.398788,24.780512,29.529303,29.375496,26.24323,29.425194,24.994968,26.111124,25.769411,23.191845,26.272354,24.10932,26.806398,26.789127,23.371105,26.90755,24.629202,29.09373,26.895962,32.564865,29.901815,34.11304,33.342915,30.787022,32.943428,30.683338,27.104261,23.71789,22.014374,19.109434,18.971159,13.46283,14.601986,11.53817,14.81418,16.683329,15.263992,17.664127,17.996801,22.419209,22.7206,25.794468,27.022066,28.418621,32.515514,34.639687,34.496605,32.065327,33.405235,27.72948,28.880018,24.697906,27.348446
5,6.5137496,8.814313,6.0395803,6.435653,5.8232503,0.0,6.054085,6.688926,10.114529,12.980605,15.944859,18.652071,22.198534,21.639374,20.955622,16.605272,14.689471,13.438291,10.814799,12.033112,8.96205,13.744891,10.647013,14.590716,17.101458,15.256473,17.631544,17.890778,12.108648,17.11157,13.126392,18.782253,21.342756,22.836475,25.671852,25.52766,28.061863,27.113506,23.001245,19.965282,19.331944,14.635966,18.328537,15.790721,10.797786,14.019287,10.018895,15.956939,15.562753,19.647005,17.149788,19.145498,15.009689,19.026726,15.865237,17.928467,20.38581,21.188114,25.811178,26.40059,23.500784,27.426435,23.513765,25.425577,25.245756,23.657562,27.364136,26.08312,29.056551,28.369495,23.834806,27.194172,24.219036,28.280844,25.68237,30.769419,28.069534,31.761524,30.72269,28.574125,31.022243,29.34081,25.788063,22.901619,21.824017,19.076647,20.033587,15.675207,17.873413,15.513157,19.129263,20.782938,19.196856,20.920332,20.345558,23.96021,23.417519,26.312017,26.937248,28.008984,31.531128,33.210106,33.250603,31.292995,32.744083,27.537003,29.343174,25.575262,28.933727
6,11.037709,12.099218,11.021178,8.228822,6.42203,6.054085,0.0,5.0420737,6.6579437,9.863914,13.203287,15.82971,19.001438,17.85174,16.76221,11.977958,10.158409,7.7632008,5.7304325,6.593661,5.763531,11.167102,9.55662,14.160645,15.580506,13.183589,13.676017,13.305,6.843157,12.173313,8.107571,14.4922085,16.728527,19.380068,21.814978,22.621593,25.090097,24.884209,20.146578,16.554394,17.014793,11.606078,15.353571,12.75181,8.8472805,10.862404,7.8393955,13.384781,14.481621,18.649145,17.350763,19.700672,16.203531,18.798262,15.669335,18.222979,19.10015,19.891378,24.805311,24.222273,20.921412,24.921757,21.088013,22.607851,23.599894,21.135836,24.383217,23.413841,25.453983,24.286146,19.79571,22.97767,19.889326,24.164852,21.355757,26.889772,23.83727,27.987055,27.03221,24.42798,26.579052,24.456469,20.894646,17.635704,16.319445,13.367276,14.272903,9.844074,12.566373,10.909089,14.74627,15.726122,13.928655,15.226095,14.363696,17.954067,17.520933,20.525993,21.320026,22.639763,26.472576,28.469755,28.579405,26.30087,28.132105,22.483809,24.394224,20.593344,23.946781
7,13.138459,14.6617775,11.70431,10.808293,7.977428,6.688926,5.0420737,0.0,5.4946966,6.9705276,10.587971,12.491077,16.233467,15.948525,14.722366,11.101827,8.419157,8.540447,6.0215106,9.323625,7.50985,14.021131,13.135218,17.35658,19.655582,17.783123,18.17465,17.926014,11.3556385,16.447105,11.096071,17.34171,17.316935,20.23905,21.820372,22.347095,24.217068,23.644045,19.126837,15.815263,17.53699,12.766703,17.306463,16.121893,12.341375,15.382226,12.666159,18.413849,19.341084,23.486734,21.915182,24.125753,20.247337,23.044333,19.46838,21.390402,22.657705,22.761873,27.618408,27.351213,24.102917,28.863836,25.449795,27.243082,28.421377,26.127565,29.38356,28.412985,30.319864,29.050444,24.456562,27.443428,23.994686,28.070393,24.723413,29.9652,26.313286,30.199629,28.6392,25.914488,27.433071,25.299475,22.657516,19.344666,18.940027,15.1523905,17.652824,13.238178,16.186674,14.569176,18.354603,18.758688,16.238276,17.834373,16.345589,20.507454,18.938107,22.966318,22.62407,24.970678,28.427532,30.333849,31.142828,28.996683,31.589788,25.89519,28.34687,24.76205,28.203276
8,15.925133,18.093458,15.991216,14.546994,12.33762,10.114529,6.6579437,5.4946966,0.0,4.0666113,6.634284,9.90856,12.74955,11.657651,11.303954,6.7004876,6.232704,6.2804093,7.2737827,10.298416,10.987686,17.016079,16.157213,20.727129,21.963234,19.3003,18.732254,17.360163,10.189193,13.983344,7.4599824,12.870569,12.018865,14.809259,16.373184,16.987104,19.000326,18.69125,13.953262,10.48113,12.463515,7.817743,12.520344,12.540917,10.141643,13.387116,12.492265,17.979498,19.814598,24.246826,22.718758,24.404617,20.598728,21.874542,17.907866,19.36391,19.745798,19.208399,24.009201,23.32791,20.047792,25.44505,22.76369,24.825865,27.03816,24.962023,28.197989,28.170742,29.546839,27.432549,22.175491,24.673025,20.643923,24.307425,20.45777,25.346476,21.348541,25.064983,23.295801,20.551031,22.042799,20.113335,17.585516,14.553801,14.807674,11.139178,14.899054,12.282968,16.064692,15.630638,19.371756,19.214,16.739544,17.243174,14.805542,17.708279,15.333166,19.110666,18.20664,20.419807,23.461838,25.178938,26.259054,24.34154,27.37278,21.925161,25.040634,22.009588,25.91098
9,19.23069,21.230976,18.513386,17.414667,14.666179,12.980605,9.863914,6.9705276,4.0666113,0.0,4.009147,6.0166783,9.3578005,9.035306,8.218033,5.460251,4.2774477,7.204884,8.289484,12.109851,12.794938,19.02866,18.94611,23.319773,24.864222,22.515697,21.497501,20.221663,13.41014,17.012796,10.611006,15.493841,12.255782,15.861987,16.10289,16.966373,18.15014,17.892113,13.241579,10.012189,14.041416,10.432962,15.09492,16.045633,14.1401005,17.206665,16.403904,21.702738,23.640074,27.963226,26.630644,28.432453,24.62159,25.910023,21.899393,23.161528,23.407393,22.519932,27.181831,26.355589,23.106216,28.780863,26.392529,28.38428,30.901232,28.635778,31.65537,31.57922,32.59825,30.404003,25.34885,27.62824,23.528427,27.039024,22.898567,27.586338,23.102306,26.67307,24.473948,21.488178,22.106886,19.9635,18.514275,15.398622,16.355898,12.100117,16.839447,14.263644,18.008394,17.757906,21.34576,20.601456,17.655046,18.228325,15.341204,18.611898,15.371206,20.027353,18.157106,21.449966,24.209257,25.967094,27.671772,25.754534,29.478397,23.953568,27.35596,24.515917,28.284492
10,21.929472,24.414812,21.67882,20.891897,18.372437,15.944859,13.203287,10.587971,6.634284,4.009147,0.0,4.4971385,6.5765715,6.2788296,7.1419315,5.6976943,7.0358033,10.014014,12.089841,15.642033,16.697609,22.848051,22.573166,27.048672,28.35538,25.734882,24.560402,22.844921,16.005024,18.7155,12.129404,15.502754,10.729609,13.677796,13.270806,13.722847,14.51476,14.091082,9.6886835,7.0663247,11.997458,9.947784,14.236493,16.5554,15.499268,18.848185,18.843412,24.048485,26.193571,30.648935,29.108236,30.508123,26.618923,27.221178,22.971653,23.629784,23.639673,22.096783,26.433767,25.660826,22.628088,28.81317,27.117119,29.388939,32.37032,30.46972,33.53578,33.990543,34.829678,32.18986,26.75952,28.651585,24.204105,27.190536,22.700413,26.703802,21.93977,24.981274,22.346855,19.518873,19.77781,18.057114,17.349234,14.854445,16.720957,12.848468,18.407566,17.02081,20.960787,21.134506,24.649887,23.70241,20.816912,20.900988,17.57789,19.89844,15.905098,20.328402,17.582787,20.940716,22.948992,24.341532,26.532175,25.01155,29.16771,24.113853,28.031393,25.727652,29.735922
11,24.988302,27.05831,23.949171,23.193983,20.227865,18.652071,15.82971,12.491077,9.90856,6.0166783,4.4971385,0.0,4.187863,5.921009,5.2922015,7.4181933,7.423176,11.646699,13.258345,17.099098,18.064947,24.138332,24.631489,28.847666,30.449547,28.217478,26.672026,25.226467,18.812551,21.714178,15.508575,19.118908,13.200618,17.080654,15.451613,16.456268,16.267027,16.120146,12.189615,10.111787,16.115793,14.254552,18.400146,20.64826,19.563179,22.559137,22.27219,27.328493,29.508043,33.798267,32.575665,34.282192,30.456892,31.350878,27.206944,28.045633,27.97721,26.49741,30.8169,29.817797,26.739925,32.8267,31.077616,33.10887,36.183723,33.906696,36.713444,36.896103,37.430332,34.913006,29.906618,31.741201,27.45853,30.503893,25.990421,30.04975,25.04002,28.113152,25.320469,22.242483,21.617252,19.51176,19.760765,17.059786,19.084501,14.806161,20.521051,18.770086,22.452578,22.653564,25.956202,24.54499,21.31712,21.602623,18.17932,21.054876,16.706667,21.878231,18.588085,22.950233,24.916452,26.490948,29.085354,27.406588,32.00716,26.754164,30.635244,28.321518,32.02115
12,28.3552,30.569368,27.730053,26.749882,23.915491,22.198534,19.001438,16.233467,12.74955,9.3578005,6.5765715,4.187863,0.0,3.4241307,4.6760154,8.513609,10.137589,13.888093,16.421473,19.878925,21.522171,27.339916,27.918133,32.20963,33.405685,30.942785,28.937374,27.073235,20.953438,22.951298,17.048931,19.346943,12.030176,15.7949505,12.994066,14.290302,13.302418,13.635187,10.160155,8.980642,15.798237,15.128726,18.535364,21.64627,21.49798,24.234835,24.715263,29.384748,31.919876,36.210957,35.10088,36.588017,32.896847,33.07293,28.91628,29.46413,28.850227,26.97889,30.964605,29.649843,26.743982,32.99551,31.85727,33.908485,37.55355,35.373714,38.00869,38.661217,38.785423,35.848564,30.754383,32.137,27.711748,30.258768,25.54948,29.008226,23.765194,26.421406,23.34085,20.280016,18.919718,16.994875,18.294306,16.16117,18.90792,15.098315,21.278843,20.672283,24.425299,25.17064,28.282282,26.53516,23.414722,23.12982,19.34615,21.230688,16.295786,21.192709,17.06907,21.678738,22.94036,24.285868,27.386475,25.977638,31.058107,26.227968,30.466064,28.707918,32.443584
13,27.527142,29.70722,27.398754,25.925219,23.315752,21.639374,17.85174,15.948525,11.657651,9.035306,6.2788296,5.921009,3.4241307,0.0,3.8686786,6.3792176,9.294896,12.191995,15.489125,18.47058,20.730871,26.246542,26.735697,31.107939,31.845287,29.146915,26.87516,24.702173,18.81259,20.203209,14.610285,16.276814,8.652341,12.862987,10.106836,12.048769,11.578559,12.513769,8.246876,6.3844056,13.505058,12.804293,15.805082,19.00479,19.454636,21.785692,22.79251,27.065145,29.85697,34.09642,33.14883,34.537342,31.0665,30.764807,26.737562,27.347046,26.27593,24.445509,28.40686,26.743198,23.802813,29.944118,28.949429,30.921276,34.83327,32.650864,35.176765,36.094807,36.0388,32.899635,27.753351,28.9631,24.51315,26.938513,22.217451,25.680454,20.421436,23.227848,20.284466,17.076517,15.891853,13.826565,14.877708,12.780711,15.674928,12.145894,18.43962,18.551704,22.382545,23.474424,26.498041,24.729652,21.840963,21.143167,17.240467,18.451298,13.455645,18.013058,13.911256,18.29901,19.6098,21.02114,24.010572,22.565634,27.637478,22.862823,27.175724,25.588512,29.385893
14,27.073778,28.72338,26.399559,24.608109,21.715466,20.955622,16.76221,14.722366,11.303954,8.218033,7.1419315,5.2922015,4.6760154,3.8686786,0.0,5.608909,6.992008,10.397058,13.311642,16.33075,18.641663,23.931152,25.025742,29.168991,30.061357,27.70729,25.180124,23.35725,17.833284,19.732594,14.480482,17.269642,10.328402,15.614133,13.207191,15.628917,15.339968,16.37653,11.948947,9.408608,16.224266,14.306601,17.710316,19.965527,19.95144,21.869354,22.37084,26.507376,29.26937,33.310333,32.73705,34.53986,31.1992,31.395847,27.574226,28.695614,27.677673,26.335556,30.593172,28.73244,25.559952,31.302029,29.773079,31.401972,35.10944,32.439697,34.752956,35.20389,35.023163,32.217705,27.576038,29.007215,24.888023,27.7592,23.273928,27.377258,22.208254,25.543879,22.9351,19.450832,18.264542,15.55108,16.273024,13.408652,15.642375,11.469522,17.425741,16.729721,20.301655,21.311626,24.182266,22.172674,19.062819,18.63856,14.821654,16.975609,12.19114,17.558275,13.87881,18.864017,20.900497,22.781433,25.510208,23.599926,28.562626,23.247885,27.158224,25.169401,28.622726
15,22.314035,24.04338,22.291382,20.131771,17.648914,16.605272,11.977958,11.101827,6.7004876,5.460251,5.6976943,7.4181933,8.513609,6.3792176,5.608909,0.0,4.3720765,5.9049573,9.617648,12.237161,14.8224,20.094538,20.525637,24.894,25.476675,22.78745,20.592205,18.588871,12.565079,14.59004,8.912263,12.382563,7.5769544,12.670495,12.247746,14.3741455,15.537319,16.340805,11.190476,7.424942,12.640047,9.395764,13.085177,14.584725,14.430005,16.288572,16.885212,21.078918,23.827528,27.967863,27.255505,28.96466,25.681465,25.81613,22.063957,23.402634,22.420225,21.429562,25.935192,24.158325,20.830828,26.39701,24.495337,26.199007,29.645449,27.108463,29.670235,30.161243,30.378284,27.628939,22.647348,24.38616,20.20208,23.413486,19.080835,23.708836,18.920343,22.69551,20.571531,17.198317,17.429276,14.87604,13.65182,10.365771,11.803399,7.4851394,13.228865,12.410536,16.338266,17.22376,20.39251,18.987213,16.23051,15.757729,12.180912,14.246083,10.323749,15.014111,12.71905,16.356863,19.097654,21.053854,22.942709,20.896317,25.0962,19.563229,23.273752,20.907217,24.66752
16,20.78308,21.993496,19.858837,17.736269,14.79194,14.689471,10.158409,8.419157,6.232704,4.2774477,7.0358033,7.423176,10.137589,9.294896,6.992008,4.3720765,0.0,4.5378547,6.3807955,9.824778,11.671561,17.221788,18.134571,22.276741,23.471598,21.315556,19.394238,18.15275,12.209403,15.587411,10.19382,15.289042,11.834762,16.817095,16.599792,18.523037,19.574661,20.058674,15.062588,11.437738,16.135498,12.093219,16.281866,16.669079,15.306996,17.160873,16.546074,21.023233,23.348951,27.333855,26.751625,28.926968,25.587833,26.727867,23.135027,24.91316,24.509804,24.010992,28.751055,27.226295,23.796108,28.971981,26.394835,27.872454,30.666906,27.783243,30.323807,30.069382,30.545712,28.416126,23.951212,26.143244,22.381998,26.086693,22.12637,27.2263,22.699486,26.71381,24.786175,21.411543,21.68703,18.919992,17.522348,13.882855,14.435629,9.777246,14.293001,11.52458,15.08656,15.2678585,18.536179,17.233446,14.099119,14.548798,11.51636,15.3005905,12.223183,17.389479,15.78414,19.606861,22.843536,25.026094,26.648964,24.324715,28.169233,22.259487,25.389608,22.437126,25.82146
17,18.764946,19.604445,18.510904,15.413025,12.973511,13.438291,7.7632008,8.540447,6.2804093,7.204884,10.014014,11.646699,13.888093,12.191995,10.397058,5.9049573,4.5378547,0.0,4.583043,6.346483,9.523795,14.263826,15.011435,19.22243,19.750513,17.311022,15.107357,13.651172,7.8701606,11.253863,6.707233,12.393984,11.385789,16.181078,17.02857,19.16298,20.938858,21.667301,16.469799,12.519614,15.70144,10.810308,14.442155,13.596615,12.418201,13.268963,12.859265,16.740587,19.315046,23.165632,22.927027,25.197355,22.251955,23.169928,19.98117,22.226727,21.462605,21.53563,26.358953,24.530085,20.997644,25.530508,22.579126,23.768805,26.487995,23.380487,25.824524,25.55655,26.033966,23.96738,19.614157,21.982368,18.49324,22.499414,18.959354,24.519213,20.490372,24.894135,23.569754,20.256018,21.278467,18.467983,15.885379,12.043627,11.434973,7.159422,10.289116,7.191482,10.996334,11.411221,14.733851,13.734673,11.062989,11.218878,8.579659,12.229843,10.461108,14.761068,14.562419,17.337519,21.175655,23.53703,24.425919,21.865988,25.025925,18.93415,21.598473,18.32681,21.677193
18,16.297056,16.551626,15.067259,12.043431,9.103303,10.814799,5.7304325,6.0215106,7.2737827,8.289484,12.089841,13.258345,16.421473,15.489125,13.311642,9.617648,6.3807955,4.583043,0.0,4.2469115,5.3782835,10.951027,11.887864,15.913388,17.359901,15.579793,14.3099375,14.003816,8.553823,13.407846,9.500289,15.936281,15.817783,20.163933,21.27284,22.986382,24.76289,25.071875,20.01601,16.18356,18.881985,13.677963,17.654545,15.965264,13.381718,14.482288,12.437784,16.746466,18.510908,22.183746,21.862118,24.555456,21.497799,23.649715,20.661787,23.221317,23.29385,23.800568,28.734423,27.408564,23.913082,28.070084,24.503555,25.584211,27.344212,24.136942,26.6947,25.586231,26.646854,25.37338,21.524424,24.374279,21.354887,25.669365,22.553862,28.294464,24.602703,29.021168,27.801126,24.628595,25.815296,23.04732,20.353533,16.537647,15.506171,11.542081,13.24368,8.172377,10.9857025,9.934044,13.508383,13.188706,10.397723,11.958127,10.611846,15.4135685,14.504644,18.719255,18.966024,21.623222,25.633904,28.012478,28.663195,26.040916,28.718935,22.57535,24.648136,20.904028,23.867596
19,16.178253,15.599937,15.478935,11.228053,9.092206,12.033112,6.593661,9.323625,10.298416,12.109851,15.642033,17.099098,19.878925,18.47058,16.33075,12.237161,9.824778,6.346483,4.2469115,0.0,4.8952127,7.9657154,9.40401,13.1914835,13.815229,12.009328,10.143939,10.126018,6.306732,11.013972,9.421056,15.511308,17.078043,21.336496,22.918512,24.930906,27.04205,27.645855,22.498222,18.554344,20.467651,15.028224,18.20698,15.431744,13.183655,12.772172,10.71552,13.724663,15.663267,18.88601,19.288654,22.275276,19.87765,21.917934,19.62445,22.704967,22.373554,23.513023,28.376898,26.691729,23.196737,26.433249,22.468853,23.014547,24.563272,20.903797,23.125834,21.712027,22.662153,21.717205,18.50146,21.516197,19.144197,23.681879,21.218306,27.256613,24.126057,28.804583,28.140594,25.02397,26.575865,23.716452,20.384153,16.581465,14.5662,11.480586,11.01095,5.015357,7.0169983,5.723384,9.376414,9.483557,7.348682,9.0125065,8.907863,13.589374,14.205113,17.4716,18.943352,20.810247,25.25007,27.803402,27.832834,24.981312,26.968184,20.772326,22.089458,18.023249,20.557743
20,13.141888,12.218183,11.290459,7.5676894,4.686505,8.96205,5.763531,7.50985,10.987686,12.794938,16.697609,18.064947,21.522171,20.730871,18.641663,14.8224,11.671561,9.523795,5.3782835,4.8952127,0.0,6.5638137,7.103283,10.853078,13.12229,12.089591,12.303844,13.309522,9.2992325,14.697424,12.352014,18.826904,20.494717,24.190811,25.999615,27.39339,29.506287,29.565907,24.631365,20.860523,22.377987,16.92039,20.585901,17.668312,14.109801,14.754197,11.203762,15.174489,15.89759,19.110592,18.844316,21.98252,19.172062,22.515253,20.164055,23.183695,23.92989,25.158407,30.047699,29.126404,25.756872,29.061203,24.804224,25.610088,26.178225,22.930729,25.536928,23.54243,25.357277,25.023417,21.843956,25.16582,22.859253,27.419704,25.030052,30.94316,27.925535,32.40684,31.594831,28.673885,30.383057,27.737715,24.446981,20.755987,19.001911,15.775668,15.682715,9.7519,10.987763,8.273219,11.742933,12.813344,10.893935,13.372103,13.614619,18.484285,18.812439,22.256878,23.441765,25.345564,29.627182,32.01045,32.067097,29.38411,31.169657,25.14336,26.377874,22.19952,24.695751
21,15.412764,12.628584,13.891892,9.075563,8.372181,13.744891,11.167102,14.021131,17.016079,19.02866,22.848051,24.138332,27.339916,26.246542,23.931152,20.094538,17.221788,14.263826,10.951027,7.9657154,6.5638137,0.0,4.9456325,6.1357646,7.8631816,8.468227,8.817567,11.523583,11.493074,15.73552,16.17215,21.873917,24.857008,28.622412,30.693571,32.47181,34.792572,35.177063,30.128145,26.240747,27.29645,21.742561,24.588093,20.652187,17.580109,16.430082,12.859241,14.191857,14.410871,16.12437,17.276672,21.01748,19.494272,23.059063,21.968906,25.582582,25.984049,28.03311,32.694763,31.417137,28.164982,30.05872,25.285233,25.180769,24.96956,21.091341,22.92027,19.861494,21.675087,22.482143,20.963812,24.415316,23.372717,28.035885,26.67672,32.78462,30.516682,35.22667,35.049953,32.17922,34.11297,31.29784,27.561102,23.930542,21.276636,19.003954,16.700678,10.87128,9.542148,5.883668,7.587984,10.0433445,9.814847,12.674517,14.790021,19.322704,21.309143,23.750149,26.17454,27.383825,32.07096,34.67054,34.032555,31.083237,31.94795,26.055954,26.055714,21.59968,22.987486
22,10.850453,7.9959054,10.2684355,5.0589485,6.215076,10.647013,9.55662,13.135218,16.157213,18.94611,22.573166,24.631489,27.918133,26.735697,25.025742,20.525637,18.134571,15.011435,11.887864,9.40401,7.103283,4.9456325,0.0,4.6621585,6.7977166,6.3345256,9.386676,11.657516,10.58821,15.004896,15.181701,20.673006,24.775988,27.51994,30.317793,31.47986,34.169422,34.188927,29.388243,25.685139,25.530886,20.083405,22.71542,18.370138,14.647409,13.918882,9.541881,11.5398655,10.800285,13.080141,13.163257,16.78436,14.918229,19.121502,18.089964,21.668531,22.733147,24.968256,29.504202,28.838947,25.792799,27.596107,22.672678,22.972174,22.045452,18.893429,21.466118,18.618752,21.469227,22.198793,19.909971,23.596245,22.363495,26.926933,25.686302,31.5467,29.65098,34.095238,34.010178,31.531685,34.03781,31.671206,27.486712,24.200518,21.582663,19.677399,17.489285,12.226917,11.770607,8.328102,10.648288,13.606462,13.538754,15.77049,17.341585,21.150248,22.907154,24.873081,27.326801,27.83711,32.30417,34.59367,33.710747,31.069412,31.476772,25.975573,26.076372,21.673716,23.57963
23,13.565678,9.523397,12.532384,8.286194,9.830634,14.590716,14.160645,17.35658,20.727129,23.319773,27.048672,28.847666,32.20963,31.107939,29.168991,24.894,22.276741,19.22243,15.913388,13.1914835,10.853078,6.1357646,4.6621585,0.0,4.8409653,7.1790247,10.804886,14.003362,14.766478,18.586216,19.631968,24.85924,29.17699,32.023434,34.816097,36.088596,38.7771,38.84372,34.018764,30.285025,30.125942,24.694801,27.139002,22.53911,18.972141,17.740887,13.537407,14.022399,12.512395,13.183581,14.100021,17.972837,17.03561,21.627178,21.389181,25.085701,26.228416,28.814016,33.14308,32.484425,29.577007,30.634247,25.500786,25.30714,23.596518,20.316372,22.32883,18.5849,21.643295,23.352959,22.254356,25.928642,25.449406,29.959736,29.255907,35.115353,33.567944,38.06222,38.210007,35.75164,38.272064,35.804115,31.561737,28.268658,25.390068,23.709698,20.855171,15.680192,14.167605,10.657926,11.521748,14.931888,15.548316,18.034346,20.350456,24.184944,26.515467,28.239756,31.089952,31.47651,36.0877,38.47181,37.326523,34.580162,34.55311,29.195982,28.64878,24.197016,25.365437
24,15.743224,12.183155,16.051712,11.2788,12.995862,17.101458,15.580506,19.655582,21.963234,24.864222,28.35538,30.449547,33.405685,31.845287,30.061357,25.476675,23.471598,19.750513,17.359901,13.815229,13.12229,7.8631816,6.7977166,4.8409653,0.0,4.0129805,7.6299067,11.038524,13.973392,16.473621,19.163832,23.456614,28.671501,31.342337,34.366146,35.886917,38.775703,39.160126,34.305046,30.553284,29.973139,24.66165,26.346651,21.339872,18.657787,16.155785,12.883303,11.202299,10.0056925,9.640138,12.00766,15.953659,16.070719,19.664154,20.172153,24.103544,24.491844,27.445354,31.522932,30.399675,27.6175,27.787342,22.593378,21.823776,20.069605,16.365967,17.879688,13.889405,16.901201,18.942322,18.60935,22.190527,22.4175,26.784128,26.725393,32.49669,31.496183,36.006405,36.605537,34.28075,37.019043,34.61077,30.04279,27.013512,23.694382,22.865002,18.889832,14.7131405,12.4943285,9.718891,9.56203,13.394508,14.997294,16.737696,19.475533,22.325552,25.44186,26.196684,29.753216,29.387283,34.05047,36.4397,34.817356,32.04346,31.385492,26.361599,25.166634,20.78937,21.478687
25,14.150085,11.563875,15.411357,10.393875,12.130788,15.256473,13.183589,17.783123,19.3003,22.515697,25.734882,28.217478,30.942785,29.146915,27.70729,22.78745,21.315556,17.311022,15.579793,12.009328,12.089591,8.468227,6.3345256,7.1790247,4.0129805,0.0,5.5694795,8.069427,10.657487,12.819501,15.739032,19.653028,25.348333,27.649523,30.90935,32.32554,35.354572,35.760128,30.991493,27.3222,26.325949,21.136982,22.521107,17.414228,15.001906,12.184647,9.247251,7.2906523,6.7151003,7.726309,9.685002,13.476258,13.266311,16.225838,16.514498,20.478056,20.590357,23.50885,27.613432,26.410547,23.60632,23.951443,18.793858,18.270382,16.989256,13.312655,15.424676,12.293127,15.381242,16.55206,15.195148,18.886442,18.730577,23.115513,22.928656,28.650583,27.685171,32.122112,32.75043,30.546244,33.481236,31.265512,26.514479,23.678139,20.363861,19.838596,15.866984,12.25865,10.710196,8.430182,9.211964,12.801783,14.201401,15.354131,17.569468,19.846146,22.797909,23.238405,26.788765,26.062443,30.60128,32.859592,31.193329,28.54568,27.877213,22.920475,22.010105,17.661331,18.95614
26,18.24066,16.23245,19.13653,13.831379,14.286409,17.631544,13.676017,18.17465,18.732254,21.497501,24.560402,26.672026,28.937374,26.87516,25.180124,20.592205,19.394238,15.107357,14.3099375,10.143939,12.303844,8.817567,9.386676,10.804886,7.6299067,5.5694795,0.0,3.7899728,9.132216,10.11556,14.1856985,17.688395,22.70162,25.836546,28.500067,30.62621,33.40379,34.340546,29.369287,25.57295,25.506014,20.360432,21.555023,16.906345,15.756553,12.154577,10.879374,8.391034,10.275609,11.319728,14.019809,17.36055,17.201488,18.60982,18.546139,22.415216,21.328753,23.911442,28.100195,25.938103,22.894999,23.373875,18.638376,17.654474,18.068087,13.453614,14.596996,12.113621,13.209487,13.66479,12.80616,16.149382,16.116798,20.615211,20.31891,26.305893,25.030426,29.755018,30.425385,27.874243,30.353157,27.78224,23.277689,20.283241,16.704847,16.425741,11.623824,8.562895,5.9191318,5.2026653,4.9403534,8.001186,10.013842,10.41054,13.04839,14.929601,18.519558,18.725422,22.626762,22.093882,26.860228,29.409834,27.846388,24.878157,24.605238,19.232098,18.19293,13.726044,14.661975
27,18.964142,17.82361,20.432917,15.322099,15.557893,17.890778,13.305,17.926014,17.360163,20.221663,22.844921,25.226467,27.073235,24.702173,23.35725,18.588871,18.15275,13.651172,14.003816,10.126018,13.309522,11.523583,11.657516,14.003362,11.038524,8.069427,3.7899728,0.0,7.2944098,6.6006026,11.690207,14.295586,19.679516,22.601267,25.348274,27.563023,30.414917,31.5255,26.64069,22.950869,22.674452,17.812168,18.50214,14.014559,13.835825,9.715187,9.944067,7.2886944,10.494448,12.300059,14.541325,17.294464,16.949348,17.178717,16.827272,20.499197,18.735514,21.109373,25.247923,22.706203,19.609108,20.275341,15.859496,14.994941,16.525633,11.95501,13.293848,12.188499,12.655079,11.75071,9.7004385,12.959678,12.4731865,17.02688,16.562603,22.580812,21.279078,26.01348,26.759537,24.252304,26.835648,24.39067,19.718792,16.944551,13.234631,13.582301,8.346801,6.997936,5.537438,6.6675067,7.254625,8.867563,10.454262,9.710286,11.52012,12.221544,15.824634,15.423245,19.491938,18.494556,23.201519,25.691923,24.070782,21.139061,20.94366,15.502642,14.763947,10.281139,11.974834
28,14.9052725,15.238935,16.257105,12.005534,11.389454,12.108648,6.843157,11.3556385,10.189193,13.41014,16.005024,18.812551,20.953438,18.81259,17.833284,12.565079,12.209403,7.8701606,8.553823,6.306732,9.2992325,11.493074,10.58821,14.766478,13.973392,10.657487,9.132216,7.2944098,0.0,5.5507317,5.2683835,10.40548,14.778093,17.606716,20.403046,22.04055,24.85538,25.46865,20.546564,16.797722,16.718899,11.3721,13.374303,9.603045,8.13318,6.5700984,6.078172,8.870869,11.660342,15.492457,15.463328,17.778913,15.499316,16.276363,14.005033,17.12957,16.242546,17.627495,22.38938,20.609034,17.173231,20.179714,16.233282,17.06983,18.975954,15.791125,18.548147,18.172777,19.428041,17.73877,13.283877,16.386658,13.629779,18.144236,15.87638,21.839909,19.319021,23.889277,23.682817,21.03567,23.544193,21.282152,16.91049,13.77093,11.229371,9.79117,8.210867,5.2265596,7.9543576,7.9548855,11.207783,12.023807,11.284946,11.203994,10.744021,12.719682,13.762817,15.205662,17.422117,17.54628,21.829535,24.051758,23.44211,20.876383,22.097837,16.341658,17.723726,13.78733,17.127886
29,19.055761,19.50609,21.233215,16.948648,16.806541,17.11157,12.173313,16.447105,13.983344,17.012796,18.7155,21.714178,22.951298,20.203209,19.732594,14.59004,15.587411,11.253863,13.407846,11.013972,14.697424,15.73552,15.004896,18.586216,16.473621,12.819501,10.11556,6.6006026,5.5507317,0.0,6.797236,7.707327,13.963137,16.141872,19.261677,21.27075,24.318245,25.462044,20.799797,17.375742,16.496183,12.154733,12.143656,8.210569,9.763085,5.8988223,8.889504,8.4667635,12.397033,15.624266,16.253134,17.899485,16.594408,15.286433,13.724038,16.665176,14.145729,15.69931,19.976414,17.17108,13.815495,15.973044,12.453432,12.823153,16.109318,12.802767,15.081781,16.02046,16.344082,13.567988,8.421675,11.087324,8.187776,12.766514,10.945365,17.05667,15.169257,19.865753,20.351963,17.92656,20.84693,18.819574,13.802925,11.422571,8.003759,9.138615,5.362418,7.349096,9.238008,10.950221,12.906734,13.278938,13.459336,11.904909,11.391038,10.517253,12.55,11.752865,15.121773,13.569313,17.892979,20.07818,18.762236,16.151722,16.714693,11.122902,12.288307,8.571665,12.451999
30,16.87799,18.448854,18.484678,15.334054,14.274056,13.126392,8.107571,11.096071,7.4599824,10.611006,12.129404,15.508575,17.048931,14.610285,14.480482,8.912263,10.19382,6.707233,9.500289,9.421056,12.352014,16.17215,15.181701,19.631968,19.163832,15.739032,14.1856985,11.690207,5.2683835,6.797236,0.0,6.606001,9.995922,12.507004,15.336476,16.78223,19.635416,20.236357,15.362691,11.712244,11.677986,6.4401846,8.816397,6.911119,6.831502,7.391669,8.832008,12.493866,15.425444,19.634094,18.868263,20.37903,17.530813,17.228848,13.950821,16.056301,14.806209,15.007786,19.826591,18.020372,14.492817,19.03764,16.211212,17.870321,20.815805,18.444357,21.406654,22.061651,22.967932,20.358303,14.858157,17.221321,13.236114,17.11194,13.663309,19.147451,15.801639,20.11039,19.321692,16.622663,19.070957,17.116545,12.987806,10.07483,8.816062,7.000165,8.64883,8.235686,11.986305,12.707888,15.935413,15.914198,14.527999,13.824947,11.781925,12.715694,11.888363,13.645395,14.512535,14.8884115,18.524754,20.436937,20.493977,18.318394,20.511621,14.997948,17.767603,14.738029,18.843208
31,21.503271,23.438684,24.071234,21.044706,20.529322,18.782253,14.4922085,17.34171,12.870569,15.493841,15.502754,19.118908,19.346943,16.276814,17.269642,12.382563,15.289042,12.393984,15.936281,15.511308,18.826904,21.873917,20.673006,24.85924,23.456614,19.653028,17.688395,14.295586,10.40548,7.707327,6.606001,0.0,8.589693,8.65471,12.562011,14.011109,17.374146,18.503958,14.383472,11.721846,9.62179,7.172685,5.2289224,5.0784993,9.330539,8.617941,12.658615,14.309155,17.741104,21.587465,20.896488,21.42074,19.238327,16.643993,13.723699,14.9125185,11.803535,11.308153,15.46204,12.562033,9.072781,14.078009,12.804402,14.769524,19.173136,17.605696,20.301039,22.463882,22.730112,19.047155,12.826892,13.959104,9.146495,11.815293,7.6704745,12.642901,9.401724,13.652734,13.355149,11.114345,14.58349,13.514561,8.407279,7.471911,6.675987,8.356037,9.509485,12.769313,15.939595,17.60711,20.102118,19.857021,19.113104,17.346964,15.12437,13.213984,12.41561,11.59435,12.670052,10.731515,13.526463,14.908927,14.491147,12.853242,14.866207,10.387492,14.038644,12.480379,17.082666
32,25.952057,28.062801,27.231646,24.759567,23.046146,21.342756,16.728527,17.316935,12.018865,12.255782,10.729609,13.200618,12.030176,8.652341,10.328402,7.5769544,11.834762,11.385789,15.817783,17.078043,20.494717,24.857008,24.775988,29.17699,28.671501,25.348333,22.70162,19.679516,14.778093,13.963137,9.995922,8.589693,0.0,6.450318,6.0225997,9.273415,11.119864,13.03371,8.315589,5.5573263,9.249029,8.577388,9.317938,12.595944,15.043217,16.023874,18.668303,21.58877,24.938553,28.953854,28.315311,29.260735,26.477793,24.75995,21.232294,21.911968,19.558348,17.913765,21.678892,19.080866,16.088903,21.840853,21.313072,23.145746,27.720144,25.762457,28.080832,29.839647,29.47737,25.774134,20.307264,21.010998,16.406515,18.399723,13.622635,17.147972,11.971465,15.388626,13.152723,9.650643,10.172359,8.144597,6.6630425,4.9918385,8.327245,7.00407,12.607478,15.153775,18.914272,20.777319,23.464132,22.016811,20.111347,18.385252,14.738171,13.518367,9.431703,11.496257,8.537868,10.631839,12.244253,13.754076,15.933269,14.442228,19.138533,14.638014,19.205435,18.167162,22.287016
33,26.504753,29.341724,28.720675,26.854399,25.766294,22.836475,19.380068,20.23905,14.809259,15.861987,13.677796,17.080654,15.7949505,12.862987,15.614133,12.670495,16.817095,16.181078,20.163933,21.336496,24.190811,28.622412,27.51994,32.023434,31.342337,27.649523,25.836546,22.601267,17.606716,16.141872,12.507004,8.65471,6.450318,0.0,5.372799,5.4930673,9.0843725,10.323332,7.3631663,7.043238,5.134549,8.216291,6.314549,11.526642,14.828108,16.413115,19.723764,22.597147,25.647978,29.788876,28.422571,28.492794,25.649635,22.97421,19.310501,18.862217,16.406391,13.740018,16.705103,14.642206,12.335781,18.81905,19.449862,22.014025,26.593382,25.83195,28.565973,31.048405,31.166733,27.18413,21.034603,21.391956,16.516945,17.39154,12.643226,14.348865,9.687883,11.562413,8.8767185,6.8914914,9.442241,10.014778,8.005618,9.193462,11.914467,12.313551,16.527681,19.499882,23.202658,24.804443,27.616352,26.79902,25.278755,23.577028,20.32869,18.484964,15.285319,15.541193,13.378264,12.902173,12.885622,12.952787,14.782265,14.599088,18.440252,15.655812,20.357141,20.028536,24.487146
34,30.164272,32.815342,31.689396,29.810318,28.166355,25.671852,21.814978,21.820372,16.373184,16.10289,13.270806,15.451613,12.994066,10.106836,13.207191,12.247746,16.599792,17.02857,21.27284,22.918512,25.999615,30.693571,30.317793,34.816097,34.366146,30.90935,28.500067,25.348274,20.403046,19.261677,15.336476,12.562011,6.0225997,5.372799,0.0,4.590442,5.6912875,8.439115,5.659766,6.4157386,9.235793,11.801027,11.356127,16.195646,19.057058,20.597107,23.551865,26.559513,29.795345,33.899624,32.860977,33.28339,30.377316,28.053509,24.363695,24.109941,21.708822,19.111153,21.908218,19.622679,17.413614,23.578545,24.259075,26.472683,31.323761,30.069641,32.450912,34.759644,34.3558,30.309248,24.627462,24.765472,20.058912,20.873178,16.046974,17.515497,12.308518,13.827726,10.462655,7.7523594,7.030566,7.2021213,8.5008,9.550008,13.33489,12.945978,18.225061,21.158283,24.901558,26.75796,29.45984,27.994858,26.077433,24.275425,20.547789,18.780655,14.48087,15.676949,11.774405,13.204815,12.450695,12.630913,15.8899355,15.634461,20.701828,17.780973,22.705708,22.597473,26.735079
35,29.69994,32.870033,31.50885,30.297703,28.87492,25.52766,22.621593,22.347095,16.987104,16.966373,13.722847,16.456268,14.290302,12.048769,15.628917,14.3741455,18.523037,19.16298,22.986382,24.930906,27.39339,32.47181,31.47986,36.088596,35.886917,32.32554,30.62621,27.563023,22.04055,21.27075,16.78223,14.011109,9.273415,5.4930673,4.590442,0.0,3.9825072,5.0209007,4.3641806,7.1138825,7.3276687,11.687406,11.029436,16.469236,18.984474,21.36713,24.155684,27.658613,30.507221,34.812492,33.15474,33.17615,29.96949,27.632006,23.677408,22.731998,20.932108,17.770288,20.160133,18.850664,17.088259,23.685532,24.660248,27.38131,31.83257,31.238085,34.048615,36.451,36.59602,32.62115,26.518314,26.818485,21.96802,22.58082,17.871029,18.660473,14.047812,14.573285,10.966357,9.693034,10.132707,11.448296,11.9672575,13.201941,16.577925,16.144035,21.242527,23.70598,27.589943,29.036064,32.024483,30.976358,29.0409,27.540396,23.947096,22.56388,18.501379,19.615671,16.190264,16.913801,15.908601,15.443558,18.314972,18.61457,22.996777,20.627708,25.474388,25.308794,29.681396
36,32.68737,35.804417,34.07005,32.977974,31.237104,28.061863,25.090097,24.217068,19.000326,18.15014,14.51476,16.267027,13.302418,11.578559,15.339968,15.537319,19.574661,20.938858,24.76289,27.04205,29.506287,34.792572,34.169422,38.7771,38.775703,35.354572,33.40379,30.414917,24.85538,24.318245,19.635416,17.374146,11.119864,9.0843725,5.6912875,3.9825072,0.0,3.6295252,5.126382,8.646274,11.004546,14.893029,14.827132,20.150553,22.424347,24.856411,27.42582,31.073013,33.982407,38.300373,36.752415,36.93818,33.647953,31.523502,27.518934,26.625574,24.905107,21.748371,24.022642,22.663036,20.959887,27.452183,28.479326,31.070856,35.645924,34.840164,37.508293,39.818134,39.727898,35.724857,29.827513,30.028666,25.240934,25.808203,21.06008,21.676949,16.889032,17.141565,13.31313,11.934109,10.693551,11.938956,14.065248,15.188752,18.92998,18.077993,23.643442,25.976675,29.877161,31.397438,34.35284,32.972176,30.787874,29.303783,25.482128,24.25847,19.67636,21.31512,17.079414,18.74868,17.31894,16.811943,20.362007,20.699532,25.620882,23.26053,28.198116,28.145746,32.35691
