,0,1,2,3,4,5,6,7,8,9,10,11,12,13,14,15,16,17,18,19,20,21,22,23,24,25,26,27,28,29,30,31,32,33,34,35,36,37,38,39,40,41,42,43,44,45,46,47,48,49,50,51,52,53,54,55,56,57,58,59,60,61,62,63,64,65,66,67,68,69,70,71,72,73,74,75,76,77,78,79,80,81,82,83,84,85,86,87,88,89,90,91,92,93,94,95,96,97,98,99,100,101,102
0,0.0,4.51859,6.6597586,9.010606,12.23691,13.539967,17.607876,22.398554,24.001335,27.79626,29.478779,33.748154,31.39946,29.05188,25.35755,22.900192,18.931875,18.251995,11.872712,13.374922,11.406636,9.891269,11.017255,14.605074,15.979274,16.660183,17.883299,16.655416,20.540888,17.016182,24.475183,20.426825,27.520813,27.16882,27.403025,28.927765,25.239435,25.759302,21.298899,19.061623,24.01822,19.956467,24.66737,24.270388,27.840687,28.16866,31.996487,29.497051,35.904594,34.777805,37.779922,39.318653,38.311607,43.321636,39.258717,37.747494,34.572327,32.014908,30.56309,29.185812,29.040522,25.475183,26.194042,22.915325,25.583656,19.09403,22.03591,21.615257,24.600746,22.485273,25.072538,21.199493,23.916315,21.17434,23.681528,23.567719,25.14428,29.261677,26.673563,31.86268,28.780579,35.171185,31.971243,27.627361,26.129396,23.147997,23.182056,20.458412,17.622713,19.729301,18.232733,21.58104,22.29305,20.194244,22.492113,23.1084,20.817478,22.935078,19.548532,17.787594,16.219048,16.557146,11.968763
1,4.51859,0.0,4.881502,5.7382927,8.36891,11.150946,13.854685,19.488964,20.89572,24.805454,26.741734,31.135107,28.973518,26.90212,23.117811,20.406542,16.533627,15.156792,9.753748,9.852899,9.061926,6.7696652,9.42609,12.489489,13.012405,14.406809,14.942217,14.463947,18.213413,15.450261,22.747478,19.177237,26.735167,26.13374,27.125652,29.042706,25.901655,26.413778,21.784836,19.243753,23.924988,19.819353,23.657375,23.176704,26.394302,26.103647,29.527128,26.569258,32.927326,31.427286,34.1967,35.787766,34.38529,39.472263,35.382225,34.109245,30.861439,28.36871,26.55527,25.345968,24.725504,21.536839,22.055872,18.920473,21.819214,15.43966,18.99905,18.64612,20.965559,18.568748,20.86418,16.860228,19.485304,16.973558,19.4253,19.723194,21.314478,25.995539,23.622684,28.897284,26.484781,32.995598,30.111202,25.568163,23.639688,20.677319,20.121752,17.248667,13.752451,15.516391,13.84612,17.094868,17.911552,16.020618,18.299246,19.2302,17.118746,19.787987,16.865774,15.801295,14.63946,16.31561,12.593962
2,6.6597586,4.881502,0.0,5.036249,7.1596622,7.415374,12.04387,16.064207,18.251513,21.77267,24.200323,28.435734,25.504965,23.570646,19.37222,17.409262,13.583121,13.215226,8.427563,10.404606,10.935562,9.870172,13.001447,15.028012,15.045268,15.833816,14.922425,13.5519085,16.484035,12.92896,19.924118,15.267548,23.1357,21.804577,22.993883,24.704557,21.834526,22.773525,18.302889,16.15574,21.123821,18.025711,21.644445,22.146318,25.522388,24.603186,28.721457,25.37909,31.946377,31.022167,33.464268,35.823654,34.592995,39.692158,36.220615,35.134483,32.026882,29.055655,27.314926,25.325787,24.860909,20.837751,20.764639,17.133617,19.31032,12.863622,15.428138,15.3711815,18.607904,16.751429,19.487476,16.00995,19.20458,16.656078,20.020607,20.013437,22.754818,26.814943,25.331043,30.325201,28.447964,34.626278,31.165102,26.618446,24.29772,22.138605,20.43594,19.404364,14.919956,17.181038,15.783423,18.381216,19.523325,17.494648,18.75095,19.528694,16.49417,19.174326,15.246611,14.246534,11.866986,14.042716,10.597938
3,9.010606,5.7382927,5.036249,0.0,3.7433062,6.4426003,8.78392,14.38441,15.318703,19.331741,21.01235,25.410034,23.492653,21.354168,17.854614,14.775927,10.94169,9.4512205,4.652093,5.3878884,6.650698,6.2386107,9.871742,10.75354,10.255803,11.133729,10.035699,9.310351,12.645017,10.243621,17.276012,14.367293,21.87875,21.568459,22.899534,25.293701,22.650345,22.906895,18.244034,15.442814,19.62833,15.801739,18.726368,18.564697,21.593739,20.698294,24.290712,21.07321,27.538017,26.358517,29.041525,31.053577,29.979177,35.028233,31.45877,30.222342,27.143742,24.160576,22.651602,20.693329,20.803875,16.623337,17.521542,14.371926,17.534737,12.239692,15.454045,16.369043,18.48236,16.09712,17.6861,13.653294,15.992504,12.627871,15.714608,15.2643175,17.95321,21.804384,20.334394,25.294971,23.600546,29.751972,26.44713,21.839043,19.406534,17.235601,15.481788,14.563162,10.10278,12.924589,12.388958,15.265835,17.152792,16.233728,17.755058,19.356924,16.91439,20.501204,17.440859,17.311064,15.44049,18.498507,15.460635
4,12.23691,8.36891,7.1596622,3.7433062,0.0,5.767722,5.4864087,11.866528,12.86803,16.811615,19.102339,23.531677,21.512033,19.85868,16.126019,13.172814,9.774109,7.6256323,6.3569627,5.1875405,8.743426,8.129457,12.241064,12.328352,10.750343,12.165043,9.613643,9.745672,12.072075,10.690743,16.722908,14.1166315,21.842476,20.9206,23.072361,25.61696,23.646772,24.083715,19.59923,16.917612,20.690239,17.435652,19.254135,19.365072,21.93213,20.141088,23.407892,19.516403,25.901907,24.477636,26.697847,29.060455,27.527153,32.663082,29.284964,28.4322,25.343393,22.325912,20.349834,18.334246,17.75548,13.783785,14.000402,10.765615,13.986005,8.940025,12.603641,13.704608,15.164612,12.657217,13.973722,9.985838,12.49839,9.505683,13.029507,13.132128,16.295895,20.578346,19.733324,24.546524,23.796947,29.80761,26.76726,22.117832,19.18731,17.418941,14.581624,14.255989,8.724714,11.014007,10.408729,12.568748,14.670403,14.004695,14.935898,16.780218,14.324375,18.32987,15.650482,16.255949,14.662337,18.618471,16.503971
5,13.539967,11.150946,7.415374,6.4426003,5.767722,0.0,6.9954767,8.955615,11.172807,14.495672,17.055735,21.188059,18.100616,16.266497,12.041477,10.152072,6.5657587,7.2107444,6.3202395,9.178742,11.896279,12.463369,15.959778,15.847859,14.729717,14.841916,11.578566,9.737261,10.806498,7.648104,13.348956,8.917658,17.077606,15.557729,17.623432,19.96448,18.15467,18.947104,14.694508,12.535352,16.622631,14.715072,16.566843,18.01323,20.964499,18.829433,23.281456,19.403427,25.98385,25.658611,27.690662,30.85206,29.987179,34.939568,32.371147,31.496048,28.718374,25.175655,23.77829,20.75164,21.04488,15.817179,15.69955,11.980468,13.874123,9.460293,10.675076,12.717248,15.715755,14.237894,16.050003,13.165469,16.010801,12.906136,17.078121,16.26059,20.442234,23.239828,23.201004,27.502565,26.785583,32.244957,28.348007,23.926657,20.970758,20.15097,16.701262,18.503023,13.243891,16.183088,16.011028,17.687672,19.85643,18.913237,19.041418,20.466404,17.139435,20.694618,16.855217,17.172504,14.2137375,17.995184,15.941332
6,17.607876,13.854685,12.04387,8.78392,5.4864087,6.9954767,0.0,7.728096,7.939894,11.818464,14.4705305,18.839554,17.031948,15.880862,12.440873,9.420077,7.3181334,4.5507402,8.899448,7.5040374,12.148243,12.447323,16.27459,14.967282,12.465063,13.535397,9.013874,9.705401,9.88612,10.325654,14.036513,12.758359,19.842411,18.720913,21.715328,24.616476,23.628336,23.972618,19.932436,17.42993,20.133848,17.83491,17.861847,18.461916,20.287708,17.251955,20.20823,15.544888,21.757662,20.462702,22.0953,25.161474,23.563389,28.643536,25.981642,25.51302,22.68366,19.3089,17.305338,14.523766,14.07754,9.293806,9.0801115,5.8238964,9.425803,7.2982774,10.164326,12.678656,13.074683,10.834061,10.7699,7.5022974,9.337173,6.0948205,10.502977,10.301778,14.75602,18.237452,18.801752,22.896236,23.479239,28.808435,25.768492,21.31354,17.794626,17.204666,12.688397,14.719872,8.82191,10.938302,11.443697,12.157286,14.984783,15.338079,15.130304,17.416807,15.05369,19.47654,17.259268,18.773876,17.124168,21.846405,20.591236
7,22.398554,19.488964,16.064207,14.38441,11.866528,8.955615,7.728096,0.0,4.837909,6.2068095,10.813522,14.398057,10.4726715,10.197917,5.5631785,5.812613,6.494084,7.848176,13.2523775,14.373176,18.431385,19.359392,22.964512,21.494204,19.279049,19.339376,14.243644,13.358618,11.095338,11.040571,11.179481,9.064725,15.20726,12.4012575,16.553953,19.283007,19.704443,20.550196,17.583736,16.182386,18.08708,18.24513,16.979673,19.420109,21.042479,16.804216,20.74476,15.757753,21.567085,21.767462,22.44503,26.928547,25.948421,30.560545,29.378868,29.245626,27.001537,23.163877,21.746895,17.842552,18.077955,12.570322,10.9939165,7.984166,7.78699,9.120325,7.373707,11.744355,13.144179,12.763512,12.933879,12.263298,14.183784,12.159632,16.449516,15.558678,20.825289,22.444324,24.352795,27.475569,28.688768,33.05296,29.303593,25.338665,21.710403,22.489952,17.143078,21.482895,16.062115,18.293606,18.924381,18.86184,21.478535,21.51249,20.135347,21.862019,18.723759,22.524286,19.526714,21.17281,18.538248,23.312498,22.838444
8,24.001335,20.89572,18.251513,15.318703,12.86803,11.172807,7.939894,4.837909,0.0,4.3548236,6.9064355,11.065617,9.420007,8.570338,6.6557593,3.931931,6.20252,6.397075,13.268756,13.616948,17.658571,19.151966,22.326826,19.959623,17.470411,17.212555,11.79751,11.549818,8.296807,10.4842,9.10699,10.459065,14.944624,14.190034,17.754814,21.060358,21.415098,21.425499,18.46328,16.594591,17.374306,17.083864,14.635758,16.517475,17.42154,12.7735615,16.113081,10.9641075,16.77195,17.00921,17.922361,22.306257,21.807596,26.285131,25.287651,24.97958,22.963026,18.950527,18.131254,13.784519,15.383267,9.122785,9.391569,7.8602448,9.294787,12.127453,11.67044,15.882845,16.175762,15.21379,13.9974375,12.906444,13.351519,10.448409,14.1232605,12.262856,17.735771,18.22625,20.729677,23.302868,24.986362,28.854053,25.196602,21.468178,17.738558,19.154219,13.406375,18.92954,14.274092,16.751934,18.373764,18.321306,21.490126,22.460127,21.45895,23.742115,21.253302,25.482271,23.080141,24.846571,22.539228,27.33425,26.408895
9,27.79626,24.805454,21.77267,19.331741,16.811615,14.495672,11.818464,6.2068095,4.3548236,0.0,5.943352,8.749146,5.87826,6.7801933,5.7355814,6.264318,9.639008,10.697341,17.318348,17.949692,21.979969,23.45158,26.666712,24.279186,21.773281,21.424055,16.016033,15.59028,11.851864,13.837521,10.447269,11.9548855,14.810603,13.201996,17.431358,20.543509,21.908913,22.135208,19.967777,18.735207,18.854233,19.79431,16.573908,19.133518,19.602045,14.384746,17.520578,12.420653,17.105793,18.042418,17.979067,23.144674,22.76125,26.807291,26.754633,26.828247,25.200254,21.216011,20.506424,16.010178,17.431383,11.849374,11.056941,10.198042,9.727289,14.300927,12.432915,16.88614,16.996407,16.816792,15.422924,15.535723,15.900411,13.970257,17.3642,15.730369,21.153503,21.03899,24.18619,26.153828,28.405846,31.671144,27.999006,24.66026,20.957329,22.910326,17.00611,22.98051,18.444708,20.583424,22.11858,21.554958,24.571102,25.514902,23.94543,26.035032,23.448156,27.40617,25.033735,27.011196,24.593868,29.453026,29.038195
10,29.478779,26.741734,24.200323,21.01235,19.102339,17.055735,14.4705305,10.813522,6.9064355,5.943352,0.0,4.4785094,6.7468557,5.562853,8.709038,7.0758257,10.780023,11.685842,17.927689,18.67425,22.00264,24.226965,26.70008,23.56634,21.264637,20.129656,15.110502,14.632688,10.15615,13.562694,8.050178,13.103404,13.366133,14.631625,17.500366,21.098177,22.22394,21.44116,19.562021,18.106369,16.706728,17.644018,13.03173,15.277609,14.8391695,9.283344,12.202419,7.8675966,12.16069,14.2681055,14.904679,19.765541,20.836117,24.365324,24.723482,24.243256,23.093554,18.89848,19.552181,14.638824,18.31399,12.243042,13.96516,13.977072,14.904285,18.96255,17.862217,22.284523,22.39852,21.71962,19.868025,19.204157,18.659294,15.65549,18.2062,15.228672,20.405062,18.201885,21.882235,22.953386,25.26339,27.600117,23.613628,20.887634,17.486513,20.387545,14.750959,22.014145,18.809095,21.520668,23.92812,23.835535,27.266165,28.796114,27.837934,30.287764,28.012209,32.249767,29.909756,31.666784,29.159445,33.7983,32.68481
11,33.748154,31.135107,28.435734,25.410034,23.531677,21.188059,18.839554,14.398057,11.065617,8.749146,4.4785094,0.0,6.6156664,6.6705103,11.278553,11.064814,14.919029,16.144003,22.206047,23.1235,26.32494,28.655073,31.006588,27.739332,25.492851,24.179832,19.353428,18.781223,14.224482,17.439398,10.864668,16.133188,14.30209,15.788809,18.489248,21.888672,23.772264,22.866049,21.838717,20.887363,18.599882,20.50959,15.236817,17.779964,16.698275,11.245458,13.345773,10.197736,12.166214,15.370947,15.179837,20.4018,22.081886,24.842545,26.247105,25.946241,25.336348,21.289032,22.36868,17.511497,21.382166,15.923412,17.356964,17.792332,18.02915,22.803364,21.117754,25.603481,25.608612,25.288893,23.262346,23.13025,22.39902,19.79575,22.040186,19.073658,24.006819,20.945953,25.117699,25.407852,28.142748,29.59489,25.633854,23.562836,20.445517,23.856022,18.425392,25.977438,23.117939,25.693108,28.19134,27.86747,31.27781,32.91547,31.720943,34.12524,31.855936,35.98092,33.66899,35.513374,32.91248,37.537094,36.60467
12,31.39946,28.973518,25.504965,23.492653,21.512033,18.100616,17.031948,10.4726715,9.420007,5.87826,6.7468557,6.6156664,0.0,3.9348185,6.34427,9.026038,12.813534,15.08016,20.848106,22.528755,26.024069,27.924597,30.82991,28.354591,26.209204,25.216444,20.08168,18.836838,14.623479,16.078533,10.418294,12.5406065,12.047563,10.643408,14.656454,17.590261,20.014408,20.111609,19.189745,18.819717,17.72975,20.363409,16.376938,19.901308,20.13491,14.947863,18.598467,14.609695,18.208206,20.579369,20.317722,25.74635,26.363491,29.750782,30.570366,30.500147,29.322323,25.220804,25.273064,20.511759,22.815464,17.14488,16.825861,16.02897,15.005175,19.28574,16.431719,20.904919,21.73237,22.035671,20.998865,21.305944,21.772963,19.638481,22.922106,20.742218,26.142763,24.787384,28.266895,29.638935,31.775326,34.28463,30.084728,27.301668,23.946924,26.520565,20.891045,27.611359,23.513998,26.070753,27.744823,27.382101,30.414389,31.216057,29.606712,31.519144,28.650063,32.338173,29.50131,31.225086,28.309656,32.79238,32.334347
13,29.05188,26.90212,23.570646,21.354168,19.85868,16.266497,15.880862,10.197917,8.570338,6.7801933,5.562853,6.6705103,3.9348185,0.0,5.5024166,6.741493,10.415724,13.050446,18.17949,20.34793,23.37054,25.611668,28.18548,25.633461,23.78633,22.38605,17.55092,15.844743,11.574408,12.916793,6.6025963,9.897308,8.878892,9.341042,12.392876,15.81275,17.537674,17.13328,15.965996,15.374666,13.967032,16.537018,12.472232,16.164791,16.668224,11.826815,16.30619,12.830015,17.147518,19.71444,20.368599,25.262016,26.370193,29.891512,30.246336,29.693827,28.413267,24.176065,24.639727,19.784218,22.862272,16.56565,17.30482,16.17718,16.15956,19.292646,17.036766,21.515066,22.810987,22.656967,21.834429,21.309525,21.813265,18.842083,22.15942,19.420414,24.780685,23.061806,26.199436,27.710781,29.23193,31.81981,27.254547,24.456076,21.311823,23.86946,18.613989,25.471823,21.727158,24.79926,26.671043,26.860222,30.049568,30.848366,29.739637,31.773014,28.858704,32.713444,29.606615,31.010519,27.913092,32.161705,31.11402
14,25.35755,23.117811,19.37222,17.854614,16.126019,12.041477,12.440873,5.5631785,6.6557593,5.7355814,8.709038,11.278553,6.34427,5.5024166,0.0,5.020626,7.6497517,10.6829405,15.532261,17.851757,21.23437,22.883793,25.984602,24.15896,22.292885,21.475147,16.508144,14.705518,11.355627,11.193977,8.171581,7.001954,10.43794,7.775363,12.083058,15.051862,16.32403,16.91669,14.938344,14.270878,14.890534,16.73845,14.480615,17.984196,19.427647,15.003174,19.682268,15.39755,20.72509,22.221434,22.894947,27.720566,27.797998,31.91947,31.519192,31.154741,29.34357,25.219267,24.729452,20.23677,21.887056,15.773817,15.240944,13.024779,12.504633,14.526867,11.857294,16.24894,18.151426,18.175936,18.195667,17.7071,19.16174,16.609919,20.599724,18.72107,24.171707,24.167648,26.598606,29.061184,30.210545,33.81322,29.44543,25.976038,22.601213,24.206505,18.918266,24.560226,19.840141,22.676838,23.806473,23.985224,26.81158,26.981976,25.697092,27.39777,24.14425,27.754377,24.373043,25.709152,22.542631,26.834133,26.098148
15,22.900192,20.406542,17.409262,14.775927,13.172814,10.152072,9.420077,5.812613,3.931931,6.264318,7.0758257,11.064814,9.026038,6.741493,5.020626,0.0,3.975037,6.395249,11.883597,13.728632,17.030481,19.008333,21.840092,19.57556,17.641382,16.677147,11.648286,10.083231,6.4788685,7.633228,5.592875,7.0025754,11.285643,11.325157,14.229074,17.685486,17.76841,17.563614,14.653064,12.885606,13.509899,13.714028,11.406696,13.995762,15.4466095,11.241941,15.837701,11.565029,17.6386,18.66072,20.149103,24.300133,24.553871,28.865229,27.87066,27.132566,25.182182,21.025673,20.809248,16.34722,18.767492,12.16625,13.1708765,11.184235,12.53323,13.933913,13.073388,17.28186,18.650948,17.7681,17.275993,15.742635,16.615795,13.081116,16.818813,14.346597,19.7154,19.536224,21.71021,24.320803,25.223751,29.018959,24.72442,21.0835,17.685532,19.186632,13.978516,19.770407,15.464268,18.675936,20.304468,20.90408,24.05482,24.691536,24.037554,26.161928,23.333979,27.40684,24.36745,25.652946,22.818565,27.1706,25.772144
16,18.931875,16.533627,13.583121,10.94169,9.774109,6.5657587,7.3181334,6.494084,6.20252,9.639008,10.780023,14.919029,12.813534,10.415724,7.6497517,3.975037,0.0,4.0448484,8.0593405,10.536548,13.604056,15.475696,18.374699,16.592644,14.9654455,14.118232,9.505872,7.391974,5.5331044,4.6479573,7.2478952,6.1362824,12.624378,12.636305,14.882734,18.113377,17.174593,17.090471,13.362518,11.065154,13.102127,12.033123,11.545997,13.534468,15.815032,12.750404,17.45156,13.545054,20.041513,20.47506,22.495737,26.029232,26.006685,30.606812,28.843103,27.872286,25.561573,21.570578,21.068842,17.10154,19.074505,12.658279,13.786987,11.0619335,13.145423,12.374596,12.469915,16.101433,18.011274,16.719662,16.91165,14.545865,15.9824295,12.056212,16.021818,13.801491,18.822632,19.620037,20.82062,24.171164,24.239824,28.750313,24.471598,20.440449,17.219711,17.808626,13.284858,17.825838,13.25608,16.764805,18.026196,19.226263,22.209116,22.458492,22.277174,24.29892,21.378044,25.40792,22.125742,23.043589,20.180176,24.276213,22.436518
17,18.251995,15.156792,13.215226,9.4512205,7.6256323,7.2107444,4.5507402,7.848176,6.397075,10.697341,11.685842,16.144003,15.08016,13.050446,10.6829405,6.395249,4.0448484,0.0,7.1835976,7.4490247,11.291463,12.915624,15.9893875,13.888251,11.709972,11.50675,6.4389586,6.051914,5.356304,6.565376,9.959287,10.139684,16.314049,16.571253,18.894888,22.149763,21.020086,20.778742,16.803072,14.089415,16.106909,13.779887,13.349267,14.019258,15.913978,13.02522,16.606268,12.435037,18.98451,18.454447,20.672132,23.688957,23.179811,28.00243,25.6805,24.720863,22.174435,18.375175,17.513046,13.96073,15.634031,9.487821,11.263591,8.872576,12.223652,11.337363,12.936593,16.155901,17.098158,15.178268,14.790618,11.796464,12.694573,8.305229,12.11324,10.030805,14.922732,16.543255,17.445036,21.137413,21.395144,26.297411,22.595013,18.294716,14.859266,14.9562,10.271259,14.181714,9.348251,12.776297,14.308338,15.548999,18.719595,19.427702,19.554884,21.913263,19.533474,23.88107,21.281382,22.445913,20.246311,24.584436,22.72412
18,11.872712,9.753748,8.427563,4.652093,6.3569627,6.3202395,8.899448,13.2523775,13.268756,17.318348,17.927689,22.206047,20.848106,18.17949,15.532261,11.883597,8.0593405,7.1835976,0.0,5.4633503,6.3299065,8.309041,10.798272,10.125932,9.71139,9.054768,7.3830543,5.1668954,8.678836,6.0388694,13.286541,11.4650135,18.114986,18.965416,19.782639,22.54581,19.887636,19.553993,14.900009,11.764482,15.381599,11.354629,14.117509,14.007281,17.181875,16.527195,20.552341,17.816217,24.324207,23.778187,26.769604,28.85362,28.611925,33.434975,30.306282,28.768635,25.977436,22.591167,21.937418,19.268505,20.849974,15.575418,17.513298,14.673327,17.958845,14.1970415,16.46209,18.472525,20.626194,18.457035,19.364962,15.5377865,17.202005,12.882037,16.021078,14.231612,17.545662,19.760757,18.812391,23.29619,21.535397,27.187002,23.244574,18.793749,16.403591,14.968799,12.967937,14.027096,10.247825,14.154938,14.867906,17.588022,20.131205,19.936892,21.19398,23.111946,20.611492,24.449223,21.239487,21.292994,18.901205,22.03201,18.902473
19,13.374922,9.852899,10.404606,5.3878884,5.1875405,9.178742,7.5040374,14.373176,13.616948,17.949692,18.67425,23.1235,22.528755,20.34793,17.851757,13.728632,10.536548,7.4490247,5.4633503,0.0,4.811755,5.64279,8.922441,7.6021647,5.7169394,7.087812,5.4581933,6.8021894,10.199875,10.182579,16.159964,15.600906,22.186176,22.845133,24.372465,27.331587,25.076735,24.722,20.154577,16.968493,19.946438,15.633515,17.297283,16.219471,18.51701,17.571037,20.161865,17.089102,23.250797,21.587685,24.525248,26.025522,25.03767,30.02248,26.28439,24.902342,21.837404,18.898802,17.622261,15.841652,16.64135,12.549665,14.796911,12.649479,16.790304,13.3533945,16.933525,18.570663,19.354782,16.58621,16.718897,12.391896,13.273621,9.012517,11.324277,10.272951,12.756235,16.485025,15.043193,19.98197,18.7171,24.834768,21.905022,17.228357,14.568699,12.357433,10.424514,9.536481,5.034395,8.754219,9.734161,12.668633,15.389563,15.9123125,17.590391,19.957912,18.32939,22.530752,20.45196,21.036322,19.682293,23.298578,20.619745
20,11.406636,9.061926,10.935562,6.650698,8.743426,11.896279,12.148243,18.431385,17.658571,21.979969,22.00264,26.32494,26.024069,23.37054,21.23437,17.030481,13.604056,11.291463,6.3299065,4.811755,0.0,3.6939094,4.8190145,4.2244544,5.010068,5.374582,7.5795546,7.945068,12.390376,11.586356,18.211275,17.67866,23.688217,25.179564,25.780272,28.597355,25.619362,24.908829,20.253172,16.929737,20.031746,14.799391,17.730066,15.881306,18.579664,19.071096,21.687346,19.71884,25.663101,24.17268,27.672941,28.484978,28.038977,32.804195,28.739426,26.846323,23.845406,21.197544,20.547579,19.144796,20.606356,16.73051,19.51585,17.45365,21.525879,17.589521,21.055725,22.427841,23.693405,20.927088,21.36958,16.951946,17.771164,13.564118,15.105524,13.662285,14.963394,18.045027,15.486078,20.533875,17.763008,24.095543,21.051897,16.530857,14.863685,11.806002,12.180868,9.779549,8.148951,11.63892,12.505916,16.099945,18.416725,18.70778,21.06832,23.21449,21.728973,25.563913,23.307219,23.263006,21.863045,24.60455,21.11512
21,9.891269,6.7696652,9.870172,6.2386107,8.129457,12.463369,12.447323,19.359392,19.151966,23.45158,24.226965,28.655073,27.924597,25.611668,22.883793,19.008333,15.475696,12.915624,8.309041,5.64279,3.6939094,0.0,4.288973,6.0937877,6.441364,8.408458,10.11541,10.993268,15.171035,14.165826,20.962137,19.640245,26.357712,27.066671,28.04874,30.667492,27.723246,27.416449,22.69632,19.53604,23.109009,18.12365,21.118776,19.500473,22.12407,22.242233,24.661016,22.23685,28.166464,26.232283,29.433962,30.234484,29.108154,34.02917,29.643085,28.035742,24.824219,22.537153,21.164543,20.34484,20.609997,17.641499,19.647509,17.454647,21.422113,16.68141,20.708744,21.364504,22.443838,19.53405,20.333582,15.827702,16.990889,13.59242,14.977604,14.673751,15.43241,19.879341,17.028738,22.352669,19.815199,26.414177,23.9455,19.402275,17.644798,14.243882,14.517478,10.6355715,8.414109,10.688637,10.431526,14.262944,15.993708,15.822187,18.548618,20.486221,19.265549,22.863247,20.949198,20.808474,19.96542,22.56152,19.223516
22,11.017255,9.42609,13.001447,9.871742,12.241064,15.959778,16.27459,22.964512,22.326826,26.666712,26.70008,31.006588,30.82991,28.18548,25.984602,21.840092,18.374699,15.9893875,10.798272,8.922441,4.8190145,4.288973,0.0,4.5610943,7.006402,8.102794,11.875432,12.618977,17.096325,16.213161,22.91966,22.209656,28.185726,29.72437,30.083763,32.716415,29.380571,28.657726,24.007196,20.762217,24.00168,18.44106,21.884377,19.527092,22.11863,23.277227,25.369795,23.845907,29.426146,27.529324,31.18371,31.305193,30.662956,35.326824,30.697584,28.652983,25.568129,23.57575,22.813616,22.301271,23.307234,20.457495,23.18341,21.29768,25.42629,20.936964,24.84032,25.593887,26.72423,23.788723,24.397757,19.86039,20.577967,16.95272,17.670925,16.847668,16.721014,20.405396,16.762842,21.954048,18.308365,24.899801,22.582043,18.349121,17.455626,13.5375805,15.544769,10.803068,10.946387,13.224999,13.482052,17.456484,19.107676,19.214153,22.29937,24.235725,23.297787,26.7294,24.902988,24.494816,23.668447,25.726347,21.934341
23,14.605074,12.489489,15.028012,10.75354,12.328352,15.847859,14.967282,21.494204,19.959623,24.279186,23.56634,27.739332,28.354591,25.633461,24.15896,19.57556,16.592644,13.888251,10.125932,7.6021647,4.2244544,6.0937877,4.5610943,0.0,3.480198,3.869799,8.507082,9.983028,14.166077,14.519169,20.325548,20.9984,26.240028,28.417557,28.86283,31.86909,28.897078,27.789286,23.271257,19.845499,22.208794,16.59275,19.041311,16.199106,18.291574,19.49059,21.06395,19.867226,25.161064,23.272114,27.131989,27.047234,26.822206,31.3339,26.892935,24.651745,21.718672,19.534908,19.337418,18.603514,20.594753,17.427418,21.01946,19.676237,24.088099,20.832336,24.518501,25.979185,26.667978,23.713717,23.541456,19.08543,19.035988,14.837452,15.172296,13.46468,13.380948,16.081326,12.601087,17.66075,14.202119,20.728535,18.26289,13.905538,12.904866,9.011337,11.318672,7.1942806,8.503669,11.523835,13.122527,16.777199,19.162523,20.170782,22.891468,25.289162,24.412937,28.336313,26.644403,26.743164,25.705528,28.434843,24.929552
24,15.979274,13.012405,15.045268,10.255803,10.750343,14.729717,12.465063,19.279049,17.470411,21.773281,21.264637,25.492851,26.209204,23.78633,22.292885,17.641382,14.9654455,11.709972,9.71139,5.7169394,5.010068,6.441364,7.006402,3.480198,0.0,3.706488,6.2905836,8.974129,12.599254,13.799781,19.05684,20.06448,25.512732,27.32168,28.34703,31.509829,29.009132,28.052526,23.564362,20.14808,22.327818,17.16142,18.666197,16.114534,17.80072,18.085459,19.339262,17.505686,22.830872,20.618336,24.2216,24.372784,23.763645,28.43944,24.061031,22.093983,19.042757,16.708097,16.136274,15.370837,17.124926,14.095401,17.726828,16.676313,21.2214,18.57382,22.364483,23.99222,24.169693,21.169006,20.559124,16.182663,15.762771,11.532919,11.7139225,10.085291,10.278462,13.654004,10.707814,15.952517,13.712937,20.221275,17.971027,13.385179,11.5294485,7.974681,8.824493,4.7771907,5.139263,8.406533,10.576513,13.911889,16.656462,18.110645,20.521198,23.160067,22.404285,26.588297,25.192598,25.73304,24.828733,28.119919,25.104877
25,16.660183,14.406809,15.833816,11.133729,12.165043,14.841916,13.535397,19.339376,17.212555,21.424055,20.129656,24.179832,25.216444,22.38605,21.475147,16.677147,14.118232,11.50675,9.054768,7.087812,5.374582,8.408458,8.102794,3.869799,3.706488,0.0,5.459453,7.0742817,10.834277,12.061275,17.030485,18.685303,23.26673,25.888233,26.355015,29.594204,26.954943,25.611082,21.272205,17.807085,19.489605,14.085241,15.668777,12.742389,14.617151,15.641177,17.288149,16.202175,21.551521,20.042889,24.007036,24.204155,24.480507,28.907722,24.97087,22.664904,19.946762,17.227324,17.586126,16.09056,19.082523,15.062036,19.201849,18.0755,22.472305,20.194794,23.374187,25.465918,26.104685,23.31966,22.742062,18.525658,18.17297,13.444098,14.045095,11.308552,12.233186,13.508319,10.984641,15.637527,12.779675,18.87027,15.72025,11.164643,9.649335,6.5897574,8.024335,6.864073,7.785894,11.6681795,14.069834,17.216475,20.139523,21.499683,23.674658,26.274317,25.131817,29.335646,27.442783,27.832138,26.40926,29.565342,26.26503
26,17.883299,14.942217,14.922425,10.035699,9.613643,11.578566,9.013874,14.243644,11.79751,16.016033,15.110502,19.353428,20.08168,17.55092,16.508144,11.648286,9.505872,6.4389586,7.3830543,5.4581933,7.5795546,10.11541,11.875432,8.507082,6.2905836,5.459453,0.0,4.0702233,6.447651,8.884671,12.974747,14.891604,19.804262,21.765974,23.039185,26.443304,24.553205,23.532013,19.331236,16.03542,17.546352,13.31628,13.464582,11.836694,13.479925,12.512301,14.762714,12.191764,18.248356,16.991348,20.38446,21.770931,21.760017,26.441582,23.214138,21.478855,18.805412,15.354765,15.291178,12.648845,15.619676,10.429937,14.398933,13.209556,17.468428,16.192898,18.879513,21.519566,21.96377,19.432241,18.545626,14.739214,14.421786,9.346374,11.074926,7.88101,11.167961,12.381218,11.946633,16.125072,15.325989,20.730555,17.291182,12.712403,9.67377,8.733206,5.616306,8.600623,6.0795636,10.431072,13.036418,15.286366,18.634605,20.07487,21.351917,24.052181,22.525358,26.971426,24.953724,25.833956,24.154545,28.005548,25.37338
27,16.655416,14.463947,13.5519085,9.310351,9.745672,9.737261,9.705401,13.358618,11.549818,15.59028,14.632688,18.781223,18.836838,15.844743,14.705518,10.083231,7.391974,6.051914,5.1668954,6.8021894,7.945068,10.993268,12.618977,9.983028,8.974129,7.0742817,4.0702233,0.0,4.5764847,5.1876035,10.417516,11.706691,16.545813,18.82066,19.528322,22.848,20.673676,19.578112,15.320217,11.9875345,13.769406,9.541885,10.518899,9.686105,12.34493,11.690506,15.453748,13.202969,19.55238,19.28649,22.626192,24.509249,24.993767,29.532995,26.761232,24.96875,22.49871,18.839941,19.06643,15.913523,19.025827,13.163782,16.498766,14.60248,18.251717,16.505136,18.41405,21.252192,22.642376,20.462154,20.248014,16.638144,17.128971,12.152432,14.702536,11.589513,15.230216,15.681836,15.457206,19.280022,17.934864,22.97207,18.72288,14.403469,11.803995,11.388,8.787649,12.228713,9.590705,13.985676,15.998579,18.36534,21.519815,22.322119,23.425886,25.815199,23.682703,27.909962,25.143427,25.666073,23.366879,26.891481,23.990093
28,20.540888,18.213413,16.484035,12.645017,12.072075,10.806498,9.88612,11.095338,8.296807,11.851864,10.15615,14.224482,14.623479,11.574408,11.355627,6.4788685,5.5331044,5.356304,8.678836,10.199875,12.390376,15.171035,17.096325,14.166077,12.599254,10.834277,6.447651,4.5764847,0.0,5.2121325,6.5309067,9.912497,13.56712,16.053259,17.240887,20.86293,19.599888,18.435778,14.799734,11.922675,12.389932,9.967562,8.334824,8.851664,10.699262,8.220636,12.652131,9.757423,16.25916,16.76919,19.687193,22.389029,23.241776,27.5696,25.687695,24.161997,22.072996,18.009436,18.55807,14.5202675,18.26138,11.66927,14.975325,13.470649,16.565502,16.570087,17.469538,21.04226,22.195961,20.439642,19.716848,16.882542,17.057737,12.277286,15.088298,11.544264,16.16181,15.345142,16.642258,19.528032,19.39976,23.497597,19.010403,15.134704,12.048393,13.248409,8.974586,14.815638,11.89867,15.930982,18.249432,19.80693,23.201824,24.280968,24.689882,27.157616,24.86616,29.196396,26.423498,27.344938,24.82339,28.773682,26.409674
29,17.016182,15.450261,12.92896,10.243621,10.690743,7.648104,10.325654,11.040571,10.4842,13.837521,13.562694,17.439398,16.078533,12.916793,11.193977,7.633228,4.6479573,6.565376,6.0388694,10.182579,11.586356,14.165826,16.213161,14.519169,13.799781,12.061275,8.884671,5.1876035,5.2121325,0.0,7.50051,6.710597,12.211302,13.9824095,14.551123,17.752779,15.688515,14.945731,10.70849,7.6821475,10.170306,7.7398715,9.015001,10.566661,13.734126,12.324918,17.463062,14.862866,21.310616,21.973286,24.754349,27.575348,28.174292,32.647125,30.540808,29.025652,26.720541,22.802721,22.900995,19.168415,21.92662,15.542194,17.67487,15.081252,17.616943,15.806864,16.370243,19.518612,21.882942,20.33986,20.803963,17.82486,19.17174,14.68251,18.146225,15.38226,19.748013,20.001673,20.433762,23.910149,22.83756,27.416967,22.699118,18.74118,16.16834,16.413582,13.236598,17.288551,13.773691,17.895258,19.298685,21.305975,24.256014,24.4094,24.918568,26.913359,24.0609,27.973688,24.4365,24.778873,21.7556,25.130732,22.429762
30,24.475183,22.747478,19.924118,17.276012,16.722908,13.348956,14.036513,11.179481,9.10699,10.447269,8.050178,10.864668,10.418294,6.6025963,8.171581,5.592875,7.2478952,9.959287,13.286541,16.159964,18.211275,20.962137,22.91966,20.325548,19.05684,17.030485,12.974747,10.417516,6.5309067,7.50051,0.0,7.3146014,7.463921,10.923385,11.839093,15.667365,15.456947,14.177793,11.84491,10.226293,8.864697,10.092861,6.406365,10.083458,11.611815,8.147571,13.924034,11.486573,17.023909,19.200613,21.347395,25.043085,26.551052,30.36985,29.672306,28.377096,26.792208,22.535683,23.426579,18.811178,22.679565,15.885326,18.125217,16.52772,18.094627,19.1633,18.251585,22.362978,24.155022,23.224321,22.759218,20.901478,21.466852,17.334976,20.53082,17.131618,22.105623,20.270716,22.434944,24.452038,24.711128,27.7637,22.739178,19.688528,16.946953,19.079939,14.776616,21.290945,18.223206,22.040339,24.112066,25.245481,28.549194,29.308765,29.088049,31.269478,28.438423,32.478672,29.142036,30.029303,26.87038,30.68223,28.661495
31,20.426825,19.177237,15.267548,14.367293,14.1166315,8.917658,12.758359,9.064725,10.459065,11.9548855,13.103404,16.133188,12.5406065,9.897308,7.001954,7.0025754,6.1362824,10.139684,11.4650135,15.600906,17.67866,19.640245,22.209656,20.9984,20.06448,18.685303,14.891604,11.706691,9.912497,6.710597,7.3146014,0.0,8.314618,7.5159774,9.072969,12.06029,11.236283,11.659584,8.540857,7.624873,9.931156,11.367102,11.476312,15.046373,17.790026,15.166892,20.820227,17.644304,23.685394,25.130756,26.963793,30.882519,31.372143,35.70485,34.45017,33.42118,31.318392,27.211336,27.026691,22.825851,24.954506,18.494476,19.032236,16.065695,16.79827,15.739006,14.156316,17.691015,20.878447,20.350872,21.35309,19.561533,21.57332,18.046516,22.127638,19.875128,24.874504,25.070446,26.326448,29.424776,29.068064,33.194424,28.315054,24.664583,21.875345,22.733168,18.716778,23.394796,19.071423,22.673683,23.579311,24.871986,27.574846,27.216713,26.816505,28.353666,24.856285,28.297367,24.17654,24.58422,20.922052,24.28898,22.444242
32,27.520813,26.735167,23.1357,21.87875,21.842476,17.077606,19.842411,15.20726,14.944624,14.810603,13.366133,14.30209,12.047563,8.878892,10.43794,11.285643,12.624378,16.314049,18.114986,22.186176,23.688217,26.357712,28.185726,26.240028,25.512732,23.26673,19.804262,16.545813,13.56712,12.211302,7.463921,8.314618,0.0,7.0091853,5.321731,9.068529,9.917998,8.620287,8.822228,9.640264,7.0922594,12.167056,9.79492,14.586943,16.411615,14.092489,19.914755,18.298729,22.871168,25.868902,27.605194,31.64699,33.472507,36.993736,36.813698,35.558144,34.14204,29.871428,30.816631,26.125673,29.71026,22.97051,24.335897,22.283934,22.72628,23.41695,21.221102,25.149649,27.976557,27.7166,28.016956,26.623543,27.866268,24.101158,27.657808,24.503595,29.506315,27.576918,29.649624,31.533602,31.381836,34.06014,28.617386,26.033142,23.785809,25.882902,22.096947,28.278055,25.050661,28.920876,30.552383,31.746498,34.797447,34.951797,34.47896,36.21829,32.836555,36.34939,32.292213,32.76024,28.970913,32.07925,30.169813
33,27.16882,26.13374,21.804577,21.568459,20.9206,15.557729,18.720913,12.4012575,14.190034,13.201996,14.631625,15.788809,10.643408,9.341042,7.775363,11.325157,12.636305,16.571253,18.965416,22.845133,25.179564,27.066671,29.72437,28.417557,27.32168,25.888233,21.765974,18.82066,16.053259,13.9824095,10.923385,7.5159774,7.0091853,0.0,5.307359,7.4940724,10.029148,11.353602,11.269029,12.509007,12.77288,16.848137,15.527864,20.037369,22.056757,18.762835,24.309544,21.239983,26.197168,28.576077,29.520103,34.253567,35.013382,38.884342,38.688526,38.013203,36.311184,32.088924,32.0436,27.468159,29.549059,23.243134,22.921827,20.343218,19.493011,20.080742,16.71383,20.391544,23.673018,24.124916,25.079582,24.48348,26.482004,23.694813,27.802517,25.63569,30.957113,30.45358,32.546215,34.98455,35.29452,38.668293,33.621666,30.474974,27.656736,29.26395,24.759703,30.297611,25.879808,29.184086,30.070158,30.757751,33.381233,32.947807,31.824858,33.087593,29.342087,32.344658,28.092985,28.676981,24.770462,27.963257,26.9984
34,27.403025,27.125652,22.993883,22.899534,23.072361,17.623432,21.715328,16.553953,17.754814,17.431358,17.500366,18.489248,14.656454,12.392876,12.083058,14.229074,14.882734,18.894888,19.782639,24.372465,25.780272,28.04874,30.083763,28.86283,28.34703,26.355015,23.039185,19.528322,17.240887,14.551123,11.839093,9.072969,5.321731,5.307359,0.0,3.8590434,5.8074923,6.430406,7.975109,10.302866,9.738162,14.873375,14.289167,18.938766,21.283865,19.190544,25.08447,23.069164,27.911932,30.678568,32.210808,36.472855,37.868004,41.60524,41.273502,40.161903,38.529236,34.27669,34.754868,30.173738,32.98838,26.381842,26.90011,24.285616,24.087133,23.912535,21.10259,24.535583,28.154295,28.30388,29.385372,28.212568,30.152256,26.765484,30.71932,28.064533,33.133263,32.040127,33.769398,36.11884,35.683,38.81584,33.364773,30.532158,28.257055,29.850914,26.145346,31.616549,27.841747,31.590796,32.643482,33.867027,36.573925,36.10419,35.459328,36.76141,32.99998,35.99407,31.467974,31.58459,27.474043,30.003653,28.336452
35,28.927765,29.042706,24.704557,25.293701,25.61696,19.96448,24.616476,19.283007,21.060358,20.543509,21.098177,21.888672,17.590261,15.81275,15.051862,17.685486,18.113377,22.149763,22.54581,27.331587,28.597355,30.667492,32.716415,31.86909,31.509829,29.594204,26.443304,22.848,20.86293,17.752779,15.667365,12.06029,9.068529,7.4940724,3.8590434,0.0,5.002808,7.099183,9.793942,12.756556,12.734654,17.85028,17.889778,22.464546,24.937597,23.030886,28.924923,26.897095,31.694683,34.48723,35.901455,40.269867,41.5671,45.32743,45.01997,43.962368,42.282383,38.03899,38.37338,33.83203,36.34827,29.840103,29.974424,27.160421,26.58532,26.03211,22.881655,25.920803,29.944592,30.370525,31.853935,30.854713,33.11047,29.944113,34.033813,31.587456,36.65347,35.817074,37.41907,39.897682,39.307587,42.530624,37.030365,34.19353,31.982584,33.410343,29.813732,34.989296,31.05077,34.72857,35.501987,36.734127,39.244396,38.43936,37.695034,38.724567,34.772194,37.391453,32.61355,32.48287,28.211802,30.22992,28.751064
36,25.239435,25.901655,21.834526,22.650345,23.646772,18.15467,23.628336,19.704443,21.415098,21.908913,22.22394,23.772264,20.014408,17.537674,16.32403,17.76841,17.174593,21.020086,19.887636,25.076735,25.619362,27.723246,29.380571,28.897078,29.009132,26.954943,24.553205,20.673676,19.599888,15.688515,15.456947,11.236283,9.917998,10.029148,5.8074923,5.002808,0.0,3.8060515,5.9666615,9.326165,10.496334,14.806306,16.426882,20.51437,23.576986,22.596329,28.649931,26.934063,32.208385,34.653053,36.65633,40.496372,41.802235,45.776646,44.855812,43.48968,41.604176,37.45126,37.822613,33.532936,36.149097,29.591768,30.200401,27.136135,27.269323,25.56313,23.22318,25.938473,30.221418,30.210455,31.950636,30.294266,32.66997,29.119781,33.131027,30.618385,35.33459,34.779037,35.710945,38.54925,37.214806,40.79148,35.236584,32.271915,30.37179,31.28476,28.411531,32.847824,29.231873,33.10745,33.778687,35.507812,37.94302,36.9855,36.750587,37.78169,33.884415,36.516804,31.599787,31.061026,26.773663,28.33078,26.136002
37,25.759302,26.413778,22.773525,22.906895,24.083715,18.947104,23.972618,20.550196,21.425499,22.135208,21.44116,22.866049,20.111609,17.13328,16.91669,17.563614,17.090471,20.778742,19.553993,24.722,24.908829,27.416449,28.657726,27.789286,28.052526,25.611082,23.532013,19.578112,18.435778,14.945731,14.177793,11.659584,8.620287,11.353602,6.430406,7.099183,3.8060515,0.0,4.7312865,7.9858456,7.5794716,12.415766,13.8633585,17.857578,20.826384,20.447542,26.444216,25.401583,30.402796,33.078938,35.38439,38.89631,40.670536,44.447796,43.571518,41.96097,40.23487,36.09008,36.91337,32.590767,35.863953,29.156755,30.464676,27.685905,28.309847,26.92583,24.999763,28.01589,31.955404,31.646332,32.97829,31.03916,33.01082,29.06079,32.79461,29.846832,34.399006,33.160004,34.099453,36.62855,35.10119,38.291485,32.588593,29.940409,28.349354,29.494564,26.986397,31.720888,28.697868,32.801617,33.86669,35.768555,38.436115,37.836407,37.853577,39.161835,35.46971,38.426075,33.69549,33.245483,29.085752,30.82942,28.254303
38,21.298899,21.784836,18.302889,18.244034,19.59923,14.694508,19.932436,17.583736,18.46328,19.967777,19.562021,21.838717,19.189745,15.965996,14.938344,14.653064,13.362518,16.803072,14.900009,20.154577,20.253172,22.69632,24.007196,23.271257,23.564362,21.272205,19.331236,15.320217,14.799734,10.70849,11.84491,8.540857,8.822228,11.269029,7.975109,9.793942,5.9666615,4.7312865,0.0,3.4678965,5.97792,8.962433,11.61956,15.153184,18.598143,18.267704,24.27139,22.863453,28.444744,30.516453,33.067184,36.324135,37.724823,41.783764,40.393803,38.749283,36.780403,32.727634,33.297096,29.217108,32.233192,25.640743,27.075603,24.149698,25.256865,23.238287,21.976015,24.857704,28.696236,28.049606,29.430855,27.114405,29.13218,25.06509,28.77333,25.973871,30.357056,29.710648,30.254707,33.20729,31.490593,35.239788,29.7324,26.65767,24.936638,25.616526,23.23925,27.411692,24.307596,28.41289,29.377333,31.4581,34.07467,33.461994,33.71931,35.09456,31.53538,34.626785,30.025566,29.5637,25.57191,27.50368,24.6449
