,0,1,2,3,4,5,6,7,8,9,10,11,12,13,14,15,16,17,18,19,20,21,22,23,24,25,26,27,28,29,30,31,32,33,34,35,36,37,38,39,40,41,42,43,44,45,46,47,48,49,50,51,52,53,54,55,56,57,58,59,60,61,62,63,64,65,66,67,68,69,70,71,72,73,74,75,76,77,78,79,80,81,82,83,84,85,86,87,88,89,90,91,92,93,94,95,96,97,98,99,100,101,102,103,104,105,106
0,0.0,4.2218466,6.5471864,8.384664,11.528093,9.792159,13.591048,15.611185,18.02954,21.402304,23.992142,27.116516,30.574522,29.908272,29.469044,24.865255,23.252716,21.166128,19.066282,18.75509,16.626026,20.679895,16.80293,20.692589,21.655617,23.71989,19.983368,22.811071,20.536926,25.435116,22.006908,29.598991,27.86722,31.969152,32.192024,31.765749,31.610693,30.368187,26.440443,23.685452,27.480906,23.92815,28.380785,28.126099,25.711481,26.715889,24.991983,27.039106,28.159327,29.495132,32.45642,35.476414,34.316452,34.464542,32.89395,35.82021,33.214943,34.18496,38.6126,35.499523,32.250244,34.0501,30.711115,29.671045,32.443184,27.211376,27.566202,27.379135,23.990719,22.7667,23.269638,25.146852,25.726933,28.642984,28.433388,33.823948,31.12506,36.035374,36.770367,33.569763,35.99232,33.431553,28.774717,26.72521,22.642277,24.23322,18.069996,17.203487,16.02923,15.134799,17.50217,15.016926,11.941904,15.720197,15.244427,9.945569,8.768443,12.982406,14.591643,17.497385,19.261843,16.70002,21.700317,18.261509,20.458918,22.3364,22.473818
1,4.2218466,0.0,5.248744,6.1783295,9.6474905,10.080325,13.569023,15.963969,19.212055,22.503881,25.587273,28.370483,31.982784,31.300013,30.39055,25.81687,23.715668,21.357435,18.632284,17.777113,14.858527,18.320782,14.020046,17.393223,18.76938,21.363197,18.322746,21.458433,20.392946,25.205387,22.825924,30.734915,29.779379,33.777313,34.425716,34.22309,34.419323,33.351727,29.095085,25.987589,29.386988,25.281258,29.591188,28.538876,25.770073,26.315283,24.075434,25.659348,26.318766,27.178135,30.579313,33.70741,32.98669,33.357147,32.248787,35.458454,32.901,34.345013,38.723427,35.696114,32.502785,33.692856,29.934967,28.62853,30.723528,25.47854,25.459505,24.700516,21.391512,20.922415,22.100325,24.441711,25.575092,28.703861,28.991407,34.548737,32.43824,37.255222,37.965027,34.927837,37.724113,35.060654,30.625723,28.07767,24.059486,24.888723,18.964293,16.676561,15.486075,13.878732,16.373547,13.507288,11.426658,16.442877,15.7993555,10.118953,9.582366,14.843282,16.505043,19.299963,21.53054,19.113617,24.52903,20.70739,23.482061,24.95043,25.518827
2,6.5471864,5.248744,0.0,5.405392,7.107606,6.6003237,11.652199,12.527218,16.696383,19.345913,22.583889,24.828466,28.686165,28.462933,27.2714,23.301685,20.682552,19.148996,15.867754,16.046812,12.595991,17.369831,14.268461,17.831717,20.05125,22.534744,19.400105,21.372337,21.190771,25.154871,23.353191,30.83206,29.497898,34.096626,34.121567,34.548794,34.39033,33.734512,29.351767,26.141796,30.561022,26.581718,30.571005,29.598324,27.539354,27.271835,25.714064,26.213652,27.319044,27.756685,31.341536,34.07613,33.77366,33.16956,32.403915,35.43596,32.207836,33.589252,37.632915,34.05211,31.14873,31.635408,28.29246,26.539495,29.221617,23.780622,23.291714,23.33932,19.215443,18.304146,20.214716,21.726273,23.481323,25.967783,26.832083,31.933445,30.173004,34.90864,36.12337,33.409355,36.51879,34.267384,29.51735,27.0033,23.10042,23.770336,18.33954,16.222229,16.304604,15.583723,18.952013,16.739058,13.785564,18.501286,19.200996,13.874323,11.508427,16.334003,19.266901,22.419464,23.81393,20.867949,25.613764,20.881876,23.120216,23.801575,23.927975
3,8.384664,6.1783295,5.405392,0.0,3.7192686,6.3425155,8.390014,11.110211,14.8684,17.96217,21.490156,23.903788,27.52875,26.774456,25.414106,20.954702,18.462044,15.963413,12.831651,11.823001,8.687406,12.588084,9.15008,13.168075,14.924542,17.18244,14.017515,16.212906,16.442955,20.451103,19.335499,27.061586,26.670692,30.908487,31.616985,32.138496,32.57476,32.088066,27.316296,23.728836,27.429186,22.938608,26.726599,25.095922,22.844929,22.285646,20.522173,20.91168,21.921064,22.465082,25.972809,28.781918,28.448929,28.117281,27.406847,30.608107,27.652996,29.329226,33.485577,30.292004,27.26644,27.860664,24.05717,22.551538,24.741386,19.419622,19.40631,19.065403,15.639323,14.795389,16.036896,18.418867,19.893106,23.042217,23.762543,29.325356,27.838474,32.484463,33.274357,30.533989,33.814793,31.266167,26.994392,23.960943,20.157011,20.151896,14.862592,11.567639,11.4185705,10.459109,14.054604,12.194379,9.43314,14.648995,15.782951,10.963656,8.468148,13.697376,16.845783,19.908583,21.44159,18.671995,23.799746,18.831198,22.032505,22.470615,23.64131
4,11.528093,9.6474905,7.107606,3.7192686,0.0,5.583983,6.887785,8.733032,13.237236,15.7778015,19.586693,21.480913,25.200285,24.63023,22.875637,18.83087,15.837175,13.708085,9.936249,9.403233,5.523461,10.499425,8.575058,12.519908,14.854759,16.873055,13.914493,14.956097,16.40105,19.458696,19.319359,26.584518,26.332542,30.82869,31.323248,32.381096,32.77923,32.678783,27.741673,24.001347,28.10547,23.606718,26.95657,25.106037,23.387918,22.007818,20.74748,20.048956,21.329256,21.441391,25.072079,27.526142,27.618774,26.56297,26.26234,29.365437,25.965797,27.754768,31.610367,28.11878,25.34509,25.225065,21.570675,19.692862,22.119095,16.680262,16.332748,16.57453,12.650706,11.443565,13.320945,15.316923,17.410717,20.239244,21.534655,26.849915,25.902111,30.377562,31.422586,29.002594,32.6263,30.326208,26.07293,22.859064,19.312414,18.760494,14.268572,10.59581,11.689328,11.474769,15.493146,14.329105,11.4577875,16.16238,18.217306,13.994146,10.795006,15.324371,19.16024,22.294422,23.318512,20.357891,24.998083,19.431456,22.487558,22.17423,23.39726
5,9.792159,10.080325,6.6003237,6.3425155,5.583983,0.0,6.029479,6.1110353,10.146921,12.785627,16.097982,18.446882,22.217545,21.880442,20.736149,16.733006,14.235857,12.955276,10.111938,11.244334,9.239091,14.9479475,13.494132,17.839634,19.581896,21.007776,17.094633,17.690247,17.259691,20.364004,18.681696,25.496881,23.939966,28.89476,28.558563,29.55922,29.34484,29.177673,24.555054,21.17162,26.276194,22.506187,26.025131,25.324331,24.20444,23.378365,22.903116,22.841549,24.78498,25.536695,28.559694,30.826263,30.345253,28.842257,27.906088,30.557356,26.911366,27.945553,31.813429,27.972809,25.169188,25.824377,22.998259,21.442066,25.102896,19.755219,19.8808,21.107664,17.073725,14.639488,15.438834,16.223076,17.533499,19.762415,20.442217,25.420624,23.604385,28.326088,29.64266,27.038069,30.281017,28.250467,23.422161,20.90859,17.158318,17.822428,12.872417,11.76915,13.036903,13.839991,17.716322,16.75228,12.5742445,15.910354,18.367361,14.295291,10.0580225,13.422039,17.706802,21.070673,21.340569,18.002674,21.908861,16.286453,18.417856,18.215015,18.670683
6,13.591048,13.569023,11.652199,8.390014,6.887785,6.029479,0.0,4.988458,7.0015717,10.291269,13.815604,16.42437,19.702602,18.606476,17.356216,12.619752,10.536124,7.79235,5.8573856,6.0293064,6.739036,11.3717785,11.134772,15.7158165,16.525223,16.90294,12.574579,12.238407,11.865166,14.388167,13.490519,20.19847,19.585941,24.29485,24.547852,25.887716,26.299385,26.510262,21.451092,17.626612,22.202402,18.066454,21.073439,19.868904,19.155273,17.726583,17.81267,17.355413,19.75911,20.871145,23.348757,25.397667,24.712408,22.985867,21.924606,24.529896,20.927296,22.05688,26.033865,22.47257,19.50562,20.535448,17.468231,16.410807,20.17303,15.108285,16.259321,17.766432,14.781845,11.571224,10.402033,11.783216,12.204971,15.240868,15.493677,21.066122,19.467411,24.098305,24.934198,22.30042,25.784906,23.496473,19.185745,16.02986,12.453483,12.256811,7.6971936,6.0617123,8.34165,10.333942,14.280219,14.551202,10.307228,12.526232,16.258617,13.754615,9.201271,11.287437,16.103298,19.252535,19.088247,15.921322,19.616205,13.549348,16.660831,15.79088,17.661867
7,15.611185,15.963969,12.527218,11.110211,8.733032,6.1110353,4.988458,0.0,5.563336,7.1952996,10.995635,12.847498,16.614109,16.309998,14.7835455,11.17063,8.221684,7.8835115,5.368493,8.438522,8.493709,14.113197,14.846368,19.040188,20.577728,21.067268,17.11249,15.854586,16.12574,17.518665,16.900478,22.428133,20.959017,26.217888,25.499308,27.38246,27.172422,27.712448,22.915297,19.402218,25.000494,21.503656,24.130905,23.42673,23.417046,21.613604,22.289848,21.087381,23.712694,24.385155,26.922163,28.52005,28.210575,25.558645,24.819363,27.016197,22.777834,23.58425,26.990507,22.728556,20.275274,20.471905,18.354452,16.764399,21.396841,16.39069,16.871931,19.409122,15.615251,11.816606,11.692993,11.092117,12.359711,13.904379,14.934076,19.540512,18.214144,22.738297,24.352049,22.162195,25.813839,24.200325,19.477158,16.821802,13.673039,13.699101,10.546592,10.340524,13.203942,15.28891,19.2644,19.436865,15.132344,17.047997,20.862965,18.092934,13.345411,14.974542,19.983635,23.229086,22.53534,19.128036,21.865429,15.565555,17.40608,15.731525,16.62922
8,18.02954,19.212055,16.696383,14.8684,13.237236,10.146921,7.0015717,5.563336,0.0,4.1091166,6.917953,10.17548,13.162506,12.101796,11.555322,6.946373,6.200383,5.8255625,7.219645,9.88418,12.343142,16.734253,17.758438,22.134243,22.66194,22.21384,17.684818,15.860776,14.326628,15.088459,13.436623,17.806585,15.675024,21.12172,20.034338,22.138771,21.870234,22.688696,17.91486,14.515783,20.54366,17.736265,19.917887,20.07914,20.968546,19.444494,21.136168,20.459515,23.686096,25.141582,26.691715,28.003603,26.966364,24.051044,22.55375,24.171633,20.021717,20.006424,23.479261,19.313025,16.702213,18.378933,17.049007,16.49967,21.813341,17.550407,19.161386,22.046011,19.218714,14.910505,12.516619,11.449722,10.42263,11.868066,11.223073,15.943825,13.501361,18.30248,19.640593,17.112293,20.467672,18.882305,13.980798,11.667519,8.606016,9.621697,7.261506,10.201958,12.990647,16.025314,19.410131,20.365433,15.727952,15.569317,20.127844,18.743366,13.882122,13.280279,18.406017,21.383308,19.708992,16.387054,17.876457,11.528035,13.00669,10.607027,12.226457
9,21.402304,22.503881,19.345913,17.96217,15.7778015,12.785627,10.291269,7.1952996,4.1091166,0.0,4.0622993,6.200243,9.573394,9.196289,8.188195,5.277778,4.0724893,6.8025284,8.278044,11.883221,14.251492,18.641552,20.498682,24.556223,25.422752,24.882908,20.723146,18.123161,17.517588,17.1351,16.418777,19.402918,17.086185,22.640982,20.90105,23.65902,23.068432,24.357002,19.901232,16.863317,23.13787,20.794142,22.336273,22.576826,24.04769,21.979425,24.121313,22.64468,26.015488,27.108843,28.588434,29.434578,28.758102,25.041252,23.93031,25.141132,20.531355,20.290628,23.05334,18.366001,16.411726,17.19065,16.865217,16.042768,21.907341,18.040041,19.347353,22.968655,20.00244,15.396855,13.365993,10.798068,10.185526,9.909633,10.008159,13.452277,11.61308,16.073973,18.143265,16.287352,19.906904,19.064102,14.284011,12.410515,10.501817,10.96656,10.706202,13.346657,16.585022,19.65872,23.118952,24.183466,19.679676,19.532278,24.19728,22.79752,17.917967,17.317362,22.412563,25.329605,23.378693,20.10962,20.853579,14.725763,15.294392,12.003292,12.985109
10,23.992142,25.587273,22.583889,21.490156,19.586693,16.097982,13.815604,10.995635,6.917953,4.0622993,0.0,4.438149,6.6934414,6.3587885,6.945619,5.5063014,6.8924108,9.789523,12.188332,15.535999,18.248215,22.415634,24.25489,28.376493,28.956545,28.122015,23.794098,21.074505,19.609838,18.84677,17.456242,18.968756,15.695117,21.309334,18.70616,21.756573,20.68987,22.288872,18.346884,15.940977,22.572622,21.155678,22.256203,23.345629,25.424202,23.6518,26.319592,25.154392,28.744215,30.145988,31.13501,31.75025,30.733343,26.802635,25.320387,25.974766,21.477596,20.485813,22.89008,18.227615,16.58402,18.115183,18.75919,18.467144,24.569983,21.234304,22.821148,26.615591,23.89478,19.219961,16.70523,13.850305,12.300005,11.175326,10.155808,12.235067,9.327717,13.702004,16.038748,14.265943,17.386482,17.126392,12.223205,11.537895,10.495042,11.877979,12.546745,16.415617,19.380247,22.667503,25.815756,27.076704,22.437727,21.395813,26.153276,25.269484,20.441696,18.867067,23.73321,26.435291,23.869314,20.748741,20.286865,14.753368,14.171714,10.238796,10.759093
11,27.116516,28.370483,24.828466,23.903788,21.480913,18.446882,16.42437,12.847498,10.17548,6.200243,4.438149,0.0,4.1407785,5.830193,4.955625,7.2172656,7.4392724,11.627224,13.418509,17.173958,19.578087,23.63889,26.16501,29.913992,30.899242,30.107796,26.23575,22.964504,22.703508,21.188543,20.979767,21.93354,19.172342,24.56398,21.83483,25.321108,24.221794,26.118275,22.378496,20.07659,26.483976,25.025467,25.72928,26.421339,28.69733,26.305159,29.086931,27.061785,30.621424,31.519852,32.628555,32.858635,32.379223,27.812752,26.937614,27.39729,22.537699,21.677307,23.29018,18.245855,17.401497,17.451448,18.865595,18.12341,24.364975,21.412024,22.527594,26.834648,24.015558,19.335104,17.46839,13.650572,12.996588,10.351064,10.765608,10.990379,9.8869705,13.134478,16.283531,15.566123,19.00909,19.409723,15.172606,14.465272,14.145957,14.486378,16.101315,19.058939,22.442823,25.648924,28.99824,30.271484,25.814152,25.23209,30.045708,28.909931,24.030252,22.96641,27.933334,30.68674,28.222374,25.101791,24.673325,19.146763,18.534554,14.487871,14.635183
12,30.574522,31.982784,28.686165,27.52875,25.200285,22.217545,19.702602,16.614109,13.162506,9.573394,6.6934414,4.1407785,0.0,3.427924,4.4277453,8.473919,10.217727,14.014479,16.632486,20.02429,22.996897,26.519552,29.28276,32.963,33.59322,32.382626,28.53186,24.93527,24.316711,22.12071,21.960577,21.355951,18.468798,23.476137,20.311146,24.218424,23.035053,25.358288,22.080904,20.266548,26.384037,25.596281,25.613932,26.709831,29.599138,27.18986,30.504034,28.476894,32.217377,33.323227,33.87263,33.745865,33.056717,28.188623,27.134861,26.997478,22.292236,20.818855,21.808723,16.922455,16.638773,17.139456,19.545746,19.397623,25.664549,23.447361,24.951113,29.390974,27.08239,22.356539,19.8171,15.920401,14.37607,11.179038,10.660396,8.88254,7.6405,9.849902,13.375405,13.277512,16.374422,17.504234,13.960013,14.061544,14.853089,15.236908,18.015589,21.545456,24.831266,28.251474,31.296284,32.910534,28.51928,27.215473,32.201794,31.670712,26.889662,25.13806,29.90103,32.39383,29.509209,26.650747,25.37379,20.428629,19.398659,15.009468,15.353359
13,29.908272,31.300013,28.462933,26.774456,24.63023,21.880442,18.606476,16.309998,12.101796,9.196289,6.3587885,5.830193,3.427924,0.0,3.7949326,6.405084,9.397532,12.374103,15.764979,18.650324,22.205187,25.240608,27.961697,31.670338,31.870863,30.34911,26.422573,22.781855,21.716036,19.285898,19.06769,17.978556,15.34221,20.230368,17.360525,21.367922,20.570215,22.981405,19.49609,17.567505,23.335161,22.598911,22.349922,23.490784,26.586256,24.239893,27.776495,25.970667,29.803854,31.211609,31.411922,31.282267,30.282515,25.55847,24.189327,23.93577,19.409798,17.707518,18.959091,14.257905,13.676561,15.190267,17.5053,17.910841,24.102629,22.079786,24.104313,28.3322,26.478327,21.726543,18.385227,14.937828,12.4238825,9.798343,7.997163,6.9370074,4.334881,7.6002984,10.601017,10.028679,13.393009,14.2279625,10.810719,10.786891,12.037866,12.356584,15.756827,19.636593,22.758795,26.313297,29.07914,30.960672,26.700006,24.90185,30.000692,29.974083,25.350573,23.176992,27.7976,30.107061,27.119783,24.452908,23.053465,18.246046,17.60073,13.113964,14.408471
14,29.469044,30.39055,27.2714,25.414106,22.875637,20.736149,17.356216,14.7835455,11.555322,8.188195,6.945619,4.955625,4.4277453,3.7949326,0.0,5.615294,7.09938,10.691567,13.532232,16.5955,19.935644,22.824953,26.002787,29.419254,29.95327,28.575058,25.029934,21.077766,21.240887,18.550581,19.483105,19.2557,17.589355,22.458893,20.263857,24.199234,23.748674,26.014801,22.103674,19.651335,25.217781,23.7315,23.636522,23.915543,26.706003,23.771214,27.057325,24.516508,28.218576,29.149868,29.702995,29.486137,29.032892,24.030035,23.290028,23.354124,18.437183,17.436224,18.57814,13.470443,13.068054,12.966215,15.157955,14.989464,21.249254,19.195103,20.889313,25.33914,23.426205,18.712988,15.811954,11.867829,10.198052,6.760302,6.831319,6.121526,6.4865494,9.21156,12.239049,12.073097,16.114813,16.5917,13.3893,12.204442,13.014205,12.178421,15.6554165,18.41459,21.921097,25.328812,28.359552,30.170786,26.115604,25.043283,30.15568,29.730005,25.0577,23.653915,28.511127,31.001003,28.447544,25.638716,25.07627,19.698738,19.765612,15.449873,16.872957
15,24.865255,25.81687,23.301685,20.954702,18.83087,16.733006,12.619752,11.17063,6.946373,5.277778,5.5063014,7.2172656,8.473919,6.405084,5.615294,0.0,4.301434,6.0228634,9.840822,12.356454,16.181118,19.074362,21.609303,25.381445,25.522888,24.140886,20.139183,16.696577,15.936045,14.047404,14.1949835,15.411211,13.896674,19.067253,17.648632,20.982635,20.960985,22.758852,18.232962,15.182516,20.714188,18.650267,19.159695,19.32076,21.657648,19.134544,22.143435,20.353582,24.069857,25.472593,26.107338,26.474466,25.53314,21.357138,20.032196,20.69736,16.054634,15.359477,17.92062,13.286684,11.380342,13.007062,13.421993,13.590912,19.634935,16.80047,19.0227,22.801342,20.962917,16.256506,12.555489,9.915367,7.145245,6.6587095,4.9453897,9.019041,7.151598,11.6484995,13.232906,11.438145,15.500604,14.661317,10.658434,8.322933,7.916363,7.292059,10.042054,13.27457,16.550552,20.046133,22.969856,24.795435,20.684103,19.428446,24.544895,24.289577,19.71767,18.16596,23.011478,25.50812,23.156183,20.329035,20.381805,14.667565,15.630375,11.742081,14.123906
16,23.252716,23.715668,20.682552,18.462044,15.837175,14.235857,10.536124,8.221684,6.200383,4.0724893,6.8924108,7.4392724,10.217727,9.397532,7.09938,4.301434,0.0,4.54403,6.492446,9.886035,12.925263,16.361376,19.1401,22.751078,23.56804,22.720074,19.05627,15.666718,16.396715,14.983931,15.968522,18.66778,17.64983,22.808195,21.72518,24.791252,24.775627,26.29295,21.584251,18.244566,23.738348,20.954197,21.998163,21.389893,23.00171,20.125809,22.427917,20.032904,23.428984,24.200989,25.61422,26.155516,25.869473,21.725912,21.116781,22.36127,17.491737,17.69988,20.233543,15.44716,13.678294,13.478449,13.042646,12.043762,18.021492,14.469472,15.948905,19.880428,17.418411,12.667448,10.144403,6.981411,6.5712686,6.186493,7.4630756,11.390313,11.047105,15.057373,16.948874,15.519951,19.742477,18.810247,14.821919,12.105018,10.821114,9.510362,10.787466,12.183651,15.896653,19.008968,22.439495,23.859016,19.857754,19.885014,24.748032,23.617373,18.942247,18.656265,23.72925,26.524628,24.793396,21.72776,22.79913,16.621374,17.995687,14.588303,16.399181
17,21.166128,21.357435,19.148996,15.963413,13.708085,12.955276,7.79235,7.8835115,5.8255625,6.8025284,9.789523,11.627224,14.014479,12.374103,10.691567,6.0228634,4.54403,0.0,4.6566415,6.3453093,10.499019,13.148086,15.616811,19.36478,19.629717,18.55783,14.659252,11.452497,11.944878,10.991654,12.178402,16.133207,16.077084,20.858395,20.794039,23.359539,23.962687,25.15743,20.076433,16.299417,20.982796,17.507738,18.84067,17.630371,18.76983,15.929707,17.952532,15.897986,19.281023,20.414755,21.787344,22.721395,22.12289,18.674416,17.763903,19.524979,15.062375,15.759476,19.126694,15.038612,12.440496,13.248415,11.305984,10.802309,16.090267,12.194796,14.397994,17.540184,15.661717,11.170535,7.3267174,6.4594235,4.8957458,7.728372,7.841156,13.4637165,12.676733,16.898485,17.80951,15.7454,19.870493,18.084295,14.38302,10.799696,8.771614,6.6880264,7.1525226,7.815794,11.542611,14.761736,18.032282,19.681938,15.931563,15.889927,20.788969,20.01924,15.635421,15.416558,20.335459,23.016937,21.65113,18.770817,20.600615,14.429897,16.976696,14.270783,16.982342
18,19.066282,18.632284,15.867754,12.831651,9.936249,10.111938,5.8573856,5.368493,7.219645,8.278044,12.188332,13.418509,16.632486,15.764979,13.532232,9.840822,6.492446,4.6566415,0.0,4.2286854,6.4499736,10.440593,12.837355,16.503937,17.740868,17.591724,14.162047,11.647618,13.709047,13.807736,15.269679,20.373695,20.345243,25.142086,25.151358,27.430758,27.893803,28.790312,23.689123,19.849318,24.542795,20.608192,22.53223,20.84287,21.076956,18.243196,19.195608,16.817863,19.56643,19.946411,22.344217,23.615925,23.687037,20.626024,20.400013,22.689777,18.309797,19.66502,22.915712,18.82301,16.465582,15.906881,13.253302,11.521848,16.047926,11.15736,12.133253,15.044526,12.081811,7.6929355,6.3927174,6.173058,7.9644556,10.310509,11.987525,17.037523,16.831837,20.930187,22.18424,20.32434,24.478308,22.720238,18.8361,15.365994,12.88255,11.102478,9.738038,7.8505306,11.621474,13.99366,17.843033,18.768028,15.221276,16.90262,21.174545,19.23587,14.892751,16.32283,21.243708,24.200819,23.564072,20.503317,23.280754,16.960104,19.609911,17.42751,19.44101
19,18.75509,17.777113,16.046812,11.823001,9.403233,11.244334,6.0293064,8.438522,9.88418,11.883221,15.535999,17.173958,20.02429,18.650324,16.5955,12.356454,9.886035,6.3453093,4.2286854,0.0,5.071577,6.9951816,9.4320965,13.050669,13.735117,13.379702,10.030024,7.7108164,10.741887,11.323479,13.571313,19.45892,20.506111,24.680199,25.602785,27.50808,28.538073,29.226421,23.960924,19.917822,23.51639,18.994053,21.000975,18.488756,18.082878,15.109342,15.451033,13.047605,15.537686,16.02225,18.571434,20.218939,20.241182,17.944769,17.758144,20.557178,16.747677,18.684906,22.334427,18.9789,16.279476,16.095642,12.288984,10.946951,14.169221,9.110502,10.742867,12.526438,10.540103,7.019384,4.548717,7.4497914,8.567101,12.265097,13.407114,19.049297,18.879986,22.869854,23.460089,21.381533,25.443243,23.167477,19.840317,15.92607,13.364849,10.980934,9.192262,4.8128157,8.483504,10.565484,14.269602,15.446116,12.617218,14.628182,18.682617,17.105526,13.41449,15.219556,19.688433,22.41537,22.303572,19.595575,23.055481,17.09079,20.616411,18.979078,21.615705
20,16.626026,14.858527,12.595991,8.687406,5.523461,9.239091,6.739036,8.493709,12.343142,14.251492,18.248215,19.578087,22.996897,22.205187,19.935644,16.181118,12.925263,10.499019,6.4499736,5.071577,0.0,6.161998,7.3242583,10.821138,13.033961,14.195818,11.691585,11.029739,14.454834,16.039078,17.746239,24.262724,24.908737,29.244574,29.998909,31.6491,32.41328,32.8148,27.62882,23.651733,27.46925,22.813791,25.368612,22.84813,21.705065,19.165833,18.476845,16.299692,17.873499,17.566357,21.115986,23.108273,23.67062,21.906963,22.161697,25.212084,21.542036,23.685225,27.208158,23.741005,21.227592,20.310541,16.465826,14.354231,16.665884,11.204529,11.008309,11.886703,8.262399,6.193249,8.090683,10.488944,13.099129,16.061274,17.907866,23.160158,23.106863,27.1731,28.126556,26.11078,30.15254,27.957428,24.257118,20.57155,17.644726,15.85461,12.992463,8.273787,10.734688,11.353047,15.400289,15.414053,12.967456,16.742445,19.798725,16.836466,13.473125,16.904726,21.125998,24.064636,24.628277,21.786661,25.921938,19.987831,23.326323,22.136595,24.060192
21,20.679895,18.320782,17.369831,12.588084,10.499425,14.9479475,11.3717785,14.113197,16.734253,18.641552,22.415634,23.63889,26.519552,25.240608,22.824953,19.074362,16.361376,13.148086,10.440593,6.9951816,6.161998,0.0,5.3555346,6.7569275,8.350348,9.051931,8.488699,7.638841,13.557194,14.443657,18.014828,24.218176,26.381306,29.838755,31.567898,33.170155,34.638058,35.11488,29.82056,25.726421,28.142576,23.08156,25.083752,21.379162,19.83421,16.596554,15.26684,11.988735,12.729854,11.669785,15.682526,17.803604,18.956469,17.869585,18.842617,22.29497,19.340418,22.276026,25.694883,23.129967,20.709862,19.422712,14.65809,12.861415,12.859704,8.006402,8.304794,7.1085005,6.334979,6.6243186,7.496976,11.698648,13.896628,17.508772,19.284712,24.64034,25.260748,28.824045,29.148516,27.316366,31.427534,28.934237,26.217598,22.088978,19.73209,16.889078,15.166219,9.190212,10.859138,10.742757,13.845577,14.521806,13.902946,17.454168,20.207386,18.275585,16.101936,19.274813,22.782358,25.193064,26.152489,23.904488,28.25555,22.804298,26.813759,25.651516,28.343771
22,16.80293,14.020046,14.268461,9.15008,8.575058,13.494132,11.134772,14.846368,17.758438,20.498682,24.25489,26.16501,29.28276,27.961697,26.002787,21.609303,19.1401,15.616811,12.837355,9.4320965,7.3242583,5.3555346,0.0,4.7733326,6.3054943,8.733308,7.566632,9.916694,13.479813,16.372011,18.177485,25.47423,27.220009,30.567965,32.467316,33.369625,34.79243,34.741974,29.570314,25.574398,27.704693,22.490248,25.314146,21.918417,19.361658,17.46026,14.987877,13.854788,13.947861,13.673635,17.724714,20.626854,21.047743,21.277945,21.487331,25.137531,22.76112,25.423496,29.356695,26.9945,24.1524,23.946606,19.184738,17.809998,17.926384,13.258283,13.546143,11.558777,10.29769,11.030479,11.858097,15.950537,17.556341,21.451387,22.554476,28.319471,28.048126,32.06494,32.249157,29.904032,33.616287,30.79791,27.74314,23.838722,20.841145,18.95454,15.519977,9.588136,9.457748,7.706032,10.772931,10.276836,10.322669,15.141342,16.719873,14.040112,12.806917,16.976358,19.770653,22.142391,23.86478,21.773811,26.898272,21.952934,26.166294,25.899605,28.376637
23,20.692589,17.393223,17.831717,13.168075,12.519908,17.839634,15.7158165,19.040188,22.134243,24.556223,28.376493,29.913992,32.963,31.670338,29.419254,25.381445,22.751078,19.36478,16.503937,13.050669,10.821138,6.7569275,4.7733326,0.0,4.571698,8.087657,9.788516,11.95223,16.813944,19.032513,21.87101,28.77464,31.172207,34.16429,36.41383,37.374573,39.04032,39.048763,33.862312,29.848825,31.430933,26.11005,28.592659,24.586676,21.809326,19.540905,16.572489,14.671162,13.603255,12.076825,16.79234,19.704502,20.955496,21.703096,22.687544,26.482544,24.500908,27.630028,31.244,29.258009,26.69253,25.747078,20.747759,19.202763,17.766056,13.893071,13.511505,9.927989,10.046042,12.585588,14.208979,18.441914,20.475657,24.244942,25.762539,31.292767,31.624804,35.318546,35.405773,33.32706,37.1746,34.352203,31.706516,27.638016,24.959023,22.56709,19.838213,13.71747,13.524598,11.426812,13.407458,12.900377,14.358161,19.059927,20.1104,17.712332,17.250023,21.425854,23.778751,25.848173,27.879776,26.069902,31.263517,26.496548,30.81728,30.45755,33.049473
24,21.655617,18.76938,20.05125,14.924542,14.854759,19.581896,16.525223,20.577728,22.66194,25.422752,28.956545,30.899242,33.59322,31.870863,29.95327,25.522888,23.56804,19.629717,17.740868,13.735117,13.033961,8.350348,6.3054943,4.571698,0.0,4.1408763,6.9313154,10.184308,14.343923,16.794664,19.626204,26.374039,29.362896,31.714127,34.531853,35.20035,37.255272,37.17466,32.073936,28.143066,28.75758,23.386469,25.684332,21.361023,18.187954,16.227688,12.681764,11.599,9.968292,9.363426,13.547727,16.922619,17.52461,19.306915,19.854418,23.752453,22.539845,25.661467,29.495861,28.167496,25.404472,25.332058,20.178186,19.443085,17.687363,14.510125,15.345133,11.842424,13.243767,14.931266,14.786062,19.443598,20.431013,24.651787,25.436357,31.195217,31.233335,34.84462,34.418392,32.15306,35.706394,32.605618,30.462652,26.384119,23.892242,21.474604,18.92606,13.032256,11.931525,9.577589,10.320112,10.569351,13.011646,16.855942,17.69316,16.5018,16.687744,20.118912,21.876156,23.49178,25.63126,24.295107,29.45667,25.269892,29.92095,29.79952,32.853447
25,23.71989,21.363197,22.534744,17.18244,16.873055,21.007776,16.90294,21.067268,22.21384,24.882908,28.122015,30.107796,32.382626,30.34911,28.575058,24.140886,22.720074,18.55783,17.591724,13.379702,14.195818,9.051931,8.733308,8.087657,4.1408763,0.0,5.2141843,7.6762533,12.066542,13.714068,17.335892,23.381075,27.015781,28.910275,32.07047,32.847584,35.206036,35.318916,30.24291,26.351215,26.38333,21.07982,22.796455,18.071331,15.166399,12.669678,9.297099,7.6767106,5.8678226,6.224404,9.716253,13.198743,13.424083,15.490107,15.910523,19.826159,19.037493,22.229053,26.034761,25.194695,22.4511,22.776026,17.618816,17.542595,15.552151,13.182699,15.041282,12.071719,14.438918,15.327125,13.7055235,18.45716,18.649687,23.030891,23.389711,29.086668,29.20633,32.532463,31.742512,29.54648,32.997223,29.831976,28.254751,24.119234,22.088547,19.304388,17.666622,12.171586,11.140657,9.66497,9.742925,11.398134,13.551319,15.981462,17.478426,17.5193,17.44002,19.791862,21.563744,22.91154,24.611588,23.512585,28.192244,24.204529,28.965782,28.617327,32.095375
26,19.983368,18.322746,19.400105,14.017515,13.914493,17.094633,12.574579,17.11249,17.684818,20.723146,23.794098,26.23575,28.53186,26.422573,25.029934,20.139183,19.05627,14.659252,14.162047,10.030024,11.691585,8.488699,7.566632,9.788516,6.9313154,5.2141843,0.0,5.265735,7.416266,10.452479,12.707037,19.553228,22.47858,24.80846,27.62469,28.306398,30.429375,30.460337,25.340961,21.410967,22.017569,16.671268,18.913967,14.880076,12.127717,10.161219,7.4469805,7.5187216,8.201873,10.183734,12.482401,15.623657,14.697873,15.833247,15.072211,18.792528,17.423786,19.984922,24.27934,22.943838,19.79235,21.131393,16.282131,16.434063,16.378103,13.030775,15.420092,13.91786,14.789672,14.20184,11.589497,16.127851,15.636792,20.219343,19.980766,26.00841,25.365295,29.097504,28.391346,25.8186,29.107985,25.879387,23.809563,19.81187,17.378836,15.16962,12.687496,7.4851995,5.954685,5.193965,6.297193,8.577161,9.169941,11.155851,13.511436,13.646328,12.842628,14.733977,16.956848,18.61503,19.93087,18.547255,23.181719,19.019693,23.774336,23.563063,27.010183
27,22.811071,21.458433,21.372337,16.212906,14.956097,17.690247,12.238407,15.854586,15.860776,18.123161,21.074505,22.964504,24.93527,22.781855,21.077766,16.696577,15.666718,11.452497,11.647618,7.7108164,11.029739,7.638841,9.916694,11.95223,10.184308,7.6762533,5.265735,0.0,7.4841323,7.236661,11.981611,17.431767,20.708544,23.297764,25.792658,27.297237,29.376976,30.000597,24.772976,20.761663,21.95429,16.953754,18.193613,14.012063,12.985044,9.087319,8.851718,5.389657,7.9979205,9.435393,11.156783,13.232187,12.825802,11.946982,11.733777,15.266572,12.971839,15.8076935,19.765343,18.1393,15.244523,15.932998,11.021752,11.336318,11.759888,8.698558,11.969763,11.808547,13.085393,11.505501,7.436835,11.877528,11.130167,15.65122,15.716501,21.476152,21.563961,24.897371,24.287594,22.16689,25.891012,22.999588,21.229746,16.971191,15.256089,11.931787,11.5405245,6.716689,7.8559966,9.259851,11.033316,13.565405,12.853796,13.724359,17.367435,17.664433,15.631687,16.6579,19.818129,21.647993,21.969269,20.280697,23.907598,19.1286,23.524128,22.331465,25.962431
28,20.536926,20.392946,21.190771,16.442955,16.40105,17.259691,11.865166,16.12574,14.326628,17.517588,19.609838,22.703508,24.316711,21.716036,21.240887,15.936045,16.396715,11.944878,13.709047,10.741887,14.454834,13.557194,13.479813,16.813944,14.343923,12.066542,7.416266,7.4841323,0.0,5.8684874,5.310883,12.499478,15.188447,17.466036,20.278399,20.915663,23.14422,23.317812,18.210798,14.3349285,14.896885,9.689933,11.864607,8.812878,7.476131,6.3668413,7.029072,9.138239,11.954355,15.24361,15.446722,17.71485,15.217837,15.35328,12.728401,15.569082,14.147957,15.4067135,20.191002,18.930946,15.349098,18.86757,15.139949,16.453207,18.378105,15.5058565,18.837898,19.08279,19.412554,17.053284,12.492317,15.731208,13.137116,17.63944,15.744397,21.81482,20.0418,23.873678,22.742271,19.680077,22.41594,18.975641,17.028034,13.323257,11.055254,9.6449175,7.4983425,6.4129534,5.0850897,7.819619,8.399404,11.550964,9.700963,7.4186563,11.8874235,13.858713,11.984027,10.801214,13.446951,14.949962,14.74471,13.401632,16.844276,12.959749,17.72126,17.436302,21.42523
29,25.435116,25.205387,25.154871,20.451103,19.458696,20.364004,14.388167,17.518665,15.088459,17.1351,18.84677,21.188543,22.12071,19.285898,18.550581,14.047404,14.983931,10.991654,13.807736,11.323479,16.039078,14.443657,16.372011,19.032513,16.794664,13.714068,10.452479,7.236661,5.8684874,0.0,7.1430006,10.356714,14.4469795,16.440655,19.240896,20.957045,23.386745,24.369768,19.35646,15.642579,16.198557,11.944466,11.870805,8.110079,9.50283,5.327874,8.909139,7.6816044,11.548637,14.457141,13.621758,14.672915,12.387714,10.604808,7.9635377,10.432634,8.29944,9.852559,14.499727,13.47883,10.051621,13.652605,10.276074,12.530195,14.64128,13.116155,17.09383,18.222666,19.323338,16.521156,10.904577,13.424907,9.911103,14.166747,12.12643,17.737497,16.958712,20.000727,18.580873,16.122826,19.351583,16.217163,15.347679,11.24936,10.685767,7.268066,9.442065,8.97382,9.94261,12.816317,13.632947,16.918804,15.248166,13.066303,17.672018,19.622622,17.240519,15.777136,18.812492,20.168093,19.169876,17.861279,19.862106,15.795025,19.88043,18.357515,22.630896
30,22.006908,22.825924,23.353191,19.335499,19.319359,18.681696,13.490519,16.900478,13.436623,16.418777,17.456242,20.979767,21.960577,19.06769,19.483105,14.1949835,15.968522,12.178402,15.269679,13.571313,17.746239,18.014828,18.177485,21.87101,19.626204,17.335892,12.707037,11.981611,5.310883,7.1430006,0.0,8.143013,9.992669,12.442847,15.035426,15.64811,17.87942,18.212055,13.117205,9.326486,10.215068,5.6517277,7.690535,7.109006,8.127305,8.400389,10.946329,13.29038,16.517841,19.979275,19.429861,21.100918,18.037893,17.427977,13.932567,15.614153,14.173024,13.997113,18.811493,17.554022,13.898918,18.92914,16.46767,18.313404,21.366344,18.839926,22.346941,23.435558,23.38607,20.266441,15.245681,17.211664,13.5023,17.319942,14.169526,19.816778,16.96861,20.816391,19.400417,15.902775,17.964851,14.3851185,12.42216,9.337849,7.3852615,7.643357,6.4206576,9.5597315,9.04157,12.189996,12.638088,15.503318,12.710514,8.320267,13.270988,15.958632,13.576474,10.165347,12.863553,14.122009,12.343988,11.06562,12.772426,9.353777,13.748128,13.3786745,17.745605
31,29.598991,30.734915,30.83206,27.061586,26.584518,25.496881,20.19847,22.428133,17.806585,19.402918,18.968756,21.93354,21.355951,17.978556,19.2557,15.411211,18.66778,16.133207,20.373695,19.45892,24.262724,24.218176,25.47423,28.77464,26.374039,23.381075,19.553228,17.431767,12.499478,10.356714,8.143013,0.0,6.359962,6.2772746,9.765698,11.511391,14.526041,16.020433,12.009823,9.866379,8.969954,8.485059,5.2810497,7.397176,11.87949,11.58972,15.93145,17.272467,20.792675,24.285915,22.306067,22.743345,19.234835,17.569126,13.466128,12.938735,12.333794,10.02134,14.057519,14.083274,11.138926,17.833742,17.322405,20.222515,23.551573,22.598251,26.516788,28.351507,28.89443,25.353714,19.675901,20.39605,15.606117,18.061111,13.693835,17.465166,14.447839,16.804363,14.132372,10.7745075,11.580618,7.7330136,9.012292,7.514498,9.377477,9.49348,12.648806,16.564167,16.907679,20.099121,20.179148,23.349659,20.847267,16.0574,20.54623,23.875471,21.479418,17.34016,19.45998,19.952183,16.99096,16.527285,15.143844,13.580387,16.05507,14.610162,19.20027
32,27.86722,29.779379,29.497898,26.670692,26.332542,23.939966,19.585941,20.959017,15.675024,17.086185,15.695117,19.172342,18.468798,15.34221,17.589355,13.896674,17.64983,16.077084,20.345243,20.506111,24.908737,26.381306,27.220009,31.172207,29.362896,27.015781,22.47858,20.708544,15.188447,14.4469795,9.992669,6.359962,0.0,5.727929,5.249984,7.5028176,9.150338,10.91569,6.7201247,5.2815995,8.318934,9.6594715,8.660338,12.624814,16.094429,16.566994,20.288301,21.895527,25.507982,28.818832,27.585596,28.283146,25.066582,23.048409,19.28379,18.928091,17.294678,14.748976,18.243462,16.904215,14.204601,20.517946,20.59447,22.85485,27.279902,25.439093,28.924482,31.243658,30.73719,26.727243,21.57704,21.45381,16.901684,18.55523,13.963213,17.1785,12.53568,15.603252,13.804225,9.877718,9.697224,6.466631,4.7706633,6.1009593,7.4922476,10.405434,12.197022,17.770454,18.337852,21.714027,22.410168,24.948961,21.432426,16.596493,21.07936,23.759674,20.781744,15.995929,18.444826,19.287159,15.457315,14.453632,11.374964,10.063038,10.824195,9.210009,13.536422
33,31.969152,33.777313,34.096626,30.908487,30.82869,28.89476,24.29485,26.217888,21.12172,22.640982,21.309334,24.56398,23.476137,20.230368,22.458893,19.067253,22.808195,20.858395,25.142086,24.680199,29.244574,29.838755,30.567965,34.16429,31.714127,28.910275,24.80846,23.297764,17.466036,16.440655,12.442847,6.2772746,5.727929,0.0,5.4917645,5.888738,9.555919,11.113146,8.800717,9.036011,6.7668576,10.061396,6.961527,11.873432,15.795427,17.04928,20.920244,23.205046,26.532797,30.244995,28.145224,28.653355,24.822477,23.582766,19.334988,18.333044,18.25537,15.376841,18.519619,18.784767,16.390312,23.206104,23.314535,26.130798,29.766487,28.66901,32.481354,34.39463,34.597385,30.892109,25.399632,25.756563,20.973099,22.838596,18.150364,20.88453,16.815088,18.754318,15.943984,12.53265,10.852018,7.496423,9.568567,10.795937,12.640471,14.532649,16.63197,21.518091,21.449617,24.498528,24.28059,27.151764,24.414965,18.936632,22.777845,26.516415,24.371092,19.323671,20.559986,20.48319,16.693802,16.896008,13.394193,14.258304,15.241695,14.557728,18.632858
34,32.192024,34.425716,34.121567,31.616985,31.323248,28.558563,24.547852,25.499308,20.034338,20.90105,18.70616,21.83483,20.311146,17.360525,20.263857,17.648632,21.72518,20.794039,25.151358,25.602785,29.998909,31.567898,32.467316,36.41383,34.531853,32.07047,27.62469,25.792658,20.278399,19.240896,15.035426,9.765698,5.249984,5.4917645,0.0,4.6666965,5.9005513,8.761992,7.308416,8.710053,10.203182,13.55272,11.713986,16.430477,20.209293,21.015743,24.902386,26.623724,30.213518,33.60839,31.98399,32.392097,28.988775,26.889404,23.025846,21.951855,20.797768,17.613026,20.190823,19.391544,17.402666,23.820168,24.70079,27.142776,31.653513,30.204136,33.71455,36.231274,35.763355,31.635967,26.474827,25.937428,21.311968,22.253662,17.531616,19.267433,14.42136,16.301403,14.171583,10.813914,8.18013,6.2713284,7.041146,10.3059635,12.390092,15.219769,17.343523,23.00969,23.532763,26.842636,27.320248,29.845919,26.372936,21.280062,25.367672,28.317945,25.50548,20.41612,22.290194,22.70598,18.489851,18.013292,13.474365,13.981918,13.208886,11.822811,15.163955
35,31.765749,34.22309,34.548794,32.138496,32.381096,29.55922,25.887716,27.38246,22.138771,23.65902,21.756573,25.321108,24.218424,21.367922,24.199234,20.982635,24.791252,23.359539,27.430758,27.50808,31.6491,33.170155,33.369625,37.374573,35.20035,32.847584,28.306398,27.297237,20.915663,20.957045,15.64811,11.511391,7.5028176,5.888738,4.6666965,0.0,4.14805,5.454391,5.5772567,8.452241,7.882017,12.536362,11.287428,16.71093,19.814255,21.780708,25.132383,27.900501,31.196169,34.914536,33.249943,34.048103,30.252535,29.075886,24.887774,24.11313,23.604664,20.716364,23.719812,23.311377,20.98421,27.565197,27.832798,30.269867,34.439587,32.733997,36.27746,38.32872,37.872917,33.98401,28.898664,28.928282,24.404047,25.911657,21.257524,23.6362,18.70921,20.917242,18.771812,15.3219795,12.759163,10.553769,10.886037,13.528471,14.604523,17.844885,18.667862,24.27716,24.057316,27.01112,26.964823,29.313957,26.0836,20.552113,23.897364,27.335957,25.16237,19.682516,20.512321,20.356668,16.00971,16.283117,11.087823,13.700797,12.957555,13.192246,16.272575
36,31.610693,34.419323,34.39033,32.57476,32.77923,29.34484,26.299385,27.172422,21.870234,23.068432,20.68987,24.221794,23.035053,20.570215,23.748674,20.960985,24.775627,23.962687,27.893803,28.538073,32.41328,34.638058,34.79243,39.04032,37.255272,35.206036,30.429375,29.376976,23.14422,23.386745,17.87942,14.526041,9.150338,9.555919,5.9005513,4.14805,0.0,3.4407694,5.5957375,9.265068,11.143034,15.336554,14.841544,20.1083,23.0292,24.812366,28.063202,30.599617,34.008858,37.542755,36.252617,37.086567,33.531578,31.955427,27.971489,27.274662,26.16165,23.225893,26.03697,24.967949,22.800697,29.022812,29.591274,31.711533,36.379227,34.329784,37.61897,39.970562,39.006245,34.910442,30.167763,29.722853,25.44736,26.46763,21.964724,23.871073,18.555939,20.857529,19.357256,16.055914,13.349211,12.070034,11.188179,14.572848,15.386283,19.19018,19.646149,25.62668,25.681978,28.704657,29.089926,31.115372,27.42178,22.250315,25.59394,28.410975,25.87932,20.465977,21.60556,21.788559,17.296995,17.090343,11.33969,13.845236,11.6108885,11.838607,13.899227
37,30.368187,33.351727,33.734512,32.088066,32.678783,29.177673,26.510262,27.712448,22.688696,24.357002,22.288872,26.118275,25.358288,22.981405,26.014801,22.758852,26.29295,25.15743,28.790312,29.226421,32.8148,35.11488,34.741974,39.048763,37.17466,35.318916,30.460337,30.000597,23.317812,24.369768,18.212055,16.020433,10.91569,11.113146,8.761992,5.454391,3.4407694,0.0,5.303157,9.397944,10.631288,14.969839,15.245402,20.609615,22.902554,25.332243,28.107277,31.250546,34.450516,38.116833,36.967976,38.120632,34.418617,33.38509,29.283012,28.912045,28.008375,25.34746,28.522816,27.4986,25.050146,31.28943,31.387003,33.40595,37.89708,35.553905,38.78736,40.82419,39.762573,35.84799,31.27356,31.198399,27.087193,28.497305,24.110558,26.568792,21.210823,23.896421,22.461155,18.982824,16.594631,14.926572,13.634604,16.510391,16.594666,20.633999,20.100964,25.959206,25.550156,28.283588,28.4267,30.202682,26.616005,21.36243,24.122707,27.046515,24.92972,19.394411,19.848793,19.75075,15.2693,15.442801,9.375183,13.299226,11.071825,12.593193,14.3483515
