,0,1,2,3,4,5,6,7,8,9,10,11,12,13,14,15,16,17,18,19,20,21,22,23,24,25,26,27,28,29,30,31,32,33,34,35,36,37,38,39,40,41,42,43,44,45,46,47,48,49,50,51,52,53,54,55,56,57,58,59,60,61,62,63,64,65,66,67,68,69,70,71,72,73,74,75,76,77,78,79,80,81,82,83,84,85,86,87,88,89,90,91,92,93,94,95,96,97,98,99,100,101,102,103,104,105,106,107,108,109,110,111
0,0.0,4.355201,6.4543176,9.644526,12.125696,14.474687,17.18984,21.101637,24.244122,28.330782,30.14754,35.847004,32.459637,30.701805,26.038322,24.407654,20.596525,19.426601,16.270042,14.384417,13.057184,10.148153,14.163825,13.93994,17.441868,19.861786,18.299139,19.934416,20.685781,22.165804,26.3271,25.400513,29.661821,30.89863,34.3664,36.21458,39.11067,38.6144,36.45117,34.79623,32.48231,31.851961,29.322346,28.290554,28.084242,24.185556,28.606867,25.985888,23.853949,28.754066,30.628649,27.447584,30.808477,34.746502,35.86858,36.777138,33.114372,37.30195,35.921066,40.626526,35.281548,38.81738,38.576828,36.352547,35.594757,30.531086,29.77857,27.147892,25.745193,20.668259,23.19571,23.162601,24.469667,27.341042,28.35995,32.184044,33.674118,32.590065,37.770523,34.617237,37.729515,39.86308,36.326324,32.14419,29.041317,26.514343,23.930166,19.14747,18.694056,15.745939,15.996346,19.46883,21.882687,24.085241,27.330666,29.560972,31.109085,35.81173,36.658596,40.2029,39.90242,35.693985,33.767105,38.583282,41.12163,38.408558,35.10973,34.634476,29.010624,27.95415,24.25855,22.583395
1,4.355201,0.0,5.35435,6.4726143,8.716625,12.229395,13.934113,18.579796,21.095608,25.739883,27.11398,32.915066,30.008589,28.074007,23.877274,21.530905,18.017675,16.120312,13.072589,10.551328,9.457465,6.431625,10.628884,11.1362705,14.229263,16.50387,14.172242,16.068426,16.610949,18.458677,22.627216,22.127874,26.280066,28.05294,31.247189,33.419613,36.07151,35.294575,33.035564,31.153591,28.902645,27.90355,25.383135,24.101078,24.05572,19.95987,24.517353,22.129309,20.140863,25.093018,26.642694,23.430391,27.13765,30.931404,31.860424,32.656685,28.851929,33.00825,31.663086,36.452946,31.13187,34.815075,34.75064,32.729,32.014496,26.843445,26.578093,23.937757,22.968174,18.086777,20.856646,20.986526,21.331812,24.82115,25.34934,29.360554,30.644249,29.112606,34.341743,30.92301,33.920883,36.03627,32.335636,28.213606,24.937769,22.642344,19.676714,14.966027,14.407917,11.545262,12.172465,15.703651,18.073677,19.934273,23.308315,25.502356,26.98114,31.946154,32.734833,36.42039,36.108673,32.021626,30.305338,35.208775,37.79211,35.25917,31.924568,31.74599,25.893171,25.327957,21.423279,20.39359
2,6.4543176,5.35435,0.0,5.2534385,6.7527423,8.617057,11.283442,14.757586,18.15207,21.948977,24.025747,29.587742,26.263657,24.755156,19.942335,18.57943,15.001029,13.966874,11.809066,10.27325,10.8851795,9.50307,14.178368,15.760645,18.699331,20.54257,17.336277,18.356915,17.79591,19.199877,22.017508,21.853727,24.868235,26.586617,29.590675,31.427082,34.577576,33.934055,32.341984,30.552128,29.086386,27.97473,26.612354,25.067986,26.336182,22.520515,27.375635,25.740402,23.930141,28.968515,29.892305,26.223255,30.633957,34.38556,34.639412,35.32379,30.878193,34.687737,32.888744,37.39451,31.394657,34.769386,34.819435,32.39735,32.785915,27.306839,27.289772,25.465109,23.69975,19.76644,20.874754,19.96908,20.459997,23.03393,23.462463,27.220268,28.352879,27.352547,32.326126,29.197672,32.315956,34.34427,31.1323,26.875217,24.23048,21.244202,19.82292,14.925215,15.723823,13.775246,13.439713,16.65661,17.260023,20.153467,22.739601,24.708187,26.334093,30.370077,31.406448,34.605125,34.55412,30.277641,27.89803,32.55034,35.01297,32.193012,28.919561,28.43453,22.871449,21.761528,18.315584,16.633347
3,9.644526,6.4726143,5.2534385,0.0,3.8112907,6.1725993,8.793811,12.696964,15.149182,19.832275,20.935753,26.831987,23.726892,21.645065,17.655846,15.104448,11.5688715,9.828908,6.935221,5.212493,6.025513,6.038016,10.365703,13.08735,15.604029,16.82125,13.534088,13.481906,12.699707,13.948815,17.01039,16.788515,20.195644,22.0685,25.082146,27.190886,30.020613,29.265991,27.385029,25.561495,23.893055,22.87682,21.407642,20.06591,21.44326,18.297436,23.013165,22.057436,21.05523,25.735422,26.101393,23.172703,27.917528,31.063555,31.359455,31.615332,27.086792,30.83976,29.374691,34.200138,28.24214,32.043594,32.616592,30.655998,31.194118,25.56345,26.53766,24.651348,23.75175,20.12615,21.717165,21.067162,19.882011,23.37338,22.780895,26.785671,27.366032,25.484001,30.408636,26.573847,29.300528,30.999739,27.457092,23.335693,20.164686,17.918232,15.788792,11.129717,12.402228,11.119622,11.958289,15.075566,14.946417,17.021864,19.703547,21.211126,22.292831,26.841187,27.300737,30.939447,30.349363,26.085012,24.354359,29.332764,32.053154,29.754097,26.332352,26.831795,20.763548,20.756777,17.300741,16.807415
4,12.125696,8.716625,6.7527423,3.8112907,0.0,5.8773217,5.3004456,10.33458,12.418164,17.261717,18.537718,24.270935,21.822252,20.065826,16.19832,13.508597,10.787517,8.185674,7.3101025,4.897821,8.04663,8.498485,12.199528,15.193708,16.972567,18.098148,13.457139,14.177852,12.420429,14.254611,16.159113,17.144684,19.282831,22.097614,24.418793,26.768879,29.58168,28.442822,26.92966,24.74206,23.76861,21.87966,21.155972,19.013615,21.296343,17.527317,22.53311,21.842154,20.582544,25.389662,25.38436,21.7015,26.871256,30.154234,29.802786,30.172497,25.268692,28.781376,26.906116,31.440641,25.21903,28.781122,29.291534,27.165213,28.129038,22.401741,23.558329,22.13849,21.006632,18.130856,18.943441,18.002378,16.37111,19.80129,19.006569,23.004122,23.556192,21.748201,26.696274,23.040869,25.942057,27.860168,24.47377,20.252295,17.479465,14.669509,13.278794,8.477232,10.3308525,9.766088,9.729231,12.409291,11.4210415,14.05304,16.410902,18.095133,19.587025,23.802097,24.770554,28.112873,28.087883,23.949833,21.760286,26.55926,29.109974,26.589865,23.23068,23.375566,17.354294,17.27204,13.615755,13.395332
5,14.474687,12.229395,8.617057,6.1725993,5.8773217,0.0,6.91082,7.451388,10.941885,14.560505,16.141115,21.849815,18.056988,16.247553,11.697724,10.178434,6.4369354,6.6538944,5.992867,7.2956843,9.972452,11.683483,15.342224,18.68767,20.900637,21.530218,17.846558,16.47303,14.403267,14.647777,15.367433,15.576068,17.13647,18.836504,21.511263,23.162827,26.56106,26.009617,25.025877,23.433842,22.873323,21.892393,22.085922,20.665377,23.631681,21.391403,26.021627,26.142326,25.622244,30.06942,29.613644,26.655489,32.01319,34.799637,34.418327,34.360977,29.256195,32.432804,30.649055,35.132236,28.550953,32.05101,33.02741,30.867792,32.781906,26.949186,28.592415,27.613373,26.268589,23.82018,23.914354,22.309729,20.583628,23.165928,21.888954,25.486044,25.483843,23.88819,28.22961,24.479366,27.031506,28.318462,25.397493,21.323223,18.950943,16.304537,16.298033,12.283133,15.248298,15.290154,15.484003,17.852922,15.264298,18.022495,19.435696,20.200056,21.05913,24.318546,24.718472,27.820303,27.233534,22.743122,20.434374,25.167015,27.863636,25.520792,22.130795,22.900776,17.099255,17.056406,14.645588,14.052036
6,17.18984,13.934113,11.283442,8.793811,5.3004456,6.91082,0.0,6.4332185,7.643361,12.535778,13.918095,19.38791,17.663345,16.336105,12.914071,10.1949215,9.080916,6.065486,8.552582,7.377871,11.764752,13.189154,16.07133,19.520079,20.601358,21.246021,15.76696,16.152533,13.128425,14.856842,14.501804,16.899832,16.89889,20.657492,21.991787,24.450294,27.311325,25.819082,25.02922,22.579832,22.78351,20.062664,20.844954,17.998564,21.826214,18.277847,23.225822,23.452526,22.45557,26.986502,26.147413,22.097134,27.836996,30.837254,29.59046,29.800297,24.349154,27.23303,24.896828,28.962385,22.223814,25.434956,26.231419,23.97068,26.156357,20.314548,22.2724,21.841253,20.521523,19.199974,18.570034,16.934921,14.07962,17.052778,15.294887,19.085167,19.10056,17.254679,21.91205,18.292555,21.214945,23.106506,20.130043,15.851376,13.921504,10.347427,11.161022,7.316876,10.735426,11.832661,11.035966,12.385091,8.54334,11.907989,12.957073,14.243326,15.960623,19.194767,20.6129,23.444893,23.965836,19.922783,17.0709,21.606066,24.006294,21.33049,18.008276,18.120073,12.056772,12.272305,8.8689785,9.584256
7,21.101637,18.579796,14.757586,12.696964,10.33458,7.451388,6.4332185,0.0,4.9244876,7.2584047,9.695175,14.916683,11.89078,11.055763,6.751401,6.17638,6.1320696,6.5923333,10.327874,11.62301,15.634608,17.806015,20.753838,24.492926,25.865726,26.122705,21.270708,20.077019,16.713543,17.045753,14.746097,16.95611,15.115904,18.172235,19.157679,20.857058,24.369158,23.310577,23.554064,21.63806,22.860756,20.732784,22.951502,20.633633,25.372074,23.201372,27.740755,28.779102,28.373562,32.578358,31.234861,27.731813,33.648438,36.185402,34.700153,34.519035,28.855326,31.181728,28.824617,32.536396,25.489204,28.329134,29.6072,27.285082,30.709196,24.96578,27.38308,27.587616,25.969881,25.268543,23.734797,21.367134,18.567413,20.190243,17.88009,20.835285,20.07234,18.73258,22.29734,18.884094,21.325335,22.44616,20.39607,16.48943,15.648825,12.28008,15.231278,12.691628,16.680758,18.110676,17.45024,18.530506,13.478991,16.724236,16.391409,16.459768,17.48639,18.859407,19.888817,21.989275,22.25403,17.947098,14.427939,18.557667,20.972727,18.323215,15.04244,15.764564,10.335833,10.534776,9.5496855,9.878426
8,24.244122,21.095608,18.15207,15.149182,12.418164,10.941885,7.643361,4.9244876,0.0,6.1140714,6.283698,11.8970585,10.7164,9.545701,8.107931,5.134987,7.767424,6.543764,11.378784,12.381901,16.607563,19.182987,21.196684,25.185911,25.814121,25.633612,20.447224,19.116922,15.194862,15.657306,11.965898,15.512323,12.231884,16.624426,16.551735,18.86698,21.798283,20.115501,20.506294,18.155952,20.06387,17.085878,20.151733,17.37028,22.8944,21.090174,25.268345,27.01615,27.046568,30.76552,28.787031,25.540255,31.62716,33.667587,31.75703,31.310108,25.52153,27.380499,25.037487,28.591745,21.560108,24.452312,26.203135,24.29864,28.132786,22.543337,25.842484,26.344542,25.356102,25.371593,23.890425,21.809566,17.628878,19.78633,16.457214,19.345686,17.91915,15.628578,18.903204,14.835119,16.865742,17.760939,15.558709,11.770279,11.208314,8.267582,12.202971,11.23346,15.501446,17.852394,17.459461,17.78251,11.757854,14.107256,12.956368,12.231423,12.88977,14.042859,14.993799,17.237087,17.583925,13.418623,9.926854,14.425844,17.034845,14.844565,11.372747,13.296664,7.31134,9.692214,9.033006,11.343566
9,28.330782,25.739883,21.948977,19.832275,17.261717,14.560505,12.535778,7.2584047,6.1140714,0.0,4.897591,8.098013,6.3386,7.516773,6.343482,7.7679634,10.925073,11.857561,16.361893,17.936035,22.028646,24.556898,26.945097,30.902836,31.780516,31.6332,26.535952,25.004696,21.115261,21.082449,16.605627,19.808796,15.129858,18.640985,17.819323,19.162949,22.570623,21.234564,22.88554,21.046535,23.930994,21.307787,25.28394,22.734161,28.590864,27.117807,31.154356,33.082726,33.05987,36.77922,34.660713,31.262003,37.3842,39.4074,37.14057,36.670998,30.803024,32.166946,29.569954,32.42269,25.339119,27.413404,29.187054,26.999388,31.838736,26.534872,29.72366,30.881763,29.303356,29.93953,27.414503,24.663195,21.051142,21.67289,18.364988,20.167734,18.287703,17.195372,19.108788,16.200745,17.888765,18.263426,17.62945,14.644912,15.7325115,12.801145,17.937908,17.199978,21.389698,23.631126,22.7721,22.932142,16.630354,19.411455,17.414274,16.321619,16.92377,15.558881,16.799938,17.40283,18.318796,14.56462,9.917538,12.617737,14.654054,11.99783,9.069176,10.707191,7.2489834,8.576352,10.65838,12.11412
10,30.14754,27.11398,24.025747,20.935753,18.537718,16.141115,13.918095,9.695175,6.283698,4.897591,0.0,6.0748453,5.9572463,5.459773,7.9622016,6.8591137,11.156655,11.569399,16.133736,17.931545,21.789188,24.771555,26.364958,30.522362,30.949924,30.322721,25.533476,23.299297,19.25279,18.832626,13.340019,17.040316,11.2175045,15.375365,13.706011,15.5066,18.400246,16.6813,18.46904,16.536383,19.953241,17.198505,21.85875,19.500706,25.714178,25.189358,28.66002,31.28691,31.929003,35.077515,32.45367,29.859362,35.964832,37.333923,35.06311,34.1677,28.404434,29.438562,27.236713,30.217747,23.405993,25.826185,28.205767,26.6612,31.458338,26.2997,30.229704,31.246838,30.43554,31.109245,29.217943,26.942148,22.370914,23.882795,19.948397,21.918056,19.575453,17.308344,18.904844,15.017427,15.792977,15.379948,14.43281,11.985307,12.903326,11.462443,16.27991,16.69284,20.927834,23.647701,23.430277,23.376678,16.93312,18.546839,16.323101,14.295254,13.848976,12.449751,12.571133,13.710088,13.703216,9.756812,5.6428895,9.409511,12.216192,10.978287,7.8105807,12.013091,8.302196,11.683582,13.194311,15.689763
11,35.847004,32.915066,29.587742,26.831987,24.270935,21.849815,19.38791,14.916683,11.8970585,8.098013,6.0748453,0.0,6.5724187,8.537922,12.156211,12.722532,16.942677,17.626894,22.200129,23.942083,27.85327,30.796747,32.348263,36.50077,36.7636,36.057446,31.115929,29.020271,24.909311,24.455816,18.465408,22.266783,15.534457,19.239819,16.355486,17.465782,19.949633,18.160728,21.149124,19.509167,23.903263,21.01053,26.454956,24.02837,30.550257,30.221445,33.371387,36.32302,36.996353,39.906437,36.941654,34.26178,40.341812,41.483696,38.6675,37.69295,31.967203,32.254177,29.85888,31.9162,25.411955,26.912258,29.470362,28.000113,33.718674,29.107933,33.239605,34.930588,33.966972,35.481327,32.836094,30.273813,25.659485,26.22069,22.044058,22.940807,19.989336,18.363482,18.195381,15.464778,15.341749,14.084937,15.080216,14.054269,16.573004,15.431242,21.039948,22.07252,26.158798,29.073273,28.531103,28.02674,21.300804,22.83652,19.77252,17.355774,16.839405,12.810696,13.283096,12.086125,13.131931,10.804305,6.515961,5.9060593,7.71961,7.0851984,5.6267753,10.570021,10.402562,13.425149,16.410625,18.882862
12,32.459637,30.008589,26.263657,23.726892,21.822252,18.056988,17.663345,11.89078,10.7164,6.3386,5.9572463,6.5724187,0.0,3.8506248,6.7398577,9.3368025,12.826778,15.08558,19.034239,21.579565,25.109165,28.131994,30.153559,34.286682,35.21243,34.62799,30.314644,27.514246,23.737589,22.655434,17.346573,19.815664,14.082471,16.161139,14.698209,14.946159,18.614847,17.915432,20.536942,19.570198,23.088266,21.513617,26.217207,24.560398,30.530254,30.473558,33.927094,36.52252,37.213783,40.480103,37.98088,35.548676,41.64101,43.038948,40.942142,39.985542,34.267868,35.30735,33.171818,36.046566,29.25895,31.430817,33.749603,32.001873,37.056194,31.883898,35.513767,36.58779,35.35272,35.835674,33.638596,30.977654,27.144602,27.906649,24.369692,25.916258,23.610825,22.221659,23.227716,20.13578,20.729101,19.873417,19.77055,17.765356,18.80498,17.27903,21.92859,21.742096,26.050718,28.403578,28.126698,28.440866,22.152334,24.224405,22.136755,20.231678,19.712639,17.657364,17.403107,17.697721,17.243517,13.693872,10.302469,12.068024,14.261484,13.236755,11.076908,14.625347,12.633673,14.571074,16.96328,18.34801
13,30.701805,28.074007,24.755156,21.645065,20.065826,16.247553,16.336105,11.055763,9.545701,7.516773,5.459773,8.537922,3.8506248,0.0,5.9133477,6.7131433,10.310609,12.633833,16.253742,19.095005,22.3097,25.56477,27.25361,31.443777,32.317642,31.537815,27.650772,24.308783,20.653988,19.209135,13.9019985,16.053978,10.465781,12.408328,11.339854,11.913554,15.68197,15.05536,17.1845,16.298086,19.465631,18.314655,22.801939,21.54578,27.30122,27.756474,31.01766,33.749615,34.771866,37.852528,35.33743,33.44383,39.44875,40.618282,38.875755,37.7422,32.167114,33.414497,31.638926,34.978672,28.315388,31.019665,33.497707,32.02089,36.558197,31.25352,35.03272,35.678127,34.846737,34.860443,33.355732,31.0473,26.950369,28.4946,24.901484,26.974506,24.790165,22.724972,24.285456,20.437506,20.946243,20.022856,19.092766,16.93006,17.048016,16.161032,19.887854,19.753935,24.044268,26.385256,26.603619,27.131638,21.136782,22.735636,21.103037,19.08917,18.10975,17.237808,16.181654,17.567942,16.090607,12.012594,9.742492,12.879456,15.681508,15.171891,12.530683,16.687817,13.392577,15.931638,17.4047,19.047567
14,26.038322,23.877274,19.942335,17.655846,16.19832,11.697724,12.914071,6.751401,8.107931,6.343482,7.9622016,12.156211,6.7398577,5.9133477,0.0,5.490704,7.059329,10.316261,13.583445,16.341537,19.655373,22.449013,25.014841,28.970419,30.430809,30.19641,26.155785,23.467003,20.09324,19.105757,15.40477,16.917873,13.545357,15.122349,15.748271,16.34511,20.424562,20.058813,21.294186,20.227371,22.243818,21.146152,24.42645,22.967983,28.118425,27.49684,31.44335,33.282764,33.62883,37.36412,35.539223,32.935043,38.90651,40.809307,39.340725,38.662796,33.016766,34.895325,32.84411,36.431423,29.455114,32.210163,34.069786,32.038868,36.132263,30.529083,33.492004,33.898403,32.47218,31.954409,30.347527,27.830755,24.76345,25.997595,23.209835,25.566742,24.091766,22.725729,25.155415,21.698471,23.21742,23.240526,21.92764,18.832201,18.498636,16.288198,19.70316,18.13708,22.349138,24.035479,23.870693,24.898878,19.435637,22.016836,21.057081,20.044031,20.020002,20.089916,20.038067,21.64939,20.969875,16.639473,13.515644,17.011644,19.537222,17.729704,14.797778,17.046268,13.016532,13.979174,14.863102,15.33308
15,24.407654,21.530905,18.57943,15.104448,13.508597,10.178434,10.1949215,6.17638,5.134987,7.7679634,6.8591137,12.722532,9.3368025,6.7131433,5.490704,0.0,4.4057665,5.9383235,9.800778,12.407973,15.815578,18.951092,20.820974,24.962645,25.953793,25.449326,21.382135,18.481812,14.89077,14.008917,10.116285,12.315816,9.232172,12.237153,12.988419,14.797701,18.205381,17.23979,17.575579,15.963597,17.566698,16.040054,19.07137,17.49009,22.67404,22.246408,26.029127,28.102625,28.775724,32.23164,30.227003,28.032888,33.968414,35.587265,34.26189,33.431713,27.887867,29.879555,28.124224,32.093246,25.323353,28.600681,30.66257,29.056625,32.60686,26.986666,30.34197,30.392355,29.66027,28.959934,28.147085,26.21626,22.327682,24.699047,21.55261,24.464056,22.975546,20.57051,23.538046,19.200531,20.598017,20.707823,18.43986,15.158736,13.825016,12.357549,14.78763,13.673631,17.915218,19.941563,20.339937,21.26915,15.93827,17.682173,17.083231,15.912364,15.499861,16.98184,16.458382,19.174082,17.999237,13.415896,11.2356205,15.958063,18.956202,17.621302,14.26013,17.290724,11.943853,14.206135,13.884906,15.441779
16,20.596525,18.017675,15.001029,11.5688715,10.787517,6.4369354,9.080916,6.1320696,7.767424,10.925073,11.156655,16.942677,12.826778,10.310609,7.059329,4.4057665,0.0,4.584248,6.5824056,9.794891,12.693854,15.6951,18.06694,22.03676,23.592794,23.363134,19.826275,16.83641,13.89296,12.92379,11.1729965,11.79485,11.458249,13.13804,15.3578415,16.89693,20.427729,19.940607,19.514671,18.172363,18.521023,17.780119,19.43791,18.334177,22.482906,21.7972,25.82517,27.256748,27.718018,31.474388,30.055685,27.91445,33.616222,35.55119,34.80306,34.150352,28.828661,31.384329,29.796352,34.16117,27.485823,31.029623,32.75716,31.006805,33.831596,28.051352,30.816416,30.323154,29.468323,27.898376,27.650475,25.889713,22.780214,25.37967,22.922178,26.195463,25.265415,23.0776,26.640207,22.380852,24.166733,24.627663,21.977243,18.385216,16.297846,14.593683,15.627717,13.274026,17.159628,18.424992,19.05696,20.684427,16.435045,18.431505,18.808533,18.33549,18.219896,20.714094,20.24508,23.320969,22.001753,17.389074,15.536948,20.332882,23.292376,21.69571,18.299725,20.587513,14.935496,16.290306,15.116278,15.782917
17,19.426601,16.120312,13.966874,9.828908,8.185674,6.6538944,6.065486,6.5923333,6.543764,11.857561,11.569399,17.626894,15.08558,12.633833,10.316261,5.9383235,4.584248,0.0,4.861243,6.5299044,10.318661,13.256281,15.230128,19.298147,20.328823,20.142042,15.841356,13.667333,10.311183,10.483569,9.318407,11.195751,11.380813,14.6555805,16.40545,18.829124,21.659454,20.471375,19.476048,17.407354,17.45439,15.644043,16.797304,14.924325,19.098011,17.599098,21.878761,23.167458,23.453638,27.264387,25.832602,23.38159,29.142786,31.1894,30.330961,29.818056,24.466438,27.176771,25.538122,30.03255,23.464926,27.206297,28.81953,27.210655,29.593227,23.825466,26.684214,26.03679,25.541882,24.028273,24.145939,22.790699,19.170082,22.486513,19.936548,23.549297,22.790022,20.117517,24.162855,19.646343,21.640873,22.552067,19.33146,15.474085,12.781093,11.052819,11.196458,8.722211,12.678433,14.27048,15.020555,16.441713,12.34835,13.978692,14.775079,14.666768,14.851135,18.397339,18.295895,21.80331,20.888908,16.47359,14.785436,19.902632,22.843475,21.16309,17.662533,19.705046,13.481199,15.240795,13.087038,14.475842
18,16.270042,13.072589,11.809066,6.935221,7.3101025,5.992867,8.552582,10.327874,11.378784,16.361893,16.133736,22.200129,19.034239,16.253742,13.583445,9.800778,6.5824056,4.861243,0.0,4.0890326,6.1467714,9.4107275,11.489577,15.4730835,17.084885,16.988071,13.927228,11.027035,8.9591465,8.692939,10.55038,10.225714,13.396678,15.222529,18.199564,20.410587,23.100296,22.383776,20.545036,18.892143,17.50329,16.875214,16.325666,15.466789,18.021816,16.839375,20.99224,21.707289,22.124441,25.954279,25.120613,23.349771,28.615484,30.686428,30.691769,30.186417,25.355145,28.596882,27.462078,32.41501,26.301636,30.393778,31.83732,30.372368,31.815615,26.097746,28.470411,27.060696,26.821976,24.211271,25.421175,24.548122,21.610313,25.350988,23.399727,27.271212,26.905846,24.214497,28.568075,23.985703,25.977964,26.904083,23.326694,19.563097,16.143097,15.015177,13.231047,10.01855,12.858556,13.399365,15.00899,17.242409,14.938102,16.095219,17.954172,18.229183,18.230865,22.655075,22.11568,26.068241,24.5859,20.204344,19.261044,24.485518,27.524767,26.002367,22.501642,24.485477,18.232525,19.61913,17.00596,17.763062
19,14.384417,10.551328,10.27325,5.212493,4.897821,7.2956843,7.377871,11.62301,12.381901,17.936035,17.931545,23.942083,21.579565,19.095005,16.341537,12.407973,9.794891,6.5299044,4.0890326,0.0,4.5101643,6.872165,9.145975,12.983357,14.331752,14.7081995,10.66361,9.6626,7.840958,9.407559,12.217645,12.74954,15.948471,18.626242,21.187834,23.78386,26.151564,25.015156,22.948725,20.833326,19.264688,17.78798,16.520493,14.922126,16.921759,14.246619,18.883354,18.86732,18.651152,22.874756,22.434301,19.996952,25.18606,27.720417,27.737167,27.599873,22.856344,26.405659,25.136255,30.124554,24.208263,28.312092,29.372505,27.868279,28.663399,23.006199,24.995256,23.286594,23.16678,20.27558,21.943691,21.482542,18.691786,22.878878,21.307037,25.397135,25.442875,22.7325,27.509571,23.097494,25.423796,26.872671,23.035707,19.101913,15.479503,14.037721,11.228707,7.176724,9.235667,9.361483,11.068648,13.50082,12.318047,13.3808775,15.971535,16.989796,17.588398,22.611252,22.662018,26.654749,25.76423,21.647953,20.520493,25.69472,28.56248,26.757133,23.293024,24.625977,18.28406,19.413141,16.044334,16.85784
20,13.057184,9.457465,10.8851795,6.025513,8.04663,9.972452,11.764752,15.634608,16.607563,22.028646,21.789188,27.85327,25.109165,22.3097,19.655373,15.815578,12.693854,10.318661,6.1467714,4.5101643,0.0,3.7968552,5.5530243,9.348191,11.3491955,11.735265,9.756843,7.842331,8.150201,9.117455,13.979229,12.926709,17.959547,19.593086,22.865307,25.30338,27.417528,26.624477,23.922802,22.187222,19.525,19.085821,16.426275,15.921744,16.19232,14.224574,18.3146,17.796417,17.931036,21.879328,21.994177,20.599262,25.07518,27.406178,28.31632,28.08603,24.016367,27.889603,27.205883,32.508728,27.15861,31.51672,32.55147,31.311201,31.35026,25.928444,27.620087,25.277977,25.573605,21.833738,24.545485,24.570763,22.229443,26.662016,25.39967,29.563984,29.75324,26.92427,31.75361,27.210222,29.359558,30.664936,26.594515,22.87872,18.830046,18.091833,14.2473955,10.655664,11.356413,10.464641,13.107184,15.941969,16.15769,16.531141,19.621273,20.624485,20.848686,26.363005,25.91205,30.25202,28.799444,24.745024,24.269518,29.552927,32.545383,31.000298,27.52279,29.100786,22.745796,23.898275,20.488737,21.064056
21,10.148153,6.431625,9.50307,6.038016,8.498485,11.683483,13.189154,17.806015,19.182987,24.556898,24.771555,30.796747,28.131994,25.56477,22.449013,18.951092,15.6951,13.256281,9.4107275,6.872165,3.7968552,0.0,4.6944323,7.0738826,9.809699,11.2098875,9.4898205,9.791357,10.88063,12.515978,17.567915,16.65853,21.669907,23.374908,26.644245,29.078537,31.211596,30.375238,27.62054,25.797184,23.01182,22.373335,19.27183,18.547344,18.042242,15.013188,19.209473,17.586987,16.879732,21.226454,22.154251,20.283058,24.242006,27.129883,28.343658,28.534641,24.812511,28.959164,28.207895,33.445812,28.35787,32.586735,33.173756,31.789703,31.160152,25.916786,26.849804,24.10317,24.275349,19.850342,23.135921,23.512915,22.019846,26.440191,25.844904,30.056969,30.701914,28.177279,33.260315,29.045603,31.488781,33.14832,29.052153,25.227924,21.269283,20.142506,16.052574,12.0454855,11.619741,9.51971,12.022407,15.2584095,16.91608,17.482674,21.008848,22.581217,23.267035,28.89635,28.865593,33.104282,32.029865,28.05663,27.30379,32.503838,35.36724,33.523453,30.082169,31.057537,24.789268,25.426525,21.65118,21.791706
22,14.163825,10.628884,14.178368,10.365703,12.199528,15.342224,16.07133,20.753838,21.196684,26.945097,26.364958,32.348263,30.153559,27.25361,25.014841,20.820974,18.06694,15.230128,11.489577,9.145975,5.5530243,4.6944323,0.0,4.2700157,5.878452,6.617926,6.7897506,6.5286717,9.209828,10.960124,16.988737,15.83329,21.570902,23.296717,26.474068,29.181345,30.668589,29.690367,26.367706,24.53191,21.06894,20.64137,16.453339,16.275358,14.360398,11.991337,15.448709,13.8242445,14.011505,17.645826,18.565657,18.004128,21.4745,23.729477,25.529037,25.4273,22.298716,26.542135,26.438717,31.933228,27.544159,32.078053,32.89625,32.080776,30.912348,26.016077,27.35947,24.276522,25.396896,21.032217,25.078957,25.977999,23.757875,28.756319,27.787535,32.044903,32.48824,29.373285,34.357563,29.792692,31.840809,33.307365,28.882824,25.448734,21.023027,20.94182,15.725645,12.850585,11.658472,9.937286,13.466968,16.194641,18.26423,17.561415,21.333035,22.645445,22.82709,29.068205,28.53969,33.169014,31.6617,28.02044,28.099426,33.362938,36.31702,34.952175,31.548233,33.080578,26.750654,28.054934,24.278711,25.075129
23,13.93994,11.1362705,15.760645,13.08735,15.193708,18.68767,19.520079,24.492926,25.185911,30.902836,30.522362,36.50077,34.286682,31.443777,28.970419,24.962645,22.03676,19.298147,15.4730835,12.983357,9.348191,7.0738826,4.2700157,0.0,4.0889406,6.298594,8.676181,10.014457,13.190084,14.972493,21.16597,19.805288,25.781858,27.298445,30.602886,33.25852,34.652466,33.734234,30.230495,28.463589,24.699928,24.42398,19.714735,19.710953,16.736122,14.037792,16.895342,14.06868,13.682389,17.158844,19.128681,18.79705,21.174433,23.681717,26.168787,26.379095,24.010113,28.444355,28.550335,33.983856,30.139252,34.588722,35.065327,34.29509,32.327396,27.815588,28.486195,24.912855,26.189768,21.179832,25.9945,27.354637,25.838633,30.8396,30.392601,34.648796,35.423603,32.4713,37.59165,33.23185,35.394474,37.046974,32.56472,29.165903,24.75756,24.60579,19.169582,16.290834,14.286523,11.786564,15.120878,17.9197,21.193052,20.4259,24.476362,26.11356,26.487589,32.863438,32.477135,37.10925,35.706894,32.172054,32.246677,37.474895,40.373558,38.90164,35.523113,36.74988,30.48146,31.502068,27.516739,28.032583
24,17.441868,14.229263,18.699331,15.604029,16.972567,20.900637,20.601358,25.865726,25.814121,31.780516,30.949924,36.7636,35.21243,32.317642,30.430809,25.953793,23.592794,20.328823,17.084885,14.331752,11.3491955,9.809699,5.878452,4.0889406,0.0,3.2370074,6.633589,9.138918,12.531793,14.821291,20.905167,20.102415,25.813278,27.865328,30.715498,33.691784,34.626858,33.371166,29.679342,27.669899,23.855303,23.125126,18.013355,17.828993,14.06773,11.075973,13.357696,10.119329,10.141162,13.151666,15.206323,15.526678,17.507708,19.695175,22.436583,22.585768,20.679062,25.138182,25.595713,31.051975,27.830868,32.352215,32.884865,32.529877,30.122955,25.992773,26.941566,23.230408,25.246464,20.598148,25.766922,27.507671,25.380707,30.759912,30.057932,34.27683,34.94989,31.634176,36.651222,32.212624,34.14847,35.80469,31.167858,28.085484,23.561464,23.981848,17.955887,15.979859,13.346963,11.306394,14.98419,17.159399,20.749119,19.106234,23.25265,24.843248,25.076012,31.746868,31.295689,36.02923,34.66225,31.508661,31.965902,37.088364,39.924263,38.692528,35.420692,36.814453,30.63889,32.05748,28.027277,29.071089
25,19.861786,16.50387,20.54257,16.82125,18.098148,21.530218,21.246021,26.122705,25.633612,31.6332,30.322721,36.057446,34.62799,31.537815,30.19641,25.449326,23.363134,20.142042,16.988071,14.7081995,11.735265,11.2098875,6.617926,6.298594,3.2370074,0.0,6.86928,7.4107523,11.243008,13.1169,19.301376,18.304857,24.202076,26.117777,28.881329,31.907972,32.505924,31.24743,27.336622,25.429926,21.338514,20.901493,15.392582,15.763392,11.344418,9.798326,11.251976,9.003048,10.61258,12.596744,13.88784,15.496481,17.58795,18.880436,21.736588,21.375593,19.590736,23.885832,24.746143,30.34195,27.296831,32.000862,32.91261,32.86447,30.709816,26.612753,28.176037,24.664402,26.983665,22.797691,27.73137,29.355917,26.589487,32.10494,30.932068,35.125374,35.475372,31.817028,36.62078,31.896288,33.48884,34.839493,30.123547,27.315975,22.617836,23.676039,17.458784,16.189062,13.945568,12.709804,16.617437,18.490646,21.341917,19.208593,23.134106,24.276876,24.020084,30.801487,29.8871,34.800484,33.02247,30.024351,30.99381,36.119106,39.03748,38.168896,34.92141,36.82592,30.637705,32.505367,28.688532,30.089796
26,18.299139,14.172242,17.336277,13.534088,13.457139,17.846558,15.76696,21.270708,20.447224,26.535952,25.533476,31.115929,30.314644,27.650772,26.155785,21.382135,19.826275,15.841356,13.927228,10.66361,9.756843,9.4898205,6.7897506,8.676181,6.633589,6.86928,0.0,6.758315,8.075963,11.664937,16.468042,17.258596,21.505083,24.77238,26.813704,30.130312,31.112698,29.34695,26.143078,23.574257,20.76462,18.654343,14.682635,12.948241,11.23401,6.043575,10.409106,8.53174,8.321176,12.33897,12.760854,11.291034,15.354288,17.793922,18.97291,19.085312,15.786491,20.147333,19.965538,25.41721,21.529867,26.069468,26.794525,26.379236,24.719574,20.175926,21.931286,18.84342,20.862494,17.334969,21.576784,23.001894,19.79541,25.364353,24.089294,28.2706,28.682978,25.141603,30.081085,25.607197,27.557007,29.338934,24.741154,21.60981,17.206137,17.573841,11.429319,9.916141,7.12164,6.3734055,10.307976,11.838159,14.587547,12.543574,16.640911,18.254574,18.709108,25.33131,25.264177,29.81274,28.952967,25.926624,26.103685,31.061361,33.756855,32.479424,29.305105,30.652618,24.609741,26.328114,22.367455,24.007555
27,19.934416,16.068426,18.356915,13.481906,14.177852,16.47303,16.152533,20.077019,19.116922,25.004696,23.299297,29.020271,27.514246,24.308783,23.467003,18.481812,16.83641,13.667333,11.027035,9.6626,7.842331,9.791357,6.5286717,10.014457,9.138918,7.4107523,6.758315,0.0,4.219987,5.8045435,11.940344,11.26627,16.822685,19.057037,21.637062,24.730135,25.550955,24.239052,20.646955,18.634974,15.048842,14.430287,9.932132,10.125003,8.492941,8.401294,11.196558,11.954971,14.023302,16.458414,15.669469,16.422203,20.537899,21.533705,22.85995,21.943167,18.517504,22.30708,22.643568,28.287844,24.037052,28.851633,30.405472,30.16648,29.638186,24.817286,27.456745,24.910822,26.663815,23.503557,26.971308,27.69367,23.969822,29.237663,27.216522,31.335518,31.084604,27.234674,31.730404,26.638304,28.001497,28.933748,24.353256,21.460865,16.708574,17.99725,12.395658,11.443479,11.134257,11.52181,15.234543,16.935968,17.349815,15.472464,18.658663,19.037342,18.281357,24.754221,23.458374,28.406374,26.312485,23.011215,24.041847,29.262669,32.319363,31.659143,28.35896,30.872091,24.631603,26.984,23.689846,25.482523
28,20.685781,16.610949,17.79591,12.699707,12.420429,14.403267,13.128425,16.713543,15.194862,21.115261,19.25279,24.909311,23.737589,20.653988,20.09324,14.89077,13.89296,10.311183,8.9591465,7.840958,8.150201,10.88063,9.209828,13.190084,12.531793,11.243008,8.075963,4.219987,0.0,4.099753,8.5239935,9.446798,13.547121,16.770376,18.767057,22.063284,23.100851,21.476458,18.411844,15.995687,13.478688,11.754225,9.005742,7.7789464,9.237429,8.595002,12.159505,13.785561,15.467241,18.219225,16.673954,16.352581,21.372036,22.49546,22.802084,21.852362,17.51795,20.925352,20.703003,26.164589,21.225786,25.948368,27.720255,27.323544,27.658617,22.55661,25.69603,23.776892,25.20868,22.837387,25.379574,25.65794,21.382797,26.451588,23.985668,27.995926,27.462324,23.546574,27.8876,22.715197,24.061718,24.95146,20.470243,17.438099,12.758048,13.995155,8.887209,8.356605,9.35753,10.917448,14.028582,15.308402,14.258248,12.543926,15.185168,15.245453,14.454461,20.7211,19.573145,24.410397,22.559637,19.123974,19.882364,25.100603,28.137243,27.439945,24.145138,26.7731,20.576048,23.18441,20.13803,22.27844
29,22.165804,18.458677,19.199877,13.948815,14.254611,14.647777,14.856842,17.045753,15.657306,21.082449,18.832626,24.455816,22.655434,19.209135,19.105757,14.008917,12.92379,10.483569,8.692939,9.407559,9.117455,12.515978,10.960124,14.972493,14.821291,13.1169,11.664937,5.8045435,4.099753,0.0,6.644148,5.620451,11.199393,13.312285,15.896664,18.937187,19.944424,18.778112,15.458337,13.632222,10.53228,10.447875,7.9298034,8.638063,10.21211,11.996144,14.517414,16.77132,19.048548,21.302807,19.544945,20.133738,24.93631,25.52676,26.038424,24.69189,20.558435,23.602894,23.668907,29.067259,24.113276,28.815674,30.926987,30.592691,31.385397,26.261091,29.603037,27.828936,29.117397,26.734411,29.059933,29.045244,24.78995,29.557875,26.867231,30.75221,29.914951,26.008232,29.98969,24.643217,25.616648,25.934092,21.664286,18.91074,14.406574,16.021122,11.971203,11.614606,13.300624,14.716312,17.725979,19.170858,17.43034,16.04333,18.081852,17.483082,16.017994,21.735363,19.778105,24.704115,21.995964,18.378279,19.708916,24.976187,28.207424,27.912655,24.605759,27.899677,21.778008,24.608421,22.083534,24.119165
30,26.3271,22.627216,22.017508,17.01039,16.159113,15.367433,14.501804,14.746097,11.965898,16.605627,13.340019,18.465408,17.346573,13.9019985,15.40477,10.116285,11.1729965,9.318407,10.55038,12.217645,13.979229,17.567915,16.988737,21.16597,20.905167,19.301376,16.468042,11.940344,8.5239935,6.644148,0.0,5.3934765,5.1011057,9.546138,10.420856,13.946238,15.038416,13.272517,11.057455,8.632011,8.398289,6.7109876,9.077177,8.491974,13.519936,15.416535,17.80517,21.070698,23.242512,25.372383,22.682585,22.6346,28.066322,28.395885,27.723162,26.13118,21.287111,23.301891,22.86189,27.632582,22.109642,26.41392,29.07656,28.741823,30.968504,25.836061,29.965998,29.184824,30.147558,29.014568,30.0246,29.366924,24.355011,28.486584,24.97581,28.366186,26.808994,22.796885,25.952356,20.487913,20.887794,20.554855,16.758194,14.408716,10.705145,12.858057,11.325808,12.410679,15.489053,17.995522,20.05448,20.722406,16.83908,15.73291,16.10744,14.309778,12.086693,16.507643,13.991946,18.73591,15.721069,11.874985,13.557508,18.708084,22.013294,22.19658,19.04384,23.204233,17.606339,21.197016,19.715422,22.367645
31,25.400513,22.127874,21.853727,16.788515,17.144684,15.576068,16.899832,16.95611,15.512323,19.808796,17.040316,22.266783,19.815664,16.053978,16.917873,12.315816,11.79485,11.195751,10.225714,12.74954,12.926709,16.65853,15.83329,19.805288,20.102415,18.304857,17.258596,11.26627,9.446798,5.620451,5.3934765,0.0,7.4600587,7.8205934,11.053402,13.670013,14.877314,14.348317,11.270484,10.409931,7.81916,9.769284,9.73293,11.445796,14.1788645,17.216736,19.17577,22.077742,24.600077,26.586967,24.41774,25.27125,30.202366,30.398224,30.631357,28.944698,24.69001,27.106754,27.152552,32.22937,27.019499,31.492002,34.021473,33.65564,35.36661,30.166197,33.872883,32.56498,33.52623,31.529232,33.162815,32.622276,28.230783,32.439976,29.349829,32.92515,31.610043,27.820621,31.167984,25.770657,26.261225,25.829792,22.118341,19.777416,15.967063,17.757458,15.481983,15.463662,18.070307,19.734617,22.311802,23.677696,20.712337,19.823687,20.891481,19.483269,17.395313,21.841389,19.060768,23.734085,20.137346,16.334457,18.181334,23.24458,26.617329,26.838934,23.645092,27.747643,22.02781,25.137297,23.514584,25.521502
32,29.661821,26.280066,24.868235,20.195644,19.282831,17.13647,16.89889,15.115904,12.231884,15.129858,11.2175045,15.534457,14.082471,10.465781,13.545357,9.232172,11.458249,11.380813,13.396678,15.948471,17.959547,21.669907,21.570902,25.781858,25.813278,24.202076,21.505083,16.822685,13.547121,11.199393,5.1011057,7.4600587,0.0,6.1583652,5.6237545,9.13722,10.710381,9.161832,8.447475,6.873468,9.066957,8.552104,12.844309,12.75714,18.039284,20.410757,22.532873,26.07969,28.29425,30.335922,27.413588,27.359392,32.881702,33.022835,32.02904,30.2706,25.354553,26.776577,26.190035,30.44548,24.76523,28.616642,31.569057,31.153177,34.268555,29.179781,33.525063,33.227818,33.839024,33.13467,33.443516,32.302765,27.270866,30.716637,26.899492,29.83971,27.825487,24.101326,26.449558,21.191498,21.081272,19.9663,17.081324,15.328588,12.969216,14.891287,15.300562,16.439186,19.98788,22.566961,24.216082,24.781118,20.00863,19.4682,18.913326,16.50142,13.979816,16.37569,13.209735,17.266764,13.512888,9.436719,11.536834,16.224716,19.609804,20.352568,17.448273,22.390947,17.560593,21.338251,20.912756,23.504898
33,30.89863,28.05294,26.586617,22.0685,22.097614,18.836504,20.657492,18.172235,16.624426,18.640985,15.375365,19.239819,16.161139,12.408328,15.122349,12.237153,13.13804,14.6555805,15.222529,18.626242,19.593086,23.374908,23.296717,27.298445,27.865328,26.117777,24.77238,19.057037,16.770376,13.312285,9.546138,7.8205934,6.1583652,0.0,5.0517254,6.127348,8.404964,9.249417,8.31159,9.363374,9.938614,12.656569,15.549096,17.09164,20.982998,24.35909,26.107647,29.5185,32.05377,33.955482,31.335405,32.022785,37.23345,37.185806,36.843586,34.92279,30.414923,32.0426,31.8436,36.294125,30.803669,34.745026,37.679993,37.218845,40.141155,34.94811,39.038734,38.421627,38.93624,37.614136,38.24287,37.044556,32.516468,35.863148,32.327507,35.322098,33.407722,29.966228,32.2904,27.17245,27.038,25.669374,23.089067,21.448473,19.042938,20.699362,20.663404,21.030441,24.415552,26.426348,28.39462,29.50564,25.203253,24.9183,24.785915,22.581238,20.099323,22.30939,18.877052,22.568712,18.209951,14.553911,16.702333,20.848883,24.1564,25.085289,22.319979,27.263243,22.607084,25.892721,25.616682,27.574272
34,34.3664,31.247189,29.590675,25.082146,24.418793,21.511263,21.991787,19.157679,16.551735,17.819323,13.706011,16.355486,14.698209,11.339854,15.748271,12.988419,15.3578415,16.40545,18.199564,21.187834,22.865307,26.644245,26.474068,30.602886,30.715498,28.881329,26.813704,21.637062,18.767057,15.896664,10.420856,11.053402,5.6237545,5.0517254,0.0,3.9752142,5.332026,4.865977,6.264082,7.0925274,10.42464,11.711461,16.403145,17.229548,22.126408,25.4715,26.985569,30.916983,33.50288,35.155785,31.996107,32.528114,37.896305,37.56881,36.587196,34.514954,29.871325,30.813633,30.484985,34.400806,29.043633,32.613293,35.861374,35.61783,39.14844,34.24693,38.79188,38.679516,39.27923,38.729717,38.842567,37.517345,32.462635,35.55632,31.561323,34.146057,31.79679,28.232607,29.8145,24.807102,24.05611,22.122833,20.09026,19.222086,17.664358,19.785662,20.736612,22.049265,25.602903,28.157999,29.81963,30.366497,25.373573,24.85657,23.909697,21.12015,18.263083,19.269516,15.377604,18.595358,13.839761,10.713525,13.672029,17.103174,20.299715,21.93142,19.575655,25.11299,21.23683,25.038214,25.361937,27.83896
35,36.21458,33.419613,31.427082,27.190886,26.768879,23.162827,24.450294,20.857058,18.86698,19.162949,15.5066,17.465782,14.946159,11.913554,16.34511,14.797701,16.89693,18.829124,20.410587,23.78386,25.30338,29.078537,29.181345,33.25852,33.691784,31.907972,30.130312,24.730135,22.063284,18.937187,13.946238,13.670013,9.13722,6.127348,3.9752142,0.0,4.567083,6.5280957,8.843076,10.684521,13.531817,15.583236,19.937195,21.079708,25.68915,29.15193,30.696617,34.527954,37.097355,38.83484,35.78809,36.347294,41.716293,41.424114,40.538616,38.45674,33.83782,34.778152,34.42159,38.251225,32.811493,36.23652,39.469463,39.08157,42.830997,37.85173,42.290752,42.22925,42.591503,41.95052,41.88883,40.347748,35.56062,38.3323,34.423477,36.866844,34.473747,31.238356,32.597958,27.852034,27.089542,24.982323,23.42698,22.6034,21.362366,23.091135,24.380613,25.314651,28.99046,31.36506,32.95145,33.679462,28.589628,28.435566,27.43602,24.693985,21.988144,22.408314,18.653175,21.247967,16.560635,13.72258,16.149866,18.95959,21.955542,23.661255,21.526943,27.0182,23.557764,27.036358,27.739206,29.866222
