,0,1,2,3,4,5,6,7,8,9,10,11,12,13,14,15,16,17,18,19,20,21,22,23,24,25,26,27,28,29,30,31,32,33,34,35,36,37,38,39,40,41,42,43,44,45,46,47,48,49,50,51,52,53,54,55,56,57,58,59,60,61,62,63,64,65,66,67,68,69,70,71,72,73,74,75,76,77,78,79,80,81,82,83,84,85,86,87,88,89,90,91,92,93,94,95,96,97,98,99,100,101,102,103,104,105,106,107,108
0,0.0,4.3186584,6.363466,9.621521,12.008943,14.195301,17.244167,20.572514,24.348564,27.401783,30.332409,35.48348,32.619583,31.164648,25.804867,25.168571,21.074478,20.748358,17.356306,16.088919,14.604611,12.362609,16.577965,15.945636,16.03093,18.105667,14.844631,19.74201,21.678175,25.266068,26.870283,32.100338,34.886627,35.493603,39.91412,40.839592,42.452183,42.34305,38.725746,34.770626,37.908516,32.429943,34.820675,31.874605,34.11585,33.258144,32.9998,34.318237,31.307175,36.487877,37.28282,33.047382,36.543205,40.88531,40.799118,41.698524,39.13199,39.623577,38.243694,40.683754,36.26914,39.52855,37.715927,41.24466,41.709793,36.350418,40.12866,39.178715,38.82074,36.5559,35.90659,32.198666,32.00811,31.384245,29.033695,31.501707,29.001421,28.624004,29.879204,28.055363,29.616642,30.083359,29.331345,26.76165,26.016203,27.60968,25.865389,29.125183,27.645727,31.057137,29.180182,27.755774,30.950903,28.726652,28.964367,25.638737,26.91217,23.458239,23.20961,22.590961,22.63368,25.15624,22.105072,21.568806,22.78397,23.633446,22.615568,25.771461,24.191738
1,4.3186584,0.0,5.300949,6.5906734,8.569322,12.086814,13.895826,18.170168,21.37312,25.099672,27.62278,33.000717,30.44741,28.851501,23.800512,22.437529,18.57091,17.500622,14.320289,12.395377,11.227947,8.756818,13.098168,12.508828,12.033092,13.912803,10.5810995,15.676695,17.76611,21.455147,23.349321,28.477318,31.565012,32.51787,36.787323,37.986073,39.413475,39.043552,35.36263,31.35164,34.16964,28.628223,30.739197,27.740332,29.866987,28.949205,28.700888,30.081852,27.227278,32.369736,33.02909,28.925543,32.511276,36.743484,36.61689,37.43663,34.879128,35.306084,33.946926,36.46729,32.142258,35.480064,33.82196,37.49682,38.154762,32.94586,37.040707,36.36438,36.114666,34.372696,33.334503,29.797161,28.908989,28.43427,25.674017,27.983969,25.489464,24.703943,26.19184,24.019089,25.700977,26.255125,25.220284,22.533611,21.718908,23.319427,21.615696,24.983644,23.699844,27.217274,25.666233,24.436893,27.858116,25.596663,25.404888,22.027763,22.9424,19.312487,19.008314,18.285227,18.416018,21.171806,18.20942,17.490307,19.285082,19.74422,19.255701,22.454428,21.41767
2,6.363466,5.300949,0.0,5.3166423,6.8327937,8.244716,11.547623,14.24865,18.235228,21.042994,24.091091,29.138098,26.400593,25.13286,19.688786,19.33929,15.472167,15.512042,12.986731,12.240658,12.550167,11.475349,16.314583,16.662909,15.588138,16.717682,11.587762,16.036077,16.976112,20.528395,21.272274,26.90977,29.071249,29.811981,34.1535,35.079075,37.008423,36.888657,33.556606,29.661701,32.875095,27.66382,30.192713,27.754732,30.043385,30.431786,29.754095,32.070892,29.472029,34.563698,34.71726,30.094484,34.11039,38.372765,37.500618,38.55053,35.410614,36.38621,34.596962,36.448708,32.438786,35.362206,33.451664,37.240532,36.99986,31.683344,35.545807,34.23732,34.46724,32.118675,32.05401,28.819578,28.160975,28.557323,26.000433,28.863503,27.014696,26.231764,28.609255,26.395927,28.671879,29.685373,27.96353,24.90103,23.226915,24.742695,21.970848,24.738832,22.656816,25.823797,23.503767,22.122162,25.340237,23.429134,24.146688,20.836494,22.851566,19.407204,20.15759,19.40679,20.876467,24.335533,21.039701,19.523548,20.688831,20.214655,19.072765,21.43243,19.692959
3,9.621521,6.5906734,5.3166423,0.0,3.8484066,6.1612153,8.895715,12.637589,15.538112,19.582636,21.639156,27.3043,24.311317,22.460424,17.65746,15.95788,12.014812,11.1396055,8.05391,7.025483,7.5458946,7.3649054,12.133476,13.462266,12.425985,13.030864,8.066929,11.143387,12.516604,15.86507,17.535973,22.529364,25.488369,26.04521,30.42969,31.482473,32.946712,32.740856,29.120043,25.161182,28.382666,22.983898,25.846176,23.073174,25.980564,26.196695,26.008842,28.461481,26.577705,31.418045,31.135181,27.299242,31.511654,35.32185,34.386257,35.02994,31.853804,32.3195,30.286516,32.12332,27.57009,30.516075,28.508244,32.13716,32.2125,26.88024,30.836275,29.917498,29.90231,28.082964,27.389782,24.154793,23.124374,23.41194,20.711521,23.549885,21.78053,21.091703,23.65785,21.694252,24.260977,25.749758,23.846884,20.962635,18.873999,21.155273,17.827845,21.250647,19.304337,22.686842,20.87954,20.288248,24.090462,22.409986,22.471615,19.06188,20.424194,16.232523,17.214272,15.227286,16.834187,20.363867,16.54237,14.756178,15.473699,15.016311,13.819586,16.44317,15.093683
4,12.008943,8.569322,6.8327937,3.8484066,0.0,5.85274,5.426374,10.251072,12.865956,17.091108,19.224072,24.726744,22.522083,20.988062,16.295263,14.467166,11.26179,9.789869,8.423876,6.7648854,9.218187,9.124671,13.367595,14.380862,12.217455,12.187751,6.0148444,9.746083,10.242225,13.980885,14.948829,20.556023,23.117268,24.45422,28.531887,29.914206,31.574837,31.031029,27.648033,23.672657,26.413301,21.160082,23.378296,21.026176,23.28624,24.134033,23.383175,26.238205,24.241684,29.078339,28.692564,24.318085,28.662281,32.59297,31.354815,32.26006,28.90678,29.880184,27.906246,29.626675,25.81744,28.71805,26.98454,31.060026,30.902878,25.842188,30.224443,29.2875,29.836761,28.373655,27.809181,25.059067,23.122328,24.115189,20.910723,23.630026,22.134182,20.620285,23.780624,21.043985,23.771637,25.174707,22.698347,19.38739,17.07641,18.683605,15.290533,18.099854,16.017527,19.32881,17.433231,16.595045,20.354795,18.588375,18.665035,15.264667,16.926744,13.032658,14.399164,13.135731,15.618283,19.692228,16.5187,14.245549,16.086124,14.265205,13.983597,15.94455,15.188677
5,14.195301,12.086814,8.244716,6.1612153,5.85274,0.0,7.011638,7.360466,11.070532,14.09854,16.5122,21.9338,18.557234,16.98128,11.75736,11.22125,7.358495,8.506555,7.4406967,8.787269,11.399072,12.699861,16.986536,18.946571,17.422724,17.218063,11.343256,12.521572,11.900507,14.553861,14.444201,19.869917,21.546263,21.754734,26.207756,26.924131,28.992992,29.090504,25.965176,22.237698,25.939875,21.163984,24.585716,22.675722,25.792105,27.688862,27.0471,30.583185,29.196178,33.758656,32.79616,28.626726,33.24709,36.890064,35.045048,35.870415,32.03443,33.086716,30.514439,31.394356,27.3343,29.61244,27.312159,31.00423,29.871592,24.524324,28.142744,26.42257,27.13463,24.684017,25.268673,22.670307,21.743744,23.36059,20.9845,24.386286,23.612621,22.892097,26.480268,24.540937,27.694218,29.667492,27.029825,23.884123,20.852037,22.967966,18.397459,20.880394,17.94233,20.67923,17.968168,17.531906,21.125504,20.144466,21.223116,18.098864,20.634817,16.851551,19.136824,17.108541,20.192413,24.255165,20.377531,17.81952,17.735382,15.914518,13.982554,14.953514,12.721005
6,17.244167,13.895826,11.547623,8.895715,5.426374,7.011638,0.0,6.5032325,7.932479,12.570334,14.394185,19.783705,18.3784,17.160624,13.039394,10.941588,9.271882,7.4344788,9.087734,8.135666,12.341253,13.179105,16.5077,17.848742,14.986357,13.902586,7.7638593,9.200221,7.4075937,10.879545,10.2388315,16.544437,18.299133,20.381145,24.073912,25.739948,27.676939,26.84984,23.883692,20.03191,22.387995,17.611006,19.454912,17.959974,19.82078,22.20602,20.836388,24.697931,23.217314,27.661165,26.638426,21.950527,26.643871,30.352615,28.304766,29.401518,25.5228,27.128174,24.85089,25.912716,22.993643,25.474703,23.881205,28.346594,27.507973,22.815624,27.473583,26.348616,27.696571,26.587614,26.439543,24.499683,21.62937,23.802414,20.323635,23.073517,22.366514,20.180243,24.321056,21.12035,24.285978,25.984343,22.659033,19.042843,15.935593,16.991812,12.66012,14.325654,11.502405,14.429762,12.116107,11.449928,15.378447,14.035461,14.413839,11.2089615,13.671253,10.237401,12.987734,12.016357,16.06006,20.633978,17.957264,14.971237,17.050608,13.451487,13.761294,14.235896,14.028437
7,20.572514,18.170168,14.24865,12.637589,10.251072,7.360466,6.5032325,0.0,5.0832434,6.9730716,9.979532,14.928301,12.801667,12.204658,7.298898,7.834917,7.2087793,8.616111,11.355954,12.605778,16.72114,18.282913,21.873772,23.751495,21.265171,20.198523,14.144628,14.218524,11.405236,13.242458,10.243208,16.511698,16.230925,17.517462,21.325634,22.339502,25.124939,24.88327,22.626057,19.25401,22.380165,18.633234,21.370493,20.849846,23.114025,26.897316,25.362625,29.92963,28.909365,33.01071,31.462626,26.747921,31.581762,35.035007,32.22381,33.42865,29.030682,31.057602,28.259981,28.216728,25.671114,27.287638,25.262695,29.443357,27.205057,22.520195,26.384363,24.20436,26.244167,24.16706,25.603205,24.235004,22.101738,25.27398,22.576448,25.879868,25.991571,24.366943,28.949625,26.313023,29.798435,31.888472,28.36381,24.854471,21.239862,22.387861,17.281834,17.957388,14.217643,15.882187,12.245047,11.781625,14.927609,14.763346,16.788849,14.352,18.001131,15.422793,18.823265,17.646488,22.083508,26.63457,23.55889,20.390623,21.023794,17.294865,16.302074,15.333381,13.86448
8,24.348564,21.37312,18.235228,15.538112,12.865956,11.070532,7.932479,5.0832434,0.0,6.1950994,6.498756,12.25346,10.968575,10.03458,7.5875626,5.613887,7.687237,7.597054,12.006029,13.078964,17.648497,19.636986,22.31879,24.46573,21.767967,20.063416,14.902717,13.130539,9.341512,9.942478,5.548486,11.838472,11.3497305,13.4747,16.899092,18.443336,21.00616,20.320175,18.176195,14.877463,17.51911,14.185642,16.743721,16.805765,19.084425,23.707191,22.151224,27.219439,26.983643,30.521278,28.385904,24.230297,29.161098,32.064556,28.822838,29.825714,25.199167,27.231346,24.150726,23.603382,21.472317,22.728651,20.833803,25.187136,22.724293,18.469637,22.699867,20.817263,23.31601,22.187418,23.25409,22.589634,19.365538,23.217218,20.272512,23.305323,23.980833,21.939972,27.005579,24.272684,27.96,30.327168,26.382399,23.002993,18.957314,20.090414,14.469081,14.556902,10.587381,11.716873,8.314643,9.309042,12.845477,13.352343,14.740184,12.788543,15.942406,13.576282,17.50756,15.931279,20.894419,25.419668,22.682455,19.256844,19.940365,15.275643,14.983839,12.950782,12.63944
9,27.401783,25.099672,21.042994,19.582636,17.091108,14.09854,12.570334,6.9730716,6.1950994,0.0,5.0277953,8.154397,7.492435,8.755177,6.4038563,8.924709,11.301388,13.111808,17.007225,18.604555,22.96563,24.84914,28.008032,30.047785,27.3329,25.84399,20.207834,19.22303,15.523233,15.917623,10.863675,16.051342,13.007256,14.680194,17.497206,18.36699,21.997026,21.768705,20.769615,18.301,20.991142,18.952997,21.322578,22.23565,23.983265,29.326017,27.331253,32.623264,32.192696,35.652546,33.490295,28.812145,33.639053,36.626827,32.92802,34.301327,29.477983,32.159557,29.07337,27.85863,26.636793,27.285267,25.389275,29.494944,25.955408,22.164509,25.536234,22.718723,25.921703,23.934326,26.471027,26.27044,23.785433,28.081644,25.673561,28.889519,29.847445,28.012102,33.124737,30.453648,34.135082,36.434097,32.429832,28.95002,24.986496,25.632341,20.300518,19.454779,15.391532,15.364363,11.164261,11.257389,12.9681425,14.342614,17.30927,16.100464,20.21557,18.862892,22.787655,21.92765,26.912973,31.4989,28.792757,25.397343,25.827507,21.361948,20.556412,18.158827,16.99759
10,30.332409,27.62278,24.091091,21.639156,19.224072,16.5122,14.394185,9.979532,6.498756,5.0277953,0.0,6.2873015,5.674997,6.1336555,7.431102,7.6395397,11.615658,12.748895,17.27595,19.018232,23.448158,25.786736,28.235853,30.659239,28.042059,26.156687,21.329304,18.807905,14.831343,13.9307165,8.572729,12.053773,8.163528,9.972083,12.508795,13.670602,17.168058,16.76451,15.990952,13.883267,16.440792,15.219526,17.888136,19.284119,21.452847,27.298576,25.621479,31.18918,31.612682,34.514313,31.784954,28.014761,32.85939,35.192642,31.210003,32.189377,27.24513,29.602686,26.156446,24.329245,23.175024,23.274607,21.307882,25.213758,21.253918,17.892433,21.192904,18.494541,22.107912,20.87898,23.229626,23.72478,20.636667,25.472336,23.194475,26.211548,27.749878,25.928926,31.285542,28.912148,32.742672,35.3864,31.201086,28.039583,23.757029,24.742023,19.020252,18.048319,14.116484,13.500001,10.088141,11.847068,13.836271,15.733427,17.798914,16.939022,20.231731,18.781034,22.905027,21.331993,26.447594,30.824606,28.165274,24.679998,24.648397,19.850897,19.215542,15.956245,15.488305
11,35.48348,33.000717,29.138098,27.3043,24.726744,21.9338,19.783705,14.928301,12.25346,8.154397,6.2873015,0.0,6.698271,9.614841,11.958372,13.748385,17.591608,19.012669,23.485912,25.172455,29.645359,31.846577,34.387722,36.633434,33.79716,31.876108,26.949018,24.833355,20.75344,19.797297,14.20171,16.69513,10.929918,12.972096,13.531146,14.341056,18.573942,18.17724,18.970581,17.993448,19.616283,19.914656,21.60964,23.96902,25.177502,31.767721,29.584158,35.365456,35.804558,38.355164,35.488255,31.431728,36.044277,38.21089,33.701355,35.010376,29.971573,33.0206,29.70106,27.167788,27.44299,26.905165,25.322376,29.03257,24.272123,22.03158,24.647022,21.56247,25.872557,24.602184,27.763388,28.884064,25.901806,31.061958,28.983324,31.834713,33.637962,31.639135,37.09113,34.532295,38.307323,40.837673,36.460423,33.235336,29.061666,29.37871,24.102589,22.065416,18.347832,16.632294,13.277133,14.469923,14.571115,17.306196,20.15344,20.210651,23.884682,23.51112,27.62834,26.79267,32.019867,36.427002,34.133476,30.636425,30.840256,25.890316,25.432365,21.97048,21.499836
12,32.619583,30.44741,26.400593,24.311317,22.522083,18.557234,18.3784,12.801667,10.968575,7.492435,5.674997,6.698271,0.0,3.7585652,6.995124,9.805208,13.3072195,15.932726,19.783373,22.358297,26.385183,28.99279,31.705772,34.45206,32.23577,30.573748,25.530916,22.94135,19.290796,18.177246,13.522413,15.736953,11.492033,10.475558,13.077697,12.612145,16.78218,17.562473,17.42183,16.114021,19.56409,18.99818,22.577415,23.87635,26.67403,32.413506,31.047523,36.578938,37.108814,40.035633,37.22019,33.661068,38.51552,40.764988,36.72929,37.58471,32.62526,34.75495,31.103518,28.928368,27.340698,27.003307,24.60129,27.71202,22.99852,19.657524,21.526995,17.835987,21.599394,19.184954,23.027988,23.831417,22.068134,27.022621,25.65229,29.001348,30.825054,29.76401,34.990753,33.26051,37.1774,40.04728,36.043568,33.038,28.667774,30.103323,24.177952,23.609928,19.700884,19.100569,15.737867,17.216387,18.725368,20.758163,23.269903,22.36857,25.828232,24.128618,28.199192,26.219467,31.153013,35.43413,32.246716,28.83118,27.773857,23.617641,21.948978,18.507051,16.94706
13,31.164648,28.851501,25.13286,22.460424,20.988062,16.98128,17.160624,12.204658,10.03458,8.755177,6.1336555,9.614841,3.7585652,0.0,5.896595,7.1242604,10.767873,13.372326,17.063324,19.897774,23.712978,26.577518,29.029934,32.045624,30.118998,28.442905,23.765652,20.526903,17.129408,15.654382,11.811235,13.368333,10.427929,8.160397,11.91592,11.381388,14.938454,15.932602,15.001113,13.362175,17.529907,16.489542,20.87229,21.648256,25.20392,30.467985,29.593706,34.95456,35.73615,38.658825,35.78497,32.757633,37.658413,39.762634,35.988632,36.51166,31.664013,33.219986,29.426203,27.451097,24.973902,24.751091,22.0359,24.912327,20.486053,16.617458,18.467537,14.873524,18.262274,15.851516,19.40509,20.085161,18.439747,23.334858,22.152552,25.593763,27.484484,26.768026,31.89294,30.559505,34.515213,37.572445,33.729584,30.949753,26.501507,28.505833,22.350163,22.498436,18.725653,18.60964,15.69899,17.641216,19.918638,21.626673,23.524881,22.265985,25.217499,22.893803,26.872364,24.210527,28.938055,33.03562,29.561342,26.209301,24.592276,20.717989,18.69579,15.136856,13.451462
14,25.804867,23.800512,19.688786,17.65746,16.295263,11.75736,13.039394,7.298898,7.5875626,6.4038563,7.431102,11.958372,6.995124,5.896595,0.0,5.648578,7.177969,10.7788515,13.78893,16.58898,20.335775,22.806997,25.993198,28.687666,26.759119,25.505892,20.084,18.20798,15.166926,15.114927,11.637303,15.644477,14.06122,13.121132,17.223978,17.142817,20.369629,21.069365,19.372028,16.785166,20.952883,18.413956,22.531544,22.528942,25.855963,30.370804,29.322681,34.3229,34.247883,37.83097,35.581444,31.76958,36.709053,39.50175,36.189472,37.005066,32.31031,34.00268,30.567776,29.489656,26.61506,27.27678,24.652967,28.005045,24.54743,19.946585,22.494078,19.332647,21.80255,18.848572,21.817186,21.248478,20.056772,24.066133,22.476128,26.148779,27.207844,26.439003,31.270178,29.609638,33.41664,36.130283,32.53972,29.452187,25.306211,27.197166,21.299604,21.945107,18.018496,18.788635,15.263654,16.124636,18.75183,19.721796,21.9434,20.084661,23.48862,20.844616,24.583902,22.319153,26.852797,31.15126,27.506258,24.248634,23.110582,19.613853,17.39587,15.022053,12.571755
15,25.168571,22.437529,19.33929,15.95788,14.467166,11.22125,10.941588,7.834917,5.613887,8.924709,7.6395397,13.748385,9.805208,7.1242604,5.648578,0.0,4.528767,6.2550354,10.221905,12.79494,16.7562,19.552664,21.98107,24.925247,23.034658,21.431099,16.852371,13.565148,10.45529,9.688741,7.190987,10.724595,11.164345,10.560689,15.049828,15.740202,17.94699,18.116697,15.496927,12.250028,16.454765,13.14644,17.67969,17.183569,21.11066,25.24623,24.66058,29.555815,29.975063,33.323944,30.882215,27.83173,32.768185,35.212803,32.12111,32.539246,27.99312,29.099613,25.56429,24.738943,21.206484,22.108683,19.432827,22.924711,20.180508,15.266276,18.65447,16.403473,18.47313,16.769,18.203993,17.545126,15.210483,19.255625,17.189617,20.709461,21.849327,20.91905,25.877253,24.29697,28.178326,31.08699,27.45749,24.61135,20.299889,22.683498,16.527628,17.80891,14.205298,15.443047,12.902206,14.698029,18.20222,18.905249,19.931824,17.885952,20.28421,17.061327,20.763239,17.697966,22.201933,26.326828,22.706364,19.379251,18.148855,14.28187,12.398945,9.644608,8.160813
16,21.074478,18.57091,15.472167,12.014812,11.26179,7.358495,9.271882,7.2087793,7.687237,11.301388,11.615658,17.591608,13.3072195,10.767873,7.177969,4.528767,0.0,4.616286,6.6564016,9.826209,13.303274,16.057928,19.007488,21.974747,20.489773,19.364439,14.512353,12.044785,10.055755,10.552053,9.926046,13.929273,15.50963,14.683494,19.360601,19.848095,21.741858,22.097862,19.01371,15.508304,19.853031,15.674647,20.25988,18.830503,22.96616,25.961754,25.676506,29.991772,29.907045,33.719063,31.77069,28.59704,33.468876,36.276943,33.755524,34.150417,29.908422,30.679304,27.405052,27.323402,23.020586,24.531845,21.790592,25.119125,23.2079,17.843294,21.111418,19.130966,20.213963,17.960405,18.937162,17.17807,15.840733,18.735771,16.755999,20.483461,20.90584,20.449245,24.857506,23.508799,27.215342,29.973806,26.813868,23.99347,20.028793,22.789845,16.96596,19.224796,15.906804,17.979088,15.498795,16.587877,20.366074,20.40343,21.308128,18.700024,20.96626,17.11602,20.303492,17.030657,20.927427,24.952364,20.846615,17.774588,16.24731,13.437471,10.766232,9.617727,6.9636664
17,20.748358,17.500622,15.512042,11.1396055,9.789869,8.506555,7.4344788,8.616111,7.597054,13.111808,12.748895,19.012669,15.932726,13.372326,10.7788515,6.2550354,4.616286,0.0,4.8926806,6.625912,10.79986,13.513988,15.788005,18.679014,16.893576,15.382503,11.175661,7.6323376,5.5743384,6.4642086,7.611751,11.708829,14.7999115,15.131489,19.42921,20.682478,21.946524,21.602562,18.072765,14.152208,17.695126,12.738594,16.79333,14.831865,18.933987,21.437296,21.30569,25.4512,25.500042,29.239569,27.318256,24.451513,29.269636,31.972939,29.70994,29.952147,25.91401,26.413712,23.297977,23.718788,19.235777,21.247702,18.82435,22.569904,21.579033,16.349474,20.568613,19.55945,20.425657,19.482672,19.006863,17.176554,14.419134,16.985056,14.027879,17.348722,17.47546,16.339558,20.901905,19.097746,22.818127,25.541653,22.247849,19.421745,15.414594,18.326105,12.516038,15.333416,12.492563,15.12384,13.541649,14.921569,19.137476,18.810335,18.742098,16.006708,17.39841,13.14932,16.194237,12.511562,16.502604,20.570642,16.741344,13.499511,12.823638,9.20982,7.7566075,7.159054,6.7321377
18,17.356306,14.320289,12.986731,8.05391,8.423876,7.4406967,9.087734,11.355954,12.006029,17.007225,17.27595,23.485912,19.783373,17.063324,13.78893,10.221905,6.6564016,4.8926806,0.0,4.054816,6.7008,9.76466,12.451241,15.649678,14.773501,13.97041,10.234125,7.6365604,8.21711,9.819001,12.406147,15.799115,19.497684,19.131859,23.661406,24.578402,25.509552,25.485788,21.612427,17.727957,21.510027,16.22467,20.420681,17.610329,22.00322,23.038418,23.511642,26.792221,26.49757,30.54795,29.124557,26.565134,31.148863,34.014538,32.43774,32.48898,28.905888,28.805946,25.967398,27.034956,21.679068,24.107697,21.575233,24.779898,24.583454,19.083158,22.8196,22.067698,21.914703,20.557222,19.529148,16.636776,15.191721,16.188177,13.649053,17.038689,16.314669,16.129862,19.708014,18.5983,21.995996,24.6177,22.09995,19.622877,16.243477,19.760836,14.731126,18.546953,16.30476,19.37815,18.015175,18.943626,23.185982,22.402359,22.148205,19.069885,20.033861,15.306304,17.400608,13.325404,15.979867,19.553394,14.966665,12.320357,10.671485,9.354099,6.6220903,8.57298,7.1719365
19,16.088919,12.395377,12.240658,7.025483,6.7648854,8.787269,8.135666,12.605778,13.078964,18.604555,19.018232,25.172455,22.358297,19.897774,16.58898,12.79494,9.826209,6.625912,4.054816,0.0,4.691659,6.943801,9.497041,12.208708,10.848683,9.968279,6.498794,4.692294,6.792095,9.575942,12.875559,16.621819,20.763437,21.402891,25.564142,26.978596,27.745827,27.211542,23.268076,19.244726,22.146894,16.529163,19.623413,16.455202,20.14789,20.364147,20.772533,23.581408,22.884565,27.14636,26.120054,23.428831,27.842524,30.911238,29.759487,29.873713,26.622656,26.478977,24.088469,25.827047,20.71869,23.68387,21.660872,25.250969,25.782122,20.61744,24.96097,24.738201,24.61068,23.950035,22.243513,19.37271,17.066786,17.566442,14.235777,16.928383,15.500517,14.462506,17.776716,15.868907,19.027916,21.269543,18.794788,16.133312,13.187707,16.501104,12.242422,16.449583,14.848047,18.348621,17.524029,18.135921,22.44426,21.175343,20.287344,17.068474,17.370956,12.469595,13.924066,10.016274,12.287162,16.01162,11.7808075,9.147228,9.515398,8.016093,7.456515,10.273908,10.4133005
20,14.604611,11.227947,12.550167,7.5458946,9.218187,11.399072,12.341253,16.72114,17.648497,22.96563,23.448158,29.645359,26.385183,23.712978,20.335775,16.7562,13.303274,10.79986,6.7008,4.691659,0.0,3.6780043,6.0994577,9.387144,9.696823,9.824763,8.559243,7.8246903,11.0875225,13.395614,17.362997,20.33421,24.968206,25.063097,29.345778,30.549797,30.942482,30.614359,26.406628,22.48267,25.507092,19.81254,23.051147,19.330297,23.268822,22.133291,23.24194,25.095694,24.30204,28.586086,27.97626,25.949272,29.975908,32.960617,32.476902,32.29632,29.555756,28.72862,26.604002,28.811468,23.0045,26.193298,24.12265,27.11701,28.374525,23.153872,27.063501,27.17829,26.233133,25.516413,23.189152,19.64563,18.308617,17.339144,14.543357,16.904465,14.638702,14.655059,16.579895,15.64209,18.233356,20.331121,18.876276,16.914179,14.868558,18.660622,15.400661,20.139753,19.081118,22.684202,22.138565,22.68262,26.96077,25.494158,24.382069,21.10833,20.891083,15.946347,16.418722,12.354893,12.700015,15.335932,10.445629,9.081133,8.309557,9.800469,8.671947,12.706642,12.57213
21,12.362609,8.756818,11.475349,7.3649054,9.124671,12.699861,13.179105,18.282913,19.636986,24.84914,25.786736,31.846577,28.99279,26.577518,22.806997,19.552664,16.057928,13.513988,9.76466,6.943801,3.6780043,0.0,4.8802257,6.6571264,7.1662045,8.295197,7.6874895,9.46671,12.956424,15.86414,19.614273,23.094074,27.606247,28.201778,32.36935,33.74886,34.252132,33.732086,29.581951,25.604328,28.237175,22.48307,24.982986,21.239964,24.404947,22.625813,23.531122,24.76692,23.259312,27.840874,27.839455,25.464931,29.186497,32.511562,32.487553,32.488976,30.09074,29.378744,27.734457,30.40748,25.005978,28.471148,26.741308,29.941784,31.471132,26.412107,30.539358,30.725655,29.85951,29.182592,26.822548,23.247623,21.795485,20.607347,17.641659,19.543865,16.805786,16.365679,17.62376,16.137516,18.11875,19.508848,18.494665,16.461138,15.300235,18.469994,16.31552,20.927612,20.23205,23.978828,23.504145,23.552261,27.672747,25.809566,24.532211,21.192099,20.757051,16.081318,15.75944,12.680498,12.093818,14.4612,10.259324,9.660066,10.723544,12.25786,12.099995,16.095747,16.132309
22,16.577965,13.098168,16.314583,12.133476,13.367595,16.986536,16.5077,21.873772,22.31879,28.008032,28.235853,34.387722,31.705772,29.029934,25.993198,21.98107,19.007488,15.788005,12.451241,9.497041,6.0994577,4.8802257,0.0,4.246397,6.396379,7.1958246,10.133523,10.075314,14.199419,16.40129,21.121037,23.42126,28.726526,29.363653,33.241985,34.826733,34.703712,33.955578,29.591549,25.752329,27.855436,22.133337,24.278938,20.054905,23.325558,20.250902,21.997976,22.411913,21.48306,25.604023,25.635408,24.524807,27.851395,30.630686,31.134647,30.631216,28.776014,27.21029,25.815239,28.93708,23.089176,26.783268,25.31382,28.134539,30.616295,25.949186,30.11057,31.040136,29.72744,29.91866,26.54178,23.012947,21.11377,19.064594,15.956458,16.940212,13.584908,13.265775,13.39698,12.399196,13.900822,15.381084,15.032941,13.900233,13.439551,17.203413,15.897607,20.985458,21.099075,24.840353,25.205639,25.713873,29.915049,28.08556,26.08099,22.959942,21.474556,16.798452,15.81379,12.0630455,9.805738,10.835966,6.2971144,7.134789,8.436907,11.333289,12.153784,16.47028,17.50057
23,15.945636,12.508828,16.662909,13.462266,14.380862,18.946571,17.848742,23.751495,24.46573,30.047785,30.659239,36.633434,34.45206,32.045624,28.687666,24.925247,21.974747,18.679014,15.649678,12.208708,9.387144,6.6571264,4.246397,0.0,4.2179246,6.4232283,10.477483,12.4344225,16.41602,19.12069,23.482483,26.30617,31.399668,32.618187,36.33819,38.14296,38.16725,37.177147,32.926105,29.041374,30.688969,24.990524,26.268778,22.181429,24.433903,20.742128,22.142561,21.76992,19.9593,24.345953,25.146315,23.663906,26.51935,29.650972,30.712246,30.438856,29.03104,27.664925,26.883566,30.469818,25.30413,29.215427,28.167742,31.270056,33.925766,29.473383,33.910736,34.867588,33.763298,34.00743,30.695068,27.238388,25.089024,23.1334,19.823956,20.43714,16.914686,15.884967,15.4813795,13.595012,14.172888,14.484624,14.7042675,13.513468,14.2583065,16.976954,17.07461,21.780247,22.314621,26.103012,26.585262,26.611473,30.572899,28.366781,26.13626,23.066698,21.27034,17.12277,15.224411,12.905136,9.662363,10.116728,7.605588,9.161639,12.3353405,14.500446,16.024918,20.149479,21.285852
24,16.03093,12.033092,15.588138,12.425985,12.217455,17.422724,14.986357,21.265171,21.767967,27.3329,28.042059,33.79716,32.23577,30.118998,26.759119,23.034658,20.489773,16.893576,14.773501,10.848683,9.696823,7.1662045,6.396379,4.2179246,0.0,2.9798675,7.2508464,10.282904,13.838179,16.956146,20.80219,24.187624,28.892578,30.77218,34.26432,36.324837,36.62182,35.360195,31.342918,27.402063,28.666065,23.03939,23.670437,19.949476,21.466444,18.375427,19.041103,19.135193,16.8782,21.616652,22.395248,20.039387,23.138056,26.628078,27.37904,27.470812,25.827147,25.099173,24.392525,27.933044,23.557055,27.480715,26.682327,30.355669,32.63622,28.341045,33.201347,33.99157,33.483437,33.821568,30.869587,27.80879,24.91804,23.867044,20.021631,20.778969,17.694397,15.557973,16.320072,13.065126,14.112844,14.315752,13.375134,11.149648,11.702025,13.61446,13.935134,18.222353,18.819191,22.59235,23.098436,22.895678,26.724245,24.404766,22.058699,19.033457,17.198402,13.261174,11.200742,9.740211,7.1928277,9.229602,7.7262387,8.060608,12.960316,13.340511,15.6469555,19.230717,20.656128
25,18.105667,13.912803,16.717682,13.030864,12.187751,17.218063,13.902586,20.198523,20.063416,25.84399,26.156687,31.876108,30.573748,28.442905,25.505892,21.431099,19.364439,15.382503,13.97041,9.968279,9.824763,8.295197,7.1958246,6.4232283,2.9798675,0.0,6.5063787,8.213736,11.65408,14.566513,18.54087,21.64386,26.452208,28.568846,31.84846,34.07031,34.267227,32.829468,28.8675,24.971788,25.93177,20.378155,20.741287,17.045937,18.504885,15.611714,16.262262,16.779325,14.990363,19.600279,19.947765,17.73741,21.112053,24.406614,24.86077,24.872763,23.048326,22.323536,21.475452,24.958685,20.705196,24.630503,23.953657,27.789581,30.062014,25.967947,31.014961,31.933897,31.624243,32.30821,29.272669,26.532791,23.070591,22.410984,18.26455,18.910667,16.116743,13.36836,14.817489,10.972574,12.53466,13.172348,11.364678,8.710995,8.771699,10.915104,11.035372,15.456268,16.245071,19.99005,20.816206,20.913965,24.812927,22.65329,20.040735,17.130827,14.960641,10.839711,8.922226,6.8280187,4.563728,7.7516136,6.4174824,5.9051814,11.721626,11.148731,14.151055,17.372131,19.288721
26,14.844631,10.5810995,11.587762,8.066929,6.0148444,11.343256,7.7638593,14.144628,14.902717,20.207834,21.329304,26.949018,25.530916,23.765652,20.084,16.852371,14.512353,11.175661,10.234125,6.498794,8.559243,7.6874895,10.133523,10.477483,7.2508464,6.5063787,0.0,6.623482,8.551893,12.489425,14.914101,19.674377,23.325518,25.420254,29.025545,30.989674,32.00023,30.865164,27.232498,23.202183,24.917446,19.417385,20.510887,17.63712,19.291014,18.901455,18.389662,20.584887,18.54452,23.393185,23.257792,19.376673,23.496084,27.302757,26.634031,27.300514,24.466358,24.97825,23.482267,25.975775,22.230852,25.641401,24.478678,28.71771,29.602524,25.023058,29.981491,29.942781,30.28234,29.997738,28.238634,25.610014,22.555382,23.059626,19.132942,20.97298,19.009693,16.597551,19.44916,15.924757,18.353903,19.447292,16.906614,13.53036,11.793251,13.276509,11.069593,14.574136,13.772087,17.506016,16.991644,16.535437,20.484787,18.384706,16.941515,13.59248,13.422648,9.07857,9.25733,7.9704394,9.809292,13.980349,11.6558485,9.532166,13.497095,11.463629,13.158693,15.645997,16.50736
27,19.74201,15.676695,16.036077,11.143387,9.746083,12.521572,9.200221,14.218524,13.130539,19.22303,18.807905,24.833355,22.94135,20.526903,18.20798,13.565148,12.044785,7.6323376,7.6365604,4.692294,7.8246903,9.46671,10.075314,12.4344225,10.282904,8.213736,6.623482,0.0,4.1815,6.825968,11.159644,14.184565,18.972118,20.500938,24.069637,26.047678,26.422136,25.292418,21.334732,17.323605,19.191725,13.478036,15.614486,12.214017,15.639473,15.72247,16.196772,19.17337,18.99557,22.924734,21.59372,19.356825,23.790724,26.530455,25.338243,25.278625,22.096893,21.788654,19.45496,21.446915,16.566992,19.805637,18.253351,22.242174,23.293243,18.687393,23.669596,24.079916,24.203003,24.645054,22.268114,20.000349,16.222383,17.03749,12.862342,14.809342,13.530636,11.153152,15.125223,12.294721,15.714705,18.087198,14.964812,12.155036,8.697242,12.223997,7.760647,12.444443,11.58019,15.195409,15.403301,16.499765,20.85907,19.620285,17.848083,14.911935,14.160025,9.123406,10.591479,5.75023,8.90746,12.981726,9.575382,6.227136,8.632642,4.983899,7.4514527,9.627135,11.653487
28,21.678175,17.76611,16.976112,12.516604,10.242225,11.900507,7.4075937,11.405236,9.341512,15.523233,14.831343,20.75344,19.290796,17.129408,15.166926,10.45529,10.055755,5.5743384,8.21711,6.792095,11.0875225,12.956424,14.199419,16.41602,13.838179,11.65408,8.551893,4.1815,0.0,4.106757,7.0691476,11.135645,15.164646,17.223684,20.641237,22.758358,23.565058,22.317581,18.739326,14.733485,16.573242,11.170764,13.338048,10.972933,14.162427,16.24399,15.878475,19.955824,19.989939,23.679667,21.846588,18.98107,23.755934,26.463207,24.434141,24.686808,20.869722,21.380692,18.651161,19.804848,15.83538,18.524307,16.925001,21.358753,21.39005,16.902876,22.06829,22.00729,22.94845,23.291658,21.717249,20.128014,15.911164,18.07884,14.020342,16.297344,15.9812765,13.346366,18.09421,15.078956,18.706808,21.134415,17.424845,14.30139,10.238583,12.765997,7.021849,10.342888,8.368921,11.730346,11.485672,12.920201,17.316622,16.505606,15.168298,12.443139,12.585426,8.019853,10.9927225,7.2567744,11.891034,16.235699,13.457571,9.989393,11.817059,6.821813,8.729475,8.863635,10.867596
29,25.266068,21.455147,20.528395,15.86507,13.980885,14.553861,10.879545,13.242458,9.942478,15.917623,13.9307165,19.797297,18.177246,15.654382,15.114927,9.688741,10.552053,6.4642086,9.819001,9.575942,13.395614,15.86414,16.40129,19.12069,16.956146,14.566513,12.489425,6.825968,4.106757,0.0,5.7776847,7.380466,12.404207,14.087547,17.332655,19.526613,19.86856,18.549913,14.788748,10.7883215,12.730705,7.215491,10.615782,8.37486,12.90444,15.768792,15.900935,20.387995,21.488693,24.453772,21.908436,20.097353,24.840265,26.809372,24.386463,24.213627,20.197767,20.293833,16.96428,17.382061,12.893827,15.096269,13.128346,17.48645,17.289345,12.850117,18.154186,18.373117,19.422668,20.418661,18.586786,17.629414,12.670519,15.614787,11.653288,13.9387,14.591171,12.15207,17.445856,15.097386,19.004166,21.966745,18.088432,15.5196495,11.013407,14.053579,7.8030133,10.719156,8.825064,11.347362,11.694076,14.197057,18.421085,18.269445,16.87634,14.73449,14.597291,10.590698,13.68601,9.387749,13.814127,17.646288,14.819257,11.384411,11.782427,6.250684,7.9800143,6.352841,9.482656
30,26.870283,23.349321,21.272274,17.535973,14.948829,14.444201,10.2388315,10.243208,5.548486,10.863675,8.572729,14.20171,13.522413,11.811235,11.637303,7.190987,9.926046,7.611751,12.406147,12.875559,17.362997,19.614273,21.121037,23.482483,20.80219,18.54087,14.914101,11.159644,7.0691476,5.7776847,0.0,6.857149,8.439208,11.463605,14.406776,16.726488,18.269207,16.896357,14.260547,10.707683,12.536547,8.847232,11.333829,11.442355,14.221053,19.121792,17.965452,23.244259,23.950094,26.885386,24.213745,21.15901,26.074055,28.296896,24.989517,25.497055,20.867163,22.369204,19.000244,18.322758,15.977509,17.205088,15.465314,20.0757,18.132505,14.228813,19.197367,18.290613,20.676655,20.984217,20.817783,20.582666,16.03599,20.08059,16.702608,19.204102,20.265049,17.771957,23.141058,20.407179,24.206303,26.85489,22.660942,19.624195,15.248305,16.73881,10.684954,10.90022,7.3588266,8.511615,7.171415,10.01331,13.897769,14.488427,14.263311,12.643905,14.184023,11.574959,15.559435,13.116277,18.199644,22.436333,20.060165,16.564663,17.33789,11.960261,12.784751,10.138965,11.7056
31,32.100338,28.477318,26.90977,22.529364,20.556023,19.869917,16.544437,16.511698,11.838472,16.051342,12.053773,16.69513,15.736953,13.368333,15.644477,10.724595,13.929273,11.708829,15.799115,16.621819,20.33421,23.094074,23.42126,26.30617,24.187624,21.64386,19.674377,14.184565,11.135645,7.380466,6.857149,0.0,6.5699005,8.430677,10.468746,13.16549,13.147573,11.316383,8.019101,4.5154915,6.0773726,3.3163013,8.186115,8.8562,13.255046,18.318726,18.259193,23.489212,25.701519,27.554512,24.036283,23.032236,27.613884,28.598526,25.136593,24.74441,20.263279,20.630796,16.572622,14.791748,11.645363,11.669239,9.355261,13.60765,11.3000965,7.9538918,13.293628,13.407346,15.851513,17.86363,16.77183,17.709848,12.082973,16.873499,13.995485,15.904379,18.18199,16.108068,21.592014,19.884212,23.758661,27.002096,22.846712,20.763777,16.25139,18.561861,12.714981,13.208708,11.196603,11.294541,12.005353,15.662658,18.969486,20.038858,19.081276,18.086243,18.287601,15.809135,19.275642,15.733763,20.138561,23.518908,21.198095,17.973444,17.40744,12.362212,13.212194,9.3544855,12.232471
32,34.886627,31.565012,29.071249,25.488369,23.117268,21.546263,18.299133,16.230925,11.3497305,13.007256,8.163528,10.929918,11.492033,10.427929,14.06122,11.164345,15.50963,14.7999115,19.497684,20.763437,24.968206,27.606247,28.726526,31.399668,28.892578,26.452208,23.325518,18.972118,15.164646,12.404207,8.439208,6.5699005,0.0,6.109983,6.567735,9.615893,11.5529785,9.762714,9.175474,7.873431,8.734331,9.61815,11.944054,14.375985,16.821478,23.219944,22.094389,27.81295,29.611689,31.432394,27.886627,25.822285,30.41763,31.578268,27.328655,27.590153,22.693802,24.387344,20.517471,17.712646,17.026766,16.14404,14.427546,18.212118,13.959682,12.0138,15.798161,14.338568,18.311577,19.35023,20.286142,21.856382,17.220322,22.523159,20.178875,22.34516,24.68306,22.585043,28.098667,26.032398,29.853922,32.837242,28.455963,25.950272,21.524658,22.76213,17.144917,15.892043,13.038954,11.539101,10.842524,14.387954,16.531397,18.573416,18.868023,18.600859,20.124363,18.82298,22.764942,20.450134,25.365099,29.151474,27.020956,23.63993,23.411345,18.25631,18.597864,14.550066,15.99326
33,35.493603,32.51787,29.811981,26.04521,24.45422,21.754734,20.381145,17.517462,13.4747,14.680194,9.972083,12.972096,10.475558,8.160397,13.121132,10.560689,14.683494,15.131489,19.131859,21.402891,25.063097,28.201778,29.363653,32.618187,30.77218,28.568846,25.420254,20.500938,17.223684,14.087547,11.463605,8.430677,6.109983,0.0,4.9590516,5.600832,7.6162367,8.00044,6.98766,6.531051,10.397746,11.267658,15.883869,17.231253,21.243742,26.732313,26.458376,31.849888,33.852722,35.81499,32.248627,30.777239,35.43219,36.491394,32.566914,32.414932,27.719814,28.54363,24.410563,21.662245,19.236965,18.044035,15.293376,17.633045,12.567326,9.751437,11.694414,8.965614,13.240422,13.6073675,15.594367,17.676111,14.310353,19.910969,18.793474,21.45464,24.229557,23.383001,28.63096,27.703552,31.651232,35.051807,31.070202,28.927301,24.362675,26.659653,20.605677,20.645594,17.748007,17.065514,16.01502,19.285141,21.746546,23.64345,24.209309,23.411592,24.98869,22.769888,26.607037,23.27482,27.80398,31.34098,28.325579,25.0745,23.189438,19.009802,17.870094,13.415777,13.811695
34,39.91412,36.787323,34.1535,30.42969,28.531887,26.207756,24.073912,21.325634,16.899092,17.497206,12.508795,13.531146,13.077697,11.91592,17.223978,15.049828,19.360601,19.42921,23.661406,25.564142,29.345778,32.36935,33.241985,36.33819,34.26432,31.84846,29.025545,24.069637,20.641237,17.332655,14.406776,10.468746,6.567735,4.9590516,0.0,3.8329124,5.6445746,4.713588,6.775223,8.476131,9.732837,12.926705,16.05143,18.499115,21.59994,27.741533,27.22932,32.774128,35.204876,36.55782,32.64896,31.53966,35.93875,36.475002,32.132465,31.943811,27.255352,28.33301,24.228163,20.62179,19.703018,17.619173,15.525403,17.573591,11.712977,11.294034,12.688937,10.618958,15.414171,16.855875,18.632256,21.415699,17.572025,23.209303,22.052649,24.108685,27.18047,25.938114,31.21898,30.106073,33.933903,37.2731,33.08902,31.079199,26.620516,28.382755,22.76886,21.894049,19.397783,17.811037,17.355692,20.813988,22.564499,24.87881,25.314629,25.164534,26.519615,25.064861,28.88588,25.990559,30.57478,33.974155,31.523308,28.304285,26.876123,22.40533,21.967855,17.49506,18.509926
35,40.839592,37.986073,35.079075,31.482473,29.914206,26.924131,25.739948,22.339502,18.443336,18.36699,13.670602,14.341056,12.612145,11.381388,17.142817,15.740202,19.848095,20.682478,24.578402,26.978596,30.549797,33.74886,34.826733,38.14296,36.324837,34.07031,30.989674,26.047678,22.758358,19.526613,16.726488,13.16549,9.615893,5.600832,3.8329124,0.0,4.6513224,6.4123583,8.494717,10.45218,12.892295,15.652846,19.530014,21.550188,25.129366,30.988535,30.678814,36.149372,38.502556,40.033134,36.18119,35.041485,39.52244,40.157257,35.894142,35.666485,30.998165,31.904377,27.74129,24.226294,22.699677,20.608992,18.13763,19.454271,13.338589,12.583741,12.41487,9.203992,14.211546,14.802649,17.728281,20.774424,18.039694,23.654316,23.190166,25.544916,28.719366,28.07154,33.20612,32.545437,36.43067,39.90743,35.89054,33.927063,29.40429,31.50799,25.666166,25.188604,22.464043,21.135965,20.210144,23.451935,25.211412,27.549782,28.357847,28.003424,29.652784,27.893242,31.755878,28.589167,33.094902,36.48717,33.60661,30.42064,28.313665,24.310421,23.127571,18.628899,18.874063
36,42.452183,39.413475,37.008423,32.946712,31.574837,28.992992,27.676939,25.124939,21.00616,21.997026,17.168058,18.573942,16.78218,14.938454,20.369629,17.94699,21.741858,21.946524,25.509552,27.745827,30.942482,34.252132,34.703712,38.16725,36.62182,34.267227,32.00023,26.422136,23.565058,19.86856,18.269207,13.147573,11.5529785,7.6162367,5.6445746,4.6513224,0.0,3.886827,6.056077,9.390943,11.3045435,14.795101,18.820246,20.59164,24.619045,29.942003,30.236109,35.394756,38.31937,39.431175,35.36601,35.219948,39.50231,39.61741,35.578445,34.854897,30.49976,30.648909,26.404343,22.78195,20.741627,18.184048,15.621522,15.891429,9.584682,10.0585985,8.795689,6.8020554,11.547728,13.893569,15.558199,19.207005,16.153488,21.58446,21.503168,23.352797,26.892513,26.542532,31.396044,31.276087,35.037544,38.690876,34.860065,33.383537,28.96907,31.449257,25.82112,25.755024,23.594173,22.441986,22.338572,25.89655,27.978848,30.118074,30.270752,29.869497,30.796556,28.810585,32.399277,28.749958,32.837616,35.76423,32.965534,30.010056,27.487625,23.86693,22.853615,18.394564,19.287062
