,0,1,2,3,4,5,6,7,8,9,10,11,12,13,14,15,16,17,18,19,20,21,22,23,24,25,26,27,28,29,30,31,32,33,34,35,36,37,38,39,40,41,42,43,44,45,46,47,48,49,50,51,52,53,54,55,56,57,58,59,60,61,62,63,64,65,66,67,68,69,70,71,72,73,74,75,76,77,78,79,80,81,82,83,84,85,86,87,88,89,90,91,92,93,94,95,96,97,98,99,100,101,102,103,104,105,106
0,0.0,4.342619,6.6067324,9.890426,12.593257,15.149705,18.324165,22.809343,26.1911,30.01914,32.457264,37.04953,37.09628,36.745773,34.01557,31.372557,31.054876,27.173733,27.955235,24.276327,26.24291,24.35288,25.828478,25.874693,23.769602,24.943811,25.403187,27.214298,27.246946,31.050823,30.625618,36.579273,38.098896,42.71754,42.988686,46.82928,46.516277,44.445198,41.174095,37.97076,37.411674,32.991245,31.91985,27.453922,28.693478,22.4131,24.15907,20.74162,16.603037,21.739296,24.20287,18.303667,22.565832,27.305597,26.795137,28.871975,25.576757,29.353403,27.556238,29.144989,28.110172,29.990044,28.766476,31.265461,26.625654,26.272322,25.781385,21.90129,24.744043,20.353949,23.003674,25.457493,21.761831,26.868425,26.783785,29.385635,32.02265,29.84288,34.54617,32.012295,33.7228,34.78198,30.15168,27.004637,25.24757,21.40141,20.486593,16.205332,15.002628,12.319965,13.573015,17.012297,17.91076,20.138985,21.536604,21.950912,23.187475,25.271784,26.213028,26.555193,29.316177,28.273514,32.553387,28.953587,33.55378,33.139904,37.303738
1,4.342619,0.0,5.32377,6.7900906,9.130848,12.768895,14.856691,20.005795,22.874874,27.195576,29.283587,34.132336,34.165966,33.52716,31.123316,28.026037,27.734388,23.628098,24.367617,20.609306,22.5939,20.897125,22.031273,22.405432,20.116547,21.000172,21.643364,23.128622,23.141256,27.031603,26.631495,32.603344,34.31268,38.93381,39.295883,43.083572,42.744873,40.79534,37.36912,34.305653,33.566322,29.391417,28.280813,23.796736,25.384747,19.087463,21.352678,18.409561,14.76491,20.237158,22.318073,17.103218,22.034897,26.218758,25.94722,27.60441,23.948965,27.933329,26.172306,28.42014,26.510881,28.844933,27.505943,30.141224,25.908573,24.711843,24.663921,20.784405,23.340605,19.361431,20.839333,23.14733,19.16161,24.645739,24.244799,27.271048,29.727955,27.345997,32.355488,29.467808,31.460592,32.59924,27.959425,24.478544,22.289293,18.886206,17.099674,13.20599,11.224202,8.644941,9.393625,12.732812,13.640912,15.904444,17.449024,17.662909,18.865658,20.979555,21.976353,22.584942,25.23516,24.067604,28.51937,24.87209,29.496325,29.269388,33.378082
2,6.6067324,5.32377,0.0,5.3362765,7.0422144,9.196276,12.37963,16.410576,20.101439,23.561642,26.282013,30.60453,31.00053,30.88923,28.52454,25.981192,26.31015,22.4498,24.184576,20.876717,23.847221,22.801205,24.362862,25.48821,23.454975,23.92987,24.1088,24.499,23.611435,27.459127,26.088179,32.47251,33.013,38.015545,37.724834,41.572918,40.956905,38.666065,35.49961,32.118725,31.690487,26.9828,26.052214,21.57503,22.877346,17.21473,18.190962,15.692689,11.45304,16.78904,18.424456,12.325352,17.435776,21.64922,20.891249,22.653818,19.109758,23.00079,21.37022,23.612043,22.375647,24.834705,24.0593,27.137955,23.499874,22.864977,23.736872,20.486446,23.72364,20.699774,21.804668,23.361544,18.321598,23.511786,22.407639,24.921022,27.055391,24.245228,28.827444,25.883825,27.428717,28.29469,23.715294,20.537407,19.108255,14.979222,14.857749,10.85046,10.6658325,9.64883,11.536815,13.715202,15.25395,15.960579,18.109793,19.32194,19.8605,21.181726,22.660875,23.196218,25.064848,23.93622,27.458143,23.859354,28.33608,27.695845,31.993402
3,9.890426,6.7900906,5.3362765,0.0,3.9331923,6.303085,9.342591,13.75169,16.609077,20.950632,22.852009,27.857582,27.502214,26.931854,24.38177,21.505518,21.41524,17.477695,18.902575,15.55501,18.601427,17.752945,19.549803,21.031952,19.36943,19.782986,19.356768,19.53194,18.604296,22.3323,21.223171,27.40683,28.335827,33.09606,33.152493,37.012363,36.731773,34.657227,31.542112,28.310171,28.227528,23.619495,23.488083,18.717947,21.444626,16.381617,17.756693,16.812353,13.488571,18.93035,19.529993,14.1899395,20.161844,23.416454,22.330202,23.33756,19.009972,22.545479,20.399654,22.898197,20.145552,22.732367,21.378454,24.240253,20.76519,19.073437,20.128681,16.892504,19.734976,17.322363,17.232668,18.58735,13.4519415,18.951313,17.874355,20.885197,23.103529,20.565252,25.629492,22.778662,24.944017,26.39677,21.685339,18.192234,15.717058,12.626251,10.6510935,6.4397078,5.597883,4.7617764,7.499745,9.412703,12.469908,12.564476,15.913286,16.107079,15.582041,17.349442,19.675184,21.23923,22.493345,20.729036,24.415146,19.970139,24.42873,23.53033,27.688368
4,12.593257,9.130848,7.0422144,3.9331923,0.0,5.7335606,5.7921095,11.129593,13.806684,18.206402,20.252039,25.068378,25.364836,24.796598,23.038328,19.76978,20.356216,16.182283,18.296377,15.199126,18.664593,18.430475,19.587294,21.658455,19.702076,19.440258,19.500715,18.610195,17.148212,21.039602,19.256102,25.812344,26.252003,31.36436,31.052485,34.842514,34.164227,32.002792,28.667362,25.425995,24.912203,20.405226,19.762793,15.083821,17.528606,12.545962,13.995075,13.508626,10.843116,16.098747,16.328568,12.05591,18.12451,20.78428,20.201939,20.912931,16.625782,20.596004,18.989805,22.398512,19.427006,22.701042,21.795765,25.069635,22.505747,20.436745,22.34536,19.540915,22.232431,20.464928,19.35308,20.199673,14.474494,19.973202,18.0072,21.13709,22.757921,19.500668,24.547918,20.962585,23.037537,24.114494,19.568,15.779808,13.453153,10.387469,8.459997,5.7479362,4.8244166,6.523633,7.861243,8.012242,10.507971,9.61184,12.976176,14.039518,13.634697,14.562042,16.760862,18.126959,19.058914,17.479488,20.856747,16.859993,21.338018,20.757788,25.034245
5,15.149705,12.768895,9.196276,6.303085,5.7335606,0.0,6.972799,8.323242,12.0424185,15.420252,17.752249,22.373598,22.026968,22.006226,19.40841,17.310701,18.019089,14.682791,17.493753,15.203448,19.384142,19.58315,21.809818,24.172438,23.034164,22.954428,21.81856,20.507767,18.390036,21.68254,19.327963,25.70413,25.06579,30.144077,29.433716,33.337673,32.863266,30.439865,27.806093,24.235767,24.903328,19.629396,20.432493,15.703803,18.919498,15.713006,15.283964,16.285309,13.391374,17.900787,17.022627,11.6524725,17.876955,20.144228,18.080341,18.522743,13.768757,16.67879,14.260473,17.046535,14.0258255,17.041853,16.241552,19.694202,17.546436,16.032822,18.699825,16.728283,19.993286,19.355316,18.190557,18.216484,11.886848,16.531229,14.2210245,16.583302,18.205261,15.073305,19.7809,16.870495,18.78444,20.284653,15.529946,12.303076,10.353722,6.7803106,7.0270486,3.349489,7.0450172,9.121473,11.999539,11.929192,15.618509,13.55868,17.75196,18.604465,16.854519,17.569237,20.753242,22.609533,22.478891,20.531532,22.760601,18.087463,22.042772,20.33244,24.556534
6,18.324165,14.856691,12.37963,9.342591,5.7921095,6.972799,0.0,6.639593,8.448667,13.037248,14.945116,19.664034,20.454687,19.871283,19.105236,15.530706,17.107513,13.0421915,16.310038,14.149356,18.288157,19.151388,19.930166,22.916485,21.182333,20.12239,20.05635,17.428339,14.870542,18.505266,15.498877,22.347704,21.688437,27.19477,26.28902,29.996185,28.919945,26.61373,23.232605,19.906315,19.33328,14.685065,14.226208,9.462277,12.723499,9.630963,10.258682,12.3409,11.416222,15.381485,14.042509,11.884994,17.76938,18.854486,18.369045,18.14374,13.668876,17.52603,16.389935,20.831142,17.073849,21.101778,20.66662,24.265911,23.168127,20.523973,23.637608,21.701527,24.140162,23.67264,21.111324,20.970604,14.743014,19.628002,16.47019,19.532948,20.21225,16.167404,21.058464,16.670692,18.779825,19.63571,15.412707,11.30161,8.90025,6.953585,4.9092703,6.2937984,6.808675,10.538483,11.199932,8.936878,11.347597,7.851139,11.910984,13.64011,12.201394,11.617191,14.479692,16.222649,15.617979,13.872296,16.031054,12.0784025,16.279594,15.607578,19.986382
7,22.809343,20.005795,16.410576,13.75169,11.129593,8.323242,6.639593,0.0,5.04827,7.2380238,10.148242,14.25013,15.019773,15.384888,14.562486,12.459839,15.114498,12.459895,16.951128,16.18023,20.92836,22.454529,23.969013,27.329556,26.287672,25.230562,24.220446,20.858398,17.478466,20.158344,16.06502,22.5102,19.819063,25.483284,23.606426,27.331415,26.114826,23.327154,20.830608,17.01973,17.871416,12.195196,13.681976,9.574495,13.333934,13.470314,11.296425,15.436847,14.717725,17.231684,14.274496,12.28365,17.570704,17.390903,15.473907,14.335982,9.419714,11.9078,10.536982,15.387662,11.30605,15.796541,16.17398,20.159288,20.640175,18.46318,22.788452,22.077026,24.80168,25.673931,22.76155,21.55863,15.03529,18.35237,14.21467,16.090471,15.837693,11.060051,15.13876,10.513173,12.222121,13.177514,8.806639,4.743244,3.7115147,2.1957355,5.9093103,8.552189,11.668053,15.379235,17.00549,14.790011,17.789028,13.6771755,17.80156,19.518229,17.033865,15.869104,19.369213,21.3015,19.358244,17.518585,17.548409,13.545391,16.456923,14.392172,18.585543
8,26.1911,22.874874,20.101439,16.609077,13.806684,12.0424185,8.448667,5.04827,0.0,6.1496797,6.5358696,11.884201,12.176159,11.582372,11.95573,8.638227,11.90034,9.422049,14.202649,14.25735,18.843637,21.033258,22.061375,25.853195,25.05752,23.563778,22.446096,18.141361,14.315079,16.454706,11.780126,18.039436,14.993602,20.797068,18.893805,22.577904,21.34149,18.733246,15.993791,12.297795,13.345473,7.7745967,10.6839485,6.847326,12.517228,14.1346,12.803512,17.802008,18.092775,20.35553,17.136856,16.721508,21.735168,20.83484,19.481499,17.757544,13.301812,15.13221,14.012652,18.820127,13.575865,17.970455,17.947264,21.457106,22.565252,19.35481,23.847118,23.400167,25.386446,26.858305,22.809822,21.194603,15.243934,18.102886,13.650095,15.955963,15.068469,10.379162,14.64349,9.592079,12.17796,13.517426,10.116637,6.416059,3.3481302,7.116819,6.377564,10.926032,12.918913,16.921724,17.843445,14.725105,17.672997,12.9116,17.169058,18.307041,15.033033,13.322535,17.312265,19.931925,16.98907,14.725528,14.028548,9.5166235,11.787022,9.363466,13.5379925
9,30.01914,27.195576,23.561642,20.950632,18.206402,15.420252,13.037248,7.2380238,6.1496797,0.0,4.9651766,7.053049,9.322809,10.668773,12.0689,11.200633,15.289721,14.337512,19.294365,19.92651,24.564587,26.856949,28.107998,31.921865,31.202278,29.69782,28.509968,24.07973,20.128962,21.739567,16.713057,22.106821,17.211311,22.889273,19.720251,23.056341,21.188606,17.971174,16.261013,12.32336,14.164642,8.516049,11.789388,9.973653,13.482805,16.99986,13.731617,19.475552,20.026701,20.915089,16.757248,17.175512,20.93982,18.810566,16.829584,14.277846,10.677741,10.908374,10.778105,15.949216,11.740252,16.306396,17.600395,21.403435,23.876083,21.62223,26.738815,27.015942,29.362762,31.300783,27.564425,25.541563,19.596764,21.354305,16.582788,17.413069,15.48829,10.347896,12.263336,6.5834084,7.370431,7.5873866,5.3294954,3.7909565,6.146068,8.816554,11.704956,15.381106,18.261059,22.1492,23.452557,20.58261,23.209208,18.461123,22.131079,23.99886,21.045174,18.881784,22.368053,24.332495,20.991161,19.347862,17.042702,14.220337,15.088586,12.419217,15.720099
10,32.457264,29.283587,26.282013,22.852009,20.252039,17.752249,14.945116,10.148242,6.5358696,4.9651766,0.0,6.2980857,6.083343,6.0653853,8.840485,7.4665833,11.917272,11.871513,16.616014,18.112846,22.410715,25.1676,26.27603,30.302801,30.010147,28.350365,26.776,21.866158,17.772451,18.551704,13.4108095,17.920124,12.412286,17.994057,14.766799,18.16959,16.603308,13.546034,12.03811,8.134777,11.377626,6.2453103,11.810807,10.486399,15.453081,19.275427,17.05501,22.878113,23.655067,24.954674,20.969522,21.492655,25.636747,23.575686,21.79079,19.213259,15.596202,15.509606,14.786488,19.221048,13.792961,17.832355,18.38178,21.522005,24.359549,21.22803,26.3551,26.931038,28.615604,31.16163,26.57131,24.155975,18.962595,20.050602,15.272936,16.312979,13.924675,9.472943,11.548285,6.462261,8.763557,10.272455,9.031238,7.8813925,7.423122,11.958548,12.475261,16.80895,19.147251,23.049948,24.07435,20.836313,23.744478,18.829943,22.757896,23.770079,20.074867,17.963932,21.914064,24.614037,20.685825,18.55295,15.923333,12.492813,12.289703,8.743023,11.396099
11,37.04953,34.132336,30.60453,27.857582,25.068378,22.373598,19.664034,14.25013,11.884201,7.053049,6.2980857,0.0,6.5451126,8.79863,12.810295,13.232028,17.63027,18.127829,22.796108,24.410398,28.670465,31.4618,32.450466,36.510963,36.090034,34.282406,32.95906,27.888206,23.775986,24.369108,19.139692,22.908895,16.352407,21.357193,16.994577,19.534683,16.984383,13.460155,13.155038,9.873227,12.849079,9.24506,13.540511,14.066148,16.90884,22.200039,18.855862,25.055128,26.332434,26.367418,21.807846,23.544722,26.382402,23.153946,21.400873,18.203838,16.066816,14.801055,15.431249,19.807333,15.936613,19.729681,21.370184,24.579222,28.351046,25.982418,31.383928,32.324837,34.24367,36.931274,32.578876,30.030922,24.815134,25.444126,20.648926,20.75781,17.753805,13.552608,13.054992,8.6977825,8.18727,7.502958,9.432893,10.492668,12.473491,15.836087,18.0369,22.07745,24.72062,28.664968,29.724365,26.487457,28.878853,23.915344,27.201523,28.943506,25.710758,23.06112,26.377579,28.390938,24.153238,22.705063,18.788542,17.245077,16.109386,13.357469,14.865827
12,37.09628,34.165966,31.00053,27.502214,25.364836,22.026968,20.454687,15.019773,12.176159,9.322809,6.083343,6.5451126,0.0,3.8593519,6.9691076,9.2235565,13.000157,14.943092,19.13099,21.486446,25.510363,28.450998,30.049519,34.044292,34.318165,32.84367,30.59268,25.761642,21.762669,21.59743,16.905441,19.647923,13.025776,17.293121,13.380259,16.35071,15.328635,12.225731,13.005918,10.003078,14.924476,11.305675,17.218174,16.518063,21.150515,25.294743,22.704424,28.56814,29.09903,30.227917,26.026133,26.171228,29.996397,27.65132,25.115759,22.274662,19.132122,17.373777,16.332123,19.447132,14.08684,16.99755,17.76645,20.168943,24.387714,21.57934,26.985926,28.52352,29.974419,33.4586,28.712881,25.67888,21.353048,20.758125,16.222832,15.832395,12.396187,9.452702,8.554609,6.193435,7.6869793,10.087259,10.703815,11.71292,11.967578,16.38394,17.340918,21.177954,23.959436,27.619396,29.041086,26.04027,29.395985,24.56619,28.69353,29.32214,25.211983,23.433714,27.589882,30.511997,26.384983,24.148624,21.173237,17.832586,16.745405,12.745033,13.690714
13,36.745773,33.52716,30.88923,26.931854,24.796598,22.006226,19.871283,15.384888,11.582372,10.668773,6.0653853,8.79863,3.8593519,0.0,6.0225987,6.652064,10.304597,12.484837,16.288427,18.972717,22.65424,25.793926,27.132189,31.192713,31.614267,30.036709,27.718264,22.694286,18.75025,18.175314,13.621134,15.844455,9.189563,13.624033,10.0333185,13.395681,12.819252,10.108451,10.4616165,7.7335563,13.031344,10.055915,16.385424,15.585623,20.952106,24.813845,23.02191,28.781204,29.437315,30.98535,27.033216,27.2175,31.505436,29.447914,27.301739,24.625042,21.088703,20.090277,18.812592,22.096552,16.09038,19.02305,19.030273,21.133228,24.803392,21.234735,26.346066,27.670689,28.664051,32.174232,26.938013,23.907518,20.021149,19.545116,15.178233,15.565054,12.446701,9.993891,10.715597,8.372971,10.933456,13.444205,13.224463,13.11175,11.997736,16.956621,16.450356,20.59877,22.792273,26.41176,27.500786,24.30437,27.667864,22.8937,27.0599,27.161852,22.777443,21.12557,25.428802,28.738253,24.506956,21.999361,19.281603,15.520489,14.113664,9.876061,10.359312
14,34.01557,31.123316,28.52454,24.38177,23.038328,19.40841,19.105236,14.562486,11.95573,12.0689,8.840485,12.810295,6.9691076,6.0225987,0.0,5.496445,7.340189,10.404439,13.854559,16.519054,20.330582,23.133043,25.461887,29.194498,30.027452,29.056618,25.97788,21.85448,18.246647,17.808928,14.166971,16.631973,11.883814,15.507792,13.552473,17.15294,17.83134,15.639065,15.91266,13.168008,17.977306,14.021064,20.002968,17.8022,23.638166,26.07321,24.424084,29.526665,29.215115,31.55931,28.011383,26.516323,31.366089,30.205006,27.283388,25.084415,20.941505,19.665457,17.168158,19.272049,12.627652,14.687863,13.837924,15.464629,19.068026,15.471307,20.639776,22.386648,23.423363,27.354012,22.393991,19.09867,15.558923,14.110494,9.9129305,9.646944,6.5004206,5.482022,7.218972,7.248371,10.683616,14.481913,12.947982,12.82827,10.922791,15.517831,14.811818,17.966719,20.647345,23.783955,25.551813,23.051676,27.288597,22.947811,27.772205,27.328398,22.654709,22.061745,26.836586,30.440891,26.936247,24.055323,22.695711,17.615585,17.537863,13.068223,14.383585
15,31.372557,28.026037,25.981192,21.505518,19.76978,17.310701,15.530706,12.459839,8.638227,11.200633,7.4665833,13.232028,9.2235565,6.652064,5.496445,0.0,4.4765263,5.8864546,9.936715,12.3956175,16.28826,19.281937,20.935902,24.887486,25.394932,24.112553,21.48065,16.892397,13.071306,12.9749565,8.844839,12.544486,8.807402,13.646642,12.409444,16.349253,16.69846,14.757441,13.443681,10.631353,14.420456,10.618093,16.23103,13.6988325,20.078388,22.087172,21.352207,26.27876,26.318888,28.95367,25.729887,24.723204,29.925755,28.987797,26.905264,24.894403,20.465248,20.574226,18.44211,21.650007,14.937608,17.924702,16.786343,18.85458,20.979637,16.641596,21.258024,21.963547,22.79776,25.944725,20.579098,17.812172,13.8160515,14.167537,9.901722,11.868152,10.204119,7.9033074,11.8645315,9.410955,13.203143,16.270962,13.972418,12.217477,8.862729,13.849009,11.34103,15.261738,17.005968,20.366056,21.48438,18.527294,22.468004,18.07743,22.799337,22.132854,17.404196,16.703691,21.51265,25.307983,21.837883,18.797792,17.938534,12.405495,12.703943,8.382892,10.482073
16,31.054876,27.734388,26.31015,21.41524,20.356216,18.019089,17.107513,15.114498,11.90034,15.289721,11.917272,17.63027,13.000157,10.304597,7.340189,4.4765263,0.0,4.6437817,6.6444225,9.866744,13.168231,16.184898,18.368244,22.099098,23.205032,22.311983,18.914213,14.946005,11.738903,10.988486,8.628401,11.0931225,9.779954,13.146743,13.56244,17.39698,18.801552,17.535688,16.410368,14.26414,17.833344,14.60698,19.821442,16.883656,23.470999,24.51229,24.432436,28.764942,28.365335,31.626656,28.839397,27.039965,32.64938,32.29999,30.070026,28.369644,23.671814,23.86662,21.187532,23.66489,16.763323,18.946814,16.863794,18.089067,19.492249,14.497706,18.454775,19.21987,19.38807,22.928127,17.119652,14.116253,11.413257,11.052208,7.8138223,10.4296055,9.820203,9.59349,13.855855,12.819049,16.711452,20.16042,17.514086,15.652994,11.729097,16.134815,12.460669,15.509602,16.775974,19.504751,20.706207,18.195204,22.634995,18.862297,23.813713,22.194407,17.110216,17.462484,22.468588,26.685993,23.691183,20.341135,20.528557,14.42133,15.104124,11.201043,12.724509
17,27.173733,23.628098,22.4498,17.477695,16.182283,14.682791,13.0421915,12.459895,9.422049,14.337512,11.871513,18.127829,14.943092,12.484837,10.404439,5.8864546,4.6437817,0.0,4.958824,6.5512223,10.76306,13.552478,15.364184,19.206623,19.70262,18.689123,15.856023,11.818859,8.360236,9.20984,6.5530243,11.542191,11.539728,15.80184,16.24109,20.106205,20.82147,19.396246,17.160912,14.687478,16.921936,13.343354,17.428062,13.820683,20.381178,20.51463,21.029757,24.869951,24.44548,28.00159,25.626127,23.795523,29.605278,29.647356,27.904142,26.529396,21.68583,22.86626,20.393896,23.497805,16.917274,19.757149,17.794165,19.699503,19.972504,15.082068,18.632776,18.323278,18.877192,21.27834,15.764926,13.64551,9.6509285,11.714832,8.476341,12.230277,12.452899,10.81356,16.032442,13.671694,17.500288,20.445343,17.121323,14.287924,9.725338,13.513832,8.608308,11.858051,12.490031,15.425745,16.316183,13.601996,18.011139,14.297953,19.335938,17.756634,12.796014,13.338006,18.369858,22.524145,19.99705,16.625477,17.72896,11.245431,13.19667,10.085761,12.846969
18,27.955235,24.367617,24.184576,18.902575,18.296377,17.493753,16.310038,16.951128,14.202649,19.294365,16.616014,22.796108,19.13099,16.288427,13.854559,9.936715,6.6444225,4.958824,0.0,4.0387444,6.534712,9.682334,11.790484,15.458545,16.739138,16.082151,12.32532,9.01319,6.9150023,6.65334,7.401503,10.152274,13.03235,15.733155,17.697287,21.26143,22.790516,22.057043,19.91021,18.175777,20.181479,17.540188,21.280344,17.77891,24.266481,23.664679,24.985685,28.211843,27.598139,31.613918,29.698074,27.522478,33.546722,34.01481,32.36947,31.208097,26.283384,27.579948,24.867998,27.491634,20.901121,23.110811,20.488981,21.573835,21.020092,15.652343,17.928959,17.333998,16.7965,19.26886,13.070138,11.134077,9.538459,11.235228,9.997636,13.99028,14.980123,14.768636,19.804258,18.262817,22.15001,25.286818,21.951704,19.141973,14.51274,17.77832,12.193637,14.317475,13.833589,15.74732,16.258741,14.063469,18.558006,15.851604,20.655323,17.836699,12.67792,14.452431,19.307737,23.857231,21.832172,18.277735,20.334236,13.889687,15.728789,13.285247,15.124865
19,24.276327,20.609306,20.876717,15.55501,15.199126,15.203448,14.149356,16.18023,14.25735,19.92651,18.112846,24.410398,21.486446,18.972717,16.519054,12.3956175,9.866744,6.5512223,4.0387444,0.0,4.833629,7.080614,9.374189,12.886842,13.647862,13.253132,9.760574,7.4665046,6.177875,7.9961715,9.073025,13.070611,16.261978,19.41546,21.196032,24.796093,25.924688,25.003965,22.353642,20.346783,21.550665,18.59601,21.3177,17.315262,23.389395,21.644226,23.489635,25.928946,25.009558,29.416805,28.042002,25.458403,31.614988,32.628464,31.24159,30.478672,25.503365,27.43117,24.753384,27.489315,21.346056,23.723032,21.101915,22.509409,20.94243,15.894146,17.547003,15.965206,15.76594,17.027462,11.384354,10.613029,8.276347,11.893961,11.0725,15.418171,17.014935,16.260532,21.719252,19.71986,23.461721,26.32774,22.51808,19.248653,14.536714,16.757225,10.635418,11.876137,10.498349,11.996938,12.324948,10.481785,15.208274,13.159709,17.97099,14.932438,10.115608,12.734874,17.347927,21.717016,20.51377,17.072742,20.159245,13.771285,16.643845,14.896973,17.444683
20,26.24291,22.5939,23.847221,18.601427,18.664593,19.384142,18.288157,20.92836,18.843637,24.564587,22.410715,28.670465,25.510363,22.65424,20.330582,16.28826,13.168231,10.76306,6.534712,4.833629,0.0,3.580177,5.721684,8.9896345,10.797858,10.807092,6.1734066,5.7734213,7.207819,7.779393,11.356069,13.252529,18.336323,20.304743,23.102045,26.338835,27.95379,27.588873,24.943907,23.54294,24.481869,22.370825,24.845114,21.162642,27.074776,24.990513,27.47529,29.486994,28.628197,33.212395,32.174946,29.65914,35.827263,37.034973,35.86533,35.1885,30.236631,32.261326,29.553738,32.109367,25.950228,28.014118,25.08837,25.953415,23.948341,18.791567,19.303888,17.46076,16.146227,17.080147,11.239192,11.201345,11.526185,14.365443,14.7813425,18.942211,20.731455,20.654316,25.928543,24.261421,28.07045,31.007452,27.302288,24.049124,19.33147,21.497807,15.270529,16.063967,13.879157,14.33071,13.908277,12.651898,16.660515,15.712869,19.792435,15.70545,11.291482,14.645464,18.64137,23.174662,22.398733,18.986542,22.64474,16.682304,19.18776,18.010729,19.821486
21,24.35288,20.897125,22.801205,17.752945,18.430475,19.58315,19.151388,22.454529,21.033258,26.856949,25.1676,31.4618,28.450998,25.793926,23.133043,19.281937,16.184898,13.552478,9.682334,7.080614,3.580177,0.0,4.8364215,6.611187,8.695392,9.760286,4.848105,7.704339,9.972652,11.148828,14.644542,16.759352,21.880028,23.85177,26.665907,29.916914,31.50523,31.074602,28.334204,26.795856,27.50565,25.180826,27.19756,23.261082,28.808584,25.89136,28.666664,29.961876,28.710861,33.62031,33.06046,30.019485,36.22802,37.944206,36.81521,36.467968,31.504547,33.771297,30.954365,33.262142,27.466454,29.326889,26.251484,27.01613,24.180603,19.374859,18.97541,16.458601,14.993283,14.860099,9.797289,11.006291,12.005903,15.310524,16.44646,20.56077,22.832037,22.850517,28.235533,26.659483,30.38223,33.283653,29.307796,25.947412,21.294584,22.746607,16.604065,16.402636,13.744176,13.163722,12.65652,12.463341,16.340128,16.406254,20.179993,15.841774,12.275884,16.195007,19.690321,23.922989,23.914879,20.69979,24.951462,19.164183,22.09687,21.138266,23.202085
22,25.828478,22.031273,24.362862,19.549803,19.587294,21.809818,19.930166,23.969013,22.061375,28.107998,26.27603,32.450466,30.049519,27.132189,25.461887,20.935902,18.368244,15.364184,11.790484,9.374189,5.721684,4.8364215,0.0,4.235057,5.4915795,5.5106673,0.7452356,5.2976866,9.049578,10.37636,14.417596,16.218092,22.086327,24.012505,26.97821,29.957365,31.252869,31.087038,27.87591,26.754333,26.588701,25.119936,26.35507,22.879522,28.01961,25.037807,28.504005,29.617138,28.976929,33.6622,33.2803,31.149782,37.151875,38.670128,38.199753,37.791405,33.018223,35.728943,33.359917,36.290897,30.475258,32.835056,30.056906,31.162224,28.632376,23.779577,23.735577,21.139797,19.804409,19.21237,14.589867,15.769811,16.049578,19.64803,20.093204,24.356714,26.188532,25.614904,31.04917,28.804464,32.49704,35.046227,31.245834,27.62077,23.006414,24.553858,18.168747,18.614937,15.223199,14.930082,13.122126,12.25999,14.733103,15.30369,18.112844,13.195376,10.232311,14.199921,16.890924,21.12694,21.375225,18.359148,23.070868,18.067707,20.860798,20.867044,22.669157
23,25.874693,22.405432,25.48821,21.031952,21.658455,24.172438,22.916485,27.329556,25.853195,31.921865,30.302801,36.510963,34.044292,31.192713,29.194498,24.887486,22.099098,19.206623,15.458545,12.886842,8.9896345,6.611187,4.235057,0.0,3.9933834,6.162076,3.625694,9.479185,13.273088,14.454786,18.643356,20.08083,26.190756,27.788757,30.994925,33.899193,35.354137,35.269413,32.089592,30.987568,30.748453,29.247541,30.238028,26.666815,31.5001,27.894808,31.613558,32.07774,31.123468,36.049335,36.113777,33.566338,39.55022,41.50615,41.070637,40.926884,36.155533,38.991516,36.496033,39.13787,33.563602,35.65131,32.67746,33.534275,30.36303,25.786636,24.860281,21.869736,20.17528,18.72115,15.10714,17.100931,18.332281,21.854906,23.002043,27.15804,29.356098,29.078447,34.538525,32.521564,36.191982,38.788834,34.82134,31.175825,26.599342,27.70139,21.451029,21.151436,17.532303,16.293837,14.394865,14.627325,16.609589,18.212023,20.480944,15.415358,13.558341,17.702562,19.744576,23.562006,24.526205,21.773201,26.83606,22.077093,24.986656,25.090523,26.881962
24,23.769602,20.116547,23.454975,19.36943,19.702076,23.034164,21.182333,26.287672,25.05752,31.202278,30.010147,36.090034,34.318165,31.614267,30.027452,25.394932,23.205032,19.70262,16.739138,13.647862,10.797858,8.695392,5.4915795,3.9933834,0.0,3.3642957,4.8615317,9.665284,13.241507,15.34175,18.84062,21.254238,26.939558,29.194223,31.954035,34.930664,35.880745,35.59667,32.029484,30.785961,29.91524,28.428139,28.605904,25.07132,29.293789,25.172508,29.27968,29.239199,28.441807,33.298912,33.696617,31.466646,37.24232,39.302776,39.30839,39.32142,34.742672,38.019493,35.844368,38.859497,33.601715,36.06662,33.401665,34.73058,31.517046,27.16282,26.585869,23.287176,22.252373,20.168272,17.121143,19.260313,19.25009,23.545204,24.124416,28.414291,30.502325,29.561752,35.15729,32.575024,36.07908,38.316444,34.28514,30.41838,26.033007,26.670103,20.551636,20.194933,16.094492,14.830395,12.15467,12.4145355,13.387369,15.727572,17.293962,12.229322,11.526954,15.662744,16.964552,20.359533,21.949469,19.53837,25.041594,20.83217,24.114931,24.741207,26.895203
25,24.943811,21.000172,23.92987,19.782986,19.440258,22.954428,20.12239,25.230562,23.563778,29.69782,28.350365,34.282406,32.84367,30.036709,29.056618,24.112553,22.311983,18.689123,16.082151,13.253132,10.807092,9.760286,5.5106673,6.162076,3.3642957,0.0,5.2448277,7.8806148,11.383309,13.600653,16.880283,19.374575,24.994907,27.412508,30.015018,32.88066,33.57125,33.34416,29.579803,28.514473,27.261118,26.203945,26.107119,22.906612,27.026205,23.294233,27.54922,27.832346,27.556385,32.096775,32.286224,30.775368,36.421852,38.090675,38.373154,38.18859,33.726116,37.091057,35.197296,38.625175,33.236553,36.04095,33.614635,35.20067,32.504364,27.965853,28.026894,24.978737,24.145123,22.537758,18.920864,20.548075,19.851187,24.208284,24.16863,28.531324,30.23389,28.910814,34.458786,31.49695,34.96738,37.00809,33.184685,29.25728,24.929684,25.862099,19.682146,20.053062,15.932511,15.458655,12.438074,11.617666,11.975923,13.905811,15.15106,9.912674,9.213314,13.042621,14.100544,17.687637,19.019281,16.63698,22.13685,18.329933,21.438976,22.485296,24.516836
26,25.403187,21.643364,24.1088,19.356768,19.500715,21.81856,20.05635,24.220446,22.446096,28.509968,26.776,32.95906,30.59268,27.718264,25.97788,21.48065,18.914213,15.856023,12.32532,9.760574,6.1734066,4.848105,0.7452356,3.625694,4.8615317,5.2448277,0.0,5.94976,9.653483,11.098444,15.062794,16.957994,22.784983,24.743284,27.69039,30.686361,31.96676,31.772982,28.543568,27.378193,27.175732,25.642698,26.787182,23.25636,28.312668,25.157211,28.677305,29.637276,28.919846,33.66455,33.383663,31.154968,37.156136,38.77604,38.320175,37.979183,33.208797,35.971703,33.58788,36.480015,30.738749,33.070953,30.27499,31.37712,28.70529,23.923904,23.744478,21.034222,19.70656,18.903408,14.483279,15.847174,16.176247,19.864666,20.404978,24.667494,26.581175,26.009308,31.471458,29.233065,32.90819,35.446426,31.591377,27.94379,23.345043,24.752272,18.393959,18.66024,15.183619,14.700814,12.846656,12.205218,14.617707,15.415193,18.146263,13.2009115,10.470724,14.524959,17.097328,21.241688,21.664467,18.703678,23.521997,18.554754,21.44049,21.469152,23.339567
27,27.214298,23.128622,24.499,19.53194,18.610195,20.507767,17.428339,20.858398,18.141361,24.07973,21.866158,27.888206,25.761642,22.694286,21.85448,16.892397,14.946005,11.818859,9.01319,7.4665046,5.7734213,7.704339,5.2976866,9.479185,9.665284,7.8806148,5.94976,0.0,4.114268,5.799788,9.433525,11.827199,17.305075,19.75268,22.311504,25.304798,26.255325,26.037163,22.663511,21.644054,21.363483,20.22654,21.665932,18.559938,24.009762,22.09583,25.252703,27.276237,27.260162,31.430155,30.44902,29.193384,35.051186,35.87335,35.515232,34.71001,30.049711,32.631786,30.589188,34.03173,27.957323,30.77404,28.395971,29.888336,28.364313,23.292318,24.472494,22.477627,21.645077,21.97791,16.637705,16.723461,15.59055,19.066406,18.3144,22.583813,23.70554,22.561464,27.84995,25.134169,28.803776,31.168613,27.723488,24.134382,19.579554,21.839039,15.458524,17.239235,14.337592,15.469939,13.755386,11.300337,13.799976,12.7649145,15.953012,11.617605,7.2658253,10.300807,13.761616,18.447203,17.566542,14.25764,18.319859,13.202261,15.647036,15.762636,17.469452
28,27.246946,23.141256,23.611435,18.604296,17.148212,18.390036,14.870542,17.478466,14.315079,20.128962,17.772451,23.775986,21.762669,18.75025,18.246647,13.071306,11.738903,8.360236,6.9150023,6.177875,7.207819,9.972652,9.049578,13.273088,13.241507,11.383309,9.653483,4.114268,0.0,4.181211,5.6059594,9.829081,13.954372,17.278929,19.130499,22.36738,22.996145,22.449984,19.064533,17.738081,17.741663,16.237827,18.17654,15.05024,20.933443,19.86466,22.40268,25.178377,25.36512,29.199282,27.704536,26.754671,32.53445,32.921722,32.407272,31.345938,26.719143,29.08031,27.16887,30.83529,24.660393,27.732832,25.667171,27.463432,26.625185,21.57998,23.659431,22.121769,21.820976,22.756912,17.20842,16.565582,14.203796,17.55732,15.8647995,20.027737,20.683897,19.075493,24.265486,21.273966,24.906973,27.20443,23.925423,20.421062,15.924029,18.671566,12.490239,15.179839,13.058679,15.19313,14.038714,10.822308,13.8047,11.306926,15.202311,11.957356,6.7833853,8.500856,12.956421,17.707756,15.897497,12.352734,15.518264,9.750279,12.192411,11.818391,13.902182
29,31.050823,27.031603,27.459127,22.3323,21.039602,21.68254,18.505266,20.158344,16.454706,21.739567,18.551704,24.369108,21.59743,18.175314,17.808928,12.9749565,10.988486,9.20984,6.65334,7.9961715,7.779393,11.148828,10.37636,14.454786,15.34175,13.600653,11.098444,5.799788,4.181211,0.0,5.3317223,6.16724,11.824239,13.968799,16.666542,19.62961,20.915802,20.900658,18.009514,17.342594,18.028727,17.278181,20.113865,17.597906,23.728394,23.503668,25.720186,28.96459,29.280283,32.930687,31.113455,30.319775,36.065216,36.131683,35.387234,34.050877,29.434586,31.265339,29.235258,32.65743,26.116856,28.879904,26.646912,27.966774,27.645874,22.303366,24.389736,23.42661,22.537657,24.296667,18.171219,16.952341,15.763554,17.85038,16.42029,20.267096,20.608177,19.727362,24.472599,22.060942,25.816225,28.390762,25.530094,22.44041,17.9909,21.453094,15.554543,18.453228,16.812294,18.833735,17.928087,14.937347,17.889685,15.372124,19.050653,15.709207,10.725817,11.958204,16.158106,20.976181,18.621487,15.103414,17.315025,11.862449,12.855558,12.040165,12.839681
30,30.625618,26.631495,26.088179,21.223171,19.256102,19.327963,15.498877,16.06502,11.780126,16.713057,13.4108095,19.139692,16.905441,13.621134,14.166971,8.844839,8.628401,6.5530243,7.401503,9.073025,11.356069,14.644542,14.417596,18.643356,18.84062,16.880283,15.062794,9.433525,5.6059594,5.3317223,0.0,6.8819203,8.566824,12.7981415,13.808257,17.19832,17.606033,16.897223,13.732295,12.42156,13.329522,12.000628,15.388536,13.022076,19.415257,20.271177,21.695215,25.728682,26.373808,29.47168,27.108768,26.886414,32.347107,31.859911,31.087109,29.46476,25.032787,26.703741,25.031065,28.89169,22.448532,25.696867,24.07887,25.99418,26.492683,21.474659,24.646353,24.033657,24.00041,25.974476,20.11422,18.441679,15.495847,17.668592,14.871294,18.411436,18.019781,16.112226,20.663616,17.551897,21.140491,23.426033,20.830559,17.830524,13.701357,17.65732,12.507713,16.431242,15.701957,18.68261,18.185623,14.604027,17.551077,13.771411,17.763802,15.828258,10.858764,10.413373,15.07644,19.577192,16.337326,12.865506,13.689436,7.7993197,8.542248,6.8747344,8.605059
31,36.579273,32.603344,32.47251,27.40683,25.812344,25.70413,22.347704,22.5102,18.039436,22.106821,17.920124,22.908895,19.647923,15.844455,16.631973,12.544486,11.0931225,11.542191,10.152274,13.070611,13.252529,16.759352,16.218092,20.08083,21.254238,19.374575,16.957994,11.827199,9.829081,6.16724,6.8819203,0.0,7.4786215,8.059257,11.411462,13.885785,15.736099,16.393745,14.287247,14.672956,16.267794,16.721712,20.62084,19.25196,25.408085,26.799047,28.288147,32.45608,33.23342,36.258926,33.779083,33.709473,39.135063,38.415703,37.512283,35.658287,31.316952,32.416035,30.60345,34.007854,27.245975,29.894888,27.950829,29.022324,29.956861,24.60023,27.337801,27.275797,26.259995,28.996992,22.56085,20.509098,19.570543,20.213587,18.30708,21.317038,20.65635,20.115316,23.808231,21.794592,25.39469,27.980091,26.03306,23.633554,19.712404,24.079155,19.076862,22.691563,21.875235,24.343176,23.729351,20.475561,23.233984,20.044703,23.518972,20.838558,16.019268,15.989845,19.970825,24.595112,21.170786,17.89076,18.158186,13.638937,12.455978,11.0879135,9.739021
32,38.098896,34.31268,33.013,28.335827,26.252003,25.06579,21.688437,19.819063,14.993602,17.211311,12.412286,16.352407,13.025776,9.189563,11.883814,8.807402,9.779954,11.539728,13.03235,16.261978,18.336323,21.880028,22.086327,26.190756,26.939558,24.994907,22.784983,17.305075,13.954372,11.824239,8.566824,7.4786215,0.0,5.9898667,5.2471623,8.826475,9.762826,9.48369,8.208962,8.315912,11.880473,12.054306,17.375898,16.826979,22.80933,25.897766,25.984465,31.179424,32.23859,34.42792,31.135532,31.67543,36.54696,34.96774,33.74321,31.384027,27.482815,27.763462,26.371246,29.918024,23.371927,26.230171,25.123825,26.601147,28.967882,24.175352,28.166939,28.835249,28.66259,31.934855,25.77343,23.08009,20.708609,20.734177,17.488264,19.457546,17.51544,16.266966,18.747042,16.558102,19.70942,22.04815,21.057655,19.500345,16.615063,21.602665,18.314592,22.642735,23.126312,26.370317,26.402567,22.852566,25.743082,21.497305,25.202236,23.965094,19.259687,17.946228,22.089422,26.146408,21.824085,18.907017,17.000975,13.102122,10.6278515,7.5351415,5.096746
33,42.71754,38.93381,38.015545,33.09606,31.36436,30.144077,27.19477,25.483284,20.797068,22.889273,17.994057,21.357193,17.293121,13.624033,15.507792,13.646642,13.146743,15.80184,15.733155,19.41546,20.304743,23.85177,24.012505,27.788757,29.194223,27.412508,24.743284,19.75268,17.278929,13.968799,12.7981415,8.059257,5.9898667,0.0,5.23217,6.688666,10.170788,11.643768,12.005133,13.4451885,16.85186,17.915413,23.056423,22.7102,28.625586,31.596516,31.929285,37.01059,37.99254,40.350502,37.117577,37.469887,42.45613,40.919518,39.54291,37.1467,33.227604,33.17331,31.540731,34.553577,27.87021,30.09008,28.608362,29.291824,31.800947,26.820704,30.296864,31.34028,30.426313,34.217216,27.747816,24.859814,23.981787,23.006226,20.673717,22.276737,20.413624,20.482418,22.347517,21.328585,24.421549,27.026808,26.325907,25.093395,22.13709,27.143774,23.551624,27.52911,27.796602,30.64306,30.613224,27.294062,30.268047,26.44139,30.038671,28.12258,23.313093,22.539316,26.504204,30.776518,26.56361,23.62362,21.98849,18.416334,15.732525,13.3511715,10.144005
34,42.988686,39.295883,37.724834,33.152493,31.052485,29.433716,26.28902,23.606426,18.893805,19.720251,14.766799,16.994577,13.380259,10.0333185,13.552473,12.409444,13.56244,16.24109,17.697287,21.196032,23.102045,26.665907,26.97821,30.994925,31.954035,30.015018,27.69039,22.311504,19.130499,16.666542,13.808257,11.411462,5.2471623,5.23217,0.0,3.9505475,6.0225563,6.6825566,8.192055,9.637591,13.920124,14.956257,20.483109,20.756178,26.228508,30.155294,29.711824,35.285183,36.521305,38.275536,34.624092,35.52022,40.03059,37.94189,36.5327,33.856495,30.356047,29.916935,28.732018,31.968422,25.648642,28.138527,27.34167,28.487034,31.73001,27.210703,31.412395,32.64535,32.377533,36.161964,29.963665,26.936195,24.936285,24.073742,20.884464,21.979294,19.399406,18.680199,19.709593,18.329592,20.913364,23.104534,23.116783,22.401281,20.272745,25.384378,22.891394,27.228344,28.092653,31.384235,31.578033,28.046444,30.891582,26.539652,30.090437,29.065144,24.455717,22.930593,26.827173,30.66992,26.03251,23.407455,20.621674,17.714527,14.517931,11.713676,8.332822
35,46.82928,43.083572,41.572918,37.012363,34.842514,33.337673,29.996185,27.331415,22.577904,23.056341,18.16959,19.534683,16.35071,13.395681,17.15294,16.349253,17.39698,20.106205,21.26143,24.796093,26.338835,29.916914,29.957365,33.899193,34.930664,32.88066,30.686361,25.304798,22.36738,19.62961,17.19832,13.885785,8.826475,6.688666,3.9505475,0.0,4.6820855,7.1357327,9.695688,12.193724,15.892494,17.92273,23.062607,23.917007,28.993437,33.29324,32.86426,38.527733,40.01258,41.53154,37.795815,39.09829,43.409676,41.05138,39.78762,36.978714,33.732162,33.15349,32.181324,35.388847,29.222782,31.600628,30.909351,31.888454,35.36001,30.875689,34.999657,36.346992,35.89526,39.790718,33.497715,30.448908,28.768347,27.708872,24.686146,25.602234,22.907963,22.38439,22.91213,21.751907,24.019943,25.952818,26.437065,25.944397,24.060423,29.154701,26.748865,31.137016,31.89587,35.174248,35.214085,31.609095,34.20155,29.906437,33.152424,32.11458,27.652254,25.982405,29.550955,33.277603,28.477137,26.068245,22.908611,20.787945,17.121922,14.965005,11.060709
36,46.516277,42.744873,40.956905,36.731773,34.164227,32.863266,28.919945,26.114826,21.34149,21.188606,16.603308,16.984383,15.328635,12.819252,17.83134,16.69846,18.801552,20.82147,22.790516,25.924688,27.95379,31.50523,31.252869,35.354137,35.880745,33.57125,31.96676,26.255325,22.996145,20.915802,17.606033,15.736099,9.762826,10.170788,6.0225563,4.6820855,0.0,3.5456872,6.4152374,9.555749,12.664954,15.465577,20.094467,21.752098,26.094286,31.082832,30.369997,36.226406,38.136513,39.102066,35.206448,37.301647,41.14704,38.361633,37.48878,34.53978,31.727938,31.301212,30.918715,34.640606,28.88209,31.751701,31.575539,33.12761,36.689827,32.434174,36.899883,38.009235,38.00331,41.52167,35.421326,32.544613,29.978994,29.568483,25.99155,26.999393,24.11291,22.607662,23.024023,20.963346,22.77898,24.005634,24.91734,24.475687,23.170347,28.08286,26.257332,30.920609,31.745008,35.309383,35.20729,31.37146,33.476913,28.955765,31.786942,31.441484,27.403341,25.065603,28.219675,31.465477,26.39391,24.417456,20.383978,19.377228,15.268133,13.659836,9.785835
37,44.445198,40.79534,38.666065,34.657227,32.002792,30.439865,26.61373,23.327154,18.733246,17.971174,13.546034,13.460155,12.225731,10.108451,15.639065,14.757441,17.535688,19.396246,22.057043,25.003965,27.588873,31.074602,31.087038,35.269413,35.59667,33.34416,31.772982,26.037163,22.449984,20.900658,16.897223,16.393745,9.48369,11.643768,6.6825566,7.1357327,3.5456872,0.0,4.8054786,6.9217844,10.829545,12.822136,17.767914,19.398653,23.61789,28.834726,27.664696,33.67378,35.524338,36.311165,32.263664,34.36478,38.04355,35.142944,34.15036,31.144638,28.450834,27.888525,27.65508,31.472263,25.944927,28.973286,29.100883,30.948938,34.650063,30.674702,35.41545,36.531265,36.904297,40.326496,34.47584,31.59354,28.442543,28.194998,24.267147,25.111252,22.06898,20.075724,20.29979,17.909662,19.489758,20.526867,21.605183,21.356928,20.462433,25.283642,24.058792,28.743896,29.914633,33.626057,33.74121,29.93227,32.126488,27.401184,30.373713,30.458242,26.48252,23.97226,27.250004,30.31094,25.238384,23.320593,19.045574,17.932913,14.089755,12.015318,8.939534
