,0,1,2,3,4,5,6,7,8,9,10,11,12,13,14,15,16,17,18,19,20,21,22,23,24,25,26,27,28,29,30,31,32,33,34,35,36,37,38,39,40,41,42,43,44,45,46,47,48,49,50,51,52,53,54,55,56,57,58,59,60,61,62,63,64,65,66,67,68,69,70,71,72,73,74,75,76,77,78,79,80,81,82,83,84,85,86,87,88,89,90,91,92,93,94,95,96,97,98,99,100,101,102,103
0,0.0,4.1569023,6.7028213,9.182526,12.156772,13.955131,16.43178,22.327274,24.665466,26.852716,31.49142,30.825523,35.928783,35.63579,32.762825,30.27521,26.165432,25.113672,20.749168,20.389214,16.677017,17.084682,14.8000765,18.202461,21.186306,20.440584,23.45788,22.74448,27.329683,24.155777,32.359676,27.786377,34.55902,33.628304,34.89273,38.25206,35.43063,34.00073,30.985216,28.800001,31.288673,27.601484,31.982735,30.595707,25.379896,29.047098,23.822132,26.849693,24.849508,27.74239,30.799038,32.059746,36.039394,38.265182,38.598427,34.57253,36.13066,37.376125,42.21116,41.47573,38.14476,36.395557,41.63182,41.777096,45.61544,41.596134,38.53783,44.26872,41.113987,37.85613,39.696247,39.00726,37.785072,33.312008,34.608974,29.186733,30.20578,27.646915,24.284246,25.571648,20.827263,19.887918,22.890326,19.267365,20.257135,24.1963,25.72105,24.428984,25.656147,28.496687,30.26119,32.261272,32.99807,37.853443,40.520344,42.30381,45.611286,47.357323,46.29816,43.563198,40.86959,37.14971,36.739697,32.34772
1,4.1569023,0.0,4.7202435,5.9377375,8.344079,11.357019,12.9451475,18.93625,21.287952,23.133516,27.879827,27.567497,32.284737,32.3356,29.25868,26.546425,22.411995,21.064886,16.892015,16.239153,12.55465,13.068197,11.013616,14.346376,17.190567,16.504002,19.367933,18.77727,23.396328,20.472317,28.803074,24.470467,31.437344,30.766464,32.25509,35.812103,33.321278,31.785614,28.538673,26.064842,28.446848,24.456846,28.692062,27.039034,21.86141,25.230936,20.148436,22.964977,21.094673,23.749083,26.842215,28.039848,32.137352,34.25862,34.78028,30.809216,32.246986,33.633717,38.38625,37.79062,34.518505,32.50641,37.646027,37.69655,41.58045,37.715206,34.490246,40.18608,37.14316,33.856277,35.77249,35.010612,33.929317,29.387436,30.908356,25.368587,26.775194,24.260992,21.087158,22.934935,17.804976,17.73099,20.46871,16.40591,16.81508,20.771608,22.32438,20.57851,21.613798,24.631203,26.319744,28.196041,28.896193,33.77938,36.416855,38.16696,41.4726,43.203705,42.14964,39.420673,36.74755,33.00019,32.644188,28.21057
2,6.7028213,4.7202435,0.0,5.007574,7.154169,7.5854497,11.349632,16.066315,18.97208,20.978416,25.639885,25.445612,30.445131,30.7637,28.314133,25.590706,21.609015,20.357204,16.327827,15.979316,13.383356,13.059314,12.371036,16.095985,18.291677,18.160618,20.068003,19.36135,23.537827,20.59863,28.578213,23.9691,30.984325,29.586096,31.587206,34.640934,32.324783,31.314102,27.66379,25.245352,28.503345,24.813396,28.983814,27.624035,23.037178,26.14534,21.890808,24.539103,23.113441,24.911297,28.14455,28.972181,33.47592,35.056416,36.169277,32.331295,33.064507,34.417538,39.198418,38.274452,34.779392,32.696796,37.64753,37.53646,41.264942,37.28249,33.9126,39.36584,35.82933,32.564095,33.921074,33.31759,31.778494,27.524397,28.343874,23.14631,23.696932,21.185736,17.68472,18.97309,14.3773,13.825413,17.379826,14.014916,14.541211,18.497688,20.781996,19.925934,20.608114,23.431683,25.751278,27.70474,27.96512,33.026554,35.44172,37.604717,40.90939,42.628166,42.073444,39.364845,37.017006,32.98166,32.894096,28.446898
3,9.182526,5.9377375,5.007574,0.0,3.7438931,6.5938873,7.251564,13.652524,15.54785,17.912178,22.40533,21.721416,26.758953,26.602205,23.842928,21.299858,17.252274,16.619139,11.999276,12.975285,10.665762,11.521519,11.3551035,13.919913,15.896755,15.059778,16.418663,15.081875,19.162268,15.860596,23.85073,19.211226,26.208862,25.146494,26.955711,30.311327,28.052826,26.766537,23.184769,20.643173,23.593977,19.833857,24.047344,22.788305,18.244568,21.653114,17.583197,20.861893,20.082914,21.93216,24.879725,25.21761,29.655497,31.120283,32.038696,28.132652,28.706491,29.804226,34.73615,33.573284,30.027357,28.25644,33.426266,33.62864,37.23342,32.962246,30.022976,35.750988,32.249065,29.078672,30.959614,30.65077,29.239994,24.71083,26.36982,21.069458,22.135782,20.314938,16.963331,19.437302,14.681461,15.8759365,19.3037,15.493094,14.563993,18.46802,20.972591,18.852285,18.5624,22.20504,24.218283,25.563057,25.459661,30.803595,32.915806,34.87643,38.15407,39.568428,38.86598,36.331818,33.852154,29.685503,30.155357,25.21986
4,12.156772,8.344079,7.154169,3.7438931,0.0,6.137188,5.145293,10.925492,13.1943865,14.798604,19.555428,19.661846,24.04072,24.624653,21.698145,18.71449,14.668481,13.29683,9.249013,9.415676,7.76112,8.339197,9.24749,11.531729,12.932762,12.533711,13.372422,12.408581,16.419844,13.732526,21.777113,17.59236,24.80541,24.008743,26.223253,29.68905,27.938528,26.640896,22.77265,19.894016,22.762026,18.673449,22.52677,20.859608,16.571741,19.257874,15.653031,18.26845,17.65367,18.887846,21.929348,22.239202,26.880754,28.152517,29.460701,25.716965,26.07096,27.452124,32.182526,31.284697,27.84878,25.571772,30.494787,30.44178,34.14357,30.187126,26.837162,32.419926,29.030056,25.772877,27.577835,27.07935,25.80986,21.248947,22.986588,17.532476,19.049944,17.150536,14.12107,17.171934,12.070525,14.283635,17.140762,13.121085,11.447715,15.222896,17.767382,15.361237,14.829925,18.553068,20.588581,21.879942,21.7441,27.081589,29.211044,31.218487,34.502518,35.986588,35.372005,32.79779,30.420649,26.226593,26.655083,21.80604
5,13.955131,11.357019,7.5854497,6.5938873,6.137188,0.0,6.676292,9.178095,12.154381,14.626715,18.863451,18.58512,23.847322,24.337524,22.666271,20.101593,16.567245,16.021315,12.304551,13.563546,13.323758,12.864149,14.507292,17.245693,18.154173,18.227533,18.118294,16.852057,19.864473,16.969984,23.867365,19.14686,25.9554,23.827963,26.540152,29.050413,27.291683,26.85759,22.669523,20.22131,24.407894,21.224659,25.0074,24.142841,20.812433,23.427753,20.868786,23.500246,23.312937,23.825937,26.842094,26.667774,31.542088,32.1635,33.97879,30.425627,29.949272,31.03808,35.812527,34.278526,30.533472,28.581968,33.25119,33.14436,36.45955,32.175945,28.990559,34.18271,29.993128,26.909103,27.843994,27.78515,25.675846,21.701744,22.214195,17.613966,17.225554,15.609344,11.773852,13.6474495,10.079683,11.357838,15.77442,13.319653,12.092366,15.57727,19.16688,18.334284,17.3623,20.568468,23.429552,24.779657,23.963871,29.4278,31.129745,33.677494,36.888866,38.26518,38.331615,35.872345,33.946438,29.469015,30.316612,25.564062
6,16.43178,12.9451475,11.349632,7.251564,5.145293,6.676292,0.0,7.6988096,8.4943075,11.080278,15.299427,14.663179,19.512009,19.605791,16.985355,14.3404255,10.464269,10.571325,5.9065766,9.364178,9.919768,11.015713,13.096061,14.059404,14.485817,13.730987,12.697022,10.652474,13.502199,10.309474,17.563816,13.035379,20.153631,18.998476,21.483397,24.770039,23.290092,22.205927,18.084284,15.1486025,18.529942,14.861162,18.570675,17.492622,14.231594,16.926386,14.791039,17.911066,18.562431,19.056938,21.632591,20.903786,25.632576,26.200912,27.741455,24.14218,23.5719,24.483643,29.381874,27.793354,24.080894,22.281988,27.260225,27.512072,30.816122,26.31808,23.530134,29.189878,25.32239,22.278244,24.212206,24.360483,22.764917,18.223322,20.371622,15.415886,16.572386,15.883132,12.954364,16.712305,12.69499,16.04758,19.223469,15.876075,13.084585,16.21293,19.426825,16.641289,14.498626,18.794298,20.90264,21.399239,20.299261,26.001993,27.433083,29.535686,32.715244,33.7543,33.435932,31.163939,28.974928,24.437376,25.876232,20.555994
7,22.327274,18.93625,16.066315,13.652524,10.925492,9.178095,7.6988096,0.0,4.979012,5.7992907,9.966745,11.4276705,15.323507,17.390287,16.169737,13.193803,10.764693,10.120623,9.154947,10.971666,13.915863,13.337965,16.921469,17.910479,17.017607,17.595264,15.051074,13.932692,14.85838,13.491163,18.270327,14.798065,21.049086,19.08174,22.799112,25.081087,24.723934,24.55487,19.925564,17.11009,21.284891,18.348854,20.812643,19.858692,18.45418,19.319128,19.25325,20.754581,21.88763,20.571665,23.071135,21.892094,26.915724,26.389454,29.174423,26.307617,24.512863,25.660498,29.906685,28.292744,24.691658,22.245329,26.082962,25.6634,28.632135,24.638485,21.165709,25.800442,21.257992,18.283684,18.796928,19.084047,16.685171,12.900413,13.564741,9.539603,9.094363,9.207231,6.5852485,10.868196,8.9303665,13.483614,16.258108,14.581345,11.050829,12.668115,16.822174,15.442786,12.288813,15.691603,18.651936,18.99465,16.938356,22.541914,23.40464,26.226448,29.256273,30.307592,30.986076,28.816444,27.452238,22.739027,24.495718,19.854675
8,24.665466,21.287952,18.97208,15.54785,13.1943865,12.154381,8.4943075,4.979012,0.0,5.0269694,7.3665447,6.8319583,11.787497,12.65195,11.574431,9.287602,7.47484,9.343482,8.182397,12.520669,15.7275715,16.191372,19.569756,19.644297,18.599564,18.398966,15.033129,12.938069,12.618204,10.841302,14.080719,10.45916,16.238218,14.133276,17.944592,20.242582,20.139486,19.975327,15.34085,12.537221,16.82309,14.506165,16.633446,16.386366,16.031126,17.043772,18.055147,20.236576,22.274101,20.97795,22.8635,20.81695,25.554588,24.614302,27.16815,24.381079,21.99055,22.493704,26.942936,24.601175,20.76792,19.138752,23.21221,23.396872,25.908655,21.156109,18.729881,23.689575,18.850264,16.242023,17.509201,18.678474,16.287651,12.443334,14.455039,11.32926,11.23924,12.92015,11.128653,15.336922,13.899486,18.39887,21.201767,19.30212,15.54508,16.990614,20.84409,18.490396,14.511999,18.487589,20.844011,20.313166,17.637161,23.347538,23.529182,26.046915,28.908888,29.377674,29.998384,28.214088,26.803076,21.959515,24.695974,19.560066
9,26.852716,23.133516,20.978416,17.912178,14.798604,14.626715,11.080278,5.7992907,5.0269694,0.0,5.1517,8.76764,10.270237,13.723105,12.223334,8.81135,7.7523637,7.1074567,9.030237,10.967714,15.182873,15.053645,18.975178,18.622526,16.78534,17.339006,13.411079,12.4626875,11.542971,11.758924,14.487158,12.639416,18.064909,16.982576,20.933367,23.385563,23.945091,23.586002,19.11712,16.137415,19.414167,16.602596,17.877878,16.678701,16.695395,16.171541,17.877691,18.57188,20.63363,18.324692,20.1647,18.21806,23.065294,21.815765,25.062637,22.723303,20.141527,21.315022,25.111849,23.589743,20.252687,17.417103,20.690794,20.156153,22.953768,19.189999,15.543174,20.039244,15.481978,12.500202,13.398653,13.9802,11.849986,7.674735,10.036384,6.5943065,7.994133,9.8322525,9.572224,14.315519,12.9121475,18.090431,19.630493,17.911356,13.707546,14.120696,17.629536,15.24451,10.745212,14.322688,16.609724,15.845412,12.886817,18.496851,18.6723,21.376389,24.262358,24.969143,25.797121,23.891386,22.762531,17.967787,20.53019,15.915956
10,31.49142,27.879827,25.639885,22.40533,19.555428,18.863451,15.299427,9.966745,7.3665447,5.1517,0.0,6.14653,5.637865,10.110401,10.219587,8.1003065,9.430407,10.613236,12.903265,15.690094,20.006617,20.10146,23.996,23.284155,21.224953,21.56035,17.101418,15.830515,13.4101305,14.021991,13.597818,12.823698,16.30592,14.864194,19.184002,20.865765,22.292662,22.426369,18.15885,15.670929,18.913567,17.280293,17.488655,17.11952,18.77349,17.750326,20.862223,21.553724,24.290562,21.582819,22.760529,20.017357,24.375965,22.23169,25.726305,23.950256,20.35965,20.936918,24.32293,22.118011,18.84451,16.669193,19.126003,18.82076,20.696796,16.6307,13.941223,17.682396,12.312243,10.13358,10.580001,12.582518,9.850079,7.1556234,9.575829,9.209775,9.247421,12.777248,13.219231,17.314062,17.268942,22.271038,23.833113,22.680153,18.528631,18.403381,21.83413,19.626537,14.836728,17.878939,19.852077,18.349792,14.598022,19.593626,18.610098,21.302279,23.749428,23.782677,25.19615,23.859163,23.259594,18.573471,22.108692,17.826466
11,30.825523,27.567497,25.445612,21.721416,19.661846,18.58512,14.663179,11.4276705,6.8319583,8.76764,6.14653,0.0,7.244767,6.3010526,7.678702,7.847774,9.146703,12.961369,13.006207,17.972782,21.531199,22.379292,25.76352,25.122208,23.694124,23.158098,18.990475,16.534084,14.207249,13.065506,11.725302,9.509589,12.196552,9.31556,13.782593,15.130926,16.280222,16.744957,12.415868,10.397014,14.555686,14.146432,14.704509,15.796684,17.735111,18.12534,21.01478,23.227304,26.211061,24.460806,25.492231,22.41961,26.505386,24.59106,27.204216,25.03873,21.475111,21.050383,25.147781,21.74717,17.881588,17.513565,20.91179,21.685816,23.060652,17.619783,16.916945,21.283825,15.908753,14.39304,15.771388,18.296728,15.724167,13.088899,15.580774,14.687405,14.116324,17.354048,16.536932,20.363,20.117256,24.641294,27.284061,25.784487,21.856565,22.658571,26.362448,23.786333,19.176128,22.924831,24.828365,23.376337,19.883333,25.093052,24.109943,26.401426,28.779057,28.404448,29.436201,28.339563,27.35426,22.641262,26.540485,21.561573
12,35.928783,32.284737,30.445131,26.758953,24.04072,23.847322,19.512009,15.323507,11.787497,10.270237,5.637865,7.244767,0.0,6.835935,7.978981,7.7955837,11.180516,13.509424,16.149723,19.483902,23.802324,24.41479,28.131382,26.707874,24.443754,24.360931,19.476496,17.96418,14.211989,15.4457445,11.644033,12.84132,13.724536,13.09015,17.151823,18.527475,20.92464,21.05419,17.48656,15.492711,17.590168,17.016624,15.787855,16.053452,19.377083,17.698368,22.18889,22.820627,26.275894,23.379282,23.71166,20.179087,23.722986,20.809042,24.223291,23.08314,18.630411,18.488226,21.322699,18.480436,15.498234,14.191578,15.7775345,16.05023,16.85895,12.307428,11.339262,14.524696,8.898644,8.149242,9.551096,12.771803,10.813037,9.488372,12.840407,13.705791,14.277187,18.030483,18.820864,22.841047,22.842083,27.896269,29.297913,27.998034,23.73495,23.452059,26.466082,23.690084,18.695343,21.687256,22.913927,20.60547,16.557903,20.772139,18.816612,20.903362,22.827578,21.995512,23.51809,22.876959,22.546888,18.213676,22.715385,18.671423
13,35.63579,32.3356,30.7637,26.602205,24.624653,24.337524,19.605791,17.390287,12.65195,13.723105,10.110401,6.3010526,6.835935,0.0,5.3069725,8.445803,11.603845,16.070227,16.7402,21.891048,25.471205,26.82881,30.027807,28.593206,26.943281,25.983418,21.443129,18.830727,15.237742,14.810583,9.483932,9.827428,8.307572,6.6016426,10.613722,11.716075,14.283036,14.594693,11.477248,10.330445,12.486301,13.671982,12.357248,14.463277,18.262436,18.036234,22.282366,24.449127,28.135017,26.269371,26.449842,22.654148,25.819027,23.297358,25.56034,23.995373,19.713837,18.344208,21.979776,17.691345,14.0370655,15.18655,17.96932,19.565125,19.874031,13.803048,15.333001,19.267382,14.340547,14.032209,16.282269,19.46287,17.616154,15.696028,19.105022,18.992998,19.18544,22.704926,22.421314,26.394753,26.036572,30.757118,33.094086,31.362213,27.240086,27.82618,31.113008,27.890907,23.03117,26.791023,27.991856,25.808514,22.111446,26.693436,24.98435,26.631222,28.53926,27.392082,28.314749,27.86808,27.015638,22.719553,27.411976,22.622292
14,32.762825,29.25868,28.314133,23.842928,21.698145,22.666271,16.985355,16.169737,11.574431,12.223334,10.219587,7.678702,7.978981,5.3069725,0.0,4.2883058,7.547934,12.221555,12.99814,18.084738,21.462433,23.231728,26.157173,24.228262,22.586523,21.327654,16.799032,14.09937,10.247949,10.122784,4.4404664,5.8661814,6.4237566,7.7625866,10.79037,14.001844,15.614953,14.560479,11.412372,9.093699,9.772175,9.422226,7.996747,9.29457,13.160542,12.756716,17.144873,19.357147,23.163784,21.561258,21.608208,17.817049,20.99092,18.922924,20.8407,18.930422,15.006035,13.839738,18.08629,14.266452,10.266905,10.875839,14.876565,16.648554,17.862514,11.675934,12.592831,17.811283,13.73207,12.640938,16.181368,18.553009,17.524029,14.462212,18.988497,17.536053,19.162262,21.931974,21.600468,26.131485,24.619717,29.549683,31.552477,29.12916,24.927198,25.764246,28.60085,24.625214,19.904432,24.055656,24.78543,22.5406,19.292118,24.050686,22.883284,24.135534,26.308083,25.428652,25.582209,24.864233,23.445068,19.109814,23.638163,18.4534
15,30.27521,26.546425,25.590706,21.299858,18.71449,20.101593,14.3404255,13.193803,9.287602,8.81135,8.1003065,7.847774,7.7955837,8.445803,4.2883058,0.0,4.1545796,8.034168,9.759702,14.089258,17.796343,19.32179,22.449886,20.535406,18.67593,17.782072,13.069178,10.796077,7.0298524,7.7838955,5.7921743,6.3703513,10.1986685,11.3112335,14.465288,17.873133,18.98048,17.783688,14.165165,11.193266,12.299182,10.063659,9.7021475,9.051487,11.610964,10.628474,14.652729,16.2313,19.789474,17.878643,18.310154,14.869381,18.727531,16.973722,19.390606,17.222105,13.722365,13.694224,17.957563,15.374808,11.683159,10.153443,14.400069,15.359014,17.56474,12.291017,10.990368,16.701227,12.727394,10.634787,14.236462,15.870675,15.030918,11.202267,16.035444,13.782753,16.168537,18.455486,18.294731,23.060186,21.110884,26.205366,27.81112,25.260204,20.991611,21.731325,24.398977,20.347246,15.623127,19.825068,20.58263,18.505075,15.406533,20.480642,19.80719,21.267765,23.766684,23.420046,23.474949,22.29421,20.722227,16.104666,20.202139,14.863899
16,26.165432,22.411995,21.609015,17.252274,14.668481,16.567245,10.464269,10.764693,7.47484,7.7523637,9.430407,9.146703,11.180516,11.603845,7.547934,4.1545796,0.0,5.4414444,5.6301866,10.666875,13.990028,15.713693,18.648466,17.000204,15.5418415,14.477833,10.217418,7.498878,5.4923506,4.6002755,7.9015546,5.897469,12.199784,12.909104,15.757387,19.553219,19.744812,18.282557,14.394349,11.021982,12.635722,9.119361,10.543994,9.205894,9.452421,9.7182665,11.986949,14.215935,17.224882,15.992485,17.07443,14.378831,18.739204,17.946384,19.977884,17.11398,14.779537,15.245401,19.934565,17.90758,14.210109,12.345456,17.199484,17.910604,20.74905,15.881963,13.810137,19.765135,16.092781,13.4610615,16.745134,17.66688,16.774446,12.254716,16.702467,13.092091,15.728157,17.126835,16.325993,21.179104,18.42175,23.332272,25.142105,22.16738,18.060358,19.398508,22.09443,17.900007,13.595454,18.235727,19.208258,17.766933,15.336554,20.850534,21.015862,22.582195,25.402857,25.580357,25.288654,23.65748,21.677145,16.98368,20.21758,14.50919
17,25.113672,21.064886,20.357204,16.619139,13.29683,16.021315,10.571325,10.120623,9.343482,7.1074567,10.613236,12.961369,13.509424,16.070227,12.221555,8.034168,5.4414444,0.0,5.479531,6.289001,10.551002,11.609541,14.985198,13.19959,11.087306,11.031236,6.508827,5.924815,5.6326675,7.2288566,12.125474,11.193854,17.328539,18.270468,21.178389,24.941437,25.14279,23.646584,19.748905,16.342882,17.696653,13.52965,14.875578,12.176968,11.046955,9.946439,11.183516,11.479501,13.785974,11.7868805,13.5498495,11.829526,16.809692,16.490675,19.113062,16.32541,14.799498,16.575369,20.58883,20.040506,17.067078,13.478248,17.62957,17.284473,20.94729,17.550432,13.572708,19.179827,16.25347,12.982175,15.834522,15.483799,15.199407,10.266581,14.575784,9.826042,13.932261,14.214158,14.008036,19.00779,15.536545,20.643385,21.450191,18.252405,14.032501,15.00266,17.120808,12.592551,8.299737,13.029777,13.87245,12.770698,10.965121,16.61175,17.629374,19.321918,22.432016,23.324903,22.883932,20.71247,18.639631,13.971177,16.126726,10.627785
18,20.749168,16.892015,16.327827,11.999276,9.249013,12.304551,5.9065766,9.154947,8.182397,9.030237,12.903265,13.006207,16.149723,16.7402,12.99814,9.759702,5.6301866,5.479531,0.0,6.6772795,8.952172,10.895857,13.472961,12.486372,11.824958,10.702708,7.946072,5.346658,7.6123633,5.212241,12.787582,9.546305,16.717054,16.993876,19.436134,23.362406,22.62385,21.001093,17.076212,13.690554,15.672379,11.305972,14.239816,12.330038,9.53966,11.240239,10.297608,13.012286,14.699823,14.544753,16.605429,15.29135,19.985798,20.353136,21.968939,18.510967,17.694408,18.77191,23.54708,22.276382,18.790354,16.534098,21.550802,21.873354,25.292873,21.003895,18.151844,24.068676,20.752432,17.707277,20.487186,20.576029,19.697563,14.840237,18.411627,13.4509945,16.209217,16.158941,14.52513,19.20123,15.225359,19.656422,21.628643,18.033049,14.35434,16.60207,19.183834,15.014874,11.834381,16.677368,17.941675,17.561853,16.238373,21.895466,23.09092,24.763063,27.874338,28.695297,28.07402,25.939898,23.607635,19.080154,20.987637,15.3424425
19,20.389214,16.239153,15.979316,12.975285,9.415676,13.563546,9.364178,10.971666,12.520669,10.967714,15.690094,17.972782,19.483902,21.891048,18.084738,14.089258,10.666875,6.289001,6.6772795,0.0,4.738854,5.378748,8.77527,7.665672,6.146863,6.9846187,5.4445014,6.7543845,10.10369,10.434812,17.580738,15.708907,22.535526,23.247438,25.84136,29.77538,29.259066,27.595587,23.715145,20.305843,21.81435,17.093395,19.440594,16.409763,13.078865,13.065292,11.068409,11.019801,11.135152,10.391366,13.446921,13.768639,18.690533,19.693686,21.756105,18.550777,18.696419,20.964462,24.894262,25.104935,22.361086,18.642841,22.803165,22.126106,26.218582,23.431402,19.047909,24.341072,21.946886,18.526299,20.773056,19.553755,19.403013,14.63867,17.61265,11.846618,15.889016,14.297887,13.438592,17.917587,12.944045,17.32335,17.73904,13.625671,10.020722,11.977153,13.436264,8.65156,6.7478,11.280048,12.305909,12.876688,12.970377,18.13322,20.417046,22.069801,25.36124,26.976782,26.134335,23.465841,21.07976,17.012953,17.250877,12.503102
20,16.677017,12.55465,13.383356,10.665762,7.76112,13.323758,9.919768,13.915863,15.7275715,15.182873,20.006617,21.531199,23.802324,25.471205,21.462433,17.796343,13.990028,10.551002,8.952172,4.738854,0.0,3.702178,4.742539,4.215,5.2439437,5.236202,7.3836746,8.484905,13.066788,12.401726,20.466724,18.05936,25.068504,25.859396,27.93663,32.11228,31.00807,29.068518,25.468132,22.17309,23.427258,18.503874,21.472048,18.443985,13.855904,14.982662,10.906586,11.611704,10.246518,11.535469,14.781376,16.009596,20.438574,22.320059,23.54405,19.968674,21.187468,23.381433,27.477161,27.855703,25.16015,21.827868,26.341093,25.890865,30.080626,27.22268,23.170958,28.626396,26.48369,23.105303,25.502926,24.205614,24.11512,19.372114,22.114779,16.267132,19.889181,17.757162,16.27613,20.15332,14.524603,17.790026,18.387573,13.606652,11.232436,14.05139,14.898055,10.450443,10.589787,14.342072,15.072475,16.253191,17.152504,21.855558,24.53352,25.89961,29.178827,30.932514,29.662594,26.906641,24.20143,20.567318,20.138683,15.704644
21,17.084682,13.068197,13.059314,11.521519,8.339197,12.864149,11.015713,13.337965,16.191372,15.053645,20.10146,22.379292,24.41479,26.82881,23.231728,19.32179,15.713693,11.609541,10.895857,5.378748,3.702178,0.0,4.2338195,5.8472366,6.1377916,7.974605,9.576115,11.2525625,15.283395,15.054407,22.754356,20.377337,27.436552,27.812653,30.308279,34.177456,33.23402,31.612051,27.73197,24.429342,26.215387,21.432184,24.254185,21.25639,17.130436,17.700539,14.280443,14.052275,12.384817,12.722555,16.248734,17.756067,22.345404,23.967861,25.746468,22.471544,23.40486,25.84657,29.65751,30.2051,27.550323,23.82099,27.874306,26.975857,31.214748,28.74323,24.137075,29.131338,26.888863,23.413902,25.13897,23.497889,23.281397,18.835377,20.731184,14.880284,18.294125,15.495241,14.180673,17.635563,11.859221,14.9205265,14.912608,10.097,7.943735,10.768652,11.462135,7.8188453,9.060291,11.987807,13.287182,15.1971855,16.361423,20.846216,23.78766,25.495327,28.800177,30.863241,29.935139,27.019299,24.63315,21.058723,20.132977,16.350922
22,14.8000765,11.013616,12.371036,11.3551035,9.24749,14.507292,13.096061,16.921469,19.569756,18.975178,23.996,25.76352,28.131382,30.027807,26.157173,22.449886,18.648466,14.985198,13.472961,8.77527,4.742539,4.2338195,0.0,4.5880947,7.033481,8.028311,11.55111,13.12866,17.716759,17.07965,25.203964,22.674816,29.73689,30.354073,32.40301,36.512653,35.1835,33.28627,29.707718,26.498465,27.887035,22.979425,26.09304,23.027176,18.174276,19.328995,14.713312,14.815741,12.147874,13.949451,17.390423,19.501942,23.605478,25.894503,26.992098,23.513792,25.27112,27.67959,31.537128,32.298893,29.761326,26.269995,30.557951,29.845522,34.17524,31.70603,27.351343,32.511585,30.572645,27.13278,29.1462,27.457458,27.420013,22.918724,24.958902,19.10868,22.448298,19.526316,17.957615,20.985289,15.060452,17.085836,17.11555,12.067587,11.234432,14.227349,14.202372,10.877007,12.952922,15.474344,16.221468,18.276001,19.947481,24.052168,27.2258,28.595314,31.86112,33.985302,32.63954,29.690527,27.022799,23.825106,22.47046,18.901503
23,18.202461,14.346376,16.095985,13.919913,11.531729,17.245693,14.059404,17.910479,19.644297,18.622526,23.284155,25.122208,26.707874,28.593206,24.228262,20.535406,17.000204,13.19959,12.486372,7.665672,4.215,5.8472366,4.5880947,0.0,3.5135067,3.8089101,8.197682,10.384712,14.839696,14.95658,22.666101,20.971252,27.651539,29.06791,30.868454,35.311375,34.257496,32.01998,28.706476,25.405466,25.91394,20.821392,23.455107,19.94994,15.163683,15.69696,11.0424185,10.41361,7.567001,9.836359,13.094015,15.388873,19.216278,21.793549,22.600355,19.14738,21.296621,23.858418,27.49538,28.656048,26.459017,22.81896,27.03831,26.425758,30.823256,28.625965,24.406866,29.652231,28.293074,24.962015,27.565548,25.846928,26.34841,21.732632,24.669815,18.900711,23.06872,20.707905,19.697863,23.418343,17.691673,20.626606,20.37456,15.449249,13.647006,15.9754,15.61076,10.774517,12.088975,15.07199,14.843683,16.178802,17.989761,21.890366,24.98402,25.859173,29.055603,31.020737,29.250559,26.389936,23.448273,20.482159,19.175528,15.46593
24,21.186306,17.190567,18.291677,15.896755,12.932762,18.154173,14.485817,17.017607,18.599564,16.78534,21.224953,23.694124,24.443754,26.943281,22.586523,18.67593,15.5418415,11.087306,11.824958,6.146863,5.2439437,6.1377916,7.033481,3.5135067,0.0,3.6489735,6.0929084,9.256656,12.979144,14.119281,21.120226,20.088394,26.534811,28.13603,30.208754,34.5802,33.96781,31.822786,28.388077,24.988867,25.41842,20.359493,22.443369,18.698843,14.669268,14.077382,10.67811,8.655771,6.490024,6.9604874,10.472275,12.712259,16.830477,19.05789,20.430376,17.29231,19.024946,21.878141,25.191893,26.602718,24.585676,20.46079,24.269382,23.36751,27.826622,26.025198,21.436445,26.43878,25.299791,21.972624,24.53612,22.634315,23.409388,18.91199,22.03496,16.439335,21.087227,18.945635,18.5482,22.566748,17.172163,20.762182,20.059772,15.451334,12.9579935,14.556892,14.048098,8.494919,9.285165,12.307423,11.712971,12.741748,14.602225,18.414158,21.49542,22.350515,25.553358,27.553377,25.870785,22.976398,20.133787,17.121246,15.782869,12.128732
25,20.440584,16.504002,18.160618,15.059778,12.533711,18.227533,13.730987,17.595264,18.398966,17.339006,21.56035,23.158098,24.360931,25.983418,21.327654,17.782072,14.477833,11.031236,10.702708,6.9846187,5.236202,7.974605,8.028311,3.8089101,3.6489735,0.0,5.089808,7.2970724,11.555506,12.073394,19.373545,18.205015,24.541939,26.454739,28.07114,32.686398,31.843056,29.421272,26.300093,22.979937,22.917366,17.78635,20.075455,16.37893,11.750815,11.954558,7.4524083,6.873485,5.1221,7.5194125,10.361101,12.0878725,15.941464,18.472095,19.09831,15.513216,17.619267,20.094137,23.81947,24.923124,22.80084,19.257431,23.641214,23.306303,27.629536,25.283493,21.419895,26.900837,25.709324,22.516743,25.63533,24.186913,24.881357,20.157242,23.834171,18.265615,22.752434,21.076944,20.282629,24.516739,19.109426,22.717573,22.725288,17.991674,15.4255905,17.46313,17.45873,11.943087,11.8332,15.490138,14.878091,15.292822,16.627766,20.704178,23.394987,24.005527,27.143553,28.772013,26.8282,24.163712,21.053133,17.956047,17.33511,12.984738
26,23.45788,19.367933,20.068003,16.418663,13.372422,18.118294,12.697022,15.051074,15.033129,13.411079,17.101418,18.990475,19.476496,21.443129,16.799032,13.069178,10.217418,6.508827,7.946072,5.4445014,7.3836746,9.576115,11.55111,8.197682,6.0929084,5.089808,0.0,3.867262,6.912328,8.690722,15.067866,14.558088,20.633373,22.643217,24.626293,29.082535,28.791092,26.56853,23.263992,19.856245,19.854069,14.896471,16.532326,12.758568,9.470921,8.358851,6.6799517,5.789523,7.34309,6.662646,8.939418,8.9096575,13.608662,15.060194,16.541883,13.178571,13.900533,16.356476,20.183167,20.902662,18.612785,14.761537,19.124662,18.803854,23.017155,20.44681,16.506098,22.14007,20.688477,17.530703,20.867825,19.738144,20.420498,15.659477,19.913954,14.731096,19.442335,18.607538,18.268448,22.983316,18.29698,22.76569,22.935268,18.759256,15.241887,16.670374,17.359308,11.660677,9.463294,13.816226,13.336552,12.707875,12.93813,17.57124,19.61345,20.388033,23.528059,24.809155,23.226322,20.756023,17.855217,14.085688,14.705868,9.384921
27,22.74448,18.77727,19.36135,15.081875,12.408581,16.852057,10.652474,13.932692,12.938069,12.4626875,15.830515,16.534084,17.96418,18.830727,14.09937,10.796077,7.498878,5.924815,5.346658,6.7543845,8.484905,11.2525625,13.12866,10.384712,9.256656,7.2970724,3.867262,0.0,4.948561,4.9672933,12.296156,11.032758,17.373913,19.264858,21.043028,25.5799,25.076448,22.7936,19.541506,16.16028,16.207067,11.209679,13.347248,10.03666,6.3908567,6.968403,5.489001,7.7907095,10.075856,10.211863,11.818177,10.659965,15.098698,16.151247,17.230951,13.575956,13.703267,15.30572,19.864069,19.564383,16.712069,13.840683,18.94373,19.302069,23.104935,19.50166,16.528374,22.610435,20.521666,17.540142,21.137373,20.739082,20.907356,16.026743,20.478235,15.501002,19.528954,19.27475,18.402822,23.211618,18.791838,23.271727,24.30739,20.232597,16.617313,18.471827,19.930265,14.633539,11.837112,16.58365,16.632368,15.793222,15.185393,20.242022,21.707235,22.613194,25.666853,26.510098,25.115986,22.957767,20.141212,16.068907,17.678452,11.9423275
28,27.329683,23.396328,23.537827,19.162268,16.419844,19.864473,13.502199,14.85838,12.618204,11.542971,13.4101305,14.207249,14.211989,15.237742,10.247949,7.0298524,5.4923506,5.6326675,7.6123633,10.10369,13.066788,15.283395,17.716759,14.839696,12.979144,11.555506,6.912328,4.948561,0.0,4.828071,8.21859,8.923185,14.061158,16.598452,18.562302,22.979582,23.267975,21.096304,17.975737,14.684471,14.161855,9.809706,10.323771,6.853902,6.6859436,4.634822,8.0755005,9.26726,12.932024,11.605744,12.049709,9.144591,13.380003,13.142682,14.812806,11.773558,10.132377,11.412821,15.967244,15.207967,12.277953,9.184043,14.353104,15.021243,18.502249,14.571981,12.027763,18.28991,16.19587,13.541597,17.701342,17.840797,18.20239,13.641302,18.828747,14.900241,18.946383,19.729137,19.500128,24.49912,20.979618,25.934937,26.873379,23.341812,19.294884,20.41436,22.0582,16.872879,12.998475,17.534288,17.362967,15.4980345,13.851962,18.749891,19.297556,20.043777,22.85523,23.134932,21.964188,20.24277,17.706228,13.39918,16.394934,10.5126
29,24.155777,20.472317,20.59863,15.860596,13.732526,16.969984,10.309474,13.491163,10.841302,11.758924,14.021991,13.065506,15.4457445,14.810583,10.122784,7.7838955,4.6002755,7.2288566,5.212241,10.434812,12.401726,15.054407,17.07965,14.95658,14.119281,12.073394,8.690722,4.9672933,4.828071,0.0,8.504182,6.138995,12.736411,14.431175,16.104551,20.647148,20.13366,17.895416,14.620659,11.253054,11.479676,6.7104487,9.283691,7.24108,5.1971555,7.4037395,8.127323,11.807478,14.71836,14.748628,15.738197,13.438744,17.431368,17.63025,18.566229,15.076525,13.972601,14.3450365,19.478867,17.749294,14.189447,12.789751,18.353125,19.460358,22.548714,17.75589,16.146616,22.425337,19.57051,17.001724,20.761137,21.320742,20.91072,16.227285,20.805721,16.572226,19.638752,20.343733,19.157337,23.957994,20.315691,24.8513,26.706158,23.054502,19.288687,21.204618,23.423534,18.620636,15.096353,19.955475,20.439732,19.210335,17.62728,22.929897,23.590895,24.65,27.513575,27.78158,26.764679,25.047802,22.511866,18.182573,20.919777,15.005482
30,32.359676,28.803074,28.578213,23.85073,21.777113,23.867365,17.563816,18.270327,14.080719,14.487158,13.597818,11.725302,11.644033,9.483932,4.4404664,5.7921743,7.9015546,12.125474,12.787582,17.580738,20.466724,22.754356,25.203964,22.666101,21.120226,19.373545,15.067866,12.296156,8.21859,8.504182,0.0,5.6755786,6.276222,10.130505,11.559178,15.853596,16.980574,14.909068,12.565567,10.1027975,8.325143,6.9753394,4.4038305,5.0604353,9.889483,9.276202,14.095665,16.492094,20.553522,19.403555,19.003725,15.10237,17.741821,16.117048,17.23548,15.121973,11.558804,10.048598,14.855095,11.206303,7.0455146,8.11031,13.150026,15.432469,17.028978,10.996461,12.255566,18.040485,15.214971,14.013162,18.37051,20.155916,19.919724,16.4367,21.564344,19.368576,21.959373,24.152073,23.802555,28.5877,26.253622,31.199036,32.938175,29.947714,25.792187,26.836887,29.162489,24.4999,20.090254,24.438206,24.563807,22.187544,19.497824,24.024973,23.199244,23.841242,26.025818,25.161142,24.525913,23.801323,21.88024,17.86656,22.26812,16.932137
31,27.786377,24.470467,23.9691,19.211226,17.59236,19.14686,13.035379,14.798065,10.45916,12.639416,12.823698,9.509589,12.84132,9.827428,5.8661814,6.3703513,5.897469,11.193854,9.546305,15.708907,18.05936,20.377337,22.674816,20.971252,20.088394,18.205015,14.558088,11.032758,8.923185,6.138995,5.6755786,0.0,7.264428,8.313475,10.206466,14.551888,14.417377,12.532244,9.067513,5.79623,6.86397,4.6624823,6.427683,7.6740665,9.271438,11.212188,13.663327,17.360106,20.682838,20.303501,20.834965,17.705915,21.163717,20.326746,21.344606,18.448997,15.9642315,14.983633,20.126846,16.722624,12.547813,13.201562,18.451704,20.247564,22.23842,16.295767,16.4998,22.413149,18.726107,16.92887,20.519573,22.203941,21.156586,17.177162,21.550714,18.619705,20.427011,22.281244,21.03608,25.586369,23.124552,27.643938,30.134134,27.120255,23.247623,24.948414,27.796385,23.553404,19.432804,24.120802,24.961828,23.342697,20.850607,26.117256,25.853115,27.078226,29.62294,29.237741,28.788803,27.614552,25.559618,21.146845,24.884418,19.12605
32,34.55902,31.437344,30.984325,26.208862,24.80541,25.9554,20.153631,21.049086,16.238218,18.064909,16.30592,12.196552,13.724536,8.307572,6.4237566,10.1986685,12.199784,17.328539,16.717054,22.535526,25.068504,27.436552,29.73689,27.651539,26.534811,24.541939,20.633373,17.373913,14.061158,12.736411,6.276222,7.264428,0.0,5.6266494,5.610296,9.9009905,11.320999,9.44445,8.139461,7.315871,5.165751,8.141445,5.806191,9.757748,14.037412,14.959029,18.903334,22.234203,26.13336,25.45792,25.12831,21.271133,23.543383,21.847858,22.455635,20.48536,17.028769,14.558441,18.985943,14.023254,10.049642,13.50143,17.68815,20.433392,20.95972,14.398915,17.323805,22.321743,18.957695,18.456966,22.195612,24.71535,23.819777,20.876623,25.36248,23.764875,25.195816,27.864868,27.051857,31.456053,29.71829,34.330196,36.81519,34.081806,30.072962,31.386139,34.207947,29.917553,25.472109,29.885857,30.40548,28.157948,25.217093,29.827124,28.655302,29.454374,31.428204,30.193827,29.89529,29.498558,27.814219,23.898989,28.47051,23.186653
33,33.628304,30.766464,29.586096,25.146494,24.008743,23.827963,18.998476,19.08174,14.133276,16.982576,14.864194,9.31556,13.09015,6.6016426,7.7625866,11.3112335,12.909104,18.270468,16.993876,23.247438,25.859396,27.812653,30.354073,29.06791,28.13603,26.454739,22.643217,19.264858,16.598452,14.431175,10.130505,8.313475,5.6266494,0.0,4.567226,6.685008,8.041608,8.074853,5.102087,5.276928,7.926587,10.8615055,10.563796,14.058324,17.148745,18.690336,21.843246,25.410646,28.924635,28.185032,28.461262,24.86509,27.847786,26.112076,27.280897,25.096195,21.634762,19.647606,24.068287,19.23983,15.227515,17.79423,21.7513,23.982767,24.508886,17.97756,20.130005,24.82658,20.402767,19.778482,22.515272,25.358358,23.571445,20.897388,24.402498,23.180735,23.359068,26.305119,25.091074,28.98151,28.003721,32.254738,35.32165,33.11108,29.28598,30.696398,34.097485,30.560617,26.082638,30.40528,31.62569,29.768244,26.555351,31.552074,30.36732,31.79986,33.902534,32.852795,33.160618,32.582314,31.162336,26.85654,31.290894,25.920588
34,34.89273,32.25509,31.587206,26.955711,26.223253,26.540152,21.483397,22.799112,17.944592,20.933367,19.184002,13.782593,17.151823,10.613722,10.79037,14.465288,15.757387,21.178389,19.436134,25.84136,27.93663,30.308279,32.40301,30.868454,30.208754,28.07114,24.626293,21.043028,18.562302,16.104551,11.559178,10.206466,5.610296,4.567226,0.0,5.278371,5.783528,4.368233,4.53729,6.385795,6.1729,10.799478,10.232309,14.464116,17.596199,19.680452,22.586977,26.65724,30.228565,30.03388,30.022682,26.403755,28.819798,27.37026,27.743834,25.534733,22.459995,19.902359,24.34647,19.186773,15.421641,19.097149,23.22971,25.96077,26.284037,19.684717,22.668205,27.467583,23.634552,23.178644,26.366686,29.130434,27.670792,24.845432,28.689981,27.16334,27.693184,30.425383,29.052639,33.010887,31.62586,35.75172,38.92345,36.37249,32.63741,34.307453,37.531006,33.614582,29.31098,33.82382,34.759834,32.82944,29.860483,34.75817,33.641357,34.708164,36.73297,35.517433,35.411903,34.98067,33.317867,29.271856,33.71708,28.269201
35,38.25206,35.812103,34.640934,30.311327,29.68905,29.050413,24.770039,25.081087,20.242582,23.385563,20.865765,15.130926,18.527475,11.716075,14.001844,17.873133,19.553219,24.941437,23.362406,29.77538,32.11228,34.177456,36.512653,35.311375,34.5802,32.686398,29.082535,25.5799,22.979582,20.647148,15.853596,14.551888,9.9009905,6.685008,5.278371,0.0,4.46744,6.6797996,7.433131,10.143021,11.444849,15.907972,15.245832,19.39943,22.671402,24.520414,27.596775,31.494179,35.06226,34.573196,34.644783,30.921185,33.424477,31.577856,32.30595,30.357681,26.879107,24.279297,28.298532,22.888004,19.367947,23.077873,26.518051,29.138765,28.89833,22.387104,25.676046,29.763136,25.508652,25.482876,27.962608,31.165146,29.253649,27.099556,30.267586,29.553478,29.190186,32.357693,31.001907,34.49924,33.950855,37.87091,41.30973,39.27034,35.595013,37.090218,40.632374,37.20967,32.75244,37.042393,38.289474,36.358063,33.053986,37.87911,36.395267,37.71104,39.564583,38.150337,38.555046,38.312485,37.01935,32.933144,37.575115,32.304676
36,35.43063,33.321278,32.324783,28.052826,27.938528,27.291683,23.290092,24.723934,20.139486,23.945091,22.292662,16.280222,20.92464,14.283036,15.614953,18.98048,19.744812,25.14279,22.62385,29.259066,31.00807,33.23402,35.1835,34.257496,33.96781,31.843056,28.791092,25.076448,23.267975,20.13366,16.980574,14.417377,11.320999,8.041608,5.783528,4.46744,0.0,3.980429,5.5821414,9.001805,10.809572,15.1236515,15.622834,19.72101,21.96277,24.729702,26.823938,31.317356,34.544365,34.650414,34.985874,31.59852,34.273468,32.98036,33.356285,30.94154,28.090687,25.624447,30.12471,24.936111,21.204922,24.750465,28.879143,31.48059,31.754688,25.154263,27.929531,32.590652,28.310007,27.814083,30.440132,33.343998,31.369957,28.691706,31.831995,30.413326,30.05948,32.78023,30.923435,34.3095,33.373703,36.921936,40.70777,38.449657,35.04876,36.984695,40.57046,37.138783,33.010303,37.508816,38.8702,37.268524,34.2731,39.41516,38.372753,39.74631,41.84832,40.719067,40.848186,40.327183,38.715534,34.498985,38.801296,33.242146
37,34.00073,31.785614,31.314102,26.766537,26.640896,26.85759,22.205927,24.55487,19.975327,23.586002,22.426369,16.744957,21.05419,14.594693,14.560479,17.783688,18.282557,23.646584,21.001093,27.595587,29.068518,31.612051,33.28627,32.01998,31.822786,29.421272,26.56853,22.7936,21.096304,17.895416,14.909068,12.532244,9.44445,8.074853,4.368233,6.6797996,3.980429,0.0,4.6893644,7.624774,7.59622,12.166419,12.72425,16.872911,18.971603,21.982086,23.896366,28.580278,31.827246,32.251064,32.417355,29.098349,31.503546,30.529388,30.454916,27.921446,25.459345,22.896734,27.557467,22.524038,18.839062,22.571938,27.05815,29.8362,30.358646,23.786036,26.595373,31.633137,27.815248,27.148659,30.322626,32.946632,31.378742,28.295748,31.98118,30.033333,30.395605,32.818916,30.991146,34.737175,33.1451,36.853046,40.414272,37.722385,34.276524,36.34497,39.636997,35.756767,31.76297,36.425873,37.468945,35.812996,33.09183,38.191177,37.3631,38.45185,40.604866,39.529373,39.232983,38.664948,36.782013,32.712265,36.89265,31.260862
38,30.985216,28.538673,27.66379,23.184769,22.77265,22.669523,18.084284,19.925564,15.34085,19.11712,18.15885,12.415868,17.48656,11.477248,11.412372,14.165165,14.394349,19.748905,17.076212,23.715145,25.468132,27.73197,29.707718,28.706476,28.388077,26.300093,23.263992,19.541506,17.975737,14.620659,12.565567,9.067513,8.139461,5.102087,4.53729,7.433131,5.5821414,4.6893644,0.0,3.4465048,6.862073,10.11518,11.437979,15.057424,16.791773,19.694582,21.529667,25.99872,29.114882,29.237745,29.756947,26.565783,29.571854,28.547182,29.079416,26.372084,23.766575,21.763298,26.64957,21.97236,17.910112,20.637968,25.294912,27.63391,28.570051,22.032305,23.911737,29.110498,24.867853,23.84905,26.74416,29.245451,27.448303,24.244799,27.681103,25.63576,25.818604,28.195036,26.328527,30.058018,28.571667,32.33761,35.874832,33.34468,29.871132,31.87704,35.307762,31.697632,27.666847,32.263466,33.564156,32.08775,29.304705,34.59552,33.906563,35.3071,37.62628,36.822037,36.751556,35.936268,34.12989,29.788242,33.81533,28.132437
