,0,1,2,3,4,5,6,7,8,9,10,11,12,13,14,15,16,17,18,19,20,21,22,23,24,25,26,27,28,29,30,31,32,33,34,35,36,37,38,39,40,41,42,43,44,45,46,47,48,49,50,51,52,53,54,55,56,57,58,59,60,61,62,63,64,65,66,67,68,69,70,71,72,73,74,75,76,77,78,79,80,81,82,83,84,85,86,87,88,89,90,91,92,93,94,95,96,97,98,99,100,101,102,103,104,105,106,107,108,109,110,111,112,113,114,115,116,117,118,119,120,121,122,123,124,125,126,127,128,129,130,131,132,133,134,135,136,137,138,139,140,141,142,143,144,145,146,147,148,149,150,151,152,153,154,155,156,157,158,159,160,161,162,163,164,165,166,167,168,169,170,171,172,173,174,175,176,177,178,179,180,181,182,183,184,185,186,187,188,189,190,191,192,193,194,195,196,197,198,199,200,201,202,203,204,205,206,207,208,209,210
0,0.0,4.0228534,7.5523643,10.1129875,12.978436,15.25638,19.08842,21.13551,25.126282,26.688528,31.163252,32.346485,35.68562,39.169144,35.445095,31.805143,31.149645,28.344522,26.550348,24.555826,20.614346,22.241692,17.730835,17.032827,18.978664,18.713303,23.24265,23.898579,20.464497,24.484362,21.845472,28.045557,26.792305,31.766384,33.224186,35.001385,37.71061,37.263657,36.64743,34.69004,34.205452,29.64638,31.868586,27.006588,31.830723,28.148932,31.713865,31.911472,34.0808,36.19583,35.82679,39.830906,39.031406,43.564537,40.51642,43.15958,40.09776,40.024925,44.527084,42.17887,38.938187,44.163918,41.444107,43.924706,45.729313,45.123203,49.052414,47.677406,51.284412,47.6877,43.25132,42.95692,40.028736,39.543156,36.948555,33.838375,32.62575,34.033913,32.149654,34.486816,30.8897,28.93429,28.806883,28.761707,32.084187,29.225117,34.821453,35.507343,37.094593,40.03417,39.71914,42.4825,41.057835,40.99162,42.815643,39.104256,41.76544,39.135555,38.67478,40.608135,38.301826,41.995678,38.41915,43.05096,41.360615,41.036755,38.730797,35.99028,33.968296,31.79822,31.911617,28.57302,26.47832,24.60967,26.009579,22.295073,24.939049,24.367033,24.020893,26.546242,24.926638,29.029789,27.334938,25.82742,30.729836,32.87933,31.625868,27.816278,24.637226,23.01346,24.159567,17.390547,19.1389,15.131548,15.550117,18.056936,19.3521,18.818483,23.066736,22.765596,27.77446,27.843185,32.118725,33.10487,36.58555,39.11907,41.737522,44.59693,46.363945,46.08657,42.996376,45.127758,42.661827,45.215385,43.263863,47.440136,46.758087,49.348854,53.64399,52.16823,48.996708,49.82316,45.329422,45.556664,44.171623,42.270844,45.205276,41.397984,42.295784,37.916656,35.557976,35.227768,35.935177,33.984306,36.675747,32.26735,35.61516,39.355892,40.502678,44.12232,43.34645,39.79686,41.07794,37.79626,37.35539,33.083946,34.983265,30.090382,30.1907,29.799677,27.835579,29.631968,30.540932,32.20249,34.791603,35.444504,37.101692,37.410442,40.762962,40.33606,45.79057,44.372,49.40968,51.283268,50.88113,47.66003,48.435402,42.208687,42.68611,38.35909,38.465046
1,4.0228534,0.0,4.7464876,7.7063537,9.719957,12.940986,15.947981,18.513248,22.35061,23.880274,28.622137,29.467442,32.818985,36.214436,32.206455,28.6257,27.631119,24.757051,22.805384,20.647493,16.652056,18.236164,13.750242,13.222623,15.564432,15.680012,20.420654,21.273312,17.611832,21.967987,19.626032,25.937622,24.586683,29.804554,30.97214,33.090824,35.46324,34.68205,34.11724,31.897076,31.662554,26.605211,28.898048,23.850721,28.804913,25.076817,28.505386,28.840597,30.873604,32.776993,32.2628,36.16264,35.187885,39.802456,36.907383,39.59717,36.777153,36.764553,41.382786,39.284756,36.036568,41.25062,38.39824,41.055626,42.565414,42.303867,46.267532,44.899414,48.290264,44.851444,40.39649,39.77217,36.807972,36.030315,33.337605,30.246819,28.854874,30.223473,28.306862,30.662792,27.13269,25.182066,25.411476,25.254482,28.624182,25.710585,31.510708,32.311157,34.14532,37.163834,37.17691,40.081017,38.911137,39.076054,40.676067,37.253696,39.513935,36.95521,36.1493,38.374165,35.918613,39.674202,36.20276,40.81369,39.37941,38.904892,37.106243,34.299973,32.77803,30.714087,31.493074,28.472479,26.925684,25.591637,27.372751,23.757582,26.842701,25.846233,26.11701,28.053665,26.38355,30.712698,28.636335,26.473856,31.098232,32.962177,31.067116,27.09106,24.375954,22.114916,22.963722,17.17009,17.984015,15.334284,15.617116,17.592617,19.728653,19.515465,23.220978,22.951567,27.458817,27.574383,31.812769,32.326584,36.065945,38.2324,41.154842,43.86319,45.861412,45.896137,43.023556,45.487953,43.198032,46.052937,43.85409,48.019104,46.95712,49.38304,53.78667,52.054634,48.774044,49.963203,45.638042,45.96448,45.066288,43.055965,46.19256,42.499165,43.84581,39.35087,36.663383,36.48818,36.708668,35.168102,37.279896,32.835827,35.87278,39.536175,40.40729,44.029278,42.889896,39.34906,40.288403,37.24025,37.176365,32.892815,35.223625,30.797346,30.944168,31.012285,29.002129,30.85133,31.177757,33.014088,35.228916,35.610077,36.876526,37.628166,40.595028,40.275715,45.436714,43.877945,48.823704,50.416965,49.886272,46.600285,47.56991,41.192894,41.702587,37.492207,37.482338
2,7.5523643,4.7464876,0.0,5.322665,6.7186656,8.995028,12.6081295,14.101121,18.314041,19.446207,24.339529,25.043476,28.451838,31.992374,28.182657,24.863798,23.890436,21.498747,19.355406,18.075928,14.197151,16.527676,12.969444,12.537715,16.49578,16.793482,21.326567,21.754025,16.83852,20.966566,18.211458,23.749662,21.406273,27.139793,27.61853,29.893501,32.125656,31.320644,31.326029,29.024668,29.539474,24.4291,27.339727,22.796553,28.033525,25.068108,28.476093,29.348816,31.35759,32.74933,31.683561,35.42611,34.031044,38.572445,35.749107,38.80555,36.290634,36.71532,41.496834,39.52841,36.155876,40.904144,37.591824,40.138447,41.087784,40.824375,44.827003,43.09536,46.201607,42.581783,38.216137,37.43441,34.89186,33.475216,31.392424,27.861727,26.940498,28.760654,27.208138,29.88969,26.782848,24.508194,25.450504,24.58655,27.504272,24.028782,29.840605,29.8706,31.830448,34.55234,34.70744,37.51596,36.22403,36.856293,38.621933,35.701523,37.90012,35.949768,35.06419,37.996323,35.84143,39.82587,36.885952,41.63881,40.64419,40.428013,39.056625,36.6598,35.48095,33.789654,34.98002,32.22169,30.819004,29.639957,31.139538,27.25904,30.012737,28.431143,28.38532,29.740433,27.49165,31.627134,28.832338,26.499361,30.456953,32.549664,30.012667,26.010126,24.46987,22.09427,23.664326,18.616484,20.02772,17.898674,19.066542,21.092281,23.38857,22.836433,26.044174,25.265755,29.761023,28.975222,33.375103,33.028065,37.22948,38.668034,41.727093,44.190235,46.199795,46.306847,43.63292,46.10789,43.630512,46.940845,44.969704,49.05626,48.052765,50.217487,54.80623,53.209496,49.862194,51.614983,47.350372,48.06305,47.195164,45.592136,48.90015,45.37405,46.726334,42.413353,39.485985,38.87608,38.762512,36.816925,38.47629,33.88312,36.4272,39.981953,40.476547,44.035633,42.597717,39.271397,40.41541,37.593834,38.037056,33.61832,36.710217,32.668564,33.274223,33.704075,32.1247,34.267155,34.378044,36.597466,38.57889,38.658928,39.608013,40.340378,42.83212,42.24327,47.230614,45.244747,50.0583,51.468052,51.12926,47.834198,49.358578,42.805965,43.721478,39.65211,39.920746
3,10.1129875,7.7063537,5.322665,0.0,3.9159274,5.8899646,9.2408695,12.080112,15.3415365,17.622921,21.64276,23.238945,26.363543,29.590046,25.93574,21.966223,22.003397,19.052814,18.353489,16.71025,13.668067,17.080101,13.551902,11.146755,15.540383,14.74662,18.492107,18.080256,12.571821,16.186813,13.080321,18.671247,16.911533,22.24229,23.31307,25.388664,27.808455,27.189964,26.746191,24.701538,24.72961,20.15841,22.986666,18.901762,24.047024,21.733486,25.44447,26.6098,28.994486,30.364397,29.152586,33.141747,32.17832,36.23201,32.89082,36.070187,33.118,33.820225,38.49567,36.106564,32.61888,37.010094,33.631626,35.856537,37.06783,36.315834,40.291546,38.51604,41.888737,38.105858,33.736958,33.41965,30.902496,30.166355,28.274294,24.741322,24.398624,26.520603,25.423378,28.401533,25.54373,22.688183,23.035404,21.783047,24.24984,20.721708,26.046324,25.897915,27.474043,30.197838,30.005733,32.766647,31.412256,31.784248,33.586723,30.485823,32.875732,30.943926,30.315266,33.254208,31.406698,35.482567,32.85444,37.770756,36.928963,37.237453,35.77994,34.10851,32.87401,31.76008,33.08096,30.64758,29.277271,28.333525,29.352215,25.249596,27.771109,25.466442,25.67926,26.220402,23.818624,28.020296,24.915718,22.049976,25.761381,27.610802,24.83209,20.7973,19.54689,17.033665,18.98911,14.584344,16.649284,14.987109,17.202219,19.432388,21.618547,20.579876,23.034515,21.73972,26.150063,24.591383,29.049185,28.188286,32.60898,33.68151,36.767048,39.12663,41.133904,41.300087,38.749447,41.32039,38.898476,42.443478,40.44416,44.46858,43.377247,45.386055,50.054688,48.49779,45.12303,47.2223,43.040344,44.03747,43.307377,42.01044,45.490353,42.18738,43.70432,39.564095,36.32162,35.41509,34.871906,32.906494,34.049812,29.440802,31.656755,35.121967,35.437393,38.96889,37.399147,34.121944,35.291714,32.562946,33.24998,28.806038,32.33826,28.727488,29.672333,30.558289,29.42286,31.882402,31.636097,34.35494,35.995518,35.70814,36.350258,36.954105,38.984158,38.14202,42.991943,40.7137,45.43546,46.78819,46.632523,43.36543,45.278095,38.654686,39.9641,36.00256,36.69866
4,12.978436,9.719957,6.7186656,3.9159274,0.0,5.346145,6.2296033,10.054677,12.983908,15.130062,19.567654,20.595716,23.7431,26.871025,22.824081,18.977505,18.486254,15.47329,14.539947,12.823929,9.850627,13.5761795,10.664476,8.3750515,13.641639,13.404474,17.08146,16.874908,11.022266,14.941824,12.413002,17.758003,15.704741,21.36488,21.85956,24.423513,26.309526,25.208872,24.946733,22.506021,23.04166,17.725725,20.768618,16.553392,21.871656,19.671879,23.109022,24.514126,26.665983,27.668667,26.191774,29.986528,28.720352,32.870323,29.762325,33.043358,30.477173,31.300709,36.103268,34.077538,30.61132,34.90725,31.331196,33.771664,34.514706,34.23764,38.245926,36.447998,39.487396,35.90298,31.532574,30.7252,28.221035,26.948921,25.014696,21.408478,20.899237,23.065674,22.008821,25.058193,22.411877,19.524317,20.506994,18.963476,21.374174,17.649755,23.279922,23.163578,25.132378,27.916042,28.217026,31.140171,30.125738,30.866886,32.374264,29.751133,31.573229,29.822529,28.728079,32.082474,30.088194,34.200687,31.768816,36.587242,36.075466,36.19151,35.35478,33.61701,32.95451,31.941782,33.862892,31.74908,30.884544,30.365957,31.742247,27.867258,30.719116,28.279226,28.954859,29.148724,26.829443,31.07911,27.794342,24.500948,27.776697,29.289541,25.88281,21.827906,21.23678,18.154581,19.645245,16.675205,17.54666,17.315475,19.100662,20.709274,23.480068,22.822,24.797255,23.65502,27.397747,26.006174,30.265089,28.940327,33.521343,34.17209,37.534172,39.687645,41.915123,42.407433,40.119442,42.977222,40.764175,44.52599,42.321903,46.28053,44.836407,46.66129,51.37962,49.57834,46.13413,48.54937,44.581734,45.632336,45.360367,43.939426,47.53802,44.350193,46.225895,42.009098,38.576588,37.87287,36.954964,35.419476,36.05439,31.531864,33.40519,36.715294,36.743454,40.210423,38.278496,35.08055,35.854992,33.44523,34.51446,30.17656,34.020878,30.910007,31.822884,33.027107,31.805593,34.19975,33.509575,36.251842,37.575886,37.088955,37.37727,38.409294,40.074097,39.377213,43.86322,41.492886,46.0569,47.09596,46.795254,43.495697,45.57442,38.88926,40.19084,36.41758,36.950623
5,15.25638,12.940986,8.995028,5.8899646,5.346145,0.0,6.141171,6.4573536,10.045674,12.116497,15.966476,17.748726,20.848297,24.220125,21.025024,17.320576,17.866955,15.717665,15.347074,15.239786,13.131302,17.38759,15.478066,13.308516,18.780659,18.199944,21.25495,20.274729,13.67579,16.253569,12.724553,16.289194,12.760137,18.856785,18.806509,21.076881,23.308245,22.734486,23.176891,21.12321,22.314926,18.044235,21.738705,18.853739,24.031693,23.042168,26.542507,28.362652,30.657816,31.338804,29.441366,33.121304,31.711433,35.451225,32.198116,35.808517,33.26987,34.56675,39.302143,37.075405,33.518585,37.105804,33.17976,35.1211,35.56174,34.705753,38.65757,36.363834,39.331326,35.27592,31.113073,30.68638,28.892725,27.359148,26.532043,22.436218,23.021158,25.776257,25.33649,28.654623,26.513435,23.323954,24.45855,22.304327,23.88309,19.713104,24.633286,23.185596,24.804045,26.969042,26.902359,29.44215,27.868952,28.933052,30.993458,28.700523,30.997955,30.046957,29.386845,33.24579,31.93292,36.197716,34.385296,39.355106,39.090553,39.75897,38.818897,37.707695,36.86407,36.18973,37.88411,35.754974,34.537346,33.74058,34.468296,30.22666,32.32563,29.499557,29.352703,29.182238,26.206137,29.945892,26.042252,23.066925,25.564365,27.630909,23.98555,20.13485,20.818096,18.391594,21.212898,18.240906,20.770166,19.753742,22.527384,24.679253,26.896023,25.607143,27.472105,25.70378,29.872828,27.288235,31.728403,29.775545,34.63202,34.68638,37.853657,39.816483,41.78377,42.039505,39.820442,42.345257,39.73379,43.811348,42.15248,45.984055,44.992046,46.613247,51.445602,50.099644,46.701057,49.49301,45.467377,46.93442,46.250576,45.483784,49.103844,46.05953,47.55265,43.70264,40.25912,38.863705,37.932873,35.530697,36.04702,31.418924,32.876625,36.072784,35.853043,39.20279,37.24962,34.369022,35.804787,33.475716,34.830486,30.378733,34.7737,31.787813,33.245823,34.511524,33.88866,36.58735,36.132458,39.190147,40.55572,39.946644,40.22137,40.76835,42.186085,41.021664,45.54877,42.76946,47.2194,48.318295,48.433716,45.22341,47.81631,41.120823,42.920216,39.226955,40.257214
6,19.08842,15.947981,12.6081295,9.2408695,6.2296033,6.141171,0.0,6.7196593,7.4332004,10.476719,14.197273,15.47964,18.293434,21.078758,17.060797,12.879465,13.167923,10.076758,10.783788,9.966911,9.166807,13.907094,12.976531,10.222234,15.884569,15.433838,17.668806,16.634825,9.97535,12.448222,10.152437,13.5043335,10.670573,16.580915,16.294228,19.284094,20.629864,19.209654,19.287165,16.644537,18.048489,12.688441,16.482914,13.6048155,18.794855,18.245512,21.389936,23.565899,25.679619,25.918863,23.716368,27.2496,25.804052,29.381866,26.161316,29.8564,27.572742,29.066963,33.837215,31.91188,28.402115,31.776796,27.68608,29.845964,29.904587,29.581923,33.56584,31.397783,34.10488,30.39554,26.15134,25.205011,23.214638,21.482706,20.420633,16.357811,16.917063,19.789513,19.642216,23.094336,21.38912,17.969196,19.466043,16.838861,18.066174,13.741718,18.806795,17.63888,19.695158,22.176022,22.74587,25.641123,24.77353,26.053421,27.46312,25.635798,27.032225,26.07986,24.784267,29.019985,27.510836,31.76222,30.247183,35.047745,35.223656,35.775536,35.6043,34.65462,34.53384,34.196976,36.668213,35.11145,34.608112,34.493275,35.60627,31.733496,34.340416,31.249874,32.09001,31.313047,28.7364,32.702175,28.84093,25.039705,27.133453,28.310823,23.925035,20.108795,21.26961,17.946703,19.775913,19.045977,19.884867,20.914188,23.231773,24.571383,27.426882,26.579163,27.549707,25.987116,29.047997,26.762789,30.787329,28.250257,33.21182,32.740604,36.29744,37.980778,40.307125,41.105698,39.29012,42.33163,40.22251,44.497494,42.358658,46.080757,44.42756,45.799686,50.64096,48.839798,45.357475,48.547832,44.89848,46.397675,46.509567,45.499878,49.297344,46.479397,48.61139,44.653736,40.886772,39.879562,38.312027,36.812855,36.492878,32.106815,33.108257,36.044056,35.469704,38.716564,36.259407,33.426826,34.069973,32.22159,34.05947,29.876875,34.572872,32.427128,33.768105,35.572594,34.844254,37.453518,36.24765,39.403934,40.204018,39.23436,38.936947,40.085308,40.893192,39.96161,43.888268,41.02658,45.21533,45.854256,45.73414,42.503597,45.302704,38.590904,40.398117,37.033062,37.913303
7,21.13551,18.513248,14.101121,12.080112,10.054677,6.4573536,6.7196593,0.0,5.1596613,5.713774,10.292158,11.380629,14.6139345,18.218122,15.257415,12.3786,12.856928,12.198983,11.75752,13.749113,12.970141,17.35872,17.394775,16.01056,21.889341,21.850756,24.371834,23.301134,16.5378,18.31135,15.357072,16.594551,11.335723,17.889631,15.921388,18.767807,20.134502,19.15437,20.864885,18.530758,21.390295,17.119343,21.49556,19.75206,24.677256,24.765867,27.704346,30.04601,31.990463,31.873207,29.327723,32.422836,30.377686,33.84947,31.035439,34.969666,33.203182,34.993538,39.748604,38.00735,34.527317,37.34884,32.95117,34.785942,34.146023,33.645752,37.500813,34.77629,36.99318,32.94309,29.1024,28.11193,27.119171,24.270306,24.541384,20.021265,21.326809,24.521448,24.680132,28.128204,26.816845,23.609951,25.78245,22.928434,23.6612,19.097279,23.555433,20.919819,22.879501,24.402912,24.93533,27.289194,25.83738,27.880857,29.874712,28.78593,30.467146,30.52755,29.504583,34.264862,33.273487,37.5711,36.501606,41.31298,41.661205,42.38635,42.207367,41.355152,41.10951,40.70165,42.927242,41.1208,40.25789,39.73801,40.556458,36.377174,38.464413,35.380913,35.269016,34.625397,31.447311,34.87484,30.526638,27.40678,28.802055,30.75159,26.287151,22.802883,25.01849,22.467068,25.324598,23.800856,25.846342,25.737892,28.443157,30.247078,32.77492,31.605255,33.019478,31.161274,34.81004,31.86824,36.093758,33.285774,38.38727,37.535713,40.865025,42.38804,44.433933,44.95327,43.157387,45.779587,43.201637,47.69443,46.164314,49.78569,48.663754,49.896667,54.8147,53.471756,50.052452,53.45387,49.692177,51.45672,51.067997,50.534428,54.276936,51.448498,53.112785,49.385147,45.75962,44.23077,42.90609,40.515285,40.396786,35.887875,36.669033,39.532677,38.785645,41.89581,39.481796,37.00745,38.34146,36.542294,38.5257,34.232994,39.2199,36.88589,38.56551,40.16276,39.726242,42.48206,41.70732,44.908237,45.972775,45.103535,44.985012,45.756954,46.61911,45.37539,49.439262,46.329296,50.448532,51.15973,51.353043,48.19826,51.295082,44.598587,46.65317,43.278976,44.36538
8,25.126282,22.35061,18.314041,15.3415365,12.983908,10.045674,7.4332004,5.1596613,0.0,4.660665,6.7641673,8.876693,11.390958,14.343243,11.4201565,7.7453823,9.942817,9.262028,11.130734,13.234198,14.072969,18.627028,19.2749,17.22191,22.842493,22.458601,23.95083,22.367311,15.8142605,16.363672,14.005168,13.376643,7.872674,14.059705,11.404748,14.702423,15.458768,14.121765,16.013624,13.601204,17.096767,13.340604,17.921366,17.474731,21.834187,23.102001,25.755714,28.493187,30.435396,29.89666,27.006142,29.9091,28.023989,30.839428,27.85069,31.941843,30.254713,32.463326,37.02812,35.27852,31.853746,33.93591,29.326374,30.848715,29.840076,29.20861,32.968464,30.048685,32.082203,27.974335,24.272587,23.319109,22.746813,19.881802,20.892584,16.296848,18.564154,22.105,22.968576,26.54809,25.886778,22.40333,24.50338,21.137167,20.932667,16.3644,19.830448,16.384592,18.21185,19.426426,20.115501,22.431128,21.190834,23.573078,25.370266,24.89262,26.159523,26.771317,25.652727,30.856329,30.248339,34.512276,34.10005,38.792732,39.585663,40.641174,40.867584,40.618633,40.71198,40.807167,43.38505,42.019867,41.460045,41.30296,41.987488,37.91764,39.95714,36.45815,36.743446,35.386276,32.274963,35.58038,31.06249,27.469265,28.086946,29.500948,24.439056,21.278297,24.476288,21.7593,24.50608,24.611868,26.329142,27.203695,30.103708,31.641445,34.244022,33.027927,33.66472,31.629045,34.62807,31.271793,35.178944,31.633251,36.84394,35.25126,38.68548,39.85003,41.984646,42.78727,41.382317,44.198547,41.859356,46.62621,45.01575,48.429653,47.04029,47.941013,52.875954,51.453144,48.036972,51.9352,48.480854,50.502045,50.513786,50.183517,54.04912,51.52319,53.47596,49.914497,46.04598,44.44214,42.603382,40.501312,39.625717,35.344658,35.50741,38.03601,36.87622,39.7806,36.988876,34.785786,35.855648,34.520454,37.00301,32.9595,38.385326,36.836006,38.706875,40.754086,40.598507,43.444035,42.219013,45.677124,46.306053,45.08209,44.521446,45.42138,45.64559,44.302406,47.87632,44.493378,48.28517,48.682224,48.965775,45.899258,49.43775,42.825222,45.1857,42.154884,43.462368
9,26.688528,23.880274,19.446207,17.622921,15.130062,12.116497,10.476719,5.713774,4.660665,0.0,6.120425,5.683228,9.036704,12.801693,10.13873,8.629015,9.165881,10.544722,10.534359,14.230823,14.912227,18.935493,20.400139,19.442854,25.205488,25.440529,27.376322,26.220419,19.745794,20.767185,18.50855,17.943941,12.175267,18.101091,14.499339,17.742111,17.997456,16.530394,19.384066,16.905014,21.14087,17.22783,21.812237,21.21245,25.581827,26.61736,28.977547,31.687124,33.30992,32.514668,29.484009,31.966892,29.478127,32.508427,30.131386,34.247658,33.184322,35.382153,40.019318,38.705696,35.376625,37.428154,32.733707,34.40474,32.807384,32.64629,36.31105,33.271797,34.732243,30.806868,27.389414,25.88088,25.699806,21.724548,23.112045,18.469704,20.479317,23.922428,24.69176,28.116867,27.631426,24.510988,27.350075,24.03391,23.93067,19.359385,22.996153,19.381165,21.547451,22.374668,23.509647,25.613876,24.424345,27.284407,29.066618,29.10334,30.112268,31.035618,29.71065,35.093315,34.40225,38.614803,38.21302,42.79326,43.66342,44.45473,44.910896,44.33684,44.58111,44.439762,47.08429,45.587093,45.031113,44.77158,45.64889,41.550583,43.6568,40.35808,40.387787,39.34059,36.104706,39.328873,34.74538,31.466059,32.054806,33.753056,28.754292,25.671825,28.865166,26.23289,28.962017,28.576124,30.20769,30.815945,33.47442,34.99729,37.73266,36.653328,37.65037,35.74356,38.90302,35.746235,39.719227,36.277126,41.47971,39.904118,43.334396,44.46439,46.576656,47.351974,45.948257,48.673668,46.215076,50.99545,49.51542,52.93179,51.644527,52.53757,57.47839,56.101803,52.690525,56.580788,53.091873,55.0802,55.000957,54.63127,58.46847,55.847214,57.702763,54.076565,50.291718,48.70352,47.025528,44.76014,44.08453,39.741505,39.97624,42.523697,41.354774,44.222027,41.43577,39.3234,40.47102,39.157692,41.62592,37.546764,42.924637,41.17336,42.992485,44.878292,44.584393,47.373325,46.29544,49.61471,50.38999,49.287754,48.819836,49.79004,50.157925,48.87481,52.488697,49.13945,52.928856,53.284355,53.525616,50.45209,53.945362,47.3231,49.571686,46.512726,47.645622
10,31.163252,28.622137,24.339529,21.64276,19.567654,15.966476,14.197273,10.292158,6.7641673,6.120425,0.0,5.294572,6.230313,9.163284,8.910683,7.6875677,11.22925,12.909562,15.028353,18.416885,19.926285,24.116224,25.527496,23.81163,29.366617,29.022736,30.119654,28.27749,21.981178,21.60117,19.424734,16.503405,10.548327,14.96847,10.160042,13.083654,12.865436,11.878976,15.7276,14.03809,18.918976,17.003502,21.490137,22.591543,26.163198,28.491991,30.7515,33.767487,35.54984,34.499706,31.234253,33.568718,31.43118,33.535748,30.869013,35.09309,33.92576,36.584557,40.87885,39.308372,36.03978,37.089252,32.25026,33.198814,31.331768,30.471142,33.852394,30.378645,31.660748,27.373837,24.462484,23.56952,24.349066,20.72992,23.42787,18.938486,22.191467,25.909504,27.402864,30.901632,30.950949,27.5586,29.948328,26.274132,25.196566,20.852238,22.898643,18.02617,19.392172,19.206161,19.950657,21.420927,19.890997,23.24583,25.286873,26.118113,27.171295,29.088902,28.173399,33.883945,33.97908,38.11262,38.523827,43.034092,44.26728,45.665405,46.1762,46.41093,46.65349,47.036,49.67902,48.44764,47.856297,47.67487,48.075325,43.902832,45.547447,41.812065,41.714752,39.97418,36.55989,39.290565,34.418945,31.126585,30.580223,32.111298,26.78853,24.378529,28.812534,26.61549,29.7996,30.398642,32.5709,33.355595,36.560383,38.202663,40.647724,39.21634,39.637886,37.3307,40.24363,36.241764,39.98254,35.80885,41.066383,38.669,41.918392,42.638107,44.567284,45.358433,44.32196,46.896893,44.422935,49.495174,48.337334,51.443813,50.28695,50.78883,55.72362,54.627754,51.31599,55.725243,52.470463,54.86951,54.808453,54.996277,58.87979,56.594852,58.400517,55.161446,51.25119,49.232304,47.216263,44.705654,43.42468,39.322933,38.844383,40.980927,39.379253,41.915703,38.921227,37.31386,38.688236,37.801224,40.71176,36.88325,42.714878,41.627903,43.839966,46.03251,46.273193,49.257366,48.02493,51.668625,52.172943,50.777702,50.033558,50.75299,50.548992,48.920612,52.179096,48.445328,51.866726,52.061966,52.6598,49.76681,53.82748,47.375378,50.111393,47.357815,48.951496
11,32.346485,29.467442,25.043476,23.238945,20.595716,17.748726,15.47964,11.380629,8.876693,5.683228,5.294572,0.0,3.597221,7.6114054,6.2532525,7.7132726,8.564182,11.961528,12.597467,17.06695,18.780714,22.307411,24.674831,23.94063,29.457075,29.810705,31.21335,29.94748,23.86764,24.203436,22.49668,20.494982,14.890735,19.569149,14.746655,17.973913,17.031004,15.2163725,19.152466,16.829891,22.105158,18.997757,23.437971,23.970337,27.627214,29.524141,31.346466,34.31921,35.661026,34.28441,30.890251,32.732624,29.945452,32.356113,30.435112,34.621216,34.217545,36.77796,41.18239,40.23964,37.111656,38.3315,33.45969,34.85601,32.360466,32.45022,35.80936,32.48362,33.121635,29.383085,26.573637,24.661041,25.428606,20.521341,23.14656,18.704885,21.38606,24.895365,26.256128,29.53577,29.834549,26.869175,30.093424,26.486813,25.58931,21.287985,23.814854,19.349405,21.48362,21.438559,23.082325,24.760239,23.848078,27.42301,28.97319,30.12258,30.504602,32.28346,30.781252,36.602974,36.271763,40.322437,40.580452,44.892998,46.229107,47.13451,48.108345,47.851295,48.475834,48.59776,51.544678,50.313763,49.979683,49.915504,50.779068,46.735397,48.79615,45.304623,45.410736,44.007774,40.72229,43.723286,38.968662,35.617085,35.492126,36.9666,31.629566,28.994389,32.946228,30.352833,33.00439,33.485355,34.897182,35.9862,38.66608,40.00857,42.842808,41.788437,42.432034,40.455536,43.221794,39.83755,43.563084,39.596134,44.82295,42.600067,46.04753,46.796665,48.9172,49.894432,48.8635,51.62666,49.278133,54.285072,52.89741,56.091118,54.699154,55.26335,60.18836,58.828976,55.460373,59.784813,56.5613,58.76565,58.929127,58.756157,62.6584,60.24481,62.233273,58.739525,54.832073,53.152164,51.17897,48.984623,47.82656,43.6685,43.408066,45.63757,44.09818,46.697205,43.618835,41.88978,42.901627,42.043137,44.91283,41.06858,46.744797,45.5128,47.470814,49.592857,49.465454,52.293972,50.981632,54.414883,54.941483,53.63423,52.870384,53.958267,53.875835,52.52888,55.721737,52.158634,55.606472,55.645374,55.96743,53.008133,56.8676,50.37674,52.819622,50.06916,51.28284
12,35.68562,32.818985,28.451838,26.363543,23.7431,20.848297,18.293434,14.6139345,11.390958,9.036704,6.230313,3.597221,0.0,4.1760573,5.334559,8.196535,10.005093,13.652271,15.138548,19.471518,21.677603,25.122686,27.674269,26.743341,32.093174,32.305557,33.270905,31.788742,25.958445,25.71263,24.276249,21.30642,16.020472,19.673113,14.351387,17.361006,15.701802,13.828475,18.306803,16.314377,21.991957,19.753706,23.98386,25.358582,28.482204,31.02148,32.603783,35.73208,37.013115,35.36776,31.811554,33.36501,30.637245,32.484135,30.651697,34.84585,34.65254,37.460182,41.63796,40.765102,37.757313,38.36243,33.43196,34.506733,31.598337,31.610209,34.72621,31.207575,31.42766,27.73207,25.370306,23.467089,24.887768,19.820995,23.266615,19.079948,22.303205,25.845829,27.615847,30.82905,31.552277,28.576517,31.741568,27.972574,26.528257,22.476753,24.092731,19.079971,20.93207,20.247852,22.016134,23.322512,22.534088,26.46797,27.902494,29.715656,29.79279,32.138805,30.668306,36.68088,36.691936,40.618587,41.351254,45.50772,47.12036,48.230965,49.42203,49.514885,50.28979,50.663822,53.730404,52.69053,52.44938,52.5016,53.244755,49.22319,51.17076,47.4959,47.65329,45.930584,42.625443,45.441418,40.594788,37.18377,36.54583,37.826862,32.322144,30.037497,34.49347,32.00155,34.66944,35.75611,37.16957,38.52465,41.334328,42.62114,45.423073,44.300785,44.636417,42.54905,45.060005,41.414917,44.952732,40.620266,45.832973,43.1602,46.56127,47.045773,49.12888,50.21126,49.438965,52.194958,49.931732,55.074665,53.773266,56.787514,55.354836,55.68303,60.576756,59.273407,55.957726,60.57581,57.54335,59.92351,60.223114,60.250095,64.18585,61.952785,64.00708,60.662113,56.671303,54.876,52.685932,50.518005,48.99933,45.003498,44.374386,46.35953,44.572563,46.966164,43.72265,42.27596,43.236504,42.684315,45.810677,42.155437,48.024986,47.1894,49.278973,51.580746,51.643322,54.526226,53.059734,56.61628,56.955948,55.485367,54.52108,55.60558,55.184025,53.74099,56.645164,52.918034,56.11355,55.96978,56.402824,53.5484,57.68414,51.318455,53.951065,51.42025,52.778072
13,39.169144,36.214436,31.992374,29.590046,26.871025,24.220125,21.078758,18.218122,14.343243,12.801693,9.163284,7.6114054,4.1760573,0.0,5.5433993,9.167829,11.500219,15.072454,17.426245,21.422485,24.213083,27.498116,30.275667,29.142872,34.18359,34.279453,34.689816,33.04456,27.687775,26.867842,25.938953,22.170145,17.645565,20.072914,14.595589,17.399727,14.799336,12.605358,17.304632,15.593067,21.521132,20.086512,23.899693,26.133898,28.556292,31.757414,32.96662,36.2348,37.384846,35.41255,31.708868,32.87895,30.262743,31.425636,29.741383,33.878166,33.979187,37.029873,40.906097,40.187485,37.37265,37.28519,32.351135,33.120274,29.707489,29.797218,32.608692,28.975681,28.64463,25.165379,23.331467,21.286854,23.388706,18.163942,22.427738,18.70363,22.39891,25.873808,28.089825,31.16397,32.394867,29.465696,32.554367,28.660563,26.610214,22.976456,23.529003,18.144829,19.740911,18.419851,20.512255,21.48803,21.120289,25.35618,26.422916,28.986868,28.501173,31.36569,29.803366,35.957863,36.26369,39.98204,41.230816,45.12617,47.072315,48.338757,49.868458,50.318535,51.351994,52.013073,55.28846,54.52893,54.492863,54.762962,55.46554,51.5538,53.49386,49.647934,50.040577,47.972034,44.766045,47.487995,42.639038,39.044758,37.98826,38.894814,33.218575,31.273842,36.087353,33.57878,36.031963,37.93579,39.083363,40.931038,43.75297,44.86017,47.699257,46.598965,46.52795,44.408806,46.481014,42.72572,45.972992,41.285397,46.42051,43.287205,46.68426,46.868626,48.980206,50.27213,49.81871,52.665848,50.62096,55.864956,54.52202,57.341244,55.726112,55.79809,60.624218,59.264484,56.00407,60.91964,58.158997,60.67095,61.259796,61.394253,65.36963,63.34814,65.58436,62.353912,58.253426,56.46124,53.98131,52.050617,50.084347,46.313545,45.30914,47.016342,44.973656,47.14431,43.68488,42.505177,43.21572,43.045174,46.44455,43.057728,49.064526,48.727444,50.876625,53.40833,53.602722,56.49296,54.767147,58.419273,58.488815,56.82087,55.58135,56.77056,55.938385,54.477123,56.974197,53.127193,56.009857,55.599613,56.071438,53.33739,57.721516,51.53651,54.30973,52.072937,53.51527
14,35.445095,32.206455,28.182657,25.93574,22.824081,21.025024,17.060797,15.257415,11.4201565,10.13873,8.910683,6.2532525,5.334559,5.5433993,0.0,5.164123,6.0136437,9.823879,12.122356,16.01542,19.02719,22.13605,25.100542,24.167643,29.048689,29.40915,29.952923,28.672676,23.494833,23.26577,22.689342,20.151033,15.955966,19.349293,14.614409,18.17018,16.008795,13.07832,16.687334,13.981399,19.618996,16.52935,20.436588,21.795078,24.560215,27.163784,28.297235,31.465033,32.489044,30.576553,26.92986,28.22426,25.432133,27.190004,25.542662,29.703234,29.825714,32.63662,36.772778,36.225525,33.358128,33.953514,29.05275,30.436451,27.25487,27.966314,31.13649,27.918211,27.959015,24.744148,22.177082,19.508883,20.619259,14.976659,18.273798,14.255369,17.40987,20.859243,22.832394,25.934586,27.01287,24.165236,27.52534,23.724504,22.043787,18.276924,19.727116,15.141075,17.589542,17.370249,19.934181,21.761265,21.811968,25.565552,26.290808,28.136269,27.459316,29.447758,27.41732,33.42676,33.107014,36.89391,37.6266,41.541668,43.319393,44.17601,45.814476,45.82135,47.00547,47.452003,50.883457,50.12966,50.294834,50.704308,51.770367,48.030106,50.385494,46.746468,47.535263,45.7428,42.801785,45.974533,41.3663,37.491737,37.203617,37.948925,32.305344,29.854422,33.895187,30.905125,32.799248,34.65577,35.0884,37.306744,39.70043,40.53273,43.639206,42.849945,42.86527,41.05385,42.968613,39.854702,43.124966,38.81907,43.920467,41.27907,44.914932,45.368725,47.729298,49.152447,48.497295,51.627083,49.75236,54.81288,53.046444,56.091293,54.172157,54.50493,59.34227,57.621117,54.25555,58.853436,56.013493,58.2184,59.019024,58.674065,62.65837,60.470573,62.930313,59.407032,55.307323,53.932762,51.5096,50.03686,48.27281,44.399105,43.808567,45.77088,43.987583,46.42344,42.999615,41.386,41.699562,41.307632,44.487293,40.994343,46.73183,46.164776,48.005245,50.478725,50.302067,53.032394,51.2013,54.664387,54.744728,53.172295,51.969036,53.466934,52.868084,51.713078,54.313133,50.741135,53.847836,53.464867,53.603073,50.723995,54.72479,48.42382,50.85523,48.49785,49.606453
15,31.805143,28.6257,24.863798,21.966223,18.977505,17.320576,12.879465,12.3786,7.7453823,8.629015,7.6875677,7.7132726,8.196535,9.167829,5.164123,0.0,5.6129456,6.6466475,10.714138,13.370352,16.288046,20.045265,22.162992,20.403038,25.293606,25.180096,25.54944,23.969795,18.635263,18.187891,17.558228,15.188437,11.342633,15.023033,11.083062,14.937828,13.467759,10.538328,13.138252,10.084619,15.256378,11.779648,16.002157,17.249313,20.31142,22.914211,24.497461,27.664564,29.081009,27.585157,24.11794,26.119642,23.934565,25.869759,23.374905,27.603874,26.862871,29.596266,33.854874,32.760044,29.67005,30.645123,25.762632,27.163307,24.82999,24.987808,28.47358,25.386652,26.36982,22.753788,19.51903,17.491236,17.816105,13.453977,15.931749,11.471394,14.878818,18.601053,20.464626,23.873495,24.471306,21.174915,23.87818,20.023361,18.46768,14.382155,16.180225,11.67697,14.061436,14.604131,16.684656,18.98215,18.856726,22.075724,22.930813,23.997034,23.73711,25.209286,23.352154,29.212517,28.825912,32.789177,33.27916,37.444168,38.998394,40.03606,41.302895,41.44528,42.374813,42.904972,46.18115,45.42327,45.50203,45.911785,46.83947,43.109097,45.420635,41.718773,42.653522,40.76793,37.944374,41.221775,36.735207,32.6892,32.624588,33.226757,27.629833,25.009651,28.838116,25.771233,27.651703,29.65828,30.171597,32.455498,34.988327,35.88051,38.857803,37.968967,37.838257,35.964058,37.87549,34.691357,37.988647,33.756054,38.876507,36.42217,40.076153,40.69253,43.076466,44.44801,43.65688,46.841022,45.005997,49.982063,48.096786,51.221096,49.272404,49.73112,54.585117,52.83076,49.435307,53.89288,50.971146,53.13007,53.89854,53.52108,57.50206,55.30797,57.7778,54.262676,50.15249,48.792946,46.359394,44.975143,43.22995,39.345394,38.858383,40.911507,39.25385,41.816,38.47648,36.658314,36.962425,36.400837,39.47229,35.92515,41.608047,41.021103,42.85139,45.357086,45.22648,47.979984,46.12999,49.653183,49.719456,48.13079,46.96534,48.365105,47.82039,46.63529,49.369743,45.832382,49.082558,48.856228,49.00612,46.071785,49.995773,43.61745,46.081524,43.618965,44.84066
16,31.149645,27.631119,23.890436,22.003397,18.486254,17.866955,13.167923,12.856928,9.942817,9.165881,11.22925,8.564182,10.005093,11.500219,6.0136437,5.6129456,0.0,4.8412037,6.2651834,10.11748,13.243206,16.154943,19.29416,18.734407,23.488169,24.249865,25.189133,24.46724,19.464144,20.254469,19.95991,19.333311,15.675608,20.093405,16.58086,20.45531,19.069944,16.011086,18.220331,14.832198,19.43967,14.37959,18.263792,18.031937,21.443306,22.920038,24.097813,27.0266,27.940258,26.275806,22.83818,24.446825,21.464066,24.22521,22.595018,26.678879,26.68261,29.042757,33.53352,33.120174,30.166964,31.799189,27.079817,29.203249,26.592983,27.867281,31.382551,28.723427,29.3098,26.395767,23.121828,20.118992,19.840914,14.3928175,15.740185,11.458204,13.253566,16.560633,17.906153,21.076206,21.684685,18.94389,22.66965,19.116158,18.283361,14.291056,17.394962,14.405654,17.609436,18.72505,21.375458,23.924906,24.190664,27.246532,27.752096,28.601496,27.960634,28.81306,26.40888,32.004807,30.905285,34.7598,34.712036,38.688503,40.12901,40.46174,42.075512,41.44731,42.6972,42.7902,46.30585,45.462555,45.783985,46.27475,47.756046,44.199894,46.99864,43.679398,44.81695,43.45403,40.81029,44.43783,40.15881,36.126713,36.765408,37.444027,32.038036,29.044357,32.015415,28.576342,29.85181,31.329065,30.995167,33.453064,35.305805,35.865696,39.250412,38.82153,39.075035,37.6471,39.511677,37.196304,40.540813,36.84234,41.847317,39.92392,43.745102,44.56542,47.129974,48.5951,47.643955,50.98654,49.236256,54.02137,51.861725,55.163284,53.01784,53.692135,58.51411,56.4669,53.0112,57.142685,54.15696,55.980915,56.898808,56.02127,59.97321,57.5557,60.174595,56.328598,52.29639,51.37767,49.133358,48.082485,46.69464,42.6969,42.66574,44.94489,43.53215,46.26162,42.997932,40.899784,40.890335,40.152527,42.95996,39.325638,44.643757,43.674004,45.13886,47.447517,46.82326,49.353428,47.507355,50.705666,50.889664,49.50056,48.44199,50.2269,50.02516,49.212883,52.03539,48.82815,52.238647,51.979412,51.76186,48.72176,52.194324,45.76908,47.758743,45.18638,45.888176
17,28.344522,24.757051,21.498747,19.052814,15.47329,15.717665,10.076758,12.198983,9.262028,10.544722,12.909562,11.961528,13.652271,15.072454,9.823879,6.6466475,4.8412037,0.0,5.7900434,6.8835716,10.391087,13.807597,16.160534,14.765708,19.31067,19.739914,20.422503,19.629263,14.819012,15.74303,15.865429,16.179419,13.675527,18.014301,15.790989,19.6425,18.782171,15.784458,16.633963,13.043687,16.491693,10.440308,14.22368,13.283885,17.02441,18.19632,19.651995,22.553997,23.734531,22.422981,19.175125,21.44264,19.04981,22.059704,19.717537,23.78339,23.069002,25.259308,29.89156,29.11666,26.007513,28.15644,23.559843,25.908974,24.080257,25.190212,28.937033,26.626036,27.93733,24.995113,21.203604,18.548319,17.26315,13.095677,13.033699,8.552583,9.946441,13.4300165,14.578462,18.043434,18.19138,15.0133915,18.245165,14.647624,14.105749,9.81785,13.794926,11.837973,15.149234,17.196375,19.565819,22.550493,22.937176,25.319382,25.662697,25.74464,25.21836,25.308687,22.844587,28.109493,26.70103,30.632967,30.23198,34.339043,35.579964,35.90386,37.33464,36.700775,37.874584,38.01651,41.53532,40.773495,41.177597,41.800106,43.318092,39.898,42.838085,39.536617,41.036514,39.640324,37.274376,41.110813,37.09661,32.83241,33.870026,34.25675,29.007305,25.8261,28.220514,24.529383,25.362644,27.155096,26.387842,29.253582,30.98406,31.389154,34.804955,34.458584,34.507812,33.188763,34.82817,32.78184,36.04526,32.553883,37.472416,35.846153,39.740166,40.725273,43.391647,44.90699,43.854248,47.344578,45.771553,50.389515,47.969307,51.34826,49.02418,49.836815,54.619827,52.398434,48.915173,52.845596,49.849483,51.526592,52.581097,51.503204,55.450294,53.022953,55.78511,51.867218,47.813663,47.10021,44.809372,44.109188,42.721535,38.77554,38.918827,41.27894,40.034084,42.877495,39.692184,37.34916,37.08852,36.22117,38.86823,35.260498,40.375286,39.42463,40.73784,43.09468,42.375782,44.842247,42.862663,46.042282,46.14189,44.731125,43.64799,45.518406,45.3595,44.663483,47.519405,44.45484,47.97581,47.7896,47.446953,44.347614,47.627987,41.164234,43.046528,40.414936,41.071667
18,26.550348,22.805384,19.355406,18.353489,14.539947,15.347074,10.783788,11.75752,11.130734,10.534359,15.028353,12.597467,15.138548,17.426245,12.122356,10.714138,6.2651834,5.7900434,0.0,5.294357,7.490723,10.094974,13.454553,13.866552,18.635628,20.073797,21.96307,22.065186,17.204494,19.496916,19.1428,20.785986,17.530941,22.821032,20.400335,24.213623,23.66156,20.881153,22.209787,18.69388,22.07314,15.721637,19.309084,16.979296,21.2172,20.945124,22.35247,24.764444,25.583971,24.467989,21.557117,23.580544,20.481102,24.452425,22.950819,26.707874,26.48528,28.142256,32.959938,32.62721,29.609201,32.478615,28.142363,30.9064,29.080677,30.65973,34.396587,32.249805,33.361084,30.645422,26.917023,23.974388,22.546196,17.90741,17.205322,13.271146,12.906551,15.521706,15.574934,18.635107,18.235079,15.8267355,19.90065,17.011063,17.687681,13.701151,18.686697,17.513268,20.908388,22.944393,25.313324,28.240847,28.421268,30.841879,31.371933,31.209051,30.8994,30.673994,28.16605,33.102333,31.243889,35.12255,34.09744,38.157074,39.063137,38.792717,40.150986,38.668633,39.8025,39.33045,42.75293,41.62914,41.96686,42.379845,44.301254,40.89188,44.0952,41.24982,42.530293,41.818806,39.427647,43.43394,39.52908,35.59297,37.22485,38.05368,33.109856,29.62402,31.347971,27.657082,28.441053,28.90556,27.970755,30.247496,31.462463,31.848322,35.466335,35.41109,36.203274,35.209538,37.288048,35.852276,39.368942,36.517883,41.35901,40.346836,44.2282,45.485573,48.139984,49.49416,48.151386,51.549595,49.797318,54.236233,51.822502,55.394028,53.206272,54.284462,59.06908,56.824356,53.31404,56.84291,53.616787,55.01842,55.849003,54.457584,58.313633,55.58561,58.20303,54.03341,50.17952,49.678562,47.809006,46.98821,46.21994,42.05914,42.71862,45.364697,44.41397,47.434044,44.473164,41.91565,41.801155,40.593925,42.8745,39.047703,43.806946,42.18706,43.24711,45.21472,44.08836,46.38936,44.728523,47.566956,48.03127,46.96458,46.23464,48.19605,48.61308,48.12646,51.3402,48.560944,52.344543,52.337036,51.811386,48.620895,51.447567,44.916348,46.391647,43.487648,43.738926
