,0,1,2,3,4,5,6,7,8,9,10,11,12,13,14,15,16,17,18,19,20,21,22,23,24,25,26,27,28,29,30,31,32,33,34,35,36,37,38,39,40,41,42,43,44,45,46,47,48,49,50,51,52,53,54,55,56,57,58,59,60,61,62,63,64,65,66,67,68,69,70,71,72,73,74,75,76,77,78,79,80,81,82,83,84,85,86,87,88,89,90,91,92,93,94,95,96,97,98,99,100,101,102,103,104,105,106,107,108
0,0.0,4.1579275,7.0999656,10.1424465,12.552141,15.716516,18.019796,22.796232,25.68897,29.339176,31.360641,37.111042,32.83673,30.611013,26.25628,24.496683,20.161652,19.823706,15.215344,15.568936,12.24705,12.806814,17.50753,18.927671,22.640043,24.49931,25.233852,20.628489,21.430952,21.20188,21.630527,22.61432,21.110287,26.479424,25.837814,27.893747,31.148367,29.590656,30.035143,28.306341,28.46548,28.741539,27.318182,29.813824,27.9178,34.554466,31.36087,36.781025,37.55189,39.56346,36.445904,32.233025,36.675922,38.372173,33.34359,35.168472,30.69409,34.863586,33.311337,31.968998,34.693302,35.045876,34.190006,38.962273,34.796917,35.759964,37.345413,34.636864,38.92397,36.356297,40.74901,41.459568,35.798508,39.616646,37.751392,36.43241,38.46352,35.48422,40.63603,37.01668,41.16269,42.777683,38.151142,34.73351,30.93908,29.965261,26.05812,22.21756,20.877834,17.896526,15.273932,15.425472,20.71881,23.52794,24.960588,23.611912,25.917225,28.130672,33.489254,31.99095,36.8157,39.81121,40.35403,36.97789,39.53194,33.290104,33.851734,31.289835,31.01971
1,4.1579275,0.0,5.2433248,6.725364,8.837675,12.884143,14.305517,19.507349,22.073334,25.993954,27.92371,33.66663,29.809513,27.607042,23.343689,21.188938,17.037338,16.226099,11.770074,11.778928,8.923796,9.81293,14.594604,16.826591,20.17486,21.680319,22.004883,16.972998,17.452816,17.204979,17.474125,18.733507,17.557747,22.780676,22.555445,24.692976,27.695635,26.050472,26.178984,24.305185,24.431562,24.592548,23.233698,25.710321,24.057678,30.746277,27.765356,33.252113,34.25084,36.262886,33.05598,29.182812,33.821144,35.424263,30.473227,32.103645,27.408625,31.359295,29.551977,28.160627,30.618237,30.988722,30.072968,34.863815,30.835135,31.719513,33.50385,30.96154,35.249306,33.01855,37.151253,37.6835,32.03633,35.66958,33.80532,32.365566,34.43472,31.438696,36.6266,33.108166,37.278545,38.993,34.340588,31.03773,27.159922,26.503746,22.398457,18.761135,17.731842,14.9587555,12.499552,13.559768,18.475714,21.320448,22.552078,20.765684,22.881752,24.793518,30.100122,28.356806,33.19254,36.14685,36.589523,33.229084,35.661133,29.383307,30.002678,27.300241,27.226423
2,7.0999656,5.2433248,0.0,5.389311,6.8276653,9.0684395,11.865586,15.96599,19.324965,22.493189,24.790216,30.405241,25.910425,23.887959,19.26004,17.987465,13.539365,14.060584,10.053662,11.851544,10.7103405,13.072539,17.695904,20.18245,23.40459,24.358055,24.917915,19.287361,18.71434,18.868784,17.594654,20.099163,17.856253,22.441097,22.199286,23.638245,27.024948,26.039288,25.890797,23.707897,25.00758,24.285507,24.113638,25.789982,25.132029,31.168652,28.568502,33.91683,34.436996,37.129948,34.321804,29.96883,34.987915,37.16596,32.61389,34.339104,29.392761,33.32884,31.113192,30.077263,31.30903,31.96829,30.551641,35.18062,31.230423,31.206318,33.047794,30.158588,34.049995,31.345648,35.291603,35.89138,29.883251,34.022217,31.858315,30.964735,32.84239,30.289007,35.37428,32.14659,36.37381,38.361332,33.827007,30.458065,26.330679,25.976423,21.159023,18.03819,15.896407,13.4119835,12.255775,12.742905,17.240713,20.656475,20.942265,19.088554,21.905075,22.774376,28.806175,26.756296,31.8451,34.954075,34.96644,31.496838,33.65714,27.612215,27.683216,25.534649,24.824808
3,10.1424465,6.725364,5.389311,0.0,3.8674777,6.7760305,9.086586,13.585531,15.793029,20.030333,21.480865,27.359325,23.5408,21.106268,17.316542,14.653503,10.610848,9.688563,5.147628,6.5254364,6.1588216,9.338192,13.435546,16.288572,19.107826,19.620556,20.3747,14.65589,13.893199,14.805876,13.5823,17.225143,16.580776,20.668982,21.507212,23.17175,25.844645,24.53634,23.523684,20.827126,21.658897,20.360163,19.593182,21.024734,19.996817,25.88516,23.20184,28.532318,29.095434,31.751738,28.9774,24.674126,29.760952,31.951572,27.542164,29.252281,24.246712,28.24431,26.066637,25.486052,26.62549,27.638626,26.488611,31.3796,28.169113,28.057941,30.651018,28.350563,32.221336,30.427376,33.62886,33.662582,27.571232,31.115183,28.651278,27.24796,28.834562,25.811613,30.844137,27.25209,31.432066,33.243576,28.679419,25.26419,21.245735,20.72842,16.168392,12.803188,11.222918,8.726541,7.466409,9.16839,13.077462,16.27765,16.702173,14.524422,16.931433,18.205704,23.85119,21.984867,26.942997,29.997488,30.313288,26.903196,29.51721,23.319069,24.157442,21.92853,22.037731
4,12.552141,8.837675,6.8276653,3.8674777,0.0,5.9659986,5.571298,10.870874,13.353225,17.251348,19.273909,24.905327,21.382164,19.400427,15.124373,12.794513,8.955253,8.221883,5.3661895,6.842071,8.505951,11.37637,14.996029,18.55739,20.798395,20.939655,20.779007,14.659867,13.006559,13.362982,11.093507,14.837873,13.436456,17.165373,18.03341,19.489784,22.194847,21.116798,20.094013,17.444284,18.880276,17.575571,17.80369,19.159412,19.260487,25.111313,23.062878,28.394823,29.300789,32.00545,29.134834,25.506742,30.778564,32.77776,28.555805,29.882702,24.677809,28.069721,25.370293,24.386835,24.815516,25.6027,24.024965,28.662676,25.153456,24.791798,27.164734,24.687344,28.488197,26.58032,29.828474,29.982027,23.93322,27.666553,25.405096,24.251366,26.152344,23.558184,28.715132,25.697458,29.969595,32.16236,27.612053,24.50067,20.201593,20.60929,15.30284,12.945616,11.484884,9.941824,9.8857975,12.151482,15.045339,18.263168,18.01893,15.267718,17.581327,17.563335,23.45384,20.850462,25.95664,28.974571,28.763416,25.321163,27.240723,21.096886,21.308418,18.898533,18.6493
5,15.716516,12.884143,9.0684395,6.7760305,5.9659986,0.0,6.8322787,8.011014,11.120383,14.373764,16.042553,21.78687,17.219526,14.900499,10.847455,9.126066,4.617362,6.6042757,5.200689,9.177438,11.5876255,15.231874,18.440516,21.391615,23.695604,23.403236,24.276392,18.37107,16.23365,17.672342,14.429126,19.636358,18.175802,20.779772,21.961466,22.635069,25.366987,24.925684,23.254978,20.08408,22.432987,19.707388,20.674791,20.683634,21.250923,25.713919,23.825699,28.658197,28.565598,32.10827,30.001566,25.373331,30.8018,33.653416,30.027437,31.712778,26.59548,30.28083,27.604809,27.60789,26.88291,28.347498,26.591564,31.10087,28.375795,26.904049,29.762934,27.291063,30.420572,28.403568,30.873713,30.750595,24.224188,28.194937,25.184805,24.505457,25.619959,23.266983,27.964905,24.87458,29.014193,31.196291,26.944035,23.588903,19.362078,19.481602,13.989838,12.119615,8.818668,7.8463683,9.764724,10.667444,12.393064,16.041605,14.67167,12.225327,15.48685,14.605235,21.20562,18.821476,24.0169,27.215313,26.862774,23.364931,25.577862,19.878801,20.03554,18.835815,18.221092
6,18.019796,14.305517,11.865586,9.086586,5.571298,6.8322787,0.0,6.379295,8.639835,12.189406,14.61229,19.889345,16.979029,15.531526,11.2207575,9.055497,6.5691333,6.1247997,7.254276,8.803655,12.517249,15.314756,17.848778,21.840103,23.2561,22.653198,21.86136,15.7146225,12.725693,13.091083,8.837825,13.788238,12.116135,14.038575,15.673874,16.452694,18.75572,18.223812,16.425865,13.353698,16.029999,13.723703,15.702374,16.136927,18.025833,22.989153,21.941164,26.929367,27.95589,30.9425,28.289204,25.32506,30.774656,32.78604,29.160408,30.093071,24.787582,27.411695,24.092833,23.173006,22.001257,22.882132,20.71464,24.955437,21.736307,20.412003,23.01567,20.581966,23.928062,22.274382,24.86322,24.802612,18.562578,22.410076,20.014326,19.212618,21.17638,19.17486,24.288677,22.017172,26.30047,28.952868,24.587715,21.896593,17.380602,19.003227,12.928196,12.418105,11.095012,11.185532,12.774404,15.342858,16.517256,19.544613,18.285183,14.983066,17.053083,15.076112,21.088741,17.598545,22.757448,25.695944,24.774776,21.343302,22.440817,16.532396,16.016193,13.716097,13.109253
7,22.796232,19.507349,15.96599,13.585531,10.870874,8.011014,6.379295,0.0,4.997662,6.5553308,9.409388,14.550245,10.727906,9.573763,4.9209146,4.545644,4.4066653,7.0609922,10.431795,13.128834,17.261223,20.527943,22.688557,26.31876,27.585472,26.491644,26.306341,20.48617,17.046787,18.196636,13.278258,19.018686,17.241909,17.51825,19.420166,19.113132,21.19585,21.575481,19.092125,15.69764,19.532917,15.727208,18.968107,17.762241,20.71425,23.838825,23.453238,27.679607,27.867905,31.65422,29.811697,26.397726,31.91965,34.595284,31.753534,32.80221,27.64831,30.148462,26.698975,26.648937,23.863987,25.342356,22.837292,26.536556,24.28001,21.48112,24.462418,22.110136,24.363924,22.68221,24.071056,23.662083,16.98846,21.130915,17.910093,18.017914,19.100725,17.921755,22.345839,20.608091,24.648012,27.53885,23.686228,21.115627,16.749035,18.757555,12.493121,13.5477,11.109371,12.473649,15.569341,17.269543,16.916553,19.922743,17.350758,14.238113,16.730316,12.704523,19.20916,15.417722,20.529297,23.522678,21.942654,18.523304,19.216482,14.189774,12.861571,12.364959,10.855842
8,25.68897,22.073334,19.324965,15.793029,13.353225,11.120383,8.639835,4.997662,0.0,5.9408827,6.1752653,11.790331,9.981388,8.394162,7.1315274,3.516213,6.829589,6.7268267,11.498562,13.134208,17.848122,20.838562,21.95254,25.5666,26.130253,24.491562,24.240383,18.9912,15.206335,16.95861,12.019488,18.480392,18.3078,17.68287,20.599686,20.495783,21.5494,21.638271,18.209824,14.360169,17.731075,12.89562,16.103878,13.900607,17.35142,19.427647,19.572779,23.367542,23.615984,27.428217,25.811132,22.904484,28.323196,30.92939,28.60339,29.43197,24.456394,26.547388,23.022314,23.551466,19.978943,21.935535,19.610035,23.326353,22.2298,19.074688,22.985792,21.523365,23.505518,23.111895,23.36181,22.138973,15.625836,18.654842,14.8902445,14.329371,14.810969,13.186848,17.526693,15.625469,19.650375,22.572964,18.791124,16.423708,12.143086,14.800707,8.707598,11.294721,10.063913,12.454506,15.817967,17.998552,16.396076,18.650007,15.933495,12.587055,14.078326,9.12369,14.940246,10.73013,15.746817,18.658306,17.066282,13.63242,14.650429,9.312171,9.052492,8.843826,8.961921
9,29.339176,25.993954,22.493189,20.030333,17.251348,14.373764,12.189406,6.5553308,5.9408827,0.0,5.1334734,8.4238205,5.8947062,6.8558455,5.2998524,7.040999,10.162361,12.05877,16.377377,18.581827,23.111044,26.220484,27.69429,31.367834,32.037457,30.421371,29.950274,24.638414,20.758238,21.959831,16.690125,22.339493,20.823011,19.257969,21.653166,20.533367,21.742542,22.82849,19.663244,16.348759,20.922108,16.273926,20.834051,18.398527,22.773882,24.117104,24.90929,28.18523,28.2134,32.2442,30.961376,28.275597,33.583313,36.291252,34.291378,34.993233,30.116495,31.797707,28.05974,28.364985,23.915104,25.592728,22.716507,25.44523,24.203789,20.099575,23.287565,21.396906,22.383703,21.331814,21.035898,20.06469,13.5616045,17.416117,13.680999,14.862914,15.232468,15.52864,18.944588,18.619164,22.131071,25.43963,22.349812,20.600647,16.77761,19.846016,14.208071,17.072584,15.235279,17.514292,21.045956,22.727037,21.170166,23.594725,20.331959,17.390255,19.204214,13.4095,18.810564,14.468415,18.759378,21.347271,18.668528,15.652195,14.78433,11.515905,8.536145,10.112731,7.8146243
10,31.360641,27.92371,24.790216,21.480865,19.273909,16.042553,14.61229,9.409388,6.1752653,5.1334734,0.0,6.0762806,5.5537477,4.9186826,7.860405,7.007577,11.428217,12.261273,16.99455,18.83499,23.498642,26.56369,27.314766,30.621141,30.912165,28.902414,28.960814,24.273376,20.448751,22.453873,17.57788,23.894218,23.738913,22.123596,25.162413,24.429672,25.047447,25.704996,21.90127,18.217672,21.95441,16.54603,20.312767,16.966217,21.042545,20.995193,22.007254,24.599829,24.09735,28.425232,27.71094,24.897125,29.988346,32.979546,31.587164,32.3568,27.814959,29.484426,26.006905,27.25084,22.379658,24.7453,22.337946,25.208477,25.269688,21.060038,25.173025,24.121187,24.959644,24.98132,23.772875,22.000664,15.907044,18.341814,13.901163,14.2651615,13.265187,12.930115,15.650433,14.789785,18.026112,21.10763,18.32757,16.588312,13.308648,16.281168,11.613557,15.304715,13.958081,16.86621,20.668682,22.27395,19.55875,21.308325,17.772379,15.093971,16.25585,9.820868,14.336601,10.206245,14.074445,16.649769,14.106374,11.100943,11.277043,8.429297,7.473776,10.20093,10.027744
11,37.111042,33.66663,30.405241,27.359325,24.905327,21.78687,19.889345,14.550245,11.790331,8.4238205,6.0762806,0.0,6.7174487,8.750325,12.219706,12.96449,17.220379,18.236952,23.001247,24.71351,29.446997,32.399143,32.941967,36.322025,36.30239,34.08073,33.78009,29.42516,25.46407,27.167515,22.221474,27.959171,27.586943,24.901455,27.946684,26.61327,26.683512,27.9205,23.992876,20.78619,24.915798,19.546276,24.121492,20.33592,25.249882,23.99232,25.937265,27.641985,27.125303,31.379385,31.102425,29.112837,33.812733,36.651596,35.89428,36.32688,32.113113,33.022717,29.403675,30.664007,24.734364,26.976973,24.31882,26.041067,26.809608,21.7782,25.602097,24.911652,24.558458,25.017117,22.408117,20.245441,15.206507,16.898796,12.514888,14.163192,12.3617115,14.08269,15.044816,16.207022,18.3964,21.744987,20.0768,19.428926,17.078289,20.58517,16.863546,21.00674,19.94988,22.91918,26.725729,28.296476,25.342909,26.820032,23.114838,20.730906,21.501513,14.914668,17.689913,13.792594,15.961086,17.668766,13.931234,12.081138,9.66837,10.484358,7.9164968,12.15223,11.413452
12,32.83673,29.809513,25.910425,23.5408,21.382164,17.219526,16.979029,10.727906,9.981388,5.8947062,5.5537477,6.7174487,0.0,3.85734,6.7429776,9.46082,12.95211,15.438918,19.603622,22.263859,26.61883,29.992167,31.36958,34.567093,35.323097,33.546795,33.86781,28.83678,25.104382,26.9039,21.833212,27.899475,26.6141,25.140062,27.498238,26.230536,27.435616,28.65643,25.365461,22.003458,26.367369,21.311972,25.433867,22.370901,26.356714,26.467518,27.291967,29.8443,28.890366,33.48113,32.98617,29.61694,34.710567,38.030773,36.602177,37.589577,33.0094,34.93861,31.501537,32.607216,27.805069,29.98435,27.343348,29.909828,29.471941,25.021437,28.44187,26.801506,27.227932,26.281826,25.227331,23.959455,17.97345,21.230593,17.100235,18.544891,17.652155,18.17989,20.368183,20.026297,22.89854,25.90406,23.508047,21.74968,18.642244,21.086739,16.4113,19.414827,17.030548,19.564098,23.500034,24.411562,22.000534,24.148024,20.248814,18.07676,20.034939,13.860779,18.717842,15.217229,18.728714,21.181267,18.439909,15.838405,15.377766,13.803197,11.654227,14.65679,12.945612
13,30.611013,27.607042,23.887959,21.106268,19.400427,14.900499,15.531526,9.573763,8.394162,6.8558455,4.9186826,8.750325,3.85734,0.0,5.9936876,6.927055,10.579776,12.820497,16.8668,19.569927,23.801374,27.236246,28.506931,31.435202,32.277092,30.517765,31.327503,26.405825,22.89001,25.127026,20.366182,26.859278,26.146338,25.304472,27.835274,27.04824,28.339783,29.089499,25.69885,22.037025,25.826426,20.653362,23.917765,20.89783,24.105925,24.32982,24.653933,27.33263,26.089012,30.801453,30.357153,26.418694,31.549652,35.088074,33.576473,34.810413,30.261993,32.63024,29.465544,30.919497,26.646997,29.097645,26.814758,29.948648,29.632202,25.623915,29.459463,27.952623,28.921684,28.168793,27.482334,26.097631,19.852262,22.873617,18.55106,19.152004,18.122566,17.577059,20.093317,18.661047,21.739902,24.401001,21.708471,19.433716,16.272034,18.052382,13.514337,16.187122,13.607948,16.225653,20.248686,20.998957,18.281456,20.348892,16.405418,14.346146,16.43345,10.509779,15.847829,12.791333,16.679653,19.4366,17.443466,14.545025,15.577489,13.002344,12.321622,14.802161,13.991801
14,26.25628,23.343689,19.26004,17.316542,15.124373,10.847455,11.2207575,4.9209146,7.1315274,5.2998524,7.860405,12.219706,6.7429776,5.9936876,0.0,5.488673,7.039214,10.619573,14.016796,17.15942,21.15784,24.645359,26.7402,30.034666,31.346949,30.081402,30.398493,24.795137,21.340765,22.851562,17.900797,23.801086,21.903563,21.678194,23.498703,22.665823,24.702938,25.557793,22.917141,19.555176,23.741558,19.422915,22.979326,21.025303,24.209095,26.183723,26.070211,29.70069,29.173136,33.470573,32.244236,28.392801,33.823242,36.985073,34.638012,35.84522,30.879759,33.419113,30.045732,30.542192,27.056616,28.869747,26.293344,29.61689,27.93784,24.435282,27.482716,25.186722,26.701323,24.909328,25.54451,24.977404,18.379961,22.534748,18.888504,19.690727,19.974909,19.433882,23.03693,21.660215,25.310205,28.197845,24.86618,22.390593,18.440958,20.319544,14.569077,16.178183,13.129298,14.893401,18.504889,19.429684,18.27894,21.172077,17.837416,15.29158,18.044739,13.118879,19.531792,16.001755,20.709755,23.644224,21.707586,18.486404,18.973326,15.145783,13.410546,14.481507,12.520575
15,24.496683,21.188938,17.987465,14.653503,12.794513,9.126066,9.055497,4.545644,3.516213,7.040999,7.007577,12.96449,9.46082,6.927055,5.488673,0.0,4.529363,6.00301,10.289682,12.824096,17.185148,20.543303,22.034964,25.266737,26.276571,24.816648,25.325153,19.990597,16.578962,18.689154,14.103532,20.679298,20.248022,20.357748,22.88329,22.815382,24.343689,24.431765,21.309713,17.515163,20.70056,16.07228,18.566088,16.526897,19.041985,21.130833,20.689316,24.496876,24.107712,28.251802,26.889076,23.00818,28.475233,31.546476,29.150036,30.386261,25.445915,28.155466,24.968393,25.832584,22.765133,24.898073,22.798517,26.708315,25.542862,22.557829,26.360651,24.675493,26.723143,25.881977,26.403889,25.343695,18.747581,22.01259,18.15036,17.728704,17.853783,16.046406,20.07516,17.645468,21.55042,24.146103,20.419817,17.590843,13.470685,15.065521,9.159204,10.805367,8.283889,10.591703,14.325784,15.847389,14.151493,16.718689,13.686807,10.6338415,12.96137,8.349759,14.99149,11.5654335,16.664858,19.772278,18.589483,15.135578,16.923035,11.91435,12.050522,12.331567,12.140808
16,20.161652,17.037338,13.539365,10.610848,8.955253,4.617362,6.5691333,4.4066653,6.829589,10.162361,11.428217,17.220379,12.95211,10.579776,7.039214,4.529363,0.0,4.5990434,6.997274,10.418356,14.163949,17.729753,20.056557,23.23752,24.87923,23.968063,24.627283,18.874456,15.963343,17.758474,13.618482,19.708338,18.661728,19.992952,21.862627,22.122906,24.324495,24.184835,21.781452,18.249254,21.137955,17.44007,19.254362,18.292385,19.870827,23.292095,22.087574,26.50162,26.277756,30.146297,28.373095,24.06819,29.591784,32.574352,29.52368,30.990198,25.889584,29.114319,26.130413,26.520506,24.6184,26.394382,24.41401,28.661953,26.610064,24.369205,27.668282,25.505804,28.134878,26.608269,28.19345,27.662857,21.02351,24.778255,21.382261,20.865093,21.59422,19.515879,23.962654,21.195486,25.262028,27.666346,23.628443,20.49049,16.22476,17.048391,11.125595,10.825684,7.5387034,8.42963,11.662705,12.976753,12.780212,16.027893,13.697066,10.786368,13.810267,11.168349,17.979492,15.083359,20.30382,23.48311,22.725847,19.231724,21.203735,15.778107,15.824001,15.21187,14.664837
17,19.823706,16.226099,14.060584,9.688563,8.221883,6.6042757,6.1247997,7.0609922,6.7268267,12.05877,12.261273,18.236952,15.438918,12.820497,10.619573,6.00301,4.5990434,0.0,4.903958,6.8256826,11.31124,14.563499,16.170124,19.554193,20.762247,19.649508,20.142693,14.531325,11.561234,13.821393,10.130214,16.660057,17.091368,18.529188,21.006294,21.873724,23.479631,22.70969,19.961023,16.247473,18.107807,14.426868,15.168848,14.430487,15.364786,19.266369,17.808403,22.51182,22.760727,26.231186,24.130022,20.204725,25.734747,28.376629,25.178001,26.517527,21.366295,24.581385,21.672989,22.151793,20.736517,22.614508,21.047363,25.684456,23.988934,22.302164,26.057367,24.453745,27.429926,26.728857,28.156412,27.287006,20.909422,23.88068,20.583334,19.168312,19.968239,17.045063,21.783298,18.425547,22.610443,24.79551,20.456263,17.229513,12.887664,13.597039,7.6837397,6.897845,5.178242,6.357149,9.231218,11.7356615,11.264827,13.979123,12.400143,8.959618,11.024899,9.451751,15.585383,12.8171625,18.009037,21.122295,20.909744,17.43761,20.001186,13.959299,15.201123,13.767418,14.528281
18,15.215344,11.770074,10.053662,5.147628,5.3661895,5.200689,7.254276,10.431795,11.498562,16.377377,16.99455,23.001247,19.603622,16.8668,14.016796,10.289682,6.997274,4.903958,0.0,4.138711,7.1794815,10.815963,13.45553,16.522366,18.575987,18.209358,19.212055,13.481379,11.718482,13.730051,11.492877,16.915419,17.206495,20.069244,21.874704,23.23273,25.327106,24.178656,22.181099,18.869797,19.979115,17.440498,16.953472,17.368444,16.78141,21.782097,19.399618,24.490582,24.761795,27.84743,25.437765,20.984867,26.334932,28.881845,25.018795,26.700893,21.598585,25.487114,23.095623,23.26663,23.363874,24.941763,23.75273,28.673,26.374605,25.55461,28.890299,27.03142,30.50645,29.367165,31.619308,31.11514,24.839888,28.000612,25.042412,23.490353,24.569443,21.381432,26.217455,22.468567,26.610361,28.432571,23.954454,20.478401,16.417025,16.01898,11.166091,8.143487,6.320447,4.636511,5.6071944,8.180724,9.915557,13.058136,12.715481,9.972659,12.354174,13.074104,18.817537,16.889174,21.87487,24.96983,25.286804,21.877426,24.786165,18.650776,19.986126,18.159857,18.767036
19,15.568936,11.778928,11.851544,6.5254364,6.842071,9.177438,8.803655,13.128834,13.134208,18.581827,18.83499,24.71351,22.263859,19.569927,17.15942,12.824096,10.418356,6.8256826,4.138711,0.0,4.858387,7.761427,9.6969595,13.266923,14.915445,14.547743,15.130328,9.369382,8.050162,10.260484,9.333512,14.306834,16.011189,19.05854,21.193958,23.081486,24.66961,22.960953,20.912033,17.741116,17.70458,15.757358,13.976535,15.132329,13.569242,19.411413,16.731709,22.11864,23.052284,25.486448,22.600374,18.827364,24.008116,25.979412,21.78817,23.26891,18.12265,21.96493,19.7207,19.666338,20.67178,22.094978,21.36023,26.50894,24.339842,24.23886,27.70175,26.285198,30.048582,29.509533,31.745823,31.084675,25.20772,27.756203,25.101742,22.944616,24.218885,20.563463,25.512808,21.525242,25.622776,27.232315,22.598293,19.263361,15.417329,14.929845,10.8752575,7.3935823,7.9718475,6.5071816,5.6611223,9.451553,11.113131,13.374909,13.971695,11.187753,12.311332,14.031001,18.67107,16.93449,21.56495,24.440212,25.13538,21.89179,24.956465,18.640427,20.57045,18.1067,19.482466
20,12.24705,8.923796,10.7103405,6.1588216,8.505951,11.5876255,12.517249,17.261223,17.848122,23.111044,23.498642,29.446997,26.61883,23.801374,21.15784,17.185148,14.163949,11.31124,7.1794815,4.858387,0.0,3.799526,7.4131117,10.203348,12.964519,13.670749,14.931451,9.9516735,10.593398,12.204066,12.972599,16.278486,17.984137,22.00975,23.54601,25.804964,27.660788,25.64897,24.24699,21.505337,20.803255,19.803778,17.114916,19.021263,16.230764,22.509403,19.14547,24.537422,25.438034,27.392933,24.33512,20.265728,24.95273,26.712965,21.978626,23.770552,19.003117,23.364971,21.834604,21.578173,23.972351,25.130135,24.820127,30.045933,27.55432,28.159447,31.275915,29.760971,33.828716,33.039787,35.810738,35.380035,29.63904,32.240734,29.799835,27.556437,28.927727,25.117561,30.00753,25.756472,29.712442,30.96445,26.3495,22.919762,19.487238,18.179651,15.159245,10.946805,11.385044,8.81644,5.557751,8.566366,12.047119,14.076104,15.837636,13.910966,15.008825,18.070292,22.292137,21.221342,25.586382,28.386837,29.503572,26.350578,29.694965,23.396807,25.42002,22.840738,24.123863
21,12.806814,9.81293,13.072539,9.338192,11.37637,15.231874,15.314756,20.527943,20.838562,26.220484,26.56369,32.399143,29.992167,27.236246,24.645359,20.543303,17.729753,14.563499,10.815963,7.761427,3.799526,0.0,4.801237,7.6673284,10.489793,11.884333,12.731247,8.632221,10.664784,11.684288,13.973857,15.877419,18.393242,22.697668,24.152397,26.80741,28.389927,25.96565,24.851282,22.486717,20.87022,20.730703,17.122597,19.762829,16.16861,22.936958,19.36375,24.755539,26.170465,27.405039,23.963852,20.614424,24.809023,25.902248,20.792105,22.406708,17.934393,22.191029,21.068874,20.399849,23.94229,24.762278,24.890419,30.11788,27.560139,28.90042,31.84237,30.578663,34.87041,34.36005,37.298607,36.88757,31.527187,33.77583,31.671768,29.123354,30.68674,26.704191,31.575222,27.287155,31.105833,32.150055,27.538656,24.324131,21.221634,19.838764,17.54723,13.426086,14.693872,12.321191,8.850042,11.614634,14.98395,16.375309,18.705442,16.935368,17.389174,20.912361,24.408571,23.52384,27.545431,30.130762,31.490133,28.502254,31.840845,25.554108,27.77558,24.82847,26.412088
22,17.50753,14.594604,17.695904,13.435546,14.996029,18.440516,17.848778,22.688557,21.95254,27.69429,27.314766,32.941967,31.36958,28.506931,26.7402,22.034964,20.056557,16.170124,13.45553,9.6969595,7.4131117,4.801237,0.0,4.646921,5.978993,7.212652,8.371492,6.039343,9.332485,11.003204,14.34711,16.163235,20.242926,23.845188,25.940529,28.727203,29.600027,26.88754,25.275873,22.861887,20.331324,20.156382,15.34412,18.009615,13.198468,19.810598,15.95173,21.138449,22.949036,23.513102,19.860075,17.203398,20.92881,21.49161,16.245121,17.741789,13.498634,17.859692,17.297798,17.089739,21.37814,22.387924,23.193785,28.466143,26.790483,28.408314,31.798193,31.221827,35.40604,35.726147,38.07438,37.23987,32.229008,33.695465,31.599352,28.538492,29.827261,25.445278,29.980944,25.416708,28.903189,29.525835,25.047462,22.057476,19.619925,17.9222,17.006914,13.156551,15.708699,13.980062,10.85619,13.863705,15.84998,16.19642,18.92948,17.282446,16.61525,20.760288,22.930231,22.554762,25.891735,28.144167,29.986486,27.32389,30.996107,24.945293,27.89938,24.90021,27.247057
23,18.927671,16.826591,20.18245,16.288572,18.55739,21.391615,21.840103,26.31876,25.5666,31.367834,30.621141,36.322025,34.567093,31.435202,30.034666,25.266737,23.23752,19.554193,16.522366,13.266923,10.203348,7.6673284,4.646921,0.0,4.239845,6.8163123,10.285947,10.236633,13.62815,15.544101,18.889086,20.710947,24.771708,28.486948,30.502562,33.31119,34.236412,31.487762,29.884993,27.439598,24.78687,24.477234,19.374027,21.711775,16.22689,21.954525,17.59518,22.183342,23.481707,23.719316,20.413717,17.14601,20.028133,20.643803,15.314323,17.404625,14.177013,19.08855,19.534533,20.030924,24.739777,25.974813,27.156527,32.405884,31.124357,32.78886,36.3124,35.84351,39.99996,40.362476,42.638466,41.70307,36.637547,37.9971,35.72276,32.564713,33.51628,28.918474,33.125214,28.169489,31.352568,31.465572,27.226553,24.120152,22.276478,19.671783,19.850916,15.668269,18.062426,16.093763,12.580749,14.577467,16.531797,16.15749,19.668627,18.83998,17.952963,23.112661,24.660513,25.128626,28.039028,30.170757,32.541622,30.047823,34.255367,28.384232,31.725487,28.992079,31.457148
24,22.640043,20.17486,23.40459,19.107826,20.798395,23.695604,23.2561,27.585472,26.130253,32.037457,30.912165,36.30239,35.323097,32.277092,31.346949,26.276571,24.87923,20.762247,18.575987,14.915445,12.964519,10.489793,5.978993,4.239845,0.0,3.3461106,7.055365,9.328346,12.9640045,14.959244,18.79694,20.342443,25.338156,28.444868,30.891768,33.762516,34.116425,31.194702,29.277544,26.91065,23.64056,23.42871,17.685762,20.020683,13.961247,19.33152,15.040057,19.29146,21.194891,20.675634,17.065662,15.062763,17.40601,17.207077,11.728544,13.4446335,10.548754,15.231103,16.177307,16.951649,22.152208,23.411955,25.087847,30.199627,29.579138,31.468245,35.21058,35.274586,39.30247,40.309444,42.13906,40.9192,36.26009,36.987343,34.856644,31.365753,32.198936,27.45628,31.35369,26.427128,29.291857,29.14828,25.086544,22.3802,21.088993,18.634085,19.692518,16.163633,19.377739,18.031952,15.095212,17.536081,18.485935,17.579983,20.928497,19.932615,18.25099,23.292685,23.809935,24.42865,26.743826,28.523642,31.110401,28.927914,33.11969,27.546768,31.25436,28.430584,31.388313
25,24.49931,21.680319,24.358055,19.620556,20.939655,23.403236,22.653198,26.491644,24.491562,30.421371,28.902414,34.08073,33.546795,30.517765,30.081402,24.816648,23.968063,19.649508,18.209358,14.547743,13.670749,11.884333,7.212652,6.8163123,3.3461106,0.0,5.9722714,8.6343155,11.673424,14.254371,17.716097,19.920486,25.246496,27.745846,30.605957,33.307423,33.372784,30.553715,28.17101,25.593037,22.359995,21.606798,15.778725,17.57973,11.277335,16.097832,11.755332,15.949513,17.984766,17.468033,13.816988,12.0522585,14.612247,14.490503,9.108521,10.816091,7.3926663,12.43146,13.36675,14.913574,19.597754,21.238304,23.023582,28.11221,28.109959,29.668055,33.769104,34.109455,37.89835,39.265526,40.606064,39.11535,34.530575,34.931213,32.661297,29.040974,29.598705,24.753042,28.407331,23.396708,26.10873,25.855156,21.863611,19.257578,18.278788,15.817475,17.47756,14.439811,18.11764,17.313719,15.005174,17.682037,17.689915,16.47577,19.519989,18.407747,16.21696,21.117117,21.011148,21.772306,23.749393,25.387972,28.09381,26.068323,30.368732,25.028193,29.039328,26.386995,29.64524
26,25.233852,22.004883,24.917915,20.3747,20.779007,24.276392,21.86136,26.306341,24.240383,29.950274,28.960814,33.78009,33.86781,31.327503,30.398493,25.325153,24.627283,20.142693,19.212055,15.130328,14.931451,12.731247,8.371492,10.285947,7.055365,5.9722714,0.0,6.2234087,9.487975,10.634214,15.122585,15.659706,21.72011,23.869066,26.77583,29.689339,29.254372,26.143723,24.000635,21.99559,17.906502,18.355152,12.07088,15.090679,9.324561,15.499239,12.362362,16.813059,20.228004,19.171947,14.728117,15.52911,18.151302,16.839079,11.871056,11.725398,7.9401593,10.530096,10.513835,10.071667,16.016865,16.752481,18.73475,23.63224,23.270882,25.619228,29.300419,29.920973,33.834557,35.54934,37.023342,35.66228,31.722672,31.78015,30.205427,26.458973,27.67832,23.150795,27.058008,22.856894,25.673252,25.926125,21.836502,19.945818,18.612038,17.711535,18.346802,16.221094,20.09797,19.579279,17.58892,20.970276,21.360434,20.824875,23.17308,21.26161,19.229263,22.71759,22.870516,22.54417,24.630714,26.088917,28.158503,26.180653,29.49728,24.171824,27.673574,24.386497,27.698835
27,20.628489,16.972998,19.287361,14.65589,14.659867,18.37107,15.7146225,20.48617,18.9912,24.638414,24.273376,29.42516,28.83678,26.405825,24.795137,19.990597,18.874456,14.531325,13.481379,9.369382,9.9516735,8.632221,6.039343,10.236633,9.328346,8.6343155,6.2234087,0.0,4.1238704,5.725559,9.667958,11.435509,16.641811,19.220194,21.972452,24.70931,24.897112,22.104982,20.012,17.621206,14.620551,14.567555,9.386874,12.5660515,8.3895,15.810027,12.959568,18.382847,21.146353,21.59924,17.55116,16.621838,20.710745,20.76632,16.035816,16.49959,11.573078,14.54933,12.792567,11.810872,15.666173,16.46092,17.165478,22.428257,20.941929,22.610994,26.16341,26.00069,30.055481,30.990147,32.901875,31.869057,27.281149,28.246862,26.457342,23.185888,24.756674,20.519356,25.166992,21.166107,24.720278,25.765024,21.214811,18.788446,16.142376,15.856143,14.431079,12.043988,15.351679,14.704807,12.986231,16.764746,17.669113,18.157644,19.864792,17.387594,16.287868,18.914005,20.78847,19.536146,22.773653,24.82916,26.178566,23.623516,26.593466,20.662024,23.485971,20.103096,22.829338
28,21.430952,17.452816,18.71434,13.893199,13.006559,16.23365,12.725693,17.046787,15.206335,20.758238,20.448751,25.46407,25.104382,22.89001,21.340765,16.578962,15.963343,11.561234,11.718482,8.050162,10.593398,10.664784,9.332485,13.62815,12.9640045,11.673424,9.487975,4.1238704,0.0,4.185901,6.063105,9.809852,14.653785,16.44128,19.623878,21.990744,22.099613,19.655268,17.013176,14.1640415,11.944962,10.857059,6.612639,9.251306,6.95221,14.177915,12.189998,17.67189,20.317081,21.464758,17.72303,16.752964,21.406998,21.934616,17.850681,18.168362,12.935591,15.32341,12.537032,11.674329,13.491276,14.560095,14.5338545,19.861475,18.40941,19.301418,23.141663,22.893028,26.725794,27.687654,29.27603,28.136501,23.341105,24.420826,22.452879,19.30853,20.932371,16.877735,21.771553,18.095213,21.922077,23.457672,18.809189,16.439877,13.2078495,13.918992,11.382629,9.98899,13.206591,13.253638,12.662034,16.615246,16.904472,17.77743,18.586424,15.614237,14.719259,16.026808,18.389616,16.384642,19.97477,22.167084,22.982847,20.271173,22.84731,16.811853,19.39648,16.001745,18.74566
29,21.20188,17.204979,18.868784,14.805876,13.362982,17.672342,13.091083,18.196636,16.95861,21.959831,22.453873,27.167515,26.9039,25.127026,22.851562,18.689154,17.758474,13.821393,13.730051,10.260484,12.204066,11.684288,11.003204,15.544101,14.959244,14.254371,10.634214,5.725559,4.185901,0.0,5.372203,5.884949,11.426915,13.554208,16.452318,19.196096,19.191677,16.385267,14.4124975,12.325176,9.391725,10.336484,6.67826,10.752912,9.746776,17.042477,15.637854,20.913465,24.03618,24.774284,20.749512,20.649157,25.029692,24.985374,20.762547,20.625547,15.673442,17.15664,14.15941,11.585173,13.995666,13.894804,13.5761595,18.625912,15.982532,17.779613,20.823914,20.408752,24.615812,25.44134,27.643852,26.910358,22.588268,23.771582,22.553154,19.594143,21.976742,18.511517,23.548271,20.670141,24.468597,26.2887,21.744278,19.837254,16.54754,17.884087,14.872613,13.789157,16.461836,16.271072,15.454784,19.390057,20.415873,21.620728,22.382282,19.295174,18.74622,19.473572,22.134161,19.634518,23.258963,25.326223,25.681845,23.016928,24.718376,18.81738,20.52343,16.587008,18.876879
30,21.630527,17.474125,17.594654,13.5823,11.093507,14.429126,8.837825,13.278258,12.019488,16.690125,17.57788,22.221474,21.833212,20.366182,17.900797,14.103532,13.618482,10.130214,11.492877,9.333512,12.972599,13.973857,14.34711,18.889086,18.79694,17.716097,15.122585,9.667958,6.063105,5.372203,0.0,6.966257,9.934141,10.954674,14.289624,16.258091,16.581799,14.623637,11.909004,8.805851,8.511822,7.191257,7.2163644,9.293517,11.045236,17.078337,16.439121,21.534773,24.04298,25.770815,22.34231,21.534,26.483847,27.238222,23.583694,23.658077,18.472557,19.95949,16.350176,14.569206,14.172051,14.575144,12.983526,17.807795,15.049437,15.191087,18.524635,17.565271,21.429047,21.840822,23.772968,23.029879,18.008818,19.875425,18.22196,15.797603,18.25787,15.334637,20.657948,18.293833,22.405695,24.821995,20.299847,18.32963,14.340259,16.603298,12.073617,12.107831,13.915063,14.396577,14.871547,18.647165,19.145748,20.889261,20.614027,17.151615,17.215092,16.270456,19.927101,16.561348,20.760426,23.093159,22.684755,19.738052,20.865442,14.827399,15.757787,11.902422,13.735876
31,22.61432,18.733507,20.099163,17.225143,14.837873,19.636358,13.788238,19.018686,18.480392,22.339493,23.894218,27.959171,27.899475,26.859278,23.801086,20.679298,19.708338,16.660057,16.915419,14.306834,16.278486,15.877419,16.163235,20.710947,20.342443,19.920486,15.659706,11.435509,9.809852,5.884949,6.966257,0.0,6.771713,8.658739,11.173466,14.238954,14.01377,10.89386,10.019529,9.344312,6.5472183,10.119237,9.3862295,13.405637,14.565846,21.188234,20.692278,25.642178,29.023445,29.727644,25.691313,26.228466,30.582964,30.270618,26.234007,25.69412,20.98667,21.489994,18.091394,14.285488,15.773229,14.384618,13.073141,17.129232,12.557581,15.093365,16.724178,15.821758,20.407717,20.893242,23.886356,23.791552,20.176577,21.650545,21.468283,19.120583,22.418745,20.078074,25.142036,23.51115,27.275394,29.623695,25.294655,23.917662,20.422308,22.685366,18.855972,18.49967,20.452866,20.35081,19.868702,23.65465,25.081718,26.753157,27.052021,23.729376,23.644432,23.19485,26.36143,23.088902,26.824205,28.791666,28.324888,25.704332,26.080122,20.595366,20.883198,16.555168,17.918913
32,21.110287,17.557747,17.856253,16.580776,13.436456,18.175802,12.116135,17.241909,18.3078,20.823011,23.738913,27.586943,26.6141,26.146338,21.903563,20.248022,18.661728,17.091368,17.206495,16.011189,17.984137,18.393242,20.242926,24.771708,25.338156,25.246496,21.72011,16.641811,14.653785,11.426915,9.934141,6.771713,0.0,5.790277,5.7876253,8.857735,10.556417,8.499557,9.636049,9.741079,10.567487,13.236645,15.043938,18.00547,20.199417,26.457071,26.04924,31.097214,33.919727,35.3236,31.576708,31.194687,35.98294,36.25544,32.168808,31.974745,27.035027,27.969217,24.420696,20.909727,21.239048,19.915474,17.663868,20.865902,15.121152,16.54174,16.674284,13.992643,18.655434,17.165527,21.594246,22.534033,18.634197,21.628752,21.721634,20.644339,24.292112,22.960997,28.12142,27.101645,31.08189,33.88938,29.592983,28.013475,23.974112,26.469528,21.433163,21.136608,21.750471,21.465342,21.381144,24.672873,26.71918,29.15826,28.901379,25.506556,26.410133,25.032732,29.492006,25.686127,30.032433,32.3029,31.146029,28.247498,27.87863,22.532984,21.313915,17.334896,16.8989
33,26.479424,22.780676,22.441097,20.668982,17.165373,20.779772,14.038575,17.51825,17.68287,19.257969,22.123596,24.901455,25.140062,25.304472,21.678194,20.357748,19.992952,18.529188,20.069244,19.05854,22.00975,22.697668,23.845188,28.486948,28.444868,27.745846,23.869066,19.220194,16.44128,13.554208,10.954674,8.658739,5.790277,0.0,4.556201,6.2546363,5.7898645,4.213627,4.2491508,5.6098337,8.185721,10.716838,14.539783,16.593908,20.445007,25.522696,26.163263,30.630346,33.648182,35.084717,31.577345,32.014942,36.74119,36.900658,33.45884,32.853806,28.053083,28.07545,24.05728,20.56455,19.1431,17.562143,14.560408,16.722118,10.788055,11.383278,11.068103,8.323809,12.964858,12.331737,16.11163,16.924736,13.734613,16.308228,17.116526,16.394812,20.428665,20.042017,24.806126,24.903296,28.590979,31.745642,27.853573,26.959387,23.141003,26.56647,21.59124,22.557938,23.392529,23.89816,24.586151,28.00188,29.09843,31.33463,30.517876,26.937235,27.513004,25.008247,28.93144,24.647007,28.538336,30.477367,28.68858,26.111067,24.635406,20.138542,18.157576,14.157621,13.567288
34,25.837814,22.555445,22.199286,21.507212,18.03341,21.961466,15.673874,19.420166,20.599686,21.653166,25.162413,27.946684,27.498238,27.835274,23.498703,22.88329,21.862627,21.006294,21.874704,21.193958,23.54601,24.152397,25.940529,30.502562,30.891768,30.605957,26.77583,21.972452,19.623878,16.452318,14.289624,11.173466,5.7876253,4.556201,0.0,3.6344988,5.6523156,5.034325,8.209395,10.092071,12.343201,15.199552,18.601158,20.956627,24.358507,29.837246,30.16899,34.842403,37.77211,39.244236,35.63704,35.75278,40.545372,40.73183,36.987194,36.507786,31.671392,31.949316,28.093323,24.346663,23.55165,21.779234,18.921188,20.768843,14.3821535,15.334236,13.688692,10.072512,14.514791,12.180745,17.46545,19.200275,16.420622,19.622002,20.73281,20.548683,24.59646,24.424513,29.18501,29.288761,33.040558,36.21411,32.266052,31.186344,27.214558,30.389164,25.136726,25.636461,25.999372,26.10412,26.527906,29.693588,31.44454,33.98729,33.251495,29.74691,30.73129,28.370897,32.80837,28.53809,32.679462,34.75237,32.908607,30.221249,28.678087,24.19019,21.80964,18.098299,16.716602
35,27.893747,24.692976,23.638245,23.17175,19.489784,22.635069,16.452694,19.113132,20.495783,20.533367,24.429672,26.61327,26.230536,27.04824,22.665823,22.815382,22.122906,21.873724,23.23273,23.081486,25.804964,26.80741,28.727203,33.31119,33.762516,33.307423,29.689339,24.70931,21.990744,19.196096,16.258091,14.238954,8.857735,6.2546363,3.6344988,0.0,4.6109843,6.461972,9.035384,10.859023,14.361015,16.329924,20.680231,22.360502,26.423664,31.33082,31.98623,36.466038,39.171116,40.95664,37.597298,37.57661,42.497826,42.929775,39.42352,38.976364,34.081444,34.30221,30.271368,26.809845,25.120472,23.523792,20.302534,21.628433,15.521811,15.351239,13.232115,8.918446,12.620479,9.124803,14.864168,17.06932,14.459569,18.202711,19.513048,20.078114,24.106922,24.618736,29.125248,29.76113,33.427124,36.82295,33.077423,32.1268,28.117317,31.585564,26.073278,27.02021,27.01056,27.3761,28.25462,31.24226,32.729916,35.405075,34.250824,30.725767,31.907118,28.863602,33.482635,28.968676,33.091965,35.14483,32.872906,30.238888,28.11734,24.131691,21.007559,17.764149,15.586772
36,31.148367,27.695635,27.024948,25.844645,22.194847,25.366987,18.75572,21.19585,21.5494,21.742542,25.047447,26.683512,27.435616,28.339783,24.702938,24.343689,24.324495,23.479631,25.327106,24.66961,27.660788,28.389927,29.600027,34.236412,34.116425,33.372784,29.254372,24.897112,22.099613,19.191677,16.581799,14.01377,10.556417,5.7898645,5.6523156,4.6109843,0.0,3.7583125,6.2562695,9.3816595,12.346947,14.880209,19.445034,21.024704,25.538017,29.919752,31.12105,35.204338,38.307053,39.719463,36.338844,37.220684,41.869164,41.894203,38.71769,37.86912,33.244923,32.718445,28.583166,24.895752,22.753757,20.745985,17.44558,17.922882,11.743496,11.852487,8.853538,4.7559624,9.001642,7.573343,12.392191,14.27758,13.025465,15.509093,17.649548,17.963448,22.214682,23.02735,27.172945,28.365267,31.70975,35.116714,31.642134,31.225004,27.586353,31.441343,26.430801,27.875608,28.477022,29.168367,30.107653,33.39116,34.396053,36.71856,35.590996,31.985235,32.643303,29.474419,33.299892,28.744364,32.3417,34.04291,31.6714,29.38163,26.805294,23.353512,20.358566,16.916489,15.436056
