,0,1,2,3,4,5,6,7,8,9,10,11,12,13,14,15,16,17,18,19,20,21,22,23,24,25,26,27,28,29,30,31,32,33,34,35,36,37,38,39,40,41,42,43,44,45,46,47,48,49,50,51,52,53,54,55,56,57,58,59,60,61,62,63,64,65,66,67,68,69,70,71,72,73,74,75,76,77,78,79,80,81,82,83,84,85,86,87,88,89,90,91,92,93,94,95,96,97,98,99,100,101,102,103,104,105,106,107
0,0.0,4.3475375,6.050178,9.393774,11.915852,13.917679,17.645012,21.346258,24.50002,27.147348,30.173326,32.67866,36.21995,38.092403,34.202038,29.954735,27.831005,25.658142,24.311064,21.220594,18.261875,19.836721,15.005258,17.47229,20.741297,23.733812,23.772358,27.783556,28.190802,32.709,31.864294,36.940548,40.219234,41.274727,36.361504,34.5638,38.465385,38.39583,33.611874,33.630978,38.399353,34.044865,31.321867,35.366783,37.940117,32.135212,32.474384,37.546635,38.036335,40.717484,36.2045,33.260296,36.412136,36.84993,31.497948,27.051832,27.775263,25.124207,28.94763,33.45271,28.97281,30.717579,31.18511,35.032944,35.295986,32.640865,32.148186,31.776886,28.230099,25.88862,26.55185,27.147282,23.66304,19.962107,21.43228,17.098846,17.787628,22.025274,18.797403,24.043835,24.259138,26.278461,27.455976,25.014027,25.171013,20.400087,21.893877,16.51551,17.963472,16.88229,19.711967,20.853512,23.48485,25.275557,24.856916,25.749235,29.121346,30.571812,29.444231,29.823431,29.581135,28.96265,29.804287,30.594934,31.14427,34.336346,35.236675,39.2527
1,4.3475375,0.0,5.3987107,6.408117,8.873585,12.107413,14.788369,19.414474,22.11736,25.275743,28.246954,30.967344,34.316055,35.91748,31.959295,27.40316,25.440996,22.728186,22.087086,18.241852,15.904147,17.67538,13.570394,14.3971195,17.527084,20.607536,20.081099,24.2364,24.543247,29.004528,28.237034,32.957504,36.570324,37.481937,32.631145,31.055185,35.103634,34.95707,30.348822,30.546034,35.37865,31.139101,28.558443,32.83217,35.346264,29.90843,30.606709,35.53873,36.210255,38.545223,33.888237,31.707853,34.75002,34.784817,29.581503,24.996784,25.285942,22.43305,26.533667,30.829065,25.820675,27.535265,27.68865,31.720026,31.910994,29.018318,28.321236,27.729576,24.365095,22.252926,22.532745,22.94214,19.684366,16.056452,17.911345,13.944337,15.075694,19.622137,17.140709,22.521843,23.03487,25.583824,26.047918,23.22605,22.820274,18.432783,18.8659,13.205487,14.01156,12.685869,15.394043,16.618023,19.16776,20.974886,20.781042,21.591213,24.794367,26.325647,25.414505,25.788982,25.6776,25.339945,26.094292,27.444433,27.724394,31.221924,32.184822,36.301052
2,6.050178,5.3987107,0.0,5.2253675,6.7287784,8.131344,11.98185,15.301082,18.57978,21.110968,24.224983,26.673012,30.243721,32.07552,28.175163,24.023233,21.857664,19.92037,18.543203,15.921154,13.131805,15.334571,11.402904,13.694287,16.947756,19.342918,19.353556,22.96484,23.16649,27.805437,26.748299,32.383686,35.064415,36.49689,31.652477,29.40774,33.195465,33.567562,28.629545,28.261385,33.17049,29.31069,26.17285,29.94322,32.899162,27.444021,27.119528,32.24811,33.196404,35.91212,31.733578,28.62102,32.40449,32.94582,27.75594,23.516882,23.489607,21.487736,25.906733,29.605907,24.805481,27.453897,28.27642,32.06852,31.535662,28.708694,29.057304,28.540428,24.360415,22.821165,23.951975,24.07255,19.89141,17.294104,17.675446,13.895587,13.668902,17.449814,13.895816,19.014656,18.819347,20.90779,21.64868,19.250706,19.629839,14.72759,16.783567,11.926653,14.035108,14.261887,16.945478,17.778275,21.281855,22.119621,20.71279,22.32249,26.201637,27.0176,25.080011,25.801376,25.725563,24.453543,25.040775,25.266077,25.76341,28.683834,29.516733,33.452347
3,9.393774,6.408117,5.2253675,0.0,3.8426554,6.3839426,9.04876,13.88782,16.06517,19.528564,22.181564,25.138432,28.275896,29.938816,26.332111,21.44356,19.975603,17.214375,17.571095,14.058482,12.803678,15.625412,13.249178,12.834354,15.689998,17.910374,16.55723,20.212831,19.703285,24.478052,22.73529,28.068083,31.073336,32.020218,27.059502,25.233444,29.105387,29.030989,24.249088,24.325785,29.117928,24.975979,22.214151,26.429653,29.022114,23.723677,24.294497,29.187172,30.025728,32.31716,27.81238,25.695099,29.028694,29.07191,24.004957,19.56906,19.3017,16.91593,21.497791,25.160597,20.027136,22.468014,23.113197,26.990458,26.539402,23.669476,23.841398,23.400637,19.298548,17.615301,18.78985,19.096418,14.865339,12.119032,12.554194,8.8854065,9.146069,13.460825,11.131262,16.459703,17.133512,20.088757,20.143984,17.075123,16.432266,12.219649,12.579018,7.1426415,9.171055,9.427784,12.505223,14.0614605,17.408806,17.610891,16.528662,18.732185,21.957949,22.375984,20.93986,22.26275,22.73801,21.791742,21.863728,22.967768,22.415657,25.849955,26.346226,30.457281
4,11.915852,8.873585,6.7287784,3.8426554,0.0,5.272488,5.9334016,11.037432,13.433684,16.816189,19.834991,22.58426,25.816792,27.18881,23.197512,18.568924,16.679,13.904111,13.906005,10.251105,9.102672,12.111768,10.687375,9.692293,12.410525,14.294142,13.239736,16.734444,16.5477,21.261135,20.112932,25.667336,28.44876,29.917439,25.18761,22.952684,26.915045,27.461618,22.676884,22.317879,27.434256,24.082546,20.903198,24.840292,27.92813,23.310122,23.144545,28.01929,29.485481,31.679777,27.530626,25.515045,29.396194,29.411121,24.646698,20.482105,19.305895,17.525085,22.569616,25.367538,19.644745,22.837774,23.441896,27.36976,26.226345,22.962252,23.618378,22.695639,18.336634,17.83073,18.750917,18.217806,13.834769,12.566766,12.456517,10.158353,9.789294,13.419386,11.220073,16.075424,16.136105,19.037365,18.295351,15.330004,14.835736,10.722382,11.112636,6.3692956,7.9861264,9.483881,11.547881,12.1533,16.17392,16.118145,14.14802,16.32665,20.28312,20.673655,18.409485,19.445135,19.732056,18.37683,18.585426,19.303106,19.266663,22.532156,23.407991,27.480124
5,13.917679,12.107413,8.131344,6.3839426,5.272488,0.0,5.7327547,8.184278,10.803995,13.638336,16.331902,19.111115,22.427412,24.36948,20.980646,16.431778,14.993521,13.291181,13.339305,11.829568,10.949863,14.389348,13.441343,13.765691,16.212198,17.172552,16.201403,18.735817,17.807047,22.668512,20.307009,26.750938,28.392078,29.964548,25.123375,22.427307,25.842464,26.468197,21.34124,20.616737,25.449905,21.97642,18.443247,21.917486,25.123363,20.038761,19.158924,24.272663,25.607473,28.285332,24.498037,21.361807,25.734415,26.342943,21.522543,17.786634,16.742167,15.87005,20.772724,23.228447,18.428356,22.191858,23.68682,27.080357,25.558403,22.842665,24.497414,24.15127,19.154234,18.534771,20.734533,20.599514,15.47893,14.694264,12.870482,10.501861,8.401501,10.647475,6.9517,11.588895,11.263234,13.978428,13.945468,11.210464,11.569935,6.6112967,9.684033,6.96528,10.624036,13.0032835,15.429999,16.36126,20.463547,19.327702,16.705704,19.978216,23.712748,23.068455,20.359903,22.27469,22.93099,20.828594,20.457405,20.110893,19.475954,22.087515,22.227793,26.07814
6,17.645012,14.788369,11.98185,9.04876,5.9334016,5.7327547,0.0,6.2791114,7.7108765,11.48004,14.361778,17.19165,20.204638,21.378866,17.491138,12.655336,11.080222,8.215513,9.612275,6.934321,8.140116,11.721505,12.95001,10.812764,12.344122,12.590001,10.919696,13.113772,12.099982,16.946527,15.116517,21.461548,23.29878,25.209732,20.650501,17.796349,21.563469,22.716272,17.841537,16.917458,22.208193,19.737772,16.066444,19.571508,23.12521,19.39335,18.440876,23.130428,25.254194,27.271692,23.668673,21.889853,26.318947,26.3164,22.138134,18.636618,16.23598,15.667282,21.030119,22.394926,16.422714,20.74234,21.746174,25.32362,23.117622,19.740032,21.614035,20.558094,15.567813,16.5286,18.01802,16.852789,11.9110155,13.049526,11.040553,10.913898,9.21249,10.84205,9.515765,12.895338,12.55076,15.66631,13.648846,10.592273,9.910532,6.7887673,6.9709735,5.7754955,7.726968,11.2455225,12.299141,12.398849,16.797415,15.06747,11.607528,15.090233,19.133425,18.336687,14.954126,16.797703,17.568064,15.29285,14.737496,14.714958,14.019729,16.980993,17.593193,21.620752
7,21.346258,19.414474,15.301082,13.88782,11.037432,8.184278,6.2791114,0.0,4.5994744,5.942921,9.587723,11.726233,15.310256,16.854881,12.981041,9.341351,7.1858816,7.399702,6.8749104,8.853932,9.65044,12.854346,14.9044,14.60405,15.740649,14.782517,14.430226,14.987977,13.999593,18.24263,16.234632,23.40179,23.437048,26.193518,22.103636,18.28025,21.186287,23.32296,18.364573,16.280308,21.353344,20.032112,15.60484,17.60908,21.960663,18.7813,15.615309,20.403063,23.203814,25.713331,23.237173,20.116806,25.614643,26.356728,22.634974,20.126173,17.351326,18.326696,23.384697,23.65143,18.665922,23.7977,25.525095,28.474548,25.469852,22.524845,25.584602,24.72372,19.40577,20.962538,23.144321,21.853067,16.82325,18.71979,15.674922,15.826353,13.073853,12.613707,10.31318,11.4960575,9.23683,11.18683,8.583208,6.89529,8.588176,5.8199973,9.703348,11.217494,13.75615,17.451488,18.353325,18.017841,22.509346,20.307638,16.077063,19.71759,24.005466,22.56149,18.210375,20.167114,20.800117,17.427671,16.683086,14.328404,14.206446,15.429268,15.747921,19.146217
8,24.50002,22.11736,18.57978,16.06517,13.433684,10.803995,7.7108765,4.5994744,0.0,4.7495713,6.7670913,9.831961,12.527459,13.882809,10.787115,5.6753273,5.822911,5.474857,8.766422,10.287386,12.775229,15.924301,18.665691,16.93787,17.490952,16.06844,14.471782,14.207824,11.965562,16.061451,12.633065,19.999073,19.504057,22.043434,17.979967,14.05765,16.722273,18.854342,13.942588,11.700841,16.762396,15.820907,11.319581,13.258617,17.661243,15.256915,12.279997,16.680494,19.760374,21.820717,19.488932,17.32548,22.647064,23.0359,19.897026,17.887423,14.335995,15.984288,20.885534,20.189863,15.230438,20.714216,22.581732,25.175062,21.680637,18.862984,22.531803,21.79804,16.43361,18.62777,21.12115,19.795937,14.876217,17.781803,13.989465,15.4360485,12.587475,10.835271,10.425748,10.135119,8.731776,11.394895,7.4512296,5.023922,5.200575,5.8179603,7.514405,11.330553,13.486416,17.499432,18.09372,18.044485,22.158825,18.969902,14.630815,19.052864,22.54436,20.202076,15.902921,18.793905,20.094158,16.797934,15.154905,13.265127,11.271032,12.569239,11.9339695,15.485311
9,27.147348,25.275743,21.110968,19.528564,16.816189,13.638336,11.48004,5.942921,4.7495713,0.0,4.27753,5.8273597,9.441372,11.117024,7.9478645,5.5805798,4.9939313,8.084429,8.742936,12.696255,14.475553,17.128586,20.133455,19.52619,19.965406,18.058464,17.565205,16.602356,14.969754,18.283064,15.556414,22.874105,21.177725,24.403568,20.972038,16.601187,18.42229,21.34962,16.793074,13.79984,18.25664,18.461382,13.814705,14.080077,18.96444,17.264668,12.422347,16.543606,20.200203,22.607971,21.366127,18.163092,24.135017,25.10694,22.390602,21.06427,17.620796,19.92605,24.474531,23.244514,19.13115,24.749554,26.88172,29.13635,25.316315,22.80132,26.873098,26.148521,20.858206,23.224567,25.809746,24.352106,19.56524,22.50073,18.669281,19.838436,16.760181,14.610136,13.369189,11.95804,9.079125,9.958877,5.3674946,5.881039,8.361939,8.843464,12.147755,15.728935,18.052967,22.029827,22.560827,22.128973,26.389153,23.343964,18.745827,22.786345,26.630133,24.297394,19.533913,22.000969,22.955873,19.117804,17.714275,14.242421,13.39477,12.970278,12.385964,14.950354
10,30.173326,28.246954,24.224983,22.181564,19.834991,16.331902,14.361778,9.587723,6.7670913,4.27753,0.0,3.878343,6.1206446,8.52787,7.758099,5.506586,7.797135,10.444098,12.711293,16.209402,18.472498,21.218552,24.233078,23.20779,23.52067,21.517662,20.34423,18.997396,16.558405,19.510126,15.494587,22.637836,20.024994,22.901451,19.673698,15.381197,16.272982,19.079222,14.797026,11.607144,15.187175,15.871057,11.375939,10.481015,15.413231,14.474273,8.871488,12.482972,16.460686,18.778915,18.213888,15.132455,21.130972,22.191637,20.185894,19.721128,16.048855,19.178293,23.12844,20.990488,17.869944,23.532248,26.036602,27.68586,23.546392,21.6188,26.267237,25.944412,20.750559,23.174395,26.251968,25.079361,20.422997,23.64414,19.2841,20.956303,17.731428,14.502213,14.22745,11.235198,8.900439,9.641757,4.6187825,5.923185,7.846817,10.378798,12.935449,17.569185,19.964495,23.96214,24.57172,24.535858,28.479912,24.82103,20.418053,24.942398,28.060888,25.018538,20.603426,23.776674,25.201403,21.524715,19.539957,16.448511,14.185082,13.358877,11.361382,13.361914
11,32.67866,30.967344,26.673012,25.138432,22.58426,19.111115,17.19165,11.726233,9.831961,5.8273597,3.878343,0.0,4.1995673,6.6137576,6.213564,7.4270477,8.727993,12.566672,13.4484215,17.994383,19.962301,22.272282,25.583805,25.05701,25.184635,22.833158,22.36122,20.550205,18.636436,20.973907,17.843452,24.725712,21.409609,24.869041,22.25483,17.761581,18.173275,21.629297,17.830236,14.315958,17.400497,19.097422,14.782651,12.920335,17.872011,17.74253,11.499584,14.246578,18.579386,20.888288,21.165781,17.783907,23.911871,25.223412,23.57411,23.40657,19.801569,23.040516,26.883295,24.47995,21.597734,27.271532,29.745575,31.294247,26.962261,25.053724,29.803707,29.30398,24.230194,26.938225,29.838295,28.401342,23.896528,27.269753,23.030949,24.635141,21.404984,18.314425,17.618328,14.604357,11.697539,11.175283,6.7506146,9.296401,11.699018,13.664061,16.620214,20.991314,23.283062,27.312553,27.72164,27.299557,31.354235,27.842972,23.20862,27.373405,30.806484,27.889881,23.091743,25.819637,26.950489,22.95435,21.201385,17.164747,15.89201,13.930509,12.345729,13.308579
12,36.21995,34.316055,30.243721,28.275896,25.816792,22.427412,20.204638,15.310256,12.527459,9.441372,6.1206446,4.1995673,0.0,3.735866,7.097778,8.85015,11.493831,14.836569,16.835644,20.98884,23.48846,25.79137,29.36985,28.262932,28.130873,25.587015,24.620207,22.353516,19.951504,21.687307,17.933966,24.23408,19.96782,23.261316,21.236767,16.932802,16.307594,19.90795,16.862913,13.251294,15.142694,17.968994,14.21359,11.023628,15.719763,17.113224,10.867866,12.035669,16.819347,18.579197,19.793982,17.238878,22.96248,24.118603,23.386497,23.954176,20.108038,23.824154,27.135777,23.811483,21.656118,27.212269,29.777191,30.7986,26.130709,24.650707,29.78433,29.444426,24.691355,27.70615,30.725641,29.321854,25.181034,28.968266,24.501263,26.674047,23.51467,19.88269,20.08114,16.367659,14.176543,13.815316,9.642097,11.84893,13.345202,16.47001,18.442217,23.443178,25.49689,29.533003,29.771505,29.476013,33.21914,29.245363,24.751568,29.10685,31.9472,28.51284,23.954655,27.06395,28.519053,24.674717,22.496466,18.778873,16.575447,14.132171,11.562719,11.465065
13,38.092403,35.91748,32.07552,29.938816,27.18881,24.36948,21.378866,16.854881,13.882809,11.117024,8.52787,6.6137576,3.735866,0.0,5.702477,8.995627,11.564581,14.829821,17.01337,21.095713,24.002192,25.97621,30.121943,28.48347,27.913837,25.01658,24.088078,21.233337,18.988586,19.902899,16.829536,22.518332,17.705038,21.533201,20.234447,15.867971,14.955862,19.295568,16.916645,13.119263,14.910256,18.909,15.414587,12.138759,16.756655,19.232574,13.66114,14.1771145,19.174364,20.234539,21.578758,20.114119,25.46431,26.171087,25.744951,26.23498,22.033566,25.599625,29.024664,25.366804,22.73395,28.278055,30.485022,31.534279,26.601898,24.862469,29.976858,29.266989,24.862911,28.529778,31.083374,29.243946,25.577457,29.890377,25.627598,28.275684,25.364342,21.956282,22.555374,19.232996,17.234655,17.227238,12.693204,14.392801,15.316613,18.637459,19.762968,24.823883,26.31187,30.36691,30.109379,29.44561,33.018227,28.983068,24.39909,28.430296,31.193785,27.752157,22.98693,25.814522,27.212673,23.35129,21.120974,17.214203,15.194625,11.946452,9.574977,8.457777
14,34.202038,31.959295,28.175163,26.332111,23.197512,20.980646,17.491138,12.981041,10.787115,7.9478645,7.758099,6.213564,7.097778,5.702477,0.0,6.0528884,6.6512666,10.513901,11.647999,16.062748,18.83665,20.521078,24.93914,23.3562,22.681322,19.676907,19.375877,16.571062,15.1310625,16.312504,14.750807,20.954748,17.430344,21.816814,20.023304,15.3251705,15.977048,20.47295,17.377943,13.61475,17.186005,20.235857,16.142712,14.5735855,19.601746,20.775768,15.629664,17.690287,22.418575,23.781631,23.890675,22.208925,27.834532,28.374758,26.962717,26.427734,22.216429,25.019907,29.24073,26.547026,22.513382,28.20759,29.98673,31.815641,27.164555,24.594559,29.130314,27.8889,23.30558,27.101976,29.079826,26.818886,23.059914,27.295982,23.543962,25.916487,23.202457,20.716755,20.721266,18.661345,16.272676,16.65824,11.760785,12.891152,14.017144,16.210907,17.476124,21.767563,22.9603,27.010899,26.505892,25.336836,29.18526,25.717884,20.834087,24.345825,27.897648,25.189283,19.865896,21.92869,22.839087,18.68833,16.980879,12.321715,11.868174,8.667589,8.351418,8.93595
15,29.954735,27.40316,24.023233,21.44356,18.568924,16.431778,12.655336,9.341351,5.6753273,5.5805798,5.506586,7.4270477,8.85015,8.995627,6.0528884,0.0,4.4986305,6.13769,10.143173,12.796695,16.12064,18.592335,22.475914,20.141676,19.824364,17.433855,15.873763,13.927768,11.387887,14.021938,10.632347,17.758318,15.6089325,19.00254,15.981109,11.404539,13.169148,16.6486,12.626765,9.271748,13.997479,15.470613,11.128303,11.230127,16.15668,16.179052,12.324,15.321061,19.44712,20.818138,19.67485,18.508291,23.79803,23.963339,22.011904,20.955112,16.685083,19.141937,23.578674,21.383615,16.775503,22.474144,24.237257,26.315048,21.969883,19.231106,23.596855,22.567757,17.670525,21.140474,23.34067,21.425919,17.324362,21.427834,17.526455,20.054876,17.431456,14.980592,15.616261,13.996361,12.51219,14.300795,9.2850895,8.62605,8.518324,11.26905,11.518058,16.172419,17.426771,21.496107,21.277023,20.69855,24.474333,20.728302,16.05791,20.31093,23.469173,20.53626,15.669731,18.609213,20.062435,16.39137,14.214513,11.335918,8.73294,8.166223,6.8958387,9.964352
16,27.831005,25.440996,21.857664,19.975603,16.679,14.993521,11.080222,7.1858816,5.822911,4.9939313,7.797135,8.727993,11.493831,11.564581,6.6512666,4.4986305,0.0,4.7004747,5.809658,9.679175,12.474226,14.610634,18.748158,16.992243,16.692583,14.177735,13.816746,12.112998,11.000817,13.814375,12.608957,19.56342,18.258091,22.074839,19.084234,14.605681,16.985622,20.536741,16.436571,13.387609,18.37859,19.430336,15.01138,15.625156,20.527754,19.795536,15.833414,19.373861,23.344187,25.053082,23.62699,21.792742,27.324915,27.666197,25.127495,23.464481,19.565758,21.370361,26.239012,24.869064,19.699213,25.269203,26.73715,29.323244,25.331202,22.17303,25.923292,24.506332,19.60348,22.897263,24.576155,22.351736,18.184233,21.87231,18.608332,20.457306,17.978863,16.56377,16.067253,15.612058,13.433978,14.859234,10.262692,9.780682,10.622239,11.316628,12.556943,15.850465,16.99971,20.989962,20.64159,19.459492,23.638826,20.712183,15.7886095,19.252499,23.401482,21.390911,16.069466,17.884758,18.599838,14.534208,13.26131,9.275354,9.426939,8.903266,9.808237,12.716786
17,25.658142,22.728186,19.92037,17.214375,13.904111,13.291181,8.215513,7.399702,5.474857,8.084429,10.444098,12.566672,14.836569,14.829821,10.513901,6.13769,4.7004747,0.0,6.6329865,6.9224267,10.882772,13.379779,17.382458,14.1852865,13.794254,11.680873,9.935588,8.853567,7.055635,10.970893,9.5071535,16.440388,16.650967,19.833313,16.309015,12.346025,15.731818,18.560133,14.347131,12.126391,17.611403,17.778786,13.746167,15.754566,20.107855,18.966215,16.642,20.286102,23.753218,25.08723,22.748901,21.9521,26.813818,26.580116,23.76369,21.510809,17.591822,18.612123,23.712162,22.831932,16.796486,22.056822,23.050392,26.024866,22.369608,18.779675,21.960531,20.307833,15.503091,18.909441,20.137608,17.76564,13.722233,17.617172,14.7399,16.993687,15.061803,14.364468,14.678962,15.265037,14.189023,16.703459,12.473904,10.483061,9.688701,10.332887,9.415046,12.38373,12.769088,16.730747,16.09934,15.002212,19.062178,16.021706,11.129852,14.880042,18.8604,16.966997,11.832817,13.934488,14.993821,11.442726,9.877451,8.007391,6.8629594,8.841729,9.940612,13.808638
18,24.311064,22.087086,18.543203,17.571095,13.906005,13.339305,9.612275,6.8749104,8.766422,8.742936,12.711293,13.4484215,16.835644,17.01337,11.647999,10.143173,5.809658,6.6329865,0.0,6.0084662,7.3420534,9.002388,13.337174,12.372644,12.309326,10.093011,11.511792,10.989345,11.829807,14.90211,15.7492695,22.143093,22.212591,26.000315,22.827295,18.756468,21.838964,25.066568,20.820591,18.301664,23.609606,23.858116,19.514982,20.959496,25.67954,23.994139,20.518969,24.602047,28.184565,30.153101,28.125175,25.899487,31.394146,31.769798,28.519537,26.06805,22.725616,23.575886,28.812658,28.547693,22.77463,27.954493,29.000374,32.187454,28.792751,25.225576,28.0588,26.292465,21.555899,24.359653,25.350946,22.951292,18.886316,21.722897,19.501383,20.40422,18.387333,18.444817,16.887924,18.083042,15.744543,17.078812,13.605613,12.793427,13.9112,12.406614,14.14024,15.279088,16.1153,19.66474,19.233717,17.431238,21.942467,20.284279,15.539869,17.776836,22.93962,22.212177,16.929022,17.335762,17.089863,13.07268,13.225622,9.320659,12.171976,12.578516,14.789688,17.790806
19,21.220594,18.241852,15.921154,14.058482,10.251105,11.829568,6.934321,8.853932,10.287386,12.696255,16.209402,17.994383,20.98884,21.095713,16.062748,12.796695,9.679175,6.9224267,6.0084662,0.0,4.718046,6.9728274,11.014735,7.408106,7.318595,6.0919013,6.2700243,7.839554,9.118508,12.96432,14.285408,19.877522,21.78868,24.792423,21.211557,18.001423,21.920797,24.28304,20.118362,18.567675,24.116264,23.403017,19.627539,22.337524,26.437092,24.269588,22.459272,26.628288,29.662672,31.266546,28.292452,27.087358,31.807312,31.5869,27.994593,24.830528,21.72888,21.477816,26.865318,27.385035,20.832794,25.330923,25.694405,29.381254,26.621586,22.651566,24.44414,22.365993,18.069508,20.627428,20.77614,18.22432,14.59496,17.08777,15.936989,16.853468,15.784579,17.122234,16.246792,18.783178,17.61916,20.015982,16.902723,14.774531,14.458713,12.609234,12.190806,11.761039,11.339266,14.471928,13.595715,11.517892,16.078371,15.004791,10.688839,12.374997,17.759552,17.824343,13.163997,13.099659,12.808447,9.744781,10.335458,9.403195,11.54058,14.002601,16.341103,20.0435
20,18.261875,15.904147,13.131805,12.803678,9.102672,10.949863,8.140116,9.65044,12.775229,14.475553,18.472498,19.962301,23.48846,24.002192,18.83665,16.12064,12.474226,10.882772,7.3420534,4.718046,0.0,3.6385694,6.5393896,5.854181,7.3094454,7.5698605,9.752855,12.008187,13.809485,17.467716,18.94015,24.538927,26.46557,29.470602,25.74511,22.526817,26.363708,28.611116,24.181835,22.613945,28.141817,26.958014,23.030544,25.738169,29.905254,26.976292,24.867117,29.446829,32.25502,34.322365,31.26018,29.138945,34.06479,34.223675,30.17651,26.755276,24.26792,23.745667,29.12126,30.338388,24.075974,28.377218,28.86458,32.67866,30.309055,26.489405,27.990534,26.111126,21.781593,23.489367,23.719053,21.580791,17.798866,19.048481,18.365583,18.01851,16.975828,18.944466,16.838726,20.031315,18.452843,20.351057,18.168211,16.37642,16.888117,13.689287,14.828843,13.024198,13.274749,15.752206,15.541406,13.596705,18.178825,18.182446,14.526006,15.464475,21.071098,21.781832,17.56133,17.002161,16.138424,13.444688,14.714856,13.317062,16.168736,18.192825,20.528395,24.065502
21,19.836721,17.67538,15.334571,15.625412,12.111768,14.389348,11.721505,12.854346,15.924301,17.128586,21.218552,22.272282,25.79137,25.97621,20.521078,18.592335,14.610634,13.379779,9.002388,6.9728274,3.6385694,0.0,5.7490616,5.783603,6.466556,6.683249,10.612172,12.6146345,15.412547,18.309496,21.024815,26.061441,28.09627,31.410048,28.06054,24.853712,28.68586,31.24232,27.061453,25.378693,30.9143,30.158968,26.24091,28.747217,33.03244,30.434948,28.120813,32.57912,35.59661,37.591652,34.67001,32.621815,37.62105,37.74626,33.773926,30.355675,27.797085,27.236048,32.620407,33.77119,27.35558,31.596592,31.845589,35.74241,33.338345,29.359804,30.66596,28.484138,24.497326,26.467302,26.212854,23.746292,20.50064,21.82523,21.561466,21.281403,20.477823,22.551237,20.452984,23.59256,21.824139,23.438822,21.168142,19.680977,20.307434,17.263916,18.28222,16.38979,16.128788,18.214497,17.511513,14.932848,19.226841,19.88208,16.394453,16.237873,22.15368,23.44819,19.136116,17.605999,16.046526,13.4702015,15.49672,13.826936,17.86322,19.531895,22.448162,25.7212
22,15.005258,13.570394,11.402904,13.249178,10.687375,13.441343,12.95001,14.9044,18.665691,20.133455,24.233078,25.583805,29.36985,30.121943,24.93914,22.475914,18.748158,17.382458,13.337174,11.014735,6.5393896,5.7490616,0.0,6.9140453,9.472799,11.504816,14.476144,17.477684,19.784174,23.224403,25.13619,30.28184,32.75992,35.57075,31.724516,28.798994,32.753353,34.69338,30.184856,28.874943,34.378693,32.610912,28.81295,31.770954,35.779934,32.140903,30.267471,35.116558,37.54586,39.89352,36.527153,33.916737,38.692493,39.019123,34.51143,30.696222,28.97362,27.827969,33.035294,35.17672,29.073717,32.801292,33.094784,37.140686,35.42025,31.657394,32.435093,30.622684,26.64728,27.45485,27.321583,25.560848,22.140913,21.974085,22.328014,20.75696,20.279142,23.172295,20.29317,24.286936,22.738699,24.280844,23.149784,21.491028,22.291197,18.213213,19.86101,16.515818,16.757355,17.952465,18.170145,16.347075,20.3913,21.882345,19.275375,19.063923,24.620977,26.326065,22.850489,21.576561,20.136759,18.313883,20.236946,19.273443,22.534935,24.616718,27.066635,30.564903
23,17.47229,14.3971195,13.694287,12.834354,9.692293,13.765691,10.812764,14.60405,16.93787,19.52619,23.20779,25.05701,28.262932,28.48347,23.3562,20.141676,16.992243,14.1852865,12.372644,7.408106,5.854181,5.783603,6.9140453,0.0,3.3273466,6.503332,8.194759,11.942404,14.370234,17.630547,20.034088,24.267334,27.592657,30.063015,26.407501,24.014683,28.269348,29.988232,25.968277,25.083672,30.583282,29.029997,25.689243,29.04143,32.73795,29.810017,28.829117,33.252945,35.780888,37.4514,33.83888,32.664406,36.924213,36.55729,32.42548,28.561302,26.298944,24.884748,30.15766,31.916279,25.179958,28.6566,28.355015,32.535503,30.773212,26.675358,27.042116,24.771217,21.3521,22.836384,21.887611,19.546272,16.903435,17.553232,18.378542,18.022177,18.153008,21.112019,19.763842,23.651525,22.872005,25.307814,23.146334,20.786966,20.375832,17.432743,16.806149,13.719432,12.32272,13.515092,12.513654,9.897606,13.961348,15.456542,13.042015,12.183491,17.816595,19.816582,16.610506,14.956609,13.5980835,12.480516,14.450984,15.158544,17.860655,20.780508,23.398481,27.132917
24,20.741297,17.527084,16.947756,15.689998,12.410525,16.212198,12.344122,15.740649,17.490952,19.965406,23.52067,25.184635,28.130873,27.913837,22.681322,19.824364,16.692583,13.794254,12.309326,7.318595,7.3094454,6.466556,9.472799,3.3273466,0.0,3.8372037,6.2655277,9.617677,12.772077,15.314829,18.769655,22.404354,25.815552,28.524376,25.312498,22.961294,27.199446,29.232668,25.59683,24.617107,30.076977,29.159685,25.90098,29.036318,32.791565,30.557573,29.493437,33.608635,36.437008,37.81271,34.408936,33.73177,37.98947,37.418945,33.623245,29.955088,27.272661,26.067816,31.34902,32.593033,25.637413,29.212452,28.686247,32.81384,30.759201,26.47951,26.90216,24.262009,21.17223,23.401121,22.048159,19.148268,17.0888,18.613552,19.371616,19.808098,19.951347,22.5285,21.71501,25.167568,24.353868,26.812202,24.094688,21.827637,21.204418,18.954897,17.726358,15.436327,13.46643,14.851239,12.98832,9.600626,13.385677,14.741203,12.087239,10.431815,16.366709,18.529314,14.995514,12.568299,10.757005,9.683252,12.13218,13.089111,16.348969,19.166283,22.20458,25.766521
25,23.733812,20.607536,19.342918,17.910374,14.294142,17.172552,12.590001,14.782517,16.06844,18.058464,21.517662,22.833158,25.587015,25.01658,19.676907,17.433855,14.177735,11.680873,10.093011,6.0919013,7.5698605,6.683249,11.504816,6.503332,3.8372037,0.0,5.2684016,6.8268876,10.591084,12.576793,16.706255,20.497654,23.218803,26.473787,23.669567,20.92622,24.940247,27.562641,24.119795,22.718252,28.139774,28.042835,24.615267,27.226791,31.237663,29.710493,28.097677,31.933424,35.17244,36.41969,33.48058,32.89489,37.412647,36.87676,33.458202,30.185055,27.013979,26.406504,31.726364,32.22979,25.306984,29.357851,29.016348,32.90286,30.272728,25.969284,27.032244,24.274069,21.012161,24.026455,22.932207,19.676771,17.525349,20.086206,20.069828,21.195124,20.861853,22.67046,22.089455,24.817205,23.694773,25.959105,22.687304,20.753077,20.255085,18.667988,17.515572,16.486176,14.749154,16.88963,14.822496,11.372072,15.185224,15.457535,11.87313,10.783161,16.770721,18.22265,13.758146,11.307198,9.462147,7.0182495,9.607396,9.526019,13.658838,15.921917,19.325098,22.620764
26,23.772358,20.081099,19.353556,16.55723,13.239736,16.201403,10.919696,14.430226,14.471782,17.565205,20.34423,22.36122,24.620207,24.088078,19.375877,15.873763,13.816746,9.935588,11.511792,6.2700243,9.752855,10.612172,14.476144,8.194759,6.2655277,5.2684016,0.0,4.5219326,6.768215,9.660427,12.696678,16.21123,19.755873,22.267561,19.132044,16.95476,21.258804,23.236282,19.973446,19.17691,24.476439,23.977306,21.051483,24.183945,27.682076,26.268152,25.66805,29.241793,32.17271,33.024403,29.736036,30.075861,33.998844,33.030254,29.801575,26.517414,23.23425,22.381775,27.546757,27.957825,20.850433,24.589794,23.993834,27.888329,25.371912,20.989258,21.827072,19.008987,15.923324,19.186428,17.894634,14.495214,12.612825,15.785769,15.798752,17.732035,17.740683,19.471395,19.977497,22.620766,22.310266,25.223566,21.7754,19.214964,17.717964,16.937735,14.125156,13.486379,10.940921,13.225192,10.687474,7.4589972,11.260841,10.448447,6.619608,6.4182353,12.125516,13.083171,8.847454,7.286099,6.864346,5.3140936,6.452136,9.230773,10.759339,14.337615,17.054522,20.77289
27,27.783556,24.2364,22.96484,20.212831,16.734444,18.735817,13.113772,14.987977,14.207824,16.602356,18.997396,20.550205,22.353516,21.233337,16.571062,13.927768,12.112998,8.853567,10.989345,7.839554,12.008187,12.6146345,17.477684,11.942404,9.617677,6.8268876,4.5219326,0.0,4.5109086,5.827416,10.470444,13.875791,16.458902,19.773947,17.40176,14.763068,18.703707,21.530447,18.757275,17.424122,22.53788,23.300142,20.304878,22.652164,26.385685,26.084858,24.880728,27.93084,31.375137,31.951979,29.315056,29.93782,34.065163,33.083263,30.443039,27.733036,23.887157,23.803383,28.84657,28.257818,21.345375,25.54353,25.1253,28.604109,25.371634,21.039206,22.668373,19.72199,16.691261,20.932184,19.916313,16.1948,14.537521,18.767868,17.935553,20.603048,20.120485,20.860151,21.708172,23.37429,22.758308,25.399725,21.300072,19.209375,17.807735,18.04719,15.335073,16.277855,14.1683035,16.948557,14.374355,11.424033,14.609626,12.749623,8.347403,8.797021,13.6157,13.526701,8.112391,6.6450524,6.520172,2.5951207,2.905963,5.2202525,7.5609756,10.496818,13.807721,17.124968
28,28.190802,24.543247,23.16649,19.703285,16.5477,17.807047,12.099982,13.999593,11.965562,14.969754,16.558405,18.636436,19.951504,18.988586,15.1310625,11.387887,11.000817,7.055635,11.829807,9.118508,13.809485,15.412547,19.784174,14.370234,12.772077,10.591084,6.768215,4.5109086,0.0,4.951436,6.1536174,10.810441,13.223831,16.069935,13.163233,10.46008,14.612193,17.123594,14.272322,13.166623,18.24658,18.880655,16.118263,18.650646,22.098492,22.030876,21.346512,24.11641,27.400412,27.7351,25.03618,26.211351,30.022472,28.851051,26.496248,24.058962,19.977287,20.16763,25.01472,23.9879,17.17625,21.521221,21.31649,24.541454,21.042152,16.798967,18.980072,16.313862,12.887907,17.521122,17.096565,13.609836,11.566962,16.527493,14.9086275,18.30101,17.630548,17.69296,19.376465,20.481413,20.379787,23.353731,19.117104,16.731413,14.645476,15.904216,12.254782,14.42053,12.549658,15.755275,13.550872,11.719352,14.707083,11.325936,6.539696,9.512463,12.878851,11.150102,5.39281,7.2311254,9.031717,6.5132775,3.6316032,6.706435,4.3007298,8.697536,10.785458,14.561922
29,32.709,29.004528,27.805437,24.478052,21.261135,22.668512,16.946527,18.24263,16.061451,18.283064,19.510126,20.973907,21.687307,19.902899,16.312504,14.021938,13.814375,10.970893,14.90211,12.96432,17.467716,18.309496,23.224403,17.630547,15.314829,12.576793,9.660427,5.827416,4.951436,0.0,7.4043365,8.926665,11.125538,14.717347,13.469647,11.230038,14.671384,17.856522,16.31782,15.105692,19.423285,21.429836,19.1259,20.87266,24.157131,25.351398,24.501982,26.539215,30.164886,29.992846,27.857132,29.682703,33.333363,31.934052,30.197012,28.15226,23.837557,24.27584,28.795563,27.092321,20.555578,24.62699,24.066635,26.958368,23.170767,19.00748,21.111198,18.030516,15.766124,20.997028,19.970484,16.040688,15.368933,20.597084,19.254477,22.974234,22.44457,22.255363,24.174698,24.847084,24.604593,27.317158,22.728989,20.785215,18.805313,20.558603,16.948294,19.30948,17.114267,19.938713,17.166208,14.856208,16.936354,13.777574,9.927094,11.108477,13.658311,12.044606,6.680814,6.74746,8.300063,6.2180586,3.2348106,6.6500306,5.449828,8.126558,11.05435,13.800254
30,31.864294,28.237034,26.748299,22.73529,20.112932,20.307009,15.116517,16.234632,12.633065,15.556414,15.494587,17.843452,17.933966,16.829536,14.750807,10.632347,12.608957,9.5071535,15.7492695,14.285408,18.94015,21.024815,25.13619,20.034088,18.769655,16.706255,12.696678,10.470444,6.1536174,7.4043365,0.0,7.4002614,8.355132,10.565459,7.4037037,4.351078,8.627657,11.083196,8.921377,8.128337,12.552023,14.037683,12.070684,14.201102,17.002998,18.300694,18.310642,20.012459,23.236149,22.853737,20.52858,22.981558,26.17338,24.61645,23.224546,21.65965,17.115425,18.120674,22.232534,19.89227,13.766327,18.205938,18.330164,20.713406,16.446295,12.61886,16.032557,13.910367,10.602744,15.946125,16.398949,13.491742,11.745978,17.360817,14.672206,19.036064,18.091848,16.770124,19.726656,19.494774,20.041267,23.137419,18.698887,16.387978,13.5250635,16.66149,12.22635,16.228449,14.917051,18.181644,16.478825,15.882125,18.047104,13.352916,9.679602,13.79007,14.84617,11.001481,6.8293333,11.103628,13.870976,12.116948,8.633024,10.830075,4.51322,8.23647,7.7161484,11.364142
31,36.940548,32.957504,32.383686,28.068083,25.667336,26.750938,21.461548,23.40179,19.999073,22.874105,22.637836,24.725712,24.23408,22.518332,20.954748,17.758318,19.56342,16.440388,22.143093,19.877522,24.538927,26.061441,30.28184,24.267334,22.404354,20.497654,16.21123,13.875791,10.810441,8.926665,7.4002614,0.0,6.864951,7.076559,7.051245,8.263128,10.76761,12.052622,12.912226,13.48882,15.808031,17.940397,17.633665,19.513567,21.009764,23.474106,24.597572,25.330906,28.208916,26.833233,24.624113,28.67036,30.759686,28.431362,27.817665,26.442478,22.148233,22.57247,25.855797,23.22123,17.573343,20.349976,19.22493,21.20653,17.346096,13.709817,15.667295,12.746823,12.524627,18.199924,17.05876,13.663104,14.830344,20.387806,18.92104,23.684586,23.609486,22.735872,26.286283,26.258545,27.228565,30.42938,26.018118,23.685795,20.55101,23.69842,18.518677,21.708355,19.289932,21.538282,18.933413,18.152472,18.570053,14.0259,12.417577,14.6137295,13.252806,9.208221,7.9204855,10.99153,14.0734215,14.22706,11.073879,15.10183,10.308779,13.059208,13.0634985,15.20155
32,40.219234,36.570324,35.064415,31.073336,28.44876,28.392078,23.29878,23.437048,19.504057,21.177725,20.024994,21.409609,19.96782,17.705038,17.430344,15.6089325,18.258091,16.650967,22.212591,21.78868,26.46557,28.09627,32.75992,27.592657,25.815552,23.218803,19.755873,16.458902,13.223831,11.125538,8.355132,6.864951,0.0,5.539618,7.692457,6.8648553,6.538447,10.282646,11.890363,11.124332,12.233226,16.810764,16.250502,16.250902,18.041904,22.13845,22.00975,21.77039,25.31384,23.73298,22.951859,26.741,29.260466,27.347225,27.556923,27.176804,22.480251,24.222702,27.25071,23.334005,18.885479,22.55879,22.511963,23.619732,18.778004,16.091875,19.765755,17.782541,16.422403,21.963953,22.165768,19.307627,19.07251,24.750662,22.094967,26.790232,25.831026,23.772886,27.124163,25.800152,26.26574,28.842855,24.09512,22.623413,20.043503,24.042294,19.992983,24.4417,23.074638,26.051735,24.014164,23.231342,24.531279,19.830784,17.084799,20.030548,19.77842,15.605471,12.927692,16.041914,18.653708,17.321243,14.006586,15.411927,10.344648,10.58336,9.254807,9.7490835
33,41.274727,37.481937,36.49689,32.020218,29.917439,29.964548,25.209732,26.193518,22.043434,24.403568,22.901451,24.869041,23.261316,21.533201,21.816814,19.00254,22.074839,19.833313,26.000315,24.792423,29.470602,31.410048,35.57075,30.063015,28.524376,26.473787,22.267561,19.773947,16.069935,14.717347,10.565459,7.076559,5.539618,0.0,5.309913,7.9953938,7.196571,7.5550528,11.056288,12.060738,11.703008,15.28495,16.247421,16.893381,17.141676,21.394642,22.925531,22.204763,24.837397,22.577349,21.346437,26.501057,27.812212,25.247517,25.973635,25.80881,21.44909,22.843927,25.013348,20.887058,17.151264,19.628601,19.191315,19.67514,15.077563,13.028281,16.32947,14.810903,14.736922,19.906363,20.0561,17.837917,18.501854,23.86854,21.430805,26.400158,25.873196,23.793213,27.919636,26.619402,27.903875,30.87181,26.54688,24.625656,21.404547,25.654554,20.760012,25.089928,23.526785,25.993399,24.123299,24.09669,24.612392,19.60107,18.071518,21.226513,19.457462,14.681791,14.103777,17.916475,21.01054,20.57716,17.174244,19.810926,14.083078,15.467202,13.499308,14.37544
34,36.361504,32.631145,31.652477,27.059502,25.18761,25.123375,20.650501,22.103636,17.979967,20.972038,19.673698,22.25483,21.236767,20.234447,20.023304,15.981109,19.084234,16.309015,22.827295,21.211557,25.74511,28.06054,31.724516,26.407501,25.312498,23.669567,19.132044,17.40176,13.163233,13.469647,7.4037037,7.051245,7.692457,5.309913,0.0,4.710751,6.255298,5.2319055,6.695591,8.547765,9.675704,11.266575,11.974336,13.921426,14.427888,17.244743,19.315685,19.470232,21.784086,20.10249,17.822609,22.606812,24.091549,21.60621,21.549007,20.88616,16.538664,17.671902,20.230312,16.689121,12.077282,15.025924,14.871735,15.978424,11.289218,8.436862,12.380284,11.113871,9.804151,14.949147,15.685785,13.817781,13.645798,18.922268,16.19463,21.149889,20.612144,18.62519,22.88083,21.90709,23.507055,26.794426,22.781597,20.402308,16.85063,20.946312,15.721934,20.037256,18.70229,21.24716,19.824863,20.302107,21.179895,15.919515,14.288878,18.319149,16.884281,11.796672,11.188939,15.935404,19.224377,18.634422,15.15361,18.05137,11.747514,14.296478,12.079459,14.347954
35,34.5638,31.055185,29.40774,25.233444,22.952684,22.427307,17.796349,18.28025,14.05765,16.601187,15.381197,17.761581,16.932802,15.867971,15.3251705,11.404539,14.605681,12.346025,18.756468,18.001423,22.526817,24.853712,28.798994,24.014683,22.961294,20.92622,16.95476,14.763068,10.46008,11.230038,4.351078,8.263128,6.8648553,7.9953938,4.710751,0.0,4.512354,7.013979,5.7229767,5.245101,8.472334,10.994606,9.877903,11.293751,13.411367,15.980437,16.440113,17.144615,20.272213,19.324577,17.475567,20.823109,23.521723,21.763533,21.222778,20.486923,15.770706,17.525534,20.876825,17.442854,12.428926,16.810736,17.39642,18.898972,14.032477,11.021948,15.468971,14.13194,11.113855,16.23955,17.494425,15.328134,13.685473,19.129122,15.81622,20.416016,19.224916,16.941303,20.508108,19.264885,20.183426,23.18308,18.814983,16.756224,13.667546,17.831852,13.487781,18.331839,17.572872,20.78925,19.543049,19.561098,21.428911,16.372095,13.356012,17.737053,17.895174,13.317521,10.545337,15.120747,18.046103,16.405935,12.896629,14.456727,8.008816,10.077316,7.5379333,10.366906
36,38.465385,35.103634,33.195465,29.105387,26.915045,25.842464,21.563469,21.186287,16.722273,18.42229,16.272982,18.173275,16.307594,14.955862,15.977048,13.169148,16.985622,15.731818,21.838964,21.920797,26.363708,28.68586,32.753353,28.269348,27.199446,24.940247,21.258804,18.703707,14.612193,14.671384,8.627657,10.76761,6.538447,7.196571,6.255298,4.512354,0.0,5.442144,6.5973887,5.806632,5.712237,10.830328,10.577373,10.102764,11.504712,16.013222,16.217577,15.532224,18.831495,17.218893,16.58153,20.518744,22.87527,21.112686,21.65575,21.90722,17.203688,19.727291,22.281635,17.733067,14.385405,18.474756,19.456556,19.983276,14.71316,12.921043,17.857586,17.081223,14.621295,19.351223,21.024157,19.238972,17.779572,23.018942,19.395172,23.94049,22.485771,19.490887,23.155455,20.954512,21.82662,24.40451,20.042095,18.60443,15.838611,20.576487,16.876709,22.148586,21.785227,25.011862,23.94608,24.069874,25.828356,20.702196,17.861963,22.134588,21.981176,17.207188,14.846122,19.203247,22.065355,20.286745,16.792145,17.566689,11.470748,11.922997,8.32809,9.365334
