,0,1,2,3,4,5,6,7,8,9,10,11,12,13,14,15,16,17,18,19,20,21,22,23,24,25,26,27,28,29,30,31,32,33,34,35,36,37,38,39,40,41,42,43,44,45,46,47,48,49,50,51,52,53,54,55,56,57,58,59,60,61,62,63,64,65,66,67,68,69,70,71,72,73,74,75,76,77,78,79,80,81,82,83,84,85,86,87,88,89,90,91,92,93,94,95,96,97,98,99,100,101,102,103,104,105,106,107,108,109,110,111,112
0,0.0,4.349786,6.7466893,9.963518,12.459118,13.951,17.930443,21.64104,24.738045,28.14455,30.626503,33.816605,36.697216,35.36956,37.72266,32.80667,34.555725,30.9454,31.936491,30.776907,30.632193,31.749361,27.58525,29.088089,27.32715,23.995426,27.252499,24.131468,24.629053,24.917986,25.322891,27.29363,26.211689,31.12488,28.63841,32.123043,29.766285,26.079693,25.458546,22.569685,22.773636,20.601202,19.47799,21.237728,19.52271,24.936821,21.404484,26.899357,27.233635,27.739212,23.915024,22.189892,24.46292,23.587585,18.637432,20.620598,18.494476,23.004871,26.301704,31.550459,30.764364,35.51325,36.639046,41.857155,41.12059,36.021748,40.24779,39.301315,40.58875,38.65045,39.409916,38.502487,33.93849,38.23281,34.81478,38.538685,37.15211,32.49337,36.639008,31.447422,33.59181,33.156055,29.770617,26.028193,25.012556,21.336473,20.73594,16.482477,15.2040615,14.444781,14.219959,14.295107,14.231726,13.943808,17.727568,16.833223,17.109156,15.678782,17.045816,19.5573,19.9172,22.718927,25.401432,26.786829,31.013096,35.11457,34.95402,31.994165,36.35627,30.45526,34.121628,32.014744,35.092743
1,4.349786,0.0,5.4266725,6.383555,9.056302,11.622949,14.568166,19.046862,21.560453,25.606804,27.573135,31.309412,33.607574,32.026337,34.122055,29.064342,30.554152,26.923147,27.707443,26.618704,26.400648,27.663794,23.576496,25.379412,23.867212,20.48966,23.73624,20.10754,20.498505,20.612776,21.096024,22.953444,22.124233,26.97733,24.760578,28.324379,26.029171,22.377161,21.385029,18.437866,18.47576,16.310886,15.284463,17.19142,16.007847,21.87001,18.755358,24.730719,25.472944,26.263786,22.20735,20.844646,23.876352,23.002405,17.83953,19.244907,16.596481,20.6054,23.480759,28.803352,27.374178,32.281986,33.154877,38.336685,37.600044,32.412365,36.409126,35.541016,36.582092,34.562828,35.247673,34.26459,29.875916,34.15851,30.89849,34.71862,33.519314,29.026264,33.45828,28.455433,30.946468,30.952518,27.30668,23.457159,21.856598,18.731651,17.17686,12.953331,11.097424,10.251823,9.944874,10.332999,10.823655,10.892071,14.741178,14.647761,14.987909,14.5157995,15.842643,18.120262,18.420727,20.244709,23.420765,23.951704,28.502607,32.707108,32.07052,28.957182,32.897156,26.809238,30.278221,27.962997,30.911375
2,6.7466893,5.4266725,0.0,5.373514,6.694315,7.6544547,11.757582,14.996488,18.327969,21.491392,24.168604,27.199492,30.239992,28.999283,31.769356,27.054869,29.258352,26.009815,27.661518,27.057915,27.675285,29.386478,25.87038,28.195063,26.529411,23.135788,24.964592,21.631815,21.011606,21.643177,20.741999,23.952574,21.923367,27.465353,24.976671,28.609188,27.088032,23.449759,22.739864,19.295958,20.228338,16.611515,16.36985,16.782333,16.204575,20.435308,17.47132,22.809954,22.566755,24.210545,20.83286,17.722483,21.225367,21.622814,16.382698,18.3486,14.683304,18.917332,22.19292,27.80999,26.228273,30.843145,32.272823,37.41294,37.498215,32.721104,37.030876,36.805145,37.62483,36.264423,36.006332,34.59345,29.77571,33.507984,29.761824,33.17695,31.468178,26.675667,30.599869,25.253725,27.307987,26.817694,23.61993,19.791903,18.995228,15.34467,15.046062,11.500273,10.845316,11.836694,12.588008,13.374716,12.993888,11.393707,14.358951,13.58634,12.593036,11.629971,11.990141,13.944765,13.526602,16.500134,18.793371,20.254133,24.40934,28.421238,28.427477,25.574392,30.149792,24.463684,28.444996,26.707903,30.191742
3,9.963518,6.383555,5.373514,0.0,3.8616407,6.198259,8.857951,13.139819,15.326029,19.60973,21.280281,25.239435,27.292189,25.764587,27.824858,22.853735,24.647137,21.128208,22.534483,21.744625,22.34851,24.05133,20.672293,23.18858,21.636494,18.275953,19.903587,16.305538,15.664309,16.404522,15.885871,19.156956,18.126022,23.502386,21.783056,25.553968,24.100742,20.620989,18.985258,15.486187,15.608629,11.937493,11.023838,11.612767,11.240808,16.234537,13.71914,19.741985,20.390324,21.987278,18.190752,16.301935,20.427244,20.354061,15.134015,16.09882,12.186907,15.559853,18.195375,23.775597,21.654524,26.506454,27.558945,32.699245,32.555893,27.639015,31.771433,31.532957,32.26618,30.917543,30.66606,29.36214,24.579647,28.533035,24.979218,28.63297,27.258144,22.687916,27.086454,22.105125,24.714634,24.98333,21.199812,17.31199,15.487187,12.647845,10.839106,6.794215,5.6939387,6.7017994,8.336846,10.31029,11.340256,10.657358,13.448026,14.12668,13.301829,13.8822155,14.098662,15.453987,14.562568,15.946301,18.653418,18.618532,23.305883,27.304995,26.65587,23.587982,27.316103,21.216536,24.886581,22.585865,25.846994
4,12.459118,9.056302,6.694315,3.8616407,0.0,5.6533813,5.525956,10.68313,12.799969,17.153946,18.936258,22.895449,24.943558,23.224405,25.843609,20.942078,22.91362,19.891838,21.495813,21.422153,22.258839,24.506363,21.561253,24.625711,23.52393,20.272081,21.373516,17.187822,15.676059,16.06068,14.311524,17.99669,15.620884,21.362862,19.241879,22.978262,22.00073,18.577303,17.411621,13.69682,15.0140085,10.497513,11.57524,11.11013,12.720528,16.71792,15.064016,20.757093,20.92054,23.39518,20.057707,17.193363,21.988792,22.72983,17.615816,18.567066,13.936662,16.735386,19.060177,24.748592,21.682697,26.429708,27.53709,32.514874,32.962822,28.25047,32.104176,32.30308,32.47423,31.188082,30.381636,28.573063,24.055023,27.407637,23.804455,27.221544,25.681248,21.131367,25.469347,20.400951,23.037346,23.308996,19.851282,15.848499,13.992857,11.746272,9.36169,6.9927015,5.4334483,8.302838,9.401706,10.742752,10.712628,8.988684,10.82153,11.530259,10.14236,11.302803,11.173619,12.174678,11.549571,12.154837,15.355151,15.063322,19.78948,23.979725,23.137379,20.029797,24.00518,18.05162,21.873304,20.017477,23.51427
5,13.951,11.622949,7.6544547,6.198259,5.6533813,0.0,7.197398,8.051832,11.475963,14.3986,16.938173,19.971594,22.97539,22.075663,24.78387,20.424438,23.229837,20.227589,22.888597,22.574875,24.335968,26.352463,23.854301,26.688797,24.859701,21.712671,21.382881,18.804398,17.026962,18.67682,16.565502,21.542711,19.575516,25.443306,23.793303,27.519794,27.033304,23.779552,22.267721,18.486944,19.222775,14.279553,13.865619,12.247515,12.270238,14.120615,11.9704895,16.677296,16.022266,18.760427,16.037306,11.917723,16.79272,18.349428,13.463706,14.870376,9.788516,13.038767,16.120138,21.856506,19.813004,24.08034,25.920809,30.924032,31.789888,27.575235,32.122875,32.671688,33.278206,32.9312,31.528086,29.858696,24.477388,27.690292,23.50634,26.53027,24.474506,19.516254,23.108551,17.702374,19.694016,19.377676,15.991042,12.15416,11.627631,7.727698,8.725832,6.4584827,8.499583,11.19779,13.710528,15.8492365,16.277569,14.474129,16.058197,16.220156,13.966913,14.300283,13.045735,13.351169,10.52172,13.368197,14.100618,15.128289,19.23219,22.71112,23.032888,20.411652,24.712343,19.249659,23.524014,21.90134,25.750893
6,17.930443,14.568166,11.757582,8.857951,5.525956,7.197398,0.0,6.780061,7.7517357,12.574582,13.908457,18.184498,19.794218,17.890247,20.903938,16.20336,18.531387,16.19442,18.417147,19.200695,20.78757,23.599377,21.6449,25.291023,24.528969,21.610563,21.304686,17.11682,14.343524,14.883408,11.310111,16.283014,12.878158,18.909697,17.125696,20.753885,20.856852,17.924423,16.653162,12.869114,14.884767,9.312406,11.935255,9.47923,13.230955,15.189932,15.002576,19.89337,19.716114,23.19058,20.551172,17.11966,22.66151,24.24407,19.619486,20.12909,14.931837,16.344454,17.897924,23.415272,19.182642,23.584957,24.77746,29.435183,30.72067,26.503912,30.072865,31.001266,30.546026,29.801989,27.969816,25.600626,21.186937,23.653063,19.89933,22.893816,21.128517,16.679214,20.895147,15.950388,18.740858,19.368786,16.161026,12.256246,10.077086,9.419084,6.1308527,7.263779,6.906598,10.93431,12.416037,13.91356,13.767206,11.72426,11.675151,12.926745,10.690935,12.879604,11.740659,11.348582,9.896296,8.61649,11.605042,9.987272,14.91861,19.03204,17.870691,14.752149,18.5994,12.765285,16.868977,15.45362,19.345438
7,21.64104,19.046862,14.996488,13.139819,10.68313,8.051832,6.780061,0.0,4.8122196,6.574024,9.535014,12.341359,15.490727,14.74707,18.480982,14.940034,18.601065,16.93088,20.583212,21.488506,24.231886,26.935444,25.744326,29.26984,27.961529,25.26866,23.240498,20.705587,17.454966,19.196909,15.009708,21.188173,17.969906,23.793058,22.475088,25.836004,26.704487,24.10148,22.749338,19.088362,20.732101,15.0467825,16.424303,12.741531,15.335775,13.902048,14.191759,17.019869,15.411641,19.945894,18.65881,13.531699,19.28719,22.273584,18.460264,19.190464,13.7601795,14.5320015,16.29801,21.526667,17.872007,21.27732,23.436205,27.817942,30.11961,26.824966,30.920488,32.552673,32.262062,32.713192,29.85972,27.409296,22.273663,23.940973,19.510647,21.56217,18.916948,14.039216,16.864668,11.33378,13.135675,12.97228,10.330117,6.5989614,6.9199276,5.6427774,7.3269405,9.903027,12.218122,15.993571,18.416704,20.406267,20.389343,18.056244,17.814194,18.324179,15.24067,16.550377,14.20072,12.725112,8.655758,9.6791725,8.31459,8.504081,12.047208,15.028182,15.594314,13.407435,17.79965,13.370279,17.966162,17.405743,21.67046
8,24.738045,21.560453,18.327969,15.326029,12.799969,11.475963,7.7517357,4.8122196,0.0,6.142634,6.178834,11.01486,12.144968,10.683968,14.047833,10.250098,13.889494,12.666102,16.500362,17.927742,20.980528,23.937077,23.46042,27.257103,26.37727,24.043543,21.406685,18.723728,14.903473,16.573631,11.740988,18.2392,15.3812,20.727804,20.21094,23.38432,24.726759,22.605204,20.791569,17.44948,18.871225,13.370354,15.20234,10.849938,14.829968,12.7586775,14.491344,17.163733,16.388596,20.928635,19.645882,15.862229,21.696186,24.27973,20.810734,20.742657,15.587508,14.935202,15.401398,20.125841,15.16258,18.459951,20.195753,24.290842,26.873512,23.79369,27.366335,29.356808,28.557375,29.2069,25.855625,23.132439,18.31352,19.43441,15.11927,17.074059,14.581581,9.968151,13.4324,8.483043,11.346515,12.624292,9.656365,6.541034,4.569282,7.2076464,6.092396,10.569986,12.525074,16.238329,18.607105,20.734583,21.120895,19.268318,18.511454,19.854681,17.157387,19.312185,17.274452,15.66199,12.453582,10.949473,10.497902,7.678503,11.463908,14.174348,13.501283,11.143128,14.158457,9.486826,13.820388,13.086003,17.312233
9,28.14455,25.606804,21.491392,19.60973,17.153946,14.3986,12.574582,6.574024,6.142634,0.0,5.0571303,5.8019867,9.889967,10.223734,14.779144,13.05265,17.42464,17.155714,21.526865,23.063564,26.551321,29.39514,29.218504,32.873905,31.689573,29.424486,26.106585,24.346191,20.559317,22.568003,17.699823,24.21097,20.888487,26.093056,25.348131,28.240171,30.016808,27.992779,26.61841,23.297325,25.002499,19.465506,21.040222,16.66369,19.61392,15.804895,17.456171,18.175161,15.818425,21.147676,21.197853,15.941187,21.393703,25.20547,22.43913,22.802906,17.800243,17.086699,17.869074,22.001467,17.977278,19.965572,22.529299,26.061085,29.573095,27.399296,31.191267,33.65113,32.927227,34.2919,30.34556,27.55873,22.651817,22.877626,18.413525,19.122623,15.860331,11.576104,12.457879,7.417596,7.961359,7.693721,6.911607,5.649947,7.880886,9.203337,11.586075,15.3866415,17.980337,21.689528,24.22891,26.292625,26.290483,23.923365,22.99992,23.603153,20.345003,21.814655,19.08613,16.861729,12.6385765,12.72248,8.936812,8.591791,9.583886,10.548194,12.201943,11.3226795,15.042784,12.787705,16.992386,17.473698,21.64798
10,30.626503,27.573135,24.168604,21.280281,18.936258,16.938173,13.908457,9.535014,6.178834,5.0571303,0.0,6.129536,6.074712,5.726649,9.750777,8.318698,12.792748,13.184495,17.720121,19.60027,23.394655,26.297834,26.853424,30.598442,29.74113,27.882225,23.949251,22.36458,18.29162,20.328266,15.361812,21.827724,19.330421,23.80991,23.996544,26.672615,28.758919,27.188496,25.278713,22.343004,23.55328,18.477102,19.996029,15.3459015,18.95189,14.57877,17.420866,17.973005,16.6718,21.702562,21.653496,17.929388,23.365192,26.571619,24.101135,23.710085,19.060556,17.151869,16.69052,20.11111,14.998922,16.62527,18.764658,21.902702,25.718155,23.895077,27.16864,29.986687,28.855438,30.55217,26.12008,23.19589,18.59885,18.157745,13.835889,14.1759205,10.927201,7.0515943,8.284934,4.185593,6.471682,8.743827,7.213444,6.9789443,6.990171,10.791019,11.348669,15.948247,18.353287,21.80973,24.36729,26.628588,27.121967,25.28276,24.168028,25.493353,22.641151,24.749502,22.378405,20.276766,16.677935,15.1717615,12.863591,10.092224,11.383202,11.920497,11.918979,11.002173,12.50996,10.471372,13.8878,14.114205,17.953789
11,33.816605,31.309412,27.199492,25.239435,22.895449,19.971594,18.184498,12.341359,11.01486,5.8019867,6.129536,0.0,6.5129724,8.809597,13.237949,13.767314,18.207756,19.035563,23.671528,25.485487,29.421642,32.205242,32.77663,36.390274,35.246273,33.343193,29.127304,28.1164,24.169922,26.379498,21.432613,27.889559,24.85385,29.416834,29.19803,31.711508,34.02383,32.41449,30.93991,27.902954,29.446812,24.171232,25.596874,21.002085,23.845217,18.675476,21.061844,20.192236,17.516386,22.96815,24.033773,19.131527,23.962778,28.162374,26.270742,26.34008,21.873978,20.231602,20.270458,23.205158,19.327839,19.844536,22.651579,25.204449,29.65762,28.570282,32.042294,35.108482,34.138565,36.289455,31.581087,28.705101,24.122763,23.179018,18.98691,18.353468,14.766782,11.805156,10.057036,7.265128,5.395078,5.1215343,7.477368,9.181858,11.725062,13.875353,16.434061,20.503693,23.29418,26.858526,29.523296,31.702852,31.821661,29.51933,28.334198,29.0192,25.743454,27.25492,24.405516,21.9341,17.792921,17.579742,13.170401,12.611769,11.5395355,9.916297,12.486019,13.077362,15.290337,15.220054,18.498085,19.620916,23.357622
12,36.697216,33.607574,30.239992,27.292189,24.943558,22.97539,19.794218,15.490727,12.144968,9.889967,6.074712,6.5129724,0.0,3.7743106,7.223886,9.484343,13.372577,15.396208,19.798855,22.111542,26.189415,29.037535,30.467422,34.166473,33.535633,32.118134,27.452734,26.460117,22.32207,24.29999,19.394955,25.36236,23.131716,26.649567,27.429384,29.556393,32.254356,31.237486,29.32292,26.833082,27.966568,23.374159,24.952168,20.304455,23.921642,18.670124,22.137972,21.442732,20.09831,25.049612,25.771425,22.511288,27.443521,30.843216,29.060736,28.379128,24.204943,21.557098,20.314669,22.382334,17.256886,17.205086,19.229004,20.984406,25.849169,25.277851,27.831324,31.328901,29.711004,32.168068,26.894987,23.801544,20.051886,17.945272,14.379949,12.815085,9.399684,8.366886,6.0011525,6.7833424,6.92824,9.810206,10.387911,12.07516,12.471767,16.448929,17.0368,21.710917,24.061169,27.356049,29.865088,32.107876,32.637154,30.865862,29.395458,30.827911,28.002085,30.22915,27.768644,25.411518,21.957495,20.030373,17.267353,14.369125,13.88593,12.421567,12.492371,13.016858,12.31375,13.120476,14.98841,16.065277,19.077805
13,35.36956,32.026337,28.999283,25.764587,23.224405,22.075663,17.890247,14.74707,10.683968,10.223734,5.726649,8.809597,3.7743106,0.0,5.958317,6.996271,10.609514,12.948395,16.99229,19.720278,23.521261,26.620684,28.028316,31.9226,31.66123,30.231441,26.044405,24.297365,20.049273,21.542803,16.413969,22.08211,19.664968,22.964771,23.840431,25.872889,28.650814,27.79354,25.914797,23.613367,24.926748,20.545732,22.718395,18.176817,22.58077,18.303663,21.83126,22.190897,21.423044,26.200447,26.232714,23.303694,28.58838,31.554234,29.284124,28.520649,24.133276,21.661394,20.312487,22.78554,16.83045,17.58939,18.981361,21.00498,25.430307,24.31841,26.483295,29.819647,27.845892,29.790298,24.661943,21.278528,17.988268,15.854034,12.502492,11.482381,8.546149,7.55544,7.63991,7.727075,9.489894,12.491366,12.005441,12.5633135,11.723795,16.196949,15.404536,20.287619,22.049767,25.348364,27.527323,29.561602,30.03494,28.410114,26.726938,28.441689,25.872662,28.44416,26.243942,23.99506,21.11646,18.207872,16.594772,12.540999,12.810222,12.380225,10.871627,10.7332115,9.233116,9.645774,11.24791,12.360223,15.411941
14,37.72266,34.122055,31.769356,27.824858,25.843609,24.78387,20.903938,18.480982,14.047833,14.779144,9.750777,13.237949,7.223886,5.958317,0.0,5.385106,7.4406414,10.4830475,14.307354,16.798481,20.92181,23.61367,25.895576,29.483643,29.336075,28.500313,23.536007,22.731667,18.734453,20.532738,16.408073,21.49582,21.044025,23.330963,25.40013,27.30718,29.908947,29.3659,26.67679,24.81066,24.966982,21.46667,22.59061,18.322649,22.214703,17.473072,21.695536,21.544025,21.858728,25.85682,25.890532,24.62429,29.478264,31.728563,30.016813,28.556396,24.944267,21.503803,19.049406,20.223316,13.995013,13.800636,14.439524,15.641237,20.314346,19.93244,21.501862,25.237928,23.093346,25.78859,20.147667,17.043026,14.039215,10.969925,8.19357,5.823322,3.203279,6.030124,6.082392,9.32979,11.519382,15.419115,14.117222,15.142542,13.440068,18.3598,17.004705,21.619051,23.482101,26.121008,28.486122,30.889132,32.11286,31.15255,29.808256,32.021523,29.834133,32.60235,30.698421,28.760052,25.862988,22.989555,21.956797,17.675585,18.645401,18.298967,16.481855,16.073385,13.120943,12.9581585,13.111821,12.861743,14.673556
15,32.80667,29.064342,27.054869,22.853735,20.942078,20.424438,16.20336,14.940034,10.250098,13.05265,8.318698,13.767314,9.484343,6.996271,5.385106,0.0,4.545948,6.0093617,10.325932,12.772283,16.746458,19.696323,21.346107,25.141918,25.010216,23.858751,19.57023,17.89908,13.741344,15.453251,11.142877,16.681513,16.404116,19.276667,21.169312,23.518948,25.617466,24.734657,21.832619,19.751434,19.773718,16.128988,17.315031,13.05409,17.471266,13.931395,17.901308,19.18697,19.996035,23.798426,22.923616,21.838339,27.040785,28.817822,26.47357,25.062243,21.184612,18.193077,16.029709,18.346216,11.487224,13.299609,13.688457,16.441866,19.8176,17.9346,20.026978,23.073877,21.201311,22.975876,18.116856,14.994248,11.090967,9.960849,6.031767,7.082534,5.4087524,4.156144,8.470262,8.512909,12.087279,15.746988,13.109698,12.714953,9.696678,14.750902,12.15312,16.727587,18.252361,20.841497,23.11444,25.52482,26.87747,26.109959,25.005499,27.395132,25.44334,28.30901,26.701761,25.101736,22.50383,19.484713,19.492071,14.878934,17.24705,18.286379,16.002436,14.476942,12.613654,9.836145,10.833992,9.255946,11.857809
16,34.555725,30.554152,29.258352,24.647137,22.91362,23.229837,18.531387,18.601065,13.889494,17.42464,12.792748,18.207756,13.372577,10.609514,7.4406414,4.545948,0.0,4.522202,7.043149,10.197603,13.855839,16.8682,19.223677,23.014664,23.518124,22.825682,18.78395,16.808666,12.941816,13.949141,10.52408,14.543949,15.612707,17.120237,20.003073,21.978745,24.065216,23.690117,20.4026,19.033407,18.483074,16.05928,17.274323,13.7676115,18.437742,16.020655,20.051876,21.813047,23.399511,26.593311,25.286743,25.22031,30.262495,31.3851,29.026138,27.268438,23.790478,20.657616,17.985144,19.69866,12.560766,14.377508,13.443274,15.6344,18.359898,16.393066,17.282452,20.343094,17.75811,19.304928,14.222834,10.740949,8.224506,6.200209,4.131387,5.957253,6.867045,8.03035,11.977676,12.940071,16.464884,20.229807,17.470304,16.909054,13.36997,18.264559,14.5642805,18.679327,19.467417,21.491598,23.344757,25.60906,27.264984,27.047642,25.88521,28.72381,27.284307,30.455269,29.243729,27.876078,25.850864,22.191612,23.139225,18.01013,20.622696,21.890701,18.805712,17.113813,14.045124,11.359629,10.647544,8.077473,9.047401
17,30.9454,26.923147,26.009815,21.128208,19.891838,20.227589,16.19442,16.93088,12.666102,17.155714,13.184495,19.035563,15.396208,12.948395,10.4830475,6.0093617,4.522202,0.0,4.900788,6.7773147,10.822086,13.694861,15.473784,19.233395,19.374344,18.487808,14.520115,12.501386,8.600947,10.319927,7.715672,12.342144,14.574136,16.781069,19.480364,22.015335,23.289108,22.392696,18.622347,16.915274,15.513461,13.0726,13.138947,9.792875,14.066199,12.421291,16.216831,18.73157,20.894949,23.570349,21.694212,22.283417,27.198439,27.782461,25.277061,23.385357,20.132591,17.11046,14.482282,16.69645,9.624107,12.827193,11.858892,15.325482,16.899141,13.750442,15.637241,18.008657,16.270529,17.401384,13.279669,10.624301,5.9505677,7.5530825,4.3910284,8.476922,9.040137,8.153811,13.215823,12.844919,16.719717,20.244284,16.638662,15.4385395,11.320454,15.7097225,11.536313,15.0213995,15.896925,17.51476,19.640656,22.26035,24.395525,24.497944,23.950436,26.840174,25.566708,28.575329,27.577618,26.590494,24.485617,21.45801,22.749454,18.087194,21.53556,23.41991,20.73763,18.53698,16.803776,12.536855,12.965989,9.432569,10.937155
18,31.936491,27.707443,27.661518,22.534483,21.495813,22.888597,18.417147,20.583212,16.500362,21.526865,17.720121,23.671528,19.798855,16.99229,14.307354,10.325932,7.043149,4.900788,0.0,4.135503,6.8626003,10.143907,12.496227,16.361414,17.474474,17.037708,14.212244,11.173797,8.165933,8.2075615,7.6357393,9.268609,13.500446,14.117831,17.755875,19.941923,20.870224,20.443163,16.246092,15.454857,13.266618,12.692478,12.938832,11.130203,15.48124,15.794962,19.102448,22.343834,25.03729,27.147127,24.718603,26.055813,30.81063,30.722704,28.030447,25.97014,23.09138,20.380856,17.706816,19.594128,12.994542,16.230057,14.223652,17.167585,17.488346,13.834247,14.253999,15.980384,13.527571,13.441819,9.978002,7.187276,5.0807467,7.5281234,7.4538536,11.282725,12.979001,12.992237,17.847471,17.71484,21.600937,25.100668,21.449236,19.958057,15.61538,19.573719,14.504165,17.172009,16.93536,17.787527,19.15824,21.426188,23.83734,24.603643,24.055939,27.363728,26.73561,29.99212,29.49353,28.82311,27.440788,23.828602,26.131432,21.108067,24.827879,27.083952,23.73645,21.302673,19.001816,14.673297,13.977726,9.80288,9.553266
19,30.776907,26.618704,27.057915,21.744625,21.422153,22.574875,19.200695,21.488506,17.927742,23.063564,19.60027,25.485487,22.111542,19.720278,16.798481,12.772283,10.197603,6.7773147,4.135503,0.0,4.589793,6.932686,9.381678,12.875639,13.619921,13.456027,10.287577,8.097086,6.1624784,7.2566257,9.077386,10.326266,15.810803,16.684654,20.15982,22.610382,22.82172,22.04743,17.460718,16.560085,13.154758,13.144877,11.379941,10.479465,13.231887,14.195094,17.173018,20.565493,23.913382,25.227276,22.464603,24.886929,29.157427,28.395658,25.95044,23.57108,21.404963,18.577276,15.7128525,17.242794,11.517188,15.140777,12.826453,16.274061,15.336999,10.808974,11.859873,12.82342,11.409058,11.304042,9.01055,8.043753,4.2755494,9.323004,9.020036,13.180025,14.858607,14.414378,19.307531,18.934444,22.770868,26.154753,22.082151,20.521833,16.187838,19.493221,14.710498,16.371624,16.374151,16.408936,18.098274,20.795769,23.841036,25.020727,25.141052,28.41026,27.921463,30.925543,30.572851,30.198208,28.607267,25.731739,27.945532,23.44881,27.458046,29.815207,26.90684,24.374233,22.668175,17.921202,17.82208,13.581622,13.587284
20,30.632193,26.400648,27.675285,22.34851,22.258839,24.335968,20.78757,24.231886,20.980528,26.551321,23.394655,29.421642,26.189415,23.521261,20.92181,16.746458,13.855839,10.822086,6.8626003,4.589793,0.0,3.8386877,6.159047,9.84574,11.840833,11.987113,11.192266,7.513584,7.5015564,6.3472476,10.355222,8.537573,15.497351,15.290252,19.041246,21.26892,20.794182,20.23185,15.40623,15.3133335,11.060444,13.037279,11.395886,12.193875,14.759801,17.60265,19.833553,23.978037,27.513697,28.45355,25.173868,27.898598,32.04556,30.753674,28.00401,25.684237,23.758696,21.563564,19.097025,20.776327,15.7225485,19.477621,16.953527,20.132385,18.283112,13.464948,13.469479,13.098473,11.585971,9.121202,9.384559,9.170971,8.355728,12.776969,13.346422,17.343548,19.209984,18.750404,23.767584,23.1131,27.024008,30.267273,26.115742,24.166426,19.707134,22.539742,17.198679,18.050642,17.011875,16.267006,17.07359,19.316338,22.592247,24.406906,24.686527,28.187477,28.307224,31.389294,31.520533,31.499893,30.55999,27.39661,30.438526,25.85927,30.155785,32.935524,29.6505,26.870455,25.196562,20.213846,19.755796,15.374046,14.659545
21,31.749361,27.663794,29.386478,24.05133,24.506363,26.352463,23.599377,26.935444,23.937077,29.39514,26.297834,32.205242,29.037535,26.620684,23.61367,19.696323,16.8682,13.694861,10.143907,6.932686,3.8386877,0.0,4.8618636,7.04621,9.289431,10.430497,9.877377,7.977899,9.58199,9.166804,13.823703,11.899093,19.083397,18.713087,22.446718,24.617903,23.76411,23.168663,18.284386,18.327003,13.509586,15.955737,13.074267,14.548468,15.599155,18.662996,20.590225,24.502525,28.506166,28.72189,25.320515,29.006073,32.61235,30.708586,28.351614,25.740093,24.614305,22.298992,19.663067,20.622066,16.642551,20.120173,17.275644,20.250725,17.282951,12.304849,11.990111,10.44136,9.907184,6.926623,9.235881,10.665304,10.003946,14.773733,15.63437,19.50493,21.554193,21.22471,26.03669,25.567543,29.36401,32.59816,28.295862,26.481909,22.158958,24.629429,19.71619,19.930265,19.105854,17.679556,18.579247,20.981617,24.668097,26.818245,27.51865,30.962517,31.209896,34.10788,34.343376,34.493896,33.4199,30.683804,33.58858,29.270622,33.615456,36.33115,33.248775,30.496447,28.875206,23.904036,23.524303,19.151548,18.337452
22,27.58525,23.576496,25.87038,20.672293,21.561253,23.854301,21.6449,25.744326,23.46042,29.218504,26.853424,32.77663,30.467422,28.028316,25.895576,21.346107,19.223677,15.473784,12.496227,9.381678,6.159047,4.8618636,0.0,4.374387,6.6050987,6.7144566,9.259011,5.4311576,8.6751795,7.7487884,13.387412,11.166223,18.127302,18.507687,21.385824,23.930418,22.323801,21.153917,16.339241,16.129051,10.79833,13.768205,10.125359,13.003396,13.348524,18.268183,19.173693,24.047588,27.973354,27.973495,24.009537,27.580185,31.089376,28.858112,26.012674,23.692276,22.602428,21.20993,19.409204,21.330128,17.94488,22.169426,19.959524,23.670843,20.725733,15.249621,16.202032,14.204986,14.594547,11.28846,14.041541,14.959636,13.275405,18.419897,18.315027,22.532383,24.004156,22.687183,27.827667,26.376884,30.197945,33.01411,28.512352,26.15047,21.876488,23.477348,18.454344,17.606827,16.200964,14.038347,14.568117,16.940182,20.92535,23.417841,24.651808,27.973028,28.517645,31.169312,31.720968,32.256256,31.49005,29.171295,32.48542,28.651117,33.358345,36.539135,33.6456,30.618383,29.918198,24.298496,24.58494,20.208952,20.053972
23,29.088089,25.379412,28.195063,23.18858,24.625711,26.688797,25.291023,29.26984,27.257103,32.873905,30.598442,36.390274,34.166473,31.9226,29.483643,25.141918,23.014664,19.233395,16.361414,12.875639,9.84574,7.04621,4.374387,0.0,4.1884637,6.134259,9.856511,8.594329,12.444954,12.052815,17.679995,15.373615,22.359936,22.505354,25.367456,27.79988,25.860384,24.709328,20.008684,19.98515,14.539307,17.74233,13.421267,16.638456,15.572738,20.584898,21.046566,25.622728,29.919027,29.134193,25.056591,29.54457,32.393238,29.462664,27.05338,24.518242,24.364195,23.01762,21.214838,22.446156,20.265692,24.156372,21.778868,25.24368,21.374123,16.03075,16.776857,13.700424,15.177025,11.722266,15.831239,17.700068,16.265171,21.499794,21.643114,25.733486,27.343582,26.142164,31.085579,29.773804,33.46642,36.229843,31.628983,29.38648,25.301783,26.513529,21.985714,20.558874,19.364027,16.605955,17.102215,19.427961,23.664057,26.46342,28.097155,31.294401,32.001797,34.42007,35.10979,35.838093,35.00609,33.102528,36.31146,32.740585,37.477,40.62025,37.888943,34.8787,34.213932,28.610514,28.911041,24.523897,24.22296
24,27.32715,23.867212,26.529411,21.636494,23.52393,24.859701,24.528969,27.961529,26.37727,31.689573,29.74113,35.246273,33.535633,31.66123,29.336075,25.010216,23.518124,19.374344,17.474474,13.619921,11.840833,9.289431,6.6050987,4.1884637,0.0,3.4046042,7.1640553,8.07271,12.17151,13.0259,18.261425,17.39006,23.803053,24.896063,27.355406,30.142914,28.280128,26.697496,22.072104,21.36338,16.083178,18.191355,12.762796,15.857307,13.234981,18.188862,18.141983,22.523727,26.975248,25.682335,21.530405,26.553024,28.927374,25.668856,23.562725,20.886423,21.336208,20.033247,18.438833,19.580484,18.511436,22.42776,20.484686,24.330889,20.363878,14.907029,16.978579,13.993292,16.49733,14.362103,17.588507,19.478977,16.68603,22.250732,21.676647,25.778023,27.01225,25.354527,30.11291,28.530115,32.00727,34.534996,29.841362,27.673073,23.922012,24.582323,20.826546,18.88222,18.393818,15.459505,16.727926,19.598146,23.971523,26.530554,28.533617,31.436884,31.844517,33.939987,34.44834,35.203564,33.923363,32.779095,35.47408,32.43811,37.1627,40.19744,37.986,35.033382,34.863434,29.11009,29.986345,25.66004,25.96639
25,23.995426,20.48966,23.135788,18.275953,20.272081,21.712671,21.610563,25.26866,24.043543,29.424486,27.882225,33.343193,32.118134,30.231441,28.500313,23.858751,22.825682,18.487808,17.037708,13.456027,11.987113,10.430497,6.7144566,6.134259,3.4046042,0.0,7.0325613,6.30037,10.492345,11.431863,16.442268,16.08988,21.857878,23.624903,25.547356,28.579689,26.630968,24.697512,20.250515,19.126804,14.073176,15.688095,9.946289,13.417936,10.539856,16.449228,15.923127,20.966858,25.130863,24.114395,19.714918,24.180313,26.790384,23.728333,21.103024,18.724312,18.752022,18.010925,16.99357,19.085226,17.802166,22.200928,20.75509,25.073782,21.745451,16.110424,18.847673,16.449549,18.57583,16.486803,19.0292,20.268204,16.849983,22.470112,21.282055,25.537134,26.371063,24.145119,29.06311,26.901987,30.378336,32.658443,27.938986,25.466953,21.778759,22.034773,18.263012,15.892933,15.258529,12.157492,13.562181,16.61096,20.984589,23.434725,25.607233,28.366915,28.734612,30.702515,31.236797,32.08518,30.870623,29.95283,32.72393,29.964417,34.78811,38.005836,35.94547,32.906643,33.25394,27.258326,28.548464,24.328691,25.110338
26,27.252499,23.73624,24.964592,19.903587,21.373516,21.382881,21.304686,23.240498,21.406685,26.106585,23.949251,29.127304,27.452734,26.044405,23.536007,19.57023,18.78395,14.520115,14.212244,10.287577,11.192266,9.877377,9.259011,9.856511,7.1640553,7.0325613,0.0,6.7639346,8.88865,11.891014,15.464556,17.158817,22.608156,24.698282,27.13021,30.180403,29.241539,27.520342,22.91563,21.355822,16.880684,16.831959,11.19599,12.23051,9.146268,11.680027,12.563049,16.06855,20.606186,19.695358,16.09016,21.074978,23.717596,21.230782,19.55111,16.53881,16.617605,14.089449,11.706924,12.652756,11.51207,15.436544,13.956483,18.345482,15.244399,9.697286,13.744907,12.4525,14.949956,15.173941,15.706654,17.01458,12.23531,17.799992,16.275686,20.185715,21.000454,19.16187,23.55196,22.170042,25.43758,28.044085,23.399368,21.717648,18.228394,19.245874,16.353895,15.276878,16.32973,14.629293,17.296797,20.848125,24.826239,26.4468,28.068274,30.77933,30.341568,32.434967,32.248146,32.48499,30.313372,29.521809,31.152304,28.270296,32.62179,35.11825,33.425575,30.793438,30.65545,25.22964,26.518059,22.428795,23.397905
27,24.131468,20.10754,21.631815,16.305538,17.187822,18.804398,17.11682,20.705587,18.723728,24.346191,22.36458,28.1164,26.460117,24.297365,22.731667,17.89908,16.808666,12.501386,11.173797,8.097086,7.513584,7.977899,5.4311576,8.594329,8.07271,6.30037,6.7639346,0.0,4.2920346,5.648985,10.30466,10.937883,16.460384,18.556547,20.685907,23.786446,22.581957,20.794096,16.197456,14.736911,10.117526,10.714587,5.6946383,8.0991,8.063001,13.177189,13.949757,19.138887,22.804241,23.146261,19.195644,22.243639,26.004452,24.220167,21.154676,18.97997,17.374994,16.042616,14.5820675,17.42258,13.940955,18.708496,17.323366,21.791998,19.733267,14.129217,16.805021,15.814647,16.503824,14.84658,15.601835,15.705865,11.85903,17.244549,15.760243,20.13197,20.874334,18.675314,23.8671,21.774956,25.505672,28.064938,23.480013,20.980543,16.843351,18.118256,13.403175,12.43416,11.768,10.074624,11.8527975,15.036584,18.895939,20.724356,22.078642,25.10029,25.07707,27.53269,27.713076,28.102154,26.813179,25.088448,27.865051,24.481613,29.20614,32.33639,29.97795,26.980553,27.010406,21.111082,22.28787,18.072176,19.045027
28,24.629053,20.498505,21.011606,15.664309,15.676059,17.026962,14.343524,17.454966,14.903473,20.559317,18.29162,24.169922,22.32207,20.049273,18.734453,13.741344,12.941816,8.600947,8.165933,6.1624784,7.5015564,9.58199,8.6751795,12.444954,12.17151,10.492345,8.88865,4.2920346,0.0,4.2059984,6.6187778,9.420783,13.838176,16.550463,18.62699,21.799967,21.335505,19.61168,15.2155695,13.2929,9.857266,8.636773,5.377731,5.0127773,7.82333,11.206453,12.945538,17.843193,20.954304,22.263569,18.821535,20.718023,25.142643,24.298744,21.109766,19.16468,16.555859,14.837612,13.20706,16.535402,11.63492,16.513813,15.471006,20.009493,19.143719,13.994132,16.787525,16.95849,16.804201,15.931932,15.010974,14.073459,9.556354,14.405443,12.297362,16.671803,17.117895,14.750687,20.08494,17.952454,21.80375,24.502647,20.070606,17.616755,13.252407,15.32822,10.172111,10.66439,10.442774,10.325794,12.444922,15.544957,18.731136,19.843039,20.568893,23.58518,23.096659,25.77946,25.572447,25.552195,24.029081,21.900583,24.410011,20.686504,25.26227,28.243385,25.828024,22.915388,22.838907,17.021887,18.33365,14.221647,15.675248
29,24.917986,20.612776,21.643177,16.404522,16.06068,18.67682,14.883408,19.196909,16.573631,22.568003,20.328266,26.379498,24.29999,21.542803,20.532738,15.453251,13.949141,10.319927,8.2075615,7.2566257,6.3472476,9.166804,7.7487884,12.052815,13.0259,11.431863,11.891014,5.648985,4.2059984,0.0,5.7559776,5.503622,11.059557,12.996841,15.274876,18.299398,17.5136,16.007322,11.374868,10.072642,6.142068,6.813855,5.946274,7.061324,11.001119,15.24195,16.689802,21.913807,24.799847,26.275246,22.680069,24.165174,28.756548,27.889988,24.325048,22.64701,19.837505,18.703676,17.361246,20.708836,15.557099,20.244625,18.873081,22.998531,22.032164,16.913101,18.58893,18.441809,17.564653,15.405587,15.214801,13.946684,11.27323,15.544901,14.298671,18.574087,19.32983,17.356821,22.792301,20.701212,24.656477,27.348051,23.128454,20.434727,15.967802,18.108934,12.225209,12.693116,10.935008,10.629975,11.356351,13.669547,16.71112,18.231417,18.653366,22.032608,22.095108,25.088017,25.293842,25.442884,24.755898,21.787613,25.251844,21.081991,25.7881,29.129229,26.086208,22.972176,22.63484,16.751738,17.466518,13.232361,14.067184
30,25.322891,21.096024,20.741999,15.885871,14.311524,16.565502,11.310111,15.009708,11.740988,17.699823,15.361812,21.432613,19.394955,16.413969,16.408073,11.142877,10.52408,7.715672,7.6357393,9.077386,10.355222,13.823703,13.387412,17.679995,18.261425,16.442268,15.464556,10.30466,6.6187778,5.7559776,0.0,6.721769,7.933422,11.569742,13.136534,16.325464,16.760141,15.229108,11.553435,9.320463,8.67641,5.5824122,8.290958,6.006477,12.254682,14.440024,16.504467,21.201553,23.092697,25.730486,22.79874,22.614803,27.872993,28.1675,24.449816,23.22592,19.343937,18.16502,17.0678,20.962234,14.831212,19.259195,18.620813,22.657402,23.21963,18.848854,20.8024,21.803463,20.325718,19.209734,17.223753,14.702419,11.589764,14.279371,12.072278,15.883617,15.908297,13.532429,18.908974,16.498936,20.44668,23.081242,19.299044,16.595627,12.1661215,15.112681,8.991665,11.474744,10.264801,12.042508,13.117478,15.10831,16.906752,17.191439,16.655815,19.830961,19.16141,22.387215,22.034742,21.601505,20.705786,17.102144,20.301798,15.660047,20.199154,23.478046,20.331375,17.241917,17.069376,11.044673,12.288713,8.36944,10.598747
31,27.29363,22.953444,23.952574,19.156956,17.99669,21.542711,16.283014,21.188173,18.2392,24.21097,21.827724,27.889559,25.36236,22.08211,21.49582,16.681513,14.543949,12.342144,9.268609,10.326266,8.537573,11.899093,11.166223,15.373615,17.39006,16.08988,17.158817,10.937883,9.420783,5.503622,6.721769,0.0,7.4923387,7.6542153,10.6118965,13.185045,12.621323,11.872294,7.234888,7.358933,5.200428,7.5038404,10.393908,11.05112,16.1112,19.964085,21.61888,26.76444,29.201109,31.219545,27.792566,28.47587,33.428535,32.957676,29.122759,27.739086,24.46115,23.564564,22.300976,25.660318,19.83534,24.153385,22.606985,26.145952,25.651077,20.98424,21.512993,21.614721,19.622795,16.68301,16.398752,14.288909,13.802257,16.584967,16.198809,19.97294,20.948061,19.581673,24.87717,23.052431,27.023441,29.765514,26.005249,23.284678,18.852764,21.438074,15.179063,16.375288,13.746706,14.043706,13.433054,14.353641,16.394125,17.86723,17.305305,21.010984,21.504564,24.938732,25.395155,25.449835,25.655807,21.451527,25.7412,20.906717,25.397785,28.917332,25.06751,21.910273,20.953316,15.526832,15.196388,11.231737,11.106272
32,26.211689,22.124233,21.923367,18.126022,15.620884,19.575516,12.878158,17.969906,15.3812,20.888487,19.330421,24.85385,23.131716,19.664968,21.044025,16.404116,15.612707,14.574136,13.500446,15.810803,15.497351,19.083397,18.127302,22.359936,23.803053,21.857878,22.608156,16.460384,13.838176,11.059557,7.933422,7.4923387,0.0,6.089124,5.371956,8.818049,9.6303625,8.34772,6.562128,5.1587086,8.923978,7.3957825,13.462827,12.6253195,18.758795,21.812561,23.271788,28.334686,29.567608,32.628796,29.607603,28.320713,33.81753,34.422417,30.102564,29.50716,25.173124,25.012102,24.571041,28.800089,22.630392,26.843758,26.198992,29.817493,30.590343,26.329866,27.431274,28.2291,26.053553,23.783527,22.396202,19.381048,18.374025,19.82924,18.488525,21.547918,21.535711,19.534882,24.404047,21.802519,25.438622,27.60212,24.567543,21.576803,17.767075,20.16886,14.227716,16.290878,13.4250555,15.416543,14.494289,14.422185,14.403706,14.363077,12.3060875,15.807833,15.956787,19.714977,19.98085,19.680542,20.653038,15.3907385,20.369282,15.3926325,19.677265,23.621246,19.51194,16.2006,16.250967,10.884908,11.228831,8.930952,10.456557
33,31.12488,26.97733,27.465353,23.502386,21.362862,25.443306,18.909697,23.793058,20.727804,26.093056,23.80991,29.416834,26.649567,22.964771,23.330963,19.276667,17.120237,16.781069,14.117831,16.684654,15.290252,18.713087,18.507687,22.505354,24.896063,23.624903,24.698282,18.556547,16.550463,12.996841,11.569742,7.6542153,6.089124,0.0,5.144448,6.1037464,7.3880816,8.558535,6.721679,8.579763,10.696105,12.046118,17.12639,16.988377,22.854473,26.001682,27.851896,32.770557,34.479458,37.27034,34.177547,33.6641,39.045074,39.27234,35.1585,34.193016,30.270763,29.638071,28.582407,32.115967,25.6851,29.543236,28.14962,31.094511,31.486534,27.45636,27.26681,27.899353,24.983612,21.984442,21.057697,18.055105,19.161345,20.005629,20.120413,22.913504,23.761799,22.93734,27.676422,26.075108,29.799839,32.392975,29.41647,26.780888,22.749218,25.655956,19.559172,21.56617,18.601183,19.778849,18.393719,17.956303,18.2352,18.990326,16.901964,20.51662,21.272898,25.05553,25.616173,25.374538,26.631325,21.06005,25.999035,20.660404,24.412432,27.959066,23.249422,20.29517,18.695557,14.678952,12.996833,10.728509,9.620457
34,28.63841,24.760578,24.976671,21.783056,19.241879,23.793303,17.125696,22.475088,20.21094,25.348131,23.996544,29.19803,27.429384,23.840431,25.40013,21.169312,20.003073,19.480364,17.755875,20.15982,19.041246,22.446718,21.385824,25.367456,27.355406,25.547356,27.13021,20.685907,18.62699,15.274876,13.136534,10.6118965,5.371956,5.144448,0.0,3.8103924,4.8911366,5.0034466,6.1899476,7.23524,11.621991,11.879418,17.881859,17.752876,23.621487,27.137629,28.41698,33.645638,34.816284,37.87646,34.73576,33.327843,38.806908,39.34451,34.83827,34.394524,30.088705,30.228222,29.8811,34.07766,27.882061,32.014854,31.158472,34.513268,35.15521,30.914642,31.416407,31.989305,29.462666,26.505405,25.661076,22.641651,22.79878,23.853859,23.156086,25.946892,26.156055,24.55116,29.205969,26.779875,30.28747,32.33049,29.58169,26.582064,22.967485,25.180714,19.38002,21.073008,17.70213,19.297226,17.44212,16.233892,15.31021,15.456851,12.742721,16.145536,17.153654,20.920195,21.724356,21.63991,23.685858,17.96544,23.544682,18.743942,22.50235,26.519278,22.006323,18.89587,18.685102,14.530488,13.926479,12.655928,12.980967
35,32.123043,28.324379,28.609188,25.553968,22.978262,27.519794,20.753885,25.836004,23.38432,28.240171,26.672615,31.711508,29.556393,25.872889,27.30718,23.518948,21.978745,22.015335,19.941923,22.610382,21.26892,24.617903,23.930418,27.79988,30.142914,28.579689,30.180403,23.786446,21.799967,18.299398,16.325464,13.185045,8.818049,6.1037464,3.8103924,0.0,4.5506315,6.9290185,8.916744,10.831855,14.73378,15.573591,21.422785,21.304699,27.22773,30.559809,32.044006,37.13312,38.304394,41.4467,38.37947,36.98499,42.507706,43.087513,38.622845,38.125866,33.833992,33.821747,33.285114,37.26488,30.862373,34.760094,33.699833,36.69116,37.40949,33.39847,33.34877,33.98818,31.058844,27.91914,27.085276,23.961077,25.019993,25.508797,25.35436,27.810728,28.25139,27.159685,31.58526,29.574848,33.01558,35.155205,32.638462,29.822573,26.25208,28.718502,22.961874,24.840696,21.505022,23.002537,21.00602,19.573332,18.474472,18.675371,15.739123,18.89023,20.066908,23.780874,24.644337,24.463093,26.776249,20.760937,26.27383,21.333113,24.577682,28.35315,23.504725,20.692396,19.772123,16.661057,15.166757,14.486595,13.923562
