,0,1,2,3,4,5,6,7,8,9,10,11,12,13,14,15,16,17,18,19,20,21,22,23,24,25,26,27,28,29,30,31,32,33,34,35,36,37,38,39,40,41,42,43,44,45,46,47,48,49,50,51,52,53,54,55,56,57,58,59,60,61,62,63,64,65,66,67,68,69,70,71,72,73,74,75,76,77,78,79,80,81,82,83,84,85,86,87,88,89,90,91,92,93,94,95,96,97,98,99,100,101,102,103,104,105,106,107,108
0,0.0,4.29356,6.509196,9.442441,12.203926,13.905581,17.774061,20.825321,24.173641,27.022854,30.136644,29.160078,26.131382,25.14385,20.229837,20.731285,15.676081,16.63729,15.439497,16.396019,18.80035,16.264357,22.095467,21.650082,24.529757,23.561445,28.937513,29.157232,26.023367,27.553408,27.99705,28.706232,34.9279,32.122353,36.81012,37.862743,40.090923,40.598007,36.20189,32.522556,37.571625,33.565502,33.890774,33.844013,33.469467,32.47622,29.377253,32.93395,35.154366,35.257114,33.61549,37.232826,35.338253,38.71315,37.9952,41.88829,38.451817,40.97523,42.076527,41.239056,38.05316,37.951977,33.600666,31.6827,29.398819,26.3979,27.335087,22.999895,23.68006,18.688501,17.811756,21.958824,23.254042,26.2977,29.486832,29.264433,33.325733,35.55088,38.11399,41.163048,40.7611,36.84535,35.223072,32.036266,29.493643,27.710192,24.728813,21.804873,18.902334,18.799143,14.5950985,13.909392,10.388277,13.547041,17.717134,16.578384,20.483072,22.665104,27.061909,27.12566,31.483372,36.344517,34.31671,30.967407,32.912983,27.206541,27.032305,24.53579,22.872734
1,4.29356,0.0,5.3442454,6.5344887,8.858438,11.882886,14.568118,18.678658,21.443586,24.608397,27.531559,27.150005,24.568462,23.33001,18.583168,18.31384,13.420093,13.367768,12.497679,12.533305,15.176861,12.983466,18.634964,18.499184,21.06687,19.81701,25.06897,25.262701,21.848597,23.62692,23.937044,25.09441,31.282312,28.942541,33.427322,34.741436,37.068066,37.328835,33.01816,29.249363,33.963165,29.831219,29.914047,29.891201,29.284449,28.318832,25.183298,28.829046,30.977598,31.090422,29.410229,33.108536,31.369293,34.67804,33.802658,37.69292,34.24477,36.742958,37.94129,37.19575,34.031403,34.031494,29.601084,27.919022,25.66587,22.893007,24.069252,19.819254,20.694765,15.693771,14.204018,18.017517,19.390657,22.11117,25.477478,25.099943,29.245571,31.615404,34.202957,37.307247,37.012394,33.038486,31.772863,28.418459,25.760975,23.833563,20.856697,17.589354,14.757093,14.670655,10.56551,10.350805,6.4352474,9.275783,13.443511,12.548847,16.563757,18.969963,23.652878,23.67905,28.205963,33.035892,31.228125,27.83778,29.965885,23.955725,24.25133,21.547134,20.517876
2,6.509196,5.3442454,0.0,5.188438,6.853998,7.8980556,11.967672,14.513208,18.17063,20.711012,24.26957,23.44956,20.480095,19.896421,14.9333315,15.839647,11.600739,12.392127,13.440922,14.268946,17.87374,16.872355,22.341612,22.868408,25.150803,23.337172,28.345541,28.464695,23.912518,26.010366,25.334507,26.977283,32.0435,29.647097,34.03817,34.907,37.746006,38.340233,34.29866,30.876524,35.53584,32.028828,31.5388,32.306107,30.946213,30.658434,27.366394,31.197187,32.905495,32.64759,30.409197,33.874928,31.557684,34.45524,33.862614,37.520203,34.06472,36.79413,37.49655,36.204395,33.02705,32.667744,28.610369,26.320934,24.754307,21.130205,22.439667,18.057922,19.897339,14.618776,13.090735,17.746666,18.14669,22.236927,24.475475,24.950077,28.780075,30.635498,33.36461,36.168488,36.02771,32.200493,30.252428,27.217468,24.365845,23.372858,19.62439,17.86426,14.711794,15.449533,11.667151,12.205353,8.855327,11.454624,15.468893,12.525814,17.01174,17.910368,22.435724,21.758026,26.175556,30.96916,28.453785,25.094343,26.607925,21.104517,20.621653,18.320784,16.484251
3,9.442441,6.5344887,5.188438,0.0,3.779499,6.0544944,8.760827,12.800394,15.153089,18.56794,21.094103,20.71322,18.359491,16.92405,12.33228,11.833491,7.2705674,7.428766,8.460725,9.562295,13.401771,13.358214,18.558308,19.861948,22.388865,20.983793,25.357208,24.893818,19.810156,21.507637,20.644918,22.002438,26.926203,24.463133,28.86106,29.770191,32.581203,33.153957,29.136139,25.7681,30.464327,27.210926,26.760973,27.855406,26.629694,26.986448,24.042704,28.217993,29.879974,29.909655,27.640472,31.455221,29.678179,32.19881,30.92034,34.35031,30.475613,32.938683,33.537952,32.702625,29.38549,29.854744,25.843445,24.145592,23.33642,19.930313,22.050343,17.908642,20.449831,15.297354,12.149215,15.965373,15.743724,19.34102,21.102276,21.001152,24.659233,26.536657,29.041544,31.99165,31.533531,27.689207,25.83143,22.720034,20.248547,18.752798,15.870779,14.138678,11.701315,13.354815,10.338709,12.166708,8.447664,8.991805,12.158468,8.286595,12.158163,13.434341,17.75835,17.721296,22.04257,26.902729,25.018167,21.686928,24.211077,18.459476,19.023512,17.07127,16.268988
4,12.203926,8.858438,6.853998,3.779499,0.0,5.292179,5.725747,10.673866,12.8320265,16.100157,19.07268,19.33128,17.353949,16.243677,11.965628,11.254971,8.176742,6.7568583,9.925647,9.558077,13.849425,14.517919,18.962713,20.481894,22.214989,20.09278,24.257671,24.020563,18.395546,20.777163,19.299253,21.71919,26.017164,24.326456,28.28806,29.365606,32.500546,32.856388,29.124973,25.824133,29.890099,26.660412,25.577196,26.88545,24.918346,25.322065,22.15929,26.283094,27.628448,27.36598,24.819597,28.442324,26.397205,28.785343,27.723755,31.147306,27.45153,30.116266,30.689676,29.518246,26.2811,26.344507,22.348185,20.454227,19.737143,16.189129,18.441948,14.390891,17.396683,12.392226,8.761908,12.649589,12.119491,16.22124,17.828573,18.222162,21.943838,23.79696,26.536018,29.37086,29.31425,25.447075,23.805174,20.599981,17.604914,16.639574,12.814053,11.474333,8.681227,10.689988,8.30457,10.802844,8.06316,7.992641,10.720135,6.1287785,10.814831,11.200929,16.111834,15.252573,19.908003,24.67433,22.5038,19.08357,21.149975,15.165536,15.744414,13.467676,13.065378
5,13.905581,11.882886,7.8980556,6.0544944,5.292179,0.0,6.059678,7.086389,10.54549,13.219251,16.447037,15.594749,12.89087,12.294649,7.5246544,8.77699,6.6236863,7.8594527,11.673771,13.271718,17.529882,18.6207,23.218908,25.075043,27.186398,25.279858,29.191957,28.643244,22.529453,24.490534,22.463781,24.385109,27.598022,25.261347,29.301603,29.640572,33.063156,33.997337,30.47765,27.678589,32.05118,29.686028,28.524508,30.549755,28.459723,29.66259,26.701803,30.94724,32.042553,31.682116,28.830502,32.298283,29.996294,31.841257,30.80114,33.79237,29.926846,32.571003,32.48979,31.038805,27.754444,27.927435,24.56624,22.27357,22.669682,18.396067,20.85941,16.944462,20.709625,15.781287,12.508793,16.587582,14.870232,19.883116,19.864647,20.836197,23.834942,24.929628,27.519382,30.012598,29.734755,26.183928,23.445438,20.876568,18.282951,18.187984,14.551038,15.238519,12.917134,15.489407,13.432336,15.756616,12.9777355,13.253555,15.682539,10.091457,13.650173,12.46865,16.137863,15.071907,19.051764,23.762222,20.993748,17.756409,19.623472,14.702153,14.417016,13.434353,11.894755
6,17.774061,14.568118,11.967672,8.760827,5.725747,6.059678,0.0,6.747502,7.409215,10.905571,13.676617,14.662545,13.52013,12.522075,9.440573,8.166915,8.297424,6.088896,11.602596,11.23207,15.5425,17.717093,21.036745,23.374924,24.632673,22.290071,25.43154,24.847479,18.124723,20.60631,17.854778,20.945677,23.430712,22.276394,25.65245,26.453289,30.12072,30.578167,27.420351,24.66089,28.103048,25.767025,23.899336,26.200304,23.37683,24.901184,22.001074,26.236767,26.945972,26.47138,23.401138,26.832285,24.71288,26.184402,24.901505,27.77113,23.88013,26.567673,26.528854,25.060492,21.782053,22.063265,18.659496,16.714529,17.709505,13.743107,16.907019,13.586011,17.96364,13.79095,9.357722,12.074692,9.419943,14.377512,13.810735,14.934007,17.938437,19.164246,21.94101,24.484108,24.568031,20.887022,18.826221,15.886557,12.710521,12.894068,8.533199,10.052317,8.354932,11.759466,11.402369,14.61709,12.928832,11.589761,12.492634,6.473089,9.639445,7.2898126,11.848267,9.999536,14.646458,19.303316,16.825912,13.394337,15.582281,9.711326,10.837591,9.499721,10.057359
7,20.825321,18.678658,14.513208,12.800394,10.673866,7.086389,6.747502,0.0,5.330685,6.309069,10.721696,10.207326,8.137909,9.01827,6.520204,8.574794,10.700322,11.0983715,16.382172,17.457975,21.707964,23.874704,27.497164,29.907457,31.363272,28.976374,32.09317,31.456806,24.515028,26.76644,23.569103,26.309849,27.439096,25.852873,29.044245,28.979136,33.01631,34.071476,31.325617,29.192595,32.69939,31.272186,29.217087,32.141582,29.054384,31.137648,28.32707,32.468643,32.8465,32.09447,28.712261,31.671059,29.026218,29.87939,29.01396,31.324545,27.607897,30.341543,29.496653,27.380829,24.288506,24.171616,21.813396,19.131182,21.2457,16.517193,19.463697,16.504759,21.424267,17.520271,14.188666,17.331072,13.988777,19.745401,17.501904,19.651737,21.61506,21.73017,24.339561,26.173998,26.28348,23.215618,19.828838,18.009333,15.31232,17.058918,12.931672,16.327118,14.738358,17.924847,17.33999,20.12222,18.385605,17.928003,19.221373,13.1734705,15.647453,12.013936,14.418457,11.806575,15.035548,19.171425,15.359592,12.376028,13.188773,9.717367,8.547032,9.529895,8.086338
8,24.173641,21.443586,18.17063,15.153089,12.8320265,10.54549,7.409215,5.330685,0.0,4.6201243,6.381721,7.862681,8.201706,7.7489076,7.864584,7.206666,11.356985,10.619771,16.091745,16.796251,20.616558,23.706924,26.355553,29.333944,30.580112,28.424206,30.620642,29.54365,22.217207,24.15465,20.360796,23.197792,23.077911,21.981277,24.620695,24.499994,28.744501,29.729816,27.421083,25.69036,28.638845,27.86946,25.471287,28.98093,25.663847,28.604969,26.2832,30.484344,30.558413,29.964705,26.510954,29.543922,27.447855,27.611792,26.072357,27.864716,23.789865,26.217976,24.991928,23.200426,20.01458,20.882475,18.991379,17.092377,20.472872,16.331387,19.9808,17.75781,22.943848,19.618282,15.510243,17.200163,13.035091,17.935,14.22799,16.153784,17.306732,16.977116,19.34007,21.114506,21.028824,18.089798,14.510551,12.887796,10.601761,12.875448,9.8442135,14.642405,14.339507,18.061886,18.55884,21.848167,20.33776,18.754282,18.82889,12.820236,13.578669,8.856271,9.842036,6.905294,9.708228,13.898912,10.501354,7.395343,10.064403,6.7758923,7.9947424,10.006469,10.793361
9,27.022854,24.608397,20.711012,18.56794,16.100157,13.219251,10.905571,6.309069,4.6201243,0.0,6.1115456,7.2005672,7.7295513,9.318174,10.215767,11.208895,15.302045,15.022202,20.5278,21.201992,25.12139,28.067768,30.771292,33.6322,34.626663,32.105545,34.343903,33.509262,26.170206,28.393864,24.401556,27.566935,26.790377,25.99559,28.231155,27.851555,32.26638,33.346035,31.398222,29.934303,32.524536,32.017323,29.309662,32.94752,29.211454,32.12577,29.688128,33.650486,33.424007,32.486305,28.824236,31.33826,28.75181,28.539448,27.576654,29.050123,25.456276,28.037525,26.42974,23.926067,21.110329,21.123251,19.993074,17.479338,21.353218,16.923641,20.247414,18.508398,23.893639,21.052317,17.671558,19.466148,15.154517,20.494394,16.219969,19.041542,19.707968,18.772696,21.1477,22.253056,22.64998,20.239342,16.410254,15.56961,13.25996,16.538404,13.010885,18.2183,17.631601,21.06319,21.608229,24.674223,23.508854,22.364992,22.660063,16.838839,18.002817,13.117509,13.69674,10.106219,11.720405,14.778753,10.085205,7.778813,7.567912,7.1451745,6.0778832,9.706623,9.798522
10,30.136644,27.531559,24.26957,21.094103,19.07268,16.447037,13.676617,10.721696,6.381721,6.1115456,0.0,4.8109694,8.29417,8.083129,11.441203,10.788584,16.041914,15.7375,20.597193,21.692623,24.969925,28.6134,30.62654,34.029762,35.262745,33.379055,34.787468,33.29386,25.835505,27.198141,22.913317,25.295034,23.036112,22.123741,23.861124,22.93212,27.456928,28.832058,27.407478,26.651794,28.991337,29.568817,26.91349,31.214844,27.7667,31.723495,29.990885,34.081516,33.737377,33.19173,29.659922,32.40715,30.633583,29.797184,27.890146,28.680433,24.544014,26.46897,24.274624,22.576319,19.685736,21.42149,20.913815,19.574818,24.334688,20.622768,24.401148,22.959007,28.307913,25.516306,21.45941,22.403746,17.842722,21.946474,16.609097,18.524792,18.024155,16.35627,17.896976,18.81132,18.356644,16.472755,11.669213,11.902194,11.390113,14.626467,13.600514,19.285221,19.828503,23.637514,24.619352,28.0124,26.556503,24.64527,24.13775,18.381367,17.793022,12.791069,10.726859,8.393643,7.326054,9.885647,6.1516266,5.042208,8.610532,9.581025,10.980114,14.481799,15.569486
11,29.160078,27.150005,23.44956,20.71322,19.33128,15.594749,14.662545,10.207326,7.862681,7.2005672,4.8109694,0.0,4.246553,4.967921,9.159628,10.2162,15.223742,16.305334,20.748896,22.886614,26.314775,29.576817,32.31884,35.58708,37.377464,35.718884,37.63781,36.101376,28.745054,29.841463,25.945784,27.570751,25.931421,23.944038,26.301756,24.904247,29.233181,31.09055,29.372911,28.61756,31.762075,32.33423,30.188383,34.353264,31.391533,35.174263,33.31012,37.57652,37.524223,37.06147,33.589684,36.50495,34.55443,34.079052,32.318005,33.338284,29.159094,31.104849,28.999645,27.375961,24.448307,26.004948,25.228853,23.5244,27.7412,23.579742,27.123354,25.133547,30.418556,27.065765,23.20436,25.049534,20.777,25.405668,20.745224,22.49191,22.42252,20.984045,22.425274,23.41372,22.58711,20.755623,15.655423,15.91895,15.596993,18.118845,16.974173,22.05102,22.054642,25.834923,26.05599,29.255411,27.277065,25.899727,26.07701,19.897997,19.804697,15.32537,13.565255,12.116907,11.47749,14.093301,10.756616,9.795526,12.284174,13.034211,13.226692,16.660574,16.4998
12,26.131382,24.568462,20.480095,18.359491,17.353949,12.89087,13.52013,8.137909,8.201706,7.7295513,8.29417,4.246553,0.0,3.980167,6.3553762,9.361968,13.375821,15.326033,19.622005,22.196081,25.90446,28.612219,32.05509,34.99761,37.060654,35.370266,37.912952,36.586784,29.407927,30.645203,27.161644,28.649027,28.17297,25.68336,28.667767,27.426228,31.550957,33.440075,31.22256,30.045431,33.786903,33.77319,31.946436,35.697506,32.980167,36.214996,34.026196,38.365765,38.602978,38.116116,34.701015,37.73268,35.502995,35.577385,34.1206,35.62018,31.505182,33.69495,31.970583,30.230606,27.193487,28.235474,26.900555,24.756218,28.167498,23.643475,26.88034,24.360023,29.44571,25.648699,22.102034,24.75713,20.906567,26.054377,22.322212,24.09135,24.771889,23.848116,25.605701,26.902538,26.166166,23.947515,19.12901,18.767752,17.855598,19.881197,17.94393,22.290962,21.622639,25.204638,24.74639,27.672184,25.410147,24.628344,25.510042,19.168808,19.966198,16.006878,15.462739,14.056843,14.667193,17.907774,14.400317,12.770566,14.5654745,14.1871395,13.502566,16.363796,15.1825
13,25.14385,23.33001,19.896421,16.92405,16.243677,12.294649,12.522075,9.01827,7.7489076,9.318174,8.083129,4.967921,3.980167,0.0,5.031771,6.3198247,10.861286,12.844996,16.649025,19.546625,22.929844,25.877808,29.10422,32.246002,34.551918,33.29159,35.57757,33.936367,26.84596,27.610374,24.275446,25.18826,24.811102,21.92946,25.135162,23.869368,27.865147,29.815662,27.460112,26.307585,30.297132,30.41119,28.875378,32.665756,30.362131,33.828583,31.914354,36.380672,36.77111,36.584866,33.35533,36.70306,34.942364,35.080647,33.11704,34.637875,30.180922,32.114834,30.51118,29.360188,26.142006,27.952969,26.360989,24.767982,28.121878,23.926752,27.42962,24.784956,29.752043,25.77507,21.727072,24.06456,20.307495,24.843838,21.263512,22.30899,22.98595,22.270502,23.793093,25.425833,24.2081,21.832678,17.045212,16.492104,16.128633,17.3961,16.500967,20.510965,20.28077,24.022253,23.64353,26.736137,24.218222,22.98725,23.535158,17.253798,17.288866,13.731589,12.596807,12.300809,12.823739,16.49432,14.042184,12.255145,15.667401,14.351048,14.868465,17.272104,16.77069
14,20.229837,18.583168,14.9333315,12.33228,11.965628,7.5246544,9.440573,6.520204,7.864584,10.215767,11.441203,9.159628,6.3553762,5.031771,0.0,4.907933,7.2144217,9.918398,13.754395,16.733484,20.501987,22.75452,26.69577,29.384737,31.8162,30.425306,33.405045,32.112392,25.334835,26.449953,23.658756,24.757296,26.00819,23.034218,26.82349,26.152008,29.882023,31.52303,28.554775,26.686163,31.106876,30.222698,28.953878,32.074272,29.964235,32.593895,30.268137,34.739223,35.4669,35.251972,32.155247,35.630424,33.641872,34.486095,32.85188,35.0008,30.684393,32.921787,31.923529,30.664476,27.339819,28.534275,26.174244,24.235384,26.481043,22.111723,25.270624,22.048878,26.633244,22.201387,18.404636,21.497766,18.407644,23.283916,21.043343,22.033768,23.712437,23.758688,25.746555,27.80456,26.894112,23.95593,19.903717,18.41404,17.105936,17.722374,15.73438,18.569132,17.558271,20.981508,19.896389,22.703918,19.939833,19.273651,20.569534,14.28379,15.551397,12.85007,13.740224,13.241258,15.450997,19.776588,17.1102,14.543882,17.3619,14.398626,14.454249,15.699692,14.547343
15,20.731285,18.31384,15.839647,11.833491,11.254971,8.77699,8.166915,8.574794,7.206666,11.208895,10.788584,10.2162,9.361968,6.3198247,4.907933,0.0,5.428133,6.627747,10.551595,13.235736,16.662361,19.593817,22.85127,25.931318,28.30606,27.234028,29.648268,28.012756,21.15243,21.91279,19.036541,19.950653,21.165277,18.301792,22.109669,21.739098,25.43132,26.84701,23.819403,21.879623,26.208485,25.379692,24.150488,27.391703,25.462172,28.436604,26.453876,31.012718,31.756838,31.819578,28.884201,32.61377,31.202463,31.935804,29.726645,31.80141,27.189564,29.150513,28.295164,27.621155,24.174713,26.165016,23.646584,22.452314,24.858803,21.085623,24.61768,21.61712,26.121893,21.890171,17.421188,19.595207,16.452461,20.363998,18.078472,18.279716,19.886839,20.188208,21.984367,24.378433,23.172707,20.023594,16.390406,14.487309,13.578035,13.367965,12.597683,15.24971,15.084968,18.78132,18.308372,21.483698,18.804268,17.155556,17.561937,11.4180155,11.362089,8.864291,9.332407,9.958219,12.354938,17.011972,15.459203,12.770899,17.011663,13.262362,14.867939,15.757412,15.924754
16,15.676081,13.420093,11.600739,7.2705674,8.176742,6.6236863,8.297424,10.700322,11.356985,15.302045,16.041914,15.223742,13.375821,10.861286,7.2144217,5.428133,0.0,4.5997496,6.6788435,10.3177395,13.843721,15.738408,20.002262,22.540928,25.44034,24.666286,27.827208,26.401264,20.30948,21.00499,19.225647,19.627762,22.906433,19.611572,24.078459,24.191763,27.276678,28.47584,24.771582,22.132563,27.132574,25.288965,24.773764,27.091377,25.885006,27.899462,25.670937,30.223719,31.506773,31.75346,29.192553,33.163593,31.79384,33.32346,31.275259,33.94543,29.450735,31.50084,31.306408,30.828426,27.345678,29.003588,25.746185,24.488256,25.54904,21.926764,24.98873,21.384207,25.106432,20.334396,16.166668,19.014952,17.072777,20.698685,20.235207,19.92282,22.482592,23.580414,25.550138,28.324268,27.166464,23.677374,20.827309,18.334425,17.006945,15.671834,14.506391,14.970641,14.062506,17.135382,15.601334,18.323917,14.984585,13.884501,15.215985,9.626915,10.752084,10.640102,12.878656,13.863251,17.09303,21.895342,20.50318,17.552256,21.340252,16.57034,17.83875,17.5114,17.176065
17,16.63729,13.367768,12.392127,7.428766,6.7568583,7.8594527,6.088896,11.0983715,10.619771,15.022202,15.7375,16.305334,15.326033,12.844996,9.918398,6.627747,4.5997496,0.0,5.7451363,6.892906,10.853546,13.423143,16.934013,19.681858,21.951166,20.838556,23.704124,22.363686,15.972286,17.163073,15.143666,16.550621,20.087086,17.83388,21.936674,22.744343,25.905262,26.514538,22.863298,19.899918,24.264948,21.93036,21.007053,23.194794,21.602234,23.479813,21.18066,25.73472,26.934425,27.172853,24.630365,28.657827,27.492435,29.058954,26.884808,29.68423,25.238794,27.330313,27.458479,27.08536,23.618689,25.281355,21.749931,20.856195,21.739674,18.610167,21.823643,18.492565,22.133099,17.750095,13.116686,15.123494,13.271314,16.273094,16.228521,15.598763,18.532124,20.082846,22.244411,25.231415,24.388277,20.622517,18.656057,15.575476,13.739771,11.9292345,10.58857,10.425027,9.931258,13.228052,12.4861765,15.649128,12.909867,10.761325,11.206652,5.406624,6.3846216,6.811705,10.430927,11.239511,15.21676,20.066004,19.023088,15.878637,19.78918,14.240433,16.333963,15.395,16.104393
18,15.439497,12.497679,13.440922,8.460725,9.925647,11.673771,11.602596,16.382172,16.091745,20.5278,20.597193,20.748896,19.622005,16.649025,13.754395,10.551595,6.6788435,5.7451363,0.0,5.3896875,7.653661,9.575942,13.686426,16.331493,19.731476,19.896744,22.781673,21.015957,15.900625,15.801465,15.312884,14.707949,19.98022,16.718447,21.47275,22.438265,24.725586,25.34255,21.097048,17.750454,23.05278,20.3106,20.653528,22.10118,21.990013,23.508013,21.677324,26.190664,27.956533,28.76261,26.86124,31.20919,30.683167,32.607674,30.048985,32.964806,28.399946,30.065245,30.56729,30.951246,27.498047,29.735195,25.982521,25.619553,25.868368,23.315214,26.253168,22.787266,25.593557,21.085054,16.81979,18.602036,17.783262,19.475609,20.47701,18.770132,21.773222,23.69946,25.414265,28.665825,27.27784,23.556625,22.016386,18.958046,17.966812,14.911077,15.214026,13.341741,13.202457,15.585138,14.224769,16.736097,13.351375,11.2247505,11.714857,8.499574,8.095044,11.2073,13.775199,15.980333,19.353073,24.019983,23.837528,20.930004,25.3345,19.843954,22.074863,20.92836,21.495148
19,16.396019,12.533305,14.268946,9.562295,9.558077,13.271718,11.23207,17.457975,16.796251,21.201992,21.692623,22.886614,22.196081,19.546625,16.733484,13.235736,10.3177395,6.892906,5.3896875,0.0,4.411609,6.989767,10.151718,12.810472,15.235997,14.813629,17.698622,16.28561,11.093581,12.010692,11.761173,12.840494,18.856354,17.22648,21.296923,23.165415,25.453646,25.24899,21.140005,17.333145,21.567436,17.764666,17.629356,18.41462,17.873884,18.609058,16.468367,20.932352,22.770952,23.560858,21.835192,26.221851,25.89784,28.124308,25.629496,28.872374,24.603933,26.384125,27.47998,27.889935,24.588097,26.47618,22.32031,22.30702,21.835678,20.055115,22.808311,19.669966,21.94854,18.002972,13.720996,14.457654,14.444653,14.95993,17.249008,15.15479,18.817911,21.412909,23.405704,26.825003,25.996122,22.024431,21.673811,18.070251,16.367733,12.911007,12.735273,9.04569,9.2427635,11.092287,10.527327,13.218893,10.767856,7.3594747,6.5443645,5.5228434,5.197967,9.877463,13.7799835,15.350642,19.36263,23.866278,23.812279,20.775993,24.779387,18.69008,21.331673,19.396254,20.748013
20,18.80035,15.176861,17.87374,13.401771,13.849425,17.529882,15.5425,21.707964,20.616558,25.12139,24.969925,26.314775,25.90446,22.929844,20.501987,16.662361,13.843721,10.853546,7.653661,4.411609,0.0,4.73962,6.2375293,9.528103,12.586853,13.553393,15.641453,13.593564,9.818282,9.252399,10.640602,10.195613,17.571533,15.9787,19.97873,22.278404,23.84071,23.275255,18.940262,14.8092165,19.127752,14.772918,15.612318,15.616763,16.383213,16.914999,15.526474,19.7994,21.97942,23.33122,22.241096,26.781033,27.235369,29.482094,26.53386,29.67544,25.387695,26.674536,28.097477,29.227377,26.052677,28.52579,24.400322,25.054588,24.42277,23.348936,26.006454,23.163137,24.927614,21.379854,17.354797,17.301317,17.73059,16.85626,19.540403,16.553442,19.959824,22.80511,24.35607,27.918377,26.771322,22.927223,23.238628,19.686035,18.656763,14.449915,15.732595,11.521399,12.544867,13.699223,13.505286,15.66925,13.52917,10.064636,8.280751,9.663752,7.7219653,12.959192,15.884768,18.239046,21.726013,25.893538,26.628332,23.840118,28.254236,22.311207,25.320446,23.41093,25.03222
21,16.264357,12.983466,16.872355,13.358214,14.517919,18.6207,17.717093,23.874704,23.706924,28.067768,28.6134,29.576817,28.612219,25.877808,22.75452,19.593817,15.738408,13.423143,9.575942,6.989767,4.73962,0.0,5.985269,7.042734,11.07828,12.49702,15.79747,14.510812,12.685491,12.501859,14.793687,14.264629,22.090492,20.317904,24.415966,26.700514,27.943743,27.359781,22.88356,18.675653,23.04808,18.193731,19.490728,18.473835,19.71728,18.909616,17.199593,20.979433,23.608723,24.949373,24.250704,28.660162,28.943817,31.819506,29.338047,32.8595,28.94214,30.388744,32.139233,33.0825,29.990501,31.876066,27.445906,27.771008,26.15196,25.138178,27.226564,24.075844,25.00229,21.304417,18.075209,18.58874,19.97076,19.231115,22.971348,20.28523,24.076574,27.089489,28.824339,32.382587,31.413992,27.523767,27.815144,24.213089,22.816065,18.860912,19.197973,14.311833,14.318042,14.41249,13.140696,14.267935,11.926853,9.498058,9.159317,11.8144455,11.662439,16.735579,20.232164,22.195919,26.008797,30.331251,30.671957,27.701576,31.67303,25.460342,27.957958,25.575144,26.70567
22,22.095467,18.634964,22.341612,18.558308,18.962713,23.218908,21.036745,27.497164,26.355553,30.771292,30.62654,32.31884,32.05509,29.10422,26.69577,22.85127,20.002262,16.934013,13.686426,10.151718,6.2375293,5.985269,0.0,4.261565,7.429138,10.361725,11.519342,9.329709,9.527621,8.187629,12.017573,11.22885,19.458109,18.921865,22.13655,25.134708,25.843365,24.486366,20.291502,15.992789,19.193928,13.587959,15.358762,13.244749,15.519087,14.376077,13.701672,17.095621,19.851915,21.777802,21.752802,26.191809,27.480642,30.10236,27.069536,30.348524,26.572794,27.463331,29.639639,31.313736,28.505323,30.94662,26.68167,27.931341,26.42345,26.427963,28.587461,26.170605,26.859503,24.075476,20.765673,19.775572,21.265686,18.760952,22.682858,19.130098,22.54683,25.850527,27.173271,30.78127,29.792233,26.094404,27.495451,23.898882,22.946821,18.490488,20.07243,14.894503,16.158829,15.996525,16.20577,17.455849,16.27013,13.038435,10.676855,14.699804,12.942454,18.180244,21.002657,23.300226,26.663967,30.418846,31.607616,28.947983,33.19059,27.15743,30.319254,27.973799,29.902802
23,21.650082,18.499184,22.868408,19.861948,20.481894,25.075043,23.374924,29.907457,29.333944,33.6322,34.029762,35.58708,34.99761,32.246002,29.384737,25.931318,22.540928,19.681858,16.331493,12.810472,9.528103,7.042734,4.261565,0.0,5.2332864,9.063358,11.2177725,10.232615,12.394301,11.855749,15.806592,15.404269,23.616997,23.134277,26.324638,29.354786,29.907368,28.468298,24.289606,20.017805,23.002094,17.150612,18.98488,16.085287,18.444893,15.957304,14.986391,17.623219,20.741905,22.621841,23.043398,27.242058,28.452211,31.610107,29.033388,32.624054,29.287178,30.317137,32.820316,34.31077,31.630932,33.51453,29.01953,30.06578,27.6932,27.933966,29.568466,27.080204,26.955816,24.344137,21.774673,20.965168,23.241053,20.676,25.471954,22.187012,25.911833,29.373241,30.879223,34.465538,33.720882,29.9759,31.463537,27.776329,26.458279,22.210516,23.030888,17.358896,17.967196,16.93237,16.626484,16.98174,16.137653,13.683977,12.110252,16.98912,16.281109,21.47249,24.813814,26.750376,30.421106,34.277733,35.164513,32.35923,36.208702,29.951029,32.781475,30.025505,31.710337
24,24.529757,21.06687,25.150803,22.388865,22.214989,27.186398,24.632673,31.363272,30.580112,34.626663,35.262745,37.377464,37.060654,34.551918,31.8162,28.30606,25.44034,21.951166,19.731476,15.235997,12.586853,11.07828,7.429138,5.2332864,0.0,5.11698,6.514505,7.0178003,11.228997,11.953948,15.7529745,16.9859,24.495792,25.30181,27.740927,31.178175,31.895103,29.949848,26.239658,22.080133,23.721123,17.4932,18.525,14.865548,16.567953,12.549987,11.462178,13.170301,16.469736,18.379305,19.374105,23.258415,24.825687,28.193274,25.862877,29.599953,26.898092,27.933578,30.937284,32.36913,30.05121,31.454279,26.934055,28.293913,25.340107,26.476084,27.723316,25.864317,25.113228,23.483818,21.399008,19.56524,22.419048,18.76705,24.318798,21.07171,24.866987,28.584406,30.203394,33.675606,33.476006,29.785242,32.03237,28.24736,26.552269,22.585726,22.997406,16.99963,17.814007,16.028248,16.679995,16.797785,17.243174,14.627796,12.295268,18.218262,17.689001,22.47228,26.106197,27.45578,31.23982,34.77501,35.653107,32.913414,36.261124,30.023766,32.93388,29.855303,31.989056
25,23.561445,19.81701,23.337172,20.983793,20.09278,25.279858,22.290071,28.976374,28.424206,32.105545,33.379055,35.718884,35.370266,33.29159,30.425306,27.234028,24.666286,20.838556,19.896744,14.813629,13.553393,12.49702,10.361725,9.063358,5.11698,0.0,5.9321346,8.32416,10.454729,13.182131,15.652768,18.67255,25.382736,26.678167,28.985693,32.36434,33.73184,31.84446,28.337236,24.24023,25.565632,19.534754,19.34441,16.356579,16.230116,11.70403,9.095224,10.816648,13.910482,15.0960865,15.730536,19.432106,20.397095,24.151016,22.461344,26.568933,24.279203,25.844109,28.93426,29.685104,27.47855,27.987534,23.28718,24.31972,20.736347,22.137007,23.01882,21.39819,20.279549,19.171703,17.551437,15.310383,18.72364,14.996665,21.262106,18.673296,22.849188,26.622915,28.689837,32.016685,32.40801,28.608896,30.877525,26.981691,24.574423,21.259068,20.430363,14.282593,14.642151,12.135481,13.32303,13.297887,14.785892,12.2711525,9.899474,16.241547,16.677376,20.78842,25.094444,25.560354,29.722456,33.25765,33.56803,30.723206,33.339657,27.052116,29.674566,26.255575,28.487782
26,28.937513,25.06897,28.345541,25.357208,24.257671,29.191957,25.43154,32.09317,30.620642,34.343903,34.787468,37.63781,37.912952,35.57757,33.405045,29.648268,27.827208,23.704124,22.781673,17.698622,15.641453,15.79747,11.519342,11.2177725,6.514505,5.9321346,0.0,4.089567,9.452246,11.379218,14.260975,17.277346,23.210594,25.59641,26.955624,30.74998,31.71456,29.252722,26.298126,22.527874,22.453451,16.38378,16.114317,12.194169,12.557663,7.04425,6.352901,6.79977,10.138048,12.334923,13.960708,17.579779,19.959263,23.00246,20.522663,24.11755,22.014633,22.85234,26.304506,27.861002,26.022484,27.267921,23.040672,25.09691,22.258608,24.44902,25.6445,24.784063,24.025711,23.56352,21.50661,18.244993,20.991655,15.926152,21.500494,18.170425,21.573778,25.40537,26.944242,30.183645,30.53168,27.08555,30.265203,26.574003,24.774311,21.217745,21.726397,16.14226,17.739023,15.907306,18.100594,18.693567,20.10928,16.970728,13.54399,19.400702,18.381643,22.31826,25.688372,26.52913,30.040188,32.9395,34.075302,31.631083,34.596462,28.756714,31.989061,28.950745,31.80869
27,29.157232,25.262701,28.464695,24.893818,24.020563,28.643244,24.847479,31.456806,29.54365,33.509262,33.29386,36.101376,36.586784,33.936367,32.112392,28.012756,26.401264,22.363686,21.015957,16.28561,13.593564,14.510812,9.329709,10.232615,7.0178003,8.32416,4.089567,0.0,7.4713283,7.86317,11.449147,13.587318,19.700903,21.997524,23.292627,27.13432,27.847933,25.353941,22.362535,18.624605,18.573544,12.409091,12.6705265,8.531207,10.121729,6.1535206,6.9911847,8.787275,11.622736,14.177699,15.363773,19.358236,21.94715,24.360687,21.147131,24.295898,21.510447,21.948671,25.093493,27.182014,25.143764,27.321905,23.326569,25.6487,23.76773,25.520248,27.291527,26.232033,26.241606,25.231247,22.451086,19.385788,21.356258,16.463907,21.057297,17.158669,20.153778,23.868938,25.03435,28.391703,28.237324,24.872704,28.019812,24.452477,23.26963,19.250246,20.891188,15.689141,17.880783,16.896605,19.044762,20.201015,20.882343,17.30391,13.522441,18.723946,16.696724,20.869984,23.550581,25.03909,28.142155,30.95819,32.5913,30.2991,33.901264,28.225569,31.802624,29.198736,32.124035
28,26.023367,21.848597,23.912518,19.810156,18.395546,22.529453,18.124723,24.515028,22.217207,26.170206,25.835505,28.745054,29.407927,26.84596,25.334835,21.15243,20.30948,15.972286,15.900625,11.093581,9.818282,12.685491,9.527621,12.394301,11.228997,10.454729,9.452246,7.4713283,0.0,4.902485,5.291498,10.008092,15.238606,17.358633,19.058142,22.481846,24.275473,22.403452,19.33524,15.648982,16.420223,11.298743,9.796967,9.151256,7.58837,7.657398,6.5110044,10.992041,12.5918455,14.127121,13.307875,17.872274,19.398993,21.226198,17.764452,20.869816,17.062136,18.12272,20.462124,21.985687,19.378294,21.82551,17.787613,19.803339,19.132215,19.945152,22.50178,21.2153,22.590614,20.981663,17.233435,14.313146,15.052936,10.900561,14.370848,10.399646,13.795136,17.43803,18.999035,22.498346,22.333946,18.598982,21.137945,17.396006,15.940028,11.943977,13.5831785,8.915715,11.877528,12.2625065,14.927323,17.252672,17.452011,13.289169,8.936277,12.49885,9.853459,13.5147,16.302433,17.570915,20.825184,23.902575,25.23795,22.863289,26.629105,21.000963,24.760347,22.563597,25.624771
29,27.553408,23.62692,26.010366,21.507637,20.777163,24.490534,20.60631,26.76644,24.15465,28.393864,27.198141,29.841463,30.645203,27.610374,26.449953,21.91279,21.00499,17.163073,15.801465,12.010692,9.252399,12.501859,8.187629,11.855749,11.953948,13.182131,11.379218,7.86317,4.902485,0.0,4.9054136,5.955678,12.559968,14.226714,15.992091,19.593615,20.664986,18.66624,15.316547,11.4467125,12.585832,7.006065,7.301853,6.439203,7.936996,9.553941,10.257783,14.051753,15.763146,17.856632,17.488173,21.944635,23.947226,25.381319,21.430243,23.930851,19.792622,20.102726,22.11972,24.453943,21.820824,25.277401,21.69074,23.9322,23.858915,24.399008,27.175976,25.687449,27.26446,25.251047,21.25987,18.877274,19.164787,15.519995,17.848982,13.499159,15.873962,19.120325,19.930809,23.48913,22.478737,19.036375,21.47608,18.071167,17.795818,13.165772,16.532215,12.687841,15.674704,16.500965,18.511929,20.80059,20.263865,16.143253,12.195175,14.990335,11.205042,15.316483,16.80226,19.265387,21.763119,24.667759,26.771679,24.660467,29.21919,23.923992,27.891699,26.174805,29.06126
30,27.99705,23.937044,25.334507,20.644918,19.299253,22.463781,17.854778,23.569103,20.360796,24.401556,22.913317,25.945784,27.161644,24.275446,23.658756,19.036541,19.225647,15.143666,15.312884,11.761173,10.640602,14.793687,12.017573,15.806592,15.7529745,15.652768,14.260975,11.449147,5.291498,4.9054136,0.0,6.539801,10.085354,12.550929,13.930354,17.29698,19.348635,17.639278,14.81589,11.576014,12.267723,8.615776,6.3320627,8.635354,6.9070807,10.710845,10.835259,15.012804,15.838339,17.324974,15.99722,20.376865,21.950218,22.711329,18.586998,20.75517,16.134409,16.669416,18.120434,20.193657,17.346672,21.134508,17.871899,20.170267,21.163998,21.393425,24.600872,23.373219,25.746655,23.82001,19.44214,16.882132,16.106365,12.863882,13.6308775,9.210422,11.207163,14.316259,15.261593,18.857767,17.97557,14.345837,16.792294,13.311547,13.043793,8.495432,12.524902,10.119024,13.701109,15.417071,17.972643,20.85164,20.378246,16.13478,12.10893,13.230294,8.860317,11.650923,12.647852,14.857733,17.144276,19.89911,22.030512,20.058895,24.663702,19.737263,23.953833,22.674122,25.859083
31,28.706232,25.09441,26.977283,22.002438,21.71919,24.385109,20.945677,26.309849,23.197792,27.566935,25.295034,27.570751,28.649027,25.18826,24.757296,19.950653,19.627762,16.550621,14.707949,12.840494,10.195613,14.264629,11.22885,15.404269,16.9859,18.67255,17.277346,13.587318,10.008092,5.955678,6.539801,0.0,8.410969,8.526947,10.939975,14.224918,15.112894,13.645479,9.773267,5.739581,8.937525,5.814291,7.361436,9.334057,11.265478,14.921466,15.884231,19.727974,21.047419,23.023058,22.20538,26.590744,28.397095,29.188124,24.907656,26.71855,21.989883,21.92046,22.942228,25.604746,22.750738,27.174316,24.19258,26.323599,27.431795,27.19805,30.474384,28.735273,31.130327,28.533127,24.025908,22.35901,21.565203,19.102634,19.55854,15.347176,16.58959,18.961433,19.093533,22.56697,20.53611,17.439844,19.014866,16.190376,17.259995,12.46385,17.400023,15.250224,18.286522,20.124544,21.673023,24.349072,22.960163,18.955942,15.609091,16.284792,11.459844,14.956853,14.590682,18.260345,19.717339,22.458853,25.201342,23.447577,28.848602,24.206724,28.31588,27.441196,30.095602
32,34.9279,31.282312,32.0435,26.926203,26.017164,27.598022,23.430712,27.439096,23.077911,26.790377,23.036112,25.931421,28.17297,24.811102,26.00819,21.165277,22.906433,20.087086,19.98022,18.856354,17.571533,22.090492,19.458109,23.616997,24.495792,25.382736,23.210594,19.700903,15.238606,12.559968,10.085354,8.410969,0.0,6.268886,4.1765876,8.020267,9.968289,8.272,7.16252,7.158383,6.026763,9.132473,7.835716,12.824377,12.72427,18.573568,20.06682,23.508408,23.663752,25.283478,23.949787,27.723923,29.670786,29.0183,24.246971,24.628395,19.659643,18.744417,18.447393,21.758223,19.225391,24.929996,23.398195,26.054623,28.95338,28.72353,32.43877,31.42722,34.66404,32.53478,27.774431,25.674002,23.572317,21.353777,19.127426,15.344999,14.062143,14.95684,13.684462,16.601742,13.668583,11.696278,13.750343,12.326664,15.280191,11.73853,18.1426,18.636803,22.16525,24.725374,26.980478,30.137178,28.984251,24.916105,21.44195,20.601574,15.445509,16.308361,13.26201,17.02564,16.323446,17.390198,21.509094,20.864643,26.562946,23.606869,28.08497,28.318933,31.424812
33,32.122353,28.942541,29.647097,24.463133,24.326456,25.261347,22.276394,25.852873,21.981277,25.99559,22.123741,23.944038,25.68336,21.92946,23.034218,18.301792,19.611572,17.83388,16.718447,17.22648,15.9787,20.317904,18.921865,23.134277,25.30181,26.678167,25.59641,21.997524,17.358633,14.226714,12.550929,8.526947,6.268886,0.0,5.2000365,6.4213395,8.27974,8.87486,5.5712805,5.39727,9.495875,11.873522,12.414804,16.451788,17.295338,22.364664,23.267366,27.21182,27.92475,29.534538,28.04659,32.15213,33.548935,33.407543,28.97488,29.831268,24.6874,24.314121,23.8248,26.490059,23.570086,28.866024,26.952356,28.831327,31.545973,30.443888,34.240585,32.48242,35.92982,32.95384,28.037403,27.034418,24.851908,23.85361,21.84555,18.474253,18.041586,18.769466,17.975721,20.844538,17.562292,15.439937,15.26501,13.972475,16.934175,13.2560835,19.213438,19.683058,22.593163,25.462856,26.784693,29.90826,27.925516,24.227055,21.554756,19.771046,14.742019,15.975738,12.629523,17.27363,16.680534,18.66525,22.216413,21.288136,27.426147,24.281887,28.350817,28.792385,31.170172
34,36.81012,33.427322,34.03817,28.86106,28.28806,29.301603,25.65245,29.044245,24.620695,28.231155,23.861124,26.301756,28.667767,25.135162,26.82349,22.109669,24.078459,21.936674,21.47275,21.296923,19.97873,24.415966,22.13655,26.324638,27.740927,28.985693,26.955624,23.292627,19.058142,15.992091,13.930354,10.939975,4.1765876,5.2000365,0.0,4.215713,5.907986,5.17913,5.0733943,7.3694515,7.1729507,11.892543,11.659769,16.27723,16.805756,22.579065,24.134398,27.587442,27.798061,29.452848,28.103323,31.837812,33.712044,32.910572,28.145384,28.251286,23.285175,22.210388,21.413618,24.74251,22.274704,28.174881,26.95949,29.43504,32.660442,32.089703,35.920033,34.742397,38.211662,35.797077,30.925484,29.226416,26.872372,25.181202,22.524754,19.061075,17.489958,17.747004,16.069172,18.515978,14.917453,13.74754,14.723628,14.206841,17.814232,14.688658,21.117155,22.066946,25.402164,28.180769,30.114914,33.306328,31.782139,27.862192,24.702337,23.308655,18.154182,18.762848,14.873512,19.042843,17.539131,18.222837,22.662865,22.377914,28.355722,25.948032,30.28598,30.95262,33.79283
35,37.862743,34.741436,34.907,29.770191,29.365606,29.640572,26.453289,28.979136,24.499994,27.851555,22.93212,24.904247,27.426228,23.869368,26.152008,21.739098,24.191763,22.744343,22.438265,23.165415,22.278404,26.700514,25.134708,29.354786,31.178175,32.36434,30.74998,27.13432,22.481846,19.593615,17.29698,14.224918,8.020267,6.4213395,4.215713,0.0,4.631271,6.6725545,7.303967,10.228781,11.176641,15.929949,15.756256,20.418102,20.737333,26.532223,27.817411,31.448448,31.619837,33.105362,31.481955,35.168858,36.702793,35.730186,31.107525,31.030308,26.003252,25.056347,23.674934,26.655743,24.148588,30.053394,29.15771,31.287222,34.96888,33.907932,37.8753,36.55221,40.39197,37.704098,32.73847,31.508121,28.733444,27.826637,24.508219,21.571943,19.756077,19.34873,17.542425,19.538345,15.53562,14.924075,14.4963665,14.857774,18.913754,16.455172,22.664972,24.381937,27.462227,30.565876,32.223595,35.518997,33.678802,29.974953,27.209684,24.960384,20.003529,19.948837,15.279254,19.55369,17.26477,17.628881,22.123348,22.19334,28.312538,26.571901,30.672087,31.86305,34.398838
36,40.090923,37.068066,37.746006,32.581203,32.500546,33.063156,30.12072,33.01631,28.744501,32.26638,27.456928,29.233181,31.550957,27.865147,29.882023,25.43132,27.276678,25.905262,24.725586,25.453646,23.84071,27.943743,25.843365,29.907368,31.895103,33.73184,31.71456,27.847933,24.275473,20.664986,19.348635,15.112894,9.968289,8.27974,5.907986,4.631271,0.0,3.9746513,5.792158,9.917051,10.4663925,15.835821,16.770077,20.72956,22.199095,27.744757,29.514746,32.88248,33.25502,35.080597,33.900806,37.645153,39.60786,38.77919,33.974796,33.892212,29.005423,27.710436,26.689438,30.135725,27.79493,33.806484,32.771534,35.13777,38.45134,37.6602,41.53484,40.149746,43.68903,40.978733,36.055355,34.722332,32.34073,30.937773,28.2471,24.902727,23.280336,23.213226,21.26563,23.261673,19.28805,18.855368,19.01692,19.195908,23.084755,20.160465,26.471392,27.450983,30.586319,33.417404,34.972633,38.08662,36.177395,32.437195,29.579672,27.987232,22.919262,23.651196,19.417645,23.830559,21.827133,22.194408,26.742813,26.750238,32.875916,30.88113,35.022106,35.981834,38.505634
