,0,1,2,3,4,5,6,7,8,9,10,11,12,13,14,15,16,17,18,19,20,21,22,23,24,25,26,27,28,29,30,31,32,33,34,35,36,37,38,39,40,41,42,43,44,45,46,47,48,49,50,51,52,53,54,55,56,57,58,59,60,61,62,63,64,65,66,67,68,69,70,71,72,73,74,75,76,77,78,79,80,81,82,83,84,85,86,87,88,89,90,91,92,93,94,95,96,97,98,99,100,101,102,103,104,105,106,107,108,109,110,111,112
0,0.0,4.2741203,6.5303383,9.855107,13.373549,15.687308,18.260487,21.8539,24.649632,28.064138,30.617546,33.7809,36.41799,34.573772,39.055195,34.974125,38.346176,35.911465,40.999924,38.956444,41.164726,44.095936,45.57774,48.061684,45.606438,43.84175,38.842815,36.802353,34.54695,37.294098,39.187637,32.527782,34.442432,38.294746,34.20232,32.03181,34.514515,35.011894,30.595993,27.836937,28.882286,26.13999,25.961113,28.181335,25.057781,30.253714,25.172491,31.70891,31.836483,26.94488,23.301922,29.750486,29.180513,23.457968,23.53511,20.17175,22.020327,22.751413,27.832083,24.707357,28.525814,32.14356,34.62248,34.4375,40.301155,38.58636,43.092506,45.156433,43.070835,46.83279,44.69541,42.162743,38.916973,36.231342,33.228592,31.11944,27.495008,24.92634,20.7415,21.579573,19.04264,19.432936,22.721012,26.04793,27.907583,30.004738,32.561832,35.179745,38.422672,40.582687,44.31129,46.20082,44.089584,46.40226,42.89922,42.46962,39.136776,37.95388,36.703876,31.874533,36.37403,39.33416,35.530605,33.320965,36.70429,38.158337,34.312584,32.689007,28.233381,26.331139,23.682499,20.447306,19.010273
1,4.2741203,0.0,5.1898003,6.3252864,10.181224,13.314532,15.046277,19.367435,21.719772,25.532663,27.785824,31.507647,33.616238,31.467514,36.034767,31.84949,35.09224,32.85659,37.664597,36.005245,38.062904,41.127743,42.480682,45.24635,42.73986,40.793213,36.074387,33.898956,31.489527,33.97254,35.720528,29.13241,30.780931,34.44198,30.316751,28.02583,30.40042,30.80739,26.507221,23.85416,24.898178,22.509293,22.425873,25.039394,22.1312,27.911224,22.95965,29.840652,30.384262,25.487482,22.124182,28.967005,28.495579,22.757875,23.622993,20.090672,21.397558,22.796814,27.816832,24.85249,27.822426,31.85505,34.3588,34.01983,39.86755,37.69977,42.428894,44.150654,41.77548,45.66218,43.394146,40.895638,37.476673,34.690556,31.739296,29.198124,25.89041,22.88327,19.124321,19.48395,17.170591,17.499916,20.30602,23.774057,26.001785,27.481977,30.595686,32.861248,36.389317,38.554,42.393356,43.93217,41.59827,43.664238,40.112923,40.10023,36.569153,35.80997,34.63702,30.267672,34.726814,37.496986,34.07652,32.148308,35.584618,37.100147,33.50318,31.82598,27.681019,25.346037,23.389723,19.742933,19.169043
2,6.5303383,5.1898003,0.0,5.25922,7.6094484,9.62534,12.551317,15.810797,19.055197,21.96688,24.937757,27.875957,30.710388,29.012268,33.875957,30.235588,33.9089,32.00966,37.271164,35.873444,38.498627,41.583027,43.406662,46.34818,44.393387,42.54446,38.06924,35.359818,33.440037,35.922527,36.860725,30.37911,32.810143,35.78975,31.137167,29.266987,30.98987,31.040163,26.466877,23.484886,25.515408,22.383549,23.605831,25.62075,23.964851,29.567142,25.201283,31.769125,32.80641,28.547867,24.499968,30.85929,31.377659,25.994228,25.946218,22.403528,22.815384,23.47411,28.459322,24.46945,27.419493,31.956501,33.865566,33.00623,39.074627,36.487724,40.918697,42.61785,40.629337,44.99645,43.077442,41.021564,37.023804,34.86925,31.35371,29.219894,25.488829,22.149565,18.54042,17.944866,14.995464,14.302683,17.920753,21.678076,24.354868,25.99815,29.462444,32.269028,35.61807,38.23483,41.897865,43.34232,41.359135,43.331474,39.2418,38.802288,34.94991,34.037666,32.277878,27.626669,31.741648,35.106934,32.23571,29.803736,32.679607,33.81771,30.032911,28.77101,24.08916,22.719435,20.565393,17.436607,17.220724
3,9.855107,6.3252864,5.25922,0.0,3.9809332,7.655368,8.734333,13.373686,15.549049,19.434608,21.61686,25.548069,27.44225,25.257856,30.023878,26.065199,29.4875,27.662191,32.574783,31.46234,33.858673,37.050198,38.706562,41.872684,39.858276,37.86254,33.671436,30.852314,28.825563,31.071642,31.87438,25.477299,27.76639,30.579409,25.919262,24.020838,25.75575,25.939306,21.329329,18.406895,20.273405,17.40202,18.641521,20.998528,19.61036,25.68849,21.591576,28.354687,29.82833,25.719873,22.052452,28.654488,29.282999,24.078375,24.84855,21.261295,21.066572,22.545656,27.305357,23.813437,25.658712,30.491062,32.51677,31.616327,37.52313,34.547226,39.277103,40.572914,38.160145,42.511494,40.3836,38.299587,34.257458,31.899166,28.587656,25.92254,22.69676,18.966478,15.98251,14.980414,12.624297,12.298436,14.824401,18.584848,21.513138,22.38174,26.340252,28.605484,32.276474,34.78255,38.576267,39.667133,37.393543,39.137806,35.136833,35.225555,31.2876,30.867573,29.417946,25.443453,29.621737,32.488182,29.874567,27.982677,31.113691,32.490955,29.150566,27.637945,23.719719,21.3872,20.27939,16.562292,17.364923
4,13.373549,10.181224,7.6094484,3.9809332,0.0,4.3836555,5.1168003,9.648199,12.095814,15.616832,18.076588,21.870102,23.87321,21.816542,26.861172,23.29215,26.951916,25.56464,30.602688,29.963058,32.68397,35.923885,37.852272,41.271206,39.680153,37.694286,33.924095,30.676313,29.009552,31.05401,31.096159,24.988573,27.732244,29.803905,24.773338,23.249746,24.314318,24.1758,19.430412,16.3118,19.060406,15.800588,18.300062,20.26092,20.166893,26.151077,22.764008,29.194675,31.195457,27.666277,23.829464,30.033276,31.347754,26.537111,27.048716,23.535711,22.5359,23.801727,28.302572,24.376915,25.603443,30.871002,32.452106,31.122282,37.039215,33.54045,38.123188,39.16156,36.868744,41.58045,39.64988,37.936752,33.44361,31.538658,27.928808,25.370373,22.162277,18.022842,15.73383,13.550998,11.077332,9.719591,12.241624,16.261063,19.793941,20.254734,24.833044,27.218632,30.870707,33.67937,37.352867,38.136475,36.01629,37.513504,33.106724,33.142612,28.861273,28.634506,26.810167,23.059631,26.86834,29.990023,28.11479,26.104748,28.802645,29.939423,26.729002,25.498587,21.59532,19.684116,19.084354,15.679399,17.352417
5,15.687308,13.314532,9.62534,7.655368,4.3836555,0.0,4.6581497,6.1982183,9.773251,12.392769,15.423824,18.345844,21.141657,19.68817,24.696806,21.631697,25.66749,24.377121,29.933237,29.200666,32.469997,35.572662,37.97781,41.31469,40.28407,38.54588,34.88681,31.295227,30.239328,32.44701,31.861967,25.965252,29.644018,31.251165,25.957008,25.077164,25.761902,25.664452,20.630697,17.261492,20.53089,16.315788,19.686659,20.612774,21.530893,26.770786,23.995337,29.782135,32.055122,29.205437,24.820728,30.307005,32.45862,28.096487,27.730051,24.365345,22.68676,23.245602,27.500454,22.895763,23.995453,29.51569,30.551569,28.820766,34.80525,31.052738,35.32341,36.3739,34.454853,39.47866,37.882233,36.558926,31.680267,30.385376,26.35024,24.34822,20.78936,16.646269,14.62054,11.670196,8.706952,6.1116467,9.596409,13.6877575,17.405464,18.26679,22.79381,25.744202,29.054106,32.20267,35.63796,36.47808,34.781876,36.323822,31.567873,31.01854,26.647356,26.072796,23.786282,19.680225,23.254887,26.835468,25.27948,22.850397,25.11586,26.011059,22.678127,21.712095,17.540478,16.327942,15.749292,12.940105,15.114138
6,18.260487,15.046277,12.551317,8.734333,5.1168003,4.6581497,0.0,5.820879,7.14101,11.162007,13.095079,17.409307,18.873653,16.706717,21.827879,18.466452,22.247923,21.275375,26.335257,26.188793,29.179327,32.435143,34.621838,38.284176,37.18587,35.247517,32.033672,28.334314,27.154446,28.950706,28.093754,22.451689,25.8308,27.029375,21.676592,20.791958,21.193594,21.016212,16.000477,12.660049,16.188272,12.370529,16.268875,17.587755,19.11705,24.77156,22.424,28.255674,30.914616,28.213486,24.420843,30.026186,32.101994,27.943213,28.401028,25.092798,23.097092,24.409603,28.364649,24.418053,24.46726,30.102072,31.260195,29.54265,35.245323,31.144438,35.651356,36.242195,33.89112,38.863655,37.06077,35.729683,30.855093,29.369862,25.638636,23.060808,20.22736,15.722867,14.721794,11.2633915,9.479758,7.553645,8.60888,12.584003,16.709524,16.313305,21.615116,23.828867,27.508535,30.525013,34.072464,34.42472,32.386734,33.56962,28.84694,29.00781,24.434763,24.598425,22.630287,19.568312,22.997551,25.978333,24.936117,23.179604,25.580145,26.652935,23.926025,22.79453,19.615496,17.536406,18.103144,14.964849,17.793764
7,21.8539,19.367435,15.810797,13.373686,9.648199,6.1982183,5.820879,0.0,4.9504943,6.213581,9.581304,12.271534,15.124832,14.067221,19.254955,17.029926,21.338213,20.794823,26.398771,26.358852,30.064007,33.08888,35.892292,39.471325,39.164417,37.545334,34.623158,30.531738,30.149437,32.027714,30.294216,25.185627,29.535395,30.003876,24.466091,24.414623,24.156162,23.857225,18.85632,15.51472,19.609055,15.002002,19.82634,19.813145,22.604193,27.20545,25.681454,30.603592,33.566036,31.68473,27.362755,32.01693,35.037766,31.412159,30.88695,27.798674,25.116299,25.542349,29.06817,24.357773,24.126585,29.989126,30.329506,28.01876,33.683144,29.156193,33.107235,33.601974,31.832808,37.27197,35.993145,35.29302,29.886889,29.356735,25.111315,23.370789,20.246159,15.918956,15.569309,11.192664,9.249939,5.5996456,7.0287185,10.637723,15.097387,15.000112,20.297243,23.218258,26.323862,29.826748,32.94887,33.242664,31.848597,32.96108,27.696325,27.051256,22.257465,22.05736,19.229568,15.927562,18.632395,22.411623,22.292639,19.954409,21.406658,21.953142,19.204634,18.681606,15.318636,14.615564,15.54085,13.6595745,17.098335
8,24.649632,21.719772,19.055197,15.549049,12.095814,9.773251,7.14101,4.9504943,0.0,5.9273267,6.0830164,11.111315,11.906637,10.008846,14.984505,12.253913,16.470135,16.070833,21.492773,21.781546,25.43898,28.49508,31.2946,35.040565,34.91734,33.291878,30.819921,26.545355,26.425394,28.049109,25.813765,21.151506,25.797665,25.750725,20.203415,20.672312,20.187181,20.249596,15.118243,11.84303,15.87726,11.084203,16.51011,16.044792,19.88997,24.185701,23.48123,27.909159,31.303865,29.974676,26.103281,30.394451,33.647858,30.549084,30.473532,27.602633,24.3984,25.350428,28.350687,24.339554,22.89145,28.775633,29.12275,26.81803,32.069077,27.212456,31.365072,31.37206,29.163958,34.51592,33.079807,32.45606,27.044174,26.483376,22.532885,20.418064,18.091587,13.646757,14.64635,9.935666,9.640046,7.6581273,5.4609227,8.043174,12.725024,11.211235,17.214436,19.440989,22.787622,26.189554,29.34801,29.216578,27.603525,28.446604,23.183544,23.073313,18.141071,18.604267,16.239485,14.225202,16.872704,19.70905,20.010098,18.546923,20.29341,21.224228,19.323032,18.400845,16.608915,14.563019,16.800114,14.650461,18.614038
9,28.064138,25.532663,21.96688,19.434608,15.616832,12.392769,11.162007,6.213581,5.9273267,0.0,5.2799335,6.564353,9.668816,9.605082,14.901893,14.3248,18.684237,19.27169,24.54336,25.419247,29.436228,32.276592,35.41402,39.18771,39.62937,38.149918,36.06096,31.62498,31.875853,33.332897,30.501959,26.453915,31.159086,30.451113,24.9333,25.671463,24.400051,23.790867,19.303858,16.424253,20.970581,16.61585,22.282284,21.48557,25.72024,29.594042,29.172834,33.213196,36.679382,35.613426,31.466051,35.34183,38.98535,35.976326,35.34683,32.51971,29.207903,29.495485,32.332817,27.681648,26.38036,32.28183,31.946297,29.155712,34.290672,29.127537,32.54306,32.412525,30.913424,36.66336,35.78154,35.767185,29.99192,30.290623,26.033363,24.671715,22.18111,18.12342,19.172514,14.3596525,13.530302,10.381705,9.662262,11.402697,15.805188,14.583319,20.203632,22.873322,25.554066,29.305655,31.951157,31.589354,30.598196,31.144035,25.421034,24.689745,19.541653,19.884817,16.433577,14.608721,15.669106,19.578575,21.402174,19.300081,19.514973,19.468943,17.664919,17.855751,15.728097,15.894076,18.021093,17.20622,21.154135
10,30.617546,27.785824,24.937757,21.61686,18.076588,15.423824,13.095079,9.581304,6.0830164,5.2799335,0.0,6.5743556,5.830797,4.8218656,9.858598,9.118995,13.450939,14.3426485,19.42955,20.613745,24.658894,27.414583,30.635492,34.47506,35.234837,33.853535,32.257973,27.684319,28.35746,29.591496,26.192251,22.820879,27.907417,26.65272,21.300648,22.726002,21.27469,21.185778,16.746298,14.190682,18.268545,13.933094,19.74486,18.25636,23.442999,26.655954,27.143766,30.44415,34.27612,33.874195,30.151031,33.467678,37.387283,34.995728,34.660297,32.111614,28.325169,28.998499,31.239758,27.302633,24.852722,30.638964,30.253828,27.490112,32.103523,26.661907,30.20641,29.557243,27.64186,33.263798,32.274277,32.40384,26.666494,27.056498,23.153803,21.607092,19.987427,16.149927,18.418936,13.67935,14.191818,12.370567,9.466601,9.567193,13.572818,10.944011,16.901897,18.828363,21.562443,25.201488,27.777868,26.971334,25.867638,26.129103,20.369547,20.080368,14.783222,15.868521,12.914765,12.807967,13.66843,16.332415,18.711504,17.618069,18.140947,18.58986,17.803804,17.471775,17.101076,15.834558,19.086504,18.047049,22.328503
11,33.7809,31.507647,27.875957,25.548069,21.870102,18.345844,17.409307,12.271534,11.111315,6.564353,6.5743556,0.0,6.3512254,9.021482,12.293192,13.861981,17.87942,19.042433,24.134138,25.154749,29.589432,31.952442,35.587616,39.120453,40.46457,39.39277,37.839756,33.214424,34.30343,35.70372,32.060345,28.960335,34.35605,32.950203,27.705574,29.276106,27.636673,27.275055,23.146568,20.666739,24.842455,20.370983,26.038647,24.131205,29.259668,31.886599,32.474728,35.332584,39.081596,38.98329,34.759598,37.503204,41.926567,39.679462,38.4851,36.039856,32.130028,31.930895,33.950645,29.310747,27.201944,32.85594,31.690514,28.45288,32.902233,27.360018,29.931555,29.31878,28.409977,34.364674,34.080902,34.85491,28.851128,30.207335,25.943954,25.443647,23.38199,20.126774,22.093552,17.468576,17.386019,14.900105,13.369311,13.130748,16.378843,15.031389,19.67712,22.39774,24.136375,28.080421,30.002012,29.330656,29.12473,29.399036,23.452368,21.943848,17.013048,17.22174,13.105533,12.694497,11.554642,15.6502495,19.317842,17.34924,16.029,15.268701,14.674013,15.642579,15.192231,16.28842,19.244335,19.6624,23.747458
12,36.41799,33.616238,30.710388,27.44225,23.87321,21.141657,18.873653,15.124832,11.906637,9.668816,5.830797,6.3512254,0.0,4.02958,6.353692,9.093112,12.451701,14.71261,18.784967,20.86383,24.99052,27.326885,30.805988,34.63835,36.19747,35.061783,34.320686,29.642492,30.94596,31.78305,27.486074,25.40882,30.613253,28.363834,23.463688,25.588247,23.42757,23.231146,19.68448,17.885378,21.650127,17.986326,23.674192,21.5782,27.491886,29.814138,31.207317,33.565464,37.675964,38.004894,34.49674,37.026962,41.383404,39.568775,39.101215,36.823013,32.675728,33.187664,34.796295,31.072742,27.889458,33.391308,32.432392,29.394903,33.24486,27.46462,30.305218,28.985825,27.394003,33.052834,32.50275,33.327255,27.527681,28.727386,25.099133,24.06109,23.15392,19.99346,22.976612,18.479988,19.41591,17.794214,14.740299,13.677155,16.591742,13.448386,18.514343,19.888256,21.851612,25.471325,27.356716,25.832577,25.274206,24.868479,18.91231,18.53901,13.335031,15.146279,12.020428,14.173135,12.954278,14.894239,19.32676,18.78102,18.079067,18.00138,18.520105,18.746733,19.706121,19.05837,22.820374,22.517803,26.84585
13,34.573772,31.467514,29.012268,25.257856,21.816542,19.68817,16.706717,14.067221,10.008846,9.605082,4.8218656,9.021482,4.02958,0.0,6.036207,6.6894484,10.212838,12.528817,16.39843,18.806787,22.572968,25.231068,28.357964,32.466988,33.56826,32.166103,31.43118,26.803806,27.747515,28.39349,24.241634,22.024748,26.867964,24.627377,19.625349,21.627855,19.434282,19.290787,15.666563,13.968702,17.717785,14.437916,20.19922,18.538204,24.426327,27.236797,28.492516,31.220222,35.345135,35.387276,32.236935,35.21129,39.155247,37.17874,37.2887,34.92291,30.954378,31.998066,33.80811,30.47596,27.246737,32.797653,32.349186,29.626165,33.623013,27.983536,31.393368,30.138088,27.971668,33.384,32.380737,32.753834,27.175364,27.698753,24.329515,22.593714,21.955631,18.457497,21.478893,17.03505,18.187578,16.873463,13.382714,12.675563,15.939601,12.0897455,17.892012,18.692348,21.339323,24.704716,27.035124,25.436293,24.222664,23.773075,18.001495,18.59191,13.240363,15.616651,13.310297,15.252611,15.234525,16.598166,20.029367,19.85705,20.154594,20.629847,20.788834,20.445833,21.114084,19.475101,23.190626,22.113958,26.444262
14,39.055195,36.034767,33.875957,30.023878,26.861172,24.696806,21.827879,19.254955,14.984505,14.901893,9.858598,12.293192,6.353692,6.036207,0.0,5.4809566,6.941537,10.110119,13.040904,15.714092,19.62067,21.695097,25.197773,29.036215,31.01003,30.05035,30.033955,25.392254,27.227531,27.717012,22.807892,21.944103,27.325836,24.48253,20.243593,23.157711,21.031036,21.658308,18.577108,17.486668,19.992504,16.96192,21.90783,19.149261,25.645,26.964594,29.385492,30.720644,35.090572,36.165375,33.332607,35.15817,39.610077,38.53431,38.472614,36.566784,32.143414,33.119766,34.04923,31.357332,27.13234,32.169,31.309448,28.551428,31.58705,25.813375,28.785429,26.857334,24.632132,29.782978,29.012186,29.926348,24.523901,25.68684,22.86626,21.60528,21.97033,19.472902,23.357971,19.53262,21.468615,20.976864,16.899796,14.764014,16.461403,12.207016,16.49358,16.369762,18.21603,21.335169,23.042656,20.79605,20.004747,19.050867,13.223932,13.942535,8.9941845,12.378275,11.051657,15.278573,14.275515,13.707455,18.204155,19.139606,19.154024,19.8483,21.227852,20.704033,23.017567,20.91503,25.250427,24.573832,28.883562
15,34.974125,31.84949,30.235588,26.065199,23.29215,21.631697,18.466452,17.029926,12.253913,14.3248,9.118995,13.861981,9.093112,6.6894484,5.4809566,0.0,4.481954,5.8500943,10.417194,12.126987,16.06661,18.661364,21.963018,25.887947,27.150536,25.981182,25.335976,20.662819,22.180769,22.972881,18.597832,16.826208,22.507954,20.405184,15.841517,18.636993,17.32809,18.67489,14.805251,13.408318,15.303134,11.827003,16.515633,13.689627,20.167622,21.776196,23.995825,25.686192,30.015308,30.821701,28.14859,30.340187,34.474453,33.271988,33.56947,31.628098,27.33689,28.759867,29.886854,27.593948,23.403976,28.508223,28.276894,25.923231,29.342123,23.871944,27.680052,26.182417,23.289352,28.203619,26.815979,26.993435,21.776625,22.008198,19.285318,17.249783,17.730051,14.967916,18.923346,15.422915,17.762115,17.993113,13.45496,11.307638,12.991283,8.106617,13.187002,12.726539,15.634616,18.600477,21.131432,19.436443,17.780281,17.484104,11.928263,13.2884245,8.272801,11.41403,11.061214,14.102975,14.9956255,14.282969,16.62769,17.795002,19.274937,20.739044,21.373718,20.056787,21.98263,18.614326,22.835459,21.358372,25.555983
16,38.346176,35.09224,33.9089,29.4875,26.951916,25.66749,22.247923,21.338213,16.470135,18.684237,13.450939,17.87942,12.451701,10.212838,6.941537,4.481954,0.0,4.6673703,6.3366284,9.570045,12.931355,15.3214445,18.504284,22.612234,24.248098,23.161633,23.447866,18.88936,20.828259,21.049442,15.943981,15.774093,21.19424,18.282743,14.605641,18.07013,16.578825,18.403395,15.488535,15.018755,15.768237,13.59954,17.254818,14.23461,20.865002,21.653858,24.703152,25.527287,30.00587,31.360842,29.38865,31.047306,35.098682,34.453873,35.160423,33.507614,29.169912,30.92957,31.559784,30.050215,25.283724,29.866661,29.69925,27.599693,30.271708,24.956326,28.646978,26.67464,23.429539,27.748558,26.22131,26.493105,21.823101,21.989815,20.157663,17.977839,19.558973,17.475826,21.752228,18.863657,21.537046,22.163246,17.511501,15.141483,15.973998,11.025131,14.712125,12.731626,15.3617,17.587149,19.847586,17.353312,15.343707,14.252119,9.149682,12.173764,8.294794,12.452184,13.390244,17.429085,17.983736,16.00753,18.466288,20.491493,22.03635,23.657974,24.835419,23.380697,25.924458,22.212511,26.562136,25.009968,29.066933
17,35.911465,32.85659,32.00966,27.662191,25.56464,24.377121,21.275375,20.794823,16.070833,19.27169,14.3426485,19.042433,14.71261,12.528817,10.110119,5.8500943,4.6673703,0.0,6.6069956,6.334836,10.548162,13.087312,16.5685,20.221357,21.580332,20.688242,20.074331,15.412038,17.619501,18.616875,14.208605,13.026328,19.433184,17.720896,14.05348,17.381865,17.18757,19.768639,16.077162,15.105641,15.006025,11.9214325,14.618207,10.673898,17.263235,17.351652,20.621517,21.080976,25.556293,27.155136,25.095402,26.429016,30.638178,30.247011,30.776392,29.306736,24.860981,26.671791,27.093447,25.981554,21.02745,25.440365,25.529112,23.708908,26.437836,21.4132,25.56173,23.928488,20.300457,24.433714,22.556383,22.394457,17.811771,17.520193,15.782552,13.362498,15.262423,13.643368,18.110384,15.9487705,19.038774,20.461662,15.697508,12.884891,12.741193,8.068759,10.838099,8.397134,11.643743,13.807322,16.651112,14.965652,12.572376,12.629553,7.9339623,10.461675,7.298297,10.420854,12.3174,15.56277,17.201338,14.876006,15.572349,17.950262,20.451769,22.64015,23.513613,21.482431,24.17376,19.617575,23.893438,22.104113,25.905838
18,40.999924,37.664597,37.271164,32.574783,30.602688,29.933237,26.335257,26.398771,21.492773,24.54336,19.42955,24.134138,18.784967,16.39843,13.040904,10.417194,6.3366284,6.6069956,0.0,6.141712,7.4509344,9.720446,12.423182,16.79236,18.536642,17.532248,18.8767,14.709496,17.140738,16.728085,11.031393,13.117665,18.076439,14.759718,12.844814,16.861662,16.0685,18.937387,16.979515,17.374956,16.17489,15.486029,17.063524,13.955298,20.034653,19.58647,23.580942,23.230518,27.712582,29.709387,28.825838,29.823559,33.501804,33.61877,34.975086,33.758648,29.557068,31.879402,31.926926,31.672226,26.418474,30.147783,30.40627,28.935984,30.771088,26.089554,29.909409,27.710066,23.845268,26.988066,24.965199,24.880726,21.385439,20.873386,20.458855,17.871359,20.782614,19.61111,23.972965,22.154346,25.231596,26.607533,21.872473,19.38747,19.242643,14.661829,16.619337,12.898886,15.341572,16.091276,18.292896,15.294269,12.254498,10.488975,7.922129,12.947581,11.519096,15.422116,17.82131,21.896866,22.882908,19.84242,21.157524,24.044891,26.242975,28.304417,29.658554,27.754768,30.703882,26.199112,30.469715,28.553059,32.243
19,38.956444,36.005245,35.873444,31.46234,29.963058,29.200666,26.188793,26.358852,21.781546,25.419247,20.613745,25.154749,20.86383,18.806787,15.714092,12.126987,9.570045,6.334836,6.141712,0.0,4.930104,6.96521,10.79087,13.975208,15.769027,15.420474,15.366608,11.036604,14.419959,15.368893,10.988831,11.669129,18.038668,16.62508,14.768567,18.373816,19.110838,22.554962,19.569578,19.201069,17.437561,15.473751,15.818271,11.482817,17.051895,14.903915,19.541779,18.05723,22.55904,25.275137,24.240208,24.304956,28.436989,29.167736,30.029373,29.20575,24.799301,26.975424,26.468037,26.829098,21.253153,24.4503,24.847872,23.745941,25.302063,21.097282,25.232447,23.359665,19.101469,21.834566,19.428913,18.931828,15.726875,14.826998,14.933366,12.446288,16.052946,15.991134,20.42034,19.6494,23.074896,25.265652,20.60977,17.611883,16.125574,12.582571,12.413009,7.8561244,10.3077345,10.484086,13.296752,11.378466,7.765287,8.066031,6.625199,10.479244,10.564664,12.977253,16.382818,19.71019,21.522844,17.996824,17.438364,20.801073,23.829266,26.435785,27.623465,25.17786,28.484652,23.288258,27.41352,25.509071,28.776943
20,41.164726,38.062904,38.498627,33.858673,32.68397,32.469997,29.179327,30.064007,25.43898,29.436228,24.658894,29.589432,24.99052,22.572968,19.62067,16.06661,12.931355,10.548162,7.4509344,4.930104,0.0,3.5399544,6.0627866,10.011982,11.41356,10.901657,12.188458,8.534989,12.078495,12.099459,7.5167713,10.639489,15.704854,14.067832,13.913088,17.52928,18.623156,22.47709,20.409084,20.7505,17.91933,17.467041,16.486805,13.025712,17.496456,14.90951,19.89101,17.833567,22.122946,25.0061,25.113926,25.063267,28.424562,29.537804,31.23044,30.633781,26.652103,29.38007,28.71865,29.917618,24.437656,27.003538,27.88036,27.292973,28.395113,24.814777,28.930452,27.01808,22.56985,24.297308,21.546265,20.599161,18.67881,17.006735,18.215664,15.361325,19.419956,19.54671,23.622757,23.312376,26.713118,29.063442,24.490746,21.863028,20.491587,17.043781,16.843897,12.099871,14.239125,13.206828,15.708333,13.572563,9.408707,8.961457,10.212542,14.680687,15.308935,17.827906,21.30398,24.543667,26.451992,22.83706,22.044548,25.503763,28.690224,31.342413,32.496746,29.971478,33.133934,27.727503,31.6436,29.399921,32.426064
21,44.095936,41.127743,41.583027,37.050198,35.923885,35.572662,32.435143,33.08888,28.49508,32.276592,27.414583,31.952442,27.326885,25.231068,21.695097,18.661364,15.3214445,13.087312,9.720446,6.96521,3.5399544,0.0,4.567133,7.3420377,10.287516,10.77291,12.843802,10.0968485,14.12841,14.122929,10.076327,13.786043,18.444328,16.8232,17.272766,20.862398,21.936916,25.771097,23.90044,24.267918,21.441713,20.907145,19.780025,16.146486,20.229115,16.625553,22.009773,18.85221,22.944838,26.540848,26.872623,25.897375,29.446672,31.206509,32.6642,32.41538,28.364655,30.895544,29.675266,31.300758,25.54983,27.494244,28.15727,27.723701,28.045372,24.803455,28.521633,26.354046,21.913193,22.901537,20.213732,19.521217,18.351309,17.033485,18.93989,16.710474,21.099699,21.85071,25.975006,25.935211,29.413282,31.880249,27.305992,24.397102,22.55011,19.431038,18.270927,13.353598,14.46654,12.613518,14.368963,11.952877,7.91374,7.189404,10.5241585,14.767687,16.54753,18.814516,22.678854,26.240229,27.858816,23.712997,22.90472,26.711767,29.766575,32.463272,33.95514,31.405876,35.03409,29.645468,33.62141,31.63895,34.53582
22,45.57774,42.480682,43.406662,38.706562,37.852272,37.97781,34.621838,35.892292,31.2946,35.41402,30.635492,35.587616,30.805988,28.357964,25.197773,21.963018,18.504284,16.5685,12.423182,10.79087,6.0627866,4.567133,0.0,5.127133,6.849841,7.079288,10.993414,9.633995,13.006838,11.990753,8.722113,13.87479,16.825548,15.23344,17.134623,20.408764,21.785402,25.79983,24.66347,25.5232,21.991566,22.571583,20.554386,17.805994,20.898275,17.431265,22.636652,19.446894,23.147861,26.560354,27.837875,27.06636,29.742058,31.625778,33.854435,33.704605,30.122547,33.11719,31.98121,34.11688,28.629486,30.264437,31.38913,31.316172,31.58606,28.766079,32.59118,30.550861,26.043629,26.507841,23.596945,22.439278,22.043222,20.061827,22.401823,19.762232,24.191874,24.835901,28.62989,28.842258,32.249092,34.79482,30.313225,27.765568,26.160769,23.002392,22.200478,17.324156,18.725582,16.600445,18.351791,16.157522,12.237268,11.361141,14.888473,19.323593,20.848734,23.240482,26.990664,30.327463,32.16554,28.187872,27.174536,30.889132,34.133545,36.860428,38.176746,35.56247,38.899273,33.338856,37.11886,34.792038,37.52203
23,48.061684,45.24635,46.34818,41.872684,41.271206,41.31469,38.284176,39.471325,35.040565,39.18771,34.47506,39.120453,34.63835,32.466988,29.036215,25.887947,22.612234,20.221357,16.79236,13.975208,10.011982,7.3420377,5.127133,0.0,5.5267243,8.023397,11.472899,11.57717,15.261518,14.932188,13.210666,17.539532,20.474932,19.775536,21.821463,24.849474,26.644993,30.751928,29.39236,30.022871,26.396345,26.544,24.058275,21.015657,23.313103,18.480665,23.98378,19.349222,22.516111,26.841284,28.474848,26.437113,29.161352,31.975489,33.89264,34.284695,30.781137,33.56818,31.719376,34.617306,29.031399,29.666147,30.776934,31.147274,30.520887,28.5248,31.991796,29.9927,25.526949,24.816404,21.830238,20.5525,21.50715,19.525084,22.795544,20.79552,25.495327,26.986923,30.614082,31.453032,34.938892,37.816082,33.450375,30.655214,28.383272,25.89869,23.88478,19.053852,19.553017,16.529549,17.61189,16.044607,12.706259,12.591212,17.369497,20.952534,23.506319,25.218632,29.348673,32.533226,34.416725,30.04794,28.378855,32.35781,35.73499,38.62871,40.08456,37.302376,41.001846,35.29737,38.936035,36.804638,39.16885
24,45.606438,42.73986,44.393387,39.858276,39.680153,40.28407,37.18587,39.164417,34.91734,39.62937,35.234837,40.46457,36.19747,33.56826,31.01003,27.150536,24.248098,21.580332,18.536642,15.769027,11.41356,10.287516,6.849841,5.5267243,0.0,3.3689613,7.1787634,9.083488,11.577526,10.979915,11.417956,15.273277,16.835402,17.299568,20.010588,22.342716,24.890491,29.180635,27.985006,28.760246,24.495663,25.343256,21.797249,19.68824,20.618061,16.184372,21.125164,16.963585,19.678608,23.376036,25.886688,24.567053,26.175035,28.768122,31.571043,31.919222,29.03982,32.397995,30.986128,34.229122,29.218452,29.856699,31.70468,32.430016,32.436134,30.717855,34.73584,33.240776,28.621708,28.094633,24.72796,22.593544,23.652815,20.596668,23.830723,21.077047,25.551691,26.770035,29.842112,31.056494,34.386826,37.42228,33.311314,31.041092,29.077433,26.725693,25.258034,20.654753,22.03034,19.272434,21.19186,20.26768,16.51069,16.870287,20.65751,24.350122,26.108727,27.765226,31.639458,34.093204,36.614075,32.78982,30.481962,34.119507,37.97089,40.973778,41.88462,38.94306,41.985928,36.006496,39.258396,36.6071,38.69989
25,43.84175,40.793213,42.54446,37.86254,37.694286,38.54588,35.247517,37.545334,33.291878,38.149918,33.853535,39.39277,35.061783,32.166103,30.05035,25.981182,23.161633,20.688242,17.532248,15.420474,10.901657,10.77291,7.079288,8.023397,3.3689613,0.0,6.107751,7.820736,9.34741,7.913748,8.842495,12.918642,13.6465025,14.161518,17.210995,19.32998,21.972303,26.268091,25.31814,26.299202,21.824278,23.246845,19.529367,18.03056,18.833498,15.447747,19.936043,16.885662,19.732315,22.60317,25.202215,24.863605,26.07511,28.019352,31.294168,31.314829,28.611946,32.248573,31.361591,34.277515,29.509975,30.666563,32.696896,33.28238,33.879593,31.827427,36.127,34.718994,30.058887,30.10729,26.710897,24.489233,24.925198,21.659273,24.394213,21.142694,25.36219,26.036146,28.99173,29.983229,33.19886,36.090897,32.02496,30.078388,28.575806,25.945185,25.263075,20.762888,22.757093,20.4822,22.831871,21.746632,17.715313,17.858503,20.873814,24.903194,25.976501,27.91822,31.506203,33.815792,36.47195,33.00591,30.870737,34.267242,38.156075,41.08966,41.78249,38.896637,41.554924,35.598816,38.794777,35.891754,38.08853
26,38.842815,36.074387,38.06924,33.671436,33.924095,34.88681,32.033672,34.623158,30.819921,36.06096,32.257973,37.839756,34.320686,31.43118,30.033955,25.335976,23.447866,20.074331,18.8767,15.366608,12.188458,12.843802,10.993414,11.472899,7.1787634,6.107751,0.0,4.689847,5.5060434,7.092023,10.315147,10.817885,12.687867,15.417236,17.096878,18.553177,22.137632,26.51043,24.513235,24.815292,20.32666,20.866657,16.320547,14.83059,14.110925,9.966325,14.253587,11.030241,13.754472,16.538363,19.23,19.046324,20.032457,21.9475,25.25086,25.344458,22.884686,26.68537,25.951033,29.149633,24.889284,25.87161,28.416775,29.342064,30.43522,28.815847,33.50191,32.73997,28.085268,28.286503,24.63646,21.69868,22.173756,18.086428,20.755442,17.255959,21.142286,22.08694,24.426712,26.134928,29.23451,32.49126,28.82131,27.099365,25.347994,23.553959,22.498243,18.620903,20.947098,18.877779,21.868174,21.947754,17.998083,19.361073,21.503828,24.617386,25.408422,26.55269,29.978508,31.238834,34.572033,31.580605,28.330097,31.380873,35.76192,38.8675,39.032692,35.92702,38.146088,31.969315,34.683434,31.575933,33.325256
27,36.802353,33.898956,35.359818,30.852314,30.676313,31.295227,28.334314,30.531738,26.545355,31.62498,27.684319,33.214424,29.642492,26.803806,25.392254,20.662819,18.88936,15.412038,14.709496,11.036604,8.534989,10.0968485,9.633995,11.57717,9.083488,7.820736,4.689847,0.0,4.5296483,6.797156,7.6578693,7.3268137,11.62165,13.526036,13.96734,16.007812,19.189974,23.505396,21.015116,21.079533,17.014622,16.919575,13.147906,10.805895,11.824313,8.243099,13.094753,10.872506,14.714574,17.207233,18.53357,18.918068,20.985897,22.196775,24.886374,24.522476,21.399733,24.966621,24.538698,26.863842,22.275846,24.144028,26.300615,26.691025,28.257294,25.878122,30.677876,29.77815,25.141285,26.197372,22.724861,20.197342,19.478735,15.770585,17.676262,13.899379,17.79859,18.32426,21.171892,22.321146,25.539364,28.611578,24.695824,22.81302,21.230986,19.062698,18.440845,14.486053,17.257486,15.787375,19.124418,18.935583,14.857641,16.202734,17.4358,20.587862,20.930508,22.24574,25.522003,26.952894,30.166094,27.292566,24.438778,27.430227,31.65004,34.65997,34.880417,31.889116,34.154583,28.099586,31.109083,28.109005,30.28175
28,34.54695,31.489527,33.440037,28.825563,29.009552,30.239328,27.154446,30.149437,26.425394,31.875853,28.35746,34.30343,30.94596,27.747515,27.227531,22.180769,20.828259,17.619501,17.140738,14.419959,12.078495,14.12841,13.006838,15.261518,11.577526,9.34741,5.5060434,4.5296483,0.0,4.246951,8.194395,6.0173373,8.130608,11.783941,12.509745,13.469993,17.421127,21.725494,19.460999,19.706444,15.081287,15.976463,11.082182,10.592331,9.685734,8.377396,11.44279,11.295524,14.468015,15.390052,17.40826,19.253113,20.059095,20.419428,24.108484,23.433908,21.058865,25.139404,25.43621,27.678236,23.885725,25.97879,28.608076,29.125221,31.284704,29.002752,34.04184,33.447666,28.879547,30.163605,26.64164,23.821028,22.994005,18.920961,20.362122,16.168365,19.299671,19.162811,21.28212,22.518616,25.394674,28.39744,24.85003,23.686884,22.737595,20.63182,20.943336,17.58287,20.857895,19.813251,23.36033,23.276495,19.198072,20.385284,21.024778,24.244589,23.851782,25.237133,28.044334,28.889324,32.445793,30.182425,27.21175,29.727741,34.09389,37.03788,36.802486,33.8338,35.372272,29.339031,31.937489,28.484243,30.460527
29,37.294098,33.97254,35.922527,31.071642,31.05401,32.44701,28.950706,32.027714,28.049109,33.332897,29.591496,35.70372,31.78305,28.39349,27.717012,22.972881,21.049442,18.616875,16.728085,15.368893,12.099459,14.122929,11.990753,14.932188,10.979915,7.913748,7.092023,6.797156,4.246951,0.0,6.0603495,6.946797,5.9545546,8.636036,11.086584,12.169032,15.724028,20.06011,18.87104,19.865234,14.949738,17.21854,12.804395,13.006928,12.957394,12.591267,15.39685,15.438287,18.424883,19.155596,21.469044,23.446232,23.957058,24.203695,28.2123,27.442993,25.187489,29.285973,29.651657,31.72644,27.80502,30.041357,32.491745,32.834892,34.84367,32.286053,37.18997,36.256054,31.653955,32.934544,29.499739,26.979195,26.119877,22.391798,23.847872,19.691391,22.918612,22.406796,24.761263,25.448702,28.269314,30.922598,27.214773,26.14711,25.621414,22.864468,23.778894,20.077492,23.335503,22.25146,25.541504,24.741165,20.508022,20.89682,21.784788,25.733559,25.219913,27.247583,30.015997,31.439728,34.62935,32.246384,30.031101,32.65128,36.72668,39.52746,39.503864,36.703583,38.29608,32.44292,35.256897,31.80834,34.04365
30,39.187637,35.720528,36.860725,31.87438,31.096159,31.861967,28.093754,30.294216,25.813765,30.501959,26.192251,32.060345,27.486074,24.241634,22.807892,18.597832,15.943981,14.208605,11.031393,10.988831,7.5167713,10.076327,8.722113,13.210666,11.417956,8.842495,10.315147,7.6578693,8.194395,6.0603495,0.0,6.6974974,8.719111,7.061453,8.769604,11.730091,13.608106,17.86144,16.785664,17.97232,13.830039,15.737999,13.329659,12.259739,15.141665,14.724334,18.405087,18.158613,21.965515,23.347225,24.501955,26.096966,27.874321,28.129433,31.2562,30.302214,27.225088,30.810759,31.029474,32.35211,27.757744,30.568817,32.28316,32.008698,33.88857,30.54622,35.15352,33.68584,29.185112,30.979303,27.911148,26.19487,24.516884,21.754988,22.76548,18.896515,22.33382,21.529419,24.78237,24.524122,27.545424,29.775349,25.554428,24.015072,23.667765,20.066801,21.42088,17.326654,20.480131,19.755463,22.756,21.038134,16.833988,16.365757,16.86606,21.419163,20.760906,23.477486,26.239286,28.632357,31.122885,28.438337,27.380596,30.215527,33.724174,36.307877,36.785583,34.2576,36.347546,30.834526,34.25321,31.231249,34.08294
31,32.527782,29.13241,30.37911,25.477299,24.988573,25.965252,22.451689,25.185627,21.151506,26.453915,22.820879,28.960335,25.40882,22.024748,21.944103,16.826208,15.774093,13.026328,13.117665,11.669129,10.639489,13.786043,13.87479,17.539532,15.273277,12.918642,10.817885,7.3268137,6.0173373,6.946797,6.6974974,0.0,7.2489653,9.09092,7.417086,9.103037,12.455262,16.652754,13.849094,14.009466,9.700944,10.517741,6.8758507,6.3837996,8.685076,10.304548,12.689907,14.485451,18.287836,18.493069,18.89331,21.768156,23.417723,22.689657,25.781199,24.397106,21.500153,25.245441,26.213997,27.07894,23.232023,26.567091,28.677828,28.437208,31.306467,28.027472,33.09572,32.32027,27.946226,30.360426,27.20624,25.015455,22.725653,19.418386,19.54731,15.14676,17.651337,16.282295,18.8893,18.902588,21.72183,24.176666,20.3451,19.366117,19.303211,16.344513,18.24283,15.227562,19.164312,19.214487,22.937437,22.297974,18.314026,19.017736,18.070362,21.468607,19.931337,21.839502,24.04401,25.080923,28.393131,26.618134,24.600971,26.760717,30.725748,33.384804,33.11888,30.453218,31.734787,26.082785,28.999987,25.584679,28.212824
32,34.442432,30.780931,32.810143,27.76639,27.732244,29.644018,25.8308,29.535395,25.797665,31.159086,27.907417,34.35605,30.613253,26.867964,27.325836,22.507954,21.19424,19.433184,18.076439,18.038668,15.704854,18.444328,16.825548,20.474932,16.835402,13.6465025,12.687867,11.62165,8.130608,5.9545546,8.719111,7.2489653,0.0,6.0501614,7.8787446,7.179428,11.333241,15.39562,14.664978,16.064154,10.880438,14.740568,10.471985,12.84886,12.469468,15.220449,16.198162,18.68861,21.47908,20.539886,22.424994,26.062368,26.043036,24.895857,29.337383,27.907722,26.102877,30.343306,31.662151,32.899803,29.672031,32.688797,35.22297,35.27382,38.11645,35.135025,40.231396,39.462646,35.02274,37.065487,33.759518,31.309254,29.635494,25.998293,26.509245,22.051367,24.344763,22.743645,24.5966,24.67228,26.993835,29.138018,25.793259,25.571705,26.08763,23.080153,25.450369,22.447401,26.29004,26.011948,29.570711,28.646156,24.480066,24.631237,24.278866,28.241106,26.606955,28.885658,30.897005,31.887842,35.1682,33.61241,31.815857,33.81873,37.73879,40.285324,39.840256,37.274918,38.04027,32.552048,35.10137,31.34523,33.70064
33,38.294746,34.44198,35.78975,30.579409,29.803905,31.251165,27.029375,30.003876,25.750725,30.451113,26.65272,32.950203,28.363834,24.627377,24.48253,20.405184,18.282743,17.720896,14.759718,16.62508,14.067832,16.8232,15.23344,19.775536,17.299568,14.161518,15.417236,13.526036,11.783941,8.636036,7.061453,9.09092,6.0501614,0.0,5.570061,7.0442047,8.4904375,12.537189,13.159794,15.421487,10.961636,15.361946,13.244834,14.639324,16.692791,18.931372,20.900946,22.697426,26.073645,25.891905,27.222496,30.360706,31.17834,30.278196,34.1871,32.696053,30.277636,34.167454,35.28179,36.040066,32.19784,35.580692,37.534008,37.111153,39.712593,36.107826,40.894474,39.57637,35.216377,37.533623,34.52126,32.72916,30.602665,27.733082,28.06829,23.858177,26.425423,24.56921,27.207384,26.371809,28.821075,30.447206,26.642263,26.098871,26.928638,23.035196,25.94544,22.559122,26.223064,26.123869,29.298038,27.447218,23.361528,22.540232,22.014854,26.649067,24.84244,27.920605,29.85373,31.86325,34.380493,32.561607,32.0141,34.22569,37.546688,39.83437,39.894558,37.637814,38.826866,33.71156,36.82103,33.426224,36.35041
34,34.20232,30.316751,31.137167,25.919262,24.773338,25.957008,21.676592,24.466091,20.203415,24.9333,21.300648,27.705574,23.463688,19.625349,20.243593,15.841517,14.605641,14.05348,12.844814,14.768567,13.913088,17.272766,17.134623,21.821463,20.010588,17.210995,17.096878,13.96734,12.509745,11.086584,8.769604,7.417086,7.8787446,5.570061,0.0,4.085623,5.2414517,9.550238,8.245444,10.052126,5.8890996,10.045827,9.360699,10.882085,14.11647,17.565495,18.993906,21.834839,25.514402,24.94022,25.11276,28.825764,30.230263,28.689358,31.988571,30.102222,27.409052,30.989304,32.55401,32.460644,28.871832,32.921455,34.662155,33.87047,37.085632,33.081726,37.93857,36.81604,32.692387,35.7627,32.95755,31.337976,28.336689,25.763664,25.18767,20.980635,22.829803,20.310247,22.92323,21.504305,23.786407,25.126741,21.345606,21.057177,22.426947,18.43722,22.232553,19.56999,23.600674,24.30823,27.73498,26.129562,22.311134,21.828964,19.909754,23.978893,21.305355,24.244144,25.60131,27.19629,29.801418,28.593828,28.203379,29.948391,33.13862,35.27587,35.074356,32.962112,33.779663,28.936064,32.010857,28.657438,31.803974
35,32.03181,28.02583,29.266987,24.020838,23.249746,25.077164,20.791958,24.414623,20.672312,25.671463,22.726002,29.276106,25.588247,21.627855,23.157711,18.636993,18.07013,17.381865,16.861662,18.373816,17.52928,20.862398,20.408764,24.849474,22.342716,19.32998,18.553177,16.007812,13.469993,12.169032,11.730091,9.103037,7.179428,7.0442047,4.085623,0.0,4.8936877,8.67022,7.661855,9.599053,4.817001,10.4229555,8.882182,12.183699,13.7272835,18.441736,18.686289,22.606228,25.820389,24.278738,24.676764,29.235716,29.883244,27.69965,31.504915,29.394907,27.316507,31.133402,33.1856,33.045326,30.119932,34.198982,36.28819,35.66329,39.248398,35.461082,40.49957,39.687916,35.59209,38.68439,35.7647,33.82631,30.919697,27.973202,27.268942,22.88572,24.23557,21.43216,23.292929,22.05786,23.912125,25.160395,21.939793,22.3588,24.08917,20.543434,24.588108,22.385763,26.590508,27.361912,30.983973,29.72516,25.882132,25.678734,23.710337,27.493963,24.599049,27.23338,28.29026,29.183586,32.139362,31.436184,30.649202,32.017017,35.38052,37.49134,36.852383,34.735855,34.90427,30.131952,32.733574,29.059233,31.92542
