,0,1,2,3,4,5,6,7,8,9,10,11,12,13,14,15,16,17,18,19,20,21,22,23,24,25,26,27,28,29,30,31,32,33,34,35,36,37,38,39,40,41,42,43,44,45,46,47,48,49,50,51,52,53,54,55,56,57,58,59,60,61,62,63,64,65,66,67,68,69,70,71,72,73,74,75,76,77,78,79,80,81,82,83,84,85,86,87,88,89,90,91,92,93,94,95,96,97,98,99,100,101,102,103,104,105,106,107,108,109,110
0,0.0,3.8663373,7.116567,9.9419,11.940249,14.593721,17.300753,20.153898,23.733162,25.55659,29.344215,30.664505,32.802166,29.375158,29.226221,29.154371,26.416567,29.190289,24.461884,30.63798,30.461962,30.711582,34.742413,36.409653,37.280304,37.05932,36.42409,38.62732,37.10828,41.248997,35.893166,42.260887,38.02185,39.967594,37.603256,33.853424,32.781578,34.81132,31.841427,29.069986,29.101326,30.280529,27.624405,24.054525,26.381964,26.61275,20.400915,20.244814,22.793533,24.557398,28.565468,24.395382,28.253807,30.907574,31.22265,33.232212,31.01583,34.954296,36.997276,33.678535,34.518566,39.03577,41.954296,43.339592,38.840565,37.47863,42.51753,42.11643,37.34552,40.012226,42.90449,40.987152,37.111443,40.265934,36.08617,37.400127,33.73657,30.240324,28.407969,24.519985,21.384178,17.985273,17.675304,21.364529,25.154482,25.427006,30.062456,33.839554,36.707443,40.402443,42.564278,45.660492,46.9697,44.11584,44.227993,41.590885,41.98792,39.528774,34.52085,33.881443,29.560766,28.369772,23.827488,20.7307,22.799086,25.928965,26.70121,30.802069,33.059605,35.36141,38.657825
1,3.8663373,0.0,5.1005473,6.2898955,8.43133,11.684535,13.770857,17.237877,20.426382,22.656372,26.3389,27.878067,29.811825,26.399933,25.994787,25.593433,22.820652,25.42478,20.755293,26.883978,26.835997,27.283855,31.400358,32.82239,33.72143,33.53993,32.698364,34.96501,33.379063,37.603558,32.235157,38.661766,34.685566,36.59658,34.02802,30.264587,29.400549,31.397171,28.218534,25.449387,25.76816,26.75045,23.91841,20.52911,23.111526,23.099066,16.700037,16.931656,19.71568,21.63314,25.350876,21.11629,25.364172,27.875242,27.969585,29.757795,27.379213,31.27712,33.517906,30.269783,30.79594,35.388393,38.239468,39.75614,35.317074,33.827927,38.79197,38.378033,33.563774,36.19798,39.062626,37.163956,33.25333,36.409607,32.24037,33.618324,29.973433,26.485098,24.747688,20.851372,17.702951,14.508209,13.8624,17.521416,21.293484,21.635687,26.19702,30.032059,32.87038,36.57147,38.746338,41.817017,43.17114,40.35336,40.540096,37.902176,38.44883,35.921543,30.926899,30.308033,26.10196,24.846294,20.48004,17.46228,19.645447,22.632345,23.665817,27.378302,29.849941,31.971046,35.403763
2,7.116567,5.1005473,0.0,5.27573,6.585676,7.6144853,11.449118,13.358295,17.09724,18.824474,22.465141,23.939714,26.314852,23.046543,23.703592,23.281797,21.223742,24.126057,20.465876,26.76092,27.559584,28.404146,32.882088,33.25889,33.840294,33.171597,31.997248,33.75815,31.775692,35.700016,29.915619,35.9773,31.381634,33.19482,31.164267,27.511488,26.052776,28.192907,25.646336,22.810392,22.431236,24.418966,21.958164,17.849375,20.264057,21.74785,15.520402,14.587597,17.970654,18.938702,23.220928,20.430227,24.064175,26.020567,26.968988,29.108517,26.321617,30.449455,32.46761,28.38877,29.113316,33.695568,36.467484,37.725704,32.915054,31.495852,36.6621,36.137993,31.620626,34.86002,37.569912,35.531094,32.033783,35.842365,31.53823,33.631428,30.13515,26.26616,25.511068,21.067783,18.529383,16.193113,14.480296,17.612366,20.588825,22.059668,25.5424,30.146597,32.559093,36.360203,38.394527,41.316074,43.10294,40.533813,41.19441,38.589046,39.694836,36.79249,32.045204,31.131649,27.643751,25.556799,21.722721,18.812157,20.099962,22.902136,22.869238,26.589268,28.565218,30.290722,33.505684
3,9.9419,6.2898955,5.27573,0.0,3.8056488,6.672745,8.339696,12.28216,14.732067,17.654316,20.939318,22.969755,24.801527,21.586128,21.38054,20.084953,17.762253,20.024921,16.208982,22.192225,22.876379,24.01317,28.36417,28.80372,29.642506,29.332645,27.781301,29.934244,27.900805,32.166534,26.415173,32.709164,28.925041,30.541145,27.841293,24.211872,23.36201,25.163391,21.945421,19.261934,19.586802,20.537088,17.70459,14.245251,17.026936,17.29719,10.742844,10.964943,14.358549,16.10016,19.579977,15.99815,20.439234,22.462595,22.674408,24.385231,21.611311,25.611536,27.920122,24.354454,24.68994,29.331871,32.121845,33.623947,29.103937,27.56646,32.579826,32.20658,27.442604,30.242327,33.121243,31.295889,27.454855,30.94557,26.626526,28.483135,24.942684,21.144182,20.237381,15.8656645,13.257489,11.12542,9.355117,12.507405,15.672426,16.948372,20.704573,25.083393,27.71488,31.441517,33.660362,36.545288,38.225246,35.62495,36.13227,33.40775,34.61362,31.916655,27.0328,26.48285,22.841156,21.229254,17.675348,15.0626745,16.990095,19.444836,20.463,23.23639,25.878904,27.336145,30.916323
4,11.940249,8.43133,6.585676,3.8056488,0.0,5.4547653,5.365311,9.498427,12.178953,14.704007,18.300121,19.981062,21.626022,18.266832,17.909033,17.244118,14.803681,17.66993,13.925125,20.26973,21.305939,22.291248,26.927357,26.819504,27.324245,26.637957,25.425673,27.253864,25.416304,29.45556,23.97375,30.35915,26.320847,28.478508,26.00444,22.051199,21.299469,23.808775,20.638699,17.512167,18.364946,20.171467,16.917828,13.394815,17.011877,17.887257,11.031113,11.680975,15.87754,17.098164,20.327532,17.535429,22.191107,23.648453,23.868818,25.155293,21.823923,25.68281,28.46973,24.706242,24.089104,29.018333,31.441177,33.245285,28.607552,26.581873,31.417685,30.612051,25.98809,29.331093,31.695808,29.448057,26.006098,29.815868,25.759851,27.984554,24.601679,21.079311,20.385426,16.447107,13.790121,12.464489,9.1292715,11.835841,14.738442,16.201223,19.435137,24.110277,26.271996,30.14117,31.994026,35.00664,36.780342,34.22272,35.09778,32.75229,33.844852,30.601612,26.123278,24.87127,21.903124,19.279062,15.857657,13.21003,14.22906,16.719025,17.00891,20.169445,22.46342,24.080822,27.516827
5,14.593721,11.684535,7.6144853,6.672745,5.4547653,0.0,6.1361647,6.4738274,9.796626,11.919096,15.14392,17.108913,19.531445,16.56193,18.002047,16.757132,15.718251,18.453205,16.50719,22.391426,24.301714,25.841301,30.543709,29.467539,29.755468,28.68531,26.79781,28.075697,25.552921,29.240467,23.01853,28.728275,23.987,25.60829,23.776953,20.244287,18.496674,20.766375,18.574514,15.674647,15.03759,17.958393,15.648881,11.065905,13.887438,16.798967,11.045469,9.438116,13.935712,13.846912,17.873476,16.982527,20.396082,21.282242,22.684399,24.642174,21.176512,25.305098,27.420012,22.679623,22.905466,27.54469,30.03521,31.270452,26.221329,24.608532,29.795008,29.113907,24.900133,28.725576,31.154972,29.019878,25.99191,30.434101,26.132872,29.054634,25.900253,21.845802,22.407372,17.775312,16.253727,15.661106,12.506515,14.240478,15.746297,18.62826,20.397547,25.764324,27.555214,31.356302,33.212612,35.874302,38.139397,35.937027,37.173767,34.680866,36.530994,33.255333,28.981806,27.855768,25.495596,22.619608,20.0299,17.772156,18.15122,20.160437,19.474936,22.1392,23.893976,24.731289,27.896482
6,17.300753,13.770857,11.449118,8.339696,5.365311,6.1361647,0.0,6.157779,7.251059,10.430637,13.666184,15.612201,16.836128,13.628843,13.200127,11.93817,9.957232,12.882949,10.479606,16.53655,18.51578,19.982702,24.779911,23.451735,23.6647,22.627478,20.985146,22.457235,20.349304,24.266342,18.65281,25.015718,21.07725,23.380754,20.884573,16.788763,16.263031,19.153236,15.938829,12.53167,14.071855,16.431953,12.869427,9.5823345,14.044091,15.481458,9.14677,10.263067,14.967546,15.579904,17.99747,16.52174,21.159203,21.749895,21.963516,22.751522,18.811583,22.45616,25.606752,21.63343,20.013699,25.112122,27.14893,29.18095,24.501583,22.042883,26.69305,25.597479,21.14444,24.993336,26.949507,24.470299,21.423697,25.697964,21.80523,24.655325,21.599165,18.209063,18.4436,14.821116,12.97409,13.339636,8.792744,9.756842,11.275646,13.751722,15.470183,20.7129,22.262775,26.176643,27.779692,30.685709,32.769257,30.456312,31.823437,29.710302,31.233404,27.580858,23.61947,22.00235,20.151678,16.677391,14.484168,12.615551,12.578631,14.216441,13.97882,16.158178,18.350096,19.348766,22.826496
7,20.153898,17.237877,13.358295,12.28216,9.498427,6.4738274,6.157779,0.0,4.895947,5.5183506,9.216695,10.768436,13.1219225,10.162067,12.567404,11.966102,11.968212,15.276909,14.984836,20.385305,23.190203,24.781998,29.642897,27.253757,26.92831,25.140738,23.38839,23.789198,21.267847,24.283062,18.305878,23.704664,18.328638,20.719284,19.570076,15.739453,13.8255005,17.370169,15.772777,12.35096,12.3071785,17.010311,14.529722,10.298511,13.977596,17.982534,13.091694,12.098253,16.908648,15.888962,18.945864,19.728458,23.03709,22.823511,24.298927,25.577017,21.403814,25.090302,27.70125,22.678497,21.424793,26.214268,27.974916,29.53381,24.374817,22.058136,26.824518,25.446066,21.810436,26.599648,28.091578,25.367332,23.334074,28.383085,24.606548,28.261211,25.612585,22.04987,23.371483,19.50433,18.46865,19.10495,14.796332,15.220907,15.404502,18.86939,18.918879,24.680952,25.460497,29.277096,30.501858,33.106903,35.68976,33.790054,35.720783,33.803627,35.79722,31.827414,28.43171,26.453142,25.519808,21.361452,19.805567,18.107018,16.933966,18.274958,16.063356,18.429504,19.24998,19.653091,22.37827
8,23.733162,20.426382,17.09724,14.732067,12.178953,9.796626,7.251059,4.895947,0.0,4.882545,6.6749983,9.419018,10.805382,8.440131,10.356666,7.865418,9.028053,11.416479,12.857314,17.134258,20.525398,22.61497,27.273813,24.133442,23.7856,22.025686,19.545366,19.84956,16.883154,19.998072,13.637346,19.108477,14.327791,16.50959,14.841193,10.921008,9.437045,13.095567,11.157692,7.5846343,8.55375,13.242445,10.62717,7.3271146,11.46967,15.26909,11.609523,11.324337,15.779085,14.678048,16.443136,17.993593,21.288269,20.464973,21.59288,22.314438,17.871845,21.201168,24.052553,19.198408,17.056343,21.872366,23.349869,25.130997,20.109657,17.4394,22.025192,20.566702,16.963137,21.93171,23.254032,20.557348,18.69474,23.94267,20.297739,24.296438,21.987617,18.639137,20.67999,17.271206,17.023481,18.711369,14.333928,13.505885,12.337234,16.392826,15.06984,20.983765,21.3639,25.052134,26.230827,28.628014,31.408596,29.735128,31.890034,30.034561,32.444164,28.4759,25.44046,23.596518,23.365631,19.23991,18.8111,17.870869,16.631062,17.077864,15.373061,16.002947,17.132483,16.595688,19.553104
9,25.55659,22.656372,18.824474,17.654316,14.704007,11.919096,10.430637,5.5183506,4.882545,0.0,4.3493695,5.317465,7.75419,5.310003,9.7802925,9.633817,11.375857,14.507247,16.180325,20.427015,23.947802,25.655327,30.402178,26.844707,25.997063,23.612282,21.81222,21.23831,18.614902,20.715899,15.04728,19.628622,13.545861,16.571796,16.377356,12.652166,10.44267,15.032616,14.456272,11.121445,11.358715,17.221691,15.129398,11.87244,15.311905,19.945742,16.372547,15.5723505,20.0501,18.373804,20.530527,22.6911,25.56043,24.486523,26.100897,26.915682,22.441504,25.592693,28.335249,23.19987,20.960274,25.517336,26.57535,28.24016,23.150143,20.413496,24.610107,22.668451,19.884842,25.384607,26.000477,22.893616,21.98559,27.448881,24.242327,28.459486,26.388702,23.303097,25.347939,22.123838,21.675892,23.109589,18.52524,17.986435,16.97597,20.771566,19.187845,24.987232,24.817663,28.439615,29.100395,31.46694,34.370224,32.87109,35.38714,33.933792,36.177746,31.809261,29.263102,26.798174,27.107082,22.266096,21.801214,20.722727,18.5829,19.11943,15.816863,17.29265,17.067757,16.62666,18.699793
10,29.344215,26.3389,22.465141,20.939318,18.300121,15.14392,13.666184,9.216695,6.6749983,4.3493695,0.0,3.8832765,6.057897,5.8582673,10.937356,9.495115,12.722427,14.732042,17.970745,21.031313,25.010933,27.10641,31.59,27.320799,26.367682,23.89403,21.44131,20.37771,17.235088,18.772514,12.827326,16.287292,9.826807,12.433834,12.95713,9.925264,6.952427,11.739425,12.332952,9.726326,9.3920765,15.76527,14.517422,12.053314,14.642182,19.77572,17.694336,16.654995,20.55289,18.333052,19.738445,23.153982,25.321497,23.562386,25.443348,26.123678,21.65989,24.44111,26.890211,21.610355,19.203403,23.277431,23.970627,25.40846,20.372942,17.682428,21.604277,19.5888,17.53749,23.313002,23.62136,20.647999,20.430185,26.123672,23.13902,27.744944,26.128057,23.168133,26.001703,22.978146,23.275513,25.275417,20.914,19.707153,17.698532,21.941154,19.108994,24.866629,24.201183,27.507812,28.034977,29.97314,33.199627,32.101997,34.900288,33.50205,36.262943,31.985374,29.858309,27.600698,28.511974,23.837116,24.188238,23.56566,21.448534,21.406292,18.315382,18.457588,18.053875,16.500414,18.232843
11,30.664505,27.878067,23.939714,22.969755,19.981062,17.108913,15.612201,10.768436,9.419018,5.317465,3.8832765,0.0,4.0341973,4.4146695,10.566033,11.164076,14.107298,16.730848,19.699476,22.872932,26.793476,28.50072,33.038048,28.610575,27.29998,24.413269,22.716587,21.122614,18.565928,19.372795,14.534029,17.500153,10.565946,14.188712,15.53944,12.543136,10.084381,15.09564,15.883511,13.196076,13.261105,19.594585,18.134243,15.687587,18.47029,23.512056,20.940054,20.058588,24.173658,21.99482,23.604267,26.791864,29.128819,27.432554,29.283587,29.84893,25.32757,27.980171,30.620817,25.445343,22.698195,26.756731,27.143158,28.724184,23.845028,20.977266,24.425371,22.007408,20.381058,26.309702,26.059,22.72002,23.040573,28.682356,26.085493,30.660185,29.125439,26.456139,29.001894,26.223658,26.1664,27.984758,23.35252,22.356497,20.673712,24.543283,21.858595,27.435091,26.462137,29.76622,29.873714,31.915289,35.079002,34.010437,37.011112,35.98475,38.41457,33.795296,32.017357,29.21697,30.472542,25.255363,25.52726,24.833746,22.100542,22.10733,18.0296,18.809357,17.43925,16.178677,17.153307
12,32.802166,29.811825,26.314852,24.801527,21.626022,19.531445,16.836128,13.1219225,10.805382,7.75419,6.057897,4.0341973,0.0,3.6430335,8.337722,9.449955,12.735839,14.9935255,18.640038,20.92753,24.98717,26.604216,30.918549,25.997723,24.410946,21.291525,19.814703,17.7387,15.523905,15.789676,11.907282,14.765507,8.301582,13.054844,14.220821,11.078248,9.926827,15.23454,15.63234,13.03006,14.447138,20.093607,18.286097,16.850338,19.993097,24.20459,21.86855,21.798796,25.815247,23.988739,24.840246,27.798882,30.507357,28.683315,29.948952,29.884123,25.277906,27.426401,30.516691,25.90859,22.086235,26.134314,26.017904,28.07643,23.634127,20.246841,22.96264,20.08305,18.773712,24.759071,23.837551,20.160147,21.06046,26.56115,24.550686,29.109911,27.906982,25.84848,28.35872,26.313526,26.32006,28.520424,23.757341,22.304193,20.295904,23.81402,20.577917,25.74586,24.245365,27.39024,27.073528,29.109268,32.235275,31.29624,34.539074,33.92637,36.20616,31.366274,30.176289,27.041143,29.022188,23.543535,24.476995,24.243425,21.134575,20.578943,16.40248,16.290813,14.465706,12.68186,13.314297
13,29.375158,26.399933,23.046543,21.586128,18.266832,16.56193,13.628843,10.162067,8.440131,5.310003,5.8582673,4.4146695,3.6430335,0.0,6.209874,8.123654,10.4207945,13.555005,16.128403,19.362244,23.122492,24.54753,29.108622,24.7911,23.399227,20.462204,19.287518,17.868557,15.860113,17.058718,12.783371,17.030619,11.078096,15.527304,15.717575,11.843881,10.844668,16.170782,15.61975,12.382423,14.13018,19.597925,17.191149,15.251928,18.975153,22.86232,19.606012,19.75696,24.103632,22.658012,23.940882,26.067886,29.271194,27.912712,28.978838,29.031885,24.391123,26.882238,30.174284,25.601234,21.96895,26.468925,26.7782,28.97623,24.356018,20.96032,24.177824,21.523695,19.357597,25.136827,24.711342,21.040815,21.102085,26.49281,24.129173,28.422607,26.813723,24.563631,26.559841,24.326042,23.875114,25.747803,20.862795,19.784565,18.387037,21.676622,19.318306,24.641644,23.644197,27.099606,27.057499,29.452616,32.3355,31.023577,33.96941,33.179623,35.144466,30.30392,28.644394,25.463692,26.884468,21.342768,21.690868,21.158318,18.089693,17.930656,13.692774,14.555232,13.175776,12.396064,13.799868
14,29.226221,25.994787,23.703592,21.38054,17.909033,18.002047,13.200127,12.567404,10.356666,9.7802925,10.937356,10.566033,8.337722,6.209874,0.0,5.917812,6.232328,9.69554,11.707336,14.445283,17.921305,18.928175,23.399094,19.128347,17.607347,14.645311,14.313452,13.294664,12.388239,14.241006,11.4247465,17.02477,13.305547,18.01401,16.728498,12.327534,13.423614,18.366058,16.230846,12.841263,16.554985,20.32232,16.88122,16.155197,20.649754,22.648989,18.937654,20.625277,24.88167,24.446177,25.005358,25.729012,29.937637,28.963903,28.869253,28.084143,23.47507,25.48836,29.60817,26.12425,21.311836,26.135967,26.244349,29.233728,25.222565,21.281507,23.896862,21.054552,18.318596,23.511618,22.784834,18.82054,18.532331,23.261276,21.444813,25.168491,23.600203,22.209618,23.385471,22.259314,21.385502,23.467386,18.47406,17.07046,15.983269,18.105228,16.125708,20.688005,19.5666,23.108498,22.801548,25.660006,28.065247,26.435774,29.287853,28.91074,30.189955,25.061306,23.736692,19.987383,21.877321,15.897001,16.73979,16.761751,13.215207,12.386027,8.293114,8.41133,7.3123026,7.410511,9.953388
15,29.154371,25.593433,23.281797,20.084953,17.244118,16.757132,11.93817,11.966102,7.865418,9.633817,9.495115,11.164076,9.449955,8.123654,5.917812,0.0,4.506223,5.6138735,9.984909,11.788411,15.919475,18.027355,22.308079,17.826387,16.959,14.806568,12.251543,12.025692,9.357235,12.530438,7.270492,13.793013,10.993717,14.4058485,11.88283,7.276718,9.114068,13.300281,10.477918,7.238786,11.754486,14.651181,11.307364,11.520145,15.744588,17.376148,14.884343,16.654867,20.355959,19.926855,19.69917,20.913124,24.812157,23.558826,23.335724,22.449057,17.813429,19.777412,23.760641,20.327847,15.412315,20.263638,20.583218,23.49724,19.476336,15.563601,18.564209,16.155233,12.828366,18.039072,17.966543,14.446895,13.482364,18.6508,16.25013,20.371107,18.84505,17.090004,19.144072,17.81388,17.848223,20.607855,16.047026,13.803105,11.453564,14.569955,11.350024,16.546206,15.627339,19.194166,19.561604,22.102926,24.861103,23.362213,26.094088,25.09344,27.271303,22.692205,20.91715,18.242336,19.863995,14.949203,16.440733,16.808239,14.632249,13.490619,11.981997,9.847789,11.01342,9.367061,12.751295
16,26.416567,22.820652,21.223742,17.762253,14.803681,15.718251,9.957232,11.968212,9.028053,11.375857,12.722427,14.107298,12.735839,10.4207945,6.232328,4.506223,0.0,4.6659245,5.934315,9.38993,12.827258,14.475325,19.109537,15.596462,15.016203,13.2791395,11.694149,12.615578,11.115815,14.915938,10.891206,17.721546,15.446779,18.850613,15.911129,11.386936,13.2386055,16.998388,13.333007,9.951577,14.550102,16.49576,12.337735,12.388328,17.18427,17.596659,13.737129,16.46393,20.353073,20.762262,20.825024,20.407837,25.188726,24.655483,23.808924,22.778616,18.3168,20.423773,24.803604,21.933527,17.152864,22.298443,22.963482,26.118198,22.294245,18.494171,21.546824,19.408234,15.455192,19.779043,20.091787,16.717466,14.783214,19.14147,16.674608,19.977991,17.951717,16.404737,17.214256,16.20773,15.323301,17.722227,12.935851,11.036232,9.977842,11.892653,10.543259,15.329536,15.148791,19.017946,19.58326,22.651012,24.824223,22.780474,25.040651,24.027676,25.440365,20.7749,18.495577,15.498778,16.46861,11.188664,12.079445,12.36802,10.181163,9.190651,8.601322,7.215761,9.719832,9.843973,13.763616
17,29.190289,25.42478,24.126057,20.024921,17.66993,18.453205,12.882949,15.276909,11.416479,14.507247,14.732042,16.730848,14.9935255,13.555005,9.69554,5.6138735,4.6659245,0.0,6.431682,6.3439636,10.593594,13.1721735,17.196445,13.029198,12.848079,11.810433,8.487479,10.215716,8.054443,12.724336,8.7108345,15.574674,15.150089,17.670849,13.75634,9.83325,12.876235,15.511971,11.212726,8.843064,14.171531,14.444644,10.365176,12.312787,16.525036,15.712819,13.5004835,16.743162,19.763363,20.421019,19.276535,18.971216,23.623999,22.816917,21.317942,19.56917,15.22402,16.620277,21.311838,19.263838,13.587846,18.569143,18.998734,22.494164,19.276411,15.314358,17.83262,15.901136,11.653838,15.410789,15.782643,12.690012,10.2402,14.481564,12.145173,15.568159,13.911497,12.940707,14.34239,14.247994,14.316249,17.575386,13.547405,10.530469,7.933812,9.851985,6.4946094,11.180128,10.689343,14.530775,15.358959,18.285337,20.58056,18.651293,20.970491,19.824827,21.79483,17.375347,15.314247,12.969207,14.588382,10.331957,12.764806,13.951868,12.750435,10.916395,12.133707,8.279804,11.629294,10.436795,14.539197
18,24.461884,20.755293,20.465876,16.208982,13.925125,16.50719,10.479606,14.984836,12.857314,16.180325,17.970745,19.699476,18.640038,16.128403,11.707336,9.984909,5.934315,6.431682,0.0,6.606668,8.321203,9.8837595,14.671165,13.0302105,13.513075,13.280054,11.991671,14.669256,13.887432,18.406092,15.049709,21.96031,20.808569,23.56577,19.779448,15.671409,17.847254,20.542257,15.947219,13.136667,17.709288,17.692469,13.091425,13.819166,18.487762,16.71851,12.261121,16.347935,19.65748,21.275637,21.046638,18.556799,24.215128,24.509768,22.597996,21.179302,17.297554,19.267685,23.965977,22.228035,17.736837,22.865532,23.979843,27.324389,24.027407,20.556953,23.548574,22.045204,17.418655,20.19525,21.286118,18.603624,15.3154955,18.275629,15.659377,17.621939,15.010316,13.874899,12.9901705,12.827413,11.0571,13.32801,9.010126,7.0660763,7.773313,7.2131414,8.905937,12.449837,13.658521,17.577711,18.801176,22.19785,23.612364,20.966488,22.309788,20.94052,21.659233,17.457432,14.1257515,11.63712,11.03867,6.502605,6.756009,7.5498486,7.302061,6.361592,9.812325,8.492205,12.734855,13.791846,17.933218
19,30.63798,26.883978,26.76092,22.192225,20.26973,22.391426,16.53655,20.385305,17.134258,20.427015,21.031313,22.872932,20.92753,19.362244,14.445283,11.788411,9.38993,6.3439636,6.606668,0.0,4.5139027,7.5012674,10.98551,7.5003314,8.465269,9.371629,6.7430396,10.638073,10.476945,15.134679,13.53384,19.72398,20.821424,23.111977,18.734581,15.507834,18.948847,20.840986,16.107618,14.487308,19.722284,18.327663,14.2012205,16.92828,20.869984,17.970911,15.886715,20.207373,22.539581,24.198729,22.48488,20.432087,25.729374,25.515562,22.738016,20.065708,16.578756,17.012463,22.237148,21.929728,16.0174,20.493582,20.818449,24.777676,22.641336,18.893885,20.448332,18.917002,14.675301,16.27202,16.6707,14.250243,11.016768,12.69299,11.42948,12.86463,11.275144,12.227332,11.726811,13.940926,13.569626,16.8608,13.850535,10.74225,9.325137,7.762034,6.443498,7.3772044,7.5639877,11.314744,12.330387,15.852928,17.03902,14.38714,16.015022,15.155356,16.062792,11.503417,9.341652,6.6736336,8.949109,5.637898,9.834701,12.27446,12.097066,9.492448,13.472345,8.793186,13.358867,13.105744,17.139671
20,30.461962,26.835997,27.559584,22.876379,21.305939,24.301714,18.51578,23.190203,20.525398,23.947802,25.010933,26.793476,24.98717,23.122492,17.921305,15.919475,12.827258,10.593594,8.321203,4.5139027,0.0,3.7464578,7.000039,6.524203,8.665355,10.91703,9.8951235,14.053934,14.671864,19.073618,18.034231,24.094301,25.316948,27.585894,23.102127,19.942951,23.254118,24.964222,20.040194,18.463003,23.486328,21.535503,17.3711,19.954666,23.83045,20.005495,17.534239,22.283266,24.32001,26.59844,24.94827,21.629997,27.32762,27.692253,24.33797,21.486881,18.66124,18.91065,24.114132,24.567774,19.158625,23.375788,23.919153,27.870247,26.08862,22.636774,24.083302,22.87306,18.590702,19.200651,19.911602,17.990429,14.458616,14.657778,13.758178,13.575199,11.76599,13.449889,11.141812,14.4288645,13.355867,16.11783,13.981008,11.462928,11.4900055,7.8779645,9.443806,8.109455,9.544253,12.554564,13.78548,17.400206,17.595413,14.429921,14.980672,14.167954,13.694467,9.490133,6.393475,3.6278238,4.7277703,3.6798875,8.022221,11.037873,11.951025,9.548288,14.987544,11.215221,15.928518,16.55302,20.428114
21,30.711582,27.283855,28.404146,24.01317,22.291248,25.841301,19.982702,24.781998,22.61497,25.655327,27.10641,28.50072,26.604216,24.54753,18.928175,18.027355,14.475325,13.1721735,9.8837595,7.5012674,3.7464578,0.0,4.971062,6.715161,8.558107,10.914028,11.755907,15.554743,17.00104,20.975681,20.648315,26.720852,27.69738,30.437658,26.205153,22.80869,26.038137,28.184492,23.351677,21.454237,26.489943,24.990122,20.687204,22.80956,26.94401,23.314539,20.152517,24.907146,27.211918,29.572212,28.292604,24.63465,30.52803,31.102962,27.78154,25.039856,22.276276,22.614029,27.79034,28.201561,22.856369,27.111893,27.57274,31.572197,29.748045,26.205631,27.574394,26.13933,22.02909,22.800827,23.168247,21.007488,17.907759,17.921034,17.427794,16.971832,15.277554,17.021482,14.1668625,17.372862,15.632775,17.696768,15.544976,13.754368,14.611367,10.768459,13.06643,11.669407,12.755595,15.396141,16.051453,19.770634,19.479918,16.221638,16.558245,16.415022,14.681469,10.351817,8.180459,4.2447195,5.147685,3.4319177,7.084384,10.331022,10.998921,8.600085,14.405588,11.413998,15.849055,17.331282,20.927324
22,34.742413,31.400358,32.882088,28.36417,26.927357,30.543709,24.779911,29.642897,27.273813,30.402178,31.59,33.038048,30.918549,29.108622,23.399094,22.308079,19.109537,17.196445,14.671165,10.98551,7.000039,4.971062,0.0,6.8628387,9.358219,12.81208,13.852572,17.719807,19.646767,23.247147,23.874006,29.347609,31.274557,33.736374,29.310112,26.378637,29.926804,31.6405,26.78703,25.364029,30.45241,28.250921,24.235819,26.91383,30.707409,26.387007,24.027178,28.905867,30.691645,33.277676,31.466022,27.555311,33.297413,33.90845,30.045952,26.783472,24.65272,24.224482,29.352873,30.750393,25.268759,28.919725,29.106586,33.239693,32.17027,28.767775,29.409365,28.18446,24.423681,24.145643,24.303942,22.682186,19.743046,18.284353,18.802822,17.168543,16.185835,19.052124,15.857466,20.130219,18.790457,20.86318,19.592443,17.710806,18.295683,14.090776,16.02573,12.763964,13.689741,15.153451,15.609166,19.052305,17.77378,14.407341,13.866909,14.438882,11.222293,7.5823107,7.015746,4.661517,6.4395266,8.35162,11.581529,14.740535,15.722604,13.355683,18.951689,15.490948,19.601097,20.76803,24.021168
23,36.409653,32.82239,33.25889,28.80372,26.819504,29.467539,23.451735,27.253757,24.133442,26.844707,27.320799,28.610575,25.997723,24.7911,19.128347,17.826387,15.596462,13.029198,13.0302105,7.5003314,6.524203,6.715161,6.8628387,0.0,3.1024494,6.842875,7.3648233,11.035347,13.355448,16.542757,18.077711,23.027002,25.493687,28.066324,23.91692,21.230812,25.137655,27.044065,22.64182,21.390036,26.75024,25.15409,21.352203,24.383827,28.182352,24.849472,23.159645,27.634552,29.726234,31.54939,29.440054,27.123993,32.38882,32.167053,28.837292,25.46497,22.658045,21.987598,27.284973,28.130836,21.708418,25.328165,24.835197,29.18214,28.100817,24.269444,24.34095,22.56179,19.403101,19.858002,18.963196,16.74731,14.853967,14.13199,15.347577,15.150664,14.913184,17.759995,16.42899,20.174618,19.670382,22.61963,20.234362,17.524408,16.59245,13.92474,13.022978,10.507074,9.27392,10.988855,10.343881,14.091834,13.7461605,10.821097,12.40249,13.626268,12.421344,6.7575016,8.410275,3.8234022,9.873031,8.111816,13.072842,16.214397,15.666452,12.459059,16.616968,11.368329,15.087605,15.151089,18.225462
24,37.280304,33.72143,33.840294,29.642506,27.324245,29.755468,23.6647,26.92831,23.7856,25.997063,26.367682,27.29998,24.410946,23.399227,17.607347,16.959,15.016203,12.848079,13.513075,8.465269,8.665355,8.558107,9.358219,3.1024494,0.0,3.9486167,6.2294846,8.977282,12.082613,14.631302,17.014915,21.718956,24.080404,27.070772,23.329733,20.556929,24.478113,26.824488,22.763386,21.32584,26.743925,25.850824,22.061935,24.855194,28.818733,26.186615,24.308464,28.537165,30.971512,32.45145,30.525185,28.767776,33.926147,33.45967,30.497675,27.274292,24.13428,23.593105,28.87467,29.252062,22.57596,26.27859,25.500608,29.874987,28.612856,24.547771,24.463083,22.239676,19.489733,20.651745,19.115204,16.354092,15.338215,15.313449,16.70322,17.22583,17.125772,19.645504,18.805424,22.075426,21.533413,24.469727,21.560728,18.895933,17.775745,15.73328,14.193658,12.613583,10.598412,12.3589,10.895094,14.569964,14.598472,12.159444,14.472407,16.083406,15.118693,9.402037,11.458114,6.688391,12.488095,9.281965,14.116472,17.074,15.648794,12.258297,15.37856,9.795349,12.836039,12.820484,15.540316
25,37.05932,33.53993,33.171597,29.332645,26.637957,28.68531,22.627478,25.140738,22.025686,23.612282,23.89403,24.413269,21.291525,20.462204,14.645311,14.806568,13.2791395,11.810433,13.280054,9.371629,10.91703,10.914028,12.81208,6.842875,3.9486167,0.0,5.6084714,6.5581164,10.237838,12.133777,14.975066,19.601408,21.399212,24.93388,21.754026,18.755766,22.520205,25.46075,21.847172,20.096516,25.458101,25.544077,21.7796,24.116735,28.262943,26.611494,24.42772,28.252945,31.12832,32.151707,30.577888,29.519197,34.518417,33.790062,31.395365,28.517694,24.925678,24.753187,29.94206,29.540827,22.782593,26.703754,25.77933,30.05478,28.348843,24.066118,24.123135,21.41655,18.997774,21.237814,19.254765,15.812262,15.630879,16.83604,17.915474,19.41931,19.210312,21.05335,20.816624,23.293037,22.702593,25.598211,22.042423,19.476725,18.16142,17.01602,14.869131,14.742265,12.304008,14.449654,12.649148,16.108543,16.867502,14.930697,17.807772,19.30116,18.89767,13.195595,14.830209,9.966834,15.213127,10.558979,14.914505,17.454588,15.048518,11.6652975,13.161984,7.296363,9.336648,9.15227,11.639175
26,36.42409,32.698364,31.997248,27.781301,25.425673,26.79781,20.985146,23.38839,19.545366,21.81222,21.44131,22.716587,19.814703,19.287518,14.313452,12.251543,11.694149,8.487479,11.991671,6.7430396,9.8951235,11.755907,13.852572,7.3648233,6.2294846,5.6084714,0.0,4.381644,6.0120673,9.474763,10.95825,15.742728,18.31866,20.939451,17.129208,14.595532,18.703651,20.844776,17.093866,15.984124,21.352526,20.698542,17.309067,20.374746,24.012035,22.149246,21.116724,24.786772,27.173143,28.063286,25.911297,25.436281,29.983906,28.941595,26.533398,23.526838,19.956354,19.513926,24.61381,24.335522,17.38864,21.13015,20.183615,24.466576,22.917175,18.696909,18.691801,16.249262,13.5718975,15.648224,13.914107,10.6192255,10.025115,11.733399,12.591319,14.7525215,14.789881,16.528137,17.327166,19.667194,19.961922,23.438124,20.14872,16.950418,14.527622,14.213427,10.390566,10.579918,7.51015,10.062013,8.908451,12.27411,13.987968,12.263453,15.459954,16.094687,17.276758,12.075373,13.004886,9.623982,14.497559,10.828878,15.485865,17.9546,16.38134,13.21903,15.128778,8.816358,11.671105,9.761777,12.963988
27,38.62732,34.96501,33.75815,29.934244,27.253864,28.075697,22.457235,23.789198,19.84956,21.23831,20.37771,21.122614,17.7387,17.868557,13.294664,12.025692,12.615578,10.215716,14.669256,10.638073,14.053934,15.554743,17.719807,11.035347,8.977282,6.5581164,4.381644,0.0,4.483139,5.712097,9.457908,13.142142,15.864338,19.001352,16.065964,13.779966,17.816156,20.452309,17.609825,16.492393,21.610292,22.000885,19.004124,21.698975,25.259008,24.49756,23.557844,26.66735,29.33611,29.639915,27.66056,28.167229,32.303383,30.835737,29.015062,26.251791,22.44241,22.065294,26.866537,25.998247,18.963337,22.463837,21.009892,25.146885,23.479548,19.085577,18.63365,15.5062065,13.979212,17.030739,14.259324,10.270058,11.677982,14.176121,15.311723,18.153292,18.482168,19.838669,21.250134,23.03242,23.423882,26.855625,23.139856,20.059965,17.388645,17.90654,13.53546,14.551758,11.0597925,13.025605,11.043386,13.661588,15.863379,14.932376,18.666258,19.703796,21.068363,15.880523,17.349146,13.7759495,18.72665,14.394765,18.680038,20.844208,18.472555,15.405864,15.61874,9.476543,10.45027,7.267714,9.528627
28,37.10828,33.379063,31.775692,27.900805,25.416304,25.552921,20.349304,21.267847,16.883154,18.614902,17.235088,18.565928,15.523905,15.860113,12.388239,9.357235,11.115815,8.054443,13.887432,10.476945,14.671864,17.00104,19.646767,13.355448,12.082613,10.237838,6.0120673,4.483139,0.0,5.0229373,5.308213,9.868014,12.547228,15.068731,11.700737,9.532086,13.748715,16.018744,13.275763,12.509632,17.474457,17.84387,15.231109,18.09323,21.274069,20.944008,20.665133,23.33245,25.812538,25.797192,23.675425,24.92511,28.596128,26.845387,25.39968,22.917995,18.931993,18.775517,23.289848,21.923199,14.992167,18.575726,17.28068,21.21493,19.171793,14.745759,14.771719,11.663397,9.800523,13.72156,11.415281,7.1881995,8.525929,12.526877,12.683376,16.470247,16.64632,17.22086,19.561459,20.60293,21.528772,25.1587,21.489103,18.215471,14.8542,16.47759,11.137439,13.430703,10.218598,12.577607,11.618297,13.766103,16.731216,15.965845,19.556293,19.670149,22.075401,17.413403,17.851948,15.214098,19.24597,15.266932,19.151264,20.970438,19.011477,16.351109,16.471672,10.835984,12.183268,8.494635,11.215292
29,41.248997,37.603558,35.700016,32.166534,29.45556,29.240467,24.266342,24.283062,19.998072,20.715899,18.772514,19.372795,15.789676,17.058718,14.241006,12.530438,14.915938,12.724336,18.406092,15.134679,19.073618,20.975681,23.247147,16.542757,14.631302,12.133777,9.474763,5.712097,5.0229373,0.0,7.2600565,8.112228,11.877371,14.740644,12.836328,11.696644,15.482306,17.933931,16.477745,15.986441,20.33328,21.46858,19.438475,22.00582,24.903801,25.326057,25.27576,27.521528,30.076658,29.603418,27.50827,29.504692,32.745575,30.617027,29.545992,27.100534,23.21603,22.780901,26.929117,25.44597,18.605654,21.44686,19.425545,23.141094,21.47461,17.158062,16.089617,12.383647,12.580333,16.526787,12.933624,8.725143,12.253798,15.69737,16.756403,20.481493,21.176159,21.961527,24.490337,25.545767,26.519245,30.101658,26.269089,23.112322,19.76403,21.481998,16.107887,17.976082,14.268308,15.71843,13.755513,15.12515,18.186459,18.182484,22.227886,23.044746,25.340994,20.632704,22.042257,19.095861,23.723663,19.482857,23.422403,25.223566,22.697996,19.976511,19.035902,13.659723,13.349243,8.956206,9.674185
30,35.893166,32.235157,29.915619,26.415173,23.97375,23.01853,18.65281,18.305878,13.637346,15.04728,12.827326,14.534029,11.907282,12.783371,11.4247465,7.270492,10.891206,8.7108345,15.049709,13.53384,18.034231,20.648315,23.874006,18.077711,17.014915,14.975066,10.95825,9.457908,5.308213,7.2600565,0.0,6.9459705,7.7954226,10.118293,7.0491924,4.5389457,8.625732,11.243385,9.512427,8.8536005,13.082618,14.708253,12.837275,15.037688,17.761227,18.996557,19.087145,20.708155,23.293543,22.497852,20.727428,23.306774,26.229832,24.055676,23.627779,21.959558,17.673267,18.238771,22.0171,19.346857,13.204595,16.860224,15.88901,19.090847,16.071737,11.720876,12.884148,9.705307,8.04689,13.645188,12.112874,8.306971,9.668625,15.0204735,13.860982,18.50741,18.30349,17.545275,20.781528,20.461935,21.714092,25.225393,21.382275,18.316755,14.599431,17.680948,12.142106,16.08585,13.669957,16.185604,15.961485,17.537136,20.93837,20.379835,23.76914,23.175978,26.225315,21.939466,21.483362,19.341698,22.361149,18.315865,21.308983,22.475266,20.542242,18.546446,17.685482,13.399743,14.124652,10.329975,12.677017
31,42.260887,38.661766,35.9773,32.709164,30.35915,28.728275,25.015718,23.704664,19.108477,19.628622,16.287292,17.500153,14.765507,17.030619,17.02477,13.793013,17.721546,15.574674,21.96031,19.72398,24.094301,26.720852,29.347609,23.027002,21.718956,19.601408,15.742728,13.142142,9.868014,8.112228,6.9459705,0.0,7.2438297,7.4994683,6.989439,8.657678,11.270203,12.364641,13.140697,13.969261,16.508928,18.165863,17.841225,20.172333,21.668516,23.540932,24.961357,25.895319,27.91523,26.461355,24.184378,28.13115,29.910994,26.989841,27.05166,25.343319,21.60123,21.364944,24.225733,21.74672,16.054543,17.858877,15.665675,18.249292,16.240232,12.5391245,11.456935,7.694166,10.071666,14.912771,11.909271,9.015917,12.985131,17.502663,17.463839,22.08412,22.81116,22.437677,26.321548,26.162395,27.978483,31.640713,28.052656,24.896997,20.850243,24.042852,17.983599,21.00367,17.905222,19.182816,18.318357,18.585224,22.384375,22.886152,26.676016,26.49371,30.065195,26.169607,26.65373,24.818478,28.442518,24.743542,28.093662,29.385143,27.3127,25.173857,23.876616,19.45538,19.230688,14.833614,15.470735
32,38.02185,34.685566,31.381634,28.925041,26.320847,23.987,21.07725,18.328638,14.327791,13.545861,9.826807,10.565946,8.301582,11.078096,13.305547,10.993717,15.446779,15.150089,20.808569,20.821424,25.316948,27.69738,31.274557,25.493687,24.080404,21.399212,18.31866,15.864338,12.547228,11.877371,7.7954226,7.2438297,0.0,5.5077724,7.5837483,6.992172,6.969066,10.543313,12.2341175,11.671548,13.0807905,17.340872,16.800491,17.259165,19.108335,22.809242,22.90005,22.932499,25.78347,23.73472,22.924904,27.156471,28.954226,26.2578,27.35697,26.733173,22.473558,23.61544,26.2692,22.199928,17.798986,20.679739,19.701977,21.601776,17.904728,14.513213,16.001484,12.938966,13.317326,19.227518,17.661427,14.500946,16.71947,22.163023,20.758005,25.662157,25.372707,23.798956,27.43506,25.996304,27.219692,30.292164,26.167278,23.709486,20.293436,24.158596,19.10515,23.642399,21.40841,23.722836,23.317867,24.396954,28.021536,27.84922,31.385366,30.775585,34.003227,29.69575,29.16802,26.851671,29.58349,25.048225,27.27098,27.796675,25.348919,23.96005,21.351004,18.725824,17.795654,14.1437435,14.756776
33,39.967594,36.59658,33.19482,30.541145,28.478508,25.60829,23.380754,20.719284,16.50959,16.571796,12.433834,14.188712,13.054844,15.527304,18.01401,14.4058485,18.850613,17.670849,23.56577,23.111977,27.585894,30.437658,33.736374,28.066324,27.070772,24.93388,20.939451,19.001352,15.068731,14.740644,10.118293,7.4994683,5.5077724,0.0,5.285553,7.95365,7.1965995,7.5554123,11.039789,12.1551895,12.10601,15.452231,16.373394,17.343216,17.750185,21.62653,23.310871,22.783596,24.720802,22.278696,20.786331,26.132814,26.827032,23.57946,25.10192,24.690874,20.920715,21.76497,23.469593,19.302517,15.8226595,17.538136,16.47273,17.497313,13.947799,11.4294615,12.770829,10.554282,12.007707,17.349936,16.307945,14.370886,16.555105,21.80694,20.19548,25.182869,25.195644,23.378742,27.743357,26.077002,28.044056,31.30633,27.787588,25.131086,21.21917,25.479498,19.988579,24.3315,22.292221,24.128368,24.197649,24.588776,28.459793,28.649515,31.999487,30.94028,34.90085,31.267614,30.561693,29.134573,31.566954,27.900558,30.242067,30.82087,29.024244,27.652058,25.831625,22.82937,22.622816,18.831306,19.767006
34,37.603256,34.02802,31.164267,27.841293,26.00444,23.776953,20.884573,19.570076,14.841193,16.377356,12.95713,15.53944,14.220821,15.717575,16.728498,11.88283,15.911129,13.75634,19.779448,18.734581,23.102127,26.205153,29.310112,23.91692,23.329733,21.754026,17.129208,16.065964,11.700737,12.836328,7.0491924,6.989439,7.5837483,5.285553,0.0,4.6327076,6.2330055,5.5235543,6.7959566,8.618459,10.065895,11.555605,12.086613,14.244508,14.948501,17.42624,19.519669,19.765648,21.410952,19.683674,17.419704,22.046741,23.288366,20.265196,20.915428,19.970783,16.118624,16.740635,18.989292,15.409064,10.840795,13.137552,12.284709,14.149848,10.549823,6.9744425,8.983483,6.883231,6.840893,12.4377,12.029158,10.249674,11.504247,16.867203,14.941866,19.940727,19.925697,18.24132,22.672989,21.374447,23.573872,27.100704,23.89827,20.905739,16.69232,20.797663,15.047213,19.226406,17.416695,19.324923,19.862686,20.40609,24.203938,24.154509,27.243156,25.893469,29.970795,26.602196,25.638607,24.667456,26.89401,23.81717,26.386395,27.213486,25.942719,24.398918,23.666512,20.03653,20.862593,17.17783,19.08262
35,33.853424,30.264587,27.511488,24.211872,22.051199,20.244287,16.788763,15.739453,10.921008,12.652166,9.925264,12.543136,11.078248,11.843881,12.327534,7.276718,11.386936,9.83325,15.671409,15.507834,19.942951,22.80869,26.378637,21.230812,20.556929,18.755766,14.595532,13.779966,9.532086,11.696644,4.5389457,8.657678,6.992172,7.95365,4.6327076,0.0,4.38386,7.0605536,5.897575,5.420562,8.691761,11.243373,10.092954,11.634979,13.806546,16.2299,16.701815,17.413702,19.92623,18.595654,17.145605,20.631073,22.94705,20.577988,20.950148,20.078295,15.6828985,17.024462,20.09839,16.333065,11.405286,15.213175,15.024027,17.42035,13.393706,9.4748125,12.362502,10.051428,7.8556013,13.852176,13.698599,10.906855,11.102233,16.847898,14.494632,19.416624,18.741371,16.844744,20.597944,19.13397,20.659754,23.986477,20.283333,17.474491,13.656879,17.72717,12.54282,17.458443,15.961124,18.658136,19.202162,20.598114,24.08949,23.441902,26.443394,25.14704,28.603676,24.737741,23.387873,21.841862,23.83326,20.140333,22.357168,23.009796,21.508493,20.119946,19.163149,15.973676,16.902891,13.688747,16.127014
