,0,1,2,3,4,5,6,7,8,9,10,11,12,13,14,15,16,17,18,19,20,21,22,23,24,25,26,27,28,29,30,31,32,33,34,35,36,37,38,39,40,41,42,43,44,45,46,47,48,49,50,51,52,53,54,55,56,57,58,59,60,61,62,63,64,65,66,67,68,69,70,71,72,73,74,75,76,77,78,79,80,81,82,83,84,85,86,87,88,89,90,91,92,93,94,95,96,97,98,99,100,101,102,103,104,105,106,107,108,109,110
0,0.0,4.145184,7.0282254,10.333641,12.990322,15.289042,19.057148,21.01904,25.204082,26.916391,30.33799,28.782688,24.762997,25.4369,20.597322,23.648294,19.885183,22.551899,21.73005,23.565742,25.323835,22.394957,27.15902,26.769482,26.545753,25.69758,26.087498,28.37363,25.264322,29.889116,27.247143,33.788097,33.94372,38.02795,38.34815,40.342857,44.183212,42.827644,41.712173,39.603123,37.988182,36.241367,32.26558,32.242973,27.863441,27.77433,23.973291,23.939144,22.494555,18.762453,18.34693,14.589251,15.97815,11.7340145,15.444593,15.245812,20.225119,20.183035,22.830183,25.508928,24.348091,30.511717,31.608725,33.92979,38.792854,38.074284,41.850086,42.707596,45.61845,42.288353,38.56421,41.287354,38.772263,42.10263,40.604126,38.01862,40.361702,39.855484,39.673264,42.16822,38.683273,36.06334,35.424225,32.90691,34.11961,29.544628,33.293354,29.635193,31.306879,32.31999,32.353382,36.72468,34.505535,36.794785,38.54377,36.93776,40.425625,40.91739,38.345364,34.590816,36.506943,34.614258,33.02377,33.706062,30.913124,29.031263,32.528,29.373495,29.925383,31.58578,30.844923
1,4.145184,0.0,5.151527,7.1914015,9.362669,12.608325,15.504832,18.37933,22.118769,24.104277,27.700651,26.630547,22.82346,23.213963,18.186775,20.73388,16.84789,19.006865,18.458698,19.813797,21.790472,19.196775,23.772337,22.953417,22.903273,21.867092,22.093359,24.263166,21.16236,25.80991,23.329454,29.875757,30.45512,34.52701,34.91515,37.124176,40.815533,39.334072,38.08221,35.83973,34.27028,32.2672,28.37972,28.169207,23.885303,23.693974,19.863611,19.95755,18.650236,14.843345,14.22878,10.583278,12.211355,7.8164444,11.394373,11.707364,16.475163,16.665789,19.77475,22.166138,20.668886,26.882572,27.81357,29.98296,34.90937,34.0111,37.797436,38.652317,41.504498,38.14755,34.450428,37.247856,34.805717,38.28864,36.918987,34.458664,36.991127,36.54962,36.596043,39.153225,35.84497,33.01378,32.25213,29.561464,30.503578,25.961246,29.429607,25.746098,27.270695,28.349342,28.339893,32.798744,30.797728,32.926735,34.67888,32.983227,36.40288,36.812733,34.2409,30.477736,32.524765,30.645817,29.274176,30.185652,27.52635,25.55246,29.405506,25.979403,26.968857,28.5011,28.167747
2,7.0282254,5.151527,0.0,5.313488,7.12327,8.616273,12.680282,14.012867,18.338802,19.90031,23.40856,21.895023,18.023031,18.828915,14.008903,17.324362,14.42676,17.104406,17.741587,19.622303,22.309996,20.591854,25.325563,23.989931,25.078274,23.825054,23.451239,24.792768,20.381626,24.699804,21.392792,27.872543,27.256126,31.38442,31.591522,33.4296,37.355274,36.14425,35.14862,33.28528,31.636854,30.461542,26.323792,27.20389,22.38916,23.569359,20.068733,20.927368,20.418964,16.623106,15.094903,12.481727,13.325722,8.05234,10.6658945,9.521333,14.836236,15.531423,17.638199,20.917439,19.922112,25.983292,26.360613,29.033344,33.25241,32.93882,36.62234,37.213463,40.4939,37.60339,33.634457,36.352684,33.389442,37.027603,34.822987,32.55377,34.57137,33.7024,33.439533,35.727676,32.165268,29.690533,28.68335,26.399137,27.98855,23.506443,27.852865,25.007729,27.0655,28.825516,29.231337,33.901436,32.75872,34.573807,36.3291,34.238125,37.357185,37.189247,34.620693,30.748484,32.93487,30.381493,29.462048,30.273098,27.142715,24.74082,27.865679,23.88579,24.331503,25.415468,24.53379
3,10.333641,7.1914015,5.313488,0.0,4.020418,6.1586757,9.4670725,12.468208,15.69806,18.365286,21.21897,20.684473,16.910751,16.604067,11.495279,13.618414,9.733644,12.31662,12.438621,14.523786,17.152136,15.687719,20.485378,19.291307,21.06946,20.236631,20.237816,21.365843,16.506958,20.864235,17.8458,24.150806,24.687546,28.17656,29.092268,31.033602,34.855167,33.74552,32.137817,29.839745,29.009512,27.237179,23.483007,24.162302,19.619995,20.783588,17.11823,18.505167,18.125172,14.323218,11.992947,9.528059,8.786931,4.0356946,7.9708495,8.842097,13.385699,15.141809,18.038881,20.727066,18.90809,24.922716,24.588953,26.769855,30.930895,29.912954,33.608593,33.80485,36.90615,33.738598,29.60785,31.902016,29.023014,32.220375,30.368654,27.808655,30.058695,29.542156,29.47019,32.057873,28.762877,25.911703,25.491451,22.744581,23.881502,19.277254,23.33802,20.147121,22.4827,24.182465,25.013525,29.524569,28.685896,30.829489,32.883167,31.03209,33.869633,33.638004,30.607893,26.691399,28.297398,25.604977,24.38419,25.026516,21.84722,19.510813,22.793964,19.126036,19.847256,21.36985,21.03645
4,12.990322,9.362669,7.12327,4.020418,0.0,5.3174896,6.147606,10.245722,13.046744,15.544501,19.10562,18.907751,15.69758,15.550453,10.580741,12.2526,9.305704,10.646276,12.399746,13.332016,16.660667,16.13956,20.261927,18.036531,20.046682,18.59368,17.834578,18.483128,13.377411,17.635233,14.429052,20.915615,21.268618,25.167486,25.731556,27.945515,31.605207,30.251474,28.821207,26.619795,25.341587,23.652555,19.737776,20.53016,15.814429,17.337141,13.93876,15.612991,15.807441,12.263253,9.6002035,8.563826,8.654974,4.2847924,4.625568,5.20725,9.426125,11.474577,14.373166,16.952816,15.14105,21.047596,20.612625,22.930403,27.029335,26.262314,29.945799,30.313787,33.536686,30.613522,26.557531,29.24499,26.301033,30.126469,28.07676,26.00334,28.337793,27.61467,27.793169,30.23673,27.070059,24.142088,23.029995,20.319656,21.36267,16.902308,20.850664,18.132502,20.15902,22.246002,22.851904,27.604792,27.215816,28.74135,30.575283,28.35019,31.119059,30.630661,27.913677,24.01026,26.256868,23.497746,23.059265,24.208504,21.255138,18.605993,22.225933,17.66235,18.986134,19.793016,19.836391
5,15.289042,12.608325,8.616273,6.1586757,5.3174896,0.0,6.1754837,6.5135036,10.231638,12.642596,15.243531,14.52714,10.840749,10.728094,5.685506,8.809394,7.3648586,10.232359,12.753376,15.043501,18.517857,18.55223,22.92427,20.958504,23.998928,22.869446,22.075619,22.02419,15.716897,19.215488,15.154012,21.039742,20.015429,23.452314,24.216469,25.698833,29.775139,29.023935,27.66815,25.855412,25.040684,24.363705,20.44349,22.619762,17.634867,20.652693,17.761461,20.033722,20.66028,17.311495,14.28436,13.597286,12.393712,8.71167,9.350785,8.524686,12.297179,14.827927,16.328604,19.699602,18.455471,23.819916,22.595404,25.251448,28.304718,27.993158,31.449677,31.249897,34.844753,32.361767,27.981878,30.125319,26.604748,30.027693,27.050516,24.893585,26.432028,25.307148,24.901625,27.12128,23.55419,21.111542,20.265585,18.047367,20.062473,15.677886,20.89615,19.168741,22.075708,24.657055,25.953136,30.554907,30.876575,32.46423,34.42923,32.12962,34.477207,33.49414,30.575691,26.677994,28.468597,24.979807,24.580946,25.181005,21.595469,18.709627,20.88522,16.26714,16.33363,16.95327,15.999987
6,19.057148,15.504832,12.680282,9.4670725,6.147606,6.1754837,0.0,6.757036,7.447507,10.522618,13.976701,14.8122635,12.652361,11.963022,8.045461,8.04606,7.5453744,7.088281,11.568349,11.770793,15.889488,17.157362,20.37069,17.19905,20.58069,18.9308,17.421896,16.615582,9.96437,13.215409,9.120196,15.3349695,15.261303,19.02371,19.706806,21.929419,25.544916,24.3057,22.748909,20.643732,19.605194,18.364956,14.472079,16.462683,11.526318,14.939534,12.559435,15.381096,16.751928,14.138219,10.767452,12.043446,11.221872,9.353137,6.7094007,6.8691683,7.784015,11.201686,13.136065,15.50938,13.740676,18.625729,16.888319,19.272747,22.358685,21.82364,25.304604,25.222694,28.778257,26.364323,22.082531,24.646109,21.236496,25.410795,22.65258,21.08408,23.148674,22.091858,22.410076,24.67476,21.67905,18.712587,17.09473,14.424578,15.628789,11.3936615,15.875678,14.53435,16.911499,19.869982,20.948572,25.67928,26.605162,27.52376,29.299625,26.725859,28.848408,27.601366,24.915594,21.085001,23.474112,20.024857,20.584812,21.914265,18.912554,15.796415,18.896063,13.257444,14.913443,14.703196,15.18724
7,21.01904,18.37933,14.012867,12.468208,10.245722,6.5135036,6.757036,0.0,5.292878,6.2714047,9.566643,8.72336,6.260272,7.126222,4.7629147,7.545785,10.183434,11.485543,16.102028,17.571081,21.570242,22.863403,26.439884,23.57487,27.27715,25.680578,23.997377,22.842941,15.95262,18.112858,13.284537,18.20599,14.923359,18.67315,18.78372,19.884695,24.121655,23.580568,22.794304,21.744867,20.478647,21.243809,17.207441,20.94256,15.831635,20.551205,18.791561,21.583197,23.118109,20.455334,17.308304,18.095398,17.209982,14.246835,12.555636,10.498368,12.175861,14.947048,14.665783,18.348389,17.911499,22.077936,20.051884,23.178278,24.906036,25.601929,28.671434,28.260859,32.329468,30.761938,26.411285,28.64033,24.623913,28.6054,24.490284,23.245817,24.040373,22.115433,21.546274,23.111578,19.412958,17.557194,15.443062,14.177026,17.127848,13.582998,19.453377,19.588297,22.484377,25.81241,27.206799,31.812977,33.172188,33.932507,35.60899,32.80945,34.675713,32.96354,30.500732,26.824594,29.121359,25.160227,25.93943,26.79565,23.289629,20.049002,21.349602,15.690845,15.528611,14.397369,13.03476
8,25.204082,22.118769,18.338802,15.69806,13.046744,10.231638,7.447507,5.292878,0.0,4.6195035,6.657715,8.588916,8.312973,7.287797,7.1161137,5.9728184,10.278997,9.729302,15.279269,15.957553,20.016298,22.378386,25.104746,21.826048,26.241478,24.723267,22.856913,20.883806,13.678606,14.633479,9.802492,13.52238,10.401267,13.530631,14.26305,15.508304,19.61642,19.190466,17.86624,16.63719,16.132446,16.954813,13.433018,17.81758,13.272518,18.742273,17.72223,21.020653,23.051662,21.020916,17.635712,19.40422,17.99792,16.501932,14.045856,13.1003475,12.76502,16.089916,15.9467,18.63032,17.797846,20.980469,17.918188,20.570587,21.461714,21.900148,24.713072,23.78289,27.899818,26.593584,22.16847,24.053108,19.833855,23.845253,19.39373,18.552933,19.246347,17.200417,16.96408,18.551205,15.238651,13.023009,10.516899,9.009399,12.013134,8.990065,14.954005,16.237053,19.219286,22.90221,24.6405,28.95627,31.159327,31.61971,33.304737,30.495686,31.79993,29.656527,27.12532,23.663586,25.749802,21.474297,22.873009,23.822653,20.553267,17.23481,18.171133,12.008193,12.369865,10.207244,9.871776
9,26.916391,24.104277,19.90031,18.365286,15.544501,12.642596,10.522618,6.2714047,4.6195035,0.0,6.047579,6.503879,7.831296,8.774551,9.7395935,10.17761,14.521439,14.243893,19.788685,20.29188,24.43807,26.70345,29.406273,25.842253,29.933731,28.012573,25.66365,23.551323,16.8145,17.369728,12.529193,15.623429,9.898703,13.970736,13.175367,14.007857,18.260166,17.836956,17.674856,17.501955,15.73079,18.046003,14.275705,19.362038,14.76433,20.657549,20.125051,23.198235,25.436777,23.547825,20.483252,22.365685,21.676773,19.478132,16.523855,14.39413,13.859219,16.537485,14.940751,18.108038,18.26911,20.773634,17.870771,21.132048,21.30044,22.937302,25.459955,24.826488,29.227766,28.626144,24.515804,26.782352,22.511438,26.998886,22.035418,21.930164,22.105354,19.504599,19.050102,19.848824,16.447603,15.196718,11.383082,11.38913,14.845485,12.814304,18.362568,20.270773,22.820356,26.621468,28.006317,32.414665,34.69868,34.659264,36.02336,32.86538,34.17437,31.807688,29.872538,26.592329,29.289248,25.134735,27.035109,28.190138,25.060678,21.742588,22.474154,16.314943,16.389534,13.5728,12.548693
10,30.33799,27.700651,23.40856,21.21897,19.10562,15.243531,13.976701,9.566643,6.657715,6.047579,0.0,4.683527,7.4661517,6.6133456,10.37733,9.568832,15.02696,15.08153,20.168884,21.44757,25.185434,27.83092,30.47786,27.474339,32.330456,31.01081,29.140574,26.7912,19.662415,19.596199,15.130892,16.573471,11.211284,12.528552,13.274535,12.585862,17.1511,17.985886,17.135647,17.09964,17.326984,19.91402,17.173075,22.540592,18.609201,24.57591,24.050419,27.426174,29.607388,27.673021,24.277456,25.944633,24.207697,22.638254,20.614159,19.25313,19.007828,22.064373,20.90947,23.822186,23.588665,25.874043,22.355434,25.043022,24.369007,25.518291,27.6585,26.077604,30.395979,29.957253,25.645458,26.752426,22.20206,25.4685,19.826689,19.510426,18.580563,15.643625,14.383832,14.880392,11.044649,10.640859,7.839223,8.947329,13.3543215,12.174033,18.123495,20.78103,24.052309,27.886606,30.027292,33.95378,36.768993,37.12162,38.786766,35.95008,36.76295,34.152824,31.718153,28.58752,30.221874,25.592175,27.179283,27.634348,24.20507,21.062654,20.088404,14.765873,13.417373,10.093623,7.9617596
11,28.782688,26.630547,21.895023,20.684473,18.907751,14.52714,14.8122635,8.72336,8.588916,6.503879,4.683527,0.0,4.475857,6.2389793,9.945466,11.341168,16.263365,17.361227,22.150623,23.932817,27.754358,29.77619,33.005054,30.166975,34.626534,33.171185,31.287128,29.350475,22.241112,22.867859,18.087276,20.528913,14.621762,16.86022,16.734873,15.912398,20.502346,21.232609,21.098036,21.366827,20.70051,23.528212,20.243711,25.48741,21.024498,26.835192,25.962826,29.072575,31.039904,28.744114,25.501308,26.647194,25.286106,22.769054,21.108189,18.937191,19.645782,22.281235,20.60611,24.25489,24.520494,27.23609,24.333952,27.519455,27.225931,28.836958,31.131836,29.964565,34.36823,33.893867,29.612547,31.07545,26.577038,29.995619,24.476673,23.960894,23.071026,20.180756,18.652449,18.969646,14.923823,14.981614,12.454898,13.526938,17.840681,16.086452,22.251099,24.282398,27.533104,31.268608,33.174152,37.376953,39.7133,40.166668,41.781963,38.839012,40.021885,37.60429,35.299698,31.999346,33.92546,29.420965,30.722897,31.153206,27.505043,24.325314,23.556448,18.372646,16.672726,14.081855,11.136433
12,24.762997,22.82346,18.023031,16.910751,15.69758,10.840749,12.652361,6.260272,8.312973,7.831296,7.4661517,4.475857,0.0,4.0084715,6.376431,9.364467,13.366835,15.458169,19.608921,21.99959,25.697262,27.106966,30.860847,28.464035,32.663902,31.407595,29.914955,28.530529,21.354448,22.867598,18.028072,21.625977,17.027369,19.56831,19.894125,19.649513,24.223864,24.636572,24.074553,23.686438,23.122456,24.98194,21.389818,25.941313,21.117271,26.33537,24.79774,27.733543,29.292902,26.581575,23.338148,23.829655,22.34141,19.43409,18.611792,16.540714,18.34532,20.99215,19.996332,23.9221,23.864805,27.509514,25.07424,28.241364,28.934866,30.00288,32.692257,31.718468,35.959217,34.853775,30.401978,31.931494,27.577547,30.801344,25.864054,24.618034,24.258429,21.865145,20.393332,21.36966,17.202225,16.568226,15.019485,14.9994335,18.94983,16.18512,22.579842,23.54163,26.977472,30.43484,32.325565,36.659645,38.417503,39.346462,41.142906,38.405777,39.943512,37.927517,35.31382,31.760477,33.490356,29.11296,29.745605,30.007324,26.127474,22.995874,22.618603,17.706898,15.881635,14.431844,11.358738
13,25.4369,23.213963,18.828915,16.604067,15.550453,10.728094,11.963022,7.126222,7.287797,8.774551,6.6133456,6.2389793,4.0084715,0.0,5.1170244,6.3083034,10.879258,12.884914,16.810633,19.45761,22.924067,24.63063,28.2194,26.095358,30.720655,29.842209,28.68141,27.184519,19.81729,21.15026,16.582653,19.765476,16.360712,17.938976,19.27601,19.068197,23.569706,24.165705,22.85367,21.978567,22.444754,23.715328,20.56145,24.921345,20.432707,25.533144,23.936848,27.09521,28.628147,25.992216,22.511301,23.075678,20.86589,18.798992,18.30781,17.198915,18.686817,21.79313,21.538664,24.972004,24.319273,27.991362,25.153887,27.851782,28.5419,28.933352,31.611984,30.236137,34.29222,32.93378,28.336731,29.342941,24.998299,27.626112,22.83777,21.189423,20.82002,18.697336,17.194164,18.594522,14.4748335,13.410755,12.947404,12.393587,16.20381,13.358649,19.817871,20.757492,24.536371,27.925968,30.204372,34.275238,36.244938,37.455406,39.466164,36.991478,38.301834,36.28202,33.284912,29.76033,30.876549,26.343662,26.696888,26.656185,22.673464,19.63138,18.76773,14.210661,11.969355,10.8541,7.672522
14,20.597322,18.186775,14.008903,11.495279,10.580741,5.685506,8.045461,4.7629147,7.1161137,9.7395935,10.37733,9.945466,6.376431,5.1170244,0.0,4.9455094,7.17116,9.9889765,13.513763,16.246296,19.784086,20.836235,24.833122,22.817595,26.904984,25.993393,25.053617,24.154984,17.022505,19.393303,14.919212,19.551134,17.503605,20.01201,21.218039,21.944548,26.265959,26.17568,24.705444,23.230976,23.20052,23.403746,19.849598,23.234701,18.439074,22.706207,20.49198,23.369549,24.527884,21.583029,18.188627,18.278982,16.23937,13.761239,13.748983,12.909682,15.239267,18.279716,18.866034,22.280346,21.26204,25.757133,23.542849,26.197775,28.036987,27.976625,31.075922,30.193819,34.039852,32.06157,27.471577,28.960321,24.957495,27.921656,24.040634,21.991972,22.665064,21.127045,20.226084,22.192253,18.37977,16.39353,15.881978,14.203598,17.089094,13.192091,19.317522,18.915445,22.471745,25.536104,27.479982,31.802156,33.064705,34.526337,36.578552,34.215973,35.97985,34.43051,31.35811,27.60732,28.932774,24.787054,24.706657,24.900839,20.972675,17.919405,18.500265,13.780842,12.644377,12.664778,10.814179
15,23.648294,20.73388,17.324362,13.618414,12.2526,8.809394,8.04606,7.545785,5.9728184,10.17761,9.568832,11.341168,9.364467,6.3083034,4.9455094,0.0,5.5385194,6.6359963,10.878309,13.184913,16.680891,18.695139,21.995174,19.836721,24.631824,23.989864,23.158491,21.756933,14.417293,16.102995,12.040705,15.79882,15.158674,16.635061,18.794598,19.701965,23.74019,23.731647,21.517134,19.54258,20.571497,20.202707,17.304192,20.61275,16.454376,20.811876,18.947598,22.207788,23.621515,21.143229,17.499773,18.315557,15.571297,14.726421,14.210779,14.573533,15.506983,19.037807,20.114832,22.682142,21.103558,25.075792,22.189346,24.226606,25.734926,25.021824,27.983315,26.63166,30.295483,28.216843,23.522312,24.49779,20.471638,23.055304,19.286695,17.063808,17.932083,16.687931,16.136675,18.521095,15.147674,12.435304,12.643896,10.186068,12.58496,8.61592,14.770873,14.74628,18.625927,21.820343,24.205265,28.206213,30.06341,31.525658,33.712933,31.5253,32.85312,31.112421,27.750572,24.13054,24.928951,20.523184,20.568138,20.671392,16.788513,13.647416,13.969773,8.89604,8.126411,8.179198,7.5998964
16,19.885183,16.84789,14.42676,9.733644,9.305704,7.3648586,7.5453744,10.183434,10.278997,14.521439,15.02696,16.263365,13.366835,10.879258,7.17116,5.5385194,0.0,4.639764,6.3530264,9.717379,12.816671,13.830456,17.848,16.439034,20.75187,20.552082,20.507677,20.028133,13.347765,16.303162,13.108573,17.893446,19.147036,20.89416,23.147831,24.608585,28.390793,27.965574,25.480421,22.902748,23.875956,22.210764,19.326412,21.123753,17.112244,19.914846,17.158636,19.99739,20.705446,17.838766,14.278035,14.152658,10.715981,10.416083,11.485476,13.157307,14.977513,18.323357,20.648676,22.889053,20.68258,25.496801,23.30741,24.963425,27.688194,26.16077,29.474052,28.477219,31.666119,28.753231,24.137398,25.212124,21.821838,24.065033,21.685843,18.758648,20.615244,20.249968,20.103697,22.952229,19.95049,16.81466,17.597998,14.499345,15.587813,11.048859,15.812008,13.646524,17.385254,19.823116,22.065977,26.083992,27.004725,29.169456,31.594425,29.840385,31.596113,30.530537,26.823736,23.015984,23.436357,19.591764,18.507355,18.48941,14.583492,11.77196,13.660247,9.86179,10.122924,12.072154,12.303332
17,22.551899,19.006865,17.104406,12.31662,10.646276,10.232359,7.088281,11.485543,9.729302,14.243893,15.08153,17.361227,15.458169,12.884914,9.9889765,6.6359963,4.639764,0.0,5.8628397,6.6207724,10.437173,12.825753,15.643942,13.215472,18.049395,17.616623,17.226383,16.139765,9.287973,11.834522,9.177811,13.70989,16.418015,18.002377,20.449287,22.444733,25.771423,25.01959,22.20596,19.22905,20.414368,18.043135,15.558797,16.949594,13.483235,16.221092,13.9234915,17.11061,18.26495,16.073763,12.408249,13.60761,10.409592,11.569922,10.907306,13.250765,13.36345,16.950218,19.535154,20.92422,18.3341,22.557846,19.978508,21.135378,23.81682,21.834187,25.12087,24.077583,27.119808,24.118814,19.510416,20.718174,17.442804,20.14356,18.135696,15.524475,18.047089,17.913567,18.490671,21.453417,19.053688,15.405335,15.788824,12.156755,12.165621,7.581043,11.4800415,9.271842,12.930128,15.695473,17.990662,22.031704,23.516552,25.268097,27.62919,25.787664,27.283388,26.038803,22.332493,18.567724,19.174212,15.229822,14.827566,15.441915,12.034751,8.876484,12.018788,7.117947,9.510073,10.781501,12.564499
18,21.73005,18.458698,17.741587,12.438621,12.399746,12.753376,11.568349,16.102028,15.279269,19.788685,20.168884,22.150623,19.608921,16.810633,13.513763,10.878309,6.3530264,5.8628397,0.0,5.1824346,6.8219543,8.018727,11.792378,11.394295,15.963725,16.759987,17.82181,17.787819,12.542153,15.535838,14.222389,18.284145,22.116072,23.114723,26.013987,27.921944,31.123838,30.467861,27.295628,23.969328,25.743416,22.61322,20.62598,20.833632,18.046392,19.16575,16.22401,18.753822,18.965946,16.559267,13.308558,13.107661,8.510098,11.3330145,12.977518,16.31239,17.311726,20.50669,23.882599,25.048311,22.040745,26.689219,24.59717,25.233551,28.520426,25.735607,29.052021,27.962292,30.37379,26.661123,22.265097,22.79684,20.295115,21.59405,20.974977,17.442028,20.343271,21.09817,21.641758,24.968517,22.831224,19.142244,20.750206,17.0217,16.428005,12.286007,14.566639,10.497438,14.033235,15.445226,18.015802,21.453272,22.017094,24.95419,27.744972,26.722868,28.355553,27.809893,23.541374,19.879997,19.126717,15.860901,13.460297,13.135142,9.518788,7.485589,11.242879,9.606063,11.40642,14.4251995,16.104435
19,23.565742,19.813797,19.622303,14.523786,13.332016,15.043501,11.770793,17.571081,15.957553,20.29188,21.44757,23.932817,21.99959,19.45761,16.246296,13.184913,9.717379,6.6207724,5.1824346,0.0,4.275927,7.4378486,9.14777,6.8234396,11.919878,12.351898,13.190111,12.876334,8.559168,11.48616,11.543228,15.359467,20.6488,21.863682,24.548586,27.095991,29.75379,28.575863,25.310951,21.66558,23.188095,19.127148,17.562254,16.62519,14.693107,14.815849,12.171007,14.728547,15.204018,13.623304,10.569375,11.77513,8.11837,12.144118,12.034599,15.938712,15.474927,18.532179,22.29813,22.493193,19.080935,23.199423,21.140392,21.145046,24.806578,21.46164,24.82459,24.032232,26.10163,22.084942,17.919544,18.960741,17.005314,19.063225,19.298775,16.378944,20.084715,21.031296,22.320446,25.590157,23.986406,20.002354,20.835138,16.878733,15.195561,11.513668,11.809607,6.6800656,9.261949,10.593237,12.903111,16.618029,17.419617,19.93969,22.658472,21.573793,23.17875,22.720734,18.499166,14.797288,14.494749,11.6319895,9.879446,10.952673,8.726737,6.7402263,12.509857,10.0633955,13.625997,15.6602745,18.309132
20,25.323835,21.790472,22.309996,17.152136,16.660667,18.517857,15.889488,21.570242,20.016298,24.43807,25.185434,27.754358,25.697262,22.924067,19.784086,16.680891,12.816671,10.437173,6.8219543,4.275927,0.0,4.8322463,5.398117,5.533773,10.493019,12.30158,14.372425,14.64262,12.081224,14.524515,15.450721,18.4329,24.451824,25.083084,28.1393,30.626526,33.075214,31.982466,28.410841,24.541588,26.624975,22.112877,21.131817,19.525024,18.36416,17.552607,14.960895,16.935963,16.835197,15.569252,13.164035,13.697631,9.768936,14.632073,15.446028,19.633572,19.35868,22.168612,26.22298,26.139627,22.537111,26.523216,24.626074,24.1252,27.89159,23.949976,27.138004,26.20117,27.665455,23.215736,19.414059,19.72149,18.539402,19.373388,20.80882,17.4635,21.408293,22.993624,24.387688,27.836739,26.590162,22.57404,24.114294,20.113777,17.989244,14.812761,14.000772,8.385674,10.28007,10.054826,12.667651,15.380743,15.64282,19.136599,22.196342,21.92042,23.356117,23.398787,18.785896,15.489032,13.706395,11.712291,8.158724,8.50159,7.077436,6.8704367,12.679484,12.393618,15.681947,18.374113,21.16126
21,22.394957,19.196775,20.591854,15.687719,16.13956,18.55223,17.157362,22.863403,22.378386,26.70345,27.83092,29.77619,27.106966,24.63063,20.836235,18.695139,13.830456,12.825753,8.018727,7.4378486,4.8322463,0.0,5.4697185,7.9217935,10.284411,12.571782,15.4276495,16.902115,14.949475,18.259085,18.744652,22.630932,28.032576,29.206226,31.978172,34.449783,37.16286,36.003853,32.67807,28.934849,30.514723,26.122532,24.648987,22.828585,21.202618,19.788357,16.5165,17.761436,16.786901,14.9500675,13.099627,12.093343,8.058608,13.0859785,15.361446,19.69526,20.442154,22.827326,27.229292,27.38569,23.807016,28.468876,27.267963,27.031796,31.406729,27.65927,31.029617,30.479279,31.926104,27.34707,23.738132,24.37118,23.28577,24.157028,25.537666,22.061737,25.798136,27.268456,28.359606,31.818254,30.199242,26.309542,27.831547,23.901123,22.281467,18.660402,18.629135,13.02467,14.524446,13.7819195,15.5086,18.171055,16.875,20.96143,23.993214,23.995132,26.00704,26.632627,22.251228,18.97584,17.515757,16.247532,12.460823,12.443001,11.060275,11.11593,16.222767,16.186352,18.760176,21.819942,23.980001
22,27.15902,23.772337,25.325563,20.485378,20.261927,22.92427,20.37069,26.439884,25.104746,29.406273,30.47786,33.005054,30.860847,28.2194,24.833122,21.995174,17.848,15.643942,11.792378,9.14777,5.398117,5.4697185,0.0,5.380694,7.5157447,10.797319,14.163447,15.409127,15.360363,17.685776,19.567354,22.248741,28.937498,29.611908,32.561077,35.308823,37.434464,36.080685,32.462914,28.44084,30.403646,25.26454,24.681755,21.896675,21.579668,19.239014,16.721783,17.715933,16.878384,16.282156,14.989423,15.161103,12.115096,17.448183,18.504793,22.992294,22.586182,24.855915,29.361597,28.669052,24.831089,28.616941,27.287598,26.19668,30.493114,25.999311,29.077814,28.48768,29.19805,24.271252,21.245398,21.517614,21.421387,21.832392,24.52338,21.362688,25.586662,27.539125,29.18035,32.645638,31.695396,27.645607,29.1606,25.145624,22.60347,19.810352,17.917398,12.194894,12.325889,10.22171,11.893441,13.4755945,12.1686945,16.691702,19.93245,20.598835,22.159245,23.104818,18.536993,15.836948,13.381027,13.334482,9.1481905,9.716682,10.44237,11.49996,17.01197,17.545544,20.893656,23.61749,26.52564
23,26.769482,22.953417,23.989931,19.291307,18.036531,20.958504,17.19905,23.57487,21.826048,25.842253,27.474339,30.166975,28.464035,26.095358,22.817595,19.836721,16.439034,13.215472,11.394295,6.8234396,5.533773,7.9217935,5.380694,0.0,5.995781,7.4566236,9.68355,10.200688,10.452014,12.63029,14.97218,17.69726,24.531607,25.663006,28.17414,31.243736,33.178154,31.50324,28.11284,24.155455,25.554363,20.264023,19.644087,16.548908,16.47366,13.987189,11.832054,13.197953,13.0899515,13.011409,11.497822,13.139732,10.958269,15.964532,15.422076,19.767199,18.382874,20.665216,25.023588,23.950615,20.083218,23.458736,22.003687,20.817862,25.187828,20.77905,23.985851,23.68817,24.644571,19.843855,16.695587,17.90689,17.619234,19.467613,21.675444,19.252878,23.630623,25.154331,27.060476,30.30952,29.367613,25.271086,25.886377,21.923594,19.206743,16.554686,14.24971,8.627643,7.7765326,6.3148665,7.613876,10.817044,10.65912,13.769438,16.755486,16.52891,18.214724,18.722687,14.363587,11.148022,10.303116,9.911731,7.7327666,10.165134,10.787384,10.613228,16.801231,15.525952,19.611954,21.42167,24.596601
24,26.545753,22.903273,25.078274,21.06946,20.046682,23.998928,20.58069,27.27715,26.241478,29.933731,32.330456,34.626534,32.663902,30.720655,26.904984,24.631824,20.75187,18.049395,15.963725,11.919878,10.493019,10.284411,7.5157447,5.995781,0.0,4.0217524,8.208182,10.855388,13.952059,16.541151,19.101233,22.289948,28.910658,30.70867,32.668663,36.03679,37.83858,35.767723,32.726334,28.882177,29.44757,23.924265,23.1521,18.984516,19.260077,14.996661,12.671277,12.301747,10.915064,11.632244,11.8906,12.901954,12.410046,17.240929,16.89401,21.303873,20.060904,21.406582,26.23261,24.58334,20.639833,24.048548,23.754118,22.30826,27.582464,23.162468,26.38326,26.92076,27.379112,22.393456,20.173586,22.054724,22.448761,24.609404,27.238863,25.09977,29.537111,31.014772,32.963017,36.15246,35.119625,31.044865,31.248657,27.35799,24.736887,22.015728,19.710796,14.365174,12.454887,10.069375,8.807006,11.357134,8.061311,11.679263,14.428346,14.872249,17.465227,19.21584,15.710466,13.148884,13.24673,14.647805,12.8077755,15.211544,16.3832,16.494532,22.64404,21.3476,25.332447,27.117807,30.082762
25,25.69758,21.867092,23.825054,20.236631,18.59368,22.869446,18.9308,25.680578,24.723267,28.012573,31.01081,33.171185,31.407595,29.842209,25.993393,23.989864,20.552082,17.616623,16.759987,12.351898,12.30158,12.571782,10.797319,7.4566236,4.0217524,0.0,4.327799,7.7050204,11.856283,14.580772,17.11449,20.656517,26.825068,29.242367,30.63572,34.21813,35.94864,33.594376,30.943445,27.324228,27.091848,21.68737,20.609524,16.135738,16.388414,11.522655,9.287832,8.422144,7.185569,8.692266,9.45688,11.440822,12.19854,16.28006,14.814549,18.930193,17.110428,18.102335,22.899986,20.898088,16.966402,20.236967,20.316072,18.950922,24.595438,20.541082,23.908052,24.955713,25.667019,20.961885,18.839603,21.631693,21.801193,25.019428,27.07145,25.453907,29.801905,30.86805,32.85628,35.836155,34.672577,30.676092,30.150099,26.427448,23.978802,21.273596,19.182331,14.393441,12.041381,10.537054,8.28256,11.992482,9.396442,11.132534,13.256616,12.682707,15.842235,17.4216,14.618849,11.819567,13.78315,14.94488,14.440514,17.378727,18.210024,17.655384,23.889746,21.49821,25.65597,26.85724,29.746008
26,26.087498,22.093359,23.451239,20.237816,17.834578,22.075619,17.421896,23.997377,22.856913,25.66365,29.140574,31.287128,29.914955,28.68141,25.053617,23.158491,20.507677,17.226383,17.82181,13.190111,14.372425,15.4276495,14.163447,9.68355,8.208182,4.327799,0.0,4.254069,9.675106,12.087945,14.664195,18.239372,23.932938,26.859068,27.679878,31.459827,33.029343,30.409107,28.146177,24.79637,23.795135,18.55687,17.272581,12.513199,12.921229,7.4366894,5.8327117,4.7347856,5.0225806,7.615184,8.392537,11.732453,13.309014,16.417152,13.524919,17.058449,14.25418,15.008115,19.540575,17.072063,13.153503,15.96419,16.179258,14.826479,20.715881,17.06768,20.548717,22.049707,23.0821,18.820887,16.779078,20.440668,20.33911,24.588484,25.99957,25.019852,29.193338,29.83482,31.88916,34.59395,33.40298,29.54246,28.259243,24.790956,22.475998,20.013288,18.030151,14.207093,11.510387,11.162993,8.454765,12.929092,11.757934,11.558685,12.913883,10.977628,14.351222,15.34537,13.343957,10.378667,14.170229,14.883931,15.810032,19.146858,19.711193,18.565027,24.636803,21.223005,25.52297,26.008419,28.876106
27,28.37363,24.263166,24.792768,21.365843,18.483128,22.02419,16.615582,22.842941,20.883806,23.551323,26.7912,29.350475,28.530529,27.184519,24.154984,21.756933,20.028133,16.139765,17.787819,12.876334,14.64262,16.902115,15.409127,10.200688,10.855388,7.7050204,4.254069,0.0,7.402583,8.423865,11.770059,14.417836,20.514015,23.18512,23.999556,27.862865,29.150316,26.487923,24.142502,20.785862,19.879786,14.416674,13.575041,8.51596,9.856757,4.6845636,5.175926,6.158185,8.279811,10.432836,10.039547,14.102574,15.004982,17.899931,14.251045,17.347097,13.608664,14.88467,18.75174,16.12697,12.323126,14.079817,13.241418,11.455459,16.897669,12.974843,16.492958,17.829077,19.066666,15.008024,12.766469,16.799267,16.56591,21.368929,22.512854,22.06429,26.142397,26.646175,28.886656,31.407587,30.487724,26.696718,25.12724,21.804766,19.222689,17.359055,14.799299,12.0019045,8.86683,9.560563,7.2037234,11.973956,12.81331,11.640299,12.838078,10.13317,12.6495695,12.551968,10.537705,7.2678947,12.125305,12.280481,14.506906,18.11676,18.712265,17.298851,23.01944,19.172325,23.686007,23.60578,26.748852
28,25.264322,21.16236,20.381626,16.506958,13.377411,15.716897,9.96437,15.95262,13.678606,16.8145,19.662415,22.241112,21.354448,19.81729,17.022505,14.417293,13.347765,9.287973,12.542153,8.559168,12.081224,14.949475,15.360363,10.452014,13.952059,11.856283,9.675106,7.402583,0.0,4.7568784,5.275138,10.1518135,15.148546,17.939236,19.17778,22.578997,24.751415,22.696413,20.208597,16.94577,16.524704,12.299172,10.049811,8.592829,6.3296924,7.0919375,5.8231025,9.409605,11.643286,11.266139,8.519979,12.380654,11.881057,13.903682,10.137992,12.914561,9.706196,12.603055,15.888752,15.096297,11.717117,14.893319,12.60602,12.74571,16.775032,14.088661,17.76227,17.92654,20.561022,17.271025,13.336188,16.5614,14.380797,19.230864,18.541119,17.610281,21.14132,21.120077,22.860321,25.418133,23.922535,20.18342,18.689861,15.241974,13.494649,10.664376,10.377336,8.128623,8.083045,11.042678,11.498468,16.291058,17.965616,18.082329,19.790503,17.246862,19.00882,17.805046,14.9887085,11.158127,14.337491,11.753145,13.646704,16.398304,15.293274,12.827367,17.854149,12.870978,17.028135,16.755487,19.552794
29,29.889116,25.80991,24.699804,20.864235,17.635233,19.215488,13.215409,18.112858,14.633479,17.369728,19.596199,22.867859,22.867598,21.15026,19.393303,16.102995,16.303162,11.834522,15.535838,11.48616,14.524515,18.259085,17.685776,12.63029,16.541151,14.580772,12.087945,8.423865,4.7568784,0.0,4.9406714,6.173675,12.894533,14.866074,16.281473,19.89667,21.401335,19.231953,16.40111,12.897905,13.004088,7.990715,7.144962,5.762886,5.9099646,7.8959775,8.993565,12.315712,15.014447,15.464371,13.111065,17.102453,16.417562,18.534525,14.627036,16.775393,12.822546,15.567371,17.91393,16.602102,13.653537,14.901148,11.444786,10.7234745,13.428611,10.212352,13.628917,13.297846,16.067526,13.165037,9.006994,12.517516,10.229532,15.902102,15.149042,15.2121935,18.710672,18.668812,20.882011,23.173523,22.35021,18.698578,16.87437,13.679314,11.040133,9.871953,7.602949,7.8290734,6.943164,10.636904,11.357166,15.484011,18.591026,17.820856,19.26013,16.504772,17.276722,15.156,12.568253,9.235215,12.732391,9.81366,13.383,16.38384,15.873132,13.572365,17.852194,12.886657,17.313656,16.212902,19.588247
30,27.247143,23.329454,21.392792,17.8458,14.429052,15.154012,9.120196,13.284537,9.802492,12.529193,15.130892,18.087276,18.028072,16.582653,14.919212,12.040705,13.108573,9.177811,14.222389,11.543228,15.450721,18.744652,19.567354,14.97218,19.101233,17.11449,14.664195,11.770059,5.275138,4.9406714,0.0,6.6217685,9.957894,13.048527,14.100048,17.374388,19.79516,17.962034,15.648195,12.813867,12.2337675,9.496741,6.4704857,8.57427,5.1138444,9.986596,10.028945,13.639676,16.257437,15.649257,12.68464,16.221636,15.44038,16.286123,12.255297,13.4975395,10.054655,13.373162,15.046871,15.023947,12.678199,14.933334,11.399604,12.475627,14.657541,13.270417,16.58468,16.160507,19.698109,17.572887,13.301983,16.289839,12.961102,18.340078,15.935734,15.71009,18.392717,17.577679,19.128147,21.267036,19.64036,16.219193,13.842941,10.798694,9.786592,7.4265895,8.863133,9.626441,10.75969,14.557242,15.624453,19.997095,22.58859,22.277468,23.755238,20.866383,22.006065,19.906433,17.505203,14.088032,17.138762,13.570865,16.243694,18.540947,16.839924,13.887519,17.37187,11.319923,14.963719,13.423306,16.05713
31,33.788097,29.875757,27.872543,24.150806,20.915615,21.039742,15.3349695,18.20599,13.52238,15.623429,16.573471,20.528913,21.625977,19.765476,19.551134,15.79882,17.893446,13.70989,18.284145,15.359467,18.4329,22.630932,22.248741,17.69726,22.289948,20.656517,18.239372,14.417836,10.1518135,6.173675,6.6217685,0.0,8.5362015,8.956741,10.989331,14.376347,15.609699,13.874947,10.486377,6.84278,8.530833,5.160328,5.853093,8.742125,8.9018755,13.222736,14.780554,18.156702,21.010605,21.217358,18.557777,22.29428,21.107487,22.633009,18.824226,20.031445,16.216667,19.16884,20.123844,19.425394,17.43862,17.568327,12.996986,12.76923,12.326994,10.428704,12.692326,10.845078,14.592918,13.409654,9.136639,11.402639,7.5634084,13.6695795,10.841827,12.285827,14.716229,13.954262,16.301315,18.038626,17.692547,14.4712105,12.025088,9.561555,6.7447195,8.086777,6.184529,10.447064,10.938964,14.873896,16.393118,19.61906,23.696314,22.696922,23.97516,21.194654,21.033207,17.97943,15.820087,13.439638,15.895809,12.096924,16.194489,18.48586,17.59485,15.140445,17.391836,12.166405,15.888822,13.428297,16.927988
32,33.94372,30.45512,27.256126,24.687546,21.268618,20.015429,15.261303,14.923359,10.401267,9.898703,11.211284,14.621762,17.027369,16.360712,17.503605,15.158674,19.147036,16.418015,22.116072,20.6488,24.451824,28.032576,28.937498,24.531607,28.910658,26.825068,23.932938,20.514015,15.148546,12.894533,9.957894,8.5362015,0.0,6.1096864,4.513155,7.7673965,10.497192,9.08164,8.227211,8.207191,6.1689086,9.674109,7.630501,13.707067,11.497111,17.697565,19.011532,22.296913,25.274466,24.797745,22.009903,25.33494,24.64678,24.329168,20.241615,19.520727,16.24539,18.901525,17.726423,18.446802,18.111403,18.006962,13.507665,15.501555,13.439532,15.171826,16.846413,15.633359,20.184158,20.612486,17.052114,19.343952,15.251273,20.627823,15.657994,17.432188,17.848139,15.317932,16.333027,16.768858,15.349198,13.660641,8.497783,8.727051,10.011449,10.979729,13.462892,17.513636,18.882008,22.908964,24.16933,27.865318,31.45706,30.327265,31.298742,27.996155,28.25514,25.088558,23.787622,21.362463,24.351934,20.430315,23.96337,25.771746,23.861788,20.8851,21.839336,15.784746,17.595293,13.755394,15.330248
33,38.02795,34.52701,31.38442,28.17656,25.167486,23.452314,19.02371,18.67315,13.530631,13.970736,12.528552,16.86022,19.56831,17.938976,20.01201,16.635061,20.89416,18.002377,23.114723,21.863682,25.083084,29.206226,29.611908,25.663006,30.70867,29.242367,26.859068,23.18512,17.939236,14.866074,13.048527,8.956741,6.1096864,0.0,5.1271257,6.299527,8.19904,8.562629,5.278572,5.1154737,8.256399,11.106205,11.397305,16.660433,15.708772,21.333632,22.697847,26.162481,29.04885,28.68671,25.685247,28.923447,27.377151,27.834248,24.387062,24.349888,21.34379,24.322437,23.655655,24.178066,23.380743,23.116978,18.32078,19.262983,16.31553,16.946043,17.832338,15.1594515,19.333157,20.117865,16.583261,17.198729,12.904445,16.956106,11.084977,13.644025,13.04303,10.259853,11.618593,11.667717,11.522856,10.136157,5.8681817,7.011901,7.5661144,10.843994,12.238656,17.519627,19.26776,23.186806,25.188168,28.079384,32.421825,31.530579,32.743675,29.89659,29.400967,25.936378,24.178022,22.2111,23.911709,19.665987,23.20631,24.475977,22.749521,20.164047,19.728058,14.794453,16.175838,11.999859,14.228217
34,38.34815,34.91515,31.591522,29.092268,25.731556,24.216469,19.706806,18.78372,14.26305,13.175367,13.274535,16.734873,19.894125,19.27601,21.218039,18.794598,23.147831,20.449287,26.013987,24.548586,28.1393,31.978172,32.561077,28.17414,32.668663,30.63572,27.679878,23.999556,19.17778,16.281473,14.100048,10.989331,4.513155,5.1271257,0.0,4.234922,6.0083847,4.976867,5.1127467,7.362252,5.8298273,11.181549,10.69454,16.516474,15.325725,21.247293,23.011538,26.214409,29.300228,29.0747,26.37248,29.792503,29.025835,28.818739,24.748112,23.933687,20.569593,23.006496,21.396566,21.893671,21.880959,20.825901,16.212774,17.801666,14.111924,16.475336,17.16903,15.463714,19.979267,21.460846,18.461449,20.221231,16.297554,21.277966,15.864985,18.56142,18.169931,15.300644,16.30972,15.848446,15.217619,14.445164,9.116778,10.779146,11.921836,14.200996,15.879103,20.707558,21.891397,25.858206,27.188782,30.437511,34.516518,33.052387,33.845417,30.54001,30.286453,26.748558,25.834679,23.933352,26.718107,22.871395,26.753508,28.459078,26.783182,24.004282,24.241718,18.721434,20.16385,15.937989,17.407978
35,40.342857,37.124176,33.4296,31.033602,27.945515,25.698833,21.929419,19.884695,15.508304,14.007857,12.585862,15.912398,19.649513,19.068197,21.944548,19.701965,24.608585,22.444733,27.921944,27.095991,30.626526,34.449783,35.308823,31.243736,36.03679,34.21813,31.459827,27.862865,22.578997,19.89667,17.374388,14.376347,7.7673965,6.299527,4.234922,0.0,4.6051226,6.4134927,7.08097,10.000061,9.9505625,15.194402,14.768915,20.638414,19.174202,25.233145,26.724678,30.0221,33.017952,32.515682,29.622356,32.753258,31.657618,31.214916,27.549839,26.506405,23.712973,26.248415,24.356825,25.395233,25.56945,24.785767,20.290464,22.02758,18.184813,20.569632,21.030535,18.951563,23.302273,24.98802,21.9478,23.010641,18.938812,23.003378,16.962076,19.598824,18.189817,14.835161,15.139037,13.841636,13.225863,13.613929,8.453216,11.487129,13.538628,16.035421,18.390942,23.401814,25.097641,29.081076,30.757336,33.88504,38.067196,36.858078,37.786274,34.59148,34.235954,30.650625,29.532408,27.63204,29.912634,25.796532,29.365711,30.638838,28.654928,25.902153,25.165617,20.065886,20.579098,16.110603,16.848192
