,0,1,2,3,4,5,6,7,8,9,10,11,12,13,14,15,16,17,18,19,20,21,22,23,24,25,26,27,28,29,30,31,32,33,34,35,36,37,38,39,40,41,42,43,44,45,46,47,48,49,50,51,52,53,54,55,56,57,58,59,60,61,62,63,64,65,66,67,68,69,70,71,72,73,74,75,76,77,78,79,80,81,82,83,84,85,86,87,88,89,90,91,92,93,94,95,96,97,98,99,100,101,102,103,104,105,106,107,108
0,0.0,3.9099987,7.1753035,9.723502,13.627756,15.436244,19.181578,20.77888,24.447903,25.916807,29.86524,30.596624,32.6001,29.552198,30.588163,28.175936,26.89705,27.078543,24.484083,27.691095,26.055243,28.191214,28.955994,30.4529,31.031387,29.160503,31.794643,31.895462,32.13966,35.39254,32.513485,39.332886,36.831577,40.72362,37.549835,33.114044,34.24314,37.559673,33.41187,30.18953,33.280113,33.95025,29.578064,28.088724,32.241848,30.36712,24.987741,26.728928,28.910181,32.63321,34.084343,27.963911,34.05975,37.218433,35.80563,35.50989,35.486153,36.48824,39.936195,41.312035,39.740475,42.269245,45.937107,47.376163,45.377186,44.734955,48.618565,49.425888,44.15795,43.830433,47.56464,47.19366,42.008583,42.346054,39.30637,38.216064,34.537415,32.70528,28.1232,28.128149,24.761293,21.783598,24.390722,27.974783,32.267345,29.425863,35.955566,34.649063,38.53741,39.956963,42.855453,44.4405,46.509975,42.162792,38.67329,35.86229,38.793198,34.540596,39.009853,36.110004,39.72846,42.0729,44.67484,46.969063,46.469513,43.514984,42.612076,42.875683,39.337746
1,3.9099987,0.0,5.0982504,6.2066317,10.010924,12.471348,15.791979,17.971035,21.42851,22.96363,26.893768,27.522287,29.261602,26.11937,26.807632,24.490162,23.048416,23.350626,20.625235,24.057156,22.547447,24.71574,25.942587,26.986488,27.378254,25.37076,27.995228,28.014708,28.35865,31.575727,28.945375,35.756004,33.56222,37.51268,34.324333,29.91543,31.348421,34.728443,30.49499,27.291754,30.789307,31.416079,26.899982,25.785593,30.177471,28.233578,22.766441,25.094501,27.595201,31.271847,32.319252,26.51383,32.849735,35.730167,34.09917,33.503654,33.20281,34.058334,37.848824,39.19917,37.124813,39.657383,43.397015,44.92944,42.667732,41.804356,45.754623,46.364994,41.049744,41.034447,44.586,43.980137,38.85182,39.427074,36.427807,35.538788,31.828478,30.111288,25.499811,25.616674,22.061897,19.340601,21.502657,24.949825,29.283175,26.182686,32.740265,31.356466,35.184464,36.760555,39.509354,41.066826,43.00436,38.65392,35.218784,32.278877,35.189102,30.995575,35.574966,32.709023,36.539036,38.930477,41.67771,43.83454,43.139748,40.168507,39.093426,39.250343,35.624165
2,7.1753035,5.0982504,0.0,4.471587,7.7094955,8.476821,12.540949,13.672068,17.35137,18.917805,22.784687,23.742744,25.883385,23.064205,24.741571,21.914602,21.358028,21.54996,20.197592,23.430082,22.905695,25.575006,27.119118,27.080765,27.36989,25.263784,26.91474,26.72916,26.314808,29.519308,25.979713,32.727184,29.85586,33.699963,30.682964,26.189268,27.147957,30.646414,26.705929,23.32019,26.400473,27.631113,23.227518,21.48765,25.920908,24.818068,19.261156,20.817303,23.774794,27.161818,28.694368,23.503168,29.756573,32.452534,31.38348,31.243439,30.402584,31.863525,35.658257,36.25511,34.27725,37.42956,41.076416,42.206833,39.77779,39.275993,43.58493,44.357925,39.104,39.370026,43.159477,42.554478,37.504448,38.62867,35.151802,34.92785,31.146309,28.768997,24.747408,23.80296,20.058746,16.810314,18.56108,22.367855,26.729797,24.250471,30.837324,30.400148,34.30799,36.318542,38.97091,40.899467,42.411476,37.799923,35.111702,31.606434,34.072163,29.38119,33.745,30.192732,33.649796,35.695484,38.395885,40.622063,40.203526,37.710144,36.65046,37.332756,33.7367
3,9.723502,6.2066317,4.471587,0.0,4.0380545,6.6666784,10.070657,12.196766,15.6263485,16.940247,20.88243,21.387733,23.055664,19.926735,20.957977,18.652077,17.605171,18.345,16.344093,20.296812,19.781612,22.253134,24.577648,24.061684,23.942068,21.502993,23.404842,22.924778,22.917051,25.899199,23.114697,29.790825,27.462368,31.581156,28.67574,24.21182,25.739977,29.45961,25.430944,22.068281,25.868229,27.095625,22.489126,21.4263,26.189125,24.979404,19.430029,21.87781,25.183374,28.443495,29.355112,24.631798,31.071606,33.39085,31.943815,31.288897,30.153866,31.252289,35.512577,36.21738,33.4627,36.48126,40.23267,41.578842,38.774094,37.844208,42.174473,42.57461,37.24865,37.978962,41.37922,40.36813,35.428024,36.79746,33.558308,33.469852,29.710735,27.741083,23.594446,23.11801,19.189169,16.58862,17.486044,20.918877,25.301277,22.24999,28.82604,28.022928,31.756212,33.9101,36.293694,38.02447,39.41694,34.904865,32.09556,28.530733,31.06099,26.63443,31.261755,27.884424,31.806086,33.949837,36.929073,38.87943,38.052364,35.494526,34.056763,34.430004,30.601051
4,13.627756,10.010924,7.7094955,4.0380545,0.0,4.6149135,6.301307,9.469803,12.230295,13.821902,17.564438,18.12358,19.467873,16.359888,17.155346,14.623346,13.741131,14.525824,13.160855,17.145344,17.323448,19.988499,22.837307,21.348185,20.985392,18.426992,19.789953,19.17954,18.943172,21.955996,19.095657,25.79551,23.720816,27.797752,24.854235,20.43917,22.265806,25.995234,21.953363,18.64488,22.834291,24.06838,19.421745,18.791645,23.694014,22.614637,17.213179,20.134241,23.73072,26.744593,27.235338,23.21759,29.630968,31.53639,30.015388,29.164469,27.598343,28.670397,33.214584,33.68598,30.442404,33.588917,37.340378,38.664597,35.57092,34.508434,38.96814,39.2131,33.9008,35.037006,38.286537,37.051865,32.24351,34.029194,30.721066,31.076714,27.351246,25.338696,21.533117,20.835218,16.80377,14.598346,14.548465,17.751581,22.078405,18.982094,25.473248,24.94758,28.584648,31.034727,33.202145,35.033604,36.129395,31.551003,29.130392,25.248564,27.547874,23.03256,27.659254,24.120485,28.144213,30.24197,33.34461,35.15891,34.20481,31.760044,30.164085,30.593296,26.709642
5,15.436244,12.471348,8.476821,6.6666784,4.6149135,0.0,5.7463593,5.548018,9.414928,10.538099,14.459828,15.311526,17.444801,14.791855,17.36688,14.49969,14.990893,15.845112,16.116323,19.727814,20.753183,23.642101,26.538628,24.373837,23.918486,21.336416,21.6621,20.680708,19.549627,22.2582,18.322647,24.735739,21.511766,25.631363,23.140255,18.560698,19.586767,23.703062,20.214441,16.558243,20.075304,22.421545,18.015633,16.32999,21.291607,21.541353,16.189032,17.767508,21.932846,24.476036,25.729427,22.51435,28.625988,30.35912,29.590914,29.349901,27.250177,29.042887,33.43717,33.042824,30.040266,33.882263,37.47108,38.30094,35.064346,34.473564,39.298275,39.73821,34.56412,35.9576,39.438477,38.239025,33.58589,35.854748,32.12843,33.073463,29.364254,26.730616,23.608194,21.846277,17.822155,15.071542,14.479364,18.029823,22.242874,20.045038,26.351954,26.87096,30.490826,33.28819,35.332176,37.46354,38.14511,33.40247,31.734034,27.430834,29.20661,24.285048,28.552515,24.218618,27.703213,29.280539,32.322952,34.19528,33.585396,31.817284,30.201523,31.258072,27.430119
6,19.181578,15.791979,12.540949,10.070657,6.301307,5.7463593,0.0,6.172739,6.6254086,9.614293,12.534088,13.878263,14.955599,12.482404,13.618803,9.694075,10.346794,10.335475,11.952207,14.657254,16.491999,19.604836,22.625765,19.562378,19.104036,16.804962,16.385363,15.813863,14.3322115,17.625765,13.454963,20.306238,18.161053,21.814518,18.625336,14.213916,16.167196,19.749037,15.73786,12.4439,16.949142,18.308468,13.739686,13.494213,18.45407,17.94209,13.00416,16.130672,20.109468,22.557846,22.639679,20.031279,26.088692,27.328238,26.04352,25.261278,22.89674,24.321775,29.058117,28.805439,25.148449,28.802713,32.436237,33.463043,30.026573,29.110304,33.89316,34.157433,28.96598,30.616695,33.903526,32.56099,27.98886,30.517923,26.813576,28.100971,24.490597,21.960289,19.23158,17.458946,13.491092,11.688763,9.830615,12.832728,16.958422,14.547138,20.73903,21.411898,24.940813,27.919659,29.826406,32.078644,32.585785,27.794584,26.489449,21.997135,23.578821,18.568747,22.810448,18.572397,22.298855,24.140238,27.278625,29.063192,28.25112,26.205166,24.625364,25.595797,21.871622
7,20.77888,17.971035,13.672068,12.196766,9.469803,5.548018,6.172739,0.0,4.7817807,5.4429736,9.1398115,10.540059,13.139449,11.308713,15.396546,12.190023,14.286714,15.159493,17.380404,20.38695,22.547085,25.559507,28.78827,25.440874,24.716812,22.170366,21.124846,19.74431,17.598034,19.84949,14.899243,20.73934,16.617205,20.681242,18.712309,14.1385565,14.571789,19.122507,16.373686,12.54679,15.677393,19.230476,15.290583,13.136192,18.064463,19.823143,15.163025,15.832102,20.596243,22.26808,23.678879,22.13359,27.658922,28.732412,28.548931,28.611145,25.677586,27.985638,32.4101,31.045984,27.78755,32.266323,35.631332,35.999905,32.376076,32.065502,37.24647,37.671898,32.743782,34.752132,38.180515,36.798916,32.530735,35.542038,31.532207,33.33873,29.80428,26.775398,24.650116,21.995432,18.214418,15.757094,13.725672,16.903816,20.616533,19.33298,24.994984,26.644243,29.99993,33.26675,34.94038,37.341694,37.391773,32.580055,31.933765,27.166037,28.205193,23.07555,26.833075,21.762077,24.715963,25.678219,28.754042,30.479198,30.050608,29.092117,27.308626,28.973064,25.25867
8,24.447903,21.42851,17.35137,15.6263485,12.230295,9.414928,6.6254086,4.7817807,0.0,4.826556,6.4604073,8.965972,10.736623,9.728026,13.314452,9.179819,12.338986,12.485206,16.371767,18.286478,21.277674,24.373585,27.595505,23.42448,22.676762,20.476147,18.349993,17.165388,14.227761,16.642813,10.757088,16.648464,12.829373,16.39641,13.9934635,9.405025,10.238176,14.639406,11.82937,8.081321,11.873444,15.301832,11.576491,10.263167,15.0621195,16.991024,13.152326,14.381052,19.080837,20.30466,20.939848,20.536934,25.661882,26.136875,25.877867,25.758741,22.331982,24.64761,29.206446,27.509474,23.779171,28.41629,31.67464,31.948664,28.063267,27.713478,33.00559,33.35472,28.567019,30.949627,34.249325,32.762123,28.749905,32.191566,28.092703,30.456778,27.126272,24.001371,22.648657,19.612068,16.187624,14.496769,11.214752,13.65006,16.857609,16.114021,21.163881,23.504812,26.62877,30.141855,31.5807,34.175007,33.862522,29.033426,29.104483,24.129398,24.658827,19.436615,22.777868,17.40427,20.125229,20.943567,24.079071,25.72288,25.301668,24.547586,22.78704,24.74831,21.258558
9,25.916807,22.96363,18.917805,16.940247,13.821902,10.538099,9.614293,5.4429736,4.826556,0.0,4.231669,5.1341786,8.119425,7.189781,12.856855,10.53993,13.729889,15.326495,18.448685,21.422297,24.312511,27.07689,30.961605,26.596764,25.332666,22.619225,20.63926,18.499868,15.858328,16.991186,12.103217,16.68616,11.838611,16.411924,15.605612,11.3631315,11.624305,16.847443,15.21034,11.683794,14.6541815,19.235594,15.993393,14.261015,18.744148,21.56415,17.863253,18.2973,23.212725,24.063753,25.190006,25.137592,30.100214,30.469479,30.512835,30.488482,26.887861,29.240501,33.8251,31.825853,27.930403,32.682503,35.839626,35.963562,31.810234,31.417051,36.799763,36.89526,32.248466,35.09706,38.092922,36.24914,32.516376,36.231926,32.304077,34.78644,31.507263,28.600573,27.148943,24.359121,20.890724,19.184702,15.9894705,18.217613,21.210873,20.311838,25.06424,27.273987,30.131094,33.790733,34.892834,37.278164,36.688984,32.030655,32.152462,27.113146,27.514744,22.675886,26.046864,20.639221,23.378122,23.720942,27.011559,28.25142,27.609035,27.495153,25.16651,27.097696,23.328619
10,29.86524,26.893768,22.784687,20.88243,17.564438,14.459828,12.534088,9.1398115,6.4604073,4.231669,0.0,3.813029,6.301444,7.426536,13.092011,10.767893,14.789097,15.97998,20.208954,22.354876,25.832163,28.574188,32.4462,27.466774,26.134083,23.700022,20.782042,18.629902,15.299684,15.93301,10.436467,13.763019,8.056368,12.406512,12.28669,8.580059,8.231768,13.648651,13.050216,10.083128,12.427119,17.574244,15.16513,13.738006,17.52477,21.121674,18.401886,18.519697,23.320314,23.491,24.350946,25.55918,29.881683,29.674515,29.996618,30.059755,25.988773,28.511015,32.999413,30.40118,26.29668,31.307045,34.198967,34.010727,29.609829,29.375973,34.876175,34.914993,30.602314,33.887783,36.71634,34.758717,31.460024,35.63614,31.647633,34.694126,31.671194,28.654144,27.97099,24.80116,21.771515,20.53079,16.70452,18.215288,20.450455,20.310707,24.13783,27.103874,29.612509,33.490433,34.275524,36.812862,35.755177,31.184692,32.118183,26.950443,26.730278,22.009296,24.722862,19.03049,21.136873,20.896906,24.142876,25.153711,24.63173,25.235912,22.8374,25.23401,21.787136
11,30.596624,27.522287,23.742744,21.387733,18.12358,15.311526,13.878263,10.540059,8.965972,5.1341786,3.813029,0.0,4.011923,5.108718,11.7190275,11.064917,14.624602,16.871622,20.272959,23.234386,26.527847,28.942755,33.36377,28.291792,26.542227,23.719124,21.127975,18.300592,15.541835,15.223922,11.314637,13.780241,8.457904,13.657068,14.451936,11.1788025,11.44731,16.772116,16.306196,13.5251255,16.149023,21.110664,18.576057,17.436874,21.319017,24.644806,21.692451,22.130014,26.965624,27.270523,28.063435,28.998934,33.53292,33.374577,33.493233,33.306435,29.304293,31.52497,36.20322,33.82593,29.392607,34.170067,37.114258,37.097393,32.529976,31.963436,37.380928,37.095337,32.77782,36.353836,38.836044,36.536304,33.367867,37.60976,33.90451,36.852932,33.841034,31.198471,30.201796,27.524612,24.347803,23.243153,19.450623,20.852697,23.161385,22.442625,26.26003,28.71662,31.032503,34.940258,35.47968,37.736492,36.586014,32.205097,32.92518,27.809992,27.672688,23.379436,26.348244,20.971815,23.51808,23.304073,26.741043,27.394358,26.429926,27.103872,24.213785,26.22131,22.457184
12,32.6001,29.261602,25.883385,23.055664,19.467873,17.444801,14.955599,13.139449,10.736623,8.119425,6.301444,4.011923,0.0,3.711312,8.9094515,9.29985,12.823586,15.324664,18.889261,21.606516,25.148272,27.272615,31.992302,26.449856,24.39903,21.620436,18.635124,15.496459,12.787121,11.653375,8.877566,10.380333,6.5009975,11.951869,12.930011,10.356801,11.779844,16.557758,16.082617,13.949921,17.179052,21.339558,18.963125,18.885664,22.566862,25.297573,22.736979,24.015749,28.596542,28.915344,28.946047,30.112852,34.58386,34.15163,33.855274,33.211708,29.149567,30.90962,35.7788,33.618793,28.60218,33.032845,35.944386,36.14102,31.347525,30.343544,35.61416,34.955982,30.749006,34.739304,36.758617,34.113487,31.253206,35.711464,32.319065,35.42676,32.627434,30.3967,29.594112,27.311745,24.367449,23.939402,19.755667,20.418856,22.301153,21.346256,24.543598,26.83138,28.749268,32.741882,32.91535,35.01374,33.60153,29.435482,30.400267,25.327574,24.936487,21.137783,23.982527,18.959126,21.778238,21.617865,25.25131,25.509949,24.04815,24.73723,21.445,23.177694,19.332664
13,29.552198,26.11937,23.064205,19.926735,16.359888,14.791855,12.482404,11.308713,9.728026,7.189781,7.426536,5.108718,3.711312,0.0,6.8421526,7.5973935,10.339169,13.499129,16.082047,19.59107,22.696905,24.761639,29.634872,24.480007,22.384502,19.297173,17.118248,13.865812,11.889033,11.33685,9.26583,12.516314,9.801343,15.098594,15.056633,11.808617,13.803962,18.609035,17.151056,14.589072,18.540503,22.171764,19.110529,19.108557,23.317516,25.278152,22.060717,23.890514,28.482498,29.34843,29.351912,29.56628,34.55441,34.52131,33.855167,32.99463,29.30835,30.80199,35.830647,34.26048,29.263521,33.399246,36.56636,37.109543,32.48554,31.24193,36.38804,35.72081,31.18893,34.847824,36.939354,34.34063,31.099918,35.17353,31.901451,34.532154,31.54597,29.529625,28.09805,26.278471,23.03177,22.487211,18.65264,19.659605,22.10447,20.389248,24.318,25.853815,28.028011,31.842804,32.251072,34.178272,33.187916,28.95369,29.162048,24.194992,24.382132,20.530146,24.027369,19.318699,22.81785,23.260607,26.980133,27.450531,25.829683,25.741968,22.504131,23.718359,19.52733
14,30.588163,26.807632,24.741571,20.957977,17.155346,17.36688,13.618803,15.396546,13.314452,12.856855,13.092011,11.7190275,8.9094515,6.8421526,0.0,5.463298,5.7447705,9.69949,11.451413,14.814626,17.908348,19.368696,24.719826,19.156317,16.560326,13.405205,11.31004,7.454275,6.963963,6.0590897,8.076817,11.544793,12.796262,17.002935,15.85008,13.422398,16.963896,20.538176,18.215078,16.51206,21.429007,23.15348,19.96156,21.578001,25.628134,25.900497,22.977228,26.408947,30.38942,31.692116,30.500744,30.25691,35.387726,35.280827,33.643898,31.885887,28.614902,29.050814,34.36024,33.7679,28.098612,31.2171,34.50848,35.735302,31.119793,28.999624,33.612835,32.41193,27.80456,31.609045,33.02788,30.037457,26.917986,30.816637,28.243986,30.587994,27.856417,26.795738,25.195162,24.539963,21.640606,22.210728,18.342651,18.293842,20.365961,17.599915,20.976585,21.33877,23.057962,26.732533,26.818413,28.325151,27.421618,23.480707,23.277287,18.577763,18.998236,16.08441,19.965412,16.575659,21.034742,22.269974,26.129744,26.29459,23.880383,22.789734,19.251799,19.294092,14.76003
15,28.175936,24.490162,21.914602,18.652077,14.623346,14.49969,9.694075,12.190023,9.179819,10.53993,10.767893,11.064917,9.29985,7.5973935,5.463298,0.0,4.45294,6.0450554,10.313814,12.342342,15.97265,18.313213,22.744461,17.295324,15.544966,13.032671,10.231474,8.1591015,5.5385156,8.024879,5.070156,11.472192,11.760496,15.375931,12.752126,9.522728,13.283803,16.580873,13.462596,11.567216,16.82006,18.06223,14.603317,16.394083,20.475069,20.467794,17.55082,21.157328,24.990591,26.385027,25.122597,24.823217,29.933762,29.903059,28.331976,26.777927,23.480837,24.233461,29.475098,28.790453,23.450523,26.893967,30.284647,31.392523,26.994871,25.248522,30.093163,29.416843,24.560652,27.87366,29.985615,27.549032,23.932957,27.729033,24.556648,26.998436,24.0435,22.331507,20.936941,19.596375,16.637178,17.084764,12.998085,13.124805,15.510679,13.0908,17.177774,18.295685,20.656677,24.388498,25.07331,27.154955,26.540821,22.044907,22.03506,16.996729,17.46804,13.240048,17.201653,12.970889,17.331932,18.843235,22.578777,23.349882,21.5241,20.05613,17.254082,17.979277,13.756005
16,26.89705,23.048416,21.358028,17.605171,13.741131,14.990893,10.346794,14.286714,12.338986,13.729889,14.789097,14.624602,12.823586,10.339169,5.7447705,4.45294,0.0,4.7265763,6.213296,9.568112,12.528013,14.482519,19.44304,14.277135,12.179803,9.117062,7.845082,5.715336,5.9041605,8.667635,8.855647,14.591705,15.9399805,19.482409,16.687569,13.749265,17.628399,20.594604,17.013662,15.262326,20.704056,21.093195,17.325243,19.486313,23.6788,22.556444,19.297903,23.69668,27.206154,29.126621,27.54203,26.251432,31.728786,32.016956,29.828346,27.768394,25.101826,25.14189,30.494284,30.718128,25.314764,27.964825,31.533348,33.168106,29.01534,26.78032,31.1545,30.240492,25.219864,28.209816,30.019747,27.485264,23.66596,26.889843,24.260712,25.992273,23.006674,22.059532,19.869972,19.714903,16.711443,17.527866,14.165966,14.178034,16.79663,13.149363,17.539537,17.096678,19.458424,22.825314,23.594166,25.231213,25.120829,20.815983,19.689894,15.034694,16.366714,12.828282,17.47903,14.559221,19.536758,21.647518,25.321634,26.042988,23.859388,21.547838,18.781624,18.476534,14.074634
17,27.078543,23.350626,21.54996,18.345,14.525824,15.845112,10.335475,15.159493,12.485206,15.326495,15.97998,16.871622,15.324664,13.499129,9.69949,6.0450554,4.7265763,0.0,6.603281,6.4349756,10.374935,13.026845,16.904778,11.503448,10.333758,8.622702,6.2290087,6.9177547,5.8565245,10.42043,8.833795,15.157896,16.871546,19.34627,15.3931,12.729378,16.758516,18.682117,14.440095,13.272984,18.759445,17.78391,14.071014,17.11493,20.876827,18.75702,15.992671,21.09225,24.010067,26.046873,23.831123,22.497618,27.786964,28.005095,25.477808,23.189222,20.702488,20.488646,25.848642,26.387663,21.04809,23.454071,27.103031,28.891886,24.99832,22.754541,27.027645,26.378307,21.192904,23.770319,25.914852,23.764215,19.590958,22.675642,19.760845,21.557384,18.514345,17.367226,15.496356,15.207934,12.539124,14.054244,10.573548,9.840619,12.341405,8.43187,13.158674,12.947485,15.743531,19.120335,20.317533,22.39836,22.52353,17.85955,16.957722,12.113961,13.495974,9.075248,13.848597,11.065594,16.102535,18.738432,22.161074,23.240551,21.338787,18.337446,16.320408,16.154346,12.29562
18,24.484083,20.625235,20.197592,16.344093,13.160855,16.116323,11.952207,17.380404,16.371767,18.448685,20.208954,20.272959,18.889261,16.082047,11.451413,10.313814,6.213296,6.603281,0.0,6.336827,7.145895,8.94038,14.016573,10.156002,8.463876,5.3130927,7.9773192,8.240008,10.413149,13.641296,14.456115,20.252161,22.011242,25.21407,21.757153,18.861504,22.716276,25.139095,20.847189,19.235168,24.722528,23.87263,19.800999,22.305727,26.454912,23.771595,20.211578,25.503986,28.335884,30.9781,29.011599,26.276863,32.100048,32.91518,29.961641,27.380861,25.770575,24.989897,30.228998,31.713139,26.678602,28.301788,32.06652,34.320133,30.787703,28.224243,31.9128,31.038206,25.840939,27.847858,29.61267,27.423481,23.142063,25.159328,23.11386,23.594704,20.506807,20.428654,17.066566,18.490799,15.612945,16.80992,14.881871,14.9211235,17.81674,13.056904,17.907562,15.474771,18.136723,20.629923,21.975786,23.170458,24.14069,20.058283,17.157427,13.504577,16.222994,13.407525,18.468283,17.11199,22.301332,25.147808,28.511444,29.488312,27.292591,23.860405,21.754591,20.566734,16.622734
19,27.691095,24.057156,23.430082,20.296812,17.145344,19.727814,14.657254,20.38695,18.286478,21.422297,22.354876,23.234386,21.606516,19.59107,14.814626,12.342342,9.568112,6.4349756,6.336827,0.0,4.664936,7.283414,10.629942,5.178729,5.0179024,5.378511,5.8956428,9.233692,10.450123,14.6335945,14.761389,20.274555,23.00305,24.927929,20.57345,18.524591,22.55107,23.598299,19.02667,18.47031,23.72085,21.189533,17.707598,21.384659,24.663935,20.7905,18.41701,24.42755,26.35836,28.925611,25.913832,23.506973,28.734446,29.218933,25.685179,22.531157,21.275265,19.705706,24.896116,26.975092,21.846525,22.642138,26.385765,28.994326,25.795403,22.935127,26.148432,25.32329,20.110481,21.73161,23.46798,21.549698,17.041399,18.835642,16.867064,17.37726,14.453627,14.828055,12.092493,14.101307,12.330508,14.965114,13.040236,11.558784,13.435402,8.398003,12.360703,9.191285,12.1122675,14.546737,16.265774,17.91096,19.133865,14.765174,12.036256,8.269134,11.289983,8.460401,13.321479,13.271547,18.262781,21.656317,24.59901,25.707365,23.617462,19.33615,18.080965,16.626358,13.612959
20,26.055243,22.547447,22.905695,19.781612,17.323448,20.753183,16.491999,22.547085,21.277674,24.312511,25.832163,26.527847,25.148272,22.696905,17.908348,15.97265,12.528013,10.374935,7.145895,4.664936,0.0,3.6286206,6.962357,4.6067643,5.495208,6.183028,9.7042265,12.562874,14.639835,18.458488,19.055761,24.672798,27.19928,29.433992,25.12527,22.80968,26.698374,27.932623,23.191072,22.35256,27.563398,24.930311,21.228539,24.567263,27.988125,23.578928,20.776403,26.909231,28.568064,31.591959,28.711359,25.216335,30.697195,31.668154,27.816147,24.52056,24.085026,22.165134,27.03277,29.881117,25.27281,25.48017,29.24154,32.145866,29.42149,26.529615,29.230469,28.460953,23.3494,24.163164,25.8036,24.201292,19.613173,20.206842,18.896193,18.095442,15.191162,16.346193,12.432976,15.772322,14.047069,16.386646,15.722065,14.875757,17.052416,11.977795,15.968118,11.595387,14.366444,15.660383,17.775557,18.776674,20.897861,17.111952,12.811224,10.743161,14.467817,12.675018,17.204147,17.780111,22.61302,26.12813,28.911171,30.114666,28.053616,23.503208,22.468096,20.632097,17.82643
21,28.191214,24.71574,25.575006,22.253134,19.988499,23.642101,19.604836,25.559507,24.373585,27.07689,28.574188,28.942755,27.272615,24.761639,19.368696,18.313213,14.482519,13.026845,8.94038,7.283414,3.6286206,0.0,6.1853356,4.957637,5.1002293,6.2774262,10.8361845,13.500161,16.386467,19.604517,21.352676,26.4044,29.489311,31.751942,27.671421,25.603735,29.650185,30.877876,26.290758,25.576807,30.85245,28.206066,24.64054,28.082994,31.472134,27.036535,24.385624,30.529638,32.151257,35.15451,32.124485,28.68062,34.036945,34.939243,30.913687,27.392702,27.12162,24.836334,29.592371,32.72376,27.958235,27.676191,31.317093,34.44327,31.748966,28.534582,30.816175,29.692976,24.826534,25.718227,26.71968,24.865612,20.676184,20.929304,20.441185,19.27364,16.867714,18.83141,15.102568,18.950127,17.537045,19.977764,19.304245,18.243338,20.052725,15.036883,18.13031,13.053366,14.991632,15.755271,17.465984,17.738253,20.13327,17.016562,11.888695,10.998251,14.925645,14.446659,18.69385,20.056656,24.940813,28.467646,31.249851,32.182148,29.807495,25.1522,23.948048,21.519901,18.849926
22,28.955994,25.942587,27.119118,24.577648,22.837307,26.538628,22.625765,28.78827,27.595505,30.961605,32.4462,33.36377,31.992302,29.634872,24.719826,22.744461,19.44304,16.904778,14.016573,10.629942,6.962357,6.1853356,0.0,6.82059,9.511166,11.977247,15.319961,18.748156,20.886755,24.63377,25.37706,30.65971,33.61765,35.328163,30.675917,28.761103,32.561916,33.077076,28.234951,27.86455,32.71828,29.007042,25.748728,29.387348,32.204163,26.687954,24.57015,30.932549,31.606998,34.88463,31.439869,27.307343,32.24188,33.40094,28.869802,25.067007,25.9083,22.995798,27.075666,31.226357,27.30864,26.053347,29.576336,33.041023,31.233637,28.148043,29.643772,28.945854,24.306286,23.778835,25.024096,24.119478,19.703442,18.35121,18.343864,15.726082,13.579996,16.358387,12.352826,17.37388,16.96652,19.746181,20.235224,19.004087,20.39157,15.877279,18.37677,12.747425,14.797432,14.126585,16.83515,17.167301,20.557741,17.77457,12.280048,12.962451,16.851202,16.52878,19.903517,22.03716,26.239725,30.054527,32.266357,33.553684,31.618673,26.417492,26.229647,23.888496,22.143917
23,30.4529,26.986488,27.080765,24.061684,21.348185,24.373837,19.562378,25.440874,23.42448,26.596764,27.466774,28.291792,26.449856,24.480007,19.156317,17.295324,14.277135,11.503448,10.156002,5.178729,4.6067643,4.957637,6.82059,0.0,3.536322,6.894215,8.761927,12.583652,14.544974,18.202353,19.316053,24.092087,27.589394,29.091352,24.649256,23.133537,27.205698,27.679987,23.160852,23.07624,28.117876,24.765171,21.705822,25.740246,28.5737,23.885567,22.096996,28.383621,29.666777,32.36588,28.791597,26.092438,30.92817,31.406715,27.270796,23.536152,23.122213,20.550829,25.34489,28.43479,23.473461,22.930565,26.51041,29.683624,27.007427,23.678963,25.8626,24.757645,19.880173,20.85304,21.872938,20.060438,15.751293,16.341534,15.664399,15.056258,12.768074,14.827132,12.095681,15.736797,15.036757,18.221899,17.070938,15.098151,16.08412,11.365181,13.425825,8.116817,10.161813,11.301838,13.206744,14.193587,16.374128,12.730165,8.252273,6.738111,10.678552,10.20871,14.050911,16.02735,20.621096,24.2886,26.837591,27.788042,25.516685,20.59273,19.836065,17.469528,15.383766
24,31.031387,27.378254,27.36989,23.942068,20.985392,23.918486,19.104036,24.716812,22.676762,25.332666,26.134083,26.542227,24.39903,22.384502,16.560326,15.544966,12.179803,10.333758,8.463876,5.0179024,5.495208,5.1002293,9.511166,3.536322,0.0,3.915748,6.376262,9.716716,12.429789,15.536808,17.70199,22.083921,25.872498,27.688711,23.708683,22.216217,26.462805,27.357252,23.11536,22.871819,28.124311,25.468046,22.326908,26.209126,29.325918,25.354517,23.335232,29.386818,31.182022,33.68314,30.354586,28.092533,33.0618,33.38019,29.545837,25.99101,25.012365,22.786442,27.798044,30.330465,24.934862,24.860056,28.391195,31.36461,28.213478,24.788898,27.291965,25.855099,21.037758,22.86238,23.534737,21.12859,17.256207,18.660145,17.978157,18.035955,15.86603,17.58355,15.101371,18.089705,16.915007,19.798397,17.997515,16.14365,17.255552,12.498718,14.568645,9.983127,11.432876,13.234884,14.244597,14.932113,16.418564,12.882446,8.879273,6.5032516,10.179626,10.042928,14.256523,15.837881,20.796713,24.203585,27.084064,27.711918,25.088541,20.587444,19.085638,16.520397,13.816089
25,29.160503,25.37076,25.263784,21.502993,18.426992,21.336416,16.804962,22.170366,20.476147,22.619225,23.700022,23.719124,21.620436,19.297173,13.405205,13.032671,9.117062,8.622702,5.3130927,5.378511,6.183028,6.2774262,11.977247,6.894215,3.915748,0.0,5.550125,7.2922816,10.645608,13.427728,15.948761,20.581186,23.88709,26.380888,22.844141,20.886957,25.111153,26.75466,22.631327,21.847015,27.293959,25.583149,22.078403,25.434242,29.038221,25.804108,23.1525,28.860884,31.230896,33.707787,30.945444,28.67162,34.01408,34.449238,31.01716,27.843712,26.43569,24.825243,30.026049,31.999418,26.53002,27.232508,30.839706,33.49331,30.000055,26.824461,29.880054,28.49425,23.567013,25.793318,26.71202,24.14306,20.30247,22.200756,21.039982,21.433447,18.940008,19.954641,17.1528,19.47598,17.533098,19.760515,17.663666,16.47795,18.268112,13.429801,16.539474,12.966551,14.703474,16.952868,17.774944,18.488811,19.497797,15.883935,12.540113,9.471161,12.508851,11.446658,16.157722,16.472692,21.714699,24.804754,28.025307,28.61356,25.953506,22.044632,19.939026,17.774755,14.245677
26,31.794643,27.995228,26.91474,23.404842,19.789953,21.6621,16.385363,21.124846,18.349993,20.63926,20.782042,21.127975,18.635124,17.118248,11.31004,10.231474,7.845082,6.2290087,7.9773192,5.8956428,9.7042265,10.8361845,15.319961,8.761927,6.376262,5.550125,0.0,4.3169065,6.161965,9.447127,11.615011,15.722373,19.659725,21.479094,17.862595,16.56681,20.938093,22.08537,18.351788,18.162607,23.430029,21.67924,18.74728,22.52057,25.683395,23.027588,21.183657,26.610704,29.051071,30.941486,27.92883,26.965122,31.76761,31.605303,28.508799,25.486944,23.314314,22.002138,27.318987,28.493137,22.551504,23.728224,27.173155,29.490658,25.554804,22.401701,25.879204,24.408615,19.545404,22.656954,23.56727,20.691261,17.16422,20.303442,18.586138,20.307608,18.007807,18.355663,16.945019,18.037992,16.425985,18.952091,15.757164,13.766457,14.736315,10.682225,12.728429,10.868491,12.304813,15.636496,15.953679,17.438951,17.33757,13.151925,12.092752,7.392055,8.888676,6.996626,11.61925,11.404894,16.659111,19.541573,22.867413,23.257744,20.513577,16.93858,14.530196,12.750608,8.926976
27,31.895462,28.014708,26.72916,22.924778,19.17954,20.680708,15.813863,19.74431,17.165388,18.499868,18.629902,18.300592,15.496459,13.865812,7.454275,8.1591015,5.715336,6.9177547,8.240008,9.233692,12.562874,13.500161,18.748156,12.583652,9.716716,7.2922816,4.3169065,0.0,4.4554114,6.1389937,9.976981,13.594369,17.339731,19.92646,17.245716,15.716072,20.025202,22.020344,18.823288,18.157091,23.454079,22.954311,19.913603,23.03791,26.571867,24.978104,22.718052,27.538958,30.591442,32.270004,29.840517,29.17774,34.144386,33.956566,31.338844,28.700758,26.075836,25.334568,30.701206,31.237926,25.219805,27.056387,30.417734,32.37568,28.080992,25.1639,29.02009,27.461243,22.775127,26.361216,27.219383,24.091139,20.937729,24.441902,22.591412,24.560717,22.187723,22.157087,20.640179,21.20355,19.067045,20.930166,17.37292,16.029688,17.383509,13.732726,16.139921,15.087547,16.355967,19.794836,19.749737,21.014233,20.434294,16.584072,15.893769,11.412426,12.269403,10.432733,14.663676,13.302045,18.438768,20.69033,24.324345,24.447617,21.57054,18.9798,15.799079,14.444804,9.988707
28,32.13966,28.35865,26.314808,22.917051,18.943172,19.549627,14.3322115,17.598034,14.227761,15.858328,15.299684,15.541835,12.787121,11.889033,6.963963,5.5385156,5.9041605,5.8565245,10.413149,10.450123,14.639835,16.386467,20.886755,14.544974,12.429789,10.645608,6.161965,4.4554114,0.0,4.820812,5.732645,10.127251,13.542344,15.793254,12.823011,11.360223,15.716543,17.583927,14.593442,14.113395,19.24864,19.029703,16.285112,19.395649,22.699705,21.766375,19.896793,24.260715,27.431026,28.71049,26.392488,26.540518,31.18462,30.717255,28.554329,26.312449,23.134085,22.991827,28.317223,28.094028,22.075935,24.655558,27.921719,29.429817,24.908257,22.41814,26.810652,25.569366,20.890232,24.736132,26.066029,23.140528,19.990368,24.082727,21.513264,24.210962,21.764677,20.87522,20.09121,19.510075,17.411211,19.090616,14.9084835,13.451449,14.563449,11.90089,14.21643,14.91216,16.452007,20.331264,20.420065,22.34708,21.352983,17.07578,17.616644,12.57481,12.506852,9.2469,13.01018,10.062689,14.942117,16.850557,20.598118,20.86328,18.319162,16.303324,13.116552,12.981143,8.531074
29,35.39254,31.575727,29.519308,25.899199,21.955996,22.2582,17.625765,19.84949,16.642813,16.991186,15.93301,15.223922,11.653375,11.33685,6.0590897,8.024879,8.667635,10.42043,13.641296,14.6335945,18.458488,19.604517,24.63377,18.202353,15.536808,13.427728,9.447127,6.1389937,4.820812,0.0,7.2130837,8.066018,12.550232,15.061814,13.747563,13.051625,17.061247,19.260685,17.388044,16.984453,21.650414,22.343464,20.04052,22.733606,25.933336,25.86345,24.133812,27.930037,31.389399,32.302742,30.219408,30.940897,35.387512,34.670208,32.7962,30.664448,27.212732,27.173452,32.40833,31.765707,25.562056,28.213287,31.201908,32.50028,27.684563,25.143028,29.466293,27.82031,23.64794,28.11574,28.855436,25.453352,23.078714,27.508257,25.306042,28.241762,26.079195,25.407187,24.817764,24.250998,22.187925,23.698477,19.394844,18.039803,18.815111,16.589163,18.04421,18.819908,19.629883,23.519049,22.909172,24.445843,22.813063,19.174793,20.206434,15.54137,14.878599,12.9639015,15.8592415,13.2364435,17.467789,18.60646,22.41803,22.019316,19.065891,18.11068,14.151101,13.896088,9.500214
30,32.513485,28.945375,25.979713,23.114697,19.095657,18.322647,13.454963,14.899243,10.757088,12.103217,10.436467,11.314637,8.877566,9.26583,8.076817,5.070156,8.855647,8.833795,14.456115,14.761389,19.055761,21.352676,25.37706,19.316053,17.70199,15.948761,11.615011,9.976981,5.732645,7.2130837,0.0,7.093603,8.276831,10.759604,8.050159,6.0138855,10.202638,12.753741,10.591617,9.838022,14.4900465,15.783174,13.462337,15.72229,18.899351,19.654062,18.020243,21.107307,24.747171,25.383034,23.76718,24.991549,29.256659,28.531654,27.314747,25.914942,22.002995,22.999453,28.067873,26.595049,20.939579,24.744041,27.777107,28.480005,23.72171,22.139439,27.208553,26.469912,22.040148,26.009003,27.940247,25.368467,22.377676,26.88906,23.560947,26.869791,24.319422,22.349028,22.1803,20.144495,17.897488,18.760534,14.07208,13.230913,14.316558,13.353991,15.757236,18.30472,20.104536,24.162554,24.40144,26.795792,25.454782,21.041952,22.457636,17.283796,16.586874,12.468194,15.15453,10.203563,13.741851,14.5659075,18.39059,18.852959,17.057379,16.501478,13.494222,15.1190195,11.391475
31,39.332886,35.756004,32.727184,29.790825,25.79551,24.735739,20.306238,20.73934,16.648464,16.68616,13.763019,13.780241,10.380333,12.516314,11.544793,11.472192,14.591705,15.157896,20.252161,20.274555,24.672798,26.4044,30.65971,24.092087,22.083921,20.581186,15.722373,13.594369,10.127251,8.066018,7.093603,0.0,6.9492316,7.4986525,8.104395,9.511681,12.33956,13.885197,14.1611805,14.619487,17.65591,19.430017,18.57282,20.749475,22.903652,24.615665,24.035234,26.393913,29.893993,29.712633,27.953938,30.572483,33.967823,32.52469,31.68557,30.344713,26.032389,26.970877,31.701935,29.50779,23.558264,27.252058,29.641317,29.926743,24.7578,23.128355,27.987062,26.695854,23.27835,28.261475,29.283335,26.139648,24.487062,29.679295,26.816366,30.79777,28.874334,27.228882,27.923468,25.877285,24.230497,25.402023,20.596489,19.140776,18.970871,18.892254,19.18904,22.257128,22.911694,27.084421,26.340536,28.528143,26.123997,22.491478,25.244932,20.4303,18.544785,16.028881,17.058744,12.942872,14.931338,14.318822,17.969685,17.19664,14.870142,16.296137,12.457174,14.482945,11.655033
32,36.831577,33.56222,29.85586,27.462368,23.720816,21.511766,18.161053,16.617205,12.829373,11.838611,8.056368,8.457904,6.5009975,9.801343,12.796262,11.760496,15.9399805,16.871546,22.011242,23.00305,27.19928,29.489311,33.61765,27.589394,25.872498,23.88709,19.659725,17.339731,13.542344,12.550232,8.276831,6.9492316,0.0,5.470672,7.782636,7.2550163,7.9454618,11.612462,12.728994,11.957489,13.970686,18.067131,17.057995,17.475706,19.917326,23.310173,22.17305,23.029636,27.161572,26.666176,26.246046,28.977472,32.442245,31.275072,31.36436,30.931833,26.385191,28.40613,32.914062,29.953104,24.917246,29.642624,32.089844,31.786602,26.823915,26.203285,31.564238,31.01168,27.383047,31.736277,33.68157,31.139576,28.88595,33.832645,30.264591,34.108074,31.708525,29.17864,29.552135,26.605059,24.402163,24.43923,19.814564,19.621555,20.323885,20.741306,22.483889,26.039295,27.541983,31.694933,31.605864,34.075626,32.108734,28.030977,30.256058,25.15192,23.836807,20.10613,21.654318,16.311363,17.74324,16.6474,20.033434,20.045263,18.978912,20.776356,17.753494,20.4504,17.539398
33,40.72362,37.51268,33.699963,31.581156,27.797752,25.631363,21.814518,20.681242,16.39641,16.411924,12.406512,13.657068,11.951869,15.098594,17.002935,15.375931,19.482409,19.34627,25.21407,24.927929,29.433992,31.751942,35.328163,29.091352,27.688711,26.380888,21.479094,19.92646,15.793254,15.061814,10.759604,7.4986525,5.470672,0.0,5.5651484,8.208466,8.072121,9.000279,11.81432,12.655815,13.28465,16.606009,17.02533,18.01622,19.106674,22.727812,22.927195,23.53882,27.028374,25.872765,24.912256,28.919071,31.394524,29.566374,29.922117,29.61989,24.79917,26.908745,30.96452,27.37681,22.409678,27.200903,29.131153,28.379045,23.336977,23.07299,28.36091,27.893177,24.946672,29.54605,31.331728,28.93265,27.338224,32.58645,28.99714,33.386303,31.42436,28.771706,30.137535,26.813541,25.355453,25.838514,21.126673,20.17012,19.728373,21.285574,21.563595,26.034716,27.083536,31.225359,30.89332,33.60782,31.210865,27.359,30.590181,25.678734,23.637981,20.240715,20.48444,15.326534,15.160182,13.040234,15.970757,15.636517,15.0476465,18.00653,15.47418,18.956459,17.194345
34,37.549835,34.324333,30.682964,28.67574,24.854235,23.140255,18.625336,18.712309,13.9934635,15.605612,12.28669,14.451936,12.930011,15.056633,15.85008,12.752126,16.687569,15.3931,21.757153,20.57345,25.12527,27.671421,30.675917,24.649256,23.708683,22.844141,17.862595,17.245716,12.823011,13.747563,8.050159,8.104395,7.782636,5.5651484,0.0,4.596307,6.267004,5.8822584,6.877183,8.511253,10.244951,11.862981,12.083904,14.155779,15.303157,17.75848,18.179249,19.69813,22.809055,22.10103,20.401964,24.0377,26.703636,25.001001,24.834795,24.247793,19.52576,21.47108,25.720171,22.596792,17.372744,22.1492,24.408392,24.014444,19.04302,18.606564,24.064297,23.864265,20.378096,24.577566,26.792244,24.722052,22.564354,27.59639,23.769682,28.06264,26.015488,23.228622,24.720837,21.326715,20.091719,20.908787,16.17971,14.81548,14.167589,15.992092,16.337107,21.05237,22.429146,26.495504,26.588364,29.547724,27.582605,23.35805,26.388397,21.459063,19.61897,15.615692,15.925332,10.319148,10.336408,9.055979,12.443762,12.959397,12.486243,14.081912,12.146502,15.756141,14.045436
35,33.114044,29.91543,26.189268,24.21182,20.43917,18.560698,14.213916,14.1385565,9.405025,11.3631315,8.580059,11.1788025,10.356801,11.808617,13.422398,9.522728,13.749265,12.729378,18.861504,18.524591,22.80968,25.603735,28.761103,23.133537,22.216217,20.886957,16.56681,15.716072,11.360223,13.051625,6.0138855,9.511681,7.2550163,8.208466,4.596307,0.0,4.411005,7.214345,5.869067,5.207598,8.7104225,11.328036,9.906335,11.274324,13.803335,16.201597,15.309383,16.937834,20.66238,20.562681,19.516014,21.957338,25.529135,24.516315,24.264585,23.781754,19.337435,21.474941,26.013264,23.374266,18.501446,23.372873,26.104824,26.001951,21.358128,20.907024,26.408804,26.414429,22.293413,25.87591,28.550617,26.659813,23.69921,28.25421,24.231932,27.936068,25.377108,22.393122,22.981327,19.580645,17.588728,17.779327,13.0799265,12.715725,13.453882,14.438625,16.645529,20.673697,22.762276,26.752113,27.34662,30.231539,28.854177,24.28952,26.289963,21.16533,20.159262,15.427327,17.057096,11.118474,12.591031,12.421572,15.807156,16.891346,16.400606,16.826944,14.893724,17.838587,15.220452
36,34.24314,31.348421,27.147957,25.739977,22.265806,19.586767,16.167196,14.571789,10.238176,11.624305,8.231768,11.44731,11.779844,13.803962,16.963896,13.283803,17.628399,16.758516,22.716276,22.55107,26.698374,29.650185,32.561916,27.205698,26.462805,25.111153,20.938093,20.025202,15.716543,17.061247,10.202638,12.33956,7.9454618,8.072121,6.267004,4.411005,0.0,5.445573,6.549949,5.723285,6.030435,11.049236,10.616043,10.255156,12.07114,16.359093,15.842249,15.719901,19.629656,18.793127,18.717,22.016575,24.993603,23.835655,24.536375,24.85852,20.207026,23.133785,27.129683,23.608168,19.62208,25.069708,27.474932,26.726496,22.290491,22.682236,28.287216,28.701578,24.94864,28.281305,31.274094,29.72512,26.917833,31.432777,27.145504,30.961239,28.416447,24.951164,25.803259,21.756487,19.85034,19.382008,15.09337,15.337546,15.991659,17.794838,19.912199,24.41413,26.575647,30.488375,31.188429,34.218994,32.77491,28.23919,30.445168,25.371038,24.266747,19.48143,20.669239,14.674757,14.908162,13.867518,16.6184,17.907745,18.268536,19.552044,18.081327,21.498432,19.29495
