,0,1,2,3,4,5,6,7,8,9,10,11,12,13,14,15,16,17,18,19,20,21,22,23,24,25,26,27,28,29,30,31,32,33,34,35,36,37,38,39,40,41,42,43,44,45,46,47,48,49,50,51,52,53,54,55,56,57,58,59,60,61,62,63,64,65,66,67,68,69,70,71,72,73,74,75,76,77,78,79,80,81,82,83,84,85,86,87,88,89,90,91,92,93,94,95,96,97,98,99,100,101,102,103,104,105,106,107,108,109
0,0.0,4.651098,6.896054,9.022185,12.273686,13.772552,16.62755,19.823551,21.741734,26.143768,26.787672,29.894697,29.443806,27.366032,24.092987,21.169796,16.213264,15.222271,10.617929,8.842168,6.45555,6.1372395,8.175564,7.8108478,11.671201,13.329116,13.5233755,11.990805,12.448461,11.672187,14.779709,13.614328,20.953352,19.427067,24.109985,26.568666,29.605017,30.881048,28.666374,25.245718,26.802198,20.786905,21.317194,19.920498,19.940144,20.263226,20.242374,24.096466,26.430777,29.33708,31.646202,33.48314,33.223248,36.70557,32.041546,32.091797,27.796356,25.95283,29.214666,26.159922,23.48871,26.91551,28.725266,27.739151,32.69507,29.268467,33.527374,32.888634,35.32188,31.09042,27.821943,31.328669,28.044706,32.450394,30.428493,34.135025,35.326744,35.451256,38.37083,37.81511,35.867397,31.485567,29.143412,27.245964,23.42334,21.922245,19.286154,15.353551,15.900213,14.592955,15.988622,14.280532,18.559593,18.533438,20.345945,18.974018,19.29866,17.758814,20.01303,21.74422,24.170502,27.36673,29.106508,31.284086,29.767603,33.31166,29.492304,33.944668,32.315804,36.58706
1,4.651098,0.0,5.3063264,6.5670304,9.3798275,12.10924,14.862467,18.47067,20.723482,25.113758,26.335712,29.666178,29.16443,27.752682,23.556204,21.142189,16.110128,14.650172,11.328075,7.9763346,7.7606125,5.543941,10.215537,8.533649,14.11938,15.034274,13.2422,12.402145,11.549699,13.010092,14.475624,15.212913,21.887924,21.642355,25.787737,28.756924,31.304476,32.085003,29.47321,25.894346,26.678164,21.005808,20.648159,19.914911,18.748707,19.745918,19.255224,23.409088,25.250437,27.803354,29.952059,31.330536,30.978529,34.1351,29.53387,29.466137,25.640356,23.508856,26.850584,24.479475,21.695745,25.90889,27.619629,27.296696,31.93794,29.167053,33.55964,32.724697,35.61919,31.731054,28.395565,31.495312,27.832394,32.03099,30.086193,33.49665,34.730892,35.15652,37.953247,37.783447,35.39042,30.984358,28.258743,25.810423,22.202608,19.84656,18.00918,13.1448,14.171451,12.547223,14.807052,13.650746,17.358145,16.577274,17.779238,15.829321,15.969917,13.838258,16.718153,17.903725,21.111786,23.859512,25.438877,28.077915,26.79621,30.780218,27.43808,32.072792,30.99863,35.407757
2,6.896054,5.3063264,0.0,4.6958404,7.0390544,7.92513,11.454025,14.077855,17.148434,21.039253,22.631784,25.756592,24.81008,23.491957,18.741518,17.281418,11.846726,11.589811,7.712207,7.4664454,8.360891,9.440231,13.596714,13.333556,18.179848,18.67475,17.432096,15.401727,13.56267,14.380456,13.932442,13.394786,19.383167,19.270939,22.91576,26.139332,28.929987,29.58648,27.528076,24.443943,25.93402,20.611904,21.060526,21.641226,20.48053,22.733759,23.113424,27.136164,29.252611,31.575209,33.38573,34.398457,33.423477,36.261017,31.208641,31.63842,28.074514,26.34621,30.247005,28.038485,24.859295,28.749699,29.782248,29.301413,33.35336,30.246386,34.39852,32.946625,35.924965,32.297005,28.423298,30.89402,26.892965,30.6544,27.981802,31.09467,31.868681,32.05158,35.070644,35.003357,32.87024,28.666988,25.767654,23.148066,20.057102,17.53599,16.876366,13.094464,15.540528,15.270293,18.22972,17.917906,21.909403,21.362925,22.270899,19.66389,19.0341,15.854951,17.908699,18.431389,20.962257,23.266098,24.077843,26.75278,25.815323,28.963263,26.187622,30.511953,29.22603,33.65577
3,9.022185,6.5670304,4.6958404,0.0,3.2968307,6.0565886,8.316494,12.286213,14.284646,18.703304,20.074558,23.493538,23.079662,22.096027,17.794762,15.256392,10.562877,8.657948,7.3237796,4.162843,7.1883764,8.360338,12.994439,13.416296,18.43069,17.516783,15.4263525,13.055486,10.061402,12.139418,10.161557,11.748394,16.999731,18.200167,21.401478,24.92345,26.949537,27.198742,24.562037,21.220957,22.003782,16.947403,16.852383,18.045061,16.334393,19.375206,20.160107,24.065132,26.200075,28.210737,29.719654,30.462742,29.173357,31.893194,26.708508,27.316538,23.865377,22.372362,26.587362,24.543058,21.134544,24.956676,25.643244,25.381376,29.094639,26.269411,30.423288,28.851158,32.06698,28.699375,24.828484,27.066984,22.939678,26.680544,24.331553,27.442335,28.506285,28.992298,31.78875,31.847858,29.347319,25.038336,22.079828,19.407888,16.07734,13.493701,12.530436,8.431807,11.2540455,11.592995,15.088882,15.777701,19.662603,19.422794,19.990976,16.845177,15.603402,12.3084955,13.555738,14.38943,16.403887,19.059849,20.376036,22.613878,21.417046,24.781979,21.719475,26.173773,25.05666,29.516092
4,12.273686,9.3798275,7.0390544,3.2968307,0.0,4.6881366,6.176386,10.303193,12.504244,16.676857,18.542946,22.01678,21.54308,21.17023,16.303383,14.361573,10.141628,8.153456,8.785847,6.3734474,10.089322,11.172637,15.932844,16.292316,21.466776,20.15456,17.520376,15.2202,11.483007,14.31831,10.707955,13.198627,17.136288,19.322702,21.799982,25.616592,27.239985,27.065207,24.355188,21.183125,21.587416,17.214535,16.796743,18.98539,16.609495,20.5006,21.414598,25.229269,27.166069,28.798622,29.991982,30.26852,28.6162,30.929972,25.643057,26.444225,23.507387,22.1434,26.579515,25.057146,21.514399,25.454884,25.7168,25.805744,28.932968,26.472012,30.498236,28.57717,32.06919,29.118935,25.11744,26.752708,22.343525,25.653276,23.17177,25.88854,26.837664,27.48787,30.20148,30.576975,27.849556,23.666588,20.415676,17.29555,14.437908,11.081311,11.5210085,7.6981835,11.478959,12.40753,16.383371,17.71601,21.213682,20.798702,20.889675,17.257534,15.4853735,11.495583,12.276137,12.33069,14.250752,16.368727,17.292345,19.723146,18.808632,22.088392,19.610085,24.011082,23.236385,27.73962
5,13.772552,12.10924,7.92513,6.0565886,4.6881366,0.0,3.9964364,6.3654413,9.597122,13.271065,15.316186,18.521961,17.599262,17.07486,11.887299,10.701774,6.0007143,5.9615226,6.5402203,8.15396,11.315648,14.156656,18.118,19.248505,23.771996,22.55786,20.911036,17.854208,14.350431,15.692419,11.441821,11.806827,14.820593,16.8511,18.823364,22.728724,24.682217,24.537348,22.555187,20.00655,21.453081,17.410025,18.186035,20.997093,19.299007,23.5183,25.068382,28.683249,30.975338,32.6492,33.724586,33.996624,32.01801,34.235302,28.708168,29.89386,26.955502,25.996126,30.62841,28.88679,25.2314,28.5572,28.416576,28.070314,30.848454,27.850601,31.546793,29.217497,32.51998,29.686968,25.315342,26.51812,22.039679,24.953201,21.70821,24.236017,24.677359,24.930399,27.938074,28.240955,25.988121,22.047775,18.824179,15.848585,13.551331,10.719881,12.058457,10.455411,14.495595,16.185131,19.944242,21.287884,25.189426,25.10889,25.393822,21.825253,19.961306,16.014164,16.067099,15.979003,16.718037,18.557642,18.79288,20.831114,20.146753,22.182144,20.067038,23.925966,22.630556,27.022688
6,16.62755,14.862467,11.454025,8.316494,6.176386,3.9964364,0.0,5.100145,6.373673,10.573094,12.438984,15.900957,15.528911,15.501682,11.084975,8.834881,6.2246923,4.54261,8.652519,9.233871,12.867728,15.798007,19.523502,21.140442,25.472792,23.385487,21.449158,18.158564,14.089537,15.874821,10.060431,11.874508,13.068078,16.531994,17.64424,21.772457,22.919779,22.274525,19.942688,17.462019,18.411905,15.17474,15.773965,19.571484,17.576918,22.580406,24.628378,27.92062,30.23888,31.562601,32.263073,32.21495,29.810644,31.767424,26.105968,27.62907,24.978857,24.45478,29.321154,27.783964,24.008535,26.943636,26.256151,26.03144,28.165747,25.379229,28.85001,26.209675,29.690174,27.28761,22.853376,23.479788,18.834845,21.407423,18.202662,20.547365,21.111176,21.610138,24.447035,24.927591,22.384302,18.445269,15.073508,11.933093,9.752958,6.7979608,9.0118,8.877062,13.22,15.765938,19.633556,21.740435,25.429575,25.652012,25.677053,21.833597,19.47539,15.638364,14.46533,14.429764,13.873661,15.794608,16.234291,17.52675,16.693922,18.364048,16.194208,19.947449,18.69673,23.100368
7,19.823551,18.47067,14.077855,12.286213,10.303193,6.3654413,5.100145,0.0,5.5693226,7.3306723,10.380604,13.203421,11.814874,12.330762,6.2964334,7.3233786,5.7710457,7.532728,10.583326,13.560232,16.669056,20.140558,23.648752,25.345573,29.490395,27.746567,26.278202,22.797058,18.971325,19.983881,14.28802,14.2371645,13.939429,17.19206,17.30192,21.434486,22.816778,22.02353,20.709772,19.203218,20.991276,18.521929,19.880592,24.034472,22.355322,27.459536,29.67478,32.909996,35.303963,36.59044,37.189434,36.993958,34.3614,36.0371,30.339935,32.083347,29.713799,29.348473,34.260906,32.816856,29.025297,31.743044,30.777565,30.405252,32.098137,29.130806,32.211494,29.179691,32.5012,30.408535,25.770212,25.73587,21.133303,22.883745,18.873837,20.501936,20.221935,20.279943,23.37804,24.031618,22.028067,18.724392,15.364859,12.257095,11.720653,9.325541,12.949153,13.926196,18.227049,20.851852,24.66454,26.63845,30.452108,30.610577,30.640594,26.770262,24.404285,20.318836,19.190231,18.5577,17.71395,18.715729,18.003698,19.280943,19.092686,19.350698,18.38002,21.250275,19.82059,23.897324
8,21.741734,20.723482,17.148434,14.284646,12.504244,9.597122,6.373673,5.5693226,0.0,5.144607,6.1035542,9.645732,9.874953,10.300069,8.1939,4.667994,7.154956,6.7374067,12.044943,14.057695,17.101004,20.935965,23.708687,26.238504,29.757812,27.032715,25.748823,21.856834,17.929052,18.692566,12.065583,12.897243,10.193078,15.054969,14.180299,18.416092,18.727877,17.436483,15.663834,14.32278,15.933865,14.493155,16.192266,21.09603,19.731411,25.270971,28.226892,30.921995,33.547974,34.597065,34.853573,34.585175,31.589867,33.224712,27.435596,29.57307,27.195377,27.47308,32.5175,30.914003,27.098661,28.917208,27.377914,26.782827,27.839785,24.778553,27.460878,24.163588,27.430908,25.72424,21.063251,20.474316,15.8979025,17.362823,13.307353,15.126016,15.177752,15.421927,18.41669,18.937283,16.72509,13.210111,9.936802,7.3954406,6.7850513,6.5672045,9.530736,12.817579,16.593441,20.034636,23.508192,26.109169,29.853777,30.641935,30.67115,26.813393,24.152962,20.74281,18.315163,18.46768,15.847529,17.581974,17.779293,17.45689,16.614779,16.112295,14.217438,16.724176,14.686953,18.694538
9,26.143768,25.113758,21.039253,18.703304,16.676857,13.271065,10.573094,7.3306723,5.144607,0.0,4.6195526,6.723917,5.9232416,8.379151,6.2367234,6.923448,10.464602,11.584682,16.082823,18.949926,21.918953,25.834509,28.677967,31.128595,34.68608,32.10397,30.877247,26.990913,23.063082,23.708101,17.159184,17.267612,13.395973,18.031586,15.921502,19.914383,19.972847,18.23443,17.512016,17.34198,19.188856,18.867832,20.726416,25.939985,24.543571,30.25154,33.25842,35.87627,38.435898,39.302147,39.35543,38.787086,35.51732,36.712265,31.00427,33.347347,31.459763,31.891891,36.955772,35.64485,31.837744,33.542637,31.676235,31.160599,31.571133,28.687437,30.884758,27.216295,30.36468,29.233402,24.597958,23.120941,18.790886,19.00543,14.435291,14.858103,13.782635,13.662583,16.726162,17.732597,16.025013,13.698044,10.653186,8.379286,10.293992,10.139267,14.268517,17.715538,21.580723,25.033546,28.58538,31.22621,34.909473,35.57217,35.45571,31.464436,28.688494,25.00921,22.554253,22.067026,19.257267,19.954695,19.095482,18.582891,18.471498,16.408476,16.207508,17.47646,15.615935,18.953138
10,26.787672,26.335712,22.631784,20.074558,18.542946,15.316186,12.438984,10.380604,6.1035542,4.6195526,0.0,3.6865263,5.4882865,6.4266925,8.938792,5.9966736,11.295715,11.815683,16.517683,19.348644,21.84307,26.198112,28.239073,31.356148,34.19377,31.16984,30.522459,26.284006,22.706299,22.574223,16.205605,15.87609,10.314245,15.396804,12.402251,16.222956,15.639973,13.679558,13.155294,13.590579,16.055422,16.390123,18.989964,24.203733,23.542465,29.097841,32.633472,34.85075,37.712788,38.612408,38.579983,38.230804,34.89014,36.296932,30.580193,33.10731,30.911804,31.748772,36.79564,35.07469,31.327961,32.22341,30.12057,29.13609,29.321981,26.015162,27.814758,24.07894,26.850548,25.833694,21.22083,19.494963,15.5514345,15.583936,10.728079,11.577325,10.604709,10.094911,13.428276,13.832088,12.547376,10.145609,7.939302,7.685299,9.161394,11.253976,13.53157,18.125319,21.33719,25.110964,28.190496,30.954922,34.759583,35.945465,36.053017,32.277653,29.528898,26.435703,23.467735,23.779348,20.170565,21.705875,21.710762,20.268011,19.496164,17.089035,15.669208,16.474865,13.607688,16.5792
11,29.894697,29.666178,25.756592,23.493538,22.01678,18.521961,15.900957,13.203421,9.645732,6.723917,3.6865263,0.0,3.753924,5.402522,10.094442,8.737671,14.100895,15.219935,19.42571,22.781813,25.061302,29.619566,31.445091,34.707714,37.315582,34.336063,33.977592,29.633255,26.217289,25.718548,19.613682,18.61657,12.48605,16.95573,13.065095,16.324036,15.481811,13.299619,13.965618,15.432997,18.285847,19.234287,22.131756,27.316355,26.919228,32.408165,36.091736,38.177265,41.11589,41.98108,41.860092,41.470818,38.0144,39.28723,33.641075,36.291206,34.210888,35.202625,40.236214,38.49598,34.780743,35.393467,33.116295,31.985981,31.828962,28.451805,29.818348,25.94936,28.385979,27.711723,23.225248,21.02184,17.596725,16.846685,11.898998,11.823656,9.893122,8.565687,12.021936,12.386752,12.144429,11.017443,9.79598,10.41676,12.526637,14.778797,17.072803,21.798735,24.924738,28.7295,31.7115,34.44746,38.308685,39.57476,39.71769,35.95756,33.19907,30.101227,27.087482,27.311724,23.554035,24.830463,24.53588,22.864874,22.29989,19.10674,18.261736,18.224161,15.240499,17.396803
12,29.443806,29.16443,24.81008,23.079662,21.54308,17.599262,15.528911,11.814874,9.874953,5.9232416,5.4882865,3.753924,0.0,4.453089,7.3117414,8.736754,13.255297,15.372949,18.876745,22.931187,25.24215,29.80471,31.958511,34.898754,37.7917,35.309772,34.916008,30.657393,27.210163,26.756655,20.819576,19.249296,14.163135,17.843628,14.47118,17.776777,17.898151,16.212946,17.155016,18.305222,21.33781,21.517279,24.344341,29.338017,28.753897,34.184937,37.568233,39.977776,42.849007,43.855465,43.913345,43.545185,40.21526,41.506077,35.80141,38.300995,36.20494,36.879623,41.941013,40.26405,36.485397,37.595272,35.584637,34.556812,34.77652,31.377378,33.042732,29.269073,31.80449,30.845083,26.248627,24.4297,20.788862,20.391455,15.4404955,15.400806,13.368521,12.074893,15.415904,15.945139,15.776152,14.592586,12.871489,12.447176,14.4733305,15.635611,18.63447,22.630573,26.162113,29.714588,32.93853,35.404083,39.384327,40.353672,40.505104,36.684647,34.017647,30.527096,28.026436,27.852758,24.778301,25.67525,24.81683,23.89273,23.717573,20.792141,20.529621,20.856636,18.286388,20.698772
13,27.366032,27.752682,23.491957,22.096027,21.17023,17.07486,15.501682,12.330762,10.300069,8.379151,6.4266925,5.402522,4.453089,0.0,7.9657035,7.1557927,11.713136,14.140168,16.779852,21.433771,23.117794,28.106651,29.631865,32.93899,35.251667,32.91519,33.217094,28.728199,25.799076,24.437115,19.290253,16.416746,11.338906,13.984092,10.541987,13.689268,14.584076,13.6171,15.114358,16.324993,20.33826,19.834854,23.351748,27.732403,27.854383,32.782066,36.30528,38.666073,41.80585,43.120995,43.413612,43.479385,40.39966,42.14433,36.382797,38.77346,36.117287,36.76059,41.75818,39.568504,35.83703,36.67545,34.925858,33.43494,34.174004,30.190987,31.922363,28.43728,30.59164,29.137957,24.523424,23.344685,20.00697,20.317528,15.412413,16.415861,14.853909,13.205914,16.748602,16.39171,16.737688,15.06503,13.858165,14.089748,14.840798,16.641861,18.204815,22.181883,25.351439,28.805918,31.682447,33.834145,38.09582,39.32956,39.826977,36.28998,33.869816,30.676662,28.351439,28.758595,25.841936,27.49089,27.22368,26.36878,25.72347,23.424376,22.010439,22.769642,19.621222,22.136765
14,24.092987,23.556204,18.741518,17.794762,16.303383,11.887299,11.084975,6.2964334,8.1939,6.2367234,8.938792,10.094442,7.3117414,7.9657035,0.0,7.3182874,8.446185,11.847512,13.991282,18.619492,21.025787,25.250984,28.072254,30.264385,33.77439,32.14574,31.481585,27.585371,24.146288,24.049622,18.642733,16.745285,14.626786,17.25036,15.996685,19.738878,21.332657,20.518507,20.643614,20.399963,23.29566,21.618261,23.983097,28.309109,27.316904,32.399345,35.053455,38.074078,40.748997,42.081852,42.590164,42.432884,39.57992,41.16858,35.409042,37.432274,35.062996,35.021893,40.00347,38.344208,34.535084,36.666317,35.39038,34.599564,35.886475,32.488213,35.02776,31.68572,34.578804,32.772316,28.025076,27.39764,23.183466,24.122522,19.43118,20.415644,19.186089,18.456305,21.814741,22.331694,21.381111,18.992332,16.273731,14.203695,14.868902,14.039612,17.424685,19.60452,23.637337,26.522709,30.07215,31.969625,36.04879,36.470524,36.68165,32.902546,30.546963,26.579033,25.19082,24.636417,23.129433,23.925703,22.772938,23.423708,23.44765,22.193794,21.773788,23.544847,21.542809,24.95474
15,21.169796,21.142189,17.281418,15.256392,14.361573,10.701774,8.834881,7.3233786,4.667994,6.923448,5.9966736,8.737671,8.736754,7.1557927,7.3182874,0.0,5.629461,7.0186224,10.694699,14.467919,16.571508,21.268696,23.224468,26.28659,29.0737,26.628773,26.384504,22.069168,18.859154,18.13291,12.556195,10.753332,7.44815,11.273898,10.199526,14.384679,15.520194,14.851738,14.079552,13.275417,16.506254,14.550696,17.504965,21.714537,21.400934,26.330318,29.54162,32.166,35.163784,36.569435,37.05516,37.237465,34.440376,36.45914,30.653852,32.753605,29.844128,30.159996,35.128464,32.937687,29.175055,30.552845,29.204771,27.972092,29.418644,25.592901,28.121645,24.983585,27.683859,25.598171,20.847584,20.662172,16.583057,18.311617,13.928384,16.223404,15.992505,15.457386,18.821274,18.636295,17.421635,14.095701,11.7816305,10.782159,9.699956,10.845989,11.771291,15.13606,18.427494,21.747358,24.784088,26.94179,31.131697,32.22791,32.69283,29.165789,26.818241,23.687483,21.569103,22.241196,19.816412,22.025583,22.401321,22.043287,21.005592,20.288317,17.862534,20.034096,17.227596,20.83279
16,16.213264,16.110128,11.846726,10.562877,10.141628,6.0007143,6.2246923,5.7710457,7.154956,10.464602,11.295715,14.100895,13.255297,11.713136,8.446185,5.629461,0.0,4.592365,5.7789335,10.55047,12.615019,17.123922,19.63902,22.060135,25.357414,23.754356,23.370712,19.401802,16.376898,15.851259,11.35366,9.029715,10.214301,12.007877,13.284649,17.194698,19.411476,19.44711,18.300756,16.513958,19.349382,15.744442,18.08215,21.25873,20.694763,25.016829,27.497688,30.65671,33.491013,35.241905,36.17281,36.628857,34.348633,36.674156,30.943045,32.557602,29.347673,29.000904,33.798595,31.534822,27.817326,30.059393,29.46756,28.410091,30.840616,27.080774,30.275372,27.660187,30.499205,27.74406,23.116888,23.999168,19.802546,22.42815,18.573683,21.220118,21.303026,20.991192,24.280386,24.145195,22.641537,18.94726,16.27632,14.352791,12.292202,11.576074,12.1715975,13.186444,16.734684,19.239456,22.458502,23.955893,28.289658,28.943731,29.559727,26.179401,24.227211,20.826435,19.869879,20.418987,19.56327,21.8271,22.18045,23.046543,22.105553,22.774353,20.26848,23.38024,21.122635,25.158684
17,15.222271,14.650172,11.589811,8.657948,8.153456,5.9615226,4.54261,7.532728,6.7374067,11.584682,11.815683,15.219935,15.372949,14.140168,11.847512,7.0186224,4.592365,0.0,6.115471,7.6050105,10.375702,14.5024605,17.101646,19.700323,23.109383,20.745054,19.822546,15.844659,12.360097,12.615933,7.0584054,7.451016,9.13496,12.170363,13.816951,17.792677,19.197083,19.009169,16.718779,14.063458,15.91718,11.950818,13.684174,17.008858,16.146755,20.719175,23.33149,26.378504,29.178669,30.801914,31.640938,32.07893,29.800009,32.224133,26.510925,28.096292,24.787947,24.534792,29.362812,27.096228,23.353096,25.540262,24.920677,24.008268,26.506853,22.969473,26.38865,23.942436,27.010098,24.202278,19.691904,20.858274,16.537539,19.684011,16.527914,19.616013,20.408026,20.604603,23.563576,23.442808,21.323864,17.159437,14.428384,12.484231,9.278644,8.718317,7.8219767,8.877288,12.289882,15.124582,18.36308,20.319443,24.474081,25.339901,25.850012,22.418846,20.3093,17.29846,15.822908,16.957323,15.735489,18.677221,19.895756,20.383411,18.941177,20.351986,16.983934,20.601816,18.499897,22.745
18,10.617929,11.328075,7.712207,7.3237796,8.785847,6.5402203,8.652519,10.583326,12.044943,16.082823,16.517683,19.42571,18.876745,16.779852,13.991282,10.694699,5.7789335,6.115471,0.0,6.655886,7.4532275,12.195004,14.395239,16.73089,19.863562,18.893188,18.980036,15.193716,13.089218,11.864767,9.904322,6.704655,12.056911,11.839181,15.215687,18.511942,21.337536,22.098936,20.509687,17.903418,20.550497,15.513256,17.560566,19.074995,18.985985,22.091188,24.065214,27.458511,30.337946,32.55278,33.968,34.993687,33.363403,36.236557,30.7321,31.860361,28.044794,27.253944,31.684587,28.943178,25.44781,27.957151,28.172613,26.930855,30.419054,26.481508,30.140844,28.26269,30.895613,27.401842,23.132545,25.248032,21.405848,24.989223,21.880049,25.19234,25.811737,25.619686,28.783154,28.321774,26.728254,22.653133,20.236866,18.50782,15.337545,14.516287,13.086713,12.147815,14.78166,16.308748,19.042835,19.69403,24.28234,24.942198,26.011555,23.182457,21.867981,19.022308,19.02063,20.256908,20.479017,23.41818,24.484825,25.775757,24.455286,26.306498,22.952711,26.691444,24.495594,28.658812
19,8.842168,7.9763346,7.4664454,4.162843,6.3734474,8.15396,9.233871,13.560232,14.057695,18.949926,19.348644,22.781813,22.931187,21.433771,18.619492,14.467919,10.55047,7.6050105,6.655886,0.0,4.104297,6.912439,10.317395,12.188814,16.246574,14.455238,13.056517,9.754591,6.920257,8.096205,6.7009964,8.5893545,14.381263,15.393317,18.93255,22.212915,24.06129,24.509033,21.63514,18.041716,18.931868,13.41415,13.689802,14.390299,13.480463,16.299952,17.770847,21.389437,23.99028,26.158484,27.673002,28.754368,27.461517,30.529055,25.282084,26.01776,22.048695,20.92836,25.195574,22.530083,19.0886,22.17613,22.840065,22.0906,26.049187,22.787188,26.934755,25.581223,28.543526,24.929945,21.15339,23.829634,20.02693,24.168365,22.1711,25.723862,27.093573,27.543789,30.252756,29.966204,27.587877,23.145834,20.633856,18.669415,14.712036,13.391703,10.499304,7.098189,8.86304,9.72458,12.662791,13.588175,17.928928,18.545654,19.485453,16.644323,15.409184,13.157651,13.407336,15.402091,16.277351,19.831318,21.899506,23.235332,21.48576,24.700123,20.700615,25.106485,23.533112,27.854956
20,6.45555,7.7606125,8.360891,7.1883764,10.089322,11.315648,12.867728,16.669056,17.101004,21.918953,21.84307,25.061302,25.24215,23.117794,21.025787,16.571508,12.615019,10.375702,7.4532275,4.104297,0.0,5.549773,7.077103,9.840887,12.876022,11.636672,11.770792,8.240801,7.6137657,6.140403,8.502635,8.111766,15.229194,14.640803,19.04104,21.728962,24.08957,25.11372,22.5011,18.911448,20.363228,14.341948,15.208375,14.424505,14.759323,16.131023,17.505892,21.005095,23.884815,26.504236,28.36535,30.015158,29.154776,32.617393,27.592949,28.13177,23.693748,22.531057,26.390009,23.104156,19.988285,22.629145,23.777681,22.498745,27.071342,23.349726,27.49201,26.61123,29.085669,24.99547,21.510906,24.883259,21.617786,26.085512,24.259417,28.129818,29.551031,29.77387,32.536026,31.877941,29.862032,25.430893,23.33881,21.898266,17.759172,17.144228,13.4648695,10.576482,10.968687,11.05945,12.749487,12.599464,17.36986,18.371979,19.94415,17.905619,17.338192,15.934642,16.54332,18.967222,19.893457,23.707186,25.958063,27.169968,25.252872,28.404812,24.010883,28.305914,26.38278,30.532505
21,6.1372395,5.543941,9.440231,8.360338,11.172637,14.156656,15.798007,20.140558,20.935965,25.834509,26.198112,29.619566,29.80471,28.106651,25.250984,21.268696,17.123922,14.5024605,12.195004,6.912439,5.549773,0.0,5.5442996,5.3846908,10.449318,9.882716,8.069789,6.920363,7.1397266,8.495639,11.698921,13.481207,20.219887,20.067408,24.401966,27.08539,29.144606,30.002905,26.913593,22.994152,23.331135,17.453772,16.809864,14.962567,14.413349,14.537217,14.343238,18.322498,20.566004,23.325525,25.55066,27.347385,27.159279,30.730854,26.24368,26.140522,21.757538,19.877106,23.127256,20.068178,17.358713,21.004726,22.949781,22.322025,27.350723,24.479094,28.92016,28.54911,31.204067,27.113249,24.205843,27.82848,24.654116,29.227976,27.981062,31.757019,33.443027,34.000137,36.548874,36.112152,33.660973,29.14397,26.867004,25.036066,20.872332,19.485617,15.968407,11.331989,10.666763,8.65964,9.927273,8.667873,13.016528,13.334837,15.021978,13.48517,13.733806,13.081813,15.02322,17.511663,19.792698,23.463453,26.012524,27.75076,25.85805,30.00179,25.717567,30.369999,29.0889,33.30459
22,8.175564,10.215537,13.596714,12.994439,15.932844,18.118,19.523502,23.648752,23.708687,28.677967,28.239073,31.445091,31.958511,29.631865,28.072254,23.224468,19.63902,17.101646,14.395239,10.317395,7.077103,5.5442996,0.0,5.1859174,6.091053,5.2168107,7.1475472,5.4693103,8.841978,6.862808,13.094353,13.524262,20.496664,19.169565,23.990002,25.917606,28.105354,29.480745,26.535954,22.6535,23.409777,17.311893,17.35687,13.919643,15.200381,13.598097,13.87142,17.134684,19.974592,23.193333,25.650454,28.155727,28.307259,32.32832,28.08721,27.970047,23.035955,21.556189,24.340588,20.36472,18.130632,20.47362,22.76196,21.296682,26.863688,23.39862,27.657854,27.88856,29.854593,25.303904,22.91691,27.273273,24.887146,29.767763,28.902843,33.051556,34.909595,35.272552,37.75664,36.851933,34.790157,30.32287,28.657488,27.605173,23.158943,22.878439,18.218653,14.815438,13.018367,11.286308,10.524787,8.277238,12.977103,14.566525,17.01527,16.567411,17.208294,17.675133,18.883432,22.041595,23.446257,27.64199,30.588343,31.686974,29.42741,33.259632,28.288477,32.695976,30.904934,34.814533
23,7.8108478,8.533649,13.333556,13.416296,16.292316,19.248505,21.140442,25.345573,26.238504,31.128595,31.356148,34.707714,34.898754,32.93899,30.264385,26.28659,22.060135,19.700323,16.73089,12.188814,9.840887,5.3846908,5.1859174,0.0,6.3236775,8.157276,7.4411345,8.655409,11.133539,11.4451275,16.446693,17.569462,24.64555,23.6289,28.385279,30.582888,32.868523,34.07501,31.039078,27.078547,27.38389,21.42612,20.676405,17.42884,17.544039,15.680047,14.3085785,18.056482,19.996326,23.21824,25.955952,28.3622,28.997503,32.87512,29.017872,28.41473,23.846258,21.656797,23.913956,20.529839,18.662624,22.15628,24.904863,24.167145,29.766273,27.0252,31.450485,31.732803,33.99759,29.615005,27.32195,31.490763,28.813969,33.58791,32.6854,36.623184,38.43446,38.952667,41.45661,40.837635,38.491096,33.97004,31.912174,30.279766,26.013494,24.800001,20.96297,16.366951,14.837346,11.923436,11.414259,8.097969,11.735052,11.936261,14.428561,14.500276,15.918608,16.444025,18.987013,21.609837,24.317144,28.00107,30.72222,32.5642,30.596483,35.02075,30.549896,35.216972,33.939545,38.03395
24,11.671201,14.11938,18.179848,18.43069,21.466776,23.771996,25.472792,29.490395,29.757812,34.68608,34.19377,37.315582,37.7917,35.251667,33.77439,29.0737,25.357414,23.109383,19.863562,16.246574,12.876022,10.449318,6.091053,6.3236775,0.0,5.733033,9.313819,10.1734915,14.34096,12.352959,19.06416,19.008957,26.01705,23.908426,28.980345,30.36617,32.768635,34.480038,31.677223,27.8668,28.58258,22.617659,22.519426,18.037733,19.755068,16.419336,15.517417,18.202633,20.626629,24.230143,27.14875,30.246653,31.221937,35.48467,31.912373,31.319365,26.314304,24.580381,26.324686,22.128973,20.835947,22.884212,25.9095,24.365978,30.351093,27.105566,31.214521,32.11801,33.620377,28.871647,27.205975,31.984386,30.121195,35.095512,34.54263,38.78683,40.731377,41.04713,43.482697,42.41123,40.47647,36.04883,34.57138,33.64932,29.167103,28.908325,24.160704,20.602814,18.351877,15.892551,13.957881,10.274533,13.572029,15.079441,18.101141,19.080029,20.644213,21.93509,23.733559,26.913395,28.789984,32.94406,36.004765,37.259594,34.96378,39.063587,33.986244,38.398903,36.640274,40.419556
25,13.329116,15.034274,18.67475,17.516783,20.15456,22.55786,23.385487,27.746567,27.032715,32.10397,31.16984,34.336063,35.309772,32.91519,32.14574,26.628773,23.754356,20.745054,18.893188,14.455238,11.636672,9.882716,5.2168107,8.157276,5.733033,0.0,6.015139,5.8664646,10.605879,8.617586,15.393885,16.625303,22.777214,21.569824,26.210266,27.690897,29.31446,30.733028,27.454565,23.468204,23.586256,17.899088,17.47936,12.505294,14.724984,11.107095,11.277028,13.631311,16.712353,20.172806,22.786993,25.856094,26.495726,30.836481,27.162495,26.81086,21.609861,20.386889,22.453657,17.894684,16.36841,17.666494,20.465096,18.696785,24.67548,21.406214,25.52101,26.537998,28.047413,23.36378,21.906422,26.757421,25.15641,30.163046,30.114412,34.396732,36.614937,37.117233,39.280403,38.186977,36.09731,31.708725,30.498611,29.93756,25.346283,25.671013,20.251005,17.356045,14.327346,12.381796,9.7639,7.136583,10.986003,13.732435,16.494802,17.001621,17.98389,19.745333,20.436552,24.167694,25.082762,29.623985,33.140984,33.690796,31.0902,35.06452,29.59138,33.84979,32.064056,35.63268
26,13.5233755,13.2422,17.432096,15.4263525,17.520376,20.911036,21.449158,26.278202,25.748823,30.877247,30.522459,33.977592,34.916008,33.217094,31.481585,26.384504,23.370712,19.822546,18.980036,13.056517,11.770792,8.069789,7.1475472,7.4411345,9.313819,6.015139,0.0,4.8456025,7.9141884,9.772172,14.397912,17.862446,23.607386,23.8453,27.995535,30.201565,31.350298,32.142902,28.336143,24.081467,23.082651,17.751314,15.829484,11.588174,11.644851,8.466919,7.035887,10.752062,13.074457,16.258404,18.86529,21.468435,22.158998,26.29934,22.723228,22.050009,17.14621,15.30326,17.46563,13.511803,11.724649,14.764507,17.750072,17.18532,22.910929,20.755213,25.207487,25.957607,28.236643,24.077785,22.465565,26.743788,24.564005,29.379564,29.489782,33.451412,35.77814,36.673267,38.685753,38.072647,35.38106,30.90967,29.22834,28.051266,23.604181,23.084476,18.226732,14.172013,10.822427,7.6390433,4.827845,1.2152895,6.009109,8.3921385,10.793619,10.997237,12.118629,14.39088,15.502435,19.165407,20.793514,25.074371,28.720575,29.585793,27.104525,31.757832,26.664831,31.222803,30.156279,33.91906
27,11.990805,12.402145,15.401727,13.055486,15.2202,17.854208,18.158564,22.797058,21.856834,26.990913,26.284006,29.633255,30.657393,28.728199,27.585371,22.069168,19.401802,15.844659,15.193716,9.754591,8.240801,6.920363,5.4693103,8.655409,10.1734915,5.8664646,4.8456025,0.0,4.755579,4.967515,10.1428585,13.19241,18.86249,19.0544,23.159544,25.372345,26.568747,27.427467,23.789055,19.603003,19.25151,13.514682,12.541651,8.821298,9.82154,8.497712,9.752097,12.936172,16.053827,18.919687,21.013004,23.301342,23.1267,27.14962,22.836721,22.870695,17.843388,16.730738,19.87279,15.834675,13.2435255,15.348042,17.376698,16.09449,21.555452,18.437958,22.846588,23.103643,25.357817,21.05828,18.829424,23.080576,20.749966,25.647516,25.400335,29.503658,31.709692,32.41149,34.556156,33.785313,31.343552,26.865852,25.3169,24.43331,19.877674,19.943586,14.639723,11.535019,8.534262,7.1449776,5.88024,5.7484345,10.466916,12.850152,14.788617,13.80314,13.810992,14.911498,14.986248,18.747047,19.336395,23.89834,27.395391,27.864021,25.300604,29.280895,23.964294,28.358795,26.785069,30.565073
28,12.448461,11.549699,13.56267,10.061402,11.483007,14.350431,14.089537,18.971325,17.929052,23.063082,22.706299,26.217289,27.210163,25.799076,24.146288,18.859154,16.376898,12.360097,13.089218,6.920257,7.6137657,7.1397266,8.841978,11.133539,14.34096,10.605879,7.9141884,4.755579,0.0,5.950139,6.778754,11.841785,16.666058,18.22108,21.649212,24.500515,25.349165,25.664474,21.829115,17.622225,16.849365,11.389091,9.809482,8.55829,7.495325,9.412615,11.14651,14.548565,17.299139,19.479557,21.032028,22.482878,21.551645,25.105614,20.242031,20.661123,16.094671,15.087014,19.113356,15.921322,12.570325,15.395007,16.52624,15.879463,20.465765,17.688335,22.146027,21.617231,24.527168,20.772429,17.885012,21.28896,18.194662,22.816555,22.267628,26.095829,28.220835,29.106302,31.24958,30.834385,28.066193,23.544523,21.575006,20.238342,15.795267,15.37934,10.452765,6.7942886,4.195682,4.270424,6.1286807,8.253619,12.297638,13.90638,14.929462,12.567839,11.479813,11.496683,10.879675,14.507507,14.832317,19.335312,22.726946,23.219027,20.75855,24.766129,19.736576,24.293983,22.993294,27.009848
29,11.672187,13.010092,14.380456,12.139418,14.31831,15.692419,15.874821,19.983881,18.692566,23.708101,22.574223,25.718548,26.756655,24.437115,24.049622,18.13291,15.851259,12.615933,11.864767,8.096205,6.140403,8.495639,6.862808,11.4451275,12.352959,8.617586,9.772172,4.967515,5.950139,0.0,7.2487426,8.505601,14.348264,14.0946,18.312044,20.467316,21.941082,23.011404,19.781828,15.818935,16.692488,10.534711,11.406416,9.090519,11.080366,11.592961,14.169447,16.834517,20.299212,22.929169,24.643364,26.66654,25.830263,29.638105,24.807846,25.45218,20.547913,20.02948,23.724127,19.75975,16.821646,18.069706,19.163183,17.224775,22.09829,18.007797,22.106356,21.77823,23.853167,19.472815,16.510311,20.614103,18.15906,23.036348,22.20125,26.446365,28.406002,28.782213,31.14459,30.143202,28.125431,23.700275,22.341818,21.844063,17.295506,18.090778,12.606326,11.12299,9.400748,10.039694,10.122201,10.707695,15.411268,17.701588,19.4642,17.893906,17.26345,17.28311,16.615013,20.09985,19.73613,24.317493,27.4449,27.579271,25.057186,28.133194,22.76497,26.835527,24.631939,28.375916
30,14.779709,14.475624,13.932442,10.161557,10.707955,11.441821,10.060431,14.28802,12.065583,17.159184,16.205605,19.613682,20.819576,19.290253,18.642733,12.556195,11.35366,7.0584054,9.904322,6.7009964,8.502635,11.698921,13.094353,16.446693,19.06416,15.393885,14.397912,10.1428585,6.778754,7.2487426,0.0,7.198337,10.126851,12.933555,15.460035,18.726677,19.331352,19.365084,15.772365,11.84285,12.255602,6.796488,7.688421,9.969345,9.702899,13.898164,17.04628,19.700293,22.779154,24.503168,25.409956,26.313313,24.352938,27.370403,21.867378,23.244692,19.20348,19.183584,23.817137,20.928255,17.299707,18.852339,18.509808,17.290459,20.527235,16.853987,20.725195,19.061604,22.036993,18.684753,14.676791,17.131414,13.408317,17.769268,16.298409,20.194834,22.032114,22.65891,25.03316,24.525888,22.049719,17.53034,15.597358,14.667862,10.139356,11.00202,5.552168,6.182568,6.8772264,10.106806,12.428793,14.886668,18.936434,20.617834,21.367828,18.431267,16.512117,15.141446,13.011731,15.877993,14.194448,18.553995,21.364182,21.080402,18.685488,21.18696,16.130388,20.192097,18.085388,22.145538
31,13.614328,15.212913,13.394786,11.748394,13.198627,11.806827,11.874508,14.2371645,12.897243,17.267612,15.87609,18.61657,19.249296,16.416746,16.745285,10.753332,9.029715,7.451016,6.704655,8.5893545,8.111766,13.481207,13.524262,17.569462,19.008957,16.625303,17.862446,13.19241,11.841785,8.505601,7.198337,0.0,7.570503,6.855285,10.939433,13.778922,16.136957,17.26857,15.3243065,12.463328,15.735298,10.436376,13.767135,14.878239,16.274889,19.070148,22.134287,24.754997,28.186655,30.410143,31.647352,32.99808,31.259132,34.432533,28.969078,30.352556,26.097946,26.00127,30.38988,27.007177,23.61874,24.722832,24.629593,22.606007,26.040285,21.409021,24.749744,23.096891,25.186691,21.455149,17.278975,19.895119,16.764868,20.791887,18.276918,22.241299,23.351015,23.09158,26.009333,24.935038,23.631264,19.491293,18.037508,17.705027,13.887055,15.236706,11.417913,12.491726,13.631396,15.901145,17.609293,18.716763,23.426739,25.156206,26.504421,24.0334,22.64441,20.944927,19.722612,22.085367,20.820787,24.688759,26.686806,26.692749,24.677057,26.137897,21.585453,24.96637,22.059406,25.799826
32,20.953352,21.887924,19.383167,16.999731,17.136288,14.820593,13.068078,13.939429,10.193078,13.395973,10.314245,12.48605,14.163135,11.338906,14.626786,7.44815,10.214301,9.13496,12.056911,14.381263,15.229194,20.219887,20.496664,24.64555,26.01705,22.777214,23.607386,18.86249,16.666058,14.348264,10.126851,7.570503,0.0,6.311258,5.7117224,9.5153475,10.111062,10.257026,8.586659,7.091311,11.7573185,9.335876,13.734697,17.046686,18.301474,22.403261,26.330412,28.281654,31.752977,33.343586,33.86672,34.622612,32.044388,34.62498,28.999012,31.097769,27.489391,28.261116,32.97269,29.993202,26.479654,26.597103,25.257853,23.158022,24.899975,20.228128,22.524256,19.860231,21.854664,19.235678,14.59021,15.344516,12.202994,15.056514,11.752606,15.533005,16.376526,15.833473,18.752344,17.474428,16.609976,12.874391,12.174988,13.222727,10.461014,13.822234,10.968676,15.186297,16.762377,20.22277,22.143091,24.304579,28.589247,30.566406,31.469162,28.536287,26.458067,24.575176,21.960503,23.99994,20.911516,24.41728,26.142664,24.892714,22.911278,22.641872,18.332706,20.486944,16.8516,20.00253
33,19.427067,21.642355,19.270939,18.200167,19.322702,16.8511,16.531994,17.19206,15.054969,18.031586,15.396804,16.95573,17.843628,13.984092,17.25036,11.273898,12.007877,12.170363,11.839181,15.393317,14.640803,20.067408,19.169565,23.6289,23.908426,21.569824,23.8453,19.0544,18.22108,14.0946,12.933555,6.855285,6.311258,0.0,5.3650327,7.1616917,10.638055,12.687651,12.575154,11.507938,16.639013,13.038058,17.659105,19.086763,21.374622,24.0724,27.719553,29.743073,33.458202,35.60728,36.619194,38.006832,35.985218,39.04966,33.57715,35.331142,31.155516,31.592638,35.9817,32.4003,29.124483,29.180649,28.565105,25.938017,28.638721,23.425768,25.792292,23.883892,25.112772,21.725128,17.604883,19.564415,17.355753,20.56226,17.626188,21.395983,22.002907,20.997675,23.989527,22.256433,22.186974,18.820951,18.428902,19.365067,16.46728,19.122948,15.851845,18.605522,19.681278,22.327377,23.631525,24.775255,29.45639,31.560057,33.020985,30.654362,29.166668,27.53021,25.785233,28.073498,25.894918,29.600733,31.320599,30.635798,28.66698,28.813263,24.421608,26.759546,23.0913,26.064854
34,24.109985,25.787737,22.91576,21.401478,21.799982,18.823364,17.64424,17.30192,14.180299,15.921502,12.402251,13.065095,14.47118,10.541987,15.996685,10.199526,13.284649,13.816951,15.215687,18.93255,19.04104,24.401966,23.990002,28.385279,28.980345,26.210266,27.995535,23.159544,21.649212,18.312044,15.460035,10.939433,5.7117224,5.3650327,0.0,4.245615,6.6035504,8.103,9.413857,10.161167,15.777319,14.158453,18.937353,21.622469,23.56447,27.091518,31.10931,32.87379,36.540977,38.296406,38.884956,39.84482,37.31045,39.93813,34.38926,36.54879,32.851704,33.71808,38.320545,35.077747,31.693245,31.375473,30.044277,27.516422,29.123697,24.079426,25.736853,23.167883,24.315735,21.838371,17.577593,18.076452,16.017366,18.038956,14.542445,17.74865,17.87412,16.461811,19.470995,17.56864,18.14809,15.4790745,15.678005,17.389694,15.5605345,18.962814,16.670696,20.734573,22.222334,25.467052,27.074934,28.821161,33.295887,35.42013,36.574097,33.84905,31.941578,30.052193,27.634521,29.595663,26.533867,29.844496,31.23242,29.915575,28.112661,27.117079,23.224165,24.655571,20.674868,23.089396
35,26.568666,28.756924,26.139332,24.92345,25.616592,22.728724,21.772457,21.434486,18.416092,19.914383,16.222956,16.324036,17.776777,13.689268,19.738878,14.384679,17.194698,17.792677,18.511942,22.212915,21.728962,27.08539,25.917606,30.582888,30.36617,27.690897,30.201565,25.372345,24.500515,20.467316,18.726677,13.778922,9.5153475,7.1616917,4.245615,0.0,5.232242,8.264225,10.818262,12.265113,18.024616,16.69545,21.66509,23.65649,26.264963,29.16845,33.315666,34.765,38.596603,40.469345,41.10534,42.32677,39.925636,42.711105,37.320732,39.46276,35.579136,36.580494,40.991505,37.445335,34.25502,33.39851,32.129578,29.205349,30.827688,25.502073,26.713114,24.484016,24.890928,22.382942,18.649546,19.359856,18.278666,20.14206,17.175112,20.28046,20.381395,18.707912,21.410677,19.019606,20.334883,18.202589,19.06047,21.243,19.44828,23.08776,20.363768,24.364468,25.391642,28.47242,29.608368,31.105162,35.59776,37.994747,39.37232,36.942146,35.21383,33.649364,31.25017,33.466305,30.336544,33.82574,35.37019,33.874065,31.951181,30.83148,26.750048,27.896933,23.733784,25.651825
36,29.605017,31.304476,28.929987,26.949537,27.239985,24.682217,22.919779,22.816778,18.727877,19.972847,15.639973,15.481811,17.898151,14.584076,21.332657,15.520194,19.411476,19.197083,21.337536,24.06129,24.08957,29.144606,28.105354,32.868523,32.768635,29.31446,31.350298,26.568747,25.349165,21.941082,19.331352,16.136957,10.111062,10.638055,6.6035504,5.232242,0.0,3.6221106,6.9460397,9.819157,15.202509,15.668324,20.459158,23.084152,25.60114,28.89125,33.40956,34.398823,38.170094,39.638874,39.858913,40.79316,38.06207,40.554745,35.319862,37.729195,34.197453,35.67584,40.076874,36.75227,33.629356,32.151314,30.289698,27.39731,28.06393,22.972162,23.47264,20.92526,21.098808,19.404095,15.879044,15.516384,15.140546,16.181614,13.738204,16.622688,16.97651,15.406041,17.566519,14.833562,16.406582,14.81347,16.588074,19.651976,18.283205,22.670794,19.881042,24.749775,25.519712,28.996693,30.050314,32.13688,36.27482,38.880127,40.009506,37.457447,35.451656,34.140236,31.048454,33.354465,29.400404,32.869064,34.636757,32.376568,30.303936,28.640608,24.47029,24.920723,20.588324,21.81644
