,0,1,2,3,4,5,6,7,8,9,10,11,12,13,14,15,16,17,18,19,20,21,22,23,24,25,26,27,28,29,30,31,32,33,34,35,36,37,38,39,40,41,42,43,44,45,46,47,48,49,50,51,52,53,54,55,56,57,58,59,60,61,62,63,64,65,66,67,68,69,70,71,72,73,74,75,76,77,78,79,80,81,82,83,84,85,86,87,88,89,90,91,92,93,94,95,96,97,98,99,100,101
0,0.0,4.7387457,6.5081534,9.18807,12.375082,13.373994,17.367062,20.910475,22.8801,26.22135,30.861223,34.043056,30.800547,29.48577,24.695139,23.719757,19.579279,19.600044,15.789823,14.956947,14.975503,9.340979,10.785371,13.112263,11.654696,14.565579,17.284655,19.582903,19.93547,24.269009,25.823355,29.191286,35.154156,35.931816,38.825855,41.834953,43.66302,41.961655,38.375313,34.442223,35.730156,30.805737,31.074638,25.754732,24.498476,21.326775,22.211971,16.527468,18.990267,21.42604,24.769094,23.47623,28.991493,30.188068,30.380817,33.61369,30.225847,32.302963,36.25531,32.030933,29.297585,27.280981,24.126894,22.912947,18.375153,20.186892,21.77097,27.202955,29.11224,31.586308,33.214935,36.61553,35.925446,39.572533,38.23585,42.028393,42.34887,41.27163,43.542988,42.55765,38.48957,35.19546,33.932457,30.140491,28.539436,22.253893,23.634106,19.074127,19.655537,18.412985,19.321476,19.14745,21.606531,23.680681,19.85664,21.58396,23.979528,24.171055,27.440521,27.269981,29.78648,30.927456
1,4.7387457,0.0,5.193612,6.296544,8.861575,11.514238,14.063641,18.764378,20.144678,24.149977,28.541603,31.984764,29.235445,28.048338,23.365355,21.819008,18.079731,17.192581,13.902149,12.237702,13.647252,8.990363,9.79896,10.359746,7.7461667,10.754074,12.741342,15.260614,16.003458,20.177895,22.276142,25.503075,31.68177,32.818348,35.384335,38.63729,40.2374,38.288315,34.860786,30.909302,31.835104,26.73579,27.24592,21.758524,20.049911,16.978153,17.526665,11.867847,14.282243,16.87904,20.193228,19.091385,24.381132,25.921276,26.07918,29.451555,26.393412,28.77318,32.94761,29.053038,26.260403,24.306261,20.787926,20.082458,15.075557,18.083416,18.918379,24.374199,25.580389,28.104082,29.326805,32.837585,32.03072,35.855194,34.647846,38.43269,39.04359,37.9879,40.596085,39.813927,35.844864,32.26362,31.2166,27.301632,25.438751,19.439144,20.218496,15.673086,15.686454,14.57902,15.369877,15.929497,18.050083,20.211555,16.939085,19.095785,21.49452,21.984964,25.358513,24.910366,28.1122,28.73071
2,6.5081534,5.193612,0.0,4.9549446,7.0517163,7.460314,11.538098,14.73684,17.038074,19.994986,25.152159,28.20888,24.93732,24.007261,19.026241,18.271976,14.440561,14.57959,11.792698,11.622417,13.698089,8.620758,11.998588,12.795607,11.304281,12.300362,14.92328,16.07241,15.381162,20.507385,20.82244,25.183514,30.37361,31.944534,34.349087,37.494854,39.612576,37.662018,34.474106,30.748796,31.107164,26.40742,26.03356,20.499262,20.232798,16.612158,18.410545,12.821416,15.948125,17.920103,20.5742,18.326406,24.362001,24.70365,25.296864,28.391619,24.60776,26.733704,30.409891,26.020847,23.489248,20.962528,17.87331,16.425295,12.190769,14.04413,16.136347,21.287415,23.423859,25.467447,27.35563,30.494291,29.889097,33.40936,32.157513,36.033752,36.392723,35.602192,37.911137,37.261063,33.573845,30.311884,29.671394,25.647007,24.646442,18.294333,20.287674,16.059605,17.15644,17.171196,18.733795,19.492046,20.53698,21.82582,18.41281,19.590815,21.284302,20.945953,23.937283,22.803259,25.724882,25.914473
3,9.18807,6.296544,4.9549446,0.0,3.692832,6.0460353,8.497116,13.091714,14.093251,18.533043,22.349878,25.881674,23.410637,22.010303,17.598007,15.615052,11.998187,10.903843,7.870091,6.7908587,9.650221,6.2171254,9.075536,8.752819,8.2783165,7.733775,11.347339,11.781251,11.05707,15.95174,16.666855,20.507765,26.081083,27.309177,29.889914,33.013027,34.97174,33.127163,29.767307,25.97152,26.781647,22.056152,21.975653,16.79697,16.347946,12.971507,15.202958,9.807508,13.892939,16.604916,18.818617,16.175993,21.686718,21.918734,21.763834,24.75756,21.202068,23.137926,27.18276,23.17177,20.301535,18.858019,15.716465,15.464058,11.787757,15.3511715,17.24864,21.99385,23.307259,24.780169,26.15305,28.903685,27.602758,31.062021,29.385435,33.060474,33.324528,32.140236,34.534863,33.64872,29.689032,26.237509,25.308384,21.339027,19.94852,13.676859,15.392781,11.119975,12.524514,12.927128,15.121313,15.746421,16.07271,17.010357,13.62451,14.761898,16.4864,16.425398,19.594,18.760876,22.02222,22.443308
4,12.375082,8.861575,7.0517163,3.692832,0.0,5.287596,5.214588,10.795326,11.463173,16.08967,20.046087,23.617828,21.436996,20.39755,16.06512,13.922001,11.048337,9.325264,7.9661255,6.8991723,11.445077,9.451873,11.994662,10.416362,9.455097,7.6857214,10.147117,9.73028,8.393664,13.750169,13.976218,18.383314,23.592606,25.52162,27.594917,30.937721,32.90467,30.771927,27.751318,24.089724,24.093233,19.382528,19.053694,13.536036,13.478424,9.8152275,12.529028,7.5558977,11.867712,14.187202,15.843863,12.699843,18.392527,18.321463,18.434044,21.468742,17.861967,20.083338,24.116438,20.209282,17.434622,15.663597,12.246634,12.296529,8.615892,13.054739,14.597187,19.013258,19.988268,21.261976,22.528297,25.233265,23.945421,27.477814,25.964533,29.714523,30.203184,29.220247,31.849192,31.29015,27.633286,24.044024,23.633615,19.494057,18.32467,12.410768,14.022991,10.260896,11.496676,12.771572,15.006268,16.441717,15.915065,16.440456,13.885519,14.899072,16.118631,15.942124,18.876219,17.30529,21.144533,20.671717
5,13.373994,11.514238,7.460314,6.0460353,5.287596,0.0,6.0992594,7.5813413,9.938112,12.962618,17.732737,20.784325,17.737257,16.681879,11.8709135,10.856599,7.300317,7.901088,6.8141117,8.571785,12.055969,9.550818,13.97033,13.781435,13.978167,11.945878,15.291938,14.078657,11.418645,17.054588,15.058911,20.372484,24.29807,26.18944,28.408009,31.36072,33.958927,32.107315,29.18849,25.831781,25.75566,21.772367,20.437424,15.499886,17.1872,13.455901,17.109001,12.657603,16.8846,18.686071,19.89709,15.939064,21.947554,20.507822,20.880463,23.343515,18.889303,20.37123,23.651398,19.012781,16.538881,14.410804,12.095443,11.02967,9.482738,11.606501,15.116835,18.911783,21.169735,21.730503,23.850512,25.910381,24.768837,27.725176,25.938917,29.672539,29.590935,28.758303,30.763357,30.092314,26.587973,23.597994,23.347889,19.306185,19.257164,12.9961195,16.30069,13.11554,15.615061,17.247292,19.899082,20.793034,19.99463,19.84627,16.783152,16.585985,17.102627,15.851947,18.227737,16.230291,19.161888,18.723972
6,17.367062,14.063641,11.538098,8.497116,5.214588,6.0992594,0.0,6.8902664,6.5786686,11.657934,15.249331,18.846792,17.166704,16.385155,12.54779,10.039096,8.618578,6.3194866,7.971822,8.128342,13.390067,13.065031,15.888684,13.814162,13.639913,10.294287,12.175401,9.691138,6.3048406,11.99598,9.887139,15.477311,19.438692,22.12645,23.678143,27.0492,29.327278,27.05784,24.479254,21.199554,20.279694,16.134441,14.867258,9.497398,11.504602,7.8044705,12.137635,9.18693,13.418336,15.03121,15.261597,10.725416,16.262194,14.594673,14.787946,17.369558,13.183254,15.218052,19.008944,15.017837,12.3317,10.5912695,7.4001546,8.369473,7.2215714,11.869622,13.813733,16.895971,17.707767,17.83007,19.167786,21.088285,19.460197,22.675806,20.932924,24.673025,25.057674,24.207813,26.837074,26.521954,23.226103,19.709024,19.97707,15.739991,15.419829,10.172921,12.500053,10.2458725,12.187427,14.777548,17.423643,19.15798,17.268108,16.645487,14.944398,14.961866,15.048745,14.239481,16.476625,13.81919,18.054234,16.462315
7,20.910475,18.764378,14.73684,13.091714,10.795326,7.5813413,6.8902664,0.0,4.753618,5.4460645,11.099017,13.699849,10.793002,10.566304,6.0906873,5.8846774,5.8457346,7.1342373,10.208468,12.728924,16.801344,16.281462,20.423126,19.406322,19.918184,16.58326,19.054972,16.205946,12.151727,17.256392,12.276585,18.74682,20.235117,23.233454,24.547224,27.358728,30.485256,28.504879,26.411356,23.818142,22.32085,19.56203,16.779636,12.890292,17.011467,13.73494,18.423988,15.981447,19.903591,20.815638,20.475454,15.3594265,20.778648,17.242363,18.005795,19.512508,14.354354,15.144872,17.330324,12.239658,10.4789,7.687866,7.307532,6.3764076,9.741819,10.813101,14.873532,16.38151,18.74264,17.551872,20.05072,20.777664,19.4683,21.626703,19.615805,23.271355,22.887306,22.498545,24.246391,24.063967,21.400797,18.897127,19.871418,15.977358,17.54377,12.836085,16.825167,15.550412,18.424398,21.235226,24.153027,25.5164,23.364445,22.066687,20.102476,18.887913,17.985106,15.86557,16.912067,13.23,16.196468,13.7227955
8,22.8801,20.144678,17.038074,14.093251,11.463173,9.938112,6.5786686,4.753618,0.0,6.951352,8.671652,12.373175,11.4639225,10.527808,8.155351,4.843144,6.6834335,5.182436,9.720838,11.543943,15.913435,17.009762,20.237745,18.424162,19.428812,15.227314,17.509634,13.752241,9.342778,13.561617,7.707341,14.192526,15.552869,18.60719,19.86481,22.79095,25.788042,23.793678,21.664757,19.128458,17.685808,15.132454,12.254438,9.144021,13.866236,11.295292,16.354347,15.028072,19.054749,20.291548,19.405735,14.143678,18.49087,14.607422,14.408004,15.583311,10.515094,10.930553,13.805931,9.255,6.6177893,6.47064,6.278111,8.251594,11.487288,14.337197,17.233051,18.452526,19.510323,17.82402,19.414188,19.630848,17.34058,19.41324,16.788427,20.20266,19.774418,18.838123,20.897518,20.509315,17.51547,14.557971,15.543044,11.5274315,13.085321,9.305292,13.046057,12.842586,15.813698,19.136524,22.263256,23.63066,20.694317,18.7963,17.542501,16.034506,14.635179,12.6538515,13.457677,9.4412565,13.378363,10.476765
9,26.22135,24.149977,19.994986,18.533043,16.08967,12.962618,11.657934,5.4460645,6.951352,0.0,8.111071,9.337502,6.2666993,7.6823936,5.160129,6.9720783,9.517872,11.064484,14.9237585,17.59347,21.488787,21.490185,25.635702,24.49175,25.118622,21.488304,23.5655,20.21958,15.944146,20.226887,13.897711,20.38479,19.731712,23.389254,23.932032,26.416403,29.938416,27.977453,26.633663,24.778095,22.302494,20.754208,17.04271,14.562603,19.779215,17.07958,21.846832,20.427837,23.970766,24.334406,23.204311,17.862963,22.496294,17.690186,18.79572,19.35931,14.080032,14.00114,14.562451,9.242566,8.989642,5.7937903,8.375058,7.5626035,13.237944,12.98671,16.977215,16.63733,19.142714,16.603943,19.424837,18.869373,17.6521,18.77916,16.681347,20.090096,19.303598,19.490488,20.746502,21.069235,19.43074,17.72795,19.703161,16.375624,19.112598,15.909251,19.935102,19.68557,22.58744,25.76524,28.716589,30.224253,27.55669,25.747395,24.317709,22.622467,21.027214,18.51092,18.54068,14.135121,16.428839,12.493048
10,30.861223,28.541603,25.152159,22.349878,20.046087,17.732737,15.249331,11.099017,8.671652,8.111071,0.0,4.381783,7.080513,6.1289215,9.023472,7.4428577,11.852273,11.960131,16.427593,18.853254,22.044699,24.121527,27.42419,25.863405,27.612654,23.023296,25.407578,21.088015,16.7543,19.12806,11.789035,16.739153,13.820376,16.931154,17.419096,19.175526,23.121506,21.757801,20.631136,19.59735,17.598711,17.75276,13.596636,14.27908,19.986748,18.571907,23.538563,23.295116,27.079914,28.013096,26.323685,20.983929,23.870682,18.451506,17.879276,17.072506,12.464209,10.015492,9.691289,5.6018863,5.621669,8.938822,12.23406,14.035259,19.198225,20.576948,23.825462,23.296324,24.428068,21.093355,22.703323,20.80434,17.993343,17.929869,14.229462,16.418873,14.348189,13.331862,13.836656,13.320186,11.430912,10.457419,12.844369,10.613816,14.637385,14.026156,17.874096,19.386248,22.683523,26.30607,29.647839,30.692286,27.023561,24.171783,23.480381,20.830507,18.187609,15.406423,13.978766,9.36293,10.932566,5.4727182
11,34.043056,31.984764,28.20888,25.881674,23.617828,20.784325,18.846792,13.699849,12.373175,9.337502,4.381783,0.0,5.496745,6.1394415,10.29427,10.644146,14.88374,15.849248,20.138475,22.873055,25.89475,27.619352,31.274698,29.967989,31.630732,27.179071,29.524647,25.291954,20.933321,23.400131,16.02748,20.847147,16.94577,20.128988,20.12255,21.359776,25.532675,24.335142,23.781275,23.257484,20.813974,21.578861,17.211226,18.117538,23.973097,22.503168,27.411077,27.165289,30.811798,31.421026,29.57887,24.213882,27.089869,21.290926,21.219639,20.054382,15.650414,13.07679,11.083267,7.709085,9.25474,11.141177,15.074799,16.110733,21.88676,22.208635,25.725655,24.43736,26.016754,22.209806,24.200245,21.676908,19.335693,18.404045,14.961608,16.668043,14.059517,13.820003,13.255416,13.247793,12.835209,13.179644,15.9691725,14.479631,18.753508,18.329416,22.246464,23.713926,27.014744,30.619333,33.93027,35.01629,31.399862,28.545801,27.796556,25.052124,22.346428,19.409153,17.667622,13.318603,13.698193,8.572499
12,30.800547,29.235445,24.93732,23.410637,21.436996,17.737257,17.166704,10.793002,11.4639225,6.2666993,7.080513,5.496745,0.0,3.9314084,6.2242184,9.033969,12.363649,14.67269,18.403053,21.634779,24.572445,25.184462,29.491718,28.773632,30.15477,26.224495,28.899292,25.208824,20.786156,24.439276,17.429613,23.173386,20.858444,23.881563,24.466887,26.040155,30.105978,28.769772,27.703035,26.51621,24.401834,24.055197,19.941011,19.137972,24.720917,22.439737,27.391392,26.130167,29.90338,30.451992,29.165308,23.767292,27.822187,22.470877,23.055746,22.741257,17.726532,16.210562,15.232019,10.570221,11.325757,10.711295,14.192304,13.769567,19.469574,18.63517,22.946629,22.029089,24.69108,21.486784,24.279472,22.631662,21.133015,20.970512,18.263712,20.737988,18.764572,18.875969,18.698824,18.675413,17.667112,17.421125,19.51556,17.23413,20.981726,18.767027,23.254606,23.660389,27.08845,30.381947,33.642788,34.697285,31.716587,29.383139,27.870922,25.388315,23.19458,20.122988,19.09681,14.875125,15.250366,11.300373
13,29.48577,28.048338,24.007261,22.010303,20.39755,16.681879,16.385155,10.566304,10.527808,7.6823936,6.1289215,6.1394415,3.9314084,0.0,5.393239,6.8246336,10.226509,12.575772,16.053932,19.455744,21.801352,22.98075,27.123499,26.591259,28.545937,24.426744,27.671831,23.880241,19.474089,22.931791,16.066475,21.34728,19.47597,21.599216,22.906698,24.255371,28.367258,27.39364,25.824377,24.47874,23.36905,22.937866,19.113455,18.611486,23.946392,21.763218,26.843079,25.353207,29.489822,30.56344,29.53044,24.138351,28.151508,23.116798,22.984922,22.72947,17.774189,15.91569,15.656785,11.139854,10.960164,11.906571,14.854205,15.012796,20.059076,20.034277,24.43337,24.293346,26.695288,23.808414,26.265787,24.85983,22.81115,22.89084,19.664562,21.984388,19.749046,19.04486,18.73083,17.844358,15.878582,15.609488,16.940794,14.777053,18.511023,16.213465,20.991966,21.488777,25.266117,28.494558,31.968248,32.603504,29.569992,27.069607,25.322454,22.497646,20.18165,16.925774,15.719827,11.885895,11.601885,8.550802
14,24.695139,23.365355,19.026241,17.598007,16.06512,11.8709135,12.54779,6.0906873,8.155351,5.160129,9.023472,10.29427,6.2242184,5.393239,0.0,4.99049,6.6260014,9.916648,12.865923,16.3731,19.131762,19.138334,23.687319,23.371355,24.773514,21.1992,24.423527,21.233337,16.957556,21.443342,15.379897,21.412859,21.297148,23.701748,25.224758,27.240137,30.97605,29.5806,27.629496,25.583124,24.465899,22.824903,19.440434,17.188917,21.96974,19.108036,24.032427,21.733292,25.854387,26.878435,26.363398,21.11105,26.046743,21.714462,22.118053,22.760384,17.499628,16.875134,17.743053,12.532312,11.589668,10.378776,12.1508665,11.261883,15.633886,15.254057,20.013674,20.641336,23.541927,21.503426,24.302448,23.954042,22.465248,23.516157,20.925505,23.998226,22.594528,22.134434,22.7168,22.141289,19.75899,18.439865,19.432762,16.318817,19.071709,15.110598,19.928745,19.32549,22.895533,25.801296,29.070107,29.881205,27.470331,25.619493,23.400398,21.221895,19.643547,16.703821,16.667295,12.970217,13.98315,11.665089
15,23.719757,21.819008,18.271976,15.615052,13.922001,10.856599,10.039096,5.8846774,4.843144,6.9720783,7.4428577,10.644146,9.033969,6.8246336,4.99049,0.0,4.4095387,5.78048,9.614188,12.74533,15.71149,16.97816,20.793856,19.908764,21.762585,17.607319,20.969227,17.339413,13.010969,16.99119,10.969572,16.647436,17.205544,19.204458,21.117266,23.30293,26.8012,25.449162,23.115273,20.830868,20.332912,18.492928,15.456644,13.564499,18.16678,15.69045,20.74524,18.83641,23.193243,24.711075,24.120426,18.910742,23.291948,19.243673,18.761965,19.437334,14.4182,13.648802,15.578041,10.816872,8.720783,9.605255,10.697871,11.515181,15.101029,16.687346,20.611494,21.770813,23.609503,21.689857,23.695045,23.442698,21.159794,22.52409,19.455887,22.42766,21.121109,19.933672,20.97227,19.95159,16.724977,14.698682,15.166318,11.727061,14.141996,10.240455,15.088966,14.925658,18.667269,21.77726,25.223124,25.900732,23.07702,20.922892,18.967434,16.612448,14.833162,11.977693,12.089364,8.299331,10.429223,8.418306
16,19.579279,18.079731,14.440561,11.998187,11.048337,7.300317,8.618578,5.8457346,6.6834335,9.517872,11.852273,14.88374,12.363649,10.226509,6.6260014,4.4095387,0.0,4.5182624,6.2691374,9.989442,12.534871,12.894409,17.16535,16.919373,18.803349,15.195097,19.19761,16.318607,12.431724,17.146297,12.678684,18.07143,20.24209,21.66,24.12136,26.430676,29.639889,28.321028,25.494934,22.687817,22.9336,20.220123,17.948648,14.945583,18.430548,15.449522,20.190786,17.15817,21.740892,23.618639,23.796206,18.956446,24.014095,20.946474,20.5417,21.905113,17.03613,16.991243,19.556364,14.818091,12.417071,12.300218,12.043789,12.08581,14.003433,15.626442,19.782433,22.008448,24.183554,23.162783,25.28554,25.875671,23.918642,25.8558,23.111814,26.31766,25.299873,24.065937,25.279278,24.104057,20.499908,18.198795,17.904213,14.288486,15.594794,10.110104,14.989317,13.546367,17.352749,19.90392,23.30248,23.68603,21.594532,20.051434,17.252657,15.299594,14.359686,11.826584,13.006305,10.482471,12.447758,12.143174
17,19.600044,17.192581,14.57959,10.903843,9.325264,7.901088,6.3194866,7.1342373,5.182436,11.064484,11.960131,15.849248,14.67269,12.575772,9.916648,5.78048,4.5182624,0.0,4.7625775,7.072087,10.818134,12.473086,15.581234,14.225836,16.159214,11.8630705,15.584235,12.200496,8.23024,12.651409,8.741296,13.851437,17.052591,18.49,20.96054,23.647757,26.425392,24.9002,21.888397,18.788902,19.22399,16.05395,14.325297,11.2180805,14.267576,11.626083,16.405807,13.95876,18.603222,20.780247,20.772017,16.081947,20.541334,17.898418,16.877348,18.44448,14.022963,14.316585,17.80517,13.752201,10.71208,11.626338,10.531546,12.016177,13.1517935,16.493137,19.54435,21.957283,23.080086,22.185673,23.571434,24.324448,21.890894,24.18379,21.362257,24.533543,23.894613,22.325289,24.146896,22.96748,19.034695,15.969843,15.452785,11.461618,11.8558655,6.073179,10.616609,9.424011,13.19576,16.095585,19.569733,20.158274,17.577269,15.843403,13.568494,11.848705,10.939813,9.015219,10.820177,8.3933,11.997055,11.547615
18,15.789823,13.902149,11.792698,7.870091,7.9661255,6.8141117,7.971822,10.208468,9.720838,14.9237585,16.427593,20.138475,18.403053,16.053932,12.865923,9.614188,6.2691374,4.7625775,0.0,4.0906806,6.6096535,7.8324804,11.179727,10.75797,13.286993,9.6848345,14.597295,12.375235,9.655469,14.063261,12.397846,16.275522,20.750103,21.233328,24.341448,26.895601,29.384565,28.104406,24.591263,21.117668,22.63483,18.932394,18.089193,14.596816,16.08572,13.301609,17.287582,13.615426,18.426966,21.1876,22.088604,18.099619,22.850481,21.307186,20.18589,22.19299,18.181046,18.757624,22.48225,18.514599,15.453985,15.982651,14.265355,15.069401,14.530816,17.845037,20.907553,24.285908,25.626719,25.51749,26.920773,28.2869,26.063637,28.662327,25.988132,29.18408,28.594576,26.872597,28.621355,27.137,22.843346,19.818167,18.472445,14.774914,14.151217,7.5923967,11.43193,8.642128,12.456175,14.3832245,17.853685,17.740097,16.122211,15.14069,11.635763,10.378663,10.713378,9.447707,12.198775,11.5209465,14.229849,15.376841
19,14.956947,12.237702,11.622417,6.7908587,6.8991723,8.571785,8.128342,12.728924,11.543943,17.59347,18.853254,22.873055,21.634779,19.455744,16.3731,12.74533,9.989442,7.072087,4.0906806,0.0,5.5334396,7.5147567,8.939593,7.166039,9.736238,5.692157,10.886585,9.076692,7.586671,11.453618,12.017788,14.824291,20.613815,20.981436,24.055614,26.915083,28.82813,27.360445,23.66918,19.861666,21.687365,17.344933,17.466303,13.651153,13.635555,11.176476,14.402804,10.700563,15.446381,18.666368,19.844408,16.541739,20.809958,20.304499,18.845987,21.264626,17.980833,19.105701,23.42266,20.032293,16.779139,17.447708,14.971721,16.3341,14.573682,18.975405,21.01648,24.795765,25.373251,25.7464,26.576822,28.3828,26.053656,29.06166,26.58992,29.783516,29.627825,27.780478,30.011597,28.610071,24.202478,20.690826,19.13972,15.423123,13.598468,7.358385,9.267754,5.362956,8.668922,10.307949,13.773918,13.736842,12.239177,11.783355,8.271576,8.304356,9.703792,9.845316,13.213738,13.099127,16.53261,17.619308
20,14.975503,13.647252,13.698089,9.650221,11.445077,12.055969,13.390067,16.801344,15.913435,21.488787,22.044699,25.89475,24.572445,21.801352,19.131762,15.71149,12.534871,10.818134,6.6096535,5.5334396,0.0,5.9913607,6.340403,7.0566716,11.456465,8.870145,14.58789,13.563993,12.783891,15.460866,16.35022,17.937122,23.7333,22.724422,26.609608,28.881577,30.759289,29.937862,25.78905,22.017212,25.21693,21.267761,21.655077,18.713488,18.456675,16.46107,19.20687,15.385794,19.856213,23.403572,24.958654,21.98822,26.00069,25.634544,23.789448,25.940619,22.820656,23.362078,27.500547,24.176582,20.928074,22.207804,20.175377,21.279652,19.630127,23.4142,25.89428,29.883972,30.777351,31.16682,32.095734,33.768665,31.287066,34.056667,31.255428,34.18977,33.600998,31.380898,33.121445,31.12689,26.305935,23.231968,20.769852,17.74798,15.749195,10.115532,11.959105,8.617247,11.795276,12.2250805,15.6120405,13.996186,13.331318,13.026306,8.34433,7.7170086,9.793819,10.130546,13.50555,15.037017,17.039825,19.794687
21,9.340979,8.990363,8.620758,6.2171254,9.451873,9.550818,13.065031,16.281462,17.009762,21.490185,24.121527,27.619352,25.184462,22.98075,19.138334,16.97816,12.894409,12.473086,7.8324804,7.5147567,5.9913607,0.0,5.442766,8.102372,10.380311,9.92875,15.084284,15.317448,14.6316,18.653069,19.330923,22.223055,27.873886,27.779892,31.228998,33.787003,35.83787,34.64636,30.776258,26.96684,29.182173,24.832636,24.891333,20.727974,20.414373,17.569971,19.9677,14.929736,19.101921,22.292015,24.527067,21.834322,26.87082,26.837536,25.953608,28.561188,24.9957,26.13851,30.106375,26.112452,23.081137,22.774342,20.330708,20.26801,17.622417,20.514734,23.15355,27.724073,29.313326,30.395803,31.832458,34.13065,32.3968,35.48274,33.217598,36.590134,36.267815,34.585995,36.437004,34.868347,30.403856,27.339605,25.510838,22.055437,20.548452,14.236426,16.391985,12.252529,14.553298,14.387193,16.991892,15.979869,16.68311,17.41049,12.92433,13.349113,15.380168,15.271747,18.474014,18.960238,21.027905,23.034052
22,10.785371,9.79896,11.998588,9.075536,11.994662,13.97033,15.888684,20.423126,20.237745,25.635702,27.42419,31.274698,29.491718,27.123499,23.687319,20.793856,17.16535,15.581234,11.179727,8.939593,6.340403,5.442766,0.0,4.701735,7.9672637,8.662151,13.498436,14.6459055,15.413521,18.038614,20.63202,22.010782,28.653671,27.94106,31.582178,34.1745,35.600266,34.49724,30.353462,26.350992,29.35051,24.724386,25.757092,21.904675,20.221375,18.140566,19.458757,14.855679,18.469458,22.200811,24.717247,22.911562,27.04066,28.001028,26.554644,29.314947,26.575356,27.886667,32.315887,28.951574,25.71,26.028427,23.221878,23.847593,20.569067,24.412497,26.12372,30.911343,31.679613,33.059032,33.860626,36.383587,34.369377,37.6789,35.40677,38.608368,38.51243,36.518364,38.654575,36.931328,32.20819,28.84685,26.544785,23.364536,20.841393,15.359464,15.855379,11.643591,12.786646,11.359947,13.514727,11.56645,13.281052,14.847618,10.385161,12.064212,15.0332575,16.1144,19.634975,20.983828,23.343485,25.73426
23,13.112263,10.359746,12.795607,8.752819,10.416362,13.781435,13.814162,19.406322,18.424162,24.49175,25.863405,29.967989,28.773632,26.591259,23.371355,19.908764,16.919373,14.225836,10.75797,7.166039,7.0566716,8.102372,4.701735,0.0,5.0374255,4.5308657,9.191173,10.32217,11.869194,13.81046,17.466702,18.33265,25.436192,25.07652,28.352055,31.252104,32.347424,30.94981,26.936657,22.847822,25.569489,20.690796,22.17927,18.332254,15.94033,14.295548,15.201698,11.2124,14.771206,18.706472,20.938478,19.374077,22.879227,24.228218,22.540758,25.413483,23.188307,24.790842,29.497147,26.61508,23.318735,23.874258,20.790771,22.076496,18.671179,23.440094,24.429764,28.999784,29.01433,30.345495,30.649965,33.192303,30.996586,34.449066,32.296486,35.43274,35.66079,33.658596,36.186504,34.689568,30.08262,26.360985,24.278992,20.985937,17.972923,13.038279,12.343741,8.034683,8.232203,6.7215376,9.238479,7.9326353,8.999328,10.835257,6.9975305,9.811702,12.939646,14.629595,18.276077,19.325663,22.545502,24.277437
24,11.654696,7.7461667,11.304281,8.2783165,9.455097,13.978167,13.639913,19.918184,19.428812,25.118622,27.612654,31.630732,30.15477,28.545937,24.773514,21.762585,18.803349,16.159214,13.286993,9.736238,11.456465,10.380311,7.9672637,5.0374255,0.0,5.120793,6.611576,9.801301,12.218592,14.543776,18.744196,20.179865,27.322569,27.909256,30.531193,33.84784,34.77822,32.877502,29.255127,25.1724,26.817694,21.518133,23.11752,18.354946,15.16581,13.267485,12.930459,8.347356,10.911341,14.757355,17.646957,17.027122,20.723394,23.01742,22.040741,25.39729,23.387337,25.741972,30.491255,27.575565,24.458002,23.963612,20.29725,21.225397,16.651577,21.586344,21.614054,26.5443,26.271296,28.348324,28.51906,31.735792,30.08378,33.958305,32.43566,35.839985,36.602516,35.03285,37.969925,36.981976,32.74556,28.791288,27.327911,23.711433,20.79383,15.919539,14.849363,10.512982,9.0791645,7.0361757,7.7747836,8.422496,10.523845,13.247949,10.772564,14.040053,16.901163,18.485971,22.06832,22.298002,26.073402,26.903158
25,14.565579,10.754074,12.300362,7.733775,7.6857214,11.945878,10.294287,16.58326,15.227314,21.488304,23.023296,27.179071,26.224495,24.426744,21.1992,17.607319,15.195097,11.8630705,9.6848345,5.692157,8.870145,9.92875,8.662151,4.5308657,5.120793,0.0,5.729682,6.02502,7.68633,10.139408,13.861149,15.349028,22.34213,22.919796,25.586649,28.851961,29.986721,28.15227,24.510798,20.462767,22.166618,17.060457,18.41834,14.091199,11.632868,9.778295,10.961958,7.1562862,11.22306,15.025004,16.800665,14.936089,18.475645,19.72654,18.221096,21.256128,19.053947,21.035189,25.81394,23.061197,19.836493,20.131172,16.81275,18.4505,15.091481,20.425396,20.995049,25.247654,24.876968,26.077648,26.206001,28.746658,26.576714,30.144249,28.198915,31.435928,31.951159,30.18494,33.021168,31.921436,27.642244,23.685513,22.228636,18.596836,15.731101,10.896392,9.905001,5.4818397,5.137026,5.356915,8.300206,9.035914,8.412827,9.683378,7.1857166,9.852479,12.267826,13.7607565,17.25881,17.342096,21.345482,22.03066
26,17.284655,12.741342,14.92328,11.347339,10.147117,15.291938,12.175401,19.054972,17.509634,23.5655,25.407578,29.524647,28.899292,27.671831,24.423527,20.969227,19.19761,15.584235,14.597295,10.886585,14.58789,15.084284,13.498436,9.191173,6.611576,5.729682,0.0,4.8205595,8.6982,9.680651,15.015988,15.988934,23.092688,24.545702,26.300667,30.009613,30.573982,28.17531,25.0596,21.136581,21.731833,16.232431,18.29622,13.574682,9.183006,8.197671,6.58711,4.2705755,6.3082504,10.351752,12.270654,11.988952,14.480938,17.367289,16.202272,19.725445,18.56804,21.396273,26.294039,24.17604,21.22222,20.963142,17.121893,19.04354,14.863594,20.808567,19.809603,23.949518,22.459833,24.252102,23.626999,26.748543,24.865332,28.878529,27.624166,30.893305,32.146515,30.710472,34.14018,33.598667,29.790276,25.533386,24.692675,21.069618,17.979134,14.506995,12.121243,9.068524,5.7745104,5.4882026,5.9264235,9.237044,8.811294,10.932087,10.843308,14.09144,16.206053,18.00684,21.221561,20.736046,25.356203,25.070509
27,19.582903,15.260614,16.07241,11.781251,9.73028,14.078657,9.691138,16.205946,13.752241,20.21958,21.088015,25.291954,25.208824,23.880241,21.233337,17.339413,16.318607,12.200496,12.375235,9.076692,13.563993,15.317448,14.6459055,10.32217,9.801301,6.02502,4.8205595,0.0,4.436589,5.2537284,10.261495,11.458939,18.347813,20.023342,21.693796,25.411648,26.243906,23.845728,20.777401,16.918587,17.304564,11.898152,13.649711,9.253513,5.6408405,4.798524,5.952177,5.5440307,8.944553,12.18746,12.610218,10.587531,12.9055805,14.296773,12.478292,15.690642,14.265676,16.774445,21.734262,19.808186,16.78023,17.334198,13.913667,16.616043,13.914071,19.97227,19.61707,22.965893,21.494038,22.274336,21.665174,23.991434,21.536182,25.214888,23.500807,26.628395,27.6363,26.028835,29.386627,28.78703,25.004425,20.73027,20.054771,16.394583,13.476469,10.475141,8.0359535,6.008871,3.8409445,6.749367,9.0074625,11.504898,8.844847,8.971102,9.426871,11.568174,12.820614,14.349116,17.23304,16.377726,21.237728,20.597982
28,19.93547,16.003458,15.381162,11.05707,8.393664,11.418645,6.3048406,12.151727,9.342778,15.944146,16.7543,20.933321,20.786156,19.474089,16.957556,13.010969,12.431724,8.23024,9.655469,7.586671,12.783891,14.6316,15.413521,11.869194,12.218592,7.68633,8.6982,4.436589,0.0,5.748245,6.7477174,10.230076,15.951929,18.111826,19.772999,23.385424,24.92596,22.600925,19.68687,16.06272,15.896206,11.039659,11.296132,6.520367,6.4414444,4.104515,8.449347,7.537407,11.670305,14.155829,13.953418,10.220033,13.582823,12.933787,11.362302,14.127926,11.397556,13.527128,18.295689,15.797428,12.682528,13.339554,10.299071,13.199556,11.878359,17.528475,18.126427,20.957703,20.153765,20.157438,20.143917,21.859053,19.269392,22.597551,20.515621,23.774529,24.393524,22.86463,25.952396,25.355953,21.649664,17.537003,17.234228,13.224261,11.315178,7.5129876,7.1852126,5.801137,6.8835306,10.319076,13.172361,15.058432,12.070373,10.993184,10.654,11.2209,11.463272,11.942143,14.463241,12.741358,17.696465,16.569824
29,24.269009,20.177895,20.507385,15.95174,13.750169,17.054588,11.99598,17.256392,13.561617,20.226887,19.12806,23.400131,24.439276,22.931791,21.443342,16.99119,17.146297,12.651409,14.063261,11.453618,15.460866,18.653069,18.038614,13.81046,14.543776,10.139408,9.680651,5.2537284,5.748245,0.0,7.3850164,6.3964467,13.587679,15.181357,16.624346,20.381306,21.022062,18.620241,15.563166,11.775165,12.320927,7.0252566,9.474426,7.3668084,4.8065357,6.5663986,8.549926,10.502033,13.250975,15.8499565,14.999929,12.46233,12.91664,13.086684,9.799455,12.165377,11.571422,13.37428,18.441896,17.551348,14.584556,16.801838,14.306523,17.95346,16.938828,22.802322,22.693008,25.053146,23.173725,22.901775,21.851412,23.128403,19.840204,22.963207,20.700623,23.280266,24.105398,22.061062,25.461267,24.72023,20.95918,16.58321,15.9202795,12.712707,9.422891,9.07749,5.256041,6.866433,6.0281925,9.692386,12.180786,14.079847,9.792353,7.7917953,10.026296,10.904411,10.957345,12.606928,14.746662,13.926577,18.93549,18.02365
30,25.823355,22.276142,20.82244,16.666855,13.976218,15.058911,9.887139,12.276585,7.707341,13.897711,11.789035,16.02748,17.429613,16.066475,15.379897,10.969572,12.678684,8.741296,12.397846,12.017788,16.35022,19.330923,20.63202,17.466702,18.744196,13.861149,15.015988,10.261495,6.7477174,7.3850164,0.0,6.6796865,9.654439,12.767613,13.827677,17.375141,19.491518,17.19658,14.792065,11.93838,10.729075,7.6163626,5.700512,4.6216373,8.831849,8.509258,13.018926,13.953418,17.461134,19.1684,17.644815,13.161251,14.948782,11.727165,9.204236,10.158607,6.857789,7.349641,12.147586,10.451283,7.3166504,10.71407,9.75105,13.70801,15.318942,20.013048,21.173704,22.414059,21.502657,19.850845,19.715473,19.732042,16.186037,18.455534,15.422194,18.168398,18.235989,16.325792,19.301643,18.670263,15.173089,11.007903,11.565519,7.6181536,7.2994394,6.9268885,7.66548,9.804343,11.853894,15.716024,18.747396,20.270859,16.198658,13.525152,14.144531,12.91177,11.211197,10.6806555,11.514471,8.538333,13.787671,11.334314
31,29.191286,25.503075,25.183514,20.507765,18.383314,20.372484,15.477311,18.74682,14.192526,20.38479,16.739153,20.847147,23.173386,21.34728,21.412859,16.647436,18.07143,13.851437,16.275522,14.824291,17.937122,22.223055,22.010782,18.33265,20.179865,15.349028,15.988934,11.458939,10.230076,6.3964467,6.6796865,0.0,7.885317,8.857228,10.434078,14.023684,14.892986,12.834517,9.505802,5.8748326,7.5308576,4.6247635,6.490145,9.05232,9.83446,11.724079,14.454338,16.61562,19.491415,21.707346,20.153534,16.973843,16.565615,14.794861,10.6198845,10.844146,10.742376,10.516764,15.129354,15.453657,12.78828,17.112906,16.14363,20.225735,21.03906,26.269667,26.842972,28.263107,26.509497,25.038057,23.968422,23.827078,19.746227,21.726257,18.5392,20.222586,20.323477,17.541185,20.577305,19.36507,15.474652,11.176319,10.323429,8.136849,4.8726654,9.077643,6.192381,10.494191,11.441777,14.99106,17.774899,18.823704,13.928841,10.38653,12.895282,11.804304,10.041355,11.127327,11.725673,11.047531,15.621009,14.584568
32,35.154156,31.68177,30.37361,26.081083,23.592606,24.29807,19.438692,20.235117,15.552869,19.731712,13.820376,16.94577,20.858444,19.47597,21.297148,17.205544,20.24209,17.052591,20.750103,20.613815,23.7333,27.873886,28.653671,25.436192,27.322569,22.34213,23.092688,18.347813,15.951929,13.587679,9.654439,7.885317,0.0,6.2411065,4.4748263,8.200342,10.532411,8.342011,7.3689575,7.4174395,4.923037,8.243766,6.1477313,12.077019,15.471176,17.015532,20.335445,22.808872,25.583582,26.97482,24.55916,20.709885,19.859877,15.886411,12.312314,10.005973,10.077316,7.1702337,9.600065,12.043622,10.838269,16.451912,17.372522,21.474625,24.305761,28.482615,29.482138,29.458525,27.85203,24.984312,24.028784,22.148531,17.616117,17.899847,13.898102,14.33766,13.56397,10.201212,13.027126,12.009056,9.191973,5.4003315,7.3683176,7.319706,8.485514,13.754399,13.307141,17.41024,19.024462,22.726198,25.528627,26.67777,21.800323,18.142061,20.207842,18.16642,15.376876,14.931217,13.550382,11.503641,14.896054,12.007062
33,35.931816,32.818348,31.944534,27.309177,25.52162,26.18944,22.12645,23.233454,18.60719,23.389254,16.931154,20.128988,23.881563,21.599216,23.701748,19.204458,21.66,18.49,21.233328,20.981436,22.724422,27.779892,27.94106,25.07652,27.909256,22.919796,24.545702,20.023342,18.111826,15.181357,12.767613,8.857228,6.2411065,0.0,5.123337,6.2954874,8.37962,8.562222,5.1134233,5.3822427,9.103036,11.52884,11.212723,16.237637,18.521904,20.113155,23.254892,25.137291,28.289171,30.401558,28.574793,24.97128,24.34724,21.265484,17.269285,15.585881,15.613194,12.898246,15.224012,16.920273,15.230274,21.134497,21.823084,25.732803,28.065744,32.4232,33.845245,34.495724,33.17583,30.662523,29.838259,28.278406,23.784647,24.11488,20.013052,20.156591,18.764048,14.946094,16.42015,13.905884,9.753743,7.16087,5.0469084,7.4862494,7.3995943,13.826616,13.061059,17.514797,19.481186,22.752846,25.776115,25.96123,21.023561,16.954891,18.905003,16.248175,13.203344,13.156437,11.238407,11.509924,13.531926,13.14711
34,38.825855,35.384335,34.349087,29.889914,27.594917,28.408009,23.678143,24.547224,19.86481,23.932032,17.419096,20.12255,24.466887,22.906698,25.224758,21.117266,24.12136,20.96054,24.341448,24.055614,26.609608,31.228998,31.582178,28.352055,30.531193,25.586649,26.300667,21.693796,19.772999,16.624346,13.827677,10.434078,4.4748263,5.123337,0.0,4.26123,6.0929594,4.600378,4.5272064,7.026084,6.4104114,10.999066,10.181762,16.235683,18.871145,20.870653,23.730875,26.497047,29.098257,30.608175,28.14466,24.684769,23.12485,19.582727,15.757811,13.121279,14.270317,11.397187,12.81463,16.00327,15.117667,20.830753,21.840506,25.94595,28.701677,32.955265,33.879623,33.793324,31.958435,29.016726,27.768059,25.609507,20.985247,20.775963,16.83996,16.27265,15.230083,11.47908,13.6026535,12.094046,9.727438,7.4545703,8.368739,10.220859,10.865458,17.021893,16.015772,20.460499,21.86322,25.329935,28.007284,28.854767,23.826452,19.973707,22.479088,20.323002,17.461887,17.34435,15.558461,14.552757,16.997093,14.930068
35,41.834953,38.63729,37.494854,33.013027,30.937721,31.36072,27.0492,27.358728,22.79095,26.416403,19.175526,21.359776,26.040155,24.255371,27.240137,23.30293,26.430676,23.647757,26.895601,26.915083,28.881577,33.787003,34.1745,31.252104,33.84784,28.851961,30.009613,25.411648,23.385424,20.381306,17.375141,14.023684,8.200342,6.2954874,4.26123,0.0,4.5390267,6.025727,6.5249186,9.819699,10.629656,15.162134,14.244587,20.201143,22.96104,24.822355,27.818453,30.328424,33.12458,34.758865,32.36976,28.804775,27.383036,23.69859,19.984135,17.239801,18.129036,14.834953,15.322042,18.571487,17.968033,23.921955,25.335775,29.270311,32.348988,36.33258,37.615,37.426094,35.841938,32.67848,31.602402,29.105772,24.51359,23.75964,19.66235,18.492636,16.71348,12.763661,13.539705,11.214469,9.212404,8.827374,9.079857,12.289895,13.426286,19.662682,19.064766,23.5347,25.260746,28.611485,31.419641,31.876997,26.85981,22.854126,25.12565,22.542883,19.45917,19.10978,16.719074,16.306458,17.511095,16.088387
36,43.66302,40.2374,39.612576,34.97174,32.90467,33.958927,29.327278,30.485256,25.788042,29.938416,23.121506,25.532675,30.105978,28.367258,30.97605,26.8012,29.639889,26.425392,29.384565,28.82813,30.759289,35.83787,35.600266,32.347424,34.77822,29.986721,30.573982,26.243906,24.92596,21.022062,19.491518,14.892986,10.532411,8.37962,6.0929594,4.5390267,0.0,4.0383844,5.55544,9.648053,10.98261,15.555804,15.832642,21.812155,23.558975,26.01077,28.281927,31.347408,33.691288,35.353283,32.903934,29.962414,27.663229,24.779934,20.740454,18.057728,20.068132,17.402285,18.386309,21.95654,21.188932,26.918594,27.849134,31.996326,34.50824,38.95446,39.717358,39.674824,37.537434,34.64855,33.050205,30.779867,26.139238,25.637135,21.952614,20.613604,19.543339,15.838366,17.18069,15.386012,13.717271,12.773116,12.591577,15.403913,15.334796,21.875307,20.21321,24.815964,25.857243,28.937294,31.360277,31.849798,26.802582,22.929874,25.899858,23.812502,21.107927,21.465258,19.53934,19.60839,21.244183,20.127024
37,41.961655,38.288315,37.662018,33.127163,30.771927,32.107315,27.05784,28.504879,23.793678,27.977453,21.757801,24.335142,28.769772,27.39364,29.5806,25.449162,28.321028,24.9002,28.104406,27.360445,29.937862,34.64636,34.49724,30.94981,32.877502,28.15227,28.17531,23.845728,22.600925,18.620241,17.19658,12.834517,8.342011,8.562222,4.600378,6.025727,4.0383844,0.0,4.7296615,8.414926,7.5058627,12.473793,12.816597,18.861515,20.552343,23.178413,25.244787,28.711529,30.744684,32.11452,29.435226,26.640432,23.97881,21.123198,17.143633,14.326015,16.894157,14.650339,15.92442,19.737272,19.022255,24.374002,25.0937,29.341911,31.723091,36.274033,36.642303,36.452892,34.010773,31.182331,29.349041,27.16886,22.54032,22.270662,18.860344,17.726898,17.32808,13.921996,16.265593,15.292378,13.861404,12.011501,12.728706,14.560389,14.346813,20.6473,18.717125,23.234602,23.914331,27.133078,29.369862,30.357914,25.302948,21.625116,24.841154,23.16897,20.64638,21.082956,19.57807,18.927797,21.455538,19.51937
38,38.375313,34.860786,34.474106,29.767307,27.751318,29.18849,24.479254,26.411356,21.664757,26.633663,20.631136,23.781275,27.703035,25.824377,27.629496,23.115273,25.494934,21.888397,24.591263,23.66918,25.78905,30.776258,30.353462,26.936657,29.255127,24.510798,25.0596,20.777401,19.68687,15.563166,14.792065,9.505802,7.3689575,5.1134233,4.5272064,6.5249186,5.55544,4.7296615,0.0,4.1238804,7.2670813,10.640188,11.658568,17.145947,18.39463,20.860817,23.071234,25.974432,28.393251,30.286623,28.126574,25.24878,23.290041,20.898182,16.566181,14.594717,16.340635,14.285395,16.697931,19.395689,17.930395,23.45085,23.747395,27.955227,29.84142,34.64331,35.286213,35.789062,33.67499,31.290468,29.75212,28.218208,23.617655,24.030842,20.399517,20.119658,19.525671,15.899691,18.121044,16.395212,13.428267,10.825923,10.018699,11.690589,10.507691,17.008297,14.821096,19.421898,20.308403,23.39732,25.853046,26.41528,21.354122,17.501272,20.56556,18.764658,16.298628,17.051874,15.7892885,15.923739,18.538666,17.615036
39,34.442223,30.909302,30.748796,25.97152,24.089724,25.831781,21.199554,23.818142,19.128458,24.778095,19.59735,23.257484,26.51621,24.47874,25.583124,20.830868,22.687817,18.788902,21.117668,19.861666,22.017212,26.96684,26.350992,22.847822,25.1724,20.462767,21.136581,16.918587,16.06272,11.775165,11.93838,5.8748326,7.4174395,5.3822427,7.026084,9.819699,9.648053,8.414926,4.1238804,0.0,7.074976,8.092586,9.915476,14.429243,15.107098,17.474844,19.670647,22.244982,24.825392,27.014286,25.226114,22.394548,20.944035,19.081644,14.624703,13.56034,14.7499,13.361258,16.842804,18.546307,16.470015,21.659403,21.37572,25.533804,26.817253,31.885662,32.510864,33.552612,31.566841,29.661871,28.27028,27.40401,22.962364,24.098019,20.588951,21.136024,20.800802,17.382395,19.926432,18.203466,14.482393,10.995445,9.503173,9.879512,7.3298826,13.560102,10.825403,15.41369,16.237072,19.306068,21.861145,22.375519,17.314323,13.437506,16.504438,14.93222,12.740682,13.925254,13.379728,13.757228,17.046383,16.544474
