,0,1,2,3,4,5,6,7,8,9,10,11,12,13,14,15,16,17,18,19,20,21,22,23,24,25,26,27,28,29,30,31,32,33,34,35,36,37,38,39,40,41,42,43,44,45,46,47,48,49,50,51,52,53,54,55,56,57,58,59,60,61,62,63,64,65,66,67,68,69,70,71,72,73,74,75,76,77,78,79,80,81,82,83,84,85,86,87,88,89,90,91,92,93,94,95,96,97,98,99,100,101,102,103,104,105,106,107,108,109,110,111
0,0.0,4.351539,6.501474,9.572982,12.171109,14.08967,17.42108,20.806551,24.348995,27.570862,30.227432,35.250877,32.437656,30.866064,26.073578,24.612194,21.209602,19.558186,17.106583,14.592299,14.616853,12.212514,16.463459,16.045776,17.940365,20.496122,16.039335,20.38778,20.743807,22.540352,24.572313,25.199858,29.759289,30.494968,33.983864,35.245014,38.355904,37.856083,35.19088,34.229534,31.095549,30.589136,27.37526,26.197506,25.175402,20.183634,23.006617,19.081888,19.125807,20.689672,24.434662,24.796982,26.120417,28.78516,32.12971,33.226986,31.216263,33.960155,31.847422,35.291176,32.87111,32.86017,34.051266,34.397873,37.72604,34.559265,39.58855,39.314236,43.281044,46.305183,45.787823,46.56646,42.511288,45.081337,41.06878,42.393784,41.375683,36.483696,39.78543,34.731476,35.482758,35.885677,31.368769,29.89795,28.045603,26.065506,27.663395,25.336979,29.55959,29.294712,33.248116,35.546806,38.024864,41.113724,41.04954,42.162716,38.47815,42.365902,38.15676,44.12522,44.31585,40.523785,38.068256,42.828136,45.31764,41.9273,39.022957,38.12737,32.670517,30.927938,28.622543,25.875393
1,4.351539,0.0,5.405588,6.4276915,8.778137,12.04777,14.091701,18.403915,21.372515,25.218185,27.484198,32.68796,30.26458,28.513905,24.23447,22.034973,19.006313,16.622364,14.327996,11.1743555,11.434012,8.961583,12.957244,12.986365,14.4143,16.740412,11.76953,16.353226,16.660185,18.7849,20.771706,21.923855,26.592485,27.865398,31.180393,32.827435,35.700066,34.887833,32.113758,30.906982,27.740498,26.877634,23.475029,22.151762,21.016937,15.8339,18.761787,14.934783,15.184973,17.010986,20.479021,20.855394,22.60219,25.16419,28.25557,29.242836,27.034702,29.678709,27.511267,30.980524,28.574892,28.628735,29.908155,30.38801,33.86223,30.883612,36.021072,36.039383,39.855793,42.66082,42.1212,42.679165,38.812675,41.252205,37.258957,38.797638,37.829407,33.02761,36.61016,31.500816,32.554966,33.187042,28.555832,26.71739,24.4981,22.637518,23.681797,21.314709,25.458122,25.18313,29.072124,31.39165,33.908348,36.928474,36.765945,37.881252,34.253017,38.219086,34.189972,40.15576,40.184128,36.406635,34.16556,38.994698,41.564083,38.30045,35.2958,34.575832,28.87034,27.476341,24.92327,22.569183
2,6.501474,5.405588,0.0,5.265826,6.775751,8.198264,11.555695,14.425507,18.2091,21.128595,23.985466,28.823502,26.230911,24.89608,20.04891,18.758696,15.759294,14.060589,12.78015,10.502702,12.406539,11.487238,15.868985,17.086143,18.541796,20.3097,14.449995,18.203014,17.26382,19.19032,19.970879,21.44985,24.815458,26.206173,29.155214,30.501705,33.846462,33.12208,31.07029,29.768307,27.387535,26.191404,24.040136,22.12238,22.557625,17.302588,21.219194,17.952627,17.664976,20.708572,23.814964,23.000673,25.742708,28.759167,31.096115,32.160263,29.576313,31.575005,29.055084,32.700188,29.173985,29.746473,30.468483,31.539722,33.904335,31.424982,36.16684,36.180534,39.794945,43.117416,41.82408,42.442604,37.94776,40.203335,35.969116,36.943714,35.645058,30.665665,33.618393,28.563917,29.115332,29.471333,24.982891,23.760864,22.204178,20.42592,22.629503,20.95606,25.42358,25.897032,29.830915,31.468931,34.471684,37.74782,37.344654,38.104317,34.053482,37.579315,32.918747,38.85254,39.413002,35.669567,32.668274,37.259335,39.625443,36.136467,33.345585,32.483986,27.303755,25.337267,23.564726,20.556395
3,9.572982,6.4276915,5.265826,0.0,3.828211,6.234283,8.733238,12.599025,15.301228,19.427126,21.331015,26.792662,24.105162,22.173973,18.18621,15.651419,12.704459,10.21275,8.251864,5.352195,7.4386296,7.2780924,11.354919,13.49977,14.970707,16.174198,10.559767,13.210971,12.231164,13.951107,15.181541,16.413395,20.388922,21.870155,24.948334,26.622726,29.605612,28.73617,26.313705,25.00837,22.330036,21.285412,18.84305,17.217285,17.592323,13.169082,16.957146,14.707735,15.546559,18.37914,20.630194,20.682104,23.906075,26.207977,28.37095,28.968033,25.883593,27.786982,25.038246,28.219809,24.605001,24.857937,25.494764,26.375174,28.815811,26.187304,30.996576,31.055975,34.68525,37.90373,36.788147,37.47345,33.154755,35.627853,31.573425,32.829758,31.900074,27.048695,30.637716,25.725283,26.946934,27.98936,23.266941,21.732746,19.313734,18.520592,19.384817,18.219307,22.512716,23.137272,26.793104,28.36118,31.604218,34.620625,33.739258,34.352875,30.33252,33.96142,29.587942,35.525387,35.523026,31.529362,28.985258,33.862137,36.49958,33.404747,30.34724,30.256252,24.532032,23.437622,21.438295,19.279562
4,12.171109,8.778137,6.775751,3.828211,0.0,5.936015,5.3342466,10.212761,12.721962,16.862791,18.92171,24.096296,22.195625,20.56824,16.828594,14.1292095,12.163515,8.937051,8.88665,5.845795,9.468381,9.873902,12.988312,15.493236,16.076406,16.870262,10.348273,13.239294,11.305333,13.713419,13.625886,16.403486,19.340307,21.848328,24.279808,26.266714,29.249563,27.973694,25.975248,24.183815,22.087059,20.061152,18.199568,15.7003975,16.87876,11.626665,16.16787,13.966873,14.01755,17.81192,19.842072,18.683836,22.574911,25.308218,26.789288,27.566856,24.442759,25.882471,23.078262,26.689587,22.63593,23.528559,24.10234,25.6591,27.756388,25.84656,30.558859,31.087082,34.326817,37.434013,35.849922,36.123398,31.744967,33.734764,29.460217,30.649012,29.37653,24.489204,27.866676,22.733084,23.823576,24.677483,19.96647,18.194418,15.951291,14.753234,16.088675,14.920607,19.349573,20.262697,23.971153,25.2728,28.623411,31.807842,31.01092,31.575483,27.435123,30.931555,26.357292,32.305504,32.67461,28.899183,26.031893,30.744553,33.247494,29.970772,27.003876,26.601492,21.021294,19.685097,17.765806,15.466321
5,14.08967,12.04777,8.198264,6.234283,5.936015,0.0,7.09314,7.3968306,11.040361,14.099974,16.422216,21.678993,18.421099,16.79469,12.195001,10.675147,7.6440034,6.615146,6.834496,6.9006915,10.50249,12.215172,15.810697,18.82714,20.312346,20.870295,15.252939,16.262545,13.86077,14.788772,14.245335,15.522024,17.381117,18.884022,21.408796,22.651108,26.198423,25.489096,24.066523,22.73251,21.225988,19.938244,19.441751,17.31443,19.795265,16.203194,20.56512,19.323568,19.849155,23.468363,25.138996,24.289978,28.408136,30.886364,32.236702,32.754578,29.23544,30.326488,27.200191,30.239552,25.325169,26.065018,25.857485,27.349571,28.164999,26.204155,30.283508,30.272217,33.574123,37.44505,35.41272,36.275116,31.187832,33.51797,29.293072,29.777729,28.582514,23.585155,26.46096,21.83212,22.600327,23.632563,19.076593,18.54127,16.820871,16.917307,18.774208,18.982508,23.320679,24.910482,28.333605,28.947874,32.797882,35.93464,34.57039,34.6362,30.177458,33.137726,28.112421,33.86046,34.31904,30.319376,26.949669,31.521357,33.96319,30.805387,27.987936,28.138157,23.107302,21.67097,20.85005,18.315231
6,17.42108,14.091701,11.555695,8.733238,5.3342466,7.09314,0.0,6.511117,7.874772,12.345194,14.107506,19.135204,17.991745,16.574299,13.670172,10.527628,10.252375,6.4956636,9.250991,7.6184525,12.0375185,13.630945,15.648682,18.897633,18.930876,18.880226,12.532465,13.87769,10.528898,12.885284,10.646427,14.974424,16.028185,19.682966,21.1697,23.455418,26.39417,24.694078,23.402746,21.1104,20.0359,16.957047,16.556013,13.120348,16.14205,11.506619,16.494062,15.550902,15.36393,19.826595,20.896124,18.762693,23.664112,26.386105,26.781446,27.429,23.91453,24.423714,21.332636,24.950214,19.836063,21.448254,21.484852,23.884525,24.89243,23.973507,28.219086,29.193897,31.876034,35.063667,32.72835,32.691093,28.036098,29.544931,25.063066,25.978971,24.397572,19.472988,22.643959,17.434433,18.567356,19.59944,14.838527,13.014549,10.753209,10.263783,11.890127,12.00521,16.334772,18.175652,21.535585,21.97751,25.843084,29.0753,27.876438,28.031973,23.585497,26.64109,21.675241,27.55159,28.242146,24.570683,21.183008,25.73386,28.151287,24.849026,21.937859,21.748135,16.364254,15.102925,13.846505,11.780267
7,20.806551,18.403915,14.425507,12.599025,10.212761,7.3968306,6.511117,0.0,4.9621534,6.85934,9.718087,14.468011,12.282865,11.457374,7.576375,6.4479094,7.076633,6.333667,10.549339,11.372057,15.662338,18.027777,20.477953,24.055176,24.695257,24.512781,18.665611,18.825794,15.136094,16.126389,12.908242,16.098923,14.733793,17.923111,18.754454,20.284279,23.89737,22.58818,22.508871,20.456957,20.663092,17.901804,19.515875,16.284859,20.755625,17.523195,22.300295,21.950758,21.842182,26.32538,27.216677,24.963654,30.061922,32.775505,32.863792,33.392033,29.636662,29.624186,26.326956,29.472298,23.429049,25.17,24.311602,26.937782,26.232986,25.771725,29.088076,29.729073,32.145668,36.093174,32.922665,33.285057,27.786703,29.262325,24.739702,24.570597,22.725254,17.681694,19.685637,15.018867,15.323315,16.314615,11.846002,12.018442,11.254953,12.274236,15.098614,16.76523,20.685888,23.25912,26.212687,25.713617,30.014278,33.22545,31.541578,31.097527,26.347548,28.501085,22.926056,28.338968,29.516014,25.882893,21.603148,25.614307,27.728165,24.428541,21.943306,22.125364,18.033707,16.334263,16.84294,14.3956375
8,24.348995,21.372515,18.2091,15.301228,12.721962,11.040361,7.874772,4.9621534,0.0,6.0716877,6.292172,11.876081,10.627496,9.236208,8.323438,4.858501,8.0484085,6.532148,11.395136,12.46741,16.477484,19.284666,20.652798,24.59796,24.804474,23.972443,18.809935,17.709625,13.588751,14.248052,9.756879,13.871846,11.086313,15.543146,15.504956,17.699732,20.7857,18.903353,19.085201,16.558826,17.451149,13.886538,16.545319,13.031679,18.478483,16.481272,20.891157,21.687096,21.97405,26.324888,26.321384,24.195349,29.688309,31.911926,31.390234,31.574913,27.511951,26.92171,23.485931,26.190355,19.652328,21.622503,20.349277,23.392406,21.983908,22.24845,25.203794,26.275497,28.224102,32.007862,28.499537,28.611044,23.125854,24.361162,19.80009,19.703543,17.920172,12.864337,15.506283,10.833932,12.139677,14.178609,9.624622,9.402825,7.64633,10.78418,12.058554,15.017663,18.251219,21.27328,23.630367,22.591625,27.180746,30.115236,27.911758,27.125935,22.333261,24.220575,18.739904,24.019556,24.903812,21.172407,16.93462,21.085846,23.403841,20.498638,17.803242,18.945818,14.665866,14.089905,14.862269,13.715374
9,27.570862,25.218185,21.128595,19.427126,16.862791,14.099974,12.345194,6.85934,6.0716877,0.0,4.895888,7.7881985,6.9185643,7.911281,6.60544,7.631936,10.944077,11.475694,16.14806,17.59261,21.708765,24.426199,26.330236,30.170685,30.531485,29.89581,24.381845,23.730247,19.640615,20.182629,15.655304,19.133308,14.920529,18.729275,17.816051,19.1293,22.674477,21.107513,22.589108,20.269394,22.192204,18.808462,22.335958,18.869118,24.51125,22.201864,26.78789,27.19276,26.875002,31.599733,31.8933,28.983412,34.544426,37.230545,36.4339,36.860363,32.968338,32.06012,28.72868,31.569775,24.792526,27.123224,25.556164,28.86236,26.509277,27.330194,29.560493,30.531168,32.06729,36.173424,31.960407,32.06919,26.195726,26.865505,22.351675,21.12828,18.67626,13.989353,14.244786,10.329831,9.561167,10.651,7.089106,9.501736,10.588307,13.026801,16.162458,19.202255,22.228907,25.52647,27.78205,26.161741,30.743103,33.817806,31.722683,30.662012,25.830332,26.849949,20.950737,25.519896,27.384924,24.249676,19.158781,22.154043,23.75946,20.567274,18.728271,19.2789,16.956758,15.282579,17.492191,15.595355
10,30.227432,27.484198,23.985466,21.331015,18.92171,16.422216,14.107506,9.718087,6.292172,4.895888,0.0,6.2724223,5.572171,5.3256993,7.9885325,7.05142,11.452354,11.879553,16.454866,18.323061,22.000868,25.115818,26.250626,30.367111,30.609919,29.474888,24.807062,22.936142,18.790007,18.688091,13.733978,16.954363,11.367615,15.737212,13.92481,15.646554,18.697124,16.75852,18.67342,16.177326,18.87458,15.3388,19.891354,16.722149,22.902105,22.03635,26.07415,27.494757,27.786764,32.151077,31.707546,29.379644,35.09413,37.16491,36.06648,36.07104,31.873985,30.59468,27.153109,29.277857,22.21711,24.418327,22.351334,25.73315,22.501497,23.844814,25.490568,26.632757,27.75894,31.873648,27.365625,27.507023,21.517664,22.190582,17.808937,16.396954,14.230344,9.58109,10.509468,7.2772627,8.100095,11.001076,7.9452167,9.928294,9.865579,14.1565895,15.396777,19.384157,21.74155,25.25862,26.922688,24.915907,29.705452,32.379215,29.663364,28.219622,23.457272,24.147234,18.571236,22.790928,24.068369,20.721508,15.889658,18.989426,20.88721,18.437408,16.384682,18.39853,15.9393425,15.69587,17.892574,17.249403
11,35.250877,32.68796,28.823502,26.792662,24.096296,21.678993,19.135204,14.468011,11.876081,7.7881985,6.2724223,0.0,6.7142825,9.242933,12.114658,13.071346,17.242483,17.911875,22.578276,24.268066,28.125463,31.10595,32.307507,36.35487,36.37344,35.231274,30.30768,28.799465,24.58697,24.72849,19.514517,23.029396,16.824892,21.008848,18.284513,19.520977,22.281675,20.315096,23.299025,20.782967,24.28312,20.469002,25.481117,22.108986,28.386105,27.226297,31.331326,32.609665,32.317543,37.01466,36.55835,33.351635,39.208412,41.60467,39.92191,40.11199,36.13044,34.317245,31.084946,33.33551,26.204689,28.949183,26.73543,30.559206,26.613585,28.852343,29.805765,31.228025,31.628084,35.58422,30.38352,30.076117,24.212801,23.75675,19.627934,17.197803,14.144447,10.8745,8.147561,7.0006623,4.8826075,7.0583076,7.160503,10.840358,12.933751,16.506664,18.694035,22.783339,24.561928,28.332195,29.623196,26.910686,31.56221,34.218765,31.609278,29.852503,25.273539,24.884047,19.249704,22.285822,24.667116,22.31668,16.884174,18.260248,19.166714,16.656034,15.800853,17.325638,17.261446,16.467634,19.873915,19.20508
12,32.437656,30.26458,26.230911,24.105162,22.195625,18.421099,17.991745,12.282865,10.627496,6.9185643,5.572171,6.7142825,0.0,3.8002737,6.815096,9.205161,12.697735,14.86808,18.906008,21.486217,24.944908,28.191444,29.810442,33.93041,34.683655,33.719887,29.110746,27.138613,23.173618,22.54267,18.195324,19.893867,13.982705,16.541948,14.540449,14.830887,18.465893,17.452187,20.23241,18.534983,21.613966,19.219215,24.037275,21.44436,27.526768,26.874462,30.92424,32.206203,32.5921,36.921585,36.71901,34.596523,40.21225,42.336643,41.47837,41.47212,37.224094,36.0606,32.578465,34.470608,27.40163,29.274553,26.96093,29.964811,26.12089,27.2137,28.234875,28.770145,29.881184,34.55021,29.819937,30.557714,24.229761,25.169468,21.28417,19.035843,17.151392,13.378276,12.702964,11.465102,11.010436,13.194031,11.525049,14.636408,15.323985,19.117271,20.93348,24.751324,27.266663,30.758371,32.488594,30.424444,35.210323,37.866302,35.061726,33.463097,28.761766,29.087992,23.598284,27.255451,28.63602,25.420145,20.642508,23.102852,24.625824,22.446507,20.92285,22.897224,21.254906,20.608776,23.125076,21.979929
13,30.866064,28.513905,24.89608,22.173973,20.56824,16.79469,16.574299,11.457374,9.236208,7.911281,5.3256993,9.242933,3.8002737,0.0,6.0318255,6.620352,10.159932,12.4146805,16.099428,18.984236,22.086855,25.51663,26.871359,31.074665,31.957203,30.864614,26.751545,24.206236,20.394035,19.326818,15.308897,16.29998,10.419559,12.779018,11.077518,11.626823,15.358281,14.375337,16.69424,15.138465,17.972235,16.026577,20.791174,18.62098,24.60397,24.619442,28.370274,30.010715,30.90344,34.87662,34.473404,33.04744,38.551422,40.292328,39.675606,39.44065,35.037895,34.071846,30.50762,32.0496,25.094997,26.53333,24.167107,26.819613,23.095985,23.770514,24.909126,25.250896,26.65025,31.423965,27.029774,28.080618,21.728334,23.307678,19.504333,17.722967,16.48598,12.467293,13.404802,11.863706,12.659644,15.484432,12.981412,15.201855,14.718042,18.988747,19.825373,23.677475,26.230576,29.569702,31.282629,29.493965,34.317028,36.82055,33.814964,32.274395,27.610601,28.325266,23.113441,27.075161,27.740843,24.06958,19.846128,22.976746,24.968111,23.076052,21.058268,23.583088,20.971941,20.942274,22.843721,22.044792
14,26.073578,24.23447,20.04891,18.18621,16.828594,12.195001,13.670172,7.576375,8.323438,6.60544,7.9885325,12.114658,6.815096,6.0318255,0.0,5.4456453,6.9343615,10.004263,13.478087,16.186962,19.612682,22.668694,24.993422,28.890177,30.113512,29.628075,24.750975,23.395359,19.76259,19.257605,16.00286,17.025682,13.462651,15.098339,15.19916,15.453208,19.656345,19.130247,20.322226,18.986437,20.422266,18.766537,22.059448,19.692354,24.94587,23.548487,27.807264,28.374804,28.913498,33.048367,33.483944,31.882591,37.084965,39.328693,39.312134,39.44992,35.310223,34.96195,31.455263,33.695858,27.106773,28.479673,26.738552,29.127504,26.725998,26.465977,28.566559,28.610994,30.752895,35.488316,31.725788,32.818363,26.651417,28.462675,24.38689,23.140427,21.652729,17.093575,18.114244,15.211193,15.228966,16.870853,13.612507,15.6479225,15.443192,18.217857,20.353922,23.173153,26.549316,29.528355,31.953745,30.79993,35.435986,38.339558,35.938057,34.88655,30.093527,31.44788,25.895687,30.541025,31.5374,27.804295,23.403753,26.892849,28.856186,26.211584,24.089266,25.4147,22.326227,21.217028,22.697748,20.792059
15,24.612194,22.034973,18.758696,15.651419,14.1292095,10.675147,10.527628,6.4479094,4.858501,7.631936,7.05142,13.071346,9.205161,6.620352,5.4456453,0.0,4.5013328,5.805897,9.80895,12.406876,15.757006,19.046122,20.643244,24.747889,25.675346,24.852705,20.412527,18.390772,14.649605,14.041178,10.577192,12.075749,9.001227,11.867929,12.3729515,13.862866,17.463545,16.310606,16.545296,14.785831,15.67744,13.633786,16.65363,14.275256,19.597687,18.804081,22.778143,23.920555,24.935116,28.773872,28.74621,27.661587,32.89007,34.695526,34.64416,34.540314,30.255497,29.93983,26.38384,28.394808,21.915997,23.092955,21.44509,23.774609,21.841663,21.431536,24.000118,24.337126,26.624712,31.025085,27.638517,28.566751,22.70103,24.76384,20.616077,20.185518,19.090218,14.288458,16.97121,13.456268,14.838846,17.264645,13.234093,13.902629,12.170693,15.621262,16.282925,19.25306,22.465597,25.326864,27.602594,26.673098,31.31017,34.02038,31.456667,30.504925,25.79766,27.59329,22.400671,27.383762,27.716799,23.645714,19.840696,24.015877,26.449507,24.050875,21.38952,23.245821,19.083572,18.874247,19.611408,18.491642
16,21.209602,19.006313,15.759294,12.704459,12.163515,7.6440034,10.252375,7.076633,8.0484085,10.944077,11.452354,17.242483,12.697735,10.159932,6.9343615,4.5013328,0.0,4.5282907,6.647544,9.890713,12.82873,16.061014,18.324306,22.22651,23.757536,23.345255,19.015608,17.316166,14.205518,13.39573,11.680506,11.573172,11.096062,12.12272,14.192272,15.137962,18.905033,18.409977,17.724588,16.643715,16.267927,15.455686,17.063406,15.381806,19.593903,18.547913,22.414927,23.051176,24.376871,27.833633,28.284424,27.892815,32.646355,34.397606,35.07249,34.99993,30.823357,31.156105,27.65846,29.682018,23.798906,24.382078,23.122402,24.716253,23.712982,22.2145,25.267073,25.028908,27.986073,32.47003,29.798979,31.135124,25.480913,28.110268,24.16424,24.070526,23.307203,18.560123,21.465195,17.864521,19.123478,21.199152,16.994015,17.37881,15.429421,17.961792,18.698675,20.795246,24.441048,26.817263,29.47045,29.164942,33.59132,36.351414,34.0182,33.37628,28.772486,31.045025,26.031279,31.271177,31.33332,27.078417,23.687624,28.132189,30.678185,28.20124,25.411438,26.966118,22.325142,21.87904,21.989088,20.441948
17,19.558186,16.622364,14.060589,10.21275,8.937051,6.615146,6.4956636,6.333667,6.532148,11.475694,11.879553,17.911875,14.86808,12.4146805,10.004263,5.805897,4.5282907,0.0,4.875705,6.63588,10.33117,13.393333,15.222377,19.18098,20.152151,19.642242,14.923128,13.568133,10.155094,10.258731,8.318867,10.130858,10.955212,13.526684,15.52437,17.443481,20.572338,19.383146,18.038336,16.333725,15.324916,13.525809,14.141315,11.8512945,15.802931,14.09949,18.173882,18.742023,20.010023,23.555319,23.916609,23.384989,28.194899,29.971342,30.562254,30.556032,26.45584,26.870895,23.43303,25.804102,20.164125,20.929062,20.1296,21.938541,21.881205,20.445766,24.1892,24.504911,27.44411,31.334162,28.95287,29.75975,24.58429,26.948208,22.807898,23.394726,22.522736,17.657347,21.238192,16.934496,18.623419,20.66611,16.054493,15.336731,12.631803,14.735678,14.893919,16.57417,20.292048,22.461288,25.22099,25.232288,29.50651,32.299103,30.198853,29.830334,25.308529,28.015545,23.186945,28.747087,28.70239,24.467129,21.358063,26.119741,28.813547,26.204632,23.168531,24.459194,19.170177,18.93761,18.368113,17.114506
18,17.106583,14.327996,12.78015,8.251864,8.88665,6.834496,9.250991,10.549339,11.395136,16.14806,16.454866,22.578276,18.906008,16.099428,13.478087,9.80895,6.647544,4.875705,0.0,4.123176,6.188561,9.571851,11.752294,15.604698,17.358994,17.13215,13.358025,11.670417,9.594897,8.955694,9.917373,9.092092,12.82842,13.62656,16.922668,18.532785,21.408651,20.749836,18.356752,17.39691,14.990018,14.789488,13.726047,12.828477,15.039515,13.983324,17.280125,17.739761,19.85138,22.467236,23.030989,23.878368,27.978844,29.267506,30.687796,30.489376,26.462835,27.59097,24.281822,26.237675,21.505516,21.327393,20.900293,21.645403,22.600784,19.937202,24.104551,23.81726,27.414227,31.25016,29.781876,31.055016,26.275925,29.30281,25.56438,26.552578,26.231728,21.602753,25.609087,21.53267,23.434103,25.541677,20.918322,20.001526,16.961824,18.67268,18.150946,19.080593,22.80376,24.346806,27.206598,27.859097,31.83315,34.435955,32.40212,32.28799,28.058483,31.18173,26.854086,32.45695,31.82386,27.372032,25.015392,30.025587,32.913937,30.528683,27.333744,28.762882,23.048618,23.079628,21.868227,20.715588
19,14.592299,11.1743555,10.502702,5.352195,5.845795,6.9006915,7.6184525,11.372057,12.46741,17.59261,18.323061,24.268066,21.486217,18.984236,16.186962,12.406876,9.890713,6.63588,4.123176,0.0,4.495984,6.8609905,9.286861,12.856988,14.151885,14.269403,9.566058,9.47741,7.790257,8.814833,10.227648,11.126801,15.455869,17.128782,20.185143,22.198635,24.815107,23.774107,21.127504,19.778683,17.004522,16.05802,13.763748,12.403879,13.441088,10.794683,14.375345,13.987527,15.912455,18.570051,19.538025,20.252028,24.121014,25.651217,27.298817,27.344488,23.619822,25.108465,22.016323,24.536707,20.43347,20.418701,20.677866,21.509693,23.57341,20.950998,25.670235,25.798788,29.35141,32.618404,31.454552,32.252342,27.94568,30.637243,26.765247,28.177465,27.635418,22.968225,27.107908,22.529861,24.404905,26.173637,21.401926,19.786606,16.600857,17.246166,16.68763,16.595541,20.493904,21.549215,24.708189,25.890087,29.511925,32.225864,30.67951,30.96553,26.90462,30.435228,26.286634,32.103657,31.567352,27.302265,25.129406,30.21252,33.085064,30.461672,27.206276,28.048622,22.018658,21.88056,19.998459,18.79436
20,14.616853,11.434012,12.406539,7.4386296,9.468381,10.50249,12.0375185,15.662338,16.477484,21.708765,22.000868,28.125463,24.944908,22.086855,19.612682,15.757006,12.82873,10.33117,6.188561,4.495984,0.0,3.7835693,5.9266434,9.484741,11.715531,11.951877,9.3662,8.257719,8.6026125,8.580066,12.205598,11.044223,17.07838,17.612558,21.353949,23.231567,25.41339,24.697283,21.259449,20.487175,16.716986,17.063591,13.515327,13.622431,12.939377,11.828523,13.931744,13.919359,16.915688,18.249195,19.055922,21.402422,24.487768,25.225397,27.559284,27.262373,23.601246,25.644754,22.737528,24.574587,21.415878,20.466831,20.99428,20.78555,23.682943,20.101603,25.044994,24.72073,28.70998,31.77796,31.46703,32.627697,28.792902,31.997942,28.564,30.314661,30.291607,25.90778,30.45338,26.17159,28.36233,30.385336,25.637197,23.941645,20.433565,21.285675,19.887032,19.56609,23.093649,23.66292,26.622437,28.218752,31.563446,33.94955,32.327995,32.748287,29.038002,32.801517,29.20928,34.91479,33.761326,29.337618,27.904552,33.14449,36.1989,33.91222,30.527542,31.736792,25.454985,25.790594,23.567472,22.761574
21,12.212514,8.961583,11.487238,7.2780924,9.873902,12.215172,13.630945,18.027777,19.284666,24.426199,25.115818,31.10595,28.191444,25.51663,22.668694,19.046122,16.061014,13.393333,9.571851,6.8609905,3.7835693,0.0,4.7701406,6.7908483,9.357723,10.559531,8.071845,9.123133,10.528729,11.381713,15.152958,14.564275,20.72398,21.36288,25.112448,27.009836,29.141499,28.389963,24.812641,24.002012,20.02555,20.227558,15.9978285,16.06674,14.166324,11.981221,13.644289,12.431371,15.375131,16.085775,17.598448,20.319468,22.632553,23.442907,26.397202,26.317617,23.15454,25.7456,23.200552,25.340805,23.044031,22.041704,23.118471,22.71198,26.436148,22.73416,27.91936,27.668331,31.70781,34.39791,34.467403,35.441895,31.961655,35.03979,31.60072,33.55492,33.426113,29.027617,33.55141,29.01939,31.080698,32.814766,28.026241,26.05018,22.64268,22.67769,21.463923,20.25942,23.811111,23.80282,26.97873,29.104496,32.01184,34.427895,33.283123,34.062706,30.58852,34.62436,31.221891,37.008064,35.91123,31.65224,30.37653,35.60326,38.615387,36.166283,32.79177,33.538273,27.173212,27.276884,24.62814,23.663185
22,16.463459,12.957244,15.868985,11.354919,12.988312,15.810697,15.648682,20.477953,20.652798,26.330236,26.250626,32.307507,29.810442,26.871359,24.993422,20.643244,18.324306,15.222377,11.752294,9.286861,5.9266434,4.7701406,0.0,4.343801,6.211979,6.364814,6.937943,5.845115,8.949038,9.563378,14.286148,13.557905,20.366291,21.246256,24.85131,27.171642,28.604763,27.577997,23.49317,22.6434,18.168798,18.517412,13.213913,14.125494,10.656904,10.311574,10.284541,10.537265,14.656298,14.306927,14.679396,18.778896,20.877222,20.674866,23.618994,23.038862,19.711489,22.47412,20.069447,21.557178,20.117302,18.492952,19.934914,18.955357,23.565928,19.623491,25.046675,25.02852,28.999147,31.086905,31.736982,32.55894,29.78236,32.91637,29.850569,32.31003,32.564182,28.58573,33.604073,29.30534,31.870047,33.963425,29.242502,26.866266,22.939028,23.406109,20.86497,19.73352,22.58403,22.272768,24.961998,27.293104,29.968681,31.959179,30.630865,31.488804,28.434874,32.64721,29.96827,35.53271,33.816402,29.557686,29.132385,34.43175,37.60472,35.586525,32.085125,33.286606,26.673193,27.582857,24.591064,24.517715
23,16.045776,12.986365,17.086143,13.49977,15.493236,18.82714,18.897633,24.055176,24.59796,30.170685,30.367111,36.35487,33.93041,31.074665,28.890177,24.747889,22.22651,19.18098,15.604698,12.856988,9.484741,6.7908483,4.343801,0.0,4.1187587,6.0723157,8.405945,9.354942,12.850685,13.784076,18.46271,17.794956,24.699425,25.39394,29.114641,31.3575,32.720745,31.774092,27.528147,26.794977,22.142677,22.626303,16.976643,17.999498,13.6425085,12.714345,11.767499,10.824486,14.870405,13.171556,14.201753,19.14933,19.992365,19.4815,23.306967,22.847666,20.253204,23.66267,21.802217,23.326181,23.019964,21.220312,23.134502,21.782335,27.09154,22.97743,28.445253,28.35869,32.389183,34.070473,35.24283,35.987507,33.634235,36.731674,33.77988,36.408054,36.658268,32.72289,37.73323,33.3051,35.78039,37.672894,32.936996,30.390709,26.569155,26.435217,24.036076,22.191711,24.89485,23.95869,26.703848,29.560028,31.69282,33.58055,32.72185,33.931652,31.234348,35.652287,33.273216,38.813763,37.052834,32.97091,32.793537,38.044895,41.183945,39.100395,35.621574,36.48554,29.858871,30.61642,27.292885,27.129786
24,17.940365,14.4143,18.541796,14.970707,16.076406,20.312346,18.930876,24.695257,24.804474,30.531485,30.609919,36.37344,34.683655,31.957203,30.113512,25.675346,23.757536,20.152151,17.358994,14.151885,11.715531,9.357723,6.211979,4.1187587,0.0,3.2860518,6.7679954,8.701547,12.330263,14.101648,18.251598,18.830051,25.33451,26.891926,30.149734,32.789024,33.94209,32.56189,28.401705,27.231499,22.780296,22.435986,16.531298,17.133165,12.066586,10.57852,8.719419,7.521359,11.880247,9.461971,10.132349,15.572452,16.149704,15.394416,19.218224,18.793129,16.434984,20.068916,18.536537,20.36073,20.781925,19.205324,21.613813,20.556835,26.39593,22.816607,28.411007,28.907804,32.565,33.7159,34.8692,35.073307,33.15132,35.81028,32.85289,35.762653,35.89203,32.14174,37.213528,32.685886,35.249977,37.056633,32.42252,29.457518,25.562435,25.07985,22.230703,19.914589,22.164335,20.783474,23.387589,26.565523,28.30189,30.078354,29.527409,30.99987,28.623386,33.201637,31.227972,36.654594,34.874676,31.075075,31.212502,36.342747,39.426994,37.379566,33.93308,34.583344,27.956343,28.92686,25.25381,25.529003
25,20.496122,16.740412,20.3097,16.174198,16.870262,20.870295,18.880226,24.512781,23.972443,29.89581,29.474888,35.231274,33.719887,30.864614,29.628075,24.852705,23.345255,19.642242,17.13215,14.269403,11.951877,10.559531,6.364814,6.0723157,3.2860518,0.0,7.140572,6.7644286,10.735183,12.235041,16.465065,17.059841,23.504951,25.261122,28.29209,31.13364,31.945251,30.394958,26.141972,24.89962,20.426796,20.029943,13.889484,14.856575,9.23717,9.44591,6.4818816,7.57813,12.450969,10.281215,9.364358,15.252329,16.422604,15.060831,18.254723,17.34642,14.423904,17.829386,16.138424,17.440277,17.996996,16.10664,18.57407,17.350262,23.399832,19.897154,25.491846,26.196238,29.68929,30.61826,31.859102,31.97501,30.317396,32.97059,30.212221,33.30121,33.641,30.155888,35.430244,31.146095,33.98466,36.061363,31.517952,28.481598,24.332628,24.395784,20.801348,18.954912,20.779524,19.562,21.751968,24.747532,26.605,28.135984,27.21043,28.545197,26.285538,30.832325,29.175657,34.42691,32.30571,28.461477,28.996317,34.13311,37.30118,35.553146,32.05691,33.13604,26.457901,27.948795,24.32405,25.129015
26,16.039335,11.76953,14.449995,10.559767,10.348273,15.252939,12.532465,18.665611,18.809935,24.381845,24.807062,30.30768,29.110746,26.751545,24.750975,20.412527,19.015608,14.923128,13.358025,9.566058,9.3662,8.071845,6.937943,8.405945,6.7679954,7.140572,0.0,6.571853,7.945654,11.180108,13.648385,16.165293,21.402935,24.043802,26.731497,29.519968,31.182009,29.474112,26.097979,24.304907,20.775473,19.065441,14.319739,13.156139,10.173866,5.1020236,6.998228,4.621854,7.907809,9.148209,10.263722,12.332654,15.130389,16.239187,18.582972,18.770079,15.78228,18.39425,16.161894,19.283554,17.747938,17.504848,19.444748,19.90157,24.501402,21.94494,27.425518,28.370241,31.667423,33.389458,33.285107,33.153503,30.40864,32.55127,28.976862,31.495432,31.033922,26.934805,31.609076,26.755089,29.017424,30.55785,25.925793,22.930382,19.273024,18.438187,16.255594,13.905568,16.917582,16.223696,19.423775,22.087942,24.47161,26.887625,26.292507,27.525383,24.446451,28.840738,26.021988,31.745026,30.741302,26.994343,26.165524,31.223017,34.139774,31.656483,28.300478,28.53818,22.009808,22.496511,19.00146,18.915712
27,20.38778,16.353226,18.203014,13.210971,13.239294,16.262545,13.87769,18.825794,17.709625,23.730247,22.936142,28.799465,27.138613,24.206236,23.395359,18.390772,17.316166,13.568133,11.670417,9.47741,8.257719,9.123133,5.845115,9.354942,8.701547,6.7644286,6.571853,0.0,4.2450128,5.656122,9.788997,10.801413,16.835741,19.06071,21.822111,24.765594,25.80645,24.126413,20.256521,18.731009,14.687572,13.782767,8.2500725,8.691168,5.0502934,6.477987,6.4445143,9.244769,13.382687,13.941603,12.799536,16.17282,19.458729,19.136164,20.79172,19.926779,15.876309,17.83566,15.011089,16.443533,14.309507,12.958638,14.375739,14.118953,18.636375,15.52863,21.046265,21.851461,25.252707,27.06998,27.225365,27.520325,24.887642,27.618723,24.509747,27.231894,27.492224,23.795534,29.054773,24.906498,27.837585,30.20212,25.659607,22.963625,18.666664,19.755749,16.078144,15.593445,17.885515,17.968416,20.202438,22.132883,25.09091,26.948025,25.200916,25.847603,22.755497,26.918562,24.48421,29.907484,28.006578,23.766483,23.632727,28.9233,32.152325,30.39823,26.8489,28.446247,21.77577,23.392122,20.422714,21.210043
28,20.743807,16.660185,17.26382,12.231164,11.305333,13.86077,10.528898,15.136094,13.588751,19.640615,18.790007,24.58697,23.173618,20.394035,19.76259,14.649605,14.205518,10.155094,9.594897,7.790257,8.6026125,10.528729,8.949038,12.850685,12.330263,10.735183,7.945654,4.2450128,0.0,4.09954,5.961586,9.027281,13.701049,16.872469,19.096426,22.173927,23.557745,21.628536,18.437857,16.415773,13.308241,11.181657,7.29567,5.7276716,5.9608884,5.920873,8.389388,10.810554,13.781405,15.848652,14.877412,16.342192,20.660387,21.137419,21.93104,21.342798,17.06216,18.114222,14.847826,16.835646,12.940448,12.692509,13.354373,14.387536,17.413979,15.265003,20.413122,21.504202,24.550428,26.853394,26.010641,26.141598,22.794962,25.20703,21.647402,24.02099,23.923044,19.949018,25.034214,20.752737,23.613436,25.993053,21.455986,18.87068,14.577038,16.096079,12.636849,12.973535,15.630343,16.558483,18.902405,20.132133,23.675762,25.854551,23.873463,24.170353,20.518845,24.382315,21.275,26.864687,25.439,21.135689,20.239622,25.537685,28.700111,26.74508,23.223503,24.845625,18.271852,19.761429,17.23017,17.919516
29,22.540352,18.7849,19.19032,13.951107,13.713419,14.788772,12.885284,16.126389,14.248052,20.182629,18.688091,24.72849,22.54267,19.326818,19.257605,14.041178,13.39573,10.258731,8.955694,8.814833,8.580066,11.381713,9.563378,13.784076,14.101648,12.235041,11.180108,5.656122,4.09954,0.0,5.615055,5.2932415,11.303065,13.505735,16.172657,19.129358,20.236355,18.607918,14.936845,13.4236965,9.666409,9.017423,5.079336,5.843082,6.8076386,9.867102,11.132502,14.290703,17.706293,19.226486,17.92171,20.194916,24.293503,24.205519,25.092571,24.092497,19.602898,20.501669,17.167982,17.977077,13.891568,12.751252,12.631434,12.858551,15.232128,12.2934675,17.332346,17.918291,21.303879,24.043758,23.381828,24.169878,20.62876,23.742132,20.572016,22.846258,23.324802,19.585634,24.886765,21.230047,24.340733,27.169653,22.75284,20.70381,16.383936,18.927805,15.327868,16.557625,18.901014,20.089865,21.99652,22.839458,26.5639,28.42691,25.889181,25.807823,22.207893,25.728306,22.78452,28.058832,26.146605,21.538286,20.94488,26.268005,29.560877,28.05209,24.51789,26.917938,20.558468,22.393877,20.36913,21.142834
30,24.572313,20.771706,19.970879,15.181541,13.625886,14.245335,10.646427,12.908242,9.756879,15.655304,13.733978,19.514517,18.195324,15.308897,16.00286,10.577192,11.680506,8.318867,9.917373,10.227648,12.205598,15.152958,14.286148,18.46271,18.251598,16.465065,13.648385,9.788997,5.961586,5.615055,0.0,6.876234,8.320282,12.857479,14.0010395,17.35798,18.785053,16.494463,14.230061,11.621103,10.177838,6.543057,6.8336716,3.7543948,9.334932,10.682118,13.37622,16.246006,18.431557,21.232124,19.898117,20.19122,25.23124,25.88847,25.6982,25.001446,20.42936,20.240732,16.640368,18.104097,12.221008,12.794517,11.821842,14.032433,14.341779,13.513678,17.64132,18.98401,21.430532,24.419077,22.331045,22.530344,18.2234,20.513573,16.654224,18.512075,18.380283,14.306882,19.472513,15.641048,18.813341,21.741714,17.473595,15.480841,11.146101,14.593016,11.087452,13.667852,15.946104,18.112608,19.865158,19.738586,24.027822,26.167149,23.406479,22.889904,18.72081,21.731268,18.041433,23.398308,22.135706,17.592752,15.992478,21.254705,24.43881,22.73738,19.263924,21.786055,15.733577,17.63269,16.32756,17.283436
31,25.199858,21.923855,21.44985,16.413395,16.403486,15.522024,14.974424,16.098923,13.871846,19.133308,16.954363,23.029396,19.893867,16.29998,17.025682,12.075749,11.573172,10.130858,9.092092,11.126801,11.044223,14.564275,13.557905,17.794956,18.830051,17.059841,16.165293,10.801413,9.027281,5.2932415,6.876234,0.0,7.484197,8.281548,11.39853,14.074658,15.217858,14.045323,10.361289,9.524195,5.9729757,7.4241548,7.023602,8.480942,11.390592,14.93116,16.336552,19.537443,22.7652,24.490885,23.174511,25.235569,29.535805,29.425669,30.102385,28.958408,24.324266,24.744375,21.291384,21.415937,16.567722,15.359985,13.994542,14.079066,14.106823,11.108872,15.027289,14.859705,18.392527,22.177776,20.976044,22.608086,18.250477,21.999176,19.109575,20.734201,21.64422,18.087822,23.207592,20.378408,23.51924,26.75632,22.625355,21.458372,17.483316,21.104397,17.960117,20.25633,22.53552,24.310492,25.939537,26.06598,30.172092,31.92756,28.846926,28.207094,24.427725,27.248293,24.063871,28.935226,26.947222,22.159416,21.282026,26.387646,29.655725,28.497988,25.113083,28.224855,22.437336,24.318474,23.1674,23.782446
32,29.759289,26.592485,24.815458,20.388922,19.340307,17.381117,16.028185,14.733793,11.086313,14.920529,11.367615,16.824892,13.982705,10.419559,13.462651,9.001227,11.096062,10.955212,12.82842,15.455869,17.07838,20.72398,20.366291,24.699425,25.33451,23.504951,21.402935,16.835741,13.701049,11.303065,8.320282,7.484197,0.0,6.206228,5.7463193,9.233341,10.812142,8.735392,8.001395,5.79803,7.671753,6.3421884,11.328954,10.709869,16.246967,18.962889,21.243294,24.407341,26.677332,29.430428,27.974718,28.42328,33.530586,33.969704,33.588726,32.608727,27.875736,27.153288,23.551655,23.818195,17.459164,17.633394,15.074114,16.861032,13.5534725,13.393034,15.140206,15.64516,17.639446,22.099684,18.80986,20.210867,14.447986,17.557709,14.252231,14.631041,15.300045,11.79871,16.44755,14.607997,17.783173,21.471266,18.068098,17.862612,14.657807,19.58623,17.068258,20.855062,22.747164,25.508287,26.7,25.557716,30.181515,32.001568,28.460062,27.074135,22.906937,24.551283,20.766407,25.02854,23.645117,19.059826,17.105755,21.602476,24.614832,23.705872,20.696527,24.471006,19.884525,21.830723,22.039371,22.776814
33,30.494968,27.865398,26.206173,21.870155,21.848328,18.884022,19.682966,17.923111,15.543146,18.729275,15.737212,21.008848,16.541948,12.779018,15.098339,11.867929,12.12272,13.526684,13.62656,17.128782,17.612558,21.36288,21.246256,25.39394,26.891926,25.261122,24.043802,19.06071,16.872469,13.505735,12.857479,8.281548,6.206228,0.0,4.847724,6.053267,7.9172997,8.212556,6.516147,7.566716,8.004142,10.751576,14.135823,15.138932,19.317028,22.68735,24.486946,27.588478,30.420311,32.59887,31.34645,32.816875,37.472633,37.556103,37.86107,36.6862,31.94466,31.752396,28.214981,27.914696,22.30217,21.476192,18.998518,19.35603,16.206406,14.450184,15.50052,14.2852955,17.129147,22.351019,19.890566,22.57933,17.067703,21.179966,18.86298,18.947027,20.273188,17.344685,21.37318,20.167885,22.93628,26.511005,23.194149,23.46682,20.48344,25.076416,22.871983,26.217707,28.39317,30.851025,32.196873,31.402065,35.90476,37.599613,33.99807,32.66678,28.721884,30.421164,26.907328,30.969404,29.233358,24.606993,23.111353,27.424952,30.38639,29.694023,26.792147,30.60113,26.024794,27.72671,27.823378,28.158054
34,33.983864,31.180393,29.155214,24.948334,24.279808,21.408796,21.1697,18.754454,15.504956,17.816051,13.92481,18.284513,14.540449,11.077518,15.19916,12.3729515,14.192272,15.52437,16.922668,20.185143,21.353949,25.112448,24.85131,29.114641,30.149734,28.29209,26.731497,21.822111,19.096426,16.172657,14.0010395,11.39853,5.7463193,4.847724,0.0,3.9734676,5.3182034,4.305975,6.020795,6.0769796,9.609499,10.638374,15.80799,16.099306,21.210344,24.565275,26.531214,29.889294,32.343716,34.916096,33.356728,34.11876,39.16194,39.366802,38.997047,37.81807,33.02619,32.17004,28.629423,28.234259,22.073822,21.860985,18.856266,20.041355,15.295032,15.286563,15.129351,14.704737,16.223312,21.508442,17.78859,20.194704,14.10488,17.729294,15.504112,14.845649,16.288128,13.989011,17.591234,17.405859,20.244097,24.09265,21.431952,22.077162,19.510084,24.675518,22.448818,26.472952,28.176052,31.044924,31.97557,30.51806,35.16629,36.741737,32.85741,31.114477,27.17447,28.160152,24.6811,28.121279,26.547281,22.18932,20.476044,24.224596,26.997726,26.700274,24.09474,28.376741,24.586054,26.551378,27.265203,27.942005
35,35.245014,32.827435,30.501705,26.622726,26.266714,22.651108,23.455418,20.284279,17.699732,19.1293,15.646554,19.520977,14.830887,11.626823,15.453208,13.862866,15.137962,17.443481,18.532785,22.198635,23.231567,27.009836,27.171642,31.3575,32.789024,31.13364,29.519968,24.765594,22.173927,19.129358,17.35798,14.074658,9.233341,6.053267,3.9734676,0.0,4.5378103,6.206348,8.529869,9.744026,12.6974125,14.502954,19.26886,19.72569,24.629337,27.774515,29.865074,32.96861,35.426018,38.014862,36.70734,37.542404,42.527588,42.821144,42.67219,41.53531,36.75365,36.04114,32.48762,32.10509,26.01774,25.688856,22.72169,23.601606,18.855295,18.474472,17.890503,16.732477,18.302763,23.898321,20.295425,23.164791,17.157576,20.7923,18.911076,17.701115,19.082537,16.965496,19.695765,19.924057,22.249668,25.906786,23.488146,24.674938,22.534773,27.554289,25.909267,29.85474,31.800735,34.69391,35.779263,34.3195,39.006058,40.655567,36.794632,35.01671,31.041172,31.879599,28.243511,31.549685,30.175274,25.939737,23.99906,27.454857,30.027344,29.699821,27.304298,31.452042,27.961073,29.557318,30.50148,30.793905
