,0,1,2,3,4,5,6,7,8,9,10,11,12,13,14,15,16,17,18,19,20,21,22,23,24,25,26,27,28,29,30,31,32,33,34,35,36,37,38,39,40,41,42,43,44,45,46,47,48,49,50,51,52,53,54,55,56,57,58,59,60,61,62,63,64,65,66,67,68,69,70,71,72,73,74,75,76,77,78,79,80,81,82,83,84,85,86,87,88,89,90,91,92,93,94,95,96,97,98,99,100,101,102,103,104,105,106,107,108,109,110
0,0.0,4.329916,6.3540583,9.59688,12.085866,14.624348,17.769846,21.365208,24.761885,27.820322,30.680454,36.21436,31.698105,30.415472,24.964952,24.54855,20.39924,20.249523,17.320852,16.656374,15.826148,15.004927,19.547533,16.572317,15.654436,18.176497,13.165797,18.85114,19.881598,22.043644,25.353193,26.905912,30.437878,33.32305,35.236885,38.81256,40.410248,38.67857,36.945045,33.16525,35.946747,30.635117,32.440495,29.866888,31.193432,30.946405,29.877993,31.042992,27.453947,32.782864,33.94423,28.536463,31.621593,36.481506,36.161697,37.805096,34.8381,37.133453,35.922867,37.90142,35.239746,37.809185,36.153038,39.93478,40.415314,36.423244,41.068462,39.677227,41.645092,41.58272,39.851906,37.26463,32.833424,34.848186,30.470276,31.263027,29.247248,28.246101,28.62829,26.299227,28.05622,28.93069,28.120447,25.865677,24.910597,25.668068,24.137524,27.025557,26.268858,29.650202,28.98672,33.355625,31.195457,29.00612,30.348133,27.599606,28.791273,22.77437,24.25875,19.359667,21.653406,20.837023,21.90796,23.687561,22.644747,21.47721,24.195368,23.745365,24.12962,27.007694,26.46476
1,4.329916,0.0,5.352958,6.585476,8.793278,12.606955,14.512231,19.001015,21.794836,25.461702,27.93902,33.563137,29.597702,28.115479,22.969116,21.74421,17.701694,16.743856,13.819796,12.603222,11.890126,11.013773,15.766153,13.454222,12.814512,15.511786,9.942969,16.028217,16.814713,19.546873,22.319712,24.847502,27.820618,31.288141,32.812145,36.390095,37.62883,35.848698,33.77185,29.928102,32.449207,27.012558,28.617708,25.849844,27.197582,26.672497,25.777637,26.9063,23.507587,28.833118,29.871548,24.80229,28.000402,32.690556,32.452255,33.8936,30.986633,33.020317,31.78797,33.928783,31.085554,33.793587,32.22314,35.992096,36.821648,32.84879,37.713505,36.661858,38.536472,38.95456,36.798847,34.24734,29.5661,31.40866,26.929806,27.394861,25.320374,24.061472,24.506607,21.997137,23.835732,24.80017,23.83608,21.58813,20.635998,21.68844,20.139973,23.310623,22.860552,26.416744,26.221313,30.548466,28.893665,26.796162,27.879591,24.938372,25.674797,19.72417,20.773802,15.510209,17.549803,16.556816,17.64036,19.514874,18.488295,17.2041,20.259018,19.631718,20.40667,23.357761,23.255022
2,6.3540583,5.352958,0.0,5.2846184,6.7417035,8.737762,11.998494,15.067758,18.705425,21.485859,24.506212,29.954832,25.423403,24.284225,18.751595,18.55085,14.577244,14.925507,12.774158,12.799114,13.562377,14.063159,19.02965,17.515654,16.096674,17.88252,11.527412,16.228443,16.008596,18.08163,20.681564,22.351004,25.008764,28.13471,29.610449,33.308685,34.75188,32.80071,31.28057,27.532873,30.267347,25.199577,27.14686,25.02796,26.516523,27.467684,26.144268,28.302645,25.459072,30.629904,30.959724,25.497965,29.3066,33.89286,32.777237,34.359196,30.783854,33.327927,31.670267,33.007725,30.746325,32.88446,31.16737,35.19714,35.017574,31.348297,35.908062,34.382328,36.788803,36.83349,35.472137,33.359085,28.399668,31.167309,26.872755,27.582085,26.27452,24.916893,26.415127,23.74645,26.312347,27.671432,25.875662,23.114075,21.261917,21.497997,19.412592,21.935999,20.60537,23.820995,22.892044,27.200659,24.961502,22.99896,24.647131,21.96402,23.719952,17.349972,19.738491,14.846887,18.791212,17.418354,19.883284,22.31522,21.253496,19.189045,21.84184,20.122694,20.55912,22.64187,22.182173
3,9.59688,6.585476,5.2846184,0.0,3.8716767,6.5841894,9.216167,13.25739,15.7927065,19.760687,21.817598,27.551989,23.59197,21.813253,16.95536,15.451171,11.256061,10.825696,7.8301606,8.0974655,8.663234,10.037927,14.809423,14.0548725,12.237485,13.52036,6.855588,11.242979,10.963731,13.5375395,16.018677,18.553564,21.241978,24.791866,26.232126,29.805288,31.0919,29.394224,27.435572,23.644276,26.59381,21.239592,23.731234,21.055677,23.435886,23.889072,23.312687,25.471107,23.239962,28.303942,28.316965,23.88322,27.87961,32.002804,31.075651,32.12353,28.591019,30.384727,28.389153,29.813637,26.636562,28.870026,26.93434,30.641523,30.883543,26.852472,31.492355,30.213264,32.25444,32.572987,30.715351,28.438763,23.538418,26.00313,21.66153,22.436586,21.084524,20.0587,21.567682,19.401,22.17587,24.046831,22.14486,19.716059,17.47523,18.910788,16.038208,19.446106,18.24935,21.756165,21.506596,25.546474,24.106554,22.755346,24.353428,21.457096,22.779871,16.355661,18.379911,12.459773,16.314056,13.781836,16.480757,18.886919,17.116343,14.831832,16.750462,15.232112,15.332425,17.66478,17.247965
4,12.085866,8.793278,6.7417035,3.8716767,0.0,5.976033,5.773445,10.635715,13.03383,16.96832,19.232306,24.843132,21.286375,19.785545,14.950238,13.177699,9.52049,8.465174,7.0221906,6.807523,9.360883,10.963082,15.642056,15.944296,14.688661,15.952125,9.298755,12.900371,11.4545355,14.304417,15.48215,18.822731,20.120926,24.266693,24.944538,28.650505,29.476807,27.404474,25.397373,21.546251,23.924574,18.693953,20.565472,18.29354,20.135319,21.321707,20.26401,22.925657,20.96591,25.85995,25.523264,20.818462,25.08998,29.129145,27.784111,28.938711,25.165033,27.308802,25.30665,26.536116,24.033724,26.154314,24.467695,28.56701,28.620754,25.060194,29.911915,28.847816,31.253845,32.053337,30.198812,28.345476,22.839655,25.675447,21.342978,21.546978,20.592144,18.750164,20.987957,18.064268,21.181671,22.972364,20.46865,17.559376,15.032835,15.60864,12.867985,15.82329,14.60378,18.105257,17.924358,22.072329,20.757927,19.225115,20.605467,17.652683,18.919718,12.486581,14.6884575,9.006562,13.800575,11.505993,15.00469,17.815845,16.690363,13.956408,16.711512,13.938104,14.9316225,16.581627,16.871748
5,14.624348,12.606955,8.737762,6.5841894,5.976033,0.0,7.06062,7.6854596,11.146871,14.101511,16.491789,22.069662,17.435589,15.836796,10.647362,10.382265,6.2566037,8.703253,7.7301955,10.300569,12.635354,15.249729,19.49519,19.688572,17.36578,17.451332,11.435869,12.494743,10.394088,11.520698,13.226468,14.5067425,16.421627,19.603148,20.884693,24.60123,26.133444,24.282623,23.068254,19.488203,22.883667,18.196507,21.480312,19.73393,22.622393,24.945295,24.109135,27.472757,26.210619,30.818222,29.858019,25.517803,30.111673,33.80166,31.874144,32.863346,28.59439,30.704762,28.061255,28.293718,25.699541,27.011026,24.805191,28.653708,27.4741,23.861551,27.93525,26.01318,28.737883,28.599709,27.823671,26.256168,21.072683,24.817612,20.985916,22.104784,21.990532,21.01383,23.854544,21.799534,25.3185,27.664785,24.866241,22.086071,18.750525,19.382538,15.641367,18.133825,15.610124,18.481129,17.380564,21.07368,19.17196,18.561169,21.021387,18.570662,21.171793,14.603832,18.268656,13.23103,18.94899,15.923045,20.006927,22.805965,21.012339,18.03093,19.001188,16.165081,15.591633,16.28385,15.299812
6,17.769846,14.512231,11.998494,9.216167,5.773445,7.06062,0.0,6.4723086,7.6711326,11.979135,13.936444,19.426674,16.622316,15.226324,11.107749,8.435556,6.27228,4.5836654,6.753742,7.345731,11.661735,14.07219,17.860172,19.55664,18.37272,18.913477,12.984303,14.351314,11.361273,13.916003,13.061206,17.208149,16.419918,21.262491,20.884163,24.641035,24.883818,22.451046,20.4325,16.606344,18.49762,13.574422,15.319362,13.746708,15.728862,18.50984,17.24482,21.021353,20.277086,24.492462,23.134712,18.954782,23.742008,27.106354,24.955359,25.871521,21.54031,23.768341,21.247572,21.670868,19.750145,21.317598,19.691095,24.128502,23.56841,20.601597,25.473507,24.573355,27.440928,28.757206,27.08277,25.928152,19.806871,23.328787,19.338142,19.064154,19.120564,16.674839,20.225117,17.02579,20.788681,22.91034,19.449442,16.22287,12.683662,12.4554205,8.871807,11.1483345,9.161612,12.569443,12.588688,16.523829,15.75245,14.751261,16.171532,13.288151,14.826691,8.526692,11.597913,6.7892723,13.14052,10.3918705,15.205499,18.319477,17.484251,14.146593,16.596914,12.184377,13.61804,13.723284,14.696893
7,21.365208,19.001015,15.067758,13.25739,10.635715,7.6854596,6.4723086,0.0,5.0618157,6.548672,9.667965,14.906853,10.739848,9.871417,4.8809624,5.181275,4.9826436,7.9804177,10.767277,13.084747,17.004375,19.897161,23.559536,25.088707,23.238197,23.062096,17.456371,17.18948,13.637034,14.391979,13.146829,15.111868,13.366091,17.358446,16.781929,20.66957,21.342379,18.716673,17.936071,14.585229,17.126392,13.555254,16.35168,16.167953,18.589777,23.02902,21.632008,26.144642,26.025097,29.789097,27.780893,23.752542,28.725983,31.707703,28.724752,29.636227,24.775368,27.293636,24.251558,23.257042,22.107183,22.466448,20.53146,24.85619,22.4483,20.08726,23.957972,22.128887,25.772602,26.299114,26.072535,25.658836,19.710094,24.414667,21.182669,21.555017,22.664848,20.809496,24.998236,22.386795,26.400164,28.811762,25.05125,21.869085,17.877895,17.007414,13.20055,13.864463,10.174415,11.990598,10.245653,13.567701,11.735354,11.935385,14.798101,12.859708,16.310583,10.660977,15.396479,12.52971,19.146496,16.400085,21.422153,24.515648,23.425926,19.982328,21.188005,16.66165,16.868153,15.565421,15.524445
8,24.761885,21.794836,18.705425,15.7927065,13.03383,11.146871,7.6711326,5.0618157,0.0,6.021966,6.318893,11.977557,9.912563,8.218737,6.5846977,2.3957396,5.720994,6.669599,10.719587,12.844573,16.949835,20.08576,22.87896,25.330265,23.690727,23.139706,18.386696,17.041994,13.018217,13.920582,10.827624,14.385426,10.66555,15.832261,14.152336,17.89017,17.721071,14.982583,13.470475,9.936697,12.188056,8.542218,11.902285,11.862365,15.118287,19.854774,19.013718,23.773035,24.61372,27.796246,25.215563,22.432314,27.415207,29.664482,26.64737,26.991144,22.150106,23.959393,20.484049,19.115833,17.572575,17.605572,15.553331,19.863207,17.489668,15.283128,19.409351,18.129702,21.746183,23.133648,22.372519,22.321177,16.019875,20.761019,17.857557,17.75237,19.476896,17.46777,22.20572,19.860834,24.037907,26.726294,22.650307,19.764072,15.390792,15.039238,10.671907,11.376872,7.6962233,9.324779,9.035394,11.386076,11.469701,12.649563,14.832831,12.937876,15.423295,10.982769,14.738927,12.261402,18.24456,15.018619,20.15808,23.105574,21.957005,18.438185,19.07654,14.053244,14.435057,12.093775,12.869343
9,27.820322,25.461702,21.485859,19.760687,16.96832,14.101511,11.979135,6.548672,6.021966,0.0,5.08538,8.846905,5.3238072,6.1226654,5.0956087,6.676429,9.962555,12.417321,16.141031,18.366407,22.512442,25.537767,28.681221,30.82832,29.060389,28.545969,23.457651,22.225986,18.278381,18.375282,15.642546,17.142225,12.729903,16.441889,14.1609,17.793982,17.72209,14.482957,14.695353,12.27889,13.882445,12.548342,14.937599,16.4693,18.551697,24.504637,22.952038,28.112997,28.98892,31.89765,29.059423,25.738308,30.737074,32.917095,29.143467,29.834839,24.673208,27.253563,23.861355,21.473564,21.64627,20.788675,19.088388,23.345377,19.421614,18.549883,21.544176,19.627817,24.00641,24.802244,25.429707,26.103497,20.206572,25.476625,23.136044,23.188808,25.284443,23.252722,28.133142,25.595694,29.75233,32.241226,28.005838,24.86138,20.653715,18.990007,15.522448,14.48922,10.276055,9.845561,7.2170153,8.6007805,6.992662,9.423461,12.709804,12.036647,16.065006,12.643868,17.362604,16.520426,22.841173,20.341393,25.521828,28.579897,27.773558,24.25296,25.091436,20.043268,20.315409,17.652203,17.93498
10,30.680454,27.93902,24.506212,21.817598,19.232306,16.491789,13.936444,9.667965,6.318893,5.08538,0.0,5.842563,5.541231,4.354107,7.6721272,6.5215144,10.908502,12.646572,16.507593,18.895187,22.794458,26.087059,28.462486,31.168541,29.351463,28.32959,24.163376,21.76968,17.658262,17.438406,13.542445,15.543788,9.444802,13.766494,10.385915,13.79198,13.030096,9.721761,9.6193,7.5016174,9.476498,9.123638,12.7113905,14.297716,17.544388,23.310745,22.593092,27.724426,29.389788,31.85268,28.599636,26.600813,31.515053,33.03196,29.428663,29.473839,24.49242,26.098442,22.239813,19.413195,18.786768,17.332113,15.2671995,19.016623,14.57728,13.883891,16.52524,14.768298,19.21326,20.510729,21.002293,22.13503,16.359444,21.727716,20.034327,20.04535,22.780136,21.148544,26.26819,24.430391,28.620367,31.460423,27.156492,24.508179,20.072868,19.375372,15.417985,14.836729,11.07073,10.404412,9.561226,9.223561,10.098162,13.225435,15.728666,15.042284,17.989521,15.329327,19.090212,17.996223,23.645254,20.556532,25.618614,28.42957,27.275114,23.810009,23.650084,18.712496,18.55491,15.045921,15.484448
11,36.21436,33.563137,29.954832,27.551989,24.843132,22.069662,19.426674,14.906853,11.977557,8.846905,5.842563,0.0,6.637508,7.6632156,12.296012,12.354673,16.702332,18.345875,22.311556,24.536068,28.497826,31.740791,33.927418,36.85161,35.109924,34.001896,29.991861,27.394772,23.294312,22.783152,18.64303,19.948753,13.1499605,16.115675,11.570545,13.848626,12.056559,8.298217,9.996838,10.073301,10.061494,12.657032,14.903608,17.740843,20.154907,26.635704,25.74746,31.081104,33.29769,35.105286,31.383839,29.858185,34.59972,35.512524,31.393723,31.306683,26.343569,27.971983,24.106752,20.199232,20.989443,18.471596,16.951172,20.14531,14.321336,15.66637,16.804522,15.153945,19.977018,21.423697,22.822021,24.896643,19.773308,25.082272,24.202356,23.974731,27.181423,25.477869,30.767319,28.961521,33.06807,35.814774,31.333792,28.754927,24.472887,23.152142,19.867563,18.20899,14.780471,12.647731,11.609054,8.858177,10.528793,14.614424,16.832544,17.21557,20.183178,19.14503,22.682495,22.83156,28.185698,25.497917,30.468367,33.211468,32.338604,28.933743,28.72898,23.729729,23.696957,19.77724,20.343788
12,31.698105,29.597702,25.423403,23.59197,21.286375,17.435589,16.622316,10.739848,9.912563,5.3238072,5.541231,6.637508,0.0,3.6866677,6.8301334,9.541004,13.030319,16.261768,19.608343,22.42321,26.202381,29.515823,32.395775,34.52361,32.36344,31.315203,26.809114,24.524933,20.60604,19.664242,16.844822,16.606714,11.568805,13.660555,10.982815,14.209682,14.577409,11.582289,13.374277,12.178714,14.467235,14.6354685,17.968958,19.724298,22.509657,28.508465,27.393852,32.59581,33.84579,36.553635,33.448086,30.700937,35.674904,37.517822,33.63572,34.04932,28.911228,31.076675,27.3786,24.351778,24.295763,22.690792,20.684496,24.166517,19.03747,18.606388,20.190458,17.47139,22.168179,22.175629,24.07045,25.358376,20.246437,25.904755,24.373425,24.96823,27.609955,26.28544,31.243784,29.40348,33.60747,36.39332,32.16449,29.308508,24.928598,23.780933,20.030025,19.14718,15.043255,14.041309,11.593829,11.108494,9.860934,13.377409,16.809177,16.77965,20.846815,17.939682,22.531431,21.56698,27.76787,24.87992,30.034798,32.978745,31.75917,28.254827,28.10182,23.413023,22.81458,19.615963,19.15784
13,30.415472,28.115479,24.284225,21.813253,19.785545,15.836796,15.226324,9.871417,8.218737,6.1226654,4.354107,7.6632156,3.6866677,0.0,5.950571,7.1906247,10.750541,14.002524,17.09015,20.174511,23.663235,27.142698,29.73422,31.937572,29.642662,28.322971,24.274303,21.419989,17.499744,16.352186,13.335372,13.203167,7.9217515,10.66767,8.2231865,11.869804,12.566476,9.965368,11.106499,9.4942465,12.966367,12.42136,16.851654,17.868961,21.577019,26.912817,26.350988,31.325455,32.633503,35.467934,32.450787,30.137184,35.112267,36.93493,33.45456,33.60149,28.618673,30.235146,26.367767,23.698124,22.505621,21.118547,18.69398,21.899015,17.152534,15.860506,17.622965,14.774872,19.242226,19.216726,20.765814,21.815561,16.71484,22.39941,20.893639,21.772364,24.442955,23.552126,28.392147,27.021723,31.219229,34.2312,30.151104,27.571806,23.080362,22.81848,18.547976,18.541914,14.6015415,14.32264,12.715226,12.692496,12.231672,15.376438,18.557636,17.945625,21.486485,18.018312,22.28711,20.442768,26.43738,23.044529,28.103868,30.91918,29.307425,25.852232,25.091438,20.710245,19.63278,16.37221,15.621699
14,24.964952,22.969116,18.751595,16.95536,14.950238,10.647362,11.107749,4.8809624,6.5846977,5.0956087,7.6721272,12.296012,6.8301334,5.950571,0.0,5.5418963,7.0967226,11.31512,13.914968,16.955448,20.50578,23.734243,27.089931,28.633974,26.351124,25.56901,20.594372,19.02179,15.349722,14.786425,13.281474,13.322096,10.886356,13.771833,13.176973,17.005655,18.18769,15.723504,16.004644,13.333936,16.618828,14.249614,18.038942,18.382725,21.468315,26.373983,25.294647,30.038458,30.396461,33.88899,31.50136,27.999836,33.013664,35.628967,32.370724,33.05128,28.052456,30.318338,26.893059,25.107569,23.934092,23.510927,21.25653,25.094902,21.509676,19.446377,22.281546,19.699081,23.708359,23.505417,24.39421,24.506987,19.060938,24.372961,21.858318,22.77706,24.544338,23.331932,27.757244,25.799082,29.92362,32.643456,28.795383,25.846733,21.5923,20.999256,16.90418,17.266235,13.221024,13.978909,11.71033,13.671093,11.663994,13.325385,16.820385,15.657165,19.616886,14.800206,19.630413,17.157085,23.653603,20.567911,25.629915,28.627136,27.162382,23.699078,23.851038,19.540762,18.82128,16.731989,15.892159
15,24.54855,21.74421,18.55085,15.451171,13.177699,10.382265,8.435556,5.181275,2.3957396,6.676429,6.5215144,12.354673,9.541004,7.1906247,5.5418963,0.0,4.4411173,6.8365498,10.223759,13.026062,16.73631,20.097906,22.855114,25.095394,23.112053,22.244667,17.747124,15.788696,11.744095,12.064695,9.195886,12.063621,8.771804,13.724013,12.591492,16.398394,16.764727,14.375852,13.091962,9.612625,12.921616,9.306569,13.650316,13.216973,17.107788,21.39791,20.91333,25.483774,26.24658,29.572653,27.09234,24.449545,29.404589,31.699883,28.854027,29.10492,24.348284,25.899633,22.326675,20.983782,18.822578,18.790543,16.390062,20.28761,17.731174,15.049245,18.835245,17.108353,20.648329,21.530865,21.048471,20.88211,14.824452,19.783474,16.988108,17.45557,19.242208,17.858578,22.434732,20.611101,24.781706,27.671827,23.776281,21.103077,16.684723,16.977448,12.343219,13.600735,10.0559845,11.6537075,11.137732,13.205687,13.013719,14.454006,16.95168,15.140264,17.78485,13.0744915,16.869663,13.784514,19.714813,16.118114,21.154308,24.014984,22.430895,18.947596,18.881937,14.306467,13.857198,11.506306,11.500408
16,20.39924,17.701694,14.577244,11.256061,9.52049,6.2566037,6.27228,4.9826436,5.720994,9.962555,10.908502,16.702332,13.030319,10.750541,7.0967226,4.4411173,0.0,5.098121,6.8370624,10.179434,13.461501,16.813536,20.041174,21.634422,19.417866,18.723215,13.792245,12.450111,8.755921,9.507454,8.611434,11.246629,10.870994,15.16361,15.454809,19.210411,20.224062,18.284302,16.833445,13.232333,16.812553,12.342381,16.477848,15.023709,18.858799,21.983412,21.591484,25.587147,25.551182,29.485788,27.658522,24.481197,29.327467,32.190784,29.873465,30.328032,25.823967,27.404028,24.167843,23.693977,20.879887,21.613096,19.173985,22.92918,21.284065,17.832754,21.84703,20.061539,23.025013,23.43421,22.60264,21.614065,15.893643,20.269238,16.855444,17.767513,18.670156,17.636265,21.485367,19.742996,23.727365,26.550585,23.1222,20.490309,16.3746,17.289915,12.664829,15.002813,11.997338,14.507382,13.949556,16.854055,16.011223,16.540386,19.002024,16.74595,19.218489,13.438013,17.096327,12.649393,18.56207,14.797786,19.557104,22.391508,20.477636,17.109838,17.157612,13.305576,12.509511,11.612875,10.9708
17,20.249523,16.743856,14.925507,10.825696,8.465174,8.703253,4.5836654,7.9804177,6.669599,12.417321,12.646572,18.345875,16.261768,14.002524,11.31512,6.8365498,5.098121,0.0,4.5038304,6.269559,10.301261,13.462619,16.281034,18.676645,17.201483,16.947647,12.1715765,11.662745,8.088911,10.737425,8.910043,14.2184305,13.214397,18.480484,18.103746,21.642836,21.787653,19.764008,17.229836,13.33587,15.810796,10.419366,13.551999,11.153687,14.900477,17.10808,16.988518,20.67574,20.747845,24.629875,22.91424,20.192467,24.90543,27.643074,25.767046,26.018553,21.85481,23.029493,20.000067,20.342073,17.036108,18.555439,16.440159,20.422201,20.200377,16.630514,21.568867,20.85708,23.320013,24.861086,22.727512,21.466537,15.332986,18.747093,14.807438,14.694063,15.080945,13.183584,17.064665,14.781541,18.796011,21.54547,18.031042,15.428648,11.318723,12.920783,8.130059,11.590553,9.795709,13.121082,13.965229,17.060135,17.263863,17.245491,18.671122,15.94868,17.00513,11.603017,13.816176,8.755537,13.937137,9.8612995,14.682368,17.51573,15.855753,12.385379,13.289966,8.749454,9.454102,9.157769,10.287531
18,17.320852,13.819796,12.774158,7.8301606,7.0221906,7.7301955,6.753742,10.767277,10.719587,16.141031,16.507593,22.311556,19.608343,17.09015,13.914968,10.223759,6.8370624,4.5038304,0.0,4.1402926,6.650519,10.14159,13.232853,14.916355,12.985877,12.685298,7.779274,7.705347,5.040382,8.5666485,8.990949,13.73197,15.00946,19.5608,20.29647,23.681376,24.421717,22.909616,20.366043,16.572437,19.651167,14.123774,17.543278,14.4305935,18.331356,19.014307,19.398552,22.173813,21.5445,25.897018,24.876293,22.140228,26.51212,29.597841,28.414345,28.665546,24.948635,25.785402,23.044794,24.039368,19.887873,21.862595,19.583447,22.985065,23.399046,19.134882,23.901096,23.030136,24.867722,25.88032,23.470354,21.436348,16.05246,18.67961,14.383609,15.001499,14.40109,13.515891,16.17173,14.632306,18.212585,21.01831,18.30593,16.20339,12.756716,15.508472,11.165522,15.337549,14.05356,17.53099,18.219923,21.479498,21.322414,21.059753,22.574417,19.722816,20.64447,14.857762,16.632689,10.5559635,14.673179,10.349681,14.1855955,16.684708,14.220901,11.119562,11.369439,8.649324,8.218568,9.876292,9.982415
19,16.656374,12.603222,12.799114,8.0974655,6.807523,10.300569,7.345731,13.084747,12.844573,18.366407,18.895187,24.536068,22.42321,20.174511,16.955448,13.026062,10.179434,6.269559,4.1402926,0.0,4.6458035,7.267316,10.562029,12.706329,11.863211,12.6028185,7.6134386,9.796475,8.276318,12.277983,12.305039,17.73439,18.484377,23.409016,23.707037,27.057644,27.31112,25.599487,22.653233,18.806015,20.9316,15.244148,17.280441,13.81162,16.722183,16.32887,16.626513,18.79196,17.699846,22.260159,21.70092,18.858694,22.958506,26.233822,25.527512,25.853825,22.558466,23.353346,21.139856,22.953651,18.950108,21.588337,19.823374,23.410242,24.748625,20.7379,25.96455,25.720247,27.37493,29.022581,25.989271,23.865316,18.407717,20.236946,15.714754,15.3763895,13.99313,12.123882,14.217212,11.71307,15.040364,17.447083,14.895186,12.685327,9.8951025,12.924763,9.464969,14.041474,13.868871,17.653057,18.916052,22.418478,22.563938,21.701563,22.510466,19.417917,19.37215,13.989288,14.497068,8.095066,10.919578,6.764921,10.215099,12.803273,10.836766,7.7354693,10.108574,7.3532834,9.015129,11.411281,12.718165
20,15.826148,11.890126,13.562377,8.663234,9.360883,12.635354,11.661735,17.004375,16.949835,22.512442,22.794458,28.497826,26.202381,23.663235,20.50578,16.73631,13.461501,10.301261,6.650519,4.6458035,0.0,3.775979,6.8920856,8.389276,7.2898903,8.264925,4.4163013,7.7556744,8.384439,12.3791685,13.745819,18.671942,20.822895,25.222977,26.230986,29.335255,29.922949,28.678982,25.613619,21.909195,24.444054,18.727022,21.144356,17.190037,20.420305,18.597708,19.631859,20.742529,19.236965,23.908009,23.981619,21.696842,25.22569,28.524567,28.584196,28.720205,25.991869,26.18823,24.209017,26.5042,21.64963,24.576822,22.670103,25.57493,27.568417,23.033726,28.049166,27.834806,28.814402,30.175497,26.73669,23.965847,19.42374,20.219835,15.649947,15.837376,13.457497,12.850422,13.22579,12.034378,14.4705105,16.910109,15.530095,14.324264,12.525465,16.579565,13.549985,18.368107,18.45728,22.227692,23.52766,26.959904,27.083166,26.256618,27.112686,23.998127,23.78115,18.476458,18.576561,12.198734,13.279775,9.451933,10.784268,12.443245,9.326576,7.372003,8.440959,8.702272,9.143945,12.924763,13.576605
21,15.004927,11.013773,14.063159,10.037927,10.963082,15.249729,14.07219,19.897161,20.08576,25.537767,26.087059,31.740791,29.515823,27.142698,23.734243,20.097906,16.813536,13.462619,10.14159,7.267316,3.775979,0.0,5.0135818,5.676328,6.324962,8.893635,6.057182,10.877581,12.101468,15.999317,17.488974,22.36727,24.56862,28.99328,29.96473,33.07672,33.548267,32.225746,29.045073,25.327131,27.454962,21.741142,23.396555,19.398277,21.789503,19.031454,19.965227,20.178038,17.900679,22.766962,23.58136,21.146252,24.114634,27.678894,28.3402,28.615652,26.408762,26.59719,25.194609,28.086582,23.453478,26.757647,25.191729,28.096718,30.598297,26.202778,31.36093,31.390373,32.23917,33.77568,30.080887,27.1841,22.82978,23.108234,18.572584,18.364273,15.423665,14.493315,13.778846,12.213144,13.694212,15.413649,14.890742,13.969117,13.370566,17.270163,15.265835,19.935205,20.603367,24.44466,25.8766,29.498995,29.593391,28.33639,28.831251,25.626919,24.908777,19.90938,19.256956,13.185869,12.695202,10.018678,9.63925,10.742585,8.076094,7.3576994,9.976193,11.042125,12.288363,16.231993,17.183899
22,19.547533,15.766153,19.02965,14.809423,15.642056,19.49519,17.860172,23.559536,22.87896,28.681221,28.462486,33.927418,32.395775,29.73422,27.089931,22.855114,20.041174,16.281034,13.232853,10.562029,6.8920856,5.0135818,0.0,5.0060983,6.9241323,8.677632,9.516765,12.234639,13.93538,17.676554,18.710924,24.063177,26.14331,30.622038,31.502415,34.24893,34.45169,33.477936,29.885603,26.420631,28.33049,22.778803,24.375492,19.930836,22.65743,18.470585,20.49193,19.789927,18.09037,22.336306,23.291945,22.430058,24.831327,27.71547,29.06727,28.76242,27.212767,26.347097,25.070421,28.395674,22.879137,26.457762,24.967024,27.113493,30.607546,26.056314,31.118177,31.693054,31.828264,33.781563,29.328653,26.166025,22.508123,21.537205,17.28465,16.767782,13.082499,12.876519,10.439426,10.399702,10.763026,12.733542,13.264992,13.752175,13.87221,18.922089,17.101542,22.010122,23.177126,26.906254,28.89887,32.12339,32.84101,31.880398,32.136436,28.953623,27.670776,23.347923,22.002897,16.357925,14.412155,11.669153,9.7375765,9.431855,5.5001893,6.6945724,7.6945367,10.9920845,12.095128,16.384617,17.67728
23,16.572317,13.454222,17.515654,14.0548725,15.944296,19.688572,19.55664,25.088707,25.330265,30.82832,31.168541,36.85161,34.52361,31.937572,28.633974,25.095394,21.634422,18.676645,14.916355,12.706329,8.389276,5.676328,5.0060983,0.0,4.02635,7.4248166,8.666225,12.84455,15.462921,18.811466,21.09453,25.345848,28.528965,32.44584,33.962723,36.814278,37.539207,36.61888,33.359158,29.804508,32.199615,26.532085,28.451096,24.182648,26.784794,23.025368,24.527224,23.810493,21.311367,25.926151,27.334438,25.553635,27.83908,31.266054,32.6602,32.74081,31.111513,30.752258,29.598783,32.835228,27.605045,31.066877,29.430223,31.692165,34.739037,30.008722,34.88577,34.974773,35.191193,36.469128,32.454712,29.051846,25.745771,25.02142,20.802221,21.001862,17.430925,17.67245,15.318169,15.279961,15.454714,16.817675,17.759813,17.894611,18.06188,22.43249,20.648428,25.412462,26.20716,30.03375,31.508286,35.065567,35.170544,33.963913,34.494415,31.285295,30.449749,25.552076,24.68095,18.784119,17.38746,15.15771,13.408537,13.220509,10.138142,11.150722,11.997814,15.174806,15.511117,19.92287,20.38086
24,15.654436,12.814512,16.096674,12.237485,14.688661,17.36578,18.37272,23.238197,23.690727,29.060389,29.351463,35.109924,32.36344,29.642662,26.351124,23.112053,19.417866,17.201483,12.985877,11.863211,7.2898903,6.324962,6.9241323,4.02635,0.0,3.9194655,5.941177,9.517251,12.673545,15.564209,18.555145,22.041033,25.918507,29.365559,31.327091,34.130096,35.257294,34.532433,31.551264,28.053566,31.064188,25.425112,28.187397,23.999731,27.328543,24.41428,25.903336,25.94846,23.835688,28.520222,29.407719,27.430777,30.246971,33.667274,34.530334,34.606754,32.461197,32.248558,30.597042,33.28917,27.858727,30.948023,28.922235,31.107887,33.55773,28.585157,33.145927,32.786957,33.038315,33.765484,30.169949,26.68829,23.618532,23.281042,19.1225,20.090563,16.92078,17.849,16.200012,16.654581,17.615782,19.611895,19.879978,19.689304,18.9326,23.321741,20.72411,25.564962,25.725945,29.497068,30.626968,34.108875,33.97592,33.08948,34.0877,30.959438,30.763046,25.358114,25.31314,19.023697,18.993507,15.972077,15.456252,15.848219,12.243482,12.311976,11.704495,14.787006,13.960497,18.3224,17.995356
25,18.176497,15.511786,17.88252,13.52036,15.952125,17.451332,18.913477,23.062096,23.139706,28.545969,28.32959,34.001896,31.315203,28.322971,25.56901,22.244667,18.723215,16.947647,12.685298,12.6028185,8.264925,8.893635,8.677632,7.4248166,3.9194655,0.0,6.733508,7.096491,10.865595,13.110717,16.38672,19.422352,23.762749,26.811567,29.079327,31.619427,32.9538,32.59781,29.685244,26.409847,29.868797,24.41508,27.932411,23.692526,27.829445,25.20179,27.098,27.519125,26.063364,30.498392,30.901974,29.450363,32.528873,35.5992,36.224693,36.024654,33.67615,33.137512,31.061153,33.36717,27.424133,30.205667,27.853563,29.584358,31.86673,26.637861,30.791138,30.276987,30.207731,30.632898,27.07193,23.415709,20.948664,20.419586,16.547022,18.197342,15.291999,17.233553,15.789268,17.271746,18.56604,21.153406,21.127523,21.131763,19.780302,24.57382,21.323889,26.278404,26.090973,29.712694,30.827776,33.984203,34.004086,33.60613,34.888184,31.864168,31.954695,26.48581,26.837715,20.449793,21.024141,17.298618,17.387093,17.843245,13.680711,13.405969,10.789568,14.372372,12.277742,16.554667,15.591005
26,13.165797,9.942969,11.527412,6.855588,9.298755,11.435869,12.984303,17.456371,18.386696,23.457651,24.163376,29.991861,26.809114,24.274303,20.594372,17.747124,13.792245,12.1715765,7.779274,7.6134386,4.4163013,6.057182,9.516765,8.666225,5.941177,6.733508,0.0,6.530261,8.431946,11.54329,14.560497,17.859514,21.410076,24.971786,26.786245,29.907373,31.151106,30.098639,27.5011,23.850115,27.075739,21.452492,24.518827,20.824898,24.246727,22.942934,23.726488,24.975513,23.116589,27.982937,28.199898,25.359627,28.930365,32.532837,32.46075,32.821163,29.89944,30.420715,28.354345,30.340836,25.5879,28.223694,26.051098,28.862537,30.253521,25.509832,30.104292,29.276705,30.294615,30.804972,27.965302,24.988575,20.980795,22.07526,17.702328,18.805628,16.616165,16.822756,17.034288,16.399284,18.630419,20.949312,19.874626,18.614817,16.750755,20.281778,17.070482,21.607533,21.070398,24.763838,25.417494,28.995108,28.482233,27.67293,29.022486,25.994818,26.490004,20.596704,21.512102,15.0451355,16.959114,13.471188,14.868786,16.422245,13.279652,11.730924,11.790539,12.576523,11.688434,15.334217,14.761545
27,18.85114,16.028217,16.228443,11.242979,12.900371,12.494743,14.351314,17.18948,17.041994,22.225986,21.76968,27.394772,24.524933,21.419989,19.02179,15.788696,12.450111,11.662745,7.705347,9.796475,7.7556744,10.877581,12.234639,12.84455,9.517251,7.096491,6.530261,0.0,4.1312876,6.1065946,9.687676,12.582935,16.809992,19.892206,22.124413,24.81682,26.338825,25.9168,23.374432,20.114908,24.148756,18.913366,23.372717,19.636719,24.506084,23.682022,25.228003,27.035534,26.37916,30.678856,30.069546,28.356888,32.241665,35.118385,34.695267,34.512238,31.332216,31.19136,28.408049,29.683857,24.065928,26.098614,23.35586,25.381922,26.42081,21.235302,25.163425,24.078547,24.637,24.750706,21.962498,18.818686,15.485247,16.621778,12.675571,14.969208,13.582527,15.337206,16.155497,17.092203,19.7925,22.977379,21.472816,20.651321,17.878147,22.113844,17.846771,22.468567,21.377972,24.685446,25.429506,28.263872,28.203096,28.382322,30.147882,27.37242,28.239742,22.558865,23.990095,17.7146,20.280233,15.757648,17.888435,19.348501,15.440206,13.552853,10.4335785,11.596185,8.216842,11.40843,9.492626
28,19.881598,16.814713,16.008596,10.963731,11.4545355,10.394088,11.361273,13.637034,13.018217,18.278381,17.658262,23.294312,20.60604,17.499744,15.349722,11.744095,8.755921,8.088911,5.040382,8.276318,8.384439,12.101468,13.93538,15.462921,12.673545,10.865595,8.431946,4.1312876,0.0,4.179828,6.1816645,10.329358,13.263116,17.04763,18.67454,21.617897,22.883268,22.149914,19.647383,16.246088,20.292091,15.097346,19.796469,16.420753,21.462067,21.679544,22.925814,25.457806,25.271702,29.371298,28.220575,26.419598,30.652338,33.351807,32.375378,32.208183,28.64334,28.752443,25.680927,26.441433,21.240221,22.90993,20.108232,22.538137,22.960918,18.01116,22.114365,20.943876,22.099813,22.516891,20.03142,17.50642,13.055182,15.373041,11.360214,13.329708,12.918211,13.88348,16.065168,16.28291,19.637941,22.94025,20.634298,19.324823,15.87701,19.595028,14.918992,19.22717,17.759436,20.884878,21.584167,24.244804,24.308958,24.737528,26.582382,23.933233,25.0306,19.473576,21.304926,15.373357,18.855747,14.1337385,17.306072,19.253721,15.829455,13.201601,10.678458,9.770411,6.541224,8.463236,6.6808133
29,22.043644,19.546873,18.08163,13.5375395,14.304417,11.520698,13.916003,14.391979,13.920582,18.375282,17.438406,22.783152,19.664242,16.352186,14.786425,12.064695,9.507454,10.737425,8.5666485,12.277983,12.3791685,15.999317,17.676554,18.811466,15.564209,13.110717,11.54329,6.1065946,4.179828,0.0,5.4478593,6.535391,11.241776,13.8243265,16.3658,19.06694,21.04729,20.794767,18.896954,15.947104,20.791052,16.27481,21.791317,18.872274,24.315302,25.142698,26.419342,29.25307,29.309032,33.28618,31.874403,30.152033,34.521194,37.094875,35.836376,35.60941,31.826658,31.931616,28.567762,28.73547,23.549046,24.611652,21.49472,23.473146,23.02351,18.005787,21.185543,19.272303,20.392168,19.802168,18.191252,15.745876,12.128201,15.087326,11.964771,14.905124,15.23999,16.946276,19.266481,20.043634,23.409615,26.857746,24.50897,23.256643,19.588964,23.052292,18.140781,22.015865,19.963999,22.651098,22.89126,25.138409,24.980152,25.948906,28.27515,25.9125,27.614916,22.027681,24.489332,18.855207,22.83971,18.11312,21.448124,23.365976,19.820086,17.273699,13.999597,13.322652,9.343997,9.989172,6.4770164
30,25.353193,22.319712,20.681564,16.018677,15.48215,13.226468,13.061206,13.146829,10.827624,15.642546,13.542445,18.64303,16.844822,13.335372,13.281474,9.195886,8.611434,8.910043,8.990949,12.305039,13.745819,17.488974,18.710924,21.09453,18.555145,16.38672,14.560497,9.687676,6.1816645,5.4478593,0.0,7.2384973,7.606695,12.089054,12.96747,15.728606,16.76008,16.261133,13.794598,10.746254,15.487518,11.177357,17.091295,14.449095,20.335672,21.833408,23.253487,26.568993,27.509602,30.886547,28.819397,27.812399,32.290234,34.261642,32.648266,32.1153,28.220173,28.047358,24.35581,24.016697,18.861967,19.479156,16.258593,18.292711,17.61005,12.675915,16.248014,14.790342,16.292833,16.904806,14.82523,13.2017565,7.9145155,12.010406,9.085048,11.33658,12.930663,14.027418,17.53823,18.067207,21.822393,25.428347,22.429976,21.130756,17.012445,20.31066,15.190429,18.672657,16.639332,18.922194,19.699053,21.31792,22.01898,23.46413,25.506937,23.322916,24.723347,19.98085,22.215973,17.400475,21.411274,16.592222,20.425858,22.467619,19.352215,16.455688,13.285723,11.081643,7.581008,5.7358456,2.705736
31,26.905912,24.847502,22.351004,18.553564,18.822731,14.5067425,17.208149,15.111868,14.385426,17.142225,15.543788,19.948753,16.606714,13.203167,13.322096,12.063621,11.246629,14.2184305,13.73197,17.73439,18.671942,22.36727,24.063177,25.345848,22.041033,19.422352,17.859514,12.582935,10.329358,6.535391,7.2384973,0.0,7.418686,7.6326275,11.315786,13.671448,16.625898,16.922823,16.257616,14.2642765,19.82803,16.801096,23.022787,21.149971,26.818758,28.966648,30.054916,33.585667,34.21697,37.83934,35.807987,34.2068,38.847588,41.08852,39.16418,38.8631,34.670277,34.912468,31.116425,30.18768,25.576902,25.552853,22.19979,23.763756,21.588676,17.139875,18.753412,15.632079,17.280733,15.281041,15.735397,14.414418,11.647792,16.027008,14.494668,17.739454,19.379034,21.156487,24.233599,25.09078,28.720222,32.304043,29.496765,28.067877,23.95076,26.684557,21.569023,24.488857,21.652077,23.431852,23.060717,24.406353,24.117125,26.02155,28.902502,27.123827,29.617737,24.433725,27.699408,22.927786,27.706724,23.050707,26.953356,29.052423,25.725393,22.959442,19.53319,18.099018,14.194098,12.8306465,8.90358
32,30.437878,27.820618,25.008764,21.241978,20.120926,16.421627,16.419918,13.366091,10.66555,12.729903,9.444802,13.1499605,11.568805,7.9217515,10.886356,8.771804,10.870994,13.214397,15.00946,18.484377,20.822895,24.56862,26.14331,28.528965,25.918507,23.762749,21.410076,16.809992,13.263116,11.241776,7.606695,7.418686,0.0,6.0699797,5.436859,8.684591,10.24371,9.757911,9.0952015,7.3837953,12.99429,11.332194,17.604086,16.884262,22.397202,25.882122,26.716234,30.938807,32.476894,35.367397,32.55653,31.477407,36.234337,37.81545,35.2491,34.74967,30.323503,30.5845,26.48855,24.589607,20.903765,19.936102,16.687944,18.53563,15.008961,11.5801,13.114939,9.997204,13.2527075,12.938655,13.60878,14.094837,9.533243,15.250432,14.291064,16.201174,19.062134,19.681688,23.977896,24.126657,28.106087,31.63644,28.067892,26.379753,21.906939,23.75657,18.771444,20.570566,17.525206,18.366774,18.280981,18.567287,19.216969,21.879301,24.509022,23.17611,25.572424,21.607376,24.833666,21.453234,26.429796,22.059858,26.521664,28.840115,26.255966,23.130566,20.473307,17.371494,14.734805,11.326165,9.348799
33,33.32305,31.288141,28.13471,24.791866,24.266693,19.603148,21.262491,17.358446,15.832261,16.441889,13.766494,16.115675,13.660555,10.66767,13.771833,13.724013,15.16361,18.480484,19.5608,23.409016,25.222977,28.99328,30.622038,32.44584,29.365559,26.811567,24.971786,19.892206,17.04763,13.8243265,12.089054,7.6326275,6.0699797,0.0,5.2997904,6.81938,10.81366,11.736102,12.928131,12.64723,18.042694,17.275818,23.463514,22.932394,28.410004,31.910759,32.770256,36.967175,38.36255,41.38549,38.624348,37.3905,42.189663,43.86727,41.224342,40.772305,36.28191,36.595943,32.45829,30.308178,26.701838,25.432934,22.152767,23.275118,19.123583,16.14955,15.752913,11.457726,14.214868,11.242813,14.450963,15.243877,13.124732,18.364182,18.292133,20.998375,23.790909,25.157635,29.04408,29.707287,33.569405,37.193832,33.83689,32.244835,27.81253,29.684116,24.687222,26.398447,23.089254,23.660336,22.916555,22.894567,22.896152,25.86216,28.970612,27.948252,30.913004,26.74979,30.425398,26.915653,32.12152,27.693981,32.06448,34.323933,31.417086,28.422995,25.19463,22.832405,19.521904,16.608725,13.647288
34,35.236885,32.812145,29.610449,26.232126,24.944538,20.884693,20.884163,16.781929,14.152336,14.1609,10.385915,11.570545,10.982815,8.2231865,13.176973,12.591492,15.454809,18.103746,20.29647,23.707037,26.230986,29.96473,31.502415,33.962723,31.327091,29.079327,26.786245,22.124413,18.67454,16.3658,12.96747,11.315786,5.436859,5.2997904,0.0,3.8897326,6.270015,6.4663415,8.338114,8.913067,13.674788,14.239017,19.97627,20.28752,25.400656,29.655184,30.32854,34.861794,36.8009,39.30908,36.10108,35.240406,40.021835,41.243874,38.23493,37.653656,33.101288,33.415035,29.17842,26.415058,23.593977,21.699303,18.659218,19.932875,14.8151655,13.012388,12.37673,8.209807,12.361309,11.239894,14.108094,15.968106,12.7715845,18.353592,18.475195,20.220734,23.562458,24.150293,28.641727,28.824797,32.80972,36.32438,32.562767,30.845675,26.333904,27.60687,22.890299,23.819204,20.544832,20.42726,19.94089,19.090992,19.84917,23.26022,26.060066,25.359869,28.123796,24.913292,28.397251,25.849625,30.987766,26.850576,31.427868,33.77246,31.371664,28.231298,25.566061,22.331783,19.886957,16.120186,14.420684
35,38.81256,36.390095,33.308685,29.805288,28.650505,24.60123,24.641035,20.66957,17.89017,17.793982,13.79198,13.848626,14.209682,11.869804,17.005655,16.398394,19.210411,21.642836,23.681376,27.057644,29.335255,33.07672,34.24893,36.814278,34.130096,31.619427,29.907373,24.81682,21.617897,19.06694,15.728606,13.671448,8.684591,6.81938,3.8897326,0.0,4.681736,7.00073,9.442954,11.264837,15.465432,16.872627,22.48477,22.866293,28.105608,32.175335,33.15834,37.58884,39.828846,42.086666,38.729145,38.39063,43.07674,43.98663,41.016594,40.190483,35.790718,35.716927,31.403784,28.425762,25.444675,23.192863,20.174068,20.535715,15.1628065,13.873085,11.544279,6.9532022,10.629831,8.698959,12.921067,15.533557,13.788223,18.855373,19.884157,21.765518,25.352262,26.365704,30.7046,31.368963,35.223145,38.839584,35.161236,33.7221,29.271868,30.789158,26.12063,27.034407,23.945549,23.614962,23.309328,21.98981,23.059961,26.677765,29.377016,28.832232,31.445673,28.568014,31.860981,29.407124,34.27461,30.056164,34.459263,36.639587,34.10037,31.099276,27.923431,25.062622,22.370459,18.514225,16.742037
