,0,1,2,3,4,5,6,7,8,9,10,11,12,13,14,15,16,17,18,19,20,21,22,23,24,25,26,27,28,29,30,31,32,33,34,35,36,37,38,39,40,41,42,43,44,45,46,47,48,49,50,51,52,53,54,55,56,57,58,59,60,61,62,63,64,65,66,67,68,69,70,71,72,73,74,75,76,77,78,79,80,81,82,83,84,85,86,87,88,89,90,91,92,93,94,95,96,97,98,99,100,101,102,103,104,105,106,107,108,109,110
0,0.0,4.2458997,6.5344405,9.691105,12.275393,14.845981,18.107553,21.95756,24.90553,28.002422,31.125086,32.025696,29.140373,27.75458,23.03828,22.94187,17.707996,17.880945,15.320403,13.864448,15.235554,11.155049,16.050726,18.387417,17.638103,20.30932,20.012325,22.049517,20.068794,23.661144,24.00122,27.09019,33.724,34.000996,37.60231,39.684147,42.031506,41.26476,37.225063,33.14823,36.33086,31.22239,30.922255,29.288586,28.067337,27.070484,23.496311,26.620838,23.023714,26.878466,28.09646,26.265646,23.533442,26.68154,24.96956,25.609879,25.29229,28.859661,30.458488,30.466743,27.397552,33.37753,32.061443,33.582474,37.039623,34.872955,38.29396,37.217102,40.570496,37.203598,32.388878,34.03065,30.591978,33.9142,31.521828,29.32186,31.854536,30.675222,31.758158,34.002132,31.376343,28.206566,26.19849,23.981815,24.014143,21.44961,22.310463,20.165789,20.699429,21.568514,22.433043,25.074415,25.950811,31.446527,31.986506,33.161316,31.450306,31.87408,26.921717,26.716055,23.83862,23.261599,20.273335,16.354918,20.760784,22.507145,25.966091,25.494661,29.946749,30.542547,34.670876
1,4.2458997,0.0,5.2839174,6.693531,8.746281,12.385425,14.593936,19.21706,21.656237,24.987814,27.966002,29.29775,26.765026,25.27811,20.703768,19.98893,15.04311,14.40578,12.375919,10.035502,11.875776,8.566481,13.671402,15.1388445,15.100485,17.169119,16.431664,18.189611,15.838594,19.434233,19.810238,22.982805,29.629753,30.108728,33.55414,35.781002,38.09262,37.201023,33.252647,29.178915,32.15674,27.042688,26.68195,25.102705,23.865519,23.047812,19.63114,23.126513,19.87539,24.024721,25.143944,24.022118,21.904955,25.07693,23.184273,23.75075,22.62608,26.286533,27.657564,27.199726,23.898798,29.677166,28.09922,29.5222,32.863342,30.670874,34.067574,32.990654,36.38864,33.106827,28.30145,30.050257,26.551659,30.186674,27.772081,25.843294,28.551422,27.458918,28.847313,31.13039,28.867264,25.478859,23.504158,21.027996,20.52267,18.164246,18.382017,16.147007,16.48838,17.494366,18.483147,21.226656,22.361864,27.59748,28.612253,29.589329,27.776922,28.224401,23.372475,22.977806,20.396643,19.611387,17.172548,13.8784275,18.176653,19.436241,23.283054,22.059317,26.688213,27.083557,31.205141
2,6.5344405,5.2839174,0.0,5.188093,7.0733776,8.603496,12.454481,15.564746,18.968073,21.720785,25.241186,25.860014,22.856724,21.79407,16.92847,17.308434,12.361897,12.881362,11.782167,11.172003,14.072039,11.546259,17.150381,18.616272,19.753649,21.443995,20.241795,21.33917,17.449059,20.505993,20.095177,22.706478,29.010883,28.684206,32.640205,34.30477,36.79061,36.433456,32.27022,28.3543,32.067482,27.558332,27.290243,26.835632,25.309076,25.666533,22.63954,26.873627,24.079073,28.433693,29.084269,28.397451,26.481958,29.184143,26.701105,26.599407,25.33559,28.704018,29.3657,29.170862,25.898983,31.666637,29.563936,31.33571,33.790253,32.207684,35.354717,34.015697,37.849476,35.175114,30.348473,31.820532,27.811457,31.557041,28.072289,26.57163,28.58446,26.85299,27.955776,29.734612,27.287104,24.37002,21.395866,19.699207,19.660995,18.197866,18.391161,17.927979,18.196096,20.101442,21.295128,23.93888,24.898085,29.472206,30.86707,30.94779,28.722946,28.477875,23.794748,22.614435,19.993465,18.278776,15.2097225,11.152671,14.85093,16.731754,19.612865,19.55851,23.77673,24.566288,28.64643
3,9.691105,6.693531,5.188093,0.0,3.8275688,6.3588305,9.034733,13.285922,15.433174,18.924902,21.538994,22.790306,20.365084,18.648216,14.213407,13.372189,8.352659,8.254493,6.7472825,6.425432,9.602256,8.354769,13.725205,14.813893,17.319614,18.615196,17.73976,17.772429,14.049864,16.375837,16.688831,18.455105,25.523542,24.92452,28.907043,30.819208,32.89133,32.33544,28.044832,23.973862,27.895275,23.106646,23.393913,22.792978,21.95221,22.33047,19.991873,24.2988,22.122166,26.636883,27.752447,27.891834,26.646986,29.72206,27.505499,27.65921,25.438177,28.953106,29.474543,28.40113,24.743792,29.87509,27.230148,28.459736,30.599886,28.548197,31.51707,29.790445,33.554977,31.021652,26.088278,27.11799,23.03791,26.511055,22.968958,21.393744,23.422913,21.798752,23.038548,24.995743,22.747047,19.570189,17.009972,14.869649,14.68151,13.023937,13.517832,13.382333,14.276889,16.620836,18.580502,21.593245,23.368324,27.367968,29.740833,29.655699,27.297142,27.1247,22.793917,21.011885,19.24906,16.519588,14.864623,12.133023,14.8361225,15.794329,18.536024,17.093418,21.422123,21.360676,25.648756
4,12.275393,8.746281,7.0733776,3.8275688,0.0,5.348799,5.8650537,10.919385,13.0023155,16.348005,19.452095,20.95112,18.762678,17.431177,13.068812,11.983278,8.074707,6.573909,7.892933,6.4693675,10.600712,10.753128,15.549094,15.381811,18.21213,18.63576,16.809172,16.703146,11.620258,13.952951,13.449714,15.643237,22.139988,21.821001,25.690943,27.545872,29.894907,29.401405,25.277346,21.347473,25.012465,20.63526,20.474892,20.554762,19.14739,20.327408,18.141054,23.015907,21.276361,25.881435,26.385506,27.08296,26.304792,28.933876,26.323563,26.08406,23.411556,26.719858,26.78744,25.634338,21.989286,26.992178,24.12535,25.617973,27.419744,25.856268,28.78095,27.23352,31.238716,28.982279,24.21965,25.61544,21.359186,25.571838,21.71191,20.90489,22.96786,21.25578,22.875017,24.59698,22.889273,19.704895,16.673643,14.644369,13.52892,13.002005,11.717584,12.25069,12.233343,14.939318,16.635101,19.373245,20.940134,24.458004,27.05838,26.487345,23.96258,23.557241,19.372118,17.305828,15.687129,12.69467,11.299954,9.312555,11.665639,12.210368,15.477177,13.61824,18.15908,18.359394,22.524128
5,14.845981,12.385425,8.603496,6.3588305,5.348799,0.0,5.99972,7.341211,10.720882,13.388958,16.782534,17.263054,14.423242,13.343,8.51493,9.127742,5.2473073,6.7564,8.655104,10.268953,14.009258,14.161696,19.059807,19.521185,22.928738,23.529472,21.95526,21.303757,15.95026,17.23413,16.36409,17.126299,23.262875,21.591185,26.126333,27.270138,29.543446,29.68824,25.258408,21.57087,26.278267,22.616512,22.937862,23.972742,22.745697,24.68935,23.00592,28.01256,26.521235,31.135252,31.606579,32.406593,31.569145,34.09162,31.284164,30.748373,28.162767,31.24828,30.873371,29.905422,26.366192,31.120518,27.829103,29.39483,30.242502,29.089083,31.604475,29.629456,33.87561,32.26347,27.56396,28.324255,23.762886,27.481745,22.623205,22.049276,23.096638,20.668978,21.703876,22.80532,20.74033,18.292057,14.161152,13.351052,13.376734,13.788674,13.427287,15.893678,16.317492,19.503777,21.464672,24.11863,25.650007,28.523258,31.455711,30.223404,27.418152,26.395819,22.636488,19.776966,18.42299,14.294595,12.662873,10.331505,10.838644,11.994403,13.041835,12.737208,16.364109,16.690025,20.86705
6,18.107553,14.593936,12.454481,9.034733,5.8650537,5.99972,0.0,6.5641356,7.440766,10.865713,13.998694,15.85381,14.289896,13.171756,9.603534,7.8069453,6.843312,4.2122264,9.303025,9.107807,13.089456,14.994996,18.82185,17.694752,21.689737,21.180885,18.912592,17.630968,11.398214,11.980552,10.614074,11.371371,17.38,16.275414,20.488,22.007246,24.364307,24.207611,19.993473,16.287922,20.48547,17.01327,17.038935,18.634443,17.210789,19.9091,18.869368,24.194447,23.526793,28.09276,28.217035,29.956331,29.947529,32.21828,29.359472,28.725508,25.25849,28.162823,27.402334,25.771038,22.123936,26.174965,22.467623,23.888702,24.333376,23.350742,25.752403,23.871027,28.245396,26.896446,22.428417,23.492014,18.865664,23.383339,18.51124,18.850939,20.265871,18.140476,19.968702,21.111391,20.109772,17.27486,13.522358,12.127692,10.237807,11.904636,8.965674,12.21384,11.821647,15.3614235,17.31071,19.716024,21.471731,23.437714,27.08407,25.4411,22.526014,21.485826,18.227348,14.8643,14.462149,9.57471,9.995509,10.18704,9.775024,9.074648,11.334433,8.283244,12.667058,12.504922,16.71195
7,21.95756,19.21706,15.564746,13.285922,10.919385,7.341211,6.5641356,0.0,5.4654646,6.3000274,10.996399,11.042289,8.516179,8.756115,5.171206,6.730899,8.172717,8.815362,13.38291,15.035273,18.780327,20.316542,24.440466,23.851969,28.032991,27.69659,25.45191,24.030563,17.650522,17.537014,15.523569,14.904807,19.160378,16.365341,21.236675,21.502058,23.968939,24.846363,20.54171,17.604465,22.733957,20.724148,20.98187,23.820957,22.307068,25.836731,25.112474,30.555809,30.02236,34.571747,34.41223,36.170692,36.056644,38.038254,34.82875,33.738747,30.489632,33.028816,31.692122,30.492413,27.165068,30.96384,26.988237,28.6831,27.947212,27.828733,29.677362,27.546972,32.1502,31.660135,27.514956,28.072227,23.310104,27.351692,21.49037,22.379505,22.544802,19.62163,20.757061,20.837492,19.745836,18.109753,12.952821,13.534965,12.909076,15.750169,13.738625,18.284328,18.05514,21.706474,23.563074,25.67411,27.062916,28.323587,32.031845,29.57229,26.414263,24.56638,21.95325,17.944632,17.711264,12.205558,12.031668,12.009167,9.072966,9.06773,7.213662,7.408202,9.59915,10.236462,14.093819
8,24.90553,21.656237,18.968073,15.433174,13.0023155,10.720882,7.440766,5.4654646,0.0,4.610688,6.618306,8.752439,8.470216,7.409142,6.7230287,4.5256047,8.924256,8.199955,13.248994,14.925376,18.037516,20.753805,23.81606,22.582218,27.52974,26.660131,24.658525,22.269844,16.414648,14.868276,13.497193,10.9112015,15.556169,11.932312,16.993196,17.534895,19.373846,20.063042,15.511665,12.476823,18.14583,16.36729,17.375673,20.533707,19.824608,23.600943,23.853214,29.06858,29.286371,33.68674,33.818436,36.282806,36.749092,38.919483,36.02223,35.189617,31.277039,33.81815,32.41611,30.405565,26.912111,29.74196,25.288443,26.30302,24.907578,24.450232,25.857483,23.254765,27.78186,27.762829,23.826756,23.812521,19.074165,22.825119,16.638182,18.169601,17.999443,15.109816,16.586733,16.545677,16.313047,14.636075,9.972271,10.499962,9.055527,13.117698,10.542982,16.1924,16.265198,20.070242,22.383883,24.510353,26.530783,26.901497,31.510576,28.913662,25.762897,24.062391,22.152914,17.73674,18.68361,12.688462,14.557955,15.820863,12.986621,11.588811,10.160183,6.951322,8.560345,6.6934485,11.046049
9,28.002422,24.987814,21.720785,18.924902,16.348005,13.388958,10.865713,6.3000274,4.610688,0.0,6.1303306,6.3890214,6.212991,7.4085054,7.891962,8.215767,12.562222,12.511928,17.51379,19.211407,22.529037,24.998621,28.323551,27.076725,31.862083,30.897703,28.527508,26.342598,20.03955,18.56736,16.363075,13.976594,16.317217,12.070094,17.120354,16.548267,18.775822,20.304676,16.171877,14.195611,19.644276,19.237942,19.80979,23.847113,22.626207,27.040468,27.314764,32.713478,33.02031,37.38636,37.044067,39.58796,40.087727,41.87147,38.639103,37.396736,33.57298,35.76008,33.875156,32.205177,29.033772,31.681902,27.180195,28.57057,26.425983,26.889874,27.96755,25.557726,30.208506,30.754171,27.223965,27.317488,22.680912,26.514248,20.140236,22.191063,21.543772,18.475256,19.649273,18.860088,18.896961,18.026445,13.014128,14.483428,13.415222,17.647303,14.938593,20.554642,20.18745,23.92433,25.857548,27.608555,29.157137,29.008799,33.496735,30.27921,27.010544,24.748684,23.364033,18.691568,19.737661,13.774135,15.389371,16.950243,12.918995,11.598763,7.922362,6.896352,5.7225537,5.1010985,8.44982
10,31.125086,27.966002,25.241186,21.538994,19.452095,16.782534,13.998694,10.996399,6.618306,6.1303306,0.0,4.666038,7.721578,6.783873,10.116477,8.526154,14.001067,13.93593,18.169361,20.513515,22.935446,26.093994,28.460503,27.162064,32.626835,31.532793,29.848991,26.765886,21.601187,18.939241,17.991957,13.596388,16.476702,10.910114,15.930497,15.476157,16.20036,17.686586,13.194458,11.479984,17.816685,17.655558,19.524328,23.351776,23.40305,27.522085,28.665754,33.574905,34.405876,38.60775,38.87006,41.825012,42.63893,44.825516,42.02025,41.17215,36.952175,39.291733,37.581715,35.227554,31.85935,33.716015,28.897928,29.414082,26.752527,26.519302,27.014925,23.872803,28.16262,29.237812,25.927588,24.93076,20.546286,23.163052,16.479921,18.87208,17.233793,14.042761,14.950201,13.554693,14.443935,14.250629,10.13334,12.217916,11.539402,16.239664,14.463746,20.63163,21.067472,24.7822,27.313608,29.266623,31.534075,30.864769,36.084194,33.02188,29.86804,27.923183,26.976954,22.244747,23.975948,17.946795,20.460161,22.132338,18.63744,17.021252,14.022082,11.475137,10.137925,6.550091,9.141064
11,32.025696,29.29775,25.860014,22.790306,20.95112,17.263054,15.85381,11.042289,8.752439,6.3890214,4.666038,0.0,4.284603,5.2163067,9.314682,10.058541,15.049098,16.153147,20.088882,22.990425,25.671188,28.238184,31.180937,30.425753,35.70623,34.973682,33.25956,30.52112,25.00737,22.875816,21.55673,17.823652,20.276386,14.746366,19.702295,18.541073,19.524403,21.557823,17.371246,16.040104,22.206366,22.220835,23.8151,27.70678,27.402668,31.56899,32.31389,37.410698,37.893234,42.230057,42.375034,45.00464,45.49615,47.606956,44.58174,43.531082,39.64519,41.940575,40.123344,38.22422,34.958485,37.23412,32.52802,33.414917,30.761608,30.871822,31.436083,28.427843,32.769382,33.838394,30.452812,29.527357,25.088818,27.56998,20.856493,22.844288,20.935263,17.485075,17.703726,15.878559,16.040918,16.594275,11.775549,14.700495,15.018849,19.286266,18.182766,24.231155,24.68116,28.471218,30.89169,32.874546,34.846733,34.46456,39.33795,36.12474,32.884014,30.653177,29.543993,24.802732,26.071272,20.06402,21.681456,22.768536,18.86391,17.908037,13.532807,13.192193,11.043722,9.060947,10.883633
12,29.140373,26.765026,22.856724,20.365084,18.762678,14.423242,14.289896,8.516179,8.470216,6.212991,7.721578,4.284603,0.0,3.9290452,6.318841,9.061142,12.985784,14.904721,18.575794,21.68374,24.675468,26.588957,30.15367,29.877054,34.79092,34.46061,32.720737,30.48241,24.688177,23.320267,21.805553,19.04302,22.204065,17.327559,22.440636,21.515978,23.041405,24.885164,20.579607,18.696466,24.785194,24.08213,25.33023,28.853045,28.163559,32.07092,32.197327,37.445328,37.40962,41.890125,42.003265,44.14583,44.22921,46.345745,43.20947,42.10421,38.62902,41.027912,39.372887,37.905365,34.63097,37.613186,33.16523,34.413673,32.39726,32.45552,33.469418,30.680145,35.14831,35.684174,31.929981,31.3671,26.73388,29.508722,22.906921,24.26751,22.787508,19.267796,19.383768,18.029755,17.22737,17.442493,11.988601,14.789171,15.548865,19.208576,18.47986,24.141533,24.583372,28.393898,30.69976,32.819347,34.554974,34.889698,39.26304,36.275463,33.018307,30.801031,29.102652,24.584492,25.159874,19.312057,19.921244,20.207525,16.470167,16.252737,11.611752,12.74155,11.410669,10.74223,13.233852
13,27.75458,25.27811,21.79407,18.648216,17.431177,13.343,13.171756,8.756115,7.409142,7.4085054,6.783873,5.2163067,3.9290452,0.0,5.018794,6.3413353,10.589649,12.703561,15.781825,19.353241,21.901253,24.017122,27.205736,27.10879,32.272003,32.069916,30.813372,28.265999,23.121405,21.497097,20.776016,17.513008,21.95776,17.07834,22.251438,21.93854,22.966366,24.337334,19.706194,17.31599,23.723053,22.293516,24.104988,27.012283,26.94075,30.34072,30.625647,35.602455,35.589935,40.043736,40.63165,42.77107,42.86358,45.341183,42.523914,41.771305,38.180576,40.839043,39.522198,37.71437,34.204494,37.14191,32.65975,33.498913,31.810856,31.170101,32.241104,29.163559,33.439465,33.745884,29.798752,28.844706,24.257307,26.495598,19.95906,20.892824,19.29842,15.73301,15.692629,14.583298,13.471991,13.5634165,8.091361,11.10024,12.422742,15.857621,15.994803,21.672098,22.672659,26.47312,29.151691,31.554804,33.7267,34.282974,38.87284,36.28962,33.11512,31.266954,29.3515,24.930803,25.589352,19.654463,20.570724,20.694195,17.675013,17.308456,13.791753,13.432684,13.119187,11.335156,14.519808
14,23.03828,20.703768,16.92847,14.213407,13.068812,8.51493,9.603534,5.171206,6.7230287,7.891962,10.116477,9.314682,6.318841,5.018794,0.0,4.922022,6.888189,9.620724,12.674605,16.013449,19.054478,20.505438,24.400156,24.577896,29.20341,29.313486,27.898607,26.000368,20.544935,19.90355,18.951855,17.083035,22.243061,18.449396,23.593065,23.753252,25.436005,26.42331,21.771828,18.785896,24.73925,22.471571,23.698996,26.098682,25.505018,28.548033,28.110085,33.216667,32.659184,37.22244,37.71382,39.364117,39.092106,41.54351,38.652924,37.89608,34.68953,37.46934,36.403046,34.97543,31.457796,35.121273,31.003342,32.211617,31.375479,30.650469,32.28404,29.597357,33.98419,33.59699,29.298357,28.99761,24.270609,27.17254,21.050543,21.404846,20.785318,17.498585,17.855755,17.663752,15.930928,14.944,9.424791,11.082896,12.131192,14.685422,14.687683,19.604092,20.405352,24.129925,26.577177,29.075312,30.973959,32.338486,36.342194,34.124813,31.00567,29.323944,26.733429,22.706615,22.629858,17.054842,17.00779,16.334913,13.964991,14.234964,11.646148,11.853211,13.055725,12.402287,16.223413
15,22.94187,19.98893,17.308434,13.372189,11.983278,9.127742,7.8069453,6.730899,4.5256047,8.215767,8.526154,10.058541,9.061142,6.3413353,4.922022,0.0,5.4890285,6.463542,10.063187,13.131803,15.768098,18.182968,21.2736,20.890144,25.998951,25.742064,24.543024,22.063744,17.13708,15.805658,15.616268,12.956803,19.155384,15.57442,20.553722,21.405775,22.680914,23.096586,18.3011,14.8570385,20.830563,18.015095,19.713615,21.74642,21.76069,24.573084,24.625502,29.498785,29.343695,33.80618,34.601803,36.65448,36.766804,39.432903,36.86082,36.414925,32.756615,35.656975,34.756386,32.724247,29.013569,32.20107,27.927786,28.622972,27.867702,26.572523,28.156395,25.254255,29.485159,29.019405,24.688292,24.148933,19.450275,22.259169,16.200588,16.603628,16.254232,13.174357,14.105153,14.4595785,13.229419,11.382685,6.399296,6.971858,7.2446237,10.351424,10.1202965,15.46681,16.590675,20.353542,23.15019,25.76999,28.172985,29.279055,33.75814,31.76762,28.747623,27.431112,25.00123,20.967451,21.45273,15.765741,16.90048,17.020863,15.172722,14.524692,13.379157,11.007827,12.969176,10.990659,15.238768
16,17.707996,15.04311,12.361897,8.352659,8.074707,5.2473073,6.843312,8.172717,8.924256,12.562222,14.001067,15.049098,12.985784,10.589649,6.888189,5.4890285,0.0,4.527142,5.8447256,9.558727,12.36203,13.654846,17.570084,18.10319,22.583483,23.08431,22.265944,20.524395,16.083637,16.085642,16.33421,15.333633,22.411158,19.93396,24.630508,25.931158,27.460892,27.478273,22.766254,18.927021,24.268724,20.369364,21.718866,22.54533,22.417124,24.189562,23.35064,28.026802,27.065632,31.615662,32.726192,34.00888,33.537323,36.4896,34.09676,33.925556,30.825254,34.0416,33.72169,32.041515,28.25179,32.286682,28.562653,29.414972,29.847113,28.070303,30.242481,27.65812,31.707804,30.347708,25.596457,25.466393,20.903715,23.714323,18.58677,17.745827,18.306326,15.739668,16.54926,17.756155,15.575387,13.061097,9.168146,8.22151,9.109782,9.546743,10.697047,14.184219,15.667329,19.108534,21.854845,24.808609,27.123875,29.44858,33.203556,31.97252,29.149569,28.26026,24.965097,21.676735,21.21837,16.372816,16.244041,14.982436,14.756539,14.987902,15.217885,13.532545,16.669212,15.586509,19.958704
17,17.880945,14.40578,12.881362,8.254493,6.573909,6.7564,4.2122264,8.815362,8.199955,12.511928,13.93593,16.153147,14.904721,12.703561,9.620724,6.463542,4.527142,0.0,5.65268,6.873771,10.151998,12.559882,15.914808,15.244332,19.900187,19.721054,18.441051,16.496088,11.697516,11.5993595,11.963168,11.403863,18.84064,17.27351,21.532246,23.365387,25.020569,24.58089,20.08302,16.030937,20.685991,16.428152,17.474237,18.148449,17.905571,19.748066,19.073372,23.879915,23.254526,27.78647,28.723675,30.43298,30.392073,33.22723,30.87234,30.743855,27.22262,30.409227,30.067091,28.023857,24.161257,27.934622,24.17585,24.914358,25.553762,23.65815,25.977386,23.604445,27.668018,26.131493,21.392994,21.721752,17.13541,20.753693,15.981524,15.546252,16.948776,14.916992,16.600163,18.17275,16.850452,13.678644,10.653953,8.514456,7.1214304,7.8901677,6.758863,10.219471,11.270522,14.8381605,17.575743,20.467928,22.934982,25.0533,29.021736,27.853424,25.099245,24.448572,21.24533,18.053846,17.94216,13.248299,14.044488,13.810861,13.867832,13.263628,14.895233,11.538583,15.428698,14.145947,18.538507
18,15.320403,12.375919,11.782167,6.7472825,7.892933,8.655104,9.303025,13.38291,13.248994,17.51379,18.169361,20.088882,18.575794,15.781825,12.674605,10.063187,5.8447256,5.65268,0.0,5.3110576,6.8318977,8.303534,11.75528,12.747991,17.247442,18.168703,18.289944,16.533073,13.939389,14.364284,16.077152,15.658937,23.76275,22.302685,26.382425,28.478552,29.695938,28.962929,24.418581,20.211714,24.751163,19.66924,21.231451,20.42048,21.017286,21.336546,20.31522,24.25396,23.022045,27.431133,29.308926,30.322674,29.7664,33.263435,31.50842,31.988092,28.947945,32.50095,32.8798,30.859085,26.908997,30.9634,27.653711,27.982107,29.453363,26.674284,29.173409,26.67427,30.202673,28.028448,23.02096,22.882793,18.777708,21.123459,17.35933,15.309639,16.982964,15.420551,16.533527,18.792234,16.568491,13.110459,11.615604,8.773378,9.22876,6.6568823,9.483219,10.55584,13.043107,15.859366,18.95767,22.304373,25.115541,28.129087,31.703203,31.40705,28.956345,28.81688,25.197714,22.672407,22.119022,18.21496,18.32632,16.982805,18.200016,18.20957,19.933645,17.152246,20.970314,19.503035,23.908587
19,13.864448,10.035502,11.172003,6.425432,6.4693675,10.268953,9.107807,15.035273,14.925376,19.211407,20.513515,22.990425,21.68374,19.353241,16.013449,13.131803,9.558727,6.873771,5.3110576,0.0,4.275222,6.425108,9.765558,9.26717,13.216215,13.647655,13.151134,11.996015,9.459687,11.122381,12.956997,14.27608,22.122938,22.085281,25.48418,28.07004,29.643309,28.45324,24.356415,20.111628,23.407896,17.926867,18.63604,17.092758,17.190798,16.917887,15.314214,19.321993,17.883947,22.372438,24.047417,25.077888,24.688313,28.101473,26.403156,27.015371,23.868135,27.495193,28.137403,26.029612,22.077805,26.329908,23.448805,23.867605,26.197544,23.313313,26.253279,24.373713,27.793324,25.025053,20.008411,20.89886,17.057856,20.493546,17.737196,16.002794,18.804287,17.93483,19.788284,22.264055,20.730389,16.93004,15.765858,12.519578,11.124563,8.7082815,8.69631,7.0944004,8.847979,11.180721,13.967689,17.342638,20.090443,23.60641,26.802181,26.98441,24.789457,25.115978,21.24013,19.446672,18.696075,15.888018,16.149143,15.254402,17.410103,17.077915,20.3618,16.860388,21.354074,20.279602,24.524597
20,15.235554,11.875776,14.072039,9.602256,10.600712,14.009258,13.089456,18.780327,18.037516,22.529037,22.935446,25.671188,24.675468,21.901253,19.054478,15.768098,12.36203,10.151998,6.8318977,4.275222,0.0,4.8199325,5.8500614,5.978218,10.627305,11.580359,12.710619,11.04819,11.317998,12.412734,15.47294,16.177643,24.383795,24.413778,27.504047,30.398567,31.473095,29.926296,25.91549,21.63424,24.658417,18.669968,19.96657,17.260042,18.441032,16.939638,15.696268,18.593386,17.186552,21.341576,23.958794,24.885408,24.531033,28.472769,27.467096,28.645681,25.540787,29.303764,30.38931,27.929443,23.961636,27.78106,25.111477,24.868362,27.582237,23.884954,26.766918,24.715717,27.560263,24.400656,19.342838,19.708609,16.47371,18.816772,17.19179,14.479889,17.69761,17.519182,19.263138,22.216198,20.631296,16.644814,16.885769,13.205714,12.218386,8.329546,10.134071,6.906877,10.0028925,11.405955,14.621676,18.194708,21.470192,25.07561,28.334408,29.094463,27.185818,27.927526,24.206797,22.712019,22.210142,19.675547,20.27013,19.421412,21.680943,21.24754,24.419268,20.597569,24.927732,23.342722,27.546022
21,11.155049,8.566481,11.546259,8.354769,10.753128,14.161696,14.994996,20.316542,20.753805,24.998621,26.093994,28.238184,26.588957,24.017122,20.505438,18.182968,13.654846,12.559882,8.303534,6.425108,4.8199325,0.0,5.644155,8.431261,10.46729,12.913701,14.313026,14.165635,14.359829,16.48801,18.881073,20.352577,28.321444,28.366665,31.667866,34.37932,35.738914,34.37436,30.291313,26.003778,29.143929,23.262371,24.171663,21.471907,22.074238,20.28145,18.114344,20.724901,18.300373,22.343878,25.006048,24.84223,23.60296,27.716824,26.80808,28.130005,25.883396,29.76909,31.253956,29.437975,25.651018,30.214277,28.058336,28.22866,31.407429,27.936348,31.032045,29.250086,32.09059,28.686268,23.680176,24.328537,21.235405,23.46894,21.89954,18.985823,21.934717,21.524588,22.84504,25.711153,23.534454,19.801342,19.606882,16.322878,16.108477,12.221636,14.413459,11.320285,13.656148,14.600029,17.092978,20.547289,23.240992,27.731834,30.102417,31.26475,29.47682,30.265646,26.035519,25.00675,23.725979,21.760147,21.231148,19.311068,22.37421,22.6424,25.922224,23.062838,27.53535,26.502262,30.810818
22,16.050726,13.671402,17.150381,13.725205,15.549094,19.059807,18.82185,24.440466,23.81606,28.323551,28.460503,31.180937,30.15367,27.205736,24.400156,21.2736,17.570084,15.914808,11.75528,9.765558,5.8500614,5.644155,0.0,5.1800065,7.5331717,10.194146,13.440189,12.529226,15.496192,16.864792,20.387667,21.320635,29.410923,29.79503,32.531876,35.67423,36.495472,34.63287,30.835741,26.616028,29.107504,22.837645,24.213776,20.342855,22.070532,19.073902,17.607222,18.83139,16.864199,20.294186,23.981249,24.11547,23.367437,27.920353,27.841906,29.745571,27.199993,31.097404,32.913715,30.461163,26.679209,30.404575,28.41957,27.758913,31.271309,26.952358,29.913286,28.060928,30.16265,26.371801,21.55154,21.754578,19.573511,20.740822,20.732368,17.18526,20.659552,21.190674,22.631638,25.921474,24.144531,20.24963,21.522575,17.816313,17.351963,12.838944,15.483153,11.132376,14.154163,14.138972,16.946442,20.415842,23.747093,27.944466,30.59062,32.281548,30.825417,32.09009,28.254332,27.455378,26.740374,24.965437,25.30098,24.08597,26.945429,26.70578,30.11096,26.39166,30.76742,29.123695,33.28951
23,18.387417,15.1388445,18.616272,14.813893,15.381811,19.521185,17.694752,23.851969,22.582218,27.076725,27.162064,30.425753,29.877054,27.10879,24.577896,20.890144,18.10319,15.244332,12.747991,9.26717,5.978218,8.431261,5.1800065,0.0,6.1144032,6.3418655,9.237243,7.448235,11.613191,12.76341,16.651754,17.914877,25.545567,26.686384,28.826897,32.263668,33.11073,30.934792,27.539162,23.45945,25.055819,18.734852,19.785769,15.445428,17.321945,13.970188,12.915332,14.15246,12.941645,16.530106,20.021732,21.121881,21.272135,25.52697,25.359257,27.175285,23.940638,27.700665,29.331234,26.378883,22.567139,25.717936,23.69153,22.748379,26.417515,21.942923,24.980373,23.399183,25.404415,21.433697,16.65443,17.455532,15.48423,17.556614,18.080145,15.249706,19.340387,20.215075,22.322968,25.559908,24.57688,20.481941,21.6894,17.785524,16.083338,12.345913,13.02953,7.4380636,10.062131,9.3927145,12.359864,15.793066,19.489388,23.222523,26.244213,27.91357,26.580702,28.068632,24.610064,23.966022,23.738684,22.286535,23.424635,23.180677,25.7801,24.946709,28.830038,24.334578,28.74758,27.01506,30.908033
24,17.638103,15.100485,19.753649,17.319614,18.21213,22.928738,21.689737,28.032991,27.52974,31.862083,32.626835,35.70623,34.79092,32.272003,29.20341,25.998951,22.583483,19.900187,17.247442,13.216215,10.627305,10.46729,7.5331717,6.1144032,0.0,4.3596587,8.450749,9.736213,14.607473,17.053532,20.275534,22.830359,29.774075,31.659891,33.499065,37.021553,38.20018,35.90864,32.80566,28.819448,29.745508,23.569197,23.797386,19.030123,20.118584,15.738007,13.383904,13.091017,10.293183,13.197452,17.241632,16.952478,16.429308,21.135593,21.746243,24.213564,21.884909,25.716562,28.187672,25.711124,22.331741,25.941517,25.072927,24.380354,29.148655,24.814524,28.186478,27.384483,29.008953,24.440784,20.167582,21.834127,20.532318,22.78621,23.97316,21.22452,25.38576,26.322735,28.363045,31.616285,30.444723,26.380087,27.335651,23.513954,21.886877,18.19739,18.505161,12.606716,13.864356,11.929448,13.262884,16.131033,19.075073,23.957762,25.54471,28.298016,27.523209,29.531845,25.71041,26.177855,25.285906,25.176582,25.591206,24.90663,28.410017,27.907288,32.4689,28.400091,33.095455,31.91039,35.755287
25,20.30932,17.169119,21.443995,18.615196,18.63576,23.529472,21.180885,27.69659,26.660131,30.897703,31.532793,34.973682,34.46061,32.069916,29.313486,25.742064,23.08431,19.721054,18.168703,13.647655,11.580359,12.913701,10.194146,6.3418655,4.3596587,0.0,5.177077,6.120209,12.212318,14.362562,17.69575,20.432915,26.745857,29.212494,30.512232,34.223866,35.376324,32.857727,30.147884,26.381882,26.523882,20.50301,20.402163,15.293409,16.44961,11.600536,9.621636,8.971031,7.0762672,10.264145,14.185847,15.179383,15.822299,20.0769,20.543165,22.852829,19.749767,23.404856,25.637161,22.612717,19.21392,22.157825,21.27116,20.263231,25.183672,20.736237,24.138727,23.632137,25.104958,20.413996,16.346535,18.59372,17.619648,20.498375,22.073578,19.976631,24.372316,25.519873,27.949512,31.102318,30.497324,26.382097,27.325588,23.467176,21.112616,18.08776,17.13065,10.948768,11.4372635,8.68131,9.755502,12.438798,15.787812,20.148684,22.14381,24.870117,24.227852,26.43917,23.056349,23.64174,23.253849,23.381622,24.515968,24.678982,27.802855,26.80774,31.58886,26.960184,31.556269,30.276691,33.832195
26,20.012325,16.431664,20.241795,17.73976,16.809172,21.95526,18.912592,25.45191,24.658525,28.527508,29.848991,33.25956,32.720737,30.813372,27.898607,24.543024,22.265944,18.441051,18.289944,13.151134,12.710619,14.313026,13.440189,9.237243,8.450749,5.177077,0.0,4.935141,8.735738,11.855617,14.108178,18.055334,23.403437,26.507784,27.593067,31.206734,32.877483,30.494038,28.020197,24.436998,24.120918,18.612223,17.4616,13.114189,12.736751,8.558102,5.072087,6.7619386,4.840999,9.3605585,11.273227,13.093021,14.263487,17.631268,17.15554,18.878057,15.178401,18.7965,20.683441,17.65202,14.13158,17.562555,16.727777,16.40714,21.525928,17.888388,21.58565,21.629303,23.662598,19.238157,15.300787,18.627783,17.11754,21.48855,22.175795,21.082815,25.346647,26.068205,28.775229,31.582832,31.231852,27.161589,27.204735,23.585255,20.623913,18.634495,15.995625,10.314737,8.887748,5.6613684,5.0805283,7.6986904,10.802704,15.536489,17.410877,19.901936,19.200771,21.435028,17.976433,18.930529,18.474703,19.301773,20.535734,21.265364,24.325907,23.12222,28.35587,23.744175,28.387835,27.606958,30.91371
27,22.049517,18.189611,21.33917,17.772429,16.703146,21.303757,17.630968,24.030563,22.269844,26.342598,26.765886,30.52112,30.48241,28.265999,26.000368,22.063744,20.524395,16.496088,16.533073,11.996015,11.04819,14.165635,12.529226,7.448235,9.736213,6.120209,4.935141,0.0,7.4312086,8.590329,12.211867,14.712894,20.713114,23.365454,24.429049,28.197268,29.351477,26.811178,24.237158,20.612019,20.451706,14.540092,14.288301,9.376369,10.668415,6.5685596,6.067567,8.083704,8.671397,12.429635,14.714558,17.494125,19.054787,22.368233,21.83352,23.28054,19.055626,22.422401,23.65057,20.020441,16.261345,18.536024,16.561317,15.394503,19.584658,15.201724,18.586845,17.888697,19.924961,15.692795,11.213573,13.949266,12.347271,16.562391,17.448725,16.431963,20.76788,21.764757,24.593754,27.433907,27.437084,23.391825,23.986544,20.28242,17.10769,15.256766,12.580753,6.8128047,6.260284,3.1972096,5.777623,8.896644,13.081523,16.02838,19.527592,21.121302,20.036528,21.91589,19.096079,18.956285,19.412594,18.911327,21.079746,22.269495,24.476713,22.87516,27.47062,22.220558,26.560843,25.066862,28.352362
28,20.068794,15.838594,17.449059,14.049864,11.620258,15.95026,11.398214,17.650522,16.414648,20.03955,21.601187,25.00737,24.688177,23.121405,20.544935,17.13708,16.083637,11.697516,13.939389,9.459687,11.317998,14.359829,15.496192,11.613191,14.607473,12.212318,8.735738,7.4312086,0.0,4.738629,5.7661734,10.086379,15.831617,18.27894,20.068995,23.298426,25.31145,23.493212,20.54216,16.86578,17.594645,12.554941,11.262437,9.758933,8.144139,8.828783,7.5754333,12.920038,13.026453,17.349264,17.54983,20.269152,21.42221,23.791054,21.75523,21.962803,17.488867,20.642237,20.73268,17.698442,13.657209,17.070343,14.020259,14.536818,17.3609,14.891249,18.24569,17.480299,21.002174,18.12847,13.703236,16.573694,13.202884,18.903797,17.12148,17.332176,20.807281,20.614632,23.470503,25.646215,25.609602,21.835382,20.719408,17.640322,14.040202,13.900376,9.110191,6.359789,2.4801545,4.437388,6.0557365,8.78785,11.733495,14.237958,18.127892,18.030811,15.981774,16.826836,13.582998,12.4005575,12.769345,11.520304,13.86972,15.653328,17.294025,15.492273,20.26111,15.168852,19.709356,18.90519,22.227894
29,23.661144,19.434233,20.505993,16.375837,13.952951,17.23413,11.980552,17.537014,14.868276,18.56736,18.939241,22.875816,23.320267,21.497097,19.90355,15.805658,16.085642,11.5993595,14.364284,11.122381,12.412734,16.48801,16.864792,12.76341,17.053532,14.362562,11.855617,8.590329,4.738629,0.0,4.8752613,6.233141,12.833716,14.877752,16.500317,19.984951,21.42347,19.382534,16.365316,12.644417,13.428105,7.9545646,7.696342,6.7418776,6.893227,8.846058,10.024627,14.641936,15.93655,19.848667,20.378239,23.807653,25.419218,27.821785,25.982273,26.174356,21.36178,24.197802,23.85626,20.285921,16.37692,18.267582,14.334916,13.9224615,15.363197,12.408262,15.207391,13.607357,17.3548,15.146028,10.614869,12.761603,8.897984,14.927067,12.8033,13.79249,17.08132,17.083197,20.18182,22.227686,22.811377,19.17826,18.561853,15.562362,11.444885,12.197706,6.561572,5.831533,3.5281844,6.263101,8.864307,11.130008,14.593269,15.213081,20.330896,19.545591,17.344654,17.854626,15.764174,13.55932,15.175623,12.613576,16.136122,18.490164,18.969484,16.661587,20.430193,14.534504,18.42818,16.6666,19.793074
30,24.00122,19.810238,20.095177,16.688831,13.449714,16.36409,10.614074,15.523569,13.497193,16.363075,17.991957,21.55673,21.805553,20.776016,18.951855,15.616268,16.33421,11.963168,16.077152,12.956997,15.47294,18.881073,20.387667,16.651754,20.275534,17.69575,14.108178,12.211867,5.7661734,4.8752613,0.0,6.1630683,10.312675,13.000165,14.710544,17.72789,20.111643,18.614466,15.829096,12.598402,13.21478,9.694399,7.5578,9.558621,6.813722,11.087896,11.438312,16.849115,17.890755,21.846691,21.178123,24.577074,26.130247,27.793932,25.21438,24.668242,19.826075,22.251375,21.162495,18.048653,14.342774,16.641958,12.400318,13.364432,14.038213,13.047589,15.766329,14.854792,19.162653,17.672232,13.93384,16.60381,12.767035,19.083408,16.064425,17.777723,20.428116,19.774723,22.758144,24.24287,24.851688,21.568327,19.738228,17.422745,13.330635,15.171055,8.961117,9.881003,6.6481304,9.203271,10.157596,11.439924,13.598101,13.679696,18.610523,16.77387,14.075617,13.855886,11.815459,8.883506,10.838826,8.089165,12.225003,15.477338,15.382308,12.691867,16.872164,11.043191,15.027075,14.218267,17.01982
31,27.09019,22.982805,22.706478,18.455105,15.643237,17.126299,11.371371,14.904807,10.9112015,13.976594,13.596388,17.823652,19.04302,17.513008,17.083035,12.956803,15.333633,11.403863,15.658937,14.27608,16.177643,20.352577,21.320635,17.914877,22.830359,20.432915,18.055334,14.712894,10.086379,6.233141,6.1630683,0.0,8.557685,8.846416,11.339477,14.410418,15.773852,14.312591,10.674037,6.8366475,9.446964,5.9018126,6.7748594,9.971782,10.007995,14.078361,15.853454,20.507326,22.091434,25.906527,26.02321,29.67818,31.317537,33.392307,31.112457,30.759998,25.869017,28.273335,27.078793,23.697985,20.10363,21.293179,16.56185,16.402138,15.2343855,13.714551,15.256409,12.772404,17.278156,16.951813,13.28099,14.101464,9.648019,15.245935,10.896489,13.594543,15.383211,14.572671,17.637115,18.796108,20.041578,17.122652,15.746036,13.798145,9.476095,12.648362,6.6084223,10.504,9.407227,12.490957,14.716535,16.350323,19.173168,18.270668,23.93906,21.773489,19.073208,18.451338,17.406727,13.68893,16.20161,11.865795,16.209833,19.180569,17.943943,15.180775,17.33482,11.022289,13.751459,11.164928,14.012277
32,33.724,29.629753,29.010883,25.523542,22.139988,23.262875,17.38,19.160378,15.556169,16.317217,16.476702,20.276386,22.204065,21.95776,22.243061,19.155384,22.411158,18.84064,23.76275,22.122938,24.383795,28.321444,29.410923,25.545567,29.774075,26.745857,23.403437,20.713114,15.831617,12.833716,10.312675,8.557685,0.0,6.187942,4.887239,8.081155,10.761945,9.535953,8.527792,8.299581,6.4005857,9.303091,7.2110095,13.37599,11.633284,17.434,19.686861,24.169134,26.506668,29.71408,28.460787,32.831573,35.127876,36.11764,33.386192,32.2946,27.127748,28.450043,26.103243,22.742115,20.148808,19.525623,14.514321,14.908765,10.72404,12.61644,12.803775,11.671748,16.340212,17.836828,16.337528,17.986649,14.946271,20.58349,16.946232,20.812145,21.965853,21.199865,24.134224,24.400269,26.461203,24.301529,22.43122,21.421194,17.38705,21.111149,15.13603,18.328974,16.03594,18.164894,18.869764,18.909145,20.464256,17.039152,22.919239,19.138788,16.416098,14.8692875,16.241608,12.324592,16.24535,13.02973,18.142496,22.474945,20.126726,16.723421,18.379892,12.62396,13.222602,11.660881,11.710435
33,34.000996,30.108728,28.684206,24.92452,21.821001,21.591185,16.275414,16.365341,11.932312,12.070094,10.910114,14.746366,17.327559,17.07834,18.449396,15.57442,19.93396,17.27351,22.302685,22.085281,24.413778,28.366665,29.79503,26.686384,31.659891,29.212494,26.507784,23.365454,18.27894,14.877752,13.000165,8.846416,6.187942,0.0,5.2013583,6.192592,8.14534,8.59968,5.247894,5.258362,8.315408,10.971169,11.32867,16.872795,16.233883,21.521235,23.629477,28.296785,30.25359,33.84723,33.206,37.210976,39.064533,40.50881,37.727795,36.689716,31.757883,33.425804,31.194576,28.157503,25.272633,25.410767,20.382696,20.661364,16.679005,17.648836,17.53617,15.134973,19.673698,21.546494,19.488935,19.691042,16.030828,20.470867,15.278688,19.317923,19.25531,17.731731,20.203548,19.764547,21.966288,20.517649,18.216377,18.131578,14.788252,19.34199,14.390612,19.281319,18.069876,21.003164,22.589712,23.409895,25.357645,22.776464,28.558872,24.89181,21.965197,20.088045,20.75669,16.194025,19.491928,14.684045,19.254683,22.946455,19.77747,16.695358,16.371237,11.097034,10.243019,7.11883,7.055209
34,37.60231,33.55414,32.640205,28.907043,25.690943,26.126333,20.488,21.236675,16.993196,17.120354,15.930497,19.702295,22.440636,22.251438,23.593065,20.553722,24.630508,21.532246,26.382425,25.48418,27.504047,31.667866,32.531876,28.826897,33.499065,30.512232,27.593067,24.429049,20.068995,16.500317,14.710544,11.339477,4.887239,5.2013583,0.0,4.238398,5.9218564,5.0726852,5.3064575,7.586665,5.7683845,11.056027,10.580829,16.474121,15.819404,21.268354,24.002409,28.14509,30.746862,33.83595,32.838417,37.373287,39.76615,40.857372,38.22173,37.15844,31.961422,33.19963,30.743069,27.329237,24.88097,23.692467,18.741455,18.585426,13.424127,15.276279,14.284168,12.465727,16.666464,19.39449,18.54151,19.109749,16.449547,20.988571,17.07976,21.514164,21.791473,20.987375,23.678759,23.364573,26.027334,24.49935,22.895054,22.463543,18.805874,22.976871,17.66769,21.578999,19.910334,22.157738,23.235588,23.383509,25.148651,21.33491,27.34966,23.431198,20.85884,19.169266,20.977036,16.977999,20.87108,17.219427,22.183037,26.374624,23.46606,20.14561,20.51712,15.226592,14.413218,12.063669,10.865479
35,39.684147,35.781002,34.30477,30.819208,27.545872,27.270138,22.007246,21.502058,17.534895,16.548267,15.476157,18.541073,21.515978,21.93854,23.753252,21.405775,25.931158,23.365387,28.478552,28.07004,30.398567,34.37932,35.67423,32.263668,37.021553,34.223866,31.206734,28.197268,23.298426,19.984951,17.72789,14.410418,8.081155,6.192592,4.238398,0.0,4.5492435,6.5576735,7.132674,10.110424,9.870886,15.0164585,14.61516,20.592459,19.622385,25.246714,27.696974,32.083645,34.489056,37.705635,36.507538,40.906376,43.145374,44.07759,41.17012,39.81973,34.78921,35.858097,33.081192,30.079271,27.826672,26.839834,21.986723,22.288824,16.898455,19.366467,18.263199,16.588015,20.588545,23.574196,22.755526,23.122702,20.317928,24.503775,20.028437,24.476673,24.161478,22.894024,25.220032,24.335218,27.02066,26.029825,23.860104,24.099413,20.881952,25.426731,20.413172,24.893616,23.287724,25.796677,26.84265,26.989532,28.431322,24.634977,30.346514,25.999529,23.304464,21.07454,23.084322,18.823475,22.554451,18.636839,23.256176,27.425209,23.850128,20.657394,19.92086,15.621593,13.46386,11.529092,8.860484
