,0,1,2,3,4,5,6,7,8,9,10,11,12,13,14,15,16,17,18,19,20,21,22,23,24,25,26,27,28,29,30,31,32,33,34,35,36,37,38,39,40,41,42,43,44,45,46,47,48,49,50,51,52,53,54,55,56,57,58,59,60,61,62,63,64,65,66,67,68,69,70,71,72,73,74,75,76,77,78,79,80,81,82,83,84,85,86,87,88,89,90,91,92,93,94,95,96,97,98,99,100,101,102,103,104,105,106
0,0.0,4.342711,6.7100754,9.831723,12.69129,15.437085,18.667267,22.931665,25.808731,29.793947,31.397127,37.025105,33.212463,31.24993,26.87654,24.842361,20.870394,19.819424,15.893675,14.463435,13.123767,11.597139,16.21436,17.908497,20.241796,21.44857,19.520916,16.78313,16.69858,13.831768,17.195152,11.824324,17.59233,16.141693,18.65775,22.211325,22.110884,19.424994,20.97501,20.458809,19.963783,22.50248,20.488802,24.316128,22.721907,30.145231,27.536407,33.119247,35.49573,36.795578,33.096073,30.956917,34.94698,35.923443,30.985184,32.56738,28.466232,32.455257,29.868998,29.621197,29.129436,29.96382,27.85294,31.72151,25.54763,29.34884,28.611692,26.429598,31.114532,29.354343,33.77152,34.57928,31.280981,33.11429,33.182083,31.381392,34.44728,31.831669,36.99617,34.284092,38.276066,39.977634,35.3408,32.844734,29.262608,29.457243,25.81791,22.992662,22.848272,19.584143,22.52322,25.986395,25.75449,28.415764,27.967049,28.934948,33.6695,31.648535,35.97483,38.42453,38.872574,35.859985,37.510216,31.416452,31.703497,28.055466,28.268309
1,4.342711,0.0,5.440732,6.6862154,9.260099,13.16198,15.20013,20.21325,22.620312,27.045734,28.409716,34.08561,30.84022,28.855116,24.81667,22.208923,18.640676,16.83465,13.308949,11.066636,10.357295,8.807373,13.042652,15.421844,17.142805,18.056644,15.563809,12.922702,12.595082,10.178318,13.62947,9.659069,16.065409,14.679573,17.977804,21.31987,20.90084,18.050709,18.631554,17.580576,16.597958,18.832485,16.29267,20.175714,18.427465,25.873016,23.401598,28.937515,31.522621,32.66891,28.90991,27.175484,31.117174,31.937605,27.01757,28.483597,24.2503,28.152956,25.542816,25.45739,24.996653,25.990374,24.089437,28.25254,22.483473,26.366135,26.30061,24.542799,29.167023,28.056223,31.80187,32.159145,28.745714,30.143581,29.999708,27.857908,30.760368,27.916553,33.020905,30.227663,34.15434,35.79387,31.18137,28.806519,25.346893,25.688862,22.279415,19.703447,20.11307,17.277212,20.64275,23.905056,23.420183,25.881142,24.821598,25.755253,30.003078,27.99354,32.118916,34.449993,34.97489,32.06779,33.814354,27.737953,28.390049,24.631641,25.348734
2,6.7100754,5.440732,0.0,5.356576,7.0651493,9.320356,12.678321,16.40259,19.666576,23.279797,25.27062,30.834051,26.916935,25.270376,20.611807,18.924307,15.094551,14.406223,11.443289,10.622209,11.629888,11.662002,15.959739,18.989037,20.744013,20.870789,18.714798,14.603657,13.069205,9.702993,11.539813,5.6360416,11.05802,9.884609,12.780706,16.272657,16.546394,14.180034,15.309527,14.408242,15.087784,16.901205,16.249372,19.47683,19.291132,26.341093,24.252447,29.852156,32.220688,33.96202,30.509624,28.836082,33.303825,34.380653,29.82048,31.134272,26.452799,29.801996,26.657764,26.64804,24.670094,25.72921,23.18459,27.021454,20.996681,23.997702,23.564213,21.097239,25.537569,23.659761,27.699482,28.428843,24.739012,26.88429,26.793594,25.293512,28.460228,26.253292,31.488508,29.228605,33.34576,35.4721,30.866945,28.472557,24.519539,25.47547,20.947557,18.916527,18.31013,15.491949,18.193245,21.759134,22.302568,24.303392,24.027481,24.026476,29.165773,26.500223,31.067135,33.609203,33.51893,30.404097,31.567385,25.571424,25.352282,21.813244,21.683558
3,9.831723,6.6862154,5.356576,0.0,3.9580672,6.937458,9.554843,14.103347,16.243193,20.785889,21.851868,27.527607,24.337393,22.226517,18.481651,15.551326,12.109753,10.174585,6.985643,5.290631,7.090569,7.9733715,11.562438,15.138476,16.579521,16.142641,14.651666,9.573112,8.161473,4.445497,7.735473,4.2020984,11.117054,11.785633,15.207831,18.335482,18.801517,16.61448,16.20977,14.035956,14.462145,14.742283,13.087256,15.785502,14.771293,21.716248,19.222633,24.893915,27.00474,28.939919,25.6812,23.610031,28.252476,29.62864,25.358658,26.891584,22.180695,25.80613,22.90885,23.833027,21.754814,23.506075,21.462523,25.971823,20.933855,23.72289,24.528898,22.580555,26.69418,25.45235,28.408028,28.465378,24.077162,25.888378,24.956375,22.934727,25.52167,22.639515,27.82269,24.90793,29.015478,30.887169,26.220867,23.576572,19.723316,20.276634,16.1053,13.778571,13.7506695,11.210918,14.559763,17.778093,17.742002,19.766006,18.953436,19.352741,24.157913,21.87187,26.335861,28.90271,29.228706,26.131767,28.02819,21.834408,22.538126,19.173655,19.849508
4,12.69129,9.260099,7.0651493,3.9580672,0.0,5.9534397,5.998911,11.239773,13.498614,17.96891,19.458328,25.099327,22.217613,20.544724,16.676441,13.86361,11.124804,8.926457,7.8515244,6.1388526,9.878814,10.991056,13.553581,17.564714,18.20378,17.313986,14.880873,10.206717,7.199953,4.6235404,4.61,4.353019,9.452157,9.553059,13.4533205,16.067242,16.12409,14.008501,12.798606,10.257079,10.910914,10.854682,10.094128,12.622868,13.004175,19.625917,17.932638,23.394854,25.891787,27.711853,24.44672,23.401365,27.973408,28.99782,24.87852,25.96497,20.986465,23.88519,20.560448,21.249447,18.421417,20.101898,17.820751,22.247576,17.394718,19.889309,21.005205,19.268324,23.217255,22.439007,24.904186,24.72855,20.455414,21.997236,21.178701,19.131424,21.91592,19.327549,24.55183,22.166883,26.281307,28.457449,23.878206,21.614965,17.65165,19.132963,14.560788,13.41782,13.572901,12.009112,15.1349,18.127228,18.492733,19.819803,18.637775,18.17556,22.691704,19.822388,24.213566,26.658962,26.543983,23.506481,24.827541,18.77086,19.158844,15.543212,16.332085
5,15.437085,13.16198,9.320356,6.937458,5.9534397,0.0,7.026384,8.165359,11.186792,14.687341,16.23916,21.7553,17.80252,15.966489,11.6615925,9.642407,5.8968067,6.126802,5.6447186,7.5688286,11.326831,13.683234,16.368135,20.19618,21.444433,20.029886,19.29933,13.261339,10.723777,7.374807,6.2454586,3.6996613,5.5306454,9.41717,11.8016615,14.390953,16.22278,15.270856,14.596882,11.9633255,14.872412,13.333999,14.412835,15.278124,16.407032,21.889048,19.989662,25.329052,26.8493,29.664736,27.11261,25.07629,30.232918,32.00847,28.53429,29.878546,24.896763,27.677757,24.370642,25.754663,21.68213,23.779627,21.24231,25.351028,20.886509,22.017815,23.023739,20.4954,23.813166,21.864998,24.33774,24.514061,19.205414,22.059444,20.580477,19.421598,21.932014,19.832747,24.978569,22.658854,26.903503,29.334517,24.844442,22.158237,17.774477,19.105019,13.447029,12.330189,10.546021,8.783657,10.656279,13.977276,15.582656,16.550806,16.919792,15.736343,21.753416,18.641481,23.645782,26.496197,26.036604,22.677835,24.000887,18.006153,17.716703,15.113619,14.7080765
6,18.667267,15.20013,12.678321,9.554843,5.998911,7.026384,0.0,6.6920395,8.10767,12.745527,14.284723,19.785244,17.67235,16.45008,13.191611,10.180466,9.357422,6.868637,9.383298,8.684207,13.586785,15.414809,16.578234,20.866604,20.71093,18.924683,16.597696,12.057739,8.079058,7.6597304,2.2773676,8.452369,9.389834,10.5473995,14.0469055,15.470175,15.630789,14.359877,11.521161,7.7936616,9.70991,6.6495743,8.282902,8.549638,11.3930435,16.322935,15.682164,20.557163,23.019955,25.133215,22.362856,22.20952,26.840836,27.811398,24.458923,25.120941,19.980677,21.785461,18.104782,19.317123,14.698051,16.896242,14.546372,18.9557,15.50716,16.598085,18.898678,17.578999,20.626467,20.508257,21.499823,20.665228,15.822268,17.125711,15.600518,13.470081,16.054836,13.702652,18.94988,17.07454,21.229315,23.83437,19.444841,17.525108,13.367359,16.080593,10.917232,11.798726,12.028675,12.24799,14.655472,16.878199,17.76327,17.92336,16.416748,14.60478,18.74961,15.108226,19.462654,21.854782,21.138823,18.097723,18.91859,12.966082,13.205343,9.6303835,10.911336
7,22.931665,20.21325,16.40259,14.103347,11.239773,8.165359,6.6920395,0.0,4.981715,6.900999,9.743365,14.917789,11.550548,11.031312,7.0124826,6.2016644,6.8273687,7.662743,11.602523,13.150814,17.873615,20.38646,21.762104,25.915615,26.15451,23.986097,22.765768,17.477957,13.978267,12.79116,8.153928,11.271763,7.7785916,11.359061,12.956265,13.44044,15.229534,15.485524,13.148662,9.947405,14.257871,10.42411,14.344231,12.946851,16.820507,19.92755,19.624872,23.87063,25.391201,28.388277,26.467512,25.870153,30.841864,32.32025,29.707058,30.386858,25.352491,26.601091,22.919844,24.459507,18.491695,20.753366,18.066587,21.482681,18.711956,17.82621,19.887259,17.799887,19.69913,18.49656,18.947435,18.421947,12.292148,15.353031,13.04547,12.613344,14.92925,14.050762,18.812479,17.838203,21.88794,24.993671,21.063423,19.126875,14.778606,17.830753,11.697018,13.5684,11.912445,12.846756,13.332322,15.202121,17.649895,16.780008,16.86874,13.4640255,18.855473,14.526299,19.307758,21.971119,20.30545,17.028494,16.9595,11.686804,9.955629,8.161697,6.9249344
8,25.808731,22.620312,19.666576,16.243193,13.498614,11.186792,8.10767,4.981715,0.0,5.997971,6.1900597,11.707776,10.430843,9.384408,8.392211,5.223439,8.354867,7.5305324,12.484289,13.671969,18.351273,21.032648,21.293585,25.378067,25.083525,22.425858,21.764517,16.776552,13.596292,13.601781,9.244727,14.388323,12.457335,15.925108,17.891792,18.265327,19.642996,19.69668,16.58384,12.933533,16.08813,11.01138,13.978963,11.111385,14.814741,16.348106,16.26494,19.913841,21.039852,24.304018,22.907938,22.408981,27.297846,28.940643,27.000525,27.65629,22.861149,23.825462,20.495394,22.97168,16.81546,19.767609,17.871714,21.642391,20.297459,19.242813,22.434856,21.158108,22.640951,22.36546,21.635454,20.273003,14.112591,16.049944,12.531915,11.282903,12.2329035,10.475229,14.999376,13.382684,17.415136,20.416143,16.58366,14.566787,10.337264,13.682276,7.8751826,11.131872,10.310382,12.682307,13.169088,13.880951,15.769602,14.200915,13.461927,9.493006,14.104327,9.60617,14.358437,17.078648,15.5824375,12.211813,13.054225,7.3807216,7.490461,6.790816,7.7432513
9,29.793947,27.045734,23.279797,20.785889,17.96891,14.687341,12.745527,6.900999,5.997971,0.0,5.162532,8.710059,6.1918607,7.555713,6.616851,7.7923594,11.177016,12.48769,17.136892,18.994486,23.615833,26.38629,27.06417,31.12562,31.023184,28.374527,27.67544,22.644245,19.3635,18.893442,14.287874,18.04748,13.791539,17.407393,18.06068,17.400717,19.441753,20.544355,17.80782,14.931642,19.209673,14.437816,18.929878,15.980439,20.551016,21.299358,21.82949,24.83011,25.633574,29.060452,28.086946,27.874159,32.667713,34.286694,32.66101,33.094055,28.37608,28.696003,25.222473,27.269297,20.384714,22.855942,20.554262,23.169827,22.224644,19.739483,22.501297,20.852112,21.206232,20.373693,18.877003,17.748055,11.16006,14.343473,10.605003,11.5127125,12.362223,12.938304,16.32315,16.456553,19.872047,23.290113,20.251995,18.8305,15.138953,18.662928,13.223463,16.527578,14.742347,16.971737,16.231133,16.708998,19.65448,17.46721,17.947939,13.241753,17.76897,13.130103,17.221067,19.68276,17.009287,13.9926815,12.803666,9.494552,6.2555,8.063442,6.0331936
10,31.397127,28.409716,25.27062,21.851868,19.458328,16.23916,14.284723,9.743365,6.1900597,5.162532,0.0,5.686529,6.07216,5.5807977,8.478421,7.2334585,11.685839,12.166429,16.987228,18.872122,23.124857,26.100248,25.999296,29.808853,29.52577,26.529608,26.81444,21.766218,19.117462,19.144184,15.297224,19.768856,16.902014,21.07423,22.192781,22.03949,24.040457,24.735104,21.747845,18.396147,21.865864,16.559814,19.690376,16.087769,19.600544,19.22628,19.402866,21.897642,21.839996,25.78632,25.45716,24.622965,29.433138,31.512825,30.538363,31.208841,26.835062,27.329823,24.419119,27.440723,20.915834,24.013418,22.4456,25.621975,25.322657,23.266743,26.6547,25.383152,25.916637,25.43646,23.745054,22.216093,15.851679,18.09234,13.691499,13.566144,12.9377575,12.239855,15.053378,13.955199,17.209614,20.216213,17.311525,15.462055,12.147463,15.051211,10.398771,14.098619,12.63482,15.776027,14.805137,14.165157,16.66993,13.863551,14.170553,9.147314,13.305742,9.07235,13.153594,15.866558,13.744477,10.556121,11.284483,7.9709735,7.7235913,10.213791,10.258409
11,37.025105,34.08561,30.834051,27.527607,25.099327,21.7553,19.785244,14.917789,11.707776,8.710059,5.686529,0.0,6.665423,7.9656963,12.356569,12.550419,16.937643,17.776941,22.503414,24.488182,28.61723,31.640497,31.298037,34.978027,34.545086,31.38874,31.897882,27.123095,24.593945,24.802225,20.917433,25.328547,21.876602,25.988943,26.630194,25.944307,28.060366,29.188406,26.14495,23.07106,26.62256,21.21478,24.659481,20.636501,24.366846,22.649376,23.379337,24.799923,24.139511,28.19588,28.620216,28.098587,32.541443,34.649498,34.396503,34.871265,30.86198,30.710459,28.05669,31.202648,24.422955,27.418617,26.093443,28.598509,29.261799,26.394718,29.945885,28.87941,28.556128,28.227072,25.560251,23.80689,17.90345,19.920378,15.274651,16.021954,14.313143,14.838413,15.855147,15.856279,18.005922,20.958359,19.203642,18.015257,15.794239,18.53867,15.155564,19.001408,17.565605,20.87929,19.335606,18.01157,20.610245,17.240892,17.89635,12.936611,15.36618,11.921801,14.281695,16.387945,13.517602,11.291712,10.947702,10.869456,10.104238,13.979945,13.65066
12,33.212463,30.84022,26.916935,24.337393,22.217613,17.80252,17.67235,11.550548,10.430843,6.1918607,6.07216,6.665423,0.0,3.9160242,6.652369,9.282981,12.804988,15.223001,19.4289,22.166708,26.215235,29.340382,29.989826,33.72704,34.02071,31.193384,31.690193,26.05911,23.399643,22.500956,18.753445,21.440456,17.021996,21.761116,21.672737,21.145617,24.109354,25.524004,23.408735,20.675016,25.120598,20.403332,24.330057,21.267668,24.964474,25.23157,25.176912,27.902403,27.580126,31.736334,31.44206,30.109716,35.12151,37.41794,36.30807,37.09965,32.609287,33.246704,30.15901,32.784885,26.034552,28.757298,26.653383,29.267056,28.375755,25.784727,28.277943,26.265606,26.349497,24.691738,23.344433,22.5986,16.125458,19.783838,15.923972,17.235582,17.1859,17.66243,20.202333,19.86889,22.882814,25.959179,23.311302,21.46213,18.113403,20.575571,15.563935,18.330658,15.607943,17.993198,15.879518,15.469171,19.117163,16.349125,18.358898,13.600051,18.695154,14.921161,18.823206,21.45241,19.00877,16.138031,15.780369,13.5925,11.387754,14.072517,12.065851
13,31.24993,28.855116,25.270376,22.226517,20.544724,15.966489,16.45008,11.031312,9.384408,7.555713,5.5807977,7.9656963,3.9160242,0.0,5.987224,6.784105,10.402723,12.668023,16.63565,19.573355,23.277433,26.520618,27.01029,30.563925,31.015028,28.153273,29.274464,23.373137,21.151327,20.157017,17.098358,19.665956,16.283106,21.523846,21.864468,22.004255,24.996817,25.96629,23.90009,20.827076,24.91575,20.173975,23.193134,20.284563,23.06147,23.647923,22.911749,25.928293,25.264717,29.675026,29.397903,27.273869,32.475864,35.115593,33.995045,35.104942,30.686043,31.884905,29.041616,32.06582,25.792507,28.814844,26.917032,30.144762,28.91748,27.027021,29.63315,27.599691,28.306051,26.62113,25.854218,25.09716,18.463682,21.88407,17.934261,18.40779,18.30466,17.674685,20.622173,19.161684,22.425076,25.144722,22.137678,19.709177,16.21521,17.915146,12.904988,15.115189,12.131643,14.65101,12.340903,11.609689,15.252366,12.491186,14.891916,10.431565,16.357845,13.070554,17.43455,20.375652,18.73766,15.5972185,16.67886,13.444882,12.628366,14.655312,13.451847
14,26.87654,24.81667,20.611807,18.481651,16.676441,11.6615925,13.191611,7.0124826,8.392211,6.616851,8.478421,12.356569,6.652369,5.987224,0.0,5.4938846,7.0730844,10.5967,14.075531,17.122633,21.08293,24.11277,25.563982,29.343864,30.129433,27.723642,27.953655,21.882528,19.170794,17.394346,14.021062,15.228423,10.680644,16.001808,15.966892,16.22992,19.5283,20.596561,19.182379,16.532255,21.201946,17.33974,20.976446,19.07531,22.283686,24.50843,23.72625,27.620493,27.909254,31.806677,30.673582,28.87662,34.18687,36.432724,34.424973,35.465374,30.644455,32.083218,28.746534,30.914907,24.728016,27.247955,24.708174,27.798454,25.387894,23.795992,25.528263,22.924145,24.075098,21.697607,22.046862,21.971718,15.377937,19.57004,16.625778,17.341486,18.646126,18.287504,22.197935,21.132406,24.879148,27.888607,24.356205,22.00837,17.865015,20.039795,13.993622,15.514232,12.224906,13.399704,11.678714,12.817594,16.630678,15.05152,17.196577,13.301641,19.82409,15.957241,20.838808,23.778728,21.991856,18.664808,18.88609,14.684498,12.638598,13.195983,10.873652
15,24.842361,22.208923,18.924307,15.551326,13.86361,9.642407,10.180466,6.2016644,5.223439,7.7923594,7.2334585,12.550419,9.282981,6.784105,5.4938846,0.0,4.5068445,5.98605,10.26438,12.930941,16.950323,20.063875,20.825428,24.605904,25.105877,22.511618,23.099907,17.046776,14.634295,13.409288,10.492472,13.293268,11.309964,16.366327,17.698465,18.649633,21.08505,21.278519,19.18694,15.805826,19.395126,15.078462,17.320316,15.243488,17.479649,19.752447,18.480003,22.572237,22.820442,26.718302,25.530592,23.413364,28.7646,31.125961,29.164959,30.384237,25.670721,27.494572,24.467274,27.198818,21.582533,24.557293,22.558268,26.442543,24.277842,23.531118,26.002626,23.999655,25.748796,24.309467,24.521296,23.829655,17.340605,20.338533,16.99854,16.340292,17.235538,15.439665,19.697872,17.416435,21.384295,24.005278,20.104279,17.326138,13.054778,14.783046,8.648453,10.090595,7.2709265,9.28601,8.570473,9.472089,12.346191,10.932231,12.081452,8.521925,15.23458,11.682798,16.870977,19.965633,19.025505,15.536889,17.221989,11.934834,11.958767,11.806068,11.465079
16,20.870394,18.640676,15.094551,12.109753,11.124804,5.8968067,9.357422,6.8273687,8.354867,11.177016,11.685839,16.937643,12.804988,10.402723,7.0730844,4.5068445,0.0,4.638228,7.025723,10.390923,14.050371,17.124712,18.786993,22.477947,23.584795,21.454216,22.008911,15.523814,13.333398,10.927598,9.081345,9.508343,8.290297,13.785009,15.13399,16.870958,19.5249,19.402071,18.147636,15.085628,18.642134,15.43471,17.13997,16.315645,17.792128,21.606709,19.717941,24.517708,25.057524,28.706902,27.000147,24.384186,29.841003,32.207947,29.614985,31.073378,26.244612,28.723028,25.63664,27.94146,22.986029,25.668474,23.396378,27.437637,24.149395,24.16231,25.880741,23.427475,25.849525,23.805124,25.211994,25.075434,18.874514,22.174782,19.595848,18.857258,20.476551,18.507366,23.202913,20.723906,24.859377,27.330742,23.111643,20.144531,15.739968,16.883398,10.803773,10.401724,7.1006713,6.93382,6.7714806,9.399334,12.167479,12.103387,13.601236,11.477496,18.386435,15.274484,20.513197,23.610872,23.014975,19.524633,21.230453,15.569292,15.398177,14.221445,13.557427
17,19.819424,16.83465,14.406223,10.174585,8.926457,6.126802,6.868637,7.662743,7.5305324,12.48769,12.166429,17.776941,15.223001,12.668023,10.5967,5.98605,4.638228,0.0,5.006597,6.962079,11.211421,14.189956,15.066996,18.98734,19.56579,17.281324,17.61723,11.309339,9.05056,7.5091677,5.9395685,9.053264,10.430755,14.529596,17.030184,18.8941,20.53166,19.735205,17.733751,14.202681,16.527594,13.084075,13.415505,12.63134,13.266818,17.415668,15.279555,20.320574,21.239954,24.547518,22.57434,20.170923,25.522432,27.70658,24.99279,26.455576,21.643278,24.329592,21.417969,23.999409,19.623972,22.539667,20.74346,25.300299,22.352213,23.022148,25.357933,23.576939,26.30109,25.233963,26.268908,25.594767,19.731415,21.954538,19.298317,17.565254,18.974373,16.057768,20.92113,17.763493,21.959993,24.131123,19.67028,16.619446,12.251216,13.246069,7.4447784,6.749456,5.346322,5.841522,7.9731417,10.056309,11.123231,11.437221,11.062304,9.75035,15.683667,12.875802,17.917759,20.890602,20.873638,17.487715,19.88883,13.751287,14.92665,13.065395,13.897035
18,15.893675,13.308949,11.443289,6.985643,7.8515244,5.6447186,9.383298,11.602523,12.484289,17.136892,16.987228,22.503414,19.4289,16.63565,14.075531,10.26438,7.025723,5.006597,0.0,4.1836867,7.0268545,10.154636,12.071254,15.65647,17.137354,15.488624,16.386044,9.6058035,8.654068,5.4085526,7.5547934,6.9129887,11.0664,14.77799,17.367428,20.035545,21.688715,20.417166,19.315731,16.259596,17.961739,15.899393,14.960078,15.584314,14.605112,20.049627,17.042273,22.538141,23.435913,26.495493,24.15893,20.822783,26.15005,28.49542,25.241285,27.130127,22.491062,26.076246,23.455366,25.776016,22.550495,25.203283,23.42519,28.143997,24.304737,25.866802,27.55588,25.510094,28.845215,27.342175,29.365534,29.104704,23.561888,25.901066,23.748922,21.932388,23.63778,20.506056,25.444555,21.928139,26.073399,27.873442,23.273256,20.005058,15.950554,15.822663,11.1502,8.23878,6.9988093,4.290642,7.7921457,10.81153,11.047989,12.897275,12.907574,13.299716,19.071774,17.104044,21.935415,24.867058,25.372177,22.067652,24.7769,18.575058,19.800507,17.547544,18.201754
19,14.463435,11.066636,10.622209,5.290631,6.1388526,7.5688286,8.684207,13.150814,13.671969,18.994486,18.872122,24.488182,22.166708,19.573355,17.122633,12.930941,10.390923,6.962079,4.1836867,0.0,4.9660783,7.3979764,8.935584,12.963064,13.906018,12.504179,12.391865,5.877269,4.9460583,1.802986,6.422784,7.3965797,12.95898,15.105926,18.481169,21.161644,21.892408,20.044033,18.557447,15.48659,15.881074,14.382092,11.986327,13.452257,11.463304,17.80286,14.750213,20.445305,22.05594,24.39533,21.529724,18.802372,23.761972,25.622362,21.897825,23.69994,19.046974,22.878477,20.353401,22.453766,20.139067,22.652193,21.201036,26.162952,22.33879,24.638817,26.525684,25.00791,28.640282,27.86751,29.79169,29.260057,24.264826,25.793562,23.955217,21.536528,23.328552,19.780718,24.751781,21.08193,25.13354,26.704367,22.016287,19.003695,15.279405,15.203524,11.493529,8.669423,9.494096,7.6787424,11.610397,14.12436,13.358186,15.311533,13.858742,14.78367,19.229088,17.471317,21.81536,24.445078,25.252869,22.184868,24.960014,18.698816,20.451376,17.576065,19.017168
20,13.123767,10.357295,11.629888,7.090569,9.878814,11.326831,13.586785,17.873615,18.351273,23.615833,23.124857,28.61723,26.215235,23.277433,21.08293,16.950323,14.050371,11.211421,7.0268545,4.9660783,0.0,3.418528,5.925433,9.054783,11.228882,10.667273,12.0877695,6.2579126,8.210343,6.043614,11.318113,10.255513,16.628548,18.62261,21.811462,24.881786,25.674837,23.591831,22.668135,19.934904,19.813063,19.003223,15.715674,17.64801,14.216012,20.637934,16.809591,22.417654,23.631372,25.807993,22.925476,19.040846,23.766644,25.939264,22.0323,24.36186,20.290894,24.930538,23.044243,25.222357,24.040066,26.46738,25.31356,30.351618,26.296022,29.104334,30.718237,29.146088,33.042446,32.050514,34.42236,34.04963,29.13707,30.699617,28.915075,26.414715,28.069801,24.255562,29.051281,24.91141,28.774439,29.8671,25.228168,21.99159,18.766365,17.524946,15.022982,11.083944,12.021752,9.3470335,13.22572,15.612807,13.909139,16.810268,15.572725,17.780195,21.907473,21.051662,25.107325,27.68555,29.074217,26.114592,29.427546,23.213884,25.287817,22.507963,23.947372
21,11.597139,8.807373,11.662002,7.9733715,10.991056,13.683234,15.414809,20.38646,21.032648,26.38629,26.100248,31.640497,29.340382,26.520618,24.11277,20.063875,17.124712,14.189956,10.154636,7.3979764,3.418528,0.0,4.89038,7.3931074,9.756532,10.266009,10.848955,6.8653483,9.296702,7.80902,13.182968,11.849649,18.675232,19.727684,23.130678,26.306772,26.61882,24.182644,23.43297,21.016754,20.118486,20.130697,16.159288,18.818869,14.873499,21.697912,17.943922,23.445856,25.074924,26.63992,23.391537,19.887838,24.074722,25.831596,21.473703,23.78595,19.979166,24.854643,23.164392,24.891079,24.646929,26.75124,25.75676,30.756626,26.471718,29.85274,31.25576,29.885078,34.036335,33.27416,35.88227,35.53531,31.056736,32.293015,30.86567,28.17486,29.993914,26.11738,30.886509,26.799072,30.540956,31.472122,26.869267,23.86904,20.9317,19.713512,17.741533,13.996601,15.349643,12.761332,16.620365,19.006403,17.097433,20.062794,18.450245,20.826809,24.379972,23.640831,27.407541,29.783484,31.303251,28.492682,31.711275,25.537657,27.657145,24.551346,26.159689
22,16.21436,13.042652,15.959739,11.562438,13.553581,16.368135,16.578234,21.762104,21.293585,27.06417,25.999296,31.298037,29.989826,27.01029,25.563982,20.825428,18.786993,15.066996,12.071254,8.935584,5.925433,4.89038,0.0,4.3070626,5.323383,5.3836737,7.669301,4.9708667,8.965429,9.52304,14.391715,15.294808,21.683624,22.965822,26.611837,29.490887,29.600906,27.179781,25.652328,22.818663,21.388575,20.668173,15.79202,17.852043,12.618199,18.700922,14.515623,19.662777,21.146027,22.423872,19.276169,15.398571,19.33125,21.222054,17.073957,19.695677,16.320168,21.573774,20.563343,23.03629,23.41373,25.86075,25.562613,30.796045,27.485222,30.802519,32.96188,32.122124,36.0282,35.892773,37.75659,36.909576,32.372047,33.03998,31.20369,28.077055,29.29049,24.910192,29.242798,24.633904,28.030025,28.439262,24.008842,21.015696,18.799547,16.878582,16.452139,12.749381,15.331164,13.754785,17.696407,19.237738,16.421839,19.226374,16.541458,19.62842,21.83096,21.881355,24.963518,27.074154,29.185286,26.685684,30.515366,24.605265,27.598724,24.72079,27.049139
23,17.908497,15.421844,18.989037,15.138476,17.564714,20.19618,20.866604,25.915615,25.378067,31.12562,29.808853,34.978027,33.72704,30.563925,29.343864,24.605904,22.477947,18.98734,15.65647,12.963064,9.054783,7.3931074,4.3070626,0.0,4.21267,6.127105,9.925278,9.1980505,13.251545,13.658141,18.663801,18.94203,25.505438,26.793835,30.334578,33.369328,33.515587,31.002642,29.707031,27.005432,25.382652,24.902992,19.793297,21.894325,16.252773,21.765142,17.351465,21.94281,23.001305,24.011395,21.068808,16.468325,19.71816,21.789518,17.807657,20.793102,18.323164,23.887804,23.504145,26.016577,27.138016,29.515387,29.45834,34.67516,31.378284,34.915535,36.985577,36.161785,40.17162,39.967133,41.999382,41.191753,36.670258,37.32738,35.467842,32.287937,33.35778,28.845661,32.968063,28.114449,31.27088,31.284548,27.052557,24.030231,22.271074,19.706991,20.05908,16.082703,18.576307,16.835049,20.513437,21.809933,18.530554,21.65755,19.127249,22.823418,24.626778,25.292664,28.051632,30.041258,32.545464,30.188442,34.346325,28.551752,31.747494,28.969007,31.319069
24,20.241796,17.142805,20.744013,16.579521,18.20378,21.444433,20.71093,26.15451,25.083525,31.023184,29.52577,34.545086,34.02071,31.015028,30.129433,25.105877,23.584795,19.56579,17.137354,13.906018,11.228882,9.756532,5.323383,4.21267,0.0,3.533203,6.957898,8.718618,12.663137,14.333755,18.680025,20.413748,26.72641,27.675661,31.51253,34.26821,33.99296,31.404213,29.53715,26.703947,24.489979,23.824427,18.1549,20.071774,13.894098,18.84844,14.644005,18.772741,20.28933,20.605152,17.42723,13.612688,16.255993,17.841097,13.657031,16.637064,14.477666,20.124186,20.170898,22.865032,24.645195,27.030067,27.47142,32.697372,30.08448,33.67641,36.20083,35.880272,39.731384,40.162415,41.657703,40.483685,36.231224,36.282883,34.39924,30.896965,31.697859,27.00237,30.780148,25.891848,28.730518,28.461914,24.424845,21.76278,20.58492,18.121695,19.394047,16.090239,19.37364,18.39066,22.196741,23.17346,19.749056,22.392685,18.941923,22.552956,23.175003,24.047647,26.187906,27.824,30.536623,28.499628,32.699245,27.2168,30.822289,28.009779,30.874174
25,21.44857,18.056644,20.870789,16.142641,17.313986,20.029886,18.924683,23.986097,22.425858,28.374527,26.529608,31.38874,31.193384,28.153273,27.723642,22.511618,21.454216,17.281324,15.488624,12.504179,10.667273,10.266009,5.3836737,6.127105,3.533203,0.0,6.909493,7.1601768,11.043268,13.112817,16.96847,19.588942,25.400698,26.863756,30.643476,33.20353,33.14341,30.798183,28.58484,25.439669,23.614788,22.162096,16.76404,17.922243,11.725638,16.10622,11.586547,15.862211,17.074667,17.909245,15.014178,10.61923,14.090897,16.21802,12.557344,15.604397,13.024097,18.538742,18.490324,21.841394,22.856747,25.619171,26.095263,31.408554,29.232716,32.349026,35.238506,34.92417,38.50596,38.979507,40.065437,38.720802,34.19693,34.273216,32.036324,28.541786,29.036312,24.24157,27.899664,22.813253,25.659658,25.39422,21.321505,18.463472,17.337091,14.631982,16.246923,13.089339,16.69186,16.270815,19.960114,20.578209,17.063751,19.411713,15.631407,19.291866,19.662992,20.69835,22.778273,24.476984,27.262802,25.222925,29.650854,24.258837,28.106638,25.592855,28.579607
26,19.520916,15.563809,18.714798,14.651666,14.880873,19.29933,16.597696,22.765768,21.764517,27.67544,26.81444,31.897882,31.690193,29.274464,27.953655,23.099907,22.008911,17.61723,16.386044,12.391865,12.0877695,10.848955,7.669301,9.925278,6.957898,6.909493,0.0,6.8960447,8.949199,12.010418,14.969294,18.270578,24.0153,23.968874,28.154213,30.469637,29.464512,26.767557,24.314198,21.568253,18.562035,18.17658,12.007349,14.450821,8.507061,14.408615,11.494896,15.873059,19.010035,18.61828,14.531218,13.871731,16.393375,16.520927,11.46879,13.253267,9.691203,14.841606,14.095943,16.144497,18.184492,20.26281,20.824017,25.96625,23.663534,27.416056,30.168644,30.37853,34.102238,35.267857,36.332996,34.907166,31.29801,30.66659,29.223982,25.500214,26.577059,22.099579,25.94012,21.762636,24.643768,24.828104,20.71166,18.800772,17.47874,16.654877,17.300043,15.422498,19.015837,18.608385,22.609116,23.887444,21.279224,23.141571,19.132645,21.4401,21.682507,21.525114,23.539959,24.915783,27.006472,25.103508,28.433004,23.125637,26.485361,23.213923,26.418892
27,16.78313,12.922702,14.603657,9.573112,10.206717,13.261339,12.057739,17.477957,16.776552,22.644245,21.766218,27.123095,26.05911,23.373137,21.882528,17.046776,15.523814,11.309339,9.6058035,5.877269,6.2579126,6.8653483,4.9708667,9.1980505,8.718618,7.1601768,6.8960447,0.0,4.1852994,6.0985875,9.998371,12.775906,18.45789,19.736158,23.543188,26.051842,26.03422,23.78951,21.68793,18.552715,17.301136,15.929587,11.2862015,12.982925,8.300683,14.844828,11.1753,16.765087,18.783379,20.26565,17.00838,14.369813,18.773201,20.351305,16.327793,18.375456,14.095453,18.679907,16.961359,19.535887,18.906296,21.539,21.083939,26.35812,23.370852,26.290672,28.801847,28.109331,31.758703,31.920776,33.3028,32.247578,27.69916,28.193037,26.281464,23.110247,24.356539,20.061407,24.546165,20.224155,23.824747,24.65726,20.076157,17.23596,14.5839615,13.650347,12.435023,9.613113,12.5535345,11.751523,15.791644,17.360561,15.182181,17.230633,14.125139,16.246971,18.515518,17.826958,21.107674,23.261091,24.9248,22.347261,25.803034,19.85407,22.772318,19.81261,22.32968
28,16.69858,12.595082,13.069205,8.161473,7.199953,10.723777,8.079058,13.978267,13.596292,19.3635,19.117462,24.593945,23.399643,21.151327,19.170794,14.634295,13.333398,9.05056,8.654068,4.9460583,8.210343,9.296702,8.965429,13.251545,12.663137,11.043268,8.949199,4.1852994,0.0,4.1883965,6.193079,10.55031,15.435367,16.378857,20.302082,22.510561,22.307524,20.180096,17.740002,14.468542,13.46639,11.804362,7.7835956,9.567322,6.7635126,13.720415,11.195773,16.814938,19.358267,20.897356,17.58083,16.340904,20.781593,21.91091,17.97763,19.356745,14.495276,18.085468,15.489786,17.596603,15.834603,18.393137,17.478949,22.681978,19.589722,22.235508,24.793234,24.109024,27.641342,27.94869,29.151358,28.068607,23.6245,24.077583,22.349627,19.263199,20.882864,16.945475,21.75145,18.09023,21.94247,23.36522,18.71057,16.220638,12.97478,13.515284,10.912413,9.427917,11.893348,11.509235,15.336906,17.185747,15.978612,17.350344,14.43786,15.213578,17.912178,16.16304,19.77407,21.968155,22.91264,20.205946,22.897572,16.857088,19.249655,15.979727,18.44219
29,13.831768,10.178318,9.702993,4.445497,4.6235404,7.374807,7.6597304,12.79116,13.601781,18.893442,19.144184,24.802225,22.500956,20.157017,17.394346,13.409288,10.927598,7.5091677,5.4085526,1.802986,6.043614,7.80902,9.52304,13.658141,14.333755,13.112817,12.010418,6.0985875,4.1883965,0.0,5.401828,6.772562,12.452304,13.9466305,17.560139,20.194057,20.600676,18.601767,17.042381,14.049681,14.183877,13.036337,10.599009,12.511571,10.892474,17.556904,14.881555,20.562021,22.57351,24.62672,21.542183,19.4504,24.222115,25.743956,21.818348,23.398336,18.622467,22.258507,19.527649,21.259933,18.989687,21.30715,19.749432,24.666798,20.665628,23.146908,24.951399,23.524738,27.256147,26.659554,28.631918,28.099857,23.362354,24.712812,23.141262,20.667332,22.693699,19.269884,24.32112,20.930904,24.989534,26.676718,21.991257,19.230139,15.494293,15.894887,12.102937,9.857511,10.801609,9.205954,13.003926,15.588274,15.010721,16.764143,15.125907,15.713017,19.92854,17.89263,22.1609,24.684423,25.309988,22.2918,24.725254,18.48624,20.040136,16.869095,18.352957
30,17.195152,13.62947,11.539813,7.735473,4.61,6.2454586,2.2773676,8.153928,9.244727,14.287874,15.297224,20.917433,18.753445,17.098358,14.021062,10.492472,9.081345,5.9395685,7.5547934,6.422784,11.318113,13.182968,14.391715,18.663801,18.680025,16.96847,14.969294,9.998371,6.193079,5.401828,0.0,7.317316,9.868268,11.31165,14.921604,16.783459,17.071419,15.549431,13.112871,9.587044,10.837557,8.377895,8.370668,9.17884,10.600723,16.181458,14.88354,20.091047,22.417826,24.570314,21.70662,20.971352,25.70592,26.867739,23.36245,24.30037,19.203693,21.57797,18.153225,19.619442,15.688816,18.008272,15.943302,20.59152,16.985554,18.55208,20.731237,19.376177,22.649475,22.365112,23.661074,22.911083,18.060852,19.384985,17.779968,15.501492,17.833208,15.025495,20.247614,17.783966,21.959545,24.28099,19.743862,17.496758,13.367908,15.410209,10.477552,10.476001,10.930199,10.730424,13.589095,15.937391,16.428587,17.011541,15.420899,14.278971,18.54227,15.360889,19.77218,22.247211,21.983435,18.911396,20.35134,14.222926,15.024679,11.636014,13.040264
31,11.824324,9.659069,5.6360416,4.2020984,4.353019,3.6996613,8.452369,11.271763,14.388323,18.04748,19.768856,25.328547,21.440456,19.665956,15.228423,13.293268,9.508343,9.053264,6.9129887,7.3965797,10.255513,11.849649,15.294808,18.94203,20.413748,19.588942,18.270578,12.775906,10.55031,6.772562,7.317316,0.0,6.9987416,8.655473,11.559014,14.692733,15.896664,14.296585,14.273745,12.222565,14.230401,14.0908575,14.321852,16.313282,16.797428,23.124456,21.07967,26.619373,28.529451,30.889055,27.91842,25.99626,30.909721,32.412464,28.448315,29.808334,24.89121,27.976606,24.712236,25.564474,22.348135,24.059319,21.504354,25.609589,20.443153,22.411026,22.884516,20.36596,24.225065,22.320215,25.467787,25.85305,21.191349,23.719334,22.830423,21.453049,24.271042,22.050617,27.28368,24.929466,29.14481,31.431206,26.850677,24.262373,20.047253,21.18187,16.043125,14.397863,13.250932,10.853629,13.299827,16.784515,17.820992,19.333246,19.342869,18.783672,24.379347,21.493473,26.307632,29.027786,28.77113,25.514563,26.81778,20.767183,20.576937,17.474754,17.265484
32,17.59233,16.065409,11.05802,11.117054,9.452157,5.5306454,9.389834,7.7785916,12.457335,13.791539,16.902014,21.876602,17.021996,16.283106,10.680644,11.309964,8.290297,10.430755,11.0664,12.95898,16.628548,18.675232,21.683624,25.505438,26.72641,25.400698,24.0153,18.45789,15.435367,12.452304,9.868268,6.9987416,0.0,6.1104336,6.8926167,9.187226,11.951164,11.948443,12.208062,10.599519,15.004248,14.019587,17.08293,17.80176,20.45653,25.474474,24.359928,29.390951,31.10043,33.887787,31.375877,30.039812,35.12123,36.628925,33.168507,34.156826,29.050446,31.150219,27.433706,28.119793,23.30257,24.846928,21.673061,24.856373,20.017138,20.290325,20.353151,17.075008,20.074774,17.166414,20.253302,21.125734,16.082981,19.82206,19.064342,18.970436,22.050909,21.194527,26.179632,25.011272,29.166183,32.073536,27.848507,25.61513,21.166348,23.323017,17.250723,17.133907,14.850298,13.541744,14.217139,17.431831,19.972294,20.347597,21.285118,19.096897,25.266542,21.478981,26.465384,29.229097,27.936054,24.624437,24.665627,19.318954,17.420712,15.033883,13.08523
33,16.141693,14.679573,9.884609,11.785633,9.553059,9.41717,10.5473995,11.359061,15.925108,17.407393,21.07423,25.988943,21.761116,21.523846,16.001808,16.366327,13.785009,14.529596,14.77799,15.105926,18.62261,19.727684,22.965822,26.793835,27.675661,26.863756,23.968874,19.736158,16.378857,13.9466305,11.31165,8.655473,6.1104336,0.0,4.3738117,6.86773,7.2750683,6.169882,7.620863,7.7307143,11.486556,12.794418,16.022495,17.908955,20.956556,26.51356,25.981771,30.952093,33.547825,35.515953,32.436085,32.21677,36.80699,37.550926,33.564533,34.120605,29.025,30.755835,26.79311,26.26006,22.089027,22.699846,19.186924,21.770134,15.86899,16.949984,15.893247,12.529934,16.426382,13.985314,18.043535,19.211435,15.855571,18.691263,19.364544,19.096876,22.893324,22.38066,27.35797,26.824142,30.833405,33.80369,29.636234,27.97383,23.765047,26.415062,20.790451,20.882603,19.577997,18.199549,19.692589,22.946861,24.920788,25.503017,25.553696,23.545664,28.817654,24.87053,29.436293,31.84438,30.399817,27.36637,26.69988,21.61369,19.461445,16.15717,14.522543
34,18.65775,17.977804,12.780706,15.207831,13.4533205,11.8016615,14.0469055,12.956265,17.891792,18.06068,22.192781,26.630194,21.672737,21.864468,15.966892,17.698465,15.13399,17.030184,17.367428,18.481169,21.811462,23.130678,26.611837,30.334578,31.51253,30.643476,28.154213,23.543188,20.302082,17.560139,14.921604,11.559014,6.8926167,4.3738117,0.0,3.750163,6.636427,7.4218745,10.141521,10.969166,15.34284,16.32442,20.175396,21.617731,24.972553,30.1914,29.686174,34.589054,36.891937,39.176933,36.312946,35.842808,40.618633,41.564606,37.723083,38.323193,33.202507,34.8261,30.80984,30.304089,25.703367,26.248396,22.564209,24.56254,18.837044,19.025614,17.228016,13.138923,16.345613,12.377219,17.249004,19.201805,15.970066,19.725904,20.586946,21.176859,24.960743,25.068592,29.849371,29.688612,33.664097,36.820065,32.781494,31.083485,26.770699,29.45838,23.505365,23.6852,21.699799,20.268423,20.992466,24.25623,26.835133,27.222849,28.0093,25.635773,31.405882,27.297188,32.005478,34.510357,32.726093,29.641758,28.561914,23.871334,20.974133,18.312336,15.670644
35,22.211325,21.31987,16.272657,18.335482,16.067242,14.390953,15.470175,13.44044,18.265327,17.400717,22.03949,25.944307,21.145617,22.004255,16.22992,18.649633,16.870958,18.8941,20.035545,21.161644,24.881786,26.306772,29.490887,33.369328,34.26821,33.20353,30.469637,26.051842,22.510561,20.194057,16.783459,14.692733,9.187226,6.86773,3.750163,0.0,4.9015794,7.3995614,9.725178,11.09397,15.89627,16.60017,21.367151,22.319574,26.478207,31.053623,31.088022,35.643257,38.024837,40.27469,37.553707,37.618355,42.30872,43.0845,39.44909,39.78594,34.653027,35.71652,31.551012,30.843227,25.720707,26.031189,22.190395,23.486143,18.242323,17.440792,15.343871,11.014077,13.426021,8.9029875,13.838531,16.151535,13.443764,17.44389,18.767054,19.995045,23.865545,24.723938,29.166067,29.721586,33.504246,36.882698,33.12345,31.773333,27.567022,30.732204,24.737516,25.575928,23.59831,22.681242,23.128757,26.105455,28.93549,28.881256,29.630985,26.722616,32.224533,27.81766,32.30883,34.660606,32.413486,29.490864,27.662577,23.61502,20.020641,17.691593,14.492891
36,22.110884,20.90084,16.546394,18.801517,16.12409,16.22278,15.630789,15.229534,19.642996,19.441753,24.040457,28.060366,24.109354,24.996817,19.5283,21.08505,19.5249,20.53166,21.688715,21.892408,25.674837,26.61882,29.600906,33.515587,33.99296,33.14341,29.464512,26.03422,22.307524,20.600676,17.071419,15.896664,11.951164,7.2750683,6.636427,4.9015794,0.0,3.541821,6.3884473,9.272096,13.0369215,15.042207,19.74972,21.233007,25.610584,30.263678,30.76575,35.135212,38.120243,39.749302,36.702877,37.64468,41.917103,42.123535,38.261826,38.240818,33.21134,33.884834,29.635283,28.142538,23.523745,23.172417,19.245184,20.002123,14.295255,13.994848,11.072211,6.739019,10.230232,7.2511663,12.407932,14.494665,13.416478,16.01208,18.32208,19.116068,23.320381,24.25174,28.590403,29.504091,33.110737,36.451664,32.78891,31.877377,27.934828,31.411661,25.840952,26.886282,25.655647,24.853157,25.959658,28.922743,31.256817,31.296633,31.25355,28.502872,33.224926,28.790972,32.893158,34.942352,32.69686,30.029758,27.883282,24.010286,20.62127,17.63635,15.193916
37,19.424994,18.050709,14.180034,16.61448,14.008501,15.270856,14.359877,15.485524,19.69668,20.544355,24.735104,29.188406,25.524004,25.96629,20.596561,21.278519,19.402071,19.735205,20.417166,20.044033,23.591831,24.182644,27.179781,31.002642,31.404213,30.798183,26.767557,23.78951,20.180096,18.601767,15.549431,14.296585,11.948443,6.169882,7.4218745,7.3995614,3.541821,0.0,4.8842773,8.023442,10.650508,13.691784,17.553356,19.727856,23.576572,28.74825,29.08536,33.60317,36.832867,38.1642,34.84812,35.856262,39.95818,39.99531,35.870007,35.861412,30.895819,31.807417,27.638416,25.922224,22.016724,21.557251,17.750568,18.978012,12.571324,13.662363,10.970421,7.447701,11.940175,10.362041,14.953777,16.45048,15.332469,17.154615,19.342813,19.36109,23.591784,23.905943,28.455803,28.942448,32.604984,35.735302,31.907904,30.951405,27.085579,30.3576,25.08484,25.79377,24.995382,23.971428,25.601852,28.684824,30.561594,30.927439,30.471079,28.186256,32.659393,28.454494,32.503117,34.512444,32.644543,29.98351,28.304121,24.012627,21.305998,17.784561,16.162302
