,0,1,2,3,4,5,6,7,8,9,10,11,12,13,14,15,16,17,18,19,20,21,22,23,24,25,26,27,28,29,30,31,32,33,34,35,36,37,38,39,40,41,42,43,44,45,46,47,48,49,50,51,52,53,54,55,56,57,58,59,60,61,62,63,64,65,66,67,68,69,70,71,72,73,74,75,76,77,78,79,80,81,82,83,84,85,86,87,88,89,90,91,92,93,94,95,96,97,98,99,100,101,102,103,104,105,106,107,108,109,110
0,0.0,4.3020267,6.3337097,9.653133,11.86331,14.560217,17.011538,20.235231,23.57837,25.238405,29.008013,30.079477,33.62618,32.701965,38.35754,34.198547,37.856716,37.130592,41.859207,42.89859,45.114494,48.4437,49.874664,49.741676,47.82364,45.74368,41.33228,40.272552,36.301277,38.036823,32.334133,33.24694,29.35956,27.202814,26.430695,24.740744,20.826496,22.790934,24.72235,23.007504,19.09059,24.896868,25.288628,20.58308,20.428179,27.171623,26.333836,20.752424,23.644297,20.684557,25.292185,28.668264,29.201395,28.417181,31.90869,34.597977,30.986397,35.047817,35.88245,29.645754,30.63203,35.496773,36.987816,35.058254,30.867842,32.16969,37.6109,38.254734,35.12569,37.911015,41.574657,40.976086,37.13136,40.58033,35.83296,39.119328,37.884296,33.146507,35.119034,30.003122,30.71675,29.749306,29.601494,31.169699,30.835888,35.50373,35.37659,41.18499,42.913147,45.544537,48.482758,52.23719,53.845726,47.66096,48.491894,47.261333,42.32132,40.065083,39.41222,34.559082,36.886673,31.191277,33.2395,33.649014,29.905516,29.645924,24.266674,25.072271,21.650522,20.525993,17.392643
1,4.3020267,0.0,5.3025584,6.100438,8.871428,11.755642,14.016351,17.68292,20.630838,22.901625,26.48367,27.978313,31.311079,30.307955,35.541294,31.022293,34.6046,33.55286,38.32888,39.130573,41.198353,44.543446,45.888348,45.721367,43.907536,41.750572,37.45043,36.214775,32.317543,33.90153,28.406487,29.071966,25.457567,23.122528,22.18263,20.67673,16.68329,18.490026,20.550772,19.021858,14.926459,20.881008,21.442913,16.96792,16.71853,23.6535,23.063305,17.847363,20.847567,17.708248,21.813002,25.725445,26.23087,25.131117,28.442095,30.907513,27.13548,31.086302,32.040905,25.779152,26.4901,31.389654,32.82678,30.964283,26.657248,27.881021,33.3263,33.953907,30.868504,33.711918,37.32797,36.77815,33.020535,36.60884,31.937435,35.407986,34.3184,29.646448,32.029755,26.997107,28.005915,27.536814,27.151472,28.266666,27.488718,32.367344,31.750021,37.595566,39.15109,41.721012,44.721874,48.348415,50.20459,44.033264,45.035503,43.78336,38.971783,36.64486,36.29348,31.270195,33.96619,28.2836,30.682777,31.654253,27.609198,26.974968,21.717243,21.802172,18.34358,16.884535,13.59522
2,6.3337097,5.3025584,0.0,5.209293,6.622059,8.605088,11.409575,13.982136,17.566504,18.949749,22.757833,23.887806,27.428547,26.72573,32.41597,28.47257,32.356483,31.802433,36.845135,37.77728,40.359768,43.605034,44.909317,44.95248,42.79009,40.82606,36.26265,35.55831,31.393036,33.50542,27.28465,29.194023,24.789474,23.559172,22.704432,20.175997,16.67692,19.878405,21.129267,18.755365,15.991107,22.336838,21.792978,17.236881,18.49918,24.84038,23.184864,18.584927,22.489098,20.128206,24.095333,26.98391,28.64534,27.912897,30.508165,32.465614,28.410107,32.356014,34.114296,28.240955,28.02272,33.3932,35.074356,33.67364,28.94989,29.404472,34.923817,34.980812,31.684559,35.02871,38.116276,37.01268,33.3584,37.046825,32.293034,35.852303,34.23478,29.545286,31.5376,26.237307,26.503578,25.583889,24.658209,26.191652,25.931562,30.56919,30.527197,36.50149,38.156147,41.046303,43.72934,47.710766,49.201183,43.17682,43.680347,42.12674,37.17809,34.73104,33.801014,28.916231,30.91982,25.15371,26.967947,27.351057,23.576864,23.386848,18.007954,19.2397,15.851243,15.284261,12.446504
3,9.653133,6.100438,5.209293,0.0,3.9754121,5.9818783,8.54093,11.901255,14.739443,17.23069,20.679636,22.53606,25.691118,24.870247,29.843468,25.289614,29.055708,27.940786,33.078068,33.612442,35.944622,39.229446,40.383053,40.368618,38.38402,36.27173,31.887232,30.860485,26.79601,28.633495,22.712105,24.167387,20.152739,18.613228,17.5415,15.283679,11.58302,14.698419,16.176672,14.081134,11.116412,17.73394,17.461819,13.373345,14.543573,21.035727,19.824297,15.917007,19.811249,17.263935,20.338148,24.001509,25.499674,24.313875,26.649225,28.284603,24.027521,27.769703,29.650763,23.785252,23.14592,28.518154,30.071115,28.739151,23.893257,24.236334,29.741749,29.79191,26.601192,30.035688,33.064674,32.066162,28.558271,32.47926,27.855406,31.695156,30.339964,25.770185,28.407797,23.292685,24.055508,23.933949,22.692936,23.468208,22.453415,27.445414,26.57734,32.623154,33.996864,36.780293,39.58458,43.35036,45.250492,39.231712,40.031242,38.459583,33.71395,31.150818,30.726665,25.54033,28.17198,22.41799,24.811026,26.118286,21.850266,21.027666,15.856488,15.803312,12.243903,11.084624,7.750744
4,11.86331,8.871428,6.622059,3.9754121,0.0,5.4730325,5.1873016,9.614203,11.9859705,14.531743,17.930918,19.413343,22.62127,21.474264,26.69685,22.346575,26.039745,25.378733,30.2828,31.326868,33.862556,37.117287,38.68533,38.631107,36.462265,34.59247,29.939219,29.372007,25.244936,27.665247,21.607662,24.147316,20.32163,19.505993,17.56518,14.477761,11.470316,15.093121,15.238503,12.4565935,10.635705,16.792019,15.551902,11.202945,13.54866,19.226786,17.189486,13.629497,18.075102,16.321667,19.410263,21.922043,24.330545,23.656116,25.415913,26.816133,22.577774,26.442194,28.768673,23.384651,22.443819,28.082304,30.11267,29.30327,24.402962,24.235804,29.766766,29.59542,25.878351,29.26876,32.184486,30.878054,27.077503,30.682096,25.919302,29.534952,27.799015,23.16919,25.353622,20.09052,20.487907,20.129084,18.880522,19.938477,19.376602,24.143385,23.92389,29.887066,31.563879,34.44538,37.13453,41.133904,42.585808,36.558807,37.109924,35.610786,30.691423,28.291702,27.610796,22.695957,25.169737,19.543554,22.172995,23.397575,19.5971,18.672415,13.996651,13.425793,10.661606,9.077616,7.2954283
5,14.560217,11.755642,8.605088,5.9818783,5.4730325,0.0,6.1148396,6.4152975,10.086468,11.845765,15.369637,17.482784,20.58452,20.380516,25.341145,21.232252,25.422619,24.524117,30.214466,30.416222,33.28767,36.402054,37.18421,37.484776,35.169334,33.188095,28.686918,28.138973,23.821568,26.062119,19.332897,22.154154,17.163565,17.22534,16.595892,13.212007,10.652138,15.443112,16.037851,13.181752,12.577201,19.066507,17.637697,14.39924,17.142391,22.504684,20.40861,18.120197,22.633274,20.883045,23.067339,25.988205,28.49524,27.407833,28.754154,29.498251,24.913153,28.26794,31.134878,25.931536,23.863195,29.527613,31.098646,30.317337,25.101248,24.403343,29.719576,28.970942,25.869429,30.014633,32.126354,30.478104,27.483528,31.72597,27.287193,31.414371,29.628195,25.322859,27.90002,22.789179,22.848757,22.75853,20.369272,21.038435,20.12045,24.92523,24.100801,30.307056,31.465593,34.598125,36.985157,41.006584,42.80242,37.103065,37.424496,35.33479,30.663757,27.763515,26.881731,21.62135,23.593218,17.671906,19.38419,20.572342,16.064402,15.49241,10.018633,11.378155,7.489467,8.356344,5.782875
6,17.011538,14.016351,11.409575,8.54093,5.1873016,6.1148396,0.0,6.085097,7.0371075,10.211198,13.193201,14.855663,17.795311,16.52097,21.527874,17.189026,20.964075,20.504946,25.532513,26.644478,29.47498,32.640373,34.303257,34.32919,31.95144,30.275543,25.44322,25.336876,21.123188,24.084867,17.807756,21.635695,17.92864,18.251225,15.730414,11.659285,10.061343,14.488713,13.171634,9.627299,10.326595,15.63394,13.128945,9.727385,13.670291,17.795662,14.90716,13.308471,18.143488,17.367018,19.33644,20.926836,24.33839,23.850872,24.516111,25.073328,20.66606,24.225536,27.413439,22.850767,20.769306,26.623037,28.911024,28.78074,23.73037,22.641619,27.979729,27.267788,23.280146,26.971504,29.28988,27.489511,23.807533,27.40343,22.737915,26.438322,24.321426,19.901861,22.021292,16.817272,16.771395,16.73976,14.596458,15.348527,14.788768,19.477846,19.385256,25.40182,27.07692,30.15345,32.60678,36.80434,38.059483,32.184753,32.45503,30.751574,25.821247,23.326674,22.48116,17.585669,19.993322,14.425261,17.38964,19.054323,15.428629,14.08643,10.311234,8.599954,6.980096,5.3034983,6.254125
7,20.235231,17.68292,13.982136,11.901255,9.614203,6.4152975,6.085097,0.0,4.750473,5.443962,9.005771,11.149248,14.182861,14.249483,19.330849,15.88167,20.310543,20.073576,25.870031,26.273273,29.705614,32.59844,33.504356,33.988403,31.283253,29.6862,24.926079,25.24683,20.839413,23.913975,16.795053,21.638283,16.665998,18.506657,17.308249,12.812651,12.277313,17.599255,16.49139,12.97098,14.907136,20.172031,17.37602,15.115468,19.218523,22.830221,19.701029,19.158916,23.998446,23.332148,24.795074,26.315058,29.983883,29.331644,29.563055,29.475285,24.900814,27.896624,31.679705,27.492064,24.38261,30.17966,32.111626,32.139225,26.872189,25.14368,30.118607,28.68288,25.27967,29.68169,30.986961,28.643938,25.870628,29.906084,25.673822,29.667797,27.311733,23.391594,25.466242,20.57452,19.758173,19.62588,16.20648,16.862724,16.44517,20.627935,20.428225,26.475037,27.695635,31.12065,33.029892,37.39378,38.687572,33.319256,33.043747,30.631413,25.950817,22.96554,21.46023,16.498251,17.654903,11.742174,13.103232,14.297006,10.027788,9.411471,4.5253706,6.860075,4.9221916,7.516534,8.396016
8,23.57837,20.630838,17.566504,14.739443,11.9859705,10.086468,7.0371075,4.750473,0.0,4.8845916,6.5918207,9.300034,11.530971,10.922077,15.29232,11.292427,15.637743,15.41326,21.12251,21.716015,25.19936,28.075361,29.327974,29.712513,26.948555,25.520338,20.59992,21.255507,16.921087,20.491652,13.698998,19.472746,15.517662,17.85762,15.657695,10.816705,11.694399,16.62167,14.259537,10.642384,14.177086,18.091482,14.599161,13.459328,18.067291,20.286423,16.880632,17.849476,22.512146,22.496202,23.08036,23.949192,28.09285,27.591204,27.030443,26.359959,21.8868,24.562626,28.810104,25.398909,21.717657,27.444952,29.650911,30.24639,25.127413,22.83325,27.533148,25.867823,22.1254,26.43417,27.434883,24.835688,22.008047,25.813086,21.733507,25.634308,23.115715,19.499716,21.58213,17.06073,16.184526,16.695848,12.779031,12.68628,11.97049,16.080654,15.786317,21.772661,23.03462,26.494923,28.34298,32.7775,33.946003,28.607815,28.29778,25.906666,21.220186,18.246428,16.910896,11.849692,13.55571,7.7014465,10.549708,13.047573,9.313608,7.2955656,5.679245,2.856952,4.8189673,6.2179227,9.414
9,25.238405,22.901625,18.949749,17.23069,14.531743,11.845765,10.211198,5.443962,4.8845916,0.0,3.970121,5.867713,8.85227,9.541004,14.803187,12.620907,17.127172,17.782883,23.42611,24.053902,27.985996,30.561806,31.556023,32.2295,29.180916,28.033468,23.181105,24.39716,20.145205,23.839106,16.859495,23.093075,18.460003,21.455408,20.022593,15.249434,16.047533,21.216663,19.113277,15.522689,18.793816,22.954567,19.369593,17.971071,22.640045,24.860193,21.084,21.82606,26.65208,26.751165,27.740797,28.131428,32.564217,32.26775,31.697914,30.988672,26.611792,29.20963,33.58755,30.271841,26.546206,32.229126,34.379467,34.99136,29.83209,27.436306,31.969513,30.030607,26.535334,30.975163,31.555975,28.675718,26.223383,29.903368,26.020437,29.715681,26.906889,23.52078,24.963806,20.540564,18.86418,18.600063,14.344712,15.033077,15.33301,18.424347,19.02479,24.583078,25.840225,29.466957,30.82126,35.454666,36.19156,31.274883,30.351093,27.632355,23.055086,20.085192,17.789804,13.540935,13.3117895,7.787812,8.09367,8.986307,5.511784,5.1846128,4.1450195,6.937122,8.139105,10.819232,13.12133
10,29.008013,26.48367,22.757833,20.679636,17.930918,15.369637,13.193201,9.005771,6.5918207,3.970121,0.0,4.1394105,5.51836,6.8567924,11.142426,9.635781,14.094507,15.071597,20.655096,21.143063,25.318352,27.655325,28.600689,29.395,26.185555,25.301947,20.51194,22.255178,18.241987,22.217672,15.654719,22.607927,18.543106,22.199163,20.595045,15.90022,17.646427,22.509926,19.839443,16.483105,20.60824,23.858368,19.961105,19.498678,24.302746,25.522488,21.659678,23.503971,28.112886,28.610441,28.94118,28.896828,33.6138,33.375214,32.188297,30.919174,26.702776,28.826912,33.59419,30.978395,26.711008,32.158474,34.34554,35.384308,30.377449,27.49098,31.573582,29.276688,25.859009,30.304596,30.27781,27.071941,25.0228,28.517242,25.058306,28.620691,25.680107,22.860027,24.17289,20.359745,18.44397,18.59965,13.8489065,13.891604,14.156319,16.473953,17.07672,22.199446,23.261984,26.965626,27.94625,32.640343,33.217747,28.67538,27.441523,24.454344,20.135805,17.077118,14.498588,10.658444,9.605022,4.5676794,4.3019423,6.6539035,4.1950474,2.654155,6.5516524,7.4172487,10.189985,12.655058,15.642065
11,30.079477,27.978313,23.887806,22.53606,19.413343,17.482784,14.855663,11.149248,9.300034,5.867713,4.1394105,0.0,3.8776817,5.0569053,10.956539,11.14399,15.013821,17.091774,21.811024,23.179031,27.458393,29.639452,31.085125,31.814884,28.483646,27.96929,23.107792,25.302202,21.48791,25.728447,19.481895,26.539623,22.642218,26.133123,24.222263,19.43843,20.927567,25.739515,22.787851,19.245567,23.195293,26.297087,22.11595,21.251804,26.236683,27.12361,22.768894,24.456347,29.11804,30.005266,30.762997,29.81298,34.96399,35.17549,33.9188,32.78408,28.818483,31.127005,35.87174,33.418106,29.497932,34.978622,37.462227,38.60908,33.67736,30.87114,35.00705,32.805687,29.081358,33.220142,33.33251,30.07308,27.711084,30.661583,27.128935,30.189009,26.913418,24.117302,24.547092,20.773664,18.166355,17.51813,12.9094925,13.93125,15.439366,16.814705,18.84943,23.425898,24.965488,28.638676,29.392818,34.28836,34.111927,29.705341,28.019041,25.237171,20.767185,18.234919,14.912849,12.405723,10.175763,6.8470254,5.739484,5.1509757,6.270417,6.4868517,9.567275,10.793725,13.4926605,15.46767,18.505152
12,33.62618,31.311079,27.428547,25.691118,22.62127,20.58452,17.795311,14.182861,11.530971,8.85227,5.51836,3.8776817,0.0,3.9993188,7.701887,9.416411,12.790031,15.240378,19.65851,20.834993,25.282919,27.15355,28.500273,29.35884,25.90833,25.693945,21.042812,23.718906,20.280245,24.622772,18.988804,26.400387,23.039375,26.993034,25.04486,20.45749,22.612068,27.145784,23.860775,20.610928,25.124023,27.51339,23.2048,23.142912,28.125128,28.235256,23.956753,26.533457,30.949034,32.092464,32.245895,31.054829,36.33825,36.538864,34.769085,33.13166,29.345661,31.169567,36.204784,34.374332,30.00122,35.192055,37.643883,39.14008,34.37876,31.184113,34.856304,32.352276,28.802263,32.903046,32.42631,28.914967,27.021793,29.768229,26.727642,29.63256,26.313192,24.139711,24.494087,21.418118,18.736713,18.591675,13.75808,13.995592,15.332954,15.804808,17.749956,21.680244,22.956148,26.636047,26.957314,31.850035,31.512892,27.588379,25.56834,22.5012,18.444183,15.910561,12.262802,10.700081,7.143883,6.068029,3.9427574,4.6510468,7.345218,7.0247326,11.912881,12.2067,15.573136,17.499834,20.880568
13,32.701965,30.307955,26.72573,24.870247,21.474264,20.380516,16.52097,14.249483,10.922077,9.541004,6.8567924,5.0569053,3.9993188,0.0,6.890758,7.7778015,10.74702,13.712567,17.478306,19.643055,23.8819,25.936924,28.090965,28.6035,25.253393,25.122086,20.207895,22.915283,19.55484,24.157068,18.923117,26.237051,23.529694,26.97257,24.240686,19.644184,21.755585,25.91449,22.143257,18.869146,23.431633,25.23035,20.697607,20.667963,25.702192,25.227064,20.72106,23.574268,27.821165,29.33679,29.474867,27.650434,33.173,33.669815,31.735207,30.168919,26.61683,28.59133,33.54697,31.940905,27.896626,33.071598,35.855274,37.490494,32.896,29.81172,33.58198,31.356873,27.3205,30.995358,30.936125,27.559809,25.061064,27.33074,24.087847,26.631338,23.141823,20.878447,20.802553,17.767664,14.873228,14.701485,9.881819,10.2872305,12.29411,12.43271,15.317723,19.15602,21.001768,24.588848,25.176502,30.179758,29.507875,25.183502,23.275764,20.699583,16.12816,14.023544,10.401184,9.123587,6.654311,5.7661095,7.0194454,8.36992,10.16129,8.983589,13.115442,11.6701565,15.497575,16.399124,20.219734
14,38.35754,35.541294,32.41597,29.843468,26.69685,25.341145,21.527874,19.330849,15.29232,14.803187,11.142426,10.956539,7.701887,6.890758,0.0,5.9856195,6.5353284,10.093568,12.919677,14.576858,19.010023,20.469835,22.531296,23.197243,19.70226,20.148502,15.761823,19.314451,16.929607,21.496122,17.902525,25.33706,23.881287,27.850786,25.09999,21.158403,24.274359,27.728027,23.586529,21.08652,26.347359,26.837116,22.397032,23.85896,28.58574,26.848352,22.885046,27.157763,30.796167,32.576115,31.53004,29.622503,35.055153,35.38469,32.587246,30.090738,26.952417,27.882753,33.239044,32.8085,28.009579,32.456116,35.07604,37.31224,33.154556,29.456501,32.245537,29.545923,25.955563,29.431427,28.262815,24.522373,23.018208,24.867334,22.744577,24.997383,21.66093,20.774315,20.878119,19.408672,16.957993,18.067945,13.537447,11.993289,12.84005,11.260177,13.181009,15.419043,16.548138,20.07006,19.851694,24.78595,24.016325,20.589092,18.192728,14.976605,11.376239,9.222495,5.110234,6.852409,2.2498186,7.81072,8.896328,11.833298,13.73829,11.951939,17.369593,14.777791,19.113901,19.903223,23.992046
15,34.198547,31.022293,28.47257,25.289614,22.346575,21.232252,17.189026,15.88167,11.292427,12.620907,9.635781,11.14399,9.416411,7.7778015,5.9856195,0.0,4.623357,6.016859,11.022504,12.212614,16.37592,18.670294,20.769594,21.135445,17.925358,17.550406,12.516228,15.208215,12.129304,16.85292,12.852099,20.110987,18.973919,22.449427,19.286097,15.426165,18.66691,21.826818,17.625687,15.278723,20.659542,21.013132,16.711725,18.519491,23.061033,21.586887,18.019327,22.368744,25.938026,27.386782,26.055988,24.98262,29.997358,29.966246,27.379635,24.995264,21.492508,22.591196,27.894073,27.069057,22.199394,26.858738,29.439224,31.49692,27.2391,23.647604,26.760782,24.28803,20.43949,24.111536,23.46069,19.937399,17.927656,20.45286,17.795097,20.771872,17.725166,16.218803,17.501099,15.4656515,13.960766,15.9353895,11.393091,8.774241,7.8875737,8.513108,8.505023,12.752728,13.8589325,17.560776,18.43636,23.251225,23.62972,19.067595,17.907925,15.024208,10.649903,7.485207,5.7973843,1.3514489,4.383267,5.0837226,9.26043,13.542376,13.0582905,10.202318,14.553546,10.0966,14.598525,14.724151,18.951181
16,37.856716,34.6046,32.356483,29.055708,26.039745,25.422619,20.964075,20.310543,15.637743,17.127172,14.094507,15.013821,12.790031,10.74702,6.5353284,4.623357,0.0,4.652006,6.87392,9.401778,13.431514,15.402625,18.470991,18.550144,15.367199,15.667124,10.958565,14.409436,12.538546,17.189213,15.114586,21.851084,21.970448,25.236877,21.632868,18.382599,21.853888,24.216059,19.587729,17.82516,23.255066,22.304817,18.041271,20.613096,24.833826,22.008163,18.65726,23.91878,26.85562,28.828667,26.887238,24.993418,30.152094,30.383152,27.091448,24.17132,21.370762,21.8272,27.243484,27.520712,22.649282,26.641392,29.423536,32.00011,28.288591,24.506676,26.937513,24.46026,20.550669,23.470608,22.417856,18.809359,16.95207,18.379719,16.501324,18.630548,15.4719,15.152059,15.846344,15.277189,13.855606,16.371298,12.566199,9.289582,8.535552,6.536784,7.0157266,9.056608,10.406161,13.980928,14.453468,19.439299,19.210983,14.864656,13.352831,10.549121,6.078076,3.285101,2.4099922,4.149872,6.2606916,9.609294,13.176341,17.149311,17.426245,14.703903,19.171871,14.360799,18.840706,18.379524,22.718365
17,37.130592,33.55286,31.802433,27.940786,25.378733,24.524117,20.504946,20.073576,15.41326,17.782883,15.071597,17.091774,15.240378,13.712567,10.093568,6.016859,4.652006,0.0,6.661449,6.5483527,10.439727,12.9768305,15.415343,15.453072,12.486008,12.032002,6.9364076,9.895766,7.9399247,12.558706,11.237323,17.51752,18.414408,21.54401,18.007597,15.403375,19.260853,21.083282,16.667038,15.578327,21.062868,19.763573,16.034563,19.349253,23.077942,20.446611,17.983238,23.35225,26.037018,27.551495,24.987848,24.258251,28.72001,28.37726,25.117344,21.94063,18.894588,18.887335,24.386196,24.659727,19.266563,23.04309,25.475737,28.064535,24.41185,20.414467,22.572699,19.9238,16.298872,19.561459,18.181168,14.490807,13.108334,15.437356,13.810649,16.802015,14.364804,14.142117,16.332727,15.770067,15.485375,18.616072,15.010744,11.24763,8.503024,8.661265,4.908444,8.276764,8.268975,11.980041,13.129365,17.673939,18.975292,14.350705,14.050446,11.1816225,7.792566,4.225349,6.752845,4.703113,8.961979,10.584133,14.492314,19.147076,18.144352,15.0398655,18.89507,13.417867,17.530107,16.90602,20.990423
18,41.859207,38.32888,36.845135,33.078068,30.2828,30.214466,25.532513,25.870031,21.12251,23.42611,20.655096,21.811024,19.65851,17.478306,12.919677,11.022504,6.87392,6.661449,0.0,6.0160666,8.2408695,10.028512,14.772059,14.039977,11.552583,12.455084,8.999706,12.366368,12.56768,16.306414,17.203363,22.366833,24.446268,27.050245,22.959557,20.935982,24.611216,25.565025,20.74043,20.144213,25.324982,22.51682,18.915314,22.674292,25.971098,21.581486,19.351208,25.545105,27.338133,29.644941,26.557808,24.363491,29.030413,29.262138,25.106009,21.376501,19.674469,18.883867,24.209126,26.090286,21.265022,23.946096,26.7829,30.015438,27.2734,23.377556,24.640032,22.345734,18.610052,20.232952,18.660421,15.278813,13.813245,13.586826,13.336277,14.322933,11.76365,13.56599,14.408232,16.041552,15.811416,19.247042,16.81711,12.96892,11.251851,8.380495,6.715478,3.2121928,4.325139,7.392507,7.9689403,12.961258,12.844992,8.09758,7.4704223,5.551113,2.8944001,3.8881822,7.875834,10.063242,12.909291,16.097412,19.830551,23.97554,23.964886,21.04288,25.081686,19.442608,23.6284,22.350887,26.566942
19,42.89859,39.130573,37.77728,33.612442,31.326868,30.416222,26.644478,26.273273,21.716015,24.053902,21.143063,23.179031,20.834993,19.643055,14.576858,12.212614,9.401778,6.5483527,6.0160666,0.0,4.5774393,6.526608,9.392053,9.185037,6.2418604,6.674967,3.6061273,7.5870347,8.928915,11.837967,14.125928,18.706347,21.331625,24.343502,21.11212,19.770483,23.8618,24.659815,20.510963,20.440428,25.663025,23.18199,20.227654,24.360495,27.353601,23.803646,22.312265,28.209024,30.115187,31.728287,28.226557,27.578978,31.473763,30.93818,27.030943,23.072435,20.945353,19.506964,24.87301,26.577253,20.937849,23.221512,25.223478,28.417147,25.689234,21.389738,21.912434,18.942593,16.398077,18.770338,15.814283,11.960278,12.633012,13.917008,14.534051,16.709406,15.236787,16.872917,19.133936,20.149813,20.380083,23.885365,20.84418,16.900421,14.114765,13.110449,8.84976,7.7004285,4.7105956,7.5992236,7.803115,11.780515,14.163488,10.8475,11.097461,8.030109,8.236041,6.5882974,10.546384,10.995309,13.936238,16.727505,19.876617,24.5407,23.763247,20.767103,24.809828,19.487003,23.272013,22.603273,26.392065
20,45.114494,41.198353,40.359768,35.944622,33.862556,33.28767,29.47498,29.705614,25.19936,27.985996,25.318352,27.458393,25.282919,23.8819,19.010023,16.37592,13.431514,10.439727,8.2408695,4.5774393,0.0,3.4114635,7.737193,6.316633,5.139911,5.644065,5.8199673,7.578189,10.645674,12.057315,16.361698,19.286177,23.16848,25.498064,22.105536,21.67423,25.664112,25.508108,21.516758,22.195734,27.007439,23.529055,21.248587,25.879034,28.172134,23.988733,23.36042,29.467997,30.674427,32.312054,28.162628,27.682095,30.967667,30.288542,26.040312,21.70422,20.322407,17.984673,22.991776,25.6645,20.209538,21.348734,23.161835,26.726091,24.797693,20.583046,20.086061,17.352072,15.2905445,16.5616,13.028199,9.59901,11.180496,11.409078,13.536224,15.0789995,14.6031885,17.19537,19.739962,21.60202,22.495756,26.329664,23.905067,19.819359,16.7341,15.78205,11.108833,8.448476,4.456058,4.7897882,5.60378,8.134238,12.106087,9.179041,10.960111,9.295045,10.85623,10.39666,14.659011,15.105438,18.425112,20.913815,24.310026,29.03092,28.008852,24.921352,28.547878,22.854605,26.345467,25.203415,28.77913
21,48.4437,44.543446,43.605034,39.229446,37.117287,36.402054,32.640373,32.59844,28.075361,30.561806,27.655325,29.639452,27.15355,25.936924,20.469835,18.670294,15.402625,12.9768305,10.028512,6.526608,3.4114635,0.0,6.1749554,4.6079283,4.049237,6.1722302,8.170565,10.143742,13.511707,14.52192,19.109518,21.927074,25.846441,28.38768,25.273613,24.885815,28.930908,28.812813,24.904234,25.560347,30.404707,26.904787,24.63773,29.247509,31.561636,27.220648,26.558804,32.747574,33.8873,35.630157,31.419281,30.709654,34.001453,33.39429,28.99888,24.55295,23.49535,20.932133,25.733248,28.784777,23.409843,24.1357,25.747528,29.419714,27.778275,23.564516,22.566168,19.753428,18.264938,19.222971,15.21211,12.0776825,14.3108425,13.958332,16.617847,17.58484,17.201023,20.185871,22.29588,24.508532,25.18461,28.922438,26.480751,22.46672,19.706234,18.179558,14.129819,10.638986,6.850546,6.105993,4.717282,6.0193124,10.351321,9.396108,10.719376,9.076612,12.183543,12.232279,16.201956,17.47267,20.118452,23.24811,26.226374,30.825235,30.165632,27.204536,31.182077,25.760548,29.334743,28.407589,31.999683
22,49.874664,45.888348,44.909317,40.383053,38.68533,37.18421,34.303257,33.504356,29.327974,31.556023,28.600689,31.085125,28.500273,28.090965,22.531296,20.769594,18.470991,15.415343,14.772059,9.392053,7.737193,6.1749554,0.0,2.6182585,3.2416253,4.1500883,8.980161,9.85287,13.597884,13.180084,18.420479,20.40835,24.351202,27.298502,25.34284,25.401428,29.55559,29.559395,26.437515,27.260876,32.005558,29.225502,27.35629,31.884315,34.117054,30.758862,30.323692,36.09172,37.540695,38.70757,34.4916,34.91039,37.77506,36.612827,32.66253,28.337833,26.7566,24.126688,28.78283,31.245491,25.414303,26.017054,26.73041,30.074863,28.35539,24.00248,22.436152,19.029562,19.072432,20.864817,15.887528,12.797329,16.7508,17.91431,20.43513,22.359753,22.259932,24.627663,27.40573,28.879744,29.559168,33.19714,30.174803,26.218803,23.100515,22.460274,17.711903,15.867955,11.9245615,11.929547,10.829124,10.812463,15.72742,15.5704775,16.530886,14.047981,16.837078,15.760847,19.23,19.58586,21.836103,24.591295,26.806417,31.507826,30.38522,27.591875,31.491785,26.780558,29.900034,29.662153,32.79109
23,49.741676,45.721367,44.95248,40.368618,38.631107,37.484776,34.32919,33.988403,29.712513,32.2295,29.395,31.814884,29.35884,28.6035,23.197243,21.135445,18.550144,15.453072,14.039977,9.185037,6.316633,4.6079283,2.6182585,0.0,3.589696,4.527259,9.123468,9.69222,13.7455845,13.322371,18.971033,20.646763,25.021734,27.56286,25.186283,25.420504,29.502228,29.140345,25.863749,26.88744,31.5142,28.228374,26.489412,31.189573,33.20216,29.433292,29.232515,35.14241,36.286427,37.58167,33.166077,33.41123,36.145847,35.056244,30.927732,26.496569,25.26129,22.392618,26.915998,29.797606,24.169983,24.422985,25.279799,28.817041,27.397766,23.13628,21.37855,18.244703,18.054777,19.260847,14.342577,11.472082,15.31134,15.875475,18.809425,20.372234,20.533308,23.228481,25.984829,27.821106,28.73337,32.514355,29.823065,25.781006,22.601416,21.852047,17.052036,14.667206,10.685503,10.032795,9.221419,8.644333,14.087938,13.783116,15.296806,13.414662,16.298073,15.632353,19.452316,19.898005,22.55692,25.232922,27.86932,32.620396,31.472637,28.552649,32.29269,27.1764,30.333374,29.70794,32.898453
24,47.82364,43.907536,42.79009,38.38402,36.462265,35.169334,31.95144,31.283253,26.948555,29.180916,26.185555,28.483646,25.90833,25.253393,19.70226,17.925358,15.367199,12.486008,11.552583,6.2418604,5.139911,4.049237,3.2416253,3.589696,0.0,3.1978552,6.5296946,8.527124,11.871567,12.529031,17.020788,19.939642,23.51776,26.533556,24.100424,23.697935,27.873089,28.124205,24.606707,25.154076,30.090652,27.325089,25.086191,29.529282,32.015087,28.481316,27.707554,33.581684,35.144886,36.5126,32.48938,32.464466,35.696728,34.77722,30.758293,26.481321,24.799522,22.469973,27.401258,29.746265,23.95205,25.054247,26.248129,29.624779,27.594536,23.205511,22.285942,18.98693,18.113106,20.032064,15.599537,12.109431,15.140985,16.181713,18.290688,20.175732,19.668766,21.962912,24.503355,25.960903,26.480516,30.076769,27.081627,23.132586,20.17274,19.281097,14.773709,12.805055,8.942906,9.485852,8.431602,9.787319,14.018218,13.078601,13.808496,11.109591,13.610904,12.569534,16.146395,16.739582,19.084448,22.012083,24.481949,29.166527,28.244854,25.387323,29.423485,24.503464,27.887482,27.506645,30.890574
25,45.74368,41.750572,40.82606,36.27173,34.59247,33.188095,30.275543,29.6862,25.520338,28.033468,25.301947,27.96929,25.693945,25.122086,20.148502,17.550406,15.667124,12.032002,12.455084,6.674967,5.644065,6.1722302,4.1500883,4.527259,3.1978552,0.0,5.1987844,5.7750344,9.495357,9.462928,14.541669,16.858984,20.733034,23.585117,21.352898,21.300398,25.45096,25.520636,22.327915,23.116463,27.870441,25.25588,23.33996,27.817894,30.088717,27.015236,26.545948,32.15688,33.74537,34.78279,30.709604,31.375166,34.270237,33.0436,29.30327,25.153385,23.161919,20.856495,25.731031,27.678452,21.718801,22.875952,23.803276,27.003416,24.854763,20.435436,19.512451,16.057394,15.498477,17.853802,13.315437,9.721945,13.251885,15.230326,17.082651,19.625896,19.376768,21.226694,24.373777,25.39442,26.215097,29.88304,26.824753,22.845589,19.44757,19.42043,14.166324,13.376886,9.538815,10.400286,10.470037,11.768152,16.5098,14.684529,15.908473,13.288603,14.807363,13.16294,16.816965,16.297308,19.192327,21.289284,23.927877,28.791546,27.27593,24.329836,27.902876,22.924658,25.975927,25.5837,28.70688
26,41.33228,37.45043,36.26265,31.887232,29.939219,28.686918,25.44322,24.926079,20.59992,23.181105,20.51194,23.107792,21.042812,20.207895,15.761823,12.516228,10.958565,6.9364076,8.999706,3.6061273,5.8199673,8.170565,8.980161,9.123468,6.5296946,5.1987844,0.0,4.3663754,5.8298717,8.362821,11.127073,15.296208,18.133863,21.181776,18.359818,17.402555,21.586382,22.288904,18.603085,18.808489,23.897165,21.763376,19.215582,23.395111,26.171818,23.341217,22.237522,27.759354,29.774172,30.908075,27.340689,27.683697,31.12551,30.145456,26.608324,22.78666,20.212933,18.770924,24.072239,25.249168,19.280373,21.653593,23.230288,26.18467,23.26256,18.854855,19.368277,16.120678,14.049311,17.136013,13.939678,9.940682,11.344393,13.970429,14.355392,17.429045,16.381939,17.428745,20.512568,20.895845,21.466846,24.99906,21.753887,17.829416,14.441087,14.745719,9.428042,10.164078,7.199774,9.771692,10.658163,13.815447,17.212381,13.79125,14.573674,11.635702,11.303235,8.861258,12.4441595,11.225086,14.63993,16.367117,19.472984,24.377892,22.842102,19.771872,23.351847,18.102821,21.463966,20.97986,24.424555
27,40.272552,36.214775,35.55831,30.860485,29.372007,28.138973,25.336876,25.24683,21.255507,24.39716,22.255178,25.302202,23.718906,22.915283,19.314451,15.208215,14.409436,9.895766,12.366368,7.5870347,7.578189,10.143742,9.85287,9.69222,8.527124,5.7750344,4.3663754,0.0,4.418897,4.5242105,9.715637,11.836734,15.913564,18.285833,15.640495,15.767899,19.843992,19.745785,16.65904,17.65583,22.220196,19.821283,18.144829,22.589188,24.674906,22.253044,22.031906,27.213148,28.910313,29.57124,25.627771,27.06201,29.699148,28.204756,24.94164,21.178617,18.506418,16.706144,21.67819,22.686165,16.542048,18.469402,19.52653,22.376682,19.628906,15.167347,15.240414,11.835237,10.424753,13.835656,10.335298,6.436416,9.001712,12.742425,13.325335,17.011108,16.812265,17.612652,21.564093,21.745665,23.006994,26.713076,23.734806,19.807112,15.821999,17.237165,11.113111,12.614078,9.673582,11.381083,13.132066,15.231035,19.679016,16.036448,17.739658,15.408601,14.95337,12.599703,16.20806,13.894043,17.915108,18.457573,21.778206,26.79672,24.448498,21.2999,23.962002,18.540804,21.195084,20.43916,23.352451
28,36.301277,32.317543,31.393036,26.79601,25.244936,23.821568,21.123188,20.839413,16.921087,20.145205,18.241987,21.48791,20.280245,19.55484,16.929607,12.129304,12.538546,7.9399247,12.56768,8.928915,10.645674,13.511707,13.597884,13.7455845,11.871567,9.495357,5.8298717,4.418897,0.0,4.776763,5.7565465,10.039557,12.651443,15.427602,12.634335,11.859498,16.053465,16.799726,13.614093,14.004261,18.842854,17.49226,15.373424,19.316135,21.876955,20.349812,19.588533,24.291246,26.575235,27.027618,23.71981,25.35273,28.305119,26.846235,24.105843,20.897322,17.435316,16.701157,21.817427,21.628912,15.474656,18.715624,20.056599,22.354937,18.709532,14.373261,15.991125,12.826191,10.44697,14.8746395,12.814702,9.283462,9.720783,14.271329,13.23517,17.568216,16.741901,16.35592,20.393185,19.529707,20.566076,23.981667,20.677538,17.008884,12.954091,15.355131,9.385982,13.005418,11.175866,13.799327,15.735133,18.711004,22.333593,17.979092,19.190573,16.604841,14.766764,11.705137,14.5470295,10.90183,15.221666,14.698667,18.196342,23.206835,20.467506,17.272015,19.610043,14.1705,16.796072,16.22594,19.215002
29,38.036823,33.90153,33.50542,28.633495,27.665247,26.062119,24.084867,23.913975,20.491652,23.839106,22.217672,25.728447,24.622772,24.157068,21.496122,16.85292,17.189213,12.558706,16.306414,11.837967,12.057315,14.52192,13.180084,13.322371,12.529031,9.462928,8.362821,4.5242105,4.776763,0.0,7.376273,7.4523277,12.133198,14.240747,12.404469,13.356264,17.241026,16.942177,14.880074,16.25396,20.25382,18.598825,17.642876,21.777357,23.46694,22.261892,22.482832,26.863863,28.690426,28.677805,24.883749,27.554913,29.576439,27.561396,25.015757,21.744621,18.54905,17.093454,21.61029,21.583855,15.352992,17.498116,17.858973,20.070019,16.921984,12.511368,12.883519,9.195301,8.846598,13.369169,10.389232,7.4774294,10.04369,14.955271,14.859678,19.225813,19.324804,19.277315,23.78338,23.174757,24.693474,28.23553,25.168154,21.509003,17.274199,19.826185,13.600133,16.414946,13.920301,15.62982,17.621262,19.449583,24.139606,20.317106,22.127596,19.766987,18.777718,16.019142,19.123661,15.647918,19.764322,19.05512,22.186693,27.181063,24.001505,20.94092,22.673414,17.651478,19.425074,18.887312,21.088127
30,32.334133,28.406487,27.28465,22.712105,21.607662,19.332897,17.807756,16.795053,13.698998,16.859495,15.654719,19.481895,18.988804,18.923117,17.902525,12.852099,15.114586,11.237323,17.203363,14.125928,16.361698,19.109518,18.420479,18.971033,17.020788,14.541669,11.127073,9.715637,5.7565465,7.376273,0.0,7.5589128,7.319749,11.01018,9.486507,8.075412,12.13939,14.053175,12.082615,11.914824,16.31443,17.038733,15.207513,18.01101,20.69503,21.12911,20.20496,23.585613,26.523369,26.220383,23.769936,26.44139,29.137556,27.356756,25.654049,23.297651,19.097908,19.360422,24.017889,22.216688,16.361809,20.474138,21.394308,22.698483,18.201221,14.384253,17.185127,14.266829,12.397526,17.642443,16.531824,13.733435,13.663353,18.833164,16.78687,21.58858,20.611841,19.005161,23.16899,20.993246,21.850235,24.669147,21.009552,18.059689,14.251613,17.90088,12.8205185,17.793262,16.591816,19.43313,21.346544,24.4498,27.916683,23.401129,24.307838,21.494719,18.930832,15.425928,17.029047,12.020901,15.797606,13.325645,16.242512,21.025387,17.1969,14.21729,15.356212,10.851208,12.370479,12.730334,14.965001
31,33.24694,29.071966,29.194023,24.167387,24.147316,22.154154,21.635695,21.638283,19.472746,23.093075,22.607927,26.539623,26.400387,26.237051,25.33706,20.110987,21.851084,17.51752,22.366833,18.706347,19.286177,21.927074,20.40835,20.646763,19.939642,16.858984,15.296208,11.836734,10.039557,7.4523277,7.5589128,0.0,6.710363,7.189306,7.399887,10.067331,12.8443165,12.200493,12.47459,14.268531,16.7119,16.751366,17.040253,20.12871,21.059292,22.105028,22.891636,25.621538,27.640558,26.510275,23.346859,27.80198,28.87684,26.191563,25.05807,22.92476,19.050953,18.618149,22.104006,20.047775,14.468918,17.230623,16.71879,17.356905,13.287548,9.834473,11.778845,9.109589,9.743842,14.887198,13.983725,12.811092,13.854671,19.399677,18.080307,22.989979,23.282429,21.913984,26.870605,25.045454,26.869967,29.97666,27.023273,24.010824,19.783413,23.7463,17.959587,22.224173,20.496128,22.354826,24.747213,26.638153,31.260366,26.898567,28.789473,26.515293,24.619274,21.552942,23.923817,19.174227,23.28279,20.67884,23.562342,28.171587,23.835058,21.094555,20.879314,16.787495,16.74017,16.394934,17.050455
32,29.35956,25.457567,24.789474,20.152739,20.32163,17.163565,17.92864,16.665998,15.517662,18.460003,18.543106,22.642218,23.039375,23.529694,23.881287,18.973919,21.970448,18.414408,24.446268,21.331625,23.16848,25.846441,24.351202,25.021734,23.51776,20.733034,18.133863,15.913564,12.651443,12.133198,7.319749,6.710363,0.0,5.376173,7.991085,8.212869,10.278908,12.284879,13.197087,13.411737,15.690309,18.306976,17.877478,19.47034,21.230026,23.809977,23.57299,25.248556,28.259577,26.820808,25.013391,29.346502,30.989468,28.557869,28.119932,26.650879,22.184685,22.913338,26.543154,23.293709,18.257902,22.272589,22.20883,22.19911,17.368078,14.741014,17.974405,15.714836,15.28557,20.593369,20.242292,18.52676,18.620214,24.16451,21.847898,26.88978,26.35857,24.085873,28.571901,25.64153,26.772375,29.132328,25.675617,23.419685,19.836098,24.247513,19.52741,24.816154,23.682417,26.274662,28.38349,31.088392,34.983906,30.414196,31.556307,28.81096,26.14127,22.621912,23.818073,18.421288,21.654564,17.869064,19.864443,23.912245,18.97604,16.743364,15.502883,13.163916,11.987913,13.142431,13.048643
33,27.202814,23.122528,23.559172,18.613228,19.505993,17.22534,18.251225,18.506657,17.85762,21.455408,22.199163,26.133123,26.993034,26.97257,27.850786,22.449427,25.236877,21.54401,27.050245,24.343502,25.498064,28.38768,27.298502,27.56286,26.533556,23.585117,21.181776,18.285833,15.427602,14.240747,11.01018,7.189306,5.376173,0.0,5.6540365,8.406374,8.754726,8.777233,11.574247,12.858312,13.337696,15.923744,16.862259,18.217533,18.72101,22.0957,22.851168,23.717323,26.151363,24.087296,22.214136,27.670738,28.287008,25.398338,25.682888,24.812485,20.460297,21.383366,24.067993,20.069307,15.892792,19.601995,19.108034,18.27423,13.39332,11.905548,15.639324,14.48236,14.280623,19.038704,19.837477,19.129295,18.66814,24.142504,21.643066,26.647089,26.6756,24.123665,28.95298,25.9643,27.751295,30.178553,27.426235,25.276535,21.524872,26.361061,21.53624,26.814863,25.896976,28.089006,30.712734,33.075375,37.211876,32.278267,33.97987,31.760328,28.951223,25.744509,27.312443,21.84141,25.672712,21.568073,24.166328,28.065727,23.00257,20.766167,18.54582,15.775034,13.814339,13.684808,12.480384
34,26.430695,22.18263,22.704432,17.5415,17.56518,16.595892,15.730414,17.308249,15.657695,20.022593,20.595045,24.222263,25.04486,24.240686,25.09999,19.286097,21.632868,18.007597,22.959557,21.11212,22.105536,25.273613,25.34284,25.186283,24.100424,21.352898,18.359818,15.640495,12.634335,12.404469,9.486507,7.399887,7.991085,5.6540365,0.0,4.852836,6.154797,5.0233407,6.116881,8.105823,9.380921,10.648216,11.390389,13.478549,14.10502,16.611729,17.448618,18.954695,21.178953,19.620487,17.25994,22.25028,23.230938,20.620523,20.428453,19.43639,14.949765,16.172642,19.205294,15.379234,10.829158,15.377856,15.925696,15.781483,10.541633,8.455054,13.313852,12.495105,10.338723,14.953953,16.614676,15.854105,14.09083,19.337868,16.344528,21.303825,21.280031,18.573977,23.468248,20.64727,22.762135,25.466393,23.14742,20.783821,16.859875,21.768106,17.011574,22.30485,21.862762,23.981401,26.943878,29.515955,33.244473,27.88525,29.765211,28.003323,24.887949,22.03621,23.886507,18.585112,23.072088,19.208714,22.82002,26.956612,22.40083,19.706154,18.056017,13.481804,12.567383,10.823162,10.958166
35,24.740744,20.67673,20.175997,15.283679,14.477761,13.212007,11.659285,12.812651,10.816705,15.249434,15.90022,19.43843,20.45749,19.644184,21.158403,15.426165,18.382599,15.403375,20.935982,19.770483,21.67423,24.885815,25.401428,25.420504,23.697935,21.300398,17.402555,15.767899,11.859498,13.356264,8.075412,10.067331,8.212869,8.406374,4.852836,0.0,4.234664,7.188804,5.9183154,5.2025113,8.471039,11.1860695,10.004635,11.319948,13.625845,16.158892,15.539449,17.112162,20.28963,19.227348,17.76832,21.483292,23.667692,21.76176,21.353569,20.393929,15.636244,17.53865,21.265047,17.52756,13.058602,18.39742,19.752094,20.005005,14.778834,12.475512,17.326742,16.053743,12.950255,17.643074,19.049368,17.426172,15.060384,20.037746,16.425957,21.297127,20.37456,17.188524,21.504858,18.037563,19.482018,21.809065,19.045107,17.008965,13.49804,18.603779,14.716298,20.64821,20.742016,23.425695,26.133284,29.418215,32.39121,26.881977,28.136164,26.129757,22.426609,19.393936,20.51798,14.94504,19.121693,14.744168,18.417032,22.37499,17.924747,15.215898,13.598276,8.665444,8.108055,6.431242,7.823674
