,0,1,2,3,4,5,6,7,8,9,10,11,12,13,14,15,16,17,18,19,20,21,22,23,24,25,26,27,28,29,30,31,32,33,34,35,36,37,38,39,40,41,42,43,44,45,46,47,48,49,50,51,52,53,54,55,56,57,58,59,60,61,62,63,64,65,66,67,68,69,70,71,72,73,74,75,76,77,78,79,80,81,82,83,84,85,86,87,88,89,90,91,92,93,94,95,96,97,98,99,100,101,102,103,104,105,106,107,108,109,110,111,112,113,114
0,0.0,4.025001,6.487884,9.32751,12.047951,13.811738,17.048136,21.779531,24.175043,27.48046,31.611189,33.365097,32.77838,30.132105,25.19975,25.38687,21.779512,22.532883,17.484896,20.270777,18.436598,19.286087,19.113495,21.57982,23.566868,22.26221,23.474245,21.475712,24.921385,20.877083,27.93993,22.384235,28.42405,26.011963,27.740913,29.961315,27.004848,26.57806,23.287619,21.668394,25.780575,23.32686,27.65401,27.601782,23.717466,27.754333,24.177544,27.79849,26.97962,28.70665,30.805313,30.88482,35.77435,37.30063,38.256462,34.60555,34.38686,35.406788,40.00762,39.172165,35.18056,33.993805,39.11679,39.464314,43.006775,38.491314,35.90348,41.45259,37.825943,34.74116,35.6326,36.935837,33.219143,31.784317,32.693497,33.066658,34.79138,35.945847,38.417385,43.21667,40.585438,45.73052,45.25122,41.414253,37.431435,33.747196,33.900898,29.475603,25.408205,24.940256,22.137527,20.358149,23.514366,21.768988,24.860416,24.964066,26.922354,27.751331,25.210566,20.93893,20.49695,15.581466,15.969793,14.971419,14.468225,18.324575,18.997683,20.678074,24.19402,23.746346,30.033367,27.982359,32.36135,34.33382,36.39626
1,4.025001,0.0,4.6130247,5.6482015,8.33788,11.045029,13.310857,18.733778,20.618965,24.099052,28.225245,29.686417,29.038376,26.180063,21.308924,21.55361,17.964716,19.14182,14.281816,17.528229,16.190796,17.480328,17.79696,19.586483,21.231983,19.68615,20.33766,17.996115,21.17927,17.002436,23.925209,18.365194,24.47075,22.26152,24.041023,26.487816,23.75439,23.12342,19.682493,17.843973,21.888021,19.359625,23.651817,23.65542,19.987488,24.040346,20.845955,24.695372,24.339281,26.048143,27.93775,27.634851,32.542088,33.845955,34.81638,31.18643,30.733171,31.591108,36.26236,35.250603,31.21525,30.165724,35.301407,35.77335,39.21019,34.560158,32.173515,37.78971,34.155853,31.14183,32.27951,33.75108,30.178888,28.560595,29.964106,30.005606,32.186893,33.22362,35.432007,40.316044,37.374504,42.644577,42.06269,38.384518,34.39798,30.596087,31.104948,26.772198,22.916584,22.766205,20.199642,18.092346,21.054712,19.163574,21.75903,22.134882,24.162115,25.446081,23.196579,18.737839,18.980505,13.419052,14.930496,13.646512,13.631128,17.61492,18.26204,19.891228,23.056429,22.483944,28.598509,26.218534,30.785397,32.32735,34.658993
2,6.487884,4.6130247,0.0,4.967506,6.928814,7.686686,11.554868,15.37706,18.20318,21.270155,25.384605,27.529,27.04304,25.112902,20.078016,20.839891,17.760279,19.465782,15.8514385,18.85517,18.5643,19.366451,20.502348,22.345953,23.46135,22.272001,22.036474,19.544891,21.925255,17.883345,23.792524,18.097532,23.769447,20.689075,22.977993,24.660288,22.20513,22.314272,18.526073,16.957603,21.903938,20.032774,23.947638,24.417353,21.694334,25.35,23.16402,26.766872,27.029873,28.119759,29.617256,28.889688,33.882195,34.57721,36.06851,32.71579,31.527021,32.274666,36.78466,35.552128,31.471334,30.20653,34.882797,35.008785,38.348362,33.85382,31.072084,36.323265,32.28483,29.23639,29.713718,31.21325,27.408344,26.432114,27.539871,28.396986,30.336718,32.002876,34.37201,39.24519,36.634277,42.011353,41.959156,38.446846,34.5742,30.743029,31.77587,27.058933,24.074522,23.343678,20.564835,17.87767,20.447475,16.927681,19.62829,19.286295,20.751509,21.76557,19.122526,14.9452505,15.462908,10.099434,12.406683,12.702002,13.784084,16.982586,16.893599,17.803646,21.37488,21.464828,27.266945,25.83616,30.393946,32.09579,34.87586
3,9.32751,5.6482015,4.967506,0.0,3.7653627,6.2970266,8.060467,13.653079,15.129867,18.894632,22.790592,24.150087,23.813469,21.18072,16.409584,17.427868,14.340557,16.925837,13.411838,17.17554,17.166569,18.791662,20.024311,20.846397,21.72859,19.983494,19.28026,16.23945,18.27346,13.850833,19.47245,13.670442,19.291525,16.692636,18.639984,20.917513,18.445114,17.997274,14.261414,12.465634,17.072962,15.216412,19.237253,19.932333,17.37646,21.344818,19.478115,23.660404,24.338034,25.78932,27.125038,25.944267,30.829334,31.406961,32.608807,29.16743,27.909271,28.274418,33.03674,31.411764,27.203754,26.521862,31.38621,31.937437,35.02728,30.086151,27.996595,33.47091,29.426842,26.584454,27.655613,29.564726,26.095663,24.720037,26.829096,26.913761,29.697098,30.974033,32.815464,37.795757,34.545055,40.070736,39.627377,36.35478,32.468903,28.490694,29.89337,25.59727,22.646084,22.68705,20.444794,17.629358,19.91216,16.674936,18.279284,18.54817,20.033026,21.931004,19.79002,15.528397,17.219038,11.191544,14.875367,14.355059,15.512735,18.949326,19.09876,20.129496,23.015099,22.727736,28.251972,26.075432,30.785364,31.805202,34.719536
4,12.047951,8.33788,6.928814,3.7653627,0.0,6.174897,5.099203,11.234253,12.549309,15.917999,20.171852,21.61346,20.742886,18.308575,13.279444,14.07447,11.140683,13.861797,11.451938,14.939874,15.893055,17.286575,19.230604,19.765617,20.075758,18.652401,17.149706,14.145785,15.6081,11.581604,16.908287,11.298392,17.305815,14.797765,17.46505,19.706373,18.089914,17.695076,13.446159,11.097478,15.893529,13.766688,17.360737,17.832096,15.890174,19.174126,18.115276,21.771755,22.984024,23.83004,24.818733,23.355137,28.262205,28.482805,30.050646,26.853666,25.158243,25.645264,30.182499,28.717838,24.620665,23.473223,28.132465,28.465464,31.650328,26.97611,24.49727,29.915699,25.967821,23.025198,24.140324,25.915615,22.489893,20.97557,23.15459,23.16809,26.04283,27.354345,29.154089,34.13548,30.937025,36.489933,36.222008,33.029335,29.208012,25.226236,26.9322,22.53306,20.18539,20.077293,17.978771,14.85781,16.75657,13.202198,14.541026,14.997232,16.798239,18.875511,17.230959,12.790714,14.75466,8.681464,13.008607,12.499123,14.229479,17.187216,17.161312,17.994322,20.455769,20.195705,25.344599,23.236013,27.947504,28.757143,31.92461
5,13.811738,11.045029,7.686686,6.2970266,6.174897,0.0,7.012141,8.660173,11.519559,14.877919,18.370295,20.676775,21.006866,19.912708,15.33757,17.552704,15.671697,19.215364,17.577168,20.940722,22.027325,23.22041,25.159824,25.9176,26.226646,24.797876,23.081291,19.902842,20.58613,16.589216,19.836977,14.220112,18.260529,14.144928,16.653704,17.48917,15.406927,16.295578,12.316225,11.456324,17.213146,16.896393,20.015158,21.653797,20.710987,24.065508,23.666664,27.579185,29.020012,29.858187,30.654274,28.834023,33.633263,33.315937,35.078503,32.06322,29.806936,29.78751,34.306168,32.13635,27.900358,27.279882,31.335075,31.537064,34.23028,29.370245,27.097425,31.903534,27.126968,24.437979,24.507538,26.749464,23.086573,22.827005,24.886734,26.054426,28.741417,30.85411,32.677532,37.581924,34.63889,40.293755,40.498688,37.63321,33.996246,30.033533,32.25411,27.719355,25.995361,25.519964,23.24443,19.85905,21.375486,15.890817,16.924097,16.056183,16.106583,17.993586,15.271516,11.958052,15.0100155,9.848913,15.034139,16.427319,18.657621,21.053173,20.342093,20.348005,23.440086,23.98505,28.7644,27.77475,32.36351,33.38579,36.86753
6,17.048136,13.310857,11.554868,8.060467,5.099203,7.012141,0.0,7.7231593,7.61423,11.289644,15.353122,16.524893,15.78082,13.623965,8.721532,10.629059,8.906294,13.194686,12.927716,16.253939,18.289608,19.821003,22.277239,21.991646,21.605143,20.15179,17.456306,14.137683,13.911873,10.330205,13.116277,7.693934,12.843689,10.023189,13.271642,15.320779,14.612016,14.375995,9.799912,7.257401,12.445331,11.231331,13.915568,15.109318,14.868883,17.519207,18.138449,21.700613,23.857897,24.358398,24.72321,22.419285,27.062859,26.476013,28.279171,25.43469,22.883347,22.835201,27.29647,25.240856,21.07988,20.275026,24.478445,24.880423,27.650873,22.742472,20.595179,25.805202,21.474718,18.756899,19.925196,22.194992,19.049473,17.720552,20.822565,20.70887,24.264795,25.701859,26.986063,31.952805,28.44202,34.154423,34.0082,31.319326,27.721142,23.704857,26.30349,22.21227,20.97597,21.110926,19.570616,16.174953,17.08696,12.606058,12.214926,12.721875,13.860827,16.784052,15.695391,11.936651,15.349734,10.08031,15.492568,15.496584,17.761406,20.025007,19.672089,19.976976,21.829447,21.763706,25.979013,24.06544,28.659897,28.859869,32.456093
7,21.779531,18.733778,15.37706,13.653079,11.234253,8.660173,7.7231593,0.0,5.3548365,6.6496153,10.308007,13.689526,13.792881,14.8749895,11.073693,14.138205,14.350602,18.49263,19.784756,22.294262,24.98556,25.82285,28.756857,28.822731,28.071918,27.13449,23.9158,20.942013,19.654102,17.126432,17.011206,13.088087,15.086675,10.369584,14.3382015,13.7609415,14.266634,15.945988,11.782078,11.078944,16.525766,17.16269,18.425577,20.435617,21.708857,23.461819,25.237816,28.186459,30.790636,30.574345,30.443699,27.75251,32.111958,30.541397,33.058056,30.867626,27.334536,26.999655,30.781895,28.333288,24.480639,23.511866,26.24057,25.923176,28.130611,23.824326,21.165129,25.009832,19.737516,17.280712,16.471169,19.076792,15.595311,16.329485,18.90369,20.672861,23.65079,26.320454,27.692867,32.341637,29.602274,35.243866,36.109844,33.94899,30.817747,27.082682,30.404678,26.085302,26.264809,25.561686,23.886303,20.173243,20.227114,13.279646,12.237157,10.594929,8.899077,11.808351,10.171522,8.637931,13.66597,10.859642,16.756863,18.856775,21.945698,23.006355,21.706205,20.7922,22.814474,23.827984,26.938972,26.77504,30.976482,31.362118,35.490475
8,24.175043,20.618965,18.20318,15.129867,12.549309,11.519559,7.61423,5.3548365,0.0,4.8841023,7.8512993,9.364618,9.6579075,9.919432,7.006676,11.036259,12.131982,17.095875,19.051266,21.767605,24.680155,26.056606,28.950335,28.160494,27.129068,25.850647,22.156372,18.96326,16.757553,14.59456,12.424334,9.401938,9.896922,5.494518,9.895246,10.0150795,11.55911,12.500672,8.528673,7.661998,12.103524,13.367855,13.746546,16.23815,18.548801,19.980984,22.64652,25.739328,28.81895,28.78625,28.366308,25.16854,29.165304,27.30648,29.535336,27.454868,23.680145,22.779715,26.685003,23.673733,19.742775,19.548252,22.255388,22.50012,24.271486,19.327862,17.728111,21.815323,16.508286,14.474709,14.841728,18.085184,15.471847,15.389462,19.415815,19.843544,23.859121,25.830008,26.432858,31.081978,27.556969,33.26982,33.639313,31.85795,28.830585,25.069754,28.799881,25.171413,25.537287,25.611744,24.568989,21.042746,20.775394,15.076445,12.56441,12.267017,11.163912,14.951177,14.539769,12.943284,17.76504,14.48609,20.300367,21.332832,24.128284,25.493227,24.597641,24.077291,25.415667,25.890274,28.712936,27.66655,31.850334,31.495747,35.60456
9,27.48046,24.099052,21.270155,18.894632,15.917999,14.877919,11.289644,6.6496153,4.8841023,0.0,5.043938,8.377156,7.585587,10.6325445,8.691824,11.969742,14.059414,18.285177,21.454056,23.370995,26.885405,27.73543,31.062553,30.357738,28.908813,28.162764,24.050364,21.363735,18.612661,17.510231,14.486264,12.911535,12.810151,9.296006,13.605661,12.685797,15.353336,16.705149,13.171095,12.393849,16.108528,17.179384,16.758291,18.791967,21.7024,22.112438,25.458317,27.658484,31.043196,30.25613,29.426113,26.089468,29.812532,27.331675,30.171215,28.67417,24.335617,23.622591,26.729183,24.035616,20.670895,19.667633,21.228355,20.73551,22.366734,18.420813,15.893148,18.984673,13.4004,11.373165,10.505197,13.80761,11.225244,12.186108,16.019712,17.239101,20.940592,23.436373,23.994715,28.350065,25.381964,30.929127,31.96864,30.515339,27.870844,24.431469,28.543604,24.909817,26.35867,25.948908,25.054264,21.52248,20.542469,14.292319,11.041378,10.052626,7.820768,11.765181,12.360357,12.082974,16.943508,15.32888,20.72223,22.301119,25.429464,25.962618,24.700527,23.650267,24.507875,25.363937,27.176497,26.953243,30.736998,30.28335,34.66537
10,31.611189,28.225245,25.384605,22.790592,20.171852,18.370295,15.353122,10.308007,7.8512993,5.043938,0.0,5.2725444,7.0544376,11.669421,11.834517,15.512725,18.096182,22.590628,25.879625,27.940119,31.439623,32.4953,35.752003,34.774193,33.26193,32.324757,28.068823,25.269516,22.056414,21.116915,16.409496,15.816113,13.273381,9.929773,13.235591,10.848753,14.639546,16.502968,14.138987,14.410055,17.166225,19.463133,18.218826,20.956726,24.66385,24.945677,28.837059,31.197582,34.823555,34.169796,33.133766,29.474903,32.764454,29.846632,32.543045,31.33283,26.704914,25.354282,28.200033,24.78318,21.667185,21.59835,22.269135,21.995281,22.592981,18.593044,17.298298,19.246881,13.294132,12.522206,11.111808,15.06489,13.532269,15.227391,19.294693,20.504534,24.31746,26.807789,26.829596,30.803473,27.744585,33.07421,34.173164,33.321728,31.030197,27.802567,32.25447,29.069653,30.795872,30.61417,29.917042,26.446905,25.311869,19.218874,15.695507,14.650902,11.628424,15.172672,15.75561,16.49131,21.47035,20.121576,25.59248,27.324183,30.445269,30.993105,29.676022,28.49422,29.302668,30.251545,31.678614,31.605907,35.205235,34.4753,38.91518
11,33.365097,29.686417,27.529,24.150087,21.61346,20.676775,16.524893,13.689526,9.364618,8.377156,5.2725444,0.0,5.064781,8.628593,10.967675,14.661903,17.664207,22.400074,25.841795,28.052525,31.49071,32.99413,36.062,34.43813,32.80996,31.5588,27.152096,24.293148,20.546186,20.004496,13.591447,14.4682455,9.91336,8.55158,10.764402,9.181339,13.756008,14.657695,13.233424,13.56076,14.435712,17.275604,15.021804,18.095127,22.599169,22.571304,27.051136,29.50676,33.385098,33.00971,31.799736,27.826925,30.642313,27.57862,29.813017,28.72547,24.066984,22.076012,24.961998,20.875715,17.835596,18.87788,19.40956,19.922546,19.857687,15.05492,15.519049,17.621122,12.022913,12.108319,12.53581,16.670307,16.11172,16.618557,21.639605,21.440647,26.023266,27.68488,27.009604,30.90675,27.06196,32.327488,32.77656,32.287014,30.114103,26.947145,31.557339,29.098764,30.745888,31.261679,31.03026,27.80439,26.625843,21.723387,17.702349,17.727718,15.738491,19.570251,20.452944,20.436584,25.278831,23.16709,28.672073,29.600138,32.412434,33.335938,32.392693,31.624933,32.099503,32.557564,34.0181,33.077576,36.67816,35.390095,39.66152
12,32.77838,29.038376,27.04304,23.813469,20.742886,21.006866,15.78082,13.792881,9.6579075,7.585587,7.0544376,5.064781,0.0,6.228235,8.588141,11.193726,14.7840605,18.839106,23.17523,24.737616,28.594887,29.79475,33.122467,31.408897,29.433565,28.594841,23.891203,21.507812,17.425856,17.818165,11.53596,13.275115,10.525748,10.2987385,13.455021,13.284778,17.291262,17.574368,15.238616,14.374711,15.247485,16.62976,14.243593,16.178736,20.75052,19.808798,24.655897,26.259693,30.316061,29.346739,27.879976,23.895805,26.626026,23.340502,26.029713,25.231932,20.310389,18.823112,21.278708,17.969229,15.230554,14.963778,15.262288,15.299459,15.851463,11.578896,10.700848,13.247725,7.66405,7.184764,8.714649,12.569757,12.318152,12.002861,17.37848,16.56795,21.354923,22.74718,21.957659,25.888208,22.036043,27.355545,27.914364,27.357336,25.25396,22.204575,26.934866,24.590239,26.800098,27.221474,27.281513,24.24986,22.657871,18.480812,13.989311,14.65061,13.621925,17.468798,19.221846,18.839048,23.161636,21.444403,26.419159,26.971365,29.743475,30.302885,29.43985,28.731289,28.613646,28.889044,29.872246,28.80604,32.18611,30.661469,34.944138
13,30.132105,26.180063,25.112902,21.18072,18.308575,19.912708,13.623965,14.8749895,9.919432,10.6325445,11.669421,8.628593,6.228235,0.0,5.2809925,7.482178,10.779924,15.190786,18.99028,20.959515,24.418007,26.195978,29.11963,26.887285,25.051844,23.737787,19.165974,16.541897,12.321205,12.712307,5.377152,8.444519,6.0821185,8.595292,11.04657,13.196588,16.183832,15.0679455,12.784576,11.101638,10.41419,11.010966,8.207176,10.002998,14.8472805,14.051657,18.962431,21.033508,25.066051,24.707405,23.454165,19.419867,22.263973,19.62195,21.559568,20.176899,15.73039,13.951519,17.524363,13.933233,10.260173,10.940052,13.279827,14.593052,15.744223,9.889889,10.426164,15.0564785,11.12462,10.148614,13.607351,16.712994,16.186474,14.112959,19.741804,17.434076,22.755863,23.112368,22.213167,26.508217,21.744276,27.226427,26.666044,25.670963,23.101217,19.698473,24.0376,22.093014,23.331627,24.59394,24.910631,22.17601,21.067755,18.444563,14.352853,16.209785,16.67558,20.644047,21.988253,20.21701,24.160318,21.109,25.968204,25.432514,27.661911,28.941164,28.649887,28.649694,28.538544,28.130468,29.931871,27.563541,31.254,29.522352,33.395737
14,25.19975,21.308924,20.078016,16.409584,13.279444,15.33757,8.721532,11.073693,7.006676,8.691824,11.834517,10.967675,8.588141,5.2809925,0.0,4.433612,6.7031994,11.69267,14.923858,17.156204,20.53625,22.129642,25.132177,23.496649,21.9508,20.739304,16.44768,13.552501,10.318934,9.517758,6.333505,5.3516784,7.763956,7.8473415,11.50306,13.832843,15.65759,14.809922,11.187213,8.603772,10.37195,9.603091,9.129801,10.258687,13.246225,13.47953,17.07711,19.472988,23.021284,22.696466,21.942524,18.451841,22.245197,20.379038,22.52959,20.533323,16.67867,15.968681,19.939255,17.415016,13.516002,12.753135,16.215464,16.870262,19.157589,14.0590925,12.482747,17.738323,13.672893,11.410707,14.083129,16.735474,14.968723,12.765184,17.696835,16.025156,20.889229,21.645945,21.688879,26.428947,22.151434,27.881632,27.565256,25.73068,22.628979,18.823692,22.637741,19.686367,20.258465,21.07686,20.84278,17.805801,17.14728,13.950235,10.557088,12.417027,13.558127,17.391493,18.267233,15.737827,19.47258,15.971039,20.855263,20.357233,22.66314,24.079388,23.767454,23.855398,24.15288,23.801195,26.31708,24.028858,28.094019,26.994171,30.882427
15,25.38687,21.55361,20.839891,17.427868,14.07447,17.552704,10.629059,14.138205,11.036259,11.969742,15.512725,14.661903,11.193726,7.482178,4.433612,0.0,4.085436,7.852342,12.31264,13.726025,17.542898,18.93947,22.128267,20.222126,18.28197,17.457825,12.7979,10.538135,6.8731937,7.7645245,6.533265,6.911222,10.974266,12.154465,15.440834,18.178432,19.813507,18.567244,14.976997,11.95083,12.952701,10.48077,10.139745,9.225168,11.640549,10.677212,14.470289,15.836146,19.551628,18.674807,17.734653,14.280332,18.212872,16.534962,18.929045,16.97852,13.224356,13.381473,17.127642,15.757034,12.277672,9.943048,14.0777855,14.5620985,17.677668,13.340225,10.799572,16.691385,13.936617,11.334424,14.825991,16.525593,15.027672,11.574802,16.261278,13.420244,18.389267,18.392788,18.412722,23.245127,18.806217,24.505966,23.909454,21.723774,18.436808,14.542071,18.218472,15.40319,16.179745,17.221682,17.446323,14.80839,13.868736,12.616771,9.327517,12.343313,14.858178,18.258741,19.684168,16.687904,19.438845,16.178297,20.076685,18.7347,20.714958,21.940207,21.950247,22.373127,22.008192,21.173836,23.478567,20.51898,24.47225,23.077532,26.808592
16,21.779512,17.964716,17.760279,14.340557,11.140683,15.671697,8.906294,14.350602,12.131982,14.059414,18.096182,17.664207,14.7840605,10.779924,6.7031994,4.085436,0.0,5.451596,8.417476,10.517665,13.897151,15.557335,18.51739,16.836748,15.326607,14.240863,10.098195,7.3450003,5.4992275,4.648432,8.341268,6.2848377,12.572546,13.319473,16.344238,19.53974,20.191963,18.70906,14.866371,11.476926,13.033399,9.4243145,10.80272,9.374733,9.5470295,9.896501,11.9184,13.934423,17.013435,16.658726,16.40828,13.669465,18.225452,17.649899,19.565811,16.919968,14.3125,14.986981,19.16517,18.237516,14.603724,12.463665,17.346363,17.943867,21.339003,17.026659,14.593821,20.561659,17.95753,15.196333,18.287947,19.74736,17.70672,14.299122,18.10203,15.522487,19.887814,19.78231,20.382008,25.321415,21.10226,26.680693,25.820744,23.044329,19.371424,15.313221,18.004347,14.71978,14.032272,15.213797,15.046712,12.4289,12.420824,11.901874,10.153887,13.127377,16.177856,19.226757,20.03898,16.256212,18.440578,14.324376,17.876265,15.899155,17.507616,19.328802,19.67972,20.579433,20.60821,19.471071,22.765223,19.289085,23.598146,22.675947,26.072298
17,22.532883,19.14182,19.465782,16.925837,13.861797,19.215364,13.194686,18.49263,17.095875,18.285177,22.590628,22.400074,18.839106,15.190786,11.69267,7.852342,5.451596,0.0,6.387689,6.054271,10.36779,11.339075,14.713805,12.963538,10.842362,10.806686,6.464127,5.906715,5.838475,7.381894,12.500865,11.543569,17.711277,18.745676,21.75555,24.967667,25.588295,24.030432,20.204222,16.773378,18.027166,13.758362,15.103132,12.322593,11.149617,10.158978,11.085644,10.979138,13.739215,12.286023,12.079605,10.211402,15.107329,15.329347,17.49116,14.950613,13.242547,15.314596,18.681765,19.394955,16.63463,13.035872,17.883057,18.006964,22.109444,19.07927,15.743588,21.57053,20.240187,17.322987,20.545233,20.956755,19.108837,15.010073,17.65492,14.300101,17.93462,16.953869,17.915016,22.733833,18.877604,24.058931,23.009926,19.562561,15.624946,11.652316,13.304417,9.705887,8.626099,9.99064,10.416522,8.674332,8.573488,11.593505,10.957381,14.462919,18.546162,20.847954,22.101463,18.087366,18.8311,15.462754,17.217127,14.119157,15.073426,16.492958,17.34904,18.74604,17.913223,16.057379,19.219656,14.760156,18.958014,17.931265,20.970236
18,17.484896,14.281816,15.8514385,13.411838,11.451938,17.577168,12.927716,19.784756,19.051266,21.454056,25.879625,25.841795,23.17523,18.99028,14.923858,12.31264,8.417476,6.387689,0.0,4.4902034,5.742309,8.138202,10.346104,9.150042,8.795148,7.5146728,6.2132506,4.7991176,8.857529,7.2652802,15.425532,12.595501,19.64838,20.251707,22.634897,26.264233,25.666666,23.838879,20.142576,16.771843,18.335058,13.59027,16.567211,14.078653,10.2730875,11.90436,9.298078,11.151149,11.961183,12.463083,13.84499,13.413351,18.349596,19.913681,20.951143,17.542849,17.412354,19.22094,23.2662,23.656673,20.466755,18.10687,23.515558,24.105759,28.007599,24.291512,21.731812,27.701199,25.888773,22.967924,25.860256,26.606411,24.229763,20.645481,22.86666,20.298195,23.351822,22.600544,23.970287,28.700333,25.036867,29.987217,28.595854,24.865608,20.8333,17.10959,17.382366,13.92699,9.923311,11.547217,10.887229,9.614055,11.656226,14.355323,15.286529,18.048733,21.890245,23.974504,24.174671,19.534283,19.839449,15.225879,16.492867,12.539293,12.39443,15.380575,16.858343,19.003906,19.256567,17.17562,21.921377,17.201286,21.645987,21.512936,23.769442
19,20.270777,17.528229,18.85517,17.17554,14.939874,20.940722,16.253939,22.294262,21.767605,23.370995,27.940119,28.052525,24.737616,20.959515,17.156204,13.726025,10.517665,6.054271,4.4902034,0.0,4.742614,5.3761897,8.70614,7.553357,6.024156,6.8028965,5.4579377,6.832883,10.148337,10.53352,17.701126,15.887011,22.670895,23.466515,26.184904,29.631844,29.486736,27.781609,23.973549,20.543592,21.985977,17.21498,19.515127,16.446379,13.194729,13.179162,11.068177,10.416789,11.060335,9.916848,11.186006,11.601752,16.416111,18.235659,19.679586,16.737457,16.860023,19.471199,22.677692,24.104908,21.563372,18.153128,23.13976,23.260475,27.53123,24.79927,21.525055,27.205894,26.187925,23.196562,26.128822,26.179703,24.0482,20.113293,21.592993,18.627165,21.060875,19.769558,21.348957,25.826416,22.613216,27.15259,25.822924,21.751413,17.731472,14.354082,13.773552,10.147968,5.5929604,7.2426777,7.2313957,7.186245,8.9738455,14.080318,15.295319,18.344591,22.717667,24.366898,25.127483,20.643578,20.11479,16.601458,16.616951,12.176276,11.663712,13.72575,15.483129,17.80426,17.107918,14.512584,18.771523,13.4008045,17.608757,17.375101,19.364435
20,18.436598,16.190796,18.5643,17.166569,15.893055,22.027325,18.289608,24.98556,24.680155,26.885405,31.439623,31.49071,28.594887,24.418007,20.53625,17.542898,13.897151,10.36779,5.742309,4.742614,0.0,3.7776256,4.7520137,4.088121,5.135557,5.024172,7.4356966,8.659731,13.197049,12.571641,20.631517,18.243284,25.204573,25.976723,28.224901,31.948553,31.13698,29.20154,25.640728,22.332375,23.640942,18.704575,21.661116,18.651495,14.149374,15.257562,11.15231,11.291552,10.025963,10.520629,12.909351,14.320121,18.774086,21.458529,22.085442,18.724155,19.927652,22.401665,25.879755,27.243013,24.596163,21.85174,27.152729,27.602335,31.757963,28.694677,25.930317,31.72973,30.602251,27.652578,30.569178,30.78748,28.49094,24.715422,26.093225,23.346802,25.55839,24.239244,25.884422,30.214128,27.038034,31.334354,29.660728,25.492954,21.53422,18.437046,17.050005,14.091537,8.442744,10.227442,9.746781,10.425398,13.001668,17.743206,19.494713,22.236126,26.443764,27.992626,28.227444,23.501865,22.689201,18.672684,18.182743,13.3125925,11.651585,14.681029,16.929726,19.7324,19.613039,16.886538,21.8199,16.382883,20.348028,20.569502,21.764046
21,19.286087,17.480328,19.366451,18.791662,17.286575,23.22041,19.821003,25.82285,26.056606,27.73543,32.4953,32.99413,29.79475,26.195978,22.129642,18.93947,15.557335,11.339075,8.138202,5.3761897,3.7776256,0.0,4.1514864,5.822687,6.1347427,7.9246387,9.662798,11.424456,15.373272,15.220103,22.91024,20.585932,27.591167,28.011555,30.667189,34.071278,33.461643,31.83748,28.002047,24.677404,26.468977,21.66036,24.418077,21.40482,17.412745,17.916412,14.504024,13.594685,12.4065485,11.564383,13.692082,15.518551,19.831606,22.36573,23.514114,20.592262,21.55273,24.390575,27.360344,29.17651,26.768782,23.351833,28.231052,28.178644,32.56967,30.117983,26.642958,32.144672,31.231277,28.132881,30.711315,30.4613,28.087297,24.403282,24.949844,22.526838,23.953375,22.691235,24.790075,28.924511,26.42499,30.44861,29.186651,24.792477,20.937555,18.154842,16.290684,12.848839,7.3945427,7.7962728,6.884247,8.526129,11.246085,16.837025,19.194864,21.773706,26.221308,27.26923,27.669806,23.05383,21.466284,18.29392,16.695839,11.625048,9.5932455,11.906656,14.372634,17.327795,16.825346,13.868451,18.797298,13.383879,17.195047,17.933342,18.93222
22,19.113495,17.79696,20.502348,20.024311,19.230604,25.159824,22.277239,28.756857,28.950335,31.062553,35.752003,36.062,33.122467,29.11963,25.132177,22.128267,18.51739,14.713805,10.346104,8.70614,4.7520137,4.1514864,0.0,4.6144147,7.0073237,8.02843,11.627666,13.341105,17.849081,17.28711,25.380999,22.885277,29.899971,30.47819,32.728065,36.389526,35.346226,33.483696,29.918959,26.691774,28.179853,23.267357,26.348146,23.298119,18.58061,19.648598,15.106258,14.576223,12.103149,12.480199,15.251441,17.655436,21.609625,24.774761,25.2527,22.068417,23.841974,26.581963,29.713703,31.524626,29.104725,26.17422,31.310585,31.57217,35.86191,33.164787,30.157722,35.790176,34.889225,31.864527,34.581257,34.485878,32.096672,28.412971,29.09022,26.599478,28.066298,26.649729,28.624104,32.63427,30.015501,33.844902,32.202244,27.800472,24.018051,21.424757,19.089268,16.381517,10.543175,11.538788,10.821425,12.568106,15.391159,20.678913,23.096783,25.597794,29.91415,31.003784,31.099438,26.365438,24.75025,21.216276,19.493488,14.40142,11.717325,14.567309,17.23873,20.394724,20.255009,17.313087,22.379637,16.986063,20.398554,21.221712,21.547815
23,21.57982,19.586483,22.345953,20.846397,19.765617,25.9176,21.991646,28.822731,28.160494,30.357738,34.774193,34.43813,31.408897,26.887285,23.496649,20.222126,16.836748,12.963538,9.150042,7.553357,4.088121,5.822687,4.6144147,0.0,3.4737074,3.8175783,8.223885,10.508804,14.924851,15.034214,22.710976,21.034487,27.687723,29.050707,31.010197,34.998096,34.223305,31.982323,28.71288,25.40569,25.984282,20.880936,23.563448,20.099182,15.369804,15.931183,11.254055,10.196351,7.491999,8.442589,11.443289,13.888063,17.631931,21.107466,21.102798,17.77253,20.029005,22.740734,25.866804,27.775885,25.574808,22.910189,28.183117,28.83816,32.95125,30.175022,27.773743,33.49527,32.951885,30.179546,33.45199,33.527306,31.560528,27.498096,28.917728,25.616297,27.78835,25.844368,27.187027,31.176582,27.918402,31.733364,29.529757,25.332314,21.552977,18.943405,16.683989,14.904474,8.929671,11.56868,11.994691,13.560292,15.738862,21.35404,22.84059,25.81209,30.117887,31.70547,32.14643,27.472876,26.56416,22.732285,21.99053,16.9976,14.977415,17.693192,20.148512,23.068909,22.512276,19.496277,23.928885,17.981718,21.346233,21.188805,21.613672
24,23.566868,21.231983,23.46135,21.72859,20.075758,26.226646,21.605143,28.071918,27.129068,28.908813,33.26193,32.80996,29.433565,25.051844,21.9508,18.28197,15.326607,10.842362,8.795148,6.024156,5.135557,6.1347427,7.0073237,3.4737074,0.0,3.6697028,6.0738006,9.2855215,12.9772005,14.097222,21.0651,20.087322,26.511625,28.132633,30.3153,34.214447,33.92906,31.73488,28.378633,24.970621,25.371334,20.27422,22.402025,18.66162,14.662073,14.132985,10.607347,8.110404,6.6034107,5.659293,8.314435,10.784152,14.607747,17.916153,18.266813,15.224239,17.218616,20.224617,22.978678,25.246874,23.336302,20.183203,25.220453,25.728977,29.915041,27.540453,24.943918,30.518085,30.34895,27.64693,31.075905,30.957056,29.275246,25.002718,26.481709,22.779894,25.049835,22.799862,23.935602,27.85223,24.527134,28.28137,26.06135,21.868114,18.082308,15.519839,13.248291,11.693412,5.8837447,9.265573,10.52327,12.202347,13.715708,19.91469,20.945019,24.176003,28.600786,30.25251,31.129307,26.648865,25.869604,22.431566,21.883802,17.0347,15.524282,17.606123,19.864698,22.547363,21.427294,18.355314,22.1158,15.933296,19.191645,18.495268,19.145153
25,22.26221,19.68615,22.272001,19.983494,18.652401,24.797876,20.15179,27.13449,25.850647,28.162764,32.324757,31.5588,28.594841,23.737787,20.739304,17.457825,14.240863,10.806686,7.5146728,6.8028965,5.024172,7.9246387,8.02843,3.8175783,3.6697028,0.0,5.0824904,7.2967057,11.599087,11.991602,19.311964,18.099186,24.447742,26.267757,28.030033,32.179523,31.605425,29.166155,26.092865,22.770819,22.79,17.639526,20.059649,16.444517,11.786078,12.178261,7.527736,6.846639,5.0878596,6.864201,9.551033,11.138613,15.100795,18.386145,18.179665,14.580188,16.732567,19.190903,22.619736,24.211538,21.926905,19.619091,25.08499,26.076866,29.983194,26.880861,24.985065,30.829264,30.257513,27.668287,31.25469,31.620918,29.876741,25.690296,27.80896,24.128809,26.986616,24.966606,25.847103,29.985899,26.149704,30.229845,27.792454,23.885887,20.050425,17.141706,15.631675,14.177412,8.75533,12.188654,12.999667,13.852904,15.574376,20.692669,21.416914,24.612078,28.74183,30.754412,31.339859,26.759907,26.550125,22.407679,22.634298,17.93981,16.580568,19.334326,21.486639,24.122496,23.538822,20.700262,24.846018,18.900476,22.469091,21.722101,22.661942
26,23.474245,20.33766,22.036474,19.28026,17.149706,23.081291,17.456306,23.9158,22.156372,24.050364,28.068823,27.152096,23.891203,19.165974,16.44768,12.7979,10.098195,6.464127,6.2132506,5.4579377,7.4356966,9.662798,11.627666,8.223885,6.0738006,5.0824904,0.0,3.882987,6.9423337,8.668943,15.023533,14.569129,20.634007,22.668839,24.756916,28.720541,28.793375,26.501963,23.282608,19.863777,19.795156,14.776771,16.477816,12.695485,9.3720255,8.410968,6.4426265,5.2635674,7.295347,6.9511113,7.9158545,7.5614805,12.318446,14.546685,15.124306,11.729587,12.527769,15.004125,18.49894,19.90663,17.558987,14.780865,20.215841,21.132074,25.049711,21.967247,19.904749,25.77333,25.216503,22.691786,26.451792,26.875156,25.382315,21.062181,23.6732,19.674843,23.093145,21.118835,21.663227,26.006063,21.812172,26.292288,24.068773,20.415552,16.482733,13.093103,12.87052,11.1489315,7.349187,10.890347,12.105198,12.108733,12.90744,17.588144,17.41566,20.87886,24.931372,27.223433,28.233315,23.951399,24.316925,20.436731,21.481157,17.348984,16.983126,19.165045,20.814419,22.94091,22.04283,19.493605,22.973122,17.315128,21.058264,19.752125,21.558205
27,21.475712,17.996115,19.544891,16.23945,14.145785,19.902842,14.137683,20.942013,18.96326,21.363735,25.269516,24.293148,21.507812,16.541897,13.552501,10.538135,7.3450003,5.906715,4.7991176,6.832883,8.659731,11.424456,13.341105,10.508804,9.2855215,7.2967057,3.882987,0.0,4.9401956,4.9107237,12.226825,10.972461,17.297503,19.155434,21.099503,25.137589,25.00082,22.68498,19.483831,16.085897,16.14037,11.104935,13.298488,10.031386,6.394029,7.1392646,5.4758253,7.679507,9.90609,10.68453,11.460451,10.049387,14.783246,16.243864,16.823143,13.245655,13.154897,14.717663,19.007149,19.274803,16.195011,14.27319,19.98609,21.159008,24.775927,20.823812,19.177835,25.266665,23.898113,21.37868,25.012383,25.99096,24.253063,20.270952,23.425682,19.901646,23.767817,22.431833,22.96186,27.58713,23.171928,28.104689,26.131021,22.802034,18.88698,15.14111,15.943999,13.695597,10.502132,13.3155775,13.783395,12.76008,13.7484665,16.63816,16.18623,19.419315,23.045473,25.66436,26.320396,22.021482,23.052683,18.569649,20.56909,16.929092,17.024652,19.62437,20.977718,22.87943,22.613565,20.485357,24.356564,19.300688,23.42138,22.359028,24.63661
28,24.921385,21.17927,21.925255,18.27346,15.6081,20.58613,13.911873,19.654102,16.757553,18.612661,22.056414,20.546186,17.425856,12.321205,10.318934,6.8731937,5.4992275,5.838475,8.857529,10.148337,13.197049,15.373272,17.849081,14.924851,12.9772005,11.599087,6.9423337,4.9401956,0.0,4.8221455,8.160629,8.942156,14.093975,16.654661,18.755543,22.612947,23.365332,21.125227,18.074013,14.763697,14.143358,9.709693,10.260653,6.737627,6.5610485,4.7074428,7.9174924,9.156732,12.920538,12.722008,12.187553,9.054797,13.36647,13.376454,14.525938,11.55043,9.654134,10.686255,15.089606,14.847214,11.670885,9.562037,15.276385,16.641312,20.02207,15.8853445,14.548545,20.661179,19.387188,17.153166,21.218615,22.405277,21.201086,17.097343,21.094465,17.117693,21.727522,20.379173,20.232866,24.850721,19.951612,25.129396,23.247074,20.523468,16.86701,12.998653,15.275465,13.502856,12.463557,15.042139,15.946608,14.464092,14.304817,16.279581,14.400407,17.847738,21.108309,24.137001,25.32471,21.593725,23.365696,19.392414,22.187593,19.304338,20.138542,22.08127,22.96279,24.306843,23.674078,21.893852,24.788586,20.213133,24.105066,22.410275,25.22706
29,20.877083,17.002436,17.883345,13.850833,11.581604,16.589216,10.330205,17.126432,14.59456,17.510231,21.116915,20.004496,17.818165,12.712307,9.517758,7.7645245,4.648432,7.381894,7.2652802,10.53352,12.571641,15.220103,17.28711,15.034214,14.097222,11.991602,8.668943,4.9107237,4.8221455,0.0,8.533589,6.114986,12.690955,14.320825,16.22185,20.24892,20.130863,17.88184,14.632581,11.238586,11.512357,6.726438,9.308456,7.332322,5.2766027,7.601422,8.151939,11.796868,14.435588,15.403298,15.731212,13.344028,17.81154,18.170782,18.98577,15.63595,14.2313795,14.617949,19.460602,18.330105,14.486193,13.624551,19.207354,20.572588,23.69304,18.83439,17.708673,23.815899,21.46533,19.064037,22.477875,24.155966,22.269289,18.829517,22.691738,19.770706,24.142298,23.550499,23.933556,28.752289,24.155506,29.513744,27.926767,25.091002,21.331837,17.363379,19.32847,16.741682,14.631221,16.747238,16.709257,14.680683,15.42547,15.901173,14.728026,17.555386,20.417587,23.498688,23.867096,19.827423,21.891363,17.018621,20.371857,17.734505,18.604946,21.247738,22.070967,23.470308,23.760057,22.244673,26.10615,21.91427,26.246239,25.276812,28.130535
30,27.93993,23.925209,23.792524,19.47245,16.908287,19.836977,13.116277,17.011206,12.424334,14.486264,16.409496,13.591447,11.53596,5.377152,6.333505,6.533265,8.341268,12.500865,15.425532,17.701126,20.631517,22.91024,25.380999,22.710976,21.0651,19.311964,15.023533,12.226825,8.160629,8.533589,0.0,5.881888,6.5037727,10.448496,11.967273,15.674584,17.36132,15.164266,12.936039,10.458466,8.374994,6.8772125,4.145268,4.665598,9.614063,9.085651,13.837568,16.414158,20.301752,20.578014,19.652712,15.793007,18.850657,17.180538,18.293606,16.157005,12.612736,10.941981,15.634012,12.454669,8.095485,9.317575,13.72646,15.779773,17.574373,11.603236,12.536897,18.097336,15.402205,14.073916,18.065609,20.583946,19.801205,16.791573,22.091274,18.916193,24.24494,23.813944,23.010862,27.47457,22.282824,27.694424,26.259851,24.746935,21.766779,18.15223,21.790169,20.187708,20.328281,22.330843,22.848448,20.52963,19.958786,18.931107,15.619701,18.195938,19.730833,23.52878,24.577785,21.837608,25.186647,21.253527,25.668865,24.154112,25.786123,27.651575,27.885649,28.507929,28.389,27.398232,29.873043,26.460918,30.330801,28.538836,31.938538
31,22.384235,18.365194,18.097532,13.670442,11.298392,14.220112,7.693934,13.088087,9.401938,12.911535,15.816113,14.4682455,13.275115,8.444519,5.3516784,6.911222,6.2848377,11.543569,12.595501,15.887011,18.243284,20.585932,22.885277,21.034487,20.087322,18.099186,14.569129,10.972461,8.942156,6.114986,5.881888,0.0,7.199348,8.224359,10.369256,14.171476,14.488932,12.574139,9.162403,5.878928,6.8824553,4.640612,6.355579,7.6719775,9.185931,11.298605,13.593811,17.364096,20.379019,21.182121,21.054476,17.961893,21.983448,21.159262,22.33237,19.528856,16.831476,16.00378,20.860308,18.222559,13.869599,14.259031,18.925507,20.330578,22.643034,16.980858,16.531258,22.184814,18.600264,16.53661,19.434362,22.004366,20.094006,17.620558,22.19391,20.152147,24.893705,25.1612,25.312162,30.137922,25.532892,31.167988,30.125877,27.939299,24.511665,20.549328,23.576038,20.818129,19.871191,21.36268,21.014238,18.254593,18.517937,16.379267,14.194387,16.196188,17.702936,21.32302,21.446476,18.153475,21.52859,16.783407,21.537966,20.27846,21.967962,24.31065,24.482933,25.17628,25.906857,25.125364,28.616173,25.495047,29.841354,28.900133,32.31738
32,28.42405,24.47075,23.769447,19.291525,17.305815,18.260529,12.843689,15.086675,9.896922,12.810151,13.273381,9.91336,10.525748,6.0821185,7.763956,10.974266,12.572546,17.711277,19.64838,22.670895,25.204573,27.591167,29.899971,27.687723,26.511625,24.447742,20.634007,17.297503,14.093975,12.690955,6.5037727,7.199348,0.0,5.5062933,5.7245984,9.445116,11.41002,9.435107,8.160198,7.3008785,4.9575067,7.979067,5.6704135,9.724924,13.851373,14.989414,18.761333,22.347351,25.85192,26.64909,25.98765,22.248945,25.294132,23.476141,24.462517,22.355085,18.886469,16.6328,21.090237,16.812038,12.588101,15.129224,18.304592,20.236916,21.059935,14.658584,16.384932,20.922628,16.827509,16.019104,18.804403,22.235592,21.186539,19.531721,24.88378,22.966032,28.13644,28.571695,27.932108,32.35988,27.464443,32.939487,31.950891,30.743927,27.902596,24.293135,28.095442,26.047422,26.037996,27.64472,27.602114,24.78951,24.475504,21.535864,18.268867,19.72815,19.798344,23.812376,24.137936,22.049313,26.294418,22.202398,27.519249,26.939089,28.92081,30.974989,30.84706,31.102251,31.724745,31.26603,34.016403,31.351357,35.418648,34.01657,37.667248
33,26.011963,22.26152,20.689075,16.692636,14.797765,14.144928,10.023189,10.369584,5.494518,9.296006,9.929773,8.55158,10.2987385,8.595292,7.8473415,12.154465,13.319473,18.745676,20.251707,23.466515,25.976723,28.011555,30.47819,29.050707,28.132633,26.267757,22.668839,19.155434,16.654661,14.320825,10.448496,8.224359,5.5062933,0.0,4.5164876,6.2257557,7.9804068,7.8468795,4.9552617,5.136281,7.6107635,10.62594,10.335259,13.954449,16.890911,18.709602,21.638208,25.39808,28.575853,29.222755,28.810022,25.353008,28.966131,27.188967,28.697054,26.478355,22.924202,21.228334,25.539179,21.663149,17.503376,18.928005,21.868582,23.022825,24.146675,18.273172,18.553263,22.77544,17.725018,16.451612,17.84148,21.455997,19.608675,18.972662,23.733519,23.14568,27.772715,29.089481,29.091036,33.67348,29.426662,35.085705,34.78185,33.299988,30.31823,26.553848,30.326036,27.396921,27.35093,28.223299,27.548601,24.292406,24.17938,19.629026,16.843916,17.2888,16.475807,20.360779,19.9977,18.274176,22.943403,19.003841,24.766808,25.100698,27.472132,29.392677,28.871655,28.747648,29.979662,30.04385,33.04123,31.216194,35.44838,34.66114,38.560337
34,27.740913,24.041023,22.977993,18.639984,17.46505,16.653704,13.271642,14.3382015,9.895246,13.605661,13.235591,10.764402,13.455021,11.04657,11.50306,15.440834,16.344238,21.75555,22.634897,26.184904,28.224901,30.667189,32.728065,31.010197,30.3153,28.030033,24.756916,21.099503,18.755543,16.22185,11.967273,10.369256,5.7245984,4.5164876,0.0,4.9629397,5.80312,4.255803,4.612821,6.502196,6.159394,10.852089,10.303121,14.608694,17.549164,19.842642,22.56814,26.872116,29.912346,31.15751,30.858452,27.38173,30.696346,29.110058,30.002836,27.655642,24.4815,22.252932,26.780048,22.32885,18.166077,20.828142,23.839035,25.569086,26.194256,19.893183,21.440023,25.538511,20.75051,19.97145,21.65519,25.411966,23.876451,23.136112,28.094292,27.152306,31.97756,33.00566,32.734,37.2407,32.64803,38.206852,37.48466,36.18215,33.240192,29.516369,33.180164,30.65489,30.206408,31.515423,30.959066,27.870184,27.96383,23.883585,21.18428,21.781168,20.936195,24.791656,24.224005,22.493135,27.12546,22.822903,28.563646,28.632906,30.728132,33.02905,32.69845,32.778835,34.116463,34.00973,37.22291,35.028477,39.306324,38.37093,42.10225
