,0,1,2,3,4,5,6,7,8,9,10,11,12,13,14,15,16,17,18,19,20,21,22,23,24,25,26,27,28,29,30,31,32,33,34,35,36,37,38,39,40,41,42,43,44,45,46,47,48,49,50,51,52,53,54,55,56,57,58,59,60,61,62,63,64,65,66,67,68,69,70,71,72,73,74,75,76,77,78,79,80,81,82,83,84,85,86,87,88,89,90,91,92,93,94,95,96,97,98,99,100,101,102,103,104,105,106,107,108
0,0.0,4.294929,6.2998776,9.512321,11.961371,14.215804,17.283394,21.433805,24.517082,26.872173,31.524433,29.458406,27.530788,26.695145,21.797836,22.024876,17.045195,17.513119,14.556813,14.341767,14.67559,10.365138,14.927581,17.083721,15.670037,18.59743,19.559538,21.554506,18.942856,22.853743,22.360931,26.213396,31.126839,32.850872,36.34167,37.39736,40.768223,40.120262,37.193428,33.64425,34.848965,30.665745,29.009151,27.347933,25.482237,24.152899,20.057955,20.505194,18.859142,17.975351,17.184347,13.891254,14.313109,15.994708,19.144926,22.570065,23.358055,23.368988,28.123955,28.135857,25.221548,30.93835,30.579767,31.717962,34.729298,33.59303,37.08457,35.770134,40.474472,37.503452,33.627968,36.26401,33.903202,37.867294,36.384308,34.900345,37.61551,36.7834,37.68348,39.803368,37.21262,34.29748,31.516993,29.979368,30.27368,28.898006,29.097878,30.10407,29.521992,32.160942,31.01676,32.959385,31.99608,31.209915,30.377373,26.363081,28.415195,25.324007,24.709166,24.128576,22.729708,25.27494,22.851297,22.747522,24.857063,26.241125,27.279856,30.939016,31.456972
1,4.294929,0.0,5.3297873,6.572043,8.698673,12.121201,14.158157,19.157743,21.543701,24.178751,28.567162,26.780807,25.33054,24.208815,19.528786,18.997673,14.216162,13.865076,11.2062025,10.187367,10.761274,6.958192,11.734863,13.273243,12.589174,14.960617,16.052856,17.603252,14.840981,18.62098,18.413973,22.119991,27.434446,29.143436,32.633842,33.873344,37.05026,36.258835,33.259724,29.602776,30.848804,26.470087,24.982267,23.202066,21.585407,20.323006,16.388615,17.218937,15.9687,15.618227,14.99527,12.417303,13.186312,14.787201,17.010021,20.346043,20.410278,20.706612,25.655853,25.303268,22.114933,27.543673,26.972286,27.846493,30.910362,29.474558,32.91626,31.520733,36.228603,33.27541,29.35547,31.985695,29.628296,33.6837,32.2752,30.90681,33.74784,33.01648,34.12299,36.30033,33.958237,30.879406,28.145353,26.405527,26.369719,25.10684,24.945196,25.954966,25.275702,27.97549,26.854351,28.941206,28.070768,27.506186,26.650951,22.695492,24.507599,21.15135,20.791834,20.018198,19.014917,22.022125,19.520458,19.077745,21.668503,22.469927,23.896109,27.337215,28.180449
2,6.2998776,5.3297873,0.0,5.1345057,6.6787686,8.262629,11.485757,15.195508,18.559921,20.67747,25.469208,23.533022,21.539043,21.043324,16.090656,16.753845,12.319432,13.04756,11.7998705,11.836943,13.939527,11.139883,16.38919,17.21005,16.869051,18.462595,18.406006,19.732496,15.285959,19.288692,17.684175,21.939371,25.740467,27.745115,30.976032,31.86816,35.475677,34.9748,32.36315,29.199202,30.031988,26.610266,24.464025,23.861969,21.161415,21.077028,17.179384,18.430191,17.745937,16.40806,14.732651,11.678266,10.854441,11.182384,13.645096,17.263851,18.52715,19.22617,23.771461,24.458822,21.476318,27.368546,26.338573,27.91578,30.16878,29.736345,33.098595,31.988647,36.753147,34.270405,30.633867,33.705803,30.965073,35.668533,33.469707,32.714935,35.15354,33.925285,34.927044,36.64106,34.261364,31.566835,28.001787,26.941296,27.092995,26.696,26.162285,28.273396,27.384481,30.440264,29.138664,31.582018,30.216862,30.55448,30.048742,26.1194,27.93046,23.816067,24.199276,22.296535,21.872147,25.017805,21.583868,20.744217,22.24541,22.661072,23.284906,26.670937,26.650124
3,9.512321,6.572043,5.1345057,0.0,3.786638,6.0990667,8.75586,13.275588,15.473722,18.512966,22.575298,20.360537,18.933151,17.649632,13.016873,12.567812,7.804016,8.253797,6.7935596,7.5337443,10.179927,8.69572,14.058278,14.613012,16.055641,16.853905,17.44035,17.654518,12.416628,15.641094,14.308615,17.634941,22.215904,23.493221,27.19069,28.047277,31.474012,31.098486,28.099957,24.769257,26.280346,22.68955,21.103426,20.83095,18.59585,19.230476,15.901806,17.961552,17.961693,17.527277,16.15934,14.187077,13.683969,13.47318,14.149113,17.631203,17.96952,19.44972,24.101843,24.406767,21.005974,26.280119,24.594122,25.658792,27.675308,26.624142,29.663643,28.032848,33.00337,30.85126,26.970366,29.671526,26.616163,31.177666,28.622637,27.854618,30.122807,28.819077,29.79317,31.524107,29.179733,26.4436,22.936949,21.807636,22.05156,21.694075,21.413559,23.910912,23.339678,26.69947,25.876139,28.673605,27.851763,28.402843,27.59441,23.980125,24.674072,20.238808,20.528479,17.84368,17.442375,20.616451,16.801895,15.788533,17.19162,17.596731,18.301914,21.77278,22.061201
4,11.961371,8.698673,6.6787686,3.786638,0.0,5.3277206,5.4783273,10.947298,12.901269,15.574755,19.880861,18.423405,17.31403,16.393145,11.976402,11.302096,7.887068,7.038818,8.296098,7.4421573,11.068551,10.758496,15.298203,14.625912,15.926552,15.917086,15.550237,15.57832,9.602591,13.17319,11.166789,15.346342,19.23342,21.268438,24.466513,25.54956,28.982851,28.368483,25.72998,22.57818,23.38981,20.088589,17.988953,17.978714,15.211706,16.239119,13.049899,15.401202,15.929419,15.312093,13.676045,12.320753,11.621214,11.029408,10.80935,14.126711,14.246844,15.95067,20.510988,20.922832,17.535082,22.828716,21.013493,22.340502,24.187838,23.596151,26.74422,25.534466,30.361837,28.227179,24.64803,27.834093,24.874601,29.988186,27.495127,27.271383,29.666954,28.384706,29.688911,31.272617,29.356518,26.58824,22.77001,21.691795,21.312904,21.637285,20.246439,23.01122,21.908762,25.240095,24.009186,26.884779,25.576214,26.750637,26.333147,22.75448,23.876265,19.030455,20.250721,17.316729,18.006245,21.796106,17.926165,16.252005,17.947252,16.913198,17.866804,20.73153,20.952215
5,14.215804,12.121201,8.262629,6.0990667,5.3277206,0.0,5.886169,7.623861,10.950059,13.510673,17.831144,15.3563,13.351766,12.826125,7.877969,9.24905,6.1831603,8.283891,9.883629,11.442159,15.04071,14.595653,19.691286,19.496336,21.155476,21.181139,20.719595,20.496101,13.822548,16.659502,13.604863,17.115738,19.370935,20.859802,24.172909,24.52508,28.440422,28.48531,26.016148,23.46003,24.473557,22.329,20.078485,21.491438,18.15194,20.447718,17.64423,20.164406,20.88984,19.78985,17.631208,15.874289,14.029713,12.006376,11.569836,14.96631,16.445362,18.699139,22.565323,23.974997,20.874977,26.176802,23.764297,25.50226,26.304235,26.421314,29.154474,27.842796,32.75721,31.341328,27.922588,31.00987,27.562756,32.765522,29.287872,29.383087,31.06975,29.189302,30.060822,31.126295,28.913696,26.749407,22.256989,22.091597,22.46429,23.34953,22.492922,26.261667,25.46922,29.117067,28.174791,31.32724,30.064014,31.650766,31.211971,27.80146,28.358208,23.279165,24.420086,20.609434,21.045303,24.25636,19.674894,18.14649,18.094347,17.626535,17.192724,20.276295,19.358625
6,17.283394,14.158157,11.485757,8.75586,5.4783273,5.886169,0.0,6.6018796,7.7189617,10.21168,14.5106,13.674193,13.039966,12.532188,8.910361,8.173833,7.749457,6.5148373,10.902028,10.267638,14.438678,15.469623,19.350863,17.722971,19.603954,18.495907,17.250956,16.401756,9.203458,11.824888,8.051904,12.483379,14.37334,16.938879,19.632696,20.611555,24.253445,23.739872,21.574217,19.024261,19.20509,17.11443,14.41008,16.06757,12.379024,15.345141,13.224468,16.215712,17.757465,17.015415,15.007639,14.641949,13.262236,11.305735,8.740915,11.38859,11.536534,14.336495,18.116705,19.14698,15.922523,20.724068,18.002161,19.723663,20.428045,20.719448,23.542294,22.648348,27.366287,25.90799,22.818886,26.372301,23.153778,28.901217,25.779829,26.474054,28.495506,26.887049,28.344023,29.425169,27.95789,25.520699,21.04677,20.553015,19.815853,21.39184,19.003944,22.835747,21.411373,24.92875,23.59869,26.818754,25.182137,27.470787,27.409487,24.24326,25.02966,19.617006,21.82203,17.877874,19.69186,23.685926,19.386496,17.052452,18.001043,15.409363,15.909845,17.926674,17.54085
7,21.433805,19.157743,15.195508,13.275588,10.947298,7.623861,6.6018796,0.0,5.347411,6.2710423,10.95705,9.340153,7.4491444,8.656392,5.663021,8.217917,9.963054,11.119568,15.348538,16.266788,20.362608,21.141104,25.51052,24.196817,26.133347,25.081223,23.554502,22.652409,15.384849,17.213276,12.693879,15.9924555,14.636965,16.870504,19.04698,19.011042,23.293554,23.59157,22.112179,20.728392,20.616007,20.48569,17.501684,20.845324,16.589523,20.72128,19.073551,21.981112,23.657202,22.318819,19.790834,19.098158,16.648703,13.318142,10.420311,12.4369335,14.431336,17.616066,20.072681,22.439777,19.878794,24.431915,21.146936,23.480238,22.675396,24.240482,26.458124,25.773916,30.277033,29.75722,27.172215,30.705183,27.130365,33.010674,28.908417,30.193062,31.398323,29.153008,30.209238,30.531626,28.998447,27.374437,22.142345,22.814768,22.696152,25.092587,22.983213,27.769318,26.527647,30.20696,29.041046,32.439747,30.66783,33.50896,33.577564,30.598639,31.061012,25.50154,27.772676,23.157932,24.881214,28.377806,23.53859,21.305605,20.540903,18.166157,17.067682,18.738434,16.68843
8,24.517082,21.543701,18.559921,15.473722,12.901269,10.950059,7.7189617,5.347411,0.0,4.66204,7.105712,6.3046417,7.0974193,6.935234,6.737894,6.2290697,10.418135,10.199141,15.450696,15.993187,20.010788,21.957092,25.494015,23.583305,26.401257,24.578976,23.227768,21.390823,14.186349,14.538998,10.057314,11.849578,9.651668,11.547517,13.855037,13.934605,18.096413,18.39921,16.778812,15.59041,15.664363,16.106419,13.522061,17.82458,14.062667,19.16575,18.558365,21.890615,24.129162,23.523998,21.449507,21.63726,19.823828,16.955795,13.078584,14.244822,14.55343,18.234951,20.460812,22.168396,19.462063,22.841105,18.869799,20.622047,19.19387,20.40235,22.086847,21.144474,25.626324,25.659115,23.22743,26.546753,22.812912,28.751684,24.356993,26.14625,27.139698,24.86746,26.142534,26.293015,25.28276,23.699839,18.451557,19.212973,18.63273,21.739155,19.048536,24.316286,23.098734,26.827265,25.958004,29.567457,28.120668,31.407148,31.434258,28.971165,28.650766,22.993633,25.625605,20.493797,22.894608,26.44,21.70043,19.063913,18.266094,14.576514,13.619317,14.304382,12.4240055
9,26.872173,24.178751,20.67747,18.512966,15.574755,13.510673,10.21168,6.2710423,4.66204,0.0,5.724065,7.4346166,7.845261,9.724964,9.916791,10.7925005,14.547501,14.352075,19.604942,19.678228,23.81161,25.486792,29.045294,26.848492,28.988768,27.08041,24.92985,23.431328,16.54392,17.268888,12.410709,15.045834,10.4106865,13.765851,14.348139,14.374877,18.633148,18.795397,18.367872,18.024023,16.587244,18.184532,14.784356,19.43552,14.964487,20.229036,19.797392,22.841942,25.21182,24.073847,21.686375,22.066418,19.830675,16.487463,12.167604,12.366645,13.5308895,17.194885,18.355043,20.921469,18.873205,22.161158,18.224297,20.74854,18.594666,21.24397,22.930407,22.902742,26.8153,26.978188,25.23363,29.040262,25.647032,31.893642,27.732128,29.935637,30.955711,28.728928,30.127129,30.033068,29.32356,27.922537,22.638712,23.54875,22.667141,26.033047,22.743824,27.85393,26.196625,29.651377,28.300158,31.733116,29.643373,33.392113,33.861607,31.375051,31.758718,26.108477,29.221954,24.389782,27.133875,30.889807,26.257528,23.548063,22.912647,18.937916,18.022985,18.13887,15.896095
10,31.524433,28.567162,25.469208,22.575298,19.880861,17.831144,14.5106,10.95705,7.105712,5.724065,0.0,5.502584,8.432906,9.539923,12.2871685,12.137365,17.132368,16.808601,22.150488,22.548002,26.436031,28.813171,31.922834,29.555302,32.49128,30.134064,28.322645,26.092592,19.510778,18.854258,14.570313,14.959266,8.3269,10.23672,10.115972,9.223401,13.657837,14.554449,14.55366,15.378979,14.18295,17.394455,14.855615,20.534481,16.91222,22.821783,23.259983,26.53368,29.221413,28.59618,26.512344,27.254597,25.293344,22.11804,17.649466,17.486488,17.70971,21.505602,22.207123,24.347635,22.391539,24.39016,19.868704,21.734077,18.455542,20.950224,21.58758,21.269608,24.859398,26.114405,24.757402,28.039007,24.442245,30.425966,25.629095,28.453411,28.786554,26.302734,27.6096,26.940062,26.747658,25.893377,20.619648,22.123144,21.227154,25.32948,21.995092,27.65169,26.278784,29.736279,28.891846,32.496758,30.870327,34.995968,35.35291,33.432106,32.85209,27.279354,30.453484,25.110167,28.120821,31.515675,26.93007,24.130688,22.799036,18.275612,16.858303,15.751267,12.993724
11,29.458406,26.780807,23.533022,20.360537,18.423405,15.3563,13.674193,9.340153,6.3046417,7.4346166,5.502584,0.0,4.0563116,4.3179502,8.256775,8.940058,13.91926,14.90797,19.49679,21.121176,24.87077,26.90383,30.56568,28.969421,32.27968,30.445734,29.365286,27.243338,20.158922,19.757122,15.692132,15.643251,11.681253,11.313165,13.435371,11.874905,16.35548,17.944908,16.695335,16.805836,17.493698,19.519106,17.653622,22.792196,19.45347,24.975044,24.729856,28.11129,30.415466,29.807339,27.656275,27.684881,25.585243,22.35672,18.631422,19.508669,20.272947,24.022966,25.575336,27.661907,25.245075,28.038063,23.69107,25.29507,22.791874,24.25476,25.019037,23.784702,27.973816,29.07632,26.957943,29.696102,25.636023,31.137383,25.76588,27.96775,27.929077,25.056433,25.778137,25.07131,24.099188,23.521137,17.925467,19.911547,20.110407,23.788242,21.836212,27.756973,27.039312,30.863762,30.519442,34.28039,33.196785,36.69895,36.582005,34.449062,33.32611,27.752604,30.122614,24.455706,26.56967,29.401194,24.427568,22.038698,19.647926,16.502876,13.991649,14.000441,10.363613
12,27.530788,25.33054,21.539043,18.933151,17.31403,13.351766,13.039966,7.4491444,7.0974193,7.845261,8.432906,4.0563116,0.0,3.995411,6.243575,9.164491,13.025989,15.028532,19.052158,21.133413,24.953375,26.28702,30.540924,29.39517,32.285564,30.94662,29.850664,28.23812,20.916267,21.36014,17.084036,18.047825,14.9314165,15.086272,17.32879,15.897861,20.398155,21.88911,20.591475,20.3258,20.981262,22.410822,20.211336,24.846155,21.118137,26.20367,25.312302,28.516308,30.485779,29.474068,27.066082,26.533352,24.078175,20.620356,17.52757,18.85897,20.5494,24.086294,25.820122,28.314192,25.913818,29.4877,25.477606,27.44977,25.383251,27.007196,28.201279,27.05142,31.398869,32.081493,29.737516,32.63075,28.583044,34.08583,28.846384,30.624548,30.736084,27.84955,28.366438,27.824337,26.346235,25.729717,20.095053,22.011894,22.62682,25.778637,24.311636,30.016947,29.327982,33.21886,32.722805,36.417385,35.17153,38.37191,38.225643,35.7322,35.013897,29.42182,31.51091,26.04649,27.657757,30.416975,25.263975,23.153828,20.631794,18.495008,15.827953,16.822985,13.215303
13,26.695145,24.208815,21.043324,17.649632,16.393145,12.826125,12.532188,8.656392,6.935234,9.724964,9.539923,4.3179502,3.995411,0.0,5.0463567,6.3469973,10.693803,12.726528,16.471865,18.958555,22.50568,24.196657,28.214222,27.231274,30.709307,29.327236,28.82425,26.871304,19.650198,19.572966,15.881538,15.806111,14.193497,13.077354,16.438818,15.072037,19.319454,20.895432,18.789543,18.051352,19.795855,20.606369,19.135036,23.545717,20.479973,25.454453,24.66148,28.029861,29.979666,29.446917,27.348671,26.879284,24.844694,21.816202,18.79563,20.442303,21.354437,24.939514,27.21285,29.076113,26.306831,29.672968,25.58498,26.979177,25.258585,25.935228,26.979752,25.20124,29.814684,30.525925,27.81509,30.233437,25.988605,31.119171,25.674397,27.200466,27.161362,24.209888,24.591305,24.163681,22.50025,21.834555,16.212448,18.180244,19.125717,22.148907,21.240196,27.041544,26.744564,30.752176,30.682568,34.465794,33.741154,36.6646,36.20632,33.87448,32.503742,27.027502,28.745573,23.07015,24.424648,26.890574,21.713467,19.695492,16.79385,14.96012,11.970029,13.321174,9.817603
14,21.797836,19.528786,16.090656,13.016873,11.976402,7.877969,8.910361,5.663021,6.737894,9.916791,12.2871685,8.256775,6.243575,5.0463567,0.0,4.9453917,6.978083,9.83552,13.095696,15.6578665,19.327652,20.294895,24.820736,24.190845,27.116236,26.252436,25.78628,24.423946,17.11937,18.128128,14.418532,15.832073,15.875796,15.9483385,19.427166,18.802155,23.002958,23.948112,21.626522,20.036972,21.550875,21.12082,19.251549,22.648905,19.32215,23.481764,21.915407,25.058395,26.594198,25.819479,23.635313,22.676556,20.599716,17.73774,15.472763,17.818665,19.130657,22.364746,25.241096,27.067501,24.13336,28.351154,24.806158,26.412914,25.637705,26.140423,27.904043,26.261782,31.1136,30.977596,27.906221,30.621815,26.581184,31.813051,27.026821,27.937998,28.571678,25.976648,26.502989,26.70881,24.670673,23.377588,18.064194,19.198662,20.06619,22.235584,21.466034,26.642551,26.19407,30.173168,29.79159,33.406094,32.479847,34.91843,34.4391,31.661245,30.95227,25.51697,26.98825,21.833132,22.769258,25.498056,20.326849,18.48755,16.42037,15.320348,13.183652,15.632803,13.244954
15,22.024876,18.997673,16.753845,12.567812,11.302096,9.24905,8.173833,8.217917,6.2290697,10.7925005,12.137365,8.940058,9.164491,6.3469973,4.9453917,0.0,5.436345,6.4361534,10.578919,12.67896,16.214682,18.205957,21.942753,20.905195,24.577597,23.229122,23.187838,21.190199,14.120401,14.176645,11.150627,11.333902,13.087563,12.491036,16.694515,16.576622,20.302982,20.93846,17.974344,15.775677,18.026798,16.888908,15.733255,18.939093,16.42211,20.618965,19.557487,22.948042,24.7252,24.670507,22.98353,22.630001,21.27308,19.047192,16.302504,18.439949,18.36484,21.700909,24.901575,25.869776,22.628162,26.191656,22.500416,23.40147,22.91826,22.4612,24.071331,21.956192,26.974854,26.817564,23.506855,25.905262,21.784698,26.888187,22.166704,23.036476,23.841845,21.43259,22.245806,22.760242,20.980274,19.241623,14.107579,14.744589,15.229069,17.50085,16.530262,21.801928,21.492039,25.52986,25.450583,29.15901,28.666805,31.060993,30.399199,27.927876,26.598614,21.17853,22.674269,17.232504,18.52227,21.423548,16.360294,14.148812,12.554392,10.486118,8.966594,11.411188,10.131419
16,17.045195,14.216162,12.319432,7.804016,7.887068,6.1831603,7.749457,9.963054,10.418135,14.547501,17.132368,13.91926,13.025989,10.693803,6.978083,5.436345,0.0,4.64667,6.1244297,9.398979,12.645958,13.631354,18.105097,18.002329,21.34506,20.869795,21.461655,20.144451,13.505507,14.720584,12.5831175,13.813444,17.560495,17.352915,21.666264,21.86365,25.409422,25.746052,22.501785,19.625364,22.053516,19.57792,18.52159,20.19639,17.967915,20.7634,18.745564,21.764774,22.841013,22.768824,21.223558,20.154716,19.066149,17.479568,16.087107,19.014688,19.16616,21.87945,25.832872,26.513725,23.057362,27.385942,24.420113,25.2573,25.889584,24.88206,27.047031,24.820885,29.992323,29.031431,25.235523,27.502575,23.638474,28.284828,24.266323,24.13941,25.437994,23.400944,24.056568,25.184622,22.820934,20.647991,16.286303,16.113216,16.998714,17.785255,17.838226,22.068356,21.986568,25.927563,25.825632,29.271969,28.934668,30.424114,29.48106,26.573807,25.594076,20.533407,21.160847,16.492218,16.601377,19.344103,14.359898,12.827333,11.984882,12.076593,11.386381,14.984529,14.591334
17,17.513119,13.865076,13.04756,8.253797,7.038818,8.283891,6.5148373,11.119568,10.199141,14.352075,16.808601,14.90797,15.028532,12.726528,9.83552,6.4361534,4.64667,0.0,5.707455,6.2704263,10.016393,12.242106,15.674563,14.554224,18.210672,17.055986,17.571724,15.799512,9.238315,10.112863,8.583887,9.957778,15.111092,15.5185585,19.615086,20.533552,23.64006,23.349716,20.026638,16.664965,18.838669,15.547205,14.639059,15.69615,13.938855,16.4967,14.844644,18.046629,19.433767,19.899137,18.763336,18.480555,18.0408,16.996126,15.023026,17.553617,16.512363,19.173058,23.302954,23.282045,19.660635,23.52484,20.650444,21.078909,22.189354,20.647833,23.0064,20.841236,25.993847,24.665487,20.801517,23.26197,19.635258,24.555088,21.16811,21.143578,23.06892,21.517914,22.780388,24.260582,22.487951,19.750553,15.82975,14.797999,14.528633,15.373072,14.254628,18.154734,17.666937,21.53282,21.231985,24.675941,24.306208,25.912537,25.067762,22.262707,21.388102,16.13886,17.320688,12.697558,13.804286,17.435549,12.926272,10.650953,11.740789,9.941853,10.974424,13.82347,14.577102
18,14.556813,11.2062025,11.7998705,6.7935596,8.296098,9.883629,10.902028,15.348538,15.450696,19.604942,22.150488,19.49679,19.052158,16.471865,13.095696,10.578919,6.1244297,5.707455,0.0,5.2237744,7.0404177,8.190362,12.323009,12.97822,16.824339,16.829144,18.695824,17.490173,12.49451,13.701569,13.608574,14.432297,20.63344,20.30329,24.833956,25.604494,28.523415,28.369432,24.623442,20.933142,23.86777,19.839655,19.6088,19.502985,18.568886,19.770788,17.50523,20.139648,20.67213,21.395895,20.642208,19.625532,19.623468,19.315817,18.683216,21.700361,20.893501,22.955309,27.537321,27.19543,23.490206,27.6184,25.322338,25.416271,27.23273,24.968914,27.377995,24.768251,29.955475,28.258814,23.958612,25.672155,22.223373,26.043701,23.070906,21.881012,23.862253,22.550526,23.34377,25.292795,22.839882,19.943117,16.997005,15.496409,16.184853,15.307851,16.22185,18.967594,19.286064,22.959614,23.154303,26.272749,26.569862,27.00099,25.574327,22.615303,21.350805,16.980047,16.501036,12.82579,11.75053,14.487552,10.171786,9.271468,10.624841,11.950695,12.968394,16.777626,17.935835
19,14.341767,10.187367,11.836943,7.5337443,7.4421573,11.442159,10.267638,16.266788,15.993187,19.678228,22.548002,21.121176,21.133413,18.958555,15.6578665,12.67896,9.398979,6.2704263,5.2237744,0.0,4.1882806,6.7602477,9.52058,8.625916,12.3432665,11.790736,13.5344305,12.330991,8.1584635,9.927642,10.852677,12.670306,19.539486,20.3381,24.22064,25.693665,28.280375,27.414427,23.927269,19.953419,22.045069,17.232998,16.815191,15.439816,14.929544,15.053392,12.72556,15.234204,15.820581,17.032976,16.764368,16.459736,17.221605,17.645575,16.853546,19.50258,17.748884,19.370764,24.159027,23.117683,19.355707,23.273401,21.496563,21.355007,23.969425,21.413416,24.28028,22.122078,27.082365,24.680752,20.43149,22.625141,19.785852,23.96852,22.131123,21.071838,23.90993,23.23429,24.708118,26.935923,25.157965,21.808083,19.248352,17.07263,16.386644,15.528148,14.785254,16.500135,16.019268,19.345932,18.919212,21.811075,21.757652,22.111076,20.928991,17.736794,17.399378,12.901617,13.162386,10.462968,10.704104,14.773574,11.641734,10.0174675,13.5907755,12.839269,15.257361,18.125013,19.930182
20,14.67559,10.761274,13.939527,10.179927,11.068551,15.04071,14.438678,20.362608,20.010788,23.81161,26.436031,24.87077,24.953375,22.50568,19.327652,16.214682,12.645958,10.016393,7.0404177,4.1882806,0.0,4.77296,5.7728915,6.1551332,10.737455,10.832124,14.053917,12.992708,11.0758,12.220238,14.337838,15.26644,22.928013,23.237988,27.306643,28.862867,31.09549,30.15198,26.373474,22.134365,24.71457,19.31614,19.627363,17.344864,17.864109,16.995775,14.792318,16.738104,16.789156,18.60558,18.944956,18.602919,19.933332,20.946232,20.628996,23.258747,21.235155,22.459475,27.368986,25.803179,22.067667,25.59966,24.247269,23.56611,26.7034,23.368305,26.13667,23.64221,28.461916,25.75915,21.267023,22.731775,20.263062,23.439419,22.331068,20.4343,23.53614,23.331453,24.713202,27.361929,25.478853,21.89522,20.34591,17.628002,17.089325,15.010573,15.305066,15.645866,15.748367,18.674925,18.720505,21.223791,21.910673,21.231588,19.504042,16.431507,15.529752,12.11484,10.853964,9.631572,8.355855,12.064984,10.17051,9.466842,13.965958,14.333286,17.14956,20.11908,22.48983
21,10.365138,6.958192,11.139883,8.69572,10.758496,14.595653,15.469623,21.141104,21.957092,25.486792,28.813171,26.90383,26.28702,24.196657,20.294895,18.205957,13.631354,12.242106,8.190362,6.7602477,4.77296,0.0,5.7799177,8.373603,10.48403,12.30248,15.300247,15.538241,13.686175,16.006279,17.338633,19.291185,26.280056,26.932386,30.962765,32.34332,34.94465,34.119877,30.5053,26.410917,28.689095,23.543322,23.274107,20.994097,20.821743,19.51418,16.459074,17.798689,17.037874,18.235804,18.423697,17.145712,18.469072,19.865246,20.684637,23.70915,22.477592,23.260653,28.33016,27.107794,23.526648,27.84738,26.91855,26.74872,30.02551,27.243443,30.28312,28.095442,32.885662,29.999485,25.633913,27.336432,24.985296,28.145454,27.046633,25.041502,27.99826,27.646252,28.74856,31.31973,29.052843,25.673439,23.909597,21.530247,21.492546,19.34037,20.022535,20.316982,20.338774,23.031473,22.749903,24.917,25.203167,24.108467,22.518341,19.037785,19.211735,16.321108,14.838682,14.37978,12.484713,15.251886,13.465826,13.443248,16.995348,18.311064,20.458117,23.875994,25.690174
22,14.927581,11.734863,16.38919,14.058278,15.298203,19.691286,19.350863,25.51052,25.494015,29.045294,31.922834,30.56568,30.540924,28.214222,24.820736,21.942753,18.105097,15.674563,12.323009,9.52058,5.7728915,5.7799177,0.0,4.8332214,7.8027368,9.524642,13.97789,13.9403105,14.766521,16.163202,18.966562,20.13772,27.990904,28.564482,32.410686,34.212883,36.189445,34.94641,31.212984,26.842474,29.192835,23.318777,23.797007,20.300032,21.48305,19.056719,16.683775,17.528084,16.625652,18.936865,20.054588,19.670889,21.802895,23.74414,24.214975,26.760605,24.531096,24.961355,29.987764,27.81674,24.297676,27.627712,27.19023,26.20619,30.165804,26.420753,29.377525,27.078154,31.46987,28.1089,23.697462,24.79692,23.210394,25.461067,25.680336,23.151773,26.678383,27.10764,28.524994,31.52173,29.702885,25.965176,25.267761,22.189842,21.49406,18.600943,19.150341,17.665426,17.813326,19.724064,19.67443,21.244724,22.239902,20.114162,18.066713,14.893336,14.781268,13.345355,10.853289,12.683537,10.6507435,13.408503,13.632239,13.784741,18.682598,19.49843,22.578869,25.423347,28.09016
23,17.083721,13.273243,17.21005,14.613012,14.625912,19.496336,17.722971,24.196817,23.583305,26.848492,29.555302,28.969421,29.39517,27.231274,24.190845,20.905195,18.002329,14.554224,12.97822,8.625916,6.1551332,8.373603,4.8332214,0.0,6.04939,5.470834,9.989103,9.27154,11.229972,12.299247,15.682884,17.009626,24.782997,25.918242,29.249836,31.410616,33.138138,31.513195,28.06021,23.717073,25.459995,19.41776,19.84278,15.787676,17.40062,14.573715,12.724179,13.701646,13.37875,16.220884,17.587196,18.145475,20.46764,22.367764,22.118406,24.166725,21.220507,21.628624,26.483658,23.900063,20.391897,23.161036,22.80715,21.572506,25.763548,21.8915,24.983976,23.027166,27.210571,23.59771,19.34049,20.910208,19.646467,22.496424,23.156603,21.206116,25.108393,25.720129,27.640526,30.54991,29.308893,25.445522,24.527134,21.342587,19.727362,17.527264,16.48922,14.771109,14.074511,15.839038,15.220673,16.870695,17.516047,15.858953,14.145696,10.760138,11.344692,9.226104,8.20235,10.294715,10.330334,14.37615,14.371428,13.477418,18.938473,18.05914,21.675964,23.814734,26.686764
24,15.670037,12.589174,16.869051,16.055641,15.926552,21.155476,19.603954,26.133347,26.401257,28.988768,32.49128,32.27968,32.285564,30.709307,27.116236,24.577597,21.34506,18.210672,16.824339,12.3432665,10.737455,10.48403,7.8027368,6.04939,0.0,4.367173,7.867966,9.86098,13.279001,15.760664,18.442312,21.270618,28.090649,30.235525,33.019276,35.33984,37.274002,35.384865,32.433678,28.294476,29.032543,23.237398,22.77045,18.18783,19.133614,14.9194145,12.200364,11.588625,9.832611,12.61456,14.614865,15.075969,18.13483,20.980946,21.723526,23.635149,20.952932,20.301064,25.164938,22.389112,19.330872,22.615421,23.399895,22.698015,27.457554,24.358662,27.955248,26.883953,30.640297,26.473383,22.78667,25.030588,24.369009,27.490593,28.661833,26.955257,30.988218,31.637053,33.630096,36.469864,35.223713,31.402838,30.155912,27.152246,25.446949,23.533289,21.971601,20.081793,18.720253,19.773947,18.123384,18.891748,18.379887,16.1676,15.265651,11.222854,14.862819,13.614835,13.394688,16.120028,16.33385,20.10443,20.117035,19.291487,24.45977,23.475245,26.867985,29.032938,31.513687
25,18.59743,14.960617,18.462595,16.853905,15.917086,21.181139,18.495907,25.081223,24.578976,27.08041,30.134064,30.445734,30.94662,29.327236,26.252436,23.229122,20.869795,17.055986,16.829144,11.790736,10.832124,12.30248,9.524642,5.470834,4.367173,0.0,5.1126995,5.783059,10.657525,12.401782,15.660891,18.163929,24.953806,27.254965,29.7017,32.25525,33.87799,31.752363,28.945671,24.858957,25.304735,19.41171,19.122416,14.128299,15.697788,11.269959,9.445753,9.2958145,8.737759,12.221494,14.281968,15.757177,18.64857,21.06702,20.819078,22.26386,18.818344,18.43685,23.08206,19.901173,16.738413,19.221157,19.834223,18.704153,23.573404,20.155203,23.723768,22.786282,26.37183,22.128153,18.53973,21.01454,20.567873,24.005327,25.417208,24.132935,28.308275,29.08717,31.385704,34.143894,33.340687,29.482685,28.23632,25.168524,22.876345,21.437273,18.909147,16.916395,15.018951,15.950893,13.945139,14.892961,14.21658,12.622813,11.97419,7.8462877,11.796258,10.0042515,11.068699,13.642439,15.115418,19.447268,19.37458,17.97432,23.3875,21.330048,25.066849,26.640379,29.350466
26,19.559538,16.052856,18.406006,17.44035,15.550237,20.719595,17.250956,23.554502,23.227768,24.92985,28.322645,29.365286,29.850664,28.82425,25.78628,23.187838,21.461655,17.571724,18.695824,13.5344305,14.053917,15.300247,13.97789,9.989103,7.867966,5.1126995,0.0,4.3268976,9.363815,11.948703,14.204748,17.983313,23.297255,26.67562,28.32892,31.04638,32.80416,30.432224,28.308151,24.65415,23.87529,18.660324,17.303663,12.384856,12.949432,7.687048,5.4780536,4.2653193,4.372231,8.066065,10.299634,12.789798,15.723991,18.171513,17.6499,18.496191,14.779953,13.848485,18.293911,14.933268,11.974574,14.770402,15.956435,15.490028,20.485544,18.183277,22.152994,22.20733,25.459007,21.12962,18.277378,21.823689,21.504745,25.901031,27.08372,26.633186,30.703964,31.241056,33.72847,36.150513,35.59008,31.891836,29.963762,27.274326,24.659458,24.178825,20.561316,19.4175,16.71824,17.616554,14.602327,15.54335,13.1461525,13.098217,13.784919,9.844582,14.991313,12.393044,15.012592,16.476376,18.894682,23.5771,22.762585,20.850668,25.818731,22.817665,26.317854,27.493093,29.736784
27,21.554506,17.603252,19.732496,17.654518,15.57832,20.496101,16.401756,22.652409,21.390823,23.431328,26.092592,27.243338,28.23812,26.871304,24.423946,21.190199,20.144451,15.799512,17.490173,12.330991,12.992708,15.538241,13.9403105,9.27154,9.86098,5.783059,4.3268976,0.0,7.3727927,8.395649,11.6510935,14.405387,20.270565,23.242716,24.967186,27.785698,29.223688,26.805002,24.482084,20.719059,20.238144,14.666478,13.931186,8.642802,10.387938,5.7418413,5.565423,6.6403694,8.360221,11.614802,13.211575,15.758513,18.117275,19.810646,18.303066,19.015423,14.756811,14.791513,18.986563,15.5968895,12.323491,14.0248165,14.221231,12.945151,17.807894,14.624152,18.400154,18.06114,21.485607,17.30122,14.119838,17.625565,17.1827,21.735176,22.864687,22.62761,26.695442,27.306736,29.938057,32.3275,32.049095,28.348103,26.601723,23.826517,20.871933,20.645544,16.538155,15.46128,12.552243,13.689966,10.782979,12.431617,10.539717,11.386622,11.791255,8.395947,12.081058,8.634664,12.162254,13.040641,16.254526,21.104616,20.277458,18.052576,23.109888,19.495083,23.277142,24.028273,26.607962
28,18.942856,14.840981,15.285959,12.416628,9.602591,13.822548,9.203458,15.384849,14.186349,16.54392,19.510778,20.158922,20.916267,19.650198,17.11937,14.120401,13.505507,9.238315,12.49451,8.1584635,11.0758,13.686175,14.766521,11.229972,13.279001,10.657525,9.363815,7.3727927,0.0,4.7471485,5.2360945,9.719218,14.9889345,17.964144,20.225271,22.50538,24.811483,23.072777,20.620598,17.07458,16.940607,12.375832,10.532,8.594045,7.155027,7.399028,5.920439,9.366702,11.510156,12.7470455,12.488456,14.061809,14.980544,15.29458,12.957854,14.2891445,10.929361,12.616938,17.055874,15.516679,11.727466,15.191781,13.395742,13.543059,16.453983,14.677304,18.174051,17.38807,21.808046,19.01381,15.616978,19.37426,17.22528,22.799738,21.67829,22.013168,25.243092,24.82941,27.091925,28.964327,28.261906,24.962015,21.985607,19.995422,17.686785,18.46535,14.622078,16.380754,14.087566,16.919285,14.978669,17.87951,16.24417,18.267622,18.326683,15.246911,16.685595,11.475786,14.652417,12.308215,15.42329,20.295704,17.657516,15.007979,18.7214,14.906931,17.81072,18.939821,20.646852
29,22.853743,18.62098,19.288692,15.641094,13.17319,16.659502,11.824888,17.213276,14.538998,17.268888,18.854258,19.757122,21.36014,19.572966,18.128128,14.176645,14.720584,10.112863,13.701569,9.927642,12.220238,16.006279,16.163202,12.299247,15.760664,12.401782,11.948703,8.395649,4.7471485,0.0,4.9429026,6.0527663,12.799311,14.977936,17.34753,19.873056,21.548697,19.65448,16.829967,12.977775,13.440889,8.066667,7.634567,5.8294177,6.644302,8.311636,9.145019,12.48877,14.992299,16.834972,16.881296,18.758791,19.633043,19.63005,16.65736,17.521378,13.684455,15.808581,19.546999,17.655638,14.069714,15.724086,13.161263,12.113637,14.596947,11.490784,14.4626,12.968214,17.644182,15.212735,11.476393,14.98113,12.543323,18.330116,17.127878,17.831858,21.070328,20.837383,23.376251,25.249683,25.04368,21.695595,19.133432,16.924952,13.928654,15.17646,10.375956,12.501074,10.0883875,13.276937,11.8913965,15.357505,14.519335,17.09981,16.914066,14.7507105,14.5316305,8.935485,12.762793,9.519052,13.732746,18.562399,16.187904,13.169752,17.016792,12.103375,15.62239,15.906811,18.33661
30,22.360931,18.413973,17.684175,14.308615,11.166789,13.604863,8.051904,12.693879,10.057314,12.410709,14.570313,15.692132,17.084036,15.881538,14.418532,11.150627,12.5831175,8.583887,13.608574,10.852677,14.337838,17.338633,18.966562,15.682884,18.442312,15.660891,14.204748,11.6510935,5.2360945,4.9429026,0.0,6.1927104,9.826092,13.101966,15.164254,17.340284,19.856176,18.337767,16.093388,13.045612,12.610976,9.411565,6.8272347,8.337388,5.4944506,9.716474,9.839728,13.435085,16.079683,16.775885,15.880543,17.431047,17.388248,16.468105,12.815934,13.625499,10.527666,13.495879,16.928417,16.284615,12.816595,15.504308,12.192112,12.686609,13.748496,12.833917,15.70437,14.885369,19.500074,17.85682,14.892246,18.785942,15.941506,22.138935,19.823887,21.118242,23.672695,22.72555,24.972616,26.28175,25.870928,23.004948,19.336939,18.05328,15.663443,17.79997,13.368844,16.864193,14.683746,17.961107,16.421848,19.826256,18.249994,21.364132,21.539783,19.12042,19.455456,13.855284,17.38376,13.474769,17.112024,21.712101,18.346455,15.286694,17.726639,12.750913,15.0283785,15.378376,16.567696
31,26.213396,22.119991,21.939371,17.634941,15.346342,17.115738,12.483379,15.9924555,11.849578,15.045834,14.959266,15.643251,18.047825,15.806111,15.832073,11.333902,13.813444,9.957778,14.432297,12.670306,15.26644,19.291185,20.13772,17.009626,21.270618,18.163929,17.983313,14.405387,9.719218,6.0527663,6.1927104,0.0,8.66789,9.137632,12.339646,14.49483,16.190363,14.908971,11.481829,7.6141386,9.65729,5.849938,6.635185,9.2134695,9.326787,13.490464,14.682276,18.184721,20.816319,22.223291,21.732449,23.26025,23.361683,22.390343,18.726753,19.485867,16.364613,19.37675,22.365902,21.357504,18.065502,19.177895,15.400323,14.477182,14.708433,12.05217,13.518293,11.015692,16.180992,15.605045,12.209544,14.89337,11.1384115,17.16604,13.902577,15.628151,17.774576,16.754908,19.169685,20.435547,20.483181,17.63096,14.410284,12.973151,9.978263,12.981355,8.050038,12.905697,11.497369,15.249417,15.052098,18.90097,18.710634,21.826782,21.420425,19.95709,18.105125,12.664877,15.84448,10.722349,14.809029,18.867567,15.665142,12.382304,14.417102,8.180967,11.110846,10.346371,12.750643
32,31.126839,27.434446,25.740467,22.215904,19.23342,19.370935,14.37334,14.636965,9.651668,10.4106865,8.3269,11.681253,14.9314165,14.193497,15.875796,13.087563,17.560495,15.111092,20.63344,19.539486,22.928013,26.280056,27.990904,24.782997,28.090649,24.953806,23.297255,20.270565,14.9889345,12.799311,9.826092,8.66789,0.0,6.2033625,5.6623597,7.977844,10.6334915,9.507984,8.71545,8.539244,6.262209,9.306312,7.1949115,13.267782,10.952188,16.97537,18.60442,21.967518,25.040478,25.424381,24.170006,25.886738,25.02502,22.93411,18.222649,17.774443,15.532322,19.151257,20.32518,20.748835,18.454126,18.978886,14.203896,14.79526,11.8050165,12.9373865,13.445885,13.030418,16.774372,17.821352,16.541206,19.95296,16.709461,22.98508,19.103994,22.229055,23.309435,21.638182,23.79495,23.796366,24.392813,22.685467,18.43344,18.68022,16.26166,20.45763,15.632228,20.730629,18.907846,22.018698,21.134382,24.702972,23.317373,27.692337,28.111853,26.751736,25.86906,20.552116,24.304089,19.37827,23.366356,27.18848,23.488798,20.301586,20.644125,14.539118,15.169634,13.040846,12.883991
33,32.850872,29.143436,27.745115,23.493221,21.268438,20.859802,16.938879,16.870504,11.547517,13.765851,10.23672,11.313165,15.086272,13.077354,15.9483385,12.491036,17.352915,15.5185585,20.30329,20.3381,23.237988,26.932386,28.564482,25.918242,30.235525,27.254965,26.67562,23.242716,17.964144,14.977936,13.101966,9.137632,6.2033625,0.0,5.462851,5.968376,8.229623,8.864137,5.747862,5.8499236,8.237151,10.774572,11.227281,16.583752,15.6062155,21.165167,22.633192,26.164902,29.022066,29.794062,28.687042,29.999746,29.186111,27.096928,22.7642,22.992928,21.017231,24.651405,26.31431,26.530025,23.914959,24.429468,19.761927,19.506538,16.87145,16.29516,15.773825,13.584774,17.641,19.613298,17.77822,19.6899,15.679893,20.9758,15.681318,18.928818,18.954102,16.686483,18.452919,17.994532,18.703863,17.519356,13.251464,14.211274,12.422511,17.168749,13.58095,19.521345,18.821012,22.260517,22.563364,26.357256,26.14205,29.995779,29.764444,28.773066,26.359346,21.297697,24.169615,18.525196,21.933393,24.875109,21.083305,18.15002,17.236023,11.374752,11.110339,7.825172,7.7816534
34,36.34167,32.633842,30.976032,27.19069,24.466513,24.172909,19.632696,19.04698,13.855037,14.348139,10.115972,13.435371,17.32879,16.438818,19.427166,16.694515,21.666264,19.615086,24.833956,24.22064,27.306643,30.962765,32.410686,29.249836,33.019276,29.7017,28.32892,24.967186,20.225271,17.34753,15.164254,12.339646,5.6623597,5.462851,0.0,3.6029317,5.0029206,4.6269283,5.246751,8.041617,6.269546,11.726965,11.318558,17.24762,15.958811,21.784668,23.873049,27.185247,30.339325,30.91787,29.761742,31.547462,30.647903,28.420858,23.657822,23.023714,20.895788,24.44354,25.061327,25.46433,23.49784,23.03518,18.211432,18.225914,14.221137,15.179122,14.046111,13.359428,16.132444,18.771503,18.25179,20.731472,17.515074,23.06368,18.577673,22.454336,22.613918,20.73666,22.757385,22.031696,23.374449,22.383915,18.490252,19.371103,17.058857,21.83382,17.309704,22.6187,21.24003,24.09767,23.818203,27.336145,26.462063,31.04387,31.370733,30.613525,28.870253,23.95128,27.53267,22.402729,26.366276,29.63161,26.11956,23.05605,22.62875,16.527962,16.568207,13.154987,12.73872
35,37.39736,33.873344,31.86816,28.047277,25.54956,24.52508,20.611555,19.011042,13.934605,14.374877,9.223401,11.874905,15.897861,15.072037,18.802155,16.576622,21.86365,20.533552,25.604494,25.693665,28.862867,32.34332,34.212883,31.410616,35.33984,32.25525,31.04638,27.785698,22.50538,19.873056,17.340284,14.49483,7.977844,5.968376,3.6029317,0.0,4.5504246,6.6875906,7.136451,10.211428,9.811033,14.84686,14.467485,20.437359,18.8462,24.785547,26.518742,29.916777,32.964993,33.339348,31.958426,33.404022,32.195927,29.64715,24.972055,24.543903,23.065405,26.75632,27.357683,28.219046,26.233583,26.230015,21.379833,21.6702,17.621702,18.745853,17.583328,16.586092,19.373405,22.226845,21.525295,23.663567,20.159098,25.339811,20.192486,23.977497,23.534256,21.183586,22.731657,21.514187,22.671219,22.25107,18.01252,19.610249,18.039642,22.911066,19.209635,24.912266,23.926092,26.997787,26.978285,30.587418,29.871418,34.3001,34.464466,33.597576,31.598347,26.599705,29.831757,24.357811,27.893778,30.803701,26.967115,24.082901,22.753225,17.243477,16.318985,12.921993,11.400689
36,40.768223,37.05026,35.475677,31.474012,28.982851,28.440422,24.253445,23.293554,18.096413,18.633148,13.657837,16.35548,20.398155,19.319454,23.002958,20.302982,25.409422,23.64006,28.523415,28.280375,31.09549,34.94465,36.189445,33.138138,37.274002,33.87799,32.80416,29.223688,24.811483,21.548697,19.856176,16.190363,10.6334915,8.229623,5.0029206,4.5504246,0.0,3.8993928,5.6871605,10.038422,9.593283,15.124368,15.710395,21.291817,20.645697,26.274214,28.574476,31.872217,35.041378,35.789726,34.717514,36.506573,35.608944,33.325665,28.579565,27.937273,25.862177,29.372646,29.785498,30.119854,28.279713,27.302576,22.553791,22.15688,17.901165,18.443956,16.312078,15.272557,17.1167,20.821932,20.74573,22.281029,19.19046,23.767414,18.906837,23.16826,22.465538,20.466993,22.229002,20.846067,22.82542,22.534468,19.205767,20.553299,18.51982,23.462097,19.501854,24.751728,23.836782,26.461166,26.721899,30.147015,29.766506,34.33398,34.514656,34.198715,31.751894,27.220247,30.526344,25.33122,29.12123,31.848192,28.560913,25.694462,24.683205,18.923431,18.537622,14.463012,13.97408
