,0,1,2,3,4,5,6,7,8,9,10,11,12,13,14,15,16,17,18,19,20,21,22,23,24,25,26,27,28,29,30,31,32,33,34,35,36,37,38,39,40,41,42,43,44,45,46,47,48,49,50,51,52,53,54,55,56,57,58,59,60,61,62,63,64,65,66,67,68,69,70,71,72,73,74,75,76,77,78,79,80,81,82,83,84,85,86,87,88,89,90,91,92,93,94,95,96,97,98,99,100,101,102,103,104,105,106,107,108,109,110,111,112,113,114
0,0.0,4.021148,6.7580385,10.080695,12.326551,15.021504,17.572254,21.248026,24.501455,26.878016,31.333902,30.163136,27.953447,27.763681,22.713242,24.438461,19.877932,21.691568,19.735075,20.564167,22.129625,18.971876,23.131802,22.676453,20.440855,17.15555,19.789661,22.000193,20.631048,24.830261,23.176998,29.335758,31.263496,35.836273,35.500366,38.908752,41.403885,38.7038,37.457783,34.38419,32.367325,28.073912,25.9073,21.09044,21.893251,17.751883,17.954742,14.440586,13.190697,14.293033,16.668306,17.396002,22.149109,21.936512,24.71775,28.893324,29.844942,30.966309,35.807484,36.64463,33.612354,38.264362,34.6837,36.945698,35.378784,36.88131,38.787807,37.260326,37.064007,35.690342,32.55237,30.471672,31.691122,29.372042,33.63434,30.524422,34.933155,35.425167,36.87785,40.307816,38.425976,34.730488,35.352127,32.12416,32.18929,28.1436,29.778837,25.622044,26.052446,26.160944,25.688557,28.536175,30.488045,29.76593,32.62234,35.504887,35.314358,31.68296,34.19317,38.766014,36.712315,34.364292,38.952785,41.07681,38.731342,37.07665,40.818558,42.95328,39.85557,37.3199,35.122902,30.141335,29.878418,25.692858,24.924873
1,4.021148,0.0,4.947577,7.0059314,8.794701,12.380578,14.060467,18.466112,21.198046,23.799519,28.078741,27.252443,25.423214,25.037807,20.038242,21.284254,16.838861,18.14536,16.581867,16.924679,18.818254,16.182709,20.252733,19.288399,17.608316,14.076735,16.45315,18.338913,16.62759,20.821133,19.199423,25.334026,27.521233,31.957462,31.768366,35.226147,37.665176,35.007294,33.590622,30.429504,28.611595,24.188885,22.11756,17.215889,18.095236,13.84433,14.370629,10.94137,9.750153,11.256502,13.551558,15.129369,19.832396,19.871859,22.018467,26.34423,26.76037,27.966478,32.883423,33.361343,30.196045,34.74787,31.135204,33.243546,31.907867,33.153202,35.213036,33.59142,33.683464,32.1547,28.753614,26.769333,27.802065,25.696714,29.774038,26.765923,31.224894,31.721481,33.30989,36.710297,34.949173,31.180637,31.65053,28.36792,28.280369,24.319508,25.792938,21.739594,22.183159,22.513945,22.158756,25.021282,27.22812,26.75526,29.397633,32.239403,31.799408,27.989534,30.571484,35.178543,32.975662,30.485783,35.185863,37.241646,34.78902,33.1119,36.945095,39.161076,36.159878,33.528004,31.607973,26.435955,26.391842,22.26036,21.731428
2,6.7580385,4.947577,0.0,5.270418,6.692705,8.6107645,11.508464,14.534177,18.09123,20.245327,24.819208,23.63461,21.398512,21.490013,16.47314,18.638945,14.75683,16.86216,16.324352,17.500233,20.15504,18.115028,22.724546,21.615723,21.101166,17.518705,19.359894,20.403385,17.160204,21.07226,18.420952,24.771265,25.41762,30.332912,29.635023,32.864822,35.566288,32.96369,32.05881,29.40505,26.967003,23.443705,20.545403,16.42385,18.945911,14.842079,16.594595,13.875918,12.7767105,14.240043,15.550109,17.434877,21.581081,20.705996,22.20499,26.148064,26.395391,26.936329,31.909067,32.360653,29.22243,34.389305,31.310867,33.624195,33.14969,34.265877,36.775597,35.233673,35.99099,34.34084,30.233883,28.370342,28.670698,26.56595,29.676075,26.287449,30.369492,30.34344,31.554596,34.8728,32.62715,29.090553,29.500027,26.555363,27.217918,23.12401,25.66285,22.349323,23.460632,24.557144,24.570536,27.328318,30.015867,29.78264,31.950684,34.51718,33.779835,29.54885,31.873524,36.780697,34.50324,31.07013,35.97497,38.27713,35.495514,33.201736,37.199757,39.50429,36.35781,33.654743,32.007763,26.849108,26.317188,22.598894,21.301672
3,10.080695,7.0059314,5.270418,0.0,3.8743663,6.0995564,8.72626,12.648154,15.074935,18.200838,21.94467,20.667162,18.938522,18.190151,13.223303,14.391599,9.965453,11.91382,11.063779,12.575218,15.312527,13.652035,18.480791,17.604849,18.185635,15.087074,17.269188,17.93019,13.459686,17.71058,14.77354,21.360825,22.391497,26.747557,26.760754,29.81381,32.7743,30.543228,29.095856,26.197735,24.630312,20.957903,18.086458,14.110673,16.966927,12.583519,14.855797,12.015483,10.169572,10.95837,11.238983,13.450285,17.079205,16.109781,17.081766,21.057518,21.13467,21.784912,26.767591,27.218563,24.107855,29.22784,26.175795,28.672943,28.272522,29.68172,32.24263,31.032093,31.948492,30.66958,26.434145,24.185865,24.412365,21.750332,24.935425,21.375463,25.467,25.664867,26.922123,30.342548,28.375263,24.718618,25.657463,22.424917,22.92901,18.6404,21.419016,17.87172,19.600668,20.894436,21.578894,24.6414,27.4971,27.951109,29.995678,32.68089,31.369932,26.977875,29.777409,34.42084,31.510138,28.322485,33.5428,35.22735,31.985037,30.107073,34.530285,37.131886,34.43319,31.436499,30.668695,25.029886,25.28464,21.78367,21.203524
4,12.326551,8.794701,6.692705,3.8743663,0.0,5.3947325,5.344626,10.350108,12.430538,15.2945175,19.318583,18.793634,17.475634,17.028416,12.280948,13.229402,9.906544,10.852034,11.772118,12.142595,15.622089,15.05732,19.248352,17.343628,18.416098,14.992373,16.068607,16.01997,11.227055,14.947509,11.830615,18.29309,19.116598,23.763124,23.427952,26.676216,29.409708,26.995115,25.717844,22.943874,20.985706,17.433384,14.447011,10.539623,14.049355,10.046574,13.036791,11.269651,10.4250765,12.036331,12.324442,15.547443,18.916971,18.332355,18.316772,22.257261,21.400795,21.959076,26.988157,26.743843,23.390558,28.439928,25.467674,27.550325,27.723536,28.395412,31.246048,29.666498,31.08053,29.275967,24.60299,22.904287,22.614244,20.840235,23.264597,19.96145,24.017239,23.9198,25.328234,28.59648,26.55162,22.879938,23.088871,20.021404,20.541147,16.52596,19.137747,16.316847,17.825117,19.610022,20.12078,22.815691,25.979546,26.386461,27.995455,30.391817,29.045826,24.474243,26.932823,31.79238,29.115429,25.318571,30.495903,32.536823,29.397207,27.042118,31.335371,33.866356,31.01282,28.066092,27.256283,21.720995,21.7143,18.412949,17.62516
5,15.021504,12.380578,8.6107645,6.0995564,5.3947325,0.0,6.0812345,6.929497,10.326427,12.979537,16.888332,15.164158,13.060222,12.891836,7.89516,10.480877,7.8551164,10.711021,12.212811,14.373096,17.908587,17.47333,22.229435,21.004496,22.844658,19.825405,21.131195,20.749216,14.838252,18.132912,13.961689,20.291107,19.020658,23.858503,23.243902,25.884987,29.198795,27.158596,26.354712,24.235075,22.00889,19.8014,15.928015,13.652435,18.41849,14.818592,18.186468,16.477116,15.180154,16.048073,15.391854,17.9062,20.474428,18.66692,18.278492,21.43184,20.895296,20.53128,25.427332,25.579758,22.537685,28.321613,26.1374,28.714384,29.603971,30.630133,33.73802,32.60555,34.416813,32.9439,27.933247,26.03227,25.2064,22.856049,24.373417,20.497074,23.837152,23.220093,23.93313,27.14733,24.532179,21.254541,22.027952,19.375599,20.982967,16.74682,20.948914,18.829056,21.283485,23.505493,24.56124,27.290852,30.623255,31.354065,32.734547,34.995644,33.31641,28.552742,30.940134,35.786816,32.839733,28.544418,33.876106,35.78341,32.183304,29.55832,34.104797,36.79045,34.04162,30.999851,30.761797,25.309877,25.077688,22.362011,21.053328
6,17.572254,14.060467,11.508464,8.72626,5.344626,6.0812345,0.0,6.644968,7.4178414,10.298442,14.190844,14.379218,13.783344,13.486254,9.546369,9.99167,8.944635,8.875519,12.326662,12.237251,16.39601,17.304865,20.919739,18.378502,20.77545,17.634588,17.640026,16.352617,10.271064,12.673819,8.48699,14.577152,13.97781,18.93174,18.264454,21.424091,24.255825,21.94399,20.89912,18.564533,16.293928,13.732613,9.977045,7.744581,13.152663,10.396202,14.367924,14.051936,13.815867,15.397048,14.841102,18.586645,20.99274,20.27175,18.813068,22.207418,20.283102,20.332085,25.216623,24.223108,20.76594,25.946583,23.543192,25.350666,26.685848,26.681944,30.02019,28.365831,30.668797,28.56678,23.189919,22.001,20.672903,19.62109,20.437315,17.204966,20.746708,20.052206,21.352064,24.385763,22.10673,18.576166,18.175016,15.450342,16.506802,12.7854595,16.12206,14.836733,16.804773,19.506647,20.370094,22.61762,26.2222,27.016962,27.8574,29.79935,28.007133,23.135443,25.23742,30.163805,27.416636,22.670904,27.942722,30.089746,26.664164,23.696833,28.11018,30.745855,27.971508,24.934208,24.830585,19.390764,19.258675,16.854504,15.844801
7,21.248026,18.466112,14.534177,12.648154,10.350108,6.929497,6.644968,0.0,5.334271,6.3173704,10.80607,9.6872425,7.9908614,9.168307,6.0233674,9.057308,10.350778,11.959656,15.908819,17.314247,21.37483,22.285927,26.35514,24.343456,27.135492,24.139442,24.2767,22.814516,16.386736,18.039124,13.305352,18.277134,14.342222,19.697548,18.09293,20.36021,23.768232,21.84281,21.892218,20.814032,17.728884,17.458271,12.874402,13.120913,19.165379,16.936855,20.955914,20.593582,20.07774,21.295364,20.280912,23.406755,25.24756,23.455564,21.650625,24.064924,22.333214,21.215899,25.726303,24.9416,21.923052,27.797243,26.47068,28.610102,30.888493,31.00235,34.623486,33.31438,36.093346,34.158318,28.475624,27.33013,25.374365,24.092403,23.57981,19.98369,22.364202,20.762823,21.075415,23.769995,20.559475,17.830976,17.56815,15.925525,18.566355,15.120732,20.032793,19.868942,22.486156,25.527174,26.688484,28.795328,32.519844,33.42837,33.97085,35.629795,33.66651,28.707872,30.420547,35.35812,32.63189,27.183825,32.339207,34.59298,30.889557,27.375313,31.755468,34.385414,31.6082,28.672197,28.977423,24.070114,23.294569,21.709839,19.811281
8,24.501455,21.198046,18.09123,15.074935,12.430538,10.326427,7.4178414,5.334271,0.0,4.6010995,6.9084454,7.3939247,8.209971,7.9738307,6.877413,6.647673,9.942662,9.640827,14.846191,15.403181,19.501846,21.521124,24.794369,22.43916,26.169657,23.660023,23.317446,21.176771,14.292688,14.969028,10.122171,14.079663,9.614172,14.538178,13.512556,15.691763,19.30114,17.760283,17.257444,16.173883,13.948102,14.16277,9.732425,11.500074,17.603657,16.161335,20.337276,20.652039,20.321644,21.351486,19.787588,23.28416,24.361893,22.97453,20.079374,22.17227,19.412174,18.292631,22.552774,20.957214,17.827288,23.378304,22.340618,24.151115,27.100931,26.784088,30.604939,29.369556,32.647377,30.72082,24.81475,23.89786,21.359058,20.50675,18.927113,15.591271,17.566446,15.734629,16.21856,18.819023,15.833377,12.918052,12.326887,10.625496,13.464348,10.425655,15.6456585,16.541986,19.452574,22.898502,24.458075,26.332472,30.18253,31.588943,31.67887,33.140263,30.704443,25.730724,27.497528,32.100338,29.050398,23.523804,28.739683,30.55943,26.549023,23.1185,27.728401,30.555622,28.240322,25.133764,26.409843,21.43918,21.329376,20.388134,19.238947
9,26.878016,23.799519,20.245327,18.200838,15.2945175,12.979537,10.298442,6.3173704,4.6010995,0.0,5.67028,7.3493705,8.097947,9.703989,9.710369,10.751997,14.252699,14.230953,19.392096,19.801603,23.965965,25.947222,29.1765,26.512302,30.01067,27.219189,26.406004,24.08486,17.784061,17.772654,13.3153,16.105278,9.765591,15.259354,12.706261,14.623884,17.974945,16.219755,16.985992,16.982212,13.392814,15.206391,10.6625595,13.531343,19.753592,18.917831,23.092087,23.818937,23.882408,25.273632,24.038292,27.62361,28.909569,27.467901,24.640846,26.56803,23.741867,22.353704,26.308714,24.472149,21.529272,26.898405,26.234486,27.71253,31.082481,30.251339,34.19328,32.70561,36.26406,33.949333,27.901037,27.521729,24.665503,24.553558,22.277838,19.381529,20.809925,18.455835,18.614044,20.61122,17.204338,15.087761,13.289036,12.8784685,16.108734,14.020465,18.768677,20.41849,22.90264,26.457647,27.680456,29.147903,33.06554,34.191246,33.953136,35.037766,32.796947,27.86902,28.96824,33.73441,31.222733,25.006252,29.81459,32.21289,28.52124,24.368013,28.470932,31.01922,28.412127,25.62179,26.649525,22.411184,21.441557,21.095734,19.16354
10,31.333902,28.078741,24.819208,21.94467,19.318583,16.888332,14.190844,10.80607,6.9084454,5.67028,0.0,5.1491995,8.534691,8.911338,11.3895235,10.6641035,15.578516,14.872237,20.311718,20.735668,24.554094,27.248161,29.982056,27.535503,31.883112,29.69012,28.858437,26.161211,19.533384,18.848497,14.63398,15.888413,8.346337,12.130107,10.288506,10.789985,14.941692,14.390366,14.872523,15.556955,13.423578,16.349035,12.534876,16.451572,22.30188,21.882862,26.017187,26.91831,26.793442,27.73106,25.855452,29.289038,29.640524,28.113382,24.410843,25.48847,22.08087,20.22177,23.411852,21.045294,18.523994,23.584902,23.850069,25.21366,29.458418,28.53056,32.60436,31.551928,35.58523,33.618477,27.52835,27.16558,23.765951,23.641613,20.015491,17.378267,17.527609,14.583327,14.14524,15.617762,11.973002,10.610774,8.777938,9.552224,13.633248,12.529901,17.733496,20.435358,23.41378,27.187378,28.959562,30.314547,34.23386,35.929928,35.338253,36.26214,33.489502,28.675524,29.879444,34.08726,31.131824,25.067959,29.789787,31.463531,27.325054,23.465626,27.759926,30.517979,28.630653,25.73867,28.00428,23.908651,23.657017,23.968536,22.735094
11,30.163136,27.252443,23.63461,20.667162,18.793634,15.164158,14.379218,9.6872425,7.3939247,7.3493705,5.1491995,0.0,4.098875,4.319881,8.141346,8.57785,13.534724,14.273022,18.98626,20.731495,24.339876,26.437061,29.865694,28.235657,32.480873,30.358376,30.345213,28.147516,21.012627,21.406954,16.710722,19.388536,12.921246,16.385857,15.307418,15.529977,19.881527,19.529459,19.752941,19.962656,18.172678,20.16259,16.013783,18.755438,24.776995,23.43506,27.578793,27.666311,26.928919,27.451036,25.32217,28.141172,28.329369,26.059782,22.674826,23.354872,20.81245,18.412058,21.620686,20.284317,18.122458,23.951454,24.389746,26.558918,30.402874,30.448406,34.362762,33.78019,37.41835,35.994194,30.087122,28.998732,26.053497,24.670563,21.862303,18.419914,18.61131,15.939871,14.873585,16.77016,12.803578,11.564984,12.11928,12.146181,16.328207,14.136089,20.228334,21.86369,25.384117,28.924604,30.950289,32.827877,36.66723,38.421036,38.308697,39.6181,36.846634,31.95089,33.633293,37.885345,34.58174,28.993753,34.01039,35.39142,31.005615,27.648449,32.240917,35.127937,33.252937,30.22413,32.28502,27.736189,27.60237,27.275393,25.94811
12,27.953447,25.423214,21.398512,18.938522,17.475634,13.060222,13.783344,7.9908614,8.209971,8.097947,8.534691,4.098875,0.0,3.8899229,6.2833705,9.047964,12.87548,14.860081,18.892593,21.318901,24.9438,26.324717,30.351328,29.026814,32.759174,30.382948,30.776117,29.006403,21.90131,23.017254,18.113697,21.829268,15.89675,19.99622,18.659185,19.274176,23.461815,22.717419,23.114843,23.0486,20.729069,22.139414,17.671406,19.521357,25.65569,23.740349,27.840925,27.436558,26.478912,27.00542,25.102205,27.618488,28.221764,25.576912,22.913057,23.816528,22.092396,19.719994,23.241688,22.66454,20.504988,26.67397,26.761705,29.268147,32.54666,33.009586,36.7957,36.195934,39.45931,38.08939,32.28302,30.923044,28.398594,26.55984,24.662666,20.870558,21.628593,19.306248,18.329458,20.48823,16.59158,15.153619,16.0201,15.5609045,19.454412,16.59778,22.71851,23.51224,26.989325,30.309462,32.167004,34.294613,38.083664,39.57668,39.819,41.336273,38.821323,33.859932,35.639225,40.151802,36.943356,31.428291,36.557945,38.1789,33.90698,30.543041,35.133167,37.962605,35.77146,32.76132,34.220844,29.51826,29.078394,28.263954,26.569376
13,27.763681,25.037807,21.490013,18.190151,17.028416,12.891836,13.486254,9.168307,7.9738307,9.703989,8.911338,4.319881,3.8899229,0.0,5.051225,6.0636096,10.421185,12.232988,16.087496,18.761333,22.09529,23.685839,27.557823,26.580793,30.673893,28.703781,29.372288,27.62853,20.276804,21.572453,16.7305,20.5193,15.47621,18.810986,18.498299,19.060019,23.447767,23.0039,22.62537,22.09288,20.785965,21.632286,17.468067,19.058437,24.887205,22.81842,26.81999,26.244802,25.006283,25.133005,22.813944,25.133543,25.22129,22.529232,19.49541,20.117058,18.332066,15.850184,19.37016,18.939219,16.852608,23.133942,23.291456,26.045776,29.24917,30.087324,33.77985,33.50382,36.675762,35.688965,30.04547,28.34712,25.930445,23.552868,21.78923,17.786945,18.455097,16.395746,15.38045,17.866655,14.265013,12.490284,14.485734,13.480581,17.217585,14.109928,20.489944,21.046505,24.876606,28.11512,30.316076,32.628567,36.33023,38.140457,38.474766,40.15792,37.405693,32.502003,34.673786,38.908978,35.292046,30.290438,35.581486,36.662823,32.130203,29.32139,34.203342,37.225773,35.382847,32.18711,34.066597,29.031973,29.21979,28.276918,27.168781
14,22.713242,20.038242,16.47314,13.223303,12.280948,7.89516,9.546369,6.0233674,6.877413,9.710369,11.3895235,8.141346,6.2833705,5.051225,0.0,4.9715004,6.830459,9.730815,13.006483,15.881878,19.393694,20.288816,24.631332,23.662292,27.093817,24.809103,25.795189,24.516035,17.363596,19.521292,14.635076,19.731354,16.159302,20.27826,19.92166,21.45265,25.490831,24.360683,23.716196,22.426397,20.782965,20.35472,16.096544,16.29042,21.954195,19.256878,23.13044,22.110765,20.745607,21.001701,19.064648,21.418146,22.28838,19.72908,17.57484,19.22625,18.004953,16.332869,20.668364,20.620922,18.037933,24.343693,23.477612,26.315031,28.582798,29.629429,33.12895,32.576878,35.226498,34.121414,28.65432,26.752026,24.940413,22.346842,21.975166,17.7852,19.715868,18.330475,18.121027,21.079859,17.948095,15.302644,16.92421,14.9611025,17.862625,13.945099,19.83074,19.236282,22.769875,25.693962,27.587662,30.144945,33.74843,35.231678,35.985897,37.93852,35.526333,30.605034,32.959614,37.454483,33.981205,29.242994,34.673405,36.02143,31.745827,29.037382,33.919373,36.878277,34.68865,31.475496,32.609875,27.272802,27.376358,25.738865,24.587809
15,24.438461,21.284254,18.638945,14.391599,13.229402,10.480877,9.99167,9.057308,6.647673,10.751997,10.6641035,8.57785,9.047964,6.0636096,4.9715004,0.0,5.416426,6.1909194,10.423173,12.714953,16.089247,17.941305,21.576555,20.533598,24.757193,23.02722,23.851452,22.220535,14.792612,16.580837,11.914663,16.467018,13.86054,16.906384,17.675777,19.140503,23.210316,22.447094,20.963284,19.265842,18.891237,18.142881,14.490034,14.998024,20.201668,17.871603,21.670578,20.984243,19.631426,19.572826,17.069983,19.66528,19.766354,17.67628,14.438062,15.938672,13.749975,12.241811,16.67713,16.068521,13.239456,19.44865,18.586832,21.39251,23.916355,24.942759,28.484388,28.14178,30.985222,30.105366,24.66224,22.649225,20.642681,17.890396,17.164778,12.906946,14.79933,13.667276,13.769556,16.99353,14.43786,11.255944,13.536226,10.955957,13.515569,9.486039,15.625422,15.290198,19.22293,22.277864,24.605162,27.137249,30.720263,32.665215,33.228996,35.174545,32.388947,27.555874,30.194868,34.282887,30.402477,26.085419,31.584387,32.33152,27.782911,25.588686,30.71282,33.85756,32.15251,28.780115,30.622026,25.110666,25.988386,24.582731,24.23245
16,19.877932,16.838861,14.75683,9.965453,9.906544,7.8551164,8.944635,10.350778,9.942662,14.252699,15.578516,13.534724,12.87548,10.421185,6.830459,5.416426,0.0,4.6999507,6.195683,9.718104,12.821377,13.515556,17.934372,17.512497,20.995174,19.236048,20.944847,20.14184,13.123131,16.329777,12.143796,17.979605,17.472954,20.679165,21.66466,23.715515,27.458946,26.27695,24.439714,21.969288,21.676533,19.428282,16.135332,14.685005,19.02866,15.706212,19.02946,17.390375,15.434826,15.00672,12.5730505,14.786906,15.523537,13.365796,11.375738,14.032184,13.13603,12.700042,17.641571,17.977247,15.092625,20.970064,19.053904,22.15683,23.246681,24.998846,28.080832,27.742455,29.718346,29.101442,24.197529,21.599743,20.652948,17.060843,18.489668,14.149764,17.229752,17.115643,17.769695,21.246984,19.27133,15.802781,18.13662,14.935728,16.283722,11.728201,16.647379,14.379376,18.05439,20.414156,22.582537,25.606953,28.89856,30.62351,31.846308,34.24366,31.777311,27.08115,30.156054,34.286774,30.379442,26.868296,32.4587,33.15478,28.849169,27.203548,32.321896,35.42006,33.556286,30.168816,31.33204,25.468664,26.53442,24.269094,24.166264
17,21.691568,18.14536,16.86216,11.91382,10.852034,10.711021,8.875519,11.959656,9.640827,14.230953,14.872237,14.273022,14.860081,12.232988,9.730815,6.1909194,4.6999507,0.0,5.6793203,6.546155,10.190649,12.413431,15.651371,14.353765,18.643894,17.177874,18.201721,16.811275,9.533296,12.229366,8.387917,13.786091,14.658049,17.168201,18.823885,21.115501,24.533487,23.396473,20.948315,18.035124,18.599854,15.88619,13.308939,12.063023,15.9031,13.226014,16.560501,15.716993,14.271235,14.019162,11.385136,14.535742,14.904922,13.99704,10.914097,13.865944,11.41941,11.768317,16.68676,15.929705,12.538927,17.813705,15.453153,18.079746,19.403101,20.5909,23.835882,23.283915,25.585592,24.754192,19.66023,17.252499,16.012146,12.867045,14.08023,9.968271,13.634529,13.868721,15.261617,18.752653,17.412447,13.533949,15.407836,11.7313,12.161905,7.5945845,11.9838915,9.886371,13.755888,16.439299,18.835152,21.670864,25.06342,27.090277,27.992702,30.271084,27.553656,22.880516,26.05437,29.955194,25.881758,22.533247,28.132122,28.564682,24.191849,22.786364,27.9805,31.14879,29.560705,26.105015,27.69426,21.778492,23.409039,21.415615,21.975485
18,19.735075,16.581867,16.324352,11.063779,11.772118,12.212811,12.326662,15.908819,14.846191,19.392096,20.311718,18.98626,18.892593,16.087496,13.006483,10.423173,6.195683,5.6793203,0.0,5.3361635,7.029968,7.63754,11.921754,12.400335,16.056675,15.251682,17.738396,17.480955,11.442016,15.278647,12.629601,18.104128,20.227884,22.334852,24.367857,26.641005,29.99762,28.881128,26.152662,22.85632,23.820026,20.289057,18.22777,15.7194195,18.162165,14.661621,16.96417,14.830424,12.319891,10.818256,7.494554,9.395296,9.582779,8.478214,6.6432714,10.706088,10.206413,11.580769,16.428936,17.032059,14.185791,18.880632,15.8801985,19.075258,18.703917,21.255499,23.748123,23.711329,24.886507,24.9026,20.832674,17.485096,17.636772,12.963864,16.512358,12.582204,16.47715,17.643566,19.001596,22.583406,21.724876,17.989405,20.630617,16.853756,16.63287,12.3360195,15.334369,11.324542,14.867935,16.349033,18.856144,22.288113,25.105831,27.144787,28.791643,31.574762,29.054235,24.787315,28.503597,32.062286,27.770628,25.710758,31.21958,31.165453,26.945168,26.488142,31.633404,34.78021,33.34587,29.911755,31.1704,25.0957,27.073017,24.44449,25.362242
19,20.564167,16.924679,17.500233,12.575218,12.142595,14.373096,12.237251,17.314247,15.403181,19.801603,20.735668,20.731495,21.318901,18.761333,15.881878,12.714953,9.718104,6.546155,5.3361635,0.0,4.287454,7.210695,9.394948,7.9138875,12.362974,11.657937,13.288979,12.584509,7.0133367,10.755773,9.503242,14.336936,18.45901,20.120806,22.458946,25.186975,27.918585,26.578678,23.388493,19.55654,21.080717,16.676607,15.688417,12.757693,13.877117,10.966725,12.903628,11.652405,9.970559,9.06291,6.1869626,9.94626,10.597364,11.749763,9.6410675,13.791526,11.758284,13.986755,18.527233,17.892673,14.612193,18.100685,14.239091,16.429314,15.735949,17.345118,19.87885,19.19278,20.462511,19.922298,15.7503605,12.62539,13.002044,9.224908,13.541194,10.593477,15.27977,16.829403,19.012173,22.409367,22.103302,18.125847,19.720968,15.746431,14.275055,10.615062,11.436773,6.5278473,9.589256,11.101419,13.639715,16.9961,19.896353,22.067062,23.540102,26.297117,23.733625,19.543037,23.39414,26.812584,22.547144,20.874092,26.281664,26.17472,22.209112,22.037722,27.028643,30.10459,28.779413,25.388716,26.631313,20.56504,23.055737,20.463182,22.102768
20,22.129625,18.818254,20.15504,15.312527,15.622089,17.908587,16.39601,21.37483,19.501846,23.965965,24.554094,24.339876,24.9438,22.09529,19.393694,16.089247,12.821377,10.190649,7.029968,4.287454,0.0,4.800138,5.5504756,6.1275983,10.765762,11.530924,14.004204,13.9795,10.274737,13.665768,13.403944,17.361328,22.181078,23.099133,25.971966,28.511261,31.157383,30.048527,26.508068,22.498531,24.714643,20.10366,19.652178,16.631588,16.65895,13.914939,14.789134,13.101254,11.01412,8.974467,5.6501875,7.921947,7.3253994,9.797971,8.218333,12.409044,11.108987,14.192727,18.14622,18.019318,15.2385,17.66487,13.339728,15.674615,13.492321,16.227144,18.009031,17.930586,18.287788,18.712828,15.684332,11.749495,13.331382,8.339827,14.306151,11.942215,16.379883,18.637909,20.853924,24.177475,24.444906,20.618961,22.742664,18.760685,16.80732,13.665648,13.532889,8.108557,10.555278,10.757311,13.647228,17.24612,19.479675,21.971716,23.808687,26.835201,24.2356,20.630968,24.870974,27.623999,23.062614,22.720348,27.8512,27.006796,23.129576,23.983503,28.866076,31.93311,31.032442,27.696663,29.096432,23.147943,26.10668,23.441263,25.527761
21,18.971876,16.182709,18.115028,13.652035,15.05732,17.47333,17.304865,22.285927,21.521124,25.947222,27.248161,26.437061,26.324717,23.685839,20.288816,17.941305,13.515556,12.413431,7.63754,7.210695,4.800138,0.0,5.6002464,8.156477,10.1065645,10.708489,14.570952,15.71867,12.800682,16.969648,16.398136,21.22106,25.626066,27.239012,29.66493,32.339478,35.117195,33.764236,30.524954,26.56481,28.106321,23.298815,22.454737,18.682812,18.614029,15.057704,15.413652,12.449916,9.4642105,6.4098945,3.216594,3.123182,4.681011,7.4763284,8.816887,13.349442,13.865283,16.677452,20.701597,21.501143,18.970043,21.805937,17.671755,20.262564,17.48744,20.645853,21.967108,21.925957,21.446812,22.053324,19.639692,15.764131,17.844765,13.055144,19.079884,16.442131,20.779016,22.854948,24.783932,28.230818,28.1349,24.322262,26.611963,22.640926,21.14554,17.576086,17.994751,12.465447,14.259813,13.788129,15.898185,19.710274,21.539131,23.445898,25.93561,29.233383,27.157679,23.727247,27.919321,30.861238,26.648212,26.439312,31.492414,30.96997,27.42033,28.12887,32.851753,35.781334,34.554356,31.315922,32.012096,26.053747,28.612862,25.399754,27.161472
22,23.131802,20.252733,22.724546,18.480791,19.248352,22.229435,20.919739,26.35514,24.794369,29.1765,29.982056,29.865694,30.351328,27.557823,24.631332,21.576555,17.934372,15.651371,11.921754,9.394948,5.5504756,5.6002464,0.0,5.2962947,7.7644367,10.397166,13.6224785,14.708267,13.740914,16.93045,17.83969,21.205343,27.037474,27.665512,30.691668,33.375046,35.671913,34.46788,30.70316,26.432634,28.926813,23.743797,23.972443,20.375788,18.86304,16.32791,15.744867,13.720307,11.703812,9.103318,7.2545776,7.5345745,6.9876966,11.355304,11.63804,15.459744,15.106932,18.603342,21.896803,22.07084,19.71482,20.892025,16.213053,17.947304,13.868927,17.054562,17.59605,17.64644,16.346542,17.509346,16.304338,12.184147,15.339778,10.921478,17.846933,16.47656,20.710083,23.370485,25.738773,28.90512,29.573332,25.820404,27.825533,23.868532,21.403593,18.780504,17.356733,11.782607,12.451324,10.771741,13.100925,16.760395,17.913195,20.328487,22.810974,26.183706,23.976276,21.267368,25.736578,27.826706,23.418581,24.642672,29.22656,27.95073,24.712687,26.477589,30.895704,33.734283,33.05674,29.949955,30.95766,25.30264,28.577503,25.6219,28.195206
23,22.676453,19.288399,21.615723,17.604849,17.343628,21.004496,18.378502,24.343456,22.43916,26.512302,27.535503,28.235657,29.026814,26.580793,23.662292,20.533598,17.512497,14.353765,12.400335,7.9138875,6.1275983,8.156477,5.2962947,0.0,5.9685555,7.6239433,9.248659,9.616854,9.554167,12.22311,14.0592985,16.870186,23.472393,24.22193,26.993563,30.019672,31.878698,30.385555,26.634441,22.223518,24.602255,19.075695,19.873125,16.206953,13.931635,12.078397,11.365739,10.543758,9.739656,8.626116,7.696489,10.552976,11.387927,15.030342,14.254989,18.279634,16.545393,19.771809,23.439522,22.563894,19.650728,20.878607,16.065514,16.892302,13.771447,15.093112,16.284058,15.09968,14.661873,14.29028,12.152961,8.720022,11.7050085,9.211095,15.603986,14.790507,19.39079,21.741169,24.485832,27.520077,28.096268,24.211496,25.208904,21.328964,18.477818,16.270555,13.728673,8.227573,7.5996075,5.8398395,8.109354,11.846464,13.619536,16.031641,18.166857,21.41919,19.186045,16.151897,20.556385,22.98613,18.792152,19.62192,24.222345,23.428797,20.42948,21.803354,26.05494,28.79849,27.914497,24.862617,25.675303,20.063911,23.431826,20.581211,23.434105
24,20.440855,17.608316,21.101166,18.185635,18.416098,22.844658,20.77545,27.135492,26.169657,30.01067,31.883112,32.480873,32.759174,30.673893,27.093817,24.757193,20.995174,18.643894,16.056675,12.362974,10.765762,10.1065645,7.7644367,5.9685555,0.0,4.263097,7.4535303,10.126198,12.838075,15.834705,17.926472,21.129482,27.817526,29.20717,31.4435,34.804974,36.43491,34.515263,31.048374,26.615517,28.268784,22.289242,23.183403,18.590466,15.177881,13.027593,10.6172,8.871968,8.399069,7.5987334,9.140801,10.956959,13.437355,17.381046,18.265495,22.570726,21.759892,24.953053,28.749865,28.295353,25.414724,26.760563,21.914862,22.634867,18.892357,20.11162,20.604887,19.066063,17.379421,16.771465,15.9876375,13.39561,16.819237,15.124859,21.445444,20.644482,25.313759,27.535238,30.243471,33.334408,33.678123,29.721323,30.4434,26.59136,23.898195,21.528687,18.987778,13.693376,11.984471,9.27211,9.116659,12.576378,13.212167,14.347558,17.610867,21.233294,20.114689,17.837711,21.932419,24.356752,21.105402,22.538548,26.562609,26.294304,24.252878,25.544342,29.150465,31.473719,30.202183,27.517773,27.10967,21.905888,24.845615,21.333494,24.148241
25,17.15555,14.076735,17.518705,15.087074,14.992373,19.825405,17.634588,24.139442,23.660023,27.219189,29.69012,30.358376,30.382948,28.703781,24.809103,23.02722,19.236048,17.177874,15.251682,11.657937,11.530924,10.708489,10.397166,7.6239433,4.263097,0.0,4.9301925,8.102447,10.694977,14.096925,15.778974,19.648935,25.791815,27.97019,29.568676,33.156097,34.78901,32.541706,29.502522,25.233673,26.015972,20.018318,20.546421,15.516166,12.284262,9.573077,7.0463405,4.663467,4.941456,5.8443623,8.516221,11.4040575,14.908132,18.06505,18.92407,23.493204,22.533646,25.30087,29.555798,28.981457,25.80322,27.967518,23.320883,24.16344,21.344557,22.035666,23.17977,21.219517,20.363613,18.910349,17.008884,14.990966,17.564657,16.382797,21.967627,20.746954,25.575485,27.313421,29.937523,33.09374,32.94514,28.921896,29.216204,25.453814,23.180368,20.515335,18.527468,13.520386,11.870315,10.187955,9.405935,12.711247,14.1335535,14.5261345,17.623337,21.0607,20.230312,17.34277,21.018305,24.286325,21.497478,21.672781,25.910013,26.536596,24.538427,24.85297,28.443197,30.693521,28.84274,26.17761,25.175297,19.861513,22.174791,18.317831,20.688007
26,19.789661,16.45315,19.359894,17.269188,16.068607,21.131195,17.640026,24.2767,23.317446,26.406004,28.858437,30.345213,30.776117,29.372288,25.795189,23.851452,20.944847,18.201721,17.738396,13.288979,14.004204,14.570952,13.6224785,9.248659,7.4535303,4.9301925,0.0,3.9518225,9.629658,11.573752,14.410853,17.057735,23.828726,25.87659,27.230078,31.030628,32.090973,29.631006,26.632837,22.368206,23.07028,16.851015,18.247934,13.433713,8.647463,7.6841073,4.0482607,5.5851316,8.1343355,10.12883,12.225732,15.839945,18.876417,21.95564,21.89305,26.312279,24.439177,27.072018,31.287027,29.94355,26.568836,28.391582,23.8361,23.90072,21.747423,21.098558,22.496,19.726547,19.49798,16.860008,14.589473,13.874476,15.9167185,16.598112,21.171347,20.662306,25.361506,26.857971,29.715336,32.594536,32.523968,28.571749,27.966158,24.478645,21.882881,19.948933,16.934076,13.003612,10.061346,8.664725,6.4363747,8.869349,10.783342,10.75309,13.376408,16.597582,15.966421,13.009892,16.34634,19.88049,17.655315,17.576164,21.487413,22.644474,21.200005,21.174202,24.281664,26.29546,24.282774,21.819454,20.449615,15.419703,17.854057,14.122684,17.062828
27,22.000193,18.338913,20.403385,17.93019,16.01997,20.749216,16.352617,22.814516,21.176771,24.08486,26.161211,28.147516,29.006403,27.62853,24.516035,22.220535,20.14184,16.811275,17.480955,12.584509,13.9795,15.71867,14.708267,9.616854,10.126198,8.102447,3.9518225,0.0,7.43992,8.0496855,11.628932,13.344718,20.482796,22.262104,23.653553,27.460176,28.323652,25.906555,22.804995,18.522516,19.458689,13.210551,15.116959,10.900027,5.677906,6.3728437,4.388163,7.744567,10.231078,12.231649,13.414134,17.567848,20.003292,22.815216,21.82123,25.988447,23.38045,25.809273,29.935492,28.04061,24.569094,26.268757,21.947365,21.630472,20.348799,18.889046,20.795738,17.712685,18.495039,15.262674,11.899305,11.928911,13.069569,14.840092,18.385027,18.23533,22.742489,24.029888,26.9853,29.666887,29.663858,25.80532,24.738035,21.42975,18.658749,17.228647,13.688061,10.7032,7.320038,7.1158442,5.1241593,6.9683285,10.105117,10.757523,12.167152,14.9389305,13.652798,9.892216,13.274198,17.185358,14.737234,13.81043,18.057415,19.384779,17.714174,17.301386,20.567465,22.728153,20.745346,18.102222,17.245855,11.882643,14.744783,11.49704,14.826721
28,20.631048,16.62759,17.160204,13.459686,11.227055,14.838252,10.271064,16.386736,14.292688,17.784061,19.533384,21.012627,21.90131,20.276804,17.363596,14.792612,13.123131,9.533296,11.442016,7.0133367,10.274737,12.800682,13.740914,9.554167,12.838075,10.694977,9.629658,7.43992,0.0,4.7686467,5.141262,9.714277,15.145494,17.528526,18.991367,22.5022,24.387873,22.318111,19.3624,15.33474,16.041105,10.658497,10.556971,6.7638855,6.9899783,5.1585073,7.9392986,9.05561,9.676264,11.053088,10.485987,15.11043,16.96644,18.5143,16.598705,20.532352,17.665152,19.455717,23.912596,22.142849,18.508432,21.54253,17.78885,18.51646,18.619606,18.000536,20.897799,18.772682,20.69989,18.40989,13.408188,12.22413,11.761227,11.712942,14.292879,12.658769,17.265509,18.10295,20.707977,23.68633,23.160622,19.190838,18.739956,15.153784,13.250067,10.637116,9.490424,6.3711567,6.7421203,9.283459,10.37394,12.849684,16.423576,17.945362,18.814068,21.148663,18.926966,14.276351,17.51098,21.705105,18.29413,15.4053955,20.776114,21.860498,18.589695,17.286047,21.826286,24.621433,22.676468,19.433212,19.938934,13.855424,16.115883,13.466381,15.359007
29,24.830261,20.821133,21.07226,17.71058,14.947509,18.132912,12.673819,18.039124,14.969028,17.772654,18.848497,21.406954,23.017254,21.572453,19.521292,16.580837,16.329777,12.229366,15.278647,10.755773,13.665768,16.969648,16.93045,12.22311,15.834705,14.096925,11.573752,8.0496855,4.7686467,0.0,4.947946,5.592425,12.697134,14.313634,15.89694,19.547108,20.779018,18.686205,15.411398,11.158296,12.536386,6.8641605,8.507596,6.704513,6.240091,7.666219,10.040924,12.681815,14.032002,15.555613,14.9700775,19.512602,20.826735,22.501932,19.858002,23.282808,19.559265,21.172087,25.183104,22.518688,18.897726,21.149199,17.749613,17.461216,18.542517,16.462772,19.70647,17.014635,19.87828,16.796461,11.101725,11.448377,9.675951,12.072105,12.713276,12.342672,16.339434,16.894438,19.775398,22.25759,22.045546,18.32903,16.749025,13.629696,11.047198,10.082791,6.962269,6.89135,6.067757,9.524526,10.35875,11.521978,15.443988,17.178648,16.960966,18.628815,16.011202,11.089106,13.859809,18.106464,14.813507,10.907217,16.406055,17.723326,14.473498,12.58626,17.139196,19.99283,18.175201,14.833781,16.038586,10.025674,12.882674,11.336208,13.810649
30,23.176998,19.199423,18.420952,14.77354,11.830615,13.961689,8.48699,13.305352,10.122171,13.3153,14.63398,16.710722,18.113697,16.7305,14.635076,11.914663,12.143796,8.387917,12.629601,9.503242,13.403944,16.398136,17.83969,14.0592985,17.926472,15.778974,14.410853,11.628932,5.141262,4.947946,0.0,6.6230946,10.095076,13.109365,14.121088,17.593878,19.759985,17.760454,15.142793,11.6372795,11.76808,7.680283,6.2517276,5.121742,8.902736,8.386727,12.092831,13.572753,14.124279,15.4725895,14.355684,18.793295,20.09491,20.740982,17.908,21.147797,17.620512,18.508543,22.870771,20.54916,16.842968,20.48495,17.691753,18.394741,20.156818,18.992342,22.534462,20.530777,23.501541,21.049131,15.256044,14.721532,12.636056,13.189264,13.170382,11.228979,15.077522,14.959204,17.3167,20.095287,19.088799,15.267104,14.104131,10.821991,9.781775,7.2657976,7.9753747,8.001721,9.652359,13.165057,14.506187,16.235415,20.093254,21.71083,21.782751,23.476145,20.939678,15.994961,18.440628,22.849892,19.551422,15.003463,20.52938,21.976374,18.262192,15.763181,20.565956,23.502369,21.463015,18.09961,19.342836,13.500856,15.12444,13.567579,14.599882
31,29.335758,25.334026,24.771265,21.360825,18.29309,20.291107,14.577152,18.277134,14.079663,16.105278,15.888413,19.388536,21.829268,20.5193,19.731354,16.467018,17.979605,13.786091,18.104128,14.336936,17.361328,21.22106,21.205343,16.870186,21.129482,19.648935,17.057735,13.344718,9.714277,5.592425,6.6230946,0.0,8.454576,8.979974,10.840657,14.337646,15.341438,13.5854645,9.936009,5.654441,8.296987,4.878431,7.0225477,9.135796,10.624493,12.683718,15.415721,18.1431,19.337378,20.684958,19.566027,23.954668,24.577301,25.731926,22.19087,24.804905,20.33995,21.262531,24.73849,21.259718,17.81027,19.810846,17.508492,16.694817,19.56375,16.597319,20.397633,17.873255,21.898293,18.764368,12.634786,13.8326435,10.337938,13.736641,11.238947,11.5619,14.17224,13.873319,16.671911,18.536367,18.378222,15.144776,12.361762,10.066389,7.4917936,8.582598,5.705718,9.662159,9.979025,13.745116,14.948469,15.277742,19.12799,21.125801,19.949804,20.769644,17.686983,12.970296,14.656409,18.5341,15.325655,9.786125,15.161281,16.483248,12.667162,9.425547,14.405091,17.520601,16.066166,12.569991,15.434704,10.357684,12.890976,13.207732,15.1023655
32,31.263496,27.521233,25.41762,22.391497,19.116598,19.020658,13.97781,14.342222,9.614172,9.765591,8.346337,12.921246,15.89675,15.47621,16.159302,13.86054,17.472954,14.658049,20.227884,18.45901,22.181078,25.626066,27.037474,23.472393,27.817526,25.791815,23.828726,20.482796,15.145494,12.697134,10.095076,8.454576,0.0,6.0452313,4.40205,7.820376,10.409719,8.817396,7.645677,7.4219017,5.817288,8.894717,6.737791,11.893367,16.487411,17.558708,21.275457,23.340157,24.067144,25.42488,23.965508,28.102524,28.649303,28.458956,24.602602,26.448864,22.137821,21.56306,24.88084,21.475191,18.3668,21.873465,21.18481,21.259577,25.401705,23.116932,27.208567,25.36921,29.683834,26.969412,20.81585,21.490011,17.727674,19.57439,15.564468,14.46194,15.368361,13.115675,14.460449,15.824956,13.994135,11.6566925,7.283926,7.1987405,8.867253,9.581415,11.902588,15.86321,17.68172,21.566416,22.937618,23.546871,27.45445,29.154636,27.991436,28.529442,25.700882,21.05235,21.876219,25.939638,23.281929,16.891586,21.461277,23.349833,19.554344,15.259491,19.469816,22.245823,20.42674,17.442404,20.144066,16.223177,16.562538,17.556896,17.328962
33,35.836273,31.957462,30.332912,26.747557,23.763124,23.858503,18.93174,19.697548,14.538178,15.259354,12.130107,16.385857,19.99622,18.810986,20.27826,16.906384,20.679165,17.168201,22.334852,20.120806,23.099133,27.239012,27.665512,24.22193,29.20717,27.97019,25.87659,22.262104,17.528526,14.313634,13.109365,8.979974,6.0452313,0.0,5.145772,6.3499165,8.335417,8.744092,5.3253403,5.5628276,8.639121,11.496612,11.469241,16.07498,19.285967,20.879368,24.10196,26.385382,27.045393,27.979446,26.106007,30.049404,29.73456,29.895718,25.399601,26.602291,21.661701,21.23313,23.575752,19.344778,16.705212,18.64184,18.651705,17.87776,22.905855,19.978586,24.09702,22.574772,27.447866,25.024345,19.144033,20.179169,15.837172,18.372856,12.679928,13.044839,12.487291,10.238534,11.903596,12.316932,11.952248,10.329045,5.481787,6.5327716,6.683397,10.08434,10.769743,16.073603,17.854952,21.64895,23.464022,23.699802,27.354946,29.672213,28.027464,28.283512,24.88435,20.750229,21.634249,24.623302,21.51208,15.847308,19.932358,20.621387,16.393057,12.84189,17.147966,20.167099,19.600933,16.622751,20.93356,17.54864,19.02575,20.631414,21.404007
34,35.500366,31.768366,29.635023,26.760754,23.427952,23.243902,18.264454,18.09293,13.512556,12.706261,10.288506,15.307418,18.659185,18.498299,19.92166,17.675777,21.66466,18.823885,24.367857,22.458946,25.971966,29.66493,30.691668,26.993563,31.4435,29.568676,27.230078,23.653553,18.991367,15.89694,14.121088,10.840657,4.40205,5.145772,0.0,4.2224727,6.020587,4.9212747,4.7635865,7.2141433,5.9581647,11.152567,10.237166,15.649888,19.610592,21.319098,24.807411,27.237434,28.168793,29.565897,28.100832,32.244408,32.56429,32.450653,28.333366,29.828905,25.240307,24.508556,27.25263,23.39638,20.661516,23.403559,23.309889,22.812479,27.534622,24.623081,28.720846,26.827087,31.538855,28.651674,22.63921,23.9023,19.776306,22.378025,17.385914,17.128103,17.05191,14.468803,15.531152,15.9125395,14.373119,13.110766,7.67952,9.433633,10.889957,12.970902,14.398913,19.161222,20.637957,24.487694,25.767117,25.863539,29.66036,31.40116,29.711462,29.743328,26.847332,22.57733,22.743275,26.363966,24.094727,17.46873,21.225864,23.145874,19.639185,14.959856,18.451403,20.985613,19.52074,16.92936,20.295,17.502275,17.656048,19.625212,19.401926
