,0,1,2,3,4,5,6,7,8,9,10,11,12,13,14,15,16,17,18,19,20,21,22,23,24,25,26,27,28,29,30,31,32,33,34,35,36,37,38,39,40,41,42,43,44,45,46,47,48,49,50,51,52,53,54,55,56,57,58,59,60,61,62,63,64,65,66,67,68,69,70,71,72,73,74,75,76,77,78,79,80,81,82,83,84,85,86,87,88,89,90,91,92,93,94,95,96,97,98,99,100,101,102,103,104,105,106,107,108,109
0,0.0,4.3148837,6.7853804,9.566957,12.485665,14.324793,17.608555,22.176384,24.632002,27.803589,31.644718,34.240437,35.085308,32.271095,27.383509,28.401825,25.686832,27.208244,23.784184,26.224009,25.887835,26.349945,27.014456,29.550161,30.917566,29.941593,29.955164,27.704397,30.069942,26.135908,31.773172,25.879215,30.848057,26.977322,29.110006,29.884857,27.175123,27.993052,24.624237,23.864723,29.094429,27.924051,31.821081,32.555874,29.956148,33.60022,31.215689,34.255875,34.067764,35.157684,36.114956,36.494747,41.203625,41.006123,44.50702,42.41012,40.764393,43.19212,45.83435,47.822998,44.49918,41.083252,46.408237,46.307816,50.374763,46.353546,43.473854,49.18103,46.182964,42.904995,43.87953,43.39563,39.88123,38.41422,41.228523,39.741074,42.434967,44.186752,42.304234,45.57608,42.043587,42.763176,41.62241,36.89726,35.574028,35.37607,33.04491,29.546644,29.496927,29.604448,27.31001,23.933603,23.34533,18.880615,18.786283,15.049067,14.354496,17.617477,20.631426,20.875532,25.023584,24.21514,27.378107,30.249884,29.164204,34.447193,30.209969,33.422676,33.632454,36.106087
1,4.3148837,0.0,4.615817,6.361054,8.634972,11.819069,13.916009,19.014978,21.276041,24.257315,28.368715,30.651659,31.386282,28.318697,23.33142,24.160532,21.438597,22.96287,19.827667,22.287079,22.345173,22.87776,23.936153,26.185013,27.274649,26.331654,25.980045,23.694185,25.895119,22.088306,27.733603,21.945366,27.211622,23.548521,25.984499,27.089996,24.704218,25.30857,21.570946,20.424728,25.676388,24.232151,28.032867,28.597443,26.146355,29.555994,27.46411,30.382679,30.514858,31.457169,32.422714,32.55178,37.331768,36.982937,40.523148,38.46962,36.630157,39.006615,41.63888,43.57039,40.326836,36.802155,42.109264,42.008694,46.088505,42.13396,39.22497,44.957115,42.075283,38.7947,39.92683,39.438885,35.929264,34.280697,37.15594,35.50357,38.290176,39.957355,38.109695,41.43831,37.839565,38.735264,37.655483,32.888634,31.451992,31.403507,29.267162,25.452118,25.560427,25.927471,23.628056,20.145527,20.049809,15.376399,15.794354,11.203334,10.177638,13.308417,16.468992,16.839357,20.89948,20.485317,23.783789,26.443224,25.292164,30.383636,26.015837,29.350689,29.461266,32.1161
2,6.7853804,4.615817,0.0,5.0833273,7.0720525,8.038973,11.9709835,15.543283,18.4838,21.334337,25.24879,28.088505,29.35695,26.977642,22.177805,23.542484,21.496384,23.609009,21.615002,24.019606,24.8969,25.36112,26.999193,28.93593,29.559265,28.707653,27.583094,25.095474,26.477604,22.864109,27.27219,21.647541,26.125795,21.830837,24.57592,24.89014,22.911606,24.175367,20.352867,19.586342,25.268145,24.514072,27.84263,28.861275,27.315422,30.387943,29.214424,32.131416,32.83561,33.60434,34.539116,34.12934,39.00124,38.157787,41.906544,40.02503,37.604485,39.73685,42.271168,43.91647,40.954735,36.907036,41.86427,41.335526,45.547813,42.054546,38.51253,43.99033,41.131794,37.71766,38.378696,37.546734,33.87282,32.697586,35.15512,34.174892,36.60079,38.739704,37.09598,40.66038,37.554306,38.43408,37.997612,33.010174,31.806847,32.277702,29.954271,25.912054,26.87853,27.262472,24.508198,21.264002,21.708605,17.131332,18.741959,13.452803,11.202823,13.653149,16.145212,14.935471,19.42671,17.831656,20.892412,23.866274,23.072948,28.57149,25.02475,28.281883,29.026821,31.617336
3,9.566957,6.361054,5.0833273,0.0,3.786516,6.5826373,8.176368,13.664952,15.285592,18.784386,22.495584,24.812672,25.544058,22.954699,18.267832,19.977236,17.873371,20.732216,18.617624,21.694643,22.599398,23.737782,25.342037,26.579275,27.144815,25.823174,24.466755,21.546265,22.735344,18.770145,22.985182,17.141558,21.544458,17.47327,19.92328,20.759596,18.543114,19.406416,15.574847,14.746833,20.33315,19.713844,23.144318,24.401785,22.962399,26.348808,25.30208,28.786785,29.441572,30.680813,32.069748,31.481123,36.48198,35.828773,39.21308,36.9942,34.656612,36.484657,39.489944,40.732635,37.34034,33.606937,38.546867,38.11053,42.11225,38.235638,34.9326,40.426064,37.164227,33.843254,34.502953,34.05355,30.63271,29.467028,32.53098,31.46517,34.50812,36.54338,35.271618,39.129814,35.665707,37.268124,36.767323,31.830997,30.073498,30.74298,29.247276,24.38426,25.188559,26.445824,24.112726,20.572853,21.808252,17.02387,18.382177,12.249911,10.082423,11.171307,14.9377575,13.063101,17.790787,16.753168,20.064445,22.426178,21.999828,26.922094,23.285267,27.097631,27.437756,30.703545
4,12.485665,8.634972,7.0720525,3.786516,0.0,6.262502,5.3715515,11.174931,12.850251,15.802237,19.981691,22.035526,22.843288,20.037567,15.166354,16.63656,14.752913,17.614714,16.382378,19.194052,20.777653,21.780228,23.902487,24.864227,24.988605,23.888456,21.969784,19.129347,19.873596,16.31437,20.207186,14.668119,19.362238,15.464918,18.553679,19.603899,18.112322,18.845276,14.529108,13.144188,18.777384,17.856571,20.942717,21.962982,20.950708,23.777298,23.330578,26.422943,27.602564,28.46662,29.71064,28.762537,33.764084,32.79354,36.326813,34.30554,31.61753,33.40511,36.236313,37.465992,34.357834,30.310192,35.16415,34.631523,38.73534,35.129463,31.610086,37.103874,34.1166,30.735704,31.54652,30.92469,27.398125,26.038088,28.970263,27.804054,30.764408,32.791054,31.5062,35.39551,32.029003,33.66895,33.371555,28.384235,26.671907,27.586575,26.144491,21.090818,22.33113,23.702276,21.262035,17.857067,19.639761,15.045824,17.217693,10.76345,7.904827,8.112723,11.541154,9.307402,14.015598,13.232818,16.645416,18.843567,18.323788,23.154379,19.534096,23.373327,23.794827,27.11592
5,14.324793,11.819069,8.038973,6.5826373,6.262502,0.0,7.052064,8.3973055,11.202344,14.465756,17.677425,20.963968,22.626646,21.360704,17.29592,19.857704,19.052353,22.59438,22.245457,25.003302,26.917671,27.871761,30.136372,31.00006,30.939121,29.82263,27.484573,24.469856,24.373306,21.009455,22.92576,17.798645,20.493835,15.474798,18.437796,17.770277,16.549768,18.574282,14.79884,14.728637,20.605188,21.15774,23.559996,25.472132,25.522945,28.187263,28.547487,31.834976,33.2755,34.19834,35.48299,34.169033,39.161934,37.822376,41.425407,39.507446,36.384888,37.80185,40.597916,41.376522,38.48339,34.049618,38.32377,37.226562,41.355545,38.268772,34.038696,39.017,35.840958,32.369762,32.234318,31.227432,27.599174,27.280844,29.628244,29.709703,32.15887,34.905796,34.027363,38.199192,35.532787,37.136314,37.586662,32.471424,31.075783,32.47697,30.812872,25.796824,27.750277,28.988398,26.174908,23.135206,24.977194,20.593462,23.17466,16.86157,13.741825,13.751909,16.033724,11.603781,16.62994,13.608576,16.315283,18.990576,19.340075,24.639894,22.526682,26.108006,27.373453,30.489462
6,17.608555,13.916009,11.9709835,8.176368,5.3715515,7.052064,0.0,7.753781,7.80478,11.156513,15.057459,16.810148,17.530346,15.097253,10.601471,13.070059,12.225969,16.338024,16.517424,19.5172,21.814405,23.211458,25.683908,25.734882,25.327642,24.018827,21.190458,17.990501,17.466091,14.201347,16.0238,10.861995,14.465785,10.296451,13.809374,14.809023,14.072726,14.861443,10.3134365,8.936969,14.664288,14.546442,16.865053,18.486774,18.77695,21.19897,22.006527,25.329102,27.056927,28.044256,29.573193,27.96047,32.972633,31.714218,35.018772,32.940422,29.809343,31.020803,34.10716,34.66652,31.535175,27.314526,31.705677,30.85532,34.850273,31.40618,27.515158,32.740326,29.478586,26.06891,26.494879,25.899775,22.470627,21.51276,24.66564,24.01988,27.256443,29.554466,28.872995,33.18921,29.991964,32.309647,32.53886,27.592928,25.61572,27.186401,26.462797,20.709288,22.540861,24.653435,22.40206,19.269522,22.021603,17.873035,20.447922,13.96407,11.121908,9.037701,12.071811,7.4840174,12.173728,11.0817,14.249889,15.7163925,16.036222,20.245338,17.533396,21.707458,22.264877,26.089464
7,22.176384,19.014978,15.543283,13.664952,11.174931,8.3973055,7.753781,0.0,5.248452,6.454812,10.034071,13.578333,16.139277,15.931036,12.906545,15.827121,16.778585,20.687464,22.68454,24.846447,27.981112,28.835445,31.87625,31.91172,30.932283,30.111082,26.554794,23.710897,21.977535,19.925278,19.024813,15.703419,16.729788,11.924161,15.921109,14.65687,15.729657,17.877043,14.045187,13.768891,18.838951,19.879505,20.702366,22.735813,24.553808,25.825743,28.005896,30.645416,33.149197,33.529545,34.668835,32.40418,37.17661,35.06659,38.710564,37.214508,33.227623,34.06668,36.544945,36.730946,34.560226,29.454111,32.8439,31.110523,35.29078,33.192028,28.09818,32.481205,29.718943,26.168453,25.559664,23.926468,20.094385,20.3435,21.972158,23.01674,24.996271,28.274096,27.968653,32.46807,30.556047,32.501553,33.950954,28.928123,27.724516,30.025799,28.789564,23.495758,26.613132,28.222786,25.375523,23.081324,26.009243,22.503132,26.150913,20.005768,16.576283,14.736345,15.2071905,8.619365,12.470301,8.130621,9.798325,11.825578,13.320878,18.084167,17.82717,21.167168,23.11581,26.286901
8,24.632002,21.276041,18.4838,15.285592,12.850251,11.202344,7.80478,5.248452,0.0,4.9683294,7.3591824,9.82267,11.592284,11.622372,9.4699135,13.363526,14.822256,19.58661,21.720654,24.338425,27.41275,28.84608,31.725237,31.059248,30.001,28.750008,24.961372,21.789568,19.482693,17.422888,15.047378,12.186803,11.752609,6.8850756,10.928367,10.008793,11.677216,13.440433,9.869211,9.838278,14.215372,16.00654,16.271158,18.886452,21.410912,22.733952,25.416317,28.545212,31.029018,31.875212,33.467777,31.004738,35.763824,33.884,37.003498,35.16626,31.293491,31.640144,34.66187,34.24021,31.592567,26.913824,30.082954,28.39469,32.233273,29.720528,24.838802,29.11406,25.701237,22.253384,21.40727,20.317377,16.890793,17.424597,20.025732,21.133247,24.00108,27.105244,27.405693,32.193615,29.905548,32.720467,34.06041,29.277348,27.470917,29.949116,29.674425,23.763365,26.584227,29.008076,26.724546,24.28521,27.680874,24.181562,27.360943,21.130264,18.15579,15.330599,16.68789,10.29804,13.518181,10.819388,12.385962,12.868768,14.901616,18.200697,18.042149,21.877478,23.211998,27.064285
9,27.803589,24.257315,21.334337,18.784386,15.802237,14.465756,11.156513,6.454812,4.9683294,0.0,5.3263593,7.6161904,10.573555,11.184536,9.843831,12.864712,15.297116,19.380589,22.831305,24.658754,28.363062,29.371283,32.69121,31.917374,30.361076,29.589575,25.314007,22.642561,19.675127,18.772064,15.384959,14.130467,13.498836,10.08064,14.2635975,13.345505,15.994211,17.51882,14.146943,13.572535,17.04971,18.318512,17.730177,19.750603,22.91827,23.1031,26.6088,28.844252,31.958714,32.137997,33.33186,30.431383,34.914143,32.456722,35.80476,34.47926,30.061659,30.280315,32.719498,32.2463,30.429512,25.13996,27.751684,25.631643,29.672705,28.12416,22.588518,26.49479,23.877895,20.347855,19.460318,17.555658,13.68493,14.363047,15.912248,17.624945,19.751429,23.23234,23.657608,28.46442,26.85784,29.48721,31.471981,26.792072,25.420511,28.322676,27.939362,22.381481,25.928303,28.11899,25.702698,23.905876,27.55704,24.730879,28.53521,22.775913,19.681824,16.67153,16.463919,10.1026,11.677188,8.585363,8.886499,8.583595,11.297956,14.148094,15.40318,18.654135,20.594831,24.079456
10,31.644718,28.368715,25.24879,22.495584,19.981691,17.677425,15.057459,10.034071,7.3591824,5.3263593,0.0,5.0575705,8.912199,12.161376,12.854093,16.41887,19.259518,23.711498,27.171854,29.240858,32.854206,34.136642,37.339653,36.24103,34.65851,33.637924,29.259544,26.423794,23.029978,22.203787,17.202831,16.829819,13.773572,10.67818,13.697355,11.358013,15.073608,17.041058,14.921941,15.363837,17.808836,20.313257,18.92606,21.690556,25.63669,25.78624,29.773695,32.342995,35.43537,35.93533,37.386368,34.30063,38.64328,36.193356,39.160324,37.730087,33.283463,32.936607,35.5797,34.388557,32.535244,27.53039,29.309958,26.817543,30.395004,29.185493,23.487663,26.454298,23.40161,20.140013,17.972105,16.02631,12.763746,15.126253,16.383904,19.46523,21.447556,25.227365,26.435324,31.364025,30.163214,33.174477,35.511166,31.090345,29.634304,32.75078,32.754776,27.137377,30.646374,33.099224,30.840096,29.081642,32.812126,29.939867,33.567787,27.66626,24.6428,21.556887,21.724627,15.367114,16.825924,13.705825,13.314653,12.520653,15.770033,17.546772,19.882004,22.870405,24.840048,28.330942
11,34.240437,30.651659,28.088505,24.812672,22.035526,20.963968,16.810148,13.578333,9.82267,7.6161904,5.0575705,0.0,4.3242774,8.534437,11.057394,14.24831,17.676159,22.043142,26.020235,27.944021,31.657501,33.14141,36.329315,34.658195,32.81877,31.736763,27.112345,24.437054,20.444841,20.357267,13.891867,15.189335,11.148514,10.2154255,12.79209,11.892363,15.940559,16.817556,15.056419,14.993137,15.87292,18.211443,15.856411,18.445097,23.122921,22.60233,27.27401,29.624367,32.92985,33.429024,35.008514,31.659973,35.74427,33.321743,35.86534,34.40736,29.944181,29.140173,31.946934,30.263075,28.38922,23.63601,24.960815,22.44094,25.743324,24.530643,18.879053,21.638502,18.377981,15.1806755,12.939979,11.234171,8.247087,10.902179,12.9908085,15.990698,18.690742,22.111965,23.84815,28.859865,27.456501,31.11931,33.412968,29.385956,27.584951,30.865582,31.662767,25.890377,29.247667,32.18702,30.437078,28.855541,32.920082,30.41315,33.8397,28.301224,25.67607,22.016638,22.181803,16.605118,17.006426,15.477893,15.124923,13.097026,16.23236,16.286943,18.760315,21.792906,23.197468,27.026064
12,35.085308,31.386282,29.35695,25.544058,22.843288,22.626646,17.530346,16.139277,11.592284,10.573555,8.912199,4.3242774,0.0,5.7360587,9.866042,12.950038,16.357897,20.875166,24.641584,26.77525,30.240517,32.088154,35.02826,32.9109,31.099155,29.729427,25.159874,22.412031,18.222136,18.287487,10.839868,13.18214,8.015592,9.1963625,10.84441,11.412547,15.221543,15.094441,13.851094,13.567424,12.939965,15.381773,12.353914,15.129803,20.231958,19.652405,24.541704,27.145391,30.303053,31.150007,33.048717,29.715593,33.707916,31.645298,33.682945,31.907751,27.761162,26.633863,29.939705,27.883888,25.44707,21.336636,22.66771,20.499355,23.403032,21.44224,16.375307,19.311136,15.228505,12.148162,10.109071,9.725129,7.808034,9.835192,13.50365,15.52398,19.273771,22.00543,23.965576,28.953321,26.943441,31.192749,33.045376,29.295908,26.987883,30.145016,31.639603,25.609577,28.44768,31.884335,30.625277,28.908274,33.093536,30.622478,33.577667,28.234583,26.04017,22.063356,22.808556,17.929285,18.147863,17.810934,17.988207,15.690313,18.374304,17.672602,19.31617,22.669119,23.288328,27.547771
13,32.271095,28.318697,26.977642,22.954699,20.037567,21.360704,15.097253,15.931036,11.622372,11.184536,12.161376,8.534437,5.7360587,0.0,5.229622,7.654199,10.944559,15.433691,19.13205,21.257236,24.642166,26.591661,29.449656,27.206673,25.404428,23.998545,19.44115,16.699009,12.5003395,12.727967,5.365776,8.309602,5.668524,8.2992735,10.646385,13.323265,15.828107,14.727591,12.462256,10.807663,10.051564,10.76598,7.994434,9.945077,14.821091,14.165654,18.947979,21.497017,24.651737,25.475134,27.431208,24.240885,28.41115,26.632841,28.69859,26.713161,22.783897,22.04374,25.641945,24.127907,21.15741,17.110722,19.662817,18.27035,21.516655,18.428148,14.026049,18.50119,14.563289,11.222907,11.658671,11.990204,9.841782,8.883832,13.925467,13.604142,18.354227,20.239347,21.538048,26.390259,23.41716,27.808594,28.920778,25.146841,22.409153,25.263647,27.06864,20.818892,23.183147,26.89611,25.991468,24.133718,28.35602,26.01652,28.650745,23.699434,21.946642,17.729155,18.739243,15.051106,14.886145,16.164173,17.1498,14.887129,16.615173,15.850199,15.7044325,19.570292,19.350075,24.026314
14,27.383509,23.33142,22.177805,18.267832,15.166354,17.29592,10.601471,12.906545,9.4699135,9.843831,12.854093,11.057394,9.866042,5.229622,0.0,4.5021,6.84365,11.877936,15.051466,17.406221,20.765978,22.564531,25.484932,23.813425,22.281715,20.96534,16.644514,13.647852,10.379848,9.476573,6.230865,5.1312675,7.444284,7.585664,11.180653,14.030512,15.44468,14.56706,10.933537,8.347503,10.046416,9.342355,8.935524,10.118556,13.162211,13.456475,16.98703,19.667807,22.588863,23.296309,25.079252,22.31524,26.94055,25.298613,27.951376,25.929655,22.179106,22.37598,25.79995,25.332916,22.26362,17.95231,21.720259,20.77426,24.50465,21.093956,17.068565,22.285122,18.966385,15.589753,16.689585,16.58713,13.706334,11.91184,16.344017,15.091,19.53782,21.329239,21.613598,26.290699,22.886896,26.638174,27.254696,22.974333,20.28887,22.740116,23.881023,17.460493,19.705389,23.152637,21.94681,19.695015,23.749884,21.065748,23.753841,18.57316,16.724424,12.533777,13.897226,10.4209,10.943407,12.65115,14.533731,13.145887,14.100569,14.871263,13.0429735,17.44693,17.176632,21.88981
15,28.401825,24.160532,23.542484,19.977236,16.63656,19.857704,13.070059,15.827121,13.363526,12.864712,16.41887,14.24831,12.950038,7.654199,4.5021,0.0,4.09511,7.9401417,12.363184,13.894635,17.692831,19.23298,22.397024,20.512075,18.573915,17.66926,12.97796,10.611022,6.913233,7.703566,6.319339,6.785571,10.865736,12.017505,15.291978,18.489664,19.72877,18.49101,14.861972,11.831284,12.844921,10.381886,10.0955925,9.204332,11.618701,10.675106,14.459051,16.067528,19.490164,19.543797,21.023317,18.057829,22.629656,20.840305,23.6739,21.872404,17.949417,18.484423,21.666975,21.698135,18.885035,14.305685,18.693111,18.20578,22.138962,18.670698,15.076952,20.822985,18.360874,15.135146,17.470064,17.37546,14.638345,11.431597,15.792203,12.964339,17.628508,18.632874,18.432604,22.823763,18.920485,22.735771,22.983057,18.851631,15.935159,18.354065,19.887293,13.459569,15.656674,19.31261,18.507936,16.605755,20.871653,18.89329,21.601303,17.345774,16.003803,11.705579,12.158609,10.838778,9.605424,13.235602,15.068515,13.315008,13.311557,13.108944,10.018235,14.417731,13.349954,18.257668
16,25.686832,21.438597,21.496384,17.873371,14.752913,19.052353,12.225969,16.778585,14.822256,15.297116,19.259518,17.676159,16.357897,10.944559,6.84365,4.09511,0.0,5.456401,8.430837,10.604057,13.998997,15.798127,18.727957,17.059937,15.537666,14.389752,10.181015,7.3626223,5.465268,4.591961,8.283675,6.2952046,12.592811,13.337185,16.332031,19.947401,20.276892,18.773085,14.909727,11.52109,13.05014,9.432255,10.8510065,9.383601,9.527762,9.839688,11.85453,13.903719,16.75523,17.083735,18.708708,16.403275,21.310572,20.145502,23.014101,20.874533,17.687647,18.897415,22.240007,22.942928,19.626999,15.790444,20.919607,21.053873,24.833006,20.717138,18.114143,24.077538,21.565989,18.56758,21.152075,21.352394,18.712013,15.462658,19.745014,16.470764,20.993212,21.585894,20.803246,24.758173,20.302893,23.724262,23.110115,18.921278,15.775903,17.388323,18.77594,12.280302,13.431189,17.208313,16.620157,14.128649,18.143557,15.844531,17.983582,13.855548,13.06985,8.8311825,10.407917,10.706014,10.229337,14.336559,16.836538,15.846278,15.190149,15.866798,11.318659,15.780328,14.13313,18.941507
17,27.208244,22.96287,23.609009,20.732216,17.614714,22.59438,16.338024,20.687464,19.58661,19.380589,23.711498,22.043142,20.875166,15.433691,11.877936,7.9401417,5.456401,0.0,6.403503,6.1561174,10.4692545,11.519103,14.932497,13.259181,11.117328,11.002689,6.5870743,5.940635,5.811565,7.377717,12.3627825,11.578077,17.74974,18.759607,21.756357,25.379103,25.68313,24.112494,20.260565,16.835615,18.082577,13.821976,15.165814,12.378696,11.166,10.090824,11.133565,10.889241,14.242755,13.2274065,14.071295,11.793923,16.716421,15.45914,18.834766,17.142685,14.044254,16.21654,18.823391,20.643923,17.953514,14.210604,19.882288,20.643974,24.459648,20.599506,18.788803,24.843307,23.443071,20.76782,24.162476,24.222658,21.693893,17.676971,21.295897,16.847692,20.8908,20.540398,18.901201,22.046448,17.05072,19.988375,18.524744,14.563416,11.208002,12.19378,13.897553,7.6375856,8.070139,12.162773,12.300997,10.340112,14.439807,13.41221,15.454714,13.23953,13.345616,9.958896,9.85472,13.101672,11.08282,16.409452,18.6917,17.666424,16.011278,16.01753,10.185084,13.825445,11.044083,15.531613
18,23.784184,19.827667,21.615002,18.617624,16.382378,22.245457,16.517424,22.68454,21.720654,22.831305,27.171854,26.020235,24.641584,19.13205,15.051466,12.363184,8.430837,6.403503,0.0,4.5027084,5.8386297,8.324889,10.523318,9.36394,8.971654,7.6408043,6.1736155,4.7570186,8.82126,7.2805557,15.406836,12.659398,19.704496,20.316597,22.662998,26.64341,25.827345,23.947956,20.253147,16.890501,18.403008,13.669332,16.632254,14.108315,10.2607355,11.821902,9.2445345,10.628458,11.772759,12.109819,13.611886,13.243992,18.189909,18.449915,21.177212,18.726978,17.409782,19.916468,22.973455,25.059736,21.4392,19.183792,25.071503,26.281757,29.693449,24.94481,24.073563,30.169142,28.099916,25.583862,28.814209,29.340668,26.91524,23.25437,27.2877,23.086891,27.262499,26.90936,25.179605,28.015007,22.79841,25.300877,22.941977,19.306242,16.078709,15.677195,16.932457,11.800699,9.754729,13.349667,13.908938,10.808208,13.550951,11.546371,11.512932,9.790937,11.398958,9.177999,11.549174,15.461778,15.22587,19.827772,22.749613,22.52055,20.850468,21.96524,15.933595,19.534397,16.839916,20.779747
19,26.224009,22.287079,24.019606,21.694643,19.194052,25.003302,19.5172,24.846447,24.338425,24.658754,29.240858,27.944021,26.77525,21.257236,17.406221,13.894635,10.604057,6.1561174,4.5027084,0.0,4.7721443,5.4069023,8.8362875,7.8479857,6.309982,6.9743333,5.516427,6.879235,10.204281,10.610984,17.690058,16.005373,22.79554,23.568323,26.262451,30.083357,29.670685,27.931002,24.109915,20.690968,22.116764,17.358099,19.653042,16.57459,13.257325,13.170612,11.162202,9.967906,11.871912,10.377296,10.670374,10.310973,15.058895,15.007457,18.294558,16.531315,15.096614,18.232317,20.402033,23.268915,20.508394,18.062725,23.961697,25.379349,28.867239,24.689991,23.983646,29.987194,28.798319,26.404383,30.042679,30.289778,27.843058,23.754791,27.203106,22.450165,26.112997,25.242949,22.987028,25.19033,19.895422,21.846418,18.999758,15.648677,12.591,11.54798,12.859363,8.583007,5.42327,9.162236,10.480622,8.18809,10.975131,10.637638,11.021818,11.298336,12.999821,11.290877,11.6402235,16.81531,15.363829,20.574133,23.146553,22.745287,20.552332,21.109177,14.752669,17.52881,14.353473,17.704754
20,25.887835,22.345173,24.8969,22.599398,20.777653,26.917671,21.814405,27.981112,27.41275,28.363062,32.854206,31.657501,30.240517,24.642166,20.765978,17.692831,13.998997,10.4692545,5.8386297,4.7721443,0.0,3.7687628,4.831147,4.18361,5.128637,4.9360585,7.2871485,8.620551,13.180378,12.640598,20.616188,18.379084,25.319492,26.134829,28.32849,32.410213,31.396976,29.385298,25.846653,22.543999,23.760962,18.824163,21.737076,18.680883,14.1112175,15.124123,11.075703,10.428124,10.263567,9.673762,10.368098,11.786475,15.979513,17.204853,19.683428,17.442932,17.482103,20.683727,23.09636,26.072254,22.771797,21.455317,27.394806,29.186,32.314083,27.581184,27.648567,33.63306,32.13388,29.938936,33.614048,34.216663,31.945463,27.947544,31.702808,26.939917,30.785036,29.764677,27.537308,29.490587,24.045187,25.860153,22.42948,19.63429,16.667974,14.880281,16.181545,13.036433,8.975861,11.703157,13.523666,11.075593,12.302692,11.7909355,9.925804,11.717302,14.45385,13.653961,15.126386,20.309034,19.60003,24.474318,27.292006,27.152914,25.009254,25.847181,19.483053,22.228931,19.013912,22.075335
21,26.349945,22.87776,25.36112,23.737782,21.780228,27.871761,23.211458,28.835445,28.84608,29.371283,34.136642,33.14141,32.088154,26.591661,22.564531,19.23298,15.798127,11.519103,8.324889,5.4069023,3.7687628,0.0,4.189121,5.763756,5.9469633,7.7081904,9.470315,11.4066105,15.382813,15.371575,22.950956,20.858006,27.833067,28.341227,30.928322,34.731365,33.911873,32.18497,28.38322,25.060753,26.705046,21.87302,24.576359,21.475643,17.393312,17.744436,14.395961,12.636657,13.033193,11.167884,10.518183,12.07584,15.802788,16.594694,19.680294,18.200888,17.994385,21.584064,23.151558,26.69966,24.187506,22.433184,28.26597,29.986427,33.30256,29.150955,28.960735,34.87099,33.920227,31.659006,35.404728,35.65609,33.183643,29.054567,32.26853,27.386524,30.666725,29.528126,26.847134,28.338413,23.123701,24.138254,20.46653,17.769638,15.395883,13.0562105,13.525667,11.683108,7.2948813,8.686455,10.789339,8.921995,9.378633,10.149313,8.559615,11.915014,14.616485,14.437322,14.724286,20.698643,19.521042,24.48651,27.133957,27.154676,24.618591,25.538872,19.055613,21.165798,18.018946,20.337818
22,27.014456,23.936153,26.999193,25.342037,23.902487,30.136372,25.683908,31.87625,31.725237,32.69121,37.339653,36.329315,35.02826,29.449656,25.484932,22.397024,18.727957,14.932497,10.523318,8.8362875,4.831147,4.189121,0.0,4.565738,6.960474,7.9028153,11.549291,13.369461,17.908716,17.426949,25.438532,23.104473,30.091618,30.735628,32.90934,36.93246,35.69825,33.733074,30.21,26.991081,28.354128,23.436525,26.474846,23.372387,18.566828,19.550844,15.047905,13.68592,12.573901,11.498652,11.214904,13.936271,17.068367,18.84648,21.136555,19.283089,20.18432,23.705177,25.514921,29.039062,26.095245,25.213072,31.053936,33.067375,36.07613,31.480755,31.907618,37.796726,36.59824,34.51176,38.311386,38.869957,36.57216,32.48348,35.993603,31.06888,34.578796,33.306976,30.728516,32.094593,26.741535,27.826254,23.808352,21.580748,19.144703,16.52679,17.265305,15.827521,11.2530775,12.394957,14.66566,12.791362,12.372909,12.841691,9.586795,13.759552,16.986063,17.214806,18.311378,24.066092,23.350494,28.132914,30.937374,31.04925,28.614828,29.605173,23.134226,25.337036,22.105362,24.39407
23,29.550161,26.185013,28.93593,26.579275,24.864227,31.00006,25.734882,31.91172,31.059248,31.917374,36.24103,34.658195,32.9109,27.206673,23.813425,20.512075,17.059937,13.259181,9.36394,7.8479857,4.18361,5.763756,4.565738,0.0,3.5371974,3.7561884,8.252912,10.599192,15.042233,15.188753,22.754818,21.236881,27.860836,29.273317,31.151714,35.508675,34.502777,32.17837,28.952768,25.65575,26.134241,21.0333,23.669111,20.185837,15.359906,15.878558,11.249345,9.3775015,8.100289,7.140294,7.769849,10.496764,13.799888,16.055191,17.693884,15.300649,16.597046,19.875746,22.183403,25.363794,22.008074,21.771582,27.560228,29.838081,32.513668,27.592712,28.599346,34.38435,33.119827,31.30153,35.312225,36.200554,34.28579,30.09413,33.927,28.810032,32.732735,31.185806,28.99286,30.49026,24.840298,26.736217,22.74206,20.829702,17.763018,15.455326,17.599833,15.36773,10.702526,13.335111,16.0268,14.304787,15.14177,15.4701805,13.105581,15.768489,18.618174,17.774492,19.059038,24.245125,23.18716,28.282354,30.958172,30.5347,28.389168,28.591188,22.346329,24.744781,21.109354,23.927753
24,30.917566,27.274649,29.559265,27.144815,24.988605,30.939121,25.327642,30.932283,30.001,30.361076,34.65851,32.81877,31.099155,25.404428,22.281715,18.573915,15.537666,11.117328,8.971654,6.309982,5.128637,5.9469633,6.960474,3.5371974,0.0,3.5977788,6.0841937,9.360719,13.075327,14.240858,21.059078,20.287893,26.690506,28.352121,30.46834,34.76344,34.211254,31.951208,28.623144,25.220768,25.538462,20.436813,22.511757,18.752901,14.656717,14.050141,10.632217,7.3169055,7.9018707,5.2252903,5.2432547,7.171438,10.938868,12.704671,14.748374,12.638618,13.316269,16.76088,18.835363,22.145552,19.183739,18.60419,24.358234,26.63228,29.376143,24.782831,25.685867,31.406775,30.530891,28.746197,32.919,33.671818,31.808943,27.448408,31.072212,25.76987,29.578876,27.839598,25.632828,27.047289,21.358988,23.41434,19.490963,17.680084,14.449922,12.263567,15.04208,12.709086,8.09128,11.372051,14.313814,13.099018,14.6793995,15.4888935,14.261353,16.394247,18.753483,17.361618,17.899178,23.050488,21.344536,26.721607,29.134468,28.38652,26.21825,25.866472,19.769707,21.930328,18.08822,20.92716
25,29.941593,26.331654,28.707653,25.823174,23.888456,29.82263,24.018827,30.111082,28.750008,29.589575,33.637924,31.736763,29.729427,23.998545,20.96534,17.66926,14.389752,11.002689,7.6408043,6.9743333,4.9360585,7.7081904,7.9028153,3.7561884,3.5977788,0.0,5.0988035,7.3893604,11.703491,12.133862,19.338531,18.273922,24.611103,26.452297,28.163017,32.669903,31.857607,29.36621,26.311537,22.990765,22.959623,17.812967,20.178253,16.55688,11.82795,12.164507,7.613327,6.0671487,5.4163346,5.3524895,7.490189,8.95303,12.967681,14.994778,16.39989,13.481204,14.36263,17.23564,20.218872,22.826641,18.982527,18.80978,24.626135,26.873728,29.465162,24.26655,25.322874,31.120743,29.591105,27.826405,31.831793,32.907475,31.183954,27.044348,31.168732,26.123318,30.412474,28.935349,27.145115,29.048876,23.295525,25.91994,22.35808,20.259554,16.725677,15.131508,17.965658,14.610897,10.541384,14.257193,16.68946,14.797507,16.62414,16.42673,14.8582945,16.025614,18.414192,16.73496,18.293777,22.760109,21.650064,26.77906,29.387918,28.64169,26.81849,26.652441,20.680153,23.438484,19.747879,23.161455
26,29.955164,25.980045,27.583094,24.466755,21.969784,27.484573,21.190458,26.554794,24.961372,25.314007,29.259544,27.112345,25.159874,19.44115,16.644514,12.97796,10.181015,6.5870743,6.1736155,5.516427,7.2871485,9.470315,11.549291,8.252912,6.0841937,5.0988035,0.0,3.8926494,7.0168614,8.733198,14.985263,14.685546,20.766731,22.79306,24.846142,29.198513,28.973837,26.655031,23.430624,20.008947,19.929173,14.904989,16.581007,12.80643,9.381313,8.377009,6.4995756,4.83666,7.748262,6.980078,8.842257,7.6481085,12.597748,13.185441,15.278081,12.614625,11.573107,14.133465,17.374077,19.522644,15.835061,14.48455,20.421064,22.303617,25.234236,20.312706,20.61476,26.540089,25.072832,23.103159,27.089794,27.964878,26.176413,21.97669,26.073778,21.077085,25.48858,24.206036,22.663866,25.048931,19.37721,22.561321,19.776365,17.167406,13.318735,12.832613,16.00567,11.3853855,8.687014,13.29237,15.146404,13.383741,16.420977,16.021019,16.047432,15.666789,17.130825,14.475719,15.476969,19.2668,17.650331,22.91459,25.272573,24.145874,22.531195,21.921217,16.25204,19.241194,15.614105,19.588087
27,27.704397,23.694185,25.095474,21.546265,19.129347,24.469856,17.990501,23.710897,21.789568,22.642561,26.423794,24.437054,22.412031,16.699009,13.647852,10.611022,7.3626223,5.940635,4.7570186,6.879235,8.620551,11.4066105,13.369461,10.599192,9.360719,7.3893604,3.8926494,0.0,4.9587097,4.9571157,12.202308,11.05645,17.388693,19.244244,21.157442,25.56367,25.159872,22.81827,19.610872,16.208582,16.24996,11.217848,13.380918,10.105699,6.4108467,7.0999556,5.463078,7.4016585,9.487488,10.336976,12.648545,11.378021,16.302866,16.637712,18.653816,15.7683115,14.333833,16.206625,19.971132,21.37651,17.203712,15.4642515,21.278753,22.713348,25.76571,20.582668,20.263706,26.295639,24.051432,21.82038,25.346512,26.315632,24.411522,20.612286,25.114508,20.713467,25.444986,24.791372,23.635887,26.652973,21.236826,24.680382,22.521257,19.340134,15.561437,15.72503,18.306852,12.788414,11.109326,15.576235,16.611488,14.172732,17.44754,15.957923,16.179165,14.309757,15.39017,12.274934,14.322927,17.076334,16.272673,21.04955,23.627216,22.64575,21.433744,21.38358,15.967598,19.652805,16.592285,21.025265
28,30.069942,25.895119,26.477604,22.735344,19.873596,24.373306,17.466091,21.977535,19.482693,19.675127,23.029978,20.444841,18.222136,12.5003395,10.379848,6.913233,5.465268,5.811565,8.82126,10.204281,13.180378,15.382813,17.908716,15.042233,13.075327,11.703491,7.0168614,4.9587097,0.0,4.810634,8.0354395,8.99162,14.172758,16.713871,18.800737,23.06384,23.481714,21.245878,18.168095,14.843042,14.24512,9.797365,10.332906,6.8254533,6.5831895,4.6771226,7.9326854,9.319641,12.706714,13.082626,15.152018,12.5271845,17.183662,16.521328,18.550049,16.001177,13.20552,14.1274185,18.109308,18.606361,14.626283,11.876895,17.371439,18.359076,21.564587,16.64618,15.562733,21.61963,19.305569,16.933134,20.48653,21.41192,19.650135,15.797512,20.499813,16.249325,21.310263,20.855595,20.3098,23.839394,18.747536,22.900097,21.678467,18.426302,14.611138,15.96372,18.878567,12.838862,12.839794,17.393202,18.00591,16.075583,20.014473,18.639664,19.943798,17.226559,17.345558,13.45715,14.696627,15.996533,14.581344,19.223974,21.322369,19.674753,18.973282,18.03726,13.614084,17.430172,14.66051,19.522295
29,26.135908,22.088306,22.864109,18.770145,16.31437,21.009455,14.201347,19.925278,17.422888,18.772064,22.203787,20.357267,18.287487,12.727967,9.476573,7.703566,4.591961,7.377717,7.2805557,10.610984,12.640598,15.371575,17.426949,15.188753,14.240858,12.133862,8.733198,4.9571157,4.810634,0.0,8.548592,6.1468053,12.723347,14.360554,16.230856,20.619791,20.245882,17.976038,14.718217,11.317599,11.573111,6.796301,9.3628,7.35386,5.308267,7.5935063,8.09107,11.7254,13.635501,15.130243,17.54044,15.848219,20.733244,20.557972,22.614588,19.74747,17.637802,18.735806,22.803635,23.344109,19.018847,16.624752,21.951979,22.690569,25.884518,20.764187,19.434803,25.38404,22.308317,19.733284,22.51785,23.49087,21.443268,18.292912,23.141813,19.685925,24.641403,24.801619,24.199831,27.92367,22.998957,26.726412,25.442429,21.744415,18.169537,19.150444,21.206375,14.995203,14.685922,18.886808,19.02285,16.238462,19.79601,17.351326,18.20605,14.52524,14.655405,10.867764,13.791071,14.54845,14.705487,18.587486,21.244339,20.317993,19.776278,20.237015,15.626771,19.920752,17.702986,22.499855
30,31.773172,27.733603,27.27219,22.985182,20.207186,22.92576,16.0238,19.024813,15.047378,15.384959,17.202831,13.891867,10.839868,5.365776,6.230865,6.319339,8.283675,12.3627825,15.406836,17.690058,20.616188,22.950956,25.438532,22.754818,21.059078,19.338531,14.985263,12.202308,8.0354395,8.548592,0.0,6.09931,6.845196,10.762918,12.307606,16.403927,17.73421,15.586714,13.307538,10.776776,8.765255,7.1257963,4.442897,4.6630507,9.6606045,8.983003,13.740356,16.57032,19.492025,20.669874,22.97575,20.041431,24.260962,23.132904,24.759544,22.293179,19.000229,18.421305,22.635538,21.401724,17.479652,14.381593,17.986444,17.682594,20.644283,16.135048,13.416129,18.738049,14.785635,11.970231,14.116379,15.407172,13.956336,11.539499,17.041555,14.860132,20.25251,21.034327,21.875017,26.316874,22.34257,27.00512,27.15818,23.697905,20.35186,22.670963,25.169098,18.83968,20.177435,24.38728,24.173203,22.141884,26.283394,24.125475,26.013292,21.713476,20.749954,16.455448,18.097061,16.158506,15.729751,18.482784,20.083368,18.004646,18.818087,17.808542,15.889167,19.961903,18.58536,23.559227
31,25.879215,21.945366,21.647541,17.141558,14.668119,17.798645,10.861995,15.703419,12.186803,14.130467,16.829819,15.189335,13.18214,8.309602,5.1312675,6.785571,6.2952046,11.578077,12.659398,16.005373,18.379084,20.858006,23.104473,21.236881,20.287893,18.273922,14.685546,11.05645,8.99162,6.1468053,6.09931,0.0,7.1904488,8.235827,10.337458,14.520842,14.553277,12.6279545,9.201459,5.9057255,6.884171,4.6395984,6.4370394,7.691441,9.247439,11.363188,13.540725,17.454512,19.484625,21.116535,23.471497,21.339691,26.122032,25.369541,27.515013,24.836348,22.042925,22.411179,26.491571,26.165716,22.076721,18.987333,23.369747,23.179813,26.4559,21.870104,19.225746,24.688929,20.808777,17.860655,19.370188,20.175007,17.942308,15.973385,20.921503,18.993021,23.875141,25.056948,25.149147,29.533487,25.396439,29.288755,29.028597,24.94988,21.762894,23.52331,25.065348,18.561577,19.536419,23.370138,22.684381,19.88371,23.604929,20.545853,22.164938,17.082815,16.005665,11.963755,15.019935,12.860275,14.145814,16.353327,18.81742,17.907318,18.39794,19.365326,16.327185,20.887724,19.794281,24.669882
32,30.848057,27.211622,26.125795,21.544458,19.362238,20.493835,14.465785,16.729788,11.752609,13.498836,13.773572,11.148514,8.015592,5.668524,7.444284,10.865736,12.592811,17.74974,19.704496,22.79554,25.319492,27.833067,30.091618,27.860836,26.690506,24.611103,20.766731,17.388693,14.172758,12.723347,6.845196,7.1904488,0.0,5.5255585,5.709509,9.821138,11.394955,9.4754095,8.153899,7.2463746,4.954072,7.9525027,5.769833,9.765358,13.929394,15.117459,18.727926,22.639582,24.848177,26.686647,29.203745,26.584286,30.95425,29.916447,31.56613,28.947546,25.838058,25.141,29.37874,27.805307,23.854101,20.937654,23.806055,22.885962,25.589903,21.52139,18.288528,22.553936,17.670494,14.904456,14.766394,16.024723,14.582487,14.365672,19.403131,19.18387,24.021278,25.789757,26.994768,31.760147,28.373413,32.79148,33.371025,29.533255,26.489313,28.867275,30.710537,24.235256,25.814947,29.7177,28.923918,26.459347,30.374308,27.382256,29.2865,23.944563,22.42722,18.455715,20.92444,17.073072,18.31401,19.114464,20.698542,19.201582,20.900084,21.104206,20.180319,24.405136,23.920782,28.750645
33,26.977322,23.548521,21.830837,17.47327,15.464918,15.474798,10.296451,11.924161,6.8850756,10.08064,10.67818,10.2154255,9.1963625,8.2992735,7.585664,12.017505,13.337185,18.759607,20.316597,23.568323,26.134829,28.341227,30.735628,29.273317,28.352121,26.452297,22.79306,19.244244,16.713871,14.360554,10.762918,8.235827,5.5255585,0.0,4.536648,6.6232877,8.023169,7.934853,4.9565277,5.1043534,7.631637,10.641325,10.47864,14.010643,16.9902,18.817692,21.605455,25.56127,27.650274,29.301105,31.543903,29.143791,33.83181,32.573257,34.86918,32.440403,29.12723,28.977537,32.82434,31.804646,28.225805,24.603891,27.77387,26.54856,29.763168,26.211185,22.284048,26.615116,22.19142,19.091042,18.416445,18.66087,16.270859,16.576956,20.724796,21.15721,25.272436,27.68877,28.476315,33.3282,30.281414,34.031403,34.821045,30.457268,27.84743,30.179998,31.06523,24.6574,26.621454,29.948687,28.488924,25.792236,29.425877,25.9279,28.184872,22.182364,20.062803,16.57395,19.175594,14.162985,16.676699,16.063036,17.860249,17.28328,19.137825,20.873047,20.033375,24.31972,24.562307,29.103056
34,29.110006,25.984499,24.57592,19.92328,18.553679,18.437796,13.809374,15.921109,10.928367,14.2635975,13.697355,12.79209,10.84441,10.646385,11.180653,15.291978,16.332031,21.756357,22.662998,26.262451,28.32849,30.928322,32.90934,31.151714,30.46834,28.163017,24.846142,21.157442,18.800737,16.230856,12.307606,10.337458,5.709509,4.536648,0.0,5.195201,5.7825594,4.2932935,4.552484,6.400012,6.112356,10.806502,10.391665,14.62624,17.613092,19.951801,22.48882,27.03773,28.650198,30.912592,33.542255,31.304945,35.877625,35.026257,36.795475,34.01466,31.149794,30.661066,34.93891,33.49183,29.397943,26.5842,29.498764,28.456882,31.132935,27.123518,23.861027,27.80259,22.726076,20.080383,19.032417,20.049017,18.486908,19.171698,23.655872,24.182253,28.600903,30.820627,31.927074,36.77207,33.54077,37.643322,38.24124,34.09768,31.21044,33.42093,34.73188,28.240438,29.744734,33.365524,32.213333,29.374763,32.9311,29.323519,31.032946,25.128782,23.375778,19.9979,23.154448,18.50845,21.04137,20.589855,22.353003,21.661789,23.598106,24.944424,24.100811,28.421646,28.34973,33.046658
35,29.884857,27.089996,24.89014,20.759596,19.603899,17.770277,14.809023,14.65687,10.008793,13.345505,11.358013,11.892363,11.412547,13.323265,14.030512,18.489664,19.947401,25.379103,26.64341,30.083357,32.410213,34.731365,36.93246,35.508675,34.76344,32.669903,29.198513,25.56367,23.06384,20.619791,16.403927,14.520842,9.821138,6.6232877,5.195201,0.0,4.5726953,6.7019105,7.399614,10.082142,11.299943,15.804463,15.224125,19.381414,22.569479,24.637508,27.385757,31.705986,33.52444,35.534275,37.95228,35.570637,40.18228,38.96229,41.042515,38.51402,35.268925,34.762257,38.72357,37.206413,33.587685,30.245327,32.737034,31.181324,33.98671,30.739151,26.744234,30.148949,25.280394,22.552286,20.526203,20.848787,19.07263,20.796118,24.387337,26.030146,29.748661,32.590702,33.8418,38.81005,36.19811,40.004215,41.131462,36.782635,34.288136,36.740517,37.54575,31.189768,33.23523,36.491657,34.879265,32.141453,35.621326,31.880846,34.038227,27.793777,25.52862,22.496717,25.197784,19.576944,22.493418,20.70765,22.010197,21.668934,24.096645,25.96018,26.06409,30.123175,30.755308,35.148563
36,27.175123,24.704218,22.911606,18.543114,18.112322,16.549768,14.072726,15.729657,11.677216,15.994211,15.073608,15.940559,15.221543,15.828107,15.44468,19.72877,20.276892,25.68313,25.827345,29.670685,31.396976,33.911873,35.69825,34.502777,34.211254,31.857607,28.973837,25.159872,23.481714,20.245882,17.73421,14.553277,11.394955,8.023169,5.7825594,4.5726953,0.0,4.01144,5.593673,9.029485,10.866114,15.208466,15.8235655,19.90711,22.013386,25.001272,26.72616,31.552555,32.763798,35.190437,37.7832,35.86644,40.621815,39.83994,41.853943,39.03335,36.275288,36.071007,40.269573,39.075684,34.98416,32.040718,35.11331,33.961987,36.777935,32.88777,29.453829,33.315804,28.294662,25.610607,24.13362,24.769346,22.937693,24.063477,28.012352,28.998463,32.986237,35.572865,36.47201,41.340897,38.270855,41.975994,42.599983,38.16223,35.499393,37.55246,38.2651,31.887533,33.387623,36.6193,35.089542,31.996534,35.134914,31.053066,32.645985,26.37846,24.397406,21.789278,25.299286,20.183302,23.71194,22.167112,24.040455,24.176294,26.16622,28.55852,27.725674,32.03084,32.355255,36.837376
