,0,1,2,3,4,5,6,7,8,9,10,11,12,13,14,15,16,17,18,19,20,21,22,23,24,25,26,27,28,29,30,31,32,33,34,35,36,37,38,39,40,41,42,43,44,45,46,47,48,49,50,51,52,53,54,55,56,57,58,59,60,61,62,63,64,65,66,67,68,69,70,71,72,73,74,75,76,77,78,79,80,81,82,83,84,85,86,87,88,89,90,91,92,93,94,95,96,97,98,99,100,101,102,103,104,105,106,107,108,109
0,0.0,4.7293143,6.725315,8.880318,12.104179,13.630919,17.226301,21.538977,22.605663,27.647863,30.25517,34.214058,32.13797,30.029137,26.105427,23.876219,19.717312,19.242868,14.945503,13.506292,10.943372,11.212007,12.172693,10.210122,13.153591,16.12439,17.828276,16.33866,17.348074,15.811956,18.614435,16.589363,23.446434,20.024784,24.60273,26.13717,26.701231,26.821898,22.161013,18.550476,24.162016,20.793627,22.997944,22.227612,20.95028,20.679989,21.942017,20.401537,24.41238,28.32143,28.86369,27.735624,29.125195,30.76893,28.117485,30.780346,28.536303,30.175076,34.621536,31.789385,28.109964,29.263668,26.649265,26.78034,24.141047,25.212744,26.64454,31.569843,32.57131,33.160145,32.18977,34.563503,31.404716,35.71965,33.771275,37.842003,38.512154,39.100574,42.617508,42.524216,39.30283,36.529266,33.123306,30.127178,27.10739,26.246536,21.067352,16.27738,16.535166,14.074703,11.0182905,13.224076,16.684925,18.843,22.135704,23.729328,23.794096,28.104485,26.061775,30.177479,30.63571,34.79429,38.888153,37.7299,35.345562,33.184547,30.120796,30.144743,25.7925,27.83923
1,4.7293143,0.0,5.224102,6.2706056,8.636514,11.716883,13.885603,19.17859,19.861584,25.295696,27.982841,32.00606,30.276093,28.469706,24.54822,22.0543,18.225857,16.970871,13.084133,10.559869,9.480297,8.069584,10.9811125,8.50952,12.750038,15.188716,15.364364,14.091817,14.266765,14.223186,15.855709,15.444415,22.194979,19.58829,24.070704,25.920027,27.159449,26.879368,22.43079,18.651161,23.388617,19.71119,21.192646,19.651184,19.144178,18.007566,19.88336,17.407831,21.841965,25.392689,26.300346,24.602407,26.882507,28.04107,25.78569,28.6075,25.780281,27.679789,31.832579,28.96672,25.352198,26.167328,23.193506,23.670914,20.618597,22.674694,23.637398,28.298134,28.834509,29.575712,28.214949,30.724571,27.613941,31.973783,30.169142,34.16734,35.036873,35.42049,39.132347,39.04634,35.577126,32.593166,29.08555,26.116842,23.332333,21.9968,16.634575,11.979757,11.897961,9.357034,6.368032,8.953353,12.574104,14.382385,17.720161,19.095678,19.09157,23.413305,21.432568,25.613071,26.18556,30.383284,34.489655,33.132885,30.735922,28.46429,25.454859,25.455332,21.135939,23.367981
2,6.725315,5.224102,0.0,5.0563693,7.0397167,7.97569,11.6950035,15.565149,17.280073,21.678415,25.328503,29.03644,26.609531,25.00123,20.610052,18.905968,14.863203,14.69572,11.165561,10.437534,10.05497,11.342482,14.4304085,13.164766,17.110722,18.949827,19.282715,16.991932,16.20569,15.668833,15.710242,14.752745,20.138351,16.490635,21.36417,22.517582,24.131882,24.438284,20.014421,16.751642,22.122452,19.562538,20.486586,20.311743,20.948572,20.056992,22.7782,20.716955,25.261944,28.574629,28.949553,26.571907,28.604366,28.834688,26.074797,28.297308,25.25838,26.361849,30.362885,26.88087,23.313395,23.528128,20.70861,20.369434,17.646976,18.498802,20.03121,24.986818,26.153658,26.731392,26.111176,28.655416,25.91856,30.42652,29.034496,33.225746,34.40768,35.31077,39.07262,39.620876,36.63781,33.69611,30.227165,26.725334,23.8122,21.974941,17.220371,12.537611,12.517295,11.436844,8.736906,12.453916,15.211141,16.661592,19.614454,20.469696,20.769705,25.118551,22.682896,27.390417,27.034662,31.708532,36.154545,34.290775,31.583174,29.653788,25.743034,25.794237,21.327671,22.955372
3,8.880318,6.2706056,5.0563693,0.0,3.7052023,6.0320873,8.509717,13.381312,13.857027,19.440777,21.78558,25.810957,24.174364,22.25735,18.554348,15.808922,12.056319,10.753105,6.928048,5.431299,5.6191773,7.790368,11.108956,11.127492,14.843773,15.626171,15.693712,12.704541,11.469536,10.988144,10.72936,10.261951,16.17493,13.781314,18.170158,20.118866,21.795927,21.353985,17.143969,13.52412,17.936653,14.932695,15.72749,15.256575,16.149357,15.241175,18.328817,16.621777,21.085085,24.26204,24.272835,21.767174,23.63809,23.799002,21.052713,23.40123,20.455244,21.868345,26.050507,23.02794,19.375397,20.48827,18.005417,18.622011,16.886541,18.527023,20.593433,25.128284,25.31112,25.190647,24.154905,26.041246,22.68222,26.934443,25.021748,29.160284,30.001997,30.850992,34.462482,34.870144,32.01528,29.258827,25.902462,22.405344,19.267302,18.246386,13.756043,8.910118,10.311464,9.755643,8.525781,12.083986,15.5884695,16.199564,19.337572,19.503,18.964634,22.98128,19.689583,24.268875,23.42773,27.994032,32.48425,31.088043,28.448156,27.346714,23.29068,24.149841,19.879873,22.346731
4,12.104179,8.636514,7.0397167,3.7052023,0.0,5.288167,5.2536516,11.07083,11.393444,17.022568,19.80267,23.736341,22.243645,20.771812,16.997356,14.31503,11.135858,9.261772,6.829863,4.992828,7.8647065,8.960548,13.261484,13.198618,17.211155,17.535976,16.470854,13.613666,11.188603,12.191555,9.714897,11.167609,15.817256,14.122168,18.242773,20.165771,22.532017,21.943562,18.168371,14.868737,18.304556,15.605232,15.319235,14.590082,16.736973,15.1149235,18.919273,16.614725,21.24324,23.879274,24.040565,20.79396,23.399315,22.705927,20.248983,22.46103,18.838564,20.182188,23.922815,20.62161,17.08885,17.53108,14.66761,15.434474,13.472709,15.850542,17.645016,21.909904,21.761776,21.680454,20.490892,22.514141,19.318838,23.708727,22.120466,26.268507,27.45372,28.296623,32.120533,32.780293,29.883884,26.950508,23.534035,19.848236,16.944408,15.121296,10.823995,6.286826,7.5536127,8.292132,8.096039,11.764003,14.621478,14.576028,17.38035,16.986748,16.447542,20.341778,16.874271,21.7024,20.519281,25.313026,29.928202,28.141474,25.367523,24.359217,19.952833,20.883522,16.651026,19.089535
5,13.630919,11.716883,7.97569,6.0320873,5.288167,0.0,6.040621,7.93651,9.776032,14.020064,17.47671,21.092207,18.72597,17.089369,12.854734,10.976087,7.0954657,7.445058,5.4632745,7.673008,9.360362,13.152059,16.307243,17.043793,20.48292,20.650557,20.602802,16.967405,14.660186,14.017693,11.122468,10.530393,13.303177,10.004108,14.620694,15.753685,18.30827,18.396564,14.627385,12.0568495,16.411882,15.245381,14.792768,16.209068,18.76506,18.07076,21.992926,20.735352,25.051863,27.70987,27.128057,23.810936,25.412907,24.206451,21.00792,22.411417,19.168482,19.402218,23.200544,19.40263,15.902742,16.25098,14.216869,13.945525,13.458319,13.588955,16.813,21.331318,21.880455,21.18577,21.072636,22.689852,19.756948,24.030323,22.643442,26.928272,28.141876,29.655733,33.2467,34.477337,32.331158,29.726336,26.566658,22.535742,19.41316,17.891794,14.811829,10.89793,12.356537,13.513674,12.861725,16.758478,19.403152,19.507925,22.089119,21.527836,21.169483,24.890263,21.078842,25.998896,23.935257,28.885174,33.65851,31.752104,28.824549,28.394045,23.360739,24.48212,20.357763,22.203209
6,17.226301,13.885603,11.6950035,8.509717,5.2536516,6.040621,0.0,6.937651,6.599942,12.328091,15.220358,18.992317,17.775927,16.732897,13.254816,10.542739,8.6449795,6.2302475,6.871607,6.83191,10.999358,12.755532,16.87831,17.592077,21.272943,20.735126,19.119751,15.872873,12.2983675,13.884167,8.606588,11.564039,13.506852,12.9366,16.25999,18.101572,21.267824,20.46829,17.534197,14.999089,16.95451,15.323884,13.512833,13.53842,17.450813,15.646174,20.259615,18.219513,22.551142,24.42844,24.145605,20.009026,22.75299,20.65818,18.23142,19.802385,15.575052,16.31734,19.50212,15.780316,12.419984,12.291751,9.5062065,10.677806,10.127644,12.758684,15.143553,18.755552,17.950994,17.09709,16.07409,17.600273,14.378363,18.778578,17.472286,21.703407,23.200123,24.413006,28.290958,29.546661,27.141573,24.313644,21.099245,16.990849,14.220848,11.946058,9.457594,6.8728447,8.648982,11.249689,12.270547,15.563255,17.711027,16.774994,18.933912,17.495687,16.677704,19.88464,15.645676,20.57319,18.079758,23.121805,27.946877,25.861319,22.893436,22.877003,17.62353,19.234009,15.448053,17.803514
7,21.538977,19.17859,15.565149,13.381312,11.07083,7.93651,6.937651,0.0,4.6610193,6.1444407,11.167321,14.093405,11.523109,10.919346,6.642627,5.950133,5.5185595,6.5964756,9.464999,12.350202,15.478597,19.004595,22.366562,23.660034,26.964926,26.227594,25.342077,21.49846,18.024458,18.299484,12.649702,13.826111,11.864072,10.462847,13.177674,13.670331,17.693811,17.634811,15.607694,14.67614,16.434912,17.130356,14.580882,17.125134,21.653475,20.697515,25.414015,24.31706,28.26387,29.933996,28.883774,24.549633,26.285172,23.187307,20.148544,20.364603,16.528116,15.361223,17.92035,13.223338,10.406402,9.115196,8.101088,7.2216544,10.139756,9.3059435,13.790437,17.06297,16.948374,14.913489,15.707266,16.40638,14.023135,17.974024,17.389736,21.577732,23.323566,25.503958,29.019838,31.238028,29.956636,27.610588,24.90007,20.545353,17.917103,15.923024,15.427025,13.743757,15.275735,18.016052,18.576956,22.164331,24.004812,23.144985,24.936,23.246584,22.706507,25.511171,21.124994,25.913202,22.32836,27.349209,32.219566,29.86178,26.76998,27.567873,21.679567,23.458797,20.141335,21.536789
8,22.605663,19.861584,17.280073,13.857027,11.393444,9.776032,6.599942,4.6610193,0.0,7.246829,8.635897,12.430747,11.794595,10.711719,8.563182,5.21784,6.402152,4.4981327,8.742717,10.966881,14.577829,17.727835,20.854483,22.692165,25.626015,24.208633,22.941267,19.033697,15.2086525,15.972349,9.43259,12.006691,9.652014,10.8786955,12.406942,14.16156,17.952772,16.833406,15.279986,14.088367,14.009203,14.363051,11.053404,13.244804,18.395533,17.30511,22.193813,21.372566,24.939568,26.226425,24.921349,20.401627,22.123314,18.646393,15.805424,16.066595,11.94072,11.125984,13.930015,9.726209,6.4081416,7.096128,6.7836647,8.5472765,11.940494,13.021742,16.78026,19.358149,17.931816,15.333863,15.121102,14.870637,11.345072,14.965141,13.50702,17.756508,19.117113,21.202394,24.649595,26.69698,25.49142,23.323233,20.77359,16.440044,13.675757,12.651819,13.06263,12.180304,14.539183,17.456253,18.793097,21.917534,24.063848,22.760523,24.603739,22.539999,21.321297,23.638912,18.663723,23.069082,19.024508,23.80825,28.63484,26.80072,23.855427,25.4666,19.709606,22.255243,19.319487,21.53163
9,27.647863,25.295696,21.678415,19.440777,17.022568,14.020064,12.328091,6.1444407,7.246829,0.0,7.9648767,9.21314,6.233385,7.4294972,5.0059733,6.7834787,9.547412,10.808393,14.72197,17.729893,20.953115,24.525902,27.709085,29.359493,32.447887,31.243668,30.148882,26.217571,22.451464,22.869904,16.599018,18.094362,13.454466,13.489402,14.224148,13.969254,18.514273,18.432188,17.933167,18.203827,18.251368,20.27168,16.821093,20.081425,25.323462,24.469492,29.342255,28.588516,32.111183,33.174267,31.719482,27.017277,28.482128,24.266033,21.444054,20.579678,16.91583,14.4237995,15.4372225,10.286685,9.086907,6.113475,7.807155,6.4140487,12.279214,10.431494,15.12445,16.779121,16.120956,12.6572075,14.574721,13.879609,12.429173,15.31137,15.567201,19.259153,21.292055,24.101141,27.249136,30.286823,29.939764,28.027292,25.892452,21.617476,19.54768,17.73742,19.073803,18.626652,20.15962,23.336288,24.30898,27.698704,29.21104,27.945986,29.296103,27.069174,26.412268,28.491346,23.93388,28.290838,23.773458,28.487417,33.208466,30.708841,27.661507,29.457129,23.313757,25.510214,23.00466,24.009163
10,30.25517,27.982841,25.328503,21.78558,19.80267,17.47671,15.220358,11.167321,8.635897,7.9648767,0.0,4.432398,6.9734406,5.8856354,8.887792,7.048667,11.342301,11.098781,15.47897,18.39215,21.225739,25.063152,27.204851,29.922747,32.06992,29.868439,28.992306,24.777157,21.170801,21.149805,15.056795,16.591314,9.930229,13.506445,11.606898,12.84951,16.699171,15.090423,16.098564,16.862835,13.864353,16.748045,12.585096,16.619324,22.061325,21.8546,26.447105,26.916895,29.452843,30.03864,27.664026,23.224977,23.444136,18.66669,15.790243,13.861227,11.271857,7.5511003,8.5006485,4.6172714,4.5533752,7.412555,11.1940155,12.769606,18.434813,18.145954,22.447481,23.713936,21.738607,17.58648,18.259182,15.676829,12.668066,13.702553,12.143044,15.350045,16.052504,19.309746,21.591536,24.64209,25.313194,24.303282,22.910982,19.031336,16.827093,17.523678,20.017609,20.118889,22.753677,25.74123,27.293139,30.252586,32.462536,30.898582,32.526276,30.038567,28.478315,29.93869,24.619186,28.144798,22.973215,26.901937,31.330643,30.039371,27.393711,30.629332,24.906906,28.162962,26.13967,28.218584
11,34.214058,32.00606,29.03644,25.810957,23.736341,21.092207,18.992317,14.093405,12.430747,9.21314,4.432398,0.0,5.5040298,6.2881565,10.416316,10.486298,14.833556,15.26498,19.625223,22.687498,25.521852,29.415167,31.619724,34.292976,36.48722,34.287968,33.379566,29.198856,25.554777,25.554157,19.477001,20.847105,13.7303705,16.759274,14.423344,14.659301,18.53712,17.362637,19.094313,20.487276,17.43374,20.874462,16.779255,20.88859,26.341486,26.163157,30.725084,31.210846,33.642857,33.992645,31.540846,27.03781,27.160967,22.017723,19.442562,16.96849,14.863177,10.781775,9.831355,6.652247,8.442354,9.164272,13.472344,14.296501,20.49877,19.462833,23.769556,24.333208,22.415192,17.841513,19.258808,16.11568,14.2467575,14.312499,13.75575,16.147247,17.084454,20.705137,22.545523,26.194616,27.534307,26.80811,25.786413,22.103447,20.378096,20.748375,23.743128,24.14437,26.517004,29.681417,31.213306,34.232403,36.185165,34.541218,35.93011,33.2824,31.869415,33.086536,27.919218,31.282715,25.840673,29.555923,33.803783,32.300896,29.702736,33.233196,27.439241,30.649921,28.96764,30.61245
12,32.13797,30.276093,26.609531,24.174364,22.243645,18.72597,17.775927,11.523109,11.794595,6.233385,6.9734406,5.5040298,0.0,3.8884935,6.3409605,8.909003,12.652642,14.521338,18.50222,22.138199,24.751429,29.081928,31.531256,33.820644,36.363873,34.75131,34.19105,29.899038,26.380157,25.984335,20.134706,20.650915,13.968565,14.7579,13.518329,12.419713,16.791618,16.802057,17.863846,19.431107,18.294497,21.788889,18.257616,22.707928,27.856203,27.71045,32.356518,32.517345,35.515,36.41919,34.26283,29.807152,30.15231,25.602467,22.542723,20.60656,18.175188,14.49828,14.752057,10.524742,10.761779,9.762041,13.160312,12.289136,18.401731,15.807587,20.67132,21.750475,21.04292,16.925371,19.252033,17.283375,16.033823,17.371965,17.41776,20.388096,21.829422,25.236588,27.536043,31.017384,31.768639,30.560947,29.01827,24.97687,22.930944,22.311598,24.305075,23.923471,25.905907,28.961346,29.92383,33.334797,35.15315,33.88958,35.3361,33.022247,32.116726,33.924255,29.062065,33.044765,28.034863,32.312878,36.83569,34.790485,31.92689,34.540676,28.46518,31.053307,28.853676,29.957514
13,30.029137,28.469706,25.00123,22.25735,20.771812,17.089369,16.732897,10.919346,10.711719,7.4294972,5.8856354,6.2881565,3.8884935,0.0,5.3788915,6.565429,10.331325,12.368957,16.09913,20.06319,22.173912,26.972954,28.908123,31.541687,33.730618,32.000504,31.917463,27.409145,24.21802,23.164268,17.879913,17.590464,10.477746,11.519769,9.697528,8.9039755,13.19894,12.946152,14.13966,15.918493,14.635666,18.477226,15.249803,20.278826,25.034378,25.34739,29.763407,30.42515,33.26276,34.4232,31.995657,27.914923,27.639614,23.56106,20.075113,18.157978,16.30369,12.670129,14.084098,10.392054,9.790304,10.858251,14.036581,13.780998,19.473434,17.192335,22.290901,24.06151,23.361294,19.466278,21.215717,19.360847,17.179564,18.723175,17.809885,21.019827,21.86122,25.18319,27.34661,30.426012,31.125324,30.03763,28.439482,24.40449,21.913511,22.089144,23.619297,22.739323,25.14478,27.879993,28.723738,32.152233,34.42688,33.33592,35.12766,33.017742,31.900457,33.921444,28.827612,32.82738,27.984827,32.240902,36.80674,35.221256,32.413696,35.01785,29.069986,31.808008,29.310913,30.87981
14,26.105427,24.54822,20.610052,18.554348,16.997356,12.854734,13.254816,6.642627,8.563182,5.0059733,8.887792,10.416316,6.3409605,5.3788915,0.0,4.9638557,7.0865498,10.150954,13.359362,17.386915,19.606997,24.274073,26.750605,28.752527,31.462826,30.367254,30.217978,25.88221,22.694105,21.8334,16.603765,16.248985,11.118144,9.688466,10.474444,9.358497,13.911998,14.460654,13.916755,14.833142,15.779494,18.540668,15.825182,20.195751,24.724876,24.64753,29.184055,29.126463,32.575035,34.14641,32.30975,28.158674,28.660322,25.122442,21.60491,20.625057,17.903069,15.21711,17.280756,12.730695,10.973656,10.447892,12.031779,10.652729,15.50141,12.551717,17.883286,20.42009,20.560894,17.47653,19.37758,18.805143,16.861853,19.627298,19.109467,22.866056,24.259773,27.178152,30.000631,32.791126,32.612835,30.911665,28.748632,24.462934,21.82787,20.88768,21.378386,19.888138,21.799593,24.427977,24.847345,28.511673,30.56577,29.763845,31.565992,29.773848,29.101652,31.621428,26.932936,31.42753,27.17021,31.895998,36.670322,34.58285,31.573023,33.203445,27.172728,29.304682,26.346079,27.556828
15,23.876219,22.0543,18.905968,15.808922,14.31503,10.976087,10.542739,5.950133,5.21784,6.7834787,7.048667,10.486298,8.909003,6.565429,4.9638557,0.0,4.3632436,5.8779655,9.667197,13.541101,15.862224,20.474062,22.679998,25.074654,27.49635,26.012577,25.802809,21.37585,18.17875,17.311901,11.932812,11.925677,6.851064,7.383484,8.005696,9.101378,13.173385,12.457121,11.529924,11.627573,11.669665,13.888399,10.93622,15.268619,19.85692,19.842861,24.35819,24.563519,27.806421,29.366806,27.396286,23.377121,23.727476,20.422462,16.810087,16.189121,13.433087,11.3157215,14.418428,10.4352045,7.653655,9.4909315,10.901312,11.3376875,15.668923,14.6589575,19.448586,22.178087,21.451033,18.401743,19.151215,18.347914,15.217683,18.04385,16.483036,20.44024,21.32088,23.95961,26.794983,29.099104,28.681229,27.03119,24.832005,20.617535,17.652481,17.614544,18.008526,16.488297,19.036263,21.522694,22.303413,25.713503,28.208336,27.268887,29.32814,27.504448,26.357218,28.797043,23.76387,28.064728,23.873556,28.446957,33.194912,31.65329,28.776958,30.655397,24.884642,27.425663,24.432611,26.423088
16,19.717312,18.225857,14.863203,12.056319,11.135858,7.0954657,8.6449795,5.5185595,6.402152,9.547412,11.342301,14.833556,12.652642,10.331325,7.0865498,4.3632436,0.0,4.4811187,6.393989,10.823195,12.551313,17.578089,19.754566,21.865578,24.428642,23.46941,23.700865,19.288568,16.554646,15.146266,10.8432,9.626654,7.5658307,5.0344625,8.393725,9.510439,12.896132,12.697063,10.167736,9.244642,11.774185,12.923237,11.238547,15.048403,18.722244,18.80161,23.058662,23.067656,26.665043,28.802399,27.155712,23.546936,24.002031,21.71637,17.958376,18.155142,15.482728,14.3563385,18.084871,14.3120985,11.065959,12.573314,12.583069,12.595737,15.317809,14.27178,18.9042,22.50106,22.420424,20.20034,20.729792,20.850666,17.67431,21.122522,19.469717,23.621458,24.48979,26.734726,29.791689,31.61922,30.594345,28.641771,26.063145,21.860693,18.614355,18.29298,17.28094,14.657321,17.082577,19.022327,19.22737,22.848213,25.576988,25.093607,27.453442,26.139778,25.22631,28.218414,23.499563,28.087978,24.65433,29.411963,34.219845,32.65444,29.744234,30.804317,25.247892,27.32264,23.812433,25.814217
17,19.242868,16.970871,14.69572,10.753105,9.261772,7.445058,6.2302475,6.5964756,4.4981327,10.808393,11.098781,15.26498,14.521338,12.368957,10.150954,5.8779655,4.4811187,0.0,4.5407104,7.7094235,10.514167,14.636978,17.10593,19.344563,21.923004,20.547472,20.083689,15.787286,12.567326,12.11688,6.6284423,7.639156,7.2807674,7.917834,10.288629,12.7520895,15.74474,14.469733,12.040327,10.068677,11.022807,10.672502,8.416129,10.999977,15.209794,14.752159,19.297825,19.039633,22.608263,24.520758,23.027628,19.205301,20.196917,17.885437,14.475957,15.311183,12.047796,11.973072,15.992641,12.740489,9.081277,11.496483,11.01336,12.5157995,14.720671,15.598418,19.412218,22.717089,21.731209,19.584488,19.137163,19.148743,15.289815,18.778963,16.579573,20.771103,21.464785,23.29226,26.517336,27.95776,26.532366,24.460238,21.785906,17.654154,14.294646,14.381284,13.399148,11.13311,14.093134,16.177628,17.07926,20.288252,23.147808,22.296104,24.68081,23.149395,21.802101,24.557713,19.594603,23.986023,20.602655,25.240162,30.006798,28.728167,25.928703,27.181986,21.875023,24.287222,20.932165,23.546783
18,14.945503,13.084133,11.165561,6.928048,6.829863,5.4632745,6.871607,9.464999,8.742717,14.72197,15.47897,19.625223,18.50222,16.09913,13.359362,9.667197,6.393989,4.5407104,0.0,4.8253975,6.3095512,11.298905,13.419765,15.55513,18.109709,17.252531,17.52109,13.1949005,10.907784,9.385139,6.540332,5.271351,9.292186,8.063559,11.71176,14.213718,16.246958,15.2403555,11.641131,8.447534,11.629111,9.836525,9.6205,11.264881,13.757939,13.628721,17.564596,17.316084,21.126686,23.756657,22.550245,19.507605,20.31581,19.404398,15.95365,17.538729,14.891591,15.592441,20.013906,17.168428,13.482272,15.827808,14.66337,15.802983,16.563913,17.495216,20.935171,24.89036,24.41651,22.96122,22.303408,22.94484,19.106157,22.817314,20.46706,24.623055,25.111015,26.552378,29.781315,30.662876,28.747467,26.53528,23.620865,19.76645,16.236471,16.44118,13.89047,10.230444,13.162928,14.207049,14.409505,17.701588,21.077646,20.804674,23.626623,22.762339,21.557926,24.835566,20.301435,24.742668,22.32588,26.887184,31.5558,30.489439,27.787693,28.266356,23.45528,25.409138,21.627771,24.36512
19,13.506292,10.559869,10.437534,5.431299,4.992828,7.673008,6.83191,12.350202,10.966881,17.729893,18.39215,22.687498,22.138199,20.06319,17.386915,13.541101,10.823195,7.7094235,4.8253975,0.0,4.7170653,6.953665,10.197695,11.758704,14.809405,14.052584,13.309552,9.553346,7.009316,7.4476776,5.4037766,7.157297,12.981327,12.840116,16.113457,18.939022,20.815422,19.438156,15.892358,12.252824,14.564479,11.054813,11.1561985,9.947244,11.819277,10.57588,14.478804,13.138302,17.381609,20.109987,19.673143,16.729502,18.6402,18.400892,15.796662,18.315706,15.27273,17.16605,21.412287,19.010109,15.381576,17.509455,15.499658,17.315866,16.73995,19.241081,21.582352,25.419895,24.497812,23.644241,22.114588,23.185852,19.190931,23.026363,20.541563,24.54949,25.031404,25.783604,29.254152,29.54125,26.83078,24.27336,21.07502,17.576061,14.211366,14.254069,10.532291,6.343623,9.554579,10.050406,10.777841,13.529421,17.1409,16.747837,19.738102,19.047747,17.60771,20.969866,16.726587,21.013752,19.472,23.858892,28.374556,27.47007,24.932335,24.882215,20.718733,22.509485,18.70862,21.93663
20,10.943372,9.480297,10.05497,5.6191773,7.8647065,9.360362,10.999358,15.478597,14.577829,20.953115,21.225739,25.521852,24.751429,22.173912,19.606997,15.862224,12.551313,10.514167,6.3095512,4.7170653,0.0,6.5045524,7.370092,9.730269,11.894671,11.518074,12.735465,8.706355,8.484967,5.758398,8.272894,6.2115026,13.832236,12.811613,16.246565,19.086256,19.960403,18.728588,14.667821,10.590997,14.198273,10.240017,12.20077,11.593719,11.203253,11.357472,13.912068,13.721292,17.51452,20.970215,20.25378,18.502478,19.17878,20.214716,17.247705,19.846256,17.912287,19.760138,24.452965,22.411274,18.751116,21.4783,19.842884,21.312023,20.802023,22.524347,25.149702,29.354774,28.868484,28.026781,26.73158,27.735922,23.67785,27.348494,24.587046,28.519598,28.58951,29.363577,32.499207,32.475872,29.893488,27.621973,24.576626,21.399721,17.901625,18.734041,14.852342,10.472806,13.24226,12.541756,12.222157,14.764654,18.94055,19.24752,22.55495,22.479244,21.138441,24.65407,20.732815,24.702078,23.60359,27.664547,31.968712,31.513288,29.143274,28.933434,25.15444,26.77579,22.877874,26.047918
21,11.212007,8.069584,11.342482,7.790368,8.960548,13.152059,12.755532,19.004595,17.727835,24.525902,25.063152,29.415167,29.081928,26.972954,24.274073,20.474062,17.578089,14.636978,11.298905,6.953665,6.5045524,0.0,5.3516483,5.137996,8.826734,9.130871,8.017659,6.2998075,6.6813307,7.991548,10.533841,11.76885,19.091635,18.887932,22.168343,25.152231,26.330399,24.855114,21.028982,16.971878,19.466215,14.6761675,16.128376,12.885172,11.829967,10.165324,12.02986,9.527429,13.982543,17.490047,18.234562,16.74549,19.124037,20.777843,19.092928,22.446568,19.947075,22.74958,26.967623,25.202835,21.71362,23.84817,21.37522,23.33134,21.433363,24.691824,26.020395,29.937414,29.010792,28.931414,26.766338,28.31471,24.369568,28.105595,25.464363,29.111559,29.324528,29.28416,32.69823,32.038475,28.478237,25.765068,22.454575,19.94939,17.070017,17.359667,12.411189,8.426673,10.315462,8.240878,8.53433,9.545182,13.987636,14.251055,17.685427,18.04119,16.55,20.076315,17.061998,20.548782,20.908178,24.53716,28.46168,28.115313,26.039509,24.929922,22.267626,23.437918,19.714073,23.249405
22,12.172693,10.9811125,14.4304085,11.108956,13.261484,16.307243,16.87831,22.366562,20.854483,27.709085,27.204851,31.619724,31.531256,28.908123,26.750605,22.679998,19.754566,17.10593,13.419765,10.197695,7.370092,5.3516483,0.0,4.764375,4.870879,4.5654726,7.078101,5.0589323,8.446423,6.7323165,12.545273,11.804151,19.734034,19.74459,22.514017,25.762545,26.025805,24.314548,20.541935,16.453775,18.813105,13.61593,16.42133,13.479054,10.045575,10.122372,9.961485,9.781469,12.867812,17.05227,17.142227,17.17426,17.89414,20.952972,19.077381,22.517551,21.236284,24.137737,28.748007,27.638744,24.172363,27.278782,25.410124,27.472662,26.246958,28.966028,30.816711,34.846363,33.927658,33.467365,31.41833,32.49126,28.21871,31.579926,28.419907,31.901293,31.492397,31.454111,34.361866,33.29196,30.037079,27.84652,24.905731,22.797974,19.723661,21.355022,17.005375,13.352581,15.625164,13.500521,13.392305,13.973265,18.53319,19.07892,22.533253,23.057478,21.350475,24.534903,21.41509,24.295202,24.617474,27.71668,31.330069,31.772186,29.958061,29.324915,26.951212,28.41497,24.876858,28.543928
23,10.210122,8.50952,13.164766,11.127492,13.198618,17.043793,17.592077,23.660034,22.692165,29.359493,29.922747,34.292976,33.820644,31.541687,28.752527,25.074654,21.865578,19.344563,15.55513,11.758704,9.730269,5.137996,4.764375,0.0,4.848523,7.44686,7.957482,8.305951,10.805132,10.907708,15.291983,15.343206,23.183706,22.505665,25.88836,28.794867,29.38782,28.059263,24.010197,19.878038,22.90581,17.893866,20.21206,16.947643,14.2580385,13.29023,13.255424,11.158476,14.759668,18.781334,19.956501,19.754587,21.625244,24.41429,22.89866,26.414362,24.478285,27.408134,31.769524,30.208443,26.70384,28.951567,26.434757,28.191883,25.887922,28.955273,30.052612,34.177845,33.55334,33.786438,31.596476,33.342377,29.454212,33.16106,30.445139,33.97944,34.002773,33.7465,36.998074,35.91549,32.152943,29.540947,26.330345,24.316671,21.615301,22.112236,16.999405,13.242861,14.354934,11.301928,10.547141,10.355083,14.844653,15.955977,19.450693,20.649536,19.434464,22.953953,20.81851,23.747093,24.996363,28.150116,31.648582,31.645363,29.842161,28.173935,26.284174,27.018887,23.358038,26.731693
24,13.153591,12.750038,17.110722,14.843773,17.211155,20.48292,21.272943,26.964926,25.626015,32.447887,32.06992,36.48722,36.363873,33.730618,31.462826,27.49635,24.428642,21.923004,18.109709,14.809405,11.894671,8.826734,4.870879,4.848523,0.0,4.395686,7.847781,8.620368,12.563045,11.34639,17.324478,16.498081,24.464466,24.232235,27.06183,30.226364,30.160833,28.551788,24.716703,20.677567,23.215532,17.98907,21.075571,17.820133,13.583271,13.694265,11.961167,11.610562,13.768066,18.13589,18.898579,19.996473,20.681581,24.575422,23.136553,26.72573,25.70379,28.800417,33.360977,32.41454,28.982195,31.992754,29.92284,31.927412,30.179934,33.05096,34.517143,38.625717,37.824947,37.716335,35.492523,36.80725,32.613823,35.971054,32.816753,36.150455,35.653477,35.30334,38.125824,36.627876,33.064377,30.889296,28.012228,26.40822,23.638573,25.202324,20.575958,17.141188,18.759192,15.9172945,15.392265,14.967108,19.343937,20.36634,23.77826,24.908491,23.367496,26.476357,24.16773,26.523693,27.743353,30.384588,33.56066,34.28488,32.744026,31.56088,29.957539,31.035904,27.609327,31.214773
25,16.12439,15.188716,18.949827,15.626171,17.535976,20.650557,20.735126,26.227594,24.208633,31.243668,29.868439,34.287968,34.75131,32.000504,30.367254,26.012577,23.46941,20.547472,17.252531,14.052584,11.518074,9.130871,4.5654726,7.44686,4.395686,0.0,5.8176374,5.789957,10.260998,8.86312,15.192091,14.72677,22.311096,23.151714,25.27204,28.8254,28.731289,26.6096,23.249985,19.341202,20.613289,15.158832,18.234201,14.595821,9.688874,10.2486315,7.8080864,8.927037,10.344933,14.761607,14.871424,16.3307,16.419044,20.672998,19.413033,23.081783,22.505056,25.816263,30.33934,29.958147,26.704378,30.310526,28.673935,31.140041,30.109783,33.13872,34.927048,38.74019,37.436363,36.843224,34.49282,35.250984,30.779982,33.72452,30.223211,33.332016,32.460125,32.05668,34.587883,32.921825,29.600359,27.752167,25.145823,23.738914,20.921759,23.424168,19.515713,16.636875,18.961737,16.782902,17.097185,16.862741,21.263744,21.627657,24.936747,25.445766,23.382624,26.027065,23.072786,25.11003,25.800907,28.15497,31.262964,32.4696,31.044596,30.702322,28.993757,30.676508,27.539906,31.496181
26,17.828276,15.364364,19.282715,15.693712,16.470854,20.602802,19.119751,25.342077,22.941267,30.148882,28.992306,33.379566,34.19105,31.917463,30.217978,25.802809,23.700865,20.083689,17.52109,13.309552,12.735465,8.017659,7.078101,7.957482,7.847781,5.8176374,0.0,4.915308,7.8719134,10.09514,14.09703,16.067135,23.067505,24.549868,26.695797,30.336082,31.053885,28.765911,25.60373,21.678526,22.193048,16.682264,18.44768,13.375266,10.067506,8.168666,6.7484303,3.925552,6.843858,10.864538,12.421233,12.973129,15.314569,18.806217,18.510002,22.46204,20.931263,24.692299,28.658491,28.283026,25.226557,28.277126,26.228817,29.090384,27.596424,31.596813,32.703697,36.036232,34.20931,33.889923,31.014067,31.925869,27.60689,30.487453,27.202694,30.088037,29.489317,28.608067,31.459913,29.641916,25.67072,23.402798,20.596735,19.555235,17.285229,19.358023,15.449296,13.618138,15.590761,13.590294,14.958059,13.940979,17.876396,17.559635,20.569721,20.771595,18.382467,20.611343,17.950493,19.54876,20.833353,22.921156,25.883688,27.03366,25.76099,25.227154,24.073267,25.740513,23.006283,27.191536
27,16.33866,14.091817,16.991932,12.704541,13.613666,16.967405,15.872873,21.49846,19.033697,26.217571,24.777157,29.198856,29.899038,27.409145,25.88221,21.37585,19.288568,15.787286,13.1949005,9.553346,8.706355,6.2998075,5.0589323,8.305951,8.620368,5.789957,4.915308,0.0,4.4934745,5.2051716,9.8705635,11.209859,18.259138,19.815609,21.811905,25.491983,26.168688,23.8559,20.735687,16.86281,17.351248,11.8703,13.821427,9.453443,6.2738557,5.1928573,5.8312507,5.635121,8.883275,12.674826,12.537584,12.120127,13.390348,16.272005,14.97365,18.712822,17.315813,20.728212,25.065191,24.523249,21.31601,24.790382,23.167847,25.922722,25.216095,28.572079,30.390066,33.871925,32.199905,31.378788,28.949356,29.523657,25.014492,27.944227,24.507166,27.698812,27.053755,26.765995,29.579868,28.32201,25.018888,22.933338,20.133036,18.274565,15.297756,17.769236,14.211423,11.703344,14.594473,13.338907,14.56144,14.897497,19.135061,18.771088,21.933756,21.710775,19.377178,21.905962,18.209352,20.649796,20.57074,23.347595,26.8952,27.728424,26.0611,26.211954,23.91563,25.990736,22.93294,27.02436
28,17.348074,14.266765,16.20569,11.469536,11.188603,14.660186,12.2983675,18.024458,15.2086525,22.451464,21.170801,25.554777,26.380157,24.21802,22.694105,18.17875,16.554646,12.567326,10.907784,7.009316,8.484967,6.6813307,8.446423,10.805132,12.563045,10.260998,7.8719134,4.4934745,0.0,5.8254085,6.340995,10.034026,15.979405,18.009083,19.94392,23.564997,24.968603,22.641354,19.779177,16.130573,16.066502,11.117373,11.55252,6.7361164,7.0576606,4.1246996,8.110555,6.5130744,10.484401,13.120931,12.918095,10.513065,13.064988,14.135868,12.82884,16.41557,13.980383,17.373945,21.439037,20.583416,17.413593,20.56775,18.863518,21.851095,21.369226,25.029749,26.804825,29.975304,28.01248,27.039848,24.548788,25.034899,20.535837,23.547876,20.27064,23.603025,23.303165,23.160658,26.314354,25.537046,22.262955,19.889221,16.862637,14.422118,11.279599,13.412519,10.183044,8.170441,11.559806,11.421913,13.403259,14.264553,18.05103,17.08156,19.983246,19.107145,16.646763,19.072319,14.7288685,17.672817,16.799444,20.102076,24.081697,24.405172,22.464012,22.979202,20.06487,22.440603,19.445717,23.56869
29,15.811956,14.223186,15.668833,10.988144,12.191555,14.017693,13.884167,18.299484,15.972349,22.869904,21.149805,25.554157,25.984335,23.164268,21.8334,17.311901,15.146266,12.11688,9.385139,7.4476776,5.758398,7.991548,6.7323165,10.907708,11.34639,8.86312,10.09514,5.2051716,5.8254085,0.0,7.130769,6.2063074,13.53709,14.9599,16.795334,20.485725,20.981009,18.703253,15.544357,11.719225,12.4791565,7.137268,9.731963,7.591025,5.4820347,6.670428,8.814416,10.33977,13.102512,16.447367,15.0044565,13.904292,13.657617,15.600816,12.933323,16.057613,15.035367,17.689724,22.474909,21.668314,18.304209,22.249102,21.230858,23.656826,23.908794,26.25704,28.928492,32.591965,31.239132,29.885012,28.100391,28.3157,23.737291,26.678188,23.18727,26.674349,25.997831,26.446512,29.114899,28.522749,26.070122,24.272383,21.622139,19.022388,15.488016,18.1266,15.187223,12.097078,15.552045,15.059335,15.836221,17.391724,21.660595,21.390268,24.584318,24.091423,21.985764,24.73936,20.371286,23.472115,22.188025,25.517574,29.482645,29.97966,27.978666,28.684263,25.377768,27.706076,24.388634,28.183361
30,18.614435,15.855709,15.710242,10.72936,9.714897,11.122468,8.606588,12.649702,9.43259,16.599018,15.056795,19.477001,20.134706,17.879913,16.603765,11.932812,10.8432,6.6284423,6.540332,5.4037766,8.272894,10.533841,12.545273,15.291983,17.324478,15.192091,14.09703,9.8705635,6.340995,7.130769,0.0,6.384522,10.116603,12.650846,14.247146,17.770031,19.73871,17.482786,15.009932,11.962182,11.415454,8.045674,6.6525846,5.1575317,9.230027,8.144724,12.847276,12.651061,16.000853,17.961666,16.593855,13.078132,14.46978,13.310238,10.544014,13.000814,9.969385,12.261229,16.648079,15.106033,11.666727,15.238613,14.292078,17.115042,18.123384,20.778376,23.536898,26.632149,24.818432,23.052986,21.33192,21.261145,16.6879,19.76275,16.56902,20.370995,20.316677,21.189175,24.348042,24.67969,22.49067,20.385386,17.593102,14.055089,10.351562,12.248033,10.594513,8.59198,12.431959,13.782845,15.456024,17.644981,21.042624,19.957636,22.601513,21.159492,19.047821,21.490435,16.381266,20.081528,17.414469,21.45006,25.933401,25.607117,23.214075,24.567,20.262241,23.02203,19.921478,23.534922
31,16.589363,15.444415,14.752745,10.261951,11.167609,10.530393,11.564039,13.826111,12.006691,18.094362,16.591314,20.847105,20.650915,17.590464,16.248985,11.925677,9.626654,7.639156,5.271351,7.157297,6.2115026,11.76885,11.804151,15.343206,16.498081,14.72677,16.067135,11.209859,10.034026,6.2063074,6.384522,0.0,8.03828,8.794225,10.809806,14.324403,15.12968,13.170057,9.807019,6.1095943,8.020914,4.9295907,6.7223306,8.919026,9.998737,11.352456,14.522901,15.928629,18.840237,21.65459,19.660036,17.534435,16.795698,16.877853,13.040558,14.818388,13.663444,14.816161,19.791674,18.204847,14.7160225,18.676052,18.32373,20.096867,21.464245,22.488647,26.078636,29.82327,28.924765,27.051392,26.142096,26.08207,21.738506,24.761295,21.60472,25.421354,25.051474,26.384865,29.038784,29.431206,27.835384,26.169115,23.628546,20.24072,16.483557,18.50779,16.38816,13.123449,16.614439,17.106121,17.513128,20.18089,24.095146,23.819477,26.844034,26.022362,24.300007,27.228569,22.426262,26.21598,23.795803,27.753294,32.140972,31.979649,29.589104,30.681728,26.320663,28.738953,25.238394,28.480583
32,23.446434,22.194979,20.138351,16.17493,15.817256,13.303177,13.506852,11.864072,9.652014,13.454466,9.930229,13.7303705,13.968565,10.477746,11.118144,6.851064,7.5658307,7.2807674,9.292186,12.981327,13.832236,19.091635,19.734034,23.183706,24.464466,22.311096,23.067505,18.259138,15.979405,13.53709,10.116603,8.03828,0.0,6.3924036,4.5920277,8.554155,10.550715,8.030089,7.3614693,7.3511734,4.8214192,8.073756,5.875011,11.795011,15.277075,16.540934,20.30583,21.983992,24.419529,26.227083,23.473465,20.441757,19.101336,16.845596,12.523058,11.949291,11.196726,9.831279,14.436323,12.711916,9.910624,14.582896,16.098484,17.635212,21.2921,21.083168,25.614843,28.573156,27.450361,24.418177,24.397686,23.151834,19.120062,21.279123,18.358469,21.962093,21.5733,23.937597,26.108503,27.63088,27.440113,26.35716,24.450935,20.733217,17.281048,19.393393,19.446804,17.53124,20.918652,22.631117,23.448824,26.464025,29.78212,28.99591,31.528133,29.953444,28.234179,30.595308,25.257408,29.01184,25.09778,29.077068,33.559013,33.13354,30.608248,32.892582,27.736183,30.69129,27.69287,30.496252
33,20.024784,19.58829,16.490635,13.781314,14.122168,10.004108,12.9366,10.462847,10.8786955,13.489402,13.506445,16.759274,14.7579,11.519769,9.688466,7.383484,5.0344625,7.917834,8.063559,12.840116,12.811613,18.887932,19.74459,22.505665,24.232235,23.151714,24.549868,19.815609,18.009083,14.9599,12.650846,8.794225,6.3924036,0.0,5.0898724,6.408488,8.474986,8.518156,5.3028903,5.3250847,9.220177,11.431684,11.072635,15.977721,18.489975,19.675083,23.234825,24.328234,27.455805,29.9413,27.750328,24.924501,24.073584,22.559477,18.298824,18.246017,16.983925,15.719758,19.94806,17.040794,14.015019,16.747534,17.374563,17.462055,20.277576,18.731285,23.553337,27.294207,27.398022,25.020508,25.636473,25.402315,22.004412,25.001816,22.845797,26.79502,27.038668,29.384905,31.949339,33.549847,32.895775,31.34594,28.983137,25.007849,21.502174,22.262325,21.067196,18.01623,20.77728,22.092678,21.929436,25.475588,28.71628,28.560207,31.231148,30.205393,29.134825,32.205288,27.382387,31.753658,28.42712,32.91444,37.604744,36.572453,33.804806,35.05182,29.715069,31.914364,28.336002,30.550436
34,24.60273,24.070704,21.36417,18.170158,18.242773,14.620694,16.25999,13.177674,12.406942,14.224148,11.606898,14.423344,13.518329,9.697528,10.474444,8.005696,8.393725,10.288629,11.71176,16.113457,16.246565,22.168343,22.514017,25.88836,27.06183,25.27204,26.695797,21.811905,19.94392,16.795334,14.247146,10.809806,4.5920277,5.0898724,0.0,4.28691,6.091916,4.4998035,4.690434,7.129172,6.793168,11.246742,10.214356,16.207182,19.015461,20.680027,24.117395,26.00741,28.473536,30.522541,27.666498,24.921005,23.133905,21.112587,16.704472,15.648836,15.487496,13.405398,17.4362,15.414945,13.08654,16.91641,18.715902,19.307438,23.24595,21.748528,26.770685,29.90112,29.443794,26.350004,27.030523,25.850115,22.312094,24.436405,21.953289,25.477491,25.19916,27.871538,29.829609,31.630754,31.790888,30.817825,28.96909,25.191057,21.793491,23.512522,23.38116,21.065887,24.191315,25.777378,26.087812,29.405626,32.714832,32.228992,34.808346,33.41925,31.987309,34.585926,29.374893,33.33691,29.412617,33.51802,38.044243,37.429478,34.81211,36.935707,31.571648,34.298237,31.127237,33.551407
35,26.13717,25.920027,22.517582,20.118866,20.165771,15.753685,18.101572,13.670331,14.16156,13.969254,12.84951,14.659301,12.419713,8.9039755,9.358497,9.101378,9.510439,12.7520895,14.213718,18.939022,19.086256,25.152231,25.762545,28.794867,30.226364,28.8254,30.336082,25.491983,23.564997,20.485725,17.770031,14.324403,8.554155,6.408488,4.28691,0.0,4.5918884,5.9965873,6.679996,9.870359,11.000396,15.390967,14.367221,20.24066,23.13036,24.656372,28.177845,29.800114,32.50651,34.616936,31.885044,28.984745,27.400593,25.15093,20.815783,19.504839,19.100637,16.494131,19.856333,17.233644,15.289273,17.95549,19.890072,19.553547,23.727318,21.057568,26.398115,29.515991,29.673948,26.578363,27.949167,26.910439,23.986277,26.164452,24.292028,27.804972,27.89501,30.82839,32.81513,35.00737,35.33933,34.294106,32.41234,28.46898,25.204493,26.243826,26.11538,23.694256,26.445929,28.140041,28.12859,31.717648,34.78062,34.445526,36.91331,35.57944,34.4788,37.225796,32.17407,36.38376,32.365913,36.685677,41.308777,40.291702,37.534058,39.471992,33.84186,36.311222,33.06479,35.00709
36,26.701231,27.159449,24.131882,21.795927,22.532017,18.30827,21.267824,17.693811,17.952772,18.514273,16.699171,18.53712,16.791618,13.19894,13.911998,13.173385,12.896132,15.74474,16.246958,20.815422,19.960403,26.330399,26.025805,29.38782,30.160833,28.731289,31.053885,26.168688,24.968603,20.981009,19.73871,15.12968,10.550715,8.474986,6.091916,4.5918884,0.0,4.0569243,5.503138,9.579985,11.016924,15.554417,15.697909,21.641653,23.466091,25.689379,28.54625,30.867693,33.19631,35.57511,32.55098,30.35962,27.89739,26.476334,21.984,20.73501,21.324625,19.070898,22.773813,20.88327,18.9034,22.217205,24.072096,23.945599,27.786808,25.21595,30.497892,33.859898,34.08637,31.077011,32.26788,31.204388,28.010653,30.072315,27.796873,31.191122,30.825565,33.64127,35.307274,37.14425,37.58405,36.77454,34.98681,31.258436,27.823471,29.492723,29.014046,26.239403,29.179476,30.413998,30.168404,33.64034,37.059673,36.967083,39.680126,38.595825,37.38104,40.23528,35.16274,39.23287,35.45418,39.583378,44.09976,43.498108,40.855675,42.787823,37.380722,39.89053,36.521538,38.69426
