,0,1,2,3,4,5,6,7,8,9,10,11,12,13,14,15,16,17,18,19,20,21,22,23,24,25,26,27,28,29,30,31,32,33,34,35,36,37,38,39,40,41,42,43,44,45,46,47,48,49,50,51,52,53,54,55,56,57,58,59,60,61,62,63,64,65,66,67,68,69,70,71,72,73,74,75,76,77,78,79,80,81,82,83,84,85,86,87,88,89,90,91,92,93,94,95,96,97,98,99,100,101,102,103,104,105,106,107,108
0,0.0,3.9265318,7.178135,9.939499,12.410386,14.684873,17.338976,20.659874,23.429012,25.998356,29.42198,31.405573,34.099533,32.188892,33.32259,29.20088,28.66199,27.192085,26.662724,27.664534,28.303383,31.57585,34.291527,35.871803,35.822998,34.7844,34.068916,34.891342,33.5338,37.35568,32.670044,38.945827,35.103333,37.483723,34.90722,31.11121,29.990793,32.60649,29.909727,26.781418,27.087831,29.229465,26.311468,22.436962,25.43808,26.558525,22.28848,19.887545,23.257343,24.3896,28.503845,25.281572,29.378246,31.41335,32.243877,34.19023,31.643427,35.67932,37.79679,34.100655,34.60579,39.727356,43.040653,43.338326,38.7932,38.05476,43.38382,42.96651,38.50753,41.98078,44.530422,42.24837,38.860424,43.100845,39.318604,43.357586,40.835533,37.204063,38.350105,34.120472,32.180004,30.86069,27.316843,28.427473,28.873085,31.054472,31.995306,36.903786,39.022564,42.734337,44.830532,47.883316,49.189106,46.917896,44.259388,40.328148,38.098335,33.401783,33.216198,27.934336,26.710867,27.755026,22.527052,21.5781,19.584635,20.323595,17.38887,18.910248,15.451916
1,3.9265318,0.0,5.1671615,6.18577,8.865826,11.783322,13.783652,17.65835,19.989063,22.882261,26.159853,28.23411,30.71707,28.824444,29.674032,25.434788,24.922876,23.30894,23.054287,23.938871,24.873806,28.261105,31.118256,32.313103,32.163616,31.096294,30.204802,31.029762,29.630833,33.506992,28.848059,35.21764,31.641123,34.03191,31.252295,27.433104,26.534826,29.133406,26.213417,23.06946,23.702663,25.66778,22.555115,18.863092,22.16815,23.082518,18.615576,16.659456,20.307737,21.536438,25.31884,22.153217,26.566853,28.418673,29.041647,30.760042,28.027205,32.02074,34.35761,30.705984,30.886404,36.106495,39.372776,39.8192,35.25964,34.349323,39.62443,39.150925,34.651695,38.156837,40.638683,38.335392,34.952347,39.225273,35.490593,39.583187,37.092,33.504066,34.845745,30.65261,28.853983,27.83926,24.095716,24.900946,25.13009,27.434692,28.130217,33.1172,35.16099,38.895863,40.987278,44.062054,45.39248,43.13628,40.553406,36.640453,34.465027,29.64999,29.66957,24.26466,23.382654,24.76443,19.439003,18.167444,16.378399,16.539818,13.879981,15.376941,12.353164
2,7.178135,5.1671615,0.0,5.4696836,6.6966743,7.709228,11.20462,13.615854,16.752798,19.030724,22.482971,24.480253,27.347954,25.639101,27.549002,23.408525,23.511995,22.567335,22.859926,24.576174,26.246464,29.704676,33.19013,33.477444,32.80846,31.243761,30.008627,30.15528,28.386356,31.807121,26.880283,32.743355,28.360239,30.88978,28.766773,24.883158,23.48217,26.588453,24.31994,20.953085,21.19843,24.444824,21.553362,17.322294,20.74069,23.116611,18.847118,16.158787,20.460875,20.692757,24.71921,23.092335,26.982141,28.145624,29.417063,31.268602,28.015974,32.120457,34.45298,30.05015,30.069767,35.444782,38.336533,38.518494,33.633224,32.721066,38.07751,37.422695,33.37709,37.450817,39.598965,37.102833,34.29602,39.06321,35.37656,39.864655,37.737732,34.16049,36.27208,31.940306,30.724255,30.217957,26.378658,26.512411,25.885916,28.852459,28.358103,33.75179,35.236023,39.048645,40.831306,43.61729,44.660126,41.760723,38.929234,35.12401,33.309917,28.488962,28.824522,23.825754,23.459213,25.653173,20.607542,19.025465,18.77938,17.559832,16.134438,17.209208,15.230864
3,9.939499,6.18577,5.4696836,0.0,3.7707915,6.9200335,8.163603,12.454781,14.08412,17.460108,20.394135,22.719631,24.965399,23.311909,24.180126,19.61937,19.629383,17.92765,18.788912,19.677486,21.636753,25.239313,28.508446,28.540686,27.987572,26.682241,25.135643,25.66439,23.867939,27.682438,22.745913,29.063015,25.61201,27.924795,25.072908,21.256348,20.437874,23.098444,20.13015,16.904255,17.793003,20.003592,16.753857,13.032316,16.841957,18.188736,13.609884,11.941171,16.307436,17.150627,20.481941,18.302523,22.783445,23.988922,24.664444,26.16376,22.918375,26.931026,29.499586,25.521296,25.239485,30.643137,33.68589,34.176884,29.465412,28.372261,33.64401,33.080086,28.714777,32.497757,34.812798,32.465687,29.311426,33.88384,30.158833,34.536766,32.33097,28.751524,30.809443,26.539162,25.341274,25.039104,21.096945,21.065485,20.440872,23.434498,23.078533,28.47512,30.146042,33.97814,35.971832,39.00374,40.277813,37.744366,35.218575,31.414362,29.569845,24.460842,25.162247,19.70267,19.910973,22.31932,17.11474,15.029235,14.392036,12.360498,11.105913,11.879953,10.553543
4,12.410386,8.865826,6.6966743,3.7707915,0.0,5.4719286,4.937325,9.473617,11.361176,14.306659,17.565315,19.5293,21.883402,19.981272,21.121807,16.92636,16.859993,15.926703,16.47953,18.3726,20.551207,24.04764,27.89867,27.451267,26.50326,24.768028,23.443295,23.46986,21.835356,25.276302,20.737679,26.853003,23.049454,25.93212,23.331621,19.192284,18.582048,21.94072,19.017786,15.440387,17.003893,19.885267,16.311182,12.893105,17.310888,19.011805,14.293989,13.423303,18.141668,18.583364,21.437105,20.011217,24.555,25.238005,25.836254,26.916895,23.208492,27.03025,30.046932,25.940197,24.83833,30.494202,33.19118,33.857742,28.947254,27.412336,32.54088,31.581942,27.453156,31.702267,33.49059,30.774794,28.095434,32.91934,29.548855,34.101543,31.969322,28.697384,31.167513,27.215916,26.274683,26.537657,22.330744,21.631433,20.458887,23.399689,22.233845,27.597788,28.80116,32.590275,34.23359,36.944008,37.967205,35.114758,32.36074,28.54452,26.74558,21.821615,22.373886,17.306602,17.540762,20.392508,15.55868,13.451198,14.435252,11.97327,12.003357,13.249056,12.995699
5,14.684873,11.783322,7.709228,6.9200335,5.4719286,0.0,6.193416,6.6505437,9.57383,12.043498,15.07128,17.477804,20.287905,19.12681,21.758978,17.353352,18.61128,17.99254,19.936092,21.849056,24.793337,28.323837,32.2476,30.999067,29.736818,27.791004,25.644909,25.11265,22.6616,25.655344,20.240644,25.583103,20.865961,23.274446,21.523222,17.721733,15.951641,19.409126,17.683493,14.228304,14.291969,18.690514,16.088017,11.694085,15.377496,19.10316,15.388113,12.702055,17.557402,16.7302,20.179585,20.579218,23.934912,24.01906,25.676233,27.347214,23.476181,27.49811,29.912783,24.884525,24.409195,29.866348,32.262444,32.303234,27.166029,26.131723,31.458488,30.664711,27.11488,31.682377,33.486183,30.941032,28.744493,33.962914,30.3599,35.221157,33.65272,30.16644,33.284515,28.93256,28.637402,28.999071,25.199816,24.297369,22.465801,26.316715,24.211206,30.026253,30.819994,34.674255,36.202026,38.788918,39.646103,36.182625,33.369602,29.833586,28.66553,23.619135,24.968401,20.362057,21.515,24.961689,20.4705,18.122084,19.412766,15.814555,16.312284,16.340763,16.337114
6,17.338976,13.783652,11.20462,8.163603,4.937325,6.193416,0.0,6.112005,6.7603064,9.938658,12.977285,14.90069,17.020226,15.164932,16.451416,12.226938,12.690342,12.338906,13.801248,16.231247,19.243618,22.636507,26.91055,25.362621,23.903917,21.773827,20.060001,19.48049,17.625662,20.70359,16.266016,22.154678,18.300575,21.51575,19.007778,14.6697035,14.408793,18.262466,15.37075,11.5774555,13.989525,17.32887,13.60824,10.872934,15.707903,17.744484,13.355661,13.459962,18.240908,18.199392,20.163269,19.91938,24.266148,24.203827,24.72023,25.331985,21.137314,24.678776,28.051455,23.811928,21.830034,27.630568,29.894981,30.717218,25.678396,23.713337,28.650702,27.371609,23.548159,28.238184,29.539423,26.583397,24.431765,29.555046,26.483934,31.252018,29.415253,26.428053,29.563967,25.888739,25.5388,26.548912,22.319326,20.733807,18.672235,21.921642,19.479557,24.947706,25.538483,29.301653,30.63983,33.10338,33.935337,30.705694,27.886976,24.182928,22.7274,17.731276,18.834188,14.200758,15.514495,19.284851,15.219019,12.714416,15.308645,11.363744,13.213008,13.9958935,15.2748375
7,20.659874,17.65835,13.615854,12.454781,9.473617,6.6505437,6.112005,0.0,4.8386965,5.481509,9.053732,10.949119,14.033738,12.850648,16.609125,13.013383,14.898625,15.740168,17.943768,20.959047,24.41578,27.606829,32.14295,29.819069,27.894636,25.342274,23.193043,21.64104,19.207272,21.192327,16.42769,20.841055,15.346808,18.71368,17.71099,13.617212,12.0991125,16.804565,15.591087,11.956473,13.081075,18.417118,15.7712555,12.603382,16.572159,20.583403,17.259123,16.053698,20.795568,19.474707,21.68261,23.372648,26.578888,25.744635,27.212292,28.16039,23.726719,27.215294,30.16711,25.07505,23.259838,28.828114,30.460617,30.732695,25.41892,23.686377,28.565878,27.128681,24.296013,29.562428,30.404325,27.37394,26.230625,31.77975,28.834007,33.883747,32.661827,29.748869,33.584194,29.803658,30.086123,31.323666,27.391674,25.510794,22.794699,26.613659,23.065447,28.6612,28.526747,32.18928,33.087894,35.07541,35.479595,31.3641,28.27963,24.975216,24.285353,19.677284,21.294315,17.904976,19.743954,23.933794,20.544342,18.194487,21.369648,17.070066,19.17563,19.372112,20.679955
8,23.429012,19.989063,16.752798,14.08412,11.361176,9.57383,6.7603064,4.8386965,0.0,4.820931,6.453147,9.148764,11.094415,10.306807,13.089835,8.776107,11.509235,11.997151,15.55857,17.922438,21.971272,25.094208,29.476522,26.425423,24.36154,21.884148,19.088593,17.453524,14.611381,16.711658,11.606197,16.381018,11.726599,14.990071,13.244321,8.954602,8.216289,12.92157,11.18558,7.5363855,9.912153,14.666756,11.916006,9.947302,14.020638,17.458662,14.595899,14.631186,18.962927,17.766445,18.834955,20.940521,24.137398,22.917416,23.94935,24.410603,19.809095,22.98752,26.18896,21.361273,18.850006,24.452,25.938612,26.493736,21.246128,19.140718,23.905079,22.400942,19.486195,24.8117,25.566484,22.567915,21.462694,27.061834,24.210106,29.29048,28.254066,25.497484,29.647892,26.096409,26.776333,28.47999,24.706167,22.32258,19.12382,23.121843,18.910063,24.51968,24.158728,27.810156,28.745813,30.844799,31.374958,27.360186,24.565704,21.37252,20.96232,16.021048,18.504484,15.14189,18.110758,22.66983,19.68278,16.985939,20.32354,15.108093,18.076902,17.734331,20.040295
9,25.998356,22.882261,19.030724,17.460108,14.306659,12.043498,9.938658,5.481509,4.820931,0.0,4.311711,5.4696083,8.719619,7.855858,12.905939,10.425643,13.107621,15.099556,17.749521,21.174488,25.005053,27.809889,32.584377,29.308952,26.89426,23.97702,21.679234,19.257612,16.801645,17.643272,13.688108,16.787914,10.724063,14.965751,14.754025,10.79862,9.824247,15.160178,14.571152,11.407352,13.273162,18.670252,16.341509,14.552748,18.171343,22.082249,19.402727,19.200909,23.53539,21.952282,23.08283,25.69705,28.604504,27.09508,28.365957,28.734276,24.06739,26.952633,30.176794,25.23147,22.424055,27.796799,28.708218,29.162426,23.912092,21.64869,25.9262,23.975973,21.945972,27.623526,27.619326,24.294369,24.170656,29.838404,27.511213,32.57729,31.754303,29.376446,33.733566,30.478792,31.281668,33.156586,29.326717,26.77639,23.45183,27.181328,22.545435,27.753174,26.803951,30.195372,30.557007,32.017467,32.045895,27.38364,24.184624,21.258652,21.212877,17.14778,19.249386,17.20995,19.81895,24.44524,22.105827,19.804316,23.950327,19.225609,22.280024,22.355633,24.496561
10,29.42198,26.159853,22.482971,20.394135,17.565315,15.07128,12.977285,9.053732,6.453147,4.311711,0.0,3.8529983,5.8679566,6.905106,12.051708,9.71919,13.478239,15.265665,19.072498,21.819931,26.10441,28.77789,33.32992,29.321535,26.74771,23.910267,20.891571,18.16033,15.133117,15.349767,11.134387,13.02177,6.5340285,10.733151,11.128867,7.835139,6.784904,12.073394,12.364277,10.075651,11.704177,16.997225,15.436707,14.511492,17.338684,21.40263,19.6543,19.715467,23.49658,21.578678,21.928446,25.52579,27.814013,25.746368,27.093864,27.282927,22.6194,25.125984,28.156006,23.18306,20.120699,25.106363,25.532465,25.873188,20.716349,18.404373,22.380676,20.382341,18.999313,24.786844,24.525082,21.369589,21.820242,27.538164,25.355457,30.428818,30.098288,27.885885,32.663204,29.552294,30.894096,33.094643,29.624512,26.751617,22.994265,27.002422,21.684181,26.784788,25.420778,28.66872,28.916035,30.280926,30.263226,25.371332,22.465878,20.019709,20.676762,16.698875,19.72284,18.173615,21.65205,26.469265,24.483133,21.989647,26.03311,20.70562,24.138159,23.607527,26.267939
11,31.405573,28.23411,24.480253,22.719631,19.5293,17.477804,14.90069,10.949119,9.148764,5.4696083,3.8529983,0.0,3.997763,4.492787,11.034219,10.561965,13.668913,16.539114,19.371572,22.91691,26.905241,29.250862,34.098797,29.998386,27.180237,24.020054,21.670643,18.44112,16.14343,15.436112,12.9422035,13.820987,7.376524,12.512857,13.497439,10.4339075,10.2969055,15.374224,15.57456,13.358771,15.502493,20.463821,18.639711,18.038578,21.100845,24.773499,22.758923,23.23991,27.126348,25.366222,25.60363,28.927092,31.472162,29.416151,30.507927,30.363377,25.665735,27.864368,31.210718,26.557604,22.960176,27.867548,27.972784,28.577309,23.608902,20.917675,24.296167,21.82329,20.888607,26.767534,25.809032,22.274912,23.364643,28.946217,27.351942,32.275425,31.90591,30.127234,34.8766,32.1871,33.45324,35.840153,32.19731,29.15375,25.419107,28.93852,23.476372,28.06933,26.30045,29.277027,29.029726,29.841475,29.419287,24.170134,20.915754,18.636007,19.446999,16.353468,18.854988,18.404821,21.536327,26.308027,24.96837,22.814974,27.532127,22.659235,26.280684,26.246058,28.925945
12,34.099533,30.71707,27.347954,24.965399,21.883402,20.287905,17.020226,14.033738,11.094415,8.719619,5.8679566,3.997763,0.0,3.7428043,8.847018,9.36796,12.729247,15.656764,18.950151,22.051304,26.204311,28.263899,32.93927,28.251947,25.269121,22.142809,19.535858,15.9739485,13.711551,12.1336975,10.724931,10.416417,5.0929527,10.62105,11.459051,9.074036,10.225044,14.564655,14.676232,13.203519,15.934005,19.898165,18.264338,18.753323,21.539616,24.508307,22.955952,24.253157,27.70396,26.112144,25.503845,28.974882,31.433638,29.12936,29.796415,29.143421,24.515242,26.148645,29.672745,25.526999,21.249783,25.839972,25.537237,26.475977,21.83137,18.69693,21.425755,18.620865,18.143724,24.002733,22.509665,18.869848,20.566633,25.99096,24.872927,29.621048,29.500715,28.14465,33.06492,30.834555,32.398136,35.151848,31.71054,28.334112,24.378998,27.686628,21.767477,25.881231,23.66229,26.379068,25.884598,26.4858,25.974144,20.595642,17.542866,15.646687,17.029444,14.309117,17.413666,17.680803,21.409266,26.222958,25.433708,23.256893,28.0603,22.988544,27.005035,26.776339,29.948227
13,32.188892,28.824444,25.639101,23.311909,19.981272,19.12681,15.164932,12.850648,10.306807,7.855858,6.905106,4.492787,3.7428043,0.0,6.828718,8.017468,10.337524,13.992411,16.186375,20.036478,23.81283,25.803518,30.749006,26.477983,23.49756,20.166145,18.356081,14.850482,13.380858,12.286238,11.580442,12.864524,8.449902,13.959104,13.808205,10.500491,12.064086,16.75582,15.843396,13.681583,17.164015,20.922127,18.487078,18.837523,22.342072,24.770704,22.471548,24.147934,27.929533,26.77559,26.429071,28.981949,32.12052,30.235123,30.549297,29.756033,25.07224,26.839987,30.779118,26.890854,22.418102,27.41801,27.514582,28.785402,24.086317,20.7371,23.64873,20.769653,19.558403,25.343569,23.923985,19.980946,21.184856,26.52052,25.4853,30.17486,29.56268,28.265385,32.834038,30.733225,31.866894,34.541256,30.768358,27.464533,23.795248,26.636642,21.114096,25.10035,23.080976,25.859165,25.343555,25.941729,25.432207,20.294538,16.862392,14.343158,15.021527,12.343511,14.654971,15.04535,18.267134,23.013391,22.397501,20.460052,25.663298,21.117584,25.12818,25.476969,28.508455
14,33.32259,29.674032,27.549002,24.180126,21.121807,21.758978,16.451416,16.609125,13.089835,12.905939,12.051708,11.034219,8.847018,6.828718,0.0,5.5864296,5.8711634,9.888263,11.709175,15.032011,18.655172,20.13304,24.901808,20.171062,17.022058,13.638545,12.234173,8.465606,8.510053,7.3891,9.701291,12.16244,11.704398,16.279636,14.194101,11.16663,14.571851,18.035524,15.562798,13.934595,18.76873,20.336882,17.30751,19.220514,22.905144,23.29737,20.955503,24.366188,27.62146,27.37784,26.04511,27.46174,31.242292,29.632076,28.757748,27.011347,22.581778,23.597393,28.253504,25.691093,20.19196,25.098005,25.337416,27.55166,23.44785,19.401491,21.642088,18.522316,16.567703,21.797344,20.040953,15.752907,16.651781,21.435995,21.119864,25.345724,24.36114,23.74735,27.963125,26.759335,27.766571,30.851824,27.12249,23.470825,19.963078,21.757732,16.234507,19.205229,16.929455,19.500204,18.874857,19.59773,19.35997,14.934125,11.70699,8.416966,8.627281,5.6943207,8.753088,10.145616,14.117024,18.712399,19.056944,17.28025,22.580969,18.381884,22.856594,23.407448,27.02331
15,29.20088,25.434788,23.408525,19.61937,16.92636,17.353352,12.226938,13.013383,8.776107,10.425643,9.71919,10.561965,9.36796,8.017468,5.5864296,0.0,4.5294905,6.2894425,10.608695,12.774945,17.16029,19.525173,23.974571,19.65969,17.02961,14.247679,11.380711,8.90245,6.7357736,8.567896,6.3813534,11.66338,10.58814,14.407499,11.244431,7.299705,10.586673,13.971248,10.774817,8.626643,13.733258,15.267323,11.956775,13.650682,17.471722,18.037722,15.60753,18.789375,22.080791,21.855614,20.75957,22.166016,25.940973,24.487442,23.864689,22.617857,18.015585,19.76155,24.170088,21.070503,16.188616,21.631622,22.578959,24.439766,19.920246,16.307785,19.752563,17.37013,14.311018,19.654171,19.250443,15.532077,14.953099,20.30115,18.692078,23.426216,22.31314,20.722923,25.035934,22.917355,23.897602,26.655197,22.9246,19.497683,15.845956,18.659346,13.254145,17.739183,16.458904,19.800316,20.266226,22.11774,22.623117,18.87683,16.316391,13.027083,12.731008,7.6245227,11.286947,9.309762,13.859796,18.666288,17.473404,14.982377,19.37987,14.24144,18.612553,18.580898,22.207163
16,28.66199,24.922876,23.511995,19.629383,16.859993,18.61128,12.690342,14.898625,11.509235,13.107621,13.478239,13.668913,12.729247,10.337524,5.8711634,4.5294905,0.0,4.8342667,6.4056487,9.797448,13.531615,15.6412,20.482176,16.625822,13.973372,10.889997,9.684255,7.681774,7.925616,10.0330305,10.138128,15.339241,14.844953,18.849453,15.517753,11.744509,14.967036,18.21187,14.438591,12.159808,17.455025,18.261642,14.303632,16.082886,20.359064,19.78133,16.580267,20.552635,23.898903,24.366835,23.346952,23.37763,27.93786,27.02235,25.74403,24.096315,19.762135,21.28592,26.151863,23.826567,18.756872,24.185753,25.403402,27.711346,23.500088,19.73944,22.828083,20.36103,16.913208,21.644257,21.109234,17.223015,16.201714,20.88076,19.756075,24.020742,22.253832,21.072334,24.66964,23.11944,23.471888,26.21492,22.141079,18.7745,15.769252,17.329468,12.805889,16.445269,15.435763,18.63032,19.010782,20.815722,21.379995,18.321304,15.642819,11.7906885,10.228113,5.0519533,7.3144193,5.006506,9.4986105,14.277048,13.710256,11.617947,16.718641,12.663926,17.124258,18.035732,21.571136
17,27.192085,23.30894,22.567335,17.92765,15.926703,17.99254,12.338906,15.740168,11.997151,15.099556,15.265665,16.539114,15.656764,13.992411,9.888263,6.2894425,4.8342667,0.0,6.646701,6.67222,11.346683,14.084307,18.17441,14.4597,12.446082,10.419966,7.7252584,7.771173,7.021508,11.120815,9.527188,15.976218,16.415937,19.284853,14.962052,11.552542,14.722388,16.870977,12.238332,10.334147,15.642346,14.987877,10.721162,13.21424,17.291311,15.528653,12.359183,17.158426,19.995602,20.998873,19.617502,18.923084,23.72821,23.12135,21.399492,19.672916,15.505923,17.199049,22.09906,20.170958,15.383664,20.903522,22.756794,25.132309,21.11859,17.661951,21.141281,19.337019,14.935041,19.01787,19.541878,16.305136,13.830036,18.375362,16.455711,20.76265,18.70843,16.965937,20.385038,18.469019,18.728836,21.41784,17.41081,14.0133915,10.990939,12.93062,8.695678,13.29345,13.32091,17.000961,18.368473,21.148582,22.423431,20.266386,18.371582,14.762497,13.201692,7.6174626,10.328184,5.6959405,10.473795,14.713846,13.113181,10.418684,13.9970665,9.054503,13.670027,13.931388,17.886055
18,26.662724,23.054287,22.859926,18.788912,16.47953,19.936092,13.801248,17.943768,15.55857,17.749521,19.072498,19.371572,18.950151,16.186375,11.709175,10.608695,6.4056487,6.646701,0.0,6.111494,8.007795,10.229551,15.42268,13.264201,11.406127,8.921766,10.254939,10.501903,12.258204,15.141958,15.559752,21.295275,21.142063,24.911213,21.103434,17.364399,20.306334,23.187094,18.730165,16.337278,21.494148,21.341558,16.835993,18.429638,22.988836,20.981367,16.921108,21.578491,24.77903,26.220757,25.463675,23.515493,28.997227,28.964039,26.961285,25.115812,21.364122,22.880491,27.949812,26.489084,21.819233,27.174685,29.038427,31.64227,27.74799,24.187553,27.28486,25.160133,21.01203,24.741886,24.742895,21.198305,19.065037,22.72266,21.638401,25.218937,22.534946,21.464588,23.73889,22.606907,21.883327,24.223051,19.78393,16.965158,15.34349,15.216299,13.087248,15.724032,15.959519,18.975983,19.821304,22.00987,23.000595,21.3958,19.094105,15.115134,12.168992,8.385401,7.223883,1.8128973,3.8466914,8.241991,7.782802,6.2659755,11.76458,9.907788,13.844915,16.026459,19.134026
19,27.664534,23.938871,24.576174,19.677486,18.3726,21.849056,16.231247,20.959047,17.922438,21.174488,21.819931,22.91691,22.051304,20.036478,15.032011,12.774945,9.797448,6.67222,6.111494,0.0,4.9559355,7.919886,11.638029,9.165193,8.326912,7.8011384,7.6525445,10.263079,11.651333,15.651938,15.525465,21.695505,22.991552,25.625954,20.968071,18.003216,21.129711,22.665363,17.666855,16.171886,21.111412,19.051527,14.758293,17.430561,21.280222,17.523056,14.056478,19.829742,21.983162,24.115044,22.55123,19.649893,25.26358,25.54356,22.690355,20.345959,17.238192,18.322596,23.448061,23.079874,18.589401,23.485132,25.822693,28.695887,25.423798,22.121025,25.0475,23.55032,18.738253,21.286436,22.144892,19.387905,15.957409,18.812674,17.358168,20.470222,17.360147,16.148945,17.827114,16.943813,16.017735,18.565931,14.362007,11.318023,10.23058,9.150814,8.362603,10.772403,12.345349,15.608515,17.54927,20.799986,22.62333,22.171427,20.882566,17.329395,14.762892,10.646406,11.160733,6.287903,8.762408,11.084698,9.981869,8.04974,10.247178,7.8849387,11.750576,13.006917,16.771717
20,28.303383,24.873806,26.246464,21.636753,20.551207,24.793337,19.243618,24.41578,21.971272,25.005053,26.10441,26.905241,26.204311,23.81283,18.655172,17.16029,13.531615,11.346683,8.007795,4.9559355,0.0,3.7392983,7.8162227,8.0951805,8.494691,8.875995,11.21974,13.978863,16.226574,19.78723,20.387068,26.35899,27.600878,30.483362,25.896189,22.847363,25.906017,27.584599,22.566477,20.939041,25.772684,23.660402,19.351152,21.653439,25.569546,21.400454,17.690601,23.34846,25.399273,27.955133,26.641138,22.737032,28.67339,29.443077,26.258873,23.816523,21.281765,22.141525,27.177874,27.377443,23.136778,27.7335,30.174833,33.205082,30.170435,26.90879,29.58583,28.076057,23.321083,25.356148,26.111097,23.437777,20.030218,21.990166,21.035557,23.355677,19.807234,19.113647,19.51521,19.395685,17.620789,19.7011,15.547063,13.377082,13.731808,10.905867,12.376896,12.924227,14.941393,17.451864,19.266996,22.291567,24.146358,24.533184,23.350441,19.85245,16.711075,13.885872,12.695558,8.886704,8.4798765,8.357848,8.28244,7.928406,9.224001,10.173601,12.660756,14.990236,17.952698
21,31.57585,28.261105,29.704676,25.239313,24.04764,28.323837,22.636507,27.606829,25.094208,27.809889,28.77789,29.250862,28.263899,25.803518,20.13304,19.525173,15.6412,14.084307,10.229551,7.919886,3.7392983,0.0,5.527071,6.554814,7.412731,8.417901,12.226301,14.966683,17.995167,20.986206,22.67556,28.130236,29.862577,32.836132,28.30897,25.461987,28.794067,30.427818,25.46887,24.041906,29.027113,26.737337,22.567244,25.170017,28.991798,24.613619,21.20157,26.99522,28.88126,31.471094,29.869463,25.973114,31.811062,32.521194,29.053179,26.224089,23.947052,24.261768,29.400846,30.132128,25.552862,29.795218,31.99027,35.30264,32.58049,29.115294,31.242786,29.563574,25.072378,26.742819,27.038057,24.36222,21.284487,22.517258,22.349453,24.045397,20.4232,20.533978,20.483086,21.310194,19.545734,21.798649,18.048271,15.88958,16.408564,12.742389,14.36355,13.311442,15.042335,16.79077,18.2595,20.952166,22.791191,23.917654,23.03258,19.824568,16.518154,14.92103,13.034866,10.883558,9.929189,8.567746,10.480848,10.961516,12.391638,13.912183,16.221865,18.563663,21.437977
22,34.291527,31.118256,33.19013,28.508446,27.89867,32.2476,26.91055,32.14295,29.476522,32.584377,33.32992,34.098797,32.93927,30.749006,24.901808,23.974571,20.482176,18.17441,15.42268,11.638029,7.8162227,5.527071,0.0,6.653134,9.505053,12.133827,15.135622,18.61481,21.434647,24.603802,26.192184,31.572517,34.03048,36.434864,31.587572,29.209875,32.550472,33.47362,28.409702,27.475573,32.161816,28.869967,25.09075,28.039639,31.303598,25.937023,23.140411,29.167532,30.246216,33.30856,31.305136,26.620838,32.31989,33.395855,29.310242,26.156979,24.83067,24.587988,29.40068,31.216068,27.050476,30.545527,32.95794,36.43776,34.369034,31.192041,32.94581,31.71032,27.09872,27.623022,28.369125,26.410995,22.799633,22.792065,22.783792,23.405914,19.483622,20.01185,18.505983,20.292377,18.053827,20.053568,17.149204,15.656617,17.297703,12.35908,15.945752,13.447853,16.104412,17.180187,19.229122,22.322401,24.65439,26.879696,26.70505,23.924654,20.90073,19.473225,18.136135,15.987725,15.371196,13.499485,14.890104,15.3541355,14.744454,16.837751,18.274523,20.117785,22.790764
23,35.871803,32.313103,33.477444,28.540686,27.451267,30.999067,25.362621,29.819069,26.425423,29.308952,29.321535,29.998386,28.251947,26.477983,20.171062,19.65969,16.625822,14.4597,13.264201,9.165193,8.0951805,6.554814,6.653134,0.0,3.4241292,6.9591146,9.314832,12.865119,15.93063,18.670586,21.06267,25.762178,29.016432,31.180178,26.413778,24.523855,28.260063,28.920864,24.093832,23.650068,28.556845,25.167488,21.701721,25.414043,28.449656,23.424292,21.298302,27.586813,28.669828,31.173244,28.495514,25.214033,30.389915,30.666344,26.685581,23.090961,21.307127,20.508558,25.691414,27.450697,22.426502,25.77397,27.636747,31.33373,29.395458,25.86438,27.07919,25.58961,21.328571,21.956848,22.096054,19.993422,16.80799,16.840021,17.460993,18.323845,14.768588,15.912762,15.858817,17.913454,16.972012,20.099129,17.287006,14.388645,14.450973,10.167645,11.29034,7.8211384,9.633675,10.776318,12.810897,16.185625,18.656609,20.733044,20.884562,18.40398,15.915314,14.560129,14.369555,13.060622,14.462501,14.533378,16.149248,15.675796,16.727322,16.32184,19.182358,20.153706,23.811987
24,35.822998,32.163616,32.80846,27.987572,26.50326,29.736818,23.903917,27.894636,24.36154,26.89426,26.74771,27.180237,25.269121,23.49756,17.022058,17.02961,13.973372,12.446082,11.406127,8.326912,8.494691,7.412731,9.505053,3.4241292,0.0,3.7173114,6.756141,9.780094,13.305761,15.625838,18.629957,23.017277,26.22962,28.644253,24.1086,22.162989,26.058868,27.016739,22.372686,21.85388,26.97049,24.108149,20.597023,24.340326,27.549381,23.18786,21.006378,27.147993,28.6003,30.69577,28.041399,25.569792,30.60072,30.48021,26.868557,23.357334,21.006273,20.3108,25.677841,26.873848,21.386751,25.017775,26.527224,30.20406,27.998344,24.181538,25.339067,23.46987,19.481565,20.791206,20.349506,17.734367,15.175371,15.917437,16.778759,18.250772,15.139704,16.27063,17.322123,18.946482,18.543924,21.898289,18.831976,15.480374,14.581389,11.388997,10.481437,7.7263722,8.079563,9.55085,10.934138,14.004392,16.183762,17.653439,17.562052,14.988151,12.5415535,11.361295,11.370494,10.834312,12.92061,13.858898,15.7639475,15.083975,17.329876,16.110863,19.598425,20.56006,24.434242
25,34.7844,31.096294,31.243761,26.682241,24.768028,27.791004,21.773827,25.342274,21.884148,23.97702,23.910267,24.020054,22.142809,20.166145,13.638545,14.247679,10.889997,10.419966,8.921766,7.8011384,8.875995,8.417901,12.133827,6.9591146,3.7173114,0.0,5.7235503,7.331679,11.352156,13.244891,16.646591,20.919704,23.570316,26.49772,22.306292,20.009916,23.937387,25.492373,21.044582,20.161549,25.480818,23.499615,19.794086,23.223164,26.78405,23.303656,20.777096,26.570446,28.572033,30.26685,27.937193,26.116846,31.128942,30.742674,27.65097,24.4665,21.490723,21.231756,26.669527,27.024914,21.304646,25.428644,26.694134,30.181963,27.49235,23.461422,24.858881,22.582344,18.853552,21.161062,20.255688,16.99332,15.1723995,17.003353,17.734388,19.978384,17.285425,18.030092,19.93112,20.853685,20.688543,24.001503,20.54012,17.02313,15.429371,13.3900585,11.008319,9.929315,9.154202,11.039055,11.544307,13.882319,15.429731,15.732696,14.921449,11.895066,9.1459,7.948557,7.6986938,8.027049,10.565808,12.418521,14.5357895,13.764045,17.276524,15.571002,19.507366,20.701004,24.568531
26,34.068916,30.204802,30.008627,25.135643,23.443295,25.644909,20.060001,23.193043,19.088593,21.679234,20.891571,21.670643,19.535858,18.356081,12.234173,11.380711,9.684255,7.7252584,10.254939,7.6525445,11.21974,12.226301,15.135622,9.314832,6.756141,5.7235503,0.0,4.220449,6.643654,9.683268,11.940563,16.51132,19.844427,21.943613,17.356672,15.617443,19.619814,20.416315,15.9828415,15.767623,20.868143,18.312716,15.078811,19.135998,22.113138,18.683882,17.012257,22.782032,24.391994,25.793312,22.968458,22.030499,26.463587,25.663046,22.720263,19.532673,16.323715,15.977827,21.392946,21.55567,15.651758,19.801674,21.085402,24.488552,21.799994,17.819979,19.413065,17.414774,13.285908,15.777155,15.380508,12.308871,9.791189,12.637404,12.570574,15.663507,13.45666,13.571557,16.69295,16.906906,17.619158,21.240496,18.115017,14.121831,11.409002,10.98363,6.2570467,7.0954013,5.9374027,9.360802,10.840142,14.1224785,16.009113,15.482381,14.966486,12.186173,10.861669,7.398981,10.334227,8.948748,13.375704,16.359253,16.81437,14.9895315,17.839426,14.2321615,18.500574,18.488504,22.828545
27,34.891342,31.029762,30.15528,25.66439,23.46986,25.11265,19.48049,21.64104,17.453524,19.257612,18.16033,18.44112,15.9739485,14.850482,8.465606,8.90245,7.681774,7.771173,10.501903,10.263079,13.978863,14.966683,18.61481,12.865119,9.780094,7.331679,4.220449,0.0,4.5791616,6.0469537,9.887304,13.589041,16.69638,19.344051,15.369249,13.521403,17.712055,19.130503,15.307683,14.910119,20.120077,18.73032,15.666496,19.36973,22.496742,20.340773,18.649847,23.76713,25.862709,26.633835,24.043463,24.204317,28.282051,27.01503,24.73551,21.887465,18.183603,18.06875,23.288963,22.600132,16.42996,20.748549,21.395098,24.573092,21.508827,17.222809,18.69071,16.03851,12.776569,16.433395,15.041611,11.1362295,10.422762,14.17143,14.441595,17.961727,16.499619,16.627588,20.386839,20.266598,21.319635,24.892422,21.659126,17.658884,14.42856,14.956596,9.460768,10.939436,8.52421,11.324522,11.519517,13.676334,14.759371,12.737228,11.530524,8.550701,7.907275,4.22802,8.516248,8.782592,13.603899,17.292221,18.022266,16.192991,20.11937,16.124102,20.672558,20.769693,25.020842
28,33.5338,29.630833,28.386356,23.867939,21.835356,22.6616,17.625662,19.207272,14.611381,16.801645,15.133117,16.14343,13.711551,13.380858,8.510053,6.7357736,7.925616,7.021508,12.258204,11.651333,16.226574,17.995167,21.434647,15.93063,13.305761,11.352156,6.643654,4.5791616,0.0,4.883553,5.4862375,10.217713,13.320461,15.340865,10.979436,9.340145,13.551605,14.576823,10.8491335,10.869599,15.849263,14.562573,11.936432,15.772168,18.485275,17.044992,15.9384165,20.51495,22.519733,22.833237,20.165846,21.34863,24.857151,23.21588,21.483866,19.0931,14.990079,15.334769,20.210949,18.69535,12.622209,17.319853,18.01969,20.78125,17.277699,13.07213,15.326565,12.923801,9.286137,13.906859,13.220587,9.547501,8.534889,13.649439,12.674626,17.097874,16.213549,15.379947,19.941977,18.809841,20.387573,23.83175,20.789757,16.813103,12.889262,15.08855,8.719731,12.215247,10.300539,13.59032,14.369817,16.825268,17.944586,15.242222,14.028905,11.435918,11.652281,7.0314183,11.913868,10.647797,15.874465,20.034616,19.613752,17.204494,20.630388,15.508592,20.018831,19.311743,23.62923
29,37.35568,33.506992,31.807121,27.682438,25.276302,25.655344,20.70359,21.192327,16.711658,17.643272,15.349767,15.436112,12.1336975,12.286238,7.3891,8.567896,10.0330305,11.120815,15.141958,15.651938,19.78723,20.986206,24.603802,18.670586,15.625838,13.244891,9.683268,6.0469537,4.883553,0.0,7.1381187,8.002899,12.072097,14.409022,11.340321,10.559487,14.765801,16.037548,13.631685,13.905837,18.443012,17.995485,16.038418,19.556837,22.014755,21.371803,20.570684,24.670736,26.762796,26.603218,23.881817,25.879314,28.90114,26.824987,25.40077,22.945946,18.980059,18.818655,23.389318,21.841984,15.622605,19.516127,19.149488,21.894058,18.686916,14.244385,15.221025,11.926002,10.349933,15.13691,12.751864,8.396749,10.234679,14.8290205,15.139443,19.086536,18.877111,18.856821,23.555317,22.971495,24.827948,28.434046,25.558393,21.52263,17.613419,19.467789,13.100832,15.258731,12.154656,14.422593,13.927789,15.125704,15.444751,11.521223,10.14429,8.413006,10.143206,7.589698,12.396429,13.358259,18.295883,22.48437,22.877714,20.782482,24.890102,20.036537,24.613632,24.100054,28.341433
30,32.670044,28.848059,26.880283,22.745913,20.737679,20.240644,16.266016,16.42769,11.606197,13.688108,11.134387,12.9422035,10.724931,11.580442,9.701291,6.3813534,10.138128,9.527188,15.559752,15.525465,20.387068,22.67556,26.192184,21.06267,18.629957,16.646591,11.940563,9.887304,5.4862375,7.1381187,0.0,6.9899826,8.829072,10.244354,5.7740917,4.1038837,8.324178,9.400658,6.6369996,7.0672016,11.320413,11.470111,9.84841,12.950038,15.096046,15.658675,15.192066,18.276867,20.453312,19.795301,17.475674,20.39928,22.958805,20.732653,20.221973,18.827656,14.334474,15.51476,19.435286,16.320255,11.036453,15.978107,16.455236,18.22486,13.862277,10.029731,13.483321,11.383565,8.475059,14.186703,14.064297,11.010603,10.687687,16.413866,14.418682,19.391582,19.239992,17.529823,22.618092,20.391182,22.380587,25.43526,22.588175,18.9502,14.680389,18.380726,12.121734,16.723074,15.13899,18.388952,19.193089,21.408928,22.23205,18.631643,17.124907,14.913183,15.773651,11.130355,15.910951,14.141203,19.209517,23.762196,22.463665,19.710165,22.911362,17.021982,21.21903,19.869263,23.89914
31,38.945827,35.21764,32.743355,29.063015,26.853003,25.583103,22.154678,20.841055,16.381018,16.787914,13.02177,13.820987,10.416417,12.864524,12.16244,11.66338,15.339241,15.976218,21.295275,21.695505,26.35899,28.130236,31.572517,25.762178,23.017277,20.919704,16.51132,13.589041,10.217713,8.002899,6.9899826,0.0,7.2488356,7.1263404,5.88331,7.9892893,10.841422,11.018471,11.363209,12.80107,15.285348,16.008007,15.951065,18.769835,19.841425,21.24066,21.718927,24.142262,25.928791,24.57229,21.891638,26.134277,27.564528,24.592823,24.53814,23.043833,19.068502,19.26525,22.406584,19.466074,14.366357,17.454332,16.143055,17.586842,14.011718,10.24492,11.376793,8.290663,9.300355,14.73608,12.789351,9.969453,12.745958,17.726519,16.989782,21.337204,22.319656,21.48183,26.888273,25.294657,27.88809,31.199928,28.850601,25.092445,20.757399,24.162308,17.620316,20.918447,18.22585,20.490808,20.322737,21.438183,21.564186,17.050816,15.963687,15.311687,17.649677,14.846264,19.628597,19.669891,24.674631,29.242691,28.666447,26.130117,29.745571,23.9775,28.208252,26.765846,30.779455
32,35.103333,31.641123,28.360239,25.61201,23.049454,20.865961,18.300575,15.346808,11.726599,10.724063,6.5340285,7.376524,5.0929527,8.449902,11.704398,10.58814,14.844953,16.415937,21.142063,22.991552,27.600878,29.862577,34.03048,29.016432,26.22962,23.570316,19.844427,16.69638,13.320461,12.072097,8.829072,7.2488356,0.0,5.544944,7.1692185,6.4454064,7.0429034,10.266624,11.588614,11.262943,12.951652,16.691135,16.164263,16.985271,18.706156,22.073078,21.574146,22.519981,25.34855,23.36339,22.277739,26.753794,28.35209,25.600948,26.6214,26.185179,21.72993,23.260027,26.166935,21.74779,17.896103,21.983908,21.425005,21.915934,17.278534,14.541564,17.397837,15.033089,15.047736,20.82428,19.755478,16.797956,18.499872,23.994232,22.443998,27.270126,27.684958,26.060818,31.30214,28.790823,30.848948,33.60552,30.670456,27.313885,23.114243,27.04839,20.903475,25.311182,23.189718,25.976984,25.880562,26.91939,26.76255,21.647577,19.350985,17.866333,19.599152,16.282389,20.29768,19.801193,24.15743,29.01442,27.778383,25.230377,29.24473,23.523985,27.440062,26.378492,29.73087
33,37.483723,34.03191,30.88978,27.924795,25.93212,23.274446,21.51575,18.71368,14.990071,14.965751,10.733151,12.512857,10.62105,13.959104,16.279636,14.407499,18.849453,19.284853,24.911213,25.625954,30.483362,32.836132,36.434864,31.180178,28.644253,26.49772,21.943613,19.344051,15.340865,14.409022,10.244354,7.1263404,5.544944,0.0,5.3455715,7.9854198,7.5109353,7.5382967,10.858314,12.169066,12.124647,15.095437,16.154055,17.303463,17.483484,21.175308,22.002472,22.473011,24.39652,21.967047,20.279474,25.916613,26.322998,23.017145,24.500324,24.343483,20.337456,21.586418,23.521727,18.903198,15.883262,18.888578,17.833178,17.569458,13.172824,11.342831,14.006506,12.493949,13.503633,18.674932,18.120369,16.299908,18.029123,23.219536,21.306171,25.977503,27.08299,25.265854,30.730076,28.01548,30.619446,33.32905,31.06254,27.822515,23.526867,27.943165,21.82068,26.237797,24.245844,26.920317,27.170925,28.527546,28.667294,23.95258,22.449886,21.473455,23.482666,19.989883,24.507965,23.55141,28.26642,33.056095,31.519262,28.733728,31.957756,25.83021,29.510153,27.648941,31.076288
34,34.90722,31.252295,28.766773,25.072908,23.331621,21.523222,19.007778,17.71099,13.244321,14.754025,11.128867,13.497439,11.459051,13.808205,14.194101,11.244431,15.517753,14.962052,21.103434,20.968071,25.896189,28.30897,31.587572,26.413778,24.1086,22.306292,17.356672,15.369249,10.979436,11.340321,5.7740917,5.88331,7.1692185,5.3455715,0.0,4.58813,6.205545,5.192238,6.2501893,8.288756,9.622806,10.81295,11.467087,13.717048,14.202163,16.580881,17.440786,18.936907,20.625713,18.90021,16.544495,21.445732,22.459593,19.434662,20.118784,19.526062,15.347358,16.598454,19.120773,14.927327,11.012412,14.854607,14.576245,15.134372,10.381014,7.5100036,11.343546,9.956895,9.042844,14.520092,14.702297,12.808871,13.358072,18.800817,16.437506,21.334229,22.10207,20.08665,25.497618,22.780123,25.329174,28.138344,25.879213,22.553082,18.235277,22.65072,16.598053,21.216997,19.611443,22.57264,23.344671,25.357962,26.02014,22.04263,20.799656,19.32317,20.831324,16.659765,21.427734,19.764103,24.712217,29.341305,27.680948,24.793705,27.571182,21.369078,25.119337,23.098204,26.830233
35,31.11121,27.433104,24.883158,21.256348,19.192284,17.721733,14.6697035,13.617212,8.954602,10.79862,7.835139,10.4339075,9.074036,10.500491,11.16663,7.299705,11.744509,11.552542,17.364399,18.003216,22.847363,25.461987,29.209875,24.523855,22.162989,20.009916,15.617443,13.521403,9.340145,10.559487,4.1038837,7.9892893,6.4454064,7.9854198,4.58813,0.0,4.2967143,6.9177094,5.63296,5.233483,8.449044,10.913644,9.790637,11.3425665,13.391001,15.820769,15.278646,16.92128,19.550404,18.163235,16.7172,20.509405,22.613697,20.232962,20.750957,20.267149,15.661096,17.624367,20.829653,16.522898,12.536741,17.510029,18.041164,18.910446,13.936366,11.012807,15.218756,13.522978,11.331943,17.024443,17.278666,14.584171,14.405404,20.14233,17.678335,22.775053,22.731627,20.51993,25.588945,22.684566,24.58839,27.214697,24.298094,21.043657,16.874659,21.156641,15.332141,20.447407,19.15629,22.476086,23.269611,25.336636,25.957626,21.900078,19.998867,17.749739,18.612074,13.91812,18.28524,16.15795,20.838518,25.56439,23.690798,20.82954,23.991812,17.928133,21.765497,20.298153,23.873463
36,29.990793,26.534826,23.48217,20.437874,18.582048,15.951641,14.408793,12.0991125,8.216289,9.824247,6.784904,10.2969055,10.225044,12.064086,14.571851,10.586673,14.967036,14.722388,20.306334,21.129711,25.906017,28.794067,32.550472,28.260063,26.058868,23.937387,19.619814,17.712055,13.551605,14.765801,8.324178,10.841422,7.0429034,7.5109353,6.205545,4.2967143,0.0,5.3709927,6.5193233,5.794062,5.961055,10.881199,10.685641,10.466544,11.855871,16.175295,15.862057,15.800856,18.615452,16.412445,15.91364,20.600328,21.996555,19.481167,21.076107,21.525774,17.058664,19.621748,21.976196,16.673885,14.267446,18.952965,19.595901,19.54133,14.251042,12.558348,17.231966,16.138918,14.409855,19.784904,20.54269,18.324728,18.041761,23.708082,20.769733,25.902477,25.999056,23.319996,28.322401,24.802738,26.673641,28.843502,26.042322,23.236738,19.26139,24.02733,18.688688,24.169613,23.19885,26.592499,27.515074,29.607384,30.182547,25.94297,23.909275,21.697887,22.532621,17.811718,21.852257,19.32631,23.605722,28.331768,25.879477,22.941322,25.727222,19.614958,22.893467,21.159433,24.189611
