,0,1,2,3,4,5,6,7,8,9,10,11,12,13,14,15,16,17,18,19,20,21,22,23,24,25,26,27,28,29,30,31,32,33,34,35,36,37,38,39,40,41,42,43,44,45,46,47,48,49,50,51,52,53,54,55,56,57,58,59,60,61,62,63,64,65,66,67,68,69,70,71,72,73,74,75,76,77,78,79,80,81,82,83,84,85,86,87,88,89,90,91,92,93,94,95,96,97,98,99,100,101,102,103,104,105,106,107,108,109,110,111
0,0.0,4.5708656,6.7088237,9.460613,12.660725,14.880397,17.277628,22.157248,23.161404,27.228336,28.84096,33.05437,33.878426,33.48986,32.472717,27.088253,26.878557,22.561949,24.206406,19.506212,18.60486,18.82239,14.843677,19.51938,22.47994,23.241598,24.924929,21.825144,27.189915,23.582388,31.087383,28.207478,35.02591,32.25707,35.62177,38.457592,40.30025,38.21595,32.746204,28.721186,32.512028,26.957443,30.142195,26.316854,29.986826,26.680271,30.666744,29.396189,34.171585,34.139454,36.959427,34.87093,38.01079,39.499523,36.897278,33.718956,35.113197,35.270016,39.983234,41.60418,42.173176,37.14824,41.9937,41.5472,40.806652,35.31063,38.546078,35.60257,32.780293,30.392128,31.83328,27.539675,29.979,25.745417,29.9703,26.235056,29.238413,28.336193,27.3254,28.710627,31.680887,32.793064,27.294237,24.361794,22.715384,21.375984,19.15718,19.63261,15.959494,18.510176,17.386868,20.708513,25.114706,24.548649,23.615057,23.365461,21.095396,20.06791,15.391923,16.871023,11.6276,15.595415,12.615562,15.8088,18.217247,18.140991,19.06252,15.959034,18.988981,20.557285,21.014444,25.21759
1,4.5708656,0.0,5.524978,6.351583,9.243512,13.105688,13.915253,19.48165,20.32506,24.264719,26.246288,30.046143,30.654716,29.982191,28.613829,23.326832,22.742208,18.46129,19.795649,15.028693,14.1199465,14.333746,10.601082,15.432457,18.176409,18.93955,20.375654,17.425413,22.842802,19.477192,27.225084,24.71434,31.60543,29.363863,32.739,35.836338,37.777298,35.582478,30.182793,25.943707,29.376614,23.642397,26.45288,22.561913,25.88863,22.66055,26.340168,24.935947,29.72014,29.678574,32.450047,30.38747,33.6262,35.124096,32.657883,29.40808,30.895452,30.954697,35.557514,37.39984,37.821228,32.985367,38.015396,37.51987,36.772583,31.444828,34.958267,32.1944,29.309313,27.278269,28.533947,24.685629,27.269388,23.172485,27.822323,23.989836,27.684078,26.598215,26.281857,27.588148,29.949825,30.965435,25.339838,22.235363,20.013458,18.612839,15.911968,16.312296,11.987913,14.737085,13.911247,17.303434,21.584135,21.687727,21.367685,21.428957,18.619955,18.541882,13.407723,14.284863,8.88937,13.542749,9.761583,13.934765,16.609322,17.353178,18.095592,16.322992,17.81756,20.1017,20.05474,24.563162
2,6.7088237,5.524978,0.0,5.315322,7.2276454,8.955012,12.075866,16.375738,18.454042,22.115398,24.636078,28.30342,29.786287,29.069633,28.508312,23.375223,22.84021,19.140364,19.919664,16.579409,14.852132,16.580276,14.050503,18.75207,20.741589,22.008451,22.310833,20.165754,24.694513,21.401438,28.895973,25.778265,33.045372,30.276325,34.196728,36.642517,39.297794,37.76017,32.06012,27.891756,31.662167,26.297323,29.074682,25.759031,28.564573,26.195604,29.269928,27.380716,32.146534,31.800177,34.16064,31.503769,34.48042,35.298534,33.095108,30.125906,32.028698,32.67692,37.15258,39.34959,40.118427,35.608738,40.85722,40.640305,40.129395,35.09789,39.01679,36.54953,33.416897,31.658669,32.419388,28.69508,30.860022,26.452919,30.92572,26.36859,29.859621,28.004423,27.281286,27.850683,30.216013,30.470024,24.659897,22.474987,20.367956,20.036217,16.629833,18.95156,15.386065,18.760706,18.608656,22.011599,26.074226,26.730978,26.699741,26.702137,23.509518,23.757137,18.58243,18.58081,13.214344,16.693108,11.46678,14.052343,15.72971,16.829147,18.551498,17.637781,19.949772,22.798141,23.609652,28.093884
3,9.460613,6.351583,5.315322,0.0,3.7092655,7.4844766,7.8281717,13.191144,14.118554,18.014305,20.222515,23.931467,24.943392,24.295176,23.523537,18.266201,18.027422,14.105309,15.863065,12.2440195,12.013438,13.868408,12.059402,16.794863,18.443064,19.143078,18.740078,16.127705,19.978598,16.390848,23.67662,20.464552,27.732325,25.063395,28.973166,31.523937,34.191338,32.67348,26.992186,22.776424,26.484207,21.237274,24.01873,21.03538,23.798763,22.072847,25.358164,23.890303,28.46651,27.543344,29.911118,27.071827,29.813108,30.871021,28.288774,25.353577,27.058939,27.868822,32.556026,34.428585,35.606915,30.897572,36.04395,36.090546,35.866463,30.870502,34.96063,32.771526,29.29358,27.675425,27.97498,24.373068,26.267036,21.827381,26.350138,21.602436,25.431854,23.397842,23.19814,23.749454,25.649569,25.994482,20.177643,17.712124,15.287723,14.939795,11.345073,14.003222,11.162819,14.932469,15.746105,19.289085,22.973427,24.19743,24.611076,24.158386,20.28771,21.34682,16.18132,14.900687,10.035404,12.686598,6.746667,9.66017,11.66185,13.414996,14.777243,15.237495,16.074514,19.551008,20.209553,24.776573
4,12.660725,9.243512,7.2276454,3.7092655,0.0,6.2604113,5.174456,10.615795,12.356676,15.7493,18.837925,21.862438,23.198397,22.155596,21.47944,16.545662,15.775287,12.480237,13.176294,10.836304,9.866578,12.7576065,12.238237,16.458412,17.348946,18.371492,17.080624,15.389581,18.611431,15.576278,22.753315,19.732695,27.103954,24.785772,28.89154,31.319677,34.378086,33.082073,27.47202,23.228735,26.611502,21.543827,23.787424,21.111174,23.10321,21.895432,24.361195,22.453209,26.93962,25.947039,27.988483,24.89447,27.61038,28.238035,26.044527,23.209827,25.292849,26.294155,30.69024,33.03337,34.146397,29.915928,35.297935,35.379375,35.2112,30.623999,35.043316,33.149208,29.669342,28.532627,28.519447,25.50755,27.328575,23.081076,27.713814,22.79482,26.948551,24.520956,24.707104,24.839626,26.1512,25.992739,20.143715,18.162539,15.323839,15.584348,11.270493,14.789272,11.953056,15.748183,16.939915,20.209705,23.522133,25.395163,26.29448,26.186836,22.10994,23.766071,18.615677,16.930687,12.584265,15.0088005,8.80094,11.14653,12.517114,15.058156,16.617374,18.18177,18.346102,22.226257,22.790022,27.348974
5,14.880397,13.105688,8.955012,7.4844766,6.2604113,0.0,6.9128895,8.090402,11.160692,14.297488,17.180515,20.592358,22.996117,22.42952,23.134205,18.505575,18.664284,16.139431,17.324636,16.262915,15.575245,18.896439,18.448723,22.708029,23.44854,24.497808,22.64922,21.087145,23.190432,19.92132,26.000483,21.99002,29.307981,25.894106,30.430733,31.840385,35.501617,35.04684,29.184261,25.368893,29.370733,25.069252,27.68873,25.780178,27.750544,27.383617,29.892046,28.071983,32.32673,30.818378,32.51935,28.87521,30.9405,31.010809,28.72749,26.440723,28.563066,30.300632,34.712044,36.82725,38.668793,34.452477,39.633038,40.167778,40.37019,35.877796,40.357906,38.634277,34.862713,33.59157,33.19107,29.843931,31.032919,26.41888,30.389435,24.92068,28.209055,25.14725,24.448898,23.794506,25.459745,24.544243,18.783504,18.107477,16.17384,17.60952,13.656816,18.636003,17.334375,21.283754,22.724052,26.149044,29.452774,31.210993,31.888813,31.255539,27.06205,28.39812,23.370358,21.340216,17.00792,18.08459,11.998432,11.551885,11.260083,13.586683,16.207144,18.208015,19.715466,23.649805,25.308466,29.581728
6,17.277628,13.915253,12.075866,7.8281717,5.174456,6.9128895,0.0,6.475907,7.45277,10.66129,13.987304,16.706984,18.14997,17.10166,16.876844,12.132769,11.855571,9.333044,10.843671,10.205796,10.876035,14.26591,15.11168,18.668295,18.754559,19.343603,16.640957,15.219824,16.421957,13.4450655,19.481392,16.028711,23.382414,20.937664,25.312407,27.318157,30.859716,30.085892,24.512852,20.486254,23.795464,19.467697,21.473291,19.82342,21.194862,21.440418,23.57093,21.965517,25.942808,24.078001,25.731703,22.049725,24.136417,24.505552,22.065567,19.613756,21.727083,23.396475,27.81419,29.960737,31.794683,27.690584,32.93879,33.5094,33.824852,29.622581,34.312492,32.942272,29.097399,28.317125,27.526474,24.904202,26.080053,21.901358,26.191858,20.909887,25.084164,22.056858,22.640327,22.197176,22.759151,22.07711,16.362793,15.022747,11.989988,13.289402,8.644839,13.746279,12.831351,16.609373,18.843424,21.923145,24.541851,27.06236,28.395998,27.858042,23.276464,25.631502,20.844124,17.941544,14.767108,15.501669,9.643206,10.151252,10.529253,13.9190645,15.469034,18.830069,17.904898,22.318739,23.112202,27.426239
7,22.157248,19.48165,16.375738,13.191144,10.615795,8.090402,6.475907,0.0,5.4859986,6.7277846,11.046966,13.083245,16.127296,15.258602,16.864634,13.383682,13.825833,13.246833,14.272621,15.784889,16.207731,20.085255,21.428846,24.714102,24.301905,25.023464,21.474365,20.790802,20.40758,17.913141,22.103737,18.080193,24.899042,21.817818,26.572851,27.363562,31.758602,32.028,26.518112,23.112871,26.530909,23.360004,25.183271,24.601791,25.332245,26.73242,28.291618,26.616846,30.085564,27.6744,28.651424,24.361282,25.539902,24.941145,22.77871,21.218033,23.52198,26.071627,30.085724,32.230606,34.761894,31.166092,36.18413,37.24413,37.98716,34.299103,39.150833,38.197235,34.16508,33.614414,32.264606,29.846342,30.356363,26.17736,29.778435,24.130863,27.615597,23.829945,24.027422,22.520155,22.66613,20.74015,15.50948,16.117188,13.934811,16.67693,12.664636,18.735218,19.023792,22.718916,25.212996,28.218803,30.559597,33.31062,34.732456,33.9538,29.222414,31.631828,26.984285,23.716059,20.78722,20.558502,15.060085,13.441604,11.999944,15.442479,17.672724,21.99987,21.545553,26.080677,27.607943,31.573921
8,23.161404,20.32506,18.454042,14.118554,12.356676,11.160692,7.45277,5.4859986,0.0,4.391654,6.5895348,9.94249,11.858627,11.691086,13.242443,9.353411,11.36082,10.613805,13.909122,14.746062,17.091793,20.239092,21.570724,24.736706,24.421864,24.391617,20.739689,19.2146,17.804132,14.817094,17.838417,13.214262,19.876652,16.389032,21.178556,21.940907,26.285208,26.658934,21.168728,17.980373,21.511698,18.931362,20.975527,21.084406,22.011093,24.168148,26.30587,25.496952,28.606758,25.530344,26.659628,22.342194,23.032753,23.115446,19.984024,18.553219,20.195694,22.998953,27.454105,28.701584,31.931997,27.817081,32.3863,33.827423,34.934464,31.166399,35.868057,35.12162,30.808414,30.183594,28.404274,25.949831,25.920593,21.821922,24.98126,19.308575,22.677954,18.749598,19.39029,17.854773,17.498663,15.793325,10.559519,11.0907545,8.958055,12.216088,8.996278,15.255194,17.234955,20.669203,23.74425,26.674747,28.610998,31.404696,32.880325,31.495005,26.553616,29.2434,25.115828,21.088789,19.24659,17.679228,13.345883,10.796324,9.110323,12.746375,14.26162,19.609446,17.929062,22.561377,24.05843,27.686188
9,27.228336,24.264719,22.115398,18.014305,15.7493,14.297488,10.66129,6.7277846,4.391654,0.0,5.664407,6.413353,9.582623,8.99594,11.768391,9.685088,11.459166,12.488613,14.660946,17.10452,19.170164,22.587133,24.623726,27.287373,26.407532,26.463364,22.116974,21.441454,18.894848,16.831293,18.484982,14.338976,20.12275,17.134674,21.850828,22.011135,26.839464,27.7561,22.73021,20.003393,22.905901,21.127771,22.46252,23.250507,23.27637,26.215498,27.522194,26.574135,29.187046,25.820103,26.356256,21.7303,21.790115,21.129368,18.41677,17.686619,19.553976,22.84438,26.733374,28.199978,31.683771,28.256882,32.709705,34.376755,35.71276,32.570206,37.425148,37.089027,32.81821,32.64592,30.494184,28.674482,28.392302,24.708235,27.592937,22.105968,25.37125,21.230667,22.190132,20.175434,18.952765,16.441368,12.280905,13.8828335,12.036531,15.525391,12.640136,18.573769,20.650671,23.837435,27.062786,29.720394,31.251324,34.446373,36.22245,34.993782,30.006811,33.014526,28.997053,24.845476,23.298843,21.727674,17.569973,15.116982,13.216983,16.695871,18.154964,23.796984,21.841375,26.456749,27.88489,31.316732
10,28.84096,26.246288,24.636078,20.222515,18.837925,17.180515,13.987304,11.046966,6.5895348,5.664407,0.0,5.700156,7.4444017,9.021958,12.317124,10.439468,13.91298,14.4112835,18.382908,19.696941,22.892416,25.703192,27.248728,30.100372,29.585953,29.091642,25.064331,23.44728,20.41902,17.749939,17.82128,12.834439,17.666906,13.378265,18.129272,17.425268,22.444101,23.992355,19.00792,17.051783,20.371449,19.712496,21.576424,23.13857,23.68123,27.147741,29.263008,29.162872,31.500267,27.623587,28.340641,23.861012,23.301477,23.307253,19.655993,19.285145,20.189976,23.70803,27.973999,28.218508,32.56884,28.547577,32.25591,34.410965,36.15864,32.854416,37.366016,37.15129,32.61034,32.13273,29.61989,27.462078,26.410383,22.73688,24.645401,19.172798,21.509012,17.078873,17.913244,15.417587,13.741443,10.8496275,7.453427,10.32107,9.908655,13.8433485,12.672323,18.21055,21.84236,24.802774,28.298613,31.004045,32.367092,35.273903,36.832497,34.852783,29.828087,32.70833,29.24935,24.633799,23.87383,20.951422,18.129679,14.459768,12.021633,14.81818,15.768707,22.034071,19.657782,24.009918,25.84458,28.665504
11,33.05437,30.046143,28.30342,23.931467,21.862438,20.592358,16.706984,13.083245,9.94249,6.413353,5.700156,0.0,4.9520693,5.4940047,10.229983,10.921931,13.5346365,15.823354,18.344028,21.294962,24.136908,27.16151,29.582146,31.750631,30.541758,30.15718,25.39054,24.849735,20.68721,19.281853,18.110636,14.370537,17.998823,15.297371,19.557858,18.59594,23.892405,25.736984,21.579748,19.947035,22.078371,22.027515,22.766119,24.882042,24.204216,28.412144,29.365795,29.041412,30.751648,26.662386,26.645391,21.948566,20.677744,19.792057,16.805918,17.31283,18.511522,22.44372,25.847809,26.522917,30.947754,27.946907,31.587194,33.873608,35.79272,33.34529,38.053425,38.33147,33.97423,34.161663,31.323881,30.13454,29.068014,26.039127,27.983847,22.970526,25.645449,21.362719,22.865662,20.357042,17.75672,14.547165,12.643723,15.285996,14.31374,17.93507,16.422274,21.56232,24.811533,27.474136,31.082266,33.398487,34.251064,37.705803,39.707935,38.13672,33.09924,36.45132,33.02339,28.387064,27.846699,25.38352,22.369104,19.469826,17.3624,20.393314,21.2585,27.504404,24.680986,29.074041,30.46574,33.264347
12,33.878426,30.654716,29.786287,24.943392,23.198397,22.996117,18.14997,16.127296,11.858627,9.582623,7.4444017,4.9520693,0.0,3.468859,7.270881,9.006653,12.315866,14.709734,18.106356,20.555767,24.338243,26.688675,29.17595,30.963404,29.744667,28.836617,24.160599,23.264397,18.288216,17.099575,14.2023735,10.879358,13.264491,11.198402,15.057797,14.405611,19.520647,21.253345,17.587742,16.356892,17.794258,18.590435,18.950546,21.783468,20.88663,25.715042,26.805616,27.18264,28.425375,23.934702,23.987257,19.548143,17.825043,17.793545,13.919924,14.644661,15.007583,19.028172,22.606565,22.451538,27.372253,24.128353,27.282785,29.840006,32.028713,29.745695,34.250324,34.797215,30.407436,30.749105,27.57212,26.794912,25.367378,22.890924,24.454628,19.98559,22.742334,18.773893,21.136097,19.034817,15.632076,13.171347,12.134451,13.971627,13.020229,16.125816,15.604035,19.625021,23.640501,25.748226,29.58792,31.584534,31.927128,35.44925,37.577007,35.783886,30.804893,34.42726,31.553299,26.64819,27.052994,24.104292,22.171066,19.586111,17.999798,20.826303,20.89329,27.231365,23.342253,27.516293,28.445913,30.89373
13,33.48986,29.982191,29.069633,24.295176,22.155596,22.42952,17.10166,15.258602,11.691086,8.99594,9.021958,5.4940047,3.468859,0.0,4.9890103,7.746463,9.996964,13.242749,15.589297,18.86631,22.255589,24.745533,27.670454,29.122206,27.566936,26.846994,21.85255,21.620485,16.468746,15.957291,13.599278,11.146668,14.091404,13.2378235,16.94991,17.08865,21.874691,23.058249,19.449987,17.697985,18.704998,18.835936,18.64804,21.151218,19.678896,24.435377,24.852554,24.837282,26.02367,21.679785,21.494102,16.880692,15.313797,14.835795,11.408403,12.110052,13.123184,17.151512,20.415762,21.089586,25.51019,22.759693,26.384579,28.657831,30.639196,28.60377,33.339775,33.92001,29.718128,30.371569,27.334389,26.95518,25.982716,23.62901,25.79341,21.393341,24.785614,21.011782,23.52991,21.712677,18.584017,16.372648,14.550242,15.797765,14.047228,16.890488,15.586294,19.570389,22.831459,24.8888,28.644434,30.479837,30.728718,34.523613,36.87104,35.533066,30.581944,34.393536,31.31037,26.606318,26.801594,24.530346,22.092531,20.216335,18.953009,22.134888,22.349045,28.465115,24.576885,28.909994,29.508213,32.281994
14,32.472717,28.613829,28.508312,23.523537,21.47944,23.134205,16.876844,16.864634,13.242443,11.768391,12.317124,10.229983,7.270881,4.9890103,0.0,5.4908304,6.8074713,10.491167,12.777294,15.852357,19.73837,21.576986,24.780167,25.635727,23.911552,22.863808,17.87929,17.74941,11.926906,12.224283,9.326199,8.530953,11.449315,12.485399,15.573317,17.228384,21.111443,21.238735,17.933554,15.7455,15.821798,15.515252,14.515902,17.00995,14.940793,19.936468,20.045866,20.32621,21.261515,16.7883,16.773037,12.300672,11.037606,11.638099,7.39207,7.4134235,8.309473,12.220687,15.828347,16.657953,20.768362,17.87508,21.815718,23.859287,25.715475,23.753305,28.5589,29.220419,25.16457,26.139738,23.115255,23.340717,22.702505,20.872807,23.48569,19.669426,23.805235,20.674839,23.853085,22.814219,19.757483,18.615189,16.410381,16.219658,13.750973,15.550854,14.347648,16.992218,19.991583,21.463017,25.244802,26.662899,26.466816,30.48013,33.071465,31.999428,27.190767,31.31798,28.511078,23.910986,24.671705,22.77095,20.848927,20.071754,19.66577,22.862846,22.581001,28.264202,23.674578,27.86893,27.71819,30.562662
15,27.088253,23.326832,23.375223,18.266201,16.545662,18.505575,12.132769,13.383682,9.353411,9.685088,10.439468,10.921931,9.006653,7.746463,5.4908304,0.0,4.450455,5.8111815,10.183534,11.668562,15.982658,17.851135,20.391174,21.995056,20.917528,19.93444,15.560654,14.302665,10.086549,8.425917,8.964646,6.00502,12.233281,11.577057,15.46484,17.737938,21.367752,20.89702,16.414637,13.186109,14.696503,12.654816,13.042823,14.277021,13.7538,17.503792,18.927225,19.037786,21.128815,17.245958,18.270245,14.079536,14.430812,15.636147,11.597058,9.903877,10.970738,13.834152,18.475035,19.355856,22.80551,18.749208,23.218115,24.809649,26.198885,23.051245,27.867285,27.78618,23.51531,23.765034,21.298,20.381594,20.202648,17.43662,20.733551,16.221315,20.736393,17.598263,20.366133,19.70876,17.653143,17.055054,13.418777,12.263594,9.100901,10.761539,8.910159,12.194351,15.140161,17.154491,20.910364,22.841642,23.384415,26.994099,29.236982,28.025013,23.072105,26.890186,23.698774,19.129086,19.42365,17.625463,15.366917,14.781109,14.743035,18.005453,17.768078,23.151295,18.852709,23.219954,23.195608,26.457678
16,26.878557,22.742208,22.84021,18.027422,15.775287,18.664284,11.855571,13.825833,11.36082,11.459166,13.91298,13.5346365,12.315866,9.996964,6.8074713,4.450455,0.0,4.7696905,6.185804,9.352952,12.932032,14.933311,18.270506,19.227392,17.576555,16.919605,11.9665165,11.998355,7.8279905,7.8164096,10.132643,9.358199,15.005904,15.613459,19.025135,21.734217,25.046904,24.091335,19.9544,16.469566,17.27718,14.4250965,13.922817,14.247116,12.827876,15.9994755,16.26364,15.576756,17.82248,14.411042,15.30505,11.0347595,12.396607,13.304075,10.31877,7.803661,10.073692,12.260455,16.419333,18.627228,20.958263,17.624607,22.781275,23.785892,24.715755,21.876398,26.95866,26.84236,22.984495,23.682356,21.608097,21.311998,21.88286,19.46466,23.392714,19.288082,24.249435,21.480934,24.250645,23.84371,22.03153,21.463804,17.55755,16.159697,12.624617,13.609732,10.8167,13.391189,14.538036,16.332296,19.778282,21.379467,21.793575,25.783688,28.337515,27.907202,23.159325,27.147694,23.71239,19.710314,19.637102,19.115541,16.231434,16.906822,17.34468,20.78523,20.753782,25.523123,21.474064,25.79992,25.312695,28.890509
17,22.561949,18.46129,19.140364,14.105309,12.480237,16.139431,9.333044,13.246833,10.613805,12.488613,14.4112835,15.823354,14.709734,13.242749,10.491167,5.8111815,4.7696905,0.0,6.5253077,5.8983555,10.629297,12.173543,14.587598,16.32198,15.556659,14.733129,10.95134,9.14634,7.4851885,4.8453565,10.592997,8.86555,15.679056,15.384691,18.884106,22.07804,24.909155,23.404516,18.681093,14.595628,16.287506,12.086804,12.802293,11.822931,12.149902,13.85989,15.7241,15.253384,18.410767,15.619815,17.46518,13.979187,16.039904,17.65351,14.414965,11.471103,12.983111,14.297568,19.11219,20.788458,22.790321,18.429203,23.624142,24.324879,24.919853,21.056103,25.9278,25.16104,21.161644,21.14163,19.620659,18.31984,19.329483,16.283527,20.724686,16.413807,21.585138,19.157497,21.618002,21.760185,20.802444,20.931011,16.344032,13.913498,10.078562,10.157924,6.898021,9.1309185,9.980317,12.228022,15.693237,17.771368,18.85647,22.365053,24.56246,23.928726,19.098478,22.815523,19.145737,15.1875305,14.875107,14.558086,11.672462,13.083149,14.248678,17.46043,17.241714,21.38643,17.46705,21.730537,21.14704,25.00778
18,24.206406,19.795649,19.919664,15.863065,13.176294,17.324636,10.843671,14.272621,13.909122,14.660946,18.382908,18.344028,18.106356,15.589297,12.777294,10.183534,6.185804,6.5253077,0.0,6.2931266,7.464083,10.011016,14.03021,14.594537,12.5649185,12.858036,7.890742,9.549227,8.70489,9.351978,14.692564,14.56736,20.472227,21.18594,24.494663,27.597605,30.58206,29.06009,24.793222,20.837082,21.746855,17.609814,17.131556,15.658121,14.475839,15.380824,14.880165,12.60857,15.953833,14.253735,15.468729,12.076968,15.107675,15.640291,14.337174,11.274812,14.096805,14.810709,18.25305,21.734154,22.32062,19.548012,25.31996,25.366264,25.405907,22.406109,27.512486,26.8554,23.611483,24.311134,23.227648,22.891098,24.514437,22.018135,26.713434,22.784706,28.060057,25.675034,28.036533,28.000618,26.969767,26.58722,21.953548,20.102951,16.288181,16.579275,12.7970705,14.748206,13.081953,14.916095,17.467747,18.955498,19.864578,23.835066,26.41884,26.994041,22.657784,26.372557,22.40541,19.516064,18.404905,19.747972,15.916474,18.149723,19.227386,22.654814,22.971495,26.619162,23.403175,27.58825,26.772417,30.837198
19,19.506212,15.028693,16.579409,12.2440195,10.836304,16.262915,10.205796,15.784889,14.746062,17.10452,19.696941,21.294962,20.555767,18.86631,15.852357,11.668562,9.352952,5.8983555,6.2931266,0.0,5.763884,6.3283367,8.940469,10.526523,10.082241,9.665071,7.1765876,5.1155553,8.322934,6.6525855,14.464908,13.962396,20.32087,20.515158,23.559212,27.2942,29.516216,27.270088,22.709848,18.356722,19.799467,14.464351,15.042058,12.054437,12.888386,11.8232,13.637891,12.234431,16.475273,15.317959,17.743284,15.365401,18.681786,20.431631,18.143892,14.68635,16.402128,16.33081,20.686102,23.115294,23.565676,19.422369,25.017494,24.769083,24.480488,20.23504,24.949005,23.519892,20.161148,20.015997,19.662027,18.33024,20.542706,17.696882,22.83719,19.177193,24.560808,22.873117,25.033216,25.7766,25.54667,26.105099,21.15316,18.146534,14.372177,13.317076,9.893851,9.983315,6.8719788,8.9134865,11.427004,13.435623,15.144688,18.518967,20.717844,21.082098,16.752085,20.214094,16.121948,13.510884,12.39314,14.36592,11.171009,14.750768,16.844435,19.689308,19.524487,22.104597,18.868797,22.651602,21.424738,25.663652
20,18.60486,14.1199465,14.852132,12.013438,9.866578,15.575245,10.876035,16.207731,17.091793,19.170164,22.892416,24.136908,24.338243,22.255589,19.73837,15.982658,12.932032,10.629297,7.464083,5.763884,0.0,4.456091,7.7217712,9.125925,8.298498,9.887191,8.169883,8.875367,12.923051,12.337272,19.81943,19.333902,25.779581,25.869444,29.150969,32.634674,35.138443,33.019814,28.37793,24.006897,25.550594,20.201248,20.607666,17.37475,17.771498,15.840164,16.338144,13.416409,18.028988,18.131952,20.151924,18.017326,21.746624,22.634668,21.498348,18.162573,20.553337,20.332485,23.823946,27.253757,26.821558,23.63603,29.467903,28.766632,28.000078,24.159908,28.789473,27.16151,24.439182,24.42383,24.622997,23.41173,25.988869,23.116255,28.347927,24.598661,29.83736,28.021189,29.702393,30.260128,30.368118,30.521276,25.212803,22.649511,18.936653,18.312782,14.284771,15.196163,10.615096,12.634488,13.62213,15.444771,17.661198,20.725798,22.758194,24.089842,20.38799,23.221178,18.67268,17.376654,14.85706,18.268866,13.936175,17.833298,19.764412,22.654062,23.14415,25.054781,23.044476,26.740993,25.706972,30.16607
21,18.82239,14.333746,16.580276,13.868408,12.7576065,18.896439,14.26591,20.085255,20.239092,22.587133,25.703192,27.16151,26.688675,24.745533,21.576986,17.851135,14.933311,12.173543,10.011016,6.3283367,4.456091,0.0,4.8998504,4.863469,4.687845,5.8947787,6.6516285,6.5391464,12.397684,12.103847,19.717117,20.040838,25.927767,26.595226,29.305899,33.347477,35.18231,32.4588,28.193163,23.826136,24.896023,19.227236,19.419289,15.442561,16.167257,12.850422,13.689178,11.06825,15.945584,16.781996,19.348421,18.175014,22.247818,23.879992,22.588406,19.013924,20.878565,19.822493,23.302813,26.45599,25.39087,21.976318,27.66765,26.512472,25.33756,21.216545,25.516489,23.568274,21.246975,21.192566,21.962008,20.977371,24.061562,21.703657,27.074776,24.105114,29.466,28.312155,30.26002,31.347757,31.515944,32.254242,27.145266,23.96638,20.313263,18.833876,15.580184,14.607004,9.171096,9.895043,10.161824,11.389935,13.559415,16.557585,18.726103,20.543873,17.304398,20.185896,16.060167,15.445793,13.683823,17.620136,14.59931,19.238354,21.710783,24.213133,24.16027,25.426174,22.964045,26.150642,24.420273,28.747751
22,14.843677,10.601082,14.050503,12.059402,12.238237,18.448723,15.11168,21.428846,21.570724,24.623726,27.248728,29.582146,29.17595,27.670454,24.780167,20.391174,18.270506,14.587598,14.03021,8.940469,7.7217712,4.8998504,0.0,4.9423957,7.7978354,8.478424,11.11615,9.022707,15.683273,14.171059,22.139875,21.831007,27.917288,27.892082,30.564846,34.65488,36.170692,33.23401,28.738,24.321335,25.975882,19.943386,21.034355,16.51548,18.588297,14.349607,16.746119,14.915225,19.74783,20.657608,23.553661,22.510727,26.439922,28.345835,26.573122,22.977055,24.483498,23.434717,27.322563,29.850874,28.971128,24.90205,30.254335,29.055357,27.768223,22.979362,26.726416,24.176868,21.92363,21.008463,22.445585,20.453266,23.814787,21.103556,26.467682,23.641565,28.653389,27.910973,29.343395,30.825388,31.712929,32.86124,27.590721,24.034332,20.739092,18.75669,15.914498,14.283088,7.9733386,8.769623,7.5667224,9.631614,13.165279,14.789095,16.080975,17.833303,15.017419,16.948784,12.459334,13.057163,10.4583645,15.45465,12.880953,18.119202,21.027874,22.911852,22.771376,22.82485,21.119606,23.767563,21.9956,26.402761
23,19.51938,15.432457,18.75207,16.794863,16.458412,22.708029,18.668295,24.714102,24.736706,27.287373,30.100372,31.750631,30.963404,29.122206,25.635727,21.995056,19.227392,16.32198,14.594537,10.526523,9.125925,4.863469,4.9423957,0.0,3.9123757,4.7594657,9.163801,8.630435,15.197507,15.156612,22.453333,23.352777,28.674788,29.717989,31.929976,36.366196,37.593563,34.339386,30.451239,26.175186,26.884035,21.0635,21.130144,16.543427,17.627779,12.782122,13.7798605,11.537218,16.223963,18.15319,21.033722,20.887617,25.16166,27.220064,26.027422,22.393503,23.848755,22.067976,25.241032,28.192833,26.31739,22.964167,28.327108,26.58598,24.832668,20.574226,24.206778,21.770315,20.253103,20.068142,21.728447,20.932611,24.570112,22.770306,28.127789,25.987337,31.255178,30.75822,32.73511,34.286396,34.675297,35.870434,30.880117,27.293873,23.820766,21.729355,19.130169,16.813393,10.932536,10.153739,8.683796,8.731821,11.025714,13.34947,15.422572,18.219349,16.043589,18.474709,14.967938,15.744941,14.49468,19.077173,17.204529,22.323912,25.16877,27.235788,26.862164,27.209606,24.801298,27.31337,24.988089,29.117134
24,22.47994,18.176409,20.741589,18.443064,17.348946,23.44854,18.754559,24.301905,24.421864,26.407532,29.585953,30.541758,29.744667,27.566936,23.911552,20.917528,17.576555,15.556659,12.5649185,10.082241,8.298498,4.687845,7.7978354,3.9123757,0.0,3.387178,6.399364,8.179106,13.596392,14.665649,21.407839,22.827213,27.891264,29.470823,31.691576,36.050133,37.519634,34.451363,30.768616,26.571987,26.832771,21.378,20.729124,16.66709,16.569517,12.563549,11.834654,8.600323,13.307521,15.490387,18.019121,17.957842,22.372896,24.154852,23.513178,19.962618,21.70277,19.840408,22.476768,26.043085,23.84599,21.233925,26.839111,25.07136,23.350933,19.80433,23.838875,21.946472,20.474756,21.018456,22.144323,22.15324,25.537743,24.0034,29.314375,27.065441,32.534374,31.72901,34.026794,35.277733,35.171238,36.040604,31.184435,27.917257,24.239723,22.544754,19.681444,17.909412,12.673871,12.041907,11.604853,11.307395,12.394426,15.6809025,18.296528,21.040115,18.57446,21.569397,18.20399,18.18885,17.238016,21.24605,18.973986,23.696499,26.225857,28.692503,28.425037,29.547432,26.737349,29.623865,27.385555,31.47336
25,23.241598,18.93955,22.008451,19.143078,18.371492,24.497808,19.343603,25.023464,24.391617,26.463364,29.091642,30.15718,28.836617,26.846994,22.863808,19.93444,16.919605,14.733129,12.858036,9.665071,9.887191,5.8947787,8.478424,4.7594657,3.387178,0.0,5.689281,6.1487236,11.667067,12.8430195,19.1805,21.037836,25.606295,27.524158,29.36179,33.965733,35.0605,31.743258,28.358347,24.287443,24.18906,18.80182,17.951416,13.748156,13.7535925,9.276961,9.093932,6.90561,11.568058,13.481583,16.438086,16.711342,21.029547,23.404331,22.29508,18.69324,19.936396,17.75029,20.661137,23.682161,21.572973,18.475048,23.919512,22.127712,20.428154,16.559765,20.573645,18.659874,17.087893,17.701881,18.828075,19.103357,22.53619,21.388739,26.611479,24.811758,30.29933,29.794996,32.373703,33.831253,33.564873,34.74007,30.17618,26.65605,23.07028,21.022125,18.753922,16.08664,11.392319,9.906808,9.82344,8.991971,9.375945,13.161426,16.116209,18.61714,16.085705,19.479479,16.631708,16.306072,16.338564,19.822424,18.45835,23.125118,25.778896,28.109045,27.456911,28.671772,25.253508,27.954113,25.396889,29.263
26,24.924929,20.375654,22.310833,18.740078,17.080624,22.64922,16.640957,21.474365,20.739689,22.116974,25.064331,25.39054,24.160599,21.85255,17.87929,15.560654,11.9665165,10.95134,7.890742,7.1765876,8.169883,6.6516285,11.11615,9.163801,6.399364,5.689281,0.0,5.3478394,7.740878,10.026534,15.775885,17.660248,22.353575,24.424345,26.621683,30.815699,32.568195,29.867485,26.380772,22.38823,22.203978,17.405476,16.074526,13.103429,11.70795,10.027159,8.4488945,5.448516,9.9524,10.318199,12.707073,11.835775,16.130686,18.064285,17.126406,13.564585,15.3865595,13.836021,16.7869,20.397455,19.035072,16.332167,22.223639,21.109137,20.14958,16.990158,21.797644,20.77113,18.445217,19.565256,19.4351,20.039295,22.677784,21.285282,26.33579,23.83895,29.438768,28.211384,31.01157,31.883533,31.025574,31.618547,27.205355,24.284468,20.506676,19.268435,16.53591,15.303716,11.999088,11.7240505,13.321137,13.393137,13.417805,17.740995,20.79787,22.411194,18.9556,22.857159,19.664886,17.910383,17.84322,20.275175,18.064821,21.837027,23.902115,26.76106,26.360147,28.805838,25.05444,28.442263,26.434916,30.335373
27,21.825144,17.425413,20.165754,16.127705,15.389581,21.087145,15.219824,20.790802,19.2146,21.441454,23.44728,24.849735,23.264397,21.620485,17.74941,14.302665,11.998355,9.14634,9.549227,5.1155553,8.875367,6.5391464,9.022707,8.630435,8.179106,6.1487236,5.3478394,0.0,6.9440885,6.774583,13.832167,15.020471,20.084122,21.488146,23.592173,28.035982,29.387465,26.38463,22.593018,18.41835,18.76583,13.272857,12.975057,9.057211,9.775189,7.0389023,9.249176,8.720397,12.931829,12.382838,15.465465,14.398665,18.105091,20.744867,18.491993,14.851459,15.839784,14.512297,18.70206,20.854963,20.459536,16.113028,21.621101,20.82142,20.109943,15.630619,20.190304,18.620792,15.609284,15.791334,15.85889,15.379713,18.183605,16.393665,21.623695,19.198668,24.760891,23.909447,26.607758,27.89835,27.454205,28.62182,24.185923,20.659208,17.07702,15.091524,13.018348,10.455809,7.1612096,6.5456386,8.929723,9.702494,10.421465,14.338369,17.058687,17.859818,13.957901,17.928833,14.767102,12.619928,13.14807,15.245034,13.996367,18.029694,20.51308,22.942818,22.126303,24.181715,20.167511,23.303173,21.128141,25.030323
28,27.189915,22.842802,24.694513,19.978598,18.611431,23.190432,16.421957,20.40758,17.804132,18.894848,20.41902,20.68721,18.288216,16.468746,11.926906,10.086549,7.8279905,7.4851885,8.70489,8.322934,12.923051,12.397684,15.683273,15.197507,13.596392,11.667067,7.740878,6.9440885,0.0,4.839287,8.041489,10.692408,14.631799,17.23677,19.09589,23.345964,25.030525,22.546469,19.34067,15.727448,14.978156,11.139769,9.187803,8.191827,5.7893724,8.530654,8.849744,9.544739,11.644042,8.444872,10.877218,8.72318,11.641269,14.706,11.805532,8.253632,8.903206,8.122722,12.89988,14.8004465,15.720537,11.453307,17.08739,17.249512,17.614176,14.288766,19.404898,19.168877,15.605532,16.79208,15.07631,15.909797,17.350018,16.209047,20.61273,18.155943,23.658262,22.285196,25.720985,26.439232,24.800024,25.546576,21.991089,19.152073,15.6585865,14.550036,13.096088,11.665716,11.997228,11.798019,15.119224,15.603298,14.897784,19.27162,22.270348,22.262817,18.014156,22.500032,19.997456,16.496305,17.946444,18.031174,17.049866,19.402477,21.035137,23.841082,22.895515,26.504488,21.539154,25.065008,23.238657,26.588974
29,23.582388,19.477192,21.401438,16.390848,15.576278,19.92132,13.4450655,17.913141,14.817094,16.831293,17.749939,19.281853,17.099575,15.957291,12.224283,8.425917,7.8164096,4.8453565,9.351978,6.6525855,12.337272,12.103847,14.171059,15.156612,14.665649,12.8430195,10.026534,6.774583,4.839287,0.0,8.125257,8.253447,13.905647,14.806329,17.266012,21.416714,23.220022,20.81937,16.654238,12.518573,13.264256,8.371053,8.648716,7.000827,7.8717175,9.484505,12.375817,13.133541,15.992534,13.149933,15.686073,13.216942,15.515241,18.29706,14.683939,11.452888,11.853872,12.050867,17.280117,18.201645,19.94581,14.799416,19.842127,20.344753,20.850246,16.546091,21.26874,20.444675,16.34755,16.359936,14.819354,13.882069,15.18745,12.834915,17.528227,14.263042,19.801907,18.300066,21.384274,22.256987,21.189344,22.219954,18.235853,14.934751,11.410577,9.908589,8.5666895,7.0197496,8.514702,9.267667,13.091586,14.590804,14.980841,18.598064,20.99437,20.207037,15.460987,19.638891,16.763441,12.674631,13.971299,13.417514,12.575774,14.747379,16.57388,19.177431,18.124805,21.681767,16.780813,20.463686,18.976265,22.55448
30,31.087383,27.225084,28.895973,23.67662,22.753315,26.000483,19.481392,22.103737,17.838417,18.484982,17.82128,18.110636,14.2023735,13.599278,9.326199,8.964646,10.132643,10.592997,14.692564,14.464908,19.81943,19.717117,22.139875,22.453333,21.407839,19.1805,15.775885,13.832167,8.041489,8.125257,0.0,5.659649,6.605112,10.368924,11.392342,15.71879,17.237679,15.196898,12.58932,10.104863,8.218748,7.658717,5.3057046,8.985238,7.2806244,12.964863,14.664063,16.876183,17.530272,12.973069,14.492428,12.018718,11.9463825,15.511245,10.692258,8.966742,6.95092,8.296466,13.590622,12.30158,16.318624,11.101608,14.724007,16.68825,18.57973,15.665998,20.07372,20.656708,16.354622,17.259491,13.913303,14.717172,14.048909,13.439436,16.135805,14.004501,18.767038,17.275778,21.416538,21.889795,19.188953,20.194904,18.22732,15.800295,13.397272,12.708029,13.503073,12.273373,16.131958,16.073277,19.937574,20.68,19.652763,23.396515,25.994137,24.507559,20.044436,24.469652,22.88324,18.271917,20.895596,18.607529,19.120567,19.574272,20.489716,22.867836,21.335194,25.953995,20.051752,23.361025,21.95782,24.310335
31,28.207478,24.71434,25.778265,20.464552,19.732695,21.99002,16.028711,18.080193,13.214262,14.338976,12.834439,14.370537,10.879358,11.146668,8.530953,6.00502,9.358199,8.86555,14.56736,13.962396,19.333902,20.040838,21.831007,23.352777,22.827213,21.037836,17.660248,15.020471,10.692408,8.253447,5.659649,0.0,7.402078,6.8254957,10.06494,13.419229,16.107918,15.0598545,10.61099,7.471133,8.806423,7.767708,8.77524,11.25839,11.699533,15.998739,18.72166,20.207857,21.853195,17.640244,19.18736,15.898752,15.848376,18.371798,13.45676,11.938273,11.108178,13.424133,18.645218,17.696432,21.87866,16.69633,20.187363,22.203182,23.97192,20.424639,24.694471,24.70336,20.122107,20.023132,17.071611,15.958149,14.945508,12.562293,15.147082,11.189993,15.687787,13.142056,16.797861,16.82316,14.385803,15.135469,12.615536,10.317898,8.034112,8.305564,9.36641,10.117552,15.044869,16.203526,20.190382,21.882013,21.961977,25.172775,27.225126,25.205603,20.330757,24.20711,22.001421,16.976187,18.803967,15.686668,15.701692,14.925442,15.326624,17.705198,16.370983,21.624718,16.126356,19.927109,19.5176,22.107162
32,35.02591,31.60543,33.045372,27.732325,27.103954,29.307981,23.382414,24.899042,19.876652,20.12275,17.666906,17.998823,13.264491,14.091404,11.449315,12.233281,15.005904,15.679056,20.472227,20.32087,25.779581,25.927767,27.917288,28.674788,27.891264,25.606295,22.353575,20.084122,14.631799,13.905647,6.605112,7.402078,0.0,6.4177938,5.565201,9.633471,11.036981,10.090449,8.629376,8.631055,6.032883,10.021194,9.036821,13.8128605,13.063302,18.66097,20.790773,23.365486,23.56447,18.78708,19.777407,17.35186,15.79799,18.943172,13.809666,13.675841,11.045971,13.195231,17.519934,14.320062,19.8848,15.025979,16.411783,19.468739,22.160484,19.777039,23.269,24.28548,19.92054,20.443323,16.50384,16.953505,14.586763,14.417915,14.865777,13.283388,16.43116,14.851243,19.28709,19.38722,15.686484,16.862698,16.870298,15.284739,14.40479,14.325616,16.558285,15.862376,21.08675,21.203571,25.100737,26.019476,24.983147,28.195242,30.41318,28.050844,23.709047,27.746876,26.75781,21.789413,24.812012,21.173254,22.530495,21.576715,21.804573,23.6311,21.78594,26.923012,20.81171,23.679241,22.852701,24.188112
33,32.25707,29.363863,30.276325,25.063395,24.785772,25.894106,20.937664,21.817818,16.389032,17.134674,13.378265,15.297371,11.198402,13.2378235,12.485399,11.577057,15.613459,15.384691,21.18594,20.515158,25.869444,26.595226,27.892082,29.717989,29.470823,27.524158,24.424345,21.488146,17.23677,14.806329,10.368924,6.8254957,6.4177938,0.0,4.8588314,6.8298683,10.10642,10.694357,6.398594,6.368584,8.171425,10.899707,12.506816,16.064562,16.93831,21.492243,24.621307,26.643759,27.824884,23.317554,24.583755,21.475613,20.344332,22.73724,17.58994,17.205748,15.593079,18.23026,22.981127,20.520906,25.815521,20.644274,22.528704,25.326727,27.709518,24.45779,27.96474,28.288801,23.63437,23.166931,19.756893,18.29917,15.754821,13.793409,13.857657,10.411202,12.613408,9.698012,13.654231,13.179712,9.392847,10.65116,10.887823,9.765907,10.117388,10.949893,13.79813,14.574416,20.500654,21.561,25.450983,27.192987,27.166866,29.838741,31.493738,28.599699,23.963684,27.353405,25.889933,20.69033,23.00395,18.53065,19.714819,17.414146,17.01147,18.447071,16.689112,22.327665,16.768343,19.857683,20.173801,21.550142
34,35.62177,32.739,34.196728,28.973166,28.89154,30.430733,25.312407,26.572851,21.178556,21.850828,18.129272,19.557858,15.057797,16.94991,15.573317,15.46484,19.025135,18.884106,24.494663,23.559212,29.150969,29.305899,30.564846,31.929976,31.691576,29.36179,26.621683,23.592173,19.09589,17.266012,11.392342,10.06494,5.565201,4.8588314,0.0,5.4682417,6.0945983,6.1977553,4.6079535,7.263186,6.3733153,11.516026,12.3503895,16.645617,17.320633,22.126575,25.270105,27.991245,28.537928,23.95526,25.204271,22.804443,21.328176,24.274399,19.113323,18.99796,16.56965,18.62979,23.002953,19.360363,24.956297,19.755245,20.367605,23.51522,26.232098,23.37312,26.210234,26.932016,22.461712,22.14613,18.35902,17.613323,14.312418,13.84813,12.505342,11.224342,12.564362,11.177259,15.574449,15.740929,11.847838,13.90639,15.270384,13.877114,14.423765,14.331806,17.718493,17.039387,23.056501,23.36197,27.148394,28.39666,27.744822,30.26026,31.932003,28.790163,24.582884,28.0184,27.436567,22.374176,25.581812,20.962038,23.196375,21.34544,21.291367,22.332157,20.125765,25.162863,19.14259,21.396116,21.123028,21.635687
35,38.457592,35.836338,36.642517,31.523937,31.319677,31.840385,27.318157,27.363562,21.940907,22.011135,17.425268,18.59594,14.405611,17.08865,17.228384,17.737938,21.734217,22.07804,27.597605,27.2942,32.634674,33.347477,34.65488,36.366196,36.050133,33.965733,30.815699,28.035982,23.345964,21.416714,15.71879,13.419229,9.633471,6.8298683,5.4682417,0.0,5.5890055,9.41345,8.527903,11.499438,11.823403,16.535393,17.57669,21.790403,22.291677,27.25935,30.152817,32.551712,33.10977,28.34223,29.188404,26.322702,24.277502,26.49172,21.493206,22.034739,19.912561,22.65429,26.645487,23.104507,29.12006,24.480682,24.906887,28.30669,31.210096,28.681795,31.543726,32.37862,27.92565,27.572691,23.81789,22.82607,19.42471,18.510052,16.66129,14.831552,14.69213,12.447708,15.884992,14.910843,10.194115,11.252701,14.560757,14.82221,16.285236,17.271227,20.423159,21.058748,27.153782,27.969402,31.796328,33.338196,32.95332,35.455624,37.011497,33.730534,29.436884,32.60904,31.773281,26.636076,29.299145,24.385847,26.097433,23.241442,22.379297,23.243423,21.410343,26.913857,21.623905,23.898169,24.503494,24.75457
