,0,1,2,3,4,5,6,7,8,9,10,11,12,13,14,15,16,17,18,19,20,21,22,23,24,25,26,27,28,29,30,31,32,33,34,35,36,37,38,39,40,41,42,43,44,45,46,47,48,49,50,51,52,53,54,55,56,57,58,59,60,61,62,63,64,65,66,67,68,69,70,71,72,73,74,75,76,77,78,79,80,81,82,83,84,85,86,87,88,89,90,91,92,93,94,95,96,97,98,99,100,101,102,103,104,105,106,107,108,109,110,111,112
0,0.0,3.9342353,7.114917,10.40503,12.5594015,15.496482,18.454794,21.044704,24.74156,26.563036,31.334171,32.910038,29.364933,30.207912,24.786793,26.872122,22.079557,25.823658,21.842064,24.06284,24.485956,21.48448,23.898232,22.588955,19.162844,21.813839,19.11747,22.615456,21.75825,26.756437,28.310617,32.330917,33.15496,35.935772,38.58306,39.87622,42.620987,45.63578,41.651215,39.814663,37.64518,36.235554,31.512306,30.565664,24.814804,26.039112,19.405712,19.852413,17.34528,17.705067,19.670614,22.041336,25.888865,26.988266,28.376127,25.657866,27.023746,24.146374,24.59216,23.91076,29.494373,31.194708,33.019077,34.16178,38.231773,40.05963,42.324535,45.08473,48.36863,48.87021,47.276215,45.08592,46.005535,41.555443,46.26141,41.56825,46.06281,44.550465,44.373615,47.11604,47.176,42.926098,40.75801,37.432457,35.522423,35.39444,33.194042,32.602924,32.925426,32.060738,34.22994,32.35992,34.240574,31.576021,30.506592,28.660696,27.664448,27.327782,28.764822,28.303797,30.493898,31.061995,32.505116,35.87559,38.04026,41.558594,43.068478,40.61653,45.09051,39.61877,43.684513,41.714706,45.337303
1,3.9342353,0.0,3.3251157,7.1663833,8.786236,11.745261,14.6536255,17.333221,21.03402,22.718203,27.556488,29.020458,25.549904,26.588081,21.05756,23.553598,19.076944,22.995981,19.607477,21.930386,23.122318,20.478626,23.20295,21.395378,17.75317,19.98181,16.552717,19.719389,18.401545,23.455906,24.509003,28.594467,29.252512,32.11494,34.691402,35.969322,38.7164,41.75541,37.84215,36.093624,33.8735,32.66457,27.905346,27.22804,21.415308,23.033201,16.308224,17.29196,15.395081,15.796186,18.252884,20.810677,24.632908,26.37674,27.167448,24.310396,25.25768,22.04137,22.698404,21.379065,27.017109,28.426643,29.90718,30.758389,34.801228,36.380856,38.67987,41.413967,44.690483,45.274277,43.73703,41.67472,42.696632,38.389286,43.227974,38.691647,43.41424,42.014713,42.13174,44.871544,45.363308,41.132256,39.057713,35.50659,33.41456,32.954712,31.176989,30.063921,30.831175,29.82123,32.22589,30.599636,32.302307,30.087402,29.388792,27.718712,26.526045,25.757586,27.01759,26.076998,28.275726,28.267523,29.913862,32.876976,35.081535,38.78209,40.026733,37.52931,42.065758,36.58444,40.614223,38.813465,42.36525
2,7.114917,3.3251157,0.0,4.9945626,6.172546,8.546971,11.690558,14.026617,17.875944,19.476608,24.315418,25.911629,22.679663,23.96736,18.45982,21.605642,17.604662,21.821737,19.04221,21.670328,23.562437,21.237608,24.245941,22.147375,18.427443,20.213556,16.055481,18.699856,16.777285,21.7731,22.007095,26.064407,26.434765,29.311804,31.84072,32.927586,35.82365,38.97515,35.23209,33.65502,31.410347,30.541838,25.80025,25.552002,19.736052,21.88841,15.211299,16.86474,15.716205,16.071192,18.917517,21.510315,25.252426,27.498379,27.722757,24.730495,25.321072,21.858713,22.821281,20.835962,26.41152,27.502747,28.52557,28.97235,32.947124,34.083405,36.45624,39.110474,42.388653,43.11479,41.65682,39.810993,40.94781,36.85041,41.81637,37.462803,42.4165,41.027092,41.512383,44.148155,45.05114,40.787876,38.75328,35.01539,32.861694,32.13009,30.841934,29.28974,30.56562,29.468359,32.10779,30.754984,32.26718,30.509901,30.151094,28.641441,27.261576,26.09704,27.102987,25.658867,27.720934,27.078428,28.769712,31.274702,33.34434,37.123158,38.19816,35.721626,40.42018,35.042404,39.050354,37.518692,41.00423
3,10.40503,7.1663833,4.9945626,0.0,3.9968536,6.2236595,8.803536,11.988122,14.756408,17.242495,21.618792,23.391417,19.692873,20.337114,15.44538,18.234962,14.23776,19.01787,16.006853,19.842201,22.011637,19.738285,23.335798,21.700974,18.179167,19.830814,14.988287,17.083492,15.182846,19.52966,20.291748,23.336218,24.562334,26.435818,29.532787,30.450886,33.54894,36.82369,32.94827,31.268269,29.724092,28.467701,24.535915,24.156675,19.24167,21.016483,15.2281065,17.57767,16.975706,18.319126,21.184877,24.190151,27.641554,30.218538,30.453299,27.72259,27.79544,24.038164,24.30126,21.992727,27.630146,27.964376,28.617704,28.201838,32.09996,33.228382,35.133156,38.25578,41.0357,41.65578,39.8407,38.312252,39.069885,35.041214,39.812954,35.300385,40.239704,38.173626,39.086414,41.238583,42.25604,37.714066,35.500473,31.710878,29.917334,29.392372,28.494934,27.362549,29.187141,28.613379,31.63465,30.838923,32.685974,31.217855,30.97431,29.078566,27.000523,25.378859,25.660784,23.737936,25.084524,24.242956,25.250055,27.805988,29.345572,32.840355,34.277832,31.998285,37.033466,32.066372,36.2558,35.09592,38.78915
4,12.5594015,8.786236,6.172546,3.9968536,0.0,4.4473023,6.0313377,10.200814,12.854437,14.740996,19.453571,20.573496,16.806759,17.857592,12.368765,15.589732,12.080439,16.568277,14.70822,17.78528,20.679628,19.003254,22.433678,20.128822,16.578382,17.617254,12.430242,14.087208,11.6656,16.239527,16.546345,20.0802,21.05603,23.417616,26.240221,27.477837,30.291523,33.427593,29.508581,27.832298,26.006144,24.893444,20.67316,20.473063,15.361103,17.52697,11.736899,14.480202,14.582031,15.804336,18.869186,21.835443,25.093485,28.098724,27.841393,25.127903,24.840618,20.957565,21.39284,18.633623,24.125242,24.287552,24.740244,24.301168,28.195908,29.312243,31.30064,34.350555,37.226242,37.87011,36.181866,34.584602,35.530678,31.57376,36.505085,32.21529,37.328518,35.75248,36.70691,39.11678,40.51185,36.236343,34.29668,30.348837,28.133787,27.113605,26.500673,24.596224,26.624693,25.712774,28.776691,28.07721,29.625626,28.553139,28.649942,27.104328,25.133041,23.268293,23.629404,21.425074,23.10778,21.720291,23.38672,25.435152,27.43504,31.34544,32.19813,29.723143,34.52425,29.302965,33.334435,32.119106,35.630096
5,15.496482,11.745261,8.546971,6.2236595,4.4473023,0.0,3.977137,5.9386163,9.332992,11.204181,15.84474,17.708702,14.79305,16.445126,11.477925,16.153774,13.924239,18.61972,17.606764,21.028847,24.392433,22.95442,26.50671,24.137056,20.677956,21.352716,15.901644,16.714573,13.551997,17.509567,15.867345,19.118765,19.2741,21.56918,24.27814,24.872557,28.16975,31.60792,28.183962,26.960953,25.10438,24.830755,20.77506,21.498138,16.649092,19.642689,14.412833,17.61113,18.32474,19.110731,22.349113,25.065336,28.261412,31.520842,30.723598,27.816792,27.367529,23.47492,24.495478,21.172863,26.260702,26.147627,25.900393,24.87322,28.511812,28.635382,30.821592,33.564335,36.48222,37.43888,35.966213,34.80764,35.97177,32.472244,37.516937,33.60403,38.955982,37.34138,38.82675,40.981228,42.851616,38.53415,36.60659,32.53895,30.4283,29.155464,29.211308,26.892208,29.49536,28.503086,31.716955,31.277208,32.515213,31.913767,32.304047,30.981117,28.97322,26.85993,26.962215,24.297352,25.644367,23.439375,24.920414,26.187027,27.697094,31.511078,32.228424,29.913973,35.01101,30.163395,34.09507,33.38819,36.733982
6,18.454794,14.6536255,11.690558,8.803536,6.0313377,3.977137,0.0,5.9091787,7.065253,9.058078,13.553737,14.672124,11.097783,12.615394,7.506312,12.440573,11.057215,15.5574875,15.546395,18.871948,22.772774,21.866457,25.443554,22.969154,19.800158,19.934174,14.280825,14.204178,10.8043585,14.072305,12.4098425,15.217593,15.945326,17.864777,20.798319,21.671932,24.777424,28.134457,24.497698,23.14766,21.598736,21.082191,17.470228,18.210464,14.141485,17.010597,12.912081,16.515078,17.930157,19.138002,22.295963,25.118042,27.92572,31.518803,30.50823,27.873207,26.928137,22.933357,23.547302,19.927883,24.743872,24.02473,23.423132,21.806196,25.336975,25.552422,27.40883,30.461617,33.06936,33.921394,32.27835,31.24676,32.2699,28.869392,33.856552,30.031355,35.44109,33.810375,35.54759,37.603325,39.79137,35.576214,33.791195,29.639482,27.440744,25.920916,26.4417,23.83511,26.868473,25.97789,29.369154,29.340109,30.557638,30.392609,31.052475,29.77037,27.507977,25.043655,24.77644,21.703047,22.817577,20.074629,21.63921,22.465084,24.03775,28.01748,28.449379,26.09279,31.156149,26.379036,30.26911,29.740244,33.052574
7,21.044704,17.333221,14.026617,11.988122,10.200814,5.9386163,5.9091787,0.0,5.2851562,6.1517496,10.583173,13.258635,12.014368,14.669826,10.967551,16.994026,16.670555,21.004562,21.364452,24.680386,28.668982,27.726904,31.282003,28.680834,25.412561,25.496609,19.926863,19.686193,15.919117,18.787226,14.6361885,17.328596,16.16171,18.414768,20.707941,20.474869,24.262125,27.987005,25.320835,24.769491,22.866537,23.785463,20.134012,22.042496,17.931871,21.707825,17.605597,21.162767,22.692247,23.11264,26.434288,28.847263,31.76642,35.41515,33.885303,30.911018,30.08869,26.260221,27.80966,23.860052,28.203901,27.617014,26.429873,24.61649,27.751808,26.559813,28.921968,31.196867,34.090744,35.4386,34.307926,33.739616,35.20727,32.417027,37.525063,34.264545,39.849026,38.41342,40.53051,42.439247,45.00925,40.83079,39.075375,34.8959,32.784737,31.05699,31.996529,28.992683,32.261166,31.110142,34.442818,34.38627,35.166153,35.279705,36.11878,35.154556,33.134594,30.692316,30.510057,27.319124,28.360811,25.110989,26.580769,26.625984,27.680439,31.436113,31.666332,29.539755,34.738728,30.399036,34.014805,33.944695,36.928402
8,24.74156,21.03402,17.875944,14.756408,12.854437,9.332992,7.065253,5.2851562,0.0,4.2593126,6.984552,9.610885,7.8950973,10.061225,8.2673,14.032891,15.065022,19.089115,20.232082,23.890438,28.183239,27.663393,31.357412,29.020357,26.16009,25.87025,20.248327,19.111084,15.548164,16.93888,12.907653,13.726725,13.59326,14.20168,17.20263,16.755238,20.730742,24.551243,21.798727,21.232555,20.287867,20.91876,18.582497,20.5025,17.981575,21.203524,18.682125,22.483982,24.475945,25.524303,28.692822,31.312471,33.85554,37.73907,36.19304,33.557117,32.271736,28.358276,29.253965,25.179323,29.215876,27.84556,26.20939,23.410625,26.202724,24.928234,26.607227,29.369493,31.557838,32.775475,31.300135,31.185516,32.269386,29.78401,34.59404,31.454668,36.97408,35.094746,37.74003,39.168446,42.084923,37.892303,36.180733,32.008846,30.15641,28.385199,30.007257,27.113737,30.956427,30.21696,33.7771,34.30961,35.232487,35.769016,36.8004,35.68254,33.218372,30.407808,29.591045,25.960878,26.298893,22.504522,23.44036,22.865149,23.336971,26.88408,27.074026,25.17394,30.576052,26.832397,30.409367,30.878466,33.86453
9,26.563036,22.718203,19.476608,17.242495,14.740996,11.204181,9.058078,6.1517496,4.2593126,0.0,5.2509646,7.183684,7.531605,11.22647,9.226785,15.55613,17.262676,20.624832,22.642471,25.390057,29.99191,29.795246,33.19364,30.355293,27.499107,26.826141,21.408152,19.980978,16.049305,17.36752,11.342264,13.019773,10.902584,12.959388,14.865118,14.345214,18.236526,22.056894,19.798399,19.7149,17.97971,19.729565,16.907343,19.698746,17.056227,21.00533,18.739183,22.487244,24.896809,25.38655,28.57573,30.832022,33.192654,37.27108,35.16554,32.467915,31.022259,27.277737,28.757114,24.371998,27.817924,26.452997,24.374542,21.594496,24.11746,22.041103,24.202589,26.35683,28.936724,30.46074,29.48747,29.43612,31.036476,28.925707,33.945175,31.362366,37.038803,35.924637,38.562134,40.300423,43.57724,39.747772,38.334038,34.11627,31.878359,29.615192,31.444685,27.734407,31.60632,30.384989,33.789825,34.27531,34.67941,35.606663,36.934124,36.29311,34.1839,31.371048,30.823704,27.161266,27.920029,23.695024,25.358507,24.09041,25.029516,28.896494,28.311903,26.268213,31.22289,27.323198,30.495058,30.968317,33.526546
10,31.334171,27.556488,24.315418,21.618792,19.453571,15.84474,13.553737,10.583173,6.984552,5.2509646,0.0,5.0841136,8.075825,11.131354,12.008946,17.432741,20.192753,23.19021,25.654789,28.675295,33.37773,33.39998,36.891094,34.28669,31.685032,30.83364,25.478397,23.556616,19.886946,20.027617,13.897449,13.401517,11.320868,11.292832,13.175851,11.232046,15.832194,19.905428,18.475279,18.998552,18.20297,20.425755,19.073572,22.152586,20.866777,24.455359,23.230682,27.012959,29.615768,30.310015,33.420586,35.690357,37.843052,42.035355,39.80311,37.243916,35.57542,31.889242,33.178513,28.728998,31.75411,29.904024,27.332533,23.777098,25.646015,22.791542,24.44027,26.499247,28.416952,30.077642,29.105772,29.798826,31.219511,29.809078,34.447285,32.33427,37.882957,36.464523,39.70033,40.892292,44.58492,40.802956,39.446266,35.319534,33.42007,31.130026,33.620472,30.003824,34.311966,33.370853,36.866344,37.781017,38.15498,39.457348,40.945335,40.26869,37.919003,34.89592,33.907574,29.97184,30.114908,25.456673,26.52324,24.436228,24.501558,27.853294,27.12344,25.532887,30.558758,27.62456,30.49254,31.699604,34.020367
11,32.910038,29.020458,25.911629,23.391417,20.573496,17.708702,14.672124,13.258635,9.610885,7.183684,5.0841136,0.0,5.7221575,9.333268,10.707516,15.459857,19.2083,21.146345,24.732515,26.817757,31.798206,32.385506,35.53819,32.67181,30.41219,29.029816,24.097319,21.54729,18.03694,17.243643,10.454289,9.352829,6.606439,6.823856,8.222913,7.2559752,11.300238,15.258306,13.491211,14.079266,13.201629,15.785436,14.939325,18.367905,18.151907,21.56967,21.626644,25.270687,28.350956,29.086536,31.972588,34.10214,35.79243,40.176952,37.678802,35.43683,33.367565,29.827417,30.904663,26.380714,28.740433,26.434893,23.47374,19.476376,20.966982,18.005453,19.410744,21.643032,23.39181,24.99974,24.055304,24.80101,26.33892,25.200928,29.83456,28.143509,33.710194,32.86867,36.13005,37.52019,41.56121,38.21132,37.223446,33.118797,30.886457,28.14318,30.988169,26.772953,31.22083,30.119505,33.51586,34.695263,34.79313,36.57562,38.357327,37.969307,35.715668,32.57257,31.530743,27.496868,27.753185,22.662485,24.308798,21.46964,22.124517,25.90804,24.293154,22.477716,26.935913,23.87225,26.356543,27.602541,29.584465
12,29.364933,25.549904,22.679663,19.692873,16.806759,14.79305,11.097783,12.014368,7.8950973,7.531605,8.075825,5.7221575,0.0,4.4721794,5.3814964,9.825082,13.562757,15.5975275,19.0611,21.386875,26.287752,26.855597,30.092049,27.482918,25.339499,24.054985,19.062197,16.450537,13.242678,12.243813,7.5503416,5.9936223,7.4106603,6.8334627,10.387994,11.351674,14.285559,17.716736,14.26518,13.398899,13.117346,13.441613,12.551189,14.754077,14.66156,17.29025,17.511036,21.213465,24.12958,25.497242,28.272142,30.775234,32.500854,36.762775,34.834812,32.784554,30.742826,26.992294,27.280136,23.041424,26.035774,23.650276,21.321115,17.429012,19.658236,18.565807,19.439604,22.81406,24.33808,25.30684,23.56788,23.68228,24.610647,22.51882,27.191374,24.57039,30.135286,28.751455,31.748753,33.200623,36.818573,33.204014,32.0428,27.875631,25.653414,23.161215,25.715387,21.97124,26.386545,25.64528,29.222834,30.440233,31.072536,32.483856,34.026108,33.24097,30.6871,27.498371,26.26256,22.21078,22.329601,17.481451,19.022346,16.91367,17.947159,22.080582,20.9853,18.8448,23.698586,20.011465,23.159834,23.96141,26.58076
13,30.207912,26.588081,23.96736,20.337114,17.857592,16.445126,12.615394,14.669826,10.061225,11.22647,11.131354,9.333268,4.4721794,0.0,6.2207875,7.4877644,11.856341,13.5967865,16.991379,19.886988,24.565464,25.229755,28.592215,26.562151,24.786533,23.57379,18.777367,15.966843,13.652958,11.577497,10.116356,6.3402677,10.807148,7.7465243,12.383157,13.511076,16.018099,19.095488,15.146276,13.631216,14.869338,13.549676,14.187193,15.179746,16.255096,17.604107,18.608011,22.171074,24.87174,26.893913,29.456787,32.24522,33.85965,37.98728,36.527813,34.749146,32.66328,28.869722,28.351501,24.500294,27.671679,24.992502,22.975786,18.838932,20.999346,20.85067,20.814274,24.90132,25.633398,26.131392,23.717941,23.935303,24.0558,21.770123,25.922897,22.852942,28.12644,25.826551,29.093239,30.027317,33.538464,29.688637,28.379063,24.278625,22.493376,20.374622,23.189137,20.283747,24.904823,24.85621,28.578419,30.151014,31.278374,32.567017,33.945778,32.73555,29.729664,26.415998,24.608587,20.438917,19.72967,14.963815,15.502496,13.471271,13.828974,17.780394,17.193708,15.212203,20.575773,17.355677,20.856052,21.927557,24.93221
14,24.786793,21.05756,18.45982,15.44538,12.368765,11.477925,7.506312,10.967551,8.2673,9.226785,12.008946,10.707516,5.3814964,6.2207875,0.0,6.498316,8.680255,11.442087,14.215947,16.670298,21.439043,21.743952,25.04862,22.462362,20.146553,19.135046,13.904573,11.708145,8.472251,8.704932,7.0242996,7.932052,10.630707,11.35422,14.771361,16.500774,18.868269,21.886837,17.716427,16.005426,15.3108635,14.108511,11.959015,12.753217,11.416222,13.583839,12.918993,16.658243,19.244484,20.993519,23.738672,26.520046,28.449055,32.508026,31.100882,29.079483,27.264637,23.353428,23.19265,19.268473,23.073322,21.08192,19.666965,16.670004,19.758715,20.208559,21.186338,24.929688,26.76522,27.353249,25.329882,24.602625,25.305035,22.204922,27.030731,23.518047,29.035091,27.502125,29.803984,31.663261,34.598827,30.749218,29.382097,25.145538,22.732187,20.559605,22.237202,18.895185,22.848303,22.166178,25.794779,26.662415,27.725895,28.529242,29.74393,28.660955,26.046583,22.989872,21.971935,18.146029,18.695107,14.59872,16.4784,15.907081,17.758286,22.17697,21.717546,19.221615,24.074194,19.453264,23.15395,23.06817,26.216589
15,26.872122,23.553598,21.605642,18.234962,15.589732,16.153774,12.440573,16.994026,14.032891,15.55613,17.432741,15.459857,9.825082,7.4877644,6.498316,0.0,5.569591,6.1140924,10.194573,12.442482,17.142614,18.099945,21.251028,19.30882,17.89904,16.58014,12.289673,9.258092,8.414146,5.6790514,10.215538,8.732459,14.278604,13.191468,17.07939,19.586018,20.937986,23.206833,18.255802,15.570201,16.37559,12.752531,12.6518,11.2396555,12.476404,11.942584,13.679551,16.717478,19.148602,21.894228,24.007456,27.044214,28.452065,32.319016,31.523932,30.16773,28.113712,24.363443,22.75881,19.613926,23.202557,20.626,19.724798,16.513443,19.433084,21.572138,21.297365,25.99784,26.86717,26.694277,23.819273,22.862583,22.50547,18.86213,23.031565,18.758606,23.887997,21.557789,23.837135,25.454176,28.19922,24.26102,22.91557,18.680798,16.328651,14.353259,16.286201,13.758474,18.011457,18.275703,22.072023,23.555166,25.273422,26.06602,27.163677,25.610168,22.39497,19.078703,17.194193,13.090647,12.693646,8.5053835,9.997026,10.077091,12.524319,17.16475,16.936184,14.2469225,18.986082,14.191638,18.362257,18.062874,21.755405
16,22.079557,19.076944,17.604662,14.23776,12.080439,13.924239,11.057215,16.670555,15.065022,17.262676,20.192753,19.2083,13.562757,11.856341,8.680255,5.569591,0.0,5.249805,5.5463843,9.383688,13.47255,13.5262785,17.12863,15.495952,13.6304035,13.219089,8.468415,7.1377516,7.199221,7.677592,13.3100815,13.787339,18.345982,18.263311,22.016716,24.337584,26.021023,28.42047,23.501385,20.82633,20.939638,17.381552,15.866689,13.76269,12.871878,11.883572,11.475319,14.197398,15.6413355,18.841246,20.918268,24.276394,26.126066,29.554367,29.493423,28.035315,26.504898,22.673056,20.746183,18.233925,22.81568,21.090038,21.25624,19.311293,22.7948,25.473442,25.676117,30.17057,31.523037,31.31174,28.535011,27.05308,26.734657,22.51737,26.642355,21.786615,26.535378,24.012894,25.367512,27.272993,28.946423,24.6362,22.853418,18.730135,16.51852,15.51283,15.728497,14.476417,17.558247,17.961699,21.624788,22.409012,24.692528,24.45543,24.937796,22.853231,19.54484,16.597525,15.133606,11.748596,11.973461,10.164165,11.31495,13.845106,16.23432,20.340183,21.121792,18.55838,23.114252,18.067524,22.391172,21.304365,25.26971
17,25.823658,22.995981,21.821737,19.01787,16.568277,18.61972,15.5574875,21.004562,19.089115,20.624832,23.19021,21.146345,15.5975275,13.5967865,11.442087,6.1140924,5.249805,0.0,6.2622833,6.529869,11.231231,12.759926,15.476875,13.704245,12.988386,11.488942,8.598182,5.713259,7.906079,5.6391764,13.772326,13.658318,18.899485,18.631718,21.993317,25.053669,25.768654,27.482307,22.22209,19.0945,19.612665,14.927427,14.402958,11.041814,12.33084,9.453702,12.052162,13.945198,15.843503,19.2724,20.71855,23.888151,24.969181,28.45335,28.374481,27.534883,25.55981,22.057116,19.278334,17.190332,20.906904,18.570152,18.883821,16.880129,20.073301,23.829742,23.346825,28.218025,29.092367,28.412842,25.332718,23.52382,22.755592,18.225843,22.00766,16.886469,21.448147,19.2394,20.297604,22.585356,24.420588,20.563356,19.274914,15.145317,12.183722,10.583195,11.015557,9.292844,12.714441,13.484254,17.232906,18.616213,21.018925,21.234873,21.98769,20.026545,16.53627,13.217345,11.153791,7.188525,7.4190702,5.2996984,8.03183,10.637328,14.3260765,18.76542,18.782633,15.93861,19.487658,13.921114,18.122242,16.501997,20.544924
18,21.842064,19.607477,19.04221,16.006853,14.70822,17.606764,15.546395,21.364452,20.232082,22.642471,25.654789,24.732515,19.0611,16.991379,14.215947,10.194573,5.5463843,6.2622833,0.0,6.4046187,8.81961,8.503266,12.328209,11.866641,10.72049,11.029561,8.120549,8.307181,10.594799,11.114428,18.249207,18.715908,23.565058,23.357607,27.089401,29.629559,31.010685,33.1079,27.977615,25.003548,25.35359,21.053629,19.817387,16.677776,16.047863,13.543963,13.347374,14.8142605,15.169414,19.053423,20.44745,23.966335,25.64585,28.460934,29.33634,28.32216,27.054962,23.516552,20.557093,19.252697,23.93215,22.528233,23.60977,22.404913,25.887962,29.520264,29.406185,34.101387,35.240276,34.64157,31.594954,29.72956,28.911057,24.268566,27.761984,22.35802,26.287292,23.301395,23.773516,25.711292,26.285143,21.791042,19.744795,15.979987,14.073017,14.262952,12.90697,13.761833,15.588842,16.830729,20.178337,20.791258,23.853317,22.818548,22.68337,19.865808,16.122814,13.531549,11.807527,9.499771,9.479548,10.573682,10.927865,15.356076,17.842434,21.352692,22.784935,20.374233,24.304272,19.341047,23.6513,21.93367,26.13921
19,24.06284,21.930386,21.670328,19.842201,17.78528,21.028847,18.871948,24.680386,23.890438,25.390057,28.675295,26.817757,21.386875,19.886988,16.670298,12.442482,9.383688,6.529869,6.4046187,0.0,5.179053,7.3458786,9.214881,7.2952433,7.4677987,6.0982633,6.3993196,6.180267,10.220497,10.2788,18.312325,19.55989,24.05563,24.739012,27.679611,30.971764,31.462698,32.9294,27.637056,24.441225,24.303158,19.583155,18.0643,13.970029,13.974481,9.8643055,11.616432,11.714856,12.366013,16.338875,16.925198,20.157846,21.038603,23.862455,24.751928,24.380484,22.782085,19.688341,15.8197365,15.297616,19.248432,17.810225,19.601183,19.311052,22.71245,27.42364,27.182007,31.792711,33.005356,32.09086,29.169153,26.621744,25.86074,20.840656,24.242353,18.848854,22.510702,20.930716,20.320415,23.404902,23.903536,20.38845,19.18225,15.696285,12.498993,11.864228,9.389522,9.233825,9.806609,10.732951,13.881711,14.422733,17.643206,16.63213,16.666136,14.082673,10.378916,7.382195,6.052234,4.3033876,7.1302986,9.304891,11.973066,15.802803,19.729239,23.712948,23.987188,21.214447,23.739185,17.985931,21.711042,18.9616,22.846455
20,24.485956,23.122318,23.562437,22.011637,20.679628,24.392433,22.772774,28.668982,28.183239,29.99191,33.37773,31.798206,26.287752,24.565464,21.439043,17.142614,13.47255,11.231231,8.81961,5.179053,0.0,3.8354418,4.4321957,5.1749096,7.139746,7.3278294,9.890602,11.078089,15.00725,15.450975,23.440514,24.645416,29.22083,29.767603,32.816357,36.069195,36.575108,37.9732,32.64696,29.38087,29.380949,24.496334,23.101955,18.864004,18.649094,14.44488,15.438385,14.643506,13.989938,18.101622,17.979967,21.140062,21.891285,23.820238,25.748375,25.768713,24.623253,21.97849,17.52411,18.260956,22.116055,21.239143,23.668045,23.95431,27.247837,32.29749,31.949133,36.555004,37.663235,36.54974,33.52687,30.818874,29.74835,24.660208,27.400606,21.869612,24.539145,22.612318,21.085493,24.064209,23.269772,19.790138,18.405905,15.722955,13.229944,13.977751,9.917612,12.310761,10.977579,12.709179,14.888296,14.943655,18.842278,16.759108,15.853834,12.309694,8.192447,6.5541797,5.5635347,7.2000976,9.050511,13.267859,14.751231,19.443972,22.979042,26.319485,27.186634,24.676895,26.80792,21.511282,25.044119,22.012672,25.864796
21,21.48448,20.478626,21.237608,19.738285,19.003254,22.95442,21.866457,27.726904,27.663393,29.795246,33.39998,32.385506,26.855597,25.229755,21.743952,18.099945,13.5262785,12.759926,8.503266,7.3458786,3.8354418,0.0,4.281567,6.095257,6.634781,8.515738,10.025042,12.27638,15.6714945,17.082024,24.552748,26.050827,30.404303,31.050936,34.312927,37.253468,38.217358,39.949738,34.697144,31.556242,31.38685,26.844711,24.977928,21.114576,19.874289,16.390772,15.752777,15.10636,13.677369,17.79685,17.90114,21.241539,22.585838,24.216387,26.480244,26.143044,25.45837,22.67427,18.64263,19.361076,23.85406,23.447584,25.913666,26.291697,29.82549,34.474735,34.462654,38.95262,40.32688,39.419155,36.48283,33.88296,32.995605,27.936201,30.921331,25.376026,28.233236,25.96551,24.672773,27.332424,26.322617,22.471191,20.664288,18.020548,16.106218,17.167425,13.368129,15.765482,14.752823,16.153357,18.297646,17.873436,21.654291,19.115635,17.848555,14.164275,10.554846,9.6559925,9.370109,10.522427,11.974802,15.795483,16.71888,21.689482,24.7413,27.898867,29.292711,26.881908,29.60051,24.422928,28.204174,25.421505,29.375355
22,23.898232,23.20295,24.245941,23.335798,22.433678,26.50671,25.443554,31.282003,31.357412,33.19364,36.891094,35.53819,30.092049,28.592215,25.04862,21.251028,17.12863,15.476875,12.328209,9.214881,4.4321957,4.281567,0.0,4.767495,7.333805,8.739581,12.348292,14.481898,18.203077,19.393135,27.01305,28.727835,32.955112,33.88546,36.836525,40.07672,40.643093,42.0574,36.763306,33.536156,33.22488,28.520224,26.651772,22.47374,21.524157,17.540981,17.561756,16.037088,14.348402,18.234642,17.538246,20.496666,21.249958,22.346947,25.103994,25.339443,24.703913,22.477358,17.876278,19.561634,23.412745,23.255108,26.226698,27.218191,30.575657,35.74715,35.628284,40.020596,41.36549,40.24804,37.372124,34.445942,33.49008,28.358501,30.977425,25.560871,27.815,26.181572,24.047924,27.15227,25.615992,22.448137,21.085566,19.007942,16.889023,17.972599,13.478231,16.102123,13.749239,15.149577,16.472853,15.680149,19.69966,16.64901,14.923351,10.905587,7.4760895,7.8490705,8.492305,11.265558,13.272301,17.669432,19.050339,23.850424,27.301666,30.451147,31.500635,29.046665,31.005354,25.75829,29.120525,25.863438,29.53026
23,22.588955,21.395378,22.147375,21.700974,20.128822,24.137056,22.969154,28.680834,29.020357,30.355293,34.28669,32.67181,27.482918,26.562151,22.462362,19.30882,15.495952,13.704245,11.866641,7.2952433,5.1749096,6.095257,4.767495,0.0,3.759635,4.232175,8.966794,11.204836,14.8060465,16.462273,23.544119,25.975014,29.594732,31.237793,33.772778,37.158043,37.581264,38.94399,33.753254,30.65018,29.758526,25.44117,22.889671,18.859053,17.368969,13.5232115,13.441654,11.515496,10.1135,13.961777,13.290047,16.291561,17.023466,18.713469,20.903263,21.011374,20.150656,17.808807,13.219182,14.806037,18.713846,18.730848,21.82679,23.228258,26.709938,31.81454,32.04005,36.14325,37.865196,36.915382,34.36372,31.265835,30.804438,25.664257,28.853518,23.718079,26.60685,25.933228,24.008348,27.684702,27.042173,24.165792,23.143229,20.52188,17.571526,17.513489,13.601681,14.12619,11.965257,12.145123,13.643185,12.407852,16.045359,13.162722,11.902364,8.530708,5.515927,5.231032,7.4437337,9.644182,13.033145,16.262774,18.875042,22.884792,26.883083,30.654383,31.016449,28.26841,30.217978,24.406067,27.657719,24.269274,27.707184
24,19.162844,17.75317,18.427443,18.179167,16.578382,20.677956,19.800158,25.412561,26.16009,27.499107,31.685032,30.41219,25.339499,24.786533,20.146553,17.89904,13.6304035,12.988386,10.72049,7.4677987,7.139746,6.634781,7.333805,3.759635,0.0,3.5298963,6.3151045,9.5812025,12.517527,15.248713,21.559706,24.51235,27.681244,29.68044,32.239243,35.380463,36.17718,37.853977,32.791748,29.877932,28.631392,24.829315,21.609976,18.092981,15.416885,12.497925,10.663237,9.03398,7.204168,11.288878,11.329156,14.720832,16.259499,18.294031,20.127825,19.574642,18.928335,16.116205,12.323304,13.188728,17.953743,18.272537,21.138243,22.494347,26.260838,30.797209,31.469675,35.378822,37.472176,36.832447,34.476982,31.525509,31.444294,26.385782,30.120365,25.0743,28.583982,27.838133,26.477669,30.0164,29.812357,26.589104,25.329144,22.311699,19.382736,19.028812,15.755053,15.4484215,14.293823,13.898871,15.839576,14.452688,17.515078,14.856696,13.886615,11.168897,8.927128,8.172212,10.07163,10.933042,14.32954,16.58978,19.298256,23.1004,26.932302,30.898178,31.334377,28.524244,31.087801,25.132467,28.636364,25.555305,29.06091
25,21.813839,19.98181,20.213556,19.830814,17.617254,21.352716,19.934174,25.496609,25.87025,26.826141,30.83364,29.029816,24.054985,23.57379,19.135046,16.58014,13.219089,11.488942,11.029561,6.0982633,7.3278294,8.515738,8.739581,4.232175,3.5298963,0.0,5.691819,7.696499,11.047665,13.076859,19.611197,22.51393,25.692997,27.785189,30.06268,33.482197,33.88255,35.289726,30.202303,27.235262,25.952417,22.007446,18.931528,15.142924,13.164366,9.556049,9.429981,7.631568,7.288678,11.179193,11.133392,14.295506,15.213862,17.83817,19.024015,18.731728,17.476902,14.668169,10.465113,11.070211,15.338971,15.177146,18.02771,19.39452,23.04385,27.881926,28.385527,32.327175,34.315453,33.57557,31.247229,28.179306,28.133055,23.071806,26.847378,21.962687,25.57885,25.391216,24.02947,27.87055,28.121971,25.260532,24.368702,21.241026,17.834637,16.853092,13.914476,12.539332,11.429614,10.556524,12.690493,11.574228,14.509795,12.478594,12.165391,9.997009,7.693421,6.0201464,8.134087,8.663136,12.699625,14.46549,17.916357,21.138752,25.396803,29.616938,29.49189,26.558487,28.712822,22.565464,25.824673,22.589682,25.90907
26,19.11747,16.552717,16.055481,14.988287,12.430242,15.901644,14.280825,19.926863,20.248327,21.408152,25.478397,24.097319,19.062197,18.777367,13.904573,12.289673,8.468415,8.598182,8.120549,6.3993196,9.890602,10.025042,12.348292,8.966794,6.3151045,5.691819,0.0,4.0851035,6.2791986,9.658609,15.442704,18.479752,21.530947,23.556948,26.165491,29.15589,30.172243,32.096138,27.135607,24.392897,23.07432,19.66756,16.228168,13.278837,10.207564,8.2195215,5.920679,6.709214,7.4828734,11.16694,12.722499,16.155888,17.971092,21.163927,21.522398,20.299238,19.039791,15.431121,12.884853,11.391734,16.550049,16.012894,17.7519,18.064302,22.000097,25.793146,26.628332,30.578981,32.739975,32.40697,30.12588,27.583258,27.802492,23.00734,27.36845,22.548315,26.994312,26.15474,25.925917,29.184727,30.141693,26.636385,25.347742,21.653212,18.503798,17.25919,15.580361,13.583869,14.518708,13.710253,16.684406,16.18616,18.461033,17.301554,17.46816,15.65942,13.232601,10.967234,11.56644,9.936082,13.023022,13.101337,16.27339,19.112257,22.874237,27.25136,27.330433,24.41534,27.610767,21.564869,25.29455,22.836601,26.388943
27,22.615456,19.719389,18.699856,17.083492,14.087208,16.714573,14.204178,19.686193,19.111084,19.980978,23.556616,21.54729,16.450537,15.966843,11.708145,9.258092,7.1377516,5.713259,8.307181,6.180267,11.078089,12.27638,14.481898,11.204836,9.5812025,7.696499,4.0851035,0.0,4.169789,5.720625,12.532186,14.966116,18.518484,20.189089,22.752506,25.990253,26.675297,28.41245,23.33782,20.475977,19.464365,15.699225,12.8442745,9.593106,8.126775,5.4202356,6.574295,8.249992,10.495451,13.663379,15.225112,18.338488,19.616575,23.254475,22.96106,21.91388,20.054827,16.451506,13.982302,11.710636,16.031813,14.454528,15.4452095,14.846372,18.640945,22.516064,22.97618,27.21023,29.04373,28.631304,26.202482,23.807783,23.92891,19.222725,23.68931,18.986607,23.760145,23.042675,23.303087,26.49655,28.13022,24.786272,23.754194,19.85389,16.42547,14.480431,13.833374,10.692901,12.811845,11.991602,15.445188,15.793025,17.760006,17.63425,18.439777,17.010363,14.365515,11.405097,11.135934,8.23949,11.070671,9.758544,13.605631,15.604307,19.672766,24.317764,23.863426,20.846264,23.915686,17.782936,21.462975,19.205315,22.723383
28,21.75825,18.401545,16.777285,15.182846,11.6656,13.551997,10.8043585,15.919117,15.548164,16.049305,19.886946,18.03694,13.242678,13.652958,8.472251,8.414146,7.199221,7.906079,10.594799,10.220497,15.00725,15.6714945,18.203077,14.8060465,12.517527,11.047665,6.2791986,4.169789,0.0,5.3599215,9.195037,12.658161,15.261658,17.61814,20.024366,22.967907,24.064901,26.174845,21.403013,18.94921,17.348434,14.695239,10.853596,9.143876,5.842883,6.3683157,5.2865567,8.581035,11.3661785,13.619485,15.9105215,18.838335,20.52432,24.463352,23.510366,21.898045,20.069084,16.191992,15.083771,11.713504,16.164843,14.701551,14.86317,13.844892,17.772387,20.539919,21.609154,25.463346,27.734312,27.774143,25.72392,23.657066,24.348652,20.105875,25.047102,20.886566,26.11769,25.573633,26.404135,29.410187,31.533337,28.119116,27.02974,22.96512,19.697096,17.46716,17.575693,13.8512945,16.519655,15.23073,18.61239,18.832033,20.11985,20.349373,21.392502,20.404182,18.171974,15.370203,15.288359,12.209886,14.57119,12.031344,15.6787195,16.701956,20.362999,25.149834,24.503439,21.510569,25.084925,19.121162,22.744474,21.04527,24.305809
29,26.756437,23.455906,21.7731,19.52966,16.239527,17.509567,14.072305,18.787226,16.93888,17.36752,20.027617,17.243643,12.243813,11.577497,8.704932,5.6790514,7.677592,5.6391764,11.114428,10.2788,15.450975,17.082024,19.393135,16.462273,15.248713,13.076859,9.658609,5.720625,5.3599215,0.0,8.542063,9.539517,13.896811,14.838659,17.448103,20.851406,21.282963,22.96045,17.80614,14.894752,14.445555,10.449688,8.8293085,6.1526294,7.807747,6.4351635,10.003476,12.527665,15.575824,18.058685,19.855999,22.60004,23.559649,27.60136,26.499786,25.416508,23.07331,19.52036,17.763672,14.591633,17.703638,14.990257,14.361496,11.813363,15.174038,18.4226,18.418713,22.999567,24.372969,24.050692,21.471054,19.64968,19.768381,15.575808,20.305998,16.12315,21.503132,20.780144,22.185968,24.91957,27.66962,24.477425,23.701233,19.595125,16.217855,13.383434,14.757919,10.408014,14.32336,13.606894,17.29642,18.6027,19.901108,21.011707,22.448122,21.482357,18.807007,15.502927,14.347174,10.422304,11.816799,7.724497,11.86233,11.769862,15.864586,20.854328,19.599659,16.507135,19.790306,13.824328,17.453535,16.059422,19.406626
30,28.310617,24.509003,22.007095,20.291748,16.546345,15.867345,12.4098425,14.6361885,12.907653,11.342264,13.897449,10.454289,7.5503416,10.116356,7.0242996,10.215538,13.3100815,13.772326,18.249207,18.312325,23.440514,24.552748,27.01305,23.544119,21.559706,19.611197,15.442704,12.532186,9.195037,8.542063,0.0,6.2885675,6.13875,10.081587,11.294672,14.33574,15.285718,17.637976,13.503358,12.027004,9.460879,9.638039,5.68985,8.575438,7.9354773,11.333941,12.440096,15.700239,19.230774,20.11628,22.606113,24.700426,25.958971,30.406586,28.044498,26.235415,23.862732,20.332922,20.798199,16.379538,18.706553,16.279953,13.870031,10.515685,13.401793,13.428647,15.008708,18.321302,20.773804,21.579493,20.22626,19.20383,20.839039,18.180738,23.504156,21.04296,26.806278,27.013676,29.09107,31.670883,35.206818,32.26286,31.59832,27.462141,24.284126,21.11649,23.130981,18.052652,21.924856,20.231026,23.470007,24.383085,24.41028,26.149986,28.021328,27.911844,26.019178,22.996662,22.511086,18.81264,20.28048,15.574915,19.083141,17.166458,20.186432,25.080402,23.08914,20.283785,23.790365,18.687426,21.422344,21.072199,23.31995
31,32.330917,28.594467,26.064407,23.336218,20.0802,19.118765,15.217593,17.328596,13.726725,13.019773,13.401517,9.352829,5.9936223,6.3402677,7.932052,8.732459,13.787339,13.658318,18.715908,19.55989,24.645416,26.050827,28.727835,25.975014,24.51235,22.51393,18.479752,14.966116,12.658161,9.539517,6.2885675,0.0,6.629246,5.317027,8.406739,11.493875,12.299861,14.674436,10.034217,8.140054,8.696965,7.6078343,8.656241,10.524663,13.037895,14.567307,17.182364,20.39386,23.773682,25.366087,27.66274,30.010214,31.039639,35.423534,33.364044,31.876247,29.344763,25.872223,25.520042,21.473345,23.525812,20.385473,17.729488,13.078562,14.817014,14.683584,14.541418,18.757114,19.63581,20.129845,17.966513,17.961575,18.648748,16.62881,21.245111,18.947893,24.539507,23.780737,26.829468,28.496908,32.548527,29.531225,28.895445,24.84596,22.220055,19.112566,22.250137,17.797024,22.475206,21.723326,25.189703,26.923027,27.348736,29.383278,31.26407,30.752018,28.231682,24.88363,23.417807,19.267597,19.359066,13.928224,16.274658,13.009714,15.114023,19.773123,17.477585,14.952682,18.88279,14.858955,17.595127,18.403095,20.731813
32,33.15496,29.252512,26.434765,24.562334,21.05603,19.2741,15.945326,16.16171,13.59326,10.902584,11.320868,6.606439,7.4106603,10.807148,10.630707,14.278604,18.345982,18.899485,23.565058,24.05563,29.22083,30.404303,32.955112,29.594732,27.681244,25.692997,21.530947,18.518484,15.261658,13.896811,6.13875,6.629246,0.0,6.5479813,5.8771853,8.557042,9.69343,12.588893,9.680999,9.808766,7.1777735,10.4919615,8.952092,13.0702,13.671221,17.07083,18.439089,21.65242,25.219193,25.758474,28.298235,30.107433,31.235031,35.770306,32.926785,31.052353,28.581978,25.324192,26.315989,21.779425,23.23834,20.598324,17.266794,13.111558,14.439668,11.71786,13.39445,15.854953,18.08082,19.562786,18.818523,18.971704,21.010403,19.791641,24.770668,23.467207,29.134562,29.479666,32.277317,34.363407,38.554855,35.815323,35.300983,31.242508,28.354292,25.02253,27.828644,22.661882,26.903492,25.284838,28.399775,29.624052,29.238575,31.502087,33.615593,33.73362,31.868858,28.767214,28.02718,24.150234,25.057783,19.811907,22.709484,19.524364,21.607965,26.094084,23.520206,21.16269,24.548372,20.616804,22.636337,23.310926,24.865314
33,35.935772,32.11494,29.311804,26.435818,23.417616,21.56918,17.864777,18.414768,14.20168,12.959388,11.292832,6.823856,6.8334627,7.7465243,11.35422,13.191468,18.263311,18.631718,23.357607,24.739012,29.767603,31.050936,33.88546,31.237793,29.68044,27.785189,23.556948,20.189089,17.61814,14.838659,10.081587,5.317027,6.5479813,0.0,4.861263,6.648252,8.283309,11.436835,8.196542,8.098244,9.470379,10.742966,12.620107,15.379128,17.708,19.754162,21.972063,25.315016,28.695236,30.01746,32.472195,34.6905,35.7811,40.2355,37.876953,36.22824,33.702274,30.301287,30.41813,26.182707,27.922232,24.784098,21.624434,16.715355,17.543259,15.527695,15.327445,18.761997,19.200695,20.2069,18.493385,19.597654,20.466196,19.679829,23.809967,22.42504,27.762316,26.89244,30.521925,31.629774,36.090256,33.149258,32.535217,28.619001,26.409319,23.401142,26.966173,22.698774,27.49606,26.798353,30.178776,32.020393,32.210304,34.479057,36.462547,36.048004,33.538437,30.176575,28.598747,24.405079,24.107536,18.600243,20.162321,16.198103,16.954481,20.864027,18.334333,16.500494,20.44281,17.865303,19.953365,21.69328,23.467583
34,38.58306,34.691402,31.84072,29.532787,26.240221,24.27814,20.798319,20.707941,17.20263,14.865118,13.175851,8.222913,10.387994,12.383157,14.771361,17.07939,22.016716,21.993317,27.089401,27.679611,32.816357,34.312927,36.836525,33.772778,32.239243,30.06268,26.165491,22.752506,20.024366,17.448103,11.294672,8.406739,5.8771853,4.861263,0.0,4.559817,4.140048,7.4148045,5.5123005,7.283649,7.173305,11.0143385,12.588674,16.311043,18.690434,21.238192,23.700392,26.806894,30.450624,31.237286,33.610126,35.40814,36.22428,40.793137,37.884815,36.277798,33.586586,30.50989,31.157156,26.780144,27.645485,24.488308,20.770834,15.886506,15.859393,12.256964,12.462924,14.876794,15.608924,17.192919,16.420223,17.856205,19.567621,19.6534,23.831753,23.476496,28.76267,28.996714,32.48275,33.93168,38.701145,36.272556,35.998432,32.16606,29.628326,26.2237,29.826939,24.83562,29.438278,28.214014,31.27503,33.052414,32.611393,35.336926,37.62188,37.733864,35.653667,32.38662,31.148966,27.104343,27.288837,21.70272,23.947758,19.629513,20.87792,24.801191,21.559572,19.732079,22.637213,20.102726,21.343893,23.041897,24.008703
35,39.87622,35.969322,32.927586,30.450886,27.477837,24.872557,21.671932,20.474869,16.755238,14.345214,11.232046,7.2559752,11.351674,13.511076,16.500774,19.586018,24.337584,25.053669,29.629559,30.971764,36.069195,37.253468,40.07672,37.158043,35.380463,33.482197,29.15589,25.990253,22.967907,20.851406,14.33574,11.493875,8.557042,6.648252,4.559817,0.0,4.8975945,8.978133,9.280714,11.453423,11.638715,15.440315,16.681492,20.453093,22.111645,25.016783,26.685055,30.028666,33.502518,34.20217,36.800476,38.658916,39.76831,44.313904,41.39825,39.527813,37.03156,33.8507,34.801567,30.306784,31.504301,28.592348,24.923054,20.234339,20.29221,16.114712,16.625229,18.27135,18.947824,20.814665,20.30375,22.133808,23.757212,24.06423,28.024563,27.661856,32.855343,32.594257,36.345703,37.416798,42.178192,39.48653,38.993214,35.148674,32.946697,29.808666,33.438885,28.815031,33.500256,32.40743,35.573597,37.265007,36.92133,39.471153,41.64851,41.61681,39.429764,36.152996,34.848858,30.72509,30.66817,25.129519,26.781593,22.588469,22.964697,26.359972,23.577349,22.180344,25.563274,23.67173,25.026466,27.064764,28.112665
