,0,1,2,3,4,5,6,7,8,9,10,11,12,13,14,15,16,17,18,19,20,21,22,23,24,25,26,27,28,29,30,31,32,33,34,35,36,37,38,39,40,41,42,43,44,45,46,47,48,49,50,51,52,53,54,55,56,57,58,59,60,61,62,63,64,65,66,67,68,69,70,71,72,73,74,75,76,77,78,79,80,81,82,83,84,85,86,87,88,89,90,91,92,93,94,95,96,97,98,99,100,101,102,103,104,105,106,107,108
0,0.0,4.7528076,6.7407,9.141317,12.287345,13.771299,17.225271,21.524902,22.757702,27.951998,30.93665,34.885098,32.939,30.870367,26.821571,24.739054,20.790659,20.17119,16.280268,14.538871,13.176197,11.935088,14.076627,10.887044,14.76352,17.987154,18.900127,18.212574,19.01031,18.679333,20.677301,19.823753,26.227478,22.796532,27.532784,28.97529,30.087372,30.224314,25.69616,21.999239,27.308155,23.882334,25.532928,24.085508,23.024996,22.212221,23.791418,21.226265,25.608036,27.533651,30.040203,27.249231,30.440533,32.338535,29.726522,32.225502,31.42614,32.35682,37.25129,34.89921,31.524212,34.05063,32.188812,34.33204,32.41351,37.36556,36.60025,35.501522,32.000435,32.168697,29.690372,32.788544,32.598717,36.993595,36.737534,40.273884,42.129486,41.622204,45.638237,45.032814,40.44622,38.53629,34.55826,31.623838,30.21735,25.584703,24.25744,19.16052,19.757109,17.177801,19.716902,19.74225,18.177813,19.850006,18.466022,22.766201,22.19914,26.449198,29.158588,29.94689,33.640522,36.079712,37.298634,34.885803,37.127907,31.565382,33.596127,29.770555,31.20815
1,4.7528076,0.0,5.2630105,6.231908,8.721025,11.799389,13.811878,19.070404,19.745699,25.367002,28.292414,32.11965,30.781162,28.960712,25.081654,22.65834,19.145477,17.683126,14.209755,11.371527,11.245,8.406832,11.989532,8.626861,13.338962,15.875297,15.534435,15.036406,15.239111,16.09218,17.320356,17.80681,24.184826,21.715271,26.157084,28.019163,29.559893,29.20304,24.908205,21.012892,25.415226,21.658285,22.772873,20.610912,20.111643,18.636545,20.673668,17.465866,22.10736,23.708557,26.151466,23.103666,26.89616,28.626299,26.357485,29.17004,28.04228,29.322472,34.236153,31.563835,28.163626,30.107954,27.976532,29.892109,27.770502,32.6699,31.848701,30.792143,27.402037,27.684278,25.386545,28.567356,28.437695,32.959873,32.790016,36.507065,38.383587,38.040794,42.02956,41.589344,37.073044,34.927685,31.098354,27.89674,26.351324,21.755486,19.869223,14.792684,15.075669,12.463213,14.99993,15.163328,14.101984,15.787643,14.936552,19.079418,18.708786,22.557663,25.738428,25.966122,29.874533,32.34394,33.237724,30.780355,32.664852,27.165272,29.06317,25.227327,26.698622
2,6.7407,5.2630105,0.0,5.0449643,6.890539,8.01616,11.219009,15.406614,17.193935,21.81577,25.689678,29.183273,27.214012,25.585926,21.210907,19.592403,15.928883,15.413507,12.484177,11.079683,11.838196,11.289737,15.260367,13.059382,17.685759,19.673023,19.293781,17.79054,16.947193,17.60409,17.23537,17.469067,22.420105,19.25911,23.996336,25.206375,27.22282,27.378353,23.162132,19.770306,24.56405,21.785892,22.27508,21.269032,21.949324,20.624165,23.54611,20.671217,25.530964,27.255518,29.124645,25.29496,29.349966,30.118559,27.47449,29.895012,28.10061,28.803524,33.45643,30.462112,27.199759,29.491867,27.958372,29.813618,28.64381,33.16851,32.76851,32.459145,29.704649,30.011908,27.654005,30.36327,29.457396,33.985275,33.09444,36.784443,38.079422,37.221344,41.008396,39.98159,35.135536,32.968765,29.02697,26.08446,25.233442,19.999096,19.650177,14.931531,15.856258,14.434238,16.62554,15.482849,15.688037,15.142592,13.018213,17.104538,15.7923,20.309464,22.57051,23.753254,27.285667,29.786888,31.212366,28.800892,31.641674,26.010443,28.532001,25.041328,27.070225
3,9.141317,6.231908,5.0449643,0.0,3.704604,6.1185346,8.509334,13.225698,13.748105,19.478867,22.137457,26.048666,24.66228,22.761808,19.056667,16.434418,13.015187,11.492984,8.239885,6.08664,7.2727838,7.3589315,11.475334,10.553324,14.918184,15.990327,15.586891,13.31944,12.214254,12.720376,12.317619,12.742387,18.232473,15.900509,20.268013,22.123388,24.031395,23.612764,19.517513,15.822531,20.012445,16.903374,17.433195,16.299105,17.035627,15.851609,19.01589,16.64877,21.472275,23.616564,24.979176,20.969465,24.685131,25.272373,22.478981,24.861626,23.215603,24.01492,28.781538,26.02387,22.685213,25.20671,23.707546,26.00757,25.06023,29.936653,29.966208,29.732859,26.757761,26.419672,23.586472,25.984915,24.920622,29.327604,28.45931,32.037094,33.49882,32.772507,36.694195,35.955883,31.330807,29.40114,25.422981,22.51843,21.195734,16.573606,15.913787,11.02677,12.778174,11.644935,14.733501,14.257414,16.01089,15.402159,14.051401,17.560932,15.538824,19.50927,21.280764,21.961239,25.278812,27.460478,28.865517,26.777033,29.226942,24.182991,26.89253,23.654718,26.021492
4,12.287345,8.721025,6.890539,3.704604,0.0,5.3336062,5.1328917,10.829931,11.22555,16.876152,20.041725,23.574207,22.554089,21.093029,17.370787,14.888562,12.133941,10.097967,8.268664,5.7936287,9.163457,8.696024,13.487878,12.821012,17.20614,17.642153,16.155785,13.91042,11.638861,13.43265,11.107156,13.140562,17.460102,15.958017,19.95112,21.830431,24.321804,23.704708,20.031097,16.606445,19.831203,17.002533,16.541718,15.214437,17.196238,15.404937,19.278616,16.507235,21.412985,23.151611,24.212357,19.701069,24.10848,24.079933,21.564888,24.052563,21.726175,22.618824,27.211859,23.925316,20.656387,22.620872,21.117275,23.069963,22.380966,26.94986,27.088808,27.257929,24.773212,24.637894,22.081316,24.318419,22.963438,27.481115,26.363794,30.11929,31.307737,30.508518,34.285763,33.4263,28.699427,26.458746,22.592028,19.474358,18.398901,13.350257,12.94036,8.399264,10.19075,10.04223,12.647852,11.522732,14.538961,12.726554,11.412479,14.444644,12.109926,15.894888,17.745583,18.264587,21.675966,23.946152,25.248438,23.09706,25.66316,20.576374,23.453867,20.399645,23.047535
5,13.771299,11.799389,8.01616,6.1185346,5.3336062,0.0,5.9251966,7.812412,9.86363,14.2261095,17.884666,21.404242,19.282475,17.577639,13.340884,11.623664,8.137862,8.100829,6.6314287,7.7717223,10.098684,12.587843,16.32367,16.409418,20.416304,20.84699,20.377356,17.268286,15.047301,15.261912,12.52572,12.664551,15.333376,12.405914,16.89311,17.937769,20.630049,20.73523,17.028076,14.293944,18.443022,16.96649,16.41735,17.09094,19.402882,18.525656,22.507156,20.746073,25.467321,27.692312,28.265148,23.520214,27.278456,26.57248,23.408619,25.124296,22.630915,22.576092,26.828825,23.730785,20.694616,23.73021,23.188341,25.462105,25.921158,30.228512,30.93897,31.645815,29.46061,29.006054,26.126123,27.7493,25.686724,29.878002,28.06588,31.459936,32.124992,30.72596,34.336315,32.870754,27.901814,26.070084,21.968887,19.583937,19.221048,14.105849,15.878984,12.203819,14.777081,15.227345,17.737614,16.082788,19.34026,16.509628,14.158516,16.84899,13.209506,17.553026,17.436504,19.3596,21.84051,23.848495,26.032448,24.2311,27.806658,23.034073,26.550728,24.011465,27.070126
6,17.225271,13.811878,11.219009,8.509334,5.1328917,5.9251966,0.0,6.632925,6.9309573,12.104431,15.875115,18.896774,18.148737,17.208149,13.621941,11.469192,9.920108,7.7147107,8.503342,7.601979,12.018276,12.617331,17.119898,17.302834,21.325914,20.960896,18.97444,16.250645,12.827627,15.061181,10.292391,13.4084215,15.256107,14.698704,18.010492,19.688622,22.90326,22.187307,19.229082,16.528152,18.5651,16.77232,14.961406,14.468361,18.132582,16.244387,20.870617,18.465631,23.115372,24.697939,24.950865,19.790243,24.453264,23.207922,20.737623,22.873714,19.617424,20.149246,24.272427,20.41927,17.4052,19.15872,18.25541,19.995407,20.493427,24.487612,25.265278,26.327766,24.66786,24.418959,21.975552,23.477337,21.294882,25.652388,23.816427,27.544647,28.104364,26.923634,30.431032,29.17076,24.243256,21.822441,17.985188,14.935861,14.545258,8.911862,10.474095,7.6838646,10.151365,11.876601,13.728835,11.734292,16.615587,12.863988,11.369437,12.978846,9.141578,12.542873,13.030455,13.928619,16.845167,18.998648,20.652597,18.727901,21.946428,17.251595,20.818409,18.52799,21.863592
7,21.524902,19.070404,15.406614,13.225698,10.829931,7.812412,6.632925,0.0,4.8484173,6.439467,11.5186205,14.0910845,12.088796,11.296611,7.140986,6.539479,6.197791,6.651443,9.644983,11.805058,15.299219,18.057064,21.702326,22.676813,26.316853,25.689577,24.453255,20.92939,17.477236,18.337488,12.915713,14.384631,12.721572,11.696185,14.514074,15.075698,19.002787,18.91362,16.687712,15.398516,17.236244,17.505821,15.031146,17.017603,21.31775,20.34145,25.089808,23.780573,28.089632,30.086716,29.611452,24.21284,28.104391,25.780212,22.766144,23.841429,20.14434,19.393091,22.674067,18.883537,16.481081,19.348217,19.942072,21.912037,24.120306,27.474703,29.11491,30.978436,29.869423,29.203152,26.502905,27.06813,23.941406,27.66766,24.83652,27.985643,27.639208,25.600992,28.691082,26.529583,21.296484,19.398085,15.394435,13.636939,14.590549,9.588074,14.290364,13.157372,16.12009,18.319212,20.06992,17.755236,22.900803,18.246595,16.031107,16.767956,11.628503,14.771978,11.746979,14.606838,15.629535,17.137157,20.09098,18.92729,23.410975,19.69528,23.990845,22.684956,26.47953
8,22.757702,19.745699,17.193935,13.748105,11.22555,9.86363,6.9309573,4.8484173,0.0,7.1717305,8.964728,12.4110565,12.171743,11.06775,9.010581,5.845971,6.9957423,4.5356064,8.687852,10.201497,14.023008,16.614138,19.834858,21.526958,24.63799,23.266392,21.762146,18.03279,14.234004,15.364584,9.068345,11.730816,9.844365,11.131541,12.848352,14.635961,18.284399,17.177517,15.367146,13.822525,13.994361,13.971072,10.825576,12.671592,17.56451,16.582914,21.46371,20.61939,24.532495,26.62935,25.63573,20.179451,23.77751,21.087542,18.133522,19.208252,15.345944,14.8392935,18.34918,14.505057,11.846755,14.842533,15.465485,17.93211,20.40169,24.053675,26.078026,27.9396,26.694775,25.481928,22.512505,22.659058,19.320992,22.908892,20.075277,23.222689,23.107647,21.318707,24.691694,23.051092,18.06202,16.291899,12.140869,10.095379,10.219147,6.1322093,10.82172,10.510039,13.967935,16.556866,18.602266,17.045881,22.827608,18.75858,17.536179,17.98985,13.260815,15.236957,12.594485,13.91812,14.862034,15.913561,18.464836,17.678688,21.240368,18.323729,22.513895,21.436466,25.300371
9,27.951998,25.367002,21.81577,19.478867,16.876152,14.2261095,12.104431,6.439467,7.1717305,0.0,7.725135,8.32708,6.6532445,7.6237125,5.6168,6.9980273,9.904663,10.50898,14.692816,17.05272,20.584698,23.494352,26.832651,28.330126,31.631798,30.397535,28.88328,25.200176,21.349764,22.328428,16.058678,17.896536,13.225049,14.021456,14.781811,14.786919,19.250614,18.99311,18.305138,18.26892,18.143566,19.818,16.281845,19.177507,24.372623,23.5298,28.436071,27.629616,31.431353,33.290188,32.03691,26.473627,30.084593,26.608587,23.844015,24.21139,19.844913,18.40111,20.361008,16.25842,14.898255,17.466759,19.282389,20.912346,24.631737,26.993776,29.445053,32.163525,31.877241,30.967758,28.447763,28.086197,24.23466,27.241594,23.608253,26.251928,24.9067,22.242779,24.647842,21.743967,16.391663,14.675785,11.066781,10.71033,13.149129,9.890249,16.132763,16.94837,19.830454,22.797323,24.089945,21.672398,27.579351,22.264547,20.38393,19.854216,14.547773,16.00806,10.373975,13.722564,12.584478,13.051642,16.882486,16.716475,21.760061,19.56752,24.209917,24.07917,28.207445
10,30.93665,28.292414,25.689678,22.137457,20.041725,17.884666,15.875115,11.5186205,8.964728,7.725135,0.0,5.1011195,6.651134,5.808587,8.878335,7.04266,11.303102,10.855404,15.213818,17.858913,20.612165,24.281092,26.352173,29.045444,31.31913,29.194809,28.197586,23.994423,20.414906,20.418695,14.498032,15.639708,8.648461,12.430225,10.543536,11.670042,15.514983,14.03689,14.842722,15.621934,12.885684,15.836671,11.849237,16.200733,21.368233,21.447891,25.938786,26.59909,29.508568,31.906874,29.720654,24.480143,26.565887,22.345924,19.274305,18.547945,14.416833,11.943283,13.118561,9.898673,9.24506,13.5894785,16.56591,19.320875,23.859734,26.539482,29.789568,32.454876,31.828344,29.811424,26.646517,25.253462,20.910501,22.904558,18.871695,20.60695,19.1238,16.188765,18.8429,16.27224,11.428348,11.506146,7.776588,9.335163,10.714569,11.240649,16.659521,18.15411,21.598759,24.543953,26.49894,25.16014,31.37539,27.01934,25.899906,25.557465,20.593805,21.38125,16.38122,17.971533,16.301899,15.511713,18.942991,19.783367,23.389275,22.781538,27.155869,27.353895,31.456362
11,34.885098,32.11965,29.183273,26.048666,23.574207,21.404242,18.896774,14.0910845,12.4110565,8.32708,5.1011195,0.0,5.522838,7.5082073,10.802815,11.04023,15.313059,15.260927,19.760534,22.174313,25.320063,28.562557,31.03393,33.45582,35.964767,33.852444,32.397003,28.458618,24.604576,25.214447,18.92545,20.669506,13.693698,17.021694,15.071888,15.300586,19.30352,18.211859,19.505095,20.603956,17.7744,20.810493,16.629065,20.42425,25.941418,25.646341,30.263609,30.57518,33.42743,35.40557,33.08354,27.771673,30.233051,25.57493,23.086805,22.311502,17.81346,15.458482,15.316146,11.734182,12.222353,14.835777,18.268196,20.078222,25.31319,26.93431,30.444561,33.71265,33.86275,32.15478,29.513224,27.860723,23.34481,24.98429,20.5995,22.080896,19.6573,16.272312,17.86596,14.299203,9.234708,9.195334,6.7441645,9.631193,12.450872,13.246599,19.130129,21.429287,24.434736,27.76452,29.120188,27.340202,33.797848,28.768736,27.603426,26.524925,21.581924,21.610252,15.565125,17.456182,14.474319,12.934935,16.820513,18.276207,22.360659,22.57146,27.018784,27.938675,32.135834
12,32.939,30.781162,27.214012,24.66228,22.554089,19.282475,18.148737,12.088796,12.171743,6.6532445,6.651134,5.522838,0.0,3.785324,6.595311,8.922713,12.731727,14.2699995,18.434582,21.699652,24.43308,28.371922,30.899937,33.08183,35.85795,34.289703,33.41392,29.25812,25.68461,25.624285,19.817287,20.313726,13.373662,14.632704,13.513253,12.395925,16.793114,16.843678,17.670286,19.144869,18.055017,21.396128,17.902895,22.281801,27.287907,27.266289,31.882498,32.089146,35.42601,37.701794,35.857597,30.46273,33.004402,28.914555,25.847557,25.13721,21.065796,18.4925,19.071442,16.040194,15.798379,19.346773,22.298552,24.3218,28.950247,31.037046,34.118675,37.10481,36.889893,35.404957,32.550297,31.433758,27.132915,29.239956,25.08384,26.745262,24.702007,21.378025,23.15948,19.561888,14.682483,14.602247,11.726349,13.56221,16.146671,15.102692,21.299793,22.450773,25.66458,28.606651,30.213182,28.089634,34.072186,28.898325,27.006697,26.45123,21.149183,22.31129,16.020811,19.252392,16.807055,16.046917,20.295399,21.113684,25.978142,25.022093,29.658894,30.03334,34.225914
13,30.870367,28.960712,25.585926,22.761808,21.093029,17.577639,17.208149,11.296611,11.06775,7.6237125,5.808587,7.5082073,3.785324,0.0,5.293867,6.4223304,10.147921,12.017212,15.8735075,19.593578,21.774517,26.28242,28.348036,30.805883,33.320267,31.762417,31.416636,27.016552,23.791403,23.010489,17.799852,17.329287,10.184991,11.098111,9.818946,8.680324,13.117695,13.2102,13.915841,15.597875,14.846824,18.45866,15.428817,20.362993,24.872072,25.301832,29.688452,30.31029,33.60833,36.254524,34.457176,29.212904,31.268764,27.484022,23.994743,23.124138,19.550419,16.765139,17.855705,15.460406,14.79974,19.370855,22.15494,24.788454,29.051228,31.77949,34.769028,37.367092,36.61828,34.84812,31.601557,30.576712,26.397123,28.552267,24.607742,26.208353,24.64949,21.508146,23.787748,20.66561,15.969855,16.276348,12.8982,14.404992,16.155626,15.141476,20.907722,21.429708,24.963558,27.55986,29.646801,27.871359,33.624126,28.978739,27.081738,27.100918,21.786665,23.49511,17.896141,20.868536,19.119047,18.62111,22.620981,23.210915,27.705523,26.400993,30.975462,30.918911,35.04089
14,26.821571,25.081654,21.210907,19.056667,17.370787,13.340884,13.621941,7.140986,9.010581,5.6168,8.878335,10.802815,6.595311,5.293867,0.0,4.9613304,7.082084,9.922955,13.3648,17.061243,19.478838,23.690512,26.378557,28.13775,31.216167,30.272831,29.812643,25.674686,22.465332,22.035912,16.902344,16.596205,11.553039,10.312554,11.543146,10.390831,14.8698435,15.548214,14.640265,15.299338,16.522936,18.951565,16.345636,20.4028,24.708864,24.688879,29.235203,29.05537,32.920982,35.388336,34.25803,28.895958,31.739073,28.634628,25.163956,25.07238,21.467875,19.400387,21.51418,18.497757,17.023972,21.080614,23.015644,25.356615,28.810925,31.77658,34.16123,36.490135,35.59728,34.375423,31.32468,31.051628,27.278656,30.180515,26.631853,28.916464,27.80469,25.009258,27.588211,24.656437,19.569262,18.844997,15.08814,15.271177,16.977015,13.980994,19.65837,19.309258,22.639235,24.96267,26.927494,24.755014,30.04002,25.255909,22.895956,23.274862,17.9242,20.469402,15.394566,19.00541,18.179855,18.590076,22.481531,22.294735,27.22365,24.732954,29.305273,28.714453,32.72053
15,24.739054,22.65834,19.592403,16.434418,14.888562,11.623664,11.469192,6.539479,5.845971,6.9980273,7.04266,11.04023,8.922713,6.4223304,4.9613304,0.0,4.3298974,5.6713915,9.558107,13.224927,15.554594,19.923002,22.200422,24.439152,27.140676,25.831104,25.477533,21.155005,18.03042,17.341753,12.256811,11.909983,7.087123,7.1048384,8.339519,9.08245,13.133984,12.741592,11.406637,11.343915,12.046799,14.05581,11.445251,15.628304,19.816484,20.000937,24.446264,24.64876,28.313673,31.008,29.74005,24.512247,26.972374,24.037151,20.390633,20.383293,17.049274,15.191384,18.031355,15.252033,13.224927,17.861101,19.515322,22.441002,25.564772,29.127886,31.527346,33.49413,32.135715,30.512129,27.129198,26.8197,23.164692,26.101368,22.840767,25.198616,24.665695,22.271265,25.406322,23.20734,18.319687,17.714396,13.581225,13.269898,13.88886,11.451913,16.380959,15.823181,19.505997,21.689606,24.115963,22.605902,27.998213,23.972815,22.191637,22.900776,17.81939,20.221113,16.231253,18.646461,18.47123,18.893051,22.241447,22.01149,26.05192,23.654411,28.018803,27.164553,31.079758
16,20.790659,19.145477,15.928883,13.015187,12.133941,8.137862,9.920108,6.197791,6.9957423,9.904663,11.303102,15.313059,12.731727,10.147921,7.082084,4.3298974,0.0,4.478726,6.4965334,10.79334,12.520547,17.284468,19.566511,21.46068,24.360214,23.624027,23.749193,19.491604,16.89761,15.715611,11.813467,10.360323,8.5971,5.618739,9.371724,10.070771,13.3891945,13.53046,10.743083,9.672798,12.768504,13.716539,12.34988,15.87029,19.083483,19.345404,23.528105,23.470146,27.476416,30.320024,29.638195,24.61776,27.158388,25.100475,21.285517,21.708557,18.998419,17.607742,21.117266,18.61145,16.118893,20.676115,21.606075,24.589842,26.800304,30.843836,32.720654,34.175117,32.32891,30.909025,27.4401,27.763779,24.63719,27.977205,25.24465,27.856506,27.862926,25.806957,29.197931,27.28992,22.44678,21.625261,17.416927,16.433842,16.520424,13.117162,17.008257,15.10864,18.73951,20.226297,22.971304,21.547691,26.175262,22.68563,20.621204,22.12593,17.32923,20.614708,17.738308,20.204027,20.926796,21.890171,24.966293,24.21342,28.16456,24.912062,29.067879,27.571928,31.233604
17,20.17119,17.683126,15.413507,11.492984,10.097967,8.100829,7.7147107,6.651443,4.5356064,10.50898,10.855404,15.260927,14.2699995,12.017212,9.922955,5.6713915,4.478726,0.0,4.553538,7.576653,10.30432,14.26915,16.73337,18.855764,21.648022,20.43732,19.967033,15.755613,12.738699,12.308352,7.4624925,7.8069797,7.694042,7.598701,10.372916,12.5795355,15.521197,14.497803,11.804673,9.635884,11.292748,10.912876,9.067529,11.616296,15.284588,15.13157,19.56431,19.361475,23.300987,26.026312,25.238811,20.156853,22.92074,20.925982,17.324247,18.245356,15.4122505,14.741045,18.81521,16.030807,13.087199,17.224247,17.636877,20.761404,22.608418,26.935394,28.758715,30.031061,28.034237,26.470278,22.962894,23.337475,20.355955,23.895676,21.472193,24.379995,24.811106,23.210915,26.896286,25.576717,20.897219,19.770859,15.556309,13.872508,13.131349,9.948512,12.929717,11.083179,14.911055,16.565403,19.440855,18.491077,23.481853,20.413418,19.076591,20.458422,16.050543,18.767185,16.820822,18.149538,19.38608,20.412016,22.89226,22.057411,25.237839,22.112782,26.02612,24.447308,28.032671
18,16.280268,14.209755,12.484177,8.239885,8.268664,6.6314287,8.503342,9.644983,8.687852,14.692816,15.213818,19.760534,18.434582,15.8735075,13.3648,9.558107,6.4965334,4.553538,0.0,4.878791,6.1229677,11.019419,13.083861,15.107597,17.88543,17.220173,17.56545,13.362245,11.39753,9.898171,7.737648,6.0637903,10.07614,8.172647,12.102987,14.390991,16.348122,15.558429,11.797308,8.416164,12.192844,10.420233,10.518669,12.05465,13.943948,14.123472,17.917631,17.693756,21.83308,24.85663,24.683956,20.112978,22.56402,21.705305,17.972692,19.244442,17.442608,17.211168,21.731459,19.541382,16.388275,20.473558,20.22065,23.462389,24.28015,29.126078,30.42827,31.02054,28.356348,26.840376,23.161594,24.163157,21.901157,25.633642,23.893476,26.850376,27.887476,26.67334,30.577707,29.628746,25.152979,24.073442,19.901537,17.951939,16.659351,13.3653965,14.6853,11.32727,14.916987,15.447713,18.878551,18.43572,22.344757,20.388905,19.053577,21.321693,17.569796,20.879704,20.116003,21.242306,23.160173,24.486654,26.657671,25.480148,28.288883,24.603529,28.122541,25.914701,29.095877
19,14.538871,11.371527,11.079683,6.08664,5.7936287,7.7717223,7.601979,11.805058,10.201497,17.05272,17.858913,22.174313,21.699652,19.593578,17.061243,13.224927,10.79334,7.576653,4.878791,0.0,4.837291,6.7062945,9.958909,11.4134655,14.614176,13.94178,13.274405,9.662212,7.482258,7.9002876,6.2789826,7.7108326,13.429263,12.88707,16.260124,18.982944,20.85417,19.572853,15.982343,12.167966,14.7900715,11.354949,11.529162,10.344932,11.833301,10.870222,14.740933,13.420992,17.928171,20.576069,20.923258,16.491539,19.712952,19.645021,16.58416,18.834099,17.167694,18.05029,22.910217,20.402554,17.005472,19.85505,18.562738,21.482168,21.148102,26.292103,27.038593,27.112482,24.1194,22.872597,19.421803,21.113092,19.584991,23.757816,22.745707,26.149214,27.714298,27.097677,31.144316,30.732607,26.426277,24.837654,20.897184,18.158886,16.238066,12.79704,11.99164,7.619235,10.790352,10.753163,14.438553,14.623244,18.227993,17.196836,16.64189,19.099371,16.333187,19.276398,20.12841,20.197495,22.971895,24.62096,26.015293,24.464228,26.441095,22.419968,25.373215,22.7256,25.52313
20,13.176197,11.245,11.838196,7.2727838,9.163457,10.098684,12.018276,15.299219,14.023008,20.584698,20.612165,25.320063,24.43308,21.774517,19.478838,15.554594,12.520547,10.30432,6.1229677,4.837291,0.0,6.5422807,7.2045417,9.5737915,11.877993,11.631351,13.023913,9.1153555,9.187335,6.519831,8.99792,6.8550878,14.373362,12.823031,16.403986,19.155163,20.011559,18.8887,14.796036,10.567534,14.524351,10.708814,12.732554,12.153899,11.335903,11.780721,14.266452,14.092056,18.139975,21.470482,22.025084,18.444958,20.305779,21.054926,17.588692,19.47199,18.99512,19.639116,24.571016,22.993916,19.663527,23.247177,22.08232,25.40404,24.85662,30.279263,30.967804,30.60516,27.064686,25.45844,21.64018,23.361595,22.20696,26.015898,25.338116,28.333109,30.242313,29.728355,33.900356,33.679287,29.62838,28.5402,24.553516,22.215452,20.080818,17.308886,16.384249,12.012763,14.829949,13.844848,17.870008,18.60399,21.107065,21.08359,20.423813,23.351635,20.761848,23.994015,24.72124,25.011839,27.637236,29.146236,30.683367,29.246616,31.109116,27.196732,30.002224,27.200317,29.738104
21,11.935088,8.406832,11.289737,7.3589315,8.696024,12.587843,12.617331,18.057064,16.614138,23.494352,24.281092,28.562557,28.371922,26.28242,23.690512,19.923002,17.284468,14.26915,11.019419,6.7062945,6.5422807,0.0,5.382838,5.041436,8.784972,9.104208,8.306957,6.68916,7.274415,8.396793,10.775228,12.083589,19.368834,18.78522,22.13293,25.057884,26.285395,24.863829,21.052519,16.83654,19.537603,14.862321,16.231146,13.010795,11.849287,10.347707,12.403007,9.848872,14.489497,16.900745,18.58166,15.509913,18.631014,20.493328,18.254795,21.242622,20.679115,22.438553,27.480656,25.345684,21.915293,23.864378,21.551565,24.123947,22.031551,27.53226,27.315498,26.200216,22.295937,21.375105,18.234407,21.051477,21.01911,25.289328,25.491583,29.001415,31.350107,31.446917,35.626976,35.861954,31.923227,30.170616,26.512466,23.394222,20.917835,17.891407,14.855819,9.948302,11.107034,8.692464,12.746433,14.424152,15.789172,17.367464,17.729893,20.806915,19.677446,22.38841,24.969498,24.205072,27.73812,29.646881,30.291668,28.381714,29.317066,24.970194,26.910732,23.55581,25.388577
22,14.076627,11.989532,15.260367,11.475334,13.487878,16.32367,17.119898,21.702326,19.834858,26.832651,26.352173,31.03393,30.899937,28.348036,26.378557,22.200422,19.566511,16.73337,13.083861,9.958909,7.2045417,5.382838,0.0,4.8509803,4.994543,4.7638307,7.5541935,5.496485,8.836176,6.9513607,12.535794,11.891925,20.028767,19.537905,22.420927,25.63517,25.940006,24.283972,20.510416,16.244158,18.876625,13.786842,16.535606,13.619634,10.057081,10.236035,10.26279,9.922335,13.2909,16.71458,18.191433,16.257597,17.373959,20.087124,17.579794,20.198227,20.94647,22.638079,27.671425,26.539976,23.221294,25.79089,23.657755,26.78574,24.729425,30.491432,30.4957,29.047157,24.641333,22.936977,19.252594,21.741268,22.047842,25.725056,26.345585,29.330013,32.121204,32.459267,36.770187,37.39909,33.900368,32.715675,29.09536,26.387276,23.511503,21.544765,18.506403,14.146425,15.607025,13.226003,17.30676,19.5138,20.55868,22.682394,23.102865,26.167345,24.838877,27.465334,29.561268,28.78623,31.972994,33.560184,34.29839,32.702705,33.320683,29.533981,31.407446,28.217985,29.937176
23,10.887044,8.626861,13.059382,10.553324,12.821012,16.409418,17.302834,22.676813,21.526958,28.330126,29.045444,33.45582,33.08183,30.805883,28.13775,24.439152,21.46068,18.855764,15.107597,11.4134655,9.5737915,5.041436,4.8509803,0.0,4.9063973,7.4896693,8.421917,8.690691,11.22335,11.225867,15.384993,15.599832,23.468695,22.388632,25.860231,28.728363,29.40454,28.117702,24.095863,19.808405,23.015411,18.108704,20.310074,17.01223,14.278597,13.354767,13.590745,11.28311,15.087593,17.455746,19.962759,18.18436,20.453056,23.425388,21.422098,24.399548,24.634073,26.497465,31.562729,29.860798,26.45902,28.42642,25.911112,28.441004,25.714195,31.276554,30.611357,28.830395,24.440891,23.64921,20.716286,23.914234,24.609224,28.66144,29.408024,32.751152,35.45712,35.80163,40.04597,40.51877,36.743187,35.096035,31.468248,28.377945,25.766714,22.91609,19.54229,14.737678,15.208981,11.977207,15.587946,17.764044,17.341356,20.390318,20.886421,24.348751,23.850212,26.68373,29.722677,28.916666,32.631905,34.61562,35.11902,33.10012,33.740543,29.276276,30.781067,27.137238,28.399345
24,14.76352,13.338962,17.685759,14.918184,17.20614,20.416304,21.325914,26.316853,24.63799,31.631798,31.31913,35.964767,35.85795,33.320267,31.216167,27.140676,24.360214,21.648022,17.88543,14.614176,11.877993,8.784972,4.994543,4.9063973,0.0,4.3822484,8.076981,8.8409,12.78626,11.563662,17.303997,16.768072,24.951668,24.29336,27.222748,30.388128,30.419844,28.825138,25.018652,20.80146,23.49765,18.322506,21.279709,17.89092,13.604454,13.615538,12.063002,11.330198,13.699327,16.651686,19.062649,18.453821,19.145699,22.93826,21.053078,23.83232,25.083448,27.063833,32.04318,31.08157,27.805693,29.951105,27.432861,30.286076,27.421951,33.15884,32.610653,30.480944,25.676815,24.255823,21.027515,24.008862,25.156572,28.690046,29.933058,32.868793,35.995483,36.663906,40.98068,41.892605,38.55813,37.29047,33.787525,30.928488,27.929392,25.989931,22.321766,17.978203,18.594107,15.480108,19.113874,21.825003,21.446014,24.86656,25.621912,28.911219,28.323708,30.885595,33.696136,32.651028,36.159233,37.886116,38.311096,36.537365,36.71377,32.781944,34.12488,30.642311,31.766129
25,17.987154,15.875297,19.673023,15.990327,17.642153,20.84699,20.960896,25.689577,23.266392,30.397535,29.194809,33.852444,34.289703,31.762417,30.272831,25.831104,23.624027,20.43732,17.220173,13.94178,11.631351,9.104208,4.7638307,7.4896693,4.3822484,0.0,5.7900243,5.8463264,10.295388,8.934902,15.008962,14.906882,22.839973,23.208233,25.437307,28.985424,28.980724,26.882912,23.531216,19.423126,20.909382,15.497885,18.430204,14.652397,9.760734,10.104037,7.826411,8.447628,10.19369,13.878484,15.521443,15.035363,14.949248,18.821901,17.031775,19.828703,21.444267,23.638786,28.514772,27.855066,24.70607,26.753578,24.268202,27.36019,24.704344,30.523834,30.36717,28.382668,23.557278,21.452782,17.78649,20.347477,21.500666,24.739359,26.152346,28.890411,32.19477,33.070152,37.389366,38.603645,35.615784,34.5575,31.254124,28.550455,25.254673,24.189434,20.303308,16.599888,17.527792,14.996037,18.779442,21.735958,22.477205,25.381702,26.411427,29.221539,28.29846,30.368559,32.793747,31.41181,34.621513,36.05257,36.378193,34.90563,34.716747,31.428677,32.817932,29.706696,31.04425
26,18.900127,15.534435,19.293781,15.586891,16.155785,20.377356,18.97444,24.453255,21.762146,28.88328,28.197586,32.397003,33.41392,31.416636,29.812643,25.477533,23.749193,19.967033,17.56545,13.274405,13.023913,8.306957,7.5541935,8.421917,8.076981,5.7900243,0.0,4.9318285,7.804095,10.043169,13.754247,16.132605,23.305817,24.457073,26.597763,30.228401,31.012978,28.717108,25.614851,21.52105,22.133284,16.692513,18.274824,13.09594,9.961321,7.8474154,6.828279,3.3860786,6.7349586,9.301746,11.580674,10.693316,12.743213,16.527578,15.772181,19.378592,20.049084,22.887722,27.710974,26.242025,23.087765,23.845854,20.701803,23.142752,19.71496,25.43387,24.883783,22.719912,17.894886,16.199463,13.024395,16.32968,17.966526,21.693802,23.377453,26.63832,29.910149,31.025291,35.22803,36.55254,33.54265,31.943768,28.93379,25.771114,22.420889,21.308952,16.38718,13.136483,13.090625,10.50711,13.847651,17.288671,18.288006,21.368143,23.09494,25.422277,25.10037,26.46725,29.647951,27.557512,31.091722,32.65854,32.41726,30.775137,30.001738,26.743687,27.671385,24.536898,25.625103
27,18.212574,15.036406,17.79054,13.31944,13.91042,17.268286,16.250645,20.92939,18.03279,25.200176,23.994423,28.458618,29.25812,27.016552,25.674686,21.155005,19.491604,15.755613,13.362245,9.662212,9.1153555,6.68916,5.496485,8.690691,8.8409,5.8463264,4.9318285,0.0,4.4814887,5.129639,9.560629,11.25251,18.52942,19.73213,21.721518,25.398071,26.104933,23.786596,20.717676,16.672796,17.278944,11.857306,13.695012,9.252168,5.9986095,4.8800755,5.7769084,5.461939,9.032383,12.61617,13.276702,10.86056,12.328923,14.831672,12.8051605,15.981692,16.546694,18.88513,23.854828,22.57797,19.339533,21.157007,18.708754,21.852728,19.731833,25.558815,25.839535,24.534727,20.210949,17.980703,13.994688,16.262083,16.638111,20.33394,21.20366,24.302692,27.274218,27.948772,32.243103,33.25267,30.085798,28.830587,25.553041,22.743416,19.455585,18.46278,14.605501,11.213441,12.665789,11.073991,15.049546,17.66534,19.968431,21.636354,22.690697,24.984625,23.62498,25.34305,27.407331,25.892252,28.92414,30.263092,30.609325,29.251402,29.201595,26.11748,27.838573,25.049921,26.889524
28,19.01031,15.239111,16.947193,12.214254,11.638861,15.047301,12.827627,17.477236,14.234004,21.349764,20.414906,24.604576,25.68461,23.791403,22.465332,18.03042,16.89761,12.738699,11.39753,7.482258,9.187335,7.274415,8.836176,11.22335,12.78626,10.295388,7.804095,4.4814887,0.0,5.855046,6.0625935,10.150339,16.152342,17.975153,19.8104,23.425762,24.835058,22.479204,19.70061,15.909711,15.853859,10.963478,11.253927,6.308005,6.693943,3.7996051,8.073076,6.6350093,10.753075,13.504246,13.465953,9.331354,12.544723,13.408635,11.351721,14.695323,13.905202,16.289068,21.238924,19.19153,15.868317,17.32808,14.901214,17.961699,16.398214,22.112646,22.735256,22.110888,18.43389,16.370995,12.4700165,14.403443,13.902148,18.068478,18.29448,21.782228,24.308413,24.728004,28.946054,29.67462,26.252264,24.703533,21.426147,18.421474,15.2303915,14.04982,10.213882,7.1259503,9.204403,8.88869,12.705617,14.760719,18.405096,18.860863,19.89289,21.678291,19.967058,21.358572,23.155697,21.532318,24.465925,25.789663,26.151182,24.830471,24.993044,21.976109,24.01981,21.510323,23.798237
29,18.679333,16.09218,17.60409,12.720376,13.43265,15.261912,15.061181,18.337488,15.364584,22.328428,20.418695,25.214447,25.624285,23.010489,22.035912,17.341753,15.715611,12.308352,9.898171,7.9002876,6.519831,8.396793,6.9513607,11.225867,11.563662,8.934902,10.043169,5.129639,5.855046,0.0,6.9918914,6.3533497,13.9501505,15.053081,16.836006,20.55346,21.027548,18.716036,15.632907,11.648355,12.453728,7.1229434,9.728394,7.4974513,4.8404417,6.4082985,8.483008,10.194289,13.178767,17.097883,16.742046,13.578517,14.132546,15.111406,11.682607,13.8207245,14.343342,15.739781,20.759258,19.885017,16.659967,19.914997,18.490269,22.258764,21.574154,27.247404,28.279581,27.72833,23.905615,21.349943,16.98833,18.167686,17.281452,20.623951,20.540356,23.24994,25.781227,25.890665,30.209764,30.815287,27.51494,26.763086,23.206482,20.984247,17.951212,17.142696,14.990058,11.837833,14.613233,13.990905,18.077023,19.806822,22.977884,23.402498,23.705404,25.942972,23.542912,25.652225,26.386189,25.641703,28.006607,29.051668,30.09597,29.084408,29.843946,27.006725,29.465385,27.066715,29.51556
30,20.677301,17.320356,17.23537,12.317619,11.107156,12.52572,10.292391,12.915713,9.068345,16.058678,14.498032,18.92545,19.817287,17.799852,16.902344,12.256811,11.813467,7.4624925,7.737648,6.2789826,8.99792,10.775228,12.535794,15.384993,17.303997,15.008962,13.754247,9.560629,6.0625935,6.9918914,0.0,6.530793,10.384332,12.862461,14.266476,17.8173,19.69819,17.373703,14.980609,11.784835,11.130461,7.6664925,6.253507,4.586399,8.570321,7.78819,12.469395,12.544166,16.059292,18.901201,17.8507,12.955151,15.551352,14.177569,10.899012,12.988827,10.90016,12.077694,17.00294,14.658325,11.227485,14.256309,13.289913,16.920527,17.529585,22.68668,24.303589,24.84529,22.13508,19.93469,15.995722,16.52235,14.214516,18.011553,16.703323,19.933584,21.564291,21.116003,25.27452,25.299753,21.470577,20.254995,16.577528,14.124917,11.396146,10.253389,9.341889,7.4675994,11.217165,12.541854,15.906085,16.536549,21.44413,19.991629,20.119467,21.461693,18.350327,19.945654,19.862843,19.15227,21.137905,22.085318,23.320887,22.46134,23.759323,21.156279,24.203323,22.39693,25.506113
31,19.823753,17.80681,17.469067,12.742387,13.140562,12.664551,13.4084215,14.384631,11.730816,17.896536,15.639708,20.669506,20.313726,17.329287,16.596205,11.909983,10.360323,7.8069797,6.0637903,7.7108326,6.8550878,12.083589,11.891925,15.599832,16.768072,14.906882,16.132605,11.25251,10.150339,6.3533497,6.530793,0.0,8.235194,8.773559,10.6575165,14.224954,14.942377,12.932075,9.638452,5.773439,7.697271,4.59297,6.6622896,8.946309,9.567507,11.325774,14.360834,16.016287,19.14121,22.87056,21.964844,17.962345,18.679977,17.86189,13.607996,14.324342,13.795772,13.556893,18.28133,17.387136,14.325703,19.100819,19.003452,22.993868,23.90846,29.090841,30.79146,31.148876,28.066761,25.602133,21.296011,21.65656,19.44577,22.501005,21.086273,23.458874,25.030958,24.201519,28.334185,28.091747,24.380669,24.054255,20.15283,18.687494,16.48357,15.394042,15.774207,13.185321,16.885984,17.293482,21.12008,21.683456,25.71047,24.573677,23.961697,25.976038,22.435356,24.964777,24.058823,24.425518,25.951805,26.721579,28.655262,27.975285,29.898043,27.201378,30.477493,28.538872,31.621662
32,26.227478,24.184826,22.420105,18.232473,17.460102,15.333376,15.256107,12.721572,9.844365,13.225049,8.648461,13.693698,13.373662,10.184991,11.553039,7.087123,8.5971,7.694042,10.07614,13.429263,14.373362,19.368834,20.028767,23.468695,24.951668,22.839973,23.305817,18.52942,16.152342,13.9501505,10.384332,8.235194,0.0,6.250035,4.3177724,8.130659,10.22046,7.844535,7.1928473,7.335826,5.0329695,8.400565,6.348203,12.235927,15.496962,16.933521,20.618315,22.388853,25.169106,28.521597,26.645952,22.02082,22.766813,19.823967,15.598709,14.708363,12.595239,10.187648,13.466397,12.541701,10.455921,16.498808,18.280296,22.213783,25.208076,29.368536,32.068462,33.591774,31.596283,29.01472,24.953438,24.065596,20.47546,22.688648,19.746769,21.40445,21.551893,19.589745,23.197638,21.994894,18.140501,18.641472,14.818383,14.935096,13.97364,14.071104,17.250671,16.732353,20.69217,22.460577,25.56327,25.194418,30.460526,27.642065,26.597357,27.592321,23.016191,24.968292,21.779627,22.948448,22.86062,22.795824,25.584835,25.747507,28.513903,26.931515,30.89278,30.005207,33.712376
33,22.796532,21.715271,19.25911,15.900509,15.958017,12.405914,14.698704,11.696185,11.131541,14.021456,12.430225,17.021694,14.632704,11.098111,10.312554,7.1048384,5.618739,7.598701,8.172647,12.88707,12.823031,18.78522,19.537905,22.388632,24.29336,23.208233,24.457073,19.73213,17.975153,15.053081,12.862461,8.773559,6.250035,0.0,5.090365,6.421846,8.381127,8.464828,5.169667,5.2233114,9.1240835,11.328641,11.181241,16.036263,18.15672,19.633425,23.082539,24.338907,27.744823,31.221794,30.161377,25.619968,26.751083,24.764969,20.426031,20.01129,18.364498,16.340082,19.66843,18.588905,16.351357,21.99327,23.296497,26.946955,29.31136,33.67894,35.85433,37.09744,34.825462,32.73009,28.729488,28.62754,25.485746,28.219013,25.569456,27.507349,27.737719,25.709557,29.199564,27.591228,23.35295,23.496983,19.436253,19.178883,18.691858,16.871843,20.173704,18.279774,22.160013,23.282518,26.558456,25.812243,30.240328,27.488443,25.701315,27.405554,22.760294,25.832884,22.839073,24.965078,25.331785,25.815018,28.918627,28.57193,32.061768,29.407646,33.465797,32.02977,35.630753
34,27.532784,26.157084,23.996336,20.268013,19.95112,16.89311,18.010492,14.514074,12.848352,14.781811,10.543536,15.071888,13.513253,9.818946,11.543146,8.339519,9.371724,10.372916,12.102987,16.260124,16.403986,22.13293,22.420927,25.860231,27.222748,25.437307,26.597763,21.721518,19.8104,16.836006,14.266476,10.6575165,4.3177724,5.090365,0.0,4.2665195,5.9620156,4.428454,4.5114503,7.082645,6.706614,11.147689,10.311578,16.273853,18.770008,20.65932,23.969576,26.013624,28.78557,32.357174,30.571245,26.12639,26.470762,23.685421,19.31409,17.945364,16.395123,13.506984,15.92801,15.749492,14.224543,20.404987,22.479723,26.362816,29.509499,33.58106,36.319252,37.880505,35.848312,33.26871,29.137367,28.241144,24.666332,26.630646,23.59593,24.8341,24.710148,22.439774,25.713736,24.115198,20.414274,21.400387,17.72342,18.409298,17.946451,17.75955,21.361074,20.52098,24.496857,26.052094,29.249199,28.692616,33.691563,30.76628,29.298569,30.484594,25.681255,28.037048,24.320751,26.16422,25.751236,25.587112,28.77963,29.034851,32.25413,30.59503,34.71165,33.816006,37.570835
35,28.97529,28.019163,25.206375,22.123388,21.830431,17.937769,19.688622,15.075698,14.635961,14.786919,11.670042,15.300586,12.395925,8.680324,10.390831,9.08245,10.070771,12.5795355,14.390991,18.982944,19.155163,25.057884,25.63517,28.728363,30.388128,28.985424,30.228401,25.398071,23.425762,20.55346,17.8173,14.224954,8.130659,6.421846,4.2665195,0.0,4.5695505,6.016993,6.6320806,9.946757,10.919216,15.294596,14.402203,20.247936,22.855835,24.599836,28.019104,29.78448,32.793934,36.29266,34.64638,30.055593,30.68299,27.813326,23.507656,22.09443,20.295456,17.214352,18.997244,18.629286,17.462786,23.447363,25.78561,29.38648,32.810146,36.596066,39.35787,41.150635,39.346916,37.006466,33.016243,32.179108,28.475752,30.460686,27.163527,28.329807,27.740677,25.085135,27.948065,25.73127,21.878254,22.951118,19.383541,20.450712,20.709621,19.963844,24.296606,23.419886,27.340292,28.9605,31.989567,30.986351,35.91098,32.518314,30.588968,31.729,26.670889,29.289515,24.91952,27.516321,26.720343,26.516792,30.135231,30.436525,34.289146,32.50282,36.834198,36.037704,39.902122
36,30.087372,29.559893,27.22282,24.031395,24.321804,20.630049,22.90326,19.002787,18.284399,19.250614,15.514983,19.30352,16.793114,13.117695,14.8698435,13.133984,13.3891945,15.521197,16.348122,20.85417,20.011559,26.285395,25.940006,29.40454,30.419844,28.980724,31.012978,26.104933,24.835058,21.027548,19.69819,14.942377,10.22046,8.381127,5.9620156,4.5695505,0.0,4.029291,5.4613056,9.7031355,10.936416,15.460506,15.742217,21.651993,23.185873,25.61338,28.349295,30.81777,33.446487,37.308514,35.61285,31.496069,31.221937,28.740517,24.234636,22.417854,21.645847,18.50737,20.208063,20.91994,19.8137,26.092083,28.328041,32.258842,35.424343,39.52183,42.272858,43.759357,41.561207,38.891464,34.61823,33.716293,30.255157,31.923151,28.946918,29.713327,29.48695,27.077112,30.01867,28.225445,24.927437,26.412512,22.979378,24.07527,23.830196,23.541334,27.216225,26.006903,29.96989,31.1951,34.55698,33.966686,38.55737,35.75282,33.93654,35.40161,30.515036,33.260777,29.251337,31.6016,30.976957,30.729029,34.19715,34.526733,38.029987,36.304195,40.49676,39.528984,43.271088
