,0,1,2,3,4,5,6,7,8,9,10,11,12,13,14,15,16,17,18,19,20,21,22,23,24,25,26,27,28,29,30,31,32,33,34,35,36,37,38,39,40,41,42,43,44,45,46,47,48,49,50,51,52,53,54,55,56,57,58,59,60,61,62,63,64,65,66,67,68,69,70,71,72,73,74,75,76,77,78,79,80,81,82,83,84,85,86,87,88,89,90,91,92,93,94,95,96,97,98,99,100,101,102,103,104,105,106,107
0,0.0,4.24944,6.7314177,10.356293,13.198995,15.453001,19.139685,22.925888,26.345469,30.061182,32.48904,36.689075,37.76288,36.853092,35.65768,31.632504,31.865059,27.461727,28.228924,24.385557,26.01902,24.23239,23.803837,23.889885,21.79268,22.878145,16.743813,21.236494,21.475273,25.527348,24.951475,30.636307,32.929935,37.395184,38.674755,42.020004,43.53706,41.795948,38.542107,35.55459,33.56968,30.01231,26.725077,23.774357,22.191202,15.281572,17.827068,13.250074,9.18484,13.722373,16.990726,13.66553,14.526455,19.194645,20.884914,22.45004,19.867212,24.515207,23.667658,25.60653,26.572437,27.753353,27.61475,30.455467,26.995697,24.352953,27.060543,24.097643,26.900326,23.722328,26.87606,29.286695,25.103106,30.72086,29.494812,32.96876,34.262344,30.818518,35.672256,32.032852,33.866386,34.95259,30.434341,26.87108,24.777462,21.356932,19.552656,15.51608,13.434646,11.923947,5.779074,11.695459,13.79183,11.200899,16.138964,16.320063,20.447424,20.443682,20.587824,21.824526,22.321875,25.819218,24.914143,30.357637,27.775707,32.298893,32.951096,36.41066
1,4.24944,0.0,5.289976,6.818828,9.851816,13.162623,15.704512,20.276436,23.246845,27.480185,29.534252,34.148308,34.91514,33.70027,32.59223,28.332644,28.349586,23.925734,24.359467,20.452469,21.862305,20.059774,19.561138,19.778162,17.821991,18.962473,13.126449,17.44606,17.635286,21.73864,21.3158,26.85539,29.444231,33.660717,35.194904,38.42058,40.127224,38.596745,35.334305,32.487392,30.447939,27.131681,23.876348,20.953724,19.830223,12.758001,16.257269,12.297478,9.305213,14.2016,16.63762,13.950822,16.03316,20.078539,21.670784,22.578772,19.556332,24.11616,23.310875,25.889135,25.865795,27.364496,26.991234,29.67182,26.613121,23.155666,25.851658,23.048773,25.177343,21.960432,24.428385,26.792902,22.577162,28.254673,26.94035,30.680368,31.891665,28.544497,33.633507,29.884565,32.031017,33.255836,28.832064,25.010963,22.605442,19.73922,17.17773,13.948132,11.302467,10.720128,5.6641836,11.482916,11.812532,8.04011,13.744475,13.290036,17.311918,17.064274,16.650137,17.744038,18.201141,21.601143,20.742216,26.147501,23.78341,28.301577,29.140602,32.650337
2,6.7314177,5.289976,0.0,5.5977297,7.242047,9.189624,13.031966,16.2905,19.96366,23.4313,26.078184,30.113081,31.519646,30.695183,30.027115,25.83249,26.62339,22.141264,23.546885,20.064388,22.220406,21.277174,20.504375,21.722166,19.662697,20.035044,14.100577,16.777122,16.184563,20.13932,18.962503,24.956728,26.661644,31.429245,32.368923,35.840076,37.148666,35.257404,32.067577,28.97758,27.220861,23.392506,20.459833,17.20807,16.253996,9.624881,12.0167465,8.681113,5.2911625,10.712751,12.265235,8.854873,11.90181,15.786645,16.75004,17.512758,14.282001,18.83438,18.191862,21.118153,21.324799,23.236082,23.409832,26.514385,24.33401,21.039623,24.744646,22.719452,25.038649,23.029312,24.72004,26.409142,21.188835,26.791903,24.713518,28.194725,28.95483,25.093832,29.850788,25.813229,27.599693,28.534477,24.12315,20.41988,18.541916,15.034322,13.726151,10.203902,9.0253105,9.498019,6.4523473,12.440164,13.259175,11.034647,16.855175,17.091501,20.093813,18.439224,17.53473,19.645586,20.333044,22.85324,21.548218,26.274761,23.03337,27.659718,27.67493,31.34558
3,10.356293,6.818828,5.5977297,0.0,3.8403254,7.353373,9.15861,13.972212,16.529617,21.072336,22.80621,27.656908,28.177006,26.886303,25.917316,21.549717,21.779806,17.297827,18.198362,14.566118,16.711103,15.8645935,15.563261,17.235266,15.920034,16.557953,11.858701,13.597683,12.355502,16.500324,15.096974,21.141897,22.959497,27.446095,28.701164,31.902355,33.72233,32.180218,29.20321,26.274216,24.784647,21.137703,18.802605,15.291507,15.933755,9.640183,13.416299,11.736499,10.220154,15.133988,15.52519,12.744996,16.889013,20.089663,20.56696,20.583057,16.685507,20.539154,19.537857,22.797749,21.34375,23.291655,22.783829,25.349789,23.401611,19.051353,22.32627,20.429087,21.765741,19.693222,20.514425,22.190983,17.203747,22.831913,20.929014,24.794754,25.68098,22.268724,27.464104,23.622404,26.049084,27.49722,23.199371,19.208551,16.440836,14.395687,11.005922,9.174293,6.577259,8.456072,8.010045,12.037601,10.447849,7.763729,13.507029,13.459574,15.616652,13.397227,11.991944,14.411487,15.437344,17.604086,16.05627,20.935846,17.697243,22.292946,22.659391,26.246336
4,13.198995,9.851816,7.242047,3.8403254,0.0,5.9499726,5.9921856,10.843674,13.636497,18.015753,20.027071,24.735725,25.736252,24.416958,24.205057,19.509205,20.281378,15.742489,17.028452,13.828291,15.995005,15.807995,14.73675,17.043058,15.490011,15.365501,11.013073,11.123287,9.398605,13.378938,11.841138,17.949074,19.733126,24.312893,25.480574,28.83273,30.378326,28.760363,25.612036,22.694159,21.03713,17.453066,14.970365,11.503352,12.338187,6.7475133,10.515623,10.208928,10.243676,14.258996,13.5722275,12.044324,16.541843,18.759413,19.180943,18.550447,14.74599,18.435184,17.977276,22.013123,20.24058,22.819899,22.71009,25.461039,24.512293,19.98988,23.820042,22.565058,23.559418,22.196177,22.080723,23.20617,17.656973,23.036884,20.40785,24.223837,24.54022,20.732029,25.735838,21.40242,23.70468,24.814674,20.76931,16.65998,14.34889,12.296483,9.793664,9.2318735,8.101729,11.0869255,11.419148,15.456335,13.71943,11.244885,16.759201,16.342436,18.040146,15.162549,12.660699,15.116119,15.864939,17.227024,15.705506,19.639832,16.261765,20.912855,20.79259,24.67694
5,15.453001,13.162623,9.189624,7.353373,5.9499726,0.0,7.11304,8.121199,11.594345,14.895399,17.29013,21.344166,22.451189,21.890564,21.242964,17.333548,18.825605,14.575064,17.363585,14.948306,18.430685,19.08485,18.980928,21.923506,20.962831,20.794798,16.92256,16.008743,13.150807,16.494093,13.154028,19.886585,19.404074,24.891989,24.913664,28.35577,29.757055,27.649855,25.203375,21.801573,21.464804,16.6208,16.034597,11.494509,14.166413,10.460995,11.757061,12.651548,11.733491,15.739887,14.19937,10.366113,15.918861,18.375504,17.03158,16.527369,11.814875,14.414325,12.971198,16.617846,14.3747635,16.885328,16.89139,19.836834,19.498928,15.317108,19.956621,19.511133,20.889347,20.91494,20.439474,20.868433,14.558914,19.671083,16.59572,19.914011,20.143915,16.039495,20.829443,16.764671,18.898504,20.349646,15.928723,12.048113,9.472043,7.1209717,4.8197865,4.006642,5.5820823,9.194365,12.101194,14.675779,13.819474,13.886831,18.480747,19.579086,20.173746,16.300001,14.882086,18.720222,20.21415,20.886484,18.589394,22.104507,17.294306,21.625837,20.523823,24.023378
6,19.139685,15.704512,13.031966,9.15861,5.9921856,7.11304,0.0,6.666806,8.036938,13.100084,14.476365,19.608673,20.329382,18.724154,19.111149,14.079069,15.268566,10.869948,12.710736,10.564117,13.15342,14.365678,13.315695,16.88267,16.144228,15.399984,13.383621,10.249593,6.5260878,9.583379,6.361635,13.005609,13.843065,18.639845,19.586992,22.903225,24.575361,23.043228,20.162937,17.2713,16.233807,12.536057,11.533095,7.665258,11.438879,9.330594,12.056073,14.154742,15.345292,18.441347,16.329403,15.564405,20.592955,21.785532,21.422398,19.909494,15.954675,18.306038,17.928986,22.453226,19.20971,22.215944,22.019953,24.407003,24.791576,19.757936,23.719812,23.435232,23.444412,23.167658,21.390966,21.641634,15.857495,20.484644,17.157269,20.926775,20.616535,16.854258,21.743584,17.249187,19.8747,21.110138,17.61305,13.489191,11.062462,10.92626,8.185782,10.751132,10.666128,14.516564,16.688194,19.424978,16.750378,15.182067,19.609682,19.234348,19.455465,15.463686,11.986746,14.987635,15.942232,15.573355,13.62624,15.968024,11.85428,16.303444,15.455674,19.512436
7,22.925888,20.276436,16.2905,13.972212,10.843674,8.121199,6.666806,0.0,4.9792075,7.2392597,10.240387,14.024793,16.071814,15.511818,16.773705,12.504185,15.447554,11.932714,15.610635,14.916945,18.217646,20.212122,19.404749,23.265295,22.539906,21.381449,19.310581,15.520116,11.722033,13.134783,8.617292,14.614691,12.320239,18.238075,17.480852,21.140198,22.030283,19.685938,17.379366,13.834955,14.2877035,8.898421,10.5375395,5.828506,11.611752,12.367134,12.270232,16.033018,17.349115,19.532177,16.166294,15.119842,20.397408,20.764833,18.990143,16.946835,12.943594,13.54462,13.281012,18.153645,14.386834,18.052332,18.624544,21.286345,23.288153,18.94587,23.803423,24.617016,24.866938,26.068348,23.741997,23.023474,16.566633,20.238884,15.859985,18.671667,17.389399,12.746283,16.71731,11.56646,13.617395,14.496134,11.109338,7.046397,5.986407,6.37741,7.3009644,10.863059,13.063001,16.937075,20.12856,22.455957,20.737326,20.521835,24.712372,25.186152,24.921467,20.325603,17.55592,21.190468,22.37851,21.40939,19.159908,20.296284,15.294416,18.914919,16.464912,20.161716
8,26.345469,23.246845,19.96366,16.529617,13.636497,11.594345,8.036938,4.9792075,0.0,6.096593,6.4440465,11.850519,12.411121,11.091502,12.577354,7.8481126,10.989144,8.114656,12.000329,12.486803,15.751258,18.487549,18.144854,22.431341,22.501808,21.384283,20.817469,16.11583,11.864638,12.321817,7.1262126,12.246796,8.519575,14.462959,13.605344,16.956703,18.508705,16.565468,14.896364,11.634195,13.159741,8.437395,11.861567,8.177504,14.740968,15.901031,16.602602,20.310034,21.706617,24.135063,20.866781,19.934742,25.282951,25.675535,23.928076,21.777416,17.862862,17.929703,17.354116,21.749674,16.899246,20.159948,20.063404,21.915878,24.337128,19.506632,23.706268,24.915485,24.185747,25.762123,22.359505,21.1673,15.312276,18.084423,13.64284,16.48785,14.91722,11.089236,15.148694,10.582749,13.463974,15.007471,12.54379,9.246192,7.35306,10.451094,9.248111,13.97659,15.412049,19.344212,23.130123,24.616629,21.959257,21.941772,25.286015,25.6486,24.459784,19.546629,16.498158,20.14332,21.498846,19.552814,17.120056,17.119762,11.848348,14.765133,11.78606,15.382199
9,30.061182,27.480185,23.4313,21.072336,18.015753,14.895399,13.100084,7.2392597,6.096593,0.0,5.0070295,6.829543,10.156985,10.5097475,13.521976,10.618007,14.845475,13.261587,17.495375,18.468025,21.715052,24.554512,23.975557,28.23115,27.989527,26.524471,25.602108,20.734447,16.797874,16.606049,11.937128,15.578146,10.009596,15.952531,13.324494,16.830782,17.117804,14.238709,13.318346,9.640435,12.753437,7.3583016,12.770636,9.891904,16.115772,18.974625,17.985626,22.52262,24.153082,25.687391,21.694351,21.05886,26.093842,25.635365,23.051321,20.49401,17.2078,15.6327915,15.530458,19.918312,15.079476,18.799738,19.600838,21.631628,25.43978,21.561861,26.29141,28.193724,27.810284,30.224821,26.768137,25.035599,19.06515,20.913795,15.99733,17.509787,14.868304,10.516272,12.454978,7.1267185,8.689376,9.304676,8.055239,6.295593,7.544766,10.544622,12.486267,16.713676,19.3129,23.058987,26.976406,28.56318,26.699005,27.128798,30.65815,31.35137,30.242449,25.222633,22.504185,26.229034,27.514824,25.51345,23.160519,22.590403,17.509478,19.69885,15.9386425,18.84155
10,32.48904,29.534252,26.078184,22.80621,20.027071,17.29013,14.476365,10.240387,6.4440465,5.0070295,0.0,6.349603,6.2669587,5.6142583,9.128471,6.5384746,10.922657,10.67139,14.732572,16.717648,19.840986,23.140028,23.156546,27.60462,28.086357,26.825193,26.965616,21.743868,17.590849,16.983662,12.227199,14.890791,8.153993,13.56642,10.668876,13.542275,14.839656,12.58121,12.792442,9.814145,13.8421,9.789339,15.497738,12.958489,19.545021,21.939272,21.870403,26.100561,27.572603,29.634907,25.918468,24.98624,30.27265,30.201674,27.747705,25.328482,21.771868,20.371483,19.732998,23.565657,17.956558,21.010958,20.973606,22.147333,26.017923,21.720966,25.678034,27.84887,26.605928,29.303555,25.006624,22.879498,17.73952,18.60202,13.908553,15.295271,12.472576,9.5131,11.514988,7.817036,10.474735,12.217464,11.642917,10.363425,9.848234,14.169747,14.040562,18.925034,20.8281,24.564075,28.966095,29.791054,27.178537,27.851282,30.581392,31.273521,29.371523,24.210686,21.53326,25.237535,26.721094,24.045233,21.552685,20.165257,15.064039,16.252945,12.047122,14.360013
11,36.689075,34.148308,30.113081,27.656908,24.735725,21.344166,19.608673,14.024793,11.850519,6.829543,6.349603,0.0,6.3797574,8.517383,12.742493,12.317808,16.661232,16.900917,21.02856,23.038275,26.162418,29.441498,29.20608,33.61642,33.789635,32.257954,32.031857,26.739197,22.806599,21.904085,17.50284,19.440365,12.36795,16.940718,12.697561,15.232421,14.921841,11.793871,13.233976,10.5394335,15.548534,11.824777,18.115326,16.263147,22.226522,25.724554,24.455185,29.18602,30.81221,32.142815,27.947557,27.271423,32.165787,31.39058,28.296413,25.640234,22.80814,20.086432,19.862268,23.318718,18.056202,21.21449,21.979076,23.192354,28.211689,24.91211,29.208372,31.899479,31.019047,34.331455,30.130106,27.661243,22.522274,22.718426,17.958279,18.03468,14.458647,11.633081,10.568338,7.499235,7.694779,8.112107,10.071966,11.064486,12.71915,16.363317,18.25988,22.609758,25.301292,28.874355,33.30379,34.25192,32.302567,33.26717,36.222355,37.159855,35.40163,30.183584,27.714228,31.489477,32.902885,30.284225,27.869776,26.254562,21.378798,22.26118,17.871408,19.528923
12,37.76288,34.91514,31.519646,28.177006,25.736252,22.451189,20.329382,16.071814,12.411121,10.156985,6.2669587,6.3797574,0.0,3.7837274,7.057052,8.697184,12.361871,14.09992,17.90969,20.680462,23.844404,27.378006,28.066286,32.546284,33.508556,32.422943,32.92964,27.713467,23.535486,22.768818,18.161034,19.983665,12.745687,16.592735,12.716241,14.138023,15.517907,13.542153,15.793939,13.709296,18.701279,15.409962,21.489723,19.16801,25.699867,28.092129,27.87212,32.074863,33.217205,35.417137,31.668402,30.160679,35.500393,35.53245,32.506523,30.200876,26.666634,24.433544,23.318434,26.151289,20.041834,22.310812,21.931566,22.126316,26.909773,23.216053,26.525604,29.479334,27.734266,31.397675,26.453802,23.570911,19.546833,18.53453,14.332625,14.04915,10.487698,9.815296,9.177763,8.721977,10.78121,13.140906,13.970074,14.32479,13.953113,18.773338,18.514277,23.341518,25.308979,28.72778,33.75668,33.69237,31.078676,32.54571,34.49809,35.665707,33.03261,27.748997,25.724854,29.621212,31.394356,28.354084,25.689726,23.79904,18.803024,18.682377,14.22173,14.703892
13,36.853092,33.70027,30.695183,26.886303,24.416958,21.890564,18.724154,15.511818,11.091502,10.5097475,5.6142583,8.517383,3.7837274,0.0,6.011208,6.249445,9.589929,11.662014,14.903659,17.983952,20.736055,24.384771,25.032675,29.504835,30.678164,29.607542,30.698917,25.297857,21.194206,20.174746,15.843318,17.093092,10.115284,13.515345,10.244839,11.524686,13.779109,12.442563,14.309148,12.543716,17.115904,14.447021,20.173632,18.090841,24.649742,26.87887,27.253553,31.320843,32.662598,35.00705,31.419275,30.271425,35.671852,35.78304,33.26676,30.906803,27.273724,25.703295,24.738901,28.000706,21.93228,24.326769,23.684906,23.939758,28.036638,23.738935,26.766445,29.328669,27.24033,30.384472,25.26251,22.61316,18.829136,18.149147,14.1717615,14.788423,11.810455,11.229991,12.15416,10.964032,13.593678,15.805408,16.060154,15.482967,14.47215,19.285976,18.151245,23.200388,24.635176,28.188416,32.98165,33.049538,29.928087,30.943743,32.801685,33.568527,30.863693,25.7099,23.305464,26.851027,28.495333,25.17823,22.658796,20.292326,15.651824,15.196041,10.688631,11.329336
14,35.65768,32.59223,30.027115,25.917316,24.205057,21.242964,19.111149,16.773705,12.577354,13.521976,9.128471,12.742493,7.057052,6.011208,0.0,5.4685574,6.9619403,9.938565,13.231409,16.291533,19.647762,23.111862,24.907595,29.24132,30.900484,30.470798,31.299215,26.728266,22.493633,22.40359,17.77013,20.296047,14.381462,17.913221,15.637471,16.591637,19.483543,18.41523,19.970211,17.925997,21.938005,18.566727,23.650429,20.641953,27.271252,28.037092,28.968431,32.300694,32.776566,35.927555,32.876587,30.455372,36.099625,37.12071,34.371834,32.560833,28.329826,26.989792,25.096748,27.47832,21.060448,22.502636,20.930752,20.3973,23.9888,19.641308,21.812313,24.60481,22.066778,25.688555,20.241835,17.215921,14.340594,12.568637,9.271408,9.624115,7.47922,9.012598,10.961994,11.588112,14.934304,18.282152,17.488632,16.717863,14.318275,19.511026,16.855497,21.72,22.678314,25.763096,31.14129,30.095232,26.845541,28.7664,29.669495,31.10183,27.72792,22.52171,21.189547,25.24822,27.455845,24.409391,21.433153,20.131483,14.835091,14.223519,10.417566,9.901692
15,31.632504,28.332644,25.83249,21.549717,19.509205,17.333548,14.079069,12.504185,7.8481126,10.618007,6.5384746,12.317808,8.697184,6.249445,5.4685574,0.0,4.4324145,5.495187,9.301838,12.038574,15.336019,18.814861,20.00267,24.424967,25.78417,25.178572,26.011421,21.277441,17.050146,16.973524,12.336689,15.255088,10.086349,14.319238,12.984957,14.820923,17.746332,16.651243,16.924065,14.627639,17.715303,14.369892,18.780767,15.814432,22.334028,23.046522,24.326122,27.632168,28.48736,31.519983,28.531776,26.767319,32.34395,33.221447,31.08282,29.1405,24.967964,24.395575,22.983307,26.254337,20.280418,22.45399,21.251947,21.644283,24.460999,19.461306,22.26912,24.230349,22.099335,24.624186,19.7034,17.53207,13.446697,13.872999,10.017007,12.28993,10.685365,9.674656,13.2928295,11.449983,15.055692,17.829052,16.338259,14.408931,11.738135,16.490156,13.544305,18.616917,19.326511,22.808262,27.581934,27.41824,23.94449,24.94397,26.584904,27.395,24.635696,19.46441,17.197454,21.027678,22.944536,19.976288,17.134752,15.948701,10.383349,10.933228,6.956473,8.822212
16,31.865059,28.349586,26.62339,21.779806,20.281378,18.825605,15.268566,15.447554,10.989144,14.845475,10.922657,16.661232,12.361871,9.589929,6.9619403,4.4324145,0.0,4.5417156,6.346875,9.8093605,12.78077,16.296488,18.339478,22.56997,24.580793,24.431,25.887794,21.575535,17.600126,17.743116,13.750426,16.28673,12.636673,15.643257,15.389806,16.53053,20.156937,19.73097,19.941154,18.08164,20.578552,17.829376,21.44222,18.548592,24.71476,24.545874,26.617043,29.33071,29.905874,33.400005,30.882528,28.872816,34.46663,35.804337,33.98356,32.273422,27.909136,27.849144,26.193832,29.21517,23.284727,24.985748,23.203856,23.153212,25.086016,19.764902,21.543463,23.158112,20.332876,22.456055,17.121046,15.098339,12.3967905,12.494655,10.059658,12.806554,12.350395,12.594614,16.530369,15.434733,19.165735,22.1493,20.387802,18.205952,14.910057,19.40945,15.181625,19.958353,19.756483,22.928448,27.661188,26.92628,22.822458,23.841648,24.623035,25.341366,21.96997,17.010447,15.022538,18.621637,20.755095,17.539225,14.595702,13.432321,8.100735,7.6610346,4.764019,5.7370768
17,27.461727,23.925734,22.141264,17.297827,15.742489,14.575064,10.869948,11.932714,8.114656,13.261587,10.67139,16.900917,14.09992,11.662014,9.938565,5.495187,4.5417156,0.0,4.854809,6.669167,10.504519,13.696416,15.358021,19.63811,21.178707,21.042845,21.784166,17.813606,13.744827,14.615974,10.381371,14.41612,11.917806,15.903284,16.150816,18.157726,21.322472,20.506563,19.705662,17.370548,18.975044,15.719314,18.402723,15.093823,20.96396,20.187336,22.488657,24.922834,25.438818,29.016289,26.701197,24.70354,30.239166,31.719702,30.193626,28.61365,24.19804,24.7264,23.185413,26.527582,21.087975,23.0849,21.544987,22.172575,23.49131,17.919443,20.356337,21.365616,19.260538,20.648294,16.187246,14.953295,10.800928,12.947963,10.030957,13.713548,13.547839,12.257304,17.102985,14.821905,18.552065,21.280727,18.772114,15.864272,12.234064,16.047716,11.397696,16.048191,15.677008,19.054909,23.454851,23.290724,19.291975,19.877254,21.393904,21.959114,19.270452,14.186402,11.703396,15.663613,17.767122,15.188324,12.101452,12.365786,6.131561,8.407521,6.5445895,9.485522
18,28.228924,24.359467,23.546885,18.198362,17.028452,17.363585,12.710736,15.610635,12.000329,17.495375,14.732572,21.02856,17.90969,14.903659,13.231409,9.301838,6.346875,4.854809,0.0,4.125455,6.449914,9.963879,12.254017,16.33664,18.625751,18.842264,20.777271,17.04971,13.627506,14.300907,11.536283,14.196944,13.704042,16.08378,17.608606,19.024096,22.687763,22.592804,21.554937,19.847044,20.677513,18.545156,20.28537,17.644157,22.788889,21.523209,24.66048,26.579996,27.209532,30.922983,29.039968,27.484951,32.801033,34.411747,33.50864,31.978148,27.677614,28.77984,27.411545,30.84892,25.65515,27.524797,25.763723,26.212004,26.77941,21.03743,22.57991,22.949219,20.321747,20.669077,16.204304,15.631816,13.109082,15.17257,13.584558,17.317436,17.622192,16.974052,21.717304,19.62337,23.330605,25.924126,23.492805,20.41111,16.813007,20.114096,15.021496,19.087467,17.756592,20.822742,24.552544,24.344471,19.619106,19.42723,20.298885,20.093967,17.072157,12.636679,9.56122,12.456262,14.458204,11.234486,8.251371,8.096477,2.4478831,4.599719,5.7751565,8.509389
19,24.385557,20.452469,20.064388,14.566118,13.828291,14.948306,10.564117,14.916945,12.486803,18.468025,16.717648,23.038275,20.680462,17.983952,16.291533,12.038574,9.8093605,6.669167,4.125455,0.0,4.6734624,7.176734,9.706192,13.582455,15.6264,16.230953,17.46218,14.698202,11.588533,13.346564,11.039077,14.827249,15.625664,18.462046,20.284895,22.158327,25.491507,25.147629,23.472673,21.481192,21.527557,19.113453,19.718235,16.81446,21.19294,18.808338,22.449265,23.677746,24.008953,27.990793,26.60359,24.88755,30.018646,31.992113,31.465427,30.227306,25.90205,27.662432,26.291485,29.735353,25.134537,26.974457,25.263584,26.083548,25.809528,20.018703,21.66411,21.294765,19.232212,18.603815,15.1877,15.538782,12.561599,15.983848,14.611486,18.749928,19.473309,18.19674,23.401625,20.849577,24.472416,26.937824,23.930975,20.42158,16.626808,19.005062,13.474527,16.765446,14.7965765,17.692566,20.887178,20.978874,16.151575,15.414758,16.64719,16.209522,13.729997,9.389701,5.6268296,9.018707,11.250938,9.0740385,5.741646,8.628956,4.0931616,8.051595,9.678283,12.629759
20,26.01902,21.862305,22.220406,16.711103,15.995005,18.430685,13.15342,18.217646,15.751258,21.715052,19.840986,26.162418,23.844404,20.736055,19.647762,15.336019,12.78077,10.504519,6.449914,4.6734624,0.0,3.8139205,6.3958054,10.054233,12.864315,13.6341,16.48002,13.773443,11.736053,12.8572,12.355527,14.3176,16.921623,18.338354,21.185211,22.663595,26.140163,26.356344,24.378181,22.982538,22.278728,21.025646,20.83271,18.85086,22.416656,20.137903,24.270039,25.252995,26.034454,29.741648,28.590885,27.75832,32.52582,34.272743,34.383003,33.026695,29.028326,31.15532,30.178785,33.923416,29.5324,31.532747,29.90395,30.74764,30.285425,24.503881,25.80238,25.06436,22.819443,21.400818,18.292034,19.031164,16.966244,20.07935,19.043087,23.075722,23.696665,22.553316,27.582071,24.87737,28.425701,30.612612,27.843504,24.253366,20.782104,22.856365,17.68175,20.650286,18.356901,21.043066,23.266537,23.809137,18.732533,16.815777,17.84324,16.14446,14.00771,11.152293,6.7187743,6.943611,8.297692,4.801623,2.0564146,4.993757,5.0872293,7.8121424,11.007402,13.776895
21,24.23239,20.059774,21.277174,15.8645935,15.807995,19.08485,14.365678,20.212122,18.487549,24.554512,23.140028,29.441498,27.378006,24.384771,23.111862,18.814861,16.296488,13.696416,9.963879,7.176734,3.8139205,0.0,4.9623003,7.268163,10.462793,12.066724,14.788117,13.58418,12.531158,14.2914915,14.587523,16.752188,20.189285,21.586176,24.656744,26.235909,29.583134,29.769693,27.472712,26.031883,24.797865,23.580772,22.523808,20.59613,23.256699,20.022938,24.62646,24.805134,25.309883,29.182602,28.63903,27.792412,32.203915,34.27252,34.83049,33.756016,29.847435,32.50003,31.53115,35.17225,31.265312,33.129368,31.462671,32.430416,31.24041,25.56492,26.587378,25.197598,23.255886,20.847975,18.734812,20.210066,18.484291,22.090406,21.476833,25.634417,26.591473,25.316223,30.550116,27.738804,31.236631,33.370777,30.292233,26.510672,22.97075,24.402,19.083647,21.223166,18.34719,20.536915,21.90975,22.6019,17.456188,14.740058,15.580809,13.103175,11.584432,10.064548,5.802683,3.4093165,4.6696405,2.7401175,1.7697004,7.5864367,8.805974,11.466765,14.812,17.438154
22,23.803837,19.561138,20.504375,15.563261,14.73675,18.980928,13.315695,19.404749,18.144854,23.975557,23.156546,29.20608,28.066286,25.032675,24.907595,20.00267,18.339478,15.358021,12.254017,9.706192,6.3958054,4.9623003,0.0,4.484613,6.5956507,7.3728976,11.205851,9.361822,9.400433,10.759048,12.640606,13.926388,18.888615,19.918337,23.465237,25.319881,28.170073,28.371296,25.424234,24.212881,22.032167,21.57163,19.467274,18.399277,20.071991,17.379173,22.055063,22.395638,23.755867,26.91111,26.246527,26.665882,30.68006,32.112747,33.247513,31.902668,28.5125,31.458614,31.154858,35.37875,31.891434,34.29726,33.170326,34.638073,33.827377,28.2066,30.003368,28.665403,27.217155,24.884144,23.04403,24.35751,21.640558,25.568605,24.149944,28.319538,28.741827,26.74967,31.830383,28.287848,31.487263,33.0405,30.137491,26.218534,23.311209,24.138943,19.807407,21.851837,19.3924,21.935827,22.456526,24.479994,19.870756,16.108723,18.444296,15.273345,15.329243,13.990451,9.154524,6.506929,5.0711155,3.7606673,5.4311223,8.092646,10.3023405,13.351786,16.077206,19.404282
23,23.889885,19.778162,21.722166,17.235266,17.043058,21.923506,16.88267,23.265295,22.431341,28.23115,27.60462,33.61642,32.546284,29.504835,29.24132,24.424967,22.56997,19.63811,16.33664,13.582455,10.054233,7.268163,4.484613,0.0,4.221828,6.5672507,10.925218,11.278843,12.7052145,14.155052,16.737211,17.636293,23.167305,23.806124,27.622257,29.362549,32.154205,32.492,29.355286,28.29353,25.66699,25.518585,22.714603,21.955656,22.609274,19.265825,24.242992,23.74598,24.95267,28.032194,28.034998,28.695225,32.168995,33.780476,35.481197,34.37483,31.221352,34.611233,34.38889,38.523487,35.457005,37.744526,36.57931,38.091087,36.706177,31.21228,32.667587,30.812021,29.526386,26.3869,25.319117,27.141342,24.929419,29.015184,28.000017,32.223698,32.889355,30.934336,36.11545,32.561386,35.723473,37.21399,34.166943,30.160378,27.258356,27.633839,23.301264,24.667368,21.79318,23.788176,23.303253,25.523092,21.029871,16.501154,18.516552,14.402129,15.411392,15.622514,11.566889,7.215784,4.0719833,5.741885,8.541073,11.470143,14.542015,17.203573,20.319809,23.384039
24,21.79268,17.821991,19.662697,15.920034,15.490011,20.962831,16.144228,22.539906,22.501808,27.989527,28.086357,33.789635,33.508556,30.678164,30.900484,25.78417,24.580793,21.178707,18.625751,15.6264,12.864315,10.462793,6.5956507,4.221828,0.0,3.357561,7.208939,8.820061,11.448844,13.170499,16.379248,17.508799,23.504099,24.491623,28.219479,30.35701,32.652996,32.71838,29.123987,27.95201,24.72011,24.646492,20.9162,20.519463,20.017567,16.502342,21.494429,20.668457,22.256771,24.838743,25.051289,26.44391,29.417723,30.747332,32.942482,31.85394,29.129232,32.873405,33.0535,37.408535,34.933067,37.472862,36.70607,38.636463,37.27987,31.978292,33.989265,32.04331,31.342945,28.183853,27.592691,29.440351,26.453651,30.97728,29.504633,33.74871,34.210957,31.674587,36.80801,32.78025,35.65625,36.75493,33.637535,29.546299,27.069656,26.704641,23.123255,23.995613,21.36966,23.377205,22.069986,25.301199,21.454124,16.320309,19.529789,15.318254,17.516926,17.641897,13.528732,9.990307,7.1267867,9.34454,11.542544,14.380306,16.691662,19.918509,22.42037,25.925932
25,22.878145,18.962473,20.035044,16.557953,15.365501,20.794798,15.399984,21.381449,21.384283,26.524471,26.825193,32.257954,32.422943,29.607542,30.470798,25.178572,24.431,21.042845,18.842264,16.230953,13.6341,12.066724,7.3728976,6.5672507,3.357561,0.0,6.704328,6.4833207,9.799021,10.832633,14.768321,15.204918,21.660732,22.443382,26.244192,28.485971,30.453886,30.510979,26.680122,25.678192,22.06198,22.47502,18.394358,18.617619,17.757648,15.236339,19.91982,19.692026,21.991985,23.97876,23.735415,25.925508,28.840982,29.572784,31.85991,30.45803,28.033762,31.657833,32.221207,36.91206,34.460247,37.322243,36.850204,38.9576,38.11331,32.80566,35.26485,33.63694,32.98072,30.279716,29.3209,30.830782,27.336847,31.790146,29.831972,33.98924,34.072212,31.259556,36.16483,31.844986,34.52918,35.303402,32.44968,28.42113,26.373766,25.937038,23.014528,24.18443,22.068895,24.469557,23.310896,26.976313,23.339994,18.360626,22.09179,18.187307,20.225685,19.681366,15.146885,12.301115,9.716713,10.726508,12.749705,14.429457,16.687943,19.916035,21.949715,25.69977
26,16.743813,13.126449,14.100577,11.858701,11.013073,16.92256,13.383621,19.310581,20.817469,25.602108,26.965616,32.031857,32.92964,30.698917,31.299215,26.011421,25.887794,21.784166,20.777271,17.46218,16.48002,14.788117,11.205851,10.925218,7.208939,6.704328,0.0,6.6013503,9.722328,12.517919,15.210326,17.918896,23.276846,25.575184,28.52279,31.39326,32.96409,32.287014,28.297655,26.551277,22.993307,22.133718,17.425676,16.855341,14.761738,10.216604,15.178892,13.703843,15.660679,17.740295,18.213812,20.22092,22.625092,23.75924,26.375057,25.454092,23.19554,27.420525,28.02204,32.49657,31.012897,33.799843,33.654705,36.211327,34.93373,30.123915,33.05874,31.138418,31.454048,28.631176,28.693823,30.440783,26.19185,31.311619,29.172546,33.302555,33.537468,30.135254,35.123405,30.55148,32.92163,33.535873,30.164085,26.042469,24.190182,22.555157,20.260786,20.17132,18.170347,20.180502,17.971819,22.646296,20.095469,14.8327,19.862923,16.511793,19.745707,19.149855,15.392655,13.914233,12.23289,14.628321,15.490147,18.771889,19.000677,23.109182,24.460768,28.472347
27,21.236494,17.44606,16.777122,13.597683,11.123287,16.008743,10.249593,15.520116,16.11583,20.734447,21.743868,26.739197,27.713467,25.297857,26.728266,21.277441,21.575535,17.813606,17.04971,14.698202,13.773443,13.58418,9.361822,11.278843,8.820061,6.4833207,6.6013503,0.0,4.3344083,5.9854145,9.560401,11.3712635,17.066675,19.086906,22.105387,24.967175,26.422348,25.866415,21.855524,20.3533,16.747658,16.485258,12.156848,12.231633,11.529621,9.970681,14.173978,15.162601,18.079994,19.732338,18.518492,21.00025,24.310564,24.541552,26.351206,24.609419,22.200512,25.542788,26.380602,31.373251,28.980463,32.20066,32.176357,34.602337,34.486435,29.354626,32.665398,31.597807,31.308195,29.561926,28.247807,29.203112,24.57633,29.110401,26.335913,30.292837,29.914284,26.499796,31.129646,26.403465,28.774694,29.227554,26.44895,22.471014,20.951628,20.233593,18.324013,19.795052,18.63537,21.66098,21.209385,25.280611,22.196493,18.000744,22.681643,19.920221,21.606201,19.600628,14.895755,14.254318,12.934305,13.071134,13.576655,14.917486,14.972413,18.826015,19.543137,23.75557
28,21.475273,17.635286,16.184563,12.355502,9.398605,13.150807,6.5260878,11.722033,11.864638,16.797874,17.590849,22.806599,23.535486,21.194206,22.493633,17.050146,17.600126,13.744827,13.627506,11.588533,11.736053,12.531158,9.400433,12.7052145,11.448844,9.799021,9.722328,4.3344083,0.0,4.182698,5.523436,9.282668,13.612953,16.558249,19.01784,22.03342,23.69495,22.89981,19.273195,17.352661,14.65797,13.388846,10.415499,9.281327,10.914783,9.845963,13.566934,15.461796,17.945368,20.127659,18.280916,19.730967,23.847,24.276487,25.159641,23.301102,20.297508,23.064892,23.523228,28.446732,25.454731,28.655365,28.516243,30.7944,31.092546,25.869663,29.327232,28.697407,28.231407,27.160252,25.286716,25.834814,20.91762,25.247534,22.225555,26.101902,25.611502,22.222372,26.858519,22.24158,24.778387,25.513012,22.710629,18.74223,16.971916,16.884647,14.682003,16.92846,16.132683,19.586279,20.35068,23.759726,20.51796,17.310684,21.742174,19.81101,20.586926,17.609024,12.9072075,13.659359,13.296537,12.588614,12.030765,13.214084,11.73492,15.832819,15.949945,20.249268
29,25.527348,21.73864,20.13932,16.500324,13.378938,16.494093,9.583379,13.134783,12.321817,16.606049,16.983662,21.904085,22.768818,20.174746,22.40359,16.973524,17.743116,14.615974,14.300907,13.346564,12.8572,14.2914915,10.759048,14.155052,13.170499,10.832633,12.517919,5.9854145,4.182698,0.0,5.2289953,5.5009055,11.289789,13.175651,16.141027,19.007795,20.467628,20.017006,16.16477,14.867879,11.662998,11.918121,9.169257,9.671905,11.55508,12.770147,15.628312,18.33787,21.410252,22.921625,20.557856,22.825626,26.822994,26.542025,27.400803,25.096125,22.490118,24.734373,25.57484,30.755093,27.458054,30.903095,30.904325,33.070004,34.00419,28.73382,32.221443,31.96072,31.126808,30.422245,27.93716,28.104095,23.346926,27.082094,23.809752,27.444626,26.48575,23.23587,27.3917,22.724873,25.115362,25.53,23.422909,19.774008,18.546349,19.01313,17.431118,20.2962,19.894056,23.501577,24.498827,27.813534,24.429813,21.345264,25.475105,23.37628,23.77829,20.705528,15.773119,16.129597,15.46711,13.723336,13.560143,12.719877,12.153728,15.404131,15.197349,19.480896
30,24.951475,21.3158,18.962503,15.096974,11.841138,13.154028,6.361635,8.617292,7.1262126,11.937128,12.227199,17.50284,18.161034,15.843318,17.77013,12.336689,13.750426,10.381371,11.536283,11.039077,12.355527,14.587523,12.640606,16.737211,16.379248,14.768321,15.210326,9.560401,5.523436,5.2289953,0.0,6.777586,8.405577,12.477592,14.056892,17.284122,18.955254,17.908419,14.761586,12.519927,11.135157,9.066449,8.82734,7.0197253,11.740396,12.8179035,14.98877,18.238285,20.609957,22.689795,19.897673,20.788177,25.505878,25.596506,25.403679,23.14439,19.869858,21.428364,21.721695,26.671312,22.79681,26.159454,26.066584,28.110039,29.478111,24.267487,27.99073,28.22454,27.389198,27.496872,24.608164,24.306736,19.093624,22.618135,18.978907,22.461618,21.380468,18.011185,22.2207,17.633406,20.226559,21.056707,18.7601,15.119579,13.570593,14.789574,13.042359,16.668056,16.828312,20.70948,22.897768,25.498861,22.25394,20.368656,24.252384,23.188295,22.850496,18.851131,14.443707,16.446,16.825853,14.88287,13.465218,13.091581,9.988498,13.548534,12.228758,16.581049
31,30.636307,26.85539,24.956728,21.141897,17.949074,19.886585,13.005609,14.614691,12.246796,15.578146,14.890791,19.440365,19.983665,17.093092,20.296047,15.255088,16.28673,14.41612,14.196944,14.827249,14.3176,16.752188,13.926388,17.636293,17.508799,15.204918,17.918896,11.3712635,9.282668,5.5009055,6.777586,0.0,7.444658,7.760182,11.220264,13.774859,15.305822,15.3586235,11.792858,11.349961,8.837947,10.642936,10.331567,11.542008,14.82128,17.577776,19.537712,23.040487,26.180735,27.493647,24.54768,26.759918,31.013973,30.321928,30.603792,27.926071,25.377844,26.658848,27.515993,32.68752,28.690609,32.208122,32.18488,33.996506,35.790417,30.494226,33.896748,34.264362,32.879642,32.92523,29.511414,29.03178,24.581032,27.32933,23.836855,27.012388,25.508234,22.721022,26.176056,21.839108,24.162416,24.49679,23.301584,20.243345,19.38706,20.964804,19.685135,23.443687,23.481756,27.293613,29.115599,31.847174,28.221998,25.799732,29.346832,27.53233,27.064117,23.537859,18.686798,19.318521,18.916643,15.965184,15.618641,12.55261,12.185036,13.981226,12.939929,16.892036
32,32.929935,29.444231,26.661644,22.959497,19.733126,19.404074,13.843065,12.320239,8.519575,10.009596,8.153993,12.36795,12.745687,10.115284,14.381462,10.086349,12.636673,11.917806,13.704042,15.625664,16.921623,20.189285,18.888615,23.167305,23.504099,21.660732,23.276846,17.066675,13.612953,11.289789,8.405577,7.444658,0.0,6.1456194,5.7523894,9.238434,10.824524,9.884299,7.9286437,6.364957,8.210807,7.638332,11.783305,11.460642,17.04256,20.332249,21.103487,25.372078,27.944477,29.483091,25.883936,26.886847,31.717903,31.059565,29.999033,27.20239,24.275503,24.140589,24.541058,29.302422,24.486153,27.919031,27.940887,29.408895,32.349907,27.415329,31.053782,32.375336,30.846926,32.255936,28.092426,26.68302,21.987328,23.66222,19.583347,21.936928,19.70791,17.103645,19.652105,15.701203,17.937422,18.513847,18.05989,15.843622,15.386764,18.304235,17.667109,22.271862,23.253862,27.21625,30.395985,32.248005,28.93434,27.983252,31.126724,30.479658,29.115118,24.615145,20.591866,22.807083,23.386938,20.186134,18.668028,15.7039995,12.765765,13.774384,10.478956,13.867734
33,37.395184,33.660717,31.429245,27.446095,24.312893,24.891989,18.639845,18.238075,14.462959,15.952531,13.56642,16.940718,16.592735,13.515345,17.913221,14.319238,15.643257,15.903284,16.08378,18.462046,18.338354,21.586176,19.918337,23.806124,24.491623,22.443382,25.575184,19.086906,16.558249,13.175651,12.477592,7.760182,6.1456194,0.0,4.980465,6.2213664,8.424798,9.680278,8.1058855,9.36571,10.012201,12.532232,15.384403,16.453041,20.9125,24.492634,25.670198,29.778498,32.74086,34.0476,30.587587,32.321835,36.909702,35.97932,35.42048,32.484562,29.900852,29.94846,30.593971,35.42957,30.599016,33.968063,33.838356,35.05084,37.919186,32.799896,35.95195,37.1635,35.138237,36.238598,31.76913,30.415327,26.581285,27.813,24.251049,26.521261,24.344728,22.515644,24.701729,21.326077,23.44415,23.826868,23.932083,21.936954,21.478867,24.368582,23.374361,27.926178,28.446585,32.348217,35.18635,37.08815,33.299614,31.826849,34.634487,33.36165,31.859486,27.833277,23.469997,24.629978,24.706507,20.872383,20.117039,15.451105,14.806184,14.36055,11.981136,14.524026
34,38.674755,35.194904,32.368923,28.701164,25.480574,24.913664,19.586992,17.480852,13.605344,13.324494,10.668876,12.697561,12.716241,10.244839,15.637471,12.984957,15.389806,16.150816,17.608606,20.284895,21.185211,24.656744,23.465237,27.622257,28.219479,26.244192,28.52279,22.105387,19.01784,16.141027,14.056892,11.220264,5.7523894,4.980465,0.0,3.9537337,5.286964,5.3985543,5.8279095,6.7571497,10.0884,11.382613,16.036064,16.570415,21.750772,25.784325,26.160704,30.71186,33.473267,34.694332,30.841745,32.120663,36.853107,35.779625,34.512974,31.490757,28.916847,28.118652,28.666885,33.24035,28.189564,31.541739,31.620785,32.727554,36.34835,31.633179,35.055706,36.81146,34.910824,36.787292,32.100895,30.251478,26.13542,26.80798,22.850824,24.452774,21.733143,19.9284,21.179298,18.088837,19.800285,20.042994,20.859379,19.606062,19.725405,23.031878,22.81282,27.57314,28.736485,32.67443,36.082165,37.70557,34.30313,33.544083,36.369987,35.723225,33.988605,29.477533,25.566103,27.56167,28.065578,24.383743,23.068594,18.982391,16.891317,16.460478,12.92698,14.947915
35,42.020004,38.42058,35.840076,31.902355,28.83273,28.35577,22.903225,21.140198,16.956703,16.830782,13.542275,15.232421,14.138023,11.524686,16.591637,14.820923,16.53053,18.157726,19.024096,22.158327,22.663595,26.235909,25.319881,29.362549,30.35701,28.485971,31.39326,24.967175,22.03342,19.007795,17.284122,13.774859,9.238434,6.2213664,3.9537337,0.0,4.535308,6.760508,8.72583,10.486266,13.566278,15.333918,19.787348,20.415657,25.521427,29.404074,30.008274,34.456818,37.171684,38.51776,34.73504,35.92908,40.727745,39.72155,38.44122,35.43135,32.807716,31.916122,32.31412,36.696228,31.394316,34.526085,34.368053,35.114674,38.82152,34.074085,37.079906,38.96616,36.657677,38.64837,33.60081,31.582405,28.142788,28.207653,24.637241,25.970154,23.279327,22.25061,23.149055,20.811354,22.566666,23.010689,24.122087,23.106695,23.006691,26.636946,26.007658,30.893248,31.852507,35.729828,39.292717,40.596214,36.913944,36.242306,38.634823,37.929493,35.81976,31.411425,27.594877,29.34524,29.842686,25.795929,24.615934,19.83735,18.438383,17.004179,13.733496,14.740709
36,43.53706,40.127224,37.148666,33.72233,30.378326,29.757055,24.575361,22.030283,18.508705,17.117804,14.839656,14.921841,15.517907,13.779109,19.483543,17.746332,20.156937,21.322472,22.687763,25.491507,26.140163,29.583134,28.170073,32.154205,32.652996,30.453886,32.96409,26.422348,23.69495,20.467628,18.955254,15.305822,10.824524,8.424798,5.286964,4.535308,0.0,3.6601012,6.470764,9.215822,12.4013195,14.88108,19.396471,20.69331,25.280771,30.075548,29.984465,34.805298,37.866165,38.60588,34.515213,36.307682,40.790943,39.191906,37.89396,34.649433,32.578224,31.35744,32.257046,36.802666,31.901524,35.318733,35.653934,36.700203,40.79495,36.328625,39.797054,41.77734,39.829544,41.92813,37.094185,35.054638,31.090935,31.355278,27.398561,28.51839,25.480846,23.921776,24.197079,21.50195,22.536695,22.165953,23.929125,23.332985,24.103336,27.276716,27.704845,32.40775,33.80505,37.75761,41.11397,42.870148,39.562683,38.75917,41.646328,40.911274,39.192776,34.72515,30.781914,32.57097,32.89727,29.099012,28.020115,23.484234,21.973455,21.09561,17.692259,19.031174
