,0,1,2,3,4,5,6,7,8,9,10,11,12,13,14,15,16,17,18,19,20,21,22,23,24,25,26,27,28,29,30,31,32,33,34,35,36,37,38,39,40,41,42,43,44,45,46,47,48,49,50,51,52,53,54,55,56,57,58,59,60,61,62,63,64,65,66,67,68,69,70,71,72,73,74,75,76,77,78,79,80,81,82,83,84,85,86,87,88,89,90,91,92,93,94,95,96,97,98,99,100,101,102,103,104,105,106,107,108,109,110
0,0.0,4.2427597,5.8728476,9.496976,12.778443,13.603143,17.510935,21.053926,23.198608,27.008945,29.334908,32.428265,34.280033,32.9179,35.533142,29.344952,29.836266,27.230307,27.724113,26.28768,23.31519,25.851217,23.15477,20.54619,22.63695,19.884817,22.777294,19.358416,22.49491,19.702805,27.689268,26.497791,30.20853,34.897015,33.830376,29.762997,32.868866,36.158195,31.767601,29.071943,34.09222,34.287533,29.539005,30.361425,35.158062,32.576077,28.082842,32.277855,35.528942,38.386086,37.400547,33.32051,39.453167,40.503742,37.1591,34.593616,32.561596,32.672916,37.67879,38.95916,34.348057,37.10267,40.809906,41.74576,38.58228,36.752827,41.24187,40.2527,35.1861,37.746998,39.421562,36.99406,32.906765,32.941204,30.409094,28.610813,25.757652,25.645355,21.022411,22.047508,18.363417,16.349634,17.64138,19.170984,22.901207,18.92616,24.989832,25.177986,27.927797,30.62959,33.309837,36.702065,37.19936,35.441837,35.391632,32.33238,32.4091,33.03688,33.737244,31.51548,36.07928,31.414442,34.698376,35.935146,32.214737,30.076628,26.082857,23.428457,18.76396,17.844574,13.609205
1,4.2427597,0.0,5.307227,6.5806203,9.820342,12.018017,15.014627,18.946806,21.22902,24.895607,27.58024,30.34101,32.551704,30.997618,34.142235,28.232397,28.822004,26.802542,26.91027,26.417786,23.56309,26.263903,23.6281,21.638668,23.954124,21.162739,23.471914,19.649183,22.648449,19.37681,27.353334,25.951689,29.400848,34.227962,33.841064,29.883745,33.159775,36.679935,32.58009,29.918173,35.073082,35.65963,31.000961,31.938475,36.798462,34.65967,30.29613,34.451077,37.95336,40.49085,39.38421,35.96084,41.9393,42.64531,39.38782,36.63753,34.343563,34.23812,39.42828,40.565422,35.37574,38.15437,41.853912,42.76426,39.20191,37.219234,41.788605,40.52259,35.706028,38.823715,40.14508,37.46262,33.73771,34.386353,31.851868,30.565632,27.780489,27.626736,23.396938,24.21279,20.43343,18.55812,18.833672,20.463602,24.155502,20.49659,26.193855,26.669313,28.979725,31.880442,34.17044,37.813072,37.86862,35.99141,35.582066,32.313366,32.18778,33.077545,33.230553,31.231737,35.42098,30.758944,33.709316,34.657307,31.095446,29.185415,24.969513,22.716265,18.242304,16.98733,13.369687
2,5.8728476,5.307227,0.0,5.003309,7.6824236,8.061564,11.851254,15.450759,17.348738,21.267792,23.502022,26.585926,28.411875,27.070498,29.829283,23.690954,24.461874,22.080065,22.956028,22.017353,19.66322,22.656925,20.836264,17.78877,19.664484,16.645805,18.510231,14.565259,17.427406,14.267139,22.334389,21.397104,25.04733,29.697664,28.983139,25.163979,28.63976,31.836615,27.609589,25.16046,30.452053,30.671247,26.076933,27.425032,32.154152,29.839905,25.70694,30.228836,33.59708,36.023117,34.56217,31.487118,37.27719,37.77652,34.46499,31.592772,29.246256,29.025421,34.258827,35.42102,30.126366,32.85295,36.554123,37.513176,33.977146,31.948624,36.504345,35.305614,30.44085,33.55451,34.97576,32.39074,28.559631,29.373388,26.681622,25.671774,22.837639,22.60343,18.647139,19.528084,15.897942,14.690372,14.368511,15.505822,18.991974,15.358152,20.927694,21.690802,23.971788,27.04448,29.422056,33.06086,33.21657,31.650663,31.167934,28.077084,27.647669,28.252762,28.480526,26.229986,30.575012,25.837814,29.004473,30.19102,26.608015,24.462505,20.60832,17.816446,13.329445,12.135543,8.183679
3,9.496976,6.5806203,5.003309,0.0,3.9197335,7.57239,8.706847,13.510224,15.126485,19.051273,21.625336,24.15696,26.356022,24.579517,27.860167,22.183355,22.847301,21.362326,21.392504,21.809252,19.538797,22.575403,20.780201,18.875637,21.090836,18.28289,19.474695,15.333509,18.082876,14.649315,22.51891,21.748795,24.992786,29.656466,29.79385,26.332937,30.075628,33.32158,29.461922,27.257856,32.654076,33.071312,28.719034,30.375938,35.011616,33.004436,29.2059,33.77849,37.235157,39.32859,37.57763,35.212036,40.711735,40.822376,37.51092,34.345963,31.90137,31.247217,36.57357,37.78917,31.868567,34.376328,38.04628,39.116917,35.174778,32.82359,37.27806,35.64017,31.186592,34.923466,35.7082,32.75865,29.555834,31.026047,28.586187,28.103577,25.563564,25.564766,22.149328,23.102028,19.64862,18.81609,17.468666,18.382593,21.44355,18.207838,22.899214,23.636646,25.227907,28.360952,30.113455,34.00862,33.545662,31.729216,30.836498,27.476435,26.938751,28.001953,27.590284,25.854937,29.66374,25.217815,28.047728,28.935501,25.77801,23.847763,20.07233,17.495573,13.77637,11.649321,9.212644
4,12.778443,9.820342,7.6824236,3.9197335,0.0,5.3841043,5.3951163,9.889852,11.881281,15.445068,18.320917,20.736313,23.227322,21.631613,25.499607,20.087416,21.330458,20.286392,20.849976,21.873085,20.369318,23.636309,22.588774,20.413733,22.249813,19.371777,19.513775,15.100747,17.018652,13.073089,20.253422,19.071732,21.987074,26.687452,27.385015,24.071112,27.828203,31.235434,27.78199,25.635216,30.96666,31.849022,27.712889,29.345257,33.91675,32.541542,28.94825,33.254765,36.91689,38.605415,36.855724,35.279922,40.514053,40.26467,37.251663,34.13622,31.328209,30.694069,36.0795,36.853817,30.56103,33.2493,36.78631,37.63942,33.388065,31.127947,35.733154,34.046818,29.878534,34.048786,34.795254,31.848438,28.87389,31.022587,28.335737,28.548374,25.981373,25.568354,22.808846,23.15531,19.806936,19.165028,16.869623,17.86054,20.753916,18.31224,22.43483,23.964567,25.181156,28.579031,30.110683,34.088047,33.41573,31.891815,30.611511,27.337488,26.212242,27.149479,26.106808,24.24799,27.613161,22.923525,25.243523,25.820461,22.670256,21.053675,17.006647,15.229899,11.819343,10.05714,8.962857
5,13.603143,12.018017,8.061564,7.57239,5.3841043,0.0,6.204046,7.565771,10.243339,13.541831,16.050346,19.231966,21.362572,20.569622,24.189938,18.387646,20.38165,18.627172,20.858738,20.904957,20.189161,23.685127,23.472948,19.83953,20.86616,17.712837,17.189816,12.610215,13.598518,9.155722,16.094074,14.340122,17.606928,22.39346,22.59377,18.994984,22.65827,26.140425,22.633255,20.32254,25.62996,26.712168,22.549492,24.0127,28.604282,27.569458,23.963186,28.050518,31.818008,33.351353,31.75853,30.487701,35.640793,35.3132,32.59701,29.774025,26.629381,26.405947,31.801521,32.058903,25.90296,29.029968,32.486557,33.01702,28.827532,26.96973,31.886433,30.629267,26.265612,30.275015,31.67318,29.12651,25.688953,27.95743,24.704456,25.266018,22.397373,21.254568,18.918137,18.457651,15.173453,14.728915,11.780179,12.916103,15.981826,14.210699,18.424631,21.00312,22.459425,26.127653,28.069279,31.872313,31.63664,30.732151,29.477186,26.611603,24.95657,25.198315,24.248081,21.586117,25.192186,19.82795,22.1367,22.86233,19.124527,17.43795,12.97228,11.555113,7.1613145,7.248188,6.058416
6,17.510935,15.014627,11.851254,8.706847,5.3951163,6.204046,0.0,6.0682254,6.680184,10.578733,13.18916,15.475203,17.88848,16.243668,20.317299,15.206043,16.870996,16.436583,17.475904,19.265274,18.810253,22.208288,22.276443,19.968557,21.31003,18.635403,17.401087,13.125151,14.088819,10.282905,16.345802,15.911588,18.432945,22.764376,23.942148,21.292082,25.337627,28.32617,25.25322,23.664436,28.954935,29.662987,26.012167,28.197334,32.362057,31.207418,28.276379,32.705814,36.196987,37.440144,35.207085,34.634182,39.288605,38.52453,35.608097,32.29327,29.388853,28.354141,33.674175,34.384457,27.620602,30.04685,33.436684,34.35159,29.834208,27.343637,31.798409,29.860493,26.15027,30.81334,31.161852,28.118761,25.681593,28.61787,25.998703,27.049608,24.785591,24.377678,22.625017,22.909893,20.175638,20.447544,17.079725,17.282696,19.23844,17.653074,20.347162,22.300089,22.768047,26.292797,27.32933,31.368423,30.322327,29.091202,27.354084,24.230242,22.488918,23.375834,21.669268,19.941353,22.780777,18.239275,20.29779,20.804802,18.084938,16.497145,13.151412,11.253728,9.453602,7.2250533,8.825842
7,21.053926,18.946806,15.450759,13.510224,9.889852,7.565771,6.0682254,0.0,4.702624,6.194717,9.438341,12.236704,14.984379,14.649508,19.442057,14.823244,17.893044,17.505224,20.298925,21.786661,22.43123,25.944098,26.858618,23.583118,24.121439,21.339188,19.00781,14.854093,13.977815,9.744733,13.104401,11.035417,12.954764,17.489988,19.345848,16.729763,20.478842,23.859184,21.536007,19.879244,24.769154,26.468431,23.21079,24.94438,28.94723,29.02351,26.33696,29.939863,33.7344,34.358986,32.476707,32.98409,37.240868,36.082027,33.885113,31.041,27.507158,26.974358,32.192345,31.833506,24.952234,27.996796,31.04178,31.30113,26.494703,24.636292,29.50651,27.957676,24.582026,29.487207,30.380053,27.790855,25.310286,28.925352,25.668604,27.594687,25.130754,23.695992,22.922781,21.886082,19.454874,19.795053,15.515276,16.043001,17.775766,17.785116,19.783043,23.268679,23.59729,27.409552,28.547817,32.38114,31.527626,31.078499,29.074165,26.469809,23.833712,23.972923,21.630545,19.121004,21.324911,15.909674,16.798008,16.72596,13.358137,12.558645,7.992246,9.120252,7.9005995,8.596276,11.157696
8,23.198608,21.22902,17.348738,15.126485,11.881281,10.243339,6.680184,4.702624,0.0,4.8252907,6.5448203,9.241239,11.411074,10.443636,14.92482,10.37261,13.396424,13.608914,16.272903,18.393457,19.595215,22.974142,24.495588,21.603872,21.990211,19.617237,16.618523,13.033882,11.912424,8.82201,11.390504,11.74193,13.440674,17.094095,18.907972,17.234701,21.390896,23.822573,21.476347,20.61882,25.542645,26.259434,23.402374,26.002771,29.526594,28.986855,26.940132,31.123241,34.41249,34.98437,32.377316,33.20722,37.0293,35.616055,33.097366,29.823011,26.673532,25.4232,30.500973,30.747425,23.588377,25.88873,28.933483,29.672594,24.844162,22.35454,26.74375,24.729675,21.700085,26.896671,27.078724,24.2132,22.358225,26.332182,23.577948,25.824665,23.869755,23.083769,22.801788,22.558931,20.719585,21.879774,17.533773,16.974184,17.655077,17.667065,18.373434,21.316994,20.942558,24.594948,25.17809,29.062933,27.801826,27.32124,25.066675,22.50186,19.689024,20.03948,17.358885,15.356819,17.279795,12.506846,13.817091,14.147088,11.778794,10.39286,8.224291,7.1340656,8.495952,7.582986,11.563974
9,27.008945,24.895607,21.267792,19.051273,15.445068,13.541831,10.578733,6.194717,4.8252907,0.0,4.100677,6.198603,9.352277,9.653804,15.16779,12.234313,15.975435,16.794937,19.91647,22.290098,24.006561,27.30824,29.141378,26.158232,26.257498,23.938505,20.479965,17.186747,15.173881,12.277222,11.915929,11.015981,11.221367,14.521391,17.64254,16.49782,20.16708,22.78851,21.466375,20.739357,25.0427,26.639719,24.328554,26.515448,29.7461,30.285978,28.541048,31.96383,35.439163,35.437603,33.108475,34.890125,38.28375,36.496017,34.589508,31.674847,28.152061,27.190763,32.020905,31.450771,24.253567,26.826786,29.436344,29.653488,24.565474,22.578844,27.030209,25.180754,22.868534,28.291035,28.583008,26.028677,24.554977,29.058342,26.079155,28.934261,26.983126,25.624508,25.985485,24.938593,23.308834,24.354742,19.650171,19.41598,19.89012,20.910229,21.053123,24.761518,24.149147,27.814999,28.219082,31.90611,30.570724,30.533552,28.0133,25.807833,22.491209,22.504908,19.125767,17.015207,17.715624,12.882692,12.318171,11.5314665,9.278116,9.393075,7.08578,9.503158,11.44729,11.947414,15.786969
10,29.334908,27.58024,23.502022,21.625336,18.320917,16.050346,13.18916,9.438341,6.5448203,4.100677,0.0,4.06527,5.714255,6.860915,11.717295,9.4068575,13.564112,14.619569,18.383608,20.662148,23.113916,26.23389,28.750957,25.62975,25.278988,23.296713,19.183504,16.651249,13.941638,12.256397,9.725717,10.703603,10.499323,12.600425,15.599681,15.452473,19.237795,20.942774,19.842558,19.856075,23.91786,24.844582,23.082644,25.815884,28.491983,28.837116,27.754675,31.348507,34.39452,34.186802,31.377525,33.70997,36.56165,34.47985,32.568394,29.53809,26.205908,24.878021,29.422625,28.989998,21.71719,23.823421,26.250721,26.637287,21.545597,19.30308,23.42979,21.426897,19.577698,25.15456,25.153578,22.687315,21.686703,26.570723,23.808527,27.144636,25.570192,24.38403,25.45712,24.63169,23.64052,25.317757,20.529207,19.555355,19.09039,20.606655,19.493607,23.201735,22.06432,25.57292,25.64732,29.151537,27.704685,28.031578,25.347075,23.533613,19.82911,19.549667,15.838204,13.7571125,13.847282,9.290111,8.368802,7.8611245,6.52838,6.39923,7.1496587,8.589112,12.255453,12.653293,16.95844
11,32.428265,30.34101,26.585926,24.15696,20.736313,19.231966,15.475203,12.236704,9.241239,6.198603,4.06527,0.0,4.0942535,5.0840297,10.94356,10.814944,14.499975,16.65649,19.535004,22.728973,25.2843,28.188984,30.781961,28.328775,28.118994,26.374613,22.21078,19.939913,17.45199,16.043135,13.360432,14.442784,13.515775,14.775367,18.486101,18.926172,22.41048,23.86943,23.293404,23.55031,27.280134,28.252422,26.826654,29.578205,32.014065,32.515625,31.66904,35.164783,38.133537,37.731327,34.827667,37.494656,40.071438,37.793827,35.962334,32.872974,29.688002,28.125532,32.41692,32.042618,24.810806,26.490322,28.64383,29.090708,24.014322,21.68494,25.240398,22.922827,21.893236,27.592274,26.97203,24.401276,24.190567,29.295511,26.920456,30.399645,29.091415,28.146118,29.315668,28.652788,27.688875,29.329605,24.550068,23.60649,23.041367,24.489807,23.08587,26.429543,24.901941,28.174538,27.724495,31.174461,29.279945,29.528221,26.570978,24.81322,21.0765,21.126928,16.859776,15.709635,14.549839,11.516281,9.538921,8.13752,8.872539,9.574745,10.936837,12.454493,16.141928,16.029095,20.39893
12,34.280033,32.551704,28.411875,26.356022,23.227322,21.362572,17.88848,14.984379,11.411074,9.352277,5.714255,4.0942535,0.0,3.9614763,7.750418,8.967353,12.668455,14.978223,18.354294,21.281017,24.463247,27.120872,30.311121,27.738619,27.11006,25.723906,21.113464,19.641953,16.727253,16.43121,12.356847,15.010553,14.024097,14.136947,17.309658,18.608086,22.096872,22.613728,22.162151,23.080706,26.547447,26.753649,25.83851,29.064327,30.96917,31.160612,30.923075,34.589874,37.096764,36.568466,33.215275,36.272583,38.33468,35.83702,33.96459,30.777988,27.890911,25.964624,29.882656,29.745928,22.622198,23.697731,25.637365,26.328411,21.405094,18.789019,21.811485,19.301327,18.856546,24.565641,23.578539,21.124851,21.478537,26.826948,24.767601,28.600075,27.694134,26.981922,28.73203,28.337883,27.932655,30.080914,25.348377,23.80741,22.474768,24.238653,21.778421,24.942389,22.945047,25.953657,25.166672,28.363226,26.378687,26.999372,23.932775,22.637852,18.598457,18.337446,13.819206,12.910434,10.847,8.879574,6.545112,5.766444,8.284219,8.535054,12.122496,12.563121,17.145172,16.95202,21.473331
13,32.9179,30.997618,27.070498,24.579517,21.631613,20.569622,16.243668,14.649508,10.443636,9.653804,6.860915,5.0840297,3.9614763,0.0,6.3427124,7.4469533,10.299449,13.388283,15.527633,19.296991,22.15177,24.701609,27.670872,25.810482,25.574635,24.327925,20.041811,18.544916,16.40924,16.138279,13.945265,17.001106,16.763325,17.588966,20.309122,21.110542,24.948149,25.606089,24.52782,25.255087,29.199858,28.989368,27.654947,31.110363,33.311504,32.81482,32.31369,36.499332,38.97179,38.82935,35.294567,37.686028,40.082207,37.825733,35.46975,31.926022,29.354187,27.087635,31.190454,31.766945,24.574015,25.311575,27.571257,28.737574,23.959196,20.851635,23.635393,20.730509,19.961344,25.646183,24.13397,21.173626,21.687183,26.758844,25.121832,28.509758,27.728853,27.602232,28.823393,29.079386,28.416622,30.51182,25.984373,24.375599,23.269947,24.237053,22.133593,24.463118,22.383657,25.264574,24.223896,27.67076,25.337315,25.375652,22.260904,20.537682,16.87476,17.35324,12.873893,12.878025,11.356137,10.1622095,9.613644,9.602351,11.439916,10.850047,13.75046,12.783313,17.140894,15.906113,20.437344
14,35.533142,34.142235,29.829283,27.860167,25.499607,24.189938,20.317299,19.442057,14.92482,15.16779,11.717295,10.94356,7.750418,6.3427124,0.0,6.4571505,7.581329,11.133803,13.316507,16.698975,20.428183,22.344488,26.20105,24.50851,23.727184,23.243425,18.593287,18.601028,16.369326,17.855925,14.879425,19.797062,19.828918,19.620605,21.125399,22.73583,26.561092,25.963627,24.72928,26.26139,29.932995,28.34368,27.588636,31.747004,33.261402,31.896103,32.203228,36.81648,38.51109,38.406715,34.160755,36.702114,38.432987,36.031036,33.361248,29.53131,27.737612,24.741323,28.189957,29.625534,22.87555,22.319595,24.363583,26.246416,22.069237,18.316887,19.801384,16.351097,16.434832,21.820074,19.265587,16.201263,17.949207,23.078144,22.361942,25.958733,25.97565,26.577902,28.402035,29.399923,29.483677,32.236248,28.020535,25.592123,23.506329,24.505592,21.006947,22.395325,19.506752,21.68272,19.851452,22.90302,20.197006,20.597841,17.280376,16.30026,12.352596,12.693246,7.868293,9.5285015,6.6342554,9.153183,9.908418,11.36072,14.149157,12.746175,17.382568,14.759067,19.72208,18.135849,22.514914
15,29.344952,28.232397,23.690954,22.183355,20.087416,18.387646,15.206043,14.823244,10.37261,12.234313,9.4068575,10.814944,8.967353,7.4469533,6.4571505,0.0,4.4534116,6.0675197,10.000946,12.313701,15.661862,18.239119,21.708532,19.129011,18.45494,17.451044,12.881213,12.257786,10.19574,11.604305,10.499815,15.612777,16.8417,17.95723,18.55094,18.990366,23.269918,23.319338,21.020208,21.960308,26.356787,24.73132,23.091984,27.22494,29.393003,27.537868,27.145283,32.140648,34.096756,34.513775,30.486229,32.043858,34.597057,32.688744,29.649622,25.703417,23.681534,20.941744,25.197924,26.788546,19.763872,20.00667,22.836056,24.704502,20.398573,16.613691,19.39079,16.440628,14.3806925,19.78414,18.358112,15.075572,14.917741,19.627163,18.224384,21.301434,20.765778,21.305645,22.505754,23.652029,23.42319,26.095999,22.066473,19.61469,17.89914,18.357555,15.6504135,17.202393,14.995383,17.888798,17.113907,20.75076,18.780998,18.804384,16.010265,14.222271,10.466511,10.671906,7.121337,6.5164704,7.9145837,6.402386,9.754683,11.933717,12.383379,9.775855,13.344955,9.038381,13.742477,11.881246,16.160389
16,29.836266,28.822004,24.461874,22.847301,21.330458,20.38165,16.870996,17.893044,13.396424,15.975435,13.564112,14.499975,12.668455,10.299449,7.581329,4.4534116,0.0,4.6303005,6.0654078,9.4336815,12.866801,14.922531,18.66122,17.083406,16.625906,16.291088,12.209276,12.56633,11.775564,13.905888,14.264602,19.634718,21.16937,22.266682,22.42793,22.829988,27.15183,26.901943,24.241558,25.279205,29.76562,27.402761,25.702822,30.130936,32.22229,29.506521,29.208096,34.68363,36.26792,37.02129,32.663403,33.63268,36.175404,34.475166,30.934845,26.636932,25.334019,22.077593,26.070694,28.636356,22.029955,21.443167,24.353903,26.828337,23.035564,18.864172,20.766758,17.462889,15.516631,20.344254,18.011759,14.252472,14.76323,18.827024,18.450033,20.918316,20.939356,22.45932,23.30395,25.411388,25.260689,28.052078,24.508528,21.795265,19.995928,19.605564,16.831503,16.74335,14.125121,16.34879,14.886884,18.63394,16.116302,15.441162,12.55639,10.363001,7.116324,8.64602,5.9513474,7.6959977,9.366159,10.10539,13.760765,16.048191,16.817974,14.126974,17.47448,12.38022,16.43227,13.594248,17.342472
17,27.230307,26.802542,22.080065,21.362326,20.286392,18.627172,16.436583,17.505224,13.608914,16.794937,14.619569,16.65649,14.978223,13.388283,11.133803,6.0675197,4.6303005,0.0,6.558057,6.4234195,10.227597,12.680258,16.570122,13.623882,12.649719,12.160539,7.6866746,8.683784,7.9838862,11.1346,12.365854,18.003605,20.217415,21.59859,20.703022,20.649275,24.996254,24.673935,21.367722,22.302288,26.946365,24.100317,22.09856,26.653028,28.824093,25.537073,25.118547,30.870193,32.29702,33.366875,28.99149,29.38801,32.185898,30.778696,26.97604,22.605686,21.425482,18.200518,22.463491,25.307152,18.929878,18.514523,21.808561,24.373697,20.87276,16.755936,19.079788,16.277922,13.066508,17.447235,15.952176,12.350679,11.404916,15.006383,14.298746,16.468548,16.347916,18.037853,18.793669,21.214106,21.28234,24.309402,21.123333,18.066551,16.05057,15.3865,12.496454,12.15571,9.805291,12.487214,11.948748,15.914116,14.267744,13.796694,11.604315,9.45087,6.4945087,6.9622974,6.5986676,6.236585,10.362289,9.669274,14.388019,17.137081,16.871958,13.64482,16.587284,10.520853,14.049998,11.41726,14.582156
18,27.724113,26.91027,22.956028,21.392504,20.849976,20.858738,17.475904,20.298925,16.272903,19.91647,18.383608,19.535004,18.354294,15.527633,13.316507,10.000946,6.0654078,6.558057,0.0,6.1031823,8.052687,9.62613,13.044062,12.954665,13.338395,13.599711,11.219517,12.094901,13.39147,15.573847,18.470257,23.520155,25.735153,27.437363,27.061588,26.804838,31.237486,31.183044,27.817936,28.50092,33.33304,30.489735,28.252605,32.71159,35.111584,31.417778,30.706903,36.713406,38.110813,39.496906,35.10385,34.81152,37.83955,36.702667,32.549374,27.991398,27.335407,23.929657,27.922977,31.411911,25.330042,24.489784,27.701527,30.57917,27.277134,23.032024,24.682116,21.510641,18.93347,22.787102,20.319817,16.405386,16.473059,18.944788,19.37581,20.42455,20.68649,23.21544,22.996296,26.196991,25.787405,28.413134,25.671291,22.949171,21.602427,19.81406,18.045486,16.03235,13.854453,15.389796,13.954712,17.866674,15.325374,13.141236,11.040136,7.5407486,7.24669,10.172716,10.211732,12.137906,14.8522625,15.469869,19.587513,21.912928,22.11517,19.182522,21.493818,15.593258,18.254345,14.405204,16.965073
19,26.28768,26.417786,22.017353,21.809252,21.873085,20.904957,19.265274,21.786661,18.393457,22.290098,20.662148,22.728973,21.281017,19.296991,16.698975,12.313701,9.4336815,6.4234195,6.1031823,0.0,4.738341,6.4575305,10.911808,8.577787,7.785666,8.689867,6.5664883,9.393867,11.126063,14.494847,17.693829,23.019289,25.765873,27.415272,25.802145,25.313192,29.573595,29.126036,25.184834,25.942423,30.667469,26.990772,24.670942,29.301632,31.506796,26.943974,26.368633,32.67619,33.59047,35.349476,30.823334,29.823547,32.890762,32.119022,27.601803,22.960726,22.864613,19.37724,23.25644,27.34829,22.014559,20.96124,24.403292,27.508732,24.875662,20.763083,22.361053,19.778996,16.238283,19.00254,17.255661,13.718099,12.486495,13.677059,14.377396,14.643386,15.193777,18.382668,18.134926,22.022703,22.15542,25.17349,23.099678,19.88017,18.089592,15.928625,13.813593,10.444994,8.487719,9.792363,9.3323345,13.373029,11.982057,10.019778,9.171322,6.2216444,6.872877,8.396464,10.964265,11.558918,15.780323,15.829543,20.701494,23.535137,23.042917,19.700079,21.954117,15.4434395,17.483486,14.209157,15.745125
20,23.31519,23.56309,19.66322,19.538797,20.369318,20.189161,18.810253,22.43123,19.595215,24.006561,23.113916,25.2843,24.463247,22.15177,20.428183,15.661862,12.866801,10.227597,8.052687,4.738341,0.0,3.5750194,6.439199,5.1006727,6.363649,7.25932,8.160227,9.896399,13.173166,15.587777,20.605656,25.135962,28.253431,30.538727,28.951288,27.800491,32.09214,32.191154,27.902374,28.109207,33.112362,29.690783,26.804146,31.081316,33.75819,28.937199,27.681538,34.10884,35.201534,37.400513,33.220978,31.222588,34.92371,34.639206,29.93105,25.394037,25.362135,22.269245,26.311264,30.47268,25.368973,24.741304,28.330246,31.318972,28.726856,24.831034,26.747522,24.360735,20.495247,22.91654,21.582981,18.223692,16.47951,16.63071,17.229345,16.252417,16.414352,19.82216,18.30062,22.650768,22.207705,24.732805,23.303886,20.49324,19.58074,16.311253,15.956129,11.995029,11.439665,12.495392,12.779235,16.483507,15.497883,12.752986,12.723093,9.496295,11.324449,13.11638,15.50338,15.907835,20.231363,19.618309,24.43696,27.069942,26.100782,22.781563,23.987549,17.477016,18.269693,14.50437,14.882671
21,25.851217,26.263903,22.656925,22.575403,23.636309,23.685127,22.208288,25.944098,22.974142,27.30824,26.23389,28.188984,27.120872,24.701609,22.344488,18.239119,14.922531,12.680258,9.62613,6.4575305,3.5750194,0.0,5.2044115,6.440357,7.477065,9.535667,10.877549,13.28533,16.358065,19.07373,23.664057,28.476332,31.522715,33.557163,31.815105,30.897795,35.126274,34.890644,30.611877,31.037241,35.876392,32.007973,29.348505,33.760075,36.169544,30.942556,29.989851,36.508568,37.217648,39.519028,35.1286,32.938576,36.360058,36.16697,31.263182,26.655825,27.202074,23.854984,27.390875,32.09061,27.451096,26.25113,29.69192,32.9814,30.774628,26.76883,28.060652,25.604752,22.077164,23.931137,22.105167,18.826815,17.645016,17.076286,18.582254,17.178911,17.977869,21.901094,20.482092,25.20733,25.037586,27.64385,26.505991,23.575212,22.423811,19.153866,18.392765,13.626313,12.786368,12.743685,12.459558,15.674726,14.557552,11.172124,11.819933,8.888064,11.982336,14.014332,16.96882,17.999153,22.023336,22.224253,27.058025,29.78946,29.14333,25.812384,27.38074,20.840229,21.800213,18.077501,18.347847
22,23.15477,23.6281,20.836264,20.780201,22.588774,23.472948,22.276443,26.858618,24.495588,29.141378,28.750957,30.781961,30.311121,27.670872,26.20105,21.708532,18.66122,16.570122,13.044062,10.911808,6.439199,5.2044115,0.0,6.6499166,9.5177145,10.841717,13.87845,15.120225,19.006907,20.78348,26.701773,30.725096,34.03692,36.656113,35.036354,33.52444,37.759335,38.10051,33.583855,33.477123,38.549446,35.09288,31.927238,35.916794,38.79734,33.549953,31.920858,38.398106,39.379192,42.025352,38.057816,35.060856,39.091003,39.308086,34.36014,29.942024,30.34938,27.450829,31.220057,35.751595,31.169903,30.4872,34.067184,37.15527,34.84493,31.036823,32.76947,30.451778,26.606974,28.446293,27.062416,23.863228,22.203276,21.259233,22.347143,20.230757,20.493433,24.2553,21.765734,26.583658,25.79963,27.78242,27.23098,24.839027,24.554811,20.534372,21.30596,16.675222,16.82818,17.03368,17.37913,20.408136,19.616297,16.129541,16.95414,13.929663,16.900196,19.001135,21.589924,22.320286,26.491264,25.994507,30.745932,33.265213,32.17775,28.914324,29.529858,23.184269,23.099918,19.16026,18.437904
23,20.54619,21.638668,17.78877,18.875637,20.413733,19.83953,19.968557,23.583118,21.603872,26.158232,25.62975,28.328775,27.738619,25.810482,24.50851,19.129011,17.083406,13.623882,12.954665,8.577787,5.1006727,6.440357,6.6499166,0.0,3.6136785,4.2876287,8.37363,9.931209,13.799795,15.94443,21.793041,25.675617,29.211382,31.81383,29.592438,27.868105,31.920858,32.21585,27.49646,27.31157,32.290287,28.76512,25.475658,29.407566,32.279053,26.99452,25.275265,31.760818,32.752136,35.42515,31.591223,28.514034,32.71931,33.003983,28.144907,23.859838,24.020414,21.45939,25.522135,29.712631,25.300846,25.094246,28.806206,31.611868,29.40529,25.953213,28.201092,26.414896,21.912186,23.53304,23.222332,20.4199,17.548788,16.442675,16.645601,14.366852,14.094071,17.674244,15.145955,20.01064,19.503376,21.838783,21.365894,18.678417,18.212875,14.133697,15.086081,10.576813,11.680578,12.656003,14.379752,17.594625,17.7825,15.428812,16.213043,13.619376,15.365568,16.339989,19.214405,18.684238,23.567926,22.10143,27.0372,29.72111,28.052803,24.670116,25.127436,18.742523,18.329088,15.151158,14.061568
24,22.63695,23.954124,19.664484,21.090836,22.249813,20.86616,21.31003,24.121439,21.990211,26.257498,25.278988,28.118994,27.11006,25.574635,23.727184,18.45494,16.625906,12.649719,13.338395,7.785666,6.363649,7.477065,9.5177145,3.6136785,0.0,3.319665,6.5023293,9.480187,12.529087,15.534377,20.310469,24.63843,28.094168,30.270567,27.599682,26.186195,30.095064,29.899477,25.186535,25.356562,30.068485,26.03217,23.059782,27.258736,29.730537,24.171612,22.943424,29.505215,30.132685,32.719933,28.617556,25.76458,29.60966,29.795969,24.86103,20.483612,20.932348,18.165794,22.025944,26.449986,22.364973,21.858452,25.52183,28.43957,26.554491,23.146116,25.157228,23.59353,19.010326,20.170517,20.085495,17.576471,14.400947,12.885945,13.235189,10.878864,11.003026,14.977128,13.184934,18.216797,18.407032,21.272816,20.701565,17.537193,16.311152,12.736048,12.517452,7.302318,8.44797,9.244734,11.508063,14.557225,15.267744,13.553859,14.531225,12.59002,13.9833355,14.272529,17.661366,16.826765,21.852915,20.577072,25.620913,28.514652,26.928127,23.470453,24.488224,18.05696,18.137293,15.551702,14.865033
25,19.884817,21.162739,16.645805,18.28289,19.371777,17.712837,18.635403,21.339188,19.617237,23.938505,23.296713,26.374613,25.723906,24.327925,23.243425,17.451044,16.291088,12.160539,13.599711,8.689867,7.25932,9.535667,10.841717,4.2876287,3.319665,0.0,5.2331705,6.841929,10.354411,12.761178,18.324211,22.076237,25.69729,28.256111,25.712513,23.874743,27.821384,28.114496,23.314346,23.088367,28.031631,24.574373,21.200123,25.131197,28.022867,22.901033,21.124733,27.595543,28.712713,31.281212,27.531826,24.676863,28.977901,29.170898,24.480848,20.298367,20.041555,17.757374,22.164265,25.900963,21.402325,21.665188,25.454466,27.975351,25.706964,22.529144,25.238894,23.811249,18.92323,20.600033,21.082048,18.581514,14.906302,14.127389,13.319509,11.376601,10.415888,13.566837,11.223214,15.901999,15.615091,18.306791,17.612932,14.646203,13.95229,9.983423,10.967357,7.1205206,9.042624,11.005589,13.576468,16.860447,17.543486,16.136528,16.607443,14.403596,15.008596,15.142474,17.855661,16.381006,21.582188,19.376802,24.300217,27.025877,24.990778,21.592636,21.961773,15.697862,15.169881,12.744937,11.673161
26,22.777294,23.471914,18.510231,19.474695,19.513775,17.189816,17.401087,19.00781,16.618523,20.479965,19.183504,22.21078,21.113464,20.041811,18.593287,12.881213,12.209276,7.6866746,11.219517,6.5664883,8.160227,10.877549,13.87845,8.37363,6.5023293,5.2331705,0.0,4.585129,6.2319474,9.975829,13.856698,18.526928,21.791216,23.847237,21.472763,20.26469,24.375774,24.277172,19.836382,20.162096,25.030447,21.560045,18.69028,23.10217,25.646023,21.128643,20.03465,26.351154,27.547922,29.4741,25.350628,23.970144,27.626867,27.102009,22.726538,18.358753,17.590939,14.842425,19.499363,22.871084,17.541903,17.687763,21.464657,23.983776,21.296036,17.828463,20.644724,18.993153,14.202639,16.773325,17.050802,14.350241,10.782294,11.788967,10.437414,10.619365,9.836707,12.292301,11.862792,15.470492,15.679263,18.895514,16.947403,13.5212345,11.735596,9.421979,7.846145,5.634745,5.8020716,9.0751915,11.127512,14.826757,15.0639925,14.480507,14.061413,12.147485,11.317392,10.856878,13.103526,11.197342,16.458076,14.283687,19.279081,22.13747,20.444977,16.981792,18.323576,11.872208,12.89,10.791691,11.562069
27,19.358416,19.649183,14.565259,15.333509,15.100747,12.610215,13.125151,14.854093,13.033882,17.186747,16.651249,19.939913,19.641953,18.544916,18.601028,12.257786,12.56633,8.683784,12.094901,9.393867,9.896399,13.28533,15.120225,9.931209,9.480187,6.841929,4.585129,0.0,4.4684777,6.1262,12.317503,15.7898245,19.314333,22.195139,20.438662,18.48398,22.759527,23.65884,19.254442,18.823856,24.120737,21.867989,18.405592,22.215921,25.483337,21.879847,19.907671,25.875347,27.887154,29.741941,26.258272,24.89426,29.142097,28.650528,24.715582,20.75548,19.051529,17.118637,22.243984,24.591225,18.694319,19.95753,23.740376,25.642757,22.316906,19.229187,22.93108,21.344225,16.550283,19.854477,20.54896,17.829468,14.266873,15.937711,13.673548,14.077982,12.264399,13.3313465,12.056103,14.622815,13.738552,16.350431,13.919132,11.14469,10.695984,8.0069685,8.94142,9.211059,10.09369,13.607088,15.561258,19.334658,19.32482,18.579596,17.761393,15.351041,14.093106,13.974121,14.870049,12.492661,17.500446,13.939989,18.504812,20.91511,18.553442,15.26642,15.247216,8.958481,8.835983,6.391848,7.1087985
28,22.49491,22.648449,17.427406,18.082876,17.018652,13.598518,14.088819,13.977815,11.912424,15.173881,13.941638,17.45199,16.727253,16.40924,16.369326,10.19574,11.775564,7.9838862,13.39147,11.126063,13.173166,16.358065,19.006907,13.799795,12.529087,10.354411,6.2319474,4.4684777,0.0,4.7134223,8.035866,12.341765,15.612972,18.021698,16.139936,14.636286,18.976807,19.55362,15.437685,15.44777,20.58918,18.451876,15.434524,19.506567,22.43302,19.524277,18.118141,23.731369,25.791973,27.088411,23.467108,23.318247,27.026506,26.0114,22.534231,18.736769,16.43898,14.565763,19.778772,21.412796,14.958932,16.56891,20.231743,21.835943,18.16001,15.169671,19.28833,17.879696,13.141072,17.0351,18.120338,15.714267,12.105471,15.0074625,11.99639,13.925985,12.099295,12.076835,12.472836,13.772438,13.544359,16.572714,13.235729,10.113001,8.505962,8.166899,6.8386216,9.621843,9.761596,13.669469,15.454581,19.017239,19.042822,19.199684,17.93926,16.153131,13.745104,12.749852,12.908096,9.49992,14.394079,10.094876,14.587416,17.118996,14.695105,11.320931,12.1559,5.914254,7.648311,7.058899,9.3198805
29,19.702805,19.37681,14.267139,14.649315,13.073089,9.155722,10.282905,9.744733,8.82201,12.277222,12.256397,16.043135,16.43121,16.138279,17.855925,11.604305,13.905888,11.1346,15.573847,14.494847,15.587777,19.07373,20.78348,15.94443,15.534377,12.761178,9.975829,6.1262,4.7134223,0.0,8.324996,10.093114,13.704673,17.257524,16.273352,13.772678,18.140482,20.004436,16.13062,15.128606,20.574907,19.955591,16.409058,19.510735,23.185211,21.314766,19.004372,24.01229,26.88885,28.128117,25.311348,25.038515,29.287704,28.40615,25.39066,22.076096,19.142426,18.128242,23.477095,24.220684,17.660845,20.198366,23.71333,24.692348,20.599813,18.209682,22.885548,21.601591,17.123936,21.239948,22.574781,20.18995,16.719435,19.585493,16.267914,17.859495,15.443108,14.534724,13.986937,14.152325,12.6869955,14.746353,10.825546,8.977867,9.400862,8.87385,10.291015,13.604027,14.3292265,18.213654,20.033499,23.679874,23.56913,23.42387,22.034142,19.830936,17.476715,16.930222,16.261652,12.969315,17.1294,11.838786,15.295875,17.079351,13.803622,10.949461,9.39811,4.0978804,3.0819204,3.5932343,6.271397
30,27.689268,27.353334,22.334389,22.51891,20.253422,16.094074,16.345802,13.104401,11.390504,11.915929,9.725717,13.360432,12.356847,13.945265,14.879425,10.499815,14.264602,12.365854,18.470257,17.693829,20.605656,23.664057,26.701773,21.793041,20.310469,18.324211,13.856698,12.317503,8.035866,8.324996,0.0,6.539487,8.46982,10.0384245,8.975175,8.566052,12.927362,13.537564,11.022473,11.622391,16.026245,15.550743,13.745097,17.258034,19.612198,19.21295,18.581144,22.570877,25.09425,25.092308,21.883783,24.15753,26.875212,24.909027,22.87642,20.004267,16.494732,15.496801,20.19701,19.641876,12.406753,15.195047,18.009945,18.363024,13.583156,11.560717,16.654997,15.738557,12.302194,17.144793,18.782402,17.191652,14.528904,18.97301,15.32821,18.962278,17.184795,15.29948,17.434332,16.257788,16.43461,19.129625,14.619071,12.402158,10.436389,13.357842,10.917337,15.946137,15.375955,19.04791,20.23769,23.242891,23.081202,24.262306,22.33382,21.262495,17.601093,15.864908,14.050753,9.816788,12.3775625,6.2061653,8.444087,10.507698,7.370209,4.3431153,6.9425254,5.2762737,9.178463,11.2892885,14.559504
31,26.497791,25.951689,21.397104,21.748795,19.071732,14.340122,15.911588,11.035417,11.74193,11.015981,10.703603,14.442784,15.010553,17.001106,19.797062,15.612777,19.634718,18.003605,23.520155,23.019289,25.135962,28.476332,30.725096,25.675617,24.63843,22.076237,18.526928,15.7898245,12.341765,10.093114,6.539487,0.0,4.0770407,8.417378,8.670808,5.765482,9.681452,12.852133,11.098808,9.8350935,14.152681,16.414373,14.064242,15.667128,18.890537,20.318653,18.6346,21.244032,24.84539,24.600117,22.817663,25.029858,28.300495,26.582638,25.403673,23.430658,19.183731,19.579174,24.26987,22.357637,15.847438,19.89441,22.36577,21.638454,16.8992,16.394548,21.856987,21.555725,18.284754,22.584188,24.940155,23.630045,20.592058,24.499151,20.332619,23.402485,20.887674,17.908499,19.28085,16.485838,15.73268,17.23263,12.332156,11.952061,11.93181,15.037939,14.949073,20.534431,20.86925,24.684586,26.349146,29.36639,29.43928,30.439644,28.615395,27.232544,23.773409,22.283607,20.333017,16.278294,18.357058,12.076627,12.258614,12.684629,7.905614,7.3641763,3.9372747,8.041007,8.752556,12.648322,15.048479
32,30.20853,29.400848,25.04733,24.992786,21.987074,17.606928,18.432945,12.954764,13.440674,11.221367,10.499323,13.515775,14.024097,16.763325,19.828918,16.8417,21.16937,20.217415,25.735153,25.765873,28.253431,31.522715,34.03692,29.211382,28.094168,25.69729,21.791216,19.314333,15.612972,13.704673,8.46982,4.0770407,0.0,5.0943265,7.710083,6.5463996,9.247683,12.280314,12.221989,11.591761,14.625842,17.642395,16.260315,17.512896,20.048735,22.471294,21.369747,23.20636,26.73769,25.85041,24.227077,27.46107,30.081581,27.937511,27.335512,25.641356,21.322147,21.740015,25.976103,23.448238,17.072369,21.004755,22.929571,21.758385,16.827719,16.794617,22.032148,21.803793,19.441479,23.91899,26.09221,24.987852,22.574255,26.945002,22.90939,26.45971,24.195492,21.149197,23.024345,20.037226,19.557615,20.973436,16.136156,15.882549,15.497925,18.950918,18.151035,23.789398,23.690626,27.381182,28.670961,31.537687,31.391273,32.655247,30.562984,29.402086,25.60405,24.022112,21.468948,17.633013,18.565372,12.692879,11.18805,10.696508,6.0587363,7.372292,5.371397,10.904298,12.498997,16.020851,18.822308
33,34.897015,34.227962,29.697664,29.656466,26.687452,22.39346,22.764376,17.489988,17.094095,14.521391,12.600425,14.775367,14.136947,17.588966,19.620605,17.95723,22.266682,21.59859,27.437363,27.415272,30.538727,33.557163,36.656113,31.81383,30.270567,28.256111,23.847237,22.195139,18.021698,17.257524,10.0384245,8.417378,5.0943265,0.0,5.620417,7.8001084,9.144101,10.195641,11.906485,12.70026,14.203557,16.860806,16.899529,18.410007,19.675974,22.617647,22.645226,24.022812,26.941994,25.373018,23.43463,27.950844,29.495928,26.774313,26.714397,25.2925,21.128332,21.417889,24.87629,21.819458,15.828357,19.340805,20.514862,18.934214,14.019528,14.599745,19.333992,19.437986,18.181025,22.47206,24.585243,24.018337,22.27402,26.996496,23.197931,27.374691,25.588524,22.565302,25.39673,22.462168,22.79257,24.692072,20.04195,19.199331,17.781162,21.84121,19.64016,25.282694,24.643702,28.00008,28.924427,31.347132,31.18152,33.00238,30.783737,30.197487,26.082859,24.087585,21.331038,17.64072,17.464186,12.630081,9.852507,9.148927,6.270735,8.348461,9.7000065,14.012518,16.69105,19.84833,22.951225
34,33.830376,33.841064,28.983139,29.79385,27.385015,22.59377,23.942148,19.345848,18.907972,17.64254,15.599681,18.486101,17.309658,20.309122,21.125399,18.55094,22.42793,20.703022,27.061588,25.802145,28.951288,31.815105,35.036354,29.592438,27.599682,25.712513,21.472763,20.438662,16.139936,16.273352,8.975175,8.670808,7.710083,5.620417,0.0,4.7616773,6.1211805,5.3875337,6.487747,8.250903,9.608147,11.265091,11.680213,13.655387,14.486047,17.112324,17.613676,19.129326,21.629477,20.154135,17.868124,22.510403,23.887394,21.20047,21.14649,19.976162,15.711076,16.439606,19.74316,16.389551,10.665717,14.802025,16.075308,14.302292,9.634547,10.93642,16.113354,17.01546,14.976929,18.371325,21.459852,21.450184,18.936594,23.074203,18.982504,23.11153,21.325426,17.949682,21.36507,18.26526,19.379108,21.782364,17.613567,16.16582,13.977889,18.616045,15.869719,21.764519,21.472914,24.656332,26.105143,28.151846,28.66127,30.795736,29.03646,28.774475,24.909601,22.417786,20.715569,16.496284,17.434772,12.633726,11.753003,12.574889,9.656976,9.760399,11.463986,13.819136,16.104286,19.497932,21.982649
35,29.762997,29.883745,25.163979,26.332937,24.071112,18.994984,21.292082,16.729763,17.234701,16.49782,15.452473,18.926172,18.608086,21.110542,22.73583,18.990366,22.829988,20.649275,26.804838,25.313192,27.800491,30.897795,33.52444,27.868105,26.186195,23.874743,20.26469,18.48398,14.636286,13.772678,8.566052,5.765482,6.5463996,7.8001084,4.7616773,0.0,4.513511,7.3295817,5.977205,5.169397,8.557249,11.35807,9.927084,11.157775,13.591168,16.101904,15.225826,16.871855,20.213778,19.390089,17.807009,21.088093,23.658806,21.67372,21.285557,20.12284,15.544693,16.832994,20.870861,17.797226,12.168773,16.913147,18.857332,17.3354,13.067716,13.940287,19.458454,20.184103,17.064056,20.348831,23.713564,23.324846,19.987772,23.544329,19.059633,22.43438,20.008713,16.225094,18.752075,15.074181,15.543428,17.48797,13.233783,12.421368,11.284493,15.728431,14.604892,20.742676,21.22878,24.728474,26.723621,29.104733,29.80716,31.4765,29.93947,29.192421,25.677217,23.486338,22.128586,17.705782,19.706543,14.009221,14.053652,14.832953,10.704048,10.345566,9.524179,12.172673,12.960022,16.97553,18.789562
