,0,1,2,3,4,5,6,7,8,9,10,11,12,13,14,15,16,17,18,19,20,21,22,23,24,25,26,27,28,29,30,31,32,33,34,35,36,37,38,39,40,41,42,43,44,45,46,47,48,49,50,51,52,53,54,55,56,57,58,59,60,61,62,63,64,65,66,67,68,69,70,71,72,73,74,75,76,77,78,79,80,81,82,83,84,85,86,87,88,89,90,91,92,93,94,95,96,97,98,99,100,101,102,103,104,105,106,107,108
0,0.0,4.7552395,6.9602857,9.352639,12.6561165,13.989405,17.844696,21.422913,23.563028,26.904882,31.853367,34.537292,34.609924,32.89802,29.044352,26.600012,22.693012,21.59598,17.433113,15.236959,13.555656,10.982955,12.783551,9.040889,13.292573,16.781153,19.112646,18.88644,21.19057,20.060358,23.964949,22.328407,29.414692,26.39032,30.933872,32.674904,33.276962,33.14064,28.512281,24.636776,29.61999,25.678318,27.977861,26.107666,23.945515,23.560843,23.697811,21.908928,24.841423,28.44093,30.909664,29.877733,32.511066,35.190834,32.28489,34.943226,34.58703,36.103424,41.22611,39.291126,35.91539,38.19903,35.443775,38.315308,35.70186,41.484013,40.888718,38.506393,36.704826,33.66861,31.588684,33.809975,33.009197,37.81273,37.017914,41.40528,42.822834,44.688683,47.617226,46.77721,41.038914,38.375465,34.969402,32.330494,31.619722,26.4193,25.013914,20.058193,19.98408,16.97549,20.142244,23.120968,19.072884,19.309813,24.731535,25.35594,25.293571,27.60591,29.163225,29.778286,29.77053,29.3624,28.935247,29.453306,29.53067,29.257729,33.17934,32.98644,37.211987
1,4.7552395,0.0,5.205707,6.405424,9.123877,12.020139,14.440022,19.092447,20.648262,24.683756,29.34924,31.938742,32.62667,31.165495,27.657835,24.933563,21.425436,19.71845,16.129894,13.074332,12.939079,8.709282,12.420147,8.636335,13.20412,15.990598,16.931953,17.03117,18.655674,18.768076,21.668985,21.317646,28.131422,25.66873,30.152693,32.052197,33.23794,32.86285,28.378506,24.419847,28.766705,24.695059,26.316725,23.907923,22.507418,21.365738,22.135635,19.385193,22.864124,26.086592,28.787554,27.27884,30.751337,33.082344,30.568342,33.481773,32.558044,34.2852,39.38874,36.93,33.49266,35.3677,32.49898,35.067467,32.452824,37.9232,37.207718,34.527744,32.49432,29.75296,27.500145,30.062038,29.360458,34.13665,33.628574,38.006542,39.662037,41.760487,44.77176,44.41387,38.80707,36.028008,32.71661,29.710566,28.806114,23.595036,21.53623,16.836767,16.160685,13.132636,15.922354,18.81857,14.456182,14.636202,20.087988,20.894806,20.647905,22.858007,24.539219,25.287857,25.192741,24.853464,24.687737,25.15148,25.777262,25.408182,29.549494,29.66912,33.900185
2,6.9602857,5.205707,0.0,5.094359,7.01665,8.211309,11.792289,15.119099,17.558601,20.487709,25.940655,28.10942,28.634056,27.356714,23.358095,21.239477,17.507488,16.593021,13.298121,11.442043,11.674093,9.539084,13.913539,11.584578,16.46168,18.799395,19.657692,18.536251,19.340252,18.928722,20.82013,19.827213,25.817944,22.489035,27.301699,28.64402,30.062723,30.182713,25.648123,22.000177,27.044016,23.760015,25.10645,23.81636,23.282677,22.45866,24.057848,21.720625,25.66147,29.05667,31.235653,28.984463,32.47595,34.035976,31.102774,33.61962,32.31339,33.498936,38.51473,36.066704,32.631474,35.26871,32.91718,35.757214,34.01947,39.181114,39.012264,36.4471,33.75834,30.78879,27.832777,30.068045,28.599367,33.22718,32.08732,36.47792,37.67225,39.864258,42.532036,41.971886,36.416183,33.313267,30.231476,27.423418,27.166445,21.443766,20.711721,16.134352,16.540052,14.581015,17.511045,19.058441,14.889132,16.511753,21.10581,20.114014,20.199656,23.609875,25.072851,24.580683,24.327007,23.752054,22.745647,23.447214,22.921406,23.273653,26.901043,27.031845,31.188805
3,9.352639,6.405424,5.094359,0.0,3.751284,6.196285,8.728684,13.189979,14.500217,18.888296,23.074617,25.98449,26.482204,24.914215,21.74244,18.688128,15.420529,13.370384,10.09337,6.967952,8.213326,5.0170302,10.426539,9.133194,13.688287,15.11876,15.279928,13.820982,14.280809,14.352665,16.01269,15.812551,22.068962,19.750753,24.189241,26.11136,27.673218,27.22062,22.880749,19.012653,23.161926,19.505415,20.619875,18.854893,18.553282,17.484324,19.440702,17.032719,21.213717,24.58733,26.526833,24.006468,27.640987,29.015108,26.203947,28.841476,27.419453,28.804514,33.845005,31.293436,27.844765,30.267902,27.846882,30.727365,29.063295,34.29073,34.302032,32.02323,29.406786,26.094994,23.320347,25.324142,24.039795,28.768547,27.810644,32.20826,33.61345,35.6586,38.56248,38.08745,32.485565,29.647488,26.365046,23.412653,22.734217,17.340714,16.03957,11.259361,11.764185,9.964491,13.298705,14.886738,11.656106,13.843811,17.738892,16.95669,18.085665,20.949734,21.596691,21.350065,22.045326,22.134283,21.086828,21.044668,20.96868,20.060963,24.020643,23.702087,27.943178
4,12.6561165,9.123877,7.01665,3.751284,0.0,5.281855,5.319639,10.668866,11.625494,16.250647,20.476948,23.039194,24.111708,22.928118,19.934235,16.977335,14.205982,11.959039,9.968035,6.9832363,10.12766,7.408502,13.229012,12.4402275,16.682732,17.510138,16.614777,15.049746,14.362532,15.403568,15.338922,16.175972,21.41198,19.29237,23.675182,25.410328,27.559504,27.15306,23.056194,19.448292,23.175255,19.942747,20.215036,18.571358,19.439968,17.894533,20.657545,17.757925,22.33702,25.319382,27.18266,24.020607,28.274193,28.986961,26.408237,29.017717,26.943651,28.23234,33.12738,30.129185,26.672613,29.044865,26.811165,29.484085,28.269547,32.973057,33.122044,30.641796,27.508587,24.427423,21.111408,23.276272,21.668491,26.26184,25.262533,29.648062,31.050177,33.375427,36.175034,36.067318,30.655867,27.552797,24.524496,21.317114,20.801819,15.16088,13.920973,9.762777,10.249017,9.483084,12.109126,12.510882,9.240387,12.39258,15.470223,13.662676,14.902268,18.347645,18.95213,18.075304,18.622168,18.685936,17.401028,17.38892,17.259157,16.61361,20.563229,20.604517,24.822388
5,13.989405,12.020139,8.211309,6.196285,5.281855,0.0,6.198549,7.5351005,10.049962,13.119269,17.960981,20.62701,20.725393,19.25043,15.663302,13.085166,9.606216,8.492205,6.1627927,6.013191,8.243286,9.245011,13.748412,14.187424,18.382425,19.14546,19.156479,16.346529,15.5619755,14.932328,14.703701,13.692711,18.303482,14.997072,19.767754,21.030756,23.04686,23.12068,18.871803,15.552068,20.301119,17.957712,18.474869,18.478727,19.526243,18.96911,21.897762,20.24806,24.653946,28.058308,29.21497,25.851023,29.314316,29.571693,26.309921,28.30418,26.365526,26.954107,31.756363,29.271805,25.914928,29.359528,27.752647,30.951643,30.549793,35.247307,36.033787,34.086163,30.780409,27.163193,23.655619,24.955286,22.641085,27.0214,25.155746,29.486834,30.228592,32.298008,34.75343,33.960884,28.436983,25.23618,22.247866,19.644135,19.906334,13.972297,14.984425,10.942855,13.254197,13.313041,16.340769,15.978654,13.901064,17.52529,19.86465,16.789698,18.770815,22.738657,22.767282,20.910181,21.781149,21.83289,19.584133,19.513426,17.740887,17.338808,20.437527,19.816738,23.915834
6,17.844696,14.440022,11.792289,8.728684,5.319639,6.198549,0.0,6.7625155,6.5859323,11.868068,15.527651,17.981516,19.493866,18.64405,16.245264,13.2293825,11.527706,8.966521,9.314092,7.5847216,12.102358,11.049227,16.403448,16.784616,20.505919,20.456848,18.72034,16.469915,14.308944,15.923257,13.4429,15.274925,18.690107,17.009672,21.051994,22.562273,25.41842,25.011845,21.417625,18.34803,21.316298,18.961079,18.099033,17.195389,19.674007,17.974129,21.754,18.992151,23.810795,26.442955,27.73988,23.697453,28.272886,27.878452,25.397875,27.69077,24.832357,25.745434,30.33652,26.961008,23.58559,26.25281,24.58265,27.206566,27.042448,31.012226,31.737362,29.442146,25.63535,22.485434,18.465364,20.222792,17.860916,22.149912,20.73906,25.07402,26.2543,28.785013,31.38587,31.522108,26.3414,22.969616,20.271288,16.911581,16.805218,10.918098,10.722625,8.039463,9.571393,10.920569,12.663793,10.813273,9.363826,13.840608,14.723243,10.701217,13.201804,17.298597,17.034092,14.737657,15.799372,16.196495,13.965681,13.490695,12.550247,11.654552,15.347743,15.370457,19.561573
7,21.422913,19.092447,15.119099,13.189979,10.668866,7.5351005,6.7625155,0.0,4.6719747,5.7096267,11.12867,13.132094,13.705862,12.973602,9.693148,7.804342,6.2970614,6.1934943,8.645743,10.402253,13.800364,15.572745,19.86627,21.124092,24.852343,24.760265,23.754005,20.462996,18.097458,18.183365,14.8946495,14.937301,16.050457,12.923128,17.163708,17.579847,20.83647,21.234623,17.903212,15.829297,19.525684,18.887753,17.770626,19.159994,22.207106,21.48793,25.496609,23.910675,28.52844,31.435265,31.981562,27.627302,31.429422,30.230774,27.139452,28.569323,25.590485,25.453993,29.642538,26.742369,23.642254,27.620413,26.948023,29.996284,31.026146,34.60547,36.10945,34.354702,30.228762,26.744535,22.444569,23.11708,19.731874,23.315212,20.635433,24.684916,24.789753,27.155453,29.056242,28.498173,23.434578,19.647284,17.431053,14.956602,16.36593,10.366694,13.781592,12.136329,15.169922,17.050844,19.011045,16.456406,15.966689,20.55008,20.792118,15.435776,18.27492,22.959127,22.231827,18.596521,19.686222,19.878122,16.413855,16.08284,12.447553,12.62131,14.344696,13.679686,17.432224
8,23.563028,20.648262,17.558601,14.500217,11.625494,10.049962,6.5859323,4.6719747,0.0,7.1438475,8.950921,11.962537,13.273799,12.525972,11.307241,8.089808,8.547346,6.2221794,9.828299,10.484227,14.75762,15.82677,20.057964,21.697416,24.86073,24.063097,22.15034,18.955564,15.755775,16.956894,12.194508,14.172472,14.605407,13.456024,16.741056,17.85296,21.434643,21.084805,18.319178,16.263128,18.24579,17.468966,15.412718,16.29222,20.264927,19.043049,23.52921,21.70198,26.347326,28.812742,29.15375,24.40152,28.59886,26.894854,24.257114,25.80029,22.293665,22.375237,26.43909,23.028584,19.919128,23.484129,22.875484,25.707413,27.077501,30.260895,31.94478,30.339577,26.07763,22.555256,18.157633,18.603262,15.09623,18.66017,16.146162,20.292675,20.757364,23.252817,25.467354,25.421762,20.419338,16.7415,14.443793,11.3110695,12.302795,6.371963,9.745989,9.539489,12.55969,15.347809,16.684801,13.305708,14.287232,19.077251,18.072912,12.468438,16.32682,20.403666,18.862123,15.08813,17.1403,18.025946,14.65152,13.382933,10.501292,8.687411,10.900237,9.786621,13.8665
9,26.904882,24.683756,20.487709,18.888296,16.250647,13.119269,11.868068,5.7096267,7.1438475,0.0,7.7864375,8.067706,8.8171015,9.299626,6.3264494,6.985236,8.040632,9.502337,13.232562,15.693275,18.880465,21.168175,25.165625,26.739382,30.316568,29.96237,28.744875,25.227524,22.368435,22.454098,18.07044,18.171455,16.707542,13.655706,16.992075,16.299269,20.24939,21.150955,18.754057,17.901917,20.915203,21.656504,19.781448,22.248892,26.096945,25.525232,29.859291,28.533813,33.091568,35.772346,35.909782,31.159168,34.864243,32.81688,29.79787,30.678223,27.24845,26.438753,29.941723,27.042418,24.355024,28.751715,28.871115,31.78514,33.79614,36.57094,38.57572,37.042076,32.510952,29.206123,24.615263,24.71304,20.699442,23.310135,19.924433,23.409576,22.699327,25.160454,26.31982,25.754145,21.338787,17.150328,15.994405,14.242312,16.76739,11.834902,16.661804,16.464922,19.602365,22.066013,23.553822,20.1354,20.382906,25.113071,24.382582,18.075066,21.047472,25.963657,24.878498,20.232426,21.254519,21.40414,17.262184,16.922823,11.748152,12.866683,12.508165,11.801706,14.586512
10,31.853367,29.34924,25.940655,23.074617,20.476948,17.960981,15.527651,11.12867,8.950921,7.7864375,0.0,5.5827985,5.736004,5.8573093,8.658411,7.362754,11.309177,11.079856,15.848447,18.03058,21.42729,23.89446,27.089176,29.593975,32.254845,30.898552,28.985222,25.210962,21.521572,22.091269,16.063114,17.502193,13.315362,13.247457,14.287941,14.171131,18.652525,18.586084,17.691555,17.660103,17.905897,19.64521,16.427448,19.556526,24.556555,24.011719,28.747732,27.961649,32.14827,34.328506,33.645397,28.455784,31.87531,28.673594,26.057638,26.391296,22.349802,21.057665,23.764727,20.67029,18.478516,23.055113,24.094715,26.894375,30.124146,32.05452,34.835617,34.11601,29.590778,26.013994,21.724081,20.506783,16.104296,17.653437,13.555392,16.508293,15.255125,17.482256,18.580929,18.096779,13.880003,9.572758,9.079226,7.8433485,11.202159,8.949386,14.780079,16.59642,19.947405,23.32124,24.298834,20.204988,22.517124,27.292885,25.007889,18.838278,23.077312,26.874807,24.405272,19.685055,22.236057,23.386703,19.399546,17.72203,13.427837,11.628331,9.977381,6.867698,8.709718
11,34.537292,31.938742,28.10942,25.98449,23.039194,20.62701,17.981516,13.132094,11.962537,8.067706,5.5827985,0.0,5.489369,8.455659,10.016301,11.207607,14.525866,15.244829,19.806715,21.982407,25.526802,27.651094,31.437374,33.438488,36.538612,35.514862,33.5184,30.012705,26.360088,27.170982,21.299212,22.657572,18.640291,17.625986,18.930784,17.843767,22.397219,23.018293,22.188366,22.384329,23.267408,25.095547,21.998857,24.89505,29.866682,29.084349,33.856453,32.59839,36.98856,39.0465,38.656044,33.394096,37.188156,33.953747,31.53605,31.907541,27.73343,26.408817,28.760395,25.537374,23.572124,27.763258,28.860321,31.235703,34.522068,35.912624,38.544704,37.412712,32.508453,29.608458,24.951569,24.222834,19.773773,20.701193,16.803793,19.115713,17.49394,20.172691,20.403126,20.546902,17.552765,13.193219,13.949389,13.004167,16.241526,13.873521,18.98885,20.807713,23.697182,26.970186,27.615965,23.189867,24.861647,29.613096,27.247593,20.431183,23.861307,28.24709,26.310165,20.890001,22.403183,23.01502,18.67787,17.677483,12.318339,12.929423,9.70166,8.738483,9.056774
12,34.609924,32.62667,28.634056,26.482204,24.111708,20.725393,19.493866,13.705862,13.273799,8.8171015,5.736004,5.489369,0.0,3.7538342,6.7747207,8.8236685,12.57647,14.206831,18.64048,21.755096,24.44883,27.737564,30.68657,33.233395,36.116825,35.05648,33.736664,29.680515,26.350132,26.028187,20.655193,20.590302,15.533594,14.012228,14.741372,12.920473,17.439112,18.4557,18.06991,19.058445,20.090794,22.835577,20.117283,24.190872,28.789768,28.785887,33.303932,32.958195,37.068577,39.517662,38.68373,33.63111,36.53043,33.278336,30.294994,30.11839,26.45236,24.52686,26.742985,24.428822,22.647818,27.760593,29.189419,32.133404,35.595146,37.478325,40.432102,39.825012,35.27898,31.717283,27.449406,26.11184,21.686573,22.798342,18.451511,20.696827,18.533869,20.289194,20.32985,18.969093,15.560225,11.481952,12.094722,12.510407,16.228178,14.208097,20.313831,21.547266,25.130775,28.232483,29.531256,25.61705,27.369844,32.184547,30.31834,23.916933,27.706232,31.976,29.830103,24.858564,26.82964,27.549969,23.272285,22.162485,16.980444,16.718609,14.2828045,11.945053,12.442666
13,32.89802,31.165495,27.356714,24.914215,22.928118,19.25043,18.64405,12.973602,12.525972,9.299626,5.8573093,8.455659,3.7538342,0.0,5.639023,6.3507576,10.379005,11.940261,16.219332,19.626297,21.884195,25.675186,28.065807,30.962534,33.58372,32.413403,31.404581,27.10205,23.970003,23.096994,18.053177,17.343431,11.98187,10.482297,10.995688,9.410064,13.977901,14.789774,14.3730955,15.4962845,16.470844,19.443993,16.963884,21.49901,25.823263,26.20457,30.540173,30.684435,34.593246,37.23926,36.19822,31.328985,33.758945,30.651083,27.365751,27.04159,23.713743,21.66852,24.119398,22.222294,20.351284,25.862988,27.24866,30.547235,33.876366,36.2263,39.24251,38.910984,34.683193,30.68698,26.73897,25.144022,20.88883,22.41066,18.051907,20.579065,18.601543,19.882044,20.375372,18.314589,14.084833,10.33973,10.003723,10.815533,14.46334,12.51351,18.914843,19.769644,23.68523,26.6632,28.320019,24.819166,26.729109,31.497427,29.91576,24.001307,28.1044,32.097828,29.771461,25.289034,27.698713,28.621017,24.531672,23.190287,18.484835,17.284697,15.72323,12.65798,13.824424
14,29.044352,27.657835,23.358095,21.74244,19.934235,15.663302,16.245264,9.693148,11.307241,6.3264494,8.658411,10.016301,6.7747207,5.639023,0.0,5.045463,6.938671,10.178208,13.690584,17.510706,19.421482,23.326157,26.088402,28.443024,31.64036,31.152308,30.69918,26.508982,23.966372,22.662128,18.775091,17.051931,13.982745,9.888105,12.677695,10.842012,14.721323,16.32478,14.438511,14.807293,18.099096,20.183926,18.711338,22.729187,26.240726,26.64301,30.692968,30.541815,34.684082,37.713654,37.214863,32.64804,35.263733,32.999146,29.408634,29.532146,26.632765,25.037878,28.187183,26.306332,23.977734,29.334225,30.028435,33.45035,35.933735,38.935215,41.43763,40.583187,36.361645,32.452133,28.29486,27.51213,23.42655,25.759113,21.781723,24.887262,23.422983,25.043188,25.792885,23.920828,19.443684,15.690827,14.628473,14.442781,17.559334,13.696118,19.648169,19.215937,23.085875,25.460295,27.528175,24.526016,25.223604,29.922916,29.3733,23.485054,26.90436,31.488289,29.961315,25.589157,27.207193,27.585457,23.48271,22.843464,17.79417,17.89315,17.1092,15.0548315,17.142395
15,26.600012,24.933563,21.239477,18.688128,16.977335,13.085166,13.2293825,7.804342,8.089808,6.985236,7.362754,11.207607,8.8236685,6.3507576,5.045463,0.0,4.369236,5.7740326,9.929104,13.462518,15.686626,19.478083,22.024035,24.718853,27.550495,26.693592,26.001854,21.745127,19.044891,17.909105,13.731779,12.481298,9.977933,6.924802,10.096281,10.096257,13.897319,14.3211355,11.981609,11.446307,14.133765,15.584473,13.94007,17.693806,21.318474,21.640814,25.768114,25.688808,29.762808,32.75068,32.176044,27.622278,30.255312,28.09864,24.539003,24.910685,21.999262,20.761591,24.364323,22.288929,19.672886,24.898603,25.312786,28.864433,31.11526,34.423237,36.871304,36.172104,32.215645,28.020088,24.143291,23.245054,19.406607,22.215456,18.518955,22.033253,21.164206,22.687012,24.185764,22.461248,17.27436,13.772231,11.602433,10.747217,13.312982,9.152622,15.121434,14.63826,18.716192,21.215633,23.360449,20.562317,21.803902,26.45565,25.77889,20.46363,24.405725,28.407106,26.506891,22.702774,25.002504,25.825615,22.085701,20.906315,16.844103,15.387242,15.644927,12.9461,15.800305
16,22.693012,21.425436,17.507488,15.420529,14.205982,9.606216,11.527706,6.2970614,8.547346,8.040632,11.309177,14.525866,12.57647,10.379005,6.938671,4.369236,0.0,4.4356885,6.8059616,10.91649,12.492078,16.616503,19.201426,21.560225,24.752056,24.449379,24.399145,20.229597,18.284323,16.532955,13.949994,11.510621,11.728713,7.041258,11.739623,11.955808,14.749144,15.444786,11.941007,10.386223,14.987012,15.413593,14.952264,18.05668,20.62528,21.1012,24.766409,24.627779,28.735134,32.08526,31.905664,27.796116,30.349138,29.031769,25.230211,25.950323,23.622316,22.798409,26.880508,25.006096,22.137188,27.126858,26.950891,30.618029,32.06298,36.011955,38.02687,37.044685,33.323967,29.116302,25.359192,25.031145,21.59585,25.008287,21.748995,25.565722,25.085482,26.64657,28.378233,26.625849,21.257355,17.966824,15.42913,14.208339,16.06183,11.000044,15.855506,13.938117,17.9293,19.689787,22.353714,20.353994,20.590776,25.012999,25.382824,20.605902,24.017359,28.180725,26.869993,23.566698,25.411303,25.920416,22.448496,21.704134,17.948784,17.044184,18.1741,16.089373,19.406563
17,21.59598,19.71845,16.593021,13.370384,11.959039,8.492205,8.966521,6.1934943,6.2221794,9.502337,11.079856,15.244829,14.206831,11.940261,10.178208,5.7740326,4.4356885,0.0,4.7752986,7.703879,10.416169,13.742414,16.530876,19.081083,21.949194,21.193308,20.527317,16.434725,14.070537,13.090408,9.832842,8.9063835,10.416479,8.098468,12.153681,13.735444,16.501049,16.114466,12.685754,10.217504,13.464213,12.765829,11.908751,14.061279,16.978498,16.998323,20.942274,20.496342,24.705637,27.87717,27.75499,23.520988,26.45216,25.192776,21.65791,22.813534,20.2683,20.004229,24.41362,22.0953,18.971935,23.465183,22.921015,26.523592,27.710024,31.787493,33.677338,32.703808,29.127926,24.818607,21.234776,20.97896,17.845266,21.642717,18.854647,22.934713,23.069864,24.69712,26.982515,25.696966,20.100874,17.044409,13.95604,11.888998,12.857449,7.4192863,11.597363,9.619992,13.755444,15.793237,18.353577,16.386938,17.225527,21.628387,21.673136,17.39987,21.24581,24.824533,23.17761,20.370962,22.764494,23.680592,20.601997,19.377977,16.668213,14.496477,16.514877,14.254064,18.011637
18,17.433113,16.129894,13.298121,10.09337,9.968035,6.1627927,9.314092,8.645743,9.828299,13.232562,15.848447,19.806715,18.64048,16.219332,13.690584,9.929104,6.8059616,4.7752986,0.0,4.699859,5.852845,10.11735,12.428245,14.9113035,17.954248,17.733482,18.04081,13.990663,12.916597,10.797008,10.428319,7.7939796,12.563542,9.669852,14.1535845,16.065716,17.732933,17.316734,13.100213,9.578535,14.202699,12.182299,12.986522,14.218785,15.401657,15.812665,18.914434,18.70717,22.718237,26.3545,26.565851,23.067673,25.579681,25.389565,21.60538,23.083324,21.44441,21.626055,26.405119,24.529333,21.304535,25.456995,24.30994,28.039349,28.277128,33.12015,34.560448,33.487995,30.43843,26.048115,22.970932,23.134735,20.693813,24.928123,22.645803,26.830051,27.285797,28.731808,31.247879,29.768375,24.013414,21.347376,17.974176,15.992995,16.261488,11.104028,13.409415,9.686488,13.43699,14.270403,17.602745,17.024988,16.889156,20.70473,22.016455,18.961954,22.23758,25.53372,24.394478,22.525997,24.637236,25.368156,22.819525,21.893507,19.863071,17.903114,20.602142,18.666008,22.578445
19,15.236959,13.074332,11.442043,6.967952,6.9832363,6.013191,7.5847216,10.402253,10.484227,15.693275,18.03058,21.982407,21.755096,19.626297,17.510706,13.462518,10.91649,7.703879,4.699859,0.0,4.9426546,6.0531735,9.654067,11.57655,14.671923,14.380778,14.021591,10.61946,9.720997,9.113204,9.474506,9.235544,15.241381,13.840759,17.780779,20.198994,21.894781,20.952904,16.937181,13.095891,16.413374,13.010546,13.740531,12.812288,13.561342,13.010195,16.03616,14.818425,19.117756,22.615698,23.41311,20.096485,23.31051,23.725586,20.487677,22.714407,21.049013,22.077917,27.07705,24.717894,21.311922,24.41455,22.533792,25.92914,25.309366,30.426748,31.330044,29.910688,27.117937,22.936245,20.134315,20.968493,19.234434,23.863625,22.411072,26.746656,27.893179,29.543463,32.477,31.618418,25.902777,23.376768,19.867828,17.182426,16.492771,11.451274,11.285031,6.5161877,9.424817,9.661991,13.191747,13.426606,12.990011,16.413918,18.130112,16.232851,19.274054,21.934725,20.990786,20.050615,22.188517,23.062756,21.228113,20.204565,19.484056,17.054565,20.661945,19.199528,23.354935
20,13.555656,12.939079,11.674093,8.213326,10.12766,8.243286,12.102358,13.800364,14.75762,18.880465,21.42729,25.526802,24.44883,21.884195,19.421482,15.686626,12.492078,10.416169,5.852845,4.9426546,0.0,6.2667327,6.8594794,9.577819,12.411795,12.71291,14.280897,10.616231,11.520889,8.40192,11.778702,8.790535,16.03615,13.978463,17.927708,20.399052,21.06898,20.221483,15.841433,11.722705,16.095085,12.435875,14.7420025,14.349251,13.216156,13.944242,15.669308,15.785178,19.275652,23.33487,23.940647,21.510155,23.474073,24.637873,20.884726,22.845642,22.255215,23.134184,28.179012,26.678926,23.431486,26.83477,24.959457,28.661179,27.726112,33.357494,34.236374,33.165356,30.916477,26.500666,24.273268,24.800627,23.31743,27.89523,26.323778,30.54238,31.485739,32.71496,35.603798,34.10949,28.256506,26.103996,22.433603,20.388727,19.782286,15.311775,15.578447,10.820364,13.429582,12.697171,16.658262,17.853563,17.087294,19.804792,22.297798,21.05593,23.811491,26.26084,25.472271,24.916979,26.984766,27.73439,25.969725,25.100655,24.151276,21.890322,25.279423,23.50197,27.537806
21,10.982955,8.709282,9.539084,5.0170302,7.408502,9.245011,11.049227,15.572745,15.82677,21.168175,23.89446,27.651094,27.737564,25.675186,23.326157,19.478083,16.616503,13.742414,10.11735,6.0531735,6.2667327,0.0,5.973364,5.9137325,9.54681,10.287108,10.657024,8.997889,10.334324,10.174506,13.298491,13.302608,20.461687,19.299118,23.109497,25.741974,26.892942,25.78984,21.641642,17.519445,20.711855,16.283562,17.867628,15.303101,14.030618,13.103121,14.542751,12.597475,16.513748,20.170435,21.904102,19.781548,22.948,24.789034,21.9991,24.816196,23.914034,25.654068,30.773087,28.520481,25.128187,27.218452,24.53812,27.569006,25.534998,31.247591,31.289248,29.516462,27.51002,23.72708,21.742435,23.333014,22.627762,27.462208,26.818232,31.137007,32.78286,34.422394,37.636486,36.993195,31.291338,29.025423,25.414877,22.585411,21.273548,16.777796,14.690774,9.6421585,10.081178,7.788613,11.788643,14.299602,12.508398,14.243637,17.676693,17.998478,19.942852,21.666166,21.51195,22.067442,23.740305,24.44825,23.620472,22.889214,23.352491,21.105007,25.28018,24.30557,28.518435
22,12.783551,12.420147,13.913539,10.426539,13.229012,13.748412,16.403448,19.86627,20.057964,25.165625,27.089176,31.437374,30.68657,28.065807,26.088402,22.024035,19.201426,16.530876,12.428245,9.654067,6.8594794,5.973364,0.0,4.8291526,5.6835003,6.238003,9.438213,7.3101506,10.743673,8.203061,14.160395,12.628617,20.5685,19.919363,23.07811,26.140158,26.330511,24.841978,20.836319,16.684559,19.481571,14.556698,17.442993,14.954497,11.477091,12.015698,11.644131,11.912081,14.386069,18.6816,19.845772,18.856674,20.32249,23.055357,19.888987,22.510538,22.869453,24.663225,29.746176,28.413124,25.264835,27.407907,24.717293,28.0845,25.770851,32.051163,32.224228,31.225258,30.035192,25.780462,24.727568,25.592712,25.305422,30.024607,29.382309,33.498737,35.067062,36.103848,39.43127,38.194374,32.400463,30.796177,26.932816,24.697874,23.142815,19.657944,17.873787,13.14312,13.993507,11.763104,15.677154,18.68602,17.85887,19.045874,22.24918,23.171358,25.502592,26.587194,25.938713,26.930155,29.150185,30.116833,29.274794,28.243782,28.603962,25.732811,29.72848,28.077389,32.138695
23,9.040889,8.636335,11.584578,9.133194,12.4402275,14.187424,16.784616,21.124092,21.697416,26.739382,29.593975,33.438488,33.233395,30.962534,28.443024,24.718853,21.560225,19.081083,14.9113035,11.57655,9.577819,5.9137325,4.8291526,0.0,4.8783984,7.7862744,10.565374,10.452342,13.714068,12.631834,17.758768,16.890759,24.6832,23.492085,27.117996,29.88245,30.303217,29.128075,24.918621,20.745497,24.025846,19.189558,21.716003,18.79222,15.668396,15.334382,14.775824,13.54227,16.06257,19.959972,22.086945,21.44568,23.600533,26.691439,24.003328,26.907377,27.018795,29.016417,34.12224,32.405895,29.157755,30.863146,27.849745,30.794214,27.872263,34.07629,33.63281,31.978256,30.841026,27.208353,26.060051,27.711334,27.605387,32.438396,32.08893,36.31789,38.09138,39.481388,42.82232,41.953114,36.1933,34.25723,30.506166,27.912327,26.377607,22.354961,19.958643,15.070653,14.857352,11.646442,15.284224,18.996311,16.83685,17.119343,21.483204,23.106497,24.450115,25.463512,25.70025,27.123255,28.599508,29.193632,28.848782,28.274635,29.07532,26.887457,31.152239,30.143032,34.334225
24,13.292573,13.20412,16.46168,13.688287,16.682732,18.382425,20.505919,24.852343,24.86073,30.316568,32.254845,36.538612,36.116825,33.58372,31.64036,27.550495,24.752056,21.949194,17.954248,14.671923,12.411795,9.54681,5.6835003,4.8783984,0.0,4.1465592,8.625323,9.480015,13.727813,12.495422,18.571268,17.915106,25.810785,25.55966,28.517979,31.718962,31.749731,30.08617,26.23624,22.140608,24.37036,19.14633,22.019562,18.49342,14.155575,14.159349,12.06862,11.828552,12.937527,16.958445,18.968111,19.417217,20.633438,24.548388,22.1485,25.15257,26.011776,28.345211,33.306633,31.982157,28.950579,30.112549,26.881617,29.74419,26.30521,32.827053,32.24692,31.0926,30.741505,26.972187,26.719881,28.037277,28.542768,33.255505,33.26013,37.28348,39.25489,40.286762,43.8335,42.872597,37.17946,35.77033,31.890425,29.481962,27.498892,24.397415,21.517113,17.075506,16.613409,13.452705,16.718605,20.885834,19.652042,19.43637,23.311783,25.77259,27.44078,27.584593,27.354113,29.426579,31.42803,32.376953,32.255165,31.305937,32.508644,29.595152,33.926346,32.570587,36.641174
25,16.781153,15.990598,18.799395,15.11876,17.510138,19.14546,20.456848,24.760265,24.063097,29.96237,30.898552,35.514862,35.05648,32.413403,31.152308,26.693592,24.449379,21.193308,17.733482,14.380778,12.71291,10.287108,6.238003,7.7862744,4.1465592,0.0,5.542878,6.3482494,10.849877,10.039185,16.080938,16.211855,23.806944,24.554928,26.929792,30.478456,30.589247,28.481571,25.0366,21.052933,22.113142,16.679058,19.32926,15.262016,10.596518,10.529791,7.946591,8.412241,9.176615,13.460404,15.016298,15.468196,16.496592,20.461292,18.252163,21.406961,22.358477,24.92946,29.790508,28.493612,25.581375,26.404427,23.122307,26.000008,22.595488,29.204733,28.84657,28.141685,28.000553,23.941236,24.120155,25.022163,25.820694,30.38612,30.586123,34.43022,36.523384,37.339973,41.01212,40.112907,34.541435,33.479042,29.575502,27.236347,24.912876,22.590004,19.392561,15.503378,15.078937,12.486207,15.501137,19.4492,19.365967,19.422977,22.287443,24.837475,27.12277,26.832441,25.899673,28.103086,30.717272,32.061363,31.885391,30.499844,31.894632,28.27422,32.55773,30.88791,34.79964
26,19.112646,16.931953,19.657692,15.279928,16.614777,19.156479,18.72034,23.754005,22.15034,28.744875,28.985222,33.5184,33.736664,31.404581,30.69918,26.001854,24.399145,20.527317,18.04081,14.021591,14.280897,10.657024,9.438213,10.565374,8.625323,5.542878,0.0,4.9528656,7.895758,10.262406,14.1448145,16.594463,23.37714,24.977615,27.126957,30.795492,31.61731,29.275986,26.149426,22.261564,22.298056,16.896427,18.270258,12.994547,9.910364,7.6777887,6.525414,3.2837646,6.0155053,9.667007,11.881943,11.387129,14.398771,17.801718,16.533707,20.220106,20.194288,23.23384,27.99659,25.881418,22.915672,22.822468,19.150927,21.525913,17.782375,24.243008,23.667568,22.69023,22.492632,18.603954,19.031525,20.262257,21.566751,26.06884,26.859282,30.607243,33.11718,34.161995,38.000965,37.777035,32.45625,31.370138,27.626795,24.848892,22.0768,20.22414,15.802345,12.783387,11.268292,8.994266,11.064513,15.104029,15.913992,15.809492,17.688038,20.879541,23.340837,22.327963,20.992798,23.696295,26.623014,28.296932,28.457726,26.757984,28.90645,24.812119,29.271671,27.841852,31.632853
27,18.88644,17.03117,18.536251,13.820982,15.049746,16.346529,16.469915,20.462996,18.955564,25.227524,25.210962,30.012705,29.680515,27.10205,26.508982,21.745127,20.229597,16.434725,13.990663,10.61946,10.616231,8.997889,7.3101506,10.452342,9.480015,6.3482494,4.9528656,0.0,4.5631223,5.3199368,9.946751,11.670263,18.59698,20.185217,22.236868,25.932756,26.670897,24.33567,21.20853,17.36006,17.464231,12.072368,13.729324,9.200001,6.0549364,4.910713,5.6672153,5.6079783,8.801786,12.794277,13.432379,11.630206,13.971038,16.332212,13.873494,17.145504,17.01828,19.554495,24.53628,22.70627,19.623796,20.741955,17.696362,20.900284,18.523373,24.837406,25.21806,24.693998,23.757133,19.168821,18.834036,19.25708,19.69769,24.249773,24.272108,28.124104,30.17601,31.044676,34.717728,33.99613,28.478765,27.384731,23.527468,21.059666,18.598911,16.625227,13.410314,10.03064,10.308118,9.222828,12.213062,14.897341,16.212353,17.507515,18.862165,20.362177,23.57664,23.57137,21.785315,23.30329,26.537184,28.22609,27.607105,25.793104,26.984982,22.778475,26.87478,24.92041,28.711714
28,21.19057,18.655674,19.340252,14.280809,14.362532,15.5619755,14.308944,18.097458,15.755775,22.368435,21.521572,26.360088,26.350132,23.970003,23.966372,19.044891,18.284323,14.070537,12.916597,9.720997,11.520889,10.334324,10.743673,13.714068,13.727813,10.849877,7.895758,4.5631223,0.0,5.8816986,6.3512216,10.523107,16.119371,18.421612,20.194078,23.874336,25.274288,22.852802,20.091597,16.552206,15.807496,10.964283,11.058144,5.9607153,6.4658556,3.676249,7.9315476,6.748561,10.824,13.817266,13.98444,10.384509,14.06967,14.778042,12.52663,15.770585,14.34067,16.839712,21.799276,19.263264,16.008076,17.200426,14.351921,17.640923,16.206102,21.985554,22.873348,22.34654,20.686611,15.835191,14.927677,15.052901,15.178468,19.757877,19.737907,23.629631,25.746462,26.7846,30.480406,30.096455,24.690128,23.48016,19.739344,16.987156,14.318343,12.675997,9.067593,6.676608,7.4815364,8.287561,10.58852,11.796814,14.391175,16.549175,16.520147,17.144072,21.028076,21.169806,18.732456,19.691109,23.386528,25.347633,24.467066,22.307411,23.482134,18.78409,22.758776,20.68786,24.373373
29,20.060358,18.768076,18.928722,14.352665,15.403568,14.932328,15.923257,18.183365,16.956894,22.454098,22.091269,27.170982,26.028187,23.096994,22.662128,17.909105,16.532955,13.090408,10.797008,9.113204,8.40192,10.174506,8.203061,12.631834,12.495422,10.039185,10.262406,5.3199368,5.8816986,0.0,7.1222954,6.5611186,13.790331,15.32367,17.157757,20.904303,21.407059,19.065956,15.939985,12.171188,12.417795,7.081261,9.529487,7.2483873,4.8661833,6.5412474,8.525631,10.468678,13.198286,17.111338,16.585997,14.0752945,15.276316,16.363836,12.622098,14.946118,14.847099,16.47251,21.57179,20.308304,17.241846,19.909262,17.833761,21.746887,20.83462,26.737362,27.9979,27.940014,26.441366,21.41826,20.43148,19.944307,19.39027,23.734838,22.80795,26.6344,28.039091,28.61629,32.007256,30.59089,24.88295,23.84562,19.892015,18.02765,16.157337,14.178563,13.0956745,9.833507,12.181813,12.315222,15.579275,16.85134,18.48204,20.854488,21.748125,21.577944,25.370274,26.308956,24.195618,24.497242,27.90915,29.547571,28.12644,26.26521,26.301067,22.147322,25.617277,23.040249,26.704828
30,23.964949,21.668985,20.82013,16.01269,15.338922,14.703701,13.4429,14.8946495,12.194508,18.07044,16.063114,21.299212,20.655193,18.053177,18.775091,13.731779,13.949994,9.832842,10.428319,9.474506,11.778702,13.298491,14.160395,17.758768,18.571268,16.080938,14.1448145,9.946751,6.3512216,7.1222954,0.0,6.789602,10.105405,13.130223,14.377595,18.01639,19.876432,17.466553,15.152744,12.263622,10.794238,7.4792056,5.7207217,4.2852373,8.638746,8.157566,12.719222,12.97239,16.57268,19.321024,18.449995,14.014939,16.836758,15.48237,12.310124,14.264461,11.739472,12.940129,17.915743,15.37882,11.978881,15.261306,13.950344,17.879793,18.6711,23.383398,25.400585,25.327967,22.77089,17.664501,15.6741295,14.50644,12.9630375,17.151623,15.792384,19.71484,21.060757,21.94427,25.32851,24.430643,18.809906,17.450842,13.60773,11.201593,9.120777,7.679572,7.434048,6.671713,10.136425,12.55301,14.657666,13.613031,16.783403,20.218176,19.237434,17.46538,22.129988,23.404154,20.478321,19.637175,23.608105,25.5784,23.667173,21.324903,21.078943,16.229912,19.24642,16.3115,19.780527
31,22.328407,21.317646,19.827213,15.812551,16.175972,13.692711,15.274925,14.937301,14.172472,18.171455,17.502193,22.657572,20.590302,17.343431,17.051931,12.481298,11.510621,8.9063835,7.7939796,9.235544,8.790535,13.302608,12.628617,16.890759,17.915106,16.211855,16.594463,11.670263,10.523107,6.5611186,6.789602,0.0,7.975908,8.846814,10.775395,14.370118,15.066352,13.0265465,9.681128,6.0442204,7.4587936,4.419132,6.534505,9.054329,9.896836,11.833111,14.698463,16.553232,19.530405,23.166069,22.12379,18.804018,19.776735,19.206224,14.849627,15.753246,14.913703,14.939525,19.804386,18.88883,15.94295,20.443012,19.66016,23.910007,24.602835,29.664648,31.710222,31.797243,29.471146,24.354353,22.39489,21.230991,19.344465,23.225285,21.064148,24.799484,25.279694,25.736834,28.576843,26.45615,20.596052,19.267618,15.397151,14.327846,13.754907,11.417642,13.512172,11.040816,14.947525,16.198765,19.355047,19.046576,20.787142,24.214376,24.55308,22.425951,26.618557,28.687016,26.404865,25.204605,28.5491,30.018246,27.676386,25.893476,24.465595,20.75996,23.240643,20.127037,23.528988
32,29.414692,28.131422,25.817944,22.068962,21.41198,18.303482,18.690107,16.050457,14.605407,16.707542,13.315362,18.640291,15.533594,11.98187,13.982745,9.977933,11.728713,10.416479,12.563542,15.241381,16.03615,20.461687,20.5685,24.6832,25.810785,23.806944,23.37714,18.59698,16.119371,13.790331,10.105405,7.975908,0.0,6.460106,4.6051226,8.577157,10.463607,7.977826,7.2633147,7.399572,4.6352386,8.118689,6.2250924,12.184114,15.497259,17.11774,20.696741,22.550468,25.446596,28.394487,26.567265,22.433676,23.243078,20.631668,16.561588,15.934883,13.884698,11.962059,15.669197,15.061932,12.836459,18.83342,19.765762,23.962208,26.601831,30.297419,33.34453,33.98222,31.077616,26.004747,23.631615,21.287205,18.398129,20.960495,17.653725,20.626019,19.985422,19.907364,22.100578,19.208677,13.434469,12.412401,8.88998,9.752873,10.739028,10.613103,15.339172,15.300684,19.49127,21.947748,24.290272,22.387499,25.146688,29.217888,28.142422,24.555298,29.328482,31.75481,28.782455,26.348368,30.04414,31.698606,28.647371,26.546495,24.076056,20.249435,21.120863,17.136019,19.454147
33,26.39032,25.66873,22.489035,19.750753,19.29237,14.997072,17.009672,12.923128,13.456024,13.655706,13.247457,17.625986,14.012228,10.482297,9.888105,6.924802,7.041258,8.098468,9.669852,13.840759,13.978463,19.299118,19.919363,23.492085,25.55966,24.554928,24.977615,20.185217,18.421612,15.32367,13.130223,8.846814,6.460106,0.0,5.113122,6.470206,8.42929,8.463433,5.1426024,5.1355915,9.101506,11.398548,11.345663,16.29985,18.576328,20.21696,23.503004,24.91394,28.240229,31.691618,30.549677,26.684568,27.818878,26.094332,21.800701,21.576918,19.953787,18.342306,22.07442,21.424112,19.026594,24.797453,25.25702,29.381601,31.39484,35.441498,38.045273,38.01761,34.81158,29.98801,27.001003,25.541069,22.327324,25.315329,21.800358,25.124998,24.247803,24.764143,26.466784,23.568409,18.036268,15.908502,13.027586,13.383811,15.172966,12.411705,17.655725,16.260052,20.635578,22.528376,25.38571,23.69772,25.080109,29.305273,29.25128,25.115677,29.235676,32.608578,30.486378,27.62041,30.406923,31.441717,28.082314,26.706,23.328373,21.028229,21.83743,18.551908,21.249826
34,30.933872,30.152693,27.301699,24.189241,23.675182,19.767754,21.051994,17.163708,16.741056,16.992075,14.287941,18.930784,14.741372,10.995688,12.677695,10.096281,11.739623,12.153681,14.1535845,17.780779,17.927708,23.109497,23.07811,27.117996,28.517979,26.929792,27.126957,22.236868,20.194078,17.157757,14.377595,10.775395,4.6051226,5.113122,0.0,4.310322,5.991804,4.465873,4.6197944,7.195642,6.8911195,11.383999,10.628031,16.61586,19.279741,21.279415,24.51938,26.611227,29.454166,32.62605,30.787424,26.876915,27.272087,24.779121,20.528973,19.42867,17.907948,15.453942,18.402315,18.560808,16.809225,23.013672,24.234713,28.412651,31.185812,34.794834,37.923008,38.546974,35.522537,30.521887,27.943428,25.655478,22.498297,24.773373,21.062239,23.736465,22.431055,22.185867,23.671041,20.04676,14.727881,13.633871,11.023951,12.797236,14.668495,14.032636,19.390184,18.988857,23.319078,25.573471,28.149775,26.225054,28.478218,32.684547,31.94021,27.886642,32.44066,35.379665,32.66467,29.80977,33.13639,34.510193,31.126026,29.340273,26.082867,23.088501,23.363884,19.476126,21.431791
35,32.674904,32.052197,28.64402,26.11136,25.410328,21.030756,22.562273,17.579847,17.85296,16.299269,14.171131,17.843767,12.920473,9.410064,10.842012,10.096257,11.955808,13.735444,16.065716,20.198994,20.399052,25.741974,26.140158,29.88245,31.718962,30.478456,30.795492,25.932756,23.874336,20.904303,18.01639,14.370118,8.577157,6.470206,4.310322,0.0,4.594301,6.0597596,6.73539,9.955007,11.158917,15.547294,14.7647,20.634813,23.392378,25.259249,28.582523,30.414095,33.469025,36.6838,34.99028,30.972622,31.566322,28.979761,24.805246,23.620214,21.94155,19.281353,21.718662,21.857159,20.30999,26.573847,28.009598,32.048725,35.042786,38.37478,41.555534,41.993908,38.650646,33.84798,30.876747,28.722544,25.187742,27.172556,23.09712,25.556812,23.710402,23.606396,24.418934,20.574347,15.855616,14.301825,12.675534,14.783067,17.406218,16.303347,22.227997,21.857664,26.228127,28.517206,31.073719,28.834154,30.720297,35.125145,34.436565,29.753126,34.08197,37.54516,35.059475,31.650011,34.5738,35.675636,31.960724,30.473743,26.477646,24.345846,23.951637,20.303253,21.864117
36,33.276962,33.23794,30.062723,27.673218,27.559504,23.04686,25.41842,20.83647,21.434643,20.24939,18.652525,22.397219,17.439112,13.977901,14.721323,13.897319,14.749144,16.501049,17.732933,21.894781,21.06898,26.892942,26.330511,30.303217,31.749731,30.589247,31.61731,26.670897,25.274288,21.407059,19.876432,15.066352,10.463607,8.42929,5.991804,4.594301,0.0,3.985022,5.5577216,9.6755705,11.169588,15.69811,16.053574,21.985844,23.72092,26.24302,28.902016,31.465874,34.048275,37.49938,35.584114,32.110283,31.80996,29.650978,25.168495,23.627665,22.94082,20.196692,22.513477,23.607443,22.260715,28.52004,29.87047,34.112865,36.823975,40.561867,43.720295,44.429287,41.48416,36.45254,33.892723,31.643923,28.46477,30.60871,26.742887,29.152117,27.410137,26.888073,27.774828,23.475798,18.914959,18.115194,16.280188,18.484056,20.608772,19.695522,25.13403,24.224108,28.58784,30.46739,33.358837,31.702145,33.433296,37.60193,37.360424,33.191998,37.48091,40.76281,38.315685,35.325016,38.32672,39.434803,35.868114,34.40274,30.616344,28.344357,28.296457,24.599646,26.277231
