,0,1,2,3,4,5,6,7,8,9,10,11,12,13,14,15,16,17,18,19,20,21,22,23,24,25,26,27,28,29,30,31,32,33,34,35,36,37,38,39,40,41,42,43,44,45,46,47,48,49,50,51,52,53,54,55,56,57,58,59,60,61,62,63,64,65,66,67,68,69,70,71,72,73,74,75,76,77,78,79,80,81,82,83,84,85,86,87,88,89,90,91,92,93,94,95,96,97,98,99,100,101,102,103,104,105,106,107,108,109,110,111,112
0,0.0,4.3350825,6.073389,9.901445,12.556121,15.156839,18.52167,22.085077,25.18432,27.590265,31.576998,34.31992,37.718174,40.267376,40.35619,39.74172,35.78404,31.836737,34.71754,29.805046,33.97042,29.802515,33.068604,32.64133,27.664642,23.87013,26.22392,25.340254,29.547058,27.372437,33.9331,35.9586,40.37722,41.08826,44.755222,46.191658,48.3385,47.788948,44.216644,40.947464,39.599598,35.905342,33.517582,31.271627,26.274542,25.334494,19.642012,19.802662,13.4938345,12.383923,17.031101,15.856168,18.485142,19.505337,22.472437,25.278482,25.053493,28.713095,31.48175,35.037926,29.44347,27.748747,26.221767,24.226028,19.971046,17.940525,14.421492,13.015788,9.826154,11.328491,15.5359745,16.888378,21.103416,22.375414,27.023533,28.905434,33.33819,35.28923,39.776802,41.526257,44.075428,39.997116,39.668015,35.69332,32.008602,31.306767,26.249643,23.6287,19.733168,16.76184,13.640313,10.7563095,13.464645,10.18606,10.108837,13.376114,13.59502,15.846764,17.216984,16.295061,21.722921,19.037882,18.135984,23.215803,26.377823,29.249626,30.925459,28.415642,34.22662,29.736942,33.272,33.483192,35.95092
1,4.3350825,0.0,5.2380357,6.5664263,9.758201,12.819105,15.490778,19.88345,22.429588,25.373787,28.974289,31.98197,34.983276,37.796364,37.953884,37.841526,34.12456,30.355572,33.83855,29.257887,33.68542,30.176466,33.48791,33.71923,28.780647,25.359406,26.917942,25.340538,29.432934,26.517471,33.358295,34.382458,39.241444,39.332558,43.301903,44.401314,46.315228,45.831623,42.025112,38.96757,37.121357,33.75176,31.033081,28.744596,23.848928,22.384443,16.93634,16.300379,10.533917,8.382147,12.826381,11.574349,14.399156,15.66423,18.268332,21.164215,20.999496,24.603758,27.58571,31.100279,25.798206,23.698732,22.130867,20.059658,16.073149,13.933023,10.175951,9.50191,6.7339916,9.291345,13.8874655,15.134649,19.438742,21.01722,25.306477,27.769123,31.828775,34.206135,38.509018,39.9583,42.856117,38.958374,38.31048,34.494484,30.493563,30.455929,24.961275,22.9242,19.058287,16.39785,13.878039,10.9982195,14.23531,11.819188,12.6115885,16.174084,16.054981,18.159447,18.374157,17.447634,22.679956,19.57901,17.61851,22.487185,26.14958,29.237425,30.320768,27.501566,32.8901,27.977293,31.21122,31.041397,33.21715
2,6.073389,5.2380357,0.0,5.252316,7.352602,9.175323,12.994545,16.226845,19.377712,21.796608,25.787096,28.582651,32.09213,34.72532,35.189816,34.424175,30.741505,26.626894,29.94434,25.170248,29.350067,25.862179,28.79388,28.926971,23.881807,20.490248,21.746834,20.457275,24.46073,21.98368,28.59313,30.199879,34.803005,35.243385,39.146145,40.353786,42.40358,41.751545,38.154972,34.902428,33.57877,29.832146,27.529493,25.260265,20.24842,19.540037,13.752217,14.558338,8.100303,8.869191,13.630028,14.127096,16.331505,18.968616,20.85566,23.097652,21.91881,25.420881,28.07928,31.131683,25.133396,23.798134,22.035435,20.775702,15.707816,14.747509,11.732633,8.8536825,5.3034973,5.977988,9.676387,10.86532,15.07309,16.48678,20.979033,23.080616,27.36754,29.463352,33.90468,35.531803,38.194035,34.18765,33.784714,29.847643,26.066456,25.593132,20.409384,17.957916,14.138086,11.258086,8.686926,5.9448547,9.505713,7.9989886,8.646476,12.238723,11.842699,13.995497,13.413973,13.566762,18.414505,16.297356,13.951303,18.659206,22.505707,25.477222,26.894857,24.193468,29.82291,24.901594,28.692848,28.492504,31.2331
3,9.901445,6.5664263,5.252316,0.0,4.01359,6.7201447,9.066656,13.759811,15.970476,19.236208,22.615383,25.795992,28.718513,31.72169,32.276047,32.228176,28.912762,25.114521,29.242777,25.041548,29.508512,26.991983,29.952404,30.960932,26.140388,23.371086,23.599142,21.341314,25.05951,21.538876,28.42118,28.541903,33.73309,33.29286,37.581802,38.327034,40.053368,39.528564,35.616116,32.673176,30.623867,27.394585,24.561182,22.290268,17.40851,15.912047,10.489885,9.953706,4.4892964,4.2422395,8.471437,9.737797,11.811711,15.195831,16.2422,18.346853,17.00293,20.389027,23.290586,26.21812,20.536991,18.710836,16.850487,15.641197,10.666432,9.94167,6.9851274,4.431148,1.9902545,4.726295,8.551593,9.547713,13.613935,15.594092,19.311287,22.323906,25.95014,28.647167,32.779697,33.932816,37.07259,33.342983,32.453045,28.795996,24.586832,25.13661,19.378263,17.974638,14.39154,12.3440895,11.070783,9.082293,12.595261,12.231312,13.5469885,17.031412,16.346552,18.117517,16.37172,16.30187,20.608782,17.97815,14.364141,18.474644,22.87462,26.05384,26.61093,23.53832,28.457685,22.998186,26.310417,25.551437,27.875994
4,12.556121,9.758201,7.352602,4.01359,0.0,5.3685913,6.103322,10.322201,12.871472,15.687372,19.266834,22.23233,25.28496,28.071161,28.458866,28.332006,24.929108,21.192898,25.364704,21.326694,25.900183,23.728857,26.810638,28.30004,23.769741,21.517,21.448204,18.390345,22.107489,18.07901,25.126493,25.014849,30.20053,29.84001,33.92608,34.85824,36.729652,36.54553,32.760906,29.728354,27.744522,24.796387,21.576935,20.062572,14.719809,14.180134,8.720524,8.820033,5.3883543,7.051697,8.715028,11.177887,11.795606,16.036654,16.860523,17.931576,15.771624,19.10099,21.379473,24.15791,17.905025,17.115158,15.618943,14.697951,9.094451,9.11924,8.047315,3.1683931,3.051842,2.423743,5.563513,8.253576,10.951127,14.070842,16.892185,20.407331,23.697636,26.361866,30.571516,31.382265,34.51083,30.636599,29.363396,25.811016,21.531332,22.363434,16.267874,15.543199,11.803342,10.811439,9.950595,9.749259,13.307686,13.911668,14.391174,17.557463,16.201561,17.31283,14.885691,14.32246,18.050676,15.298986,11.053783,14.782999,19.313148,22.527962,22.806566,19.66678,24.464857,18.985695,22.358025,21.702887,24.19574
5,15.156839,12.819105,9.175323,6.7201447,5.3685913,0.0,5.6818066,8.405109,10.852931,13.911761,17.42277,20.579586,23.95342,26.97817,28.285406,27.608852,24.7881,20.642712,25.100977,21.139088,25.197868,23.594893,25.697687,27.105667,22.415432,20.29634,18.991566,16.726551,19.762794,16.354834,22.805767,22.726942,27.946356,27.347519,31.935,32.40119,34.051044,33.171078,29.332552,26.30146,24.631273,20.961512,18.674461,16.1238,11.262901,10.497989,4.646754,7.1291265,3.6684265,8.5610695,11.14285,14.44844,15.549467,20.093355,19.85658,21.00936,18.392193,21.154995,23.613304,25.501848,19.32899,18.422775,16.20769,16.650217,10.911982,12.593065,11.435912,7.7967086,7.2425585,5.9847236,4.468215,3.1862605,7.2191415,9.073827,12.632189,15.695908,19.231747,21.975775,26.062262,27.261602,30.389963,26.75801,26.050976,22.374268,18.213284,18.810633,13.292528,11.984496,9.225922,7.8108363,8.742988,8.366638,10.832936,12.781179,14.335476,17.091236,16.158075,17.596142,13.950213,15.76087,18.505186,17.480543,12.7539835,15.458049,20.382048,23.329063,23.816795,20.811085,25.387148,19.629065,23.469408,22.134985,25.087263
6,18.52167,15.490778,12.994545,9.066656,6.103322,5.6818066,0.0,6.0483074,7.054813,10.797712,13.644992,16.996367,19.68318,22.846832,23.790653,24.00646,21.354416,17.86243,22.950775,19.829567,24.230888,23.587105,26.083334,28.490793,24.431025,23.113913,21.520811,17.780407,20.597845,15.784763,22.4874,20.67542,26.369911,25.041397,29.599358,29.935787,31.458916,31.278852,27.284973,24.531237,22.026796,19.543549,15.917492,14.62481,9.431251,8.876108,4.838159,4.8735414,7.1842017,9.902539,8.968589,13.172326,12.719095,17.913158,17.079899,17.093807,13.778747,16.305437,18.281502,20.067387,13.690591,13.412828,11.716085,12.324602,6.5820603,9.314235,10.290578,6.958748,8.888513,7.869894,6.454236,7.727598,8.194653,11.87513,12.89009,17.329857,19.564692,22.730057,26.490168,26.746893,30.264215,26.762394,25.042463,21.896029,17.333387,19.327488,13.09446,13.8926935,11.381451,11.872078,12.880088,13.565831,16.309132,18.133581,19.047068,21.81241,20.33532,21.113775,17.372345,17.645119,19.872683,17.881792,12.611555,14.316407,19.281664,22.340372,21.751043,18.458944,22.078445,16.015799,19.114761,17.441202,19.922335
7,22.085077,19.88345,16.226845,13.759811,10.322201,8.405109,6.0483074,0.0,4.5501294,5.6196427,9.751479,12.413157,16.209799,18.811464,20.139786,19.217806,16.653816,12.661823,17.75352,14.827617,18.820227,18.984777,20.859789,23.736721,20.177792,19.768435,17.209627,12.934316,15.110109,10.052524,16.510906,14.893477,20.421896,19.558939,23.946093,24.583298,26.452389,26.360542,22.768606,19.60312,17.980757,15.227531,11.816593,11.715311,5.881283,8.943096,6.640397,9.628774,11.56611,15.465021,14.980424,19.147633,18.318596,23.550402,22.775045,22.134169,18.299778,20.308289,21.264244,22.259401,15.526159,17.074543,15.79746,17.177565,11.973626,14.877397,16.211926,12.1823,13.3337965,10.924415,6.802639,8.215174,4.545692,9.436833,8.444396,13.152397,14.972883,17.744884,21.707157,21.78279,25.014362,21.223402,19.339495,16.130898,11.630813,13.690575,7.301547,9.384467,7.9495645,10.372528,12.485342,14.852873,16.771639,19.632753,19.912464,21.886877,20.021124,20.123993,15.456929,16.45472,16.946026,16.38074,10.954168,10.622494,15.605104,18.26075,17.688313,14.679374,18.08851,12.141097,16.06756,14.3980055,17.884974
8,25.18432,22.429588,19.377712,15.970476,12.871472,10.852931,7.054813,4.5501294,0.0,5.0512958,6.7827024,10.405572,13.164058,16.507751,18.369545,18.393381,16.82274,13.668936,19.416018,17.599682,21.310104,22.505705,24.06669,27.392258,24.175304,24.06704,20.980923,16.750208,18.146044,12.945635,18.441391,14.695767,20.738956,18.478203,23.43488,23.22572,24.515438,24.424149,20.40851,17.798811,15.066893,13.178331,8.942468,8.999432,4.13557,6.4351306,7.309939,8.813259,13.274124,16.569908,14.868177,19.395527,18.214895,23.578758,21.850193,20.763597,16.636555,17.899273,18.783009,18.985088,12.821805,14.321806,13.001897,15.309801,11.139494,14.855036,16.837105,13.913281,15.808119,14.128709,10.697924,10.946483,7.8329973,11.418166,8.991114,14.196982,14.6837225,18.092785,21.27987,20.735046,24.496996,21.354763,19.02208,16.495575,11.865769,15.285163,9.69792,12.659214,12.185236,14.350645,16.675747,18.434208,20.28323,23.113232,23.91486,26.055254,24.36791,24.624886,19.919813,20.921247,21.331512,20.547642,15.114274,14.295493,19.008194,21.510109,20.175161,17.156261,19.18235,13.08433,15.959717,13.160154,16.0508
9,27.590265,25.373787,21.796608,19.236208,15.687372,13.911761,10.797712,5.6196427,5.0512958,0.0,4.8861957,6.828341,11.042356,13.346041,15.134258,14.016474,12.306494,8.875833,14.6150055,13.331509,16.654541,18.682396,19.927986,23.781761,21.288883,22.034687,18.632906,13.784268,14.555214,9.016496,13.992061,10.0654955,15.985467,14.372386,18.830185,19.273172,21.13973,21.6047,18.20026,15.123469,13.448574,11.868386,7.5734296,10.144792,5.9846454,10.655335,11.211581,13.613685,16.958244,20.624084,19.16374,23.51064,21.994165,27.303865,26.045078,24.538399,20.274406,21.474716,21.45614,21.46356,15.160635,18.10218,17.406775,19.455835,15.34192,18.627876,20.805643,17.163845,18.735502,16.343382,12.258201,13.363202,8.63248,12.557099,8.637874,13.480482,13.343047,16.013597,19.360168,18.400112,21.727255,18.17832,15.281527,12.897404,8.488274,12.184651,6.9877267,11.365283,11.605411,14.917478,17.35755,20.185442,21.737617,24.9096,24.972048,26.579721,24.518356,24.135117,19.24251,20.073503,19.199846,19.155182,14.15089,11.669245,15.77724,17.80803,16.27036,13.632602,15.156939,9.492995,12.913082,10.477553,14.300823
10,31.576998,28.974289,25.787096,22.615383,19.266834,17.42277,13.644992,9.751479,6.7827024,4.8861957,0.0,4.0355797,6.710959,9.967506,12.724152,12.745236,12.713841,10.8821535,16.700096,16.816408,19.546988,22.60415,23.454462,27.678865,25.62605,26.669514,22.862549,18.21362,18.23581,13.092343,16.483852,10.108599,16.192635,12.738153,17.721865,17.078348,18.230698,18.936863,15.186972,12.897445,9.846219,10.160397,4.5935106,9.041849,7.6097064,11.204881,13.857151,15.278206,20.037773,23.274998,20.950188,25.436132,23.595688,28.883038,26.864407,24.861916,20.449512,20.776098,20.351585,19.291563,14.076448,17.308756,16.861286,19.623991,16.734365,20.41506,23.077173,20.233824,22.275127,20.316626,16.549004,17.026276,12.686456,15.751942,10.978873,15.662942,13.9662075,16.98517,19.235106,17.345808,21.122538,18.457096,14.94179,13.752509,9.86759,14.6749735,10.963177,15.477729,16.265766,19.363401,21.96601,24.42722,25.92604,29.11722,29.5345,31.248001,29.295694,29.003353,24.061419,24.90378,23.947886,23.756319,18.793587,16.113392,19.769247,21.526234,19.295876,16.877892,16.6783,11.572662,13.350584,9.632209,12.593563
11,34.31992,31.98197,28.582651,25.795992,22.23233,20.579586,16.996367,12.413157,10.405572,6.828341,4.0355797,0.0,5.165348,6.785879,9.828939,8.923694,9.705895,8.773743,14.082026,15.337147,17.342363,21.334074,21.824535,26.472929,25.185553,26.882635,22.960188,18.117905,17.489529,12.665264,14.664344,7.2782164,12.963835,9.464489,13.927049,13.661775,15.250207,16.808943,13.78683,11.414183,9.3650675,10.735815,6.1344,11.77243,10.857914,15.0300665,17.36727,19.116722,23.446613,26.817848,24.527092,28.91792,26.845688,32.069576,30.294094,27.998405,23.55677,23.79518,22.751556,21.518175,16.563644,20.552269,20.493423,23.052902,20.24892,23.695068,26.505587,23.349411,25.278692,23.01846,19.073898,19.963997,15.12444,18.198633,12.96757,16.99531,14.6966915,16.955482,18.930569,16.45411,19.77661,17.096163,12.874329,12.465336,9.557013,14.355095,11.82085,16.712223,17.868948,21.417526,23.988543,26.959322,28.312702,31.641378,31.635729,33.035263,30.875923,30.183626,25.26884,25.891863,24.120256,24.334183,19.877356,16.273607,19.06178,20.269543,17.705322,15.846479,14.492937,10.565636,11.910976,8.484368,11.7548275
12,37.718174,34.983276,32.09213,28.718513,25.28496,23.95342,19.68318,16.209799,13.164058,11.042356,6.710959,5.165348,0.0,4.4165998,8.098142,9.946952,12.173736,12.903482,17.815792,19.810635,21.728813,25.997313,26.623333,31.43177,30.300968,31.981441,28.115677,23.232195,22.620722,17.772577,19.48635,11.518643,16.365192,11.595742,15.637492,14.302979,14.8464,17.078585,13.961399,13.007563,9.414183,13.024058,8.427217,13.90931,14.165526,17.116928,20.35259,21.090715,26.380936,29.153446,25.985596,30.30574,27.844788,32.8699,30.541967,27.723528,23.337793,22.761692,21.168941,18.99201,15.556047,19.769642,20.19111,23.021486,21.497099,25.000582,28.280054,25.866182,28.258745,26.419771,22.936935,23.7178,19.332085,22.286533,17.09766,21.206734,18.330412,20.843445,21.952404,18.839218,22.383787,20.608212,16.184044,16.6927,14.192403,19.185389,16.774408,21.576847,22.561129,25.894377,28.384054,31.021427,32.584377,35.750164,35.96848,37.615807,35.490005,34.898052,30.081228,30.349785,28.875877,28.513668,24.01078,20.627138,23.241547,24.447226,21.314028,19.48432,16.933018,13.621484,13.1093235,8.96875,10.253648
13,40.267376,37.796364,34.72532,31.72169,28.071161,26.97817,22.846832,18.811464,16.507751,13.346041,9.967506,6.785879,4.4165998,0.0,5.031264,6.430212,10.001045,12.127761,15.872333,18.971128,20.156195,25.104176,25.515095,30.616596,30.233353,32.44715,28.683788,23.664228,22.655174,18.205475,18.789682,10.907301,14.397702,10.123178,12.595172,11.937009,13.026961,16.51617,14.543392,13.61471,11.480145,15.321452,11.535797,17.386362,17.40472,20.986507,23.733524,24.819788,29.648304,32.552654,29.46855,33.68195,31.022917,35.969807,34.002556,30.971304,26.608927,26.12403,24.02084,21.98057,18.611246,23.389767,24.10792,26.604212,24.954987,28.193151,31.570097,28.799809,31.075138,28.957983,25.374044,26.608688,21.847229,24.964657,19.602715,23.279856,20.235088,22.034529,23.013943,19.56128,22.451813,20.654118,15.807716,16.973022,15.381614,19.970926,18.320496,23.254211,24.360909,28.028725,30.403957,33.492184,34.991417,38.225212,38.003174,39.382843,37.04997,36.078705,31.395767,31.329792,29.199966,29.092373,25.150455,21.114738,22.812672,23.470387,20.042738,18.850183,15.102215,13.432294,12.243646,9.046291,10.27142
14,40.35619,37.953884,35.189816,32.276047,28.458866,28.285406,23.790653,20.139786,18.369545,15.134258,12.724152,9.828939,8.098142,5.031264,0.0,5.876369,8.329972,11.913302,14.81896,18.35741,19.81941,24.510292,25.689972,30.919264,30.806227,33.052544,30.057945,24.523249,24.082512,19.272816,20.462723,13.71224,16.5869,13.840091,14.688402,15.422282,17.028263,21.082241,19.475813,18.322598,16.404917,19.793747,15.487606,21.215147,20.10367,23.692049,25.586246,26.335978,30.859377,33.33743,29.873156,33.73991,30.634087,35.273144,33.779114,30.366121,26.169764,25.792461,23.022783,21.483307,18.137106,23.595291,24.924767,26.725758,25.357391,28.043093,31.741106,28.94583,31.359076,29.261976,26.194004,28.302792,23.685059,27.503803,22.612717,26.575176,24.161585,25.836805,27.318981,24.070509,26.686155,24.431292,19.536297,20.345995,18.574924,22.751997,20.384853,25.256939,25.651432,29.400877,31.257578,34.545494,36.4204,39.33384,38.637848,40.073467,37.492195,36.235092,32.036396,30.904293,28.827662,28.016483,24.622644,20.526402,21.468836,22.019535,18.013405,17.04367,12.206347,11.88565,9.044784,7.0746603,7.230728
15,39.74172,37.841526,34.424175,32.228176,28.332006,27.608852,24.00646,19.217806,18.393381,14.016474,12.745236,8.923694,9.946952,6.430212,5.876369,0.0,5.0326834,8.533078,10.267214,14.428418,14.847715,20.232534,20.637524,25.940748,26.351582,29.093105,25.834072,20.637276,19.498636,15.593098,15.323484,9.361509,11.048417,9.816355,9.678754,11.835336,14.585725,18.484934,17.595926,15.676957,15.534072,17.922926,14.687057,20.439167,19.231115,23.738523,25.202196,26.995646,30.651016,33.845383,31.326033,35.342525,32.68643,37.57433,36.448498,33.54012,29.22644,29.419216,27.206331,26.094011,21.673838,26.83269,27.609423,29.477901,26.994413,29.766142,32.957104,29.436094,31.30141,28.720116,25.058325,27.056942,21.97057,25.450457,20.416658,23.60097,21.230305,22.11063,23.775715,20.740202,22.682213,20.02165,15.178411,16.073917,15.203089,18.653107,17.466139,22.20951,23.168718,27.17064,29.204247,32.923923,34.342793,37.55401,36.59715,37.553875,34.947052,33.447437,29.126255,28.56007,25.611757,25.931416,22.91643,18.181978,18.607405,18.564007,15.085476,14.784197,10.282307,10.827685,10.072067,9.213564,11.667188
16,35.78404,34.12456,30.741505,28.912762,24.929108,24.7881,21.354416,16.653816,16.82274,12.306494,12.713841,9.705895,12.173736,10.001045,8.329972,5.0326834,0.0,4.8108554,6.597019,10.209488,11.68288,16.224136,17.625803,22.83238,22.957159,25.45707,22.964033,17.302607,17.056667,12.609452,13.906372,10.06901,12.329357,12.796882,12.941427,15.884447,18.951727,22.203686,20.902107,18.293678,18.131124,19.270332,15.563767,20.748064,18.141985,22.792912,23.094479,24.994532,27.853762,30.943142,28.689985,32.449677,29.817162,34.580677,34.063084,31.351439,27.170595,27.945793,25.90209,25.693678,20.353012,25.511536,26.310696,27.585812,24.595453,26.916912,29.96292,26.10836,27.789225,25.080273,21.718224,24.434513,19.54699,23.60095,19.345823,22.759468,21.49337,22.407194,25.01452,22.721758,24.65621,21.171938,16.793863,16.468658,14.897296,17.68482,15.39786,19.824732,20.033985,24.036802,25.602144,29.507797,31.158945,34.100567,32.742718,33.700703,30.934864,29.261456,25.313583,24.056004,21.215836,21.139793,18.472565,13.680025,13.778492,13.930201,10.242483,9.782765,5.6420836,6.4469233,6.729779,7.610684,11.060677
17,31.836737,30.355572,26.626894,25.114521,21.192898,20.642712,17.86243,12.661823,13.668936,8.875833,10.8821535,8.773743,12.903482,12.127761,11.913302,8.533078,4.8108554,0.0,5.969285,6.9718323,9.556625,13.25883,14.709936,19.621534,18.974165,21.157747,18.493797,12.756722,12.86055,7.8835754,10.630687,8.214439,11.63375,12.675461,14.182593,16.882114,19.991005,22.131147,20.3563,17.127954,17.24045,16.949608,13.526471,17.879797,14.588687,19.514769,19.217459,21.694025,23.901854,27.382706,25.852837,29.692102,27.556242,32.490036,32.116276,29.982239,25.805988,27.048794,25.763592,25.96036,19.830196,24.31147,24.561672,25.850992,22.041815,24.438725,26.975069,22.761122,24.070175,21.156717,17.443954,20.037302,15.085138,19.113455,15.260958,18.593885,18.072102,19.029762,22.291029,20.726748,22.765444,18.749033,14.996856,13.5533495,11.385444,13.694463,10.8226,15.078588,15.27883,19.316996,21.006191,24.968786,26.456406,29.50869,28.236332,29.138826,26.464178,24.940657,20.72559,20.073965,17.303185,17.731606,14.61205,9.775834,10.948576,11.667445,9.096044,7.817864,7.464855,5.0586386,8.604974,8.89431,13.2342415
18,34.71754,33.83855,29.94434,29.242777,25.364704,25.100977,22.950775,17.75352,19.416018,14.6150055,16.700096,14.082026,17.815792,15.872333,14.81896,10.267214,6.597019,5.969285,0.0,5.40758,5.323428,10.264328,11.443049,16.675844,17.567905,20.627623,18.668554,13.412203,12.975186,10.268387,10.377801,11.1698065,11.371518,14.830352,13.901644,18.08078,21.779873,24.384245,23.6729,20.431652,21.700008,21.396654,18.84826,23.175993,20.029053,25.11266,24.31886,27.09509,28.456894,31.995886,30.859703,34.40191,32.26378,36.93873,37.1036,34.958202,30.949987,32.35371,30.784067,31.185387,25.15957,29.856375,30.264708,31.227495,27.301882,29.270365,31.635323,27.118427,28.023893,24.88587,21.38343,24.309744,19.494356,23.200365,19.746191,22.075718,21.719177,21.640404,24.84195,23.391613,24.402977,20.244406,16.82475,15.800055,15.139256,15.949426,14.708068,18.081753,18.358454,22.363884,23.632624,28.022345,29.249592,32.209496,30.231243,30.549068,27.677502,25.53406,21.973364,20.823095,16.846947,18.087894,16.681421,11.519727,9.94199,8.86784,6.576312,7.842117,6.732821,9.01961,11.491088,13.41223,17.183931
19,29.805046,29.257887,25.170248,25.041548,21.326694,21.139088,19.829567,14.827617,17.599682,13.331509,16.816408,15.337147,19.810635,18.971128,18.35741,14.428418,10.209488,6.9718323,5.40758,0.0,4.9672523,6.3421893,8.964776,13.512106,13.183233,15.678526,14.344982,8.729941,9.743354,6.898974,9.629475,12.681667,14.035314,17.490309,17.879843,21.559612,25.108198,26.794214,25.50095,21.850576,22.983963,21.43134,18.994661,22.177225,18.117386,23.018232,21.134762,24.246527,24.512453,28.16613,27.799534,31.12767,29.456818,34.05052,34.627075,33.065964,29.270205,31.21562,30.29966,31.321913,24.676558,28.682734,28.714127,29.35364,24.765423,26.432226,28.217665,23.387104,23.798704,20.50647,17.110636,20.302332,15.955194,19.722,17.438625,19.61647,20.523075,20.55295,24.535658,23.989016,25.153442,20.507175,17.984316,15.707147,14.325994,14.118717,11.898892,14.253815,13.855955,17.668629,18.591675,23.093235,24.308054,27.115612,24.93254,25.18812,22.286919,20.132113,16.662422,15.521942,11.543074,13.176603,11.894744,6.893842,5.625944,5.406016,5.519722,5.7561545,9.254654,9.040836,13.170238,14.981158,19.116076
20,33.97042,33.68542,29.350067,29.508512,25.900183,25.197868,24.230888,18.820227,21.310104,16.654541,19.546988,17.342363,21.728813,20.156195,19.81941,14.847715,11.68288,9.556625,5.323428,4.9672523,0.0,6.353576,6.1628113,11.453795,12.973612,16.582542,14.766552,10.524521,9.556528,9.432931,8.01646,12.77775,11.817794,16.74052,15.780542,20.106009,23.942984,25.70358,25.28411,21.689875,23.880949,22.443626,20.955927,24.39172,21.17943,26.360258,24.976048,28.420792,28.706474,32.652683,32.492825,35.931454,34.33803,38.9886,39.45224,37.84399,33.94732,35.709072,34.6427,35.289352,28.882826,33.051422,33.028824,33.958996,29.394384,31.258638,32.979176,28.11361,28.36193,24.99537,21.317263,23.94411,19.371962,22.36725,19.654993,20.859692,21.228882,20.352917,23.90919,23.288122,23.60062,19.074451,16.820427,15.179866,15.305355,14.333392,14.353394,16.498964,17.119888,20.885874,22.082651,26.657063,27.329494,30.382614,28.135983,27.866693,25.086191,22.731821,19.348953,18.995428,14.122511,17.034035,16.438204,11.676793,9.590631,7.6921988,8.389887,10.073039,11.519856,12.940484,16.343985,18.072895,22.116518
21,29.802515,30.176466,25.862179,26.991983,23.728857,23.594893,23.587105,18.984777,22.505705,18.682396,22.60415,21.334074,25.997313,25.104176,24.510292,20.232534,16.224136,13.25883,10.264328,6.3421893,6.353576,0.0,5.267056,8.216872,8.775981,11.791813,12.207808,8.571765,9.864712,10.519559,11.700756,17.629202,17.618969,22.257797,22.002289,26.068031,29.789577,31.053684,30.177576,26.355568,28.22136,25.916376,24.312317,26.718542,22.564293,27.27558,24.552599,28.070984,26.894691,30.637043,31.28339,34.17594,32.99456,37.24529,38.446136,37.382843,33.9032,36.242626,35.632988,37.062637,30.221605,33.811928,33.62105,33.931114,28.913738,30.105341,31.195038,26.1144,25.720364,22.323942,19.35973,22.494036,18.945507,21.933668,20.8789,21.849968,23.647385,22.873373,27.100231,27.336987,27.723803,22.898144,21.496712,18.915112,18.347792,16.389595,15.378372,15.883005,15.336694,18.405743,18.64893,23.284613,23.978695,26.505798,23.587513,23.007278,20.091125,17.350203,14.99572,13.892111,8.567973,12.242768,13.250259,9.867205,6.8601046,4.9696646,8.841901,10.227367,14.438302,15.068611,19.061926,21.235668,25.272715
22,33.068604,33.48791,28.79388,29.952404,26.810638,25.697687,26.083334,20.859789,24.06669,19.927986,23.454462,21.824535,26.623333,25.515095,25.689972,20.637524,17.625803,14.709936,11.443049,8.964776,6.1628113,5.267056,0.0,5.3564854,7.902404,12.17044,10.897082,9.097923,7.8749466,11.14557,9.071577,16.573418,15.190733,20.607044,19.988613,24.037569,27.781982,28.58998,28.298172,24.487268,27.299086,24.731436,24.231516,26.528662,23.275854,28.23979,26.176287,30.166567,29.199635,33.43928,34.369274,37.587143,36.63106,41.14988,41.94292,40.954643,37.25986,39.38673,38.87507,39.813046,33.0913,36.626827,36.164707,36.999367,31.874962,33.546562,34.510544,29.428835,28.929276,25.468048,21.853506,24.01862,20.116308,22.12753,20.618435,20.509647,21.891674,20.272707,24.15128,24.601778,24.254965,19.556772,18.847765,16.54181,17.233206,14.383753,15.561775,15.876731,16.717882,19.801838,20.771387,25.3126,25.286694,28.309435,25.797663,24.790985,22.245073,19.742668,16.825481,17.602242,12.120284,16.882145,17.227377,13.668501,11.719977,9.823149,12.768333,14.238443,17.25822,17.90582,21.89777,23.458195,27.681345
23,32.64133,33.71923,28.926971,30.960932,28.30004,27.105667,28.490793,23.736721,27.392258,23.781761,27.678865,26.472929,31.43177,30.616596,30.919264,25.940748,22.83238,19.621534,16.675844,13.512106,11.453795,8.216872,5.3564854,0.0,5.3508434,9.572111,9.913042,10.886818,10.296825,14.767556,13.1623335,21.216516,19.845259,25.263773,24.85133,28.704767,32.342617,32.60088,32.32032,28.446684,31.45455,28.227568,28.209663,29.684025,26.32769,30.927671,28.254368,32.46067,30.4312,34.691372,36.44931,39.345177,38.87239,43.145054,44.298477,43.792618,40.34763,42.77012,42.63929,43.884186,36.97636,40.039616,39.318806,39.952522,34.512016,35.888515,36.24864,31.115536,30.01862,26.619793,23.38303,25.260057,22.198154,23.480078,23.134295,22.182005,24.399889,22.43163,26.437855,27.6622,26.941828,22.323805,22.621126,19.972404,20.779694,17.002586,18.50085,17.391432,18.04812,20.249985,20.754412,25.04019,24.47617,27.219664,24.400114,22.70152,20.444942,17.832924,15.88487,17.336935,11.971868,17.66221,18.950214,16.627443,14.779419,13.122897,16.943832,18.278593,22.10326,22.444162,26.670118,28.266037,32.52941
24,27.664642,28.780647,23.881807,26.140388,23.769741,22.415432,24.431025,20.177792,24.175304,21.288883,25.62605,25.185553,30.300968,30.233353,30.806227,26.351582,22.957159,18.974165,17.567905,13.183233,12.973612,8.775981,7.902404,5.3508434,0.0,4.4996185,5.562915,7.519807,8.56799,12.633892,13.246532,20.801676,20.926474,25.442745,26.276415,29.53674,32.918507,32.718716,31.703735,27.714186,30.146906,26.34289,26.18481,26.823769,23.055235,27.194296,23.978687,28.236452,25.61392,29.894165,32.12872,34.901676,34.812584,39.02144,40.20192,40.105366,36.83943,39.457466,39.810513,41.28998,34.257072,36.70983,35.70747,36.237644,30.58507,31.857521,31.796198,26.709105,25.31678,21.985023,18.869526,20.538511,18.12088,19.186789,19.851753,18.968035,22.089306,20.678547,25.178465,26.841837,26.770853,21.994677,22.489838,19.102474,18.977549,15.082025,15.529411,13.397624,13.568534,15.244966,15.609752,19.778145,19.139317,21.88371,19.201132,17.608013,15.402302,13.076878,10.659496,13.184073,8.475087,14.560882,15.339781,14.093434,13.645421,13.200854,17.100779,17.456121,22.333498,21.27085,25.963552,27.166813,31.502764
25,23.87013,25.359406,20.490248,23.371086,21.517,20.29634,23.113913,19.768435,24.06704,22.034687,26.669514,26.882635,31.981441,32.44715,33.052544,29.093105,25.45707,21.157747,20.627623,15.678526,16.582542,11.791813,12.17044,9.572111,4.4996185,0.0,6.029883,8.809899,11.231506,14.291842,16.498676,23.359741,24.372585,28.273954,29.774881,32.68752,35.876408,35.38346,33.887653,29.892776,31.831356,27.640547,27.332663,27.181292,23.038353,26.511755,22.581318,26.729092,23.153416,27.239956,30.123053,32.52835,32.891594,36.816517,38.260593,38.644283,35.707127,38.585217,39.383133,41.21548,34.12683,35.95624,34.736736,34.9821,29.180853,30.104668,29.480139,24.512024,22.63921,19.508677,17.006031,18.540781,17.273064,18.033108,20.00374,19.161406,23.091932,22.15316,26.86677,28.908949,29.223932,24.502895,25.20216,21.44004,20.6172,16.834951,16.247065,13.081169,12.337825,12.861304,12.512006,16.299839,15.50689,17.867374,14.9837885,13.166413,11.082298,8.932856,7.1073666,10.607259,7.533751,13.296758,14.227382,14.556478,14.962681,15.337083,19.261429,19.018724,24.59681,22.739695,27.58339,28.648304,32.896965
26,26.22392,26.917942,21.746834,23.599142,21.448204,18.991566,21.520811,17.209627,20.980923,18.632906,22.862549,22.960188,28.115677,28.683788,30.057945,25.834072,22.964033,18.493797,18.668554,14.344982,14.766552,12.207808,10.897082,9.913042,5.562915,6.029883,0.0,6.1187882,6.622971,10.919517,11.996048,18.813108,19.864056,23.425673,25.434423,27.818815,30.783691,29.825989,28.383604,24.422188,26.737782,22.305193,22.752708,22.494404,19.168423,23.012562,20.137451,24.71587,22.267878,26.97112,29.491272,32.57714,32.844154,37.31373,37.937386,38.10175,34.750698,37.225685,38.01407,39.189613,32.2867,34.190254,32.76624,33.739323,27.998161,29.732029,29.433332,24.5412,23.136217,19.901785,16.157179,16.610722,14.273217,14.297279,15.344164,13.803179,17.425276,16.186424,20.854336,23.005812,23.286818,18.630621,19.706697,15.87271,15.484236,11.183367,12.033084,8.890458,10.174702,11.601183,13.068583,16.873112,15.720863,19.17012,17.580225,16.355019,14.671395,13.451517,9.284322,14.100537,10.804327,16.240828,15.226694,14.291639,15.688358,16.066072,19.160425,18.696568,23.445612,21.073881,26.005743,26.302137,30.720541
27,25.340254,25.340538,20.457275,21.341314,18.390345,16.726551,17.780407,12.934316,16.750208,13.784268,18.21362,18.117905,23.232195,23.664228,24.523249,20.637276,17.302607,12.756722,13.412203,8.729941,10.524521,8.571765,9.097923,10.886818,7.519807,8.809899,6.1187882,0.0,4.593729,5.4907355,9.224239,14.807157,16.757607,19.958164,21.965944,24.612532,27.737907,27.671314,25.929043,21.942858,23.53395,19.944422,19.040237,19.916702,15.815315,20.220182,17.454174,21.63384,20.244295,24.6902,26.09761,29.394138,28.953892,33.597847,34.153915,33.731663,30.174444,32.533848,32.853683,34.04642,27.090092,29.612581,28.633558,29.491251,23.986452,25.77446,26.253119,21.224207,20.547657,17.112453,13.118104,14.942342,11.409796,13.558555,13.243876,13.818418,16.600636,16.302444,21.043297,22.099176,23.128355,18.243977,17.724424,14.016832,12.556224,9.905134,8.319767,7.4181585,7.6306233,10.837492,12.291792,16.750978,16.94953,20.240057,18.469582,18.25185,15.838501,14.268269,9.673137,12.028738,8.396367,12.613381,10.729187,8.521557,10.334173,11.190201,13.587562,12.75707,17.548206,14.993293,19.930733,20.439629,24.828407
28,29.547058,29.432934,24.46073,25.05951,22.107489,19.762794,20.597845,15.110109,18.146044,14.555214,18.23581,17.489529,22.620722,22.655174,24.082512,19.498636,17.056667,12.86055,12.975186,9.743354,9.556528,9.864712,7.8749466,10.296825,8.56799,11.231506,6.622971,4.593729,0.0,6.1329255,5.4822574,12.565508,13.382426,17.164248,18.89302,21.50038,24.66898,24.343891,23.156935,19.163324,21.691244,18.098505,18.201954,19.420965,16.490854,21.294897,19.65131,24.028736,23.38677,28.094315,29.316067,32.93,32.420383,37.281166,37.401573,36.783466,32.97884,34.986492,35.12643,35.75263,29.063255,31.831015,30.800955,32.176533,26.865147,29.118513,29.792622,24.913544,24.434847,21.063763,16.654642,17.589027,13.446867,14.67136,13.090325,12.650306,14.484696,13.27989,17.726088,18.744274,19.196606,14.281063,14.150221,10.662624,10.639401,7.038643,8.664356,8.580548,10.7772665,14.001625,16.139887,20.319374,19.98892,23.65214,22.281567,21.783611,19.669994,18.197683,13.564772,16.546787,12.458244,16.982224,15.06375,12.021181,13.225074,13.228005,15.183236,14.911988,18.379038,16.41326,21.067621,21.208614,25.677732
29,27.372437,26.517471,21.98368,21.538876,18.07901,16.354834,15.784763,10.052524,12.945635,9.016496,13.092343,12.665264,17.772577,18.205475,19.272816,15.593098,12.609452,7.8835754,10.268387,6.898974,9.432931,10.519559,11.14557,14.767556,12.633892,14.291842,10.919517,5.4907355,6.1329255,0.0,7.2296767,9.911853,13.1059,15.283058,17.821346,20.131739,23.140799,23.52016,21.518951,17.63488,18.719685,15.896075,14.214834,16.19944,12.295508,17.306084,15.762065,19.572418,19.97505,24.310501,24.5481,28.324606,27.305655,32.287296,32.214516,31.19981,27.272982,29.169212,29.090355,29.766249,23.039349,26.099869,25.369303,26.662893,21.630638,23.984015,25.269053,20.518373,20.752047,17.464884,13.026416,14.855863,10.013819,13.152019,10.69953,12.787452,14.119741,14.576783,18.940632,19.009888,20.701523,15.994813,14.197406,10.860131,8.54365,8.135163,5.126714,7.822652,8.650978,12.714709,14.816681,18.97693,19.724916,23.148373,21.984219,22.451517,20.048042,18.776619,13.947226,15.328103,12.366519,14.7431755,11.435207,7.6588535,10.349378,11.472519,11.942789,10.563972,14.029278,10.754029,15.566196,15.468246,19.920908
30,33.9331,33.358295,28.59313,28.42118,25.126493,22.805767,22.4874,16.510906,18.441391,13.992061,16.483852,14.664344,19.48635,18.789682,20.462723,15.323484,13.906372,10.630687,10.377801,9.629475,8.01646,11.700756,9.071577,13.1623335,13.246532,16.498676,11.996048,9.224239,5.4822574,7.2296767,0.0,8.360951,7.923297,12.321906,13.456417,16.303335,19.685762,19.914148,19.30418,15.44829,18.519417,15.991165,16.184828,18.761816,16.848646,22.07865,21.721252,25.760223,26.470911,31.078299,31.402105,35.34122,34.320568,39.38735,39.046623,37.846935,33.74273,35.250767,34.844547,34.848103,28.60554,32.02136,31.297642,33.07716,28.306145,30.957531,32.29353,27.629902,27.768133,24.476366,19.875826,20.7966,15.884086,17.418192,13.977488,14.052517,13.839142,12.446289,15.971059,15.80834,16.09641,11.337434,9.959499,7.613476,8.909803,6.996444,9.89961,12.050668,14.629422,18.30335,20.726643,24.83908,24.762684,28.52242,27.364712,27.112263,24.920952,23.391409,18.740818,20.94434,16.69825,20.458303,18.199442,14.028257,14.740146,14.222189,14.831279,14.952005,16.43746,15.275009,19.20549,19.069273,23.411655
31,35.9586,34.382458,30.199879,28.541903,25.014849,22.726942,20.67542,14.893477,14.695767,10.0654955,10.108599,7.2782164,11.518643,10.907301,13.71224,9.361509,10.06901,8.214439,11.1698065,12.681667,12.77775,17.629202,16.573418,21.216516,20.801676,23.359741,18.813108,14.807157,12.565508,9.911853,8.360951,0.0,6.1614285,5.4167323,9.251356,10.386804,13.265659,14.331601,12.853035,9.353212,11.173075,10.730613,9.667798,14.180899,13.558802,18.65529,20.188107,23.267754,26.126047,30.293001,29.220846,33.556084,31.960623,37.22743,35.973564,34.122517,29.745155,30.453817,29.620302,28.713188,23.341757,27.13564,26.714375,29.11364,25.373678,28.627016,30.798061,26.869764,27.999493,25.161173,20.58138,21.242357,15.909263,18.054026,12.725537,14.80302,12.329091,12.803685,14.97465,12.787544,14.819038,11.356502,7.0120487,6.7763877,6.391023,9.679358,10.364276,14.7845,17.130724,20.976316,23.780453,27.35665,27.931297,31.67364,31.251947,31.865948,29.69822,28.621962,23.591896,25.120298,22.006582,23.957869,20.344685,15.99778,17.795263,18.048058,16.507687,15.731541,14.8995695,12.733258,15.323021,13.610212,17.483364
32,40.37722,39.241444,34.803005,33.73309,30.20053,27.946356,26.369911,20.421896,20.738956,15.985467,16.192635,12.963835,16.365192,14.397702,16.5869,11.048417,12.329357,11.63375,11.371518,14.035314,11.817794,17.618969,15.190733,19.845259,20.926474,24.372585,19.864056,16.757607,13.382426,13.1059,7.923297,6.1614285,0.0,6.3261986,5.623731,8.872322,12.634461,14.175089,14.745971,11.739263,15.337747,15.16615,15.451602,19.657518,19.40143,24.5422,25.807755,29.18186,31.48379,35.824726,35.054237,39.29051,37.688965,42.88954,41.896076,39.983906,35.621365,36.35883,35.247334,34.296886,29.06117,33.13984,32.834667,35.125317,31.291964,34.365887,36.453438,32.253555,33.099365,30.035807,25.428255,26.206434,20.911419,22.584745,17.638388,18.328493,15.758929,14.61798,16.035847,13.800024,13.959256,10.788074,7.0066447,8.515995,10.956446,11.983302,14.864816,18.420458,21.10038,24.949457,27.607258,31.519917,31.703655,35.52959,34.68108,34.73364,32.50576,31.01362,26.294838,27.894587,23.78819,26.64151,24.01576,19.26413,19.651628,18.8449,17.734182,18.134089,16.63616,16.599993,18.802124,18.042597,21.677599
33,41.08826,39.332558,35.243385,33.29286,29.84001,27.347519,25.041397,19.558939,18.478203,14.372386,12.738153,9.464489,11.595742,10.123178,13.840091,9.816355,12.796882,12.675461,14.830352,17.490309,16.74052,22.257797,20.607044,25.263773,25.442745,28.273954,23.425673,19.958164,17.164248,15.283058,12.321906,5.4167323,6.3261986,0.0,6.140803,5.1189957,7.879957,9.651217,9.249459,6.834416,9.597246,11.171498,11.272022,16.088394,17.166183,21.735563,24.312244,27.066921,30.60561,34.6843,33.252747,37.706882,35.973408,41.255882,39.545418,37.422386,32.98407,33.152523,32.028847,30.365955,25.94598,29.835112,29.526968,32.335804,29.213934,32.708057,35.09888,31.516296,32.856407,30.176624,25.602201,25.833555,20.61327,22.187645,16.485785,18.02181,14.22906,14.38836,14.776793,11.288385,13.043758,11.238201,6.2939043,8.977335,10.201845,13.485903,15.324091,19.57298,22.274918,25.978498,28.96406,32.35689,32.77505,36.62697,36.44128,37.021084,34.95455,33.921963,28.835878,30.528784,27.277271,29.286394,25.698317,21.289518,22.76473,22.697994,20.80161,20.354582,18.212296,16.896166,18.3042,16.15312,19.18893
34,44.755222,43.301903,39.146145,37.581802,33.92608,31.935,29.599358,23.946093,23.43488,18.830185,17.721865,13.927049,15.637492,12.595172,14.688402,9.678754,12.941427,14.182593,13.901644,17.879843,15.780542,22.002289,19.988613,24.85133,26.276415,29.774881,25.434423,21.965944,18.89302,17.821346,13.456417,9.251356,5.623731,6.140803,0.0,5.2395763,9.175517,12.654125,14.137095,12.449848,15.469501,17.238325,17.113518,22.099768,22.53835,27.376518,29.366516,32.183456,35.32443,39.360905,37.863163,42.157795,40.142704,45.3018,43.985172,41.581367,37.16234,37.393417,35.73978,34.22116,29.846016,34.339798,34.419044,36.874443,33.76526,36.941643,39.508766,35.643745,36.91386,34.021076,29.57884,30.469479,25.126947,27.051197,21.661192,22.848892,19.500551,18.7826,19.120228,15.82734,16.08105,14.391511,10.111403,12.970195,15.025022,17.114244,19.382345,23.42013,25.891861,29.812393,32.45206,36.283707,36.718487,40.489204,39.71281,39.970695,37.66014,36.138073,31.465696,32.539486,28.562073,30.796234,28.090101,23.171053,23.310577,22.4191,20.407982,20.934387,17.729357,18.533073,19.307018,18.318344,21.072325
35,46.191658,44.401314,40.353786,38.327034,34.85824,32.40119,29.935787,24.583298,23.22572,19.273172,17.078348,13.661775,14.302979,11.937009,15.422282,11.835336,15.884447,16.882114,18.08078,21.559612,20.106009,26.068031,24.037569,28.704767,29.53674,32.68752,27.818815,24.612532,21.50038,20.131739,16.303335,10.386804,8.872322,5.1189957,5.2395763,0.0,3.9962196,7.868712,9.677839,9.187244,12.10767,14.872764,15.487374,20.241888,21.981834,26.265486,29.22955,31.787977,35.60729,39.605564,37.92557,42.39311,40.490097,45.729332,43.83666,41.457706,37.0155,36.843063,35.376972,33.261536,29.56406,33.64314,33.532173,36.470345,33.768394,37.300194,39.877186,36.43495,37.886776,35.241043,30.704445,30.8946,25.70593,27.092741,21.35084,22.503223,18.277195,18.00271,17.228525,13.197829,14.031473,13.715014,9.478692,13.172581,15.13524,18.016071,20.410618,24.540686,27.349203,31.049513,34.042732,37.456955,37.796673,41.689896,41.482765,41.960842,39.882412,38.741463,33.723793,35.335705,31.815325,33.90413,30.546877,25.955294,26.931305,26.494741,24.379158,24.34322,21.255514,20.934706,21.511024,19.482862,21.815674
