,0,1,2,3,4,5,6,7,8,9,10,11,12,13,14,15,16,17,18,19,20,21,22,23,24,25,26,27,28,29,30,31,32,33,34,35,36,37,38,39,40,41,42,43,44,45,46,47,48,49,50,51,52,53,54,55,56,57,58,59,60,61,62,63,64,65,66,67,68,69,70,71,72,73,74,75,76,77,78,79,80,81,82,83,84,85,86,87,88,89,90,91,92,93,94,95,96,97,98,99,100,101,102,103,104,105,106,107,108,109
0,0.0,4.702122,6.8642607,9.481895,12.424186,14.66553,17.814129,20.128498,23.7279,26.250736,29.697811,34.109985,31.688148,30.026344,24.958721,23.993422,19.006529,19.594236,16.848322,16.436857,15.074157,12.310955,11.300227,16.225328,17.122787,19.044374,17.729946,19.06507,20.351799,22.71598,25.2707,29.733656,31.66583,34.24785,37.114704,37.94834,39.89969,42.732796,37.83676,36.988144,32.27395,33.26084,27.184904,27.677156,23.472971,24.413538,23.476185,19.953789,18.901764,15.52427,14.41975,15.719399,12.054317,14.922267,14.850949,18.560595,20.671751,23.492748,26.287645,28.039354,30.881195,29.614183,34.880524,36.36809,40.588753,41.74601,45.486164,47.00649,44.69869,44.06102,40.2218,43.06419,40.47789,35.78872,36.506653,32.817543,34.826447,30.729788,30.750776,31.833038,31.349676,26.513823,26.700956,25.301508,26.994415,27.918064,28.088005,30.237778,29.347363,33.011787,33.432987,37.65821,38.49958,43.0775,38.542175,36.030636,37.633194,32.59502,35.78238,31.381561,34.085995,33.681053,33.283962,36.297443,36.28328,40.372467,37.002155,41.741737,40.73362,45.185726
1,4.702122,0.0,4.7742057,6.030264,8.374754,11.565378,14.056234,17.33567,20.3808,23.213516,26.82114,31.046074,29.173294,27.724318,22.586353,21.360195,16.958096,16.69124,15.333581,14.051265,14.3623085,11.269833,12.045937,16.643293,16.888077,18.51059,15.821502,17.151936,17.56408,20.715593,22.027357,27.245827,28.305761,31.519344,33.974888,34.58791,36.348476,39.02194,34.22981,33.588066,28.656513,29.906796,23.99547,24.489113,20.786541,21.583344,21.917028,18.353708,18.246244,13.99339,12.167912,12.558135,8.05103,10.86221,10.360287,14.334475,16.46157,19.307087,21.820936,23.790094,26.331589,25.469736,30.564276,32.176315,36.269135,37.686047,41.328426,43.00354,40.855442,40.237217,36.38505,39.167473,36.54216,32.017605,32.58493,29.15134,31.00238,27.541677,27.125046,28.61261,28.724693,24.185698,24.85526,22.97601,24.729092,25.135712,25.928715,27.350113,26.770407,30.281078,30.761583,35.001038,35.651577,40.447483,36.313847,34.17903,35.738422,30.6991,33.51653,29.52799,31.519386,31.24619,30.794868,33.393993,33.41321,37.03235,33.79468,38.409733,37.339413,41.88508
2,6.8642607,4.7742057,0.0,5.208968,6.8658037,8.219764,11.538316,13.478913,17.310585,19.57516,23.404432,27.506437,25.46715,24.188389,18.847256,18.46453,14.040735,14.971415,13.462677,14.040925,14.699947,12.681863,13.26786,18.00737,18.918373,19.90935,17.058739,17.20805,17.210043,19.579176,20.43819,25.06146,26.236147,28.838776,31.67363,32.05969,34.316715,37.380276,32.855755,32.56938,27.601559,29.606623,23.725723,25.15972,21.284752,23.345707,24.035921,21.07528,21.318613,17.16427,14.627194,15.088318,10.451895,11.072627,12.352089,16.60549,17.99827,21.344604,23.303043,25.43841,26.942457,26.137133,30.894476,32.026566,36.176235,36.727,40.882114,42.174377,39.915157,39.66526,36.105526,39.294224,37.008724,32.63833,33.715584,30.577183,32.943977,30.125856,29.830526,31.855366,32.2174,28.00152,28.474844,26.02177,27.28186,27.198294,27.735271,28.469587,27.134789,30.429686,30.327776,34.500576,34.656292,39.514194,35.80425,33.520264,35.684517,30.944727,34.133095,30.636707,32.805145,33.22997,33.179314,35.528442,35.129303,38.55354,34.729534,39.140656,37.536682,42.017685
3,9.481895,6.030264,5.208968,0.0,3.748013,6.5398355,8.899494,12.471137,14.900735,18.114616,21.191866,25.715014,23.6476,22.045736,17.136845,15.431064,11.284169,10.710494,10.134278,9.215349,11.135325,9.072292,11.24212,15.162524,15.509438,16.123434,12.402107,12.588831,12.252458,15.296816,16.096115,21.27482,22.363733,25.507595,27.977335,28.705196,30.503729,33.29638,28.497902,27.920414,23.018747,24.615904,18.695667,19.956268,16.180288,18.288212,19.520573,16.851217,17.821943,13.456333,10.324348,10.558106,6.4643693,6.169036,8.883695,12.652995,13.439377,17.089193,19.322956,21.024137,22.847189,21.317253,26.317272,27.411186,31.707186,32.39064,36.361095,37.713474,35.40512,34.950394,31.269821,34.378296,32.054653,27.571754,28.756262,25.520433,28.172838,25.385365,25.459688,27.749601,28.10349,24.280354,24.545715,21.587652,22.566599,22.200382,22.816774,23.282614,22.063707,25.358822,25.441355,29.645803,29.990814,34.859974,31.0802,29.019491,30.94509,26.14747,29.108776,25.761406,27.67104,28.224743,28.28886,30.506676,29.997108,33.413166,29.52348,33.95663,32.43269,36.924633
4,12.424186,8.374754,6.8658037,3.748013,0.0,4.6691732,5.780041,10.274095,12.28574,15.515174,19.049042,23.120157,21.76403,20.617973,15.580532,14.193414,11.179531,10.131536,11.479381,10.5828285,13.891943,12.128845,14.80306,18.361773,18.434128,18.7565,14.274285,14.0621195,12.523425,15.930652,14.764393,20.5091,20.45007,24.057486,26.193733,26.461447,28.297802,31.08409,26.59378,26.485367,21.307722,23.613232,18.075287,19.67614,16.647087,18.84618,21.308329,18.83251,20.402246,15.784828,12.411454,11.646673,7.30885,5.221462,7.933707,11.783874,12.262105,15.89204,17.346222,19.468145,20.358332,19.618523,24.140728,25.2336,29.331676,30.025105,34.084408,35.491936,33.363037,33.103718,29.54851,32.713158,30.471449,26.318844,27.432516,24.687593,27.17151,25.36345,24.870846,27.601496,28.620281,25.19003,25.925514,22.675653,23.634157,22.684628,23.863934,23.38956,22.325232,25.27287,25.20015,29.308796,29.226942,34.304058,31.166061,29.462154,31.517494,26.933378,29.570646,26.83736,28.041462,28.856785,28.922255,30.619867,30.085907,32.866543,29.052425,33.21217,31.460491,35.995865
5,14.66553,11.565378,8.219764,6.5398355,4.6691732,0.0,4.1191034,5.9526076,9.111897,11.745865,15.349384,19.542545,17.718124,16.63184,11.318253,10.909981,7.987295,8.813792,9.951188,11.537214,14.655469,14.0902,16.214516,19.676569,20.409851,20.181936,16.073036,14.609079,12.889126,14.894967,13.4352255,18.072206,18.432035,21.09114,23.784565,23.91847,26.363337,29.629852,25.425325,25.631428,20.620298,23.64745,18.287807,20.932228,17.690193,21.20766,23.5339,21.718363,23.3124,19.104155,15.541899,15.286484,11.626855,8.376377,12.3893585,15.871033,15.592232,19.435068,20.45254,22.437672,22.369028,21.37363,25.437838,25.846508,30.000711,29.531837,34.15557,35.03053,32.71406,32.85345,29.692446,33.290302,31.4992,27.538368,29.286018,26.820332,29.896608,28.511715,28.393345,31.430967,32.417645,29.234093,29.589352,26.005411,26.431664,25.19112,25.855621,24.890482,22.912113,25.56623,24.806314,28.752544,28.163725,33.190365,30.464481,28.547724,31.245228,27.085184,30.157818,27.923794,29.483917,30.991608,31.498596,33.04425,32.0539,34.748024,30.305836,34.20106,31.905867,36.26002
6,17.814129,14.056234,11.538316,8.899494,5.780041,4.1191034,0.0,6.003664,6.6355186,10.043105,13.623305,17.4305,16.556698,15.856073,10.999389,10.046269,9.193074,8.203946,11.722675,12.093178,16.472881,15.875684,18.795107,21.676981,21.869356,21.41427,16.562447,15.070572,12.253258,14.924432,11.288659,16.855614,15.726137,19.329226,21.327694,21.13778,23.296177,26.354158,22.328352,22.867264,17.629936,21.127026,16.30482,19.047525,16.751587,20.087688,23.586119,22.00968,24.240034,19.880453,16.189148,15.137774,11.974118,7.698998,11.593265,14.383038,13.511103,17.182724,17.520807,19.596386,18.7326,18.202059,21.801094,22.199718,26.186945,25.871593,30.43697,31.443134,29.311214,29.51178,26.406023,29.959555,28.21435,24.571205,26.236458,24.236454,27.18654,26.704844,26.23543,29.663681,31.175943,28.518131,29.189528,25.31593,25.65359,23.864805,25.083464,23.23401,21.605944,23.87877,23.146734,26.956947,26.097174,31.289597,29.1414,27.739416,30.304392,26.339039,28.88439,27.255262,27.987017,29.676647,30.174744,31.192495,30.194902,32.265636,27.99032,31.60275,29.201895,33.58106
7,20.128498,17.33567,13.478913,12.471137,10.274095,5.9526076,6.003664,0.0,5.36567,6.1942267,10.399987,14.082809,12.460414,12.131482,6.621997,8.611087,8.34449,10.427484,12.515492,15.495973,18.87991,19.1848,21.18616,24.212284,25.1836,24.415764,20.350082,17.941698,15.572365,16.324823,13.119351,16.333176,16.004461,17.71654,20.631853,20.127605,23.278728,26.994137,23.570293,24.528412,19.798874,23.957281,19.500963,23.117615,20.451735,24.828377,27.695776,26.53124,28.45169,24.46194,20.768545,20.381273,17.192446,13.143019,17.350048,20.347122,19.373838,23.098568,23.249195,25.231363,23.68314,23.022179,26.050962,25.721342,29.598145,27.875568,33.037804,33.347534,31.036924,31.765911,29.240927,33.204334,31.997375,28.628162,30.867859,29.096575,32.493404,32.145306,32.014103,35.515625,36.857395,34.16902,34.48447,30.524355,30.505186,28.708036,29.284636,27.321838,24.751286,26.72515,25.221956,28.72809,27.284739,32.24307,30.570143,28.819117,32.12886,28.697477,31.797882,30.536802,31.855867,34.103718,34.97948,36.008945,34.61939,36.71863,31.877312,35.189663,32.260757,36.329575
8,23.7279,20.3808,17.310585,14.900735,12.28574,9.111897,6.6355186,5.36567,0.0,4.4254527,7.0956235,10.965021,10.253329,10.119289,6.257004,6.444279,9.282451,9.254469,13.553523,15.417172,19.88111,20.434484,23.224894,25.399242,25.864655,24.680145,20.078392,17.41801,14.0785055,15.008318,9.414117,13.098282,11.060825,13.795813,15.925107,15.251433,18.114315,21.711449,18.409616,19.698574,14.968029,19.690742,16.108736,20.059723,18.419212,22.91322,26.780283,26.18853,28.776268,24.90928,21.132961,20.253485,18.066765,13.216164,17.642956,19.610294,17.764397,21.251017,20.846798,22.461882,20.099058,19.276918,21.634815,20.88512,24.66063,22.556454,27.804106,28.014994,25.747782,26.58823,24.259235,28.294466,27.342342,24.371304,26.839977,25.606966,29.184319,29.751915,29.67596,33.57793,35.249332,33.28281,33.61938,29.276922,28.888845,26.488766,27.348558,24.371992,21.892744,23.278172,21.624447,24.847929,23.029507,28.090824,27.133753,25.963772,29.18586,26.16444,28.735409,28.326992,28.875399,31.537235,32.592735,33.036213,31.448853,32.924538,28.048183,30.927744,27.758287,31.719267
9,26.250736,23.213516,19.57516,18.114616,15.515174,11.745865,10.043105,6.1942267,4.4254527,0.0,5.627551,7.975154,7.8905854,9.096954,5.702173,8.847442,11.89898,13.207649,16.629282,19.416529,23.419947,24.143187,26.514158,28.924843,29.705456,28.497791,24.18462,21.324142,18.227558,18.447262,13.155698,15.169897,13.067537,14.321875,16.717222,15.286846,18.890978,22.814684,20.414509,22.248537,17.99996,23.141737,20.069231,24.23975,22.619009,27.301836,31.014803,30.447487,32.88144,29.02139,25.246542,24.483818,21.925318,17.28859,21.442663,23.677887,22.006233,25.381968,24.656918,26.464802,23.496925,23.21412,24.95156,23.90625,27.286009,24.447124,29.936356,29.7527,27.595675,28.887783,27.076912,31.215626,30.610037,28.045938,30.609457,29.696854,33.22183,34.10093,33.87915,37.83408,39.62577,37.626648,38.011665,33.69346,33.28448,30.86315,31.613869,28.524715,25.795824,26.9238,24.907457,27.796406,25.507011,30.333351,29.977638,28.768452,32.347248,29.714083,32.41153,32.278397,32.920105,35.780636,36.92603,37.264526,35.576187,36.82851,31.872978,34.43835,30.998096,34.705055
10,29.697811,26.82114,23.404432,21.191866,19.049042,15.349384,13.623305,10.399987,7.0956235,5.627551,0.0,5.7175055,3.5712063,4.675369,5.618781,7.544215,12.427728,13.513537,17.028404,20.063244,23.986479,25.479868,27.90512,29.447039,30.263998,28.51154,24.558264,21.1048,18.004522,17.008467,11.659087,11.22683,9.461928,8.992664,11.784339,10.739956,14.7359495,18.980062,16.819696,18.676706,15.422867,20.594553,18.46226,23.128347,21.844357,27.162199,30.798721,31.057247,33.723545,30.423792,26.700518,26.18215,24.633224,19.659702,24.484251,26.077587,23.749361,27.109838,26.48107,27.57628,24.533041,23.14601,24.472855,22.60016,25.99905,21.845322,27.588339,26.71142,24.240604,25.762367,24.471327,28.843218,28.798119,26.507425,29.728748,29.043324,33.18339,34.28096,34.767807,38.874928,40.428,38.933083,38.81488,34.206345,33.176,30.491814,30.74852,27.172945,23.833548,24.340822,21.755548,24.095713,21.356054,25.832386,26.11132,25.04395,28.937239,27.074062,29.770626,30.43459,31.12599,34.611176,36.205772,36.30137,34.15648,35.287697,29.870335,31.978745,28.15716,31.4236
11,34.109985,31.046074,27.506437,25.715014,23.120157,19.542545,17.4305,14.082809,10.965021,7.975154,5.7175055,0.0,5.847386,9.107273,10.562798,13.197899,17.9208,18.820103,22.611942,25.383821,29.538923,30.791265,33.30609,35.033676,35.74334,34.063957,29.865238,26.582117,23.221384,22.573788,16.46141,16.060411,12.608561,12.037968,13.391254,10.613319,14.854233,18.93562,18.415443,21.21552,18.421024,24.08958,22.918922,27.448732,26.840364,31.79715,35.974815,36.14778,38.95985,35.440235,31.689194,30.809572,28.977089,24.04398,28.244541,29.753468,27.469103,30.439802,29.074062,30.427967,26.311388,26.050621,26.240253,24.183971,26.74375,22.123863,27.83872,26.704124,24.739445,26.821384,26.225555,30.44277,30.774185,29.30578,32.313786,32.35096,36.077198,38.096375,38.046806,42.344784,44.39614,43.146408,43.399975,38.780582,37.852444,34.9109,35.57729,31.49483,28.50613,28.57321,25.945936,27.785887,24.51701,28.713007,30.092672,29.508179,33.348602,31.898773,34.15373,35.335587,35.419952,38.98057,40.505154,40.141735,38.05135,38.418262,33.344036,34.867092,30.866941,33.82206
12,31.688148,29.173294,25.46715,23.6476,21.76403,17.718124,16.556698,12.460414,10.253329,7.8905854,3.5712063,5.847386,0.0,3.6004858,6.7505617,9.699854,14.137246,16.100657,18.736435,22.509008,25.89695,27.710289,29.74431,31.24598,32.374363,30.509472,27.00139,23.314758,20.601849,18.84433,14.506475,12.470266,11.907938,9.380856,12.759484,11.767739,16.128159,20.50856,18.868828,20.72078,18.125572,23.103308,21.169056,25.958147,24.444128,30.049435,33.26338,33.69135,36.182434,33.080837,29.392366,29.150412,27.56087,22.6825,27.658863,29.41615,27.136208,30.575285,30.037172,31.08002,28.051369,26.510445,27.73982,25.636812,28.915747,24.176302,29.98319,28.69123,26.156675,27.891304,26.967266,31.396244,31.616858,29.44117,32.862923,32.18309,36.492603,37.476067,38.174156,42.24965,43.645164,42.099045,41.779583,37.171,35.996246,33.398434,33.307312,29.858276,26.149076,26.524982,23.643211,25.677876,22.751707,26.793514,27.331057,26.066797,30.272081,28.793123,31.740553,32.539856,33.58745,37.262577,39.02204,39.18788,36.881218,38.109524,32.49135,34.440468,30.47139,33.445633
13,30.026344,27.724318,24.188389,22.045736,20.617973,16.63184,15.856073,12.131482,10.119289,9.096954,4.675369,9.107273,3.6004858,0.0,5.6124563,7.3351154,11.648198,13.822495,15.934616,19.974068,23.01847,25.15485,27.059711,28.249336,29.48385,27.47727,24.32255,20.448708,18.08383,15.725954,12.506164,9.592269,10.944759,7.8782725,12.1704,12.398214,16.362494,20.679092,18.238714,19.405926,16.913721,21.301544,18.96696,23.79641,21.87164,27.749945,30.478802,31.121103,33.505405,30.70573,27.106527,27.183842,25.971079,21.159939,26.51527,28.204142,25.856909,29.463316,29.40428,30.160116,27.823057,25.4811,27.285494,25.20546,28.874203,24.28425,30.007654,28.75873,25.938257,27.351604,26.146458,30.609755,30.708618,28.127645,31.732702,30.652979,35.258114,35.676582,36.831264,40.7608,41.78005,40.171993,39.51776,34.91854,33.57313,31.148792,30.659994,27.545704,23.513058,24.062609,21.132336,23.328379,20.741386,24.759832,24.660126,23.057716,27.350533,25.787592,29.040554,29.626238,31.128557,34.831554,36.708286,37.136295,34.732372,36.423737,30.576124,32.778214,28.916042,31.93446
14,24.958721,22.586353,18.847256,17.136845,15.580532,11.318253,10.999389,6.621997,6.257004,5.702173,5.618781,10.562798,6.7505617,5.6124563,0.0,5.2338443,7.9569387,10.829716,12.797279,16.916668,20.044752,21.565123,23.43043,25.442902,26.688435,25.172922,21.666803,18.236301,15.8984,14.679414,11.587363,11.745996,12.609493,12.174401,15.916335,15.832976,19.485893,23.607609,20.506828,21.49963,17.764437,22.102924,18.49309,22.940536,20.434057,25.889704,28.556225,28.423887,30.565912,27.275513,23.585428,23.593584,21.583391,16.998753,22.131136,24.413517,22.607111,26.391018,26.5262,27.791859,25.880573,24.107544,26.632103,25.327677,29.235886,25.938156,31.498238,30.98353,28.33154,29.395262,27.481503,31.793644,31.249943,28.166464,31.232985,29.723251,33.908234,33.840786,34.528698,38.269756,39.348076,37.19239,36.876587,32.522446,31.727047,29.615698,29.49031,26.976606,23.444376,24.779346,22.474577,25.435823,23.461643,28.009668,26.952925,25.127071,29.038204,26.482542,29.83961,29.449917,31.053148,34.126896,35.590298,36.38675,34.404137,36.429157,30.916878,33.746674,30.29607,33.877342
15,23.993422,21.360195,18.46453,15.431064,14.193414,10.909981,10.046269,8.611087,6.444279,8.847442,7.544215,13.197899,9.699854,7.3351154,5.2338443,0.0,5.570752,6.5037217,9.671059,12.823048,16.494179,18.23315,20.655718,21.928648,22.789036,21.012058,17.312784,13.7186365,11.0882225,9.86528,6.6969123,7.756106,9.52113,10.401525,13.800384,14.789173,17.53125,21.263088,17.22768,17.477135,13.639937,17.319948,13.378172,17.858206,15.362967,21.009375,23.79207,24.040834,26.483284,23.465292,19.827559,19.852318,18.828485,14.033811,19.60144,21.22812,18.984812,22.785656,23.314192,24.02752,22.78908,19.975431,22.98133,21.694145,25.969057,23.064758,28.35398,28.051067,25.204622,25.811655,23.506071,27.745487,27.026085,23.595163,26.810928,25.024586,29.505388,29.165531,30.326736,34.037376,34.8794,32.99788,32.41223,27.911488,26.848972,24.651659,24.39537,21.81186,18.21202,19.642958,17.510172,20.741737,19.218048,23.958412,22.324049,20.562294,24.196701,21.412077,24.680628,24.27664,25.832785,28.957872,30.51846,31.339682,29.277287,31.527569,25.912243,28.939936,25.66962,29.37931
16,19.006529,16.958096,14.040735,11.284169,11.179531,7.987295,9.193074,8.34449,9.282451,11.89898,12.427728,17.9208,14.137246,11.648198,7.9569387,5.570752,0.0,5.245253,4.8769913,9.601842,12.102784,13.7984085,15.6154,17.49908,18.813631,17.423433,14.29233,10.9823065,9.76032,8.747707,9.603838,11.521058,14.603439,15.524116,19.08572,20.333841,22.86322,26.381575,21.893158,21.494965,17.48403,20.02178,14.812778,18.463602,14.620461,19.975437,21.485018,21.1568,22.925797,19.924374,16.39733,17.128325,15.676879,11.710938,17.394505,19.701702,18.205397,22.285696,23.67809,24.535576,24.585012,21.598679,25.646748,25.030214,29.550114,27.596315,32.545826,32.630863,29.769268,29.963951,27.159184,31.137442,29.916048,25.84877,28.679594,26.090235,30.382223,28.756142,30.071688,33.26807,33.570255,30.958492,30.178408,26.080793,25.378214,23.953566,23.332129,22.168432,18.711777,21.074945,19.544233,23.253511,22.6285,27.228268,24.314102,21.90829,25.229834,21.652815,25.438236,23.730246,26.204538,28.65909,29.964186,31.55804,29.798794,32.926414,27.496443,31.191862,28.475132,32.40447
17,19.594236,16.69124,14.971415,10.710494,10.131536,8.813792,8.203946,10.427484,9.254469,13.207649,13.513537,18.820103,16.100657,13.822495,10.829716,6.5037217,5.245253,0.0,6.09432,6.5705986,11.220499,12.340015,15.485019,16.67852,16.984419,15.524961,11.151908,8.167372,5.2874475,6.7418165,5.889471,10.688088,12.4203615,15.300538,17.721615,19.164705,20.783968,23.722076,18.764101,18.040289,13.615112,15.694615,10.149611,13.534718,10.182266,15.29315,17.949419,17.72394,20.22295,17.018858,13.3674965,13.420413,12.94232,8.398656,14.221281,15.627235,13.569542,17.563002,19.006577,19.521202,19.896763,16.462845,20.801155,20.456963,25.08817,23.943727,28.472557,28.99678,26.251875,26.064175,22.865057,26.606928,25.09499,20.868824,23.518505,20.880634,25.141542,23.741858,25.03828,28.39536,28.910883,26.708239,26.104715,21.747643,21.005575,19.196985,19.135424,17.452232,14.595128,17.050146,16.075483,20.050056,19.770391,24.681183,21.660099,19.843817,22.51147,18.578987,21.710625,20.114119,21.781233,24.120949,25.303726,26.63786,24.996475,27.919733,22.732084,26.557219,24.098812,28.275955
18,16.848322,15.333581,13.462677,10.134278,11.479381,9.951188,11.722675,12.515492,13.553523,16.629282,17.028404,22.611942,18.736435,15.934616,12.797279,9.671059,4.8769913,6.09432,0.0,6.285502,7.3173375,9.565807,11.178045,12.647398,14.120681,12.74098,10.362977,7.225558,7.8883133,6.8836045,11.302648,13.429051,17.431679,18.633442,21.960962,23.811468,25.758495,28.874489,23.868908,22.67304,18.938074,20.081928,14.287643,17.016552,12.264823,17.314838,17.547785,17.212538,18.578747,16.082867,12.890712,14.445236,13.843914,10.972427,16.502165,18.56581,17.341442,21.377726,23.620653,24.05787,25.406738,21.647732,26.434612,26.167074,30.880272,29.601551,34.084805,34.42158,31.479984,31.189919,28.013647,31.675533,30.13542,25.593695,28.249952,25.00594,29.325937,26.576601,28.463976,31.18212,30.818203,27.947927,26.683657,22.845623,22.121666,21.321371,20.139715,20.163761,16.813646,19.792603,18.852789,22.797802,23.078302,27.419188,23.400154,20.64677,23.437313,19.307983,23.352478,20.696514,23.914343,25.902893,27.13544,29.315279,27.691881,31.577753,26.284422,30.422575,28.246317,32.213066
19,16.436857,14.051265,14.040925,9.215349,10.5828285,11.537214,12.093178,15.495973,15.417172,19.416529,20.063244,25.383821,22.509008,19.974068,16.916668,12.823048,9.601842,6.5705986,6.285502,0.0,5.759854,6.3114624,10.1022215,10.746912,10.54521,9.479424,4.8909674,3.5132606,4.1792593,7.3852906,10.986037,15.39509,17.961283,20.937704,23.1134,25.046402,26.032091,28.39906,22.991272,21.33753,17.367422,17.369593,11.208258,12.394164,7.6058354,11.411357,12.345617,11.584728,13.717842,10.782623,7.383555,8.615262,9.645256,7.434088,12.363086,13.403492,12.095332,15.899549,18.742542,18.760527,21.283237,17.132011,22.540327,22.962395,27.671762,27.788465,31.50985,32.5174,29.81575,28.953684,25.231298,28.335402,26.241625,21.378325,23.425423,19.750452,23.724068,20.469666,22.40374,24.952194,24.542404,21.768953,20.645542,16.692625,16.223434,15.491599,14.938158,15.351831,13.28818,16.779903,16.996256,21.2225,22.240763,26.73383,22.285145,20.172373,21.80698,16.950174,20.139866,16.879442,19.382523,20.64945,21.473234,23.767717,22.56987,26.600878,21.94668,26.481682,25.005678,29.262226
20,15.074157,14.3623085,14.699947,11.135325,13.891943,14.655469,16.472881,18.87991,19.88111,23.419947,23.986479,29.538923,25.89695,23.01847,20.044752,16.494179,12.102784,11.220499,7.3173375,5.759854,0.0,4.0162725,5.4634767,5.533821,6.8867116,6.0506926,5.7896056,5.54113,9.217901,9.7579975,15.917108,18.663343,22.672916,24.556257,27.304531,29.580166,30.759432,33.237225,27.783169,25.765505,22.384798,21.737013,15.782409,16.476044,11.200323,14.291201,12.103779,11.336546,11.762489,10.29523,8.293238,11.268331,12.364971,12.019918,16.028114,17.415367,16.868803,20.361881,23.711676,23.586052,26.770584,22.403952,27.95346,28.3515,33.084164,33.035187,36.69263,37.529205,34.66718,33.706497,30.050756,33.04396,30.980862,25.97669,28.019476,23.954159,27.874588,23.436724,25.973076,27.765203,26.38204,23.071907,21.14183,18.008898,17.5276,17.992329,16.20157,18.422579,16.072655,19.773783,20.043383,24.06794,25.581907,29.48771,24.215693,21.398542,22.903734,18.020504,21.85929,17.603666,21.572092,22.379429,23.22341,26.313168,25.172808,30.02533,25.423504,30.100399,28.93255,32.905163
21,12.310955,11.269833,12.681863,9.072292,12.128845,14.0902,15.875684,19.1848,20.434484,24.143187,25.479868,30.791265,27.710289,25.15485,21.565123,18.23315,13.7984085,12.340015,9.565807,6.3114624,4.0162725,0.0,4.492861,6.4237137,6.48875,7.3316765,5.75724,7.6230736,10.335276,12.5908785,17.268343,21.245064,24.236694,26.904867,29.342386,31.267826,32.342777,34.671932,29.224667,27.391975,23.548468,23.006716,16.964394,16.98539,12.178509,13.743894,12.005152,9.760974,9.955297,7.2614365,5.21911,8.373033,9.122598,10.218884,13.050157,14.613932,14.8140545,18.08573,21.65906,21.832064,25.470297,21.749922,27.478895,28.426989,33.02673,33.79638,37.204784,38.463154,35.834877,34.759792,30.864359,33.604416,31.193247,26.16338,27.586649,23.433609,26.677923,22.006506,23.93371,25.45599,24.217337,20.411556,19.025763,16.287737,16.64972,17.41212,16.497887,18.976133,17.665192,21.483454,22.206305,26.349401,27.89062,32.042465,26.900793,24.44864,25.564236,20.432234,23.673294,19.158894,22.409332,22.495893,22.769785,25.938374,25.320776,30.027348,26.059814,30.889996,30.0421,34.240643
22,11.300227,12.045937,13.26786,11.24212,14.80306,16.214516,18.795107,21.18616,23.224894,26.514158,27.90512,33.30609,29.74431,27.059711,23.43043,20.655718,15.6154,15.485019,11.178045,10.1022215,5.4634767,4.492861,0.0,5.07545,7.079751,8.421341,9.553493,10.809113,14.104023,15.117817,20.731627,23.791515,27.563578,29.485266,32.39325,34.411243,35.78764,38.337063,32.922733,31.039988,27.39631,26.85557,20.839182,21.045557,16.007835,17.723171,14.639017,12.571935,11.324327,9.987432,9.205962,12.507889,12.602886,14.090125,16.658724,18.651417,19.184174,22.378582,25.988407,26.251478,29.90552,26.221403,31.933264,32.768322,37.408855,37.871952,41.431847,42.510708,39.763428,38.759193,34.965164,37.784763,35.466663,30.411837,31.938143,27.703823,30.953886,25.891376,27.98363,29.127249,27.441685,23.328375,21.599413,19.526283,19.890556,21.164665,19.640026,22.744123,21.064194,24.872707,25.397104,29.41799,31.026024,34.905094,29.48073,26.595627,27.856018,22.90029,26.560356,21.750378,25.74927,25.733816,26.056562,29.555273,28.916807,33.94527,29.901384,34.73029,33.8831,37.92642
23,16.225328,16.643293,18.00737,15.162524,18.361773,19.676569,21.676981,24.212284,25.399242,28.924843,29.447039,35.033676,31.24598,28.249336,25.442902,21.928648,17.49908,16.67852,12.647398,10.746912,5.533821,6.4237137,5.07545,0.0,3.6148808,4.298247,8.33342,9.831393,13.942241,14.311182,21.03155,23.396912,27.734175,29.485924,32.145622,34.68228,35.596104,37.811607,32.244213,29.81157,26.875858,25.31942,19.725105,19.382484,14.397972,15.879044,11.259514,10.430802,9.015066,9.780818,9.878048,13.422918,15.323205,16.416414,19.230291,20.211872,20.1646,23.075209,26.92569,26.452467,30.554783,25.943218,31.678032,32.31878,36.976322,37.375328,40.59575,41.567806,38.71816,37.44247,33.68185,36.27111,34.040726,28.929426,30.640656,26.208344,29.788689,24.236284,27.281614,28.223005,25.897697,22.318735,19.661364,17.565153,17.215654,18.85017,16.36703,20.24699,18.492077,22.272266,23.079763,26.8463,29.011984,32.384583,26.44938,23.51416,24.243374,19.35363,23.019667,17.857906,22.503841,22.440655,23.04237,26.805126,25.981075,31.462803,27.387629,32.19501,31.652555,35.40149
24,17.122787,16.888077,18.918373,15.509438,18.434128,20.409851,21.869356,25.1836,25.864655,29.705456,30.263998,35.74334,32.374363,29.48385,26.688435,22.789036,18.813631,16.984419,14.120681,10.54521,6.8867116,6.48875,7.079751,3.6148808,0.0,3.2016644,6.7714705,9.641773,13.41659,14.827361,20.863565,23.955593,27.633888,30.066011,32.23174,34.753124,35.262856,37.129547,31.492563,28.928131,25.995295,23.976828,18.579355,17.415134,12.912952,13.104773,8.170299,6.9128904,5.582348,6.918849,7.8298793,11.230789,14.147307,15.669031,17.820782,18.120026,18.099493,20.594547,24.643766,23.896782,28.502037,23.823206,29.631908,30.562191,35.09778,36.11444,38.92509,40.18991,37.49616,35.97994,32.04655,34.30345,31.853313,26.721443,28.065273,23.505651,26.784492,20.911613,24.053127,24.783371,22.313984,18.812273,16.060211,14.019745,13.840077,15.783907,13.576321,17.905897,16.998394,20.847471,22.196014,25.969501,28.397943,31.811287,25.848894,23.3498,23.48696,18.36158,21.395523,15.970957,20.108625,19.505716,19.816122,23.688114,23.1534,28.671492,25.066057,29.971865,29.81898,33.63247
25,19.044374,18.51059,19.90935,16.123434,18.7565,20.181936,21.41427,24.415764,24.680145,28.497791,28.51154,34.063957,30.509472,27.47727,25.172922,21.012058,17.423433,15.524961,12.74098,9.479424,6.0506926,7.3316765,8.421341,4.298247,3.2016644,0.0,5.7743797,7.612143,11.689038,12.338163,18.93308,21.404345,25.484945,27.603626,29.775305,32.518055,32.965897,34.832664,29.19763,26.488466,23.89217,21.709827,16.454426,15.63294,10.910397,12.206271,7.3982105,7.824887,7.8369327,8.987612,8.957011,12.098922,15.229371,15.722813,18.727285,18.861664,18.200865,20.905006,24.740051,23.763866,27.98771,22.828024,28.48833,29.041237,33.649906,34.164753,37.088585,38.096546,35.27351,33.807457,30.024603,32.433025,30.221945,25.120361,26.918842,22.46287,26.293531,20.817137,24.354374,25.492828,23.164248,20.242294,17.297655,14.580672,13.594431,15.000333,12.186485,16.117228,14.512664,18.294752,19.428144,23.129236,25.576988,28.855154,22.834408,20.213154,20.511917,15.456199,18.845812,13.630852,18.21316,18.29989,19.12779,22.784733,21.790222,27.325634,23.21194,28.007313,27.61573,31.301233
26,17.729946,15.821502,17.058739,12.402107,14.274285,16.073036,16.562447,20.350082,20.078392,24.18462,24.558264,29.865238,27.00139,24.32255,21.666803,17.312784,14.29233,11.151908,10.362977,4.8909674,5.7896056,5.75724,9.553493,8.33342,6.7714705,5.7743797,0.0,4.262295,6.9411073,9.828107,14.446901,18.486702,21.248323,24.365782,26.134565,28.444504,28.838133,30.684258,25.079992,22.792318,19.442102,17.946142,12.211294,11.579614,6.8072805,8.537523,7.622072,6.9878616,9.286093,7.419282,5.28101,7.463003,10.755766,10.444427,13.752319,13.717593,12.66379,15.705028,19.29245,18.582815,22.42406,17.61602,23.347168,24.097498,28.716158,29.552017,32.588528,33.84991,31.203533,29.854729,25.910591,28.458357,26.090117,20.992424,22.661295,18.413065,22.208715,17.679962,20.43101,22.33114,21.085289,18.307505,16.474638,12.735471,12.129366,12.288418,11.137008,13.275754,12.096465,15.962318,17.095495,21.185814,23.092276,27.119205,21.898842,19.881542,20.504614,15.256381,18.089577,13.775447,16.701492,17.148489,17.785099,20.71934,19.790672,24.554043,20.395918,25.23587,24.529352,28.661068
27,19.06507,17.151936,17.20805,12.588831,14.0621195,14.609079,15.070572,17.941698,17.41801,21.324142,21.1048,26.582117,23.314758,20.448708,18.236301,13.7186365,10.9823065,8.167372,7.225558,3.5132606,5.54113,7.6230736,10.809113,9.831393,9.641773,7.612143,4.262295,0.0,4.3475685,5.6266766,11.383148,14.523878,18.065996,20.521473,22.674988,25.138153,25.847221,28.044636,22.502474,20.32612,17.101162,16.197573,10.283016,11.324589,6.0045724,10.651773,10.584583,11.075978,13.264357,11.5571165,8.895933,10.590649,12.7397,10.755398,15.465236,15.880122,14.191526,17.687855,20.647633,20.05872,22.795525,17.78631,23.122211,23.203297,27.965055,27.730278,31.307966,32.08182,29.20478,28.187954,24.560444,27.61434,25.702236,20.769438,23.195986,19.377848,23.828316,20.264362,23.036745,25.471918,24.583336,22.21528,20.40196,16.334333,15.132999,14.482184,12.934605,13.687414,10.937108,14.532433,14.763369,18.898302,20.341177,24.461037,19.513584,17.173302,18.684813,13.797627,17.357166,13.9703865,17.205128,18.806938,20.046978,22.48925,20.949041,25.384398,20.393507,24.920948,23.50956,27.525635
28,20.351799,17.56408,17.210043,12.252458,12.523425,12.889126,12.253258,15.572365,14.0785055,18.227558,18.004522,23.221384,20.601849,18.08383,15.8984,11.0882225,9.76032,5.2874475,7.8883133,4.1792593,9.217901,10.335276,14.104023,13.942241,13.41659,11.689038,6.9411073,4.3475685,0.0,5.4102983,7.5102525,12.242278,14.369019,17.746365,19.438585,21.556921,22.186295,24.37942,18.904476,17.16057,13.302508,13.300994,7.1459737,9.232632,5.0249963,10.320576,12.882974,13.198184,16.127558,13.532818,10.286786,10.546786,12.183743,8.757029,13.885198,14.070779,11.695564,15.3616295,17.641312,17.240238,19.081083,14.313244,19.386797,19.360765,24.13034,23.843788,27.616673,28.464405,25.698608,24.860586,21.23287,24.498758,22.641092,17.908794,20.445118,17.138353,21.644583,19.355074,21.4801,24.557564,24.534048,22.603718,21.506596,17.01374,15.91287,14.223047,13.859282,12.710763,10.173497,13.272635,13.235897,17.465181,18.258106,22.919338,18.927034,17.243969,19.001,14.467604,17.358955,15.154125,16.944513,19.007967,20.220945,21.864294,20.256413,23.802418,18.726858,23.001493,21.176003,25.419712
29,22.71598,20.715593,19.579176,15.296816,15.930652,14.894967,14.924432,16.324823,15.008318,18.447262,17.008467,22.573788,18.84433,15.725954,14.679414,9.86528,8.747707,6.7418165,6.8836045,7.3852906,9.7579975,12.5908785,15.117817,14.311182,14.827361,12.338163,9.828107,5.6266766,5.4102983,0.0,8.208743,9.152252,13.948363,15.301696,17.883015,20.624895,21.659727,24.249073,18.937551,16.96793,14.22387,14.212111,8.989051,12.153174,7.9388247,14.156644,15.090849,16.40714,18.748318,17.146103,14.258797,15.387806,16.77776,13.352984,18.875912,19.434969,17.084192,20.708534,22.807106,22.247847,23.551838,18.45642,22.913046,22.054295,26.807993,25.0955,29.277607,29.355513,26.220562,25.674566,22.621702,26.241957,25.025478,20.567581,23.857183,20.789602,25.833317,23.547977,26.304369,29.305792,28.853529,27.070936,25.317095,20.91774,19.17212,17.677103,15.99279,14.979888,10.719767,13.286742,12.083278,15.973998,16.573662,20.751068,16.551126,14.012823,16.785677,12.941101,16.962383,15.284872,18.317917,21.189283,23.030388,24.736456,22.542984,26.311535,20.515074,24.378584,22.066147,25.773952
30,25.2707,22.027357,20.43819,16.096115,14.764393,13.4352255,11.288659,13.119351,9.414117,13.155698,11.659087,16.46141,14.506475,12.506164,11.587363,6.6969123,9.603838,5.889471,11.302648,10.986037,15.917108,17.268343,20.731627,21.03155,20.863565,18.93308,14.446901,11.383148,7.5102525,8.208743,0.0,7.2860475,6.991131,11.148448,12.462103,14.131662,15.146948,17.888872,12.877159,12.371299,7.929195,11.011314,7.0373425,11.591194,10.395563,15.65301,19.678404,20.371515,23.558416,20.708666,17.265312,16.656902,17.09967,12.265087,17.420692,17.669094,14.63949,18.018011,18.553879,18.512604,17.653984,13.770185,16.997864,15.786525,20.354122,18.342152,23.069077,23.279604,20.455647,20.44743,17.56856,21.597094,20.591055,16.938362,20.203648,18.45065,23.115318,23.173996,24.559053,28.443525,29.431744,28.260908,27.71501,22.957306,21.633018,18.8982,19.15998,15.677562,12.673458,13.893961,12.341888,15.87093,14.844135,20.006231,18.186914,17.26244,20.012606,16.984207,19.34015,19.373623,19.858995,23.043274,24.595245,24.984776,22.920485,24.872501,19.388805,22.492636,19.452658,23.465164
31,29.733656,27.245827,25.06146,21.27482,20.5091,18.072206,16.855614,16.333176,13.098282,15.169897,11.22683,16.060411,12.470266,9.592269,11.745996,7.756106,11.521058,10.688088,13.429051,15.39509,18.663343,21.245064,23.791515,23.396912,23.955593,21.404345,18.486702,14.523878,12.242278,9.152252,7.2860475,0.0,7.3364067,6.266838,9.320358,12.362307,13.948359,17.21596,12.919111,12.163445,10.570194,13.019015,11.061475,15.837399,14.371904,20.440264,23.08663,24.753683,27.567753,25.627352,22.436703,22.650843,23.334389,18.712446,24.258879,24.69134,21.68423,25.013206,25.634197,25.215656,24.150255,19.790005,22.176914,19.92405,24.125536,20.03877,25.089582,24.052458,20.75907,21.24544,19.48689,23.792078,23.77905,20.704477,24.777185,23.297852,28.529533,28.478127,30.705547,34.472725,34.93795,34.00083,32.71128,27.94909,25.9153,23.351164,22.331835,18.985727,14.511281,14.731347,11.655197,14.050029,12.203286,16.512156,15.33491,13.85401,17.88845,16.40088,19.506798,20.548958,22.02932,26.08194,28.316727,28.70458,25.980068,28.07243,21.880816,24.232233,20.59562,23.625961
32,31.66583,28.305761,26.236147,22.363733,20.45007,18.432035,15.726137,16.004461,11.060825,13.067537,9.461928,12.608561,11.907938,10.944759,12.609493,9.52113,14.603439,12.4203615,17.431679,17.961283,22.672916,24.236694,27.563578,27.734175,27.633888,25.484945,21.248323,18.065996,14.369019,13.948363,6.991131,7.3364067,0.0,6.5243607,5.9730535,7.2207427,8.402649,11.792451,7.9138646,9.29555,6.2942367,11.568646,11.304451,15.857233,16.302258,21.19026,25.731905,26.878716,30.258635,27.535242,24.14853,23.251368,23.54561,18.549564,23.2095,23.188707,19.919691,22.664244,22.048265,21.947348,19.181023,16.206066,17.080542,14.529429,18.256153,13.949227,19.449804,18.685171,15.837033,16.828594,15.278329,19.718279,19.848017,17.73292,21.438553,21.141975,25.706402,27.431173,28.532377,32.79764,34.322533,33.87716,33.505825,28.637194,27.017853,23.752914,24.196478,19.516357,16.547646,16.116306,13.635668,15.633869,12.842789,17.762234,18.42768,18.451788,21.592247,20.150112,21.776165,23.526325,23.083609,26.96742,28.799685,28.240171,25.837612,26.433296,20.964909,22.650297,18.726448,21.994753
33,34.24785,31.519344,28.838776,25.507595,24.057486,21.09114,19.329226,17.71654,13.795813,14.321875,8.992664,12.037968,9.380856,7.8782725,12.174401,10.401525,15.524116,15.300538,18.633442,20.937704,24.556257,26.904867,29.485266,29.485924,30.066011,27.603626,24.365782,20.521473,17.746365,15.301696,11.148448,6.266838,6.5243607,0.0,4.913519,7.25411,10.003666,13.995157,11.584197,12.603726,11.871211,15.859686,15.644133,20.43664,19.949703,25.643127,29.009264,30.563984,33.53952,31.271236,27.910393,27.69958,27.845522,22.882881,28.136198,28.627565,25.531883,28.606056,28.341944,28.210724,25.702148,22.42924,23.361076,20.486036,23.90626,18.362371,23.890684,22.11136,19.03055,20.470884,19.83967,24.29374,25.011902,23.05927,27.15284,26.67432,31.608059,32.789227,34.45528,38.56106,39.610256,38.977802,38.077374,33.22833,31.26982,28.320547,27.803286,23.664452,19.644478,19.014788,15.688657,16.908419,13.641037,17.436579,18.600832,17.983936,22.073404,21.576775,23.989077,25.97509,26.61315,30.908407,33.139477,32.87943,30.104727,31.134836,25.191076,26.57712,22.404932,24.87463
34,37.114704,33.974888,31.67363,27.977335,26.193733,23.784565,21.327694,20.631853,15.925107,16.717222,11.784339,13.391254,12.759484,12.1704,15.916335,13.800384,19.08572,17.721615,21.960962,23.1134,27.304531,29.342386,32.39325,32.145622,32.23174,29.775305,26.134565,22.674988,19.438585,17.883015,12.462103,9.320358,5.9730535,4.913519,0.0,4.2411647,5.26575,9.101306,7.478115,9.465146,9.853013,14.073644,15.62369,19.999498,20.807247,25.811712,30.00722,31.728748,35.08746,32.80118,29.541769,28.858633,29.398561,24.426283,29.16942,29.023144,25.64533,28.17441,27.387732,26.973713,23.842947,20.807652,20.615934,17.279985,20.12998,13.918804,19.39999,17.345367,14.349314,16.104174,16.073973,20.444893,21.616472,20.513477,24.591017,24.899296,29.602793,31.778427,33.234756,37.520226,38.95306,38.93568,38.27225,33.362778,31.321907,27.962862,27.957113,23.000658,19.667055,18.259628,15.13106,15.612522,11.744164,15.500045,18.054588,18.548029,22.003109,21.989481,23.38069,26.2203,25.736158,30.152765,32.35793,31.426207,28.646545,28.746548,23.174414,23.803875,19.432226,21.597677
35,37.94834,34.58791,32.05969,28.705196,26.461447,23.91847,21.13778,20.127605,15.251433,15.286846,10.739956,10.613319,11.767739,12.398214,15.832976,14.789173,20.333841,19.164705,23.811468,25.046402,29.580166,31.267826,34.411243,34.68228,34.753124,32.518055,28.444504,25.138153,21.556921,20.624895,14.131662,12.362307,7.2207427,7.25411,4.2411647,0.0,4.5327373,8.872079,8.991473,12.175229,11.636072,16.749685,18.128607,22.430862,23.382917,28.10289,32.769844,34.06454,37.469166,34.734352,31.313133,30.307547,30.272718,25.2013,29.584957,29.625896,26.40033,28.800539,27.448807,27.497328,23.482965,21.652565,20.797213,17.576069,19.870554,13.574219,19.290733,17.327433,14.924335,17.185427,17.426895,21.664206,22.838596,22.197065,25.850475,26.586279,30.79662,33.571083,34.353226,38.79228,40.693104,40.607494,40.393528,35.513336,33.80258,30.338972,30.851303,25.741203,22.864563,21.626383,18.78563,19.4276,15.562405,19.297714,22.1287,22.706429,26.048779,25.769999,26.991459,29.674822,28.816164,33.001873,34.956017,33.830894,31.296556,30.912868,25.77246,26.261032,21.931963,24.169405
36,39.89969,36.348476,34.316715,30.503729,28.297802,26.363337,23.296177,23.278728,18.114315,18.890978,14.7359495,14.854233,16.128159,16.362494,19.485893,17.53125,22.86322,20.783968,25.758495,26.032091,30.759432,32.342777,35.78764,35.596104,35.262856,32.965897,28.838133,25.847221,22.186295,21.659727,15.146948,13.948359,8.402649,10.003666,5.26575,4.5327373,0.0,4.3949413,5.6232696,9.31323,10.168192,14.589632,17.427223,21.14944,23.075752,27.182083,32.234844,33.831833,37.486584,34.99055,31.79511,30.573362,31.180868,26.280725,30.310854,29.683405,26.21415,28.11872,26.611141,26.153042,22.105238,19.993483,18.338484,14.704064,16.52522,9.613958,15.130668,12.905216,10.42515,12.818495,13.588242,17.639252,19.223736,19.274479,22.950228,24.235138,28.333384,31.697447,32.582302,37.04123,39.042,39.53551,39.3241,34.4548,32.562885,28.868057,29.599659,24.009344,21.673162,19.817942,17.264753,17.275818,13.334198,16.813612,20.390766,21.764065,24.475794,24.608307,25.007343,28.338352,26.686815,30.943247,32.92637,31.310581,28.740507,27.711773,22.904251,22.751348,18.390514,20.29289
