,0,1,2,3,4,5,6,7,8,9,10,11,12,13,14,15,16,17,18,19,20,21,22,23,24,25,26,27,28,29,30,31,32,33,34,35,36,37,38,39,40,41,42,43,44,45,46,47,48,49,50,51,52,53,54,55,56,57,58,59,60,61,62,63,64,65,66,67,68,69,70,71,72,73,74,75,76,77,78,79,80,81,82,83,84,85,86,87,88,89,90,91,92,93,94,95,96,97,98,99,100,101,102,103,104,105,106,107,108,109,110
0,0.0,5.1011133,7.5836263,9.167158,12.136863,15.156191,16.819082,21.241789,23.763683,26.924076,30.61647,32.88386,31.364807,30.30761,25.724365,24.212242,21.406086,19.647297,18.433634,15.787784,17.662916,13.331455,17.887978,20.344748,18.353632,15.349329,20.225327,20.912823,19.876492,23.232086,23.75448,25.852478,30.273262,31.031422,34.379723,35.617096,39.305866,37.38143,36.25561,33.25097,33.643402,30.235174,29.141388,28.331823,27.32532,25.00446,22.223425,25.974707,30.431639,31.624422,31.6814,36.184193,39.533646,42.815723,41.567955,44.48954,41.572598,42.137924,37.38788,38.957012,33.553684,36.35203,31.780668,32.059555,30.800291,30.364567,34.01193,37.319603,34.961857,36.839573,33.73036,36.587284,34.555058,39.46002,37.33927,41.121,43.292786,45.941296,45.207645,43.51224,43.547554,38.426308,40.338467,37.44071,39.838917,34.20699,38.58375,36.04897,38.32618,39.24672,39.728985,43.79913,47.00661,44.214283,47.328655,49.177505,48.433083,44.951035,45.26854,42.508297,45.14813,40.72882,43.394905,43.868835,41.66449,40.670757,38.24896,35.320118,34.71018,30.988617,31.982044
1,5.1011133,0.0,5.4194107,8.879657,10.283134,13.938994,14.772572,19.480907,22.18569,25.12672,29.569378,31.125673,29.84555,29.3781,24.924711,23.83283,21.767988,19.77225,19.85487,16.934345,19.731358,16.10216,20.519684,22.281384,19.420818,15.47953,19.834303,21.19445,19.569443,23.985094,23.418747,26.676765,30.236973,31.972675,34.566517,36.298656,40.1263,37.78239,36.978226,34.089268,33.704647,30.59661,28.720343,28.114616,26.217535,24.093262,20.340311,23.281004,27.842457,29.430143,29.010399,33.195515,36.700344,40.268772,39.59568,42.54903,39.688213,40.85606,35.738255,37.985344,32.538044,35.681202,31.604927,31.97789,31.534395,31.266592,35.143986,37.88254,35.60171,36.914776,33.895607,36.30852,34.023815,38.83112,36.310234,40.053143,41.902393,44.78982,43.80661,42.131355,42.70052,37.262745,39.73784,37.15273,39.701645,34.56707,38.748913,36.693203,38.929546,40.199276,40.487404,44.565067,47.666485,44.473972,47.83268,49.646687,49.41602,45.960373,45.708492,43.34782,45.301666,41.28141,43.668434,43.932327,42.163322,41.380013,39.48629,36.44199,36.482952,32.811146,34.445576
2,7.5836263,5.4194107,0.0,5.451076,7.3747163,8.971106,11.772624,14.964214,18.546165,21.032534,25.392963,26.932348,25.16857,24.552816,20.052021,19.507067,17.315681,16.143879,16.809862,14.843487,18.521227,15.638924,20.628407,22.85881,20.909369,16.944065,20.467665,20.804533,18.00359,22.463083,20.655668,23.419245,26.486908,28.138493,30.40593,31.945349,35.93523,33.84971,33.52914,30.884644,30.507301,28.220295,26.166773,26.503838,24.416805,23.862137,20.096773,22.92532,27.578302,28.185154,27.234356,31.566317,35.567383,38.461895,37.71276,40.944168,38.60801,39.74924,35.17058,37.95536,32.276817,36.22881,32.291595,33.319546,32.435314,33.003918,36.7061,39.34245,36.479546,37.63723,33.934467,35.97325,33.046635,37.930435,34.692226,38.134502,39.74748,42.362553,41.141495,39.016766,39.794582,34.659504,37.57018,35.28879,38.40527,33.713272,38.172424,36.469322,39.242016,40.86727,41.60748,45.756657,48.32222,44.725086,47.886013,49.358124,49.257736,45.282024,44.73898,42.094677,43.560146,39.45012,41.36075,41.316093,39.389687,38.981373,36.700596,34.376087,34.392597,31.144869,32.985905
3,9.167158,8.879657,5.451076,0.0,4.2974687,6.566586,8.547339,12.258111,14.821456,17.85463,21.493662,23.768805,22.275501,21.281559,16.763908,15.233506,12.943531,11.108176,11.476268,9.443042,13.38099,11.2152815,16.158085,18.495829,17.356411,13.811075,16.757645,16.183249,13.181651,17.218275,15.693807,18.149431,21.685406,23.16252,25.801622,27.424942,31.252447,29.034712,28.394102,25.633799,25.484192,22.97947,21.282309,21.61016,20.056005,19.887821,16.939535,20.495419,24.990902,24.886557,24.41133,29.114939,32.946453,35.414455,34.06164,37.283474,34.997955,35.637005,31.520933,34.009563,28.286863,32.394638,28.309881,29.703957,28.247025,29.355768,32.827625,35.506958,32.26289,33.522186,29.440113,31.50298,28.487537,33.443184,30.294523,33.724125,35.567604,37.999207,36.989418,34.924088,35.254845,30.306374,32.83178,30.397232,33.544308,28.771847,33.396015,31.668167,34.696884,36.408005,37.468224,41.63422,43.90024,40.247475,43.215485,44.552162,44.349876,40.18143,39.718147,36.876793,38.486248,34.211845,36.192787,36.243225,34.16374,33.666145,31.319975,28.970192,28.944818,25.736242,27.682388
4,12.136863,10.283134,7.3747163,4.2974687,0.0,6.3563046,4.7244086,10.08612,11.943105,15.14646,19.421047,21.163675,20.29645,19.941532,15.743782,14.140811,13.164181,10.441592,12.383522,9.875477,14.285139,13.151176,17.301699,18.73299,16.96878,12.896721,14.828697,14.723482,11.146841,16.23057,13.727263,17.714708,20.351044,22.989725,24.885206,27.186737,30.957464,28.136524,27.597761,24.917751,23.913418,21.51002,19.061754,19.438051,17.067127,17.173813,13.51964,16.54699,21.094,21.094593,20.380415,24.983265,28.873194,31.51226,30.472164,33.696213,31.421507,32.4631,28.116186,31.125616,25.379591,29.834135,26.221909,27.811954,26.985876,28.389622,31.952173,34.075768,30.838356,31.572433,27.533167,29.15672,25.928272,30.773527,27.338055,30.764807,32.404,35.06233,33.926064,32.006752,32.677475,27.397038,30.290693,28.0954,31.301424,27.015928,31.406818,30.14605,33.133953,35.173462,36.112804,40.251,42.33074,38.325653,41.46495,42.7485,43.007595,38.90261,37.928703,35.504715,36.515194,32.661922,34.44756,34.375294,32.779377,32.394558,30.763962,28.125576,28.833048,25.671217,28.258818
5,15.156191,13.938994,8.971106,6.566586,6.3563046,0.0,7.281671,6.615618,11.067435,12.885972,16.816463,18.5468,16.41639,15.587991,11.084511,11.003607,9.401489,9.306976,11.900322,11.791681,16.517735,15.961906,20.561487,22.765736,22.159807,18.616539,20.094223,18.827808,14.377787,18.527271,14.473612,16.716536,18.515436,20.555216,22.001686,23.672169,27.770777,25.678705,26.021608,23.81935,23.132023,22.231924,19.83216,21.69971,19.40851,21.552088,18.354406,20.857193,25.159605,23.989504,22.485834,26.97675,31.431091,33.08191,32.01436,35.547905,34.059193,35.013638,31.518353,34.975716,29.21177,34.273945,30.82711,32.88832,31.494438,33.452686,36.726852,38.914555,35.241398,35.97156,31.362078,32.61987,28.790154,33.56346,29.339138,32.20699,33.46681,35.615757,34.133236,31.47011,32.44488,27.85454,31.294897,29.571932,33.453335,29.764585,34.40242,33.450985,36.94275,39.171238,40.56763,44.688843,46.27021,42.044445,44.8448,45.733818,45.978333,41.3272,40.19125,37.32044,37.83864,33.822227,34.92555,34.414677,32.451275,32.62674,30.163973,28.83287,29.184858,26.746042,29.212788
6,16.819082,14.772572,11.772624,8.547339,4.7244086,7.281671,0.0,7.2192287,7.5920606,10.9744005,15.491503,16.930183,16.704397,16.829472,13.197138,11.404378,11.971389,8.76085,12.347609,10.377784,14.996527,15.365878,18.667686,19.474318,17.990784,14.16097,14.30585,13.775238,9.216266,14.695746,10.554852,15.640968,17.072535,20.762312,21.815508,24.70535,28.353548,25.045431,24.731728,22.276365,20.484617,18.63047,15.462648,16.465908,13.354145,14.979407,11.258346,13.6047125,17.917456,17.134642,16.057608,20.720043,24.80368,27.061422,26.064837,29.404623,27.453587,28.680882,24.633104,28.257915,22.512983,27.631203,24.608288,26.737074,26.128212,28.256672,31.627575,33.182926,29.674126,29.874216,25.550009,26.521347,22.79899,27.488369,23.47419,26.685722,28.067652,30.730228,29.435127,27.473068,28.4176,23.060604,26.390959,24.577602,28.092552,24.589756,28.83382,28.211971,31.417742,33.88855,34.995506,39.057846,40.616604,36.166622,39.258778,40.279396,40.976143,36.694855,35.154392,32.960648,33.200245,29.709372,31.069344,30.76023,29.531239,29.413965,28.303257,25.784653,27.152077,24.354338,27.566189
7,21.241789,19.480907,14.964214,12.258111,10.08612,6.615618,7.2192287,0.0,5.8849545,6.411717,11.058697,12.046716,10.37808,10.451227,6.8249807,7.460445,8.900322,8.7985115,13.433784,13.93029,18.670164,19.688747,23.28945,24.723875,24.312986,20.944344,20.703716,19.078932,13.905709,18.021568,11.908648,15.016696,14.504019,18.12114,17.940752,20.464096,24.43781,21.720917,22.683403,20.99185,19.154293,19.522984,16.218945,19.222515,16.1514,20.29821,17.267792,18.638714,22.330853,20.07765,17.860209,22.07717,26.812904,27.689407,26.800953,30.490465,29.664238,30.896904,28.01823,32.275467,26.702143,32.494804,29.886555,32.544647,31.460611,34.228485,37.25431,38.71495,34.768494,34.811443,29.933653,30.28705,25.858656,30.25037,25.201605,27.544739,28.274818,30.290154,28.469913,25.552052,27.099333,22.651606,26.85147,25.846079,30.17734,27.731312,32.074257,32.01082,35.736423,38.48813,40.076828,44.054325,44.93858,40.16848,42.85604,43.35497,44.19747,39.330738,37.411366,34.86466,34.20786,30.765562,31.109608,30.15744,28.71365,29.398928,27.60273,26.682379,27.90698,26.09246,29.331202
8,23.763683,22.18569,18.546165,14.821456,11.943105,11.067435,7.5920606,5.8849545,0.0,4.263184,8.093597,9.755616,10.343479,10.797696,8.72579,6.7387853,10.109235,7.9063168,12.930029,13.027853,17.167627,19.385124,21.748693,22.314144,22.125547,19.312952,17.62171,15.642694,10.50268,14.267151,7.38263,12.17503,10.892191,15.914733,15.404563,18.950665,22.377884,18.656097,19.05094,17.26564,14.525232,14.653813,10.753246,13.950375,10.6054945,15.870338,13.734949,14.988306,18.028343,14.923233,13.236228,17.77265,22.119883,22.723148,21.300955,24.942621,24.079039,25.074816,22.524406,26.795954,21.36164,27.399536,25.211618,28.232645,27.241304,30.540434,33.29442,34.283787,30.199434,29.880125,24.90147,24.828485,20.219254,24.473013,19.32123,21.699503,22.58638,24.725681,23.113926,20.57819,21.818346,17.010616,21.100061,20.128708,24.463385,22.490112,26.61028,26.966532,30.73386,33.738693,35.418438,39.270397,39.784542,34.804073,37.443115,37.82157,38.94128,34.11555,31.86616,29.615885,28.614597,25.473064,25.807726,24.930649,23.910578,24.492924,23.60654,22.135052,24.125448,22.40183,26.213587
9,26.924076,25.12672,21.032534,17.85463,15.14646,12.885972,10.9744005,6.411717,4.263184,0.0,5.942593,6.0200167,6.4165983,7.8867874,7.2488394,7.4479694,11.430402,10.952208,15.989482,16.825226,20.967855,23.2177,25.736692,26.442184,26.386734,23.535181,21.788033,19.785946,14.696029,17.979965,10.826089,14.306652,11.238276,16.452358,14.543316,18.072432,21.5332,18.033924,19.424084,18.335642,15.25009,16.967094,13.000532,17.035433,13.615838,19.619892,17.433748,17.804544,20.41811,16.840338,14.243895,18.042152,22.746365,22.537905,21.543388,25.324059,25.242008,26.52081,24.582022,29.366299,24.226385,30.512215,28.776491,31.959578,31.052588,34.55074,37.18458,37.95781,33.804726,33.23505,28.202316,27.648556,22.780304,26.60037,20.876097,22.54949,22.772156,24.55735,22.479296,19.354275,21.352743,17.176746,22.011051,21.792368,26.453615,25.38281,29.278803,30.09198,33.965042,37.138542,38.93482,42.67884,42.828175,37.646267,40.114147,40.20014,41.572365,36.573593,33.948772,31.759861,29.964315,27.183516,26.760256,25.404663,24.567863,25.719122,24.781147,24.220238,26.309393,25.182192,29.021212
10,30.61647,29.569378,25.392963,21.493662,19.421047,16.816463,15.491503,11.058697,8.093597,5.942593,0.0,5.0038958,5.9450874,5.9332733,7.827304,7.2141676,11.653347,12.008021,16.261953,18.209564,21.491539,24.653286,26.468676,27.212715,28.241959,26.2483,23.969042,20.985792,16.357918,17.707428,10.919974,11.954032,6.767104,12.13508,8.968809,12.894746,15.964315,12.316288,14.268581,13.891764,10.804863,14.361275,11.27646,16.304346,14.261201,21.210506,20.527931,21.321253,23.191631,18.578903,16.769426,20.291872,24.371508,22.855057,20.865007,24.541298,25.12592,25.48804,25.017519,29.298033,24.605108,30.884192,29.303368,32.864185,31.236053,35.306522,37.393166,38.128307,33.623383,33.120384,27.729774,26.874645,21.866829,25.286291,19.489355,20.412457,20.627022,21.528996,19.597822,15.991511,17.383924,14.560088,19.016949,19.194304,24.178852,23.850224,27.695116,28.797182,33.004528,36.248657,38.53062,42.08333,41.592216,36.41126,38.335968,37.982773,39.253914,33.880817,31.214724,28.664688,26.503004,23.671053,22.596321,20.93516,19.788952,21.418297,20.170315,20.75897,22.824821,22.630323,26.462189
11,32.88386,31.125673,26.932348,23.768805,21.163675,18.5468,16.930183,12.046716,9.755616,6.0200167,5.0038958,0.0,4.661335,7.4673176,10.092727,11.104757,15.4492035,15.770632,20.473835,21.908648,25.581795,28.400686,30.4413,30.938124,31.301418,28.830994,26.431969,24.137726,19.38509,21.63195,14.568697,16.821472,11.604443,17.010735,13.110388,16.867634,19.685038,16.148228,18.549002,18.511673,14.789912,18.40156,14.627133,19.403952,16.32826,23.308466,21.841204,21.459574,23.053358,18.5589,15.659241,18.28658,22.76317,20.99933,20.08252,23.83175,24.913927,26.165136,25.543314,30.654442,26.175497,32.656826,31.671324,35.19664,34.287075,38.27947,40.524002,40.83834,36.54232,35.56005,30.46566,29.133732,24.039213,27.043694,20.810778,21.335934,20.716259,21.796421,19.26192,15.47703,18.270548,15.374737,20.790018,21.661829,26.576162,26.98304,30.376652,31.945366,35.933792,39.370102,41.40818,44.8854,44.311646,38.875008,40.966873,40.554504,42.32396,37.15502,33.95893,31.984535,28.996225,26.92431,25.415977,23.453133,23.105698,24.978775,24.471865,24.946512,27.43994,27.223131,31.22539
12,31.364807,29.84555,25.16857,22.275501,20.29645,16.41639,16.704397,10.37808,10.343479,6.4165983,5.9450874,4.661335,0.0,3.747557,6.7807145,9.578871,13.184423,14.868641,19.366846,21.381063,25.306505,27.699099,30.37822,31.528292,32.09002,29.460348,27.842676,25.356606,20.32511,22.625767,15.608539,16.694042,12.214289,16.330292,12.902757,15.62523,19.05114,16.555902,19.349617,19.26604,16.624119,20.187313,16.939154,21.735664,19.006227,25.56669,23.788246,24.019114,26.267803,22.18201,19.324734,22.308176,26.991356,25.576378,24.628883,28.390339,29.255434,30.321316,29.44967,34.28375,29.486116,35.865856,34.308495,37.693935,36.38513,40.158108,42.53377,43.34212,38.96981,38.42249,33.163147,32.325016,27.29486,30.683338,24.660608,25.427221,25.081503,25.992157,23.580788,19.636602,22.025055,19.441277,24.454727,24.930813,29.903255,29.596798,33.420692,34.505653,38.62974,41.860695,43.98397,47.61315,47.293865,42.056316,44.11402,43.789803,45.15966,39.818096,37.067337,34.600704,32.214104,29.568432,28.25409,26.367453,25.314743,27.171442,25.587946,26.584408,28.331594,28.08984,31.665209
13,30.30761,29.3781,24.552816,21.281559,19.941532,15.587991,16.829472,10.451227,10.797696,7.8867874,5.9332733,7.4673176,3.747557,0.0,4.6331935,7.5639896,10.598399,13.187548,17.12307,19.785263,23.457367,25.918478,28.64135,30.178307,31.27158,28.945044,27.627195,24.669945,19.740637,21.38282,14.8103695,14.42501,10.476417,13.417773,10.573221,12.615389,16.390535,14.498657,17.301502,17.171474,15.47109,19.048409,16.545502,21.368546,19.403202,25.780697,24.441143,25.441153,27.906202,23.783743,21.49137,24.924164,29.423279,28.044035,26.512825,30.229557,30.89803,31.412853,30.71078,35.00301,30.100147,36.302402,34.310127,37.68159,35.815914,39.585365,41.847538,43.024437,38.514156,38.356586,32.909775,32.430428,27.507927,31.110777,25.402933,26.305761,26.381355,27.052732,24.958923,21.009747,22.628292,20.384914,24.764736,24.866392,29.841642,29.056341,33.175568,33.898727,38.17147,41.22004,43.53558,47.20793,46.937023,41.922676,43.806744,43.485962,44.457832,38.953358,36.629204,33.703274,31.886581,28.733011,27.61283,25.874346,24.189651,25.96276,23.575275,25.000654,26.178423,26.070372,29.309391
14,25.724365,24.924711,20.052021,16.763908,15.743782,11.084511,13.197138,6.8249807,8.72579,7.2488394,7.827304,10.092727,6.7807145,4.6331935,0.0,4.7404714,6.7790065,9.639083,13.612383,16.085634,20.10722,22.017735,25.239218,27.083454,27.956034,25.409481,24.759653,21.975515,16.943789,19.14451,12.881054,12.900705,11.040934,13.537502,12.645919,14.426146,18.55146,16.671038,18.54342,17.579676,16.426695,18.561153,16.120148,20.296757,18.317785,23.779219,22.048405,23.650284,26.725227,23.276497,21.246618,25.244276,29.824255,29.359518,27.812708,31.545471,31.50467,32.038605,30.514704,34.52237,29.240335,35.208836,32.672016,35.750893,33.832664,37.188053,39.712196,41.26834,36.88699,37.070755,31.709377,31.80914,27.1136,31.217196,25.902512,27.507334,28.078373,29.218704,27.369526,23.80914,25.058737,21.970457,26.00891,25.409021,30.16141,28.342806,32.788612,32.941994,37.10606,39.921875,42.061993,45.90989,46.169613,41.380154,43.511024,43.546135,44.21313,38.85414,36.966415,33.895462,32.93589,29.31404,28.965807,27.658113,25.689106,26.918573,24.239056,24.876085,25.670668,24.86036,27.877905
15,24.212242,23.83283,19.507067,15.233506,14.140811,11.003607,11.404378,7.460445,6.7387853,7.4479694,7.2141676,11.104757,9.578871,7.5639896,4.7404714,0.0,4.5637565,5.667741,9.805987,12.251395,15.941037,18.457281,21.105099,22.724995,23.932793,21.836847,20.848726,17.652695,12.825226,14.462811,8.452293,8.459032,7.8120165,10.66201,11.087475,13.473276,17.355923,14.769541,15.5606365,13.9511175,12.994203,14.159023,12.0596075,15.937306,14.586392,19.840961,18.853256,21.132256,24.108614,20.597958,19.441946,23.886654,28.01271,27.785366,25.613523,29.209364,28.728212,28.778461,27.239569,30.686615,25.376596,31.132755,28.367933,31.472628,29.276796,32.73018,35.13016,36.76282,32.321754,32.670444,27.250397,27.588873,23.062662,27.355927,22.487013,24.457949,25.579092,26.85448,25.448473,22.35294,22.815424,19.388279,22.723055,21.594965,26.160055,23.862103,28.448158,28.3661,32.544415,35.280384,37.476013,41.32797,41.645527,36.991596,39.109318,39.255173,39.739765,34.435184,32.79435,29.62475,29.201977,25.28924,25.459608,24.523125,22.390692,23.188179,20.625294,20.587143,21.427988,20.316507,23.483625
16,21.406086,21.767988,17.315681,12.943531,13.164181,9.401489,11.971389,8.900322,10.109235,11.430402,11.653347,15.4492035,13.184423,10.598399,6.7790065,4.5637565,0.0,5.027829,7.225454,10.497591,14.086133,15.899425,19.205898,21.62828,23.147202,21.170424,21.227749,17.94557,13.539591,14.838977,10.568328,8.974725,10.923698,11.38278,13.550519,14.632102,18.65076,17.047138,17.429668,15.496031,15.915674,16.16435,15.037296,18.076565,17.402414,21.421522,20.429161,23.453411,26.855648,23.923521,23.088062,27.742346,31.811735,31.986736,29.708881,33.222572,32.386948,32.1931,30.36242,33.24758,27.807587,33.102905,29.711094,32.485214,29.841757,32.855846,35.329277,37.55274,33.190166,34.101486,28.753838,29.748121,25.621168,30.16896,25.87167,28.129019,29.582611,30.840982,29.655655,26.665306,26.726994,23.403627,26.147526,24.528522,28.785782,25.593573,30.455202,29.701834,33.8146,36.164925,38.356087,42.304928,43.01655,38.768604,40.857418,41.20803,41.174263,35.917477,34.927654,31.371326,31.864763,27.45027,28.121689,27.492306,24.821772,25.277536,21.862541,21.846252,21.715738,20.281893,22.694645
17,19.647297,19.77225,16.143879,11.108176,10.441592,9.306976,8.76085,8.7985115,7.9063168,10.952208,12.008021,15.770632,14.868641,13.187548,9.639083,5.667741,5.027829,0.0,5.095239,6.6019454,10.628149,12.890162,15.692927,17.473322,18.594337,16.59901,16.248854,13.045111,8.516226,10.509606,6.456651,7.574971,10.648083,12.55787,14.97974,17.127514,20.699736,18.020338,17.41444,14.8463,14.609389,13.2315445,11.773698,13.888591,13.153412,16.470825,15.643386,19.075218,22.487572,19.925499,19.70136,24.602818,28.318546,29.089512,26.701128,30.0635,28.66656,28.477264,26.114426,28.77301,23.220423,28.356905,24.875357,27.572271,25.19093,28.15104,30.77016,32.857075,28.608343,29.442701,24.244947,25.411503,21.483292,26.236061,22.333792,25.106241,26.91278,28.64015,27.718601,25.331497,25.151403,21.035458,23.438675,21.374786,25.290133,21.61892,26.465624,25.580261,29.508284,31.8785,33.85092,37.854786,38.80181,34.548107,36.908577,37.512104,37.582233,32.6138,31.609623,28.38336,29.164991,24.827183,26.08493,25.814526,23.529919,23.484879,20.995356,19.561815,20.012451,17.82066,20.714548
18,18.433634,19.85487,16.809862,11.476268,12.383522,11.900322,12.347609,13.433784,12.930029,15.989482,16.261953,20.473835,19.366846,17.12307,13.612383,9.805987,7.225454,5.095239,0.0,4.5694795,6.9508767,9.306514,12.055479,14.745257,16.945724,15.90853,16.391172,12.695189,9.835464,9.747218,9.3699875,7.7160144,13.160392,12.814723,16.923983,18.11447,21.353426,19.379152,17.965406,15.035956,16.369072,13.939452,14.164966,15.154127,15.928214,17.76603,17.881569,22.151194,25.519917,23.314032,23.82513,28.811129,32.101467,33.000328,30.149248,33.26605,31.546215,30.707235,28.47906,30.08206,24.706453,29.042858,24.897808,27.264248,24.039337,26.65601,29.071419,31.834524,27.61899,29.19069,24.09816,26.0204,22.762934,27.576143,24.631662,27.563768,29.85171,31.384586,30.903997,28.774452,27.819586,24.108696,25.43929,22.797138,26.16994,21.55487,26.596304,24.903717,28.749308,30.603888,32.704815,36.712048,37.945175,34.279533,36.424816,37.196167,36.575882,31.689722,31.55654,27.853416,29.828957,24.93466,26.83529,27.025505,24.145983,23.587368,20.323109,18.742199,18.045977,15.467776,17.42711
19,15.787784,16.934345,14.843487,9.443042,9.875477,11.791681,10.377784,13.93029,13.027853,16.825226,18.209564,21.908648,21.381063,19.785263,16.085634,12.251395,10.497591,6.6019454,4.5694795,0.0,4.881173,6.5023613,9.427625,11.59587,12.798578,11.365755,12.28431,9.245707,6.930507,8.342259,9.280326,10.564847,15.695579,16.557852,20.24828,22.069471,25.193222,22.609098,20.847906,17.687346,18.24548,14.634089,14.343475,14.023943,14.437692,14.586164,14.389814,19.06464,22.63753,21.316263,22.202513,27.232933,30.272804,31.963661,29.350368,32.308804,30.00544,29.43451,26.365582,27.794964,22.293653,26.261381,21.892897,23.889223,21.156193,23.293894,26.112125,28.87445,24.986164,26.555267,21.876417,24.138693,21.283709,26.256124,23.78224,27.203243,29.66549,31.70419,31.332321,29.677088,28.819338,24.381977,25.60429,22.657578,25.544743,20.379898,25.274927,23.320377,26.757332,28.506033,30.174004,34.28558,36.0203,32.443634,34.987236,36.128857,35.610466,31.188549,31.077225,27.84814,30.078653,25.42566,27.826675,28.281399,25.891943,24.956646,22.63712,19.82081,19.666365,16.309175,18.476868
20,17.662916,19.731358,18.521227,13.38099,14.285139,16.517735,14.996527,18.670164,17.167627,20.967855,21.491539,25.581795,25.306505,23.457367,20.10722,15.941037,14.086133,10.628149,6.9508767,4.881173,0.0,4.896564,5.2184005,7.9564953,10.980607,11.467368,12.355966,8.77042,9.148782,7.523825,11.813855,11.624093,17.655045,17.44115,21.955423,23.42743,25.980118,23.604239,21.01802,17.654942,19.114391,14.53951,15.686617,14.240855,16.186651,15.140413,16.454742,21.528543,24.599552,23.378695,25.077845,30.036634,32.46041,34.104774,30.964417,33.576336,31.012081,29.715681,27.004814,27.258028,22.198666,25.228624,20.396366,22.124718,18.476833,20.450224,22.881231,26.16706,22.295326,24.52665,20.044031,22.952175,20.904596,25.713278,24.327188,27.807043,30.719631,32.569283,32.692432,31.447428,29.81891,25.78168,25.864944,22.431593,24.602423,18.694897,23.559265,20.883896,24.153334,25.411823,27.228605,31.27253,33.16996,30.168673,32.46636,33.756073,32.64837,28.42727,29.101757,25.612242,28.927961,23.972721,27.01931,27.967173,25.30413,23.80523,21.37438,18.019363,17.163486,13.326313,14.736508
21,13.331455,16.10216,15.638924,11.2152815,13.151176,15.961906,15.365878,19.688747,19.385124,23.2177,24.653286,28.400686,27.699099,25.918478,22.017735,18.457281,15.899425,12.890162,9.306514,6.5023613,4.896564,0.0,5.3944716,9.062694,10.599698,10.421058,13.396755,11.369045,11.794354,11.9511,15.395352,15.774155,21.630295,21.38759,25.8541,27.08264,29.949963,27.85908,25.5834,22.283243,23.658579,19.271284,19.890827,18.38266,19.581896,17.557247,17.794344,22.906183,26.461763,26.092468,27.519112,32.47697,35.08529,37.303818,34.59026,37.24424,34.427,33.53369,30.144392,30.45806,25.322744,27.959562,22.909544,23.957817,20.796268,21.66685,24.506891,28.154392,24.85358,27.288925,23.398273,26.595497,24.826073,29.683464,28.369461,32.0311,34.85628,36.942398,36.91699,35.603535,34.309124,29.959229,30.377733,26.961521,28.995634,22.887468,27.564796,24.627188,27.422056,28.313652,29.67058,33.74011,36.251125,33.582985,36.09877,37.672657,36.430897,32.589462,33.465782,30.148191,33.624813,28.752653,31.871592,32.80359,30.181547,28.699408,26.154898,22.8778,21.804361,17.921066,18.699007
22,17.887978,20.519684,20.628407,16.158085,17.301699,20.561487,18.667686,23.28945,21.748693,25.736692,26.468676,30.4413,30.37822,28.64135,25.239218,21.105099,19.205898,15.692927,12.055479,9.427625,5.2184005,5.3944716,0.0,4.446847,8.269802,10.498665,12.271247,9.890375,12.457361,10.598866,16.259113,16.45177,22.487183,22.11756,26.805113,28.209133,30.460743,28.111149,25.084087,21.676311,23.268465,17.997614,19.52588,16.89971,19.265907,16.247257,18.073517,23.3509,26.190891,25.820818,28.099344,32.906223,34.78659,36.945488,33.756584,36.001865,32.920845,31.391846,28.352074,27.568996,22.983463,24.704311,19.417604,20.274141,16.378283,17.240324,19.665565,23.590296,20.311478,23.206182,19.621777,23.285866,22.347198,26.9079,26.676676,30.38439,33.59324,35.592808,36.05604,35.298264,33.348312,29.244831,28.616558,24.830736,26.060303,19.479063,23.881927,20.420744,22.923552,23.43799,24.872215,28.855429,31.446594,29.224993,31.578869,33.305405,31.709864,28.207747,29.62624,26.377281,30.644712,25.796837,29.4887,30.881752,28.355728,26.344757,24.346182,20.24757,19.119783,14.8569765,15.30555
23,20.344748,22.281384,22.85881,18.495829,18.73299,22.765736,19.474318,24.723875,22.314144,26.442184,27.212715,30.938124,31.528292,30.178307,27.083454,22.724995,21.62828,17.473322,14.745257,11.59587,7.9564953,9.062694,4.446847,0.0,5.4852967,9.175677,9.635199,7.878082,12.06174,10.028152,16.432652,17.783451,23.268497,23.71513,27.956743,29.914747,31.897205,28.975037,25.656836,22.246466,23.211897,17.360012,18.80272,15.160486,17.757807,13.484913,16.177029,21.34347,23.637167,23.642351,26.499557,31.05387,32.350338,34.77151,31.53776,33.449184,30.024185,28.389341,25.161087,23.804089,19.547897,20.608555,15.22832,15.873245,12.052408,12.904154,15.484857,19.237993,16.069275,18.962688,15.796294,19.716623,19.423656,23.764307,24.275679,28.144928,31.512964,33.72333,34.432255,34.20375,32.109524,27.810324,26.725973,22.78762,23.362238,16.585234,20.568398,16.94873,19.032198,19.522667,20.696758,24.737822,27.518246,25.324314,27.91546,29.87198,28.457415,25.39337,26.748718,24.048382,28.418375,23.985407,28.000195,29.631607,27.63012,25.340067,24.416182,19.421751,19.10179,14.642125,15.681929
24,18.353632,19.420818,20.909369,17.356411,16.96878,22.159807,17.990784,24.312986,22.125547,26.386734,28.241959,31.301418,32.09002,31.27158,27.956034,23.932793,23.147202,18.594337,16.945724,12.798578,10.980607,10.599698,8.269802,5.4852967,0.0,4.764986,6.465657,7.828406,11.946663,12.447289,17.476892,20.625734,25.447214,26.972933,30.58549,33.017357,35.344715,32.014645,29.070292,25.692125,25.717339,19.99184,20.208841,16.379932,17.5983,11.838651,13.300245,18.276392,20.816357,22.04496,24.789585,29.137957,30.384346,33.662273,31.108099,32.98085,29.157942,28.343313,23.984358,23.119108,18.687096,19.585789,14.40252,14.339018,12.546944,12.256638,15.881782,19.04946,16.685999,18.91993,16.575464,20.268457,20.051506,24.392172,24.759174,28.906466,32.042625,34.779457,35.256424,35.18556,33.704754,28.699135,28.25677,24.532053,25.05672,18.642723,22.152409,18.973816,20.42857,21.077993,21.377123,25.454428,28.75456,26.364817,29.548702,31.780073,30.95289,28.383314,29.146603,27.210573,30.89375,27.034355,30.877691,32.33928,30.903765,28.79258,28.50768,23.29543,23.743475,19.336832,20.944267
25,15.349329,15.47953,16.944065,13.811075,12.896721,18.616539,14.16097,20.944344,19.312952,23.535181,26.2483,28.830994,29.460348,28.945044,25.409481,21.836847,21.170424,16.59901,15.90853,11.365755,11.467368,10.421058,10.498665,9.175677,4.764986,0.0,5.4323483,7.979307,10.219516,12.967177,16.090624,20.24847,24.526442,26.71796,29.819168,32.450672,35.20865,31.771544,29.404291,26.111155,25.566732,20.44497,19.607782,16.535715,16.366896,11.159072,10.5183325,15.393177,18.704134,20.266348,22.299475,26.713705,28.539862,32.103973,30.13631,32.334793,28.659945,28.633913,23.731295,24.142832,19.150118,21.122969,16.497717,16.799635,16.08238,16.140602,19.981913,22.52667,20.12831,21.614046,18.958246,21.974333,20.89647,25.476759,24.797775,28.963173,31.706408,34.672398,34.702137,34.29936,33.50432,28.078773,28.64224,25.294233,26.509367,20.67936,24.364521,21.871675,23.63398,24.798475,25.028172,29.123665,32.208916,29.246092,32.639465,34.703552,34.390144,31.52255,31.602587,29.768887,32.56011,28.842287,32.17919,33.236893,31.950504,30.272152,29.892986,25.0938,25.876623,21.652744,23.7654
26,20.225327,19.834303,20.467665,16.757645,14.828697,20.094223,14.30585,20.703716,17.62171,21.788033,23.969042,26.431969,27.842676,27.627195,24.759653,20.848726,21.227749,16.248854,16.391172,12.28431,12.355966,13.396755,12.271247,9.635199,6.465657,5.4323483,0.0,4.8391166,8.083822,10.465078,13.640728,18.617956,22.089323,25.03443,27.567427,30.724577,33.116405,29.146643,26.609264,23.448818,22.230438,16.927656,15.8739195,12.132305,12.045238,5.858736,7.022481,11.989903,14.503412,15.662971,18.39783,22.678022,24.010405,27.380331,25.143244,27.153963,23.396095,23.223856,18.409998,18.84595,13.734632,16.177477,11.868249,13.02062,12.702502,14.093907,17.693579,19.329308,16.456789,17.232971,14.215627,16.799816,15.628676,20.134518,19.60934,23.824188,26.64294,29.692888,29.896397,29.893896,28.95279,23.47136,23.749884,20.447638,21.464314,16.034449,19.476051,17.531641,19.447575,21.212646,21.605047,25.70067,28.227842,24.698,28.189041,30.097824,30.286308,27.361193,26.887411,25.48013,27.760391,24.485714,27.75029,28.838602,28.055882,26.35305,26.903273,21.701756,23.368822,19.374027,22.274567
27,20.912823,21.19445,20.804533,16.183249,14.723482,18.827808,13.775238,19.078932,15.642694,19.785946,20.985792,24.137726,25.356606,24.669945,21.975515,17.652695,17.94557,13.045111,12.695189,9.245707,8.77042,11.369045,9.890375,7.878082,7.828406,7.979307,4.8391166,0.0,5.235197,5.6631,10.138899,14.153246,18.129684,20.528812,23.451958,26.388395,28.6359,24.846685,22.113297,18.863758,18.175085,12.669241,12.393506,8.840188,10.13737,6.5118604,9.131205,14.177652,16.550453,16.003279,18.648794,23.279236,24.912785,27.279583,24.36894,26.611458,23.388184,22.509119,18.860718,19.231827,13.96403,17.163,12.692752,14.7869005,12.687667,15.296359,18.219425,20.21179,16.43028,17.578676,13.309841,15.885562,14.028144,18.885025,17.947163,21.963146,24.958834,27.543243,27.822395,27.48574,26.10515,21.101572,21.102911,17.609114,19.154728,13.4303875,17.715233,15.684499,18.543276,20.504377,21.74579,25.877893,27.777925,24.087206,27.10346,28.637793,28.539213,24.88656,24.561842,22.401815,24.878883,20.998133,24.227606,25.302233,24.012362,22.32763,22.318634,17.364395,18.767962,14.829887,17.911863
28,19.876492,19.569443,18.00359,13.181651,11.146841,14.377787,9.216266,13.905709,10.50268,14.696029,16.357918,19.38509,20.32511,19.740637,16.943789,12.825226,13.539591,8.516226,9.835464,6.930507,9.148782,11.794354,12.457361,12.06174,11.946663,10.219516,8.083822,5.235197,0.0,5.9609356,5.900495,11.265588,14.480624,17.61788,19.923454,23.030483,25.768547,21.966747,20.051195,17.000214,15.761948,11.571262,9.876789,8.599891,7.9721494,8.188449,8.362632,12.891318,15.988345,14.53632,15.982443,20.945807,23.57327,25.523882,22.983753,25.806078,23.247818,23.011702,19.543936,21.497755,15.822109,20.422375,16.764778,19.278986,17.618652,20.46454,23.361715,25.041485,21.104225,21.703642,16.988321,18.544693,15.347984,20.330046,17.673746,21.377161,23.819378,26.34062,26.018934,24.95133,24.295303,19.121344,20.494173,17.654976,20.440254,15.887075,20.396675,19.255114,22.607548,24.99281,26.439945,30.506231,31.917812,27.70816,30.60783,31.724865,32.025257,27.814798,26.805641,24.446661,25.769377,21.901531,24.222319,24.660238,23.286911,22.327206,21.788712,17.945135,19.496326,16.194063,19.664032
29,23.232086,23.985094,22.463083,17.218275,16.23057,18.527271,14.695746,18.021568,14.267151,17.979965,17.707428,21.63195,22.625767,21.38282,19.14451,14.462811,14.838977,10.509606,9.747218,8.342259,7.523825,11.9511,10.598866,10.028152,12.447289,12.967177,10.465078,5.6631,5.9609356,0.0,7.197332,9.032311,13.530247,15.18175,18.50908,21.18209,23.206701,19.625797,16.69439,13.362837,13.41743,7.924804,9.005088,6.7817564,9.719887,10.106502,12.989064,17.444693,19.52231,17.298004,19.564842,24.29524,26.231794,27.362926,23.826925,26.300745,23.898691,22.3534,20.231075,20.75785,15.722849,19.61969,15.612409,18.431303,15.162536,18.736336,20.804867,22.842798,18.38379,19.612663,14.375918,16.381716,13.663723,18.489439,16.85053,20.307808,23.31655,25.218786,25.519903,24.70801,22.861423,18.679764,18.46556,15.01632,17.401417,12.099372,17.07164,15.383296,19.210558,21.407843,23.520521,27.482874,28.492712,24.611969,26.959219,27.907833,27.614317,23.075483,22.742134,19.683012,22.04386,17.4978,20.39437,21.315615,19.35096,17.854195,16.996658,12.688153,13.807276,10.274425,13.84012
30,23.75448,23.418747,20.655668,15.693807,13.727263,14.473612,10.554852,11.908648,7.38263,10.826089,10.919974,14.568697,15.608539,14.8103695,12.881054,8.452293,10.568328,6.456651,9.3699875,9.280326,11.813855,15.395352,16.259113,16.432652,17.476892,16.090624,13.640728,10.138899,5.900495,7.197332,0.0,7.075467,8.662974,12.679861,14.176856,17.62044,20.353872,16.359467,14.995725,12.317779,10.521617,8.146187,5.640808,7.7902,7.094041,11.81636,12.326643,15.407241,17.870245,14.55506,15.198534,20.053394,23.118284,23.678768,20.798985,23.981884,22.479565,22.04387,20.001005,22.687265,17.289106,22.783098,19.932098,23.13114,21.090654,24.779732,27.111526,28.429188,24.026018,24.243273,18.896132,19.437902,15.20535,19.868443,15.898929,18.81856,20.860031,22.805222,22.17623,20.420933,19.872774,15.277727,17.350597,15.206507,19.125362,16.026556,20.622307,20.383768,24.376944,27.186558,29.205433,33.06834,33.55515,28.909725,31.318323,31.79714,32.36865,27.470615,25.881763,23.165586,23.39343,19.511217,20.823318,20.681417,19.118383,18.884436,17.97418,15.458081,17.337252,15.200999,19.146097
31,25.852478,26.676765,23.419245,18.149431,17.714708,16.716536,15.640968,15.016696,12.17503,14.306652,11.954032,16.821472,16.694042,14.42501,12.900705,8.459032,8.974725,7.574971,7.7160144,10.564847,11.624093,15.774155,16.45177,17.783451,20.625734,20.24847,18.617956,14.153246,11.265588,9.032311,7.075467,0.0,6.489606,6.490632,10.365804,12.39696,14.984982,12.150518,10.407572,7.5144076,8.905147,7.9510403,9.022553,11.673064,13.302966,17.584198,19.000792,22.439304,24.713072,21.014715,21.697128,26.305235,29.239338,28.852337,25.349634,28.3949,27.464195,26.044798,25.352161,27.101631,22.257294,27.164186,23.949327,27.148815,23.757732,27.599274,29.306059,31.251492,26.539886,27.48135,21.858105,22.730791,18.870058,23.127596,19.674858,21.829672,23.988539,24.872326,24.522343,22.294918,20.819471,18.068203,19.100176,16.95291,20.910652,17.774525,22.621313,21.94717,26.32069,28.746164,31.399576,35.108574,35.21443,31.048443,32.694496,32.81544,32.62515,27.190578,26.37849,22.549114,23.500751,18.744186,19.842777,19.710985,16.728859,16.650763,13.484083,12.872825,13.09023,11.969384,15.141667
32,30.273262,30.236973,26.486908,21.685406,20.351044,18.515436,17.072535,14.504019,10.892191,11.238276,6.767104,11.604443,12.214289,10.476417,11.040934,7.8120165,10.923698,10.648083,13.160392,15.695579,17.655045,21.630295,22.487183,23.268497,25.447214,24.526442,22.089323,18.129684,14.480624,13.530247,8.662974,6.489606,0.0,6.4109483,5.5747933,9.58997,12.13567,8.043037,8.31027,7.2432656,5.496552,9.036746,8.142324,12.947109,13.190129,19.570415,20.516531,22.586208,24.268631,19.584192,19.387035,23.376972,26.56156,25.088575,21.810785,25.08815,25.193092,24.215878,24.380678,27.266125,22.75139,28.454111,26.342741,29.969965,27.328754,31.63518,33.251385,34.367428,29.612047,29.669098,24.009567,23.644297,19.020023,22.595304,17.817114,18.98504,20.25743,20.739813,19.79807,16.859125,16.157948,14.00439,16.416737,15.67478,20.464268,19.439665,23.64166,24.244368,28.691639,31.674095,34.351776,37.84423,37.23363,32.448288,33.97896,33.59117,34.234997,28.628119,26.657677,23.383572,22.311165,18.560564,18.07362,16.954157,14.714506,15.894067,13.771363,14.54022,16.153875,16.279348,19.979305
33,31.031422,31.972675,28.138493,23.16252,22.989725,20.555216,20.762312,18.12114,15.914733,16.452358,12.13508,17.010735,16.330292,13.417773,13.537502,10.66201,11.38278,12.55787,12.814723,16.557852,17.44115,21.38759,22.11756,23.71513,26.972933,26.71796,25.03443,20.528812,17.61788,15.18175,12.679861,6.490632,6.4109483,0.0,5.8587847,6.225281,8.655161,7.15849,6.7966948,5.9066324,8.860136,11.478044,12.955429,16.6373,18.25121,23.510738,24.971033,27.853039,29.777153,25.378191,25.56975,29.696692,32.710754,31.19732,27.564346,30.594023,30.609413,28.920568,29.459276,31.356926,27.032312,32.058796,29.32656,32.744137,29.114763,33.249683,34.515724,36.308334,31.45912,32.272243,26.575354,26.880049,22.87553,26.400927,22.592134,23.666182,25.295002,25.194195,24.701761,21.846865,20.248241,19.316936,20.376827,19.174406,23.420067,21.66722,26.082863,25.943808,30.473698,32.948757,35.970993,39.394905,38.797966,34.62915,35.66271,35.206562,35.008846,29.20914,28.245745,24.098997,24.254427,19.733494,19.556301,18.806898,15.224882,16.166746,11.63476,14.154168,13.782451,14.690334,17.17567
34,34.379723,34.566517,30.40593,25.801622,24.885206,22.001686,21.815508,17.940752,15.404563,14.543316,8.968809,13.110388,12.902757,10.573221,12.645919,11.087475,13.550519,14.97974,16.923983,20.24828,21.955423,25.8541,26.805113,27.956743,30.58549,29.819168,27.567427,23.451958,19.923454,18.50908,14.176856,10.365804,5.5747933,5.8587847,0.0,4.7448096,7.122597,4.0478067,7.164974,8.268064,8.136404,13.29645,13.283619,18.04061,18.555958,25.060413,26.060684,27.91228,29.418201,24.447369,23.90637,27.41066,30.600285,28.2623,24.992947,28.151644,29.012299,27.807238,28.893978,31.720675,27.634874,33.24375,31.33543,35.03754,32.08988,36.526062,37.84013,38.9803,34.13653,34.238647,28.565577,27.967037,23.438992,26.429308,21.657482,21.922203,22.698818,22.247395,21.186466,17.694597,16.964266,16.73698,18.961565,18.956503,23.711037,23.505161,27.404652,28.222826,32.746986,35.66895,38.619534,41.912445,40.840313,36.158348,37.19556,36.39098,36.93855,31.109297,29.159988,25.629814,24.076172,20.570833,19.087809,17.452883,14.79058,16.810936,13.714428,16.745754,17.696398,19.02421,22.10323
35,35.617096,36.298656,31.945349,27.424942,27.186737,23.672169,24.70535,20.464096,18.950665,18.072432,12.894746,16.867634,15.62523,12.615389,14.426146,13.473276,14.632102,17.127514,18.11447,22.069471,23.42743,27.08264,28.209133,29.914747,33.017357,32.450672,30.724577,26.388395,23.030483,21.18209,17.62044,12.39696,9.58997,6.225281,4.7448096,0.0,4.2872276,5.794419,8.829405,10.2578745,12.060412,16.60275,17.38258,21.773611,22.732332,28.796167,29.841969,32.07436,33.82725,29.005497,28.485723,32.08195,35.335197,32.97591,29.659529,32.74169,33.611145,32.15485,33.356365,35.810196,31.741844,37.086723,34.833374,38.41417,34.98608,39.277435,40.459488,41.996006,37.114388,37.61744,31.921352,31.671898,27.403412,30.40873,26.022911,26.245033,27.10901,26.345102,25.42891,21.916977,20.919254,21.290895,22.999897,22.813416,27.310133,26.739084,30.75172,31.183212,35.737366,38.378063,41.496483,44.76096,43.706963,39.36032,40.123592,39.25978,39.34787,33.433052,32.02827,28.056948,27.091728,23.278854,21.86615,20.376469,17.075974,19.031729,14.627518,18.758856,18.541487,20.31215,22.5284
