,0,1,2,3,4,5,6,7,8,9,10,11,12,13,14,15,16,17,18,19,20,21,22,23,24,25,26,27,28,29,30,31,32,33,34,35,36,37,38,39,40,41,42,43,44,45,46,47,48,49,50,51,52,53,54,55,56,57,58,59,60,61,62,63,64,65,66,67,68,69,70,71,72,73,74,75,76,77,78,79,80,81,82,83,84,85,86,87,88,89,90,91,92,93,94,95,96,97,98,99,100,101,102,103,104,105,106,107,108,109,110
0,0.0,4.3583093,6.007273,9.519205,11.559103,14.2995,16.873596,20.290178,23.795143,26.487719,29.658789,35.100487,31.040686,30.081976,24.506052,24.26833,20.303564,19.991135,17.183119,16.03771,15.828952,15.440343,20.142614,22.376467,25.53516,28.785866,31.751709,31.251242,30.765987,33.913475,33.375065,37.847,39.14517,42.517834,41.710197,43.463963,40.865833,38.880623,35.423336,31.406294,33.823635,28.58577,30.930265,27.833935,30.730946,29.804308,29.950956,30.817173,28.091877,33.107193,34.472298,30.807178,34.093086,38.18218,39.159054,40.223373,38.01572,39.112595,37.867878,40.55856,37.339684,39.30379,36.97004,39.27914,40.69554,35.391365,39.929398,40.297016,39.295616,39.0607,37.539455,35.40628,29.963806,31.755646,27.239693,27.55456,25.090246,25.001205,24.708206,23.566376,24.456635,26.406563,25.846697,24.580961,23.593052,25.274364,23.536238,27.023016,26.820644,30.668936,31.837336,35.85352,36.11395,33.380505,31.277613,29.069324,25.899904,22.725824,24.31569,19.43539,20.683615,19.404055,19.887638,21.286186,19.42679,18.585844,19.836695,20.864191,20.762796,24.25738,23.474144
1,4.3583093,0.0,5.3460007,6.1762357,8.646006,12.099438,14.121662,18.2982,21.184072,24.664854,27.247467,32.96612,29.116262,27.746681,22.547575,21.458246,17.500006,16.611454,13.522225,11.972567,11.542422,11.154295,15.871391,18.315922,21.35017,24.547667,27.49839,26.96714,26.533218,29.788946,29.35764,34.010887,35.50267,39.00683,38.491093,40.396152,38.134342,36.247967,32.505188,28.54069,30.768316,25.349354,27.548283,24.155182,27.207104,25.816233,26.34309,27.056013,24.668638,29.512173,30.73938,27.64372,30.948277,34.73767,35.784252,36.599495,34.424522,35.199955,33.849773,36.60519,33.120754,35.15746,32.876835,35.182484,36.880413,31.66305,36.389786,37.066345,36.152405,36.43542,34.539032,32.231148,26.763271,28.253983,23.651463,23.643986,21.000294,20.77735,20.37325,19.280798,20.179436,22.305925,21.699135,20.635696,19.697441,21.992311,20.13111,23.977087,24.147638,28.081207,29.619389,33.42428,34.061028,31.387539,29.484068,26.932198,23.973192,20.598095,21.779009,16.460047,17.274862,15.58283,15.918289,17.280523,15.151625,14.291601,15.625393,16.762402,16.958223,20.646465,20.319118
2,6.007273,5.3460007,0.0,5.313095,6.4497433,8.6419325,11.365945,14.290526,17.944218,20.48578,23.70436,29.098413,25.113785,24.253069,18.641115,18.548227,14.77134,14.746933,12.680655,12.203307,13.497243,14.353545,18.837374,22.008362,24.589699,27.495369,29.915186,28.312773,27.17043,29.958078,28.910742,33.18295,33.975044,37.26784,36.148697,37.750034,35.007866,33.06061,29.690615,25.681864,28.43406,23.285164,26.302998,23.37705,26.959017,26.926834,27.143158,28.877571,26.99038,31.847843,32.398933,28.85017,32.84615,36.668835,36.93942,37.898544,35.051388,36.349983,34.626812,36.68758,33.76782,35.237846,32.663994,35.01538,35.76945,30.433784,34.787865,34.806004,33.988293,33.488403,32.40641,30.596558,24.824839,27.279345,22.908657,23.278984,21.504726,21.329775,22.117651,20.86994,22.70193,25.205956,23.689528,22.036161,20.086409,21.662626,19.129395,22.564852,21.783638,25.568836,26.541597,30.415817,30.969357,28.428349,26.6316,24.604593,20.996765,18.06094,20.4988,15.27304,18.149574,16.027487,17.939833,19.992804,17.934671,16.127392,16.939264,16.88394,16.428896,19.337406,18.343622
3,9.519205,6.1762357,5.313095,0.0,3.8871505,6.4364157,8.884243,12.732748,15.358299,19.126015,21.306456,27.142714,23.258978,21.685736,16.723743,15.31368,11.348221,10.62299,7.7326283,7.1499486,8.420789,9.996904,14.07965,17.692556,20.015968,22.764986,25.241755,23.495571,22.287569,25.284998,24.171183,28.950174,29.810852,33.45352,32.70927,34.447495,32.242054,30.553759,26.68934,22.78713,25.457632,19.95733,23.037477,19.547417,23.657436,22.865988,23.8359,25.32295,24.078962,28.543736,28.849539,26.336838,30.29177,33.576496,33.974194,34.494663,31.695107,32.40097,30.4191,32.500652,28.991993,30.472473,27.847046,30.020317,31.225878,25.875492,30.440836,30.948195,30.07583,30.325052,28.568914,26.439093,20.735239,22.662443,18.143463,18.24906,16.24189,16.207777,16.897429,16.129198,18.074818,20.9921,19.39378,18.173386,16.120678,18.885592,15.898062,19.995811,19.69494,23.57389,25.070324,28.51972,29.762615,27.39239,25.98721,23.515535,20.195255,17.081135,18.978453,13.034262,15.426082,12.308149,14.236425,16.192448,13.48864,11.494631,11.645707,11.879134,11.404321,14.743053,14.258102
4,11.559103,8.646006,6.4497433,3.8871505,0.0,6.0658298,5.482183,10.28475,12.677645,16.52203,18.91068,24.614788,21.429665,20.141317,15.222602,13.601202,10.37142,8.936672,7.8984456,6.887878,9.997392,11.58882,15.378856,19.035099,20.79759,23.242008,24.953117,22.59131,21.154938,23.696548,22.713602,26.754406,27.806568,31.015657,30.171583,32.039932,29.595734,27.62076,23.986286,19.980421,22.370426,17.061424,20.001123,16.954475,20.88058,21.148203,21.556293,23.772099,22.724356,27.232565,27.134418,24.071661,28.449282,31.84077,31.704657,32.445484,29.281141,30.5369,28.548756,30.348036,27.640451,28.984669,26.483183,29.153214,29.75835,24.672546,29.323826,29.489655,29.193642,29.279179,28.127483,26.381498,20.165295,22.808966,18.46612,18.047953,16.65357,15.656371,17.369907,15.52282,18.102755,20.863415,18.543097,16.631533,14.062493,15.914762,12.87007,16.603136,16.064928,19.945204,21.371813,24.98798,26.000494,23.56717,22.109045,19.69331,16.323416,13.219323,15.434317,9.621818,13.212261,10.261718,13.289591,15.814867,13.948741,11.322482,12.6888,11.09376,11.460387,13.885487,13.833801
5,14.2995,12.099438,8.6419325,6.4364157,6.0658298,0.0,6.969606,7.287795,10.769206,13.507937,15.940009,21.563028,17.113787,15.816131,10.480158,10.2934065,6.330075,7.9319725,7.010913,9.18112,12.046324,14.880344,17.913034,22.105478,23.778975,25.984709,27.879417,24.818485,22.601465,24.933212,22.68584,27.245222,26.767231,30.398077,28.871881,30.066885,27.493652,26.046305,22.437536,18.650707,22.385283,17.251795,21.861364,18.856417,24.026463,24.58032,25.629904,28.105108,27.804268,31.899017,31.300632,28.972721,33.52784,36.46163,36.025524,36.427685,32.89504,33.82692,31.210928,32.23797,29.102064,29.644712,26.526024,28.36964,28.410494,22.851885,26.705923,26.465223,25.480083,24.853191,23.908503,22.38047,16.489399,19.606066,15.650717,16.56347,16.037378,16.584702,18.716742,18.448206,21.32165,24.703032,22.232975,20.73504,17.499342,19.85968,15.74262,19.355494,17.784025,21.261358,22.097992,25.163736,26.879427,24.97427,24.1359,22.327023,18.28484,16.07731,19.434338,13.806258,18.3192,14.497461,17.976963,20.334179,17.576584,14.854132,13.437727,12.360566,10.242586,12.008308,10.168965
6,16.873596,14.121662,11.365945,8.884243,5.482183,6.969606,0.0,6.4527917,7.581342,11.939322,13.972549,19.594608,17.273945,16.10332,11.854624,9.558591,7.9323564,5.807336,8.039375,7.914851,12.4349,14.641483,17.309317,21.21068,22.066814,23.848875,24.57872,21.00651,18.856663,20.61362,19.236195,22.520254,23.228786,26.091497,24.988728,26.859034,24.2665,22.177305,18.658836,14.617201,17.079416,11.964261,15.587579,13.085163,17.614075,19.352911,19.598207,22.85313,22.8145,26.829464,25.790302,22.893488,27.816965,30.8007,29.808502,30.48122,26.660866,28.27317,25.87122,26.846886,24.91505,25.666466,23.087275,26.044504,25.701857,20.90306,25.41247,25.13432,25.458921,25.419476,24.945278,23.737352,17.114254,20.641205,16.835606,15.993685,15.827301,14.171333,17.411009,15.125887,18.618603,21.504,18.1937,15.807545,12.144149,13.2634945,9.258213,12.513295,11.188795,14.925117,16.256124,19.652145,21.021873,18.847403,17.866636,15.637195,12.030264,9.475622,12.57854,7.2087445,12.838184,9.47391,14.050628,16.963865,15.609776,12.345663,13.580345,9.902304,10.520652,11.115313,11.509951
7,20.290178,18.2982,14.290526,12.732748,10.28475,7.287795,6.4527917,0.0,4.918391,6.406081,9.557737,14.812795,11.447899,11.01038,5.997366,6.5307155,6.2175193,7.787882,10.779329,12.787944,16.96255,19.863813,22.183113,26.4196,27.201418,28.750423,29.428843,25.136864,22.225822,23.38486,20.733862,23.814466,22.687336,25.533127,23.32295,24.325024,21.127253,19.405739,16.411623,12.643654,16.802862,12.66485,18.089487,16.359343,21.646414,24.244574,24.695976,28.387348,28.895327,32.589302,31.03354,28.439049,33.568073,36.24476,34.72065,35.25189,30.971313,32.61994,29.700218,29.639755,27.903534,27.661581,24.563517,26.832563,25.258722,20.268837,23.62493,22.342957,22.364841,20.982868,21.651602,21.223364,14.820414,19.520557,16.598345,16.96407,18.05962,17.604675,21.3475,20.184324,23.885954,27.124111,23.647015,21.461561,17.371435,18.233885,13.740559,15.947016,13.030155,15.778739,15.875482,18.65937,20.54348,19.076357,18.822433,17.762249,13.381795,12.503431,16.980368,12.859075,19.016941,15.494607,20.207668,23.020798,21.180313,17.908697,17.261236,13.93974,12.535576,11.60738,10.14702
8,23.795143,21.184072,17.944218,15.358299,12.677645,10.769206,7.581342,4.918391,0.0,5.9917617,6.4299593,12.213919,10.528479,9.386138,7.141234,4.3547034,6.946563,6.767739,11.252197,12.9605465,17.359503,20.296623,21.7089,25.854311,25.926746,26.925665,26.892881,21.973349,18.723278,19.28696,16.492264,19.053787,17.90159,20.6411,18.621609,19.926794,17.079588,15.35369,11.86997,7.985176,12.148823,8.017043,13.988241,12.541266,18.188625,21.232801,21.889845,25.885643,27.20305,30.297821,28.15828,26.253864,31.429277,33.553947,31.667028,31.936539,27.436455,28.971489,25.785704,25.222042,23.849047,23.257599,20.227406,22.75018,20.757471,16.167665,19.713678,18.502422,19.279785,18.661936,19.305267,19.067646,12.470799,17.328423,14.92306,14.420975,16.280449,15.152534,19.64597,18.258358,22.27341,25.455057,21.547682,19.389008,15.010541,15.869733,11.111403,12.920194,10.046736,12.382607,12.943892,15.025895,17.722832,16.612446,16.993172,15.718315,12.058354,11.645167,15.447558,12.048885,17.939653,14.320238,19.266426,22.029566,20.552341,17.189629,16.707203,12.363609,11.681326,9.276373,9.212771
9,26.487719,24.664854,20.48578,19.126015,16.52203,13.507937,11.939322,6.406081,5.9917617,0.0,5.180203,8.814757,6.8226213,8.042924,5.999373,7.9781427,10.610671,12.269637,16.165842,18.315338,22.607214,25.617367,27.368076,31.594635,31.84076,32.890015,32.839428,27.770855,24.367992,24.49099,21.316467,23.03083,20.70547,22.750525,19.601217,19.964294,16.082476,14.430493,12.547943,9.598604,14.409133,12.318978,18.215248,17.816282,22.960451,26.867256,27.088793,31.443314,32.655388,35.837124,33.554157,31.144524,36.491653,38.754414,36.424774,36.90825,32.137676,34.12013,30.901457,29.718971,29.026072,27.89457,24.803392,26.94519,23.83531,19.62646,21.834547,19.38147,20.141111,17.704592,20.131184,20.875729,15.053919,20.58142,18.963392,19.320658,21.58557,20.992958,25.438736,24.24368,28.242588,31.40751,27.475237,25.141304,20.764217,20.732769,16.377068,17.089336,13.201413,14.409978,13.347911,15.067243,17.42336,16.887953,17.603493,17.64067,13.510228,14.366516,19.137697,16.693972,23.132563,19.91646,24.9299,27.7908,26.307617,22.945404,22.160988,18.231936,16.866585,14.345893,12.985476
10,29.658789,27.247467,23.70436,21.306456,18.91068,15.940009,13.972549,9.557737,6.4299593,5.180203,0.0,6.089896,5.7087226,5.3734827,7.441169,6.9429336,11.120083,12.276651,16.521553,18.835932,22.92587,26.11209,26.965042,31.140118,30.84426,31.390705,30.945532,25.427292,21.682343,21.303604,17.587612,19.14031,15.926035,18.219719,14.989591,15.229391,11.889382,10.9050045,8.218945,5.979823,11.51144,10.081416,16.397276,16.059132,21.625345,25.320044,26.139418,30.41406,32.419376,34.940945,32.198257,30.881847,36.079605,37.654125,35.199146,35.21974,30.401361,31.863846,28.268705,26.49594,25.691603,23.980848,20.77122,22.577621,18.950962,15.055893,16.858929,14.291489,15.515149,13.723194,16.123426,17.179388,11.710275,17.271824,16.534822,16.60624,19.654827,19.144855,23.907022,23.18564,27.247961,30.494986,26.435919,24.497118,20.078447,20.649466,16.143408,16.799469,13.413864,14.000549,13.485694,13.795366,17.420671,17.48062,18.915895,18.65822,15.421058,16.353065,20.213879,17.955193,23.720554,20.196545,25.078531,27.70048,26.160713,22.886402,21.534386,17.435312,16.042154,12.434944,11.731487
11,35.100487,32.96612,29.098413,27.142714,24.614788,21.563028,19.594608,14.812795,12.213919,8.814757,6.089896,0.0,6.7427993,8.562186,12.09691,12.941631,17.034979,18.349655,22.602076,24.886387,29.007126,32.165627,32.918785,37.03005,36.51834,36.816837,35.93301,30.129507,26.287445,25.159128,21.40563,21.44989,17.26607,18.21987,13.920673,12.962066,8.602022,8.173336,8.426375,8.776326,13.128178,14.197727,19.665573,20.464949,25.298458,29.855019,30.324686,34.961864,37.259388,39.47782,36.329197,34.969074,40.22349,41.564045,38.5131,38.579773,33.514343,35.309925,31.67303,29.029919,29.279104,26.91871,23.980148,25.528244,20.6041,18.050766,18.243061,14.391226,16.413334,13.304354,17.73902,19.93925,15.931735,21.354004,21.589771,21.762583,25.199787,24.646406,29.537926,28.725908,32.8261,35.91848,31.693054,29.62984,25.248968,25.029444,21.015104,20.584486,16.873158,16.096846,14.479125,13.355944,17.002619,18.085602,20.218739,20.99489,18.250412,20.190792,24.113895,22.976118,28.84576,25.721552,30.659706,33.312695,32.03845,28.764435,27.506899,23.320358,22.007328,18.1725,17.402048
12,31.040686,29.116262,25.113785,23.258978,21.429665,17.113787,17.273945,11.447899,10.528479,6.8226213,5.7087226,6.7427993,0.0,3.7763286,6.6820173,9.636692,12.793813,15.602429,18.9711,22.020716,25.72733,29.172411,30.248236,34.609966,34.683697,35.432472,35.509014,30.159628,26.357697,26.246784,22.057346,24.16052,19.97108,22.447308,18.691011,17.82805,14.405514,14.343467,12.745176,11.50403,16.985128,15.719651,22.097673,21.512596,27.257647,30.579575,31.607338,35.687534,37.489635,40.19926,37.633507,36.294197,41.486782,43.165916,40.85358,40.837917,36.071316,37.354053,33.662056,31.826643,30.537106,28.593927,25.102808,26.023937,22.292757,18.189754,18.6901,15.537209,15.488519,11.701571,15.231325,16.883022,12.705401,18.290348,18.105356,19.454506,22.521757,23.117565,27.44915,27.540852,31.443205,34.951393,31.157867,29.430298,25.042395,25.957489,21.30616,22.273905,18.707516,19.324432,18.24926,18.463758,21.778841,22.033495,23.400389,23.581068,19.885853,20.839262,25.213083,22.490627,28.456121,24.676395,29.45704,32.02565,29.936262,26.739946,24.413168,21.234453,18.707367,15.514898,13.302986
13,30.081976,27.746681,24.253069,21.685736,20.141317,15.816131,16.10332,11.01038,9.386138,8.042924,5.3734827,8.562186,3.7763286,0.0,5.9992423,7.178107,10.55357,13.281207,16.46227,19.681995,23.11351,26.65861,27.329775,31.67409,31.634787,32.274517,32.4714,27.177317,23.33959,23.440233,19.024506,21.902561,17.687874,20.903519,17.662321,17.117052,14.532512,14.743781,12.002412,10.591894,16.14792,14.1571455,20.67318,19.494251,25.621038,28.203646,29.737726,33.46404,35.456036,37.976162,35.456146,34.719715,39.728127,41.16834,39.15717,38.872684,34.300476,35.084953,31.275703,29.619194,27.647396,25.74456,22.083897,22.729036,19.510792,14.938719,15.771218,13.275464,12.770248,10.100745,12.291972,13.47437,8.931915,14.538148,14.421504,15.851422,19.055307,19.977959,24.196465,24.760971,28.561214,32.186325,28.534405,27.159678,22.865612,24.54402,19.715666,21.252619,18.232195,19.210337,18.849073,19.031189,22.757221,22.832407,24.14796,23.74155,20.25051,20.691555,24.569584,21.341267,26.79772,22.697266,27.242931,29.613665,27.287603,24.213367,21.38613,18.4611,15.674364,12.271903,10.102503
14,24.506052,22.547575,18.641115,16.723743,15.222602,10.480158,11.854624,5.997366,7.141234,5.999373,7.441169,12.09691,6.6820173,5.9992423,0.0,5.604855,6.8342566,10.444174,13.093423,16.292871,19.864096,23.281736,24.894142,29.319942,29.920242,31.169085,31.934305,27.236818,23.822603,24.697609,20.965155,24.393078,21.581432,24.824783,21.999367,22.115889,19.081049,18.321531,15.448109,12.612022,17.906008,14.568612,20.907625,19.225315,25.198648,27.555403,28.700851,32.293354,33.425526,36.657898,34.74818,33.08361,38.148895,40.28951,38.656,38.765385,34.36539,35.48606,32.07251,31.313835,29.12523,28.08691,24.536652,25.787895,23.60622,18.46436,20.575768,18.783775,18.055801,15.77676,16.938328,17.06486,11.498617,16.704659,14.91517,16.430481,18.487816,19.28349,23.08364,23.212242,26.903563,30.505726,27.079443,25.42427,21.21248,22.77946,17.942791,20.048428,16.957235,18.90622,18.615898,20.207464,22.99692,22.293959,22.793472,22.162159,17.990284,17.78858,22.14471,18.191277,24.002012,19.980291,24.538824,27.08603,24.65925,21.521175,19.162151,16.516539,13.66405,11.686773,8.8083105
15,24.26833,21.458246,18.548227,15.31368,13.601202,10.2934065,9.558591,6.5307155,4.3547034,7.9781427,6.9429336,12.941631,9.636692,7.178107,5.604855,0.0,4.477221,6.1154456,9.76496,12.60754,16.340416,19.737602,20.672789,25.00791,25.143854,26.094114,26.543444,21.683128,18.222668,19.156092,15.561051,19.413244,17.345428,20.99887,19.029118,19.92495,17.706745,16.842905,12.868583,9.664635,14.391373,10.135115,16.385036,14.142059,20.434443,22.273817,23.830557,27.232853,28.785334,31.653318,29.59891,28.612545,33.51402,35.292946,33.803448,33.652336,29.391956,30.13511,26.653421,26.082266,23.574215,22.736795,19.248411,20.860888,19.283607,14.002419,17.265238,16.435005,16.240423,15.891923,15.674725,15.096822,8.501731,13.404352,11.134556,11.533625,13.756247,13.95863,18.147034,18.132273,21.944622,25.53083,21.967863,20.516441,16.29671,18.528645,13.547944,16.135832,13.887515,16.123243,16.861845,18.292948,21.537622,20.684637,21.24947,19.841793,16.362465,15.662581,19.00901,14.869838,19.971483,15.692634,20.17466,22.588995,20.314999,17.159536,14.992007,11.636855,9.382968,6.541346,5.2716365
16,20.303564,17.500006,14.77134,11.348221,10.37142,6.330075,7.9323564,6.2175193,6.946563,10.610671,11.120083,17.034979,12.793813,10.55357,6.8342566,4.477221,0.0,4.615497,6.2873073,9.739833,13.077586,16.572601,18.084982,22.522057,23.285158,24.754545,26.010117,21.93702,18.967628,20.773542,17.64228,22.343084,20.970036,24.899931,23.293839,24.313375,22.182535,21.222574,17.231863,13.82056,18.074024,13.124283,18.689074,15.707999,21.812366,22.626678,24.31946,27.130373,28.022049,31.33109,29.918665,28.710352,33.40006,35.54201,34.662518,34.59322,30.728569,31.265003,28.064049,28.29551,25.050991,24.863537,21.421871,22.90079,22.43084,16.80514,20.414078,20.169277,19.258734,19.050533,17.965582,16.621452,10.360845,14.116298,10.715098,11.6811285,12.591226,13.449469,16.696997,17.07363,20.499502,24.21131,21.178463,19.94967,16.113842,18.995228,14.152096,17.610188,15.863116,18.800085,19.766548,21.86564,24.601475,23.283266,23.269611,21.519663,17.8032,16.280611,19.496902,14.334353,19.008524,14.524474,18.548145,20.844788,18.031912,15.037827,12.405035,10.238266,7.1437964,6.7070603,4.3767166
17,19.991135,16.611454,14.746933,10.62299,8.936672,7.9319725,5.807336,7.787882,6.767739,12.269637,12.276651,18.349655,15.602429,13.281207,10.444174,6.1154456,4.615497,0.0,4.789919,6.5969367,10.704813,13.848471,15.122261,19.397394,19.798908,21.150759,22.00326,17.924881,15.195016,17.148207,14.84732,19.387907,19.353088,23.09139,22.230507,23.957094,22.164755,20.813974,16.528399,12.891238,15.930556,10.392957,15.009329,11.595169,17.512924,18.097937,19.743069,22.53329,23.50811,26.754143,25.330168,24.174168,28.817972,30.92924,30.122143,30.07329,26.32061,26.890081,23.879143,24.529696,21.436836,21.77499,18.71832,20.994339,21.060137,15.823473,20.394398,20.706924,20.579855,21.371952,19.93597,18.344965,11.848326,14.90951,11.114433,10.300889,10.660446,9.908977,13.590956,12.893834,16.567356,20.094097,16.794548,15.3805485,11.498484,14.655581,9.88918,13.823124,12.9673195,16.244423,17.95835,20.248344,22.829222,21.234615,21.037203,18.691807,15.619444,13.588694,15.841038,10.557193,14.689118,10.118858,14.315258,16.717907,14.408788,11.192124,10.015444,6.284353,5.4313674,5.341472,6.3712535
18,17.183119,13.522225,12.680655,7.7326283,7.8984456,7.010913,8.039375,10.779329,11.252197,16.165842,16.521553,22.602076,18.9711,16.46227,13.093423,9.76496,6.2873073,4.789919,0.0,4.131868,6.792272,10.338317,11.971839,16.39479,17.534649,19.42813,21.383835,18.410318,16.334309,19.182207,17.192886,22.664421,22.85738,27.013609,26.455242,28.117237,26.60541,25.468687,21.076092,17.581093,20.528137,14.9046755,18.825354,14.85347,20.330679,19.309122,21.442083,23.19249,23.585653,27.042086,26.353603,25.504442,29.640963,31.866789,31.867043,31.69308,28.5442,28.530111,25.77111,27.155447,23.020302,23.883553,20.857443,22.579166,23.80167,18.314753,22.889193,23.799911,22.87664,23.950943,21.571863,19.275887,13.550163,15.212029,10.706723,10.598674,9.2680435,9.897786,11.777269,12.301273,15.132629,18.870594,16.521288,15.8580675,12.918064,17.08092,12.940169,17.416985,17.171965,20.681856,22.520178,24.982193,27.3892,25.596186,25.074923,22.501255,19.46875,16.8999,18.645567,12.7063055,15.37408,10.718423,13.55921,15.4426,12.10675,9.43648,6.723443,6.019407,3.7555656,7.201963,7.4170513
19,16.03771,11.972567,12.203307,7.1499486,6.887878,9.18112,7.914851,12.787944,12.9605465,18.315338,18.835932,24.886387,22.020716,19.681995,16.292871,12.60754,9.739833,6.5969367,4.131868,0.0,4.6968813,7.345279,9.535808,13.670789,14.857555,16.99243,18.859297,16.492867,15.144657,18.251095,17.401358,22.430145,23.849663,27.645765,27.60395,29.73412,28.3027,26.801327,22.4495,18.841053,20.78125,15.09297,17.643475,13.531354,18.064537,16.516508,18.361004,19.786085,19.714935,23.440865,23.135616,21.962273,25.92463,28.410864,28.708513,28.714369,25.879217,25.995695,23.704058,25.75893,21.871367,23.436222,20.95243,23.341528,25.020922,20.021845,25.103737,26.259727,25.859735,27.306458,24.933561,22.591719,16.816967,18.149551,13.638297,12.379137,10.246499,9.150213,10.50561,9.478047,12.152402,15.550215,13.285959,12.426808,10.058816,14.338693,11.013045,15.711192,16.34344,20.080578,22.342136,25.127167,27.076086,24.961235,24.073303,21.079882,18.608215,15.530756,16.262577,10.263849,11.656829,7.2205334,9.56756,11.565021,8.644978,5.7483573,6.151206,4.8319426,6.2709246,9.626417,11.093187
20,15.828952,11.542422,13.497243,8.420789,9.997392,12.046324,12.4349,16.96255,17.359503,22.607214,22.92587,29.007126,25.72733,23.11351,19.864096,16.340416,13.077586,10.704813,6.792272,4.6968813,0.0,3.7691913,5.9477553,10.109331,12.112071,14.754445,17.795809,16.783882,16.204395,19.92157,19.37977,25.062296,26.65156,30.790377,31.114868,33.231205,32.20515,30.955439,26.425207,23.024069,24.877422,19.22272,21.32852,16.929058,21.0034,17.83514,20.309948,20.474312,20.057274,23.591606,23.974108,23.599665,26.791233,29.077381,30.212053,29.93465,27.809685,27.146685,25.103397,27.742922,22.88748,24.87747,22.537739,24.359037,27.098812,22.12107,27.15522,28.91071,27.996801,29.920109,26.715988,23.843576,18.937202,18.968786,14.376607,13.40524,9.999689,10.081824,8.961228,9.628228,10.740521,14.17924,13.304172,13.647172,12.620408,17.596857,14.963219,19.717863,20.818588,24.515266,26.931627,29.597982,31.622864,29.489248,28.534836,25.386301,23.152388,19.930754,20.08405,14.267373,13.857937,10.086107,10.081533,10.8622675,6.6522245,5.6042905,4.2712255,7.3082457,8.040123,12.288702,13.5662985
21,15.440343,11.154295,14.353545,9.996904,11.58882,14.880344,14.641483,19.863813,20.296623,25.617367,26.11209,32.165627,29.172411,26.65861,23.281736,19.737602,16.572601,13.848471,10.338317,7.345279,3.7691913,0.0,4.7770176,7.717774,10.3814745,13.503854,16.854565,17.032991,17.32377,21.16893,21.475475,26.79605,29.146132,33.046432,33.709713,36.073917,35.106762,33.66581,29.199461,25.770195,27.053715,21.504648,22.65189,18.351566,21.382828,17.506622,19.720312,19.110601,17.947693,21.672575,22.752783,22.235945,24.888035,27.392094,29.081133,28.928568,27.356245,26.638498,25.159174,28.429516,23.697878,26.254812,24.388546,26.49019,29.6302,25.006268,30.23273,32.15685,31.446983,33.550545,30.296877,27.3653,22.535038,22.342726,17.838253,16.470499,12.789879,12.086297,10.006187,9.694283,9.586271,12.260411,12.323153,12.917958,13.071678,17.783077,16.15058,20.730776,22.391432,26.131132,28.741932,31.604433,33.26257,30.920778,29.679087,26.317886,24.514368,21.040619,20.415073,15.010315,13.032518,10.40075,8.634834,8.686546,4.7541676,5.441386,7.1429276,9.836646,11.630467,15.688635,17.264128
22,20.142614,15.871391,18.837374,14.07965,15.378856,17.913034,17.309317,22.183113,21.7089,27.368076,26.965042,32.918785,30.248236,27.329775,24.894142,20.672789,18.084982,15.122261,11.971839,9.535808,5.9477553,4.7770176,0.0,4.4649396,6.3319874,9.230229,13.089603,13.79584,14.519514,18.623774,19.197086,24.874836,27.424877,31.527035,32.716354,35.16619,34.859077,33.741516,29.067305,26.067429,26.997667,21.678022,22.432089,17.915878,20.916267,15.797461,19.047886,17.689142,17.49878,20.196192,21.071133,22.187538,24.354546,25.966043,27.941204,27.189901,25.97777,24.315475,22.695133,26.09243,20.529587,23.257845,21.601551,23.326258,27.284525,23.073294,28.303074,30.844893,30.123932,33.033047,29.149845,25.96639,21.847372,20.640219,16.540472,14.627781,10.562988,9.995321,6.2677655,7.6822324,6.433398,9.602396,10.3181505,12.253791,12.968532,18.534369,17.014507,21.552689,23.653887,27.087084,29.992367,32.297447,34.424866,32.340614,31.461773,27.962421,26.605463,23.345236,22.2093,17.22909,14.527627,11.76763,9.382932,8.370666,3.9645538,6.0168476,6.1693025,9.699428,11.734633,15.407056,17.646631
23,22.376467,18.315922,22.008362,17.692556,19.035099,22.105478,21.21068,26.4196,25.854311,31.594635,31.140118,37.03005,34.609966,31.67409,29.319942,25.00791,22.522057,19.397394,16.39479,13.670789,10.109331,7.717774,4.4649396,0.0,3.8991842,7.328777,11.883611,14.567177,16.38884,20.446241,21.869562,27.153656,30.375805,34.27324,35.911873,38.561832,38.508343,37.34521,32.706135,29.829168,30.218973,25.13976,24.992928,20.664433,22.574503,16.478489,19.69471,17.086956,16.44189,18.655384,20.343628,22.068722,23.23074,24.598787,27.390306,26.508354,26.17671,24.033527,23.077972,27.121857,21.51413,24.801857,23.756413,25.496176,30.034424,26.349827,31.604193,34.449295,33.851826,37.099197,32.999866,29.715294,25.945183,24.305698,20.481815,18.336294,14.270861,13.342026,9.013417,9.803768,6.602407,7.960782,10.637799,13.305318,15.311476,20.533165,19.953697,24.178066,26.797071,30.127718,33.23024,35.52149,37.451706,35.283504,34.26883,30.60009,29.731829,26.374756,24.502739,20.128176,16.096546,14.501956,10.732613,8.463002,5.9676647,9.194451,10.558866,13.72221,16.13463,19.615868,22.043512
24,25.53516,21.35017,24.589699,20.015968,20.79759,23.778975,22.066814,27.201418,25.926746,31.84076,30.84426,36.51834,34.683697,31.634787,29.920242,25.143854,23.285158,19.798908,17.534649,14.857555,12.112071,10.3814745,6.3319874,3.8991842,0.0,3.4821103,8.053427,11.302978,13.68101,17.603634,19.58105,24.53659,28.194674,31.91673,33.97836,36.788773,37.131016,36.058666,31.439463,28.891695,28.74944,24.058588,23.299173,19.10748,20.60224,13.877043,17.624626,14.6390915,14.993672,16.274412,17.561224,20.430063,21.367096,22.022648,24.794842,23.527494,23.38205,20.708193,19.744526,23.894295,18.13645,21.651308,21.018824,22.883177,27.704357,24.617586,29.90756,33.00317,32.76334,36.46397,32.3052,29.10693,25.542595,23.686335,20.285622,17.498909,13.791736,12.125188,7.882333,8.373535,4.4503675,5.4093165,8.395852,11.813019,14.205554,19.528515,19.25478,23.165112,26.134428,29.14419,32.442635,34.34613,36.45787,34.47085,33.697533,29.965435,29.56148,26.421188,24.105068,20.313679,15.937333,14.503726,10.7815075,8.294549,7.0019526,9.82985,11.454385,13.64681,16.600138,19.391634,22.386353
25,28.785866,24.547667,27.495369,22.764986,23.242008,25.984709,23.848875,28.750423,26.925665,32.890015,31.390705,36.816837,35.432472,32.274517,31.169085,26.094114,24.754545,21.150759,19.42813,16.99243,14.754445,13.503854,9.230229,7.328777,3.4821103,0.0,5.1902466,9.326599,12.254157,15.896644,18.3231,22.964626,26.906763,30.493034,32.95981,35.85627,36.62983,35.718494,31.136488,28.96096,28.401978,24.147968,22.931364,18.950935,20.100677,12.9253645,17.1653,13.859524,15.261517,15.417636,16.228642,20.336796,20.954975,20.769678,23.530867,21.797983,21.91448,18.554043,17.55674,21.728832,15.682113,19.36247,19.170723,20.94286,26.129034,23.682364,28.858713,32.235416,32.233868,36.37062,32.0874,28.951168,25.792458,23.608606,20.728527,17.548717,14.299759,12.348631,8.477522,9.106153,5.535641,5.700531,8.42492,12.272784,14.786506,20.037449,19.957958,23.513834,26.695086,29.36403,32.784657,34.274673,36.594837,34.816566,34.2959,30.565088,30.527447,27.627863,25.038198,21.763165,17.335005,16.010765,12.626689,10.251332,9.715699,12.004808,13.314034,14.8708315,17.937536,20.09089,23.42876
26,31.751709,27.49839,29.915186,25.241755,24.953117,27.879417,24.57872,29.428843,26.892881,32.839428,30.945532,35.93301,35.509014,32.4714,31.934305,26.543444,26.010117,22.00326,21.383835,18.859297,17.795809,16.854565,13.089603,11.883611,8.053427,5.1902466,0.0,6.1548185,10.058454,12.788409,16.393698,19.702219,24.557106,27.484446,30.458776,33.645424,34.711365,33.714806,29.401743,27.617792,26.130419,22.649466,20.280483,16.946346,16.93362,9.496814,13.918905,10.453925,13.370329,12.195569,12.019382,17.4075,17.859934,16.794626,19.192068,17.076532,17.34023,13.5063715,12.686777,17.155594,11.757752,15.926671,16.643263,19.179142,24.076204,22.632792,27.827587,31.154522,31.91718,36.268986,32.411846,29.673286,26.384539,24.613415,22.205027,18.365944,16.075146,12.863106,10.843417,9.562567,7.3427644,6.265905,7.2928348,10.9209795,13.7163515,18.177343,18.820679,21.547241,25.141785,27.283537,30.865444,31.949112,34.22188,32.635143,32.331203,28.613989,29.295683,26.752754,23.569176,21.430298,16.811108,16.146952,13.279799,11.348226,12.370811,13.81811,16.096375,15.914163,19.646595,20.821325,24.669281
27,31.251242,26.96714,28.312773,23.495571,22.59131,24.818485,21.00651,25.136864,21.973349,27.770855,25.427292,30.129507,30.159628,27.177317,27.236818,21.683128,21.93702,17.924881,18.410318,16.492867,16.783882,17.032991,13.79584,14.567177,11.302978,9.326599,6.1548185,0.0,4.0688577,6.7748995,10.416,13.789634,18.509386,21.506428,24.329584,27.510725,28.575716,27.65573,23.350586,21.794758,20.27457,17.048769,15.024417,11.68805,12.8404665,6.7825212,11.814918,10.972049,14.929741,14.440376,12.37749,16.963282,19.034267,18.211008,18.836367,16.854692,15.304779,12.259878,9.625244,12.8431635,7.095186,10.802842,11.016283,14.345339,18.429214,17.004637,22.32824,25.37505,26.550667,30.793797,27.411861,25.078665,21.480448,20.37042,18.30022,14.05248,12.95209,8.91048,9.477653,7.694453,8.479248,9.590343,7.15057,9.384486,10.302504,14.863594,14.621408,17.132097,20.372517,22.205492,25.709013,26.396742,29.096233,27.81119,27.934397,24.442736,24.98821,22.9035,20.285873,18.260122,15.263552,13.654586,12.821861,12.312711,12.795325,12.682026,14.365598,12.5000725,16.218538,16.266504,20.39722
28,30.765987,26.533218,27.17043,22.287569,21.154938,22.601465,18.856663,22.225822,18.723278,24.367992,21.682343,26.287445,26.357697,23.33959,23.822603,18.222668,18.967628,15.195016,16.334309,15.144657,16.204395,17.32377,14.519514,16.38884,13.68101,12.254157,10.058454,4.0688577,0.0,4.170253,6.5188456,10.940738,14.863599,18.29462,20.748743,23.775684,24.781607,24.022345,19.583332,18.130459,17.04162,13.759307,12.811217,9.275289,12.232655,8.414603,12.95034,13.702078,17.55324,17.677279,15.124866,18.692297,21.623722,21.133814,20.896154,19.15289,16.58125,14.361478,10.842241,12.433231,6.7905707,8.971894,7.9559093,11.577006,14.960611,13.093295,18.545162,21.405527,22.649796,26.783903,23.618496,21.50341,17.740175,17.049625,15.233064,10.861008,10.791545,6.7326617,9.28386,8.168638,10.476975,12.64256,9.396286,10.534389,9.646156,14.273094,12.85991,15.43071,18.037922,19.750126,23.063478,23.498035,26.629581,25.575907,26.014069,22.777966,22.90404,21.139421,19.32966,17.020548,15.593286,13.056339,13.717974,14.029,13.731433,12.69006,13.30306,10.572646,13.771655,12.961873,17.161037
29,33.913475,29.788946,29.958078,25.284998,23.696548,24.933212,20.61362,23.38486,19.28696,24.49099,21.303604,25.159128,26.246784,23.440233,24.697609,19.156092,20.773542,17.148207,19.182207,18.251095,19.92157,21.16893,18.623774,20.446241,17.603634,15.896644,12.788409,6.7748995,4.170253,0.0,5.1927395,7.076008,12.006653,14.736322,17.732508,20.99747,22.419157,21.731796,17.66429,16.931372,14.911525,12.980938,11.202016,9.03115,11.243887,9.3978405,13.144374,14.781364,19.247276,18.771046,15.317222,19.067327,22.127617,21.123636,19.961943,18.07587,14.952863,12.988419,8.836231,8.842446,4.5688276,5.6495743,5.495109,10.312009,12.576251,12.181732,17.232082,19.874332,21.952131,26.175655,23.600603,22.066006,18.54235,18.345957,17.328657,13.0297785,14.058937,10.235706,13.398862,11.865579,14.3090105,15.941441,12.418144,12.833109,11.6008005,14.762227,13.659346,15.012959,17.53169,18.419254,21.683561,21.406185,24.735027,24.087297,24.955711,21.993189,22.645197,21.495043,19.616201,18.404554,17.544264,15.472816,16.735228,17.32029,17.561892,16.252298,17.06261,13.621817,16.595888,14.790349,18.947845
30,33.375065,29.35764,28.910742,24.171183,22.713602,22.68584,19.236195,20.733862,16.492264,21.316467,17.587612,21.40563,22.057346,19.024506,20.965155,15.561051,17.64228,14.84732,17.192886,17.401358,19.37977,21.475475,19.197086,21.869562,19.58105,18.3231,16.393698,10.416,6.5188456,5.1927395,0.0,7.1337576,8.636842,12.875391,14.930642,17.629772,19.060532,18.908852,14.460157,13.940159,13.3981085,11.214731,12.161539,9.760717,14.276941,13.610383,17.122639,19.261505,23.239,23.447056,20.224861,23.137634,26.697369,26.124474,24.795624,23.130148,19.624483,18.130306,13.913263,12.778275,8.734549,7.282882,3.8933837,7.5934563,8.823673,7.058961,12.382263,15.043615,16.813784,21.083563,18.419142,17.02829,13.699554,13.720594,13.340593,9.430904,11.852503,9.472807,13.483833,13.459049,16.455406,19.040102,15.508523,15.734702,13.305161,16.81143,14.170355,15.943212,17.224657,18.127611,20.876682,20.320665,24.305567,23.954906,25.150309,22.610582,22.337835,21.476347,20.907978,18.846508,19.584057,16.429441,18.665829,19.652386,18.780333,16.96243,16.030334,12.639475,14.156244,11.373203,15.18679
31,37.847,34.010887,33.18295,28.950174,26.754406,27.245222,22.520254,23.814466,19.053787,23.03083,19.14031,21.44989,24.16052,21.902561,24.393078,19.413244,22.343084,19.387907,22.664421,22.430145,25.062296,26.79605,24.874836,27.153656,24.53659,22.964626,19.702219,13.789634,10.940738,7.076008,7.1337576,0.0,6.907504,7.87266,11.39805,14.950537,16.84545,16.359247,13.168398,13.894074,10.790018,11.706826,10.121652,10.650387,12.61924,14.583513,16.603907,19.741098,24.252878,23.748384,19.5789,22.291916,25.886955,24.801073,22.153059,20.60663,16.46153,15.992759,11.849846,8.263626,9.311213,6.7615604,6.6698194,11.178161,9.43952,11.206558,14.850404,16.363914,19.821814,23.582624,22.455244,22.108118,18.860306,19.918076,19.97327,16.308977,18.761086,15.520573,19.647102,17.984015,20.988556,22.628622,18.692886,18.077784,15.860959,16.98523,15.621313,15.20156,16.619846,16.014608,18.682081,17.020248,20.878117,21.114958,22.845148,20.743563,21.713467,21.760954,20.620716,20.658762,21.496078,19.579788,22.065056,23.270012,23.624342,21.697405,22.272516,17.982634,20.188044,17.033794,20.639462
32,39.14517,35.50267,33.975044,29.810852,27.806568,26.767231,23.228786,22.687336,17.90159,20.70547,15.926035,17.26607,19.97108,17.687874,21.581432,17.345428,20.970036,19.353088,22.85738,23.849663,26.65156,29.146132,27.424877,30.375805,28.194674,26.906763,24.557106,18.509386,14.863599,12.006653,8.636842,6.907504,0.0,5.414274,6.985124,9.442389,12.130257,12.991783,9.791575,11.823032,10.986877,12.396903,14.126449,14.341226,18.216782,20.368536,22.609327,25.882687,30.064161,30.080292,26.153439,28.404058,32.35336,31.57043,28.963999,27.506596,23.272236,22.817451,18.58521,14.929684,14.531948,10.855805,8.649083,10.345899,4.9030004,7.1990476,8.838255,9.633966,13.583889,17.297834,16.72979,17.231237,15.037977,16.580381,17.923124,15.431752,19.05705,17.447783,21.865171,21.587212,24.895222,27.324791,23.452845,22.901306,19.863308,21.439415,18.693764,18.69017,18.548355,17.772068,19.434536,17.090172,21.797836,22.620516,24.833132,23.453989,23.32113,23.847479,24.220463,23.408693,25.718071,22.837576,26.04282,27.503313,26.841824,24.571602,23.480835,19.553497,20.1039,16.061565,18.658524
33,42.517834,39.00683,37.26784,33.45352,31.015657,30.398077,26.091497,25.533127,20.6411,22.750525,18.219719,18.21987,22.447308,20.903519,24.824783,20.99887,24.899931,23.09139,27.013609,27.645765,30.790377,33.046432,31.527035,34.27324,31.91673,30.493034,27.484446,21.506428,18.29462,14.736322,12.875391,7.87266,5.414274,0.0,4.8080797,8.1207485,11.19761,11.756759,10.439586,13.343275,10.727783,14.30874,14.536641,16.333593,18.648716,22.152674,23.466991,27.226545,31.554562,31.236246,26.90508,28.818302,32.73764,31.74067,28.352858,27.10402,22.635437,22.959229,19.106064,14.473855,16.705673,13.080198,12.366982,14.680337,9.246694,12.603594,13.345252,13.000892,17.674637,20.545515,21.169138,22.20176,19.910942,21.922829,23.138258,20.527046,23.953112,21.674673,26.203682,25.023739,28.351366,30.293804,26.21994,25.22456,22.351145,22.582285,20.643461,19.360382,19.17435,17.322632,18.640537,15.350502,19.809052,21.20111,23.812536,22.934784,23.614798,24.785896,24.865492,25.357798,27.700756,25.559086,28.854578,30.43542,30.451689,28.12667,27.946716,23.517399,24.613132,20.591093,23.17596
34,41.710197,38.491093,36.148697,32.70927,30.171583,28.871881,24.988728,23.32295,18.621609,19.601217,14.989591,13.920673,18.691011,17.662321,21.999367,19.029118,23.293839,22.230507,26.455242,27.60395,31.114868,33.709713,32.716354,35.911873,33.97836,32.95981,30.458776,24.329584,20.748743,17.732508,14.930642,11.39805,6.985124,4.8080797,0.0,3.8940265,6.4173303,7.558247,7.125879,10.873743,9.678443,13.664525,15.586233,17.428276,20.60714,24.75134,25.79835,29.986074,33.88484,34.216167,30.072376,31.071327,35.455303,35.047382,31.570724,30.700895,25.92689,26.78567,22.929665,18.673244,20.443434,16.969809,15.386142,17.243753,11.107288,12.963441,12.872129,10.844163,15.722021,17.314552,19.20531,20.894917,18.42635,21.436205,22.753565,20.86285,24.61463,22.824797,27.669466,26.633072,30.297813,32.62052,28.379496,27.039143,23.592522,23.591621,20.989733,19.688389,18.40663,16.398119,16.858416,13.304336,18.080122,19.78356,22.614855,22.327433,22.293713,23.891472,24.997772,25.248308,28.686884,26.217299,30.1136,32.04042,31.698845,29.035013,28.46435,23.928831,24.343878,20.02918,21.85885
35,43.463963,40.396152,37.750034,34.447495,32.039932,30.066885,26.859034,24.325024,19.926794,19.964294,15.229391,12.962066,17.82805,17.117052,22.115889,19.92495,24.313375,23.957094,28.117237,29.73412,33.231205,36.073917,35.16619,38.561832,36.788773,35.85627,33.645424,27.510725,23.775684,20.99747,17.629772,14.950537,9.442389,8.1207485,3.8940265,0.0,4.9550953,7.81808,8.467957,12.474203,12.632777,16.298359,19.079859,20.671396,24.282387,28.30514,29.481989,33.645443,37.460777,37.926735,33.849297,34.784294,39.245827,38.89956,35.46054,34.57728,29.817339,30.579597,26.65335,22.382143,23.69733,20.001106,18.090872,19.067982,12.546196,14.199548,12.618348,9.472175,14.337262,15.147514,17.950428,20.288177,18.636244,21.811985,23.664772,22.427889,26.436811,25.283424,30.082014,29.536089,33.23704,35.79539,31.614206,30.341158,26.718136,26.907656,23.938534,22.847939,21.068636,19.10561,19.0006,15.367126,20.104757,22.046984,24.978569,25.064056,24.56335,26.336622,28.008162,27.940258,31.817585,29.059248,33.1205,35.10034,34.40898,31.672825,30.501183,26.239603,25.999317,21.547396,22.73707
