,0,1,2,3,4,5,6,7,8,9,10,11,12,13,14,15,16,17,18,19,20,21,22,23,24,25,26,27,28,29,30,31,32,33,34,35,36,37,38,39,40,41,42,43,44,45,46,47,48,49,50,51,52,53,54,55,56,57,58,59,60,61,62,63,64,65,66,67,68,69,70,71,72,73,74,75,76,77,78,79,80,81,82,83,84,85,86,87,88,89,90,91,92,93,94,95,96,97,98,99,100,101,102,103,104,105,106,107,108,109,110
0,0.0,4.174645,7.439951,10.257245,13.589408,15.110017,18.949429,22.288412,24.989885,29.414387,33.17224,35.833282,35.818424,34.488686,30.30337,28.178501,24.787226,23.43881,19.941017,17.19301,17.698324,11.544596,14.184265,16.728737,14.7667,18.014519,18.666275,20.331812,23.369932,22.166773,27.650133,25.953753,33.649498,31.66677,35.46943,37.893265,37.981033,37.15401,32.78683,28.657755,32.9754,28.485214,31.356087,28.625011,25.542831,25.389683,24.186554,22.25482,24.559093,28.226963,30.489056,30.56827,32.262646,36.001846,33.54147,36.29144,36.784428,38.16196,43.314518,41.256653,37.84835,39.32864,36.282913,38.295586,36.5164,39.255444,37.126736,32.8254,33.864704,32.651066,32.12493,35.42871,33.55244,38.329052,37.48551,41.650566,42.42762,44.03303,47.4846,46.517426,41.393185,37.990295,35.6199,31.998135,31.22841,26.336834,23.214418,19.837242,17.91593,15.250944,15.221424,13.757902,17.44164,18.863438,21.919115,24.864927,28.568962,31.4405,33.445446,36.2092,34.814632,33.71916,38.464626,40.462666,37.93536,35.01269,34.09361,28.820847,27.803135,23.833439,22.658106
1,4.174645,0.0,5.019214,6.2155285,9.782004,11.438618,15.161062,18.659138,21.16077,25.910213,29.286026,32.19637,32.14844,30.704584,26.776426,24.333933,21.107382,19.450283,16.071241,13.102149,14.0799265,7.8555074,11.328078,13.398703,12.430554,15.20045,15.628344,16.701311,19.55953,18.224863,23.569,21.867437,29.526083,27.652477,31.439493,33.919888,34.16335,33.27168,28.912868,24.72482,28.993902,24.538418,27.287497,24.708231,21.922325,21.793343,21.023844,19.120234,21.877565,25.709534,27.701277,27.289589,29.11173,32.463493,29.867596,32.543083,32.89374,34.14411,39.28405,37.21373,33.798084,35.48751,32.597176,34.776146,33.35221,36.093857,34.340237,30.223696,31.144064,29.544018,28.66392,31.883615,29.740696,34.50544,33.510586,37.64869,38.381752,39.917984,43.374855,42.428486,37.29811,33.944157,31.489977,27.903378,27.128668,22.213291,19.243052,15.740018,14.131437,11.77941,12.168303,10.809997,14.736972,16.288898,18.671715,21.86295,25.092566,28.318087,30.02561,33.09954,31.651087,30.168049,34.82615,36.728626,34.308247,31.44868,30.784231,25.286354,24.723345,20.688107,20.064283
2,7.439951,5.019214,0.0,5.1789045,7.138771,9.045687,12.091324,15.826944,18.2651,22.959269,26.961918,29.197084,29.844687,28.903786,24.9973,22.872458,20.15554,18.52696,16.19207,13.158239,15.909441,10.077925,14.851681,16.042229,15.992182,17.906082,16.928797,17.719154,19.50827,18.98192,23.062166,21.984861,29.116938,26.94826,31.151608,33.30827,34.149006,33.540222,29.07533,24.919024,29.455448,25.288267,27.344637,24.875473,23.269485,22.534473,22.767578,19.952766,23.510262,27.002775,29.261215,28.030693,30.792234,33.38436,30.90342,33.562668,33.19487,34.17962,39.220043,36.675297,33.22843,34.995083,32.38901,34.326702,33.666748,35.513046,34.05328,29.806646,29.86065,27.899292,27.473463,30.102251,27.968328,32.589024,31.467531,35.728092,36.19073,38.055603,41.315872,40.178932,35.18878,31.53709,29.603067,25.78673,25.27364,20.394648,17.460148,14.733672,12.80256,11.59663,10.531618,7.839215,11.602909,11.668172,14.8203535,17.637815,21.27307,24.1216,26.083225,28.861795,27.741411,26.770952,31.5841,33.763016,31.531103,28.441717,28.210886,22.638039,21.933525,18.373188,17.338154
3,10.257245,6.2155285,5.1789045,0.0,3.8656504,6.2235966,9.0841465,13.111898,15.1229725,20.484102,23.445665,26.474289,26.705267,25.307327,21.872856,19.01462,16.402084,14.138453,11.660769,8.183515,11.28387,6.235735,11.195747,11.631616,12.871514,14.116824,13.367065,13.150638,14.976223,13.890721,18.213509,16.877138,24.180895,22.3789,26.330246,28.753183,29.546251,28.679829,24.31448,20.067875,24.33301,20.109798,22.2563,19.992235,18.395905,17.976418,18.486935,16.229475,19.993345,23.760118,25.42875,23.87258,26.330997,28.664452,25.951033,28.482002,28.23996,29.159235,34.22201,31.89765,28.456747,30.504166,28.007402,30.313885,29.809147,32.10421,31.065557,27.232182,27.565268,25.22475,23.992775,26.775412,24.206678,28.879305,27.584187,31.74207,32.289455,33.874138,37.261017,36.271477,31.189703,27.764074,25.401472,21.744204,21.067974,16.107403,13.411345,10.04898,8.998196,8.212011,8.701215,7.177804,11.025925,12.126621,13.347117,16.763954,19.257952,22.903524,24.211819,27.642132,26.242601,24.343014,28.912525,30.778593,28.611712,25.762936,25.70915,19.842361,20.015959,16.174107,16.3685
4,13.589408,9.782004,7.138771,3.8656504,0.0,5.333677,5.5673876,10.821656,12.104839,18.096373,20.960636,23.738419,24.577684,23.451483,20.482815,17.484274,15.68027,12.995135,11.835073,8.305422,12.843751,9.223603,13.997025,13.377389,15.235234,15.556772,13.593986,12.9749155,13.583994,13.478757,16.340195,15.950851,22.636292,21.011095,25.083086,27.389763,28.759779,27.940834,23.664394,19.48578,23.520063,19.536633,20.91135,18.634968,18.223316,17.208632,18.674517,15.7635975,20.110193,23.497515,25.238234,22.939318,26.163254,27.755373,25.23635,27.75575,26.849102,27.602827,32.5418,29.803202,26.364752,28.391338,26.147356,28.267612,28.43388,30.048367,29.369635,25.605648,25.304598,22.57109,21.505444,23.825312,21.20949,25.776522,24.427015,28.662008,29.110796,30.930323,34.23868,33.276714,28.358112,24.714792,22.647436,18.808264,18.138607,13.428922,10.467958,7.999665,6.7777114,7.7003527,7.243628,5.349851,8.469974,9.024302,9.543379,13.012604,15.472072,19.071783,20.475302,23.811245,22.396286,20.548302,25.176594,27.146013,25.057734,22.111017,22.377413,16.38889,16.74965,13.25706,13.669391
5,15.110017,11.438618,9.045687,6.2235966,5.333677,0.0,6.0709314,7.2278643,10.2400875,14.49137,18.165045,20.773827,20.9272,19.861906,16.091663,13.876915,11.462125,10.0348625,8.982056,7.21579,11.722446,8.992405,14.488829,14.874541,17.762762,18.408442,17.606747,15.876428,16.478096,14.777055,17.53009,15.297423,21.48377,18.449005,23.028635,24.721182,25.848457,25.668997,21.126356,17.25614,22.545916,19.416494,21.071663,20.347218,20.072079,19.99579,21.612305,19.740175,23.965553,27.649023,28.750969,26.218521,28.71775,29.889372,26.733177,28.627693,28.062258,28.126022,32.904747,30.682056,27.319435,30.39195,28.692497,31.291454,31.957146,33.78436,33.632256,30.210953,29.803312,26.62027,25.020584,26.893568,23.547688,27.807398,25.636265,29.709246,29.471395,30.97736,33.95862,32.262867,27.036314,23.638058,21.731812,18.161343,18.559229,12.894543,12.770609,10.086187,10.987408,12.386652,12.55602,10.45713,13.327214,11.375171,12.060844,14.920653,15.789452,20.089998,20.272005,24.515558,24.12747,21.995935,26.393818,28.382994,27.106686,24.194723,25.62877,19.336008,20.61325,17.623697,18.395622
6,18.949429,15.161062,12.091324,9.0841465,5.5673876,6.0709314,0.0,6.741855,6.769585,13.364899,15.966921,18.488922,19.865328,19.078331,16.78246,13.781788,13.2430725,10.434755,11.4572115,9.074981,14.563403,12.999312,17.610893,16.338398,19.363039,18.828068,16.40345,14.563035,13.531432,13.742636,14.232406,14.282188,19.513203,17.647675,21.947643,23.82088,25.884155,25.368261,21.247581,17.456797,21.496763,18.412134,18.776146,17.479895,18.7752,17.6389,20.348331,17.54953,22.288637,25.309303,26.592691,23.238861,26.862759,27.170568,24.584146,26.666307,25.073376,25.191158,29.799437,26.829306,23.488232,26.110556,24.613161,26.795296,28.192186,29.094536,29.323559,26.066633,24.950768,21.389036,20.037882,21.36368,18.14305,22.294727,20.323116,24.5309,24.460575,26.385914,29.432125,28.171335,23.321619,19.521996,17.90399,13.962027,13.89337,9.145311,7.9308414,7.266665,7.908112,11.029784,10.456278,8.98192,10.092899,8.433351,6.688359,9.7563715,10.402614,14.719055,15.270112,19.235775,18.320742,16.041029,20.532063,22.574236,21.132998,18.155573,19.739918,13.439316,15.044164,12.649111,13.975743
7,22.288412,18.659138,15.826944,13.111898,10.821656,7.2278643,6.741855,0.0,4.4810205,7.377219,11.461068,13.552659,14.140856,13.673407,10.501346,8.845655,8.5370865,7.8771505,10.326608,10.576044,15.401428,15.161219,19.973135,19.543192,23.45632,23.1937,21.875467,19.083418,18.118767,16.67911,16.705109,14.628614,18.341608,14.488166,19.452679,20.238588,22.253853,22.719654,18.449224,15.434411,20.83489,19.202986,19.632484,20.43727,21.999504,21.891102,24.715467,23.018694,27.555809,30.835888,31.41477,27.81708,30.602058,30.280773,27.038174,28.256237,26.98842,26.1329,30.325472,28.036104,24.935116,28.854149,28.158735,30.83728,32.881676,33.948036,34.83112,32.03212,30.804659,26.828997,24.911158,25.582901,21.596891,25.059402,22.014332,25.794712,24.679085,26.137926,28.585554,26.237213,21.061821,17.678051,16.547901,13.2478075,14.972155,9.502237,12.614319,11.801813,14.081441,17.043167,17.020912,15.229796,16.639275,13.045235,11.935576,13.608203,11.606392,16.5514,15.02631,20.219484,20.859818,18.30421,22.121004,24.093285,23.922451,21.182116,24.260748,18.073862,20.625122,18.89978,20.435776
8,24.989885,21.16077,18.2651,15.1229725,12.104839,10.2400875,6.769585,4.4810205,0.0,7.511217,9.362004,11.841401,13.407576,12.987014,11.716898,9.058794,10.542583,8.572601,12.131736,11.927936,17.013136,17.476698,21.706905,20.300798,24.368633,23.36453,21.31359,18.299633,16.303528,15.86954,14.099911,13.550057,16.148342,13.401384,17.944899,18.920866,21.66643,21.78328,17.983547,15.150214,19.365396,17.951614,17.364609,18.104687,20.798197,20.183468,23.687939,21.74207,26.404058,29.231234,29.71031,25.568563,28.874542,27.827051,24.939741,26.145718,24.191053,23.250378,27.232285,24.50342,21.480518,25.271599,24.894865,27.384016,30.032518,30.568495,31.88274,29.42744,27.829905,23.564606,21.55644,21.711773,17.616205,20.80019,17.66355,21.44904,20.345024,22.009718,24.52275,22.485516,17.49864,13.797295,12.808826,9.219443,10.944657,6.302695,10.054355,10.742957,13.225244,16.896011,16.814354,15.671878,16.113506,13.220851,10.342537,11.708792,8.247166,13.573594,11.639273,17.038649,17.326767,14.202386,17.799263,19.660658,19.606968,17.007732,20.498758,14.51913,17.709116,16.60994,18.741524
9,29.414387,25.910213,22.959269,20.484102,18.096373,14.49137,13.364899,7.377219,7.511217,0.0,6.9522996,6.758572,7.813706,8.999172,7.093664,8.237735,10.468784,11.576271,15.427023,16.939415,21.125473,22.02654,26.457737,25.896378,30.281017,29.678463,28.336458,25.025532,23.312931,21.885748,20.137175,18.044205,18.687494,13.99554,18.740095,17.99543,20.711378,22.168242,18.618809,17.146852,22.27066,22.367918,21.85778,24.171724,26.8298,26.90066,30.29051,28.937405,33.45579,36.450844,36.573082,32.380978,35.075798,33.604195,30.32151,30.75868,29.10741,27.305573,30.594639,28.56642,25.986816,30.663143,30.98493,33.677734,36.79559,37.272705,38.999268,36.78091,34.980587,30.552023,28.46212,28.024569,23.711079,26.02289,22.179884,25.235603,22.976954,24.159933,25.650846,22.25446,17.408464,14.570769,14.879202,12.835441,16.078508,12.238025,17.450943,17.756598,20.500916,23.900312,23.807434,22.115705,22.85917,18.438026,16.751436,17.055918,12.676887,17.171349,13.533414,19.306028,21.392784,18.800358,21.435944,23.236994,24.496117,22.197565,26.732485,21.248026,24.562334,23.92823,25.766571
10,33.17224,29.286026,26.961918,23.445665,20.960636,18.165045,15.966921,11.461068,9.362004,6.9522996,0.0,5.7634125,5.395605,5.1078124,8.100028,7.0652103,11.36947,11.438739,16.136555,17.968296,21.571804,24.114088,27.42783,25.983349,30.903625,29.498741,28.209057,24.208584,21.832266,20.418453,17.053293,15.37242,13.3204775,9.499668,13.27837,12.305446,15.924253,17.13847,14.543536,14.071726,17.649986,18.966372,17.477726,20.951902,24.53195,24.835587,28.678003,28.053097,32.244328,34.91013,34.289234,29.687687,31.996279,29.513227,26.29771,26.111868,24.213566,21.815174,24.489908,22.806263,20.637558,25.886715,26.945257,29.868393,33.581997,34.15741,36.61703,35.23145,33.600815,28.955088,26.05978,25.252234,20.549763,22.113935,17.806269,20.157799,17.606394,18.103195,19.51792,16.105915,10.916556,8.848156,8.879744,8.397847,12.242215,10.287312,16.83933,17.775072,21.304863,24.986916,25.612156,24.871845,25.224352,22.348726,19.133736,19.690805,14.11977,18.761932,14.321382,20.2605,21.627052,17.752815,19.14626,20.083363,21.858389,20.392948,25.22352,20.364494,24.620375,24.28099,27.084038
11,35.833282,32.19637,29.197084,26.474289,23.738419,20.773827,18.488922,13.552659,11.841401,6.758572,5.7634125,0.0,5.515449,8.370208,10.404274,11.665475,15.369507,16.133677,20.62006,22.246296,26.26915,27.96673,31.918797,30.754927,35.407238,34.22835,32.5347,28.921135,26.406906,25.52195,22.060682,20.909561,18.926456,15.107765,18.6954,17.020823,20.638308,22.36508,19.972101,19.664433,23.379553,24.648409,23.016823,26.082003,29.833605,29.747156,33.688766,32.463593,36.903374,39.419228,39.184273,34.45206,37.28095,34.6953,31.732113,31.635515,29.380196,26.954609,29.249084,27.239655,25.27895,30.17345,31.399963,33.888664,37.96507,37.7591,40.264668,38.712135,36.44197,31.738884,29.53368,28.094837,23.776638,24.852999,20.60778,22.755325,19.62406,20.57374,21.116892,17.048214,13.028718,10.95345,12.927643,12.456034,16.283527,14.770802,20.559525,21.907871,24.835932,28.630407,28.545006,27.275354,27.307762,23.166235,20.516434,20.068573,14.279442,17.871258,12.83092,18.401203,21.095533,18.303383,19.412203,20.751568,23.21446,21.61274,27.072762,22.630875,26.524773,26.834835,29.097025
12,35.818424,32.14844,29.844687,26.705267,24.577684,20.9272,19.865328,14.140856,13.407576,7.813706,5.395605,5.515449,0.0,3.721761,6.7579374,9.046062,12.703978,14.503993,18.765285,21.327173,24.402597,26.964188,30.429123,29.625813,34.622116,33.59609,32.790092,28.743841,26.771431,24.73185,22.034727,19.337744,16.939646,12.005757,15.491301,13.131236,16.151936,18.480001,16.179123,16.632624,20.85181,22.819004,21.795187,25.807867,28.952606,29.67721,33.255066,32.91849,37.04299,39.923553,39.18131,34.737946,36.600006,34.176563,30.702343,30.13363,28.683645,25.960333,28.21413,27.158094,25.269005,30.813269,32.05172,35.08704,38.791546,39.496216,41.994675,40.587257,38.95672,34.31015,31.45424,30.582636,25.898159,27.224674,22.815813,24.760538,21.764221,21.880249,22.535885,18.320984,13.7773285,12.866193,13.553923,13.734529,17.598122,15.333952,21.88569,22.344942,25.8935,29.374367,29.971094,28.839523,29.517174,25.851292,23.373,23.682007,18.239147,22.52465,17.76658,23.570644,25.774971,22.404072,23.563213,24.527983,26.758757,25.32259,30.394619,25.559473,29.660547,29.298351,31.835386
13,34.488686,30.704584,28.903786,25.307327,23.451483,19.861906,19.078331,13.673407,12.987014,8.999172,5.1078124,8.370208,3.721761,0.0,5.6515017,6.540516,10.395415,12.070725,16.256779,19.115776,21.67723,24.881609,27.84547,26.958935,32.12638,31.009201,30.598186,26.315079,24.562937,22.023582,19.631538,16.294312,13.786209,8.465847,12.01684,9.855263,12.6938095,14.896064,12.46152,13.099348,17.376951,19.55122,18.800032,23.187067,26.047798,27.148485,30.552504,30.714561,34.60116,37.5995,36.56543,32.290718,33.666206,31.356476,27.672552,26.956873,25.904022,23.17178,25.603205,24.938328,22.98627,28.746758,29.876577,33.197144,36.602577,37.862797,40.31074,39.02506,37.837315,33.280075,30.014765,29.565966,24.724152,26.305954,21.946043,23.914505,21.300207,21.066473,22.177359,18.393959,13.367711,12.720021,12.2317915,12.572179,16.177269,13.65439,20.433163,20.48802,24.38051,27.684412,28.758617,27.944118,28.864557,25.959766,23.258957,24.127092,18.917519,23.66011,19.228745,25.179977,26.71296,22.832878,24.113304,24.841543,26.678034,25.34761,29.987719,24.979881,29.21233,28.441422,31.253452
14,30.30337,26.776426,24.9973,21.872856,20.482815,16.091663,16.78246,10.501346,11.716898,7.093664,8.100028,10.404274,6.7579374,5.6515017,0.0,5.1101556,6.785919,10.021553,13.365726,16.459606,19.002031,21.373531,24.928028,24.875195,29.763803,29.33284,29.2783,25.355234,24.37523,21.346344,20.610325,16.39563,16.543901,10.453787,15.055443,13.738016,15.298554,17.418303,13.837532,13.303129,19.220972,20.24971,20.600279,24.193447,26.025448,27.239103,30.112473,30.068134,34.06133,37.47767,36.85355,33.051212,34.399326,33.086506,29.174328,28.953972,28.369984,26.195131,29.353027,28.535276,26.130306,31.56801,31.990854,35.340706,38.04674,39.639545,41.44875,39.547276,38.55606,34.21101,31.265198,31.40865,26.691519,29.073292,25.013988,27.650024,25.442238,25.651947,27.157951,23.588974,18.391663,16.863943,16.040453,15.055126,18.273335,14.01565,20.100725,19.25694,22.8572,25.747494,26.683203,25.3522,26.870466,23.44111,21.806757,22.961197,18.812393,23.744053,20.040253,25.987381,27.60412,24.24762,26.512552,27.753279,28.99107,27.083075,31.269833,25.606525,29.253696,27.917135,30.191483
15,28.178501,24.333933,22.872458,19.01462,17.484274,13.876915,13.781788,8.845655,9.058794,8.237735,7.0652103,11.665475,9.046062,6.540516,5.1101556,0.0,4.4631586,5.6251917,9.803276,12.623364,15.368641,18.351177,21.439144,20.705051,25.767689,24.911379,24.734297,20.600874,19.471846,16.458126,15.558266,11.385445,12.1891,6.5829353,11.666437,11.730439,13.580295,14.61019,10.611771,9.082055,14.828608,15.364212,15.667339,19.089182,21.028929,22.207825,25.198296,25.28725,29.200668,32.543175,31.802027,27.968416,29.335781,28.045319,24.17393,24.162863,23.522102,21.62034,25.179789,24.181267,21.564665,26.857159,27.065104,30.504639,33.018528,34.86496,36.62684,34.845062,34.13797,29.871557,26.638233,27.115614,22.357952,25.038527,21.197254,24.03025,22.397207,22.619398,24.758839,21.954554,16.44027,14.599909,12.696943,11.32671,14.007678,9.496244,15.705989,14.807236,18.747633,21.703856,23.039017,22.269508,23.68546,21.435696,19.059456,20.759466,16.767807,22.051807,18.806581,24.736977,25.41615,21.507797,23.898867,24.93311,25.630512,23.825554,27.495392,21.78952,25.58958,23.999075,26.668425
16,24.787226,21.107382,20.15554,16.402084,15.68027,11.462125,13.2430725,8.5370865,10.542583,10.468784,11.36947,15.369507,12.703978,10.395415,6.785919,4.4631586,0.0,4.500498,6.6472754,10.145903,12.2237425,14.941253,18.166315,18.250475,23.1389,22.899033,23.41404,19.541779,19.401098,15.607183,16.670439,11.478483,14.553459,9.176427,14.004203,14.585025,15.227195,16.077654,11.544287,9.171756,15.893287,15.497719,17.025923,19.809145,20.46917,22.022614,24.284925,24.580744,28.319294,32.06017,31.470905,28.251814,29.19845,28.852926,24.767136,25.044657,25.08929,23.668121,27.652285,26.850605,24.027933,29.013912,28.640642,32.175053,33.90901,36.315514,37.52953,35.37511,35.10941,31.16131,28.029211,29.16933,24.60394,27.83884,24.361713,27.472136,26.241621,26.532022,28.921337,26.32814,20.789917,18.822859,16.615622,14.781808,16.791695,11.393105,16.339104,14.273964,17.996426,20.28165,21.846344,20.871899,22.983128,20.915586,19.425379,21.606264,18.773706,24.078844,21.559565,27.304316,27.778091,24.16072,27.107494,28.323612,28.493921,26.426361,29.454514,23.400757,26.663572,24.421394,26.728119
17,23.43881,19.450283,18.52696,14.138453,12.995135,10.0348625,10.434755,7.8771505,8.572601,11.576271,11.438739,16.133677,14.503993,12.070725,10.021553,5.6251917,4.500498,0.0,4.7558107,7.0730004,10.179187,13.11352,16.069891,15.170968,20.162123,19.390139,19.404955,15.397524,14.941087,11.488996,12.357641,7.741327,12.198653,8.489223,13.067324,14.795972,15.954271,15.761161,11.287483,7.7422576,13.572687,12.163001,13.4925,15.55383,16.481808,17.683714,20.22979,20.29967,24.151104,27.750925,27.243853,23.876947,25.22062,24.88782,21.01148,21.719908,21.431488,20.435526,24.789803,23.527336,20.483637,25.060444,24.41399,27.874353,29.496782,31.897228,33.035255,30.90531,30.740412,26.857742,23.637667,25.019732,20.553259,24.074457,20.939804,24.2755,23.587479,24.084087,26.933426,25.028633,19.516613,17.1689,14.398246,12.040058,13.238671,7.6371408,12.098194,10.022851,14.029944,16.533504,18.325037,17.888561,19.72591,18.728186,16.512245,19.074093,16.53293,21.88328,19.896133,25.38822,25.098854,21.209211,24.285572,25.398783,25.056723,23.032774,25.556671,19.529196,22.817003,20.427362,23.04034
18,19.941017,16.071241,16.19207,11.660769,11.835073,8.982056,11.4572115,10.326608,12.131736,15.427023,16.136555,20.62006,18.765285,16.256779,13.365726,9.803276,6.6472754,4.7558107,0.0,4.2372932,5.786592,8.985324,11.680462,11.650276,16.506012,16.41468,17.47842,13.839375,14.829378,10.388947,13.927244,8.657686,15.044729,11.96468,15.853186,18.01104,18.146128,17.61276,13.0590725,9.093809,14.890116,12.374969,15.095907,16.242064,15.378235,17.106413,18.563892,19.088602,22.515312,26.548466,26.132833,23.634226,24.32095,25.151424,21.146374,22.18638,22.74041,22.349834,27.021492,26.057295,22.922092,27.007936,25.720213,29.239922,29.862247,32.989304,33.494884,31.06165,31.550632,28.16199,25.019968,27.181894,23.077528,27.038849,24.400038,27.844236,27.616821,28.077898,31.154388,29.530998,24.047943,21.756918,18.732431,16.29407,16.77938,11.228331,13.590299,10.115617,13.588889,14.942021,17.27088,16.90667,19.521944,19.32389,17.990215,21.055725,19.777317,24.944721,23.68995,28.867897,28.224886,24.594292,28.024292,29.184895,28.29324,26.158035,27.82613,21.720657,24.339025,21.221197,23.464334
19,17.19301,13.102149,13.158239,8.183515,8.305422,7.21579,9.074981,10.576044,11.927936,16.939415,17.968296,22.246296,21.327173,19.115776,16.459606,12.623364,10.145903,7.0730004,4.2372932,0.0,5.516851,6.5871367,9.838128,9.08483,13.493384,13.320463,13.704093,10.592528,11.87259,8.313802,12.628174,9.195873,16.555206,14.701938,18.36929,20.974537,21.526888,20.516167,16.189514,11.909277,16.444994,12.750042,15.248815,14.720395,13.568924,14.515092,15.863096,15.559822,19.250595,23.259804,23.415358,21.075699,22.47041,23.813145,20.274456,22.042328,22.216225,22.48948,27.445524,25.866594,22.538094,25.778877,23.953054,27.13138,27.34104,30.322374,30.375212,27.581282,28.13955,25.030773,22.270826,24.811493,21.166462,25.517593,23.455635,27.204231,27.473166,28.341557,31.700994,30.570177,25.255934,22.502083,19.47499,16.475632,16.145704,10.803094,10.90415,6.8355293,9.66399,10.7256365,13.127227,13.033743,15.715462,16.508512,15.241768,18.662315,18.457506,23.283913,22.9236,27.549667,26.331654,22.984049,26.780708,28.070765,26.566103,24.266033,25.189331,19.10345,21.14499,17.667833,19.705776
20,17.698324,14.0799265,15.909441,11.28387,12.843751,11.722446,14.563403,15.401428,17.013136,21.125473,21.571804,26.26915,24.402597,21.67723,19.002031,15.368641,12.2237425,10.179187,5.786592,5.516851,0.0,6.256253,6.2730947,6.781986,11.549214,11.940347,14.540816,11.431357,14.095831,8.99907,15.007839,10.201966,17.67648,16.10566,18.870567,21.73473,21.149654,19.841814,15.787348,11.804046,15.978173,12.225219,16.052122,15.939664,12.947673,15.289775,15.256271,16.689766,19.209814,23.579254,23.073317,21.712633,21.46282,23.631351,19.723183,21.199982,22.647741,23.089733,27.998274,27.330194,24.203793,27.493753,25.499117,29.018333,28.415148,32.459743,32.30526,29.793188,31.209719,28.507502,25.318483,28.360472,24.787113,29.060266,27.117718,30.520607,30.981852,31.337942,34.755283,33.745422,28.416162,26.252924,22.79389,20.418053,19.966286,15.119102,15.412258,11.174086,13.739275,13.525207,16.73835,17.102217,20.119131,21.59965,20.599138,24.10619,23.868717,28.744974,28.21227,32.955738,31.612995,28.022535,31.548584,32.54079,30.98098,28.970404,29.51224,23.723982,25.71185,21.947226,24.027319
21,11.544596,7.8555074,10.077925,6.235735,9.223603,8.992405,12.999312,15.161219,17.476698,22.02654,24.114088,27.96673,26.964188,24.881609,21.373531,18.351177,14.941253,13.11352,8.985324,6.5871367,6.256253,0.0,5.7676935,7.9032884,10.141761,11.9875,13.737749,12.516767,15.505249,12.225851,18.137589,14.930899,22.634914,20.730934,24.187662,26.797054,26.66559,25.656372,21.369246,17.243204,21.64926,17.499828,20.745083,19.308588,16.37341,17.432089,17.046387,16.786438,19.648136,23.971218,24.67094,23.697134,24.534115,27.327236,24.016197,26.139587,26.996824,27.825583,32.895294,31.491358,28.166246,30.746231,28.294271,31.227797,30.26881,33.733303,32.854187,29.533173,30.708172,28.392786,26.206106,29.373627,26.35963,30.973833,29.405561,33.24925,33.7971,34.754726,38.202297,37.151382,31.837381,29.020107,26.049982,22.960619,22.39975,17.216724,15.860143,11.5628395,12.240163,11.01397,13.370041,12.985545,16.64768,18.067886,18.493868,22.031376,23.327002,27.641798,28.081623,32.215717,30.86733,28.17101,32.334732,33.80618,31.852768,29.366959,29.441929,23.549345,24.468092,20.43356,21.430126
22,14.184265,11.328078,14.851681,11.195747,13.997025,14.488829,17.610893,19.973135,21.706905,26.457737,27.42783,31.918797,30.429123,27.84547,24.928028,21.439144,18.166315,16.069891,11.680462,9.838128,6.2730947,5.7676935,0.0,4.7178884,6.5206714,8.751157,12.698024,11.594568,15.624901,11.689548,18.652912,15.333743,23.083138,22.237679,24.674614,27.795973,27.037727,25.415363,21.67722,17.772938,20.884062,16.405737,20.331436,18.625998,14.152886,16.097044,14.335736,15.715015,17.241285,21.75696,21.832806,21.88089,21.336933,25.00819,21.722618,23.85108,25.622452,26.89583,31.919867,31.104927,27.97008,30.183613,27.439878,30.548828,28.695173,33.16467,32.05545,29.13552,31.254074,29.412323,26.757841,30.487726,27.690077,32.254143,31.04141,34.566853,35.56395,36.130566,39.77959,39.196587,34.002544,31.624838,28.138824,25.500107,24.430344,19.972979,18.327154,13.972882,14.78819,12.750054,16.116297,16.857445,20.203905,22.963276,22.773674,26.48282,27.581514,31.946478,32.330185,36.463253,34.61054,31.484636,35.309315,36.380596,34.164455,32.07068,31.521936,26.10001,27.0651,22.810246,24.199429
23,16.728737,13.398703,16.042229,11.631616,13.377389,14.874541,16.338398,19.543192,20.300798,25.896378,25.983349,30.754927,29.625813,26.958935,24.875195,20.705051,18.250475,15.170968,11.650276,9.08483,6.781986,7.9032884,4.7178884,0.0,5.4569974,5.186589,8.855381,7.073955,11.277228,7.6963916,14.744935,12.610269,20.3516,20.654543,22.657185,26.193632,25.898926,23.78631,20.362612,16.325993,18.216574,13.19415,16.753428,14.254757,9.661199,11.396491,9.792297,11.392081,13.077713,17.582558,17.477016,17.192347,16.997402,20.529068,17.478943,19.968231,21.401773,23.00874,28.093641,27.00523,23.872917,25.672615,22.793299,25.863518,24.01311,28.53277,27.57288,24.90037,27.13372,25.280502,22.37096,26.242329,23.602482,28.132366,27.235336,30.660204,32.0062,32.588593,36.39508,36.28156,31.330576,28.97641,25.32372,22.759628,21.134958,17.467657,15.122065,11.075607,11.9965,10.184391,14.118446,15.731438,18.416315,22.06752,20.902685,24.666025,25.547546,29.806993,30.27093,34.209393,31.890358,28.493996,32.066093,32.901157,30.46785,28.623196,27.738403,22.660633,23.791365,19.595896,21.533268
24,14.7667,12.430554,15.992182,12.871514,15.235234,17.762762,19.363039,23.45632,24.368633,30.281017,30.903625,35.407238,34.622116,32.12638,29.763803,25.767689,23.1389,20.162123,16.506012,13.493384,11.549214,10.141761,6.5206714,5.4569974,0.0,4.097662,8.389703,9.646145,14.150531,12.320806,18.979074,17.885038,25.560032,26.059978,28.051172,31.636993,31.315746,29.12982,25.797646,21.7826,23.358086,18.19044,21.50369,18.000376,13.039432,13.830813,10.841133,11.65579,12.1493225,16.483507,17.297874,18.403202,18.309484,22.954685,20.713034,23.644146,25.076027,27.236391,32.278908,30.963545,27.882505,28.721535,25.301437,27.790133,24.901918,29.491331,27.588257,24.478264,27.244875,26.27812,24.112858,28.404068,26.559855,31.208155,30.924814,34.430397,36.134384,36.95644,40.87238,41.036797,36.217854,33.648388,30.11591,27.328552,25.381832,21.97838,18.393385,14.671569,13.979261,10.701846,14.205538,16.076971,18.796019,23.391766,22.978952,26.738483,28.729366,32.441814,33.677677,37.02176,34.34658,31.491446,35.28742,36.23334,33.303448,31.376331,29.590218,24.989561,25.103327,20.673018,21.797674
25,18.014519,15.20045,17.906082,14.116824,15.556772,18.408442,18.828068,23.1937,23.36453,29.678463,29.498741,34.22835,33.59609,31.009201,29.33284,24.911379,22.899033,19.390139,16.41468,13.320463,11.940347,11.9875,8.751157,5.186589,4.097662,0.0,5.617429,6.422585,10.900103,9.711781,15.909649,15.790951,23.071363,24.450562,25.991749,29.823826,29.785095,27.263712,24.277075,20.339317,20.894575,15.562268,18.46313,14.417204,9.411071,9.9340925,6.754899,8.166951,8.5729685,13.068075,13.509761,14.340613,14.430176,18.957174,16.95389,20.119968,21.317286,23.72547,28.72176,27.28493,24.277697,24.789019,21.295544,23.805916,20.916077,25.683123,24.020107,21.267698,24.195576,23.15829,20.621881,25.018347,23.272198,27.79933,27.746826,31.072027,33.034126,33.782646,37.779835,38.308926,33.730225,31.29603,27.641272,25.052858,22.72064,20.087152,16.22373,12.98187,12.553154,9.798715,13.706513,16.244448,18.295486,23.368523,22.036608,25.768164,27.33182,31.010191,32.138325,35.406845,32.4166,29.247252,32.717102,33.401676,30.377783,28.73796,26.758074,22.51379,22.92237,18.647299,20.405342
26,18.666275,15.628344,16.928797,13.367065,13.593986,17.606747,16.40345,21.875467,21.31359,28.336458,28.209057,32.5347,32.790092,30.598186,29.2783,24.734297,23.41404,19.404955,17.47842,13.704093,14.540816,13.737749,12.698024,8.855381,8.389703,5.617429,0.0,4.8965216,7.816578,9.774003,14.051786,16.07115,22.90369,24.654121,26.472836,30.240198,31.03918,28.569677,25.548487,21.482899,21.81262,16.478458,18.103088,12.940341,10.002634,8.009249,6.8564277,3.7197104,6.658033,10.486251,12.340712,11.971703,14.671942,18.251867,17.053022,20.658264,20.473278,23.039673,28.01232,25.59469,22.47994,22.25336,18.575098,20.428795,17.963814,21.628325,19.811737,16.51768,18.941248,17.916243,15.9917965,20.403458,19.219547,23.857523,24.293007,27.822044,30.011732,31.25781,35.286976,36.09819,31.827217,28.996984,25.707047,22.789883,20.033335,18.1299,12.788743,10.668665,8.868973,6.229099,9.671821,12.938674,13.9987545,19.900051,18.107792,21.670248,23.741472,26.820951,28.543007,31.16133,27.762276,24.94185,28.485744,29.276882,25.878817,24.16586,21.647514,17.762362,17.634287,13.386948,15.160992
27,20.331812,16.701311,17.719154,13.150638,12.9749155,15.876428,14.563035,19.083418,18.299633,25.025532,24.208584,28.921135,28.743841,26.315079,25.355234,20.600874,19.541779,15.397524,13.839375,10.592528,11.431357,12.516767,11.594568,7.073955,9.646145,6.422585,4.8965216,0.0,4.5725307,4.9226694,9.799941,11.241317,18.098948,19.942183,21.595688,25.404305,26.18042,23.687181,20.720861,16.727825,16.966425,11.65592,13.434192,8.917218,6.110869,5.1341915,5.846473,5.4377832,8.821289,12.729555,12.972544,11.2066145,13.258084,15.814296,13.64895,16.884636,16.828882,18.936844,24.040329,21.952055,18.739254,19.601696,16.458668,19.176416,17.763037,21.677773,20.991943,18.45933,20.409878,18.374655,15.313526,19.317438,17.07779,21.647757,21.37901,24.813654,26.690163,27.59753,31.58869,32.16553,27.716835,25.163671,21.60245,18.95909,16.398104,14.32718,10.241846,7.6863694,8.122398,7.4661436,11.326914,14.039711,15.265982,19.972645,17.427263,21.02613,21.800663,25.570889,26.388119,29.737265,26.721327,23.178585,26.44892,27.057344,24.200346,22.62962,21.162033,16.679293,17.903835,13.974738,16.717669
28,23.369932,19.55953,19.50827,14.976223,13.583994,16.478096,13.531432,18.118767,16.303528,23.312931,21.832266,26.406906,26.771431,24.562937,24.37523,19.471846,19.401098,14.941087,14.829378,11.87259,14.095831,15.505249,15.624901,11.277228,14.150531,10.900103,7.816578,4.5725307,0.0,5.8302236,6.4354,10.484677,16.017448,18.532341,20.05973,23.78056,25.290667,22.806658,20.122911,16.390564,15.955599,11.211046,11.329021,6.183654,7.1256685,4.2749705,8.149934,6.372158,10.523046,13.242686,13.434076,9.858008,13.560522,14.335621,12.587439,15.772547,14.384396,16.32913,21.312653,18.507458,15.208601,15.964818,13.113127,15.753997,15.620668,18.579206,18.679085,16.485247,17.600628,14.841049,11.353883,14.993427,12.512374,17.098162,16.900042,20.390358,22.382162,23.495468,27.512491,28.339674,24.1898,21.542414,18.144548,15.524373,12.495384,11.670389,7.1008167,6.5879536,7.5021534,8.88536,11.704148,14.409732,14.58994,18.998215,15.387612,18.64463,18.775364,22.360893,23.044668,26.218557,22.999273,19.168692,22.136086,22.5945,19.728794,18.338207,17.068884,12.737659,14.649999,11.359819,14.925752
29,22.166773,18.224863,18.98192,13.890721,13.478757,14.777055,13.742636,16.67911,15.86954,21.885748,20.418453,25.52195,24.73185,22.023582,21.346344,16.458126,15.607183,11.488996,10.388947,8.313802,8.99907,12.225851,11.689548,7.6963916,12.320806,9.711781,9.774003,4.9226694,5.8302236,0.0,7.1035748,6.3947906,13.611615,15.201651,16.812733,20.60131,21.267576,18.859402,15.799173,11.829234,12.418705,7.2352214,9.571015,7.188876,5.430178,6.799125,8.767386,9.982737,13.019189,16.723337,15.903178,13.301339,14.32922,15.570657,12.237294,14.5927725,14.83601,16.058517,21.218466,19.677473,16.428497,18.814623,16.559338,20.019299,19.73556,23.619581,23.90148,21.9664,23.409,20.60516,16.834774,20.086063,16.785517,21.048431,19.83755,23.102957,24.425978,24.915514,28.758034,28.88719,24.159838,21.956682,18.13698,15.867248,13.890001,11.289966,9.714353,6.857762,9.775452,10.62444,14.197518,16.10851,17.550112,20.77716,17.845396,21.304956,20.728708,25.171152,24.964003,29.09483,26.682175,22.564808,25.530878,26.008991,23.903152,22.444242,22.236847,17.265133,19.652346,16.222834,19.41161
30,27.650133,23.569,23.062166,18.213509,16.340195,17.53009,14.232406,16.705109,14.099911,20.137175,17.053293,22.060682,22.034727,19.631538,20.610325,15.558266,16.670439,12.357641,13.927244,12.628174,15.007839,18.137589,18.652912,14.744935,18.979074,15.909649,14.051786,9.799941,6.4354,7.1035748,0.0,6.8558264,9.940173,13.292194,14.280649,17.92727,19.93361,17.491798,15.279782,12.252556,10.988987,7.780563,5.8979087,4.1327844,8.851208,8.182489,12.583439,12.570819,16.012497,18.314802,17.272934,12.712674,15.367507,13.732026,11.079694,12.926049,10.842469,11.392703,16.310411,13.695371,10.264282,13.242514,12.079636,15.591858,17.466917,19.950571,21.604307,20.51092,20.822338,17.109938,12.720555,14.734431,10.661736,14.432575,12.874904,16.014065,17.405777,17.98136,21.91278,22.481867,18.227009,16.097029,12.29092,10.454153,7.6258245,8.023377,7.6572466,8.369069,11.562207,14.224947,16.608618,18.47749,18.55149,21.130625,16.75051,19.43652,17.382414,21.563967,20.756983,24.748407,22.200056,17.440624,19.524532,19.548296,17.809427,16.904312,17.513111,13.157289,16.830952,14.812737,18.852057
31,25.953753,21.867437,21.984861,16.877138,15.950851,15.297423,14.282188,14.628614,13.550057,18.044205,15.37242,20.909561,19.337744,16.294312,16.39563,11.385445,11.478483,7.741327,8.657686,9.195873,10.201966,14.930899,15.333743,12.610269,17.885038,15.790951,16.07115,11.241317,10.484677,6.3947906,6.8558264,0.0,7.936514,8.881414,10.609079,14.239634,15.111916,13.0182295,9.739595,5.916782,7.571237,4.577217,6.4432874,8.810042,9.849412,11.783717,14.519985,15.977434,19.031063,22.358183,20.910282,17.504581,18.028692,17.393522,13.3289175,14.060447,14.184052,13.715469,18.50105,17.612953,14.559434,18.894957,18.051373,21.956522,23.16641,26.507881,27.859243,26.5098,27.20916,23.637915,19.460005,21.497004,17.184883,20.666739,18.212067,21.078838,21.461285,21.407299,24.870432,24.282137,19.24862,17.609632,13.622339,12.141781,11.435973,8.5269575,11.1805315,9.367037,13.647512,15.725412,18.63018,19.711088,21.044342,22.455189,19.117662,22.052881,19.677309,24.680058,23.092882,28.052216,26.512335,21.872545,24.245972,24.548058,23.57492,22.328838,23.742325,18.58105,22.119299,19.542486,23.022451
32,33.649498,29.526083,29.116938,24.180895,22.636292,21.48377,19.513203,18.341608,16.148342,18.687494,13.3204775,18.926456,16.939646,13.786209,16.543901,12.1891,14.553459,12.198653,15.044729,16.555206,17.67648,22.634914,23.083138,20.3516,25.560032,23.071363,22.90369,18.098948,16.017448,13.611615,9.940173,7.936514,0.0,6.3632383,4.632805,8.416939,10.635385,8.345578,7.5406604,7.5268865,5.080593,8.198277,5.9422307,11.838983,15.222983,16.821697,20.265215,21.902903,24.656183,27.134985,24.96708,20.76788,21.08274,18.07996,14.378298,13.249266,12.46315,9.809225,13.168596,13.147534,11.045339,17.025446,18.052492,22.024092,24.852654,27.445705,30.09954,29.84749,29.958847,25.931482,21.34982,21.96728,17.279795,19.05107,15.740868,17.254475,16.853518,15.693598,18.661936,17.9647,13.361715,13.347735,9.263952,10.4141865,10.706888,10.945576,15.71374,15.799231,20.012268,22.770359,25.210466,26.23535,26.84226,27.483562,23.355598,25.43497,21.299646,26.05106,23.158188,28.270758,27.204725,22.036816,22.865295,22.400696,22.673946,22.33465,24.937134,20.83604,25.299013,23.935003,27.85044
33,31.66677,27.652477,26.94826,22.3789,21.011095,18.449005,17.647675,14.488166,13.401384,13.99554,9.499668,15.107765,12.005757,8.465847,10.453787,6.5829353,9.176427,8.489223,11.96468,14.701938,16.10566,20.730934,22.237679,20.654543,26.059978,24.450562,24.654121,19.942183,18.532341,15.201651,13.292194,8.881414,6.3632383,0.0,5.1144347,6.3937707,8.451826,8.491926,5.206022,5.3085055,9.034964,11.344215,11.101397,16.10738,18.454014,20.23464,23.32456,24.52442,27.79488,30.866062,29.233814,25.309942,25.778122,23.718763,19.702703,18.889534,18.593855,16.164978,19.350073,19.25054,17.02726,22.87306,23.574966,27.40387,30.044527,32.448524,34.710434,33.741096,33.534275,29.329063,25.274992,25.827253,20.938387,23.109087,19.294516,21.357944,20.047026,19.337124,21.671812,19.51591,14.193181,13.679936,10.556078,10.859077,12.845066,10.412563,16.60508,15.958831,20.359573,23.188395,25.29188,25.444294,26.601582,25.808044,22.504639,24.454136,20.13197,25.304348,21.93682,27.671408,27.604406,22.895535,24.381296,24.599092,25.306217,24.27646,27.606277,22.586338,26.88183,25.328669,28.71894
34,35.46943,31.439493,31.151608,26.330246,25.083086,23.028635,21.947643,19.452679,17.944899,18.740095,13.27837,18.6954,15.491301,12.01684,15.055443,11.666437,14.004203,13.067324,15.853186,18.36929,18.870567,24.187662,24.674614,22.657185,28.051172,25.991749,26.472836,21.595688,20.05973,16.812733,14.280649,10.609079,4.632805,5.1144347,0.0,4.3151784,6.0415115,4.502999,4.58733,7.1782684,6.5365486,10.99015,10.1031685,16.13428,18.671577,20.835121,23.833817,25.846186,28.490341,31.23214,28.897665,25.021555,24.650454,21.858671,17.90145,16.146744,16.249222,13.217228,15.591251,16.650997,15.107239,21.246557,22.490255,26.504616,29.254503,32.011734,34.687794,34.41827,34.551666,30.482214,25.961037,26.456356,21.70186,23.227938,19.602268,20.77507,19.69922,18.119635,20.358719,18.791742,14.19967,14.981895,11.580645,13.224318,14.53429,13.880513,19.448246,19.053732,23.44388,26.088272,28.562223,29.217813,30.184105,30.121746,26.401201,28.371193,23.896767,28.824862,25.378473,30.855806,30.42822,25.385332,26.114475,25.719034,26.52578,26.125147,29.194494,24.89215,29.380024,27.966574,31.711407
35,37.893265,33.919888,33.30827,28.753183,27.389763,24.721182,23.82088,20.238588,18.920866,17.99543,12.305446,17.020823,13.131236,9.855263,13.738016,11.730439,14.585025,14.795972,18.01104,20.974537,21.73473,26.797054,27.795973,26.193632,31.636993,29.823826,30.240198,25.404305,23.78056,20.60131,17.92727,14.239634,8.416939,6.3937707,4.3151784,0.0,4.575563,6.0236406,6.6879573,10.036318,10.802172,15.192282,14.231042,20.166998,22.860683,24.89664,27.989435,29.741743,32.603554,35.3641,33.146374,29.14311,28.950989,25.97683,22.138266,20.22938,20.117231,16.774391,18.352467,19.49734,18.295767,24.559072,26.17136,30.022068,33.176907,35.511353,38.385235,38.090096,37.8513,33.58042,29.264097,29.272446,24.43382,25.551575,21.53657,22.428492,20.581295,18.856354,20.304749,17.811932,13.409923,14.824234,12.428188,14.554626,16.76085,16.010336,22.261892,22.051764,26.44185,29.302187,31.47642,31.745281,32.703194,31.785109,28.244343,29.830296,24.829447,29.671204,25.627094,31.269213,31.52628,26.672895,27.120785,26.79127,28.259905,27.851303,31.59655,27.295858,31.902155,30.794525,34.397457
