,0,1,2,3,4,5,6,7,8,9,10,11,12,13,14,15,16,17,18,19,20,21,22,23,24,25,26,27,28,29,30,31,32,33,34,35,36,37,38,39,40,41,42,43,44,45,46,47,48,49,50,51,52,53,54,55,56,57,58,59,60,61,62,63,64,65,66,67,68,69,70,71,72,73,74,75,76,77,78,79,80,81,82,83,84,85,86,87,88,89,90,91,92,93,94,95,96,97,98,99,100,101,102,103,104,105,106,107,108,109
0,0.0,4.3229775,6.690202,9.658172,12.18504,14.922676,17.791079,21.248587,24.828362,28.130314,31.020994,36.36011,32.568314,30.99697,25.944012,24.578335,20.421091,19.47677,15.748971,14.177779,11.838508,9.479604,13.006591,14.02172,17.492817,19.119907,16.77519,18.824188,20.804369,20.691816,24.528637,22.886122,29.373697,27.312666,31.99761,34.902527,37.46943,36.597824,35.39886,31.931498,35.819508,30.690489,33.486187,31.452433,32.914276,33.46501,31.916088,34.750015,31.50621,36.65046,37.070602,31.458624,35.75853,40.199516,38.818325,40.58615,37.171,39.079845,37.627773,39.205364,35.63077,38.759483,36.84084,40.994404,39.37369,34.303207,38.219193,35.905766,38.37855,36.36545,38.289856,38.036118,31.518661,35.41824,31.342669,31.65641,30.754194,29.908665,31.368683,29.095537,31.214535,33.019497,30.966528,28.3085,26.34377,25.471087,24.223476,26.19708,24.736109,27.366495,26.057745,29.287127,26.038395,27.449524,23.690578,25.18544,21.348654,22.453297,21.242296,22.612322,22.522612,24.639235,28.248913,26.586811,24.605473,26.843441,25.370766,25.474552,27.207155,25.951046
1,4.3229775,0.0,5.26252,6.725822,8.539908,12.5565405,14.09426,18.322569,21.453884,25.16034,27.83157,33.157673,29.915045,28.365316,23.545523,21.667301,17.837841,16.172327,12.88944,10.56713,8.893848,6.3239117,10.585835,11.922207,14.752448,16.408907,13.005454,15.7993765,17.455416,17.956747,21.405052,20.766842,26.923275,25.46773,29.758821,32.775906,34.924294,33.83702,32.326748,28.698576,32.26991,27.005322,29.475164,27.405624,28.671947,29.203184,27.593718,30.494087,27.367945,32.464798,32.77733,27.238422,31.62191,35.974895,34.56541,36.28212,32.88071,34.766903,33.36884,35.061195,31.630337,34.840897,33.101997,37.419205,36.04443,31.084318,35.36425,33.37485,35.947666,34.530163,36.091183,35.564545,29.029829,32.548527,28.437893,28.330996,27.403215,26.1336,27.793062,25.143124,27.410706,29.160305,26.901539,24.11026,22.121311,21.160336,20.019712,22.091917,20.872755,23.733711,22.79634,26.316267,23.174242,24.207348,20.447392,21.42107,17.464624,18.289713,16.959328,18.347113,18.368324,20.630394,24.377039,22.965448,20.84146,23.589895,21.664415,22.274744,23.935362,23.209475
2,6.690202,5.26252,0.0,5.3001137,6.994056,8.639557,12.139293,14.703735,18.616533,21.537289,24.603487,29.86606,25.906227,24.451815,19.28326,18.209845,14.057559,13.563484,10.392159,9.624823,9.226231,8.766355,13.038237,15.5120125,17.908678,18.811953,14.761653,16.019117,16.707603,16.275682,19.402004,17.688105,23.509394,21.214867,25.796728,28.926657,31.403084,30.318575,29.395363,26.001316,29.884136,25.085436,28.101133,26.562077,28.273174,29.967318,28.287945,32.04151,29.57762,34.3865,34.011696,28.553879,33.28716,37.32209,35.17576,36.914406,32.975845,35.151176,33.240414,34.147575,30.886969,33.651787,31.619532,35.878284,33.6665,28.913273,32.756577,30.253044,33.19547,31.281403,33.671753,33.619953,27.059757,31.146036,27.50465,27.600128,27.483585,26.462454,28.904055,26.448296,29.317122,31.447247,28.594488,25.609592,22.787846,21.634104,19.653408,21.19054,19.15293,21.532854,20.038498,22.999588,20.205164,21.995554,18.469904,20.1494,16.100325,18.28547,17.192602,20.039703,19.380842,22.72234,26.88445,25.13994,22.509502,24.490784,21.930618,21.934513,22.739079,21.54128
3,9.658172,6.725822,5.3001137,0.0,3.8505642,6.6309676,8.982791,12.916341,15.789239,19.918442,22.070686,27.64431,24.363756,22.365282,18.062696,15.562035,11.687084,10.109665,6.2199283,4.879984,4.1934958,5.30179,8.987934,12.173269,13.796264,14.180221,10.077839,10.732242,11.589855,11.490981,14.921587,14.096406,20.269571,19.202732,23.325947,26.214931,28.337585,27.434238,25.895927,22.377754,26.372704,21.223005,24.592907,22.451262,24.844995,25.86506,24.822834,28.428154,26.467913,31.200718,30.631044,26.035995,30.879585,34.561478,32.577717,33.878155,29.978128,31.475218,29.416908,30.531677,26.521908,29.447958,27.33088,31.414377,29.731783,24.66218,28.730267,26.667097,29.244919,27.898201,29.510815,29.098982,22.535652,26.296204,22.451738,22.529657,22.233875,21.408686,23.74779,21.666237,24.568491,27.002226,24.16301,21.484127,18.560991,18.555347,16.053823,18.701965,17.070833,20.114573,19.48449,22.651567,20.680046,22.016277,18.721258,19.174986,14.489182,16.300173,13.851812,16.506742,14.982535,18.433588,22.658552,20.381855,17.649492,19.223099,16.823772,16.705618,17.821684,16.78857
4,12.18504,8.539908,6.994056,3.8505642,0.0,6.0315633,5.632373,10.354265,12.957072,17.134941,19.40331,24.804907,22.000834,20.338581,16.04955,13.440193,10.155613,7.7379565,5.762652,3.3923864,6.278607,7.4074907,11.035724,14.012169,14.7981615,15.206843,9.561063,11.177035,10.788933,11.505714,13.718334,14.18382,19.271467,18.530901,22.149971,25.319601,26.970907,25.624577,23.9881,20.298285,23.762955,18.619303,21.408978,19.629406,21.499868,23.152105,21.690035,25.690317,23.88794,28.430887,27.624063,22.814661,27.760427,31.36319,29.099274,30.52915,26.504421,28.362684,26.330057,27.341673,23.965551,26.853765,25.00426,29.449379,27.726131,23.051435,27.511995,25.675663,28.640003,27.8722,29.427588,28.863998,22.380505,25.73507,22.097563,21.515034,21.477997,19.903912,22.80765,20.011953,23.250078,25.492813,22.221085,19.162863,15.981749,15.222059,12.784721,14.967715,13.314038,16.396172,15.938931,19.359474,17.352848,18.391487,15.155078,15.347545,10.639603,12.633569,10.585283,14.013013,12.817516,16.805693,21.199646,19.560888,16.593405,18.938457,15.524858,16.22251,16.758137,16.529049
5,14.922676,12.5565405,8.639557,6.6309676,6.0315633,0.0,6.927738,7.277756,11.053522,14.192165,16.648285,22.145136,18.135815,16.16428,11.622143,9.851467,5.5133834,6.1773343,4.0531416,6.6857066,9.122361,11.675983,14.531154,18.130333,18.956888,18.550617,13.882397,12.664403,11.329018,9.952484,11.887554,9.957839,14.9505205,13.034195,17.282629,20.454035,22.770597,21.725668,20.907866,17.70378,21.99848,17.653677,21.692575,20.441458,23.372253,26.024502,24.924,29.542562,28.584883,32.711388,31.21127,26.9956,32.098522,35.189915,32.28524,33.526962,29.021524,30.830177,28.122402,28.090979,24.510279,26.696074,24.265354,28.269617,25.44093,20.854221,24.405773,21.759912,25.009613,23.362558,26.001183,26.150808,19.728094,24.001305,21.07103,21.16017,22.168104,21.493969,24.959232,23.05658,26.659628,29.395958,25.831533,22.999208,19.131166,18.850588,15.322735,17.048325,14.4058275,16.691011,15.636496,17.894768,16.989481,19.083755,16.515846,17.403044,12.906058,16.360537,14.395024,18.733612,16.541126,21.126713,25.580309,23.244322,20.040241,20.709644,17.277979,16.545584,15.990352,14.626613
6,17.791079,14.09426,12.139293,8.982791,5.632373,6.927738,0.0,6.506582,7.6351438,12.418675,14.173281,19.500475,17.49765,15.93089,12.483094,9.061317,7.430413,3.5811787,6.0626493,5.2998686,10.021863,12.092194,14.606802,17.675194,17.250057,17.011635,10.760202,11.529466,9.00476,10.255829,10.252504,12.530818,15.699941,15.91663,18.470566,21.766724,22.707792,20.959024,19.112247,15.312761,18.30837,13.28229,15.9814005,14.655638,16.747025,19.513426,18.058737,22.844828,22.109966,25.989153,24.353018,20.222795,25.350937,28.287262,25.403864,26.628206,22.204428,24.125101,21.673191,22.11538,19.123457,21.711016,19.948277,24.626282,22.70231,18.524809,23.280306,21.778543,25.111086,25.16557,26.556757,25.869305,19.716045,22.558315,19.502174,18.241959,18.975676,16.88992,20.77475,17.733702,21.566614,23.918295,19.978289,16.78708,12.818083,11.977359,8.508123,10.430089,8.47592,11.740737,12.029934,15.331217,14.470279,15.181883,12.756055,11.940257,7.074156,9.947292,7.713464,12.667154,10.836122,15.785862,20.240816,18.864601,15.5569315,17.73285,13.082715,14.214367,13.493464,14.182241
7,21.248587,18.322569,14.703735,12.916341,10.354265,7.277756,6.506582,0.0,5.0238347,7.0357985,10.003712,15.18679,11.669255,10.415832,6.0404997,4.609207,3.9115846,5.062693,8.685458,10.632494,14.791561,17.331276,19.95063,23.384268,23.218328,22.605051,16.936619,16.06586,12.834266,12.290954,10.972736,11.325088,12.307891,11.064905,13.610172,17.329582,18.630873,16.630438,16.09325,12.933468,16.277666,12.85188,16.296158,16.420223,18.902273,23.362366,21.862604,27.31987,27.31254,30.5849,28.242697,24.431566,29.518553,31.920443,28.18037,29.424593,24.519331,26.854437,23.816252,22.783491,20.565506,22.050884,19.915955,24.277098,20.749348,17.401033,21.150284,18.763,22.89051,22.304441,25.080513,25.20328,19.461548,22.960238,21.027342,20.136492,22.113575,20.615742,25.116291,22.640274,26.744177,29.28433,25.049028,21.97056,17.615269,16.45455,12.654096,12.698196,9.348487,10.616976,9.74222,11.349458,11.951019,13.986937,12.647594,13.117708,9.622775,14.043445,13.168457,18.590601,16.554827,21.7148,26.074953,24.517607,21.121536,22.124575,17.377386,17.430735,15.24816,15.17082
8,24.828362,21.453884,18.616533,15.789239,12.957072,11.053522,7.6351438,5.0238347,0.0,6.0695963,6.5512385,12.030397,10.634748,9.084234,7.821633,3.7978206,6.830588,5.8597836,10.716715,12.156442,16.544481,19.289303,21.11064,24.391853,23.36533,22.39694,16.841396,15.746235,11.69089,11.99787,8.7891,11.779378,10.831082,12.030541,12.661205,16.063305,16.160767,13.838937,12.331031,8.799499,11.539258,7.904281,11.519092,11.785977,14.833596,19.561012,18.51779,24.108221,25.006998,27.694466,24.841917,22.151102,27.127357,28.860529,25.003239,25.797176,20.83145,22.693779,19.351854,18.029434,15.73775,17.04504,15.008746,19.554352,16.356485,13.349507,17.702068,16.200893,20.262562,20.994576,22.799746,22.44449,17.233067,19.730482,18.209784,16.624998,18.9761,17.138988,22.04086,19.628483,23.874521,26.437696,22.00435,19.196817,14.687833,14.242619,10.004687,10.322018,7.681255,9.2432,10.1614065,11.650414,13.540928,14.4667425,13.945777,12.723964,9.707431,13.301122,11.859949,17.13158,14.651459,19.809097,23.875963,22.459452,19.109957,19.913559,14.736703,15.222748,12.305316,13.399604
9,28.130314,25.16034,21.537289,19.918442,17.134941,14.192165,12.418675,7.0357985,6.0695963,0.0,4.9118133,8.607915,5.5752754,6.1882253,5.018284,6.3218765,9.575499,10.914216,15.282009,17.169039,21.508595,24.115309,26.454449,29.817604,29.13094,28.280535,22.584866,21.51861,17.567165,17.180511,13.987272,15.229026,12.302861,11.769417,11.669851,15.378674,15.474385,12.495265,12.915116,10.77547,12.436812,11.541062,14.027017,16.00007,18.022352,24.066647,22.494307,28.40379,29.445383,31.689003,28.525625,25.586306,30.340397,31.808825,27.286842,28.366676,23.240023,25.880342,22.496214,20.00885,19.478575,19.71799,17.918638,22.057426,17.532095,16.195063,19.281387,17.155489,21.886593,22.132692,25.149485,25.47352,20.977282,23.67176,23.033758,21.620916,24.48526,22.741274,27.790579,25.320477,29.585613,31.959269,27.399714,24.463446,20.070942,18.555286,15.0331,13.381718,10.155653,9.102525,8.656825,7.657148,11.271843,13.07824,13.775726,13.840664,12.529124,16.754831,16.835579,22.310833,20.404564,25.518625,29.51471,28.429682,25.10444,25.861998,20.708158,20.95933,17.620514,18.242565
10,31.020994,27.83157,24.603487,22.070686,19.40331,16.648285,14.173281,10.003712,6.5512385,4.9118133,0.0,5.7774367,5.9622035,5.227571,8.240667,7.039036,11.474081,12.126069,16.655632,18.598959,22.806774,25.736229,27.32428,30.66274,29.401217,28.129301,22.99181,21.236263,16.940311,16.717764,12.459183,14.934579,10.295136,12.069894,10.061892,13.119756,11.981217,8.761532,8.3729315,6.526965,7.695905,8.030117,11.190223,13.243383,16.30114,22.102362,21.359661,27.10827,29.02181,30.766,27.178001,25.58592,30.168385,30.948162,26.487232,26.938679,21.887999,23.659716,19.876928,16.874033,15.881195,15.531163,13.532586,17.345009,12.661111,11.947837,15.011585,13.615414,18.217794,19.569096,21.784334,21.850489,18.129534,20.032091,20.074524,18.429682,21.76246,20.269865,25.430857,23.552774,27.785473,30.323353,25.790623,23.377348,19.010714,18.672756,14.833873,13.986666,11.707765,11.235792,12.256395,11.454746,15.468736,16.437021,17.374466,16.21328,14.831401,18.259504,17.468353,22.490047,19.980713,24.892054,28.55199,27.238516,24.047049,24.067015,19.061783,19.124214,15.220542,16.354671
11,36.36011,33.157673,29.86606,27.64431,24.804907,22.145136,19.500475,15.18679,12.030397,8.607915,5.7774367,0.0,6.705863,8.326947,12.3418665,12.686196,17.005672,17.783237,22.39024,24.18522,28.500856,31.319687,32.969757,36.216667,34.793285,33.53866,28.316652,26.80197,22.445415,22.364859,17.872427,20.34242,14.628152,16.244257,12.99639,15.280112,12.989559,9.280707,10.106504,10.204401,8.332416,11.66854,12.648871,16.068325,18.000862,24.567648,23.67261,29.40095,31.878569,32.81596,28.801111,27.805912,31.895908,31.955725,27.051168,27.396158,22.512798,24.530512,20.815609,16.67373,17.74973,16.196257,15.0042,18.10689,13.025481,14.810307,16.75358,15.941756,20.437958,22.366829,24.57953,24.775503,22.268686,23.391445,24.282764,22.362688,25.929472,24.235136,29.422997,27.468035,31.591314,33.827747,29.257507,26.973211,22.925816,22.111841,18.972372,17.04681,15.216941,13.459197,14.551049,12.370271,17.323626,17.91871,19.940527,18.769325,18.750177,21.860563,21.870216,26.686758,24.586554,29.231308,32.547787,31.719679,28.693853,28.815966,23.794657,24.12108,20.025526,21.454782
12,32.568314,29.915045,25.906227,24.363756,22.000834,18.135815,17.49765,11.669255,10.634748,5.5752754,5.9622035,6.705863,0.0,3.8620627,6.8253374,9.544278,13.022625,15.362119,19.290287,21.82658,25.842354,28.755558,30.822899,34.36313,33.650307,32.473602,27.301804,25.320648,21.2949,20.206947,16.684008,16.936563,11.92184,11.11363,9.227599,12.43651,12.320167,9.263806,11.568308,11.207029,12.619496,13.931902,16.810564,19.188004,21.757738,27.921303,26.81269,32.689026,34.28839,36.13643,32.60596,30.409718,34.98644,35.928566,31.18614,31.956892,26.868073,29.157413,25.47279,22.091133,21.728138,20.974766,18.942865,22.062088,16.450533,16.371975,17.824043,15.268548,20.196045,20.203442,23.970537,24.911282,21.458675,24.174555,24.56585,23.561863,27.053616,25.967867,31.060143,29.285284,33.53702,36.108944,31.572096,28.981323,24.56636,23.614489,19.947332,18.436468,15.49537,13.989132,13.475009,10.965212,15.454397,17.501804,18.778875,19.04185,18.088938,22.21188,22.08671,27.439188,25.14141,30.214739,34.07604,32.651608,29.36528,29.203276,24.396248,23.924015,20.076542,20.219942
13,30.99697,28.365316,24.451815,22.365282,20.338581,16.16428,15.93089,10.415832,9.084234,6.1882253,5.227571,8.326947,3.8620627,0.0,5.9900427,7.092208,10.737578,13.227147,16.830097,19.712143,23.430569,26.609869,28.277285,31.906414,31.130587,29.712257,25.043554,22.380924,18.409111,16.958284,13.4436865,13.409839,8.061084,7.971813,5.857404,9.377255,9.738291,7.2064266,9.069313,8.49912,11.4723,12.075118,16.271267,17.777082,21.374138,26.764502,26.19453,31.875145,33.5125,35.60292,32.16922,30.284433,35.01692,36.038616,31.623753,32.13606,27.078304,28.754225,24.90752,21.890406,20.195019,19.696348,17.137177,20.04285,14.496213,13.430609,14.851843,11.966766,16.876223,16.726505,20.417614,21.380062,17.708292,20.746243,21.089943,20.454664,24.018892,23.453938,28.406876,27.163187,31.368977,34.222404,29.828262,27.487799,22.991447,22.916494,18.773762,18.33337,15.507858,14.994881,14.8433895,13.332879,17.240255,19.239115,19.888348,19.79169,17.925266,21.940207,20.93025,26.11908,23.283255,28.34289,32.224823,30.287203,27.007692,26.221535,21.760756,20.749039,16.875511,16.637308
14,25.944012,23.545523,19.28326,18.062696,16.04955,11.622143,12.483094,6.0404997,7.821633,5.018284,8.240667,12.3418665,6.8253374,5.9900427,0.0,5.50127,6.993876,10.3060055,13.443834,16.248241,19.982737,22.797241,25.217064,28.836246,28.69389,27.755007,22.57635,20.701218,17.220938,15.731636,13.611886,12.512058,10.615449,7.88028,9.672391,13.569427,15.176433,13.08887,14.209834,12.3255415,15.658335,14.305212,18.119028,19.213097,22.049618,27.329626,26.044903,31.766794,32.394215,35.164215,32.30428,29.061964,34.011963,35.870815,31.619438,32.709457,27.616772,29.97048,26.53011,24.346685,22.669027,23.110777,20.72659,24.399235,19.560076,17.312538,19.648264,16.520462,21.171255,20.037241,24.001019,24.8798,19.988811,23.756418,22.948874,22.423073,25.261927,24.329775,29.097475,27.196041,31.4009,34.10558,29.746906,26.897036,22.405073,21.419199,17.519245,16.845411,13.371459,13.060968,11.698762,10.891571,13.363293,16.109764,15.958404,16.959583,14.659579,19.22952,18.715258,24.189287,21.88885,27.091726,31.32839,29.5605,26.16086,26.244364,21.656626,20.959185,17.907677,17.29534
15,24.578335,21.667301,18.209845,15.562035,13.440193,9.851467,9.061317,4.609207,3.7978206,6.3218765,7.039036,12.686196,9.544278,7.092208,5.50127,0.0,4.5176315,6.140681,9.985666,12.630319,16.482246,19.59074,21.340607,24.918575,24.254944,23.056341,18.119694,15.892196,12.069986,11.015602,8.275547,9.062413,7.987851,8.270764,9.64,13.185839,14.1872425,12.376629,11.669357,8.688022,12.793268,9.91936,14.63501,14.682179,18.421703,22.78064,22.095177,27.53971,28.388037,31.236126,28.430775,25.816948,30.829334,32.600185,28.782148,29.49251,24.535183,26.14394,22.638298,21.061838,18.15877,19.14415,16.562738,20.447153,16.53443,13.173591,16.587475,14.195125,18.397388,18.194124,20.841864,21.048214,15.712867,19.132301,17.862455,17.125387,19.798342,18.896643,23.617748,21.953989,26.133307,29.006958,24.744291,22.167389,17.634243,17.727287,13.322658,14.049165,11.197357,12.379012,12.432647,13.145051,15.219479,16.948574,16.307682,15.915831,12.6657915,16.571587,14.828837,19.99016,17.095675,22.251377,26.404097,24.350914,20.973042,20.815367,16.22652,15.558115,12.507397,12.346916
16,20.421091,17.837841,14.057559,11.687084,10.155613,5.5133834,7.430413,3.9115846,6.830588,9.575499,11.474081,17.005672,13.022625,10.737578,6.993876,4.5176315,0.0,4.5780506,6.5049396,9.756834,13.131276,16.19363,18.322464,22.017042,22.002449,21.039127,16.257202,14.068019,11.144713,9.472347,9.02484,7.652767,10.134607,8.681808,12.151317,15.547671,17.521206,16.262241,15.682695,12.699063,17.121471,13.52649,18.124567,17.491432,21.016527,24.612652,23.776363,28.91706,28.970343,32.440395,30.19143,26.827686,31.95422,34.33837,30.88914,31.842966,27.030725,28.724142,25.521452,24.62267,21.260778,22.79903,20.178738,24.027182,20.518156,16.429527,19.725542,16.973557,20.731142,19.522388,22.437141,22.765068,16.767622,20.907684,18.861204,18.703987,20.708063,20.087528,24.290798,22.641388,26.624254,29.537197,25.55377,22.856949,18.500238,18.501959,14.292908,15.561304,12.6034775,14.323048,13.653115,15.019977,15.737139,17.874805,16.322018,16.675623,12.676862,16.657307,14.717692,19.700493,16.9455,21.997065,26.367092,24.032011,20.6568,20.643547,16.57275,15.5961685,13.607453,12.519903
17,19.47677,16.172327,13.563484,10.109665,7.7379565,6.1773343,3.5811787,5.062693,5.8597836,10.914216,12.126069,17.783237,15.362119,13.227147,10.3060055,6.140681,4.5780506,0.0,4.952437,6.568612,10.767342,13.657062,15.57667,19.024105,18.502209,17.676834,12.2839,11.071119,7.8646107,7.951114,7.419452,9.21213,12.182159,12.603219,15.128633,18.312464,19.453817,17.98054,16.271193,12.624305,16.404379,11.649648,15.629712,14.300941,17.578539,20.510614,19.680256,24.593634,24.50437,28.101013,26.066647,22.732788,27.85641,30.354864,27.267551,28.164001,23.561543,25.059233,22.132381,21.995975,18.3932,20.588652,18.328438,22.63826,20.2257,15.830478,20.199461,18.404293,21.772697,21.615631,23.265305,22.831144,16.675014,19.945948,17.241884,16.401484,17.772406,16.443697,20.582083,18.397911,22.367805,25.131718,21.152416,18.363356,14.085514,14.294728,10.077415,12.240966,9.983387,12.792826,13.062868,15.539129,15.717827,16.896746,15.007117,14.295972,9.767379,12.967453,10.326346,15.161927,12.3981085,17.47617,21.861357,19.803164,16.410217,17.242899,12.75469,12.791174,11.366854,11.465067
18,15.748971,12.88944,10.392159,6.2199283,5.762652,4.0531416,6.0626493,8.685458,10.716715,15.282009,16.655632,22.39024,19.290287,16.830097,13.443834,9.985666,6.5049396,4.952437,0.0,4.1608033,6.6677175,9.972032,11.825586,15.550014,15.784207,15.000483,10.650166,8.681258,7.404996,6.388747,9.03519,8.460379,14.151735,13.853863,17.473288,20.281506,22.19091,21.372885,19.76352,16.351448,20.718409,15.826523,20.113878,18.087029,21.578243,23.291306,22.78164,27.031391,26.307314,30.437805,28.98271,25.441635,30.50236,33.416378,30.870909,31.760014,27.453072,28.602232,25.905031,26.297892,21.910843,24.405794,21.934843,25.805174,23.718904,18.66019,22.579832,20.494463,23.234926,22.2044,23.862724,23.546425,17.01465,20.923498,17.586166,17.667091,18.325714,17.84453,21.06683,19.518898,23.023481,25.953249,22.55497,20.06034,16.28451,17.128845,13.349182,16.26504,14.301958,17.276806,17.109709,19.70002,19.154419,20.61183,18.102425,17.919538,13.076025,15.705015,12.559199,16.338018,13.478888,17.928326,22.30255,19.547369,16.360394,16.676474,13.506983,12.645631,12.605131,11.421949
19,14.177779,10.56713,9.624823,4.879984,3.3923864,6.6857066,5.2998686,10.632494,12.156442,17.169039,18.598959,24.18522,21.82658,19.712143,16.248241,12.630319,9.756834,6.568612,4.1608033,0.0,4.7346644,7.140907,9.456916,12.759001,12.860924,12.706413,7.251671,7.8991184,7.484022,8.576364,11.054534,12.257161,17.568272,17.757467,21.011623,23.88932,25.340223,24.236338,22.163788,18.448906,22.094885,16.708971,19.954332,17.60551,20.235008,21.252813,20.448559,24.276688,22.946966,27.384254,26.415743,22.441166,27.3992,30.672956,28.56431,29.60064,25.62735,26.84975,24.651604,25.790817,21.66012,24.658813,22.665667,26.889542,25.563887,20.583883,25.126047,23.599005,26.204166,25.776102,26.76078,25.960737,19.50524,22.64647,18.847967,18.333645,18.172354,16.886929,19.709465,17.377848,20.64954,23.213003,19.986395,17.27809,13.980551,14.492147,11.495882,14.752924,13.487761,16.948874,17.125673,20.445772,19.156193,19.957033,17.05525,16.422344,11.506304,13.083542,9.750989,12.865337,10.659343,14.758971,19.163567,16.939472,13.871617,15.653838,12.402103,12.864647,13.679091,13.530847
20,11.838508,8.893848,9.226231,4.1934958,6.278607,9.122361,10.021863,14.791561,16.544481,21.508595,22.806774,28.500856,25.842354,23.430569,19.982737,16.482246,13.131276,10.767342,6.6677175,4.7346644,0.0,3.7800708,5.4126935,9.064808,10.159745,10.127947,7.066138,7.088383,9.160673,9.591011,13.610151,13.635358,20.14074,20.181633,23.860746,26.36294,28.21393,27.597733,25.48887,21.956282,25.982552,20.549734,24.10374,21.251652,24.168787,24.07601,23.738342,26.798553,25.06074,29.793417,29.332344,25.54381,30.264908,33.731415,32.173874,33.078537,29.443615,30.197685,28.186954,29.711685,24.912607,28.077751,25.934256,29.71834,28.759447,23.351683,27.53019,25.951588,27.943203,27.037605,27.755026,26.94925,20.496647,23.836994,19.630953,19.851301,19.0056,18.559181,20.310509,18.80115,21.398563,24.048319,21.575361,19.406866,16.80438,18.090189,15.496746,19.19485,18.17234,21.66098,21.707708,24.982138,23.466484,24.38711,21.257946,20.82945,15.9854145,17.018066,13.462623,15.133791,12.938096,15.853646,19.875505,16.971786,14.421035,15.52089,13.946246,13.636782,15.589309,14.658937
21,9.479604,6.3239117,8.766355,5.30179,7.4074907,11.675983,12.092194,17.331276,19.289303,24.115309,25.736229,31.319687,28.755558,26.609869,22.797241,19.59074,16.19363,13.657062,9.972032,7.140907,3.7800708,0.0,4.604337,7.040737,9.150799,10.283957,7.5100813,9.868117,12.318508,13.291735,17.109879,17.376392,23.800417,23.628527,27.402697,30.028141,31.834406,31.057348,28.91123,25.266733,28.963966,23.407887,26.311834,23.47142,25.622509,25.123028,24.4383,27.01404,24.524221,29.540743,29.651804,25.315702,29.791304,33.671165,32.514168,33.6425,30.333378,31.28225,29.71598,31.677998,27.250748,30.63861,28.785353,32.7518,32.059788,26.752672,31.133097,29.659355,31.666079,30.812096,31.434603,30.504715,24.115992,27.189903,22.825651,22.820866,21.502539,20.63794,21.892942,19.902414,22.051567,24.233604,22.15206,19.894753,17.947903,18.645426,16.942823,20.377531,19.656736,23.155514,23.10449,26.69568,24.513756,25.190773,21.756054,21.466623,16.905363,17.26986,14.247538,15.018666,13.892287,15.956259,19.704975,17.402319,15.286384,17.435423,16.149317,16.545168,18.832598,18.249651
22,13.006591,10.585835,13.038237,8.987934,11.035724,14.531154,14.606802,19.95063,21.11064,26.454449,27.32428,32.969757,30.822899,28.277285,25.217064,21.340607,18.322464,15.57667,11.825586,9.456916,5.4126935,4.604337,0.0,3.8820093,5.6124916,6.224087,6.8331027,7.985214,11.71969,12.870573,17.047493,17.710796,24.3121,24.988272,28.409643,30.580332,32.225067,31.82654,29.259829,25.750822,29.530014,23.897701,27.07338,23.602257,26.365305,24.70256,24.87572,26.783546,24.632019,29.536171,29.752407,26.435219,30.694498,34.25513,33.54246,34.212765,31.201006,31.31056,29.769089,32.05203,26.79674,30.314354,28.392298,31.87262,31.865576,26.286907,30.535635,29.48056,30.801083,30.236052,30.007586,28.755732,22.685345,25.323229,20.703718,21.03446,19.093231,18.913021,19.245989,18.239075,19.829805,22.269167,20.8014,19.31994,17.844883,19.949043,18.125961,22.393757,22.103716,25.85667,26.290337,29.824999,28.137358,28.616974,25.389973,24.475235,19.8379,19.736032,15.839998,15.582536,13.731803,14.859755,18.097063,14.898484,13.274609,14.483999,14.651887,14.605788,17.756218,17.117971
23,14.02172,11.922207,15.5120125,12.173269,14.012169,18.130333,17.675194,23.384268,24.391853,29.817604,30.66274,36.216667,34.36313,31.906414,28.836246,24.918575,22.017042,19.024105,15.550014,12.759001,9.064808,7.040737,3.8820093,0.0,4.1183777,6.2820015,8.566429,11.053286,14.886084,16.482342,20.44522,21.521305,28.01308,28.848213,32.178284,34.32332,35.813538,35.37164,32.606983,29.047453,32.51458,26.78944,29.442532,25.804384,28.063437,25.588171,25.794807,26.90328,24.234774,29.250057,30.06167,26.775047,30.614494,34.355076,34.234707,34.89548,32.361065,32.288723,31.199947,33.989227,28.84178,32.5676,30.923695,34.381332,34.879894,29.363121,33.75962,32.98071,34.109642,33.77908,33.149597,31.654922,25.829107,27.989983,23.251757,23.404564,20.886759,20.49429,20.003944,18.905895,19.73406,21.69733,20.957298,19.782953,19.177685,21.257124,20.188282,24.456127,24.593105,28.417011,28.990725,32.75143,30.75391,30.916464,27.583445,26.488403,22.131756,21.30727,17.62419,16.188692,15.113307,14.953777,17.468891,14.702903,13.8879595,15.785372,16.63644,17.147196,20.66633,20.394102
24,17.492817,14.752448,17.908678,13.796264,14.7981615,18.956888,17.250057,23.218328,23.36533,29.13094,29.401217,34.793285,33.650307,31.130587,28.69389,24.254944,22.002449,18.502209,15.784207,12.860924,10.159745,9.150799,5.6124916,4.1183777,0.0,3.2004569,6.7690682,9.564133,13.226122,15.597952,18.942122,21.19999,27.07737,28.743698,31.471146,33.472908,34.472034,33.994823,30.825384,27.280209,30.35247,24.621508,26.979195,23.034857,25.371428,22.177965,22.875868,23.60849,21.373579,26.166613,26.890665,24.409555,28.1201,31.497175,31.581947,31.914814,29.598158,29.012415,28.013191,31.066256,25.710102,29.543531,28.101748,31.435358,32.526855,27.137531,31.748667,31.500368,32.417004,32.79945,31.495415,29.607313,24.096958,25.515894,20.742956,20.500622,17.588844,16.987204,16.095394,15.094739,15.681187,17.749203,17.175856,16.421228,16.197538,19.111156,18.14135,22.83222,23.449863,27.421328,28.525816,32.314724,30.727236,30.515203,27.46641,25.67302,21.436483,20.130775,15.9497175,13.798898,12.36202,11.500829,13.74276,10.63814,10.110985,12.319658,13.540196,14.598566,18.380587,18.79132
25,19.119907,16.408907,18.811953,14.180221,15.206843,18.550617,17.011635,22.605051,22.39694,28.280535,28.129301,33.53866,32.473602,29.712257,27.755007,23.056341,21.039127,17.676834,15.000483,12.706413,10.127947,10.283957,6.224087,6.2820015,3.2004569,0.0,6.949266,7.513411,11.417082,13.610158,16.967834,19.29316,25.05639,27.129837,29.615032,31.346157,32.2917,32.056034,28.789778,25.41653,28.676462,23.068438,25.915974,21.773973,24.845303,21.610146,22.846334,23.786703,22.28661,26.780813,27.055271,25.249397,29.094336,32.065773,31.93768,31.986935,29.5038,28.533808,27.199331,30.01752,24.114845,27.821665,26.157736,29.15111,30.334194,24.822392,29.211994,29.084042,29.69872,30.18495,28.580256,26.62724,21.281637,22.607069,17.816496,17.8711,14.929724,15.017561,14.041857,13.995822,14.765986,17.421938,16.70402,16.313116,15.709554,19.432188,17.834457,22.852318,23.371216,27.350704,28.595812,32.149734,31.059803,30.980295,28.147831,26.20366,21.80346,20.851002,16.20958,14.531112,12.068686,11.646485,13.950626,9.793852,9.050623,9.660084,11.619154,11.977011,16.002487,16.251842
26,16.77519,13.005454,14.761653,10.077839,9.561063,13.882397,10.760202,16.936619,16.841396,22.584866,22.99181,28.316652,27.301804,25.043554,22.57635,18.119694,16.257202,12.2839,10.650166,7.251671,7.066138,7.5100813,6.8331027,8.566429,6.7690682,6.949266,0.0,6.4423704,8.218974,11.367868,13.768097,16.89436,21.99338,23.636261,26.113792,28.514978,29.27886,28.339432,25.303362,21.543945,24.420547,18.629938,20.895796,17.383564,19.660145,18.025702,18.061039,20.276232,18.574043,23.270546,23.106628,20.049322,24.460997,27.739883,26.850178,27.43087,24.395205,24.52515,23.060795,25.551538,20.757298,24.461884,23.00873,26.975811,27.372055,22.267656,27.277588,26.858078,28.564552,29.172401,28.513031,26.818611,20.898922,22.587112,18.127352,17.150553,15.306989,13.612835,14.840398,12.395099,14.72322,17.08748,14.764824,12.779948,11.064247,13.363984,11.721933,16.33308,16.729683,20.700718,21.889292,25.64017,24.303925,24.075712,21.236609,19.295368,14.907983,14.056168,9.582564,9.116771,6.923742,8.832358,12.817048,10.381073,7.9021726,11.249738,9.444746,11.373798,14.02659,15.037297
27,18.824188,15.7993765,16.019117,10.732242,11.177035,12.664403,11.529466,16.06586,15.746235,21.51861,21.236263,26.80197,25.320648,22.380924,20.701218,15.892196,14.068019,11.071119,8.681258,7.8991184,7.088383,9.868117,7.985214,11.053286,9.564133,7.513411,6.4423704,0.0,4.402036,6.1435027,9.713751,11.963418,17.59942,19.701694,22.111134,23.941153,25.046965,24.807917,21.851988,18.510292,22.406002,16.962408,20.96745,17.257166,21.418348,20.206446,21.222183,23.90863,23.43774,27.566008,26.614065,24.682285,29.25029,31.838293,30.464567,30.583582,27.127419,26.656416,24.360046,25.996424,19.986961,23.194748,20.920538,24.090229,24.10897,18.439152,22.70872,22.055426,23.229906,23.449541,22.6857,21.209358,15.152809,17.537916,13.025651,13.275468,12.062838,12.452438,13.972473,13.820767,16.445625,19.78004,17.389835,16.18823,13.57723,17.14535,13.924461,18.801199,18.481693,22.221197,23.292887,26.307611,25.985388,26.434855,23.984121,22.304195,17.574266,18.069021,13.221924,14.2022705,10.271586,12.941482,16.58248,12.461042,9.819962,8.798111,8.05363,6.8384395,9.811506,9.456521
28,20.804369,17.455416,16.707603,11.589855,10.788933,11.329018,9.00476,12.834266,11.69089,17.567165,16.940311,22.445415,21.2949,18.409111,17.220938,12.069986,11.144713,7.8646107,7.404996,7.484022,9.160673,12.318508,11.71969,14.886084,13.226122,11.417082,8.218974,4.402036,0.0,4.2217197,5.7386827,9.783583,14.135492,16.748451,18.577024,20.606588,21.326681,20.773947,17.745708,14.253721,18.079153,12.640626,16.953884,13.548434,18.11392,18.060532,18.918446,22.446785,22.667461,26.362858,24.73207,22.97638,27.748446,29.965605,27.978174,28.076729,24.212725,23.987192,21.26573,22.306217,16.525644,19.479225,17.094246,20.611761,20.156385,14.667921,19.298508,18.681614,20.420654,21.109798,20.636396,19.230148,13.0771675,15.427778,11.457499,10.962667,11.001342,10.721555,13.811493,13.089528,16.55888,19.924164,16.698483,15.1011715,11.5559635,14.931657,10.946452,15.617265,15.099165,18.669065,19.968853,22.70974,22.981903,23.404776,21.402075,19.49341,14.91948,15.945104,11.195285,13.491458,9.14848,13.133254,17.069445,13.573301,10.390986,9.609102,6.4109683,5.5083876,6.543982,7.0948167
29,20.691816,17.956747,16.275682,11.490981,11.505714,9.952484,10.255829,12.290954,11.99787,17.180511,16.717764,22.364859,20.206947,16.958284,15.731636,11.015602,9.472347,7.951114,6.388747,8.576364,9.591011,13.291735,12.870573,16.482342,15.597952,13.610158,11.367868,6.1435027,4.2217197,0.0,5.0748906,5.9374394,11.64591,13.691314,16.105574,17.935667,19.426481,19.366247,16.970371,13.916641,18.692297,13.922075,19.195913,16.306536,21.299738,21.923416,22.75215,26.54501,26.830494,30.49848,28.699013,26.827314,31.699541,33.886047,31.59233,31.735844,27.62366,27.543133,24.50938,24.87797,19.051783,21.423315,18.525696,21.516085,20.13144,14.434043,18.09498,16.639576,18.375584,18.01108,18.380661,17.652939,11.118243,14.907208,11.401296,12.198499,13.08284,14.003953,16.988064,17.068043,20.42515,23.9362,20.809107,19.29505,15.609454,18.559566,14.2768545,18.318127,17.045643,20.173845,20.89885,23.085827,23.654829,24.748669,22.801668,21.610182,16.944614,18.88805,14.602072,17.478193,13.30415,17.291864,21.17983,17.35954,14.348528,12.304425,10.13461,7.3436065,7.4195857,5.305913
30,24.528637,21.405052,19.402004,14.921587,13.718334,11.887554,10.252504,10.972736,8.7891,13.987272,12.459183,17.872427,16.684008,13.4436865,13.611886,8.275547,9.02484,7.419452,9.03519,11.054534,13.610151,17.109879,17.047493,20.44522,18.942122,16.967834,13.768097,9.713751,5.7386827,5.0748906,0.0,6.831601,8.65692,12.308576,13.165254,15.073076,15.592847,15.113848,12.24755,8.988398,13.6346,9.06886,14.803935,12.32256,17.822422,19.411304,20.3339,24.66005,25.837778,28.83313,26.34798,25.142176,29.975557,31.548157,28.771654,28.70729,24.365515,24.25543,20.81801,20.500544,14.887672,16.802753,13.786643,17.022959,15.290788,9.824971,14.134429,13.146554,15.483289,16.352524,16.529945,15.621956,9.568769,12.5430565,10.069167,9.714997,11.969599,12.235918,16.376019,16.145552,19.980322,23.42096,19.737236,18.177263,14.034227,16.948183,12.27447,15.840965,14.647668,17.404034,18.669,20.415352,21.912563,22.728048,21.503353,19.774473,15.691298,17.802155,13.837871,17.331404,13.0676155,17.515676,21.279312,18.055815,14.905655,13.073905,9.4564495,7.4776254,4.6230564,4.6781297
31,22.886122,20.766842,17.688105,14.096406,14.18382,9.957839,12.530818,11.325088,11.779378,15.229026,14.934579,20.34242,16.936563,13.409839,12.512058,9.062413,7.652767,9.21213,8.460379,12.257161,13.635358,17.376392,17.710796,21.521305,21.19999,19.29316,16.89436,11.963418,9.783583,5.9374394,6.831601,0.0,7.464813,8.258587,11.328618,13.090155,15.61099,15.970756,14.843424,12.640783,18.161934,14.772081,20.741604,18.922373,24.104902,26.103075,26.668184,31.095991,31.703468,35.106667,32.838566,30.846588,35.847828,37.824135,34.88115,35.12505,30.600534,30.933962,27.46618,26.734886,21.486286,22.914938,19.605284,22.104568,19.127613,13.955593,16.121624,13.294862,15.664499,13.824576,16.176134,16.685017,10.486334,15.62305,13.67141,15.087547,17.253756,18.561064,22.023987,22.290367,25.8631,29.39741,25.987225,24.304342,20.216011,22.394056,17.791878,20.690674,18.545542,20.765131,20.826452,21.965374,23.263802,25.136663,23.637901,23.25121,18.935186,21.999313,18.558447,22.397549,18.443344,22.854465,26.819769,23.154316,20.09023,17.658903,15.313621,12.167662,10.4774,7.172179
32,29.373697,26.923275,23.509394,20.269571,19.271467,14.9505205,15.699941,12.307891,10.831082,12.302861,10.295136,14.628152,11.92184,8.061084,10.615449,7.987851,10.134607,12.182159,14.151735,17.568272,20.14074,23.800417,24.3121,28.01308,27.07737,25.05639,21.99338,17.59942,14.135492,11.64591,8.65692,7.464813,0.0,6.037793,4.8571625,6.525914,8.254191,8.59558,8.207506,7.437384,12.912297,11.844307,17.953463,17.396997,22.771412,26.091238,26.751486,31.690369,33.377705,35.868008,32.755142,31.649925,36.480576,37.589912,33.97822,33.94534,29.204002,29.537664,25.591091,23.522987,19.156925,19.259672,15.80422,17.720465,13.207478,9.508402,10.440082,6.9386992,10.924964,10.250026,13.400173,14.410668,10.092507,14.205706,14.444044,15.090233,18.689175,19.678162,23.9665,24.205763,28.080542,31.508543,27.649769,26.054472,21.709442,23.617775,18.901491,20.684732,18.475985,19.627533,20.048973,19.936176,22.830389,24.59853,24.253746,23.540161,20.27375,23.634138,20.874249,25.231508,21.330751,25.992477,29.712955,26.588589,23.499697,21.003244,17.834743,15.249281,11.603799,9.932422
33,27.312666,25.46773,21.214867,19.202732,18.530901,13.034195,15.91663,11.064905,12.030541,11.769417,12.069894,16.244257,11.11363,7.971813,7.88028,8.270764,8.681808,12.603219,13.853863,17.757467,20.181633,23.628527,24.988272,28.848213,28.743698,27.129837,23.636261,19.701694,16.748451,13.691314,12.308576,8.258587,6.037793,0.0,5.388163,8.1910925,11.715383,11.692918,13.082186,12.256175,17.264715,16.12083,21.67875,21.630604,26.179693,30.13752,30.026808,35.27237,36.2489,39.162395,36.299015,34.028122,39.04287,40.697044,36.8568,37.36094,32.411602,33.590454,29.810259,27.707504,24.15605,24.416035,21.19767,23.528143,18.575993,15.429154,16.037012,11.87352,15.827868,13.07941,17.97339,19.6432,15.097633,19.894537,19.61405,20.483795,23.639036,24.347485,28.592688,28.267689,32.223938,35.530666,31.586164,29.469915,25.002293,25.824724,21.281868,22.315044,19.341364,19.985088,19.236216,18.681435,21.112513,23.74125,23.191957,23.714558,20.487478,24.592346,22.572794,27.440033,24.046267,28.984932,33.08256,30.108347,26.856802,25.015194,21.7164,19.284758,16.287228,14.003776
34,31.99761,29.758821,25.796728,23.325947,22.149971,17.282629,18.470566,13.610172,12.661205,11.669851,10.061892,12.99639,9.227599,5.857404,9.672391,9.64,12.151317,15.128633,17.473288,21.011623,23.860746,27.402697,28.409643,32.178284,31.471146,29.615032,26.113792,22.111134,18.577024,16.105574,13.165254,11.328618,4.8571625,5.388163,0.0,3.9069276,6.5042834,6.5447,8.841162,9.462243,13.839556,14.388892,19.80024,20.302557,25.065178,29.371256,29.608917,34.902348,36.680412,38.944054,35.586456,34.258068,39.05298,40.020912,35.954052,36.095554,31.185215,32.02926,28.007174,25.193668,22.017967,21.437197,18.230856,19.908785,14.295728,12.470878,12.057049,7.9303546,12.540444,11.156568,15.768969,17.480076,14.335689,18.11185,19.014326,19.490398,23.286665,23.98464,28.49044,28.413397,32.405956,35.68494,31.625557,29.797636,25.35058,26.467236,21.922163,22.669086,20.054893,20.263382,20.17424,19.010454,22.519264,24.686682,24.876043,24.731533,22.113905,25.954409,23.981348,28.773422,25.232857,30.089613,33.882885,31.084236,27.926167,25.768759,22.302444,20.032425,16.246922,14.788001
35,34.902527,32.775906,28.926657,26.214931,25.319601,20.454035,21.766724,17.329582,16.063305,15.378674,13.119756,15.280112,12.43651,9.377255,13.569427,13.185839,15.547671,18.312464,20.281506,23.88932,26.36294,30.028141,30.580332,34.32332,33.472908,31.346157,28.514978,23.941153,20.606588,17.935667,15.073076,13.090155,6.525914,8.1910925,3.9069276,0.0,4.6688447,6.8583984,9.319941,11.112028,15.215073,16.425062,21.964296,22.24556,27.436907,31.301287,32.031513,37.085075,39.20059,41.281414,37.811333,37.095985,41.791348,42.47037,38.510822,38.347145,33.578773,33.9095,29.78569,26.835167,23.244057,22.282478,18.924776,19.539576,13.939037,12.579658,10.369682,5.8741436,9.855914,8.131869,13.186443,15.452617,13.629293,17.167278,18.89553,19.853533,23.853012,25.201584,29.429876,30.052355,33.862915,37.290844,33.426086,31.98513,27.669357,29.381905,24.776142,25.873495,23.507572,23.8102,23.940401,22.69485,26.365908,28.435917,28.694166,28.335968,25.675758,29.303173,26.991314,31.487646,27.654974,32.277325,35.8518,32.733944,29.742044,26.815437,23.936771,21.166267,17.387423,15.651201
36,37.46943,34.924294,31.403084,28.337585,26.970907,22.770597,22.707792,18.630873,16.160767,15.474385,11.981217,12.989559,12.320167,9.738291,15.176433,14.1872425,17.521206,19.453817,22.19091,25.340223,28.21393,31.834406,32.225067,35.813538,34.472034,32.2917,29.27886,25.046965,21.326681,19.426481,15.592847,15.61099,8.254191,11.715383,6.5042834,4.6688447,0.0,3.7106798,6.0996523,9.240224,12.005555,14.553034,19.504162,20.177048,25.2783,29.278112,30.234118,35.200832,37.892666,39.421036,35.637722,35.67603,40.10366,40.243633,36.215607,35.760204,31.146273,31.184793,26.994347,23.621712,20.480566,18.875149,15.733553,15.868165,9.889685,10.204117,7.476743,4.5885134,8.822822,10.110793,13.128587,14.700608,13.982471,15.99817,18.432074,18.666773,22.943851,23.955645,28.341038,28.926338,32.702335,35.969032,32.05073,30.821314,26.662611,28.506016,24.101341,24.980307,23.06726,23.181107,23.928478,22.58243,26.733107,28.256233,28.955496,27.970562,25.79102,29.024532,26.808308,31.103989,27.335758,31.77616,35.039875,32.269096,29.404629,26.609583,23.4942,21.247358,17.078558,16.43798
