,0,1,2,3,4,5,6,7,8,9,10,11,12,13,14,15,16,17,18,19,20,21,22,23,24,25,26,27,28,29,30,31,32,33,34,35,36,37,38,39,40,41,42,43,44,45,46,47,48,49,50,51,52,53,54,55,56,57,58,59,60,61,62,63,64,65,66,67,68,69,70,71,72,73,74,75,76,77,78,79,80,81,82,83,84,85,86,87,88,89,90,91,92,93,94,95,96,97,98,99,100,101,102,103,104,105,106,107,108,109,110
0,0.0,4.057087,6.340061,9.854093,12.023924,15.028715,17.303566,21.23061,24.874907,27.389328,30.716412,35.54102,31.50595,30.534588,24.889845,24.849085,21.17244,20.88686,18.69468,17.923996,18.292118,17.94619,22.407322,25.120453,27.817005,30.512877,32.32666,31.376694,29.77949,33.28524,31.014624,37.13208,34.73802,40.56443,39.666103,41.63189,43.788334,42.48455,38.85736,34.81208,36.893158,31.238861,33.164337,29.771185,32.208157,30.865559,30.65315,31.113691,28.057207,33.175587,34.54667,30.697523,33.589386,37.9507,38.977005,40.22639,38.642544,39.439766,38.91867,41.8556,39.473785,42.283127,40.67709,44.79649,44.19552,39.896267,43.977364,43.846428,43.18847,42.16015,40.671898,37.960293,33.20935,35.024296,30.378454,30.294735,27.916975,27.084173,26.765528,25.11598,25.97152,27.30141,26.747686,25.107111,24.337194,24.743822,23.940807,27.03401,26.273817,29.513674,29.460154,32.34843,36.01859,34.386333,30.797867,27.677082,29.25093,23.266857,24.0277,19.735592,20.377573,20.116941,20.407192,21.904982,20.722378,19.961636,22.142826,22.71408,23.230066,26.606476,26.403877
1,4.057087,0.0,5.1033235,6.4039297,9.365918,12.173503,14.846443,18.872793,22.187166,25.185278,28.046654,33.2195,29.031296,27.696302,22.282623,21.721855,17.860647,17.436125,14.841462,14.147186,14.343337,14.289824,18.73815,21.73244,24.395191,27.086834,28.779886,27.9847,26.330534,29.931414,27.612162,33.91704,31.80763,37.538612,37.002037,38.927498,41.23149,40.13612,36.316784,32.34082,34.42072,28.710272,30.67702,26.97231,29.807474,28.033274,28.330315,28.740398,26.1556,31.094288,32.21886,29.061396,32.05771,36.068214,37.157177,38.081623,36.485607,36.84551,36.128456,39.09656,36.220116,39.04954,37.315113,41.269196,40.823383,36.347675,40.462536,40.533566,39.675175,38.903084,37.076656,34.244003,29.597078,31.155657,26.487162,26.446562,23.969824,23.391397,22.965036,21.73535,22.647894,24.334467,23.73228,22.357805,21.447994,22.539145,21.375746,24.921932,24.2973,27.761847,27.95114,30.968994,34.543083,33.372585,29.783564,26.859684,27.846008,21.902233,22.550406,17.625338,18.217545,17.256508,17.584625,19.05828,17.317175,16.497625,18.176851,19.069717,19.4081,22.989637,22.860832
2,6.340061,5.1033235,0.0,5.3395867,6.4278617,9.167666,11.3159275,14.911342,18.665936,21.062199,24.449606,29.22156,25.377167,24.521204,18.891727,18.903221,15.573624,15.410001,14.185992,13.8603,15.640037,16.389923,20.670362,23.775951,25.80246,28.079887,29.15687,27.325249,25.15399,28.31468,25.612167,31.595955,28.676142,34.523243,33.4514,35.36579,37.543232,36.284557,32.773026,28.726868,31.152979,25.50226,28.103643,24.771961,27.930218,27.41491,27.273779,28.645842,26.40011,31.411385,31.937515,28.191877,31.824429,35.93032,36.25704,37.38328,35.150295,36.05503,34.977802,37.36061,35.018,37.457108,35.620792,39.73126,38.616596,34.45484,38.343678,37.942436,37.548336,36.339874,35.258507,32.83811,27.778992,30.205925,25.694395,25.673021,23.948166,23.07506,23.791393,22.08687,23.882751,25.827553,24.30582,22.277449,20.505445,21.24364,19.165827,22.216347,20.855139,24.013615,23.715607,26.833107,30.623182,29.318506,25.850412,23.011875,24.572176,18.31191,19.995054,15.121188,17.545801,16.356953,18.103441,20.280567,18.794626,17.069078,18.829584,18.360775,18.537106,21.35418,20.936703
3,9.854093,6.4039297,5.3395867,0.0,3.913127,6.6503015,9.039312,13.132949,15.995081,19.498625,21.938923,27.368029,23.41316,21.867893,16.779821,15.528652,11.882839,11.076899,9.098201,8.670627,10.446794,11.727361,15.793742,19.179592,21.079712,23.32152,24.266663,22.739687,20.582596,23.974173,21.342205,27.658276,25.447662,31.149187,30.740812,32.6748,35.016758,34.05355,30.149633,26.233858,28.461847,22.740112,25.153133,21.302412,24.919683,23.578733,24.22027,25.366348,23.776653,28.4385,28.701021,26.053669,29.657907,33.22293,33.759453,34.404972,32.29565,32.5067,31.243101,33.78789,30.705824,33.265106,31.313108,35.22204,34.509388,30.07658,34.156826,34.19076,33.49147,32.859234,31.10336,28.445774,23.445704,25.37798,20.763262,20.643572,18.686403,18.06686,18.61287,17.455038,19.311491,21.700165,20.15055,18.573565,16.69828,18.510464,16.087688,19.903347,19.009293,22.556068,22.840027,26.022451,29.522608,28.929535,25.477964,22.962034,23.422415,17.519667,18.654465,12.956521,14.929643,12.665454,14.391338,16.469002,14.252713,12.394778,13.503788,13.425598,13.51248,16.75812,16.688166
4,12.023924,9.365918,6.4278617,3.913127,0.0,6.09923,5.5103307,10.554426,13.229952,16.870188,19.535683,24.814106,21.587095,20.348211,15.395581,13.927489,11.176726,9.699302,9.529012,8.68144,11.890537,13.299855,16.96427,20.02907,21.290941,23.112343,23.63877,21.234396,18.870398,21.919495,19.335102,25.253115,22.797531,28.638084,27.86969,30.022657,32.06377,30.845692,26.997324,23.002256,25.14916,19.441765,21.98052,18.459064,22.052723,21.713272,21.86499,23.727325,22.357775,27.029701,26.875454,23.736214,27.763475,31.392614,31.37675,32.2064,29.684465,30.373707,28.961348,31.156471,28.700565,31.049816,29.213625,33.399166,32.378815,28.364952,32.498745,32.327293,32.16583,31.523445,30.225452,27.938816,22.367044,24.941774,20.495655,19.954683,18.622505,17.253181,18.813076,16.804926,19.335873,21.677647,19.376799,17.169577,14.701155,16.013636,13.07768,16.498716,15.297137,18.76129,19.0071,22.148676,25.682522,25.024317,21.58707,19.118187,19.705547,13.691977,15.299686,9.639066,13.01571,10.784992,13.685985,16.316442,14.781634,12.25016,14.187566,12.461762,13.114367,15.4799185,15.7009325
5,15.028715,12.173503,9.167666,6.6503015,6.09923,0.0,6.876231,7.475308,11.075242,13.547775,16.140873,21.311802,16.914183,15.573572,10.202344,9.990251,6.574,7.8323674,8.001883,9.876675,13.075025,15.794155,18.950449,22.649906,23.769949,25.40685,25.274324,22.73797,19.577013,22.179247,18.403885,24.528841,20.910002,26.516897,25.803326,27.289125,29.998735,29.337456,25.882765,22.05985,25.324461,19.79206,23.733456,20.104197,24.980148,24.844435,25.69248,27.888557,27.315304,31.585594,30.880497,28.525349,32.75396,35.907722,35.620117,36.083206,33.20706,33.482235,31.413628,32.998814,29.782112,31.610432,29.096077,32.66662,30.90798,26.474688,29.839014,29.221872,28.627031,27.211048,26.272955,24.041714,19.100569,22.047115,17.878473,18.582317,17.888123,18.038105,19.893566,19.445757,22.211971,25.232468,22.849312,21.120329,18.019897,20.32634,15.970365,19.40092,17.274376,20.306583,19.797318,23.368948,27.06206,26.97851,23.987268,22.120895,22.802326,16.91746,19.624365,13.818334,18.079033,14.754692,18.047464,20.475883,17.88242,15.254955,14.45365,13.333508,11.658286,13.691044,12.291423
6,17.303566,14.846443,11.3159275,9.039312,5.5103307,6.876231,0.0,6.4338765,8.156174,12.209109,14.706476,19.901768,17.583494,16.574627,12.352316,10.323054,9.325287,7.290007,9.920669,9.526652,13.964728,16.01614,18.718063,21.569017,21.858662,22.949875,22.543451,18.941778,15.969974,18.25351,15.331941,20.702002,17.675547,23.584854,22.516354,24.797695,26.653315,25.34989,21.56737,17.544163,19.944407,14.28024,17.64695,14.477067,18.809523,19.877068,19.898104,22.85845,22.472542,26.674349,25.576517,22.587963,27.184797,30.40304,29.536491,30.278927,27.060673,28.015602,26.02963,27.441404,25.380388,27.200693,25.237577,29.504562,27.877258,24.302282,28.275875,27.797386,28.212671,27.536934,26.818016,25.071472,18.989386,22.42143,18.45059,17.670048,17.49891,15.756072,18.767292,16.527159,19.964617,22.570114,19.31403,16.717876,13.133179,14.498909,9.842115,12.723329,10.623359,13.89256,13.995785,17.300285,20.828434,20.656008,17.499393,15.6261015,15.947764,10.178742,12.977916,7.486709,13.180629,10.275696,14.728988,17.718761,16.460629,13.24134,14.75663,11.182166,11.753334,12.475065,12.810422
7,21.23061,18.872793,14.911342,13.132949,10.554426,7.475308,6.4338765,0.0,4.910034,6.3793097,9.648973,14.409915,11.394976,10.943462,6.5125513,6.587061,7.275376,8.158949,11.858328,13.434893,17.745111,20.638172,22.931948,26.163452,26.203005,26.981152,25.820364,21.806452,18.047537,19.344648,15.137148,20.005215,14.9629545,20.629066,19.07575,20.628614,23.080511,22.236664,19.213549,15.3990755,19.368567,14.307627,19.52579,16.842428,22.236797,24.093647,24.480896,27.947733,28.256119,32.05622,30.352167,27.849648,32.66036,35.46345,34.068935,34.58368,30.861208,31.709278,29.032036,29.455517,27.1226,28.099632,25.483498,29.123453,26.269983,22.680462,25.575737,24.21809,24.67782,22.867746,23.260645,22.057186,16.431477,20.875292,17.645184,18.01993,18.982903,18.493837,22.02149,20.96962,24.634615,27.694242,24.279331,21.989714,17.93629,19.784248,14.113861,16.200506,12.832718,14.901338,13.649281,17.354502,21.0496,21.451227,19.07349,18.083784,18.854189,13.752837,17.813677,13.146169,19.262827,15.881649,20.493551,23.340944,21.45112,18.19902,17.677895,14.388699,12.9082155,12.292109,10.773898
8,24.874907,22.187166,18.665936,15.995081,13.229952,11.075242,8.156174,4.910034,0.0,5.9790606,6.7021384,12.276255,10.818829,9.809061,8.137793,5.2852015,8.305076,7.5954466,12.367045,13.529142,17.982456,20.922724,22.34854,25.182138,24.502037,24.706491,22.92369,18.357204,14.399053,15.002717,10.741186,15.135948,10.249756,16.056871,14.883453,16.808214,19.09436,18.342327,14.828611,11.083979,14.948108,10.024241,15.587344,13.034134,18.920424,21.158152,21.83801,25.648611,26.803276,29.987076,27.684332,25.9591,30.814596,33.018936,31.31233,31.505562,27.581404,28.184244,25.142538,25.14132,22.760965,23.42874,20.751793,24.403463,21.475868,18.164343,21.279566,20.139992,21.018314,19.976398,20.183426,19.309547,13.132577,17.875467,15.167455,14.942394,16.73883,15.886272,20.18216,19.105385,23.099937,26.22869,22.403868,20.226637,15.8602915,18.064245,11.899795,13.6720085,10.521324,12.375726,11.844922,15.258026,18.347616,19.655785,17.625675,17.329008,16.915915,13.152225,16.731606,12.681512,18.63331,14.945913,19.809967,22.580956,20.904785,17.532143,16.878155,12.658792,11.5340395,9.338479,8.709295
9,27.389328,25.185278,21.062199,19.498625,16.870188,13.547775,12.209109,6.3793097,5.9790606,0.0,5.0902166,8.186281,6.7079296,7.8745427,6.7080607,8.144598,11.318649,12.644577,16.937855,18.779285,23.09109,26.192387,27.896948,30.948599,30.40413,30.62442,28.709375,24.046524,20.005556,19.981586,15.483801,18.583,11.863627,16.782368,14.345586,15.337086,17.9145,17.318335,15.319151,12.092396,17.167397,13.509469,19.784473,18.164225,23.808256,26.86326,27.195393,31.317204,32.353592,35.622143,33.209393,31.016626,36.030205,38.360065,36.223476,36.608208,32.350044,33.37147,30.148493,29.428034,27.553087,27.560734,24.69649,27.835402,23.766222,20.980293,22.747858,20.421484,21.657747,19.019093,20.997824,20.886078,15.716579,21.063108,19.09762,19.752373,21.915071,21.660055,25.872046,25.069517,29.02657,32.174103,28.365036,26.072792,21.69773,23.421036,17.334417,18.210604,14.236037,14.777541,12.610474,16.031818,19.364521,20.499218,19.153976,19.269638,20.032137,16.381014,20.973253,17.527115,23.983782,20.613087,25.513054,28.355816,26.592894,23.251196,22.192087,18.470057,16.61727,14.357264,12.380113
10,30.716412,28.046654,24.449606,21.938923,19.535683,16.140873,14.706476,9.648973,6.7021384,5.0902166,0.0,6.1923575,5.8831134,5.679018,8.268411,7.538538,11.88266,12.806346,17.24188,19.20409,23.262936,26.55551,27.46765,30.333864,29.308758,29.099642,26.628319,21.940426,17.796755,17.059076,12.357331,14.739078,7.739886,12.181231,10.593104,11.31425,14.4721365,14.655431,12.36823,9.8614235,15.049955,12.205032,18.495836,16.877197,22.948885,25.717905,26.703777,30.775705,32.591152,35.23945,32.38612,31.306875,36.177288,37.82714,35.655804,35.546463,31.305534,31.697966,28.091724,26.982107,24.49774,24.071505,20.869629,23.461327,19.09943,16.287256,17.691172,15.363277,16.6714,14.459279,16.37435,16.678574,11.637573,17.21762,16.137728,16.861689,19.793743,19.947176,24.420197,24.254717,28.24876,31.580973,27.702518,25.863173,21.452831,23.842058,17.630981,18.598536,15.25572,15.684249,14.375541,17.308369,19.8077,21.936111,20.946142,21.575834,21.182508,18.596437,22.451437,19.128637,24.99398,21.197186,25.955141,28.540455,26.5875,23.337374,21.471106,17.74482,15.559105,12.2375,10.370596
11,35.54102,33.2195,29.22156,27.368029,24.814106,21.311802,19.901768,14.409915,12.276255,8.186281,6.1923575,0.0,6.677387,8.963817,12.431485,13.489932,17.608475,18.92364,23.316399,25.32221,29.427158,32.705776,33.646008,36.44142,35.264763,34.856342,32.14701,27.185751,23.171251,21.709774,17.483227,17.951511,10.502957,12.652204,9.474623,8.772387,11.80102,12.288024,12.299361,11.197946,16.646017,15.595599,21.919706,21.4024,26.972593,30.726463,31.299458,35.782463,37.723637,40.215145,37.067474,35.712467,40.70241,42.25887,39.504723,39.52406,34.926414,35.767067,31.987967,29.99092,28.390242,27.182745,24.095858,26.140354,20.732487,19.251732,19.118631,15.549683,17.847042,14.387111,18.459291,19.905897,16.174007,21.733286,21.537497,22.426666,25.682695,25.823349,30.436226,30.144913,34.21056,37.444904,33.403114,31.381836,26.929514,28.78588,22.687876,22.698391,18.979174,18.19734,16.00518,18.302908,20.395264,22.665228,22.604635,23.878687,24.04956,22.22875,26.573053,24.102087,30.31939,26.85666,31.75796,34.432194,32.687782,29.397303,27.65015,23.846209,21.720633,18.252056,16.290573
12,31.50595,29.031296,25.377167,23.41316,21.587095,16.914183,17.583494,11.394976,10.818829,6.7079296,5.8831134,6.677387,0.0,3.7186844,6.881571,9.694354,12.974293,15.675426,19.288706,22.081886,25.782652,29.330172,30.598522,33.912895,33.351494,33.475533,31.204895,27.011204,22.80605,22.401144,17.412294,20.096949,13.140487,16.36253,14.69374,14.039228,17.759327,18.470951,17.335424,15.306283,20.696844,18.004313,24.334293,22.54024,28.659483,31.064573,32.164165,36.01952,37.50844,40.45218,37.850063,36.58493,41.46011,43.33573,41.337055,41.275593,37.103523,37.42567,33.84544,32.80058,29.966814,29.494856,26.064718,28.054382,23.405907,20.30644,20.57316,17.621616,18.107386,14.077996,17.055319,17.465544,14.147503,19.422462,18.558384,20.440847,23.079208,24.184858,28.09524,28.593836,32.35789,35.87259,32.318134,30.625353,26.303743,28.828327,22.622711,23.908415,20.291176,20.727066,18.717402,21.816212,24.63715,26.353525,25.415186,25.824646,26.215132,22.90514,27.188938,23.363686,29.348957,25.443308,30.031435,32.57244,30.116228,26.997274,24.341341,21.613094,18.468521,15.972494,12.77986
13,30.534588,27.696302,24.521204,21.867893,20.348211,15.573572,16.574627,10.943462,9.809061,7.8745427,5.679018,8.963817,3.7186844,0.0,5.945371,7.1862707,10.537451,13.24762,16.598057,19.572748,22.99222,26.646631,27.619099,30.95668,30.38592,30.516954,28.23392,24.407543,20.212425,20.04896,14.905026,18.287708,12.119372,15.527524,14.950381,14.542625,18.479507,19.411867,17.483135,15.372412,20.382788,17.322763,23.317242,20.98021,27.32446,28.946875,30.531822,34.032257,35.68145,38.48077,35.94368,35.252567,39.94757,41.62014,39.972446,39.655354,35.751278,35.5677,31.997799,31.301699,27.74736,27.521286,23.941118,25.796412,21.656551,17.869034,18.52371,16.212769,15.963882,12.635825,14.351238,14.21475,10.765211,15.875379,14.929046,17.075583,19.69036,21.2284,24.932358,25.927948,29.550598,33.192673,29.821033,28.477108,24.281466,27.332525,21.191317,23.05408,19.928812,20.91422,19.562542,22.728304,25.426363,27.344944,26.109594,26.346003,26.15248,22.782461,26.523268,22.271389,27.732817,23.524202,27.848324,30.18708,27.456207,24.475761,21.254362,18.906166,15.38267,12.916559,9.44891
14,24.889845,22.282623,18.891727,16.779821,15.395581,10.202344,12.352316,6.5125513,8.137793,6.7080607,8.268411,12.431485,6.881571,5.945371,0.0,5.5959597,6.9233923,10.480354,13.395204,16.412352,19.973303,23.471464,25.31032,28.91655,28.97686,29.680252,28.12602,24.537003,20.462786,21.338017,16.33358,21.031013,15.248878,19.92609,18.854511,19.241158,22.658329,22.792128,20.403063,17.332664,22.104197,17.842005,23.61248,20.824547,26.881273,28.217142,29.397913,32.659897,33.46376,36.92382,34.99447,33.422226,38.123646,40.47096,39.165253,39.245155,35.53436,35.721016,32.622837,32.669003,29.367363,29.874071,26.626566,29.2721,25.831282,21.7654,23.482521,21.660524,21.334703,18.468107,19.315994,18.262484,14.043592,18.603388,16.165379,18.018333,19.513256,20.641312,23.887945,24.350525,27.827446,31.325598,28.180962,26.542414,22.499847,25.209778,19.310684,21.619808,18.343676,19.968094,18.448717,22.042725,25.426945,26.458548,24.592625,24.080837,24.597872,20.033802,23.966928,19.139938,24.740244,20.778801,25.031952,27.53096,24.810783,21.813908,19.269497,17.169525,13.883236,12.909789,9.493601
15,24.849085,21.721855,18.903221,15.528652,13.927489,9.990251,10.323054,6.587061,5.2852015,8.144598,7.538538,13.489932,9.694354,7.1862707,5.5959597,0.0,4.502467,6.08168,9.908991,12.490855,16.224737,19.730637,20.944504,24.273249,23.923388,24.370815,22.616829,19.00055,14.919479,15.967828,11.022182,16.43067,11.992891,17.070297,16.974405,18.062595,21.225632,21.317842,17.927057,14.776057,18.73703,14.153953,19.315918,16.03961,22.280191,23.039581,24.66674,27.748934,29.003609,32.09338,30.005045,29.169645,33.7088,35.66673,34.547623,34.331684,30.82356,30.556618,27.444477,27.778341,24.028765,24.817186,21.634014,24.508081,21.80536,17.427982,20.148033,19.249474,18.881123,17.617298,17.032541,15.534749,10.05388,14.4446335,11.5639105,12.70558,14.369261,15.203327,18.789042,19.267426,22.869986,26.431767,23.157736,21.75887,17.704052,20.961077,15.06373,17.842733,15.360011,17.515728,17.113838,20.49867,23.433378,24.923002,22.867016,22.411848,21.80366,17.799294,20.810448,15.888761,20.866047,16.547304,20.751001,23.11542,20.448225,17.397451,14.788821,12.11282,8.993197,7.36772,4.555739
16,21.17244,17.860647,15.573624,11.882839,11.176726,6.574,9.325287,7.275376,8.305076,11.318649,11.88266,17.608475,12.974293,10.537451,6.9233923,4.502467,0.0,4.655091,6.498671,9.816278,13.0889635,16.6749,18.452723,22.171673,22.525665,23.565266,22.516165,19.785662,16.0897,18.133398,13.645719,19.825174,16.254574,21.359915,21.435478,22.557016,25.710491,25.696777,22.155214,18.808832,22.363413,17.300213,21.755054,17.951405,23.807772,23.525583,25.278622,27.691772,28.33021,31.80829,30.345842,29.360188,33.644165,35.93308,35.42189,35.2808,32.221123,31.776594,29.087296,30.169207,26.075157,27.46056,24.444565,27.394836,25.413382,20.633133,23.659523,23.173517,22.198713,21.046917,19.721388,17.487928,12.659915,15.795489,12.007294,13.4095125,13.724599,14.968568,17.499578,18.297943,21.424295,24.99783,22.29302,21.121626,17.54369,20.963985,15.697592,19.229055,17.169168,19.935648,19.695465,23.203047,26.395903,27.376507,24.864853,23.80212,23.438751,18.638763,21.22998,15.575029,19.839645,15.52173,19.117847,21.314508,18.191114,15.414571,12.4848385,11.156913,7.629071,8.517974,5.9677815
17,20.88686,17.436125,15.410001,11.076899,9.699302,7.8323674,7.290007,8.158949,7.5954466,12.644577,12.806346,18.92364,15.675426,13.24762,10.480354,6.08168,4.655091,0.0,4.8774567,6.4770665,10.573209,13.843183,15.335591,18.657822,18.655912,19.543806,18.543112,15.574281,12.074497,14.588692,10.83507,17.319315,15.112313,20.489193,20.836687,22.640911,25.233486,24.861387,20.72537,17.253363,19.833015,14.486418,18.007423,13.888057,19.489595,18.915648,20.683819,23.043633,23.81555,27.187393,25.694126,24.860275,29.08129,31.284998,30.85847,30.691845,27.770155,27.288223,24.783457,26.237066,22.305466,24.092327,21.466715,24.958466,23.694025,19.148258,23.094803,23.216948,22.660769,22.600355,20.707651,18.43777,12.706898,15.441458,11.269275,11.098855,11.09684,11.017592,14.028151,13.967904,17.38305,20.848118,17.846743,16.538513,12.89911,16.492985,11.406941,15.327844,14.045733,17.261194,17.886505,21.106098,23.992495,25.028765,22.31531,21.173107,20.095963,15.697516,17.442318,11.8095,15.606566,11.118807,14.909413,17.211716,14.502486,11.434544,9.657887,6.854688,4.8970194,6.0276227,6.221401
18,18.69468,14.841462,14.185992,9.098201,9.529012,8.001883,9.920669,11.858328,12.367045,16.937855,17.24188,23.316399,19.288706,16.598057,13.395204,9.908991,6.498671,4.8774567,0.0,4.0908847,6.5904937,10.231255,12.112048,15.976842,16.857834,18.440922,18.266453,16.821682,14.081627,17.358974,14.233396,20.985735,19.601152,24.667389,25.442444,27.079042,29.84374,29.626644,25.418585,22.042992,24.31659,18.979553,21.69583,17.241407,22.22971,20.122433,22.34308,23.627995,23.902565,27.41058,26.621264,26.170364,29.852306,32.126244,32.51551,32.218,29.965256,28.959059,26.90183,29.092705,24.524216,26.819569,24.302914,27.50656,27.014565,22.031649,26.044065,26.624096,25.326729,25.482916,22.75584,19.822302,15.102952,16.361692,11.701088,11.960155,10.268285,11.19341,12.291928,13.290032,15.752039,19.290611,17.278301,16.710978,14.084267,18.012888,14.192535,18.64496,18.029346,21.53952,22.341215,25.526937,28.427113,29.213942,26.24576,24.700642,23.633785,18.955643,19.912045,13.9493,16.011883,11.671111,13.962009,15.673304,12.064296,9.738545,6.6547484,7.112729,4.785355,8.742867,8.847578
19,17.923996,14.147186,13.8603,8.670627,8.68144,9.876675,9.526652,13.434893,13.529142,18.779285,19.20409,25.32221,22.081886,19.572748,16.412352,12.490855,9.816278,6.4770665,4.0908847,0.0,4.6727786,7.43583,9.566204,13.021471,13.898126,15.635272,15.972613,14.668741,12.630347,16.382616,14.3479,20.876196,20.472198,25.655333,26.420824,28.526733,30.808964,30.230833,25.730042,22.28074,23.714325,18.304878,19.91331,15.397096,19.548786,16.928858,18.967808,19.908339,19.895136,23.542181,23.046461,22.463507,25.96418,28.38032,29.024265,28.837788,26.876656,25.958555,24.333347,27.039263,22.880833,25.623096,23.635828,27.310465,27.44047,22.843431,27.437243,28.35343,27.447649,28.173925,25.295,22.450129,17.284641,18.291328,13.645901,12.581412,10.318665,9.480764,10.360233,9.954203,12.430746,15.70548,13.62869,12.897615,10.702382,14.519061,11.691409,16.364094,16.58603,20.371801,21.76519,24.635733,27.319454,27.900757,24.727255,22.959753,21.518019,17.123217,17.096294,11.321488,12.179176,7.9792213,9.878759,11.703208,8.490611,5.838091,5.5869226,5.090799,6.1934257,9.90893,11.495133
20,18.292118,14.343337,15.640037,10.446794,11.890537,13.075025,13.964728,17.745111,17.982456,23.09109,23.262936,29.427158,25.782652,22.99222,19.973303,16.224737,13.0889635,10.573209,6.5904937,4.6727786,0.0,3.8602529,6.033481,10.079655,11.984613,14.403807,15.608649,16.068306,14.90827,18.9401,17.45884,23.950907,24.313599,29.125246,30.377113,32.345295,34.760178,34.38761,29.799221,26.539581,27.708773,22.501894,23.494118,18.877272,22.45373,18.4026,21.003416,20.75305,20.5057,23.892088,24.023891,24.254004,27.014984,29.193666,30.65257,30.18777,28.958858,27.363148,26.145353,29.418982,24.631908,27.728046,25.862871,29.130623,30.010073,25.141277,29.749538,31.137,29.652689,30.754469,27.129597,23.85073,19.585962,19.324125,14.715217,13.865402,10.38893,10.534735,8.944257,10.079137,10.947337,14.178491,13.5005665,13.94982,13.11707,17.080303,15.497706,20.222958,20.967724,24.79816,26.372166,29.147507,31.683247,32.26989,29.036495,27.14973,25.511713,21.3298,20.612883,15.170281,14.192049,10.714362,10.336842,10.912763,6.5739155,5.962724,4.186,7.834544,8.566353,12.901988,14.420755
21,17.94619,14.289824,16.389923,11.727361,13.299855,15.794155,16.01614,20.638172,20.922724,26.192387,26.55551,32.705776,29.330172,26.646631,23.471464,19.730637,16.6749,13.843183,10.231255,7.43583,3.8602529,0.0,4.463531,7.7656164,10.522327,13.448599,15.620358,16.840899,16.555992,20.739428,20.055933,26.227682,27.175575,31.993633,33.23062,35.431152,37.576996,36.988857,32.27761,29.00079,29.630346,24.488646,24.617523,20.156162,22.70968,17.970285,20.354893,19.25496,18.36652,21.836405,22.671108,22.877327,25.070263,27.393204,29.420149,29.049175,28.388767,26.769255,26.161623,29.969847,25.531952,28.988592,27.591892,31.041855,32.45117,27.845642,32.720352,34.328487,32.97968,34.362247,30.611708,27.3333,23.031504,22.515074,18.041182,16.661451,12.926146,12.132533,9.593409,9.669574,9.306362,11.77729,12.04834,12.819594,13.205891,16.580345,16.432558,21.002682,22.355263,26.261831,28.143934,30.671356,33.05776,33.37839,30.003195,27.883907,26.126625,22.200562,20.641455,15.774276,13.133666,10.785366,8.628604,8.389005,4.3093147,5.566272,7.0327096,10.114306,12.059017,16.126516,18.06053
22,22.407322,18.73815,20.670362,15.793742,16.96427,18.950449,18.718063,22.931948,22.34854,27.896948,27.46765,33.646008,30.598522,27.619099,25.31032,20.944504,18.452723,15.335591,12.112048,9.566204,6.033481,4.463531,0.0,4.2208424,6.7921767,9.760944,12.125361,14.601171,15.045224,19.168537,19.21709,24.979334,27.035032,31.290405,33.142498,35.32756,37.397232,37.034523,32.184425,29.295103,29.444084,24.775517,24.291988,19.816587,22.16659,16.419182,19.680244,18.005253,18.067095,20.559647,21.15282,22.84681,24.61455,26.089817,28.400301,27.473886,27.200487,24.740677,24.146803,28.155663,23.071531,26.680101,25.425179,28.495693,30.635353,26.082605,31.068512,33.222694,31.679995,33.79956,29.44483,26.106113,22.244137,20.821312,16.78051,14.929012,10.858658,10.225436,6.1905456,7.855001,6.397301,9.360927,10.227647,12.264899,13.178111,17.15601,17.29906,21.787693,23.640278,27.427206,29.69162,31.990093,33.933464,34.73042,31.560917,29.787136,27.316433,24.217964,22.203829,17.82791,14.637301,12.13671,9.514512,8.296632,4.096909,6.4054728,6.4523954,10.131986,12.290649,15.929832,18.423182
23,25.120453,21.73244,23.775951,19.179592,20.02907,22.649906,21.569017,26.163452,25.182138,30.948599,30.333864,36.44142,33.912895,30.95668,28.91655,24.273249,22.171673,18.657822,15.976842,13.021471,10.079655,7.7656164,4.2208424,0.0,3.952664,7.2669945,10.742321,14.31592,15.904899,19.853594,20.95675,26.00971,29.01841,32.984642,35.022793,37.42622,39.140667,38.654057,33.6918,31.012577,30.425516,26.16007,24.623049,20.477886,21.69359,15.073025,18.447063,15.730269,15.904303,17.678425,18.707434,21.261827,22.244793,23.263237,26.160856,25.017563,25.4636,22.601881,22.619547,27.12315,22.298027,26.215353,25.55457,28.639309,31.51557,27.423271,32.64217,35.15725,33.816994,36.471996,31.929386,28.723015,24.871933,23.140453,19.518194,17.018528,13.164826,11.56105,7.2763166,7.703563,4.143138,5.873954,8.30271,11.306154,13.509341,16.980585,18.421173,22.50162,25.049301,28.727322,31.413813,33.33033,34.86553,35.690517,32.580444,30.864855,27.933186,25.616152,22.76072,19.320913,14.857292,13.362429,9.613592,7.2289042,5.3554196,8.382519,10.097436,12.638271,15.608776,18.666885,21.667168
24,27.817005,24.395191,25.80246,21.079712,21.290941,23.769949,21.858662,26.203005,24.502037,30.40413,29.308758,35.264763,33.351494,30.38592,28.97686,23.923388,22.525665,18.655912,16.857834,13.898126,11.984613,10.522327,6.7921767,3.952664,0.0,3.3251371,6.980089,11.0612335,13.346888,16.991194,18.86337,23.24014,27.04269,30.60972,32.895287,35.40156,36.85338,36.390583,31.390102,29.025505,27.944092,24.167147,22.07154,18.145622,19.068499,12.066418,16.013605,13.354557,14.744549,15.670489,15.962958,19.543982,20.566374,20.901234,23.550505,22.034468,22.458553,19.148895,19.036667,23.557697,18.597986,22.58732,22.183262,25.25708,28.513487,24.80513,30.162779,32.920967,31.842443,34.964817,30.383312,27.440397,23.480778,21.681086,18.517286,15.36788,12.059015,9.624958,6.0156956,5.9042315,2.413904,4.75911,6.1099334,9.751613,11.968426,15.65126,17.144255,20.879835,23.762833,27.210678,30.182537,31.819687,32.947647,34.131096,31.262325,29.902273,26.439,24.917599,21.847252,18.985481,14.678875,13.05569,9.943597,7.8988576,7.121493,9.051087,10.767491,12.007101,15.412675,17.61268,21.1053
25,30.512877,27.086834,28.079887,23.32152,23.112343,25.40685,22.949875,26.981152,24.706491,30.62442,29.099642,34.856342,33.475533,30.516954,29.680252,24.370815,23.565266,19.543806,18.440922,15.635272,14.403807,13.448599,9.760944,7.2669945,3.3251371,0.0,4.17339,9.035981,12.068658,15.207406,17.839878,21.421097,25.988432,29.09352,31.632265,34.194717,35.404587,34.991886,29.99791,27.977055,26.434704,23.20698,20.598248,16.993303,17.584734,10.372218,14.815748,12.275726,14.8023,14.793549,14.326454,18.929478,19.896612,19.49635,21.898663,19.979826,20.435177,16.604918,16.36442,20.878265,15.737005,19.78246,19.669529,22.639135,26.324722,23.030926,28.4476,31.449366,30.584711,34.139008,29.520613,26.83906,22.925663,21.018757,18.400984,14.802127,12.184909,9.298657,6.8837614,6.5227633,4.7047567,6.1715946,6.2266026,9.922461,11.955123,15.610609,17.087734,20.383968,23.50662,26.680613,29.866909,31.235447,31.970564,33.48409,30.86832,29.844645,25.95061,25.167498,21.97677,19.685415,15.671175,14.042086,11.628405,9.9867325,9.849472,11.022825,12.461626,12.723286,16.215036,17.600697,21.3964
26,32.32666,28.779886,29.15687,24.266663,23.63877,25.274324,22.543451,25.820364,22.92369,28.709375,26.628319,32.14701,31.204895,28.23392,28.12602,22.616829,22.516165,18.543112,18.266453,15.972613,15.608649,15.620358,12.125361,10.742321,6.980089,4.17339,0.0,5.9323373,9.1708975,11.697049,14.756162,17.718569,22.816895,25.44255,28.281178,30.766813,31.912872,31.693367,26.75637,25.090727,23.448832,20.709776,18.231796,14.764258,16.003153,9.546151,14.451991,13.190704,16.707088,16.386242,14.671477,19.573994,21.136686,20.313625,21.807625,19.615496,19.361538,15.2886715,14.090114,17.997992,12.060895,15.943274,15.625223,18.471582,22.23755,19.109446,24.529964,27.67161,26.961338,30.82076,26.242218,23.857191,19.981997,18.098608,16.074068,12.114837,10.535739,7.5670395,7.1624384,7.4536,7.880645,9.953315,8.289482,11.038643,11.751985,15.798407,16.197138,19.195227,22.11499,24.976694,28.15797,29.437222,29.926243,31.91558,29.614721,29.027622,24.87756,24.53864,21.814884,19.623152,16.834137,14.540033,13.554016,12.765744,12.255026,12.377462,12.746313,11.991289,15.098173,15.472552,19.436306
27,31.376694,27.9847,27.325249,22.739687,21.234396,22.73797,18.941778,21.806452,18.357204,24.046524,21.940426,27.185751,27.011204,24.407543,24.537003,19.00055,19.785662,15.574281,16.821682,14.668741,16.068306,16.840899,14.601171,14.31592,11.0612335,9.035981,5.9323373,0.0,4.2082443,6.4035316,10.06164,12.650094,17.607819,20.548754,22.932417,25.7026,26.559153,26.061304,21.083715,19.354939,17.565434,14.874702,12.464478,8.989937,11.137625,6.8855753,11.301081,12.422864,16.259619,16.586983,13.719762,17.272627,20.082928,19.772814,19.791851,18.080223,16.3076,13.420256,11.008025,13.99337,8.695969,12.279741,11.689111,15.750836,18.36369,15.667388,21.317518,23.886837,24.041702,27.510925,23.87546,22.072144,17.089893,16.808565,14.789465,10.448693,10.561348,6.1401725,9.559028,7.745571,10.705744,13.004456,9.27606,9.822072,8.516016,12.480392,11.601206,14.060032,16.796799,19.362852,22.582718,23.73008,24.128263,26.32561,24.230986,23.989813,19.726341,19.81572,17.620678,15.826948,14.708155,12.039846,13.114499,13.70893,13.563465,12.152702,13.155811,9.840423,13.2578745,12.26891,16.497398
28,29.77949,26.330534,25.15399,20.582596,18.870398,19.577013,15.969974,18.047537,14.399053,20.005556,17.796755,23.171251,22.80605,20.212425,20.462786,14.919479,16.0897,12.074497,14.081627,12.630347,14.90827,16.555992,15.045224,15.904899,13.346888,12.068658,9.1708975,4.2082443,0.0,4.2009444,6.0845675,10.190573,13.94715,17.451885,19.617071,22.256819,23.512232,23.136929,18.164864,16.125595,15.338201,12.00329,11.433968,7.302789,11.818698,9.771103,13.237293,15.417371,18.638546,19.813944,16.974285,19.164103,22.694904,23.012106,22.4748,21.191505,18.631697,16.648287,13.696047,15.517873,10.46289,13.009387,11.266187,15.407566,16.61219,13.262839,18.817179,20.858458,21.037533,23.944674,20.710361,18.983532,13.434011,14.101909,11.822502,7.712909,8.86506,5.0596247,10.073346,8.987375,12.721417,15.666972,11.772278,11.47277,8.567377,12.902941,9.932721,12.753389,14.460003,17.066477,19.825434,21.412489,22.268461,24.562696,22.481468,22.320784,18.542599,17.888493,16.8514,14.197796,14.874716,11.271428,13.73831,15.047987,14.076643,11.850001,11.807242,7.5623713,10.171056,8.350334,12.55707
29,33.28524,29.931414,28.31468,23.974173,21.919495,22.179247,18.25351,19.344648,15.002717,19.981586,17.059076,21.709774,22.401144,20.04896,21.338017,15.967828,18.133398,14.588692,17.358974,16.382616,18.9401,20.739428,19.168537,19.853594,16.991194,15.207406,11.697049,6.4035316,4.2009444,0.0,5.197876,6.3102045,11.606905,14.155136,16.689915,19.39707,20.2577,20.017311,15.118244,13.840759,12.475532,10.533706,9.906864,7.1323676,11.669071,11.491699,14.467689,17.374022,21.159298,21.739702,18.18633,20.61182,24.242886,24.0363,22.714321,21.25643,18.159027,16.300634,12.587306,13.010133,8.06262,9.5337515,7.3994884,11.901397,12.7470045,10.294671,15.855729,17.95218,18.816523,22.125814,19.340061,18.367725,12.9942665,14.147847,13.135049,9.344235,11.858523,9.048707,13.8795595,12.962365,16.543776,19.192484,15.192294,14.691593,11.704664,15.155999,11.879552,13.366754,14.772456,16.506771,19.256418,20.41682,20.673227,23.588799,22.098198,22.596006,18.553158,18.948835,18.314802,16.556557,17.980028,14.725534,17.548298,18.92571,18.247799,15.987406,15.698536,11.406834,13.17396,10.088789,13.845323
30,31.014624,27.612162,25.612167,21.342205,19.335102,18.403885,15.331941,15.137148,10.741186,15.483801,12.357331,17.483227,17.412294,14.905026,16.33358,11.022182,13.645719,10.83507,14.233396,14.3479,17.45884,20.055933,19.21709,20.95675,18.86337,17.839878,14.756162,10.06164,6.0845675,5.197876,0.0,6.77538,8.344008,12.126685,14.269897,16.549984,18.364788,18.438536,13.722686,11.796757,12.65926,9.536584,12.00254,8.755241,14.8510685,15.2414255,17.808538,20.938951,23.941635,25.42696,22.300566,23.593584,27.676313,28.196089,26.855614,25.807478,22.435486,21.171167,17.558702,17.644707,13.137167,13.898278,10.837628,14.362928,13.244088,9.390237,14.338116,15.510272,16.016136,18.265387,15.92159,14.850815,8.667515,11.344036,9.90304,7.351498,10.6523485,9.438796,14.453463,14.399596,18.248783,21.476208,17.603815,16.789389,13.022514,16.785412,11.891858,14.001827,13.875758,15.754663,17.567663,19.518784,20.638414,23.388779,21.787262,22.147846,19.071789,18.06811,18.815367,15.809477,18.749262,14.723244,18.345274,20.146395,18.562296,15.840853,14.2929125,10.030362,10.043891,5.9230547,9.029268
31,37.13208,33.91704,31.595955,27.658276,25.253115,24.528841,20.702002,20.005215,15.135948,18.583,14.739078,17.951511,20.096949,18.287708,21.031013,16.43067,19.825174,17.319315,20.985735,20.876196,23.950907,26.227682,24.979334,26.00971,23.24014,21.421097,17.718569,12.650094,10.190573,6.3102045,6.77538,0.0,7.504848,8.198965,11.21496,13.793908,14.348136,14.55992,10.0578985,10.176682,9.203315,9.632205,10.921992,10.291456,14.890758,17.011545,19.061037,22.764084,26.591438,27.074862,23.097301,24.955751,28.899899,28.560143,26.28066,24.966652,21.142378,20.041355,15.83172,13.963998,10.71621,9.42598,6.273079,9.861554,7.726596,7.011818,11.519852,12.870248,15.048962,18.227741,16.807022,17.16033,12.282099,14.768409,15.218874,12.730696,16.389551,14.778068,19.677284,19.126596,22.811884,25.489,21.399906,20.510267,17.086191,19.786444,15.611901,15.82241,15.928028,16.33277,18.343855,19.193823,18.981918,22.64379,22.049078,23.385971,19.741436,20.752354,21.350122,20.079565,22.961504,19.730764,23.261047,24.946028,24.142351,21.59136,20.682993,16.319036,16.801277,12.60019,15.040367
32,34.73802,31.80763,28.676142,25.447662,22.797531,20.910002,17.675547,14.9629545,10.249756,11.863627,7.739886,10.502957,13.140487,12.119372,15.248878,11.992891,16.254574,15.112313,19.601152,20.472198,24.313599,27.175575,27.035032,29.01841,27.04269,25.988432,22.816895,17.607819,13.94715,11.606905,8.344008,7.504848,0.0,5.9281073,6.131659,8.590417,10.467364,10.68451,6.7362056,5.5503116,9.086949,8.207828,13.395789,12.669754,18.34894,21.542543,22.772228,27.03301,29.888988,31.50289,27.942108,28.028225,32.637623,33.352226,30.812788,30.238668,25.92074,25.947124,21.973236,20.112125,17.902428,16.80828,13.742129,16.49391,12.107298,10.557703,12.853099,11.553208,14.169019,14.6699295,15.473505,16.287437,10.895301,15.710677,15.640321,14.784624,18.470306,17.657187,22.69645,22.163115,26.22255,29.260357,25.065474,23.470346,19.265392,21.641556,16.02869,16.181707,14.166942,14.095738,14.444216,16.146713,17.101078,20.410019,19.915699,21.272404,19.169899,18.790573,21.294724,19.28098,24.095087,20.55789,25.039206,27.334063,26.04143,22.959085,21.664888,17.180984,16.357,11.945633,12.452807
33,40.56443,37.538612,34.523243,31.149187,28.638084,26.516897,23.584854,20.629066,16.056871,16.782368,12.181231,12.652204,16.36253,15.527524,19.92609,17.070297,21.359915,20.489193,24.667389,25.655333,29.125246,31.993633,31.290405,32.984642,30.60972,29.09352,25.44255,20.548754,17.451885,14.155136,12.126685,8.198965,5.9281073,0.0,4.9726543,6.0374975,7.440966,9.310708,7.11045,9.124738,11.0581455,12.827547,16.649672,16.79684,21.697113,24.88475,26.390663,30.542412,34.011993,34.90148,30.924572,31.898098,36.22065,36.198315,33.392628,32.405422,28.134474,27.743809,23.493212,20.626074,18.514954,16.183372,13.059432,14.152353,8.288912,9.001117,9.111417,7.307615,11.426348,12.872625,14.325803,16.360737,12.903689,16.85304,18.345032,17.67511,21.810131,21.43447,26.291603,26.284744,30.12486,33.095436,28.996641,27.802656,23.900257,26.317146,21.1906,20.934277,19.37135,18.688086,19.076693,20.03155,19.990503,23.878044,24.10665,25.984905,23.551546,24.15748,26.33185,24.85203,29.200424,25.741873,29.906267,31.927984,30.64778,27.796429,26.025023,21.940165,20.946423,16.391699,16.813969
34,39.666103,37.002037,33.4514,30.740812,27.86969,25.803326,22.516354,19.07575,14.883453,14.345586,10.593104,9.474623,14.69374,14.950381,18.854511,16.974405,21.435478,20.836687,25.442444,26.420824,30.377113,33.23062,33.142498,35.022793,32.895287,31.632265,28.281178,22.932417,19.617071,16.689915,14.269897,11.21496,6.131659,4.9726543,0.0,3.7730656,4.4068446,5.287286,4.3336525,6.4717727,9.865148,11.785929,16.582556,17.330944,22.055105,26.361704,27.042253,31.696432,34.6845,36.04274,32.16791,31.985266,36.644455,37.17095,33.950302,33.506958,28.838558,29.410769,25.33509,22.322151,21.488792,19.362926,16.720785,18.61717,12.937835,13.676721,13.8694105,11.134444,15.27614,14.96457,17.748714,19.721375,15.6682205,20.431345,21.162409,20.591309,24.452654,23.642616,28.713312,28.001429,32.078514,34.94502,30.621061,28.832363,24.668047,26.372438,20.99939,20.08296,17.687845,16.278416,15.833696,16.689106,16.87292,20.57215,21.159498,23.272055,21.622276,22.186016,25.140478,24.050468,29.224007,26.082367,30.693647,33.07287,32.03858,28.917606,27.789877,23.256348,22.40009,18.00671,18.016449
35,41.63189,38.927498,35.36579,32.6748,30.022657,27.289125,24.797695,20.628614,16.808214,15.337086,11.31425,8.772387,14.039228,14.542625,19.241158,18.062595,22.557016,22.640911,27.079042,28.526733,32.345295,35.431152,35.32756,37.42622,35.40156,34.194717,30.766813,25.7026,22.256819,19.39707,16.549984,13.793908,8.590417,6.0374975,3.7730656,0.0,4.4317665,7.127397,8.020658,10.014178,13.620386,15.314733,20.26474,20.722181,25.68203,29.629705,30.575563,35.09106,38.099075,39.479797,35.62814,35.62398,40.26892,40.742073,37.615524,37.057156,32.46336,32.78819,28.636642,25.577826,24.258287,21.941889,19.016298,20.056608,13.92189,14.545244,13.293199,9.566937,13.768536,12.532087,16.424538,18.956749,16.007687,20.73935,22.008936,22.099869,26.10373,25.960552,30.852383,30.70016,34.7064,37.762108,33.570103,31.966913,27.771542,29.770145,24.211235,23.61091,21.026707,19.716017,18.864447,19.910934,20.258356,23.825052,24.49341,26.556816,25.209959,25.383497,28.584587,27.098719,32.388004,28.998844,33.589066,35.921772,34.535896,31.448807,29.667381,25.56584,24.071003,19.708931,19.051361
