,0,1,2,3,4,5,6,7,8,9,10,11,12,13,14,15,16,17,18,19,20,21,22,23,24,25,26,27,28,29,30,31,32,33,34,35,36,37,38,39,40,41,42,43,44,45,46,47,48,49,50,51,52,53,54,55,56,57,58,59,60,61,62,63,64,65,66,67,68,69,70,71,72,73,74,75,76,77,78,79,80,81,82,83,84,85,86,87,88,89,90,91,92,93,94,95,96,97,98,99,100,101,102,103,104,105,106,107
0,0.0,4.754657,6.6729617,9.138372,12.307802,13.677606,17.354898,21.349627,22.985893,27.226357,31.211752,34.825737,34.30066,32.139343,28.407139,26.069029,21.960613,21.26005,16.946901,15.184541,12.498229,11.7171755,11.962246,9.557264,11.958999,15.508832,17.491611,16.602568,18.320448,16.694883,20.3526,18.341055,25.605755,22.536821,26.938265,28.78581,29.034834,28.869267,24.267677,20.481585,25.746462,22.065485,24.41499,23.582952,21.59889,21.320023,21.949804,20.235685,24.2174,26.352663,29.091082,27.206617,30.748203,33.412292,30.464441,33.466114,31.640911,33.888863,38.829685,36.721783,33.46918,35.492443,32.463398,34.61686,31.011377,36.186737,34.333557,36.759064,36.213413,34.564465,31.631536,35.84475,33.989162,38.25876,37.66299,40.64123,42.533226,41.978546,45.0123,44.782745,40.32872,37.449013,33.632233,30.707655,28.767088,25.767897,23.248112,18.100222,18.75244,16.372261,17.71245,21.229168,21.63852,23.324049,24.726988,30.909187,28.238726,33.846172,33.14396,38.010075,40.775387,38.81173,35.79432,34.278553,29.083008,28.319548,24.01776,23.096096
1,4.754657,0.0,5.2622333,6.242547,8.760259,11.741822,13.926464,19.002245,19.995707,24.922098,28.597475,32.072777,32.18584,30.230515,26.81642,24.107252,20.325075,18.889841,14.918028,12.18087,10.760787,8.2659645,10.38345,7.1738286,11.2165365,14.230651,14.681815,14.0376425,15.059758,14.825163,17.49107,16.926306,24.051352,21.69569,26.017883,28.107393,29.01118,28.525837,24.074738,20.116016,24.67563,20.719494,22.362745,20.841137,19.556332,18.444563,19.642368,16.959139,21.329725,22.991993,25.929262,23.780577,28.009256,30.536736,27.866722,31.031258,28.743849,31.151367,35.940784,33.408978,30.124655,31.60463,28.389484,30.265177,26.491558,31.541002,29.622631,32.038197,31.577665,30.068266,27.28585,31.647484,30.062706,34.466686,34.084805,37.28497,39.287025,39.037704,42.16026,41.941666,37.503582,34.300533,30.715265,27.466711,25.535133,22.193954,19.255505,14.098489,14.274561,11.893972,13.04777,16.493599,16.921585,18.741095,20.056063,26.496424,23.872444,29.569698,29.144487,34.067047,36.93609,35.053143,32.149475,30.316175,25.448334,24.592402,20.245884,19.468618
2,6.6729617,5.2622333,0.0,5.0355825,6.939418,7.902534,11.4872875,15.192528,17.182646,21.037537,25.673073,28.805254,28.585709,26.81517,22.832481,20.838991,16.811068,16.308912,12.541218,11.325493,10.346434,10.626332,13.212511,11.45399,15.308046,17.654205,18.291689,16.434053,16.45379,15.658768,16.987844,15.657365,21.788877,18.375685,23.116594,24.576277,25.70613,25.815407,21.254042,17.685017,23.10733,20.12586,21.420784,21.165865,20.967894,20.14008,22.260727,19.920412,24.556536,26.448606,28.901255,25.842562,30.37808,32.1351,28.876852,31.596205,28.89786,30.68489,35.399986,32.707153,29.37965,31.481855,28.768106,30.6766,27.789856,32.282936,31.164059,32.569904,31.962864,30.687183,28.583403,32.71913,30.639334,35.194,34.191902,37.516308,38.9689,38.358067,41.123333,40.341526,35.57157,32.551987,28.717033,25.85293,24.569206,20.734137,19.348684,14.304383,15.3869095,14.253897,15.570053,18.25964,17.610437,18.512438,20.443153,25.508041,23.40381,28.55004,27.942625,32.608288,35.07811,32.79372,29.71326,28.167398,22.888132,21.999367,17.804003,16.826317
3,9.138372,6.242547,5.0355825,0.0,3.7268767,6.0972986,8.551064,13.230754,14.069786,19.125708,22.450426,26.127947,26.060457,24.023846,20.817144,17.89103,14.209891,12.657004,8.748927,6.484262,5.9852524,6.41711,9.694264,9.061408,13.005846,14.256952,14.418076,11.935946,11.5107765,11.027477,12.1102915,11.528201,18.056692,15.859891,20.127892,22.265574,23.581007,23.001045,18.695578,14.817343,19.224726,15.785873,16.856298,16.168427,16.218647,15.233711,17.750412,15.536388,20.221287,22.328054,24.381424,21.01409,25.582281,27.144032,23.87472,26.630808,23.929201,25.871588,30.625395,28.062721,24.75383,26.909708,24.204535,26.456055,23.781683,28.675264,27.937237,29.520582,28.472723,26.684732,24.252554,28.191568,25.914785,30.37125,29.374332,32.60522,34.178307,33.64455,36.55755,36.07405,31.512749,28.455011,24.714642,21.678518,19.987602,16.657099,14.782169,9.73066,11.416918,10.629395,12.898402,15.433631,15.284497,16.28041,17.40721,22.859783,19.756971,25.183435,24.159931,28.977232,31.734577,29.91871,26.917347,25.918453,20.430693,20.352804,15.929318,16.159075
4,12.307802,8.760259,6.939418,3.7268767,0.0,5.3066154,5.1787314,10.836287,11.325046,16.622757,20.139778,23.398338,23.915657,22.266647,19.147388,16.287025,13.035954,11.125113,8.269544,5.8657413,7.952019,7.851347,12.273795,11.535578,15.832327,16.612736,15.620424,13.201744,11.509289,12.416071,11.352683,12.254657,17.564291,15.6867075,19.88356,21.839615,23.850266,23.307064,19.27721,15.7002535,19.56883,16.541265,16.591242,15.826509,17.166826,15.516978,18.810913,15.93706,20.80436,22.418198,24.43035,20.541542,25.790333,26.870424,23.719467,26.367811,23.038418,24.802177,29.284695,26.175394,22.829628,24.64439,22.0009,23.889788,21.502296,25.872442,25.443619,26.466597,25.482954,24.037125,22.201988,26.169495,23.993954,28.646444,27.5951,31.113195,32.52496,32.148884,34.95704,34.196068,29.49292,26.168789,22.58297,19.381054,18.126692,13.991958,12.6216345,7.8188286,9.425516,9.736702,11.612837,13.343378,12.477572,12.977676,14.399923,19.298027,16.610744,21.836926,21.087143,25.844694,28.502684,26.52143,23.539911,22.256205,16.91792,16.669037,12.232153,12.595607
5,13.677606,11.741822,7.902534,6.0972986,5.3066154,0.0,6.1434364,7.7332597,9.941871,13.58996,17.92437,21.256865,20.751966,18.919012,15.118313,12.956719,9.016585,8.818657,5.8627872,7.13888,8.123839,11.522998,14.569638,14.98708,18.529194,19.082127,19.264387,15.852559,14.17852,13.272732,11.865954,10.559658,14.742125,11.3522415,16.055506,17.412231,19.331165,19.391163,15.188263,12.0795145,17.108423,15.334485,15.532156,16.69647,18.396784,17.76939,21.243603,19.547087,24.171469,26.391619,27.76395,23.441494,28.186293,28.660454,24.801022,26.839062,23.626638,24.632072,29.12508,26.394485,23.132053,26.108656,24.225037,26.503576,25.181763,29.239735,29.633116,29.942488,28.611279,27.059797,25.556238,28.979887,26.09554,30.570522,28.765896,32.068058,32.87597,31.887522,34.28813,33.086094,28.152767,25.381487,21.366596,18.952753,18.25468,14.465944,15.12662,11.14167,13.848558,14.668406,16.846037,18.285576,17.025955,16.776052,18.340141,21.639925,19.097841,23.535555,22.121275,26.468786,28.691183,26.493692,23.305153,23.026102,16.944899,17.26514,13.23961,13.853448
6,17.354898,13.926464,11.4872875,8.551064,5.1787314,6.1434364,0.0,6.8726535,6.4951453,12.110716,15.505767,18.397533,19.41101,18.16556,15.397455,12.583714,10.25643,8.030661,7.4709744,6.618092,10.553056,11.54843,15.988036,16.032064,20.09311,20.028027,18.413923,15.524028,12.464574,14.061652,10.20653,12.35282,15.292989,14.002959,17.753828,19.432272,22.28325,21.75817,18.326315,15.433938,18.381601,16.37514,15.076754,14.987825,18.105194,16.233332,20.45513,17.674322,22.373045,23.769148,25.169203,20.435213,26.083797,26.1631,22.880558,25.035948,21.016354,22.179611,26.241188,22.650349,19.341776,21.29806,19.227057,20.952845,19.778833,23.316162,23.992186,23.883137,22.580122,21.332611,20.427454,23.936155,21.44402,26.153952,24.634861,28.352661,29.274765,28.841125,31.349688,30.129658,25.234016,21.795322,18.295696,15.182789,14.749767,9.783264,10.454533,7.34897,9.617545,11.783096,13.500109,13.763919,11.985699,11.181848,12.60006,15.558289,13.110482,17.61338,16.667498,21.185143,23.607307,21.489525,18.447613,17.591324,11.887813,12.229224,7.9170237,9.605327
7,21.349627,19.002245,15.192528,13.230754,10.836287,7.7332597,6.8726535,0.0,4.6052027,5.9296117,11.3227415,13.773015,13.684508,12.668599,8.914388,7.651229,5.7053103,6.496657,8.22637,10.970713,13.879895,17.25804,20.727188,21.625017,25.171131,24.844908,24.115604,20.413084,17.323162,17.42786,12.857716,13.124468,12.7620945,10.141304,13.8103,14.230794,17.71105,18.03478,15.106863,13.626979,16.914654,17.02637,15.271834,17.559008,21.399944,20.487684,24.928242,23.238468,27.617695,29.477737,30.142897,24.91224,30.029976,29.1621,25.215193,26.429712,22.380814,22.296255,25.962961,22.662424,19.651655,22.946632,22.129969,24.068655,24.508724,27.19457,29.037052,27.756401,26.080534,24.939772,24.809917,27.437134,24.19105,28.530392,26.006296,29.45702,29.382853,28.201004,29.961628,27.880732,22.61665,19.92474,16.033974,14.322987,15.270008,10.911165,14.761496,13.141883,16.050734,18.47998,20.350113,20.299776,18.115658,16.459558,17.98673,18.172226,16.468937,19.153149,17.414648,20.91099,22.443762,19.921408,16.659958,17.430641,10.994938,12.361295,9.646159,11.652765
8,22.985893,19.995707,17.182646,14.069786,11.325046,9.941871,6.4951453,4.6052027,0.0,7.028592,9.024456,12.16551,13.153259,12.066675,10.292849,7.2369304,7.1148562,5.0493026,8.281294,9.924209,13.842203,16.431551,20.094028,21.279982,24.713726,23.736877,22.246586,18.640602,14.89843,16.063633,10.158995,12.464746,11.587287,11.453904,13.951839,15.298039,18.97318,18.37212,16.044304,14.390332,15.809261,15.560394,12.866373,14.438912,19.115488,17.738752,22.516726,20.70933,24.823938,26.436495,26.771559,21.300154,26.601059,25.375334,21.704782,22.90726,18.489603,18.511501,22.0243,18.381521,15.30554,18.34697,17.595362,19.624598,20.49844,23.185074,25.461544,24.173326,22.129217,20.664925,20.598886,22.963148,19.65734,23.988071,21.516714,25.090239,25.151875,24.269459,26.250994,24.449448,19.321619,16.16165,12.476223,10.101661,11.0096655,6.326499,10.888165,10.6178665,13.5741415,16.632338,18.630545,18.012535,16.125092,14.397236,15.063412,15.131718,12.493035,15.268324,13.126404,16.941563,18.938774,16.976185,13.832328,15.048214,8.56502,11.141591,8.453651,11.901425
9,27.226357,24.922098,21.037537,19.125708,16.622757,13.58996,12.110716,5.9296117,7.028592,0.0,7.8241525,8.594553,8.519671,8.792583,5.637259,6.8318567,8.096784,9.684333,13.039908,16.12059,19.179003,22.730576,26.086899,27.30283,30.69913,29.958961,29.023224,25.180723,21.68272,21.94408,16.440805,17.029037,13.691349,11.970619,13.993514,13.295928,17.601913,18.249418,16.65309,16.56015,18.497036,20.02865,17.390919,20.454422,25.159584,24.346287,29.05631,27.643845,31.694725,33.42806,33.560528,27.969547,32.951538,31.184212,27.236368,27.701561,23.411222,22.344135,25.10307,21.704376,19.211323,22.806753,23.047138,24.716166,26.550472,28.13639,31.028316,28.633142,26.704178,25.862272,26.696218,28.507956,25.03435,28.953352,25.848333,29.145655,28.228226,26.763792,27.788298,24.892263,19.508514,17.310942,13.803167,13.402769,15.782222,12.118922,17.703121,17.580168,20.401897,23.37121,25.09608,24.357655,21.868345,19.560179,20.87315,18.680094,17.784498,18.565907,16.503498,18.704433,19.31144,16.583601,13.452261,15.737715,9.85177,12.256163,11.599753,14.113229
10,31.211752,28.597475,25.673073,22.450426,20.139778,17.92437,15.505767,11.3227415,9.024456,7.8241525,0.0,5.515904,5.8153343,5.3189354,8.136264,6.464543,10.540604,10.237443,14.746868,17.436914,20.69833,24.189943,26.975788,29.104557,31.833065,30.009497,28.753143,24.743425,20.877686,21.446117,15.064091,16.803766,11.04015,13.1347885,12.44343,12.91594,17.254581,16.48501,16.541914,16.985518,15.700007,17.96828,14.151251,17.45023,23.010223,22.392149,27.189936,26.587467,29.770498,31.563997,30.655556,24.851923,29.138285,26.323465,22.513304,22.14208,17.844715,15.882006,17.85886,14.781114,12.869198,17.356224,18.789692,21.013956,24.299437,25.809114,29.754936,27.336288,24.525953,22.830889,23.671825,24.238007,20.18194,23.297178,19.573782,22.405485,20.9335,19.205969,19.996822,17.108164,11.731435,9.829814,6.283176,7.4938135,10.715298,9.888268,16.162125,18.027145,21.05963,24.439318,26.623455,25.444963,23.72273,21.590899,21.482347,18.957127,16.527565,16.435705,12.858116,14.310215,15.156543,14.093136,11.614013,16.313784,11.326253,15.586885,15.256275,19.069155
11,34.825737,32.072777,28.805254,26.127947,23.398338,21.256865,18.397533,13.773015,12.16551,8.594553,5.515904,0.0,5.4225874,8.04916,10.21588,10.883138,14.550214,14.820063,19.1929,21.71225,25.27323,28.351028,31.638678,33.290356,36.419014,34.861507,33.230576,29.498442,25.455544,26.506443,19.966396,21.946278,16.390003,17.520372,17.128338,16.563053,21.099794,21.000328,21.18273,21.871801,21.103325,23.431797,19.622679,22.52688,28.220161,27.229034,32.136482,30.989302,34.31147,35.660553,34.95893,29.140665,33.792744,30.822283,27.39292,26.94473,22.435001,20.313902,21.357885,17.782072,16.378294,19.716877,21.475445,22.726597,26.49759,26.690468,31.023315,27.53236,25.049332,24.298933,26.2484,26.651516,23.118277,26.108196,22.494246,25.434193,23.506924,22.047909,22.155706,18.420313,13.287942,11.605702,9.823758,11.275033,15.116159,13.363592,19.797293,21.796724,24.31574,27.901041,29.539669,27.886576,25.564697,22.886127,23.210613,18.743633,18.093319,16.306858,13.626699,13.528381,12.952018,11.031413,8.888561,14.143716,10.713867,14.604542,15.818859,19.24313
12,34.30066,32.18584,28.585709,26.060457,23.915657,20.751966,19.41101,13.684508,13.153259,8.519671,5.8153343,5.4225874,0.0,3.7310507,6.796484,8.770377,12.638748,14.172166,18.320284,21.806807,24.540085,28.72032,31.319036,33.457287,36.17455,34.601433,33.864147,29.64603,26.042984,25.88099,20.054157,20.459251,13.920657,14.447215,13.373423,11.969222,16.422205,16.77661,17.483345,19.031752,18.47193,21.786053,18.498604,22.625458,27.832993,27.64877,32.31735,31.964857,35.234295,37.217228,36.298023,30.520779,34.5415,31.6042,27.584137,26.815191,22.949245,20.475475,21.931622,19.508497,18.116129,22.6975,24.45866,26.46299,29.936502,30.994305,35.069866,32.158875,29.532763,28.235676,29.403408,29.832788,25.787209,28.608963,24.649271,27.094976,24.99931,22.78441,22.684841,19.000023,13.946599,13.572871,10.887658,13.145388,16.36966,15.505438,21.792118,23.130342,26.245167,29.489902,31.607092,30.554455,28.482147,26.124832,26.538754,23.24399,21.795618,21.006914,17.837599,18.256302,17.960974,16.41919,14.240722,19.181795,14.752965,18.427826,18.75888,21.928923
13,32.139343,30.230515,26.81517,24.023846,22.266647,18.919012,18.16556,12.668599,12.066675,8.792583,5.3189354,8.04916,3.7310507,0.0,5.4875493,6.151404,10.207685,11.795723,15.795997,19.542803,21.857166,26.452429,28.59305,31.081589,33.465935,31.74721,31.404854,26.984713,23.635538,22.923178,17.499735,17.302916,10.370218,11.307829,9.718865,8.784184,13.206893,13.185879,13.977625,15.638153,14.81371,18.37741,15.31265,19.912958,24.82367,25.035381,29.524885,29.638205,32.782864,35.10562,34.048264,28.36412,32.01234,29.213936,24.915531,24.140072,20.616814,18.22105,20.259708,18.389479,16.792631,22.003786,23.551239,26.110077,29.234764,31.071108,34.874786,32.61325,29.825596,28.002008,28.476446,28.996878,24.677597,27.494446,23.502144,25.768509,23.941702,21.499815,21.76856,18.660078,13.6310425,13.357724,9.903085,12.049592,14.581392,14.401509,20.291176,21.381289,24.808952,27.826176,30.2901,29.598494,27.908632,25.912567,26.107752,23.960485,21.587572,21.726871,18.16383,19.329685,19.722958,18.562956,16.192259,20.906645,15.741173,19.53459,19.019361,22.315199
14,28.407139,26.81642,22.832481,20.817144,19.147388,15.118313,15.397455,8.914388,10.292849,5.637259,8.136264,10.21588,6.796484,5.4875493,0.0,5.033123,7.0462785,10.20966,13.405743,17.563398,19.57784,24.38713,26.753532,28.751572,31.475174,30.44815,30.424463,26.051987,22.998707,21.948687,17.169699,16.069124,11.056806,8.862014,9.76935,8.036207,12.456754,13.553098,12.704207,13.875841,15.61316,18.46829,16.255672,20.683182,24.9951,25.126572,29.544298,29.209173,32.918076,35.285416,34.901703,29.348604,33.45446,31.43326,26.992138,26.90239,23.31396,21.682415,24.494461,22.220861,20.027693,24.802782,25.503798,27.884275,30.016134,32.15613,35.231903,33.19492,30.879217,29.405113,29.681547,31.060366,27.017206,30.470238,26.889616,29.57578,28.293861,26.127249,26.821857,23.928759,18.756872,17.731546,13.891661,14.680218,16.732372,14.859293,20.334034,20.14683,23.555624,26.233467,28.53219,28.246166,26.246077,24.303219,25.239704,23.696625,21.861576,22.812128,19.93366,21.874985,22.420837,20.354748,17.486368,20.84952,15.023174,17.839277,16.835463,19.346416
15,26.069029,24.107252,20.838991,17.89103,16.287025,12.956719,12.583714,7.651229,7.2369304,6.8318567,6.464543,10.883138,8.770377,6.151404,5.033123,0.0,4.3750896,5.8314004,9.682859,13.558393,15.840863,20.472803,22.720901,25.03181,27.559982,26.134785,25.904547,21.490973,18.313667,17.4655,12.320918,11.871117,6.919817,6.7968936,7.624798,8.368768,12.440287,12.072591,10.843624,11.02759,11.766695,13.9966345,11.405184,15.660638,20.148565,20.216423,24.684008,24.492117,28.03106,30.464878,29.92812,24.389717,28.422781,26.49009,22.055565,22.191069,18.558687,17.319962,20.662289,18.413029,15.920289,20.848818,21.267008,24.064054,25.954027,28.73656,31.659508,30.251717,27.703468,25.68815,25.388493,26.798521,22.640234,26.150492,22.736696,25.461912,24.66027,22.69917,24.007948,21.836527,16.718199,15.137404,10.870981,10.86611,12.164652,10.823006,15.893663,15.968311,19.58266,22.276762,24.879763,24.661966,23.177637,21.602861,21.951036,21.491282,18.503283,20.290731,17.024734,19.727333,21.101711,19.640041,16.731583,20.001297,13.793239,17.088266,15.2837715,18.420118
16,21.960613,20.325075,16.811068,14.209891,13.035954,9.016585,10.25643,5.7053103,7.1148562,8.096784,10.540604,14.550214,12.638748,10.207685,7.0462785,4.3750896,0.0,4.4304523,6.433487,10.895167,12.535088,17.58479,19.741167,21.816893,24.438005,23.533472,23.78555,19.379654,16.729397,15.260924,11.322385,9.555066,7.7508316,4.5772357,8.234074,9.197683,12.337671,12.3695965,9.505725,8.555818,11.767897,12.932602,11.579569,15.441514,18.953375,19.136744,23.30981,22.966845,26.858362,29.46685,29.442806,24.22518,28.347237,27.212412,22.708504,23.44495,20.104685,19.624603,23.576666,21.377613,18.556463,23.108356,22.748983,25.568869,26.412275,29.789644,31.922394,31.109003,28.889675,26.910582,26.073978,28.160723,24.250822,28.10512,25.132286,27.983963,27.722265,25.946754,27.63378,25.843245,20.81663,18.959757,14.647074,13.759633,14.144372,11.963203,15.743489,14.399475,18.078451,20.213102,22.873674,23.262854,21.864712,20.678816,21.431524,22.244267,19.24627,22.063782,19.288212,22.655844,24.326385,22.547176,19.438478,21.588299,15.057467,17.441853,14.769399,17.199833
17,21.26005,18.889841,16.308912,12.657004,11.125113,8.818657,8.030661,6.496657,5.0493026,9.684333,10.237443,14.820063,14.172166,11.795723,10.20966,5.8314004,4.4304523,0.0,4.530833,7.7545333,10.535171,14.677238,17.20583,19.336695,22.03407,20.72188,20.249746,15.972427,12.807646,12.353285,7.231992,7.7045903,7.35015,7.5008254,10.059772,12.342115,15.283057,14.21329,11.5656595,9.554644,11.093503,10.851266,8.77963,11.542766,15.598319,15.215174,19.68676,19.027735,22.883522,25.293856,25.24238,19.933468,24.370775,23.31395,19.062475,20.185965,16.523403,16.627617,20.821777,18.293926,15.220357,19.355772,18.615952,21.566095,22.176237,25.905903,27.937721,27.521648,25.17934,22.899815,21.747581,23.936789,20.126892,24.133392,21.486523,24.533186,24.750061,23.417974,25.594795,24.327164,19.469358,16.975523,12.810168,10.873597,10.484086,8.222809,11.388688,10.451495,14.236794,16.625462,19.430809,19.632202,18.618084,17.670643,17.840115,19.40909,15.585032,19.031845,16.198082,20.117315,22.375143,21.02882,18.027754,19.890215,13.493868,16.142923,13.053474,16.077541
18,16.946901,14.918028,12.541218,8.748927,8.269544,5.8627872,7.4709744,8.22637,8.281294,13.039908,14.746868,19.1929,18.320284,15.795997,13.405743,9.682859,6.433487,4.530833,0.0,4.81195,6.2937584,11.243957,13.390113,15.480617,18.108341,17.281622,17.534983,13.225796,11.019837,9.4771385,6.9541016,5.3348293,9.453637,8.062942,11.753472,14.235709,16.125086,15.160596,11.442582,8.116719,11.60395,9.845179,9.686134,11.588193,13.937206,13.856692,17.720007,17.110836,21.219898,23.934982,24.38239,19.663418,23.875254,23.777672,19.557089,21.271255,18.260792,19.113762,23.75822,21.594847,18.432535,22.17413,20.719099,23.736332,23.185003,27.650406,28.766647,29.19767,27.163069,24.79868,22.88799,25.652046,22.162123,26.270412,24.129663,27.07963,27.825447,26.620314,29.106857,28.27855,23.633257,21.152256,17.05611,14.818361,13.549477,11.32608,12.254762,9.467732,13.230137,14.626014,17.666016,18.76549,18.192581,17.957897,18.339981,21.537527,17.602066,21.98927,19.597828,23.922487,26.41759,24.985012,21.943426,22.960588,16.633068,18.409704,14.608626,16.767668
19,15.184541,12.18087,11.325493,6.484262,5.8657413,7.13888,6.618092,10.970713,9.924209,16.12059,17.436914,21.71225,21.806807,19.542803,17.563398,13.558393,10.895167,7.7545333,4.81195,0.0,4.766409,6.9329705,10.180763,11.696028,14.804493,14.022129,13.283289,9.51714,7.1108766,7.461322,5.705224,7.2305894,12.968494,12.809554,16.05251,18.879072,20.684685,19.30346,15.72946,12.013789,14.411203,10.972424,10.926378,10.167355,11.900364,10.70597,14.526579,12.868041,17.340487,19.695518,20.713865,16.346718,21.08979,21.739326,18.184254,20.676315,17.62007,19.431225,24.1466,21.652336,18.369356,20.94568,18.62814,21.432022,19.785114,24.792036,25.14192,26.369507,24.579508,22.150648,19.686295,23.024826,20.155186,24.483992,23.134579,26.292694,27.735733,27.161238,30.10887,29.787952,25.41116,22.377357,18.735853,15.628936,13.604058,11.057069,9.435649,5.379058,8.8884,9.875435,13.093812,14.495392,14.554026,15.032874,15.03123,19.836702,15.508409,20.806467,18.98396,23.78846,26.74834,25.5248,22.656477,22.73974,17.016167,18.278479,14.068395,16.043863
20,12.498229,10.760787,10.346434,5.9852524,7.952019,8.123839,10.553056,13.879895,13.842203,19.179003,20.69833,25.27323,24.540085,21.857166,19.57784,15.840863,12.535088,10.535171,6.2937584,4.766409,0.0,6.538086,7.309695,9.777469,11.907183,11.484007,12.747953,8.684559,8.590614,5.677345,8.383354,6.2394967,13.878503,12.913102,16.293291,19.21641,19.98042,18.649727,14.639452,10.489181,13.980534,10.044684,11.923937,11.725867,11.1889105,11.404954,13.896665,13.49579,17.570723,20.64331,21.657156,18.087816,21.689054,22.956923,19.186062,21.699007,19.662254,21.556623,26.541424,24.857563,21.72046,24.752193,22.470652,25.581026,23.622198,29.058119,29.015266,30.769217,29.008867,26.347797,23.327568,26.584223,23.636654,27.625038,26.297174,29.0077,30.552721,29.692265,32.666138,32.616898,28.427547,25.85805,22.040636,19.36541,17.039368,15.452843,13.624247,9.523385,12.468327,12.117652,15.489336,17.765505,18.304064,19.218332,19.296394,24.553476,20.176071,25.528477,23.5279,28.26555,31.203682,30.033691,27.116058,27.390171,21.498463,22.65906,18.3905,19.856188
21,11.7171755,8.2659645,10.626332,6.41711,7.851347,11.522998,11.54843,17.25804,16.431551,22.730576,24.189943,28.351028,28.72032,26.452429,24.38713,20.472803,17.58479,14.677238,11.243957,6.9329705,6.538086,0.0,5.323008,5.056002,8.789453,9.051095,8.030147,6.272315,6.875447,7.9749913,10.632383,11.891886,19.103132,18.930002,22.175707,25.194315,26.339096,24.804619,21.022621,16.912521,19.32492,14.623564,15.82431,13.071345,11.899587,10.226881,12.020772,9.32621,13.951105,16.085863,18.312136,15.667442,19.983496,22.286427,19.73545,23.050531,20.859055,23.63513,28.400438,26.159021,23.001825,24.415134,21.184849,23.650423,20.201889,25.983002,24.738125,27.487448,26.260498,23.828033,20.360582,24.346203,22.493484,26.649946,26.380106,29.363579,31.629257,31.568636,34.936295,35.272655,31.308804,28.106127,24.847118,21.395906,18.72765,16.59097,12.47808,7.814536,8.637558,6.5667224,9.802933,12.805329,14.30778,16.235565,15.980344,22.897072,18.647144,24.65267,23.568048,28.607376,31.902655,30.851303,28.18013,27.260038,22.327631,22.73448,18.352446,19.343693
22,11.962246,10.38345,13.212511,9.694264,12.273795,14.569638,15.988036,20.727188,20.094028,26.086899,26.975788,31.638678,31.319036,28.59305,26.753532,22.720901,19.741167,17.20583,13.390113,10.180763,7.309695,5.323008,0.0,4.7849474,4.8977113,4.6251893,7.2480364,5.222335,8.654401,6.7720056,12.558409,11.97635,19.854794,19.881319,22.65481,25.965727,26.216177,24.40332,20.728266,16.599257,18.757196,13.648163,16.198797,13.703683,10.200342,10.234785,10.066891,9.790212,13.147675,16.347313,18.057596,16.391922,18.993753,21.87861,19.228334,22.504576,21.497807,24.387749,29.337732,28.053146,25.116276,27.082687,24.070745,27.067093,23.756529,29.965101,28.720304,31.921864,30.438774,27.497189,23.414768,26.940855,24.839811,28.441135,28.157122,30.53694,32.944397,32.632103,36.075565,36.87067,33.26778,30.54602,27.217012,24.147856,21.037952,20.162754,16.122808,12.183744,13.399634,11.138704,14.341611,17.513308,19.456375,21.47369,20.89889,27.814306,23.070372,29.011168,27.426935,32.381374,35.752224,35.011906,32.348457,32.026344,26.822044,27.636232,23.264767,24.403358
23,9.557264,7.1738286,11.45399,9.061408,11.535578,14.98708,16.032064,21.625017,21.279982,27.30283,29.104557,33.290356,33.457287,31.081589,28.751572,25.03181,21.816893,19.336695,15.480617,11.696028,9.777469,5.056002,4.7849474,0.0,4.8848033,7.4399743,7.9842052,8.315556,10.925264,10.923796,15.312098,15.512482,23.262308,22.650785,26.010532,28.989944,29.583109,28.147299,24.18172,19.996466,22.83428,17.901714,19.928247,17.091055,14.340742,13.27795,13.2211895,11.001797,14.767362,16.860023,19.664251,18.416454,21.775757,24.97585,22.835953,26.328037,24.828535,27.838516,32.65749,30.753647,27.6884,28.908371,25.474316,27.82004,23.71326,29.669744,27.615625,31.051367,30.151007,27.789202,23.954405,28.049723,26.595232,30.505556,30.607939,33.35512,35.89325,35.890907,39.367973,39.96029,36.13952,33.03096,29.775734,26.376333,23.552025,21.639816,17.236748,12.735651,12.753715,9.567079,11.803377,15.5212145,17.480112,19.894203,19.781612,27.209711,23.220407,29.31885,28.4566,33.515266,36.85718,35.78498,33.12336,31.880919,27.114775,27.137756,22.730347,23.10861
24,11.958999,11.2165365,15.308046,13.005846,15.832327,18.529194,20.09311,25.171131,24.713726,30.69913,31.833065,36.419014,36.17455,33.465935,31.475174,27.559982,24.438005,22.03407,18.108341,14.804493,11.907183,8.789453,4.8977113,4.8848033,0.0,4.455407,7.9702005,8.729834,12.723028,11.405856,17.328003,16.725649,24.651278,24.469725,27.306957,30.560205,30.514637,28.770815,25.054296,20.966309,23.238958,18.087276,20.883259,18.015863,13.721106,13.728608,11.992229,11.639888,14.012125,16.80378,19.144703,18.89623,20.753765,24.486208,22.517284,25.977808,25.45468,28.612751,33.47691,32.32419,29.475178,30.959812,27.654972,30.394867,26.373293,32.701202,30.658691,34.529198,33.38382,30.557423,26.183496,29.87412,28.316877,31.719706,31.927164,34.159943,36.886158,36.782063,40.35233,41.403313,37.962486,35.192642,31.986872,28.819115,25.604275,24.70081,20.145514,16.215607,16.54228,13.437267,15.863529,19.475693,21.855812,24.334621,23.787258,31.289963,26.773924,32.865532,31.618336,36.62524,40.088066,39.357075,36.748577,35.98475,31.072819,31.498093,27.097984,27.770554
25,15.508832,14.230651,17.654205,14.256952,16.612736,19.082127,20.028027,24.844908,23.736877,29.958961,30.009497,34.861507,34.601433,31.74721,30.44815,26.134785,23.533472,20.72188,17.281622,14.022129,11.484007,9.051095,4.6251893,7.4399743,4.455407,0.0,5.8071094,5.8232555,10.293456,8.881785,15.063241,14.953118,22.471241,23.368109,25.497004,29.119379,29.08122,26.83411,23.611988,19.668238,20.641174,15.271541,18.003761,14.702619,9.762118,10.177613,7.757591,8.881839,10.576272,14.143182,15.63596,15.351669,16.58069,20.270844,18.340992,21.801126,21.686134,24.968067,29.756216,29.01228,26.362572,27.964197,24.860813,27.967617,24.396618,30.932972,29.408403,33.28198,31.710033,28.407755,23.742895,26.963753,25.173843,28.22119,28.417381,30.343689,33.158566,33.06644,36.707237,38.08854,35.00079,32.408092,29.419819,26.370125,22.84529,22.872255,18.172573,15.105298,15.825624,13.316071,16.320015,19.408657,22.026808,24.340727,23.17471,30.448914,25.301788,31.256382,29.602324,34.488995,38.061382,37.761536,35.30083,35.111908,30.206932,31.23091,26.960722,28.317848
26,17.491611,14.681815,18.291689,14.418076,15.620424,19.264387,18.413923,24.115604,22.246586,29.023224,28.753143,33.230576,33.864147,31.404854,30.424463,25.904547,23.78555,20.249746,17.534983,13.283289,12.747953,8.030147,7.2480364,7.9842052,7.9702005,5.8071094,0.0,4.9066696,7.891663,10.102619,13.951302,16.25392,23.076378,24.62062,26.736444,30.395132,31.178608,28.816442,25.763151,21.814758,22.123272,16.740118,18.102808,13.435568,10.11406,8.064332,6.6605663,3.8758378,6.7979083,9.246675,11.734352,11.4056,14.238864,18.006617,16.951147,20.811129,19.861197,23.518358,27.969238,26.486435,23.83037,24.264149,20.67415,23.279018,19.091215,25.648565,23.76438,27.969597,26.576736,23.408379,18.661543,22.243744,21.156925,24.41066,25.21548,27.533035,30.658861,31.171999,34.97007,36.37315,33.344265,30.246141,27.715103,24.186651,20.666876,20.3157,14.633338,12.198324,11.768696,9.166599,11.879207,14.556437,17.684755,20.244038,18.562464,26.226017,21.130272,27.15564,26.015602,30.9271,34.652752,34.507057,32.29741,31.58626,27.423403,28.270746,24.220604,25.712921
27,16.602568,14.0376425,16.434053,11.935946,13.201744,15.852559,15.524028,20.413084,18.640602,25.180723,24.743425,29.498442,29.64603,26.984713,26.051987,21.490973,19.379654,15.972427,13.225796,9.51714,8.684559,6.272315,5.222335,8.315556,8.729834,5.8232555,4.9066696,0.0,4.482722,5.224751,9.70067,11.402641,18.295885,19.896078,21.87333,25.572987,26.294691,23.912008,20.895988,17.001877,17.289274,11.929734,13.499617,9.546279,6.358547,5.144793,5.8434987,5.445488,8.974748,12.376277,13.448867,11.213669,14.23778,16.89666,14.52892,18.05572,16.89726,20.147367,24.924122,23.629372,20.837742,22.413765,19.370787,22.56746,19.522142,25.921724,25.108938,28.378725,26.533266,23.167622,18.795357,22.012335,19.897568,23.324274,23.25071,25.575867,28.21475,28.203722,31.820032,32.94148,29.686014,26.853285,23.955524,20.718187,17.226238,17.16516,12.415928,9.79869,11.015769,9.579809,13.184043,15.524856,17.855917,19.768614,18.322638,25.123531,19.726786,25.575577,23.792088,28.66867,32.241077,32.009296,29.612782,29.625587,24.794987,26.145435,22.04151,23.947664
28,18.320448,15.059758,16.45379,11.5107765,11.509289,14.17852,12.464574,17.323162,14.89843,21.68272,20.877686,25.455544,26.042984,23.635538,22.998707,18.313667,16.729397,12.807646,11.019837,7.1108766,8.590614,6.875447,8.654401,10.925264,12.723028,10.293456,7.891663,4.482722,0.0,5.8455515,6.1843476,10.184199,15.876545,17.991112,19.844484,23.45975,24.890743,22.521828,19.746874,16.093151,15.876628,11.061123,11.105954,6.7375326,7.0218844,4.0750155,8.071597,6.2492776,10.3647995,12.936637,13.638205,9.675351,14.306276,15.760075,13.11651,16.459394,14.124758,17.192698,21.858786,19.900354,16.934305,18.442715,15.4667845,18.6709,16.219486,22.32479,22.211172,24.793844,22.732151,19.404215,15.508281,18.732136,16.318998,20.181845,19.809734,22.583881,24.981602,25.05328,28.590492,29.384937,25.919794,22.810719,19.99552,16.52882,13.169399,12.786242,7.9890413,6.0347085,7.933018,8.1310625,11.856768,13.231453,15.071097,16.478456,14.830628,21.024984,15.452755,21.190678,19.322393,24.213556,27.770912,27.544619,25.193596,25.339645,20.599905,22.222834,18.324438,20.72134
29,16.694883,14.825163,15.658768,11.027477,12.416071,13.272732,14.061652,17.42786,16.063633,21.94408,21.446117,26.506443,25.88099,22.923178,21.948687,17.4655,15.260924,12.353285,9.4771385,7.461322,5.677345,7.9749913,6.7720056,10.923796,11.405856,8.881785,10.102619,5.224751,5.8455515,0.0,7.0040755,6.405165,13.643591,15.083554,16.908922,20.633217,21.118868,18.761631,15.709455,11.86719,12.406215,7.148206,9.480628,7.7400312,5.541921,6.7341876,8.871431,10.173769,13.273805,16.979733,17.112337,13.771099,16.39986,17.792135,14.092523,16.834063,15.614859,18.058128,23.107338,22.174015,19.331356,22.312819,20.074469,23.718786,21.915796,27.887928,28.037407,30.359812,28.162048,24.758749,20.980587,23.682526,20.613771,24.025703,22.949629,25.148325,27.1048,26.394814,29.681908,30.41849,26.90757,24.535843,21.157734,18.494274,15.2671,15.569526,12.667427,10.124705,12.924663,12.610414,16.402695,18.401337,19.837261,21.021284,20.00207,25.586065,20.193033,25.570538,23.118746,27.788197,31.065708,30.685263,28.083998,28.937185,23.394981,25.250282,21.207642,23.417427
30,20.3526,17.49107,16.987844,12.1102915,11.352683,11.865954,10.20653,12.857716,10.158995,16.440805,15.064091,19.966396,20.054157,17.499735,17.169699,12.320918,11.322385,7.231992,6.9541016,5.705224,8.383354,10.632383,12.558409,15.312098,17.328003,15.063241,13.951302,9.70067,6.1843476,7.0040755,0.0,6.448221,10.014289,12.687773,14.137136,17.673822,19.584127,17.28353,14.864438,11.79642,11.121547,7.7765927,6.134832,4.974045,8.970631,8.014758,12.657863,12.257224,15.752121,18.38479,18.121737,13.024962,17.354746,16.98549,13.066948,15.205436,11.991452,13.770243,18.565699,16.509018,13.361053,16.612423,14.876435,18.460527,18.001003,23.099028,24.439857,25.51524,22.989506,19.77504,17.095121,19.476452,15.890808,19.799898,18.0634,20.923004,22.318678,21.657665,24.734285,24.832273,20.880573,18.06062,14.670132,11.672427,8.791486,8.669233,7.3567905,6.7633615,10.495206,12.364984,15.8090925,16.35327,16.841806,17.02794,15.869793,19.823343,14.367451,19.15511,16.375618,20.945372,24.116596,23.738817,21.184217,22.501451,17.002066,19.5021,15.953534,19.053253
31,18.341055,16.926306,15.657365,11.528201,12.254657,10.559658,12.35282,13.124468,12.464746,17.029037,16.803766,21.946278,20.459251,17.302916,16.069124,11.871117,9.555066,7.7045903,5.3348293,7.2305894,6.2394967,11.891886,11.97635,15.512482,16.725649,14.953118,16.25392,11.402641,10.184199,6.405165,6.448221,0.0,8.031605,8.719298,10.736947,14.278205,14.995705,12.987548,9.6646185,5.9188514,7.784592,4.818638,6.594982,9.144545,10.204636,11.61498,14.78513,15.896255,19.156235,22.625729,22.346706,18.003942,20.896296,20.854952,16.27955,17.834099,15.951311,16.979021,21.939499,20.960505,18.094185,22.401005,21.133839,24.831863,24.37798,29.490055,30.652767,31.715508,29.299915,26.201645,23.4781,25.731577,21.915749,25.410349,23.240547,25.512274,26.459084,25.006207,27.680288,27.56769,23.535488,21.632376,17.676184,15.84174,13.611438,13.687268,13.662995,11.590925,15.384499,16.252108,19.828444,21.24319,21.54291,21.771288,21.378212,25.161283,20.290564,24.783367,21.81476,26.045338,28.781519,28.042498,25.224064,26.933184,20.760109,23.07927,19.381517,21.846678
32,25.605755,24.051352,21.788877,18.056692,17.564291,14.742125,15.292989,12.7620945,11.587287,13.691349,11.04015,16.390003,13.920657,10.370218,11.056806,6.919817,7.7508316,7.35015,9.453637,12.968494,13.878503,19.103132,19.854794,23.262308,24.651278,22.471241,23.076378,18.295885,15.876545,13.643591,10.014289,8.031605,0.0,6.3756995,4.5442405,8.445879,10.439641,7.9745097,7.2923436,7.320986,4.9038506,8.117641,6.0877523,11.747603,15.351992,16.624992,20.445013,21.747305,24.507736,27.66308,26.448627,21.308952,24.001871,22.117365,17.232197,17.10327,14.704198,13.6638155,17.781286,17.159044,14.866684,20.549585,20.88452,24.621628,26.196835,30.119585,32.7731,32.478928,29.549685,26.536488,24.98029,26.032598,21.493393,24.400604,21.028448,22.96063,22.591988,20.305574,22.104431,21.17613,16.976871,16.069706,11.957478,11.95983,11.239172,12.724257,15.841299,15.972742,19.903954,21.995398,25.285412,25.63643,25.218441,24.447613,23.958048,25.211596,20.719084,23.428787,19.604574,22.672102,24.714996,24.26552,21.66684,25.099216,19.0465,22.500702,19.99393,23.266699
33,22.536821,21.69569,18.375685,15.859891,15.6867075,11.3522415,14.002959,10.141304,11.453904,11.970619,13.1347885,17.520372,14.447215,11.307829,8.862014,6.7968936,4.5772357,7.5008254,8.062942,12.809554,12.913102,18.930002,19.881319,22.650785,24.469725,23.368109,24.62062,19.896078,17.991112,15.083554,12.687773,8.719298,6.3756995,0.0,5.0546875,6.4461846,8.308084,8.360512,4.991699,5.0620747,9.12503,11.360727,11.13621,15.999855,18.594929,19.787197,23.392874,24.10548,27.583488,30.745937,30.354025,25.41933,28.60646,27.495659,22.650642,23.045942,20.59362,19.910961,24.01694,22.843252,20.279812,25.471348,25.306873,28.597885,29.459127,33.29436,35.39726,34.970943,32.54946,30.139715,28.784843,30.6031,26.400936,29.84777,26.69876,29.007008,28.665373,26.451077,28.037745,26.542303,21.903685,20.81661,16.481915,16.231607,16.096651,15.360329,18.55049,17.086445,20.97026,22.6439,25.679533,26.499464,25.55209,24.70524,25.201649,26.52797,23.02018,25.971087,22.80685,26.042625,27.730127,26.316275,23.332827,25.961597,19.474411,22.012983,19.277018,21.596525
34,26.938265,26.017883,23.116594,20.127892,19.88356,16.055506,17.753828,13.8103,13.951839,13.993514,12.44343,17.128338,13.373423,9.718865,9.76935,7.624798,8.234074,10.059772,11.753472,16.05251,16.293291,22.175707,22.65481,26.010532,27.306957,25.497004,26.736444,21.87333,19.844484,16.908922,14.137136,10.736947,4.5442405,5.0546875,0.0,4.256549,6.012038,4.482603,4.6307526,7.1365857,6.854997,11.248492,10.383606,16.134687,19.101265,20.755484,24.279991,25.774586,28.609491,31.925741,30.779503,25.763155,28.194542,26.321074,21.353252,20.89205,18.9127,17.415237,21.068089,20.788925,18.773956,24.626684,25.213022,28.810326,30.521503,34.200893,36.92822,36.327225,33.487274,30.714846,29.408978,30.437874,25.864176,28.653006,25.060026,26.77802,25.952473,23.261095,24.472998,23.045984,18.860964,18.689108,14.6261015,15.454939,15.438428,16.415993,20.038473,19.702337,23.666872,25.612177,28.834843,29.351326,28.632233,27.686083,27.639397,28.398407,24.475267,26.7935,23.03425,25.6763,27.21221,26.432217,23.77581,27.44906,21.287048,24.566395,22.305305,25.20533
35,28.78581,28.107393,24.576277,22.265574,21.839615,17.412231,19.432272,14.230794,15.298039,13.295928,12.91594,16.563053,11.969222,8.784184,8.036207,8.368768,9.197683,12.342115,14.235709,18.879072,19.21641,25.194315,25.965727,28.989944,30.560205,29.119379,30.395132,25.572987,23.45975,20.633217,17.673822,14.278205,8.445879,6.4461846,4.256549,0.0,4.5823965,6.032183,6.6740165,9.922717,11.043062,15.387988,14.481,20.122248,23.218882,24.708145,28.33773,29.534374,32.603916,35.804867,34.823627,29.69237,32.372215,30.393343,25.47114,24.870884,22.690071,20.854223,24.03061,23.519741,21.63905,27.433798,28.249002,31.540586,33.50026,36.693306,39.599617,38.476765,35.769726,33.390823,32.583786,33.62479,29.092741,31.940996,28.167145,29.9628,28.716688,25.87564,26.5695,24.474203,20.131718,20.29593,16.356516,17.696293,18.47588,18.740372,23.074656,22.605114,26.497053,28.557032,31.554811,31.968092,30.803425,29.533058,29.919458,29.85823,26.675154,28.4308,24.84957,27.03499,28.024672,26.836319,24.166584,27.978962,21.922295,25.00794,23.2032,25.793444
36,29.034834,29.01118,25.70613,23.581007,23.850266,19.331165,22.28325,17.71105,18.97318,17.601913,17.254581,21.099794,16.422205,13.206893,12.456754,12.440287,12.337671,15.283057,16.125086,20.684685,19.98042,26.339096,26.216177,29.583109,30.514637,29.08122,31.178608,26.294691,24.890743,21.118868,19.584127,14.995705,10.439641,8.308084,6.012038,4.5823965,0.0,4.0457525,5.4958615,9.631943,11.0324135,15.542474,15.821875,21.564459,23.606567,25.78946,28.792313,30.696806,33.468548,37.063786,35.9538,31.226255,33.158375,31.463125,26.418333,25.728819,24.409107,22.738087,26.098047,26.35531,24.576763,30.542288,31.22002,34.81134,36.44835,40.13883,42.77553,42.128464,39.375416,36.70119,35.371037,36.41974,31.816483,34.444733,30.758575,32.162357,31.07956,28.053942,28.80466,27.189518,23.341621,23.851866,19.99499,21.26941,21.432243,22.222715,25.810364,24.939795,28.900232,30.50311,33.724762,34.569065,33.746525,32.8138,33.115105,33.799767,30.232838,32.430695,28.756926,31.12857,32.294468,31.282978,28.62271,32.341858,26.161646,29.120462,26.96414,29.362331
