,0,1,2,3,4,5,6,7,8,9,10,11,12,13,14,15,16,17,18,19,20,21,22,23,24,25,26,27,28,29,30,31,32,33,34,35,36,37,38,39,40,41,42,43,44,45,46,47,48,49,50,51,52,53,54,55,56,57,58,59,60,61,62,63,64,65,66,67,68,69,70,71,72,73,74,75,76,77,78,79,80,81,82,83,84,85,86,87,88,89,90,91,92,93,94,95,96,97,98,99,100,101,102,103,104,105,106,107
0,0.0,4.6759114,6.9081397,9.435102,12.311305,14.820002,17.90758,19.806238,23.78902,26.239985,30.189077,33.43473,30.425352,29.027063,23.939373,22.898409,17.66548,18.691235,15.015464,14.862092,14.866954,12.01174,13.767759,17.775106,18.091345,20.477135,20.118942,21.155048,23.651363,23.243052,28.784075,28.793396,33.01124,33.013092,37.041695,39.020428,41.323715,44.199833,39.87663,36.269375,36.738697,33.85808,32.226284,28.641684,29.685741,25.043951,26.833555,28.272675,30.981564,32.229237,34.36228,34.17295,38.72456,40.36337,41.112404,40.12663,39.003933,41.049534,44.65442,42.677654,42.38253,37.73563,38.82596,35.57507,38.430904,32.36709,36.32241,33.414448,30.012657,31.008183,31.136913,34.881256,35.98524,33.661976,38.083652,36.19564,41.899796,40.159176,43.330715,46.15356,44.67614,41.833385,37.37158,34.828037,31.302763,31.022017,26.554916,27.502611,22.844015,23.702557,22.80338,21.823038,19.962582,17.503475,20.962639,19.507357,24.632143,21.917273,27.53594,28.839483,30.395956,33.953606,32.299828,38.264664,34.04347,38.356804,38.973946,41.418697
1,4.6759114,0.0,4.8603783,5.850102,8.23791,11.659797,14.08987,16.970575,20.419003,23.176105,27.06572,30.623363,28.125692,26.8028,21.889881,20.353455,15.685567,15.664758,13.322387,11.935172,13.511683,10.614929,13.709811,16.854128,16.636349,18.961124,17.44077,18.818583,20.775318,21.293438,26.180508,27.103947,30.598776,31.454254,35.119953,37.058754,39.152084,41.944603,37.422905,33.76987,34.39389,30.980185,29.64583,25.673088,27.191742,22.031633,24.002625,26.01291,28.798355,30.110014,31.936146,31.811895,36.632305,37.737606,38.95417,37.763783,36.305935,38.17842,41.564114,39.358345,39.151833,34.170494,35.216145,31.995476,34.783993,29.029192,32.632484,29.84322,26.38971,27.087057,27.12462,30.718029,31.799728,29.53991,33.969315,32.155323,37.869534,36.178635,39.55877,42.277462,41.03284,38.243145,33.76612,31.11532,27.42538,26.982576,22.571012,23.347391,18.82639,19.595064,19.092976,18.09329,15.994375,13.263543,16.496498,14.904764,20.030243,17.343538,23.028744,24.441954,26.18032,29.588694,27.83193,33.815212,29.636108,33.865967,34.65689,37.012196
2,6.9081397,4.8603783,0.0,5.124827,6.7045484,8.354982,11.641429,13.094155,17.338928,19.511328,23.772106,26.787115,24.179518,23.141096,17.889545,17.196789,12.568938,13.652128,11.440714,12.072931,14.320751,12.509114,15.421148,18.779821,19.199154,20.976044,18.918264,19.3527,20.601961,20.789114,24.555798,24.997337,28.234993,28.742191,32.64074,34.142483,36.663307,39.801025,35.600285,32.147114,33.421165,30.01746,29.576918,25.6765,27.952402,23.10295,26.20141,28.256817,31.459099,32.13075,33.562695,32.986084,37.70077,38.685524,39.506622,37.83839,36.44905,37.897083,41.496094,39.138836,39.7609,34.453606,36.250538,33.397907,36.585907,31.514418,35.03415,32.666718,29.144936,29.41981,28.825645,32.353737,32.933796,30.066204,34.262444,31.840467,37.401936,34.81812,38.30108,40.680058,38.932484,35.809402,31.272463,29.154457,25.68294,25.950592,21.302513,23.400549,19.30106,20.980265,21.248735,20.84928,18.891848,15.9802885,18.423126,15.681242,20.70707,16.738499,22.470709,22.970259,24.148535,28.015697,26.769257,32.80608,29.228437,33.773315,34.78189,37.561974
3,9.435102,5.850102,5.124827,0.0,3.6930602,6.607393,8.951818,12.140471,14.984743,18.106743,21.536518,25.456852,22.884485,21.36735,16.817717,14.710874,10.41604,9.833753,8.4614,7.2001634,10.489433,8.943865,12.652834,15.037329,15.178689,16.71838,14.011809,14.627602,15.779711,16.558624,20.55397,21.805252,24.869865,26.106339,29.57135,31.459295,33.47864,36.290672,31.781174,28.17614,29.129591,25.537695,24.821617,20.775635,23.049305,18.028101,21.282269,23.493332,26.797905,27.346834,28.61775,28.072933,32.89092,33.68435,34.743477,33.11301,31.585836,33.124367,36.610634,34.282417,34.69187,29.44825,31.158434,28.309914,31.58786,26.67547,30.314228,28.180748,24.637547,24.862663,24.010462,27.68954,28.156513,25.223522,29.464806,27.17813,32.814278,30.755245,34.043495,36.74632,35.33694,32.56082,28.116081,25.449902,21.87467,21.670567,17.145607,18.661417,14.347542,16.137508,16.418844,16.440647,15.005496,12.6410265,14.761483,11.729233,16.722971,13.495079,18.627874,19.9524,21.509123,24.925776,23.286514,29.146357,25.01129,29.570698,30.221632,33.06299
4,12.311305,8.23791,6.7045484,3.6930602,0.0,4.704411,5.8979383,9.93784,12.463476,15.533457,19.23701,23.081959,21.20763,20.07993,15.6157875,13.606417,10.513817,9.135375,10.018541,8.536118,13.113799,11.979122,15.917553,17.708647,17.554644,18.875982,15.210147,15.841339,15.998582,17.62922,20.174343,22.124374,24.185596,26.08992,29.260592,30.819994,32.850246,35.73394,31.238226,27.74091,29.147457,25.044428,25.061237,20.72858,23.719606,18.438364,22.012245,24.710249,28.017029,28.5306,29.409489,28.838213,33.77233,34.013165,35.392517,33.445957,31.630283,32.804993,36.086906,33.461178,34.25956,28.569305,30.439035,27.772936,30.983147,26.659876,29.732706,27.808315,24.304344,24.059612,23.013775,26.350258,26.670801,23.687208,27.809217,25.395563,30.947227,28.497059,32.156555,34.507904,33.131645,30.2038,25.688087,23.241413,19.538385,19.523016,14.951684,16.950443,13.226078,15.170599,16.29518,16.366337,14.632472,11.930496,13.219068,9.568838,14.371045,10.287463,15.789256,16.629902,18.139029,21.689007,20.210125,26.211555,22.53126,27.076641,28.157162,30.97674
5,14.820002,11.659797,8.354982,6.607393,4.704411,0.0,4.148053,5.543542,9.007328,11.611867,15.514152,18.995193,16.73531,15.725037,10.983678,9.652615,6.959476,6.9885507,8.493083,9.708534,14.113279,14.112366,17.442348,19.349771,19.889702,20.620682,16.901707,16.34877,15.765741,16.766994,17.944168,19.263464,21.06019,22.561264,25.943754,27.099394,29.541887,32.75791,28.633308,25.379833,27.436975,23.532545,24.484184,20.484863,24.100887,19.5687,24.170738,26.633066,30.284145,30.066196,30.571484,29.496065,34.148563,34.38425,35.195457,32.804844,31.175327,31.91552,35.457077,32.78794,34.454773,28.65587,31.367094,29.177994,32.819157,29.234962,32.358585,30.92691,27.460447,26.939304,25.222845,28.504894,28.217787,24.5536,28.273687,25.174223,30.435734,27.063154,30.628887,32.710434,30.725384,27.494452,22.952024,21.066711,17.7755,18.673212,13.969548,17.605297,14.584661,17.521357,19.143822,19.897612,18.63708,16.233892,16.87824,12.545486,16.605837,11.661238,16.303413,16.121231,16.81799,20.786676,19.934914,25.73204,22.671497,27.532368,28.607807,31.947395
6,17.90758,14.08987,11.641429,8.951818,5.8979383,4.148053,0.0,5.927516,6.7563004,10.085086,13.564536,17.576315,16.329002,15.501998,11.760404,9.587055,9.110393,6.8282356,10.866248,10.387689,15.678249,15.806875,19.507685,20.532175,20.588566,21.124537,16.54525,16.282032,14.796255,17.000795,16.930267,19.533869,20.124102,22.798817,25.500185,26.582304,28.635483,31.642553,27.347122,24.134666,26.338593,21.838652,23.246822,18.952606,23.08142,18.298004,22.967516,25.880941,29.435246,29.244719,29.366615,28.380823,33.151432,32.773235,34.086407,31.522076,29.533197,30.013699,33.212738,30.287998,32.096542,25.96503,28.660126,26.639883,30.15365,27.198292,29.785866,28.64667,25.297588,24.355879,22.408287,25.354479,24.903337,21.255316,24.849436,21.775482,26.9809,23.592627,27.462091,29.381647,27.717266,24.570997,20.009043,17.967106,14.409066,15.176708,10.550127,14.349308,12.079882,15.065409,17.40237,18.335249,17.1507,14.96019,14.621257,9.938417,13.224919,7.972319,12.2760935,12.007693,12.920617,16.744043,15.804051,21.659819,18.750095,23.558628,24.881,28.16708
7,19.806238,16.970575,13.094155,12.140471,9.93784,5.543542,5.927516,0.0,5.549368,6.4872713,11.08994,13.71564,11.818609,11.613029,6.8891606,7.402997,7.8055496,8.7044115,11.623742,14.039142,18.369753,19.075222,22.05816,23.717354,24.512169,24.768763,20.73694,19.46156,17.798985,18.727736,17.428083,18.539204,18.999014,20.553883,23.756582,24.088118,26.952435,30.51613,26.932869,24.168617,27.165285,23.247871,25.574583,21.910074,26.302584,22.433832,27.72355,30.21636,34.02362,33.258434,33.227398,31.76871,36.13628,35.992104,36.51493,33.576424,31.958214,32.00685,35.534863,32.67281,35.37603,29.342844,32.810013,31.212925,35.04865,32.498734,35.23207,34.328785,30.997978,30.013208,27.73853,30.627453,29.753353,25.633686,28.73523,25.03139,29.719954,25.173105,28.847364,30.26508,27.673944,24.012749,19.505062,18.653778,15.975749,18.017616,13.678286,18.863428,17.136982,20.59148,22.904768,24.069548,22.986694,20.69358,20.523026,15.852633,18.805624,13.234922,16.678587,14.971322,14.537602,18.865118,18.938026,24.30843,22.446383,27.353636,28.72573,32.408077
8,23.78902,20.419003,17.338928,14.984743,12.463476,9.007328,6.7563004,5.549368,0.0,4.383814,6.815764,11.1282835,10.29196,9.850329,7.8893814,6.193152,9.765324,8.244748,13.40511,14.568783,19.344383,20.582075,23.669498,24.24934,24.783571,24.539658,19.828537,18.38435,15.560816,17.464994,14.148365,16.743322,15.5143175,18.640623,20.833752,21.157572,23.431849,26.708582,22.96573,20.326874,23.609388,19.193716,22.344555,18.718481,23.725607,20.222473,25.850735,28.541246,32.324093,31.209251,30.596212,29.02251,33.27505,32.495945,33.287296,30.04569,28.156084,27.765352,31.006493,27.942806,31.10723,24.890623,28.712898,27.59046,31.488441,29.99406,32.310425,32.025494,28.922823,27.511915,24.667587,27.218803,25.822414,21.406979,24.035019,20.062578,24.448671,19.645485,23.3862,24.732618,22.289326,18.753311,14.193101,13.146527,10.526998,12.967691,9.102995,15.062913,14.637605,18.399843,21.326492,23.051205,22.534483,20.90161,19.740211,14.964634,16.535639,11.658187,12.970446,11.110343,10.403012,14.271758,14.474962,19.347708,17.718828,22.649748,23.922081,27.849842
9,26.239985,23.176105,19.511328,18.106743,15.533457,11.611867,10.085086,6.4872713,4.383814,0.0,5.5908904,7.6280575,7.7832246,8.881078,7.2549653,8.340794,12.211234,12.119108,16.494804,18.555405,23.079128,24.315735,27.240038,28.174568,28.899752,28.664782,24.118057,22.475027,19.63527,21.075886,16.985704,18.75888,16.89973,19.43891,21.646757,21.095467,23.904728,27.518785,24.454908,22.340975,26.202469,22.095337,25.878042,22.588879,27.700449,24.50581,30.211979,32.84977,36.66342,35.415497,34.692474,32.969707,37.01635,36.17477,36.702583,33.23117,31.461195,30.685217,33.891754,30.784357,34.51803,28.312065,32.415455,31.554008,35.425175,34.248974,36.35125,36.151287,33.097538,31.556095,28.686972,30.972094,29.42959,25.009777,27.232872,23.066748,26.875051,21.212095,24.992966,25.582685,22.556051,18.549173,14.198933,14.61125,12.877558,16.031185,12.832743,18.995365,18.951336,22.63124,25.64732,27.262037,26.52529,24.62335,23.450674,18.739756,20.139858,14.877046,16.131466,13.063011,11.301433,15.399075,16.5191,20.90179,20.494001,25.1671,26.790298,30.721037
10,30.189077,27.06572,23.772106,21.536518,19.23701,15.514152,13.564536,11.08994,6.815764,5.5908904,0.0,5.7584066,6.4042554,6.9353914,9.126965,8.82123,14.246757,13.427506,18.312683,20.158184,24.348827,26.237757,28.836624,29.013275,29.832947,29.02172,24.418177,22.263227,18.681898,20.180323,14.093939,16.370283,12.753618,16.296778,17.449463,16.643358,19.035013,22.49626,19.678352,18.026089,22.349531,18.405659,23.14571,20.515911,25.892801,23.72434,29.758219,32.17757,36.00693,34.148003,32.885803,30.857111,34.436615,33.254246,33.530796,29.72844,28.01576,26.688042,29.780212,26.703403,31.16404,25.208504,29.913973,29.70182,33.76255,33.621494,35.612892,36.066265,33.261436,31.51907,28.072552,30.153568,27.991932,23.196629,24.66183,20.116531,23.186377,17.056276,20.310822,20.815868,17.396439,13.44108,9.276475,10.227965,9.842476,13.648051,11.768256,18.098436,19.106577,23.032871,26.2074,28.412851,28.36483,27.13275,25.485912,20.863186,21.312534,17.19487,16.379179,13.709875,11.664867,14.47587,15.828486,18.877989,18.788992,23.317976,24.415104,28.732452
11,33.43473,30.623363,26.787115,25.456852,23.081959,18.995193,17.576315,13.71564,11.1282835,7.6280575,5.7584066,0.0,5.6960607,8.646097,10.960384,13.000602,17.9446,18.279127,22.459639,25.081945,29.127829,30.9189,33.410244,34.047863,35.04889,34.335835,29.901339,27.65645,24.258512,25.281805,19.131851,20.272995,16.527855,18.829079,20.009892,18.013271,21.064247,24.82945,23.082516,22.140272,26.85489,23.43718,28.489546,26.140583,31.472467,29.434572,35.481285,37.86794,41.72908,39.81921,38.53933,36.41028,39.790592,38.623604,38.609554,34.661118,33.129246,31.483538,34.48648,31.450813,36.358173,30.514683,35.34716,35.305298,39.287914,39.30102,41.11137,41.552452,38.75285,36.92669,33.557858,35.41603,33.22305,28.547312,29.701712,25.148983,27.57895,20.821827,23.944355,23.440674,19.4133,15.106466,11.943264,14.628196,14.985522,18.941744,17.325972,23.633835,24.670467,28.503845,31.723938,33.74129,33.384365,31.796743,30.230486,25.605442,26.137047,21.492496,21.097746,17.498606,14.764488,17.648657,19.785097,22.32415,23.461418,27.603405,29.100412,33.279667
12,30.425352,28.125692,24.179518,22.884485,21.20763,16.73531,16.329002,11.818609,10.29196,7.7832246,6.4042554,5.6960607,0.0,3.5601068,6.5874004,9.317141,13.939307,15.380516,18.49653,22.140377,25.416555,27.530397,29.493628,30.393845,31.849337,31.013887,27.1996,24.467707,21.544151,21.5149,16.09691,15.810295,13.485162,14.309075,16.582928,15.028483,18.696508,22.801428,20.931911,19.67746,24.171741,21.430458,25.950678,23.91355,28.854086,27.215487,33.462215,35.37667,39.412838,37.265568,36.26915,33.94807,37.181667,36.721928,36.076374,32.29258,31.191774,29.95954,33.54149,30.872648,35.470966,29.995804,34.919006,34.633987,38.95041,38.294643,40.868034,41.10338,38.121323,36.70902,33.356445,35.82784,33.758194,28.82795,30.41956,25.79905,28.785076,22.680014,25.21469,25.709402,21.627167,17.724531,14.387909,15.814472,15.842,19.481462,17.141012,23.420654,23.557787,27.689407,30.4081,32.56834,32.434692,30.924545,29.950153,25.162416,26.531517,21.891726,22.191236,19.595284,17.55404,20.743265,22.122765,25.256105,25.031197,29.647429,30.507929,34.93087
13,29.027063,26.8028,23.141096,21.36735,20.07993,15.725037,15.501998,11.613029,9.850329,8.881078,6.9353914,8.646097,3.5601068,0.0,5.6831393,6.9740415,11.754286,13.147527,16.019484,19.766508,22.645933,25.05207,26.75806,27.448511,29.047075,28.021091,24.44726,21.447683,18.605774,18.198328,12.897352,12.268581,10.539551,11.206254,13.863072,13.045273,16.582664,20.638823,18.375689,16.804544,21.072489,18.568914,22.8079,20.976934,25.723684,24.42655,30.748047,32.412853,36.49245,34.167984,33.21695,30.808298,33.9492,33.74122,32.88092,29.18882,28.241316,27.229004,31.040667,28.560268,32.934566,27.7043,32.64802,32.310146,36.773357,35.958824,38.866028,39.12378,36.1338,34.90302,31.486399,34.21671,32.144054,27.105791,28.829075,24.237667,27.45773,21.909197,24.070797,25.229023,21.349272,17.843779,14.449146,14.933052,14.838804,18.134485,15.691438,21.704645,21.56708,25.81221,28.276484,30.629332,30.805445,29.573046,28.748196,23.99232,25.513311,21.314535,21.489977,19.694927,18.136263,21.12552,22.003672,25.21392,24.174524,28.946018,29.338703,33.875977
14,23.939373,21.889881,17.889545,16.817717,15.6157875,10.983678,11.760404,6.8891606,7.8893814,7.2549653,9.126965,10.960384,6.5874004,5.6831393,0.0,5.112666,7.822109,10.493367,12.527851,16.774948,19.858908,21.67263,23.646418,25.126486,26.669271,26.213709,22.759142,20.253183,18.234962,17.797523,14.945406,14.2859335,14.66146,14.846734,18.402405,18.249317,21.714418,25.649343,22.83231,20.602629,24.17305,21.273865,24.391949,21.788336,26.23498,23.865187,29.85409,31.698559,35.76472,34.067596,33.697388,31.634253,35.30852,35.452328,34.949062,31.666956,30.590508,30.22272,34.12185,31.572458,35.114613,29.596243,33.923843,32.912937,37.220837,35.332664,38.44442,38.068363,34.83398,33.863678,30.982096,33.98889,32.499725,27.772337,30.26378,26.002556,30.048573,24.94598,27.742727,29.131971,25.715246,22.066051,18.059824,17.892754,16.513906,19.304707,15.6975155,21.504665,20.298271,24.340267,26.542318,28.383694,28.021374,26.272837,26.01802,21.243399,23.718172,18.82037,20.671448,18.9497,17.833284,21.642454,22.159105,26.511724,24.938046,29.926884,30.680185,34.917244
15,22.898409,20.353455,17.196789,14.710874,13.606417,9.652615,9.587055,7.402997,6.193152,8.340794,8.82123,13.000602,9.317141,6.9740415,5.112666,0.0,5.6883893,6.2147255,9.710866,12.876898,16.24604,18.356598,20.504627,21.23246,22.56342,21.878098,18.106213,15.554827,13.196339,13.296057,10.54189,11.2778845,11.873095,13.470944,16.582712,17.462725,20.055737,23.516193,19.878796,17.090014,20.167673,16.838465,19.57548,16.731384,21.246687,18.834568,24.913027,26.790318,30.847277,29.107405,28.658068,26.65958,30.488659,30.529879,30.32063,27.152075,25.89857,25.7849,29.668186,27.135286,30.277039,24.785181,28.975178,27.892002,32.25406,30.39789,33.628788,33.381775,30.202412,29.276308,26.263062,29.416931,27.903004,23.133062,25.778736,21.6628,26.037766,21.717266,24.369446,26.433512,23.59571,20.439075,16.30856,14.88589,13.047724,15.217122,11.498032,16.918665,15.6376505,19.810667,21.960588,24.10526,24.188892,22.947006,22.499964,17.797127,20.042065,15.99326,17.207117,16.578997,16.146727,19.439764,19.294153,23.644804,21.146051,26.220295,26.534077,30.801935
16,17.66548,15.685567,12.568938,10.41604,10.513817,6.959476,9.110393,7.8055496,9.765324,12.211234,14.246757,17.9446,13.939307,11.754286,7.822109,5.6883893,0.0,5.172489,4.727741,9.572686,12.157188,13.90592,15.863339,17.547499,19.148312,18.959103,16.048496,13.810519,13.155384,12.270858,13.347474,12.97182,16.009321,16.259697,20.142729,21.604122,24.2042,27.511442,23.688097,20.53831,22.61184,19.734282,20.821575,17.794691,21.262405,18.30827,23.79627,25.392393,29.413538,28.147062,28.449102,26.73625,30.778578,31.573143,31.299044,28.745865,27.71636,28.388802,32.452606,30.209124,32.348846,27.177021,30.663244,28.924686,33.160824,30.02079,33.827385,32.92425,29.537325,29.178677,26.792725,30.413486,29.52972,25.181002,28.486229,24.898802,29.82159,26.360163,28.980148,31.466745,28.959356,25.968122,21.780636,19.873566,17.456345,18.743305,14.455674,18.601973,15.798928,19.538748,20.83087,22.506334,22.328575,20.826908,21.404417,17.012531,20.49768,16.499844,19.303606,19.441078,19.679783,23.227083,22.533539,27.527248,24.216988,29.303032,29.512074,33.458458
17,18.691235,15.664758,13.652128,9.833753,9.135375,6.9885507,6.8282356,8.7044115,8.244748,12.119108,13.427506,18.279127,15.380516,13.147527,10.493367,6.2147255,5.172489,0.0,6.1174593,6.851477,11.155049,12.8111315,15.607969,16.075142,16.911873,16.61779,12.519624,10.8096,9.28995,10.411933,11.1859,13.259647,15.170755,17.34111,20.221518,22.072433,23.85046,26.66858,22.22321,18.763494,20.499868,16.705221,17.626041,13.878201,17.780529,14.107061,19.680643,21.801998,25.74517,24.677809,24.738626,23.26801,27.689005,27.90898,28.418179,25.886192,24.35921,25.098375,28.825352,26.361078,28.169756,22.685951,25.90386,24.087124,28.226109,25.336031,28.87224,28.136192,24.810333,24.241852,21.711504,25.26477,24.371765,20.09709,23.556395,20.203848,25.393389,22.549227,25.361221,28.111029,26.263132,23.619495,19.383598,16.649673,13.681528,14.231232,9.8523445,13.462071,10.709328,14.599373,16.267206,18.209705,18.320646,17.258211,17.224411,12.798054,15.780372,12.551147,14.665286,15.662915,16.500198,19.514297,18.3035,23.291595,19.430138,24.469307,24.584465,28.418188
18,15.015464,13.322387,11.440714,8.4614,10.018541,8.493083,10.866248,11.623742,13.40511,16.494804,18.312683,22.459639,18.49653,16.019484,12.527851,9.710866,4.727741,6.1174593,0.0,6.271212,7.5564103,9.406924,11.138739,13.004674,14.763324,14.758226,12.638508,10.6697445,11.51121,10.082466,14.187891,13.879085,18.122524,18.269386,22.065516,24.256893,26.339544,29.201788,25.016768,21.53826,22.558401,19.985914,19.588873,16.559895,18.974552,15.848039,20.723152,21.973904,25.9099,24.92266,25.739138,24.290794,28.440735,29.74513,29.541555,27.566689,26.66355,28.005466,32.08823,30.149042,31.342188,26.637238,29.490788,27.328888,31.446964,27.491373,31.793474,30.564774,27.145718,27.276709,25.282001,29.252321,28.76742,24.794497,28.462885,25.417814,30.64248,28.234436,30.585297,33.623062,31.60749,29.037292,24.942505,22.323187,19.63095,20.012852,15.802634,18.448545,14.710547,17.950697,18.37049,19.910622,19.989887,18.839323,20.054476,16.271694,20.196978,17.217924,20.259783,21.48341,22.36999,25.565147,24.269722,29.33366,25.150227,30.095772,29.894316,33.583775
19,14.862092,11.935172,12.072931,7.2001634,8.536118,9.708534,10.387689,14.039142,14.568783,18.555405,20.158184,25.081945,22.140377,19.766508,16.774948,12.876898,9.572686,6.851477,6.271212,0.0,5.6610756,6.365556,9.835584,10.151662,10.497622,10.9527,7.497222,7.471462,8.874676,9.896322,14.934967,16.851786,20.1697,21.93904,24.810091,27.396564,28.653652,30.922865,26.11204,22.328445,22.571884,19.209217,17.775724,13.893378,15.892692,11.264124,15.362279,17.27395,20.977705,20.783123,21.789413,21.00039,25.751745,26.62561,27.544355,25.995188,24.549023,26.32461,29.896523,27.851309,28.02185,23.227491,25.119114,22.447132,26.184679,21.685545,25.921621,24.43315,20.978071,21.254492,19.649021,23.727705,23.722792,20.3747,24.485838,22.232834,27.820784,26.605686,29.138638,32.50237,31.400335,29.275145,25.206316,21.769073,18.48531,17.647034,13.682446,14.290752,9.732097,12.214637,12.218872,13.652967,13.97089,13.37692,14.582125,11.468316,15.370637,13.914584,16.808182,19.324736,21.085323,23.627388,21.582579,26.688375,21.695097,26.297697,25.97464,29.160877
20,14.866954,13.511683,14.320751,10.489433,13.113799,14.113279,15.678249,18.369753,19.344383,23.079128,24.348827,29.127829,25.416555,22.645933,19.858908,16.24604,12.157188,11.155049,7.5564103,5.6610756,0.0,3.8045545,4.735537,5.5068426,7.432248,7.6860695,7.670542,6.996259,10.608388,9.175136,16.671938,17.09676,21.931679,22.47035,25.610905,28.676363,29.803892,31.828306,27.193651,23.435974,22.789745,20.685205,17.951107,15.181827,15.422383,12.260799,15.431697,15.968303,19.614365,19.1802,20.85316,20.022081,24.271942,26.238497,26.383986,25.471169,24.69049,27.041092,30.871368,29.455767,29.022264,25.292576,26.929214,24.188828,27.93608,22.854437,27.860714,26.253283,22.968174,23.913174,22.58009,26.913548,27.027502,23.873907,27.849684,25.845394,31.230846,30.576405,32.42304,36.19076,35.033577,33.19166,29.38078,25.858503,22.994081,22.061996,18.520842,18.608707,14.07336,15.9932165,14.766885,16.145096,17.03679,16.999727,18.88278,16.577436,20.379791,19.511215,22.129742,24.862673,26.552805,28.96918,26.87705,31.652012,26.355955,30.800041,29.886095,33.0405
21,12.01174,10.614929,12.509114,8.943865,11.979122,14.112366,15.806875,19.075222,20.582075,24.315735,26.237757,30.9189,27.530397,25.05207,21.67263,18.356598,13.90592,12.8111315,9.406924,6.365556,3.8045545,0.0,4.3768616,6.345272,6.960913,8.702089,8.760478,9.741292,13.247303,12.759852,19.876667,20.667265,25.191008,25.948462,29.14475,32.06045,33.285614,35.36682,30.642607,26.843323,26.241432,23.767557,20.961935,17.796373,17.923155,13.892352,15.940491,16.850348,20.054665,20.546083,22.57321,22.243013,26.717882,28.541819,29.208275,28.513432,27.513582,29.965227,33.54966,32.006348,31.173592,27.28639,28.345428,25.23707,28.548624,22.79132,27.62523,25.470634,22.114046,23.28617,22.612959,26.882265,27.50412,24.868656,29.121479,27.467203,33.04185,32.532722,34.749153,38.40029,37.437428,35.474194,31.486395,27.96279,24.748701,23.624153,19.898722,19.534246,14.6524315,15.799502,14.190549,14.713665,15.017897,14.675812,17.222563,15.5225115,19.768675,19.007673,22.409077,25.230932,27.17233,29.697136,27.456625,32.561356,27.231125,31.513435,30.913681,33.68096
22,13.767759,13.709811,15.421148,12.652834,15.917553,17.442348,19.507685,22.05816,23.669498,27.240038,28.836624,33.410244,29.493628,26.75806,23.646418,20.504627,15.863339,15.607969,11.138739,9.835584,4.735537,4.3768616,0.0,4.8060365,7.0961137,8.275997,10.742528,10.869592,14.988689,13.077915,21.068485,20.825972,26.197414,26.086151,29.42482,32.588554,33.75218,35.684532,31.187489,27.493097,26.414486,24.846478,21.459757,19.149883,18.340275,15.6205225,17.322012,17.151428,20.239727,20.335234,22.6849,22.207644,26.12063,28.701336,28.663652,28.344421,27.868727,30.583015,34.36111,33.249805,32.21484,29.045317,30.140413,27.156992,30.549208,24.739363,29.989817,27.94581,24.782417,26.247183,25.53591,29.902437,30.42179,27.730783,31.789593,30.133888,35.51249,35.197044,36.934498,40.810863,39.715065,37.9124,34.106888,30.588669,27.701347,26.653357,23.136232,22.805193,18.095058,19.308664,17.333437,18.05749,18.79316,18.788996,21.385399,19.801634,23.85753,23.214832,26.282824,29.118456,30.915058,33.401077,31.213213,36.079407,30.642496,34.914227,33.927826,36.8027
23,17.775106,16.854128,18.779821,15.037329,17.708647,19.349771,20.532175,23.717354,24.24934,28.174568,29.013275,34.047863,30.393845,27.448511,25.126486,21.23246,17.547499,16.075142,13.004674,10.151662,5.5068426,6.345272,4.8060365,0.0,3.507816,3.5487127,7.5499086,8.118001,12.632017,11.27941,19.562153,20.191841,25.155172,25.78258,28.425453,31.942247,32.451508,33.872173,29.147404,25.410513,23.655228,22.174236,17.97308,15.930797,14.214812,11.941192,13.033444,12.43438,15.605995,15.530587,17.957302,17.658659,21.632784,24.209377,24.466877,24.474848,23.93357,26.944458,30.488567,29.591148,27.988218,25.314917,26.037418,23.060112,26.41206,20.727566,26.214342,24.484514,21.52829,23.108631,22.260536,26.657711,27.109755,24.629858,28.533457,27.285217,32.48826,33.000477,34.34333,38.52809,37.886356,36.563393,33.05502,29.129976,26.387587,24.79806,21.926327,20.582043,16.159216,17.01378,14.631188,15.878974,17.536388,18.474466,20.527798,19.334465,22.607903,23.070017,25.094208,28.549511,30.562605,32.43975,29.982962,34.326275,28.517256,32.477715,31.001022,33.752235
24,18.091345,16.636349,19.199154,15.178689,17.554644,19.889702,20.588566,24.512169,24.783571,28.899752,29.832947,35.04889,31.849337,29.047075,26.669271,22.56342,19.148312,16.911873,14.763324,10.497622,7.432248,6.960913,7.0961137,3.507816,0.0,3.1859283,6.488598,8.840768,13.056966,13.077732,20.83793,22.384884,26.710352,28.055729,30.39923,33.891273,34.1952,35.469727,30.524237,26.721983,24.878103,22.873415,18.507776,16.011549,14.169362,10.9489765,10.70793,10.6390085,13.45377,14.3469925,16.965256,17.266169,21.612339,23.738317,24.823895,25.011614,24.082644,27.192223,30.346493,29.32362,27.194084,24.442362,24.491076,21.183342,24.130064,17.939886,23.3522,21.331364,18.388464,20.17888,19.78687,24.132519,24.967863,23.031782,27.098537,26.341913,31.62823,32.6312,34.15857,38.349422,38.112144,36.907154,33.388687,29.26436,26.290087,24.271055,21.594328,19.370867,14.891836,14.912077,12.011151,12.901619,14.732869,16.105347,18.183304,17.698223,20.724123,21.930113,23.877705,27.719734,30.034449,31.643074,28.935541,33.246742,27.248966,30.903334,29.475077,31.834566
25,20.477135,18.961124,20.976044,16.71838,18.875982,20.620682,21.124537,24.768763,24.539658,28.664782,29.02172,34.335835,31.013887,28.021091,26.213709,21.878098,18.959103,16.61779,14.758226,10.9527,7.6860695,8.702089,8.275997,3.5487127,3.1859283,0.0,5.6973577,7.010608,11.317355,10.944815,18.817585,20.327702,24.67812,26.026428,28.09172,31.761887,31.79855,32.8532,27.948586,24.205093,22.044626,20.42472,15.720379,13.734283,11.386891,9.230676,9.663737,8.917279,12.265503,12.139698,14.551478,14.497573,18.706806,21.039165,21.784649,21.980373,21.231466,24.417728,27.686462,26.864174,24.809238,22.401491,22.76278,19.754778,23.04675,17.496988,23.089039,21.628242,18.838955,20.438505,19.48017,23.8502,24.265566,22.009233,25.796278,24.916014,29.981071,31.130524,32.255737,36.60994,36.36109,35.382767,32.095333,27.901472,25.242628,23.222275,20.8959,18.715046,14.648266,15.119698,12.507255,14.171831,16.492153,18.092072,19.629717,18.76992,21.346846,22.648947,23.874214,27.75097,29.926456,31.322063,28.67479,32.606384,26.575794,30.241371,28.451641,31.0562
26,20.118942,17.44077,18.918264,14.011809,15.210147,16.901707,16.54525,20.73694,19.828537,24.118057,24.418177,29.901339,27.1996,24.44726,22.759142,18.106213,16.048496,12.519624,12.638508,7.497222,7.670542,8.760478,10.742528,7.5499086,6.488598,5.6973577,0.0,4.2502556,7.1802835,9.270958,15.507807,18.436285,21.56314,24.049156,25.855867,29.185997,29.283121,30.555609,25.401356,21.546743,20.204653,17.25818,13.702768,10.233079,10.052008,5.213369,8.148612,9.789686,13.557608,13.401417,14.656792,14.400747,19.364555,20.3504,21.894037,21.176497,19.652966,22.241867,25.387724,23.86435,22.540703,18.821762,19.644102,16.649076,20.27277,15.389329,20.378664,19.185656,16.051477,16.880995,15.305692,19.69534,19.849365,17.164272,21.19804,20.028479,25.399086,26.148624,27.807932,31.911615,31.738691,30.597412,27.160881,22.91407,19.974943,17.833143,15.425565,13.158523,8.962954,9.927878,8.2519865,10.672673,12.958577,14.436631,15.150295,13.7366705,15.981793,17.318895,18.187124,22.119312,24.368137,25.657286,22.983315,27.034882,21.076958,24.936405,23.50705,26.29553
27,21.155048,18.818583,19.3527,14.627602,15.841339,16.34877,16.282032,19.46156,18.38435,22.475027,22.263227,27.65645,24.467707,21.447683,20.253183,15.554827,13.810519,10.8096,10.6697445,7.471462,6.996259,9.741292,10.869592,8.118001,8.840768,7.010608,4.2502556,0.0,4.536113,5.028344,12.020661,14.3294115,17.971607,19.997185,21.924553,25.359335,25.550913,26.946814,21.941044,18.092503,16.90513,14.448369,11.233868,8.298842,8.784554,6.067573,10.972108,11.735918,15.853625,14.370549,15.08703,13.876394,18.395784,19.703083,20.227076,19.025154,17.895182,20.232613,23.926426,22.515059,22.094473,18.447079,20.396152,18.06938,22.247128,18.40635,23.33639,22.692076,19.687906,20.181185,17.912886,22.178356,21.65332,18.150995,21.737543,19.808073,24.931189,25.027842,26.325535,30.458296,29.781681,28.583834,25.253588,21.200651,18.718433,17.179106,14.732068,13.866353,10.30905,12.625453,11.905452,14.635721,16.724144,17.752398,18.232666,15.893701,18.10938,18.50853,19.024809,22.385643,24.153568,25.629116,23.3444,27.191849,21.57809,25.78733,24.199589,27.570656
28,23.651363,20.775318,20.601961,15.779711,15.998582,15.765741,14.796255,17.798985,15.560816,19.63527,18.681898,24.258512,21.544151,18.605774,18.234962,13.196339,13.155384,9.28995,11.51121,8.874676,10.608388,13.247303,14.988689,12.632017,13.056966,11.317355,7.1802835,4.536113,0.0,5.284904,8.422278,12.393754,14.507771,17.725708,19.060587,22.272348,22.28623,23.713926,18.556646,14.689505,14.2407055,10.723277,9.094214,5.172763,8.512634,5.9981475,12.325168,13.835276,17.892597,15.968951,15.611726,13.991733,18.486565,18.758034,19.52267,17.460968,15.856036,17.455294,21.138063,19.252863,19.85882,15.378114,18.269691,16.535017,21.047995,18.603045,22.826061,22.821205,19.925596,19.680971,16.620152,20.53846,19.348639,15.1482525,18.41054,15.880751,20.943968,20.57622,21.962812,25.987738,25.265532,24.096956,20.85422,16.718153,14.406944,12.962556,10.897429,10.675274,8.35614,11.660576,12.331773,15.518286,17.54363,18.460909,17.98499,15.049867,16.375183,16.618402,16.002914,19.137331,20.677307,21.859737,19.757341,23.241093,17.896708,22.276848,20.73074,24.515863
29,23.243052,21.293438,20.789114,16.558624,17.62922,16.766994,17.000795,18.727736,17.464994,21.075886,20.180323,25.281805,21.5149,18.198328,17.797523,13.296057,12.270858,10.411933,10.082466,9.896322,9.175136,12.759852,13.077915,11.27941,13.077732,10.944815,9.270958,5.028344,5.284904,0.0,8.525847,9.479415,13.954856,15.188192,17.327019,20.858776,21.241024,22.86533,18.168678,14.431702,13.696412,12.107575,10.0440645,8.450492,9.910391,9.711132,15.265803,15.472672,19.62468,17.106102,17.19599,15.080129,18.722885,20.24631,19.50816,17.63481,17.067902,18.84951,23.105862,21.835716,22.628084,19.154203,22.278393,20.736404,25.290115,22.50669,27.240955,27.08114,24.19643,24.368465,21.554464,25.581041,24.421007,20.233456,23.192999,20.468199,25.093504,24.30865,25.157465,29.18012,27.83952,26.557114,23.436985,19.82081,18.057676,17.406,15.084759,15.894402,13.292609,16.482576,16.493263,19.379976,21.273605,21.910345,22.159111,19.085938,21.17596,20.626339,20.76458,23.322063,24.45882,26.115831,24.369165,27.88238,22.88368,27.344269,25.68362,29.593212
30,28.784075,26.180508,24.555798,20.55397,20.174343,17.944168,16.930267,17.428083,14.148365,16.985704,14.093939,19.131851,16.09691,12.897352,14.945406,10.54189,13.347474,11.1859,14.187891,14.934967,16.671938,19.876667,21.068485,19.562153,20.83793,18.817585,15.507807,12.020661,8.422278,8.525847,0.0,6.3601003,6.104972,10.286975,10.915907,13.908139,14.066993,16.060778,11.2629595,7.6287355,9.740877,6.7108126,9.914162,8.836685,13.288925,13.724173,20.02936,21.05666,25.025953,22.017178,20.669712,18.059893,21.086199,20.951508,20.213615,16.757824,15.7208,15.545035,19.760857,17.784986,21.038828,16.675539,21.502808,21.265348,26.030025,25.524174,29.04588,29.845045,27.226007,26.370762,22.598677,25.75343,23.511318,18.458895,20.20785,16.271172,19.94768,17.559566,18.210766,21.74282,19.754314,18.427599,15.722238,12.578763,12.137871,12.741575,11.64751,14.57391,14.514171,18.480211,20.151901,23.376438,25.056995,25.43555,24.435703,20.634302,21.354324,20.192831,18.539362,19.915983,20.14089,21.317272,20.403906,22.8383,19.175333,23.671028,22.21479,26.78642
31,28.793396,27.103947,24.997337,21.805252,22.124374,19.263464,19.533869,18.539204,16.743322,18.75888,16.370283,20.272995,15.810295,12.268581,14.2859335,11.2778845,12.97182,13.259647,13.879085,16.851786,17.09676,20.667265,20.825972,20.191841,22.384884,20.327702,18.436285,14.3294115,12.393754,9.479415,6.3601003,0.0,6.8771105,5.710607,8.662758,11.869881,13.194971,15.844659,12.397087,9.712353,11.672714,11.588074,13.639084,13.761423,16.73845,17.905104,23.972948,24.211185,28.274956,24.98152,24.126118,21.256094,23.529846,24.557728,22.424536,19.269117,19.33467,19.358927,23.94259,22.640278,25.848043,22.385183,27.108261,26.771873,31.574253,30.434433,34.49959,34.996746,32.239265,31.770496,28.269749,31.70204,29.654743,24.691742,26.49682,22.595562,25.979496,23.193966,23.458,26.665735,23.930264,22.33024,19.819841,17.728836,17.615875,18.829748,17.08671,20.477743,19.520103,23.508965,24.63879,27.64437,29.141146,29.182291,28.880472,24.89658,26.52215,24.561604,24.00917,24.862011,24.728334,26.570894,25.993874,28.712933,25.367126,29.960575,28.569798,33.141987
32,33.01124,30.598776,28.234993,24.869865,24.185596,21.06019,20.124102,18.999014,15.5143175,16.89973,12.753618,16.527855,13.485162,10.539551,14.66146,11.873095,16.009321,15.170755,18.122524,20.1697,21.931679,25.191008,26.197414,25.155172,26.710352,24.67812,21.56314,17.971607,14.507771,13.954856,6.104972,6.8771105,0.0,6.565668,5.877807,7.968538,8.706971,11.705028,8.185819,6.309806,10.842678,9.473761,14.440034,14.447128,18.723953,19.753347,26.003792,26.91739,30.814426,27.481462,25.79664,22.927053,25.112455,24.750643,23.26771,19.303957,18.72201,17.373552,21.413008,19.521755,24.190018,20.179283,25.622082,26.0782,30.775932,31.119226,34.239513,35.36032,32.858562,31.724379,27.741135,30.45189,27.795918,22.602894,23.476238,19.075869,21.49399,17.66227,17.763998,20.395718,17.258234,15.7292,13.809633,12.36399,13.562591,15.525475,15.0745945,19.162315,19.87172,23.940598,25.981117,29.157225,30.613708,30.687355,29.480597,25.363077,25.83147,23.937983,21.96358,22.116657,21.420332,22.574781,22.571608,24.211094,21.99578,26.26956,25.071358,29.85042
33,33.013092,31.454254,28.742191,26.106339,26.08992,22.561264,22.798817,20.553883,18.640623,19.43891,16.296778,18.829079,14.309075,11.206254,14.846734,13.470944,16.259697,17.34111,18.269386,21.93904,22.47035,25.948462,26.086151,25.78258,28.055729,26.026428,24.049156,19.997185,17.725708,15.188192,10.286975,5.710607,6.565668,0.0,5.034429,6.998555,9.605291,13.130896,11.496163,10.513638,13.822105,14.525305,17.963436,18.571003,21.806364,23.270313,29.413984,29.683569,33.690617,30.170351,28.98826,25.943228,27.621767,28.36464,25.755297,22.21832,22.547777,21.691877,26.075954,24.824514,29.065147,25.761602,30.982018,31.164568,35.9592,35.517536,39.250614,40.020824,37.338963,36.607964,32.883724,35.99152,33.60095,28.467083,29.668306,25.407705,27.945692,24.181953,24.080076,26.540691,23.012339,21.288536,19.44728,18.635504,19.525986,21.587856,20.298628,24.511524,24.218027,28.351898,29.862762,32.877594,34.209286,34.02083,33.489826,29.241726,30.608603,28.118282,27.262812,27.228394,26.41656,28.245567,28.33406,30.48447,28.17901,32.632576,31.440584,36.184387
34,37.041695,35.119953,32.64074,29.57135,29.260592,25.943754,25.500185,23.756582,20.833752,21.646757,17.449463,20.009892,16.582928,13.863072,18.402405,16.582712,20.142729,20.221518,22.065516,24.810091,25.610905,29.14475,29.42482,28.425453,30.39923,28.09172,25.855867,21.924553,19.060587,17.327019,10.915907,8.662758,5.877807,5.034429,0.0,4.3376718,4.7562666,8.120655,7.1010795,7.5559163,11.42995,12.815021,17.172085,18.54984,21.827755,24.06828,30.070766,30.319044,34.120808,30.258312,28.49141,25.31811,26.43158,26.575304,23.87475,19.972933,20.34545,18.74039,22.81047,21.71887,26.627327,23.81994,29.342781,30.167637,34.87502,35.47829,38.8136,40.123806,37.75155,36.78272,32.76184,35.472996,32.686977,27.582907,28.020555,23.808392,25.404646,21.864805,20.870817,23.287954,19.852003,18.905588,18.06209,17.381153,19.175383,21.108118,20.934711,24.719572,25.327562,29.308193,31.021399,34.28254,35.934372,36.111057,35.102455,31.036034,31.618355,29.757528,27.810799,27.881552,26.988956,28.039892,28.221962,29.358065,27.41317,31.396788,29.85538,34.62196
35,39.020428,37.058754,34.142483,31.459295,30.819994,27.099394,26.582304,24.088118,21.157572,21.095467,16.643358,18.013271,15.028483,13.045273,18.249317,17.462725,21.604122,22.072433,24.256893,27.396564,28.676363,32.06045,32.588554,31.942247,33.891273,31.761887,29.185997,25.359335,22.272348,20.858776,13.908139,11.869881,7.968538,6.998555,4.3376718,0.0,4.651672,8.961874,9.671788,10.923009,15.330233,16.085882,21.05078,22.012888,25.73579,27.500002,33.652397,34.19084,38.028324,34.299847,32.465523,29.349176,30.552485,30.378103,27.878887,23.842714,24.0236,21.997416,25.713278,24.364454,29.799034,26.651503,32.334522,33.297523,37.93327,38.78879,41.81121,43.155014,40.74716,39.553635,35.475803,37.9537,35.05262,29.88992,30.107347,25.660326,26.86911,22.371468,21.605812,23.125086,19.035954,17.69378,17.229904,17.717218,19.955883,22.529406,22.404558,26.873575,27.786938,31.881163,33.941986,37.102882,38.473488,38.35472,37.189613,32.905396,33.38858,30.999437,29.052452,28.362011,26.973711,28.122316,28.836506,29.747337,28.692509,32.609596,31.500185,36.29689
36,41.323715,39.152084,36.663307,33.47864,32.850246,29.541887,28.635483,26.952435,23.431849,23.904728,19.035013,21.064247,18.696508,16.582664,21.714418,20.055737,24.2042,23.85046,26.339544,28.653652,29.803892,33.285614,33.75218,32.451508,34.1952,31.79855,29.283121,25.550913,22.28623,21.241024,14.066993,13.194971,8.706971,9.605291,4.7562666,4.651672,0.0,4.3565106,6.033435,8.648998,12.655159,14.1903715,19.24368,20.954084,24.326399,26.868835,32.705524,33.055275,36.65717,32.651337,30.43408,27.262394,27.92376,27.415884,24.803278,20.668604,20.976517,18.540428,21.973307,20.95334,26.602716,24.168257,29.886591,31.30109,35.82186,37.377144,40.21574,41.95992,39.843334,38.604492,34.38132,36.630577,33.510464,28.507076,28.183601,24.020771,24.532335,20.87563,19.11674,21.004665,17.459002,17.203722,17.540482,17.506132,20.159538,22.176552,22.893549,26.52622,27.918587,31.757286,33.737236,37.095387,38.84876,39.168404,37.757694,33.782753,33.73827,32.156357,29.427458,29.266428,28.129642,28.572151,29.047432,29.210506,27.996937,31.469315,29.839867,34.558727
