,0,1,2,3,4,5,6,7,8,9,10,11,12,13,14,15,16,17,18,19,20,21,22,23,24,25,26,27,28,29,30,31,32,33,34,35,36,37,38,39,40,41,42,43,44,45,46,47,48,49,50,51,52,53,54,55,56,57,58,59,60,61,62,63,64,65,66,67,68,69,70,71,72,73,74,75,76,77,78,79,80,81,82,83,84,85,86,87,88,89,90,91,92,93,94,95,96,97,98,99,100,101,102,103,104,105,106,107,108,109,110,111
0,0.0,4.627766,6.9642034,9.943125,13.085131,14.918226,18.089327,21.842371,24.131283,28.662487,32.231945,35.489525,33.526478,31.77787,26.982874,25.933739,21.893896,22.062656,18.083925,17.56683,16.89811,11.532426,14.419009,17.324306,17.032274,18.958479,21.954151,23.807243,23.779594,28.115297,28.917152,33.001453,38.623264,39.554283,42.472157,45.33567,47.49927,45.793457,42.390884,38.1149,39.598164,34.87767,34.664005,29.473812,29.087978,25.890388,26.523508,21.386795,23.912128,21.141891,23.413809,25.90346,25.426105,23.521866,28.941658,31.711632,30.681288,34.695652,36.03185,37.303978,37.749527,33.568993,33.33078,35.806488,35.5436,37.215244,35.62779,40.750793,37.3807,40.07618,36.708553,40.27998,37.477776,41.131527,39.598804,41.816982,42.743042,40.908756,45.022923,43.086735,39.80985,40.16599,36.142776,33.83396,33.422848,28.165554,28.496172,23.689268,24.608427,22.695116,23.317554,23.589226,25.181137,27.41996,31.301352,32.284676,29.922276,31.466915,29.27898,28.611904,29.631762,26.977795,30.985678,29.082632,29.401203,32.46855,32.561916,32.267914,33.447483,35.932743,34.963173,39.457893
1,4.627766,0.0,5.1421757,6.4754066,9.305152,12.430294,14.323782,18.972769,20.722313,25.845707,29.33539,32.530437,31.139948,29.559435,24.911951,23.549898,19.89167,19.450312,15.851803,14.526219,15.064344,9.668836,12.339794,14.208844,13.573076,15.089931,17.786922,19.503325,19.385353,23.9241,24.688309,28.974564,34.54425,35.843163,38.480457,41.510277,43.64026,41.745403,38.517097,34.25736,35.35489,30.606606,30.338657,24.99053,24.639744,21.343136,22.07648,16.84173,19.465956,16.815367,19.076916,21.367357,21.25193,19.360287,24.80555,27.46087,26.374435,30.47086,32.06243,33.04962,33.395046,29.048487,28.731937,31.193993,30.974085,32.75894,31.376116,36.447735,33.367973,36.013123,32.883617,36.547485,33.770527,37.64772,36.134674,38.641396,39.568054,37.979507,42.16497,40.36656,36.79665,36.77885,32.813206,30.247868,29.9426,24.471905,24.777882,20.09435,20.909761,19.349632,19.813246,20.715067,22.275503,24.970064,28.80876,29.715828,27.32844,28.723497,26.278755,26.097038,26.581285,24.514257,28.21204,26.864674,27.900888,30.602795,30.27226,30.119293,30.546144,33.205276,31.896816,36.42761
2,6.9642034,5.1421757,0.0,5.199678,7.1664286,8.578306,11.872503,15.131619,17.76724,21.873919,25.953142,28.823008,27.092192,25.675442,20.722435,20.10403,16.38258,16.934286,13.86755,13.627954,14.800413,10.238989,14.6103,16.264072,16.772312,16.830616,20.164898,20.72119,19.484535,24.423319,23.75174,28.55561,33.25703,34.451324,37.24474,39.955116,42.529385,40.883255,37.698917,33.646084,34.81009,30.523584,29.609083,24.705715,25.53614,21.966042,23.815193,18.404184,21.490139,18.905046,20.12484,21.583208,20.5731,17.627085,23.007553,25.858881,24.73405,28.545273,29.58675,31.36326,32.160263,28.351732,28.729338,31.733856,32.178123,34.370113,33.29393,37.88282,35.06259,37.10256,34.0719,37.26903,33.94498,37.608498,35.511276,37.89096,38.280346,36.378002,40.304077,37.955513,34.277683,34.487576,30.482386,28.320343,28.460894,22.943302,24.546917,20.102697,21.972075,21.184895,22.349958,23.503695,25.757513,28.086287,31.888884,32.222427,29.488832,30.275583,27.440643,26.880045,26.615326,24.191824,27.152754,25.198093,25.904726,29.300074,29.16469,30.064707,30.442696,33.583538,32.716568,37.297554
3,9.943125,6.4754066,5.199678,0.0,3.7412052,6.6362576,8.461858,13.02879,14.465734,19.93534,22.936117,26.365835,25.008383,23.35374,18.958738,17.229609,13.819515,13.118068,10.009362,8.766785,10.780282,6.7537184,10.806671,11.611316,12.757738,11.942143,15.84417,15.931827,14.801974,19.42389,19.244484,23.613066,28.79491,29.825338,32.675247,35.489872,37.82197,36.15538,32.852947,28.7052,30.10784,25.691021,25.122122,20.361835,20.918074,17.615187,19.625317,14.493247,18.320066,16.61139,18.237225,18.908468,19.182972,15.595728,21.070381,23.564568,21.59794,25.510576,26.508492,27.684553,28.170681,24.530237,24.759676,27.730705,28.391294,30.190834,28.757195,33.16813,30.131374,32.055553,28.93419,32.08202,28.78797,32.48491,30.528847,32.990406,33.587963,31.886627,35.974373,34.01049,30.359798,30.408333,26.418135,23.993647,23.82233,18.354889,19.436947,14.930724,16.813463,16.240204,17.686796,19.02373,21.675856,23.817259,27.520832,27.574917,24.755915,25.342178,22.383297,22.024693,21.562378,19.484,22.475088,21.068424,22.443058,25.228012,24.749565,25.464624,25.46126,28.605614,27.598394,32.18
4,13.085131,9.305152,7.1664286,3.7412052,0.0,5.3751464,5.038434,10.227279,11.504954,16.990847,20.43724,23.444437,22.612598,21.357346,16.98996,15.531667,12.792994,12.054549,10.273927,8.82975,12.49771,9.706931,13.34743,12.98864,14.009465,12.141312,15.499494,14.774767,12.727882,17.886396,16.605648,21.676935,26.156134,27.663986,30.207125,33.04397,35.61184,33.83985,30.82023,26.84803,27.708883,23.561024,22.461464,17.7208,19.125212,15.526445,18.271263,13.123026,16.9653,15.390626,16.188473,16.183126,16.16122,12.0331335,17.459696,19.974428,18.07311,21.936653,22.998123,24.376947,25.059288,21.446014,22.010942,25.252249,26.25113,28.46999,27.556757,31.653465,29.192122,30.774328,28.062298,31.06305,27.577646,31.38654,29.16027,31.86304,32.147354,30.558481,34.52926,32.387657,28.339518,28.06044,24.136023,21.653746,21.966236,16.194029,18.164396,14.18561,16.458279,16.75989,18.185272,20.193104,22.80939,25.203596,28.721117,28.563902,25.717249,25.924652,22.653547,22.643665,21.25248,19.729666,21.830963,20.732353,22.591734,25.32348,24.544302,25.921556,25.12629,28.610807,27.476229,32.01658
5,14.918226,12.430294,8.578306,6.6362576,5.3751464,0.0,6.197926,7.152802,9.918,13.969447,17.43746,20.619797,18.7498,17.22234,12.497066,11.603368,8.27525,9.212138,7.9134536,8.902682,11.898135,10.560922,15.366408,15.700333,18.02463,15.586152,19.851488,18.32689,15.712279,20.299385,17.961914,22.711664,26.44523,27.14665,30.252804,32.513924,35.4288,34.20309,30.975605,27.245182,28.855503,25.305113,23.870005,20.218182,22.430285,19.133245,22.531122,17.79882,21.94328,20.630934,21.02991,20.333406,19.805231,14.642815,19.54924,22.03804,19.66615,22.941875,22.866148,25.108288,26.198235,23.698551,24.945639,28.558228,30.191212,32.328716,31.236498,34.769367,32.109573,33.07175,30.165379,32.48011,28.483704,31.711742,28.935923,31.135696,30.925396,28.799147,32.45621,29.744116,25.96877,26.379509,22.373343,20.646112,21.131727,15.896096,19.026133,15.37328,18.70671,19.31822,21.578768,23.09908,26.447756,27.988895,31.457153,30.72656,27.57779,27.256649,23.902594,23.046106,21.40325,18.992626,20.532785,18.320995,19.349863,22.977217,22.715366,25.060534,24.870173,28.621351,28.298092,32.76744
6,18.089327,14.323782,11.872503,8.461858,5.038434,6.197926,0.0,6.661705,6.749705,12.790209,16.01685,18.824863,18.645115,17.727491,13.8964,12.317402,10.897989,9.751382,10.113609,8.773903,13.807756,12.918252,16.097832,14.640331,16.206373,12.8626375,15.963069,13.724859,10.3709955,15.524615,12.563326,18.150785,21.672817,23.40928,25.786406,28.50586,31.340773,29.625277,26.822239,23.12811,23.714005,20.10333,18.38303,14.302454,17.007725,13.500921,17.41977,13.029751,17.09812,16.38725,16.265108,14.653217,14.85428,9.350642,14.223493,16.433277,13.816362,17.417496,18.080074,19.671942,20.579569,17.600065,18.814003,22.484352,24.268219,26.673746,26.108496,29.451408,27.49681,28.35947,26.046125,28.549349,24.715601,28.4236,25.78542,28.626942,28.485514,26.989037,30.77121,28.474157,24.072895,23.498938,19.66666,17.207474,18.047781,12.157436,15.452031,12.49439,15.515037,17.024904,18.791288,21.27744,24.190292,26.357002,29.529827,28.836174,25.895576,25.421125,21.823364,22.018929,19.430212,18.531065,19.320969,18.622189,21.09458,23.590488,22.459211,24.741598,23.058718,26.942385,25.886938,30.270641
7,21.842371,18.972769,15.131619,13.02879,10.227279,7.152802,6.661705,0.0,4.7136292,6.9221787,11.366995,13.692845,12.600077,11.983047,7.642673,7.8874598,7.534301,8.8362875,11.107845,12.128715,16.396542,16.725695,20.78586,19.89059,22.329397,18.660152,22.231312,19.325161,15.458149,19.738,15.0426855,20.290548,21.937025,22.988245,25.7349,27.609535,31.086891,30.030155,27.307354,24.231497,25.25993,22.815355,20.322533,17.960442,21.853313,18.759418,23.267836,19.390322,23.367937,22.709564,21.88781,19.63869,18.780277,12.595936,16.02918,18.102577,15.339189,17.706152,16.686266,19.843351,21.52377,20.202095,22.435175,26.491236,29.040117,31.573706,31.169083,33.677345,31.915663,31.909409,29.70786,31.283747,26.875896,29.8309,26.396196,28.698572,27.644482,25.572649,28.717655,25.474497,21.093994,21.168879,17.41068,16.169775,17.779022,12.898323,18.10406,16.11365,20.076395,22.01205,24.415302,26.559608,30.0174,31.502745,34.55153,33.276917,30.097055,28.979956,25.298124,24.75066,21.557495,20.03497,19.485703,17.691519,19.36807,22.786934,22.12167,25.892511,24.503971,28.74661,28.567045,32.713688
8,24.131283,20.722313,17.76724,14.465734,11.504954,9.918,6.749705,4.7136292,0.0,7.4780164,9.362886,12.384265,12.601074,11.935272,9.444745,7.654344,8.862381,7.8478436,11.198363,11.172032,16.127289,17.330824,20.358229,18.521923,21.058167,16.700731,19.935722,16.294613,12.163468,15.781492,10.585494,15.695637,17.32166,18.52573,21.163237,23.25289,26.585417,25.39751,22.688467,19.607792,20.571484,18.240906,15.755979,13.965247,18.129194,15.513552,20.329584,17.314625,21.432974,21.627783,20.89072,17.807014,18.18279,11.905071,14.779577,16.18716,12.3199415,14.64031,13.5419235,15.90387,17.293755,16.387604,18.677536,22.733492,25.633945,27.87365,27.394659,29.457481,27.840004,27.502327,25.512108,26.89145,22.467655,25.495073,22.08179,24.659971,23.69303,21.99643,25.312832,22.535242,17.870173,17.384867,13.607415,11.814929,13.502253,8.432497,14.059259,12.951034,16.939688,19.528366,21.953087,24.367985,27.84396,29.20968,31.934858,30.416563,27.325111,25.89134,22.122953,22.02149,18.15723,17.553623,16.308094,15.606414,18.363928,20.769073,19.503103,23.27687,20.994232,25.307547,24.89269,28.88647
9,28.662487,25.845707,21.873919,19.93534,16.990847,13.969447,12.790209,6.9221787,7.4780164,0.0,7.253465,7.2428,7.1201053,8.386933,6.380165,8.709999,11.228255,12.799763,16.519514,17.816586,22.035923,23.26287,27.048647,25.725052,28.322075,24.128527,27.25607,23.592587,19.277468,22.660812,16.454369,21.232964,20.294619,21.308239,23.659822,24.7337,28.796453,28.185844,26.077587,23.988169,24.614697,23.643497,20.3032,19.781097,24.763004,22.189053,27.19239,24.193449,27.852585,27.65592,26.055319,22.827301,21.676077,15.566518,16.82642,18.143679,15.322016,15.9784565,13.287244,17.702934,20.062075,20.511274,23.618692,27.827084,31.13844,33.84557,33.954166,35.392452,34.37851,33.42171,31.855263,32.54103,27.891144,30.223597,26.214691,28.274006,26.256859,24.168285,26.421648,22.512411,17.857817,17.843443,14.809396,14.78289,17.481604,14.188432,20.550097,20.101065,24.24897,26.906364,29.426155,31.754719,35.313858,36.54773,39.23361,37.49593,34.33547,32.59193,28.864239,28.350046,24.229927,23.262175,20.97199,19.394854,21.084562,24.274277,23.512854,28.426249,26.383516,30.807953,30.990187,34.645405
10,32.231945,29.33539,25.953142,22.936117,20.43724,17.43746,16.01685,11.366995,9.362886,7.253465,0.0,5.6009803,5.5639405,5.4287977,8.151031,7.388735,11.73117,11.892803,16.557789,17.935833,21.632898,24.454195,27.399794,25.69795,29.063133,24.315092,27.77698,23.47061,19.522326,21.075352,15.271064,17.841484,16.353468,15.657765,18.81231,19.172361,23.141508,23.263233,20.782026,19.158401,21.097193,20.931799,18.147839,19.508947,24.153023,22.675264,27.64485,25.730068,29.807661,30.549938,29.545391,25.740944,26.102505,19.951883,20.987154,21.485472,17.270649,17.338257,13.559537,16.73414,18.559402,20.684336,23.726814,27.68877,31.474756,33.274143,32.701576,33.24691,31.852962,30.114305,28.460371,28.169815,23.331087,24.777832,20.450548,21.948208,19.51627,17.242752,19.221268,15.265928,10.68017,11.321827,8.336727,9.6195545,12.17555,11.301487,17.515383,18.365276,22.653763,25.720352,28.708761,30.67007,34.667194,34.98687,37.192577,34.793243,31.645174,29.233175,25.69163,24.914177,20.293112,19.68194,15.976771,14.835713,16.95584,19.19176,18.232122,23.825928,21.510738,25.87555,26.661114,29.800777
11,35.489525,32.530437,28.823008,26.365835,23.444437,20.619797,18.824863,13.692845,12.384265,7.2428,5.6009803,0.0,5.5051384,8.295154,10.695454,12.088945,16.063454,16.859838,21.349115,22.565598,26.637661,28.87799,32.06375,30.240248,33.125557,28.435307,31.274754,26.958702,22.675472,24.626703,17.96644,21.210249,17.870285,18.287943,20.258123,20.261894,24.67655,24.726904,23.213219,22.313454,22.913486,23.541105,19.950697,21.599169,26.939901,25.26639,30.408806,28.526318,32.06976,32.61695,30.836607,26.793806,26.3017,20.531994,20.304117,20.548502,17.234758,16.20237,11.791189,16.230968,18.74525,21.342049,24.877245,28.8927,32.86591,35.239914,35.473545,35.691498,35.18256,33.218544,32.221565,31.852453,27.16766,28.62895,24.261532,25.905493,23.020111,21.128918,22.329733,18.115303,13.451823,13.26671,11.602709,13.10319,16.396315,15.494189,21.924522,23.00636,27.081333,30.316929,32.978233,35.315536,39.00774,39.764965,41.95257,39.686806,36.63674,34.256012,30.661167,30.220196,25.389954,25.155798,21.306007,20.414057,22.357096,24.635872,23.640505,29.277441,26.562803,30.902193,31.453602,34.414284
12,33.526478,31.139948,27.092192,25.008383,22.612598,18.7498,18.645115,12.600077,12.601074,7.1201053,5.5639405,5.5051384,0.0,3.6286213,6.7944,9.225733,12.9369335,14.891285,19.098595,21.282515,24.511505,26.947218,30.643303,29.558187,32.943993,28.494038,32.194874,28.176052,24.114403,26.281124,20.352962,23.381422,21.51583,20.826921,23.79608,23.67841,27.840744,28.235195,25.998487,24.636923,26.415413,26.382885,23.358805,24.36601,29.184988,27.301613,32.311535,29.831024,33.829433,34.032013,32.738777,29.25569,28.605734,22.461739,23.39185,24.229357,20.852026,20.663094,16.69953,20.889978,23.142704,25.145721,28.380976,32.464176,36.17995,38.332165,37.968124,38.669186,37.33591,35.67165,33.97543,33.67911,28.821484,30.056805,25.65587,26.749228,24.009819,21.38858,22.673103,18.025082,14.295104,15.630337,13.351147,15.129984,17.609383,16.588085,22.79403,23.085594,27.513119,30.274437,33.321327,35.146248,39.213512,39.56815,41.985195,39.654,36.402843,34.10183,30.596945,29.422852,25.197697,23.865448,20.520744,18.33429,19.153358,22.383308,22.10294,27.931904,26.371809,30.67498,31.780643,34.935776
13,31.77787,29.559435,25.675442,23.35374,21.357346,17.22234,17.727491,11.983047,11.935272,8.386933,5.4287977,8.295154,3.6286213,0.0,5.387368,6.575764,10.330233,12.306584,16.432442,18.972878,21.67782,24.522106,28.153708,27.31443,31.051605,26.666153,30.82344,26.91144,23.151573,25.06975,19.855043,22.37752,21.607277,20.211586,23.81327,23.804611,27.653996,28.158285,25.392128,23.670088,26.263777,25.795506,23.307901,24.119013,28.422953,26.65999,31.48563,28.946743,33.254494,33.52395,32.727966,29.462467,29.259815,22.956142,24.604668,25.58647,21.79535,22.147305,18.472116,22.052567,23.942125,25.690565,28.617022,32.630478,36.200954,37.994846,37.122272,38.025955,36.120243,34.611595,32.484184,32.207676,27.3155,28.435432,24.123486,24.968613,22.520912,19.595728,21.227116,16.721016,13.450269,15.433713,12.677094,14.369031,16.16906,15.27618,21.044672,21.052496,25.577873,28.107998,31.384464,32.868813,37.15237,37.15809,39.59779,37.177418,33.860394,31.561436,28.159407,26.629278,22.732182,20.923004,17.835407,15.121476,15.599479,19.090473,19.06974,24.879248,23.864796,28.095158,29.464922,32.691357
14,26.982874,24.911951,20.722435,18.958738,16.98996,12.497066,13.8964,7.642673,9.444745,6.380165,8.151031,10.695454,6.7944,5.387368,0.0,5.036358,6.935139,10.182821,13.522163,16.209072,19.078186,20.92791,25.156282,24.726973,28.129148,24.186216,28.426426,25.05516,21.282997,24.292208,19.313257,23.043442,23.44144,22.940575,26.374392,27.11573,30.878342,30.793776,27.918793,25.522219,27.666105,26.273033,23.771425,23.165813,27.284147,24.867498,29.549997,26.225424,30.476158,30.158978,29.404528,26.75976,25.991789,19.724695,22.16651,23.752945,20.515455,21.687654,18.947067,22.722824,24.65424,25.096235,27.787838,31.894243,35.00739,37.147316,36.38063,38.096775,36.068783,35.267258,32.919834,33.454216,28.665476,30.52445,26.51753,27.85434,26.005325,23.225924,25.528711,21.417599,17.826132,19.219965,15.855876,16.360878,18.029188,15.308913,20.98667,19.854105,24.339437,26.430964,29.498774,31.060015,35.14361,35.647728,38.473537,36.531315,33.17085,31.416224,27.898342,26.459742,23.0891,20.861639,19.114471,16.108662,16.48072,20.633995,20.682524,25.73004,25.044846,29.317055,30.232046,33.956932
15,25.933739,23.549898,20.10403,17.229609,15.531667,11.603368,12.317402,7.8874598,7.654344,8.709999,7.388735,12.088945,9.225733,6.575764,5.036358,0.0,4.436531,5.8092437,9.942638,12.431438,15.289214,18.034735,21.597975,20.852665,24.646746,20.440695,24.958708,21.418062,18.007687,20.305588,16.15075,19.030796,20.555855,19.49188,23.386845,24.393383,27.725508,27.610422,24.278313,21.51715,24.38216,22.6241,20.781282,20.306704,23.82523,21.84876,26.340273,23.440567,28.013887,28.209398,28.04908,25.286259,25.635336,19.335226,22.199295,23.544722,19.506744,21.078648,18.6023,21.27785,22.646477,23.068531,25.371645,29.283361,32.35002,33.93255,32.62114,34.312378,31.810036,31.03921,28.392427,28.90148,24.139149,25.992159,22.169075,23.516516,22.12282,19.39786,22.278555,18.80131,15.314869,16.743025,12.962072,12.978659,13.883541,11.290783,16.425674,15.359488,19.916527,22.062683,25.35035,26.721666,30.998352,31.141544,33.821865,31.704077,28.337803,26.459206,22.979021,21.484516,18.09211,15.879744,14.179497,11.349669,12.50431,16.153625,15.929293,20.80061,20.066092,24.32012,25.254887,29.009981
16,21.893896,19.89167,16.38258,13.819515,12.792994,8.27525,10.897989,7.534301,8.862381,11.228255,11.73117,16.063454,12.9369335,10.330233,6.935139,4.436531,0.0,4.6058354,6.737714,10.063433,12.202514,14.384102,18.537111,18.561852,22.374622,18.775866,23.73352,20.907,17.951582,20.82777,17.712078,20.898151,23.683985,22.801481,26.74085,28.107029,31.17086,30.823713,27.271265,24.03865,26.97809,24.443228,23.009598,21.440859,24.259674,21.931559,25.978048,22.435686,27.098675,26.833895,27.125395,25.13467,25.32251,19.253502,23.017334,24.810518,21.160004,23.413977,21.665236,24.159094,25.356277,24.806208,26.673803,30.47979,33.0392,34.602127,33.03351,35.42964,32.479202,32.354042,29.299313,30.381899,25.839054,28.010355,24.604172,25.986662,25.160597,22.43761,25.647497,22.498756,19.36148,20.795382,16.884949,16.334963,16.673971,13.233729,17.318644,14.988915,19.356035,20.754189,24.011127,25.062479,29.320786,29.548746,32.555626,30.785456,27.37588,26.01007,22.646786,20.89604,18.502192,15.493609,15.452573,12.088567,12.49091,16.735964,16.909199,20.826845,20.982864,24.992006,25.801556,29.86585
17,22.062656,19.450312,16.934286,13.118068,12.054549,9.212138,9.751382,8.8362875,7.8478436,12.799763,11.892803,16.859838,14.891285,12.306584,10.182821,5.8092437,4.6058354,0.0,4.7378273,6.771949,9.803,12.834278,15.903562,15.119556,19.14182,15.0805645,20.062841,16.955807,14.296992,16.536522,14.219677,16.780281,20.558693,19.624142,23.60826,25.353298,28.012259,27.446125,23.694553,20.138866,23.325037,20.431341,19.546923,18.002413,20.295343,18.385437,22.278242,19.279585,24.121662,24.44559,25.125751,22.893185,24.1208,18.22853,22.034096,23.497726,19.304008,21.8066,20.443157,21.929453,22.622662,21.955408,23.449547,27.031986,29.546846,30.689636,28.795135,31.144196,27.972652,27.900093,24.731592,25.930279,21.48943,23.894133,20.771475,22.445173,22.12062,19.77396,23.488968,21.098143,17.854202,18.826035,14.801876,13.492895,13.185458,9.497935,12.8083725,10.475896,14.917985,16.57816,19.944046,21.086767,25.416908,25.541729,28.38565,26.510265,23.128874,21.66148,18.197445,16.76076,14.094117,11.557461,11.722307,9.397116,11.403194,14.382542,13.859861,17.282507,16.85274,20.89858,21.383102,25.53305
18,18.083925,15.851803,13.86755,10.009362,10.273927,7.9134536,10.113609,11.107845,11.198363,16.519514,16.557789,21.349115,19.098595,16.432442,13.522163,9.942638,6.737714,4.7378273,0.0,4.2650447,5.620193,8.337578,11.89443,12.170125,16.345406,13.204716,18.735743,16.688156,14.97344,17.515142,16.787205,19.269451,24.221258,23.385761,27.33502,29.361256,31.66235,30.905493,26.987396,23.075397,26.329632,22.719728,22.422497,19.879114,21.084467,18.992521,22.07937,18.548845,23.414953,23.337313,24.724613,23.426016,24.708832,19.367908,23.93386,25.724474,21.956491,25.01126,24.308596,25.507004,25.958244,24.399853,25.311691,28.608456,30.485384,31.43956,29.156214,32.24552,28.52394,29.202915,25.594734,27.402264,23.392561,26.027647,23.508,25.126915,25.427313,23.165062,27.09677,25.089926,22.247416,23.26301,19.266808,17.648272,16.816595,12.882657,14.426124,10.68397,14.412498,14.891865,18.187881,18.777416,23.087603,23.20607,26.403923,24.962492,21.591032,20.820633,17.659775,15.949846,14.830704,11.49909,13.824434,11.33822,12.481515,15.551458,15.435909,17.351786,18.015392,21.526417,21.829493,26.204294
19,17.56683,14.526219,13.627954,8.766785,8.82975,8.902682,8.773903,12.128715,11.172032,17.816586,17.935833,22.565598,21.282515,18.972878,16.209072,12.431438,10.063433,6.771949,4.2650447,0.0,5.5529027,7.3403625,9.50572,8.550886,12.504458,8.991291,14.479213,12.553978,11.305413,13.942633,14.258803,16.816553,22.603065,22.410547,25.91959,28.460724,30.453949,29.233553,25.432713,21.243538,24.004116,19.84873,19.939123,16.734812,17.255087,15.198128,17.939068,14.535053,19.448769,19.68129,21.409643,20.1928,22.203125,17.378574,22.046303,23.684505,19.930416,23.34566,23.374178,23.80793,23.876488,21.659552,22.075268,25.106348,26.672215,27.495283,25.159021,28.57363,24.870964,25.958136,22.411016,24.778065,21.107405,24.32316,22.26701,24.42594,25.186378,23.487085,27.719849,26.271463,23.097809,23.405266,19.47662,17.094292,16.069506,11.511501,11.85351,7.426375,10.667557,11.13916,14.184772,15.24316,19.315176,19.966215,23.198175,22.05634,18.818407,18.36197,15.064447,14.263195,13.116468,10.944726,13.752225,12.8360195,15.157297,16.99741,16.146996,17.108427,16.858482,20.235666,19.706305,24.238804
20,16.89811,15.064344,14.800413,10.780282,12.49771,11.898135,13.807756,16.396542,16.127289,22.035923,21.632898,26.637661,24.511505,21.67782,19.078186,15.289214,12.202514,9.803,5.620193,5.5529027,0.0,5.525805,7.3112817,8.738401,13.402824,11.43485,17.290094,16.341541,16.174273,17.835377,19.305525,20.6762,26.94734,25.838339,29.810476,32.076454,33.713444,32.85028,28.684277,24.489258,28.151072,23.965446,24.681677,21.769262,21.424574,19.84026,21.7273,18.533886,23.28637,23.379377,25.756807,25.150446,27.187403,22.638607,27.487057,29.204927,25.472013,28.83729,28.63808,29.027344,28.954367,26.92717,27.082214,29.804523,31.062433,31.31947,28.279633,31.838158,27.319239,28.662262,24.530018,26.76505,23.420528,26.0673,24.417416,25.8705,27.033285,25.064344,29.263298,28.081179,25.818304,26.805786,22.981308,21.037527,19.361973,15.948658,15.124523,10.733655,13.029366,12.03385,15.32223,14.849603,19.278555,18.832575,22.181412,21.020807,17.743649,17.66863,15.128989,13.1267185,14.01046,10.328632,14.763072,12.962159,13.908526,15.8408165,15.823947,15.586467,17.313519,19.927256,20.042767,24.43561
21,11.532426,9.668836,10.238989,6.7537184,9.706931,10.560922,12.918252,16.725695,17.330824,23.26287,24.454195,28.87799,26.947218,24.522106,20.92791,18.034735,14.384102,12.834278,8.337578,7.3403625,5.525805,0.0,5.511608,8.276999,11.274776,10.920991,16.1466,16.439098,16.492653,19.423208,20.907911,23.486444,29.75299,29.599497,33.08482,35.71355,37.504547,36.2044,32.342896,28.02654,30.728762,26.143581,26.584665,22.524889,21.964407,19.667915,21.028318,16.892523,21.166433,20.37742,22.973625,23.40395,24.88077,21.111708,26.411556,28.517872,25.638294,29.423029,29.943209,30.516947,30.559484,27.518578,27.410028,30.039732,30.68679,31.422544,28.83024,33.146202,28.990784,31.004082,27.137259,30.086092,27.02877,30.241402,28.73643,30.632147,31.788671,29.985186,34.221928,32.829628,30.051233,30.647243,26.70209,24.428734,23.251003,18.821335,18.282467,13.425783,14.928862,13.298621,15.474619,15.378182,18.829123,19.626204,23.367777,23.167995,20.239414,21.00613,18.575214,17.406647,18.390846,15.459395,19.755714,18.169441,19.062199,21.341341,21.224697,20.785831,22.05877,24.58221,24.021944,28.516882
22,14.419009,12.339794,14.6103,10.806671,13.34743,15.366408,16.097832,20.78586,20.358229,27.048647,27.399794,32.06375,30.643303,28.153708,25.156282,21.597975,18.537111,15.903562,11.89443,9.50572,7.3112817,5.511608,0.0,4.618267,7.650176,8.6037445,13.454179,14.647315,16.183987,17.875841,21.241957,22.66813,29.8642,29.641464,32.926212,35.818398,36.97051,35.48244,31.571642,27.125128,29.93529,24.989014,26.346422,22.270878,20.291159,18.787874,18.965366,15.8166895,19.817724,19.745996,23.160519,23.755274,26.361559,23.298536,28.382263,30.11763,27.04601,30.91582,31.833744,31.448439,30.92675,27.680029,26.870024,28.849754,29.011858,28.963467,25.714956,30.268068,25.58505,28.131163,24.0394,27.374027,25.049076,28.358755,27.671236,29.62979,31.484411,30.173159,34.620018,34.03951,31.519209,31.817415,28.104584,25.456678,23.676441,19.766415,17.35288,12.617785,12.4474325,9.583487,11.295608,10.364823,13.729217,14.294191,18.100893,18.292244,15.660868,17.13587,15.297078,14.671492,16.791103,14.670958,19.732183,19.301594,20.817852,21.745466,21.230175,19.251146,20.450691,22.198912,21.083231,25.434069
23,17.324306,14.208844,16.264072,11.611316,12.98864,15.700333,14.640331,19.89059,18.521923,25.725052,25.69795,30.240248,29.558187,27.31443,24.726973,20.852665,18.561852,15.119556,12.170125,8.550886,8.738401,8.276999,4.618267,0.0,5.088107,4.274486,9.393232,10.190382,12.208561,13.43357,17.457836,18.643442,26.054352,26.231812,29.137678,32.27579,33.266994,31.515694,27.78946,23.313675,25.724697,20.640896,22.227398,18.14099,15.765822,14.5909195,14.6925535,12.176858,16.38436,17.106237,20.46521,20.486685,23.846039,20.913902,25.615059,26.998455,23.715668,27.542475,28.718264,27.762533,26.972118,23.659538,22.618742,24.432295,24.665869,24.474426,21.222279,25.70275,21.189672,23.73766,19.841726,23.410553,21.202463,24.889296,24.364698,26.752428,28.712934,27.825956,32.362236,32.07847,29.261591,29.03996,25.495245,22.48106,20.68297,16.735767,13.64421,9.114426,8.129192,5.4329877,7.2255683,7.5449705,11.149084,12.373035,15.988317,16.003647,13.353171,14.574038,12.27874,12.771703,14.016054,13.23231,17.728016,18.39342,20.95316,21.162981,19.960262,18.07374,17.924852,19.842926,18.057346,22.481886
24,17.032274,13.573076,16.772312,12.757738,14.009465,18.02463,16.206373,22.329397,21.058167,28.322075,29.063133,33.125557,32.943993,31.051605,28.129148,24.646746,22.374622,19.14182,16.345406,12.504458,13.402824,11.274776,7.650176,5.088107,0.0,5.116454,6.654933,9.828512,12.750627,14.467419,18.952469,20.69785,28.010609,29.0908,31.31364,34.82108,35.69028,33.464046,30.179249,25.75274,27.074905,21.727255,23.33974,18.395376,15.186832,13.820554,12.470163,9.881752,13.003956,13.514878,17.533741,18.542574,22.130049,20.545868,25.152397,26.53238,24.031664,28.090786,30.091702,28.795515,27.84435,23.602692,21.944813,23.208248,22.53852,22.48325,19.614779,24.861568,20.875057,24.20677,20.860077,25.111635,23.54453,27.670385,27.524479,30.312504,32.385796,31.858059,36.406834,36.225155,33.055275,32.337173,28.896803,25.56205,24.080378,19.73422,16.585493,12.556929,10.422584,7.7175922,6.5702186,7.9506707,9.0949135,12.427666,15.993951,17.175398,15.33012,17.28209,15.396282,16.853022,17.971367,18.010767,22.15893,23.214617,25.95589,26.108986,24.703745,22.622292,21.870708,23.521873,21.015749,25.206823
25,18.958479,15.089931,16.830616,11.942143,12.141312,15.586152,12.8626375,18.660152,16.700731,24.128527,24.315092,28.435307,28.494038,26.666153,24.186216,20.440695,18.775866,15.0805645,13.204716,8.991291,11.43485,10.920991,8.6037445,4.274486,5.116454,0.0,5.8710732,6.061118,8.308384,10.0337105,14.105711,15.897229,23.104383,24.102589,26.445646,29.869984,30.946589,28.829515,25.476828,21.042665,22.545513,17.328606,18.719503,14.176121,11.74516,10.345752,10.646686,8.2033,12.658112,13.89826,16.972662,16.536205,20.361914,17.706535,22.067757,23.229864,20.032452,23.907343,25.510054,24.21941,23.326319,19.633392,18.436743,20.252401,20.535149,20.672867,17.921515,22.460924,18.630432,21.146511,17.810968,21.646282,19.422098,23.600988,22.989815,25.916636,27.699112,27.153513,31.666414,31.374458,28.045198,27.23413,23.811417,20.447979,19.038654,14.640116,11.70349,7.6606383,6.205625,5.2716804,6.088689,8.661048,11.382184,13.745344,16.951954,16.974678,14.543014,15.361424,12.589944,14.142831,13.921995,14.380831,17.756512,19.12862,22.397476,22.442139,20.735975,19.515537,17.970425,20.27127,17.903482,22.299957
26,21.954151,17.786922,20.164898,15.84417,15.499494,19.851488,15.963069,22.231312,19.935722,27.25607,27.77698,31.274754,32.194874,30.82344,28.426426,24.958708,23.73352,20.062841,18.735743,14.479213,17.290094,16.1466,13.454179,9.393232,6.654933,5.8710732,0.0,4.9239416,8.792087,10.023677,14.9396105,16.763731,23.645613,25.741617,27.030432,30.88808,31.6213,28.90092,26.235794,22.046333,22.052214,16.67626,18.333458,13.146238,9.120809,8.186938,5.8380356,5.161219,7.9783435,10.367446,13.878048,13.845693,18.653345,17.727486,21.341005,22.088383,19.645334,23.527771,26.120298,23.985071,22.665981,18.04699,15.843935,16.684715,15.913271,15.978754,13.687694,19.006388,16.059698,19.381489,17.001787,21.544691,20.275438,24.900543,24.887362,28.2974,30.257362,30.346655,34.78289,34.85043,31.21854,29.673838,26.63893,22.930593,21.819193,17.549482,14.268026,11.763174,8.886074,8.495886,6.197853,10.10978,10.245797,14.352077,16.933662,17.811357,16.321884,17.561132,15.287446,18.032068,17.514788,19.22432,21.953527,24.11913,27.798435,27.381006,25.288864,23.805826,21.278166,23.169659,19.90439,23.81425
27,23.807243,19.503325,20.72119,15.931827,14.774767,18.32689,13.724859,19.325161,16.294613,23.592587,23.47061,26.958702,28.176052,26.91144,25.05516,21.418062,20.907,16.955807,16.688156,12.553978,16.341541,16.439098,14.647315,10.190382,9.828512,6.061118,4.9239416,0.0,4.5309963,5.4143195,10.153,12.028285,18.82016,20.923397,22.276962,26.082256,27.036106,24.408422,21.683704,17.492739,17.591454,12.263806,13.70212,8.894024,5.708861,4.8889155,5.747775,5.794601,9.812591,12.561329,14.731229,12.930594,17.857925,15.719182,18.90919,19.350481,16.02689,19.663317,21.814354,19.58032,18.266985,14.286532,12.633387,14.245537,14.845924,15.140243,13.040913,17.26184,14.554624,16.771221,14.480342,18.468073,16.464025,21.146847,20.633121,24.206543,25.837276,25.953505,30.303259,30.281733,26.500252,24.802607,21.851522,18.094465,17.114391,12.919188,9.90847,8.266904,6.2427516,8.190654,7.8311706,11.769002,13.36852,16.223745,18.498978,18.275826,16.30228,16.422506,13.449387,16.196571,14.282724,16.52107,18.200201,20.718523,24.81497,24.260342,21.905323,21.309729,17.981077,20.465929,17.407255,21.397867
28,23.779594,19.385353,19.484535,14.801974,12.727882,15.712279,10.3709955,15.458149,12.163468,19.277468,19.522326,22.675472,24.114403,23.151573,21.282997,18.007687,17.951582,14.296992,14.97344,11.305413,16.174273,16.492653,16.183987,12.208561,12.750627,8.308384,8.792087,4.5309963,0.0,5.84518,6.542182,10.681226,16.264692,18.77665,20.18256,23.836378,25.493307,22.98774,20.394953,16.380522,16.147718,11.368637,11.295987,6.1699305,6.7349195,4.116205,8.363439,6.921376,11.192531,13.240315,14.10376,11.225642,15.417944,12.138674,15.238614,15.779422,12.0329895,15.739095,17.634487,16.050966,15.284563,11.500879,11.01555,13.8498745,15.522094,16.888592,15.842522,19.160173,17.310343,18.47707,16.60183,19.783274,16.876535,21.38968,19.945608,23.584595,24.480976,24.304058,28.465706,27.816608,23.57069,21.787992,18.673204,14.965133,14.772033,9.728619,9.146675,7.8894877,8.402742,11.198466,11.921729,15.52596,17.693274,20.202942,22.565235,21.88867,19.551231,19.029856,15.584925,17.687563,14.644577,16.497702,17.127398,19.21803,23.336687,23.398611,21.092108,21.832983,18.278173,21.52388,19.062405,23.105331
29,28.115297,23.9241,24.423319,19.42389,17.886396,20.299385,15.524615,19.738,15.781492,22.660812,21.075352,24.626703,26.281124,25.06975,24.292208,20.305588,20.82777,16.536522,17.515142,13.942633,17.835377,19.423208,17.875841,13.43357,14.467419,10.0337105,10.023677,5.4143195,5.84518,0.0,7.235971,6.7538705,14.029229,15.819764,17.131592,20.921017,21.669846,19.131035,16.28529,12.106068,12.615204,7.315059,9.529789,7.0585027,4.9664454,6.6513586,8.953805,10.664226,14.150092,17.285107,18.600828,15.508267,20.451231,17.535162,19.722136,19.508978,15.196103,17.996956,19.409056,16.499598,14.792976,12.425818,11.284267,13.057613,15.017363,14.700995,12.380418,14.809846,12.186208,12.929,10.816361,13.979469,11.459815,16.182274,15.522544,19.310596,20.873983,21.374493,25.6003,25.973251,22.32532,20.336365,17.828447,14.030793,12.774247,9.922458,6.040194,7.4257946,6.244124,9.982227,10.765131,14.074237,16.331766,17.897888,19.436865,18.158632,16.107695,15.013795,11.807346,14.771264,11.386801,14.850258,15.024415,18.495691,23.121584,21.798012,19.006315,18.97741,14.456509,17.174873,14.175293,17.83895
30,28.917152,24.688309,23.75174,19.244484,16.605648,17.961914,12.563326,15.0426855,10.585494,16.454369,15.271064,17.96644,20.352962,19.855043,19.313257,16.15075,17.712078,14.219677,16.787205,14.258803,19.305525,20.907911,21.241957,17.457836,18.952469,14.105711,14.9396105,10.153,6.542182,7.235971,0.0,6.8034544,10.0531845,13.098512,14.221954,17.72089,19.90746,17.567766,15.27996,11.862481,11.182234,7.9215813,5.976746,4.6038456,9.023765,8.27365,13.077125,13.0517,16.499784,18.7373,18.37892,14.088671,17.601435,13.39968,14.664791,14.318362,9.202621,11.58388,12.34527,10.402301,9.76857,8.408033,9.742761,13.32603,16.68848,18.14138,17.711985,19.026442,18.14803,17.515188,16.47298,18.159878,14.471481,18.461002,16.113178,19.886272,19.93383,19.952456,23.670803,22.859804,18.234888,15.843818,13.158432,9.390182,10.177055,6.0652766,8.21874,9.978522,11.852494,15.643857,17.071121,20.335037,22.948753,24.60969,26.43355,24.906439,22.489405,20.878056,17.29305,19.125122,14.488254,16.964338,15.299986,17.873175,22.373625,22.132927,19.526995,21.728022,17.155323,20.898289,19.004168,22.491795
31,33.001453,28.974564,28.55561,23.613066,21.676935,22.711664,18.150785,20.290548,15.695637,21.232964,17.841484,21.210249,23.381422,22.37752,23.043442,19.030796,20.898151,16.780281,19.269451,16.816553,20.6762,23.486444,22.66813,18.643442,20.69785,15.897229,16.763731,12.028285,10.681226,6.7538705,6.8034544,0.0,8.104592,9.124087,10.674982,14.262058,15.167736,13.015766,9.83132,5.707214,7.548733,4.380251,6.3066287,8.924186,10.08593,11.904254,15.096007,16.831274,20.165884,23.209602,23.65762,19.60647,23.914955,20.13594,21.192024,20.396235,15.299053,16.654173,16.613335,13.383302,11.584169,12.380243,12.700866,14.823144,18.19767,17.811373,16.023355,15.919964,14.174662,12.357527,11.099108,11.693103,7.7528744,11.746647,9.96234,14.021277,14.895652,15.795081,19.658054,20.26662,16.680841,14.259361,12.507219,8.952087,7.6445827,7.85172,5.753277,10.258113,11.065151,15.100661,16.766764,19.361021,22.177351,22.64508,23.626263,21.354,19.216547,16.835098,13.70135,15.9346695,10.87782,14.925403,12.498178,16.673985,21.602505,19.69449,16.573078,18.041977,12.397316,15.609614,13.577023,16.394478
32,38.623264,34.54425,33.25703,28.79491,26.156134,26.44523,21.672817,21.937025,17.32166,20.294619,16.353468,17.870285,21.51583,21.607277,23.44144,20.555855,23.683985,20.558693,24.221258,22.603065,26.94734,29.75299,29.8642,26.054352,28.010609,23.104383,23.645613,18.82016,16.264692,14.029229,10.0531845,8.104592,0.0,6.0713687,4.458071,8.061605,10.561007,8.404302,7.5465794,7.2770724,5.247399,8.318615,6.101879,12.087392,15.701729,16.948296,20.816599,22.437405,25.124825,27.931852,27.091806,22.192724,25.484861,21.652594,20.825943,19.224274,14.363666,13.47466,12.081334,8.455259,7.0646715,11.831029,13.86372,16.247328,20.658722,21.202265,21.133036,19.364395,19.861265,16.712692,17.342247,16.348652,12.836771,14.910091,12.036616,15.571318,14.463102,15.750426,18.134098,18.181215,13.968528,10.031928,10.192729,8.036263,9.458601,11.344262,13.166966,17.360256,18.962135,23.035242,24.623446,27.416283,30.070715,30.72386,31.545807,29.154398,27.121391,24.441544,21.46341,23.21264,17.740294,21.198278,17.081738,20.613678,25.208796,23.706783,20.77164,23.882458,18.21363,21.490326,20.27032,22.074732
33,39.554283,35.843163,34.451324,29.825338,27.663986,27.14665,23.40928,22.988245,18.52573,21.308239,15.657765,18.287943,20.826921,20.211586,22.940575,19.49188,22.801481,19.624142,23.385761,22.410547,25.838339,29.599497,29.641464,26.231812,29.0908,24.102589,25.741617,20.923397,18.77665,15.819764,13.098512,9.124087,6.0713687,0.0,5.1549,6.3046727,8.405346,8.494019,5.214033,5.482567,9.006652,11.360874,10.978251,16.218143,18.908175,20.360096,24.033741,25.41259,28.78114,31.549221,31.3148,26.741138,30.050278,25.52855,25.55162,24.393297,19.214804,18.683268,16.348679,14.022654,13.078786,17.354973,19.07661,21.339115,25.456831,25.22831,23.97743,22.119877,21.208935,17.69262,17.29971,15.083802,10.9694605,11.337768,7.4166107,10.116742,8.447358,9.78672,12.232543,12.957084,9.800707,6.726869,7.5882673,6.8607593,6.617331,11.510091,12.681579,17.17474,19.180437,23.043303,25.33468,27.341936,30.654799,30.242868,30.886986,27.868944,25.673056,22.433132,19.737104,20.671118,15.197675,18.38572,13.35578,17.066708,21.462524,19.246288,16.355474,19.909367,14.507951,17.679293,17.57341,18.93909
34,42.472157,38.480457,37.24474,32.675247,30.207125,30.252804,25.786406,25.7349,21.163237,23.659822,18.81231,20.258123,23.79608,23.81327,26.374392,23.386845,26.74085,23.60826,27.33502,25.91959,29.810476,33.08482,32.926212,29.137678,31.31364,26.445646,27.030432,22.276962,20.18256,17.131592,14.221954,10.674982,4.458071,5.1549,0.0,4.235754,6.135009,4.542647,4.6891427,7.1435714,6.3595896,10.866384,10.007778,16.155817,19.004381,20.807072,24.241852,26.323969,28.954464,31.985367,31.30613,26.428463,29.867363,26.10857,25.147404,23.395767,18.703545,17.416086,15.610677,12.094051,10.62188,15.812024,17.497805,19.226229,23.55427,23.427511,23.061543,20.286648,20.85609,16.894197,17.925072,15.710455,12.69906,13.393847,10.740342,13.693128,12.304295,14.395262,16.010393,16.964773,13.740072,9.803345,11.451428,10.445911,11.127106,14.695305,15.693762,20.310337,21.676699,25.671139,27.336508,29.795523,32.487713,32.599377,32.983578,30.250835,28.432339,25.407341,22.855793,24.500698,19.116476,22.825283,18.196217,22.047144,26.524431,24.334867,21.365822,24.422373,18.629356,21.368769,20.51408,21.430262
35,45.33567,41.510277,39.955116,35.489872,33.04397,32.513924,28.50586,27.609535,23.25289,24.7337,19.172361,20.261894,23.67841,23.804611,27.11573,24.393383,28.107029,25.353298,29.361256,28.460724,32.076454,35.71355,35.818398,32.27579,34.82108,29.869984,30.88808,26.082256,23.836378,20.921017,17.72089,14.262058,8.061605,6.3046727,4.235754,0.0,4.5858545,5.950252,6.6052947,10.035259,10.549792,14.9958515,14.023145,20.089003,23.117027,24.777294,28.352844,30.204557,33.0135,35.917946,35.152542,30.232422,33.313625,29.234053,28.155785,26.440363,21.816982,20.096207,17.446968,14.842506,13.979903,19.584162,21.556,23.36014,27.729317,27.586344,27.13571,24.110518,24.53747,20.326065,21.217632,18.326624,15.341088,14.79289,11.805961,13.581043,11.151897,13.258668,13.675337,14.707687,12.25472,8.594341,11.573624,11.975893,12.762375,17.19715,18.693375,23.262255,24.995766,28.926159,30.889557,33.086758,36.04976,35.77595,36.08958,33.079758,31.196814,27.911,25.502716,26.653158,21.298178,24.601795,19.40553,22.881504,26.95511,24.703444,21.980669,25.60435,20.197897,22.80776,22.674187,23.155695
