,0,1,2,3,4,5,6,7,8,9,10,11,12,13,14,15,16,17,18,19,20,21,22,23,24,25,26,27,28,29,30,31,32,33,34,35,36,37,38,39,40,41,42,43,44,45,46,47,48,49,50,51,52,53,54,55,56,57,58,59,60,61,62,63,64,65,66,67,68,69,70,71,72,73,74,75,76,77,78,79,80,81,82,83,84,85,86,87,88,89,90,91,92,93,94,95,96,97,98,99,100,101,102,103,104,105,106,107,108
0,0.0,4.28324,7.9169455,10.7777,13.550363,16.331776,18.323631,22.783188,24.630657,29.130194,33.985546,36.352116,36.111164,34.494705,29.931477,28.46459,25.030832,24.218103,21.836632,20.377375,20.14201,16.536877,19.754635,21.693233,19.634228,21.574873,21.865698,23.515717,23.008871,28.107037,27.988354,33.51297,36.870773,40.784378,41.47094,44.960007,47.31723,44.497738,42.653603,39.477665,37.09032,32.811604,31.762733,25.597944,25.589607,21.942768,21.630075,17.646906,14.549969,12.296073,10.710184,15.236107,14.64868,20.3537,21.076452,21.723644,25.428877,29.110184,32.25976,33.220474,31.662388,30.466293,27.441519,29.384302,24.989115,30.890234,29.420578,33.38731,33.74646,34.73995,37.253117,40.921406,39.376637,44.19554,43.12413,47.54464,47.00385,44.889503,48.828976,48.039143,43.21738,40.99492,37.218052,34.49882,35.26313,29.134947,30.248182,26.556524,27.025337,26.878218,26.838005,27.483974,32.80956,34.051376,32.847523,33.166435,32.93547,34.707275,33.465553,36.331043,35.30565,38.878235,39.447258,40.670303,40.34834,40.40561,43.142925,40.946968,44.48377
1,4.28324,0.0,4.6939616,6.790481,9.365048,12.718401,14.142349,18.983282,20.521734,25.389126,29.926153,32.484463,32.36795,30.768639,26.416723,24.677748,21.488735,20.341125,18.346985,16.728233,17.177433,14.076479,17.744589,18.990313,17.23834,18.369942,18.796371,19.852573,18.984522,24.183594,23.75458,29.378616,32.595642,36.54721,37.201057,40.679657,43.064728,40.26961,38.44331,35.31764,32.899345,28.694386,27.524906,21.391808,21.714771,17.94644,18.133883,13.868723,11.403808,9.482523,6.907969,11.111922,11.406421,17.116863,17.500675,17.827652,21.54147,25.234316,28.669622,29.413387,27.684286,26.816433,23.784838,26.011196,21.958878,27.756145,26.386486,29.915197,30.561832,31.230276,33.77924,37.26223,35.513737,40.279896,39.07528,43.51385,42.912853,40.73729,44.699707,43.890526,39.066074,36.775623,32.987972,30.25959,31.084145,24.94881,26.298086,22.815985,23.540056,23.847483,24.069086,25.080902,30.430641,31.271505,29.88609,29.862709,29.470327,30.998163,29.75956,32.40981,31.426487,35.028286,35.75326,36.85555,36.835167,36.588474,39.501583,37.308014,40.933727
2,7.9169455,4.6939616,0.0,5.206993,6.690328,8.691405,11.113486,14.910883,17.09036,21.247173,26.299976,28.52554,28.21978,26.706507,22.115423,20.864895,17.640722,17.156582,15.564618,14.891051,14.944477,12.908398,17.736591,18.934553,18.390978,18.32133,19.839323,19.852118,17.976381,23.583498,21.841347,27.98332,30.519976,34.33971,35.161858,38.35926,41.133194,38.59722,36.733547,33.709583,31.521702,27.658371,25.916256,20.11611,21.60736,17.552006,19.008615,13.991121,13.11372,10.977321,6.626582,9.055969,8.084214,13.955063,13.481811,14.003256,18.0974,21.504751,24.65928,25.963058,24.51893,24.081459,21.638857,24.400206,21.299513,27.234695,26.695972,29.636837,31.107021,31.44743,33.70099,36.971535,34.646996,39.248837,37.539734,41.9025,40.876587,38.390823,42.11454,40.911938,35.91344,33.77769,30.056068,27.683065,28.848755,22.723164,25.04603,21.710861,23.350079,24.18178,25.143297,26.032972,31.616148,31.629908,29.816576,29.710688,28.439596,29.747044,27.676617,30.137556,28.462997,32.08196,33.041725,34.388374,34.90269,34.829945,38.077187,36.29769,40.174923
3,10.7777,6.790481,5.206993,0.0,3.849298,7.1622434,8.583878,13.48963,14.771628,20.18285,23.969402,27.085028,26.57022,24.682491,20.733202,18.341887,15.257876,13.644974,11.794791,10.1685095,11.31012,9.404972,13.816924,14.173222,13.779365,13.192265,14.915969,14.770095,13.077579,18.690496,17.642458,23.436794,26.805937,30.288635,31.390461,34.705467,37.19025,34.674786,32.51061,29.26147,27.536964,23.282587,22.036879,16.040504,16.984938,12.906719,14.453438,9.03962,8.944865,6.930737,2.0334218,4.534392,5.8792977,10.974493,11.567519,11.845348,14.969989,18.865475,22.471525,22.769108,20.98282,20.08616,17.130531,19.689869,16.394836,22.160868,21.537266,24.44319,25.979874,26.414684,28.537548,31.910717,29.68213,34.358246,32.85438,37.222126,36.42392,34.200306,38.07446,37.309006,32.57875,30.475426,26.731121,23.91759,24.625847,18.499956,20.129564,16.636663,18.14821,19.041962,20.161709,21.16839,26.695621,26.530663,24.704943,24.505905,23.39145,24.746813,23.109846,25.699495,24.645086,28.2423,28.995739,30.100574,30.308107,30.069511,33.162777,31.234726,35.05399
4,13.550363,9.365048,6.690328,3.849298,0.0,5.4396396,4.9025097,10.337218,11.271129,16.813404,20.654486,23.605125,23.538721,21.961664,18.137009,15.876674,13.4328785,11.702415,11.282419,10.05686,12.157567,11.702428,16.304094,15.856085,15.948334,14.185769,15.849339,14.519457,11.839485,17.459652,15.167111,21.395355,23.876352,27.698177,28.5107,31.751007,34.45635,31.947206,30.047056,27.067543,24.932331,21.141886,19.299864,13.603206,15.766533,11.662728,14.312168,9.217758,10.569486,9.875188,5.4029093,3.234398,6.5056148,10.746156,9.55399,8.916033,12.695347,16.241327,20.201988,20.65821,18.699854,18.906418,16.35992,19.576866,17.298405,22.593998,22.179588,24.171387,26.079865,25.842503,28.09948,30.995142,28.397831,32.881527,31.036024,35.423233,34.39895,31.90332,35.74249,34.671394,29.755121,27.460234,23.688423,21.135838,22.29393,16.161695,18.824669,16.058495,18.134558,19.835344,21.20339,22.725393,27.978943,27.357615,25.335873,24.561892,23.134624,23.929592,22.09496,24.09866,22.760605,26.411165,27.609486,28.60032,29.572264,28.824821,32.30178,30.459787,34.401768
5,16.331776,12.718401,8.691405,7.1622434,5.4396396,0.0,6.056807,7.156056,10.01078,13.871225,18.464575,21.066565,20.01503,18.180653,13.795675,12.215062,9.019284,9.025655,8.522155,9.586176,9.801943,10.888043,16.343826,16.534117,18.131008,15.720017,18.966585,17.14006,13.804925,19.502905,15.944273,22.385412,24.361368,27.416409,28.87654,31.586687,34.738995,32.76759,30.545826,27.5563,26.402916,22.967066,20.739954,15.916637,18.9004,14.904284,18.305887,12.828202,14.911821,13.171773,8.842914,6.042123,3.9598985,6.9920373,4.81795,5.821021,9.666606,12.9414015,16.002619,17.398052,16.246067,16.3123,14.829561,18.379082,17.323027,22.805182,23.705156,25.38251,28.2512,28.117823,29.618626,32.48961,29.313995,33.543526,31.154692,35.28221,33.71184,30.9481,34.32072,32.842243,27.830261,26.087238,22.534729,20.478205,21.817844,16.000608,19.523901,16.62824,19.747536,21.470211,23.68657,24.41027,29.94397,28.453253,25.997068,25.66474,22.989458,23.846483,20.611715,22.727867,20.269907,23.858349,25.072914,26.639904,27.892164,27.991201,31.633863,30.530645,34.691147
6,18.323631,14.142349,11.113486,8.583878,4.9025097,6.056807,0.0,6.7056,6.47557,12.5898905,15.926561,18.970173,19.304964,18.006836,14.721202,12.319345,11.081543,9.012108,10.701451,10.124625,13.153334,14.339358,18.769943,17.430819,18.306051,15.205821,17.077026,14.322604,10.502451,15.707182,11.631925,18.246641,19.63935,23.6096,24.270756,27.329378,30.305635,27.942907,26.217787,23.54063,21.277899,18.134531,15.566961,10.705624,14.531553,10.804892,14.815264,10.520626,13.486492,13.6776905,9.8756,5.3514967,8.956986,10.839116,7.7694182,5.4913898,9.467073,12.39628,16.833305,17.196236,15.012161,16.612812,14.738558,18.599346,17.792696,22.26397,22.332901,23.09152,25.6221,24.63659,26.79013,29.071865,25.958832,30.10642,27.800219,32.12223,30.788448,27.997366,31.73649,30.35855,25.300663,22.862654,19.097216,16.86105,18.518246,12.583123,16.583227,14.870412,17.703653,20.288248,22.099874,23.992895,28.839306,27.495234,25.216833,23.843063,21.89119,21.976881,19.847282,21.068163,19.423164,23.052767,24.74958,25.575262,27.452744,26.15553,30.043522,28.426062,32.483753
7,22.783188,18.983282,14.910883,13.48963,10.337218,7.156056,6.7056,0.0,4.5954247,6.7879953,11.774847,13.928409,13.414196,12.250162,8.277506,7.4784117,6.9906745,7.6688566,10.754995,12.638867,14.007369,16.752794,21.658903,20.758379,22.938896,19.232761,22.34627,19.067886,14.731669,19.418854,13.564845,20.055504,19.909275,23.018347,24.205032,26.396278,30.077858,28.456635,26.633762,24.291954,22.994389,20.851456,17.58153,14.644533,19.422752,16.154453,20.70047,16.317118,19.654476,19.064579,15.0592165,10.655515,10.805586,10.362245,4.790481,2.5009298,6.720392,7.7959714,11.288007,13.338692,12.241398,14.950089,14.963183,19.270596,20.276493,24.473461,25.924088,25.947401,29.51669,28.372524,29.733433,31.647009,27.782896,31.35932,28.236813,32.13282,29.979269,26.674032,29.693253,27.487808,22.162601,20.324839,16.962803,15.908366,18.20292,13.282304,18.725069,17.468044,21.363384,24.113604,26.707933,27.96731,32.88837,30.569212,27.84718,26.712896,23.380913,23.176472,19.410994,20.159039,16.836561,20.273367,22.396912,23.808035,26.615505,25.969238,30.203508,29.540855,33.797287
8,24.630657,20.521734,17.09036,14.771628,11.271129,10.01078,6.47557,4.5954247,0.0,7.252712,9.4726715,12.710567,13.312616,12.427283,10.291692,8.007827,9.250488,7.710399,11.888606,12.653692,15.614105,18.38379,22.544622,20.655659,22.556868,18.362883,20.755352,16.835787,12.319607,16.175425,9.701088,16.127708,15.518792,19.1545,19.915691,22.369698,25.90574,24.06772,22.462067,20.30304,18.49432,16.657043,13.116347,10.839649,16.216665,13.545002,18.410332,15.07531,18.991175,19.406185,16.00456,11.026875,13.368424,12.595028,8.132664,4.771759,6.7974906,7.5404243,12.275748,12.734738,10.608841,14.418154,14.11925,18.469807,19.769411,23.074724,24.108047,23.350647,26.809828,25.090395,26.709635,28.1558,24.281971,27.730293,24.641895,28.649479,26.680958,23.399187,26.73692,24.749445,19.458492,17.061422,13.449967,12.134822,14.669126,9.85261,15.743852,15.511986,19.241047,22.533308,24.958107,26.856604,31.207106,28.856123,26.250223,24.43192,21.528233,20.732998,17.817953,17.845203,15.345087,18.756475,21.164227,21.92827,25.118177,23.43615,27.804953,26.819256,30.973509
9,29.130194,25.389126,21.247173,20.18285,16.813404,13.871225,12.5898905,6.7879953,7.252712,0.0,7.4607153,7.485242,8.00209,8.591483,6.3112545,8.16319,10.587514,11.98882,16.124403,18.359407,19.79628,23.138374,27.786613,26.51169,29.010223,24.792488,27.777346,23.844006,19.299385,22.795063,15.783383,21.374628,18.811182,21.619925,22.437643,23.740393,27.985043,26.92128,25.659472,24.210987,22.918478,22.341707,18.35474,17.665678,23.264227,20.77547,25.6602,22.098057,25.81456,25.65338,21.748184,17.159601,17.4749,16.078835,10.728468,8.857727,10.183636,7.8538814,9.921457,12.9181595,12.484233,17.234287,18.625736,22.978174,25.34005,28.533024,30.420914,29.268242,33.267273,31.419296,32.54517,33.5727,29.233004,31.97494,28.209787,31.621935,28.844246,25.045507,27.366077,24.2168,18.72269,17.032633,14.391243,15.067298,18.22134,15.154955,21.517908,21.570784,25.731699,28.964973,31.745525,33.216377,37.65531,34.768368,31.9199,30.334314,26.562944,25.554367,21.452671,20.87374,16.780039,19.565039,22.466131,23.75545,27.915419,26.811504,31.369982,31.260597,35.43798
10,33.985546,29.926153,26.299976,23.969402,20.654486,18.464575,15.926561,11.774847,9.4726715,7.4607153,0.0,5.5415154,6.540434,7.164205,9.64051,8.818106,13.089058,12.836418,17.678919,19.3584,21.808592,25.68627,29.222422,26.89588,29.698786,24.772625,27.520012,22.905832,18.576427,20.266693,13.077709,16.802122,13.008861,14.789995,15.905867,16.651413,21.010468,20.48257,19.123617,18.167662,17.821608,18.312555,14.492293,16.21102,21.718584,20.428053,25.420147,23.080355,27.527077,28.068651,25.100706,20.00909,21.561422,18.808657,14.826713,12.652395,11.054204,7.578913,9.858221,9.973089,9.008477,15.226399,17.208124,21.173351,24.782812,26.314985,28.463278,25.925665,30.287296,27.859901,28.515356,28.693607,24.060818,26.026516,21.910915,24.940569,21.929358,17.98143,20.166513,16.979824,11.455143,9.581834,7.280156,9.14861,12.563711,11.903131,18.2037,19.779434,23.899797,27.577543,30.521807,32.245594,35.77053,32.28448,29.459806,27.289972,23.432438,21.533478,17.935013,15.931864,12.390318,14.505347,17.931393,18.454647,23.543045,21.463648,26.137718,26.293947,30.240248
11,36.352116,32.484463,28.52554,27.085028,23.605125,21.066565,18.970173,13.928409,12.710567,7.485242,5.5415154,0.0,5.589057,8.594877,10.619642,12.318612,16.208334,17.108318,21.751228,23.83963,25.730793,29.516726,33.592728,31.6912,34.42364,29.697365,32.43191,27.937904,23.498646,25.504143,18.214415,22.056479,17.269869,19.215174,19.62178,19.711164,24.31544,24.032757,23.391872,23.047575,22.108837,23.220371,19.078833,20.783281,26.559326,25.050512,30.038582,27.463236,31.62366,31.992527,28.48636,23.592688,24.525824,22.29828,17.556574,15.585526,15.16862,11.455327,12.161547,14.148305,14.059412,20.012959,22.262693,26.308372,29.814062,31.706284,33.875027,31.455896,35.7409,33.209656,33.996773,33.995693,29.364906,31.032064,26.789902,29.4817,26.206497,22.117313,23.568876,19.584833,14.348338,12.927555,11.754205,14.394444,17.906317,17.318651,23.699284,25.109083,29.246687,32.879787,35.764313,37.483856,41.191936,37.768967,34.916637,32.817616,28.893429,27.038979,23.185144,21.168764,17.160425,18.847292,22.342781,23.114477,28.458586,26.62684,31.273523,31.658821,35.535645
12,36.111164,32.36795,28.21978,26.57022,23.538721,20.01503,19.304964,13.414196,13.312616,8.00209,6.540434,5.589057,0.0,3.6382277,7.113059,9.419636,13.266089,15.135246,19.300322,22.144455,23.089376,27.30637,31.246897,29.728477,33.11256,28.363422,31.964514,27.66734,23.295654,25.652407,18.678576,22.535107,19.230618,19.850122,21.61509,21.549732,26.03147,26.154737,24.575935,23.601625,24.16245,24.47031,20.876276,21.96439,27.297092,25.513802,30.511595,27.308989,31.54099,31.26086,27.915888,23.132786,22.96986,19.723892,15.718496,14.732605,13.12468,8.904995,7.4661374,10.411276,11.61355,16.763298,19.791855,23.594982,27.620035,29.603354,32.561836,30.441998,35.20727,33.262966,33.388435,33.85459,29.075153,30.840933,26.517965,29.018291,25.516857,21.555191,22.645557,18.805605,13.770909,13.634841,12.614204,14.778096,17.604883,17.0211,23.029156,23.83063,28.314392,31.586676,34.90291,35.911846,39.86319,36.037727,32.990368,31.514692,26.863565,25.413843,20.562239,19.052168,14.094745,15.605634,18.813713,20.291151,25.360966,24.714806,29.193764,30.155327,34.144756
13,34.494705,30.768639,26.706507,24.682491,21.961664,18.180653,18.006836,12.250162,12.427283,8.591483,7.164205,8.594877,3.6382277,0.0,5.4103127,6.63664,10.456334,12.450713,16.324978,19.38793,20.03391,24.434814,28.143883,26.703087,30.358076,25.612371,29.590065,25.445768,21.206625,23.728771,17.150223,21.055023,18.993944,19.164858,21.626171,21.863432,26.096996,26.171562,24.002373,22.476767,23.722227,23.340612,20.174063,20.736315,25.657845,23.765497,28.675787,25.24037,29.507732,28.974443,25.899057,21.189915,20.721697,16.868116,13.575371,13.062797,10.519681,6.31833,3.9718637,7.10508,8.855687,13.383676,16.638498,20.31567,24.484936,26.523842,29.775322,27.912441,32.831078,31.260698,31.112444,31.95451,27.206165,29.234318,25.045929,27.655184,24.279207,20.531279,21.855114,18.571268,13.649733,13.797277,12.403301,13.746127,16.035387,15.1372,20.76456,21.159266,25.746925,28.801388,32.288986,32.965984,37.019466,33.083378,29.974522,28.815691,23.912306,22.758026,17.510326,16.497393,11.218881,13.008211,15.927402,17.744219,22.380884,22.2959,26.666773,27.713018,31.788874
14,29.931477,26.416723,22.115423,20.733202,18.137009,13.795675,14.721202,8.277506,10.291692,6.3112545,9.64051,10.619642,7.113059,5.4103127,0.0,5.182009,7.121914,10.434304,13.712854,17.114038,17.094545,21.104843,25.558409,24.811007,28.196095,23.962126,28.05292,24.39864,20.070417,23.776585,17.368383,22.572495,21.37928,22.643892,24.765888,25.713041,29.855463,29.328419,27.19415,25.228704,25.636715,24.432913,21.15977,20.161928,25.0416,22.393763,27.1763,22.968561,26.746284,25.73783,22.165268,17.842484,16.484217,13.421052,9.331058,9.417837,8.576457,5.773862,4.670349,9.444113,10.602904,13.908318,16.290024,20.28166,23.316366,26.594965,29.487476,28.654722,33.21567,32.04298,32.335026,33.819675,29.341234,32.072674,28.237566,31.340483,28.339682,24.737951,26.603254,23.648575,18.55717,18.065552,15.832645,16.236599,18.54745,15.79575,21.468582,20.80772,25.348015,28.095243,31.412098,31.967772,36.65115,33.2506,30.17671,29.366655,24.728058,24.221401,18.967247,19.071775,14.047988,16.631632,19.01762,21.10213,24.78941,25.094875,29.3829,29.953302,34.198856
15,28.46459,24.677748,20.864895,18.341887,15.876674,12.215062,12.319345,7.4784117,8.007827,8.16319,8.818106,12.318612,9.419636,6.63664,5.182009,0.0,4.485965,5.8992352,9.891527,12.859027,13.774711,18.014881,21.842432,20.447762,23.915977,19.352547,23.451632,19.637808,15.417122,18.88071,12.857086,17.920748,17.9549,19.047602,21.56828,22.998472,26.738289,25.993475,23.41211,20.970213,21.811811,20.011644,17.249846,16.049452,20.500595,18.07585,22.833485,18.919163,23.06374,22.364302,19.432884,14.778089,14.46984,10.606718,7.6292825,7.2819276,3.9670525,1.4000757,4.673629,5.999519,6.0583615,9.293169,11.32648,15.454782,18.635431,21.583763,24.415363,23.473879,28.066708,26.98305,27.195402,28.84414,24.466198,27.468958,23.890484,27.251528,24.620878,21.307693,23.771368,21.609764,16.637362,15.869608,13.119825,12.423804,14.18278,11.006968,16.361458,15.706683,20.28432,23.121197,26.499636,27.145939,31.627953,28.17912,25.128128,24.194397,19.650465,19.149906,14.140615,14.509793,10.07493,13.26352,15.447434,17.235268,20.533031,20.54007,24.806633,25.064283,29.344687
16,25.030832,21.488735,17.640722,15.257876,13.4328785,9.019284,11.081543,6.9906745,9.250488,10.587514,13.089058,16.208334,13.266089,10.456334,7.121914,4.485965,0.0,4.707514,6.6421266,10.377591,10.007486,14.1479845,18.43826,17.838043,21.350763,17.35515,21.90609,18.826294,14.9241905,19.343708,14.39273,19.905115,21.220526,22.519756,25.112137,26.902655,30.389648,29.38363,26.602251,23.728148,24.49246,21.837439,19.507492,16.891287,20.614267,17.580809,21.9203,17.193058,20.81766,19.38036,16.359076,12.3199215,10.610926,6.4770336,4.339344,6.0085626,3.9598172,5.737347,7.4230247,9.023085,9.152096,9.548405,10.605795,14.528888,16.63441,20.694801,23.462416,23.64272,27.958635,27.545431,27.81277,30.157686,26.143541,29.635576,26.487644,30.021454,27.72813,24.746302,27.38763,25.622372,20.855362,20.111126,17.186289,15.825229,17.050457,12.831609,17.192705,15.226098,19.62608,21.850252,25.189825,25.35519,30.392918,27.31462,24.303488,24.015913,19.613918,19.955254,14.94009,16.570234,12.650616,15.951292,17.331848,19.438395,21.53335,22.343523,26.232494,26.280674,30.581814
17,24.218103,20.341125,17.156582,13.644974,11.702415,9.025655,9.012108,7.6688566,7.710399,11.98882,12.836418,17.108318,15.135246,12.450713,10.434304,5.8992352,4.707514,0.0,4.915441,7.0113425,9.064022,12.945768,16.504076,14.829117,18.050684,13.572319,17.748821,14.303876,10.321835,14.643331,10.104548,15.666694,17.96389,19.575401,22.052454,24.358652,27.431154,26.066355,23.183342,20.035477,20.63151,17.479027,15.567924,12.593061,15.995406,13.1617365,17.582664,13.329201,17.456703,16.745655,14.36701,9.787664,10.385225,6.6361833,5.8387346,5.6487784,2.0285473,6.2725043,10.08467,9.149564,7.552758,7.8352556,7.3144584,11.6235485,13.411201,17.146305,19.373423,19.36664,23.4993,22.941343,23.475622,25.860598,22.03568,25.825401,23.017124,26.871416,25.04865,22.339903,25.584328,24.441378,19.814642,18.547827,15.240938,12.925157,13.715041,8.716492,12.737164,10.842913,15.217471,17.796034,21.019497,21.69695,26.467743,23.548082,20.646847,19.889484,16.004215,16.196245,12.150918,13.845498,11.324879,14.94867,16.25072,17.656952,19.466084,19.382713,23.280268,22.71405,27.001225
18,21.836632,18.346985,15.564618,11.794791,11.282419,8.522155,10.701451,10.754995,11.888606,16.124403,17.678919,21.751228,19.300322,16.324978,13.712854,9.891527,6.6421266,4.915441,0.0,4.353887,4.1598387,8.371809,11.994963,11.22926,14.8662,11.129448,16.165453,13.932313,11.034911,15.852569,13.380831,18.413502,22.068691,23.34554,26.111063,28.558054,31.28262,29.859653,26.66216,23.124262,24.125103,20.215797,19.114086,15.15665,17.058094,13.88604,17.337345,12.342937,15.703559,13.941805,12.16304,8.939009,7.835084,3.0115917,6.871287,8.474188,6.6532335,10.649175,13.201098,12.407755,11.451942,8.788628,7.0100794,10.187147,10.462529,15.4854765,17.83446,19.240427,23.054716,23.486982,23.778608,26.958338,23.654053,27.786133,25.523344,29.335443,27.876764,25.64008,28.878946,28.21397,23.968657,23.00171,19.807032,17.156925,17.205532,12.198857,14.172548,10.653603,14.48084,15.976166,19.249052,19.039516,24.397158,21.800343,18.972263,19.221542,15.503742,16.8233,12.951377,15.98773,14.08101,17.459064,17.80425,19.514055,19.821825,20.838747,24.07714,23.428522,27.593239
19,20.377375,16.728233,14.891051,10.1685095,10.05686,9.586176,10.124625,12.638867,12.653692,18.359407,19.3584,23.83963,22.144455,19.38793,17.114038,12.859027,10.377591,7.0113425,4.353887,0.0,5.4998107,7.582998,10.133249,8.178853,11.102032,7.1057,11.838064,9.836293,7.566255,12.619185,11.80863,16.517626,21.205353,22.930813,25.342484,28.27695,30.52619,28.680573,25.545853,21.824705,22.359924,17.84346,17.39717,12.666082,13.420747,10.225638,13.164206,8.293951,11.841732,10.688849,9.93162,6.985203,8.484538,6.4530015,9.644533,10.139726,9.0308895,13.261881,16.69729,15.035361,13.194837,10.639132,7.0870876,9.616841,7.955889,13.236321,14.437326,16.37622,19.536224,20.117695,20.897253,24.345514,21.567917,26.073923,24.396328,28.47474,27.602663,25.72581,29.43601,29.290493,25.222645,23.808983,20.413399,17.141245,16.774343,11.346611,11.918474,7.806683,10.887055,12.353199,15.2667465,15.591921,20.935535,18.947533,16.417835,16.363203,13.809678,15.294561,13.095357,16.201315,15.737274,19.11278,19.324387,20.373034,20.1505,20.365532,23.347471,21.917414,25.919212
20,20.14201,17.177433,14.944477,11.31012,12.157567,9.801943,13.153334,14.007369,15.614105,19.79628,21.808592,25.730793,23.089376,20.03391,17.094545,13.774711,10.007486,9.064022,4.1598387,5.4998107,0.0,4.7801347,8.54885,9.256665,12.977149,10.5152445,15.856314,14.890619,13.062847,17.91435,16.77851,21.43176,25.801252,26.958511,29.819696,32.369987,34.86692,33.377106,30.03943,26.307556,27.446058,23.118849,22.49743,18.002455,18.859087,15.587952,18.056747,12.783904,15.079067,12.331535,11.293966,9.878042,7.333535,3.9850001,9.61049,11.782774,10.761649,14.653824,16.631681,16.024004,15.356941,11.605239,9.362403,11.04512,9.56184,15.4750395,17.673517,20.269686,23.605406,24.807362,24.973621,28.688131,25.863604,30.178085,28.34455,32.096657,30.917534,29.003763,32.22649,31.854836,27.83725,27.006313,23.857319,21.050726,20.749998,15.803566,16.588839,12.274488,15.218052,15.629114,18.698483,17.677523,23.454666,21.329037,18.71789,19.816875,16.540632,18.636116,15.209821,18.891779,17.419672,20.552542,20.308668,22.143713,21.392063,23.121492,25.794477,25.057596,29.019976
21,16.536877,14.076479,12.908398,9.404972,11.702428,10.888043,14.339358,16.752794,18.38379,23.138374,25.68627,29.516726,27.30637,24.434814,21.104843,18.014881,14.1479845,12.945768,8.371809,7.582998,4.7801347,0.0,5.805607,8.188828,10.447156,10.019248,14.553656,15.031992,14.232055,19.219444,19.292503,23.898731,28.761702,30.416945,32.925335,35.820393,38.070442,36.22615,33.03276,29.217089,29.773817,25.04206,24.755476,19.477154,19.351988,15.916459,17.212006,11.848215,12.582179,8.910048,8.8096075,9.744637,7.268358,7.7170486,12.603782,14.547574,14.731116,18.844246,21.155714,20.657642,19.685095,16.055733,13.111015,14.085919,10.426288,16.822353,17.832123,21.581434,23.91595,25.61218,26.220577,30.314892,28.110764,32.710297,31.38246,35.290985,34.516575,32.819313,36.29452,36.13969,32.11073,30.991673,27.661638,24.596542,24.218945,18.912659,18.925394,14.233844,15.944624,15.496263,17.739492,16.55891,22.62602,21.613842,19.517773,20.911581,18.827694,21.287176,18.934925,22.746328,21.874907,25.025774,24.65067,26.250946,24.942074,26.485731,28.802021,27.54833,31.265167
22,19.754635,17.744589,17.736591,13.816924,16.304094,16.343826,18.769943,21.658903,22.544622,27.786613,29.222422,33.592728,31.246897,28.143883,25.558409,21.842432,18.43826,16.504076,11.994963,10.133249,8.54885,5.805607,0.0,4.8781586,7.318977,8.503565,12.857928,14.587463,15.391152,19.11245,21.112219,24.33754,30.38271,31.390615,34.200214,37.16938,38.815453,37.01794,33.495247,29.44261,30.7309,25.612276,26.346203,21.316916,19.655483,17.080326,17.146025,13.107085,13.33729,10.200189,12.554049,13.86895,12.941849,12.398627,17.654497,19.280632,18.454077,22.525747,24.800474,23.228516,22.122501,17.459244,13.975246,13.138297,7.969676,13.76822,14.47574,19.225817,20.978693,23.618801,23.729774,28.29643,26.819689,31.433989,30.827616,34.51988,34.315033,33.286156,36.817196,37.431774,34.029846,33.093212,29.956615,26.501814,25.307804,20.685133,18.800884,13.892047,14.23955,12.358339,14.372037,11.969757,18.012266,17.397732,15.751713,18.044802,16.82921,19.956957,18.790834,23.02407,23.358528,26.100636,25.020788,26.2818,23.673273,25.54206,26.979258,25.491072,28.74009
23,21.693233,18.990313,18.934553,14.173222,15.856085,16.534117,17.430819,20.758379,20.655659,26.51169,26.89588,31.6912,29.728477,26.703087,24.811007,20.447762,17.838043,14.829117,11.22926,8.178853,9.256665,8.188828,4.8781586,0.0,5.095588,4.0849843,8.99883,10.240302,11.595496,14.545198,17.402779,19.905989,26.401531,27.329731,30.054165,33.142838,34.488136,32.612293,29.075796,24.995012,26.37626,21.163986,22.348255,17.654314,15.451645,13.456648,13.518806,10.380179,11.74579,10.187603,12.829982,12.900848,13.946124,12.734523,17.39177,18.264328,16.842752,20.8565,23.719055,21.262796,19.616365,15.25044,11.137676,10.05836,4.0089374,9.676472,9.90293,14.4628,16.313345,18.773289,18.967909,23.484055,22.088299,26.776909,26.372183,30.154552,30.215008,29.376095,33.13665,34.067524,30.874447,29.755716,26.656822,22.945665,21.420961,17.09824,14.332684,9.519434,9.376359,7.681019,10.198918,8.554737,14.537201,13.535316,11.7425165,13.41909,12.679115,15.647834,15.488464,19.479443,20.689386,23.393217,22.41343,23.128475,20.627441,21.624258,23.101421,21.182262,24.442806
24,19.634228,17.23834,18.390978,13.779365,15.948334,18.131008,18.306051,22.938896,22.556868,29.010223,29.698786,34.42364,33.11256,30.358076,28.196095,23.915977,21.350763,18.050684,14.8662,11.102032,12.977149,10.447156,7.318977,5.095588,0.0,5.309814,6.265155,9.777636,12.393679,15.019929,18.992737,21.372509,27.99424,29.67466,31.73919,35.214108,36.26286,33.92273,30.77912,26.820633,27.187866,21.767134,23.2503,17.995655,14.67392,12.883678,11.18391,9.129427,8.5883665,7.8083997,11.969237,13.389096,15.549339,16.083862,20.068546,20.50457,20.062748,24.225271,27.638641,25.311901,23.251936,19.660099,15.304126,14.575443,8.505766,12.704154,10.487995,15.745818,15.883792,18.505936,19.675215,24.233187,23.610281,28.47048,28.597685,32.56709,33.06435,32.356117,36.424904,37.47106,34.187634,32.61374,29.326155,25.448843,24.05119,19.446236,16.364038,12.065507,10.310821,8.108153,8.363041,7.890615,13.565676,14.524452,13.7215185,14.811617,15.912801,18.55665,19.571243,23.14076,24.759064,27.580854,26.83564,27.186333,24.788723,24.952517,26.283754,23.669664,26.560764
25,21.574873,18.369942,18.32133,13.192265,14.185769,15.720017,15.205821,19.232761,18.362883,24.792488,24.772625,29.697365,28.363422,25.612371,23.962126,19.352547,17.35515,13.572319,11.129448,7.1057,10.5152445,10.019248,8.503565,4.0849843,5.309814,0.0,5.814526,6.176433,7.899544,10.757939,14.100723,16.580145,23.098818,24.559376,26.836676,30.170605,31.423992,29.269178,25.99017,22.001545,22.734808,17.434408,18.702414,13.880595,11.37234,9.522628,9.701484,7.119179,9.499272,9.458746,11.874455,11.100916,13.917565,13.095655,16.663359,16.758657,15.546134,19.52399,23.086245,20.354567,18.123981,14.836084,10.369416,10.189531,5.1055427,9.534721,8.498504,12.320139,14.003454,15.747384,16.696775,20.922588,19.478725,24.326004,23.93373,27.99027,28.172468,27.23449,31.29187,32.19796,28.878605,27.345198,24.109947,20.238178,18.81532,14.274434,11.368064,6.848252,6.3039646,6.0165186,8.361763,8.865184,14.224597,13.3494625,11.598878,11.815474,11.755797,13.996039,14.65283,18.01005,19.62183,22.496305,22.00244,22.26337,20.514627,20.283386,22.172855,19.75065,23.114792
26,21.865698,18.796371,19.839323,14.915969,15.849339,18.966585,17.077026,22.34627,20.755352,27.777346,27.520012,32.43191,31.964514,29.590065,28.05292,23.451632,21.90609,17.748821,16.165453,11.838064,15.856314,14.553656,12.857928,8.99883,6.265155,5.814526,0.0,4.9598055,8.975676,10.069184,15.320858,16.872108,23.554316,25.75756,27.155397,30.916298,31.602285,28.908213,26.1573,22.430788,21.981646,16.540731,18.504078,13.556624,9.038775,8.426414,5.613484,6.7829323,7.6683583,9.990413,13.315757,13.277936,17.56486,18.016834,20.650072,20.037188,19.577,23.402607,27.54479,24.662725,21.934391,19.663338,15.202411,15.080804,10.381344,12.557147,8.703911,12.505789,11.886977,13.463641,15.788532,19.817633,19.437407,24.34825,24.729826,28.913094,29.744062,29.11029,33.50382,34.705376,31.520712,29.46632,26.180073,22.156763,20.735748,16.457846,12.856715,9.969699,6.999746,6.6559277,5.738226,8.988776,12.842242,13.856786,13.2671,12.33785,14.691542,16.267637,18.661652,21.246956,23.639029,26.439823,26.191504,25.828217,24.228119,22.770037,24.389565,21.089703,23.882418
27,23.515717,19.852573,19.852118,14.770095,14.519457,17.14006,14.322604,19.067886,16.835787,23.844006,22.905832,27.937904,27.66734,25.445768,24.39864,19.637808,18.826294,14.303876,13.932313,9.836293,14.890619,15.031992,14.587463,10.240302,9.777636,6.176433,4.9598055,0.0,4.5498543,5.500691,10.421644,12.183942,18.677979,20.991283,22.38319,26.108667,27.048862,24.4196,21.656649,17.95645,17.470943,12.05453,13.7426815,9.082062,5.2599397,4.7984967,5.151352,6.0233874,9.609785,12.010143,13.700008,11.758632,16.632956,16.228403,17.987097,16.855938,15.930825,19.391264,23.767061,20.630035,17.636969,16.271046,12.068526,12.844665,10.031476,11.684878,9.114409,10.564675,11.596078,11.66111,14.043388,17.430447,16.078178,20.97976,20.74444,25.107796,25.593079,24.627924,29.072197,30.037844,26.726604,24.554401,21.258142,17.234545,15.9440775,11.638722,8.434099,6.389668,4.802105,7.4605746,8.451919,11.750187,15.206116,14.576006,13.208322,11.141845,12.382613,13.0599985,15.21907,17.175076,19.520704,22.379322,22.573858,22.043093,21.403685,19.253351,21.569792,18.433382,21.68752
28,23.008871,18.984522,17.976381,13.077579,11.839485,13.804925,10.502451,14.731669,12.319607,19.299385,18.576427,23.498646,23.295654,21.206625,20.070417,15.417122,14.9241905,10.321835,11.034911,7.566255,13.062847,14.232055,15.391152,11.595496,12.393679,7.899544,8.975676,4.5498543,0.0,5.817299,6.756816,10.745717,16.014656,18.753502,20.15956,23.73078,25.38271,22.897131,20.243515,16.699755,15.9147215,10.986239,11.1948,6.0657887,6.0250278,3.6089993,7.710663,6.0438495,10.821594,12.609132,12.604794,9.124301,14.114858,13.361822,14.106912,12.609937,11.765018,15.113691,19.716585,16.96681,13.878249,13.546175,9.848352,12.135735,10.876945,13.351147,12.488083,12.796575,15.159046,14.382118,16.433517,19.166801,16.706873,21.363548,20.13979,24.601192,24.362864,22.714413,27.046106,27.334335,23.486158,21.21157,17.691784,13.861942,13.319363,7.988327,7.4879923,5.821125,7.5403237,10.861786,12.762297,15.370545,19.238855,17.732126,15.735652,13.661909,13.033273,13.132129,13.650788,15.208908,16.510918,19.698732,20.465874,20.245302,20.72371,18.583616,21.72999,19.218721,22.960121
29,28.107037,24.183594,23.583498,18.690496,17.459652,19.502905,15.707182,19.418854,16.175425,22.795063,20.266693,25.504143,25.652407,23.728771,23.776585,18.88071,19.343708,14.643331,15.852569,12.619185,17.91435,19.219444,19.11245,14.545198,15.019929,10.757939,10.069184,5.500691,5.817299,0.0,7.318751,6.8558617,13.755737,15.891243,17.119137,20.878437,21.589888,18.97061,16.193604,12.58408,12.252513,6.8167953,9.298547,7.0110927,4.3158517,6.5739675,8.627005,10.523132,14.602714,17.179565,18.030447,14.889863,19.881048,18.522455,19.279877,17.527609,15.78686,18.272842,22.73467,18.919184,15.600348,15.564815,12.236965,13.338785,12.985107,12.569675,10.863443,8.966834,11.014897,9.042258,11.507545,13.643095,11.572131,16.276754,15.780425,20.258614,20.780361,19.830284,24.414927,25.547085,22.561428,20.219439,17.202814,13.144813,11.538391,8.67881,4.8744345,6.7404037,6.350602,10.365613,11.731875,15.209871,17.280586,15.5693865,14.036664,10.54495,11.448944,10.467642,13.488403,14.023542,17.108915,19.599266,20.2149,19.008997,19.360569,15.792308,18.530195,15.297088,18.600489
30,27.988354,23.75458,21.841347,17.642458,15.167111,15.944273,11.631925,13.564845,9.701088,15.783383,13.077709,18.214415,18.678576,17.150223,17.368383,12.857086,14.39273,10.104548,13.380831,11.80863,16.77851,19.292503,21.112219,17.402779,18.992737,14.100723,15.320858,10.421644,6.756816,7.318751,0.0,6.71176,9.621612,12.835144,13.98327,17.377783,19.592402,17.3245,14.93501,11.956772,10.878879,7.536341,5.7649226,4.618297,8.837358,8.426481,13.047184,12.361191,17.09449,18.899601,17.793703,13.175574,17.608091,15.789632,14.62164,12.199732,10.46033,11.990603,16.789095,13.664564,10.1317625,12.691302,10.9310665,14.088956,15.591442,16.572247,16.831259,14.672695,18.018402,15.701805,17.391558,18.53045,14.89567,18.676462,16.32862,20.738184,19.82071,17.488832,21.768404,21.508648,17.418365,14.739971,11.173878,7.4468365,7.874003,2.9601176,7.015614,9.045824,11.91707,15.948172,18.176327,20.857897,23.875645,21.368818,19.101383,16.200962,14.455406,12.851419,12.684461,12.156807,13.061834,16.037855,17.824543,17.179718,19.610836,16.272816,20.303682,18.377186,22.256939
31,33.51297,29.378616,27.98332,23.436794,21.395355,22.385412,18.246641,20.055504,16.127708,21.374628,16.802122,22.056479,22.535107,21.055023,22.572495,17.920748,19.905115,15.666694,18.413502,16.517626,21.43176,23.898731,24.33754,19.905989,21.372509,16.580145,16.872108,12.183942,10.745717,6.8558617,6.71176,0.0,7.8271236,9.107185,10.5671015,14.121954,14.947546,12.716598,9.591292,6.0397797,7.1202264,3.870656,6.0397263,8.984007,9.97147,12.050921,15.105816,16.4814,20.942152,23.25208,23.220863,19.112534,23.595747,21.193453,20.860638,18.709482,16.047686,16.927805,20.996798,16.634794,13.318049,15.201393,13.669558,15.216822,17.398796,15.785757,15.748179,11.472576,14.765278,11.421168,12.635851,12.504286,8.690546,12.174445,10.323555,14.861247,14.85126,13.5226145,18.180756,19.263706,16.662796,14.233924,11.824491,8.099342,6.0781116,7.1301274,5.8336163,10.545071,11.859073,15.89974,17.818836,20.794178,22.138014,19.242085,17.40687,13.524625,12.846245,9.970768,12.525592,10.722708,14.143513,15.925044,17.265162,15.352377,17.51974,12.473581,16.026114,13.542832,16.894619
32,36.870773,32.595642,30.519976,26.805937,23.876352,24.361368,19.63935,19.909275,15.518792,18.811182,13.008861,17.269869,19.230618,18.993944,21.37928,17.9549,21.220526,17.96389,22.068691,21.205353,25.801252,28.761702,30.38271,26.401531,27.99424,23.098818,23.554316,18.677979,16.014656,13.755737,9.621612,7.8271236,0.0,6.269308,4.6493855,8.276087,10.74291,8.554853,7.6375036,7.5043,5.1556115,8.148187,5.7877617,11.819353,15.461212,16.850458,20.656916,21.512783,26.01292,28.318293,27.117477,22.399256,26.645948,24.411797,22.266926,19.497679,17.463968,16.633738,20.410406,17.01623,14.044935,18.57912,18.502934,21.08867,24.000282,23.087029,23.48988,19.222303,22.387856,18.565321,19.902018,18.501005,14.5453,15.966898,12.787734,16.36551,15.09225,12.392552,16.38882,15.899307,12.709872,9.146318,7.2444706,6.1150913,7.4403777,10.040877,12.965773,17.143547,19.292698,23.430996,25.340027,28.393269,29.952173,26.992395,25.012926,21.267393,19.796741,16.652935,17.310266,14.114117,15.528415,16.918526,19.541954,17.737312,21.991781,16.815937,20.908499,19.480675,22.543661
33,40.784378,36.54721,34.33971,30.288635,27.698177,27.416409,23.6096,23.018347,19.1545,21.619925,14.789995,19.215174,19.850122,19.164858,22.643892,19.047602,22.519756,19.575401,23.34554,22.930813,26.958511,30.416945,31.390615,27.329731,29.67466,24.559376,25.75756,20.991283,18.753502,15.891243,12.835144,9.107185,6.269308,0.0,5.1362085,6.172181,8.160601,8.290094,5.006527,5.090042,9.032231,11.341022,10.888177,16.205307,18.854073,20.432997,24.041986,24.723396,29.41232,31.286692,30.481579,25.762295,29.284105,25.919765,24.596064,22.4275,19.069645,17.785477,20.426935,16.081186,13.809506,17.580141,18.371084,20.106028,24.222065,22.079239,23.520578,18.446022,22.3908,18.912117,18.725115,16.806656,12.320552,12.378125,8.184427,10.982558,8.980975,6.1467986,10.330141,10.867429,9.319659,7.3413935,7.5547457,7.11591,6.2235584,11.9085455,13.404335,17.8752,20.14278,23.967825,26.374483,28.72813,29.759577,25.92353,23.843536,20.363668,18.153704,14.572859,15.169844,10.981535,13.264683,13.349013,15.675769,13.224691,17.902637,12.451126,16.38324,15.926674,18.732985
34,41.47094,37.201057,35.161858,31.390461,28.5107,28.87654,24.270756,24.205032,19.915691,22.437643,15.905867,19.62178,21.61509,21.626171,24.765888,21.56828,25.112137,22.052454,26.111063,25.342484,29.819696,32.925335,34.200214,30.054165,31.73919,26.836676,27.155397,22.38319,20.15956,17.119137,13.98327,10.5671015,4.6493855,5.1362085,0.0,4.2388783,6.1579065,4.5909777,4.793585,7.1952386,6.557399,11.047573,9.9939575,16.198103,19.127031,21.01945,24.449924,25.767235,30.235981,32.634613,31.647547,26.962568,31.112228,28.544147,26.537708,23.879023,21.479445,20.217922,23.375896,19.717842,17.161102,21.56604,21.890167,23.99124,27.363997,25.572971,26.105534,21.143204,24.199686,20.101706,20.94206,18.504572,14.75633,14.683239,11.4475765,14.0463705,12.826251,10.508623,14.017463,13.969068,12.245717,9.193767,9.223575,9.363203,9.828459,14.065514,16.006552,20.588425,22.415892,26.428873,28.269024,31.285204,32.149033,28.958908,27.155655,23.253792,21.953745,18.426716,19.576643,15.7190075,17.636957,18.127184,20.671394,18.34078,22.867865,17.17665,20.849695,19.740837,22.175117
35,44.960007,40.679657,38.35926,34.705467,31.751007,31.586687,27.329378,26.396278,22.369698,23.740393,16.651413,19.711164,21.549732,21.863432,25.713041,22.998472,26.902655,24.358652,28.558054,28.27695,32.369987,35.820393,37.16938,33.142838,35.214108,30.170605,30.916298,26.108667,23.73078,20.878437,17.377783,14.121954,8.276087,6.172181,4.2388783,0.0,4.6626763,6.094514,6.6871715,9.7907715,10.76663,15.12577,13.967224,20.045542,23.164206,24.886131,28.474564,29.482729,34.06192,36.222816,35.06535,30.230265,33.922638,30.923868,28.781149,26.279661,23.556034,21.636946,24.017092,20.489202,18.523592,23.14533,24.182257,26.195698,30.19942,28.171997,29.269588,24.085346,27.481617,23.520681,23.764444,21.0213,17.167944,16.10298,12.460095,13.81748,11.832929,9.29434,11.56367,11.053458,10.43505,8.21069,9.953923,11.450991,11.9950485,16.959696,19.145992,23.663998,25.781578,29.708841,31.80447,34.513275,35.29863,31.711672,29.80334,26.110113,24.281609,20.656454,21.219051,16.921293,18.361673,18.12107,20.8042,18.435202,23.53855,18.101534,21.633904,21.306368,23.489822
36,47.31723,43.064728,41.133194,37.19025,34.45635,34.738995,30.305635,30.077858,25.90574,27.985043,21.010468,24.31544,26.03147,26.096996,29.855463,26.738289,30.389648,27.431154,31.28262,30.52619,34.86692,38.070442,38.815453,34.488136,36.26286,31.423992,31.602285,27.048862,25.38271,21.589888,19.592402,14.947546,10.74291,8.160601,6.1579065,4.6626763,0.0,4.0581145,5.5593157,9.645428,11.132685,15.630706,15.718238,21.86019,23.937044,26.315554,29.27713,31.076607,35.49099,37.96214,37.332607,32.73795,36.8006,33.846367,32.198807,29.718668,26.881046,25.409145,27.948868,23.955383,21.830833,25.711842,26.317314,27.740805,31.49849,28.672766,29.328142,23.748207,26.560163,22.400963,22.515274,18.990244,15.899167,13.834856,11.179351,11.774478,11.073305,10.180685,12.39566,13.521823,14.246831,12.526511,14.036563,14.63501,14.197432,19.400017,20.173548,24.989447,26.371006,30.108217,31.840157,34.714165,34.68857,31.282572,29.763775,25.825504,24.83302,21.077316,22.872332,18.64168,21.205616,20.713955,22.850626,19.985577,24.340796,18.364368,21.119125,20.430723,21.839922
