,0,1,2,3,4,5,6,7,8,9,10,11,12,13,14,15,16,17,18,19,20,21,22,23,24,25,26,27,28,29,30,31,32,33,34,35,36,37,38,39,40,41,42,43,44,45,46,47,48,49,50,51,52,53,54,55,56,57,58,59,60,61,62,63,64,65,66,67,68,69,70,71,72,73,74,75,76,77,78,79,80,81,82,83,84,85,86,87,88,89,90,91,92,93,94,95,96,97,98,99,100,101,102,103,104,105,106,107,108,109,110
0,0.0,4.657289,6.5747786,8.553149,11.981235,12.998879,17.233736,21.282204,22.705912,25.515575,28.783937,30.809002,32.25963,30.340641,30.499943,26.141127,26.95242,23.683075,25.96362,21.959078,23.050838,22.282013,22.28862,25.181744,20.72811,18.430088,16.96787,18.538786,16.32667,20.415936,18.309557,24.370165,26.664278,31.454798,31.135172,35.123817,36.47218,33.942795,32.41991,29.673496,26.229376,22.4116,21.223125,16.272125,16.030529,13.950459,12.897047,13.715454,14.280275,18.740568,15.487382,19.751364,21.693676,18.041338,17.474783,14.664946,11.991536,8.365957,7.4306264,11.995188,12.329897,17.30663,18.147873,22.446812,24.143244,26.541204,28.924223,30.70969,32.051632,29.935322,28.203924,30.920101,27.197947,30.965328,27.874537,33.402386,31.044352,28.162086,30.4155,26.474133,24.01584,22.23563,22.75761,19.427303,21.123661,17.073246,22.325315,20.87341,24.688044,25.885326,32.115154,30.113373,27.523275,30.07217,28.478905,32.330902,35.29597,32.656017,31.49903,26.153633,28.681185,24.179047,24.693897,27.196672,30.39644,29.057467,33.239403,28.641993,32.838806,31.425434,35.46451
1,4.657289,0.0,5.245495,6.211856,9.090099,11.874944,14.716277,19.447384,21.113918,23.49873,26.659336,29.318352,30.769592,28.606705,29.071375,24.90742,25.750929,23.136015,24.934044,21.951637,22.536674,22.841518,22.363205,25.753536,21.3179,18.427767,18.02936,17.817055,15.999333,19.027695,16.83942,22.465534,24.156881,29.376501,28.488842,32.55534,33.571594,30.845898,29.824917,27.418617,23.261427,19.776957,18.741543,14.192192,13.541048,12.96745,11.779372,14.144002,15.256385,20.37651,17.877472,21.857311,24.459215,21.454975,20.908474,18.557861,15.192172,12.317307,11.111117,15.549734,15.065889,20.370525,20.449762,24.69797,26.098417,27.809643,30.042385,31.528675,32.459553,29.658173,28.509344,30.495974,26.99485,30.548462,27.408943,33.10437,30.798588,27.675695,30.038055,26.280903,23.527758,22.533962,22.734121,19.960506,21.50554,18.114737,23.282566,22.195929,26.346954,27.923784,34.026073,32.773254,30.332464,32.973957,31.064926,34.86198,37.492523,35.1341,33.51278,28.27754,30.631094,25.671787,26.04778,28.083118,31.50268,29.869244,34.49006,29.529177,33.634327,32.417564,35.998215
2,6.5747786,5.245495,0.0,5.1333327,6.9654417,7.2635155,12.050692,15.478307,17.782068,19.89907,23.563986,25.782164,27.812433,26.10541,26.945574,22.99942,24.672173,22.06828,25.000042,22.436224,24.12855,24.561543,24.949232,28.730839,24.664392,21.566774,19.765831,20.005953,16.383577,19.917566,16.172083,22.278727,22.794277,28.203865,27.208519,30.980463,32.650826,30.150248,29.270292,27.132088,22.611916,19.937664,17.716644,13.809846,15.039503,14.0713825,14.855814,16.787113,18.624844,23.155842,20.967442,25.210762,27.412025,23.984324,22.533527,20.038101,16.466013,13.635071,11.12953,14.4757185,13.73006,19.802094,20.34682,24.389214,26.879122,27.825193,30.870031,31.606377,32.17103,29.330828,27.498795,28.986694,24.854998,27.990648,24.341394,29.834873,26.952265,23.637878,25.60593,21.663082,18.719666,17.736708,18.66781,16.21313,18.592928,15.558573,21.442375,21.645773,25.661123,27.78846,33.833023,32.30316,29.488485,31.633062,29.353584,32.901115,35.334095,32.528072,30.587543,25.53738,27.016869,22.192162,21.81885,23.718605,27.377396,26.015928,31.066,26.624704,31.002026,30.369902,34.002296
3,8.553149,6.211856,5.1333327,0.0,3.753081,7.2796016,8.878598,13.887091,15.006186,17.692635,20.654148,23.231592,24.56425,22.43207,22.958908,18.87567,20.10347,17.727154,20.136774,18.041302,19.500877,20.604715,20.934725,25.149397,21.439037,17.908836,16.371355,15.537729,11.93944,14.914128,11.357394,17.288605,18.40525,23.633858,22.847141,26.79865,28.218513,25.703743,24.521738,22.205103,18.03137,14.922857,13.072846,8.796614,10.026363,9.408325,10.966894,13.424983,16.034832,20.546259,19.503595,23.460445,26.14984,23.52604,21.623383,19.924856,15.417067,13.857013,11.359395,14.571791,12.871127,18.569384,18.051542,21.941946,23.94528,24.30821,27.12359,27.682941,28.037786,24.842665,23.55868,24.87822,21.235384,24.567709,21.370607,27.096104,24.929033,21.84505,24.471674,21.008131,18.522982,17.84965,17.18855,14.75865,16.023172,13.3728,18.459257,18.430523,22.69216,25.00364,30.841637,30.187408,27.72236,30.160627,27.736963,31.30815,33.46022,31.363087,29.206905,24.22865,26.402502,21.053133,21.596375,23.200867,26.576694,24.61686,29.431429,24.25489,28.283325,27.392332,30.645016
4,11.981235,9.090099,6.9654417,3.753081,0.0,6.0112514,5.661679,10.879106,12.470779,14.564488,17.633623,20.576788,22.18091,20.088879,21.115889,17.448322,19.18454,17.53602,20.087543,19.200125,20.798779,22.656816,23.071993,27.604946,24.188684,20.410873,18.981152,17.283833,13.33864,15.393727,10.982934,16.395819,16.0623,21.753897,20.38853,24.209063,25.737432,23.211672,22.560448,20.76135,15.74905,13.674076,11.122087,8.254883,10.4812975,11.094025,13.414492,16.288586,19.224434,23.64701,23.034142,26.877474,29.673958,27.18764,25.072752,23.498354,18.854912,17.49052,14.756672,17.443243,15.431211,21.202234,20.490347,24.07774,26.300993,25.855654,28.866785,28.831013,28.681032,25.019175,23.879684,24.26384,20.581825,23.390993,19.964636,25.609339,23.26663,19.95128,22.47078,19.225605,16.526134,16.667759,15.931175,14.382894,15.782857,14.173158,19.122606,20.020922,24.238272,26.969765,32.536194,32.256325,29.781607,32.006004,29.276268,32.610542,34.391582,32.34501,29.760338,25.1052,26.69908,21.249727,21.3562,22.423712,25.964014,23.91829,29.154531,24.064064,28.028486,27.60895,30.438486
5,12.998879,11.874944,7.2635155,7.2796016,6.0112514,0.0,7.306384,8.612216,11.213131,13.174509,17.118992,18.846237,21.314777,20.091446,21.361593,17.921232,20.584276,18.468538,22.500479,21.209175,24.025173,25.15186,26.460003,30.8552,27.58536,24.097498,21.153664,21.052162,15.682675,18.938435,13.519366,19.418152,18.31884,23.642838,22.615831,25.897541,28.335384,26.256863,25.455486,23.754654,19.15773,17.756136,14.1721735,11.936307,15.452001,14.541339,17.667334,19.387686,22.280355,26.0337,25.062708,29.22041,31.341026,28.181463,25.511133,23.591171,19.35599,17.729712,14.301331,15.715204,13.908111,20.032253,20.27153,23.604017,27.017357,26.361578,30.18929,29.687868,29.483988,26.35164,24.06234,24.42978,19.840454,22.234638,18.132902,23.373272,20.109735,16.603973,18.46215,14.64173,11.683117,11.284524,12.031245,10.602483,13.517255,12.020775,17.900896,20.018568,23.775587,26.767387,32.303375,31.223396,28.287773,29.883379,26.970297,30.024765,31.795574,29.015516,26.33942,21.85812,22.378685,17.372808,16.43475,17.613617,21.45404,19.980824,25.59071,21.44411,25.847742,26.024797,29.243744
6,17.233736,14.716277,12.050692,8.878598,5.661679,7.306384,0.0,6.41732,7.2688093,9.192358,11.978168,15.136271,16.761955,14.753664,16.24912,13.191345,15.698625,15.016266,18.050032,18.78167,20.999073,23.623348,24.600937,29.5084,26.834433,22.870953,20.914536,18.663435,13.870042,14.944603,9.405279,13.755862,11.461434,17.299397,15.671732,19.166126,21.227062,19.014832,18.552343,17.304777,12.005445,11.563592,7.620802,7.672145,11.737458,12.759751,16.570402,19.185556,22.703396,26.465038,26.793133,30.428234,33.21062,31.052,28.241758,27.13523,22.16867,21.592203,18.521574,20.112465,17.522127,22.868528,21.725441,24.614412,27.200697,25.40579,28.7817,27.726812,26.830322,22.74061,21.635832,20.736729,17.085789,19.130478,15.618479,21.055656,18.84428,15.533772,18.232231,15.687038,13.403672,14.526285,12.705884,12.4975,13.4133835,13.604053,17.632355,19.874945,23.788195,27.1068,32.063885,32.43104,30.0572,31.941856,28.805542,31.698742,32.837868,31.129429,27.984842,23.975708,25.036747,19.530867,19.567467,19.790432,23.175169,20.82737,26.262533,21.224977,24.874592,25.052107,27.205061
7,21.282204,19.447384,15.478307,13.887091,10.879106,8.612216,6.41732,0.0,4.9646125,4.693877,9.094889,11.034453,14.1938305,13.503492,15.876558,13.995814,17.737219,17.374544,21.572334,22.707548,25.841799,28.203087,29.854513,34.74311,32.315727,28.48345,25.570349,24.159353,18.483286,19.979458,13.921743,17.656921,13.546484,18.69095,16.990232,19.376884,22.490726,20.94459,20.8668,20.318148,15.396586,16.496809,11.943031,13.289979,17.906307,18.214376,22.506235,24.534986,28.092213,31.389685,31.6276,35.436985,37.796864,35.240936,31.966883,30.703135,26.004438,25.331974,21.833841,22.362926,19.8702,25.157906,24.592999,26.967875,30.51322,28.055595,32.11758,30.270979,28.949446,25.140047,23.189651,21.395065,17.104013,17.863907,13.578294,18.100363,14.755782,10.979331,12.764236,10.336501,7.8199706,10.3012085,9.393915,11.12584,13.108445,14.644254,18.63977,22.438364,25.736006,29.444159,34.003216,34.03501,31.374304,32.52521,29.076818,31.398705,32.098175,29.933323,26.359901,23.10364,22.591787,17.729624,16.43886,15.802714,19.402935,17.512602,23.549831,19.727352,23.46274,24.717554,26.651783
8,22.705912,21.113918,17.782068,15.006186,12.470779,11.213131,7.2688093,4.9646125,0.0,4.5410595,6.593502,8.226937,10.16575,9.098175,11.0480175,9.120994,13.0683155,13.073332,17.420227,19.228073,22.652555,25.264612,27.269365,32.221558,30.404057,26.610601,23.419632,21.84073,16.007294,16.9972,11.055705,13.906827,10.031325,14.353408,13.514086,15.866229,19.274565,18.083422,17.167107,16.365871,12.724417,13.831808,9.264537,11.527898,16.532957,16.553251,21.510002,23.118294,26.96094,29.626768,30.692316,34.1769,36.55902,34.5237,30.836502,30.167524,25.213387,25.412956,22.025692,22.065395,19.155333,23.603783,22.405088,24.228447,27.590363,24.385805,28.428389,26.114403,24.469904,20.568443,18.752073,16.50796,12.4594555,13.172224,9.224471,14.153177,11.868139,8.740886,11.827498,10.444539,9.694477,11.443883,7.8942924,9.804232,10.072678,12.728594,15.22994,19.340303,22.37749,26.257446,30.322432,31.02174,28.68401,29.881565,26.350605,28.512596,28.864296,27.401972,23.692251,20.742748,20.90383,15.803256,15.763849,14.898023,17.786835,15.192854,20.672297,16.183353,19.463722,20.609612,22.129753
9,25.515575,23.49873,19.89907,17.692635,14.564488,13.174509,9.192358,4.693877,4.5410595,0.0,4.6344514,7.072852,10.353517,9.988922,13.0207205,12.453584,16.45814,17.22776,21.124235,23.52933,26.652212,29.568829,31.33831,36.355732,34.432426,30.531351,27.729149,25.72655,20.241434,20.740557,14.996199,17.055605,11.484123,15.960066,13.993786,15.6322565,19.147411,18.066925,18.318312,18.49031,13.946254,16.41112,11.941708,14.984308,19.650446,20.412807,25.037373,27.086914,30.870197,33.853127,34.724854,38.284943,40.76052,38.59311,35.072865,34.189354,29.300644,29.121971,25.677382,25.922874,23.176935,27.903751,26.87944,28.733665,32.12729,28.83075,32.8231,30.343811,28.454428,24.373446,22.814419,19.83848,16.167934,15.877837,12.033629,15.773895,12.992561,9.669004,11.5521965,10.801534,9.608281,12.752394,10.585159,13.367425,14.260654,16.98432,19.611656,23.875896,26.838215,30.755249,34.684513,35.402645,33.01065,34.012615,30.41468,32.35234,32.476063,30.861269,26.971125,24.429432,23.732761,19.118797,18.132858,16.677298,19.688593,17.504757,23.239407,19.559586,22.592865,24.277712,25.326952
10,28.783937,26.659336,23.563986,20.654148,17.633623,17.118992,11.978168,9.094889,6.593502,4.6344514,0.0,4.920127,6.72494,6.225261,9.76325,10.6465025,14.462399,16.383907,19.646303,23.232065,26.189466,29.604506,31.427435,36.484394,35.114025,31.219128,28.62039,26.050701,20.98351,20.464777,15.421015,15.658129,9.20539,12.4732065,10.506971,11.373147,15.277446,14.749313,15.016956,15.80463,12.227186,15.693817,11.776687,16.029182,20.488894,21.57247,26.394257,28.377943,32.32065,34.926,36.4769,39.708267,42.311737,40.63488,36.93035,36.49245,31.426468,31.802197,28.502632,28.58318,25.603287,29.690353,28.120693,29.485647,32.50758,28.50148,32.24229,29.267118,26.888447,22.56746,21.617136,17.62288,14.966664,13.85926,11.081797,14.043884,12.650353,10.43629,12.728808,13.370347,13.296753,16.20585,12.846948,15.7714815,15.415308,18.850107,20.049713,24.36924,27.015797,31.001778,34.288326,35.785896,33.766357,34.77149,31.14104,32.804756,32.45127,31.565868,27.540941,25.54518,25.167856,20.688307,20.448002,18.621893,20.887678,18.30681,23.316296,19.470854,21.63915,23.418451,23.552486
11,30.809002,29.318352,25.782164,23.231592,20.576788,18.846237,15.136271,11.034453,8.226937,7.072852,4.920127,0.0,4.68788,6.7434077,9.726465,11.317582,15.457869,16.985254,21.096624,24.326393,28.00824,30.897955,33.319164,38.226845,37.12213,33.439022,29.994118,28.339722,22.674238,22.83685,17.684572,18.196058,12.779732,14.421268,13.79017,13.7721,18.242414,18.377508,17.938583,18.446089,16.297728,19.192114,15.238377,18.88461,23.707453,23.882664,29.073013,30.409216,34.364468,36.41403,38.03819,41.294086,43.513985,41.70302,37.593086,37.24611,32.39476,32.992092,29.555325,28.830708,25.90823,29.49149,28.206266,29.03868,32.621426,28.224348,32.394318,28.927895,26.396849,22.712961,20.941122,16.735119,13.744065,11.538885,8.66708,10.089568,8.349846,6.9266257,8.856343,10.803342,12.0931225,14.755267,11.224072,14.885528,14.494915,18.616632,19.191517,24.294445,26.297323,30.404205,33.22439,34.51156,32.430943,32.907066,29.178896,30.331388,29.584053,28.643984,24.447496,23.236305,22.095724,18.365265,17.908714,15.488919,17.177155,14.773091,19.541119,16.686989,18.570831,21.07788,21.026213
12,32.25963,30.769592,27.812433,24.56425,22.18091,21.314777,16.761955,14.1938305,10.16575,10.353517,6.72494,4.68788,0.0,3.5231774,5.817804,8.922209,12.441462,14.844273,18.26593,22.330458,25.838867,29.019823,31.507147,36.33832,35.79012,32.218,28.942911,26.93583,21.76948,21.147617,16.902504,15.93859,11.118536,10.807732,11.270822,10.732857,15.334855,15.996211,14.798399,15.336878,14.881355,17.7984,14.616808,18.686268,23.180979,23.39822,28.672518,29.793898,33.818623,35.40788,37.686134,40.56513,42.869366,41.59305,37.35896,37.493393,32.525406,33.707996,30.505917,29.6993,26.588829,29.445309,27.579948,27.950869,31.017017,26.06568,29.889143,26.063894,23.160227,19.360678,18.209755,13.205749,11.49932,8.709266,7.7528214,8.62393,9.519399,9.582695,12.267006,14.385197,16.018734,18.025414,13.451859,16.46501,14.744968,19.123417,18.248726,23.054707,24.743328,28.790886,31.000029,33.08166,31.445972,32.074787,28.433136,29.455564,28.386238,28.318972,24.200787,23.283321,23.036432,19.256908,19.971016,17.74851,18.688147,15.77733,19.395811,15.906791,16.815756,19.016775,18.11133
13,30.340641,28.606705,26.10541,22.43207,20.088879,20.091446,14.753664,13.503492,9.098175,9.988922,6.225261,6.7434077,3.5231774,0.0,3.7005565,6.4493546,9.732836,12.591123,15.417646,19.848156,22.945492,26.471952,28.660212,33.56718,32.9892,29.335402,26.526203,23.96821,19.216402,18.052868,14.111384,12.6057825,7.686281,7.7300644,8.158775,8.59539,12.887678,13.146011,11.638432,11.982695,11.479635,14.378441,11.479491,15.865267,20.091242,20.67668,25.81192,27.156462,31.193745,32.946106,35.354206,38.12114,40.65151,39.58936,35.55263,35.771275,30.65546,31.905539,28.865988,28.475912,25.280209,28.2204,26.028559,26.646708,29.240713,24.465612,27.961775,24.447178,21.646946,17.351805,16.84595,12.027908,10.67489,9.096043,8.31357,10.841277,11.868588,11.328428,14.554625,15.8285475,16.86231,18.708246,13.872776,16.214699,14.138274,18.113256,17.285307,21.469727,23.548216,27.496777,29.97172,32.305027,30.789595,31.844976,28.304415,29.718658,28.959007,29.050482,25.115211,23.59435,24.150557,19.777498,20.950752,19.224253,20.480154,17.32759,21.004562,16.559757,17.676872,19.127031,18.445581
14,30.499943,29.071375,26.945574,22.958908,21.115889,21.361593,16.24912,15.876558,11.0480175,13.0207205,9.76325,9.726465,5.817804,3.7005565,0.0,4.603167,6.9090395,10.131002,12.693831,17.362085,20.575756,24.004665,26.433487,31.180946,31.0421,27.601213,24.626507,22.258528,17.75155,16.397268,13.307922,11.058359,8.416421,6.333813,8.90952,9.552308,13.339801,13.805976,10.983965,10.468309,12.058997,13.931242,11.810025,15.672847,19.614134,19.725594,24.923948,25.79251,29.805487,31.013184,33.864246,36.347267,38.78884,38.07203,33.888695,34.481846,29.417128,31.158527,28.333204,27.69383,24.446756,26.650003,24.119205,24.312347,26.60294,21.47966,24.813776,21.067675,18.106527,13.874736,13.602488,8.466352,8.160499,6.8664274,7.783332,10.245063,12.561411,12.763533,16.336178,17.529732,18.896162,20.053837,14.704814,16.386007,13.395294,17.351116,15.320754,19.19583,20.926497,24.778322,26.835629,29.60845,28.39983,29.550812,26.134995,27.490398,26.623844,27.275347,23.533203,22.14128,23.442318,19.128233,21.17561,19.74119,20.490784,17.099472,19.873365,14.943754,15.476914,16.42641,15.442506
15,26.141127,24.90742,22.99942,18.87567,17.448322,17.921232,13.191345,13.995814,9.120994,12.453584,10.6465025,11.317582,8.922209,6.4493546,4.603167,0.0,4.3612947,6.156683,9.831336,13.480112,16.990211,20.143332,22.5969,27.42291,26.932478,23.449005,20.266369,18.19495,13.249471,12.541379,8.955615,8.152051,7.6226964,7.8546653,10.205158,12.460994,15.531356,15.088845,11.876036,9.957981,10.896839,11.079923,8.733923,11.573624,15.691803,15.283794,20.600405,21.33328,25.35189,26.697075,29.347916,31.956337,34.402824,33.56176,29.463348,29.97487,24.866745,26.595602,23.838642,23.369295,20.10203,22.478651,19.916588,20.543266,22.855133,18.289803,21.786892,18.67745,16.354925,12.025926,11.274487,8.00402,6.0981956,7.5934114,7.2203774,11.786473,13.126911,12.561527,16.542181,16.592566,17.466848,17.990181,12.578195,13.229515,9.984185,13.332059,11.759358,15.236036,17.556143,21.391432,24.25639,26.59683,25.199833,26.720926,23.38037,25.297804,25.080944,25.365799,21.886698,19.56641,21.593435,16.65767,19.090824,18.37905,19.586452,16.126532,19.28606,13.474439,15.018928,15.138856,15.507987
16,26.95242,25.750929,24.672173,20.10347,19.18454,20.584276,15.698625,17.737219,13.0683155,16.45814,14.462399,15.457869,12.441462,9.732836,6.9090395,4.3612947,0.0,4.637026,5.84005,10.775593,13.702405,17.281488,19.614481,24.315844,24.395668,21.10408,18.435417,15.819757,12.126157,10.163645,8.929807,5.831124,8.799047,7.175917,10.773972,13.2322235,15.260921,14.840644,10.593938,7.5894046,11.056739,10.0771475,9.653859,11.896971,14.852652,14.474379,19.414558,19.871555,23.789759,24.653543,27.97273,30.07742,32.664337,32.467594,28.478306,29.486156,24.405062,26.675354,24.389261,24.087177,20.843494,22.380636,19.171043,19.481895,20.76715,15.994496,18.727242,15.687818,13.279831,8.384684,9.28542,6.6124043,7.3587785,9.658848,10.82982,14.731376,16.920979,16.741497,20.743584,20.74056,21.572178,21.757973,16.340765,16.227627,12.437944,14.959772,12.209427,14.18567,16.338175,19.776596,22.225471,25.37768,24.524323,26.450527,23.447002,25.472193,25.291952,26.313196,23.262112,20.910934,23.921734,19.079187,22.239075,21.884563,22.748821,19.229399,21.440228,15.284585,16.079563,15.164931,15.172598
17,23.683075,23.136015,22.06828,17.727154,17.53602,18.468538,15.016266,17.374544,13.073332,17.22776,16.383907,16.985254,14.844273,12.591123,10.131002,6.156683,4.637026,0.0,6.0242777,7.542382,11.802014,14.235276,17.1544,21.762005,21.53919,18.41451,14.690646,13.506985,8.684547,8.818778,7.1723094,7.5378375,11.744201,11.694491,14.734733,17.515661,19.644915,18.877565,14.837271,11.450182,13.730546,11.216647,10.418498,10.4793,13.602359,11.697551,16.879992,16.579344,20.458313,21.056835,24.14832,26.441635,28.746164,28.28911,24.106365,25.099566,20.113781,22.562178,20.321545,19.699015,16.492144,17.746576,14.586784,15.055881,16.795918,12.462059,15.86574,13.369763,11.882953,7.9900393,6.9729724,7.5197477,6.243732,10.317116,10.682808,15.262146,16.787352,16.419296,20.444063,19.705866,20.451702,19.795599,14.594822,13.405287,9.367516,11.017603,8.042987,9.666084,12.210217,15.746072,18.990805,21.44624,20.332453,22.443008,19.507408,21.942644,22.334526,22.976547,20.260128,17.252962,20.915922,15.912943,19.540668,19.853262,20.786854,17.399378,19.519924,13.010028,14.598761,12.991185,14.501064
18,25.96362,24.934044,25.000042,20.136774,20.087543,22.500479,18.050032,21.572334,17.420227,21.124235,19.646303,21.096624,18.26593,15.417646,12.693831,9.831336,5.84005,6.0242777,0.0,6.6842165,8.225169,12.320474,14.280295,18.845938,19.393337,16.381952,14.569773,11.335831,9.860878,6.5897236,9.184752,5.677068,12.427034,11.131306,14.474395,17.408451,18.137215,17.277918,12.702025,8.674323,13.085658,9.870025,11.592429,11.926056,12.944787,12.282391,16.275522,16.27113,19.885885,20.260185,24.220928,25.720005,28.51128,29.046917,25.42337,26.929085,22.01132,24.798033,23.238894,23.36756,20.34239,21.01628,17.176668,17.526396,17.25243,13.179708,14.584931,12.689418,11.191101,6.3520026,9.280989,9.790079,11.378191,14.64766,15.948128,19.95838,22.136103,21.838787,25.88817,25.330303,25.813505,25.469206,20.361187,19.161324,15.317891,16.29328,13.254592,12.599233,14.896152,17.444563,19.97149,23.60727,23.288471,25.901096,23.491705,25.949245,26.284872,27.70942,25.382273,22.526958,26.673225,21.807354,25.540411,25.859453,26.71127,23.284157,24.917168,18.491556,19.184252,17.003122,17.503403
19,21.959078,21.951637,22.436224,18.041302,19.200125,21.209175,18.78167,22.707548,19.228073,23.52933,23.232065,24.326393,22.330458,19.848156,17.362085,13.480112,10.775593,7.542382,6.6842165,0.0,5.376595,6.7001286,9.894546,14.273576,14.408771,11.83296,8.321678,7.8483005,6.1125875,6.654759,9.567439,10.413113,17.136084,17.259495,20.167967,23.413755,24.438532,23.23958,19.005821,14.957122,17.685095,13.173366,14.344933,11.956272,12.393248,9.317309,12.839201,11.182947,14.549109,14.180897,18.134562,19.703053,22.156853,22.587116,18.813309,20.54483,15.884456,19.187744,18.11638,18.03166,15.34841,15.071856,10.994789,11.71107,11.078612,8.60042,10.307545,10.333011,10.968519,8.730946,9.21444,13.087351,13.027307,17.356094,17.892763,22.333542,23.772078,23.262327,27.186653,25.786722,26.067106,24.72969,20.281338,17.792162,14.275638,13.403418,10.670748,7.333604,10.21922,12.090738,15.965232,18.584656,18.130201,21.267073,19.336977,22.425232,23.698652,24.682255,23.136229,19.476383,24.514511,19.791058,23.92429,25.141886,26.048777,22.98113,24.320509,17.946856,19.37867,16.34244,18.54573
20,23.050838,22.536674,24.12855,19.500877,20.798779,24.025173,20.999073,25.841799,22.652555,26.652212,26.189466,28.00824,25.838867,22.945492,20.575756,16.990211,13.702405,11.802014,8.225169,5.376595,0.0,5.427169,6.077953,10.781333,11.335134,8.782399,8.712288,5.137377,8.571145,6.37598,11.93997,11.359629,18.726103,18.849604,21.368181,24.829258,24.84817,23.361,19.307714,15.268034,18.198793,13.180168,15.86832,13.430377,11.75227,10.102275,11.541654,10.42574,13.163708,12.98596,17.50502,18.25476,21.366434,22.70703,19.92822,21.874712,17.492495,20.678162,20.318815,21.224676,18.874804,18.652191,14.570543,15.609038,13.161119,12.155909,11.501859,12.931799,13.842537,11.489873,13.7726145,16.975779,17.736061,21.787458,22.454521,26.951324,28.497475,27.7742,31.749035,30.291681,30.196575,29.148127,24.86402,22.423325,19.204529,18.062628,16.018507,12.190275,14.814319,15.661004,19.046154,22.095217,22.122398,25.573015,24.073462,27.21558,28.564365,29.78206,28.432884,24.728151,29.830578,25.022701,28.969305,30.197794,31.303112,28.198305,29.652748,23.251287,24.466276,21.355572,23.037935
21,22.282013,22.841518,24.561543,20.604715,22.656816,25.15186,23.623348,28.203087,25.264612,29.568829,29.604506,30.897955,29.019823,26.471952,24.004665,20.143332,17.281488,14.235276,12.320474,6.7001286,5.427169,0.0,4.55093,7.8184466,8.6556835,7.661196,5.5417356,7.1424303,9.837441,10.612663,14.902927,15.951243,23.070023,23.321999,26.05051,29.45348,29.887554,28.473156,24.343645,20.252338,22.916061,17.784443,19.739176,16.34456,14.913827,11.655479,12.333809,9.169545,10.916594,8.759881,13.798316,14.174817,16.704569,18.311766,15.338869,17.852207,14.196258,18.047104,18.322462,18.713705,16.924137,15.228221,11.205612,12.006093,8.412674,9.681397,8.4656515,11.755441,14.095855,13.6364,14.544589,19.238558,19.468304,23.835745,24.387192,28.747656,30.087444,29.5045,33.32391,31.54643,31.558638,29.815617,25.955154,22.87782,19.870306,17.822323,15.691839,10.39523,12.38785,11.997071,15.825596,18.107496,18.332424,22.07183,21.207348,24.552925,26.452417,27.574793,26.964691,23.094692,28.724096,24.434847,28.665936,30.411812,31.281712,28.499962,29.356146,23.34255,24.670591,21.070322,23.568407
22,22.28862,22.363205,24.949232,20.934725,23.071993,26.460003,24.600937,29.854513,27.269365,31.33831,31.427435,33.319164,31.507147,28.660212,26.433487,22.5969,19.614481,17.1544,14.280295,9.894546,6.077953,4.55093,0.0,5.1204996,5.5128694,4.62153,7.255245,6.090764,11.625672,11.195285,16.344582,17.001572,24.167936,24.828064,27.047283,30.679422,30.495405,28.772364,25.007801,21.057367,23.28012,17.911293,20.600052,17.066792,14.272005,12.13558,10.956014,8.57874,9.440453,8.228287,13.172634,12.930469,16.273386,18.44341,16.683632,18.96719,15.552811,18.859745,19.616468,21.000336,19.435015,18.448792,14.769704,16.193129,12.336903,14.188331,12.248108,15.75892,17.856344,16.792091,18.475018,22.550602,22.909859,27.204477,27.56604,32.20538,33.395576,32.4866,36.336514,34.40074,34.011414,32.52922,28.87428,25.836142,23.14282,20.920088,19.60588,14.545671,16.88835,16.38495,20.064661,22.278242,22.530703,26.350117,25.588291,29.021297,30.99449,31.991615,31.329208,27.265034,32.740963,28.193195,32.12189,33.870304,35.07229,32.250683,33.541782,27.385262,28.851524,25.390234,27.663536
23,25.181744,25.753536,28.730839,25.149397,27.604946,30.8552,29.5084,34.74311,32.221558,36.355732,36.484394,38.226845,36.33832,33.56718,31.180946,27.42291,24.315844,21.762005,18.845938,14.273576,10.781333,7.8184466,5.1204996,0.0,4.9313755,7.572493,10.423284,11.06701,16.378553,16.302502,21.38348,21.992062,29.23481,29.590527,31.98492,35.517235,35.18355,33.54077,29.704367,25.773462,28.308413,22.963682,25.71861,22.064375,19.095087,16.851505,14.863707,11.947214,11.108525,7.9365716,13.033575,11.086785,14.006125,17.467232,16.565594,19.397764,17.261806,20.734371,22.243992,23.474567,22.465591,20.433062,17.117857,18.040651,13.08344,16.304052,13.113626,17.6797,20.409054,20.390493,22.040392,26.601948,27.21453,31.518106,32.100185,36.514374,37.84071,37.094566,40.89923,38.90665,38.584435,36.825916,33.335445,30.080034,27.428015,24.92457,23.374338,17.809923,19.333965,17.754877,20.716131,22.753124,23.558851,27.471931,27.395395,30.736437,32.911064,34.15568,34.06971,30.151548,35.9265,31.804653,35.905224,37.874958,38.85693,36.184746,36.945232,31.071579,32.28831,28.510717,30.84304
24,20.72811,21.3179,24.664392,21.439037,24.188684,27.58536,26.834433,32.315727,30.404057,34.432426,35.114025,37.12213,35.79012,32.9892,31.0421,26.932478,24.395668,21.53919,19.393337,14.408771,11.335134,8.6556835,5.5128694,4.9313755,0.0,4.1418824,8.417336,9.315589,14.562839,15.323778,19.709198,21.49263,28.265982,29.668385,31.480534,35.323757,35.13809,33.149506,29.73967,25.881506,27.162266,21.640911,24.060314,19.755777,16.463846,14.150663,11.073718,8.208631,6.4885736,5.1168866,9.147337,8.087996,11.93259,14.485888,14.16754,16.26392,13.965449,16.812029,18.54516,20.535912,19.760443,18.7124,15.900228,17.956882,14.035904,17.755466,15.861806,20.101109,22.663979,21.985477,23.03364,27.435865,27.165089,31.619013,31.475567,36.360706,37.0213,35.80508,39.473663,37.059135,36.30244,34.532288,31.592913,28.152815,26.124361,23.081837,22.816938,17.444912,19.816893,18.687222,22.848236,23.864882,23.933975,27.858322,27.545584,31.222898,33.733574,34.200714,33.95594,29.51522,34.97961,30.589148,34.2227,36.37574,37.824554,35.296635,36.772694,30.861515,32.770092,29.290854,32.11314
25,18.430088,18.427767,21.566774,17.908836,20.410873,24.097498,22.870953,28.48345,26.610601,30.531351,31.219128,33.439022,32.218,29.335402,27.601213,23.449005,21.10408,18.41451,16.381952,11.83296,8.782399,7.661196,4.62153,7.572493,4.1418824,0.0,6.6556125,5.479852,11.066238,11.57667,15.856061,17.803644,24.349205,26.140274,27.672604,31.61535,31.48797,29.387646,26.158241,22.373545,23.174652,17.640392,20.021175,15.726502,12.326846,10.269785,7.323426,5.2251234,5.451399,6.902364,10.293327,10.897694,14.802094,16.203848,15.184869,16.693563,13.212667,15.738326,16.762466,19.055698,17.790726,17.852243,14.820757,17.33809,14.3767805,16.969166,15.977124,19.363972,21.373259,19.846582,20.92208,24.779457,24.261663,28.655762,28.266212,33.35986,33.85887,32.44848,36.142197,33.749363,32.86521,31.37956,28.351961,25.11391,23.140358,20.31065,20.441235,15.641152,18.699553,18.447802,23.0413,24.235516,23.888073,27.70012,26.832857,30.55632,32.87977,33.139927,32.403522,27.847471,32.99872,28.226072,31.642447,33.596954,35.28211,32.63445,34.619312,28.493784,30.62611,27.463087,30.190046
26,16.96787,18.02936,19.765831,16.371355,18.981152,21.153664,20.914536,25.570349,23.419632,27.729149,28.62039,29.994118,28.942911,26.526203,24.626507,20.266369,18.435417,14.690646,14.569773,8.321678,8.712288,5.5417356,7.255245,10.423284,8.417336,6.6556125,0.0,6.89166,7.7043676,10.985412,13.540096,16.779148,23.066313,24.660784,26.732712,30.442633,31.273735,29.520252,25.886234,21.925388,22.94786,17.678797,18.770092,14.273759,13.061372,8.72182,9.026722,4.8531117,6.9814377,6.471117,9.814641,11.752989,14.319489,14.513766,11.454851,13.16564,8.9398775,12.557212,12.880992,13.779741,12.262493,11.522098,8.194878,10.887021,9.166446,11.825216,12.47772,15.383791,17.61736,16.779774,16.334772,20.950972,19.72154,24.28891,23.792667,28.676489,29.050982,27.92283,31.503689,29.100687,28.653828,26.63025,23.57641,20.029577,17.936825,14.815366,14.611188,9.447196,12.557463,12.552121,17.915766,18.370705,17.57954,21.291534,20.274221,24.068323,26.542181,26.545631,25.932514,21.336264,26.650637,22.174135,25.88323,28.02779,29.415524,26.942278,28.56159,22.716345,25.031553,21.826796,25.177742
27,18.538786,17.817055,20.005953,15.537729,17.283833,21.052162,18.663435,24.159353,21.84073,25.72655,26.050701,28.339722,26.93583,23.96821,22.258528,18.19495,15.819757,13.506985,11.335831,7.8483005,5.137377,7.1424303,6.090764,11.06701,9.315589,5.479852,6.89166,0.0,6.85313,6.097074,10.8362,12.330225,18.952282,20.691628,22.246382,26.16525,26.200176,24.177444,20.850489,17.041656,17.94668,12.438334,14.873097,11.111966,8.24256,6.5109453,6.446427,6.150452,9.182147,11.006048,14.356448,15.816096,19.376825,20.069334,17.929697,19.169922,14.602003,17.051434,16.860653,18.775806,16.675922,17.618732,14.125276,16.490473,14.635299,15.133853,15.149021,17.111584,18.242546,15.686002,16.998835,20.053118,19.596048,23.819706,23.483715,28.604624,29.26189,27.883738,31.699778,29.63498,28.907734,27.833694,24.279907,21.5084,19.16875,17.13766,16.97025,13.176137,16.7086,17.595268,22.118692,23.954458,23.370304,26.915075,25.37841,28.919266,30.759378,31.119509,29.753603,25.39695,30.206558,25.0915,28.469694,29.991777,31.701403,28.80168,31.09242,24.713736,26.78471,23.979248,26.305487
28,16.32667,15.999333,16.383577,11.93944,13.33864,15.682675,13.870042,18.483286,16.007294,20.241434,20.98351,22.674238,21.76948,19.216402,17.75155,13.249471,12.126157,8.684547,9.860878,6.1125875,8.571145,9.837441,11.625672,16.378553,14.562839,11.066238,7.7043676,6.85313,0.0,5.716349,5.8617005,10.229251,15.631372,17.963892,19.573914,23.355572,24.571404,22.773552,19.459734,15.779648,15.85279,11.018824,11.247854,7.094603,7.9374824,3.7037365,8.561531,8.131252,12.127258,13.9628105,16.246233,18.94835,21.69956,20.985817,17.62546,18.220196,12.976459,15.143778,13.554481,14.515909,11.710232,13.806818,10.699733,13.356606,14.070244,13.236209,15.611859,16.046833,16.594633,13.793178,13.232225,16.038054,14.105921,18.447155,17.400381,22.74761,22.868145,21.387938,25.120268,22.944927,22.40368,21.13966,17.51509,14.674113,12.404696,10.43529,10.989762,8.802083,13.050737,15.268712,20.396276,21.469294,20.054306,23.081396,20.860489,24.352612,26.098026,25.813402,23.980211,19.492216,23.79797,18.4764,21.680435,23.150646,24.983036,22.145058,24.904871,18.607103,21.313465,19.065243,21.917181
29,20.415936,19.027695,19.917566,14.914128,15.393727,18.938435,14.944603,19.979458,16.9972,20.740557,20.464777,22.83685,21.147617,18.052868,16.397268,12.541379,10.163645,8.818778,6.5897236,6.654759,6.37598,10.612663,11.195285,16.302502,15.323778,11.57667,10.985412,6.097074,5.716349,0.0,6.1831827,6.263641,13.028862,14.665016,16.264751,20.13258,20.466383,18.597378,15.122129,11.308338,12.407914,7.179658,9.573029,7.4617753,6.711754,6.491047,9.920247,10.92872,14.661939,16.511887,19.668142,21.586512,24.870508,25.045727,22.15605,23.115389,18.01893,20.17241,18.870659,20.20781,17.414265,19.208452,15.668718,17.55811,17.07322,15.251015,16.447477,16.461391,16.26427,12.316326,13.882069,15.360075,15.010064,18.812277,18.566086,23.635649,24.52015,23.216919,27.147982,25.601877,25.12387,24.663845,20.466778,18.531225,15.771012,15.15384,14.556824,12.780279,16.407581,18.54336,22.613234,25.02722,24.21351,27.267673,25.030981,28.189194,29.371586,29.835337,27.722198,23.805777,27.970015,22.598654,25.786884,26.667765,28.365803,25.191507,27.850431,21.323236,23.235249,21.064405,22.72239
30,18.309557,16.83942,16.172083,11.357394,10.982934,13.519366,9.405279,13.921743,11.055705,14.996199,15.421015,17.684572,16.902504,14.111384,13.307922,8.955615,8.929807,7.1723094,9.184752,9.567439,11.93997,14.902927,16.344582,21.38348,19.709198,15.856061,13.540096,10.8362,5.8617005,6.1831827,0.0,6.560301,10.031456,13.412716,14.258828,18.126059,19.62897,17.761848,14.987213,11.911969,10.584846,6.7962465,5.544041,3.3077872,7.231994,6.56818,11.797399,13.1933565,17.209494,19.68825,21.687208,24.547447,27.439276,26.461466,23.144089,23.301584,17.977919,19.29593,16.961832,17.960823,14.86915,18.172747,15.527947,17.792116,19.249043,16.98284,19.783731,18.884848,18.213171,14.148127,13.858406,14.302567,12.022646,15.572301,14.01344,19.59324,19.498142,17.657944,21.451197,19.652828,18.980436,18.734612,14.700329,13.107178,10.996014,10.907655,11.979349,12.542363,16.489662,19.547564,24.098732,25.570538,23.9616,26.451544,23.643385,26.701433,27.81281,27.406,24.747736,20.724518,23.876463,18.231024,20.664524,21.337193,23.511524,20.453484,24.126238,17.846523,20.603598,19.38337,21.436462
31,24.370165,22.465534,22.278727,17.288605,16.395819,19.418152,13.755862,17.656921,13.906827,17.055605,15.658129,18.196058,15.93859,12.6057825,11.058359,8.152051,5.831124,7.5378375,5.677068,10.413113,11.359629,15.951243,17.001572,21.992062,21.49263,17.803644,16.779148,12.330225,10.229251,6.263641,6.560301,0.0,7.4414115,8.471309,10.165174,13.895803,14.521045,12.963147,9.251672,5.6030436,7.5346665,4.6352553,6.4671335,8.493864,10.065347,11.287637,15.449276,16.963095,20.811949,22.624723,25.731983,27.791267,30.94531,30.904709,27.640755,28.44196,23.202919,25.082804,23.121767,23.979534,20.85904,23.11604,19.77258,21.063997,21.458183,18.004768,19.828203,18.1799,16.589697,11.542016,13.472595,12.285268,12.477046,15.136952,15.214839,19.84422,21.149902,20.052652,23.994856,23.276892,23.147326,23.55077,18.78061,18.151964,15.148744,16.359377,15.25503,15.711863,18.831053,21.76492,25.024153,27.967922,27.08355,29.572145,26.81872,29.414103,29.82183,30.48194,27.670967,24.505308,27.7655,22.42795,25.220146,25.252163,26.829754,23.435087,26.362144,20.01403,21.465721,20.20762,20.749992
32,26.664278,24.156881,22.794277,18.40525,16.0623,18.31884,11.461434,13.546484,10.031325,11.484123,9.20539,12.779732,11.118536,7.686281,8.416421,7.6226964,8.799047,11.744201,12.427034,17.136084,18.726103,23.070023,24.167936,29.23481,28.265982,24.349205,23.066313,18.952282,15.631372,13.028862,10.031456,7.4414115,0.0,6.2966213,4.5397954,8.499179,10.335239,8.724775,7.378585,7.2125463,3.852103,7.3974094,5.536594,10.871963,13.960461,16.060497,20.41168,22.677101,26.603533,29.111124,31.478523,34.073727,37.179256,36.451954,33.125866,33.30561,27.985756,29.038359,26.42601,27.254856,24.089594,27.495678,24.855284,26.3062,27.80125,23.98748,26.581545,24.216682,22.012892,16.94193,17.875065,14.543598,13.718229,14.503524,13.5378275,17.725643,18.260632,16.67683,20.141436,19.989506,19.667929,21.335052,16.940714,17.89885,15.929314,18.335566,18.416697,20.812675,23.86827,27.376867,30.626003,33.13665,31.766233,33.669994,30.440527,32.662045,32.649624,32.731266,29.240345,26.53071,28.2435,23.010344,24.514929,23.689917,25.665085,22.439306,26.416147,20.864275,22.549755,22.71597,22.732239
33,31.454798,29.376501,28.203865,23.633858,21.753897,23.642838,17.299397,18.69095,14.353408,15.960066,12.4732065,14.421268,10.807732,7.7300644,6.333813,7.8546653,7.175917,11.694491,11.131306,17.259495,18.849604,23.321999,24.828064,29.590527,29.668385,26.140274,24.660784,20.691628,17.963892,14.665016,13.412716,8.471309,6.2966213,0.0,4.796645,6.3665643,8.2481985,8.521917,4.7557306,5.01644,8.4486065,10.977794,10.801715,15.329823,17.921337,19.356169,23.803093,25.298685,29.200514,30.683962,33.929386,35.994705,38.943047,38.825245,35.14546,35.95213,30.728392,32.5493,30.131907,30.32575,27.063639,29.280966,26.175339,26.654747,27.719543,22.906261,25.09785,21.899178,18.980373,13.955264,15.858144,11.296991,12.755855,12.657883,13.80454,16.4993,18.78393,18.503769,22.054691,22.86157,23.511786,24.896114,19.765997,20.86086,17.829819,20.882328,18.961617,21.326944,23.470121,26.878712,28.899546,32.399662,31.604282,33.342285,30.21422,31.918182,31.2674,32.344227,28.903542,27.064669,29.109858,24.415112,26.676888,25.569414,26.601107,23.166767,25.841286,20.441992,20.774773,20.83916,19.568377
34,31.135172,28.488842,27.208519,22.847141,20.38853,22.615831,15.671732,16.990232,13.514086,13.993786,10.506971,13.79017,11.270822,8.158775,8.90952,10.205158,10.773972,14.734733,14.474395,20.167967,21.368181,26.05051,27.047283,31.98492,31.480534,27.672604,26.732712,22.246382,19.573914,16.264751,14.258828,10.165174,4.5397954,4.796645,0.0,4.3013577,5.942214,5.1457505,4.6917987,7.0138783,5.944452,10.605986,9.937724,15.232413,17.760305,20.156885,24.27648,26.54473,30.421825,32.685936,35.417873,37.751244,40.925106,40.503246,37.142326,37.53136,32.215504,33.449223,30.89875,31.617258,28.416126,31.494799,28.662273,29.722757,30.952065,26.642475,28.90708,26.113907,23.439127,18.31118,19.931978,15.615182,15.975331,15.744908,15.688945,18.698261,19.954454,18.918602,22.118063,22.736567,22.76332,24.79142,20.289312,21.737123,19.544415,22.402233,21.754293,24.25458,26.907326,30.389309,32.97844,36.058216,34.957592,36.73574,33.495808,35.389874,34.938633,35.471855,31.862658,29.713037,31.233027,26.316452,27.821543,26.58812,28.197668,24.947363,28.501854,23.295097,24.238087,24.65822,23.741442
35,35.123817,32.55534,30.980463,26.79865,24.209063,25.897541,19.166126,19.376884,15.866229,15.6322565,11.373147,13.7721,10.732857,8.59539,9.552308,12.460994,13.2322235,17.515661,17.408451,23.413755,24.829258,29.45348,30.679422,35.517235,35.323757,31.61535,30.442633,26.16525,23.355572,20.13258,18.126059,13.895803,8.499179,6.3665643,4.3013577,0.0,4.676919,6.230521,6.763699,9.961394,10.183683,14.853836,14.029233,19.327936,22.031826,24.221903,28.483635,30.569725,34.47585,36.472775,39.372772,41.648186,44.71891,44.340847,40.777683,41.256413,35.96892,37.306087,34.645947,35.03503,31.800838,34.666687,31.866423,32.544537,33.933796,29.13592,31.458971,28.141455,25.063328,20.184755,21.781418,16.632767,17.53142,16.189415,16.703396,18.419,20.155499,19.676178,22.487598,23.88197,24.357033,26.668312,22.139568,24.155567,21.913958,25.31409,24.181059,27.167448,29.383917,32.958626,34.981953,38.312004,37.313416,38.788303,35.469208,36.954845,36.04788,36.82701,33.05392,31.542149,32.60413,28.126495,29.471073,27.78727,29.017862,25.85466,29.055536,24.45678,24.803867,25.713968,24.038942
