,0,1,2,3,4,5,6,7,8,9,10,11,12,13,14,15,16,17,18,19,20,21,22,23,24,25,26,27,28,29,30,31,32,33,34,35,36,37,38,39,40,41,42,43,44,45,46,47,48,49,50,51,52,53,54,55,56,57,58,59,60,61,62,63,64,65,66,67,68,69,70,71,72,73,74,75,76,77,78,79,80,81,82,83,84,85,86,87,88,89,90,91,92,93,94,95,96,97,98,99,100,101,102,103,104,105,106,107,108,109
0,0.0,4.5567513,7.750805,9.2966795,12.965362,15.398047,18.355312,23.397547,25.48123,28.703615,33.22349,34.865112,36.22802,35.27868,35.045406,30.804525,32.27173,28.202545,32.234516,27.65391,29.920317,28.03929,29.22995,31.254423,27.3576,26.202862,22.959023,26.485435,23.043455,28.094652,25.12035,31.562534,33.476505,38.12919,38.09105,41.72093,43.55464,41.45427,39.748432,37.045048,33.78581,30.443262,28.38425,23.763458,24.952444,21.77204,22.16169,21.208635,21.493881,23.696445,20.692625,25.075546,24.008436,19.455933,20.53147,16.65024,17.301996,15.653723,13.216193,17.268332,18.078941,18.213274,22.10031,22.178356,27.69653,25.807192,30.221148,28.796814,27.479769,22.524914,24.520836,21.315294,22.20704,23.633995,25.413378,27.668592,30.976957,33.51426,36.22693,37.698853,39.041576,38.658604,33.28853,32.51697,28.190138,30.634535,24.268991,24.400564,23.017992,19.387583,21.975302,25.170155,27.537409,30.755905,29.823015,31.379961,32.527824,30.286037,27.56609,30.882225,25.918205,29.26487,31.593876,27.125576,24.841703,20.423565,19.347103,15.063829,14.477323,11.210374
1,4.5567513,0.0,5.1948857,6.4046106,9.493538,12.74118,15.254871,20.529182,22.966015,25.946724,30.544529,32.610714,34.382687,33.402637,33.59656,29.449282,31.227278,27.623274,31.541327,27.69363,29.812288,28.727276,29.595993,32.13553,27.974974,26.265713,23.594557,26.013485,22.442898,27.04899,23.669895,30.040546,31.216412,36.407055,35.804153,39.478687,41.16596,38.919502,37.68853,35.297962,31.319733,28.383757,26.15613,21.83355,23.114408,20.717884,21.195747,21.179495,21.816847,24.942913,22.205524,26.659636,26.024672,21.89689,22.906715,19.056137,18.656473,16.463709,13.393876,16.727406,16.750217,16.107613,19.809816,19.245,24.821472,22.422056,26.625309,25.205017,23.733496,18.91693,21.626299,18.691853,20.49756,21.873503,24.412615,26.135712,29.933172,32.52438,35.08359,36.832138,38.59758,38.238018,32.696175,32.357864,28.017553,30.727995,24.549814,25.060038,24.292572,20.801,24.165747,27.42599,29.652925,32.6474,31.355612,32.37808,33.58359,30.908205,28.734192,31.502394,26.7522,29.638502,31.581621,27.02109,25.18181,20.372715,19.841225,16.030392,15.266804,13.371558
2,7.750805,5.1948857,0.0,5.307598,7.266001,8.23403,12.592943,16.61614,19.62506,22.212437,26.945326,28.951365,31.016943,30.476961,30.900099,27.082006,29.45288,26.19221,30.679787,27.471432,30.321575,29.6346,31.048204,34.12306,30.2945,28.15969,24.75219,26.927814,22.207674,26.83646,22.465376,28.894436,29.131514,34.238083,33.622757,36.96209,39.100998,37.089935,36.00747,33.90201,29.74883,27.506445,24.557762,20.946327,23.359808,21.000288,22.741774,22.873062,24.29547,27.240467,25.360651,29.688223,29.508732,25.285316,25.34435,21.840868,20.702677,19.323755,15.611088,19.028284,19.37279,17.074879,20.882624,19.514854,25.422586,21.871616,26.3609,23.974682,21.819683,16.792942,19.530031,15.432259,17.623245,18.041336,20.844364,21.845037,25.70349,28.549759,30.812502,32.937927,34.79547,34.82401,29.285814,29.451336,25.24249,28.573132,22.530485,24.271175,23.51555,20.672153,24.165459,27.27475,29.869558,33.06839,31.048304,32.27106,32.707336,29.62618,27.271704,29.027414,24.384012,26.521444,28.016518,23.216661,21.797226,16.352238,17.219664,13.5962925,13.9554615,12.856097
3,9.2966795,6.4046106,5.307598,0.0,3.90103,7.9902253,9.1103325,14.741164,16.68276,19.90191,24.37577,26.365437,28.062122,27.021479,27.314793,23.238052,25.251635,22.012684,26.075453,23.01889,25.517143,25.2548,26.376825,29.731262,25.839514,23.385777,20.399336,21.917042,17.44943,21.834484,17.770628,24.146742,24.906387,30.11924,29.483648,33.10057,34.896988,32.74488,31.515903,29.256815,25.203432,22.564678,19.980124,15.986676,18.08987,15.905387,17.619392,18.14554,19.852612,23.270351,21.874392,26.078447,26.452703,22.722582,22.455261,19.193136,17.048468,15.522228,11.484087,14.323601,14.609744,11.795039,15.640759,14.458325,20.385706,17.285202,21.966825,19.862738,18.326654,13.2895,15.411902,12.436219,14.219011,15.880803,18.62425,20.484905,24.423666,26.810436,29.467422,31.093237,33.094166,32.57891,26.976814,26.852507,22.561035,25.415842,19.55919,20.65625,20.534124,17.579258,21.732418,24.896902,27.037228,29.825224,27.830904,28.423655,29.335253,26.188541,24.576544,26.687466,22.302988,24.775707,26.465582,22.103905,20.587877,16.131523,15.416733,12.641739,11.503332,11.843562
4,12.965362,9.493538,7.266001,3.90103,0.0,5.942563,5.8577847,11.510635,13.858892,16.719713,21.254198,23.614067,25.740192,24.79196,25.55445,21.761032,24.207232,21.641535,25.638271,23.56408,26.085558,26.5951,27.612747,31.405466,27.573065,24.679537,22.026258,22.497849,17.749731,21.477491,16.821371,22.901028,22.596146,28.213966,27.066555,30.590847,32.391045,30.20622,29.451696,27.602505,22.885109,20.95899,17.975279,14.763102,17.378561,16.112528,18.320412,19.611717,21.734613,25.52742,24.603107,28.652407,29.391083,25.96974,25.45861,22.425772,19.663052,18.164238,14.019254,15.994951,15.795674,11.763448,15.100728,12.91667,18.823805,14.726233,19.330265,16.746977,14.785339,9.722888,12.580435,9.60711,12.5927305,13.902946,17.41694,18.527685,22.8475,25.242794,27.657364,29.558752,31.932442,31.51559,25.887127,26.287634,22.179504,25.319866,19.96654,21.674868,22.063326,19.592352,24.05296,27.083464,29.141863,31.73957,29.347908,29.56849,30.274918,26.767357,25.630621,26.94204,22.969896,24.75032,25.930271,21.635693,20.707281,16.16153,16.244837,14.31712,13.431982,14.832558
5,15.398047,12.74118,8.23403,7.9902253,5.942563,0.0,6.977253,8.579472,12.151261,14.205898,18.988926,21.069954,23.573278,23.429838,24.382141,21.166872,24.350683,22.131649,26.889154,25.313684,28.734137,29.233742,30.982557,34.964302,31.608353,28.678774,25.044397,25.882563,20.058222,23.904165,18.332136,24.25895,22.870659,27.987703,27.084816,29.9971,32.53465,30.798594,30.094675,28.568747,24.044172,23.03284,19.210257,17.138819,20.966942,19.389055,22.707747,23.570162,26.102057,29.205387,28.775341,32.706676,33.51134,29.754316,28.588692,25.804806,23.098034,22.489092,18.254528,20.752935,21.15894,16.604033,19.882332,17.370409,23.127987,18.163355,22.787447,19.103529,16.236275,11.36445,13.667566,8.336816,11.574064,10.752301,14.518648,14.351485,18.684765,21.572319,23.51736,26.010386,28.36362,28.604483,23.068268,24.124552,20.29369,24.257812,19.142836,22.384975,22.43023,20.777878,24.826855,27.572449,30.123617,33.057404,30.022226,30.795656,30.46209,26.69435,25.022284,25.07864,21.23445,21.986614,22.567307,17.898857,17.558006,12.136182,14.505346,12.8817,13.752986,15.362144
6,18.355312,15.254871,12.592943,9.1103325,5.8577847,6.977253,0.0,6.8838773,8.258706,11.29553,15.602173,18.038,20.242594,19.245092,20.364944,16.912455,19.787756,18.15332,22.038515,21.382515,24.113935,25.640184,26.784985,31.193562,27.824131,24.38624,21.798676,21.01019,15.710391,18.468485,13.033421,18.52904,17.10581,22.883947,21.464582,24.861834,26.78516,24.714968,24.171265,22.697723,17.660639,16.593504,12.992285,11.115372,14.8492365,14.483154,17.873901,19.749403,22.642391,26.42335,26.652187,30.234291,31.712875,28.782492,27.419703,25.042166,21.251858,20.409418,16.283167,17.275616,17.197565,11.599706,14.063202,11.0249,16.487463,11.372042,16.191898,12.529209,10.328342,5.262995,7.096275,4.2607746,8.227344,9.687655,13.681395,14.506993,18.959179,20.972157,23.340866,25.134832,27.871405,27.304821,21.773718,22.625702,18.891962,22.104189,17.765593,20.14824,21.323107,19.770626,24.514164,27.197979,29.018341,31.23827,28.250101,27.93087,28.2666,24.357431,24.0511,24.341093,21.194471,22.150211,22.786182,19.053154,18.812723,15.255956,15.408131,15.209617,14.259717,17.343506
7,23.397547,20.529182,16.61614,14.741164,11.510635,8.579472,6.8838773,0.0,5.070931,5.7099533,10.535145,13.121275,16.328167,16.440466,18.32153,16.15367,20.064129,19.613018,23.866499,24.509575,27.912933,29.835714,31.510948,36.189297,33.34465,29.776567,26.647493,25.672173,19.697618,21.841167,15.710936,20.050823,16.39053,21.619453,20.019573,22.444885,25.19217,23.707438,23.693954,23.068182,18.010902,18.809578,14.343611,14.851967,19.52277,19.416653,23.651562,25.384363,28.639376,31.933641,32.72638,36.1107,37.78125,34.736572,32.80567,30.723701,26.841076,26.646076,22.505322,23.660751,23.85622,17.989101,19.962698,16.606627,21.155897,15.257098,19.318382,14.476438,11.180678,8.154564,8.853436,4.2242355,8.623325,6.5950327,11.419047,9.5751,14.340792,16.628046,18.146078,20.772972,23.906244,24.059568,18.84484,20.929104,17.996328,21.996235,18.806587,22.785616,23.957857,23.460976,27.816105,30.07613,32.167007,34.461918,30.753471,30.651701,29.88966,25.64855,25.32068,23.747517,21.401949,20.66212,20.101807,16.563179,17.601158,14.145159,16.5264,17.335152,17.75504,21.179926
8,25.48123,22.966015,19.62506,16.68276,13.858892,12.151261,8.258706,5.070931,0.0,4.3596096,7.899282,9.807559,12.173535,11.703407,13.460822,11.26096,15.205795,15.360734,19.288668,20.774595,24.149454,26.602634,28.318872,33.211487,30.8097,27.078104,24.071257,22.429077,16.502762,17.864988,11.749793,15.330879,11.556266,16.598486,15.305656,17.901073,20.690285,19.316263,18.845818,18.12487,13.5684595,14.544829,9.930889,11.509875,16.515501,16.685637,21.412037,23.203371,26.784636,29.84041,31.41975,34.35059,36.511955,33.93158,31.462353,29.933844,25.488087,25.764732,21.910482,22.448866,22.944277,16.826277,18.25086,15.260535,19.092873,13.8328495,17.940987,13.077194,10.881512,8.866178,6.207115,4.2837944,5.7473903,5.2989507,9.037729,8.732202,12.800319,14.122274,16.23165,17.930815,21.128902,20.616888,15.489509,17.365618,14.722341,18.199755,15.985328,19.774218,21.560585,21.618538,26.016241,27.98177,29.666534,31.522076,27.653355,27.050396,26.28329,21.979362,22.48233,20.716825,19.105478,18.30322,17.792398,15.236596,16.307281,14.695015,15.517081,17.507227,17.225279,21.504602
9,28.703615,25.946724,22.212437,19.90191,16.719713,14.205898,11.29553,5.7099533,4.3596096,0.0,4.828922,7.781591,11.550602,12.011618,14.637447,13.729973,17.933752,18.90721,22.55551,24.716272,28.051342,30.742327,32.432076,37.386326,35.040577,31.246742,28.37946,26.479256,20.713493,21.602861,15.679922,18.266844,12.928738,17.654608,15.707269,17.48175,20.539001,19.457048,19.863155,19.996946,15.109519,17.402489,12.876872,15.435177,20.242683,20.88548,25.498028,27.483747,31.05231,34.182568,35.738987,38.6899,40.840347,38.21977,35.795307,34.210724,29.828224,30.01424,26.103645,26.617842,26.866465,20.71697,21.856377,18.492247,21.825247,16.096245,19.396015,14.215314,11.409996,10.741128,9.263079,7.710619,9.902182,7.7824893,11.403411,8.795524,12.728107,14.0753565,15.167181,17.588783,21.161991,21.190779,16.612942,19.333178,17.398903,21.06612,19.545967,23.748762,25.492437,25.778685,30.029892,31.87674,33.64256,35.490498,31.4411,30.846933,29.727509,25.382456,25.9225,23.30365,22.163565,20.47226,19.158258,16.882862,18.679546,16.914806,18.931417,20.920792,21.16046,25.249054
10,33.22349,30.544529,26.945326,24.37577,21.254198,18.988926,15.602173,10.535145,7.899282,4.828922,0.0,4.090731,8.35225,9.220421,12.555839,13.133154,17.210836,19.41778,22.304344,25.670372,28.81872,32.06424,33.715492,38.795994,36.880333,32.984955,30.399424,27.829922,22.470966,22.313457,16.9761,17.823517,11.242579,14.974203,12.708502,13.568272,16.920927,16.353586,17.211382,18.160992,13.816693,17.37102,13.278531,17.216162,21.788963,22.961323,27.671936,29.791655,33.511093,36.46867,38.5721,41.15944,43.651184,41.3788,38.624348,37.421265,32.740818,33.186993,29.504482,29.562147,29.84378,23.67737,24.200502,20.99791,23.275463,18.0484,20.556707,15.544512,13.506799,14.304952,11.777062,11.973396,12.858358,11.1654415,13.363031,10.809143,13.298782,13.519037,14.101602,16.031261,19.84642,19.695759,16.049213,19.132221,18.199429,21.309217,21.22996,25.368353,27.498127,28.334427,32.421055,33.925922,35.39248,36.84198,32.61592,31.615965,30.256178,25.968214,27.220085,23.892326,23.769548,21.453907,19.622263,18.54903,20.753893,20.226255,21.848137,24.510866,24.59581,29.024876
11,34.865112,32.610714,28.951365,26.365437,23.614067,21.069954,18.038,13.121275,9.807559,7.781591,4.090731,0.0,4.657378,6.697144,9.843477,11.505003,15.536172,18.180752,21.0646,24.799843,28.259653,31.454453,33.4739,38.517544,37.08083,33.295597,30.313059,27.965399,22.487347,22.200064,17.144327,17.317236,11.178283,13.04182,11.981512,12.015051,16.086538,16.215937,16.31424,17.219334,14.469421,17.91299,14.071868,18.191967,22.87767,23.608019,28.649618,30.349876,34.198128,36.60698,39.167065,41.47757,44.136852,41.93346,38.72813,37.89274,33.157696,34.128487,30.609652,30.7666,31.488522,25.413832,26.01253,23.261211,25.435577,20.790436,23.484621,18.668724,17.074776,17.491098,14.115095,14.030728,13.436984,11.65112,12.316077,10.151742,11.160208,10.464886,11.005602,12.3271055,16.154268,15.924552,12.873317,16.222147,16.091328,18.965815,19.908417,24.311968,26.444271,27.876776,31.570795,32.712254,34.114952,35.44034,30.988804,30.078587,28.189558,23.992525,25.401419,21.373938,21.998573,19.107391,16.913841,16.786951,19.26358,19.910437,21.282614,24.551762,24.789879,29.408918
12,36.22802,34.382687,31.016943,28.062122,25.740192,23.573278,20.242594,16.328167,12.173535,11.550602,8.35225,4.657378,0.0,3.538537,5.9100347,8.970361,12.424474,15.728902,18.13056,22.434603,25.923777,29.217075,31.433393,36.404186,35.520638,31.861095,28.786573,26.392199,21.213734,20.439438,16.166155,15.20605,10.129114,9.645931,10.270376,9.838585,14.271946,14.963641,13.920632,14.572888,13.826884,16.896334,13.741675,17.990486,22.426119,22.901625,28.06852,29.423134,33.34309,35.21468,38.33705,40.218063,43.1413,41.237396,37.60392,37.258934,32.38946,33.84617,30.678389,30.645943,31.751364,25.93859,26.372135,24.24297,26.011131,22.303518,25.070269,20.693617,19.851788,20.107676,15.765573,16.232582,14.120787,13.266617,12.293551,11.894887,11.478277,9.447544,10.729017,10.182688,13.653575,12.52851,10.239299,13.186799,13.940496,15.9085865,18.190767,22.276083,24.633408,26.6196,29.951097,30.69714,31.780663,32.746822,28.22049,27.097486,24.953484,20.959187,22.950819,18.65171,20.17785,17.215094,15.143188,16.258236,18.535122,20.630066,20.900808,24.76771,24.711964,29.568485
13,35.27868,33.402637,30.476961,27.021479,24.79196,23.429838,19.245092,16.440466,11.703407,12.011618,9.220421,6.697144,3.538537,0.0,3.713828,6.5001216,9.604051,13.334244,15.130095,19.823898,22.923058,26.544336,28.47831,33.500523,32.623386,28.89856,26.263433,23.363503,18.639673,17.29222,13.476472,11.810532,6.871862,6.587501,7.3514214,8.048655,12.028682,12.337962,10.760923,11.117083,10.612247,13.544877,10.801227,15.329158,19.418972,20.222496,25.222267,26.754715,30.659218,32.651825,35.906956,37.63321,40.701878,39.08938,35.50749,35.27659,30.229591,31.602602,28.638124,28.187979,29.222713,23.552092,23.64307,21.769068,23.108656,19.969309,22.650696,18.652704,18.434017,18.853596,13.980466,15.568759,13.111058,13.48979,12.61832,13.4536705,13.660025,11.796345,13.780796,12.788365,15.889237,14.026096,11.367832,13.322122,13.616172,14.899412,17.16855,20.481018,23.217104,25.03425,28.568106,29.382133,30.15038,30.841944,26.533367,24.928225,23.349318,19.389847,21.946138,18.485004,19.864243,17.741196,16.393818,17.356434,19.066212,21.229935,20.508482,24.357147,23.687168,28.684448
14,35.045406,33.59656,30.900099,27.314793,25.55445,24.382141,20.364944,18.32153,13.460822,14.637447,12.555839,9.843477,5.9100347,3.713828,0.0,4.6066213,6.792469,10.742698,12.459813,17.210869,20.536436,23.96712,26.205143,31.095652,30.63402,27.109957,24.164465,21.609324,16.992268,15.657828,12.525261,10.484585,8.204484,5.8029647,8.9250765,9.791909,13.373824,13.84285,10.916518,10.215757,11.750303,13.386509,11.287241,15.084551,18.951384,19.133348,24.218899,25.248112,29.154896,30.5938,34.210308,35.64335,38.825474,37.34928,33.441338,33.572712,28.548412,30.36204,27.692518,27.28755,28.739664,23.428514,23.64246,22.379654,23.759415,21.35269,24.346725,20.704847,20.79565,20.648493,15.43625,16.813189,13.282459,14.26305,12.238335,14.414715,13.921999,11.643613,14.269435,12.240994,14.639869,12.036874,9.630482,10.6041355,11.3178425,11.707294,14.886549,17.869997,20.676105,22.900404,26.071684,26.594814,27.171005,27.67862,23.321203,21.691673,19.89499,16.078512,18.982222,15.595292,17.477016,15.625033,14.738691,16.353966,17.665274,20.786135,19.164255,23.340698,22.489,27.52965
15,30.804525,29.449282,27.082006,23.238052,21.761032,21.166872,16.912455,16.15367,11.26096,13.729973,13.133154,11.505003,8.970361,6.5001216,4.6066213,0.0,4.4076743,6.9001727,9.819765,13.520382,17.103815,20.278133,22.51991,27.470179,26.630215,23.072071,19.931892,17.653976,12.542705,11.908806,8.105919,7.7482686,7.609842,8.065204,10.433017,12.854267,15.664474,15.215132,12.023703,10.024292,10.661205,10.585908,8.180526,10.90623,14.999627,14.685416,19.916162,20.842789,24.7663,26.367275,29.76912,31.395578,34.465027,32.88262,29.124283,29.096235,24.050638,25.778112,23.087385,22.75231,24.320713,19.095915,19.602207,18.602255,20.54094,18.334827,21.93282,18.474237,18.674463,17.743702,12.401315,13.776482,9.650263,11.868345,10.027084,13.539593,14.048054,12.689017,15.986821,14.515998,16.71443,14.197904,10.321761,10.292102,9.23978,9.847267,11.4559,14.070087,16.994917,18.766453,22.32427,23.205088,23.853756,24.591358,20.412535,18.837854,17.674086,13.583449,16.25155,14.2066965,14.93922,14.330972,14.455712,14.984843,15.530251,18.1869,15.705587,19.647379,18.331429,23.40727
16,32.27173,31.227278,29.45288,25.251635,24.207232,24.350683,19.787756,20.064129,15.205795,17.933752,17.210836,15.536172,12.424474,9.604051,6.792469,4.4076743,0.0,5.014374,5.7600965,10.67255,13.765977,17.324133,19.47319,24.332527,24.06911,20.67223,17.94968,15.235217,11.388336,9.546724,8.299648,5.6856246,9.225763,7.8230605,11.358457,13.885395,15.809342,15.414081,11.165197,8.08305,11.30573,9.93878,9.525166,11.501305,14.301477,13.92381,18.709234,19.34657,23.16471,24.281694,28.262253,29.313536,32.69776,31.66844,27.663269,28.188324,23.0426,25.08348,23.032204,22.177872,23.973644,19.479076,19.533655,19.412184,20.556469,19.738415,23.042624,20.417507,21.368502,20.574072,15.098796,17.220377,12.835939,15.782335,13.562021,17.702015,17.82722,16.144747,19.531984,17.301792,18.846815,15.664119,12.751494,11.374754,10.767533,9.24582,11.932401,12.744354,16.14319,18.154385,21.357227,21.896778,21.87207,21.940025,18.050762,15.690721,15.0621,11.476158,15.32336,14.335921,15.585314,15.863366,16.658646,17.787455,17.742208,21.074785,17.398935,21.36071,19.41696,24.406433
17,28.202545,27.623274,26.19221,22.012684,21.641535,22.131649,18.15332,19.613018,15.360734,18.90721,19.41778,18.180752,15.728902,13.334244,10.742698,6.9001727,5.014374,0.0,5.7016983,6.7889595,11.1289835,13.564706,16.29595,21.035,20.523958,17.352085,13.586624,12.308422,7.414849,7.847763,6.4928946,7.6431885,12.585488,12.75825,15.70707,18.61643,20.484545,19.687584,15.632862,12.139907,14.202226,11.149802,10.572901,9.998368,12.728321,10.660867,15.647586,15.448835,19.261549,20.021246,23.874788,25.103214,28.294363,26.984232,22.874718,23.384407,18.362406,20.73658,18.789091,18.422626,20.754335,16.745832,17.559973,18.026945,20.131472,19.568756,23.572351,21.142082,21.903975,20.007328,14.996102,16.175205,11.28561,14.897218,12.466781,17.62418,18.096155,17.127241,20.901287,19.00447,20.141531,17.224466,13.504274,11.195932,9.077076,7.469499,8.009364,7.865126,11.344231,13.151665,16.479742,17.27312,17.430765,17.943333,14.111985,12.276955,12.081526,8.253838,11.486624,12.303064,12.273457,14.077998,15.959276,16.256073,15.262115,18.445713,13.659979,17.359123,15.013049,19.858679
18,32.234516,31.541327,30.679787,26.075453,25.638271,26.889154,22.038515,23.866499,19.288668,22.55551,22.304344,21.0646,18.13056,15.130095,12.459813,9.819765,5.7600965,5.7016983,0.0,6.698223,8.413747,12.524583,14.260755,19.014875,19.221804,16.05872,14.170422,10.875075,9.418444,6.2490735,9.055896,6.001646,12.962866,11.871231,15.061543,18.001936,18.726053,17.931934,13.32402,9.32453,13.557033,10.097327,11.792758,11.906657,12.626034,11.974463,15.67792,15.905107,19.405804,20.070938,24.555166,24.963371,28.649527,28.33343,24.296446,25.36904,20.220194,22.41485,21.265593,19.722725,21.725912,18.475975,18.081102,19.191078,19.607454,20.565975,23.646318,22.171406,23.866028,22.910542,17.695517,20.405901,16.061504,19.884998,17.809048,22.567675,22.92431,21.452997,25.007236,22.61051,23.683058,20.261982,17.6289,15.253775,14.225458,11.40852,13.371059,11.381774,15.116416,16.73634,19.652294,20.06653,19.157309,18.419676,15.442119,11.924352,13.089017,10.639985,15.214381,16.474207,17.29916,19.059055,20.751652,21.692337,20.822067,24.136435,19.199694,22.658747,19.836075,24.43233
19,27.65391,27.69363,27.471432,23.01889,23.56408,25.313684,21.382515,24.509575,20.774595,24.716272,25.670372,24.799843,22.434603,19.823898,17.210869,13.520382,10.67255,6.7889595,6.698223,0.0,5.298031,6.7974424,9.801705,14.31685,14.264374,11.635582,7.962054,7.5671835,6.085296,6.8496394,9.777623,10.89499,17.775078,18.010517,20.82159,24.055704,25.023094,23.903248,19.631018,15.61525,18.237913,13.611998,14.752017,12.204081,12.338686,9.234723,12.416009,10.938794,14.247583,14.016315,18.562248,19.041216,22.540388,21.980629,17.701794,18.989433,14.070757,16.90079,16.296833,15.336439,18.181513,16.144918,16.74327,18.749294,20.32543,21.621983,25.418707,24.207767,25.608707,23.434486,19.024689,20.578802,16.113924,20.29354,18.166672,23.630491,24.288763,23.542988,27.394047,25.359106,26.00887,22.93935,19.639383,16.567354,14.342003,11.69493,11.054421,6.45734,9.941769,10.879488,13.629636,14.339697,13.324611,12.990819,10.613826,7.602136,10.318495,8.550549,11.816869,15.661047,14.949672,18.435015,21.185278,21.241056,19.337332,22.268436,16.233122,18.9078,15.532989,19.46361
20,29.920317,29.812288,30.321575,25.517143,26.085558,28.734137,24.113935,27.912933,24.149454,28.051342,28.81872,28.259653,25.923777,22.923058,20.536436,17.103815,13.765977,11.1289835,8.413747,5.298031,0.0,5.3854737,5.857853,10.701432,11.005308,8.367046,8.064426,4.9286084,8.6862545,6.9846525,12.439245,12.11216,19.60687,19.935513,22.288155,25.743011,25.771513,24.373482,20.22086,16.180717,19.092463,13.973287,16.542927,13.93021,11.964497,10.177224,11.095407,10.066397,12.614167,12.5868635,17.47229,17.130606,21.06684,21.646744,17.92995,19.56104,14.7793665,16.955877,17.323341,15.057363,17.413862,16.622646,16.144789,18.958023,19.174156,22.02649,25.06132,24.921549,27.053377,25.433718,21.228565,23.870928,19.995958,24.493166,22.900766,28.143559,29.087076,28.24929,32.027023,29.933786,30.723497,27.457754,24.411924,21.466152,19.47145,16.65355,16.302893,11.408065,14.487607,14.586242,17.072847,17.754139,15.898489,14.50019,13.7307005,9.667259,13.902809,13.223061,16.720684,20.77573,20.21126,23.700556,26.346706,26.423908,24.566675,27.128668,21.106823,23.291294,19.503895,22.97876
21,28.03929,28.727276,29.6346,25.2548,26.5951,29.233742,25.640184,29.835714,26.602634,30.742327,32.06424,31.454453,29.217075,26.544336,23.96712,20.278133,17.324133,13.564706,12.524583,6.7974424,5.3854737,0.0,4.539437,7.8302407,8.645986,7.7186627,5.1976,7.435846,10.284577,11.274644,15.421319,16.664911,23.90352,24.305561,26.913666,30.300343,30.736942,29.406572,25.206429,21.132526,23.730495,18.52966,20.385225,16.879402,15.244089,11.931512,12.207384,9.169301,10.810428,8.630377,13.953077,13.232705,17.032555,17.52447,13.294163,15.599628,11.562051,14.635603,15.803577,14.438183,17.546675,17.886507,18.346222,21.469488,22.61892,25.251802,28.747643,28.50211,30.2397,27.83911,24.130795,25.707222,21.708029,26.034998,24.153486,29.706547,30.515312,29.985876,33.874706,31.837658,32.18597,29.12721,26.011713,22.631546,20.329903,17.53545,16.174334,10.287883,12.191097,11.827354,13.227281,13.791987,11.5388,10.156562,10.665858,7.6418867,12.624009,12.989438,15.179693,20.592749,19.361563,23.694675,26.904388,26.699202,24.255146,26.789282,20.29679,21.88463,18.065989,20.634626
22,29.22995,29.595993,31.048204,26.376825,27.612747,30.982557,26.784985,31.510948,28.318872,32.432076,33.715492,33.4739,31.433393,28.47831,26.205143,22.51991,19.47319,16.29595,14.260755,9.801705,5.857853,4.539437,0.0,5.146771,5.4892635,4.605586,6.9120984,6.402571,11.981383,11.742205,16.830948,17.52514,24.843756,25.70271,27.7444,31.373865,31.178335,29.54641,25.659355,21.696547,23.971512,18.542437,21.149637,17.558807,14.587792,12.392574,10.824201,8.571927,9.248795,8.10033,13.136368,11.882468,15.998635,17.505749,14.346363,16.443007,12.575869,14.500332,16.28185,13.741838,16.180384,17.506453,17.135416,20.761272,20.95662,24.64769,27.541832,28.119675,30.34677,28.360268,24.933254,27.319582,23.869766,28.469515,27.157606,32.490555,33.704025,33.204437,37.049618,35.140697,35.7875,32.65178,29.43151,26.311872,23.949907,21.31766,19.93326,14.300673,16.366499,15.361667,17.155548,17.992733,15.675289,14.01684,15.128827,11.782298,16.897572,17.140345,19.604786,24.775938,23.506878,27.702473,30.74025,30.356588,28.043978,30.070248,23.759706,25.008562,20.912563,23.29443
23,31.254423,32.13553,34.12306,29.731262,31.405466,34.964302,31.193562,36.189297,33.211487,37.386326,38.795994,38.517544,36.404186,33.500523,31.095652,27.470179,24.332527,21.035,19.014875,14.31685,10.701432,7.8302407,5.146771,0.0,4.913471,7.556879,10.173889,11.373512,16.759928,16.887877,21.868034,22.612547,29.97637,30.6072,32.78773,36.342964,36.03393,34.445232,30.51553,26.570253,29.051718,23.620678,26.273409,22.509205,19.353611,17.048157,14.6655245,11.87946,10.88685,7.7928286,12.454351,9.545242,13.630235,16.333055,13.630411,16.481958,14.10901,16.000576,18.791195,16.515741,18.905619,21.437233,21.170238,25.056526,25.14551,29.205666,31.93992,32.85196,35.10868,32.966476,29.832989,31.974691,28.56815,33.09584,31.658928,37.103073,38.197662,37.735428,41.61502,39.594135,39.959415,36.812714,33.80449,30.427862,28.146118,25.310715,23.853283,17.923176,19.252937,18.046942,18.72233,19.21713,16.39483,14.211289,16.849012,14.08401,19.391775,20.55489,22.526958,28.253632,26.907103,31.430641,34.71086,34.353878,31.778042,33.83391,27.35608,28.188719,24.145634,25.70915
24,27.3576,27.974974,30.2945,25.839514,27.573065,31.608353,27.824131,33.34465,30.8097,35.040577,36.880333,37.08083,35.520638,32.623386,30.63402,26.630215,24.06911,20.523958,19.221804,14.264374,11.005308,8.645986,5.4892635,4.913471,0.0,4.118649,8.277868,9.461663,14.822401,15.615292,19.987864,21.724455,28.625135,30.330805,31.877253,35.75639,35.483448,33.552128,30.06317,26.210957,27.478407,21.907854,24.2955,19.952442,16.474901,14.191251,10.793072,8.112434,6.2686152,5.0842943,8.822846,7.1514926,11.207007,13.486874,11.720868,13.545824,10.889365,11.776226,14.738479,12.062544,14.221363,17.424063,17.269451,21.302948,21.728409,25.777512,28.577063,29.681782,31.859232,29.53918,27.005707,29.127314,26.318434,30.929216,30.140387,35.337563,37.00402,36.934887,40.78364,39.270756,40.008617,37.11175,33.478302,30.478071,27.641058,25.562475,23.092781,17.52865,18.829182,16.702091,18.343796,19.66037,17.60038,16.48291,18.446535,16.088785,21.1409,21.416847,22.94058,28.600525,26.556786,31.134672,34.345573,33.317738,30.746239,31.913273,25.718489,25.993261,21.757427,23.106037
25,26.202862,26.265713,28.15969,23.385777,24.679537,28.678774,24.38624,29.776567,27.078104,31.246742,32.984955,33.295597,31.861095,28.89856,27.109957,23.072071,20.67223,17.352085,16.05872,11.635582,8.367046,7.7186627,4.605586,7.556879,4.118649,0.0,6.6071362,5.5965085,11.36562,11.794174,16.183292,17.922438,24.649837,26.690567,27.971884,31.940842,31.671093,29.650211,26.311872,22.526041,23.424978,17.849401,20.262758,15.999219,12.389149,10.4256735,7.151174,5.323448,5.3418965,6.9499764,10.571542,10.428027,14.203883,15.45472,13.409412,14.487989,10.489578,11.128451,13.053737,9.798729,11.845522,14.056425,13.631771,17.572527,17.959373,21.876194,24.734806,25.692324,27.928268,25.808235,23.087904,25.56972,22.853931,27.562778,27.00476,32.039402,33.879654,33.79286,37.586567,36.20461,37.22308,34.348057,30.535885,27.826656,24.922804,23.099123,20.67118,15.526804,17.428726,15.41895,18.045227,19.622154,17.962927,17.167118,18.031363,15.29652,20.052547,19.574038,21.47807,26.571564,24.598503,28.837147,31.793556,30.713017,28.404371,29.452042,23.474722,24.062397,19.763968,21.833523
26,22.959023,23.594557,24.75219,20.399336,22.026258,25.044397,21.798676,26.647493,24.071257,28.37946,30.399424,30.313059,28.786573,26.263433,24.164465,19.931892,17.94968,13.586624,14.170422,7.962054,8.064426,5.1976,6.9120984,10.173889,8.277868,6.6071362,0.0,6.738655,7.9983406,11.069569,13.727928,16.869047,23.367352,25.091894,27.026838,30.74122,31.422842,29.755857,26.052473,22.11152,23.150818,17.827557,18.96373,14.462609,13.014855,8.777533,8.831535,4.9126678,7.0951056,6.461939,10.606912,11.534571,14.766912,14.1798315,10.4231615,11.5895815,6.799239,9.738198,10.614504,9.704194,13.177179,13.729878,14.976355,18.074987,20.23632,22.361197,26.267992,25.923672,27.322098,24.370514,21.392586,22.461102,19.028826,23.410948,22.216148,27.575129,29.039457,29.110243,32.978363,31.614208,32.298687,29.67026,25.74653,22.801872,19.669554,18.063755,14.907733,9.554177,10.931521,8.898847,11.618355,13.390586,12.349751,12.631797,12.641918,11.143365,15.124782,14.411916,15.351901,20.833542,18.426851,23.009106,26.251923,25.072546,22.468372,23.859428,17.54744,18.289335,14.150946,16.387423
27,26.485435,26.013485,26.927814,21.917042,22.497849,25.882563,21.01019,25.672173,22.429077,26.479256,27.829922,27.965399,26.392199,23.363503,21.609324,17.653976,15.235217,12.308422,10.875075,7.5671835,4.9286084,7.435846,6.402571,11.373512,9.461663,5.5965085,6.738655,0.0,6.9165606,6.199981,11.033767,12.343358,19.168842,21.127558,22.465864,26.397943,26.31923,24.400188,20.941725,17.11849,18.153921,12.607538,15.032805,11.306942,8.253422,6.565419,6.199298,6.163166,9.038468,11.060238,14.893401,15.471317,19.117558,19.41362,16.593557,17.324446,12.278819,13.370775,13.565003,10.610334,12.596781,12.143107,11.536864,14.759994,15.234423,18.391323,21.50906,21.77084,23.967953,22.163015,18.653315,21.518948,18.454214,23.20388,22.539165,27.481937,29.214289,28.898102,32.632847,31.190697,32.423016,29.49255,25.695377,23.248909,20.52206,18.767424,16.9439,12.512899,15.330261,14.163811,17.6037,19.118397,17.86473,17.290905,16.641693,13.451567,17.463093,16.081387,18.70026,22.813345,21.30802,24.932272,27.520327,26.718,24.82524,26.225475,20.50354,21.93793,17.834162,21.069046
28,23.043455,22.442898,22.207674,17.44943,17.749731,20.058222,15.710391,19.697618,16.502762,20.713493,22.470966,22.487347,21.213734,18.639673,16.992268,12.542705,11.388336,7.414849,9.418444,6.085296,8.6862545,10.284577,11.981383,16.759928,14.822401,11.36562,7.9983406,6.9165606,0.0,5.6184683,5.747698,10.076605,15.663179,18.15057,19.622128,23.410524,24.460955,22.769573,19.398,15.750967,15.812954,10.95963,11.177723,7.0435643,7.799425,3.713014,8.556144,8.361213,12.278124,14.185546,17.302761,19.083776,22.075642,20.777359,17.459435,17.400692,12.074249,13.71049,11.955829,11.03585,13.484451,10.359389,11.526144,13.12398,15.777724,16.33223,20.604467,19.241564,20.397892,17.802086,13.966944,15.55561,11.891281,16.53635,15.738727,20.770193,22.5711,22.574282,26.324259,25.277822,26.64235,24.134459,19.734211,17.644989,14.347513,13.71245,10.792453,8.069801,11.033011,10.24754,14.66988,16.546892,16.586893,17.359116,15.030636,13.197402,15.309892,12.502725,14.275339,17.510845,15.481819,18.793058,21.244848,19.995874,18.218054,19.450365,14.01409,15.913525,12.195853,16.374247
29,28.094652,27.04899,26.83646,21.834484,21.477491,23.904165,18.468485,21.841167,17.864988,21.602861,22.313457,22.200064,20.439438,17.29222,15.657828,11.908806,9.546724,7.847763,6.2490735,6.8496394,6.9846525,11.274644,11.742205,16.887877,15.615292,11.794174,11.069569,6.199981,5.6184683,0.0,6.2625403,6.1790013,13.139595,15.01496,16.38245,20.263685,20.484125,18.726807,15.138751,11.321531,12.516793,7.263298,9.610942,7.5511146,6.6126785,6.525546,9.759857,11.021323,14.59694,16.715134,20.432568,21.419436,24.928923,24.588758,21.393078,21.799118,16.444036,17.665737,16.465862,14.20817,15.750261,12.69842,11.957317,13.58778,14.075501,15.7833395,19.016006,18.261234,20.315626,19.102291,14.567072,17.956367,14.563758,19.14369,18.394669,23.00372,24.574593,23.924236,27.509373,26.019894,27.592188,24.630623,20.905676,18.99405,16.662083,15.17667,14.472858,11.859055,15.41229,15.386777,19.28678,20.612946,19.909178,19.622671,17.45305,14.20883,16.689857,14.154482,17.509172,19.892967,19.14221,21.657013,23.587051,23.193127,21.995525,23.772322,18.776821,21.194252,17.694456,21.983465
30,25.12035,23.669895,22.465376,17.770628,16.821371,18.332136,13.033421,15.710936,11.749793,15.679922,16.9761,17.144327,16.166155,13.476472,12.525261,8.105919,8.299648,6.4928946,9.055896,9.777623,12.439245,15.421319,16.830948,21.868034,19.987864,16.183292,13.727928,11.033767,5.747698,6.2625403,0.0,6.541547,10.184366,13.6789,14.43761,18.292767,19.6264,17.90838,15.0486965,11.99652,10.742685,7.0084586,5.6776953,3.5421653,7.4516873,6.7574883,11.978304,13.390246,17.274172,19.82428,22.646164,24.626053,27.559422,26.10418,23.028961,22.585693,17.339794,18.350527,15.770282,14.834631,16.244612,11.274957,11.851028,11.672143,14.1930685,13.145177,17.387934,15.064081,16.020872,14.156289,9.323595,11.884933,8.376149,12.951117,12.7781925,17.026058,19.13085,18.995146,22.480381,21.754347,23.78119,21.440718,16.857111,15.857806,12.885965,13.244577,11.40577,11.469483,14.574428,14.570928,19.081175,20.810928,21.232616,22.059612,18.936844,17.019806,17.954035,14.281522,16.470566,17.539139,16.197353,17.962435,19.425373,18.277578,17.494278,18.487823,14.550898,17.107258,14.31018,19.090235
31,31.562534,30.040546,28.894436,24.146742,22.901028,24.25895,18.52904,20.050823,15.330879,18.266844,17.823517,17.317236,15.20605,11.810532,10.484585,7.7482686,5.6856246,7.6431885,6.001646,10.89499,12.11216,16.664911,17.52514,22.612547,21.724455,17.922438,16.869047,12.343358,10.076605,6.1790013,6.541547,0.0,7.5789156,8.967133,10.327769,14.0936575,14.581596,13.121684,9.345415,5.71976,7.633536,4.6124887,6.43075,8.467156,9.873576,11.257942,15.22486,16.97497,20.649164,22.794106,26.47084,27.570356,31.045897,30.453115,27.102552,27.362305,21.993435,23.194933,21.321028,19.465862,20.560514,16.220648,15.280052,15.336646,15.392103,15.561693,18.3179,16.587467,18.449865,18.295275,12.95548,16.87098,13.566163,17.369282,16.594051,20.362637,21.60814,20.433727,23.657427,22.067736,24.066628,21.089954,17.7915,16.770132,15.355974,14.269317,15.26239,14.789273,18.437893,19.322,23.179014,24.2218,23.867104,23.664701,20.593578,17.496885,18.47864,15.278106,19.081211,19.35477,19.660673,20.652042,21.602348,21.850168,21.594973,23.72558,19.905989,23.091797,20.418568,25.247404
32,33.476505,31.216412,29.131514,24.906387,22.596146,22.870659,17.10581,16.39053,11.556266,12.928738,11.242579,11.178283,10.129114,6.871862,8.204484,7.609842,9.225763,12.585488,12.962866,17.775078,19.60687,23.90352,24.843756,29.97637,28.625135,24.649837,23.367352,19.168842,15.663179,13.139595,10.184366,7.5789156,0.0,6.7421975,4.6240215,8.659085,10.144272,8.638696,7.3281198,7.246217,3.7875125,7.442846,5.5849996,10.972769,14.030767,16.24014,20.479496,22.871756,26.598759,29.385584,32.425827,34.121307,37.290897,36.153225,33.11456,32.74104,27.4696,28.15885,25.447111,24.061804,24.487919,19.020124,18.195541,16.41486,16.69795,14.36462,16.53511,13.348687,14.407086,15.58942,10.418039,14.573034,12.8333435,15.054595,15.456477,17.127453,18.773233,17.67856,20.03343,19.362658,22.30687,20.09993,16.78758,17.640602,16.684143,17.324785,18.372082,20.076244,23.305542,24.222435,28.367603,29.605219,29.925539,30.274925,26.646805,24.214083,24.135252,20.343283,23.419498,21.815668,22.275717,21.67013,21.317837,21.351542,22.23179,23.501873,21.728666,24.92727,23.213503,28.154856
33,38.12919,36.407055,34.238083,30.11924,28.213966,27.987703,22.883947,21.619453,16.598486,17.654608,14.974203,13.04182,9.645931,6.587501,5.8029647,8.065204,7.8230605,12.75825,11.871231,18.010517,19.935513,24.305561,25.70271,30.6072,30.330805,26.690567,25.091894,21.127558,18.15057,15.01496,13.6789,8.967133,6.7421975,0.0,5.1430054,6.3353114,8.453311,9.041761,5.3858767,5.669593,9.068019,11.5244255,11.200501,15.741288,18.333935,19.779034,24.114952,25.747908,29.499691,31.247507,35.115395,36.150097,39.64568,38.83352,35.11376,35.457603,30.184437,31.678753,29.409195,28.077452,29.100231,24.119745,23.323795,22.30888,22.17835,20.834074,22.780727,20.00635,21.103683,22.069899,16.724417,19.895414,16.92297,18.727144,17.449509,19.548021,19.541605,17.289272,19.542147,17.452032,19.74219,16.84623,15.296643,15.707072,16.367588,15.659893,19.001635,20.550352,23.877024,25.811232,29.144646,29.64777,29.580729,29.3833,25.5442,22.88123,22.067125,18.765955,22.635975,20.20408,22.171688,20.987177,20.403507,22.023392,23.060873,25.954172,23.74552,27.695515,26.158255,31.230938
34,38.09105,35.804153,33.622757,29.483648,27.066555,27.084816,21.464582,20.019573,15.305656,15.707269,12.708502,11.981512,10.270376,7.3514214,8.9250765,10.433017,11.358457,15.70707,15.061543,20.82159,22.288155,26.913666,27.7444,32.78773,31.877253,27.971884,27.026838,22.465864,19.622128,16.38245,14.43761,10.327769,4.6240215,5.1430054,0.0,4.4054823,5.6744986,5.079587,4.6092157,7.0130754,6.085553,10.728083,10.080382,15.4123955,17.884878,20.375425,24.354347,26.764053,30.434473,33.012398,36.367794,37.749435,41.10899,40.24086,37.04219,36.92384,31.602335,32.42045,29.887745,28.293024,28.6566,23.38464,22.184496,20.488213,19.881798,17.971338,19.158438,16.341866,17.56086,19.546234,14.705868,18.750832,17.095045,18.729658,18.767832,19.879333,20.835186,19.14594,20.963297,19.88807,22.80553,20.494125,18.322636,19.43509,19.43509,19.608515,21.809376,23.51087,26.836079,28.147907,32.017277,32.94888,33.04601,33.04366,29.36586,26.655258,26.321787,22.789806,26.313763,24.081068,25.34588,24.16807,23.359015,24.16122,25.398727,27.175823,25.624874,29.104212,27.536104,32.535645
35,41.72093,39.478687,36.96209,33.10057,30.590847,29.9971,24.861834,22.444885,17.901073,17.48175,13.568272,12.015051,9.838585,8.048655,9.791909,12.854267,13.885395,18.61643,18.001936,24.055704,25.743011,30.300343,31.373865,36.342964,35.75639,31.940842,30.74122,26.397943,23.410524,20.263685,18.292767,14.0936575,8.659085,6.3353114,4.4054823,0.0,4.6087766,6.435259,6.8844223,10.055698,10.449728,15.060641,14.236939,19.559675,22.229338,24.477158,28.61315,30.826532,34.542484,36.836197,40.376595,41.653088,45.064922,44.15796,40.736507,40.747128,35.45503,36.49983,33.92149,32.51295,32.99318,27.652422,26.57108,24.779211,24.190182,22.049776,22.997927,20.006939,20.834457,22.998127,18.372194,21.755337,20.084328,20.937113,20.60654,21.041681,21.259565,19.109531,20.27863,18.972256,21.844099,19.712986,18.620249,20.202751,21.055285,21.207415,24.233795,26.410536,29.616531,31.346752,34.9272,35.596317,35.736282,35.67681,31.775608,29.204372,28.278036,24.860256,28.396772,25.293314,27.210653,25.28237,23.903744,25.34151,27.017181,29.1923,28.152523,31.903008,30.726347,35.76696
36,43.55464,41.16596,39.100998,34.896988,32.391045,32.53465,26.78516,25.19217,20.690285,20.539001,16.920927,16.086538,14.271946,12.028682,13.373824,15.664474,15.809342,20.484545,18.726053,25.023094,25.771513,30.736942,31.178335,36.03393,35.483448,31.671093,31.422842,26.31923,24.460955,20.484125,19.6264,14.581596,10.144272,8.453311,5.6744986,4.6087766,0.0,3.2656934,5.5558877,9.620182,10.267258,14.865932,15.278317,20.47745,22.133135,25.114914,28.563595,31.148735,34.64957,37.17518,40.753864,41.78433,45.333336,44.876522,41.678246,41.78466,36.414658,37.183815,34.914757,32.916203,33.062366,28.125256,26.38464,24.845266,23.144701,21.95369,21.992815,19.95041,21.570477,24.340014,19.86529,24.205906,22.766489,24.24463,24.199347,24.97798,25.552526,23.5133,24.839272,23.47186,26.219458,23.836046,22.706629,23.827496,24.435984,24.095245,26.998732,28.340778,31.792006,33.255157,36.950195,37.666534,37.436237,36.993587,33.4984,30.383875,30.1526,27.020164,30.978155,28.579065,30.377674,28.988453,27.959913,29.273865,30.659546,32.703392,31.156458,34.727383,33.084846,38.090122
