,0,1,2,3,4,5,6,7,8,9,10,11,12,13,14,15,16,17,18,19,20,21,22,23,24,25,26,27,28,29,30,31,32,33,34,35,36,37,38,39,40,41,42,43,44,45,46,47,48,49,50,51,52,53,54,55,56,57,58,59,60,61,62,63,64,65,66,67,68,69,70,71,72,73,74,75,76,77,78,79,80,81,82,83,84,85,86,87,88,89,90,91,92,93,94,95,96,97,98,99,100,101,102,103,104,105,106,107,108,109,110,111
0,0.0,4.6852927,6.6220894,8.65089,12.186351,13.105438,17.409538,21.278452,22.716095,25.657873,29.196257,30.85403,32.246815,30.4599,30.47976,26.053295,26.911316,23.326103,26.048536,22.00151,23.319721,22.463598,22.51717,25.341875,20.919056,18.704704,16.726923,18.939112,16.440096,20.80128,18.59581,24.683418,27.232502,31.918177,31.590393,35.50729,36.842484,34.494,32.9083,30.053974,26.752625,22.986698,21.603691,16.663897,16.784618,14.349973,13.725186,13.968326,14.450418,18.39522,15.53062,16.751492,19.7268,16.222256,17.845734,18.049263,18.766724,21.363821,22.628067,26.389784,26.246563,29.552492,27.494871,31.064505,29.12372,31.843245,32.280468,33.431576,33.379658,29.986736,26.536837,31.010025,27.526478,31.576544,28.862461,34.4778,33.56765,30.942068,34.012,30.51213,27.839123,26.960354,25.64289,23.06998,21.884903,21.73433,20.482773,21.886557,19.836048,21.774372,21.50138,25.389288,28.052763,27.328363,27.263193,25.424068,25.22402,24.219,23.024899,21.400532,16.103634,19.741953,15.003587,19.26257,22.317379,21.181198,17.755888,20.40448,17.284447,17.94901,19.811615,18.830978
1,4.6852927,0.0,5.220929,6.3776383,9.552884,12.113158,15.3652315,19.990593,21.692217,24.301485,27.790243,30.134027,31.530346,29.456844,29.772934,25.48876,26.303253,23.38489,25.48207,22.379536,23.080566,23.219753,22.65633,25.87171,21.35322,18.628399,17.928541,18.363623,16.46103,19.765285,17.64701,23.284185,25.35384,30.566158,29.582859,33.634613,34.560574,31.972685,30.890947,28.349463,24.324871,20.80829,19.662401,14.99903,14.558605,13.583572,12.468064,14.274471,15.1037445,19.947548,17.227654,19.37366,22.839014,19.95245,21.41141,21.950493,21.951069,24.853405,25.868961,29.155914,28.518372,31.936453,29.50012,32.856987,31.113083,33.035038,33.556747,34.125603,33.71777,29.925772,26.924385,31.080494,27.889833,31.802486,29.096504,34.86915,34.04626,31.448744,34.60531,31.425272,28.649889,28.377142,26.705002,24.743185,23.241861,24.018291,22.009401,24.156538,22.329695,24.104498,24.500843,28.157015,30.995522,30.786173,31.063936,29.431932,29.393745,28.153975,27.20842,25.237782,20.149694,23.574776,18.507746,22.704407,25.587418,23.795824,20.295288,21.844393,18.362268,18.29456,19.485815,17.86427
2,6.6220894,5.220929,0.0,5.217343,7.194501,7.4357905,12.451155,15.823784,18.2321,20.44303,24.365694,26.384409,28.35798,26.686735,27.427923,23.385147,25.023487,22.371302,25.35008,22.8396,24.546093,24.989298,25.210752,28.916422,24.775236,21.71508,19.804699,20.3695,16.771036,20.359238,16.751102,22.719845,23.48306,28.896193,27.766254,31.528788,33.023006,30.637213,29.804363,27.596022,23.10735,20.466124,18.206165,14.272526,15.583521,14.5077305,15.291446,16.971498,18.643738,22.910625,20.935692,22.574017,25.422825,21.867107,22.446035,22.06451,21.416464,23.597715,23.89757,27.111933,26.366568,30.648085,28.610416,32.2412,31.439554,33.142284,34.42817,34.595264,33.8224,29.768942,26.19701,29.720623,25.909239,29.461567,26.19099,31.920021,30.498116,27.59102,30.46651,27.178146,24.139612,24.142382,23.041784,21.44289,20.648327,21.740303,20.726334,23.761724,22.679304,25.20193,26.264738,29.908165,32.95137,32.61399,32.64709,30.542246,29.919075,28.301977,26.824678,24.445374,19.480389,21.455063,16.29489,19.739397,22.160616,19.949986,16.46077,17.220478,14.481801,13.592692,15.236443,13.099074
3,8.65089,6.3776383,5.217343,0.0,3.7914383,7.51979,9.155346,14.215906,15.439493,18.228186,21.502882,23.947134,25.219212,23.104424,23.552254,19.391989,20.546339,18.1262,20.529741,18.508049,19.901478,21.033613,21.12215,25.254343,21.429068,17.916555,16.428432,15.805742,12.372792,15.331717,12.014015,17.753254,19.15332,24.448664,23.439926,27.404448,28.597202,26.160252,25.056177,22.6801,18.486115,15.395758,13.572904,9.269939,10.412953,9.781556,11.117515,13.458412,15.882773,20.240051,19.182945,21.370054,24.303074,21.440317,21.428009,21.619112,20.05413,22.922485,23.305832,25.773958,24.51484,28.320961,25.759167,29.040508,28.265362,29.273182,30.57584,30.321224,29.367462,25.16314,22.015125,25.56858,22.28348,25.96512,23.181692,28.98893,28.244066,25.776627,29.070107,26.250647,23.68421,23.775438,21.495512,20.130085,18.349108,20.153797,17.76737,21.155703,20.242022,22.525475,24.50875,27.76598,31.06114,31.451572,31.997486,30.160183,29.795153,27.746235,26.92514,24.090984,19.678085,22.28424,16.917637,21.004347,23.753672,20.969378,17.640469,18.140488,13.684545,13.675178,13.881611,12.947646
4,12.186351,9.552884,7.194501,3.7914383,0.0,5.9872875,5.928557,11.205211,12.842908,15.120793,18.47905,21.311777,22.826042,20.717293,21.645695,17.865984,19.479034,17.906492,20.281464,19.474659,21.012997,22.910534,23.097878,27.571857,24.059242,20.273565,18.90534,17.346457,13.542448,15.562663,11.456839,16.64708,16.651705,22.42389,20.829832,24.69049,25.940228,23.48427,22.906553,21.035395,16.022617,13.919862,11.454869,8.456803,10.585036,11.194567,13.332086,16.163689,18.973434,23.235125,22.61792,24.89383,27.70984,24.873299,24.430649,24.385086,22.21219,24.819126,24.71488,26.713284,25.084486,29.267963,26.731342,29.909645,29.808292,30.13338,31.90401,31.030895,29.632729,25.100199,22.044687,24.835041,21.51982,24.770412,21.766438,27.539928,26.602367,24.091429,27.28281,24.775316,22.14824,22.8434,20.523323,19.915445,18.290136,20.88511,18.580372,22.763308,22.415062,24.884123,27.484512,30.537294,33.966263,34.565277,35.171597,33.24635,32.70992,30.392906,29.499954,26.359844,22.267696,24.098412,18.77633,22.337425,24.706427,21.388609,18.251915,17.553627,13.26477,12.371754,11.8313875,10.418792
5,13.105438,12.113158,7.4357905,7.51979,5.9872875,0.0,7.310828,8.568278,11.562167,13.319439,17.525257,19.278467,21.745577,20.4907,21.783936,18.301157,20.940222,19.158308,22.866629,21.818426,24.527237,25.817907,26.869576,31.269157,27.90112,24.342606,21.523567,21.410456,16.19206,19.2566,14.023153,19.619137,18.486647,23.910465,22.637585,25.920574,28.091948,26.083885,25.510578,23.852768,19.073923,17.853062,14.2554455,12.145158,15.647177,14.943649,17.965065,19.729822,22.5276,26.08319,25.504663,26.967833,29.150757,25.498812,24.6264,23.550735,21.357239,22.883574,22.11078,24.377274,23.01999,28.135534,26.369562,29.97983,30.615484,31.381962,33.719543,32.9809,31.555382,27.158592,23.235981,25.542416,21.275236,24.132849,20.332998,25.921076,24.012077,20.940836,23.6495,20.641846,17.535442,18.27396,17.176718,16.667093,16.38826,18.671402,18.275002,22.751348,22.9269,26.09266,28.588642,31.7968,35.18161,35.239952,35.36154,32.942165,31.80447,29.420603,27.817125,24.625198,20.625982,20.847206,15.842752,18.262058,20.015356,16.555418,13.527343,12.082379,9.339635,7.09887,8.13155,5.815855
6,17.409538,15.3652315,12.451155,9.155346,5.928557,7.310828,0.0,6.581284,7.322752,9.533761,12.573823,15.664046,17.14812,15.076606,16.454567,13.246035,15.595488,15.204355,17.835436,18.693302,20.885548,23.574385,24.381443,29.27398,26.553085,22.543087,20.641727,18.425049,13.70453,14.67926,9.405743,13.521348,11.54397,17.463068,15.659199,19.228586,20.978588,18.835964,18.429598,17.0951,11.8017435,11.315663,7.4340615,7.37452,11.478759,12.528607,16.277855,18.89139,22.365675,25.881065,26.363453,28.476997,30.773285,28.043415,26.601252,26.222694,22.946142,25.1753,24.394146,25.374872,23.156313,27.617344,25.17543,28.09525,29.129007,28.457558,31.033577,29.296776,27.3011,22.498756,19.44347,21.007292,17.661018,20.237719,17.097298,22.694574,21.74884,19.44258,22.649807,20.778454,18.531265,19.837503,16.964518,17.458471,15.815895,19.523405,17.252203,22.423838,23.065279,25.812828,29.508526,32.089172,35.720043,36.72001,37.471046,35.427395,34.621212,31.771658,30.971611,27.313408,24.117577,24.971312,20.006266,22.921803,24.86971,20.82979,18.309061,16.271343,11.7051115,10.666598,8.174684,8.157875
7,21.278452,19.990593,15.823784,14.215906,11.205211,8.568278,6.581284,0.0,5.0785656,4.8517985,9.393002,11.366784,14.4195595,13.634838,15.945793,13.9112625,17.585043,17.711447,21.371893,22.636925,25.781498,28.198238,29.721838,34.61081,32.146626,28.259102,25.353706,24.006405,18.354118,19.759264,13.88576,17.377413,13.265584,18.424768,16.676302,19.096565,21.962008,20.523571,20.556875,19.981035,15.067759,16.25815,11.707567,13.104394,17.782797,18.092474,22.373985,24.365086,27.886745,30.856815,31.50605,33.061157,34.8187,31.536074,29.570618,28.306673,24.736816,25.829245,24.151731,24.79576,22.561918,27.946333,26.326435,29.41897,31.579636,30.850502,34.17998,32.21159,29.958998,25.301094,21.667074,21.980276,17.854198,19.327105,15.244201,20.26999,18.054409,15.173659,17.673618,15.860504,13.268864,15.507184,13.796585,15.470747,15.386016,19.283512,18.902298,24.514357,25.913235,29.221441,33.08565,35.626873,39.246193,39.93246,40.335346,37.883495,36.514534,33.480007,32.128376,28.322235,25.618832,24.689001,20.409946,21.824757,22.807577,18.370813,16.588154,12.720325,10.282232,7.5537434,4.396166,4.458386
8,22.716095,21.692217,18.2321,15.439493,12.842908,11.562167,7.322752,5.0785656,0.0,4.4130616,6.664793,8.547016,10.294673,9.050104,10.963528,8.892298,12.7475605,13.39398,17.044163,19.038778,22.425959,25.133448,26.998213,31.968195,30.127619,26.2581,23.166126,21.521774,15.772602,16.57214,10.816738,13.368672,9.393132,13.752829,12.901239,15.323055,18.48078,17.38173,16.561325,15.733323,12.093065,13.319607,8.763561,11.211422,16.218948,16.308863,21.229082,22.863892,26.691067,29.030811,30.52558,32.049595,33.48841,30.667847,28.116243,27.09065,22.84557,24.175184,22.507854,22.273792,19.579153,24.454067,22.59896,25.310183,27.858839,26.496231,30.090246,27.725742,25.27283,20.642698,17.147654,16.987043,13.091801,14.490331,10.761673,15.984999,14.663978,12.504794,15.724469,14.550417,13.081317,14.856276,11.452507,13.436213,12.36119,16.923567,15.692632,21.526358,23.374132,26.530964,31.082428,33.156136,36.850105,38.002747,38.70159,36.420795,35.160618,31.814201,30.96306,26.901264,24.94926,24.366556,20.327797,22.111097,23.406355,18.860752,17.440653,14.279983,10.216002,9.81525,5.527055,8.997261
9,25.657873,24.301485,20.44303,18.228186,15.120793,13.319439,9.533761,4.8517985,4.4130616,0.0,4.714045,7.1951385,10.346825,9.885499,12.865445,12.172063,16.13212,17.507227,20.785204,23.32123,26.513817,29.449831,31.161125,36.17548,34.259132,30.313921,27.483423,25.551802,20.05337,20.462633,14.898815,16.68137,10.996473,15.398741,13.504951,15.144137,18.47549,17.554062,17.860876,18.011656,13.614739,16.178225,11.735046,14.858394,19.59248,20.295849,24.93698,26.92364,30.692682,33.29099,34.566147,36.16751,37.70999,34.73071,32.28876,31.071127,26.928976,27.916615,25.960417,25.670918,23.010666,28.14369,26.561909,29.18217,32.068325,30.462404,34.225246,31.590246,28.91862,24.281189,21.078266,20.128532,16.486761,16.929049,13.095127,17.405561,15.353985,13.040859,15.406293,14.788486,13.121294,15.901246,13.585929,16.328,16.077703,20.554152,19.937849,25.788382,27.717655,30.928284,35.419502,37.54358,41.22891,42.29385,42.893486,40.51243,39.117382,35.800884,34.70818,30.681623,28.665594,27.486135,23.613323,24.767355,25.527924,20.902224,19.72997,15.5238085,13.120464,11.276932,7.3864284,9.081831
10,29.196257,27.790243,24.365694,21.502882,18.47905,17.525257,12.573823,9.393002,6.664793,4.714045,0.0,4.9310946,6.6567907,6.1608453,9.69627,10.578995,14.338416,16.936733,19.525993,23.232206,26.29371,29.69047,31.50376,36.549305,35.20736,31.278687,28.644947,26.14453,21.054338,20.456657,15.597929,15.554873,8.908895,11.933814,10.144041,10.889889,14.691771,14.396298,14.704397,15.517407,12.2279,15.782919,11.950203,16.241852,20.736532,21.731524,26.553633,28.478691,32.41305,34.619114,36.504368,38.179226,39.54335,36.97972,34.161053,33.14958,28.55643,29.64242,27.64058,26.515194,23.493525,28.028708,26.34317,28.376207,31.760136,29.274454,33.309246,30.055618,27.028238,22.505238,19.95776,17.849356,15.0972595,14.574036,11.579069,14.970062,13.7521925,12.548622,14.930758,15.55934,15.034795,17.728535,14.583234,17.806633,17.033037,21.838846,20.647661,26.47728,28.772581,31.739614,36.772907,38.449955,42.163322,43.657238,44.51287,42.295135,40.98913,37.45123,36.73994,32.565437,31.15344,30.108627,26.511936,27.741838,28.54163,23.890097,23.069494,19.104525,16.239727,15.353933,11.224562,13.734082
11,30.85403,30.134027,26.384409,23.947134,21.311777,19.278467,15.664046,11.366784,8.547016,7.1951385,4.9310946,0.0,4.723168,6.788997,9.727726,11.2593355,15.374619,17.538269,20.971115,24.216253,27.996328,30.830257,33.25309,38.148163,37.05423,33.336548,29.847612,28.29733,22.611958,22.747667,17.743834,18.085388,12.54051,13.750711,13.559898,13.410432,17.823801,18.169716,17.73402,18.213722,16.341494,19.255438,15.370502,19.02046,23.857708,23.920809,29.109411,30.363499,34.298645,35.89976,38.03956,39.227623,40.074104,37.297764,34.03776,32.54931,27.784285,28.148542,25.689886,24.092632,21.126362,25.915302,24.90276,26.962263,31.043823,28.751162,33.19614,30.07377,27.135693,23.084099,20.004593,17.343462,14.04116,12.631978,9.156354,11.511019,9.295762,8.108077,10.116661,11.361615,11.670787,14.38343,11.615996,15.489667,15.576092,20.104134,20.105852,25.794855,28.559004,31.784193,36.87585,38.40747,42.0368,43.347466,44.004906,41.595356,39.972557,36.317345,35.429287,31.234074,30.458632,28.526825,25.66508,26.10483,26.444935,21.858978,21.75211,17.63628,15.680137,15.27901,11.64695,15.078523
12,32.246815,31.530346,28.35798,25.219212,22.826042,21.745577,17.14812,14.4195595,10.294673,10.346825,6.6567907,4.723168,0.0,3.5172484,5.7678256,8.83848,12.304369,15.33649,18.056686,22.107134,25.70869,28.819181,31.322983,36.141026,35.607277,32.001106,28.720398,26.771132,21.605007,20.951097,16.844652,15.7590885,10.851479,9.966342,11.058798,10.405033,14.9697075,15.822055,14.564826,15.043554,14.910271,17.786629,14.700599,18.74715,23.214169,23.321913,28.567179,29.633898,33.64405,34.80221,37.52087,38.772255,39.4591,37.201447,33.668568,32.55671,27.46503,28.181198,25.964304,23.688452,20.413727,24.251612,22.929935,24.358614,28.662119,25.600119,30.158096,26.57424,23.410742,19.557775,17.131918,13.564691,11.354813,9.167989,7.25086,8.801902,8.8035345,9.412408,11.959682,13.785791,14.946125,16.833166,12.844656,16.374773,15.42114,20.081423,19.08329,24.522919,27.481596,30.340538,35.86803,36.946808,40.566513,42.328705,43.29205,41.14064,39.73692,35.932728,35.56395,31.297539,31.021324,29.69329,26.93434,27.870737,28.595324,24.13391,24.039751,20.724506,17.65627,18.302153,14.425964,18.41965
13,30.4599,29.456844,26.686735,23.104424,20.717293,20.4907,15.076606,13.634838,9.050104,9.885499,6.1608453,6.788997,3.5172484,0.0,3.6882274,6.417222,9.617641,13.120105,15.246807,19.705338,22.892212,26.366789,28.55713,33.45477,32.885857,29.193165,26.40007,23.866646,19.116007,17.900679,14.095199,12.451926,7.4359484,6.9885063,7.957929,8.319113,12.525867,12.968724,11.407503,11.696718,11.511072,14.38014,11.582253,15.947361,20.141893,20.638826,25.73303,27.05361,31.082052,32.449528,35.16905,36.696236,37.641052,35.636135,32.31101,31.596508,26.553923,27.848839,26.024815,24.006584,20.66696,24.165413,22.266685,23.636139,27.393225,24.16249,28.42566,24.753942,21.53643,17.305998,15.242859,12.136013,10.398781,9.253347,7.871069,10.718562,11.5545025,11.896136,14.947555,16.13003,16.79924,18.471857,13.952031,16.888533,15.094996,19.948393,17.890596,23.369617,26.037663,28.658787,34.229095,35.320034,38.9934,40.951447,42.102562,40.13244,38.99097,35.241917,35.10884,30.84878,30.267,29.695967,26.489458,28.087805,29.246477,24.7799,24.225662,21.29927,17.319887,18.125572,13.988025,17.846281
14,30.47976,29.772934,27.427923,23.552254,21.645695,21.783936,16.454567,15.945793,10.963528,12.865445,9.69627,9.727726,5.7678256,3.6882274,0.0,4.6060367,6.8204517,10.61869,12.517258,17.153137,20.450293,23.811537,26.252369,30.994846,30.855469,27.371716,24.438896,22.070616,17.576769,16.190327,13.198166,10.909577,8.293372,5.5865626,8.877305,9.476669,13.1679945,13.76549,10.87085,10.239757,12.12396,13.913601,11.889597,15.711548,19.586824,19.606638,24.748388,25.606052,29.611385,30.43947,33.60362,35.000034,35.684998,34.020737,30.45659,29.95377,24.75039,26.221848,24.617357,22.198034,18.759327,21.495037,19.393255,20.38458,24.224209,20.662638,25.005268,21.204542,17.956253,13.912881,12.045826,8.479221,7.526857,6.4160185,6.7099423,9.353931,11.630829,12.6525345,16.020119,17.099997,18.18414,19.128582,14.002889,16.372654,13.894124,18.5381,15.868633,20.963438,23.772795,26.147104,31.949223,32.710167,36.335205,38.53163,39.844505,38.040085,37.028046,33.208893,33.43442,29.190205,29.055603,28.885046,25.907545,27.791052,29.222025,24.977842,24.496231,22.338085,17.767805,19.485273,15.56551,19.90135
15,26.053295,25.48876,23.385147,19.391989,17.865984,18.301157,13.246035,13.9112625,8.892298,12.172063,10.578995,11.2593355,8.83848,6.417222,4.6060367,0.0,4.3626986,6.7328053,9.767743,13.378201,16.959621,20.067074,22.493378,27.326166,26.800932,23.257387,20.121777,18.051304,13.097779,12.382301,8.822104,8.054263,7.6038384,7.5870223,10.216621,12.441246,15.397333,15.063703,11.860906,9.840386,10.922899,11.066873,8.764775,11.58616,15.651416,15.165283,20.43339,21.169933,25.180428,26.1719,29.133627,30.549889,31.387447,29.641848,26.281898,25.92841,20.883404,22.778137,21.531246,19.76641,16.471579,19.428242,16.90568,18.50951,21.53033,18.783834,22.73235,19.593037,16.782467,12.280763,9.388185,8.249795,5.7976117,7.66167,6.845656,11.559795,13.243251,13.295429,17.160078,17.067692,17.475094,17.92984,12.546239,13.94433,10.746644,15.4248,12.037364,17.37521,19.839516,22.311415,27.916332,28.97911,32.668507,34.714233,35.994583,34.19198,33.294292,29.590057,29.809559,25.60565,25.040155,25.453526,22.087133,24.537464,26.391348,22.260687,21.335962,19.84856,14.455667,16.66896,12.993173,17.416378
16,26.911316,26.303253,25.023487,20.546339,19.479034,20.940222,15.595488,17.585043,12.7475605,16.13212,14.338416,15.374619,12.304369,9.617641,6.8204517,4.3626986,0.0,5.017844,5.7594056,10.677937,13.643352,17.202288,19.498617,24.220268,24.258062,20.89333,18.350058,15.624141,11.96094,9.935917,8.696428,5.673565,8.8053255,7.120233,10.800584,13.254281,15.174016,14.812098,10.570992,7.447054,11.008256,9.960813,9.595236,11.845388,14.70284,14.296063,19.158981,19.684542,23.609142,24.18758,27.66593,29.243462,30.051912,29.003378,25.65002,25.931198,20.927706,23.42687,22.746202,20.783653,17.546707,19.111217,15.951024,16.812313,19.281584,15.802757,19.441227,15.927146,12.984486,8.231903,6.6339273,6.1129446,6.5125923,8.911769,10.080827,13.789637,16.540234,17.128765,20.977188,20.97453,21.562693,21.624296,16.067749,16.75911,12.85467,16.899897,12.146822,16.560776,18.784304,20.557268,26.42283,27.042173,30.684008,33.22228,34.867855,33.45256,32.944542,29.277292,30.088678,26.02618,25.71932,27.066286,23.74684,26.770325,29.007696,25.188538,24.130184,23.384592,17.522804,20.180374,16.730034,20.930155
17,23.326103,23.38489,22.371302,18.1262,17.906492,19.158308,15.204355,17.711447,13.39398,17.507227,16.936733,17.538269,15.33649,13.120105,10.61869,6.7328053,5.017844,0.0,5.7165728,6.808242,11.137866,13.512505,16.401472,21.019028,20.778955,17.60852,13.995185,12.7746,8.093953,8.2693815,6.928625,7.5446763,12.274364,12.079409,15.222946,18.01224,19.952328,19.22588,15.1595545,11.589357,14.014229,11.234517,10.661527,10.487882,13.305275,11.220289,16.279339,15.90692,19.763084,19.945456,23.44385,24.669107,25.26391,24.084297,20.640732,20.954987,16.021667,18.82618,18.557995,17.10828,14.202895,15.685572,12.240611,13.881616,15.545764,13.484485,16.780308,14.5116625,12.5473175,8.265062,4.247485,7.798951,6.3476286,10.546964,10.957705,15.3321085,17.57451,17.61027,21.599611,20.673944,20.958515,20.238796,14.8191,14.22788,9.802297,13.063102,7.4876013,11.768227,13.827246,15.83113,21.59355,22.443855,26.13248,28.429045,29.967716,28.490662,28.001947,24.392893,25.251287,21.264006,20.920164,22.784962,19.50563,22.941137,25.54703,22.140581,20.919151,21.25096,15.025042,18.510881,15.881748,20.175396
18,26.048536,25.48207,25.35008,20.529741,20.281464,22.866629,17.835436,21.371893,17.044163,20.785204,19.525993,20.971115,18.056686,15.246807,12.517258,9.767743,5.7594056,5.7165728,0.0,6.6960974,8.242619,12.349675,14.257396,18.852663,19.352642,16.25739,14.646422,11.187365,9.774468,6.411907,8.955052,5.639437,12.550542,11.361635,14.557639,17.478748,18.139872,17.31551,12.75076,8.658994,13.055708,9.778752,11.532535,11.896522,12.788752,12.134962,16.033045,16.156485,19.794708,19.968838,23.875786,25.688475,26.612312,26.424658,23.404861,24.59154,20.067564,23.434074,23.648981,22.082037,19.270657,19.42915,15.54169,15.8781395,16.6031,13.124864,15.544164,12.344313,10.001614,5.201001,5.913587,8.738927,10.482388,13.6249075,15.236338,18.777933,21.791658,22.314384,26.242405,25.821222,26.197214,25.775175,20.276701,19.9345,15.513222,18.51045,12.474064,15.273512,16.612772,17.354084,23.14164,23.42567,26.975729,29.977644,32.025463,31.12205,31.191528,27.7811,29.235802,25.53227,25.168465,27.880259,24.477985,28.309143,31.08717,27.75574,26.342907,26.632746,20.277843,23.348793,20.408327,24.182602
19,22.00151,22.379536,22.8396,18.508049,19.474659,21.818426,18.693302,22.636925,19.038778,23.32123,23.232206,24.216253,22.107134,19.705338,17.153137,13.378201,10.677937,6.808242,6.6960974,0.0,5.346908,6.7135973,9.8553,14.260556,14.382011,11.731255,8.425901,7.7684574,6.137452,6.7140036,9.46704,10.503634,17.381596,17.422148,20.30923,23.491268,24.480055,23.364477,19.125582,15.020699,17.78844,13.281823,14.426161,12.117071,12.458242,9.346307,12.804672,11.18799,14.557309,13.855411,18.020214,19.346752,19.978668,19.889502,16.8889,18.487545,14.476437,18.443966,19.491575,18.805338,16.767553,16.402086,12.29461,13.448279,12.210482,11.329545,12.578733,11.844428,11.441802,8.584477,6.8980837,12.488111,12.50584,16.68615,17.54085,21.557344,23.984476,23.949165,27.90614,26.541458,26.570457,25.317614,20.298893,18.56321,14.097276,15.492384,9.062299,10.011829,10.362631,10.84554,16.47854,17.037647,20.675486,23.451605,25.459099,24.616268,24.893297,21.702972,23.39986,20.0365,19.596087,23.327398,20.11733,24.488028,27.714851,25.11951,23.51334,25.195244,18.794718,22.579243,20.73393,24.360239
20,23.319721,23.080566,24.546093,19.901478,21.012997,24.527237,20.885548,25.781498,22.425959,26.513817,26.29371,27.996328,25.70869,22.892212,20.450293,16.959621,13.643352,11.137866,8.242619,5.346908,0.0,5.3963356,6.036387,10.726422,11.304963,8.728823,8.87093,5.115546,8.61903,6.5561333,11.910494,11.5675535,19.133936,19.324604,21.684343,25.106218,25.107317,23.681358,19.5967,15.5011635,18.43478,13.393269,16.023602,13.60472,11.849016,10.124007,11.465438,10.403763,13.1529455,12.781776,16.991842,19.11579,20.389824,21.331282,19.27966,21.735607,18.584269,22.921383,24.37349,23.95538,22.05878,21.176834,17.000164,17.42347,15.029706,13.724062,13.327418,12.652927,12.614675,10.330046,11.108411,15.998227,17.062601,20.923029,22.069998,26.001047,28.66584,28.699547,32.696365,31.470625,31.335022,30.336138,25.306568,23.713877,19.263084,20.700382,14.305443,14.56013,13.889564,13.016682,17.741259,17.99008,21.315594,24.574825,26.997591,26.765686,27.65916,24.92518,26.993116,24.075342,23.232206,27.738405,24.278471,29.009148,32.398975,29.886587,27.974407,29.642048,23.134827,26.480507,24.522385,27.550144
21,22.463598,23.219753,24.989298,21.033613,22.910534,25.817907,23.574385,28.198238,25.133448,29.449831,29.69047,30.830257,28.819181,26.366789,23.811537,20.067074,17.202288,13.512505,12.349675,6.7135973,5.3963356,0.0,4.5731077,7.8178897,8.728036,7.715358,5.890147,7.2318244,9.967858,10.812468,14.902482,16.123775,23.429804,23.623152,26.296486,29.631725,30.063309,28.731337,24.567379,20.420298,23.125362,17.999277,19.90011,16.582384,15.105446,11.811122,12.476417,9.356037,11.104415,8.657112,13.678055,14.9593725,15.534474,17.001387,14.909696,17.856642,15.474309,19.965157,22.069475,22.09209,20.902803,19.243368,15.314081,15.920196,11.922366,12.857636,11.266066,12.83984,14.148646,13.211669,12.947402,18.511057,18.963966,23.085571,24.080492,27.901846,30.367504,30.26283,34.165627,32.49271,32.35122,30.73279,26.111828,23.72316,19.532053,19.64633,13.823618,11.987832,10.2805605,8.3042555,12.584542,12.644109,15.940453,19.222813,21.741219,21.742678,22.922293,20.470472,22.946161,20.549747,20.074913,25.241072,22.387405,27.213875,30.792185,28.986012,27.179892,29.832441,23.631735,27.466024,26.242556,29.334475
22,22.51717,22.65633,25.210752,21.12215,23.097878,26.869576,24.381443,29.721838,26.998213,31.161125,31.50376,33.25309,31.322983,28.55713,26.252369,22.493378,19.498617,16.401472,14.257396,9.8553,6.036387,4.5731077,0.0,5.107928,5.523228,4.622289,7.4322762,6.0932503,11.627623,11.320108,16.26552,17.136955,24.532866,25.276373,27.320448,30.923052,30.736897,29.069809,25.266823,21.253155,23.456251,18.061028,20.675346,17.15474,14.3209915,12.117061,10.899127,8.562795,9.458247,8.218054,12.493174,14.805633,16.396132,18.414719,17.483236,20.82914,19.11298,23.760597,25.973866,26.370525,25.157286,23.796959,19.850365,20.38499,16.283278,16.798393,14.669184,15.923261,17.056875,15.8715925,16.373644,21.657825,22.33685,26.4211,27.29261,31.377136,33.79093,33.545155,37.515762,35.83596,35.407787,34.080853,29.48505,27.253262,23.058477,23.505156,17.601994,16.283268,14.177834,12.052177,14.887289,15.173872,18.025307,21.281828,23.913382,24.273365,25.828644,23.827557,26.239145,24.122164,22.942585,28.508833,25.22185,30.310488,33.978203,32.119984,29.97175,32.475197,26.1925,29.561901,28.288425,30.793682
23,25.341875,25.87171,28.916422,25.254343,27.571857,31.269157,29.27398,34.61081,31.968195,36.17548,36.549305,38.148163,36.141026,33.45477,30.994846,27.326166,24.220268,21.019028,18.852663,14.260556,10.726422,7.8178897,5.107928,0.0,4.948002,7.5867376,10.607695,11.058405,16.38929,16.415033,21.300402,22.124079,29.588505,30.02824,32.254326,35.7603,35.44133,33.84114,29.964296,25.972713,28.469763,23.091228,25.77984,22.137365,19.114191,16.832916,14.811745,11.952375,11.154904,8.202634,12.379132,14.147541,15.270255,18.580492,18.26403,22.121304,21.34358,25.887175,28.543074,29.071648,28.288887,26.09973,22.41685,22.52973,17.436762,18.742874,15.322763,17.7574,19.716734,19.618732,20.449495,25.733189,26.658741,30.683949,31.786978,35.596924,38.14839,37.99733,41.91892,40.149452,39.795486,38.184742,33.7446,31.203514,27.14167,26.93255,21.426435,18.929964,16.329819,13.186866,14.376766,13.897239,15.880139,19.438,22.388214,23.484282,25.624973,24.218742,27.108898,25.697094,24.872732,30.903994,28.135857,33.208412,36.958305,35.595238,33.524662,36.54159,30.458094,33.98424,32.998394,35.45476
24,20.919056,21.35322,24.775236,21.429068,24.059242,27.90112,26.553085,32.146626,30.127619,34.259132,35.20736,37.05423,35.607277,32.885857,30.855469,26.800932,24.258062,20.778955,19.352642,14.382011,11.304963,8.728036,5.523228,4.948002,0.0,4.1647916,8.50083,9.32878,14.546971,15.426868,19.624779,21.59256,28.615461,30.1129,31.730955,35.552586,35.355633,33.424652,29.97991,26.054136,27.302029,21.75764,24.092722,19.789865,16.486866,14.11332,11.050043,8.180814,6.4917088,5.369553,8.175617,10.949775,13.364132,16.004393,16.57999,20.4014,20.11795,24.78341,27.4589,28.7386,28.05689,26.896944,23.289803,24.261656,19.485083,21.310572,18.68107,20.864202,22.340958,21.245516,21.17809,26.68729,26.754,31.039064,31.416088,35.819866,37.80205,37.16514,41.080776,38.955166,38.138103,36.65665,32.572586,29.920607,26.097498,25.923811,20.692755,18.793955,15.758083,13.365757,13.78959,14.72735,16.968866,19.5804,22.06867,22.768103,24.768324,23.558477,25.88354,24.495707,22.661985,28.896904,25.643845,30.910543,34.718174,33.38894,30.9805,34.040207,28.130623,31.288054,30.652683,32.534317
25,18.704704,18.628399,21.71508,17.916555,20.273565,24.342606,22.543087,28.259102,26.2581,30.313921,31.278687,33.336548,32.001106,29.193165,27.371716,23.257387,20.89333,17.60852,16.25739,11.731255,8.728823,7.715358,4.622289,7.5867376,4.1647916,0.0,6.6485515,5.462174,10.977195,11.6289835,15.723217,17.848532,24.661674,26.55707,27.88152,31.804123,31.653193,29.621096,26.353588,22.495491,23.280294,17.726276,20.010902,15.711044,12.331194,10.167493,7.2519674,5.095831,5.389605,6.854992,9.337727,12.54436,15.264791,16.713984,16.781233,20.099186,19.035189,23.749018,26.01824,27.210505,26.163765,25.746603,21.974152,23.261612,19.327745,20.477013,18.780752,20.053232,20.86915,18.927685,18.595821,23.963623,23.79369,28.081572,28.209341,32.861202,34.690224,33.94456,37.893314,35.845825,34.92037,33.73384,29.542833,27.192904,23.292345,23.734728,18.231726,17.459127,14.875788,13.410434,15.127013,16.529148,19.351656,21.805803,24.052643,24.181005,25.692024,24.007908,25.907084,23.933838,21.736383,27.535728,23.768963,29.058895,32.78822,31.005157,28.484238,31.047468,24.961712,27.891855,27.005024,28.821787
26,16.726923,17.928541,19.804699,16.428432,18.90534,21.523567,20.641727,25.353706,23.166126,27.483423,28.644947,29.847612,28.720398,26.40007,24.438896,20.121777,18.350058,13.995185,14.646422,8.425901,8.87093,5.890147,7.4322762,10.607695,8.50083,6.6485515,0.0,6.9890594,7.685149,11.158125,13.439029,16.906761,23.35513,24.948278,26.92249,30.582867,31.398012,29.728033,26.106237,22.092266,23.06905,17.824503,18.79727,14.331425,13.145589,8.717064,9.090839,4.8696675,6.98118,6.08617,9.688854,11.052344,12.453938,12.618374,11.214481,14.050803,12.422081,17.135933,19.412794,20.695347,19.901348,19.69567,16.218401,18.203985,14.607518,16.898462,16.1143,17.845205,18.737865,16.821405,14.908482,20.638609,19.550768,24.017473,23.860344,28.434227,29.97741,29.14293,32.977043,30.668133,29.908104,28.2423,24.270046,21.456839,17.749073,17.474026,12.429865,11.103356,8.383613,7.851376,10.693781,12.662816,16.108599,18.103111,19.96421,19.382793,20.301588,18.09846,19.81468,17.48533,15.688323,21.273914,17.88287,23.044554,26.773062,25.183117,22.97113,26.01964,20.101675,23.71139,23.206429,25.70035
27,18.939112,18.363623,20.3695,15.805742,17.346457,21.410456,18.425049,24.006405,21.521774,25.551802,26.14453,28.29733,26.771132,23.866646,22.070616,18.051304,15.624141,12.7746,11.187365,7.7684574,5.115546,7.2318244,6.0932503,11.058405,9.32878,5.462174,6.9890594,0.0,6.828761,6.168438,10.749735,12.388693,19.289686,21.118847,22.463102,26.356642,26.336744,24.389252,21.027868,17.146744,18.072239,12.55184,14.914783,11.175811,8.303409,6.4690146,6.3771605,6.111904,9.178195,10.8356285,13.722784,16.531458,18.787191,19.247026,18.158007,20.688751,18.259174,22.796778,24.39761,24.971275,23.324087,23.48036,19.509039,20.83962,18.213863,18.088364,17.654232,17.58164,17.503782,14.621355,14.208647,19.210419,19.102072,23.254713,23.41729,28.100893,30.025068,29.416698,33.414146,31.706488,30.941622,30.097588,25.527117,23.730501,19.584911,20.97322,14.96992,15.699107,14.2354555,13.820658,17.396107,18.694592,22.022804,24.612389,26.73385,26.333044,27.25347,24.870348,26.463888,23.714684,21.729628,26.607462,22.540932,27.595564,31.108831,28.66795,26.275253,28.044346,21.639036,24.503477,22.974298,25.188932
28,16.440096,16.46103,16.771036,12.372792,13.542448,16.19206,13.70453,18.354118,15.772602,20.05337,21.054338,22.611958,21.605007,19.116007,17.576769,13.097779,11.96094,8.093953,9.774468,6.137452,8.61903,9.967858,11.627623,16.38929,14.546971,10.977195,7.685149,6.828761,0.0,5.7521396,5.771692,10.241523,15.8710165,18.161179,19.6776,23.413414,24.540436,22.842993,19.5377,15.7901535,15.904583,11.099314,11.27372,7.2189817,8.036864,3.755281,8.583182,8.122392,12.105729,13.593444,16.094513,17.913456,19.532175,18.335402,16.22069,17.43343,13.974558,17.984383,18.88527,19.495409,17.64666,19.216944,15.643133,18.009802,16.942211,17.143385,18.402412,17.970682,17.284346,13.60027,10.859814,15.743661,13.989422,18.36275,17.643515,22.748833,24.02815,23.057747,27.00457,25.037159,24.188562,23.284552,18.84173,17.027508,13.023478,14.802006,9.149161,11.755703,11.384633,12.972014,17.33431,19.219511,22.900867,24.772831,26.276213,24.997753,25.044256,22.131594,22.939678,19.538467,17.495127,21.216978,16.96424,21.67253,24.96856,22.17071,19.913166,21.417051,14.944251,18.12578,16.667175,19.463268
29,20.80128,19.765285,20.359238,15.331717,15.562663,19.2566,14.67926,19.759264,16.57214,20.462633,20.456657,22.747667,20.951097,17.900679,16.190327,12.382301,9.935917,8.2693815,6.411907,6.7140036,6.5561333,10.812468,11.320108,16.415033,15.426868,11.6289835,11.158125,6.168438,5.7521396,0.0,6.040806,6.2438335,13.267348,15.026299,16.378445,20.225994,20.467169,18.671356,15.189119,11.310638,12.425743,7.195459,9.540356,7.489426,6.7067013,6.4605055,9.838677,10.953187,14.705505,16.360703,19.27806,21.744759,23.60669,23.246243,21.256248,22.841866,19.191067,23.154192,23.853056,23.644575,21.294827,22.261835,18.33342,19.655256,18.907457,17.255428,18.4593,16.73549,15.373662,11.182862,10.569297,14.4992285,14.434248,18.222208,18.390415,23.066454,25.07344,24.660185,28.66608,27.467264,26.93243,26.60472,21.636404,20.73926,16.483707,19.171854,13.073668,15.822103,15.849692,16.567074,21.350063,22.515745,26.103592,28.68415,30.612318,29.728884,30.047613,27.082594,28.266113,24.835829,23.174347,26.736206,22.5383,27.028633,30.1355,26.960257,24.828773,25.465754,18.927347,21.529099,19.114243,21.82787
30,18.59581,17.64701,16.751102,12.014015,11.456839,14.023153,9.405743,13.88576,10.816738,14.898815,15.597929,17.743834,16.844652,14.095199,13.198166,8.822104,8.696428,6.928625,8.955052,9.46704,11.910494,14.902482,16.26552,21.300402,19.624779,15.723217,13.439029,10.749735,5.771692,6.040806,0.0,6.4585075,10.307211,13.610356,14.368208,18.201576,19.554811,17.804485,15.013582,11.833105,10.662391,6.875916,5.6673927,3.5622463,7.337516,6.5457134,11.745278,13.106142,17.115465,19.258888,21.403858,23.436226,25.183887,23.575634,21.32993,21.84393,17.834797,21.058157,21.006697,21.05647,18.563501,21.221243,17.918262,20.18463,20.673136,19.527054,21.8185,20.061926,18.30771,13.667216,10.96185,13.98289,11.883989,15.628709,14.379309,19.771116,20.776243,19.73471,23.671349,22.18598,21.278921,21.26272,16.592302,16.073608,12.326588,15.789812,10.860073,15.413498,16.13901,18.213345,22.90881,24.700197,28.421124,30.27773,31.644602,30.105309,29.771622,26.616098,26.952988,23.17026,21.12673,23.458794,18.979568,22.939407,25.688091,22.075834,19.937202,19.840973,13.412341,15.663645,13.077916,15.981481
31,24.683418,23.284185,22.719845,17.753254,16.64708,19.619137,13.521348,17.377413,13.368672,16.68137,15.554873,18.085388,15.7590885,12.451926,10.909577,8.054263,5.673565,7.5446763,5.639437,10.503634,11.5675535,16.123775,17.136955,22.124079,21.59256,17.848532,16.906761,12.388693,10.241523,6.2438335,6.4585075,0.0,7.6272535,8.915017,10.271146,13.996133,14.497446,13.006807,9.317487,5.606306,7.534128,4.6257114,6.418121,8.488044,10.042588,11.244863,15.340507,16.95375,20.818335,22.426638,25.373463,27.668535,29.274775,28.489594,25.967735,26.853455,22.465506,25.691296,25.532719,24.492271,21.547087,23.160006,19.576826,20.621468,21.645134,18.61068,21.097095,17.959871,15.398898,10.455277,10.123329,11.420279,11.765055,14.463626,14.809267,19.103468,21.27872,21.247093,25.124245,24.725529,24.553892,24.918438,19.684393,20.038074,16.060215,19.94388,14.52522,18.650183,19.83017,21.152779,26.510088,27.471367,31.124666,33.72689,35.530632,34.356884,34.245853,30.911148,31.780128,27.934002,26.66832,28.947706,24.879372,28.592365,31.161352,27.369364,25.637157,24.98237,18.777294,20.808512,17.419514,20.527662
32,27.232502,25.35384,23.48306,19.15332,16.651705,18.486647,11.54397,13.265584,9.393132,10.996473,8.908895,12.54051,10.851479,7.4359484,8.293372,7.6038384,8.8053255,12.274364,12.550542,17.381596,19.133936,23.429804,24.532866,29.588505,28.615461,24.661674,23.35513,19.289686,15.8710165,13.267348,10.307211,7.6272535,0.0,6.512382,4.4032955,8.345656,10.025138,8.591607,7.323138,7.2164264,4.100689,7.7335935,5.831465,11.14249,14.308574,16.319202,20.64317,22.929716,26.862545,29.096455,31.41871,33.667854,35.381,33.806473,31.249338,31.340662,26.773619,29.153296,28.128557,26.990965,23.82038,26.846523,24.005558,25.408703,27.67169,24.521925,27.803753,24.272964,21.218292,16.34687,15.2598915,14.13005,13.306272,14.252443,13.31632,17.367123,18.470272,18.149925,21.525549,21.76204,21.420866,22.959564,18.330727,20.15393,17.37606,22.118652,18.38663,23.64587,25.366606,27.44851,32.722477,34.03534,37.757328,39.945557,41.38513,39.764645,39.157986,35.69574,35.858143,31.772303,30.26624,31.131435,27.002617,29.755907,31.595564,27.23399,25.743086,23.409264,18.335278,18.859182,14.727048,17.352669
33,31.918177,30.566158,28.896193,24.448664,22.42389,23.910465,17.463068,18.424768,13.752829,15.398741,11.933814,13.750711,9.966342,6.9885063,5.5865626,7.5870223,7.120233,12.079409,11.361635,17.422148,19.324604,23.623152,25.276373,30.02824,30.1129,26.55707,24.948278,21.118847,18.161179,15.026299,13.610356,8.915017,6.512382,0.0,5.190119,6.3754277,8.516809,9.073054,5.434188,5.6316347,9.113164,11.588254,11.207169,15.698284,18.43076,19.653376,24.137026,25.600502,29.532434,30.678589,33.91898,35.853233,36.954865,35.86411,32.664783,32.817303,27.789879,29.966291,28.848114,26.619097,23.209356,25.138342,22.396181,22.818003,25.879131,21.568813,25.31106,20.976028,17.466213,13.216798,13.310755,10.112898,11.412243,10.991338,12.199661,14.4101515,17.070717,18.114132,21.357872,22.505089,23.275673,24.404234,19.257542,21.267166,18.22356,22.784328,18.889793,23.581245,25.892519,27.634203,33.48803,34.05816,37.67361,40.317898,41.987976,40.54839,39.95804,36.252213,36.87079,32.722935,32.27749,33.007324,29.588486,32.1133,33.878807,29.64979,28.742329,26.72339,21.650393,23.086607,18.97859,22.583145
34,31.590393,29.582859,27.766254,23.439926,20.829832,22.637585,15.659199,16.676302,12.901239,13.504951,10.144041,13.559898,11.058798,7.957929,8.877305,10.216621,10.800584,15.222946,14.557639,20.30923,21.684343,26.296486,27.320448,32.254326,31.730955,27.88152,26.92249,22.463102,19.6776,16.378445,14.368208,10.271146,4.4032955,5.190119,0.0,4.334237,5.7512617,5.141769,4.7421474,7.076657,6.1291137,10.781152,10.051697,15.337497,17.939665,20.260233,24.346575,26.661737,30.554684,32.57948,35.182655,37.492886,39.11825,37.787666,35.071198,35.21978,30.47319,32.75087,31.599695,29.965282,26.642857,29.282711,26.514494,27.375404,30.040766,26.12859,29.554745,25.437792,22.052929,17.521458,17.403786,15.026937,15.341945,15.174341,15.085569,17.882687,19.454777,19.784376,22.790087,23.807394,23.92316,25.710789,21.0964,23.369053,20.705347,25.500296,21.80459,26.890888,28.834885,30.709187,36.229492,37.22046,40.902065,43.355507,44.935238,43.414806,42.83391,39.27086,39.589825,35.456333,34.291447,34.99295,31.081413,33.626835,35.29541,30.868471,29.631681,26.997597,22.26029,22.661701,18.411816,20.979116
35,35.50729,33.634613,31.528788,27.404448,24.69049,25.920574,19.228586,19.096565,15.323055,15.144137,10.889889,13.410432,10.405033,8.319113,9.476669,12.441246,13.254281,18.01224,17.478748,23.491268,25.106218,29.631725,30.923052,35.7603,35.552586,31.804123,30.582867,26.356642,23.413414,20.225994,18.201576,13.996133,8.345656,6.3754277,4.334237,0.0,4.6665583,6.4163,6.8807764,10.049427,10.41601,15.048366,14.164493,19.439444,22.225367,24.307425,28.552351,30.662083,34.58812,36.313446,39.14314,41.293747,42.676357,41.3156,38.30992,38.242737,33.279278,35.186085,33.7318,31.613789,28.196196,30.758595,28.332794,28.877716,32.19559,27.8564,31.638378,27.16724,23.572414,19.500586,19.603592,16.046648,16.76883,15.397169,15.740267,17.181915,18.88622,19.781708,22.270952,24.05359,24.664614,26.677845,22.26852,25.060663,22.78383,27.602398,24.418568,29.48964,31.80244,33.74156,39.466476,40.2442,43.893383,46.409557,47.97033,46.38856,45.654663,41.958385,42.250023,38.043114,37.281803,37.46137,33.899994,35.9909,37.34387,32.85459,32.0018,28.984758,24.791023,25.095703,20.795158,23.538044
