,0,1,2,3,4,5,6,7,8,9,10,11,12,13,14,15,16,17,18,19,20,21,22,23,24,25,26,27,28,29,30,31,32,33,34,35,36,37,38,39,40,41,42,43,44,45,46,47,48,49,50,51,52,53,54,55,56,57,58,59,60,61,62,63,64,65,66,67,68,69,70,71,72,73,74,75,76,77,78,79,80,81,82,83,84,85,86,87,88,89,90,91,92,93,94,95,96,97,98,99,100,101,102,103,104,105,106,107,108,109
0,0.0,4.683964,6.761248,9.0252,12.4311075,13.427175,17.520632,20.791277,23.13319,25.164381,29.260187,31.512669,33.747982,32.28694,33.386772,29.580046,31.287292,28.946083,31.331263,29.155685,29.661383,30.418547,29.589928,32.627148,27.977795,25.411846,25.296007,25.000847,23.071968,25.805508,23.16876,28.318577,29.113903,34.611828,32.89573,36.844177,37.526657,34.806522,34.64124,32.783237,27.617037,25.08685,23.617065,19.83594,19.780413,19.92919,18.936138,21.253613,21.840525,26.83017,22.706541,26.16649,26.582436,22.331728,18.726063,15.711108,13.735117,9.800619,7.176459,7.3649073,9.9847975,13.226609,16.122992,18.871214,20.786016,24.538544,27.30863,28.986052,29.871426,27.399029,22.558666,22.956194,21.801033,20.83893,23.504465,21.580664,26.09544,28.77147,31.239624,33.900707,36.16693,36.019466,30.446848,31.629965,28.736765,30.956476,27.607668,28.986914,31.617584,31.183659,35.646927,38.58086,38.94193,39.628345,36.719425,35.59841,37.19007,33.541023,34.70922,35.496735,32.73968,34.106163,35.397636,31.927763,32.704636,29.252193,28.685156,29.397982,28.115532,30.551706
1,4.683964,0.0,5.2182746,6.3826675,9.337641,11.93133,14.81321,18.660303,21.181091,22.77893,26.731415,29.542105,31.755768,30.159933,31.592636,28.0984,29.87554,28.222704,30.161642,28.946087,29.203123,30.777445,29.74548,33.17881,28.722387,25.73365,26.14865,24.647552,22.877714,24.698269,22.060192,26.50868,26.607916,32.314766,30.053667,33.95836,34.34857,31.521595,31.87553,30.43316,24.726357,22.798681,21.40697,18.382282,18.288568,19.572374,18.791693,21.934097,22.966993,28.236458,24.642206,28.355528,29.367575,25.383224,21.58337,18.914818,15.976709,12.344142,9.28826,9.934293,11.237544,16.093521,18.34904,21.712427,23.541157,27.350512,30.255753,31.663307,32.206944,29.175306,24.280502,24.307135,22.17436,21.236753,23.016994,21.088377,24.935156,27.96933,29.965347,32.80968,35.4765,35.31553,29.94275,31.170801,28.783396,30.61703,28.169073,29.42164,32.55393,32.565628,36.908886,39.88905,39.778168,40.086338,37.03731,35.446445,37.01911,33.347645,35.137913,35.48687,33.35919,34.289455,35.29608,32.21134,33.440464,30.598171,29.99449,31.384144,30.174435,33.186775
2,6.761248,5.2182746,0.0,5.251469,7.09093,7.232673,12.070168,14.454356,17.480196,18.911852,23.214514,25.540411,28.189608,27.021067,28.618765,25.297728,27.670788,26.065413,28.799791,27.796427,28.96847,30.51613,30.245575,34.072838,29.860378,26.640154,25.827475,24.802816,21.619205,23.964304,20.163994,25.095304,24.314272,30.164845,28.022629,31.677124,32.716656,30.16736,30.42248,29.078243,23.27906,21.854425,19.483807,16.834871,18.216824,18.882557,19.556238,22.311548,24.021883,28.89672,25.879578,29.613123,30.259314,26.575588,22.062347,19.998693,16.572548,13.850833,10.366586,8.556894,8.867798,14.504847,16.915575,20.106928,23.204008,25.912605,29.485723,30.055143,30.059446,26.704096,22.073238,20.878838,18.776545,17.044231,18.89274,16.268389,20.314043,23.177517,25.265104,28.274776,30.881157,31.030416,25.732912,27.428156,25.26714,27.620697,25.417276,27.57067,30.58676,31.00168,35.233856,38.377815,38.451065,39.04101,35.50788,34.286602,35.13399,31.140945,32.599537,32.208466,30.143816,30.519161,31.20315,27.872099,29.208363,26.271923,26.392994,27.836811,27.186699,30.308943
3,9.0252,6.3826675,5.251469,0.0,3.7749732,7.50254,8.728818,13.331662,15.101412,17.148006,20.845308,23.646559,25.553938,23.853403,25.213373,21.74298,23.63391,22.247375,24.329971,23.709784,24.439096,26.503939,25.980402,30.030132,26.031836,22.537844,22.290882,20.310308,17.661716,19.274954,16.032877,20.481272,20.35698,26.05054,23.984285,27.904512,28.562258,25.876997,25.92559,24.429571,18.794117,16.961283,15.140131,12.372459,13.239526,14.662543,15.295703,18.610153,20.64801,25.65206,23.240747,27.15024,28.459332,25.21691,20.614666,19.071827,14.711998,12.649787,9.285264,9.13599,8.183559,14.403218,15.612742,19.508955,21.746475,24.9139,28.240383,28.861612,28.790354,25.10559,20.366121,19.933653,16.89779,16.327784,17.344374,16.205128,19.538944,22.777752,24.674438,27.18422,29.919783,29.475094,24.17763,25.207834,23.097548,24.65421,22.89123,24.277927,27.729254,28.314692,32.43702,35.504288,35.089993,35.273445,31.88041,30.196356,31.390701,27.607916,29.700754,29.664104,28.008158,28.666666,29.598433,26.948727,28.459686,26.430481,25.409748,27.567755,26.380575,30.093668
4,12.4311075,9.337641,7.09093,3.7749732,0.0,5.993322,5.54124,10.1817045,12.233745,13.767331,17.46306,20.536734,22.613098,21.023169,22.776264,19.750658,22.032549,21.342958,23.447426,23.784315,24.811785,27.40414,27.15455,31.551298,27.913395,24.168625,23.66803,21.164164,17.975271,19.018133,15.185961,19.081232,17.69025,23.636236,21.157452,24.88625,25.689875,23.091946,23.529655,22.486183,16.337088,15.523318,13.120038,11.657981,13.482581,15.406606,16.987366,20.418423,22.937647,27.725224,25.936743,29.867773,31.292439,28.34853,23.533295,22.375433,17.715117,16.15819,12.846295,12.10727,10.37459,16.860764,17.725863,21.631159,24.257689,26.876045,30.47124,30.557165,30.031885,25.938835,21.498032,20.234638,16.569508,15.697496,15.780723,14.474145,17.02508,20.457813,21.925001,24.599669,27.617758,27.295841,22.31051,23.582026,22.10211,23.54452,22.745186,24.458422,28.120926,29.213964,33.09323,36.212643,35.56685,35.62027,31.934109,30.126633,30.882303,26.985134,29.353243,28.572638,27.50527,27.509842,28.025305,25.654522,27.554228,26.044792,25.348164,27.965416,27.12245,31.159012
5,13.427175,11.93133,7.232673,7.50254,5.993322,0.0,7.3942347,7.546241,10.7702,12.155592,16.613934,18.472408,21.377333,20.606918,22.406202,19.493105,22.548418,21.445076,24.833652,24.712673,26.869259,28.80368,29.409555,33.817528,30.25676,26.66552,24.685968,23.57139,18.882072,21.181767,16.101313,20.983036,18.91619,24.749527,22.794062,26.072369,27.847609,25.726648,25.802204,24.684614,19.016188,18.479748,14.958982,13.514226,16.80646,17.142994,19.793875,22.250273,24.96462,29.197596,27.497395,31.236885,31.917526,29.043533,23.847286,22.96311,18.637493,17.541622,14.204662,11.334358,9.240215,15.274584,16.666016,19.854307,23.872236,25.220436,29.415533,28.761427,27.832794,23.745398,19.729866,16.94988,14.001243,11.623892,12.443856,9.515146,13.113667,16.108988,18.082201,21.079153,23.81214,24.067255,18.998835,21.084538,19.609756,22.149658,21.055103,24.063211,27.184834,28.434013,32.250004,35.513935,35.424427,36.062206,31.954084,30.920965,30.831776,26.572248,28.042385,26.527683,25.101574,24.561176,24.747993,21.64631,23.45443,21.326387,21.846155,24.078392,24.007404,27.766935
6,17.520632,14.81321,12.070168,8.728818,5.54124,7.3942347,0.0,6.7208953,7.1723337,9.07037,12.226042,15.435252,17.164474,15.496164,17.385492,14.7136755,17.342598,17.413782,19.614143,21.04978,22.633436,25.737232,26.06218,30.865488,27.894182,23.918,22.793846,19.881313,15.872797,16.288008,11.710244,14.932668,12.391769,18.423683,16.000664,19.611818,20.844612,18.523962,18.759134,17.918758,11.771711,11.897856,8.516523,8.903698,12.269056,14.227222,17.2882,20.456404,23.669851,27.848558,27.208754,31.060163,32.64786,30.400223,25.308647,25.010612,19.884031,19.48185,16.510366,15.447601,12.670986,18.733856,18.640863,22.500431,25.312157,27.118586,30.910833,30.228796,29.080246,24.501408,20.65726,18.747507,14.211431,13.729402,12.23783,12.088083,13.15743,16.778223,17.825983,20.084328,23.259155,22.666157,18.060453,19.17221,18.4244,19.41308,19.915525,21.817255,25.688116,27.45845,30.885542,33.9995,33.019463,32.91315,28.898264,27.016785,27.172853,23.226957,25.95112,24.450232,24.190845,23.60773,23.832907,22.155575,24.453478,24.050247,23.109213,26.483349,25.828661,30.369682
7,20.791277,18.660303,14.454356,13.331662,10.1817045,7.546241,6.7208953,0.0,5.0935183,4.7042227,9.368593,11.309032,14.639112,14.375721,16.893856,15.220457,19.009096,19.358765,22.711058,24.34356,27.023346,29.73716,30.876688,35.736576,32.975243,29.10364,26.753754,24.864464,19.577902,20.754732,15.098611,18.444536,13.94426,19.653131,17.3913,19.935884,22.363651,20.791449,21.204,20.898546,15.292676,16.689909,12.32265,13.646019,18.089619,18.893501,22.803766,25.239443,28.632856,32.303974,31.844473,35.53471,36.53008,34.362762,28.97888,28.864756,24.037252,23.811213,20.705498,18.170603,15.321075,20.86199,21.177172,24.289179,28.356205,28.836662,33.203022,31.625637,29.870335,25.184557,22.102999,18.269249,14.261551,12.003651,9.908276,7.6560555,7.6738906,11.198257,11.954312,15.080796,18.441175,18.810806,14.734426,17.204872,17.376587,19.397125,20.546928,23.898653,27.241198,29.443039,32.56294,35.782394,35.195366,35.551174,31.028248,29.849182,28.833101,24.57004,26.514565,23.506182,23.516367,21.590078,20.853352,18.76961,21.424906,21.016508,21.77588,25.038488,25.482878,29.823795
8,23.13319,21.181091,17.480196,15.101412,12.233745,10.7702,7.1723337,5.0935183,0.0,4.3953514,6.914239,8.687872,10.711907,9.882296,11.993578,10.133853,13.985906,14.687467,18.009596,20.18159,23.106396,26.04017,27.497139,32.4796,30.249006,26.354712,23.754461,21.63804,16.15607,16.882463,11.155079,13.959119,9.58301,14.957662,13.466118,16.177843,18.86778,17.5309,17.070871,16.425917,11.794654,13.080974,8.473126,10.732489,15.635644,16.19928,20.780708,22.901148,26.620764,29.765392,30.178587,33.733593,34.980965,33.427486,28.05867,28.606686,23.50316,24.138733,21.464678,19.42729,16.089144,20.997356,20.320469,23.476652,27.055548,27.285267,31.46803,29.593819,27.56991,22.653856,20.011398,16.567616,11.85268,11.057448,7.4437838,8.553465,7.084527,10.594972,11.327778,13.03559,16.259056,15.664102,11.56889,13.152651,13.659548,14.877242,16.963284,19.971897,23.481812,26.054861,28.81244,31.935324,31.012917,31.167662,26.591974,25.303204,24.081856,19.918018,22.264153,19.225422,19.821268,17.969378,17.480902,16.340061,19.126005,19.922855,19.467134,23.418198,23.500292,28.268547
9,25.164381,22.77893,18.911852,17.148006,13.767331,12.155592,9.07037,4.7042227,4.3953514,0.0,4.7426243,7.2679734,10.570316,10.582294,13.645789,13.133407,17.112686,18.57095,21.538836,24.321436,27.106398,30.282381,31.632532,36.652214,34.4229,30.471836,28.112732,25.707172,20.475822,20.757538,15.314585,17.176119,11.137368,16.412586,13.970171,15.880178,18.724203,17.61248,18.218338,18.532747,13.369244,16.046816,11.670233,14.681154,19.270296,20.3745,24.705536,27.100294,30.75964,34.072582,34.32539,37.94606,39.188477,37.44161,32.064056,32.339256,27.294914,27.486761,24.55077,22.341656,19.255526,24.531158,24.26695,27.363478,31.18466,31.36931,35.661057,33.71091,31.596712,26.703157,24.176485,20.260328,15.869337,14.287288,10.74264,10.108734,7.243973,10.558263,9.984532,12.632016,16.369537,16.54182,13.55122,15.822436,17.147905,18.410229,21.033718,24.207378,27.645926,30.333647,32.961205,36.060375,35.08532,35.168537,30.545855,29.193623,27.716944,23.656662,26.007454,22.269814,23.322037,20.712091,19.477516,18.460585,21.517715,22.350546,22.85602,26.664358,27.198904,31.809639
10,29.260187,26.731415,23.214514,20.845308,17.46306,16.613934,12.226042,9.368593,6.914239,4.7426243,0.0,4.832776,6.803601,6.900776,10.487082,11.4470625,15.234075,17.839632,20.164734,24.046875,26.802923,30.380905,31.885605,36.971226,35.31278,31.359827,29.08518,26.203966,21.271502,20.62136,15.787442,15.93613,8.713613,12.968548,10.520134,11.594459,14.933334,14.437882,15.05332,16.006636,11.873386,15.602925,11.712285,15.97741,20.39124,21.710094,26.275135,28.564238,32.399624,35.308968,36.266205,39.773754,41.28061,39.974964,34.679005,35.33329,30.132433,30.739405,28.023937,26.187916,22.923685,27.903181,27.07781,30.164927,33.596115,33.60005,37.709446,35.503696,33.13483,28.143482,26.129742,22.45831,17.85287,17.123463,12.7876425,13.703988,9.59325,12.127973,10.536352,11.86843,15.619732,15.250376,13.571575,15.137661,17.449883,17.682932,21.640818,24.367714,27.855001,30.93178,33.037598,35.95078,34.54859,34.304096,29.707064,28.14347,26.310934,22.619549,25.424767,21.236282,23.321318,20.317759,18.801264,19.041407,22.288063,24.286726,24.243065,28.498852,28.948874,33.773594
11,31.512669,29.542105,25.540411,23.646559,20.536734,18.472408,15.435252,11.309032,8.687872,7.2679734,4.832776,0.0,4.792697,7.081732,9.9580345,11.501143,15.617956,17.87491,21.054922,24.535074,28.04555,31.081041,33.211143,38.20778,36.77784,33.004967,29.83368,27.870325,22.243973,22.339355,17.161274,17.822361,11.473007,14.288652,13.370971,13.632053,17.737137,17.87682,17.629066,18.191807,15.500684,18.529263,14.48411,18.150879,22.99152,23.335024,28.367031,30.004564,33.92425,36.296703,37.55199,40.84816,41.979725,40.952793,35.569416,36.56618,31.5588,32.57891,30.004047,27.625828,24.2619,28.499851,27.570942,30.108072,33.994694,33.091633,37.37019,34.5569,31.791174,26.888628,25.630976,21.229162,17.239893,16.225023,11.6963625,12.898456,7.7348037,8.941407,6.810378,7.1869726,10.915228,10.840254,10.227353,12.350844,15.445895,16.159119,20.477266,23.925081,26.853207,30.16079,31.899742,34.779076,33.685196,33.82177,28.99624,28.101154,25.446903,21.70613,23.750584,18.652817,21.00481,17.163319,14.998274,15.52047,18.888023,21.464645,21.988586,26.207047,27.191628,31.838327
12,33.747982,31.755768,28.189608,25.553938,22.613098,21.377333,17.164474,14.639112,10.711907,10.570316,6.803601,4.792697,0.0,3.4864542,5.837391,8.8732195,12.355701,15.498617,17.967304,22.23652,25.640547,28.922874,31.16797,36.12212,35.25528,31.57356,28.536427,26.225904,21.06658,20.376095,16.060755,15.277449,9.346018,10.289139,10.545611,10.306975,14.70418,15.360481,14.271897,14.83437,13.889503,16.929207,13.643748,17.810072,22.278635,22.645739,27.757526,29.186163,33.188232,35.10368,37.048107,40.177376,41.596764,41.050606,35.850662,37.24423,32.139076,33.62515,31.368727,29.506895,25.997652,29.873383,28.31595,30.895409,34.138306,33.25338,37.18761,34.315434,31.46574,26.567574,25.69663,22.062737,17.868263,18.073204,13.289817,16.127132,11.445176,12.475987,10.856642,9.373191,12.145235,10.592633,10.811891,11.231896,14.809947,14.108974,19.49356,22.139774,25.122183,28.678825,29.936985,32.587097,31.03773,30.817886,26.134834,25.007736,22.18043,18.90112,21.499502,16.491983,19.747095,16.15683,14.343297,16.250788,19.457832,22.996487,22.301764,26.916994,27.444645,32.30647
13,32.28694,30.159933,27.021067,23.853403,21.023169,20.606918,15.496164,14.375721,9.882296,10.582294,6.900776,7.081732,3.4864542,0.0,3.740469,6.491143,9.641998,13.238795,15.065176,19.739264,22.735197,26.357727,28.32106,33.316147,32.48463,28.748234,26.178371,23.324028,18.640337,17.344778,13.48742,11.98604,6.017956,7.2418337,7.5490127,8.334546,12.317642,12.6099615,11.102463,11.43935,10.6362505,13.63065,10.729105,15.236879,19.367138,20.096483,25.035887,26.651958,30.63992,32.654568,34.68296,37.850124,39.550983,39.044376,33.96978,35.366074,30.154884,31.68008,29.542566,28.159979,24.645752,28.630852,26.850643,29.719608,32.453415,32.081226,35.78459,33.269573,30.66085,25.723042,24.511688,21.634855,17.031025,17.907043,13.199604,16.598564,12.659183,14.387649,13.36465,12.245036,14.940066,12.924448,12.043991,11.637052,14.529685,13.112745,18.42709,20.346134,23.715313,27.167143,28.564402,31.190964,29.352556,28.828278,24.314964,22.707384,20.437975,17.24174,20.515114,16.397371,19.497705,16.77506,15.731942,17.558027,20.579489,23.920649,22.392117,27.137789,27.126804,32.16746
14,33.386772,31.592636,28.618765,25.213373,22.776264,22.406202,17.385492,16.893856,11.993578,13.645789,10.487082,9.9580345,5.837391,3.740469,0.0,4.6010075,6.82408,10.672175,12.41481,17.174318,20.420712,23.841333,26.137825,31.00405,30.595495,27.063732,24.201504,21.65099,17.083403,15.738104,12.547668,10.5642805,7.225391,6.04573,8.785963,9.651954,13.291581,13.786398,10.917068,10.279808,11.631875,13.427158,11.235149,15.136414,18.993757,19.134628,24.191168,25.287376,29.283487,30.733963,33.297577,36.22438,37.940666,37.869743,32.962753,34.75616,29.66079,31.678644,29.894222,28.69746,25.139942,28.436647,26.194489,28.839628,31.19434,30.566385,34.014755,31.346722,28.647833,23.83736,23.11349,20.769972,16.411406,18.119555,13.618583,18.000923,14.549271,15.897687,15.426044,13.435674,15.31312,12.474587,11.745667,10.026004,12.879161,10.458837,16.330257,17.762127,20.954592,24.554653,25.564987,28.03476,26.038225,25.45112,20.966352,19.46616,16.903574,13.961013,17.404676,13.54528,17.059711,14.772469,14.274856,16.78939,19.486326,23.35252,20.970217,25.848572,25.54663,30.611204
15,29.580046,28.0984,25.297728,21.74298,19.750658,19.493105,14.7136755,15.220457,10.133853,13.133407,11.4470625,11.501143,8.8732195,6.491143,4.6010075,0.0,4.363673,6.7879457,9.653264,13.407194,16.877714,20.069078,22.337778,27.268444,26.494858,22.92031,19.87684,17.595592,12.588064,11.895535,8.099096,7.690952,6.9395456,7.9398136,10.302973,12.721611,15.538159,15.127315,11.924426,9.900474,10.550649,10.559413,8.153829,11.007096,15.02327,14.662684,19.857227,20.830133,24.839993,26.428862,28.788052,31.766628,33.440937,33.281235,28.366577,30.178831,25.109644,27.267939,25.643751,24.590794,21.050673,24.093872,21.7121,24.461264,26.654144,26.297306,29.71587,27.328543,24.881468,20.011995,18.845928,17.04343,12.461029,14.817747,10.8028,15.770719,13.618739,15.42201,15.996928,14.550849,16.354166,13.514246,10.827361,8.7439995,10.007012,7.6673965,12.575297,13.90605,17.463364,20.812422,22.373146,25.063904,23.28204,22.892408,18.326351,16.809116,14.923956,11.330266,14.886268,12.2412195,14.57167,13.458048,13.969125,15.506268,17.872097,21.02896,17.970158,22.800886,22.03654,27.197758
16,31.287292,29.87554,27.670788,23.63391,22.032549,22.548418,17.342598,19.009096,13.985906,17.112686,15.234075,15.617956,12.355701,9.641998,6.82408,4.363673,0.0,4.9800243,5.66893,10.615294,13.6404915,17.172218,19.410727,24.227907,24.065128,20.686012,18.08507,15.321475,11.570194,9.621587,8.2917795,5.5330796,8.635183,7.3386064,11.026647,13.522886,15.445688,15.081196,10.831185,7.7385664,11.042193,9.865064,9.453378,11.69657,14.428534,14.052731,18.833029,19.493425,23.396944,24.459845,27.50432,30.238094,32.266632,32.592564,28.081905,30.215734,25.26236,27.803158,26.62947,26.249992,22.841734,25.346802,22.448925,25.180178,26.394419,26.342154,29.168787,27.038994,24.796103,20.2277,19.306007,18.85022,14.58591,17.825485,14.4010105,19.633316,17.91142,19.64829,20.292595,18.53415,19.936834,16.68874,14.394744,11.382918,11.971288,8.153822,12.857336,12.363317,16.047207,19.347876,20.49894,22.877213,20.501455,19.556744,15.357032,13.190334,11.823124,9.032345,13.63896,12.564277,15.051223,15.117937,16.34826,18.398209,20.294313,23.662872,19.569023,24.35376,22.950666,28.079346
17,28.946083,28.222704,26.065413,22.247375,21.342958,21.445076,17.413782,19.358765,14.687467,18.57095,17.839632,17.87491,15.498617,13.238795,10.672175,6.7879457,4.9800243,0.0,5.684565,6.831034,11.122463,13.519628,16.318117,21.038538,20.58898,17.403296,13.744296,12.431238,7.6348634,7.905334,6.3793554,7.386253,12.184219,12.26336,15.420319,18.27817,20.142076,19.394892,15.313202,11.763538,14.002688,11.05606,10.529994,10.30514,12.92651,10.883261,15.899666,15.697621,19.59303,20.30874,23.377079,25.968279,27.695728,28.173664,23.684309,26.120497,21.442177,24.451649,23.660366,23.237026,19.950525,21.454771,18.233767,20.65457,21.721922,21.445791,24.214228,22.085758,19.960121,15.472261,14.591908,14.962755,11.273953,15.308063,13.011228,18.54125,18.092735,19.679289,21.222607,19.585321,20.521778,17.321718,13.94822,10.6818495,9.354655,5.827459,8.404804,7.52366,11.437481,14.572159,16.199074,18.849607,16.974209,16.633955,12.171766,10.695315,9.771574,6.0224805,10.160726,10.8392315,11.709588,13.316016,15.568587,16.783642,18.024643,20.787888,15.869514,20.419462,18.524687,23.606995
18,31.331263,30.161642,28.799791,24.329971,23.447426,24.833652,19.614143,22.711058,18.009596,21.538836,20.164734,21.054922,17.967304,15.065176,12.41481,9.653264,5.66893,5.684565,0.0,6.655649,8.367309,12.411301,14.288705,18.981258,19.310198,16.192005,14.466371,11.042278,9.608491,6.2443466,8.845819,5.516058,12.543946,11.135078,14.54902,17.458838,18.134184,17.332657,12.752633,8.695264,13.063673,9.762822,11.517836,12.000225,12.694837,12.129901,15.897519,16.13533,19.725164,20.300776,23.93563,26.394165,28.879038,29.649742,25.746918,28.133032,23.468601,26.372362,25.833284,26.364336,23.291569,25.067951,21.69826,24.445625,24.29804,24.994953,26.98973,25.572674,23.928041,19.916462,18.842455,20.256294,16.481363,20.498413,18.058626,23.314522,22.555532,24.468018,25.516045,23.907684,25.111435,21.76631,19.039564,15.718092,14.9856205,10.9785185,13.553087,10.628023,14.460437,17.100546,18.220472,20.25521,17.328262,15.702906,12.377298,9.015692,9.920851,8.489601,13.603836,15.185696,16.676954,18.423182,20.506643,22.267082,23.567411,26.462992,21.34987,25.751583,23.462513,28.387274
19,29.155685,28.946087,27.796427,23.709784,23.784315,24.712673,21.04978,24.34356,20.18159,24.321436,24.046875,24.535074,22.23652,19.739264,17.174318,13.407194,10.615294,6.831034,6.655649,0.0,5.2762456,6.710157,9.792986,14.288338,14.312425,11.676949,8.285293,7.5956154,6.2041287,6.60919,9.480799,10.42868,17.50935,17.34177,20.40445,23.594282,24.490917,23.384415,19.114162,15.026928,17.852606,13.260196,14.550485,12.370433,12.384934,9.436822,12.736312,11.255015,14.634365,14.327672,18.32784,20.444546,22.615446,23.797667,20.173796,23.080877,19.029995,22.644361,22.820099,23.485416,20.795338,20.961363,17.139215,19.31502,18.402214,19.037695,20.560478,19.44212,18.26041,14.853896,13.8821335,17.018923,14.532941,19.130325,18.211857,23.407335,24.026972,25.717339,27.643648,26.170599,26.872637,23.658995,20.056034,16.737694,14.250375,11.277599,10.367231,5.5448604,9.273208,11.015891,12.844707,15.091207,12.808798,11.993684,8.824725,6.5171223,9.069871,7.5738535,11.026002,15.071833,14.484332,18.018589,21.044844,21.854904,22.287174,24.271244,18.317848,22.000343,18.941957,23.484215
20,29.661383,29.203123,28.96847,24.439096,24.811785,26.869259,22.633436,27.023346,23.106396,27.106398,26.802923,28.04555,25.640547,22.735197,20.420712,16.877714,13.6404915,11.122463,8.367309,5.2762456,0.0,5.3733306,5.9399347,10.717218,11.1483965,8.547095,8.565909,4.946166,8.685198,6.585253,12.024234,11.541633,19.34676,19.115503,21.689493,25.114561,25.046465,23.612236,19.546793,15.476586,18.458181,13.369694,16.0999,13.816196,11.766843,10.208634,11.321008,10.326128,12.979721,12.843345,17.036026,19.064857,22.102232,23.352434,20.504473,23.13246,19.29645,22.63827,23.171846,24.871922,22.58068,22.955471,19.24046,21.770105,19.579426,21.605034,22.295109,22.312433,21.900803,19.052319,17.466843,21.346104,18.695421,23.146957,22.311459,27.144531,27.893969,29.975689,31.72852,30.555578,31.59516,28.4111,24.77842,21.614407,19.291597,16.27713,15.427465,10.472347,13.649129,14.343642,16.099018,17.7209,14.935079,13.088838,11.786974,8.234337,12.623099,12.345075,15.977563,20.184439,19.739677,23.243275,26.1499,26.94188,27.468897,29.15084,23.255342,26.670473,23.326082,27.591566
21,30.418547,30.777445,30.51613,26.503939,27.40414,28.80368,25.737232,29.73716,26.04017,30.282381,30.380905,31.081041,28.922874,26.357727,23.841333,20.069078,17.172218,13.519628,12.411301,6.710157,5.3733306,0.0,4.5752683,7.8954444,8.77729,7.7950654,5.76287,7.286384,10.200337,10.885617,15.019621,16.099365,23.63409,23.487879,26.356634,29.692066,30.02646,28.69506,24.52877,20.406046,23.19422,18.010363,20.046095,16.87814,15.119082,12.007168,12.544049,9.535509,11.3019,9.098409,14.289663,15.501941,18.121292,20.200579,17.949398,21.212582,18.326468,22.29004,23.463888,25.043016,23.10782,21.941813,17.969707,19.568403,16.555231,18.156078,18.040606,18.273022,18.304642,16.48407,15.581751,20.539701,19.179417,23.766476,23.80987,28.609255,29.976728,31.687632,33.90212,32.56714,33.09993,29.93958,26.16678,22.926237,19.88593,17.449474,14.907231,9.452882,11.090849,10.499726,12.26182,13.603439,11.449322,10.380799,10.026752,8.247714,12.808153,12.985647,14.973548,20.477669,18.952911,23.40904,26.806469,27.243658,27.103842,28.369041,22.038004,24.716427,20.932028,24.560652
22,29.589928,29.74548,30.245575,25.980402,27.15455,29.409555,26.06218,30.876688,27.497139,31.632532,31.885605,33.211143,31.16797,28.32106,26.137825,22.337778,19.410727,16.318117,14.288705,9.792986,5.9399347,4.5752683,0.0,5.0990953,5.5303683,4.6524425,7.284733,6.2032576,11.846917,11.406069,16.425278,17.066418,24.739607,24.97285,27.244318,30.841463,30.553226,28.881252,25.101353,21.118633,23.428478,18.002941,20.74906,17.4015,14.319779,12.314705,10.962314,8.67188,9.472581,8.153039,12.812303,14.170517,17.65906,19.393677,17.763783,20.500137,17.772472,21.281904,22.685501,25.098808,23.53039,22.750004,19.078382,21.142109,17.366442,20.359434,19.844347,21.11393,21.729805,20.018658,18.269068,23.422709,21.704035,26.088928,26.196604,30.61239,32.172592,34.26183,36.382347,35.43629,36.3499,33.30138,29.288,26.297735,23.318426,20.9614,18.561144,13.432655,15.485062,14.588871,16.62915,17.760233,15.58962,14.052341,14.348761,11.83678,16.765553,16.89122,19.371387,24.522179,23.097834,27.324053,30.557814,30.797499,30.863773,31.757183,25.67927,28.25857,24.41554,27.943272
23,32.627148,33.17881,34.072838,30.030132,31.551298,33.817528,30.865488,35.736576,32.4796,36.652214,36.971226,38.20778,36.12212,33.316147,31.00405,27.268444,24.227907,21.038538,18.981258,14.288338,10.717218,7.8954444,5.0990953,0.0,4.9144692,7.5198574,10.498483,11.126624,16.604605,16.499586,21.441252,22.080545,29.805462,29.790142,32.192665,35.708767,35.268906,33.636402,29.82497,25.875599,28.41892,23.00491,25.829288,22.325716,19.025358,16.952114,14.760745,11.957173,11.074296,7.883335,12.82456,12.774119,16.405092,19.011793,18.824425,21.669065,20.117094,23.646135,25.625267,28.344963,27.21795,25.590357,22.013199,23.43913,18.65287,21.784542,20.093746,22.08883,23.324732,22.64166,21.335083,27.043798,25.97808,30.344227,30.823183,35.162525,36.966427,38.937984,41.195557,40.156857,40.85905,37.764977,33.816116,30.730549,27.571682,25.303547,22.432186,17.186571,18.224102,16.471529,17.962397,18.308702,16.436323,14.93067,16.704613,14.858384,19.944256,20.76156,22.576538,28.331047,26.5931,31.22723,34.66406,34.869717,34.598896,35.294605,29.04585,31.079533,26.999489,29.853264
24,27.977795,28.722387,29.860378,26.031836,27.913395,30.25676,27.894182,32.975243,30.249006,34.4229,35.31278,36.77784,35.25528,32.48463,30.595495,26.494858,24.065128,20.58898,19.310198,14.312425,11.1483965,8.77729,5.5303683,4.9144692,0.0,4.100508,8.425597,9.331226,14.682853,15.404953,19.666206,21.40571,28.713213,29.711985,31.520462,35.35902,35.025143,33.069115,29.678213,25.79692,27.100798,21.51478,24.000748,19.836681,16.285694,14.1267395,10.952209,8.123162,6.3683114,4.751305,8.401057,9.309753,13.3162155,14.997484,14.577837,17.05809,15.535954,18.878649,21.008245,23.990711,23.1905,21.55206,18.280556,19.993296,15.042899,19.202448,17.831985,20.433126,22.012749,21.136244,18.90771,24.715128,23.68459,27.731009,28.677214,32.47246,34.80983,36.966885,39.40179,38.851254,39.790398,37.013893,32.537655,29.938826,26.465427,24.88482,21.367289,16.816092,18.307072,16.368416,18.982666,20.016228,18.802496,17.955393,18.60797,16.867472,21.577694,21.376564,23.108553,28.44893,26.221031,30.728518,34.070175,33.620647,33.416958,33.396397,27.551025,29.360643,25.309162,28.15808
25,25.411846,25.73365,26.640154,22.537844,24.168625,26.66552,23.918,29.10364,26.354712,30.471836,31.359827,33.004967,31.57356,28.748234,27.063732,22.92031,20.686012,17.403296,16.192005,11.676949,8.547095,7.7950654,4.6524425,7.5198574,4.100508,0.0,6.6480913,5.5097036,11.1824665,11.640783,15.845305,17.677197,24.79958,26.143957,27.686182,31.620558,31.331373,29.286753,26.051157,22.232368,23.110142,17.512291,19.966259,15.833337,12.201027,10.28861,7.2582226,5.1669946,5.310435,6.5759797,9.316045,11.606241,15.306641,16.060347,14.269334,16.48044,13.726732,16.942707,18.522293,21.376213,20.212528,19.496813,16.205387,18.640375,14.663989,18.806484,18.504461,20.495823,21.55766,19.784363,17.02589,22.298738,20.616945,24.616348,25.258432,29.027092,31.196295,33.519863,35.819828,35.426743,36.60892,33.909054,29.346355,26.906702,23.609358,22.027958,18.936174,14.684543,17.0483,15.837795,18.845644,20.42571,18.967651,18.04427,17.681705,15.472138,19.903782,19.102448,21.38231,26.09003,24.14849,28.230282,31.34872,30.886332,31.010143,31.102516,25.483095,27.754078,23.938236,27.358109
26,25.296007,26.14865,25.827475,22.290882,23.66803,24.685968,22.793846,26.753754,23.754461,28.112732,29.08518,29.83368,28.536427,26.178371,24.201504,19.87684,18.08507,13.744296,14.466371,8.285293,8.565909,5.76287,7.284733,10.498483,8.425597,6.6480913,0.0,6.8264217,7.8310947,11.037883,13.417947,16.700697,23.432293,24.6888,26.860537,30.54307,31.215866,29.549978,25.898825,21.901321,22.980934,17.635824,18.803635,14.47085,12.992693,8.752553,9.087729,5.0537176,7.3190103,6.657493,10.228564,12.307964,14.421236,15.602459,12.536699,15.77777,12.800606,16.96506,18.247246,19.668394,18.005821,16.299582,12.370377,14.093228,11.147342,13.473237,13.957863,14.698446,15.19458,13.237716,11.080656,16.62208,15.737171,20.015882,20.999115,25.13755,27.40764,29.21057,31.83335,31.079138,31.74942,29.057228,24.508688,21.9777,18.243137,17.149574,13.011611,8.984135,10.8284645,9.535069,13.116803,15.2819605,14.612188,14.844343,13.377931,12.572079,15.889318,14.513605,15.690028,20.651804,18.042486,22.513775,25.884577,25.249744,24.992046,25.132513,19.208725,21.38406,17.503143,21.043116
27,25.000847,24.647552,24.802816,20.310308,21.164164,23.57139,19.881313,24.864464,21.63804,25.707172,26.203966,27.870325,26.225904,23.324028,21.65099,17.595592,15.321475,12.431238,11.042278,7.5956154,4.946166,7.286384,6.2032576,11.126624,9.331226,5.5097036,6.8264217,0.0,6.88269,6.132401,10.804016,12.179328,19.382719,20.663628,22.265474,26.1622,26.059597,24.122263,20.754816,16.894615,17.926075,12.359875,14.842806,11.286658,8.211251,6.574263,6.3879137,6.145949,9.111245,10.869442,13.622289,16.378326,19.518778,19.902582,16.789255,18.914103,14.849496,17.901527,18.476656,20.59516,18.611425,19.195095,15.784891,18.812496,16.518845,19.633347,20.5475,21.28765,21.37416,18.46222,15.690703,19.834293,17.1515,21.270979,21.079975,25.226067,26.739012,29.13724,31.139671,30.633947,31.996204,29.220901,24.859156,22.3565,19.545645,17.549814,15.620867,11.6134615,15.066606,15.172076,18.069523,20.108501,18.155964,17.02024,15.425122,12.606157,16.443314,15.083036,18.236088,22.065636,20.865574,24.306381,27.125626,27.041122,27.609596,28.340134,22.879019,25.951595,22.562511,26.740051
28,23.071968,22.877714,21.619205,17.661716,17.975271,18.882072,15.872797,19.577902,16.15607,20.475822,21.271502,22.243973,21.06658,18.640337,17.083403,12.588064,11.570194,7.6348634,9.608491,6.2041287,8.685198,10.200337,11.846917,16.604605,14.682853,11.1824665,7.8310947,6.88269,0.0,5.695522,5.603321,10.041891,15.854823,17.877352,19.599611,23.349773,24.400124,22.734077,19.381544,15.6627245,15.814912,10.93736,11.199539,7.290409,7.9518657,3.82147,8.668128,8.346643,12.343131,14.147607,16.215061,19.225344,21.151789,21.081457,16.608782,18.823921,14.109724,17.276726,16.989584,17.462427,14.69372,15.633991,12.20045,15.26434,15.304529,16.764313,19.20265,18.53122,17.64717,13.646864,10.755106,13.511766,10.383163,14.655368,14.401029,18.841267,20.383636,22.535795,24.780834,24.250473,25.483496,22.909065,18.228788,16.027805,12.946563,11.768128,9.538296,7.5118184,11.621231,12.833,16.156555,18.974983,17.760708,17.680439,14.308516,12.700395,14.37697,11.342345,13.973662,16.616238,15.136241,18.094555,20.771248,20.291245,20.984356,21.72809,16.608662,20.103098,17.264456,21.97529
29,25.805508,24.698269,23.964304,19.274954,19.018133,21.181767,16.288008,20.754732,16.882463,20.757538,20.62136,22.339355,20.376095,17.344778,15.738104,11.895535,9.621587,7.905334,6.2443466,6.60919,6.585253,10.885617,11.406069,16.499586,15.404953,11.640783,11.037883,6.132401,5.695522,0.0,6.1597586,6.07738,13.393242,14.609269,16.264067,20.102549,20.308912,18.551842,15.022807,11.153585,12.393501,7.144436,9.549016,7.7123723,6.763909,6.611623,9.846243,10.992152,14.646948,16.551388,19.134546,22.099337,24.820436,24.899996,20.95055,22.848545,18.02,20.603136,20.144955,21.31383,18.562971,20.595165,17.438087,20.779873,20.208239,22.21626,24.173893,23.756437,22.868082,18.93626,16.426739,18.700462,14.820968,18.756239,17.302109,21.810543,22.294401,24.771519,26.28671,25.647003,27.285564,24.456646,20.487518,17.99541,16.128506,13.5908575,13.789617,10.915557,15.218435,16.810394,19.277441,21.635096,19.338264,18.094265,15.21679,12.046436,14.384201,12.239323,16.43239,18.626225,18.607368,20.88918,23.144142,23.5973,24.792019,26.330437,21.379385,25.292107,22.62404,27.42923
30,23.16876,22.060192,20.163994,16.032877,15.185961,16.101313,11.710244,15.098611,11.155079,15.314585,15.787442,17.161274,16.060755,13.48742,12.547668,8.099096,8.2917795,6.3793554,8.845819,9.480799,12.024234,15.019621,16.425278,21.441252,19.666206,15.845305,13.417947,10.804016,5.603321,6.1597586,0.0,6.5260215,10.476995,13.46176,14.515045,18.320665,19.671041,18.009716,15.113837,11.956594,10.892747,7.107865,5.882179,3.9339974,7.578036,6.648986,11.856554,13.202896,17.182863,19.611357,21.229753,24.503931,26.421238,25.851871,21.028337,22.604597,17.423908,19.622128,18.340614,18.180403,14.898551,17.778362,15.183786,18.602802,19.915932,21.010548,24.098022,22.911055,21.456846,16.826345,14.036918,14.348463,9.668286,13.07305,11.251281,15.695215,16.223541,18.762318,20.45529,20.187216,22.033525,19.644117,15.1250105,13.449128,11.645059,10.431466,10.917789,10.870713,15.162837,17.316568,20.175917,23.069511,21.578781,21.250614,17.289127,15.328899,15.785094,12.148528,15.543612,15.931916,15.750356,16.989681,18.75224,18.545223,20.109356,21.372972,17.391102,21.533022,19.646723,24.697556
31,28.318577,26.50868,25.095304,20.481272,19.081232,20.983036,14.932668,18.444536,13.959119,17.176119,15.93613,17.822361,15.277449,11.98604,10.5642805,7.690952,5.5330796,7.386253,5.516058,10.42868,11.541633,16.099365,17.066418,22.080545,21.40571,17.677197,16.700697,12.179328,10.041891,6.07738,6.5260215,0.0,7.8632092,8.631198,10.335791,14.043225,14.548522,13.113193,9.361517,5.6672373,7.6647677,4.720159,6.502314,8.610788,9.988084,11.220108,15.160722,16.840248,20.597658,22.545963,25.062956,28.104425,30.64984,30.560112,26.238314,27.910463,22.779278,24.868284,23.693308,24.143997,20.981474,24.117746,21.378826,24.7624,25.29084,26.560055,29.10785,27.939224,26.37455,21.905127,19.83939,20.31411,15.653444,18.886257,15.99204,20.54068,19.586502,22.087618,22.807617,22.001867,24.005276,21.176004,18.051445,15.733571,15.438523,12.423574,15.263075,13.849191,18.129305,20.679821,22.557432,24.946608,22.411081,21.03726,17.53287,14.392897,15.007721,12.57342,17.350489,17.465343,18.949425,19.670658,21.042782,22.235697,24.122177,26.516546,22.388304,26.886461,25.014431,30.122328
32,29.113903,26.607916,24.314272,20.35698,17.69025,18.91619,12.391769,13.94426,9.58301,11.137368,8.713613,11.473007,9.346018,6.017956,7.225391,6.9395456,8.635183,12.184219,12.543946,17.50935,19.34676,23.63409,24.739607,29.805462,28.713213,24.79958,23.432293,19.382719,15.854823,13.393242,10.476995,7.8632092,0.0,6.1542187,4.4978743,8.243498,10.142367,8.967853,7.5077596,7.444053,4.6549497,8.151801,6.0831947,11.358864,14.595486,16.508856,20.782377,23.092476,26.93534,29.502085,31.261095,34.610455,36.7963,36.0749,31.22998,32.34045,26.981033,28.229126,26.168102,25.658716,22.31454,26.758644,24.91454,28.368166,30.295704,31.074564,34.418774,32.740086,30.719866,25.822893,23.713015,22.075972,16.97801,18.481136,14.404047,17.739313,15.200391,17.890625,17.49707,17.308167,20.17738,18.130163,15.807934,14.993901,16.396492,14.559352,18.743404,19.466164,23.492954,26.476006,28.37929,31.00718,28.84113,27.85409,23.787537,21.291668,20.454527,17.413784,21.532354,19.123652,21.413698,20.077003,19.977034,21.133072,23.859777,26.385885,24.04556,28.69667,27.917496,33.078716
33,34.611828,32.314766,30.164845,26.05054,23.636236,24.749527,18.423683,19.653131,14.957662,16.412586,12.968548,14.288652,10.289139,7.2418337,6.04573,7.9398136,7.3386064,12.26336,11.135078,17.34177,19.115503,23.487879,24.97285,29.790142,29.711985,26.143957,24.6888,20.663628,17.877352,14.609269,13.46176,8.631198,6.1542187,0.0,5.103918,6.479838,8.440037,8.946317,5.1313868,5.2958527,8.801065,11.260746,11.017152,15.560184,18.059958,19.445787,23.69941,25.339388,29.161219,30.783373,33.55331,36.50823,38.854454,38.8549,34.302162,35.97027,30.752851,32.605766,30.960087,30.655159,27.250166,30.915297,28.48956,31.598463,33.00821,33.33572,36.2865,34.268852,31.993586,27.304707,26.112087,24.915361,20.21063,22.414053,18.181437,22.375692,19.305113,21.240164,20.560465,19.102383,21.242306,18.47228,17.58639,15.619933,17.693296,14.465977,19.830862,19.69048,23.341835,26.668022,27.634308,29.823671,27.109005,25.667168,21.888811,19.245474,17.881107,15.898447,20.420374,18.022991,21.436228,20.11437,20.086334,22.592634,25.13137,28.753912,25.735722,30.607632,29.69431,34.85105
34,32.89573,30.053667,28.022629,23.984285,21.157452,22.794062,16.000664,17.3913,13.466118,13.970171,10.520134,13.370971,10.545611,7.5490127,8.785963,10.302973,11.026647,15.420319,14.54902,20.40445,21.689493,26.356634,27.244318,32.192665,31.520462,27.686182,26.860537,22.265474,19.599611,16.264067,14.515045,10.335791,4.4978743,5.103918,0.0,4.358852,5.680348,5.1507688,4.6532555,7.0535297,6.0562134,10.762846,10.088114,15.385159,17.85615,20.27363,24.147312,26.587234,30.331264,32.764755,34.80244,38.08111,40.517727,39.941628,35.263756,36.376972,31.01138,32.178516,30.139593,29.877832,26.609592,31.161625,29.26361,32.74845,34.410027,35.28147,38.452763,36.779232,34.71091,29.86503,27.96705,26.42783,21.383282,22.856813,18.611485,21.737314,18.61008,21.072632,20.005753,19.593945,22.468267,20.41281,19.129316,18.186117,20.163517,17.817015,22.599106,22.883604,26.841671,29.940662,31.457773,33.854633,31.30047,29.903654,26.126762,23.304222,22.432074,20.033007,24.449593,21.855238,24.805178,23.190754,22.786343,24.5651,27.39162,30.356102,28.051008,32.797775,32.051716,37.227524
35,36.844177,33.95836,31.677124,27.904512,24.88625,26.072369,19.611818,19.935884,16.177843,15.880178,11.594459,13.632053,10.306975,8.334546,9.651954,12.721611,13.522886,18.27817,17.458838,23.594282,25.114561,29.692066,30.841463,35.708767,35.35902,31.620558,30.54307,26.1622,23.349773,20.102549,18.320665,14.043225,8.243498,6.479838,4.358852,0.0,4.6012645,6.4546747,6.8198867,10.029922,10.374038,15.048086,14.2157,19.509766,22.161005,24.34312,28.37711,30.622759,34.410908,36.570614,38.86112,42.04829,44.417793,43.99408,39.27161,40.498856,35.146023,36.37876,34.283566,33.76989,30.43858,34.93478,33.037823,36.339775,38.219013,38.67773,41.925934,39.906067,37.56808,32.72134,31.261992,29.278904,24.407007,25.625137,21.082535,24.065588,20.173485,22.143131,20.429829,19.61552,22.344128,20.405756,20.33234,19.496092,22.242142,19.80683,25.26711,25.794792,29.467562,32.82034,33.92149,36.184166,33.549843,32.119324,28.328035,25.713404,24.216936,22.132462,26.355396,23.028057,26.628967,24.356125,23.419447,25.776382,28.73518,32.221344,30.28066,35.099735,34.681896,39.817436
36,37.526657,34.34857,32.716656,28.562258,25.689875,27.847609,20.844612,22.363651,18.86778,18.724203,14.933334,17.737137,14.70418,12.317642,13.291581,15.538159,15.445688,20.142076,18.134184,24.490917,25.046465,30.02646,30.553226,35.268906,35.025143,31.331373,31.215866,26.059597,24.400124,20.308912,19.671041,14.548522,10.142367,8.440037,5.680348,4.6012645,0.0,3.2478926,5.5112224,9.627316,10.209429,14.865376,15.267684,20.423288,22.073685,24.98594,28.319754,30.91441,34.478004,36.805454,39.07431,42.265594,45.00871,44.566566,40.125656,41.204437,35.860374,36.91342,34.93584,35.026737,31.873783,36.53349,34.578716,38.140644,39.428055,40.52611,43.458878,41.90479,39.8737,35.115498,33.326706,32.032417,27.010798,28.531172,24.2437,27.193684,23.77851,26.086565,24.538372,24.007235,26.809307,24.784834,24.28194,23.206266,25.468796,22.71641,27.779705,27.535177,31.429934,34.536465,35.71118,37.836006,34.878555,33.018223,29.702564,26.526617,25.840693,24.168526,28.824936,26.317783,29.716412,28.031694,27.465004,29.710106,32.5627,35.829113,33.46453,38.267025,37.460915,42.644028
