,0,1,2,3,4,5,6,7,8,9,10,11,12,13,14,15,16,17,18,19,20,21,22,23,24,25,26,27,28,29,30,31,32,33,34,35,36,37,38,39,40,41,42,43,44,45,46,47,48,49,50,51,52,53,54,55,56,57,58,59,60,61,62,63,64,65,66,67,68,69,70,71,72,73,74,75,76,77,78,79,80,81,82,83,84,85,86,87,88,89,90,91,92,93,94,95,96,97,98,99,100,101,102,103,104,105,106,107,108
0,0.0,4.9812417,6.3052607,9.85388,13.018222,15.314535,19.134846,20.78739,24.404726,27.613632,29.499668,33.58972,35.60522,34.269356,33.175953,28.916431,27.836935,24.02188,23.832846,18.65152,19.06389,15.233979,15.272782,16.768606,17.591045,22.25613,21.259563,24.654013,23.895025,20.348093,24.063406,20.035345,23.553041,25.465523,25.299637,28.523027,29.092045,31.659557,34.049427,31.004261,28.076233,31.601114,27.01099,30.111437,26.774904,30.895624,28.992867,29.935423,30.629955,29.269785,32.590916,36.07434,31.460852,34.707886,36.297752,36.05438,32.662693,33.151394,37.564007,36.235733,31.230923,34.048836,32.174267,32.919888,31.933855,26.296919,26.25985,24.946337,25.562641,22.361397,22.29472,22.676321,20.845518,20.485258,19.21445,15.770892,18.470066,17.475769,17.419952,19.826283,19.303131,23.318258,20.275354,20.169298,19.234592,18.331377,18.07794,16.172651,18.753693,18.580551,22.690338,20.702375,19.475536,23.058126,18.411947,18.598446,14.941023,15.615734,12.743045,12.903353,13.168875,14.178797,15.601113,14.320211,10.868094,10.318316,7.0310507,7.0134163,9.835758
1,4.9812417,0.0,6.2376924,6.272983,10.827371,13.700523,17.216349,19.603342,22.425512,26.355852,27.626133,31.795576,33.830105,32.41046,31.569937,27.647196,25.751287,22.270763,20.93038,16.01483,15.824855,11.569685,11.327609,12.098081,13.2410555,17.937628,17.509068,21.054026,20.74565,17.608656,21.901772,18.759808,22.80831,25.644382,26.334177,29.442667,30.520164,33.215034,35.046715,32.113358,29.011032,31.847681,27.088839,29.421402,25.951946,29.025145,26.867298,27.284204,27.828838,26.82784,30.436491,34.20876,30.12908,33.804825,35.61977,35.894985,32.765022,33.765587,38.0729,37.415928,32.536217,35.822998,34.12009,35.324833,34.875584,29.179388,29.624893,28.009077,27.723513,24.831953,23.726254,23.940151,21.17443,20.579731,20.082163,16.844393,20.798084,19.209871,20.234447,21.972809,21.820795,25.913574,22.329906,21.599789,20.135147,18.296024,17.49954,14.37524,16.648777,15.628616,19.56454,17.133598,16.120798,20.25362,16.139442,17.056942,13.00488,14.946709,11.165043,13.557023,13.877635,16.223335,16.266636,14.24924,12.09004,9.725493,8.482979,6.790708,10.942222
2,6.3052607,6.2376924,0.0,6.400978,7.2983994,10.183458,13.684742,15.985821,19.42109,22.88249,25.018106,28.78472,31.311625,30.410894,29.897684,25.595348,24.41681,20.414577,19.961939,15.240815,14.811538,11.811584,10.762527,13.967357,15.095124,19.477957,19.23197,22.113533,22.111532,17.895676,21.895262,16.847149,21.783186,22.504505,23.704275,26.34983,27.014765,30.119152,32.18959,30.09073,27.683077,30.524206,26.58983,28.936398,26.425816,29.31415,28.135193,28.405708,29.871557,29.212982,32.751415,36.238598,31.868113,35.440807,36.693806,36.957954,33.07653,33.98251,37.776627,36.83408,31.72782,34.431614,32.15293,33.43359,32.786884,26.820618,27.65482,27.043129,26.728603,25.154148,24.108135,25.742077,23.222082,23.747576,23.230885,19.487316,22.16753,19.441116,19.553028,20.520645,19.110954,22.732206,18.65223,18.404232,18.241055,15.583114,17.203556,14.703767,18.025047,18.18041,22.108694,20.785645,20.500603,24.807665,20.505344,20.547255,16.788351,16.850681,12.713306,13.385258,11.34489,12.301564,11.9488125,9.38928,6.7224436,7.8629756,7.8829474,9.541344,13.518029
3,9.85388,6.272983,6.400978,0.0,5.4969783,8.264288,11.355379,14.227905,16.46083,20.787315,21.820433,25.889357,28.108187,26.870958,26.446821,22.66981,20.416948,16.986092,15.118574,10.559396,9.715529,5.8382697,5.828525,7.8030696,8.69932,13.150267,13.164247,16.203392,16.551516,12.865217,17.476166,14.043522,19.17051,21.709997,23.652704,26.28318,27.734789,30.724167,31.984884,29.74107,26.968132,28.938732,24.693254,26.108036,23.341267,25.065151,23.529232,23.284914,24.56021,24.272194,28.048956,31.785818,28.039553,32.03393,33.549313,34.39798,30.949854,32.45526,36.15414,36.07693,31.249266,34.62435,32.7665,34.58155,34.71077,28.879845,30.203217,28.914188,27.45635,26.078527,23.771578,25.093023,21.548647,21.914408,22.33892,18.926624,22.926079,19.670036,21.247353,21.551647,21.113222,24.889208,20.558947,19.307865,17.994892,14.651599,14.836783,10.902886,13.682041,13.009629,16.633556,15.192244,15.412836,20.119255,16.513481,17.060163,13.247537,14.354547,9.489042,12.838513,11.692434,14.845378,13.05867,10.374392,10.26767,6.97161,9.303884,8.934613,13.460074
4,13.018222,10.827371,7.2983994,5.4969783,0.0,4.438571,6.94959,10.467196,12.847379,17.04909,18.775705,22.357677,25.175217,24.53194,24.644957,20.686592,18.916357,15.146945,13.824111,10.135199,8.517642,7.2718263,5.8914256,10.434576,11.248696,14.637037,15.124615,17.144182,18.03313,13.573599,17.729574,12.659789,18.84831,19.348396,22.269508,24.245274,25.492256,28.886223,30.087341,28.815395,26.754593,28.372763,25.04863,26.105406,24.396336,25.43211,24.913017,24.314651,26.4692,26.661964,30.326868,33.77221,30.015535,33.940235,34.948376,35.940903,31.930601,33.485962,36.57297,36.465076,31.569002,34.483604,32.17933,34.210487,34.361687,28.41436,30.232834,29.753881,28.016262,27.920383,25.464062,27.901764,24.477486,25.67607,26.178307,22.517612,25.653795,21.494722,22.528368,21.935549,20.524206,23.686743,18.840145,17.797768,17.645159,13.116239,15.738832,12.425035,15.857452,16.173834,19.395008,19.006428,19.86452,24.550785,21.050438,21.014214,17.603218,17.366772,12.581779,14.567617,11.355638,13.503605,10.429524,6.735831,8.2160015,7.783841,11.516894,13.004609,17.202139
5,15.314535,13.700523,10.183458,8.264288,4.438571,0.0,3.9600394,6.198282,9.251363,12.967922,14.895897,18.625418,21.237339,20.560467,20.541443,16.419188,15.130638,11.107724,11.038317,7.5069795,7.1198325,7.644476,8.803597,12.387184,12.00568,14.633349,14.200895,15.533865,16.092619,11.178574,14.548437,8.615677,15.034113,15.04073,18.38921,20.130814,21.586647,24.982752,25.909296,24.904734,23.090908,24.359621,21.481041,22.29358,21.168047,22.037243,22.12802,21.628614,24.295845,24.594435,28.022966,31.149109,27.305458,31.085148,31.752638,32.82642,28.564686,30.210804,32.912655,32.95356,28.157389,30.999428,28.66892,30.977667,31.491041,25.676586,27.969793,27.620728,25.229242,26.099388,23.120808,26.27271,22.790695,24.701271,25.53433,21.886307,24.583952,19.635225,20.871141,19.384672,17.980257,20.818914,15.850403,14.412699,14.357358,9.240989,12.829567,10.230795,13.870471,15.186529,18.101236,18.786434,20.058004,24.410381,20.947718,20.215736,17.423956,15.981654,11.681842,12.9123,9.025085,11.530535,7.463366,4.5792513,8.110521,6.9308724,11.664282,13.773131,17.309557
6,19.134846,17.216349,13.684742,11.355379,6.94959,3.9600394,0.0,4.7017717,6.0784407,10.360461,12.177004,15.473459,18.52861,18.286938,18.93147,15.189478,13.691416,10.092437,9.550663,8.075525,6.688291,9.288293,9.889424,13.532467,13.099587,14.580733,14.787731,15.208024,16.44188,11.82116,14.73272,9.194491,15.840516,15.0520735,19.458776,20.51475,22.1306,25.64331,26.06777,25.818562,24.445227,24.937717,22.747965,22.723923,22.334848,21.917366,22.611006,21.523272,24.638458,25.48826,28.850256,31.825666,28.435995,32.27049,32.71418,34.149834,29.849474,31.761969,33.926285,34.35269,29.779985,32.515347,30.132835,32.737293,33.545395,27.894707,30.560295,30.452333,27.604223,29.181011,25.820705,29.282612,25.61674,27.746254,28.883038,25.349234,28.02912,22.755272,24.10784,22.056917,20.509386,22.82986,17.778824,16.21902,16.498571,10.885046,15.008998,12.499063,15.725557,17.046211,19.287495,20.453323,22.197977,26.5472,23.590279,22.8924,20.369125,18.921381,14.797653,16.250093,12.251814,14.432333,9.789521,7.2618203,11.408203,10.7643795,15.588103,17.564873,21.057777
7,20.78739,19.603342,15.985821,14.227905,10.467196,6.198282,4.7017717,0.0,4.889947,6.904158,9.583073,13.060087,15.65653,15.34289,15.571509,11.385469,11.222219,7.2322025,9.607101,8.474894,9.212078,11.962764,14.008756,16.956951,15.769321,16.943998,15.96183,15.871277,16.325779,11.589927,12.97316,6.3973265,12.492411,10.433531,15.218546,15.950636,17.695276,21.165895,21.41704,21.464352,20.472067,20.749775,19.203403,19.168934,19.523615,19.41236,20.822294,20.172525,23.697042,24.41247,27.359812,29.87117,26.225544,29.699455,29.715055,31.037561,26.426897,28.257086,30.018906,30.400236,25.940317,28.440334,25.999651,28.786854,29.871202,24.469963,27.519135,27.617887,24.297674,26.833542,23.230137,27.379112,23.965422,26.75822,28.010271,24.550669,26.5104,20.727509,22.029074,19.189335,17.616146,19.42883,14.535905,12.693779,13.297156,7.632058,12.886054,11.875228,15.029209,17.39393,19.40303,21.438826,23.25972,27.090738,24.01766,22.59335,20.724932,18.067907,14.870337,15.045295,10.815584,12.7390585,7.971005,7.550207,11.968348,11.207177,15.877823,18.382174,21.063828
8,24.404726,22.425512,19.42109,16.46083,12.847379,9.251363,6.0784407,4.889947,0.0,5.397797,6.174841,9.538133,12.495318,12.447897,13.642709,10.572931,9.113516,6.6401815,7.144349,8.909074,8.63139,12.755605,14.627791,16.97263,15.627379,15.446321,15.1700115,14.049773,15.372816,11.541079,12.615045,8.526196,14.06073,12.968593,18.403917,18.613708,20.772047,24.031178,23.455599,23.948885,23.073137,22.274002,21.112123,19.81605,20.606918,18.548174,20.314966,18.766531,22.573368,24.003885,26.94165,29.410757,26.59516,30.270134,30.271389,32.171787,27.91163,30.20417,31.513039,32.623978,28.583908,31.29348,29.121464,32.21653,33.732597,28.607738,31.8471,31.751293,27.937843,30.64518,26.512667,30.453327,26.60456,29.28103,30.98717,27.781454,30.264694,24.446083,26.275331,23.25622,22.098766,23.745676,19.04439,16.954144,17.055552,11.6016,15.525811,13.888685,16.231903,18.109531,19.228004,21.601702,23.934383,27.745821,25.456427,24.348198,22.6985,20.638796,17.422058,18.733612,15.169779,17.57969,12.838658,11.946161,16.389969,14.894566,19.820532,21.638435,24.511866
9,27.613632,26.355852,22.88249,20.787315,17.04909,12.967922,10.360461,6.904158,5.397797,0.0,4.580286,6.656532,9.400931,10.039554,11.2517185,8.170167,9.334494,7.592135,11.054499,12.850025,13.674105,17.49237,19.715687,22.1031,20.509245,20.2679,19.266918,17.765003,18.405449,14.813177,14.189988,9.947739,13.633352,9.975297,15.941556,15.112121,17.20193,20.364645,19.373539,20.921263,20.965609,19.621296,19.857267,18.335909,20.42371,18.446365,21.26783,20.14795,24.353575,25.700933,28.051975,29.847063,26.91386,30.02154,29.379236,31.154621,26.544039,28.675556,29.187893,30.237276,26.507202,28.623627,26.299057,29.573664,31.349567,26.711449,30.36035,30.771273,26.605862,30.504402,26.352858,31.032587,27.640066,30.941975,32.64186,29.51603,31.088781,24.936205,26.416393,22.646069,21.22795,21.925049,17.710375,15.718297,16.584312,11.871192,16.648268,16.564013,18.75152,21.43128,22.327648,25.333244,27.644567,30.983303,28.58324,26.860691,25.756487,22.683245,20.32607,20.319277,16.560518,18.087887,13.717548,14.165395,18.517248,17.742764,22.29573,24.689148,26.91063
10,29.499668,27.626133,25.018106,21.820433,18.775705,14.895897,12.177004,9.583073,6.174841,4.580286,0.0,4.639762,6.4033556,6.4256797,8.338785,6.817147,6.2649264,6.7499595,8.998227,12.462269,13.293195,17.490047,20.20319,21.619524,19.641506,18.417665,17.428392,15.140309,16.04852,13.528193,12.289456,10.66547,13.503058,12.374596,18.058195,17.399542,20.030455,22.717955,21.036737,22.22347,21.908928,19.718102,19.816717,17.20102,19.352314,15.734104,18.736155,16.990108,21.321623,23.164713,25.413223,27.147171,24.95753,28.231527,27.694956,29.985731,25.888666,28.472828,28.806082,30.610094,27.2936,29.889248,28.060522,31.547016,33.756035,29.357016,33.01645,32.88521,28.262617,31.963959,27.26598,31.537615,27.727869,30.868904,33.018574,30.2182,32.358963,26.273634,28.452473,24.693386,24.032316,25.001808,20.999348,18.57912,18.42277,14.004886,17.105627,16.6047,17.944622,20.293633,20.369135,23.748373,26.39924,29.473562,27.777702,26.236137,25.494396,22.867586,20.730547,21.67302,18.763748,21.207087,16.88008,17.118254,21.481028,19.430422,24.136364,25.823997,28.012182
11,33.58972,31.795576,28.78472,25.889357,22.357677,18.625418,15.473459,13.060087,9.538133,6.656532,4.639762,0.0,4.4241605,6.825794,9.9851265,9.93197,10.306858,11.335279,13.193375,16.957003,17.303614,21.680876,23.820438,25.527834,23.768547,22.229107,21.688267,19.116901,20.296425,18.097284,16.674326,15.103501,17.531872,15.028482,20.839508,19.38288,21.728086,24.327143,22.264112,24.488407,24.875948,22.194927,23.269493,20.30747,23.171112,19.010778,22.493479,20.548592,24.955797,27.05467,29.01477,30.375275,28.584423,31.579079,30.696877,33.09245,29.002043,31.554146,31.21527,33.13873,30.16839,32.30052,30.372553,33.93091,36.232666,32.139576,35.987476,36.26257,31.577936,35.825844,31.197803,35.7275,32.07184,35.351482,37.49935,34.697224,36.564274,30.393917,32.31112,28.311657,27.31475,27.72703,23.911865,21.774584,22.204689,17.93101,21.526112,21.224327,22.553816,24.860151,24.729965,28.160597,30.894136,33.926514,32.37934,30.829699,30.1337,27.436897,25.321404,26.020596,22.798716,24.673101,20.31997,20.521585,24.956045,23.647383,28.355654,30.266357,32.493137
12,35.60522,33.830105,31.311625,28.108187,25.175217,21.237339,18.52861,15.65653,12.495318,9.400931,6.4033556,4.4241605,0.0,3.4009533,6.832003,8.705847,9.614136,11.979822,14.386495,18.31458,19.38239,23.569159,26.448765,27.48416,25.289352,23.425913,22.241127,19.312252,19.97709,18.583849,16.040014,16.044401,16.78608,15.274783,20.537148,18.936422,21.63047,23.621462,20.888834,23.050814,23.519175,20.043436,21.654655,17.95713,21.405819,16.530954,20.540716,18.704973,23.153973,25.327576,26.765303,27.615097,26.250498,28.909096,27.761005,30.367088,26.589605,29.309261,28.464256,30.894413,28.481075,30.69455,29.192732,32.91444,35.665386,32.08223,36.028027,36.02535,30.89993,35.447384,30.499224,34.98147,31.372854,34.809216,37.226044,34.76938,36.52319,30.381838,32.64021,28.400576,27.982939,28.238264,24.958855,22.557234,22.457886,19.01483,21.59782,21.857388,22.531992,25.029093,24.347343,28.259989,31.066534,33.535564,32.352905,30.561054,30.457376,27.528038,26.128485,26.737196,24.18874,26.374643,22.393595,23.13911,27.435253,25.388601,29.89494,31.559553,33.30813
13,34.269356,32.41046,30.410894,26.870958,24.53194,20.560467,18.286938,15.34289,12.447897,10.039554,6.4256797,6.825794,3.4009533,0.0,3.7856574,6.629713,7.0975733,10.257199,12.800861,16.634008,18.209526,22.128736,25.569832,26.071947,23.58595,21.669321,19.983242,16.997808,17.26564,16.312326,13.235928,14.404151,14.344121,14.420866,19.249706,18.119751,21.14381,22.901775,20.111996,21.50051,21.496935,17.885262,19.07476,15.065327,18.361961,13.149648,17.203619,15.449897,19.899588,22.02662,23.378162,24.224577,22.912506,25.63494,24.610462,27.334044,23.762932,26.64969,26.014013,28.687433,26.33669,28.944027,27.741137,31.490639,34.39153,30.849936,34.698658,34.281147,28.991287,33.276134,28.11201,32.340996,28.622936,32.00265,34.578594,32.32274,34.250946,28.22361,30.837482,26.680233,26.771755,27.320784,24.180128,21.510399,20.760292,17.70599,19.319155,19.68651,19.928703,22.4539,21.522087,25.633614,28.43826,30.627798,29.620728,27.765959,27.945627,25.04427,24.000465,24.800182,22.834099,25.496107,21.734184,22.66191,26.80236,24.006027,28.37057,29.716213,31.225975
14,33.175953,31.569937,29.897684,26.446821,24.644957,20.541443,18.93147,15.571509,13.642709,11.2517185,8.338785,9.9851265,6.832003,3.7856574,0.0,4.7621555,6.4017725,9.575402,13.124392,16.113455,18.482723,21.88056,25.91749,26.107916,23.35539,21.78644,19.310144,16.603899,16.025768,15.236968,11.328365,13.20796,11.570491,12.761662,16.78613,15.952581,19.217428,20.578094,17.691854,18.438396,18.195005,14.376529,15.562391,11.339428,14.930715,10.12396,14.489662,13.456379,17.844719,19.561726,20.622345,21.240927,19.592161,22.103048,20.960188,23.589848,19.99138,22.902658,22.307343,25.073708,22.840996,25.640078,24.709286,28.474945,31.554686,28.249933,32.045696,31.35636,25.881115,30.215233,24.93347,29.145283,25.578262,29.117472,31.750023,29.702349,31.408386,25.471079,28.26091,24.040998,24.609537,25.187912,22.475943,19.639362,18.403524,16.22112,16.989119,18.05185,17.950588,20.835245,19.87689,24.2222,26.858139,28.640078,27.556759,25.37715,25.966,22.685074,22.304031,22.729662,21.350769,24.171284,20.91665,22.366373,26.189281,22.923258,26.912836,28.163614,29.180105
15,28.916431,27.647196,25.595348,22.66981,20.686592,16.419188,15.189478,11.385469,10.572931,8.170167,6.817147,9.93197,8.705847,6.629713,4.7621555,0.0,5.038757,5.8995624,11.064303,12.853364,15.542382,18.673237,22.67689,23.419537,20.840929,20.152893,17.530605,15.594016,14.824152,12.645392,9.367844,8.936404,8.134762,8.472092,13.007001,12.615766,15.825523,17.769245,15.732719,16.103533,15.602812,12.992292,13.384841,10.600429,13.481413,10.970639,14.55471,14.113897,18.401869,19.539333,21.166265,22.3589,19.573246,22.340475,21.459967,23.503033,19.225855,21.773273,21.993164,23.885262,20.795702,23.581814,22.161537,25.777578,28.423468,24.553951,28.286028,27.776999,22.63746,26.81308,21.81939,26.330784,22.864206,26.495638,28.770763,26.33885,27.86988,21.75423,24.225445,20.05928,20.256273,21.050354,17.962265,15.127189,14.144419,11.549774,13.265922,14.536809,15.236282,18.50583,18.472868,22.458857,24.832308,27.065868,25.217249,22.91998,23.055162,19.418718,18.711102,18.626028,16.786404,19.437859,16.186256,17.831007,21.562227,18.623322,22.588318,24.23334,25.350178
16,27.836935,25.751287,24.41681,20.416948,18.916357,15.130638,13.691416,11.222219,9.113516,9.334494,6.2649264,10.306858,9.614136,7.0975733,6.4017725,5.038757,0.0,4.3659997,6.8260674,9.92515,12.190478,15.57852,19.667374,19.70812,16.999138,15.621587,13.317139,10.886991,10.75305,9.238067,6.514407,8.438529,9.314199,12.342582,16.728952,17.081963,20.255032,22.346222,20.561417,20.216187,18.884212,16.586843,15.539936,12.488177,13.869536,9.792257,12.476952,10.904519,15.235835,16.94198,19.16603,21.044827,18.884588,22.392776,22.222067,24.707354,21.095463,23.993687,24.830112,27.073908,23.91778,27.29203,26.107439,29.598118,32.10369,27.879734,31.300848,30.286623,25.344925,28.422619,23.24461,26.916122,22.797012,25.797863,28.33482,25.973112,28.564209,22.739546,25.746037,22.212698,22.71628,24.286808,20.716778,17.769032,16.0635,12.691763,13.146235,12.780892,13.000561,15.453525,14.941413,18.857508,21.555513,24.049017,22.741676,21.060575,20.95739,18.418743,17.095406,18.607439,17.18484,20.734161,17.0759,17.751995,21.591574,17.735603,22.062584,22.948967,24.59018
17,24.02188,22.270763,20.414577,16.986092,15.146945,11.107724,10.092437,7.2322025,6.6401815,7.592135,6.7499595,11.335279,11.979822,10.257199,9.575402,5.8995624,4.3659997,0.0,6.069082,7.0765386,9.710609,12.825666,16.798315,17.628473,15.218027,15.009199,12.728869,11.4637375,11.213059,7.7335873,6.688037,4.3912573,7.8253984,9.850899,14.394754,15.207113,18.062174,20.641216,19.69075,19.12113,17.646757,16.550861,14.906533,13.359304,14.029231,12.345827,14.220419,13.386636,17.289595,18.34063,20.95579,23.194925,20.110287,23.66692,23.647818,25.559958,21.440567,23.910698,25.34594,26.786394,22.971045,26.191967,24.568823,27.822351,29.841265,25.117794,28.401325,27.61819,23.161015,25.976742,21.231468,25.12849,21.181654,24.200516,26.300625,23.507412,25.92359,19.990734,22.580746,19.237564,19.255539,21.087755,17.086037,14.261632,12.911235,8.70548,10.478744,9.998431,11.439541,14.222931,14.910595,18.21184,20.553919,23.567192,21.410423,19.669119,18.953016,16.117916,14.201796,15.245506,13.133622,16.556158,12.747734,13.4262495,17.25814,13.782104,18.231833,19.598566,21.477861
18,23.832846,20.93038,19.961939,15.118574,13.824111,11.038317,9.550663,9.607101,7.144349,11.054499,8.998227,13.193375,14.386495,12.800861,13.124392,11.064303,6.8260674,6.069082,0.0,5.3377843,5.863197,9.726334,13.315933,13.271412,10.904416,9.577163,8.637532,6.928858,8.594127,6.0236173,7.756434,8.226861,12.508812,15.78875,20.137709,21.226595,23.99172,26.648937,25.735634,24.899979,22.969856,21.913218,19.49985,17.64453,17.208704,14.23397,14.859939,12.763619,16.118073,17.800583,21.04568,23.969702,21.760508,25.902431,26.545305,28.852222,25.462168,28.193176,30.014248,31.795095,28.040754,31.645967,30.215902,33.34893,35.21722,30.256536,33.201694,32.03581,27.914152,29.609495,24.90432,27.78572,23.29524,25.395071,27.661757,24.979641,28.545506,23.187288,26.130928,23.589405,23.770098,26.179527,21.862076,19.193499,17.476418,12.959252,13.3968,10.58916,11.4858265,12.505258,12.740053,15.362301,18.085363,21.641886,20.21604,19.535595,18.279497,17.258928,14.349979,17.474874,15.831283,19.830248,15.772586,14.933,18.670826,14.555589,19.266714,19.618387,22.313667
19,18.65152,16.01483,15.240815,10.559396,10.135199,7.5069795,8.075525,8.474894,8.909074,12.850025,12.462269,16.957003,18.31458,16.634008,16.113455,12.853364,9.92515,7.0765386,5.3377843,0.0,4.1676464,5.858881,10.531091,10.78007,8.434467,9.564288,7.6131005,8.419922,8.652179,3.8132684,7.788464,5.8407106,11.0569,14.840073,18.14745,20.073816,22.522806,25.253412,25.168074,23.506573,21.061535,21.272732,17.86449,17.508566,15.937762,15.51133,15.159411,14.284256,16.896523,17.526798,21.033422,24.28035,21.069532,25.197605,26.1388,27.817663,24.227243,26.52184,29.158146,30.220451,25.969912,29.637066,28.093855,30.840458,32.234543,26.94932,29.474117,28.136265,24.626223,25.48911,21.261469,23.889753,19.546337,21.439062,23.288769,20.311272,23.952492,18.853355,21.649664,19.73639,19.962982,22.94371,18.591087,16.078602,14.0556,9.731487,9.664273,5.9800777,8.1327505,9.387712,11.292809,13.067414,15.142627,19.069668,16.611635,15.840238,13.976705,12.868687,9.332089,12.60186,11.197766,15.599117,12.086863,11.228891,14.28101,9.378825,13.976698,14.3326235,17.151724
20,19.06389,15.824855,14.811538,9.715529,8.517642,7.1198325,6.688291,9.212078,8.63139,13.674105,13.293195,17.303614,19.38239,18.209526,18.482723,15.542382,12.190478,9.710609,5.863197,4.1676464,0.0,4.602672,7.5095716,8.465065,7.0567718,7.976411,8.366812,9.14628,10.861713,7.125562,11.336684,9.277913,15.065003,17.76621,21.606777,23.25262,25.509659,28.521692,28.479746,27.260292,25.034145,25.16324,21.991432,21.417093,20.010387,18.834625,18.473043,16.946829,19.425285,20.454834,24.132582,27.543484,24.763262,29.017199,30.045197,31.865961,28.359499,30.686956,33.24635,34.32712,30.035154,33.57292,31.849527,34.559998,35.760063,30.286512,32.743256,31.633846,28.429892,29.087276,25.146164,27.572437,23.230019,24.711899,26.392868,23.331753,27.216213,22.381508,24.863722,23.230614,22.975155,25.930923,21.253355,19.06378,17.641253,12.797001,13.662511,9.61583,11.689665,11.809128,13.55939,14.462518,16.56471,20.972292,18.808672,18.740467,16.33143,16.221848,12.0294695,15.72082,13.7388735,17.622286,13.710342,11.639371,14.813158,10.986847,15.688437,15.924899,19.466444
21,15.233979,11.569685,11.811584,5.8382697,7.2718263,7.644476,9.288293,11.962764,12.755605,17.49237,17.490047,21.680876,23.569159,22.128736,21.88056,18.673237,15.57852,12.825666,9.726334,5.858881,4.602672,0.0,5.4618874,5.4857697,4.4245834,7.9860463,7.9885836,10.556253,11.462142,7.990742,12.903419,10.998645,16.21777,19.758938,22.567354,24.848974,26.910675,29.79714,30.248323,28.269403,25.537828,26.462585,22.470608,22.755375,20.342201,20.525837,19.198267,18.290062,19.902214,20.2562,24.113543,27.837868,24.709545,28.977379,30.418276,31.87392,28.606745,30.666925,33.891792,34.608425,30.131567,33.83465,32.229412,34.579273,35.429558,29.836626,31.771473,30.290411,27.70402,27.23607,23.784273,25.439665,21.187777,22.00562,23.362738,20.288885,24.625721,20.530214,23.014547,22.279514,22.32292,25.815037,21.350218,19.367765,17.511274,13.497951,13.113765,8.433749,10.578268,9.80349,12.569288,12.1416645,13.542211,18.273346,15.628579,16.035555,12.972302,13.862011,9.176549,13.681935,12.646943,16.788473,13.832247,11.603865,13.467536,8.747204,12.678103,12.088893,15.959706
22,15.272782,11.327609,10.762527,5.828525,5.8914256,8.803597,9.889424,14.008756,14.627791,19.715687,20.20319,23.820438,26.448765,25.569832,25.91749,22.67689,19.667374,16.798315,13.315933,10.531091,7.5095716,5.4618874,0.0,5.3187914,7.323816,10.514634,12.502172,14.764346,16.445633,13.214027,18.037325,15.202906,21.106932,23.273766,26.437433,28.480658,30.17606,33.396847,34.11919,32.590397,30.146435,31.242113,27.514465,27.883642,25.711788,25.675209,24.525146,23.303055,24.911024,25.456245,29.372149,33.161564,30.158772,34.435974,35.86579,37.280388,33.884007,35.82481,39.026066,39.508133,34.85709,38.276196,36.353783,38.55252,39.01256,33.181877,34.947906,33.888462,31.859747,31.203503,28.321201,29.932642,25.96104,26.467085,27.37675,24.145716,28.338957,24.599985,26.414099,26.041353,25.366003,28.76319,24.026953,22.565512,21.542427,17.111666,18.027258,13.604588,15.996844,14.90449,17.568123,16.390905,17.434345,22.378115,19.80391,20.714624,17.196991,18.588995,13.673707,17.590487,15.713869,18.804825,15.759015,12.392889,13.813697,11.439802,14.868016,14.584555,19.023901
23,16.768606,12.098081,13.967357,7.8030696,10.434576,12.387184,13.532467,16.956951,16.97263,22.1031,21.619524,25.527834,27.48416,26.071947,26.107916,23.419537,19.70812,17.628473,13.271412,10.78007,8.465065,5.4857697,5.3187914,0.0,3.4009492,6.8698144,9.198765,12.0587635,13.714668,11.983211,16.927008,16.332483,21.197416,25.191616,27.988216,30.311502,32.395176,35.25639,35.649548,33.540592,30.617863,31.453905,27.21255,27.262774,24.45805,24.076529,22.123775,20.775444,21.595316,22.125488,26.131126,30.152908,27.678864,32.107086,33.949276,35.57059,32.842995,35.005657,38.420185,39.336506,34.982464,38.878376,37.439156,39.70127,40.47239,34.8823,36.540493,34.799637,32.49642,31.274342,28.02945,28.813187,24.475986,24.396957,25.719912,23.025515,28.007292,24.713923,27.29817,27.13144,27.347221,31.008926,26.602053,24.734512,22.743238,18.967247,17.948677,13.072981,14.21168,11.896028,14.035878,12.087923,13.19257,18.112642,16.375101,17.967592,14.679089,17.324184,12.888663,18.07737,17.665741,21.630835,18.942808,16.25055,17.515665,13.302112,16.238083,14.53569,18.59084
24,17.591045,13.2410555,15.095124,8.69932,11.248696,12.00568,13.099587,15.769321,15.627379,20.509245,19.641506,23.768547,25.289352,23.58595,23.35539,20.840929,16.999138,15.218027,10.904416,8.434467,7.0567718,4.4245834,7.323816,3.4009492,0.0,4.6980624,5.848452,8.952224,10.331278,8.897777,13.757314,14.105678,18.415977,23.144932,25.855045,28.196249,30.509682,33.17133,33.311413,31.06083,28.047398,28.619806,24.346434,24.155191,21.31568,20.751497,18.728424,17.409678,18.271547,18.831356,22.82737,26.809992,24.388132,28.8452,30.665426,32.405388,29.780224,32.07948,35.396526,36.547207,32.364315,36.408493,35.162373,37.564102,38.62433,33.221508,35.049618,33.11899,30.392004,29.445328,25.774845,26.654018,22.103336,22.283703,23.981632,21.429813,26.447006,22.86334,25.852924,25.347647,25.945969,29.552633,25.303741,23.137602,20.737694,17.182755,15.459664,10.562766,11.205224,8.884369,10.7905245,9.463689,11.117025,15.917265,14.336819,15.602595,12.765176,15.082431,10.997336,16.449335,16.448883,20.871323,18.130898,16.02676,17.676857,12.537525,15.765947,14.018452,17.620996
25,22.25613,17.937628,19.477957,13.150267,14.637037,14.633349,14.580733,16.943998,15.446321,20.2679,18.417665,22.229107,23.425913,21.669321,21.78644,20.152893,15.621587,15.009199,9.577163,9.564288,7.976411,7.9860463,10.514634,6.8698144,4.6980624,0.0,4.8029785,6.0918245,8.863745,9.15573,13.192152,15.237276,19.079851,24.121243,27.388304,29.332752,31.964619,34.517735,34.058502,32.14806,29.30631,29.013443,25.172047,23.961592,21.604095,19.33834,17.551067,15.319909,16.29835,17.70844,21.604452,25.478132,23.963638,28.522646,30.269993,32.5352,30.217352,32.905357,35.737576,37.511986,33.711296,37.874146,36.81375,39.530296,41.024605,35.84607,38.011017,36.04777,32.718533,32.35513,28.12529,29.148483,24.33944,24.72771,26.926086,24.697174,29.72924,25.822176,29.15369,28.094297,28.858147,32.17912,27.92518,25.475094,22.978724,19.21522,17.42004,12.839483,12.612955,10.331205,10.422135,10.145799,12.686186,16.858086,16.513716,17.724653,15.729418,17.798311,14.363715,19.728073,19.637493,24.175484,20.942118,19.024523,21.385973,16.297344,19.94153,18.32815,21.569653
26,21.259563,17.509068,19.23197,13.164247,15.124615,14.200895,14.787731,15.96183,15.1700115,19.266918,17.428392,21.688267,22.241127,19.983242,19.310144,17.530605,13.317139,12.728869,8.637532,7.6131005,8.366812,7.9885836,12.502172,9.198765,5.848452,4.8029785,0.0,3.9115086,4.6188774,5.5512295,9.2908125,12.541862,15.174793,21.322401,23.930813,26.13589,28.90078,31.118227,30.625423,28.227753,25.129707,24.917614,20.760399,19.73358,16.971634,15.399804,13.205892,11.622536,12.543744,13.47251,17.413654,21.297037,19.336298,23.87738,25.65897,27.801556,25.544273,28.214367,31.188663,32.973743,29.284748,33.600662,32.790817,35.488976,37.155933,32.232105,34.38632,32.140083,28.575796,28.251244,23.76526,24.768856,19.884628,20.545948,23.006186,20.946352,25.867908,21.877,25.56332,24.37256,25.67321,29.011612,25.16502,22.500841,19.437399,16.468285,13.4328575,9.206863,8.103379,6.0374217,5.986229,7.0457015,9.933398,13.712563,13.071509,13.631772,12.26902,13.731502,11.104881,16.362545,17.07469,21.961521,19.184755,18.136436,20.363024,14.40772,17.790054,16.11443,18.616549
27,24.654013,21.054026,22.113533,16.203392,17.144182,15.533865,15.208024,15.871277,14.049773,17.765003,15.140309,19.116901,19.312252,16.997808,16.603899,15.594016,10.886991,11.4637375,6.928858,8.419922,9.14628,10.556253,14.764346,12.0587635,8.952224,6.0918245,3.9115086,0.0,3.8323925,6.107248,8.171485,12.628359,14.85098,20.795607,23.974953,25.692799,28.679039,30.823582,29.801987,27.899311,25.150427,24.107868,20.638466,18.629086,16.730865,13.395628,12.001924,9.418078,11.207802,13.098121,16.732635,20.263584,18.954031,23.454727,24.91069,27.489876,25.25741,28.225319,30.581326,32.8424,29.474195,33.725594,32.973007,35.96233,37.988564,33.27866,35.799767,33.730648,29.641779,30.139977,25.24628,26.74075,21.833618,22.986738,25.715353,23.758722,28.327171,23.875757,27.621454,25.798378,27.034533,29.976664,26.127016,23.285807,20.390944,17.16508,14.667474,11.173072,9.9166565,8.968238,7.5099397,10.034332,13.178312,16.252443,16.18199,16.308752,15.575841,16.216589,14.025187,18.655704,18.896849,23.651684,20.423504,19.587814,22.441587,16.85504,20.685242,19.500816,21.825977
28,23.895025,20.74565,22.111532,16.551516,18.03313,16.092619,16.44188,16.325779,15.372816,18.405449,16.04852,20.296425,19.97709,17.26564,16.025768,14.824152,10.75305,11.213059,8.594127,8.652179,10.861713,11.462142,16.445633,13.714668,10.331278,8.863745,4.6188774,3.8323925,0.0,5.0867205,5.954247,11.714676,12.454318,19.521023,21.887144,23.924349,26.970098,28.778385,27.814754,25.338259,22.270031,21.418615,17.50396,15.785278,13.265051,10.877628,8.728098,7.101002,8.617386,9.827257,13.542661,17.155954,15.340831,19.86375,21.449768,23.87199,21.768593,24.697056,27.306498,29.536312,26.261887,30.686785,30.197165,33.101448,35.22127,30.750303,33.159588,30.786734,26.598558,26.953123,21.918787,23.23913,18.317392,19.611128,22.523594,20.80429,25.270224,20.93553,24.964443,23.174456,24.931606,27.928415,24.517107,21.566614,18.144638,15.867192,12.083802,9.259535,6.962343,6.5750103,4.6040597,8.462204,11.458482,13.901296,13.645037,13.206363,13.164369,13.304913,12.104564,16.427137,17.502888,22.427282,19.779934,19.607515,22.109003,16.009218,19.330114,18.01282,19.633055
29,20.348093,17.608656,17.895676,12.865217,13.573599,11.178574,11.82116,11.589927,11.541079,14.813177,13.528193,18.097284,18.583849,16.312326,15.236968,12.645392,9.238067,7.7335873,6.0236173,3.8132684,7.125562,7.990742,13.214027,11.983211,8.897777,9.15573,5.5512295,6.107248,5.0867205,0.0,4.9956627,7.1455545,9.949954,15.786491,18.496973,20.599798,23.372993,25.63631,25.186947,23.006731,20.177988,20.016218,16.207327,15.415478,13.3110485,12.535233,11.56772,10.771476,13.130781,13.72744,17.266714,20.606216,17.639635,21.917469,23.08389,24.985392,21.876678,24.424326,27.134966,28.638163,24.733969,28.790184,27.723427,30.550425,32.293987,27.373474,29.861763,28.00335,24.112114,24.792757,20.102695,22.280912,17.62835,19.44206,21.777065,19.281754,23.253887,18.349499,21.812653,19.883038,20.947557,23.974348,20.132915,17.328003,14.424981,11.275305,8.880307,5.424295,5.5208845,6.8158555,7.8655543,10.546109,12.941335,16.305021,14.428494,13.524224,12.461821,11.507558,9.097545,12.889962,12.912842,17.706821,14.778935,14.548499,17.225704,11.4846525,15.395234,14.984577,17.110394
30,24.063406,21.901772,21.895262,17.476166,17.729574,14.548437,14.73272,12.97316,12.615045,14.189988,12.289456,16.674326,16.040014,13.235928,11.328365,9.367844,6.514407,6.688037,7.756434,7.788464,11.336684,12.903419,18.037325,16.927008,13.757314,13.192152,9.2908125,8.171485,5.954247,4.9956627,0.0,7.481427,6.8911448,13.88212,16.373142,18.124395,21.275925,23.027327,21.914278,19.774147,17.11477,15.978829,12.717991,10.837717,9.571182,7.7501926,7.937609,7.5782785,10.935788,11.677613,14.483155,17.144459,14.220518,18.25522,18.947746,21.147741,17.99569,20.8587,22.969326,25.005672,21.595186,25.707092,24.975124,28.105658,30.425112,26.097277,28.944942,27.046797,22.372698,24.083637,18.798788,21.520113,17.022486,19.61237,22.334206,20.253117,23.50515,18.229647,21.939056,19.194664,20.719255,23.17082,19.933317,16.82652,13.653587,11.541177,8.647749,7.950943,6.8567414,9.51866,9.116141,13.203309,15.642543,17.814587,16.398836,14.619961,14.8755,12.606492,11.984416,14.272998,14.593947,19.084665,16.396238,17.208899,20.098272,14.681352,18.260952,18.234064,19.3858
31,20.035345,18.759808,16.847149,14.043522,12.659789,8.615677,9.194491,6.3973265,8.526196,9.947739,10.66547,15.103501,16.044401,14.404151,13.20796,8.936404,8.438529,4.3912573,8.226861,5.8407106,9.277913,10.998645,15.202906,16.332483,14.105678,15.237276,12.541862,12.628359,11.714676,7.1455545,7.481427,0.0,6.6672506,9.065479,12.465123,14.233826,16.733643,19.445114,19.40016,17.996046,16.010403,16.301815,13.647628,13.747515,13.296047,14.058796,14.967246,15.0445795,18.292229,18.539715,21.34976,23.854452,19.93813,23.448715,23.687975,25.00373,20.664793,22.689945,24.895994,25.606909,21.25962,24.517708,22.725044,25.624409,27.185375,22.073008,25.034956,24.153675,20.210426,22.414919,18.079737,21.944794,18.201233,21.17147,22.868784,19.786728,22.072426,16.189243,18.579508,15.628803,15.600706,17.990025,13.828889,11.038105,9.394907,4.8719544,7.050915,6.821752,9.36329,12.521179,14.332531,16.99953,18.796082,21.972893,19.016253,17.09881,16.005737,12.750144,10.64349,11.027108,8.784869,12.548781,9.161094,10.247984,13.535886,9.735807,13.967767,15.641647,17.427507
32,23.553041,22.80831,21.783186,19.17051,18.84831,15.034113,15.840516,12.492411,14.06073,13.633352,13.503058,17.531872,16.78608,14.344121,11.570491,8.134762,9.314199,7.8253984,12.508812,11.0569,15.065003,16.21777,21.106932,21.197416,18.415977,19.079851,15.174793,14.85098,12.454318,9.949954,6.8911448,6.6672506,0.0,8.596652,9.642531,11.761213,14.8546095,16.35492,15.674696,13.124218,10.5643015,10.280653,7.2192283,7.352011,7.2881975,9.879519,11.285276,12.828329,15.888526,15.49996,17.32738,19.024366,14.64162,17.536364,17.362356,18.54679,14.079024,16.276731,18.333424,19.444376,15.532157,19.259962,18.205908,21.363678,23.70341,19.527748,22.6557,21.169014,16.18858,19.217382,14.042908,18.26766,14.800557,18.564613,20.714926,18.387209,19.919228,13.972485,17.078766,13.412298,14.930203,16.835539,14.284165,11.097514,7.919184,7.7985587,5.9076357,9.063429,9.429071,13.455875,14.316893,17.924105,19.547909,21.323025,18.740564,15.863902,16.393148,11.933252,12.533939,11.653002,11.679628,15.174834,13.487037,15.8498,18.283474,13.984424,16.770645,18.006533,18.162243
33,25.465523,25.644382,22.504505,21.709997,19.348396,15.04073,15.0520735,10.433531,12.968593,9.975297,12.374596,15.028482,15.274783,14.420866,12.761662,8.472092,12.342582,9.850899,15.78875,14.840073,17.76621,19.758938,23.273766,25.191616,23.144932,24.121243,21.322401,20.795607,19.521023,15.786491,13.88212,9.065479,8.596652,0.0,5.9969635,5.698052,8.240642,11.1500025,11.034087,11.442704,11.647273,11.691952,12.24141,12.880672,15.091036,16.816689,19.437649,20.300444,23.959532,23.978466,25.655045,26.883276,22.624311,24.782864,23.740225,24.42026,19.165842,20.456947,21.247587,21.228107,17.136587,18.902693,16.417011,19.623585,21.491901,17.135628,20.978487,21.428621,17.034498,21.889181,18.076923,23.542482,21.241323,25.264639,26.566418,23.651049,23.658936,17.439648,18.448137,13.944288,12.898948,13.000632,9.993721,7.6189733,8.757776,7.371107,11.901856,14.712829,16.778543,20.62646,22.090134,25.277292,26.855433,29.284698,26.113846,23.336576,23.031054,18.303522,17.80466,15.21065,12.362276,13.10871,11.031521,14.127975,16.97252,15.919082,18.895065,21.811846,22.421335
34,25.299637,26.334177,23.704275,23.652704,22.269508,18.38921,19.458776,15.218546,18.403917,15.941556,18.058195,20.839508,20.537148,19.249706,16.78613,13.007001,16.728952,14.394754,20.137709,18.14745,21.606777,22.567354,26.437433,27.988216,25.855045,27.388304,23.930813,23.974953,21.887144,18.496973,16.373142,12.465123,9.642531,5.9969635,0.0,3.9466674,5.8110943,7.4236064,8.786383,6.8563952,6.8473134,9.236658,9.580137,12.443856,14.04476,18.279884,20.293894,22.237154,25.217848,24.394238,25.585075,26.450449,21.510027,22.86958,21.690464,21.406069,15.945085,16.314697,17.57546,16.435078,11.925887,13.406956,10.798937,13.824719,15.725357,11.6082115,15.515032,15.843651,11.283477,16.89476,13.610253,19.496552,18.275284,22.592121,23.490849,20.892796,19.621284,13.755397,14.258133,9.337737,9.071069,8.643553,7.856032,5.8218594,6.535041,9.329988,11.782859,15.980542,17.649792,21.714321,23.42556,26.411995,27.427595,29.178562,25.666624,22.391685,22.627337,17.221436,18.104328,14.003229,12.574919,12.655156,12.83694,16.687529,18.191498,16.99657,18.481596,21.410288,20.810658
35,28.523027,29.442667,26.34983,26.28318,24.245274,20.130814,20.51475,15.950636,18.613708,15.112121,17.399542,19.38288,18.936422,18.119751,15.952581,12.615766,17.081963,15.207113,21.226595,20.073816,23.25262,24.848974,28.480658,30.311502,28.196249,29.332752,26.13589,25.692799,23.924349,20.599798,18.124395,14.233826,11.761213,5.698052,3.9466674,0.0,3.4821122,5.489848,5.9281626,6.996908,9.00227,9.632152,11.96263,13.583325,16.393017,19.3807,22.15269,23.72974,27.105354,26.675219,27.68051,28.217474,23.703436,24.869146,23.24422,23.204779,17.7496,18.222507,18.337488,17.477097,13.726456,14.299747,11.494584,14.774817,16.94442,13.613762,17.779934,18.792583,14.298806,20.480446,17.294802,23.21353,21.992996,26.364063,27.382048,24.824629,23.489662,17.691084,17.970655,13.063199,12.152929,10.613808,9.985659,8.558261,10.231176,11.662487,15.010636,18.85763,20.53436,24.599184,26.002419,29.277632,30.565138,32.39852,29.113592,25.898037,26.134731,20.843403,21.412582,17.664127,15.604222,15.259009,14.793155,18.466425,20.462557,19.883894,21.827562,24.915434,24.605764
36,29.092045,30.520164,27.014765,27.734789,25.492256,21.586647,22.1306,17.695276,20.772047,17.20193,20.030455,21.728086,21.63047,21.14381,19.217428,15.825523,20.255032,18.062174,23.99172,22.522806,25.509659,26.910675,30.17606,32.395176,30.509682,31.964619,28.90078,28.679039,26.970098,23.372993,21.275925,16.733643,14.8546095,8.240642,5.8110943,3.4821122,0.0,3.9260757,6.530714,8.279428,10.847834,12.360827,14.683344,16.855843,19.407494,22.822342,25.45189,27.106615,30.407406,29.83834,30.859804,31.386003,26.699963,27.661945,25.992794,25.570421,20.112516,20.0598,20.15875,18.50632,14.780053,14.324323,10.928294,13.649098,15.203774,12.019598,16.192583,18.072641,14.400694,20.75675,18.464977,24.456017,23.792566,28.108826,28.720438,26.072683,24.081533,18.637402,18.018528,13.344004,11.575943,8.938364,9.250311,8.984425,11.768048,13.475818,17.357185,21.1984,23.177261,27.20008,28.90563,31.930408,33.030426,34.947495,31.37383,28.14873,28.19607,22.845884,23.34972,19.043262,16.688416,15.262336,15.462223,19.25218,20.780624,21.189966,22.68605,26.146997,25.724068
