,0,1,2,3,4,5,6,7,8,9,10,11,12,13,14,15,16,17,18,19,20,21,22,23,24,25,26,27,28,29,30,31,32,33,34,35,36,37,38,39,40,41,42,43,44,45,46,47,48,49,50,51,52,53,54,55,56,57,58,59,60,61,62,63,64,65,66,67,68,69,70,71,72,73,74,75,76,77,78,79,80,81,82,83,84,85,86,87,88,89,90,91,92,93,94,95,96,97,98,99,100,101,102,103,104,105,106,107,108
0,0.0,4.918733,6.3630066,10.091776,13.031123,15.494096,18.231485,20.62017,23.16373,26.182722,28.68337,30.616991,33.742218,36.19768,35.904823,37.049694,39.20824,38.253384,41.71308,38.384197,42.543564,41.35176,46.104126,45.24336,42.34983,42.695385,37.882767,37.60417,34.00977,34.309647,29.685492,32.932007,26.413637,30.293604,25.878658,27.062523,28.811323,25.944025,22.755634,21.08602,21.685255,16.872473,20.80229,17.591557,21.387236,19.735952,23.572962,27.274673,28.322952,27.686205,25.604725,22.463747,21.816034,19.971037,17.135891,16.756762,16.913626,17.424479,12.349615,16.514063,19.840311,21.274588,24.238214,26.106243,30.354317,31.623829,34.131733,32.144592,26.707092,31.165276,27.011583,29.265366,28.801497,32.068592,34.536816,34.834225,34.46471,30.768814,33.991062,30.336609,33.455727,33.30478,34.412544,32.06773,29.028858,33.476738,29.884033,33.993786,32.177353,35.041447,34.29542,38.127377,38.042595,33.080894,34.790863,31.616465,35.309814,31.487587,35.642292,33.75965,36.86799,39.08316,39.23346,42.028664,44.67775,39.244934,41.41883,41.403225,39.423016
1,4.918733,0.0,6.2808356,6.1528997,10.5165615,13.668988,15.55216,18.740704,20.528831,23.742283,26.400047,27.738218,31.085754,33.812523,33.92976,34.72965,37.392456,36.25385,40.218506,37.013767,41.14735,40.28328,44.94043,44.53047,41.69937,42.015915,37.363033,37.03593,33.61488,33.23868,28.699013,30.990011,24.540798,27.165756,22.655912,23.37055,24.894703,21.854353,18.53875,17.59292,19.017551,14.292015,19.211174,16.38447,20.882366,19.882969,24.053648,27.491934,29.127966,28.285732,26.80915,24.324629,22.661013,21.491886,18.512468,17.566397,16.280813,16.343445,10.956728,14.095876,17.147095,17.875343,20.538792,22.518562,26.874485,28.359581,31.100405,29.699432,24.278547,29.583408,25.565573,28.71461,28.376934,32.102734,34.298424,34.129047,33.2762,29.149185,31.876106,27.822805,30.537493,29.88929,31.235699,29.141817,26.654474,31.145895,28.450178,32.862705,31.555773,34.786926,34.477097,38.47221,38.747757,33.96401,35.02174,31.580952,34.95372,30.593946,34.503017,32.051098,34.63442,36.390293,36.586235,39.54029,42.38026,37.387077,39.655075,40.15918,38.210335
2,6.3630066,6.2808356,0.0,6.6422787,7.2051663,9.50842,12.479631,14.800448,17.781384,20.231756,23.001734,25.201319,28.104925,30.491201,30.325409,31.847263,34.025326,33.496555,37.017883,34.28058,38.479023,37.797306,42.750652,41.68939,38.6358,38.458874,33.75901,33.00428,29.621056,29.928358,25.07765,28.39149,22.145933,25.954628,22.486237,23.408278,25.682596,23.420668,19.763666,18.928263,19.685,14.240232,18.188156,13.9733095,18.430075,15.387936,19.703384,22.993479,24.78818,24.626835,23.224533,20.771025,20.084488,19.607834,17.318104,17.71964,16.324625,17.70813,13.101505,17.300854,19.038507,21.030918,23.124292,25.782368,30.165154,30.46854,33.57068,31.998066,26.242376,31.025795,26.199965,29.149899,27.766747,31.33837,34.033604,33.711506,33.97917,29.425137,32.699684,28.692526,31.212788,31.119133,31.436,28.968754,25.95071,29.749989,26.529602,30.471258,28.673098,31.702696,30.685778,34.704582,35.43341,31.011406,32.575012,29.464207,32.89881,29.037018,32.650684,31.174698,33.774364,36.231857,35.69497,38.187557,41.29471,35.9653,38.76002,38.951687,37.59989
3,10.091776,6.1528997,6.6422787,0.0,5.416721,8.779265,9.759067,13.4910145,14.805462,17.927187,20.731276,21.822342,25.187614,28.025581,28.437603,29.209696,32.16462,31.161871,35.43263,32.68538,36.79376,36.45149,41.151745,40.864674,37.995567,37.977383,33.545048,32.926212,29.791296,28.971766,24.439238,26.10306,19.956287,21.752829,17.908957,18.186932,20.065722,17.50305,13.695316,13.8537035,15.81485,10.771516,16.13675,13.035666,18.21414,16.99603,21.427744,24.324524,26.722956,26.020226,25.386515,23.813831,21.554607,21.682854,19.1245,18.513144,15.486803,16.042364,11.478565,13.93912,15.110205,16.107592,17.70038,20.475,24.906294,25.500952,28.831524,28.019497,22.423405,28.230043,23.792812,27.83383,26.853989,30.957926,33.15447,32.29331,31.734295,26.786783,29.294136,24.826426,26.833937,26.043554,26.818636,24.748316,22.579273,26.573996,24.688477,29.100176,28.139883,31.647884,31.463596,35.605213,36.591484,32.334923,32.89162,29.403275,32.35751,27.741026,31.072935,28.636795,30.548182,32.261517,31.9613,34.766384,38.010963,33.337273,36.085697,36.996014,35.546337
4,13.031123,10.5165615,7.2051663,5.416721,0.0,4.138222,5.6683226,9.183928,11.569859,13.653665,16.860638,18.64873,21.5873,24.201538,24.578934,26.034935,28.735485,28.372307,32.411842,30.318935,34.444965,34.495205,39.421104,38.660717,35.60834,35.01877,30.67295,29.530716,26.594242,26.158749,21.377546,23.603746,17.900223,20.229654,17.801104,17.98857,20.569756,18.953218,14.927469,15.667159,17.152931,11.871771,16.159767,11.948973,17.13883,14.080822,18.654331,21.068802,23.952618,23.899733,23.687006,22.525461,20.869923,21.89775,20.017672,20.375072,17.064814,18.581509,14.883723,17.792192,17.722536,19.56276,20.418892,23.712757,28.023233,27.568096,31.236002,30.492594,24.779438,30.199453,25.192085,29.229204,27.343586,31.365198,33.887978,32.72637,33.07033,27.671778,30.452751,25.992506,27.545244,27.12218,26.869967,24.572191,22.180313,25.28108,23.375912,27.32447,26.122824,29.542246,28.821133,33.00751,34.638836,30.916145,31.68103,28.487213,31.289948,27.041914,29.856377,28.237946,29.852686,32.06473,30.974838,33.30829,36.926147,32.17516,35.503876,36.319847,35.5201
5,15.494096,13.668988,9.50842,8.779265,4.138222,0.0,3.8492477,5.4043226,8.733978,10.787294,13.550764,15.981981,18.669195,21.007524,21.004953,22.702772,25.05131,24.872587,28.635626,26.67467,30.808111,30.917414,35.939167,34.921463,31.80391,31.051386,26.714828,25.459446,22.554789,22.304243,17.441555,20.154408,14.630595,18.0043,16.302105,16.92202,19.928368,19.001879,15.309093,15.509281,16.187317,11.125582,14.089651,9.426366,14.261347,10.532743,15.018056,17.128565,20.251432,20.388235,20.55803,19.924757,18.313898,20.0795,18.756113,19.668968,16.09843,18.23999,15.562041,18.627592,17.62098,20.287827,20.780989,24.317003,28.430502,27.092476,30.834606,29.920723,24.203833,29.056936,23.714272,27.611208,25.13264,29.037947,31.724016,30.386436,31.37433,25.81188,28.850187,24.59498,26.030659,26.136265,25.174856,22.633375,19.870625,22.465721,20.244041,23.868011,22.5068,25.84915,24.954077,29.13967,31.045073,27.646526,28.407606,25.398733,28.073002,24.108202,26.646145,25.600765,27.223688,29.884346,28.413464,30.454126,34.103428,29.161734,32.722385,33.35815,32.91988
6,18.231485,15.55216,12.479631,9.759067,5.6683226,3.8492477,0.0,4.6839685,6.1187778,8.205812,11.334722,13.000097,15.930459,18.607313,19.165123,20.527693,23.450106,23.183975,27.4493,25.810856,29.82587,30.367735,35.229733,34.615726,31.604734,30.751007,26.733398,25.38831,22.843819,21.852556,17.305498,18.72183,13.706803,15.30463,14.193645,14.11798,17.150032,16.563585,12.79524,14.175008,15.51184,11.137896,14.380892,10.646272,15.488866,12.8376045,16.991112,18.518492,22.054201,22.030033,22.7725,22.709105,20.453547,22.60515,21.274334,21.80384,17.530128,19.31261,16.974682,19.066973,17.365068,19.535217,19.33016,23.030064,27.004847,25.488483,29.458366,29.124645,23.624802,28.912968,23.785126,28.28373,25.870222,29.997185,32.40714,30.654,31.35323,25.485226,28.005644,23.5028,24.304966,24.018139,22.941845,20.660646,18.579826,20.831633,19.798449,23.50103,22.734367,26.307238,25.840374,30.021206,32.268635,29.204996,29.36377,26.26886,28.498632,24.21974,26.287798,24.855022,25.771088,28.022322,26.387186,28.451841,32.36623,27.961609,31.68835,32.8184,32.552097
7,20.62017,18.740704,14.800448,13.4910145,9.183928,5.4043226,4.6839685,0.0,4.6839905,6.2334466,8.283596,11.276052,13.620056,15.745211,15.602295,17.46055,19.733448,19.813812,23.575909,22.133677,26.167372,26.745865,31.758598,30.702234,27.58158,26.478195,22.441498,20.900904,18.388454,17.786306,13.079693,15.442244,10.84312,14.290301,14.269944,14.904191,18.289972,18.48086,15.363678,15.760664,15.931444,12.102664,13.327958,9.365094,13.108778,9.629377,13.260715,14.216495,18.024696,18.327198,19.528675,20.08377,18.10892,21.003422,20.37108,21.55983,17.391243,19.816782,18.485699,20.90346,18.54298,21.583956,21.204233,24.979992,28.677269,26.257586,30.167768,29.508177,24.094797,28.486345,23.042732,27.124027,24.017582,27.860586,30.491028,28.625004,30.184322,24.294386,27.18686,23.102919,23.856756,24.326483,22.381815,19.787132,17.144512,18.608732,16.972466,20.09,19.012804,22.39707,21.599726,25.74555,28.330093,25.710958,25.96698,23.199749,25.28091,21.527426,23.223959,22.70306,23.723001,26.635786,24.511662,26.12156,30.016289,25.290785,29.28932,30.075092,30.273954
8,23.16373,20.528831,17.781384,14.805462,11.569859,8.733978,6.1187778,4.6839905,0.0,5.1578054,6.1580973,7.509064,10.664546,13.347469,13.76867,14.562854,17.706282,17.180906,21.716251,20.266829,24.14509,25.065031,29.777956,29.439207,26.560448,25.668058,22.03307,20.76398,18.645454,16.766947,12.807959,12.8890505,8.805396,9.844755,10.505118,10.640029,14.083995,14.872712,12.22066,13.291913,13.864079,11.349517,12.515112,10.2852,13.736281,12.6792965,15.680105,16.174154,20.06574,19.777527,21.521694,22.656557,19.650885,22.783043,22.050005,22.644793,17.745314,19.66381,18.97636,20.234026,16.997572,19.612377,18.435482,22.28875,25.66897,22.877424,26.951023,26.86425,21.816177,26.526842,21.452753,26.186878,23.310156,27.397451,29.586174,27.256048,28.346384,22.20022,24.43812,20.160452,20.224474,20.389492,18.27955,15.940374,14.095171,15.2945595,15.218071,18.591043,18.452383,22.146097,22.237543,26.286207,28.970821,26.603485,25.960073,23.008446,24.520302,20.277447,21.49821,20.26369,20.498005,22.893213,20.742031,22.539366,26.618822,22.493086,26.53059,27.931553,28.184412
9,26.182722,23.742283,20.231756,17.927187,13.653665,10.787294,8.205812,6.2334466,5.1578054,0.0,4.3761425,6.7379217,8.405485,10.79233,11.82966,13.888219,16.826572,17.527027,21.714603,21.596388,25.193535,26.791039,31.496946,30.729298,27.768309,26.050371,22.8593,20.773241,19.286434,17.893658,14.141099,14.4533415,12.283922,12.562341,15.003753,14.457476,17.775974,19.015379,16.281246,18.249937,18.993177,16.37579,17.352358,14.62608,17.675554,14.922496,17.610327,17.284367,21.539677,22.066141,24.075098,25.362993,23.193441,26.563486,26.124615,27.144327,22.524523,24.64906,23.679451,25.215132,22.1358,24.557983,23.204247,27.060547,30.350746,27.437557,31.579226,31.744394,26.855663,31.402857,26.31287,30.868877,27.633965,31.484108,33.80658,31.354513,32.90754,26.748493,28.899738,24.778555,24.324022,24.415995,21.770378,19.679792,18.239231,18.182478,18.60731,21.081879,20.818926,24.156136,23.619444,27.500004,30.892012,29.203854,28.799578,26.292631,27.534197,23.884457,24.398596,23.948458,23.598433,26.052813,23.167013,24.279423,28.73164,25.06409,29.524998,30.937416,31.798265
10,28.68337,26.400047,23.001734,20.731276,16.860638,13.550764,11.334722,8.283596,6.1580973,4.3761425,0.0,4.4944673,5.542877,7.517377,7.8960586,9.718635,12.56394,13.17174,17.37292,17.396307,20.886354,22.682814,27.300531,26.597355,23.721346,21.986765,19.06381,17.066925,15.921683,13.979539,10.872719,10.373536,9.658289,10.278814,13.898186,13.871905,17.18881,19.127151,17.229586,18.429384,18.419794,16.852818,16.408308,14.62839,16.459585,14.810506,16.486307,15.438971,19.698734,20.029732,22.624193,24.64062,22.128912,25.98892,25.967928,27.078539,22.359291,24.591969,24.589226,25.836723,22.096066,24.90314,23.233107,27.026512,29.899393,26.210821,30.22927,30.330637,25.8086,29.643867,24.652254,29.041407,25.50345,29.143894,31.3431,28.625025,30.583551,24.478224,26.556276,22.85527,22.09514,22.740396,19.37743,17.213984,15.755762,14.709217,15.502894,17.41515,17.496243,20.750162,20.560526,24.256659,27.875204,26.699581,25.827698,23.545404,24.290174,20.926245,20.806473,20.794039,20.129972,22.881187,19.612854,20.36903,24.8129,21.198734,25.82985,27.236895,28.48974
11,30.616991,27.738218,25.201319,21.822342,18.64873,15.981981,13.000097,11.276052,7.509064,6.7379217,4.4944673,0.0,3.8515866,7.0675545,8.878592,8.766088,12.951072,12.779496,17.844353,17.950476,21.075294,23.226679,27.362133,27.498186,24.966814,23.52595,21.122532,19.512672,18.742357,15.744687,13.615453,10.601271,10.80265,7.4743814,12.280333,11.319827,14.267097,16.787718,15.457024,17.50112,18.070229,17.459005,17.416887,16.68693,18.673592,18.391691,20.128937,19.197025,23.300858,23.141384,25.843388,27.960249,24.770983,28.524706,28.241997,28.811071,23.677454,25.378464,25.5618,25.91869,21.80405,23.931095,21.626799,25.313725,27.833015,24.05825,28.158405,28.935818,24.884096,29.09993,24.64341,29.55716,26.451748,30.28272,32.031162,28.99655,30.29638,24.119864,25.403416,21.553204,19.997286,20.081913,16.689655,15.096894,14.908137,13.527021,16.223076,18.360365,19.346684,22.764704,23.361687,26.89183,30.397177,29.275503,27.734537,25.26838,25.58095,21.781494,21.300034,20.40066,18.782486,20.662046,17.40252,18.364204,23.045748,20.398722,24.92438,27.038755,28.238728
12,33.742218,31.085754,28.104925,25.187614,21.5873,18.669195,15.930459,13.620056,10.664546,8.405485,5.542877,3.8515866,0.0,3.3804536,6.1439457,6.8638897,10.707748,11.637729,16.179352,17.494732,20.189016,22.90926,26.88528,26.726547,24.246283,22.21742,20.406155,18.328362,18.26652,15.473426,14.029123,11.026407,12.985576,10.316873,15.74624,14.89709,17.649036,20.440372,19.272966,21.246323,21.535315,20.984097,20.401258,19.547499,20.976704,20.147259,21.330801,19.71216,23.866325,24.1108,27.127716,29.57481,26.788177,30.819605,30.869144,31.74863,26.781876,28.697035,29.042696,29.58458,25.39735,27.675972,25.310757,28.94569,31.272766,27.182228,31.180513,31.974,28.145199,31.877604,27.442717,32.063213,28.62726,32.160545,33.953564,30.802576,32.603996,26.557684,27.827126,24.358059,22.524038,22.88359,18.981705,17.538363,17.422594,14.957882,17.812721,19.00543,19.996296,23.003445,23.327282,26.548262,30.551634,30.111477,28.57164,26.541931,26.486359,23.31643,22.143764,22.051548,20.042154,22.10249,18.244474,18.39053,23.186895,20.97105,25.741785,27.76588,29.541004
13,36.19768,33.812523,30.491201,28.025581,24.201538,21.007524,18.607313,15.745211,13.347469,10.79233,7.517377,7.0675545,3.3804536,0.0,3.757074,5.561919,8.350358,10.3618965,14.10142,16.400743,18.692247,21.788366,25.62162,25.134184,22.712126,20.224241,18.948278,16.555437,17.134373,14.580167,13.885568,11.103242,14.3660145,12.682672,18.317854,17.809338,20.493235,23.4443,22.460836,24.055117,23.931904,23.5187,22.292639,21.473104,22.253393,21.219975,21.77451,19.57493,23.6198,24.134348,27.416956,30.19563,27.720186,31.983435,32.371685,33.524185,28.753923,30.869911,31.503077,32.217278,27.928741,30.47667,28.130898,31.716867,33.88264,29.458727,33.31465,33.96827,30.318022,33.480465,29.054544,33.31239,29.57883,32.78563,34.617905,31.410877,33.719078,27.861546,29.21164,26.155455,24.246498,25.009203,20.706583,19.263674,19.001001,15.766356,18.462439,18.78319,19.73434,22.302322,22.426971,25.304941,29.666685,29.840904,28.291075,26.684355,26.302366,23.766026,22.033768,22.726696,20.577702,22.941566,18.690668,18.135134,22.84191,20.81672,25.716564,27.525755,29.777977
14,35.904823,33.92976,30.325409,28.437603,24.578934,21.004953,19.165123,15.602295,13.76867,11.82966,7.8960586,8.878592,6.1439457,3.757074,0.0,4.69946,5.5337,8.196578,11.152421,13.470998,15.905759,18.827145,22.906197,21.91929,19.341125,16.705898,15.317597,12.807147,13.528056,11.251098,10.939513,9.041289,12.915669,13.350767,18.565277,18.823496,21.652191,24.497253,23.60695,24.310654,23.519033,23.17039,21.103931,20.349298,20.333094,19.371344,19.242268,16.6414,20.500774,21.10468,24.568987,27.636478,25.375933,29.81773,30.552872,31.988136,27.518967,29.89267,30.916311,31.93017,27.613121,30.672857,28.588808,32.143944,34.293705,29.603268,33.281624,33.450695,29.774736,32.271313,27.698158,31.45908,27.412996,30.309025,32.287296,29.178612,32.051964,26.402357,28.156374,25.488884,23.975565,25.365858,20.858936,19.055092,18.07478,14.605433,16.316874,16.00747,16.661552,18.938,18.876062,21.634058,26.113335,26.570011,25.118853,23.806711,23.352587,21.344587,19.45107,20.943722,19.285986,22.344088,18.04824,17.233284,21.620792,18.922321,23.87598,25.179508,27.634523
15,37.049694,34.72965,31.847263,29.209696,26.034935,22.702772,20.527693,17.46055,14.562854,13.888219,9.718635,8.766088,6.8638897,5.561919,4.69946,0.0,4.843321,5.015176,9.693775,11.489044,13.59578,16.763973,20.352587,20.426493,18.28153,16.41962,15.474034,13.981249,14.762803,10.997939,11.861584,6.982514,12.225395,10.765195,16.49675,16.71558,19.073307,22.356115,22.256231,22.822628,21.974768,22.70632,20.368948,20.770784,20.477703,21.199436,21.01502,18.699764,22.252142,22.088379,25.674246,28.945597,25.857962,30.261126,30.871397,31.843567,27.095715,29.068373,30.636717,30.913916,26.180777,28.955046,26.461943,29.784817,31.446932,26.4085,29.938114,30.44638,27.355618,29.668852,25.637508,29.637524,25.922716,28.876087,30.378632,26.949411,29.390394,23.834755,24.948565,22.512005,20.409,21.825405,17.036402,15.617167,15.479417,11.234309,14.647266,14.378028,16.118166,18.594748,19.676003,22.250845,26.336987,26.75972,24.476204,22.98234,22.000425,19.640955,17.259848,18.077991,15.544117,18.132307,13.674166,12.798927,17.388506,15.426428,20.323423,22.237879,24.709805
16,39.20824,37.392456,34.025326,32.16462,28.735485,25.05131,23.450106,19.733448,17.706282,16.826572,12.56394,12.951072,10.707748,8.350358,5.5337,4.843321,0.0,4.397173,5.7987185,9.332843,10.856827,14.330867,17.915009,17.073006,14.878158,12.27254,12.082126,10.244107,12.056103,8.998572,11.22848,8.158469,14.064338,14.909289,20.063572,20.87341,23.297184,26.4459,26.329746,26.21519,24.735815,25.389347,22.213602,22.499573,21.245026,21.658472,20.502415,17.48093,20.593079,20.78072,24.632141,28.314207,25.80228,30.42046,31.551735,32.9699,28.712805,31.016733,32.93021,33.62816,28.96382,32.228973,30.020876,33.274845,34.86775,29.577188,32.82513,32.84079,29.858574,31.22579,27.13506,30.335243,26.180304,28.510265,30.170237,26.86461,30.19822,25.109797,26.627415,24.863737,23.138767,25.209785,20.258492,18.63317,17.783524,13.198526,15.189571,13.427733,14.755374,16.32526,17.015486,18.98659,23.51033,24.829195,22.686432,21.934767,20.588024,19.452196,16.455694,18.794647,16.756002,20.069818,15.540331,13.780934,17.640469,15.348982,20.207403,21.343956,24.433762
17,38.253384,36.25385,33.496555,31.161871,28.372307,24.872587,23.183975,19.813812,17.180906,17.527027,13.17174,12.779496,11.637729,10.3618965,8.196578,5.015176,4.397173,0.0,5.678002,6.7380214,8.635233,11.828405,15.348971,15.581784,13.642692,12.366829,11.845863,11.3657055,12.449269,7.97838,10.806363,5.47818,12.066465,12.397567,17.22711,18.34381,20.434834,23.671974,24.126026,23.540333,21.831926,23.309483,19.810053,21.054716,19.518879,21.438517,20.341602,17.82617,20.658712,20.039845,23.853285,27.5824,24.303667,28.804768,29.79256,30.80977,26.40795,28.396858,30.78537,30.97151,26.070978,29.234251,26.891172,29.923763,31.198227,25.69451,28.764362,28.819302,26.207617,27.336792,23.607828,26.93871,23.073029,25.510176,26.8231,23.31148,26.28799,21.265884,22.455582,20.911165,19.02987,21.336502,16.309698,14.758938,14.187116,9.1653385,12.12547,10.573113,12.877246,14.867676,16.696991,18.763088,22.61614,23.501919,20.682465,19.581314,17.960526,16.308556,13.112305,14.815439,12.395144,15.708925,11.248746,9.732791,13.66579,11.207331,16.114828,17.674349,20.571651
18,41.71308,40.218506,37.017883,35.43263,32.411842,28.635626,27.4493,23.575909,21.716251,21.714603,17.37292,17.844353,16.179352,14.10142,11.152421,9.693775,5.7987185,5.678002,0.0,5.7438293,5.592014,9.409566,12.518615,11.489634,9.728977,7.4930806,8.88263,8.5697365,11.127996,8.047558,12.399272,9.771332,15.937359,17.933455,22.282623,23.774172,25.872961,28.985445,29.420124,28.31297,26.078716,27.46591,23.262234,24.373432,21.890512,23.482204,21.349741,18.167377,20.228535,19.96447,23.978676,28.134134,25.55963,30.184448,31.74873,33.211987,29.43064,31.699364,34.43127,35.00201,30.237694,33.794956,31.726208,34.629807,35.766247,30.085138,32.771416,32.354084,30.007362,30.019634,26.42325,28.71666,24.48078,26.018728,27.405031,24.104345,28.068878,23.836706,25.3414,24.658804,23.160328,26.002048,20.991951,19.412914,18.300547,13.402045,14.604764,11.209622,12.917524,13.352035,14.839513,15.7557125,20.037514,22.240461,19.508926,19.507114,17.282267,17.440815,13.479792,17.031788,15.273807,19.020847,14.838336,12.366584,14.857948,12.48807,16.845476,17.309908,21.02218
19,38.384197,37.013767,34.28058,32.68538,30.318935,26.67467,25.810856,22.133677,20.266829,21.596388,17.396307,17.950476,17.494732,16.400743,13.470998,11.489044,9.332843,6.7380214,5.7438293,0.0,4.200256,5.4451237,10.011842,9.623654,7.48765,7.917865,7.0834603,8.839602,9.58133,5.394039,10.153249,7.6722016,12.76656,16.13723,19.115593,21.342354,23.301538,26.026054,26.736399,24.65166,21.845877,23.738745,18.91891,20.823887,17.674133,20.772713,18.492687,15.982262,17.511,16.288837,20.169634,24.341707,21.117592,25.584969,27.135448,28.366976,24.77166,26.899584,30.144495,30.562048,25.83986,29.623178,27.855371,30.529783,31.58574,25.914946,28.330832,27.397495,25.109674,24.570456,21.030262,23.029554,18.83845,20.372797,21.699469,18.392813,22.459259,18.389816,20.242458,19.906511,19.086855,22.45297,17.817326,15.864531,14.012761,9.775132,9.615108,5.6936755,8.198191,9.096094,11.985159,13.345219,16.593216,17.943892,14.631466,14.219172,11.902042,11.777928,7.7528744,11.669299,11.020809,15.539428,12.240237,10.853863,12.623601,8.08549,12.390393,12.423985,15.710709
20,42.543564,41.14735,38.479023,36.79376,34.444965,30.808111,29.82587,26.167372,24.14509,25.193535,20.886354,21.075294,20.189016,18.692247,15.905759,13.59578,10.856827,8.635233,5.592014,4.200256,0.0,4.46681,7.0640464,7.327194,6.5524707,7.2553997,8.948755,10.8646555,12.616091,9.234359,14.182018,11.324579,16.842596,19.204035,22.51146,24.540243,26.188423,29.156635,30.203415,28.219877,25.435034,27.700424,22.83548,24.979212,21.69404,24.866676,22.358343,19.643543,20.816952,19.67635,23.546408,27.861084,24.773485,29.157286,30.848522,32.025852,28.573118,30.548668,34.03684,34.205414,29.38271,32.98358,31.019411,33.47784,34.110214,28.215256,30.30286,29.552916,27.940773,26.785048,23.899755,25.508707,21.548481,22.505156,23.383768,20.00947,24.14838,20.790787,22.057425,22.396698,21.13718,24.569317,19.815039,18.379519,17.23497,12.5834255,13.351944,9.167354,11.703305,11.518035,14.487132,14.726254,17.878706,20.183823,16.524471,16.812168,13.719503,14.602906,9.88673,13.902813,12.469286,16.36587,13.058317,10.607726,11.341471,8.638826,12.140856,12.140855,16.2263
21,41.35176,40.28328,37.797306,36.45149,34.495205,30.917414,30.367735,26.745865,25.065031,26.791039,22.682814,23.226679,22.90926,21.788366,18.827145,16.763973,14.330867,11.828405,9.409566,5.4451237,4.46681,0.0,5.25742,5.2335296,4.5539656,7.8600616,8.379928,11.584584,12.364242,9.663974,14.337059,12.747121,16.894783,20.573166,22.707727,25.290825,26.868422,29.412077,30.544474,27.737812,24.43087,26.884039,21.504993,24.03507,20.050272,24.012226,21.116846,18.811428,19.159124,17.469883,21.085335,25.430174,22.267317,26.411448,28.307438,29.481369,26.56268,28.50754,32.41952,32.67229,28.08542,31.951498,30.401617,32.61636,33.18625,27.407185,29.105188,27.7097,26.233265,24.168001,21.456453,22.206392,18.230614,18.605846,19.449543,16.312681,21.013468,18.358671,20.079803,21.051336,20.615469,24.49148,20.244797,18.548306,16.683527,13.101251,12.0495615,7.4207034,9.66455,8.731198,12.539154,12.41171,14.494855,16.668331,12.592255,13.228952,9.709777,11.644131,6.9414926,11.957445,12.09453,16.432877,14.219079,12.656676,12.265538,8.008633,10.343269,8.873933,12.892433
22,46.104126,44.94043,42.750652,41.151745,39.421104,35.939167,35.229733,31.758598,29.777956,31.496946,27.300531,27.362133,26.88528,25.62162,22.906197,20.352587,17.915009,15.348971,12.518615,10.011842,7.0640464,5.25742,0.0,5.380739,7.6066213,10.96927,13.040337,16.11588,17.388226,14.786264,19.543545,17.180779,21.64293,24.225355,26.430376,28.855816,29.981976,32.69831,34.31918,31.507309,28.2271,31.254566,25.889532,28.870054,24.841629,29.19618,26.26059,23.988005,24.059874,22.274778,25.701445,30.028078,26.792456,30.671835,32.582886,33.50232,30.734102,32.347702,36.59889,36.397068,31.727999,35.281284,33.531902,35.36938,35.33533,29.399807,30.551125,29.357822,28.86686,25.997026,24.331804,24.623446,21.27419,20.995192,21.027067,17.916681,22.27502,20.733248,21.562256,23.431004,22.573452,26.483206,22.37013,21.29274,20.242805,16.495926,16.525639,12.284489,14.723572,13.393974,17.164206,16.148394,17.514994,20.25806,15.855893,16.96412,12.935566,15.367048,10.66733,14.669851,14.023536,17.29823,15.630449,13.495291,11.374082,9.68908,10.042079,8.546695,13.133741
23,45.24336,44.53047,41.68939,40.864674,38.660717,34.921463,34.615726,30.702234,29.439207,30.729298,26.597355,27.498186,26.726547,25.134184,21.91929,20.426493,17.073006,15.581784,11.489634,9.623654,7.327194,5.2335296,5.380739,0.0,3.3965492,6.868294,9.448589,12.57655,14.156951,13.029155,17.769674,17.243284,21.480127,25.53568,27.843315,30.417192,32.06998,34.61698,35.638645,32.77893,29.356447,31.549425,26.028744,28.19647,23.897423,27.203365,23.737871,21.051395,20.730055,19.52777,23.025585,27.498526,25.173807,29.22284,31.523544,33.049915,30.675508,32.795143,36.748768,37.310944,32.913387,36.92947,35.528137,37.693966,38.206856,32.443504,33.916958,32.315647,31.027538,28.35594,25.853794,25.762192,21.747347,21.20714,22.056553,19.461765,24.673243,22.828846,24.63047,26.015326,25.699726,29.628698,25.391094,23.773191,21.844862,18.281437,16.8094,11.987172,13.080724,10.665367,13.441955,11.652078,13.685074,17.439678,13.909902,15.833243,12.233743,15.747502,11.5383215,16.84867,17.146582,21.203249,19.012882,16.917479,15.9454565,12.8961935,14.270681,11.932938,16.116688
24,42.34983,41.69937,38.6358,37.995567,35.60834,31.80391,31.604734,27.58158,26.560448,27.768309,23.721346,24.966814,24.246283,22.712126,19.341125,18.28153,14.878158,13.642692,9.728977,7.48765,6.5524707,4.5539656,7.6066213,3.3965492,0.0,4.5116158,6.068908,9.37162,10.761774,9.93751,14.559018,14.782441,18.760254,23.455511,25.753788,28.362232,30.287197,32.72254,33.41377,30.629147,27.252096,29.010952,23.563442,25.332998,21.119162,23.984278,20.514406,17.71401,17.587107,16.572172,20.230192,24.725365,22.54284,26.773136,29.064196,30.778904,28.316505,30.652962,34.327583,35.19473,30.881067,35.052246,33.769184,36.16341,37.04183,31.411913,33.211544,31.541676,29.671978,27.554665,24.442482,24.661472,20.302359,20.193947,21.547117,18.971642,24.272987,21.776575,24.042324,24.861893,24.75563,28.589397,24.308025,22.37351,20.021135,16.62077,14.521991,9.652364,10.220557,7.851178,10.353404,9.124166,12.00443,15.4403715,12.310612,13.955633,10.879759,14.032915,10.148492,15.754195,16.410793,20.896994,18.415802,16.625328,16.542986,12.483592,14.756074,12.602102,16.420832
25,42.695385,42.015915,38.458874,37.977383,35.01877,31.051386,30.751007,26.478195,25.668058,26.050371,21.986765,23.52595,22.21742,20.224241,16.705898,16.41962,12.27254,12.366829,7.4930806,7.917865,7.2553997,7.8600616,10.96927,6.868294,4.5116158,0.0,4.922755,6.4256425,9.225751,9.138628,13.6477375,14.309158,18.852058,23.363977,26.456816,28.703451,30.933525,33.536835,33.825005,31.663198,28.650494,29.795357,24.757326,25.739122,22.04539,23.570425,20.204905,16.807905,17.305948,17.205807,21.066113,25.513462,23.881826,28.35727,30.613672,32.608917,29.899757,32.49087,35.62789,36.81302,32.489338,36.654175,35.24948,37.973434,39.168526,33.57724,35.80062,34.423763,32.086926,30.777575,27.17271,27.943186,23.358517,23.706972,25.39891,22.796152,27.939564,24.765564,27.09615,27.249277,26.8331,30.328875,25.731068,23.74185,21.482063,17.641602,16.021322,11.453121,11.559586,9.708212,10.510886,9.644309,14.00469,17.58832,15.389902,16.793478,14.408461,16.839518,13.177047,18.488096,18.565575,23.01413,19.77068,17.633255,18.543344,14.926969,18.09565,16.618444,20.435055
26,37.882767,37.363033,33.75901,33.545048,30.67295,26.714828,26.733398,22.441498,22.03307,22.8593,19.06381,21.122532,20.406155,18.948278,15.317597,15.474034,12.082126,11.845863,8.88263,7.0834603,8.948755,8.379928,13.040337,9.448589,6.068908,4.922755,0.0,3.8866112,4.7547255,5.626324,9.429598,11.82744,15.03611,20.89576,23.257046,25.783941,28.245987,30.447153,30.40659,27.947739,24.818228,25.524363,20.45794,21.133888,17.333868,18.775402,15.342255,12.105873,12.66116,12.428456,16.367153,20.77103,19.108837,23.648283,25.866652,27.98822,25.367136,28.134691,31.083418,32.599873,28.534315,32.91552,31.856903,34.687607,36.262497,30.999231,33.39225,31.70071,28.77828,27.84709,23.689358,24.549904,19.754457,20.499418,22.683777,20.301542,25.436104,21.84759,24.803179,24.494917,24.70097,28.163965,23.90323,21.478535,18.466988,15.54959,12.4470215,8.372755,7.255226,5.8198924,6.1751537,7.036121,11.552615,13.946357,12.254733,13.085028,11.658274,13.497826,10.943566,16.155989,17.244549,22.097332,19.160526,17.932028,19.327736,14.324272,17.767244,16.164965,19.166689
27,37.60417,37.03593,33.00428,32.926212,29.530716,25.459446,25.38831,20.900904,20.76398,20.773241,17.066925,19.512672,18.328362,16.555437,12.807147,13.981249,10.244107,11.3657055,8.5697365,8.839602,10.8646555,11.584584,16.11588,12.57655,9.37162,6.4256425,3.8866112,0.0,3.8636825,5.9311376,8.657583,11.69307,15.057904,20.653364,23.619982,25.76645,28.495415,30.769499,30.312271,28.473091,25.763485,25.835651,21.337652,21.18798,18.110258,18.087137,14.980014,11.236941,12.702916,13.44779,17.35325,21.49436,20.334768,24.967228,27.041412,29.346716,26.500055,29.437487,31.801447,33.590153,29.590767,33.892376,32.755207,35.85788,37.729588,32.599686,35.348938,33.927505,30.608135,30.447062,25.93666,27.311495,22.475012,23.637548,26.014318,23.618675,28.484613,24.374466,27.318403,26.41488,26.381441,29.469677,25.059502,22.612097,19.738081,16.652927,14.123922,10.840669,9.57254,9.082584,7.855544,9.2920885,14.338018,16.49915,15.562632,16.058718,15.182796,16.281416,14.022949,18.675406,19.283758,23.979738,20.546162,19.206068,21.3602,16.749521,20.72052,19.622969,22.599194
28,34.00977,33.61488,29.621056,29.791296,26.594242,22.554789,22.843819,18.388454,18.645454,19.286434,15.921683,18.742357,18.26652,17.134373,13.528056,14.762803,12.056103,12.449269,11.127996,9.58133,12.616091,12.364242,17.388226,14.156951,10.761774,9.225751,4.7547255,3.8636825,0.0,5.0771346,6.007475,10.969893,12.653113,19.484156,21.564827,24.016462,26.849424,28.716078,28.05818,25.8204,22.945148,22.701757,18.122543,17.76431,14.48435,14.517671,11.238918,7.677301,9.2069435,9.759725,13.679396,17.761377,16.534485,21.171665,23.224972,25.615837,22.932049,25.98921,28.273344,30.317839,26.583794,31.06545,30.272352,33.37518,35.485195,30.661688,33.425747,31.693716,28.012257,28.002869,23.177002,24.487595,19.600517,20.992506,23.676245,21.5505,26.330828,22.10096,25.495104,24.363426,24.912212,28.000751,23.999916,21.260187,17.78322,15.703532,11.857585,9.400733,7.0223913,7.248685,5.43569,8.475525,12.87685,13.832727,13.383876,13.359461,13.367677,13.956763,12.821023,17.13333,18.61717,23.481945,20.519428,19.900217,22.077145,16.647385,20.473055,19.20633,21.493982
29,34.309647,33.23868,29.928358,28.971766,26.158749,22.304243,21.852556,17.786306,16.766947,17.893658,13.979539,15.744687,15.473426,14.580167,11.251098,10.997939,8.998572,7.97838,8.047558,5.394039,9.234359,9.663974,14.786264,13.029155,9.93751,9.138628,5.626324,5.9311376,5.0771346,0.0,5.0411167,6.3776016,9.787429,15.357939,17.952093,20.287231,22.862787,25.13008,24.999344,22.967312,20.236607,20.920338,16.323305,17.039883,14.10119,15.852924,13.556114,10.811565,12.946885,12.312939,16.25734,20.258842,17.612085,22.271408,23.848059,25.550207,22.058544,24.676954,27.279573,28.498035,24.187939,28.327312,27.011148,30.055565,31.83655,26.684175,29.508944,28.258032,24.939878,25.204243,20.696024,22.831213,18.237423,20.198011,22.331066,19.53081,23.709469,19.055624,21.82675,20.606287,20.529106,23.581913,19.294714,16.742447,13.821484,10.8984785,8.506783,5.9474993,5.869879,7.7499623,8.89155,11.628428,15.393567,15.953148,13.978891,13.160674,12.383058,11.712569,9.674407,13.327436,13.936265,18.660532,15.4889765,14.9423895,17.43455,12.189313,16.492226,16.119818,18.540674
30,29.685492,28.699013,25.07765,24.439238,21.377546,17.441555,17.305498,13.079693,12.807959,14.141099,10.872719,13.615453,14.029123,13.885568,10.939513,11.861584,11.22848,10.806363,12.399272,10.153249,14.182018,14.337059,19.543545,17.769674,14.559018,13.6477375,9.429598,8.657583,6.007475,5.0411167,0.0,7.0741987,6.9315534,14.145932,15.964785,18.290567,21.28922,23.010386,22.131542,20.232151,17.786545,17.303726,13.333036,12.8173685,10.678191,11.102195,9.549822,7.307398,10.611,10.361212,13.867248,17.2367,14.788786,19.400896,20.652441,22.52899,18.922245,21.820433,23.662476,25.452923,21.574114,25.829334,24.902016,28.217422,30.62123,26.101397,29.271015,27.90552,23.736925,25.030176,19.852337,22.429838,17.911272,20.524008,23.116556,20.723806,24.40096,19.218262,22.477612,20.357183,20.849678,23.411686,19.693134,16.793577,13.261198,11.986392,8.53849,8.659962,7.194747,10.079997,9.84582,13.664484,17.011335,16.179628,15.348632,13.716532,14.428949,12.579869,12.452627,14.816772,16.112068,20.613758,17.788986,18.096817,21.074566,15.555349,19.763973,19.527472,21.044424
31,32.932007,30.990011,28.39149,26.10306,23.603746,20.154408,18.72183,15.442244,12.8890505,14.4533415,10.373536,10.601271,11.026407,11.103242,9.041289,6.982514,8.158469,5.47818,9.771332,7.6722016,11.324579,12.747121,17.180779,17.243284,14.782441,14.309158,11.82744,11.69307,10.969893,6.3776016,7.0741987,0.0,6.608332,9.159116,12.78548,14.546347,17.028843,19.717636,19.841616,18.67862,16.754095,17.94508,14.395324,15.63738,14.29691,16.708944,16.097874,14.35708,17.372213,16.341087,19.831583,23.189365,19.528816,23.897768,24.623127,25.537577,21.023188,23.080818,25.338636,25.728516,20.977238,24.43092,22.46915,25.65722,27.397898,22.252407,25.530067,25.157526,21.824903,23.489937,19.16469,22.814945,18.966156,21.966541,23.603394,20.337105,23.030272,17.488956,19.364304,17.16119,16.164885,18.511599,14.028124,11.655959,9.823116,6.244904,7.6830297,8.07367,9.884518,13.026386,14.838869,17.845068,21.066147,20.668766,18.20991,16.281626,15.654111,12.78703,11.126654,11.927039,10.966228,14.817592,11.311915,11.627354,15.352958,11.036114,15.803634,17.09577,18.939472
32,26.413637,24.540798,22.145933,19.956287,17.900223,14.630595,13.706803,10.84312,8.805396,12.283922,9.658289,10.80265,12.985576,14.3660145,12.915669,12.225395,14.064338,12.066465,15.937359,12.76656,16.842596,16.894783,21.64293,21.480127,18.760254,18.852058,15.03611,15.057904,12.653113,9.787429,6.9315534,6.608332,0.0,8.686476,9.085546,11.69189,14.630236,16.124748,15.482909,13.495238,11.3920145,11.586563,8.284083,9.110188,8.707481,11.669927,12.301241,12.218965,15.285547,13.845264,16.410461,18.851143,14.768787,18.727219,18.896696,19.64605,14.904499,17.120382,18.895939,19.754322,15.42785,19.294453,18.07646,21.48167,24.002504,19.764988,23.25104,22.317463,17.859648,20.547031,15.398697,19.471497,15.910822,19.667625,21.744686,19.11452,21.138683,15.170021,17.944893,14.768162,15.272647,17.24024,14.192958,11.147617,7.597835,8.42805,6.447346,9.983563,10.244104,14.147308,15.414566,19.229023,21.463375,19.34809,17.781729,14.856212,15.875665,11.684164,12.731869,12.0751,13.19437,16.799612,14.82668,16.545116,19.79438,14.588919,18.459839,19.334826,19.735806
33,30.293604,27.165756,25.954628,21.752829,20.229654,18.0043,15.30463,14.290301,9.844755,12.562341,10.278814,7.4743814,10.316873,12.682672,13.350767,10.765195,14.909289,12.397567,17.933455,16.13723,19.204035,20.573166,24.225355,25.53568,23.455511,23.363977,20.89576,20.653364,19.484156,15.357939,14.145932,9.159116,8.686476,0.0,6.2975454,6.0485563,8.458604,11.60902,12.006631,12.752239,12.891875,14.469496,13.752931,15.313071,16.596537,19.331367,20.752596,20.433414,23.812912,22.461323,25.056435,27.300627,22.879202,26.342241,25.841248,25.618137,20.208364,21.194637,22.485023,21.6349,16.809242,18.72151,15.911731,19.284838,21.216494,16.873611,20.86859,21.825676,18.346577,22.470976,18.704824,24.021835,21.626265,25.63339,26.743849,23.509884,23.890202,17.789938,18.366621,14.477507,12.55816,12.728453,9.337327,7.7494874,8.630794,8.153429,12.345139,15.397391,17.374102,21.079466,23.037712,26.427082,28.978361,27.364792,24.924774,22.01077,22.04448,17.449286,17.25177,14.676583,12.81909,13.989207,11.77263,14.033982,18.183237,15.6018915,19.417496,22.068428,22.55845
34,25.878658,22.655912,22.486237,17.908957,17.801104,16.302105,14.193645,14.269944,10.505118,15.003753,13.898186,12.280333,15.74624,18.317854,18.565277,16.49675,20.063572,17.22711,22.282623,19.115593,22.51146,22.707727,26.430376,27.843315,25.753788,26.456816,23.257046,23.619982,21.564827,17.952093,15.964785,12.78548,9.085546,6.2975454,0.0,3.8087065,5.936672,7.2011595,7.893463,6.650554,6.9015555,9.37235,9.587221,12.142693,14.00373,18.067703,20.036364,20.895227,23.70156,21.735172,23.501263,25.015863,20.062775,22.700396,21.599268,20.675346,15.161283,15.516415,16.861982,15.459474,10.585291,12.518173,10.058316,13.585549,16.086683,12.485514,16.582417,17.025522,12.77789,17.92831,14.107543,19.853695,18.336235,22.737339,23.758518,21.040041,20.378399,14.300912,15.169431,10.469115,10.213285,10.066008,9.085849,7.0106936,6.724335,10.206954,12.097372,16.474928,17.965897,21.855215,23.982162,27.57761,29.106884,26.370054,24.174717,20.67246,21.517418,16.173117,17.642601,13.794528,13.714832,14.643859,14.373478,17.576859,20.706669,17.254114,20.015722,22.297018,21.504923
35,27.062523,23.37055,23.408278,18.186932,17.98857,16.92202,14.11798,14.904191,10.640029,14.457476,13.871905,11.319827,14.89709,17.809338,18.823496,16.71558,20.87341,18.34381,23.774172,21.342354,24.540243,25.290825,28.855816,30.417192,28.362232,28.703451,25.783941,25.76645,24.016462,20.287231,18.290567,14.546347,11.69189,6.0485563,3.8087065,0.0,3.484591,5.6969595,6.2637954,8.045013,9.9487705,11.603874,13.049368,14.784178,17.328602,20.446053,22.778484,23.465384,26.623684,24.963425,26.80104,28.217587,23.496778,26.088266,24.81908,23.828466,18.296188,18.445831,19.033718,17.37489,12.949849,13.691148,10.679516,14.188247,16.633268,13.601452,17.867638,19.1849,15.359921,21.006277,17.631306,23.48077,22.126577,26.518187,27.437378,24.62738,23.685661,17.736832,17.973858,13.250384,12.031589,10.629225,9.90628,8.854979,10.047329,12.368727,15.395751,19.454939,21.096502,24.985792,26.956186,30.57484,32.456123,29.92526,27.739761,24.32569,25.006239,19.762798,20.784779,16.981617,15.989516,16.136564,15.568513,18.638868,22.17082,19.60397,22.528189,25.224243,24.658762
36,28.811323,24.894703,25.682596,20.065722,20.569756,19.928368,17.150032,18.289972,14.083995,17.775974,17.18881,14.267097,17.649036,20.493235,21.652191,19.073307,23.297184,20.434834,25.872961,23.301538,26.188423,26.868422,29.981976,32.06998,30.287197,30.933525,28.245987,28.495415,26.849424,22.862787,21.28922,17.028843,14.630236,8.458604,5.936672,3.484591,0.0,4.032064,6.766645,8.663714,10.958894,13.567804,15.148071,17.513756,19.858643,23.57617,25.830732,26.594007,29.564974,27.65579,29.423275,30.80483,25.816559,28.133442,26.699635,25.27156,19.834597,19.386496,20.186958,17.646624,13.299485,12.958281,9.302436,12.281351,14.154762,11.352164,15.578094,17.632423,14.580181,20.45631,17.970427,23.934517,23.209274,27.550941,28.0332,25.193708,23.470846,17.919157,17.2813,12.6488285,10.903199,8.377768,8.97273,8.969333,11.359092,13.802725,17.423323,21.432768,23.422678,27.234346,29.579147,33.044888,34.677677,32.10442,29.600695,26.141373,26.610897,21.279314,22.243849,17.79772,16.445852,15.546893,15.766736,19.127401,22.27697,20.436146,22.794071,25.84942,24.975098
