,0,1,2,3,4,5,6,7,8,9,10,11,12,13,14,15,16,17,18,19,20,21,22,23,24,25,26,27,28,29,30,31,32,33,34,35,36,37,38,39,40,41,42,43,44,45,46,47,48,49,50,51,52,53,54,55,56,57,58,59,60,61,62,63,64,65,66,67,68,69,70,71,72,73,74,75,76,77,78,79,80,81,82,83,84,85,86,87,88,89,90,91,92,93,94,95,96,97,98,99,100,101,102,103,104,105,106,107,108
0,0.0,4.914864,6.297614,10.255902,12.836718,15.094807,18.102333,20.058004,23.17134,25.890642,28.305523,30.884127,33.851192,36.75779,37.004723,37.98336,39.873882,36.983734,41.030495,37.06345,41.142727,39.841557,44.77512,43.473965,40.685314,41.548042,36.78459,36.507114,32.897472,33.68933,29.164635,32.679985,26.140043,29.567081,26.216639,26.406345,28.276022,25.64292,22.086916,21.378078,22.014786,16.806427,20.599424,16.845245,20.18713,18.112833,21.34987,24.19533,25.270012,26.04122,22.765406,19.784159,19.548634,17.48623,13.979149,16.221779,15.506583,16.927265,12.202757,16.686283,18.667097,19.60995,21.687538,24.604086,28.988934,30.030746,33.391457,32.721302,27.027384,31.580349,27.42824,29.803406,28.807226,32.681335,35.644505,35.797897,34.80631,31.847517,34.49697,30.92558,33.95859,33.18297,34.549046,32.293213,29.718567,33.18038,29.275143,33.0111,30.743103,33.265842,30.543264,35.58789,35.734253,31.681911,32.12054,29.119253,32.926804,29.73945,34.183243,32.824295,36.104534,38.74024,38.567585,40.840286,44.021645,38.277958,42.232872,41.24038,42.74986
1,4.914864,0.0,6.301609,6.43595,10.476468,13.545375,15.757868,18.647495,21.033693,24.040268,26.71248,28.700323,31.864027,34.993958,35.561684,36.0749,38.411015,35.40349,39.911057,36.10123,40.19611,39.208866,44.01024,43.260574,40.529987,41.54924,36.887802,36.642952,33.12906,33.18336,28.751238,31.211494,24.734306,26.930742,23.211496,23.05944,24.543564,21.62504,18.19955,17.90224,19.323772,14.267448,19.067402,15.868662,19.931376,18.531216,22.428349,25.12231,26.907452,27.759487,24.914856,22.520496,21.13049,19.43731,15.748003,17.442558,15.265289,16.11518,11.191437,14.526687,16.043951,16.116383,17.84346,20.704487,24.89657,26.125687,29.599941,29.475695,23.862282,29.130112,25.345867,28.393517,27.851252,32.010586,34.65474,34.48521,32.84689,29.698849,31.811455,28.063885,30.778555,29.541563,31.305183,29.329409,27.257502,31.006842,27.791506,31.962416,30.207872,33.177406,31.011063,36.10909,36.382584,32.9669,32.70843,29.380106,32.880253,29.026928,33.403698,31.283754,34.178055,36.2751,36.303234,38.755856,42.17382,36.71047,40.664333,40.124836,41.428467
2,6.297614,6.301609,0.0,6.8260193,7.0518365,9.228838,12.333343,14.3136425,17.70472,19.894405,22.582054,25.293663,28.08817,31.04205,31.533697,32.736866,34.868153,32.309937,36.54315,33.152943,37.331867,36.60031,41.713104,40.467445,37.49244,37.89263,33.257877,32.510647,29.14233,29.720562,24.95935,28.249834,21.954962,24.722284,22.26915,21.982084,24.19408,22.125858,18.090454,18.48609,19.40912,13.898984,17.846964,13.295825,17.603384,14.059134,18.23691,20.365965,22.293234,23.727705,21.325539,19.32044,18.665924,18.09251,14.923055,17.92165,15.708043,17.802046,14.030468,18.077663,18.289831,19.5973,20.623724,24.077295,28.149736,28.122526,31.895966,31.531637,25.477076,30.710663,26.073921,29.44124,27.868895,32.022766,35.025257,34.51662,33.850327,29.894823,32.50705,28.383224,30.854815,30.016481,30.748314,28.389366,26.155117,28.92803,25.78473,29.503735,27.520754,30.397738,27.60814,33.03477,33.80264,30.400204,30.786415,27.563976,31.150793,27.532955,31.550514,30.233128,32.827293,35.42655,34.649708,36.586002,40.160072,34.812805,39.156258,38.59447,40.568157
3,10.255902,6.43595,6.8260193,0.0,5.35875,8.612975,9.853147,13.403622,15.128458,18.250795,21.049725,22.63698,25.863808,29.111383,29.938557,30.226376,32.91529,30.013132,34.8643,31.507612,35.62677,35.1884,39.98,39.600056,36.82311,37.670242,33.217648,32.761276,29.507772,28.906803,24.517767,26.061918,19.87468,20.900572,17.539669,16.93375,18.539,15.952001,12.142479,12.872885,14.912286,9.844753,15.253312,12.1474085,17.092419,15.604537,20.207214,22.32301,25.011852,26.200972,24.259047,22.932188,20.562313,20.133945,16.808565,18.693268,14.826402,15.951185,12.41708,14.637321,13.966162,14.244682,14.622814,18.036667,21.816257,21.913904,25.789034,26.046371,20.16312,26.22472,22.199804,26.344715,25.519087,29.958763,32.448612,31.588623,29.982801,25.938972,27.788734,23.531843,25.666119,24.252407,25.652632,23.706577,22.113665,25.536934,23.249117,27.6133,26.401628,29.826979,28.055214,33.304585,34.047493,31.534168,30.807117,27.204676,30.288464,25.817436,29.773897,27.29116,29.457855,31.264315,30.969418,33.29277,37.05612,32.03053,36.218616,36.219532,37.748226
4,12.836718,10.476468,7.0518365,5.35875,0.0,4.1942163,5.7579575,9.155045,11.731157,13.819383,16.97264,19.114538,21.988153,25.192904,26.171165,27.04945,29.773518,27.38023,32.14099,29.39923,33.58322,33.58677,38.61131,37.933704,34.94458,35.16699,30.841145,29.829296,26.841026,26.469593,21.807545,23.702917,17.90585,18.75348,16.948692,15.885408,18.147556,16.593887,12.26779,14.244373,15.966552,10.957106,15.36882,11.228715,16.488016,13.024879,18.0541,19.332003,22.455456,24.254925,22.988497,22.253492,20.337635,20.977915,18.1885,20.886919,17.005533,18.950304,16.304428,18.889566,17.26904,18.339603,18.009459,21.690825,25.104246,24.077404,28.163383,28.402346,22.342731,28.398512,23.808802,28.324152,26.692963,31.102495,33.787548,32.521904,31.674088,26.864763,28.964468,24.349123,25.985254,24.803265,25.180487,22.977953,21.536451,23.851198,22.11167,26.086441,24.896933,28.359343,26.191023,31.716728,33.007534,30.765684,30.461887,26.93771,29.930986,25.5538,29.011375,27.116543,28.725897,30.801262,29.683954,31.47084,35.518482,30.818956,35.390343,35.563274,37.689888
5,15.094807,13.545375,9.228838,8.612975,4.1942163,0.0,3.807717,5.2543626,8.636631,10.800538,13.440084,16.091887,18.865,21.859526,22.521654,23.685741,26.096777,23.805292,28.334312,25.671915,29.868006,29.938183,35.067917,34.181244,31.117506,31.136425,26.846603,25.702438,22.781006,22.53428,17.788853,20.114855,14.4297085,16.185879,15.205369,14.551706,17.395868,16.620817,12.445258,13.9428425,14.756481,10.125217,13.130309,8.570219,13.623306,9.453215,14.55962,15.445775,18.862043,20.819315,20.094336,20.018078,17.940668,19.422546,17.224298,20.182838,16.227835,18.669212,17.102644,19.783768,17.453308,19.469946,18.899027,22.751122,26.075682,24.18843,28.209597,27.989088,21.862879,27.429716,22.396948,26.911812,24.672962,28.955828,31.775553,30.320408,30.153727,24.997826,27.48277,22.857443,24.487896,23.893751,23.488405,20.965046,19.177523,20.873346,18.967676,22.597515,21.315725,24.722996,22.421188,28.004389,29.539402,27.567558,27.391441,23.95112,26.833927,22.620451,25.781317,24.402685,25.89616,28.376612,26.846003,28.361631,32.331654,27.619207,32.325493,32.42088,34.88669
6,18.102333,15.757868,12.333343,9.853147,5.7579575,3.807717,0.0,4.700888,6.151669,8.39926,11.485973,13.361816,16.288815,19.540045,20.643879,21.392649,24.32695,22.111216,27.059513,24.849598,28.971277,29.514881,34.461773,34.055115,31.069715,31.07653,27.072813,25.861843,23.258675,22.251997,17.812923,18.772177,13.672682,13.43659,12.897673,11.518641,14.289504,13.908291,9.758475,12.469804,13.944868,10.252584,13.419583,10.014567,15.025042,11.836624,16.798386,17.236162,21.083773,23.051128,22.81158,23.16999,20.543947,22.253008,20.132313,22.691727,18.162123,20.207333,18.986073,20.780878,17.768248,19.330984,18.026445,21.777466,24.5809,22.241957,26.366564,26.623678,20.709747,26.722443,22.000082,27.083117,25.058847,29.406982,31.917131,30.07155,29.60129,24.109165,26.088955,21.245092,22.238451,21.302073,20.784819,18.480633,17.431578,18.892763,18.181278,21.996817,21.374496,25.098722,23.38347,28.81238,30.541636,29.264336,28.593136,25.045385,27.480223,22.844732,25.617535,23.706211,24.501541,26.457697,24.823547,26.307964,30.59349,26.388767,31.13661,31.750431,34.166042
7,20.058004,18.647495,14.3136425,13.403622,9.155045,5.2543626,4.700888,0.0,4.639676,6.333344,8.276557,11.364618,13.932718,16.750465,17.294569,18.701601,21.04027,19.061224,23.53235,21.434414,25.575434,26.14175,31.2742,30.42008,27.302588,26.942001,22.953228,21.480219,18.965153,18.36821,13.730975,15.705513,10.9004,12.487425,13.29458,12.716377,16.02191,16.479433,12.870927,14.490147,14.6437845,11.54163,12.592858,8.8960905,12.919751,8.72297,13.297919,13.037803,17.129152,19.327827,19.746197,20.791193,18.346025,20.902617,19.501919,22.371166,18.212093,20.789635,20.456684,22.628242,19.349142,21.863329,20.658648,24.469746,27.28946,24.296738,28.208937,27.825684,21.956144,27.102243,21.906471,26.668621,23.888433,27.952686,30.682163,28.741142,29.220892,23.51399,26.062168,21.398445,22.493929,22.397535,20.906082,18.196428,16.561323,17.004908,15.877259,18.994839,18.09949,21.601116,19.527153,25.024273,27.06433,25.9776,25.675684,22.360922,24.713593,20.532824,22.894304,21.914467,22.667355,25.285265,23.071861,24.103045,28.19755,23.92477,28.828508,29.207062,32.099075
8,23.17134,21.033693,17.70472,15.128458,11.731157,8.636631,6.151669,4.639676,0.0,5.16705,6.332576,7.7342234,10.965182,14.059905,14.888006,15.332164,18.2473,16.020721,21.097298,19.285975,23.301474,24.3198,29.129053,29.000662,26.085064,25.99531,22.381548,21.14536,18.98506,17.15455,13.243645,12.949197,8.932391,7.978745,9.506015,8.60727,11.993348,13.223705,10.35462,12.323041,12.697582,11.235704,11.907393,10.184803,13.712471,11.825449,15.786264,15.423702,19.700033,21.53984,22.361853,23.824184,20.497162,23.142815,21.841793,24.074198,19.303751,21.354351,21.658945,22.781973,18.727276,20.972023,19.047838,22.63214,24.834223,21.16167,25.006157,24.903177,19.419436,24.71964,19.927055,25.219461,22.725073,26.783257,29.082762,26.699673,26.865421,20.841513,22.855145,18.065619,18.511627,18.33568,16.52273,13.941073,13.009145,13.229261,13.526596,16.946823,16.990294,20.873753,19.842196,24.910334,27.011276,26.84645,25.733376,22.308777,24.017733,19.322058,21.206892,19.469719,19.428856,21.468164,19.233791,20.37679,24.755657,20.962187,25.83864,26.80479,29.531332
9,25.890642,24.040268,19.894405,18.250795,13.819383,10.800538,8.39926,6.333344,5.16705,0.0,4.2883096,6.734098,8.548341,11.66278,13.234085,14.759098,17.889925,16.867165,21.57088,21.020882,24.813528,26.455734,31.25956,30.848988,27.817265,26.86999,23.680958,21.660927,20.132177,18.714863,14.913258,14.853332,12.543683,10.573531,13.960215,12.326752,15.358386,17.09423,14.231127,17.211174,17.845367,16.173035,16.811817,14.463693,17.780119,14.203115,17.961788,16.554705,20.920593,23.348488,24.66873,26.32608,23.822475,26.790707,25.63572,28.316023,23.884954,26.186813,26.165195,27.654398,23.790157,25.83903,23.842796,27.374887,29.351429,25.585363,29.444468,29.650629,24.373713,29.654785,24.912045,30.147795,27.391855,31.257893,33.596466,31.058527,31.5879,25.425018,27.310696,22.57124,22.375673,22.064562,19.66716,17.352976,17.107151,15.8793,17.240835,19.7676,19.914797,23.486671,22.05258,27.0978,29.674335,29.673454,29.096441,25.953627,27.53479,23.275097,24.541536,23.435808,22.715708,24.642742,21.651602,21.960789,26.572361,23.632376,28.613028,29.819456,32.962322
10,28.305523,26.71248,22.582054,21.049725,16.97264,13.440084,11.485973,8.276557,6.332576,4.2883096,0.0,4.5165153,5.9615927,8.483368,9.2999115,11.085643,13.76739,12.858554,17.335234,17.053913,20.736488,22.595644,27.339993,26.900288,23.899942,22.811586,19.88921,17.822237,16.647488,14.888881,11.592362,11.133463,10.204978,9.092922,13.576716,12.8221855,15.964261,18.27377,16.100075,18.054348,17.784906,17.078497,16.225645,14.72271,16.819672,14.113334,16.85337,14.972873,19.343363,21.577854,23.541956,25.839436,23.057556,26.515781,25.917955,28.411238,24.100088,26.457909,27.277563,28.594719,24.394169,26.977736,24.930206,28.36819,30.195017,25.866608,29.409935,29.125431,24.165047,28.61815,23.817404,28.802845,25.67246,29.185266,31.45715,28.73188,29.897133,23.65906,25.768791,21.351774,21.090551,21.54743,18.347958,15.827811,15.294534,12.962625,14.581832,16.359177,16.77126,20.183764,19.089357,23.773638,26.571136,27.21375,26.511127,23.608593,24.741858,20.789747,21.397663,20.822828,19.743801,22.007093,18.561684,18.46291,22.903786,20.141329,25.138586,26.355015,29.773626
11,30.884127,28.700323,25.293663,22.63698,19.114538,16.091887,13.361816,11.364618,7.7342234,6.734098,4.5165153,0.0,3.6786447,6.8634334,8.558549,8.52101,12.371063,11.3669195,16.535576,16.801481,20.134655,22.510023,26.729279,27.148794,24.463936,23.72494,21.31316,19.623268,18.825914,15.925345,13.692264,10.534615,11.041467,6.2833385,11.943513,10.763921,13.363088,16.395283,15.168448,17.42684,17.517597,17.952223,17.197588,16.898817,18.9217,17.636795,20.337326,18.759598,23.08545,24.97634,26.957405,29.311348,25.924154,29.222303,28.521576,30.542713,25.803137,27.68121,28.759073,29.275265,24.668625,26.808022,24.237309,27.325586,28.496067,23.729073,27.092546,27.226429,22.865086,27.40242,23.229187,28.567194,25.8886,29.343906,31.13681,28.058342,28.764458,22.432438,23.803415,19.438894,18.288595,18.536732,14.972269,12.900995,13.588395,10.749454,14.382829,16.328142,17.727684,21.347862,21.264215,25.41053,28.120127,29.450872,28.036789,25.067926,25.646564,21.308834,21.47435,20.053389,18.0157,19.355478,15.870947,15.778159,20.622839,18.718918,23.523718,25.452211,28.573412
12,33.851192,31.864027,28.08817,25.863808,21.988153,18.865,16.288815,13.932718,10.965182,8.548341,5.9615927,3.6786447,0.0,3.5591063,6.2987323,7.244732,11.056332,11.410168,15.848752,17.332724,20.237099,23.12745,27.14074,27.425165,24.77815,23.427761,21.584223,19.44492,19.318232,16.59802,14.906088,11.834753,13.718001,9.52625,15.465269,14.270989,16.61267,19.83603,18.69767,21.098974,21.08939,21.510153,20.479641,20.005985,21.709784,19.912401,22.210514,20.051281,24.27132,26.348026,28.757559,31.376183,28.336084,31.900568,31.419193,33.603764,29.05795,31.079096,32.211998,32.87797,28.284311,30.485075,27.896275,30.937822,31.962923,27.056196,30.281874,30.428928,26.312464,30.544464,26.429628,31.59482,28.701286,31.896935,33.65728,30.467964,31.569077,25.260008,26.596489,22.479876,21.010038,21.415176,17.435167,15.619436,16.522081,12.741156,16.801785,17.870115,19.396399,22.634764,22.497896,26.333147,29.347391,31.01503,29.856966,27.175417,27.509033,23.612055,23.192867,22.347649,19.834766,21.11951,17.110067,16.17606,20.929312,19.904116,24.579258,26.668657,30.074526
13,36.75779,34.993958,31.04205,29.111383,25.192904,21.859526,19.540045,16.750465,14.059905,11.66278,8.483368,6.8634334,3.5591063,0.0,3.6687853,5.5891075,8.679588,10.296124,13.765025,16.32516,18.705828,22.020695,25.738363,25.950008,23.428333,21.643206,20.449162,18.10839,18.677734,15.947255,15.138193,11.913643,15.234069,11.93728,18.015606,17.247038,19.479147,22.872412,21.987476,23.985353,23.55806,24.298227,22.608337,22.376324,23.41698,21.784397,23.406124,20.859371,24.830761,26.83781,29.696575,32.672916,29.750689,33.587418,33.45514,35.618084,31.286823,33.38059,34.86858,35.555717,30.892176,33.340656,30.776466,33.742905,34.66145,29.517832,32.487198,32.378956,28.576387,32.19205,28.145931,33.001705,29.870724,32.69101,34.36872,31.078516,32.69956,26.495636,27.904364,24.177193,22.582327,23.453463,19.017727,17.29479,18.107882,13.484956,17.73625,17.845106,19.572453,22.358475,22.430336,25.718904,28.947603,31.121017,30.053535,27.719421,27.666779,24.280876,23.186079,22.955341,20.042902,21.42824,16.990192,15.280905,19.70013,19.428108,23.879646,26.04419,29.70284
14,37.004723,35.561684,31.533697,29.938557,26.171165,22.521654,20.643879,17.294569,14.888006,13.234085,9.2999115,8.558549,6.2987323,3.6687853,0.0,4.6673045,5.7617927,7.774805,10.465367,13.198229,15.470985,18.776045,22.557997,22.475681,19.932901,17.995163,16.983185,14.644158,15.533213,12.794655,12.664403,9.746639,13.978908,12.589301,18.368101,18.361664,20.790926,24.085264,23.260078,24.433334,23.33803,24.313744,21.7791,21.830858,22.047787,20.88227,21.738766,19.052608,22.739994,24.512444,27.68437,30.974031,28.041765,32.09476,32.351624,34.424206,30.393517,32.58096,34.519947,35.30607,30.656544,33.553066,31.204159,34.18702,35.277466,30.038986,32.80551,32.142235,28.411222,31.304876,27.114866,31.521606,28.072021,30.560186,32.299496,29.065323,31.290125,25.248095,27.068384,23.690344,22.505539,24.020197,19.37843,17.37388,17.453287,12.442516,15.997248,15.272277,16.939913,19.34199,19.545088,22.45351,25.779161,28.25632,27.259384,25.211813,24.92898,22.039824,20.535135,21.028461,18.260185,20.27132,15.654955,13.647188,17.55923,17.063509,21.479507,23.32627,27.248579
15,37.98336,36.0749,32.736866,30.226376,27.04945,23.685741,21.392649,18.701601,15.332164,14.759098,11.085643,8.52101,7.244732,5.5891075,4.6673045,0.0,4.7311945,5.62596,9.662152,12.297311,14.248708,17.83387,21.039242,22.037031,19.899149,18.863506,18.072557,16.613815,17.326298,13.4112425,14.022755,8.586156,13.69036,10.559439,16.3176,16.465164,18.345549,21.94958,21.952475,22.871914,21.842436,23.779352,21.20471,22.288279,22.431805,22.621584,23.65049,21.56357,25.291964,26.640606,29.56856,32.78151,29.14903,32.955994,33.08801,34.664978,30.2801,32.012955,34.25662,34.33529,29.407448,32.01894,29.36376,31.989332,32.57455,27.049221,29.49603,28.990335,25.894289,28.58076,25.005371,29.577919,26.597704,29.01262,30.28014,26.774128,28.558546,22.575602,23.780077,20.661566,18.874159,20.494385,15.576264,13.992458,14.855065,9.456758,14.606017,14.169777,16.755152,19.450323,20.701414,23.17615,26.171818,29.134401,27.320538,25.128971,24.38759,21.05938,19.291506,18.836523,15.233183,16.395878,11.751313,9.718018,14.156487,14.409933,18.59079,21.134281,24.629826
16,39.873882,38.411015,34.868153,32.91529,29.773518,26.096777,24.32695,21.04027,18.2473,17.889925,13.76739,12.371063,11.056332,8.679588,5.7617927,4.7311945,0.0,4.3434005,5.31904,9.403281,10.577919,14.5084095,17.511314,18.119797,16.099682,14.652613,14.653725,13.264809,14.780623,10.978762,13.01964,8.444481,14.613626,14.000579,19.1451,20.013653,22.055315,25.465338,25.434921,25.566645,23.806871,25.87569,22.370146,23.642927,22.76035,23.310863,23.309475,20.976719,24.158579,25.20744,28.595808,32.21458,28.757868,32.84083,33.507904,35.01539,31.125114,32.99808,35.737488,36.00838,31.184303,34.300632,31.939432,34.560047,35.32539,29.767101,31.90772,30.7395,27.844963,29.49023,25.826458,29.654287,26.2433,28.04979,29.347094,25.929283,28.658756,23.061516,24.764267,22.283352,21.011415,23.367384,18.366137,16.604534,16.528484,10.924125,14.718439,12.714955,15.233025,17.054468,18.586367,20.174683,23.345015,26.890005,25.255104,23.634443,22.43666,20.086678,17.488207,18.324223,14.867918,16.845142,12.057178,9.219433,12.295533,12.826185,16.646946,18.773092,22.72407
17,36.983734,35.40349,32.309937,30.013132,27.38023,23.805292,22.111216,19.061224,16.020721,16.867165,12.858554,11.3669195,11.410168,10.296124,7.774805,5.62596,4.3434005,0.0,5.7638097,6.7643366,9.073148,12.310067,15.814629,16.783152,14.666035,14.393228,13.41734,12.871938,13.392723,8.751044,10.706459,4.5749054,11.087616,11.179672,15.558276,17.002052,19.059435,22.239332,22.399553,21.882347,19.82967,22.29937,18.531498,20.412725,19.318655,20.899231,20.98341,19.286854,22.526602,23.238976,26.243721,29.692621,25.72577,29.590296,30.174934,31.380087,27.364695,29.03579,31.98828,32.00943,27.149925,30.339108,28.056091,30.610134,31.464926,25.962933,28.046453,26.62415,23.685843,25.188618,21.48979,25.362936,22.06665,24.039667,25.331789,21.90168,24.438984,18.760065,20.633215,18.13152,17.258886,19.89681,15.083565,13.011307,12.387288,6.908117,10.531026,8.930478,11.850166,14.249437,16.251387,18.114414,20.921122,24.30919,22.160137,20.216702,19.0628,16.166565,13.867253,14.120734,10.845634,13.287794,8.708363,6.93849,10.4812355,9.31354,13.750822,15.773097,19.530993
18,41.030495,39.911057,36.54315,34.8643,32.14099,28.334312,27.059513,23.53235,21.097298,21.57088,17.335234,16.535576,15.848752,13.765025,10.465367,9.662152,5.31904,5.7638097,0.0,5.848745,5.5946727,9.746725,12.467387,12.915305,11.185647,10.11527,10.976072,10.622796,12.603515,8.718426,12.572244,8.968366,15.287503,16.914999,20.965084,22.681562,24.728529,27.825838,27.971579,27.039185,24.502243,26.962702,22.521753,24.38273,22.330843,23.969646,22.915642,20.843222,23.282892,23.667866,27.254774,31.154253,27.600603,31.737461,32.93297,34.08706,30.719313,32.519802,35.89623,36.12482,31.455484,35.01612,32.99243,35.465405,36.362473,30.865776,32.565533,30.630613,28.123009,28.472858,24.93557,27.809397,24.141233,25.18714,26.386307,23.127998,26.759771,21.82388,23.986311,22.358255,21.759241,24.87374,20.05406,18.179316,17.128904,12.0417795,14.028809,10.479263,12.973477,13.701487,16.062376,16.31457,19.357525,23.653057,21.84301,20.850443,18.994823,17.731827,14.232836,16.306686,13.294354,16.107178,11.831816,9.067672,9.934228,10.099318,13.228029,14.684825,18.964993
19,37.06345,36.10123,33.152943,31.507612,29.39923,25.671915,24.849598,21.434414,19.285975,21.020882,17.053913,16.801481,17.332724,16.32516,13.198229,12.297311,9.403281,6.7643366,5.848745,0.0,4.205135,5.795135,10.308787,10.44968,8.19242,9.195217,8.006604,9.240332,9.600985,4.8889613,9.296531,6.639009,11.659428,15.626908,18.165916,20.670475,22.862358,25.360273,25.446362,23.495426,20.337906,22.953882,17.908587,20.324652,17.51498,20.450974,19.012985,17.76378,19.924398,19.720526,22.898222,26.672771,22.656813,26.60092,27.932032,28.748018,25.59368,27.287855,31.019686,31.221096,26.755405,30.651176,29.023174,31.487032,32.77092,27.614971,29.24036,26.697697,23.97002,23.776575,19.930807,22.354599,18.460617,19.50571,20.990282,17.953226,21.90203,17.149149,20.06543,18.61955,19.132496,22.608498,18.43688,16.1088,13.724237,10.038885,9.331169,4.950486,7.4620175,8.359966,11.520473,11.932994,14.553914,18.678276,16.349834,15.14717,13.295042,11.934933,8.501644,11.189041,9.640191,13.8404455,10.614543,9.740615,10.2333555,6.6219983,10.522842,10.761914,15.154056
20,41.142727,40.19611,37.331867,35.62677,33.58322,29.868006,28.971277,25.575434,23.301474,24.813528,20.736488,20.134655,20.237099,18.705828,15.470985,14.248708,10.577919,9.073148,5.5946727,4.205135,0.0,4.514961,7.094143,8.099708,7.000049,8.253099,9.260127,10.914697,12.295882,8.456572,13.252938,10.425889,15.797112,19.02118,21.646551,24.147776,26.041847,28.702143,29.148153,27.107134,23.910543,26.890682,21.74886,24.430157,21.3715,24.517485,22.739668,21.400208,23.15198,22.701912,26.060993,29.97585,26.060785,29.96128,31.53102,32.106255,29.183226,30.69342,34.698536,34.65945,30.20041,34.040863,32.361015,34.5588,35.52253,30.23162,31.42102,28.745705,26.758036,25.746134,22.55386,24.385582,20.705084,20.947748,21.9153,18.848051,23.211138,19.159487,21.682661,21.027199,21.198029,24.928373,20.612616,18.733585,16.810896,12.96599,12.983817,8.465279,10.910241,10.563329,14.258644,13.030374,15.423027,20.439724,17.974512,17.504303,14.84966,14.567143,10.224966,13.254308,11.089539,14.612173,11.6056185,9.972139,8.533132,7.1468062,9.127664,9.532396,14.023458
21,39.841557,39.208866,36.60031,35.1884,33.58677,29.938183,29.514881,26.14175,24.3198,26.455734,22.595644,22.510023,23.12745,22.020695,18.776045,17.83387,14.5084095,12.310067,9.746725,5.795135,4.514961,0.0,5.4247575,5.2672305,4.22249,7.8886743,7.9514737,10.98312,11.482784,8.587082,13.239053,12.10263,15.926534,20.757444,22.285372,25.264183,27.235815,29.389997,29.732658,26.924377,23.24004,26.175737,20.591558,23.52483,19.686367,23.67918,21.26619,20.515278,21.607044,20.521444,23.622444,27.486553,23.49942,27.208496,29.115557,29.366816,26.997372,28.430288,32.78639,32.8277,28.732903,32.88424,31.654758,33.788227,35.076736,30.180998,31.188114,27.922981,25.940575,24.087261,20.824427,21.68969,17.775799,17.438307,18.600368,16.00724,21.076744,17.77147,20.924595,20.748793,21.852386,25.801832,22.093973,20.01709,17.205194,14.673111,12.53591,7.7892346,9.124396,7.5093684,11.921008,9.598442,11.3585825,16.691065,13.920138,13.95116,10.865638,11.800822,7.187746,11.6554165,11.308059,15.562868,13.693673,13.174915,11.296648,7.8012695,8.980645,7.186946,11.810535
22,44.77512,44.01024,41.713104,39.98,38.61131,35.067917,34.461773,31.2742,29.129053,31.25956,27.339993,26.729279,27.14074,25.738363,22.557997,21.039242,17.511314,15.814629,12.467387,10.308787,7.094143,5.4247575,0.0,5.2884583,7.3340845,10.828866,12.617744,15.577614,16.639095,13.8705635,18.611404,16.539331,20.826288,24.680662,26.106552,29.117846,30.663147,32.93458,33.80854,30.831154,27.175829,30.669168,25.11953,28.51647,24.615717,29.024963,26.562185,25.890247,26.762207,25.449883,28.47216,32.288548,28.24487,31.692358,33.704487,33.53031,31.29995,32.34653,36.997463,36.550034,32.462074,36.405685,35.0849,36.790535,37.603012,32.628277,33.01227,29.620363,28.701078,25.831312,23.629047,23.800764,20.533607,19.235281,19.44373,16.902016,22.091413,19.886995,22.326992,23.185833,23.895994,28.069798,24.406466,22.892027,20.638056,18.133806,16.923773,12.537146,14.286275,12.461539,16.979568,13.563304,14.479982,20.320366,17.216152,17.877785,14.128704,15.711818,10.909832,14.470592,13.433286,16.527325,15.373721,14.593601,10.881637,9.842875,8.033723,6.336355,10.056183
23,43.473965,43.260574,40.467445,39.600056,37.933704,34.181244,34.055115,30.42008,29.000662,30.848988,26.900288,27.148794,27.425165,25.950008,22.475681,22.037031,18.119797,16.783152,12.915305,10.44968,8.099708,5.2672305,5.2884583,0.0,3.3701932,6.947975,9.020446,12.239124,13.481933,12.280141,16.926498,16.97341,20.650253,25.87281,27.474998,30.460213,32.49117,34.594597,34.823475,31.895964,28.062428,30.753222,25.0203,27.657063,23.39955,27.106607,23.94783,23.037981,23.274397,21.845327,25.183,29.211426,25.86203,29.573008,31.960161,32.16747,30.53211,32.05021,36.553787,36.84523,33.079853,37.412666,36.438328,38.526623,39.90603,35.156784,35.96407,32.435246,30.689373,28.183525,25.137064,25.082684,21.125957,19.892303,20.954727,19.00174,24.631742,22.209538,25.412083,25.689785,26.916779,30.948095,27.271698,25.267742,22.422754,19.88232,17.531982,12.78655,13.19913,10.212694,13.859985,9.567192,10.906959,16.815157,14.825366,16.130123,12.829761,15.583591,11.243175,16.278204,16.309418,20.277752,18.581924,17.650206,14.938909,12.739665,12.511529,9.931079,13.919224
24,40.685314,40.529987,37.49244,36.82311,34.94458,31.117506,31.069715,27.302588,26.085064,27.817265,23.899942,24.463936,24.77815,23.428333,19.932901,19.899149,16.099682,14.666035,11.185647,8.19242,7.000049,4.22249,7.3340845,3.3701932,0.0,4.700676,5.7019124,9.03875,10.126744,9.132445,13.692932,14.453137,17.885857,23.512247,25.29502,28.167658,30.430754,32.50804,32.418915,29.712345,25.950344,28.256775,22.595047,24.840523,20.719372,23.965956,20.853502,19.764957,20.179283,18.983583,22.4786,26.582869,23.323528,27.252361,29.540756,30.080746,28.309694,30.087566,34.341324,34.937023,31.144712,35.545483,34.5773,36.917553,38.52668,33.79852,34.975212,31.61201,29.276793,27.47002,23.856335,24.32196,20.051239,19.473507,21.037703,18.991447,24.40719,21.313885,24.789976,24.446579,25.76812,29.6101,25.875889,23.607239,20.58671,17.938875,15.291467,10.512798,10.521989,7.597956,10.875915,7.324539,9.617764,15.116409,13.504454,14.350685,11.629728,13.867411,9.876482,15.138481,15.358559,19.739994,17.6044,16.707727,14.950389,11.925666,13.03286,10.736184,15.124793
25,41.548042,41.54924,37.89263,37.670242,35.16699,31.136425,31.07653,26.942001,25.99531,26.86999,22.811586,23.72494,23.427761,21.643206,17.995163,18.863506,14.652613,14.393228,10.11527,9.195217,8.253099,7.8886743,10.828866,6.947975,4.700676,0.0,4.8083906,6.279339,8.98325,9.056542,13.367989,14.8331995,18.725542,24.00329,26.71905,29.141655,31.648857,33.97882,33.512257,31.495245,28.040543,29.783348,24.43012,25.839052,22.19078,23.992346,20.904043,18.962442,19.451616,18.888712,22.916573,27.211206,24.64993,28.92445,31.160107,32.28185,30.465956,32.627514,36.446278,37.487946,33.638298,38.019398,36.926155,39.54925,41.248898,36.37992,37.92511,34.923717,32.13911,31.139378,27.142296,28.192175,23.751133,23.652704,25.456972,23.317091,28.481245,24.789005,28.198624,27.2487,28.19053,31.750454,27.630457,25.262655,22.573591,19.105677,17.254652,12.604471,12.476233,10.09838,11.6574545,9.216766,12.414867,17.0942,16.652697,17.326124,15.37301,17.113028,13.574167,18.52891,18.152224,22.388216,19.39596,17.763866,16.70068,14.597794,16.413769,14.933636,19.470385
26,36.78459,36.887802,33.257877,33.217648,30.841145,26.846603,27.072813,22.953228,22.381548,23.680958,19.88921,21.31316,21.584223,20.449162,16.983185,18.072557,14.653725,13.41734,10.976072,8.006604,9.260127,7.9514737,12.617744,9.020446,5.7019124,4.8083906,0.0,3.8508544,4.5928283,5.691102,9.273601,12.401626,14.915558,21.3143,23.480192,26.007025,28.72845,30.700176,29.895803,27.714584,24.186907,25.497936,20.151934,21.282469,17.529911,19.35606,16.177883,14.509129,15.101599,14.498756,18.403316,22.648226,19.939663,24.267628,26.418962,27.689812,25.881542,28.20784,31.862198,33.170837,29.492325,33.986687,33.112614,35.914356,37.97435,33.408337,35.23236,32.20414,28.847034,28.297348,23.787395,25.021084,20.366312,20.839596,23.164494,21.209745,26.111284,22.133202,25.958422,24.555872,26.021797,29.387495,25.65278,22.963192,19.737535,17.002882,13.911571,9.770435,8.50932,6.2850323,6.952751,6.1667767,9.840381,13.579088,13.306182,13.4072075,12.288843,13.556371,11.023801,15.998034,16.588959,21.31387,18.541924,17.670181,17.530165,13.769898,16.558144,14.770228,19.228653
27,36.507114,36.642952,32.510647,32.761276,29.829296,25.702438,25.861843,21.480219,21.14536,21.660927,17.822237,19.623268,19.44492,18.10839,14.644158,16.613815,13.264809,12.871938,10.622796,9.240332,10.914697,10.98312,15.577614,12.239124,9.03875,6.279339,3.8508544,0.0,3.8517435,6.006205,8.46106,12.2123995,14.869787,20.729467,23.658384,25.707878,28.619915,30.767641,29.616167,28.133934,25.001318,25.780357,20.918497,21.245672,18.212986,18.551647,15.743064,13.214323,14.258355,14.5315695,18.722313,22.966316,20.793316,25.316162,27.224325,29.011492,27.001936,29.603529,32.759743,34.391193,30.65,35.014145,33.993744,37.025158,39.137486,34.49854,36.669487,34.039585,30.288273,30.571472,25.796217,27.66342,23.01355,23.997122,26.44062,24.336143,28.85401,24.33602,28.013277,26.037504,27.155655,30.174444,26.21223,23.457123,20.5946,17.304195,15.055644,11.468526,10.370909,9.330513,8.490495,9.444282,13.20485,16.01133,16.39925,16.096321,15.600127,16.08608,14.007433,18.344887,18.412296,22.909163,19.537746,18.255932,18.901106,15.715422,19.066164,17.923323,22.472614
28,32.897472,33.12906,29.14233,29.507772,26.841026,22.781006,23.258675,18.965153,18.98506,20.132177,16.647488,18.825914,19.318232,18.677734,15.533213,17.326298,14.780623,13.392723,12.603515,9.600985,12.295882,11.482784,16.639095,13.481933,10.126744,8.98325,4.5928283,3.8517435,0.0,5.098493,5.862083,11.3817005,12.360969,19.350357,21.503914,23.741749,26.766344,28.515787,27.147026,25.342821,22.078611,22.535696,17.620491,17.79086,14.520043,15.131061,12.109815,10.036099,11.157724,11.257986,15.227192,19.400703,16.983522,21.503782,23.373583,25.192646,23.253012,25.942278,29.04021,30.844847,27.306385,31.782085,31.00953,34.122845,36.52594,32.211006,34.5044,31.770897,27.671825,28.130545,23.05661,24.896885,20.170954,21.512247,24.286877,22.433706,26.719004,22.20602,26.185535,24.014048,25.652401,28.549578,25.04706,22.0917,18.730446,16.365564,12.865418,10.026749,7.8354926,7.2485604,5.088763,8.067479,11.558141,13.357344,13.805858,13.022243,13.29067,13.409581,12.367596,16.516945,17.504564,22.271889,19.356121,18.814968,19.817928,15.490972,19.177269,17.700956,21.982962
29,33.68933,33.18336,29.720562,28.906803,26.469593,22.53428,22.251997,18.36821,17.15455,18.714863,14.888881,15.925345,16.59802,15.947255,12.794655,13.4112425,10.978762,8.751044,8.718426,4.8889613,8.456572,8.587082,13.8705635,12.280141,9.132445,9.056542,5.691102,6.006205,5.098493,0.0,4.980931,6.8258357,9.699613,15.624098,18.054457,20.41532,23.148342,25.273716,24.533155,22.732182,19.542728,21.040747,16.030674,17.357197,14.465795,16.358599,14.549988,12.988202,15.1428995,15.225923,18.60162,22.47161,18.968092,23.211428,24.630547,25.991962,23.16097,25.384941,28.734781,29.72419,25.602047,29.786503,28.523294,31.407793,33.310894,28.563152,30.682842,28.139658,24.473656,24.96009,20.269684,22.73111,18.353506,19.889626,22.149395,19.63946,23.571936,18.63482,22.176397,20.050009,21.192993,24.255669,20.44804,17.649874,14.631004,11.658981,9.154976,5.719505,5.489588,6.622315,7.681003,9.894692,13.020595,15.947162,14.704905,13.286458,12.664973,11.417916,9.522822,12.813956,12.806838,17.383692,14.276119,13.77432,15.04317,10.752756,14.884095,14.254694,18.566628
30,29.164635,28.751238,24.95935,24.517767,21.807545,17.788853,17.812923,13.730975,13.243645,14.913258,11.592362,13.692264,14.906088,15.138193,12.664403,14.022755,13.01964,10.706459,12.572244,9.296531,13.252938,13.239053,18.611404,16.926498,13.692932,13.367989,9.273601,8.46106,5.862083,4.980931,0.0,7.338734,6.7942767,13.845944,15.972554,17.995083,21.121134,22.85066,21.370686,19.957815,17.099745,17.472685,13.052013,13.162493,11.040222,11.578347,10.47209,8.838028,11.932943,12.74753,15.691316,19.208231,15.90302,20.176466,21.161592,23.082663,20.052748,22.655237,25.328289,26.870949,22.955256,27.10487,26.010206,29.258701,31.610497,27.273462,29.933815,27.720741,23.175484,24.838264,19.553658,22.613012,18.28646,20.729277,23.449102,21.224953,24.37914,19.05471,22.73956,19.755062,21.223125,23.632439,20.32667,17.233849,14.009902,12.020475,8.80502,8.029493,6.486524,8.979859,7.639951,12.21664,15.03115,16.13697,15.55715,13.333936,14.196021,11.899285,12.0081005,14.154569,14.902977,19.301626,16.385115,16.46724,18.775337,14.04977,18.637987,18.071815,21.974318
31,32.679985,31.211494,28.249834,26.061918,23.702917,20.114855,18.772177,15.705513,12.949197,14.853332,11.133463,10.534615,11.834753,11.913643,9.746639,8.586156,8.444481,4.5749054,8.968366,6.639009,10.425889,12.10263,16.539331,16.97341,14.453137,14.8331995,12.401626,12.2123995,11.3817005,6.8258357,7.338734,0.0,6.607887,9.199671,12.483201,14.468611,16.947454,19.57988,19.342293,18.262375,15.858733,18.069668,14.050929,15.97197,14.777302,16.807877,17.031336,15.873264,19.218967,19.815975,22.398914,25.618097,21.424767,25.16394,25.640703,26.850115,22.813362,24.576355,27.502268,27.72443,22.992058,26.44203,24.452185,27.226076,28.58179,23.422916,25.773949,24.066843,20.443146,22.227148,17.911951,21.899862,18.426874,20.882542,22.606977,19.452349,21.838568,15.946666,18.494125,15.541162,15.681182,18.294725,14.145803,11.398507,9.414473,5.262168,6.45299,6.0771194,8.404392,11.687145,13.25485,16.093006,18.624043,21.212248,19.046007,16.623497,16.12705,12.573515,11.400025,11.383747,9.630816,13.069184,9.469268,9.532355,12.833357,9.139699,14.145648,15.301416,18.897116
32,26.140043,24.734306,21.954962,19.87468,17.90585,14.4297085,13.672682,10.9004,8.932391,12.543683,10.204978,11.041467,13.718001,15.234069,13.978908,13.69036,14.613626,11.087616,15.287503,11.659428,15.797112,15.926534,20.826288,20.650253,17.885857,18.725542,14.915558,14.869787,12.360969,9.699613,6.7942767,6.607887,0.0,8.637148,9.280963,11.64221,14.68296,16.16223,14.988067,13.3357115,10.731155,11.836527,7.932413,9.387769,8.885992,11.243264,12.474656,12.504888,16.102003,16.747854,18.239883,20.730417,16.281248,19.615,19.570597,20.98078,16.676126,18.67861,21.14825,21.840298,17.38606,21.079605,19.571016,22.78864,24.988863,20.656446,23.565996,21.806625,16.93276,19.78419,14.559618,18.926384,15.515941,18.988928,21.361826,18.885843,20.447464,14.530591,17.714571,13.936469,15.492444,17.39246,14.776934,11.569888,8.185877,8.2490425,5.0931044,8.325655,8.234904,12.295519,12.368882,16.777695,18.65802,19.410181,17.537418,14.264856,15.340724,10.782398,12.306718,11.410897,12.231465,15.787236,13.760326,15.191226,18.396156,13.304307,18.094349,18.320705,21.258163
33,29.567081,26.930742,24.722284,20.900572,18.75348,16.185879,13.43659,12.487425,7.978745,10.573531,9.092922,6.2833385,9.52625,11.93728,12.589301,10.559439,14.000579,11.179672,16.914999,15.626908,19.02118,20.757444,24.680662,25.87281,23.512247,24.00329,21.3143,20.729467,19.350357,15.624098,13.845944,9.199671,8.637148,0.0,6.1600676,6.0241303,8.476572,11.627656,11.546616,12.525135,12.398452,14.335176,13.368534,14.8095,16.519838,17.645485,20.282051,19.80786,23.90175,25.058184,26.505642,28.63258,24.287859,27.093895,26.255732,27.496164,22.378069,23.615295,25.220844,24.822472,19.873974,21.887926,19.087952,21.87866,22.810946,17.771221,20.969067,20.962683,16.838142,21.359362,17.608625,23.212042,21.15614,24.741533,26.168715,23.043287,23.006395,16.714882,17.71872,13.236995,12.179896,12.58382,9.308239,6.8965616,7.8016453,6.7570057,10.607856,13.794827,15.650727,19.652683,20.529,24.358717,26.428528,27.87773,25.536104,22.282663,22.657986,17.64995,18.256197,15.434833,13.598341,14.459385,12.109554,13.482735,18.166887,15.470852,20.024855,22.045502,24.433939
34,26.216639,23.211496,22.26915,17.539669,16.948692,15.205369,12.897673,13.29458,9.506015,13.960215,13.576716,11.943513,15.465269,18.015606,18.368101,16.3176,19.1451,15.558276,20.965084,18.165916,21.646551,22.285372,26.106552,27.474998,25.29502,26.71905,23.480192,23.658384,21.503914,18.054457,15.972554,12.483201,9.280963,6.1600676,0.0,3.8616,5.836128,7.2650666,7.841079,6.750324,6.8038177,9.847664,9.748789,12.398573,14.375179,17.195791,20.076181,20.8249,24.531967,25.156511,25.663021,27.123447,22.2382,24.174868,22.907127,23.487795,18.068829,18.635975,20.270985,19.152308,14.100094,15.8770275,13.053528,15.836513,17.111145,12.443795,15.907984,15.753406,10.976827,16.363512,12.744339,18.700933,17.51887,21.541176,22.87338,20.178005,18.960173,13.031116,13.925166,8.967881,9.374626,9.3010645,8.541138,6.184206,5.7510877,9.32004,10.274328,14.807027,16.104326,20.194483,21.211168,25.07462,26.354609,27.121485,24.30999,20.717854,21.501736,15.975753,17.877611,13.82348,13.5992985,14.290144,13.934081,16.616535,20.520876,16.64147,20.66434,22.145018,23.6322
35,26.406345,23.05944,21.982084,16.93375,15.885408,14.551706,11.518641,12.716377,8.60727,12.326752,12.8221855,10.763921,14.270989,17.247038,18.361664,16.465164,20.013653,17.002052,22.681562,20.670475,24.147776,25.264183,29.117846,30.460213,28.167658,29.141655,26.007025,25.707878,23.741749,20.41532,17.995083,14.468611,11.64221,6.0241303,3.8616,0.0,3.488291,5.750735,5.869685,7.8594694,9.654641,11.283226,12.631823,14.038197,16.991783,18.420376,21.932968,22.356812,26.344854,27.39241,27.90699,29.204853,24.71592,26.613556,25.023392,25.955662,20.470942,21.127047,21.927732,20.978533,16.210903,17.17112,14.066957,16.843916,17.827875,13.466594,17.264189,18.113487,13.536456,19.608536,16.345678,22.356724,21.310654,25.38573,26.705591,23.98753,22.53228,16.717607,17.077478,12.15118,11.522977,10.168083,9.5867405,8.008472,9.194506,11.41767,13.569814,17.840004,19.17607,23.314404,23.965631,28.113146,29.652252,30.297876,27.790718,24.185553,25.103565,19.63675,21.38667,17.527554,16.737362,16.89536,16.093798,18.339573,22.727123,19.56414,23.69277,25.505638,27.113188
36,28.276022,24.543564,24.19408,18.539,18.147556,17.395868,14.289504,16.02191,11.993348,15.358386,15.964261,13.363088,16.61267,19.479147,20.790926,18.345549,22.055315,19.059435,24.728529,22.862358,26.041847,27.235815,30.663147,32.49117,30.430754,31.648857,28.72845,28.619915,26.766344,23.148342,21.121134,16.947454,14.68296,8.476572,5.836128,3.488291,0.0,4.012387,6.4877787,8.55364,11.02,13.313785,15.032426,16.943487,19.798622,21.712753,25.200294,25.763739,29.688482,30.597572,30.996883,32.175045,27.506716,29.108728,27.379856,27.93729,22.378656,22.523169,23.269785,21.596296,16.881989,16.987207,13.454457,15.588826,15.756171,11.260611,14.984183,16.650473,12.884283,19.198437,16.916353,22.961954,22.595463,26.561922,27.45418,24.68854,22.488134,17.076826,16.47356,11.822111,10.401323,7.8814306,8.535638,8.151372,10.508243,13.103417,15.833795,20.074205,21.741325,25.828754,26.883919,30.739857,32.11021,32.953236,30.103596,26.514238,27.188587,21.649393,23.285585,18.836508,17.7208,16.903496,16.768057,19.262604,23.537527,20.88724,24.562838,26.70805,27.83287
