,0,1,2,3,4,5,6,7,8,9,10,11,12,13,14,15,16,17,18,19,20,21,22,23,24,25,26,27,28,29,30,31,32,33,34,35,36,37,38,39,40,41,42,43,44,45,46,47,48,49,50,51,52,53,54,55,56,57,58,59,60,61,62,63,64,65,66,67,68,69,70,71,72,73,74,75,76,77,78,79,80,81,82,83,84,85,86,87,88,89,90,91,92,93,94,95,96,97,98,99,100,101,102,103,104,105,106,107,108
0,0.0,4.9751644,6.321467,10.234646,12.794249,15.279861,17.773613,20.742596,22.961872,25.976156,28.783665,30.340532,33.786514,36.322296,36.044617,36.8648,39.245724,38.245354,42.265057,39.71103,43.89388,43.475124,48.58018,47.62279,44.607704,44.738804,40.216515,38.92097,35.759777,36.152138,31.133747,34.1676,28.214165,30.13848,27.939676,26.919981,28.670511,25.863588,22.50877,21.981651,23.06332,19.030249,22.162369,20.765535,23.23415,24.7979,27.237198,29.87881,31.623764,31.644297,28.380266,25.085493,24.077507,21.695621,17.983995,19.171896,17.970085,18.681293,13.38957,16.550793,19.517006,19.108751,21.529427,23.222363,27.408278,29.717598,32.758297,32.424988,27.223606,33.158966,29.325426,33.015686,32.30163,36.27219,39.076797,38.79291,37.370247,33.73188,36.0,32.120037,34.921074,33.778538,35.57278,33.545357,31.552519,34.440533,31.468838,35.27835,33.357468,36.489296,35.51061,41.161903,38.586723,35.594063,35.576588,33.235455,36.907894,33.198387,37.601063,35.776093,38.547794,40.63598,40.45587,42.44947,46.228558,41.112335,45.206245,45.286922,46.57482
1,4.9751644,0.0,6.3175364,6.31773,10.395149,13.574799,15.146679,18.829483,20.209734,23.469578,26.256203,27.177803,30.81079,33.585728,33.67843,34.12143,36.974045,35.786156,40.25764,37.80928,42.00385,41.87284,46.79902,46.335705,43.394062,43.66213,39.276382,37.94522,34.89971,34.607464,29.781097,31.83126,25.956945,26.70171,24.369593,22.986996,24.448757,21.526558,18.16275,18.311672,20.141085,16.144402,20.234138,19.006958,22.304796,23.993793,27.004095,29.501986,31.817854,32.052273,29.258831,26.492567,24.597486,22.822556,19.039255,20.133156,17.568037,18.013353,13.033343,15.086059,17.201723,16.106913,17.949274,19.642458,23.638857,25.906263,29.102268,29.35152,24.31161,30.807077,27.241993,31.570005,31.071274,35.280254,37.78341,37.102123,35.28291,31.328316,33.120422,29.006023,31.407824,29.849709,31.870232,30.07026,28.581457,31.562958,29.351671,33.48181,32.058186,35.483154,35.102894,40.6824,38.691475,35.857826,35.42032,32.741142,36.10559,31.839071,36.052483,33.634483,35.94798,37.567505,37.423267,39.46206,43.442333,38.749107,42.851414,43.385582,44.602993
2,6.321467,6.3175364,0.0,6.794205,6.9664545,9.311124,12.006626,14.84378,17.519382,20.00383,23.08272,24.885075,28.152834,30.627937,30.431273,31.656,33.99963,33.435467,37.42032,35.4622,39.60947,39.66236,44.84043,43.824615,40.683567,40.360554,36.02422,34.30959,31.449812,31.798597,26.888426,29.709358,24.270138,25.83499,24.728758,23.360115,25.537142,23.390999,19.507318,19.768833,20.887201,15.963003,19.474335,16.798101,20.030643,20.003433,23.084185,25.173916,27.420246,28.019978,25.148434,22.279379,21.336136,20.076553,16.45695,18.82657,16.73021,18.405064,13.944657,17.575424,18.955725,19.397663,20.922106,23.450583,27.645319,28.763048,32.331764,32.255135,26.694176,32.832176,28.411776,32.684345,31.247055,35.368496,38.249374,37.461746,36.63362,32.155155,34.56136,30.258728,32.565006,31.487272,32.539524,30.272505,28.500017,30.519861,28.13407,31.699705,29.97417,33.230354,32.339012,38.03481,36.15815,33.46977,33.577507,30.977993,34.581814,30.746843,34.745914,33.20738,35.43158,37.703472,36.8599,38.42062,42.41525,37.58209,42.018024,42.26894,44.065964
3,10.234646,6.31773,6.794205,0.0,5.390673,8.639487,9.235813,13.297845,14.121574,17.445967,20.186428,20.893206,24.548933,27.391754,27.674187,28.084074,31.145197,30.082182,34.753883,32.716667,36.873814,37.190086,42.046932,41.8042,38.844242,38.925163,34.765873,33.199486,30.42766,29.68114,25.098734,26.409508,20.954733,20.86581,19.290592,17.507593,19.285095,16.93585,13.046014,14.123533,16.274277,11.582867,16.470968,14.474384,18.747572,19.564465,23.232155,25.285717,28.214258,28.890718,26.729841,24.683172,22.244055,21.628881,18.069391,19.797945,15.983145,17.01294,13.283276,15.142162,15.245812,14.875895,15.495782,18.075283,21.955055,22.875677,26.600405,27.20213,21.933254,28.673304,24.727541,29.740055,28.728931,33.10311,35.50752,34.25203,32.80673,28.046192,29.774586,25.239182,27.069967,25.479677,26.910229,24.981138,23.859861,26.224789,24.820747,28.912457,27.918552,31.551756,31.592474,37.08289,35.917206,33.42311,32.83521,29.82931,32.923767,28.328445,32.097866,29.627863,31.303629,32.87832,32.245823,33.999035,38.201008,33.896057,38.232136,39.089287,40.646057
4,12.794249,10.395149,6.9664545,5.390673,0.0,4.0565677,5.294542,9.028027,11.163656,13.421215,16.71636,18.165041,21.460728,24.102621,24.300804,25.508333,28.235693,27.866009,32.19401,30.835213,34.912006,35.5905,40.608143,39.983948,36.85389,36.317944,32.317173,30.280071,27.826122,27.473019,22.961327,24.6017,19.854683,20.005966,19.966608,18.027357,20.406773,19.011442,14.787579,16.330648,17.897867,12.537103,16.87412,13.297117,17.798948,16.476757,20.545843,21.945923,25.091658,26.300886,24.331717,22.482676,20.762486,20.951048,17.72111,20.488905,16.94386,18.947285,15.892373,18.692736,18.109905,18.873898,19.08825,22.185616,26.004036,25.909143,29.894125,30.376032,24.866028,31.240788,26.69702,31.708677,29.910843,34.187115,36.819508,35.3591,34.75255,29.489365,31.60649,26.913437,28.416363,27.17108,27.628504,25.342003,24.20354,25.4271,24.277061,27.801744,26.729994,30.25435,30.000278,35.515694,34.720676,32.472713,32.30079,29.306616,32.476788,28.197798,31.588211,29.84968,31.187435,33.224926,31.83714,33.0376,37.33242,33.132324,37.79553,38.54278,40.665348
5,15.279861,13.574799,9.311124,8.639487,4.0565677,0.0,3.7923362,5.5393934,8.719245,10.910521,13.850765,16.10311,19.108562,21.413889,21.174204,22.690474,24.979507,24.820242,28.79526,27.550964,31.587824,32.27932,37.398705,36.499176,33.30073,32.557827,28.573565,26.427574,24.033236,23.96378,19.44045,21.593206,17.134493,18.29889,18.941065,17.430683,20.282633,19.485798,15.433781,16.331251,17.051828,11.628879,14.994542,10.5942135,14.925581,12.585678,16.755789,17.948093,21.166237,22.551735,20.807726,19.302614,17.676195,18.520756,15.714083,18.955002,15.51576,18.085712,15.94407,19.137274,17.978027,19.746712,19.824366,23.292957,27.14452,26.261744,30.301615,30.392153,24.710732,30.551613,25.585045,30.425493,28.082733,32.215637,34.991276,33.46312,33.506413,28.04889,30.56242,25.9416,27.469852,26.76648,26.535965,23.94113,22.460543,23.100271,21.68299,24.78962,23.56983,26.967594,26.54245,32.031715,31.423798,29.341667,29.360199,26.401949,29.581127,25.585262,28.766052,27.590797,28.921013,31.412924,29.686117,30.648535,34.809315,30.448948,35.22171,35.74951,38.16068
6,17.773613,15.146679,12.006626,9.235813,5.294542,3.7923362,0.0,4.636043,6.016328,8.329133,11.460276,12.952759,16.193676,18.818624,19.090864,20.31308,23.145758,22.937311,27.360918,26.431149,30.406126,31.493498,36.386658,35.94623,32.842842,32.143097,28.425274,26.200981,24.082823,23.275537,19.174398,20.037418,16.053286,15.559985,16.717937,14.668901,17.42928,17.00885,12.902471,14.856773,16.168413,10.967421,15.026845,10.791679,15.796861,13.357154,17.941229,18.745502,22.449867,24.047735,22.872425,21.927301,19.717598,21.022705,18.384666,21.315348,17.187878,19.446367,17.778217,20.115887,18.156761,19.587261,18.92395,22.42016,25.88722,24.575886,28.74503,29.334663,23.92868,29.984241,25.283052,30.543922,28.32424,32.536446,35.016525,33.118946,32.964027,27.212908,29.290512,24.485249,25.429562,24.407837,24.062414,21.629438,20.790363,21.13531,20.799559,24.046867,23.42525,27.011808,27.176117,32.434254,32.44805,30.598593,30.28735,27.116226,29.906368,25.530983,28.340017,26.724476,27.42795,29.494991,27.598354,28.445204,32.846653,29.030739,33.839558,34.817318,37.244022
7,20.742596,18.829483,14.84378,13.297845,9.028027,5.5393934,4.636043,0.0,4.7620945,6.028582,8.522404,11.472599,14.034229,16.067493,15.700612,17.56296,19.701126,19.960964,23.819847,23.225597,27.096994,28.286207,33.297874,32.456413,29.253025,28.161163,24.534924,22.058237,20.142622,19.75498,15.771874,17.284319,14.067739,14.929441,17.152298,15.736804,18.914896,19.225967,15.565496,16.687346,16.940504,12.117733,14.574426,9.5231085,13.886899,9.544338,14.289337,14.503814,18.37939,20.330029,19.581404,19.191511,17.30092,19.457401,17.496479,20.861544,17.145302,19.93289,19.18972,21.925646,19.57506,21.960228,21.267138,25.004389,28.452831,26.383112,30.51384,30.65081,25.171373,30.469229,25.362082,30.285906,27.420792,31.367817,34.003197,32.043148,32.724464,26.829552,29.359703,24.748802,25.66775,25.331104,24.095509,21.325182,20.105581,19.482006,18.91373,21.424337,20.646706,23.989233,23.9094,29.055792,29.387897,27.817595,27.802359,24.738865,27.484663,23.590395,26.00565,25.22489,25.839283,28.487883,26.088085,26.519123,30.72206,26.783817,31.726921,32.41446,35.25469
8,22.961872,20.209734,17.519382,14.121574,11.163656,8.719245,6.016328,4.7620945,0.0,5.156503,6.1569753,7.6856036,10.943917,13.444158,13.562008,14.351196,17.350544,17.003687,21.636011,20.948267,24.815845,26.26279,30.951082,30.824846,27.828478,27.174438,23.78333,21.567507,19.787827,18.197655,14.750569,14.385311,11.425414,10.356768,13.020386,11.340836,14.521677,15.374935,12.113877,13.717831,14.323842,10.281438,13.143207,8.990982,13.85409,10.942425,15.60761,15.85382,20.021124,21.812922,21.671257,21.861385,18.892933,21.270916,19.436968,22.131811,17.605227,19.84754,19.802467,21.447805,18.169462,20.318224,18.844044,22.566805,25.53535,22.847702,27.016106,27.53749,22.441536,27.780624,23.053682,28.380175,25.773561,29.789738,32.012047,29.660978,30.028702,23.89843,25.92924,21.20019,21.55914,21.03885,19.65246,17.019659,16.416342,15.6996,16.318846,19.207806,19.225489,22.837454,23.65364,28.457825,29.40128,28.03691,27.43714,24.123112,26.325996,21.883211,23.943567,22.432526,22.42325,24.553232,22.153772,22.677313,27.117153,23.660612,28.556017,29.776459,32.456337
9,25.976156,23.469578,20.00383,17.445967,13.421215,10.910521,8.329133,6.028582,5.156503,0.0,4.483248,6.775681,8.77399,11.068082,11.734873,13.913354,16.614311,17.534763,21.647705,22.285212,25.75107,27.844126,32.38739,32.05069,29.010887,27.560093,24.706736,21.867382,20.85615,19.569683,16.861208,16.19089,15.039847,13.193471,17.22829,15.220055,18.11797,19.488455,16.268654,18.669151,19.383514,15.42708,17.966473,13.446789,17.757547,12.776313,17.442404,16.510534,20.840233,23.28473,23.48074,23.88954,21.853304,24.632973,23.036253,26.210934,22.132353,24.657623,24.416796,26.43106,23.30976,25.375406,23.827538,27.476439,30.272058,27.437178,31.613884,32.372223,27.44856,32.621254,27.894915,33.10503,30.21364,34.032894,36.269707,33.782494,34.55613,28.323294,30.282246,25.632359,25.447882,24.871584,22.931879,20.425838,20.33205,18.384413,19.861668,21.901888,22.085934,25.360228,25.978626,30.48548,31.935736,30.900928,30.661255,27.49706,29.571241,25.576172,27.039396,26.110106,25.488379,27.615847,24.530458,24.27972,28.761703,26.015608,30.998522,32.296406,35.411285
10,28.783665,26.256203,23.08272,20.186428,16.71636,13.850765,11.460276,8.522404,6.1569753,4.483248,0.0,4.5527053,5.812647,7.6079507,7.6909227,9.559348,12.247175,13.062407,17.254013,18.021725,21.38142,23.66877,28.058548,27.907904,24.96895,23.62503,21.013638,18.282099,17.532642,15.650015,13.649074,12.045692,12.144199,10.518741,15.393252,14.09246,17.089514,19.127913,16.680481,18.318596,18.351614,15.406602,16.814093,12.840452,16.442873,11.682804,15.878805,14.645686,19.074926,21.481295,22.39769,23.557772,20.99587,24.313194,23.265875,26.143238,21.996643,24.42555,25.162266,26.787027,23.058538,25.596764,23.75975,27.454716,29.971436,26.364527,30.38508,30.902628,26.255398,30.69842,26.02004,31.036041,27.90981,31.47342,33.527126,30.822346,32.030247,25.741423,27.737265,23.357576,22.911203,22.896418,20.205969,17.572813,17.466639,14.644094,16.652935,18.192354,18.817236,21.969383,23.04031,27.115904,29.173672,28.489363,28.04685,24.882257,26.494806,22.628195,23.500624,22.801413,21.755642,24.040928,20.622656,20.102364,24.480598,21.902912,26.882141,28.244413,31.518574
11,30.340532,27.177803,24.885075,20.893206,18.165041,16.10311,12.952759,11.472599,7.6856036,6.775681,4.5527053,0.0,3.8821468,7.063697,8.845345,8.971831,13.043161,13.237406,18.232899,19.09042,22.24046,24.83132,28.699368,29.36704,26.725668,25.807386,23.547062,21.13937,20.546623,17.70177,16.305906,12.754399,13.256835,8.341558,13.760108,11.806023,14.251132,16.814194,14.867282,17.453796,18.22811,15.957201,18.077152,14.998197,18.988785,15.5808325,19.695377,18.750154,23.14458,25.339268,26.339758,27.496433,24.401289,27.497467,26.230808,28.686565,24.022083,25.952545,26.701618,27.54243,23.445818,25.340208,22.914965,26.349262,28.308222,24.460701,28.4451,29.608335,25.507992,30.17356,26.104368,31.476313,28.83648,32.47741,34.100414,31.099472,31.723894,25.381083,26.616385,22.160393,20.920462,20.339039,17.69589,15.549329,16.605904,13.8063755,17.407322,19.365923,20.73052,24.035126,25.790897,29.54791,31.930174,31.305483,30.405119,27.094381,28.289486,23.951754,24.568563,22.970694,21.178997,22.525295,19.163734,18.66971,23.395658,21.7431,26.513475,28.557467,31.536697
12,33.786514,30.81079,28.152834,24.548933,21.460728,19.108562,16.193676,14.034229,10.943917,8.77399,5.812647,3.8821468,0.0,3.3844163,6.164485,7.0465302,10.739035,11.957449,16.333323,18.311523,20.938534,24.061174,27.617266,28.249763,25.712454,24.331762,22.69532,20.041752,20.159824,17.29413,16.872202,12.869247,15.079139,10.719874,16.628656,15.076986,17.318638,20.236736,18.6113,20.98845,21.401033,19.422733,20.883715,17.756683,21.151897,16.959759,20.673338,19.01971,23.339828,25.807623,27.307167,28.896194,26.119389,29.613205,28.714132,31.307104,26.903475,28.984503,30.028492,30.999405,26.803432,28.94254,26.481369,29.902498,31.703436,27.506104,31.34441,32.42402,28.542707,32.672264,28.622503,33.721592,30.800808,34.142406,35.690212,32.561405,33.69195,27.386135,28.6418,24.497288,22.922857,22.694563,19.397058,17.35242,18.546162,14.674646,18.788965,19.84878,21.46978,24.37608,26.18293,29.429718,32.397247,32.15622,31.39879,28.247482,29.128046,25.25356,25.197182,24.180141,21.860268,23.28925,19.35827,18.09229,22.614752,21.665668,26.347698,28.423157,31.739206
13,36.322296,33.585728,30.627937,27.391754,24.102621,21.413889,18.818624,16.067493,13.444158,11.068082,7.6079507,7.063697,3.3844163,0.0,3.7278087,5.6251173,8.237586,10.450991,13.971839,16.822962,18.99021,22.44603,25.791374,26.267546,23.810398,22.057579,20.931597,18.144236,18.849648,16.06384,16.491552,12.43527,15.914493,12.673743,18.68166,17.655098,19.910793,22.989716,21.589436,23.472065,23.397507,21.701077,22.422335,19.346163,22.073154,17.458807,20.631443,18.467733,22.588163,25.188276,27.140858,29.146717,26.594103,30.416746,29.912237,32.554657,28.44589,30.651459,32.063065,33.16528,28.893715,31.383505,28.983244,32.44235,34.21249,29.72562,33.42238,34.231354,30.45315,34.00647,29.897558,34.64977,31.437498,34.469524,35.99603,32.830185,34.498684,28.292997,29.719997,25.902153,24.278603,24.533192,20.732288,18.64977,19.637344,15.031551,19.150017,19.368702,21.102146,23.592422,25.391062,28.162634,31.581423,31.677633,31.058174,28.094732,28.711031,25.338367,24.734802,24.358402,21.79283,23.504074,19.18995,17.348516,21.505072,20.893667,25.473028,27.402624,31.013693
14,36.044617,33.67843,30.431273,27.674187,24.300804,21.174204,19.090864,15.700612,13.562008,11.734873,7.6909227,8.845345,6.164485,3.7278087,0.0,4.7627873,5.4718685,8.283263,11.111755,13.943711,16.208767,19.493896,23.163847,23.138145,20.519535,18.57883,17.33418,14.44252,15.253039,12.770167,13.458543,10.198287,14.1664715,13.070307,18.754486,18.405252,20.99109,23.902203,22.505278,23.502317,22.743689,21.177359,21.011559,17.946016,19.91363,15.085142,17.69908,15.305258,19.251608,21.841188,24.072805,26.393486,23.95086,28.011631,27.892807,30.542961,26.809679,29.173994,30.961567,32.30926,28.095036,31.094652,28.976328,32.557793,34.560207,29.992485,33.61061,33.872334,29.906485,32.962185,28.563728,32.918774,29.362125,32.17734,33.87745,30.856745,33.06247,26.97417,28.897125,25.307684,24.166258,25.018541,21.019161,18.592382,18.774265,13.952788,17.137981,16.745878,18.215958,20.441648,22.02823,24.71274,28.186638,28.417425,27.976768,25.16751,25.788584,22.86033,22.12435,22.463787,20.280636,22.714317,18.35351,16.501968,20.270315,18.938612,23.617426,25.047781,28.888584
15,36.8648,34.12143,31.656,28.084074,25.508333,22.690474,20.31308,17.56296,14.351196,13.913354,9.559348,8.971831,7.0465302,5.6251173,4.7627873,0.0,4.840965,5.0827913,9.744234,11.787948,14.063669,17.41611,20.645437,21.600801,19.334948,18.411234,17.264643,15.242417,15.763947,11.910508,13.228691,7.617886,12.474855,10.199117,15.844053,15.9401865,18.137205,21.415403,20.830053,21.528475,20.714502,20.216919,19.834175,17.869137,19.716518,16.67916,19.056189,17.404303,21.200863,23.2429,25.577154,28.010437,24.702703,28.610928,28.493935,30.556852,26.440004,28.312313,30.582224,31.17064,26.52959,29.361248,26.876461,30.234016,31.765463,26.756435,30.131968,30.505999,27.095995,29.757828,25.868212,30.264595,27.038458,29.775671,31.039946,27.745283,29.687464,23.655336,25.111122,21.761082,20.130093,21.15551,16.807255,14.614744,15.336629,10.091417,14.661917,14.473641,16.807539,19.184893,21.665573,23.979311,27.733162,28.025415,26.983246,24.04304,24.11624,20.77915,19.665155,19.262726,16.37981,18.294985,13.8508215,11.989685,16.094656,15.291602,19.850134,21.869293,25.42259
16,39.245724,36.974045,33.99963,31.145197,28.235693,24.979507,23.145758,19.701126,17.350544,16.614311,12.247175,13.043161,10.739035,8.237586,5.4718685,4.840965,0.0,4.4069915,5.752144,9.441789,10.990326,14.672379,17.905186,18.132883,15.819147,14.171801,13.693773,11.472415,12.936938,9.628148,12.311563,8.180893,14.028283,14.297746,19.419226,20.070183,22.439333,25.554283,24.914433,24.926449,23.427385,22.994839,21.610292,19.587711,20.336016,16.748158,18.092945,15.811773,19.043877,21.168734,24.100315,27.073704,24.25705,28.534676,29.013971,31.172436,27.704748,29.81802,32.468784,33.44166,28.957525,32.319637,30.161858,33.599033,35.309116,30.225672,33.421093,33.22355,29.759764,31.625717,27.509384,31.20342,27.48387,29.704306,31.105923,27.981628,30.833683,25.1365,27.111876,24.27922,23.062653,24.750225,20.168594,17.848753,17.736267,12.243033,15.444449,13.752352,15.816763,17.341896,19.519163,21.14204,25.417574,26.185675,25.50836,22.974781,22.803131,20.520279,18.745167,19.746382,17.122435,19.851765,15.266796,12.873811,15.8328705,14.8281765,19.167683,20.474161,24.536064
17,38.245354,35.786156,33.435467,30.082182,27.866009,24.820242,22.937311,19.960964,17.003687,17.534763,13.062407,13.237406,11.957449,10.450991,8.283263,5.0827913,4.4069915,0.0,5.8188605,6.8211203,9.143992,12.367272,15.669204,16.691137,14.54857,14.284588,13.255497,12.086212,12.638432,8.05677,10.853094,4.858702,11.282907,11.791819,16.21508,17.492868,19.672583,22.786335,22.71109,22.112162,20.353315,20.797329,19.024088,17.990265,18.489077,16.636518,17.801586,16.440014,19.553205,21.069244,23.871023,26.794973,23.181091,27.223326,27.683783,29.305012,25.593828,27.295572,30.361765,30.773825,26.05125,29.385498,27.107,30.375841,31.850454,26.55289,29.532269,29.193619,26.040142,27.52561,23.693369,27.358976,23.871773,26.08884,27.234602,23.956343,26.62185,20.971786,22.803982,20.186314,18.956905,20.99178,16.31066,13.990024,13.765746,8.140572,11.854438,10.386246,13.14911,14.98417,17.93392,19.550573,23.735912,24.37649,23.142454,20.436531,19.931385,17.170122,15.281441,15.646529,12.758819,15.501582,11.017946,9.05845,12.3425665,10.791478,15.349958,16.996595,20.776756
18,42.265057,40.25764,37.42032,34.753883,32.19401,28.79526,27.360918,23.819847,21.636011,21.647705,17.254013,18.232899,16.333323,13.971839,11.111755,9.744234,5.752144,5.8188605,0.0,5.727024,5.6036425,9.627689,12.453102,12.565408,10.601108,9.400687,10.019393,9.11591,11.199818,7.791397,12.368201,9.15585,15.384306,17.540234,21.61028,23.169882,25.39298,28.408125,28.288885,27.25934,24.987926,25.463884,22.86328,21.792093,21.182693,18.835272,18.764626,16.761148,18.905193,20.385002,23.902975,27.433764,24.488853,28.842197,29.978012,31.647026,28.721834,30.616615,34.02899,34.79539,30.295898,34.051704,32.07525,35.347748,36.903774,31.56389,34.278793,33.429077,30.400126,30.929731,27.067837,29.787508,25.862076,27.288904,28.463242,25.439299,29.140553,24.133688,26.351854,24.460583,23.537842,26.090704,21.295282,19.099958,18.315567,12.99873,15.033569,11.743814,14.015578,14.350914,16.907822,17.121214,22.176397,23.562843,22.771925,20.750671,19.73984,18.596819,15.710869,17.89114,15.337565,18.618296,14.313207,11.770112,12.989866,11.825598,15.448725,16.098087,20.46308
19,39.71103,37.80928,35.4622,32.716667,30.835213,27.550964,26.431149,23.225597,20.948267,22.285212,18.021725,19.09042,18.311523,16.822962,13.943711,11.787948,9.441789,6.8211203,5.727024,0.0,4.1979094,5.770976,10.154883,10.419974,8.166948,9.363637,8.092711,8.901546,9.142363,4.6562815,9.317632,6.9376516,12.060095,16.166788,18.793083,21.159454,23.381376,25.959116,26.168056,24.063242,21.168118,22.427305,18.948061,18.959526,17.488264,17.175182,16.474308,15.67105,17.4064,18.000832,21.305222,24.779612,21.073627,25.13533,26.441168,27.501564,24.69808,26.239355,30.17157,30.597006,26.134926,30.115408,28.385237,31.513508,33.106995,27.857939,30.306576,28.872849,25.901041,25.788666,21.922909,24.223772,20.257303,21.566969,22.768524,19.828447,23.74633,18.988289,21.636986,20.13606,19.964746,23.078712,18.641764,16.262892,14.432808,10.1351795,10.302652,6.3113947,8.946772,9.308205,12.714123,13.163335,17.877964,19.052067,17.725662,15.58557,14.298497,13.028151,9.993698,12.494215,10.818565,15.020971,11.601461,10.477429,11.344545,7.448695,11.533488,11.58519,15.831918
20,43.89388,42.00385,39.60947,36.873814,34.912006,31.587824,30.406126,27.096994,24.815845,25.75107,21.38142,22.24046,20.938534,18.99021,16.208767,14.063669,10.990326,9.143992,5.6036425,4.1979094,0.0,4.488989,7.0071545,7.8089375,6.5969777,7.9746084,8.930623,10.2725115,11.644718,8.242115,13.234887,10.777299,16.213823,19.606974,22.378368,24.738417,26.714798,29.50404,29.956936,27.951984,25.08499,26.567913,23.041895,23.150284,21.51531,20.993519,19.974197,18.80998,20.081284,20.641407,24.286512,28.01972,24.625648,28.726257,30.278887,31.248775,28.68538,30.14343,34.230415,34.550903,30.064966,33.99971,32.178497,35.166496,36.486813,31.029749,33.197075,31.746494,29.276434,28.504793,25.109879,26.87288,23.009499,23.672956,24.477436,21.548746,25.846287,21.674932,23.99162,23.095387,22.542969,25.818764,21.14102,19.172518,17.78727,13.352414,14.118492,9.862502,12.382149,11.655331,14.936333,13.771653,19.270237,21.049091,19.796192,18.216335,16.227077,15.982295,12.068328,15.027347,12.765504,16.411463,12.985354,11.090124,10.401811,8.448343,10.996842,10.890012,15.383719
21,43.475124,41.87284,39.66236,37.190086,35.5905,32.27932,31.493498,28.286207,26.26279,27.844126,23.66877,24.83132,24.061174,22.44603,19.493896,17.41611,14.672379,12.367272,9.627689,5.770976,4.488989,0.0,5.4569187,5.2487936,4.182061,8.044728,8.050799,10.851918,11.232847,8.753278,13.111547,12.386625,16.40734,21.281439,22.9839,25.838182,27.833832,30.197416,30.774773,27.948843,24.56187,26.48512,22.205048,23.01684,20.459833,21.202446,19.369356,18.91751,19.42178,19.214054,22.788036,26.568316,23.010149,26.835701,28.749481,29.245447,27.202324,28.435457,32.92478,33.15824,28.935036,33.111362,31.659138,34.50079,35.91042,30.671368,32.529568,30.4434,28.064915,26.453234,23.117811,24.004955,20.017336,20.101706,20.95028,18.384195,23.28322,19.820883,22.606771,22.312649,22.535355,26.232548,21.996756,19.978102,17.74174,14.513707,13.327937,8.608049,10.443255,8.640427,12.119706,10.084493,15.586296,17.554607,16.086863,14.949627,12.412254,13.23806,8.902649,13.059163,12.142269,16.387432,14.085024,13.29687,11.910571,8.090251,9.761843,7.936314,12.463542
22,48.58018,46.79902,44.84043,42.046932,40.608143,37.398705,36.386658,33.297874,30.951082,32.38739,28.058548,28.699368,27.617266,25.791374,23.163847,20.645437,17.905186,15.669204,12.453102,10.154883,7.0071545,5.4569187,0.0,5.297735,7.3379936,10.992699,12.751671,15.495296,16.476887,13.945896,18.469679,16.658558,21.107044,24.870512,26.5091,29.421844,30.987892,33.584583,34.651127,31.919628,28.671051,31.098448,26.933388,28.09695,25.664951,26.584198,24.81902,24.242193,24.632254,24.372673,28.025068,31.861479,28.311329,31.998487,33.964123,34.187424,32.12725,33.057972,37.725822,37.52838,33.16788,37.099693,35.41526,37.964455,38.860382,33.351254,34.742905,32.73635,31.22309,28.78734,26.353243,26.71444,23.254114,22.636986,22.660006,20.04037,24.951326,22.340607,24.383717,24.910736,24.559252,28.401052,24.022608,22.614222,21.035995,17.800146,17.69299,13.343398,15.564627,13.588108,16.9964,13.72535,19.328245,21.667706,19.992865,19.327553,16.080236,17.337296,12.530299,15.955639,14.129321,17.218262,15.310176,14.118013,10.915753,9.842265,8.866178,7.273281,11.276673
23,47.62279,46.335705,43.824615,41.8042,39.983948,36.499176,35.94623,32.456413,30.824846,32.05069,27.907904,29.36704,28.249763,26.267546,23.138145,21.600801,18.132883,16.691137,12.565408,10.419974,7.8089375,5.2487936,5.297735,0.0,3.4034767,7.1189113,9.218001,12.424403,13.600795,12.726143,17.086021,17.268248,21.30392,26.399706,28.21632,31.051985,33.07778,35.432323,35.939545,33.02959,29.504934,31.307377,26.789024,27.445057,24.436012,24.76775,22.284351,21.502737,21.136745,20.748863,24.624315,28.676052,25.830374,29.654833,32.011944,32.503048,31.126375,32.451218,37.028957,37.506836,33.545406,37.876965,36.624874,39.43107,40.868793,35.692417,37.365807,35.025124,32.803883,30.620626,27.452871,27.539885,23.500486,22.795015,23.564499,21.521988,26.929928,24.237576,27.073961,27.22026,27.53324,31.333393,27.090895,25.180647,22.930927,19.73036,18.29991,13.50009,14.499149,11.661875,13.906899,9.881653,15.810384,18.538479,17.658167,17.504707,14.714249,17.124918,12.8276205,17.616854,17.006514,20.969791,18.861685,17.73176,15.472354,12.884824,13.127149,10.388316,14.459844
24,44.607704,43.394062,40.683567,38.844242,36.85389,33.30073,32.842842,29.253025,27.828478,29.010887,24.96895,26.725668,25.712454,23.810398,20.519535,19.334948,15.819147,14.54857,10.601108,8.166948,6.5969777,4.182061,7.3379936,3.4034767,0.0,4.7792816,5.8636823,9.153899,10.202405,9.634746,13.914291,14.763453,18.633402,24.143772,26.145462,28.83763,31.09667,33.36361,33.552376,30.737818,27.236837,28.628431,24.181934,24.46566,21.508213,21.441145,18.974485,18.10471,17.865067,17.652905,21.55987,25.612206,22.835663,26.82249,29.103157,29.869226,28.442715,30.00719,34.386593,35.160473,31.263746,35.687077,34.523335,37.51417,39.231743,34.201065,36.18098,33.91487,31.193521,29.64044,25.96147,26.506027,22.200277,22.02673,23.266579,21.192137,26.439054,23.167885,26.31186,25.90729,26.412966,30.03566,25.843412,23.63091,21.168211,17.86516,16.073526,11.23686,11.883989,9.23051,11.2763815,8.23739,14.192131,16.65148,16.011671,15.490843,13.3298855,15.324073,11.519119,16.453932,16.152195,20.538492,18.111738,17.056707,15.735334,12.233307,13.734541,11.27216,15.59535
25,44.738804,43.66213,40.360554,38.925163,36.317944,32.557827,32.143097,28.161163,27.174438,27.560093,23.62503,25.807386,24.331762,22.057579,18.57883,18.411234,14.171801,14.284588,9.400687,9.363637,7.9746084,8.044728,10.992699,7.1189113,4.7792816,0.0,4.7482376,6.429169,9.067168,9.673943,13.962541,15.239633,19.575298,24.759655,27.636023,29.835936,32.351368,34.74921,34.442463,32.205757,28.981453,29.538694,25.536955,24.816622,22.266094,20.492132,18.179487,16.34863,16.147497,16.7108,20.859379,25.01338,23.057814,27.3769,29.595951,31.014969,29.64746,31.684855,35.597008,36.932602,33.132015,37.587822,36.42824,39.68212,41.666264,36.709156,39.07848,37.11205,33.91658,33.16569,29.043365,30.117687,25.618961,25.884687,27.470242,25.399696,30.433668,26.613455,29.817127,28.787119,29.105707,32.3615,27.997211,25.58153,23.368845,19.399616,18.143406,13.564367,13.875527,11.788792,12.686478,10.682425,16.201193,18.545168,18.68445,18.04151,16.769413,18.387152,15.244715,19.914692,19.333132,23.672747,20.537878,18.89308,18.293198,15.406514,17.648554,15.782235,20.220844
26,40.216515,39.276382,36.02422,34.765873,32.317173,28.573565,28.425274,24.534924,23.78333,24.706736,21.013638,23.547062,22.69532,20.931597,17.33418,17.264643,13.693773,13.255497,10.019393,8.092711,8.930623,8.050799,12.751671,9.218001,5.8636823,4.7482376,0.0,3.8473072,4.6742287,6.4301705,9.772145,12.733585,15.875613,22.141571,24.525412,26.80419,29.518862,31.547915,31.014511,28.459288,25.074688,25.439312,21.232382,20.521982,17.655617,16.311478,13.700714,12.403548,12.200838,12.504717,16.526606,20.606533,18.352617,22.666895,24.858204,26.284327,24.982168,27.103897,30.961021,32.468872,28.871565,33.44816,32.55166,35.872704,38.15147,33.53028,36.040043,33.910378,30.284508,29.904879,25.368488,26.614706,21.959976,22.651651,24.69209,22.789764,27.621296,23.566452,27.177399,25.815853,26.698704,29.872995,25.913275,23.210852,20.43597,17.128822,14.642212,10.384632,9.773039,7.964666,8.419301,8.246292,12.988908,14.7725,14.968211,13.95291,13.431332,14.675698,12.461836,17.156096,17.51132,22.285063,19.467773,18.545328,18.733814,14.364481,17.394707,15.405778,19.643446
27,38.92097,37.94522,34.30959,33.199486,30.280071,26.427574,26.200981,22.058237,21.567507,21.867382,18.282099,21.13937,20.041752,18.144236,14.44252,15.242417,11.472415,12.086212,9.11591,8.901546,10.2725115,10.851918,15.495296,12.424403,9.153899,6.429169,3.8473072,0.0,3.8284428,6.167436,8.972751,11.9626255,15.34583,21.017765,24.122025,25.897884,28.790806,30.911633,29.964077,28.02246,25.026722,24.649435,21.084452,19.447615,17.321224,14.325244,12.362502,10.084727,10.677631,12.04962,15.976243,19.89908,18.101675,22.64013,24.49284,26.503479,24.939335,27.405336,30.739681,32.60398,29.019043,33.476616,32.49724,36.01283,38.462357,33.930126,36.79015,35.048576,31.062035,31.546658,26.72947,28.663908,24.030767,25.279306,27.480286,25.430246,29.82716,25.20513,28.712076,26.73539,27.383425,30.134417,26.121534,23.282776,20.840027,17.069592,15.315544,11.736446,11.203164,10.568271,10.600496,11.756051,15.76137,17.075148,17.56345,16.145601,16.326805,16.66645,15.047657,19.02057,18.998783,23.582245,20.256466,19.015882,19.999493,16.067028,19.725777,18.38722,22.70377
28,35.759777,34.89971,31.449812,30.42766,27.826122,24.033236,24.082823,20.142622,19.787827,20.85615,17.532642,20.546623,20.159824,18.849648,15.253039,15.763947,12.936938,12.638432,11.199818,9.142363,11.644718,11.232847,16.476887,13.600795,10.202405,9.067168,4.6742287,3.8284428,0.0,5.122299,6.023261,10.982473,12.825873,19.641119,22.00046,23.981047,26.967052,28.705235,27.690678,25.274433,22.037949,21.685566,17.756495,16.377573,13.728034,11.663447,9.181238,7.9133625,8.453473,9.26161,12.961421,16.801773,14.479156,18.972664,20.856928,22.719046,21.24393,23.696207,27.120893,29.029678,25.627602,30.21233,29.494638,32.997555,35.640976,31.402819,34.25841,32.282684,28.054832,28.63676,23.588175,25.49866,20.812445,22.307348,24.797752,22.959488,27.18632,22.582523,26.398876,24.32947,25.526049,28.289804,24.70888,21.718204,18.727072,15.83268,12.767207,9.691084,8.165092,8.001058,7.584768,10.377708,13.354233,14.094124,14.512776,12.804108,13.61464,13.648138,12.930583,16.794928,17.669138,22.494654,19.686012,19.166637,20.43545,15.477462,19.35791,17.833261,21.800554
29,36.152138,34.607464,31.798597,29.68114,27.473019,23.96378,23.275537,19.75498,18.197655,19.569683,15.650015,17.70177,17.29413,16.06384,12.770167,11.910508,9.628148,8.05677,7.791397,4.6562815,8.242115,8.753278,13.945896,12.726143,9.634746,9.673943,6.4301705,6.167436,5.122299,0.0,5.1125894,6.377741,9.942151,15.712046,18.321974,20.446459,23.162905,25.3185,24.829882,22.641018,19.626131,19.991724,16.400587,15.632241,13.909374,12.814414,11.887651,11.050196,12.931828,13.735492,16.921232,20.341934,16.925766,21.192225,22.519503,24.015352,21.483223,23.48941,27.10767,28.210733,24.13001,28.388292,27.078396,30.477903,32.656864,27.920225,30.72789,29.143677,25.353117,25.978542,21.341703,23.858652,19.530592,21.30591,23.232971,20.724653,24.543297,19.501854,22.782398,20.658823,21.218914,24.01693,20.074045,17.22138,14.708494,11.086715,9.424104,6.0960484,6.7822413,7.8417735,10.014752,12.187102,15.940673,16.632719,15.909025,13.553672,13.509871,12.115391,10.630886,13.4528055,13.233307,17.80653,14.67692,14.089873,15.724373,10.999901,15.374121,14.818381,18.839266
30,31.133747,29.781097,26.888426,25.098734,22.961327,19.44045,19.174398,15.771874,14.750569,16.861208,13.649074,16.305906,16.872202,16.491552,13.458543,13.228691,12.311563,10.853094,12.368201,9.317632,13.234887,13.111547,18.469679,17.086021,13.914291,13.962541,9.772145,8.972751,6.023261,5.1125894,0.0,7.2314935,6.928278,14.368879,16.248316,18.200167,21.259357,22.782356,21.728065,19.277174,16.19424,15.796661,12.155259,10.857296,9.019804,8.206836,7.614703,7.9794407,10.47287,11.174449,13.404278,16.237421,12.432852,16.629675,17.619608,19.382175,16.736328,19.053152,22.322353,23.867994,20.135323,24.532429,23.633808,27.206112,29.903551,25.802813,28.900263,27.241617,22.71106,24.258043,19.01524,22.00345,17.685333,20.219395,22.707064,20.570429,23.73862,18.428057,22.104832,19.33393,20.671984,23.045967,19.913904,16.75377,13.616393,11.496802,8.024186,7.173732,5.8817644,8.578725,9.495061,13.770169,15.655335,15.290739,14.775896,11.905882,13.3610115,10.954274,11.661639,13.569623,14.66659,19.199102,16.699783,16.973307,19.338974,13.930836,18.51074,17.91983,21.332268
31,34.1676,31.83126,29.709358,26.409508,24.6017,21.593206,20.037418,17.284319,14.385311,16.19089,12.045692,12.754399,12.869247,12.43527,10.198287,7.617886,8.180893,4.858702,9.15585,6.9376516,10.777299,12.386625,16.658558,17.268248,14.763453,15.239633,12.733585,11.9626255,10.982473,6.377741,7.2314935,0.0,6.524536,9.552368,12.847725,14.664593,17.203562,19.765877,19.556232,18.129383,15.915202,16.487514,14.235896,13.611354,13.876343,13.2934065,14.456902,14.081239,17.223322,18.293005,20.603659,23.218966,19.079668,22.873758,23.218143,24.6212,20.820103,22.449936,25.643568,26.045113,21.396917,24.97257,22.977139,26.34104,28.163391,23.161547,26.246445,25.519701,21.880032,23.607826,19.335125,23.176044,19.637794,22.260912,23.739113,20.660597,23.10022,17.232506,19.620455,16.676847,16.379993,18.574488,14.491442,11.604463,10.123932,5.509984,7.3513484,7.0486994,9.4193325,12.168762,15.0671015,17.73899,20.97902,21.06628,19.655916,16.62441,16.670229,13.167103,12.372113,12.281407,10.7145405,14.210251,10.679825,10.442831,13.829432,10.019736,15.040281,16.20417,19.595541
32,28.214165,25.956945,24.270138,20.954733,19.854683,17.134493,16.053286,14.067739,11.425414,15.039847,12.144199,13.256835,15.079139,15.914493,14.1664715,12.474855,14.028283,11.282907,15.384306,12.060095,16.213823,16.40734,21.107044,21.30392,18.633402,19.575298,15.875613,15.34583,12.825873,9.942151,6.928278,6.524536,0.0,8.658737,9.363799,11.546141,14.514706,15.923734,15.25989,12.735755,10.023355,10.372003,7.742371,7.7435727,8.409152,10.386371,12.069854,13.401973,16.501656,16.97378,18.035082,19.711214,14.863206,17.920334,17.683199,18.832806,14.559241,16.101038,19.155869,19.584028,15.085492,18.89649,17.369736,20.925234,23.385109,19.172726,22.52549,21.47793,16.896997,19.669363,14.694678,19.168774,15.881191,19.399,21.396673,18.81847,20.324863,14.249932,17.22508,13.53442,14.749508,16.55248,14.036746,10.798086,7.741196,7.386718,4.9253697,8.274448,8.722118,12.576051,14.679258,18.847603,20.252924,19.28455,17.751944,14.293165,15.587158,10.871146,12.603465,11.275947,12.068313,15.495925,13.68681,15.049776,18.441544,13.403896,18.099604,18.784534,21.27516
33,30.13848,26.70171,25.83499,20.86581,20.005966,18.29889,15.559985,14.929441,10.356768,13.193471,10.518741,8.341558,10.719874,12.673743,13.070307,10.199117,14.297746,11.791819,17.540234,16.166788,19.606974,21.281439,24.870512,26.399706,24.143772,24.759655,22.141571,21.017765,19.641119,15.712046,14.368879,9.552368,8.658737,0.0,6.070654,5.818907,8.252425,11.273535,11.148141,11.82446,12.009937,12.193464,13.377656,12.854413,16.077961,16.318449,19.489065,19.860329,23.729761,24.90153,25.938484,27.259262,22.781525,25.47389,24.379395,25.64074,20.54032,21.533201,23.39983,22.897657,18.042906,19.984901,17.086966,20.288605,21.743883,17.07786,20.809708,21.721628,18.136606,22.274612,18.77302,24.24397,22.184336,25.824999,26.948956,23.778019,23.804705,17.520628,18.340956,13.937544,12.631026,12.505791,9.777908,7.3429027,8.672728,7.372182,11.532348,14.640843,16.62342,20.200424,22.901133,26.395058,28.586365,27.839607,26.070404,22.620495,23.273153,18.240053,19.007975,15.999345,14.252191,15.069633,12.751882,13.721865,18.406834,16.135723,20.556538,22.922039,25.097366
34,27.939676,24.369593,24.728758,19.290592,19.966608,18.941065,16.717937,17.152298,13.020386,17.22829,15.393252,13.760108,16.628656,18.68166,18.754486,15.844053,19.419226,16.21508,21.61028,18.793083,22.378368,22.9839,26.5091,28.21632,26.145462,27.636023,24.525412,24.122025,22.00046,18.321974,16.248316,12.847725,9.363799,6.070654,0.0,3.9369025,5.635886,7.2253156,8.466555,6.926946,7.166353,9.441548,10.686582,12.350901,15.177737,18.106457,20.785646,22.265766,25.625793,26.053217,26.513031,27.358541,22.262472,24.053959,22.696487,23.022432,17.686049,17.740042,19.835535,18.2445,13.178304,14.694855,11.568224,14.562446,15.953752,11.290941,15.103747,15.857361,12.180699,16.910664,13.847975,19.6923,18.552603,22.480808,23.404156,20.497852,19.336206,13.306172,13.79305,8.932848,8.737461,8.344013,7.8365,5.724619,6.0946994,9.1895685,10.979519,15.335738,16.88575,20.583126,23.329178,27.013004,28.292355,27.07957,24.848871,21.393393,22.148794,16.600454,18.367052,14.083642,13.643692,13.949418,13.643008,16.052502,20.095436,16.957472,20.729624,22.904152,24.100643
35,26.919981,22.986996,23.360115,17.507593,18.027357,17.430683,14.668901,15.736804,11.340836,15.220055,14.09246,11.806023,15.076986,17.655098,18.405252,15.9401865,20.070183,17.492868,23.169882,21.159454,24.738417,25.838182,29.421844,31.051985,28.83763,29.835936,26.80419,25.897884,23.981047,20.446459,18.200167,14.664593,11.546141,5.818907,3.9369025,0.0,3.4472644,5.5315404,5.763998,7.2976995,9.359765,9.751058,12.756637,13.14724,17.034618,18.75334,22.144798,23.306925,27.029757,27.846907,28.115751,28.677982,23.97853,25.725128,23.95427,24.736336,19.26068,19.57009,20.697884,19.417065,14.77018,15.5033655,12.236648,15.212551,16.636787,12.724661,16.80118,18.394827,14.746717,20.266842,17.330637,23.294106,22.217861,26.257221,27.28283,24.42705,23.087925,17.171204,17.360205,12.498972,11.712106,10.026562,9.959391,8.445764,9.852472,11.66073,14.215101,18.366413,19.831333,23.61921,26.103386,30.025469,31.34373,30.070377,28.103384,24.602787,25.628098,20.136986,21.901258,17.900024,17.091934,17.101494,16.277546,18.148764,22.59059,20.05613,24.00826,26.36287,27.77168
36,28.670511,24.448757,25.537142,19.285095,20.406773,20.282633,17.42928,18.914896,14.521677,18.11797,17.089514,14.251132,17.318638,19.910793,20.99109,18.137205,22.439333,19.672583,25.39298,23.381376,26.714798,27.833832,30.987892,33.07778,31.09667,32.351368,29.518862,28.790806,26.967052,23.162905,21.259357,17.203562,14.514706,8.252425,5.635886,3.4472644,0.0,3.9763963,6.3704834,8.442697,11.108407,12.339477,15.397181,16.368246,20.07266,22.182058,25.477842,26.679325,30.357115,31.08027,31.367872,31.90254,27.072325,28.608139,26.767431,27.2142,21.708096,21.55729,22.617887,20.65268,16.088614,15.939432,12.241178,14.497439,15.04078,11.003585,14.89597,17.310083,14.611708,20.13794,18.148476,24.084862,23.618952,27.548105,28.160784,25.230831,23.220879,17.706207,16.96403,12.374773,10.825735,8.005871,9.1001625,8.760546,11.193949,13.429581,16.515394,20.651945,22.407366,26.09657,28.852257,32.51193,33.912693,32.671932,30.466356,27.011177,27.747305,22.192984,23.77798,19.238853,18.07878,17.110092,16.858187,18.938572,23.258757,21.380198,24.870214,27.59307,28.587576
