,0,1,2,3,4,5,6,7,8,9,10,11,12,13,14,15,16,17,18,19,20,21,22,23,24,25,26,27,28,29,30,31,32,33,34,35,36,37,38,39,40,41,42,43,44,45,46,47,48,49,50,51,52,53,54,55,56,57,58,59,60,61,62,63,64,65,66,67,68,69,70,71,72,73,74,75,76,77,78,79,80,81,82,83,84,85,86,87,88,89,90,91,92,93,94,95,96,97,98,99,100,101,102,103,104,105,106,107,108
0,0.0,4.8206553,6.3059964,10.084726,12.875644,15.511009,17.760035,20.90776,22.623068,25.964195,28.465534,29.974937,33.51782,35.327187,34.569443,33.629307,36.59197,34.078144,39.018814,36.450687,40.62798,40.43841,45.5529,44.75829,41.661053,42.229996,37.862957,36.656662,33.617847,33.457016,29.065208,30.234371,26.31907,24.597336,24.003862,22.128614,23.848736,21.436888,17.977674,18.270174,19.836071,17.376064,19.73452,21.443604,22.492922,26.769644,29.294275,32.70532,34.120197,33.839146,30.047384,27.349657,24.203691,22.212505,18.240803,19.010172,16.999903,18.00773,12.938134,16.029686,17.932018,16.755661,18.480185,19.8566,22.188501,23.77143,27.441158,27.579884,24.392271,29.07893,26.36266,29.824907,30.078093,34.500698,36.35956,36.15144,33.814487,30.64891,32.142265,28.39747,30.573639,28.741783,30.70726,28.981773,28.555803,30.209349,29.452194,33.145943,31.889708,35.037266,33.61024,37.9255,34.347717,38.777897,38.27637,34.878666,37.83453,33.258564,36.933575,34.699753,35.81548,37.026722,36.572697,39.00543,43.017834,38.37544,42.09482,42.8757,42.27143
1,4.8206553,0.0,6.2196264,6.2630672,10.393821,13.66837,15.010911,18.749165,19.656445,23.217665,25.715336,26.63036,30.348822,32.427223,32.075634,30.884277,34.284485,31.766514,37.024025,34.75007,38.87693,39.031597,43.9274,43.665287,40.662098,41.495693,37.256077,36.094513,33.186863,32.296146,28.222998,28.271492,24.628044,21.552774,20.985619,18.581936,19.936926,17.510025,13.8808775,15.312719,17.7086,14.819988,18.384361,19.557493,21.69548,25.248686,28.504623,31.546438,33.52053,33.720898,30.186989,27.84374,24.26981,23.148157,19.114237,20.537718,17.478714,18.718988,14.419853,16.90876,17.44463,16.081266,16.805237,18.403673,20.201567,20.887821,24.73787,25.58544,22.033016,27.620996,25.065481,29.277843,29.544994,34.16704,35.772057,35.090805,32.496387,28.890903,29.901733,25.880066,27.469622,25.221994,27.225716,25.713964,25.90805,27.51282,27.646952,31.550495,30.830786,34.315456,33.3976,37.896866,34.78742,39.28857,38.31363,34.824287,37.374493,32.428486,35.779797,33.06141,33.577343,34.252064,33.81369,36.25882,40.416092,36.27986,39.956524,41.19965,40.58372
2,6.3059964,6.2196264,0.0,6.692994,7.155596,9.600025,12.176065,15.229388,17.532581,20.266678,23.1494,24.918985,28.362434,30.172503,29.462803,29.100878,32.02994,30.038246,34.876453,33.049088,37.180744,37.560455,42.710136,42.005264,38.782265,38.932438,34.84478,33.143154,30.50922,30.121233,26.158392,26.709871,23.926834,21.36271,22.331635,19.989342,22.079855,20.560774,16.599144,17.574986,18.890818,15.023227,17.623102,17.868544,19.355576,22.285414,25.178541,28.379402,29.789022,29.757936,25.874973,23.050343,20.349607,19.12566,15.102458,17.27117,15.428369,17.607855,13.587384,17.65427,18.3387,18.603344,19.736784,22.084877,24.662767,24.782185,28.869755,29.094103,24.714285,30.16367,26.563156,30.712606,30.045872,34.610703,36.765793,36.0428,34.454395,30.317793,32.106583,27.79972,29.537615,27.894325,28.878365,26.773949,26.629889,27.107637,27.231134,30.450062,29.516047,32.691196,31.355747,36.06033,32.624954,37.341602,37.073616,33.899353,36.54259,31.954414,35.04465,33.21967,33.649086,35.01159,33.794186,35.73998,40.070007,35.841465,39.99691,41.01349,41.040043
3,10.084726,6.2630672,6.692994,0.0,5.243561,8.600477,9.031028,13.067085,13.5675335,17.099932,19.650072,20.425032,24.168653,26.346827,26.208015,25.1834,28.78176,26.581648,31.921188,30.29421,34.33254,35.052956,39.826424,39.904392,36.893696,37.6076,33.666454,32.2489,29.71414,28.229177,24.70622,23.648409,21.033598,16.603205,17.410702,14.396727,16.01326,14.587827,10.459903,12.922904,15.311927,11.047161,15.422844,15.117156,18.258976,20.382814,24.300295,26.910961,29.2488,29.926098,26.635632,24.620687,21.003231,21.020096,17.168982,19.690054,16.182808,18.238293,15.374698,18.09029,17.022999,16.950832,16.752571,19.302631,21.19477,20.098505,24.303532,25.330547,20.588337,27.029404,23.787697,28.794765,28.290447,33.03364,34.746178,33.444233,31.441347,26.871431,27.962473,23.397717,24.368921,22.240288,23.288254,21.508842,22.185806,22.804365,24.063797,27.672606,27.49418,31.138634,30.602192,35.40182,32.719986,37.383568,36.310448,32.983112,35.05034,29.974182,32.672928,30.064663,29.758656,30.334461,29.293997,31.373701,35.810913,32.223095,36.190235,37.80963,37.689335
4,12.875644,10.393821,7.155596,5.243561,0.0,3.9717398,5.237282,9.072035,10.971977,13.403205,16.586346,18.043156,21.552235,23.593555,23.306982,23.17472,26.462482,24.924595,29.905888,28.979317,32.94282,34.073654,38.954803,38.820087,35.65711,35.767582,32.100285,30.141533,28.01642,26.71792,23.572386,22.467165,21.065378,16.640984,19.164373,16.173845,18.265715,17.840294,13.7783,15.94178,17.403105,12.35489,15.878203,14.165895,17.091417,17.849628,21.764185,24.27371,26.275206,26.974346,23.505245,21.221687,18.450428,18.91319,15.307505,18.73045,16.155544,19.002968,16.758337,20.37272,19.216318,20.33557,20.314186,23.319479,25.620987,24.021917,28.30413,28.97982,23.646097,29.989805,26.000324,31.01892,29.72127,34.37534,36.469902,35.00913,33.85346,28.788868,30.397232,25.623068,26.48149,24.844141,24.86112,22.631317,23.224838,22.554924,24.236942,27.121517,26.982378,30.385103,29.662088,34.66298,31.898354,36.72204,36.16511,33.16027,35.12902,30.352617,32.607063,30.73982,30.092743,31.119314,29.28475,30.785534,35.427406,32.044193,36.42493,37.993507,38.50062
5,15.511009,13.66837,9.600025,8.600477,3.9717398,0.0,3.770392,5.706465,8.864988,10.873381,13.849008,16.134708,19.263054,20.92768,20.243107,20.526617,23.397856,22.129751,26.787382,26.094286,30.005157,31.262863,36.214478,35.877514,32.643085,32.432636,28.917072,26.710716,24.807344,23.653757,20.747663,19.805336,19.11398,15.341935,18.805061,16.241508,18.79717,19.035852,15.288517,16.589104,17.134344,11.967957,14.445897,11.902267,14.456593,14.453232,18.223768,20.704134,22.520464,23.240482,19.790085,17.58031,15.079638,16.05562,12.861347,16.793306,14.673326,17.923056,16.618076,20.442446,18.98765,21.05219,21.101353,24.450964,27.141365,25.189268,29.460707,29.658758,23.949581,29.990595,25.4605,30.388195,28.497438,33.00949,35.352043,33.795803,33.328407,27.99463,30.058489,25.26506,26.230593,25.182848,24.475323,21.885035,22.12305,20.69831,22.315779,24.658333,24.480194,27.671906,26.860228,31.92459,29.203716,34.063328,33.7753,31.01401,32.87058,28.360167,30.310968,29.008818,28.282074,29.769457,27.478067,28.64648,33.283882,29.859804,34.46023,35.87591,36.78498
6,17.760035,15.010911,12.176065,9.031028,5.237282,3.770392,0.0,4.6013317,5.963515,8.26988,11.394748,12.926221,16.343784,18.383629,18.245901,18.308598,21.704466,20.53776,25.476902,25.211607,28.983194,30.621397,35.27493,35.469505,32.38252,32.42946,29.137953,27.035912,25.347431,23.444675,21.050066,18.800232,18.675402,13.349947,17.302279,14.282409,16.510283,17.211512,13.639912,15.8262415,16.826975,11.500327,14.853499,11.578757,15.282167,14.132231,18.659126,20.538385,22.951029,24.188028,21.223238,19.585518,16.810522,18.541088,15.636658,19.544758,16.75887,19.83829,19.001026,22.193325,19.968105,21.860722,21.236628,24.617899,26.87972,24.197872,28.434347,29.097075,23.21165,29.726805,25.408964,30.762245,28.904963,33.445446,35.538162,33.612236,33.01314,27.396875,29.04404,24.11501,24.444237,23.17431,22.192608,19.76327,20.67073,18.916365,21.618122,24.01362,24.424326,27.837933,27.550564,32.6305,30.412012,35.190376,34.490364,31.721165,33.168095,28.454536,30.011131,28.332527,26.964432,27.93604,25.548624,26.617916,31.40404,28.592037,33.1254,34.972755,35.912403
7,20.90776,18.749165,15.229388,13.067085,9.072035,5.706465,4.6013317,0.0,4.7631674,5.8513403,8.31788,11.278996,13.949541,15.358062,14.6085005,15.321855,18.096466,17.372448,21.826607,21.96187,25.61395,27.459925,32.152107,32.12122,28.971687,28.611624,25.582752,23.169043,21.852356,20.053783,18.14993,15.965622,16.990553,12.745959,17.725382,15.438783,18.080202,19.457523,16.41447,17.494583,17.410217,12.405849,14.21687,9.939318,13.035749,10.328738,14.756605,16.412743,18.668509,20.046513,17.286928,15.9860325,13.63465,16.19046,14.109649,18.319029,16.139542,19.462389,19.696035,22.943031,20.467686,23.282763,22.768103,26.408085,29.044806,26.091215,30.218737,30.321947,24.166958,30.16635,25.323568,30.458723,27.931265,32.215782,34.56553,32.533768,32.774437,26.93475,29.091934,24.26215,24.711529,24.203184,22.36409,19.556137,19.978321,17.202887,19.839005,21.420603,21.845192,24.937735,24.607264,29.700527,27.635334,32.382393,31.988714,29.56818,30.811102,26.496902,27.590502,26.655386,25.160765,26.707443,23.736794,24.317186,29.056236,26.257046,31.030987,32.684216,34.1379
8,22.623068,19.656445,17.532581,13.5675335,10.971977,8.864988,5.963515,4.7631674,0.0,5.0860677,6.1203513,7.6231956,10.913288,12.831553,12.815248,12.445762,16.156319,15.077528,20.146324,20.38758,23.911886,26.008303,30.297112,30.995033,28.10467,28.378946,25.490688,23.53956,22.261236,19.448837,18.018589,14.166778,15.448643,9.227392,14.611494,12.023713,14.295173,16.272814,13.801543,15.415311,15.757784,11.026476,13.768216,9.192256,13.699914,10.540832,15.733974,16.66656,19.84164,21.769882,19.757196,19.27474,16.11715,19.085003,17.108328,20.905708,17.698793,20.574274,21.24038,23.568357,20.231842,22.730959,21.444927,25.035252,27.174438,23.443977,27.424389,27.970686,21.740341,28.145885,23.692385,29.261246,26.940903,31.2406,33.187374,30.75799,30.70169,24.652628,26.248888,21.350157,21.097576,20.418013,18.287945,15.683614,16.876469,13.977433,17.87624,19.779945,20.932116,24.382221,24.783176,29.766542,28.358448,32.907642,31.81159,29.279165,30.050062,25.410671,26.1665,24.532549,22.36304,23.195915,20.321842,21.021626,25.892889,23.699234,28.263376,30.43992,31.729483
9,25.964195,23.217665,20.266678,17.099932,13.403205,10.873381,8.26988,5.8513403,5.0860677,0.0,4.574887,6.6416497,9.062852,10.991669,11.367803,12.79276,15.980698,16.293568,20.497952,22.037611,25.124197,27.822767,31.878668,32.557396,29.679935,29.30697,27.00627,24.518856,23.942944,21.27431,20.643179,16.641695,19.307266,13.590898,19.384617,16.865728,18.844112,21.030794,18.556902,20.49902,20.723736,16.019806,18.19902,13.268887,16.956245,12.04794,16.836864,17.126917,19.857672,21.969217,20.08293,19.52526,17.731253,21.055416,19.533772,23.71073,21.38416,24.54434,25.210829,28.01529,24.928865,27.639458,26.496082,30.101109,32.24097,28.434809,32.36744,32.969845,26.712973,32.993183,28.389637,33.820534,31.14575,35.24719,37.35072,34.829082,35.24356,29.0909,30.783716,25.966824,25.427198,24.866146,22.23903,19.708832,21.045052,17.18579,21.515932,22.532806,23.84482,26.87195,27.20491,32.149265,30.82822,35.33791,34.68081,32.5245,33.097324,28.887596,29.095123,28.097183,25.512203,26.43088,22.941242,22.823572,27.711681,26.255356,30.943222,33.169147,34.9899
10,28.465534,25.715336,23.1494,19.650072,16.586346,13.849008,11.394748,8.31788,6.1203513,4.574887,0.0,4.57555,5.8413553,7.081578,7.123346,8.242336,11.506215,11.922465,16.100801,17.945894,20.815504,23.756134,27.559849,28.51207,25.794725,25.624973,23.608587,21.337727,21.03826,17.789673,17.925312,13.012695,16.726461,11.517197,17.707281,15.930828,17.96485,20.740692,19.036316,20.148981,19.743755,15.8171015,17.179972,11.999047,15.592198,9.635709,14.466334,13.959485,17.268238,19.83546,18.787987,19.185022,16.992676,20.91556,20.026865,23.876987,21.326576,24.209915,25.822182,28.017515,24.379107,27.476925,26.072601,29.736576,31.898237,27.661413,31.32621,31.62626,25.32822,31.178427,26.516071,31.849878,28.870394,32.687653,34.70166,31.932545,32.818535,26.558077,28.330576,23.741102,23.030863,23.10675,19.75601,17.113306,18.284225,13.662732,18.435116,18.916164,20.672108,23.594757,24.39418,29.145802,28.415071,32.669025,31.74363,29.797739,29.913046,25.89437,25.543161,24.725578,21.744617,22.766684,18.933685,18.482294,23.324318,22.17267,26.847338,29.163034,31.236708
11,29.974937,26.63036,24.918985,20.425032,18.043156,16.134708,12.926221,11.278996,7.6231956,6.6416497,4.57555,0.0,3.9538748,6.9348907,8.959314,8.881802,13.103462,13.411866,17.844427,19.92144,22.469772,25.631056,28.877441,30.565468,28.15718,28.503155,26.659496,24.781578,24.476358,20.653074,20.998398,15.116249,18.59222,11.743367,17.55187,15.325747,16.526844,19.598492,18.330439,20.36754,20.700153,16.987087,19.345074,14.4968405,18.840227,13.497529,18.459005,17.646446,21.300528,24.038155,23.218145,23.692905,21.158844,24.9504,23.743723,27.471704,24.324875,26.966307,28.355785,30.126068,26.154633,28.674782,26.739393,30.19148,31.754774,27.02595,30.509285,31.475298,25.350832,31.624702,27.54513,33.19838,30.62218,34.47575,36.0804,33.04388,33.41744,27.15017,28.178066,23.610472,22.050093,21.635664,18.225029,16.151861,18.387712,14.017721,19.903824,20.783298,23.071539,26.234653,27.514055,32.11572,31.76134,35.865356,34.430725,32.353035,32.174057,27.893911,27.361252,25.800156,22.19017,22.170956,18.587032,18.17383,23.072876,22.896046,27.169107,30.064198,31.879232
12,33.51782,30.348822,28.362434,24.168653,21.552235,19.263054,16.343784,13.949541,10.913288,9.062852,5.8413553,3.9538748,0.0,3.3309886,6.3775177,7.2791,10.772038,12.210282,15.666086,18.782724,20.739244,24.375202,27.177633,29.044079,26.830067,26.941797,25.712309,23.759296,24.044754,20.065891,21.321339,15.150143,19.746675,13.995604,19.87955,18.245834,19.444073,22.776339,21.857775,23.39716,23.23767,19.944067,21.522295,16.55899,20.296137,14.044644,18.394867,16.755974,20.341797,23.361021,23.183216,24.173046,22.123968,26.286062,25.643177,29.316593,26.509344,29.120287,31.024773,32.713535,28.620495,31.495066,29.566236,33.056805,34.701107,29.803429,33.075306,33.78836,27.6985,33.503696,29.319946,34.732887,31.79569,35.305126,36.937412,33.749306,34.712784,28.433788,29.60465,25.331123,23.645523,23.77672,19.771255,17.725618,19.714962,14.608706,20.60414,20.6009,23.17445,25.927753,27.438541,31.781765,31.862885,35.707245,34.367798,32.671143,32.095463,28.27648,27.085787,26.068684,22.079334,22.215525,18.128033,16.893337,21.58117,22.160053,26.370842,29.291199,31.577635
13,35.327187,32.427223,30.172503,26.346827,23.593555,20.92768,18.383629,15.358062,12.831553,10.991669,7.081578,6.9348907,3.3309886,0.0,3.7078319,5.7373333,8.022029,10.374126,12.91294,16.687635,18.267761,22.144823,24.773724,26.560715,24.42764,24.306671,23.483133,21.478638,22.183693,18.210325,20.122023,14.048995,19.41372,15.00643,20.897707,19.857208,21.29532,24.720715,23.983501,24.839437,24.111612,21.197422,21.939342,16.996738,20.05279,13.310256,16.96837,14.732456,18.223858,21.40618,21.772137,23.237825,21.48616,25.883827,25.759377,29.281546,26.799225,29.343943,31.74093,33.34895,29.22494,32.48269,30.679878,34.229992,36.094887,31.22411,34.36986,34.663574,28.592384,33.865925,29.486868,34.587482,31.305393,34.51138,36.247772,33.037952,34.575935,28.3443,29.832819,25.81339,24.336727,25.036829,20.684456,18.486654,19.925222,14.360755,19.976566,19.213028,21.852346,24.214344,25.817408,29.939732,30.30625,33.936855,32.74238,31.364985,30.552,27.16718,25.541067,25.121382,21.097647,21.703669,17.250175,15.456773,19.905003,20.642246,24.89452,27.619335,30.29511
14,34.569443,32.075634,29.462803,26.208015,23.306982,20.243107,18.245901,14.6085005,12.815248,11.367803,7.123346,8.959314,6.3775177,3.7078319,0.0,4.761627,5.429244,8.140511,10.285855,13.971733,15.756284,19.487776,22.544186,23.775057,21.42748,20.984148,20.101221,17.897131,18.720337,15.015505,17.104177,11.650865,17.399218,14.55331,20.46441,19.916737,21.850016,25.129457,24.292875,24.3622,23.026163,20.315649,20.160162,15.279493,17.536629,10.487515,13.551005,11.102888,14.531448,17.742943,18.327887,20.097618,18.493126,23.012102,23.314608,26.682322,24.585598,27.11711,29.879313,31.544926,27.574543,31.242716,29.756332,33.40133,35.653664,31.087437,34.26743,34.01916,27.908579,32.701115,27.966644,32.734818,29.132786,32.194607,34.188084,31.149178,33.153877,26.988483,29.01766,25.099623,24.234962,25.390036,21.051065,18.479897,19.074888,13.360455,18.028284,16.759949,19.09438,21.182953,22.572428,26.696404,26.976906,30.603148,29.697586,28.485659,27.766603,24.670553,23.037611,23.248,19.693497,21.15571,16.55313,14.759221,19.07196,18.947985,23.487696,25.725492,28.62276
15,33.629307,30.884277,29.100878,25.1834,23.17472,20.526617,18.308598,15.321855,12.445762,12.79276,8.242336,8.881802,7.2791,5.7373333,4.761627,0.0,4.8156786,4.9783525,9.125711,11.584836,13.673257,17.142609,20.117123,21.933748,19.764496,20.374886,19.0769,17.706257,17.941002,13.4358635,15.382716,8.709442,14.246736,11.169339,16.613602,16.527708,18.253239,21.72284,21.52233,21.22657,19.85861,17.895945,17.834177,13.433248,16.214758,10.337786,13.802767,11.629725,15.8238735,18.980682,19.67307,21.64174,18.84549,23.189093,23.2572,26.203106,23.316198,25.40675,28.416864,29.360922,24.948853,28.386292,26.531778,30.031591,32.03564,27.20777,30.136623,29.92404,23.96925,28.67229,24.272907,29.178211,25.83614,28.911903,30.568169,27.323559,29.042171,22.866537,24.581705,20.790306,19.676998,21.048191,16.515154,14.034482,14.76348,8.983388,14.414948,13.636131,16.503874,19.072042,21.022804,25.047478,25.686932,29.182476,27.54229,26.047132,25.114328,21.598955,19.975096,19.384604,15.453967,16.509102,12.00763,10.641362,15.32433,15.132167,19.569616,22.1893,24.708666
16,36.59197,34.284485,32.02994,28.78176,26.462482,23.397856,21.704466,18.096466,16.156319,15.980698,11.506215,13.103462,10.772038,8.022029,5.429244,4.8156786,0.0,4.387035,4.952953,9.161379,10.404624,14.356281,17.131983,18.576496,16.479958,16.500204,16.006111,14.481188,15.596888,11.34284,14.587577,9.067374,15.4339905,14.852668,19.888664,20.442518,22.407885,25.774385,25.616749,24.59907,22.537218,21.024649,19.776838,15.694717,17.049028,10.902929,12.529107,9.245788,13.022219,16.365976,18.03221,20.712927,18.63587,23.160849,24.05336,26.720694,24.565142,26.554667,30.143642,31.090048,26.872175,30.799778,29.271395,32.786137,35.111885,30.52688,33.273415,32.457348,26.684475,30.460558,25.814167,30.036541,26.166016,28.663696,30.546701,27.399519,30.077698,24.182852,26.436377,23.159348,22.516014,24.544,19.888062,17.363873,17.132853,11.387814,15.164281,12.829919,15.545407,17.168175,19.155294,22.726318,23.806662,26.906467,25.664207,24.799145,23.519878,20.947777,18.588686,19.331594,15.710228,17.742794,12.975747,10.684027,14.441562,14.27601,18.710497,20.73901,23.977999
17,34.078144,31.766514,30.038246,26.581648,24.924595,22.129751,20.53776,17.372448,15.077528,16.293568,11.922465,13.411866,12.210282,10.374126,8.140511,4.9783525,4.387035,0.0,5.765686,6.6330123,9.170009,12.262779,15.688216,17.169352,14.920196,15.926341,14.4563465,13.644847,13.780813,8.919122,11.569777,5.132954,11.34011,11.578036,15.992428,17.086588,19.159527,22.403555,22.557516,20.936329,18.627983,17.761858,16.2514,12.756652,14.207975,9.466354,11.399459,9.00159,13.327085,16.349298,17.707382,20.328812,17.161276,21.40654,22.070786,24.344675,21.626213,23.261024,27.036694,27.48206,23.04975,26.89954,25.277012,28.71031,31.037098,26.525368,29.171186,28.158987,22.467567,26.076176,21.478662,25.770735,22.046247,24.706495,26.480024,23.300535,25.750334,19.810171,22.131304,18.872831,18.52079,20.799475,16.303751,13.621971,12.887393,7.3062096,10.857825,9.0095415,12.006266,14.2866125,16.546846,20.286577,21.334702,24.53951,22.753262,21.46645,20.2988,17.150982,15.176905,15.265854,11.780022,14.100659,9.568602,8.349262,12.498829,10.941227,15.688252,17.754902,20.524193
18,39.018814,37.024025,34.876453,31.921188,29.905888,26.787382,25.476902,21.826607,20.146324,20.497952,16.100801,17.844427,15.666086,12.91294,10.285855,9.125711,4.952953,5.765686,0.0,5.8794937,5.7539926,9.981389,12.465926,13.784244,11.957865,12.230479,12.444201,11.687013,13.305206,9.132423,13.529848,9.427329,15.47463,17.295555,21.332722,22.760271,24.788836,28.032608,28.277267,26.34335,23.63838,23.105995,20.819036,17.655441,17.850061,12.984862,12.820408,9.204475,12.397219,15.508055,18.165226,21.528088,19.438463,23.751753,25.261248,27.247644,25.369719,26.870728,31.112165,31.5455,27.363085,31.533836,30.155964,33.507717,35.980396,31.610794,33.96349,32.520267,27.193258,29.795773,25.229069,28.651304,24.478357,26.25277,28.124006,25.035328,28.545633,23.148012,25.747929,23.22713,23.022299,25.786526,21.140858,18.734024,17.561111,12.486303,14.407616,10.7652445,13.4338455,14.098318,16.52064,19.286005,21.172533,23.60355,22.26481,21.952492,20.12659,18.47923,15.319447,17.11381,13.92836,16.806658,12.309357,9.744562,12.070431,11.5127945,15.649386,17.040638,20.784746
19,36.450687,34.75007,33.049088,30.29421,28.979317,26.094286,25.211607,21.96187,20.38758,22.037611,17.945894,19.92144,18.782724,16.687635,13.971733,11.584836,9.161379,6.6330123,5.8794937,0.0,4.180873,5.8103986,10.217562,10.772154,8.396441,10.244057,8.770776,9.41521,9.646096,4.9167047,9.162888,6.6939955,11.173066,15.586483,18.289248,20.574196,22.826473,25.639385,26.159252,23.159996,19.851213,20.392431,17.18261,15.326955,14.656014,12.247063,11.358803,9.099095,12.302375,14.677275,17.116129,20.515621,17.36484,21.111696,22.674992,23.874544,21.730572,22.617075,27.300182,27.07786,22.912807,27.161716,25.971848,29.14425,31.819504,27.914513,30.046177,27.968058,22.998367,24.706896,20.082285,23.016005,18.734192,20.378826,22.33394,19.392376,23.17117,18.05788,21.182158,19.074442,19.770876,23.02025,18.932878,16.421215,14.005312,10.324046,9.570818,5.1915517,7.8136096,8.660291,11.601788,14.388118,16.422533,18.842926,16.899971,16.27362,14.498548,12.604248,9.608803,11.702661,9.726828,13.872848,10.332374,9.489491,11.288687,7.535618,12.133104,12.744671,16.120321
20,40.62798,38.87693,37.180744,34.33254,32.94282,30.005157,28.983194,25.61395,23.911886,25.124197,20.815504,22.469772,20.739244,18.267761,15.756284,13.673257,10.404624,9.170009,5.7539926,4.180873,0.0,4.562281,6.965693,8.460343,7.187576,9.2543545,9.714206,10.856183,12.130139,8.352394,12.969475,10.68587,15.134739,19.188261,21.753273,24.113602,26.079544,29.064375,29.850859,26.953606,23.712494,24.431852,21.310907,19.449205,18.773075,15.971735,14.739066,11.870634,14.423129,16.816078,19.923704,23.611244,21.017794,24.780111,26.604927,27.707678,25.790785,26.555157,31.360195,30.971815,26.804869,30.974516,29.677122,32.70005,35.191032,31.129671,32.934628,30.840443,26.232252,27.413328,23.21418,25.669443,21.413986,22.321913,23.987858,20.95953,25.218666,20.59025,23.415213,21.90111,22.216616,25.691921,21.350918,19.227573,17.089571,13.463677,13.102754,8.594787,11.066646,10.723329,13.921812,15.494025,18.445805,19.97683,18.01398,18.139008,15.5830555,14.882566,10.832759,13.555067,11.229515,14.940211,11.488838,9.610285,9.819028,7.9193454,11.345303,11.8133135,15.924404
21,40.43841,39.031597,37.560455,35.052956,34.073654,31.262863,30.621397,27.459925,26.008303,27.822767,23.756134,25.631056,24.375202,22.144823,19.487776,17.142609,14.356281,12.262779,9.981389,5.8103986,4.562281,0.0,5.515339,5.308888,3.9503655,7.972997,7.670675,10.352294,10.832058,8.206186,12.043264,11.947337,14.603096,20.433273,21.923264,24.849926,26.924097,29.508518,30.464209,26.795813,23.121202,24.665092,20.828875,20.067705,18.538208,17.500715,15.507465,13.5615635,15.518074,17.164469,20.258575,23.975643,21.049107,24.201809,26.23708,26.601187,24.81949,25.014412,30.152351,29.245007,25.327705,29.522024,28.502907,31.272581,33.9288,30.397278,31.904522,29.187405,25.144896,25.164164,21.109034,22.631214,18.267052,18.51331,20.240664,17.520638,22.400972,18.514212,21.771824,20.94799,22.035723,25.859253,22.08756,20.038607,17.047722,14.813677,12.243776,7.6272917,8.981241,7.5490985,11.100975,11.690741,15.268956,16.185013,13.776692,14.187999,11.261835,11.478095,7.0288777,11.058662,10.541953,15.045109,12.816379,12.139468,11.46286,7.3962827,10.025087,8.857114,12.933187
22,45.5529,43.9274,42.710136,39.826424,38.954803,36.214478,35.27493,32.152107,30.297112,31.878668,27.559849,28.877441,27.177633,24.773724,22.544186,20.117123,17.131983,15.688216,12.465926,10.217562,6.965693,5.515339,0.0,5.2174354,7.173072,10.8449955,12.340443,15.025543,16.09485,13.568525,17.528082,16.521568,19.370539,24.406307,25.619375,28.627056,30.25542,33.038788,34.43941,30.963417,27.519743,29.313627,25.844093,25.013302,23.914438,22.420567,20.698559,18.272402,20.133215,21.909115,25.337864,29.175354,26.484158,29.700329,31.738724,32.085518,30.191576,30.239912,35.38531,34.15348,30.083279,33.981102,32.662216,35.18167,37.433987,33.62521,34.64016,32.066048,28.566305,28.075706,24.816193,25.952244,21.998926,21.471157,22.484653,19.607676,24.620638,21.418911,23.958162,23.888245,24.3467,28.354214,24.381311,22.901487,20.390894,18.2873,16.600977,12.417705,14.1965885,12.641785,16.150362,15.548556,19.816513,19.705013,17.025906,18.028414,14.3672905,15.491198,10.626261,13.908689,12.690909,16.058834,14.329616,12.983232,10.256014,9.063644,9.159366,8.000764,12.592425
23,44.75829,43.665287,42.005264,39.904392,38.820087,35.877514,35.469505,32.12122,30.995033,32.557396,28.51207,30.565468,29.044079,26.560715,23.775057,21.933748,18.576496,17.169352,13.784244,10.772154,8.460343,5.308888,5.2174354,0.0,3.480261,6.9346933,8.760844,11.939795,13.12139,12.268392,15.935649,17.04365,19.393608,25.691898,26.980513,30.039742,32.120255,34.599167,35.584896,31.666365,27.805521,29.562735,25.34097,24.879192,22.709064,21.915487,19.053518,17.091017,17.921068,19.009127,22.658354,26.601954,24.368309,27.18142,29.716301,29.64896,28.537582,28.487507,33.81734,32.795273,29.291355,33.547756,32.81019,35.38663,38.13282,34.94025,36.169376,33.071465,29.557196,28.608677,24.862873,25.3083,20.942657,20.069666,21.74496,19.582579,25.149773,22.26661,25.589106,25.42417,26.718983,30.709318,27.079937,25.185976,22.057043,20.11768,17.089777,12.605657,12.984366,10.108099,12.862334,11.370855,15.832145,15.227079,13.397408,15.162466,11.779636,14.221234,9.832068,14.768421,15.115699,19.402847,17.641666,16.688742,14.907301,11.889225,12.819927,10.255291,14.459301
24,41.661053,40.662098,38.782265,36.893696,35.65711,32.643085,32.38252,28.971687,28.10467,29.679935,25.794725,28.15718,26.830067,24.42764,21.42748,19.764496,16.479958,14.920196,11.957865,8.396441,7.187576,3.9503655,7.173072,3.480261,0.0,4.7280846,5.414558,8.631181,9.6790695,8.995957,12.675292,14.323166,16.74513,23.2308,24.84966,27.739357,30.05879,32.46634,33.140507,29.250307,25.331192,26.775057,22.425982,21.843172,19.450819,18.703558,15.633829,13.880176,14.681977,15.738668,19.256279,23.165483,20.895222,23.762972,26.317862,26.3756,25.379944,25.531275,30.808338,30.110176,26.691246,31.136963,30.557032,33.327293,36.29089,33.1885,34.761063,31.699883,27.774357,27.34054,23.0898,23.930895,19.324642,19.08223,21.207102,19.088572,24.422983,21.01077,24.66093,23.940203,25.463621,29.262339,25.6835,23.474659,20.23453,18.05233,14.828856,10.208842,10.222532,7.2900243,9.901558,9.44661,13.340497,13.650252,12.203643,13.522707,10.784608,12.488347,8.566526,13.708348,14.183545,18.86571,16.703253,15.935581,15.2049465,11.26052,13.453459,11.312587,15.273525
25,42.229996,41.495693,38.932438,37.6076,35.767582,32.432636,32.42946,28.611624,28.378946,29.30697,25.624973,28.503155,26.941797,24.306671,20.984148,20.374886,16.500204,15.926341,12.230479,10.244057,9.2543545,7.972997,10.8449955,6.9346933,4.7280846,0.0,4.6764894,6.1927657,8.803177,9.612972,13.421171,15.688179,18.813103,24.954552,27.398453,29.86427,32.445976,34.87489,35.046337,31.415174,27.508165,28.22748,23.782057,22.667799,19.836874,18.334177,14.43705,12.476768,11.989141,12.736246,16.789486,20.88157,19.732372,22.687923,25.6889,25.981522,25.837084,26.419355,31.54163,31.556936,28.537672,33.267258,33.00705,36.003754,39.24349,36.2667,38.2054,35.20304,30.89384,30.930109,26.238968,27.206266,22.415808,22.427647,24.96627,23.160051,28.406775,24.7546,28.617016,27.401766,28.972057,32.50554,28.812096,26.307796,23.241623,20.345291,17.598076,12.976468,12.547884,9.524706,10.612418,10.533709,13.4558525,14.02249,14.271909,15.898618,14.016379,15.792904,12.647938,17.775633,18.066116,22.74035,19.95637,18.726631,18.614866,15.1984825,17.90892,16.025465,19.98637
26,37.862957,37.256077,34.84478,33.666454,32.100285,28.917072,29.137953,25.582752,25.490688,27.00627,23.608587,26.659496,25.712309,23.483133,20.101221,19.0769,16.006111,14.4563465,12.444201,8.770776,9.714206,7.670675,12.340443,8.760844,5.414558,4.6764894,0.0,3.9253414,4.5774803,6.3113055,9.109372,12.808652,14.882415,21.75519,23.836248,26.375029,29.13507,31.262135,31.301548,27.387087,23.343706,24.213976,19.475426,18.872232,15.624725,15.345337,11.331762,10.45308,10.375663,10.799691,14.130116,17.998652,16.012577,18.711346,21.569183,21.634449,21.309597,21.7674,26.934498,26.88982,23.97144,28.749298,28.673294,31.679909,35.084084,32.41668,34.49839,31.373775,27.004028,27.121052,22.165344,23.238466,18.388824,18.914606,21.76032,20.116089,25.03934,21.244987,25.400608,23.951254,25.994036,29.390503,26.121923,23.452845,20.038342,17.719501,14.029082,9.889236,8.492681,5.4844184,6.107218,7.53969,9.651966,11.428739,11.422555,12.242942,11.160991,12.072236,9.978747,14.897845,15.946048,20.91681,18.431347,18.024307,18.640884,13.859998,17.162104,15.313655,18.61231
27,36.656662,36.094513,33.143154,32.2489,30.141533,26.710716,27.035912,23.169043,23.53956,24.518856,21.337727,24.781578,23.759296,21.478638,17.897131,17.706257,14.481188,13.644847,11.687013,9.41521,10.856183,10.352294,15.025543,11.939795,8.631181,6.1927657,3.9253414,0.0,3.8037825,6.131966,8.882797,12.337748,15.256744,21.212278,24.170015,26.170076,29.102114,31.293903,30.865292,27.420652,23.59255,23.595766,19.10922,17.725937,14.473924,13.086385,8.552016,7.504541,6.540841,7.1098,10.783387,14.822991,13.596639,16.729885,19.726366,20.385614,20.501488,21.573399,26.38931,27.10372,24.350079,29.259338,29.291172,32.551952,36.072075,33.33435,35.814186,33.000134,28.137808,29.120073,23.818554,25.495073,20.672354,21.825119,24.834936,23.167608,27.65083,23.342245,27.465734,25.376884,27.24672,30.268192,26.87082,23.959553,20.925085,17.857183,15.125741,11.293764,10.138466,8.332157,7.9607263,10.611302,11.234799,13.8641,14.6677,15.118022,14.681972,14.791356,13.1944,17.47078,17.897644,22.654099,19.569456,18.852642,20.254614,15.960293,19.857424,18.606688,21.953
28,33.617847,33.186863,30.50922,29.71414,28.01642,24.807344,25.347431,21.852356,22.261236,23.942944,21.03826,24.476358,24.044754,22.183693,18.720337,17.941002,15.596888,13.780813,13.305206,9.646096,12.130139,10.832058,16.09485,13.12139,9.6790695,8.803177,4.5774803,3.8037825,0.0,5.1276245,5.7640676,11.075302,12.504282,19.322773,21.668749,23.845192,26.884985,28.749752,28.306599,24.476175,20.47477,20.824762,15.95754,15.340182,11.544816,11.964988,7.5435014,8.120985,7.9414706,7.933508,10.280342,13.870515,11.482038,14.177219,17.012938,17.263355,17.123,17.934958,22.896059,23.392172,20.737268,25.667871,25.87884,29.075706,32.72085,30.322205,32.818962,29.825706,25.07348,25.907293,20.494452,22.100838,17.3161,18.80748,21.98533,20.537014,24.724648,20.505295,24.83177,22.715477,25.044924,27.994093,25.068197,22.115875,18.721617,16.478708,12.697686,9.645919,7.454533,6.146521,4.8615494,8.89817,8.557055,12.103472,12.556888,12.269503,12.57976,11.981443,11.506915,15.357921,16.572453,21.448288,18.873175,18.924955,20.577723,15.348667,19.32756,17.986258,20.689499
29,33.457016,32.296146,30.121233,28.229177,26.71792,23.653757,23.444675,20.053783,19.448837,21.27431,17.789673,20.653074,20.065891,18.210325,15.015505,13.4358635,11.34284,8.919122,9.132423,4.9167047,8.352394,8.206186,13.568525,12.268392,8.995957,9.612972,6.3113055,6.131966,5.1276245,0.0,4.9446106,6.5548677,9.673945,15.576569,18.288197,20.462603,23.241165,25.564684,25.494558,22.081924,18.387619,18.688375,14.606475,13.160734,11.035557,9.838705,7.4418826,6.524359,9.0106735,10.7219305,12.8117,16.191715,12.975743,16.490114,18.423826,19.394943,17.884937,18.878786,23.671057,23.874956,20.277525,24.933994,24.390898,27.693338,30.898397,27.695698,30.164454,27.696552,22.60071,24.21331,18.975128,21.618212,17.04075,19.00407,21.628895,19.3416,23.126434,18.146746,21.974894,19.568855,21.190557,24.180113,20.74227,17.845654,14.847088,11.839764,9.274787,5.585733,5.5489445,6.3005843,7.8211513,11.744531,12.552356,15.788626,14.720159,13.868647,13.240914,11.286175,9.840259,12.60595,12.411564,17.001484,13.97425,13.900786,16.0041,11.148077,15.672851,15.37259,18.242392
30,29.065208,28.222998,26.158392,24.70622,23.572386,20.747663,21.050066,18.14993,18.018589,20.643179,17.925312,20.998398,21.321339,20.122023,17.104177,15.382716,14.587577,11.569777,13.529848,9.162888,12.969475,12.043264,17.528082,15.935649,12.675292,13.421171,9.109372,8.882797,5.7640676,4.9446106,0.0,7.2100143,6.9138846,14.067039,16.046522,18.226276,21.316612,23.029514,22.627045,18.723225,14.767339,15.225137,10.423618,10.1339035,6.808672,8.900127,6.8299866,8.540742,10.546263,11.259495,11.746412,14.267482,9.860776,12.662552,14.261781,14.843946,13.06667,13.937624,18.78784,19.034946,15.71883,20.541943,20.437567,23.773922,27.314882,24.74914,27.455366,24.775194,19.656113,21.37443,15.760814,18.501762,14.0799465,16.83249,19.776985,17.995771,21.069849,16.159637,20.33046,17.61165,20.036085,22.663136,20.09826,17.055727,13.625112,12.024178,7.9200745,6.8247437,4.679002,6.955294,6.7930717,11.757042,10.85479,15.0420475,14.0566,12.174695,12.974286,9.875814,10.728072,12.421721,13.518218,17.978182,15.753114,16.72951,19.228197,13.55279,17.933111,17.477818,19.317974
31,30.234371,28.271492,26.709871,23.648409,22.467165,19.805336,18.800232,15.965622,14.166778,16.641695,13.012695,15.116249,15.150143,14.048995,11.650865,8.709442,9.067374,5.132954,9.427329,6.6939955,10.68587,11.947337,16.521568,17.04365,14.323166,15.688179,12.808652,12.337748,11.075302,6.5548677,7.2100143,0.0,6.405377,9.304526,12.867973,14.533231,17.156437,19.834116,19.845486,17.238821,14.310978,13.971769,11.5038395,8.875864,9.6446,7.3226495,9.033379,8.440797,12.591428,14.903173,15.583563,17.930119,13.755501,17.529707,18.057173,19.873264,16.87747,18.255974,22.25011,22.478415,18.122086,22.197918,20.89912,24.376108,27.094349,23.148209,25.932423,24.407715,18.67448,22.040703,17.015812,21.272665,17.513882,20.583519,22.631691,19.793175,22.048592,16.09863,19.053764,15.6258545,16.399088,18.788473,15.110041,12.023325,9.976271,5.796532,6.609961,5.9171033,8.05228,11.2249775,13.035651,17.303946,17.653976,21.285118,19.40456,17.545029,17.101648,13.248365,12.53662,12.309684,10.366791,13.605878,10.216423,10.831437,14.565233,10.577362,15.517825,16.876717,18.955189
32,26.31907,24.628044,23.926834,21.033598,21.065378,19.11398,18.675402,16.990553,15.448643,19.307266,16.726461,18.59222,19.746675,19.41372,17.399218,14.246736,15.4339905,11.34011,15.47463,11.173066,15.134739,14.603096,19.370539,19.393608,16.74513,18.813103,14.882415,15.256744,12.504282,9.673945,6.9138846,6.405377,0.0,8.686828,9.229492,11.910977,14.791687,16.478476,16.695341,12.617318,8.841521,10.265069,6.6553926,7.2777677,7.435942,10.33622,11.722989,13.048002,16.331348,17.611069,17.360065,18.966845,13.653845,16.023306,15.8846445,16.701721,12.70752,13.194462,17.345348,16.656387,12.056778,16.111015,14.985351,18.364916,21.3948,18.166124,20.941599,18.836443,13.249591,16.302841,10.939712,15.467556,12.175639,16.04634,18.088268,15.699817,17.021885,11.18577,14.654998,11.138244,13.4527855,15.809192,13.678102,10.704187,7.1377654,7.473924,3.4088984,7.011273,7.0807514,11.146819,12.313544,16.561811,16.092798,19.902306,17.47576,14.592206,15.174943,10.096361,11.73846,9.9438305,10.366828,13.555759,12.2917,14.604394,17.683155,12.244966,16.356327,17.139063,17.767143
33,24.597336,21.552774,21.36271,16.603205,16.640984,15.341935,13.349947,12.745959,9.227392,13.590898,11.517197,11.743367,13.995604,15.00643,14.55331,11.169339,14.852668,11.578036,17.295555,15.586483,19.188261,20.433273,24.406307,25.691898,23.2308,24.954552,21.75519,21.212278,19.322773,15.576569,14.067039,9.304526,8.686828,0.0,6.22313,5.7064695,8.383188,11.176559,10.984265,10.082586,9.446483,7.6516724,9.551113,6.9041877,11.670231,11.083233,15.475225,16.134762,20.144924,22.1739,21.25433,22.014532,17.207743,20.05177,18.582903,20.908146,16.342262,17.864824,19.971983,20.19285,15.516187,17.993862,15.783855,19.250195,21.163286,16.632616,20.085777,20.170006,13.914481,19.956085,15.877286,21.68525,19.654427,23.819534,25.18091,22.394157,22.071476,15.905285,17.204903,12.406062,12.16057,12.415856,9.892875,6.8710103,7.7143,6.355619,10.28322,13.421665,15.110097,19.08057,20.447214,24.904467,24.404558,28.40847,26.07899,23.252758,23.531189,18.406446,19.230171,16.327494,14.168798,14.618176,12.782494,14.805785,19.24167,16.3789,20.41201,22.775824,23.348898
34,24.003862,20.985619,22.331635,17.410702,19.164373,18.805061,17.302279,17.725382,14.611494,19.384617,17.707281,17.55187,19.87955,20.897707,20.46441,16.613602,19.888664,15.992428,21.332722,18.289248,21.753273,21.923264,25.619375,26.980513,24.84966,27.398453,23.836248,24.170015,21.668749,18.288197,16.046522,12.867973,9.229492,6.22313,0.0,4.1522975,6.0153193,7.6402044,9.230515,6.263354,5.915956,7.667734,9.599739,10.326104,13.931689,16.013374,19.47904,20.568209,24.366625,25.979141,25.073763,25.796745,20.413374,22.297838,20.579502,21.816435,16.570168,16.89684,18.87673,17.585876,12.57261,13.920091,10.946402,13.958098,15.463816,10.717951,13.974525,14.001509,7.8307037,14.3374815,11.250597,17.31214,16.478348,20.740412,21.455265,18.851692,17.164698,11.483182,11.967865,6.993382,7.5236154,7.5954814,7.3167086,5.3637757,5.413192,9.032265,10.178681,14.657437,15.860256,19.913246,21.389305,25.271633,24.85367,28.461979,25.41385,22.138893,22.599539,17.110157,18.851395,14.581808,13.598338,13.323452,13.65348,16.866869,20.365597,16.837269,19.82529,22.005056,21.333017
35,22.128614,18.581936,19.989342,14.396727,16.173845,16.241508,14.282409,15.438783,12.023713,16.865728,15.930828,15.325747,18.245834,19.857208,19.916737,16.527708,20.442518,17.086588,22.760271,20.574196,24.113602,24.849926,28.627056,30.039742,27.739357,29.86427,26.375029,26.170076,23.845192,20.462603,18.226276,14.533231,11.910977,5.7064695,4.1522975,0.0,3.4730537,5.4819946,5.959629,5.8997927,7.696572,6.682618,10.784859,10.338229,14.930582,16.15416,20.392717,21.546503,25.361343,27.074913,25.721264,25.960474,20.869213,22.802275,20.571196,22.44548,17.256376,18.204336,19.214033,18.78719,14.24233,15.123194,12.261138,15.299483,16.485823,11.798125,15.544458,16.589075,10.653822,17.80567,14.905567,20.976358,20.224115,24.637794,25.484337,22.978733,21.109964,15.594578,15.768763,10.866804,10.475583,8.96646,8.926517,7.2782617,9.0125885,10.816919,13.445699,17.574226,18.85895,22.950674,24.173386,28.41645,27.651134,31.576595,28.894619,25.641802,26.26869,20.802452,22.437426,18.493374,17.00514,16.400803,16.094524,18.833157,22.849703,19.974852,23.242136,25.670181,25.26726
36,23.848736,19.936926,22.079855,16.01326,18.265715,18.79717,16.510283,18.080202,14.295173,18.844112,17.96485,16.526844,19.444073,21.29532,21.850016,18.253239,22.407885,19.159527,24.788836,22.826473,26.079544,26.924097,30.25542,32.120255,30.05879,32.445976,29.13507,29.102114,26.884985,23.241165,21.316612,17.156437,14.791687,8.383188,6.0153193,3.4730537,0.0,3.8601995,6.1441774,7.653953,10.288143,9.906575,14.114192,13.761505,18.369886,19.273062,23.608473,24.486261,28.449455,30.304914,29.083992,29.370129,24.323713,26.263342,23.959084,25.775463,20.513144,21.250805,21.996082,21.213799,16.74215,16.81734,13.516063,15.934209,16.165424,10.893233,14.27997,16.318697,11.105621,18.384407,16.49162,22.50017,22.256763,26.500673,26.90956,24.274694,21.824526,16.682867,15.843746,11.322021,9.777963,7.0284753,7.9063234,7.5904813,10.46128,12.654636,15.81927,19.928286,21.526737,25.596209,27.09832,31.137115,30.648453,34.38822,31.408714,28.153158,28.53882,23.07893,24.518625,20.10232,18.24353,16.65518,16.896793,19.724709,23.549784,21.37825,24.14735,26.938889,26.227375
