,0,1,2,3,4,5,6,7,8,9,10,11,12,13,14,15,16,17,18,19,20,21,22,23,24,25,26,27,28,29,30,31,32,33,34,35,36,37,38,39,40,41,42,43,44,45,46,47,48,49,50,51,52,53,54,55,56,57,58,59,60,61,62,63,64,65,66,67,68,69,70,71,72,73,74,75,76,77,78,79,80,81,82,83,84,85,86,87,88,89,90,91,92,93,94,95,96,97,98,99,100,101,102,103,104,105,106,107,108,109,110,111,112
0,0.0,4.9275255,6.5167727,10.122045,13.009015,15.636196,18.223307,21.321045,22.92145,26.788733,29.48484,30.030945,33.481388,36.23946,37.49982,35.782837,39.967316,36.9551,42.094143,38.150223,42.12323,40.849144,44.76393,45.478947,43.208042,44.877945,40.692356,40.749924,37.38441,36.110374,32.218582,32.120995,26.5583,25.376894,20.591484,20.658205,21.254646,18.195705,16.239151,18.811699,21.759438,19.366514,23.898912,21.904358,26.58951,25.857687,30.176975,31.058018,34.771908,35.43498,35.268127,34.332417,32.433598,33.276264,31.317694,30.411205,27.396675,28.701683,24.920269,27.46624,27.1456,28.161083,27.884605,30.93413,35.42481,33.964752,37.915596,37.562603,33.876163,37.507282,33.425304,37.69981,33.999264,37.313744,37.968513,34.35526,36.774723,31.218023,32.71074,29.817165,29.295547,29.42785,26.891483,26.210943,25.333012,29.932045,29.459969,34.192844,33.88531,37.61637,35.573555,35.36333,31.793158,31.64975,31.197412,30.50005,30.51592,26.72912,24.506828,21.178799,18.448507,15.752271,18.217705,17.298979,12.709806,11.207213,15.472364,17.22045,22.303825,23.831398,27.05952,29.827555,33.34641
1,4.9275255,0.0,6.32688,6.324306,10.565082,13.748285,15.4845495,19.244286,20.002176,23.79438,26.668518,26.76904,30.087269,32.92351,34.55022,32.847424,37.278553,34.536983,39.944607,36.52959,40.543472,39.78579,43.76163,44.64293,42.304066,43.69246,39.72961,39.487606,36.391697,34.71485,30.961275,30.117535,25.126427,22.469103,18.341196,17.522495,17.908401,15.190612,13.575406,17.032513,20.099506,18.971518,23.207972,22.3179,26.54409,27.208298,31.184116,32.2381,35.88698,36.154083,36.213146,35.616814,32.98171,34.009605,31.951267,30.671896,27.030048,27.97791,24.55729,26.198982,25.474068,25.89748,25.119123,28.199966,32.561848,31.056244,35.223087,35.188267,32.035816,35.747517,32.19234,36.790394,33.521843,37.15047,37.428764,33.659702,35.32344,29.76618,30.5945,27.621475,26.418562,26.164242,23.58,23.472908,23.385355,27.573942,28.198492,32.896637,33.064034,37.03822,35.451893,35.359146,32.096478,32.269806,31.73072,31.771547,32.04053,28.467068,25.802256,23.257486,20.51191,17.824451,19.34323,17.499458,13.336487,12.996187,15.71564,17.212849,22.723562,23.546991,26.876015,29.479187,33.209457
2,6.5167727,6.32688,0.0,6.604525,7.0884833,9.889732,12.51635,15.628073,17.769804,21.137049,24.097342,25.241241,28.609516,31.522284,32.818363,31.726555,35.819904,33.155865,38.171494,34.421646,38.58349,37.50832,41.857655,42.01334,39.4512,40.596786,36.3358,35.955692,32.646435,31.747492,27.500927,28.060593,22.425022,21.493446,17.676006,17.655962,19.22687,17.060818,17.106857,18.583426,20.639282,19.236687,22.455656,20.903856,24.796211,24.679724,28.46712,28.795753,32.805805,33.510567,34.091755,33.952312,31.761549,33.476192,31.956717,31.349695,27.596544,29.259018,26.5065,28.64712,27.09412,28.435614,27.376143,30.86481,35.03571,32.529774,36.739365,35.89299,33.02137,35.576885,32.0392,35.86071,32.18787,35.21745,35.28795,31.559237,33.988598,28.995216,30.06932,27.938192,26.988909,27.658684,24.201769,23.705654,22.615883,26.56889,26.258303,30.744976,30.24291,33.988716,31.832605,31.180626,28.071861,27.658546,26.704493,26.677355,27.323809,24.091263,21.82423,19.236958,15.854139,14.242112,16.506985,13.810219,9.073765,7.501272,10.076147,12.232267,17.127851,19.199059,21.969547,25.11886,28.46123
3,10.122045,6.324306,6.604525,0.0,5.3267727,8.4131775,9.389321,13.443678,13.809444,17.503557,20.446943,20.619658,23.899424,26.818657,28.543808,27.172665,31.626865,29.186895,34.611603,31.559673,35.677162,35.295536,39.531307,40.166557,37.652287,38.61578,34.776917,34.176815,31.298304,29.54944,25.769522,24.819124,20.179272,16.90487,13.811293,12.518462,13.701931,12.030422,12.795929,15.048698,17.228334,17.52413,20.435976,20.50227,23.790596,25.68842,29.018642,29.874844,33.55285,33.57565,34.223663,34.348705,31.154495,32.879288,31.142868,29.969425,25.55908,26.654015,24.356869,25.33818,23.376396,23.966448,22.358025,25.824862,29.808838,27.346844,31.749378,31.36987,29.072144,31.91679,29.016022,33.36742,30.370094,33.928196,33.634064,29.757456,31.022177,25.912128,26.149431,23.75509,22.007767,22.137444,18.76497,18.965246,19.047043,22.553526,23.817913,28.286871,28.617365,32.695908,31.376377,31.187101,28.406374,28.735424,27.997524,28.900663,29.580053,26.507832,23.54513,22.094433,19.297108,17.19464,17.752682,14.490388,11.244774,12.328054,12.605236,13.610883,19.172596,19.317623,22.507053,24.981153,28.75673
4,13.009015,10.565082,7.0884833,5.3267727,0.0,4.2136655,5.5709357,9.431392,11.152128,14.149276,17.365606,18.621172,21.846792,24.884453,26.41004,25.783817,29.927826,27.742552,32.804985,29.674496,33.929947,33.452538,38.06338,38.010853,35.248413,35.807434,31.777056,30.865953,27.909725,26.835485,22.594975,22.879448,17.905466,15.960791,13.862357,13.157432,15.513134,14.722592,16.868776,17.504936,18.61236,19.035208,20.717106,20.56118,23.19551,24.832928,27.743637,27.93823,31.866152,32.15671,33.386524,34.054756,31.091162,33.4702,32.21954,31.559433,26.99961,28.600922,27.012789,28.192467,25.47772,26.70873,24.768032,28.489782,32.146904,28.777565,33.189465,32.132126,30.352827,32.020653,29.399797,33.011204,29.834944,32.85197,32.19138,28.351252,30.062687,25.65852,25.858727,24.395332,22.69431,23.634703,19.45167,19.477158,18.80967,21.70292,22.441135,26.561762,26.38978,30.286919,28.60031,27.86915,25.467035,25.335606,24.11343,25.357351,26.540016,24.009972,21.333435,20.309591,17.11119,16.181587,16.923872,12.527586,9.607833,10.444842,8.740532,10.02779,14.849663,15.868718,18.382996,21.338291,24.757599
5,15.636196,13.748285,9.889732,8.4131775,4.2136655,0.0,3.8364277,5.7509813,8.449478,11.772312,14.374213,16.073748,19.424599,22.262745,23.33015,22.774023,26.634218,24.337498,29.15842,25.810627,30.084845,29.482264,34.188572,33.93321,31.130785,31.685993,27.59891,26.751728,23.731146,22.75567,18.439802,19.15551,13.927594,13.248947,11.371307,11.539548,14.542374,14.224829,17.355574,16.459381,16.660992,17.307634,17.951326,17.944675,19.936117,21.89518,24.367865,24.408861,28.293404,28.529966,30.047653,31.081482,28.064865,30.829142,29.894861,29.522717,24.856104,26.752096,25.843452,27.07286,23.817305,25.61399,23.592707,27.438046,30.854849,26.929585,31.198929,29.619991,28.036106,28.97295,26.463493,29.617369,26.397995,29.162783,28.334549,24.533278,26.470102,22.441261,22.771185,21.855663,20.500393,22.117855,17.64347,17.196476,15.832094,18.518204,18.715189,22.680393,22.320242,26.16068,24.457241,23.718334,21.439413,21.4295,20.280191,21.867065,23.113453,20.861887,18.066927,17.8138,14.952199,14.442063,14.446664,9.47245,8.078014,10.308828,6.761702,6.8647513,11.685548,11.811185,14.425464,17.182478,20.697855
6,18.223307,15.4845495,12.51635,9.389321,5.5709357,3.8364277,0.0,4.791358,5.841904,8.6312065,11.817381,13.30377,16.458515,19.508087,21.040058,20.812572,24.863924,23.048359,28.01831,25.36674,29.629053,29.59933,34.3486,34.115883,31.243593,31.364262,27.579954,26.300486,23.68563,22.436468,18.34101,18.395325,14.208497,11.739759,11.64366,10.704546,13.778845,14.361649,18.076189,17.53035,17.549313,19.293283,19.460018,20.375095,21.7675,24.690252,26.75245,26.853445,30.548216,30.488031,32.200684,33.49696,30.05292,32.917843,31.96966,31.37609,26.40046,27.993015,27.459349,27.99283,24.399948,25.719147,23.20189,27.003672,30.097237,25.952637,30.356007,28.963058,28.108429,28.820986,26.997444,30.219288,27.49818,30.366877,29.130774,25.318834,26.461035,22.763458,22.293821,21.608606,19.498384,20.901428,16.170893,16.456097,15.95213,17.690056,19.15798,22.782486,22.869858,26.779642,25.554556,24.84827,23.10353,23.307577,22.031837,24.265213,25.73437,23.844824,20.967236,21.255716,18.566015,18.11571,17.64525,12.611363,11.844452,14.047323,10.2514,10.145639,14.106216,13.622513,15.811603,18.240343,21.659922
7,21.321045,19.244286,15.628073,13.443678,9.431392,5.7509813,4.791358,0.0,4.7708874,7.1051564,9.03482,11.614113,14.760814,17.452538,18.240795,18.34504,21.845732,19.98202,24.46605,21.534142,25.820515,25.60563,30.531086,29.868692,26.893316,26.890814,22.988745,21.685246,18.977161,18.075796,13.748756,14.836765,10.4327545,10.396453,11.052434,11.391645,14.93932,15.944533,20.288584,18.219446,17.177343,18.987507,17.82296,18.795992,19.223957,22.319525,23.70831,23.464382,27.06829,27.013857,29.153738,30.934742,27.587025,30.928404,30.432533,30.264591,25.32853,27.287155,27.52422,28.199324,24.097345,26.09538,23.58879,27.428375,30.16871,25.393711,29.512316,27.41122,26.86206,26.475376,24.867828,27.303513,24.540756,26.910969,25.39849,21.71762,23.230612,20.287262,19.985031,20.21653,18.653904,20.9397,16.018421,15.6561575,14.149982,15.277392,15.855982,19.033274,18.7363,22.463604,21.148142,20.280684,18.893305,19.132948,17.832891,20.582232,22.222984,20.888191,18.101522,19.34402,17.125532,17.365665,16.258934,11.043098,12.047429,14.891627,9.946954,8.6459255,11.307462,9.710385,11.527088,13.668064,17.031464
8,22.92145,20.002176,17.769804,13.809444,11.152128,8.449478,5.841904,4.7708874,0.0,4.956595,6.687601,7.6364884,10.99782,13.859357,15.266552,15.009671,19.076897,17.47487,22.506077,20.416615,24.593607,25.128847,29.814875,29.72995,26.898352,26.778004,23.446554,22.001728,19.898241,17.92798,14.496334,13.318851,10.6689005,6.8591256,9.548499,8.518119,11.886616,13.8577585,18.736834,16.975895,15.860607,18.972912,17.643871,19.87051,19.928017,24.38545,25.555624,25.880186,29.058626,28.438858,30.422197,32.209324,28.183128,31.323908,30.602266,29.964947,24.70701,26.128885,26.695137,26.480932,22.141003,23.491127,20.521997,24.24638,26.675545,21.849138,26.114702,24.425629,24.503693,24.357224,23.419779,26.348969,24.301538,27.161585,25.418837,21.698347,21.909811,18.897127,17.629847,17.698105,15.245818,17.159264,12.123715,12.593756,12.470192,12.749072,15.382823,18.430887,19.145945,23.097641,22.717077,22.453106,21.315506,22.253336,21.356003,24.392769,25.792545,24.381605,21.237404,22.765583,20.935102,20.47332,18.686142,13.943182,15.116958,18.425718,14.119306,12.746341,15.924695,13.079473,15.214455,16.334082,19.87432
9,26.788733,23.79438,21.137049,17.503557,14.149276,11.772312,8.6312065,7.1051564,4.956595,0.0,4.279081,6.8900146,9.023211,12.121314,13.889634,15.135239,18.702072,18.157951,22.579641,21.350178,25.366148,26.349052,31.17688,30.501501,27.490356,26.521011,23.472244,21.273787,19.686712,18.323793,14.994779,14.653441,13.311627,10.21106,14.272173,13.075464,16.188457,18.542582,23.432123,21.839268,20.516977,23.78462,21.958939,24.217207,23.715502,28.114717,28.807697,28.665419,31.79358,31.236237,33.654655,35.84668,31.90984,35.34537,34.876144,34.391453,29.131273,30.557756,31.461916,31.025639,26.474127,27.671183,24.43352,27.989162,29.913862,24.760014,28.872614,27.048845,28.02132,26.983109,26.82226,29.1287,27.424025,29.800125,27.560846,24.109234,24.013304,22.089983,20.256939,21.161324,18.384853,20.309395,15.318809,16.284952,16.376501,15.263323,18.189476,20.25697,20.833315,24.369375,24.076235,23.32812,23.059748,23.65965,22.26512,25.884207,27.77847,27.043718,24.270739,26.12776,24.140032,24.349297,22.78741,17.809433,18.977293,21.709414,16.824356,15.725602,17.444668,15.333436,16.155397,17.325367,20.073603
10,29.48484,26.668518,24.097342,20.446943,17.365606,14.374213,11.817381,9.03482,6.687601,4.279081,0.0,4.551979,6.4163547,8.88419,9.925192,11.448748,14.618392,14.235104,18.382656,17.439388,21.335701,22.591314,27.36163,26.654081,23.683163,22.560526,19.82458,17.565863,16.375607,14.602563,11.939113,11.074185,11.228082,8.988766,14.047845,13.473598,16.494995,19.234303,24.48528,21.951263,19.889505,23.54193,20.739216,23.504513,22.095732,27.13861,27.174858,27.09816,29.80733,28.94389,31.551844,34.076073,29.96556,33.592747,33.38633,33.035446,27.817177,29.257523,30.88573,30.226135,25.31885,26.791094,23.528975,26.938284,28.383347,22.795458,26.56205,24.289528,25.810484,23.885172,24.289248,26.056118,24.762957,26.894495,24.333002,21.101433,20.56864,19.469946,17.328154,19.046124,16.552933,19.050392,14.253521,14.878628,14.732506,12.460115,15.548702,16.871164,17.713013,21.074823,21.335468,20.899517,21.098112,22.17013,21.137564,25.126316,26.882338,26.501064,23.694437,26.287653,24.911606,25.167723,22.92345,18.372492,20.56312,23.857008,18.845224,17.09839,18.335869,14.864482,15.545042,15.619719,18.279915
11,30.030945,26.76904,25.241241,20.619658,18.621172,16.073748,13.30377,11.614113,7.6364884,6.8900146,4.551979,0.0,3.6188555,6.2843227,8.328455,8.666814,12.783122,12.460456,17.350424,17.15364,20.80257,22.643827,26.965317,27.09367,24.434126,23.591497,21.421701,19.484896,18.7062,15.793893,14.1992855,10.762653,12.3172865,6.9692225,13.083908,11.688827,14.019616,17.32794,22.660519,20.381548,18.36518,22.820553,20.133093,23.722767,22.285013,28.200516,28.287752,28.821873,31.199797,29.888817,32.139507,34.462143,29.841488,33.11745,32.63846,31.846912,26.49537,27.41702,29.226768,27.854633,22.92729,23.79116,20.259476,23.43398,24.567139,19.066326,22.907646,21.132977,23.109764,21.68051,22.57123,24.948286,24.269037,26.955887,24.452639,21.210426,19.49825,18.084944,15.139508,16.487198,13.243057,15.284211,10.764943,12.170666,13.393974,10.506437,15.454678,16.86111,18.677767,22.239752,23.236794,23.487162,23.44545,25.082472,24.52284,28.32905,29.704445,28.95178,25.796835,28.340128,27.209469,26.785183,24.12544,20.00868,22.16477,25.841541,21.369726,19.559662,21.766466,17.6168,19.072672,18.671932,21.70466
12,33.481388,30.087269,28.609516,23.899424,21.846792,19.424599,16.458515,14.760814,10.99782,9.023211,6.4163547,3.6188555,0.0,3.3588426,6.499027,8.205603,11.663622,12.574229,16.804193,17.775425,20.985405,23.41034,27.52544,27.522472,24.929129,23.526878,21.960537,19.637238,19.549547,16.704618,15.816958,12.333126,15.126374,10.271804,16.531464,15.02242,17.003765,20.510878,25.802301,23.617306,21.49236,26.151222,23.18653,26.97447,25.150606,31.258318,30.99641,31.439087,33.590183,32.145206,34.555847,37.094288,32.4039,35.742138,35.38306,34.584732,29.281363,30.044378,32.178017,30.463186,25.464865,26.072306,22.407465,25.259172,25.811289,20.245647,23.753199,22.039543,24.856411,22.845278,24.519156,26.49653,26.34013,28.775845,25.9608,23.043018,20.707453,20.17247,16.717098,18.571512,15.175965,16.993628,13.063699,14.784727,16.316404,12.586319,17.80728,18.389534,20.3879,23.564451,24.948195,25.170835,25.665827,27.323654,26.697277,30.782715,32.28502,31.859823,28.827618,31.607542,30.536348,30.277174,27.562355,23.469563,25.698938,29.281506,24.64868,22.87508,24.615461,20.537472,21.508068,20.84179,23.422533
13,36.23946,32.92351,31.522284,26.818657,24.884453,22.262745,19.508087,17.452538,13.859357,12.121314,8.88419,6.2843227,3.3588426,0.0,3.8600714,6.2391615,8.894703,10.664554,14.322298,16.224829,18.958576,21.869822,25.66186,25.764252,23.361084,21.76007,20.823511,18.520266,19.035217,15.871018,15.9928465,11.912135,16.043818,11.919325,18.198524,17.029625,18.726475,22.344442,27.664114,25.046995,22.55548,27.394444,23.915617,28.005037,25.623404,32.081455,31.3713,31.896877,33.653572,31.955881,34.425114,37.1521,32.35827,35.723255,35.533005,34.779392,29.610695,30.26295,32.907505,30.93366,25.814112,26.45446,22.834293,25.37512,25.362894,19.634256,22.651224,20.72406,24.227684,21.500978,23.884296,25.395945,25.796345,28.015139,24.97752,22.41713,19.418636,19.752567,15.929215,18.39432,15.263639,17.257563,13.993143,15.504271,17.03882,12.497277,17.83429,17.61391,19.941895,22.76537,24.699865,25.207804,26.055202,27.999105,27.627493,31.837645,33.219677,33.021816,30.028273,33.174515,32.455036,32.20462,29.15847,25.408527,28.062527,31.858568,27.209753,25.199842,26.685747,22.100744,22.947327,21.670778,24.024797
14,37.49982,34.55022,32.818363,28.543808,26.41004,23.33015,21.040058,18.240795,15.266552,13.889634,9.925192,8.328455,6.499027,3.8600714,0.0,4.6879425,5.640707,7.802236,10.697405,12.827739,15.368187,18.385185,22.158642,22.047327,19.678152,17.97774,17.329353,15.126944,16.017433,12.688894,13.678488,9.66237,14.789117,12.657557,18.545477,18.213104,20.039448,23.482912,28.863882,25.46042,22.47479,27.09791,22.95242,27.009045,24.004683,30.494858,29.271402,29.706034,31.132711,29.327106,31.972383,34.96374,30.29326,33.851704,33.981956,33.526344,28.580587,29.444069,32.55133,30.783787,25.518423,26.711332,23.365534,25.846752,25.64769,19.6516,22.188631,19.544788,23.189777,19.443825,22.106197,22.822197,23.412884,25.177538,21.918266,19.69212,16.642681,17.971739,14.329543,17.649382,15.402086,18.089277,15.078968,15.748868,16.451582,11.419728,15.895417,14.803349,17.121332,19.552076,21.826698,22.525608,23.725445,25.882341,25.774511,30.063465,31.328257,31.448519,28.605494,32.183174,31.872541,31.816383,28.490852,25.106844,28.336725,32.316998,27.580902,25.25562,26.239668,21.143887,21.763544,19.829308,21.915758
15,35.782837,32.847424,31.726555,27.172665,25.783817,22.774023,20.812572,18.34504,15.009671,15.135239,11.448748,8.666814,8.205603,6.2391615,4.6879425,0.0,4.862614,4.883215,9.739812,11.277167,13.880801,16.854229,20.263845,21.21484,19.188765,18.555159,17.832872,16.581276,17.014702,12.665699,14.013494,7.8677526,13.421506,10.419194,15.86569,15.662144,16.944624,20.382627,25.62414,21.97466,18.868244,23.78555,19.653883,24.197727,21.213215,28.24728,27.176025,28.20933,29.413542,27.289625,29.479933,32.163437,27.148996,30.368229,30.281433,29.554504,24.61566,25.19333,28.473623,26.413633,21.169477,22.278461,19.025137,21.363607,21.101938,15.050615,17.596666,14.975566,18.599808,15.299447,18.017036,19.383318,20.249037,22.635986,19.713675,17.3168,13.522787,14.192008,10.098239,13.238493,11.069229,13.898542,11.514066,11.929389,13.105123,7.7980886,13.334319,12.710924,15.824144,18.670296,21.289934,22.672527,23.191135,25.830944,26.233915,30.100988,30.893782,30.51291,27.362553,30.826717,30.82953,30.19694,26.510794,23.701372,27.052252,31.391434,27.186832,24.696985,26.509659,20.778336,22.278511,20.118057,22.848396
16,39.967316,37.278553,35.819904,31.626865,29.927826,26.634218,24.863924,21.845732,19.076897,18.702072,14.618392,12.783122,11.663622,8.894703,5.640707,4.862614,0.0,4.2923336,5.721662,9.399228,10.832199,14.57895,17.53324,18.157938,16.382647,15.195561,15.587864,14.347345,15.807613,11.622534,14.449927,9.316226,15.720928,14.825629,19.82913,20.171371,21.486849,24.767239,29.94178,25.801018,22.33895,26.942205,22.170145,26.570312,22.822788,29.742504,27.91195,28.72997,29.381279,27.089638,29.556677,32.651688,27.856789,31.267962,31.635668,31.259651,26.741646,27.431894,31.29167,29.297022,24.058546,25.505102,22.576416,24.539606,23.679136,17.709251,19.220669,15.976162,20.259758,15.3654175,18.988075,18.907913,20.452734,21.96408,18.605377,17.068815,12.831445,15.573027,11.807399,15.92769,14.79935,17.79431,16.035828,15.943902,16.357004,10.931993,14.782088,12.4921665,15.508501,17.343285,20.604313,22.139809,23.415884,26.186895,26.781939,30.826866,31.591276,31.78089,28.94952,32.90937,33.29388,33.00613,29.146446,26.662191,30.457531,34.806324,30.410952,27.740019,28.759182,22.84819,23.747162,20.923798,22.94856
17,36.9551,34.536983,33.155865,29.186895,27.742552,24.337498,23.048359,19.98202,17.47487,18.157951,14.235104,12.460456,12.574229,10.664554,7.802236,4.883215,4.2923336,0.0,5.848303,6.7047305,9.122732,12.104161,15.386108,16.558989,14.769297,14.750054,14.320546,13.923841,14.498067,9.636211,12.367256,6.089432,12.524236,12.423959,16.5416,17.475975,18.76003,21.717571,26.770939,22.173836,18.512564,22.926708,17.99596,22.450886,18.651981,25.73748,24.021435,25.138592,25.78802,23.414427,25.664452,28.592106,23.693073,27.067816,27.38457,27.042759,22.526794,23.369736,27.254078,25.541899,20.277407,22.197052,19.553999,21.716568,21.320057,15.266767,16.966759,13.25579,16.709702,11.914208,14.932369,15.172617,16.387217,18.302973,15.207493,13.272897,9.069987,11.304673,7.774572,12.165952,11.838018,15.387376,13.652868,12.741601,12.5401535,7.2844663,10.754238,8.805436,12.270492,14.648486,17.87036,19.816154,20.464733,23.516197,24.460062,28.140486,28.581018,28.4316,25.4466,29.352972,29.979876,29.442034,25.390125,23.3391,27.324646,31.854656,27.806093,24.984398,26.376547,20.059822,21.525574,18.563334,21.101357
18,42.094143,39.944607,38.171494,34.611603,32.804985,29.15842,28.01831,24.46605,22.506077,22.579641,18.382656,17.350424,16.804193,14.322298,10.697405,9.739812,5.721662,5.848303,0.0,5.8597217,5.4778957,9.70476,12.160132,12.711716,11.382793,10.655039,12.025447,11.894423,13.824036,9.733039,14.065724,10.144204,16.394526,18.05236,21.872635,23.173494,24.52314,27.335844,32.286278,27.331675,23.45602,27.375883,21.960285,26.00225,21.48712,28.08177,25.459316,26.219292,26.136433,23.63454,26.22334,29.639097,25.213762,28.766188,29.668983,29.803154,25.933044,26.91528,31.310213,29.753729,24.656248,26.859894,24.579693,26.338047,25.363565,19.62309,20.220745,16.088606,19.981813,13.627993,17.43074,15.624692,17.624409,18.128355,14.534555,14.045385,9.8656845,14.617847,12.05563,16.815342,17.284067,20.748734,19.452766,18.351269,17.55802,12.73168,14.054766,10.226556,12.990475,13.632763,17.601496,19.669016,21.301071,24.386778,25.534641,29.334707,29.741135,30.32753,27.833946,32.23292,33.266785,33.176304,29.058813,27.365383,31.717873,36.156464,31.92244,28.97877,29.417799,23.143087,23.81887,20.21624,21.744686
19,38.150223,36.52959,34.421646,31.559673,29.674496,25.810627,25.36674,21.534142,20.416615,21.350178,17.439388,17.15364,17.775425,16.224829,12.827739,11.277167,9.399228,6.7047305,5.8597217,0.0,4.29426,5.673169,9.96723,10.265545,8.298613,9.412597,8.742298,9.895996,10.324783,5.697234,10.086686,7.13474,12.122926,16.112373,18.565998,20.77383,22.431475,24.63831,29.39582,23.905561,19.870914,22.990807,17.314505,20.807896,16.077335,22.340076,19.63525,20.377209,20.415949,18.023863,20.742748,24.221684,20.011637,23.892754,24.973299,25.512554,21.756329,23.340118,27.528528,26.83201,21.81038,24.866556,23.030905,25.227592,25.14642,19.467775,20.496885,15.942549,18.062963,11.979414,14.04368,11.9223585,12.689995,13.063206,9.451843,8.428794,6.062222,10.706214,9.87276,14.544404,16.09632,20.10532,18.359879,16.298193,14.06992,10.465703,9.082072,4.6097565,7.23972,8.354917,12.242064,14.72647,15.805076,19.143654,20.674112,24.09384,24.21582,24.661537,22.20043,26.687855,28.014925,27.984104,23.811085,22.583242,27.220137,31.666224,27.714655,24.620613,24.979399,18.449825,19.413652,15.541132,17.422077
20,42.12323,40.543472,38.58349,35.677162,33.929947,30.084845,29.629053,25.820515,24.593607,25.366148,21.335701,20.80257,20.985405,18.958576,15.368187,13.880801,10.832199,9.122732,5.4778957,4.29426,0.0,4.5561895,6.863897,7.819511,7.0907965,8.450526,9.835915,11.496121,12.885623,9.169992,13.962514,11.297703,16.345201,20.011166,22.430851,24.583696,25.928198,28.153467,32.73916,27.147068,23.058231,26.110785,20.353088,23.851372,18.8404,24.91711,21.704668,22.544943,21.787825,19.090109,21.654558,25.245602,21.23072,24.865074,26.22663,26.871712,23.685116,25.022469,29.673574,28.736565,23.939114,26.896383,25.31054,27.003904,26.299587,20.95025,21.06586,16.387321,19.083078,12.124935,15.1798935,11.783272,13.8237505,13.358806,9.721992,10.330929,7.0812516,13.064396,12.2533045,16.929674,18.80528,22.574102,21.548948,19.558517,17.652672,14.011791,12.761852,8.134471,10.315646,9.837894,14.321845,17.08232,18.54876,21.956139,23.737926,26.99199,26.895351,27.606798,25.392069,30.003132,31.656713,31.612438,27.328808,26.534294,31.25418,35.722176,31.881058,28.757366,28.92879,22.436808,23.198845,19.108564,20.450287
21,40.849144,39.78579,37.50832,35.295536,33.452538,29.482264,29.59933,25.60563,25.128847,26.349052,22.591314,22.643827,23.41034,21.869822,18.385185,16.854229,14.57895,12.104161,9.70476,5.673169,4.5561895,0.0,5.206789,5.3686275,4.5896792,8.244406,8.338442,11.30723,11.700885,8.868928,13.173359,12.160576,15.567686,20.921291,22.21175,25.006893,26.529156,28.220535,32.51867,26.56386,22.451931,24.583147,18.731773,21.427452,16.198137,21.456274,17.827976,18.525545,17.436178,14.777221,17.54904,21.362543,17.89396,21.798515,23.544878,24.73155,22.01753,23.861887,28.363728,28.207882,23.684214,27.275255,26.151402,28.0325,27.880617,22.785172,23.01122,18.194635,19.493273,12.956902,14.425035,10.1069565,11.087532,9.499962,5.718845,7.259718,6.969815,12.508794,13.347229,17.568033,20.212465,24.185583,22.963118,20.393696,17.50121,15.083369,11.615964,7.0403028,7.765936,6.175877,10.7535,13.979224,15.180882,18.723043,20.94286,23.701626,23.258804,24.089233,22.172676,26.900217,28.952427,29.080528,24.836214,24.649601,29.561039,33.90878,30.364607,27.17543,27.015486,20.594816,21.337553,17.039955,18.22114
22,44.76393,43.76163,41.857655,39.531307,38.06338,34.188572,34.3486,30.531086,29.814875,31.17688,27.36163,26.965317,27.52544,25.66186,22.158642,20.263845,17.53324,15.386108,12.160132,9.96723,6.863897,5.206789,0.0,5.406766,7.4759593,11.103907,12.700636,15.742058,16.616703,13.995774,18.37702,16.693148,20.326347,25.040054,26.091913,28.839342,29.904715,31.51484,35.47461,29.44217,25.354662,27.371674,21.645777,24.402903,19.140705,24.187159,20.278408,21.398773,19.342525,16.294365,18.347696,21.933891,18.7116,21.962524,23.940538,25.162119,23.29355,24.73974,29.69737,29.277172,25.205822,28.66233,27.975695,29.235558,28.501558,24.043312,23.252234,18.50949,19.967869,13.127803,15.249312,9.817577,12.392646,10.208618,7.6408296,10.593333,9.19335,14.967284,15.881173,19.776373,22.85569,26.502035,26.161827,23.580385,21.078562,18.76918,15.747449,11.572178,12.624281,10.6077585,14.924695,18.32964,19.396461,22.97155,25.479208,27.807951,26.966162,27.756582,25.995796,30.61295,33.04335,32.909645,28.524961,28.95987,33.86793,38.2926,35.079594,31.87331,31.889376,25.444073,26.334717,22.017212,23.02282
23,45.478947,44.64293,42.01334,40.166557,38.010853,33.93321,34.115883,29.868692,29.72995,30.501501,26.654081,27.09367,27.522472,25.764252,22.047327,21.21484,18.157938,16.558989,12.711716,10.265545,7.819511,5.3686275,5.406766,0.0,3.3294618,6.8883643,8.858256,12.124451,13.339986,12.266191,16.581291,16.944206,20.164984,25.984877,27.375755,30.224957,31.857178,33.520172,37.77791,31.75488,27.659859,29.417694,23.601368,25.726603,20.46477,24.605373,20.41146,20.493977,18.705372,16.359348,19.332745,23.404694,20.946016,24.76604,26.980919,28.590387,26.512287,28.433453,33.012413,33.054516,28.743164,32.39333,31.400696,33.118134,32.710075,27.763962,27.57288,22.762987,24.246826,17.482716,19.126616,13.983501,15.118917,12.06837,8.993144,11.735618,12.123573,17.74199,18.627745,22.862055,25.505627,29.435827,28.236187,25.74357,22.788792,20.316456,16.679195,12.1474695,11.776505,8.439063,12.371442,15.138605,17.255692,20.352015,22.597448,25.212772,24.7643,26.35336,25.111313,29.993744,32.26925,32.854782,28.825777,28.81932,33.79057,37.89753,34.261955,31.106783,30.125324,24.180763,24.169119,19.744059,19.802534
24,43.208042,42.304066,39.4512,37.652287,35.248413,31.130785,31.243593,26.893316,26.898352,27.490356,23.683163,24.434126,24.929129,23.361084,19.678152,19.188765,16.382647,14.769297,11.382793,8.298613,7.0907965,4.5896792,7.4759593,3.3294618,0.0,4.6573725,5.586059,8.947304,10.025222,9.176285,13.41562,14.452957,17.506266,23.599924,25.213888,28.015387,29.913023,31.64598,36.096775,30.196554,26.136885,27.99385,22.188442,24.274727,19.1326,23.354906,19.406303,19.184618,18.081314,16.03086,19.378258,23.517477,20.884302,25.012028,27.045027,28.577257,26.007936,28.097029,32.39804,32.53404,27.985209,31.636347,30.373405,32.415413,32.297718,27.025463,27.380215,22.58538,24.055841,17.504765,18.898216,14.431431,14.859639,12.287115,8.769819,10.544766,11.432168,16.687618,17.406944,21.747522,24.040916,28.092413,26.389294,23.986353,20.90669,18.342564,14.657935,10.110095,9.323164,6.0704722,10.030206,12.507681,14.914589,17.910446,19.889568,22.877586,22.761591,24.411724,23.08513,28.012506,29.995314,30.766008,26.86819,26.405117,31.332369,35.362656,31.485115,28.364733,27.220839,21.358963,21.147993,16.74209,16.795189
25,44.877945,43.69246,40.596786,38.61578,35.807434,31.685993,31.364262,26.890814,26.778004,26.521011,22.560526,23.591497,23.526878,21.76007,17.97774,18.555159,15.195561,14.750054,10.655039,9.412597,8.450526,8.244406,11.103907,6.8883643,4.6573725,0.0,4.7755795,6.266446,9.011164,9.077537,13.3230715,14.907805,18.575436,24.105309,26.696846,29.063929,31.19543,33.304462,38.1018,32.52094,28.522661,30.83504,25.10028,27.372877,22.44392,26.764292,23.07713,22.431717,21.86143,20.166565,23.71166,27.870033,25.160025,29.373743,31.249651,32.60112,29.604315,31.602852,35.79446,35.661655,30.83084,34.153656,32.430996,34.594288,34.31089,28.696758,29.302916,24.659042,26.910881,20.25051,22.262094,18.342403,18.891066,16.77112,13.11384,14.158984,14.248345,19.475199,19.273628,23.899975,25.405577,29.398584,27.293484,25.392649,22.734032,19.408209,16.840454,12.307233,11.677823,9.140725,12.325687,13.661597,16.912397,19.335032,20.606205,24.24018,24.74756,26.752275,25.500767,30.420778,31.92792,33.024563,29.367695,28.129969,32.884018,36.749508,32.3596,29.36986,27.785507,22.338917,21.458113,17.278437,16.737839
26,40.692356,39.72961,36.3358,34.776917,31.777056,27.59891,27.579954,22.988745,23.446554,23.472244,19.82458,21.421701,21.960537,20.823511,17.329353,17.832872,15.587864,14.320546,12.025447,8.742298,9.835915,8.338442,12.700636,8.858256,5.586059,4.7755795,0.0,3.8953376,4.666063,5.9507437,9.248336,12.530127,14.829779,21.4,23.449203,26.083815,28.512594,30.331043,35.061756,29.511066,25.649137,27.533348,21.98708,23.748163,19.108976,22.954082,19.557486,18.580982,18.699318,17.437857,21.219667,25.32535,22.760275,27.213852,28.984041,30.44284,27.24458,29.587914,33.2976,33.65684,28.848461,32.425533,30.731361,33.285355,33.638885,27.957918,29.173357,24.569523,25.985838,20.051418,20.978567,17.692669,17.035114,15.181806,11.71958,11.825378,13.5282955,17.60638,17.990334,22.259932,23.79141,27.925262,25.286568,23.167412,19.951908,17.356087,13.831365,9.989467,8.158156,6.012964,8.175917,9.14141,12.407016,14.734031,15.932549,19.665602,20.3183,22.273869,21.028011,25.91736,27.287006,28.573898,25.125774,23.750483,28.478355,32.197983,27.822699,24.850435,23.080559,17.742012,16.766195,12.541396,12.118298
27,40.749924,39.487606,35.955692,34.176815,30.865953,26.751728,26.300486,21.685246,22.001728,21.273787,17.565863,19.484896,19.637238,18.520266,15.126944,16.581276,14.347345,13.923841,11.894423,9.895996,11.496121,11.30723,15.742058,12.124451,8.947304,6.266446,3.8953376,0.0,3.9112027,6.0025444,8.549862,12.227807,14.872497,20.646906,23.53575,25.703579,28.332544,30.451427,35.44227,30.2908,26.575293,28.880655,23.546116,25.52042,21.237595,25.287642,22.34323,21.213013,21.892227,20.830975,24.612898,28.611773,25.82196,30.28378,31.809622,33.01967,29.385338,31.614994,35.12828,35.24616,30.230988,33.472942,31.374773,34.07565,34.40755,28.48563,30.054821,25.677277,27.587854,21.824093,23.102274,20.47503,19.8913,18.624334,15.083815,14.570016,15.523355,19.246973,18.86154,23.180296,23.949549,27.965212,24.912975,23.280607,20.511395,17.38847,15.065237,11.643502,10.318853,9.418362,10.89366,10.817073,14.26038,16.014704,16.410322,20.703363,21.925526,23.910011,22.576305,27.281029,28.102571,29.555296,26.360212,24.212572,28.656038,32.21803,27.41628,24.616108,22.662113,17.759157,16.316689,12.58834,11.956858
28,37.38441,36.391697,32.646435,31.298304,27.909725,23.731146,23.68563,18.977161,19.898241,19.686712,16.375607,18.7062,19.549547,19.035217,16.017433,17.014702,15.807613,14.498067,13.824036,10.324783,12.885623,11.700885,16.616703,13.339986,10.025222,9.011164,4.666063,3.9112027,0.0,5.0830703,5.6577125,11.158975,12.127052,18.98817,21.103426,23.603933,26.415653,28.174475,32.997135,27.821815,24.244291,26.05037,20.935001,22.381372,18.40463,21.92769,19.268297,17.93012,19.139416,18.434938,22.250666,26.107965,23.516716,28.061535,29.514435,30.834482,27.18404,29.680162,32.795692,33.369892,28.49288,31.980309,30.040672,32.985302,33.828815,28.013708,29.931038,25.6053,26.697388,21.598385,21.926092,19.74111,18.258614,17.195326,14.059698,12.917618,15.166241,17.842394,18.129246,21.988853,22.955439,27.039938,23.702168,21.78215,18.474112,16.252972,12.920963,10.415135,8.098118,7.931645,8.045767,7.487124,10.648402,12.316485,12.714324,17.014118,18.270609,20.12096,18.779907,23.438137,24.223333,25.79199,22.75129,20.625908,25.091564,28.563585,23.874763,21.044281,18.981337,14.055354,12.614777,8.722838,8.39792
29,36.110374,34.71485,31.747492,29.54944,26.835485,22.75567,22.436468,18.075796,17.92798,18.323793,14.602563,15.793893,16.704618,15.871018,12.688894,12.665699,11.622534,9.636211,9.733039,5.697234,9.169992,8.868928,13.995774,12.266191,9.176285,9.077537,5.9507437,6.0025444,5.0830703,0.0,4.9602165,6.6601634,9.633836,15.4742,17.944159,20.302416,22.738718,24.76683,29.691286,24.423223,20.642292,23.19029,17.812263,20.321636,16.064476,21.176107,18.714142,18.448505,19.408888,17.907488,21.249186,24.889412,21.354507,25.67364,26.81702,27.68346,23.725561,25.854137,29.2995,29.306456,24.267303,27.529894,25.503653,28.280453,28.891258,23.046535,24.88238,20.58385,21.998495,16.850027,17.646856,15.963297,15.09815,15.021836,11.616381,9.903261,10.667828,13.461675,13.207595,17.31233,18.292475,22.39785,19.457369,17.50519,14.579771,11.684072,9.1777115,6.087245,5.6818104,7.2013936,9.308592,10.520123,12.218736,14.903674,15.818561,19.763899,20.50784,21.42629,19.28329,23.845356,24.735426,25.449244,21.817694,19.839596,24.41591,28.454912,24.009083,21.004526,20.399395,14.380214,14.446543,10.588548,12.106866
30,32.218582,30.961275,27.500927,25.769522,22.594975,18.439802,18.34101,13.748756,14.496334,14.994779,11.939113,14.1992855,15.816958,15.9928465,13.678488,14.013494,14.449927,12.367256,14.065724,10.086686,13.962514,13.173359,18.37702,16.581291,13.41562,13.3230715,9.248336,8.549862,5.6577125,4.9602165,0.0,7.255148,6.7222977,13.659324,15.640089,18.060677,21.005915,22.723846,27.606607,22.721466,19.36406,21.446775,16.737095,18.504707,15.200588,19.470795,17.866003,17.155943,19.206963,18.431055,21.748781,25.062124,21.820522,26.17346,27.046152,27.901426,23.674719,26.08069,28.70575,29.213884,24.299536,27.586832,25.478504,28.702858,30.021627,24.264156,26.82474,22.913876,23.531698,19.621002,19.321877,18.693884,16.69634,17.1179,14.402927,11.815402,13.868948,14.669571,14.821775,18.005114,18.532303,22.505913,18.761988,16.888235,13.58734,11.909989,9.105132,8.585305,7.08982,9.708869,9.502644,9.371447,10.300065,12.2072115,12.388118,16.552982,17.773676,18.457512,16.249165,20.472025,20.774477,21.809956,18.69028,15.955028,20.286844,24.046274,19.342564,16.440115,15.605226,9.8817425,9.768949,6.497292,8.908178
31,32.120995,30.117535,28.060593,24.819124,22.879448,19.15551,18.395325,14.836765,13.318851,14.653441,11.074185,10.762653,12.333126,11.912135,9.66237,7.8677526,9.316226,6.089432,10.144204,7.13474,11.297703,12.160576,16.693148,16.944206,14.452957,14.907805,12.530127,12.227807,11.158975,6.6601634,7.255148,0.0,6.528939,9.263862,12.461586,14.261528,16.425453,18.830013,23.952513,19.091228,15.450199,19.107075,14.207733,17.910736,14.464341,20.95883,19.678776,20.423157,21.859163,20.059475,22.547098,25.426973,20.910841,24.682844,25.006844,25.022173,20.298988,21.901731,25.057894,24.405415,19.164986,21.845545,19.403795,22.34905,23.193155,17.265352,19.8356,16.144001,17.557652,13.877236,14.581914,15.215896,14.513346,16.496992,13.738294,10.730489,9.555313,9.813093,8.234866,11.796343,11.901583,15.926312,12.805687,11.077384,9.031169,5.230752,6.310377,6.124954,8.441327,11.96892,13.882968,15.366681,15.411716,18.211473,18.976818,22.558695,23.13187,22.816013,19.792164,23.612858,24.041248,23.772354,19.93669,17.561014,21.687956,26.124125,21.978294,19.074314,20.344908,13.973331,15.652886,12.947786,16.04471
32,26.5583,25.126427,22.425022,20.179272,17.905466,13.927594,14.208497,10.4327545,10.6689005,13.311627,11.228082,12.3172865,15.126374,16.043818,14.789117,13.421506,15.720928,12.524236,16.394526,12.122926,16.345201,15.567686,20.326347,20.164984,17.506266,18.575436,14.829779,14.872497,12.127052,9.633836,6.7222977,6.528939,0.0,8.714655,9.042953,11.959565,14.831209,16.161232,20.920555,16.054285,12.891608,15.15512,11.013733,13.293129,11.067115,16.301004,16.080051,16.528711,19.061193,18.09676,20.436434,22.857203,18.948854,22.776978,22.91136,23.18967,18.465145,20.74472,22.74833,23.306416,18.544065,21.763052,19.77299,23.260643,25.288774,19.980934,23.119274,19.821016,19.2807,17.328339,15.798949,17.174091,14.579709,16.752407,15.038954,11.339413,13.176278,11.002868,11.630021,13.237492,13.74758,17.500065,13.667338,11.351004,7.569517,8.112025,5.642584,8.807666,8.786026,12.907394,12.676814,13.437672,11.99528,14.224315,14.771056,17.759724,18.34068,17.379011,14.131792,17.500748,17.598795,17.428968,13.913263,11.116016,15.383507,19.769176,15.775801,12.747465,14.427751,7.9085107,10.696021,9.046445,13.170394
33,25.376894,22.469103,21.493446,16.90487,15.960791,13.248947,11.739759,10.396453,6.8591256,10.21106,8.988766,6.9692225,10.271804,11.919325,12.657557,10.419194,14.825629,12.423959,18.05236,16.112373,20.011166,20.921291,25.040054,25.984877,23.599924,24.105309,21.4,20.646906,18.98817,15.4742,13.659324,9.263862,8.714655,0.0,6.3232293,5.706154,8.259227,11.189853,16.61615,13.552157,11.414714,15.924729,13.6051655,17.397427,16.551397,22.672537,23.32978,24.530933,26.917517,25.522154,27.14487,28.90715,24.152168,27.041927,26.239054,25.269218,19.865574,20.845486,22.342506,21.321749,16.502913,17.862114,14.746151,18.329304,20.352373,15.201389,19.339903,17.577572,17.911337,17.875757,17.355942,20.735281,19.442152,22.86821,21.161764,17.499826,16.425314,13.074183,11.172636,11.074569,8.507901,11.035087,6.1425695,6.1099,6.997761,6.568417,11.124277,14.192926,16.148535,20.275047,21.048752,21.948732,20.70303,22.769339,22.882647,25.851187,26.541729,24.96167,21.399088,23.58338,22.85025,21.596064,18.507282,15.156868,17.55334,21.851027,18.310808,16.168297,19.715769,14.734797,17.65998,17.152262,21.077557
34,20.591484,18.341196,17.676006,13.811293,13.862357,11.371307,11.64366,11.052434,9.548499,14.272173,14.047845,13.083908,16.531464,18.198524,18.545477,15.86569,19.82913,16.5416,21.872635,18.565998,22.430851,22.21175,26.091913,27.375755,25.213888,26.696846,23.449203,23.53575,21.103426,17.944159,15.640089,12.461586,9.042953,6.3232293,0.0,4.15382,6.4625835,7.1246524,12.02325,8.060084,6.3386903,9.9049635,8.985748,12.089725,12.788362,18.148638,19.814606,21.47637,24.107763,22.990606,23.919123,24.92355,20.451368,22.87032,21.68282,20.663874,15.369229,16.704676,17.199514,17.246006,13.075365,15.21215,13.153034,17.004822,20.164516,16.116907,20.138378,18.548058,16.692913,18.282597,15.807542,19.929148,17.571976,21.43066,20.766394,16.908066,17.311237,12.231652,12.473414,10.615178,9.946532,12.085432,8.498517,6.5125623,5.239514,9.372365,10.78163,15.260789,16.563482,20.80527,20.83186,21.936466,19.492546,21.502583,22.02001,23.90073,24.001429,21.529213,17.747019,19.095499,18.551228,16.443487,13.280975,10.847639,13.036053,17.666782,15.415715,13.27086,17.994137,13.235543,17.239681,17.162043,21.500349
35,20.658205,17.522495,17.655962,12.518462,13.157432,11.539548,10.704546,11.391645,8.518119,13.075464,13.473598,11.688827,15.02242,17.029625,18.213104,15.662144,20.171371,17.475975,23.173494,20.77383,24.583696,25.006893,28.839342,30.224957,28.015387,29.063929,26.083815,25.703579,23.603933,20.302416,18.060677,14.261528,11.959565,5.706154,4.15382,0.0,3.600611,5.7747216,11.125937,9.245744,8.75739,12.877904,12.771629,16.008398,16.862553,22.231226,23.966803,25.574467,28.2253,27.042501,27.973034,28.925146,24.305813,26.484905,25.061518,23.633883,18.285654,18.983025,19.166887,18.391562,14.43399,15.275728,12.537802,16.352549,19.459364,15.639397,20.076227,19.269836,18.107876,20.166145,18.433994,22.89093,21.09347,25.073116,24.159044,20.353958,19.8484,15.026556,14.124545,11.983201,9.643221,10.61907,6.579107,6.618249,8.114,10.696705,14.06103,18.105349,19.805502,24.061895,24.33911,25.277424,23.163612,25.01651,25.194809,27.342115,27.712019,25.300507,21.579424,22.636976,21.607138,19.472795,16.85927,13.933076,15.077646,19.23819,16.973806,15.375494,20.28984,16.218647,19.881704,20.141376,24.360586
