,0,1,2,3,4,5,6,7,8,9,10,11,12,13,14,15,16,17,18,19,20,21,22,23,24,25,26,27,28,29,30,31,32,33,34,35,36,37,38,39,40,41,42,43,44,45,46,47,48,49,50,51,52,53,54,55,56,57,58,59,60,61,62,63,64,65,66,67,68,69,70,71,72,73,74,75,76,77,78,79,80,81,82,83,84,85,86,87,88,89,90,91,92,93,94,95,96,97,98,99,100,101,102,103,104,105,106,107,108
0,0.0,4.922255,6.311991,9.777898,12.832706,15.423451,17.804697,20.752218,22.618723,26.45996,28.399038,30.112127,33.421684,35.73663,34.870827,34.193935,36.64654,33.60399,38.174576,34.749046,38.751846,37.560215,42.74645,41.22306,38.23809,39.04205,34.649433,33.64226,30.21961,30.938536,26.701399,28.7107,24.940655,24.278152,24.046034,22.6827,24.818546,22.664564,19.331707,19.00516,19.84265,17.909742,18.540335,20.783495,20.492409,26.503325,27.279047,30.935997,31.88706,30.725882,27.598051,24.854136,21.536947,19.074339,15.372353,15.684595,14.588006,16.194714,11.395416,15.679913,17.567425,16.91426,19.146105,20.458841,22.9245,24.283323,27.945086,27.38853,25.694273,30.071934,26.89344,31.026669,31.002226,35.307022,37.668365,37.1626,34.981613,31.622715,33.333847,29.185047,31.522665,30.375792,31.563513,29.398623,28.672487,29.728376,28.679161,31.531467,29.407179,31.710445,29.787243,33.68936,32.052746,35.26146,33.342045,29.773563,32.77479,28.82952,33.252747,30.565304,33.728584,35.960793,35.972496,38.40854,41.963024,36.622887,40.5289,40.442657,40.725365
1,4.922255,0.0,6.414578,5.890357,10.33761,13.560503,15.044996,18.62434,19.606306,23.749132,25.61739,26.723282,30.24671,32.806355,32.33046,31.339407,34.261593,31.169004,36.14387,32.934002,37.036076,36.206543,41.22099,40.30645,37.41468,38.618057,34.24332,33.138985,29.730783,29.639603,25.581741,26.503178,22.716549,20.795097,20.384285,18.57045,20.407639,18.143826,14.704161,15.144671,16.79178,14.513628,16.44406,18.430698,19.325602,24.930723,26.487484,29.81362,31.435959,30.784737,27.848173,25.473763,21.364243,19.746744,15.734508,16.901411,14.361091,16.192339,12.115002,15.658996,16.160805,15.138728,16.489786,17.954435,19.936329,20.550447,24.372433,24.484213,22.36721,27.54858,24.6737,29.389519,29.511883,33.99962,36.043564,35.15651,32.59386,28.99724,30.195137,25.85499,27.75272,26.207436,27.578209,25.649662,25.463457,26.685274,26.233402,29.610088,27.968513,30.772722,29.424839,33.662785,32.467022,35.853725,33.60896,29.905645,32.481018,27.999989,32.21511,28.802504,31.487514,33.13846,33.289116,35.850918,39.57284,34.64245,38.51965,38.93636,39.07422
2,6.311991,6.414578,0.0,6.6162596,7.2007766,9.625063,12.265891,15.146342,17.574638,20.83279,23.237026,25.195854,28.427855,30.74317,29.97211,29.874212,32.370625,29.810488,34.388226,31.73264,35.788418,35.230923,40.468285,39.262127,36.096508,36.56981,32.341293,30.675314,27.628292,27.929003,24.30037,25.39581,22.857393,21.066545,22.388617,20.47018,22.869106,21.536484,17.613903,18.208694,18.965351,15.55256,16.682213,17.381847,17.694094,22.342329,23.612028,26.998947,28.060396,27.189617,23.742575,20.858688,17.507755,16.184975,12.305438,14.327908,13.546487,16.340654,13.115369,17.883772,18.397688,19.014502,20.495901,22.707272,25.257385,25.119967,29.224585,28.956987,25.89285,31.169085,27.338726,32.153183,31.3309,35.7805,38.24617,37.16507,35.542202,31.234194,33.06312,28.486162,30.169992,29.115147,29.411615,27.021128,26.744638,26.643408,26.713116,29.171839,27.479168,30.003456,28.483284,32.835564,30.84829,34.647614,33.22953,29.598907,32.60059,28.246944,32.191845,29.507448,31.930782,34.15607,33.4314,35.435246,39.41055,34.59368,38.92333,39.191933,40.0522
3,9.777898,5.890357,6.6162596,0.0,5.3379745,8.686802,9.385205,13.302181,13.904278,18.003971,19.98819,20.957615,24.53185,27.19207,26.943073,26.133493,29.3016,26.501043,31.65933,29.091688,33.24873,33.042614,37.97513,37.57603,34.63057,35.805225,31.60075,30.033842,26.929369,26.10969,22.63645,22.307945,19.48256,16.066225,16.944372,14.485958,16.541199,15.132545,11.087833,12.615185,14.38799,10.588263,13.636731,14.199003,16.263432,20.5817,22.902712,25.800331,27.878807,27.72949,24.826889,22.736053,18.184605,17.854704,13.829795,16.377295,13.387706,16.033812,13.710349,17.14221,15.991894,16.135294,16.456009,18.819893,20.784048,19.65471,23.867958,24.323696,20.78679,26.905767,23.560076,28.967028,28.439648,33.046547,35.047108,33.55409,31.399185,26.93027,28.07769,23.34364,24.518063,23.006025,23.588892,21.522984,21.897738,22.248932,22.9384,26.216557,25.151516,28.320442,27.570358,32.222366,31.02463,34.853477,32.842278,29.093508,31.434265,26.4836,30.171614,26.494045,28.360329,29.767618,29.393452,31.678154,35.76269,31.422583,35.582844,36.474358,37.00432
4,12.832706,10.33761,7.2007766,5.3379745,0.0,4.131749,5.31677,9.158844,10.990571,14.074296,16.79612,18.364988,21.732464,24.282438,23.985329,24.045998,27.021168,24.851591,29.757717,27.986008,32.082493,32.372417,37.365997,36.9962,33.869415,34.499386,30.527534,28.353714,25.712473,24.83651,22.048866,21.213148,19.900694,15.95982,18.69224,16.027023,18.362766,17.984653,13.804843,15.722124,16.821571,12.034407,14.654798,13.451503,15.598648,18.235346,20.75974,23.409575,25.286118,25.246092,22.000616,19.704554,15.603941,16.292063,12.613524,16.222916,14.395895,17.718634,16.37759,20.331722,18.940506,20.203663,20.431915,23.257826,25.447649,23.603094,27.924532,28.274979,23.943052,30.207363,26.25178,31.788277,30.504509,35.04434,37.26253,35.4718,34.058228,28.960672,30.444107,25.560019,26.261024,25.092505,24.628988,22.278059,22.86317,21.821228,23.441149,25.938337,25.12347,28.183367,27.57306,32.37753,30.661911,34.87798,33.523632,29.870087,32.36821,27.434954,30.673056,27.458143,28.770378,30.42535,29.216177,30.929392,35.321136,31.397333,35.92524,36.902256,38.051132
5,15.423451,13.560503,9.625063,8.686802,4.131749,0.0,3.7549229,5.560423,8.659529,11.331496,13.857611,16.262383,19.206175,21.406166,20.721617,21.192314,23.756887,21.842152,26.42642,24.93691,28.94513,29.4067,34.430832,33.98665,30.77815,31.105793,27.290915,24.83596,22.465792,21.620981,19.256683,18.394152,18.009203,14.667568,18.405762,16.187157,18.92829,19.269245,15.404447,16.554752,16.721897,11.818145,13.422886,11.181294,13.020636,14.649704,17.126932,19.667463,21.416885,21.464693,18.1986,16.04716,12.002145,13.5022545,10.373415,14.562107,13.326685,16.888206,16.702154,20.603167,18.907137,21.144186,21.34988,24.572287,27.155693,24.905853,29.247368,29.148699,24.318403,30.328203,25.83597,31.29306,29.396532,33.79955,36.20337,34.275295,33.55388,28.101637,30.032772,25.200125,25.868385,25.308516,24.059656,21.388645,21.667957,19.781727,21.58112,23.391361,22.643734,25.531609,25.020142,29.854425,27.898655,32.305557,31.358192,27.8281,30.35198,25.519186,28.397062,25.638765,26.690454,28.70828,26.971949,28.31821,32.75313,28.946276,33.65993,34.566788,36.135685
6,17.804697,15.044996,12.265891,9.385205,5.31677,3.7549229,0.0,4.703006,5.926261,8.821019,11.576331,13.208483,16.479956,19.038147,18.916943,19.210339,22.336863,20.56404,25.502876,24.472696,28.479755,29.39256,34.147186,34.301765,31.235126,31.870024,28.211935,25.687096,23.491081,21.82661,19.900871,17.682291,17.726198,12.671429,16.876888,14.115521,16.530476,17.277758,13.481036,15.574101,16.280773,11.011265,13.865453,10.909764,14.143077,14.672015,18.021667,19.9619,22.359043,22.948559,20.054218,18.429611,14.096977,16.269857,13.340737,17.526266,15.4762535,18.85412,18.991604,22.309355,19.865534,21.868855,21.409502,24.646559,26.788523,23.83651,28.142284,28.567535,23.369448,29.874668,25.690742,31.450726,29.636738,34.060455,36.172726,33.921062,33.002876,27.365393,28.830078,23.91699,23.949444,23.100277,21.681732,19.234713,20.235588,18.128502,20.88959,23.03013,22.873686,26.119896,26.163866,31.118555,29.555208,33.979458,32.830036,29.30783,31.43194,26.326605,28.871304,25.598839,26.028465,27.437567,25.682405,27.010244,31.634258,28.41171,33.063698,34.447166,35.93643
7,20.752218,18.62434,15.146342,13.302181,9.158844,5.560423,4.703006,0.0,4.801154,6.321893,8.558493,11.637851,14.088086,16.047705,15.319386,16.279469,18.770777,17.427374,21.861893,21.293962,25.132917,26.299194,31.042336,31.11295,27.972273,28.207357,24.816912,21.928148,20.17793,18.504763,17.300411,14.965902,16.406876,12.475429,17.663507,15.662002,18.407179,19.834011,16.568066,17.62552,17.251797,12.354269,13.70857,9.606487,12.261479,10.873025,14.250865,15.861022,18.137259,18.934616,16.15277,14.9265175,10.908455,14.1847,12.294521,16.692944,15.407488,18.798618,20.064394,23.239151,20.629864,23.555536,23.159866,26.698944,29.241373,26.039202,30.270098,30.153786,24.58479,30.602253,25.890285,31.41244,28.917007,33.09723,35.409405,33.03754,32.965317,27.027752,29.019405,24.298635,24.331358,24.25939,21.948063,19.1743,19.714373,16.5152,19.46339,20.606125,20.580778,23.535017,23.737442,28.63292,26.808826,31.397135,30.764524,27.462702,29.56995,24.697023,26.72099,24.09841,24.16977,26.030987,23.596275,24.390354,29.031527,26.015001,30.852911,32.130966,34.136852
8,22.618723,19.606306,17.574638,13.904278,10.990571,8.659529,5.926261,4.801154,0.0,5.1907625,6.119268,7.73921,10.870924,13.39686,13.396894,13.370782,16.797745,15.189419,20.298553,19.875643,23.74793,25.260231,29.624746,30.452608,27.589619,28.500668,25.214994,22.59468,20.830297,18.10379,17.165716,13.19631,14.676262,8.688251,14.3049965,11.9862995,14.410643,16.40523,13.656589,15.163498,15.20962,10.3715725,12.983056,8.538236,12.90617,11.107425,15.413122,16.354654,19.58873,20.980543,18.953192,18.477795,13.90127,17.154652,15.185372,19.253853,16.711632,19.69183,21.283192,23.589958,20.110617,22.722454,21.555492,25.065445,27.14238,23.18992,27.27451,27.613869,21.705303,28.11763,23.849464,29.642048,27.361141,31.542723,33.44293,30.739876,30.347519,24.30383,25.729868,20.994844,20.379217,20.116209,17.605888,15.055357,16.35897,13.159412,17.117516,18.945274,19.620478,23.072788,23.952152,28.915274,27.822721,32.252678,31.122871,27.821768,29.344275,24.149317,25.857237,22.44864,21.86905,22.908237,20.692923,21.707346,26.484135,24.026493,28.661528,30.510027,32.221924
9,26.45996,23.749132,20.83279,18.003971,14.074296,11.331496,8.821019,6.321893,5.1907625,0.0,4.5125303,6.762457,8.873966,11.159188,11.559113,13.19801,16.250723,16.015776,20.367151,21.354681,24.807915,27.00367,31.071054,32.110813,29.252487,29.603455,26.842308,23.679098,22.692305,19.871946,20.013958,15.549032,18.615698,12.930874,18.938105,16.636497,18.656116,20.98416,18.329021,20.272041,20.256815,15.544904,17.692905,12.841431,16.504154,12.491083,16.749756,16.842802,19.79441,21.48706,19.431187,19.061775,15.608689,19.62313,18.27489,22.569231,20.920618,24.041658,25.769133,28.369673,25.035421,27.852854,26.722193,30.24571,32.262108,28.11796,32.112057,32.573586,26.52208,32.841187,28.499805,34.163006,31.522177,35.480206,37.408825,34.520844,34.613323,28.412636,29.845404,25.301842,24.179987,24.02846,20.91324,18.578066,20.183582,15.94197,20.667046,21.57302,22.629105,25.752747,26.833176,31.654617,30.223711,34.797615,34.25028,31.180521,32.69842,27.765911,28.914906,26.037197,24.819357,25.794134,22.869112,23.069477,27.957314,26.386822,31.077183,33.06933,35.256065
10,28.399038,25.61739,23.237026,19.98819,16.79612,13.857611,11.576331,8.558493,6.119268,4.5125303,0.0,4.6239395,5.681067,7.5522823,7.55855,8.709586,11.891474,11.625345,16.081142,17.29493,20.626266,23.091728,26.891401,28.302126,25.627668,26.269922,23.742031,20.713966,19.953316,16.476206,17.26796,11.875516,15.861127,10.789849,17.014668,15.503083,17.583164,20.42689,18.54133,19.55639,18.899025,14.960694,16.44331,11.343993,15.087382,9.911495,14.517154,13.891955,17.467857,19.656992,18.428488,18.945326,15.28586,19.498854,18.699978,22.627962,20.632702,23.33774,25.910099,27.797146,23.988443,27.172781,25.765316,29.386824,31.483637,26.999231,30.759495,30.904636,24.640833,30.519096,26.124956,31.579166,28.649473,32.351177,34.16429,31.094309,31.62787,25.33327,26.894709,22.660513,21.404734,21.908165,18.155266,15.710345,17.076063,12.190514,17.311777,17.836212,19.380798,22.519491,24.111517,28.809721,27.795773,32.237377,31.63069,28.761879,29.848186,24.998732,25.590717,22.762388,20.985476,21.865105,18.650928,18.63665,23.530346,22.331123,26.94544,29.130146,31.425838
11,30.112127,26.723282,25.195854,20.957615,18.364988,16.262383,13.208483,11.637851,7.73921,6.762457,4.6239395,0.0,3.9347796,7.2651296,9.164924,9.02644,13.307111,13.024276,17.828545,19.256567,22.433174,25.15127,28.454788,30.553968,28.186565,29.364416,26.935127,24.221874,23.38002,19.380972,20.127588,13.91315,17.335773,10.492239,16.301043,14.308884,15.551246,18.745846,17.365763,19.218151,19.3166,15.577787,18.218254,13.550445,18.115995,13.731497,18.47092,17.652458,21.56806,23.91268,22.896427,23.43775,19.453228,23.369127,22.140627,25.996193,23.269772,25.787832,28.106026,29.591412,25.381746,27.972744,26.008202,29.401272,30.88756,25.885818,29.413887,30.245064,23.936266,30.21298,26.502968,32.145805,29.648722,33.34503,34.70441,31.392397,31.384075,25.204315,25.940866,21.785036,19.663744,19.63181,15.854925,14.070176,16.605465,12.170546,18.151255,19.476479,21.520597,24.988415,26.954304,31.631554,31.139141,35.40012,34.357376,31.460737,32.153534,27.103056,27.576506,24.029736,21.741688,21.529095,18.751387,18.964115,23.864216,23.421164,27.648157,30.389545,32.273952
12,33.421684,30.24671,28.427855,24.53185,21.732464,19.206175,16.479956,14.088086,10.870924,8.873966,5.681067,3.9347796,0.0,3.4354348,6.1622124,6.8794255,10.676372,11.553405,15.50827,18.045649,20.701206,23.963013,26.808407,29.229958,27.036785,28.020113,26.124004,23.269371,23.046791,18.793468,20.491098,13.932426,18.521055,12.943405,18.691393,17.334717,18.557003,21.976135,20.946653,22.268919,21.8501,18.568602,20.424576,15.59826,19.596483,13.910285,18.398596,16.736591,20.645191,23.353294,22.850359,23.916624,20.494972,24.745256,24.116053,27.852743,25.47983,27.856224,30.689177,32.000145,27.719557,30.68374,28.718466,32.178917,33.787773,28.66822,31.99773,32.558823,26.17606,31.941252,28.11874,33.435772,30.545269,33.88998,35.22592,31.770798,32.40646,26.19496,27.119263,23.383318,21.108654,21.672293,17.307579,15.60719,17.814016,12.65667,18.803375,19.212292,21.659996,24.799122,27.105679,31.521822,31.06972,35.2641,34.56268,31.965925,32.42016,27.690266,27.50694,24.464283,21.562183,21.34116,17.961802,17.40058,22.21285,22.628296,26.737583,29.602816,31.85419
13,35.73663,32.806355,30.74317,27.19207,24.282438,21.406166,19.038147,16.047705,13.39686,11.159188,7.5522823,7.2651296,3.4354348,0.0,3.7092934,5.659434,8.246971,10.283753,13.1679325,16.63101,18.776743,22.422071,24.907707,27.478508,25.424524,26.184425,24.763565,21.82621,22.148207,17.81636,20.29153,13.7820425,19.1931,14.966835,20.588966,19.79366,21.148693,24.646927,23.811064,24.5668,23.641924,20.751616,21.843859,17.006905,20.369661,13.820469,17.86652,15.520245,19.310177,22.27707,22.27164,23.81016,20.912704,25.331175,25.245014,28.795868,26.76927,28.990685,32.265373,33.42878,29.16533,32.482605,30.6034,34.130257,35.93432,30.838322,34.03749,34.24085,27.858519,33.090233,29.098639,34.064796,30.81357,33.83388,35.21427,31.718971,32.97182,26.786062,28.01017,24.635855,22.468367,23.58932,18.888475,17.140553,18.81022,13.245448,19.117785,18.636417,21.300327,24.055744,26.579638,30.712893,30.266026,34.36757,33.996323,31.685308,31.970013,27.594608,26.874197,24.401974,21.130495,21.117338,17.238638,15.974052,20.60249,21.598516,25.610003,28.444662,31.04708
14,34.870827,32.33046,29.97211,26.943073,23.985329,20.721617,18.916943,15.319386,13.396894,11.559113,7.55855,9.164924,6.1622124,3.7092934,0.0,4.706599,5.583979,7.9383397,10.324214,13.8067875,15.969695,19.51356,22.291355,24.433613,22.223312,22.694094,21.323435,18.251312,18.78842,14.637914,17.479755,11.483962,17.4406,14.822693,20.446424,20.167961,22.01378,25.35164,24.405487,24.403877,22.86491,20.215424,20.361334,15.553092,18.120249,10.992398,14.617969,11.973925,15.68834,18.732159,19.008415,20.876328,18.302526,22.75757,23.15451,26.479916,24.864271,26.980232,30.608215,31.765564,27.705442,31.43911,29.871078,33.514618,35.723545,30.947287,34.21302,33.856163,27.541235,32.30118,27.883507,32.575874,28.977253,31.881136,33.544746,30.214842,31.966974,25.760735,27.598778,24.300121,22.763943,24.378664,19.670399,17.475616,18.229637,12.426831,17.525085,16.260725,18.711643,21.13675,23.563467,27.585201,26.940561,31.065195,30.98121,28.79932,29.194702,25.073542,24.22482,22.355787,19.320335,20.125784,15.901233,14.399425,18.968523,19.424524,23.67593,26.105768,29.030844
15,34.193935,31.339407,29.874212,26.133493,24.045998,21.192314,19.210339,16.279469,13.370782,13.19801,8.709586,9.02644,6.8794255,5.659434,4.706599,0.0,4.77556,4.962843,9.098698,11.492805,13.950753,17.331034,19.95254,22.596884,20.645712,22.063879,20.439358,18.06457,18.061357,13.273298,15.783272,8.905328,14.443857,11.936481,16.879265,17.138382,18.774834,22.257284,21.983599,21.490772,19.863018,17.998758,18.233883,13.963559,16.979746,11.052582,14.859698,12.527681,16.850073,19.847895,20.457779,22.451494,19.047966,22.993908,23.119036,26.094006,23.653934,25.344316,29.149885,29.611973,25.14971,28.674362,26.748453,30.263126,32.26998,27.292055,30.28462,29.92232,23.634615,28.199522,24.116547,28.77704,25.38853,28.255213,29.616793,26.13179,27.672571,21.521418,23.107018,20.025583,18.320076,20.233635,15.374396,13.2804,14.029926,8.301194,13.81277,13.175269,16.118729,18.971327,21.800713,25.830698,25.915174,29.772884,29.044035,26.81828,26.76122,22.429655,21.489101,18.918665,15.47978,15.683376,11.691855,10.707544,15.532402,16.018011,20.094484,22.930014,25.419743
16,36.64654,34.261593,32.370625,29.3016,27.021168,23.756887,22.336863,18.770777,16.797745,16.250723,11.891474,13.307111,10.676372,8.246971,5.583979,4.77556,0.0,4.3563128,4.9223022,9.161103,10.657729,14.575757,16.842638,19.40244,17.565317,18.5005,17.617838,15.136204,16.055452,11.45142,15.210883,9.499755,15.77105,15.61015,20.173756,21.026268,22.920092,26.263708,25.994917,24.820194,22.530073,21.116898,20.18204,16.166885,17.85646,11.183668,13.717918,10.39522,14.289588,17.563387,18.9933,21.646091,19.163046,23.134222,24.08158,26.670313,24.93427,26.382305,30.70291,31.059956,26.878311,30.888096,29.288382,32.850113,35.22012,30.549774,33.41357,32.43934,26.367903,30.018154,25.61842,29.597279,25.660986,27.99648,29.572159,26.226212,28.761206,22.831835,25.05414,22.511454,21.34176,23.868078,18.995695,16.817276,16.516024,10.982783,14.892272,12.506458,15.435573,17.39315,20.384611,23.876331,23.851442,27.544739,27.429234,25.685307,25.488556,21.882502,20.172882,18.872799,15.282954,16.347385,11.724214,9.480356,13.711472,14.636688,18.62888,21.071829,24.225193
17,33.60399,31.169004,29.810488,26.501043,24.851591,21.842152,20.56404,17.427374,15.189419,16.015776,11.625345,13.024276,11.553405,10.283753,7.9383397,4.962843,4.3563128,0.0,5.7557654,6.5529566,9.414775,12.438753,15.491935,17.770247,15.756771,17.45875,15.7561,13.806248,13.75959,8.750278,11.767761,5.5014863,11.527135,12.310698,16.30748,17.642935,19.725744,22.875917,22.810759,21.023636,18.464779,17.588144,16.352102,12.845197,14.570034,9.192973,11.8863125,9.447429,13.821517,16.758934,18.080801,20.580948,17.306885,20.770697,21.462328,23.762655,21.495213,22.673952,27.076689,27.069935,22.753304,26.727303,25.100368,28.633062,31.080626,26.569193,29.416443,28.216974,22.217323,25.762932,21.275436,25.360949,21.52861,24.12389,25.749275,22.452238,24.72328,18.693857,21.125925,18.45737,17.759382,20.492975,15.885273,13.396807,12.45271,7.126202,10.550741,8.611767,11.6397,14.176962,17.213875,21.019278,21.347828,25.018713,24.312212,22.301966,22.066446,18.05882,16.735815,14.79867,11.46779,12.8823595,8.508014,7.488794,12.165659,11.549194,15.957718,18.351835,21.124136
18,38.174576,36.14387,34.388226,31.65933,29.757717,26.42642,25.502876,21.861893,20.298553,20.367151,16.081142,17.828545,15.50827,13.1679325,10.324214,9.098698,4.9223022,5.7557654,0.0,5.937419,6.0329714,10.277656,12.1676035,14.721855,13.174513,14.272535,14.037801,12.188534,13.671866,9.342614,13.873187,9.912404,15.701042,18.006079,21.60499,23.283085,25.334652,28.459354,28.493725,26.362295,23.41019,22.928747,20.887938,17.72527,18.204245,12.387234,13.339334,9.77692,13.054497,16.248335,18.66272,21.884619,19.86991,23.287796,24.838276,26.701351,25.23972,26.118305,30.945587,30.777857,26.803741,31.10207,29.726852,33.19161,35.83456,31.544432,34.11673,32.454643,26.800728,29.276072,24.7752,27.889442,23.565958,25.27142,26.953157,23.815165,27.248814,21.767073,24.57075,22.732618,22.245531,25.43573,20.770164,18.56179,17.118578,12.464241,14.301208,10.49136,13.347355,14.354311,17.638868,20.409334,20.761044,24.003574,24.12092,22.908642,22.301926,19.496231,16.954844,16.804842,13.1958065,15.092866,10.418676,7.525942,10.579345,11.423622,15.141109,17.124115,20.727953
19,34.749046,32.934002,31.73264,29.091688,27.986008,24.93691,24.472696,21.293962,19.875643,21.354681,17.29493,19.256567,18.045649,16.63101,13.8067875,11.492805,9.161103,6.5529566,5.937419,0.0,4.1602454,5.932271,9.812876,11.315564,9.304709,11.686744,10.167926,9.488863,9.647087,5.116585,9.026964,7.0320635,11.191996,16.037266,18.410315,20.853292,23.192463,25.822098,26.045267,22.880066,19.346817,19.855707,16.843662,14.908111,14.483063,11.031936,11.097944,8.952775,12.202819,14.690935,17.192701,20.312607,17.696232,20.152178,21.69285,22.830488,21.04297,21.32726,26.420145,25.680655,21.829355,26.2401,25.103415,28.464067,31.391638,27.660278,30.127722,27.835245,22.604084,24.338,19.557133,22.328646,17.849121,19.666437,21.665321,18.812347,22.368824,17.038458,20.545227,18.852537,19.4692,22.996103,19.014217,16.507565,13.75492,10.5293045,9.688088,4.944118,7.5771027,8.666225,12.204209,15.188105,16.099794,19.22912,18.679064,17.288364,16.566584,13.59015,11.158026,11.10384,8.32384,11.77655,7.904799,6.9518123,9.496338,6.772576,11.368902,12.676971,16.088598
20,38.751846,37.036076,35.788418,33.24873,32.082493,28.94513,28.479755,25.132917,23.74793,24.807915,20.626266,22.433174,20.701206,18.776743,15.969695,13.950753,10.657729,9.414775,6.0329714,4.1602454,0.0,4.6027617,6.445891,8.959621,7.9455843,10.368919,10.496259,10.449887,11.742972,8.333133,12.501194,11.143113,15.070153,19.940159,22.065361,24.660637,26.79302,29.514904,29.980585,26.745813,23.173056,23.9515,20.860638,19.065493,18.396587,14.705719,14.21113,11.549581,13.95015,16.46754,19.599401,23.060143,21.120747,23.511717,25.40577,26.28951,24.814888,24.858488,30.091537,29.095877,25.386173,29.775549,28.629856,31.83584,34.696735,30.98277,33.123432,30.669123,25.735569,26.693792,22.268751,24.227669,19.628735,20.550915,22.31968,19.541157,23.876749,19.17181,22.59725,21.657146,22.125135,25.917381,21.830427,19.675686,16.976503,14.018837,13.076573,8.236119,10.589045,10.346311,14.007587,15.773537,17.073395,19.516953,19.426847,18.816568,17.508715,15.694455,12.16969,13.344384,10.155025,13.131967,9.398599,7.2312675,7.7783704,7.0574102,10.270904,11.434066,15.416038
21,37.560215,36.206543,35.230923,33.042614,32.372417,29.4067,29.39256,26.299194,25.260231,27.00367,23.091728,25.15127,23.963013,22.422071,19.51356,17.331034,14.575757,12.438753,10.277656,5.932271,4.6027617,0.0,5.412002,5.5124226,4.232855,8.156212,7.7262883,9.371584,9.915905,8.067267,11.007136,12.190163,14.324051,20.912474,22.10187,25.15671,27.471333,29.72988,30.257242,26.288445,22.308043,23.824207,19.923147,19.211483,17.546816,15.717195,14.222231,12.664021,14.308602,16.035086,19.32753,22.711336,20.826899,22.314764,24.402859,24.516863,23.17729,22.63062,28.025951,26.57345,23.29437,27.756306,26.991272,30.010094,33.14736,30.09732,32.07384,28.99288,24.689749,24.653646,20.097784,21.23545,16.431591,16.972279,19.135902,16.925585,21.701628,17.612217,21.643911,21.059477,22.474136,26.421003,22.982979,20.720806,17.189928,15.500709,12.528305,7.551618,8.430706,6.798012,10.408034,11.456231,13.41453,15.348502,15.007097,14.724919,13.11924,12.103884,8.089444,10.798201,9.170439,13.313025,10.8628845,10.139968,9.679746,5.90986,8.77552,8.228841,12.412628
22,42.74645,41.22099,40.468285,37.97513,37.365997,34.430832,34.147186,31.042336,29.624746,31.071054,26.891401,28.454788,26.808407,24.907707,22.291355,19.95254,16.842638,15.491935,12.1676035,9.812876,6.445891,5.412002,0.0,5.458519,7.2598577,10.7108135,12.109499,13.9198475,15.129381,13.209306,16.35156,16.560856,18.851618,24.838345,25.705063,28.90327,30.818434,33.27128,34.262413,30.358559,26.54136,28.352827,24.813412,24.05993,22.82793,20.528183,19.33348,17.22963,18.769176,20.673462,24.228853,27.772718,26.103872,27.709543,29.801504,29.888424,28.421272,27.704779,33.08722,31.244354,27.843096,32.017822,30.960527,33.730804,36.537037,33.29178,34.768745,31.743984,27.753038,26.972359,23.225155,23.56408,19.047146,18.468159,19.864025,17.60147,22.980911,19.746084,23.242989,23.611563,24.571499,28.76503,25.21021,23.482496,20.246984,18.788954,16.294056,11.856646,13.3771515,11.752658,15.206358,15.019093,17.580282,18.461014,18.221296,18.732704,16.293688,16.287453,11.650729,14.299515,11.706927,14.400653,12.372288,10.877139,8.02581,7.748407,7.5533314,7.3819976,11.67659
23,41.22306,40.30645,39.262127,37.57603,36.9962,33.98665,34.301765,31.11295,30.452608,32.110813,28.302126,30.553968,29.229958,27.478508,24.433613,22.596884,19.40244,17.770247,14.721855,11.315564,8.959621,5.5124226,5.458519,0.0,3.4641175,6.7557654,8.466173,11.403032,12.573211,12.609508,15.064432,17.535885,19.102365,26.251669,27.049736,30.299143,32.623817,34.680515,35.271347,30.955008,26.790792,28.671892,24.309896,24.099129,21.696543,20.388975,18.005644,16.643772,17.028582,18.137781,21.905415,25.429714,24.410904,25.329226,27.893847,27.343039,26.645632,25.653433,31.09364,29.349968,26.710659,31.156258,30.755674,33.509827,36.788376,34.272053,35.939625,32.37676,28.782053,27.58665,23.335823,23.158794,18.401417,17.695225,19.893162,18.514029,24.0286,21.092497,25.260153,25.358183,27.139883,31.228117,28.058065,25.930174,22.17631,20.9599,17.433828,12.738043,12.677492,9.594414,11.989793,10.607404,13.008773,13.380335,13.90395,15.0146475,12.914509,14.18788,9.730155,14.29419,13.614621,17.561924,15.795446,14.905019,13.00874,10.173952,10.719227,8.184264,12.540493
24,38.23809,37.41468,36.096508,34.63057,33.869415,30.77815,31.235126,27.972273,27.589619,29.252487,25.627668,28.186565,27.036785,25.424524,22.223312,20.645712,17.565317,15.756771,13.174513,9.304709,7.9455843,4.232855,7.2598577,3.4641175,0.0,4.6353683,5.147586,8.063678,9.127287,9.536101,12.00317,14.996228,16.734858,23.927246,25.132471,28.165255,30.7111,32.719547,32.9668,28.772676,24.586508,26.090115,21.599375,21.217682,18.568792,17.257902,14.620007,13.492074,13.773816,14.809521,18.49373,21.986769,20.974012,21.953358,24.588032,24.164755,23.669182,22.917198,28.355585,27.02314,24.44559,29.098251,28.857801,31.815508,35.268852,32.766224,34.791397,31.323309,27.416683,26.898895,22.15281,22.656925,17.761154,17.884813,20.479624,18.993008,24.032,20.45679,24.811539,24.257788,26.12482,30.007198,26.797413,24.380827,20.64056,19.060274,15.638404,10.744243,10.25275,7.06334,9.359148,8.99133,10.582959,12.045925,12.759319,13.220776,11.935694,12.39645,8.5507765,13.004458,12.737639,17.217558,15.036643,14.305325,13.584988,9.773272,11.831492,9.737915,13.972869
25,39.04205,38.618057,36.56981,35.805225,34.499386,31.105793,31.870024,28.207357,28.500668,29.603455,26.269922,29.364416,28.020113,26.184425,22.694094,22.063879,18.5005,17.45875,14.272535,11.686744,10.368919,8.156212,10.7108135,6.7557654,4.6353683,0.0,4.457426,6.4280515,8.964694,10.747032,13.549204,16.921625,19.378168,26.17489,28.123854,30.778378,33.54513,35.570015,35.341103,31.43196,27.281927,28.136305,23.518347,22.68619,19.557327,17.5509,14.14248,12.892567,11.740845,12.39304,16.46189,20.14814,20.300222,21.395786,24.569904,24.178312,24.678022,24.268267,29.579073,28.919043,26.810013,31.681808,31.783985,34.89062,38.556683,36.17269,38.497826,35.070312,31.006533,30.906504,25.860382,26.575594,21.680447,21.980013,24.797785,23.501337,28.40986,24.641552,29.052235,28.083729,29.873573,33.559376,30.16448,27.537178,24.03145,21.73369,18.969324,13.970931,13.190178,10.011947,11.068257,10.494754,10.208586,11.989097,14.296805,14.942955,14.65233,15.404312,12.396603,16.902597,16.821302,21.34417,18.624887,17.408163,17.172453,13.998811,16.332893,14.269922,18.501047
26,34.649433,34.24332,32.341293,31.60075,30.527534,27.290915,28.211935,24.816912,25.214994,26.842308,23.742031,26.935127,26.124004,24.763565,21.323435,20.439358,17.617838,15.7561,14.037801,10.167926,10.496259,7.7262883,12.109499,8.466173,5.147586,4.457426,0.0,4.043301,4.841197,7.6791983,9.427937,13.95613,15.629612,22.803276,24.577038,27.189648,30.10691,31.884695,31.488682,27.461468,23.27167,24.133482,19.3001,18.820366,15.341805,14.424432,10.80193,10.582737,9.813841,10.112032,13.722212,17.133455,16.625772,17.388218,20.401218,19.916225,20.240507,19.82217,25.133116,24.56683,22.510992,27.436676,27.689896,30.85081,34.632225,32.444683,34.96101,31.531712,27.457977,27.704954,22.369602,23.538542,18.702608,19.736513,22.842518,21.573427,25.896214,21.83714,26.388342,24.980068,27.093792,30.559656,27.48238,24.669216,21.008986,19.044333,15.81275,11.245961,9.614728,6.521597,7.0244684,7.952327,7.18279,10.319096,11.846691,11.545185,11.9609,11.767709,9.7630415,13.848974,14.639543,19.549685,17.096762,16.65327,17.259193,12.712005,15.897971,13.966356,17.737825
27,33.64226,33.138985,30.675314,30.033842,28.353714,24.83596,25.687096,21.928148,22.59468,23.679098,20.713966,24.221874,23.269371,21.82621,18.251312,18.06457,15.136204,13.806248,12.188534,9.488863,10.449887,9.371584,13.9198475,11.403032,8.063678,6.4280515,4.043301,0.0,3.9037755,6.182431,8.930719,12.389296,15.328555,21.363045,24.1094,26.196451,29.20456,31.187996,30.40175,26.98217,23.065588,23.03416,18.62,17.165295,14.005614,11.515538,7.769029,7.000526,5.8618464,6.835497,10.5900135,14.270591,14.030775,15.706135,18.778345,19.068157,19.651999,19.969913,25.070269,25.261053,23.02503,28.026058,28.18618,31.600508,35.331364,32.786674,35.658253,32.67519,28.046463,29.320456,23.7899,25.843187,21.091549,22.71962,25.746078,24.088457,27.975842,23.24908,27.56304,25.547432,27.201172,30.37745,26.963316,23.9995,20.867632,17.932587,15.973183,11.48052,10.42634,8.726851,9.379652,11.584229,9.845555,13.704252,15.324275,14.396549,15.352027,14.052511,12.6436205,15.51808,15.686121,20.316532,17.163181,16.34476,17.906958,14.038252,17.927505,16.832586,20.682804
28,30.21961,29.730783,27.628292,26.929369,25.712473,22.465792,23.491081,20.17793,20.830297,22.692305,19.953316,23.38002,23.046791,22.148207,18.78842,18.061357,16.055452,13.75959,13.671866,9.647087,11.742972,9.915905,15.129381,12.573211,9.127287,8.964694,4.841197,3.9037755,0.0,5.102962,5.577128,10.830037,12.363586,19.08094,21.307333,23.502415,26.619164,28.279106,27.458778,23.72981,19.704218,19.946007,15.166337,14.410647,10.7110405,10.216104,6.3757977,7.469675,7.3087134,7.5015492,10.16121,13.242454,11.949106,12.952467,15.766811,15.763397,15.984069,16.116064,21.286888,21.358574,19.192677,24.21019,24.532078,27.918104,31.753494,29.506374,32.43955,29.349424,24.902164,26.222734,20.548832,22.80095,18.222425,20.345533,23.538473,22.04462,25.417973,20.69452,25.117167,22.87994,24.966352,27.983084,25.028872,21.968225,18.568586,16.356283,13.585729,9.859749,7.7698,6.5258307,6.3880653,9.891495,8.182143,12.555704,13.243759,11.536627,12.9930525,10.915039,10.640546,12.963177,14.139556,18.99575,16.440548,16.504251,18.370255,13.385646,17.528263,16.36865,19.63901
29,30.938536,29.639603,27.929003,26.10969,24.83651,21.620981,21.82661,18.504763,18.10379,19.871946,16.476206,19.380972,18.793468,17.81636,14.637914,13.273298,11.45142,8.750278,9.342614,5.116585,8.333133,8.067267,13.209306,12.609508,9.536101,10.747032,7.6791983,6.182431,5.102962,0.0,4.916771,6.3741555,9.741373,15.528072,18.20393,20.369308,23.23894,25.406126,24.929724,21.601788,17.832994,17.898682,14.043133,12.288291,10.4552555,7.8393326,6.4442525,5.675976,8.427077,10.325338,12.530721,15.529538,13.027835,15.20939,17.111288,18.088331,16.987762,17.47619,22.580667,22.441896,19.194656,23.979464,23.504211,27.023375,30.422813,27.312752,30.215242,27.665916,22.568913,24.5953,19.161423,22.166836,17.649343,20.039064,22.699049,20.423178,23.576256,18.201107,22.176886,19.80605,21.161045,24.262691,20.79061,17.817904,14.797328,11.799098,10.14443,6.0173044,5.956607,6.8801312,9.082196,12.961951,12.658595,16.57916,16.38352,14.48127,14.95169,11.691564,10.7052145,11.236331,10.737187,15.046972,11.882995,11.804935,14.439827,10.16838,14.900525,15.051238,18.308855
30,26.701399,25.581741,24.30037,22.63645,22.048866,19.256683,19.900871,17.300411,17.165716,20.013958,17.26796,20.127588,20.491098,20.29153,17.479755,15.783272,15.210883,11.767761,13.873187,9.026964,12.501194,11.007136,16.35156,15.064432,12.00317,13.549204,9.427937,8.930719,5.577128,4.916771,0.0,7.142054,6.8636627,14.084652,15.799918,18.115807,21.228664,22.767084,22.122444,18.222252,14.185354,14.709828,9.988778,9.700882,6.6474185,8.289492,6.807057,8.691951,10.773136,11.428003,12.527536,14.616033,11.155499,12.112081,13.567537,14.015161,12.416837,12.606924,17.791367,17.540558,14.503952,19.407503,19.329245,22.828716,26.502884,24.01008,27.057251,24.242044,19.515144,21.554043,15.815396,19.074156,14.897452,17.993595,20.947382,19.12116,21.468828,16.258404,20.454191,17.719078,19.920494,22.699192,20.100027,16.9832,13.506498,12.026418,8.7740345,6.808296,4.332143,6.312064,6.907417,11.791057,11.404497,15.464083,14.367719,11.585887,12.830352,8.592357,9.72309,9.3745575,10.987324,15.506576,13.585484,14.76762,17.365501,11.816434,16.357418,16.065367,18.426798
31,28.7107,26.503178,25.39581,22.307945,21.213148,18.394152,17.682291,14.965902,13.19631,15.549032,11.875516,13.91315,13.932426,13.7820425,11.483962,8.905328,9.499755,5.5014863,9.912404,7.0320635,11.143113,12.190163,16.560856,17.535885,14.996228,16.921625,13.95613,12.389296,10.830037,6.3741555,7.142054,0.0,6.4313617,9.454391,12.88876,14.603191,17.303339,19.838795,19.480194,16.872847,13.793317,13.216002,11.054862,8.168319,9.374411,6.4112644,8.9269,8.473996,12.6836405,14.824109,15.599454,17.63977,13.558194,16.306576,16.732733,18.723392,16.123959,17.186726,21.630472,21.605104,17.418308,21.598259,20.336191,23.972635,26.822966,22.897308,26.023743,24.392515,18.558764,22.170277,17.129238,21.51995,17.785984,21.01233,23.073088,20.195698,21.96766,15.837969,18.87542,15.648633,16.15582,18.76546,15.056635,11.967091,9.860908,5.8150487,6.892547,6.0295353,7.7486696,11.093063,13.428661,17.88752,18.050934,21.93591,20.737068,18.17802,18.49323,13.849942,13.802217,11.320477,9.821693,12.493822,9.422818,10.3379345,14.463835,11.110033,15.973662,17.563606,19.875023
32,24.940655,22.716549,22.857393,19.48256,19.900694,18.009203,17.726198,16.406876,14.676262,18.615698,15.861127,17.335773,18.521055,19.1931,17.4406,14.443857,15.77105,11.527135,15.701042,11.191996,15.070153,14.324051,18.851618,19.102365,16.734858,19.378168,15.629612,15.328555,12.363586,9.741373,6.8636627,6.4313617,0.0,8.691279,9.022913,11.817801,14.713142,16.272125,16.281681,12.169429,8.275208,9.677136,6.40303,6.958219,7.6065583,10.424276,11.885311,13.268063,16.588331,17.693249,17.993526,19.292593,14.48094,15.474414,15.07951,16.135958,12.231071,12.439223,16.81091,15.865671,11.329565,15.408862,14.200237,17.777832,20.890684,17.617119,20.726772,18.554615,13.1510515,16.539087,11.187631,16.02872,12.926233,16.926859,19.071587,16.681171,17.354597,11.465114,14.857052,11.329273,13.4506,15.930934,13.810166,10.741972,7.198156,7.642236,4.033305,7.0798078,6.633979,10.599683,11.976011,16.565744,17.34233,20.767075,18.34695,15.224595,15.654576,10.228684,12.022081,7.9046307,9.081415,11.913647,11.291979,13.888448,17.046282,11.98575,16.187649,17.205545,18.26212
33,24.278152,20.795097,21.066545,16.066225,15.95982,14.667568,12.671429,12.475429,8.688251,12.930874,10.789849,10.492239,12.943405,14.966835,14.822693,11.936481,15.61015,12.310698,18.006079,16.037266,19.940159,20.912474,24.838345,26.251669,23.927246,26.17489,22.803276,21.363045,19.08094,15.528072,14.084652,9.454391,8.691279,0.0,6.226633,5.6559334,8.389273,11.074695,10.501383,9.669667,8.996582,6.6835117,9.294578,6.7286525,11.741638,11.966931,15.8946705,16.630632,20.637297,22.27359,21.53038,22.053015,16.785246,19.001944,17.265844,20.00353,15.757804,17.39425,19.92277,20.220922,15.530178,17.961397,15.7863,19.250055,21.105093,16.424957,20.089378,20.148664,13.871837,20.107908,16.284615,22.158918,20.238184,24.353806,25.728838,22.823963,22.011492,15.989785,17.072548,12.39928,11.872527,12.3058,9.756707,6.8143473,7.876663,6.606846,10.052593,13.581532,14.73485,18.751085,20.331816,25.074944,25.363155,29.159975,26.992441,23.7746,24.337685,18.891546,20.406872,15.777994,15.000742,15.213432,14.222441,16.423262,20.75064,17.988827,22.053669,24.286505,25.183046
34,24.046034,20.384285,22.388617,16.944372,18.69224,18.405762,16.876888,17.663507,14.3049965,18.938105,17.014668,16.301043,18.691393,20.588966,20.446424,16.879265,20.173756,16.30748,21.60499,18.410315,22.065361,22.10187,25.705063,27.049736,25.132471,28.123854,24.577038,24.1094,21.307333,18.20393,15.799918,12.88876,9.022913,6.226633,0.0,4.1994877,6.1217055,7.638626,9.073472,5.8515325,5.426381,7.025141,9.451827,10.267066,13.9954405,16.652216,19.65158,20.808256,24.598541,25.887922,25.42683,25.927183,20.509785,21.507683,19.510319,21.187328,16.052172,16.576399,18.749556,17.639969,12.594458,13.893503,10.900331,13.967108,15.444137,10.542864,14.004984,13.993526,7.697986,14.37458,11.480473,17.513107,16.737492,20.951845,21.838274,19.212748,17.094942,11.760929,12.099878,7.145317,7.83046,8.070321,7.929061,5.897891,5.8825326,9.379084,9.624946,14.620824,15.280254,19.243982,20.649876,24.96079,26.080694,29.209564,26.133564,22.917343,23.022053,17.648394,19.671259,14.167794,14.356878,13.883914,14.902693,18.120615,21.505812,18.105413,21.270315,23.372591,23.145477
35,22.6827,18.57045,20.47018,14.485958,16.027023,16.187157,14.115521,15.662002,11.9862995,16.636497,15.503083,14.308884,17.334717,19.79366,20.167961,17.138382,21.026268,17.642935,23.283085,20.853292,24.660637,25.15671,28.90327,30.299143,28.165255,30.778378,27.189648,26.196451,23.502415,20.369308,18.115807,14.603191,11.817801,5.6559334,4.1994877,0.0,3.4696283,5.422862,5.685034,5.6100492,7.4782434,6.1267896,10.7332,10.483132,15.079811,17.195576,20.769262,21.974684,25.786402,27.093924,26.083635,26.136707,20.656473,21.981129,19.476276,21.808908,16.833405,18.088768,19.426407,19.281036,14.649117,15.461546,12.669777,15.592516,16.615187,11.679268,15.510382,16.563667,10.71909,17.951332,15.369229,21.451487,20.796131,25.088934,26.021229,23.402283,21.104523,15.925522,15.821515,10.945552,10.486809,9.146251,9.129384,7.508155,9.353803,11.086237,13.030499,17.620216,18.356743,22.38165,23.619246,28.193687,28.819399,32.278637,29.477804,26.110067,26.6045,21.133154,23.291147,18.01192,17.958666,17.370056,17.782227,20.595154,24.455612,21.51008,24.949677,27.180174,27.198408
36,24.818546,20.407639,22.869106,16.541199,18.362766,18.92829,16.530476,18.407179,14.410643,18.656116,17.583164,15.551246,18.557003,21.148693,22.01378,18.774834,22.920092,19.725744,25.334652,23.192463,26.79302,27.471333,30.818434,32.623817,30.7111,33.54513,30.10691,29.20456,26.619164,23.23894,21.228664,17.303339,14.713142,8.389273,6.1217055,3.4696283,0.0,3.8392217,6.0157905,7.412292,10.098015,9.43379,14.072053,13.890932,18.52192,20.290775,24.008211,24.953897,28.914011,30.366203,29.440754,29.532913,24.070017,25.439192,22.858734,25.157175,20.092281,21.177069,22.22043,21.776533,17.180487,17.237207,14.028146,16.339907,16.431677,10.953552,14.32437,16.388979,10.956323,18.30666,16.775219,22.676413,22.525959,26.629145,27.111029,24.394169,21.532024,16.833347,15.700187,11.222961,9.7526455,7.0964823,8.191483,7.898773,10.786393,12.989002,15.275258,20.019081,21.075943,25.109467,26.566607,30.996283,31.899261,35.203987,32.215588,28.938227,29.141455,23.75583,25.70145,20.171736,19.731339,18.276995,19.138811,22.008287,25.700098,23.34905,26.371387,28.932062,28.612919
