,0,1,2,3,4,5,6,7,8,9,10,11,12,13,14,15,16,17,18,19,20,21,22,23,24,25,26,27,28,29,30,31,32,33,34,35,36,37,38,39,40,41,42,43,44,45,46,47,48,49,50,51,52,53,54,55,56,57,58,59,60,61,62,63,64,65,66,67,68,69,70,71,72,73,74,75,76,77,78,79,80,81,82,83,84,85,86,87,88,89,90,91,92,93,94,95,96,97,98,99,100,101,102,103,104,105,106,107,108,109,110,111,112
0,0.0,5.0403323,6.2528543,9.646647,12.639014,14.45485,17.870758,19.932814,22.46285,26.778244,28.519041,29.618074,33.631355,34.418625,34.62165,32.270306,36.179108,32.862377,37.526176,33.38365,36.395767,34.42858,37.008648,39.393246,37.852734,40.41578,36.83582,38.19382,35.161224,32.78853,30.036146,28.650507,23.85087,22.87658,16.849482,17.63637,17.018183,14.289157,14.824555,12.8500595,14.870525,12.001334,16.308844,14.469817,19.596191,17.675543,23.92713,24.552246,28.553293,29.141815,28.069214,26.343397,24.168713,26.633429,24.345509,22.743116,19.659101,19.77076,15.855669,16.560242,17.844978,18.666504,19.674004,22.104477,26.21661,25.88278,29.124516,28.491724,25.005375,29.321968,24.976152,29.885056,26.810179,31.343672,31.45657,27.704494,29.176332,23.901352,25.64935,22.218243,22.922297,22.953127,22.231022,20.499647,19.917938,25.087633,24.45465,29.123018,29.354868,32.67275,30.684614,28.086739,28.85397,27.619219,25.014915,22.08156,19.106215,16.435877,14.311374,11.8688135,15.853514,19.341667,24.154743,23.778519,27.08338,29.926975,25.399338,24.012344,20.323723,18.106218,14.042185,12.793702,9.4180765
1,5.0403323,0.0,6.347189,6.0681233,10.401204,13.278324,15.960783,19.066187,20.815212,25.076487,27.322432,28.132952,32.07469,32.845135,33.495926,31.035192,35.267685,32.370907,37.438835,33.73062,37.031643,35.594006,38.568703,40.793076,39.020718,41.106304,37.52611,38.40621,35.4773,33.037178,30.064278,28.312101,23.713726,21.300274,15.885007,15.592759,15.029056,12.359347,12.730684,12.736373,15.173125,13.942959,18.066425,17.473083,22.186552,21.241127,27.23577,27.9998,32.027245,32.452477,31.74209,30.339502,27.529142,30.163328,27.463968,26.075802,22.402796,22.18184,19.010254,18.475931,19.00037,18.959616,19.113808,21.61871,25.949219,25.433249,29.278898,28.52028,25.99874,30.21342,26.574041,31.682322,28.958687,33.604256,33.21779,29.386637,30.045666,24.932707,25.808075,22.515072,22.168165,21.72299,20.58051,19.641989,19.831377,24.586412,25.099337,29.80477,30.30291,33.88884,31.991154,28.94265,30.173754,28.11484,25.643848,23.094995,19.58152,17.662714,14.769347,12.705408,17.476803,20.500122,25.939487,25.228931,29.116642,32.362465,28.16912,26.515549,22.770351,19.886599,16.370169,13.915329,11.522344
2,6.2528543,6.347189,0.0,6.647075,7.2219462,9.333075,12.606091,14.898652,17.818413,21.639038,23.746616,25.434732,29.210377,30.423431,31.083302,29.363335,33.550182,30.46454,35.166115,30.745987,34.218006,32.302246,35.584713,37.19556,35.220654,37.32961,33.369587,34.345688,31.107613,29.318762,25.904844,25.494297,19.972635,19.736092,13.874789,14.909997,15.586363,13.905816,16.434216,14.093283,14.831462,13.53595,16.02823,14.634417,19.028818,17.313568,22.842005,23.028273,27.30337,28.135872,27.933327,27.126787,24.468956,27.832403,25.548296,25.09154,21.122034,21.922844,19.118444,19.764765,19.430853,20.873068,20.844166,24.017399,28.108078,26.42087,30.026726,28.297373,25.816969,28.801428,24.803028,29.11138,25.71988,29.967932,29.36458,25.628616,27.48128,22.622774,24.30195,21.686241,22.024942,22.774858,20.7034,19.020714,17.667425,22.709707,21.771288,26.457596,26.226524,29.46455,27.12231,23.998888,24.569267,22.743406,19.91977,17.227743,13.897446,11.521968,9.045046,7.8707113,12.106578,15.713336,20.43369,20.5694,23.922998,27.29136,22.921839,21.607924,17.4062,15.749338,12.170579,10.65589,9.494832
3,9.646647,6.0681233,6.647075,0.0,5.302378,8.403903,10.33166,14.000047,15.161158,19.316422,21.802364,22.560856,26.386066,27.262823,28.259108,26.0541,30.525318,27.959314,33.188934,29.645847,33.277298,32.232563,35.743942,37.496315,35.422157,36.988388,33.353508,33.78749,30.94174,28.610392,25.392754,23.694323,19.126587,16.165354,11.354049,10.58542,11.016722,9.496319,12.087099,11.902636,13.229708,14.026378,16.614985,17.231869,20.999624,21.160734,26.413801,27.32234,31.252523,31.483984,31.457445,30.796242,27.188705,30.356,27.38808,26.92525,22.380796,22.45889,20.626345,19.571861,18.411472,18.667738,17.633339,20.788397,24.997532,23.197388,27.444067,25.789055,24.475903,27.62005,24.686382,29.463572,26.923998,31.432156,30.376406,26.581806,26.785376,22.126713,22.424809,19.817999,18.767796,18.76722,16.442904,15.864287,16.01921,20.30739,21.401184,26.007019,26.554296,30.267979,28.452074,25.022785,26.764584,23.955938,21.837076,19.809864,15.957875,15.234771,11.658349,10.102723,15.106333,17.291473,23.169529,22.095486,26.475693,30.113342,26.50825,24.5686,20.967936,17.536877,15.010197,11.62628,11.24748
4,12.639014,10.401204,7.2219462,5.302378,0.0,4.264834,5.9592657,9.685674,11.644162,15.204416,17.893948,19.493427,23.060513,24.429956,25.691864,24.287203,28.815542,26.315653,31.290749,27.294945,31.20511,29.982523,33.94747,34.992104,32.618828,33.92489,29.94401,30.189516,27.112963,25.443983,21.656473,21.223755,15.860787,14.594274,10.055693,10.288052,12.290497,12.123283,16.195591,14.600404,14.412044,15.67324,16.560625,17.04535,20.048998,20.081484,24.513554,24.996767,28.994629,29.470232,30.07373,30.090227,26.425488,30.197578,27.497093,27.908274,23.063383,23.876795,22.601538,22.188059,20.194414,21.437862,20.06311,23.666306,27.578285,24.702353,28.808832,26.214329,25.385813,27.206888,24.352169,28.31432,25.394228,29.461693,27.94518,24.297962,25.226574,21.07752,21.718975,20.001995,19.208406,20.23616,16.86034,15.914676,14.782941,18.899548,19.083536,23.54922,23.495579,26.953077,24.795687,21.060682,22.476753,19.345102,17.076906,15.338081,11.382237,11.284235,7.680058,7.8017654,12.0492325,14.071506,19.436548,18.941597,23.0599,26.956297,23.547928,21.805374,17.99948,15.430134,13.55395,10.670259,12.066467
5,14.45485,13.278324,9.333075,8.403903,4.264834,0.0,3.8768783,5.837128,8.557457,12.398608,14.46469,16.25214,19.916903,21.291613,22.234035,21.065598,25.418139,22.727505,27.475073,23.22432,27.149664,25.826918,29.893608,30.775858,28.370611,29.707357,25.71354,26.073679,22.983837,21.272078,17.53362,17.31843,11.688244,11.746445,7.0784144,8.660405,11.264188,11.908532,16.889875,13.933624,12.535842,14.326511,13.808168,14.721142,16.85774,17.536367,21.300354,22.009357,25.750952,26.024195,26.933912,27.353804,23.372826,27.357342,24.6914,25.71226,20.650364,21.84845,21.336338,21.13653,18.419388,20.400562,18.889484,22.73139,26.285202,22.721033,26.533417,23.411812,22.778622,23.79039,21.02805,24.5486,21.60327,25.502665,23.805317,20.215439,21.316452,17.43231,18.327005,17.120958,16.766577,18.586365,14.9065,13.378219,11.301178,15.411021,14.975392,19.389395,19.235691,22.700935,20.62236,16.922272,18.703733,15.588263,13.702964,12.078036,8.193545,9.104725,5.3815894,5.4942102,8.916547,10.086746,15.732441,14.837955,19.179403,23.121037,20.111254,18.156843,14.7408495,11.802383,10.821716,8.004256,10.8396635
6,17.870758,15.960783,12.606091,10.33166,5.9592657,3.8768783,0.0,4.805336,5.95293,9.257013,12.02813,13.831243,17.212152,18.789062,20.306133,19.488306,24.046635,21.893686,26.733389,22.879341,27.030119,26.199396,30.616499,31.077845,28.441118,29.17699,25.207935,24.992165,22.055779,20.585764,16.59072,16.525517,11.3151455,10.533916,8.003118,8.542793,11.826975,13.297836,18.433409,16.316477,14.796144,17.478502,16.512535,18.079453,19.561947,20.819258,23.962097,24.67182,28.204832,28.36884,29.643305,30.40355,26.163534,30.209438,27.448133,28.755323,23.52281,24.62995,24.631153,23.983809,20.776829,22.436146,20.326426,24.171806,27.551914,23.519346,27.530222,24.03198,24.402641,24.743801,22.773169,25.95084,23.371244,26.990503,24.793283,21.426449,21.930927,18.730299,18.87174,18.325233,17.200518,19.030134,14.675606,13.884463,12.220622,15.177661,15.613528,19.581663,19.498032,22.930853,20.996918,17.001436,19.156073,15.22629,13.828163,13.100043,9.403068,11.507747,8.285018,9.230421,11.777892,11.903598,17.166718,16.11188,20.541159,24.623491,22.224785,20.23318,17.178553,14.271068,14.153682,11.253588,14.418823
7,19.932814,19.066187,14.898652,14.000047,9.685674,5.837128,4.805336,0.0,4.733518,7.544492,8.955502,11.527887,14.857962,16.580088,17.582788,17.368368,21.52142,19.06885,23.379639,18.97086,23.13392,21.99173,26.550163,26.647856,23.933256,24.752014,20.620722,20.618235,17.512138,16.25992,12.096942,13.059724,7.0806904,9.758549,7.7749963,10.000361,13.319772,15.19934,20.713442,17.255945,14.649077,17.331476,14.855574,16.485952,16.811817,18.481232,20.555986,21.32565,24.504704,24.553558,26.245216,27.524422,23.184189,27.460442,24.95282,26.971752,21.759924,23.395153,24.051538,23.909819,20.23476,22.760902,20.783867,24.72271,27.63997,23.016272,26.45993,22.396706,22.814356,22.025528,20.078344,22.403101,19.662487,22.848999,20.412758,17.236673,18.377882,15.7477045,16.481161,16.734213,16.457676,19.225307,14.87819,13.275699,10.174297,12.816352,11.752312,15.462058,14.927559,18.204634,16.212337,12.204054,14.660762,10.76621,9.94191,9.586503,6.6415486,9.977103,7.7815166,8.986549,9.42675,8.132531,12.995824,11.725015,16.12069,20.216156,18.357832,16.300573,13.836213,11.198112,12.336191,10.366565,14.469328
8,22.46285,20.815212,17.818413,15.161158,11.644162,8.557457,5.95293,4.733518,0.0,4.9596443,6.7426353,7.8943105,11.464589,12.890762,14.381574,13.907035,18.420568,16.615599,21.36402,17.964233,22.223581,22.038687,26.710827,26.855661,24.111378,24.288795,20.656898,20.00644,17.523493,15.702432,12.072635,11.36779,7.477684,6.5115685,7.7288227,8.385988,11.917013,14.613394,20.10119,17.645155,15.14261,18.969599,16.551851,19.308657,19.261747,22.00274,23.943586,25.203445,27.997221,27.587273,29.28497,30.568363,25.75687,29.719143,26.832777,28.820665,23.432497,24.5803,25.875105,24.833935,20.6456,22.496826,19.816832,23.627937,26.290155,21.304583,25.025705,20.800339,22.455143,21.390163,20.601467,23.043285,21.222021,24.409208,21.65987,18.686785,18.101454,16.081919,15.372379,16.095438,14.631143,17.16374,12.302191,11.7538805,10.014771,10.962043,12.322555,15.447207,15.820378,19.339958,18.120956,14.291202,17.744165,13.437117,13.651737,13.944701,11.3332405,14.677807,12.1466675,12.594237,13.724491,11.729774,16.740164,14.454202,19.258495,23.189976,22.058434,19.683842,17.928255,14.235965,15.797366,12.989675,16.937437
9,26.778244,25.076487,21.639038,19.316422,15.204416,12.398608,9.257013,7.544492,4.9596443,0.0,4.0694294,6.858274,8.790433,11.188228,13.55629,14.607557,18.750122,17.717148,21.762589,18.563107,22.890463,22.935577,27.935352,27.134344,24.083576,23.465296,19.71893,18.303465,15.907499,15.3098135,11.208137,12.488778,9.384227,10.294768,12.621263,13.1840105,16.686264,19.490614,24.906876,22.59452,19.957926,23.69764,20.8254,23.344294,22.748716,25.317034,26.36648,27.232376,29.801376,29.543036,31.768328,33.564636,28.888382,33.045002,30.433233,32.867516,27.556206,28.960289,30.453526,29.612202,25.287718,27.264727,24.469973,28.20863,30.602314,25.282398,28.763521,24.14324,26.397505,24.28215,24.008863,25.480162,23.718206,26.132092,22.878542,20.489777,20.215433,19.304651,18.553627,20.103907,18.650253,21.342062,16.385492,16.118946,14.160661,13.937701,14.713193,16.738434,16.495726,19.319195,18.03581,14.11844,17.277489,12.397333,13.254063,14.658058,12.889617,16.795553,15.048554,16.466164,16.65498,14.337273,17.75379,16.139559,20.140661,24.032373,23.563704,21.53863,20.053402,17.514893,19.523457,17.347336,21.478273
10,28.519041,27.322432,23.746616,21.802364,17.893948,14.46469,12.02813,8.955502,6.7426353,4.0694294,0.0,4.5469775,6.2913427,8.660714,10.351856,12.098039,15.71369,14.6072235,18.132881,14.832421,19.126244,19.29506,24.361204,23.298159,20.21677,19.42464,15.802312,14.317836,12.110515,11.381787,7.565695,9.27329,7.423135,10.173845,13.236291,14.419917,17.64576,20.639158,26.134167,23.158514,19.98005,23.816265,20.124949,22.923622,21.42048,24.591536,24.804804,25.953049,27.982304,27.402815,29.849056,31.958855,27.149975,31.213978,28.721844,31.59541,26.413946,27.990273,30.099968,29.376844,24.736542,27.099329,24.3607,28.014572,29.936176,24.249788,27.206234,22.23648,24.792364,21.717789,21.904556,22.625755,21.200655,23.153656,19.664974,17.671356,17.19158,17.176706,16.447332,18.755005,17.770544,20.986254,16.305382,15.659182,13.257545,12.016604,12.287133,13.421027,13.209318,15.87609,15.086753,11.594664,15.498028,10.985607,12.951625,14.665007,13.741378,17.82507,16.508598,17.558018,16.89678,13.647136,16.459564,14.213293,18.09041,21.685728,22.018476,19.866486,19.286898,16.635414,19.450409,17.701326,22.059744
11,29.618074,28.132952,25.434732,22.560856,19.493427,16.25214,13.831243,11.527887,7.8943105,6.858274,4.5469775,0.0,4.198008,5.075412,6.8705697,7.9499903,11.939239,11.411213,15.499528,13.502309,17.625288,18.764374,23.59025,23.047623,20.229477,19.175568,16.461794,14.787901,13.57806,11.458844,9.427614,7.6352663,8.810052,8.223905,13.182689,13.5711565,16.319006,19.655062,24.84801,22.417318,19.32949,23.814474,20.238165,23.860495,22.18658,26.229961,26.642797,28.38155,30.128183,29.063246,31.241278,33.13399,27.941015,31.57059,28.724138,31.436714,26.231707,27.338219,29.983875,28.568901,23.633133,25.480923,22.363636,25.740496,27.272873,21.41739,24.381802,19.422134,22.929697,19.782455,20.968311,21.978765,21.482903,23.64786,20.240395,18.31889,16.026888,16.41019,14.420191,17.037897,15.293471,18.28098,13.741524,13.8166895,12.643414,9.865378,12.464137,13.147257,14.222898,17.243996,17.358185,14.47518,19.038248,14.968023,17.060307,18.415934,17.174034,21.019299,19.18394,19.411993,19.393602,15.936627,19.563986,16.314455,20.70967,24.02253,24.632404,22.10084,21.96611,18.140602,21.054632,18.717812,22.83751
12,33.631355,32.07469,29.210377,26.386066,23.060513,19.916903,17.212152,14.857962,11.464589,8.790433,6.2913427,4.198008,0.0,3.1566575,6.310193,9.35776,12.199465,12.838319,15.783602,14.570702,18.379583,19.95884,24.816477,23.501104,20.567266,18.599537,16.251925,13.700351,13.158073,12.086739,10.516069,10.166577,12.11277,12.327019,17.35262,17.646345,20.38544,23.760965,28.872843,26.597588,23.480684,27.938204,24.151674,27.674496,25.65479,29.663494,29.470781,31.033583,32.495197,31.43567,33.937187,36.163147,31.059559,34.697815,32.03765,35.02535,29.935463,31.140532,33.977417,32.613426,27.60519,29.45005,26.264053,29.498985,30.747824,24.775696,27.443434,22.364956,26.33809,22.464039,24.171844,24.411057,24.168356,25.659712,21.961834,20.65533,18.40592,19.705378,17.666716,20.729042,18.999647,21.914652,17.534767,17.830015,16.66367,13.433388,15.566679,15.222808,15.949871,18.206408,18.570082,16.02458,20.346706,16.282898,18.84709,20.767588,20.006048,24.05689,22.562347,23.189693,22.776463,19.189175,21.84723,18.962194,22.701387,25.786798,26.999844,24.692287,24.85712,21.64093,24.7706,22.70854,26.9126
13,34.418625,32.845135,30.423431,27.262823,24.429956,21.291613,18.789062,16.580088,12.890762,11.188228,8.660714,5.075412,3.1566575,0.0,3.9308357,6.8302746,9.404138,10.67422,13.705667,13.551236,17.046751,19.247469,23.821926,22.881092,20.205893,18.167604,16.528948,14.077834,14.178486,12.189938,11.800194,9.5962305,13.092114,12.106748,17.735716,17.773222,20.086432,23.549345,28.394058,26.301785,23.20819,27.909327,24.125572,28.056562,25.846918,30.358124,30.186794,32.118244,33.349728,31.972864,34.29957,36.404755,31.116816,34.43854,31.623308,34.544743,29.542273,30.491066,33.69602,31.99355,26.858608,28.457857,25.152824,28.131325,29.016088,22.994411,25.467258,20.446428,24.967068,20.951265,23.311676,23.592377,23.961126,25.50152,21.926014,20.730116,17.445906,19.10181,16.421404,19.692942,17.712477,20.483976,16.487328,17.080338,16.541847,12.514505,15.656331,14.938616,16.392628,18.795391,19.704313,17.56934,22.258188,18.522264,21.164907,22.852068,21.997509,25.91554,24.220037,24.365755,24.157988,20.41402,23.43711,19.98285,23.955809,26.817348,28.218536,25.698206,26.197666,22.382528,25.610462,23.359137,27.39424
14,34.62165,33.495926,31.083302,28.259108,25.691864,22.234035,20.306133,17.582788,14.381574,13.55629,10.351856,6.8705697,6.310193,3.9308357,0.0,4.68276,6.008257,7.1343155,9.779967,10.087564,13.295978,15.873694,20.215342,19.510235,17.075874,15.186479,14.150276,12.127909,12.7714405,9.805798,10.947582,7.4521217,12.644367,12.397231,17.813938,18.315744,20.217314,23.597687,28.327581,25.68702,22.311247,26.90961,22.715155,26.8184,24.049986,29.012196,28.419153,30.68978,31.48343,29.768036,32.025764,34.174454,28.832222,31.867092,29.116884,32.23054,27.47607,28.443098,32.10454,30.476463,25.244633,27.099783,24.00206,26.79801,27.239523,21.09565,22.958157,17.786322,22.453556,17.762672,20.622086,20.417574,21.318207,22.611101,19.1361,18.25973,14.313702,16.734169,13.97033,17.737823,16.318449,19.419151,16.061087,16.204184,15.537018,10.849642,13.82687,12.271044,14.277106,16.618584,18.169653,16.748446,21.75829,18.725868,21.635939,23.126705,22.590534,26.34372,24.810944,24.530289,23.968233,19.888813,22.730995,18.744886,22.628916,25.072876,26.894932,24.246323,25.39358,21.32681,24.892483,22.928919,26.875776
15,32.270306,31.035192,29.363335,26.0541,24.287203,21.065598,19.488306,17.368368,13.907035,14.607557,12.098039,7.9499903,9.35776,6.8302746,4.68276,0.0,4.8193645,5.112714,9.88546,10.677298,13.656807,16.32243,20.178144,20.722914,18.718346,17.72477,16.858232,15.66869,15.978694,11.953816,13.148136,7.155301,12.638431,9.901791,15.584404,15.611873,16.872889,20.217144,24.538557,22.271067,19.161703,24.037724,20.326118,24.894348,22.492512,27.822975,27.996796,30.666718,31.622469,29.706663,31.432253,33.058628,27.50552,30.181543,27.042946,29.669704,24.887781,25.361713,29.129501,26.964165,21.7236,23.089075,19.837414,22.42258,22.762331,16.669704,18.789164,13.834825,18.895493,15.084879,18.212276,19.111559,20.391783,22.493078,19.54322,18.115892,13.018026,14.63818,10.877941,14.287999,12.243467,15.029793,12.11047,12.669906,13.166372,8.035678,13.03792,12.351997,15.276884,18.346178,19.901148,18.389954,23.57896,20.633974,23.050116,23.933842,22.83756,26.207193,24.185484,23.204933,23.370663,19.554634,23.51346,19.000729,23.557646,26.053663,27.324654,24.37299,25.34382,20.303444,23.520855,21.053427,24.57177
16,36.179108,35.267685,33.550182,30.525318,28.815542,25.418139,24.046635,21.52142,18.420568,18.750122,15.71369,11.939239,12.199465,9.404138,6.008257,4.8193645,0.0,4.2416,6.2777586,9.669114,11.2869215,14.990729,18.176283,18.601398,17.055897,15.60156,16.078442,14.911663,16.303303,12.243817,15.01629,9.50728,15.9294815,14.465194,19.738413,20.060944,20.988096,24.174423,28.181128,25.652168,22.398565,27.028896,22.930155,27.50285,24.396753,30.0674,29.450382,32.33733,32.63043,30.353361,32.15545,33.996677,28.521414,30.761387,27.85351,30.789059,26.491192,26.970127,31.309599,29.22313,23.98711,25.476562,22.48657,24.59257,24.117355,18.120863,19.078033,14.221441,19.75087,14.742975,18.957127,18.701838,20.911903,22.19615,19.33232,18.772772,13.024308,16.124868,12.457659,16.399624,15.069955,17.799492,15.900809,16.20245,16.55374,11.201131,15.167629,13.038725,16.171772,18.514591,20.857855,20.268059,25.469887,23.163942,26.013264,27.048903,26.461597,29.816948,28.11594,27.046429,26.70289,22.595625,25.780817,21.107494,25.072144,26.933723,28.987734,26.09677,27.843422,23.025677,26.5955,24.575558,27.993103
17,32.862377,32.370907,30.46454,27.959314,26.315653,22.727505,21.893686,19.06885,16.615599,17.717148,14.6072235,11.411213,12.838319,10.67422,7.1343155,5.112714,4.2416,0.0,5.6588864,6.7354493,8.943479,11.911672,15.288119,16.33726,14.806389,14.44352,14.31063,14.061903,14.76858,9.994779,12.84741,6.496882,12.979316,12.417139,16.819199,17.745348,18.571985,21.549389,25.703815,22.443647,18.92963,23.28958,18.93461,23.443544,20.199581,25.944597,25.385633,28.402697,28.7274,26.415361,28.067959,29.806381,24.305593,26.602617,23.684143,26.688808,22.36732,23.029722,27.367052,25.59453,20.365242,22.359852,19.695137,22.033302,21.783283,15.68405,16.586607,11.346176,16.199068,11.00864,14.82558,14.764066,16.793406,18.445307,15.770164,14.86282,8.921696,11.909098,8.520227,12.7132015,12.229238,15.5584,13.798355,13.246425,13.031516,7.8263774,11.299854,9.344279,12.876877,15.652251,17.913832,17.435776,22.662457,20.746075,23.394592,24.074963,23.547436,26.63315,25.039932,23.714401,23.185535,19.076864,22.40194,17.489674,21.608177,23.439184,25.254532,22.26766,24.116219,19.135084,22.755985,20.97972,24.33132
18,37.526176,37.438835,35.166115,33.188934,31.290749,27.475073,26.733389,23.379639,21.36402,21.762589,18.132881,15.499528,15.783602,13.705667,9.779967,9.88546,6.2777586,5.6588864,0.0,6.0656905,5.54195,9.904133,12.441533,12.7485695,11.773942,10.758678,12.444853,12.370245,14.3414545,10.219877,14.596864,10.324996,16.699633,17.866865,21.889053,23.2055,24.042974,26.884747,30.94106,27.27176,23.582521,27.445208,22.620352,26.735989,22.693838,28.428768,26.659126,29.681574,29.161425,26.562418,28.500484,30.696215,25.537594,27.470324,25.120176,28.651758,25.000044,25.93764,30.660841,29.33471,24.28146,26.62886,24.372015,26.37315,25.504688,19.718252,19.390184,14.531758,19.034155,12.487933,16.873549,14.779154,17.58342,17.737497,15.079416,15.583291,10.137288,14.835691,12.5606575,16.891275,17.293278,20.58886,19.336912,18.49897,17.708061,12.934485,14.33756,10.676189,13.674097,15.06544,18.18891,18.890518,23.824781,22.735188,25.879618,26.859058,27.06677,30.183414,29.13109,27.999254,26.68373,22.320923,24.284506,19.594742,22.59181,23.566828,26.445349,23.743969,26.477577,22.308279,26.30433,25.243746,28.603756
19,33.38365,33.73062,30.745987,29.645847,27.294945,23.22432,22.879341,18.97086,17.964233,18.563107,14.832421,13.502309,14.570702,13.551236,10.087564,10.677298,9.669114,6.7354493,6.0656905,0.0,4.340633,5.8240952,10.305446,10.21831,8.2609625,8.747136,8.259232,9.35842,9.962051,5.202625,9.67164,6.7652807,11.934761,15.564803,18.350142,20.530811,21.793325,24.429703,28.999495,24.456371,20.420273,23.75462,18.46103,22.003592,17.777208,23.110281,21.071558,23.859486,23.56015,21.237148,23.468662,25.920126,20.84033,23.479458,21.359316,25.23998,21.3381,22.949144,27.185915,26.661695,21.72816,24.909283,23.021523,25.632566,25.561571,19.740488,19.930887,14.745924,17.61551,11.198354,13.706773,11.314299,12.760745,13.037359,9.812918,9.968464,6.2231035,10.872765,10.369774,14.609436,16.020088,19.981068,18.110018,16.2952,14.021409,10.388176,9.15216,4.8603096,7.621009,9.404888,12.312374,13.096203,17.97467,17.28086,20.334621,21.183683,21.743248,24.737556,24.098963,23.204082,21.259766,16.813406,18.269728,13.664423,16.537588,17.7118,20.458721,17.807476,20.589607,16.972158,21.181995,20.711023,24.32169
20,36.395767,37.031643,34.218006,33.277298,31.20511,27.149664,27.030119,23.13392,22.223581,22.890463,19.126244,17.625288,18.379583,17.046751,13.295978,13.656807,11.2869215,8.943479,5.54195,4.340633,0.0,4.587267,7.210083,7.616792,7.018525,7.9344864,9.604165,11.231455,12.719352,8.821857,13.645301,10.945219,16.066334,19.373373,22.00036,24.163858,25.028107,27.484713,31.657942,27.008455,23.039618,26.044771,20.739712,24.171991,19.523666,25.000542,22.35795,25.391016,24.346,21.602615,23.667696,26.160212,21.350866,23.272024,21.47729,25.508017,22.324944,23.83028,28.502453,28.05211,23.328259,26.504354,24.936361,27.074173,26.355097,20.879871,20.044905,15.338008,18.110832,11.021947,14.332354,10.641991,13.355968,12.58207,10.108544,11.449333,7.4660373,12.847671,12.477785,16.579525,18.41228,22.136274,21.0796,19.267735,17.3511,13.765914,12.540717,8.132738,10.550635,11.174927,14.675728,16.401028,20.854841,20.889158,23.981468,24.731731,25.545021,28.288841,27.816208,26.681252,24.57201,20.224457,21.145245,16.636885,18.742949,19.019396,22.33769,19.847204,23.261581,19.842949,24.02137,23.86495,27.119
21,34.42858,35.594006,32.302246,32.232563,29.982523,25.826918,26.199396,21.99173,22.038687,22.935577,19.29506,18.764374,19.95884,19.247469,15.873694,16.32243,14.990729,11.911672,9.904133,5.8240952,4.587267,0.0,5.1493697,5.563837,4.84119,8.227568,8.458626,11.423109,11.843106,8.564885,12.765431,11.637787,15.036406,19.937714,21.32118,24.107578,25.079233,27.196154,31.499283,26.167942,22.065119,24.304626,18.73458,21.41246,16.438568,21.4582,18.178534,21.12171,19.840528,17.111294,19.377365,22.15344,17.634638,19.862148,18.54161,22.934898,19.984297,22.051237,26.373474,26.718256,22.35188,26.15665,25.096714,27.463617,27.14215,21.959938,21.171091,16.658628,17.854446,11.221599,12.701771,8.030047,9.736882,8.213163,5.608992,7.66621,6.5957212,11.418689,12.84723,16.394331,19.136461,23.09661,21.968122,19.480192,16.630224,14.357016,10.92306,6.6473827,7.9077888,7.947477,11.409855,13.84295,17.729122,18.660612,21.523285,22.012657,23.268623,25.645737,25.656233,24.605448,21.874926,17.681551,17.72547,13.526752,14.859427,14.683436,18.181953,15.879101,19.721748,17.090775,21.309464,21.917934,25.089499
22,37.008648,38.568703,35.584713,35.743942,33.94747,29.893608,30.616499,26.550163,26.710827,27.935352,24.361204,23.59025,24.816477,23.821926,20.215342,20.178144,18.176283,15.288119,12.441533,10.305446,7.210083,5.1493697,0.0,5.4237256,7.5075083,11.14141,12.753529,15.819425,16.645761,13.675375,17.890566,16.258661,19.717573,24.03432,25.077837,27.8342,28.304632,30.105154,33.857082,28.40646,24.507488,26.197964,20.876389,23.291656,18.12168,23.0877,19.409376,22.649357,20.52625,17.29937,18.983522,21.542936,17.584711,18.6311,17.831028,22.21839,20.382977,22.259014,26.921244,27.438303,23.553637,27.321817,26.78301,28.58416,27.639093,23.135178,21.263351,17.644564,18.1549,11.671192,13.387528,7.655808,10.806131,8.229925,8.031091,10.647267,9.470738,13.901037,15.459003,18.487713,21.697796,25.31456,25.10754,22.567966,20.15949,18.100391,15.029485,11.335177,12.64566,12.165791,15.507728,18.422575,21.757973,23.317219,25.969967,26.15806,27.49538,29.432499,29.53684,28.09986,25.383211,21.530403,21.351265,17.364628,18.043211,16.870699,20.50226,18.444414,22.722216,20.211197,24.116795,25.030315,27.60962
23,39.393246,40.793076,37.19556,37.496315,34.992104,30.775858,31.077845,26.647856,26.855661,27.134344,23.298159,23.047623,23.501104,22.881092,19.510235,20.722914,18.601398,16.33726,12.7485695,10.21831,7.616792,5.563837,5.4237256,0.0,3.352053,6.804419,9.033665,12.149738,13.451351,11.95865,16.270563,16.534239,19.803534,25.223349,26.698284,29.551235,30.624794,32.737408,37.023212,31.586395,27.490202,29.399876,23.801981,25.9426,20.769321,25.150988,20.776443,23.292095,21.090162,18.370056,20.972229,24.229498,20.617071,22.409122,21.935287,26.547495,24.349316,26.571016,30.876276,31.601322,27.49749,31.38012,30.489584,32.679035,32.052868,27.059832,25.75333,21.5514,22.672352,15.94574,17.493204,11.935263,13.604741,10.127942,8.380911,11.814679,12.085871,16.811064,18.329313,21.845942,24.621014,28.51683,27.45255,25.037659,22.107073,19.788212,16.137306,11.795705,11.844518,9.840532,13.474232,16.85399,19.804049,21.530378,24.639881,25.44499,27.307283,29.654516,30.146492,29.417568,26.176075,22.081528,20.71611,17.446623,17.208033,15.906393,20.428211,18.826258,23.14517,21.68008,25.875908,26.969423,30.099632
24,37.852734,39.020718,35.220654,35.422157,32.618828,28.370611,28.441118,23.933256,24.111378,24.083576,20.21677,20.229477,20.567266,20.205893,17.075874,18.718346,17.055897,14.806389,11.773942,8.2609625,7.018525,4.84119,7.5075083,3.352053,0.0,4.609982,5.717847,9.0060625,10.101161,8.907294,13.1065,14.131792,17.156809,22.984581,24.62246,27.475521,28.866745,31.13875,35.725407,30.388073,26.221,28.39101,22.723633,24.930042,19.947485,24.237715,20.108896,22.37881,20.712635,18.34359,21.262138,24.616379,20.726612,23.15521,22.40578,26.999115,24.220182,26.542906,30.610046,31.262362,26.942875,30.827646,29.665987,32.165985,31.910297,26.593636,25.89247,21.273676,22.688944,16.027105,17.363916,12.411634,13.308834,10.44552,7.508818,10.542564,11.188378,15.7907,17.235573,20.922947,23.393059,27.432552,25.822344,23.468035,20.291836,17.945587,14.10466,9.662179,9.231558,7.0685143,10.818372,13.967191,17.157137,18.520554,21.795906,22.845612,24.710562,27.32516,27.805487,27.374027,24.103863,19.86534,18.480614,15.270533,15.264437,14.590515,19.031067,17.356821,21.356413,19.977503,24.29099,25.23399,28.685974
25,40.41578,41.106304,37.32961,36.988388,33.92489,29.707357,29.17699,24.752014,24.288795,23.465296,19.42464,19.175568,18.599537,18.167604,15.186479,17.72477,15.60156,14.44352,10.758678,8.747136,7.9344864,8.227568,11.14141,6.804419,4.609982,0.0,4.852781,6.2068386,8.907333,8.621735,12.984523,14.327782,18.087923,23.399778,26.02206,28.480597,30.139256,32.767376,37.528713,32.679386,28.534977,31.28952,25.69474,28.274963,23.54524,27.91706,24.092087,26.118887,24.760546,22.642633,25.700119,29.068523,25.017109,27.57966,26.57209,31.046724,27.905134,30.032566,34.15666,34.388325,29.751143,33.29268,31.654003,34.209015,33.912792,28.250053,27.843641,22.94238,25.408092,18.532192,20.66414,16.250984,17.341396,14.958315,11.692696,14.15032,13.678172,18.503849,18.981945,23.072079,24.759432,28.72597,26.68752,24.85321,22.009182,18.875933,16.123669,11.552231,11.290369,9.333452,12.798289,15.256876,18.674091,19.212725,22.868265,24.460697,26.20968,29.30727,29.611797,29.512257,26.474566,22.063389,20.867865,17.805147,18.135258,18.00138,22.39409,20.742868,24.287916,22.78764,27.16401,27.639761,31.406618
26,36.83582,37.52611,33.369587,33.353508,29.94401,25.71354,25.207935,20.620722,20.656898,19.71893,15.802312,16.461794,16.251925,16.528948,14.150276,16.858232,16.078442,14.31063,12.444853,8.259232,9.604165,8.458626,12.753529,9.033665,5.717847,4.852781,0.0,3.8701818,4.5239635,5.5033894,8.788068,12.021079,14.321872,20.743612,22.80255,25.519125,27.532665,30.092936,35.151463,30.159842,25.993837,28.594793,23.022076,25.23928,20.835527,24.692558,21.09848,22.733644,21.98788,20.35831,23.656185,27.080061,23.008768,26.25325,25.182753,29.60721,26.050476,28.445478,32.023758,32.529045,27.957739,31.701685,30.06631,33.01845,33.340183,27.609282,27.885008,22.78258,24.725777,18.48063,19.52438,15.810739,15.585898,13.814453,9.963825,11.664839,12.75648,16.631943,17.707458,21.507109,23.225006,27.35492,24.756742,22.685064,19.23322,16.862045,13.120647,9.182452,7.6195884,5.475176,8.394797,10.545083,13.975331,14.376918,18.049145,19.752468,21.64053,24.80752,25.295578,25.560434,22.306675,17.95825,16.440027,13.776234,14.087469,14.640976,18.666904,17.082323,20.203093,19.203545,23.533112,24.152327,28.126753
27,38.19382,38.40621,34.345688,33.78749,30.189516,26.073679,24.992165,20.618235,20.00644,18.303465,14.317836,14.787901,13.700351,14.077834,12.127909,15.66869,14.911663,14.061903,12.370245,9.35842,11.231455,11.423109,15.819425,12.149738,9.0060625,6.2068386,3.8701818,0.0,3.8384798,5.9417486,8.562227,11.98741,14.718339,20.406403,23.298553,25.587053,27.842007,30.68163,35.858547,31.37771,27.309488,30.403456,25.0197,27.55857,23.503553,27.418068,24.302069,25.789232,25.417862,23.9665,27.25764,30.587893,26.325443,29.672245,28.320847,32.579124,28.684313,30.87684,34.432384,34.546852,29.750084,33.148476,31.105452,34.122707,34.505844,28.54071,29.190292,23.90923,26.620607,20.421377,21.974178,18.823448,18.776426,17.488262,13.559065,14.748063,14.839668,18.63611,18.889221,22.872414,23.85168,27.848822,24.832104,23.259884,20.176773,17.254576,14.686909,11.0661745,9.980585,8.76938,10.905471,11.889235,15.483238,14.793563,18.650948,20.782255,22.382145,25.944677,26.176357,26.718153,23.840055,19.473862,18.444502,15.91173,16.760141,17.864178,21.535141,19.913666,22.460176,21.215208,25.463894,25.58218,29.76814
28,35.161224,35.4773,31.107613,30.94174,27.112963,22.983837,22.055779,17.512138,17.523493,15.907499,12.110515,13.57806,13.158073,14.178486,12.7714405,15.978694,16.303303,14.76858,14.3414545,9.962051,12.719352,11.843106,16.645761,13.451351,10.101161,8.907333,4.5239635,3.8384798,0.0,5.1101995,5.6100054,10.986918,12.017423,18.757303,20.901232,23.4771,25.945919,28.625519,33.961647,29.292671,25.246088,28.064774,22.762058,24.902424,21.152592,24.562162,21.666338,22.843029,22.93834,21.865599,25.222803,28.518734,24.352217,28.103403,26.77581,30.944818,26.872488,29.265076,32.357204,32.76129,28.135704,31.7194,29.807377,33.07482,33.904842,28.03975,29.080725,23.81129,25.883755,20.299055,20.910667,18.278627,17.285566,16.465876,12.469323,12.991725,14.366869,17.233559,18.106867,21.683207,22.834917,26.91298,23.60958,21.751606,18.152832,16.111767,12.609094,9.879694,7.7544813,6.84574,7.84915,8.216831,11.806005,10.972266,14.827295,16.991203,18.733755,22.279242,22.704369,23.506647,20.417889,16.182066,14.873474,12.768492,13.596666,15.257389,18.450106,16.915943,19.064678,18.28917,22.41732,22.734814,26.99663
29,32.78853,33.037178,29.318762,28.610392,25.443983,21.272078,20.585764,16.25992,15.702432,15.3098135,11.381787,11.458844,12.086739,12.189938,9.805798,11.953816,12.243817,9.994779,10.219877,5.202625,8.821857,8.564885,13.675375,11.95865,8.907294,8.621735,5.5033894,5.9417486,5.1101995,0.0,5.013715,6.5673733,9.597993,15.278796,17.783928,20.233236,22.261555,24.982508,30.084951,25.479391,21.39676,24.57721,19.250237,22.1461,18.264711,22.667147,20.436798,22.451662,22.60565,20.962236,23.77353,26.609636,21.840887,25.263828,23.425228,27.40657,23.190884,25.23865,28.758877,28.685612,23.85557,27.255613,25.276876,28.37219,28.97375,23.07876,24.013758,18.72646,21.098997,15.433216,16.583069,14.43294,14.188884,14.255945,10.336725,10.243828,9.674166,12.882696,13.206189,17.02881,18.18876,22.280592,19.388258,17.510021,14.327639,11.603922,8.869926,5.463013,5.395483,6.825259,8.866682,9.006889,13.861227,12.744639,16.160639,17.583847,18.546982,21.934557,21.694603,21.652847,19.198582,14.689186,15.209844,11.472616,13.920421,15.715559,18.448359,16.162447,18.46271,16.00816,20.269169,20.067572,24.16307
30,30.036146,30.064278,25.904844,25.392754,21.656473,17.53362,16.59072,12.096942,12.072635,11.208137,7.565695,9.427614,10.516069,11.800194,10.947582,13.148136,15.01629,12.84741,14.596864,9.67164,13.645301,12.765431,17.890566,16.270563,13.1065,12.984523,8.788068,8.562227,5.6100054,5.013715,0.0,7.209193,6.532494,13.567207,15.420501,17.985888,20.602583,23.266756,28.702446,24.244621,20.335815,23.402794,18.458729,20.867315,17.851835,21.346933,19.828932,21.194942,22.263039,21.3388,24.215363,26.93112,22.33226,26.344698,24.454659,28.131742,23.516161,25.705156,28.414282,28.529123,23.890398,27.26621,25.213768,28.70779,30.034546,24.25148,26.017195,20.81154,22.670465,18.189928,18.196564,17.182838,15.662596,16.502357,12.729834,11.54565,12.510863,13.865324,14.581103,17.64397,18.435713,22.428194,18.755182,16.870611,13.168566,11.757474,8.567684,7.8073044,6.2972116,8.346675,8.096435,5.910732,10.81213,8.3346195,11.686011,13.419457,14.246115,17.968077,17.789227,18.430197,15.974553,11.70596,12.381666,9.539244,12.404112,15.290576,16.961079,14.865457,15.974156,14.122255,18.027376,17.732992,22.114702
31,28.650507,28.312101,25.494297,23.694323,21.223755,17.31843,16.525517,13.059724,11.36779,12.488778,9.27329,7.6352663,10.166577,9.5962305,7.4521217,7.155301,9.50728,6.496882,10.324996,6.7652807,10.945219,11.637787,16.258661,16.534239,14.131792,14.327782,12.021079,11.98741,10.986918,6.5673733,7.209193,0.0,6.605774,9.084341,12.496911,14.334944,16.130384,19.071318,24.072939,20.116955,16.276016,20.314856,15.644817,19.531986,16.614334,21.600853,21.221014,23.686134,24.678093,22.986347,24.988836,26.93852,21.582253,24.84757,22.119448,25.290445,20.460587,21.822212,25.273245,24.28442,19.188534,21.925455,19.465977,22.65166,23.556307,17.550472,19.390804,14.095348,17.05992,12.767649,14.106161,14.417891,14.442171,16.532362,13.3682375,11.54902,8.420053,9.769191,8.361545,11.972742,12.0869665,16.045237,12.881487,11.36812,9.123713,5.355166,6.3920627,5.949049,8.404176,11.945137,13.070506,11.591276,16.820213,14.487794,16.950693,17.665823,17.193256,20.47464,19.120512,18.352453,17.387154,13.167346,16.517904,11.931639,16.407795,18.99499,20.207727,17.31982,18.528961,14.07111,17.812918,16.300377,20.253115
32,23.85087,23.713726,19.972635,19.126587,15.860787,11.688244,11.3151455,7.0806904,7.477684,9.384227,7.423135,8.810052,12.11277,13.092114,12.644367,12.638431,15.9294815,12.979316,16.699633,11.934761,16.066334,15.036406,19.717573,19.803534,17.156809,18.087923,14.321872,14.718339,12.017423,9.597993,6.532494,6.605774,0.0,8.552332,8.949759,11.864112,14.455721,16.90074,22.386818,17.955284,14.221167,17.460268,13.1103945,15.864216,14.008097,17.568768,17.995247,19.70078,21.73025,20.9042,22.931765,24.752048,19.828627,23.880075,21.378998,24.27396,19.171011,21.03188,23.191376,22.998045,18.499449,21.664305,19.64544,23.37234,25.328915,19.946272,22.476574,17.73123,18.804487,16.243965,15.174226,16.370148,14.343658,17.067144,14.200396,11.346465,11.773596,10.496652,11.266582,13.0352335,13.63287,17.412844,13.594732,11.344561,7.299308,7.9260817,5.4732585,8.462487,8.458248,12.192551,11.294377,8.145512,12.627887,9.693373,11.136503,11.424348,10.595609,13.960778,12.746334,12.615004,11.343493,7.349775,11.507919,7.850256,12.864481,16.436756,16.208786,13.542339,13.3164,9.539424,12.874243,11.636382,16.043823
33,22.87658,21.300274,19.736092,16.165354,14.594274,11.746445,10.533916,9.758549,6.5115685,10.294768,10.173845,8.223905,12.327019,12.106748,12.397231,9.901791,14.465194,12.417139,17.866865,15.564803,19.373373,19.937714,24.03432,25.223349,22.984581,23.399778,20.743612,20.406403,18.757303,15.278796,13.567207,9.084341,8.552332,0.0,6.284299,5.92131,8.174231,11.53815,16.68124,14.425873,11.784493,16.673988,14.269173,18.389025,17.930338,22.096483,24.222973,26.450659,28.70933,27.548223,28.743416,29.633131,24.30718,27.546598,24.154581,25.866028,20.498257,20.951092,23.150288,21.137693,16.42551,17.729078,14.573177,18.147095,20.347588,15.092725,18.913107,14.828955,17.266972,16.628025,16.782091,19.958246,19.30838,22.950022,20.576506,17.573147,14.778199,12.674766,10.387163,11.006017,8.524973,11.068459,6.206559,6.244191,6.7555118,6.138526,10.820548,13.734538,15.709351,19.7182,19.584938,16.670824,21.07384,17.600826,18.389145,18.258648,15.847133,18.589142,15.7489805,14.473936,16.117136,13.609019,19.421106,15.592814,21.00716,24.41737,23.69473,20.76299,19.953075,14.477506,16.326286,12.871622,16.254242
34,16.849482,15.885007,13.874789,11.354049,10.055693,7.0784144,8.003118,7.7749963,7.7288227,12.621263,13.236291,13.182689,17.35262,17.735716,17.813938,15.584404,19.738413,16.819199,21.889053,18.350142,22.00036,21.32118,25.077837,26.698284,24.62246,26.02206,22.80255,23.298553,20.901232,17.783928,15.420501,12.496911,8.949759,6.284299,0.0,3.9987106,6.1736827,8.115952,13.695237,10.061815,7.4765244,11.4418,9.880574,13.151913,14.077991,17.163973,20.49021,22.465189,25.351574,24.632069,25.340328,25.702324,20.806482,24.241493,20.964916,22.135561,16.741482,17.433365,18.442715,17.154385,13.228243,15.158019,13.026403,16.964464,20.035519,15.87687,19.67821,16.420889,16.439182,17.453928,15.515747,19.56366,17.728058,22.00288,20.360422,16.740866,15.853012,11.887719,11.720624,10.432087,9.715831,11.949507,8.351825,6.3275433,5.0333037,9.097238,10.656662,15.012751,16.226482,20.260149,19.310804,16.280699,19.697794,16.872972,16.465904,15.24143,12.292116,13.908096,10.744729,8.5850935,11.186773,10.060881,16.686998,13.543984,18.900103,22.42867,20.438198,17.658518,15.874493,10.318872,10.860747,6.909568,10.175765
35,17.63637,15.592759,14.909997,10.58542,10.288052,8.660405,8.542793,10.000361,8.385988,13.1840105,14.419917,13.5711565,17.646345,17.773222,18.315744,15.611873,20.060944,17.745348,23.2055,20.530811,24.163858,24.107578,27.8342,29.551235,27.475521,28.480597,25.519125,25.587053,23.4771,20.233236,17.985888,14.334944,11.864112,5.92131,3.9987106,0.0,3.6052508,6.3859444,11.782368,10.219986,8.920854,13.349873,12.949008,16.423403,17.693258,20.819529,24.412094,26.416878,29.32272,28.535034,29.124357,29.28928,24.348114,27.479015,23.981915,24.719482,19.40728,19.466822,20.39558,18.23257,14.456465,15.107812,12.324942,16.062632,19.3157,15.434945,19.823818,16.9838,17.770826,19.321806,18.127134,22.48626,21.18991,25.492905,23.76832,20.26408,18.400988,14.735517,13.382065,11.9167795,9.596455,10.624556,6.618542,6.5662203,7.936203,10.498802,13.897494,17.855703,19.461369,23.544945,22.8029,19.649847,23.220304,19.944279,19.576656,18.57608,15.322805,16.946777,13.42888,11.462654,14.806562,13.956257,20.512766,17.393526,22.783724,26.33907,24.427786,21.653036,19.787334,14.287835,14.473754,10.221392,12.534136
