,0,1,2,3,4,5,6,7,8,9,10,11,12,13,14,15,16,17,18,19,20,21,22,23,24,25,26,27,28,29,30,31,32,33,34,35,36,37,38,39,40,41,42,43,44,45,46,47,48,49,50,51,52,53,54,55,56,57,58,59,60,61,62,63,64,65,66,67,68,69,70,71,72,73,74,75,76,77,78,79,80,81,82,83,84,85,86,87,88,89,90,91,92,93,94,95,96,97,98,99,100,101,102,103,104,105,106,107,108
0,0.0,4.077197,7.07188,10.546573,12.432934,16.430065,18.978468,19.418997,22.024837,25.760344,26.947573,29.188305,30.792696,31.768131,28.937279,30.429222,30.990492,31.257748,34.12728,32.722523,36.615032,35.39165,40.495953,37.741875,34.69678,34.452274,29.765823,30.08207,26.392725,26.800652,24.730644,26.929575,22.068487,27.716412,22.099253,25.879787,24.70395,27.252245,27.634838,25.980944,26.63405,21.380901,23.999096,19.825619,22.435875,20.14301,22.450043,23.148571,23.985298,23.07018,19.778112,17.95588,15.284978,17.902882,17.848015,15.579986,18.356108,20.043139,17.032553,22.0161,24.792942,28.001993,30.839857,32.467705,36.315872,36.36395,36.83707,36.620785,30.656067,33.258102,28.115282,29.059443,26.565357,27.775969,31.352364,30.910612,33.81162,30.4011,34.687164,32.571594,36.930428,38.570503,39.41569,36.088303,33.080566,37.112526,33.05469,35.800476,36.015987,36.094105,40.683994,41.305855,42.86663,41.966976,43.732277,40.527485,42.487206,37.462265,39.63151,36.967964,38.86644,42.05364,44.348343,43.071857,46.85671,43.789852,47.31066,46.051777,50.105534
1,4.077197,0.0,5.890573,7.3240566,9.165446,13.169211,15.43443,16.214027,18.369987,22.34367,23.586365,25.538082,27.394485,28.627945,25.988909,27.327168,28.357374,28.600891,31.90591,30.63465,34.6198,33.723976,38.91423,36.5042,33.42196,32.9597,28.24132,28.347677,24.754011,24.593962,22.306677,24.04884,18.823141,23.972343,18.209179,21.900303,20.754265,23.355764,23.972551,22.318787,23.139297,17.85096,20.922844,16.776539,20.043737,18.091957,20.97547,21.737808,23.274866,22.53922,19.713236,18.158867,14.398054,17.177675,16.514984,14.144353,15.827741,17.564108,14.11029,18.992205,21.614222,24.7349,27.408985,29.231339,33.240524,33.311886,34.1274,34.060013,28.09483,31.222223,25.921686,27.613832,25.011908,26.850517,30.220015,29.322702,32.034237,28.059332,32.234436,29.750124,33.912556,35.350544,36.221745,32.985428,30.151442,34.45225,30.841108,33.804474,34.42006,34.94376,39.324024,39.785812,40.92155,40.051468,41.46781,38.16952,39.921673,34.70918,36.82108,33.77829,35.569313,38.690773,40.999,39.75042,43.841255,40.733788,44.429832,43.33656,47.51101
2,7.07188,5.890573,0.0,6.976615,6.8278193,10.380054,13.446207,14.088234,17.378305,20.300337,22.204762,24.873575,26.356565,27.426653,24.984509,27.294882,27.987696,29.125725,31.882929,31.620544,35.40575,35.033054,40.282494,37.383194,34.141148,33.013645,28.572731,27.96104,24.543991,25.342377,22.174406,25.426416,19.393288,25.329334,20.134912,23.54551,23.1144,25.97604,27.353148,25.503328,26.09434,20.957706,23.778145,19.045778,22.553608,18.606796,21.88823,21.51525,23.414936,23.524183,20.663345,19.985075,16.767702,20.6046,20.513441,19.014765,20.03128,22.267946,18.958527,23.611994,25.606915,28.82983,31.026348,33.299503,37.47602,37.194828,38.512775,38.176544,32.465927,35.41068,29.922268,31.646166,28.404394,30.166931,33.305614,32.164757,35.600388,31.406853,35.706154,33.280556,37.174374,38.665226,38.99498,35.774017,32.63327,37.324566,33.445454,36.84203,37.284786,38.301147,42.382267,42.37784,43.81237,42.294205,43.622192,40.023083,41.280212,36.27854,37.61439,34.852192,35.870193,38.432976,41.457935,40.64442,44.88585,42.474243,46.16818,45.558224,49.792248
3,10.546573,7.3240566,6.976615,0.0,5.7281995,7.9956007,9.364062,9.066469,11.62186,15.366288,16.41332,18.770166,20.312748,21.445839,18.895082,20.673708,21.742664,22.549747,25.820889,25.402533,29.290428,29.149803,34.429184,32.042732,28.83743,27.671293,23.163193,22.570723,19.25206,19.12125,16.018085,18.582779,12.504237,18.582163,13.787332,17.446241,17.488544,20.724253,22.50137,19.554327,19.58954,14.65656,17.108255,12.293676,16.200907,12.7530985,16.58047,16.60568,19.293118,19.437088,17.448305,17.102468,12.64659,16.504622,15.899696,15.052498,14.549653,17.183659,14.572771,18.814106,19.778847,23.37136,25.092985,27.728712,31.870632,31.024809,32.698246,32.081512,26.676607,29.617182,24.043194,26.346972,22.870983,25.263329,28.029348,26.381344,29.724136,25.100578,29.316637,26.825697,30.543236,32.12496,32.1796,28.964945,25.791214,30.63256,27.029314,30.626232,31.404318,32.94737,36.695667,36.48849,37.541008,36.021683,37.055794,33.414646,34.57173,29.45147,30.874966,27.928614,29.134289,31.943565,34.688454,33.75818,38.013817,35.51567,39.256607,38.71374,42.996384
4,12.432934,9.165446,6.8278193,5.7281995,0.0,4.18882,7.1660576,9.375714,11.715432,14.748104,17.221724,19.320591,21.354046,23.037067,21.226212,23.40342,25.062057,26.324976,29.773695,29.962189,33.767487,34.080128,39.34438,37.076733,33.84926,32.285465,27.997412,26.90027,23.874622,23.702354,20.068926,22.520157,15.778147,20.324188,15.223136,17.99785,17.884825,20.734787,22.762474,21.167475,22.122005,17.369678,20.907755,16.549084,21.091518,17.754503,21.88561,21.475595,24.510605,24.968115,22.986898,22.729504,18.365513,22.085829,21.173607,19.723387,18.863195,20.963104,17.25216,21.057446,22.542374,25.304747,26.98873,29.598375,33.9619,33.773857,35.743603,35.718296,30.244347,34.015804,28.496004,31.393658,28.110731,30.776636,33.458893,31.599613,34.624798,29.588102,33.511707,30.473774,33.796333,34.81248,35.14084,32.21275,29.505371,34.62329,31.699926,35.410263,36.52546,38.272892,41.89458,41.59584,42.27179,40.792522,41.440544,37.713314,38.47001,33.24519,34.29041,30.827795,31.39565,33.619118,36.813824,36.168686,41.039574,38.694595,42.68462,42.47675,46.87913
5,16.430065,13.169211,10.380054,7.9956007,4.18882,0.0,3.6275795,6.5643644,8.881041,11.021742,14.060492,16.279915,18.232666,20.044804,18.699728,21.250956,23.109964,24.839043,28.21872,29.091524,32.70598,33.565876,38.754128,36.59143,33.371937,31.347967,27.387411,25.775696,23.15075,22.968515,18.882782,21.621737,14.606157,18.78941,14.638756,16.80382,17.447432,20.386858,23.067099,21.188274,21.907309,17.747715,21.000252,16.787378,21.481655,17.678278,22.088448,21.191616,24.774498,25.719748,24.230959,24.512474,20.115587,24.015148,23.100569,22.181526,20.452389,22.702372,19.361984,22.576838,23.294394,25.97021,27.066496,30.023159,34.394817,33.88515,36.333702,36.16903,31.09819,34.875916,29.388096,32.630707,29.083954,31.995275,34.30407,32.072178,35.24693,29.91709,33.67047,30.569315,33.45249,34.368732,34.30529,31.5456,28.86671,34.2184,31.5719,35.545464,36.810574,39.081963,42.294662,41.6363,42.15264,40.368786,40.686874,36.816616,37.100697,32.01014,32.502823,29.005672,28.96499,30.731937,34.316933,33.977455,39.071472,37.17189,41.199253,41.406986,45.84117
6,18.978468,15.43443,13.446207,9.364062,7.1660576,3.6275795,0.0,4.586467,5.4461937,7.813727,10.819751,12.708884,14.864115,16.934378,15.896045,18.23487,20.533134,22.245226,25.888697,26.939766,30.474447,31.651136,36.7442,34.932484,31.795082,29.631569,25.853178,24.089106,21.77378,21.05292,16.942678,19.169878,12.184714,15.653098,12.241775,13.990804,15.215246,18.260077,21.360744,19.04884,19.527851,15.933375,18.959833,15.14144,19.946169,16.578754,21.114292,20.275082,24.252054,25.315369,24.366524,24.87166,20.228832,23.91665,22.780739,22.211027,19.639204,21.889475,18.985659,21.592129,21.609884,24.223732,24.850613,28.042898,32.357117,31.569324,34.33821,34.08721,29.366499,33.19418,27.817467,31.43612,27.854475,31.077366,33.0563,30.511759,33.543114,27.973305,31.499779,28.31071,30.855001,31.683655,31.408737,28.78701,26.237669,31.695152,29.449354,33.52955,35.036255,37.672062,40.56368,39.72387,39.938717,38.11962,38.135693,34.242493,34.282345,29.196095,29.519585,25.820892,25.592876,27.271208,30.86099,30.58291,35.837566,34.032578,38.114532,38.513565,42.968155
7,19.418997,16.214027,14.088234,9.066469,9.375714,6.5643644,4.586467,0.0,4.7398386,6.5398903,8.237752,11.387309,12.500548,13.833061,12.204445,15.091836,16.6479,18.716864,21.846788,23.204004,26.614866,27.873703,32.952515,30.845596,27.671782,25.328072,21.669832,19.71236,17.47067,17.281248,12.8789425,16.330086,9.472276,14.987956,12.785214,15.014734,16.841755,20.23731,23.387604,19.832554,19.262941,15.911339,17.567123,13.3323765,17.486248,12.907728,17.39008,16.088177,20.219221,21.633574,20.994194,21.999203,17.764235,21.747803,21.106848,21.417664,18.859081,21.630722,19.753216,22.510502,21.760544,25.052977,25.406485,28.805517,32.92385,31.334478,34.107647,33.175125,28.790728,31.73316,26.341501,29.469276,25.452505,28.41345,30.193619,27.635921,31.283115,25.995184,29.735159,27.122086,29.750341,31.113928,30.198963,27.383524,24.255379,29.65317,26.749146,30.973696,32.121544,34.937958,37.64744,36.562714,37.216682,34.95332,35.179535,31.180614,31.175632,26.375074,26.421413,23.424887,23.174383,24.993433,28.686144,28.466719,33.235035,31.814632,35.642254,36.09517,40.455803
8,22.024837,18.369987,17.378305,11.62186,11.715432,8.881041,5.4461937,4.7398386,0.0,5.020587,6.186396,7.6130543,9.900569,12.168629,11.267966,13.03284,15.883456,17.401478,21.407518,22.547382,25.962269,27.485117,32.411564,31.08289,28.101625,25.86427,22.353569,20.528057,18.672234,17.106886,13.197843,14.576606,7.9863877,10.899519,9.362484,10.749621,13.07264,16.35808,19.860723,16.308641,15.895797,13.345795,15.340831,12.183644,16.721107,14.09572,18.535082,17.900896,22.255136,23.40624,23.294931,24.118067,19.377743,22.638353,21.350233,21.52986,17.939814,20.286963,18.522593,20.30843,19.040548,21.8558,21.74836,25.284658,29.370825,27.860243,30.984455,30.338179,26.243412,29.749767,24.591925,28.498615,24.830688,28.359549,29.819704,26.893745,29.827847,24.09574,27.35582,24.290703,26.440931,27.398813,26.623083,24.084497,21.508472,27.038345,25.142653,29.345133,31.072632,34.18454,36.605083,35.509594,35.433147,33.51428,33.22037,29.30809,29.109076,24.062887,24.241064,20.429396,20.171452,22.032312,25.457727,25.146156,30.407701,28.700863,32.7762,33.345585,37.794395
9,25.760344,22.34367,20.300337,15.366288,14.748104,11.021742,7.813727,6.5398903,5.020587,0.0,4.4159155,6.902122,8.023455,10.151141,10.392264,13.288597,15.768123,18.2993,21.500458,23.836882,26.741764,28.927341,33.604805,32.124023,29.19709,26.322502,23.48208,20.919527,19.730518,18.8887,14.568125,17.039667,11.255473,13.725642,13.875213,14.3338995,17.137775,20.119488,23.926514,20.507025,19.843864,18.009392,19.347256,16.403904,20.363628,16.706167,20.938183,19.43914,23.985407,25.756226,25.90049,27.261124,23.031946,26.594683,25.66294,26.22419,22.659866,25.112791,23.537672,25.164652,23.556692,26.202013,25.623045,29.295876,33.234943,31.417332,34.86225,33.992554,30.413147,33.581596,28.601048,32.378906,28.453344,31.825537,32.95287,29.8762,33.168278,27.540983,30.60604,27.79125,29.421062,30.340265,28.981953,26.71932,24.126284,29.630213,27.80232,32.165257,33.766453,37.28611,39.25677,37.726868,37.757545,35.318577,34.77528,30.742748,29.869255,25.374332,24.505411,21.176952,19.7026,20.513659,24.790697,25.123133,30.428015,29.67307,33.580498,34.752605,39.096886
10,26.947573,23.586365,22.204762,16.41332,17.221724,14.060492,10.819751,8.237752,6.186396,4.4159155,0.0,4.4809246,4.2921104,6.170981,6.219542,8.90611,11.530584,14.014878,17.306732,19.715315,22.496841,24.868387,29.413847,28.181368,25.377268,22.50027,19.885244,17.336012,16.53464,15.209516,11.194598,13.347349,8.706123,11.416175,13.191238,13.741942,16.974043,20.07331,23.8199,19.39849,17.8324,16.731853,16.833252,14.374528,17.593157,14.333191,18.182735,16.833057,21.46571,23.265745,24.013638,25.59547,21.552189,24.76424,23.911924,25.102001,21.190605,23.761406,23.150314,24.442327,22.01737,24.989298,24.018763,27.817398,31.470556,28.96897,32.47737,31.116043,28.045418,30.602707,25.844982,29.494247,25.477581,28.860617,29.607689,26.368155,29.75052,24.269093,27.218613,24.794006,26.262909,27.523838,25.643982,23.336403,20.487753,25.893654,24.00288,28.411076,29.985044,33.769043,35.415268,33.69996,33.72748,31.119268,30.513086,26.458284,25.496431,21.126448,20.128248,17.065445,15.692057,16.92044,21.009247,21.242907,26.267082,25.634346,29.41406,30.61917,34.912098
11,29.188305,25.538082,24.873575,18.770166,19.320591,16.279915,12.708884,11.387309,7.6130543,6.902122,4.4809246,0.0,3.8913698,7.2140865,8.434808,8.835449,12.886455,14.390593,18.503584,20.440601,23.147764,25.647503,29.936848,29.520983,26.971024,24.37597,21.915827,19.728231,19.180107,16.658676,13.546921,13.256198,9.76728,8.587953,11.788855,11.062124,14.659242,17.325169,21.24288,17.037893,15.65144,15.641315,15.974243,14.802856,18.114008,16.77095,20.428211,19.787445,24.347128,25.780191,26.778374,28.071451,23.655655,26.23444,24.848158,25.799648,21.241259,23.302671,22.780811,23.158705,20.340422,22.669462,21.185984,25.01985,28.532366,26.154436,29.988113,28.970753,26.28201,29.376722,24.983324,29.298185,25.756824,29.577202,30.06708,26.582825,29.12676,23.335089,25.6767,22.814543,23.668016,24.420578,22.701418,20.800531,18.721224,24.122782,23.430395,27.678385,29.829838,33.784805,35.166767,33.512127,32.756863,30.604555,29.443735,25.574593,24.425444,19.853094,19.057566,14.959987,13.519187,14.745224,18.43303,18.558384,24.224064,23.231318,27.289976,28.619606,32.97753
12,30.792696,27.394485,26.356565,20.312748,21.354046,18.232666,14.864115,12.500548,9.900569,8.023455,4.2921104,3.8913698,0.0,3.409689,5.6459193,6.931068,10.195167,12.537065,15.788353,18.609663,20.888435,23.809483,27.900988,27.273039,24.786953,21.792479,19.877213,17.255901,17.288498,15.332344,12.173158,13.040038,10.59037,11.099522,14.856111,14.573429,18.178652,20.931622,24.744816,20.042393,17.999668,18.147064,17.417105,16.08566,18.557552,16.322447,19.55682,18.385103,22.942085,24.776785,26.125317,27.864264,24.000917,26.728544,25.789797,27.324892,22.967735,25.334452,25.35084,25.9435,22.793482,25.502163,23.874472,27.740349,31.017975,28.042706,31.850948,30.264593,28.008001,30.263168,26.005632,29.80909,25.948069,29.447771,29.63854,26.135983,29.228355,23.82992,26.215864,23.997324,24.74339,25.931738,23.502546,21.579813,19.029465,24.209602,23.013578,27.362137,29.153885,33.366165,34.403378,32.389004,32.02509,29.305649,28.20301,24.218166,22.69201,18.705301,17.068941,14.014407,11.833267,12.661906,16.944876,17.464016,22.603508,22.456865,26.154148,27.7928,31.989655
13,31.768131,28.627945,27.426653,21.445839,23.037067,20.044804,16.934378,13.833061,12.168629,10.151141,6.170981,7.2140865,3.409689,0.0,3.7210565,5.9385033,7.7329254,10.863497,13.123973,16.67519,18.57606,21.76554,25.694202,24.813383,22.381199,19.08712,17.648443,14.705544,15.268884,13.895903,10.8889675,12.813186,11.416695,13.309194,17.214495,17.375711,20.919817,23.788214,27.455925,22.317669,19.772156,19.948574,18.370007,16.912104,18.570753,15.669182,18.377855,16.805695,21.237638,23.368584,25.027493,27.116766,23.80397,26.578047,26.044476,28.073433,23.96853,26.56949,27.070105,27.868952,24.50182,27.568153,25.921114,29.770672,32.859665,29.414604,33.095085,31.015295,29.061953,30.543146,26.41144,29.675068,25.572706,28.722824,28.679974,25.235817,28.81774,23.862677,26.33352,24.723326,25.507187,27.125486,24.193825,22.180887,19.18153,24.07076,22.293592,26.667059,28.06903,32.415623,33.207905,30.930056,31.001204,27.80633,26.8817,22.82685,21.119457,17.68604,15.457717,13.60067,11.189591,11.950029,16.39524,17.095285,21.484814,21.963526,25.265055,27.022314,31.04465
14,28.937279,25.988909,24.984509,18.895082,21.226212,18.699728,15.896045,12.204445,11.267966,10.392264,6.219542,8.434808,5.6459193,3.7210565,0.0,4.774367,5.4650474,8.787007,11.186709,14.263824,16.651497,19.35046,23.689503,22.35434,19.674124,16.557638,14.515334,11.711915,11.778013,10.62644,7.2170906,10.367895,8.8126,12.896201,16.016329,17.050627,20.30573,23.46484,26.864918,21.35686,18.565989,18.159729,16.2105,14.188651,15.548948,12.021831,14.716967,13.131552,17.606907,19.69641,21.306725,23.41707,20.246601,23.112368,22.811314,25.051325,21.286722,24.133314,24.860123,26.089117,22.864145,26.418774,25.167929,28.948074,32.1092,28.591215,31.924337,29.630064,27.31909,28.454908,24.073112,26.924028,22.602728,25.551178,25.737051,22.466171,26.470783,21.688074,24.642248,23.27714,24.696938,26.727419,23.934137,21.471233,17.89815,22.823082,20.145184,24.588734,25.67371,29.767868,30.93174,28.825342,29.36882,26.142227,25.767849,21.625885,20.55614,16.813536,15.30161,13.79118,12.653754,14.482355,18.214348,18.38479,22.267221,22.21977,25.457613,26.68518,30.748606
15,30.429222,27.327168,27.294882,20.673708,23.40342,21.250956,18.23487,15.091836,13.03284,13.288597,8.90611,8.835449,6.931068,5.9385033,4.774367,0.0,4.8669596,5.687303,9.910527,11.836935,14.319293,17.040318,21.176603,20.87663,18.53759,16.064116,14.121738,12.251205,12.591132,9.372205,7.9911413,7.2464185,8.62823,10.319347,14.835084,15.4705715,18.743908,21.61381,24.782722,18.863346,15.522405,16.305538,13.4749975,12.968134,13.619579,12.685649,14.748436,14.387811,18.504877,19.97159,22.06147,23.838175,20.456059,22.3928,21.6624,24.040808,19.711561,22.183594,23.635933,24.069838,20.157055,23.536982,21.840668,25.577414,28.373785,24.458288,27.897171,25.444218,23.72883,24.726082,20.792036,24.01286,20.08786,23.419239,23.171907,19.594746,22.91366,18.00641,20.472895,19.16736,20.191584,22.287746,19.247599,16.873947,13.448325,18.325033,16.405733,20.779642,22.358597,26.712488,27.554518,25.477226,25.36563,22.495974,21.717236,17.643415,16.626608,12.4175825,11.436165,9.158942,8.997623,12.08747,14.689395,14.292897,18.286568,17.634665,21.0703,22.162117,26.34032
16,30.990492,28.357374,27.987696,21.742664,25.062057,23.109964,20.533134,16.6479,15.883456,15.768123,11.530584,12.886455,10.195167,7.7329254,5.4650474,4.8669596,0.0,4.391217,5.7841744,9.186847,11.216355,14.165458,18.29464,17.14372,14.68711,11.653097,10.248756,7.7752748,9.01157,7.3279667,6.4329977,8.740132,10.843306,14.805227,18.548874,19.825607,22.882154,25.932333,28.90647,22.756067,19.150242,19.433025,15.911873,14.757735,14.195084,11.670975,12.669378,11.553102,15.32913,17.299318,19.78908,22.116188,19.756111,21.876064,21.927084,24.94801,21.358923,24.191679,26.067469,27.053352,23.256372,27.1026,25.67021,29.26791,31.897398,27.616024,30.660524,27.610044,26.077036,25.904272,22.08739,24.17178,19.823366,22.356575,21.916641,18.64282,22.984417,19.032534,21.820189,21.502886,22.849312,25.516853,22.089935,19.55176,15.495085,19.647705,16.326622,20.634676,21.303152,25.642946,26.322954,23.923002,24.850275,21.183489,21.062836,16.9174,15.974416,12.855526,11.25112,11.540769,11.421241,14.138906,16.68871,16.483505,18.966179,19.134886,21.78235,22.803295,26.613377
17,31.257748,28.600891,29.125725,22.549747,26.324976,24.839043,22.245226,18.716864,17.401478,18.2993,14.014878,14.390593,12.537065,10.863497,8.787007,5.687303,4.391217,0.0,5.67094,6.1689095,8.869099,11.357712,15.581014,15.388204,13.215908,11.337136,9.63096,8.859387,9.7702675,5.750468,7.5131435,6.001247,10.91638,13.680435,17.74392,19.040524,21.809052,24.639957,27.20021,20.748232,16.70139,17.690798,13.270223,13.328631,11.715433,11.732021,11.959391,12.301408,15.473996,16.62421,19.459421,21.358889,18.898409,20.075594,19.829576,23.033587,19.216263,21.74694,24.361773,24.843151,20.627354,24.470966,22.912256,26.317345,28.591454,23.973051,26.836458,23.512077,22.396399,21.78943,18.345558,20.4655,16.425074,19.208452,18.423382,14.909417,18.823269,14.959128,17.536375,17.571705,18.92167,21.892673,18.380875,15.701806,11.436591,15.328668,12.042032,16.3476,17.322357,21.81105,22.394798,20.136583,20.681482,17.365677,17.21811,13.067476,12.76745,8.94488,8.764139,8.90888,10.678923,14.563217,15.642853,14.627738,16.694998,15.880716,18.58338,19.0533,22.976051
18,34.12728,31.90591,31.882929,25.820889,29.773695,28.21872,25.888697,21.846788,21.407518,21.500458,17.306732,18.503584,15.788353,13.123973,11.186709,9.910527,5.7841744,5.67094,0.0,5.6758103,6.02026,9.539751,13.037057,11.848785,9.868508,6.8121543,7.4229693,5.9773464,8.904417,7.9200916,9.810679,11.266638,15.414447,19.208574,23.056372,24.5045,27.322258,30.241777,32.824265,26.358334,22.289019,22.99208,18.44868,17.95163,15.689289,14.004215,13.01018,12.290121,14.577779,16.397665,19.691803,22.243902,21.09045,22.452703,23.03036,26.716246,23.62944,26.374598,29.164127,30.033564,25.952135,29.950947,28.452112,31.758858,33.82135,28.921982,31.531906,27.738155,27.082571,25.37151,22.378387,23.275959,19.0684,20.72883,19.502972,16.537369,21.286781,18.781363,21.232252,22.224323,23.438696,26.671421,22.714682,20.279196,16.033514,18.768929,14.66916,18.424623,18.25116,22.727903,22.692047,19.838934,21.554926,17.145567,17.548552,13.628403,12.863333,11.46649,9.698741,12.737464,13.451725,16.316803,17.584734,17.14764,17.522602,18.253397,19.809574,20.585009,23.810978
19,32.722523,30.63465,31.620544,25.402533,29.962189,29.091524,26.939766,23.204004,22.547382,23.836882,19.715315,20.440601,18.609663,16.67519,14.263824,11.836935,9.186847,6.1689095,5.6758103,0.0,4.1171737,5.2203836,9.870491,9.550079,7.6732273,7.4045525,6.4048414,8.015659,9.342748,6.327815,10.55558,9.455318,15.2392645,18.693266,22.033463,23.84407,26.109413,28.866188,30.837282,24.20712,19.892567,20.790474,15.525131,15.87835,12.281715,13.060515,10.996121,12.133834,13.473256,14.058741,17.633358,19.581343,18.521082,18.757132,19.216946,23.154379,20.283302,22.74622,26.32134,26.952095,22.788273,26.915756,25.66054,28.589314,30.315392,25.26089,27.302666,23.186491,22.681684,20.168512,17.524506,17.862558,13.893219,15.484997,13.968862,10.91505,15.728329,13.856623,16.431759,18.106977,19.83303,23.508318,19.87724,17.11011,12.592522,14.574447,9.413617,13.031691,12.693996,17.121069,17.412622,14.943607,16.803774,12.849376,14.024002,10.223431,11.333463,9.161066,10.152381,12.617466,15.325846,19.247906,19.204145,17.80947,17.733475,16.837389,18.350988,17.920887,21.199108
20,36.615032,34.6198,35.40575,29.290428,33.767487,32.70598,30.474447,26.614866,25.962269,26.741764,22.496841,23.147764,20.888435,18.57606,16.651497,14.319293,11.216355,8.869099,6.02026,4.1171737,0.0,4.500419,7.140633,7.557418,6.9129157,6.622982,8.327943,9.582063,11.989789,10.175481,13.947866,13.222717,18.999603,21.951357,25.809177,27.32362,29.749763,32.389347,34.41178,27.79066,23.40469,24.70088,19.371548,19.963024,16.342176,16.827532,14.498487,15.116773,15.944,16.76861,20.557999,22.727083,22.252848,22.369804,23.027857,27.071201,24.291805,26.637424,30.358164,30.79896,26.454906,30.38139,28.841375,31.698984,33.08141,27.721354,29.760374,25.364813,25.68028,22.53623,20.662945,20.556728,17.01427,18.014614,15.830153,13.170463,17.605568,16.699728,18.50839,20.767517,21.839312,25.525616,21.39775,19.109907,15.050993,16.012156,11.552078,14.31908,13.508959,18.109104,17.280766,14.127721,16.321873,11.516886,12.611609,9.190608,9.609671,9.745832,9.533478,13.791418,15.980243,19.401108,18.95052,17.812939,16.361753,16.567944,17.121866,17.045427,19.705263
21,35.39165,33.723976,35.033054,29.149803,34.080128,33.565876,31.651136,27.873703,27.485117,28.927341,24.868387,25.647503,23.809483,21.76554,19.35046,17.040318,14.165458,11.357712,9.539751,5.2203836,4.500419,0.0,5.2802196,5.3804946,5.007705,7.5096064,8.09603,10.961127,12.359122,10.6215925,15.099209,14.045304,19.948463,23.380377,26.432327,28.401377,30.370018,32.990463,34.557507,27.94555,23.575567,24.547884,19.015928,19.681223,15.24929,16.584692,13.348952,14.86856,14.586736,14.561239,18.446665,20.260113,20.402826,19.783844,20.72015,24.97939,22.866331,25.090345,29.252523,29.850166,25.776577,29.887106,28.778425,31.292307,32.503803,27.217731,28.597923,23.987797,24.183397,20.182556,18.595493,17.365906,14.031714,14.222435,11.808169,9.760109,14.67517,14.977968,17.058285,19.95265,21.6773,25.663965,22.032375,19.469917,15.312782,15.527676,9.86135,11.895647,10.035908,14.131851,13.755506,10.989958,14.307328,9.837343,12.404241,9.698537,11.878937,11.609166,13.062213,16.537718,19.549671,23.371393,22.582766,21.017075,19.430498,18.602589,19.010614,17.895674,20.311743
22,40.495953,38.91423,40.282494,34.429184,39.34438,38.754128,36.7442,32.952515,32.411564,33.604805,29.413847,29.936848,27.900988,25.694202,23.689503,21.176603,18.29464,15.581014,13.037057,9.870491,7.140633,5.2802196,0.0,5.527035,7.8370857,10.539931,12.762503,15.262962,17.21043,15.785711,20.13781,18.762657,24.97423,27.649364,31.171549,32.841362,34.84676,37.249756,38.70162,32.136745,27.693398,29.205374,23.545267,24.719254,20.193981,21.851343,18.508081,19.84631,19.140041,19.07205,22.986876,24.754936,25.368063,24.349926,25.316391,29.582312,27.545723,29.477764,33.93075,34.159718,29.882244,33.683132,32.294926,34.573483,35.23186,29.64379,30.815748,25.90476,27.20141,22.367554,21.96674,20.22566,17.815321,17.400885,14.2119875,12.901269,16.530184,18.174574,19.158054,22.77977,23.772673,27.745832,23.779013,21.808027,18.352987,17.162271,12.758645,13.296659,10.957883,14.772151,12.600943,9.024602,12.882524,7.7325344,10.661026,9.485942,11.48959,13.548093,14.53821,19.072191,21.922796,25.378721,23.819138,22.307554,19.143705,19.011816,18.136923,16.948391,18.240768
23,37.741875,36.5042,37.383194,32.042732,37.076733,36.59143,34.932484,30.845596,31.08289,32.124023,28.181368,29.520983,27.273039,24.813383,22.35434,20.87663,17.14372,15.388204,11.848785,9.550079,7.557418,5.3804946,5.527035,0.0,3.3225899,6.7220936,9.323198,11.985027,13.844513,14.16092,18.058788,18.681904,23.859636,28.176624,31.003073,33.16768,35.195137,37.970867,39.60473,32.99869,28.694284,29.247568,23.88066,23.888264,19.510185,19.349014,15.613163,16.295671,14.914123,15.271696,19.168653,21.395706,22.76541,22.416306,24.049486,28.469452,27.05134,29.468048,33.524776,34.559822,30.754921,35.013233,34.061913,36.556976,37.768375,32.49867,33.677242,28.96849,29.170713,24.736311,23.310783,21.19556,17.920685,16.929335,14.632563,13.765398,18.86912,19.99783,22.090736,25.214863,26.96752,30.977049,27.260056,24.806887,20.689766,20.670134,15.02211,16.401356,13.597711,16.648167,15.927349,13.062858,17.61702,12.823516,15.866103,13.907349,15.526778,16.477034,16.922329,21.18414,23.524696,26.799187,26.349117,25.176363,22.896551,23.018328,22.763683,21.88238,23.578339
24,34.69678,33.42196,34.141148,28.83743,33.84926,33.371937,31.795082,27.671782,28.101625,29.19709,25.377268,26.971024,24.786953,22.381199,19.674124,18.53759,14.68711,13.215908,9.868508,7.6732273,6.9129157,5.007705,7.8370857,3.3225899,0.0,4.365651,6.0524,8.965288,10.55567,11.271633,14.979663,16.292122,20.97004,25.888876,28.391804,30.731314,32.764294,35.686024,37.433475,30.851877,26.6555,26.801416,21.646793,21.159887,17.01185,16.151924,12.46699,12.976778,11.803537,12.43272,16.342209,18.750463,19.89917,20.001696,21.690418,26.073341,24.653,27.290348,31.053698,32.37646,28.754368,33.173893,32.390945,35.040592,36.602325,31.557495,32.891167,28.4172,27.964735,24.133455,21.992878,20.245268,16.418512,15.775857,14.111727,12.909153,18.587206,18.874588,21.545122,24.15386,26.25963,30.204575,26.67908,23.955046,19.52938,20.342861,14.278729,16.40813,13.968126,17.093395,17.249943,14.714699,18.8882,14.332183,17.121416,14.502273,16.042482,15.916243,16.383911,20.038996,22.282251,25.640566,25.726788,24.603786,23.193438,23.067123,23.45478,22.693974,24.938246
25,34.452274,32.9597,33.013645,27.671293,32.285465,31.347967,29.631569,25.328072,25.86427,26.322502,22.50027,24.37597,21.792479,19.08712,16.557638,16.064116,11.653097,11.337136,6.8121543,7.4045525,6.622982,7.5096064,10.539931,6.7220936,4.365651,0.0,4.822384,5.7122197,8.513724,10.160528,12.84728,15.455691,19.404867,24.595076,27.406515,29.55141,31.944353,35.00328,37.184074,30.633488,26.52776,26.565962,21.758554,20.769377,17.4474,15.127574,12.3057165,11.561431,11.565076,13.320035,16.985031,19.838076,20.437706,21.479492,23.027391,27.208303,25.357523,28.243055,31.455772,32.907555,29.245356,33.64413,32.6777,35.665417,37.56043,32.60002,34.456856,30.23606,29.51655,26.533972,23.84427,23.005959,18.771805,18.867052,17.584713,15.775385,21.43857,20.595345,23.389528,25.34197,27.211432,30.908575,27.167067,24.498062,19.99211,21.695728,16.11546,19.010796,17.288464,20.880766,21.001495,18.23727,21.717693,16.935495,18.87436,15.68454,16.134302,15.820923,15.088566,18.784752,20.115973,22.971191,23.844145,23.199121,22.343222,22.941612,23.658615,23.657225,26.200214
26,29.765823,28.24132,28.572731,23.163193,27.997412,27.387411,25.853178,21.669832,22.353569,23.48208,19.885244,21.915827,19.877213,17.648443,14.515334,14.121738,10.248756,9.63096,7.4229693,6.4048414,8.327943,8.09603,12.762503,9.323198,6.0524,4.822384,0.0,3.938087,4.5617414,6.2554936,9.163491,12.153036,15.541038,21.511002,23.503752,26.051222,28.169746,31.33552,33.379635,26.92236,23.00892,22.449085,17.887766,16.390821,13.12589,10.50332,7.4978695,7.2929773,7.7419925,9.298259,12.877422,15.579841,15.690114,16.949677,18.460228,22.558105,20.852201,23.879612,26.904812,28.665857,25.354025,29.941227,29.372513,32.34137,34.5484,29.9871,31.726439,27.828371,26.266273,23.86986,20.475649,19.878916,15.262649,15.738336,15.291361,13.350375,19.304413,17.76412,21.24322,22.664263,25.190495,28.836107,25.67904,22.618288,17.86875,20.287554,14.224882,17.585028,16.19888,19.453573,20.697815,18.611479,21.781557,17.749891,19.793884,16.310217,17.42013,15.483336,15.812858,18.03588,19.895153,23.261578,24.357117,23.398134,23.638706,23.165459,24.65251,24.238968,27.31604
27,30.08207,28.347677,27.96104,22.570723,26.90027,25.775696,24.089106,19.71236,20.528057,20.919527,17.336012,19.728231,17.255901,14.705544,11.711915,12.251205,7.7752748,8.859387,5.9773464,8.015659,9.582063,10.961127,15.262962,11.985027,8.965288,5.7122197,3.938087,0.0,3.7481368,6.772036,7.6962566,12.335966,14.636323,20.809992,23.09773,25.394371,27.868734,31.13661,33.59909,27.261324,23.515152,22.87463,18.81197,16.853146,14.671075,10.541228,9.044339,7.139475,9.16446,11.678345,14.673926,17.643068,17.224361,19.320375,20.627964,24.394293,22.305506,25.477285,27.904234,29.742706,26.438112,30.910656,30.156805,33.405315,35.87871,31.434504,33.62336,29.97977,28.280188,26.606472,22.910772,23.06088,18.345438,19.315907,19.00179,16.738531,22.433939,20.125961,23.529299,24.392841,26.608074,29.966969,26.645552,23.720467,19.060764,22.128448,16.731653,20.476824,19.565432,23.138947,24.164389,21.833096,24.566185,20.33937,21.761063,17.989368,18.194368,16.221958,15.455195,17.547102,18.418148,21.210093,23.1146,22.634825,23.41185,23.592016,25.310986,25.542381,28.776962
28,26.392725,24.754011,24.543991,19.25206,23.874622,23.15075,21.77378,17.47067,18.672234,19.730518,16.53464,19.180107,17.288498,15.268884,11.778013,12.591132,9.01157,9.7702675,8.904417,9.342748,11.989789,12.359122,17.21043,13.844513,10.55567,8.513724,4.5617414,3.7481368,0.0,5.5589595,5.858,11.321005,12.584985,19.717506,21.006416,23.766476,25.915056,29.291674,31.581404,25.395191,21.907671,20.556477,16.877071,14.227061,12.260001,7.120058,5.669062,3.4690657,6.3664293,8.83008,11.400505,14.273847,13.602069,16.071625,17.485447,21.128334,19.41605,22.735046,24.92571,27.17965,24.334198,28.979544,28.668701,31.83441,34.548534,30.498005,32.469402,29.099813,26.692043,25.412123,21.227327,21.369604,16.492504,17.528727,17.950638,15.88799,21.661974,19.064594,22.964544,23.469645,26.256023,29.566696,26.793554,23.593033,18.847612,22.267828,16.560316,20.374767,19.535187,22.594967,24.419695,22.618408,25.332153,21.64548,23.312935,19.548796,20.324644,17.49567,17.591879,18.662247,19.973015,23.081306,25.045784,24.31505,25.675154,25.090866,27.200792,27.040443,30.501112
29,26.800652,24.593962,25.342377,19.12125,23.702354,22.968515,21.05292,17.281248,17.106886,18.8887,15.209516,16.658676,15.332344,13.895903,10.62644,9.372205,7.3279667,5.750468,7.9200916,6.327815,10.175481,10.6215925,15.785711,14.16092,11.271633,10.160528,6.2554936,6.772036,5.5589595,0.0,4.796704,6.076928,9.710559,15.341026,17.358412,19.817997,21.957737,25.106995,27.260653,20.818668,16.981703,16.486761,12.087857,10.7023325,8.192641,6.8850713,6.2202435,7.2958694,10.181882,11.024042,13.734338,15.627277,13.524168,14.934502,15.303557,18.870394,16.048084,19.040028,21.740494,23.177397,19.708265,24.199934,23.564436,26.728382,29.266562,25.047436,27.189034,23.855448,21.694702,20.733917,16.599726,17.706362,13.035449,15.276429,15.366671,12.449398,17.483042,14.07931,17.818846,18.070793,20.724905,24.00944,21.29503,18.052896,13.318665,17.026613,11.845806,16.039526,16.143404,19.716036,21.452652,19.797892,21.451057,18.360548,19.491423,15.608203,16.652184,12.825242,13.928249,14.0323,16.289515,20.134901,21.333403,20.106756,21.864254,20.3967,22.920343,22.526571,26.307201
30,24.730644,22.306677,22.174406,16.018085,20.068926,18.882782,16.942678,12.8789425,13.197843,14.568125,11.194598,13.546921,12.173158,10.8889675,7.2170906,7.9911413,6.4329977,7.5131435,9.810679,10.55558,13.947866,15.099209,20.13781,18.058788,14.979663,12.84728,9.163491,7.6962566,5.858,4.796704,0.0,7.401458,7.024207,14.214812,15.653384,18.161276,20.550634,23.953495,26.57211,20.542248,17.323908,15.987143,13.018362,10.160495,10.022522,5.3310885,7.506968,6.5769563,10.962375,12.620684,14.326842,16.389507,13.6281395,16.368633,16.630821,19.506422,16.625975,19.862112,21.384693,23.311798,20.376251,24.754883,24.271347,27.699099,30.766918,27.117474,29.605745,26.868914,24.044167,24.239513,19.568506,21.330204,16.643124,19.06633,19.721481,16.927042,21.708094,17.592207,21.407095,20.742393,23.341257,26.120491,23.68892,20.536907,16.117203,20.61801,16.167898,20.487123,20.857359,24.279226,26.216936,24.582476,26.031502,22.957815,23.726545,19.695433,20.069365,16.030754,16.237514,15.480226,16.561098,19.736874,22.091454,21.361513,24.129192,23.045805,25.980965,26.094503,30.064466
31,26.929575,24.04884,25.426416,18.582779,22.520157,21.621737,19.169878,16.330086,14.576606,17.039667,13.347349,13.256198,13.040038,12.813186,10.367895,7.2464185,8.740132,6.001247,11.266638,9.455318,13.222717,14.045304,18.762657,18.681904,16.292122,15.455691,12.153036,12.335966,11.321005,6.076928,7.401458,0.0,7.030538,9.71536,12.602768,14.488285,16.705631,19.604172,21.822308,15.290951,11.2928705,11.823911,7.339007,7.7439923,6.7536883,9.391701,10.648539,12.356295,15.618167,15.825742,17.905457,18.92,15.300377,16.13422,15.081597,17.74074,13.460144,15.888058,18.421633,18.868647,14.824348,18.918745,17.864826,21.229967,23.90129,19.881287,22.556559,19.825155,17.518192,18.105303,13.794979,16.894476,13.040127,16.727278,16.846062,13.331237,16.466513,11.364049,14.66722,13.571218,15.954798,18.747602,16.453373,13.201133,8.8937025,13.828312,10.776454,15.159211,16.830683,20.596994,22.304363,21.007994,20.99586,19.001745,19.066696,15.251258,16.128412,10.868812,12.907633,10.469507,13.424778,17.738165,18.48776,16.853321,19.94317,17.368816,20.789856,20.399904,24.664036
32,22.068487,18.823141,19.393288,12.504237,15.778147,14.606157,12.184714,9.472276,7.9863877,11.255473,8.706123,9.76728,10.59037,11.416695,8.8126,8.62823,10.843306,10.91638,15.414447,15.2392645,18.999603,19.948463,24.97423,23.859636,20.97004,19.404867,15.541038,14.636323,12.584985,9.710559,7.024207,7.030538,0.0,8.594024,8.703493,11.41308,13.65374,17.1403,19.907625,14.306593,11.927599,9.931427,9.003579,5.7836494,9.123913,7.834544,11.69041,12.184971,16.307957,16.977686,17.692486,18.574215,14.001615,16.490154,15.344687,16.800766,12.831164,15.67214,16.07331,17.683952,15.127739,19.104815,18.846746,22.380615,25.97148,23.293419,26.045807,24.404022,20.68488,22.88978,17.759207,21.155878,17.209778,20.736544,21.931168,18.939976,22.198483,16.779118,20.412613,18.175364,20.867992,22.812508,21.496012,18.415127,14.918085,20.229584,17.420092,21.65093,23.143639,26.279818,28.683867,27.642977,27.871462,25.937136,26.084284,22.220396,22.711609,17.531717,18.62328,15.465505,16.80818,20.098072,22.343176,21.329311,25.547714,23.335985,27.10636,27.068743,31.431223
33,27.716412,23.972343,25.329334,18.582163,20.324188,18.78941,15.653098,14.987956,10.899519,13.725642,11.416175,8.587953,11.099522,13.309194,12.896201,10.319347,14.805227,13.680435,19.208574,18.693266,21.951357,23.380377,27.649364,28.176624,25.888876,24.595076,21.511002,20.809992,19.717506,15.341026,14.214812,9.71536,8.594024,0.0,6.5406,5.6843305,8.87108,11.381199,14.608737,9.20684,7.1968756,8.793889,9.035853,10.273478,13.349329,15.925234,18.9609,20.115944,24.019022,24.28381,25.396204,25.819021,20.921185,22.051268,19.796852,20.413906,15.132428,16.377062,16.711725,15.867469,12.251016,14.475408,12.817062,16.674915,20.131237,17.7836,21.484003,20.805952,17.920835,21.738762,17.594336,22.69186,20.087246,24.458084,24.986105,21.524996,22.651405,16.494677,18.465925,14.870408,16.043463,16.673313,15.940843,13.744607,12.35489,17.74246,18.084455,21.828182,24.67714,28.182186,29.888657,28.945423,27.378088,26.464603,25.31579,21.912323,21.902622,16.387966,17.854664,12.514307,14.005091,17.24798,18.469995,17.130314,22.579203,19.511915,23.916311,24.14003,28.652885
34,22.099253,18.209179,20.134912,13.787332,15.223136,14.638756,12.241775,12.785214,9.362484,13.875213,13.191238,11.788855,14.856111,17.214495,16.016329,14.835084,18.548874,17.74392,23.056372,22.033463,25.809177,26.432327,31.171549,31.003073,28.391804,27.406515,23.503752,23.09773,21.006416,17.358412,15.653384,12.602768,8.703493,6.5406,0.0,4.1948357,5.0463243,8.624704,11.444809,7.058742,7.480249,4.896126,8.978461,8.375729,13.098571,15.309177,18.907177,20.295916,23.921278,23.765234,23.874123,23.629147,18.21018,19.58556,17.0136,16.396557,11.645366,12.78805,11.35484,11.574202,9.999559,12.496402,12.723812,16.074072,20.264341,19.36443,22.20291,22.303755,17.769518,22.485987,17.627945,22.546246,20.106693,24.309351,25.818888,22.94535,24.12548,18.077662,20.813063,16.880657,19.324635,19.841408,20.399609,17.860014,16.323729,21.474586,20.878752,24.38983,26.911705,29.498945,32.20179,31.866568,30.780453,30.232157,29.791044,26.462368,27.178,21.47495,23.488129,18.588205,20.315495,23.479958,24.984354,23.590864,28.776554,25.336388,29.652851,29.293264,33.776608
35,25.879787,21.900303,23.54551,17.446241,17.99785,16.80382,13.990804,15.014734,10.749621,14.3338995,13.741942,11.062124,14.573429,17.375711,17.050627,15.4705715,19.825607,19.040524,24.5045,23.84407,27.32362,28.401377,32.841362,33.16768,30.731314,29.55141,26.051222,25.394371,23.766476,19.817997,18.161276,14.488285,11.41308,5.6843305,4.1948357,0.0,3.740735,6.455815,10.206205,6.8361163,8.005154,7.9549384,11.444227,12.034221,16.278725,18.736671,22.267626,23.485544,27.32042,27.341084,27.731125,27.63629,22.279408,23.490063,20.815805,20.194714,15.217841,15.811423,14.4281225,13.43052,11.441934,12.529566,11.787737,15.279072,19.355791,18.719944,22.118689,22.662027,18.822203,23.995562,19.709873,25.096245,22.972443,27.372385,28.488008,25.361881,25.994465,19.799816,21.763329,17.464462,18.913723,18.671268,19.362442,17.442095,16.82414,21.895903,22.483168,25.900127,28.840675,31.759495,33.99873,33.50283,31.79235,31.398138,30.365204,27.154587,27.401102,21.810524,23.514156,18.03198,19.29037,22.021502,23.406965,22.144955,27.84928,24.457285,28.944725,28.945349,33.42609
36,24.70395,20.754265,23.1144,17.488544,17.884825,17.447432,15.215246,16.841755,13.07264,17.137775,16.974043,14.659242,18.178652,20.919817,20.30573,18.743908,22.882154,21.809052,27.322258,26.109413,29.749763,30.370018,34.84676,35.195137,32.764294,31.944353,28.169746,27.868734,25.915056,21.957737,20.550634,16.705631,13.65374,8.87108,5.0463243,3.740735,0.0,3.6113763,6.881906,5.0690913,8.180027,7.3136544,12.100974,12.858312,17.149595,20.267084,23.686619,25.284037,28.8013,28.433002,28.484455,27.925144,22.441185,23.263758,20.274761,18.908674,14.24648,14.163844,12.033781,10.625621,9.81445,10.169586,10.405609,13.353462,17.694147,18.072601,20.978785,22.190203,17.759878,23.60062,19.387978,24.83546,23.230865,27.596636,29.031563,26.20276,26.325565,20.294138,22.21028,17.64818,19.46598,18.939535,20.5365,18.628727,18.368721,23.05968,23.751316,26.800896,29.792044,32.201115,34.810097,34.724693,32.915207,33.012344,32.170635,29.185526,29.860132,24.17064,26.40788,20.93743,22.663528,25.580524,26.619251,25.12134,30.634254,26.759167,31.20993,30.795233,35.213463
