,0,1,2,3,4,5,6,7,8,9,10,11,12,13,14,15,16,17,18,19,20,21,22,23,24,25,26,27,28,29,30,31,32,33,34,35,36,37,38,39,40,41,42,43,44,45,46,47,48,49,50,51,52,53,54,55,56,57,58,59,60,61,62,63,64,65,66,67,68,69,70,71,72,73,74,75,76,77,78,79,80,81,82,83,84,85,86,87,88,89,90,91,92,93,94,95,96,97,98,99,100,101,102,103,104,105,106,107,108,109
0,0.0,4.7855883,6.4013205,10.451514,12.999237,15.713775,19.056639,21.12152,25.012388,27.935862,30.205942,33.795753,36.670315,37.00327,37.557304,32.97243,35.80221,31.552998,35.807495,31.316977,33.530453,31.977064,33.605137,36.19609,35.79815,38.42549,35.589676,37.493576,35.85456,31.836817,34.49053,32.113422,31.468761,33.991764,29.759075,33.380898,33.17556,33.29865,36.48985,32.1481,29.476439,34.66011,31.051266,35.8047,32.882645,39.575424,37.8478,40.60746,40.471302,38.200886,39.74889,41.921494,36.7861,38.12869,37.652653,36.763386,32.961952,31.652435,36.08038,32.611965,28.189236,28.381338,26.076704,25.673637,22.667194,18.820177,18.011765,15.136255,21.28203,17.040892,22.304647,22.25306,25.613085,26.803167,23.552847,23.006117,17.340242,20.539207,16.410715,19.833435,18.641266,20.370432,20.534315,21.02991,22.923414,17.325356,21.901644,18.422424,21.954441,21.782728,24.519192,26.137327,25.331154,21.23669,21.864212,19.529945,21.583231,17.167265,20.930826,19.906347,23.98267,24.10207,25.497082,29.28629,28.838287,34.961273,32.875507,37.29997,37.680576,42.164547
1,4.7855883,0.0,6.288722,6.682201,10.746934,13.471831,16.84713,18.921768,22.477568,26.04891,27.747725,31.605381,34.391388,34.57817,35.267044,30.590652,33.08789,28.77124,32.588974,28.035154,29.848763,28.211254,29.387115,32.270206,32.156483,34.996456,32.53546,34.64219,33.3276,29.445158,32.61842,30.434927,30.57727,33.657494,30.079315,33.837994,33.962013,34.502296,37.72568,33.099434,30.04189,34.989735,30.918312,35.27298,31.980064,38.146404,36.123554,38.588177,38.298233,36.15719,38.150616,40.71603,35.83473,37.65043,37.57749,37.138096,33.274563,32.45774,37.03545,34.085228,29.35602,30.215683,27.82542,28.017065,25.562103,20.96291,20.715979,16.934717,22.749083,17.58299,22.48416,21.743578,24.589373,25.23082,21.657671,21.128544,16.226606,19.972353,16.218325,20.31627,19.344912,21.837791,20.99288,21.085077,22.169283,16.387253,20.123499,16.260647,19.313877,19.052711,21.265635,22.991661,21.621988,17.462286,17.824522,15.908156,18.220535,14.19005,18.618603,18.46527,22.488941,23.392002,25.672836,28.792246,27.876022,34.00366,31.295046,35.656086,35.777306,40.096848
2,6.4013205,6.288722,0.0,6.6730905,6.987006,9.8772335,12.891431,15.391035,19.091969,21.982878,24.535757,27.901806,31.052385,31.699648,32.641212,28.293413,31.556292,27.573421,32.11866,28.274597,30.360035,29.588196,31.191975,34.273964,33.888622,36.110817,33.621178,35.061325,33.869274,29.323431,32.3464,28.919914,29.27883,30.812918,27.068918,30.58829,30.215057,31.010357,34.56619,30.663105,28.213863,33.372517,30.069408,34.483852,31.961355,38.022465,36.735367,39.073277,39.516426,37.71509,39.55448,41.890087,36.696796,38.616707,38.149998,37.294624,32.86768,31.917654,35.884766,32.60803,27.791769,27.955975,24.978468,25.289047,22.671608,18.123259,18.942533,15.862217,21.96245,18.456102,22.8016,23.676014,26.013088,27.621304,24.374779,22.895555,18.0225,19.94967,15.559605,18.608305,16.252413,18.04448,16.880138,17.910381,20.048357,14.470742,19.867832,17.103645,20.787802,21.659515,24.203281,26.558064,25.235085,21.188635,20.778328,17.86615,18.971642,14.123505,17.292463,15.298204,19.833017,19.47832,21.119112,24.592768,24.152588,30.287102,28.661371,32.883945,33.755455,38.089027
3,10.451514,6.682201,6.6730905,0.0,5.371344,7.7813544,10.827617,13.111351,16.163397,20.2175,21.640827,25.514774,28.420528,28.748775,29.838037,25.326815,27.963066,23.862871,27.657951,23.697325,25.148355,24.250893,25.178701,28.68354,28.715054,31.243378,29.325968,31.07997,30.369522,26.121365,29.879288,26.917583,28.388287,30.926802,28.215899,31.887215,32.084175,33.359837,36.810932,32.450882,29.429947,34.1274,30.148365,33.927853,30.848297,36.09459,34.343082,36.248062,36.41808,34.800518,37.239178,40.097343,35.346405,37.858406,37.97253,37.76864,33.414932,33.139336,37.33617,34.83542,29.747143,30.8967,28.030188,29.036993,27.191538,21.910702,23.03153,18.907724,24.300312,19.573158,23.346935,23.157646,24.766104,25.54248,21.97522,20.574791,17.038847,19.683119,16.149895,20.048847,18.415737,21.274576,18.910225,19.087988,19.755156,14.216127,17.861525,14.650789,17.409199,18.183096,19.856995,22.348665,20.246881,16.295425,15.3137045,13.034419,14.388682,10.33465,14.544897,14.304779,18.477823,19.589396,22.630579,24.911701,23.67841,29.688738,26.963621,31.060827,31.423468,35.48078
4,12.999237,10.746934,6.987006,5.371344,0.0,4.211716,6.3787766,9.760611,12.664402,16.297312,18.55406,21.918053,25.285446,26.136456,27.617865,23.516396,26.873474,23.21512,27.56742,24.46308,26.009153,26.011278,27.177202,30.873459,30.72808,32.662136,30.863274,31.984049,31.49546,26.731365,30.39382,26.28726,28.188187,29.266384,26.658695,30.044374,29.828594,31.462187,35.18443,31.527828,29.054642,33.79945,30.506588,34.187996,31.793924,36.746574,35.63881,37.33583,38.14113,36.871082,39.212635,41.8984,36.979095,39.610638,39.44609,38.95432,34.17712,33.864006,37.49315,34.82945,29.718052,30.348711,27.018402,28.218658,26.385183,21.241016,23.256924,19.750408,25.108913,21.696493,24.915424,25.90428,27.056156,28.524511,25.26945,23.184029,19.848804,21.014833,17.205166,20.100416,17.337566,19.586277,16.61272,17.623499,19.054144,14.045889,18.830898,16.763214,19.824144,21.480734,23.2995,26.195919,24.152899,20.46181,18.918907,16.033936,16.15402,11.777031,14.373095,12.298776,16.883375,16.821556,19.472836,21.758436,20.886076,26.81329,25.119122,28.967937,30.0723,34.032284
5,15.713775,13.471831,9.8772335,7.7813544,4.211716,0.0,3.9665155,5.7285204,9.30268,12.647371,14.75354,18.288343,21.420359,22.133615,23.474247,19.363064,22.852842,19.300533,23.915804,21.138159,22.918678,23.34555,25.01198,28.477957,28.067482,29.587181,27.764994,28.535522,28.146288,23.199194,26.843737,22.375935,24.688704,25.55406,23.4299,26.750643,26.719477,28.656599,32.344517,28.747555,26.281036,30.760376,27.586773,30.931168,28.766788,33.292843,32.453625,33.95757,35.083374,34.06915,36.423424,39.086517,34.231495,37.098957,36.962288,36.556835,31.618792,31.59973,34.961876,32.654564,27.479818,28.399597,25.01197,26.720716,25.513094,20.083284,22.717194,19.073229,23.723944,20.77572,23.124846,24.553156,25.008713,26.744165,23.776619,21.195328,18.649694,18.85907,15.486567,17.966103,15.18266,17.726763,13.988278,14.730981,15.753722,11.384516,15.921535,14.690278,17.605028,19.907124,21.722015,24.92499,23.057085,19.742378,17.811993,14.434889,13.62296,9.424202,10.842398,8.479355,12.926132,13.098636,16.309309,18.023335,16.90581,22.78111,20.956713,24.765533,25.916494,29.854784
6,19.056639,16.84713,12.891431,10.827617,6.3787766,3.9665155,0.0,4.7760262,6.5693755,10.1913395,12.619625,15.674203,19.264486,20.452639,22.374592,18.798521,22.556116,19.558765,24.044819,22.10854,23.470675,24.54868,25.850574,29.663235,29.403522,30.62146,29.26399,29.694681,29.734703,24.715143,28.49099,23.464481,26.51031,26.503122,24.919256,27.919573,27.70544,30.028458,33.815296,30.730515,28.581305,32.838203,30.025955,33.01095,31.180994,35.091095,34.53545,35.680626,37.102047,36.40378,38.88467,41.58686,36.8641,39.932243,39.803753,39.410385,34.335037,34.45408,37.45827,35.261356,30.138199,30.891502,27.315619,29.201357,28.099785,22.870562,25.887186,22.554111,27.001114,24.500153,26.48907,28.152018,28.240816,30.005415,27.143377,24.39197,22.339941,22.107216,18.955057,20.9428,17.785301,19.911222,15.724417,16.858238,17.923876,14.4083805,18.643215,17.970413,20.51828,23.064495,24.528763,27.844374,25.70405,22.641954,20.31838,17.22294,15.9065275,12.448244,12.956759,10.144551,14.102969,13.702233,16.79896,17.864399,16.83396,22.255106,21.067795,24.38811,26.006014,29.58528
7,21.12152,18.921768,15.391035,13.111351,9.760611,5.7285204,4.7760262,0.0,4.646082,7.2457714,9.152458,12.729091,15.715334,16.49049,17.992287,14.21473,18.102818,15.149415,20.014692,18.360563,20.14652,21.577272,23.620186,26.911222,26.262825,27.00924,25.49789,25.554478,25.601454,20.457895,24.105429,18.81834,22.229687,22.22378,21.238443,24.183277,24.313654,26.871323,30.498457,27.352894,25.14071,29.013361,26.275394,28.856178,27.237955,30.701029,30.401682,31.388334,33.103386,32.636707,35.063057,37.69765,33.087612,36.340977,36.259796,35.99016,30.862282,31.309425,34.064663,32.326767,27.225456,28.397247,24.935875,27.317804,26.940659,21.522312,24.928679,21.46975,24.993893,22.929852,23.96225,25.960659,25.343367,27.339947,24.873829,21.717379,20.558626,19.385359,16.942497,18.447788,15.644178,18.123764,13.395449,13.912659,14.229591,11.849495,15.2814865,15.614155,17.849535,20.943964,22.429392,25.929455,24.157732,21.570496,19.082464,15.593179,13.361902,10.556125,9.331162,6.568548,9.712319,9.950109,13.884898,14.078481,12.570123,17.967571,16.327095,19.717255,21.241562,24.893366
8,25.012388,22.477568,19.091969,16.163397,12.664402,9.30268,6.5693755,4.646082,0.0,5.3157883,6.2931776,9.55524,13.001297,14.242559,16.615183,13.641198,17.407833,15.282087,19.446922,18.888338,19.856369,22.013018,23.378405,27.098825,26.761927,27.23316,26.490074,26.27187,26.970835,22.050644,25.965494,20.509684,24.904425,24.424835,24.324135,26.900637,27.033993,29.962328,33.540398,30.78311,28.739513,32.19119,29.634449,31.639078,30.18439,32.70888,32.533672,32.989326,34.872856,34.786938,37.478737,40.26941,36.001484,39.540516,39.635887,39.56136,34.4464,35.1584,37.65299,36.215614,31.196547,32.42745,28.93905,31.489254,31.257496,25.960104,29.503225,26.098818,29.438301,27.373756,28.13708,29.959827,28.948654,30.67428,28.257963,25.109808,24.623075,23.457205,21.37726,22.772728,20.005846,22.281588,17.376383,17.95063,17.894806,16.225101,18.7436,19.303873,20.877028,24.000341,24.875122,28.399271,26.218098,24.001928,21.09526,18.218336,15.714365,14.020022,12.629971,10.71739,12.674455,12.945312,16.743591,15.81855,14.191606,18.518753,17.19055,19.736866,21.52395,24.506756
9,27.935862,26.04891,21.982878,20.2175,16.297312,12.647371,10.1913395,7.2457714,5.3157883,0.0,4.68602,6.1181607,9.7171335,11.533691,13.852546,11.844883,16.37657,15.195982,19.864637,20.243382,21.717339,24.37961,26.48241,29.569706,28.759087,28.476664,27.511356,26.547411,27.174957,22.096233,25.289715,18.985493,23.382923,21.268635,21.655851,23.657755,23.555407,26.820488,30.366749,28.403463,26.993538,30.08861,28.400543,30.080511,29.487816,31.595846,32.192955,32.520073,35.02474,35.2345,37.56008,39.967545,35.67578,39.141533,38.945984,38.618263,33.35235,34.093365,35.87128,34.552254,29.820316,30.742287,27.177189,29.989912,30.214323,25.355877,29.426504,26.644615,29.266485,28.457773,28.461206,31.191603,29.787249,32.118027,30.202808,26.683867,26.409897,24.018312,22.231613,22.479778,19.41164,21.02693,15.995634,16.86197,17.12626,16.958141,19.615032,21.254147,22.947939,26.480324,27.680435,31.273539,29.604319,27.614704,24.828262,21.535524,18.542006,16.907463,14.028465,11.032169,11.765433,10.674664,13.736436,11.866284,10.659907,14.156551,14.377905,16.35733,19.053919,21.86925
10,30.205942,27.747725,24.535757,21.640827,18.55406,14.75354,12.619625,9.152458,6.2931776,4.68602,0.0,4.5028577,6.857889,7.9760222,10.638161,8.71806,12.645926,11.946998,15.879182,17.00118,17.957674,21.10034,23.008472,26.039043,25.334066,24.797857,24.390318,23.292244,24.447294,19.746145,23.300663,17.451641,22.811161,21.618767,22.982567,24.972067,25.443674,28.805267,32.037228,29.733961,27.958584,30.503244,28.449234,29.463623,28.625565,29.793222,30.214636,30.062065,32.52857,33.043022,35.681942,38.33721,34.508762,38.320454,38.501137,38.616726,33.55781,34.75499,36.596935,35.881348,31.162525,32.728027,29.453358,32.523384,33.128555,28.01052,31.931438,28.701334,30.866116,29.554447,29.109629,31.295422,29.333174,31.216177,29.435047,25.961351,26.725462,24.491995,23.432096,24.000587,21.697424,23.877125,18.794703,18.842493,17.901955,18.225386,19.25914,21.104311,21.930082,25.486671,26.086079,29.653784,27.838139,26.415537,23.35859,20.55146,17.211805,16.890356,13.791895,12.642096,12.212251,12.89491,16.718485,13.900481,11.844346,14.396039,13.128299,14.608499,16.689182,19.027386
11,33.795753,31.605381,27.901806,25.514774,21.918053,18.288343,15.674203,12.729091,9.55524,6.1181607,4.5028577,0.0,4.3963566,7.1848526,10.56293,10.677283,14.52632,15.038807,18.532715,20.597275,21.380892,24.89573,26.715466,29.61708,28.867855,27.865911,27.691576,26.111662,27.452606,22.91112,25.992502,19.78895,25.181593,22.644127,24.481792,25.871943,26.047226,29.665247,32.846806,31.340464,30.11895,32.346855,30.981089,31.670385,31.449104,32.076965,33.01961,32.60514,35.456142,36.253536,38.72943,41.17114,37.46117,41.241722,41.268093,41.238384,36.128063,37.32682,38.62885,37.9712,33.505836,34.732655,31.381084,34.513153,35.250908,30.524324,34.717445,31.923286,33.87768,33.225224,32.53076,35.148468,33.046967,35.16281,33.582573,30.003248,30.7734,28.081827,27.031643,27.038622,24.42817,26.033838,21.021235,21.464773,20.918026,21.81335,23.101585,25.277905,26.163002,29.806263,30.434772,33.99503,32.246246,30.905706,27.838081,25.034004,21.64499,21.2411,17.893457,16.091621,15.384891,15.0182495,17.884861,14.485827,13.054106,14.016489,14.492006,14.781821,17.69089,19.273401
12,36.670315,34.391388,31.052385,28.420528,25.285446,21.420359,19.264486,15.715334,13.001297,9.7171335,6.857889,4.3963566,0.0,3.3051744,6.860534,8.667669,11.769069,13.498899,16.311626,19.371592,20.104876,23.990555,26.12074,28.409447,27.430635,25.812557,25.867859,23.78132,25.400816,21.30252,24.03107,18.078976,23.910213,21.398314,24.237644,25.284615,25.86557,29.584265,32.379025,30.97052,29.779823,31.303123,30.121498,30.075775,30.135702,29.761261,30.9913,30.145792,33.26258,34.436497,36.871155,39.231762,35.94288,39.869587,40.035877,40.22888,35.31807,36.872498,37.849174,37.768345,33.55223,35.14835,32.09531,35.48891,36.74545,32.08112,36.29466,33.47164,34.6869,34.255615,32.870926,35.468487,32.81067,34.86593,33.6929,30.059313,31.639006,28.550701,28.203653,27.930208,25.8781,27.608982,22.709566,22.615429,21.34941,23.198227,23.3718,26.096634,26.433659,30.165722,30.564775,34.04145,32.553093,31.731052,28.666101,26.022228,22.35374,22.765892,18.87193,17.922464,16.056162,16.385529,19.303997,15.054191,13.311459,12.670464,12.718289,11.884996,14.664971,15.499898
13,37.00327,34.57817,31.699648,28.748775,26.136456,22.133615,20.452639,16.49049,14.242559,11.533691,7.9760222,7.1848526,3.3051744,0.0,3.9167037,6.324479,8.656763,10.9916315,13.380246,16.864624,17.640202,21.631891,24.046068,25.890867,24.746891,22.855064,22.978481,20.70835,22.473133,18.66805,21.347542,15.807595,21.967546,20.204647,23.507982,24.606625,25.612616,29.24743,31.790958,30.054718,28.61745,29.780025,28.388256,27.949562,27.905365,27.0219,28.202654,27.146883,30.279682,31.605734,34.094505,36.50593,33.478966,37.52918,37.878872,38.309963,33.583878,35.391632,36.40176,36.701237,32.55506,34.56198,31.764488,35.285217,36.816154,32.0457,36.1237,33.109158,33.902534,33.331097,31.577686,33.94285,30.954752,32.84229,31.888786,28.291529,30.45378,27.311365,27.4706,27.247644,25.735746,27.777946,22.975643,22.359953,20.432201,22.695816,21.936083,24.891743,24.783205,28.501738,28.710478,32.099056,30.789457,30.324606,27.304184,24.817171,21.027067,22.073545,17.97296,17.909508,15.375644,16.599672,19.889076,15.435364,13.24879,12.321012,10.978848,9.88447,11.968365,12.628702
14,37.557304,35.267044,32.641212,29.838037,27.617865,23.474247,22.374592,17.992287,16.615183,13.852546,10.638161,10.56293,6.860534,3.9167037,0.0,4.926528,6.3659544,9.478646,11.858042,15.529348,16.87709,20.725412,23.846342,24.8864,23.301577,20.972775,20.734957,18.042011,19.641516,16.082808,18.166489,12.815698,19.015257,17.488667,21.406,22.323366,23.727026,27.266014,29.459673,27.643196,26.191442,26.825932,25.571898,24.650295,24.866064,23.455645,24.93342,23.76204,27.152191,28.644442,30.922033,33.15279,30.31302,34.363007,34.734432,35.26366,30.714949,32.74282,33.52521,34.239197,30.339203,32.639774,30.164608,33.828163,35.7761,31.140806,35.14336,32.202473,32.295723,32.052525,29.70528,32.16938,28.812878,30.80585,30.273386,26.635109,29.28929,25.71048,26.462814,25.897211,24.934336,27.03804,22.536493,21.439363,18.99107,22.088076,20.526615,23.980055,23.59979,27.359901,27.64906,30.920824,30.081604,29.917677,27.12357,24.558393,20.673727,22.089521,17.554737,18.021286,14.612849,16.323534,19.52341,14.815897,12.46185,10.684398,8.336479,6.523446,8.160873,8.813199
15,32.97243,30.590652,28.293413,25.326815,23.516396,19.363064,18.798521,14.21473,13.641198,11.844883,8.71806,10.677283,8.667669,6.324479,4.926528,0.0,4.8900604,5.4226823,9.743889,11.850797,13.857693,17.213762,20.667826,21.936014,20.32177,18.698784,17.850376,15.8401375,16.980005,12.654837,15.5481415,9.992662,16.272705,16.197002,19.16641,20.883312,22.404945,25.670292,28.118092,25.442844,23.404413,24.716564,22.650127,22.45763,21.900993,21.698961,22.513952,21.933575,24.865688,25.852112,28.303207,30.790161,27.49791,31.546827,31.97078,32.50945,27.833866,29.716017,31.179747,31.56655,27.277142,29.77676,27.248552,30.79176,32.475895,27.478798,31.25418,27.958275,28.391924,27.561451,25.565838,27.749214,24.64695,26.567963,25.742117,22.10022,24.555477,21.329529,21.95635,21.887066,21.097128,23.679893,19.118032,17.723932,14.965798,17.565866,15.879582,19.129143,18.857458,22.647285,23.10612,26.475958,25.612526,25.206203,22.479338,19.718956,15.836097,17.202774,12.693531,13.7464285,10.365323,13.086217,17.099545,13.143077,10.22151,10.936535,6.4777,7.6897273,8.275175,10.975463
16,35.80221,33.08789,31.556292,27.963066,26.873474,22.852842,22.556116,18.102818,17.407833,16.37657,12.645926,14.52632,11.769069,8.656763,6.3659544,4.8900604,0.0,4.526851,5.705421,9.51815,10.985309,14.695567,18.231323,18.711107,16.972271,14.675958,14.493185,12.051681,13.988909,10.865706,13.839001,10.249699,16.84168,18.287928,21.886044,23.497532,25.505602,28.566917,30.546408,27.558176,25.203321,25.773321,23.346212,22.269466,21.391958,19.779203,20.299065,19.001524,21.838442,23.271584,26.020964,28.736437,26.209543,30.544489,31.438196,32.522102,28.350832,30.688517,32.190884,33.25263,29.201178,32.270977,30.18048,33.77997,35.739666,30.70494,34.156654,30.597342,30.514637,29.255003,26.82398,28.289116,24.642927,25.939857,25.464306,22.113081,25.67846,22.782787,24.1916,24.40871,24.417906,27.313095,23.04027,21.134901,17.605482,20.376396,17.112448,20.333708,19.019182,22.50979,22.276207,25.356388,24.611986,25.006483,22.311054,20.27935,16.477058,19.115341,15.025028,17.45407,13.850741,17.380108,21.448967,17.520548,14.577854,14.497994,9.15232,9.277072,7.557,9.044952
17,31.552998,28.77124,27.573421,23.862871,23.21512,19.300533,19.558765,15.149415,15.282087,15.195982,11.946998,15.038807,13.498899,10.9916315,9.478646,5.4226823,4.526851,0.0,5.827632,6.463106,9.05166,11.979557,15.949203,16.79168,15.049462,13.803675,12.761788,11.396896,12.590245,8.42574,12.474008,8.94782,15.127047,17.809746,20.335348,22.613483,24.600475,27.370777,29.59116,25.926714,23.0882,24.380196,21.215523,21.002441,19.33093,19.215836,19.00818,18.488497,20.744125,21.526499,24.424177,27.370068,24.302221,28.566095,29.459671,30.48605,26.185745,28.299799,30.45757,31.112064,26.715658,29.877066,27.73158,31.145086,32.792175,27.484144,30.675585,26.80668,27.12276,25.249104,23.260376,24.414566,21.101727,22.324331,21.466358,18.096859,21.412846,18.976147,20.211937,20.989656,21.161062,24.443853,20.239317,18.126938,14.408978,16.473635,13.0192,15.925047,14.6896,18.243313,18.217741,21.465153,20.664137,20.737965,18.097313,15.819333,11.993724,14.693342,10.809824,14.028155,10.76131,15.087889,19.630688,16.574116,13.454603,15.209642,9.180679,11.30551,9.630776,12.567239
18,35.807495,32.588974,32.11866,27.657951,27.56742,23.915804,24.044819,20.014692,19.446922,19.864637,15.879182,18.532715,16.311626,13.380246,11.858042,9.743889,5.705421,5.827632,0.0,5.669206,5.7972503,9.681836,13.041006,13.137597,11.614834,9.503127,10.357654,8.819081,11.605401,9.880099,13.808206,12.797917,18.79935,22.292198,25.405464,27.45221,29.705864,32.411606,34.267586,30.532362,27.54863,28.137499,24.76988,23.65902,21.682596,19.877712,19.151062,17.615524,19.438587,20.799664,24.194544,27.481424,25.499128,30.022337,31.482363,33.110268,29.427933,31.93892,34.09048,35.34957,31.220938,34.772583,32.94861,36.368107,38.15376,32.837154,35.746693,31.66144,31.706367,29.309374,27.137165,27.367054,23.666143,23.92825,23.331697,20.551071,24.865696,23.113445,24.865051,25.993544,26.637102,30.063198,25.989828,23.721851,19.713072,21.609064,17.181517,19.581371,17.240763,20.118387,18.960623,21.7202,20.742037,21.841665,19.154112,18.15058,14.780398,18.647633,15.714594,19.565535,16.51817,20.913372,25.421371,22.134853,19.047924,19.867235,13.915436,14.689591,11.977365,13.104438
19,31.316977,28.035154,28.274597,23.697325,24.46308,21.138159,22.10854,18.360563,18.888338,20.243382,17.00118,20.597275,19.371592,16.864624,15.529348,11.850797,9.51815,6.463106,5.669206,0.0,4.30756,5.716822,10.488259,10.59839,8.816774,8.682387,7.766231,8.329562,9.723971,7.381466,12.293039,12.270158,17.11257,22.135294,24.102615,26.769688,29.057858,31.306196,33.265675,28.76681,25.234852,26.451103,22.22408,21.989916,18.99616,18.8933,17.14441,16.642626,17.538864,17.98112,21.567652,25.141829,22.637772,27.027624,28.569254,30.223213,26.606775,28.897251,31.810745,32.728565,28.370749,32.10628,30.412691,33.54428,35.031807,29.541151,31.945683,27.52559,27.82419,24.60023,22.871992,22.403025,19.036665,18.921713,17.94659,15.359341,19.738615,18.814684,20.62153,22.470814,23.599627,27.4194,23.73366,21.165749,16.971375,17.97562,12.90163,14.604631,11.837434,14.505452,13.328528,16.215147,15.323806,16.340364,13.874459,12.902327,9.839824,14.283486,12.235795,17.12649,14.663639,19.65824,24.376104,22.12065,19.032217,21.328976,14.937381,17.19371,14.446317,16.906342
20,33.530453,29.848763,30.360035,25.148355,26.009153,22.918678,23.470675,20.14652,19.856369,21.717339,17.957674,21.380892,20.104876,17.640202,16.87709,13.857693,10.985309,9.05166,5.7972503,4.30756,0.0,4.476194,7.33591,8.324415,7.7361407,7.9236517,9.3395405,10.191318,12.568891,11.405382,16.068554,16.19008,21.331135,26.026937,28.194881,30.784819,32.991642,35.390293,37.40905,33.026207,29.533985,30.691822,26.491043,26.056282,23.038933,22.29382,20.361412,19.330853,19.855762,20.541399,24.42021,28.18221,26.206017,30.642286,32.40588,34.24836,30.802553,33.13275,36.069027,37.031162,32.655514,36.35094,34.563442,37.66342,38.982292,33.387585,35.76182,31.205515,31.863815,28.234253,26.865679,25.939709,22.755186,22.068687,20.880983,18.760035,23.057203,22.768324,24.306704,26.470186,27.36148,31.193382,27.284994,24.953583,20.974041,21.487816,16.816774,17.882406,14.973498,17.070961,15.064831,17.622337,15.981761,17.397886,14.627702,14.726732,12.132948,16.743984,15.423663,20.13151,18.12005,22.913357,27.756628,25.307009,22.187002,24.241219,18.123928,19.791958,17.17503,18.795593
21,31.977064,28.211254,29.588196,24.250893,26.011278,23.34555,24.54868,21.577272,22.013018,24.37961,21.10034,24.89573,23.990555,21.631891,20.725412,17.213762,14.695567,11.979557,9.681836,5.716822,4.476194,0.0,5.491951,5.489452,4.9777727,7.544548,8.081906,10.64048,12.1125345,11.694583,16.225273,17.61959,21.678177,27.485365,29.035137,31.915731,34.225746,36.228462,38.1435,33.25186,29.399843,30.716698,25.962753,25.869684,22.144571,22.134964,19.357454,18.85137,18.398428,18.467813,22.514164,26.497639,24.586132,28.849525,30.839191,32.877625,29.80743,32.057423,35.489662,36.41192,32.074085,35.98583,34.473244,37.318443,38.490643,32.89479,34.72601,29.959967,30.609043,26.282658,25.191605,23.356169,20.428425,18.99433,17.66032,16.186357,20.747478,21.393894,23.152409,25.844635,27.284315,31.34107,27.8967,25.32196,21.243011,21.166048,15.958155,16.194187,12.677273,13.917676,11.280918,13.466468,11.87024,13.879084,11.553435,12.515299,10.898365,15.9263735,15.663279,20.95042,19.339325,24.377821,29.19923,27.390057,24.332098,26.981544,20.630707,22.862518,19.97769,22.029427
22,33.605137,29.387115,31.191975,25.178701,27.177202,25.01198,25.850574,23.620186,23.378405,26.48241,23.008472,26.715466,26.12074,24.046068,23.846342,20.667826,18.231323,15.949203,13.041006,10.488259,7.33591,5.491951,0.0,5.448647,7.8080516,10.831072,12.91485,15.415696,17.32544,17.120148,21.675802,22.72927,27.057737,32.51996,33.98285,36.925262,39.06494,41.18644,43.291405,38.436913,34.585033,36.122864,31.32499,31.358583,27.564451,27.464115,24.560696,23.837337,23.030895,23.10841,27.27418,31.363539,29.738937,33.915974,36.021877,38.120102,35.115356,37.25103,40.84595,41.584896,37.11773,40.883495,39.18863,41.90768,42.723522,36.990456,38.716976,33.79236,35.08741,30.211433,29.801651,27.513744,25.105473,23.200703,21.428753,20.491098,24.444292,25.915014,27.138592,30.276268,31.358469,35.434505,31.790262,29.535793,25.811728,24.967697,20.505026,19.950325,16.70548,17.288403,14.079637,15.709863,12.975784,15.047465,12.531555,14.7803755,13.9452305,18.628422,19.30652,24.285847,23.366497,28.159695,33.113537,31.351498,28.298569,31.070791,25.022429,27.018047,24.45111,26.069113
23,36.19609,32.270206,34.273964,28.68354,30.873459,28.477957,29.663235,26.911222,27.098825,29.569706,26.039043,29.61708,28.409447,25.890867,24.8864,21.936014,18.711107,16.79168,13.137597,10.59839,8.324415,5.489452,5.448647,0.0,3.3574786,6.951401,9.373489,12.340286,14.168821,15.593066,19.369686,22.012411,25.763176,32.01711,33.83682,36.593105,39.086983,40.97749,42.618546,37.631123,33.695705,34.539955,29.697172,29.079218,25.189253,24.229046,20.975546,19.95332,18.616318,18.89264,23.133272,27.264715,26.404737,30.59174,33.026093,35.518276,33.101616,35.558365,39.00474,40.34181,36.29072,40.452816,39.23807,42.028954,43.297756,37.79457,39.32297,34.51232,34.868206,30.273008,29.07216,26.489202,23.49451,21.190008,20.248636,19.624054,24.60571,25.735937,27.837938,30.625483,32.416496,36.511215,33.2471,30.556078,26.346796,26.332535,20.793833,20.763714,16.875671,17.157549,13.742976,14.672095,13.24478,16.355288,14.666624,16.777,15.921633,20.954033,21.064983,26.413738,24.74245,29.811605,34.5945,32.663128,29.58675,31.82183,25.381998,27.156748,23.860184,25.211435
24,35.79815,32.156483,33.888622,28.715054,30.72808,28.067482,29.403522,26.262825,26.761927,28.759087,25.334066,28.867855,27.430635,24.746891,23.301577,20.32177,16.972271,15.049462,11.614834,8.816774,7.7361407,4.9777727,7.8080516,3.3574786,0.0,4.424956,6.034857,9.212928,10.840919,12.670633,16.15404,19.281134,22.786667,29.251287,31.210085,33.861187,36.47956,38.289047,39.755997,34.7873,30.88557,31.467825,26.702919,25.855246,22.04692,20.873402,17.657898,16.631115,15.45407,15.8471985,20.068586,24.15811,23.271383,27.5423,29.954521,32.467567,30.09054,32.66914,35.951458,37.488003,33.58838,37.85573,36.79711,39.669712,41.19547,35.82905,37.416058,32.75297,32.627964,28.456768,26.751438,24.457941,21.066797,19.030085,18.52118,17.620619,23.015629,23.571373,26.055782,28.487505,30.514847,34.548424,31.438654,28.56766,24.162422,24.71075,18.757439,19.274593,15.278807,15.888982,12.887791,14.011587,13.404278,16.442331,14.921887,16.313253,15.082008,20.133833,19.658972,25.05607,22.94116,28.072315,32.708195,30.705734,27.658257,29.677416,23.119642,24.908356,21.366436,22.84654
25,38.42549,34.996456,36.110817,31.243378,32.662136,29.587181,30.62146,27.00924,27.23316,28.476664,24.797857,27.865911,25.812557,22.855064,20.972775,18.698784,14.675958,13.803675,9.503127,8.682387,7.9236517,7.544548,10.831072,6.951401,4.424956,0.0,4.774797,6.0840545,8.875361,11.435348,14.313903,17.56255,21.51306,27.498417,30.217916,32.466377,35.212048,37.20059,38.44761,33.876884,30.271297,30.243402,25.996368,24.371744,21.222038,18.650238,16.108177,14.219849,13.916325,15.251555,19.279428,23.120962,22.611593,27.07762,29.43337,31.97396,29.582405,32.434208,35.128796,37.07587,33.414288,37.709064,36.704296,39.834915,41.75751,36.552204,38.49958,34.106735,33.45223,30.107576,27.702276,26.160131,22.205189,20.799473,20.85999,19.432394,25.073097,24.57815,27.349312,29.10355,31.069233,34.8922,31.659132,28.75333,24.188894,25.700573,19.636923,21.121336,17.343855,18.634474,16.223892,17.595636,17.404226,20.165367,18.4784,19.11544,17.149017,22.046473,20.533474,25.611177,22.797138,27.798332,32.26348,29.681246,26.637508,27.768515,21.280012,22.392136,18.553482,19.39812
26,35.589676,32.53546,33.621178,29.325968,30.863274,27.764994,29.26399,25.49789,26.490074,27.511356,24.390318,27.691576,25.867859,22.978481,20.734957,17.850376,14.493185,12.761788,10.357654,7.766231,9.3395405,8.081906,12.91485,9.373489,6.034857,4.774797,0.0,4.0561843,4.8118377,7.758579,10.333141,14.46577,17.459913,24.182898,26.476807,28.856508,31.691702,33.37674,34.512836,29.674994,25.923735,25.949919,21.465729,20.084738,16.61122,14.884541,11.979453,10.923904,10.600079,11.399204,15.372925,19.235214,18.13251,22.60258,24.857609,27.320929,24.912428,27.732553,30.579538,32.495235,28.904186,33.307148,32.514988,35.563507,37.591908,32.54842,34.32036,30.048237,28.997128,25.875723,23.153484,21.734167,17.584106,16.458523,16.858738,15.2506,21.122055,20.305447,23.445375,25.012306,27.384623,31.194565,28.38188,25.24486,20.562965,22.331654,15.869954,17.63406,13.852145,15.259328,13.52242,15.015796,15.696084,18.173595,16.930445,16.881485,14.960785,19.587164,17.886936,23.048088,20.082811,25.140461,29.379555,27.216772,24.295591,25.790783,19.170668,20.921133,16.979174,18.73875
27,37.493576,34.64219,35.061325,31.07997,31.984049,28.535522,29.694681,25.554478,26.27187,26.547411,23.292244,26.111662,23.78132,20.70835,18.042011,15.8401375,12.051681,11.396896,8.819081,8.329562,10.191318,10.64048,15.415696,12.340286,9.212928,6.0840545,4.0561843,0.0,3.8195477,6.8256364,8.580757,12.380463,16.021963,21.96124,25.030716,26.9894,29.890171,31.809132,32.803444,28.453098,25.086514,24.597347,20.78162,18.691862,16.140694,13.038538,11.336084,9.387678,10.69747,12.429344,15.856069,19.249317,18.24641,22.829802,24.842094,27.15301,24.548983,27.550518,29.745602,31.938208,28.530972,32.831528,31.994883,35.29226,37.64556,32.772022,34.960453,31.003162,29.594975,27.358038,24.115747,23.632101,19.16486,18.874435,19.576138,17.421227,23.103699,21.251282,24.440783,25.301842,27.434267,30.967234,27.992422,24.924225,20.227297,22.89442,16.702995,19.344204,16.064749,18.128616,16.937693,18.730505,19.395124,21.501255,19.991888,19.325607,16.77828,21.050634,18.396114,23.02962,19.456406,24.24547,28.266033,25.538385,22.659449,23.27581,16.807453,17.896852,13.697583,14.985261
28,35.85456,33.3276,33.869274,30.369522,31.49546,28.146288,29.734703,25.601454,26.970835,27.174957,24.447294,27.452606,25.400816,22.473133,19.641516,16.980005,13.988909,12.590245,11.605401,9.723971,12.568891,12.1125345,17.32544,14.168821,10.840919,8.875361,4.8118377,3.8195477,0.0,5.390059,5.8398323,11.251285,13.435146,20.325724,22.907171,24.986944,28.001833,29.546183,30.362375,25.68903,22.139341,21.600157,17.483294,15.527818,12.543422,10.194593,7.908985,6.9886417,8.194839,9.365383,12.589875,15.97341,14.528316,19.111166,21.109833,23.445864,20.978148,24.000553,26.373722,28.627922,25.366505,29.834854,29.294907,32.472588,34.932972,30.257862,32.177414,28.347458,26.483671,24.436779,20.859802,20.386005,15.740934,15.665269,16.817606,14.679448,20.512333,18.438587,22.039707,22.728338,25.345287,28.855803,26.381876,23.088327,18.320627,21.1732,14.668584,17.448349,14.247095,16.177814,15.565303,17.198183,18.589647,20.530495,19.520243,18.499182,16.241472,20.15434,17.549807,22.19177,18.605236,23.367897,27.113943,24.875246,22.167969,23.147202,16.707819,18.391748,14.234414,16.2931
29,31.836817,29.445158,29.323431,26.121365,26.731365,23.199194,24.715143,20.457895,22.050644,22.096233,19.746145,22.91112,21.30252,18.66805,16.082808,12.654837,10.865706,8.42574,9.880099,7.381466,11.405382,11.694583,17.120148,15.593066,12.670633,11.435348,7.758579,6.8256364,5.390059,0.0,5.051294,6.940904,10.364559,16.648232,18.838472,21.261517,24.0018,25.834345,27.22383,22.593893,19.06807,19.529926,15.428277,14.654084,11.940935,11.952385,10.829499,11.066407,12.947156,13.3509445,16.057768,19.058525,16.098015,20.489426,21.773745,23.343376,19.784012,22.379873,24.883144,26.342184,22.460701,26.54998,25.439121,28.720982,30.933933,25.996103,28.354048,24.497606,23.271414,21.414938,18.224594,18.729717,14.499335,15.529607,15.844439,12.742396,17.65748,14.969559,17.9791,18.580538,20.620138,24.150227,21.293598,18.142427,13.420314,16.344893,10.320137,13.719624,11.358572,14.347639,14.601996,17.1512,17.991817,18.881577,17.447084,15.401265,12.512494,15.804797,12.5210705,16.893005,13.226397,18.03585,21.949266,19.820158,17.04997,18.741907,12.200697,14.763778,11.309968,14.594877
30,34.49053,32.61842,32.3464,29.879288,30.39382,26.843737,28.49099,24.105429,25.965494,25.289715,23.300663,25.992502,24.03107,21.347542,18.166489,15.5481415,13.839001,12.474008,13.808206,12.293039,16.068554,16.225273,21.675802,19.369686,16.15404,14.313903,10.333141,8.580757,5.8398323,5.051294,0.0,7.0027995,7.800476,14.781184,17.439344,19.304768,22.414253,23.865244,24.560753,20.0671,16.785587,16.019579,12.407183,10.313864,8.333572,7.0309677,7.066774,7.686553,10.650424,11.3600855,12.969232,15.242134,12.40455,16.769464,17.933704,19.595278,16.429726,19.443306,21.2927,23.525385,20.377949,24.714005,24.230011,27.570139,30.394846,26.102852,28.337406,25.083385,22.589622,21.948763,17.674479,18.80468,14.0933075,15.735304,17.157976,14.256292,19.205652,15.540427,19.261719,18.820654,21.437408,24.512444,22.38877,19.053059,14.42555,18.46951,12.628686,16.488155,14.500684,17.121029,17.847147,19.8692,21.539858,22.561337,21.642319,19.470722,16.894438,19.59523,16.048714,19.688763,15.606443,19.753847,22.82511,20.69421,18.347746,19.06231,13.142412,15.152004,11.387715,14.400536
31,32.113422,30.434927,28.919914,26.917583,26.28726,22.375935,23.464481,18.81834,20.509684,18.985493,17.451641,19.78895,18.078976,15.807595,12.815698,9.992662,10.249699,8.94782,12.797917,12.270158,16.19008,17.61959,22.72927,22.012411,19.281134,17.56255,14.46577,12.380463,11.251285,6.940904,7.0027995,0.0,6.6075096,10.067552,13.14308,15.079179,17.728052,20.030151,21.590393,17.848295,15.217045,15.652719,13.174137,12.524114,12.125767,12.631318,13.912018,14.373511,17.60468,18.20968,19.727983,21.632614,17.958683,21.80542,22.07608,22.671734,18.24616,20.54086,21.962658,23.124483,19.314049,22.743704,21.25923,24.905048,27.49101,22.985994,26.166702,23.164711,21.629179,21.721857,18.140928,20.750135,16.9153,19.540527,19.915937,16.22313,19.503803,14.989044,17.380941,16.335201,17.51666,20.25416,17.266333,14.439862,10.271344,14.9974985,11.17,15.665456,15.121615,18.717278,20.021723,22.871529,23.642147,23.626429,22.046711,18.9421,15.619028,17.128448,12.395826,14.588802,9.9650545,13.542639,16.650038,13.914661,11.471624,12.309957,6.301883,9.262931,6.943709,11.411669
32,31.468761,30.57727,29.27883,28.388287,28.188187,24.688704,26.51031,22.229687,24.904425,23.382923,22.811161,25.181593,23.910213,21.967546,19.015257,16.272705,16.84168,15.127047,18.79935,17.11257,21.331135,21.678177,27.057737,25.763176,22.786667,21.51306,17.459913,16.021963,13.435146,10.364559,7.800476,6.6075096,0.0,8.423772,9.863976,11.910959,15.006171,16.15804,17.05739,12.4405575,9.378215,9.420975,6.64616,6.749583,7.1324997,10.518261,12.2330675,14.238574,17.13883,16.961035,17.176207,18.136745,13.595157,16.650896,16.258663,16.349337,11.727112,14.045675,15.431005,16.838448,13.447444,17.36561,16.75125,20.255873,23.395851,19.640474,22.282326,19.943842,16.88725,18.32128,13.679427,17.207687,13.4755535,17.086895,18.271679,14.850658,17.555412,12.073455,15.3114605,13.130419,15.580182,17.900032,16.55416,13.301084,9.525377,14.821393,11.255562,15.690557,15.73668,18.738604,20.921898,23.249708,24.997622,24.802307,24.095102,20.766241,18.27957,18.966427,14.885109,16.56756,12.580773,15.2122135,16.979647,15.742225,14.266754,15.446159,11.354374,14.274546,12.466193,16.532305
33,33.991764,33.657494,30.812918,30.926802,29.266384,25.55406,26.503122,22.22378,24.424835,21.268635,21.618767,22.644127,21.398314,20.204647,17.488667,16.197002,18.287928,17.809746,22.292198,22.135294,26.026937,27.485365,32.51996,32.01711,29.251287,27.498417,24.182898,21.96124,20.325724,16.648232,14.781184,10.067552,8.423772,0.0,5.88037,5.5881453,8.376733,10.932215,12.331348,10.630976,10.575711,10.617847,12.077288,12.220478,14.997318,16.827152,19.82102,21.003359,24.651754,25.001062,24.986607,25.350018,21.13621,23.498283,22.281343,21.306017,16.464268,17.784494,17.14913,17.7216,14.935114,16.835861,15.37986,19.199797,22.554968,19.711033,23.459822,22.396307,19.837246,23.082928,19.16524,23.972198,21.094128,25.082098,25.817448,22.161425,23.44251,17.51989,19.086018,15.571767,15.886033,16.511106,14.9568405,13.117883,11.680362,17.340055,16.725847,21.136217,22.22132,25.664576,28.015467,30.747454,31.924957,31.165602,29.973269,26.149836,23.20904,22.781132,17.991085,17.136967,13.241998,13.08623,12.849707,10.758547,10.680426,9.72572,9.746385,11.468497,12.31242,15.90547
34,29.759075,30.079315,27.068918,28.215899,26.658695,23.4299,24.919256,21.238443,24.324135,21.655851,22.982567,24.481792,24.237644,23.507982,21.406,19.16641,21.886044,20.335348,25.405464,24.102615,28.194881,29.035137,33.98285,33.83682,31.210085,30.217916,26.476807,25.030716,22.907171,18.838472,17.439344,13.14308,9.863976,5.88037,0.0,3.901177,5.747406,7.215312,9.795245,6.866619,6.917554,9.660106,10.879687,13.442174,15.463977,19.705408,21.924017,23.98302,26.954031,26.54314,26.338245,26.621975,21.642826,23.322678,21.618029,19.928516,14.688758,14.88651,14.935149,13.891827,10.437449,11.577339,9.603443,13.438295,16.676458,14.047356,17.828749,17.34237,14.890832,19.009039,15.689554,21.204409,19.41931,23.846632,24.255764,20.770782,20.550522,14.575234,15.345523,11.068284,11.17672,11.153,10.891343,9.246792,9.479357,14.412219,15.47963,19.242802,21.289171,24.433939,27.431026,30.08072,31.370647,29.996424,29.204422,25.069563,22.72377,21.194458,17.114532,15.396151,12.757608,11.621012,10.251611,10.786408,11.446354,13.018921,13.286917,16.164875,17.146078,21.217438
35,33.380898,33.837994,30.58829,31.887215,30.044374,26.750643,27.919573,24.183277,26.900637,23.657755,24.972067,25.871943,25.284615,24.606625,22.323366,20.883312,23.497532,22.613483,27.45221,26.769688,30.784819,31.915731,36.925262,36.593105,33.861187,32.466377,28.856508,26.9894,24.986944,21.261517,19.304768,15.079179,11.910959,5.5881453,3.901177,0.0,3.394508,5.354925,7.2578964,6.896933,8.880678,9.814945,12.809946,14.321038,17.412842,20.640951,23.53723,25.310108,28.647686,28.546143,28.013657,27.869791,23.269548,24.711882,22.783716,20.902418,16.072357,16.32454,15.019045,14.456815,12.28283,12.756389,11.329475,14.937505,18.546165,16.908512,20.629568,20.761541,17.88958,22.592188,19.008024,24.581423,22.589993,27.020649,27.72861,24.281742,24.327883,18.29096,19.206732,14.802752,14.741098,14.00865,13.998892,12.887693,13.229009,18.241968,19.133312,23.048162,24.893162,28.066492,30.945757,33.554825,34.9226,33.712856,32.852386,28.768486,26.261154,24.910582,20.621159,18.732225,15.887027,14.319003,12.219925,12.053342,13.19608,13.06618,14.617831,16.52284,17.846735,21.367903
36,33.17556,33.962013,30.215057,32.084175,29.828594,26.719477,27.70544,24.313654,27.033993,23.555407,25.443674,26.047226,25.86557,25.612616,23.727026,22.404945,25.505602,24.600475,29.705864,29.057858,32.991642,34.225746,39.06494,39.086983,36.47956,35.212048,31.691702,29.890171,28.001833,24.0018,22.414253,17.728052,15.006171,8.376733,5.747406,3.394508,0.0,3.8978982,7.038355,8.387391,11.007339,12.628155,15.669068,17.610027,20.536268,24.020056,26.829094,28.626163,31.92493,31.745031,31.26103,31.122488,26.405333,27.672607,25.583967,23.425901,18.622976,18.3623,16.984722,15.58966,13.5632105,12.81029,10.847331,14.124054,17.401213,16.325657,20.274612,20.974146,18.671005,23.704535,20.728523,26.49459,24.974623,29.475418,29.915358,26.471827,25.85249,19.997923,20.195328,15.682229,14.739478,13.113307,13.445284,13.215118,14.66218,19.053707,21.013468,24.631044,26.888926,30.072681,33.090816,35.792606,36.977486,35.459934,34.553032,30.326603,27.891909,26.016224,21.897564,19.180626,16.970148,14.380086,11.188431,11.774692,13.640196,13.705011,16.406273,18.24771,20.188538,23.645802
