,0,1,2,3,4,5,6,7,8,9,10,11,12,13,14,15,16,17,18,19,20,21,22,23,24,25,26,27,28,29,30,31,32,33,34,35,36,37,38,39,40,41,42,43,44,45,46,47,48,49,50,51,52,53,54,55,56,57,58,59,60,61,62,63,64,65,66,67,68,69,70,71,72,73,74,75,76,77,78,79,80,81,82,83,84,85,86,87,88,89,90,91,92,93,94,95,96,97,98,99,100,101,102,103,104,105,106,107,108
0,0.0,5.0534625,6.693592,10.000832,12.97594,15.463321,17.953983,18.980707,22.819391,25.924633,28.124361,30.90701,33.994957,36.646393,37.14782,36.771027,39.564045,36.264996,39.553852,34.16886,37.58429,34.929157,38.858067,37.90535,35.89797,38.19467,33.57454,34.857613,31.030712,31.503687,28.398462,30.88688,24.550425,28.458593,23.361336,25.767296,27.91894,25.867922,21.77862,22.20347,22.72566,17.576855,19.986116,14.681223,18.578201,12.342536,16.238361,17.961355,19.677053,21.971552,20.418367,19.101439,21.052456,21.745974,22.519873,22.95117,22.704071,25.982616,24.421474,28.718372,28.061798,31.558908,32.599663,35.840237,40.098866,38.089794,41.628372,40.244858,35.324497,38.028076,32.968964,36.270782,31.883293,34.17916,35.860115,33.269756,36.34308,31.090666,33.795296,31.949154,32.90774,34.55635,31.909132,29.606796,26.028008,30.430748,26.223507,29.592928,26.986702,27.405504,26.535707,22.2157,20.627577,19.941801,18.634151,16.77294,19.96315,21.530354,24.601503,27.224712,30.618727,33.596786,31.392546,30.007544,26.115366,25.71836,26.59227,25.254154,26.800344
1,5.0534625,0.0,6.257251,6.2988615,10.255499,13.636113,15.319234,17.170761,20.417402,23.725204,26.3188,28.574913,31.760414,34.454056,35.216732,34.447582,37.680275,34.378464,38.241734,33.13323,36.714676,34.52416,38.53942,38.09268,36.013,38.348976,33.75849,34.857178,31.12394,30.96002,27.69181,29.20536,22.982952,25.483248,20.11595,22.057907,23.895422,21.486225,17.308456,18.197796,19.433191,14.195898,17.78782,12.835812,17.662935,13.328157,17.61202,20.04021,21.88858,23.68639,21.614914,19.98404,20.846653,20.907145,20.965525,20.55412,20.025068,22.98785,20.730015,24.944468,24.578964,27.625883,28.638737,31.950296,36.282524,34.58594,38.267162,37.342995,32.440044,35.807983,30.903866,34.863625,30.82468,33.652172,35.219906,32.394398,34.718258,29.08397,31.428675,29.088331,29.659906,30.860641,28.37848,26.350584,23.324078,28.004951,24.553349,28.581863,26.469631,27.596546,26.904032,23.069511,20.650614,21.510065,20.336592,17.71283,21.207996,21.431835,25.305874,26.91648,31.014574,34.572216,32.296204,30.471012,27.18236,25.544643,26.71901,24.599873,26.208961
2,6.693592,6.257251,0.0,6.82834,7.141922,9.51924,12.32532,14.159649,17.733238,20.109234,22.735756,25.715664,28.525576,31.415703,32.37136,32.39798,35.463703,32.58636,36.15443,31.231009,35.02304,32.97102,37.47549,36.324238,33.879353,35.5481,30.795261,31.415369,27.63964,28.296648,24.519884,27.318163,20.814693,24.106451,19.832409,21.716442,24.304893,22.71762,18.460096,20.226078,21.079174,16.729364,19.129303,14.493544,18.87215,14.190822,17.500254,20.109606,22.935314,25.297268,24.243195,23.609741,24.261133,25.241783,25.061346,25.26175,23.679754,26.699213,24.993755,28.555845,27.197668,30.334803,30.617235,34.199493,38.206642,35.587807,39.460278,38.46768,34.114586,36.47504,32.025707,35.533604,31.325172,33.784756,34.80521,31.738628,34.393307,29.301075,31.21005,29.687466,29.795507,31.511446,28.163597,26.337313,23.1621,26.96343,23.624823,27.037941,24.378603,25.137428,23.294756,19.868929,16.934866,17.319742,17.482378,15.525389,19.336039,20.048052,23.508799,25.849867,29.518854,32.78337,31.4329,29.92359,27.222084,26.138765,28.088524,26.518398,28.954433
3,10.000832,6.2988615,6.82834,0.0,5.287522,8.591201,9.412887,11.451296,14.290592,17.824944,20.43948,22.407887,25.645697,28.308329,29.165749,28.324007,31.743786,28.57015,32.728603,27.947853,31.725655,30.051302,34.34921,34.07138,31.788927,33.898422,29.359615,30.153887,26.573002,25.991545,22.525913,23.538498,17.395718,19.253721,14.121123,15.980597,18.143106,16.24213,12.070461,13.456052,14.677273,10.307831,13.70649,9.702558,14.853133,12.879797,16.53759,19.790306,22.446415,24.032263,22.378305,21.567404,20.836552,21.329931,20.313116,19.959667,17.807775,20.517042,18.620182,21.89449,20.586725,23.542412,23.901829,27.459211,31.547575,29.277548,33.14749,32.40468,27.934103,31.010244,26.57936,30.748653,26.95783,30.024921,31.113613,27.951626,29.773577,24.18571,25.990084,23.818157,23.92162,25.275156,22.394512,20.518858,17.698095,22.140026,19.331173,23.616646,21.798473,23.494991,22.72622,19.662497,16.38334,18.915903,18.20199,15.068477,18.80292,17.66952,22.10769,22.910343,27.456123,31.44881,29.619568,27.520287,25.390451,22.771744,24.862064,22.416779,24.846071
4,12.97594,10.255499,7.141922,5.287522,0.0,4.0963507,5.5394244,8.806006,11.384858,13.779911,16.86196,19.3235,22.162868,25.119396,26.419725,26.255058,29.767056,27.115965,31.262945,26.925486,30.966606,29.718735,34.48156,33.74323,31.090973,32.492764,27.868452,28.02057,24.5111,24.459126,20.365623,22.194275,15.955035,17.607958,13.904593,15.156829,17.957058,16.861715,12.790382,15.568911,16.758495,13.74724,16.179081,13.099719,17.629477,15.949534,18.734138,22.124409,25.43338,27.318666,26.30774,26.059664,25.131783,26.069584,24.815485,24.64359,21.798695,24.283289,22.585205,25.130037,23.153893,25.787935,25.377205,29.146326,32.854076,29.875286,33.963337,33.43965,29.636742,31.988512,28.205751,32.143406,28.44425,31.31332,31.797754,28.349463,30.07833,24.994205,26.059399,24.539206,23.85113,25.438953,21.719818,20.362068,17.888597,21.308725,19.253359,23.106222,21.03491,22.688858,20.797613,18.60032,14.3633585,17.304255,18.010143,15.389185,19.303389,18.095985,22.292454,23.31885,27.630156,31.501102,30.555054,28.631744,27.289078,24.837515,27.618742,25.475632,28.493982
5,15.463321,13.636113,9.51924,8.591201,4.0963507,0.0,3.6784463,5.7929583,8.700988,10.597853,13.35176,16.358376,19.031109,21.990599,23.208273,23.54598,26.789686,24.382362,28.224865,24.030838,28.135427,27.022938,32.01156,30.918154,28.08401,29.09809,24.461016,24.33664,20.8714,21.170837,16.837915,19.445145,13.19986,15.802815,13.25681,14.726964,18.023481,17.859432,14.367313,16.822718,17.2593,15.259509,16.288925,13.925699,17.549473,16.347605,18.200443,21.638449,25.395748,27.388952,26.993774,27.398394,26.169432,27.681261,26.285105,26.63873,23.202831,25.673475,24.68884,26.694942,23.97415,26.77685,25.913372,29.678871,33.026268,29.365597,33.405712,32.66916,29.330214,30.773918,27.388477,30.843946,27.13531,29.691732,29.779737,26.241968,28.162655,23.639486,24.434303,23.658962,22.857544,24.970684,20.785385,19.42841,16.75296,19.30289,17.286434,20.538902,18.220943,19.72928,17.268812,15.669355,10.988616,14.419287,15.880203,13.635575,17.413387,16.119274,19.975153,21.17611,25.173447,28.895494,28.549068,26.793982,26.078451,23.851418,27.107674,25.35713,28.848251
6,17.953983,15.319234,12.32532,9.412887,5.5394244,3.6784463,0.0,4.8235984,6.016908,8.476539,11.579456,13.800051,16.666012,19.602545,21.005846,20.921038,24.551771,22.167513,26.499031,22.676167,26.839024,26.210009,31.155725,30.53175,27.723152,28.773243,24.346272,24.094921,20.898666,20.437145,16.183811,17.542429,11.730655,12.597983,10.276883,11.222396,14.547524,14.651061,11.514436,14.35952,15.052782,13.945678,15.132453,13.823281,17.41395,17.792437,19.607973,23.250813,26.914217,28.540081,27.94076,28.302156,26.399483,27.671057,25.800564,25.829693,21.976795,24.052385,23.005459,24.460958,21.586355,24.004868,22.840473,26.644712,29.856571,26.178612,30.315592,29.904549,26.801329,28.490295,25.442675,29.26162,25.954582,28.830576,28.74741,25.079952,26.28207,21.645424,21.964989,20.972553,19.71655,21.618162,17.357674,16.297108,14.227523,16.710419,15.675624,19.37598,17.701046,19.861822,17.87018,16.91342,12.0337925,16.685797,17.857351,15.220607,18.76723,16.343102,20.602448,20.770725,25.196583,29.283468,28.892426,26.848642,26.70926,23.643131,27.095373,24.930246,28.482193
7,18.980707,17.170761,14.159649,11.451296,8.806006,5.7929583,4.8235984,0.0,4.403434,8.093323,9.395219,12.020448,15.161479,17.678356,18.290161,18.334372,21.355091,18.7216,22.557096,18.32962,22.452665,21.574343,26.583048,25.764023,22.947697,24.102623,19.637989,19.644228,16.355494,15.835059,11.720017,13.680995,7.4201016,11.184829,9.387267,11.653117,15.200242,16.110092,13.758126,14.861714,14.13551,13.813413,13.018637,12.417353,14.681931,15.780717,16.584,20.207294,24.111832,25.676046,25.655142,26.713228,24.48849,26.422337,24.534338,25.360106,21.077003,23.30084,23.36017,24.489416,20.869328,23.91103,22.664799,26.266655,29.210775,24.95733,28.806818,27.736889,24.797932,25.465523,22.45941,25.618706,22.118511,24.640013,24.407776,20.766352,22.516352,18.33448,18.965319,18.765697,18.180876,20.908333,16.641237,14.908488,11.834799,13.805233,11.748502,14.91008,12.943254,15.043242,13.316466,12.51101,7.7330675,13.245886,14.17014,11.598029,14.738069,11.9569845,16.025755,16.22014,20.460478,24.514133,24.335958,22.384119,22.69868,19.83275,23.613384,21.914371,25.852976
8,22.819391,20.417402,17.733238,14.290592,11.384858,8.700988,6.016908,4.403434,0.0,5.0773883,6.620371,8.164678,11.440647,14.0377865,15.118296,14.9532,18.540802,16.280949,20.728857,17.405964,21.606394,21.633305,26.6346,26.224785,23.36329,24.16893,20.111921,19.596508,16.887655,15.641744,11.574499,11.953007,7.0897226,7.509715,7.7849674,8.848357,12.501855,14.253841,12.8077345,14.466107,14.029915,15.110143,14.41377,15.121636,17.15071,19.593632,20.28384,23.939589,27.750721,29.00921,28.884615,29.915092,27.10591,28.783419,26.424435,26.86886,22.172031,23.815088,23.806028,24.105194,20.235834,22.590206,20.716673,24.32081,26.853481,22.311579,26.293842,25.733515,23.46954,24.089737,21.909496,25.325935,22.503534,25.247711,24.551332,20.753487,21.42525,17.525059,17.0774,16.984833,15.414443,17.988838,13.292401,12.289357,10.483761,11.396013,11.513661,14.763041,13.758424,16.510927,14.935264,15.42568,10.707273,16.781067,17.936497,15.4412775,18.140806,14.448442,18.461292,17.485472,21.88157,26.13265,26.260942,24.125677,25.323307,21.721077,25.743649,23.72325,27.724281
9,25.924633,23.725204,20.109234,17.824944,13.779911,10.597853,8.476539,8.093323,5.0773883,0.0,4.273839,6.779963,8.658133,11.872808,13.927487,15.030823,18.55116,17.399548,21.504368,19.20266,23.365929,23.950287,29.125765,28.237516,25.127665,24.97634,21.119349,19.682884,17.395395,16.985657,12.546339,13.98974,10.492454,9.91158,12.303717,12.128736,15.552622,17.628773,16.345684,18.951002,18.873959,20.01046,19.473537,19.99903,22.010363,23.857967,24.332823,27.853981,31.887022,33.3816,33.525703,34.656357,32.04923,33.802116,31.494465,31.87021,27.19701,28.725332,28.504202,28.613554,24.77823,26.648886,24.367481,27.918991,30.020458,25.200783,29.169033,28.96446,27.42853,27.490616,26.040718,29.085613,26.521559,28.924564,27.732605,23.93842,24.414076,21.381254,20.164156,20.69046,18.36593,20.753214,15.710776,15.670078,14.801135,14.228589,15.442652,17.61875,16.494947,18.813395,16.01902,17.615679,12.682471,18.254843,20.589077,18.807585,21.408558,18.25925,21.554874,20.980906,24.716394,28.537645,29.480825,27.64696,29.251219,26.088902,30.274952,28.525858,32.63519
10,28.124361,26.3188,22.735756,20.43948,16.86196,13.35176,11.579456,9.395219,6.620371,4.273839,0.0,4.531049,6.314661,8.984092,10.311558,12.032263,14.907112,13.980489,17.576138,15.561363,19.633284,20.485615,25.674116,24.624973,21.470448,21.004553,17.405016,15.729632,13.824308,13.272543,9.0518265,10.830344,8.680567,9.569187,13.1468525,13.581639,16.896166,19.579947,18.894203,20.455091,19.519455,21.358805,19.618784,20.834587,21.806509,24.301464,23.993387,27.336073,31.4304,32.79139,33.384632,35.011757,32.116375,34.270935,31.902596,32.762333,27.80211,29.273937,29.820972,29.535883,25.18581,27.304085,24.852188,28.133709,29.810724,24.462435,28.090816,27.45239,26.425188,25.389668,24.436281,26.765884,24.378256,26.363052,24.766195,21.049047,21.622757,19.500933,18.067854,19.562677,17.55817,20.564817,15.618904,15.306997,14.185967,12.281354,13.6055765,14.671244,13.728778,15.986635,13.317507,15.93025,11.6636095,17.443703,19.72825,18.3089,20.219246,16.82025,19.468147,18.591879,21.840122,25.476233,26.910334,25.227434,27.570856,24.560312,28.971865,27.621239,31.951542
11,30.90701,28.574913,25.715664,22.407887,19.3235,16.358376,13.800051,12.020448,8.164678,6.779963,4.531049,0.0,3.7339854,5.909527,7.6429806,8.340662,12.104351,11.434793,15.873265,14.868736,18.726746,20.401236,25.223219,24.969694,22.062124,21.749613,18.799603,17.180864,15.964544,14.084455,10.9549465,9.622187,9.689945,6.948574,12.296377,11.886752,14.62187,17.944841,18.284897,19.60872,18.713276,21.588192,19.841297,22.035053,22.789627,26.509003,26.275185,29.69414,33.552235,34.512764,34.865047,36.405495,32.93558,34.812347,32.050156,32.622307,27.41685,28.352259,29.004074,27.970892,23.504549,25.029968,22.156942,25.212421,26.41058,20.917746,24.489271,24.280622,23.89992,22.90199,22.715075,25.304674,23.661896,25.940224,24.122883,20.425835,19.763323,17.893806,15.516898,17.035164,14.312941,17.114624,12.225765,12.619927,12.837119,9.893274,13.302923,14.620305,14.919415,17.826809,16.303127,19.048452,15.181461,21.30944,22.980366,21.173706,22.847347,18.600758,21.487146,19.364317,22.929876,26.862394,28.091469,26.11371,29.001251,25.173534,29.594193,27.863995,32.095535
12,33.994957,31.760414,28.525576,25.645697,22.162868,19.031109,16.666012,15.161479,11.440647,8.658133,6.314661,3.7339854,0.0,3.3936043,6.579838,8.780165,11.960018,12.5996275,16.340897,16.487106,20.011778,22.170362,26.892786,26.39138,23.435322,22.395939,19.89362,17.636227,17.029282,15.639971,12.7805395,12.038209,12.994966,10.319261,15.938676,15.123786,17.59246,21.017258,21.486662,23.140345,22.367086,25.286081,23.55087,25.69965,26.385788,29.91689,29.5131,32.839622,36.793385,37.83159,38.364594,40.011753,36.57716,38.521793,35.75808,36.33104,31.105917,31.950167,32.57374,31.36562,26.911917,28.14427,25.05598,27.947905,28.732256,23.133734,26.496553,26.511482,26.751299,25.268366,25.684166,27.893927,26.539568,28.520487,26.353148,22.803173,21.93372,20.852713,18.045338,19.982117,16.968277,19.5323,14.815353,15.741347,16.393326,12.861288,16.590168,17.14544,17.461731,20.01309,18.001923,21.382767,17.646952,23.398457,25.56706,24.132885,25.66311,21.689342,24.09822,22.13841,25.167841,28.732574,30.499151,28.732868,31.95217,28.37541,32.861797,31.315197,35.595684
13,36.646393,34.454056,31.415703,28.308329,25.119396,21.990599,19.602545,17.678356,14.0377865,11.872808,8.984092,5.909527,3.3936043,0.0,3.878692,6.6308823,9.198233,10.726754,14.060329,15.30033,18.36448,21.1041,25.483814,25.211813,22.433437,21.178501,19.343504,16.9916,17.084148,15.205756,13.333824,11.612459,14.22713,11.529755,17.551928,16.834208,18.916082,22.643343,23.618086,24.70877,23.573927,27.016844,24.778269,27.450466,27.581102,31.685568,30.944464,34.146236,38.002823,38.834976,39.5223,41.37913,37.66178,39.702038,36.820286,37.54295,32.180706,32.80562,33.84503,32.213,27.557331,28.672222,25.42305,27.968233,28.245043,22.413317,25.375486,25.310045,26.224531,24.022821,25.151318,26.895317,26.034185,27.778679,25.28084,21.944506,20.5879,20.403246,17.142265,19.679379,16.737225,19.414946,15.16358,16.171728,17.139502,12.722253,17.002699,16.855854,17.757898,20.311216,18.863361,22.636803,19.478945,25.185253,27.109192,25.77389,26.871305,22.671537,24.70164,22.22975,24.91226,28.328121,30.311232,28.588467,32.364216,28.693129,33.20118,31.786766,36.071766
14,37.14782,35.216732,32.37136,29.165749,26.419725,23.208273,21.005846,18.290161,15.118296,13.927487,10.311558,7.6429806,6.579838,3.878692,0.0,4.6758485,5.643557,7.499712,10.206338,11.938087,14.682292,17.699306,21.874384,21.689129,19.053715,17.821901,16.448753,14.28771,14.873702,12.417566,11.656908,9.302872,13.383607,12.1377,17.901072,17.897573,19.905966,23.723787,24.85839,25.071802,23.29473,27.017256,23.992395,27.047272,26.426214,30.951914,29.732582,32.725132,36.46547,37.116493,38.06842,40.237423,36.35186,38.646404,35.788597,36.89983,31.463867,32.085777,33.735966,31.960184,27.028013,28.49127,25.360651,27.637688,27.721178,21.646917,24.18895,23.511715,24.66973,21.54082,22.976105,24.034235,23.35702,24.732016,21.988274,18.850153,17.54715,18.233702,15.029617,18.346546,16.14354,19.34572,15.557932,15.9423275,16.428072,11.38626,15.339849,14.24177,15.567984,18.027496,17.318602,21.325672,18.959541,24.523008,26.027641,24.843994,25.39791,21.09295,22.619446,19.78185,22.038952,25.30454,27.439737,25.807829,30.047808,26.491888,31.00022,29.897322,34.21878
15,36.771027,34.447582,32.39798,28.324007,26.255058,23.54598,20.921038,18.334372,14.9532,15.030823,12.032263,8.340662,8.780165,6.6308823,4.6758485,0.0,4.845636,5.092787,9.811455,11.297381,13.912734,17.085625,20.823235,21.70219,19.458765,19.261578,17.958618,16.686527,16.964823,13.306465,13.075749,7.938131,12.856065,9.851656,15.596833,15.455834,16.840565,20.818565,22.604504,22.20607,20.334463,24.67695,21.674736,25.38541,24.638962,30.07494,29.099672,32.18084,35.60653,35.882935,36.462128,38.432026,34.13368,36.114998,32.999157,33.88146,28.391483,28.620712,30.41712,28.179892,23.24681,24.41894,21.200386,23.232597,23.118477,17.01634,19.517714,18.993263,20.355623,17.575375,19.32888,20.911203,20.750124,22.652258,20.12145,16.974815,14.526828,14.898405,11.0925045,14.230212,11.861333,15.030863,11.79985,12.262019,13.535527,8.1742,13.41022,13.164106,15.441363,18.562586,19.021313,22.30255,20.003344,25.985079,26.699356,24.950785,25.510609,20.5393,22.638826,18.808392,21.777874,25.576849,26.909792,24.853292,29.088984,24.716454,29.056473,27.498774,31.600983
16,39.564045,37.680275,35.463703,31.743786,29.767056,26.789686,24.551771,21.355091,18.540802,18.55116,14.907112,12.104351,11.960018,9.198233,5.643557,4.845636,0.0,4.266791,5.8032184,9.498936,10.952157,14.855127,18.062466,18.797476,16.807123,16.077692,15.879133,14.532847,15.836721,12.143322,13.432155,9.027653,15.041039,14.192866,19.42314,19.866259,21.267708,25.183056,26.911997,25.970299,23.552948,27.904802,24.12353,27.953575,26.387959,31.871878,30.232166,32.948822,36.30325,36.479393,37.549595,39.970264,35.64273,38.012028,35.032864,36.420063,30.944399,31.226873,33.64199,31.330353,26.21455,27.697546,24.650143,26.273727,25.749979,19.586584,21.259882,20.008406,21.993666,17.621923,20.0814,20.2523,20.471634,21.492136,18.393196,15.799428,13.549967,15.850646,12.34662,16.548132,15.230084,18.622677,16.069584,16.021585,16.587046,11.042926,15.014581,13.004692,15.515487,18.015743,18.914911,22.730515,21.402428,26.799067,27.43149,26.191107,26.054193,21.400791,22.460608,18.590935,20.422342,23.58546,25.54153,23.858711,28.798115,24.98279,29.28789,28.360903,32.501644
17,36.264996,34.378464,32.58636,28.57015,27.115965,24.382362,22.167513,18.7216,16.280949,17.399548,13.980489,11.434793,12.5996275,10.726754,7.499712,5.092787,4.266791,0.0,5.7367544,6.679656,8.950419,12.220158,15.742964,16.903467,14.942487,15.37031,14.465948,14.027446,14.532266,10.028477,11.462904,5.4771075,11.894974,11.783372,16.175829,17.218477,18.649244,22.360071,23.998844,22.470001,19.724764,24.09591,20.051254,24.064602,22.291393,28.096169,26.521626,29.270544,32.482235,32.531693,33.451115,35.81612,31.4122,33.764828,30.79344,32.276264,26.82051,27.1919,29.80213,27.650383,22.455963,24.362537,21.605808,23.337564,23.287565,17.16118,19.060514,17.301258,18.499777,14.367124,16.126625,16.656052,16.510668,17.927626,15.172088,12.205349,10.080637,11.685459,8.536588,12.872181,12.30494,16.16219,13.719328,12.86309,12.794819,7.3941956,10.971987,9.311753,12.289365,15.255776,16.956034,20.079662,18.910622,24.467379,24.497478,22.930077,22.778627,17.796265,19.240276,14.907821,17.416721,21.139084,22.405367,20.411179,25.116032,20.940245,25.227196,24.141647,28.276382
18,39.553852,38.241734,36.15443,32.728603,31.262945,28.224865,26.499031,22.557096,20.728857,21.504368,17.576138,15.873265,16.340897,14.060329,10.206338,9.811455,5.8032184,5.7367544,0.0,5.9238744,5.6048155,9.901756,12.621684,13.276047,11.679037,11.293567,12.090827,11.689655,13.552963,9.531012,12.786431,9.278887,15.455167,17.28255,21.293354,22.743267,24.287842,27.896631,29.34258,27.502108,24.35899,28.469648,23.76663,27.612347,25.031546,30.514202,28.158287,30.380442,33.49862,33.503613,35.07537,37.971413,33.713726,36.539143,33.845646,35.911472,30.603714,31.121561,34.279324,32.205585,26.956541,29.177063,26.64799,28.028507,27.647156,21.65153,22.738737,20.294256,21.97784,16.303173,18.57929,17.186613,17.329481,17.328924,13.853679,11.89884,10.825245,14.6791115,12.484911,17.31722,17.60004,21.440723,19.396915,18.31971,17.601624,12.643806,14.374365,10.6303,13.32246,15.083064,17.151052,20.838799,20.878603,25.468307,25.495716,24.679306,23.68975,19.450645,19.397213,15.464581,16.091797,18.712284,20.950233,19.614964,25.097824,21.967617,26.097713,25.93224,30.04562
19,34.16886,33.13323,31.231009,27.947853,26.925486,24.030838,22.676167,18.32962,17.405964,19.20266,15.561363,14.868736,16.487106,15.30033,11.938087,11.297381,9.498936,6.679656,5.9238744,0.0,4.2250776,5.8842673,10.426004,10.652149,8.474826,9.896128,8.750348,9.75811,10.101058,5.123977,8.88398,5.9923806,11.018716,15.209875,17.773844,20.126238,22.056828,25.167433,26.005035,23.769154,20.302092,23.820322,18.756805,22.283197,19.445276,24.70226,22.243645,24.471193,27.631044,27.742477,29.342955,32.28488,28.25797,31.291578,28.84249,31.203947,26.040504,27.039024,30.271593,28.873552,23.648184,26.656925,24.660131,26.429167,26.970345,21.227524,22.840086,19.893162,19.98109,15.086619,15.486433,14.449489,13.102016,13.345606,10.470688,7.556437,8.925049,11.155894,10.682246,15.041321,16.279669,20.501238,18.172716,16.125896,13.937031,10.213595,9.455939,4.873635,7.6166654,9.662606,12.694099,15.5687,16.043516,20.517023,19.960371,18.996288,17.90497,13.589757,13.655303,9.625505,10.952602,14.463434,16.063408,14.450147,19.537508,16.474451,20.786787,20.741592,25.047668
20,37.58429,36.714676,35.02304,31.725655,30.966606,28.135427,26.839024,22.452665,21.606394,23.365929,19.633284,18.726746,20.011778,18.36448,14.682292,13.912734,10.952157,8.950419,5.6048155,4.2250776,0.0,4.5717454,7.2427006,8.2820215,7.2446337,8.922306,9.800606,11.237624,12.556991,8.281957,12.713978,9.979577,15.133861,18.956306,21.460836,23.792969,25.394392,28.531229,29.650545,26.972273,23.2788,26.980095,21.618208,25.376568,21.935768,27.41882,24.575603,26.356888,29.136374,28.921024,30.791542,33.998913,29.836601,32.985977,30.596855,33.222267,28.204271,28.983812,32.70181,31.010576,25.817762,28.757223,26.861792,28.13118,28.193073,22.61037,23.456394,20.067198,20.827402,14.772633,16.055979,13.502951,13.0990715,12.252191,8.690125,7.260737,8.385716,12.681905,12.337768,16.987953,18.710752,22.775177,21.148058,19.144732,17.233414,13.531815,12.854622,8.140422,10.887076,12.047356,15.668191,18.461384,19.709618,23.562445,22.664484,21.992786,20.303333,16.405172,15.572132,11.409199,11.206507,13.793087,15.643138,14.394425,20.168165,17.507952,21.387571,21.830294,25.84741
21,34.929157,34.52416,32.97102,30.051302,29.718735,27.022938,26.210009,21.574343,21.633305,23.950287,20.485615,20.401236,22.170362,21.1041,17.699306,17.085625,14.855127,12.220158,9.901756,5.8842673,4.5717454,0.0,5.358808,5.3858676,4.4222164,8.308205,8.253919,11.097284,11.507011,7.8836093,12.385394,11.228811,14.650609,20.157848,21.449324,24.41643,26.239916,28.905266,29.509775,26.484863,22.54627,25.543491,19.853226,23.127821,19.183859,24.172731,20.92558,22.346313,24.995338,24.804733,26.994366,30.45163,26.617664,30.102375,28.101152,31.1761,26.48218,27.685085,31.590534,30.500088,25.470085,29.024351,27.649052,29.06622,29.711452,24.491985,25.491957,21.716322,21.37049,15.873159,15.657634,12.752074,11.017466,9.43678,6.475599,5.308458,9.555766,12.61364,13.876095,17.868814,20.326567,24.47514,22.80089,20.217838,17.28218,14.859873,12.085929,7.0965195,8.86513,9.11214,13.7678585,15.631132,17.86008,20.895586,19.348112,18.912088,16.688465,13.40628,11.74772,7.9893003,6.7281685,9.550095,11.096379,9.987951,15.821032,13.9583,17.724016,18.802544,22.836811
22,38.858067,38.53942,37.47549,34.34921,34.48156,32.01156,31.155725,26.583048,26.6346,29.125765,25.674116,25.223219,26.892786,25.483814,21.874384,20.823235,18.062466,15.742964,12.621684,10.426004,7.2427006,5.358808,0.0,5.1439834,7.2625628,10.997899,12.628564,15.500953,16.454262,13.1631,17.737707,15.850258,19.641142,24.47932,25.565273,28.50534,29.888634,32.49065,33.448242,29.831146,25.694002,28.888962,23.036646,26.604773,22.091936,27.415972,23.963196,24.813686,26.729265,25.96551,28.295292,31.935083,27.92294,31.38886,29.481483,32.80012,28.430916,29.29674,33.758266,32.3362,27.50047,30.943495,29.816654,30.61208,30.804302,26.035536,26.159538,21.909376,22.074158,15.757672,16.259737,11.607917,11.268053,8.159918,4.966571,7.1137705,10.296459,14.728412,16.214178,20.110466,23.136621,27.009691,26.1978,23.60478,21.008907,18.744087,16.285776,11.887251,13.953749,13.906331,18.795637,20.242151,22.934526,25.492996,23.41866,23.068882,20.399014,17.526138,15.449376,11.697299,9.4090185,10.578862,11.44128,10.798087,16.89607,15.417475,18.187418,19.761175,23.137787
23,37.90535,38.09268,36.324238,34.07138,33.74323,30.918154,30.53175,25.764023,26.224785,28.237516,24.624973,24.969694,26.39138,25.211813,21.689129,21.70219,18.797476,16.903467,13.276047,10.652149,8.2820215,5.3858676,5.1439834,0.0,3.377844,6.9908056,8.939741,12.076432,13.210505,11.375078,15.957573,16.276299,19.281805,25.353819,26.581154,29.656998,31.579063,34.163685,34.570744,31.496813,27.488224,30.07452,24.274055,27.057964,22.768497,26.856216,23.0237,23.668615,26.01173,25.837404,28.695457,32.561295,29.206282,33.028286,31.470503,34.9667,30.643772,31.999952,36.13116,35.24638,30.351753,34.052113,32.84553,34.105984,34.6305,29.543043,30.186476,26.176413,26.005825,20.110165,20.028952,16.063454,14.544212,11.512651,8.970615,9.785844,14.073971,17.648684,19.090588,23.080666,25.669968,29.788483,28.169762,25.600138,22.536575,20.200758,17.158966,12.149358,12.843831,11.505526,15.7745495,17.593395,20.85601,22.522818,20.95479,21.395922,18.462275,16.661766,13.468635,11.5656595,7.4926,6.9867597,10.14769,10.621902,16.457232,16.529009,19.54894,21.654978,25.322557
24,35.89797,36.013,33.879353,31.788927,31.090973,28.08401,27.723152,22.947697,23.36329,25.127665,21.470448,22.062124,23.435322,22.433437,19.053715,19.458765,16.807123,14.942487,11.679037,8.474826,7.2446337,4.4222164,7.2625628,3.377844,0.0,4.7684054,5.643141,8.8736105,9.861829,8.201147,12.727279,13.826487,16.5737,22.931484,24.398968,27.401054,29.572403,32.21841,32.437283,29.79827,25.972284,28.457142,22.842522,25.425003,21.574749,25.402145,21.737251,22.764444,25.58812,25.779621,28.510586,32.22708,28.966812,32.75243,31.110758,34.40831,29.890438,31.395485,35.165092,34.42333,29.434496,33.1155,31.725624,33.314774,34.028584,28.691183,29.786964,26.087029,25.76067,20.263334,19.97184,16.882587,14.875962,12.664132,10.076851,9.559577,13.912249,16.840792,17.995846,22.018257,24.174833,28.393757,26.279049,23.81185,20.676275,18.17745,15.175378,9.990311,10.208661,8.7943945,12.641821,14.986962,17.93215,19.881243,18.817303,19.273743,16.670954,14.702175,11.730397,10.148721,6.683673,7.2696824,10.876856,11.014065,16.555853,16.343142,19.905117,21.646873,25.658634
25,38.19467,38.348976,35.5481,33.898422,32.492764,29.09809,28.773243,24.102623,24.16893,24.97634,21.004553,21.749613,22.395939,21.178501,17.821901,19.261578,16.077692,15.37031,11.293567,9.896128,8.922306,8.308205,10.997899,6.9908056,4.7684054,0.0,4.7955546,6.1391683,8.781521,8.634178,12.762622,14.954278,18.011631,24.009672,26.398106,29.000786,31.38208,34.308598,34.487175,32.503838,28.961164,31.496387,26.181864,28.560102,25.234346,28.561514,25.000618,26.147705,29.299662,29.833218,32.640392,36.30632,33.22829,36.993393,35.305317,38.41966,33.731594,35.2373,38.697186,37.879597,32.774555,36.18999,34.4269,36.166603,36.661896,30.978178,32.207108,28.889093,29.099926,23.441471,23.757885,20.934319,19.254944,17.28411,14.382832,13.573848,16.962095,20.150799,20.419134,24.75625,26.160957,30.38401,27.802433,25.802744,23.080025,19.82306,17.798128,12.596344,12.446194,10.882164,12.7622175,16.36605,18.83477,20.635477,20.69529,21.582825,19.322823,17.679516,14.7820635,13.992385,10.913918,10.6242285,15.125895,15.572415,20.771166,20.77169,24.488443,26.105026,30.235395
26,33.57454,33.75849,30.795261,29.359615,27.868452,24.461016,24.346272,19.637989,20.111921,21.119349,17.405016,18.799603,19.89362,19.343504,16.448753,17.958618,15.879133,14.465948,12.090827,8.750348,9.800606,8.253919,12.628564,8.939741,5.643141,4.7955546,0.0,3.8518476,4.4188666,5.273345,8.669059,12.43708,14.068529,20.971487,22.845465,25.63832,28.313082,30.978916,30.719233,29.02106,25.659035,27.703474,22.644154,24.529396,21.630589,24.42946,21.082014,22.55145,26.072378,26.948277,29.567179,33.03275,30.201323,33.92921,32.320534,35.31027,30.660898,32.46177,35.535313,35.161537,30.161892,33.774147,32.132957,34.265785,35.29827,29.675053,31.473387,28.350782,27.780603,23.083721,22.457455,20.643929,18.066454,16.857428,14.547581,12.751232,16.713024,18.411968,19.0479,22.876566,24.1619,28.421614,25.396477,23.221977,20.026243,17.410769,14.623849,9.8853245,8.524623,6.5961814,8.00773,11.719174,14.054527,16.027056,16.276978,17.09475,15.187796,13.613271,11.038979,11.075788,9.005403,10.024588,13.941917,13.99669,18.421951,18.315306,22.332747,23.666317,28.002424
27,34.857613,34.857178,31.415369,30.153887,28.02057,24.33664,24.094921,19.644228,19.596508,19.682884,15.729632,17.180864,17.636227,16.9916,14.28771,16.686527,14.532847,14.027446,11.689655,9.75811,11.237624,11.097284,15.500953,12.076432,8.8736105,6.1391683,3.8518476,0.0,3.8505318,5.9897065,8.14565,12.545052,14.439759,20.558962,23.288548,25.603544,28.404018,31.304619,31.071352,30.013857,26.994373,29.172064,24.522831,26.352062,24.054087,26.688587,23.689909,25.434452,29.188465,30.256163,32.713478,35.991585,33.168888,36.73773,34.977062,37.666405,32.83527,34.552547,37.274014,36.770706,31.711933,34.997635,33.014915,35.29159,36.166107,30.304276,32.29472,29.603266,29.427994,24.80251,24.641277,23.246473,20.973314,20.130161,17.544876,15.449214,18.498667,20.2178,20.04833,23.997763,24.543339,28.719934,25.293955,23.598364,20.911674,17.68341,16.02236,11.67889,10.438813,9.239002,8.50118,13.260975,14.492818,16.84404,18.13153,18.961586,17.666292,15.954851,14.06935,14.087043,12.768699,13.775726,17.78372,17.73529,22.017008,21.579706,25.768894,26.760023,31.193213
28,31.030712,31.12394,27.63964,26.573002,24.5111,20.8714,20.898666,16.355494,16.887655,17.395395,13.824308,15.964544,17.029282,17.084148,14.873702,16.964823,15.836721,14.532266,13.552963,10.101058,12.556991,11.507011,16.454262,13.210505,9.861829,8.781521,4.4188666,3.8505318,0.0,5.1075945,5.596936,11.590983,11.7824955,18.884697,20.84858,23.44024,26.450365,29.018456,28.369802,27.414307,24.506111,26.161406,21.714903,23.050104,21.050781,23.151419,20.319546,22.243725,26.18666,27.48129,29.796919,32.920937,30.353874,33.897736,32.275726,34.922997,30.234482,32.20909,34.677814,34.59828,29.703516,33.21387,31.45806,33.989773,35.334457,29.669107,32.012386,29.367527,28.476385,24.640825,23.64074,22.885546,19.956406,19.5649,17.55973,15.038909,18.588263,19.124388,19.482498,22.868263,23.515026,27.67241,24.036201,22.083633,18.891378,16.515333,13.947208,10.321543,7.9386373,6.4905233,4.674412,9.54286,10.705361,13.1558695,14.498583,15.265108,14.274297,12.778927,11.246657,12.090593,11.582222,13.2931595,16.61798,16.342863,19.837158,19.445946,23.68369,24.528097,29.003923
29,31.503687,30.96002,28.296648,25.991545,24.459126,21.170837,20.437145,15.835059,15.641744,16.985657,13.272543,14.084455,15.639971,15.205756,12.417566,13.306465,12.143322,10.028477,9.531012,5.123977,8.281957,7.8836093,13.1631,11.375078,8.201147,8.634178,5.273345,5.9897065,5.1075945,0.0,4.8108172,7.213611,9.429396,15.749318,17.947851,20.542791,23.14651,25.964895,25.966127,24.40192,21.201775,23.72815,18.92218,21.337852,18.948988,22.727957,20.111649,22.334837,25.976671,26.705935,28.616753,31.630621,28.310604,31.615335,29.564821,32.061672,27.089722,28.664522,31.450294,30.812485,25.738256,29.082535,27.228842,29.503056,30.596811,24.902658,27.044844,24.310858,23.671778,19.605534,18.974178,18.320215,15.846841,15.892709,13.605787,10.681889,13.591418,14.395771,14.52515,18.199142,19.086,23.322128,20.144716,18.062763,15.12453,12.22585,10.100286,5.790361,5.2344995,6.130006,7.7494907,11.380101,11.999892,15.99545,16.184143,15.838057,14.872012,11.536454,11.054511,9.274333,10.056096,13.152306,15.530933,14.446041,18.739338,16.880457,21.323463,21.661783,26.160437
30,28.398462,27.69181,24.519884,22.525913,20.365623,16.837915,16.183811,11.720017,11.574499,12.546339,9.0518265,10.9549465,12.7805395,13.333824,11.656908,13.075749,13.432155,11.462904,12.786431,8.88398,12.713978,12.385394,17.737707,15.957573,12.727279,12.762622,8.669059,8.14565,5.596936,4.8108172,0.0,7.319779,6.5673633,13.371633,15.496964,17.888899,20.949657,23.570303,23.033615,22.382387,19.790138,21.743275,17.7908,19.459852,18.242935,21.146906,19.227423,21.927467,25.94206,27.10859,28.64662,31.230846,28.267643,31.322393,29.302692,31.381786,26.445726,28.245188,30.265612,30.050262,25.191055,28.42502,26.511703,29.277662,30.821571,25.221716,28.018793,25.879103,24.729876,21.912447,20.695461,21.27817,18.393513,19.239405,17.484308,14.129788,16.60145,15.806648,15.748106,18.56969,18.677456,22.697216,18.76958,16.932632,13.945624,11.71301,9.810788,7.891732,5.9274607,7.369666,5.9776053,9.700561,8.389803,13.372213,14.537679,13.922706,14.127138,10.923291,11.787081,11.16325,13.184289,16.492044,18.430271,17.175146,20.293436,18.292376,22.803907,22.620893,27.169622
31,30.88688,29.20536,27.318163,23.538498,22.194275,19.445145,17.542429,13.680995,11.953007,13.98974,10.830344,9.622187,12.038209,11.612459,9.302872,7.938131,9.027653,5.4771075,9.278887,5.9923806,9.979577,11.228811,15.850258,16.276299,13.826487,14.954278,12.43708,12.545052,11.590983,7.213611,7.319779,0.0,6.524133,9.272602,12.371494,14.358359,16.529955,19.742771,20.532738,19.017511,16.141058,19.776081,15.636391,19.110947,17.58173,22.86089,21.430227,24.363895,27.788649,28.137903,29.005161,31.291946,27.259945,29.76069,27.03541,28.667807,23.300892,24.272139,26.65276,25.343954,20.192686,22.879517,20.598759,22.95699,23.979147,18.186714,20.795336,18.79538,18.268847,15.381269,15.08406,16.357967,14.666164,16.48609,14.502945,10.834581,10.8529625,10.033735,8.704229,12.002178,12.0401945,16.221872,12.995794,11.144473,9.256444,5.1418977,6.291776,5.535502,7.687339,11.170521,12.735827,15.174656,13.732472,19.482815,19.369692,17.590117,17.779325,12.728452,14.814645,11.027731,14.491719,18.745314,19.558868,17.418152,21.286198,17.257254,21.747149,20.62067,24.986689
32,24.550425,22.982952,20.814693,17.395718,15.955035,13.19986,11.730655,7.4201016,7.0897226,10.492454,8.680567,9.689945,12.994966,14.22713,13.383607,12.856065,15.041039,11.894974,15.455167,11.018716,15.133861,14.650609,19.641142,19.281805,16.5737,18.011631,14.068529,14.439759,11.7824955,9.429396,6.5673633,6.524133,0.0,8.637263,9.080342,11.98778,15.045345,17.29318,16.715704,15.819941,13.393522,15.452731,12.01657,14.0592785,13.713276,17.61166,16.854483,20.199787,23.958746,24.857384,25.432539,27.339771,24.021652,26.475136,24.127398,25.639513,20.604599,22.33232,23.922316,23.822296,19.157051,22.405064,20.722221,23.773989,25.920551,20.845669,24.135458,22.376062,20.25663,19.260418,17.057045,19.35211,16.286982,18.534979,17.671892,13.908039,15.479538,12.31719,12.692495,13.948463,14.057207,17.788605,13.908677,11.587747,8.023248,7.918819,5.451325,7.7742157,6.8672886,10.14285,10.387959,11.201288,8.396432,14.6481285,14.646033,12.349982,13.697638,8.986647,12.511449,10.654782,15.001511,19.421738,19.585602,17.43549,19.53086,15.952123,20.344028,18.989326,23.378263
33,28.458593,25.483248,24.106451,19.253721,17.607958,15.802815,12.597983,11.184829,7.509715,9.91158,9.569187,6.948574,10.319261,11.529755,12.1377,9.851656,14.192866,11.783372,17.28255,15.209875,18.956306,20.157848,24.47932,25.353819,22.931484,24.009672,20.971487,20.558962,18.884697,15.749318,13.371633,9.272602,8.637263,0.0,6.2995543,5.8457837,8.261903,11.753269,12.854538,13.193128,12.319806,15.963478,14.625032,17.62427,18.57745,23.47978,23.85899,27.437765,30.783115,31.26168,30.916527,32.004177,28.073963,29.401798,26.31935,26.45719,21.20323,21.780537,22.374775,21.062515,16.657003,18.111835,15.385216,18.608234,20.348585,15.329784,19.286499,19.225985,17.953312,18.581455,17.663073,21.488132,19.981272,23.161125,22.083124,18.379837,17.01953,13.443343,11.437814,11.235804,8.455032,11.123185,6.2416787,5.978732,6.9688735,6.059126,10.077296,13.548943,14.668677,18.33138,18.482101,19.749657,16.146595,22.575264,22.859484,20.096674,21.92405,16.861477,20.813797,17.65281,22.359509,26.991848,26.896627,24.3331,26.687443,21.76196,25.810795,23.273104,27.12846
34,23.361336,20.11595,19.832409,14.121123,13.904593,13.25681,10.276883,9.387267,7.7849674,12.303717,13.1468525,12.296377,15.938676,17.551928,17.901072,15.596833,19.42314,16.175829,21.293354,17.773844,21.460836,21.449324,25.565273,26.581154,24.398968,26.398106,22.845465,23.288548,20.84858,17.947851,15.496964,12.371494,9.080342,6.2995543,0.0,4.1456203,6.7339325,8.259578,8.231682,7.499601,6.7807817,9.693388,9.375676,11.962956,13.839707,18.60821,19.821844,23.49656,26.481367,26.893372,25.939047,26.505642,22.767828,23.723894,20.745892,20.639923,15.625963,16.639505,16.806232,16.47102,12.507711,14.873713,13.304021,16.926044,19.933601,16.167913,20.20042,19.771452,16.679081,19.025105,16.28222,20.936684,18.645918,22.31623,22.28394,18.721432,18.267529,12.965332,13.002208,10.955908,10.001171,12.026115,8.6492405,6.520666,4.969614,8.995903,9.479538,14.489025,14.987737,18.493908,19.202543,18.765423,15.343364,21.270226,20.599121,17.183249,19.46479,14.638019,19.423262,16.709497,22.046907,26.90487,25.708935,22.926805,23.939726,18.829176,22.333128,19.274693,22.760597
35,25.767296,22.057907,21.716442,15.980597,15.156829,14.726964,11.222396,11.653117,8.848357,12.128736,13.581639,11.886752,15.123786,16.834208,17.897573,15.455834,19.866259,17.218477,22.743267,20.126238,23.792969,24.41643,28.50534,29.656998,27.401054,29.000786,25.63832,25.603544,23.44024,20.542791,17.888899,14.358359,11.98778,5.8457837,4.1456203,0.0,3.659687,6.133909,7.183794,8.515215,9.407788,12.363187,13.194822,15.562861,17.862795,22.3773,23.837334,27.54161,30.523037,30.937527,29.800707,30.09103,26.356756,26.893496,23.774492,23.02718,18.211668,18.664042,18.053978,17.18703,13.737215,14.746418,12.541768,16.280125,19.02445,15.471386,19.789396,20.333506,17.897518,20.697468,18.764477,23.652548,21.951372,25.691689,25.381542,21.810097,20.509655,15.609491,14.558059,12.272935,9.717698,10.608173,6.789406,6.608819,7.937578,10.453208,12.882845,17.540642,18.312439,21.898165,22.134998,22.214783,18.332615,24.408976,24.252567,20.947416,23.383884,18.611258,23.28511,20.446436,25.676903,30.508839,29.573172,26.790903,28.046755,22.820768,26.285133,23.057325,26.338509
36,27.91894,23.895422,24.304893,18.143106,17.957058,18.023481,14.547524,15.200242,12.501855,15.552622,16.896166,14.62187,17.59246,18.916082,19.905966,16.840565,21.267708,18.649244,24.287842,22.056828,25.394392,26.239916,29.888634,31.579063,29.572403,31.38208,28.313082,28.404018,26.450365,23.14651,20.949657,16.529955,15.045345,8.261903,6.7339325,3.659687,0.0,4.106233,7.3764634,8.044001,9.553456,13.108354,14.428597,17.265,19.443655,24.507446,26.133312,29.758762,32.40177,32.495285,31.02583,31.047106,27.016026,27.069696,23.70287,22.438715,17.767132,17.531954,16.663366,15.044389,12.021559,11.961134,9.492631,13.212733,15.994431,13.178674,17.537462,18.721153,16.362207,20.134996,18.488848,23.798477,22.677689,26.663467,26.48243,23.128782,21.0737,16.114225,14.821492,11.669849,8.794138,8.232513,5.9064374,6.5381117,9.385046,11.939134,14.945216,19.657793,20.941826,24.656633,25.369026,25.392672,21.764305,27.804298,27.319267,23.873762,26.155853,21.193998,25.89075,22.536312,27.858067,32.781822,31.530342,28.588322,29.88546,24.224998,27.377522,23.795456,26.67201
