,0,1,2,3,4,5,6,7,8,9,10,11,12,13,14,15,16,17,18,19,20,21,22,23,24,25,26,27,28,29,30,31,32,33,34,35,36,37,38,39,40,41,42,43,44,45,46,47,48,49,50,51,52,53,54,55,56,57,58,59,60,61,62,63,64,65,66,67,68,69,70,71,72,73,74,75,76,77,78,79,80,81,82,83,84,85,86,87,88,89,90,91,92,93,94,95,96,97,98,99,100,101,102,103,104,105,106,107,108,109,110,111,112
0,0.0,4.3864155,5.6782813,8.634019,11.977751,13.403372,17.200117,19.992094,23.151463,26.359682,31.218191,33.016903,35.399647,36.517487,32.902824,29.321594,26.103352,23.371502,21.409683,16.741137,16.288532,11.994563,13.664024,10.83921,14.579771,15.492038,16.926859,20.543707,20.237862,23.604042,24.394608,27.41233,33.086678,34.344784,37.861404,38.889416,43.294643,44.89883,43.754227,40.569626,35.81056,36.78079,31.737936,32.60258,28.47612,28.606688,26.253647,25.157402,26.283255,30.24981,28.650745,32.99895,30.893936,33.42576,36.784046,35.486774,40.55426,38.362785,35.418606,36.659863,40.737694,36.054436,32.71828,32.14836,28.733202,26.399244,26.536299,25.538187,22.172836,22.963442,22.816874,20.023674,20.977987,21.279518,23.830751,25.25908,29.034662,30.39651,34.567516,36.74447,40.525173,41.466003,38.17454,41.159256,40.677834,36.095924,33.58229,29.278723,28.964739,23.83864,23.124348,18.8576,19.747036,18.036638,15.850653,18.721468,20.889917,25.011337,24.322798,21.394258,26.265856,23.117105,30.019234,27.271599,32.01591,34.967052,32.440018,29.390335,27.851866,23.011417,21.173822,17.032862,15.553976
1,4.3864155,0.0,5.035115,4.6047363,8.7714615,10.839626,14.087362,17.479143,20.062511,23.715578,28.233017,30.472914,32.547146,33.53708,30.09825,26.282492,23.7151,20.50013,19.33531,14.640617,14.842984,10.568305,13.437261,10.582279,12.537313,14.443823,14.492745,17.743551,17.092571,20.020529,20.934195,23.455158,29.248484,30.158579,33.943745,34.784946,39.256207,41.019363,40.098976,37.04522,32.32266,33.7401,28.55827,30.048544,26.023468,26.617554,24.715569,24.219112,25.457306,28.866743,26.95524,30.947996,28.324978,30.764158,33.57569,32.417614,37.23355,34.859737,31.774984,32.737247,36.81767,32.062263,28.842384,28.592905,25.434448,23.373096,23.875893,23.322048,20.414558,21.618763,21.104898,18.922867,18.93786,19.798073,21.862173,22.52299,26.445347,27.30022,31.585407,33.43525,37.222744,37.95186,34.758183,37.622772,36.88285,32.345966,29.633331,25.526735,24.846136,20.018606,19.069082,14.962875,16.122307,15.095143,12.08837,14.567672,16.765347,20.840548,19.974304,17.009441,21.905228,18.917671,25.85955,23.367228,28.142948,31.195116,28.867311,25.719261,24.799726,19.489601,18.062372,13.745923,12.45979
2,5.6782813,5.035115,0.0,5.943502,7.3181033,9.34592,12.414147,15.864082,19.021858,22.115284,27.128468,28.687857,31.076918,31.840916,28.17493,24.581903,21.317162,18.381237,16.66033,11.488149,12.283089,6.6957755,8.624798,5.7779183,9.114776,11.154361,11.956953,15.720869,15.094734,18.991182,19.332102,23.056992,28.440487,30.400986,33.300167,34.882988,38.983658,40.361233,38.849915,35.47193,30.7377,31.366451,26.409876,27.041687,22.857021,23.004538,20.637913,19.803295,20.88846,24.66274,23.005507,27.324537,25.295223,27.923943,31.47052,30.325073,35.389202,33.561707,30.73958,32.388954,36.18296,31.61797,28.239035,27.12047,23.74211,21.061155,21.410797,20.101755,17.07722,17.634438,17.20048,14.48855,15.327549,15.926118,18.504986,19.912645,23.764475,25.30752,29.426115,31.849653,35.59083,36.747295,33.736088,37.032227,36.44236,31.766775,29.539104,24.998093,25.052073,19.400864,18.986904,14.580302,15.488362,14.179607,13.297303,16.323053,19.109884,22.678995,22.208454,19.137442,23.268114,19.97767,26.749254,23.565027,28.557549,31.521507,29.456226,26.486176,25.563633,20.453083,19.639988,15.224606,15.2038965
3,8.634019,4.6047363,5.943502,0.0,4.7094855,7.479679,9.832706,13.837362,15.929317,19.834713,24.144413,26.583366,28.4494,29.258253,25.927126,21.975603,19.877846,16.302837,15.8498535,11.262787,12.317467,8.359691,12.203075,10.077986,9.945641,13.431566,11.786834,14.639539,13.213952,16.071806,16.555288,19.144209,24.669096,25.726519,29.37398,30.27855,34.70678,36.422718,35.511597,32.52293,27.789919,29.405794,24.187717,26.014027,22.146463,23.040924,21.625515,21.621098,23.10649,25.8927,23.807787,27.432772,24.50231,26.99545,29.39448,28.595886,33.110737,30.8831,27.725101,28.666214,32.474476,27.659056,24.619179,24.2284,21.51919,19.4069,20.562284,20.14255,18.011805,19.276762,18.174059,16.508812,15.540156,16.781704,18.335182,18.389894,22.363194,22.905882,27.233358,28.938684,32.720722,33.39689,30.30769,33.214455,32.345417,27.790209,25.10089,20.968994,20.341421,15.414441,14.642063,10.676535,12.4347105,12.644251,9.640232,11.533379,14.14611,17.769249,16.656956,13.443582,17.901228,14.64269,21.569063,18.934278,23.840803,26.94315,24.913061,21.757616,21.487494,15.794752,15.2240095,10.725615,10.647128
4,11.977751,8.7714615,7.3181033,4.7094855,0.0,4.514318,5.489151,10.229723,12.400822,16.051796,20.605968,22.685522,24.647873,25.209955,21.762867,17.863865,15.560944,11.878504,11.596077,6.7594132,9.172879,5.2823186,9.508685,8.796803,7.0441556,12.227738,9.474056,12.195681,9.77949,13.46699,12.774886,16.575518,21.325397,23.367464,26.174845,27.63037,31.770432,33.126747,31.808428,28.671017,23.8636,25.069254,19.962288,21.40924,17.57251,18.368166,17.15867,17.323639,19.105774,21.51321,19.486164,23.003712,20.240992,23.013575,25.564579,25.19747,29.581562,27.937895,24.909079,26.328827,29.606695,24.868591,21.950684,20.674122,18.344122,15.59423,17.424435,16.49662,15.17289,15.92916,14.161863,12.5945635,11.009555,12.319009,13.687008,13.779342,17.766346,18.596073,22.869295,24.900837,28.671337,29.626198,26.668327,29.916103,29.14933,24.479834,22.228878,17.697372,17.873343,12.134345,12.251498,8.370333,10.612506,11.860692,10.706048,12.306844,15.384689,18.113195,17.069923,13.763851,16.998201,13.20327,19.728678,16.370855,21.462505,24.473314,22.817064,19.863512,19.952394,14.390581,14.903229,10.585615,12.273147
5,13.403372,10.839626,9.34592,7.479679,4.514318,0.0,5.097622,6.7026587,9.897335,13.012971,17.917555,19.720097,22.01434,23.16026,19.564114,16.076504,13.017245,10.513243,8.752428,5.7420416,5.2556195,5.518886,9.753287,11.031698,10.351567,15.887621,13.328836,15.892836,12.705957,16.503284,14.313695,18.675085,21.844362,24.250242,26.63527,27.697762,31.987307,32.965908,31.73089,28.964912,24.00387,25.098906,20.336908,21.19913,17.876537,18.005089,17.313734,16.7013,19.687347,21.858347,20.32615,23.68385,21.406487,24.636543,26.92981,27.421957,31.261772,30.22612,27.20988,28.593,31.10964,26.27354,24.02504,22.086735,20.872458,17.606096,20.359976,18.878315,18.277952,18.242344,15.766883,13.478951,11.601119,11.16463,12.260932,13.2251625,16.506783,17.686426,21.737171,23.829134,27.598516,28.62573,25.057398,28.20181,28.213835,23.628267,21.769962,17.017561,18.372435,12.6688385,14.242226,11.408748,14.338191,16.221247,14.904509,15.839862,18.691927,21.238321,19.3869,15.825712,18.71363,13.619651,19.567198,15.605272,20.250732,22.920221,20.687984,17.980804,16.908937,12.253432,12.334065,8.453966,10.9096
6,17.200117,14.087362,12.414147,9.832706,5.489151,5.097622,0.0,6.164699,7.454865,11.012239,15.4320755,17.470057,19.304996,19.729557,16.304018,12.378602,10.451689,6.4717016,7.3617306,4.610118,7.903665,7.606326,11.232083,12.43089,9.199721,15.234324,11.1932335,12.693886,8.700475,12.243954,9.293716,14.065486,17.003761,19.8995,21.862953,23.467836,27.448513,28.414715,26.96697,24.017405,19.089495,20.313375,15.383552,16.844595,13.575029,14.453332,14.402946,15.006963,17.627743,18.830206,16.909313,19.673891,16.863934,19.99368,21.896217,22.595694,26.211397,25.299805,22.326303,23.86755,26.169962,21.435066,19.212776,17.002764,16.15501,12.8826065,16.306915,15.125141,15.591354,15.769979,12.814286,11.915245,8.488789,9.530292,9.542485,8.860372,12.613265,13.264814,17.512924,19.55018,23.326508,24.38,21.352528,24.772041,24.228378,19.534288,17.757639,12.905603,14.261494,8.074139,10.0579405,7.9154058,11.053356,14.1074915,13.765979,14.142924,17.116537,18.712933,17.221975,13.988408,15.558091,10.959116,16.374205,12.265252,17.259924,20.064623,18.790848,16.16614,16.817825,11.732864,13.648987,10.333914,13.630176
7,19.992094,17.479143,15.864082,13.837362,10.229723,6.7026587,6.164699,0.0,4.4832516,6.373731,11.548274,13.04822,15.471917,16.935823,13.312881,10.353595,7.0851192,6.3669734,4.2974634,7.0074944,5.6897187,10.471971,13.491837,16.28796,14.478815,20.513645,17.03895,18.588482,14.3985615,17.705868,13.485453,18.306644,18.76488,22.020098,23.245106,24.175684,28.245605,28.592848,27.316877,25.059673,20.118896,21.127285,17.078985,17.524145,15.39912,15.173553,16.016417,15.502476,19.635506,20.385809,19.284178,21.620382,19.678703,23.2467,24.672094,26.522383,29.250656,29.190863,26.343424,27.750444,28.929394,24.24771,23.071497,20.126232,20.806244,17.18621,21.37237,19.609205,20.704779,20.018953,16.516798,14.798799,11.548696,9.90122,9.082151,9.871283,11.7405205,12.905393,16.46895,18.50086,22.152576,23.297596,19.311169,22.508402,23.279007,18.887377,17.894835,13.029509,16.22545,11.041417,14.564787,13.660847,17.059353,20.264257,19.53169,19.465,22.12121,23.614676,21.251554,17.891838,19.056652,13.222907,17.163576,12.407614,16.226463,18.304218,16.195534,14.186425,13.039005,10.064284,11.6101675,9.836571,13.783451
8,23.151463,20.062511,19.021858,15.929317,12.400822,9.897335,7.454865,4.4832516,0.0,4.6428404,8.242884,11.016229,12.547436,13.792708,10.654438,7.1740212,6.7485104,5.3923736,7.000795,9.95698,10.14135,13.932604,17.134695,19.436451,16.47488,22.53733,18.193464,18.845398,14.348425,16.506495,11.825004,15.738504,15.018403,18.067223,19.258444,19.811691,23.975504,24.385935,23.481388,21.617323,16.743013,18.60769,14.64375,16.20231,14.815143,15.389089,17.191517,17.656075,21.484135,21.257433,19.882967,21.294943,18.748358,22.047707,22.31491,24.71829,26.685087,26.65176,23.73903,24.723001,25.405325,20.703037,20.183992,17.416527,19.230272,16.143944,20.968777,19.842543,21.7267,21.432968,17.756363,17.146748,12.983951,12.400479,10.410065,9.042514,10.434198,10.083156,13.6911955,14.914726,18.600935,19.362684,15.32572,18.383442,18.915014,14.535553,13.4843,8.744138,12.402114,8.245662,12.446456,13.02972,16.630148,20.734848,19.797573,18.843794,21.165716,21.906511,19.278038,16.269403,16.293606,10.52744,13.161273,8.258319,11.873272,13.982391,12.384513,10.471096,10.962783,7.9733706,11.167513,10.425592,14.709657
9,26.359682,23.715578,22.115284,19.834713,16.051796,13.012971,11.012239,6.373731,4.6428404,0.0,5.6165524,6.7707133,9.125756,10.906685,7.45003,5.725438,4.189829,6.736782,6.889113,11.972646,11.3341,16.346886,18.73038,21.922169,19.341196,25.3621,21.322277,21.960825,17.464514,19.869709,14.545108,18.966043,16.543295,20.454197,20.296293,21.06899,24.671152,24.31517,23.050468,21.49114,16.883625,17.881884,15.021313,15.219532,14.822969,14.516882,16.949493,16.927433,21.408691,20.623543,19.896751,20.861403,19.229187,22.758318,23.024174,26.148127,27.568974,28.434166,25.879862,27.192204,26.969631,22.704596,22.71243,19.057695,21.592974,18.133163,23.20508,21.506104,23.922874,22.942741,18.97951,18.160349,14.234762,12.441148,9.832256,9.533899,8.937548,9.456203,11.896419,13.554887,16.910366,18.121092,13.778356,17.016335,18.597658,14.663402,14.884124,10.574557,15.421988,11.871805,16.384144,17.13085,20.472538,24.45056,24.127203,23.355383,25.727358,26.26367,23.706501,20.82276,20.367186,14.830135,16.096848,11.260645,13.438196,14.576094,13.139148,12.328627,11.931426,11.33372,14.136013,14.147381,18.386402
10,31.218191,28.233017,27.128468,24.144413,20.605968,17.917555,15.4320755,11.548274,8.242884,5.6165524,0.0,4.7989407,4.7128243,7.1932535,5.64319,5.800056,8.591626,10.68611,12.384198,17.17027,16.829527,21.62512,24.179256,27.11086,23.958685,29.928318,25.378231,25.340055,20.808956,22.08295,16.702919,19.713589,15.170944,18.614592,17.827135,17.691807,21.099289,20.389215,19.799181,19.344002,15.364438,17.236433,15.406538,16.448095,17.342512,17.579845,20.823412,21.419874,25.639044,23.933216,23.175587,23.032719,21.15185,24.23392,23.000238,26.95977,27.101557,28.291063,25.865889,26.588827,25.285772,21.373417,22.58365,19.17908,23.157166,20.420301,25.871687,24.734509,27.790915,27.063152,23.060526,22.984756,18.673962,17.484346,14.383455,12.729964,11.005702,9.62523,10.644248,10.559646,13.405108,13.982952,8.987347,11.656365,14.003894,10.859667,11.970387,9.273072,14.6009655,13.433988,17.98387,20.013239,23.345861,27.904636,27.302935,25.764874,27.673216,27.475554,24.612091,22.25567,20.633873,15.70861,14.438168,10.482448,10.347085,10.3424835,9.735476,10.26746,11.226859,12.396068,15.876174,17.119473,21.283339
11,33.016903,30.472914,28.687857,26.583366,22.685522,19.720097,17.470057,13.04822,11.016229,6.7707133,4.7989407,0.0,3.6878173,6.3660727,4.3981304,7.2590547,8.07915,11.985862,12.495696,18.016798,17.418663,22.628456,24.40603,27.995024,25.244425,31.086054,26.971436,27.109152,22.681211,24.551987,18.843842,22.788301,17.948965,22.330072,20.445492,21.148188,23.761063,22.353777,20.960972,20.352507,16.708626,17.089127,16.253115,15.540037,17.030666,16.325718,19.759493,19.845722,24.406538,22.404154,22.29602,21.978123,21.16071,24.452763,23.818445,28.032215,28.12671,30.08399,28.040543,29.369001,27.685827,24.226068,25.314478,21.076267,24.958689,21.725904,27.074953,25.287577,28.561388,27.190466,23.096922,22.747063,18.915964,16.871227,13.689508,13.255845,10.296434,10.453394,10.180338,11.2957115,13.532739,15.009595,10.630452,13.621991,16.593699,13.932584,15.877493,13.099959,18.620663,16.684546,21.316813,22.879522,25.960915,30.1715,30.294321,29.247078,31.438656,31.343628,28.798508,26.324728,24.820501,19.925596,19.040085,14.929366,14.999122,14.6670885,14.244218,14.990421,14.932606,16.475819,19.447239,20.380203,24.566513
12,35.399647,32.547146,31.076918,28.4494,24.647873,22.01434,19.304996,15.471917,12.547436,9.125756,4.7128243,3.6878173,0.0,3.9730053,4.6357474,7.809884,10.751814,13.720422,15.328988,20.480991,20.347347,25.192907,27.230251,30.496016,27.245893,33.058456,28.557095,28.246868,23.829708,24.972424,19.369614,22.395224,16.513723,20.536179,18.264233,18.515669,20.876448,19.277544,18.31531,18.407007,15.256075,16.33624,16.023605,16.18285,18.224451,18.131006,21.895876,22.564318,26.753386,24.28908,23.960823,23.020706,21.812862,24.725044,23.105337,27.706467,27.042217,29.081411,27.117565,28.060068,25.788353,22.6022,24.357132,20.406406,25.042034,22.347609,27.849777,26.530834,30.12985,29.057928,24.996183,25.197203,21.025873,19.635042,16.24188,14.7601185,11.732962,10.534611,9.513125,9.181138,10.949334,11.934709,7.318803,10.012807,13.330362,11.324486,13.832321,12.169675,17.59415,16.950264,21.460411,23.723372,26.755991,31.309086,31.284191,29.794386,31.71329,31.150915,28.54168,26.428312,24.239693,19.896923,17.729319,14.300811,13.270728,12.330977,12.811305,14.146936,15.230108,17.057709,20.480574,21.802729,25.970581
13,36.517487,33.53708,31.840916,29.258253,25.209955,23.16026,19.729557,16.935823,13.792708,10.906685,7.1932535,6.3660727,3.9730053,0.0,3.971178,7.3683677,11.37228,13.651457,16.213991,20.884506,21.799938,25.82659,27.638664,30.71169,26.929047,32.464,27.801767,27.017105,22.809877,23.54555,17.97203,20.795527,14.197128,18.885014,15.566474,16.770088,18.366554,16.45448,14.822723,14.742852,11.960426,12.732339,13.214942,13.4581785,16.166082,16.468525,20.563301,21.90164,25.523975,22.447464,22.034555,20.412495,19.191137,21.781368,19.738264,24.634914,23.529312,25.969849,24.313152,25.490881,22.790152,20.072676,21.99636,17.717228,22.766346,20.34457,25.807493,24.661982,28.71377,27.6902,23.71969,24.595072,20.307775,19.574127,15.959718,13.728485,10.314597,8.506783,6.2346272,5.644763,7.215305,8.83287,5.507595,9.312955,11.590237,9.642215,12.800275,11.529384,16.757013,16.412525,20.686579,23.250912,25.872616,30.460852,31.034225,29.556763,31.484818,30.489323,28.368982,26.564844,23.784632,20.26222,17.756721,14.608681,13.838961,13.111951,14.779187,15.891227,18.149904,18.963623,22.831059,23.668297,27.90907
14,32.902824,30.09825,28.17493,25.927126,21.762867,19.564114,16.304018,13.312881,10.654438,7.45003,5.64319,4.3981304,4.6357474,3.971178,0.0,4.356449,7.411483,10.130911,12.283471,17.100088,17.949812,22.035608,23.756956,26.976631,23.476059,29.1038,24.673206,24.283419,19.982615,21.407034,15.648077,19.460588,14.192282,19.218134,16.724434,18.314919,20.537796,19.16115,17.242569,16.162434,12.428286,12.750767,12.023486,11.717892,13.607789,13.556125,17.388739,18.400936,22.314167,19.758945,19.337479,18.483847,17.319578,20.397682,19.450146,23.797152,23.73515,25.819595,23.922998,25.456078,23.659208,20.40106,21.472984,16.96315,21.15421,18.149487,23.573942,22.048439,25.767317,24.585417,20.535404,20.998957,16.807642,15.743218,12.181055,10.463136,7.1339054,6.428413,5.8422027,7.4211764,10.124869,11.986485,8.493139,12.481783,14.258048,11.164479,13.349765,10.549679,16.011215,14.222358,18.703165,20.631237,23.351261,27.692585,28.352455,27.26073,29.460981,28.93234,26.866224,24.692406,22.592375,18.481285,17.36429,13.374284,13.935002,14.022172,14.766629,15.166256,16.739164,16.885593,20.532234,20.879744,25.169853
15,29.321594,26.282492,24.581903,21.975603,17.863865,16.076504,12.378602,10.353595,7.1740212,5.725438,5.800056,7.2590547,7.809884,7.3683677,4.356449,0.0,5.763852,6.4148245,9.863008,13.839761,15.363613,18.730314,20.902775,23.618406,19.79594,25.503412,20.83153,20.438082,16.027315,17.405975,11.709533,15.627237,11.607882,16.45508,15.124283,16.802755,19.750216,19.217888,17.518541,15.772273,11.21594,12.473156,9.945628,11.055389,11.647973,12.377999,15.737134,17.120369,20.714882,18.742455,17.692371,17.48069,15.367881,18.509321,17.829517,21.524837,22.236519,23.490747,21.18974,22.6271,21.759827,17.884624,18.344423,14.225274,17.856092,14.868596,20.338316,19.128395,22.524714,21.791512,17.8096,18.406984,13.8453245,13.560697,10.144999,7.341695,5.7698727,4.092354,6.644849,8.201734,11.804208,13.19193,9.8153515,13.825841,14.396206,10.264175,11.171092,7.1821017,12.461202,9.920354,14.448772,16.312138,19.141644,23.58467,24.026333,22.908993,25.14745,24.74846,22.748362,20.49552,18.632868,14.460647,14.264211,9.876309,11.813053,12.929492,13.458079,12.947268,15.126247,13.783095,17.673244,17.475111,21.74797
16,26.103352,23.7151,21.317162,19.877846,15.560944,13.017245,10.451689,7.0851192,6.7485104,4.189829,8.591626,8.07915,10.751814,11.37228,7.411483,5.763852,0.0,5.030797,4.9246316,10.155866,10.790906,14.965613,16.549566,20.061245,17.357058,23.136919,19.360128,19.981628,15.685646,18.624262,13.1195345,18.548986,16.487686,21.338068,20.471128,22.384447,25.420723,24.87268,22.781734,20.524364,15.915305,15.742992,12.975519,11.966032,11.323011,10.490137,12.932404,12.95411,17.432508,16.506714,15.978193,17.098732,16.01528,19.750011,20.885023,23.812647,25.655704,26.874891,24.603746,26.597498,26.4874,22.512423,22.012436,17.671162,19.687231,15.750929,20.627594,18.40548,21.041372,19.617949,15.570964,14.838777,11.061192,9.027883,5.982044,6.590983,5.7050686,8.013575,10.474865,13.384645,16.709011,18.573973,15.107898,18.97724,20.092821,16.000717,16.517511,11.91474,16.594519,12.1114435,16.411009,16.661695,19.485044,23.072649,23.802006,23.59582,26.278166,26.770443,24.88486,22.054567,21.544168,16.579077,18.363245,13.471377,16.287462,17.606825,16.86404,15.926065,16.021448,14.561752,17.323324,16.41798,20.581842
17,23.371502,20.50013,18.381237,16.302837,11.878504,10.513243,6.4717016,6.3669734,5.3923736,6.736782,10.68611,11.985862,13.720422,13.651457,10.130911,6.4148245,5.030797,0.0,5.3591876,7.563454,10.347629,12.462729,14.730532,17.211016,13.530499,19.378605,15.0140505,15.3691845,10.922874,13.7219,8.431921,14.002534,13.678042,18.146582,18.25947,20.424776,23.770884,23.954807,22.015102,19.230904,14.298051,14.9667015,10.765965,11.543323,9.543551,10.223541,12.006057,13.134358,16.507408,15.991261,14.507553,16.016,13.656928,17.165606,18.376804,20.523273,23.033201,23.385632,20.805105,22.710604,23.517445,19.19622,17.997345,14.246333,15.458485,11.707898,16.55405,14.928099,17.326515,16.669113,12.800198,12.792682,8.236411,8.427509,5.951753,3.765996,6.381201,7.266909,11.260707,13.741798,17.437574,18.916782,16.005312,19.886618,19.761625,15.175715,14.636939,9.619404,13.108088,7.640216,11.596354,11.689998,14.490423,18.296926,19.016657,18.772028,21.50739,21.958546,20.417452,17.672285,17.262638,12.792064,15.616877,10.886968,14.970462,17.128326,16.712236,14.986707,16.307453,12.91669,16.061752,14.286815,18.325485
18,21.409683,19.33531,16.66033,15.8498535,11.596077,8.752428,7.3617306,4.2974634,7.000795,6.889113,12.384198,12.495696,15.328988,16.213991,12.283471,9.863008,4.9246316,5.3591876,0.0,5.85164,6.085154,10.27064,11.98484,15.596503,13.73781,19.564213,16.42142,17.921402,13.89241,17.750566,13.103607,18.930656,18.990366,23.290733,23.476698,25.34389,28.797539,28.73698,26.73279,24.064552,19.240643,19.125034,15.495563,14.627408,12.44956,11.470655,12.233203,11.421226,15.889316,16.500202,15.777544,18.239956,17.066755,20.862896,23.022596,24.923355,27.813478,28.341663,25.854467,27.926468,28.850763,24.551994,23.185646,19.389645,19.891098,15.7327585,19.824604,17.36563,18.839035,17.456564,13.727507,11.862732,8.821984,6.132172,5.1176953,7.625956,9.122719,11.642419,14.838904,17.769754,21.269978,22.99672,19.521889,23.24028,24.017338,19.62852,19.29085,14.293342,17.938568,12.317887,15.900218,14.800638,17.599358,20.448143,21.009027,21.458134,24.374784,25.627632,23.880672,20.696947,21.398321,16.17486,19.728159,14.82427,18.604305,20.481792,19.038702,17.38969,16.665348,14.094925,15.902635,13.9663315,17.754416
19,16.741137,14.640617,11.488149,11.262787,6.7594132,5.7420416,4.610118,7.0074944,9.95698,11.972646,17.17027,18.016798,20.480991,20.884506,17.100088,13.839761,10.155866,7.563454,5.85164,0.0,5.8199234,5.0473733,7.3742356,10.02333,8.055604,13.909098,11.145305,13.399758,10.037725,14.6506815,11.609359,17.39566,19.964108,23.701815,24.812748,27.024067,30.594975,31.141504,29.094568,25.834301,20.989126,21.017752,16.54776,16.381617,12.7823,12.552847,11.577011,11.181495,14.1426525,16.1226,14.708004,18.225277,16.497004,19.948809,23.004255,23.556713,27.572123,27.207756,24.597708,26.802998,28.946579,24.542444,22.105846,19.098848,17.73394,13.746965,16.594471,14.291138,14.400074,13.565465,10.567685,8.307968,6.0959826,5.712286,7.224377,8.982626,12.406797,14.514483,18.338152,21.21805,24.858625,26.444117,23.513935,27.268658,27.125492,22.463549,21.29828,16.271645,18.312597,11.947687,13.974775,11.30284,13.510197,15.376092,16.280369,17.600935,20.776268,22.56668,21.522839,18.327692,19.978508,15.556381,20.672218,16.278744,21.0162,23.533768,22.196814,19.87136,19.689629,15.431909,16.776205,13.430766,16.442366
20,16.288532,14.842984,12.283089,12.317467,9.172879,5.2556195,7.903665,5.6897187,10.14135,11.3341,16.829527,17.418663,20.347347,21.799938,17.949812,15.363613,10.790906,10.347629,6.085154,5.8199234,0.0,6.9038324,9.21833,12.619129,12.860455,18.308662,16.33549,18.929777,15.551026,19.833866,16.517061,21.851784,23.547775,26.909098,28.228622,29.562311,33.534973,33.89655,32.259422,29.573132,24.64528,24.877642,20.798206,20.27454,17.405508,16.43078,15.851702,14.113486,18.158054,20.29068,19.512472,22.894472,21.64435,25.286964,27.941944,29.036222,32.606018,32.426075,29.692091,31.514128,33.286465,28.67279,26.79453,23.834826,23.217072,19.283903,22.404205,20.037676,19.959185,18.865675,15.9599,12.8293,11.471306,8.84468,10.130726,12.887742,15.131504,17.360895,20.821012,23.470457,27.065884,28.525269,24.71896,28.054453,28.85833,24.41057,23.374168,18.416636,21.094212,15.292237,17.9002,15.558469,18.352243,20.188192,19.820724,20.869177,23.785809,26.0435,24.142462,20.609854,22.834393,17.328888,22.281923,17.721657,21.798923,23.946655,21.578661,19.450525,17.383417,14.386084,14.423323,11.663522,14.4640665
21,11.994563,10.568305,6.6957755,8.359691,5.2823186,5.518886,7.606326,10.471971,13.932604,16.346886,21.62512,22.628456,25.192907,25.82659,22.035608,18.730314,14.965613,12.462729,10.27064,5.0473733,6.9038324,0.0,4.473195,5.922264,6.7912407,11.634745,10.604434,13.967738,11.87853,16.572462,15.098244,20.181026,24.083805,27.149336,28.990063,30.99124,34.790817,35.646416,33.75135,30.386118,25.577202,25.699625,21.058512,20.998108,17.044966,16.768587,14.7914095,13.803042,15.90042,19.109991,17.70277,21.844852,20.200083,23.339437,26.882185,26.611534,31.228086,30.288757,27.611189,29.698736,32.585308,28.104088,25.169859,22.885893,20.44005,16.880096,18.440968,16.315643,14.7442465,14.28414,12.543367,9.428778,9.503388,9.346675,11.881379,13.868403,17.41858,19.460918,23.358955,26.14831,29.8227,31.29351,28.287046,31.876453,31.633839,26.941286,25.346624,20.444965,21.678543,15.437845,16.363546,12.593111,14.236731,14.582901,15.031895,17.260298,20.432714,23.068686,22.26923,18.991617,21.842999,17.728687,23.764462,19.78274,24.691605,27.400692,25.63131,23.00684,22.231478,17.614801,17.831507,13.813558,15.628957
22,13.664024,13.437261,8.624798,12.203075,9.508685,9.753287,11.232083,13.491837,17.134695,18.73038,24.179256,24.40603,27.230251,27.638664,23.756956,20.902775,16.549566,14.730532,11.98484,7.3742356,9.21833,4.473195,0.0,5.0051465,7.764076,11.005586,11.616856,15.11485,13.784462,18.797873,17.348318,22.938923,26.630293,30.31284,31.49064,34.070244,37.470737,38.04577,35.649063,31.996092,27.373774,26.609266,22.409958,21.280306,17.236292,16.269217,13.38746,11.612154,13.187898,17.250355,16.333956,20.957224,20.247026,23.375668,27.792614,27.268562,32.187027,31.648502,29.332981,31.955671,34.745056,30.601902,27.47298,24.678879,21.814363,17.977196,18.830992,15.961151,13.989993,12.61393,11.455163,7.3262672,9.620352,8.860519,12.263541,15.276271,18.450771,21.232553,24.738966,28.04822,31.550032,33.397667,30.677343,34.53395,34.391865,29.727337,28.53265,23.552406,25.11335,18.716146,19.682634,15.876501,16.797306,16.290283,18.031675,20.76036,24.008505,26.519457,26.189869,23.070389,25.65341,21.82055,27.588526,23.435171,28.283693,30.85463,29.277931,26.846716,25.952646,21.73046,21.997948,18.133913,19.902233
23,10.83921,10.582279,5.7779183,10.077986,8.796803,11.031698,12.43089,16.28796,19.436451,21.922169,27.11086,27.995024,30.496016,30.71169,26.976631,23.618406,20.061245,17.211016,15.596503,10.02333,12.619129,5.922264,5.0051465,0.0,5.894077,7.217198,9.159302,13.098561,13.0125265,17.5644,17.707296,22.336292,27.45315,30.395847,32.318287,34.841324,38.344166,39.39475,37.210632,33.403553,28.877028,28.59451,23.982176,23.775692,19.38513,19.256329,16.195074,15.42759,15.63059,19.806768,18.288567,22.922499,21.512041,24.083595,28.495115,27.08816,32.481007,31.139622,28.732948,31.133764,34.73087,30.587664,26.944036,25.087976,21.231462,18.154753,17.89342,15.857621,12.565472,12.4602785,12.522255,9.621459,11.795775,12.797519,15.858528,17.703947,21.487108,23.62018,27.450752,30.426111,34.003628,35.58706,33.122555,36.86636,36.13366,31.412579,29.675781,24.949537,25.425348,19.297329,19.07299,14.652865,14.776446,12.987275,14.704099,18.089306,21.22666,24.082817,24.320402,21.473991,24.613983,21.693369,28.009644,24.453827,29.590586,32.48015,31.022263,28.263474,27.901327,22.87447,22.999945,18.686651,19.69765
24,14.579771,12.537313,9.114776,9.945641,7.0441556,10.351567,9.199721,14.478815,16.47488,19.341196,23.958685,25.244425,27.245893,26.929047,23.476059,19.79594,17.357058,13.530499,13.73781,8.055604,12.860455,6.7912407,7.764076,5.894077,0.0,6.0872507,3.9528387,7.6047187,7.152486,11.765271,12.130746,16.656694,22.012672,25.005604,26.808952,29.627079,32.895687,34.067326,31.877117,27.981709,23.578764,23.612782,18.782272,19.410986,14.941343,15.789776,13.334974,14.158412,14.040728,17.03569,14.791229,18.875713,16.571573,18.943481,22.926409,21.501932,26.803057,25.315811,22.850626,25.280912,28.876099,24.819855,21.088726,19.333515,15.387886,12.47637,12.504229,11.001305,8.510665,9.334061,8.761684,7.899208,8.08775,11.094129,13.200628,13.513032,17.696035,19.174723,23.121305,25.83362,29.363836,30.813648,28.84128,32.627434,31.346796,26.660057,24.86217,20.365036,20.437998,14.448965,13.865635,9.633402,9.435349,8.667943,11.456545,14.333081,17.629866,19.69809,20.251377,17.69792,19.92778,17.69432,23.590725,20.272738,25.502613,28.488148,27.721539,24.98803,25.871,20.412598,21.645802,17.49385,19.274492
25,15.492038,14.443823,11.154361,13.431566,12.227738,15.887621,15.234324,20.513645,22.53733,25.3621,29.928318,31.086054,33.058456,32.464,29.1038,25.503412,23.136919,19.378605,19.564213,13.909098,18.308662,11.634745,11.005586,7.217198,6.0872507,0.0,5.636359,8.714901,11.112763,14.557522,16.629261,20.182537,26.43211,29.132847,30.993738,34.19266,37.114964,38.4657,36.06666,31.857233,27.89029,27.552433,22.99541,23.444946,18.889362,19.76748,16.537498,17.441076,15.545906,19.205044,16.99817,21.25374,19.32841,20.856905,25.551285,22.872227,28.840519,26.90669,24.854118,27.505135,31.770971,28.217243,23.909891,22.768755,17.543642,15.579454,13.278194,12.247751,7.5414596,9.241211,11.174537,10.889407,12.849926,15.967361,18.415829,18.813074,22.87771,24.407724,28.141144,30.930933,34.289654,35.80015,34.31306,38.152493,36.481316,31.87764,29.988663,25.79122,25.210915,19.697699,18.162367,13.865994,12.063643,8.457632,12.736802,16.553679,19.516289,21.678432,23.296652,21.310802,23.74912,22.665064,28.614328,25.765135,31.024208,34.10075,33.52944,30.715223,31.761593,26.09677,27.082712,22.743412,23.831701
26,16.926859,14.492745,11.956953,11.786834,9.474056,13.328836,11.1932335,17.03895,18.193464,21.322277,25.378231,26.971436,28.557095,27.801767,24.673206,20.83153,19.360128,15.0140505,16.42142,11.145305,16.33549,10.604434,11.616856,9.159302,3.9528387,5.636359,0.0,3.9746594,5.582564,9.128956,11.168289,14.622948,20.89288,23.513103,25.47315,28.562595,31.554758,32.999985,30.827839,26.773685,22.710161,22.98603,18.107891,19.504686,15.073909,16.735502,14.510829,16.338951,15.273755,17.649445,14.932313,18.506474,15.566701,17.226135,21.040922,18.87871,24.457348,22.431763,20.032154,22.46809,26.559626,22.76904,18.614725,17.543121,12.716747,10.758114,9.632891,9.319363,6.478924,8.89708,9.14674,10.144268,9.777742,13.814117,15.325472,14.473195,18.754862,19.598984,23.498537,25.90543,29.299679,30.584726,29.182909,32.91379,31.018423,26.448404,24.455557,20.4243,19.638235,14.287881,12.634972,8.589226,6.8573923,5.278601,9.749695,12.664335,15.8203,17.385365,18.758411,16.796768,18.552483,17.619326,23.218859,20.509134,25.73127,28.8298,28.59259,25.827282,27.589205,21.795073,23.478483,19.418125,21.114641
27,20.543707,17.743551,15.720869,14.639539,12.195681,15.892836,12.693886,18.588482,18.845398,21.960825,25.340055,27.109152,28.246868,27.017105,24.283419,20.438082,19.981628,15.3691845,17.921402,13.399758,18.929777,13.967738,15.11485,13.098561,7.6047187,8.714901,3.9746594,0.0,4.5552306,6.1454105,9.448678,11.910694,18.516735,21.03933,22.802696,26.256636,28.848507,30.422129,28.207228,24.048454,20.366823,20.842445,16.063606,18.207064,14.077694,16.520887,14.902889,17.669167,16.183897,17.501461,14.427405,17.131256,13.515348,14.499968,17.880049,15.292624,20.9262,18.593702,16.265734,18.829298,23.09679,19.621445,15.214864,14.537779,9.116255,8.174359,6.3448553,7.607242,6.1897874,9.402155,9.618846,12.166355,10.860613,15.512576,16.256329,14.261147,18.389557,18.58406,22.285263,24.3735,27.559391,28.714376,27.926394,31.609417,29.188662,24.80961,22.829006,19.312862,17.982964,13.418598,11.159827,8.199276,5.319083,4.967163,10.281367,12.330243,15.194329,15.744484,17.702076,16.357985,17.03947,17.227478,22.040113,19.82265,24.846764,27.920944,28.318476,25.684633,28.330688,22.511421,24.82542,21.101324,23.062761
28,20.237862,17.092571,15.094734,13.213952,9.77949,12.705957,8.700475,14.3985615,14.348425,17.464514,20.808956,22.681211,23.829708,22.809877,19.982615,16.027315,15.685646,10.922874,13.89241,10.037725,15.551026,11.87853,13.784462,13.0125265,7.152486,11.112763,5.582564,4.5552306,0.0,5.0885267,5.5913773,9.765893,15.351054,18.365292,19.99835,23.152437,26.106747,27.466188,25.38744,21.490616,17.285803,18.095684,12.963777,15.320823,11.311211,13.781354,12.992212,15.642253,15.520836,16.31012,13.366797,15.854873,12.01601,13.948831,16.621521,15.510791,20.329304,18.62846,15.937958,18.280619,21.731766,17.70459,13.973839,12.399829,8.756411,6.3400044,7.9955835,8.199247,8.760264,10.534767,8.8570175,10.958078,8.029476,12.482445,12.626178,10.177408,14.451208,14.516265,18.478474,20.542864,23.933899,25.078867,23.82049,27.523268,25.477522,20.942625,19.06636,15.146265,14.536832,9.254052,8.09355,5.461168,4.99877,7.900194,10.927703,11.988805,15.047133,15.551456,16.343462,14.435342,14.797981,13.771134,18.482836,15.716749,20.784498,23.793135,24.050848,21.503191,24.06595,18.485235,21.102442,17.674826,20.223879
29,23.604042,20.020529,18.991182,16.071806,13.46699,16.503284,12.243954,17.705868,16.506495,19.869709,22.08295,24.551987,24.972424,23.54555,21.407034,17.405975,18.624262,13.7219,17.750566,14.6506815,19.833866,16.572462,18.797873,17.5644,11.765271,14.557522,9.128956,6.1454105,5.0885267,0.0,5.811848,5.7837706,13.059034,14.940188,17.194788,20.330559,23.057861,24.955242,23.297205,19.539843,15.909695,17.76572,12.759531,16.731524,13.556023,16.83814,16.807648,20.046385,19.575472,19.486942,16.33399,17.608408,12.910596,13.669218,14.715184,13.152713,17.574972,14.845447,11.816233,13.601997,17.761822,13.83324,9.623689,9.882651,5.9269886,6.584725,7.8694983,10.335926,11.56426,14.125244,12.932367,15.802835,12.636907,17.090534,16.553146,12.8894825,16.681818,15.432693,19.131899,20.266594,23.37949,24.003569,23.447638,26.768997,23.859762,19.676443,17.380594,14.595958,12.37248,9.207861,6.1650953,5.9574685,4.2140074,8.43354,10.839475,10.563861,12.914582,12.077705,13.638872,12.79795,11.832391,13.004458,16.69231,15.205276,19.866686,22.932325,23.91943,21.4347,25.17495,19.469872,22.576061,19.602537,21.977749
30,24.394608,20.934195,19.332102,16.555288,12.774886,14.313695,9.293716,13.485453,11.825004,14.545108,16.702919,18.843842,19.369614,17.97203,15.648077,11.709533,13.1195345,8.431921,13.103607,11.609359,16.517061,15.098244,17.348318,17.707296,12.130746,16.629261,11.168289,9.448678,5.5913773,5.811848,0.0,6.5931234,9.932454,13.780365,14.692441,17.97652,20.83106,21.99446,20.004679,16.366241,11.935318,13.559204,8.210706,12.002473,9.209295,12.382778,13.433488,16.544424,17.338915,16.506119,13.73311,14.643884,10.200778,12.299999,13.075683,13.698573,17.07353,16.042044,13.178691,15.271321,17.519302,13.258578,10.552148,7.9337416,7.456722,5.086154,9.863081,10.339596,13.102596,14.148842,11.40218,13.874774,9.493601,13.22438,11.76231,7.4099574,11.005314,9.747755,13.666261,15.196374,18.563,19.53902,18.490921,22.172934,19.966127,15.4858055,13.904952,10.20039,10.154285,5.510976,6.1048565,7.136506,8.2974205,12.77044,14.568875,14.035873,16.576445,15.95464,15.95759,14.307598,12.801827,11.634911,14.534951,11.7201395,16.314734,19.094458,20.055777,17.928156,21.410213,16.479692,20.064335,17.6319,20.905205
31,27.41233,23.455158,23.056992,19.144209,16.575518,18.675085,14.065486,18.306644,15.738504,18.966043,19.713589,22.788301,22.395224,20.795527,19.460588,15.627237,18.548986,14.002534,18.930656,17.39566,21.851784,20.181026,22.938923,22.336292,16.656694,20.182537,14.622948,11.910694,9.765893,5.7837706,6.5931234,0.0,8.322999,9.164149,12.076416,14.69775,17.617104,19.86193,18.945158,15.886042,12.506728,15.966847,11.330379,16.742508,14.915378,18.478994,19.723454,23.07442,23.389551,22.287893,19.334358,19.39713,14.402728,14.946979,13.3941145,13.454426,15.838748,13.129078,9.60512,9.953763,13.365011,8.753805,5.6230483,7.299694,7.535606,9.124554,12.186291,14.6377735,16.974117,19.074213,17.157343,19.992632,15.931554,19.747454,18.212427,13.552162,16.423218,13.719008,17.035746,16.941729,19.82504,19.78566,19.519579,22.324812,18.88888,15.063764,12.452255,10.9499855,7.5684023,7.5336466,4.8969245,8.563779,8.861051,13.722691,14.298994,12.25226,13.658897,11.4325075,11.992826,11.833924,8.445194,10.722027,12.168374,11.78234,15.590142,18.50191,20.249027,18.107754,22.96312,17.814783,21.631216,19.684711,22.38305
32,33.086678,29.248484,28.440487,24.669096,21.325397,21.844362,17.003761,18.76488,15.018403,16.543295,15.170944,17.948965,16.513723,14.197128,14.192282,11.607882,16.487686,13.678042,18.990366,19.964108,23.547775,24.083805,26.630293,27.45315,22.012672,26.43211,20.89288,18.516735,15.351054,13.059034,9.932454,8.322999,0.0,6.4732914,4.9111857,8.641229,10.944492,12.221191,11.205419,9.009536,5.5678763,10.744693,7.9645944,13.75669,14.313396,17.544777,20.449808,23.753632,25.059824,22.47651,20.220509,18.682116,14.42486,15.257484,11.308197,14.692163,14.022868,13.882926,11.342597,11.570738,10.507032,6.315334,8.144722,6.2976413,11.968514,12.335984,17.048552,18.35743,22.186443,23.105465,20.208672,22.944271,18.245918,20.839634,18.043577,12.966702,13.531364,9.396785,11.0945215,9.494896,11.886975,11.514836,12.030616,14.811599,11.14608,7.6611934,6.76681,7.1492395,6.8571744,9.446973,10.855286,14.984865,16.381117,21.350473,21.98283,19.749537,21.017838,18.636238,17.856808,17.475275,13.010419,13.389454,10.840231,10.264062,11.74406,13.5134,16.649166,15.797645,21.250637,18.115192,22.680744,22.105528,25.63418
33,34.344784,30.158579,30.400986,25.726519,23.367464,24.250242,19.8995,22.020098,18.067223,20.454197,18.614592,22.330072,20.536179,18.885014,19.218134,16.45508,21.338068,18.146582,23.290733,23.701815,26.909098,27.149336,30.31284,30.395847,25.005604,29.132847,23.513103,21.03933,18.365292,14.940188,13.780365,9.164149,6.4732914,0.0,6.634327,6.102929,9.831952,12.926212,14.194547,13.493826,11.607523,16.996237,14.283626,20.172106,20.263647,23.58285,26.099949,29.289957,30.503754,28.411467,25.905966,24.71362,20.109999,20.450798,16.109348,18.361248,17.415102,15.616617,12.743589,10.477955,10.324455,5.955447,8.755155,10.936614,15.177988,16.74849,20.59548,22.773039,25.832003,27.480415,24.977633,27.580212,22.956861,25.754013,23.274208,18.293957,19.414228,15.254105,17.112825,14.670523,16.565022,14.991587,15.3214445,16.531538,12.122163,9.969201,7.094508,9.8961525,6.0551925,11.844136,11.594889,16.272926,17.61249,22.610184,21.855614,18.633572,18.87415,15.75439,14.6242695,15.340373,9.889671,12.522848,8.351412,10.82825,11.237023,13.156572,16.454756,15.448517,21.695127,18.376028,22.728874,22.58297,25.43442
34,37.861404,33.943745,33.300167,29.37398,26.174845,26.63527,21.862953,23.245106,19.258444,20.296293,17.827135,20.445492,18.264233,15.566474,16.724434,15.124283,20.471128,18.25947,23.476698,24.812748,28.228622,28.990063,31.49064,32.318287,26.808952,30.993738,25.47315,22.802696,19.99835,17.194788,14.692441,12.076416,4.9111857,6.634327,0.0,5.9772253,6.2584944,7.804764,7.6845255,7.123203,6.70788,12.028322,11.290379,16.668505,18.12778,21.28607,24.48961,27.928783,29.088842,25.975134,23.884483,21.555132,17.614943,17.706408,12.275233,16.18702,13.543284,13.875811,12.108619,11.359361,7.875692,5.6497684,9.845723,9.221919,15.280804,16.420204,20.672277,22.286089,26.359509,27.315668,24.55647,27.53137,22.896944,25.392822,22.412561,17.4224,17.238455,12.974319,13.226209,10.351527,11.230054,9.878791,12.156771,13.889134,9.159731,7.8624253,8.043221,10.802134,10.178157,14.188656,15.230051,19.574495,20.700226,25.569386,26.150341,23.592987,24.40065,21.415758,20.735058,20.976809,15.877219,17.167297,12.968773,13.702714,13.457511,14.312318,18.36156,18.197277,24.074638,21.71135,26.33851,26.269112,29.71241
35,38.889416,34.784946,34.882988,30.27855,27.63037,27.697762,23.467836,24.175684,19.811691,21.06899,17.691807,21.148188,18.515669,16.770088,18.314919,16.802755,22.384447,20.424776,25.34389,27.024067,29.562311,30.99124,34.070244,34.841324,29.627079,34.19266,28.562595,26.256636,23.152437,20.330559,17.97652,14.69775,8.641229,6.102929,5.9772253,0.0,5.43235,8.156264,11.057594,12.450715,11.778971,17.22932,16.10626,21.365437,22.631268,25.528507,28.752527,31.742476,33.513546,30.787394,28.721182,26.84343,22.860249,23.33862,18.19737,21.773302,19.300219,18.932365,16.807648,14.741534,11.879454,9.42962,13.670033,14.324678,19.837643,20.857803,25.25643,26.920448,30.529245,31.653286,28.729822,31.163681,26.348589,28.411718,25.418274,20.627016,20.476896,16.030142,16.513105,12.82898,13.629652,11.083114,12.014491,11.952854,7.042983,7.268153,6.37766,11.179153,9.955996,15.646738,16.757584,21.38801,23.13624,28.250896,27.519829,24.302326,24.56412,21.612045,19.911322,20.367746,15.161521,16.367487,10.313279,12.710472,10.555978,10.813076,15.20272,15.47732,21.75727,20.185995,24.654747,25.457388,28.604858
