,0,1,2,3,4,5,6,7,8,9,10,11,12,13,14,15,16,17,18,19,20,21,22,23,24,25,26,27,28,29,30,31,32,33,34,35,36,37,38,39,40,41,42,43,44,45,46,47,48,49,50,51,52,53,54,55,56,57,58,59,60,61,62,63,64,65,66,67,68,69,70,71,72,73,74,75,76,77,78,79,80,81,82,83,84,85,86,87,88,89,90,91,92,93,94,95,96,97,98,99,100,101,102,103,104,105,106,107,108,109,110,111,112,113
0,0.0,4.458879,7.3324327,8.661146,13.038912,14.601576,18.07374,20.670547,23.16524,26.760342,30.942205,33.41705,35.444233,36.753494,33.450504,29.683956,27.313396,24.324448,22.956963,19.182152,18.320347,15.137888,15.411859,17.90615,19.184021,21.007875,21.47588,24.685406,23.37772,26.146406,26.250492,28.325916,33.077595,33.793896,37.289837,37.722347,42.574673,43.75007,43.805096,41.06512,36.221306,37.648026,32.715736,33.634636,30.047558,30.05953,28.501541,26.805466,29.736012,32.85011,31.720362,35.380116,33.296078,36.47988,38.544548,38.660645,41.980007,40.50249,37.51307,38.11072,41.42869,36.420845,33.919125,33.28947,31.144953,28.665321,29.990175,28.968273,26.636576,26.747984,25.968449,22.68893,23.153473,22.730412,24.822578,25.73962,29.245949,30.00192,34.10375,35.57988,39.303207,39.86172,35.6645,38.17899,38.43456,34.18504,31.715826,27.650658,27.654722,23.198147,23.464487,19.52966,20.728912,15.505285,20.042501,22.876467,21.11659,23.213846,19.573229,22.980955,18.862915,23.961061,20.676271,27.076437,24.989504,29.109549,31.863657,29.244488,26.083645,24.443052,19.893492,16.997364,13.858512,10.537859
1,4.458879,0.0,4.815333,4.743624,8.913438,11.267465,14.030198,17.378334,19.70249,23.440008,27.682348,30.131063,32.095367,33.106716,29.788311,25.893261,23.690723,20.349377,19.430105,15.24979,15.305124,11.562557,11.406856,14.421759,14.982127,17.422157,17.308357,20.422112,18.942127,21.78929,21.817844,24.088694,28.896267,29.88636,33.18638,33.95578,38.646843,39.791275,39.664795,36.782444,31.961834,33.351856,28.366371,29.40896,25.763039,25.98756,24.525219,23.205622,26.043169,28.932953,27.638254,31.181292,28.927023,32.071945,34.101185,34.21333,37.5409,36.112198,33.170383,33.909306,37.187233,32.22341,29.638073,28.885967,26.719116,24.21367,25.656546,24.673018,22.606281,22.829468,21.889688,18.889484,18.993412,18.98314,20.942291,21.53832,25.20969,25.883385,30.056957,31.594172,35.345448,35.972523,32.004192,34.75246,34.76774,30.388199,27.955513,23.739096,23.745947,19.00211,19.225025,15.188756,16.48969,11.664081,16.30387,19.347622,17.73818,19.573553,16.18553,19.166195,15.078971,20.26184,16.986593,23.657705,21.34443,25.777237,28.623564,26.268497,23.024931,21.92724,16.792767,14.702952,10.8521385,8.580725
2,7.3324327,4.815333,0.0,5.9584956,7.740808,9.363511,12.898531,15.477487,18.676704,21.762403,26.592089,28.33291,30.727942,31.836477,28.228582,24.653406,21.514738,18.7906,16.820698,12.660748,12.040485,8.007472,8.784296,11.514243,13.202703,15.935893,16.564934,20.05713,18.378683,22.130816,21.3854,24.924644,29.018248,31.04892,33.471195,34.879345,39.208282,39.91602,39.27838,36.170025,31.2906,31.924597,27.257433,27.328205,23.690073,23.259756,21.490082,19.533827,22.612635,25.757864,24.855886,28.662367,27.099474,30.497122,33.130146,33.45063,36.9771,36.11249,33.47877,34.754257,37.628628,32.80901,30.226988,28.600721,26.414812,23.258726,24.784832,23.051102,21.091677,20.530165,19.393736,15.7058935,16.485733,15.6659775,18.099508,19.724577,23.135296,24.589905,28.55471,30.670755,34.36866,35.420155,31.463915,34.547142,34.936234,30.481472,28.596544,23.935131,24.882107,19.358353,20.161507,15.980701,17.261053,13.038872,17.26275,20.660585,19.82392,21.662594,18.921875,21.298615,17.322168,22.378305,18.53957,25.160957,22.059122,26.524687,29.1607,26.48789,23.48247,21.60297,17.13985,15.162405,11.364525,10.114122
3,8.661146,4.743624,5.9584956,0.0,4.893893,7.174571,9.543527,12.994491,15.01159,18.88307,23.004221,25.56849,27.422342,28.401417,25.142847,21.218077,19.284067,15.857365,15.318445,11.542291,11.900001,9.181492,9.358306,13.7432165,12.901582,17.058123,15.690249,18.373922,16.01687,18.888393,18.058376,20.594038,24.617018,25.92276,28.892399,29.692589,34.32648,35.307484,35.19851,32.47078,27.600508,29.128017,24.212484,25.424263,22.066906,22.437634,21.560751,20.569027,23.844683,26.032894,24.750475,27.840462,25.503622,28.765465,30.313879,30.963617,33.810757,32.759995,29.849245,30.53751,33.32946,28.327456,26.131035,25.033815,23.61292,20.917286,23.194216,22.128727,21.047066,21.199726,19.563082,16.81025,15.931347,15.827214,17.20971,17.41306,20.9465,21.398308,25.543476,26.957378,30.695776,31.301517,27.27118,30.045294,30.14998,25.778019,23.507736,19.182049,19.686968,14.7802,15.720388,12.109239,14.334367,11.187415,15.737917,18.928902,17.344557,18.278225,15.168296,16.77865,12.094037,17.029322,12.9416275,19.525076,16.8376,21.273687,24.069618,21.707417,18.483711,17.574535,12.228095,10.695049,6.4519906,5.669269
4,13.038912,8.913438,7.740808,4.893893,0.0,4.428872,5.322555,9.576393,11.848167,15.400024,19.921774,21.984163,24.011765,24.70304,21.249634,17.377169,15.072817,11.530106,11.03728,6.722539,8.458069,5.600091,5.8564806,11.019879,9.262323,14.754197,12.82919,15.3665695,12.414,15.984375,14.231655,17.99137,21.341246,23.715296,25.786184,27.370436,31.547548,32.1876,31.565126,28.56599,23.664516,24.682987,19.903515,20.662457,17.288786,17.545572,16.792723,16.013052,19.418907,21.26279,20.032784,23.023329,20.895521,24.317574,26.103891,27.00116,29.881851,29.314302,26.674448,27.841227,30.227365,25.395823,23.207783,21.308949,20.042286,16.827988,19.53246,18.014465,17.639643,17.42172,15.262693,12.618418,11.223457,11.131826,12.381683,12.7082405,16.297739,17.138676,21.252825,23.110256,26.846863,27.801498,24.039762,27.277058,27.378956,22.853886,21.06681,16.290302,17.596432,11.816376,13.3531885,9.857563,12.339377,10.974739,14.741191,18.119228,17.25815,17.724058,15.585712,15.988865,11.776575,16.185392,11.854468,18.26566,14.7702265,19.448185,22.117222,19.901838,16.876184,16.149574,10.918586,10.886337,6.696359,8.640154
5,14.601576,11.267465,9.363511,7.174571,4.428872,0.0,5.4165273,6.205676,9.443894,12.455676,17.242636,19.089577,21.396822,22.688774,19.142471,15.70577,12.743616,10.447116,8.528973,6.5519533,5.2355614,6.5415034,8.757079,13.782945,12.467971,18.370567,16.546196,18.860891,15.379311,18.989473,16.06269,20.221876,21.927618,24.75246,26.194601,27.564638,31.680883,31.8962,31.329926,28.715633,23.754675,24.584295,20.317465,20.483974,17.790112,17.431253,17.266775,15.900844,20.22328,21.537683,20.87558,23.485794,21.987368,25.678411,27.133665,28.843506,31.114443,31.247496,28.770798,29.871311,31.462637,26.679058,25.192678,22.67847,22.457205,18.880003,22.32537,20.364403,20.741337,19.947462,17.204943,14.150747,12.531121,10.768285,11.530008,12.670897,15.321643,16.495575,20.205265,22.101294,25.70251,26.753616,22.492151,25.55183,26.453321,22.17825,20.938732,16.14325,18.686708,13.160599,15.885321,13.267151,16.209476,15.395344,19.069687,22.422295,21.543692,21.689013,19.53282,19.288979,14.640465,18.439798,13.096674,18.544424,14.562312,18.527687,20.781303,17.83401,15.175029,13.011887,9.222535,8.494126,5.625302,8.137411
6,18.07374,14.030198,12.898531,9.543527,5.322555,5.4165273,0.0,6.144293,7.230063,10.809236,15.095512,17.18467,19.005447,19.45486,16.065704,12.094943,10.374117,6.3506436,7.391228,4.819144,7.9176526,8.126434,8.559178,13.536634,10.142224,16.760204,13.506916,14.912479,10.894456,14.136614,10.734827,15.07303,16.75747,19.896555,21.150639,23.004705,26.896408,27.232437,26.505722,23.669004,18.718542,19.85166,15.24648,16.258364,13.498708,14.095783,14.529073,14.576475,18.287703,18.809803,17.61757,19.67355,17.452827,20.954823,21.959705,23.690605,25.802553,25.86874,23.40055,24.559284,26.123743,21.3905,19.853504,17.276989,17.328058,13.915546,17.86593,16.312376,17.57312,17.292702,14.278493,12.610333,9.47073,9.420885,9.052149,8.209072,11.510473,11.948468,16.042784,17.810884,21.537767,22.546722,18.844208,22.273016,22.426443,17.901705,16.57726,11.585726,14.021407,8.077043,11.0765,9.239594,12.516535,13.760275,16.53549,19.588293,18.921144,18.297209,16.927097,15.455394,11.518915,14.495821,9.664136,14.931101,10.751416,15.27908,17.73074,15.755247,13.019384,12.99092,8.140478,10.163777,7.407506,11.192318
7,20.670547,17.378334,15.477487,12.994491,9.576393,6.205676,6.144293,0.0,4.510969,6.3029165,11.403456,12.890514,15.326474,16.835896,13.245999,10.312536,7.0945764,6.464444,4.2717977,7.1575,5.7598987,10.58888,12.740362,17.428896,15.113035,21.734737,19.061913,20.459116,16.282888,19.518959,15.05767,19.639782,18.879436,22.639019,22.788122,24.351421,27.964054,27.571527,26.852169,24.647232,19.798676,20.423704,16.95979,16.750353,15.267066,14.72841,15.968635,15.098193,19.885498,19.690428,19.43628,20.905329,19.85343,23.606722,24.23907,27.047209,28.303957,29.411201,27.29081,28.398346,28.789564,24.330103,23.801996,20.42038,21.780888,18.0336,22.546679,20.387783,22.30643,21.235498,17.724615,15.463894,12.633801,10.189035,9.020117,9.860623,10.945655,12.119714,15.16735,17.06148,20.431726,21.670094,17.238436,20.387281,21.91712,17.956656,17.70801,13.042484,17.227497,12.326178,16.299145,15.259594,18.600584,19.680676,22.595398,25.701063,25.047495,24.334751,22.84212,21.069286,16.79628,19.112041,13.486118,16.934769,12.342602,15.277695,16.851711,13.704403,11.881308,9.323406,7.9500456,9.173893,8.890633,12.558283
8,23.16524,19.70249,18.676704,15.01159,11.848167,9.443894,7.230063,4.510969,0.0,4.5876017,8.093736,10.878543,12.414942,13.641336,10.54582,7.087478,6.7159805,5.427752,6.9835973,9.87559,10.193512,14.080685,15.439087,20.226461,16.845009,23.618315,19.997059,20.583735,16.159855,18.350075,13.580785,17.198326,15.310315,18.80681,18.910463,20.049332,23.762821,23.446716,23.16392,21.41756,16.643993,18.19807,14.782966,15.824158,15.015463,15.40148,17.48687,17.659374,21.990358,20.97414,20.394115,20.97591,19.29572,22.712574,22.149513,25.403803,25.815199,26.976982,24.784317,25.413916,25.358437,20.901087,21.050081,17.92434,20.388985,17.22466,22.263908,20.727413,23.327765,22.792622,19.21021,17.951534,14.243109,12.957868,10.802324,9.5185995,10.129149,9.646191,12.6466875,13.588418,16.995178,17.79338,13.180082,16.188702,17.53738,13.625689,13.410799,9.060426,13.756599,10.032258,14.497226,14.758359,18.42648,20.590601,23.153275,25.88564,24.994564,23.571068,22.309717,19.557117,15.526495,16.679317,11.174933,13.114525,8.49538,10.897002,12.400197,9.600742,7.864251,7.1417913,5.9360676,9.192819,9.850504,13.959986
9,26.760342,23.440008,21.762403,18.88307,15.400024,12.455676,10.809236,6.3029165,4.5876017,0.0,5.553524,6.6920156,9.045399,10.855062,7.440993,5.7652183,4.1873994,6.7883625,6.850312,11.824459,11.273869,16.324366,18.106775,22.424372,19.400723,26.150677,22.806438,23.286243,18.869316,21.269777,15.919124,20.124914,16.646479,21.055723,19.762926,21.342684,24.252724,23.179829,22.428019,20.93825,16.51186,17.128317,14.954143,14.7039385,14.981321,14.618464,17.30557,17.280819,21.845064,20.088047,20.130407,20.102083,19.388142,22.840883,22.23031,26.149761,26.0797,28.144552,26.438248,27.36901,26.413908,22.505116,23.152706,19.217209,22.296053,18.867762,24.083473,22.08095,25.253983,24.191668,20.339739,19.120426,15.558876,13.407893,10.673468,10.329083,8.982899,9.360667,10.920299,12.346852,15.22526,16.551037,11.979031,15.094087,17.386171,14.11416,15.180683,11.448537,16.888956,13.595635,18.099848,18.583632,22.004465,24.447178,26.727861,29.478966,28.931416,27.47842,26.548052,23.568562,19.910507,20.69265,15.522803,16.40256,11.950605,13.015332,13.485716,10.572697,10.305883,8.436672,10.146752,12.742626,13.914958,17.80282
10,30.942205,27.682348,26.592089,23.004221,19.921774,17.242636,15.095512,11.403456,8.093736,5.553524,0.0,4.8459005,4.759361,7.1691346,5.682696,5.8788166,8.524032,10.664865,12.293342,16.907291,16.73415,21.570433,23.037266,27.436108,23.85971,30.607018,26.671682,26.507177,22.07036,23.421173,18.075823,20.939817,15.6006775,19.48713,17.58123,18.298103,20.885088,19.481918,19.42193,19.119604,15.377853,16.914074,15.7017565,16.488693,17.850824,18.141932,21.453297,22.079199,26.248625,23.744257,23.680874,22.640774,21.647396,24.54909,22.46092,27.033657,25.637997,28.061653,26.487251,26.784954,24.827042,21.346659,23.162909,19.586067,23.989784,21.31356,26.807903,25.364986,29.081463,28.390581,24.553234,24.001421,20.03967,18.53394,15.43619,13.876141,11.801425,10.424188,10.515992,10.039372,12.137579,12.7611475,7.669467,9.937313,13.114023,10.963335,12.945166,11.006573,16.589884,15.381889,19.874691,21.488085,25.030617,28.15339,30.193762,32.5899,31.810375,29.762486,28.999544,25.247036,21.935259,21.474497,16.873613,15.354524,11.881685,10.649664,9.832305,7.4760413,8.999374,8.785925,12.130585,15.261896,17.358221,21.190655
11,33.41705,30.131063,28.33291,25.56849,21.984163,19.089577,17.18467,12.890514,10.878543,6.6920156,4.8459005,0.0,3.659959,6.3770876,4.4044046,7.285238,7.937601,11.9194565,12.364964,17.704168,17.225069,22.452744,24.166706,28.028265,24.884281,31.479305,27.97654,27.88998,23.571444,25.439423,19.771698,23.608849,17.90195,22.782387,19.771158,21.473923,23.110943,21.037611,20.002625,19.468401,16.13934,16.120588,16.076101,15.1788845,17.271227,16.749077,20.27962,20.684042,24.832191,21.838331,22.370695,20.970533,21.052374,23.9944,22.436766,27.28563,25.934494,29.103493,28.035599,28.937128,26.55053,23.613745,25.309265,20.924707,25.212395,22.141125,27.511974,25.526669,29.533619,28.305733,24.355738,23.796995,20.182487,18.088213,14.8547735,14.317904,11.065937,11.068248,9.816022,10.630233,11.975359,13.6248045,9.756252,12.337656,15.739639,14.001398,16.646515,14.512452,20.231098,18.352999,22.757431,24.078047,27.312061,30.503685,32.295433,34.798847,34.463947,32.609825,32.153584,28.497746,25.452223,25.239239,20.756754,19.76527,16.033854,15.247517,14.301689,12.287803,13.757276,12.559675,15.970814,18.717226,20.442844,24.275612
12,35.444233,32.095367,30.727942,27.422342,24.011765,21.396822,19.005447,15.326474,12.414942,9.045399,4.759361,3.659959,0.0,3.9405093,4.611405,7.857829,10.620117,13.672229,15.214451,20.153173,20.17051,25.075556,26.492346,30.481295,26.876665,33.477062,29.533585,29.032534,24.729221,25.905458,20.372358,23.301584,16.701218,21.141249,17.815613,19.019379,20.37078,18.134453,17.579012,17.834707,15.022146,15.804958,16.16536,16.283766,18.748053,18.864601,22.628235,23.541716,27.368568,24.08809,24.346735,22.448254,22.069176,24.603626,22.068089,27.180593,25.033371,28.275951,27.252573,27.724638,24.80358,22.161283,24.512157,20.500238,25.489218,22.969177,28.448368,26.924585,31.182713,30.310402,26.42377,26.314665,22.373121,20.872177,17.481876,16.013569,12.846525,11.626243,9.801358,9.085621,9.757815,10.820012,6.9717417,8.935055,12.708694,11.813275,14.933817,13.919546,19.430553,18.732677,23.021893,24.989603,28.271904,31.899584,33.515812,35.769203,35.283035,33.05924,32.735485,28.630219,25.87554,24.938414,20.933104,18.721846,15.658951,13.833863,12.258212,11.114378,13.249659,13.325409,16.833048,19.999157,21.989414,25.872551
13,36.753494,33.106716,31.836477,28.401417,24.70304,22.688774,19.45486,16.835896,13.641336,10.855062,7.1691346,6.3770876,3.9405093,0.0,3.9799328,7.390414,11.314668,13.6198845,16.186716,20.53519,21.604464,25.763693,26.697813,30.384075,26.36549,32.732307,28.502686,27.517664,23.413427,24.118977,18.674925,21.328415,14.050979,18.947277,14.764114,16.740767,17.383398,14.91766,13.823247,14.009104,11.60202,12.413546,13.43288,14.020617,16.971806,17.636353,21.641819,23.266695,26.469742,22.767292,22.776192,20.296537,19.66547,21.768778,18.666813,23.967222,21.385988,24.886515,24.131998,24.707903,21.398062,19.201904,21.771366,17.639332,23.030958,20.914991,26.320553,25.091333,29.719242,29.074947,25.307053,25.901258,21.735714,20.988646,17.39954,15.1424885,11.809455,9.884445,7.1015224,5.6977043,5.8562627,7.400348,5.0335693,8.0531,10.615509,9.807511,13.428207,12.901346,18.085337,17.879032,21.79641,24.233595,27.22171,31.489717,32.572926,34.550537,34.278748,31.81044,31.979221,27.494461,25.464945,24.002537,20.816465,18.25708,15.484974,13.838876,12.382157,12.565062,14.410152,15.8529005,18.144176,21.89479,23.34061,27.432909
14,33.450504,29.788311,28.228582,25.142847,21.249634,19.142471,16.065704,13.245999,10.54582,7.440993,5.682696,4.4044046,4.611405,3.9799328,0.0,4.3763165,7.3494377,10.095249,12.258842,16.75579,17.748352,21.9521,23.033405,26.695026,22.938559,29.387234,25.451767,24.857239,20.650156,22.038757,16.375954,20.015387,13.886534,19.251875,15.783874,18.218838,19.57649,17.600058,16.169922,15.202719,11.749301,11.944234,11.921063,11.759424,14.145736,14.4192295,18.260117,19.567657,23.085535,19.75034,19.831009,17.980112,17.495907,20.162136,18.14369,23.07076,21.554935,24.730244,23.751825,24.750977,22.303087,19.499598,21.218168,16.71611,21.330996,18.59429,24.017344,22.383896,26.751244,25.868052,22.007423,22.230015,18.192211,17.114178,13.563175,11.76814,8.373811,7.3258185,5.566334,6.4296236,8.32317,10.301338,7.1314487,10.887071,13.058431,10.832023,13.675707,11.643328,17.200548,15.663381,19.786678,21.613302,24.61618,28.513607,29.784298,32.013557,31.84238,29.719208,29.728155,25.669117,23.312704,22.59092,18.875074,17.641365,14.045334,13.630592,12.9828615,12.201759,13.281278,13.935354,15.726785,19.31179,20.380102,24.504452
15,29.683956,25.893261,24.653406,21.218077,17.377169,15.70577,12.094943,10.312536,7.087478,5.7652183,5.8788166,7.285238,7.857829,7.390414,4.3763165,0.0,5.717511,6.3464885,9.832994,13.449023,15.155107,18.675638,19.456919,23.39919,19.336784,25.895832,21.736687,21.227182,16.888721,18.278297,12.691518,16.351713,11.417937,16.55581,14.316708,16.673447,19.020117,17.895548,16.840687,15.201276,10.795421,11.997144,10.013673,11.104331,12.195261,13.087857,16.515266,17.947155,21.491768,18.853682,18.376484,17.295694,15.856673,18.777435,17.081139,21.392525,20.629454,22.923716,21.422665,22.328142,20.860949,17.278854,18.38656,14.240902,18.349648,15.557981,21.062685,19.666126,23.665028,23.122807,19.345234,19.50709,15.210407,14.682459,11.284308,8.591676,6.6036797,4.5642185,5.8781385,6.8183365,10.126625,11.512841,7.7994323,11.87367,12.988672,9.423316,11.10858,7.8952427,13.510804,11.37078,15.619644,17.34121,20.48736,24.306744,25.705982,27.963163,27.625088,25.545954,25.400663,21.46669,18.961998,18.489826,14.638222,14.193531,10.176322,10.968852,11.3305645,10.473478,10.473978,11.893711,12.093477,16.045212,16.623653,20.842663
16,27.313396,23.690723,21.514738,19.284067,15.072817,12.743616,10.374117,7.0945764,6.7159805,4.1873994,8.524032,7.937601,10.620117,11.314668,7.3494377,5.717511,0.0,5.0727334,4.9674773,9.9438,10.592048,14.910403,16.421206,20.104265,17.102282,23.659874,20.516037,20.933409,16.68649,19.540686,14.007731,19.2302,16.082798,21.379965,19.510532,22.20474,24.582808,23.38723,21.788235,19.524471,15.07232,14.578325,12.495833,11.097115,11.283019,10.510211,13.337193,13.566666,17.927355,15.924425,16.082138,16.09124,15.804987,19.407047,19.588654,23.33166,23.812656,26.088552,24.679228,26.251677,25.435932,21.779572,21.90499,17.347845,19.91223,16.102928,21.153158,18.757376,22.179459,20.820412,16.883518,15.969231,12.416877,10.30151,7.1095824,7.2920823,5.3219266,7.3627257,9.010534,11.813249,14.774446,16.765347,13.1944685,17.031141,18.666683,15.096346,16.312416,12.167627,17.391315,13.308963,17.44978,17.690624,20.631304,23.418144,25.18649,27.930935,27.898203,26.594362,26.167496,23.238342,20.213465,21.148067,16.565819,18.143415,13.531774,15.426544,16.14055,14.01844,13.473222,12.394752,12.617777,15.375128,15.430098,19.41255
17,24.324448,20.349377,18.7906,15.857365,11.530106,10.447116,6.3506436,6.464444,5.427752,6.7883625,10.664865,11.9194565,13.672229,13.6198845,10.095249,6.3464885,5.0727334,0.0,5.4294147,7.21503,10.128246,12.488541,13.113489,17.141064,13.274062,19.977757,16.23512,16.518301,12.118878,14.826688,9.5474615,14.721633,13.300721,18.074,17.399006,20.07923,23.075731,22.670551,21.37834,18.628305,13.734443,14.303238,10.512242,10.993549,9.63174,10.268536,12.439225,13.404422,17.168861,15.906173,15.082894,15.717255,13.981231,17.5368,17.780418,20.739374,21.85522,23.141487,21.25071,22.697193,22.878746,18.689709,18.111849,14.176765,16.02991,12.380766,17.442728,15.5961275,18.672098,18.004667,14.2905245,13.777141,9.590487,9.206877,6.4688244,4.0974283,5.605877,6.0895133,9.842179,12.093066,15.695332,17.17639,13.816852,17.767899,18.1983,13.87314,13.906087,9.037569,13.397905,8.484869,12.484152,12.649395,15.686656,18.748629,20.439268,23.094852,22.919384,21.536991,21.137493,18.213272,15.344958,16.45863,12.188408,14.820329,10.190941,13.516613,15.162574,13.653444,12.0327835,12.542767,10.131347,13.517761,12.531478,16.692291
18,22.956963,19.430105,16.820698,15.318445,11.03728,8.528973,7.391228,4.2717977,6.9835973,6.850312,12.293342,12.364964,15.214451,16.186716,12.258842,9.832994,4.9674773,5.4294147,0.0,5.790157,5.7530527,10.172366,12.181678,16.03391,13.838155,20.341763,17.939802,19.24223,15.202678,18.934229,14.109363,19.739391,18.678076,23.425787,22.658113,25.203253,28.151035,27.42413,25.940037,23.250208,18.531626,18.067842,15.02251,13.552419,12.087775,10.858317,12.155729,11.243413,16.121717,15.627575,15.68074,17.176645,16.799236,20.69036,22.023584,24.833866,26.414951,27.956823,26.239227,27.962984,28.162294,24.086102,23.318064,19.195839,20.289103,16.11255,20.517122,17.813023,20.131798,18.559158,14.8211775,12.725738,9.936593,6.8418007,5.138566,7.450034,8.029409,10.598655,13.318637,16.180931,19.420345,21.249475,17.503416,21.20752,22.57613,18.58158,18.879519,14.087895,18.480137,13.170178,16.895315,15.827501,18.631859,20.24952,22.514,25.605259,25.564285,24.92608,24.065975,22.150381,18.659328,20.80258,15.8589115,19.22828,14.48895,17.5153,18.897055,16.287643,14.84394,12.889665,11.7072115,13.389644,12.480886,16.08518
19,19.182152,15.24979,12.660748,11.542291,6.722539,6.5519533,4.819144,7.1575,9.87559,11.824459,16.907291,17.704168,20.153173,20.53519,16.75579,13.449023,9.9438,7.21503,5.790157,0.0,5.815782,5.399282,6.4966197,10.616104,8.30567,14.808603,12.693137,14.66455,11.086668,15.477483,11.949289,17.650673,19.132042,23.255722,23.58093,26.304577,29.587343,29.512072,28.024809,24.71362,19.89205,19.689413,15.570234,14.852625,11.70441,11.171656,10.766274,10.008089,14.046583,15.102482,14.324103,17.090942,15.859064,19.655087,21.928934,23.462494,26.233229,26.73743,24.72073,26.637615,28.082567,23.749855,21.857151,18.454382,17.763525,13.611912,17.037447,14.470922,15.565784,14.321298,11.09466,8.537836,6.1762204,4.792371,5.7067804,7.4416513,10.55785,12.677172,16.342428,19.13761,22.687584,24.319984,21.002972,24.834133,25.228638,20.756731,20.074465,14.988186,17.81844,11.593926,14.088772,11.702343,13.944318,14.852112,17.145336,20.40355,20.528519,20.460934,19.582458,18.590033,15.4143915,18.5176,14.287844,19.355444,14.993662,19.264587,21.393042,19.295702,16.996197,16.067636,12.439753,13.818495,11.0555525,14.205833
20,18.320347,15.305124,12.040485,11.900001,8.458069,5.2355614,7.9176526,5.7598987,10.193512,11.273869,16.73415,17.225069,20.17051,21.604464,17.748352,15.155107,10.592048,10.128246,5.7530527,5.815782,0.0,6.5953903,9.830807,13.81249,13.316489,19.178047,17.98801,20.329248,16.828825,21.05524,17.316874,22.643858,23.190937,27.15766,27.393694,29.48053,32.9642,32.582314,31.376371,28.607979,23.776123,23.497486,19.995596,18.640015,16.333809,14.869026,14.671453,12.414361,17.379677,18.513088,18.576422,21.20277,20.826727,24.749819,26.789406,28.871223,31.168459,32.08425,30.078968,31.73287,32.711636,28.31084,26.978865,23.47735,23.446901,19.277409,22.81184,20.031492,20.883053,19.176905,16.062006,12.527666,11.443268,7.8213897,8.804588,11.867381,13.523938,15.961404,19.01299,21.691235,25.030315,26.654108,22.576973,25.952301,27.377048,23.267982,22.90013,17.976648,21.526373,15.766874,18.865355,16.497372,19.0735,18.807755,21.879936,25.30228,25.064354,25.250463,23.675117,23.088144,18.982536,22.340899,17.102823,21.80411,17.32113,20.81535,22.56167,19.418364,17.440815,14.400924,12.538942,12.241746,10.561919,12.987774
21,15.137888,11.562557,8.007472,9.181492,5.600091,6.5415034,8.126434,10.58888,14.080685,16.324366,21.570433,22.452744,25.075556,25.763693,21.9521,18.675638,14.910403,12.488541,10.172366,5.399282,6.5953903,0.0,3.6567063,7.615713,8.096973,13.070109,12.79253,15.914748,13.430684,18.04797,15.919526,21.06078,23.890589,27.36844,28.419483,30.861927,34.456917,34.631268,33.26921,29.858053,25.056803,24.83649,20.589958,19.753822,16.20065,15.352853,13.676629,11.778767,15.3422,17.95302,17.25314,20.924273,19.879389,23.524544,26.492727,27.275808,30.721422,30.678883,28.514261,30.431528,32.568752,28.108814,25.692427,22.887823,21.089375,17.182272,19.359755,16.810143,16.130192,14.76909,12.622098,8.719073,9.055168,7.6650553,10.308853,12.658014,15.850748,18.043596,21.735329,24.49742,28.072361,29.626331,26.137556,29.785538,30.209738,25.692732,24.583298,19.540052,21.588417,15.334394,16.911396,13.290745,14.815057,13.392717,16.370554,19.908123,20.000296,20.962948,19.504812,20.076523,16.694372,20.86374,16.812323,22.83892,18.848423,23.352814,25.70336,23.288689,20.683445,19.087242,15.095157,14.958793,11.41815,13.050036
22,15.411859,11.406856,8.784296,9.358306,5.8564806,8.757079,8.559178,12.740362,15.439087,18.106775,23.037266,24.166706,26.492346,26.697813,23.033405,19.456919,16.421206,13.113489,12.181678,6.4966197,9.830807,3.6567063,0.0,5.2562456,4.844436,9.746732,9.286603,12.628125,10.703501,15.306898,14.132382,18.962427,22.875372,26.06059,27.45848,30.096292,33.644695,34.11789,32.708168,29.033064,24.35208,24.304838,19.725237,19.459957,15.446855,15.28286,13.261592,12.302192,14.753187,17.614048,16.319775,20.16454,18.5049,21.852726,25.020489,25.14904,29.03754,28.468632,26.230156,28.23206,30.910675,26.503653,23.58779,21.235859,18.618822,15.0495,16.547832,14.390091,13.088139,12.3122835,10.719296,7.579468,7.9645658,8.68995,11.216409,12.5081,16.310919,18.08527,22.008247,24.655363,28.287048,29.739866,26.67997,30.434912,30.247879,25.602736,24.163141,19.23787,20.440908,14.218567,14.86237,10.834121,11.664687,10.219052,12.818426,16.345222,16.67471,17.812765,16.6841,17.53708,14.888749,19.117563,16.010017,22.334085,18.711884,23.57764,26.16272,24.308882,21.507532,20.924273,16.08827,16.54006,12.522404,14.170332
23,17.90615,14.421759,11.514243,13.7432165,11.019879,13.782945,13.536634,17.428896,20.226461,22.424372,27.436108,28.028265,30.481295,30.384075,26.695026,23.39919,20.104265,17.141064,16.03391,10.616104,13.81249,7.615713,5.2562456,0.0,5.5545297,6.2431498,8.763719,12.544523,12.271097,16.950003,16.710428,21.662409,26.107855,29.537914,30.646261,33.863243,36.99492,37.43402,35.537292,31.432873,27.07826,26.300985,22.041536,21.083345,16.799139,16.321201,13.144133,12.0426655,12.809122,16.882158,15.581329,20.125736,18.959185,21.937923,26.233883,25.496742,30.234303,29.493715,27.605192,30.152214,33.174465,29.177433,25.71232,23.342615,19.56814,16.174318,16.058298,13.601691,10.774453,9.463779,9.406275,6.308781,9.282657,10.634261,13.759749,15.528141,19.147228,21.379316,25.010328,28.056856,31.530844,33.251446,30.710648,34.694973,34.27196,29.624418,28.31566,23.47933,24.362267,18.25665,18.110338,14.013933,13.389377,11.529721,12.772858,16.028765,17.339542,19.183392,18.75008,20.23458,18.708735,22.807344,20.599735,26.878714,23.387259,28.310219,30.870365,29.241604,26.525093,26.012522,21.295965,21.759268,17.702986,18.955446
24,19.184021,14.982127,13.202703,12.901582,9.262323,12.467971,10.142224,15.113035,16.845009,19.400723,23.85971,24.884281,26.876665,26.36549,22.938559,19.336784,17.102282,13.274062,13.838155,8.30567,13.316489,8.096973,4.844436,5.5545297,0.0,6.792001,4.8715577,8.052178,6.7997656,11.598773,11.237742,16.146116,20.717941,24.060434,25.240803,28.48847,31.586824,32.19026,30.4473,26.387104,22.027573,21.817526,17.16495,17.26203,12.879497,13.527327,11.303407,11.87832,12.809974,15.44168,13.439899,17.24474,14.982032,17.922457,21.45608,20.898212,25.294428,24.41169,22.334667,24.719893,27.715338,23.643074,20.21876,17.984835,14.438973,11.109368,11.814274,9.896246,8.467374,8.386592,7.194463,6.2434506,6.032245,9.381023,11.307486,11.36304,15.455237,16.901438,20.765276,23.436878,26.96178,28.459454,26.193686,30.171127,29.299425,24.63525,23.189093,18.526913,19.089603,13.128927,12.783859,9.083353,8.725752,9.267356,10.060355,13.269851,14.384315,15.217447,15.248021,15.544918,14.40897,17.898937,16.13395,22.051685,18.74089,23.719542,26.33707,25.268347,22.552582,23.117018,17.98058,19.493526,15.553109,17.72397
25,21.007875,17.422157,15.935893,17.058123,14.754197,18.370567,16.760204,21.734737,23.618315,26.150677,30.607018,31.479305,33.477062,32.732307,29.387234,25.895832,23.659874,19.977757,20.341763,14.808603,19.178047,13.070109,9.746732,6.2431498,6.792001,0.0,5.6309247,9.002153,10.983767,14.571946,16.291874,20.110378,25.908308,28.7524,30.237123,33.701912,36.560577,37.423664,35.45955,31.071514,27.18959,26.648312,22.258703,22.190184,17.71472,18.307108,15.1427555,15.649296,14.517377,18.325094,16.184076,20.471344,18.416435,20.466993,24.955076,22.938087,28.350199,26.693277,24.861692,27.552597,31.38545,27.76729,23.59928,22.158985,17.042097,14.838301,12.766733,11.550177,6.8684816,7.6096935,9.634235,9.576297,11.640305,14.931359,17.339119,17.640427,21.54272,23.047384,26.693428,29.429255,32.80617,34.33497,32.54071,36.553387,35.271946,30.646576,28.988169,24.649736,24.290506,18.92995,17.317366,13.499442,11.165226,9.989975,8.863585,11.346783,13.662416,15.816136,16.474274,18.285141,18.506065,22.059565,21.575317,27.646578,24.870758,29.943417,32.679558,31.858103,29.035122,29.737783,24.33206,25.468235,21.217724,22.537436
26,21.47588,17.308357,16.564934,15.690249,12.82919,16.546196,13.506916,19.061913,19.997059,22.806438,26.671682,27.97654,29.533585,28.502686,25.451767,21.736687,20.516037,16.23512,17.939802,12.693137,17.98801,12.79253,9.286603,8.763719,4.8715577,5.6309247,0.0,3.9866593,5.5933805,9.004924,11.005317,14.481259,20.498796,23.138615,24.788155,28.15735,31.060858,32.093483,30.38165,26.134953,22.225603,22.376175,17.61108,18.689888,14.304362,15.921663,13.831768,15.475617,15.005833,17.3699,14.737764,18.144829,14.996217,17.023302,20.507399,18.798897,23.73027,21.915897,19.772022,22.20916,26.020937,22.232136,18.122118,16.930155,12.049729,10.0888405,8.925744,8.623754,5.976176,8.13182,8.571582,9.861834,9.417137,13.714014,15.076287,13.88215,18.021215,18.683352,22.490795,24.759089,28.163507,29.419432,27.807451,31.717089,30.07871,25.488256,23.673508,19.592768,18.857279,13.834198,11.877311,8.567335,6.154183,8.01225,6.471512,9.062313,10.945682,11.803439,12.924787,13.392174,14.028182,16.931772,16.914646,22.53987,20.020927,25.038534,27.79542,27.453993,24.67081,26.264639,20.6387,22.589058,18.583168,20.616888
27,24.685406,20.422112,20.05713,18.373922,15.3665695,18.860891,14.912479,20.459116,20.583735,23.286243,26.507177,27.88998,29.032534,27.517664,24.857239,21.227182,20.933409,16.518301,19.24223,14.66455,20.329248,15.914748,12.628125,12.544523,8.052178,9.002153,3.9866593,0.0,4.4695334,5.9661193,9.169465,11.7902355,18.10431,20.603891,22.116264,25.760944,28.289783,29.47442,27.69944,23.37335,19.867737,20.273558,15.585374,17.486807,13.423379,15.879062,14.471065,17.089643,16.163046,17.522852,14.527851,17.054483,13.144656,14.48962,17.490705,15.3117895,20.294245,18.095469,15.971707,18.551596,22.560562,19.08151,14.694918,13.930619,8.442135,7.6183305,5.7416735,7.1421127,6.1566005,9.26892,9.586565,12.292245,10.791735,15.569655,16.118616,13.815402,17.707874,17.691933,21.265553,23.192373,26.400478,27.50925,26.529228,30.397837,28.228071,23.807339,21.9977,18.46232,17.159224,13.057391,10.422021,8.613737,5.8092704,10.247823,7.5517573,8.8269205,10.916799,10.599108,12.867826,12.048103,13.977671,15.672159,16.74282,21.480183,19.40972,24.177992,26.845263,27.151066,24.550234,26.982273,21.415606,24.04697,20.375832,22.814945
28,23.37772,18.942127,18.378683,16.01687,12.414,15.379311,10.894456,16.282888,16.159855,18.869316,22.07036,23.571444,24.729221,23.413427,20.650156,16.888721,16.68649,12.118878,15.202678,11.086668,16.828825,13.430684,10.703501,12.271097,6.7997656,10.983767,5.5933805,4.4695334,0.0,5.062547,5.413457,9.733773,14.94327,18.043036,19.286383,22.79076,25.604803,26.540152,24.922829,20.830536,16.77343,17.459467,12.405926,14.51152,10.528137,13.08811,12.480623,15.024243,15.384857,16.0573,13.321092,15.489309,11.550314,13.789571,15.996459,15.311316,19.313389,17.963722,15.647041,17.920675,21.091354,17.097189,13.44382,11.7089815,8.066132,5.608486,7.4500403,7.5318213,8.72823,10.442079,8.9496975,10.989979,8.039629,12.5563965,12.524708,9.702378,13.773269,13.610669,17.456505,19.372551,22.772804,23.893642,22.453846,26.352386,24.553205,20.00286,18.35066,14.398143,13.944832,9.064983,7.591009,6.066427,5.613438,10.618924,9.809827,11.843391,12.815949,11.838184,13.157961,11.243301,11.767506,13.447399,13.32118,17.99468,15.394249,20.171925,22.778187,22.85525,20.321556,22.648666,17.322506,20.236023,16.892473,19.842627
29,26.146406,21.78929,22.130816,18.888393,15.984375,18.989473,14.136614,19.518959,18.350075,21.269777,23.421173,25.439423,25.905458,24.118977,22.038757,18.278297,19.540686,14.826688,18.934229,15.477483,21.05524,18.04797,15.306898,16.950003,11.598773,14.571946,9.004924,5.9661193,5.062547,0.0,5.749526,5.845682,12.90747,14.692257,16.741814,20.011911,22.738281,24.271536,23.080124,19.19098,15.731627,17.547949,12.558389,16.365831,13.208315,16.55558,16.645367,19.6972,19.688248,19.674026,16.72962,17.824396,13.069263,14.133818,14.755439,13.477655,16.989462,14.52107,11.6863985,13.438824,17.444677,13.517998,9.280935,9.5304365,5.6571436,6.544842,7.781126,10.120281,11.660949,14.295864,13.351138,15.976762,12.86024,17.279945,16.656584,12.784911,16.339245,14.862023,18.415089,19.344486,22.4941,23.050554,22.294605,25.820068,23.135845,18.877905,16.731066,13.947248,11.724917,9.147071,5.7821927,6.929083,5.958368,12.294833,10.543707,11.1873255,11.771952,9.374349,11.783873,8.397766,11.022285,10.927306,13.01537,16.476967,15.127295,19.503145,22.134928,23.162336,20.721323,24.288935,18.814608,22.225882,19.24751,22.165878
30,26.250492,21.817844,21.3854,18.058376,14.231655,16.06269,10.734827,15.05767,13.580785,15.919124,18.075823,19.771698,20.372358,18.674925,16.375954,12.691518,14.007731,9.5474615,14.109363,11.949289,17.316874,15.919526,14.132382,16.710428,11.237742,16.291874,11.005317,9.169465,5.413457,5.749526,0.0,6.7340174,9.649754,13.606809,14.077463,17.80436,20.448599,21.205973,19.702,15.864411,11.58677,13.124887,7.792591,11.500209,8.753531,12.122981,13.285144,16.328766,17.38339,16.416187,13.936571,14.444422,10.091981,12.294856,12.452502,13.369491,15.769213,15.215631,12.857594,14.75541,16.797579,12.601439,9.991816,7.236248,6.9127073,4.7245426,9.566253,9.881282,13.183418,14.410331,11.967132,14.128856,9.907021,13.553632,12.012855,7.4714413,10.726981,9.170202,12.910307,14.242712,17.610703,18.548744,17.37295,21.24909,19.251379,14.777348,13.459602,9.8136425,10.016376,6.06069,6.1867723,7.8915086,9.30651,14.868425,14.508966,16.099983,16.450953,14.304163,15.578405,11.769538,12.016416,11.896849,11.563982,14.405811,11.783036,15.952664,18.258995,18.909601,16.827446,19.992012,15.410872,19.260796,16.927538,20.568882
31,28.325916,24.088694,24.924644,20.594038,17.99137,20.221876,15.07303,19.639782,17.198326,20.124914,20.939817,23.608849,23.301584,21.328415,20.015387,16.351713,19.2302,14.721633,19.739391,17.650673,22.643858,21.06078,18.962427,21.662409,16.146116,20.110378,14.481259,11.7902355,9.733773,5.845682,6.7340174,0.0,8.462208,8.87585,11.860084,14.372436,17.491425,19.443346,19.12843,16.071886,12.811602,16.310617,11.583835,16.906618,15.018935,18.650759,19.914333,23.022448,23.774881,22.786318,20.11819,20.060238,15.2122,16.03604,14.133124,14.304822,15.548488,13.255946,9.901527,9.952468,13.378056,8.719515,5.6720557,7.5474205,8.036275,9.643694,12.58049,14.777735,17.297016,19.574322,17.93901,20.266373,16.356684,20.023977,18.499323,13.754345,16.4614,13.54043,16.725727,16.330526,19.276485,19.092155,18.535503,21.498894,18.270576,14.333686,11.741909,10.314995,6.7666416,7.538554,4.888284,9.190076,10.179922,16.123098,15.281608,15.676153,15.1838665,11.735036,13.499958,8.1751585,10.531044,7.8083334,10.833512,11.946352,11.724611,15.221813,17.700703,19.59404,17.482931,22.197695,17.235228,21.27656,19.28456,22.505075
32,33.077595,28.896267,29.018248,24.617018,21.341246,21.927618,16.75747,18.879436,15.310315,16.646479,15.6006775,17.90195,16.701218,14.050979,13.886534,11.417937,16.082798,13.300721,18.678076,19.132042,23.190937,23.890589,22.875372,26.107855,20.717941,25.908308,20.498796,18.10431,14.94327,12.90747,9.649754,8.462208,0.0,6.656228,4.5838513,8.745518,10.889072,11.747624,11.315782,9.085576,5.6677647,10.7765465,7.8201556,13.658196,14.138248,17.505854,20.366999,23.567633,25.040287,22.419256,20.499102,18.72193,14.8046465,15.667183,11.313397,14.645838,12.758322,13.405008,11.382527,11.196256,10.057788,5.8834662,8.034422,6.227559,12.049543,12.440634,17.093311,18.098524,22.27599,23.478611,20.801813,23.001234,18.430141,20.821432,18.027557,13.036454,13.405738,9.212764,10.633156,8.7285185,11.150643,10.674155,11.033602,14.00858,10.59213,7.0360274,6.552639,7.0573797,7.4292145,9.895164,11.245097,15.38242,17.448965,23.115358,22.900297,23.775925,23.417213,20.122095,21.357233,15.97393,16.391724,13.214137,13.659463,11.233438,10.510714,11.505735,12.64602,15.380194,14.705266,19.704653,17.095854,21.793247,21.295916,25.21957
33,33.793896,29.88636,31.04892,25.92276,23.715296,24.75246,19.896555,22.639019,18.80681,21.055723,19.48713,22.782387,21.141249,18.947277,19.251875,16.55581,21.379965,18.074,23.425787,23.255722,27.15766,27.36844,26.06059,29.537914,24.060434,28.7524,23.138615,20.603891,18.043036,14.692257,13.606809,8.87585,6.656228,0.0,6.563569,5.926475,9.938285,12.751663,14.487882,13.767219,11.901184,17.216276,14.273568,20.209908,20.148836,23.622732,26.057875,29.1036,30.552803,28.483799,26.292006,24.9296,20.583717,21.032917,16.489649,18.54273,16.453304,15.284122,12.558705,9.981877,10.132124,5.8529387,8.603925,10.9172,15.255484,16.8658,20.593145,22.509579,25.82575,27.723976,25.518906,27.582243,23.170122,25.82328,23.409723,18.424034,19.48779,15.279421,16.971395,14.323931,16.219366,14.536085,14.723037,16.108624,11.817051,9.561731,6.7971044,9.786325,6.274017,12.062092,12.011653,16.649273,18.59302,23.926517,23.749012,24.01166,22.883036,19.08067,20.095848,14.449879,15.561643,10.846115,13.375324,9.194315,11.373898,11.5815,12.997296,16.61406,15.699356,21.696125,18.547403,22.987284,22.671474,26.023607
34,37.289837,33.18638,33.471195,28.892399,25.786184,26.194601,21.150639,22.788122,18.910463,19.762926,17.58123,19.771158,17.815613,14.764114,15.783874,14.316708,19.510532,17.399006,22.658113,23.58093,27.393694,28.419483,27.45848,30.646261,25.240803,30.237123,24.788155,22.116264,19.286383,16.741814,14.077463,11.860084,4.5838513,6.563569,0.0,5.967182,6.4112577,7.5949845,8.061087,7.5060625,6.751251,12.126143,11.024524,16.55155,17.842274,21.141127,24.268272,27.607878,28.909426,25.839304,24.03895,21.587627,17.929354,18.069458,12.465339,16.089449,12.412267,13.471979,12.065637,10.8846445,7.5573993,5.2437563,9.656646,9.109684,15.245276,16.353716,20.587292,21.891815,26.253937,27.548483,24.967129,27.38461,22.828472,25.11224,22.137728,17.266554,16.956144,12.707794,12.791372,9.717255,10.657543,9.171087,11.2917595,13.170325,8.697834,7.2606683,7.709984,10.515388,10.399387,14.234962,15.292995,19.669334,21.570103,27.337673,26.911953,27.445253,27.024853,23.454794,24.87646,19.275217,20.100773,16.199392,17.255468,13.277771,13.678351,13.098859,13.360853,16.993284,17.043537,22.387558,20.563786,25.27322,25.2413,29.107029
