,0,1,2,3,4,5,6,7,8,9,10,11,12,13,14,15,16,17,18,19,20,21,22,23,24,25,26,27,28,29,30,31,32,33,34,35,36,37,38,39,40,41,42,43,44,45,46,47,48,49,50,51,52,53,54,55,56,57,58,59,60,61,62,63,64,65,66,67,68,69,70,71,72,73,74,75,76,77,78,79,80,81,82,83,84,85,86,87,88,89,90,91,92,93,94,95,96,97,98,99,100,101,102,103,104,105,106,107,108,109,110,111
0,0.0,4.3416486,5.869398,8.406612,11.850513,13.089545,16.95857,19.677668,22.76669,26.091799,30.814415,32.78587,35.086662,36.157356,32.61971,28.930824,25.908543,23.06185,21.204567,16.664927,15.890428,12.295779,14.522367,11.919163,14.668959,16.703238,17.556961,21.036592,20.524887,23.903994,24.471777,27.393078,33.05758,33.921005,37.776756,38.619392,42.944294,44.603798,43.37968,40.262947,35.56019,36.689842,31.593994,32.820713,28.44762,28.514254,26.306055,25.069368,26.584196,30.359228,28.758312,32.957054,30.646297,33.062637,36.15307,35.285477,39.669117,37.73755,34.87332,36.154076,40.133183,35.607933,32.357548,29.963085,28.559921,26.196499,26.54184,23.082348,23.21305,23.790411,23.300114,20.547626,21.303017,21.276716,23.693565,24.961918,28.719799,29.863697,34.064796,36.169228,39.93984,40.848526,38.13001,41.221973,40.07174,35.471626,33.023273,28.819609,28.527147,23.543318,22.922935,18.69484,19.942724,15.106844,20.919321,20.758226,20.079794,24.868122,21.44893,26.697285,23.083456,29.792767,26.61107,30.904419,33.33025,30.01581,27.265926,24.232973,20.415106,17.974766,14.422175,12.975611
1,4.3416486,0.0,5.082795,4.4099226,8.624946,10.613568,13.8008585,17.244364,19.754227,23.494896,27.891567,30.250334,32.25212,33.132458,29.768785,25.85334,23.47557,20.116196,19.100409,14.454669,14.5177765,10.755411,14.061645,11.466529,12.227549,15.0936985,14.710373,17.844604,17.064287,20.060772,20.802988,23.257212,29.115131,29.704731,33.75326,34.54086,38.859188,40.662796,39.60105,36.565918,31.919853,33.43547,28.221577,29.980928,25.738436,26.269156,24.468006,23.85392,25.405561,28.652216,26.76353,30.604788,27.81754,30.114517,32.718437,31.914036,36.050823,33.97819,30.996124,32.06275,36.035927,31.501,28.311098,26.207214,25.0022,22.898752,23.56946,20.359207,21.07886,22.049356,21.285015,19.178404,19.089178,19.646036,21.596876,22.097107,26.007162,26.66925,30.968678,32.791794,36.55958,37.289906,34.75345,37.75255,36.303154,31.755299,29.12112,25.084272,24.41394,19.660622,18.766943,14.611437,15.99579,11.344759,17.480669,17.148006,15.970709,20.646162,17.127602,22.363602,18.91805,25.73069,22.72707,27.199036,29.802916,26.79332,23.876593,21.602041,17.042646,15.08406,11.086005,9.915091
2,5.869398,5.082795,0.0,5.931028,7.3134284,9.40062,12.434821,15.966315,19.088621,22.281366,27.207308,28.864454,31.192976,31.841003,28.230324,24.54041,21.421078,18.333036,16.722986,11.531348,12.214946,6.9651837,9.356916,6.5178604,8.973838,11.484787,12.218302,15.950488,15.364928,19.294605,19.554379,23.294287,28.717707,30.393452,33.541016,35.04742,39.01761,40.417828,38.756023,35.36304,30.712866,31.403591,26.389145,27.357677,22.822584,22.907476,20.56345,19.614641,20.90605,24.580048,22.905693,27.127506,24.92334,27.384441,30.78502,29.95167,34.476624,32.85638,30.205908,31.956036,35.77265,31.335924,27.96092,25.040476,23.465061,20.782116,21.124552,17.388258,17.69037,18.064827,17.432884,14.788267,15.576638,15.959984,18.471424,19.738972,23.622175,25.005228,29.165518,31.583538,35.28619,36.461464,34.11176,37.52951,36.280495,31.58617,29.470459,24.953115,25.061296,19.446867,19.057322,14.685659,15.86923,11.91,17.574448,18.752705,18.29831,22.113209,19.432642,24.127531,20.61412,27.164186,23.552038,28.11009,30.528376,27.582247,24.91835,22.434996,18.150625,16.918026,12.749317,13.240106
3,8.406612,4.4099226,5.931028,0.0,4.714618,7.3599253,9.668119,13.712986,15.783825,19.728773,23.95197,26.45172,28.27764,28.975475,25.702934,21.677618,19.710909,16.024319,15.67025,11.115537,12.039434,8.518307,12.664876,10.824913,9.554589,13.6535,11.852527,14.707695,13.213331,16.22662,16.538479,19.147566,24.736225,25.54448,29.406916,30.293524,34.556473,36.288254,35.196163,32.19918,27.538643,29.19393,23.960455,25.955667,21.897663,22.695372,21.3452,21.195145,22.977505,25.635168,23.623978,27.108784,24.068857,26.431181,28.642954,28.17608,32.002552,30.135895,27.142939,28.223299,31.918137,27.301922,24.284712,21.980768,21.221045,19.02833,20.333286,17.056807,18.671225,19.673073,18.383934,16.763136,15.76422,16.651817,18.119398,18.064777,22.010653,22.403645,26.733006,28.451181,32.21104,32.914608,30.496094,33.540928,31.993137,27.425922,24.845684,20.742733,20.177603,15.259915,14.571507,10.522557,12.476383,8.980289,15.351458,15.520218,13.630586,17.52806,13.881718,18.724724,15.053826,21.789932,18.58944,23.208088,25.858753,23.107746,20.167429,18.506233,13.396242,12.338662,7.8562984,8.296645
4,11.850513,8.624946,7.3134284,4.714618,0.0,4.4773955,5.4153547,10.197037,12.397047,16.059177,20.56006,22.652641,24.597246,25.045183,21.637543,17.685308,15.455242,11.677224,11.445907,6.5846925,8.937048,5.285848,9.738046,9.2057,6.5585823,11.818086,9.232915,12.159231,9.803724,13.692249,12.871481,16.815306,21.575514,23.43436,26.422602,27.83306,31.829502,33.174488,31.649342,28.474058,23.739983,24.926176,19.801327,21.393072,17.314522,17.995346,16.802574,16.823404,18.85874,21.160397,19.226057,22.623358,19.770899,22.421001,24.787909,24.748554,28.489922,27.217209,24.462255,26.025959,29.252216,24.61184,21.724215,18.506207,18.079197,15.237879,17.135147,13.285816,15.712261,16.225359,14.323328,12.787004,11.199976,12.164428,13.468615,13.480007,17.454063,18.174147,22.456676,24.532658,28.267647,29.272335,26.988459,30.363104,28.97583,24.287186,22.195467,17.648573,17.961884,12.194539,12.408402,8.560487,11.017333,9.600295,15.29243,16.783377,14.916542,17.368986,14.300388,18.107866,14.17518,20.32535,16.477938,21.12823,23.592232,21.051863,18.376474,16.952307,11.950147,12.217266,7.887432,10.621623
5,13.089545,10.613568,9.40062,7.3599253,4.4773955,0.0,5.0728803,6.7251534,9.916066,13.089819,17.945856,19.79501,22.065626,23.111832,19.548153,15.970166,13.00162,10.38593,8.693346,5.7168393,5.103194,5.7417564,9.862903,11.257087,10.021036,15.360473,13.014492,15.807426,12.675975,16.641188,14.352657,18.810972,22.05088,24.225573,26.91032,27.7993,32.036472,33.052326,31.6057,28.798445,23.889187,24.955536,20.176811,21.168652,17.645607,17.656681,16.970312,16.208603,19.432974,21.466465,20.07278,23.313417,20.965355,24.098494,26.114485,26.963337,30.1003,29.503435,26.848948,28.343628,30.815094,25.987335,23.804956,19.96888,20.650665,17.315554,20.092382,15.784258,18.815363,18.593369,16.018854,13.765534,11.830123,11.084606,12.134146,13.018952,16.28133,17.348583,21.396513,23.516321,27.285666,28.34344,25.375557,28.70129,28.056131,23.36907,21.649204,16.948017,18.371328,12.708808,14.335705,11.500672,14.666103,13.909261,19.581898,20.853682,18.288301,20.469793,16.476158,19.785238,14.760041,20.145382,15.843953,19.79839,21.80984,18.646927,16.324554,13.646162,9.980497,9.793368,6.533825,10.019266
6,16.95857,13.8008585,12.434821,9.668119,5.4153547,5.0728803,0.0,6.1748986,7.4881763,11.068283,15.42631,17.479902,19.301226,19.63306,16.248297,12.271586,10.427739,6.3583965,7.324402,4.6280417,7.8535295,7.6341643,11.315606,12.656922,8.881808,14.4338045,10.648562,12.4714155,8.552953,12.3306265,9.337014,14.272498,17.270144,19.96861,22.183168,23.636412,27.54634,28.521107,26.87085,23.879553,19.0121,20.20857,15.2592,16.809093,13.384452,14.164533,14.147945,14.647857,17.492771,18.556131,16.791103,19.398466,16.51459,19.539616,21.122673,22.161709,25.058996,24.594362,22.018528,23.652472,25.922274,21.156614,19.01139,14.91793,15.972976,12.634028,16.108252,12.102156,16.1256,16.154398,13.169436,12.307491,8.883145,9.600424,9.519029,8.71295,12.423218,12.933835,17.18668,19.2511,23.002726,24.088661,21.708164,25.227835,24.08881,19.353237,17.734198,12.877864,14.355322,8.180453,10.203634,8.112359,11.436501,12.70843,17.302628,19.221634,16.644543,17.442871,14.384656,16.626133,12.198714,17.070032,12.641083,16.994425,19.181885,16.929123,14.616541,13.860346,9.268612,11.287996,8.280883,12.571866
7,19.677668,17.244364,15.966315,13.712986,10.197037,6.7251534,6.1748986,0.0,4.475661,6.4381385,11.591135,13.111616,15.531998,16.918633,13.312512,10.2602215,7.0472865,6.2763805,4.2677197,7.078909,5.811879,10.599219,13.349267,16.329283,14.239368,19.647104,16.49357,18.335989,14.2045145,17.691376,13.381589,18.362638,18.898699,21.969042,23.555101,24.176222,28.301508,28.706907,27.19523,24.879662,19.961596,20.881907,16.83838,17.277315,15.094452,14.74427,15.611289,14.990764,19.322615,19.87867,19.008461,21.198895,19.250164,22.764843,23.775198,26.009287,27.954763,28.45769,26.125826,27.60829,28.74737,23.920755,22.87347,18.217983,20.63217,16.954855,21.131046,16.857927,21.137724,20.328306,16.802862,15.110185,11.7518835,9.896876,9.029539,9.75125,11.540815,12.616219,16.132832,18.193935,21.873741,23.041649,19.566687,22.977837,23.125889,18.551922,17.720905,12.9337225,16.19984,11.081328,14.639836,13.759032,17.367064,18.647732,23.43252,25.03494,21.846403,22.51462,18.526045,20.09033,14.626107,17.852158,13.031728,15.818393,17.073956,13.914,12.477098,9.83156,8.3975115,10.093492,9.481754,13.881318
8,22.76669,19.754227,19.088621,15.783825,12.397047,9.916066,7.4881763,4.475661,0.0,4.6012073,8.2070265,10.961967,12.524324,13.712999,10.594784,7.0489426,6.6801186,5.3641567,7.014513,10.043006,10.2457285,14.034811,17.044054,19.573437,16.22361,21.650126,17.577587,18.504765,14.026169,16.386759,11.606223,15.684962,15.100121,17.99494,19.555668,19.79824,24.026627,24.50253,23.344816,21.422432,16.55668,18.326014,14.394459,15.793008,14.542973,15.011923,16.872591,17.257616,21.270515,20.853195,19.746899,20.981825,18.470064,21.719025,21.512877,24.269558,25.356976,25.97918,23.613768,24.668436,25.25375,20.40255,20.03436,15.671966,19.1442,15.993122,20.848288,17.298862,22.179844,21.773808,18.120575,17.521706,13.301405,12.504142,10.483843,9.084985,10.322228,9.8631,13.365507,14.613728,18.342857,19.120338,15.617898,18.869415,18.76419,14.19907,13.301812,8.651642,12.363856,8.264229,12.492001,13.049409,16.774008,19.19521,23.32029,24.698658,21.01985,20.741863,16.842495,17.264147,11.95241,13.900002,9.039704,11.537329,12.84349,10.2568445,8.868616,8.424401,6.7201233,10.179734,10.407638,14.902426
9,26.091799,23.494896,22.281366,19.728773,16.059177,13.089819,11.068283,6.4381385,4.6012073,0.0,5.5987353,6.761669,9.125991,10.870675,7.439166,5.639543,4.23252,6.8046227,7.053311,12.144154,11.618477,16.499092,18.595402,21.976028,19.201986,24.369415,20.68793,21.603003,17.16641,19.69549,14.294736,18.874376,16.495508,20.286272,20.533607,20.8523,24.630644,24.358984,22.854708,21.235823,16.621817,17.50052,14.689086,14.721006,14.530259,14.151035,16.65051,16.617517,21.197702,20.165934,19.728329,20.494205,18.904337,22.3977,22.088318,25.599485,26.148458,27.681246,25.76128,27.091612,26.828123,22.27615,22.487387,17.533062,21.461706,17.988716,23.029888,19.33614,24.29804,23.26318,19.337038,18.554216,14.477704,12.637401,10.013981,9.625744,8.885004,9.282126,11.56949,13.20998,16.622063,17.82325,13.861705,17.330517,18.351967,14.158009,14.567377,10.374677,15.290741,11.849879,16.380278,17.193134,20.700344,23.361372,27.251614,29.018627,25.507675,24.872192,21.294321,21.179432,16.132362,16.72931,12.125753,13.07574,13.249403,10.814383,10.837949,9.76242,10.7104025,13.673881,14.513101,18.893845
10,30.814415,27.891567,27.207308,23.95197,20.56006,17.945856,15.42631,11.591135,8.2070265,5.5987353,0.0,4.782973,4.7520313,7.2023053,5.6893363,5.7744875,8.647877,10.745932,12.523564,17.28853,17.081717,21.722593,24.024284,27.158405,23.723595,28.84728,24.6123,24.808178,20.321629,21.681793,16.251354,19.339554,14.858016,18.24403,17.90054,17.243147,20.927904,20.360645,19.507734,18.98284,14.962227,16.725298,14.990156,15.709869,17.045162,17.26384,20.563784,21.184196,25.456535,23.527395,23.069128,22.725277,20.919073,23.9678,22.106625,26.374163,25.558897,27.50607,25.751467,26.473442,25.091566,20.851297,22.288687,17.987333,22.999231,20.26097,25.695957,22.789667,28.065289,27.310905,23.383049,23.347517,18.904297,17.694395,14.6049595,12.9017935,11.091956,9.6265135,10.411007,10.248755,13.204134,13.724834,8.999971,11.976686,13.702274,10.189022,11.471255,8.975956,14.291496,13.267276,17.809015,19.879732,23.286852,26.69784,29.99998,31.431011,27.48535,25.994425,22.55526,21.132633,16.694183,14.8861,11.291603,10.056419,9.064501,7.9469986,9.4091215,10.711353,12.682341,16.1732,17.901684,21.995878
11,32.78587,30.250334,28.864454,26.45172,22.652641,19.79501,17.479902,13.111616,10.961967,6.761669,4.782973,0.0,3.6482432,6.3193955,4.376289,7.1972513,8.140622,12.038899,12.670959,18.16936,17.768059,22.745289,24.205816,27.954176,25.10206,29.90807,26.201712,26.584862,22.247898,24.162598,18.418444,22.493555,17.603445,21.971643,20.472319,20.60478,23.516066,22.21443,20.579477,19.899807,16.230389,16.442371,15.732796,14.732601,16.657139,15.962883,19.463552,19.651125,24.172922,21.884697,22.076954,21.527063,20.782541,24.04718,22.718697,27.296232,26.502325,29.175695,27.866802,29.158047,27.471287,23.581526,24.930922,19.950706,24.709475,21.517794,26.791346,23.617718,28.73225,27.372145,23.348654,23.06877,19.025345,17.093828,13.905685,13.35229,10.315104,10.362554,9.844753,10.85737,13.165634,14.592843,10.2844,13.593501,16.185347,13.205332,15.386434,12.775797,18.33637,16.542542,21.166754,22.84908,26.066895,29.453922,32.682117,34.677753,31.145664,29.642069,26.590588,25.328796,20.988323,19.491571,15.773518,14.745888,13.461462,12.449209,14.061109,14.101459,16.512869,19.625277,21.055996,25.312521
12,35.086662,32.25212,31.192976,28.27764,24.597246,22.065626,19.301226,15.531998,12.524324,9.125991,4.7520313,3.6482432,0.0,3.9705622,4.6616306,7.813518,10.811979,13.787303,15.485182,20.60551,20.653664,25.271238,27.029404,30.471998,27.047588,31.846647,27.72775,27.64336,23.311543,24.489914,18.87364,21.99313,16.06966,20.134935,18.233282,17.907536,20.605324,19.133465,17.907696,17.923218,14.7364,15.652737,15.504284,15.275576,17.877834,17.813654,21.632496,22.395292,26.547619,23.834385,23.80732,22.643864,21.529936,24.413595,22.094627,26.994379,25.395428,28.20227,26.982672,27.883461,25.583138,21.958298,23.98013,19.531073,24.814426,22.159632,27.600618,24.976797,30.264566,29.210114,25.243427,25.508657,21.162458,19.85973,16.473988,14.918065,11.837265,10.576029,9.289256,8.814467,10.670578,11.57276,6.910522,9.983747,12.938009,10.59272,13.339774,11.874601,17.287954,16.781343,21.262644,23.618391,26.722813,30.569916,33.378155,35.18281,31.465694,29.42757,26.608553,24.609873,20.811522,18.133326,15.127107,13.196865,11.434526,11.632361,13.665524,15.157048,17.414173,20.905828,22.557657,26.720179
13,36.157356,33.132458,31.841003,28.975475,25.045183,23.111832,19.63306,16.918633,13.712999,10.870675,7.2023053,6.3193955,3.9705622,0.0,3.9626417,7.3674707,11.389543,13.66454,16.301582,20.91626,22.011631,25.761585,27.361082,30.580662,26.65574,31.080463,26.833902,26.270664,22.176773,22.926632,17.383226,20.348139,13.698312,18.522038,15.526511,16.20636,18.140745,16.33736,14.441251,14.235701,11.391296,11.991573,12.634053,12.460304,15.801551,16.188576,20.320185,21.787115,25.333096,22.048319,21.90478,20.066246,18.918367,21.470886,18.68778,23.848108,21.840857,25.02463,24.136839,25.240025,22.581787,19.339127,21.53245,17.061136,22.457653,20.104244,25.487343,23.394672,28.688482,27.726274,23.879074,24.825201,20.36462,19.774876,16.172384,13.860727,10.449475,8.580841,6.07227,5.257667,6.90071,8.437023,5.173426,9.2132,11.247644,9.032622,12.417982,11.223279,16.462057,16.180632,20.404892,23.082838,25.757961,30.151627,32.24962,34.41435,31.057232,28.408258,26.470604,23.995018,21.026617,18.160677,15.403888,13.981347,12.661762,13.892695,15.46793,17.880573,18.93056,22.863913,23.913197,28.246347
14,32.61971,29.768785,28.230324,25.702934,21.637543,19.548153,16.248297,13.312512,10.594784,7.439166,5.6893363,4.376289,4.6616306,3.9626417,0.0,4.3630357,7.439793,10.168906,12.386037,17.163486,18.179296,22.003632,23.49168,26.857687,23.26281,27.777033,23.783829,23.649202,19.460339,20.941145,15.176672,19.203718,13.9237385,19.0047,16.865204,17.956081,20.447674,19.15112,16.985334,15.78764,12.007003,12.135249,11.496523,10.839096,13.231533,13.224474,17.113926,18.240248,22.101137,19.308071,19.167877,18.086279,16.984243,20.0272,18.368067,23.05585,22.134533,24.91979,23.772572,25.256687,23.513632,19.774654,21.091194,15.993561,20.887915,17.932867,23.271463,20.588165,25.826189,24.681297,20.73256,21.256542,16.880474,15.94854,12.396388,10.585453,7.2231584,6.398725,5.5231495,7.03251,9.792442,11.633563,8.422905,12.566528,13.995785,10.650374,13.06605,10.301744,15.835773,14.086392,18.54075,20.585752,23.417091,27.410286,29.940258,32.26145,29.054956,26.953531,24.749641,23.050276,19.484035,17.93839,14.303945,13.982584,13.288828,13.329632,14.360365,15.778713,16.524094,20.281534,20.984238,25.453592
15,28.930824,25.85334,24.54041,21.677618,17.685308,15.970166,12.271586,10.2602215,7.0489426,5.639543,5.7744875,7.1972513,7.813518,7.3674707,4.3630357,0.0,5.736257,6.4287887,9.884494,13.844071,15.454779,18.633192,20.65406,23.536276,19.524693,24.245386,19.958097,19.8462,15.508981,17.015097,11.285895,15.467699,11.576114,16.38198,15.454537,16.698317,19.837154,19.379045,17.451427,15.606826,11.017028,12.152843,9.60858,10.450172,11.381415,12.1092,15.512892,16.926994,20.5698,18.423336,17.644024,17.244497,15.168528,18.26425,16.95335,20.971561,20.82062,22.742905,21.11808,22.533934,21.698154,17.430204,18.087734,13.008092,17.699606,14.72088,20.14702,17.37594,22.710905,21.98277,18.096766,18.70998,14.027594,13.750353,10.356233,7.531863,5.8999915,4.073058,6.442554,7.9755993,11.61491,12.98668,10.118059,14.171709,14.273337,9.951955,11.032001,7.0039144,12.379397,9.808535,14.326677,16.255682,19.19886,23.12342,25.79176,27.966833,24.734879,22.845942,20.543478,19.206749,15.500191,14.943087,10.8198185,11.843096,12.197203,11.846828,11.885195,13.635728,12.951427,16.95762,17.169527,21.684494
16,25.908543,23.47557,21.421078,19.710909,15.455242,13.00162,10.427739,7.0472865,6.6801186,4.23252,8.647877,8.140622,10.811979,11.389543,7.439793,5.736257,0.0,5.0543466,5.001651,10.235501,10.985486,14.951178,16.267319,19.919413,17.21711,21.928463,18.630463,19.577812,15.403057,18.466555,12.931054,18.621227,16.579422,21.330376,20.823822,22.309492,25.50084,24.996935,22.692768,20.357424,15.756474,15.444701,12.666649,11.599231,10.977901,10.067896,12.569695,12.625682,17.156574,15.979801,15.719291,16.651241,15.578456,19.284166,19.863039,23.196095,24.29594,26.083204,24.465078,26.456896,26.41189,22.080515,21.76524,16.16978,19.485527,15.558253,20.341436,16.430952,21.26617,19.826155,15.8229885,15.126857,11.142326,9.183756,6.123888,6.5705705,5.5550385,7.77073,10.166104,13.088497,16.41755,18.296003,15.252674,19.262335,19.930693,15.65269,16.376982,11.788494,16.593288,12.142497,16.446451,16.81694,19.864672,22.688469,26.166042,28.667933,25.854818,25.047268,22.35041,22.378723,17.894209,19.103289,14.396888,16.128132,16.559492,14.733162,14.484443,13.622375,13.353004,16.300789,16.042538,20.613876
17,23.06185,20.116196,18.333036,16.024319,11.677224,10.38593,6.3583965,6.2763805,5.3641567,6.8046227,10.745932,12.038899,13.787303,13.66454,10.168906,6.4287887,5.0543466,0.0,5.341545,7.53923,10.360146,12.319904,14.512668,17.127604,13.260508,18.167944,14.204844,14.916082,10.566822,13.584492,8.298263,14.169246,13.962724,18.27177,18.709919,20.573006,23.968197,24.174051,22.035492,19.184593,14.290552,14.881093,10.631934,11.410744,9.328989,9.943433,11.751471,12.854889,16.351273,15.681736,14.41616,15.75623,13.354834,16.793766,17.534319,20.031416,21.809721,22.674917,20.660105,22.590305,23.448677,18.87897,17.807281,12.505724,15.298919,11.527369,16.331682,12.587689,17.623638,16.928993,13.1253,13.123257,8.498671,8.595808,6.1081963,3.8129869,6.3248334,7.0453663,11.047185,13.548806,17.220581,18.7212,16.396877,20.329409,19.706352,15.0423765,14.676079,9.62026,13.230552,7.734373,11.66332,11.822887,14.815906,17.874102,21.17451,23.661167,20.99209,20.16676,17.833315,18.150839,14.066929,16.430246,11.712387,14.915632,16.348028,14.843511,13.557779,13.762109,11.082692,14.440508,13.127509,17.754951
18,21.204567,19.100409,16.722986,15.67025,11.445907,8.693346,7.324402,4.2677197,7.014513,7.053311,12.523564,12.670959,15.485182,16.301582,12.386037,9.884494,5.001651,5.341545,0.0,5.8737664,6.196438,10.213052,11.641754,15.380509,13.552475,18.426504,15.777797,17.634192,13.746796,17.75315,13.084578,19.137543,19.231869,23.367516,23.900326,25.420023,28.95798,28.934338,26.722795,23.985435,19.192377,18.979706,15.315094,14.5548525,12.160583,11.057779,11.798931,10.912214,15.528113,15.94706,15.4365835,17.77982,16.573477,20.323828,22.07104,24.363253,26.588146,27.59065,25.662994,27.773954,28.76761,24.219631,22.982435,17.625704,19.67866,15.501133,19.492132,14.919856,19.121986,17.675158,13.938432,12.097683,8.864238,6.1271567,5.0552225,7.4711294,8.949291,11.397402,14.591425,17.545483,21.039478,22.791267,19.807829,23.68032,23.93801,19.393328,19.239716,14.260024,18.01732,12.427133,16.01679,15.019239,18.091066,19.745375,23.953146,26.395844,23.898413,24.134558,21.118427,22.399916,17.56598,20.511034,15.622526,18.384508,19.413784,16.824104,15.783395,13.637399,12.377536,14.31365,13.140103,17.528038
19,16.664927,14.454669,11.531348,11.115537,6.5846925,5.7168393,4.6280417,7.078909,10.043006,12.144154,17.28853,18.16936,20.60551,20.91626,17.163486,13.844071,10.235501,7.53923,5.8737664,0.0,5.8062487,4.902142,7.248096,9.895146,7.8391094,12.86273,10.608282,13.242892,10.083079,14.81991,11.785929,17.75273,20.316566,23.861471,25.233524,27.234352,30.777382,31.325077,29.093414,25.782238,21.004042,20.996847,16.476618,16.556171,12.607933,12.279926,11.25965,10.765085,13.895284,15.752499,14.43818,17.85449,16.012733,19.363836,22.145586,23.05234,26.490292,26.469965,24.29049,26.565466,28.783216,24.261545,21.898718,17.1412,17.486372,13.473199,16.234951,11.4281225,14.781263,13.847957,10.794165,8.601729,6.268043,5.7184854,7.1438885,8.774153,12.23296,14.230318,18.089901,20.99272,24.589386,26.21096,23.885317,27.74005,27.055498,22.333948,21.344357,16.297075,18.476772,12.123864,14.169771,11.643546,14.154149,14.78128,19.21277,21.863712,20.14973,21.143797,18.673286,21.041742,16.823454,21.442757,16.844698,20.82664,22.633183,20.188072,18.29577,16.532503,13.148284,14.483869,11.529178,15.450516
20,15.890428,14.5177765,12.214946,12.039434,8.937048,5.103194,7.8535295,5.811879,10.2457285,11.618477,17.081717,17.768059,20.653664,22.011631,18.179296,15.454779,10.985486,10.360146,6.196438,5.8062487,0.0,6.896601,8.904296,12.343524,12.557114,17.427523,15.860758,18.755796,15.505559,19.917444,16.574945,22.02852,23.82349,26.939108,28.643772,29.683733,33.70232,34.132973,32.29262,29.542477,24.64968,24.836987,20.706512,20.383507,17.224535,16.145157,15.491192,13.606752,17.806313,19.821144,19.183022,22.50111,21.175692,24.736214,27.082417,28.532942,31.469294,31.694647,29.409027,31.303734,33.133686,28.3903,26.585491,21.890663,22.977917,19.018953,22.036148,17.224566,20.311909,19.108181,16.138521,13.017423,11.541161,8.765668,10.083629,12.762892,15.049959,17.180738,20.662653,23.3264,26.936348,28.412817,25.122421,28.665361,28.837154,24.219925,23.315075,18.420261,21.131018,15.381288,17.9841,15.669485,18.752365,18.48433,23.796728,25.616592,23.237448,24.962069,21.160744,23.862524,18.594719,22.960772,18.26754,21.436615,22.794308,19.364557,17.783781,14.047594,12.541871,12.4393425,10.666874,14.113407
21,12.295779,10.755411,6.9651837,8.518307,5.285848,5.7417564,7.6341643,10.599219,14.034811,16.499092,21.722593,22.745289,25.271238,25.761585,22.003632,18.633192,14.951178,12.319904,10.213052,4.902142,6.896601,0.0,4.5477777,5.80134,6.435263,10.82717,10.261295,13.858592,11.949226,16.74292,15.203682,20.471476,24.337763,27.241516,29.269392,31.169935,34.86431,35.703808,33.595703,30.165964,25.442791,25.511642,20.832588,21.03752,16.679295,16.300945,14.253337,13.152806,15.388649,18.512491,17.140099,21.220512,19.46448,22.474764,25.869352,25.931904,30.03406,29.390352,27.064241,29.282331,32.22305,27.739689,24.835842,20.71597,19.992975,16.387278,17.847342,13.201651,14.954941,14.308628,12.412841,9.344276,9.3588,9.0498495,11.571895,13.475072,17.067577,19.02741,22.952677,25.791483,29.411722,30.942081,28.594326,32.327965,31.490643,26.747927,25.342514,20.423586,21.801744,15.550221,16.52537,12.894628,14.8340225,13.487805,18.553665,20.913473,19.825802,22.020266,19.484053,22.941221,18.895899,24.481453,20.17398,24.444242,26.481483,23.705921,21.49818,19.10993,15.414528,15.488929,11.803132,14.551492
22,14.522367,14.061645,9.356916,12.664876,9.738046,9.862903,11.315606,13.349267,17.044054,18.595402,24.024284,24.205816,27.029404,27.361082,23.49168,20.65406,16.267319,14.512668,11.641754,7.248096,8.904296,4.5477777,0.0,5.0101466,8.305989,10.758545,11.951714,15.607249,14.359146,19.401453,17.729746,23.599094,27.007437,30.594172,31.892012,34.28971,37.624825,38.11522,35.526737,31.854055,27.308456,26.459986,22.263739,21.413113,16.930233,15.759415,12.831118,10.788441,12.632482,16.60116,15.756706,20.335627,19.587614,22.646564,26.904032,26.845356,31.28271,31.037754,29.103508,31.823215,34.641182,30.410326,27.406776,22.848345,21.682325,17.78147,18.577652,13.753142,14.556694,12.934894,11.447281,7.2069383,9.371444,8.291196,11.717161,14.814915,17.936989,20.71599,24.217876,27.585035,31.001797,32.927784,30.768677,34.7437,34.166893,29.469078,28.538702,23.502613,25.368008,18.960995,20.120644,16.60913,18.020699,16.795948,21.129934,24.133753,23.716036,25.663885,23.731041,26.958809,23.119207,28.381115,23.915949,27.99508,29.788494,27.06599,25.16166,22.504099,19.459583,19.603714,16.205412,18.889091
23,11.919163,11.466529,6.5178604,10.824913,9.2057,11.257087,12.656922,16.329283,19.573437,21.976028,27.158405,27.954176,30.471998,30.580662,26.857687,23.536276,19.919413,17.127604,15.380509,9.895146,12.343524,5.80134,5.0101466,0.0,6.384784,7.3214545,9.825758,13.785032,13.762648,18.401697,18.277792,23.237001,28.067467,30.966614,32.904976,35.400272,38.74095,39.67302,37.265606,33.417435,28.987709,28.588303,23.992437,23.994215,19.145407,18.795345,15.637259,14.608544,14.973797,19.181343,17.698559,22.33208,20.915352,23.37595,27.802574,26.785564,31.77634,30.686323,28.56773,31.142363,34.75021,30.653702,27.069508,23.378372,21.18463,18.00151,17.657068,13.547656,13.04016,12.528807,12.316496,9.222407,11.599494,12.297191,15.4034195,17.35291,21.088985,23.246744,27.066635,30.143375,33.618015,35.312107,33.4921,37.35344,36.163734,31.453081,29.987585,25.161268,25.96971,19.757586,19.752153,15.590218,16.16535,13.696337,17.866377,20.750332,21.15897,23.7135,22.35026,26.174078,23.071733,29.045158,25.028387,29.609472,31.827522,29.296839,26.963705,24.834503,20.761665,20.665434,16.57785,18.449785
24,14.668959,12.227549,8.973838,9.554589,6.5585823,10.021036,8.881808,14.239368,16.22361,19.201986,23.723595,25.10206,27.047588,26.65574,23.26281,19.524693,17.21711,13.260508,13.552475,7.8391094,12.557114,6.435263,8.305989,6.384784,0.0,5.6044254,3.9377382,7.8143263,7.451849,12.018902,12.318691,16.958408,22.215702,24.97151,26.95873,29.674772,32.83751,33.97789,31.70195,27.824137,23.498075,23.66547,18.735231,19.79933,14.965772,15.7935705,13.473073,14.21559,14.414407,17.254236,14.966191,18.864897,16.29156,18.491339,22.255913,21.1717,25.979616,24.602005,22.315044,24.772223,28.457674,24.400146,20.711164,17.320213,15.080076,12.192585,12.302423,8.429321,9.432275,10.119946,9.249536,8.48029,8.402188,11.175329,13.098409,13.1890955,17.421824,18.692139,22.728071,25.40199,28.855303,30.310968,28.9927,32.76636,30.980158,26.35781,24.690016,20.105434,20.345762,14.308583,13.793076,9.784371,10.114014,9.256272,12.911704,16.292097,16.409206,17.9681,17.312824,20.521505,18.123735,23.882616,20.158077,25.020435,27.488825,25.664213,23.183308,22.506447,17.484217,18.556152,14.310562,16.941315
25,16.703238,15.0936985,11.484787,13.6535,11.818086,15.360473,14.4338045,19.647104,21.650126,24.369415,28.84728,29.90807,31.846647,31.080463,27.777033,24.245386,21.928463,18.167944,18.426504,12.86273,17.427523,10.82717,10.758545,7.3214545,5.6044254,0.0,5.5366974,8.546806,10.7615795,14.419874,16.05073,20.146852,25.90636,28.732277,30.3757,33.71657,36.373287,37.513885,34.904675,30.6641,26.806337,26.390404,21.821835,22.540743,17.513578,18.309145,15.128812,16.063475,14.356342,17.884878,15.530929,19.701963,17.622562,19.034992,23.825161,21.5659,27.221836,25.468967,23.58074,26.450752,30.663357,27.19951,22.96173,20.109537,16.355822,14.197126,11.970035,9.404993,6.921302,8.206682,9.720192,9.612236,11.556544,14.69846,16.991768,17.285269,21.32492,22.814219,26.548443,29.428467,32.629227,34.262173,33.51633,37.39049,35.327885,30.844526,29.270714,24.88278,24.75719,19.042433,17.829762,13.913782,12.7146435,11.214946,12.804369,16.975807,18.80273,20.323572,21.075844,24.277575,22.868567,28.62165,25.201292,30.150377,32.677376,31.113209,28.630714,28.10995,23.012573,23.979296,19.59567,21.684256
26,17.556961,14.710373,12.218302,11.852527,9.232915,13.014492,10.648562,16.49357,17.577587,20.68793,24.6123,26.201712,27.72775,26.833902,23.783829,19.958097,18.630463,14.204844,15.777797,10.608282,15.860758,10.261295,11.951714,9.825758,3.9377382,5.5366974,0.0,3.989806,5.3755064,9.101324,10.821015,14.669279,20.602358,23.20643,25.088036,28.257555,31.028343,32.339653,30.026054,25.970236,21.999136,22.336304,17.39243,19.120754,14.360974,16.025694,13.998496,15.844279,15.126692,17.273476,14.496608,17.828623,14.62677,16.139086,19.821932,18.04662,23.14564,21.29008,19.028688,21.592741,25.66434,21.942108,17.84223,15.081854,11.886082,9.79995,8.985868,6.336279,7.137443,9.159625,8.9231615,10.111589,9.439437,13.363196,14.616942,13.5021,17.788506,18.45691,22.403357,24.823149,28.093151,29.435816,28.767317,32.47242,30.13564,25.701794,23.93022,19.737165,19.283163,13.774424,12.344627,8.696392,7.631693,8.10099,9.906199,14.090076,14.877642,15.5758095,16.317152,18.997671,17.775408,23.266485,20.026762,25.0348,27.674913,26.48579,23.950424,24.298965,18.806208,20.480751,16.278376,18.896938
27,21.036592,17.844604,15.950488,14.707695,12.159231,15.807426,12.4714155,18.335989,18.504765,21.603003,24.808178,26.584862,27.64336,26.270664,23.649202,19.8462,19.577812,14.916082,17.634192,13.242892,18.755796,13.858592,15.607249,13.785032,7.8143263,8.546806,3.989806,0.0,4.531764,6.1422186,9.317146,12.083384,18.384014,20.872858,22.51604,26.113602,28.4436,29.884378,27.569157,23.418343,19.865557,20.464506,15.626289,18.108355,13.761813,16.247572,14.867147,17.637424,16.476337,17.605667,14.504775,16.889988,13.000158,13.737577,16.937304,14.621521,19.796751,17.516014,15.2623415,17.930477,22.244593,18.877108,14.471197,12.406215,8.345505,7.4625854,6.01052,5.6586833,7.045645,9.939423,9.846886,12.520489,11.020211,15.512433,15.993613,13.710933,17.795269,17.752039,21.484774,23.541569,26.570084,27.758068,27.74275,31.32064,28.481009,24.317574,22.524555,18.844946,17.795637,13.103144,10.971671,8.436662,6.131328,8.9406805,8.337272,13.098747,14.154138,13.465089,15.6237,17.361214,17.32242,22.17904,19.47145,24.43398,27.153048,26.647583,24.163769,25.531338,19.823092,22.131775,18.203075,20.938728
28,20.524887,17.064287,15.364928,13.213331,9.803724,12.675975,8.552953,14.2045145,14.026169,17.16641,20.321629,22.247898,23.311543,22.176773,19.460339,15.508981,15.403057,10.566822,13.746796,10.083079,15.505559,11.949226,14.359146,13.762648,7.451849,10.7615795,5.3755064,4.531764,0.0,5.08608,5.4789157,9.880659,15.245139,18.129454,19.801243,22.95588,25.736357,27.020521,24.850672,20.976597,16.868174,17.841333,12.642208,15.328019,11.214776,13.7145815,13.188296,15.803133,16.011671,16.591137,13.72969,15.860042,11.787098,13.511523,15.769209,15.022132,19.160498,17.677458,15.199025,17.56451,21.013142,16.980316,13.32518,10.053737,8.32022,5.9247475,8.07321,5.7715173,9.814526,11.410771,9.603651,11.717083,8.651898,12.761163,12.616591,9.824186,14.036178,13.790621,17.804409,19.802685,23.08071,24.226913,23.702066,27.311752,24.802124,20.42838,18.707369,14.6580105,14.278252,8.9040365,7.8611264,5.749713,5.805433,9.675124,11.113596,14.768238,14.071855,13.187567,13.785695,15.174489,14.007916,18.618958,15.416831,20.298346,22.90316,22.249315,19.869669,21.244278,15.765181,18.469658,14.941989,18.315565
29,23.903994,20.060772,19.294605,16.22662,13.692249,16.641188,12.3306265,17.691376,16.386759,19.69549,21.681793,24.162598,24.489914,22.926632,20.941145,17.015097,18.466555,13.584492,17.75315,14.81991,19.917444,16.74292,19.401453,18.401697,12.018902,14.419874,9.101324,6.1422186,5.08608,0.0,5.817017,5.9633365,12.975668,14.795666,16.91641,20.250006,22.675888,24.469051,22.726192,19.000057,15.518768,17.552322,12.5604725,16.67835,13.589995,16.87432,17.075964,20.26283,20.09835,19.86979,16.834124,17.776117,12.984455,13.507267,14.133952,12.825913,16.450882,13.934766,10.986372,12.818567,16.915543,13.146751,8.938398,7.8462796,5.7152157,6.519196,8.367471,9.055093,12.490281,14.88348,13.614769,16.503742,13.295858,17.450012,16.690004,12.811684,16.44087,14.896713,18.561234,19.611282,22.565884,23.18361,23.428211,26.58992,23.236826,19.336702,17.189425,14.279313,12.2737665,9.04679,6.0961957,6.328851,4.70949,10.52263,9.695663,12.942572,12.222818,9.458922,11.98704,12.087852,13.016813,16.85252,14.8629265,19.648638,22.486187,22.741314,20.311165,23.065586,17.269913,20.407515,17.270721,20.246336
30,24.471777,20.802988,19.554379,16.538479,12.871481,14.352657,9.337014,13.381589,11.606223,14.294736,16.251354,18.418444,18.87364,17.383226,15.176672,11.285895,12.931054,8.298263,13.084578,11.785929,16.574945,15.203682,17.729746,18.277792,12.318691,16.05073,10.821015,9.317146,5.4789157,5.817017,0.0,6.885057,9.958351,13.712951,14.675063,17.881601,20.61174,21.695679,19.601295,15.99136,11.6378,13.413234,8.060258,11.947875,9.333291,12.468459,13.726606,16.764029,17.825687,16.851961,14.289692,14.874123,10.401429,12.3068905,12.441358,13.458066,15.916862,15.331765,12.886068,14.92867,17.076185,12.68389,10.187976,5.678726,7.5685225,5.3352094,10.300511,8.865016,13.958573,14.940522,12.236395,14.645563,10.260381,13.649682,11.991477,7.466371,10.822832,9.203357,13.126682,14.568324,17.831295,18.798054,18.46393,22.013079,19.39484,15.090331,13.6813135,9.815616,10.069061,5.3492866,6.1368327,7.515839,8.831357,13.908338,14.985329,17.91621,16.020416,13.621473,13.845834,13.300466,12.115783,14.867069,11.697572,16.061003,18.444515,18.543028,16.578856,19.129526,14.267599,18.01289,15.627,19.549969
31,27.393078,23.257212,23.294287,19.147566,16.815306,18.810972,14.272498,18.362638,15.684962,18.874376,19.339554,22.493555,21.99313,20.348139,19.203718,15.467699,18.621227,14.169246,19.137543,17.75273,22.02852,20.471476,23.599094,23.237001,16.958408,20.146852,14.669279,12.083384,9.880659,5.9633365,6.885057,0.0,8.368364,8.854723,11.879138,14.559279,17.258467,19.491932,18.616474,15.720818,12.487173,16.227314,11.710227,16.982452,15.492794,18.97795,20.40459,23.620699,24.279453,23.128256,20.381586,20.218346,15.310476,15.744365,13.705894,13.983126,15.210178,12.965841,9.655041,9.743235,12.801526,8.343526,5.578253,6.4464216,8.459556,9.92035,13.306375,14.059366,18.169851,20.180017,18.270779,21.017328,16.964525,20.418718,18.741638,14.029017,16.670794,13.681364,16.889898,16.603085,19.35098,19.200365,19.642176,22.17686,18.294344,14.836137,12.227607,10.706301,7.3113265,7.464578,4.8293085,8.712003,8.864185,14.519999,14.0232725,15.593763,13.198581,8.813093,10.722857,8.127109,10.22977,11.974003,11.173188,15.335713,18.199598,19.395744,17.189913,21.398968,16.036236,19.824818,17.839682,20.84517
32,33.05758,29.115131,28.717707,24.736225,21.575514,22.05088,17.270144,18.898699,15.100121,16.495508,14.858016,17.603445,16.06966,13.698312,13.9237385,11.576114,16.579422,13.962724,19.231869,20.316566,23.82349,24.337763,27.007437,28.067467,22.215702,25.90636,20.602358,18.384014,15.245139,12.975668,9.958351,8.368364,0.0,6.567606,4.936373,8.509806,10.709939,11.905893,10.82405,8.776054,5.514822,10.81541,8.298022,13.561458,14.719362,17.892504,20.906132,24.1433,25.644575,22.99674,21.009247,19.281496,15.219774,15.990145,11.49217,14.9437475,13.028142,13.713728,11.845379,11.886192,10.433446,6.019207,8.40716,6.8650723,12.6238575,12.964886,17.770721,17.97373,22.949102,23.866747,21.069166,23.762442,19.04535,21.441996,18.57572,13.567026,13.892186,9.660906,11.056836,9.221736,11.411683,10.890217,12.119382,14.550333,10.573352,7.579948,6.837168,7.1791463,7.061311,9.636111,11.045722,15.235676,16.526386,22.079348,22.167337,23.924013,21.02377,16.732239,17.144735,13.18452,13.695543,11.202017,10.514221,12.087635,13.736143,16.361645,15.536265,20.617292,17.387814,21.904015,21.366144,25.080933
33,33.921005,29.704731,30.393452,25.54448,23.43436,24.225573,19.96861,21.969042,17.99494,20.286272,18.24403,21.971643,20.134935,18.522038,19.0047,16.38198,21.330376,18.27177,23.367516,23.861471,26.939108,27.241516,30.594172,30.966614,24.97151,28.732277,23.20643,20.872858,18.129454,14.795666,13.712951,8.854723,6.567606,0.0,6.7492485,6.357762,9.847268,12.943925,14.196579,13.654538,11.803989,17.260132,14.661084,20.047205,20.636154,23.867186,26.478199,29.534157,31.03513,28.937252,26.686169,25.386997,20.953316,21.330292,16.790714,18.993956,17.007568,16.006052,13.507333,11.302151,10.520556,6.5956655,9.440562,11.485278,15.9451275,17.319546,21.417925,22.072481,26.636482,28.222256,25.777018,28.297886,23.693874,26.194345,23.667194,18.76438,19.715342,15.500719,17.190992,14.671592,16.494963,14.82033,15.629323,16.551086,11.833754,10.150998,7.192945,9.917149,6.020441,11.808389,11.558207,16.153252,17.266268,22.365543,22.236067,22.564074,19.012726,14.405964,14.706228,9.424303,11.927839,8.032726,10.287131,11.437876,13.669923,16.746946,15.501427,21.487053,17.849874,21.977629,21.800104,24.603188
34,37.776756,33.75326,33.541016,29.406916,26.422602,26.91032,22.183168,23.555101,19.555668,20.533607,17.90054,20.472319,18.233282,15.526511,16.865204,15.454537,20.823822,18.709919,23.900326,25.233524,28.643772,29.269392,31.892012,32.904976,26.95873,30.3757,25.088036,22.51604,19.801243,16.91641,14.675063,11.879138,4.936373,6.7492485,0.0,6.033994,6.077739,7.6387095,7.5944304,7.2348337,7.0790105,12.3821335,11.783492,16.623346,18.651798,21.814701,25.06139,28.474508,29.754364,26.636114,24.766079,22.316694,18.533642,18.58183,12.818879,16.45858,12.696473,13.761936,12.614544,11.625973,7.824234,5.442133,10.024703,10.575631,15.821158,16.996223,21.30632,22.221786,26.955877,27.985195,25.377373,28.355156,23.707148,26.112335,23.107857,18.161497,17.879608,13.611872,13.691774,10.729261,11.367779,9.836524,12.680365,13.917098,9.059357,8.48871,8.554825,11.147394,10.426716,14.401477,15.304528,19.691214,20.597746,26.257011,25.664322,27.155207,24.331198,19.448112,20.473143,15.660828,17.272665,13.269293,14.050249,14.266481,15.332467,18.947592,18.609571,24.253601,21.527403,26.018957,25.834139,29.32756
35,38.619392,34.54086,35.04742,30.293524,27.83306,27.7993,23.636412,24.176222,19.79824,20.8523,17.243147,20.60478,17.907536,16.20636,17.956081,16.698317,22.309492,20.573006,25.420023,27.234352,29.683733,31.169935,34.28971,35.400272,29.674772,33.71657,28.257555,26.113602,22.95588,20.250006,17.881601,14.559279,8.509806,6.357762,6.033994,0.0,5.378874,8.014451,10.819679,12.408628,11.766088,17.174627,16.282345,20.879696,22.83589,25.644304,28.975914,31.865793,33.873837,31.07589,29.319725,27.299227,23.55159,24.101135,18.688284,22.231945,18.704784,19.292303,17.679132,15.708732,12.364394,9.98047,14.324221,15.184102,20.542765,21.382498,25.987524,26.324823,31.251537,32.30463,29.44724,31.822176,26.992088,28.801445,25.75911,21.078066,20.709394,16.295876,16.49754,12.747547,13.450532,10.780082,12.009191,11.5936165,6.526906,7.421672,6.561003,11.289242,10.149427,15.7531805,16.926136,21.473356,23.03905,28.154325,28.37213,28.857021,25.106525,20.734404,20.332802,15.19962,16.355507,10.405847,12.711889,11.144633,11.810504,16.104668,16.132256,22.380686,20.488153,24.72224,25.483753,28.53035
