,0,1,2,3,4,5,6,7,8,9,10,11,12,13,14,15,16,17,18,19,20,21,22,23,24,25,26,27,28,29,30,31,32,33,34,35,36,37,38,39,40,41,42,43,44,45,46,47,48,49,50,51,52,53,54,55,56,57,58,59,60,61,62,63,64,65,66,67,68,69,70,71,72,73,74,75,76,77,78,79,80,81,82,83,84,85,86,87,88,89,90,91,92,93,94,95,96,97,98,99,100,101,102,103,104,105,106,107,108,109,110,111,112,113,114
0,0.0,4.33079,5.847266,8.5103035,11.898943,13.27591,17.066454,19.82107,22.797941,26.33231,30.998837,33.15477,35.300133,36.30148,32.836967,29.014519,26.138548,23.154879,21.453943,16.776115,16.517765,11.827812,14.02583,13.174216,15.869081,17.27523,18.735638,22.24623,21.198141,24.301117,24.831223,27.123013,32.51771,33.61948,37.236946,38.213596,42.484364,44.149708,43.08106,40.046017,35.175896,36.265022,31.270447,32.313515,28.076675,28.00465,26.08378,24.360527,27.008524,30.392397,29.208508,33.10568,30.870594,33.68824,34.194866,35.73958,39.194893,36.338673,35.75966,35.616024,39.72622,34.8026,31.873228,31.502377,28.761396,26.40509,27.474062,26.030676,23.706228,23.758514,23.27153,20.13855,21.02376,21.260365,23.718605,24.843025,28.668169,29.75466,34.007065,35.849995,39.65853,40.28034,36.579727,39.23839,38.79546,34.401524,31.702784,29.2199,27.22542,22.153488,21.950264,18.646143,21.218931,17.557716,20.252653,25.194067,22.586594,20.016977,16.382154,16.930347,21.592049,21.619968,25.628822,25.519995,29.467505,30.35701,34.716812,37.587986,34.05217,31.099916,27.77713,24.376835,21.52889,17.802172,16.412569
1,4.33079,0.0,5.113968,4.750072,8.757485,11.109874,14.034133,17.691,20.065834,23.97928,28.3149,30.794714,32.633305,33.383377,30.104488,26.074387,23.843767,20.310724,19.49542,14.591536,15.42613,10.3535,13.0801735,12.042736,13.300875,15.561607,15.871182,19.045013,17.774582,20.45617,21.186138,22.990967,28.616602,29.44685,33.261486,34.189255,38.44753,40.259953,39.356197,36.40319,31.578419,33.06625,27.935701,29.52967,25.399736,25.832539,24.267683,23.20703,25.791086,28.70173,27.209507,30.75603,28.04509,30.719309,30.947287,32.33403,35.489895,32.538574,31.799107,31.46455,35.606487,30.679615,27.803741,27.731133,25.180607,23.117388,24.458746,23.402117,21.495256,21.984806,21.260096,18.713177,18.769077,19.649107,21.667051,22.008348,26.005848,26.617231,30.960505,32.520462,36.320442,36.76451,33.234367,35.830288,35.06341,30.696041,27.804836,25.495792,23.12946,18.286789,17.819117,14.647062,17.462952,14.305241,16.43844,21.182648,18.674253,15.81334,12.11415,12.692246,17.35674,17.57473,21.604908,21.775023,25.669737,26.85604,31.22994,34.181023,30.772245,27.892633,24.570873,21.07759,18.141485,14.391563,12.96392
2,5.847266,5.113968,0.0,6.004708,7.118711,8.688783,12.091695,15.134887,18.307629,21.591906,26.521137,28.311056,30.569809,31.327232,27.74372,23.990093,20.876093,17.89059,16.150352,11.127317,11.689761,6.066817,8.41153,8.411675,10.6524105,13.387535,14.306556,17.820438,16.309425,20.035067,19.876122,23.134123,27.997381,29.961864,32.829536,34.352333,38.35212,39.689114,38.21,34.9761,30.108418,30.784975,25.908556,26.618326,22.338337,22.163881,20.27783,18.67368,21.474081,24.627558,23.478535,27.326988,25.260601,28.2384,28.761847,30.734285,34.275623,31.795828,31.644053,31.796497,35.54182,30.65911,27.724403,26.65432,24.02056,21.20118,22.583649,20.729282,18.932999,18.630442,17.70675,14.489315,15.219556,15.481214,17.982718,19.274565,23.094608,24.473352,28.655087,30.819117,34.621822,35.515347,32.012558,35.03613,34.61454,30.052761,27.670898,24.703394,23.449312,17.731916,18.08193,14.890248,17.609426,14.813126,18.248934,22.63559,21.397295,18.601803,14.315698,15.02899,19.341951,18.656284,22.913801,21.780996,26.28304,26.313087,31.126556,34.1735,31.082132,27.911695,25.45158,21.09571,19.181894,14.871337,14.961725
3,8.5103035,4.750072,6.004708,0.0,4.742845,7.3576126,9.629029,13.600353,15.523229,19.625395,23.738989,26.39463,28.063503,28.768255,25.594267,21.503325,19.671959,15.947963,15.680102,11.121785,12.47635,8.2414875,11.804464,11.868625,11.284983,15.4645815,14.258408,16.91581,14.692021,17.303778,17.254673,19.179497,24.196964,25.200058,28.866562,29.704891,34.00829,35.722878,34.872654,32.082947,27.209978,28.890917,23.804016,25.59885,21.814661,22.474268,21.537403,20.897602,23.888031,26.06145,24.540213,27.598457,24.716263,27.515345,27.19586,29.144014,31.787338,29.19667,28.59511,28.027771,31.709467,26.66355,24.172583,23.802902,22.02046,19.798883,22.01852,20.928125,20.05999,20.498585,19.038195,16.794508,15.771596,16.679226,18.113258,17.940313,21.862202,22.171143,26.522575,27.905928,31.697044,32.082844,28.495298,31.084726,30.375793,26.0082,23.207457,20.87037,18.76208,13.892765,14.055465,11.649731,15.217576,13.593337,15.217137,19.144197,17.485039,13.776054,9.784533,9.259402,13.670621,13.237381,17.377008,17.099733,21.154264,22.117098,26.568459,29.568293,26.300451,23.354166,20.361961,16.483187,13.891829,9.860552,9.262914
4,11.898943,8.757485,7.118711,4.742845,0.0,4.4764614,5.3811064,10.056367,12.140374,15.936457,20.369196,22.591358,24.413483,24.883892,21.542477,17.51083,15.393022,11.587738,11.419625,6.534942,9.264342,5.199664,8.743852,9.963557,8.063464,13.765617,11.813297,14.233679,11.279153,14.653459,13.53449,16.771406,21.006533,23.08845,25.835922,27.28827,31.29276,32.613667,31.290089,28.275015,23.358105,24.556578,19.58038,20.98316,17.183754,17.748968,17.000896,16.584227,19.753387,21.532618,20.08231,23.008656,20.322565,23.343626,22.981655,25.514381,28.231897,26.10957,26.017004,25.788322,29.00556,24.003775,21.552794,20.28191,18.729887,15.905762,18.627312,17.062744,16.970173,17.001175,14.959556,12.813791,11.217041,12.162458,13.427805,13.327876,17.280499,17.928778,22.241999,24.019526,27.830702,28.543516,25.12456,28.138418,27.522411,22.952784,20.572104,17.60358,16.53317,10.769202,11.89602,9.903378,13.570965,13.162171,15.458121,18.560198,18.44593,14.821369,10.536103,10.212346,13.667956,12.222736,16.50649,14.824845,19.540886,19.376287,24.345016,27.510221,24.7515,21.577097,19.672308,14.740785,13.514812,8.996999,10.593289
5,13.27591,11.109874,8.688783,7.3576126,4.4764614,0.0,5.1835513,6.631636,9.7561655,13.087068,17.912786,19.903507,22.079016,23.163412,19.641788,15.987688,13.06582,10.467053,8.744585,5.751083,5.5006814,5.45492,9.502453,12.493128,11.213297,17.188992,15.515916,17.782831,14.301927,17.854624,15.4226055,19.226004,21.878721,24.367487,26.679691,27.77445,31.908562,32.868465,31.5141,28.790787,23.808287,24.651297,20.158195,20.780252,17.54998,17.392876,17.138596,16.01104,20.171675,21.573145,20.721966,23.433872,21.421793,24.841476,24.039186,27.658312,29.951818,28.524334,28.763453,28.377169,30.835674,25.78031,23.98486,21.973993,21.38353,18.034796,21.41948,19.26543,19.822796,19.11588,16.470375,13.62804,11.949861,11.089483,12.170669,13.04679,16.266516,17.34852,21.405394,23.314188,27.07236,27.932291,23.97274,26.92089,27.13506,22.695889,20.884747,17.811123,17.856232,12.391156,14.816417,13.779703,17.567894,17.57247,19.784868,22.523048,22.531202,18.500727,14.491492,12.892995,15.866861,13.491478,17.40023,14.792699,19.437876,18.492146,23.270998,26.231884,23.326263,19.983871,18.429653,13.474397,12.895323,8.570559,10.987124
6,17.066454,14.034133,12.091695,9.629029,5.3811064,5.1835513,0.0,6.167361,7.2801013,10.978587,15.261506,17.427067,19.138775,19.506962,16.180029,12.130435,10.401225,6.319427,7.347657,4.606633,8.162776,7.8515306,10.651145,13.126217,9.665784,16.38814,13.20406,14.474266,10.339986,13.520151,10.395839,14.494766,16.847282,19.783693,21.695547,23.257921,27.131117,28.067213,26.58453,23.739983,18.760372,19.888464,15.188372,16.493229,13.442361,14.156436,14.610186,14.826357,18.481804,18.968231,17.69298,19.72439,17.120855,20.384495,19.185678,22.869337,24.833992,23.553236,23.911568,23.541603,25.765251,20.770823,19.061274,16.82468,16.727427,13.475729,17.522173,15.729885,17.32786,17.018965,13.96782,12.487713,9.19814,9.738081,9.604278,8.697254,12.333183,12.771652,17.041702,18.819952,22.62593,23.460972,19.967659,23.183807,22.842915,18.233248,16.39712,13.020441,13.362663,7.536938,10.609049,10.581955,14.3183365,15.874501,17.571455,19.233553,20.386786,16.49728,12.817194,11.4775505,13.253227,10.480349,14.294852,10.993631,16.073963,14.726927,19.975586,23.193146,20.926064,17.628418,16.934566,11.231461,11.741573,7.6700206,11.309135
7,19.82107,17.691,15.134887,13.600353,10.056367,6.631636,6.167361,0.0,4.4989524,6.560819,11.74482,13.343605,15.729927,17.16792,13.563873,10.467945,7.157917,6.461378,4.1630287,6.913661,5.7129602,10.446642,13.190682,17.112494,14.720692,21.31674,18.75732,20.037775,15.791956,19.006325,14.733201,19.149134,19.1254,22.548502,23.651794,24.666185,28.56272,28.881758,27.341858,25.024664,20.181877,20.62319,17.030071,16.919294,15.0720415,14.568728,15.821466,15.060137,19.861616,19.716639,19.397839,20.97837,19.556877,23.21042,21.465263,26.522675,27.863243,27.597279,28.396534,27.87013,28.989588,24.141083,23.379301,20.254694,21.367605,17.667055,22.162683,19.70135,21.86517,20.677357,17.122026,14.877599,11.955183,9.805202,9.043567,9.922215,11.641571,12.856128,16.340693,18.310408,21.883194,22.982578,18.718576,21.801167,22.85091,18.641129,17.904722,14.597103,16.6734,12.097253,16.080595,16.69662,20.368008,21.925482,23.699217,25.167551,26.285326,22.060131,18.598194,16.23397,17.585598,14.052024,16.972582,12.589764,17.090923,14.367718,19.088541,21.88507,19.575186,16.105997,16.311886,10.902674,12.691794,9.684914,13.732119
8,22.797941,20.065834,18.307629,15.523229,12.140374,9.7561655,7.2801013,4.4989524,0.0,4.6533265,8.286597,11.060667,12.594592,13.854201,10.749576,7.238701,6.666893,5.4190593,6.8272395,9.791759,10.181799,13.907725,16.616241,19.983303,16.561945,23.35033,19.836878,20.315046,15.780125,17.940538,13.239619,16.760437,15.5429,18.729166,19.824282,20.389538,24.394392,24.774841,23.630648,21.777554,17.013132,18.277185,14.861586,15.682976,14.805131,15.175112,17.329405,17.601599,21.96164,20.93924,20.342028,20.970432,19.014606,22.364603,19.762934,25.014133,25.384811,25.422346,26.114067,25.112597,25.651329,20.84163,20.826777,17.827412,20.144035,16.978453,22.06635,20.204931,23.095499,22.380106,18.688625,17.457718,13.604324,12.474085,10.53568,9.322101,10.470409,10.181192,13.613468,14.733876,18.288054,19.005102,14.568375,17.477316,18.453873,14.352483,13.743269,10.777421,13.327858,10.142314,14.586384,16.424759,20.1034,22.670496,23.486885,24.065693,25.546726,21.177,18.41015,15.471008,15.610151,11.671895,13.758273,8.766737,12.997218,9.881732,14.640359,17.523184,15.473198,12.02683,13.0009365,7.3494534,10.455863,8.711384,13.211772
9,26.33231,23.97928,21.591906,19.625395,15.936457,13.087068,10.978587,6.560819,4.6533265,0.0,5.662297,6.8468204,9.222904,11.025149,7.572018,5.767042,4.1527095,6.8241496,6.9263954,12.021189,11.551317,16.570219,18.608995,22.534098,19.335264,25.999187,22.701036,23.012066,18.528982,20.89341,15.555165,19.728651,16.852272,20.940994,20.665348,21.498571,24.942467,24.569565,22.956362,21.295841,16.928534,17.142673,14.947892,14.372674,14.608048,14.212732,17.02423,17.129616,21.71395,19.934912,19.969717,20.010838,19.040241,22.509302,19.691118,25.84197,25.929667,26.84624,28.079802,27.34374,27.01815,22.654028,23.080235,19.198412,22.078712,18.594639,23.776611,21.47159,24.903633,23.638676,19.682207,18.478674,14.792897,12.646595,10.061374,9.812413,8.977859,9.5553255,11.758608,13.395942,16.557182,17.820522,13.359639,16.517956,18.45139,14.802179,15.46165,12.380933,16.410326,13.676025,18.278666,20.222075,23.543562,26.312166,27.4958,27.777884,29.776184,25.587336,22.7929,20.084137,19.980854,15.98429,17.536932,12.08557,15.6392765,11.042139,15.248092,17.727854,16.489788,13.252822,15.688695,10.767396,14.566409,13.295305,17.726904
10,30.998837,28.3149,26.521137,23.738989,20.369196,17.912786,15.261506,11.74482,8.286597,5.662297,0.0,4.739824,4.715945,7.2460394,5.722021,5.8862457,8.617726,10.719914,12.454623,17.155716,17.08185,21.78897,23.938639,27.545214,23.790674,30.475882,26.557743,26.213331,21.700212,22.96955,17.56226,20.402115,15.526343,19.099577,18.299013,18.172592,21.458427,20.79733,19.82364,19.289536,15.620512,16.631277,15.549691,15.704273,17.401394,17.677622,21.149897,21.946625,26.092136,23.51362,23.450718,22.40163,21.217047,24.161705,20.399471,26.735605,25.422176,27.006966,28.18134,26.877768,25.421507,21.507168,23.145676,19.479912,23.770338,21.017017,26.505999,24.788692,28.777874,27.86486,23.900967,23.409506,19.298819,17.796171,14.744573,13.14985,11.300956,10.014511,10.733228,10.620516,13.087891,13.787289,8.796492,11.321735,14.183644,11.556007,13.288138,11.453181,16.120337,15.63198,20.155018,23.07802,26.265762,29.78653,30.084673,29.50112,31.741592,27.501398,25.48138,22.269056,21.020298,17.007874,17.14522,11.81914,13.628613,8.224527,10.941128,12.918312,12.635007,10.006949,14.181589,10.742906,15.381551,15.706857,19.907038
11,33.15477,30.794714,28.311056,26.39463,22.591358,19.903507,17.427067,13.343605,11.060667,6.8468204,4.739824,0.0,3.6910481,6.369265,4.36939,7.1940727,8.191153,12.049965,12.739501,18.180754,17.828947,23.027601,24.516916,28.483023,25.028316,31.479383,27.928843,27.609295,23.263721,25.038183,19.320534,23.146954,17.883017,22.444248,20.4373,21.199762,23.680738,22.290207,20.44423,19.659866,16.451492,15.897654,15.915801,14.438235,16.80435,16.28573,19.997305,20.603449,24.703386,21.636879,22.159266,20.777124,20.657999,23.694027,20.181526,27.075754,26.026495,28.211664,29.93269,29.194712,27.395107,23.910315,25.366068,20.911743,25.02022,21.861399,27.135622,24.930838,29.159883,27.727486,23.683205,23.182549,19.453476,17.305204,14.110251,13.559937,10.47708,10.587431,9.991197,11.120737,12.998236,14.6678295,10.673503,13.616649,16.767246,14.421659,16.768589,14.385654,19.667717,18.470081,23.03033,25.618286,28.484468,31.934793,32.875935,32.321896,35.00766,31.019735,28.656298,25.95073,25.000435,21.001978,21.494598,15.938211,18.109304,12.386139,14.993356,16.632862,17.009401,14.63187,18.877392,15.206777,19.719168,19.419317,23.794394
12,35.300133,32.633305,30.569809,28.063503,24.413483,22.079016,19.138775,15.729927,12.594592,9.222904,4.715945,3.6910481,0.0,3.964615,4.6499763,7.8078146,10.866065,13.743123,15.520741,20.535864,20.7,25.473068,27.119032,30.774569,26.88486,33.36309,29.365719,28.63904,24.30375,25.361948,19.75992,22.674442,16.455652,20.592875,18.296906,18.535212,20.824026,19.301552,17.915552,17.876266,15.170628,15.386889,15.888941,15.298608,18.229155,18.379654,22.3088,23.440025,27.192623,23.8349,24.07024,22.152273,21.59095,24.216213,20.163872,26.905216,24.988564,27.451357,29.051086,27.954367,25.548641,22.380972,24.510178,20.357841,25.211853,22.603771,28.01082,26.291384,30.769123,29.69478,25.70399,25.67649,21.598331,20.081017,16.702885,15.139842,12.076626,10.850508,9.561067,9.195738,10.484188,11.676768,7.590009,10.135731,13.678792,12.08639,14.995802,13.422573,18.804693,18.845768,23.245209,26.369917,29.134727,33.036198,33.39298,32.307423,35.135345,31.185905,29.304728,26.408669,24.813456,20.918636,20.680367,15.396835,16.620926,10.81986,12.436212,13.749502,14.927184,13.100211,18.031351,15.098212,19.835384,20.245533,24.481829
13,36.30148,33.383377,31.327232,28.768255,24.883892,23.163412,19.506962,17.16792,13.854201,11.025149,7.2460394,6.369265,3.964615,0.0,4.0065875,7.391084,11.522602,13.66271,16.406998,20.885609,22.0947,26.076565,27.34262,30.619373,26.325462,32.532604,28.247412,27.044907,22.94533,23.570143,18.029568,20.796192,13.896176,18.640766,15.323195,16.430532,18.034853,16.197014,14.241979,14.0552635,11.746895,11.847601,13.075014,12.7737255,16.35368,17.049633,21.191223,23.031178,26.126457,22.343702,22.339104,19.813126,19.078354,21.2951,16.974812,23.684172,21.399115,24.236492,26.051184,25.158785,22.364843,19.627998,21.905428,17.531225,22.746325,20.497398,25.795671,24.393505,29.203455,28.34285,24.473482,25.154829,20.880636,20.096725,16.49682,14.143135,10.79844,8.87409,6.4357677,5.631439,6.6979575,8.466179,5.697048,9.256291,11.727294,10.1147785,13.477647,11.819025,17.5666,17.997124,22.100075,25.43575,27.730513,32.057873,32.30301,30.70163,34.100445,30.55841,28.882933,26.49593,24.55282,20.893566,20.544975,15.307342,16.58285,10.684968,12.69873,14.305799,16.211254,14.584302,19.551472,16.271828,20.996445,21.234066,25.530514
14,32.836967,30.104488,27.74372,25.594267,21.542477,19.641788,16.180029,13.563873,10.749576,7.572018,5.722021,4.36939,4.6499763,4.0065875,0.0,4.3541913,7.5402646,10.180134,12.475209,17.14927,18.240566,22.342573,23.534246,27.010801,22.987078,29.268898,25.300323,24.497438,20.287165,21.63208,15.889687,19.653118,14.02189,19.181597,16.605587,18.191946,20.348444,18.981165,16.714983,15.477344,12.134603,11.677874,11.73156,10.785049,13.58733,13.856112,17.84735,19.343475,22.795336,19.394533,19.475828,17.628984,17.009066,19.785831,15.998244,22.85417,21.657158,23.925522,25.753723,25.176662,23.311872,19.973082,21.397926,16.755209,21.143047,18.271656,23.583797,21.733002,26.295689,25.188515,21.221497,21.50161,17.360083,16.21673,12.665482,10.837739,7.4899163,6.6429205,5.6969085,7.1662784,9.607445,11.580432,8.305076,12.213273,14.203313,11.362666,13.8065605,11.065354,16.738407,15.790159,20.14178,22.987314,25.457674,29.370676,30.139254,29.108948,32.314762,28.69231,26.533854,24.32448,23.008638,19.210548,19.665482,14.035376,16.476028,10.558246,13.98524,16.146255,17.00441,14.653868,18.917849,14.704221,19.260626,18.774004,23.248268
15,29.014519,26.074387,23.990093,21.503325,17.51083,15.987688,12.130435,10.467945,7.238701,5.767042,5.8862457,7.1940727,7.8078146,7.391084,4.3541913,0.0,5.7058816,6.352556,9.840348,13.686271,15.459815,18.82856,20.323967,23.501202,19.267078,25.715963,21.575047,20.90152,16.519712,17.900606,12.23179,16.041594,11.707565,16.647585,15.293245,16.930016,19.817635,19.284248,17.350695,15.5366335,11.204458,11.851435,9.92126,10.356462,11.712357,12.589951,16.137655,17.719976,21.238926,18.553787,18.079615,17.00915,15.404352,18.374996,14.825861,21.112429,20.483759,21.841984,23.276745,22.58029,21.661583,17.6469,18.506437,14.265622,18.174711,15.2611885,20.729832,19.06125,23.296732,22.52611,18.615856,18.823317,14.386722,13.849813,10.469847,7.709194,6.0161014,4.304431,6.528867,7.9296618,11.423038,12.789482,9.164611,13.122931,14.043086,10.111646,11.317665,7.8896933,13.117597,11.542051,15.998396,18.788242,21.48506,25.297441,25.958239,25.17536,28.12463,24.423454,22.191767,20.028831,18.886156,15.1044855,16.02121,10.30294,13.646431,8.2479105,13.012035,15.830908,15.819191,13.013581,16.354927,11.379089,15.6458845,14.781883,19.274584
16,26.138548,23.843767,20.876093,19.671959,15.393022,13.06582,10.401225,7.157917,6.666893,4.1527095,8.617726,8.191153,10.866065,11.522602,7.5402646,5.7058816,0.0,5.074938,5.0053144,10.2057295,10.915973,15.246853,16.405212,20.333153,17.087847,23.473372,20.347399,20.590376,16.328825,19.191418,13.707949,18.96133,16.480204,21.487078,20.500551,22.465088,25.386978,24.810352,22.432907,20.02738,15.633398,14.82021,12.577233,11.046494,10.914782,10.111944,13.011466,13.355489,17.744305,15.786279,15.916654,16.078493,15.50473,19.147152,16.841812,23.08684,23.87604,24.84116,26.448668,26.349752,26.242638,22.070053,21.9039,17.447475,19.707834,15.819156,20.754416,18.081068,21.690992,20.13961,16.113775,15.171091,11.520631,9.328204,6.2735515,6.713979,5.58315,7.8372407,10.185944,13.060784,16.327024,18.180637,14.620422,18.433691,19.734406,15.746386,16.421028,12.591969,16.86819,13.174925,17.584257,19.103489,21.939053,24.709505,26.518599,26.787146,29.34173,25.630941,22.540846,20.761845,20.902472,17.151686,19.197956,13.660598,17.840385,13.114128,17.916882,20.629482,19.843605,16.650387,19.022627,13.556314,17.048922,14.952361,19.462732
17,23.154879,20.310724,17.89059,15.947963,11.587738,10.467053,6.319427,6.461378,5.4190593,6.8241496,10.719914,12.049965,13.743123,13.66271,10.180134,6.352556,5.074938,0.0,5.375148,7.4438505,10.439586,12.616548,14.104285,17.203493,13.183114,19.791458,16.07785,16.198774,11.739798,14.438413,9.236404,14.413965,13.651013,18.2,18.248552,20.394398,23.656212,23.808744,21.745493,18.95084,14.074582,14.460239,10.57925,11.07065,9.457317,10.1489935,12.34059,13.436661,17.185413,15.934236,15.066195,15.748439,13.701045,17.173521,15.062794,20.305761,21.469492,21.498827,22.64797,22.451824,23.25601,18.678873,17.888216,14.100493,15.7490015,12.091594,17.148808,15.034623,18.369297,17.555462,13.740006,13.279142,8.908795,8.750854,6.2599926,3.9415343,6.288091,6.95553,10.960612,13.255422,16.986126,18.320807,15.051422,18.824242,18.907343,14.355551,13.832187,9.748102,12.835943,8.258385,12.567807,14.076868,17.031635,19.974543,21.4852,21.778448,24.276505,20.665506,17.617817,16.187067,16.371984,12.905355,15.4695635,10.375788,15.257454,11.710652,17.192528,20.359287,19.1971,15.952652,17.333778,11.372915,14.153297,11.5350065,15.958246
18,21.453943,19.49542,16.150352,15.680102,11.419625,8.744585,7.347657,4.1630287,6.8272395,6.9263954,12.454623,12.739501,15.520741,16.406998,12.475209,9.840348,5.0053144,5.375148,0.0,5.894097,6.0909023,10.482181,11.888329,16.126272,13.692027,20.050562,17.68486,18.823006,14.763141,18.487444,13.840013,19.358664,18.99362,23.432384,23.508968,25.44399,28.766459,28.679953,26.442327,23.661434,18.960438,18.368607,15.101594,13.920757,11.900204,10.7450075,12.030144,11.244982,16.132008,15.724805,15.688297,17.340212,16.554234,20.378115,19.043333,24.391565,26.201439,26.260803,27.544998,27.61301,28.575823,24.03431,22.990225,19.122932,19.915468,15.756796,20.067354,17.097136,19.60687,17.925348,14.15147,12.021511,9.146958,6.2158246,5.110011,7.4885416,8.883302,11.367118,14.561703,17.417063,20.91215,22.563862,18.893353,22.52658,23.452362,19.131258,18.85561,14.957886,17.828941,12.762647,16.705364,17.097994,20.176462,21.899704,24.336592,25.588089,27.463064,23.745249,20.097282,18.656706,19.898096,16.478968,19.449076,14.61191,19.369675,15.825096,20.88888,23.768135,22.143137,18.724253,19.714045,14.012807,16.26493,13.097468,17.232203
19,16.776115,14.591536,11.127317,11.121785,6.534942,5.751083,4.606633,6.913661,9.791759,12.021189,17.155716,18.180754,20.535864,20.885609,17.14927,13.686271,10.2057295,7.4438505,5.894097,0.0,5.922061,5.3393064,6.9128413,10.523424,8.154716,14.551809,12.552944,14.452711,10.890683,15.238768,12.117459,17.484983,19.671793,23.47689,24.516182,26.76996,30.21962,30.742315,28.607002,25.3261,20.472227,20.381763,16.031708,15.929169,12.236733,11.867977,11.404934,10.718443,14.701747,15.861101,14.980209,17.818039,16.133587,19.700151,19.35823,23.193317,26.02176,24.936491,25.775658,26.114555,28.345959,23.631817,21.499502,18.553986,17.58695,13.618131,16.966228,14.223864,15.426373,14.229415,11.11037,8.56712,6.321968,5.7766676,7.0974793,8.557159,12.036074,13.971179,17.885803,20.579193,24.29487,25.687313,22.437445,26.047089,25.979115,21.326788,20.004969,16.152138,17.272755,11.073669,13.754624,12.742617,15.724553,16.499708,19.52898,21.597374,23.049368,19.746511,15.649936,15.348507,17.55459,15.022023,18.842325,15.209332,20.355251,18.221485,23.601433,26.77193,24.76006,21.370039,21.114044,15.344827,16.11382,11.943062,15.256181
20,16.517765,15.42613,11.689761,12.47635,9.264342,5.5006814,8.162776,5.7129602,10.181799,11.551317,17.08185,17.828947,20.7,22.0947,18.240566,15.459815,10.915973,10.439586,6.0909023,5.922061,0.0,6.939655,9.352003,13.868401,13.33375,19.074827,18.031275,20.27377,16.76417,20.91922,17.492931,22.490152,23.738165,27.298103,28.45182,29.939583,33.713215,34.033375,32.120007,29.318851,24.47873,24.201656,20.475563,19.601707,16.73198,15.381546,15.179566,13.019904,17.98448,19.210138,19.17209,21.923702,21.090326,24.861061,24.193258,28.720898,31.144491,30.465954,31.327705,31.338814,33.13312,28.309145,26.744413,23.66502,23.370337,19.338974,22.800518,19.794992,20.78712,19.07752,16.043833,12.496861,11.471333,8.424341,9.828023,12.673957,14.861656,17.14415,20.59015,23.20701,26.776773,28.181067,24.175087,27.427814,28.37492,24.027493,23.09678,19.550945,21.088718,15.545446,18.6839,17.87584,21.236292,21.421154,24.335989,26.797853,27.482492,23.662603,19.585405,18.192524,20.708858,17.820173,21.37271,17.62833,22.325726,19.984102,24.776611,27.56864,25.076769,21.617643,21.176039,16.030827,16.711868,12.90806,15.936234
21,11.827812,10.3535,6.066817,8.2414875,5.199664,5.45492,7.8515306,10.446642,13.907725,16.570219,21.78897,23.027601,25.473068,26.076565,22.342573,18.82856,15.246853,12.616548,10.482181,5.3393064,6.939655,0.0,4.280315,7.3973484,7.7904377,12.762563,12.507447,15.543626,13.077382,17.49289,15.898155,20.473497,24.060484,27.113518,28.949163,30.955849,34.645267,35.498653,33.56918,30.228127,25.37049,25.45772,20.893337,20.95962,16.829708,16.31686,14.745527,13.160185,16.617418,19.162558,18.24914,21.876455,20.208975,23.53214,23.843855,26.746283,30.14359,28.379196,28.824024,29.210938,32.21909,27.419395,24.777702,22.63827,20.604214,17.048506,19.215923,16.670525,16.120403,15.096968,13.151228,9.671882,9.78456,9.467864,11.952272,13.750351,17.342138,19.212694,23.203163,25.774218,29.52522,30.764816,27.385296,30.772125,30.603664,25.95449,24.153976,20.636618,20.648651,14.4249935,15.9347925,13.563095,16.430878,15.336318,18.995934,22.295996,22.600414,19.5379,15.093126,15.393233,18.783699,17.060732,21.25646,18.72636,23.687174,22.502344,27.674978,30.800627,28.244963,24.88898,23.581026,18.357449,17.820126,13.307053,15.23678
22,14.02583,13.0801735,8.41153,11.804464,8.743852,9.502453,10.651145,13.190682,16.616241,18.608995,23.938639,24.516916,27.119032,27.34262,23.534246,20.323967,16.405212,14.104285,11.888329,6.9128413,9.352003,4.280315,0.0,4.9696884,6.802767,10.40403,11.316139,14.544532,12.908687,17.785135,16.44357,21.679077,25.322805,28.995998,30.14724,32.867825,36.10233,36.718567,34.27919,30.53376,25.902899,25.242964,20.921051,20.336954,15.796069,14.888953,12.339184,10.446517,13.142705,16.480917,15.644807,19.855011,18.717129,21.934504,23.066666,25.620441,29.73559,28.003418,28.789454,29.811876,32.90375,28.432096,25.378874,22.87909,20.054934,16.302647,17.549673,14.534103,13.39263,11.765618,10.333886,6.332942,8.369115,8.416735,11.650283,14.097794,17.562082,20.030777,23.73728,26.809046,30.446547,32.027763,29.136528,32.854424,32.518974,27.804384,26.239119,22.396494,22.78639,16.337065,17.522276,14.750542,16.66193,15.291776,19.872066,23.082201,24.029768,21.708538,17.255909,18.53872,21.727869,20.149855,24.32465,21.51203,26.64142,24.984352,30.392736,33.599537,31.442654,28.069918,27.246346,21.735304,21.616661,17.116367,19.22886
23,13.174216,12.042736,8.411675,11.868625,9.963557,12.493128,13.126217,17.112494,19.983303,22.534098,27.545214,28.483023,30.774569,30.619373,27.010801,23.501202,20.333153,17.203493,16.126272,10.523424,13.868401,7.3973484,4.9696884,0.0,5.520769,6.02528,8.551971,12.359696,12.210254,16.667086,16.999577,21.388311,26.439793,29.56368,31.164616,34.085613,37.202663,38.181164,35.848183,31.901047,27.433126,27.144804,22.494204,22.67722,17.776785,17.63619,14.654662,13.694692,14.697696,18.541374,17.06184,21.449297,19.680487,22.277348,24.02015,25.163698,29.812551,27.298386,27.702242,28.967796,32.855206,28.563795,24.874014,23.2576,19.269852,16.31717,16.212519,14.003554,11.219089,10.67959,10.833828,8.319138,10.626415,12.469756,15.387428,16.771856,20.672838,22.61765,26.472305,29.306879,32.947746,34.334503,31.843878,35.507862,34.519016,29.779076,27.728422,24.137487,23.5233,17.257275,17.104914,13.356653,14.35407,11.669259,16.88186,20.62802,21.287018,19.868063,15.562261,18.16358,21.595274,20.915703,25.171595,23.259462,28.254938,27.359846,32.782734,36.10234,33.92927,30.698893,29.414242,24.102861,23.362936,18.879572,20.219662
24,15.869081,13.300875,10.6524105,11.284983,8.063464,11.213297,9.665784,14.720692,16.561945,19.335264,23.790674,25.028316,26.88486,26.325462,22.987078,19.267078,17.087847,13.183114,13.692027,8.154716,13.33375,7.7904377,6.802767,5.520769,0.0,6.790051,4.8219438,7.951351,6.7643003,11.394374,11.519114,15.994915,21.01372,24.220387,25.695852,28.756021,31.748913,32.787292,30.54566,26.642456,22.176174,22.340044,17.431282,18.41486,13.609436,14.444808,12.337998,12.898047,13.990233,16.498264,14.443467,18.0782,15.403803,17.954027,19.159414,20.403082,24.623287,22.148977,22.548054,23.657352,27.372303,23.056396,19.45025,17.80735,14.124478,11.182433,11.99185,10.1872225,8.985502,9.305292,8.302662,7.5661597,7.233453,10.678216,12.520182,12.432828,16.642946,17.936216,21.902777,24.437233,28.064165,29.292984,27.0968,30.756876,29.39957,24.679068,22.569359,19.00347,18.367022,12.163544,11.992602,8.709233,9.941828,9.338233,13.781043,16.519022,18.19436,16.508923,12.38061,14.916224,17.52459,16.681019,20.744213,18.674387,23.65834,22.730864,28.207615,31.599155,29.783434,26.674782,25.800789,20.312506,20.043741,15.810605,17.770374
25,17.27523,15.561607,13.387535,15.4645815,13.765617,17.188992,16.38814,21.31674,23.35033,25.999187,30.475882,31.479383,33.36309,32.532604,29.268898,25.715963,23.473372,19.791458,20.050562,14.551809,19.074827,12.762563,10.40403,6.02528,6.790051,0.0,5.5996327,8.9981985,11.0916195,14.611531,16.629059,20.22526,26.209644,29.12759,30.571121,34.07053,36.65442,37.811756,35.37122,31.146168,27.154142,26.981499,22.339447,23.16842,18.175707,18.906878,15.768134,16.223537,15.309995,18.997684,16.802961,20.958624,18.612226,20.262451,22.783728,22.21968,27.482948,24.324778,24.556812,26.398727,30.875013,27.142218,22.80898,21.90566,16.658548,14.802986,12.820063,11.777612,7.3811555,8.650484,10.5826,10.604293,12.479988,15.917933,18.238123,18.472746,22.455635,23.899765,27.579737,30.23993,33.69482,34.99541,33.315514,37.02788,35.255108,30.61316,28.354916,24.970915,23.78917,18.0997,16.66544,12.559788,11.651835,8.565191,14.3013315,17.654478,19.063288,19.070446,15.456127,19.418674,22.26861,22.323244,26.307627,24.935194,29.711315,29.155418,34.59001,38.00981,36.25782,33.243965,32.102615,26.832935,26.119587,21.93269,23.103924
26,18.735638,15.871182,14.306556,14.258408,11.813297,15.515916,13.20406,18.75732,19.836878,22.701036,26.557743,27.928843,29.365719,28.247412,25.300323,21.575047,20.347399,16.07785,17.68486,12.552944,18.031275,12.507447,11.316139,8.551971,4.8219438,5.5996327,0.0,3.9332476,5.7319536,9.041937,11.34528,14.649157,20.774633,23.584906,25.076546,28.567806,31.117886,32.40073,30.17391,26.082808,22.068033,22.529516,17.608093,19.394377,14.672072,16.37762,14.2811365,15.904962,15.519876,17.786179,15.127234,18.36968,15.000939,16.581165,18.365873,17.894995,22.5875,19.369553,19.477325,21.033522,25.41341,21.565508,17.297262,16.566715,11.562346,9.981362,8.981827,8.7703085,6.5567365,8.854281,9.271619,10.61792,10.149956,14.517327,15.826959,14.655233,18.797287,19.465765,23.234142,25.464241,28.89476,29.956171,28.487703,32.08864,29.990654,25.42229,23.050896,19.833046,18.458067,13.099245,11.383202,7.6936235,6.681838,6.281786,10.975475,13.262418,15.721587,15.329849,11.968255,15.784545,17.815334,17.803146,21.516735,20.166857,24.787214,24.350798,29.707077,33.143032,31.66248,28.813028,27.955893,22.706787,22.324036,18.504854,20.08049
27,22.24623,19.045013,17.820438,16.91581,14.233679,17.782831,14.474266,20.037775,20.315046,23.012066,26.213331,27.609295,28.63904,27.044907,24.497438,20.90152,20.590376,16.198774,18.823006,14.452711,20.27377,15.543626,14.544532,12.359696,7.951351,8.9981985,3.9332476,0.0,4.577023,6.1723967,9.433623,12.131332,18.315662,21.17082,22.266453,26.157246,28.269983,29.575739,27.307747,23.149662,19.502394,20.2094,15.4045925,17.874578,13.592455,16.085926,14.633939,17.22962,16.367632,17.64194,14.639802,16.989603,12.965358,13.867606,15.600265,14.295793,18.97152,15.522413,15.650933,17.50133,21.92758,18.43852,13.932625,13.474626,7.909823,7.4201202,5.8975906,7.3165565,6.738867,9.758364,9.966273,12.658293,11.16821,15.963534,16.479057,14.267034,18.128586,18.198761,21.680456,23.619465,26.830183,27.787477,26.929443,30.495903,27.931547,23.54949,21.227581,18.216917,16.805475,12.31671,10.121524,7.5613008,5.1271596,7.646499,10.699985,11.28946,15.145594,15.20217,12.687667,16.448643,17.461636,17.556068,20.748783,19.456898,23.76117,23.306692,28.526855,31.949015,30.939648,28.313536,27.89314,22.741592,22.775526,19.44553,21.276356
28,21.198141,17.774582,16.309425,14.692021,11.279153,14.301927,10.339986,15.791956,15.780125,18.528982,21.700212,23.263721,24.30375,22.94533,20.287165,16.519712,16.328825,11.739798,14.763141,10.890683,16.76417,13.077382,12.908687,12.210254,6.7643003,11.0916195,5.7319536,4.577023,0.0,5.040432,5.6153135,9.829716,15.119158,18.405777,19.535156,23.067411,25.624289,26.800507,24.650904,20.72738,16.5136,17.483675,12.312312,14.9333105,10.805549,13.39126,12.800248,15.314644,15.794433,16.377298,13.658038,15.649,11.527243,13.405668,13.865396,14.59714,18.228714,15.599021,15.954615,17.022253,20.64912,16.498672,12.74958,11.31484,7.7236447,5.5385118,7.7780704,7.7517824,9.286571,10.918415,9.330544,11.34055,8.371872,12.912771,12.888274,10.176838,14.256984,14.161771,17.976532,19.878117,23.310934,24.255896,22.879833,26.471703,24.302109,19.744167,17.531382,14.210063,13.356079,8.123812,7.2279744,5.8339515,6.2278557,9.700499,11.9299,12.352859,15.884493,14.447412,11.517443,13.953764,14.742469,13.991651,17.285084,15.283871,19.872976,19.029934,24.385643,27.8226,26.725695,23.979538,23.78952,18.421339,18.864786,15.559403,18.003088
29,24.301117,20.45617,20.035067,17.303778,14.653459,17.854624,13.520151,19.006325,17.940538,20.89341,22.96955,25.038183,25.361948,23.570143,21.63208,17.900606,19.191418,14.438413,18.487444,15.238768,20.91922,17.49289,17.785135,16.667086,11.394374,14.611531,9.041937,6.1723967,5.040432,0.0,5.795625,5.982808,12.907805,15.058705,16.731258,20.248955,22.547354,24.233942,22.61207,18.956394,15.264037,17.472778,12.448628,16.56789,13.506578,16.843872,16.945644,19.9645,20.080357,19.982779,17.064953,17.959219,13.131235,13.846329,13.627438,12.841173,15.573675,12.095738,11.610022,12.308212,16.628214,12.6561365,8.386206,8.972326,5.5019875,6.6831903,8.531236,10.619659,12.419817,14.875103,13.737035,16.300312,13.0944,17.513704,16.855762,13.044736,16.59643,15.192399,18.677544,19.591076,22.718288,23.102488,22.397917,25.56179,22.528437,18.363836,15.684178,13.333364,11.143259,8.309066,5.4125776,5.9831834,4.9039063,10.455326,10.259776,8.571151,13.295591,12.514783,11.143708,13.718305,13.167359,13.279765,15.677901,14.813948,18.497326,18.587677,23.410322,26.766788,26.015478,23.744682,23.525513,18.857466,19.172468,16.796535,18.78427
30,24.831223,21.186138,19.876122,17.254673,13.53449,15.4226055,10.395839,14.733201,13.239619,15.555165,17.56226,19.320534,19.75992,18.029568,15.889687,12.23179,13.707949,9.236404,13.840013,12.117459,17.492931,15.898155,16.44357,16.999577,11.519114,16.629059,11.34528,9.433623,5.6153135,5.795625,0.0,6.7286024,9.663533,13.813071,14.223604,17.854239,20.35314,21.346066,19.285559,15.634245,11.164833,12.978677,7.633714,11.586047,9.058504,12.417425,13.650978,16.712456,17.852345,16.767746,14.327187,14.609983,10.133941,12.050297,10.48629,12.903767,14.719851,13.173827,13.873318,14.206443,16.504362,12.080047,9.538163,6.8098307,6.9545016,4.9998107,10.060597,10.221902,13.777053,14.846117,12.251273,14.408861,10.078758,13.720078,12.156889,7.661881,10.943184,9.467486,13.179356,14.503098,17.899971,18.677795,17.506275,21.085402,18.792473,14.273804,12.397349,8.921378,9.243811,5.333017,6.4826975,8.658527,9.857218,14.580028,15.14499,13.934554,17.999037,15.837253,13.7819605,14.509297,13.708916,12.062771,14.374774,11.474926,15.759734,14.252951,19.513058,22.912827,22.404808,19.868734,20.639881,15.365701,16.938902,14.614407,17.824694
31,27.123013,22.990967,23.134123,19.179497,16.771406,19.226004,14.494766,19.149134,16.760437,19.728651,20.402115,23.146954,22.674442,20.796192,19.653118,16.041594,18.96133,14.413965,19.358664,17.484983,22.490152,20.473497,21.679077,21.388311,15.994915,20.22526,14.649157,12.131332,9.829716,5.982808,6.7286024,0.0,8.332826,9.114582,11.847986,14.552809,17.255098,19.413239,18.734146,15.996332,12.43315,16.327257,11.733215,16.96015,15.442457,19.0064,20.30877,23.375324,24.276632,23.22442,20.60521,20.378311,15.524886,16.146034,14.03825,14.292378,14.375332,11.670814,10.607892,9.214387,12.6165495,7.835907,5.2637506,7.303248,8.56166,10.120365,13.525469,15.413493,18.142569,20.193817,18.327595,20.564365,16.516161,20.143244,18.584154,13.873655,16.595873,13.731661,16.890564,16.459047,19.355976,18.986168,18.374384,20.915518,17.409492,13.638033,10.493552,9.418594,6.047772,7.1461606,5.1749916,9.157875,9.80317,15.239007,13.196772,10.143912,14.378596,12.581795,12.552214,13.120111,10.590024,10.48085,11.371102,11.07826,13.607627,14.419887,18.531124,21.739996,21.315226,19.540369,19.642038,15.810293,16.551064,15.557288,17.629028
32,32.51771,28.616602,27.997381,24.196964,21.006533,21.878721,16.847282,19.1254,15.5429,16.852272,15.526343,17.883017,16.455652,13.896176,14.02189,11.707565,16.480204,13.651013,18.99362,19.671793,23.738165,24.060484,25.322805,26.439793,21.01372,26.209644,20.774633,18.315662,15.119158,12.907805,9.663533,8.332826,0.0,6.612933,4.8890777,8.574919,10.817452,11.962889,11.086022,9.20389,5.6841135,10.956308,8.387064,13.599853,14.71365,18.05795,20.927223,24.187237,25.658323,23.002134,21.084341,19.171062,15.232775,15.965967,11.724238,14.911123,12.165043,12.765521,13.2693405,11.53783,10.238935,6.0438347,8.510323,6.57078,12.555245,12.948884,17.675089,18.578669,22.865185,23.905506,21.090555,23.299307,18.61019,20.99289,18.191479,13.142787,13.577803,9.393341,10.8589735,8.930546,11.313865,10.676678,10.88002,13.509763,9.889165,6.3273997,5.3348904,4.874393,7.04529,10.367465,12.0135565,16.278627,17.483881,22.857267,21.445934,18.372942,22.487469,20.049229,19.762543,18.693367,15.523197,13.600171,12.846817,10.188172,11.437311,9.726782,13.151819,16.089663,17.216267,15.876425,18.301987,14.845296,17.699297,17.814974,21.018171
33,33.61948,29.44685,29.961864,25.200058,23.08845,24.367487,19.783693,22.548502,18.729166,20.940994,19.099577,22.444248,20.592875,18.640766,19.181597,16.647585,21.487078,18.2,23.432384,23.47689,27.298103,27.113518,28.995998,29.56368,24.220387,29.12759,23.584906,21.17082,18.405777,15.058705,13.813071,9.114582,6.612933,0.0,6.7537203,6.046067,9.667221,12.758153,14.314885,14.0421715,11.945533,17.421354,14.842463,20.156929,20.764473,24.141544,26.645803,29.675432,31.25067,29.116993,26.98426,25.472973,21.18003,21.57783,17.762667,19.229715,15.975825,15.355624,14.233311,10.677535,9.987764,6.0982947,9.595506,11.406974,16.175585,17.622805,21.695923,23.322927,26.831099,28.4712,26.02229,28.00207,23.430992,25.989681,23.530312,18.552471,19.582941,15.374672,17.038363,14.287772,16.039352,14.142929,14.128033,14.9441,10.481379,8.76253,5.816297,8.911641,6.5805235,12.731324,12.948637,17.485025,18.760883,23.962156,20.99967,17.406633,20.571997,18.168106,19.289976,17.685167,13.425761,12.736049,10.290478,10.783368,9.5129385,11.330883,12.779572,15.243286,16.015522,15.6310625,16.867262,15.306537,16.991816,18.31504,20.330364
34,37.236946,33.261486,32.829536,28.866562,25.835922,26.679691,21.695547,23.651794,19.824282,20.665348,18.299013,20.4373,18.296906,15.323195,16.605587,15.293245,20.500551,18.248552,23.508968,24.516182,28.45182,28.949163,30.14724,31.164616,25.695852,30.571121,25.076546,22.266453,19.535156,16.731258,14.223604,11.847986,4.8890777,6.7537203,0.0,5.994028,6.2197204,7.578551,7.7200427,7.5337033,6.989533,12.3609,11.683188,16.528748,18.522356,21.86558,24.95115,28.433926,29.587542,26.480272,24.631622,22.006413,18.334064,18.275791,13.783128,16.199121,11.571367,13.165728,13.580406,11.343071,7.534664,5.7407045,10.201745,9.42777,15.633435,16.836481,21.010477,22.341667,26.771778,27.954021,25.303505,27.830069,23.19196,25.54354,22.573633,17.611336,17.351967,13.112209,13.147758,10.086431,10.836887,9.261941,11.458798,12.992509,8.314014,7.277557,7.5996923,9.148874,10.741943,15.131029,16.254835,20.581247,21.328018,26.887487,24.955095,21.159632,25.45463,23.438828,23.80144,22.702913,19.010563,17.498796,15.805254,13.998647,13.64321,12.36654,13.958109,16.161293,18.366985,17.88835,20.814024,18.41776,21.340925,22.103403,25.05206
