,0,1,2,3,4,5,6,7,8,9,10,11,12,13,14,15,16,17,18,19,20,21,22,23,24,25,26,27,28,29,30,31,32,33,34,35,36,37,38,39,40,41,42,43,44,45,46,47,48,49,50,51,52,53,54,55,56,57,58,59,60,61,62,63,64,65,66,67,68,69,70,71,72,73,74,75,76,77,78,79,80,81,82,83,84,85,86,87,88,89,90,91,92,93,94,95,96,97,98,99,100,101,102,103,104,105,106,107,108,109,110,111,112,113,114
0,0.0,4.3376346,6.1785655,10.219135,11.700436,13.95171,14.511071,13.549286,13.352734,16.836315,18.695024,22.44042,23.450985,25.537378,23.16595,19.997906,19.480051,17.665878,17.364166,17.494328,15.65442,17.552547,19.123957,23.827116,22.471495,28.12364,26.076056,27.55111,23.68889,25.31877,22.615452,24.105488,26.507948,25.498018,29.520832,27.814966,32.877613,34.76847,34.14302,33.280865,28.53005,31.086615,26.770079,28.729937,26.87618,27.311886,28.23599,27.475546,31.957506,32.575783,31.739817,33.515205,31.008554,34.119373,32.08252,35.901833,36.504204,35.37863,34.676373,33.06565,34.560425,29.489285,29.344276,26.640099,29.605177,27.148943,31.320242,30.617277,31.033895,30.260725,27.130404,25.283052,22.74788,22.003195,21.877296,21.325872,23.60703,23.081942,26.70462,27.279816,30.97644,30.944004,27.330683,29.276556,28.866644,24.840435,22.72061,20.5737,20.758606,18.550262,20.014757,19.827835,19.786337,23.571402,24.37869,28.771372,27.372196,25.541464,23.10358,19.159575,17.541513,15.524318,15.367666,14.293056,14.809335,16.12493,18.045078,20.532963,17.08821,14.672423,10.669022,7.27716,6.2868505,6.57904,7.5009255
1,4.3376346,0.0,5.1954474,6.497066,9.207177,11.372154,11.926231,12.867696,12.6613655,16.874327,19.123262,22.962795,23.933767,25.410711,22.907925,19.2066,18.857517,16.02274,16.432703,15.280821,14.729304,15.094269,16.017796,20.727863,19.043684,24.541813,22.297499,23.765984,20.096245,21.56404,19.471943,20.700731,23.94879,23.172733,27.437597,26.317549,31.305386,33.377537,32.6178,31.328785,26.52369,29.199743,24.498318,26.88067,24.562428,25.382225,26.005163,25.599222,29.628736,30.481789,29.30224,31.25713,28.355497,31.263117,29.521511,32.72876,33.68027,32.10647,31.242945,29.766315,31.81933,26.70251,26.06687,23.678093,26.152273,23.943666,27.79411,27.38774,27.542185,27.125084,24.215422,22.711033,20.165375,20.244123,20.288157,19.281849,22.187283,21.546135,25.532545,26.254314,30.047182,30.094522,27.098507,29.296396,28.173307,23.970976,21.520323,19.037703,18.642187,15.825207,16.756565,16.079052,15.855802,19.444471,20.188005,24.665682,23.083685,21.244427,18.782244,14.896985,13.364703,11.484656,11.761345,11.499482,12.518947,14.749769,17.545166,20.49469,17.725643,14.79075,12.578012,7.996656,5.3206553,2.925531,4.1355925
2,6.1785655,5.1954474,0.0,6.350131,6.180791,9.388536,11.468983,11.6454115,13.245728,16.962652,20.430658,23.47776,25.187298,26.920574,23.877363,20.3922,18.523256,16.287968,15.030278,13.695382,11.609961,12.27179,14.345871,18.487091,18.11877,23.161407,22.013142,24.170046,20.757025,23.27592,21.062422,23.54813,26.803335,27.153477,30.741259,30.204556,34.998962,36.69429,35.36934,33.677723,28.723911,30.532928,25.867065,27.301165,24.54443,24.633774,24.698906,23.448654,27.754452,29.202385,28.381706,30.937038,28.649767,31.86982,30.683327,34.138954,35.816494,34.32143,33.808735,32.903072,35.136116,29.990723,28.864222,25.718061,27.613796,24.77825,28.289331,27.137577,26.844543,25.86168,23.173115,20.756674,19.113691,18.382385,19.192675,19.503416,22.428947,22.806477,26.745195,28.206684,32.025757,32.558006,29.406532,32.048306,31.366581,26.906681,25.004848,21.785374,22.35063,18.420324,20.030827,18.599478,17.400116,21.525133,20.874786,25.165892,23.989721,22.863283,19.8762,17.264544,14.639141,13.962619,15.54547,14.456132,16.751081,17.893793,21.284218,24.243408,21.489964,18.72195,16.028952,11.696227,10.221496,7.2723093,8.330112
3,10.219135,6.497066,6.350131,0.0,4.439119,6.087358,7.566243,11.118071,12.12327,16.506899,20.020948,23.172968,24.618137,25.430748,22.408632,18.352032,17.104607,13.41781,13.732906,10.502631,11.438128,9.430354,9.795491,14.343537,12.820875,18.069027,16.18171,18.132914,14.858109,17.165096,15.687421,17.964563,22.09952,22.985111,26.568012,26.887619,31.408745,33.23782,31.733232,29.527386,24.621428,26.58559,21.518497,23.606237,20.361202,21.167093,21.002855,20.622057,24.13635,25.61252,24.225948,26.799717,23.885675,26.763144,25.877026,28.543846,30.568987,28.599329,27.960983,27.294271,30.096668,25.003447,23.273687,20.471743,21.763512,19.283304,22.470943,21.81695,21.421762,21.03061,18.504856,16.955763,14.9458685,15.752587,16.507965,15.826201,19.524157,19.58798,23.877523,25.425257,29.259514,29.863768,27.625755,30.513826,28.931044,24.381601,22.199852,18.630104,18.589453,13.868413,14.895112,12.743929,11.181231,15.257202,14.640728,18.97044,17.846315,16.640234,13.898602,11.277999,8.300997,8.088082,10.742015,10.338621,13.519497,15.323507,19.646046,23.01037,21.267963,18.094442,17.631388,12.578501,10.445748,5.969107,7.8351636
4,11.700436,9.207177,6.180791,4.439119,0.0,3.9646256,7.4388323,9.814666,12.423438,16.121904,20.558548,22.964245,25.016739,26.080667,22.6461,18.92902,16.31933,13.438179,12.039224,8.732097,8.098178,6.2542815,8.303981,12.331623,12.278122,17.17144,16.433224,18.961443,15.924687,19.249798,17.373823,20.869883,24.531145,26.33581,29.183239,29.86335,34.195957,35.62303,33.645065,31.197884,26.235918,27.343649,22.49577,23.54979,20.051868,20.051477,19.425436,18.173454,22.06365,24.009748,23.052683,26.11438,23.924862,27.128897,26.672949,29.76089,32.300064,30.613602,30.394808,30.215565,32.90896,27.871744,25.932362,22.344862,23.28653,20.149027,23.105097,21.605555,20.958733,19.848078,17.434378,14.872327,13.7769785,13.56016,15.060565,15.788251,19.290712,20.32485,24.42035,26.58645,30.381401,31.39998,28.957298,32.17773,31.098228,26.39721,24.786156,20.71857,21.677395,16.363722,18.199072,15.794324,13.5940695,18.078001,16.299007,20.156794,19.70464,19.186642,16.242062,14.780784,11.0468235,11.724392,14.79845,13.315949,17.126707,17.764627,22.312933,25.590351,23.778397,20.804176,19.822708,14.986799,13.6882305,9.500516,11.492849
5,13.95171,11.372154,9.388536,6.087358,3.9646256,0.0,4.063531,7.700926,10.377906,13.831391,18.526266,20.560905,22.67874,23.347553,19.804077,16.072952,13.28943,10.112951,9.027668,4.8608317,6.3428435,4.2012615,5.49382,10.354682,9.361484,15.091132,13.8507,16.092766,12.8126135,16.572746,14.178446,18.50896,21.70415,24.41073,26.533617,27.788124,31.791815,32.93649,30.602066,27.89524,22.969337,23.684149,18.897028,19.704788,16.107391,16.126945,15.601743,14.701835,18.569763,20.198242,19.193632,22.155916,20.036547,23.329472,22.928247,26.261312,28.915447,27.487646,27.593882,27.73615,30.237978,25.310682,23.261366,19.139765,20.06862,16.606375,19.783504,18.044579,17.909306,16.609953,13.808489,11.503552,9.8875885,9.922723,11.315059,12.0350895,15.670557,16.975012,21.039333,23.511574,27.238283,28.50199,26.393515,29.886698,28.728516,23.971123,22.709045,18.2281,19.750004,13.8808975,16.296642,13.840106,11.497611,16.431139,14.778313,18.10747,18.5327,18.049643,15.7603245,14.212301,10.004871,10.784822,14.124761,11.654027,16.206049,15.973345,20.982822,24.294773,23.094442,20.177456,20.269844,15.471405,14.808277,10.735107,13.7179785
6,14.511071,11.926231,11.468983,7.566243,7.4388323,4.063531,0.0,6.2795663,7.5185614,11.133746,15.404656,17.606018,19.40436,19.71431,16.318914,12.376709,10.426528,6.4289412,7.267859,4.053881,7.7459464,7.299882,6.860624,12.152888,9.32574,15.951278,13.418482,14.712906,10.732942,14.138906,10.771196,15.395485,17.875408,20.870996,22.611753,23.983658,27.862354,28.906107,26.545351,23.916708,18.967733,19.90791,15.0997715,16.31722,13.152144,13.723174,14.10148,14.186011,17.962505,18.586996,17.399944,19.630121,17.184416,20.479572,19.495264,23.259626,25.384563,24.308989,24.54991,24.568274,26.615656,21.702736,19.99887,15.567508,17.274384,13.788691,17.78849,16.349201,17.258333,16.168547,12.711507,11.535721,8.317442,8.963261,9.070189,8.486864,12.215731,13.04568,17.217478,19.536772,23.276798,24.492308,22.572588,26.10463,24.792887,20.037117,18.896631,14.271975,16.132357,10.151123,13.2005005,11.316393,9.670615,14.873465,14.490341,17.51931,18.386278,17.39229,15.976971,13.396298,9.488814,9.29609,12.091386,8.486219,13.39251,12.420775,17.655521,20.96436,20.279343,17.432703,18.615019,14.007434,13.934151,10.42326,14.234019
7,13.549286,12.867696,11.6454115,11.118071,9.814666,7.700926,6.2795663,0.0,4.516211,6.5420656,11.702394,13.310433,15.762752,17.147326,13.485451,10.51738,7.0330405,6.397592,3.8320398,6.8253694,5.683826,10.380295,11.8324995,16.52385,14.77983,21.14304,19.180386,20.358515,16.302244,19.620876,15.149422,19.961874,20.648556,23.449215,24.52807,25.129606,29.049324,29.591942,27.188593,25.228222,20.378145,20.792292,17.000866,16.930408,15.081784,14.475757,15.757599,14.91431,19.814306,19.707455,19.469751,21.15299,19.854546,23.541206,21.935825,27.044992,28.45139,28.382868,29.008022,28.829716,29.79223,24.989199,24.23709,19.206068,21.956198,18.118973,22.626665,20.572947,22.106306,20.23553,16.444382,14.490174,11.5749235,9.36956,8.737822,9.870059,11.590696,13.070623,16.431168,18.821032,22.447655,23.783672,20.750263,24.276125,24.262627,19.582882,19.292645,14.87664,18.18164,13.375707,17.37354,16.61237,15.671629,20.836992,20.762768,23.613747,24.665075,23.601246,22.136934,19.14093,15.526063,14.605667,16.288977,11.545322,15.5753355,12.827693,17.180428,19.96855,18.719488,16.491823,16.51555,12.871224,14.433954,12.148589,16.398678
8,13.352734,12.6613655,13.245728,12.12327,12.423438,10.377906,7.5185614,4.516211,0.0,4.6380553,8.214616,11.059818,12.652746,13.867909,10.678408,7.2263975,6.499749,5.2390404,6.5916934,9.531751,10.13729,13.750815,14.211195,19.299591,16.393711,23.136436,20.161837,20.56684,16.154844,18.47546,13.535167,17.541225,17.407187,19.604631,20.755688,20.856161,24.91351,25.582092,23.561272,22.092161,17.275114,18.56667,14.88416,15.804989,14.881346,15.165601,17.33476,17.535906,21.990189,21.039293,20.485258,21.250748,19.386381,22.798325,20.343264,25.627363,26.090141,26.286459,26.774105,26.10482,26.508278,21.721367,21.691635,16.95756,20.721836,17.393436,22.488482,21.136131,23.314116,21.963818,17.935827,17.057947,13.183734,12.0639,10.209502,9.175357,10.41091,10.397098,13.823117,15.401727,19.131523,20.046436,16.886908,20.190598,20.000015,15.343766,14.921505,10.795698,14.241528,10.423133,14.644009,14.920202,15.022003,19.860731,21.08828,23.9631,24.867083,23.22203,22.336266,18.349457,15.485855,13.556655,14.111971,8.756636,12.104493,8.539273,12.716213,15.490227,14.531252,12.365514,13.512678,10.269591,12.488953,11.25024,15.838511
9,16.836315,16.874327,16.962652,16.506899,16.121904,13.831391,11.133746,6.5420656,4.6380553,0.0,5.6431627,6.8424053,9.263185,10.998785,7.477514,5.7748065,3.9729369,6.6913133,6.7399554,11.800864,11.635276,16.474936,17.194708,21.823189,19.172745,25.73923,22.977785,23.165474,18.89301,21.373642,15.919377,20.418253,18.84271,21.696287,21.576273,21.77507,25.28876,25.248253,22.84955,21.65085,17.226679,17.563448,15.05357,14.643284,14.855829,14.400105,17.232729,17.291384,21.943714,20.213446,20.268158,20.421219,19.511286,23.052877,20.349901,26.496853,26.622227,27.676123,28.666124,28.230589,27.834198,23.454794,23.841118,18.56536,22.619726,19.035511,24.237877,22.428137,25.180784,23.373045,19.203197,18.29748,14.585236,12.411762,9.900976,9.82502,9.037391,9.787674,11.946593,13.865913,17.220654,18.525795,14.920694,18.473204,19.320877,14.96242,15.768342,11.843482,16.52306,13.390192,18.01287,18.61736,18.773022,23.573812,24.741415,27.105288,28.579506,27.082462,26.443111,22.640085,19.6819,17.91737,18.363556,12.768755,15.707,10.90422,14.102331,16.137453,15.5785675,14.281176,15.472916,13.481109,16.450817,15.71203,20.264471
10,18.695024,19.123262,20.430658,20.020948,20.558548,18.526266,15.404656,11.702394,8.214616,5.6431627,0.0,4.825663,4.823646,7.235302,5.572167,5.6571555,8.438917,10.4803,12.258415,16.81606,17.125818,21.600012,21.882507,26.725298,23.414717,30.115572,26.66818,26.205198,21.83886,23.240576,17.678045,20.888853,17.872986,19.650724,19.181559,18.311768,21.72876,21.554193,19.811747,19.773819,15.942969,17.19489,15.655998,16.06603,17.647097,17.895155,21.362902,22.127275,26.340199,23.850643,23.755226,22.861143,21.67412,24.735506,21.092247,27.391722,26.15943,27.802816,28.698942,27.66117,26.199959,22.201687,23.754223,19.120686,24.165497,21.300463,26.820728,25.673538,28.949957,27.560255,23.331083,23.166227,19.010252,17.533846,14.544967,13.026264,11.305767,10.104633,11.035909,11.182607,14.188291,14.754924,10.292466,13.301817,14.830257,11.032854,12.418605,10.030848,14.8648615,14.078629,18.379969,20.172852,21.31371,25.526533,27.83384,30.16345,31.455294,29.460983,29.322947,24.751066,22.61025,20.090893,19.321438,13.923743,15.179313,9.625488,10.688231,11.754054,11.740794,11.485149,13.769766,13.446819,17.09272,17.707481,22.106474
11,22.44042,22.962795,23.47776,23.172968,22.964245,20.560905,17.606018,13.310433,11.059818,6.8424053,4.825663,0.0,3.717486,6.373997,4.3498826,7.237471,8.142548,11.997824,12.650385,17.963472,17.942472,22.950377,23.418516,27.750639,24.81816,31.217077,28.170065,27.709951,23.60324,25.490898,19.73238,23.782701,20.172901,23.090847,21.410053,21.30823,23.907799,22.93996,20.4894,20.27191,16.942682,16.681488,16.258858,15.040972,17.316288,16.758375,20.465014,21.018137,25.198528,22.204348,22.7007,21.45416,21.335073,24.50103,21.068485,27.925358,26.88208,29.141037,30.568771,30.067387,28.28987,24.708096,26.088236,20.866499,25.587086,22.359371,27.677011,25.964516,29.537455,27.689451,23.499897,23.219303,19.461884,17.25744,14.137021,13.720434,10.72052,10.853352,10.333079,11.428774,13.6864195,15.074078,10.877897,14.280805,16.686249,13.426073,15.831611,13.215112,18.61635,17.281244,21.874931,23.336788,24.087833,28.45048,30.25823,32.095398,33.984375,32.326073,32.25909,28.183048,25.62825,23.57855,23.336594,17.723337,19.60388,13.881563,15.150033,15.832552,16.23596,16.266188,18.230217,17.926826,21.535437,21.69995,26.202826
12,23.450985,23.933767,25.187298,24.618137,25.016739,22.67874,19.40436,15.762752,12.652746,9.263185,4.823646,3.717486,0.0,3.964033,4.613814,7.7931414,10.821504,13.697436,15.464564,20.309368,20.831755,25.405935,25.509146,30.046442,26.616476,33.12046,29.587385,28.728191,24.584835,25.772852,20.091377,23.27127,18.938633,21.181156,19.283024,18.604445,21.03961,20.013697,18.039606,18.582615,15.702715,16.230494,16.253368,15.909314,18.722548,18.822237,22.74885,23.826984,27.66774,24.389158,24.590912,22.822512,22.258821,25.041288,21.07306,27.784184,25.904243,28.409914,29.711668,28.831465,26.467457,23.171837,25.2104,20.530613,25.753311,23.05706,28.509642,27.322962,31.130545,29.655125,25.453812,25.678505,21.571981,20.012808,16.692562,15.243684,12.261582,11.058517,9.980307,9.588112,11.514462,12.274738,7.5541015,10.630462,13.414426,10.700803,13.488968,11.954537,17.141323,17.122513,21.381823,23.46596,24.771835,28.723034,31.221306,33.047306,34.78182,32.82001,33.08235,28.5913,26.545341,24.10338,23.225622,17.86512,18.87479,13.067352,13.173732,13.21373,14.251179,14.826019,17.636919,17.996677,21.702497,22.442318,26.83281
13,25.537378,25.410711,26.920574,25.430748,26.080667,23.347553,19.71431,17.147326,13.867909,10.998785,7.235302,6.373997,3.964033,0.0,3.9857745,7.3420954,11.437797,13.587801,16.34532,20.553932,22.12354,25.922285,25.441479,29.784004,25.907804,32.208874,28.34743,27.01934,23.111252,23.88447,18.302824,21.28503,16.184916,19.13114,16.243458,16.360485,18.148132,16.763334,14.32774,14.768037,12.279492,12.7090435,13.445332,13.350378,16.800995,17.417349,21.562971,23.334778,26.539013,22.835592,22.799747,20.435818,19.703596,22.113342,17.869047,24.559404,22.307196,25.162981,26.664192,25.95195,23.247515,20.34156,22.510855,17.913069,23.21391,20.87013,26.226093,25.343786,29.50492,28.298552,24.196724,25.110737,20.826405,19.973097,16.410336,14.180831,10.88156,8.962696,6.83269,5.8414307,7.5923305,8.715369,4.9564347,8.989558,10.97643,8.404504,11.861895,10.379342,15.688989,15.94211,20.038628,22.285337,23.79126,27.337572,30.124027,31.494652,33.523857,31.553179,32.29328,27.916254,26.095848,23.744732,22.84047,17.631784,18.691666,12.859896,13.243163,13.341555,15.476583,15.863326,19.837273,19.766842,23.079222,23.552681,27.960686
14,23.16595,22.907925,23.877363,22.408632,22.6461,19.804077,16.318914,13.485451,10.678408,7.477514,5.572167,4.3498826,4.613814,3.9857745,0.0,4.3422656,7.4680705,10.104211,12.416481,16.832256,18.250553,22.189493,21.920322,26.203897,22.64367,28.976095,25.462729,24.535364,20.542543,22.016975,16.262684,20.19622,16.132303,19.720284,17.50108,18.158905,20.481583,19.493881,16.68581,16.060438,12.62339,12.495617,12.113102,11.432183,14.116349,14.313115,18.297966,19.712875,23.279186,19.965708,20.024689,18.339403,17.720343,20.64442,16.934671,23.745558,22.53545,24.86165,26.370745,25.988129,24.164452,20.704718,22.059261,16.827438,21.690182,18.744593,24.111265,22.774725,26.667068,25.182575,21.010267,21.512407,17.357222,16.136345,12.634942,10.953831,7.689543,6.8676925,6.1130776,7.428473,10.1537485,11.814336,8.597805,12.6927185,13.969925,10.363993,12.952669,9.929535,15.571331,14.248537,18.792315,20.400526,21.3833,25.396631,27.556877,29.044897,31.142399,29.42156,29.816414,25.771973,23.465765,21.440268,21.152994,15.612803,17.625732,11.78025,13.626853,14.628156,16.000639,15.681069,19.026354,18.138723,21.292208,21.168154,25.713207
15,19.997906,19.2066,20.3922,18.352032,18.92902,16.072952,12.376709,10.51738,7.2263975,5.7748065,5.6571555,7.237471,7.7931414,7.3420954,4.3422656,0.0,5.7593846,6.356147,9.920391,13.453268,15.544935,18.75643,18.231272,22.804543,18.99132,25.531252,21.828842,21.042212,16.831419,18.330215,12.597844,16.613262,13.676397,17.181799,16.09356,16.91504,19.958487,19.758266,17.166637,15.91107,11.541708,12.414746,10.190059,10.852026,12.179832,12.985251,16.5495,18.064114,21.683947,19.067911,18.591497,17.650805,16.080265,19.143995,15.676724,21.93707,21.285017,22.750813,23.881699,23.39513,22.430035,18.356203,19.199593,13.979909,18.76225,15.768304,21.274843,20.181957,23.704866,22.494713,18.287365,18.810228,14.355686,13.7945795,10.453842,7.8147836,6.196171,4.6162853,6.868121,8.391292,12.011767,13.303888,10.634143,14.565111,14.503415,10.02313,11.2873955,7.092163,12.520427,10.20479,14.88917,16.258295,17.191729,21.32896,23.495977,25.29706,27.097414,25.3086,25.573326,21.469746,19.16399,17.103605,16.969849,11.373043,13.890639,8.311974,11.5776825,13.541094,14.589012,13.422363,16.951668,15.131407,17.791006,17.271275,21.809404
16,19.480051,18.857517,18.523256,17.104607,16.31933,13.28943,10.426528,7.0330405,6.499749,3.9729369,8.438917,8.142548,10.821504,11.437797,7.4680705,5.7593846,0.0,5.031947,5.0157113,9.996302,10.964028,15.170203,15.494829,19.6317,16.957397,23.249287,20.642494,20.744728,16.755508,19.682573,14.200365,19.573076,17.99422,22.100271,21.252337,22.528086,25.542833,25.21734,22.177446,20.254585,15.858758,15.190624,12.718193,11.377313,11.327854,10.489493,13.433244,13.7235985,18.18654,16.252752,16.406105,16.63439,16.103045,19.793026,17.53333,23.785515,24.511364,25.636036,26.975706,27.123629,26.949553,22.751678,22.586761,16.802591,20.288588,16.362362,21.3429,19.145937,22.110146,20.08455,15.908172,15.2185755,11.55388,9.295825,6.317586,6.9315724,5.7804613,8.074089,10.2510195,13.269242,16.51274,18.414158,15.716333,19.736574,20.17875,15.774312,16.868902,12.31438,17.222765,13.150024,17.914997,18.015932,17.742569,22.55081,23.249428,25.045565,27.117348,25.964464,25.549934,22.3711,19.102364,17.942778,19.034908,13.449767,17.180326,12.458255,16.390863,18.586908,18.69144,17.215496,19.06472,16.555893,18.977234,17.492811,22.048178
17,17.665878,16.02274,16.287968,13.41781,13.438179,10.112951,6.4289412,6.397592,5.2390404,6.6913133,10.4803,11.997824,13.697436,13.587801,10.104211,6.356147,5.031947,0.0,5.4507165,7.174029,10.373435,12.507925,11.906405,16.531439,13.015631,19.65295,16.446045,16.475145,12.223735,15.012744,9.744601,15.093116,14.845574,18.853245,18.943836,20.540056,23.899813,24.239386,21.458677,19.068602,14.208563,14.623095,10.607664,11.179018,9.670887,10.256695,12.5374155,13.551398,17.429276,16.197828,15.3960495,16.153065,14.212613,17.721722,15.665899,20.98222,22.101168,22.331642,23.240746,23.295221,23.957796,19.389896,18.655853,13.182928,16.407639,12.668161,17.74946,16.1606,18.791603,17.41052,13.2484665,13.137009,8.754277,8.545155,6.0584664,3.9606495,6.241504,7.132824,11.009836,13.614871,17.268518,18.789906,16.833973,20.700981,19.876833,15.16048,15.148305,10.149522,13.995287,8.802276,13.374984,13.062154,12.729342,17.554794,18.450727,20.49958,22.28352,20.984964,20.654633,17.400126,14.226285,13.09026,14.468384,9.134179,13.533761,9.881841,14.877541,17.731768,17.946344,15.7658,18.232924,14.775205,16.26193,14.191395,18.630417
18,17.364166,16.432703,15.030278,13.732906,12.039224,9.027668,7.267859,3.8320398,6.5916934,6.7399554,12.258415,12.650385,15.464564,16.34532,12.416481,9.920391,5.0157113,5.4507165,0.0,5.90158,6.0329995,10.481442,11.543039,15.608591,13.877466,19.999554,18.213612,19.223675,15.429121,19.169657,14.466005,20.115976,20.265453,24.178347,24.297575,25.67274,29.068518,29.179447,26.226936,23.86442,19.18805,18.639647,15.225994,14.131935,12.236109,11.014957,12.399112,11.539949,16.52518,16.1048,16.153069,17.83413,17.139334,20.977905,19.68825,25.098396,26.852009,27.114992,28.175161,28.509993,29.340656,24.811605,23.81767,18.23316,20.642,16.43799,20.802372,18.242676,20.154295,17.891342,13.985922,12.09831,9.239527,6.207437,5.220791,7.7692704,9.043803,11.648602,14.636765,17.7415,21.149834,22.970272,20.39409,24.297312,24.338049,19.708096,20.006872,15.213674,19.15084,13.950292,18.263836,17.324142,16.13417,21.275373,20.869253,23.022882,24.822243,24.072664,22.964367,20.494852,16.657784,16.221544,18.243336,13.263378,17.688818,14.305044,18.883253,21.555426,20.970106,18.930286,19.73582,16.301401,17.92008,15.481261,19.739338
19,17.494328,15.280821,13.695382,10.502631,8.732097,4.8608317,4.053881,6.8253694,9.531751,11.800864,16.81606,17.963472,20.309368,20.553932,16.832256,13.453268,9.996302,7.174029,5.90158,0.0,5.9397635,5.5206704,5.6535525,10.0373745,8.265049,14.417043,12.887862,14.584188,11.198691,15.5238085,12.1970005,17.792194,19.853598,23.845945,24.729458,26.696447,30.160961,30.770721,27.873877,24.862925,20.076384,19.888004,15.474397,15.375123,11.731873,11.330663,11.009663,10.370768,14.47669,15.537657,14.733605,17.569395,15.963366,19.525152,19.229143,23.203789,26.000269,25.171856,25.872282,26.51089,28.537271,23.885632,21.835985,16.816668,17.788206,13.710461,17.186716,14.790688,15.580931,13.69528,10.245037,8.114349,5.6911035,5.266907,6.602222,8.144688,11.60134,13.728351,17.473003,20.531645,24.061432,25.766735,24.001432,27.862377,26.872938,22.135471,21.598185,16.663265,19.242905,13.026022,16.330498,14.138372,11.915726,17.001516,15.537218,17.808376,19.469105,19.14331,17.723776,16.264307,12.015685,12.734901,15.889479,12.221393,17.229832,15.561878,20.816639,23.971735,23.473682,20.841484,21.895943,17.508945,17.732702,14.169978,17.795776
20,15.65442,14.729304,11.609961,11.438128,8.098178,6.3428435,7.7459464,5.683826,10.13729,11.635276,17.125818,17.942472,20.831755,22.12354,18.250553,15.544935,10.964028,10.373435,6.0329995,5.9397635,0.0,6.7387133,9.699232,13.191593,13.390258,18.66656,18.220823,20.346764,17.06835,21.25835,17.724432,22.994541,24.661545,27.973707,29.082998,30.238876,34.02547,34.53577,31.79976,29.293468,24.482576,24.16796,20.265251,19.452656,16.552639,15.161758,14.94945,12.742859,17.762476,19.036629,19.062365,21.907932,21.148327,24.900526,24.385977,28.915924,31.409506,30.903368,31.598026,31.96085,33.637047,28.867636,27.295694,22.237402,23.678057,19.558592,23.03124,20.315632,20.787241,18.412733,15.321678,11.987538,11.015023,8.023534,9.632106,12.596499,14.817729,17.28167,20.576927,23.563313,27.073969,28.744032,26.022469,29.726177,29.638021,24.921535,24.595596,19.946898,22.914404,17.344608,20.847866,19.035736,17.017656,22.148575,20.481512,23.16086,24.318142,24.035282,21.94378,20.380844,16.18513,16.560085,19.322014,15.527216,19.975239,18.060093,22.675144,25.575466,24.196056,21.819553,21.195358,17.211273,17.892057,14.678525,18.097668
21,17.552547,15.094269,12.27179,9.430354,6.2542815,4.2012615,7.299882,10.380295,13.750815,16.474936,21.600012,22.950377,25.405935,25.922285,22.189493,18.75643,15.170203,12.507925,10.481442,5.5206704,6.7387133,0.0,3.981054,7.0390673,8.136246,12.586203,12.823158,15.732901,13.36174,17.779148,15.979069,20.817064,24.176476,27.609644,29.270609,31.106192,34.800877,35.728905,33.007626,29.88098,25.105818,25.060453,20.45349,20.50064,16.358322,15.805066,14.2242565,12.591063,16.137674,18.716558,17.890486,21.589506,20.00821,23.285715,23.72593,26.70621,30.155346,28.610819,28.952562,29.664368,32.478436,27.75877,25.179152,20.884993,20.806494,17.12294,19.363285,17.002684,16.102037,14.331333,12.222991,8.956834,9.198252,9.04413,11.634924,13.501864,17.08327,19.147116,22.973455,25.949257,29.518864,31.123556,29.295168,33.02583,31.903862,27.146341,26.159498,21.43756,23.179129,16.960356,19.278837,16.307869,13.312455,17.908968,14.916097,17.599112,18.529823,18.85214,16.40264,16.322586,11.914447,13.750748,17.563293,15.363258,20.102737,19.704079,24.865644,28.157684,27.13383,24.27075,24.35684,19.617016,18.905396,14.720654,17.212736
22,19.123957,16.017796,14.345871,9.795491,8.303981,5.49382,6.860624,11.8324995,14.211195,17.194708,21.882507,23.418516,25.509146,25.441479,21.920322,18.231272,15.494829,11.906405,11.543039,5.6535525,9.699232,3.981054,0.0,5.366135,4.2768025,9.659649,8.947794,11.783575,9.594338,14.061612,12.931056,17.641216,21.466814,25.194628,26.787344,29.107807,32.5594,33.588943,30.847431,27.44603,22.80422,22.929731,18.087626,18.735928,14.245203,14.48428,12.780964,12.334063,14.88883,17.33608,15.888952,19.518345,17.290379,20.249252,20.921774,23.232605,26.918856,25.02817,25.28989,26.189596,29.339415,24.75901,21.789265,17.794596,17.140358,13.71921,15.645962,13.708297,12.730227,11.590637,9.551717,7.564384,7.2067266,9.197439,11.341958,12.031188,16.104696,17.752588,21.710466,24.583397,28.08481,29.643436,28.43553,32.168247,30.480644,25.81465,24.653854,19.943905,21.223467,14.822346,16.670307,13.323071,10.019432,14.393215,11.279257,13.735219,15.00204,15.364823,13.3871765,13.613182,9.2105875,11.571819,15.658851,13.913781,18.76074,18.699516,24.066698,27.449265,26.953182,23.987358,25.042309,20.185255,19.213114,14.987609,17.48121
23,23.827116,20.727863,18.487091,14.343537,12.331623,10.354682,12.152888,16.52385,19.299591,21.823189,26.725298,27.750639,30.046442,29.784004,26.203897,22.804543,19.6317,16.531439,15.608591,10.0373745,13.191593,7.0390673,5.366135,0.0,5.5109334,5.9636183,8.494196,12.14865,11.901651,16.444717,16.496817,21.12792,25.228539,29.473463,30.70902,33.604893,36.692944,37.575577,34.529846,30.702887,26.393913,25.822754,21.313234,21.324535,16.436728,16.241402,13.21984,12.274957,13.358122,17.190086,15.810095,20.246525,18.592442,21.159307,22.991163,24.365753,29.022272,26.824123,27.243862,28.804417,32.425903,28.224333,24.64422,20.913546,18.846416,15.671565,15.801205,13.385124,10.743032,9.358036,9.352655,6.920674,9.51526,11.522319,14.426764,15.861887,19.666565,21.814924,25.440136,28.65869,31.926935,33.75153,32.93757,36.819584,35.046967,30.46679,29.465195,24.695171,25.927662,19.488272,20.929653,17.20375,13.557815,16.812206,12.109499,13.277032,15.0900345,16.634956,14.609898,16.780941,12.802295,15.950035,20.229902,19.031208,23.818867,23.855288,29.270782,32.64128,32.289234,29.328949,30.350353,25.467178,24.300331,19.94873,21.886143
24,22.471495,19.043684,18.11877,12.820875,12.278122,9.361484,9.32574,14.77983,16.393711,19.172745,23.414717,24.81816,26.616476,25.907804,22.64367,18.99132,16.957397,13.015631,13.877466,8.265049,13.390258,8.136246,4.2768025,5.5109334,0.0,6.8103085,4.8500524,7.6848125,6.444256,11.107066,11.0745125,15.697954,19.79468,24.144476,25.306313,28.361425,31.331339,32.31522,29.408901,25.604176,21.30424,21.264317,16.45339,17.41925,12.603486,13.557569,11.506282,12.299506,13.351469,15.741149,13.672912,17.292118,14.581226,17.046776,18.326519,19.69755,23.927383,21.694897,22.037859,23.428226,26.938507,22.71409,19.182264,15.492316,13.704648,10.600696,11.605565,9.978336,8.727406,8.380824,6.878436,6.945565,6.5697985,10.434428,12.133406,11.891794,16.059372,17.457462,21.251091,24.122623,27.386604,29.012335,28.581285,32.34649,30.155247,25.694246,24.55632,19.910358,20.857712,14.476284,15.781279,12.137557,8.640448,12.178203,8.692642,10.040452,12.322063,13.035019,11.993371,12.986841,9.123403,11.916893,15.979541,14.6854,19.440071,19.47456,24.904228,28.26282,28.39522,25.452211,27.439838,22.64986,21.604889,17.55074,19.972862
25,28.12364,24.541813,23.161407,18.069027,17.17144,15.091132,15.951278,21.14304,23.136436,25.73923,30.115572,31.217077,33.12046,32.208874,28.976095,25.531252,23.249287,19.65295,19.999554,14.417043,18.66656,12.586203,9.659649,5.9636183,6.8103085,0.0,5.5420346,9.034897,11.034607,14.67764,16.542406,20.25944,24.902029,29.411972,30.446398,34.033867,36.59791,37.5705,34.515343,30.312555,26.53665,25.990665,21.620604,22.189825,17.212072,17.875132,14.62273,15.095848,14.046448,17.829365,15.722822,19.975029,17.769527,19.327824,22.014126,21.634567,26.975828,24.09899,24.395237,26.507767,30.770561,27.132212,22.879799,20.134274,16.51638,14.445618,12.569754,11.09023,6.811151,7.45579,9.494942,9.727016,11.961262,15.442063,17.741478,18.060978,21.91068,23.56386,27.015339,30.041365,33.025356,34.797142,34.861794,38.665142,36.22497,31.942118,30.78429,26.281948,26.81213,20.68807,21.170643,17.203226,13.621649,15.156282,9.795371,8.999607,11.717293,14.127216,13.099112,16.641851,13.685018,17.230762,21.385069,21.09381,25.559341,26.083704,31.464794,34.828533,35.056694,32.056313,33.958393,29.053173,27.570293,23.326258,24.949778
26,26.076056,22.297499,22.013142,16.18171,16.433224,13.8507,13.418482,19.180386,20.161837,22.977785,26.66818,28.170065,29.587385,28.34743,25.462729,21.828842,20.642494,16.446045,18.213612,12.887862,18.220823,12.823158,8.947794,8.494196,4.8500524,5.5420346,0.0,3.926221,5.8051825,9.139189,11.426843,14.759863,19.54512,23.986324,25.078447,28.711864,31.218504,32.349667,29.522062,25.422867,21.65422,21.78246,17.125679,18.753855,14.032159,15.779646,13.614744,15.374871,14.79727,17.083366,14.420188,17.714863,14.374313,15.780701,17.769382,17.328545,22.152021,19.138968,19.253958,21.114574,25.332382,21.617325,17.386957,14.874174,11.416984,9.701478,8.60636,8.438187,6.057372,7.9593897,8.174576,10.192537,10.019658,14.536916,15.799463,14.630839,18.659533,19.48851,23.064335,25.64416,28.625933,30.133097,30.489605,34.105526,31.29185,27.161686,25.818098,21.563728,21.689665,15.836812,15.985414,12.136388,8.853173,10.249123,6.137404,5.4978166,8.944222,10.311492,10.412797,12.691181,10.122386,13.212544,17.000593,16.803364,21.027916,21.664024,26.916517,30.228338,30.837257,27.88403,30.54893,25.804785,24.41825,20.534958,22.49933
27,27.55111,23.765984,24.170046,18.132914,18.961443,16.092766,14.712906,20.358515,20.56684,23.165474,26.205198,27.709951,28.728191,27.01934,24.535364,21.042212,20.744728,16.475145,19.223675,14.584188,20.346764,15.732901,11.783575,12.14865,7.6848125,9.034897,3.926221,0.0,4.508697,6.326463,9.457882,12.222689,16.707817,21.525381,22.134546,26.219112,28.287052,29.367966,26.546738,22.3298,18.94988,19.253674,14.801242,17.053482,12.803849,15.345705,13.883085,16.632072,15.615311,16.825953,13.8085,16.159761,12.139197,12.881298,14.793328,13.614979,18.424206,15.244806,15.443854,17.582745,21.79724,18.426155,13.986139,11.872046,7.6686373,6.9236326,5.3039007,6.8999925,6.3831654,9.085741,8.884767,12.234949,10.98332,15.847588,16.296478,14.115028,17.826933,18.069063,21.362823,23.638618,26.359442,27.770397,28.71511,32.20488,29.03535,25.214039,23.934496,19.978106,19.866892,14.558363,14.368411,11.001641,8.649006,9.03709,7.1370845,5.1393366,9.372114,10.001452,11.580454,12.929196,11.237716,13.558057,16.660887,16.449589,20.29474,20.763466,25.783907,28.934938,30.084118,27.28675,30.730284,26.260265,25.090824,21.636854,23.836012
28,23.68889,20.096245,20.757025,14.858109,15.924687,12.8126135,10.732942,16.302244,16.154844,18.89301,21.83886,23.60324,24.584835,23.111252,20.542543,16.831419,16.755508,12.223735,15.429121,11.198691,17.06835,13.36174,9.594338,11.901651,6.444256,11.034607,5.8051825,4.508697,0.0,4.9922776,5.622391,9.776559,13.920349,18.616585,19.476204,23.03137,25.599386,26.716528,23.999514,20.132475,16.110752,16.900188,11.890902,14.5366125,10.448685,13.151291,12.614209,15.246486,15.663497,16.206945,13.469569,15.447399,11.267958,13.0143175,13.525288,14.327904,17.966938,15.5235,15.747374,17.053398,20.537832,16.461246,12.766146,9.438698,7.671421,5.3762875,7.7054434,8.277398,9.36031,10.575449,8.4561,11.2145605,8.413968,13.109973,13.03348,10.26245,14.26332,14.247544,17.94143,20.133049,23.184029,24.495455,24.903292,28.411793,25.493645,21.403399,20.092783,15.890373,16.158125,10.3652315,10.990971,7.793506,5.551045,8.200017,7.934097,8.515574,11.269633,10.7192955,11.715913,11.083289,8.740213,10.250483,13.247589,12.169366,16.32007,16.410244,21.562258,24.769726,25.755772,22.964558,26.367437,21.976027,21.118877,17.838736,20.538628
29,25.31877,21.56404,23.27592,17.165096,19.249798,16.572746,14.138906,19.620876,18.47546,21.373642,23.240576,25.490898,25.772852,23.88447,22.016975,18.330215,19.682573,15.012744,19.169657,15.5238085,21.25835,17.779148,14.061612,16.444717,11.107066,14.67764,9.139189,6.326463,4.9922776,0.0,5.7749624,5.9365745,11.337469,15.329493,16.661942,20.374447,22.68127,24.257349,22.117085,18.44533,14.974072,16.985067,12.2160845,16.316772,13.306847,16.70637,16.825829,19.918003,19.965542,19.872452,16.934586,17.838552,12.977101,13.545654,13.371071,12.631221,15.40272,12.093418,11.493597,12.399043,16.537144,12.648031,8.462287,7.4791627,5.5299582,6.580227,8.400213,11.113598,12.48519,14.637819,12.986829,16.161963,13.133986,17.685263,17.009335,13.189726,16.689632,15.3927965,18.827559,20.058298,22.843855,23.61334,24.691397,27.708326,24.027378,20.459476,18.628607,15.393529,14.173857,9.94253,8.620728,6.1207604,6.073727,5.5394273,8.516767,8.741488,10.640386,8.996335,11.55402,10.095874,9.863824,10.430895,12.146509,12.436957,15.287445,16.28565,20.778725,23.808935,25.292658,22.595469,26.792795,22.735764,21.625359,18.98201,21.271215
30,22.615452,19.471943,21.062422,15.687421,17.373823,14.178446,10.771196,15.149422,13.535167,15.919377,17.678045,19.73238,20.091377,18.302824,16.262684,12.597844,14.200365,9.744601,14.466005,12.1970005,17.724432,15.979069,12.931056,16.496817,11.0745125,16.542406,11.426843,9.457882,5.622391,5.7749624,0.0,6.550356,8.73181,13.832122,14.232618,17.646482,20.284407,21.35232,18.792639,15.334056,10.961825,12.835656,7.5595555,11.696226,9.279326,12.663518,13.955375,17.007063,18.203701,17.16306,14.720036,15.051,10.575454,12.429421,10.809033,13.29752,14.969184,13.580492,13.958136,14.391423,16.572744,12.105382,9.678846,5.0361533,7.345032,5.4112763,10.430105,11.340139,14.143314,14.868687,11.760168,14.452318,10.223097,13.970868,12.417348,7.9062223,11.180122,9.712192,13.427997,14.949571,18.070364,19.091953,19.572323,22.92424,19.875187,15.846067,14.626724,10.527099,11.129051,5.773341,7.4963694,6.5304823,7.0776396,9.84694,12.377054,13.373374,15.459911,13.784569,15.228467,12.351622,10.809487,10.18136,11.489369,9.11856,12.730545,11.839833,16.69104,19.692694,21.213505,18.719915,23.022776,19.262228,19.14594,16.843777,20.169024
31,24.105488,20.700731,23.54813,17.964563,20.869883,18.50896,15.395485,19.961874,17.541225,20.418253,20.888853,23.782701,23.27127,21.28503,20.19622,16.613262,19.573076,15.093116,20.115976,17.792194,22.994541,20.817064,17.641216,21.12792,15.697954,20.25944,14.759863,12.222689,9.776559,5.9365745,6.550356,0.0,7.0802493,9.437062,11.83463,14.81534,17.506712,19.63572,18.379276,15.656806,12.277503,16.073921,11.661158,16.937101,15.433007,19.045656,20.340214,23.471464,24.294361,23.285198,20.62114,20.44051,15.557164,16.074318,14.026857,14.264637,14.411408,11.833439,10.591911,9.419454,12.572091,7.888162,5.4328766,6.3043776,8.6089115,10.084489,13.403597,16.028288,18.19868,19.951897,17.571442,20.429516,16.514174,20.33223,18.788113,14.064678,16.807913,14.0663185,17.282488,17.234802,19.966496,19.965124,21.077856,23.47439,19.339481,16.16831,13.719142,11.670169,8.966736,7.240169,4.360083,5.4360595,8.435898,7.8869534,13.092318,14.280363,14.937413,12.179519,14.6950865,10.889959,11.874353,10.356303,9.752954,10.253808,11.344615,12.718954,16.236704,18.999022,20.902725,18.460981,23.46689,20.120691,19.313366,17.831964,20.217234
32,26.507948,23.94879,26.803335,22.09952,24.531145,21.70415,17.875408,20.648556,17.407187,18.84271,17.872986,20.172901,18.938633,16.184916,16.132303,13.676397,17.99422,14.845574,20.265453,19.853598,24.661545,24.176476,21.466814,25.228539,19.79468,24.902029,19.54512,16.707817,13.920349,11.337469,8.73181,7.0802493,0.0,7.3230104,5.5564146,9.947226,11.698207,13.029178,11.338402,8.954915,5.894915,10.874708,8.161593,13.699556,14.426007,18.021852,20.605259,24.119448,25.128185,22.648264,20.449976,18.665747,14.404323,14.789783,10.880109,13.267363,10.802579,11.021396,11.212056,9.921399,9.16659,4.7998133,6.5149503,5.241067,10.71358,11.611259,15.947541,17.934418,21.561314,22.617067,19.61997,22.666534,18.212315,21.15938,18.57588,13.494964,14.344642,10.58029,12.3458,11.2446165,13.379025,13.184395,15.198086,17.480698,13.182784,10.609719,9.376147,8.172667,7.363643,8.39116,8.657724,11.378569,14.147599,14.827445,19.435661,20.027885,21.59519,19.119278,21.521149,17.483332,17.691736,15.650536,14.368735,12.49469,12.980811,11.556261,13.892733,15.795361,18.891064,17.35668,23.319035,21.093075,21.660473,21.078577,24.290993
33,25.498018,23.172733,27.153477,22.985111,26.33581,24.41073,20.870996,23.449215,19.604631,21.696287,19.650724,23.090847,21.181156,19.13114,19.720284,17.181799,22.100271,18.853245,24.178347,23.845945,27.973707,27.609644,25.194628,29.473463,24.144476,29.411972,23.986324,21.525381,18.616585,15.329493,13.832122,9.437062,7.3230104,0.0,6.730691,6.255862,9.853775,13.126001,14.117222,14.050741,12.051787,17.57045,15.07488,20.468224,21.08241,24.473068,26.9914,30.061958,31.609173,29.516294,27.335152,25.877943,21.574547,21.971611,18.184422,19.676163,16.479551,15.95776,14.666465,11.2460575,10.192581,6.418132,10.013886,11.869194,16.529688,17.8825,21.91324,24.276043,27.199991,28.524843,25.553867,28.08822,23.57458,26.281347,23.824982,18.820719,19.896189,15.746171,17.621037,15.253268,17.238544,15.65223,16.848186,17.604086,12.775233,11.332756,8.040731,10.126045,5.4164467,10.826542,8.977261,13.004866,16.663328,16.49502,22.10641,23.665848,23.775034,20.584196,22.79531,17.721413,19.262928,16.266745,13.183595,13.159486,10.732323,11.573609,11.555836,12.932962,15.964977,14.683334,20.892605,19.50651,19.674616,20.342964,22.711922
34,29.520832,27.437597,30.741259,26.568012,29.183239,26.533617,22.611753,24.52807,20.755688,21.576273,19.181559,21.410053,19.283024,16.243458,17.50108,16.09356,21.252337,18.943836,24.297575,24.729458,29.082998,29.270609,26.787344,30.70902,25.306313,30.446398,25.078447,22.134546,19.476204,16.661942,14.232618,11.83463,5.5564146,6.730691,0.0,5.977201,6.1850185,7.8069744,7.6285934,7.6334357,7.309741,12.638486,12.051744,16.939703,18.873583,22.234928,25.28426,28.818672,29.898397,26.855255,24.915003,22.362572,18.636724,18.586138,14.146067,16.451332,11.870447,13.4166565,13.532404,11.325518,7.488494,5.628695,10.078907,10.5263815,15.6286,16.878939,20.954224,23.023708,26.884392,27.90813,24.867449,27.886911,23.344854,25.840742,22.910757,17.951399,17.786634,13.6060705,13.936794,11.162846,12.048129,10.631979,13.635209,14.689954,9.665144,9.191051,8.462812,10.11908,9.000372,12.84338,12.864771,16.297167,19.40213,19.715343,24.725018,25.286932,26.63054,23.941814,26.484896,22.077711,22.727898,20.25335,18.121407,16.409323,15.477081,13.7722225,13.970022,14.665638,18.60398,17.952805,24.407003,23.271177,24.28853,24.611706,27.720005
