,0,1,2,3,4,5,6,7,8,9,10,11,12,13,14,15,16,17,18,19,20,21,22,23,24,25,26,27,28,29,30,31,32,33,34,35,36,37,38,39,40,41,42,43,44,45,46,47,48,49,50,51,52,53,54,55,56,57,58,59,60,61,62,63,64,65,66,67,68,69,70,71,72,73,74,75,76,77,78,79,80,81,82,83,84,85,86,87,88,89,90,91,92,93,94,95,96,97,98,99,100,101,102,103,104,105,106,107,108,109,110,111,112,113,114,115,116,117
0,0.0,4.520297,5.9567327,8.856035,12.28407,13.802521,17.61914,20.356321,23.64903,26.719881,31.699245,33.263992,35.80839,36.900597,33.266853,29.670887,26.34103,23.6208,21.478647,16.926287,16.562126,11.734596,11.014505,13.824611,15.769458,17.93162,19.562428,23.108639,22.100487,25.104921,25.584906,28.187874,32.84578,34.781666,37.73302,39.115147,43.429573,44.526802,43.653896,40.64916,35.70434,36.35848,31.684694,31.53402,27.743713,27.00102,24.838015,22.300074,25.303144,28.824509,28.190943,32.115334,30.501417,33.831497,33.853798,36.11719,39.446243,36.81849,37.107327,37.12617,40.974335,36.10158,33.27047,32.126587,29.676315,26.986887,28.085161,26.50042,23.896349,23.132816,22.52574,18.858028,20.188826,19.972233,22.713926,24.37116,27.963177,29.443094,33.572468,35.393177,39.161743,39.758724,35.43466,37.91808,38.201862,33.797928,31.349072,28.712654,27.190447,22.065916,22.444279,18.702957,19.845358,15.541578,18.784819,21.9727,19.682606,23.707014,23.303019,26.632269,27.268715,30.66287,33.99835,30.442905,26.522306,30.681442,32.617405,34.696346,30.629429,28.763927,27.294949,23.233664,22.110424,16.577204,17.503325,14.368515,12.83068,14.273997
1,4.520297,0.0,4.932265,5.3451886,8.816249,11.4444895,14.373421,18.127712,20.889652,24.363413,29.117388,30.992432,33.270336,34.03648,30.53717,26.688728,23.952406,20.614702,19.355822,14.348485,15.280576,9.594675,9.181394,11.918897,12.426987,15.27502,15.963949,19.267244,18.221039,20.848545,21.670832,23.843685,28.89851,30.59097,33.712498,35.150455,39.407803,40.693066,39.939754,36.94912,32.031036,33.06546,28.169128,28.640366,24.773895,24.580534,22.650795,20.80567,23.67452,26.870045,25.845266,29.522942,27.365301,30.534594,30.359068,32.33832,35.49528,32.66992,32.783646,32.7231,36.715244,31.854523,28.950466,28.123611,25.658056,23.27765,24.456297,23.323183,20.862577,20.616564,19.925259,16.85282,17.469103,18.081963,20.473467,21.33387,25.198181,26.231014,30.49305,32.082893,35.87371,36.30954,32.194122,34.706757,34.577614,30.143095,27.476707,24.997631,23.0397,18.042538,18.084908,14.352488,15.61319,11.415641,14.269031,17.481232,15.353715,19.48369,19.31232,22.79079,23.70197,27.133474,30.666702,27.44832,23.8038,27.995247,30.340927,32.740257,28.839329,27.000254,25.71468,21.441229,19.730566,15.050221,14.389569,11.523413,8.9712105,10.7250185
2,5.9567327,4.932265,0.0,5.92491,7.2713375,8.416642,12.1533785,14.836023,18.303648,21.146173,26.284979,27.599894,30.210056,31.19654,27.497282,23.992327,20.485168,17.86387,15.607567,11.010497,10.962239,5.8018775,5.926877,9.914453,11.265149,14.998013,15.742281,19.146484,17.395985,20.907173,20.477486,23.887705,27.761314,30.399221,32.725872,34.405033,38.525505,39.344997,38.208073,35.1491,30.204758,30.610735,26.100948,25.708422,22.062914,21.243729,19.388721,16.974327,20.481117,23.480984,22.924587,26.587843,25.095463,28.586807,28.39202,31.254507,34.387577,32.22092,32.913944,32.957626,36.297916,31.458271,28.848469,27.06416,25.078054,21.960905,23.711555,21.77627,20.024607,18.971706,17.639397,13.885969,14.657499,14.184839,16.790709,18.549507,22.042013,23.688538,27.7436,29.749784,33.51333,34.3042,30.048534,32.80027,33.19721,28.70831,26.597855,23.574482,22.812243,17.229116,18.318777,14.92484,16.756315,13.64526,16.099537,19.074043,16.068085,20.769772,19.34836,22.883532,22.622025,26.883059,29.81789,26.975824,22.555628,26.093416,28.567139,30.693972,26.597437,24.36826,22.585207,18.646025,17.542364,12.596157,13.026778,11.301046,9.868674,13.076098
3,8.856035,5.3451886,5.92491,0.0,4.8387794,7.2762575,10.028841,13.725078,16.004938,19.795198,24.234505,26.50988,28.558342,29.419203,26.076195,22.129786,19.899574,16.421625,15.670038,11.261429,12.25066,7.706612,9.389364,12.983382,11.628663,16.4817,15.416719,18.082363,15.959301,18.272495,18.275322,20.222862,24.540373,26.116629,29.35543,30.37103,34.847866,36.064445,35.583817,32.956524,28.008018,29.455713,24.61709,25.538082,22.090294,22.210842,21.138216,19.75679,23.279877,25.518646,24.4848,27.48468,25.07986,28.31695,27.359938,29.985943,32.352406,29.844145,29.981003,29.424696,32.927567,27.90105,25.569946,24.61384,23.208023,20.808249,23.067997,22.101238,20.763655,20.658106,19.102955,16.402267,15.593959,16.071217,17.67879,17.874388,21.593496,22.124971,26.4064,27.593039,31.326885,31.56767,27.271317,29.570023,29.57954,25.252348,22.629515,20.283705,18.542643,13.890088,14.778521,11.99573,14.5078535,11.633432,12.051254,14.332607,11.292396,15.331134,14.471082,17.813572,18.554207,21.956347,25.374495,22.205677,18.487005,22.709637,25.112417,27.623901,23.828661,22.073683,21.03492,16.634115,14.59885,10.538602,9.115961,6.370296,4.15233,7.240979
4,12.28407,8.816249,7.2713375,4.8387794,0.0,4.402764,5.565212,10.1806345,12.444325,16.028255,20.65661,22.595053,24.697119,25.2684,21.830072,17.900614,15.580234,11.886313,11.47736,6.7018237,9.250274,4.789474,7.382523,10.805779,8.346178,14.377306,12.424957,14.796301,11.969835,14.881975,13.970116,16.978111,20.648443,23.14047,25.583338,27.170984,31.31717,32.27538,31.395617,28.55264,23.586966,24.729015,19.958958,20.700022,17.288658,17.49418,16.712723,15.77386,19.39719,21.11492,20.045593,22.784796,20.412155,23.742615,22.701246,25.753576,28.10365,25.992813,26.578325,26.217178,29.30644,24.369093,22.0885,20.433867,19.2864,16.462936,19.247906,17.996029,17.469484,17.191416,15.075077,12.72372,11.1038685,11.808805,13.076709,13.054359,16.847984,17.531057,21.808058,23.289454,27.073647,27.577295,23.48505,26.231531,26.191513,21.671114,19.388409,16.485338,15.566447,10.069827,11.704932,9.331774,12.4277115,11.188111,10.970329,13.057758,9.3978405,14.406056,12.358613,16.079044,15.681635,20.310425,23.274588,21.172365,17.00867,20.325043,23.49995,26.078506,22.338125,20.161211,18.748001,14.624781,12.510411,9.949861,6.975034,7.3354697,5.311741,9.895715
5,13.802521,11.4444895,8.416642,7.2762575,4.402764,0.0,5.141474,6.6958027,9.925145,12.999881,17.93888,19.644087,22.033484,23.181742,19.61317,16.057137,13.020111,10.456316,8.636892,5.7954063,5.570899,5.089805,8.93957,13.02203,11.398896,17.597479,15.772468,17.94057,14.481332,17.651224,15.341166,18.965855,20.928566,23.921782,25.877409,27.12354,31.381737,31.88198,30.953463,28.409056,23.459278,24.244663,20.04272,20.068142,17.307428,16.881695,16.70166,15.241515,19.75307,20.870794,20.397434,22.756603,21.070086,24.669117,23.215048,27.336424,29.196714,27.813688,28.767681,28.176437,30.446398,25.5042,23.92541,21.528503,21.432138,18.131191,21.67438,19.869759,20.16563,19.273848,16.510777,13.69665,11.81081,10.767853,11.6608925,12.471948,15.481798,16.536846,20.525242,22.089304,25.75999,26.429625,21.892933,24.523537,25.318161,20.971806,19.31911,16.168798,16.624918,11.494148,14.44136,13.001965,16.38214,15.564422,14.880012,16.252169,12.04205,16.469519,13.318186,16.485704,14.992451,19.843555,22.125183,19.93354,15.009809,17.894308,20.781942,23.006216,19.036436,16.614883,14.873973,10.895664,9.542224,6.441626,5.865085,7.245155,7.925446,12.197806
6,17.61914,14.373421,12.1533785,10.028841,5.565212,5.141474,0.0,6.1649265,7.4724393,10.982412,15.442185,17.359575,19.310148,19.718805,16.316998,12.341906,10.471865,6.4199743,7.325589,4.5458794,8.121841,7.4954944,10.611569,13.365659,9.858465,16.481583,13.22251,14.4439945,10.409249,13.221201,10.321307,14.170416,15.977375,19.339447,20.962036,22.684385,26.663969,27.25851,26.22495,23.536392,18.562971,19.719193,15.221642,16.112984,13.390917,13.929615,14.411283,14.35542,18.287409,18.600647,17.62613,19.341848,16.96708,20.341002,18.498806,22.568907,24.127739,22.793135,23.82657,23.231901,25.365187,20.482447,18.924274,16.400953,16.69956,13.576234,17.677584,16.34539,17.492699,17.139893,14.107026,12.7039795,9.312713,9.792202,9.47937,8.351736,11.821897,12.138298,16.384487,17.79893,21.570633,22.187546,18.097523,21.097836,21.23133,16.67061,14.953011,11.542987,12.16805,6.6625957,10.209481,9.89585,13.61462,14.427406,12.489113,13.229022,9.047026,13.733252,10.008252,13.471199,11.442482,17.19298,19.392723,18.461409,13.994552,16.110254,19.98192,22.591228,19.119291,16.68772,15.16534,11.599858,9.382096,9.746088,5.4216175,9.219588,8.8299265,13.119323
7,20.356321,18.127712,14.836023,13.725078,10.1806345,6.6958027,6.1649265,0.0,4.506923,6.3672676,11.553216,12.985923,15.479989,16.960583,13.374619,10.319994,7.0801687,6.2924805,4.219164,7.041282,5.929558,10.311225,13.947552,17.282795,15.053252,21.476404,18.74363,19.903555,15.641747,18.532904,14.320659,18.506237,17.66551,21.578535,22.35798,23.454937,27.470028,27.302961,26.213213,24.108603,19.392796,19.892574,16.654982,16.282343,14.91984,14.405966,15.839702,15.08913,19.9582,19.36311,19.331026,20.353577,19.18039,22.750187,20.392796,25.830303,26.62492,26.390015,27.875853,26.99097,27.879053,23.204702,22.735407,19.33863,21.041142,17.530645,22.223763,20.234585,22.180355,21.080873,17.508986,15.570185,12.393275,10.374787,9.201678,9.585503,10.966474,11.899023,15.273002,16.757282,20.187572,21.087692,16.33366,19.073181,20.672663,16.63337,16.151495,12.664511,15.418042,11.423024,15.731129,16.023453,19.722721,20.430914,18.486391,18.697462,14.319768,17.917654,13.332167,15.574065,11.98229,17.643265,18.554073,17.667381,12.229836,13.107043,16.535124,18.490953,14.756484,11.810812,9.566099,6.75992,6.366965,7.757414,7.353765,11.348738,13.1153555,17.00467
8,23.64903,20.889652,18.303648,16.004938,12.444325,9.925145,7.4724393,4.506923,0.0,4.6193037,8.258567,10.989034,12.603917,13.817009,10.730484,7.182784,6.7890916,5.4229407,7.0425076,9.969433,10.404008,13.806218,17.328495,20.245037,16.970089,23.489433,19.827497,20.164213,15.697891,17.50069,12.939237,16.106829,14.078643,17.689821,18.535488,19.133362,23.309958,23.199142,22.555258,20.958292,16.368423,17.789892,14.692536,15.587957,14.948064,15.409001,17.62497,17.898478,22.273052,20.942337,20.569704,20.69633,18.926859,22.068682,18.88507,24.385439,24.189245,24.159275,25.46723,24.082413,24.451279,19.79995,20.071535,16.90479,19.779394,16.910633,22.08693,20.800655,23.33019,22.796116,19.200066,18.247187,14.289442,13.331172,11.211435,9.543194,10.371889,9.607747,12.869746,13.33585,16.686954,17.141016,12.225899,14.777939,16.249868,12.323271,12.020178,8.863167,12.287933,9.984336,14.5968485,16.143845,20.010962,21.50894,18.305613,17.513065,13.369255,15.914233,10.877536,12.342527,7.9181175,13.815069,14.326863,14.335922,9.344533,9.389939,13.594276,15.962123,12.857994,10.279204,9.000088,6.798695,5.2898846,10.030695,7.657546,12.410625,14.231352,17.54492
9,26.719881,24.363413,21.146173,19.795198,16.028255,12.999881,10.982412,6.3672676,4.6193037,0.0,5.58583,6.7398076,9.127385,10.936114,7.533271,5.6688337,4.169978,6.691922,6.933007,11.962058,11.436049,16.273401,19.610535,22.30176,19.597013,25.824747,22.438972,22.667812,18.195251,20.378511,15.090382,19.065136,15.361985,19.912094,19.327099,20.202782,23.731857,22.839594,21.642786,20.193327,16.05634,16.391258,14.594736,14.166568,14.658864,14.453817,17.331774,17.577581,22.040764,19.886778,20.104303,19.57137,18.793152,21.929934,18.664133,25.010433,24.539022,25.45685,27.32858,26.153862,25.583286,21.45731,22.194382,18.152819,21.576765,18.359707,23.681917,21.869987,25.046215,24.024517,20.157955,19.277569,15.4584875,13.543132,10.797778,10.024337,8.909313,8.966976,10.914942,11.938196,14.861816,15.969999,11.186726,14.020987,16.463799,13.122007,14.177292,10.897608,15.681023,13.578591,18.190384,19.78345,23.441605,25.214792,22.408915,21.725811,17.715542,20.29028,15.183248,16.256107,11.135079,16.843393,16.131407,17.074614,12.174864,10.141131,14.150649,15.74318,12.944292,9.932269,7.807112,8.005029,8.481461,12.868766,12.032868,16.584167,18.516197,22.0182
10,31.699245,29.117388,26.284979,24.234505,20.65661,17.93888,15.442185,11.553216,8.258567,5.58583,0.0,4.8282714,4.793603,7.2066855,5.7001557,5.8180957,8.535345,10.710176,12.415152,17.145012,16.949234,21.541243,24.896769,27.424103,24.181606,30.375166,26.424555,25.999468,21.558098,22.7152,17.376675,20.043407,14.3855715,18.33824,17.215124,17.055191,20.404861,19.075424,18.493282,18.257866,14.992824,16.098148,15.460993,16.029005,17.662268,18.127186,21.574501,22.464914,26.493082,23.640528,23.74331,22.200457,21.232328,23.7173,19.656786,26.048187,24.181723,25.737505,27.486414,25.742542,24.017324,20.401197,22.3675,18.624008,23.38104,20.932037,26.46557,25.24422,28.92013,28.277815,24.454826,24.231792,20.083666,18.716808,15.605049,13.752719,11.770792,10.131009,10.425607,9.5609255,11.455733,12.0182,7.030067,9.025522,12.497891,10.485393,12.7714205,10.802553,16.17869,16.225128,20.651205,23.17456,26.83288,29.123905,25.423222,23.883228,20.31278,21.601599,16.56825,16.339876,10.904932,15.336676,13.134195,15.606831,12.021854,7.6417003,11.705913,13.072362,11.753208,9.662704,9.070965,10.80074,11.161762,16.872847,15.607628,20.141243,22.306013,25.202028
11,33.263992,30.992432,27.599894,26.50988,22.595053,19.644087,17.359575,12.985923,10.989034,6.7398076,4.8282714,0.0,3.655907,6.3832145,4.337793,7.1162767,7.869386,11.844505,12.42488,17.86506,17.330082,22.505667,25.555096,27.762571,25.132662,30.932646,27.424154,27.090662,22.76575,24.584778,18.860619,22.68097,16.749573,21.734625,19.381584,20.21917,22.635313,20.671173,19.047157,18.402773,15.580709,15.006427,15.526472,14.390446,16.772253,16.49153,20.197742,21.006191,24.888182,21.491364,22.142801,20.218122,20.330154,22.846779,19.183722,26.108294,24.58225,26.814608,29.1552,27.969595,25.877197,22.747557,24.480806,19.919487,24.426987,21.497799,26.870325,25.038187,29.068577,27.925253,23.997631,23.789661,19.994232,17.987314,14.710823,13.87389,10.701196,10.477951,9.482863,10.136488,11.537166,13.275161,9.6051445,12.181526,15.622301,13.781763,16.473225,13.893692,19.655008,18.769407,23.1648,25.333096,28.75095,31.153452,28.149935,27.095034,23.478626,25.4927,20.399035,20.694674,15.147501,20.081638,17.837646,20.396023,16.503244,12.295818,15.795559,16.46929,15.076267,12.590845,10.953687,13.379569,14.471414,19.237213,18.614487,23.202763,25.141474,28.52719
12,35.80839,33.270336,30.210056,28.558342,24.697119,22.033484,19.310148,15.479989,12.603917,9.127385,4.793603,3.655907,0.0,3.97608,4.5869956,7.8162084,10.642165,13.723566,15.339246,20.413406,20.358345,25.14657,28.241562,30.354555,27.241688,33.065495,29.129446,28.38074,24.101997,25.226353,19.62471,22.538815,15.704577,20.18739,17.538801,17.79938,19.978928,17.783167,16.600256,16.796177,14.607604,14.798765,15.813404,15.718577,18.464949,18.822172,22.703661,23.96917,27.545723,23.929855,24.301352,21.905405,21.588663,23.641321,19.50143,26.19459,23.792332,26.287247,28.460596,26.923784,24.201153,21.431593,23.850586,19.642315,24.851103,22.497852,27.940365,26.610817,30.838823,30.056856,26.214725,26.44074,22.359173,20.91919,17.505014,15.792101,12.67606,11.247938,9.547578,8.660413,9.145318,10.445728,7.1728697,9.151831,12.920655,12.033972,15.299161,13.553015,19.356714,19.650167,23.863018,26.572817,29.980028,32.708595,29.131748,27.576689,24.275785,25.57698,20.632263,20.299604,14.822758,18.996077,16.103466,19.567036,16.58321,11.644136,15.101361,15.79576,15.3133,13.470409,12.734407,15.218929,15.898012,21.36681,20.15294,24.797102,26.736305,29.785156
13,36.900597,34.03648,31.19654,29.419203,25.2684,23.181742,19.718805,16.960583,13.817009,10.936114,7.2066855,6.3832145,3.97608,0.0,3.9607484,7.388783,11.387965,13.697509,16.325867,20.837633,21.83847,25.871458,28.667423,30.253584,26.774218,32.24616,28.023748,26.796532,22.756018,23.466455,17.92744,20.646713,13.199832,18.136515,14.480955,15.568707,16.973637,14.589877,12.833153,12.900135,11.1625185,11.423783,13.090636,13.610947,16.793169,17.772346,21.82583,23.795485,26.726486,22.791977,22.846169,19.913393,19.30247,20.857616,16.49076,23.012642,20.189598,23.05605,25.38777,24.003479,20.859632,18.563524,21.15981,16.837343,22.381615,20.439508,25.750837,24.765615,29.309734,28.810562,25.129438,26.056034,21.794247,21.097921,17.497126,14.999854,11.728515,9.577703,6.8347783,5.318733,5.304827,7.2653832,5.6494155,8.675431,11.123912,10.329612,13.965878,12.339065,18.209488,18.910206,22.712507,25.753834,28.868238,32.130875,28.43982,26.764221,23.919577,25.176899,20.4608,20.22041,14.844589,19.285109,16.565998,20.828802,18.33849,13.677381,17.706223,18.847132,18.485014,16.709227,16.015644,17.812126,17.841415,23.407068,21.170624,26.022793,27.378342,30.46941
14,33.266853,30.53717,27.497282,26.076195,21.830072,19.61317,16.316998,13.374619,10.730484,7.533271,5.7001557,4.337793,4.5869956,3.9607484,0.0,4.356578,7.4424543,10.175193,12.416287,17.07371,17.99237,22.110577,24.888237,26.56528,23.355436,28.919483,24.977678,24.14032,19.958162,21.330742,15.582326,19.261536,12.905139,18.411776,15.456774,17.096834,19.13409,17.30705,15.305888,14.221787,11.249604,10.96177,11.500554,11.245856,13.901734,14.494171,18.428278,20.0923,23.351067,19.727633,19.877323,17.524975,17.022266,19.19772,15.202075,22.02158,20.258781,22.581976,24.999989,23.92781,21.737036,18.770967,20.519917,15.835017,20.65861,18.086422,23.4749,22.058268,26.381815,25.628044,21.830679,22.396286,18.228512,17.233099,13.667173,11.562316,8.266143,6.89164,5.3363113,6.008696,8.037365,10.076657,7.050909,10.792064,13.000614,10.750714,13.609912,10.906565,16.861923,16.348534,20.41287,22.984623,26.172628,29.143892,25.90902,24.690483,21.506798,23.485327,18.567408,19.00468,13.460611,18.881193,16.93974,20.27432,16.87357,12.951436,17.317451,18.669542,17.40606,15.075867,13.745424,15.095019,15.183473,20.251472,18.201887,23.082811,24.354752,27.759174
15,29.670887,26.688728,23.992327,22.129786,17.900614,16.057137,12.341906,10.319994,7.182784,5.6688337,5.8180957,7.1162767,7.8162084,7.388783,4.356578,0.0,5.716249,6.4289966,9.896875,13.734004,15.367691,18.708183,21.567776,23.361202,19.742481,25.579397,21.411629,20.670414,16.335705,17.61671,11.992578,15.588168,10.371438,15.74684,14.034472,15.734046,18.63109,17.69571,16.17968,14.55997,10.448458,11.390473,9.827217,10.833536,12.143318,13.263135,16.760937,18.409029,21.829262,18.944727,18.59379,17.04094,15.55367,18.048344,14.0872345,20.439367,19.212275,20.553286,22.590002,21.413141,20.24318,16.490835,17.675797,13.352746,17.781185,15.204825,20.732283,19.590036,23.485523,23.034054,19.30526,19.774473,15.343993,14.937619,11.562224,8.569195,6.754452,4.343713,5.9854965,6.5052752,9.8775215,11.087406,7.1293855,11.093429,12.343521,8.772597,10.549051,7.1611943,12.937118,12.073774,16.269356,18.841415,22.180609,25.035913,21.625225,20.416382,17.154623,19.302786,14.369707,15.2104,9.768426,15.894203,14.924373,17.65272,14.042515,11.296843,16.183264,18.208536,16.389963,14.004764,12.78661,12.825279,12.074568,17.13249,14.228853,19.173464,20.191216,23.557293
16,26.34103,23.952406,20.485168,19.899574,15.580234,13.020111,10.471865,7.0801687,6.7890916,4.169978,8.535345,7.869386,10.642165,11.387965,7.4424543,5.716249,0.0,5.040641,5.03011,10.165106,10.720627,15.051448,17.849813,19.896591,17.420229,23.20676,20.044611,20.253807,15.943435,18.74098,13.218176,18.391375,15.088591,20.585995,19.220499,21.300251,24.198524,23.230198,21.207674,18.915733,14.674945,13.9350815,12.107539,10.543843,10.913521,10.342833,13.382632,13.935451,18.139868,15.741177,16.046644,15.546104,15.165189,18.483479,15.727535,22.226707,22.476562,23.529007,25.827496,25.281258,24.89147,20.992239,21.123936,16.46202,19.262094,15.5846615,20.722704,18.466402,21.905811,20.613354,16.67214,16.087786,12.303799,10.365269,7.162884,6.869174,5.1993628,6.9681726,9.084472,11.577057,14.758159,16.52223,12.628202,16.285784,18.010828,14.290125,15.322675,11.372724,16.187483,13.020659,17.346075,18.604166,21.88916,23.97465,21.855482,21.699112,17.902336,21.294992,16.36796,18.158163,13.160325,19.570257,19.198408,20.50607,15.713896,13.999552,18.26006,19.888315,17.088999,14.007166,11.544918,11.329226,11.484952,14.724058,13.317054,17.938656,19.00773,22.996038
17,23.6208,20.614702,17.86387,16.421625,11.886313,10.456316,6.4199743,6.2924805,5.4229407,6.691922,10.710176,11.844505,13.723566,13.697509,10.175193,6.4289966,5.040641,0.0,5.342847,7.4147124,10.292315,12.442058,15.178428,17.06117,13.572136,19.667234,15.900289,15.978924,11.5159645,14.05342,8.876437,13.901625,12.401261,17.425163,17.15232,19.440008,22.742237,22.59413,20.967003,18.306606,13.47612,14.020892,10.386488,10.818218,9.577459,10.3405905,12.620614,13.686409,17.47053,15.945459,15.296653,15.478072,13.588943,16.887278,14.180637,19.71549,20.37415,20.388285,22.218285,21.636934,22.275782,17.87927,17.31493,13.307453,15.457669,12.027103,17.20999,15.600975,18.576485,17.955555,14.259138,14.04592,9.668657,9.565718,6.9283624,4.124455,5.935554,6.101896,10.106985,11.967317,15.698625,16.841223,13.04519,16.717838,17.202215,12.765767,12.526065,8.325807,11.957572,8.021441,12.336405,13.692374,17.0952,19.354063,16.877144,16.720203,13.04029,16.746729,12.085028,14.533087,10.300645,17.057333,17.795458,18.757486,14.338695,14.043341,18.676794,21.019192,18.118073,15.38336,13.568745,11.719553,10.341714,13.405951,9.980687,14.741919,15.017713,18.975588
18,21.478647,19.355822,15.607567,15.670038,11.47736,8.636892,7.325589,4.219164,7.0425076,6.933007,12.415152,12.42488,15.339246,16.325867,12.416287,9.896875,5.03011,5.342847,0.0,5.841121,5.861495,10.24868,13.181517,15.753245,13.956201,19.897987,17.464577,18.582891,14.446744,18.038576,13.385122,18.819794,17.694275,22.633127,22.348492,24.415918,27.762627,27.292797,25.444824,22.786325,18.171762,17.599709,14.685204,13.079502,11.6817665,10.507094,12.040877,11.353198,16.228632,15.30458,15.549598,16.601805,16.073624,19.808945,17.942764,23.661383,24.981367,25.129131,27.134699,26.821117,27.533495,23.209267,22.431917,18.288795,19.612148,15.582763,20.135653,17.537994,19.905792,18.344751,14.553643,12.777324,9.642522,6.9150176,5.226698,7.029577,8.028243,10.374034,13.478391,15.999144,19.442778,20.956944,16.81424,20.228891,21.649942,17.499346,17.477522,13.440129,16.80047,12.133572,16.205412,16.28658,19.556335,20.727617,19.51845,20.16642,16.095015,20.297636,15.769019,18.339167,14.330905,20.645649,21.272482,21.24717,15.990941,15.976529,19.799639,21.570791,18.054285,14.891373,12.174488,10.467588,10.454885,11.476911,10.719011,14.688926,15.535713,19.836718
19,16.926287,14.348485,11.010497,11.261429,6.7018237,5.7954063,4.5458794,7.041282,9.969433,11.962058,17.145012,17.86506,20.413406,20.837633,17.07371,13.734004,10.165106,7.4147124,5.841121,0.0,5.8901625,5.268096,7.8712306,10.430182,8.3961,14.558876,12.457415,14.334995,10.69779,14.82943,11.749814,17.031965,18.573042,22.850899,23.522816,25.959034,29.43524,29.6585,27.928661,24.75564,19.88484,19.799948,15.684282,14.956938,11.832081,11.249364,10.966229,10.087834,14.392996,15.180815,14.616804,17.038282,15.58527,19.312809,18.33618,22.626595,25.030674,24.026485,25.598618,25.66071,27.687773,23.132843,21.212055,17.927717,17.436699,13.51017,17.093678,14.689254,15.719373,14.45091,11.210537,8.891553,6.2347226,5.530306,6.418731,7.6888742,11.037037,12.944202,16.841406,19.262972,22.998901,24.21847,20.382336,23.820152,24.241417,19.666971,18.509449,14.628186,15.999956,9.99884,12.94923,11.67448,14.637535,15.198799,15.000437,16.620493,12.848797,17.96595,14.45643,17.94807,15.432664,21.520504,23.326168,22.623768,17.772306,19.269936,23.10331,25.341192,21.657724,18.820501,16.566666,13.546348,12.368031,11.507818,9.354302,12.306714,11.625611,16.224485
20,16.562126,15.280576,10.962239,12.25066,9.250274,5.570899,8.121841,5.929558,10.404008,11.436049,16.949234,17.330082,20.358345,21.83847,17.99237,15.367691,10.720627,10.292315,5.861495,5.8901625,0.0,6.780428,10.026263,13.77025,13.484176,19.176956,17.994488,20.168863,16.575829,20.514883,17.077188,22.025867,22.457973,26.600422,27.30928,28.975452,32.78237,32.622395,31.071186,28.406927,23.657206,23.270594,19.945892,18.36534,16.1606,14.5533905,14.565641,12.266417,17.471823,18.15341,18.51595,20.75992,20.312119,24.169807,22.942377,27.966375,29.928589,29.402866,31.03855,30.764778,32.263325,27.640257,26.349169,22.867088,23.129374,19.126469,22.860455,20.113615,21.087353,19.268658,16.043278,12.728706,11.314552,8.037062,9.015991,11.825694,13.697033,16.003162,19.32287,21.65448,25.129005,26.411634,21.925282,24.887335,26.413687,22.217525,21.527855,17.82318,19.88401,14.638688,18.113049,16.90208,20.017578,19.67609,19.587465,21.003729,16.792421,21.295864,17.45911,20.33522,17.487553,23.002314,24.320162,22.819294,17.331984,18.792736,21.675743,23.29435,19.23014,16.246382,13.544951,10.846717,11.143921,8.641627,10.266218,12.402022,13.481601,17.73572
21,11.734596,9.594675,5.8018775,7.706612,4.789474,5.089805,7.4954944,10.311225,13.806218,16.273401,21.541243,22.505667,25.14657,25.871458,22.110577,18.708183,15.051448,12.442058,10.24868,5.268096,6.780428,0.0,3.8973553,8.1348915,8.02799,13.407316,12.873156,15.807041,13.192475,17.23977,15.667592,20.084673,22.989452,26.47915,27.980017,30.104017,33.89094,34.411636,32.928726,29.754642,24.845934,24.932693,20.607206,19.948301,16.445917,15.6176605,14.2110815,12.225651,16.21483,18.424225,17.885218,21.161875,19.758942,23.392664,22.972176,26.456715,29.382364,27.748146,28.905811,29.036722,31.79537,27.088432,24.7126,22.181723,20.718903,17.136555,19.633883,17.34101,16.763004,15.460916,13.214134,9.696241,9.366085,8.728485,11.053462,12.8422165,16.272314,18.134676,22.09867,24.36929,28.125685,29.162218,25.116045,28.24085,28.651075,24.079355,22.404453,18.918886,19.11931,13.089326,14.998444,12.3223915,14.766827,13.483618,14.809179,17.31875,13.800324,19.017454,16.512348,20.180027,18.814875,24.084135,26.501423,24.69709,19.929129,22.522522,25.707964,27.899126,23.921953,21.311893,19.198141,15.602173,14.47162,11.176203,10.353682,11.052405,9.836465,14.25048
22,11.014505,9.181394,5.926877,9.389364,7.382523,8.93957,10.611569,13.947552,17.328495,19.610535,24.896769,25.555096,28.241562,28.667423,24.888237,21.567776,17.849813,15.178428,13.181517,7.8712306,10.026263,3.8973553,0.0,4.6068177,6.698388,10.444668,11.381505,14.877398,13.290524,17.615818,16.894476,21.43945,25.10654,28.685705,30.026375,32.640774,36.127964,36.743515,34.983074,31.438366,26.637367,26.385235,22.001137,21.082722,17.139914,16.206404,13.838028,11.666129,14.688421,17.891724,17.200287,21.135054,19.851374,23.329067,23.708883,26.451757,30.12641,28.207201,29.388838,30.014956,33.194912,28.698877,25.76813,23.382101,20.873028,17.36131,18.780457,16.318254,14.745555,13.249668,11.838923,7.995744,9.4067,9.581565,12.604364,14.642675,18.2239,20.371567,24.258028,26.836773,30.602224,31.78694,28.096863,31.441395,31.526417,26.86668,25.092262,21.568842,21.39673,15.152492,16.127863,12.680516,14.1076765,12.344597,15.27115,18.479887,15.656637,21.093845,19.177984,23.059492,21.970285,27.298872,29.888685,28.229273,23.646832,26.225002,29.546524,31.773817,27.81197,25.17152,22.97127,19.477396,18.319365,14.93617,13.865395,14.134547,12.006056,16.102251
23,13.824611,11.918897,9.914453,12.983382,10.805779,13.02203,13.365659,17.282795,20.245037,22.30176,27.424103,27.762571,30.354555,30.253584,26.56528,23.361202,19.896591,17.06117,15.753245,10.430182,13.77025,8.1348915,4.6068177,0.0,5.579754,6.4051895,8.942365,12.669056,12.324463,16.799093,16.856285,21.582453,25.802853,29.610998,30.512701,33.81216,36.776237,37.461536,35.328903,31.361158,26.80529,26.185312,21.828003,20.785566,16.479313,15.734641,12.535793,10.969258,12.255053,16.24682,15.158147,19.578789,18.281769,21.414127,22.68605,24.496557,28.944736,26.81888,28.12146,29.370201,32.851547,28.748835,25.27227,22.96627,19.3808,16.051022,16.197636,13.621477,11.094189,9.465263,9.199472,6.0006986,8.934857,10.556664,13.657159,15.440204,19.078085,21.349995,25.04633,27.913004,31.622805,32.97653,29.881989,33.5309,33.127842,28.421562,26.652382,23.087696,22.709497,16.43605,16.488962,12.74357,12.937324,11.663981,15.7078285,19.302174,17.299412,22.855835,21.337864,25.374372,24.330761,29.905745,32.52952,31.43785,27.104527,29.36987,33.08782,35.43597,31.618185,28.903616,26.640606,23.335552,22.004787,19.281942,17.35392,17.966711,15.132818,19.01029
24,15.769458,12.426987,11.265149,11.628663,8.346178,11.398896,9.858465,15.053252,16.970089,19.597013,24.181606,25.132662,27.241688,26.774218,23.355436,19.742481,17.420229,13.572136,13.956201,8.3961,13.484176,8.02799,6.698388,5.579754,0.0,6.625515,4.8769693,8.191551,7.111431,11.377674,11.757988,16.029936,20.732374,24.18972,25.39644,28.63162,31.634857,32.59653,30.780758,26.955755,22.32972,22.540138,17.680368,17.972178,13.602182,14.126411,11.955551,12.0717945,13.538054,16.151506,14.337827,17.904203,15.348431,18.318747,18.864506,20.4972,24.432022,21.997137,23.030216,23.991886,27.61033,23.383862,19.891884,17.986853,14.576686,11.601601,12.480063,10.905206,9.268692,9.186521,8.109325,7.1161613,6.775379,10.258802,12.134262,12.049577,16.201786,17.514202,21.492151,23.836279,27.584822,28.603924,25.712057,29.271378,28.360758,23.659994,21.600388,18.290026,17.384544,11.269447,10.938978,7.406148,8.187651,8.492603,10.943617,14.185739,12.348043,17.899132,16.463083,20.526962,19.73851,25.241142,28.00551,27.342808,23.510744,25.74174,29.78365,32.446556,28.949778,26.435265,24.584545,21.135817,19.145931,17.74802,14.087142,15.452442,12.222824,16.140076
25,17.93162,15.27502,14.998013,16.4817,14.377306,17.597479,16.481583,21.476404,23.489433,25.824747,30.375166,30.932646,33.065495,32.24616,28.919483,25.579397,23.20676,19.667234,19.897987,14.558876,19.176956,13.407316,10.444668,6.4051895,6.625515,0.0,5.5892186,8.962844,10.942537,14.413493,16.329,20.090654,25.561201,28.90524,29.808666,33.640617,36.061657,37.156918,34.98358,30.733738,26.563175,26.261713,21.697073,21.627174,17.103754,17.503988,14.255088,14.475815,13.605065,17.478086,15.412958,19.640741,17.417973,19.627542,21.627771,21.528944,26.641792,23.76971,24.737461,26.593641,30.783777,27.185694,22.98448,21.580267,16.559528,14.388644,12.505936,11.154602,6.693697,7.0455894,9.044617,9.091323,11.17355,14.741086,17.053898,17.360842,21.185215,22.768105,26.35602,28.99137,32.586246,33.7709,31.465263,35.19742,33.879654,29.251614,27.164995,24.022484,22.702778,17.078543,15.494915,11.689181,9.922466,9.661789,14.423419,18.207027,17.657257,22.848663,22.295824,26.345646,25.934889,31.270292,34.18021,33.658802,30.05531,32.27862,36.390408,39.066265,35.56383,33.009438,31.039845,27.666866,25.757912,23.956997,20.567398,21.334694,17.62301,20.858238
26,19.562428,15.963949,15.742281,15.416719,12.424957,15.772468,13.22251,18.74363,19.827497,22.438972,26.424555,27.424154,29.129446,28.023748,24.977678,21.411629,20.044611,15.900289,17.464577,12.457415,17.994488,12.873156,11.381505,8.942365,4.8769693,5.5892186,0.0,3.910161,5.6404004,8.850121,11.104427,14.514165,20.206715,23.358461,24.38729,28.170769,30.601225,31.862066,29.953043,25.874807,21.64983,22.07533,17.137741,18.251791,13.838835,15.3239565,13.190286,14.608461,14.451082,16.818882,14.28508,17.524393,14.177305,16.295845,17.429346,17.413078,21.905975,18.8545,19.678938,21.219269,25.390097,21.65222,17.498594,16.323305,11.522724,9.663377,8.726343,8.504043,5.910345,7.8141184,8.1859255,9.6677885,9.127167,13.67775,14.924202,13.704375,17.73771,18.467655,22.186817,24.346203,27.922827,28.83449,26.730839,30.363808,28.679527,24.118393,21.900703,18.99069,17.397953,12.152985,10.194347,7.0332327,5.61902,8.030298,10.473922,13.632853,13.24279,18.267666,17.608854,21.548044,21.174343,26.46235,29.327663,29.30629,26.121782,28.117363,32.468277,35.33205,32.15663,29.769093,28.127056,24.804464,22.490046,21.921553,17.362123,18.92095,15.248123,18.516344
27,23.108639,19.267244,19.146484,18.082363,14.796301,17.94057,14.4439945,19.903555,20.164213,22.667812,25.999468,27.090662,28.38074,26.796532,24.14032,20.670414,20.253807,15.978924,18.582891,14.334995,20.168863,15.807041,14.877398,12.669056,8.191551,8.962844,3.910161,0.0,4.5027804,6.028343,9.225589,11.9668455,17.842129,20.886705,21.59742,25.734932,27.717928,29.122618,27.203083,23.074266,19.169464,19.947319,15.019475,17.053638,12.986552,15.369294,13.962719,16.386147,15.790477,17.167458,14.260889,16.582457,12.473101,13.890084,14.890737,13.970188,18.415709,15.073159,15.858969,17.65776,21.927095,18.529722,14.1215105,13.326884,7.9073133,7.166711,5.636302,7.2388277,6.2053366,9.143951,9.369621,12.180555,10.585789,15.462645,15.873025,13.541461,17.283333,17.330185,20.768929,22.619753,26.000166,26.780993,25.296293,28.92583,26.716688,22.354694,20.177153,17.59957,15.834844,11.579628,8.972371,7.4428554,5.7781553,10.148382,10.768636,12.985754,13.299251,17.683289,17.148592,20.789581,20.41115,25.590857,28.296581,28.985353,26.289114,27.851976,32.452595,35.426517,32.603035,30.332355,28.898504,25.819529,23.309044,23.758804,18.526165,20.652601,17.125502,20.12298
28,22.100487,18.221039,17.395985,15.959301,11.969835,14.481332,10.409249,15.641747,15.697891,18.195251,21.558098,22.76575,24.101997,22.756018,19.958162,16.335705,15.943435,11.5159645,14.446744,10.69779,16.575829,13.192475,13.290524,12.324463,7.111431,10.942537,5.6404004,4.5027804,0.0,5.05853,5.4646473,9.860597,14.627317,18.277243,18.923101,22.751486,25.185425,26.317768,24.492516,20.594961,16.19567,17.145405,11.944592,14.067494,10.110013,12.574913,12.020267,14.373899,15.111434,15.704528,13.150077,15.021971,10.937327,13.214136,12.976533,14.15648,17.546505,14.996283,16.140495,17.131393,20.589128,16.599638,12.96537,11.083753,7.695263,5.261611,7.5811996,7.8115053,8.896706,10.40479,8.785084,10.934423,7.8248887,12.420028,12.257144,9.397141,13.347898,13.264159,17.028543,18.849049,22.412792,23.216343,21.24583,24.90447,23.11956,18.585476,16.585974,13.582082,12.59575,7.599589,6.509664,6.0085406,7.0870514,11.091335,10.150169,11.683196,10.67815,15.403829,13.775882,17.447422,16.379377,22.020176,24.454397,25.194489,22.179834,23.508959,28.148531,31.054388,28.226116,25.906849,24.467842,21.51525,19.067387,20.023863,14.737222,17.554724,14.668683,18.13641
29,25.104921,20.848545,20.907173,18.272495,14.881975,17.651224,13.221201,18.532904,17.50069,20.378511,22.7152,24.584778,25.226353,23.466455,21.330742,17.61671,18.74098,14.05342,18.038576,14.82943,20.514883,17.23977,17.615818,16.799093,11.377674,14.413493,8.850121,6.028343,5.05853,0.0,5.8459525,5.962617,12.752857,14.95944,16.39955,20.077385,22.369581,24.144987,22.936953,19.39321,15.419357,17.728777,12.514849,16.43606,13.30669,16.518764,16.588242,19.305988,19.766598,19.876646,17.120804,18.061543,13.279569,14.4061775,13.453157,13.067325,15.523418,11.928276,12.0501995,12.701062,17.023735,13.082813,8.890137,9.178177,5.7553205,6.7641196,8.43061,10.912425,11.965095,14.470371,13.456927,15.966259,12.775558,17.180782,16.501162,12.628119,16.099892,14.642012,18.133768,18.902832,22.17547,22.350065,20.998001,24.21819,21.515392,17.350506,14.788047,12.963453,10.329917,7.903287,4.6103635,6.587643,7.048084,12.029605,9.094837,9.217893,9.917717,13.149033,12.639813,15.773683,15.756219,20.403055,23.113737,24.290066,22.379969,23.780476,28.41796,31.57428,29.234682,27.350508,26.492294,23.532194,20.619732,22.417425,16.32066,18.999983,16.019184,18.497551
30,25.584906,21.670832,20.477486,18.275322,13.970116,15.341166,10.321307,14.320659,12.939237,15.090382,17.376675,18.860619,19.62471,17.92744,15.582326,11.992578,13.218176,8.876437,13.385122,11.749814,17.077188,15.667592,16.894476,16.856285,11.757988,16.329,11.104427,9.225589,5.4646473,5.8459525,0.0,6.8427677,9.267049,13.725064,13.722327,17.603762,20.013914,20.968462,19.280703,15.697358,11.081713,12.952631,7.5688047,11.352583,8.805186,12.103863,13.363317,16.234142,17.609774,16.562553,14.313264,14.443989,10.0911,12.116536,9.881716,12.638518,14.139871,12.512212,13.974907,14.11718,16.371773,12.12831,9.641508,6.5927544,6.8789883,4.9440804,9.953467,10.523141,13.508818,14.673412,12.199705,14.406256,10.109537,13.635748,11.970367,7.362206,10.422683,8.829534,12.492526,13.670432,17.180452,17.799871,16.074362,19.744528,17.784317,13.323727,11.728692,8.661092,8.91254,5.634531,6.5555224,9.149915,11.325248,15.498499,12.517483,12.185414,10.742076,14.283961,11.587081,14.504567,12.467837,18.368725,20.140858,21.904154,19.246552,19.629366,24.544199,27.453259,25.127302,22.967197,21.843243,19.48534,17.01029,19.699476,14.082401,17.966394,16.141598,19.422483
31,28.187874,23.843685,23.887705,20.222862,16.978111,18.965855,14.170416,18.506237,16.106829,19.065136,20.043407,22.68097,22.538815,20.646713,19.261536,15.588168,18.391375,13.901625,18.819794,17.031965,22.025867,20.084673,21.43945,21.582453,16.029936,20.090654,14.514165,11.9668455,9.860597,5.962617,6.8427677,0.0,8.322242,9.047395,11.601751,14.446383,17.203789,19.373043,19.121185,16.548258,12.787675,16.724424,11.946559,17.229649,15.407282,18.890644,20.119978,22.89534,24.099817,23.24402,20.79343,20.599665,15.847667,16.664299,13.9843645,14.48671,14.336663,11.274774,10.699326,9.334632,12.9872465,8.272003,5.5532174,7.392561,8.476215,10.142814,13.312678,15.710241,17.713926,19.8983,18.214266,20.418741,16.443317,20.027092,18.471205,13.745022,16.356358,13.4208,16.538229,15.90093,18.839293,18.240139,17.110607,19.69334,16.423477,12.686253,9.707041,9.310723,5.6536202,7.5253386,5.825873,10.196292,11.917498,16.256702,11.302308,8.964693,9.63471,10.525367,9.764103,11.6556225,11.924874,15.664602,18.165455,20.1156,19.236578,20.212355,24.782316,28.049126,26.359,24.959265,24.759613,22.163898,19.039236,22.293287,15.872295,19.02488,17.038816,18.852585
32,32.84578,28.89851,27.761314,24.540373,20.648443,20.928566,15.977375,17.66551,14.078643,15.361985,14.3855715,16.749573,15.704577,13.199832,12.905139,10.371438,15.088591,12.401261,17.694275,18.573042,22.457973,22.989452,25.10654,25.802853,20.732374,25.561201,20.206715,17.842129,14.627317,12.752857,9.267049,8.322242,0.0,6.740268,4.9973474,8.602131,11.036074,12.053615,11.585668,9.841506,6.132333,11.249489,8.380308,13.969387,14.459354,17.772367,20.569435,23.581203,25.337597,22.835691,21.094013,19.212065,15.445898,16.14054,11.642826,15.00764,12.15131,12.377417,13.392079,11.380714,10.393897,6.149883,8.389682,6.301582,12.266821,12.657809,17.372334,18.609205,22.330456,23.54784,20.870459,23.019981,18.405321,20.629246,17.824045,12.83871,13.158453,8.917595,10.354469,8.249883,10.701699,9.932418,9.639306,12.477873,9.171306,5.706536,5.489975,5.4024444,7.72219,10.86844,12.548756,16.74601,19.187305,23.34302,18.614222,16.165133,15.11679,15.511085,12.469016,12.691429,9.894094,14.18763,14.370312,18.437132,17.524002,16.098043,20.969849,23.819544,22.904312,21.540241,21.463753,20.330551,17.971693,22.994818,17.575161,21.929117,21.47378,23.780571
33,34.781666,30.59097,30.399221,26.116629,23.14047,23.921782,19.339447,21.578535,17.689821,19.912094,18.33824,21.734625,20.18739,18.136515,18.411776,15.74684,20.585995,17.425163,22.633127,22.850899,26.600422,26.47915,28.685705,29.610998,24.18972,28.90524,23.358461,20.886705,18.277243,14.95944,13.725064,9.047395,6.740268,0.0,6.651752,6.0296497,9.841236,12.677635,14.570107,14.455566,12.268874,17.701328,14.923826,20.65367,20.689644,24.05978,26.461771,29.250875,31.064514,29.092125,27.11718,25.61318,21.44479,21.79982,17.666454,19.209173,15.7981,14.705441,13.807092,10.148905,9.976299,5.9170194,9.176325,11.103244,15.798266,17.43899,21.31388,23.45254,26.322647,28.158289,25.913733,27.900509,23.426788,25.933897,23.496552,18.55259,19.483328,15.258041,16.812466,13.8734255,15.438216,13.327965,13.222279,14.045619,9.593618,8.173525,5.894951,9.316726,7.6094303,13.537428,13.976567,18.488935,20.733843,24.57338,18.832153,15.252582,15.413326,13.371908,12.117697,10.765464,10.803602,11.633839,12.606429,16.619987,17.768429,17.301708,21.347065,24.473082,24.179005,23.66651,24.480165,22.965734,20.104507,25.168074,19.378937,22.851257,22.397736,23.432732
