,0,1,2,3,4,5,6,7,8,9,10,11,12,13,14,15,16,17,18,19,20,21,22,23,24,25,26,27,28,29,30,31,32,33,34,35,36,37,38,39,40,41,42,43,44,45,46,47,48,49,50,51,52,53,54,55,56,57,58,59,60,61,62,63,64,65,66,67,68,69,70,71,72,73,74,75,76,77,78,79,80,81,82,83,84,85,86,87,88,89,90,91,92,93,94,95,96,97,98,99,100,101,102,103,104,105,106,107,108,109,110,111,112,113,114
0,0.0,4.4647007,6.0066056,10.683153,12.303956,13.4975,12.188093,8.271644,6.4232597,7.6209435,8.751509,12.113401,13.185153,15.731556,13.546,11.513284,11.3962555,11.702894,11.715103,14.824664,12.562695,17.511492,21.20922,22.925629,20.968132,26.86808,23.333096,24.284813,20.312637,21.619762,19.239532,19.965034,21.635836,21.772932,25.60554,24.558292,29.600706,30.676561,30.545053,29.241676,24.46752,27.12386,22.76934,25.165453,23.507244,24.441566,25.658916,25.449493,29.621195,29.749527,28.728712,30.154322,27.497398,30.54085,28.133665,32.14233,32.563,31.389917,30.20987,29.053354,30.640253,25.513418,25.258932,24.325018,25.783188,23.58028,27.961567,26.042587,28.771221,28.723154,25.599905,24.050083,20.653086,19.621183,18.96772,17.733038,19.910057,18.659893,22.137167,22.480473,26.048466,26.045597,21.636532,23.576914,24.098385,20.409079,17.859234,14.910333,15.768323,13.8312845,16.194632,17.06503,21.163694,20.928928,18.24592,23.10416,24.304007,20.844015,19.201561,17.390379,14.393302,11.838529,13.99332,9.62967,13.179204,12.110447,15.739424,18.807005,18.59906,15.872169,20.011166,16.292944,17.563536,17.12799,18.356627
1,4.4647007,0.0,5.0251346,6.8284645,9.3160095,10.389935,9.045731,7.53435,5.441652,9.075121,10.918241,14.719502,15.603495,17.262474,14.917866,11.706652,11.883609,10.22145,11.24129,12.592616,11.447168,14.827893,18.776608,19.78279,17.56316,23.183187,19.386595,20.245636,16.493944,17.559689,15.892577,16.278414,19.284569,19.332224,23.488354,23.064861,27.916365,29.306486,28.972075,27.186584,22.380854,25.207697,20.405964,23.342405,21.22041,22.674913,23.647438,23.966703,27.556952,27.802769,26.368368,27.89813,24.738867,27.548302,25.417862,28.729628,29.517887,27.840303,26.507374,25.521729,27.732975,22.521297,21.68593,21.196579,22.038954,20.15836,24.24679,22.728676,25.233877,25.613518,22.751816,21.641518,18.157665,18.089428,17.566442,15.677171,18.562891,17.132202,21.051556,21.502413,25.224594,25.269268,21.50293,23.829449,23.448425,19.375662,16.35873,13.160869,12.968543,10.488501,12.116768,12.734761,16.816578,16.615149,13.797676,18.72198,19.900806,16.58291,15.223742,13.648177,10.786408,7.511393,10.633027,6.8342133,12.003703,11.176172,15.56222,18.836462,19.122526,16.102623,20.54849,15.777208,17.875563,16.653149,18.545246
2,6.0066056,5.0251346,0.0,6.6944833,7.0578895,9.489609,9.993119,7.377178,8.207793,10.93075,14.057599,16.896109,18.569788,20.748024,17.943424,15.10218,13.410898,12.545111,11.281902,12.408974,9.09604,13.400959,17.597328,18.555805,17.754734,22.885357,20.138638,21.87834,18.536545,20.438435,19.220835,20.283667,23.917082,24.20142,28.292486,28.079382,32.878956,34.201973,33.633007,31.584154,26.674355,28.949879,24.037546,26.225618,23.58315,24.515024,24.749104,24.303513,28.002178,29.10926,27.811726,30.087635,27.257637,30.28706,28.774076,31.931847,33.435673,31.505573,30.244627,29.62732,32.256912,27.038855,25.67746,25.10086,25.016947,22.788166,26.266056,24.282017,26.025196,26.149048,23.598337,21.596478,19.02526,18.359446,18.763731,18.080004,21.248816,20.695728,24.705582,25.718435,29.487438,29.810986,25.914576,28.377728,28.303827,24.177427,21.308258,17.784464,17.744421,14.362363,15.545334,14.810925,18.670345,17.058598,15.970305,21.262112,21.704649,18.62005,17.243555,16.810614,13.299805,10.425443,15.008173,11.733843,16.993954,15.953413,20.359694,23.60383,23.506546,20.438124,24.247347,19.385923,20.694,18.990183,19.947393
3,10.683153,6.8284645,6.6944833,0.0,3.637479,4.820089,5.680613,8.205007,8.854057,13.120804,16.600046,19.72896,21.152752,22.19407,19.272226,15.374404,14.146053,10.927574,11.22288,9.199125,8.907624,9.341092,13.688923,13.524925,12.058278,16.870996,13.678335,15.377907,12.461152,14.403937,14.25922,15.470323,20.656572,21.368156,25.243713,26.17041,30.39039,31.90452,30.855917,28.10051,23.305265,25.449577,20.156384,22.759008,19.507954,21.089613,20.93783,21.345592,24.047413,25.241686,23.3891,25.782965,22.393442,25.069473,24.115864,26.30956,28.488184,25.99604,24.74614,24.673634,28.017374,22.91598,20.621534,20.349335,19.139713,17.233158,20.113766,18.615566,20.018902,20.724667,18.58716,17.372046,14.748262,15.674834,16.226742,14.756741,18.717566,18.165255,22.50494,23.80165,27.612198,28.136284,25.219376,28.22196,27.156097,22.67282,19.635214,15.821255,14.860742,10.399143,10.292964,8.435364,12.098958,10.591443,10.11342,15.213379,15.963768,13.646998,13.324428,13.46643,10.922157,6.6211452,12.359183,10.238858,16.572855,15.405198,20.362682,23.638943,23.845514,20.538326,24.25566,18.334167,20.470472,17.819178,19.590614
4,12.303956,9.3160095,7.0578895,3.637479,0.0,4.0412474,7.072061,8.703674,10.898375,14.54144,18.719385,21.281137,23.181852,24.47951,21.247952,17.593912,15.238199,12.657383,11.381439,8.925816,7.1379476,7.5339365,12.086368,11.859448,11.885774,16.148718,14.13346,16.614866,14.16425,16.849396,16.830788,18.709274,23.92918,24.953955,28.613327,29.713531,33.869656,35.257664,33.983498,31.048063,26.21292,27.851381,22.602568,24.499374,20.922056,22.016144,21.24568,21.03155,23.732428,25.633486,23.931606,26.906984,23.900398,26.736275,26.29574,28.439638,31.153946,28.605177,27.521023,27.783686,31.273958,26.239819,23.670584,23.15974,21.338522,19.099287,21.407476,19.451757,20.16773,20.566586,18.74024,16.751118,15.052606,15.479994,16.800062,16.3639,20.384357,20.520529,24.835258,26.554668,30.373892,31.132454,28.113733,31.253881,30.450645,25.921524,23.061481,18.99957,18.413967,13.545897,13.478142,10.854802,13.950791,11.334113,12.680827,17.624578,17.92098,16.02272,15.806803,16.606989,13.823634,10.053118,15.960365,13.689334,20.021566,18.573826,23.587214,26.868977,26.74353,23.37685,26.619375,20.672361,22.229322,19.260916,20.347006
5,13.4975,10.389935,9.489609,4.820089,4.0412474,0.0,4.0172963,7.673231,10.042209,13.593988,18.152843,20.33922,22.334007,23.07387,19.660892,15.823328,13.255386,10.056017,9.163466,5.2464213,6.1005616,4.611519,8.89862,9.460535,8.372934,13.669141,11.359555,13.795473,11.012455,14.509386,13.886364,17.007153,21.786356,23.797222,26.62212,28.398417,32.158936,33.247738,31.500309,28.268997,23.4485,24.540987,19.364971,20.813654,17.065313,18.09137,17.22774,17.215075,19.816315,21.604305,19.894585,22.92821,20.082758,23.05354,22.821045,25.242697,28.22408,25.969524,25.298689,26.012524,29.238617,24.352081,21.629898,20.395443,18.417305,15.677283,18.085663,15.7051935,16.771011,16.885777,14.801373,12.928026,11.013836,11.757445,13.109292,12.799881,16.945368,17.515484,21.793335,23.935257,27.703802,28.781662,26.085716,29.598757,28.775347,24.124943,21.662258,17.176086,17.223616,11.495578,11.929624,9.251558,12.18743,10.763875,12.383013,16.619417,17.919582,16.627409,17.068726,17.42567,15.417769,10.77357,16.018826,13.171628,19.640425,17.434494,22.61171,25.795792,25.288942,21.830233,24.431099,18.186516,19.668238,16.24551,17.434378
6,12.188093,9.045731,9.993119,5.680613,7.072061,4.0172963,0.0,6.2196574,7.264022,10.967991,15.185467,17.4806,19.197914,19.526966,16.228848,12.187027,10.383813,6.3719425,7.3414984,4.4787188,7.4586797,7.283117,10.441502,11.8853655,8.858577,15.17543,11.702164,13.118062,9.313949,12.609849,10.720113,14.319799,18.132185,20.60482,23.00999,24.84115,28.545214,29.4519,27.671873,24.57833,19.680986,20.905748,15.764146,17.491774,14.155097,15.459733,15.45299,15.985213,18.920214,19.758034,18.097809,20.464464,17.51389,20.595291,19.723145,22.847416,25.241266,23.479973,22.962929,23.508926,26.14301,21.231283,18.977463,17.220232,16.240265,13.279759,16.736866,14.364616,16.639708,16.656569,13.863518,12.731998,9.456778,10.33805,10.599321,9.337756,13.402477,13.595273,17.90202,19.933405,23.712795,24.782457,22.101484,25.68575,24.90006,20.237604,17.987999,13.319713,13.976347,7.9759574,9.577821,8.263534,11.681674,12.085783,11.945378,15.807435,18.067347,16.577526,17.037468,16.415743,14.92113,9.785102,13.830171,10.187615,16.493832,13.815151,19.003408,22.112835,21.476534,18.010626,20.570919,14.25542,16.058126,12.787948,14.616524
7,8.271644,7.53435,7.377178,8.205007,8.703674,7.673231,6.2196574,0.0,4.4741616,6.3033037,11.460389,13.003372,15.4031515,16.771347,13.181236,10.181875,6.7806053,6.292938,3.9746704,6.981657,5.504737,10.490526,13.450957,16.167162,14.256853,20.576828,17.751753,19.279531,15.294298,18.338085,15.442391,18.794281,20.887428,23.187366,25.5919,26.428188,30.639467,31.209564,29.763079,27.373037,22.361242,23.52394,18.96366,19.934551,17.43715,17.743704,18.191011,17.526615,21.719702,22.45508,21.57566,23.791721,21.700697,25.155478,23.718866,27.94303,29.643232,28.562027,28.099642,28.162027,30.013351,25.004997,23.696016,21.538414,21.771482,18.530834,22.478386,19.596098,22.110434,21.412792,18.245682,16.093306,13.166833,11.621286,11.706765,11.856797,14.670878,15.092874,18.944267,20.853767,24.591352,25.599123,21.834875,25.062054,25.450127,21.07945,19.173107,14.567662,16.482649,11.576347,14.392488,14.001947,17.728634,17.631657,16.989254,21.374134,23.30933,21.056566,20.661701,19.579689,17.222513,12.6600895,16.243126,11.167571,16.702045,13.641144,18.469276,21.562202,20.266851,16.912355,19.189651,13.902377,14.447948,12.121151,12.730155
8,6.4232597,5.441652,8.207793,8.854057,10.898375,10.042209,7.264022,4.4741616,0.0,4.608592,8.1306305,10.973071,12.463287,13.5927515,10.529705,7.0597587,6.562394,5.306447,6.899064,9.737102,9.836134,13.641948,16.65246,18.906668,15.973096,22.42792,18.638868,19.327694,15.01702,16.980833,13.699342,16.077614,17.405636,19.256224,21.898523,22.228722,26.657543,27.35165,26.336473,24.378498,19.416977,21.395832,16.915527,18.911715,17.100737,18.062782,19.4017,19.569595,23.591871,23.42366,22.37945,23.736038,21.202156,24.390394,22.16422,26.531567,27.351513,26.475092,25.811142,25.332962,26.763409,21.714098,21.068766,19.152922,20.484179,17.747921,22.337877,20.098944,23.268898,22.985466,19.616243,18.435099,14.625331,13.862743,12.812981,11.315422,13.700983,12.842265,16.642199,17.754236,21.505354,22.094265,18.198898,21.147919,21.36582,17.086163,14.993241,10.716851,12.707355,8.924287,12.305411,13.270332,17.225351,18.075905,15.792934,19.969048,22.25067,19.60659,18.982344,17.050133,15.087962,10.753888,12.860625,7.2293873,12.290474,9.291909,14.091589,17.244867,16.34096,13.013819,16.27268,11.184789,12.718939,11.329348,13.1287
9,7.6209435,9.075121,10.93075,13.120804,14.54144,13.593988,10.967991,6.3033037,4.608592,0.0,5.622062,6.7876105,9.134912,10.829081,7.3899508,5.688373,4.1554594,6.8495235,7.0252786,12.01518,11.4686575,16.439571,18.79371,21.929142,19.137684,25.815205,22.332159,23.01262,18.570454,20.79696,16.703588,19.644873,19.29108,21.67927,23.496746,23.524359,27.8736,28.013891,26.9449,25.430208,20.60635,22.039177,18.340092,19.338879,18.261621,18.438906,20.162941,19.735323,24.392956,23.90907,23.468073,24.57664,22.85335,26.278488,23.800709,29.04657,29.494999,29.348576,29.018114,28.528267,29.157253,24.343784,24.286129,21.661587,23.67038,20.54417,25.375458,22.662165,26.14377,25.285952,21.623869,20.076471,16.439234,14.46425,13.069117,12.597478,13.695631,13.331718,16.33491,17.566769,21.050459,21.81324,17.32246,20.120525,21.450287,17.5915,16.37641,12.310064,15.652903,12.487295,16.438421,17.641428,21.476568,22.483046,20.34368,24.312399,26.80472,24.149733,23.422121,21.23444,19.26188,15.236296,16.618965,10.694926,14.083908,10.443055,14.296465,17.059336,15.131674,12.085147,14.202731,10.426459,10.458386,10.137493,10.935906
10,8.751509,10.918241,14.057599,16.600046,18.719385,18.152843,15.185467,11.460389,8.1306305,5.622062,0.0,4.835112,4.6855135,7.0355625,5.573753,5.8379827,8.678101,10.698301,12.523259,17.06447,16.847095,21.494024,23.999487,26.799646,23.499998,30.140905,26.04213,26.070868,21.56739,22.675915,18.45449,20.01544,18.12235,19.630081,21.53083,20.341393,24.97731,25.098818,24.854467,24.331018,19.924295,22.233133,19.193676,21.027752,20.949781,21.561731,24.04356,24.172894,28.673782,27.397316,26.94151,27.145987,25.227728,28.280329,24.960855,30.351742,29.60786,29.886475,29.353064,28.129166,27.945808,23.359732,24.40147,22.138334,25.43263,22.941837,28.187193,26.090883,30.019842,29.472147,25.72211,24.844463,20.755095,19.27792,17.205126,15.641377,15.832804,14.126284,16.287197,16.1362,19.237486,19.271385,14.258527,16.068691,17.891361,14.782774,13.807916,11.245781,14.721052,13.930357,17.909567,20.222622,24.057379,25.649775,22.201313,25.85034,28.447268,25.382874,24.269793,21.280178,19.696526,16.64646,16.090183,10.615406,11.166561,8.190138,10.274774,12.688826,10.96605,8.597963,11.927432,10.298851,10.968873,12.602155,14.126488
11,12.113401,14.719502,16.896109,19.72896,21.281137,20.33922,17.4806,13.003372,10.973071,6.7876105,4.835112,0.0,3.7207136,6.408606,4.444637,7.3692813,8.336872,12.209837,12.835936,18.222275,17.81563,22.943731,24.790775,28.335733,25.234268,32.02855,28.36903,28.58302,24.028866,25.789074,21.014652,23.660654,20.980349,23.454454,24.299322,23.49913,27.658201,27.136042,26.43461,25.976242,21.742023,23.02403,20.677088,21.177685,21.50376,21.268986,23.816225,23.334192,28.241022,26.864777,26.983334,27.178436,26.14201,29.45167,26.280275,32.337807,31.717262,32.553104,32.461075,31.602633,30.970097,26.655815,27.72008,24.663404,27.97292,24.943905,30.163654,27.486526,31.513134,30.381615,26.475325,25.199287,21.47635,19.064219,16.956966,16.564054,15.859469,15.16902,16.558138,17.038322,19.750341,20.297667,15.170483,17.099174,19.951794,17.21753,17.214172,14.4057045,18.731241,17.238487,21.55894,23.567171,27.287228,28.885792,26.085224,29.624514,32.45215,29.634727,28.713287,25.880547,24.244589,20.823597,20.663986,14.956342,15.629217,12.073155,13.606534,15.361716,12.340457,10.487065,11.171556,10.9496,9.563896,11.909342,12.128548
12,13.185153,15.603495,18.569788,21.152752,23.181852,22.334007,19.197914,15.4031515,12.463287,9.134912,4.6855135,3.7207136,0.0,4.0197716,4.7427716,7.9727144,11.005126,13.886542,15.627677,20.559603,20.584267,25.310463,27.333082,30.555239,27.05193,33.808056,29.711203,29.498896,24.950264,26.012337,21.272686,23.072445,19.577158,21.519594,22.338728,20.872084,25.099,24.592197,24.418745,24.55405,20.649147,22.547499,20.5485,21.75195,22.56344,22.785583,25.727549,25.776743,30.420225,28.584911,28.545572,28.194204,26.874325,29.877737,26.230783,32.20706,30.87656,31.909283,31.682442,30.409437,29.316618,25.210049,26.885466,24.119467,28.1154,25.545135,30.956667,28.748941,33.019264,32.181892,28.266592,27.509161,23.436985,21.584555,19.121607,17.854511,16.884556,15.279953,16.226002,15.735554,18.159988,18.17434,12.865284,14.080918,17.15857,14.9790535,15.186166,13.410198,17.625032,17.430632,21.65668,24.26398,27.926092,29.930328,26.385473,29.634953,32.556973,29.59398,28.548954,25.294786,24.022367,21.092926,19.855253,14.632223,13.746223,10.74081,10.939949,12.266155,9.377952,8.221088,9.790808,10.895958,10.442508,13.5081625,14.573127
13,15.731556,17.262474,20.748024,22.19407,24.47951,23.07387,19.526966,16.771347,13.5927515,10.829081,7.0355625,6.408606,4.0197716,0.0,4.0026836,7.3796425,11.558773,13.693755,16.447458,20.834185,21.947248,25.837173,27.456587,30.683956,26.64583,33.360844,29.043936,28.384216,23.893927,24.70971,19.610672,21.616936,16.953339,19.656559,19.42128,18.41861,22.130524,21.229475,20.768059,21.035233,17.42042,19.142523,17.781998,18.94313,20.399519,20.769773,24.15219,24.708569,29.026974,26.588423,26.580965,25.629633,24.437317,27.227692,23.308868,29.522535,27.800016,29.32553,29.376846,28.219767,26.552647,22.816227,24.811169,21.623756,26.143898,23.684826,29.188692,27.171766,31.771814,30.948015,26.991196,26.808437,22.527994,21.078304,18.13116,16.371641,14.676184,12.710888,12.8831835,12.074613,14.24496,14.369637,9.103698,10.758583,14.031155,12.013709,13.108844,11.60872,16.431553,16.592615,20.957008,23.931122,27.265434,29.958282,26.24027,28.834497,32.24249,29.618483,28.93406,25.468462,24.816973,21.67798,19.772108,14.7802105,13.346056,9.831169,9.375366,10.160536,6.3011003,5.426211,5.8694606,8.353429,8.204093,11.946781,13.676736
14,13.546,14.917866,17.943424,19.272226,21.247952,19.660892,16.228848,13.181236,10.529705,7.3899508,5.573753,4.444637,4.7427716,4.0026836,0.0,4.3784337,7.585535,10.246803,12.528788,17.129261,18.168283,22.17191,23.69587,27.123117,23.337307,30.129822,26.127539,25.855936,21.308786,22.807259,17.660463,20.556557,17.074587,20.29891,20.385775,20.200804,23.977575,23.275757,22.218752,21.60642,17.418362,18.63209,16.526981,17.197718,17.959826,18.0535,21.06948,21.281862,25.812084,23.850306,23.846617,23.519396,22.38699,25.527594,22.11381,28.324474,27.472538,28.603903,28.724281,28.009964,27.052387,22.943321,24.148502,20.724424,24.444313,21.515846,26.886826,24.445492,28.832344,27.8165,23.847885,23.261381,19.152752,17.368322,14.643284,13.43707,12.201111,11.043707,12.175771,12.636765,15.453958,16.193115,11.290553,13.9420805,16.44241,13.450581,13.918368,10.942515,15.899805,14.56858,19.102388,21.523396,24.945278,27.29761,24.24542,27.146795,30.478342,28.004877,27.477388,24.425629,23.44608,19.738758,18.910814,13.3051605,13.728514,9.4433975,11.040995,12.716915,9.304319,7.0009875,7.2646494,6.6718097,5.8653107,8.79818,10.259043
15,11.513284,11.706652,15.10218,15.374404,17.593912,15.823328,12.187027,10.181875,7.0597587,5.688373,5.8379827,7.3692813,7.9727144,7.3796425,4.3784337,0.0,5.742162,6.371994,9.913028,13.619493,15.292815,18.564455,20.354856,23.350065,19.384363,26.119825,21.936342,21.666538,17.107513,18.611431,13.67743,16.670395,14.445621,17.700325,18.42963,18.842577,22.771145,22.595758,21.342607,19.997421,15.323707,16.935122,13.753165,15.235098,15.16496,15.875541,18.597643,19.229576,23.424198,21.789957,21.280008,21.31466,19.4837,22.619183,19.444168,25.140837,24.806217,25.316355,25.254204,24.697664,24.486805,20.008305,20.603453,17.435831,20.619144,17.74936,23.077972,20.820528,25.07284,24.38546,20.527258,20.150702,15.797307,14.739981,12.123437,10.076332,10.034956,8.492416,11.076782,11.899128,15.386683,16.16484,11.878517,15.121862,16.256075,12.340914,11.85519,7.784004,12.449331,10.284121,14.826936,17.146936,20.581942,22.958992,19.954702,22.887428,26.208511,23.871134,23.54303,20.688118,19.804632,15.758174,15.3225355,9.578714,11.473633,6.771946,10.26735,12.740488,10.44354,7.141226,9.228027,4.9979706,6.497038,7.249633,9.903164
16,11.3962555,11.883609,13.410898,14.146053,15.238199,13.255386,10.383813,6.7806053,6.562394,4.1554594,8.678101,8.336872,11.005126,11.558773,7.585535,5.742162,0.0,5.1102705,5.014132,10.1457815,10.944889,15.119339,16.55033,20.293322,17.257849,24.048532,20.85083,21.529125,17.116838,20.007393,15.400766,19.673159,18.97271,22.54779,23.359797,24.341408,28.113968,27.870554,26.08782,24.113222,19.308472,19.747843,16.276285,16.193348,15.065515,14.705935,16.418177,15.827622,20.62722,20.04288,19.865309,21.079613,19.90261,23.54083,21.408257,27.023106,27.903227,28.07393,28.214857,28.3033,28.785217,24.20593,23.840141,20.420609,22.142897,18.492292,23.216433,20.02115,23.65848,22.355919,18.544949,16.944485,13.405128,10.932497,9.281441,9.71037,10.454477,11.240159,14.124144,16.304249,19.731747,21.102335,17.088305,20.530474,21.857536,17.841278,17.217295,12.579402,16.57401,12.429794,16.62509,17.536366,20.982693,22.38359,20.948301,24.399101,27.352926,25.27534,25.085236,23.073599,21.500128,16.905972,18.450329,12.559058,16.287457,11.917211,15.910674,18.45453,15.92307,12.778431,13.328538,8.914812,8.049279,6.6138186,6.962315
17,11.702894,10.22145,12.545111,10.927574,12.657383,10.056017,6.3719425,6.292938,5.306447,6.8495235,10.698301,12.209837,13.886542,13.693755,10.246803,6.371994,5.1102705,0.0,5.48219,7.359544,10.255329,12.33296,14.078705,16.99198,13.18935,19.982658,16.213535,16.60916,12.130421,14.918116,10.571921,15.006968,15.597685,19.190296,20.346838,21.99006,25.614729,25.822691,23.90572,21.334146,16.34908,17.244497,12.84277,13.927853,11.967711,12.75723,14.290425,14.821758,18.739803,18.189507,17.238045,18.52598,16.349947,19.780975,17.82409,22.717634,23.97926,23.561827,23.544113,23.817291,24.937073,20.217283,19.244017,16.1429,17.30493,13.851309,18.587723,15.840659,19.520134,18.814075,15.132697,14.343716,10.128763,9.515604,7.788052,6.1586514,8.712199,8.832592,12.787415,14.947902,18.68342,19.962168,16.770473,20.521183,20.609222,16.106901,14.843728,9.781714,12.899736,7.7431254,11.769003,12.639727,15.961906,17.818148,16.259722,19.404827,22.56178,20.806688,21.024378,19.165268,18.077982,13.136701,14.833011,9.4935875,14.314831,10.199616,15.023536,17.845917,16.23622,12.7803755,14.448568,8.342782,9.728675,6.9446588,9.323403
18,11.715103,11.24129,11.281902,11.22288,11.381439,9.163466,7.3414984,3.9746704,6.899064,7.0252786,12.523259,12.835936,15.627677,16.447458,12.528788,9.913028,5.014132,5.48219,0.0,5.8942986,6.172701,10.438304,12.072305,15.835829,13.665168,20.218393,17.740763,19.220003,15.203275,18.88301,15.256616,19.853647,21.079197,24.443594,25.822628,27.269127,31.029955,31.142841,29.151281,26.54829,21.61685,21.856146,17.705763,17.522852,15.098792,14.699838,15.099962,14.013074,18.59192,19.248041,18.76504,21.08242,19.695019,23.402382,22.208267,26.981632,28.915579,28.328588,28.362825,28.876152,30.32286,25.57683,24.24618,21.222685,21.452435,17.63849,21.572426,18.084372,20.85476,19.533262,16.10343,13.679796,10.906617,8.320035,8.395482,9.865182,12.205385,13.678748,17.198755,19.801853,23.388357,24.872711,21.316387,24.928005,25.623613,21.268324,20.03611,15.089822,17.940166,12.568078,15.864795,15.474009,18.7801,19.236183,19.116615,22.891335,25.363363,23.600368,23.626125,22.463833,20.542011,15.672436,18.801308,13.475845,18.661678,14.813742,19.498188,22.344505,20.354784,17.018541,17.992401,12.716712,12.374636,9.449633,9.302261
19,14.824664,12.592616,12.408974,9.199125,8.925816,5.2464213,4.4787188,6.981657,9.737102,12.01518,17.06447,18.222275,20.559603,20.834185,17.129261,13.619493,10.1457815,7.359544,5.8942986,0.0,5.870077,5.239607,6.986708,10.152267,7.871536,14.329539,12.166529,14.187347,10.806196,15.196618,12.851106,17.776833,20.85406,24.235077,25.7712,28.073936,31.439974,31.907904,29.589785,26.243502,21.423367,21.509289,16.790699,16.932259,13.272469,13.522893,12.709819,12.310223,15.60546,17.139666,15.900737,18.999626,16.990732,20.44887,20.255539,23.790487,26.79098,25.412622,25.42672,26.541191,28.923328,24.280775,21.879837,19.283194,17.836372,14.096374,17.016632,13.573114,15.531428,14.583543,11.684148,9.327572,6.9860144,6.597459,8.089763,9.073068,12.861093,14.485983,18.442371,21.286293,24.91748,26.494658,23.858263,27.752312,27.437933,22.804768,21.160269,16.171837,17.75613,11.497507,13.409639,11.66429,14.277219,14.414068,15.7156515,19.07068,21.41982,20.462103,21.171793,20.815418,19.290014,14.208097,18.226007,14.203675,20.236578,16.896244,21.97933,24.932377,23.576962,20.1134,21.447052,15.264178,15.961547,12.065647,12.773361
20,12.562695,11.447168,9.09604,8.907624,7.1379476,6.1005616,7.4586797,5.504737,9.836134,11.4686575,16.847095,17.81563,20.584267,21.947248,18.168283,15.292815,10.944889,10.255329,6.172701,5.870077,0.0,6.872765,9.796662,12.577882,12.493735,17.949312,16.572989,19.088152,15.934544,19.823833,17.86577,21.735626,24.954914,27.448883,29.814913,31.20221,35.17409,35.7866,33.960464,31.059172,26.098804,26.616268,21.942734,22.175817,18.876648,18.723745,17.888933,16.45346,20.258093,22.264284,21.386847,24.60331,22.818758,26.303757,25.883804,29.46848,32.197765,30.676428,30.33013,30.967216,33.464504,28.543095,26.428968,24.35254,23.185127,19.746128,22.577616,19.285973,20.628727,19.669401,17.151667,13.968181,12.654381,10.886542,12.632845,14.153948,17.433107,18.80164,22.692728,25.187618,28.89429,30.20963,26.79327,30.262564,30.478184,25.97509,24.031794,19.267265,20.68565,15.067933,16.88359,15.019864,18.121435,16.777931,18.169981,22.53553,23.912443,22.25999,22.212198,22.164635,19.60744,15.1271305,19.933931,15.70625,21.728909,18.83715,23.809826,26.916912,25.57826,22.180796,23.931767,18.385187,18.511057,15.378951,15.119453
21,17.511492,14.827893,13.400959,9.341092,7.5339365,4.611519,7.283117,10.490526,13.641948,16.439571,21.494024,22.943731,25.310463,25.837173,22.17191,18.564455,15.119339,12.33296,10.438304,5.239607,6.872765,0.0,4.5605936,5.796587,6.4639254,11.109668,10.547471,13.726448,11.785147,16.19925,15.653755,19.83168,24.452759,27.225918,29.331347,31.74663,35.08661,35.903915,33.626198,30.001026,25.334085,25.490007,20.594244,20.929415,16.755503,17.150642,15.259585,14.685955,16.803402,19.528273,17.960922,21.75385,19.539476,22.588528,23.253849,25.500185,29.295431,27.120556,26.896387,28.2802,31.546957,26.96063,23.829098,22.067772,19.211636,16.025091,17.441391,14.3705,14.530213,14.037073,12.463573,9.681712,9.475959,10.076716,12.540262,13.567951,17.597017,19.165554,23.192638,25.973318,29.598976,31.096224,28.702372,32.532627,31.818645,27.133242,25.073244,20.336433,20.831161,14.694062,15.095709,11.905422,13.725759,12.088327,15.416618,18.826693,20.201235,19.752335,20.685064,21.42053,19.683657,15.107679,20.203363,17.328157,23.723507,21.058947,26.239405,29.309576,28.374165,24.894152,26.60237,20.313625,21.196564,17.23525,17.735067
22,21.20922,18.776608,17.597328,13.688923,12.086368,8.89862,10.441502,13.450957,16.65246,18.79371,23.999487,24.790775,27.333082,27.456587,23.69587,20.354856,16.55033,14.078705,12.072305,6.986708,9.796662,4.5605936,0.0,5.213792,6.292578,10.112053,10.903426,14.049045,12.674325,17.621231,16.711775,21.892342,25.874737,29.510984,30.699148,33.747272,36.58722,37.038906,34.220566,30.29381,25.87823,25.056852,20.659956,19.822618,15.496759,15.206043,12.411688,11.394233,12.906123,16.373074,15.055339,19.411392,18.012403,21.115572,22.523653,24.84142,29.188301,27.376707,27.705404,29.678051,32.673,28.466759,25.185772,22.718575,19.457003,15.826745,16.52324,12.717488,12.417192,10.93224,9.686789,5.9720726,7.8450184,8.326376,11.510863,13.646931,17.220955,19.663393,23.25705,26.592098,29.975883,31.883821,29.881264,33.995453,33.398937,28.763279,27.219313,22.32357,23.398724,17.05964,17.730886,14.686124,15.70387,14.801527,18.588533,21.096352,22.94485,23.118275,24.453392,25.104095,23.77198,19.038465,23.629911,20.551039,26.715975,23.547647,28.616064,31.493397,30.118263,26.693748,27.446978,21.285276,21.651978,17.345945,17.34166
23,22.925629,19.78279,18.555805,13.524925,11.859448,9.460535,11.8853655,16.167162,18.906668,21.929142,26.799646,28.335733,30.555239,30.683956,27.123117,23.350065,20.293322,16.99198,15.835829,10.152267,12.577882,5.796587,5.213792,0.0,5.5538917,6.060963,8.196137,12.014873,12.095477,16.411966,17.279062,21.333584,26.768225,29.639282,31.454254,34.561817,37.341522,38.267124,35.664486,31.56597,27.337059,27.071903,22.35922,22.531452,17.983994,18.5863,15.781134,15.741362,15.953441,19.434578,17.460592,21.685581,19.439323,21.863113,23.665375,24.503729,29.268824,26.57592,26.511677,28.577066,32.419456,28.309185,24.432524,23.034311,18.697569,16.05065,15.523059,12.930236,11.065512,11.097643,11.287649,9.272079,10.901842,12.956621,15.648898,16.509712,20.525805,22.264465,26.088076,29.022142,32.442318,34.072327,32.418495,36.40299,35.146473,30.482393,28.447458,23.943516,23.82592,17.86458,17.155233,13.250276,13.31637,11.270534,16.417082,18.56497,19.636679,20.412506,22.081356,23.52733,22.41214,18.277832,23.242886,21.42612,27.718493,25.294228,30.404873,33.36909,32.649902,29.217068,30.741713,24.298315,25.426367,21.183687,21.856512
24,20.968132,17.56316,17.754734,12.058278,11.885774,8.372934,8.858577,14.256853,15.973096,19.137684,23.499998,25.234268,27.05193,26.64583,23.337307,19.384363,17.257849,13.18935,13.665168,7.871536,12.493735,6.4639254,6.292578,5.5538917,0.0,6.8250904,4.897888,7.810482,6.8410687,11.620405,11.852853,16.49734,21.422705,24.743866,26.077799,29.458935,32.00264,32.82043,30.132006,26.012125,21.814503,21.643978,16.859077,17.474846,12.9673815,14.274599,12.244901,13.459333,13.863764,16.04081,13.689987,17.260914,14.417316,16.938808,18.282856,19.55601,23.966873,21.576473,21.677584,23.73982,27.17577,23.113058,19.405724,17.567038,13.611084,10.624064,11.074113,8.340723,8.433761,8.801949,7.661277,7.3743954,6.7571173,10.30331,11.967748,11.662423,15.772505,17.16094,20.95383,23.770353,27.125046,28.735916,27.41078,31.448658,29.979792,25.36248,23.533075,19.092733,19.168962,13.192329,12.782895,9.5549555,9.748249,10.099906,13.544196,15.16894,17.51,18.183702,20.05265,20.641743,20.17042,15.588523,19.54338,17.616262,23.552067,20.933975,25.884232,28.686422,28.011066,24.662582,26.147259,19.647606,21.256796,17.070826,18.56073
25,26.86808,23.183187,22.885357,16.870996,16.148718,13.669141,15.17543,20.576828,22.42792,25.815205,30.140905,32.02855,33.808056,33.360844,30.129822,26.119825,24.048532,19.982658,20.218393,14.329539,17.949312,11.109668,10.112053,6.060963,6.8250904,0.0,5.5783925,8.81435,11.133895,14.535759,16.806541,20.30842,26.264307,29.11078,30.537453,34.292984,36.381535,37.46284,34.68059,30.251188,26.639547,26.289145,21.855686,22.461649,17.95026,19.294544,16.48594,17.780672,16.294416,19.30806,16.721582,20.528063,17.783894,19.221766,21.8128,20.98171,26.38262,23.177559,23.2288,25.881884,30.142948,26.67063,22.230042,21.365356,15.841877,14.2516775,11.794046,10.667526,7.0465555,8.895716,10.719918,11.136478,12.608174,16.187151,18.211359,18.025616,21.891558,23.254791,26.793243,29.532316,32.65716,34.2419,33.49353,37.494022,35.5209,31.022333,29.043156,25.046751,24.239826,18.90863,17.203705,13.343027,11.558049,10.572356,16.021357,16.34378,17.614077,19.623997,22.064396,23.710007,23.593317,19.897572,24.022984,23.331615,29.158049,27.08364,31.91655,34.66422,34.339695,31.066078,32.630306,26.158125,27.888706,23.656557,25.026287
26,23.333096,19.386595,20.138638,13.678335,14.13346,11.359555,11.702164,17.751753,18.638868,22.332159,26.04213,28.36903,29.711203,29.043936,26.127539,21.936342,20.85083,16.213535,17.740763,12.166529,16.572989,10.547471,10.903426,8.196137,4.897888,5.5783925,0.0,3.9160614,5.8243246,9.03518,11.555202,14.737511,20.85816,23.532516,25.12605,28.757673,30.94048,32.164536,29.642675,25.376072,21.646147,22.003971,17.22696,18.94353,14.655586,16.878006,15.194466,17.340681,16.697712,18.341518,15.467039,18.355572,14.633211,16.118082,17.753546,17.248047,21.965761,18.707186,18.482706,20.775084,24.953035,21.236736,16.90956,16.223072,11.063949,9.686729,8.577588,8.16472,7.2442455,9.693917,9.8069315,11.326796,10.498122,14.747119,15.787671,14.224366,18.24424,18.799261,22.483395,24.767551,27.950533,29.267008,28.590097,32.441917,30.215256,25.754698,23.647493,19.899063,18.783407,13.75942,11.802127,8.2965145,6.450297,7.5770326,11.378337,11.581435,13.879779,15.511464,18.001116,18.991213,19.308851,15.452059,18.873753,18.443172,23.958185,22.09294,26.764917,29.451159,29.432104,26.245993,28.272865,21.800814,24.15139,20.232344,22.387934
27,24.284813,20.245636,21.87834,15.377907,16.614866,13.795473,13.118062,19.279531,19.327694,23.01262,26.070868,28.58302,29.498896,28.384216,25.855936,21.666538,21.529125,16.60916,19.220003,14.187347,19.088152,13.726448,14.049045,12.014873,7.810482,8.81435,3.9160614,0.0,4.5640755,6.133505,9.424643,12.154261,18.15776,20.934753,22.099075,26.102964,27.839285,29.109587,26.554214,22.208183,18.86066,19.434597,14.859044,17.291098,13.458257,16.370474,15.413829,18.394022,17.474417,18.063726,14.964209,16.877943,12.53102,13.369814,14.809739,13.608518,18.236837,14.80673,14.648868,17.184145,21.337477,17.94918,13.445433,12.948938,7.315055,6.9968457,5.6734505,7.1377325,7.613469,10.579172,10.432134,13.230177,11.504045,16.155397,16.37428,13.804011,17.429712,17.396465,20.772154,22.70422,25.648277,26.839153,26.751112,30.514044,27.860477,23.605694,21.650358,18.404623,16.996641,12.79519,10.521042,8.194876,5.43578,9.151462,10.961709,9.625427,13.016486,14.952392,17.716007,18.158464,19.277435,15.65787,17.81767,17.942503,22.73483,21.065773,25.327818,27.761242,27.995077,25.028685,27.08799,20.845407,23.657213,20.048206,22.775549
28,20.312637,16.493944,18.536545,12.461152,14.16425,11.012455,9.313949,15.294298,15.01702,18.570454,21.56739,24.028866,24.950264,23.893927,21.308786,17.107513,17.116838,12.130421,15.203275,10.806196,15.934544,11.785147,12.674325,12.095477,6.8410687,11.133895,5.8243246,4.5640755,0.0,5.0988603,5.747146,9.986636,15.189049,18.406656,19.630676,23.26068,25.519262,26.589397,24.135136,20.059078,16.037935,16.89085,11.802505,14.470952,10.70422,13.677,13.47767,16.271446,16.64067,16.724508,13.9445,15.642436,11.321291,13.200597,13.375162,14.356348,17.910475,15.350925,15.200965,17.010118,20.373318,16.314114,12.586947,11.062275,7.510076,5.341333,7.8030057,7.325184,9.960077,11.58076,9.771545,11.95363,8.798543,13.084887,12.777079,9.688738,13.565442,13.344947,17.077938,19.05453,22.28845,23.491909,22.828932,26.658176,24.42384,19.964087,18.038584,14.294813,13.603995,8.606728,7.502343,6.0166574,5.85405,9.845026,10.012582,10.321481,14.1594,14.7749195,16.91001,16.521507,17.235596,12.910225,14.9366255,13.98696,18.969084,16.838108,21.299397,23.847881,23.816126,20.731808,22.847725,16.487062,19.325993,15.821658,18.734072
29,21.619762,17.559689,20.438435,14.403937,16.849396,14.509386,12.609849,18.338085,16.980833,20.79696,22.675915,25.789074,26.012337,24.70971,22.807259,18.611431,20.007393,14.918116,18.88301,15.196618,19.823833,16.19925,17.621231,16.411966,11.620405,14.535759,9.03518,6.133505,5.0988603,0.0,5.8072877,6.0368357,12.798987,14.846913,16.636263,20.227112,22.250175,23.887373,21.97284,18.11768,14.651485,16.804672,11.967809,16.321022,13.568855,17.155403,17.69061,20.914377,21.047644,20.404428,17.518566,18.078537,13.145927,13.846924,13.19168,12.704031,15.289579,11.880268,10.87085,12.238332,16.303003,12.309763,8.083605,8.628833,5.3896785,6.673744,8.88467,10.773951,13.244708,15.636898,14.255059,16.965334,13.651572,17.80392,16.916307,12.846641,16.09006,14.517975,17.891634,18.772291,21.740484,22.334894,22.291496,25.643066,22.554438,18.445642,16.14273,13.689263,11.3560095,8.750539,5.821227,6.26294,4.9840136,10.484385,8.195295,6.493671,11.252287,12.073925,14.495903,13.705985,15.574716,12.344258,12.675036,13.620775,17.435545,16.430737,20.19822,22.497318,23.366907,20.652431,23.575232,17.712158,21.35303,18.599758,22.12048
30,19.239532,15.892577,19.220835,14.25922,16.830788,13.886364,10.720113,15.442391,13.699342,16.703588,18.45449,21.014652,21.272686,19.610672,17.660463,13.67743,15.400766,10.571921,15.256616,12.851106,17.86577,15.653755,16.711775,17.279062,11.852853,16.806541,11.555202,9.424643,5.747146,5.8072877,0.0,6.8688293,9.623409,13.778167,14.23161,17.950537,20.169456,21.022514,18.652359,14.872965,10.528191,12.280987,6.9574113,11.3279505,9.114555,12.677881,14.267004,17.452534,18.572098,17.063803,14.692162,14.700787,10.2344885,12.101971,10.138723,12.934409,14.544372,13.158328,13.154355,14.189021,16.18576,11.883229,9.467383,6.5578074,7.032715,5.1695104,10.340317,10.210517,14.410486,15.4538965,12.74829,15.178993,10.8507185,14.265913,12.449823,7.726287,10.482518,8.729392,12.259597,13.581978,16.802673,17.804472,17.345446,21.113,18.75059,14.356067,12.810581,9.341486,9.411086,5.6523376,6.5413146,8.558018,9.587117,14.299904,11.801992,11.855271,16.442518,16.201515,17.819773,15.992937,17.21979,13.054241,12.774377,11.362508,14.940831,12.553783,16.419283,18.654621,18.668833,15.843391,18.04289,12.115069,15.678507,13.092602,16.870632
31,19.965034,16.278414,20.283667,15.470323,18.709274,17.007153,14.319799,18.794281,16.077614,19.644873,20.01544,23.660654,23.072445,21.616936,20.556557,16.670395,19.673159,15.006968,19.853647,17.776833,21.735626,19.83168,21.892342,21.333584,16.49734,20.30842,14.737511,12.154261,9.986636,6.0368357,6.8688293,0.0,8.356012,8.881978,11.866869,14.551627,17.140448,19.22825,18.287592,15.399384,11.985343,15.943743,11.5124035,17.18666,15.778922,19.442791,21.100368,24.251451,25.227081,23.74472,21.22897,20.782248,15.991855,16.622852,14.131829,14.722404,14.689404,12.094755,10.318414,9.468161,12.665567,7.767721,5.451169,7.445035,8.958396,10.49101,14.10957,15.765966,19.016731,21.009624,18.961203,21.389463,17.290497,20.62839,18.919209,14.094196,16.472805,13.407522,16.406609,15.88836,18.747395,18.531103,18.421705,21.117428,17.586832,13.783563,10.981816,10.019702,6.2454743,7.415447,5.23372,8.989928,9.67113,14.409964,9.361309,8.414046,12.833022,12.080512,13.521313,11.015552,13.584542,11.263252,8.639566,10.623464,12.52906,12.572886,15.408882,17.471758,19.163595,16.88889,20.791792,15.810817,20.097733,18.51718,22.531504
32,21.635836,19.284569,23.917082,20.656572,23.92918,21.786356,18.132185,20.887428,17.405636,19.29108,18.12235,20.980349,19.577158,16.953339,17.074587,14.445621,18.97271,15.597685,21.079197,20.85406,24.954914,24.452759,25.874737,26.768225,21.422705,26.264307,20.85816,18.15776,15.189049,12.798987,9.623409,8.356012,0.0,6.736821,4.9199824,8.707191,10.714928,11.698051,10.507297,8.557379,5.1712313,10.58331,8.311106,14.108035,15.072306,18.345076,21.451609,24.703926,26.23704,23.262993,21.516603,19.453882,15.724951,16.375435,11.94587,15.299257,12.476043,13.159316,12.82975,11.509655,10.054758,6.0809016,8.688886,6.7562337,12.8005295,13.238693,18.000813,18.842653,23.3615,24.379644,21.538097,24.094593,19.488285,21.834505,18.959936,13.994182,14.0137415,9.838453,10.836021,8.663632,10.8707695,10.255494,11.089419,13.696977,9.964624,6.5568695,6.0423675,7.097027,7.2740006,10.406676,11.902954,16.01305,17.247406,22.098925,17.31689,16.682444,21.14923,20.062038,20.868254,17.39518,19.564325,17.066065,12.978038,12.628383,11.366874,10.369565,10.965672,11.800266,13.0569105,11.75371,14.710647,11.789418,16.147512,16.171017,20.461687
33,21.772932,19.332224,24.20142,21.368156,24.953955,23.797222,20.60482,23.187366,19.256224,21.67927,19.630081,23.454454,21.519594,19.656559,20.29891,17.700325,22.54779,19.190296,24.443594,24.235077,27.448883,27.225918,29.510984,29.639282,24.743866,29.11078,23.532516,20.934753,18.406656,14.846913,13.778167,8.881978,6.736821,0.0,6.821811,6.2828865,9.920251,12.824126,14.074003,13.6626835,11.697652,17.227318,14.783635,20.707617,21.116999,24.487883,27.237741,30.295141,31.920395,29.451735,27.4577,25.81424,21.664738,22.012804,18.011953,19.603216,16.450768,15.7864485,13.977925,10.717136,10.235653,6.293751,9.725013,11.582616,16.343779,17.849411,22.006178,23.52775,27.39759,29.017376,26.488964,28.798887,24.238989,26.664621,24.152292,19.179907,19.947947,15.682277,17.11337,14.334359,16.182705,14.414422,14.6786,15.619906,11.189151,9.215191,6.5615535,10.126233,6.782964,12.754091,12.740109,17.089401,18.40695,22.636066,16.645418,16.102829,19.558681,17.77038,17.918932,13.937281,16.722954,16.060537,10.358416,12.657643,9.515146,11.583185,11.068649,11.791679,15.065964,14.299968,18.9924,16.590914,21.05519,21.363832,25.56303
34,25.60554,23.488354,28.292486,25.243713,28.613327,26.62212,23.00999,25.5919,21.898523,23.496746,21.53083,24.299322,22.338728,19.42128,20.385775,18.42963,23.359797,20.346838,25.822628,25.7712,29.814913,29.331347,30.699148,31.454254,26.077799,30.537453,25.12605,22.099075,19.630676,16.636263,14.23161,11.866869,4.9199824,6.821811,0.0,5.954105,5.962878,7.3702054,7.3611836,7.2445254,7.0557942,12.35062,11.986113,17.354914,19.054884,22.261072,25.56641,29.001005,30.262173,26.85655,25.20677,22.467102,19.013494,18.892563,14.278185,16.779713,12.193502,13.749377,13.398821,11.266374,7.4451895,5.9017806,10.441867,9.764388,15.9645405,17.207842,21.421974,22.827255,27.278046,28.454977,25.807499,28.667702,24.146996,26.518883,23.511953,18.643744,18.09082,13.952431,13.716776,10.476432,11.0721655,9.389373,11.911004,13.212977,8.408905,7.511115,8.176666,11.286073,10.9427,15.185427,16.186113,20.35928,21.20111,26.184978,21.062185,19.731867,24.031109,23.058498,23.79051,20.108673,22.757912,21.052765,16.139061,16.685045,13.853637,13.886598,12.71547,12.32875,14.304955,14.167778,16.794403,15.532691,19.629025,20.308924,24.528769
