,0,1,2,3,4,5,6,7,8,9,10,11,12,13,14,15,16,17,18,19,20,21,22,23,24,25,26,27,28,29,30,31,32,33,34,35,36,37,38,39,40,41,42,43,44,45,46,47,48,49,50,51,52,53,54,55,56,57,58,59,60,61,62,63,64,65,66,67,68,69,70,71,72,73,74,75,76,77,78,79,80,81,82,83,84,85,86,87,88,89,90,91,92,93,94,95,96,97,98,99,100,101,102,103,104,105,106,107,108,109,110,111
0,0.0,3.76746,6.60556,10.416632,12.489708,15.543582,17.023365,21.886581,23.621655,27.16546,30.890465,33.732513,36.313725,34.52355,35.41333,31.205318,32.91142,28.28218,30.21941,27.319345,28.898695,26.050964,25.61873,26.530075,26.57049,26.834044,25.439829,26.2721,24.506039,23.044607,24.677242,21.619568,27.396849,24.214218,30.090878,29.432676,33.940052,37.33777,37.74569,36.3634,32.678238,36.768307,31.781092,36.186928,33.231884,35.72522,35.702877,36.703865,38.685833,39.81151,37.41437,39.13592,34.70182,36.36351,34.909714,35.351208,37.202988,33.669674,30.149288,28.0901,30.487057,26.460806,25.535513,27.340431,28.0908,28.559605,30.862186,32.18488,31.472984,33.289074,32.61083,31.925892,30.032774,32.424473,32.631622,29.871,33.73296,31.918568,35.99192,35.97731,39.207455,38.72258,38.20106,39.7654,36.15849,32.76495,28.880877,27.939463,23.113346,23.073189,19.59277,17.688774,19.285345,16.502266,18.42316,22.890352,17.980272,15.174529,13.658919,13.988818,17.919655,14.652087,18.306421,18.586113,18.455904,21.831596,21.8189,24.829609,23.700975,28.201818,28.717896,32.955692
1,3.76746,0.0,2.9912248,7.1340027,8.76816,12.031215,13.694324,18.375092,20.394192,23.709621,27.753145,30.42463,32.90737,31.062653,31.80996,27.569468,29.29177,24.5914,26.714031,23.736479,25.654396,22.85017,22.189837,23.482391,23.17184,23.98594,22.292955,23.018875,20.976528,19.632364,20.975027,18.194284,23.947796,21.216928,26.858849,26.53257,31.065725,34.316303,34.45268,32.92849,29.110094,33.09521,28.071026,32.427704,29.49407,32.001587,32.07944,33.174305,35.20258,36.16848,33.79304,35.442932,31.03516,32.78013,31.390753,31.996489,33.883736,30.56268,27.006304,25.234383,27.570465,23.310707,22.309633,23.738283,24.668667,24.959162,27.51256,28.723373,28.290081,30.019722,29.144125,28.526865,26.4327,28.868645,28.964615,26.11828,29.979332,28.193789,32.28794,32.38867,35.652138,35.293716,34.772945,36.527897,32.980682,29.412323,25.622988,24.38495,19.74624,19.356117,15.9208,13.963494,15.751235,13.416172,15.641932,20.349432,15.832474,12.799601,11.344265,10.803533,14.623598,11.343281,14.724312,15.50425,15.860249,18.89315,18.523687,21.815634,20.210623,24.833166,25.299278,29.505028
2,6.60556,2.9912248,0.0,6.0087256,6.136128,9.325493,11.713976,15.823354,18.240685,21.31628,25.668497,28.258799,30.509027,28.526163,29.122637,24.849285,26.376614,21.702269,23.727945,20.786541,22.709799,20.065514,19.436115,21.065928,20.67571,21.976171,20.280697,21.09798,18.695898,17.790035,18.604164,16.502102,22.1038,19.940222,25.254614,25.198513,29.818441,32.883427,32.707737,31.053564,27.002586,30.786934,25.683926,29.82351,26.84319,29.225466,29.322989,30.324821,32.52167,33.4673,31.181887,32.89677,28.620674,30.576689,29.414366,30.228172,32.22753,29.210405,25.632963,24.270687,26.488672,21.956789,20.881397,21.636168,22.766914,22.65931,25.488527,26.416386,26.138721,27.649319,26.572271,25.798956,23.634796,25.937332,26.04064,23.31436,27.209354,25.594429,29.76136,30.075666,33.436607,33.248135,32.554504,34.52852,31.179907,27.391977,23.713444,22.096613,17.80372,16.844364,13.70593,11.5173645,13.575746,12.189643,14.292589,19.270416,15.16507,12.2393265,10.611684,9.055827,12.419173,8.643742,11.772308,12.710159,13.286545,16.07485,15.562665,18.98934,17.289541,21.943235,22.554941,26.697905
3,10.416632,7.1340027,6.0087256,0.0,4.774032,7.945848,7.2881546,12.808608,14.333074,17.535664,21.502195,23.864851,26.685753,25.15788,26.083088,21.986351,24.684645,19.903767,23.176224,20.414248,23.623144,21.511028,19.914701,22.525349,20.667196,23.204401,20.156807,19.860954,17.186556,15.090386,15.642305,12.107482,17.157305,14.123469,19.780293,19.47315,23.993372,27.19628,27.383186,26.097393,22.414806,26.787836,22.023174,26.910362,24.592064,27.44389,28.289862,29.975636,32.068546,32.076763,29.718338,30.567045,26.008919,27.556707,25.31862,26.614832,27.689371,24.833647,21.299627,19.498596,21.005377,16.58937,16.321701,17.838242,19.869045,20.344477,23.741335,25.080715,25.917925,27.616592,26.102413,26.07124,23.006834,25.573801,24.863033,21.205994,24.63813,22.209858,26.066965,25.730793,28.865576,28.328344,28.049967,29.694923,25.960308,22.49457,18.71325,17.7669,12.823871,13.377428,9.821431,9.439567,12.13429,10.20717,14.614236,18.940512,15.993139,12.274575,12.295933,9.903255,13.07421,11.020232,12.134251,15.150841,16.679789,18.236288,16.627113,19.736095,16.38897,21.059698,20.507467,24.763666
4,12.489708,8.76816,6.136128,4.774032,0.0,4.1409855,6.596299,10.005388,12.868916,15.4362755,20.247234,22.497797,24.639185,22.65738,23.137999,18.86184,20.784466,16.004433,18.760447,15.959137,18.878967,16.919355,15.617968,18.57864,16.99441,20.025312,17.446444,17.685425,14.423978,13.677664,13.1648245,11.756199,16.607489,15.256516,19.931234,20.317305,24.939922,27.691683,27.124577,25.42177,21.148783,24.882639,19.8111,24.011808,21.340399,23.809181,24.434452,25.735348,28.156874,28.454483,26.277094,27.562355,23.343035,25.441368,24.070677,25.541843,27.207792,24.860758,21.325064,20.518204,22.106789,17.231903,16.454762,16.253971,18.32323,17.792147,21.498327,22.157156,22.896173,24.12792,22.39697,21.853409,18.926056,21.183086,20.739729,17.581049,21.292665,19.488766,23.641184,23.992224,27.405375,27.346117,26.596615,28.805838,25.608978,21.591137,18.115568,16.060652,12.200769,10.740226,8.040575,6.4715586,9.685358,10.10504,13.21078,17.987934,15.45422,12.456373,11.720944,8.158653,10.068034,7.0525055,7.4484596,10.594426,12.392136,13.572983,11.865783,15.3775425,12.153467,16.975359,17.09312,21.210741
5,15.543582,12.031215,9.325493,7.945848,4.1409855,0.0,5.444599,6.711849,9.858438,12.428243,17.171263,19.686192,21.460272,19.306517,19.986017,15.799417,17.682835,13.33748,15.816945,13.999952,16.51711,15.998173,15.097772,18.991394,17.308838,21.355135,18.947418,19.198109,15.286497,15.29045,13.115636,13.016853,16.315578,15.179593,19.328653,19.342052,24.237112,26.74224,26.029203,24.644455,20.073122,23.651405,18.712873,22.51264,20.162714,22.231426,23.243757,24.206228,27.288078,27.305794,25.492771,26.643192,22.845371,25.324356,23.954584,26.188885,27.468534,25.920263,22.52703,22.143097,22.849236,17.840498,17.712183,16.337214,19.340225,18.04192,22.44647,22.48629,23.746712,24.394964,22.094053,21.054508,17.82551,19.23996,18.528845,15.629318,19.030636,17.307652,21.48427,21.89621,25.513433,25.497528,24.048662,26.312384,23.663984,19.509464,16.116175,13.962226,10.785049,9.214203,8.417411,7.80087,11.505312,13.370306,16.21039,20.867138,18.91629,16.208614,15.397128,11.484149,12.150748,8.575779,6.6448584,10.0991745,11.571047,11.6606865,9.68737,11.936416,8.7006,13.266433,13.291546,17.51282
6,17.023365,13.694324,11.713976,7.2881546,6.596299,5.444599,0.0,6.2605457,7.066175,10.413663,14.279744,16.748299,19.496223,18.050343,19.369822,15.533659,19.012602,14.771872,18.576326,17.014923,20.58159,20.248457,18.523449,22.664246,19.919235,24.372032,20.919987,20.151691,16.40506,14.939264,12.844711,10.749188,12.9765835,10.146439,15.050693,14.3099375,19.319466,22.154076,22.115807,21.35943,17.315817,21.809732,17.376097,22.174875,20.670134,23.289265,25.031137,26.71448,29.48099,28.613033,26.688427,26.882244,22.750467,24.622293,21.896112,24.58721,24.725441,23.259968,19.96906,18.927507,18.676676,13.904282,14.99491,14.787354,18.689995,18.290684,22.958738,23.610851,25.71415,26.722113,24.268696,24.084965,20.21101,21.9709,20.45544,16.536558,19.22582,16.357681,20.055414,19.43783,22.77034,22.161217,21.204409,22.875322,19.614693,15.932337,12.100786,11.294257,6.525901,8.295756,7.0749974,9.018553,12.73915,13.410207,17.900703,21.876928,20.43239,17.124807,17.372272,13.708484,14.9228325,12.949215,10.973842,15.216574,16.998137,16.814447,14.400416,16.044365,11.662425,15.682393,14.087841,18.359556
7,21.886581,18.375092,15.823354,12.808608,10.005388,6.711849,6.2605457,0.0,4.6444592,5.7717385,11.068423,13.17261,14.774943,12.706627,13.644381,9.679044,12.912477,9.19576,12.928419,12.483283,15.967939,17.13557,15.660576,20.717226,17.816257,23.414444,20.333694,19.766476,15.389083,15.53312,11.290775,12.451391,12.637444,12.549273,15.001115,15.128253,19.843874,21.7582,20.67944,19.705427,15.016822,18.531479,14.188381,17.887356,16.636553,18.589714,20.698206,21.98731,25.399971,24.251728,22.832733,23.027275,19.667507,22.192318,20.239563,23.656687,23.940863,23.670835,20.711273,20.95868,20.231306,15.423821,16.36641,13.651318,18.183905,16.41511,21.711966,21.347134,23.988707,24.166796,21.07379,20.386456,16.26094,17.02699,15.152891,11.681126,13.977086,11.61975,15.510225,15.652664,19.362795,19.3659,17.462101,19.9014,17.74463,13.403465,10.486229,7.9671135,6.7248163,5.5576153,8.117964,9.952696,13.437877,16.391163,19.66911,23.43188,22.920954,20.369225,20.30299,16.094236,15.574144,13.740177,9.682162,13.967449,15.892923,14.135795,11.234573,11.814189,6.53789,9.830607,7.9485955,12.146726
8,23.621655,20.394192,18.240685,14.333074,12.868916,9.858438,7.066175,4.6444592,0.0,4.6410117,7.4383225,10.403022,12.917743,11.661629,13.854279,10.858607,15.274476,12.5725565,16.385136,16.721724,20.030504,21.718819,20.203003,25.296978,22.140118,27.807991,24.376724,23.363546,19.14924,18.485746,14.405552,14.24841,12.873766,10.963281,13.601523,12.073111,17.126215,19.228968,18.991673,19.143215,15.062431,19.248951,15.781448,19.870054,19.547249,21.566128,24.223585,25.692783,29.12182,27.378555,26.094698,25.571161,22.283894,24.398708,21.363718,25.356853,24.458466,24.571714,21.837505,21.55565,19.59813,15.297485,17.557673,15.682157,20.853142,19.622725,25.016983,24.924385,28.002834,28.273495,25.071825,24.639921,20.321196,20.856325,18.52551,14.862848,16.115587,12.924639,15.977526,14.906235,18.365435,17.619963,15.415161,16.97034,14.753555,11.056879,7.5924034,7.5707307,5.6684165,8.588751,10.813074,13.613853,17.130667,19.208485,23.301632,26.861128,26.33494,23.387852,23.666374,19.647291,19.679348,17.830212,14.177109,18.371328,19.950848,18.30658,15.628317,15.049266,10.54411,12.526361,9.279484,13.216119
9,27.16546,23.709621,21.31628,17.535664,15.4362755,12.428243,10.413663,5.7717385,4.6410117,0.0,6.237698,7.473197,9.23067,7.7082014,9.425899,6.596587,11.715541,9.669994,13.984687,14.754373,18.586803,20.701023,18.889362,24.274834,20.65836,26.912893,23.398354,22.165787,17.919056,17.845894,12.841873,14.298283,11.367574,11.995421,12.286348,12.261012,16.420496,17.639378,16.377771,16.181131,11.854169,15.321462,12.280794,15.772711,16.0307,17.819279,20.916632,22.545229,25.951057,23.681973,22.664028,21.745396,18.941494,21.169266,18.418375,22.859484,21.899307,22.86005,20.501963,21.106796,18.929842,14.880149,16.93558,13.70881,19.167122,17.422832,22.987627,22.483545,26.125687,26.048222,22.54947,22.343678,17.820448,18.071352,15.240183,11.542888,11.941616,8.639694,11.475784,10.7644005,14.422295,14.219589,11.774377,14.232538,12.624601,8.291439,6.34483,4.3509116,6.660997,7.5538673,11.339757,14.282122,17.219425,20.244167,23.82638,26.842005,27.202442,24.703814,25.14084,20.973087,20.096142,19.176899,14.789287,19.097961,21.12478,18.712242,15.676142,15.191606,10.013417,10.978854,7.087494,10.107278
10,30.890465,27.753145,25.668497,21.502195,20.247234,17.171263,14.279744,11.068423,7.4383225,6.237698,0.0,4.330119,7.146487,7.5603666,11.181211,10.67413,15.798884,15.251656,18.832468,20.561485,23.733292,26.604727,25.028719,30.46429,26.853653,33.144745,29.525301,28.06586,23.955807,23.403587,18.664856,19.135902,15.0082245,13.873619,13.720288,11.416733,15.27353,16.252949,16.142408,17.743113,14.703199,18.266518,16.733784,19.919968,21.181612,22.67896,26.188047,27.705753,31.25747,28.470448,27.785252,26.207584,23.847261,25.670856,22.049376,27.016697,24.73772,26.336689,24.389881,24.524004,20.976585,17.905685,21.136158,18.734797,24.463177,23.098076,28.6138,28.208462,32.140015,32.00032,28.395195,28.1818,23.680075,23.401196,20.346521,17.092762,16.343815,12.933851,14.061181,11.817173,14.632303,13.357023,9.797364,10.462558,9.894196,7.5386343,6.4068775,8.663586,10.2815695,13.543348,16.763653,20.050266,23.123049,25.517044,29.630867,32.585533,32.834324,30.026644,30.608953,26.552742,26.096647,24.800076,20.625643,24.71989,26.278044,23.880524,21.15757,19.351194,15.317833,15.06542,10.633426,12.550581
11,33.732513,30.42463,28.258799,23.864851,22.497797,19.686192,16.748299,13.17261,10.403022,7.473197,4.330119,0.0,4.4895754,6.206397,9.276802,9.885792,15.246795,15.192579,19.156067,20.791443,24.531466,27.26391,25.282951,30.700905,26.637445,33.14752,29.289297,27.473007,23.618492,23.107384,18.20707,19.196966,13.844335,14.342536,12.150564,11.167916,13.685794,13.687056,12.785314,14.513978,12.007706,14.989486,14.533536,17.318357,19.37212,20.838764,24.695711,26.579521,29.74877,26.37643,25.83849,23.632742,21.649248,23.164202,19.38553,24.666252,21.928844,24.283838,22.81976,23.482378,19.573298,17.11885,20.353333,17.521032,23.266422,21.934265,27.302212,26.84955,31.25094,31.036604,27.370398,27.654114,23.071997,22.894388,19.501144,16.16727,14.50105,10.9446,10.870956,8.032841,10.482828,9.279829,5.4909687,6.9209886,6.928776,4.663585,6.233232,7.9965773,11.481649,14.046516,17.596191,21.089993,23.652048,26.315046,30.268042,32.627148,33.58969,31.034683,31.912907,27.87874,26.995075,26.57505,22.173882,26.470259,28.458254,25.774622,22.789082,21.522404,16.952402,16.436073,12.019964,12.835888
12,36.313725,32.90737,30.509027,26.685753,24.639185,21.460272,19.496223,14.774943,12.917743,9.23067,7.146487,4.4895754,0.0,3.2300322,6.248398,8.629049,12.975725,14.4258795,17.45808,20.005219,23.132948,26.671644,25.048994,30.553522,26.733181,33.45211,30.052233,28.527735,24.592821,24.941154,19.542889,21.83988,16.649681,18.316576,15.698697,15.558902,17.666918,17.038923,15.242777,16.419691,13.747607,15.161028,15.142692,16.330479,18.681917,19.310204,23.262995,24.669342,28.1741,24.695633,24.686758,22.558878,21.48027,23.390568,20.607796,25.934618,23.668514,26.530136,25.233276,26.52822,22.995424,20.453474,23.086073,19.21746,24.694658,22.642586,27.969915,26.876602,31.309193,30.561096,26.694826,26.598333,22.274101,21.24676,17.80349,15.494118,13.005783,10.603973,9.889271,8.370157,10.726891,10.643372,5.6142187,8.2020035,10.301141,8.25536,10.309142,10.293848,14.739902,15.714788,19.87913,22.891108,25.2712,28.681726,31.973633,34.321873,35.512577,33.305492,33.914417,29.742386,28.288174,27.79734,23.033987,26.886316,28.742168,25.540094,22.700062,20.814333,16.88335,15.141661,11.025429,10.2761965
13,34.52355,31.062653,28.526163,25.15788,22.65738,19.306517,18.050343,12.706627,11.661629,7.7082014,7.5603666,6.206397,3.2300322,0.0,4.031395,5.891197,9.980898,11.578244,14.297934,17.069256,19.94446,23.679018,22.290903,27.834694,24.288006,30.999716,27.91553,26.720474,22.618979,23.44896,17.84556,20.767883,16.354296,18.374447,16.364895,16.639084,19.333296,19.065008,16.97597,17.34425,13.870632,15.108741,14.190153,15.1030655,16.859724,17.27546,21.015108,22.117525,25.924223,22.845398,22.83893,21.270744,20.16772,22.525486,20.426792,25.495886,24.02262,26.520512,24.94159,26.399261,23.523676,20.410294,22.507837,18.161139,23.457438,20.984703,26.386446,25.026329,29.190428,28.281595,24.37601,23.909204,19.681469,18.398039,15.081944,13.085472,10.954118,9.073127,9.427209,9.17736,12.218051,12.6893835,8.211964,11.283452,12.637353,9.559629,10.771404,9.456469,13.967932,13.889085,18.295837,20.897932,23.30189,27.08591,29.988878,32.562183,33.607933,31.553816,31.90377,27.66411,26.001835,25.29672,20.424688,24.039215,25.82534,22.488527,19.710901,17.744413,13.957255,11.962446,7.989602,7.1254263
14,35.41333,31.80996,29.122637,26.083088,23.137999,19.986017,19.369822,13.644381,13.854279,9.425899,11.181211,9.276802,6.248398,4.031395,0.0,4.3742404,7.159691,9.604865,12.121232,14.840587,17.948584,21.57474,20.07276,25.4888,21.892056,28.673887,25.80542,24.69964,20.775858,22.240183,16.490698,20.518108,16.311754,19.796381,17.184515,18.756187,21.019712,20.417997,17.435673,16.792349,13.113444,13.005257,12.195829,11.789613,13.657335,13.588868,17.406866,18.508066,22.218012,19.000397,19.223719,17.718973,17.178299,19.78421,18.663588,23.508482,22.71018,25.4138,24.00009,26.094957,23.822672,20.699589,22.039055,16.889177,21.67845,18.739525,23.904465,22.135849,26.376616,25.175795,21.21253,20.831984,16.765635,15.280057,11.817181,10.4091625,7.505638,6.93212,7.051967,8.653392,11.661164,13.1763315,9.595398,13.532349,14.745031,11.32615,12.929805,10.142612,15.3322525,13.638466,18.241909,20.425358,22.292105,26.623367,28.864489,31.094372,32.610516,30.992706,31.30992,27.112137,24.876976,24.768618,19.77258,23.185747,25.263397,21.65909,18.804487,17.50996,13.578638,11.4006605,8.479718,6.4088054
15,31.205318,27.569468,24.849285,21.986351,18.86184,15.799417,15.533659,9.679044,10.858607,6.596587,10.67413,9.885792,8.629049,5.891197,4.3742404,0.0,5.701955,5.812439,9.558927,11.399511,15.125426,18.109964,16.462276,21.981274,18.416286,25.133867,22.216257,21.288359,17.11845,18.607212,12.830727,16.937439,13.814122,17.189882,15.6392765,17.392117,20.389221,20.515293,17.762993,16.527077,12.00208,12.917878,10.345405,11.243388,11.788594,12.439675,15.826446,17.084507,20.82339,18.288889,17.908752,17.122389,15.571145,18.449337,17.41168,21.840958,21.739199,23.557388,21.644094,23.52128,21.935009,18.15993,19.079134,13.950958,18.725721,15.745049,21.146446,19.584217,23.4778,22.57262,18.704062,18.222078,13.886795,13.070884,9.787589,7.323053,6.2950187,5.064187,7.826539,9.575491,13.230024,14.50804,11.73333,15.547707,15.3958025,11.101501,11.423612,7.526599,12.161731,9.555633,14.198573,16.154182,18.176788,22.54847,24.767878,27.31033,28.498085,26.82289,27.024515,22.80013,20.660446,20.428776,15.457082,19.0763,21.31482,17.947111,14.896064,14.373917,9.618565,8.618933,5.798416,5.9298553
16,32.91142,29.29177,26.376614,24.684645,20.784466,17.682835,19.012602,12.912477,15.274476,11.715541,15.798884,15.246795,12.975725,9.980898,7.159691,5.701955,0.0,5.2074666,5.195336,8.707656,10.984551,15.078234,14.31913,19.611301,16.955183,23.49265,21.70241,21.594397,17.584599,20.444878,14.82872,20.22717,18.279512,22.231321,20.842491,23.001541,25.938187,25.894566,22.704762,20.837275,16.342375,15.755273,13.150809,11.711486,11.26721,10.223409,12.837944,12.802612,17.358452,15.595243,15.853087,16.244844,15.845006,19.381224,20.198767,23.9109,24.999043,26.756071,24.88333,27.280485,26.549946,22.635248,22.593792,16.810097,20.383339,16.48377,21.296814,18.766043,22.028946,20.297894,16.351267,14.793888,11.327116,8.731892,5.901427,6.971384,6.3010263,8.666509,11.013803,14.127201,17.36857,19.282991,16.47411,20.468105,20.881659,16.713615,17.069946,12.853004,16.962433,12.799781,17.164017,17.862785,19.352947,24.500156,25.407557,27.974482,29.237722,28.216251,27.886534,23.752237,20.853432,20.488756,15.518482,17.87565,19.852852,15.887463,13.3375845,12.571535,9.547909,6.9815784,7.3255424,5.316732
17,28.28218,24.5914,21.702269,19.903767,16.004433,13.33748,14.771872,9.19576,12.5725565,9.669994,15.251656,15.192579,14.4258795,11.578244,9.604865,5.812439,5.2074666,0.0,5.598739,5.642625,10.223913,12.336863,10.726112,16.278656,13.150867,19.74598,17.433804,17.25253,12.967138,15.606039,10.10207,15.436406,14.680281,18.547968,18.04016,20.489552,23.790854,24.35502,21.44597,19.134209,14.203287,14.768921,10.682788,11.243669,9.487636,10.113033,12.242433,13.163663,17.021002,15.779624,14.980331,15.7331295,13.789491,17.267883,17.738575,20.987705,22.537588,23.35974,21.04567,23.141722,23.071339,18.738754,18.251003,12.765388,16.26558,12.596884,17.71409,15.7787895,18.838547,17.82512,14.090772,13.031369,8.80093,8.42405,6.001013,3.8938305,6.5056167,7.3782506,11.28287,13.958241,17.517103,19.100443,17.193775,21.064636,20.193632,15.575779,15.001872,10.221764,13.300764,8.116062,12.180066,12.66614,14.217639,19.307875,20.406982,23.181578,24.217121,23.046677,22.809645,18.653801,15.912366,15.832867,10.863328,14.013326,16.58508,13.193032,10.023828,11.315831,6.3082,6.9709196,7.279359,8.364119
18,30.21941,26.714031,23.727945,23.176224,18.760447,15.816945,18.576326,12.928419,16.385136,13.984687,18.832468,19.156067,17.45808,14.297934,12.121232,9.558927,5.195336,5.598739,0.0,5.3004146,5.8334546,10.557146,10.87377,15.946972,14.475145,20.425718,19.58289,20.367779,16.364523,19.900494,14.912147,20.447166,20.268627,23.808554,23.569714,25.65355,29.124462,29.591015,26.613916,24.375702,19.564318,19.366693,15.76145,14.723966,12.669558,11.610753,12.59422,11.53818,16.47283,16.342379,16.2933,18.099377,17.31449,21.125505,22.67041,25.550343,27.622797,28.504026,26.230335,28.455109,28.650646,24.260708,23.506567,17.977728,20.658321,16.532503,20.90897,18.19732,20.287264,18.427185,14.828059,12.063112,9.45843,6.363401,5.806597,8.129523,9.880815,12.256704,15.440994,18.525778,21.940601,23.733557,21.143688,24.998724,24.880161,20.420877,19.905005,15.475013,18.269707,13.210564,16.80933,16.29773,17.666182,23.023422,23.058262,26.109554,26.795002,26.084217,25.174974,21.181635,18.088226,17.082264,12.441078,13.638814,15.330217,11.194725,9.098957,8.916088,7.3704863,5.555033,8.708551,8.361163
19,27.319345,23.736479,20.786541,20.414248,15.959137,13.999952,17.014923,12.483283,16.721724,14.754373,20.561485,20.791443,20.005219,17.069256,14.840587,11.399511,8.707656,5.642625,5.3004146,0.0,6.2172284,6.791737,5.7684054,11.169086,9.278662,15.32372,14.316391,15.325028,11.451839,15.425249,11.187107,16.996689,18.183441,22.183115,22.302794,25.109385,28.470427,29.21832,26.187344,23.253494,18.403385,18.430136,14.0083685,13.762977,10.38361,10.394545,10.392317,10.330282,14.1891575,14.76058,13.775078,16.235876,14.491443,18.234941,20.23405,22.217878,25.167105,25.238197,22.774431,25.048563,26.230946,21.748007,20.092215,14.794862,16.449345,12.343365,16.346682,13.870705,15.487534,14.100517,10.781588,8.450867,5.370674,5.275033,5.7895117,6.589328,10.256021,12.264306,15.999357,19.109734,22.469402,24.280973,22.734383,26.6689,25.595364,20.926285,20.036953,15.175371,17.177137,11.113819,13.723133,12.3947,13.011931,18.585825,18.022379,20.91206,21.773304,21.386219,20.540169,16.730211,13.224438,13.303153,9.01674,10.52411,13.2771225,9.914148,7.2399,10.672441,7.601069,9.097461,11.6057415,12.556272
20,28.898695,25.654396,22.709799,23.623144,18.878967,16.51711,20.58159,15.967939,20.030504,18.586803,23.733292,24.531466,23.132948,19.94446,17.948584,15.125426,10.984551,10.223913,5.8334546,6.2172284,0.0,6.6155305,9.116162,12.879672,13.457717,17.964499,18.616238,20.477901,16.961172,21.085714,17.229374,22.603142,24.014708,27.264687,27.85934,29.980408,33.726315,34.525898,31.64176,29.046425,24.161144,24.022247,19.942768,18.95869,15.886629,14.750211,14.0141945,11.881498,16.539673,18.194462,17.961634,21.005295,20.145844,23.996916,26.343117,28.298037,31.317814,31.445137,28.936808,31.05152,32.181957,27.554401,26.05812,20.965858,22.453634,18.337551,21.754692,18.911392,19.427109,17.39796,14.632848,10.60177,10.07189,7.3451324,9.411963,12.199461,14.909125,17.37125,20.809137,23.964092,27.388838,29.182505,26.82745,30.626987,30.168753,25.580956,24.553362,20.08977,21.821081,16.326712,18.800577,16.969677,17.858738,23.15843,21.923018,25.27605,25.374712,25.229265,23.632326,20.097866,16.814293,15.238556,11.768129,10.717456,11.778776,7.7390666,7.238873,8.441069,9.580117,9.260223,13.391065,13.716672
21,26.050964,22.85017,20.065514,21.511028,16.919355,15.998173,20.248457,17.13557,21.718819,20.701023,26.604727,27.26391,26.671644,23.679018,21.57474,18.109964,15.078234,12.336863,10.557146,6.791737,6.6155305,0.0,4.2219763,6.4513507,8.2999115,11.559555,12.936181,15.542375,12.827547,17.293352,15.057391,20.143724,23.145151,26.704296,27.69401,30.506311,34.05551,35.129246,32.22753,28.964766,24.231474,24.25885,19.648354,19.36164,15.2849245,15.113524,13.196242,12.06886,14.93894,17.626463,16.447023,20.189873,18.505754,22.017986,24.903763,25.640217,29.659483,28.811966,26.174862,28.261446,30.584576,26.014643,23.487434,19.0697,19.00274,15.30059,17.554907,15.125561,14.27628,12.867238,11.18004,7.5833898,8.222789,8.831343,11.459609,12.956446,16.741081,18.826672,22.560621,25.68569,28.974821,30.777693,29.45351,33.319496,31.948162,27.23831,25.89595,21.186275,22.050262,15.990319,17.016834,14.090779,13.77631,18.92403,16.41454,19.527386,19.665213,20.20794,18.482658,15.534108,11.755756,11.567465,9.620746,7.9028463,10.265983,8.1308155,7.5429316,12.521471,11.949467,13.999321,17.387075,18.592686
22,25.61873,22.189837,19.436115,19.914701,15.617968,15.097772,18.523449,15.660576,20.203003,18.889362,25.028719,25.282951,25.048994,22.290903,20.07276,16.462276,14.31913,10.726112,10.87377,5.7684054,9.116162,4.2219763,0.0,5.581171,4.5210085,9.646406,9.500159,11.603446,8.722714,13.378513,11.2681,16.626143,19.627926,23.749592,24.367785,27.692251,30.887362,31.891932,28.88625,25.360817,20.786558,20.83756,16.122343,16.290813,12.00134,12.649415,10.98707,11.3149805,13.387467,15.395359,13.639333,17.06288,14.764502,18.10828,20.916096,21.464275,25.588526,24.63303,22.051521,24.311987,26.801228,22.406124,19.612865,15.147364,14.795194,11.112398,13.513992,11.337471,11.164493,10.333095,8.318725,6.3725343,5.459804,8.323455,10.11394,10.353257,14.42929,16.166508,19.880136,22.923134,26.050318,27.867525,27.140734,31.042454,29.303864,24.639418,23.443235,18.59173,19.567186,13.274906,14.098798,11.396231,10.503804,15.969621,13.768327,16.408985,17.328924,17.785973,16.702612,13.578747,9.415512,11.034102,8.671479,9.061835,12.437651,10.593382,8.707074,14.24774,11.680674,14.391752,16.87915,18.273977
23,26.530075,23.482391,21.065928,22.525349,18.57864,18.991394,22.664246,20.717226,25.296978,24.274834,30.46429,30.700905,30.553522,27.834694,25.4888,21.981274,19.611301,16.278656,15.946972,11.169086,12.879672,6.4513507,5.581171,0.0,5.3538895,5.2336206,8.18848,11.648552,10.804216,15.351753,15.141554,19.75599,23.715431,27.858015,28.675217,32.290104,35.292522,36.363003,33.30857,29.41926,25.183573,24.941462,20.42518,20.329893,15.839912,16.33397,13.4945135,13.502065,13.951467,17.352034,15.445913,19.58462,17.538628,20.387821,24.026218,23.348978,28.372099,26.775192,24.322338,26.598976,30.03831,25.910135,22.375462,18.706024,16.686539,13.71781,13.91855,12.00125,9.224302,8.703641,9.0300455,7.5225787,9.463917,12.367119,14.850084,15.513506,19.393595,21.290792,24.78124,27.907976,30.81061,32.72317,32.395443,36.32164,34.36381,29.758558,28.505423,23.718891,24.251478,18.115696,17.95569,14.586297,12.577846,17.12358,13.001588,14.894591,15.845995,17.51788,16.066553,14.226451,10.070112,12.637149,12.408653,11.236588,14.139451,13.552422,12.795487,18.580595,16.896763,19.652967,22.393469,23.721262
24,26.57049,23.17184,20.67571,20.667196,16.99441,17.308838,19.919235,17.816257,22.140118,20.65836,26.853653,26.637445,26.733181,24.288006,21.892056,18.416286,16.955183,13.150867,14.475145,9.278662,13.457717,8.2999115,4.5210085,5.3538895,0.0,6.7929997,5.4668126,7.563979,5.9870276,10.928177,10.299316,15.438985,18.805645,23.602564,23.787785,27.832325,30.448084,31.342672,28.167511,24.153494,20.064955,19.828438,15.317691,15.679549,11.210583,12.605011,10.564968,12.191078,12.414921,14.3512945,11.9060135,15.3165655,12.547492,15.336537,18.680038,18.227947,23.059032,21.682457,19.309715,21.884861,25.079813,21.134357,17.60606,13.543519,11.626491,8.374526,9.376042,7.5826983,6.9596343,7.177918,6.133126,6.9562387,6.3606873,10.820153,12.14206,11.519343,15.373417,16.85636,20.203667,23.189281,25.919094,27.826149,27.952946,31.871284,29.722837,25.233616,24.26242,19.415209,20.348284,14.174376,14.228984,11.637566,9.345014,14.475173,11.653196,13.028108,15.134932,16.14952,15.695704,13.1794815,8.84359,12.728776,11.248726,12.346379,15.984236,14.796447,12.789295,18.50816,15.118325,18.08725,19.907635,21.270037
25,26.834044,23.98594,21.976171,23.204401,20.025312,21.355135,24.372032,23.414444,27.807991,26.912893,33.144745,33.14752,33.45211,30.999716,28.673887,25.133867,23.49265,19.74598,20.425718,15.32372,17.964499,11.559555,9.646406,5.2336206,6.7929997,0.0,5.474089,9.263837,10.518414,14.235315,15.885334,19.510204,24.126957,28.409668,29.196762,33.252678,35.807453,36.936653,33.94178,29.732182,26.02175,25.832766,21.506174,21.916185,17.496796,18.680431,15.7976465,16.810741,15.705115,18.928635,16.492462,20.342136,17.831766,19.83295,23.59042,21.757917,27.34791,25.020798,22.743336,24.96359,29.24331,25.597086,21.415478,18.78942,15.309373,13.543457,11.874502,11.1611,6.8688173,8.307812,10.341827,11.043177,12.647963,16.50751,18.517681,18.31205,22.109175,23.555735,26.822758,29.703888,32.280144,34.125618,34.566635,38.39541,35.933395,31.519762,30.26892,25.658762,25.778433,19.99697,18.89223,15.5288,12.463888,15.838982,10.714581,11.044384,12.8789835,15.454436,14.522196,13.831337,10.139341,14.470114,15.261051,14.765981,17.843273,17.998728,17.029448,23.145882,20.727179,23.967373,26.176994,27.726854
26,25.439829,22.292955,20.280697,20.156807,17.446444,18.947418,20.919987,20.333694,24.376724,23.398354,29.525301,29.289297,30.052233,27.91553,25.80542,22.216257,21.70241,17.433804,19.58289,14.316391,18.616238,12.936181,9.500159,8.18848,5.4668126,5.474089,0.0,3.8981638,5.7461853,8.943464,11.311268,14.506192,19.097397,23.589317,24.151472,28.446741,30.710686,31.862541,28.994566,24.774868,21.28781,21.548107,17.173523,18.594175,14.457587,16.66608,14.802527,17.067205,16.054003,17.788673,14.869245,17.682673,14.14994,15.739771,18.682615,16.876724,22.231192,19.687737,17.295746,19.522903,23.813295,20.324625,16.01628,13.742464,9.978443,8.9163685,7.561473,8.188611,6.158444,8.899702,9.751937,11.936548,11.504274,16.199228,17.150871,15.548029,19.282232,19.946953,23.125587,25.57353,27.996128,29.637793,30.562883,34.214718,31.389374,27.156399,25.952133,21.545559,21.553604,16.1357,14.687976,11.95018,8.391267,11.810794,7.9505086,7.8110332,10.910012,12.642818,12.828234,11.52014,7.9626746,13.549591,13.657346,14.991652,18.651989,18.534473,16.65233,22.751266,18.992653,22.615028,23.943098,25.772652
27,26.2721,23.018875,21.09798,19.860954,17.685425,19.198109,20.151691,19.766476,23.363546,22.165787,28.06586,27.473007,28.527735,26.720474,24.69964,21.288359,21.594397,17.25253,20.367779,15.325028,20.477901,15.542375,11.603446,11.648552,7.563979,9.263837,3.8981638,0.0,4.524715,6.2480745,9.403484,12.085428,16.251175,21.17361,21.21304,25.88812,27.68252,28.716753,25.843529,21.513144,18.440228,18.829771,14.733383,16.793339,13.169951,16.056372,14.972223,18.052431,16.822823,17.433687,14.296238,16.095291,11.942013,12.864665,15.242811,13.182364,18.49192,15.799465,13.496611,15.975738,20.335344,17.230494,12.723599,10.815485,6.2792373,6.455183,4.8350325,7.1297293,7.3990455,10.418691,10.669712,13.798312,12.309345,17.216734,17.382647,14.885708,18.213882,18.309677,21.14924,23.25874,25.3856,26.929049,28.392803,31.91118,28.843182,24.862328,23.88523,19.697231,19.830238,14.913241,13.355926,11.6107645,8.006405,10.911305,8.8111105,7.611649,11.731195,12.759242,13.919714,12.416028,9.537204,15.278965,14.803716,17.217522,21.039934,20.664701,18.29182,24.07832,19.493164,23.117315,23.73092,25.567818
28,24.506039,20.976528,18.695898,17.186556,14.423978,15.286497,16.40506,15.389083,19.14924,17.919056,23.955807,23.618492,24.592821,22.618979,20.775858,17.11845,17.584599,12.967138,16.364523,11.451839,16.961172,12.827547,8.722714,10.804216,5.9870276,10.518414,5.7461853,4.524715,0.0,5.0292773,5.5672827,9.754128,13.613048,18.384819,18.681953,22.928932,25.30525,26.449083,23.64992,19.68714,15.851402,16.739449,11.950195,14.43359,10.686444,13.68096,13.282075,16.138134,16.259262,16.464914,13.587663,15.257752,10.922621,12.855113,14.447731,14.102828,18.38969,16.425066,13.697776,15.962422,19.279222,15.395042,11.65653,8.380197,6.492417,4.666442,7.2665973,7.91405,9.531953,11.284677,9.986964,12.14557,9.469924,14.145608,13.946745,11.007806,14.729615,14.6445875,17.989191,20.10558,22.68733,24.143862,24.983166,28.541296,25.677748,21.418913,20.243868,15.832812,16.10738,10.679284,9.733758,8.081736,5.2907467,10.068958,9.403811,10.538918,13.075296,13.030626,13.752667,10.951437,7.7030025,12.51252,10.940095,14.033566,17.925436,17.095385,14.3828945,19.887585,15.037601,18.71785,19.254202,21.271904
29,23.044607,19.632364,17.790035,15.090386,13.677664,15.29045,14.939264,15.53312,18.485746,17.845894,23.403587,23.107384,24.941154,23.44896,22.240183,18.607212,20.444878,15.606039,19.900494,15.425249,21.085714,17.293352,13.378513,15.351753,10.928177,14.235315,8.943464,6.2480745,5.0292773,0.0,5.803691,5.8706236,11.002167,15.067379,15.885449,20.104483,22.22324,23.761673,21.58673,17.865868,14.6384735,16.776249,12.263142,16.384045,13.623231,17.212273,17.567163,20.78546,20.760916,20.259466,17.299368,17.855207,12.909547,13.655968,13.214173,12.681307,16.140396,13.143243,9.933395,11.336767,15.187786,11.488394,7.2667627,6.7904687,5.047297,6.82825,9.031405,11.387468,13.315725,15.720662,14.689132,17.14588,14.125089,18.587412,17.77509,13.836795,17.079048,15.702784,18.788605,19.883137,22.19323,23.072926,24.594131,27.630188,24.039019,20.197075,18.69449,15.172848,14.294823,10.570397,8.042441,7.664854,5.1617436,7.0903087,9.003771,9.651353,12.063623,10.993469,12.870252,10.468371,9.161859,13.856843,12.913325,16.734438,20.482122,20.17744,17.35697,22.536625,17.167963,21.22926,20.883522,23.411352
30,24.677242,20.975027,18.604164,15.642305,13.1648245,13.115636,12.844711,11.290775,14.405552,12.841873,18.664856,18.20707,19.542889,17.84556,16.490698,12.830727,14.82872,10.10207,14.912147,11.187107,17.229374,15.057391,11.2681,15.141554,10.299316,15.885334,11.311268,9.403484,5.5672827,5.803691,0.0,6.615324,8.57516,13.627968,13.555685,17.646544,20.196629,21.357307,18.730713,15.264885,10.958289,12.982915,7.7950654,11.961984,9.455959,12.960389,14.274375,17.322256,18.45702,17.244322,14.771615,14.984755,10.383283,12.330264,11.740199,13.42582,15.852786,14.764407,11.884328,13.8615675,15.5761595,11.259473,8.92487,4.286345,7.041176,5.497578,10.636165,11.149164,14.406951,15.516673,13.086787,14.819923,10.714207,14.404741,12.870253,8.388762,11.5890665,10.131965,13.642398,15.109623,17.909157,19.034058,19.747492,23.130096,20.177515,15.887593,14.712946,10.346615,11.023309,5.886679,6.177932,7.125734,6.912278,11.091952,13.128738,14.815887,16.717278,15.392301,16.447916,12.896422,10.7727375,13.795854,10.793986,15.221146,18.890572,17.478703,14.203786,18.466759,12.619516,16.109869,15.470056,17.723063
31,21.619568,18.194284,16.502102,12.107482,11.756199,13.016853,10.749188,12.451391,14.24841,14.298283,19.135902,19.196966,21.83988,20.767883,20.518108,16.937439,20.22717,15.436406,20.447166,16.996689,22.603142,20.143724,16.626143,19.75599,15.438985,19.510204,14.506192,12.085428,9.754128,5.8706236,6.615324,0.0,6.993927,9.274548,11.29476,14.6516,17.285118,19.410294,18.145918,15.4714155,12.248331,16.162584,11.842946,17.331764,15.672707,19.368084,20.79971,23.914034,24.78628,23.503849,20.874905,20.52077,15.574163,16.212847,13.406273,14.650311,15.746359,13.153469,9.650932,9.357659,11.448024,6.8249125,4.751638,6.4801216,8.962925,10.60998,14.227896,16.236462,18.88076,20.861582,19.10595,20.995062,17.16247,20.822617,19.238285,14.504103,17.195208,14.450886,17.496222,17.381044,19.808262,19.892033,21.314737,23.716398,19.661541,16.087933,13.951122,11.568972,9.306827,8.082874,4.840713,7.3878384,7.8351893,8.049436,12.789865,14.455896,15.451059,12.904979,14.917281,12.0072155,12.1774235,14.866504,13.344104,18.01709,21.363604,20.990833,17.958384,22.011484,16.22597,20.298706,18.901424,21.966507
32,27.396849,23.947796,22.1038,17.157305,16.607489,16.315578,12.9765835,12.637444,12.873766,11.367574,15.0082245,13.844335,16.649681,16.354296,16.311754,13.814122,18.279512,14.680281,20.268627,18.183441,24.014708,23.145151,19.627926,23.715431,18.805645,24.126957,19.097397,16.251175,13.613048,11.002167,8.57516,6.993927,0.0,7.2730865,5.0701003,10.004798,11.704298,13.054936,11.274755,8.981014,5.865234,10.904574,8.043962,14.064217,14.306734,17.88556,20.582148,23.976828,25.129316,22.452084,20.35628,18.513746,14.182256,14.458912,9.717551,13.351498,11.948898,11.770554,9.416665,10.066863,8.428964,4.510539,6.5552487,5.85579,11.095883,12.041052,16.474491,17.83773,21.932877,23.226995,20.686083,22.7587,18.298727,21.104042,18.487427,13.415971,14.311336,10.515688,12.306595,11.12224,13.140228,12.97287,14.972972,17.273272,13.220079,9.966834,9.111478,7.3267913,7.7322016,8.469752,8.882759,12.660823,13.656212,15.032862,19.33384,20.442665,22.221634,19.883427,21.807365,18.57842,18.029898,20.199253,17.242138,22.206621,25.438702,24.030252,20.653082,23.299896,17.084913,19.837236,17.22332,19.512436
33,24.214218,21.216928,19.940222,14.123469,15.256516,15.179593,10.146439,12.549273,10.963281,11.995421,13.873619,14.342536,18.316576,18.374447,19.796381,17.189882,22.231321,18.547968,23.808554,22.183115,27.264687,26.704296,23.749592,27.858015,23.602564,28.409668,23.589317,21.17361,18.384819,15.067379,13.627968,9.274548,7.2730865,0.0,6.5244193,6.0645976,9.908011,13.128666,14.027399,14.091629,12.017426,17.55413,14.894828,20.783144,20.85581,24.21427,26.83939,29.759012,31.494162,29.19903,27.13691,25.628073,21.284977,21.67341,16.687979,19.878876,17.76695,16.733103,14.20068,12.358769,9.633786,6.23226,10.254644,12.346948,16.949368,18.223612,22.550238,24.159895,27.577398,29.079199,26.634878,28.048859,23.614246,26.054758,23.581944,18.620651,19.82048,15.683466,17.695877,15.419523,17.477875,16.001707,17.18508,17.985182,13.28913,11.105179,8.126072,9.778838,5.9389253,11.076925,10.1336565,14.161863,16.33115,15.903264,21.462317,23.473663,23.750608,20.45395,22.307116,19.307016,20.263016,20.936094,18.715166,23.626432,26.203686,25.488707,22.456259,24.316805,18.684353,21.768059,18.71967,21.943539
34,30.090878,26.858849,25.254614,19.780293,19.931234,19.328653,15.050693,15.001115,13.601523,12.286348,13.720288,12.150564,15.698697,16.364895,17.184515,15.6392765,20.842491,18.04016,23.569714,22.302794,27.85934,27.69401,24.367785,28.675217,23.787785,29.196762,24.151472,21.21304,18.681953,15.885449,13.555685,11.29476,5.0701003,6.5244193,0.0,6.0515003,6.6682653,8.21744,7.716104,7.73158,6.854326,12.291921,11.339489,16.895836,18.180082,21.460087,24.637846,27.97682,29.311745,26.106798,24.319977,21.796347,18.005844,17.841776,12.063117,16.27641,12.816754,13.608902,12.14791,11.8705635,7.4279766,5.9551167,10.213958,10.739878,15.753991,16.87727,21.14623,22.511427,26.837736,28.035208,25.351143,27.350498,22.771538,25.061329,22.089493,17.151976,17.080503,12.809967,13.374866,10.547085,11.706156,10.300491,12.915492,14.067423,9.345513,7.652513,7.42869,8.590131,8.958611,12.254615,12.975335,17.064266,18.4709,19.221823,24.01885,25.083662,26.679209,24.025806,26.07533,22.930746,22.799843,24.441034,21.402561,26.419369,29.376686,27.878113,24.533188,26.274775,20.235308,22.393242,19.002245,21.093376
35,29.432676,26.53257,25.198513,19.47315,20.317305,19.342052,14.3099375,15.128253,12.073111,12.261012,11.416733,11.167916,15.558902,16.639084,18.756187,17.392117,23.001541,20.489552,25.65355,25.109385,29.980408,30.506311,27.692251,32.290104,27.832325,33.252678,28.446741,25.88812,22.928932,20.104483,17.646544,14.6516,10.004798,6.0645976,6.0515003,0.0,5.4207325,8.625339,10.8056,12.945411,12.071024,17.428865,16.3303,21.646433,22.882517,25.851109,29.136759,32.00465,34.02151,30.986458,29.378925,27.096884,23.452284,23.688478,18.080019,22.278526,18.66215,19.192009,17.538416,16.177734,11.40568,10.048639,14.770443,15.803199,21.002815,21.876293,26.471794,27.692951,31.736027,32.834473,29.982468,31.335598,26.674633,28.401485,25.413416,20.665539,20.623028,16.185202,16.942122,13.479281,14.822401,12.412745,13.520585,13.102814,8.234786,7.965375,6.162535,10.359723,8.904601,14.533523,15.165358,19.342781,21.632532,21.832634,27.193142,29.031387,29.662598,26.465178,28.247118,25.044748,25.61272,26.002125,23.093733,28.00179,30.385487,29.08747,25.992298,26.686272,21.237837,23.176441,19.315294,21.854755
