,0,1,2,3,4,5,6,7,8,9,10,11,12,13,14,15,16,17,18,19,20,21,22,23,24,25,26,27,28,29,30,31,32,33,34,35,36,37,38,39,40,41,42,43,44,45,46,47,48,49,50,51,52,53,54,55,56,57,58,59,60,61,62,63,64,65,66,67,68,69,70,71,72,73,74,75,76,77,78,79,80,81,82,83,84,85,86,87,88,89,90,91,92,93,94,95,96,97,98,99,100,101,102,103,104,105,106,107,108,109,110,111,112,113,114,115
0,0.0,4.346362,5.844985,9.370579,12.022675,14.01743,15.487339,12.786016,13.839775,16.122667,18.945671,21.818699,23.39758,25.873066,23.309277,20.586613,18.770346,18.168627,16.69131,17.276398,14.011687,17.045156,21.43028,21.629951,19.249136,25.113455,21.743404,23.402237,21.058136,22.343369,21.957275,22.734894,26.94467,26.00315,30.562738,30.107792,34.867428,37.301918,37.120552,35.108826,30.896212,33.833534,28.621965,31.76445,28.664513,30.133781,29.777071,29.733099,32.27202,34.195168,32.25907,34.89901,31.34317,33.48289,33.098152,34.163593,36.79896,34.863674,31.525196,31.189915,34.66249,29.666847,27.7987,26.750534,27.53884,26.040115,28.665905,25.825504,28.437622,29.43826,27.47142,26.087572,23.844835,24.35661,24.928497,23.738916,27.097746,26.151817,30.177687,31.00531,34.780197,35.105495,32.134598,34.81052,33.81361,29.524227,26.268105,23.648006,21.20733,19.009329,18.393175,16.045757,18.641762,17.713644,23.508766,20.570713,18.713326,17.244366,14.927614,13.3754835,15.395663,15.636376,11.373793,16.003109,14.840411,20.699224,20.363995,24.652542,27.85355,28.120207,24.945017,28.105131,23.116209,23.825544,22.088547,22.495743
1,4.346362,0.0,5.1486945,5.6523976,9.309237,11.647529,12.913468,11.909061,12.529319,15.88355,18.892132,22.151016,23.522612,25.412313,22.82852,19.49191,18.1487,16.387646,15.808712,15.26905,13.412883,14.921469,19.43426,19.262182,16.161644,21.650034,18.080687,19.450727,17.38935,18.355572,18.623518,19.050531,24.112694,23.138592,27.883963,27.762096,32.42376,34.850594,34.483265,32.139782,28.111563,31.032074,25.736044,29.158588,25.885103,27.719908,27.317017,27.812216,29.836233,31.604927,29.40269,31.917845,28.087198,29.930328,29.757193,30.284094,33.149597,30.931757,27.57436,27.348248,31.190466,26.286171,24.030607,23.294518,23.645063,22.475788,24.83196,22.39776,24.921682,26.27868,24.514605,23.690676,21.295744,22.579197,23.068983,21.354036,25.032272,23.902365,28.103142,28.946625,32.64925,33.04512,30.631561,33.521572,32.038048,27.61884,24.363161,21.531775,18.701143,16.32288,14.96246,12.359207,14.527661,13.590694,19.238834,16.626637,14.765838,13.185395,10.669594,9.182142,11.249272,11.8531275,8.374087,13.200722,13.092059,19.235916,18.839254,23.469921,26.7419,27.099808,23.791601,27.066122,21.451485,22.67293,20.391685,21.502293
2,5.844985,5.1486945,0.0,5.7196445,7.4745255,10.458207,13.21104,12.235752,14.539176,17.347507,21.415127,23.84113,25.873487,27.83596,24.747093,21.525972,18.837957,17.453053,15.428023,14.223239,11.326207,12.526962,16.945448,16.359293,14.359513,20.349922,17.819792,20.118643,18.464605,20.507835,20.754128,22.367302,27.595303,27.426083,31.66308,32.152138,36.57529,38.70913,37.86579,35.190228,30.954731,33.167442,27.823698,30.480524,26.67783,27.960434,26.844273,26.69983,28.598055,31.163748,29.131824,32.330894,28.975079,31.025805,31.483578,32.11217,35.645916,33.5808,30.391289,30.771244,34.804005,29.92386,27.221725,25.817024,25.477325,23.75658,25.50013,22.47411,24.267904,25.295744,23.860117,22.241026,20.83645,21.667978,22.953592,22.289404,26.145765,25.875164,30.13904,31.614756,35.337784,36.1354,33.592857,36.80276,35.69821,31.151312,28.251383,24.857962,22.79642,19.342827,18.28201,14.698209,16.543533,14.519997,20.367098,16.26379,14.712056,14.180129,12.251077,12.325789,14.817349,16.041666,12.397358,17.719496,16.768917,23.390593,22.223043,27.044436,30.293077,30.02297,26.624624,28.957811,23.335266,23.698717,21.018425,21.21984
3,9.370579,5.6523976,5.7196445,0.0,4.9925637,8.336556,10.417121,12.01126,13.338373,17.249792,21.135683,24.052282,25.666304,26.893524,23.955729,20.108276,18.344585,15.489252,15.021326,12.406412,12.061087,10.883415,15.343916,14.341728,10.874683,16.19335,13.1166115,14.89425,13.650141,15.195485,16.378864,17.495218,23.665234,23.482733,27.815563,28.694313,32.90591,35.00488,33.97875,30.956612,27.037483,29.262093,23.898195,26.973501,23.069248,24.921822,23.894938,24.633938,25.837105,27.987734,25.575169,28.454052,24.675926,26.288393,26.943117,26.863396,30.603443,28.20495,25.016815,25.538515,29.943102,25.254406,22.116375,21.141127,20.245092,19.030214,20.455542,18.087717,19.890562,21.489605,20.277342,19.658314,17.853292,19.859268,20.835714,19.300097,23.463673,22.845634,27.228148,28.616735,32.181145,33.00747,31.203533,34.574356,32.869015,28.271372,25.432508,21.922691,19.467514,15.941909,13.941133,10.063625,11.100355,8.973614,14.722343,11.204355,9.837683,9.254533,6.854652,7.6357493,9.8881445,11.650255,9.503274,14.440203,14.774399,21.278315,20.122917,25.14048,28.380106,28.294933,24.843554,27.385029,21.152256,22.280514,19.055645,20.347546
4,12.022675,9.309237,7.4745255,4.9925637,0.0,4.0367413,7.4813366,9.845164,12.418027,15.828569,20.617773,22.703175,24.822254,25.807793,22.429272,18.656845,15.862018,13.092563,11.720491,8.111844,8.188751,5.921025,10.4321375,10.041349,7.291229,13.3719845,10.671218,13.463194,11.963018,15.070177,15.316196,18.307024,23.796833,24.965872,28.222963,30.005245,33.742737,35.33289,33.684216,30.401781,26.208227,27.575361,22.288488,24.432959,20.153429,21.425074,19.91848,20.1834,21.482897,24.083199,21.909372,25.299547,22.101553,24.153673,25.166021,25.823238,29.912283,28.179176,25.323128,26.608065,30.644575,25.971163,22.705826,20.463377,19.376238,17.188484,18.541525,15.191201,16.904442,17.828901,16.481722,15.162842,13.924842,15.54511,17.077145,16.50026,20.720667,21.005093,25.340963,27.413137,30.93783,32.23613,30.332409,34.074844,32.858322,28.17746,25.927782,21.750528,20.578995,15.744977,14.670918,10.138494,11.49174,8.96913,14.956728,10.719249,11.369743,12.199293,10.000067,11.747033,13.114424,14.7303705,11.475431,16.67458,15.557533,22.370653,20.165104,25.29193,28.415926,27.551376,24.066444,25.500998,19.323652,19.664083,16.03008,16.715305
5,14.01743,11.647529,10.458207,8.336556,4.0367413,0.0,4.140238,7.28299,10.135267,13.167647,18.26158,19.871347,22.1343,22.81818,19.277367,15.565001,12.454049,9.595722,8.16895,4.1327276,5.857214,4.262837,8.242172,9.780403,7.474661,13.138241,9.840986,12.668827,10.231565,14.159038,13.068588,17.345486,21.767515,23.904978,26.268438,28.599115,31.968733,33.19479,31.221306,27.954277,23.54758,24.502308,19.32481,20.968098,16.741611,17.723232,16.389729,16.5237,18.367586,20.709913,18.760235,22.1227,19.241188,21.745346,22.497974,24.110695,27.93606,26.899931,24.273466,25.879883,29.288298,24.59208,21.613,18.389994,17.867605,14.93793,16.999416,12.9525,15.490425,15.742563,13.687366,12.127041,10.388557,11.648236,13.084382,12.854429,16.972433,17.676704,21.914265,24.31164,27.806599,29.339567,27.32578,31.24402,30.381533,25.715803,23.91077,19.381233,19.233738,13.668783,13.590544,9.242136,11.373274,9.716066,15.553769,12.249847,14.109892,15.081771,12.576498,14.058855,14.489071,15.589693,11.478325,16.43036,14.199581,20.889603,17.977812,23.032654,26.010733,24.662764,21.219753,22.011564,15.948358,15.924301,12.154383,12.77186
6,15.487339,12.913468,13.21104,10.417121,7.4813366,4.140238,0.0,6.196332,7.4604034,10.818544,15.456315,17.269892,19.160614,19.384424,16.022472,12.038733,9.928778,5.9747596,6.813405,4.0939164,7.7948484,7.5228243,10.221758,12.625243,9.772344,14.174156,9.729127,11.539685,7.930202,11.741341,9.410379,14.28338,17.850506,20.50156,22.350163,24.952486,28.101122,29.182865,27.154913,23.989616,19.493074,20.610811,15.398024,17.359438,13.521228,14.917829,14.46557,15.267021,17.486471,18.803991,16.82784,19.504496,16.361078,19.035648,19.109184,21.362284,24.591307,23.968098,21.406404,22.97445,25.826714,21.084974,18.502821,14.7995,15.203949,12.070711,15.268232,11.334212,15.126436,15.292528,12.505826,11.857023,8.554646,10.210254,10.512964,9.188905,13.319273,13.616549,17.907707,20.191633,23.694199,25.201748,23.29087,27.251184,26.336699,21.682417,20.075068,15.408635,15.774469,9.855005,10.477195,6.799015,9.793536,9.621159,15.042527,13.442811,15.695518,16.266943,13.395172,14.267524,13.659722,14.131127,9.824071,13.9797,11.323068,17.589788,14.355633,19.35258,22.239023,20.855083,17.433012,18.349907,12.049371,12.613855,8.826592,10.6652
7,12.786016,11.909061,12.235752,12.01126,9.845164,7.28299,6.196332,0.0,4.552426,6.1609535,11.510053,12.932782,15.373894,16.726093,13.155957,10.087749,6.6282606,6.2332244,4.184422,7.2518244,5.9012694,10.688224,13.54709,16.535383,14.686149,19.900303,15.819205,17.658459,13.861053,16.971144,13.777022,18.009264,19.958944,22.220095,24.087614,25.8381,29.35089,30.578592,29.094688,26.762007,21.961943,23.555712,18.632212,20.381634,17.465242,18.186459,18.280735,17.96679,21.476606,22.747765,21.39237,23.890646,21.2281,24.272238,23.537706,26.679968,29.050434,28.806145,26.140587,27.07929,29.25408,24.252783,22.632029,18.96677,20.650936,17.530243,21.301666,17.247438,21.100134,20.801853,17.702843,16.051777,13.017069,12.46004,12.501004,12.118822,15.060997,15.268253,19.142574,21.093857,24.827415,26.031364,22.923203,26.490288,26.401518,21.896261,20.072712,15.860357,16.60445,11.525579,13.45021,10.959396,14.83932,14.859084,20.702705,18.740114,20.025488,20.008953,16.916422,16.744034,16.550535,16.358665,10.1008835,14.686688,10.039446,16.448563,13.250083,17.924072,20.858555,19.352781,15.993239,17.084316,11.957073,11.573417,9.596524,9.780316
8,13.839775,12.529319,14.539176,13.338373,12.418027,10.135267,7.4604034,4.552426,0.0,4.6365414,8.351647,11.09571,12.5786705,13.64519,10.643765,7.0496593,6.623305,5.3456926,7.184112,10.113007,10.384201,14.030689,16.839764,19.674223,16.970348,21.513407,16.692938,17.53512,13.334584,15.32645,11.60172,15.010494,16.044676,18.062551,19.963455,21.397842,25.016033,26.407757,25.292532,23.321276,18.59669,20.98221,16.12504,18.775154,16.665741,18.06712,19.100014,19.6206,23.048424,23.344812,21.843012,23.449366,20.326551,23.157347,21.619612,24.888222,26.436707,26.267052,23.536762,23.995209,25.68399,20.625433,19.648714,16.299435,19.020292,16.40699,20.898455,17.563013,22.05844,22.094162,18.784578,18.159348,14.1893835,14.330245,13.211594,11.218686,13.723887,12.669355,16.499374,17.722641,21.525097,22.339151,19.26623,22.631218,22.217436,17.708273,15.623751,11.659144,12.295544,7.8027167,10.413834,9.482462,13.770388,14.956176,20.295061,19.681751,20.816032,20.242756,16.936152,15.988833,14.965388,14.021124,7.7518663,11.102964,5.7423863,11.9212885,8.797723,13.605859,16.660213,15.667616,12.2339115,14.596018,9.287365,10.424837,9.291632,11.124818
9,16.122667,15.88355,17.347507,17.249792,15.828569,13.167647,10.818544,6.1609535,4.6365414,0.0,5.69251,6.89726,9.233692,10.945584,7.555611,5.6743,4.1429434,6.832236,7.136309,12.184253,11.381744,16.485943,18.654852,22.221636,20.298416,24.898418,20.366234,21.42878,17.107313,19.41971,14.96551,18.85336,18.194483,20.796188,21.682415,23.124445,26.379982,27.409678,26.281876,24.844213,20.004045,21.993582,17.75899,19.481434,18.044827,18.65902,20.023237,19.79845,24.04836,24.176485,23.260551,24.758469,22.364315,25.588312,23.674168,27.918158,28.9689,29.506248,27.033754,27.540565,28.442032,23.526123,23.162199,19.247736,22.52375,19.491827,24.227713,20.5015,25.09689,24.521711,20.900143,19.691088,15.942647,14.70175,13.342517,12.483079,13.7563305,13.293491,16.330582,17.679045,21.391943,22.274183,18.344585,21.52774,22.177107,18.04075,16.551666,12.918955,14.952545,11.035415,14.517326,13.971147,18.22255,19.34145,24.650564,23.853481,25.172535,24.728947,21.445396,20.47941,19.539537,18.428299,12.063681,14.8385935,8.719005,13.169213,9.613829,13.286009,15.924422,14.155581,11.085567,12.440351,8.991124,8.637322,9.311445,9.769723
10,18.945671,18.892132,21.415127,21.135683,20.617773,18.26158,15.456315,11.510053,8.351647,5.69251,0.0,4.7851467,4.654446,7.099465,5.6890664,5.9477725,8.690089,10.890923,12.694571,17.455235,17.009705,21.855095,24.066885,27.541721,25.169973,29.394978,24.465351,24.794882,20.376205,21.578543,16.917505,19.477507,16.870031,18.931316,19.40227,19.950323,23.164192,24.306065,23.953058,23.53179,19.053171,21.88678,18.38627,20.666574,20.502363,21.469612,23.70239,23.950771,28.21785,27.471535,26.629398,27.187765,24.668863,27.64362,24.793531,29.30306,29.140516,29.968004,27.57232,27.384811,27.296127,22.59579,23.4075,20.065828,24.439417,22.011648,27.221231,24.173042,29.1391,28.74977,25.01302,24.446365,20.249159,19.290241,17.154634,15.363127,15.507092,13.7936735,15.847955,15.889149,19.410503,19.54954,15.061294,17.40881,18.353237,14.766464,13.211513,11.056519,13.3851595,11.802513,15.666979,16.739958,20.94051,22.843805,27.628819,27.814598,28.839706,27.879818,24.531734,22.82334,21.364794,19.528364,13.860278,14.65376,8.687211,9.855656,7.1627827,8.968204,11.328467,10.2227955,7.7708626,10.953228,9.671709,10.581007,12.829216,14.064804
11,21.818699,22.151016,23.84113,24.052282,22.703175,19.871347,17.269892,12.932782,11.09571,6.89726,4.7851467,0.0,3.740643,6.402438,4.3520436,7.207534,8.180912,12.102893,12.776694,18.268957,17.49347,22.873798,24.393648,28.452993,26.816235,31.002375,26.445854,27.151073,22.690985,24.608374,19.475737,23.087196,19.918215,22.930536,22.355335,23.545963,26.094154,26.62978,25.802061,25.471046,20.924116,22.785576,19.8346,20.849232,20.959034,21.063719,23.316742,22.84786,27.656979,26.914707,26.628853,27.294193,25.59469,28.944275,26.149662,31.430801,31.276619,32.73081,30.635082,30.899424,30.444796,25.946655,26.745073,22.622698,26.927853,23.924427,29.099138,25.555471,30.4487,29.459291,25.554312,24.442064,20.654047,18.637348,16.53517,16.010454,15.310358,14.737071,16.05626,16.76649,19.990341,20.576317,15.64119,18.042719,20.14978,17.012827,16.477058,14.108137,17.55058,15.182421,19.375713,19.951132,24.137245,25.747631,30.618744,30.415134,31.88222,31.313332,27.989794,26.69761,25.387457,23.79217,17.859932,19.176403,13.053461,14.248106,11.011631,11.951143,13.44449,10.929669,9.268461,9.633541,10.443206,9.435854,12.744229,12.671796
12,23.39758,23.522612,25.873487,25.666304,24.822254,22.1343,19.160614,15.373894,12.5786705,9.233692,4.654446,3.740643,0.0,3.9947581,4.686627,7.8856406,10.934057,13.867605,15.634268,20.727402,20.458864,25.423063,27.091974,30.985838,28.90436,32.800472,27.949429,28.156513,23.68314,24.898294,19.776192,22.549852,18.371716,21.056402,20.179394,20.898201,23.314993,23.90269,23.553593,23.812592,19.598364,22.028572,19.508577,21.045736,21.828846,22.35789,25.079412,25.14596,29.728703,28.445034,28.052935,28.11703,26.189394,29.277925,25.968348,31.225298,30.363201,31.918354,29.884924,29.749031,28.73383,24.446987,25.89352,22.209478,27.06026,24.509317,29.903984,26.871706,31.977325,31.223412,27.307634,26.751272,22.602064,21.108147,18.586044,17.208105,16.128017,14.63798,15.419972,15.179175,18.214066,18.270372,13.149727,14.967837,17.144266,14.423937,13.9569435,12.59097,16.108917,15.033326,19.261574,20.697634,24.780626,26.86718,31.348871,31.820248,33.155098,32.302788,28.958662,27.309456,25.64378,23.69213,18.349224,18.558043,12.904148,12.212181,9.655504,9.120631,10.185671,8.153252,7.1974516,9.07371,10.8285,11.080889,14.599117,15.438122
13,25.873066,25.412313,27.83596,26.893524,25.807793,22.81818,19.384424,16.726093,13.64519,10.945584,7.099465,6.402438,3.9947581,0.0,3.9972432,7.349797,11.578761,13.679885,16.426762,20.989866,21.77752,25.950928,27.201265,31.208748,29.018461,32.243023,27.366795,27.201645,22.779654,23.801558,18.388538,21.324444,16.080427,19.658905,17.614008,19.120552,20.806044,20.88727,20.147741,20.516514,16.455658,18.61336,16.731474,18.025036,19.53437,20.128206,23.326452,23.824753,28.200628,26.281479,25.99536,25.475418,23.749722,26.748888,23.095398,28.741438,27.416216,29.473269,27.769882,27.83552,26.242674,22.29182,24.044817,20.060764,25.227268,22.740673,28.239876,25.52313,30.760103,29.921495,25.963402,25.911102,21.58479,20.353334,17.344715,15.588903,13.729364,11.985138,11.960485,11.517469,14.358229,14.561756,9.397393,11.668731,14.102287,11.53534,12.064998,10.668162,15.280468,14.237104,18.685463,20.556017,24.346579,26.761456,30.652308,31.728888,33.487812,32.789474,29.493439,28.050997,25.9757,23.998549,19.286512,18.880074,13.68458,12.14925,9.082655,7.702937,8.057882,4.7093,4.4739056,5.69328,8.95432,9.753677,13.614184,15.142215
14,23.309277,22.82852,24.747093,23.955729,22.429272,19.277367,16.022472,13.155957,10.643765,7.555611,5.6890664,4.3520436,4.686627,3.9972432,0.0,4.364902,7.62039,10.246748,12.513147,17.276669,17.932232,22.237446,23.418316,27.526316,25.606115,29.082796,24.393448,24.668236,20.203905,21.912222,16.441036,20.29163,16.389717,20.247423,18.850925,20.838572,22.901619,23.103241,21.843748,21.341782,16.785387,18.465887,15.764623,16.759031,17.353987,17.69713,20.441877,20.595531,25.129032,23.76429,23.43659,23.587885,21.885014,25.158495,22.090967,27.643759,27.212652,29.001783,27.145414,27.630009,26.834593,22.532864,23.465244,19.019302,23.607157,20.654438,25.995136,22.77531,27.876734,26.897705,22.926172,22.451195,18.298735,16.773096,14.041089,12.8249235,11.554286,10.642523,11.714419,12.531702,15.80898,16.645655,11.995745,15.049395,16.912165,13.575273,13.639625,10.810455,15.227098,12.628631,17.12678,18.165228,22.094166,24.099873,28.3773,28.857788,30.757399,30.321438,27.031416,25.94059,24.15548,22.526104,17.24583,17.913544,12.160142,12.779302,8.768495,9.666388,11.033001,7.803801,5.8014426,5.637216,6.6528287,6.4447374,10.199268,11.3392
15,20.586613,19.49191,21.525972,20.108276,18.656845,15.565001,12.038733,10.087749,7.0496593,5.6743,5.9477725,7.207534,7.8856406,7.349797,4.364902,0.0,5.740359,6.4023685,9.884716,13.837608,15.20706,18.752779,20.246878,24.005327,21.679075,25.106993,20.25187,20.451675,15.97313,17.683678,12.346618,16.392712,13.769252,17.570576,17.018423,19.290617,21.804699,22.357996,20.900513,19.611189,14.789521,16.772291,13.059371,14.895511,14.594311,15.576164,18.0023,18.67097,22.718416,21.636532,20.796463,21.2483,18.895296,22.044424,19.346909,24.289951,24.482553,25.718235,23.625866,24.24032,24.205471,19.600729,19.898998,15.495954,19.73356,16.837862,22.13103,18.99143,24.106585,23.479563,19.626291,19.46176,15.029201,14.362985,11.739751,9.580018,9.61532,8.238375,10.853266,12.016875,15.718784,16.704372,12.99601,16.571327,17.16229,13.025577,12.376234,8.403156,12.252023,8.56119,12.998354,13.8186035,17.736053,19.760183,24.04049,24.575224,26.484386,26.08138,22.817064,21.884388,20.046482,18.588839,13.447331,14.416415,8.817823,11.006532,6.398137,9.491484,11.769291,9.432104,6.1938396,7.5833664,3.8566508,5.458532,7.4006033,9.820878
16,18.770346,18.1487,18.837957,18.344585,15.862018,12.454049,9.928778,6.6282606,6.623305,4.1429434,8.690089,8.180912,10.934057,11.578761,7.62039,5.740359,0.0,5.1003227,4.9379964,10.228739,10.459581,15.01816,16.259308,20.412867,19.036352,23.167831,18.99255,20.293386,16.020025,19.088345,14.228881,19.359274,18.56303,22.265926,22.261484,24.686357,27.347359,27.860413,26.02398,24.184925,19.254211,20.222738,16.178572,16.840946,15.193771,15.190889,16.435463,15.878893,20.396126,20.541115,19.926367,21.634115,19.829035,23.352722,21.732325,26.477104,27.83353,28.833197,26.683886,27.830217,28.631533,23.92024,23.250525,18.504032,21.447784,17.833258,22.436533,18.293718,22.838284,21.744392,17.966656,16.491772,12.931473,10.996277,9.577128,9.798274,10.842744,11.626146,14.564597,16.83891,20.390593,21.869526,18.22723,21.902695,22.821138,18.69444,17.972328,13.710543,16.713274,11.746441,15.404378,14.380536,18.316471,19.23332,24.26383,23.36075,25.420847,25.527334,22.369295,22.078678,21.048197,20.278452,14.307204,17.205084,11.451709,15.784781,11.499635,15.059976,17.362457,14.716892,11.762824,11.145312,7.5893507,5.5992827,5.9584203,5.6622515
17,18.168627,16.387646,17.453053,15.489252,13.092563,9.595722,5.9747596,6.2332244,5.3456926,6.832236,10.890923,12.102893,13.867605,13.679885,10.246748,6.4023685,5.1003227,0.0,5.3973575,7.5661154,10.224055,12.508535,14.016661,17.622784,15.385709,18.993454,14.400235,15.3265295,10.976878,14.036901,9.33212,14.820277,15.318502,19.064777,19.50626,22.367874,25.081205,25.749016,23.680412,21.150349,16.28424,17.409403,12.647704,14.213142,11.754304,12.785907,13.8756,14.531669,18.047024,18.081623,16.771425,18.45924,15.842806,19.082262,17.794939,21.830616,23.688435,24.22185,21.973501,23.341597,24.738056,20.00031,18.699753,14.015051,16.483765,12.98745,17.595713,13.751812,18.507925,17.937145,14.277639,13.769738,9.488553,9.509296,7.946043,6.1923823,8.987664,9.17493,13.13525,15.465057,19.079296,20.63134,18.057074,22.052944,21.876814,17.375525,16.38866,11.571584,13.880208,7.945017,11.068747,9.76655,13.46092,14.630079,19.310478,18.943783,21.279747,21.473856,18.381008,18.397026,17.030518,16.48959,11.406635,14.17731,9.603958,14.595789,10.38571,14.847738,17.438444,15.40423,12.089104,12.446671,6.457822,6.865167,4.158581,7.0311894
18,16.69131,15.808712,15.428023,15.021326,11.720491,8.16895,6.813405,4.184422,7.184112,7.136309,12.694571,12.776694,15.634268,16.426762,12.513147,9.884716,4.9379964,5.3973575,0.0,5.8896446,5.7812133,10.279341,11.746785,15.756161,14.777063,19.418154,15.779822,17.86259,14.062901,17.91308,14.065819,19.489958,20.676023,24.03265,24.831682,27.37878,30.297922,30.999105,28.947155,26.451529,21.575003,22.223183,17.66059,18.264864,15.285763,15.226503,15.1652565,14.269211,18.276915,19.60255,18.676489,21.39015,19.471666,22.889381,22.31843,26.181122,28.639738,29.030174,26.74244,28.237686,30.024511,25.245853,23.61275,19.060059,20.6638,16.895412,20.62871,16.05088,19.908949,18.885078,15.509382,13.331087,10.569318,8.839507,9.093826,10.159779,12.712777,14.077974,17.629332,20.287693,23.830738,25.504124,22.430231,26.295923,26.686716,22.29804,21.220827,16.629267,18.585102,12.886606,15.384449,12.891471,16.435997,16.394077,21.800577,19.840185,21.968182,22.503384,19.568321,19.951569,19.527838,19.454052,13.624626,17.732687,12.858001,18.598597,14.648515,18.965906,21.557878,19.240536,16.071962,15.607792,10.944357,9.251372,6.9685135,5.87264
19,17.276398,15.26905,14.223239,12.406412,8.111844,4.1327276,4.0939164,7.2518244,10.113007,12.184253,17.455235,18.268957,20.727402,20.989866,17.276669,13.837608,10.228739,7.5661154,5.8896446,0.0,5.8466687,5.134903,6.759911,10.277703,9.051321,13.586147,10.398502,13.137993,10.197782,14.776466,12.397642,17.948471,21.102583,24.321262,25.588924,28.573254,31.4265,32.178722,29.768042,26.484373,21.938282,22.170105,17.301361,18.016687,13.805494,14.172571,12.837294,12.613026,15.083323,17.276283,15.702213,19.159067,16.908388,19.90833,20.53759,23.169851,26.783546,26.541782,24.283617,26.305616,29.045689,24.487375,21.796154,17.554216,17.458319,13.748084,16.263268,11.53484,14.6158495,13.94685,11.199739,9.125038,7.1036906,7.551868,9.169482,9.9392605,13.784699,15.315728,19.283327,22.186241,25.547289,27.426508,25.359903,29.4846,29.0743,24.512693,23.334066,18.490442,19.576483,13.45526,14.43745,10.694299,13.0355215,12.064197,17.196697,14.615703,17.354208,18.570509,16.062323,17.505426,17.322487,18.065285,13.664362,18.03523,14.888448,21.082521,17.441729,22.220095,24.932806,22.950817,19.654993,19.390648,13.688069,12.934578,8.924276,9.12952
20,14.011687,13.412883,11.326207,12.061087,8.188751,5.857214,7.7948484,5.9012694,10.384201,11.381744,17.009705,17.49347,20.458864,21.77752,17.932232,15.20706,10.459581,10.224055,5.7812133,5.8466687,0.0,6.97484,9.550009,12.477911,12.221695,17.899843,15.246871,18.189787,15.327453,19.383093,17.065832,21.84692,24.78582,27.287737,29.1236,31.28953,34.64816,35.69851,33.776543,30.974575,26.23095,26.96019,22.091984,22.908285,19.15218,19.142447,17.926975,16.657597,19.783983,22.367588,21.17085,24.691416,22.627808,25.700974,26.019411,28.760824,32.099808,31.71222,29.193316,30.698042,33.441093,28.598597,26.250624,22.413073,22.788673,19.332954,21.911943,17.305023,19.945757,19.27257,16.787582,13.897111,12.684119,11.556117,13.286688,14.612739,17.861229,19.213625,23.039951,25.652203,29.226881,30.834064,27.93763,31.736506,31.784195,27.260115,25.677237,21.20402,21.952955,16.432264,17.625814,13.968712,16.867922,15.53415,21.398352,17.880299,19.43284,20.255089,17.714624,18.627806,19.253735,19.891504,14.382983,19.54232,15.694545,22.277498,18.999336,23.674055,26.51696,24.629755,21.346132,21.366371,16.41826,15.017029,12.242243,10.830612
21,17.045156,14.921469,12.526962,10.883415,5.921025,4.262837,7.5228243,10.688224,14.030689,16.485943,21.855095,22.873798,25.423063,25.950928,22.237446,18.752779,15.01816,12.508535,10.279341,5.134903,6.97484,0.0,4.54451,5.864218,5.5484734,11.151996,9.624317,13.266732,11.869569,16.33059,15.6612015,20.377281,24.95296,27.509386,29.500227,32.271336,35.35056,36.31984,33.95002,30.382318,26.091484,26.277315,21.365364,22.154543,17.498243,17.874666,15.569169,15.150806,16.353985,19.64216,17.84931,21.902546,19.657665,22.129438,23.681875,25.095795,29.53817,28.59552,26.25815,28.375175,31.949526,27.51669,24.174719,20.702093,19.28921,16.118507,17.08523,12.710995,13.992922,13.809556,12.430109,9.986166,10.096063,11.122528,13.596086,14.532717,18.555744,20.063652,24.098589,26.960842,30.26449,32.118896,30.297153,34.39757,33.68713,29.066278,27.588879,22.876196,23.089455,17.292343,17.136343,12.654071,13.829555,11.414997,16.458317,12.178367,14.684999,16.51883,14.67914,16.962997,17.67821,19.16678,15.646013,20.48999,18.367973,24.949493,21.787746,26.755585,29.60975,27.89998,24.5404,24.523102,18.714241,18.053968,14.007132,13.822734
22,21.43028,19.43426,16.945448,15.343916,10.4321375,8.242172,10.221758,13.54709,16.839764,18.654852,24.066885,24.393648,27.091974,27.201265,23.418316,20.246878,16.259308,14.016661,11.746785,6.759911,9.550009,4.54451,0.0,5.0907125,7.2954354,10.689077,10.528562,14.235347,13.242449,18.130854,17.080168,22.576677,26.524878,29.911734,31.032974,34.460346,37.012585,37.526596,34.647617,30.88366,26.703642,25.942003,21.533451,21.202156,16.40745,15.98373,12.891645,11.866685,12.616918,16.601616,15.203056,19.757792,18.454268,21.084341,23.131405,24.944124,29.608662,29.221365,27.341553,30.01696,33.26284,29.146502,25.77304,21.655937,19.923111,16.290442,16.703041,11.938472,12.5102215,11.239992,10.105882,6.5635557,8.6651535,9.13327,12.35971,14.4929,18.074072,20.45942,24.079126,27.447212,30.456932,32.696617,31.093908,35.384518,34.965164,30.487738,29.58145,24.656565,25.687262,19.56131,19.829641,15.642248,16.469595,14.269649,18.251383,14.3254,17.702099,20.002735,18.429104,20.980028,21.36346,22.811419,19.4487,23.909845,21.473143,27.676275,24.043232,28.75956,31.35606,29.133375,25.967785,24.912231,19.592308,18.309664,14.185911,13.426454
23,21.629951,19.262182,16.359293,14.341728,10.041349,9.780403,12.625243,16.535383,19.674223,22.221636,27.541721,28.452993,30.985838,31.208748,27.526316,24.005327,20.412867,17.622784,15.756161,10.277703,12.477911,5.864218,5.0907125,0.0,4.944987,8.091148,9.769714,13.697917,14.119545,18.429605,18.957771,23.416773,28.699263,31.332924,33.226315,36.384026,39.16753,39.97334,37.249638,33.24466,29.37638,28.902521,24.344635,24.622837,19.624601,19.79283,16.518572,16.186972,15.578259,19.751846,17.889305,22.418636,20.653053,22.542992,25.22626,25.625662,30.91374,29.698252,27.704782,30.334024,34.37831,30.422115,26.496614,23.335289,20.525185,17.730679,16.832268,13.058958,11.963089,11.893865,12.286131,10.024968,12.293021,13.930133,16.898207,18.164066,22.110624,23.982588,27.820314,30.919027,33.91939,35.999714,34.75791,38.995632,38.051743,33.496227,32.220192,27.469244,27.5573,21.833685,21.046524,16.513,16.269142,13.150845,16.498869,11.432102,14.540824,17.351427,16.554005,19.73738,20.680555,22.69278,20.451958,24.959713,23.644482,30.047585,26.933659,31.872942,34.63902,32.87,29.584711,29.188072,23.406126,22.730204,18.43379,18.23747
24,19.249136,16.161644,14.359513,10.874683,7.291229,7.474661,9.772344,14.686149,16.970348,20.298416,25.169973,26.816235,28.90436,29.018461,25.606115,21.679075,19.036352,15.385709,14.777063,9.051321,12.221695,5.5484734,7.2954354,4.944987,0.0,6.288634,5.748356,9.563718,10.050968,13.901609,15.135593,18.860958,24.783215,26.893562,29.277262,32.162304,35.1207,36.192772,33.761845,29.776728,26.042063,26.232306,21.3803,22.671091,17.776884,18.896137,16.368046,17.158867,16.692825,19.83065,17.40683,21.279947,18.511452,20.094042,22.436888,22.290688,27.43772,25.750391,23.471188,25.805882,30.115644,26.097712,22.068794,19.501078,16.643744,14.386482,13.795103,10.582281,10.4484005,11.611636,11.573516,10.873736,11.252165,14.114092,16.224031,16.069382,20.374256,21.401825,25.49076,28.127235,31.195976,32.98594,32.001545,36.110058,34.6723,30.087275,28.515127,23.980207,23.41898,18.075287,16.653091,12.1053,11.442143,8.207649,11.970265,7.1341457,10.497227,13.058568,12.003294,15.204897,15.894022,17.96783,16.45021,20.601477,20.0808,26.32033,23.619678,28.630997,31.48365,30.210125,26.862543,27.318022,21.050829,21.286488,16.903263,17.855862
25,25.113455,21.650034,20.349922,16.19335,13.3719845,13.138241,14.174156,19.900303,21.513407,24.898418,29.394978,31.002375,32.800472,32.243023,29.082796,25.106993,23.167831,18.993454,19.418154,13.586147,17.899843,11.151996,10.689077,8.091148,6.288634,0.0,5.4521136,8.021122,10.779751,13.919532,16.205692,19.60479,25.682049,28.16956,29.944782,33.485214,35.766205,36.482655,33.58999,29.148891,26.13846,25.544523,21.372885,22.227102,17.334776,18.617172,15.711909,17.467075,15.079485,17.975004,15.247886,18.91466,16.422506,17.0454,20.545826,19.155975,25.06684,23.26722,21.616936,24.678144,29.14109,25.93791,21.458826,19.184086,14.817582,13.249396,10.318571,8.697093,5.630698,8.00006,9.974933,11.116223,12.359771,16.173828,18.043493,17.631683,21.5969,22.751345,26.410616,29.141705,31.683899,33.683,33.64291,37.83893,36.03081,31.696215,30.590862,26.142431,25.757383,20.685572,18.873795,15.069754,12.93001,10.2908535,10.476399,7.4256134,12.066326,15.150394,14.9534645,18.500614,18.558481,20.727692,20.686295,23.767895,24.017115,29.485548,26.772263,31.486649,34.064026,32.75849,29.640533,29.7151,23.594109,24.13781,19.633198,21.140215
26,21.743404,18.080687,17.819792,13.1166115,10.671218,9.840986,9.729127,15.819205,16.692938,20.366234,24.465351,26.445854,27.949429,27.366795,24.393448,20.25187,18.99255,14.400235,15.779822,10.398502,15.246871,9.624317,10.528562,9.769714,5.748356,5.4521136,0.0,3.9556885,5.47356,9.043896,10.984107,14.530041,20.541206,22.96667,24.89634,28.245127,30.738773,31.631578,29.014696,24.790487,21.487234,21.61232,16.958473,18.70495,14.000546,16.005995,14.141695,16.40276,15.354273,17.159435,14.22719,17.232025,13.760251,14.826538,17.241041,16.565369,21.797941,20.076406,17.96333,20.6504,24.88071,21.213524,16.978935,14.492723,10.997329,9.142579,8.258658,5.965234,6.916404,9.138577,8.940517,10.649909,9.591066,13.887162,14.925182,13.399953,17.613575,18.101337,22.019638,24.420343,27.182085,28.947546,28.736364,32.832607,30.922955,26.51099,25.22333,20.825298,20.323662,15.271913,13.468935,9.749392,7.9458017,6.068248,7.939592,6.5028453,10.993427,13.124573,11.88619,14.788355,14.206042,15.986533,15.708446,18.516655,18.746021,24.049828,21.432304,26.153423,28.780735,27.708687,24.550507,25.193031,18.828169,19.946638,15.556446,17.836807
27,23.402237,19.450727,20.118643,14.89425,13.463194,12.668827,11.539685,17.658459,17.53512,21.42878,24.794882,27.151073,28.156513,27.201645,24.668236,20.451675,20.293386,15.3265295,17.86259,13.137993,18.189787,13.266732,14.235347,13.697917,9.563718,8.021122,3.9556885,0.0,4.481524,6.010461,9.338135,11.749927,18.128939,20.355116,22.252174,25.695547,27.947788,28.85984,26.298285,21.958666,19.153688,19.558165,15.120087,17.590157,13.421648,16.193344,15.106028,18.195217,16.917719,17.622261,14.454692,16.390379,12.2225275,12.498067,14.764318,13.117355,18.361708,16.239841,14.105803,16.905903,21.308586,17.955877,13.474035,11.686201,7.426633,6.9006424,5.7033863,5.9472356,7.6258273,10.485083,10.267576,13.214479,11.3002825,15.970863,16.190353,13.5590105,17.472826,17.21932,20.937061,22.885397,25.396757,26.97271,27.380713,31.32482,28.92039,24.695366,23.460192,19.426811,18.585531,14.28526,11.906152,9.32738,6.4121785,6.262266,5.533531,7.662674,11.72997,13.270058,12.104966,14.566865,13.174609,14.713216,15.723926,17.339478,18.482471,22.920483,20.687399,25.0981,27.56674,26.871677,23.895258,24.981432,18.669735,20.557945,16.457788,19.541344
28,21.058136,17.38935,18.464605,13.650141,11.963018,10.231565,7.930202,13.861053,13.334584,17.107313,20.376205,22.690985,23.68314,22.779654,20.203905,15.97313,16.020025,10.976878,14.062901,10.197782,15.327453,11.869569,13.242449,14.119545,10.050968,10.779751,5.47356,4.481524,0.0,5.023416,5.525941,9.761572,15.108277,17.890926,19.515087,22.952324,25.40256,26.30904,23.845062,19.832104,16.307909,17.11607,12.124749,14.910056,10.88047,13.757342,13.418696,16.29001,16.355593,16.647146,13.763921,15.534315,11.247284,12.667006,13.580843,13.979598,18.092495,16.80592,14.431321,16.792688,20.354362,16.316534,12.581984,9.459832,7.6428275,5.4097238,7.9227266,6.014234,10.108306,11.684452,9.828699,12.187347,8.855932,13.174137,12.829642,9.663163,13.759844,13.298393,17.310408,19.292128,22.14527,23.699505,23.533876,27.532621,25.476557,21.070303,19.818394,15.474767,15.191593,10.180709,8.686854,6.078332,5.327294,6.549961,8.840345,10.22825,13.650682,14.538841,12.394514,13.98128,12.220682,13.066691,12.591428,14.3824005,14.511881,19.09102,16.473904,20.98922,23.523844,22.65874,19.588465,20.745676,14.314102,16.309195,12.353552,15.750316
29,22.343369,18.355572,20.507835,15.195485,15.070177,14.159038,11.741341,16.971144,15.32645,19.41971,21.578543,24.608374,24.898294,23.801558,21.912222,17.683678,19.088345,14.036901,17.91308,14.776466,19.383093,16.33059,18.130854,18.429605,13.901609,13.919532,9.043896,6.010461,5.023416,0.0,5.7995033,5.744465,12.803404,14.370096,16.810085,19.81741,22.340576,23.640034,21.673067,17.72251,14.99068,16.874224,12.236916,16.387926,13.477644,17.017477,17.42026,20.767588,20.572552,20.078398,17.089779,17.676357,12.787477,12.999599,13.230563,11.988892,15.531434,13.173083,10.260774,12.080082,16.322151,12.427251,8.183245,7.408654,5.449984,6.58491,8.795872,9.690119,13.125305,15.434314,14.070371,17.030977,13.58102,17.838322,16.90769,12.789446,16.23711,14.468505,18.147581,19.106022,21.693247,22.690186,23.244406,26.822527,23.910767,19.756561,18.159296,14.707395,13.076171,10.018493,6.894272,6.656375,4.1774845,7.4848776,7.400241,11.479224,13.880573,13.884576,11.968213,12.800582,10.113298,10.608689,12.521419,12.458544,14.548458,17.862324,16.325424,20.389702,22.809258,22.82647,20.000341,22.251429,16.048254,19.058844,15.773341,19.725487
30,21.957275,18.623518,20.754128,16.378864,15.316196,13.068588,9.410379,13.777022,11.60172,14.96551,16.917505,19.475737,19.776192,18.388538,16.441036,12.346618,14.228881,9.33212,14.065819,12.397642,17.065832,15.6612015,17.080168,18.957771,15.135593,16.205692,10.984107,9.338135,5.525941,5.7995033,0.0,6.7997174,9.793979,13.466417,14.285614,17.970476,20.252943,21.081041,18.768608,15.140984,11.225002,13.023882,7.756324,11.925565,9.494705,12.939594,14.327677,17.420984,18.507645,17.38956,14.928314,15.228212,10.740293,12.461546,11.203905,13.3057575,15.480621,15.090175,12.69853,14.442717,16.649683,12.205669,9.7723055,5.409221,7.617274,5.7229133,10.799496,9.61968,14.594621,15.543218,12.809649,15.233124,10.74276,14.15662,12.359066,7.627349,10.7617855,8.800809,12.758987,14.107167,17.071402,18.36408,18.227442,22.114756,19.951162,15.556337,14.4931,10.1766405,10.656074,5.878153,5.876019,6.5408387,7.7497773,10.74385,12.74079,15.310105,18.003473,18.038677,15.440131,15.695647,13.032303,12.59013,11.697097,11.824294,11.498431,14.621872,11.918806,15.956082,18.285471,17.616404,14.747557,16.492792,10.318684,13.454275,10.602135,14.9532795
31,22.734894,19.050531,22.367302,17.495218,18.307024,17.345486,14.28338,18.009264,15.010494,18.85336,19.477507,23.087196,22.549852,21.324444,20.29163,16.392712,19.359274,14.820277,19.489958,17.948471,21.84692,20.377281,22.576677,23.416773,18.860958,19.60479,14.530041,11.749927,9.761572,5.744465,6.7997174,0.0,8.374049,8.639923,11.969207,14.218912,17.14658,18.968431,17.876577,14.71092,12.266454,15.852714,11.637664,16.967016,15.580179,19.317606,20.81932,24.142738,24.744583,23.439167,20.766666,20.350853,15.465234,15.669089,14.038286,13.581264,14.711669,12.543919,9.263365,9.131981,12.490785,7.8359003,5.1083217,6.458371,8.520482,10.188488,13.673968,14.623379,18.627737,20.592115,18.653753,21.447355,17.279331,20.865763,19.109343,14.254327,16.754757,13.586385,16.795406,16.46665,19.007732,19.226,19.904955,22.908466,19.43673,15.498817,13.424882,11.095612,8.274309,7.9884334,4.797511,8.296751,7.909258,11.836203,12.196685,16.47057,17.801048,16.761175,14.504827,13.706816,10.195303,9.069613,11.625504,9.070753,12.224393,13.551953,13.120451,16.422209,18.677494,19.608131,17.126812,20.62996,15.096286,19.010902,16.875519,21.231905
32,26.94467,24.112694,27.595303,23.665234,23.796833,21.767515,17.850506,19.958944,16.044676,18.194483,16.870031,19.918215,18.371716,16.080427,16.389717,13.769252,18.56303,15.318502,20.676023,21.102583,24.78582,24.95296,26.524878,28.699263,24.783215,25.682049,20.541206,18.128939,15.108277,12.803404,9.793979,8.374049,0.0,6.5979595,4.5529556,8.862888,10.508327,11.579957,10.441342,8.548728,5.7412925,10.999725,8.562153,13.931652,15.110084,18.457903,21.478697,24.681633,26.28017,23.614481,21.76129,19.953178,16.021996,16.831856,12.87986,15.605689,13.540665,14.248287,12.401136,11.911526,10.537919,6.2372527,8.750377,7.35275,13.044389,13.471284,18.303024,18.626177,23.488832,24.377958,21.55709,24.198912,19.464079,21.864376,18.941076,13.959968,14.156449,9.823064,11.205858,9.211489,11.403549,11.025944,12.123819,14.822234,11.220694,7.529587,6.862405,5.870123,6.7976213,8.632506,9.826626,14.011643,15.3476715,19.136469,20.014843,23.979784,25.758701,24.794636,22.196568,20.95508,17.531166,15.564535,15.772362,12.304931,12.877614,10.577371,9.888335,10.775598,11.942795,13.005583,11.6154175,15.26718,11.991885,16.411478,16.20172,20.70738
33,26.00315,23.138592,27.426083,23.482733,24.965872,23.904978,20.50156,22.220095,18.062551,20.796188,18.931316,22.930536,21.056402,19.658905,20.247423,17.570576,22.265926,19.064777,24.03265,24.321262,27.287737,27.509386,29.911734,31.332924,26.893562,28.16956,22.96667,20.355116,17.890926,14.370096,13.466417,8.639923,6.5979595,0.0,6.889699,5.9168015,9.992213,13.004027,14.092319,13.279941,12.062471,17.366037,14.835249,20.379238,20.916836,24.428488,26.992302,30.122272,31.551538,29.412643,27.22796,25.799412,21.412838,21.654726,18.343185,19.003618,17.068789,15.928571,13.415493,10.800668,10.515524,6.4955363,9.381549,11.709193,16.008556,17.579746,21.661457,22.540648,26.944832,28.533052,26.109274,28.669992,24.036247,26.717373,24.193035,19.192858,20.14971,15.845157,17.585913,15.171307,17.140936,15.822669,16.664972,18.15134,13.792496,11.022787,8.259511,9.720593,5.9141054,11.207496,10.4552145,15.147167,16.048527,19.88398,20.532406,24.757366,25.343754,23.55362,21.183342,19.040693,15.559334,13.070377,15.150673,10.027073,13.257375,9.904914,11.964248,12.630298,14.044964,16.733286,15.3980465,20.41426,16.957838,21.410152,21.042465,25.378706
34,30.562738,27.883963,31.66308,27.815563,28.222963,26.268438,22.350163,24.087614,19.963455,21.682415,19.40227,22.355335,20.179394,17.614008,18.850925,17.018423,22.261484,19.50626,24.831682,25.588924,29.1236,29.500227,31.032974,33.226315,29.277262,29.944782,24.89634,22.252174,19.515087,16.810085,14.285614,11.969207,4.5529556,6.889699,0.0,5.9731507,6.029736,7.218101,7.342646,7.3922076,7.0692983,12.386201,11.791073,16.60595,18.717543,21.915096,25.253723,28.52324,30.093832,26.962746,25.303158,22.851494,19.27919,19.647598,15.251388,17.734821,14.081207,15.239098,14.008947,12.658683,9.145825,6.686896,11.041693,11.073077,16.506474,17.465036,21.980148,22.781769,27.511694,28.415722,25.673315,28.469744,23.764404,26.005484,22.886375,18.049639,17.534058,13.183979,13.24884,10.0150585,10.948933,9.392021,11.691493,13.161585,8.538885,6.657545,6.9218884,8.776594,9.469285,12.896343,13.957202,18.366968,19.495474,23.365189,23.745905,28.130985,29.716766,28.534565,26.060202,24.52253,21.008623,18.80321,19.523563,15.3161955,16.272669,12.181021,12.611181,11.649327,11.721444,13.6634445,13.376222,17.184599,15.406513,19.732258,20.163889,24.554785
