,0,1,2,3,4,5,6,7,8,9,10,11,12,13,14,15,16,17,18,19,20,21,22,23,24,25,26,27,28,29,30,31,32,33,34,35,36,37,38,39,40,41,42,43,44,45,46,47,48,49,50,51,52,53,54,55,56,57,58,59,60,61,62,63,64,65,66,67,68,69,70,71,72,73,74,75,76,77,78,79,80,81,82,83,84,85,86,87,88,89,90,91,92,93,94,95,96,97,98,99,100,101,102,103,104,105,106,107,108,109,110,111,112,113,114,115
0,0.0,4.360073,5.783857,8.733569,12.010051,13.313106,17.20645,19.783955,23.059713,26.14586,31.010113,32.732487,35.135998,36.328453,32.723515,29.1553,25.870495,23.271229,21.161654,16.67022,16.008,11.906399,14.116802,11.830859,15.35282,16.722412,18.487766,22.266714,21.500824,25.266716,25.564554,28.928278,33.396755,35.23113,38.212402,39.609188,43.802696,45.459305,43.29004,40.448513,35.50788,36.379112,31.60403,32.253708,28.237331,27.626392,26.003078,23.835323,26.963057,30.255016,29.489422,33.33414,32.010635,35.660606,38.0687,38.92952,42.556534,40.956707,38.099373,39.226566,41.353928,36.467846,33.801918,32.122158,30.057186,27.25383,28.247974,26.288147,23.97754,24.024132,23.427462,20.143532,21.085125,20.769464,23.237139,24.790113,28.339268,29.726543,33.78403,35.880325,39.6577,40.25995,38.003746,40.73222,38.748013,33.98677,32.155834,29.629768,28.296425,23.061184,23.134695,19.848064,21.578903,18.884151,21.270323,25.568804,26.208525,25.66766,28.17847,31.221756,31.49921,30.786966,32.247692,30.32191,27.005518,25.041506,21.52779,19.197779,18.482773,20.739084,20.846743,27.249697,24.933214,29.047808,30.277086,32.098167
1,4.360073,0.0,5.063926,4.817928,8.764722,11.03049,14.128777,17.611324,20.310406,23.85244,28.405584,30.537678,32.639748,33.59353,30.1533,26.316105,23.674442,20.482643,19.252234,14.4617815,14.843434,10.250508,13.235551,10.560176,12.625072,14.695252,15.416507,18.980522,18.091122,21.46422,22.032055,24.870987,29.645596,31.151072,34.398823,35.700684,39.874043,41.702873,39.73396,36.98047,32.064518,33.383297,28.429668,29.66712,25.725296,25.630653,24.322111,22.834784,25.832714,28.744637,27.609158,31.20829,29.341858,32.894787,34.803616,35.727264,39.11348,37.33097,34.352924,35.238976,37.38131,32.435875,29.827988,28.47525,26.536217,24.030544,25.2387,23.73334,21.671793,22.178238,21.33871,18.69479,18.884111,19.268105,21.31471,22.066803,25.843054,26.735666,30.946243,32.74963,36.537323,36.949177,34.95138,37.528534,35.212234,30.568352,28.457306,26.114464,24.32675,19.287561,19.024532,15.722226,17.60655,14.771782,16.945583,21.369408,22.153044,21.351145,23.840418,26.927301,27.220507,26.444332,27.898663,26.0267,22.758207,20.794886,17.442026,15.029879,14.571858,17.080639,17.115631,23.485691,21.37626,25.640636,26.977621,29.146519
2,5.783857,5.063926,0.0,6.0150113,7.1578107,8.313333,12.027623,14.7064495,18.168644,21.027546,26.09542,27.539442,30.009363,31.009764,27.32781,23.829569,20.350931,17.790607,15.605731,10.935299,10.801033,6.1319594,8.861804,7.6413207,10.578536,13.565414,14.464318,18.130604,16.725603,20.939726,20.507122,24.662376,28.54015,31.075289,33.40638,35.20481,39.21887,40.611492,38.14437,35.175232,30.240177,30.794405,26.151701,26.5354,22.584852,21.893085,20.474592,18.452633,21.884907,24.790596,24.058346,27.726967,26.527056,30.255207,32.755875,33.86117,37.406055,36.191883,33.501255,34.97029,36.785408,32.04425,29.452555,27.157284,25.42278,22.206915,23.699093,21.365774,19.753664,19.42458,18.266453,14.917926,15.481556,15.043339,17.457623,19.136475,22.63614,24.23749,28.220732,30.548824,34.2962,35.1139,32.9702,35.98042,34.042904,29.236446,27.737856,24.790123,24.141098,18.425661,19.092875,16.16105,18.160038,16.980303,18.429567,22.208479,24.124079,23.60924,25.163261,28.516869,29.425047,28.589527,29.468536,27.954695,23.808922,22.8631,18.428099,17.389751,17.67712,19.373049,18.553776,24.853525,21.43122,25.753292,26.294525,28.439022
3,8.733569,4.817928,6.0150113,0.0,4.690374,7.421267,9.731787,13.682599,15.85863,19.683699,23.96699,26.37185,28.250156,29.1007,25.792665,21.82667,19.696901,16.191397,15.657101,11.104549,12.149473,8.214419,12.156822,10.407102,10.33607,14.262967,13.245556,16.342297,14.61286,17.78785,17.842905,20.59248,24.987694,26.520115,29.744738,30.943594,35.181824,36.97251,35.08409,32.505047,27.57329,29.181944,24.243488,25.806534,22.213022,22.450678,21.778187,20.883968,24.113325,26.290556,24.990198,28.097803,25.918901,29.454447,30.820646,32.179665,35.102497,33.525414,30.52638,31.32269,33.050323,28.08436,25.794832,24.28212,23.033401,20.504139,22.497961,21.150286,19.968927,20.540363,19.00554,16.889559,15.952577,16.575699,17.986742,18.072662,21.830791,22.32108,26.577526,28.140038,31.9292,32.224644,30.267496,32.781174,30.398964,25.773434,23.642311,21.33314,19.591497,14.592265,14.679048,11.888731,14.489053,12.508834,13.316325,17.765785,19.743277,18.233944,20.015501,23.560566,24.202988,22.971762,23.968645,22.179205,18.40563,16.980679,12.953372,11.396133,11.742667,13.667622,13.044256,19.3658,16.772865,21.172216,22.323694,24.738173
4,12.010051,8.764722,7.1578107,4.690374,0.0,4.4580545,5.451504,10.083787,12.372062,15.924977,20.458418,22.50049,24.468702,25.07507,21.650314,17.733948,15.393174,11.784526,11.402428,6.5752716,8.948393,5.128144,9.245682,8.9266,7.30118,12.891788,10.870131,13.639809,11.068476,14.836476,13.921032,17.787355,21.480997,23.9378,26.334307,28.07589,32.081657,33.56126,31.282307,28.49646,23.537916,24.74203,19.909727,21.17119,17.621853,17.819244,17.415043,16.813044,20.206572,21.92367,20.654743,23.552702,21.511267,25.136255,26.673544,28.263794,31.16911,30.015297,27.221281,28.458889,29.883152,25.093674,22.838268,20.551332,19.642933,16.601753,19.159813,17.401155,17.043348,17.20518,15.075182,13.123553,11.529117,12.203172,13.374757,13.4434,17.226088,17.973124,22.190174,24.076572,27.854223,28.434807,26.620094,29.500969,27.170233,22.470528,20.762548,17.862131,17.03629,11.276432,12.227077,10.01296,12.836952,12.969633,12.633005,16.143675,19.502174,18.266981,18.856695,22.628979,23.975569,22.73815,23.067026,21.839813,17.14953,17.081549,12.075488,12.413028,13.883185,14.996197,13.30895,19.142773,15.217005,19.784338,20.03912,22.818918
5,13.313106,11.03049,8.313333,7.421267,4.4580545,0.0,5.164558,6.606524,9.895559,12.915662,17.814472,19.561703,21.85623,23.041904,19.46424,15.963559,12.887249,10.465265,8.631759,5.7809954,5.1930127,5.650226,9.931756,11.509857,10.559003,16.509733,14.571948,17.045362,13.7682085,17.616598,15.31106,19.725977,21.837616,24.73851,26.692993,28.139528,32.381493,33.45963,31.065575,28.59604,23.618824,24.451958,20.177261,20.665949,17.786636,17.326368,17.554182,16.433699,20.733377,21.886024,21.166496,23.631104,22.238438,26.00398,27.48552,29.758226,32.203014,31.757372,29.17322,30.55566,31.18047,26.54729,24.891014,21.853725,21.993193,18.484608,21.791105,19.485947,19.901466,19.346643,16.633753,14.121692,12.205369,11.176009,12.021999,12.964646,15.936999,17.070934,20.961334,22.941143,26.694588,27.378416,24.852135,27.82666,26.263021,21.360348,20.290325,17.268051,17.61364,12.143682,14.522837,13.405804,16.5909,17.120918,15.949388,19.317892,23.413591,21.532608,21.536093,25.71137,27.200941,25.366165,25.200033,23.76992,18.74675,19.04375,13.314986,14.532043,15.862816,15.758906,13.679302,19.256702,14.453213,18.605057,18.472328,20.624865
6,17.20645,14.128777,12.027623,9.731787,5.451504,5.164558,0.0,6.1728754,7.4663982,10.989517,15.320358,17.3853,19.183788,19.637552,16.264301,12.287798,10.438696,6.4680653,7.4076085,4.6723843,7.9595494,7.7299232,11.02155,12.464072,9.100283,15.616934,12.125649,13.592853,9.644345,13.041221,10.235698,14.794482,16.870426,20.071108,21.750944,23.606585,27.581434,28.725197,26.285688,23.676073,18.686607,19.893507,15.347302,16.613327,13.874812,14.32279,15.1447115,15.36062,19.032131,19.43419,18.197771,20.144175,18.037535,21.638742,22.581764,24.97673,27.17924,26.697233,24.109034,25.499857,26.048862,21.468653,19.84983,16.71506,17.259184,13.906208,17.805914,15.985349,17.253206,17.07805,13.945772,12.847421,9.50908,10.009271,9.712441,8.801397,12.270254,12.69179,16.87907,18.696756,22.47855,23.124409,21.259043,24.316097,22.148699,17.38584,16.159124,12.839668,13.222639,7.2814627,10.075533,9.845263,13.105251,15.104507,12.831108,15.24494,20.297089,18.50939,17.570738,21.760468,23.719273,21.97906,21.365866,20.538599,15.056877,16.48008,10.673014,13.255242,15.564567,15.378596,12.686489,17.35808,12.117934,16.512262,15.80219,18.876451
7,19.783955,17.611324,14.7064495,13.682599,10.083787,6.606524,6.1728754,0.0,4.5457177,6.365019,11.546761,12.980036,15.396578,16.888426,13.279207,10.297313,7.0405693,6.3743963,4.3159204,7.0724998,5.765694,10.553205,13.501974,16.498005,14.330775,20.815514,17.844479,19.203606,15.009665,18.261576,14.1030855,18.907766,18.487942,22.221403,23.095232,24.444817,28.638966,29.10513,26.519743,24.489674,19.701004,20.206232,16.881653,16.751986,15.364395,14.731421,16.508894,16.013203,20.69456,20.242777,19.883121,21.06113,20.070387,23.690952,24.535326,27.827879,29.304195,29.872295,27.677868,29.234629,28.643822,24.486017,23.76929,19.76919,21.655136,17.921515,22.409412,19.95954,21.951426,20.920334,17.336412,15.559735,12.311897,10.320215,9.237694,9.891065,11.307761,12.396129,15.68459,17.609507,21.224031,22.055212,19.006908,22.221287,21.423563,16.495863,16.51318,13.19527,15.563527,11.024564,15.074089,15.774313,19.125103,21.098145,18.402964,20.700369,26.194744,23.781017,22.344566,26.828651,28.854183,26.462105,25.293701,24.214178,18.64915,20.34533,14.184155,17.338898,19.271616,17.783031,14.851106,18.763906,12.592238,15.904451,14.394612,16.320215
8,23.059713,20.310406,18.168644,15.85863,12.372062,9.895559,7.4663982,4.5457177,0.0,4.6120105,8.131548,10.900314,12.428937,13.720867,10.62403,7.1457567,6.7882533,5.515905,7.124249,10.047775,10.275041,14.0666065,17.040335,19.549536,16.297136,22.843292,18.945862,19.503948,15.054257,17.129862,12.593081,16.301798,14.82068,18.242905,19.242653,20.105827,24.482395,25.002626,22.787687,21.26831,16.580769,17.980179,14.864334,15.7056055,15.284562,15.55156,18.099466,18.621532,22.779087,21.56305,20.843622,21.17944,19.523382,22.772688,22.420372,26.231764,26.835125,27.527115,25.311415,26.458136,25.244896,21.174917,21.169611,17.363203,20.38413,17.231096,22.277098,20.54414,23.128775,22.54649,18.793015,18.081758,14.02988,13.103197,10.976993,9.549223,10.414714,9.87455,13.136223,14.120546,17.761509,18.142672,15.081817,18.015404,17.02235,12.076924,12.092049,9.05768,11.859751,8.745761,13.287202,15.192268,18.673658,21.03076,17.306284,19.109158,25.181639,22.14286,19.970053,24.587454,26.73561,23.923164,22.238983,21.300278,15.703576,18.103588,12.174214,16.34039,18.659977,16.53461,13.2394285,15.801832,9.267998,12.180931,10.109432,12.563342
9,26.14586,23.85244,21.027546,19.683699,15.924977,12.915662,10.989517,6.365019,4.6120105,0.0,5.6414146,6.7086625,9.057616,10.8816185,7.4376497,5.706995,4.2444572,6.784515,6.976231,12.019444,11.385805,16.417425,18.617617,21.986172,19.051546,25.512339,21.853888,22.230835,17.752466,19.99619,14.765962,19.124695,15.9994,20.331518,19.936737,21.09532,25.04081,24.822605,22.140673,20.768675,16.50661,16.778095,14.904701,14.3304615,14.99352,14.5582695,17.725767,18.126112,22.481949,20.497318,20.362041,20.011398,19.294306,22.412449,22.282396,26.527548,26.805925,28.369362,26.641348,28.22675,26.382727,22.941534,23.279427,18.693018,22.246353,18.77628,23.974417,21.759111,24.92388,23.737585,19.767616,18.977861,15.049724,13.120261,10.417896,9.961615,8.882791,9.232518,11.18155,12.686965,15.960935,16.889748,13.295143,16.763935,16.886961,12.270688,13.752835,10.5343485,14.962368,12.376382,17.054602,19.116858,22.298813,25.213219,21.5301,22.75708,29.09803,26.357077,23.75268,28.22802,30.642807,27.888613,25.857105,25.222853,19.611172,22.444908,16.662537,20.947252,23.243874,20.941446,17.654886,19.606382,13.054246,14.914607,11.832311,13.459519
10,31.010113,28.405584,26.09542,23.96699,20.458418,17.814472,15.320358,11.546761,8.131548,5.6414146,0.0,4.8346105,4.7266083,7.177861,5.6633234,5.783995,8.670781,10.683813,12.472704,17.162815,16.918295,21.665487,23.977564,27.05899,23.550823,29.96192,25.724295,25.45939,20.980694,22.04449,16.773603,19.561104,14.505328,18.243979,17.445675,17.599684,21.571592,20.996477,18.885916,18.703825,15.213595,16.286005,15.580632,15.715982,17.788094,18.043907,21.76605,22.860018,26.729795,24.00365,23.707361,22.33534,21.261335,23.710566,22.11391,27.02906,25.952972,27.998724,26.486723,27.574154,24.608498,21.742527,23.227257,18.979183,23.822735,21.111277,26.611876,25.064034,28.708933,27.837255,23.830492,23.792664,19.504223,18.218134,15.091483,13.359575,11.359392,9.84007,10.289243,9.875644,12.551237,12.799141,8.333595,11.384226,12.455051,8.478762,11.126385,9.249815,14.35751,14.237584,18.769323,21.772968,24.911709,27.990694,23.544891,24.230516,30.897871,27.54451,24.242863,28.651505,31.109808,27.884087,25.235844,24.765535,19.616716,22.994438,18.00099,22.81199,25.212326,22.240936,18.929865,18.988739,12.999823,13.156245,9.091465,10.213818
11,32.732487,30.537678,27.539442,26.37185,22.50049,19.561703,17.3853,12.980036,10.900314,6.7086625,4.8346105,0.0,3.6202157,6.360996,4.355702,7.212378,8.100344,11.95865,12.526412,18.00606,17.406242,22.643002,24.210106,27.94256,24.827433,31.064772,27.230759,26.99729,22.602552,24.1963,18.573536,22.444576,17.046326,21.772766,19.702396,20.753101,23.947826,22.703863,19.830357,19.295563,16.254967,15.652779,16.015926,14.4745245,17.154486,16.625322,20.553862,21.421574,25.306204,22.090754,22.388613,20.60964,20.624422,22.996593,22.184795,27.121574,26.240055,28.964611,27.920053,29.64767,26.628246,24.276192,25.515867,20.556566,25.191328,22.038519,27.381521,25.254742,29.1926,27.733107,23.686804,23.472755,19.55749,17.542706,14.325164,13.722215,10.523474,10.507588,9.593841,10.529145,12.54314,13.862305,9.732002,13.4545765,15.274879,12.008535,15.19038,12.696694,18.307291,17.317034,21.907951,24.60547,27.46628,31.00797,26.91631,27.283985,34.013626,31.276548,27.902317,32.133163,34.833374,31.967464,29.320107,29.134556,23.778734,27.294415,22.048586,26.75878,29.187618,26.49058,23.159578,23.72287,17.551271,17.96866,13.919451,14.668571
12,35.135998,32.639748,30.009363,28.250156,24.468702,21.85623,19.183788,15.396578,12.428937,9.057616,4.7266083,3.6202157,0.0,3.9691358,4.566776,7.773827,10.727813,13.668353,15.316884,20.409466,20.313477,25.163727,26.902876,30.325922,26.751234,32.961025,28.719372,28.090559,23.7315,24.58979,19.0875,21.95288,15.65196,19.933958,17.60612,18.125805,21.19837,19.763702,17.281534,17.513823,15.028437,15.140481,16.038115,15.310303,18.548569,18.656319,22.759659,24.137789,27.643196,24.16042,24.166239,21.920244,21.440063,23.374218,21.55436,26.796808,25.0906,27.978807,27.0314,28.403769,24.788486,22.807938,24.68017,20.070335,25.359804,22.751968,28.213797,26.605436,30.74792,29.606943,25.580158,25.885204,21.68265,20.28647,16.887405,15.324565,12.139373,10.848438,9.259022,8.65408,10.105235,10.916507,6.373429,9.938066,12.277362,9.787336,13.488802,11.823673,17.489437,17.764748,22.155943,25.341873,28.137598,31.780737,27.282276,27.29272,34.146465,31.130161,27.376705,31.487272,34.207054,31.158754,28.196617,28.183407,23.155272,26.972961,22.258179,27.212446,29.743498,26.816647,23.493069,23.084982,17.379786,17.077662,12.740133,13.460297
13,36.328453,33.59353,31.009764,29.1007,25.07507,23.041904,19.637552,16.888426,13.720867,10.8816185,7.177861,6.360996,3.9691358,0.0,3.9624963,7.3652697,11.380874,13.620952,16.220274,20.810644,21.75409,25.800026,27.182985,30.416357,26.388529,32.283775,27.801725,26.67,22.52899,22.880548,17.443274,20.060978,13.138982,17.986427,14.593585,15.962029,18.321865,16.644627,13.658315,13.708806,11.66393,11.632243,13.270148,12.824661,16.673048,17.335665,21.580153,23.634113,26.471113,22.616188,22.363483,19.594133,18.83471,20.313038,18.002163,23.372183,21.312643,24.466677,23.787401,25.315117,21.518713,20.016045,22.010271,17.307013,22.891088,20.646149,26.022955,24.751785,29.21359,28.223787,24.294909,25.29361,20.963308,20.287617,16.691174,14.366367,10.948646,8.993844,6.2894955,5.157015,6.272535,7.720492,4.7659397,9.1346655,10.473626,8.706654,12.603797,10.768437,16.60984,17.195236,21.228418,24.630318,27.004917,31.20281,26.63636,25.887026,32.827595,30.251448,26.094671,29.844152,32.814716,30.119514,26.982851,27.526209,22.535656,26.84196,22.504313,27.613226,30.424728,27.847979,24.47325,23.855003,18.335445,18.332005,13.900285,15.581465
14,32.723515,30.1533,27.32781,25.792665,21.650314,19.46424,16.264301,13.279207,10.62403,7.4376497,5.6633234,4.355702,4.566776,3.9624963,0.0,4.3787956,7.432095,10.137437,12.303633,17.06582,17.902943,22.039894,23.36278,26.760395,23.00646,29.007126,24.798334,24.048546,19.784176,20.869911,15.220457,18.953907,13.2203455,18.54059,15.85825,17.728691,20.530088,19.374668,16.120975,15.11169,11.94956,11.450294,11.882199,10.8764515,13.984514,14.230017,18.368921,20.076405,23.30001,19.817118,19.661484,17.530418,16.960157,19.099379,17.881805,22.887476,21.918465,24.6172,23.642054,25.48291,22.524796,20.320913,21.523827,16.444895,21.332273,18.470007,23.859447,22.117609,26.357452,25.165915,21.158535,21.736282,17.49261,16.47205,12.921733,11.075691,7.6539855,6.6614437,5.322613,6.57648,9.104537,10.784441,7.9234753,12.27025,12.810805,9.5972595,12.775532,9.813469,15.7111635,14.904329,19.224276,22.186487,24.683525,28.776396,24.561735,24.22576,31.079884,28.735186,24.989153,28.938255,31.869783,29.339554,26.56792,26.885967,21.475988,25.490417,20.573193,25.497026,28.258154,25.948708,22.532463,22.921728,16.846361,17.705748,13.500278,15.483841
15,29.1553,26.316105,23.829569,21.82667,17.733948,15.963559,12.287798,10.297313,7.1457567,5.706995,5.783995,7.212378,7.773827,7.3652697,4.3787956,0.0,5.734706,6.379479,9.836192,13.735454,15.285317,18.682854,20.40319,23.320812,19.282461,25.402365,20.988625,20.346613,15.96326,17.070988,11.5129795,15.32382,10.847124,15.999474,14.54994,16.486023,19.880333,19.575941,16.62361,15.072684,10.849988,11.599034,10.021317,10.471798,12.203863,13.020953,16.759459,18.542753,21.820705,19.067934,18.377895,17.10531,15.593157,18.17723,17.04417,21.647825,21.32145,23.099377,21.570452,23.192337,20.965687,17.92918,18.64681,13.839329,18.342413,15.455398,20.950687,19.438631,23.317688,22.523602,18.543526,19.151741,14.629509,14.262415,10.859278,8.032518,6.209944,4.170806,6.141363,7.3432074,10.9277115,11.976932,9.655771,13.563106,12.633498,8.324422,10.24603,6.4674373,12.013681,10.559288,14.971369,17.88253,20.53473,24.440775,20.232716,20.16668,26.954128,24.54849,21.044765,25.148432,27.97363,25.493351,22.983915,23.16208,17.556122,21.43287,16.385073,21.260101,24.091743,22.055584,18.634499,19.512957,13.320372,15.033028,11.281304,14.192481
16,25.870495,23.674442,20.350931,19.696901,15.393174,12.887249,10.438696,7.0405693,6.7882533,4.2444572,8.670781,8.100344,10.727813,11.380874,7.432095,5.734706,0.0,5.014823,4.9218917,10.130394,10.694355,14.955509,16.235378,19.943325,16.95159,23.118849,19.661484,19.90938,15.5940075,18.310213,12.900755,18.435715,15.729534,20.994196,19.786587,22.101772,25.423115,25.083204,21.741,19.526468,15.20695,14.39729,12.426078,10.893515,11.194971,10.37018,13.628389,14.236254,18.410791,16.25975,16.232113,15.98827,15.689914,18.974947,19.774456,23.665764,24.627907,26.27127,24.75856,26.943928,25.574606,22.314455,22.043854,16.924099,19.873663,15.98224,20.971802,18.33114,21.732811,20.198652,16.180874,15.557464,11.684549,9.689318,6.561366,6.7602906,5.323029,7.451595,9.552506,12.422573,15.698664,17.325104,14.719986,18.742826,18.334646,13.919203,15.388375,11.385308,15.933678,12.27463,16.692728,18.386053,21.062635,24.654938,21.40991,22.055405,28.364458,26.53626,23.858803,28.005415,30.70043,28.569405,26.647635,26.494562,20.663578,23.768732,17.998728,22.152006,24.66759,23.067062,19.786219,22.24197,15.704529,18.19308,15.082042,17.33689
17,23.271229,20.482643,17.790607,16.191397,11.784526,10.465265,6.4680653,6.3743963,5.515905,6.784515,10.683813,11.95865,13.668353,13.620952,10.137437,6.379479,5.014823,0.0,5.3510385,7.4767632,10.270149,12.44234,14.22564,16.951078,13.086376,19.376398,15.351351,15.487132,11.027998,13.628983,8.540045,14.090012,13.171418,17.96313,17.805635,20.271872,23.779417,24.18758,21.17836,18.586586,13.730544,14.198999,10.5229225,11.03252,9.841587,10.370144,12.905365,14.129266,17.730494,16.375898,15.414852,15.9168825,14.198532,17.635529,18.169338,21.534994,22.956059,23.623074,21.607227,23.501934,22.91743,19.047312,18.222662,13.675015,16.018362,12.331681,17.363514,15.30757,18.343075,17.552063,13.660839,13.600747,9.1466465,9.108142,6.5061355,4.058429,6.1177483,6.6389656,10.557679,12.855612,16.55392,17.683693,15.916481,19.559732,17.81856,13.1860695,13.317515,9.120038,12.273667,7.558094,11.784734,13.388442,16.107426,19.737373,16.459053,17.139135,23.364567,21.653353,19.164242,23.2801,25.91246,24.015537,22.384296,22.296404,16.419712,19.448671,13.818436,17.876844,20.613756,19.556355,16.330612,19.186495,12.994176,16.391912,13.9906225,17.219053
18,21.161654,19.252234,15.605731,15.657101,11.402428,8.631759,7.4076085,4.3159204,7.124249,6.976231,12.472704,12.526412,15.316884,16.220274,12.303633,9.836192,4.9218917,5.3510385,0.0,5.867485,5.9715524,10.269022,11.793007,15.609404,13.43885,19.65151,16.923914,18.07483,13.999581,17.730667,13.179437,19.146906,18.442533,23.191935,22.967491,25.270157,28.855679,28.98467,25.775402,23.186474,18.531918,17.930666,14.890261,13.665889,12.057255,10.773525,12.594461,12.068929,16.825668,16.115383,16.049164,17.269323,16.938477,20.653524,22.352327,25.439333,27.373383,28.269524,26.415493,28.596142,28.156637,24.365059,23.301975,18.639523,20.177689,15.974004,20.307608,17.275547,19.67301,18.071133,14.324073,12.536631,9.350695,6.582597,5.1599393,7.3581147,8.468932,10.947422,13.9286785,16.819859,20.287426,21.74588,19.215725,22.99683,22.169308,17.44684,17.980701,14.007225,17.149954,12.093331,16.030998,16.58762,19.339476,22.232683,19.856413,21.321245,26.945255,25.42911,23.661678,27.815304,30.209173,28.347773,27.06928,26.553226,20.768654,23.014446,16.990023,20.260431,22.454098,21.448055,18.468811,22.245758,15.948204,19.267256,17.11787,19.363646
19,16.67022,14.4617815,10.935299,11.104549,6.5752716,5.7809954,4.6723843,7.0724998,10.047775,12.019444,17.162815,18.00606,20.409466,20.810644,17.06582,13.735454,10.130394,7.4767632,5.867485,0.0,5.813505,5.091243,7.072877,9.986725,7.7870755,14.050137,11.739215,13.698966,10.22629,14.749648,11.819366,17.721294,19.513159,23.62556,24.321764,26.904314,30.440928,31.205166,28.167545,25.0634,20.200642,20.132814,15.910464,15.7737875,12.3777,11.762598,11.798056,11.126046,15.225346,16.161264,15.388573,17.990072,16.866867,20.714218,22.961466,24.966122,27.89938,27.72165,25.479279,27.566214,28.357855,24.119305,22.06662,18.265322,18.028028,13.951237,17.258848,14.361006,15.465006,14.373697,11.237485,8.997493,6.531507,5.8549085,6.9141674,8.378982,11.7116785,13.681942,17.467257,20.232334,23.871246,25.120266,23.31591,26.874292,25.05677,20.335926,19.75546,15.914134,17.223736,11.046656,13.580948,12.6855545,15.096169,17.511831,16.257795,18.14184,22.824104,22.083559,21.237015,25.03963,27.175299,25.974787,25.441376,24.90814,19.408323,20.910587,15.271988,17.416487,19.490578,19.685545,17.174566,22.003311,16.568838,20.767452,19.58198,22.40628
20,16.008,14.843434,10.801033,12.149473,8.948393,5.1930127,7.9595494,5.765694,10.275041,11.385805,16.918295,17.406242,20.313477,21.75409,17.902943,15.285317,10.694355,10.270149,5.9715524,5.813505,0.0,6.8944087,9.407282,12.961792,12.754401,18.5475,17.104109,19.407236,15.952673,20.250164,16.916506,22.443386,23.195127,27.116749,27.930712,29.784195,33.762863,34.252438,31.338287,28.769276,23.960693,23.691286,20.177464,19.254702,16.762,15.239466,15.641632,13.713468,18.737144,19.541023,19.573322,21.856483,21.574074,25.434996,27.567703,30.101013,32.576794,32.885056,30.72285,32.670525,32.84516,28.624834,27.13326,23.149971,23.648228,19.531763,23.016037,19.8749,20.871988,19.354353,16.335415,13.154468,11.632603,8.589955,9.626923,12.391727,14.338514,16.611414,19.847706,22.48847,26.044033,27.24339,24.395176,27.823114,27.001219,22.097837,21.989378,18.469275,20.333574,14.859622,18.02696,17.366753,20.251135,21.677904,20.389236,23.04612,27.627588,26.100828,25.507433,29.677168,31.530615,29.726183,29.146372,28.006094,22.620123,23.605,17.611982,19.509907,20.945269,20.39948,18.04391,23.038826,17.438602,21.074827,20.025946,21.744537
21,11.906399,10.250508,6.1319594,8.214419,5.128144,5.650226,7.7299232,10.553205,14.0666065,16.417425,21.665487,22.643002,25.163727,25.800026,22.039894,18.682854,14.955509,12.44234,10.269022,5.091243,6.8944087,0.0,4.526104,6.2392087,6.9248147,12.000436,11.510117,14.637939,12.375733,17.096785,15.607675,20.864443,23.879124,27.362732,28.732956,31.12446,34.79593,35.839447,32.967056,29.785988,24.912634,24.962523,20.524334,20.492744,16.58432,15.784107,14.647466,12.973062,16.737919,19.031305,18.321314,21.740383,20.722538,24.531792,27.213064,28.576042,32.050117,31.33112,28.909094,30.84208,32.29172,27.833443,25.329971,22.223135,20.899563,17.14514,19.268818,16.430658,15.930767,15.045027,13.04338,9.752733,9.582083,9.044087,11.395602,13.289056,16.738268,18.706846,22.549633,25.244253,28.913477,30.050734,28.166634,31.550999,29.641508,24.873035,23.861757,20.35027,20.698652,14.497921,15.958561,13.757831,15.836474,16.780035,17.00764,19.730986,23.07577,22.748566,23.05594,26.586748,28.225697,27.363352,27.534004,26.633238,21.666948,22.070278,16.885626,17.539822,18.91699,19.938807,18.135174,23.834526,19.22667,23.620945,23.203737,25.773043
22,14.116802,13.235551,8.861804,12.156822,9.245682,9.931756,11.02155,13.501974,17.040335,18.617617,23.977564,24.210106,26.902876,27.182985,23.36278,20.40319,16.235378,14.22564,11.793007,7.072877,9.407282,4.526104,0.0,5.015192,7.126001,10.550758,11.350251,14.424679,12.92755,17.989214,16.644276,22.5695,25.530624,29.648882,30.238571,33.328884,36.501255,37.31979,34.008484,30.3764,25.74065,24.936214,20.772299,19.972376,15.616518,14.301694,12.096258,9.780142,13.080812,16.193312,15.743127,19.755356,19.41391,23.15811,26.838518,27.634485,31.754547,31.143755,29.044485,31.521423,33.291317,29.181623,26.282164,22.856834,20.786774,16.795233,18.066164,14.5686455,13.71236,12.045373,10.610013,6.427058,8.346457,7.8109846,11.097294,13.854275,17.100586,19.77516,23.265547,26.515352,29.992489,31.545872,30.053268,33.771954,31.845526,27.237986,26.548267,22.677963,23.49468,17.122946,18.373262,16.034807,17.241993,18.94362,19.67753,21.556036,24.672003,25.363392,25.480526,28.57335,30.465721,30.167334,30.30661,29.862047,24.816372,25.618662,20.625967,21.420448,22.947435,24.231428,22.365267,27.86527,23.049583,27.428955,26.568213,29.302443
23,11.830859,10.560176,7.6413207,10.407102,8.9266,11.509857,12.464072,16.498005,19.549536,21.986172,27.05899,27.94256,30.325922,30.416357,26.760395,23.320812,19.943325,16.951078,15.609404,9.986725,12.961792,6.2392087,5.015192,0.0,5.609475,6.7728496,9.000178,12.759864,12.531502,17.17096,17.431276,22.30731,26.730486,30.040798,31.413504,34.37931,37.551407,38.846508,35.876328,32.184383,27.54525,27.430763,22.741552,22.950495,18.247747,17.782045,15.281824,13.779903,15.755118,19.39393,18.306273,22.57537,21.395922,24.90039,28.321913,28.472076,32.89569,31.4548,29.056005,31.154915,33.68788,29.356527,26.00695,23.606737,20.552855,17.32662,17.570501,14.984931,12.622369,12.217184,11.973966,8.998012,10.973277,12.162892,15.05623,16.60684,20.451763,22.426374,26.275608,29.13908,32.69573,33.9446,32.7987,36.236923,33.736187,29.231907,27.867218,24.370646,23.975767,17.75506,17.752214,14.445811,15.030072,15.681315,17.672094,19.84675,21.65871,22.961102,23.96257,26.574211,28.059763,28.281736,29.041073,28.543482,24.12288,24.214287,20.084507,19.805326,21.039406,23.234015,21.919561,27.676645,23.811546,28.428429,28.204853,31.200993
24,15.35282,12.625072,10.578536,10.33607,7.30118,10.559003,9.100283,14.330775,16.297136,19.051546,23.550823,24.827433,26.751234,26.388529,23.00646,19.282461,16.95159,13.086376,13.43885,7.7870755,12.754401,6.9248147,7.126001,5.609475,0.0,6.562848,4.6117,7.9240527,6.959504,11.641557,11.983112,16.750692,21.369787,24.648779,25.981829,29.077587,32.08805,33.496357,30.653238,26.983545,22.362125,22.761782,17.777225,18.867922,14.248136,14.792113,13.061609,13.175964,14.880752,17.406013,15.632508,19.320938,17.18014,20.606726,23.31272,23.673698,27.75676,26.20316,23.675077,25.655462,28.099373,23.749203,20.43154,18.12209,15.272749,12.166053,13.120661,11.123377,9.851886,10.271071,9.039338,8.015062,7.694539,10.65613,12.462204,12.434196,16.667147,17.931372,21.954325,24.496943,28.029654,29.11321,28.430498,31.752268,28.8336,24.552538,23.006765,19.557737,18.946583,12.805437,12.536378,9.549389,10.17956,12.390023,13.261866,14.743258,17.601027,18.737701,18.978872,21.686752,23.568558,23.720963,24.115429,24.019499,19.36262,20.190979,16.125803,16.723814,18.71227,20.643345,18.899645,24.00082,20.051867,24.686275,24.22941,27.713573
25,16.722412,14.695252,13.565414,14.262967,12.891788,16.509733,15.616934,20.815514,22.843292,25.512339,29.96192,31.064772,32.961025,32.283775,29.007126,25.402365,23.118849,19.376398,19.65151,14.050137,18.5475,12.000436,10.550758,6.7728496,6.562848,0.0,5.563017,8.743902,10.936129,14.472248,16.657885,20.503008,26.177856,29.112257,30.432148,33.922955,36.408245,38.017315,35.149208,31.11064,26.905901,27.060535,22.177868,23.269272,18.282175,18.892984,16.014067,16.058237,15.892618,19.642786,17.702578,22.033415,19.99119,22.852919,26.274803,25.252724,30.255857,27.954334,25.563759,27.637672,31.192667,27.151663,23.1008,21.733639,17.144348,15.062348,13.392202,12.076727,8.052862,9.49724,10.930136,10.518541,12.368976,15.611805,17.898052,18.05435,22.171103,23.526836,27.330431,29.977642,33.311245,34.485237,34.35355,37.66775,34.38289,30.401667,28.636816,25.353373,24.166754,18.480824,17.001108,13.309309,12.03628,13.395744,16.315311,17.124643,17.702204,20.741877,21.851374,23.345978,24.897938,26.25285,27.312578,27.5515,23.725822,24.047749,21.17153,20.724684,22.30573,25.18782,24.017172,29.132118,25.954195,30.624,30.408081,34.035812
26,18.487766,15.416507,14.464318,13.245556,10.870131,14.571948,12.125649,17.844479,18.945862,21.853888,25.724295,27.230759,28.719372,27.801725,24.798334,20.988625,19.661484,15.351351,16.923914,11.739215,17.104109,11.510117,11.350251,9.000178,4.6117,5.563017,0.0,3.9300694,5.616049,9.014781,11.386098,14.955268,20.74211,23.559175,24.97963,28.392569,30.901628,32.608246,29.93755,26.075071,21.806435,22.600636,17.455454,19.439142,14.783238,16.268173,14.451496,15.658774,15.941095,18.340069,15.92829,19.455683,16.483881,19.354898,21.793976,21.327154,25.729145,23.431456,20.79994,22.654846,25.903315,21.706726,17.819887,16.503662,12.388555,10.420265,9.974546,9.439699,7.3572335,9.479743,9.284542,10.329766,9.8728485,14.00412,15.264997,14.049633,18.33696,18.938961,22.879951,25.110777,28.443651,29.386208,29.486403,32.61621,29.08311,25.273321,23.356445,20.219564,18.826141,13.394723,11.674308,8.379496,7.1761913,10.393562,11.824464,12.06628,14.1628065,16.56924,16.841452,18.702238,20.677794,21.664883,22.28459,22.768557,18.653477,19.646149,16.739763,17.151329,19.363482,21.783062,20.22536,24.712616,21.469305,26.041204,25.671062,29.573673
27,22.266714,18.980522,18.130604,16.342297,13.639809,17.045362,13.592853,19.203606,19.503948,22.230835,25.45939,26.99729,28.090559,26.67,24.048546,20.346613,19.90938,15.487132,18.07483,13.698966,19.407236,14.637939,14.424679,12.759864,7.9240527,8.743902,3.9300694,0.0,4.51263,6.091818,9.507557,12.409906,18.42099,21.248863,22.278091,26.078957,28.084333,29.840925,27.196371,23.206863,19.28324,20.294878,15.202945,17.856297,13.521358,15.816599,14.459219,16.710993,16.279552,17.865934,15.022926,17.922592,14.238973,16.62656,18.61411,17.811638,22.217928,19.630438,17.000383,18.952814,22.481785,18.549109,14.383064,13.439678,8.658562,7.5774026,6.6630406,7.647942,6.765175,9.607635,9.302942,11.952609,10.645052,15.351795,15.864149,13.617917,17.672447,17.716396,21.413393,23.398384,26.484695,27.381777,28.134735,31.165432,27.277962,23.928446,21.994253,19.00461,17.533361,12.856749,10.642196,8.337773,6.0937524,11.141004,11.579661,10.081631,12.802306,15.6884,15.077346,16.46171,18.906172,20.229761,20.511038,21.649317,17.644691,19.393578,17.028044,18.089134,20.692026,22.868374,21.113745,24.746769,21.624186,25.955067,25.297737,29.499306
28,21.500824,18.091122,16.725603,14.61286,11.068476,13.7682085,9.644345,15.009665,15.054257,17.752466,20.980694,22.602552,23.7315,22.52899,19.784176,15.96326,15.5940075,11.027998,13.999581,10.22629,15.952673,12.375733,12.92755,12.531502,6.959504,10.936129,5.616049,4.51263,0.0,5.09219,5.772752,10.352748,15.24529,18.64744,19.569563,23.129002,25.632532,27.157774,24.424673,20.683815,16.271606,17.41679,12.127705,14.78111,10.752096,13.042891,12.668846,14.92197,15.740109,16.482054,13.906551,16.271536,12.656125,15.622122,17.104353,17.66874,21.244408,19.51352,16.85906,18.802895,21.172794,16.94061,13.551671,11.324992,8.719323,6.0614595,8.529681,8.203927,9.403481,10.810373,8.71311,10.838283,7.932532,12.340191,12.237985,9.501601,13.702161,13.633386,17.588045,19.578846,22.889496,23.780224,24.057116,27.187223,23.611849,19.925985,18.228815,14.93059,14.125969,8.821035,7.891959,6.696054,6.760546,11.915041,10.613022,9.829165,14.543642,15.607502,14.2013645,16.777956,19.42525,19.626965,19.28705,20.099298,15.253769,17.544657,14.090059,16.145771,19.012707,20.38119,18.150362,21.71275,17.834488,22.134117,21.172451,25.296167
29,25.266716,21.46422,20.939726,17.78785,14.836476,17.616598,13.041221,18.261576,17.129862,19.99619,22.04449,24.1963,24.58979,22.880548,20.869911,17.070988,18.310213,13.628983,17.730667,14.749648,20.250164,17.096785,17.989214,17.17096,11.641557,14.472248,9.014781,6.091818,5.09219,0.0,5.7182093,6.3356442,12.872071,15.197886,16.584452,20.1327,22.208187,24.212835,22.037352,18.508297,14.599699,16.990593,11.809184,16.017109,13.042379,16.213877,16.465237,19.39507,19.605944,19.651947,16.747189,18.116165,13.533418,15.510976,15.310113,15.649603,18.557095,15.995049,12.906756,14.155164,17.041405,12.71767,8.938423,8.554439,5.816307,6.2442727,8.458395,10.513942,12.047718,14.309646,12.691475,15.649759,12.559644,16.936668,16.146288,12.233061,15.826118,14.395132,18.035473,19.060316,22.039577,22.435387,23.566391,26.151644,21.861567,18.94405,16.693022,14.265357,12.231714,9.079905,6.3502655,6.7136827,5.581669,11.540345,9.181119,6.0194035,11.55106,12.733992,10.361953,12.333922,15.393206,15.956899,15.3934145,16.982218,12.788539,15.676543,13.7487,16.011244,19.130835,20.471043,18.38401,20.679338,17.813692,21.675158,20.878145,25.334433
30,25.564554,22.032055,20.507122,17.842905,13.921032,15.31106,10.235698,14.1030855,12.593081,14.765962,16.773603,18.573536,19.0875,17.443274,15.220457,11.5129795,12.900755,8.540045,13.179437,11.819366,16.916506,15.607675,16.644276,17.431276,11.983112,16.657885,11.386098,9.507557,5.772752,5.7182093,0.0,7.051627,9.651979,13.983872,14.085432,17.82726,20.301287,21.577078,18.80063,15.312353,10.685575,12.6006365,7.247948,11.176051,8.925214,12.024571,13.516561,16.514555,17.726738,16.685923,14.249881,14.820223,10.713489,13.369904,13.103893,15.220795,17.320303,16.463554,13.936754,15.805726,16.749367,12.609179,10.38088,6.688814,7.798451,5.4090414,10.546457,10.628673,13.826623,14.629704,11.616595,14.11902,9.854863,13.372808,11.635548,7.012121,10.263071,8.747988,12.589282,14.032377,17.284454,18.043833,18.639189,21.713139,18.042221,14.626112,13.294921,9.858097,10.150416,6.1761036,7.0123525,9.048087,10.114198,15.424076,12.077267,10.351401,16.774982,16.433018,13.28866,16.396177,19.53846,18.848148,17.356567,18.540318,13.210017,16.929787,13.296105,16.949003,20.201303,20.386896,17.59969,19.71561,15.322235,18.958593,17.210865,21.533901
31,28.928278,24.870987,24.662376,20.59248,17.787355,19.725977,14.794482,18.907766,16.301798,19.124695,19.561104,22.444576,21.95288,20.060978,18.953907,15.32382,18.435715,14.090012,19.146906,17.721294,22.443386,20.864443,22.5695,22.30731,16.750692,20.503008,14.955268,12.409906,10.352748,6.3356442,7.051627,0.0,8.029034,8.895976,11.335925,14.084718,16.485497,18.900406,17.59867,15.101757,11.49221,15.716893,11.263399,16.569666,15.426327,18.845337,20.372631,23.496092,24.29304,23.23705,20.55137,20.576067,15.821732,17.201015,14.514694,16.342453,16.952127,14.798464,11.5330515,11.302995,12.577254,7.589284,5.817196,6.7724156,8.786709,10.12281,13.650066,15.765091,18.184301,20.08087,17.831211,20.618156,16.67005,20.251528,18.480366,13.653247,16.1671,13.119397,16.290197,15.814656,18.518476,18.088242,19.576355,21.389498,16.625536,14.433556,11.66409,10.544237,7.480219,8.108809,5.987859,9.4704075,9.949917,14.510454,10.053137,6.619008,13.3169565,12.029815,7.5062866,10.320675,13.677663,12.840719,10.890535,12.970403,8.821825,13.158537,12.087112,15.534067,18.868221,19.078417,16.779173,17.106045,14.858651,17.774975,16.898098,21.4836
32,33.396755,29.645596,28.54015,24.987694,21.480997,21.837616,16.870426,18.487942,14.82068,15.9994,14.505328,17.046326,15.65196,13.138982,13.2203455,10.847124,15.729534,13.171418,18.442533,19.513159,23.195127,23.879124,25.530624,26.730486,21.369787,26.177856,20.74211,18.42099,15.24529,12.872071,9.651979,8.029034,0.0,6.6095004,4.884897,8.468414,10.979522,12.247306,10.428354,8.870133,5.2858825,10.672947,8.457492,13.375323,14.819928,17.937256,20.941307,24.235203,25.58289,22.968157,20.928152,19.243378,15.312034,16.25584,11.9368305,16.168644,14.379265,14.831124,12.856511,13.166009,10.538754,7.276515,9.450722,6.9215865,13.043313,13.1581545,18.007092,19.022846,22.872644,23.65958,20.538382,23.137663,18.55543,20.867086,17.959455,12.980329,13.197834,8.941923,10.425522,8.471023,10.744651,10.064852,12.133096,14.004915,9.351681,7.9835005,7.079863,6.1955013,7.646566,10.404058,11.845456,15.935847,17.313965,21.864391,16.976805,14.571923,21.305874,19.169147,14.285483,17.25602,20.481367,18.520992,15.3173895,17.103275,12.717611,17.802847,15.579572,20.35177,23.643463,22.338572,19.399632,18.302456,14.772663,16.152233,13.53687,17.811758
33,35.23113,31.151072,31.075289,26.520115,23.9378,24.73851,20.071108,22.221403,18.242905,20.331518,18.243979,21.772766,19.933958,17.986427,18.54059,15.999474,20.994196,17.96313,23.191935,23.62556,27.116749,27.362732,29.648882,30.040798,24.648779,29.112257,23.559175,21.248863,18.64744,15.197886,13.983872,8.895976,6.6095004,0.0,6.7486315,5.8288994,9.368906,12.4024725,13.191067,13.382142,11.440917,17.045902,14.820772,19.946638,20.909948,24.104574,26.761852,29.88921,31.256126,29.13058,26.86754,25.554989,21.260015,21.953127,17.075468,20.466936,18.078875,17.28477,14.865515,13.004445,10.358968,6.8648405,10.357242,11.483876,16.405708,17.71215,21.813812,23.688826,26.77072,28.25443,25.502047,28.025703,23.561052,26.111486,23.507116,18.545082,19.34319,15.06386,16.68395,13.874654,15.509819,13.526285,15.4670515,15.514893,10.270023,10.376587,7.4778323,9.827122,7.3043976,12.888767,12.804527,17.018156,18.34384,21.67588,16.431515,14.171767,20.000145,16.683334,11.647032,14.235152,16.868279,14.16196,10.375734,12.4194355,9.969336,14.837728,14.858304,19.068308,22.103855,20.659914,18.338438,15.499706,14.455873,14.905308,13.74245,17.821991
34,38.212402,34.398823,33.40638,29.744738,26.334307,26.692993,21.750944,23.095232,19.242653,19.936737,17.445675,19.702396,17.60612,14.593585,15.85825,14.54994,19.786587,17.805635,22.967491,24.321764,27.930712,28.732956,30.238571,31.413504,25.981829,30.432148,24.97963,22.278091,19.569563,16.584452,14.085432,11.335925,4.884897,6.7486315,0.0,5.937125,6.364416,7.6918187,6.755297,6.8054895,6.4677896,11.819285,11.493441,16.07626,18.343744,21.539999,24.679983,28.25804,29.170124,26.106373,24.085573,21.688215,17.854185,17.795494,12.096121,16.41064,12.797552,13.77629,12.52652,12.120532,7.483111,6.6022387,10.560767,9.497219,15.654442,16.677443,20.970678,22.477064,26.502163,27.398413,24.476866,27.441757,22.956003,25.299091,22.256666,17.373388,16.938305,12.727723,12.750642,9.762213,10.306532,8.8788805,12.658952,13.484325,8.54287,9.861438,9.614136,10.299574,11.404536,15.187369,16.112152,20.21386,21.162378,25.7125,20.807451,17.799406,24.052992,22.005325,16.8142,18.912111,22.110222,20.271482,16.67133,19.01138,15.781594,20.883226,19.628952,24.274237,27.500961,26.050207,23.286898,21.143536,18.478195,18.926937,16.275503,20.117311
