,0,1,2,3,4,5,6,7,8,9,10,11,12,13,14,15,16,17,18,19,20,21,22,23,24,25,26,27,28,29,30,31,32,33,34,35,36,37,38,39,40,41,42,43,44,45,46,47,48,49,50,51,52,53,54,55,56,57,58,59,60,61,62,63,64,65,66,67,68,69,70,71,72,73,74,75,76,77,78,79,80,81,82,83,84,85,86,87,88,89,90,91,92,93,94,95,96,97,98,99,100,101,102,103,104,105,106,107,108,109,110,111,112,113,114,115,116,117,118,119,120,121,122,123,124,125,126,127,128,129,130,131,132,133,134,135,136,137,138,139,140,141,142,143,144,145,146,147,148,149,150,151,152,153,154,155,156,157,158,159,160,161,162,163,164,165,166,167,168,169,170,171,172,173,174,175,176,177,178,179,180,181,182,183,184,185,186,187,188,189,190,191,192,193,194,195,196,197,198,199,200,201,202,203,204,205,206,207,208,209,210,211,212,213
0,0.0,4.223158,7.996735,9.249697,13.135374,15.559612,16.838163,22.09451,24.10992,27.79527,31.732855,34.910854,37.864025,41.48461,40.98992,36.799168,36.84941,32.050175,30.182941,27.792114,25.603458,23.106518,19.16371,19.509802,15.617072,18.287626,19.725147,20.812042,25.126959,24.212177,28.245588,28.575737,34.278534,36.135693,36.674397,40.82439,41.791565,44.17363,42.328106,37.94302,36.68042,35.668114,32.718433,34.621784,31.247004,33.536804,30.943142,33.737392,29.887789,31.059772,28.404087,30.381615,27.59613,26.064905,28.657782,23.325003,28.500002,25.519045,25.905611,28.109745,33.369404,31.685692,26.87588,28.07784,22.245874,24.497272,20.15086,24.20492,20.673534,24.019981,26.777206,29.863516,31.180922,35.318462,36.271603,34.46302,37.77545,37.697075,40.093872,42.11645,44.231846,45.68393,46.922157,49.730892,45.50021,42.42059,40.87703,38.587906,37.30794,33.848785,31.208199,30.824757,27.471563,29.880411,26.16642,23.77229,26.599047,30.216652,31.048695,33.23947,32.492775,38.057888,39.859894,42.64467,46.390083,48.449417,49.42286,48.140415,48.88532,44.12479,47.179836,44.88819,50.289124,48.58839,51.422455,54.4377,54.28089,50.83841,50.352867,46.445282,47.889996,44.12984,48.796715,45.74172,49.886196,49.459217,52.306366,50.943047,50.966442,50.533684,48.356968,48.086258,48.24332,47.91296,51.45049,48.605766,54.1072,50.5043,55.530186,57.416058,59.062653,58.938957,54.6925,57.716465,53.171642,55.746,53.336678,54.00691,54.24379,53.34474,57.17742,59.251022,57.934635,60.735138,58.104374,61.466133,60.33035,62.603786,65.9403,63.07133,59.489285,58.76845,59.263462,54.337162,54.34923,53.873802,54.477955,52.362278,55.09656,52.9517,52.834282,53.33441,50.77065,48.91261,46.822754,46.992897,48.09343,47.568966,50.495384,49.59167,53.37936,52.659473,55.771988,54.44922,50.340004,49.72484,49.929874,47.94709,44.71433,44.7265,41.80751,42.86563,42.172405,40.67217,43.161808,39.23843,44.15504,45.32542,43.7548,39.878006,40.434914,39.22476,43.006363,37.84469,39.81579,37.975475,35.2766,38.504864,40.60048,41.365868,42.921627,46.445873,47.129025,51.202694
1,4.223158,0.0,4.103485,7.0060325,9.647,12.599791,14.838679,19.388292,22.004341,25.340082,29.765291,32.794094,35.533627,39.20632,38.377186,34.160915,33.74141,29.096125,26.931555,24.437551,22.116135,19.249802,15.406222,15.344862,11.490073,14.315458,16.139767,17.435078,21.834969,21.024694,25.401539,25.767538,31.978914,33.730217,34.849148,38.614143,40.028778,42.587715,40.877155,36.58753,34.871902,34.189465,30.727911,32.925995,29.275867,31.64589,29.08551,31.780016,28.434757,29.864904,27.065355,29.406467,26.301647,25.302252,27.920069,22.9155,28.4124,25.13928,24.94564,27.101501,32.260193,29.993452,25.162462,26.344995,20.44865,22.368105,18.217793,21.660368,18.337833,21.968615,24.397665,27.296522,28.35692,32.61349,33.676987,31.82651,35.41669,35.304615,38.030655,40.04551,42.43139,43.790638,44.64029,47.4075,43.256527,39.98993,38.197216,35.848675,34.27393,30.757936,27.852646,27.279093,23.825132,25.908003,22.377878,19.773932,22.74572,26.257202,27.283285,29.517038,29.029528,34.539864,36.383186,39.281467,42.884274,45.105675,45.96866,44.795486,45.614193,40.93943,44.076317,41.835575,47.364487,45.75468,48.571518,51.55247,51.16293,47.5851,47.07727,42.984196,44.373928,40.451763,45.11221,41.868824,45.9649,45.491974,48.26738,46.825504,46.804707,46.420303,44.254787,44.100266,44.280064,44.162415,47.777943,45.244614,50.71927,47.346764,52.432957,54.355236,55.8043,55.461803,51.144833,54.023834,49.386032,51.929344,49.38738,50.072193,50.206486,49.33826,53.08214,55.221584,53.872326,56.752403,54.121277,57.483944,56.48149,58.675716,62.143677,59.304756,55.730274,55.169304,55.7623,50.803658,50.64495,50.08098,50.528004,48.347515,50.98824,48.81821,48.640842,49.153664,46.640606,44.78759,42.762165,43.016876,44.192024,43.686874,46.7297,45.916203,49.79395,49.244843,52.4609,51.268005,47.17295,46.809963,46.891487,44.665825,41.39269,41.159416,38.25949,39.018444,38.289566,36.633163,39.06414,35.096413,39.95939,41.17167,39.56666,35.69179,36.215504,35.02218,38.824535,33.70667,35.80948,33.989265,31.375002,34.733547,36.765614,37.855495,39.251194,42.904995,43.69497,47.763126
2,7.996735,4.103485,0.0,6.529772,7.0487723,10.679458,13.532597,17.03668,19.964903,23.070578,27.664873,30.746084,33.265633,37.03482,36.00434,31.854351,31.009207,26.733109,23.957523,21.80664,18.834501,16.183523,12.259899,12.004736,8.674676,12.417685,14.883624,16.204302,20.520603,19.391813,24.321718,24.087399,30.935202,32.14568,33.982803,37.255325,38.971897,41.8119,40.467052,36.430084,34.42174,34.347958,30.459826,33.18845,29.456215,32.02894,29.701313,32.374283,29.63458,31.102272,28.153612,30.590883,27.061125,26.444859,28.594519,23.947962,29.398245,25.619804,24.941689,26.623827,31.82026,29.077152,24.364758,25.990444,20.30413,22.236547,18.719528,21.5676,18.811174,22.665394,24.531717,27.291885,27.828178,32.259674,33.31864,31.211096,35.050537,34.67102,37.71431,39.494762,42.089462,43.2094,43.767807,46.31872,42.115288,38.835247,36.671757,34.551422,32.4167,29.249743,25.900776,25.393463,21.919584,23.533651,20.630936,17.606459,20.900986,24.09225,25.562208,27.823565,27.75749,33.157814,34.954025,38.06249,41.43255,43.793724,44.402405,43.311337,44.090237,39.433662,42.52701,40.183304,45.740322,44.047886,46.746365,49.58379,48.99772,45.314827,45.037838,40.637768,42.231495,38.06726,42.883957,39.44799,43.410007,43.02002,45.540066,44.017494,43.704155,43.3287,40.983227,41.096333,40.99252,41.316154,44.736706,42.60877,47.889225,44.676205,49.855312,51.646587,52.835793,52.347435,47.94248,50.591408,45.979916,48.30524,45.731712,46.278614,46.38771,45.404297,49.233307,51.398125,50.139328,53.061184,50.58908,54.029438,53.1187,55.505695,59.010937,56.38373,52.803825,52.506935,52.953827,48.055824,47.84508,46.95291,47.423115,44.999294,47.67629,45.29541,45.200485,45.538315,42.981075,40.987938,39.00628,39.09202,40.313538,40.00226,43.008175,42.38191,46.2622,45.903725,49.18139,48.14793,43.931137,43.78612,44.005432,41.565277,38.405365,37.864418,35.26719,35.67554,35.19388,33.382717,35.874966,32.06168,36.776047,38.248657,36.525112,32.661785,32.933456,31.609913,35.29216,30.000563,32.103218,30.076248,27.381712,30.749367,32.867077,33.98218,35.559944,39.155663,40.14234,44.135815
3,9.249697,7.0060325,6.529772,0.0,5.1272883,6.495251,7.8499846,12.878338,15.19064,18.629065,22.937038,25.907295,28.752058,32.382866,31.762024,27.566175,27.659084,22.86379,21.131626,18.864748,16.957783,15.171853,11.137571,13.4148855,10.004929,14.537216,14.733578,14.584108,18.43529,16.230536,20.801315,19.842913,26.062439,27.26654,28.438852,32.15834,33.366817,36.081154,34.72074,30.689278,29.154224,29.202555,25.782194,28.8037,25.677406,28.663359,26.949982,30.289112,27.534168,27.917253,24.802084,26.362356,22.46185,21.370836,22.698118,17.97223,23.130657,19.156332,18.639673,20.348057,25.631256,23.300812,18.537476,20.48298,14.944231,17.907,15.006754,19.055033,17.066244,20.78712,22.232265,25.871422,25.80154,30.437563,30.842148,28.068289,31.50545,30.650578,33.326603,34.773304,37.052795,38.097046,39.205215,41.650356,37.206173,34.27525,32.380352,30.595993,28.770452,26.109205,23.167177,23.641075,20.667734,23.832998,21.325521,19.291069,22.875446,25.79869,27.242744,28.553434,27.59978,33.41033,34.425446,37.669693,41.390312,42.859035,43.28596,41.690575,41.93712,36.845745,39.548817,36.853016,42.084644,40.068287,42.757442,45.629894,45.5176,42.139435,42.074554,38.05041,40.065784,36.322594,41.430656,38.817364,42.862045,43.151287,45.63603,44.968616,44.37926,43.477577,40.976055,40.407696,40.209667,39.575176,42.76504,39.67817,45.093376,41.347683,46.37438,48.198673,49.914616,49.95181,45.79327,49.05681,44.657978,47.437416,45.36158,46.22917,46.88396,46.351498,50.29541,51.83397,50.448025,52.86016,50.091885,53.408375,51.90609,54.45813,57.4403,54.67301,51.069405,50.257584,50.41327,45.593952,45.93084,45.395714,46.494053,44.47524,47.675976,45.653732,46.069786,46.539055,43.602337,42.147488,39.474598,39.85427,40.520912,39.517094,42.295116,41.035034,44.727802,43.74559,46.775726,45.33873,41.340805,40.629684,40.723785,38.86065,35.627224,35.914787,32.96055,34.526634,34.01702,33.029667,35.881924,32.652496,37.897995,39.378265,38.18717,34.161175,34.693546,32.765594,36.23998,31.03028,32.23053,30.95045,28.437618,31.277838,33.052193,33.579456,34.64007,38.213165,38.500645,42.678112
4,13.135374,9.647,7.0487723,5.1272883,0.0,3.9042013,7.7907,10.292103,13.787107,16.391806,21.449585,24.14056,26.559164,30.258932,29.0964,24.905252,24.150173,19.711662,17.294664,14.952745,12.593899,10.287654,6.160679,8.510886,5.8253446,11.185125,11.759567,11.676045,15.387849,13.117003,18.38166,17.211655,24.324772,25.183083,27.391317,30.363697,32.26669,35.2497,34.1757,30.413492,28.219223,28.856323,24.72445,28.18817,24.767237,27.809511,26.242882,29.335875,27.410067,28.12734,24.94347,26.93144,22.737522,22.482464,23.7157,19.798658,25.0195,20.8513,19.470444,20.88034,25.787785,22.575092,18.020494,19.974287,14.772959,17.033493,14.895502,17.596807,16.285517,20.154951,20.917896,24.141996,23.548197,28.288826,28.820482,25.961922,29.77915,28.820633,31.983007,33.343422,36.004654,36.859066,37.35805,39.675606,35.36689,32.200676,29.865253,28.08379,25.663479,23.077147,19.594019,19.877476,16.81746,19.42768,17.591625,15.289214,19.138023,21.653955,23.499632,24.763828,24.269299,29.893282,30.902483,34.329575,37.77314,39.464302,39.67342,38.245796,38.572296,33.620125,36.40541,33.757492,39.152447,37.24535,39.87065,42.65223,42.171223,38.58002,38.551636,34.18376,36.194603,32.159664,37.318607,34.415413,38.355553,38.629726,40.94041,40.17363,39.42803,38.57285,36.018288,35.6646,35.405087,35.171474,38.41821,35.861794,41.197308,37.80645,42.94552,44.785164,46.165916,45.869446,41.581203,44.600277,40.069244,42.764187,40.502304,41.362736,41.888767,41.37911,45.236652,46.85743,45.446697,47.97257,45.234413,48.581112,47.270203,49.777424,52.94693,50.268494,46.665375,46.134224,46.381233,41.524914,41.621174,40.874977,41.782288,39.607647,42.717175,40.605564,40.984222,41.425026,38.523098,37.054764,34.442677,34.906765,35.6676,34.714924,37.650333,36.54792,40.377224,39.67313,42.867928,41.648136,37.63243,37.331184,37.289177,35.023468,31.753721,31.612158,28.752493,29.82209,29.33807,28.113186,30.93995,27.73565,32.895367,34.516537,33.275566,29.25726,29.675934,27.674757,31.127413,25.913113,27.235891,25.974468,23.575758,26.574842,28.2605,29.245092,30.09946,33.858353,34.335552,38.499733
5,15.559612,12.599791,10.679458,6.495251,3.9042013,0.0,4.698863,7.2259336,10.754395,13.18739,18.360445,20.773764,23.301676,26.897825,25.851984,21.60602,21.341297,16.540195,14.929144,12.377498,11.141967,9.568942,6.0940385,10.193764,8.230656,13.094818,12.117807,10.840305,13.826003,10.591856,15.685753,13.798755,20.720675,21.500685,23.539377,26.621468,28.396015,31.36686,30.351324,26.674746,24.59222,25.526495,21.513676,25.339714,22.31769,25.648424,24.607296,28.042904,26.389534,26.441036,23.179962,24.638443,20.12894,19.851656,20.394695,16.855644,21.792997,17.477665,15.817237,17.167429,21.935316,18.671555,14.127737,16.32596,11.463588,14.286651,13.12277,16.142311,15.72414,19.350462,19.555838,23.20772,22.026583,26.857634,26.938784,23.586266,27.180786,25.835321,28.865694,29.952452,32.505047,33.251286,33.957603,36.172657,31.73505,28.739264,26.479975,24.942102,22.604078,20.443188,17.17701,18.219887,15.655659,19.250374,17.93023,16.423697,20.274208,22.43511,24.262728,24.829855,23.820807,29.56419,30.007,33.52161,37.105003,38.213226,38.24652,36.514442,36.482067,31.280596,33.792244,30.91303,36.110237,34.011356,36.622833,39.418304,39.178226,35.754295,35.865242,31.712648,34.002693,30.241045,35.574028,33.224033,37.167355,37.90354,40.144966,39.954967,39.020184,37.82146,35.195385,34.385494,34.086143,33.21529,36.32574,33.190155,38.61699,34.94581,39.991295,41.885372,43.566772,43.550632,39.42524,42.82611,38.420696,41.433243,39.479794,40.581314,41.43895,41.270866,45.123325,46.330456,44.818863,47.007553,44.063263,47.299408,45.631855,48.193993,51.04342,48.271893,44.666294,43.825054,43.91848,39.10925,39.526905,39.023777,40.30619,38.42433,41.839558,40.0019,40.702526,41.247993,38.13726,37.076546,34.03699,34.76029,35.149925,33.697018,36.50328,34.973583,38.689545,37.604485,40.655804,39.199024,35.382927,34.783894,34.556534,32.61489,29.264555,29.65308,26.514147,28.343256,27.806524,27.163574,30.188019,27.448294,32.878963,34.48618,33.627644,29.575449,30.165104,27.79238,31.04223,26.030315,26.717731,26.070133,23.925323,26.52459,27.877087,28.588625,28.92795,32.705727,32.697075,36.97015
6,16.838163,14.838679,13.532597,7.8499846,7.7907,4.698863,0.0,6.2802286,7.774823,11.200023,15.377142,18.146957,21.103607,24.661352,24.296453,20.164211,21.0223,16.139666,15.2348385,13.553938,12.654369,13.009409,9.934439,14.631632,12.881395,17.750282,16.343906,14.524092,16.85215,12.830763,17.190903,13.94582,20.022291,20.183985,21.61807,25.079485,26.067265,29.059198,28.307962,24.807325,23.480747,24.756758,21.45041,25.575691,23.32742,26.92327,26.396969,30.231665,28.432388,27.655525,24.396364,24.929495,20.25215,19.292551,18.521536,14.9127,19.009146,14.090236,12.759595,13.37956,18.714787,16.108654,11.644464,15.052086,10.942259,15.130535,14.734638,18.642323,18.613588,21.923887,21.981098,26.088943,24.605495,29.400099,28.987015,25.15312,28.252218,26.381207,28.959385,29.530819,31.666157,32.201767,33.56306,35.489803,30.694761,28.280823,26.198746,25.334656,23.093813,21.900965,19.036934,21.003014,19.008757,23.149956,22.17034,20.979425,24.7975,26.808975,28.62428,28.840326,27.47781,33.256477,33.259758,36.793755,40.482296,41.04986,40.910103,38.861355,38.38664,32.916924,34.96763,31.715038,36.44513,33.89929,36.361813,39.03936,39.263813,36.178818,36.735577,32.84638,35.668682,32.240067,37.79064,36.026638,39.870213,41.08358,43.13021,43.39603,42.13229,40.627735,37.77489,36.71163,36.023552,34.749683,37.30163,33.5524,38.804764,34.61626,39.5291,41.21133,43.245167,43.75545,39.84485,43.56063,39.52898,42.573715,41.12055,42.213737,43.496235,43.40544,47.48755,48.2687,46.85321,48.65082,45.74916,48.95472,46.855564,49.818596,52.169678,49.531414,45.93611,44.838413,44.425266,39.846462,40.815426,40.308186,42.21511,40.43583,44.263054,42.468113,43.59557,44.00418,40.6293,39.714996,36.32224,36.872837,36.878113,35.23941,37.620396,35.792034,39.185432,37.65112,40.409935,38.670475,34.85997,33.70474,33.780342,32.41783,29.281973,30.28554,27.32717,29.95746,29.765745,29.704693,32.980778,30.831163,36.299274,38.05286,37.387264,33.362877,33.87355,31.159758,34.069492,29.00819,28.988018,28.502974,26.299662,28.314344,29.636091,29.4484,29.948128,33.339016,32.928482,37.18238
7,22.09451,19.388292,17.03668,12.878338,10.292103,7.2259336,6.2802286,0.0,4.6330357,6.1010003,11.506769,13.896241,16.278439,20.00806,19.09,14.977933,15.11346,10.767783,9.0114355,8.307543,7.2111483,9.745852,8.278463,13.558324,13.701628,18.377127,16.938719,14.751675,15.899871,11.131108,15.798211,10.7053795,17.79391,16.554567,19.693226,21.836859,23.557667,27.046156,27.069258,24.314913,22.388273,24.922033,21.031157,25.94759,23.844414,27.569841,27.606878,31.230635,30.514133,29.754688,26.515451,27.124685,22.171722,22.097897,20.599018,18.460705,21.886866,16.904709,14.510712,13.931032,18.360725,14.598648,11.191648,15.181657,12.762001,16.11512,17.29478,19.619772,20.746136,23.881916,22.923481,26.587952,24.131378,28.90311,28.311378,24.056568,27.314846,24.886873,27.903564,27.904743,30.358377,30.378347,31.134924,32.567577,27.762205,25.424408,22.63458,22.432156,19.072182,19.080425,15.61572,18.260637,16.893858,20.59407,21.16254,20.13631,23.985022,25.092653,27.392696,27.1386,26.175392,31.516993,31.093628,34.86829,38.149067,38.588657,37.939667,35.909283,35.17935,29.755987,31.516026,28.019201,32.615894,29.870527,32.077156,34.482426,34.431435,31.240978,32.294697,27.998888,31.347746,27.725311,33.569576,31.898977,35.43613,37.089966,38.64153,39.203754,37.37192,35.634842,32.47764,31.501238,30.310663,29.31442,31.430412,28.029999,33.02314,28.96944,34.03412,35.569614,37.3178,37.70165,33.71712,37.33838,33.391376,36.367912,35.075397,36.182858,37.67526,37.7428,41.86803,42.35914,40.97606,42.5854,39.747276,42.97805,40.789948,44.052845,46.280117,43.902885,40.30231,39.45931,38.741127,34.274906,35.34083,34.452534,36.643673,34.706367,38.79172,36.915504,38.408497,38.653477,35.082466,34.35042,30.67682,31.256617,30.996857,29.181398,31.436901,29.53923,32.905846,31.418314,34.242092,32.61914,28.740368,27.834435,27.910332,26.296413,23.229483,24.073488,21.407349,24.045862,24.263067,24.464716,27.963474,26.565826,31.863503,33.959965,33.4556,29.559227,29.822985,26.647081,29.0863,24.102526,23.411188,23.295519,21.36382,22.917473,23.94263,23.656841,23.79913,27.203438,26.681652,30.961245
8,24.10992,22.004341,19.964903,15.19064,13.787107,10.754395,7.774823,4.6330357,0.0,4.525683,7.7841578,11.044934,13.9390955,17.689367,17.684639,13.929414,15.447748,11.655142,10.675695,11.473161,10.546634,14.246454,12.728478,17.998526,17.974802,22.852068,21.338829,18.992172,19.905321,14.929042,18.813036,12.805042,18.564249,16.27617,18.954596,21.1641,21.979183,25.582472,26.139618,23.823727,22.707535,25.700554,22.552937,27.658669,26.258875,30.125404,30.55502,34.431263,33.59938,32.252968,29.05652,28.94595,23.968641,23.375942,20.669712,18.759865,21.04597,15.650999,13.596655,11.532404,16.310902,13.3164015,10.703181,15.896117,14.541558,18.659,20.236599,23.143335,24.385416,27.350758,26.36251,30.299686,27.684866,32.37024,31.415909,26.84673,29.631502,26.745722,29.308886,28.721155,30.731897,30.432592,31.784172,32.783012,27.652666,26.05484,23.405918,24.046524,20.740654,21.826578,18.822145,22.061052,21.097588,24.993374,25.710354,24.767654,28.610231,29.66598,31.965174,31.545929,30.39863,35.70847,34.982807,38.74782,42.047626,42.077766,41.250626,38.991665,37.869106,32.309006,33.574562,29.753859,33.754154,30.537857,32.47396,34.633568,35.03761,32.248848,33.86477,29.837767,33.722256,30.439905,36.403004,35.243267,38.59194,40.656094,41.949013,42.865986,40.690044,38.71065,35.331867,34.234177,32.56015,31.350044,32.71155,28.862923,33.45124,28.904333,33.78148,34.958466,36.989376,37.939323,34.216103,38.041836,34.603813,37.452045,36.72856,37.729713,39.6449,39.718075,44.075817,44.138317,42.92536,44.12066,41.447,44.643482,42.052746,45.802975,47.485695,45.37031,41.822025,40.82154,39.479404,35.37014,37.008137,35.985977,38.819996,36.917255,41.36744,39.469444,41.381966,41.414974,37.625946,36.97265,33.046646,33.32807,32.6851,30.81814,32.509354,30.399961,33.31544,31.396093,33.849632,31.97144,28.053362,26.528622,27.128986,26.183292,23.543427,24.971735,22.795454,26.090565,26.787743,27.497637,31.152866,30.344208,35.506973,37.765396,37.37722,33.573395,33.68996,30.27815,32.31817,27.341446,25.99189,25.916803,23.930698,24.799114,25.824366,24.458456,24.93986,27.729752,26.829277,30.968634
9,27.79527,25.340082,23.070578,18.629065,16.391806,13.18739,11.200023,6.1010003,4.525683,0.0,6.0912747,7.8546925,10.212876,13.977496,13.426987,9.541553,11.000136,7.5019608,7.370438,8.931964,9.535487,13.829608,13.719008,18.77545,19.507208,23.802738,21.853352,19.18294,19.110594,14.048113,17.306725,10.414328,15.960717,12.715888,16.513893,17.720985,19.138678,22.973764,23.955778,22.187944,20.654593,24.404486,21.049702,26.501526,25.367035,29.22715,30.127907,33.858696,33.753662,32.277397,29.181076,29.007431,24.001877,24.010307,20.978119,20.188328,22.089848,17.141724,14.426347,12.15905,15.499835,11.673382,10.288187,15.167129,15.14491,18.498325,21.09534,23.053667,25.093704,27.735807,26.07515,29.733496,26.507492,30.998192,29.807878,25.012892,27.674778,24.430914,27.127771,26.136448,28.295996,27.673147,28.629482,29.313553,24.25213,22.749107,19.755682,20.91118,17.104246,19.181404,16.263796,20.035585,19.774065,23.610563,25.192255,24.73227,28.364838,28.833527,31.21572,30.271889,29.121841,34.061382,32.886196,36.69131,39.77547,39.470486,38.330315,35.99091,34.60183,29.097452,30.04678,26.083517,29.855593,26.523054,28.310577,30.344618,30.667597,27.906166,29.786024,25.744371,29.942163,26.811874,32.841034,32.062157,35.193096,37.65285,38.686012,40.044765,37.614998,35.3803,31.955751,30.596125,28.797491,27.268213,28.401188,24.397247,28.94713,24.386244,29.282448,30.526817,32.58225,33.539913,29.892511,33.91935,30.544943,33.645725,33.12096,34.365753,36.48978,36.939243,41.124226,40.845657,39.520817,40.44959,37.61274,40.683746,37.90012,41.648674,43.147675,41.03217,37.50845,36.44316,34.98821,30.938433,32.737835,31.772797,34.85059,33.150528,37.77638,36.11833,38.289402,38.39905,34.515945,34.289516,30.080078,30.700748,29.742775,27.386938,29.014229,26.557781,29.423573,27.307598,29.742935,27.785938,24.103254,22.615685,22.821232,21.8952,19.148611,20.894854,18.584116,22.377285,23.123848,24.341166,28.050922,27.864979,32.951126,35.232807,35.168873,31.518929,31.683933,28.024443,29.703665,25.191975,23.243923,23.896496,22.430965,22.883692,23.367037,22.124279,21.704218,24.600279,23.252014,27.468323
10,31.732855,29.765291,27.664873,22.937038,21.449585,18.360445,15.377142,11.506769,7.7841578,6.0912747,0.0,4.5599303,7.4165587,10.969011,12.140379,9.703458,12.98484,11.452277,11.890875,14.633858,14.80074,19.748068,19.401623,24.490246,25.159424,29.721699,27.852602,25.139904,24.970734,19.893682,22.51116,15.370265,18.926918,14.339347,17.468918,18.196928,18.288813,22.223654,24.197832,23.351532,22.854584,27.143053,24.722908,30.21426,29.845716,33.75108,35.0487,38.94657,38.799843,36.793922,33.790676,32.9272,28.024302,27.57921,23.36994,23.0104,23.469564,18.483055,16.341793,12.389593,15.168421,12.783765,13.086757,18.521053,19.549185,23.347303,26.17982,28.552065,30.646051,33.15404,31.4692,35.287735,31.921745,36.254444,34.73105,29.722666,31.8339,28.15039,30.280546,28.520582,30.08139,28.945415,30.511238,30.457499,25.179342,24.812603,22.046091,24.317608,20.652365,23.918608,21.52135,25.634205,25.69392,29.496294,31.267553,30.784273,34.43157,34.808502,37.2412,36.179432,34.962856,39.76917,38.302475,42.07355,45.069653,44.351448,42.958073,40.43012,38.598877,33.11818,33.409843,29.17021,31.989218,28.114996,29.365988,30.88058,31.759407,29.634819,32.32178,28.685497,33.48129,30.806389,36.82533,36.61964,39.40011,42.324444,42.946945,44.688606,41.79988,39.31347,35.641834,34.2547,31.790777,30.195879,30.158287,25.85989,29.517067,24.455603,28.917257,29.498623,31.829279,33.56922,30.385933,34.52627,31.998384,34.765453,35.055225,36.09338,38.747288,39.187748,43.608265,42.74526,41.696022,42.037426,39.52754,42.506985,39.24101,43.658653,44.379913,42.74819,39.372417,38.21583,35.845768,32.458504,34.98478,33.73794,37.619625,35.933678,40.941814,39.234886,41.930035,41.719578,37.62579,37.486187,33.065876,33.25096,31.803345,29.48669,30.248676,27.614222,29.704685,27.052046,28.854448,26.601793,22.952183,20.564062,21.687023,21.812418,19.970926,22.37076,21.062614,25.364792,26.785435,28.51808,32.298973,32.84908,37.609997,40.104908,40.14579,36.67695,36.607113,32.730556,33.855297,29.452139,26.776764,27.42045,25.957806,25.52588,25.967344,23.356058,23.395157,25.247187,23.40397,27.2137
11,34.910854,32.794094,30.746084,25.907295,24.14056,20.773764,18.146957,13.896241,11.044934,7.8546925,4.5599303,0.0,3.5489016,6.7962337,8.094118,6.119952,10.682302,9.895853,12.183839,14.684858,16.417522,20.998158,21.46388,26.378725,27.264616,31.288082,28.858055,25.8455,24.881157,19.989906,21.577932,14.36853,16.405277,10.948809,14.46738,14.217332,14.472906,18.535374,20.97838,20.813433,20.249561,25.127163,22.942005,28.510008,28.643484,32.459824,34.261597,38.06228,38.464314,36.155334,33.33095,32.193462,27.433928,27.37887,22.793793,23.51344,23.426884,19.116133,16.598843,12.777748,13.68728,11.057954,12.876246,17.602095,19.9194,23.100527,26.733036,28.508947,31.229418,33.318367,31.129866,34.771687,30.983007,34.99076,33.14401,28.005386,29.703566,25.704704,27.637787,25.39157,26.849127,25.377651,26.831104,26.405367,21.182482,21.231138,18.483608,21.413342,17.840975,22.03925,20.257462,24.73633,25.463099,29.429907,31.635118,31.718203,35.101353,35.10841,37.422375,35.833282,34.384266,38.86112,36.911003,40.587936,43.477207,42.232315,40.621105,37.919445,35.740658,30.34414,30.170628,25.825483,28.116259,24.066036,25.1314,26.534166,27.636208,25.804655,28.711956,25.497087,30.499414,28.33133,34.20451,34.655685,37.23493,40.55833,41.044468,43.348377,40.39549,37.635933,34.106094,32.22068,29.885218,27.509548,27.2549,22.32252,25.948849,20.65624,24.87894,25.62416,28.350248,30.353552,27.49898,32.08428,29.739292,32.95464,33.54364,34.963875,37.829723,38.774014,42.869835,41.604954,40.370167,40.335415,37.53809,40.241592,36.659134,40.88635,41.25865,39.4836,36.19536,34.687294,32.22439,28.984953,31.837337,30.994104,35.157578,33.969505,39.088623,37.85483,40.74741,40.753975,36.651917,37.0803,32.424374,33.108456,31.339468,28.379921,29.052567,25.887457,27.780392,24.678371,26.25251,23.697136,20.70536,18.016567,18.38964,19.061186,17.149712,20.363583,18.711884,23.81365,25.023273,27.39922,31.080317,32.144726,36.86741,39.188183,39.638954,36.334587,36.4757,32.50729,33.36353,29.624228,26.520346,27.979538,27.076515,26.389536,26.231653,23.929499,22.810053,24.718044,22.185184,25.967552
12,37.864025,35.533627,33.265633,28.752058,26.559164,23.301676,21.103607,16.278439,13.9390955,10.212876,7.4165587,3.5489016,0.0,3.9552143,4.973715,4.6895437,9.107292,10.221913,12.524186,15.545879,17.467648,22.218447,23.240307,27.867252,29.195692,32.96066,30.560612,27.565763,26.202806,21.527315,22.826889,15.692064,17.297976,11.204495,15.526952,13.885553,14.655153,18.750036,21.70683,22.159151,21.32095,26.577593,24.303043,29.898556,30.131577,33.83232,35.833065,39.43443,40.278767,38.03223,35.29597,34.24127,29.56237,29.855589,25.333,26.462807,26.320019,22.297052,19.626698,16.018518,16.115313,13.33652,15.625491,19.794977,22.465975,25.137241,29.052591,30.255068,33.26249,35.226818,32.737583,36.077854,32.008556,35.80466,33.897194,28.779177,30.383623,26.25148,28.24905,25.69128,27.212868,25.41114,26.410011,25.518528,20.551655,20.88271,17.862598,21.338356,17.392939,22.361538,20.674374,25.205881,26.30923,29.876347,32.63865,32.85735,36.07711,35.688377,38.08818,36.278126,35.005367,39.082806,36.90477,40.56191,43.158623,41.764606,39.87373,37.2086,34.847374,29.6927,29.18014,24.808615,26.658989,22.494343,23.184296,24.215714,25.21693,23.534824,26.919662,23.713266,29.030315,27.026108,32.818546,33.533707,35.768845,39.387306,39.515545,42.09138,38.83896,35.920822,32.315983,30.401348,27.741058,25.379805,24.508902,19.697996,22.834257,17.51446,21.686377,22.220535,24.876495,26.998043,24.292255,28.932732,26.89544,30.092718,31.014954,32.496372,35.580315,36.73843,40.72288,39.121574,37.914417,37.575058,34.825645,37.420593,33.658413,38.089405,38.17995,36.627914,33.417347,32.002384,29.172628,26.216002,29.309462,28.278013,32.770817,31.648268,36.904583,35.767166,38.929195,38.85563,34.707226,35.397873,30.621904,31.376253,29.318836,26.134344,26.498228,23.129917,24.735947,21.423126,22.833168,20.203135,17.4025,14.594249,14.891898,15.833632,14.267226,17.786442,16.606913,21.8907,23.397873,26.123293,29.742466,31.41364,35.808044,38.214153,38.835182,35.764015,35.80252,31.718782,32.137024,28.815775,25.23997,27.086266,26.553694,25.409454,24.877169,22.448614,20.809992,22.428946,19.497498,23.124495
13,41.48461,39.20632,37.03482,32.382866,30.258932,26.897825,24.661352,20.00806,17.689367,13.977496,10.969011,6.7962337,3.9552143,0.0,4.1037464,6.5849104,10.977797,12.851367,15.863813,18.611649,21.082438,25.588509,26.870878,31.39795,32.755856,36.276554,33.598736,30.472778,28.70473,24.2583,24.80429,18.020962,18.04891,11.702083,15.499632,12.79699,13.147555,17.02311,20.650549,21.984821,21.462324,27.03072,25.283213,30.71938,31.485893,35.04651,37.435795,40.963207,42.12282,39.5729,37.021923,35.631493,31.185236,31.585878,26.695715,28.510962,27.709768,24.237968,21.64044,18.01806,16.852665,14.686974,17.888542,21.48258,24.937775,27.302658,31.604464,32.57047,35.88714,37.54772,34.804863,38.02976,33.749115,37.21489,35.0391,29.915562,31.02662,26.690882,28.290892,25.20908,26.383776,24.177046,25.229513,23.729858,18.986757,20.13736,17.42235,21.587276,18.05439,23.680286,22.6195,27.255413,28.780731,32.387783,35.356514,35.89504,38.93245,38.332886,40.627155,38.48927,37.05524,40.832893,38.29116,41.80779,44.27702,42.402206,40.313225,37.508053,34.793617,29.85277,28.770197,24.384855,25.338478,20.957817,21.182241,21.80727,23.238214,22.175396,25.964952,23.410755,28.89689,27.520506,33.00979,34.385853,36.32017,40.299377,40.21354,43.27287,39.909203,36.774082,33.296944,31.040045,28.37324,25.432047,23.984257,18.689579,21.23726,15.676863,19.186668,19.551243,22.70487,25.38751,23.28967,28.239569,26.747946,30.110682,31.526398,33.205944,36.539337,38.046326,41.780674,39.72442,38.48091,37.657352,34.837013,37.11425,32.988308,37.400852,36.904198,35.4276,32.412212,30.676516,27.458368,24.99903,28.576,27.835001,32.717503,32.04228,37.37746,36.62081,40.016556,40.017452,35.891644,37.004143,32.124966,33.095432,30.733465,27.192114,27.196646,23.474665,24.54467,20.74628,21.587658,18.610847,16.715097,13.344108,13.1681385,15.221993,14.167594,18.385878,17.362883,23.071278,24.523554,27.740637,31.181772,33.336758,37.535595,39.82254,40.742756,37.87396,38.003124,33.89836,34.001778,31.22938,27.334963,29.632975,29.443653,28.000904,27.105423,24.641256,22.416677,23.664318,20.184391,23.418476
14,40.98992,38.377186,36.00434,31.762024,29.0964,25.851984,24.296453,19.09,17.684639,13.426987,12.140379,8.094118,4.973715,4.1037464,0.0,4.305797,7.4195595,10.349012,13.470756,16.110285,19.022284,23.222574,25.068775,29.214634,30.922728,34.039444,31.373714,28.321844,26.244722,22.091211,22.566105,16.02307,16.569473,10.27357,15.395661,12.02602,13.983687,17.871023,21.049765,22.101427,20.697634,26.281748,23.898148,29.373247,29.788221,33.237247,35.562263,38.836124,40.355217,38.149044,35.615734,34.6605,30.213074,31.085428,26.819965,28.652708,28.548168,25.133713,22.161867,19.223019,18.191084,15.029401,17.815338,20.85215,24.125715,25.879688,30.271994,30.577871,34.076237,35.68293,32.726986,35.606094,31.175491,34.540947,32.498055,27.493841,28.852367,24.62814,26.667953,23.815931,25.495127,23.393147,23.631723,22.31381,17.836006,18.30818,15.034184,19.069025,14.958633,20.797518,19.603859,24.133518,25.876913,29.125685,32.468388,33.14916,35.996597,35.10593,37.425667,35.160873,33.911972,37.40506,34.823017,38.35248,40.630623,38.87753,36.68922,34.01199,31.395876,26.576235,25.615055,21.283434,22.60825,18.418207,18.78197,19.567041,20.403873,18.84318,22.59011,19.613586,25.157946,23.593187,29.131006,30.400175,32.27124,36.262333,36.119846,39.19754,35.83159,32.682903,29.250431,26.938719,24.365427,21.38319,20.188837,14.991408,18.037271,12.625546,16.81611,17.662455,20.48801,22.585442,20.105463,25.13209,23.187963,26.85838,27.983644,29.877703,33.07146,34.76204,38.294807,36.34813,34.932575,34.271397,31.225725,33.529392,29.551159,33.735188,33.604126,31.931479,28.794872,27.198175,24.313585,21.450527,24.780397,24.042204,28.751835,28.102625,33.389378,32.73103,36.055706,36.189407,32.117004,33.404953,28.509192,29.821918,27.508116,23.692255,24.039991,20.188936,21.665382,18.055862,19.389673,16.593693,14.678224,12.120982,10.902821,12.124644,10.402968,14.720645,13.296647,19.145533,20.462698,23.791199,27.16982,29.476961,33.590607,35.835182,36.849518,34.078327,34.255245,30.16508,30.195124,27.738245,23.806095,26.483723,26.61709,25.265348,24.071077,22.294239,19.316706,21.061518,17.557354,21.069069
15,36.799168,34.160915,31.854351,27.566175,24.905252,21.60602,20.164211,14.977933,13.929414,9.541553,9.703458,6.119952,4.6895437,6.5849104,4.305797,0.0,5.4163322,6.3216214,9.991234,12.169311,15.363568,19.326494,21.008844,25.29147,26.789925,29.980875,27.280855,24.216122,22.375782,18.013145,18.903984,12.035597,13.833577,7.887795,13.498538,11.460021,13.80691,17.851818,20.181953,20.268597,18.522408,23.766153,20.921326,26.534044,26.522743,30.110483,32.135174,35.52493,36.740658,34.712456,32.038258,31.318195,26.695995,27.52084,23.624859,25.012548,25.509521,21.82905,18.709259,16.14327,15.929409,12.05197,14.084038,17.325752,20.09216,21.993483,26.180195,26.684074,30.003502,31.77497,29.006788,32.0652,27.82449,31.49524,29.627523,24.57814,26.334307,22.291838,24.653269,22.365608,24.362255,22.760065,23.108952,22.603334,17.803724,17.348873,13.927853,17.10642,12.81959,17.884771,16.27652,20.843258,22.253134,25.828083,28.79055,29.372099,32.358936,31.766293,34.05491,31.998018,30.66504,34.57236,32.282867,35.919167,38.491634,37.081524,35.209156,32.56728,30.29815,25.123121,24.80817,20.484776,22.867039,18.96634,20.05399,21.532927,22.118683,19.944515,22.873158,19.451296,24.58878,22.500454,28.321,29.02772,31.403006,34.965755,35.296116,37.945816,34.958416,32.03805,28.669,26.441063,24.336336,21.47654,21.456606,16.365679,20.469406,15.400114,19.994965,21.30937,23.897432,25.414352,22.421158,27.25265,24.549921,28.31965,28.73931,30.60899,33.40497,34.845478,38.486294,37.117046,35.589443,35.51509,32.324963,34.863228,31.301119,35.10655,35.66693,33.60994,30.27858,28.728891,26.620613,23.079584,25.788723,25.217993,29.278227,28.427109,33.50268,32.67,35.573044,35.86047,31.846745,32.804615,28.034035,29.401339,27.528677,23.927238,24.947828,21.40485,23.600931,20.528893,22.430416,19.948229,17.460608,15.495593,14.399945,14.498454,11.845471,15.417011,13.004636,18.631147,19.497393,22.342117,25.872625,27.404148,31.988327,34.152843,34.9542,31.873741,32.190063,28.196459,28.810642,25.846756,22.489054,24.852129,24.660788,23.953165,23.107603,21.841434,19.217007,21.712097,18.840508,22.809761
16,36.84941,33.74141,31.009207,27.659084,24.150173,21.341297,21.0223,15.11346,15.447748,11.000136,12.98484,10.682302,9.107292,10.977797,7.4195595,5.4163322,0.0,5.6689267,7.355508,9.963965,12.957581,16.724611,19.240612,22.757553,24.991049,27.708158,25.445892,22.73796,20.729824,16.889088,18.282133,12.11789,15.589281,10.825349,17.145191,14.730191,18.2111,22.031637,23.92514,23.676495,21.00205,25.905573,22.16931,27.652359,26.896849,30.272741,31.95902,34.91489,36.513622,35.196117,32.511177,32.57955,27.985912,29.339901,26.475168,27.500355,28.972506,25.23925,21.917938,20.093359,20.434221,15.952407,16.927471,19.5188,21.391796,22.50469,26.394045,25.982536,29.291553,31.174515,28.281248,30.748487,26.443516,30.056887,28.608635,23.913012,26.254023,22.628561,25.678041,23.920652,26.522995,25.130972,24.39402,24.129553,19.992579,18.634102,14.614534,17.03586,11.739727,16.46469,14.06942,18.152035,19.63275,22.191257,25.8718,26.353357,29.134758,28.065615,30.574287,28.56185,27.832966,31.301813,29.186893,32.91662,35.090767,34.20042,32.18039,29.919325,28.005283,23.17067,23.266256,19.257706,22.298618,18.98272,20.125536,21.57546,21.111246,18.168201,20.93288,16.502434,21.588797,18.76138,24.749014,24.817253,27.05841,30.496143,30.611496,32.99998,29.823395,26.990519,23.464289,21.596367,19.279795,17.22802,17.536255,13.738355,18.074926,13.978137,19.180405,20.66522,22.292208,22.80417,19.153605,23.540634,20.196497,23.967669,23.86312,25.775785,28.32346,29.785887,33.3238,32.217205,30.601435,30.890379,27.656853,30.401304,27.261106,31.000036,32.19844,30.180473,26.702263,25.79356,24.079878,20.123243,22.164488,21.062008,24.729643,23.467218,28.475544,27.425287,30.250967,30.508198,26.51265,27.4574,22.71118,24.296064,22.5648,18.893454,20.39912,17.056593,19.893688,17.531763,20.14597,18.281424,15.436049,14.865152,13.400031,11.7606535,8.376486,10.831524,8.164563,13.325591,14.394663,17.079758,20.66866,22.449266,26.784304,29.131361,29.864319,26.91975,27.06606,23.00364,23.432043,20.661451,17.180302,19.878822,20.086481,19.41016,18.238998,17.863657,14.510889,17.679115,15.205723,19.438091
17,32.050175,29.096125,26.733109,22.86379,19.711662,16.540195,16.139666,10.767783,11.655142,7.5019608,11.452277,9.895853,10.221913,12.851367,10.349012,6.3216214,5.6689267,0.0,5.888622,6.0349393,10.536764,13.368224,15.413274,19.425053,20.924944,23.77654,21.034822,18.045984,16.295101,11.941232,13.593378,6.7690835,11.713495,8.275525,13.965801,13.450314,16.72301,20.429064,21.354492,20.07236,17.312897,21.653719,17.696215,23.257336,22.245436,25.837643,27.29461,30.566616,31.650352,30.240257,27.419966,27.480383,22.735132,23.909878,21.325632,21.998365,23.931616,20.177544,16.785582,15.665334,16.629087,11.745382,11.730326,14.282699,15.737664,17.121254,20.929634,21.047781,24.220594,26.18824,23.540579,26.498917,22.469032,26.473131,25.048307,20.192032,22.76242,19.311716,22.421127,21.265135,23.944735,23.145975,22.983543,23.61479,19.073023,17.019617,13.425076,14.697388,10.074502,13.296236,10.719762,15.091107,16.100569,19.836784,22.530506,23.098892,26.110231,25.708778,27.962318,26.120794,24.849525,29.101437,27.25503,31.01872,33.817944,33.035595,31.560675,29.146029,27.52578,22.156288,22.900732,18.93563,22.837961,19.764112,21.666279,23.866383,23.749554,20.700022,22.35695,18.258183,22.504414,19.589672,25.595806,25.359077,28.33996,31.215252,32.157074,34.17331,31.777122,29.23852,26.113892,24.04338,22.788809,20.244184,21.935415,17.54656,22.734194,18.563875,23.52217,25.44587,27.516397,28.04408,24.44416,28.854303,25.113789,29.033663,28.372356,30.30399,32.39473,33.62434,37.139084,36.605537,34.848186,35.60856,32.175987,34.92884,32.08111,35.143726,36.75337,34.17698,30.650097,29.32154,28.417328,24.043222,25.664816,25.336754,28.24929,27.20028,31.772068,30.822895,33.019398,33.621246,29.849365,30.486578,26.04497,27.727331,26.555279,23.200014,25.266132,22.227362,25.361837,23.1728,25.799154,23.844835,21.031391,20.130009,18.71241,17.387518,13.812662,15.965987,12.271891,16.909159,16.868761,18.871,22.411121,22.826876,27.948433,29.907595,30.470457,27.063654,27.639578,23.899239,25.317245,21.994,19.6531,21.785208,21.425085,21.797327,21.226337,21.339615,18.771635,22.372345,20.446568,24.779076
