,0,1,2,3,4,5,6,7,8,9,10,11,12,13,14,15,16,17,18,19,20,21,22,23,24,25,26,27,28,29,30,31,32,33,34,35,36,37,38,39,40,41,42,43,44,45,46,47,48,49,50,51,52,53,54,55,56,57,58,59,60,61,62,63,64,65,66,67,68,69,70,71,72,73,74,75,76,77,78,79,80,81,82,83,84,85,86,87,88,89,90,91,92,93,94,95,96,97,98,99,100,101,102,103,104,105,106,107,108,109,110,111,112,113,114
0,0.0,4.2879653,5.75001,8.488116,11.976384,12.840475,17.108461,18.896667,22.169704,25.066319,29.87564,31.609562,33.973045,35.41167,31.880644,28.477335,25.120623,22.965874,20.5612,16.482916,15.470714,11.383246,13.8612795,12.139891,15.672907,16.599796,17.640245,21.193398,21.070108,23.687914,25.457623,27.197987,33.259926,34.04616,38.043877,39.32905,43.31436,45.070232,43.330997,39.837368,35.67516,36.887676,31.631779,33.77449,29.276045,30.146893,28.17603,27.690083,28.460157,32.14108,30.20506,34.590637,32.115307,34.065712,37.096798,35.503067,40.722572,38.111004,35.086536,36.04796,40.04221,35.235107,32.012974,30.241568,28.469429,26.682884,26.226904,25.631205,21.958996,22.507454,22.69443,21.371613,22.331715,24.156633,26.602276,27.110167,31.446182,32.35373,36.757603,38.666275,42.55049,43.215824,41.27435,43.85912,41.77848,37.30431,34.194855,30.514967,29.161867,24.53545,22.803223,18.427568,17.441547,19.67744,13.812985,15.823206,14.649033,17.096668,21.004877,15.655528,19.94112,20.688139,24.273016,25.399439,29.03893,30.873951,35.46356,38.70482,38.75251,35.47109,38.586212,32.305595,34.060944,30.861359,31.483734
1,4.2879653,0.0,5.074569,4.692794,8.848572,10.632818,14.201994,17.029947,19.720144,23.143673,27.641184,29.82739,31.861588,33.046844,29.685675,25.976812,23.27456,20.44989,18.95362,14.493342,14.5917225,9.911753,12.937696,10.981278,13.220581,14.663771,14.629832,17.876541,17.674204,19.82516,21.880472,23.128845,29.346527,29.938562,34.116337,35.33124,39.316364,41.185677,39.588913,36.130188,32.09859,33.626526,28.32326,30.952364,26.616095,27.946022,26.275637,26.401562,27.09936,30.247812,28.002712,32.07094,29.152761,30.932335,33.536446,31.96418,37.03184,34.232414,31.130379,31.902746,35.956963,31.148556,27.959604,26.519558,24.858776,23.37902,23.136099,23.004429,19.725607,20.630615,20.431992,19.797268,20.022497,22.472757,24.50042,24.303896,28.748041,29.232983,33.66673,35.323177,39.1761,39.685688,37.94368,40.415947,38.075897,33.680626,30.455967,27.003801,25.252384,20.90722,18.810501,14.5454035,13.546248,15.768133,9.851016,12.296593,10.784578,12.928111,16.753862,11.434703,15.829006,16.88627,20.458687,21.948044,25.487211,27.601585,32.13921,35.34754,35.64257,32.407246,35.79601,29.419495,31.562979,28.340004,29.465591
2,5.75001,5.074569,0.0,5.974179,7.3087683,8.580366,12.318288,14.646476,18.04975,20.824772,25.891987,27.37175,29.77743,30.837332,27.197735,23.737253,20.230312,17.887682,15.590516,10.994295,11.028303,5.7392917,8.304751,7.424118,10.405923,12.808853,13.188081,16.813757,16.165285,19.468344,20.552294,23.221273,28.834864,30.443003,33.73842,35.5798,39.25089,40.670918,38.573334,34.98286,30.71091,31.55876,26.375566,28.189566,23.654148,24.410835,22.508615,22.080006,23.084963,26.609028,24.697367,29.111618,26.776506,28.991545,32.2069,30.970182,36.103027,33.996777,31.030378,32.426647,35.981937,31.205072,28.005249,25.492918,23.915209,21.617537,21.554695,20.495575,17.178305,17.29196,17.12901,15.682351,16.625956,18.486746,20.97215,21.654396,25.941465,27.138147,31.461313,33.65523,37.516464,38.420048,36.602165,39.47033,37.496674,32.917004,30.12146,26.078457,25.29092,20.019085,18.821241,14.268429,13.439042,16.917181,11.492864,14.408879,13.876201,15.333531,18.257137,13.061373,17.303146,17.307,21.342022,21.490988,25.737486,26.743292,31.588583,34.812145,34.460625,31.091574,33.706985,27.37586,28.841814,25.435585,25.970049
3,8.488116,4.692794,5.974179,0.0,4.746157,6.9964437,9.817622,13.307331,15.488373,19.223314,23.483377,25.924976,27.725079,28.729109,25.49297,21.629171,19.433872,16.216375,15.452607,11.090633,12.010323,7.7916727,11.508379,10.65039,10.878916,14.138406,12.402091,15.196295,14.1244755,16.19008,17.70377,19.018787,25.005053,25.590975,29.636303,30.845825,34.84203,36.664867,35.126747,31.816914,27.68703,29.482452,24.133356,27.047415,22.99179,24.559322,23.445827,23.949196,25.079514,27.628822,25.210035,28.974115,25.732872,27.66207,29.779823,28.720383,33.413754,30.806011,27.572453,28.269339,31.933655,27.00126,24.109829,22.428509,21.443262,19.813692,20.431812,20.35544,17.926247,18.65851,17.605635,17.28347,16.562284,19.238808,20.799143,20.126186,24.576574,24.77706,29.243029,30.745064,34.607246,35.058167,33.267075,35.72372,33.415882,29.00462,25.80539,22.31726,20.68505,16.290634,14.418787,10.201761,9.938423,13.488362,8.011996,11.675034,9.962473,10.694534,13.425779,7.532137,11.695922,12.310059,16.063477,17.284998,20.96896,22.9475,27.516779,30.718664,31.010588,27.784433,31.27312,24.890827,27.26496,24.158205,25.634089
4,11.976384,8.848572,7.3087683,4.746157,0.0,4.4136577,5.5982685,10.075483,12.247544,15.802958,20.294222,22.426817,24.273775,24.91188,21.55852,17.645247,15.340587,11.84602,11.430341,6.644778,9.184353,5.05484,8.619286,9.292248,7.706009,12.908075,10.132069,12.691597,10.604574,13.553991,13.909524,16.490683,21.821516,23.338247,26.536203,28.331903,32.00803,33.44821,31.527575,28.150862,23.81185,25.252964,19.930359,22.51212,18.472027,19.925737,19.072851,19.66264,21.195608,23.442623,21.067097,24.799446,21.684711,23.981936,26.226004,25.692799,30.209589,28.219946,25.046253,26.209637,29.276604,24.353588,21.59199,18.928724,18.39556,16.072378,17.420612,16.791243,15.073899,15.220802,13.474945,13.088939,11.903833,14.626768,16.069857,15.507858,19.945358,20.450966,24.88257,26.7049,30.579456,31.29753,29.541481,32.31686,30.208225,25.651129,22.825636,18.84549,18.031551,12.745749,11.793234,7.3853445,7.83414,13.117683,8.981313,13.074227,12.24187,11.758875,12.855084,7.679711,11.072206,10.377259,14.615104,14.409061,18.839502,19.748102,24.611673,27.797724,27.604107,24.271248,27.215422,20.766947,22.840088,19.549528,20.969887
5,12.840475,10.632818,8.580366,6.9964437,4.4136577,0.0,5.147183,6.4600525,9.501234,12.585784,17.384819,19.267723,21.412352,22.61097,19.13788,15.646357,12.749736,10.437852,8.725663,5.9999504,5.66533,5.651048,9.72107,12.08863,11.024994,16.731684,14.165893,16.568815,13.77677,16.838442,15.95171,18.896894,23.45423,24.615252,27.61049,29.013067,32.905556,34.245644,32.479034,29.519308,24.855822,26.42143,21.198511,23.422174,19.73644,20.638723,20.28978,20.214334,22.754757,25.029396,22.964127,26.712248,23.85323,26.58326,28.553726,28.733988,32.789185,31.2,27.965227,28.969267,31.409945,26.359386,24.228487,21.070398,21.511541,18.72202,20.858574,19.705156,18.409758,17.817255,15.553143,14.114953,12.749882,14.115688,15.542541,15.690079,19.807224,20.491531,24.920963,26.727634,30.663523,31.399258,28.94731,31.681839,30.213747,25.609205,22.931273,18.709826,18.808044,13.587562,13.857061,10.162917,11.704514,17.296515,13.174734,17.297071,16.0306,15.506359,16.208422,10.5255165,12.745382,10.979703,14.825518,13.8036375,18.156061,18.679884,23.468977,26.708893,26.231531,22.890339,25.815943,19.66087,21.528908,18.794922,19.823797
6,17.108461,14.201994,12.318288,9.817622,5.5982685,5.147183,0.0,6.2710667,7.279537,10.882968,15.102832,17.30259,18.930185,19.358429,16.083134,12.07357,10.397654,6.45702,7.5231824,4.937769,8.215104,8.051548,10.776103,13.238249,9.941565,16.381998,12.440852,13.790392,10.104873,12.977556,11.100596,14.531896,18.508512,20.249245,22.696398,24.535255,28.134607,29.297115,27.37303,24.388222,19.709337,21.393648,16.155077,18.752075,15.427656,16.841637,17.175692,17.956758,20.518635,21.828018,19.51785,22.698797,19.469658,22.225517,23.716936,24.36348,28.02104,26.727377,23.519388,24.656322,26.643597,21.654427,19.748568,16.174824,17.298655,14.39262,17.442083,16.465399,16.384466,15.781071,12.642654,12.226159,9.307513,11.496307,11.9517355,10.974735,15.2200365,15.534452,20.005386,21.76335,25.68874,26.459118,24.325209,27.208664,25.536627,20.88948,18.396397,13.993565,14.38577,8.663159,9.7056055,6.786059,9.286407,15.471923,13.039656,17.151081,16.322622,14.681304,13.786611,9.630461,10.63329,7.9599805,11.954389,9.873289,14.810489,14.636084,19.636795,22.805393,22.23802,18.858019,21.663433,15.263732,17.448563,14.50309,16.266672
7,18.896667,17.029947,14.646476,13.307331,10.075483,6.4600525,6.2710667,0.0,4.4658155,6.2064357,11.391769,12.837014,15.17829,16.652176,13.104658,10.20457,7.0425787,6.63798,4.482826,7.1820593,5.559935,10.446883,13.223542,17.02323,14.924743,21.450422,18.232176,19.830244,16.00774,18.998928,16.142317,19.777359,22.590279,23.852066,25.842607,27.117884,30.870033,31.802288,30.077103,27.744389,22.803286,24.410204,19.653542,21.349564,18.634758,18.997501,19.851768,19.493484,23.278683,24.780613,23.059256,26.287077,23.69402,26.916574,28.233414,29.649374,32.758305,32.021362,28.85737,29.843966,31.041636,26.083128,24.952633,20.928724,22.912169,19.57816,23.057207,21.400408,21.42009,20.008442,16.731634,14.828902,12.423542,12.101149,12.604719,13.225549,16.462797,17.252207,21.405981,23.18492,27.055475,27.906626,24.730227,27.537865,26.984821,22.427551,20.368002,15.835957,17.68571,12.729467,15.017503,12.868212,15.520099,21.645906,18.63262,22.823614,21.605253,20.308733,19.605951,14.788742,15.121268,11.807509,14.700728,11.560507,15.871225,14.837404,19.465744,22.599634,21.432026,18.128838,20.607176,15.030191,16.526539,14.712861,15.489866
8,22.169704,19.720144,18.04975,15.488373,12.247544,9.501234,7.279537,4.4658155,0.0,4.5916414,8.065888,10.8327465,12.247379,13.51613,10.512923,7.159212,6.8779716,5.7579584,7.153396,10.02538,9.990312,13.91961,16.627874,20.036596,16.970608,23.574526,19.514929,20.31378,16.135288,18.17476,14.758943,17.678312,19.69663,20.358913,22.293436,23.12816,26.998676,28.020832,26.696417,24.829166,19.952341,22.30145,17.744617,20.10528,18.254175,19.127161,20.80934,21.163294,24.933464,25.537426,23.61273,26.096375,23.039686,26.105898,26.405516,28.38221,30.77327,30.093773,26.88138,27.444696,28.10037,23.172028,22.752724,18.970709,21.957527,18.990118,23.195675,22.034878,22.892641,21.72677,17.968803,16.955687,13.443196,13.556468,12.801391,12.021872,14.847377,14.609282,18.704323,19.830929,23.669296,24.202,20.801796,23.356869,22.85689,18.400616,16.315779,12.0226965,14.228725,10.271051,13.255999,12.500142,15.808476,21.784002,19.689135,23.82266,22.429438,20.463211,18.77596,14.810448,13.706957,9.817267,11.7265625,7.7674737,11.765941,10.494979,15.022922,18.172598,17.237247,13.978657,17.200891,11.721111,14.158207,13.064994,14.827278
9,25.066319,23.143673,20.824772,19.223314,15.802958,12.585784,10.882968,6.2064357,4.5916414,0.0,5.68727,6.7053967,9.017606,10.798126,7.4076757,5.8310924,4.4684873,7.067075,6.994642,12.010554,10.924608,16.293789,18.380213,22.529068,19.715868,26.452957,22.726873,23.568096,19.27183,21.745848,17.60526,21.252625,22.217974,23.369156,24.284708,25.291407,28.766207,29.290369,27.76289,26.243292,21.324074,23.085217,19.153473,20.430513,19.08249,19.118353,21.188997,20.895468,25.375546,25.89169,24.461426,26.860868,24.46882,27.876379,28.301937,30.825987,32.858353,32.86149,29.855206,30.688385,30.664581,26.013021,25.940771,21.528416,24.84643,21.428493,25.856873,24.089224,25.225237,23.448647,19.589027,17.865599,14.706992,13.26911,12.3499365,12.865983,14.57964,15.076896,18.568361,20.021687,23.64054,24.494747,20.599075,23.334797,23.787226,19.533909,18.285725,13.949084,17.414314,13.630894,17.251472,16.607977,19.764156,25.881203,23.79396,27.938765,26.737623,24.871841,23.131924,19.282156,18.263657,14.3068075,15.852837,11.224789,14.642988,11.849784,15.7932205,18.609087,16.702007,13.627087,15.591424,11.185737,12.345194,12.173891,12.923475
10,29.87564,27.641184,25.891987,23.483377,20.294222,17.384819,15.102832,11.391769,8.065888,5.68727,0.0,4.801483,4.5600595,7.0392795,5.6985407,6.026219,8.90904,10.883816,12.501497,17.159924,16.499496,21.553469,23.74735,27.640549,24.318787,31.024523,26.758917,26.981092,22.556988,24.072762,19.602129,22.234554,21.900877,22.079786,22.603035,22.720512,26.183384,26.679235,25.862535,25.320314,20.758652,23.277891,20.090694,21.75567,21.618856,21.962976,24.799942,24.997875,29.466509,29.14569,27.672274,29.218895,26.574278,29.753862,28.977537,32.21612,33.222916,33.434547,30.495039,30.765043,29.85585,25.508308,26.48502,22.530764,26.861526,23.922606,28.891455,27.565584,29.374063,27.78567,23.659485,22.566067,18.815119,17.614716,15.73248,15.12878,15.718531,15.002187,17.730427,18.092646,21.327156,21.704285,17.106518,19.226183,20.45544,16.791033,16.011137,12.740619,16.781557,15.004044,18.950644,19.577765,23.076603,28.847422,27.441881,31.48448,30.052408,27.733158,25.26681,22.181156,19.975206,15.968845,16.00513,11.254231,12.780837,9.305409,11.73707,14.153174,12.17302,9.661245,12.343753,9.783164,11.656203,13.3146715,14.778701
11,31.609562,29.82739,27.37175,25.924976,22.426817,19.267723,17.30259,12.837014,10.8327465,6.7053967,4.801483,0.0,3.692871,6.3971143,4.498248,7.414848,8.380147,12.212458,12.595672,18.093077,16.961096,22.660381,24.236464,28.675764,25.656712,32.401592,28.576447,28.99595,24.565462,26.757145,21.887442,25.499725,24.77654,25.917002,25.557447,26.32298,29.22334,29.16089,27.813534,27.23512,22.662878,24.19283,21.493105,21.916819,21.921211,21.405724,24.304308,23.828403,28.774548,28.548655,27.588747,29.232746,27.364475,30.858627,30.642813,34.09013,35.112015,35.923897,33.203373,33.983334,32.79157,28.681543,29.506529,24.862944,29.013802,25.570242,30.468128,28.501358,30.357525,28.22854,24.18769,22.444687,19.269028,16.89052,15.175096,15.963312,15.773632,16.214897,18.350407,19.461681,22.424978,23.362513,18.776834,21.297766,23.178083,19.665207,19.599682,16.022867,20.643888,18.101912,22.309813,22.506508,25.76178,31.77662,30.213358,34.298218,33.166443,31.04487,28.755453,25.531235,23.883987,19.808992,20.399729,15.317653,17.387726,13.184956,15.441248,17.405842,14.415062,12.221384,12.512876,11.104486,10.900268,13.022792,13.094287
12,33.973045,31.861588,29.77743,27.725079,24.273775,21.412352,18.930185,15.17829,12.247379,9.017606,4.5600595,3.692871,0.0,3.9807403,4.720151,7.902065,10.941621,13.783492,15.316712,20.406487,19.839981,25.113861,26.821959,30.99916,27.551052,34.268265,30.039618,30.042969,25.567333,27.135754,22.168638,25.121225,23.670652,24.292362,23.666822,23.968153,26.774654,26.696888,25.788927,25.78031,21.50773,23.554296,21.277777,22.11999,22.793617,22.674274,25.962877,25.998793,30.740795,29.968609,28.863155,29.95544,27.80655,31.073912,30.08339,33.887653,34.299007,35.176872,32.513298,32.953823,31.271864,27.394827,28.803394,24.521626,29.206526,26.13383,31.311554,29.719658,31.979519,30.076847,25.87574,24.688133,21.042517,19.16845,16.91079,16.736616,16.087547,15.628294,17.297302,17.634983,20.32371,20.920603,16.016323,18.142347,20.420174,17.333565,17.596622,14.761203,19.542326,18.127808,22.418367,23.339434,26.764729,32.52704,31.459848,35.45564,34.233562,31.805296,29.053627,26.392305,24.108572,20.069523,19.921625,14.893543,15.993624,11.501087,12.704183,14.276488,11.190886,9.504694,10.165442,10.07958,10.572941,13.560324,14.427505
13,35.41167,33.046844,30.837332,28.729109,24.91188,22.61097,19.358429,16.652176,13.51613,10.798126,7.0392795,6.3971143,3.9807403,0.0,3.9903462,7.34238,11.436299,13.595842,16.10303,20.763386,21.255949,25.839619,27.11585,31.16614,27.23797,33.8145,29.39741,28.961502,24.514713,25.87577,20.563568,23.675344,21.319355,22.639658,21.04073,21.942604,24.142042,23.639215,22.41052,22.52775,18.4594,20.247057,18.591784,19.159817,20.524342,20.481867,24.166039,24.620323,29.165188,27.775978,26.724216,27.266027,25.23152,28.406466,27.126858,31.288391,31.26853,32.584587,30.161247,30.812284,28.639973,25.13377,26.76507,22.27901,27.234793,24.240347,29.588957,28.04244,30.839165,28.931913,24.64853,23.932428,20.049444,18.354141,15.528753,14.897019,13.396254,12.737599,13.739367,14.095285,16.600733,17.454123,12.733639,15.346108,17.73348,14.764405,15.763757,13.045088,18.340216,17.156633,21.68187,23.07315,26.386477,31.947786,31.557045,35.383785,34.48673,31.806585,28.602161,26.75156,24.340975,20.325512,20.162357,14.7821045,16.016294,10.567614,11.618785,12.829698,8.954976,7.3339744,6.290204,7.360706,7.38915,11.116644,12.374089
14,31.880644,29.685675,27.197735,25.49297,21.55852,19.13788,16.083134,13.104658,10.512923,7.4076757,5.6985407,4.498248,4.720151,3.9903462,0.0,4.374748,7.4707446,10.161528,12.185295,17.036425,17.424835,22.106047,23.298332,27.502565,23.822254,30.470339,26.320946,26.248278,21.791218,23.743235,18.506771,22.310274,20.920214,22.767036,21.715832,23.123116,25.60617,25.293728,23.593609,22.892488,18.35257,19.747074,17.30981,17.71965,18.207634,17.95955,21.27399,21.417866,26.096191,25.249453,24.184643,25.363338,23.404999,26.818926,26.366245,30.04888,30.813696,31.894709,29.333069,30.317057,28.841404,24.947567,25.86445,21.004057,25.409328,22.038734,27.16315,25.322186,27.73644,25.692223,21.479477,20.378242,16.715057,14.769964,12.2874775,12.346297,11.609456,11.857179,13.855061,15.154182,18.210575,19.368889,15.153847,18.187368,19.742634,16.075127,16.404919,12.638385,17.73928,15.235534,19.742626,20.457241,23.651007,29.480309,28.670012,32.584045,31.782364,29.345713,26.541815,24.197687,22.367702,18.273874,18.894629,13.327653,15.756724,10.599543,13.239793,15.175239,11.808667,9.253265,8.844739,6.8229117,6.5473886,8.964152,9.828272
15,28.477335,25.976812,23.737253,21.629171,17.645247,15.646357,12.07357,10.20457,7.159212,5.8310924,6.026219,7.414848,7.902065,7.34238,4.374748,0.0,5.7164607,6.325522,9.673103,13.638335,14.874408,18.719772,20.147852,23.966703,20.0343,26.66527,22.292025,22.186293,17.710714,19.559603,14.5383625,18.284452,17.72238,19.615175,19.328993,20.934965,23.808695,23.931894,22.161884,20.835741,16.003836,17.837547,14.466962,15.846704,15.611111,16.0639,19.052626,19.693203,23.920639,23.264006,21.741024,23.193348,20.639555,23.935194,23.61748,26.823631,28.102121,28.641369,25.871721,26.829536,26.001173,21.732824,22.209639,17.484728,21.658531,18.404354,23.472534,21.947998,24.191736,22.50035,18.246834,17.588322,13.502345,12.604172,10.164286,9.181284,9.83655,9.631085,12.859203,14.22762,17.83042,18.824596,15.180507,18.31895,18.714933,14.454969,13.942071,9.494356,14.139282,10.991948,15.436702,16.0974,19.33135,25.13539,24.395428,28.277554,27.485006,24.991995,22.188778,19.923906,18.16497,14.0924835,15.090061,9.447607,12.7898855,8.111548,12.148332,14.714401,12.27381,9.003394,10.405313,5.3671784,7.195819,7.5393305,9.6772375
16,25.120623,23.27456,20.230312,19.433872,15.340587,12.749736,10.397654,7.0425787,6.8779716,4.4684873,8.90904,8.380147,10.941621,11.436299,7.4707446,5.7164607,0.0,5.096813,4.7861223,10.057127,10.275471,14.9918585,16.077616,20.543089,17.522676,24.221876,20.740938,21.537724,17.280571,20.40656,15.87869,20.672216,21.392513,23.894913,23.99548,26.03804,28.92702,29.019537,26.759073,24.760155,19.796446,20.557705,16.761179,17.105717,15.502925,15.029005,17.060785,16.569984,21.232336,21.736412,20.553034,23.103483,21.236744,24.876799,26.003344,28.493454,30.77011,31.226988,28.460184,29.95081,29.890554,25.458164,24.9725,19.849333,22.782143,18.892406,23.210505,20.905323,22.257778,20.065443,16.186485,14.206971,11.259846,9.066618,8.178062,9.883101,11.46803,13.149428,16.54615,18.909025,22.514772,23.918304,20.61647,23.946352,24.227926,19.83362,19.034504,14.207214,18.023514,13.234041,17.056206,16.130362,18.861979,25.046509,23.303537,27.314957,26.70994,24.873804,23.070286,19.734943,19.316818,15.445254,17.683895,12.669227,16.915453,13.329037,17.672014,20.357885,17.90531,14.69857,15.232447,10.4113865,10.312989,9.074463,9.060695
17,22.965874,20.44989,17.887682,16.216375,11.84602,10.437852,6.45702,6.63798,5.7579584,7.067075,10.883816,12.212458,13.783492,13.595842,10.161528,6.325522,5.096813,0.0,5.3940487,7.4906964,10.19092,12.676039,13.998222,17.648642,13.7926035,20.4895,16.392677,16.857615,12.493167,15.354086,11.052427,15.766023,17.261597,19.922985,20.600058,22.908533,25.929453,26.372728,24.094833,21.576916,16.595268,17.824577,13.245493,14.839531,12.65096,13.380404,15.150594,15.79438,19.518658,19.823587,17.977936,20.491821,17.793564,21.137178,22.165684,24.18912,26.828962,26.75024,23.835875,25.291246,25.800606,21.169682,20.252699,15.387535,18.07758,14.452971,18.813835,17.093658,18.534033,16.959167,12.910229,12.127044,8.144577,8.384233,7.25291,6.6850414,9.947746,10.818627,15.002944,17.180187,21.045609,22.227821,19.664064,22.975992,22.188606,17.540672,16.126087,11.126373,13.997786,8.480746,12.084331,11.23637,14.033504,20.135216,18.891417,22.80056,22.31766,20.203213,18.116783,15.34437,14.92347,11.218966,13.934036,9.2469225,14.225419,11.462517,16.439148,19.358746,17.70084,14.274072,15.874936,9.696302,11.148705,8.535099,10.285346
18,20.5612,18.95362,15.590516,15.452607,11.430341,8.725663,7.5231824,4.482826,7.153396,6.994642,12.501497,12.595672,15.316712,16.10303,12.185295,9.673103,4.7861223,5.3940487,0.0,5.861547,5.758682,10.363046,11.656576,16.198645,13.8864355,20.499933,17.594547,19.123276,15.257741,18.993216,15.4813,20.360622,22.519804,25.049294,25.993176,28.147583,31.293234,31.708065,29.343746,26.754217,21.78733,22.404184,17.966068,18.566511,15.710671,15.37526,16.18552,15.385814,19.59048,21.130783,19.779047,23.163876,21.245392,24.7782,26.73621,28.315546,31.49257,31.388025,28.505995,30.14131,31.023684,26.352715,25.040339,20.190117,21.979952,18.063314,21.537247,19.153585,19.480946,17.415796,14.04607,11.520774,9.496076,7.968635,8.900873,10.957358,13.853943,15.737062,19.600582,22.137035,25.903893,27.265255,24.394266,27.69597,27.326109,22.727219,21.296898,16.366571,18.999773,13.352511,16.15918,13.992474,16.217434,22.436277,19.911531,23.938774,23.397333,22.080225,21.146318,17.085333,17.764904,14.400032,17.546175,13.56349,18.334038,16.025824,20.799578,23.749386,21.857628,18.506163,19.638735,14.145985,14.461197,12.091945,11.983807
19,16.482916,14.493342,10.994295,11.090633,6.644778,5.9999504,4.937769,7.1820593,10.02538,12.010554,17.159924,18.093077,20.406487,20.763386,17.036425,13.638335,10.057127,7.4906964,5.861547,0.0,5.9100327,5.3883514,6.732527,10.607571,8.177525,14.751281,12.069738,14.164212,10.934594,15.1624365,13.111752,17.87539,21.466568,24.306293,25.91663,28.45169,31.585575,32.293705,29.756203,26.461891,21.753563,22.235844,17.278078,18.460955,14.482393,14.90624,14.4281845,14.258898,17.0784,19.25879,17.42673,21.349173,19.092749,22.21432,24.901672,25.360413,29.458279,28.697433,25.798582,27.658598,29.581327,24.871038,22.577522,18.237654,18.568071,14.919053,17.294855,15.191936,14.531916,13.05697,10.323835,8.385402,7.1120057,8.323762,10.209576,11.285911,15.291258,16.973228,21.145493,23.739683,27.57217,28.861593,26.843382,30.149307,28.808737,24.11916,22.169893,17.40407,18.5556,12.330548,13.613706,10.23465,11.464432,17.451864,14.672995,18.531853,18.40505,17.432158,17.18854,13.21986,15.201051,12.846889,16.864714,14.234495,19.344025,18.194832,23.272415,26.341402,25.080523,21.644676,23.260204,17.064785,17.971476,14.530544,15.049872
20,15.470714,14.5917225,11.028303,12.010323,9.184353,5.66533,8.215104,5.559935,9.990312,10.924608,16.499496,16.961096,19.839981,21.255949,17.424835,14.874408,10.275471,10.19092,5.758682,5.9100327,0.0,6.943962,9.365794,13.576079,13.132767,19.053852,17.217367,19.721441,16.653372,20.536371,18.472895,22.68041,26.190826,28.121689,30.09402,31.884083,35.445095,36.2684,34.100742,31.260988,26.375029,27.155024,22.345488,23.297937,19.718124,19.521175,19.215252,18.001863,21.490747,24.121601,22.701918,26.717123,24.754555,28.0136,30.479925,31.18918,35.074963,34.289093,31.263477,32.74034,34.51527,29.625603,27.737835,23.577726,24.33769,20.760088,23.155247,20.96795,19.879303,18.224644,15.883672,12.965405,12.467539,11.799185,13.828476,15.744831,19.1897,20.893507,24.980993,27.368128,31.219494,32.388866,29.562798,32.63116,31.929707,27.287546,25.266788,20.572683,22.061245,16.420887,17.918259,14.585556,16.133589,21.98397,18.10908,22.092976,21.277151,20.853971,21.273027,16.03171,17.89344,15.393521,18.966572,16.47938,21.0374,20.135263,24.90432,28.02928,26.680677,23.330967,25.140486,19.508709,20.196228,17.690897,17.507977
21,11.383246,9.911753,5.7392917,7.7916727,5.05484,5.651048,8.051548,10.446883,13.91961,16.293789,21.553469,22.660381,25.113861,25.839619,22.106047,18.719772,14.9918585,12.676039,10.363046,5.3883514,6.943962,0.0,4.3559637,6.8884006,7.34194,12.41597,11.353967,14.56443,12.732622,16.811913,16.497213,20.359621,25.091204,27.468706,29.887554,32.18606,35.553734,36.58015,34.172863,30.644146,26.157713,26.676926,21.60445,22.977089,18.553284,19.054684,17.554539,17.089111,18.87474,22.016636,20.1872,24.547562,22.372229,25.058565,28.250467,27.751484,32.517467,31.114433,28.19729,29.954197,32.754143,28.004843,25.123573,21.618206,20.753313,17.691233,18.619373,16.870066,14.5549555,13.773678,12.607124,10.688434,11.230271,12.798023,15.263501,16.306189,20.451668,22.0085,26.232445,28.716152,32.55714,33.71023,31.837843,34.976486,33.310745,28.646915,26.280819,21.821932,21.968435,16.063238,15.956698,11.633902,11.618384,16.654331,12.46396,16.053865,15.906914,16.058573,17.411852,12.666729,16.059097,14.884643,19.117556,17.893167,22.681969,22.602724,27.622791,30.787308,29.933437,26.509193,28.5391,22.273985,23.357742,19.869081,20.245573
22,13.8612795,12.937696,8.304751,11.508379,8.619286,9.72107,10.776103,13.223542,16.627874,18.380213,23.74735,24.236464,26.821959,27.11585,23.298332,20.147852,16.077616,13.998222,11.656576,6.732527,9.365794,4.3559637,0.0,5.172817,6.27823,10.635569,10.721772,14.001848,12.694045,17.391218,16.918896,21.609253,25.898336,29.27217,30.931597,33.927395,36.78747,37.43827,34.516808,30.695007,26.370539,25.983093,21.274813,21.735537,16.997566,16.986526,14.700865,13.831183,15.150037,18.868164,17.387478,22.111252,20.691072,23.443125,27.484394,26.78479,31.813473,30.866465,28.286177,30.660902,33.349934,28.936613,25.76949,21.778316,20.294966,16.890429,17.171028,14.668123,11.99258,10.573036,10.235942,7.7051506,10.010677,11.338272,14.393957,16.197985,20.022814,22.276539,26.1598,29.158342,32.84081,34.35503,32.873062,36.325134,34.681156,30.038048,28.085667,23.460289,23.992796,17.75972,17.876383,13.748027,13.109106,17.694403,14.313588,17.319284,18.064636,18.260439,19.41188,15.737122,19.170183,17.94734,22.237598,20.467403,25.523565,24.717665,29.817327,32.861126,31.601511,28.175194,29.367851,23.246044,23.619453,19.738262,19.54807
23,12.139891,10.981278,7.424118,10.65039,9.292248,12.08863,13.238249,17.02323,20.036596,22.529068,27.640549,28.675764,30.99916,31.16614,27.502565,23.966703,20.543089,17.648642,16.198645,10.607571,13.576079,6.8884006,5.172817,0.0,5.4993005,6.424716,8.347939,12.176347,12.517457,16.581509,17.81084,21.495192,26.649925,29.826643,32.04841,35.036385,37.88201,38.813076,35.98945,31.880274,27.978529,27.731245,22.977345,24.018934,19.112701,19.785091,16.99125,16.924877,16.649555,20.410355,18.599758,23.200489,21.481283,23.50462,27.755447,26.030495,31.607292,29.980509,27.491589,29.814,33.33092,29.079718,25.323748,22.312445,19.626797,17.138939,15.950235,14.365225,10.368699,10.523017,11.632551,10.849004,13.055072,15.597544,18.313639,19.159037,23.21945,24.989645,28.899084,31.653042,35.27617,36.599514,35.619125,38.91072,36.666973,32.13487,29.857885,25.660437,25.134434,19.34138,18.206133,13.857053,11.937338,14.898325,11.365786,13.479908,14.825886,15.731389,17.836695,14.829318,19.028763,18.903965,23.205614,22.553293,27.348886,27.369806,32.413193,35.4609,34.693947,31.30604,32.946804,26.603962,27.464201,23.380156,23.713799
24,15.672907,13.220581,10.405923,10.878916,7.706009,11.024994,9.941565,14.924743,16.970608,19.715868,24.318787,25.656712,27.551052,27.23797,23.822254,20.0343,17.522676,13.7926035,13.8864355,8.177525,13.132767,7.34194,6.27823,5.4993005,0.0,6.7550406,4.554082,7.757343,7.128033,11.585313,12.348442,16.425045,21.234583,24.799795,26.652441,29.889832,32.52574,33.36286,30.496958,26.387442,22.507643,22.415821,17.573397,19.060865,14.289438,15.641667,13.49817,14.575355,14.563623,17.150055,14.800993,18.965069,16.583445,18.704197,22.51003,21.204,26.496674,25.043371,22.468027,24.87534,28.04097,23.80217,20.181509,16.846304,14.541046,11.812871,11.52573,10.110263,7.518532,7.791972,7.383373,8.166504,8.732778,12.466959,14.404914,14.288293,18.447504,19.867428,23.757896,26.387331,29.965933,31.249025,30.525972,33.827072,31.427425,26.957317,24.823202,20.699669,20.233414,14.397471,13.463496,9.559666,7.8706427,11.944375,10.008346,12.712505,14.087329,13.6170025,14.217152,12.246342,15.649361,15.14683,19.364677,18.29492,23.16861,22.859756,27.854702,30.78424,30.046406,26.726595,28.3455,21.970379,23.100063,18.91305,19.886724
25,16.599796,14.663771,12.808853,14.138406,12.908075,16.731684,16.381998,21.450422,23.574526,26.452957,31.024523,32.401592,34.268265,33.8145,30.470339,26.66527,24.221876,20.4895,20.499933,14.751281,19.053852,12.41597,10.635569,6.424716,6.7550406,0.0,5.5701485,8.598541,11.156831,14.225792,16.89195,19.814613,25.059092,28.732754,30.754309,34.21789,36.514896,37.427547,34.447105,29.986649,26.841095,26.30601,21.975529,23.290182,18.51421,19.936258,16.835253,18.071766,16.0251,19.043177,16.868988,20.88277,19.001287,20.054802,24.617115,21.82238,27.850525,25.884129,23.805607,26.46241,30.503479,26.848223,22.50794,20.337814,16.215439,14.83256,11.785412,11.333287,6.5938497,8.927959,11.336135,12.835664,14.611215,18.277914,20.355837,20.148355,24.019396,25.387096,28.930323,31.538645,34.86074,36.131275,36.07551,39.309902,36.4259,32.196796,30.005524,26.361845,25.089983,19.936775,17.945786,14.3522835,11.273257,11.817184,10.621557,11.033321,13.813418,14.4696045,16.277372,15.683782,19.701897,20.33181,24.34989,24.200418,28.739025,28.933016,33.782146,36.61873,36.13814,32.911316,34.478657,28.182003,29.258776,24.908125,25.791477
26,17.640245,14.629832,13.188081,12.402091,10.132069,14.165893,12.440852,18.232176,19.514929,22.726873,26.758917,28.576447,30.039618,29.39741,26.320946,22.292025,20.740938,16.392677,17.594547,12.069738,17.217367,11.353967,10.721772,8.347939,4.554082,5.5701485,0.0,3.8943365,5.793502,8.85399,11.537149,14.339392,19.664145,23.212519,25.320772,28.66518,31.072813,32.099026,29.339058,25.022963,21.743656,21.858854,17.19885,19.41114,14.936448,17.135983,15.071432,17.166668,16.05034,17.842325,15.072548,18.527586,15.558061,16.775839,20.388668,18.200602,23.836283,21.763014,19.285662,21.695894,25.499928,21.561188,17.422707,15.16641,11.671498,10.25367,8.596561,8.91871,6.3413754,8.64916,8.906627,11.49308,11.344877,15.78764,17.0509,15.759895,19.812906,20.545483,24.239626,26.489244,29.870811,30.931925,30.862068,33.956867,30.956867,26.75411,24.483084,20.997473,19.550732,14.567705,12.477659,9.254092,6.2507715,8.212274,8.186525,9.832413,12.003915,11.220017,11.643427,11.67979,14.993526,15.421317,19.28659,19.075703,23.501492,23.743246,28.47863,31.258747,30.97748,27.826653,29.735674,23.40102,24.99291,20.787731,22.39055
27,21.193398,17.876541,16.813757,15.196295,12.691597,16.568815,13.790392,19.830244,20.31378,23.568096,26.981092,28.99595,30.042969,28.961502,26.248278,22.186293,21.537724,16.857615,19.123276,14.164212,19.721441,14.56443,14.001848,12.176347,7.757343,8.598541,3.8943365,0.0,4.477043,5.968528,9.394123,11.670418,16.67447,20.661758,22.407879,26.075634,28.086985,29.050879,26.241182,21.81264,18.982641,19.146252,14.777641,17.466045,13.511547,16.378775,14.841979,17.809324,16.395586,17.030985,13.949536,16.500708,12.937949,13.599103,16.820387,14.413878,20.050552,17.876997,15.475051,18.116737,21.925991,18.288193,13.948785,12.041271,7.91337,7.4025865,5.4700117,7.401357,6.8931546,9.556725,9.2649555,12.990195,11.886446,16.667505,17.16962,14.938849,18.650759,18.874296,22.247995,24.250845,27.405903,28.381079,28.858334,31.866657,28.544214,24.598171,22.503027,19.47661,17.735518,13.450825,11.163018,9.337928,6.60067,7.411827,9.940404,11.031695,13.291849,11.589851,10.544697,12.554497,14.859108,15.36122,18.727917,18.520174,22.62421,22.75245,27.201967,29.755749,29.624352,26.66976,28.503824,22.40164,24.191568,20.056072,22.156015
28,21.070108,17.674204,16.165285,14.1244755,10.604574,13.77677,10.104873,16.00774,16.135288,19.27183,22.556988,24.565462,25.567333,24.514713,21.791218,17.710714,17.280571,12.493167,15.257741,10.934594,16.653372,12.732622,12.694045,12.517457,7.128033,11.156831,5.793502,4.477043,0.0,5.036191,5.7628474,9.747017,14.28114,18.325926,19.851757,23.412249,25.709364,26.581118,23.812546,19.65272,16.084003,16.646914,11.700058,14.680838,10.798046,13.73464,13.113859,15.971055,15.928329,16.244392,13.162762,15.747976,11.865678,13.565805,16.06329,15.188754,19.981321,18.41342,15.642053,18.02233,20.919495,16.738472,13.163879,9.847909,8.036105,5.723338,7.483457,7.9168134,8.838021,9.882818,7.608621,10.952537,8.459025,13.284007,13.353728,10.784453,14.780409,14.947243,18.6758,20.73,24.14312,25.159643,25.100933,28.218866,25.272959,21.05949,19.01652,15.497001,14.486792,9.407336,8.177027,6.472025,5.5099106,9.535157,10.913127,13.357324,14.594622,12.348315,10.343092,11.200425,12.7148075,12.152824,15.632994,14.528652,18.970728,18.590572,23.211716,25.854307,25.490515,22.436031,24.29985,18.07431,19.968185,15.935674,18.247753
29,23.687914,19.82516,19.468344,16.19008,13.553991,16.838442,12.977556,18.998928,18.17476,21.745848,24.072762,26.757145,27.135754,25.87577,23.743235,19.559603,20.40656,15.354086,18.993216,15.1624365,20.536371,16.811913,17.391218,16.581509,11.585313,14.225792,8.85399,5.968528,5.036191,0.0,5.748586,5.708127,11.327771,14.708276,16.955416,20.231684,22.50254,23.82799,21.597403,17.538801,14.7428465,16.407515,11.852787,16.190817,13.494085,17.075472,17.07409,20.438446,20.057413,19.505325,16.253866,17.581339,12.892745,13.400384,14.177516,12.912303,17.31982,14.712731,11.590173,13.357706,16.950443,12.779308,8.789247,7.688841,5.7875867,6.6380877,8.288035,10.854435,12.347488,14.192208,12.24489,15.907623,12.963073,17.672503,17.026888,13.268493,16.774645,15.605756,19.020115,20.10929,23.254389,23.719666,24.24493,26.853628,23.198631,19.429892,17.07124,14.752919,12.191912,9.268014,6.3899994,7.144842,6.3012567,7.70693,11.331409,12.978013,13.9942875,10.895948,7.3144813,10.975643,11.281872,11.725471,14.183437,14.335877,17.72771,18.283672,22.28129,24.675068,25.078573,22.373207,24.916882,19.029964,21.724596,18.203331,21.277256
30,25.457623,21.880472,20.552294,17.70377,13.909524,15.95171,11.100596,16.142317,14.758943,17.60526,19.602129,21.887442,22.168638,20.563568,18.506771,14.5383625,15.87869,11.052427,15.4813,13.111752,18.472895,16.497213,16.918896,17.81084,12.348442,16.89195,11.537149,9.394123,5.7628474,5.748586,0.0,6.5579267,9.037392,13.727083,14.372263,18.19748,20.3043,21.017355,18.328047,14.461923,10.554547,12.126057,6.938618,11.421123,9.278875,12.836068,14.057169,17.363811,18.218082,17.017645,13.999097,15.075357,10.465567,12.336006,12.718871,13.694845,16.921955,15.985791,13.035188,15.081349,16.626898,12.257637,9.890832,5.1956596,7.323816,5.2026033,10.102024,10.752777,13.626919,13.968123,10.572861,13.728355,9.6095495,13.709585,12.200779,7.808914,11.121527,9.970082,13.627104,15.1628475,18.579231,19.436348,19.498526,22.568705,19.580496,15.423071,13.71737,10.414255,9.983859,5.7050047,6.380708,7.961868,9.221264,13.051064,15.213375,17.780128,18.375938,15.320007,11.579966,13.2732935,12.604913,11.0771,13.392319,11.283849,15.266699,14.110723,18.349884,20.723085,20.371563,17.549147,19.441778,13.560885,16.012821,12.545634,15.862677
31,27.197987,23.128845,23.221273,19.018787,16.490683,18.896894,14.531896,19.777359,17.678312,21.252625,22.234554,25.499725,25.121225,23.675344,22.310274,18.284452,20.672216,15.766023,20.360622,17.87539,22.68041,20.359621,21.609253,21.495192,16.425045,19.814613,14.339392,11.670418,9.747017,5.708127,6.5579267,0.0,6.9267163,9.001849,11.9960375,14.635462,17.26201,19.045143,17.646696,14.327466,11.792184,15.228892,11.15199,16.607002,15.440063,19.189495,20.378204,23.833054,24.200712,22.832933,19.67936,19.992899,14.945748,15.29991,13.52234,13.809189,16.24355,13.540792,9.993272,10.166457,12.922474,8.04605,5.599252,6.2820606,8.374125,9.794686,13.033076,15.479583,17.788353,19.177015,16.472769,19.80788,15.89573,20.033718,18.45631,13.732275,16.507477,13.863442,16.982647,16.847181,19.831564,19.634428,20.206293,22.252037,18.228237,14.799016,12.149687,11.119787,7.391725,7.6300893,5.2108884,9.12556,10.2005415,11.6314335,15.115095,16.944132,16.998762,13.310896,8.342939,12.465809,10.378902,10.500827,11.211142,11.7201605,13.776968,14.800647,17.979198,20.077831,21.139868,18.85809,22.131695,16.860548,20.399649,17.826887,21.637007
32,33.259926,29.346527,28.834864,25.005053,21.821516,23.45423,18.508512,22.590279,19.69663,22.217974,21.900877,24.77654,23.670652,21.319355,20.920214,17.72238,21.392513,17.261597,22.519804,21.466568,26.190826,25.091204,25.898336,26.649925,21.234583,25.059092,19.664145,16.67447,14.28114,11.327771,9.037392,6.9267163,0.0,7.1274486,5.742447,10.37465,11.523287,12.520271,10.725401,7.7275014,5.90384,10.532534,8.464376,13.913666,14.956229,18.574217,20.970499,24.68746,25.453484,22.761639,19.992525,18.785852,14.033543,14.28539,10.11712,13.01934,12.764416,11.977528,9.263952,9.588356,8.554044,4.3149157,6.073743,5.3603315,10.64576,11.684149,16.023983,17.868738,21.553862,22.224848,19.020554,22.320728,17.970703,21.227098,18.631927,13.514801,14.365673,10.685986,12.241979,11.13064,13.470451,13.140333,14.772535,16.815536,12.597341,9.845508,8.870993,9.276991,7.786384,10.079509,10.724015,14.839902,16.423332,18.260283,21.820045,23.708017,23.910767,20.234072,15.2457905,18.852509,16.1076,15.029096,14.654089,13.329107,14.409502,13.493273,15.434626,16.653158,17.37154,15.811228,18.108416,14.374076,17.677502,16.059805,20.190645
33,34.04616,29.938562,30.443003,25.590975,23.338247,24.615252,20.249245,23.852066,20.358913,23.369156,22.079786,25.917002,24.292362,22.639658,22.767036,19.615175,23.894913,19.922985,25.049294,24.306293,28.121689,27.468706,29.27217,29.826643,24.799795,28.732754,23.212519,20.661758,18.325926,14.708276,13.727083,9.001849,7.1274486,0.0,6.79786,6.0925884,9.905616,12.881451,13.858666,13.02811,11.908922,17.23616,15.004984,20.51038,21.264696,24.748383,27.102463,30.468273,31.603834,29.431845,26.565434,25.802065,20.95197,21.122917,16.757147,18.89446,18.274446,16.165499,13.285953,10.849026,10.361819,6.342998,9.521193,11.728284,16.065414,17.5074,21.42978,23.660013,26.54776,27.534615,24.299643,27.184475,22.660011,25.829063,23.35542,18.292477,19.55785,15.380897,17.206797,14.762642,16.841507,15.175816,15.7987,16.245407,11.60087,9.826344,7.1021724,10.212428,6.1712866,12.050659,11.766591,16.351307,18.423798,19.775656,22.869873,24.745205,23.97581,20.181286,15.205521,18.620787,14.586753,14.185895,11.878685,12.696103,11.219176,12.897306,13.374302,14.377265,16.90116,15.920844,20.152096,16.939367,21.240244,20.504446,24.797941
34,38.043877,34.116337,33.73842,29.636303,26.536203,27.61049,22.696398,25.842607,22.293436,24.284708,22.603035,25.557447,23.666822,21.04073,21.715832,19.328993,23.99548,20.600058,25.993176,25.91663,30.09402,29.887554,30.931597,32.04841,26.652441,30.754309,25.320772,22.407879,19.851757,16.955416,14.372263,11.9960375,5.742447,6.79786,0.0,5.984018,5.9703994,7.1343584,7.0839524,7.040493,7.2935643,12.503766,12.30625,16.960625,19.20666,22.420017,25.436827,28.992796,30.193872,27.05564,24.588015,22.748339,18.481365,18.627474,13.265683,17.112648,14.786858,14.786724,12.889463,11.912861,8.083773,6.2673025,10.606699,10.888656,16.194038,17.178238,21.611488,23.288605,27.17752,27.619242,24.201138,27.179104,22.623043,25.213045,22.16637,17.181732,16.905554,12.581586,12.678017,9.639776,10.770203,9.186583,11.520165,12.471595,7.675447,6.8704057,7.4094744,10.41074,9.803463,14.055753,15.3277,19.706537,21.707047,23.548777,26.97756,28.926388,28.778608,25.010784,19.929865,23.299833,19.793352,18.479168,16.913677,15.505271,14.866708,13.673585,13.613374,13.724352,15.001464,14.582267,16.896585,15.126015,18.544363,18.291243,22.484766
