,0,1,2,3,4,5,6,7,8,9,10,11,12,13,14,15,16,17,18,19,20,21,22,23,24,25,26,27,28,29,30,31,32,33,34,35,36,37,38,39,40,41,42,43,44,45,46,47,48,49,50,51,52,53,54,55,56,57,58,59,60,61,62,63,64,65,66,67,68,69,70,71,72,73,74,75,76,77,78,79,80,81,82,83,84,85,86,87,88,89,90,91,92,93,94,95,96,97,98,99,100,101,102,103,104,105,106,107,108,109,110,111,112,113,114,115,116,117,118,119,120,121,122,123,124,125,126,127,128,129,130,131,132,133,134,135,136,137,138,139,140,141,142,143,144,145,146,147,148,149,150,151,152,153,154,155,156,157,158,159,160,161,162,163,164,165,166,167,168,169,170,171,172,173,174,175,176,177,178,179,180,181,182,183,184,185,186,187,188,189,190,191,192,193,194,195,196,197,198,199,200,201,202,203,204,205,206,207,208,209,210,211,212,213
0,0.0,4.181294,8.241056,8.65157,12.704695,15.852921,14.877602,20.850159,22.208393,25.911829,28.859333,31.500963,34.200138,35.682697,33.70928,30.097591,26.374817,26.178324,20.843216,22.896538,16.781912,19.073729,16.868422,16.888456,17.146166,20.678062,23.440609,22.6439,26.113403,22.67094,28.162619,24.708559,30.31591,29.81883,34.28624,36.1188,37.52712,41.07587,41.24055,38.603962,36.88418,38.348164,34.688126,38.79649,35.90951,39.189037,37.907055,41.040035,39.03514,39.603096,36.408184,37.649487,33.195858,32.267975,31.6726,27.418642,31.203388,26.153872,25.710228,25.020868,31.053247,28.6334,24.731646,28.943064,24.369652,27.898985,25.27698,29.152382,27.620087,31.503288,32.663982,36.041878,35.498833,40.309395,40.706963,37.53554,40.925266,39.466576,42.039627,42.664467,44.89051,44.98928,45.967934,47.711876,42.929382,40.72845,38.2269,37.42879,34.375706,33.029236,29.135859,29.047436,27.045681,30.064207,26.39655,27.018347,28.278492,29.551626,30.974863,33.992786,33.217575,39.25102,39.229507,42.87664,44.468563,44.31613,41.573315,40.50212,37.94189,37.668846,41.197857,39.183697,44.931324,43.447197,46.757233,49.571785,50.469273,48.127277,51.051414,46.1012,49.896797,45.847626,50.028706,46.783295,47.090164,47.143436,47.103657,45.080944,43.25401,42.89096,40.01349,40.93009,40.359753,40.944122,44.65406,43.398033,47.571552,44.786724,50.164055,51.34416,52.411053,51.625313,47.121517,48.95345,44.539097,46.024742,43.432026,43.388783,43.28955,41.764423,46.03386,48.23194,47.39228,50.43045,48.632294,52.277397,51.662975,54.43174,58.045513,55.982178,52.40688,52.726357,52.646877,47.98556,47.616257,46.01178,46.662792,43.6982,46.42855,45.020355,42.899025,42.5086,40.10031,37.58273,36.407356,35.73095,37.115902,37.71653,40.343914,40.35798,44.033894,44.083206,47.22606,46.574562,41.63645,41.49764,43.07469,40.80316,38.17116,36.435616,35.822903,34.691235,35.375427,33.625996,35.874355,31.79347,36.506233,37.70273,36.55234,32.55419,32.846886,31.115383,34.348434,28.908485,29.707417,27.801159,24.833054,27.486933,29.805569,29.641228,32.25366,35.178226,36.373318,40.111206
1,4.181294,0.0,4.3407135,6.4249206,9.363112,12.990323,13.373414,18.7945,20.88782,24.384941,28.023075,30.635248,33.476162,35.32154,33.447483,29.74872,25.725916,25.226915,19.702944,21.173687,15.153081,16.555826,14.922188,14.003038,15.286978,18.15694,21.417465,20.875793,24.272629,21.161283,26.802053,23.782112,29.849318,29.420769,34.225548,35.72029,37.669376,41.29161,41.55349,38.82761,36.6302,38.18129,34.08242,38.223774,35.04298,38.225685,36.857998,39.712105,38.096344,39.042866,35.86117,37.516792,33.04312,32.60694,32.393795,28.367481,32.60699,27.58,26.641655,26.134377,31.965197,28.955788,25.015112,28.85498,24.25798,27.215227,24.727812,28.262804,26.24803,30.158737,31.251825,34.252956,33.744255,38.502895,39.09592,36.08256,39.747734,38.391758,41.296276,42.027424,44.535515,44.614735,45.11616,46.86399,42.256386,39.78436,37.0156,36.037746,32.727818,31.210262,27.091164,26.6462,24.447176,26.8675,23.56264,23.76888,24.810514,26.447252,28.173292,31.19794,30.439642,36.41555,36.347992,39.90285,41.22309,41.133995,38.289654,37.453568,34.884056,35.112823,38.691444,37.06665,42.931553,41.80143,45.182194,48.183937,48.922623,46.324272,49.08278,43.999172,47.44462,43.257725,47.222218,43.670982,43.88436,43.67489,43.612885,41.33131,39.542694,39.35842,36.583473,37.738216,37.314735,38.41116,42.17519,41.389263,45.53426,43.156536,48.52804,49.791454,50.577915,49.449303,44.87452,46.4293,41.85322,43.277966,40.403606,40.368664,39.998272,38.472725,42.54277,44.971455,44.077145,47.324894,45.52843,49.15683,48.829136,51.348515,55.2192,53.163574,49.628693,50.17158,50.350212,45.648476,44.948017,43.270157,43.552017,40.49433,42.954185,41.46944,39.14941,38.791485,36.57984,33.994137,33.090153,32.532055,34.150352,34.859955,37.725998,37.936474,41.771698,42.121284,45.432697,44.97493,40.076088,40.331356,41.67678,39.033237,36.30212,34.179455,33.56555,31.8766,32.43495,30.33105,32.396618,28.085535,32.653316,33.855595,32.56465,28.577208,28.799942,27.232214,30.589045,25.189774,26.40566,24.403664,21.514385,24.543606,26.84145,27.362885,29.776026,32.954918,34.387596,38.1325
2,8.241056,4.3407135,0.0,6.4061465,7.546785,11.272199,13.123953,17.806782,20.39456,23.817219,27.839457,30.65929,33.54088,35.767727,34.221363,30.633707,26.203808,25.866909,20.194502,21.35581,15.687963,16.423527,15.83126,13.950378,16.542217,18.485504,22.210716,21.891304,24.989569,22.173641,27.784496,24.911327,31.337255,30.5577,35.78493,36.721054,39.09813,42.84974,43.396507,40.783653,38.222176,40.049377,35.612137,39.867947,36.53406,39.640247,38.295143,40.866894,39.711636,40.948612,37.802258,39.73805,35.24271,35.22818,35.115112,31.418009,35.797707,30.733717,29.420155,28.773232,34.377014,30.911789,27.186563,30.846487,26.505152,28.985075,26.83137,30.011227,27.619808,31.475952,32.399776,34.96477,34.384632,39.041935,39.768917,36.841423,40.731037,39.347496,42.549397,43.212734,45.93288,45.86548,45.944622,47.528072,43.06322,40.4966,37.407944,36.49154,32.76365,31.416525,27.051506,26.374687,24.113176,25.707613,23.161098,22.73945,23.388306,25.631445,27.78989,30.756886,29.98351,35.81048,35.590134,38.979412,39.874714,39.758945,36.682358,36.13959,33.370674,34.3442,37.809322,36.653347,42.522507,41.70657,45.22433,48.433548,49.12245,46.32618,49.013565,43.827507,46.81151,42.541607,46.09475,42.206936,42.13627,41.63801,41.35878,38.76528,36.80454,36.818924,34.024376,35.673447,35.118233,37.073742,40.63708,40.570225,44.411015,42.532185,47.843628,49.01363,49.372597,47.892426,43.237537,44.31205,39.717518,40.789627,37.682793,37.43678,36.766674,35.018425,38.994503,41.70452,40.91857,44.398457,42.84323,46.51255,46.551453,49.025017,53.11157,51.283886,47.82492,48.767834,49.023193,44.42073,43.419617,41.398422,41.380863,38.02432,40.231625,38.45017,35.99538,35.439835,33.434414,30.556509,30.068281,29.301113,31.215546,32.34923,35.288273,35.918137,39.791515,40.578037,44.005985,43.86008,38.9392,39.64519,40.989338,37.965294,35.340546,32.677376,32.436264,29.962626,30.666958,28.113396,30.034674,25.604303,29.758392,31.19054,29.571712,25.673412,25.519724,24.133133,27.45462,21.912323,23.644697,21.147268,18.188576,21.522392,23.993843,25.00591,27.636309,30.801872,32.683403,36.248062
3,8.65157,6.4249206,6.4061465,0.0,5.0146403,7.3305087,7.0726,12.624289,14.566015,18.20323,21.823376,24.641598,27.471611,29.542177,28.00261,24.5027,20.043728,20.190712,14.4158945,16.516932,10.64466,13.4400425,13.149623,13.419092,15.595682,19.206358,21.468845,20.0845,22.510042,18.746866,24.103477,19.95225,26.300753,24.734177,30.151665,30.856865,33.046368,36.89926,37.737442,35.477783,33.103195,35.489338,31.261923,35.96482,33.16808,36.589478,35.875267,38.856445,38.00648,38.484535,35.26825,36.56822,31.799713,31.76837,30.721243,27.615147,31.43234,26.108856,24.55926,23.27856,28.759016,25.243256,21.932846,26.128813,22.52989,25.514263,24.300415,27.808859,26.312948,30.051807,30.254335,33.226646,31.859343,36.639893,36.824486,33.297657,36.922287,35.016144,38.037193,38.236412,40.768333,40.45615,40.82919,42.16081,37.500614,35.29779,32.247665,31.875437,28.006695,27.489305,23.177721,23.418825,21.896114,24.827581,22.55622,23.043169,24.558924,26.779482,28.649424,30.87264,29.392265,35.446915,34.563385,38.104538,39.42121,38.54921,35.31218,34.13257,30.902576,31.19208,34.329933,32.632576,38.270046,36.954296,40.55619,43.667847,44.721966,42.288536,45.47803,40.46395,43.829674,39.90489,43.512493,40.300076,40.07756,40.402206,39.82947,38.18645,35.76877,35.14195,31.95502,33.077694,32.045273,33.126373,36.518463,35.866344,39.664757,37.31305,42.65948,43.720516,44.40298,43.36106,38.787796,40.39485,35.991604,37.379593,34.802525,34.783764,34.815735,33.469265,37.803474,39.754025,38.886497,41.81656,40.048813,43.727028,43.12568,46.097073,49.660503,47.849678,44.306973,44.949265,44.691525,40.178745,39.75099,37.73874,38.521465,35.343185,38.293,36.78528,35.00577,34.458023,31.784967,29.397926,27.91722,27.303146,28.547846,29.068348,31.72141,31.810442,35.544163,35.815376,39.08093,38.65106,33.701866,34.01026,35.495033,32.836975,30.291338,28.129244,27.929693,26.349817,27.427462,25.688843,28.22216,24.77027,29.334312,31.070131,30.01417,26.166466,26.151134,23.779495,26.529049,20.9816,21.258732,19.505041,16.651455,19.105919,21.24328,21.312551,23.65628,26.73754,28.037928,31.798462
4,12.704695,9.363112,7.546785,5.0146403,0.0,4.088759,7.5695553,10.693275,14.017644,16.825897,21.523836,23.955246,26.925402,29.395416,27.902946,24.336916,19.814108,19.225176,13.673053,14.462734,9.46328,10.381915,11.384367,10.595873,14.111298,16.767023,19.167171,18.027887,20.06705,16.922508,22.165237,18.884012,25.54361,24.31989,29.898943,30.245512,33.122833,36.919643,37.75749,35.356945,32.406193,34.777637,30.088226,34.696163,31.59512,34.820614,34.051044,36.64782,36.337173,37.214424,34.08774,35.843987,31.179731,31.763714,31.26075,28.521074,32.789867,27.739325,25.68628,24.845755,29.816416,25.701818,22.441767,25.847363,22.382893,24.453552,23.545431,26.469011,24.524233,28.124523,28.138145,30.573488,29.200556,33.824917,34.22496,30.953438,34.86237,33.145073,36.539555,36.922684,39.788483,39.510345,39.241154,40.62757,36.299465,33.708504,30.390345,29.695831,25.6134,24.793009,20.281378,20.030716,18.349388,20.53885,18.971909,19.035488,20.426783,23.10177,25.25642,27.241528,25.670792,31.574402,30.535378,33.942947,34.977394,34.097908,30.748562,29.806324,26.584007,27.464718,30.666124,29.485044,35.243626,34.433186,38.052425,41.36048,42.16009,39.40894,42.34109,37.202793,40.13073,36.064507,39.420902,35.88833,35.58707,35.65895,35.093998,33.245934,30.903803,30.4398,27.419506,28.709427,28.007904,29.595125,33.1695,33.032944,36.90388,35.084305,40.381527,41.650654,42.04975,40.5674,35.94729,37.30924,32.61619,34.13086,31.153244,31.329098,31.03581,29.909538,33.883347,36.050755,34.97893,38.140163,36.19622,39.803665,39.511215,42.032692,45.929474,44.005,40.504135,41.336815,41.509956,36.89902,36.0227,34.069054,34.334175,31.161053,33.77578,32.318157,30.290226,29.933382,27.466574,25.19679,23.927612,23.787086,25.28048,25.670307,28.773623,28.960997,32.964123,33.546764,37.03407,36.788986,32.03609,32.84624,33.810375,30.688517,27.914341,25.324232,24.892555,22.637157,23.383501,21.217016,23.523077,19.83357,24.359972,26.077478,25.002825,21.164064,21.190475,18.838655,21.77173,16.39394,17.11679,15.630507,13.153494,16.208944,18.023014,19.41516,20.937983,24.572113,26.008753,29.843954
5,15.852921,12.990323,11.272199,7.3305087,4.088759,0.0,5.4698124,6.8442593,10.410204,13.066917,17.890976,20.413866,23.351946,26.03296,24.857323,21.539703,16.74834,16.688978,11.258836,12.390859,8.419947,10.275759,12.425177,12.64684,16.189552,19.102634,20.667322,19.022081,20.199879,16.777607,21.459593,17.461945,24.078238,21.982132,27.920982,27.60015,30.665522,34.575684,35.834904,33.817345,30.775227,33.719658,29.034822,33.949917,31.197834,34.52166,34.23042,36.869972,37.068714,37.601982,34.516426,35.98367,31.231192,32.060604,31.012676,28.95696,32.822647,27.741552,25.363605,24.044306,28.555649,24.175123,21.542324,25.023987,22.439817,24.420538,24.42508,27.222363,25.718067,29.071276,28.475544,30.828074,28.861992,33.39154,33.47691,29.883413,33.68661,31.580324,35.015205,34.990417,37.844955,37.273315,36.886307,37.93424,33.620102,31.25882,27.735172,27.545015,23.0328,23.098623,18.545788,18.903217,17.908329,20.400492,19.762506,20.048773,21.715082,24.638298,26.777283,28.135494,26.093489,31.877016,30.24941,33.57379,34.591873,33.112873,29.49946,28.28647,24.536303,25.483652,28.256832,27.051647,32.565228,31.628504,35.403927,38.783012,39.819527,37.214237,40.456116,35.422325,38.251015,34.43567,37.467056,34.241802,33.58196,34.095604,33.111675,31.821526,28.974087,28.125525,24.7585,26.014751,24.76598,26.369097,29.6141,29.631561,33.19956,31.43975,36.704758,37.816277,38.113667,36.678867,32.049377,33.448868,28.877533,30.37914,27.640808,27.853394,27.91135,26.97648,31.142248,32.889843,31.828276,34.71772,32.78265,36.430454,35.91223,38.800438,42.45099,40.723248,37.218304,38.1394,37.963604,33.510868,32.85064,30.607918,31.29346,28.02037,31.055525,29.591251,28.051947,27.541208,24.674335,22.629055,20.809353,20.67332,21.809278,21.983099,24.937658,25.01125,28.959982,29.495775,32.966442,32.75734,27.977552,28.88212,29.916588,26.740267,24.113674,21.432652,21.385023,19.165022,20.408398,18.597866,21.325653,18.554125,22.946522,25.093819,24.257053,20.677095,20.495869,17.470957,19.726961,14.357908,14.029649,12.928586,10.666345,13.041168,14.573244,15.698077,16.97565,20.613554,21.930435,25.80108
6,14.877602,13.373414,13.123953,7.0726,7.5695553,5.4698124,0.0,6.373271,7.516274,11.295959,14.784078,17.671583,20.481417,22.71563,21.484594,18.260633,13.403147,14.477681,8.758079,12.007007,7.5022397,12.264619,13.419124,15.409212,17.62,21.82273,22.61069,20.31384,21.395939,17.054724,21.494568,15.985007,22.17962,19.186796,25.149464,24.944506,27.320108,31.35905,32.820335,31.159254,28.714214,32.018063,27.881601,33.095264,30.938692,34.557617,34.661407,37.79775,37.717857,37.527912,34.372505,35.11026,30.182219,30.52796,28.501434,26.613298,29.717484,24.357347,22.198486,20.081299,24.803528,20.84413,18.565073,22.983412,20.89197,23.822504,24.163542,27.510073,26.85398,30.186907,29.379019,32.345146,30.00588,34.66631,34.276478,30.177732,33.54052,30.985826,33.969093,33.504807,35.953773,35.20176,35.540825,36.389378,31.673283,29.884985,26.642303,27.08473,22.738188,23.594278,19.379044,20.71312,20.28587,24.0316,22.86113,23.911116,26.013529,28.458841,30.194952,31.418694,29.175127,35.107533,33.342888,36.81689,38.29361,36.500053,32.99905,31.265238,27.397758,27.349073,29.846281,27.853605,33.05697,31.369349,35.145947,38.27001,39.731503,37.631893,41.34907,36.567444,39.978947,36.515465,39.793297,37.259247,36.642483,37.794495,36.720913,36.10749,33.090935,31.795992,28.20074,28.915567,27.195364,27.674297,30.639671,29.758373,33.247963,30.68837,36.00462,36.884056,37.669376,36.921425,32.43322,34.418087,30.27245,31.889332,29.881435,30.093822,30.843895,30.000248,34.54415,35.654663,34.717716,37.037663,35.122467,38.765408,37.591534,41.08686,44.110153,42.46604,38.907692,39.435616,38.601265,34.31003,34.407753,32.210705,33.80744,30.750662,34.418343,33.13838,32.178673,31.573435,28.272196,26.496176,24.007587,23.608759,24.069471,23.90549,26.209316,25.783396,29.346077,29.21466,32.35484,31.764872,26.821703,26.968014,28.535109,26.062592,23.693125,21.856678,21.979391,21.135279,22.804327,21.969662,25.099016,23.07602,27.604774,29.773455,29.257149,25.757986,25.691618,22.388512,24.190603,19.020128,17.569483,16.826023,14.536875,15.650641,17.10448,16.298086,17.978888,20.960855,21.643116,25.56168
7,20.850159,18.7945,17.806782,12.624289,10.693275,6.8442593,6.373271,0.0,4.583077,6.231392,11.437096,13.6955185,16.622015,19.476604,18.603525,15.6731415,10.705787,11.541951,7.1064825,9.117479,8.204201,11.585043,14.462686,16.506248,19.267569,22.833998,22.831287,20.335608,20.144768,16.295225,19.616539,14.361679,20.355387,16.813593,23.113457,21.823784,25.063374,29.069544,30.917305,29.543446,26.524431,30.342787,25.929438,31.250734,29.284056,32.75916,33.329445,36.156734,37.00508,36.765545,33.79742,34.584602,29.792969,30.885244,28.87415,28.029106,31.055601,26.144144,23.337265,21.346313,24.843857,20.207693,18.798634,22.271217,21.344957,23.254652,24.751513,27.374475,26.875301,29.72528,28.16735,30.57286,27.643032,31.956636,31.373997,27.199749,30.580067,27.793976,31.073858,30.334515,33.033916,32.019665,31.654333,32.195496,27.835253,25.957788,22.28718,23.043894,18.086569,19.82212,15.629785,17.38662,17.779415,21.294836,21.583828,22.635447,24.902283,27.676579,29.454538,29.81134,27.071497,32.58841,30.12051,33.343616,34.656563,32.2111,28.465721,26.538563,22.185608,22.450884,24.426289,22.744345,27.697138,26.254704,30.190758,33.52741,35.02809,32.863907,36.70123,32.004192,34.99321,31.773281,34.522976,32.228363,31.2229,32.78096,31.32351,31.347185,27.961763,26.273228,22.508734,23.023424,20.997116,21.491148,24.300543,23.810614,27.144968,25.004772,30.283722,31.253714,31.803034,30.793432,26.272408,28.321547,24.032612,26.005833,24.049927,24.674232,25.696316,25.500593,29.800861,30.448082,29.255777,31.31111,29.09025,32.645367,31.319899,34.798553,37.74988,36.11649,32.568035,33.212185,32.358162,28.108383,28.167194,25.842861,27.612541,24.65214,28.602386,27.567305,27.071243,26.604033,23.009943,21.923172,18.772882,19.084518,19.077991,18.099154,20.611423,19.811527,23.584257,23.46879,26.795164,26.287745,21.548325,22.188766,23.19097,20.270433,17.734793,15.607228,15.7902155,14.858804,16.809921,16.457037,19.887861,19.062376,23.312723,25.75185,25.667973,22.630964,22.554502,18.67951,19.678951,15.323097,12.559731,13.2613,12.162522,12.413317,12.673602,12.623035,12.424051,16.056986,16.303331,20.491283
8,22.208393,20.88782,20.39456,14.566015,14.017644,10.410204,7.516274,4.583077,0.0,4.5653143,7.5493765,10.749217,13.447667,16.120977,15.688057,13.300116,7.9714327,11.063473,7.4693613,11.208917,10.617878,15.268256,17.54785,20.313675,22.45864,26.615652,26.2509,23.419872,23.06646,18.775923,21.58869,15.236491,20.414526,15.501243,21.893425,20.141634,22.792265,26.973764,29.329529,28.576015,26.098255,30.451511,26.602951,32.150898,30.81115,34.451553,35.435265,38.55454,39.343567,38.532524,35.576073,35.743347,30.893877,31.682358,28.748972,28.323217,30.498957,25.485638,22.828037,19.954721,23.184032,18.935694,18.3767,22.49014,22.362854,24.849648,26.75422,29.64738,29.756231,32.509254,30.725246,33.442062,30.182043,34.448284,33.453125,28.907772,31.828344,28.577469,31.439468,30.107218,32.40151,31.038832,31.223997,31.319508,26.681719,25.55838,22.082338,23.737381,18.847578,21.681246,17.992027,20.494831,21.353552,25.398394,25.551283,26.918428,29.32979,31.931799,33.53336,33.768566,30.899706,36.384377,33.743908,36.959923,38.464207,35.705498,31.993921,29.753504,25.247524,24.960976,26.41413,24.238506,28.59987,26.510056,30.46862,33.586193,35.55926,33.912647,38.19427,33.82772,37.076218,34.28063,36.93763,35.240852,34.08243,36.13621,34.430534,35.00294,31.34353,29.316889,25.346807,25.619267,22.925667,22.756392,24.872839,23.895742,26.708462,24.00345,29.200447,29.739933,30.53943,30.148071,25.80239,28.187483,24.531242,26.318817,25.171152,25.625347,27.287933,27.07849,31.702824,31.738562,30.78562,32.263443,30.28063,33.814804,31.955328,36.14385,38.432148,37.121918,33.620247,34.10188,32.450558,28.594471,29.383694,26.840727,29.501207,26.617016,31.0742,30.045496,30.157116,29.436705,25.534296,24.577188,21.009295,20.840885,20.19751,19.139389,20.758799,19.648308,22.84326,22.192184,25.136599,24.39661,19.440378,19.453749,21.219238,18.96082,17.026623,15.632823,16.550917,16.74548,19.312164,19.733603,23.36216,23.24228,27.258726,29.84798,29.87731,27.007263,26.80001,22.802488,23.291195,19.085735,15.68785,16.280663,15.106035,14.250041,14.498368,12.40557,12.808007,15.3283205,15.000376,19.037264
9,25.911829,24.384941,23.817219,18.20323,16.825897,13.066917,11.295959,6.231392,4.5653143,0.0,6.1141114,7.61269,10.496225,13.560593,13.161657,11.015348,6.313612,8.816665,7.608493,9.915026,11.872612,15.505758,18.32376,21.316502,23.374275,27.259418,26.173708,23.187035,21.966904,18.102633,19.825727,13.8458,18.348516,13.190955,19.541176,17.054462,20.354792,24.395985,26.914465,26.342201,23.52219,28.16865,24.291948,29.812069,28.74581,32.25024,33.62032,36.56919,37.927013,36.95545,34.17935,34.262794,29.603249,30.850206,27.942095,28.289782,30.345036,25.817156,22.788992,20.219046,22.385965,17.798166,17.928743,21.152554,21.947165,23.721764,26.425451,28.807579,29.208,31.534328,29.231735,31.635836,27.966108,31.90829,30.680248,26.077461,28.83513,25.407362,28.346603,26.80072,29.21283,27.699827,27.450714,27.370949,22.98044,21.819445,18.141243,20.11248,14.984697,18.629128,15.36342,18.335562,19.892653,24.003548,24.867323,26.448048,29.051275,31.581276,33.013237,32.619534,29.445353,34.551926,31.484121,34.51967,36.091885,32.88519,29.206799,26.680666,22.054602,21.48088,22.462267,20.23651,24.27212,22.175577,26.186743,29.366457,31.401134,29.827898,34.240856,30.052914,33.186283,30.696844,33.122116,31.87561,30.607246,33.134323,31.315542,32.563564,28.872421,26.480574,22.585909,22.24821,19.540482,18.512054,20.627855,19.339209,22.307192,19.563803,24.815922,25.58873,26.540274,26.163898,21.90413,24.785894,21.048258,23.516754,22.60544,23.64129,25.619076,26.1394,30.360594,29.902802,28.636408,29.719036,27.271683,30.588871,28.36212,32.414925,34.490494,32.977768,29.460758,29.712473,28.039642,24.136417,25.128971,22.847618,25.832823,23.40882,28.117624,27.579645,28.09134,27.698626,23.655659,23.522615,19.4295,20.116543,18.966415,16.799625,18.50047,16.58561,19.873976,18.791534,21.800537,20.828062,16.215616,16.31197,17.299997,14.932516,12.630536,11.73162,12.209813,13.421679,15.931295,17.230568,20.938854,21.806522,25.665752,28.170963,28.693764,26.19252,26.221455,22.01743,22.001173,18.845087,14.664159,16.62298,16.404734,15.172315,14.3384495,12.995393,11.098432,14.037234,12.640812,16.978148
10,28.859333,28.023075,27.839457,21.823376,21.523836,17.890976,14.784078,11.437096,7.5493765,6.1141114,0.0,4.7346606,6.4866223,9.252458,10.208224,9.810569,6.122876,11.424606,11.564335,14.916102,16.521955,21.036915,23.288725,26.74618,28.325247,32.704163,31.396992,28.17401,26.904057,22.74311,23.944796,17.25365,20.307669,13.647192,19.491947,16.197441,18.388191,22.537441,25.880865,26.346397,24.405066,29.638464,26.664568,32.257397,32.007626,35.60375,37.43573,40.653706,41.93741,40.323364,37.619884,36.963013,32.36338,33.225323,29.248016,30.162712,31.049334,26.600927,23.889702,20.319948,21.770218,18.045113,19.443811,23.185452,24.919962,27.255617,30.293522,32.91335,33.91674,36.12247,33.638058,36.32018,32.381348,36.166035,34.492657,29.602966,31.693361,27.787472,30.059944,27.702295,29.444098,27.408592,27.924702,27.09537,22.500303,22.6153,19.443829,22.604544,17.973217,22.683947,20.168585,23.63118,25.48279,29.924622,30.62481,32.41738,35.097183,37.502632,38.7966,38.330666,35.083103,40.106182,36.905296,39.87867,41.59727,38.099777,34.500767,31.736374,27.074118,26.020147,26.311676,23.659576,26.639303,23.767117,27.626501,30.384653,33.04289,32.23315,37.10868,33.47355,36.78746,34.89209,37.082104,36.55235,35.091404,38.1036,35.997128,37.796608,33.830265,31.148825,27.129656,26.637291,23.222908,21.57824,22.500244,20.693844,22.564697,19.121618,23.95791,23.952532,25.241333,25.850035,22.060575,25.285547,22.690681,24.72118,24.959326,25.695835,28.392033,28.852463,33.347168,32.14217,31.238604,31.534973,29.523209,32.706463,29.840076,34.76923,35.87396,34.901333,31.571602,31.64645,28.848738,25.734669,27.693628,25.15122,29.16814,26.883244,32.01935,31.444838,32.63988,31.91631,27.655416,27.598558,23.266714,23.30969,21.50303,19.453966,19.807753,17.608002,19.730156,17.825745,20.01861,18.678812,13.943889,12.799905,15.200491,14.22586,13.324196,13.719877,15.310103,17.605051,20.632341,22.513811,26.25277,27.68759,31.220343,33.889526,34.44669,32.1096,31.941872,27.684895,27.207596,24.115425,19.637732,21.191858,20.807516,18.695122,17.985783,14.646689,13.668892,14.644875,12.4006195,15.997856
11,31.500963,30.635248,30.65929,24.641598,23.955246,20.413866,17.671583,13.6955185,10.749217,7.61269,4.7346606,0.0,3.0660226,6.033153,6.5255656,6.737393,5.6082625,9.568643,12.073338,14.321776,17.471436,21.354445,23.615463,27.452997,28.60709,32.929054,30.86503,27.476849,25.551552,21.754974,21.839226,15.596448,17.384947,10.550565,15.899918,11.915086,14.598327,18.578667,22.021585,22.703396,20.651283,26.123018,23.41801,28.882992,29.084625,32.546734,34.78341,37.94289,39.579155,37.64761,35.14769,34.228508,29.886063,31.030779,26.981232,28.67468,29.29136,25.444778,22.495926,19.317913,19.570253,15.75872,17.941982,20.774925,23.474152,25.280554,28.998343,31.207296,32.67139,34.436768,31.536083,34.0854,29.83471,33.28125,31.295889,26.34567,28.037706,23.942873,26.025732,23.389862,25.07915,22.91333,23.315647,22.369213,17.831324,18.126041,15.086282,18.712755,14.446632,19.813839,18.11562,21.988869,24.388666,29.126366,30.026165,32.185524,35.10387,37.194668,38.17331,37.20493,33.764885,38.439266,35.009525,37.85972,39.8422,36.068756,32.744843,29.642479,25.243143,23.38732,23.288076,20.233492,22.692415,19.47605,23.214487,25.821491,28.617525,28.091436,33.129086,29.818552,33.316414,31.819073,34.054035,34.1748,32.886852,36.38549,34.44102,36.872707,33.186012,30.242016,26.552532,25.194633,22.229118,19.005466,20.108461,17.09951,19.47666,15.345009,20.265463,20.712925,22.723303,23.702475,20.283762,24.376427,21.789745,24.730991,25.19976,26.596884,29.44924,30.582487,34.579285,33.022316,31.750933,31.666075,29.064665,31.877094,28.538479,33.06147,33.835278,32.411495,29.087225,28.52734,25.76496,22.564184,24.960867,23.210712,27.5123,26.036808,31.24026,31.330658,32.726704,32.486,28.261799,28.945276,24.351976,25.252554,23.20828,20.168049,20.676476,17.571548,19.611425,16.900713,18.886696,16.896646,13.042457,11.277233,12.337486,12.070683,10.69152,12.722022,13.064945,17.008528,19.406466,22.121325,25.715117,27.7116,31.297556,33.629253,34.683258,32.557213,32.7891,28.51504,27.925425,25.673525,20.971354,23.4736,23.593836,21.667286,20.371172,17.987478,15.400285,16.796516,13.580765,17.195599
12,34.200138,33.476162,33.54088,27.471611,26.925402,23.351946,20.481417,16.622015,13.447667,10.496225,6.4866223,3.0660226,0.0,3.6764119,5.964386,8.000853,8.270992,12.153771,15.041173,17.249878,20.479597,24.37481,26.58358,30.491926,31.54786,35.904682,33.69179,30.258535,28.176582,24.475523,24.166779,18.074728,19.026318,12.029646,16.51984,11.906259,14.030249,17.80003,21.73362,23.064846,21.400375,27.083336,24.862545,30.184269,30.810907,34.18878,36.68796,39.842915,41.610313,39.417442,37.03799,35.821186,31.646362,32.753998,28.370167,30.475275,30.568989,26.994856,24.167875,20.800974,20.359137,17.072702,19.866266,22.51274,25.70978,27.481163,31.422405,33.548244,35.2461,36.848854,33.794464,36.300003,31.910524,35.126633,32.93395,27.975098,29.283709,25.027925,26.762829,23.693441,25.024548,22.53612,23.132336,21.651894,17.285847,18.35237,15.680767,19.871939,16.014244,21.796673,20.547188,24.523258,27.098923,31.810738,32.850594,35.05582,37.98985,40.05146,40.968006,39.83983,36.338665,40.826473,37.26293,39.989372,41.988346,38.011753,34.75116,31.555742,27.176786,25.188738,24.619747,21.529654,23.219343,19.733454,23.279095,25.619682,28.719154,28.620083,33.825043,30.90602,34.329124,33.22903,35.194366,35.744267,34.324696,38.096085,35.993095,38.791176,35.00051,31.895575,28.233887,26.733688,23.514595,19.964264,20.367275,17.144432,18.78777,14.370174,18.863222,18.912397,21.179386,22.72186,19.726706,24.052788,22.10424,24.951988,25.995743,27.38564,30.553148,31.826197,35.763702,33.784016,32.60697,32.062458,29.58099,32.205685,28.518917,33.339508,33.553154,32.37382,29.209383,28.520166,25.197166,22.520306,25.41205,23.64148,28.409594,27.143959,32.485104,32.668743,34.43606,34.125637,29.850887,30.73458,26.030008,26.84856,24.495848,21.345367,21.2877,17.960556,19.3372,16.12188,17.540224,15.24052,11.818177,9.202838,10.629529,11.443258,10.960387,13.700914,14.444066,18.76455,21.289242,24.299465,27.839905,30.243076,33.585476,35.966927,37.11235,35.160732,35.331314,31.030802,30.149498,28.146238,23.272793,25.815054,26.04845,23.7927,22.373066,19.59084,16.97397,17.657791,14.016747,17.058096
13,35.682697,35.32154,35.767727,29.542177,29.395416,26.03296,22.71563,19.476604,16.120977,13.560593,9.252458,6.033153,3.6764119,0.0,4.103555,7.756381,9.848415,13.424059,16.873898,19.211075,22.379566,26.49859,28.279848,32.550514,33.116,37.752293,35.217678,31.650936,29.531607,25.7752,25.074627,18.95629,18.801373,11.755334,15.107102,10.487647,11.436304,15.073571,19.32939,21.24082,20.265858,26.040127,24.53303,29.695177,30.847435,34.214237,36.95485,40.280148,41.9055,39.281315,37.00255,35.300873,31.293678,32.156937,27.27275,29.804209,29.18196,25.966743,23.369057,19.816162,18.573973,16.063892,19.551983,22.115797,25.863716,27.82668,31.935303,34.107178,36.2472,37.691383,34.56761,37.281563,32.833633,35.932346,33.489697,28.46115,29.27452,24.892294,26.059425,22.648,23.450804,20.80182,22.121624,20.451006,15.944037,17.783384,15.8660965,20.32315,17.306175,23.041197,22.301737,26.435177,29.100975,34.184395,34.880478,37.363087,40.44047,42.228542,42.92209,41.7391,38.237362,42.6817,39.178295,41.930195,44.19063,40.21201,37.18819,33.82277,29.732801,27.14122,26.506865,23.017628,24.253138,20.32041,23.47586,25.343903,28.673265,29.066147,34.384872,31.830345,35.59132,34.77767,36.944756,37.925922,36.72543,40.702248,38.77175,41.77523,38.169434,35.01236,31.50508,29.681396,26.716267,22.46514,22.868168,18.836205,20.505106,15.521794,19.528692,19.54507,22.480644,24.648582,22.159176,26.793491,25.170515,28.135796,29.411242,30.868067,34.120926,35.44996,39.350666,37.231667,36.04439,35.285954,32.744995,35.18204,31.239492,35.966896,35.794025,34.500965,31.43937,30.290266,26.812897,24.366526,27.631968,26.3405,31.251608,30.344486,35.6718,36.06321,37.869343,37.673492,33.41954,34.388138,29.672161,30.52009,28.13598,24.932287,24.742546,21.290417,22.324932,18.747353,19.6181,16.938427,14.279158,10.860949,12.1172695,14.044864,13.753849,17.076855,17.32291,22.130901,24.344767,27.533318,31.004086,33.352303,36.856667,39.065296,40.33722,38.32855,38.65977,34.387123,33.633045,31.634886,26.82895,29.362978,29.47194,27.312447,25.9987,23.051758,20.64584,21.170393,17.465948,20.187471
14,33.70928,33.447483,34.221363,28.00261,27.902946,24.857323,21.484594,18.603525,15.688057,13.161657,10.208224,6.5255656,5.964386,4.103555,0.0,4.224866,8.15152,10.505303,14.643104,16.708849,20.04545,24.057247,25.459978,30.021896,30.123522,34.896343,32.053795,28.410704,26.28605,22.521896,21.604567,15.514364,14.8655815,7.8563676,11.178451,7.163926,8.347451,12.3972,16.131365,17.532593,16.501417,22.195953,20.707111,25.918716,27.08282,30.523,33.23044,36.696514,38.111683,35.38061,33.080853,31.292253,27.264479,28.064302,23.18601,25.78905,25.237467,22.140533,19.449224,16.17549,14.748135,12.025692,15.667719,18.068356,21.991774,23.994377,28.159075,30.342,32.704098,34.07885,30.989555,33.906906,29.527925,32.728264,30.262539,25.171688,25.949253,21.615921,22.7206,19.561571,20.470943,18.160889,19.792824,18.826862,13.839231,15.177372,13.481313,17.514301,14.971658,20.182777,19.644648,23.828579,26.462555,31.94184,32.175407,34.934917,38.159485,39.62415,40.096634,38.939915,35.494526,40.017105,36.715435,39.60854,42.148827,38.40263,35.614178,32.15586,28.436893,25.255001,25.099573,21.195303,22.93855,18.893274,21.944918,23.763584,26.864119,27.128716,32.34143,29.636974,33.866158,32.85681,35.60358,36.544434,35.788204,39.67765,38.184395,41.0194,37.829617,34.799656,31.518127,29.380013,27.127893,22.310566,23.689991,18.94423,21.81993,16.590466,20.933195,21.696817,24.938519,26.838215,24.210104,29.016937,26.775017,30.206453,30.954094,32.65055,35.5845,36.95331,40.756454,39.013714,37.58482,37.186977,34.26645,36.707294,32.918636,37.026188,37.25885,35.38057,32.177223,30.647776,27.88489,24.837883,27.833002,27.204376,31.6515,30.995775,36.10792,36.73229,38.111393,38.24443,34.11503,35.085415,30.47283,31.67105,29.60864,26.264341,26.728733,23.228071,24.852098,21.436268,22.687946,19.979422,17.357265,14.36426,14.675512,16.116272,14.788079,18.14391,17.192148,22.283863,23.847486,26.983343,30.35834,32.24515,36.185066,38.051987,39.442875,37.231544,37.898064,33.732693,33.44987,31.39089,26.877724,29.560106,29.5533,27.959188,26.750898,24.418383,21.855623,23.200747,19.713867,22.958399
15,30.097591,29.74872,30.633707,24.5027,24.336916,21.539703,18.260633,15.6731415,13.300116,11.015348,9.810569,6.737393,8.000853,7.756381,4.224866,0.0,5.335267,6.534773,10.800835,12.824605,16.061804,20.06711,21.28492,25.935696,25.914087,30.753738,27.961102,24.311373,22.399422,18.435783,17.941618,11.450883,11.731794,4.4785433,9.719809,7.3612986,9.512398,13.675155,16.346468,16.544586,14.913399,20.262337,18.078667,23.557741,24.15116,27.76346,30.118599,33.67111,34.823124,32.374184,29.885658,28.441341,24.130064,24.932476,20.44883,22.49625,22.693918,19.182344,16.241049,13.25961,12.911965,9.124283,11.996011,14.771852,18.13411,20.305065,24.22846,26.582382,28.76519,30.342299,27.460606,30.55283,26.369617,29.923336,27.710344,22.59093,23.864128,19.766699,21.323036,18.88325,20.323492,18.608942,20.001879,19.922827,14.767112,14.830238,12.735273,15.778665,12.9664135,17.340363,16.341808,20.419573,22.806768,28.496082,28.332952,31.15762,34.41609,35.782257,36.24286,35.30641,31.963053,36.751026,33.696663,36.787052,39.398026,35.985046,33.21604,29.856117,26.280497,23.057146,23.619684,19.654892,22.443752,18.751078,21.973598,24.099024,26.732004,26.426197,31.372742,28.154629,32.595905,31.05804,34.28292,34.708775,34.239372,37.767822,36.58815,38.941906,36.01254,33.224957,30.016495,27.96882,26.21375,21.661911,23.955648,19.370111,23.153934,18.254045,23.075281,24.3001,27.259604,28.53994,25.462433,30.035446,27.08544,30.64931,30.726728,32.45177,34.972515,36.182087,39.999035,38.788242,37.230526,37.378853,34.291534,36.91422,33.536568,37.206085,38.111183,35.88241,32.49714,31.053032,29.033012,25.347801,27.728119,27.261473,31.076612,30.266409,35.12755,35.69947,36.56097,36.84732,32.850292,33.59013,29.194004,30.527857,28.884579,25.689316,26.809267,23.5628,25.867662,22.951344,24.784267,22.364594,19.262638,16.978655,17.053093,17.459955,15.26036,17.910751,16.283466,20.940996,22.11209,24.851488,28.193197,29.434256,33.754894,35.4386,36.74811,34.284443,35.124016,31.073742,31.273386,28.941954,24.810856,27.412996,27.224054,26.185627,25.186783,23.431643,20.988218,23.101898,20.10698,23.872433
16,26.374817,25.725916,26.203808,20.043728,19.814108,16.74834,13.403147,10.705787,7.9714327,6.313612,6.122876,5.6082625,8.270992,9.848415,8.15152,5.335267,0.0,5.8145814,7.1251345,10.459148,12.601416,17.206482,18.852339,23.023266,23.782808,28.526035,26.608902,23.162289,21.845533,17.50428,18.497686,11.470633,14.475199,8.175574,14.40007,12.409713,14.821439,19.00548,21.516396,21.2179,19.146547,24.0583,21.008802,26.644018,26.337831,30.042143,31.814081,35.244812,36.232265,34.460785,31.719227,30.9694,26.32171,27.106836,23.235779,24.132965,25.247738,20.890844,17.988094,14.844198,16.468132,12.281921,13.386289,17.114937,18.892704,21.354963,24.49165,27.176971,28.536755,30.658579,28.196445,31.214062,27.345148,31.301128,29.588839,24.613535,26.689466,22.918575,25.137814,23.222847,25.096043,23.551134,24.362078,24.362751,19.4171,18.86254,15.965322,18.398294,14.351545,18.23715,15.906845,19.559946,21.421263,26.677387,26.605612,28.948818,31.956007,33.80667,34.713787,34.238,31.02491,36.19427,33.264465,36.46536,38.67124,35.47576,32.276264,29.295965,25.239788,23.131983,24.107323,20.79831,24.41505,21.377235,25.037352,27.670351,30.031576,29.102375,33.82292,30.037758,34.034695,31.924135,34.96753,34.514084,33.75387,36.748146,35.33958,37.03413,33.778812,31.22949,27.657467,26.450102,24.260637,21.31696,23.60884,20.44838,23.907124,19.830822,24.98552,25.90097,27.970078,28.58201,24.88492,28.699781,25.410275,28.371588,28.014896,29.302464,31.570972,32.29121,36.442898,35.65791,34.311275,34.944336,32.23783,35.259373,32.41079,36.374847,37.840313,35.970287,32.47832,31.824635,29.900219,26.06184,27.832254,26.471386,29.935717,28.288363,33.102993,33.07545,33.680424,33.59712,29.569786,29.724316,25.535065,26.373302,25.022406,22.484709,23.788998,21.211582,23.922848,21.785131,24.135122,22.3397,18.264263,16.823381,17.75237,16.973097,14.750768,15.8871355,15.227611,18.414726,20.19322,22.174864,25.73115,26.49994,30.801193,32.84672,33.70148,31.04969,31.529871,27.437683,27.742477,24.734602,20.751354,22.773323,22.281782,21.27601,20.632244,18.699373,17.047756,19.338055,17.100924,21.135136
17,26.178324,25.226915,25.866909,20.190712,19.225176,16.688978,14.477681,11.541951,11.063473,8.816665,11.424606,9.568643,12.153771,13.424059,10.505303,6.534773,5.8145814,0.0,5.8192735,6.3450317,10.467951,13.666966,15.1968,19.664967,19.919144,24.448757,21.80583,18.257063,16.433744,12.412849,12.734299,6.0450473,9.571105,5.5270386,11.631383,11.042253,14.457715,18.125696,19.507586,18.091185,15.149894,19.503927,15.7880535,21.401062,20.71658,24.392555,26.07849,29.447012,30.551975,28.925274,26.20871,25.77381,21.164074,22.41122,19.394962,20.366463,22.327658,18.444162,15.076791,13.479617,14.879252,9.835393,10.018975,12.445445,14.225211,15.93065,19.450243,21.736597,23.225616,25.098022,22.461494,25.44367,21.553045,25.55718,23.919653,18.99417,21.337236,17.873533,20.475311,19.317066,21.72685,20.813683,21.130898,22.056889,17.33009,15.505599,12.603302,13.714451,10.089913,12.791629,10.644383,14.422549,16.481945,22.20571,21.887373,24.647263,27.899164,29.301056,29.874083,29.12016,25.857473,30.935915,28.11096,31.393526,33.917778,30.925352,28.097178,24.98888,21.5642,18.659014,20.260908,16.662203,20.989487,18.298887,21.757856,24.46427,26.271118,24.925508,29.297098,25.266008,29.60693,27.242538,30.892523,30.414024,30.23862,33.15825,32.364666,34.01144,31.45907,29.057886,26.054602,24.189034,23.262379,19.411707,22.93252,19.08668,23.859632,19.886057,25.132395,26.934786,29.276983,29.514801,25.891842,29.947157,26.015495,29.75253,28.801647,30.644102,32.46586,33.581238,37.17701,36.72971,34.93384,35.861828,32.51901,35.307163,32.640957,35.522915,37.44898,34.77949,31.21007,30.061613,29.201561,24.725754,26.011135,25.730112,28.432066,27.4343,31.774178,32.312008,32.424805,33.001472,29.315372,29.865364,25.881021,27.619247,26.621616,23.571846,25.71436,22.899431,26.127459,24.069475,26.68207,24.782148,21.333685,20.27069,19.771408,18.664383,15.405648,16.734947,14.101324,17.687939,18.100914,20.164433,23.336199,23.746832,28.475126,29.885185,31.12027,28.425318,29.522844,25.679209,26.48829,24.08175,20.58519,23.292631,23.11545,22.961946,22.058378,21.711693,19.035826,22.344753,20.141655,24.431509
