,0,1,2,3,4,5,6,7,8,9,10,11,12,13,14,15,16,17,18,19,20,21,22,23,24,25,26,27,28,29,30,31,32,33,34,35,36,37,38,39,40,41,42,43,44,45,46,47,48,49,50,51,52,53,54,55,56,57,58,59,60,61,62,63,64,65,66,67,68,69,70,71,72,73,74,75,76,77,78,79,80,81,82,83,84,85,86,87,88,89,90,91,92,93,94,95,96,97,98,99,100,101,102,103,104,105,106,107,108,109,110,111,112,113
0,0.0,4.4348264,6.329266,8.899197,12.666416,14.240842,17.991049,20.496092,23.54191,26.686066,31.432182,33.34858,35.719936,37.09934,33.58854,30.044186,26.862562,24.395193,22.337872,18.184809,17.195799,13.509967,16.607344,14.268444,17.621729,18.060322,19.688507,23.32648,23.068254,25.955587,27.411007,29.878817,35.748585,37.13776,40.62584,42.68905,46.251198,48.018436,44.834557,42.471153,37.757374,38.778698,33.5272,35.221485,30.658686,31.14329,29.338154,28.461273,30.382034,33.995304,32.54643,36.858025,34.852623,38.11175,40.11913,41.139015,44.770348,42.69263,39.5184,40.140343,42.23616,37.348316,34.41034,34.06393,30.914724,28.704933,28.926704,27.945766,24.44394,24.689106,24.551971,22.472069,23.133415,23.63485,25.866589,27.1794,30.74162,31.951767,36.02724,38.09168,41.998035,42.78318,41.23238,43.609013,40.689373,36.885307,35.24415,31.108656,30.892187,26.213484,25.249226,20.872536,21.19599,15.935965,19.18659,18.437574,17.004206,18.169287,18.886438,22.216202,22.813326,27.024508,27.332579,31.60505,33.3124,38.07013,41.401493,41.84217,38.67054,42.30969,36.088997,37.31514,34.13588,34.712376
1,4.4348264,0.0,5.0502853,5.082706,9.022292,11.452101,14.329556,17.763641,20.403961,23.895155,28.497408,30.662735,32.819794,33.88936,30.47045,26.68587,23.94186,20.931433,19.583412,15.010404,15.156054,10.738707,13.998747,11.603741,14.005477,14.9564495,15.760757,19.238424,18.83913,21.569382,23.123785,25.449244,31.441519,32.814133,36.3106,38.441536,41.962425,43.744865,40.63337,38.21834,33.55738,34.745697,29.43137,31.445677,26.945177,27.779627,26.187422,25.819717,27.627031,30.853651,29.155115,33.27399,30.942896,34.123486,35.864582,36.94901,40.44933,38.338818,35.140343,35.73645,37.803314,32.920322,29.98323,29.702673,26.634003,24.530605,24.938715,24.223907,20.974545,21.438528,21.000353,19.443394,19.626165,20.752,22.759924,23.537373,27.338165,28.279268,32.48405,34.463924,38.340534,39.082054,37.86763,40.2156,36.999115,33.34121,31.450829,27.385487,26.839792,22.145124,20.925476,16.511213,16.77111,11.562293,15.125398,14.626869,13.2507715,14.400904,14.825851,18.117,18.646273,22.907537,23.252531,27.54595,29.244062,34.06156,37.37729,37.847958,34.69688,38.374813,32.130028,33.61214,30.430578,31.358116
2,6.329266,5.0502853,0.0,5.993666,7.5484424,9.04812,12.8374195,15.174048,18.656395,21.394892,26.506514,27.972103,30.521875,31.728104,28.064264,24.670254,21.049795,18.813314,16.371185,12.154654,11.279334,7.3407254,10.664406,9.646397,12.664131,14.862969,15.910218,19.58721,18.68465,22.359034,22.830626,26.339933,31.455318,33.70276,36.372265,38.931934,42.114456,43.525055,39.96113,37.60919,32.794464,33.416573,28.326382,29.551573,25.047428,25.22596,23.60476,22.53656,24.976099,28.380056,27.117332,31.374983,29.724176,33.228676,35.5115,36.906723,40.45622,38.9802,35.963127,37.07455,38.69089,33.859417,31.020855,29.765676,27.01506,24.142717,24.942867,23.342394,20.355898,19.894077,19.26712,16.716784,17.311253,17.38511,19.692389,21.427174,24.816439,26.428072,30.364107,32.768154,36.627995,37.70676,36.15587,38.894215,36.078102,32.598293,30.958755,26.460114,26.884007,21.548948,21.350903,16.997574,17.898994,13.942577,17.209873,17.780054,17.093548,18.135517,17.801317,20.621418,20.22744,24.479778,23.640516,28.322231,29.054928,33.92221,37.235256,37.14554,33.82602,36.9919,30.782902,31.57113,28.334373,28.619389
3,8.899197,5.082706,5.993666,0.0,4.8290296,7.070515,9.552419,13.145817,15.421968,19.123497,23.543087,25.914574,27.912529,28.94546,25.619923,21.763361,19.389654,16.214382,15.344875,11.153002,11.6735935,8.225379,12.150174,11.321683,11.879561,14.954077,14.059101,17.10516,15.651148,18.453615,19.172039,21.71124,27.03087,28.576113,31.898787,33.93816,37.468784,39.242424,36.12824,34.014034,29.255327,30.757046,25.434097,27.722115,23.536667,24.54179,23.629875,23.552498,25.896627,28.423819,26.637188,30.357195,27.836098,31.12481,32.379852,34.055912,37.035164,35.26548,32.049496,32.60986,34.071705,29.137165,26.627079,25.965496,23.747934,21.36768,22.777124,22.080242,19.693645,19.873981,18.474302,17.13003,16.228764,17.434704,18.859062,19.163689,22.89189,23.528978,27.738758,29.532555,33.430748,34.087303,32.824768,35.134224,31.949732,28.278624,26.444035,22.345327,22.020185,17.380184,16.584084,12.420086,13.564375,9.185833,14.037144,14.280268,12.616315,12.871663,12.13066,14.812432,14.527106,18.769339,18.516226,22.94993,24.416182,29.19623,32.525806,32.962574,29.822338,33.66706,27.498371,29.120617,26.229275,27.286825
4,12.666416,9.022292,7.5484424,4.8290296,0.0,4.4369407,5.5341854,9.805939,12.35731,15.69069,20.456167,22.383543,24.507586,25.22958,21.74884,17.944977,15.225317,11.966349,11.0828085,6.3825746,8.31505,4.584094,8.367523,9.18553,8.400103,13.310846,11.641515,14.511269,12.358532,16.001022,15.673217,19.365517,23.964546,26.425714,28.873594,31.49421,34.595345,35.998554,32.49836,30.30235,25.454342,26.5232,21.322369,23.189724,19.027088,19.84178,19.149,19.090412,21.779503,24.001062,22.331646,25.964968,23.729973,27.224802,28.77923,30.738598,33.70167,32.476948,29.445736,30.522179,31.604155,26.777939,24.303488,22.729372,20.84157,17.816803,19.773848,18.521162,16.756556,16.31684,14.351642,12.813851,11.545627,12.673551,14.068145,14.601605,18.328531,19.356916,23.50827,25.695442,29.545519,30.52458,29.39445,32.08766,28.904745,25.654562,23.721016,19.241001,19.494461,14.007577,14.027314,9.925856,11.686108,9.497387,13.551471,15.098003,14.51081,14.821976,13.220845,15.127219,13.796594,17.894749,16.388922,21.219051,21.579958,26.507292,29.801178,29.677628,26.37002,29.689339,23.464397,24.691181,21.653296,22.53826
5,14.240842,11.452101,9.04812,7.070515,4.4369407,0.0,5.3838034,6.3352613,9.631542,12.536047,17.480682,19.256767,21.599197,22.897305,19.35326,15.941571,12.802298,10.671493,8.706266,6.413263,5.305854,6.370653,10.323585,12.655514,11.9178505,17.445713,15.617754,18.145998,15.280838,18.890759,17.414375,21.34213,24.646269,27.258184,29.431652,31.721964,34.874416,36.236076,32.67867,31.055866,26.09006,27.31535,22.36638,24.007624,20.33687,20.727121,20.667942,20.121534,23.695833,25.567438,24.22566,27.547716,25.636961,29.29971,30.571852,33.144108,35.57178,34.81871,31.847654,32.842693,33.20043,28.407988,26.559732,24.514303,23.641254,20.297873,23.037378,21.503937,20.330675,19.333174,16.819227,14.701642,12.875799,12.623328,13.418929,14.353965,17.295887,18.371391,22.202616,24.233149,28.15162,29.0691,27.223108,29.914583,27.35268,23.82618,22.499279,17.885887,19.20803,14.129188,15.357823,12.168698,14.822231,13.131901,17.732111,19.186878,18.025787,17.674303,15.695801,17.035505,15.043888,18.752151,16.434483,21.210814,21.243631,25.875504,29.163574,28.945961,25.67035,29.138056,23.19014,24.121717,21.623283,22.00477
6,17.991049,14.329556,12.8374195,9.552419,5.5341854,5.3838034,0.0,6.264903,7.515468,11.038931,15.431478,17.572195,19.39279,19.858837,16.513939,12.529301,10.606463,6.7192745,7.5514383,4.7986174,8.077319,7.8591743,10.312678,12.815293,9.79964,16.066874,12.729621,14.331067,10.751442,14.173356,12.107703,16.273361,19.399317,22.33241,24.227173,26.852749,29.811712,31.105928,27.544653,25.764341,20.821093,22.267218,17.193466,19.396425,15.945097,17.01874,17.52047,18.001436,21.203562,22.222801,20.504282,23.337694,20.924494,24.45576,25.30764,28.065409,30.252014,29.593452,26.669106,27.763664,27.9521,23.22751,21.454569,19.173208,18.741543,15.407357,18.780373,17.615932,17.336142,16.546612,13.343443,12.490662,9.294726,10.554469,10.513986,9.901453,13.489602,14.010166,18.193953,20.190626,24.060173,24.997429,23.917107,26.654144,23.457455,20.384657,18.460554,13.825166,14.649029,8.9931965,10.344302,7.598351,10.7537365,11.185296,15.208836,17.33646,16.751293,16.2644,13.656576,14.174754,11.532533,14.946255,12.035578,16.999023,16.530718,21.39397,24.6594,24.327059,20.997534,24.41587,18.299717,19.688326,17.116955,18.243746
7,20.496092,17.763641,15.174048,13.145817,9.805939,6.3352613,6.264903,0.0,4.54691,6.2309113,11.457639,12.921712,15.353177,16.838007,13.259381,10.30757,7.0754642,6.5183887,4.5265083,7.252487,5.927358,10.732998,13.222718,17.0264,14.915632,21.42044,18.60557,20.184626,16.356867,19.779467,16.510704,20.92552,22.008263,25.272402,26.442987,28.68728,31.499044,32.56175,28.83948,27.8987,22.95424,24.265697,19.910892,21.284376,18.649965,18.776562,19.967388,19.504023,23.836327,24.55944,23.495188,25.953934,24.347858,28.056604,28.814192,32.249123,33.822033,33.92002,31.210085,32.334896,31.58921,27.104769,26.124113,23.146809,23.849533,20.145912,24.068903,22.331598,22.492363,20.9218,17.470919,15.560354,12.47081,11.230667,10.359504,10.993453,12.6609535,13.608502,16.911072,18.826643,22.704786,23.697699,21.36616,24.273764,22.272253,18.96184,18.183044,13.393485,16.306175,11.726615,14.794984,13.34559,16.814842,17.121748,21.453648,23.443306,22.412474,21.517033,18.819513,18.951654,15.859787,18.530798,14.598314,19.11882,17.849083,22.014124,25.13797,24.436451,21.198282,24.465628,19.022224,19.545881,17.871382,17.862585
8,23.54191,20.403961,18.656395,15.421968,12.35731,9.631542,7.515468,4.54691,0.0,4.67542,8.175303,11.028501,12.548019,13.804707,10.761546,7.271608,6.9749484,5.6588516,7.2955046,10.132753,10.422902,14.2216,16.498861,19.971622,16.8864,23.41272,19.677612,20.468374,16.235622,18.700998,14.951738,18.577776,18.649258,21.587076,22.85477,24.610777,27.595055,28.86464,25.490652,25.04475,20.221853,22.386612,18.181736,20.404663,18.537167,19.305834,21.233778,21.560516,25.611221,25.491282,24.143803,25.869156,23.717115,27.129742,26.872538,30.74421,31.557192,31.730062,29.022434,29.767492,28.451315,24.079033,23.782883,20.948889,22.707497,19.422869,23.967676,22.862223,23.699883,22.489754,18.636948,17.767601,13.770786,13.510847,11.577066,10.243613,11.602555,11.041948,14.390961,15.453064,19.38596,19.938898,17.741108,20.296629,18.041609,14.521843,13.75098,9.129368,12.290265,8.947935,12.519177,12.48464,16.253231,17.46216,21.929916,23.854944,22.569304,21.119032,18.02629,17.274408,13.70859,15.514577,11.0430765,15.151221,13.807767,17.708084,20.82975,20.432922,17.35882,21.305185,16.151775,17.455769,16.544218,17.25313
9,26.686066,23.895155,21.394892,19.123497,15.69069,12.536047,11.038931,6.2309113,4.67542,0.0,5.6738,6.791566,9.141823,10.920842,7.4959,5.7501965,4.3337097,6.831407,6.9773784,11.990053,11.296577,16.448532,18.082378,22.338152,19.429363,26.179628,22.706148,23.4271,19.14272,21.951773,17.437757,21.701157,20.353699,24.01968,24.107792,26.101044,28.486933,29.240808,25.52286,25.481377,20.831018,22.353645,18.96032,20.136572,18.934635,18.942627,21.33503,21.160078,25.764961,25.277388,24.455305,25.828247,24.47047,27.971167,27.9869,32.19626,32.754025,33.66208,31.279339,32.40117,30.53805,26.556929,26.558935,22.932667,25.203714,21.533274,26.285625,24.617077,25.887432,24.072311,20.107195,18.749317,14.963697,13.389896,10.899251,10.566667,10.072661,10.29041,12.443835,13.860232,17.568756,18.533949,15.570441,18.666088,17.439323,14.540686,14.591258,10.149239,14.776797,11.798957,16.106674,16.408508,20.097267,21.728582,25.758759,28.000477,27.024078,25.725655,22.636448,21.815048,18.137428,19.554228,14.548523,18.157259,15.552999,18.761147,21.526522,20.328957,17.325785,20.34934,15.910404,16.050697,15.741829,15.427962
10,31.432182,28.497408,26.506514,23.543087,20.456167,17.480682,15.431478,11.457639,8.175303,5.6738,0.0,4.850989,4.7648325,7.154316,5.6555386,5.7770023,8.723851,10.712724,12.478125,17.170992,16.895752,21.772156,23.396183,27.452713,24.034508,30.713366,26.659748,26.746021,22.293522,24.123981,19.289639,22.462973,19.304327,22.466043,22.210125,23.295135,25.631147,26.464165,23.297508,24.323822,20.204144,22.558615,19.945452,21.657572,21.603859,22.013329,25.07876,25.435913,29.812088,28.491642,27.578382,28.047617,26.412748,29.470407,28.334328,33.0742,32.541477,33.782074,31.572414,32.254864,29.46488,25.945848,26.975197,23.49445,27.027582,23.88249,29.088474,27.953049,29.823175,28.25354,24.07419,23.439117,19.2212,18.212122,15.157945,13.482418,11.99794,10.397436,11.233933,10.839028,14.2029,14.430954,10.733332,13.327648,12.848758,9.906445,11.143637,8.201643,13.530927,13.160897,17.542599,19.177338,22.875813,25.066277,29.176556,31.273369,30.008759,28.207787,24.91288,23.313337,19.462975,19.663567,14.513254,16.701166,13.738887,15.53849,17.881882,16.857954,14.474008,18.01022,14.968762,15.631383,16.830034,16.958105
11,33.34858,30.662735,27.972103,25.914574,22.383543,19.256767,17.572195,12.921712,11.028501,6.791566,4.850989,0.0,3.6234076,6.383089,4.3875537,7.2833934,8.210588,12.076679,12.549709,18.05016,17.301079,22.74725,23.769817,28.375942,25.231197,32.00509,28.358784,28.56557,24.205229,26.631721,21.410332,25.472187,21.912481,25.907722,24.59684,26.343145,27.94153,28.123636,24.442009,25.43134,21.481192,22.750929,20.830685,21.261736,21.549278,21.140886,24.345171,24.150362,28.893803,27.437725,27.072226,27.413525,26.682365,29.869133,29.432173,34.203434,33.8315,35.667458,33.754787,34.98808,32.106766,28.865082,29.706247,25.510136,28.940142,25.348785,30.465328,28.694246,30.748457,28.627598,24.527857,23.377312,19.620853,17.591238,14.475403,14.023595,11.267945,11.104891,10.625927,11.299501,14.092699,15.188974,11.108673,14.56251,15.101414,13.451699,14.783862,11.824782,17.376604,16.077633,20.770773,22.069359,25.671936,28.050093,31.71529,34.163433,33.327263,31.875563,28.637722,27.30226,23.43051,23.913498,18.524828,20.94505,17.156273,18.792225,20.77198,18.77907,16.398846,18.32922,15.857533,14.969652,16.346857,15.269638
12,35.719936,32.819794,30.521875,27.912529,24.507586,21.599197,19.39279,15.353177,12.548019,9.141823,4.7648325,3.6234076,0.0,3.976868,4.5828066,7.8295774,10.811236,13.761611,15.330899,20.457594,20.25517,25.30929,26.377863,30.76678,27.216404,33.92599,29.867294,29.668259,25.239187,27.041264,21.744282,25.094383,20.596512,24.245754,22.727522,23.956215,25.475275,25.711979,22.428373,24.032072,20.467588,22.323492,20.811953,21.755106,22.636261,22.661386,26.179853,26.478968,30.918777,28.9905,28.439022,28.258705,27.194681,30.054962,28.851307,33.873775,32.85055,34.810184,32.99972,33.949886,30.577171,27.646185,29.057526,25.03865,29.147535,25.947805,31.282927,29.931406,32.314606,30.44797,26.229689,25.641205,21.551388,20.141533,16.78359,15.342945,12.517948,11.116897,9.977825,9.230314,11.671131,12.221044,7.710619,10.959267,11.942723,10.668901,12.5595,10.733778,16.239153,16.30301,20.88654,22.893795,26.452919,29.202135,32.850414,35.221478,34.271942,32.567677,29.224262,27.456158,23.537708,23.359709,18.01617,19.61219,15.655103,16.403488,18.042252,16.132965,14.208671,16.439117,14.889545,14.558376,16.762356,16.288042
13,37.09934,33.88936,31.728104,28.94546,25.22958,22.897305,19.858837,16.838007,13.804707,10.920842,7.154316,6.383089,3.976868,0.0,3.9510098,7.357647,11.394184,13.649839,16.161798,20.815298,21.663336,25.952362,26.529629,30.81555,26.795835,33.33913,29.017519,28.343838,23.994587,25.471495,19.936052,23.21509,17.887436,22.020952,19.634157,21.342468,22.311544,22.198248,18.699375,20.39152,17.11978,18.885923,17.975052,18.880405,20.435013,20.688362,24.537832,25.342781,29.378635,26.875252,26.264147,25.523901,24.435041,27.021238,25.55264,30.704012,29.380589,31.672415,30.108953,31.254774,27.635939,25.075686,26.664152,22.348816,26.89368,23.872276,29.29013,28.089418,30.95609,29.161077,24.910929,24.900455,20.678577,19.789057,16.18607,14.043341,10.836246,8.822977,6.6356363,5.4743357,7.8138103,8.871369,5.413372,9.571315,9.713941,9.894653,11.1139145,9.742161,14.961542,15.27403,19.818436,22.314846,25.618484,29.117088,32.149982,34.76024,34.214886,32.641357,29.246101,27.249624,23.3029,22.794336,17.316538,18.604168,13.774093,14.238869,15.594123,12.961561,11.013314,12.528052,11.550567,11.12044,13.955736,13.876026
14,33.58854,30.47045,28.064264,25.619923,21.74884,19.35326,16.513939,13.259381,10.761546,7.4959,5.6555386,4.3875537,4.5828066,3.9510098,0.0,4.4172945,7.461406,10.210844,12.260561,17.091972,17.815207,22.199234,22.764116,27.181479,23.406296,30.055895,26.019136,25.723902,21.369755,23.466238,17.978968,22.037237,17.970366,22.43359,20.590961,22.860958,24.160557,24.178328,20.27108,21.07279,17.138468,18.447355,16.710697,17.358147,18.089582,18.089197,21.64291,22.124653,26.42081,24.437918,23.857117,23.776403,22.80081,25.807888,25.12838,29.984444,29.473864,31.442793,29.657263,31.048119,28.088602,25.024994,25.919476,21.483192,25.253365,21.809448,27.075779,25.52689,28.04346,26.081097,21.865625,21.430748,17.334143,16.097801,12.580889,11.012181,7.939885,7.000404,6.337084,7.420036,10.608924,12.096743,9.258638,13.224613,12.537646,11.664193,12.135404,9.075235,14.505216,13.2177305,17.975796,19.79399,23.187395,26.376278,29.454803,32.13677,31.69346,30.354996,27.037006,25.447912,21.511414,21.711031,16.109324,18.422369,13.862304,15.661902,17.630522,15.207443,12.545918,14.219005,11.490149,10.7563,12.377032,11.933435
15,30.044186,26.68587,24.670254,21.763361,17.944977,15.941571,12.529301,10.30757,7.271608,5.7501965,5.7770023,7.2833934,7.8295774,7.357647,4.4172945,0.0,5.746526,6.408647,9.796407,13.756597,15.275322,18.873783,19.709503,23.730547,19.738684,26.344755,22.09986,21.842176,17.413904,19.450336,14.203654,18.241947,15.363388,19.633823,18.77755,21.179453,23.098183,23.613007,19.78736,19.901165,15.4150095,17.274601,14.370704,16.014498,15.866465,16.510136,19.699358,20.557604,24.56046,22.991203,21.926916,22.35638,20.653776,23.788157,23.08677,27.675638,27.618961,28.922892,26.793959,28.023127,25.626305,22.051813,22.54024,18.484945,21.804209,18.431696,23.677265,22.434185,24.659569,23.059057,18.802162,18.674467,14.23504,13.869683,10.507888,7.9396243,6.6685033,4.9461956,7.24982,8.52943,12.402215,13.521801,11.722079,15.122016,12.951111,11.120972,10.45096,6.069222,11.12648,8.957203,13.723854,15.418565,18.871815,22.009521,25.198137,27.78327,27.290731,25.96696,22.65461,21.133108,17.21689,17.715908,12.128455,15.114834,11.065295,14.088095,16.676966,14.951423,11.796737,14.669841,10.281064,10.917299,11.326442,11.976984
16,26.862562,23.94186,21.049795,19.389654,15.225317,12.802298,10.606463,7.0754642,6.9749484,4.3337097,8.723851,8.210588,10.811236,11.394184,7.461406,5.746526,0.0,5.051691,4.8435383,10.086637,10.577419,15.023367,15.654729,20.282797,17.178625,23.944748,20.648973,21.28207,17.14235,20.487637,15.674225,20.896938,19.675722,24.212173,23.530746,26.46647,28.295355,28.596964,24.353333,23.72324,19.028484,19.580322,16.3313,16.625088,15.289924,14.856744,17.293755,17.031137,21.716572,21.131067,20.52408,21.976992,21.11807,24.77468,25.551685,29.57464,30.588774,31.776834,29.599733,31.311977,29.699997,25.86176,25.409622,21.167486,23.067646,18.99867,23.609632,21.44511,22.97011,20.770105,16.805658,15.32292,11.696269,9.65927,6.826278,7.4302444,6.6152368,8.501871,10.753028,13.473158,17.049364,18.731398,16.541155,20.232485,18.614313,16.627153,16.036488,11.301995,15.642819,11.374867,15.787564,15.812656,19.188065,21.458042,24.582293,27.311716,27.076302,26.285604,23.272835,22.652447,19.024857,20.693024,15.519965,19.472994,16.071676,19.65211,22.33273,20.446304,17.165848,19.070566,14.253301,13.522801,12.476055,11.668783
17,24.395193,20.931433,18.813314,16.214382,11.966349,10.671493,6.7192745,6.5183887,5.6588516,6.831407,10.712724,12.076679,13.761611,13.649839,10.210844,6.408647,5.051691,0.0,5.3570447,7.4948,10.346633,12.652351,13.4819,17.334055,13.485424,20.186062,16.307224,16.733461,12.450426,15.603169,11.136854,16.259172,16.402725,20.625563,20.797224,23.85816,26.092136,26.802597,22.785543,21.544004,16.593517,17.756886,13.478295,15.07367,12.952593,13.666685,15.722452,16.411118,20.274857,19.865229,18.534678,20.274576,18.398457,21.987154,22.506428,26.207806,27.543568,28.048779,25.583948,27.110437,26.07205,21.883219,21.011127,17.273352,18.69349,14.85423,19.469467,17.884012,19.258352,17.691307,13.614601,13.07785,8.709711,8.892458,6.5257354,4.7286205,7.0961537,7.743946,11.6387,14.031758,17.840988,19.184393,18.057547,21.323969,18.469109,16.212822,14.568557,9.584687,12.384508,6.9237494,10.945646,10.794749,14.170711,16.786837,19.808664,22.530914,22.396929,21.655247,18.61701,17.981218,14.442764,16.389769,11.544535,16.01096,13.285893,17.705645,20.70184,19.407005,15.95216,18.643492,12.843842,13.535232,11.620203,12.424254
18,22.337872,19.583412,16.371185,15.344875,11.0828085,8.706266,7.5514383,4.5265083,7.2955046,6.9773784,12.478125,12.549709,15.330899,16.161798,12.260561,9.796407,4.8435383,5.3570447,0.0,5.853435,5.9644876,10.357137,11.335111,15.982147,13.6338415,20.322556,17.722448,19.155445,15.419995,19.447643,15.6209755,21.069807,21.724634,25.938255,26.079023,29.149109,31.313354,31.84853,27.622854,26.33329,21.441435,21.76113,17.773376,18.086332,15.430217,14.911096,16.157845,15.382693,20.034687,20.634432,19.924984,22.415218,21.497326,25.366692,26.875076,30.241827,32.118927,32.696777,30.27929,32.03542,31.291214,27.072521,25.836954,22.068468,22.628424,18.436054,22.304466,19.898737,20.453478,18.268177,14.743261,12.425038,9.553239,7.182555,6.2189193,8.416279,9.696842,12.002377,15.010236,17.863573,21.536032,23.150625,21.180576,24.677206,22.673832,20.21213,19.213722,14.225789,17.482292,12.076541,15.555162,14.149082,17.295706,18.56089,21.761553,24.372324,24.205194,23.813152,21.145792,21.288439,18.120794,20.709278,16.298811,20.895723,18.497334,22.722477,25.671865,24.195436,20.784986,22.932486,17.463217,17.035471,14.891202,14.233074
19,18.184809,15.010404,12.154654,11.153002,6.3825746,6.413263,4.7986174,7.252487,10.132753,11.990053,17.170992,18.05016,20.457594,20.815298,17.091972,13.756597,10.086637,7.4948,5.853435,0.0,5.91247,5.286981,6.3861775,10.373435,8.033622,14.6233225,12.381896,14.481974,11.418756,15.938004,13.598883,18.946795,21.779322,25.591085,26.528978,29.87995,32.260384,33.037666,28.946278,26.808891,21.899729,22.131487,17.408762,18.201172,14.296484,14.397017,14.298236,13.936114,17.576557,19.183756,17.957687,21.330643,19.885338,23.715958,25.755611,28.249247,31.026896,30.800241,28.164478,29.958452,30.296173,25.815128,23.64771,20.592976,19.568182,15.56545,18.431025,16.155346,15.684225,13.973314,11.023063,8.744175,6.656304,6.5125036,7.78744,9.445907,12.711182,14.726507,18.50166,21.384562,25.085518,26.608715,25.47077,28.75343,25.879356,23.335123,21.536266,16.632645,18.185667,11.920315,13.723885,10.793661,13.189259,13.831431,16.507193,19.1652,19.476345,19.721933,17.497614,18.392614,15.959913,19.33783,16.084166,21.04568,19.609005,24.439322,27.55881,26.502497,23.01456,25.345024,19.246702,19.504856,16.351856,16.576302
20,17.195799,15.156054,11.279334,11.6735935,8.31505,5.305854,8.077319,5.927358,10.422902,11.296577,16.895752,17.301079,20.25517,21.663336,17.815207,15.275322,10.577419,10.346633,5.9644876,5.91247,0.0,6.931959,9.383322,13.422351,13.06619,18.974714,17.677011,20.17441,17.210917,21.507376,19.041954,24.057243,26.25676,29.814373,30.881609,33.689003,36.286842,37.126915,33.07277,31.509407,26.55387,26.902449,22.501026,22.918505,19.443111,18.842386,18.846289,17.363758,21.72944,23.651997,22.951384,26.297224,25.365221,29.272564,31.232784,34.00092,36.503452,36.459343,33.79743,35.365097,35.34615,30.810617,29.03824,26.016508,25.40848,21.423153,24.310717,21.868378,21.074377,19.122103,16.546637,13.3396015,12.100863,9.847095,10.919928,13.569687,15.543744,17.742292,20.94931,23.616812,27.369314,28.785334,26.573483,29.791159,27.829012,24.778645,23.816969,18.9016,21.416739,15.927979,18.257011,15.51399,18.227383,17.549755,21.203466,23.246069,22.749563,22.684582,20.620626,21.71733,19.298334,22.676432,19.353924,24.167368,22.95972,27.413092,30.542189,29.560068,26.17385,28.724451,23.04075,22.86955,20.358294,19.70476
21,13.509967,10.738707,7.3407254,8.225379,4.584094,6.370653,7.8591743,10.732998,14.2216,16.448532,21.772156,22.74725,25.30929,25.952362,22.199234,18.873783,15.023367,12.652351,10.357137,5.286981,6.931959,0.0,4.3611484,6.676696,7.3131886,12.300752,11.909689,15.137218,13.381921,17.878405,17.095308,21.817019,25.980635,29.247154,30.843317,34.07421,36.6922,37.653458,33.69734,31.251335,26.424433,26.537226,21.67086,22.405361,17.981287,17.977245,16.697239,15.809558,18.752722,21.584393,20.393246,24.45379,23.083635,26.79448,29.322428,31.096304,34.51352,33.71461,30.94966,32.63908,33.74797,29.125635,26.402302,24.094423,21.854036,18.269848,19.822256,17.587538,15.6146145,14.314508,12.796126,9.96469,10.137147,10.139025,12.52563,14.542449,17.915577,19.963919,23.783255,26.62501,30.348293,31.793041,30.591122,33.7398,30.821833,27.976583,26.140293,21.354511,22.297413,16.195295,16.85914,12.878183,14.326909,12.952671,15.471738,17.58563,17.93158,18.813246,17.402056,19.301771,17.813158,21.767344,19.622307,24.58279,24.02854,28.975533,32.177933,31.438293,27.983574,30.457441,24.267988,24.619795,21.207901,21.372423
22,16.607344,13.998747,10.664406,12.150174,8.367523,10.323585,10.312678,13.222718,16.498861,18.082378,23.396183,23.769817,26.377863,26.529629,22.764116,19.709503,15.654729,13.4819,11.335111,6.3861775,9.383322,4.3611484,0.0,5.2533836,5.831979,10.566387,10.825568,13.912909,12.70126,17.635958,16.713701,22.077782,26.062681,29.958437,30.794851,34.669632,36.75881,37.31695,33.05517,30.205315,25.57543,24.81251,20.304781,20.163383,15.509133,15.047541,13.07073,11.9235325,14.581577,17.83574,16.888577,21.270615,20.50795,24.2477,27.612057,29.043482,32.912697,32.40505,29.93077,32.19377,33.460106,29.1281,26.095852,23.27591,20.588612,16.71943,17.744667,14.770244,12.819096,10.809453,9.813639,6.228089,8.152483,8.111512,11.3127365,13.977608,17.226639,19.892576,23.450077,26.790071,30.266016,32.091026,31.302526,34.766613,31.751015,29.496693,27.454334,22.640982,23.646233,17.166527,17.930319,14.184083,15.096303,14.93346,15.799082,18.579803,19.953524,21.286425,19.911646,21.6431,20.086893,23.821695,21.36362,26.291403,25.00282,29.957909,33.0051,31.76899,28.25801,29.877296,23.771202,23.561811,19.712315,19.61264
23,14.268444,11.603741,9.646397,11.321683,9.18553,12.655514,12.815293,17.0264,19.971622,22.338152,27.452713,28.375942,30.76678,30.81555,27.181479,23.730547,20.282797,17.334055,15.982147,10.373435,13.422351,6.676696,5.2533836,0.0,5.414021,6.448336,8.7522745,12.555163,12.888084,17.219305,18.036818,22.400824,27.814806,31.023834,32.592686,36.350163,38.65802,39.48246,35.540516,32.309223,27.878143,27.34237,22.602058,23.050245,18.134066,18.339153,15.7067795,15.246571,16.270765,20.060318,18.688715,23.311838,22.01442,25.34323,28.750618,29.355167,33.74952,32.459015,29.849077,31.898436,34.044388,29.661488,26.06842,24.257448,20.379662,17.353237,16.972183,14.722801,11.275681,10.648685,11.216953,9.189942,11.529367,12.965358,15.987738,17.740568,21.512756,23.658682,27.513063,30.604324,34.09291,35.71066,35.297493,38.509945,35.051697,32.65481,30.273684,25.729898,25.714996,19.494987,18.965096,14.627561,14.347025,12.984305,12.751608,15.11086,17.00887,19.074478,18.49622,20.882444,20.279774,24.26758,22.97481,27.73223,27.313246,32.395123,35.482067,34.68347,31.259808,33.18212,26.941252,27.318638,23.294924,23.808603
24,17.621729,14.005477,12.664131,11.879561,8.400103,11.9178505,9.79964,14.915632,16.8864,19.429363,24.034508,25.231197,27.216404,26.795835,23.406296,19.738684,17.178625,13.485424,13.6338415,8.033622,13.06619,7.3131886,5.831979,5.414021,0.0,6.784369,5.0627747,8.206626,7.61905,12.286761,12.647289,17.301786,22.468887,25.88742,27.213306,31.112646,33.28962,34.08776,30.19596,26.956612,22.528769,22.257694,17.34964,18.365286,13.534728,14.510903,12.628736,13.446375,14.532332,17.102892,15.182436,19.330011,17.354134,20.720287,23.615702,24.612875,28.64908,27.504023,24.867262,26.965803,28.797504,24.450808,21.002031,18.901997,15.438267,12.164576,12.699627,10.717222,8.505939,8.032726,7.0133467,6.6853433,7.270657,10.4059515,12.654911,13.247259,17.374323,19.056767,23.035187,25.973768,29.373447,30.925737,30.971516,34.108604,30.342045,28.260345,25.612833,21.251963,20.93448,14.686597,14.105156,10.156623,9.99877,10.744337,10.395629,13.662866,15.718908,17.289694,15.980612,17.603523,16.488943,20.112421,18.46097,23.118633,22.348694,27.412428,30.41668,29.573143,26.192339,28.113607,21.858938,22.606468,18.610641,19.760576
25,18.060322,14.9564495,14.862969,14.954077,13.310846,17.445713,16.066874,21.42044,23.41272,26.179628,30.713366,32.00509,33.92599,33.33913,30.055895,26.344755,23.944748,20.186062,20.322556,14.6233225,18.974714,12.300752,10.566387,6.448336,6.784369,0.0,5.560338,8.802379,11.321301,14.504135,16.998634,20.314281,26.749958,29.558338,31.264378,35.24781,37.326878,38.16995,34.551918,30.757246,26.869934,26.277605,21.684557,22.605322,17.759134,18.865824,15.913301,16.900185,15.9332905,19.3765,17.377821,21.791807,19.844038,22.466644,25.93634,25.506231,30.454777,28.514097,26.00701,28.139389,31.184622,27.13135,22.921114,21.94758,16.801348,14.910892,12.7246275,11.522375,7.0067434,8.585893,10.618811,11.1873865,13.338504,16.452965,19.023554,19.552444,23.674618,25.256159,29.177975,32.08163,35.301292,36.827274,37.319107,40.33909,36.2475,34.28665,31.358162,27.342592,26.180199,20.415667,18.669004,14.656412,12.783712,12.384575,9.049988,11.827407,15.298022,18.037176,17.93653,20.219706,20.31962,23.929197,23.51577,27.761883,27.62502,32.630074,35.521893,34.8988,31.672863,33.37869,27.278921,28.174057,23.969448,25.319853
26,19.688507,15.760757,15.910218,14.059101,11.641515,15.617754,12.729621,18.60557,19.677612,22.706148,26.659748,28.358784,29.867294,29.017519,26.019136,22.09986,20.648973,16.307224,17.722448,12.381896,17.677011,11.909689,10.825568,8.7522745,5.0627747,5.560338,0.0,3.950793,5.9014463,9.095527,11.604515,14.820032,21.261774,24.019733,25.816051,29.695587,31.8694,32.85684,29.404646,25.772976,21.794466,21.865284,16.948437,18.84406,14.264303,16.259787,14.404395,16.401443,16.028399,18.064157,15.513146,19.233704,16.3111,18.989265,21.485178,21.712458,26.05082,24.138166,21.402094,23.340784,25.986757,21.773972,17.767736,16.745817,12.095759,10.124293,9.242197,8.945069,6.2874,8.206529,8.128264,10.263592,10.348594,14.555667,16.213263,15.481253,19.844303,20.730865,24.795773,27.337202,30.531122,31.84284,32.617958,35.430573,31.108019,29.262274,26.16042,22.41144,20.851576,15.3414135,13.288673,9.642853,7.6271687,9.274758,6.3248854,10.147656,13.280135,15.277669,14.371293,15.91709,15.584094,18.878103,18.32302,22.417656,22.241013,27.201569,30.060598,29.59012,26.445526,28.475296,22.367952,23.842403,19.88661,21.905777
27,23.32648,19.238424,19.58721,17.10516,14.511269,18.145998,14.331067,20.184626,20.468374,23.4271,26.746021,28.56557,29.668259,28.343838,25.723902,21.842176,21.28207,16.733461,19.155445,14.481974,20.17441,15.137218,13.912909,12.555163,8.206626,8.802379,3.950793,0.0,4.4679937,6.112664,9.362036,11.971566,18.51979,21.276169,22.812107,26.911613,28.80864,29.728226,26.451582,22.591204,18.972805,19.16151,14.425846,16.867775,12.7994175,15.534869,14.232555,17.15574,16.245296,17.214699,14.265622,17.23498,13.594572,15.82471,17.884077,17.943838,22.250574,20.197905,17.492208,19.604137,22.392885,18.415901,14.199182,13.326343,8.209276,6.966947,5.819657,7.0658875,6.2718987,8.80121,8.262704,11.868446,11.102982,15.862251,16.846968,15.130045,19.384571,19.742926,23.651934,25.96239,28.87311,30.112133,31.497211,34.16461,29.538902,28.160608,24.785875,21.524866,19.402617,14.484238,11.991236,9.552057,6.9792724,10.803661,7.1176453,11.07598,14.412952,16.062374,14.886006,15.636243,15.204102,17.773941,17.307775,20.880377,20.481966,25.218258,27.855465,27.374798,24.418497,26.219313,20.385897,22.220272,18.404472,21.024734
28,23.068254,18.83913,18.68465,15.651148,12.358532,15.280838,10.751442,16.356867,16.235622,19.14272,22.293522,24.205229,25.239187,23.994587,21.369755,17.413904,17.14235,12.450426,15.419995,11.418756,17.210917,13.381921,12.70126,12.888084,7.61905,11.321301,5.9014463,4.4679937,0.0,5.0743375,5.712605,9.901483,15.480918,18.736479,20.1099,24.098381,26.190752,27.159903,23.68703,20.317093,16.125633,16.850443,11.627219,14.566223,10.665674,13.530199,13.28986,16.087818,16.511383,16.84229,14.029087,16.618113,12.902161,15.725942,17.053425,18.461689,21.81637,20.431887,17.607676,19.525707,21.185432,16.85966,13.448186,11.531677,8.559665,5.7572365,8.213991,8.498671,9.158789,10.077455,7.5105896,10.712785,8.245277,13.06872,13.372851,11.045688,15.413713,15.522715,19.60062,21.822992,24.925297,26.11647,27.211227,29.91502,25.432129,23.91082,20.659685,17.16131,15.47793,10.122663,8.314105,6.1767697,5.3036094,10.264119,9.294905,12.957494,15.040981,15.800856,13.762761,13.909039,12.443378,14.968654,13.48665,17.434725,16.586796,21.48329,24.272673,23.702734,20.589706,22.76212,16.67644,18.654531,15.068631,17.770407
29,25.955587,21.569382,22.359034,18.453615,16.001022,18.890759,14.173356,19.779467,18.700998,21.951773,24.123981,26.631721,27.041264,25.471495,23.466238,19.450336,20.487637,15.603169,19.447643,15.938004,21.507376,17.878405,17.635958,17.219305,12.286761,14.504135,9.095527,6.112664,5.0743375,0.0,5.788468,5.9035606,13.212119,15.251991,17.492542,21.09846,23.376247,24.756954,22.058622,18.63984,15.091455,16.91363,12.01813,16.286856,13.499093,17.01509,17.241392,20.571026,20.386974,19.992397,16.891779,18.452662,13.772137,15.508665,15.17659,16.304928,19.130602,16.840271,13.658173,14.907286,17.11654,12.730012,8.927996,8.924846,5.856269,6.208548,8.27929,10.885874,12.045291,13.967949,11.940582,15.663418,13.025592,17.823412,17.569897,14.197277,18.24734,17.20272,21.119677,22.515802,25.307016,26.004486,27.805712,29.93164,24.954155,23.664675,20.04741,17.61653,14.413779,11.002815,7.4496922,7.294184,5.0777216,10.962559,9.381947,12.371977,14.354623,14.717249,12.759337,12.058018,11.233659,12.70048,12.606151,15.397906,15.449402,19.923965,22.472944,22.559452,19.908901,22.520266,16.974525,19.979746,17.040733,20.520096
30,27.411007,23.123785,22.830626,19.172039,15.673217,17.414375,12.107703,16.510704,14.951738,17.437757,19.289639,21.410332,21.744282,19.936052,17.978968,14.203654,15.674225,11.136854,15.6209755,13.598883,19.041954,17.095308,16.713701,18.036818,12.647289,16.998634,11.604515,9.362036,5.712605,5.788468,0.0,6.545059,9.909277,13.94914,14.583803,18.754725,20.671415,21.607018,18.159622,15.166805,10.767697,12.635389,7.297586,11.844122,9.706968,13.18821,14.6830015,17.921585,18.85463,17.565125,14.80619,15.759877,11.475723,13.992829,13.506392,16.351284,18.231739,17.56484,14.8254595,16.594234,16.866488,12.597581,10.392595,7.143597,7.860508,5.3898115,10.484433,11.28865,13.796265,14.16914,10.720638,13.988485,10.1060915,14.389537,13.175789,9.023483,12.709425,11.486999,15.346422,16.978365,19.845493,20.836401,22.483713,24.980558,20.251942,19.296484,15.831795,12.9617,10.999879,6.726281,5.7727003,7.376133,8.086198,13.885464,13.974248,17.1597,18.459444,18.243065,15.533713,14.256531,11.798146,12.810193,10.184907,13.443562,11.501774,16.166618,18.787466,18.081688,15.0698595,17.412098,11.499621,14.3418455,11.587164,15.16908
31,29.878817,25.449244,26.339933,21.71124,19.365517,21.34213,16.273361,20.92552,18.577776,21.701157,22.462973,25.472187,25.094383,23.21509,22.037237,18.241947,20.896938,16.259172,21.069807,18.946795,24.057243,21.817019,22.077782,22.400824,17.301786,20.314281,14.820032,11.971566,9.901483,5.9035606,6.545059,0.0,8.327361,9.354177,12.3524275,15.333895,17.984077,19.856327,17.89936,15.233195,12.088449,15.680049,11.420991,16.871492,15.653009,19.386118,20.776052,24.256777,24.571774,23.136734,20.140882,20.439476,15.445328,16.552002,13.801474,16.15358,16.959736,14.849714,11.534749,11.599688,12.394261,7.547566,5.487964,6.547456,8.1079035,9.371207,12.818791,15.534873,17.62445,19.130072,16.430948,20.012728,16.414686,20.763714,19.49427,15.02154,18.282366,15.857971,19.356178,19.640615,22.09251,22.1723,24.503416,25.98804,20.70834,19.752697,15.943408,14.825833,10.472907,9.903659,6.361124,9.485064,8.958142,14.475648,14.425687,16.569069,17.363089,16.560827,14.066239,11.780426,10.329612,9.649791,9.67916,10.822266,11.141257,14.945848,17.25052,17.95725,15.821647,19.190481,14.445355,18.521183,16.81034,20.832163
32,35.748585,31.441519,31.455318,27.03087,23.964546,24.646269,19.399317,22.008263,18.649258,20.353699,19.304327,21.912481,20.596512,17.887436,17.970366,15.363388,19.675722,16.402725,21.724634,21.779322,26.25676,25.980635,26.062681,27.814806,22.468887,26.749958,21.261774,18.51979,15.480918,13.212119,9.909277,8.327361,0.0,6.310744,4.921517,9.100114,10.869043,12.34506,10.14026,9.009321,6.224788,11.671562,9.530183,14.898333,16.076576,19.39807,22.29033,25.703758,26.773277,23.919418,21.484793,20.1666,15.889617,16.672716,12.16751,16.696613,14.86399,15.193896,13.103102,13.4301605,10.274638,7.216121,9.56187,7.1477976,13.177107,13.284489,18.036469,19.704964,23.065376,23.478119,19.99406,23.168734,18.876364,22.12923,19.639585,14.581244,15.856535,12.198743,14.164832,13.264167,14.829454,14.609818,17.939335,19.161737,13.794762,14.470605,10.772143,11.392418,8.176499,10.575161,10.591207,14.991572,16.062511,21.522232,22.253275,24.643152,25.05615,23.755856,20.785343,17.913204,15.240264,13.15573,10.566573,9.843757,6.511619,8.459652,10.036327,9.923868,8.274658,11.593451,8.572686,13.368723,13.672287,17.832232
33,37.13776,32.814133,33.70276,28.576113,26.425714,27.258184,22.33241,25.272402,21.587076,24.01968,22.466043,25.907722,24.245754,22.020952,22.43359,19.633823,24.212173,20.625563,25.938255,25.591085,29.814373,29.247154,29.958437,31.023834,25.88742,29.558338,24.019733,21.276169,18.736479,15.251991,13.94914,9.354177,6.310744,0.0,6.852028,6.4731474,10.376017,13.517227,13.741721,13.525369,12.235089,17.66625,15.51011,21.050348,21.775385,25.271027,27.786612,31.216969,32.08586,29.611399,26.944082,25.86608,21.195812,21.49829,16.279867,19.859858,17.439632,16.319498,13.943791,12.041426,8.837364,5.9038625,9.844789,11.131313,16.055082,17.428476,21.381851,23.933914,26.676813,27.772915,24.59401,27.85881,23.6143,27.133331,24.851093,19.790035,21.446913,17.527386,19.60211,17.817797,19.207808,17.972624,21.156424,21.171576,15.771874,15.79841,12.306888,14.363912,9.487782,13.985955,12.471703,16.952473,17.573942,22.25395,23.340584,24.832664,24.547754,22.696995,20.002962,16.571121,14.772609,11.330962,11.307679,8.158048,8.780622,9.068338,10.124017,12.527608,12.187469,16.560291,14.531482,19.439875,19.897043,23.99719
34,40.62584,36.3106,36.372265,31.898787,28.873594,29.431652,24.227173,26.442987,22.85477,24.107792,22.210125,24.59684,22.727522,19.634157,20.590961,18.77755,23.530746,20.797224,26.079023,26.528978,30.881609,30.843317,30.794851,32.592686,27.213306,31.264378,25.816051,22.812107,20.1099,17.492542,14.583803,12.3524275,4.921517,6.852028,0.0,5.9899883,6.0994244,7.6438837,6.925301,7.304393,7.5203443,12.814111,12.66813,17.366957,19.562675,22.744423,25.893007,29.44411,30.268436,26.834276,24.560722,22.377884,18.380466,18.275023,12.564925,17.194967,13.57747,14.658661,13.453858,13.326185,8.360779,7.8813367,11.742637,10.123878,16.452917,17.201912,21.545673,23.424328,27.124886,27.570127,24.229918,27.548655,23.359402,26.425201,23.742706,18.77156,19.279167,15.476101,16.241076,14.502101,14.802978,14.081778,18.431961,18.945108,13.766963,15.761378,12.587738,14.678545,11.853658,15.307736,15.405931,19.856075,20.721567,26.189142,26.641373,28.91589,29.355879,27.950665,25.08644,21.98326,19.55687,16.846037,14.777354,12.755056,9.659949,8.830327,8.637191,8.575908,8.728592,10.885644,10.706628,15.121568,16.427502,20.452597
