,0,1,2,3,4,5,6,7,8,9,10,11,12,13,14,15,16,17,18,19,20,21,22,23,24,25,26,27,28,29,30,31,32,33,34,35,36,37,38,39,40,41,42,43,44,45,46,47,48,49,50,51,52,53,54,55,56,57,58,59,60,61,62,63,64,65,66,67,68,69,70,71,72,73,74,75,76,77,78,79,80,81,82,83,84,85,86,87,88,89,90,91,92,93,94,95,96,97,98,99,100,101,102,103,104,105,106,107,108,109,110,111,112,113
0,0.0,4.273495,6.5458875,9.845637,12.40571,16.168797,16.527086,21.941261,22.802675,26.84929,28.98189,32.611694,34.917355,37.84296,36.158173,32.149853,34.494007,30.006458,32.1851,29.991028,30.720907,29.851057,29.586819,30.722822,30.22605,31.346344,29.01822,29.36736,27.303778,25.628128,27.006552,23.415218,28.793589,24.60487,30.92002,29.594366,34.051807,37.53846,38.631893,37.508728,34.074444,38.486443,33.647217,38.382,35.824127,38.413147,38.824245,39.93045,42.13941,42.78995,40.458805,41.829704,37.401825,39.01771,37.14683,37.88766,39.144863,35.77544,32.274464,30.074575,32.286804,28.161762,27.48343,29.470522,30.50388,31.269394,33.841724,35.796135,35.58085,37.401623,36.331406,35.73676,33.47332,35.08857,34.926464,31.925879,35.42464,33.192917,37.11522,36.59415,39.818314,38.951332,38.06574,39.201855,35.778004,32.816063,28.789871,28.66752,23.534971,24.656742,21.054314,19.920267,19.323124,15.773379,20.114586,18.577034,15.965538,17.42597,18.965546,19.734007,22.54549,21.438547,24.191404,22.056555,21.250761,23.86348,24.600378,24.658709,24.724533,21.684246,23.695168,25.230806,25.563139,29.37633
1,4.273495,0.0,4.0769196,5.7257576,8.87856,12.616385,12.857919,18.407824,19.610056,23.37374,26.031162,29.403385,31.630362,34.401623,32.570942,28.513016,30.950901,26.280622,28.798721,26.34345,27.627062,26.484642,25.859716,27.192884,26.314074,27.761824,25.098915,25.266443,23.141714,21.37278,22.787981,19.201971,24.758564,21.026094,27.157513,26.328176,30.710386,34.08504,34.88269,33.522453,30.049067,34.361496,29.492039,34.26113,31.698515,34.393814,34.858685,36.170837,38.2469,38.743862,36.362816,37.64251,33.16735,34.746857,32.92519,33.655533,35.010197,31.69057,28.170612,26.168898,28.49828,24.229792,23.355574,25.230059,26.24625,27.03229,29.663485,31.657595,31.630688,33.493046,32.364388,32.006367,29.583693,31.437115,31.167671,27.977844,31.510622,29.257708,33.192226,32.780952,35.99466,35.26725,34.57748,35.95096,32.42067,29.280163,25.351974,24.900194,19.853485,20.677078,16.904331,15.920478,15.274987,12.293826,16.625513,15.070686,12.050079,13.6535635,14.833739,15.6977215,18.618828,17.639091,20.163904,18.261574,17.192162,20.141878,21.242033,21.11913,21.254414,18.701689,20.071686,22.087069,22.313648,26.366137
2,6.5458875,4.0769196,0.0,5.768061,6.199689,10.202207,11.98464,16.550314,18.336962,21.927925,24.95721,28.351095,30.14324,32.879623,30.821136,26.632626,28.470455,23.950665,25.859993,23.566364,24.215239,23.363579,23.230444,24.613674,24.216627,25.765785,23.608446,24.255135,21.764315,20.860987,21.6361,19.19942,24.680202,21.731459,27.489147,26.901,31.533445,34.64181,35.033424,33.49564,29.595098,33.54445,28.483,32.7688,29.984356,32.339745,32.60695,33.51375,35.884693,36.684433,34.471443,36.102997,31.913406,33.898006,32.631737,33.558197,35.256084,32.29223,28.745218,27.311531,29.545677,24.901524,23.83751,24.677973,25.771757,25.868176,28.715136,30.199057,30.019531,31.521822,30.262863,29.395485,27.187395,28.63003,28.61253,25.90797,29.564072,27.743938,31.864878,31.865536,35.29782,34.84472,33.708042,35.405067,32.287865,28.760494,24.981148,23.95381,19.402906,19.285913,15.919452,13.947596,13.5441265,9.618571,14.497177,14.015827,10.996256,14.345783,15.302752,16.774,19.826815,18.58223,20.562902,17.903461,16.11737,18.482103,19.08082,18.587673,18.336195,15.165659,17.335163,18.870445,19.591473,23.416721
3,9.845637,5.7257576,5.768061,0.0,5.0160685,7.7954855,7.4853325,13.115387,14.642412,18.023922,21.243292,24.29162,26.40007,29.013798,27.0844,23.028095,25.696161,20.925737,23.942741,21.447056,23.502716,22.466484,21.344572,23.421865,21.807053,24.28537,21.047523,20.847223,18.237364,16.413082,17.258217,13.878718,19.265167,16.154999,21.94725,21.6171,26.030695,29.170536,29.59203,28.075146,24.430882,28.676687,23.803677,28.60906,26.207226,28.978268,29.722208,31.25878,33.399433,33.50518,31.170149,32.19511,27.748175,29.405045,27.506428,28.607214,29.846394,26.920948,23.378,21.75226,23.79318,19.198715,18.370459,19.722525,21.230192,21.800222,24.933409,26.792646,27.345139,29.071627,27.593475,27.475225,24.620157,26.57392,25.983242,22.502588,25.92946,23.568974,27.488176,27.152624,30.395422,29.817858,29.19265,30.834867,27.32371,23.934683,20.151482,19.307213,14.434887,14.985024,11.218774,10.68471,10.652162,9.240117,13.676849,12.750776,8.770526,11.117429,10.774981,11.570615,14.839445,14.629167,16.32317,15.19011,13.048498,16.687437,18.381481,17.505001,17.370474,15.174565,15.197353,17.733002,17.494053,21.792448
4,12.40571,8.87856,6.199689,5.0160685,0.0,4.146926,7.320909,10.767883,13.402219,16.36543,20.219233,23.220701,24.645468,27.173151,24.882627,20.615105,22.38022,17.767836,19.946009,17.626879,18.898186,18.281443,17.802881,20.086308,19.08353,21.828129,19.29055,19.778307,16.611021,16.19932,15.975293,14.610315,19.677053,17.911161,22.91861,22.97678,27.615326,30.32052,30.147043,28.376455,24.158,27.798895,22.674591,26.720942,23.987808,26.261784,26.731325,27.710339,30.281578,30.7954,28.700003,30.225733,26.210766,28.452868,27.396908,28.75275,30.481672,28.095234,24.595612,23.820745,25.703917,20.73232,19.627039,19.356892,20.943483,20.446701,23.887491,24.977285,25.34321,26.538227,24.842283,24.006157,21.403353,22.778574,22.528622,19.739443,23.374775,21.68384,25.878054,26.180216,29.716476,29.557789,28.309433,30.428434,27.543968,23.628036,20.159153,18.39057,14.485424,13.352187,10.404077,8.005747,8.596184,6.0246716,11.267106,12.082556,8.315049,12.985848,12.43456,14.076074,17.250826,16.614933,17.486042,15.317618,12.117509,14.817982,15.837812,14.263677,13.453601,10.3163185,11.295527,13.2619915,13.765694,17.840605
5,16.168797,12.616385,10.202207,7.7954855,4.146926,0.0,5.276777,6.7262816,9.914696,12.424598,16.670755,19.449797,20.631647,23.097748,20.764385,16.49886,18.37812,13.860593,16.30925,14.407549,16.14849,16.29184,15.577204,18.879425,17.285572,21.212332,18.40155,18.625717,14.818033,14.774512,13.21899,12.881109,16.921541,15.885549,20.214441,20.449093,25.13846,27.513226,27.054659,25.344645,20.882729,24.38383,19.330873,23.190014,20.719578,22.858843,23.70316,24.687944,27.608267,27.721132,25.825846,27.104778,23.323883,25.79473,24.691282,26.642385,28.090471,26.349829,22.965086,22.608276,23.848381,18.74385,17.99696,16.743673,19.12319,18.066713,22.187492,22.869617,23.883476,24.717073,22.517973,21.661484,18.583237,19.646069,19.008894,16.113241,19.526724,17.814997,22.006159,22.401667,26.030142,25.999794,24.486637,26.803041,24.223997,20.094648,16.868713,14.703202,11.440228,9.737934,7.8201523,5.5316935,7.952183,7.6096845,12.054449,13.728994,9.960783,14.621812,12.883257,14.201249,17.324305,17.462969,17.470469,16.101713,11.9984255,14.855456,16.147987,13.632909,12.125744,8.759922,8.006534,10.039358,9.831163,14.087924
6,16.527086,12.857919,11.98464,7.4853325,7.320909,5.276777,0.0,6.348128,7.333088,10.614654,13.953864,16.834702,18.94174,21.604563,19.898842,16.055655,19.450035,15.07009,18.764847,17.208893,20.039444,20.314592,18.778187,22.464209,19.813667,24.240412,20.467539,19.677364,16.006462,14.411546,12.931632,10.568882,13.756997,11.081166,16.191427,15.713208,20.502796,23.220976,23.421322,22.28521,18.282913,22.688246,18.086678,22.882944,21.225647,23.862692,25.438002,27.073683,29.784193,29.020102,27.043541,27.402575,23.303816,25.22911,22.816978,25.186459,25.561699,23.852867,20.482065,19.388678,19.894674,14.963894,15.276875,15.2234535,18.513937,18.335272,22.73667,24.010937,25.80431,26.960516,24.615646,24.582962,20.87308,22.312185,20.902155,17.043892,19.787113,16.99135,20.724236,20.137695,23.499094,22.896729,21.83855,23.57613,20.417725,16.779938,13.06527,12.176858,7.465806,8.797859,6.6487813,7.8723845,10.37372,11.633855,15.582309,16.112965,11.949058,14.7016115,12.037454,11.952393,15.21907,16.732775,16.837599,17.27955,13.576718,17.597258,19.72528,17.430136,16.303879,13.783377,11.324725,13.743814,11.87842,16.208588
7,21.941261,18.407824,16.550314,13.115387,10.767883,6.7262816,6.348128,0.0,4.647482,5.743765,10.643855,12.91495,13.931984,16.40904,14.290794,10.227424,13.234738,9.295204,12.869853,12.346114,15.244675,16.822136,15.490666,20.236473,17.479069,23.059359,19.719448,19.164557,14.78085,14.764837,10.972261,11.93742,12.988797,12.948824,15.778804,16.01563,20.66017,22.445309,21.716553,20.446945,15.775271,19.291803,14.757828,18.494606,17.053362,19.031986,20.920513,22.131115,25.521471,24.534697,23.05186,23.434647,20.109802,22.704367,21.002613,24.167328,24.619726,24.11584,21.099426,21.189947,20.950548,16.008785,16.405167,13.854306,17.907211,16.272123,21.41376,21.593727,23.922497,24.251986,21.25458,20.72745,16.733282,17.234594,15.468194,12.051147,14.414768,12.129533,16.039312,16.170763,19.88468,19.867353,17.897943,20.37255,18.284094,13.944742,11.194661,8.652643,7.019563,5.4068985,7.0454097,7.491827,11.333582,13.440055,16.534628,18.52922,14.967747,18.650206,15.541967,15.87005,18.632664,20.178217,19.13498,19.456966,14.879741,17.962624,19.737534,16.406725,14.3206415,11.635479,7.526167,9.111616,6.0288196,10.239485
8,22.802675,19.610056,18.336962,14.642412,13.402219,9.914696,7.333088,4.647482,0.0,4.7094994,6.8384843,10.043142,12.130926,15.181137,14.141244,11.004777,15.163082,12.328816,15.957685,16.383505,19.10485,21.310877,19.946337,24.815168,21.795145,27.515043,23.868618,22.874792,18.630606,17.79167,14.053719,13.737891,13.1612425,11.333645,14.436121,13.057691,18.10639,20.048174,20.176489,19.97414,15.767104,20.00026,16.281267,20.357586,19.851395,21.842758,24.310019,25.641447,29.14729,27.560648,26.251291,25.92583,22.706486,24.956482,22.19022,25.948118,25.252148,25.117876,22.253674,21.736244,20.368431,15.848016,17.555254,15.823059,20.624216,19.478994,24.765688,25.163944,27.936087,28.313314,25.179283,24.88752,20.67268,20.927895,18.68611,15.114214,16.432533,13.369109,16.46232,15.43159,18.904179,18.169077,15.864594,17.48275,15.415562,11.677439,8.366293,8.088232,5.767643,8.241042,9.978024,11.700348,15.350072,17.260298,20.761303,22.25997,18.392,21.349163,18.022919,17.494291,20.303808,22.640285,21.824566,22.966452,18.67369,22.21873,24.193396,20.992235,18.965004,15.869876,12.112538,12.992092,9.130433,12.341806
9,26.84929,23.37374,21.927925,18.023922,16.36543,12.424598,10.614654,5.743765,4.7094994,0.0,6.199748,7.3245244,8.453493,11.02981,9.582743,6.4781,11.3081455,9.02921,13.248756,14.0536785,17.574123,19.900745,18.15904,23.453283,19.979837,26.307714,22.651035,21.45362,17.151884,16.865839,12.084958,13.492642,11.276218,12.019481,12.840712,12.868402,17.15524,18.252731,17.399342,16.87478,12.371139,15.940333,12.552425,16.066387,16.06634,17.837633,20.720858,22.200413,25.720833,23.640163,22.583755,21.898579,19.138702,21.533852,19.036678,23.25991,22.509447,23.195583,20.703506,21.025934,19.293215,15.022899,16.647882,13.52634,18.717533,16.987345,22.514174,22.42867,25.742975,25.767849,22.339582,22.281878,17.825636,17.920961,15.1795025,11.528284,12.078545,8.920055,11.865786,11.229816,14.897668,14.710077,12.2297535,14.74559,13.196282,8.793007,6.9476886,4.6035028,6.3066335,6.642052,10.297316,12.287549,16.014084,18.961378,21.463276,23.3583,19.937368,22.798769,19.074635,18.622715,20.922342,23.432646,21.844439,23.389072,18.920809,22.095821,24.164282,20.651592,18.52473,16.5126,11.535847,12.510846,8.253867,10.73485
10,28.98189,26.031162,24.95721,21.243292,20.219233,16.670755,13.953864,10.643855,6.8384843,6.199748,0.0,4.346838,7.3137116,10.735103,11.438907,10.484702,15.281411,14.573047,17.909657,19.76269,22.485752,25.65927,24.227392,29.566486,26.172968,32.49639,28.775818,27.40527,23.211325,22.399803,17.932045,18.18589,14.830833,13.472385,14.247499,11.779149,16.208036,17.218964,17.657372,18.829859,15.339931,19.252028,17.175707,20.47334,21.396393,22.872837,26.131666,27.419659,31.18369,28.681925,27.943764,26.684443,24.302017,26.360485,22.962626,27.687914,25.700401,26.866434,24.634937,24.295467,21.305431,17.86029,20.731728,18.576168,24.109241,22.776035,28.281013,28.292747,31.829868,31.803387,28.27905,28.154913,23.719553,23.293589,20.37307,17.18218,16.699026,13.426444,14.844823,12.750485,15.659633,14.416433,10.9339695,11.685437,11.052775,8.360011,6.6920342,8.592338,9.435325,12.58616,15.587573,17.848528,21.567734,23.931488,27.070257,28.69869,24.955276,27.492779,23.78404,22.725653,25.111822,28.150583,26.909485,28.863325,24.573559,28.029236,30.089804,26.622707,24.382273,21.492327,17.2523,17.347555,12.872055,14.186428
11,32.611694,29.403385,28.351095,24.29162,23.220701,19.449797,16.834702,12.91495,10.043142,7.3245244,4.346838,0.0,4.1001883,6.9935727,8.4946165,9.0268755,14.10795,14.247317,17.82756,19.835196,23.15934,26.198269,24.405243,29.882086,26.094759,32.720493,28.908392,27.251745,23.24363,22.566103,17.740036,18.737476,13.991762,14.323399,13.010719,11.610782,14.90462,14.944747,14.667427,16.042694,12.908375,16.198376,15.140201,17.851208,19.588366,20.879942,24.539082,26.062454,29.619781,26.52766,26.038025,24.18978,22.299295,24.177477,20.693937,25.822191,23.402498,25.381107,23.615784,23.800835,20.28351,17.441423,20.447355,17.69043,23.382828,21.902628,27.359667,27.136744,31.140728,30.927658,27.282614,27.54192,23.013119,22.59329,19.29799,16.160612,14.661852,11.341391,11.610353,9.110421,11.715676,10.621471,6.6390495,8.0069275,8.252519,5.611694,6.442333,7.8385158,10.927637,13.259238,16.916613,19.519606,23.140072,26.234812,28.693611,30.402744,26.943138,29.169823,25.169027,24.007545,25.94701,29.241707,27.497612,29.956724,25.713526,29.011572,31.2288,27.678688,25.522676,23.513426,18.580107,18.907852,14.46271,15.221611
12,34.917355,31.630362,30.14324,26.40007,24.645468,20.631647,18.94174,13.931984,12.130926,8.453493,7.3137116,4.1001883,0.0,3.5323238,5.212899,7.0783167,11.198851,12.69765,15.490852,18.225107,21.246105,24.759686,23.21478,28.811012,25.244215,32.028027,28.66641,27.287766,23.224112,23.382248,18.05387,20.41677,15.761699,17.523005,15.5592985,15.275027,18.074446,17.511019,16.22816,17.024408,13.634951,15.547662,14.769962,16.093246,18.016054,18.587893,22.296982,23.414003,27.259785,24.13337,24.072466,22.346273,21.219128,23.477976,20.911724,26.100992,24.169214,26.602636,25.021133,25.880087,22.669767,19.778854,22.19017,18.359959,23.80695,21.610102,27.052197,26.18227,30.223091,29.533182,25.707846,25.652761,21.316677,20.245005,16.880032,14.606755,12.3947735,10.083593,9.923123,8.678755,11.377953,11.355823,6.5700016,9.262838,10.915595,8.099965,9.825682,9.240227,13.485879,14.01305,18.248926,20.223997,23.879868,27.01975,29.077715,31.297625,28.139154,30.826208,26.876919,26.135077,27.965752,30.915728,28.832195,30.90442,26.46803,29.19346,31.12496,27.340256,24.949928,23.16787,18.21344,17.991983,13.785139,13.47048
13,37.84296,34.401623,32.879623,29.013798,27.173151,23.097748,21.604563,16.40904,15.181137,11.02981,10.735103,6.9935727,3.5323238,0.0,3.8624547,7.679226,10.937767,13.287007,15.881274,18.644772,21.947708,25.265429,23.541388,29.086435,25.372868,32.23278,28.97264,27.493095,23.676483,24.105034,18.679798,21.690998,16.530062,19.446255,16.375616,17.020475,18.950153,17.693998,15.610425,16.19337,13.219591,13.9052725,14.117296,14.338214,16.9275,17.09995,21.02793,22.221735,25.854368,22.298481,22.559362,20.430035,19.977625,22.13992,19.920061,25.227545,23.234318,26.27299,25.092552,26.448544,23.14638,20.702515,22.91342,18.598328,23.828812,21.427547,26.643017,25.460405,29.755388,28.834198,24.972368,25.155993,20.939407,19.795218,16.274113,14.422923,11.291879,9.627282,8.120091,7.443918,9.532686,10.300272,5.701626,9.233056,11.588654,9.225985,11.992307,10.789646,15.801074,15.576336,20.001799,21.992117,25.46214,28.98994,30.502607,32.816296,29.948416,32.47787,28.44052,27.744303,29.246914,32.210777,29.782465,32.04715,27.704529,30.152842,32.099174,28.307726,26.012201,24.932491,19.721254,19.62433,15.768013,15.046273
14,36.158173,32.570942,30.821136,27.0844,24.882627,20.764385,19.898842,14.290794,14.141244,9.582743,11.438907,8.4946165,5.212899,3.8624547,0.0,4.4117603,7.3857064,9.654123,12.390894,14.892138,18.478477,21.512367,19.751543,25.28361,21.65916,28.514336,25.460627,24.20768,20.341265,21.291359,15.694238,19.546011,15.152444,18.920061,16.183125,17.742268,19.989985,19.081427,16.465923,15.89495,12.123271,12.373547,11.601458,11.481152,13.492209,13.593032,17.391449,18.567232,22.277966,19.018362,19.164864,17.531591,16.97914,19.564571,18.160378,23.139177,22.077595,24.757473,23.387274,25.115505,22.611547,19.655607,21.114458,16.153555,21.05688,18.223648,23.452995,22.02884,26.161736,25.140667,21.248827,21.308935,17.100368,15.9858675,12.447971,10.6616955,7.606566,6.5122604,6.12488,7.337779,10.298553,11.778969,8.298829,12.371837,13.547856,10.0645685,12.216778,9.389509,14.657623,12.989818,17.561583,19.118334,22.469177,26.090763,27.242048,29.773977,27.158123,29.941229,26.031073,25.730387,27.206308,29.759792,27.192482,29.052818,24.647343,26.756058,28.572113,24.744804,22.453941,21.810873,16.481083,16.54484,13.057641,12.444047
15,32.149853,28.513016,26.632626,23.028095,20.615105,16.49886,16.055655,10.227424,11.004777,6.4781,10.484702,9.0268755,7.0783167,7.679226,4.4117603,0.0,5.7080874,5.7596946,9.55205,11.346957,15.245918,17.951109,16.18042,21.77018,18.259583,25.052542,21.974634,20.965961,16.805529,17.906649,12.255148,16.274916,13.197802,16.77338,15.291265,16.99649,20.024899,19.923027,17.566387,16.313683,11.715862,12.894233,10.2327,11.333632,11.887958,12.6104355,15.907055,17.130459,20.927896,18.422335,18.007023,17.21773,15.716096,18.632318,17.498232,21.970207,21.72674,23.476696,21.58416,23.161085,21.48839,17.753185,18.653078,13.644463,18.42003,15.489378,20.94026,19.737638,23.459562,22.689734,18.87389,18.701313,14.3119335,13.589587,10.274538,7.643313,6.4347987,4.8381977,7.443246,8.957489,12.620173,13.832513,11.026789,14.885888,14.758057,10.376266,11.088988,7.0838766,11.730777,9.010949,13.597808,14.7813,18.199621,21.687391,22.965015,25.558748,22.900797,25.995398,22.2556,22.271065,23.985462,26.167484,23.781738,25.157602,20.610388,22.745422,24.512941,20.67059,18.344032,17.579025,12.137265,12.546867,9.047565,9.430968
16,34.494007,30.950901,28.470455,25.696161,22.38022,18.37812,19.450035,13.234738,15.163082,11.3081455,15.281411,14.10795,11.198851,10.937767,7.3857064,5.7080874,0.0,5.282221,5.2561817,8.731543,11.406617,14.998806,14.137217,19.60055,17.06729,23.62267,21.711561,21.551355,17.526665,20.074701,14.520275,19.869686,17.901686,22.001373,20.622114,22.68117,25.609621,25.292814,22.456488,20.669003,16.171925,15.727965,13.136966,11.842579,11.486259,10.5110235,13.048778,12.952159,17.587112,15.863235,16.102633,16.444675,16.137573,19.69822,20.381073,24.246048,25.106916,26.896242,25.118784,27.280981,26.30346,22.488932,22.508282,16.783337,20.402842,16.502583,21.425983,19.155764,22.318596,20.71414,16.774693,15.48725,11.878875,9.4151325,6.4412723,7.1654863,6.0657787,8.260547,10.450315,13.445024,16.65955,18.534765,15.590594,19.601841,20.174406,15.971966,16.758923,12.525001,16.65713,12.43339,16.664906,16.359587,19.432964,22.397408,23.065508,26.434137,24.38504,28.220007,24.946945,25.678493,27.320078,28.691402,26.134449,26.455656,21.846828,22.775148,23.778141,19.721144,17.0239,16.581608,12.055247,11.199922,9.351633,7.686923
17,30.006458,26.280622,23.950665,20.925737,17.767836,13.860593,15.07009,9.295204,12.328816,9.02921,14.573047,14.247317,12.69765,13.287007,9.654123,5.7596946,5.282221,0.0,5.6025324,5.652191,10.276767,12.214852,10.566542,16.185177,13.181545,19.814798,17.338379,17.106455,12.802876,15.189091,9.782848,15.102339,14.47863,18.462122,18.033278,20.435135,23.698614,24.056921,21.468811,19.139565,14.254181,14.8945,10.7734375,11.481916,9.767485,10.443566,12.484236,13.356895,17.243105,16.02582,15.209964,15.962915,14.111233,17.611948,18.051638,21.370779,22.770466,23.59324,21.369778,23.301952,23.10672,18.805204,18.266401,12.817157,16.238703,12.587661,17.754482,16.182,19.088392,18.198673,14.492982,13.664118,9.430877,8.893131,6.3579416,4.0535774,6.326813,6.9870834,10.914413,13.494207,17.086071,18.623913,16.579329,20.480732,19.706793,15.060662,14.829512,10.012871,13.074758,7.761138,11.631875,11.193042,14.211817,17.52273,18.16248,21.296732,19.175196,22.940964,19.73108,20.64762,22.370058,23.52143,21.11338,21.303307,16.642653,17.925697,19.258497,15.283045,12.823632,12.849963,7.4097824,8.270012,6.5966067,7.737613
18,32.1851,28.798721,25.859993,23.942741,19.946009,16.30925,18.764847,12.869853,15.957685,13.248756,17.909657,17.82756,15.490852,15.881274,12.390894,9.55205,5.2561817,5.6025324,0.0,5.290838,6.1616225,10.541295,10.849619,16.028257,14.704668,20.62903,19.598839,20.340782,16.29587,19.642187,14.7055435,20.216434,20.080677,23.735289,23.52802,25.538538,28.969215,29.176844,26.530176,24.324278,19.554413,19.414707,15.814309,14.896614,12.914174,11.929463,12.863287,11.788324,16.728361,16.629688,16.556559,18.321463,17.633444,21.46412,22.948524,25.970665,27.841032,28.780497,26.632864,28.726719,28.704388,24.379566,23.627491,18.095293,20.756313,16.62882,21.114288,18.691637,20.74938,19.031422,15.397502,12.882309,10.093239,6.8635755,5.9086127,8.03961,9.495963,11.811637,14.942854,17.942377,21.357563,23.109524,20.340275,24.206081,24.271004,19.776424,19.652992,15.212284,18.020554,12.884707,16.20919,14.426792,17.136627,19.207329,19.755083,23.640299,21.94436,26.521002,23.880417,25.287926,27.12669,27.627571,25.35862,24.448162,19.815355,19.9454,20.246214,16.111654,13.051755,12.357518,9.152179,7.3157544,7.6640925,5.9344397
19,29.991028,26.34345,23.566364,21.447056,17.626879,14.407549,17.208893,12.346114,16.383505,14.0536785,19.76269,19.835196,18.225107,18.644772,14.892138,11.346957,8.731543,5.652191,5.290838,0.0,6.2343116,6.639041,5.7092466,11.169397,9.496322,15.494177,14.334914,15.317116,11.434009,15.335293,11.157113,17.009542,18.246761,22.37363,22.48495,25.287079,28.542475,29.066444,26.263552,23.30259,18.558569,18.490185,14.086579,13.872488,10.541818,10.567762,10.538332,10.4562235,14.291519,14.856699,13.879591,16.334654,14.730557,18.501062,20.549511,22.65681,25.451086,25.624376,23.33408,25.60333,26.57108,22.138033,20.452532,15.062145,16.621218,12.478661,16.535587,14.34244,15.919235,14.62655,11.272899,9.110317,5.98105,5.243771,5.4489527,6.2270665,9.768682,11.787467,15.541111,18.650345,22.043459,23.848917,22.121315,26.102076,25.18332,20.509493,19.989927,15.097925,17.169094,11.048145,13.375102,11.104346,13.0097475,15.655011,15.20158,19.046755,17.864895,22.241932,19.856796,21.675188,23.23829,23.21115,20.842098,19.568388,15.13063,14.856159,15.298614,11.229695,8.572936,10.16377,6.4117246,7.1666713,8.782923,9.619481
20,30.720907,27.627062,24.215239,23.502716,18.898186,16.14849,20.039444,15.244675,19.10485,17.574123,22.485752,23.15934,21.246105,21.947708,18.478477,15.245918,11.406617,10.276767,6.1616225,6.2343116,0.0,6.55258,9.221858,12.957783,13.733846,18.087738,18.461195,20.32793,16.723198,20.743486,17.004028,22.244827,23.875513,27.07849,27.860197,29.87438,33.613575,34.24602,31.729216,29.148172,24.312815,24.305605,20.128155,19.441664,16.362713,15.451387,14.715845,12.756323,17.246084,18.938238,18.574215,21.583725,20.657694,24.501265,26.76057,28.825455,31.669619,31.782734,29.373789,31.392214,32.354855,27.717548,26.179544,21.119816,22.542192,18.4899,22.035261,19.575329,20.103249,18.33721,15.512842,11.716927,10.8132305,7.842723,9.569445,12.090382,14.772402,17.064695,20.583736,23.6006,27.082304,28.778072,26.230106,29.997978,29.652248,25.019918,24.24346,19.818048,21.389723,15.874429,17.836079,14.5368805,16.310425,16.963324,17.108717,21.528028,20.521309,25.777344,24.070303,26.218914,28.137102,27.564444,25.69904,23.296036,18.988316,17.893505,17.076878,13.177103,9.907126,9.174841,9.170249,6.6469717,10.086675,9.165952
21,29.851057,26.484642,23.363579,22.466484,18.281443,16.29184,20.314592,16.822136,21.310877,19.900745,25.65927,26.198269,24.759686,25.265429,21.512367,17.951109,14.998806,12.214852,10.541295,6.639041,6.55258,0.0,4.303033,6.4312396,8.338128,11.600651,12.719811,15.2878895,12.591434,17.241684,14.978924,20.246843,23.191692,26.998564,27.837585,30.773285,34.113903,34.92884,32.141502,28.778488,24.209799,23.971382,19.419579,19.049822,14.959013,14.78517,12.810707,11.775639,14.470925,17.155611,15.965513,19.751911,18.22751,21.767546,24.86018,25.699633,29.630985,28.975723,26.59369,28.895681,30.976665,26.468824,23.87028,19.179472,18.950027,15.139735,17.417526,15.136532,14.478518,13.093754,11.192165,7.571543,7.987672,7.9739695,10.622829,12.249976,15.944146,18.126106,21.848127,25.043129,28.345015,30.191525,28.711658,32.65919,31.467167,26.76532,25.839428,21.05526,22.115906,15.9714775,16.71917,13.087967,13.330015,14.480843,12.679045,17.092112,17.197573,22.010326,20.845816,23.510849,24.911112,23.531122,21.548208,18.470377,14.834781,12.514234,11.351678,7.805221,5.53195,9.298007,9.366835,9.886642,13.501357,14.365531
22,29.586819,25.859716,23.230444,21.344572,17.802881,15.577204,18.778187,15.490666,19.946337,18.15904,24.227392,24.405243,23.21478,23.541388,19.751543,16.18042,14.137217,10.566542,10.849619,5.7092466,9.221858,4.303033,0.0,5.6216946,4.516311,9.801488,9.409099,11.395255,8.572846,13.406256,11.229478,16.823719,19.672396,24.075497,24.477903,27.951796,30.903421,31.655903,28.705503,25.066082,20.686224,20.389956,15.754806,15.778897,11.455129,12.096623,10.408259,10.900022,12.802183,14.708232,12.939637,16.406914,14.282394,17.68082,20.739367,21.41035,25.44766,24.732214,22.438248,24.949408,27.150763,22.841629,20.015078,15.217549,14.712994,10.853971,13.275505,11.2128105,11.250605,10.374207,8.112634,6.2045326,4.982851,7.4884543,9.214045,9.50132,13.51316,15.355282,19.054161,22.203161,25.343132,27.22617,26.364952,30.365059,28.78588,24.159365,23.392477,18.45741,19.701757,13.368006,14.064196,11.218412,11.302107,14.047932,11.714789,15.562258,15.592458,19.639664,17.997097,20.461252,21.535847,20.489847,18.079205,15.833001,12.142016,10.379179,10.4697075,6.861813,5.5993257,10.74002,8.536608,10.798334,13.328968,14.963079
23,30.722822,27.192884,24.613674,23.421865,20.086308,18.879425,22.464209,20.236473,24.815168,23.453283,29.566486,29.882086,28.811012,29.086435,25.28361,21.77018,19.60055,16.185177,16.028257,11.169397,12.957783,6.4312396,5.6216946,0.0,5.3360567,5.254737,7.957149,11.3922205,10.616405,15.4188795,15.142704,19.909882,23.793928,28.098177,28.787703,32.52712,35.306793,36.20082,33.194077,29.203045,25.176119,24.63589,20.159515,20.039907,15.511774,16.071594,13.25916,13.478256,13.668248,16.96743,15.007717,19.176937,17.191954,20.041136,23.902716,23.326227,28.28563,26.894154,24.716553,27.30727,30.43986,26.34082,22.786253,18.795221,16.637907,13.555597,13.759996,11.930907,9.450471,8.922663,8.965967,7.243652,9.076103,11.721911,14.192745,14.837974,18.701363,20.609917,24.137386,27.326952,30.277214,32.21923,31.73821,35.736275,33.89122,29.32987,28.411428,23.576159,24.272701,18.141628,17.80216,14.6046,13.216472,15.021847,11.03414,14.651532,16.174694,19.830452,19.286604,22.281515,22.924664,20.747911,18.610888,15.056614,12.809112,9.002777,7.661863,6.0767565,7.1109037,13.386153,13.118557,15.283831,18.428997,20.092382
24,30.22605,26.314074,24.216627,21.807053,19.08353,17.285572,19.813667,17.479069,21.795145,19.979837,26.172968,26.094759,25.244215,25.372868,21.65916,18.259583,17.06729,13.181545,14.704668,9.496322,13.733846,8.338128,4.516311,5.3360567,0.0,6.8628607,5.3133216,7.2966633,5.863779,10.907502,10.326251,15.522417,18.86216,23.7606,23.867193,28.010258,30.418268,31.185757,28.07021,23.96319,20.095446,19.601759,15.101346,15.519225,11.016392,12.54196,10.611158,12.445273,12.48289,14.215475,11.704001,15.087863,12.306291,15.087575,18.59315,18.23845,22.989449,21.769981,19.652433,22.459003,25.360891,21.450626,17.925491,13.621101,11.559854,8.223262,9.204721,7.6695027,7.189924,7.4767857,6.2959557,7.1003466,6.2762737,10.609524,11.820751,11.014311,14.883892,16.288221,19.696358,22.715136,25.501942,27.417002,27.423742,31.397709,29.297537,24.876968,24.190983,19.321009,20.362385,14.262282,14.188145,12.155511,11.175511,14.842323,11.31142,14.194843,14.931044,17.781775,16.24146,18.741392,19.156305,17.856966,15.079881,13.17983,10.38987,8.317766,9.324651,7.0868344,7.9463925,13.9942665,11.40516,14.653915,16.618637,18.78004
25,31.346344,27.761824,25.765785,24.28537,21.828129,21.212332,24.240412,23.059359,27.515043,26.307714,32.49639,32.720493,32.028027,32.23278,28.514336,25.052542,23.62267,19.814798,20.62903,15.494177,18.087738,11.600651,9.801488,5.254737,6.8628607,0.0,5.487297,9.231223,10.62794,14.650996,16.177673,19.95735,24.476395,28.866514,29.533602,33.72491,36.045937,37.057697,34.042973,29.715446,26.2422,25.706387,21.421589,21.795637,17.33266,18.57188,15.738495,16.935446,15.57457,18.667778,16.18941,20.07461,17.597095,19.569492,23.60665,21.833727,27.417988,25.307981,23.32216,25.958334,29.909975,26.258879,22.079893,19.081654,15.461889,13.582135,11.822621,11.13069,7.083912,8.390314,10.266234,10.734137,12.384473,16.072624,18.095613,17.86417,21.66357,23.10136,26.422874,29.379253,32.025272,33.90332,34.18061,38.085304,35.70675,31.361471,30.385931,25.735819,26.01711,20.28514,19.115696,16.550362,14.159363,16.353975,11.29744,13.4661045,16.018831,18.256716,18.280262,21.356007,21.31019,18.52619,16.405087,12.712114,12.162027,7.7934437,7.064378,8.077494,10.720042,17.202976,16.654606,19.621796,22.366844,24.570488
26,29.01822,25.098915,23.608446,21.047523,19.29055,18.40155,20.467539,19.719448,23.868618,22.651035,28.775818,28.908392,28.66641,28.97264,25.460627,21.974634,21.711561,17.338379,19.598839,14.334914,18.461195,12.719811,9.409099,7.957149,5.3133216,5.487297,0.0,3.9131737,5.790154,9.261166,11.52757,14.775454,19.395716,23.828426,24.423388,28.765402,30.879755,32.006496,29.169197,24.861496,21.557571,21.590117,17.154303,18.658226,14.464559,16.751953,15.006234,17.354969,16.316345,17.885468,14.949435,17.777134,14.197719,15.819811,18.91559,17.233889,22.521545,20.136242,17.952383,20.48742,24.468489,20.885452,16.615702,14.020772,10.202309,9.038149,7.7110076,8.570027,6.6311464,9.220369,9.923325,11.866058,11.395184,15.910017,16.856588,15.135127,18.953337,19.520027,22.835909,25.314869,27.868847,29.49726,30.213524,33.919,31.12837,26.963032,25.915573,21.500267,21.561596,16.245707,14.764685,13.217913,10.839045,14.569882,10.044851,11.337099,13.080436,14.48244,13.677087,16.422134,16.205204,14.046714,11.401954,9.086309,8.145423,5.662939,7.7845564,7.936741,10.4983015,16.602055,14.535569,18.41501,20.206808,23.046642
27,29.36736,25.266443,24.255135,20.847223,19.778307,18.625717,19.677364,19.164557,22.874792,21.45362,27.40527,27.251745,27.287766,27.493095,24.20768,20.965961,21.551355,17.106455,20.340782,15.317116,20.32793,15.2878895,11.395255,11.3922205,7.2966633,9.231223,3.9131737,0.0,4.5525103,6.442364,9.544926,12.22624,16.475998,21.270187,21.394226,26.092829,27.763027,28.831264,25.98194,21.574219,18.675186,18.874838,14.675374,16.870543,13.186593,16.161411,15.21828,18.350485,17.169422,17.601265,14.461982,16.26638,12.024695,13.00444,15.4756,13.5708475,18.78696,16.228258,14.099351,16.829659,20.874813,17.636316,13.201632,10.9939375,6.4650917,6.5201917,4.936933,7.528752,7.620496,10.588282,10.785899,13.767633,12.236212,17.046432,17.194319,14.529227,17.959785,17.903433,20.902,23.023655,25.301605,26.814909,28.077238,31.638378,28.557753,24.663519,23.779543,19.595568,19.742325,14.962916,13.477191,13.236487,11.227758,15.918101,12.153021,12.552899,13.571655,13.796699,12.155929,14.267563,13.580795,12.297185,8.954625,8.98828,8.177129,8.014678,11.067144,10.848166,12.947311,18.437122,15.268245,19.535387,20.487186,23.56636
28,27.303778,23.141714,21.764315,18.237364,16.611021,14.818033,16.006462,14.78085,18.630606,17.151884,23.211325,23.24363,23.224112,23.676483,20.341265,16.805529,17.526665,12.802876,16.29587,11.434009,16.723198,12.591434,8.572846,10.616405,5.863779,10.62794,5.790154,4.5525103,0.0,5.0774374,5.7405844,9.855528,13.86494,18.513243,18.925714,23.16112,25.435722,26.562008,23.870348,19.839327,16.158,16.900368,12.015755,14.62251,10.852853,13.8901415,13.596384,16.447021,16.627527,16.708313,13.851715,15.53605,11.219088,13.215298,14.879617,14.669403,18.82342,16.96384,14.403294,16.789526,19.87228,15.888469,12.181294,8.713303,6.7634854,4.921854,7.477243,8.5582,9.928116,11.661287,10.324664,12.353093,9.643325,14.050414,13.809538,10.693123,14.498956,14.255175,17.756924,19.866049,22.58731,24.006283,24.632061,28.230549,25.388384,21.195229,20.146513,15.738385,16.01245,10.701464,9.719172,9.293809,8.264719,13.408868,10.793036,12.229517,11.9952545,13.676577,11.2316065,13.251044,13.579678,13.102069,10.044328,10.002231,6.8410144,7.8491955,10.844229,9.038473,10.075022,14.806557,10.93063,15.276416,15.962104,19.131569
29,25.628128,21.37278,20.860987,16.413082,16.19932,14.774512,14.411546,14.764837,17.79167,16.865839,22.399803,22.566103,23.382248,24.105034,21.291359,17.906649,20.074701,15.189091,19.642187,15.335293,20.743486,17.241684,13.406256,15.4188795,10.907502,14.650996,9.261166,6.442364,5.0774374,0.0,5.7012687,5.8001757,10.962687,14.919643,15.798221,20.054258,22.049477,23.606585,21.481384,17.645735,14.552559,16.555098,11.929149,16.210732,13.494039,17.143589,17.684998,20.934261,21.0179,20.281034,17.361853,17.853306,12.893927,13.734912,13.335968,12.992785,16.303299,13.497023,10.427716,12.066803,15.656992,11.760121,7.605584,6.66561,4.9285936,6.712506,9.015925,11.798322,13.650869,15.999267,14.879466,17.339033,14.247647,18.452744,17.544003,13.410338,16.646992,15.056101,18.253939,19.313082,21.764534,22.60509,23.926355,27.005352,23.415789,19.680063,18.248589,14.739475,13.936537,10.40628,8.181447,9.820343,8.736141,14.170787,12.518672,12.260255,11.271239,11.022683,7.6644897,8.802591,8.763105,9.434758,6.1855054,8.958434,6.725521,10.137838,13.809793,12.728816,13.896428,17.467,13.359365,17.965736,17.720499,21.45337
30,27.006552,22.787981,21.6361,17.258217,15.975293,13.21899,12.931632,10.972261,14.053719,12.084958,17.932045,17.740036,18.05387,18.679798,15.694238,12.255148,14.520275,9.782848,14.7055435,11.157113,17.004028,14.978924,11.229478,15.142704,10.326251,16.177673,11.52757,9.544926,5.7405844,5.7012687,0.0,6.6519947,8.656131,13.696499,13.658036,17.74139,20.182892,21.25952,18.76966,15.224942,11.043606,12.928421,7.6629515,11.911885,9.472643,12.969737,14.397873,17.419392,18.65536,17.286776,14.871775,15.051647,10.567159,12.6127,12.094245,13.9072695,16.172165,15.2142935,12.484788,14.4527,15.998284,11.634327,9.311634,4.542491,7.1735263,5.575502,10.71628,11.626869,14.689464,15.7908325,13.338503,15.143175,11.028535,14.425351,12.78341,8.127616,11.246561,9.563253,13.17402,14.614168,17.527306,18.628618,19.15875,22.596378,19.685232,15.46957,14.485403,10.086599,10.893816,5.8820004,6.420667,8.326969,9.491267,14.865724,14.262401,15.554041,13.745349,15.340796,11.62983,12.299703,13.207273,14.6547575,11.785819,13.650445,9.830159,12.649346,15.626691,13.041994,12.7747135,15.372926,9.938054,14.141926,13.167481,16.519444
31,23.415218,19.201971,19.19942,13.878718,14.610315,12.881109,10.568882,11.93742,13.737891,13.492642,18.18589,18.737476,20.41677,21.690998,19.546011,16.274916,19.869686,15.102339,20.216434,17.009542,22.244827,20.246843,16.823719,19.909882,15.522417,19.95735,14.775454,12.22624,9.855528,5.8001757,6.6519947,0.0,7.0928636,9.205275,11.335906,14.714358,17.234097,19.364456,18.210117,15.381467,12.253494,16.0894,11.69844,17.271452,15.697263,19.390858,20.954859,24.058338,25.037035,23.564396,20.992807,20.590895,15.712201,16.448612,13.74032,15.043652,16.060001,13.59557,10.145008,9.989912,12.15528,7.373505,5.132612,6.4914994,8.886736,10.612036,14.200542,16.668133,19.185791,21.152514,19.364998,21.353016,17.519157,20.874857,19.211569,14.3770895,16.973282,14.039205,17.116201,16.91954,19.456665,19.487959,20.72295,23.156006,19.111425,15.671126,13.5444765,11.217081,9.025971,8.088688,5.455761,9.484906,9.97535,14.879639,15.306115,14.78482,12.189691,11.784867,7.410628,6.427449,7.722722,10.682814,8.873639,12.517598,9.865104,14.415884,17.91256,16.326221,16.64273,18.208723,13.686135,17.970121,16.483822,20.545784
32,28.793589,24.758564,24.680202,19.265167,19.677053,16.921541,13.756997,12.988797,13.1612425,11.276218,14.830833,13.991762,15.761699,16.530062,15.152444,13.197802,17.901686,14.47863,20.080677,18.246761,23.875513,23.191692,19.672396,23.793928,18.86216,24.476395,19.395716,16.475998,13.86494,10.962687,8.656131,7.0928636,0.0,7.3196063,5.0620794,9.990418,11.594927,12.890151,11.247098,8.830433,5.739241,10.780849,7.9379377,13.942842,14.331323,17.843351,20.649935,23.989868,25.282248,22.432346,20.42896,18.524115,14.3406,14.745965,10.099723,13.764323,12.276761,12.1841955,9.811755,10.221934,8.69803,4.650676,6.614141,5.865013,11.147116,12.089402,16.482569,18.177254,22.081495,23.365404,20.84888,23.106043,18.667446,21.320492,18.644766,13.566533,14.277514,10.336617,11.991648,10.668487,12.723297,12.506424,14.434747,16.760054,12.670056,9.637517,8.887454,7.159086,7.825695,8.714331,9.690008,14.090772,15.885163,20.792753,21.465408,21.62776,18.952322,18.835033,14.449601,12.752139,13.420833,17.267033,15.005765,19.238712,16.317434,20.309807,23.632782,21.333443,20.923029,21.991245,16.387747,19.863596,17.089933,20.300972
33,24.60487,21.026094,21.731459,16.154999,17.911161,15.885549,11.081166,12.948824,11.333645,12.019481,13.472385,14.323399,17.523005,19.446255,18.920061,16.77338,22.001373,18.462122,23.735289,22.37363,27.07849,26.998564,24.075497,28.098177,23.7606,28.866514,23.828426,21.270187,18.513243,14.919643,13.696499,9.205275,7.3196063,0.0,6.623827,6.2696724,9.928335,13.102364,14.224402,14.060928,12.0168915,17.594559,14.946641,20.817892,21.007278,24.327002,27.025515,29.912857,31.737936,29.286743,27.287224,25.723331,21.492558,21.948723,17.039598,20.150707,18.019806,16.953407,14.28936,12.194255,10.099221,6.455825,10.076592,12.33913,16.82487,18.247732,22.46642,24.544441,27.810284,29.344797,26.929335,28.574831,24.17595,26.393032,23.869764,18.907398,19.946476,15.740715,17.60749,15.1984415,17.227669,15.673626,16.80226,17.573874,12.872741,10.972626,7.911639,9.757292,6.1404653,11.349947,10.799717,15.321056,17.265245,20.883068,23.054115,22.540205,19.024532,18.57703,14.582791,11.967875,13.642181,17.868343,17.137302,21.07591,18.415245,23.12654,26.348253,24.295975,23.767561,23.226345,18.628628,21.678514,18.5311,22.180294
34,30.92002,27.157513,27.489147,21.94725,22.91861,20.214441,16.191427,15.778804,14.436121,12.840712,14.247499,13.010719,15.5592985,16.375616,16.183125,15.291265,20.622114,18.033278,23.52802,22.48495,27.860197,27.837585,24.477903,28.787703,23.867193,29.533602,24.423388,21.394226,18.925714,15.798221,13.658036,11.335906,5.0620794,6.623827,0.0,6.0743294,6.5552087,8.068375,7.7835946,7.631722,6.7799335,12.280786,11.396341,16.869549,18.289288,21.496586,24.746462,28.029495,29.482763,26.123968,24.423157,21.83646,18.185146,18.112244,12.376115,16.541348,13.040932,13.801874,12.208376,11.524288,7.275893,5.666145,9.991949,10.714082,15.730761,16.920616,21.094358,22.797703,26.921848,28.135592,25.518145,27.76534,23.227438,25.446556,22.44823,17.53868,17.320923,13.026164,13.387531,10.445671,11.498598,10.025843,12.714804,13.831498,9.025518,7.7855406,7.57215,8.789723,9.338819,12.620378,13.794665,18.34829,20.394114,24.929548,26.127758,26.05854,23.096214,22.585077,18.261147,15.878224,16.49242,20.91968,19.081942,23.726028,21.017897,25.221691,28.557203,26.235779,25.656883,26.05922,20.527985,23.51721,20.132164,23.01413
