,0,1,2,3,4,5,6,7,8,9,10,11,12,13,14,15,16,17,18,19,20,21,22,23,24,25,26,27,28,29,30,31,32,33,34,35,36,37,38,39,40,41,42,43,44,45,46,47,48,49,50,51,52,53,54,55,56,57,58,59,60,61,62,63,64,65,66,67,68,69,70,71,72,73,74,75,76,77,78,79,80,81,82,83,84,85,86,87,88,89,90,91,92,93,94,95,96,97,98,99,100,101,102,103,104,105,106,107,108,109,110,111,112,113,114,115,116,117,118,119,120,121,122,123,124,125,126,127,128,129,130,131,132,133,134,135,136,137,138,139,140,141,142,143,144,145,146,147,148,149,150,151,152,153,154,155,156,157,158,159,160,161,162,163,164,165,166,167,168,169,170,171,172,173,174,175,176,177,178,179,180,181,182,183,184,185,186,187,188,189,190,191,192,193,194,195,196,197,198,199,200,201,202,203,204,205,206,207,208,209,210,211,212,213
0,0.0,3.969819,7.9572663,8.826933,12.505012,15.998296,16.055565,21.948809,23.778543,27.503925,31.147526,34.261276,37.320087,40.52766,38.879185,34.63165,34.578133,30.038393,28.069387,26.726004,23.879608,22.532879,18.307556,18.998604,15.335822,18.539661,19.335043,19.655989,23.797945,21.797256,26.425531,25.620054,31.307327,32.379646,34.431763,37.99199,39.087566,41.493694,40.104397,36.07515,34.89001,34.714836,31.67508,34.416958,31.350212,34.09563,32.09544,35.29902,31.920237,32.449062,29.52227,30.908617,27.426157,25.605799,27.294798,21.830606,26.55063,23.077606,23.682177,25.500505,30.925825,29.456776,24.84063,26.985893,21.407167,24.365559,20.45131,25.01048,22.065882,25.592505,27.764305,31.286757,31.865814,36.327198,36.97656,34.55159,37.807034,37.17424,39.53528,41.041893,43.0708,44.127323,45.57858,47.93002,43.33735,40.655727,38.919567,37.069984,35.46278,32.687454,29.781803,29.414396,26.32497,28.480215,25.408981,23.643785,25.452955,29.289644,30.210148,31.41016,31.766819,36.80011,38.731228,42.15073,45.759796,46.52533,45.736767,42.80276,44.52603,39.463306,43.302532,40.842594,46.213882,45.179276,48.260525,50.799515,49.599964,47.489628,50.227978,45.066322,49.027004,44.51489,49.82781,46.261833,48.654076,48.212254,49.662117,47.31543,46.800266,46.655437,44.27642,44.642044,45.063313,45.01005,48.857674,46.230213,51.592533,48.199623,53.37332,55.199883,56.529858,56.389046,52.161907,55.01748,50.353306,52.934456,50.369804,51.07438,51.118256,50.29711,53.957603,56.15178,54.735134,57.727146,55.149628,58.51293,57.51311,59.830723,63.41067,60.60484,57.04999,56.359547,56.914608,52.04565,51.851147,51.165985,51.48112,49.20906,51.571625,49.25574,49.175766,49.75734,47.325108,45.524273,43.44026,43.775757,45.11389,44.695965,47.685215,46.902817,50.75619,50.18798,53.361355,52.186203,47.893585,47.405914,47.87339,45.890385,42.607548,42.251537,39.584137,40.11544,39.31061,37.927925,39.71356,35.137383,40.408413,40.472755,39.845016,35.84188,37.084488,35.812576,39.5102,34.231354,36.05414,33.84795,31.03949,34.433052,36.926098,37.724075,39.93244,43.332233,44.34769,48.310005
1,3.969819,0.0,4.013191,6.930271,9.567611,13.173604,14.394679,19.734695,22.169506,25.681707,29.810299,32.896606,35.696808,38.94074,37.10735,32.835262,32.231102,27.906313,25.379423,24.10966,20.832361,19.345825,15.172228,15.4931345,12.27159,15.681666,17.167013,17.692646,21.884775,19.905413,24.958471,24.074348,30.39088,31.18606,33.869194,36.980167,38.518726,41.18209,40.01613,36.11074,34.47207,34.675983,31.125546,34.174553,30.849382,33.65535,31.668007,34.712074,31.802038,32.64982,29.622038,31.365206,27.610868,26.300821,27.95388,22.8132,27.834007,23.978756,24.009214,25.620462,31.097246,29.010342,24.357548,26.628922,21.003088,23.689821,19.977005,23.968847,21.148354,24.905443,26.820833,30.068413,30.430187,34.988037,35.756634,33.30337,36.856773,36.166653,38.880245,40.35208,42.662434,43.598095,44.646084,46.915314,42.35509,39.50553,37.43669,35.589962,33.552937,30.834524,27.564203,27.040136,23.794638,25.437143,22.736605,20.55134,22.534794,26.214909,27.377821,28.84276,29.500893,34.434666,36.381218,39.84986,43.26601,44.1413,43.20698,40.38514,42.003326,37.1463,41.046803,38.776833,44.388424,43.49477,46.68955,49.181416,47.876015,45.494762,48.194916,42.88003,46.663246,42.0446,47.17449,43.394333,45.603794,45.063435,46.370647,43.864285,43.258198,43.217823,40.834145,41.450294,41.825478,42.190975,46.047913,43.868145,49.113888,46.01478,51.25061,53.060875,54.115097,53.719322,49.39305,51.99881,47.254684,49.69194,46.967537,47.598763,47.49203,46.60188,50.20203,52.529106,51.13838,54.258396,51.773552,55.1718,54.37533,56.65995,60.39956,57.697575,54.14987,53.70599,54.32118,49.44881,49.0524,48.16729,48.298145,45.86557,48.091686,45.656933,45.48788,46.01597,43.667645,41.765213,39.83642,40.149303,41.620693,41.35728,44.4444,43.85654,47.792053,47.47424,50.76228,49.773285,45.435257,45.251736,45.68369,43.405144,40.126743,39.418396,36.898468,36.975296,36.213436,34.56363,36.296307,31.587957,36.749104,36.906563,36.135063,32.121468,33.25522,32.062542,35.76854,30.491188,32.539253,30.233566,27.481981,31.034649,33.515575,34.67199,36.80636,40.287506,41.50274,45.400852
2,7.9572663,4.013191,0.0,6.4556003,7.0219126,10.506954,13.080235,17.529343,20.573746,23.761362,28.340778,31.342745,33.84104,37.089916,35.085464,30.83241,29.661575,25.625221,22.525831,21.385218,17.653215,16.10223,12.0687065,12.054999,9.5826645,13.3539715,15.509731,16.131235,20.190432,18.186865,23.588799,22.533564,29.39625,29.849325,33.15971,35.76036,37.726086,40.63177,39.723114,36.003334,33.94338,34.57623,30.570948,33.941383,30.448254,33.316586,31.43696,34.32518,31.971058,33.038727,29.940672,31.938646,27.937521,27.136034,28.629871,23.928154,29.087877,24.918352,24.38942,25.727383,31.15529,28.482975,23.905901,26.30285,20.818037,23.21297,19.915438,23.236553,20.728624,24.621614,26.15045,29.10252,29.13879,33.76317,34.5946,32.07343,35.880333,35.08462,38.12529,39.50567,42.07161,42.854862,43.50145,45.646687,41.13704,38.163517,35.762077,33.97889,31.48708,28.928888,25.297192,24.68753,21.34818,22.469881,20.32777,17.706125,19.962448,23.381943,24.876657,26.541668,27.460314,32.28163,34.14918,37.6711,40.871994,41.783855,40.65003,37.93579,39.376194,34.729225,38.63775,36.54586,42.36374,41.58583,44.87506,47.290535,45.904816,43.26819,45.95357,40.51152,44.129364,39.441666,44.37363,40.430004,42.423607,41.845863,42.965534,40.359924,39.596973,39.622734,37.20056,38.06456,38.348827,39.13819,42.959034,41.235023,46.327618,43.52714,48.80395,50.58124,51.35912,50.721767,46.31109,48.672012,43.868504,46.163727,43.304768,43.871162,43.643436,42.70771,46.26081,48.6799,47.312664,50.531467,48.135624,51.566216,50.947006,53.22699,57.09298,54.512913,50.976173,50.779675,51.419556,46.568996,45.99653,44.895172,44.880856,42.28508,44.412086,41.856354,41.644356,42.105377,39.80835,37.82574,36.013443,36.312775,37.890606,37.758488,40.92894,40.521637,44.52412,44.445908,47.83417,47.029427,42.665916,42.78558,43.178917,40.61792,37.365322,36.30773,33.963497,33.58827,32.90148,31.005615,32.71692,27.93594,32.991306,33.298134,32.395317,28.366434,29.365658,28.184574,31.86533,26.575037,28.803621,26.42349,23.744604,27.441092,29.884403,31.401653,33.42308,36.981407,38.37542,42.202534
3,8.826933,6.930271,6.4556003,0.0,4.8788657,7.465559,7.5625815,13.1795,15.271712,18.9227,22.884432,26.040834,28.920643,32.250496,30.656992,26.413658,26.121906,21.975527,19.651737,19.04909,15.746754,15.862409,11.618414,14.207356,11.301105,16.593946,16.956995,16.153944,19.554638,16.200294,21.416182,18.818596,25.280663,25.176872,28.328413,31.034533,32.47057,35.399376,34.76372,31.29384,29.739544,30.888058,27.329292,31.228165,28.456335,31.771646,30.62712,34.10366,31.930828,31.950521,28.727547,29.76814,25.365128,24.16249,24.352585,19.810577,24.254837,19.556515,19.149925,19.86666,25.557281,23.252821,18.876093,22.166225,17.231739,20.783566,18.500635,22.647451,21.111101,24.861042,25.740524,29.391613,28.640314,33.435402,33.602154,30.324392,33.742386,32.299736,35.02248,35.848557,38.098,38.62195,39.802074,41.64314,36.82982,34.36387,32.10925,30.956146,28.505554,26.845901,23.449484,24.026083,21.2476,23.926468,22.232677,20.35881,23.161959,26.452724,28.22959,28.95882,29.009146,34.33008,35.433857,39.142124,42.580837,42.67019,41.15774,38.071896,38.974743,33.692276,37.158016,34.398163,39.90487,38.493435,41.653515,43.902184,42.924232,40.690132,43.93397,38.690308,42.96365,38.63046,43.92501,40.737576,42.731033,42.946697,43.839138,42.065575,40.75382,40.18768,37.322662,37.734383,37.49149,37.641132,40.959194,38.4934,43.523228,40.11296,45.363255,46.94778,48.10511,48.03411,43.78164,46.63433,42.158966,44.647873,42.37889,43.06008,43.4729,42.7738,46.701397,48.46981,47.120487,49.81681,47.31603,50.74622,49.492966,52.316845,55.60102,53.1154,49.524277,49.0068,49.056698,44.3753,44.46155,43.368237,44.195038,41.724804,44.57812,42.098934,42.582226,42.899582,40.06748,38.392155,35.857033,36.088524,37.10206,36.54496,39.301586,38.427727,42.16378,41.534393,44.6683,43.53473,39.144905,38.71499,39.370125,37.34388,34.228653,33.82519,31.53367,32.17881,31.881763,30.79065,33.068962,29.16672,34.524517,35.237076,34.69979,30.650578,31.579405,29.553267,32.78104,27.238243,28.322062,26.233461,23.344675,26.37128,28.804861,29.195799,31.424368,34.716125,35.617798,39.592197
4,12.505012,9.567611,7.0219126,4.8788657,0.0,4.258311,6.876788,10.710226,14.056119,16.88868,21.777422,24.52702,26.90396,30.097301,28.066362,23.815811,22.764791,18.718706,15.820083,14.946686,11.391625,11.0794735,6.8654704,9.788001,7.690133,13.413504,14.029584,13.197277,16.312132,13.034551,18.630379,16.20309,23.359772,23.163164,26.994896,29.129839,31.261784,34.392902,33.892303,30.558039,28.335032,29.816343,25.639063,29.762411,26.7034,29.994953,28.922781,32.14178,30.636377,30.99205,27.746567,29.213127,24.65448,24.216633,24.565447,20.715149,25.482452,20.781273,19.542192,20.270401,25.565681,22.393324,18.085917,21.088833,16.316963,19.141745,17.338528,20.480452,19.3551,23.157953,23.576881,26.821352,25.728369,30.546059,30.818989,27.565624,31.29709,29.864586,33.003906,33.87193,36.486393,36.93409,37.51488,39.339108,34.705444,31.929373,29.316938,28.028643,25.146963,23.430836,19.6413,20.028122,17.166239,19.474379,18.387304,16.321108,19.423286,22.380264,24.467625,25.174534,25.363281,30.568579,31.523169,35.269917,38.513367,38.59747,36.915165,33.932213,34.71251,29.659054,33.19363,30.699572,36.456524,35.313362,38.594383,40.838413,39.66225,37.10967,40.211697,34.820377,38.86014,34.424446,39.53961,36.18778,38.04838,38.231556,39.030075,37.2452,35.876102,35.334885,32.5131,33.015484,32.880955,33.27039,36.755035,34.70867,39.73302,36.70926,41.99607,43.696102,44.60144,44.19548,39.86437,42.547188,37.8942,40.437996,37.958637,38.74608,39.01575,38.464878,42.20312,44.026146,42.57294,45.368847,42.79023,46.19462,45.12106,47.745583,51.22213,48.7143,45.1351,44.792435,45.052586,40.3023,40.119694,38.979164,39.552246,37.060123,39.779217,37.346836,37.75364,38.162773,35.39099,33.83563,31.32224,31.82642,32.910706,32.244293,35.240967,34.421196,38.329247,37.923122,41.219055,40.25449,35.96014,35.919098,36.258972,33.860924,30.616238,29.880163,27.500952,27.736187,27.29566,26.015455,28.224398,24.29556,29.663536,30.421835,29.92834,25.892141,26.860115,24.745583,28.026125,22.61574,23.812536,21.989916,19.34899,22.613619,24.810514,25.87712,27.539646,31.157377,32.115356,36.112705
5,15.998296,13.173604,10.506954,7.465559,4.258311,0.0,5.463229,7.2462926,10.823133,13.617628,18.483774,21.437868,23.68984,27.069248,25.281557,21.119223,19.810654,16.465147,12.922783,13.317619,8.7985935,10.753912,7.426855,11.3182745,10.659797,16.353004,16.904768,15.630878,17.919523,14.00817,19.469437,15.621162,22.912401,21.599201,26.147861,27.570929,29.74089,33.183483,33.281292,30.4542,28.243418,30.526081,26.339228,30.986916,28.299517,31.782616,31.190804,34.468422,33.464054,33.51469,30.255646,31.388151,26.59916,26.3064,25.722582,22.468132,26.600613,21.485336,19.950144,19.680094,24.961586,21.552887,17.8049,21.57946,17.701925,20.777626,19.980513,22.793837,22.371874,26.031845,25.872637,29.05479,27.320316,32.133865,32.112938,28.44209,32.099964,30.156096,33.36681,33.70485,36.31854,36.370865,36.881866,38.25962,33.482452,31.037405,28.10021,27.492104,23.982458,23.346779,19.317947,20.461424,18.018255,20.327042,20.30012,18.177982,21.570658,23.99152,26.465103,27.045837,27.161386,32.271854,32.78463,36.585167,39.616722,39.363083,37.25735,34.269775,34.455395,29.392418,32.55229,29.868809,35.60853,34.137012,37.413353,39.373634,38.43578,35.844322,39.331615,33.961475,38.17106,33.936947,38.915134,35.831253,37.30682,37.895348,38.223354,36.74453,34.763836,33.986427,30.765697,31.483488,30.665634,31.458326,34.3617,32.573074,37.18296,34.144802,39.4793,40.87544,41.584557,41.25876,36.879482,39.44432,35.008205,37.28059,35.04889,35.64888,36.181404,35.529507,39.572636,41.152615,39.868053,42.48022,40.121906,43.631054,42.41797,45.549816,48.795097,46.643227,43.050285,42.92779,42.699898,38.170963,38.225986,36.616425,37.610874,34.831215,37.895958,35.18909,36.01145,36.07878,33.035286,31.381304,28.640524,28.79367,29.681953,29.15943,31.865591,31.134829,34.895435,34.517883,37.765858,36.886703,32.3916,32.399574,33.117477,30.689068,27.715858,26.820852,25.033249,25.192915,25.38352,24.241957,26.849993,23.484539,28.659433,29.971321,29.386215,25.422884,25.952606,23.395205,26.157213,20.468817,21.08946,19.04346,16.188576,19.053045,21.383926,21.915575,24.00187,27.35354,28.397093,32.32433
6,16.055565,14.394679,13.080235,7.5625815,6.876788,5.463229,0.0,6.322312,7.9454527,11.450157,15.534999,18.507322,21.37046,24.705055,23.260643,19.062801,19.21051,15.268299,13.583955,13.825855,11.261407,13.561989,10.382777,15.096786,13.210725,19.03689,18.159407,16.050106,17.919088,13.2903185,18.047028,13.27225,19.694607,18.378595,22.240557,24.25468,25.748339,29.01347,29.039207,26.207998,24.60453,26.95122,23.391867,28.167873,26.122631,29.832392,29.690681,33.41654,32.235867,31.459747,28.20337,28.527866,23.647749,22.875298,21.39678,18.242311,21.733046,16.39856,15.065865,14.483571,20.033297,17.174065,13.437356,17.85081,14.441504,18.486355,18.280296,21.927967,21.986094,25.374344,25.011066,28.79941,26.817469,31.622831,31.112139,27.031158,30.185322,27.905733,30.6285,30.680424,32.896496,32.91764,34.097336,35.426964,30.419697,28.37923,25.892887,25.59915,22.680574,22.430939,19.085094,21.042007,19.137749,22.87596,22.42035,21.186348,24.516304,27.156612,29.413221,29.255167,28.606085,34.0711,34.185745,38.013947,41.383728,40.581165,38.475174,35.17524,35.240467,29.618292,32.461094,29.199102,34.46342,32.50493,35.590794,37.54836,36.922382,34.87206,38.665314,33.6062,38.353718,34.457993,39.83517,37.43558,39.184242,40.2715,40.73608,39.902767,37.90815,36.716187,33.42829,33.445133,32.5904,32.28705,34.98932,32.125217,36.92516,33.183887,38.405487,39.803177,41.12241,41.410355,37.308353,40.523098,36.36819,39.050606,37.344814,38.216305,39.24416,38.947895,43.062447,44.103893,42.726376,44.86189,42.24511,45.612953,43.80999,47.105625,49.843925,47.53531,43.93677,43.271004,42.749718,38.29833,38.936512,37.739647,39.345737,37.00034,40.52558,38.186325,39.399185,39.58637,36.26591,35.070305,31.807508,32.159466,32.53342,31.408365,33.78994,32.435253,35.927208,34.85733,37.800243,36.455162,32.134552,31.410557,32.1364,30.429773,27.454084,27.545004,25.397974,26.896898,27.05497,26.802105,29.615559,26.90982,32.304596,33.528603,33.39211,29.51631,30.299307,27.387522,29.950104,24.511383,24.250021,22.847689,20.13433,22.30062,24.375036,23.92316,25.822353,28.968073,29.290388,33.39356
7,21.948809,19.734695,17.529343,13.1795,10.710226,7.2462926,6.322312,0.0,4.614007,6.3833933,11.629136,14.272874,16.446318,19.86869,18.327549,14.245005,13.5174,10.686631,8.052813,10.125677,7.3178163,12.064986,10.750034,15.746193,15.552691,21.014479,20.222557,17.875599,18.530735,13.783759,18.031391,11.997827,18.575071,15.718437,20.981163,21.493784,23.631374,27.370619,28.217896,26.193403,24.102997,27.540583,23.648703,28.958664,27.182573,30.926527,31.331633,34.822422,34.622395,33.819546,30.644083,30.954573,25.960829,25.938532,23.7998,21.96425,24.888767,19.609612,17.437172,15.823957,20.445457,16.68588,14.158699,18.755537,16.830881,20.151152,21.247526,23.6551,24.62851,27.762877,26.556067,29.855625,27.041193,31.678879,30.923273,26.527594,29.70166,26.908693,29.942142,29.405096,31.856922,31.355255,31.945633,32.710228,27.756737,25.917345,22.798529,23.29361,19.346169,20.520979,16.848074,19.58793,18.340597,21.774317,22.780127,21.57497,25.147923,26.955427,29.66466,29.281752,28.597033,33.736416,33.23903,37.057266,40.03177,38.81567,36.163124,32.967262,32.24539,26.850868,29.186079,25.905842,31.201632,29.051928,32.176544,33.77164,33.295685,31.01153,35.13452,30.09025,34.846245,31.21741,36.26235,34.189056,35.417572,37.00488,36.897587,36.543148,33.874893,32.359722,28.699999,28.859203,27.29207,27.417456,29.494213,27.122114,31.431646,27.907349,33.19983,34.34898,35.312996,35.500484,31.325266,34.400085,30.407688,32.935127,31.473152,32.311558,33.64084,33.49203,37.729187,38.392498,37.087036,38.967358,36.468513,39.87704,37.946926,41.65753,44.19448,42.240307,38.650646,38.29171,37.342377,33.116604,33.90665,32.213543,34.21528,31.651808,35.531197,33.057186,34.753815,34.679802,31.083603,30.061659,26.446867,26.732021,26.75473,25.482725,27.636314,26.242779,29.65432,28.650095,31.635105,30.445938,26.00326,25.56784,26.430796,24.463814,21.691437,21.518393,19.964165,21.364674,22.177376,22.213812,25.417593,23.642405,28.683516,30.483093,30.406702,26.792547,27.187096,23.732908,25.585905,20.289534,19.069756,18.044657,15.598027,17.027575,18.790539,17.99588,19.66024,22.74568,22.968174,27.082966
8,23.778543,22.169506,20.573746,15.271712,14.056119,10.823133,7.9454527,4.614007,0.0,4.5214934,7.7719026,11.132736,14.044575,17.698593,17.028008,13.230672,13.98973,11.753986,10.810216,13.350745,11.666235,16.482811,15.101612,20.200792,19.544611,25.126719,23.892754,21.246756,21.66325,16.671167,20.1476,13.289449,18.446188,14.694114,19.613493,20.05907,21.346579,25.120705,26.424269,24.86102,23.508953,27.358711,24.194431,29.644993,28.568895,32.442364,33.269936,37.02903,36.760468,35.335415,32.217796,31.819397,26.842161,26.42336,23.22341,21.768694,23.598742,18.172468,16.27984,13.475114,18.085585,15.02259,13.383641,18.750465,17.795422,21.72974,23.316778,26.191042,27.440104,30.371782,29.027882,32.64298,29.624,34.158325,33.00481,28.291328,30.953094,27.73516,30.284584,29.188969,31.188509,30.388157,31.581514,31.946562,26.745794,25.650404,22.833086,24.098017,20.452711,22.512758,19.456518,22.805307,21.97708,25.945692,26.834494,25.920622,29.458637,31.334682,33.973713,33.318,32.289852,37.534447,36.764477,40.562523,43.635418,42.035606,39.281384,35.95388,34.936058,29.315096,31.167843,27.448092,32.18054,29.442236,32.31122,33.651566,33.649746,31.860565,36.389282,31.724771,36.856525,33.65239,38.78151,37.297874,38.486324,40.49651,40.25639,40.350933,37.453697,35.65321,31.834408,31.724705,29.741163,29.408175,30.817583,27.854946,31.834879,27.740288,32.859707,33.677414,34.986275,35.79099,31.886063,35.281406,31.811634,34.28669,33.441124,34.228954,36.027737,35.934677,40.384117,40.57847,39.407135,40.825077,38.420242,41.760086,39.35946,43.52447,45.493664,43.73539,40.19373,39.604393,38.057327,34.16582,35.564144,33.854317,36.532246,34.100266,38.381824,35.970886,38.078415,37.834953,34.017593,33.13424,29.250307,29.279642,28.867767,27.463686,29.012102,27.325758,30.248835,28.727095,31.312878,29.816906,25.365032,24.232286,25.616571,24.392344,22.043667,22.594343,21.41648,23.685968,24.898338,25.532063,28.919207,27.722765,32.63172,34.573093,34.61327,31.111656,31.4091,27.78234,29.24544,24.079853,22.21844,21.300291,18.864233,19.471653,21.173946,19.062191,21.145044,23.531992,23.291523,27.307243
9,27.503925,25.681707,23.761362,18.9227,16.88868,13.617628,11.450157,6.3833933,4.5214934,0.0,6.04659,7.9466577,10.13397,13.657844,12.672285,8.9055605,9.666408,8.261021,8.330642,11.456611,11.255451,16.357773,16.137684,21.174002,21.098215,26.243805,24.676256,21.813833,21.33244,16.550352,19.16782,11.977532,16.487965,11.823041,17.537617,16.89001,18.767908,22.763376,24.493309,23.474771,21.73395,26.195068,22.920855,28.553211,27.75634,31.563665,32.81529,36.396282,36.79951,35.274166,32.28657,31.830467,26.913334,27.053,23.594433,23.146917,24.710222,19.696949,17.212898,14.301305,17.659113,13.933459,13.333554,18.23288,18.383085,21.634558,24.101788,26.143766,28.063427,30.669855,28.746868,32.04204,28.50268,32.779846,31.387732,26.530804,29.033861,25.51822,28.161993,26.69401,28.82504,27.721018,28.48499,28.524572,23.447023,22.475237,19.355415,21.166977,17.108236,20.178627,17.349358,21.233166,21.063581,25.105179,26.67713,26.141876,29.666721,31.05413,33.80753,32.744873,31.464956,36.472576,35.19666,38.910717,41.792923,39.779774,36.747276,33.45497,31.946163,26.444536,27.82658,24.033068,28.562225,25.674852,28.505753,29.644512,29.74509,27.936466,32.648582,28.149622,33.338383,30.460693,35.425217,34.40224,35.39252,37.83797,37.37151,38.01985,34.86734,32.744305,28.849041,28.432194,26.205502,25.544548,26.601444,23.53085,27.362478,23.239534,28.363438,29.183193,30.508034,31.364622,27.547043,31.170263,27.825588,30.553328,29.989967,31.037144,33.123997,33.451073,37.742214,37.50655,36.224743,37.310257,34.735588,37.947292,35.28573,39.527817,41.25359,39.530582,36.019333,35.37373,33.631073,29.851854,31.47199,29.77635,32.798737,30.571087,35.119396,32.96522,35.406597,35.210136,31.243248,30.842216,26.607866,26.981733,26.151548,24.180725,25.58659,23.484362,26.316603,24.53407,27.085796,25.486471,21.206684,20.070034,21.164333,19.972544,17.607965,18.502466,17.34363,20.186415,21.584778,22.811575,26.325928,25.99918,30.66792,32.763767,33.099663,29.897495,30.186903,26.246658,27.257565,22.662296,19.990103,19.960196,18.131811,18.122263,19.151463,16.950811,18.017479,20.484604,19.655031,23.802029
10,31.147526,29.810299,28.340778,22.884432,21.777422,18.483774,15.534999,11.629136,7.7719026,6.04659,0.0,4.483765,7.8402743,11.58996,12.554897,10.227063,12.767651,12.86477,13.958901,17.243141,17.184826,22.398943,21.967234,27.061436,26.713945,32.025322,30.276577,27.274437,26.70974,21.868076,23.8397,16.463156,18.95598,13.399724,18.159405,17.00486,17.47428,21.42582,24.036118,23.944996,23.246012,28.13655,25.855274,31.447006,31.452423,35.290638,36.967205,40.74163,41.101418,38.980877,36.109474,34.926746,30.164366,29.899435,25.363579,25.428802,25.595198,20.749367,18.776457,14.594189,17.195772,14.8087225,15.68683,20.914955,22.080383,25.746748,28.541925,30.964045,33.050682,35.473724,33.466534,36.9769,33.292492,37.376633,35.60838,30.547941,32.42043,28.503601,30.494926,28.281767,29.750685,28.158573,29.607944,28.932484,23.749388,23.97936,21.353249,24.175293,20.608932,24.580654,22.431759,26.654564,26.78291,31.051416,32.569717,32.14278,35.65551,37.07772,39.804096,38.599846,37.10143,42.12494,40.60713,44.258324,47.147785,44.772354,41.617195,38.28563,36.406487,30.901306,31.64584,27.540394,31.194502,27.64107,30.003824,30.63843,31.432741,30.285564,35.40414,31.520916,36.95021,34.665295,39.50469,39.14316,39.954147,42.830112,42.114586,43.20637,39.744244,37.36748,33.322662,32.7751,29.977692,29.06586,29.063423,25.600203,28.580996,23.925467,28.57392,28.730957,30.372011,32.06125,28.723425,32.52929,30.06768,32.467865,32.74382,33.58966,36.21336,36.514233,41.038616,40.233147,39.21699,39.696693,37.417694,40.508488,37.335445,42.201805,43.139935,41.84848,38.48759,37.699165,35.08098,31.959839,34.31571,32.45905,36.27126,34.13241,39.056374,36.903175,39.805016,39.31094,35.161823,34.827946,30.448013,30.364819,29.056805,27.152405,27.644766,25.370296,27.347668,24.986635,26.836655,24.91767,20.726524,18.593424,20.689156,20.653658,19.259762,20.900295,20.62478,24.072496,26.021149,27.717323,31.34343,31.581463,35.95672,38.26738,38.620564,35.56361,35.638836,31.599348,32.124317,27.684418,24.504461,24.391037,22.566202,21.69666,22.676844,18.983414,20.667175,21.92243,20.591644,24.283688
11,34.261276,32.896606,31.342745,26.040834,24.52702,21.437868,18.507322,14.272874,11.132736,7.9466577,4.483765,0.0,3.9602835,7.302428,8.563289,7.1746893,10.978497,11.797568,14.425259,17.298176,18.648277,23.487305,23.701305,28.731161,28.52272,33.45476,31.239729,28.03737,26.76278,22.24125,23.197693,16.035715,17.048044,10.928072,15.6514635,13.420516,14.080577,18.129917,21.196995,21.768063,20.971964,26.311232,24.277084,29.82627,30.292446,33.998333,36.118633,39.759335,40.63681,38.27651,35.598476,34.19627,29.635117,29.766853,24.954025,25.996782,25.762262,21.520687,19.170242,15.13508,16.18959,13.594426,15.625612,20.128109,22.384968,25.471697,28.993303,30.825443,33.47658,35.505623,33.04333,36.33517,32.285442,36.01374,33.949028,28.826855,30.296871,26.131044,27.929632,25.27842,26.656418,24.74868,26.019077,24.966825,19.916834,20.573572,18.029255,21.48401,18.1089,22.891827,21.387777,25.953451,26.695759,31.197075,32.99607,33.04964,36.45539,37.582355,40.267227,38.595425,36.741302,41.566696,39.588394,43.09878,45.900005,43.075745,39.78812,36.46334,34.224194,28.816431,28.998297,24.764637,27.826385,24.001764,26.140331,26.548061,27.591467,26.742584,32.01504,28.555372,34.081596,32.280624,37.004925,37.275475,38.04855,41.346386,40.577682,42.273903,38.778145,36.09403,32.160744,31.069485,28.296658,26.575377,26.230186,22.180685,25.043695,20.071089,24.513592,24.725443,26.76707,28.79206,25.804708,30.087225,27.895515,30.72826,31.387241,32.61685,35.510933,36.33284,40.54774,39.274853,38.08395,38.135223,35.57218,38.388897,34.827152,39.60276,40.138653,38.746826,35.47815,34.362846,31.5551,28.62388,31.37102,29.869003,34.05936,32.409084,37.528088,35.851894,38.996876,38.68803,34.488598,34.74623,30.100225,30.502695,28.80119,26.20517,26.52584,23.65359,25.362913,22.448849,24.026249,21.737907,18.119747,15.505999,17.063572,17.65264,16.34082,18.888714,18.374353,22.73265,24.57102,26.955244,30.521414,31.510616,35.702843,37.955994,38.68202,35.90927,36.13631,31.935162,32.188183,28.415369,24.71394,25.484703,24.212065,23.04782,23.371983,19.873455,20.2749,21.544641,19.357273,23.055511
12,37.320087,35.696808,33.84104,28.920643,26.90396,23.68984,21.37046,16.446318,14.044575,10.13397,7.8402743,3.9602835,0.0,3.951786,5.7010546,6.0889125,9.37532,11.897566,14.657435,17.698973,19.528093,24.34459,25.2172,29.99224,30.276495,34.874317,32.703133,29.544521,27.828043,23.662539,24.19939,17.418945,18.02295,11.744624,16.72318,13.192877,14.569354,18.586964,22.017399,23.096277,21.894653,27.495731,25.323433,30.812279,31.347944,34.888157,37.19714,40.57597,41.955082,39.708256,37.145206,35.88539,31.444637,32.004322,27.355942,28.82683,28.692335,24.738535,22.128128,18.435078,18.77513,15.838663,18.172323,22.027702,24.633142,27.116873,30.956625,32.137363,35.081646,36.93898,34.16787,37.07481,32.75563,36.2061,34.07468,29.036215,30.414896,26.167255,28.071596,25.174326,26.6889,24.497046,25.13083,23.633366,18.978176,19.818954,16.989727,20.93595,17.234085,22.745485,21.421621,26.061687,27.185432,31.353586,33.691635,33.85351,37.19715,37.90756,40.675774,38.86704,36.99583,41.483795,39.189953,42.565006,45.081856,42.02472,38.51007,35.351902,32.659046,27.65402,27.335445,23.267654,26.005865,22.132584,24.1471,24.185266,25.376375,24.463196,29.843948,26.647514,32.007786,30.583633,34.913948,35.558464,36.00592,39.617153,38.54928,40.64963,36.903027,34.015064,30.062876,28.866783,25.751867,24.007038,23.001358,19.175354,21.4539,16.566692,20.936827,20.939392,22.840988,24.939184,22.088053,26.458061,24.586342,27.449083,28.470398,29.820597,32.956463,34.07112,38.11183,36.451984,35.25463,34.960716,32.396507,35.074223,31.31005,36.262924,36.51361,35.33115,32.14578,31.138262,27.97773,25.347206,28.32337,26.651064,31.189148,29.657413,34.93565,33.42659,36.850155,36.48251,32.24013,32.844105,28.071653,28.625742,26.576414,23.649,23.64472,20.492231,21.89536,18.727247,20.16286,17.79736,14.363086,11.653519,13.135061,13.930659,13.044756,15.924186,15.931129,20.504622,22.646103,25.40345,28.953434,30.663176,34.415634,36.83255,37.689873,35.241745,35.346012,31.042852,30.818481,27.63475,23.440899,24.779715,24.015495,22.360504,22.130323,18.628174,18.158836,19.168736,16.414043,19.985853
13,40.52766,38.94074,37.089916,32.250496,30.097301,27.069248,24.705055,19.86869,17.698593,13.657844,11.58996,7.302428,3.951786,0.0,4.2020073,7.1573853,10.702219,13.56989,17.138243,19.62882,22.299387,26.668447,27.907291,32.543343,32.876247,37.147964,34.661118,31.418516,29.22206,25.441156,25.146812,18.944645,18.165014,12.125059,16.31194,11.756474,13.204643,16.92694,20.74056,22.518288,21.342646,27.126757,25.32678,30.56663,31.541718,34.87259,37.54064,40.751526,42.54381,40.098186,37.752525,36.293674,32.1404,32.97392,28.193027,30.369556,29.863792,26.481264,23.763311,20.307411,19.501232,16.761883,19.78994,22.870262,26.22035,28.204441,32.495113,33.221497,36.546116,38.04983,34.967373,37.64245,33.101093,36.14148,33.766556,28.80477,29.720615,25.350082,26.955256,23.647476,24.9695,22.451023,22.84565,20.824608,16.574461,18.02536,15.480674,20.006863,16.770262,22.818647,22.189407,26.917871,28.518038,32.766068,35.25731,35.79123,38.99197,39.47012,42.15652,39.99002,37.84497,42.08722,39.41523,42.60401,45.002815,41.551292,37.955696,34.867226,31.844357,27.094955,26.141745,22.07735,23.963924,19.832418,21.453606,21.10438,22.667627,22.18384,27.662586,25.082695,30.419212,29.593372,33.68183,34.99977,35.37762,39.364006,38.24015,40.90051,37.16749,34.035248,30.279572,28.58457,25.543318,23.000906,21.496964,17.095676,18.965998,13.73264,17.642984,17.602283,20.037306,22.621136,20.337662,25.153862,23.74142,26.940693,28.399853,30.070465,33.41924,34.981342,38.67224,36.565617,35.24665,34.485996,31.715158,34.04372,29.888588,34.72485,34.459435,33.235188,30.214718,28.856365,25.405298,23.146399,26.592775,25.326843,30.238586,29.254574,34.630524,33.614334,37.224663,37.012608,32.8099,33.934082,29.057716,29.989878,27.636278,24.191507,23.941427,20.307302,21.248709,17.513765,18.451088,15.646697,13.254276,9.947803,10.540567,12.453569,11.96433,15.801845,15.665381,20.909979,22.875359,26.18921,29.562796,31.91074,35.397373,37.72529,38.885574,36.727543,36.94491,32.60666,32.139595,29.598001,25.1296,27.091724,26.73688,24.920807,24.220226,20.991037,19.538841,20.399366,16.969479,20.231775
14,38.879185,37.10735,35.085464,30.656992,28.066362,25.281557,23.260643,18.327549,17.028008,12.672285,12.554897,8.563289,5.7010546,4.2020073,0.0,4.276,7.59384,10.273502,14.4008465,16.274162,19.688688,23.511002,25.130014,29.540333,30.023294,33.930702,31.347155,28.147362,25.670748,22.217281,21.66507,15.923551,15.406876,9.717287,14.637443,10.000432,12.980041,16.76153,19.877018,21.09365,19.103453,24.77821,22.408972,27.65895,28.313284,31.562939,34.147366,37.181087,39.194206,37.019196,34.688595,33.588787,29.44336,30.655657,26.443909,28.63295,28.784569,25.488,22.432276,19.687155,18.993458,15.39713,17.993183,20.501972,23.726856,25.175678,29.5526,29.794191,33.24372,34.652386,31.444035,33.88153,29.275301,32.265316,29.986387,25.104544,26.259787,22.008738,24.033512,21.083174,22.937862,20.709352,20.458197,18.95624,14.706016,15.198331,12.075493,16.348772,12.71507,18.852697,18.253113,22.95102,24.734604,28.940813,31.539145,32.264366,35.360065,35.693653,38.33176,36.03128,33.840416,37.975315,35.243835,38.414734,40.801258,37.37098,33.789528,30.684692,27.726755,22.918768,22.10583,18.052864,20.425907,16.568851,18.627441,18.716616,19.745693,18.775919,24.17937,21.200254,26.58155,25.515944,29.766418,30.93273,31.473667,35.38701,34.451244,37.098755,33.591393,30.470257,26.8707,24.90736,22.332766,19.341202,18.614527,13.857622,16.840048,11.673731,16.29128,17.13772,19.495249,21.403118,18.746687,23.748898,21.600002,25.380426,26.309332,28.335651,31.39065,33.18383,36.59058,34.740368,33.125225,32.679066,29.49111,31.822784,27.875046,32.15686,32.412304,30.683853,27.502481,26.020817,23.276989,20.33755,23.426296,22.538008,27.062239,26.278837,31.515945,30.742876,34.12608,34.239914,30.137436,31.485466,26.589214,28.073223,25.907272,22.072905,22.49307,18.669893,20.301561,16.82766,18.398462,15.769361,13.488152,11.239533,10.227319,11.043716,9.258716,13.334125,12.060577,17.740332,19.190878,22.658058,25.915356,28.28384,31.878242,33.99922,35.34107,33.228706,33.678993,29.369665,29.11471,26.824112,22.479961,24.901487,24.784258,23.37977,22.460997,20.254425,17.910955,19.691803,16.339077,20.035791
15,34.63165,32.835262,30.83241,26.413658,23.815811,21.119223,19.062801,14.245005,13.230672,8.9055605,10.227063,7.1746893,6.0889125,7.1573853,4.276,0.0,5.4727173,6.452232,10.811407,12.608157,15.876143,19.73466,21.054375,25.627304,25.923042,30.038525,27.536291,24.339113,22.201548,18.404552,18.496641,12.188882,13.156707,7.3491783,13.393742,10.198225,13.375881,17.38645,19.77919,20.014881,17.767921,23.159246,20.261923,25.77687,25.918074,29.384441,31.598013,34.80946,36.41624,34.44681,31.905348,31.056147,26.629229,27.683395,23.780699,25.353617,26.088188,22.36926,19.248423,16.697845,17.030533,12.866943,14.608677,17.616135,20.143574,21.921158,25.956524,26.552126,29.713182,31.40525,28.461775,31.157742,26.772226,30.205036,28.170761,23.191008,24.87035,20.797512,23.19997,20.855316,23.010096,21.294739,21.304514,20.646923,15.94337,15.474074,12.0965605,15.394038,11.335359,16.683529,15.414956,20.11083,21.474113,25.875505,28.1647,28.710045,31.910278,32.546272,35.189507,33.10395,31.059721,35.526337,33.182156,36.563435,39.192913,36.166794,32.776794,29.512165,27.097385,21.81954,21.88013,17.75219,21.185135,17.747206,20.295067,21.042171,21.502508,20.0936,25.226875,21.493555,26.9606,25.121922,29.843222,30.233448,31.096022,34.525978,33.895466,35.925205,32.66232,29.83139,26.185482,24.509567,22.327278,19.763998,20.165129,15.728179,19.626688,14.893098,19.854006,21.027029,23.061163,24.39547,21.207432,25.855242,22.964735,26.699228,26.912146,28.81171,31.45954,32.917484,36.50402,35.26426,33.602333,33.782574,30.57032,33.197186,29.733047,33.738018,34.696068,32.70166,29.334314,28.004698,25.964857,22.411627,24.827595,23.916721,27.758823,26.619432,31.61049,30.526302,33.51532,33.718517,29.662699,30.589394,25.812433,27.248526,25.55573,22.063051,23.126837,19.725962,22.07993,19.23416,21.365765,19.117184,16.115602,14.458168,13.876198,13.5699005,10.942899,13.959974,11.947913,17.121428,18.239655,21.158714,24.509258,26.031221,30.149967,32.13621,33.306515,30.828953,31.408123,27.161966,27.458363,24.530539,20.678083,22.664057,22.1572,21.348549,20.886612,19.070538,17.325901,19.78958,17.196768,21.31312
16,34.578133,32.231102,29.661575,26.121906,22.764791,19.810654,19.21051,13.5174,13.98973,9.666408,12.767651,10.978497,9.37532,10.702219,7.59384,5.4727173,0.0,5.6861434,7.4764414,10.133028,12.888779,16.933481,19.030298,23.035776,24.261805,28.018436,26.241152,23.465553,21.399723,18.002167,18.861439,13.273051,16.244034,11.578644,17.882332,14.832692,18.607582,22.493467,24.558773,24.385735,21.44281,26.410416,22.65941,28.067377,27.390743,30.701178,32.460136,35.285366,37.108723,35.89353,33.274746,33.224033,28.727169,30.126356,27.163364,28.123865,29.82925,25.83126,22.613926,20.588358,21.745384,17.143635,17.727232,20.485542,21.911995,23.166355,26.691378,26.672543,29.567736,31.496971,28.631266,30.7959,26.487484,29.9775,28.426472,23.823479,26.19336,22.586,25.6769,23.91815,26.608475,25.132343,24.202509,23.769777,19.65801,18.353918,14.348698,16.768398,11.561075,16.437675,14.141049,18.33165,19.502417,22.809559,25.879574,25.999851,29.214827,29.38686,32.27146,30.574808,29.064913,33.16529,30.955366,34.3346,36.572094,33.911434,30.319326,27.349155,24.783684,20.084867,20.462942,17.077076,21.413826,18.825413,21.714558,22.484472,22.371113,19.97507,24.735874,20.416765,25.279844,22.997774,27.28647,27.023695,27.446285,30.66729,29.688583,31.414127,27.835354,25.117743,21.235113,20.170696,17.58447,16.372366,16.951332,14.276133,17.997412,14.546987,19.876242,21.069223,21.987598,22.271288,18.389303,22.357254,18.831678,22.378595,22.04031,23.865728,26.262243,27.649471,31.219917,30.269531,28.594145,29.181633,26.064133,28.970572,26.029318,30.070475,31.68054,29.873327,26.375963,25.83166,24.108923,20.280334,21.941504,20.251228,23.661245,21.915112,26.821955,25.36281,28.316097,28.384384,24.317022,25.128662,20.375248,21.909306,20.361195,16.9212,18.45393,15.400139,18.4379,16.477766,19.352991,17.859762,14.345808,14.241911,13.567747,11.4059515,8.266648,9.547779,7.9085336,11.985312,13.603639,16.160181,19.681963,21.37248,25.169577,27.472765,28.439894,26.095034,26.395866,22.087946,22.104273,19.35255,15.281806,17.59941,17.537117,16.63566,15.799764,14.888389,12.345568,15.5180645,13.435868,17.77683
17,30.038393,27.906313,25.625221,21.975527,18.718706,16.465147,15.268299,10.686631,11.753986,8.261021,12.86477,11.797568,11.897566,13.56989,10.273502,6.452232,5.6861434,0.0,5.944449,6.2121096,10.3933115,13.415871,15.008924,19.364363,19.81913,23.682255,21.34973,18.32005,16.337088,12.597404,13.594187,7.6280165,11.883051,8.463362,14.664034,13.375855,17.180878,20.87761,21.948305,20.765621,17.59522,22.019367,17.922874,23.416937,22.410587,25.902115,27.431744,30.518328,31.91761,30.671621,27.93189,27.95549,23.328362,24.648045,22.088457,22.74056,24.966259,21.028162,17.709612,16.494316,18.120525,13.150791,12.754662,15.319321,16.274046,17.619875,21.059698,21.37545,24.206345,26.197884,23.498817,26.084753,21.987843,25.86316,24.389727,19.64447,22.305965,18.916948,22.15096,21.052734,23.896557,23.035625,22.55865,23.081345,18.61008,16.468054,12.779863,13.914817,9.213056,12.583835,10.005216,14.398323,15.294058,19.650131,21.830761,22.262297,25.486507,26.23824,28.888006,27.01534,25.24022,29.890121,28.000769,31.57526,34.354256,31.92522,28.784487,25.461569,23.790207,18.251934,19.584085,15.892181,20.82016,18.524601,21.67662,23.22676,22.675371,20.396084,24.763401,20.026342,25.170433,22.251896,27.358082,26.599892,27.864359,30.555721,30.388296,31.618359,28.863127,26.475912,23.041681,21.623278,20.408403,18.335102,20.525265,16.899559,21.878382,18.176329,23.402702,25.218298,26.720087,26.999058,23.251564,27.345385,23.362715,27.237806,26.279032,28.24352,30.096294,31.360895,34.75273,34.39641,32.499535,33.57642,30.149773,32.9913,30.344126,33.52314,35.582737,33.078762,29.533333,28.449194,27.68526,23.294178,24.518805,23.818716,26.374168,25.00774,29.38032,28.172699,30.426044,30.995174,27.228853,27.865683,23.426945,25.270071,24.344185,21.104994,23.32684,20.494682,23.8455,21.987738,24.846521,23.176931,19.944519,19.43491,18.41393,16.676365,13.074402,14.463563,11.092037,15.001966,15.0871105,17.168766,20.359798,20.80236,25.52687,27.152645,28.24981,25.448002,26.372324,22.324823,23.458305,20.183697,17.276722,19.159063,18.553278,18.933443,18.737429,18.622334,16.76223,20.452988,18.900759,23.28156
