,0,1,2,3,4,5,6,7,8,9,10,11,12,13,14,15,16,17,18,19,20,21,22,23,24,25,26,27,28,29,30,31,32,33,34,35,36,37,38,39,40,41,42,43,44,45,46,47,48,49,50,51,52,53,54,55,56,57,58,59,60,61,62,63,64,65,66,67,68,69,70,71,72,73,74,75,76,77,78,79,80,81,82,83,84,85,86,87,88,89,90,91,92,93,94,95,96,97,98,99,100,101,102,103,104,105,106,107,108,109,110,111,112,113,114
0,0.0,4.301163,5.667553,8.587537,11.931801,12.975713,17.13079,19.147312,22.477394,25.325787,30.184244,31.821484,34.24303,35.68174,32.112953,28.708122,25.26112,23.095152,20.697187,16.513048,15.588132,11.502589,13.468021,12.004881,15.501527,15.80435,17.374743,20.982126,20.620943,23.525888,24.930178,27.279596,32.893677,34.28138,37.758003,39.6162,43.54782,45.268078,43.194798,39.509426,35.422478,36.55741,31.405476,33.440933,28.86099,29.782385,27.621412,27.223513,27.700035,31.573832,29.755497,34.172165,31.789732,34.0236,36.890953,35.62985,40.859188,38.300766,35.27976,36.274883,40.014774,35.158634,32.09821,30.070051,28.420025,26.377403,26.115221,25.381218,21.63987,22.081705,22.219997,20.844507,21.791758,23.670498,26.10615,26.713417,31.00065,32.202343,36.55554,38.83381,42.634438,43.516342,42.90883,45.58127,43.034393,38.531097,35.733173,31.964598,30.375399,25.968563,24.1062,19.618282,17.901146,19.454815,14.189264,17.230606,20.320225,17.82789,22.242025,17.179913,21.604462,21.659267,25.675926,25.962885,30.092375,31.441769,36.153717,39.443886,39.37973,36.06126,39.050095,32.908775,34.656776,31.62492,32.093395
1,4.301163,0.0,5.0582027,4.8283544,8.848294,10.868612,14.288052,17.350689,20.110628,23.485912,28.055353,30.137941,32.238686,33.40971,30.004347,26.282864,23.481468,20.629707,19.142914,14.561754,14.758585,10.046965,12.77208,10.794963,12.965787,13.773204,14.254677,17.592945,17.151903,19.610117,21.3283,23.198643,29.02079,30.203264,33.87296,35.6392,39.59795,41.425617,39.49373,35.815205,31.863934,33.296402,28.104675,30.62002,26.189613,27.57913,25.71979,25.953814,26.313713,29.675695,27.531857,31.63808,28.79908,30.855793,33.301308,32.048203,37.145546,34.38721,31.29781,32.108833,35.925278,31.06793,28.027636,26.343227,24.773352,23.033686,22.963835,22.707792,19.321836,20.194286,19.976109,19.336718,19.54431,22.084892,24.092817,23.972734,28.384148,29.155117,33.54675,35.579906,39.349823,40.083073,39.709904,42.251244,39.43965,35.01227,32.116737,28.537823,26.576578,22.440586,20.19276,15.838558,13.90304,15.395604,10.00854,13.207713,16.336409,13.648718,17.941826,13.042885,17.585821,17.912046,21.907934,22.586252,26.595533,28.241667,32.91214,36.17209,36.36802,33.092216,36.374622,30.112514,32.24987,29.177343,30.15042
2,5.667553,5.0582027,0.0,5.9940476,7.2378716,8.479334,12.242225,14.65273,18.122887,20.822464,25.921597,27.307348,29.771652,30.89074,27.229853,23.798227,20.201607,17.915497,15.570498,10.991879,10.937119,5.866978,8.14427,7.5497165,10.473879,12.465709,13.299146,16.889017,15.9415,19.512032,20.148968,23.39084,28.4645,30.64268,33.41749,35.79838,39.40615,40.812855,38.429863,34.71346,30.501068,31.325068,26.228384,27.96088,23.375523,24.17128,22.136742,21.771738,22.580856,26.26457,24.479925,28.896797,26.651379,29.16471,32.17037,31.317104,36.40578,34.35503,31.35814,32.75634,36.020638,31.195461,28.206047,25.430674,24.080442,21.515467,21.743383,20.55621,17.253536,17.214811,16.879358,15.3452635,16.170477,18.031805,20.473677,21.250536,25.477808,26.93061,31.208239,33.71469,37.487095,38.5637,37.987843,40.89153,38.50326,33.95056,31.474766,27.334948,26.388227,21.369263,20.098928,15.44032,14.053826,16.674824,11.845222,15.408676,19.227968,16.83168,19.944933,15.152823,19.069605,18.329952,22.54061,21.91009,26.51831,27.082926,32.0006,35.271843,34.84553,31.458063,34.012154,27.819939,29.32368,26.135141,26.531834
3,8.587537,4.8283544,5.9940476,0.0,4.6902957,7.150759,9.815514,13.494499,15.735663,19.433628,23.754028,26.113928,27.972498,28.976276,25.704994,21.824705,19.549702,16.304537,15.557591,11.116791,12.079325,7.8976784,11.62465,10.544045,10.623264,13.483079,12.130129,14.964071,13.571453,15.950477,17.06362,19.017424,24.554363,25.71804,29.274464,31.029444,34.988884,36.800926,34.948334,31.439735,27.371922,29.124804,23.852715,26.715084,22.572813,24.223736,22.962029,23.583328,24.41506,27.141603,24.816496,28.581537,25.404148,27.604774,29.523197,28.817434,33.514217,30.937107,27.698753,28.420816,31.818708,26.845556,24.137554,22.227915,21.383429,19.480612,20.335808,20.175406,17.677488,18.421228,17.284464,17.007032,16.172411,18.944296,20.436567,19.790073,24.219536,24.665071,29.109493,30.956669,34.7557,35.396034,34.950447,37.438755,34.650433,30.213194,27.309801,23.740574,21.832224,17.690413,15.563936,11.169123,9.755081,12.738683,7.476255,11.42925,14.844993,11.513083,14.512686,9.234286,13.356539,13.232988,17.32804,17.775331,21.878258,23.437332,28.117428,31.37097,31.596363,28.337557,31.766436,25.50484,27.89851,24.970188,26.308529
4,11.931801,8.848294,7.2378716,4.6902957,0.0,4.4416437,5.6377816,10.197929,12.470567,15.957761,20.519632,22.554731,24.469606,25.142176,21.758255,17.85182,15.439904,11.96979,11.499646,6.6744885,9.159564,5.020577,8.903028,9.114213,7.4960637,12.458544,10.106053,12.632279,10.255657,13.535509,13.433208,16.654818,21.425312,23.565722,26.243666,28.612253,32.19857,33.6418,31.422499,27.886515,23.610395,25.016739,19.75746,22.287107,18.156681,19.67594,18.67239,19.351517,20.620203,23.039436,20.77829,24.498531,21.483593,24.044512,26.111113,25.927801,30.435131,28.478582,25.284885,26.483198,29.275635,24.341074,21.766163,18.869356,18.501818,15.902301,17.491415,16.785501,15.010794,15.154606,13.291375,12.946552,11.606248,14.395806,15.7562895,15.226521,19.6345,20.375675,24.78123,26.915695,30.717045,31.592855,31.12366,33.895332,31.332348,26.808086,24.288393,20.224672,19.184813,14.180191,12.956817,8.282538,7.667635,12.24755,8.331937,12.2834835,16.161657,13.324091,14.45906,10.017331,12.93295,11.593782,15.834565,14.958769,19.678253,20.2048,25.141752,28.37902,28.147966,24.795706,27.714634,21.375921,23.491472,20.397478,21.67296
5,12.975713,10.868612,8.479334,7.150759,4.4416437,0.0,5.077903,6.528813,9.661785,12.671656,17.520021,19.31271,21.514315,22.738562,19.233786,15.747317,12.746215,10.449802,8.691626,5.8829947,5.517142,5.5697618,9.750115,11.866994,10.801299,16.299582,14.173656,16.488604,13.429656,16.794,15.386311,19.013523,22.861761,24.740423,27.181187,29.271542,32.958027,34.334053,32.237568,29.147812,24.518866,26.094206,20.871683,23.116365,19.33406,20.31229,19.796146,19.78572,22.121737,24.509468,22.589375,26.276527,23.562504,26.532871,28.33907,28.880314,32.90997,31.372747,28.115244,29.188992,31.312016,26.291748,24.357588,20.961073,21.569597,18.50654,20.887413,19.680664,18.363255,17.742731,15.329839,13.948533,12.396062,13.787534,15.115998,15.304974,19.38416,20.318409,24.731615,26.84961,30.75669,31.619959,30.411835,33.179096,31.20241,26.5914,24.107098,19.970835,19.58692,14.594894,14.409947,10.087482,10.982982,16.334145,12.455033,16.471954,20.118622,16.668434,17.421854,12.193323,14.224469,12.009174,16.006826,14.237299,18.976414,19.079597,23.929398,27.21144,26.672377,23.311657,26.153757,20.169128,22.054064,19.538101,20.413343
6,17.13079,14.288052,12.242225,9.815514,5.6377816,5.077903,0.0,6.265089,7.4273553,10.967605,15.272842,17.384357,19.077885,19.548471,16.245441,12.239862,10.443966,6.529228,7.5004854,4.863947,8.09541,7.9204874,11.149057,13.02129,9.719382,16.096294,12.518238,13.758649,9.858417,13.001962,10.6013565,14.687747,17.939121,20.395515,22.304714,24.805801,28.20742,29.419678,27.191523,24.08058,19.441816,21.145792,15.894444,18.536774,15.112514,16.612797,16.80883,17.66552,20.009212,21.42547,19.245226,22.348938,19.255962,22.226364,23.55764,24.545002,28.185266,26.918154,23.67622,24.879623,26.570623,21.628006,19.910166,16.136934,17.417686,14.25791,17.52865,16.545065,16.417393,15.869993,12.621082,12.329636,9.218624,11.438563,11.742293,10.730805,14.947612,15.460087,19.924242,21.95589,25.842539,26.712788,25.823126,28.670906,26.498882,21.893866,19.610046,15.25123,15.190578,9.703987,10.096484,6.161142,8.193347,14.288501,12.022944,15.516927,19.043741,16.073803,15.081361,11.334244,12.051387,9.110935,12.925738,10.349899,15.485663,15.004144,20.046125,23.267076,22.699844,19.30947,22.11954,15.847442,18.090048,15.36535,16.97402
7,19.147312,17.350689,14.65273,13.494499,10.197929,6.528813,6.265089,0.0,4.469241,6.203257,11.375415,12.801338,15.1555195,16.663607,13.107575,10.190326,7.0051737,6.586646,4.4731264,7.174448,5.5582175,10.4669,13.435585,16.885368,14.806311,21.218208,18.376808,19.807194,15.811536,18.985825,15.619893,19.829695,21.75729,23.781918,25.219707,27.271433,30.671152,31.707993,29.663815,27.274477,22.346296,24.062675,19.222399,21.084518,18.301176,18.776917,19.491337,19.196617,22.833471,24.333817,22.772726,25.837318,23.420507,26.807186,27.951826,29.718756,32.767952,32.075104,28.872555,29.943394,30.79262,25.934092,25.011824,20.814905,22.969404,19.427425,23.127895,21.508497,21.537334,20.157879,16.732515,15.006641,12.364915,12.059456,12.354097,12.909555,16.07684,17.032227,21.187809,23.195425,27.093937,27.97797,25.922478,28.749739,27.620815,23.03959,20.986237,16.73195,17.818287,12.951902,14.689613,11.728779,14.318677,20.474346,17.703333,21.444447,24.86237,21.316984,20.477606,15.882058,15.972608,12.469585,15.4473505,11.723135,16.377466,15.023793,19.663223,22.836973,21.650154,18.337276,20.761763,15.397345,16.958704,15.394522,16.067692
8,22.477394,20.110628,18.122887,15.735663,12.470567,9.661785,7.4273553,4.469241,0.0,4.5944858,8.074254,10.828148,12.260479,13.5492735,10.531553,7.1489244,6.853325,5.734581,7.157754,10.080692,9.99878,13.981553,17.012827,19.964912,16.89662,23.448357,19.720476,20.368063,16.02847,18.23533,14.30553,17.789011,18.865116,20.29252,21.685966,23.322254,26.800339,27.954763,26.306532,24.38859,19.495514,21.986856,17.316324,19.891104,17.981836,18.96331,20.534805,20.940765,24.561155,25.159079,23.390202,25.688044,22.812933,26.017677,26.142231,28.47743,30.80538,30.172161,26.9253,27.588133,27.87141,23.075226,22.875956,18.950338,22.087866,18.915525,23.325285,22.218466,23.063732,21.980244,18.12183,17.295094,13.6237135,13.745553,12.799065,11.919399,14.657581,14.540703,18.650652,19.990147,23.894003,24.43054,22.164087,24.70755,23.57607,19.052664,16.854351,12.951482,14.13745,10.138812,12.460884,10.851935,14.278507,20.57628,18.622147,21.986269,24.931427,21.30778,19.347881,15.47802,14.203385,10.272461,12.298577,7.88179,12.221894,10.714935,15.239448,18.433365,17.502432,14.235495,17.422142,12.1939335,14.658716,13.803532,15.431716
9,25.325787,23.485912,20.822464,19.433628,15.957761,12.671656,10.967605,6.203257,4.5944858,0.0,5.664205,6.6811147,8.989883,10.798253,7.3898983,5.7833066,4.397654,7.0287867,6.9565196,11.999643,10.913861,16.272568,18.596802,22.349928,19.594875,26.281336,22.910755,23.576714,19.200506,21.812061,17.243591,21.366007,21.347065,23.308455,23.66471,25.539892,28.503773,29.178242,27.31993,25.800217,20.873697,22.780228,18.704153,20.22016,18.80901,18.945028,20.876596,20.606546,24.976847,25.43522,24.185385,26.36456,24.205582,27.708395,28.01308,30.852503,32.821484,32.87979,29.835398,30.797356,30.413937,25.93736,26.04429,21.501522,24.934376,21.349478,25.932585,24.235191,25.367096,23.654417,19.691648,18.172781,14.859082,13.440935,12.332525,12.741053,14.343512,14.942108,18.441124,20.056767,23.769709,24.573814,21.633303,24.401459,24.21999,19.892868,18.448837,14.501731,17.071714,13.171604,16.360945,15.008302,18.37145,24.64614,22.768208,26.178944,29.300661,25.815928,23.790781,20.04687,18.724787,14.737722,16.304478,11.2837715,14.985899,11.980225,15.901886,18.759499,16.851099,13.76182,15.657257,11.482877,12.70309,12.725821,13.386049
10,30.184244,28.055353,25.921597,23.754028,20.519632,17.520021,15.272842,11.375415,8.074254,5.664205,0.0,4.802466,4.5908213,7.0868645,5.6875625,6.017071,8.859425,10.899694,12.461712,17.184362,16.462467,21.561354,24.04184,27.513977,24.250774,30.946745,27.016779,27.098267,22.604925,24.264738,19.415154,22.483177,21.168627,22.119072,22.132286,23.153133,26.000818,26.695627,25.540602,25.026909,20.424177,23.111376,19.743908,21.680042,21.47289,21.890675,24.59735,24.780624,29.155138,28.78477,27.49482,28.811655,26.422781,29.661745,28.792646,32.332096,33.279865,33.554577,30.583344,31.010752,29.72907,25.604801,26.742786,22.691444,27.082916,23.978752,29.066965,27.812265,29.586676,28.08792,23.89849,22.980286,19.148458,17.943083,15.957479,15.2879505,15.800408,15.156434,17.915483,18.411673,21.82333,22.090988,18.328905,20.493546,20.990168,17.131268,15.881323,13.153778,16.113346,14.195659,17.715498,17.760841,21.52124,27.671926,26.366388,29.452774,32.064026,28.466993,25.607294,22.507318,20.042791,16.139124,16.23084,11.260494,13.04576,9.536751,11.928669,14.390948,12.42653,9.890459,12.466728,10.179079,12.021774,13.808557,15.163466
11,31.821484,30.137941,27.307348,26.113928,22.554731,19.31271,17.384357,12.801338,10.828148,6.6811147,4.802466,0.0,3.6652005,6.4065075,4.4395394,7.3733506,8.296381,12.182102,12.508945,18.035173,16.895544,22.56612,24.355507,28.414314,25.504023,32.229565,28.759876,29.007704,24.574732,26.88291,21.69496,25.677015,23.970572,25.921951,25.03405,26.723145,28.958656,29.085155,27.404356,26.889025,22.304066,23.984108,21.094229,21.788666,21.718304,21.273901,24.016483,23.511187,28.391787,28.067202,27.308008,28.697859,27.122536,30.643421,30.384972,34.08605,35.051785,35.930557,33.172928,34.12606,32.59257,28.719233,29.666378,24.92565,29.122498,25.550137,30.530556,28.64721,30.485762,28.422789,24.309423,22.759518,19.489677,17.122581,15.296098,15.990367,15.704553,16.186737,18.334675,19.518665,22.651138,23.442694,19.461613,22.080557,23.332201,19.691135,19.26542,16.118822,19.96156,17.239098,21.162405,20.788658,24.35324,30.52691,29.156492,32.37188,35.343414,31.96985,29.31337,26.141827,24.122349,20.102005,20.635141,15.320619,17.574387,13.258619,15.466706,17.472351,14.475589,12.248622,12.413968,11.201255,11.023931,13.247221,13.258247
12,34.24303,32.238686,29.771652,27.972498,24.469606,21.514315,19.077885,15.1555195,12.260479,8.989883,4.5908213,3.6652005,0.0,3.9798145,4.6301866,7.8689976,10.863791,13.778648,15.242263,20.389658,19.786514,25.064486,27.048223,30.79963,27.445574,34.17753,30.280464,30.130663,25.651339,27.341593,22.07567,25.380146,22.962286,24.366142,23.239708,24.47075,26.560905,26.691933,25.447598,25.515783,21.211742,23.408834,20.933596,22.048548,22.650661,22.582432,25.735552,25.728273,30.405855,29.546494,28.638433,29.474018,27.623991,30.902687,29.880573,33.936268,34.291306,35.24457,32.549263,33.179165,31.147911,27.534016,29.054205,24.689775,29.395643,26.19045,31.438202,29.92683,32.156723,30.339117,26.087212,25.078098,21.37328,19.491808,17.157932,16.914696,16.197165,15.762786,17.46446,17.85834,20.765726,21.180906,16.804447,19.024544,20.619247,17.333511,17.100683,14.7520275,18.72224,17.116196,21.123999,21.537687,25.289562,31.334314,30.394484,33.363308,36.014454,32.664692,29.468552,26.818024,24.180435,20.263409,20.039772,14.8891115,16.118057,11.601631,12.748456,14.368982,11.291795,9.557292,10.089704,10.208373,10.683221,13.754206,14.554553
13,35.68174,33.40971,30.89074,28.976276,25.142176,22.738562,19.548471,16.663607,13.5492735,10.798253,7.0868645,6.4065075,3.9798145,0.0,3.975062,7.3560724,11.429453,13.641253,16.085918,20.805035,21.263836,25.824804,27.481884,31.01653,27.186914,33.82778,29.69291,29.094934,24.701494,26.134459,20.61213,23.948544,20.645887,22.707733,20.617891,22.402473,23.867449,23.574402,22.045778,22.288126,18.213808,20.157358,18.309923,19.164103,20.47681,20.478094,24.051912,24.465237,28.942768,27.449854,26.58228,26.845201,25.107977,28.251057,26.951132,31.332987,31.247988,32.631832,30.171144,31.007269,28.504585,25.288216,27.012665,22.488981,27.448467,24.367197,29.750277,28.309933,31.076286,29.28238,24.968136,24.444891,20.518991,18.833836,15.954077,15.216024,13.666857,12.93262,13.958262,14.253384,16.97022,17.561638,13.238929,15.878502,17.637121,14.516409,15.065373,12.688602,17.455473,15.997852,20.365934,21.330643,25.033468,30.78356,30.526808,33.169064,35.75231,32.85896,29.127516,27.320635,24.449747,20.559309,20.125713,14.765836,15.932059,10.486632,11.415974,12.676947,8.854075,7.18885,6.178337,7.336848,7.468034,11.218423,12.488021
14,32.112953,30.004347,27.229853,25.704994,21.758255,19.233786,16.245441,13.107575,10.531553,7.3898983,5.6875625,4.4395394,4.6301866,3.975062,0.0,4.3984046,7.477774,10.214528,12.1762905,17.075727,17.435282,22.08034,23.639545,27.34071,23.768223,30.456297,26.60812,26.358692,21.948536,23.96766,18.484951,22.543112,20.170368,22.7963,21.21393,23.493542,25.327532,25.198986,23.200142,22.595284,18.062939,19.618263,17.002361,17.69731,18.136606,17.954426,21.144653,21.265469,25.867847,24.916574,24.038475,24.944448,23.270393,26.682972,26.182096,30.104883,30.804201,31.941114,29.334263,30.478415,28.672081,25.030197,26.066734,21.150053,25.5978,22.13645,27.318974,25.586811,27.977983,26.035744,21.773388,20.882162,17.146666,15.234103,12.659924,12.566552,11.723606,11.90843,13.898646,15.185251,18.384256,19.352459,15.747768,18.789743,19.748272,16.00778,16.024315,12.529403,17.063944,14.258567,18.59983,18.801186,22.376778,28.292538,27.668306,30.528408,33.41549,30.507826,27.252623,24.98415,22.679193,18.64066,19.002033,13.345019,15.770712,10.531253,13.085226,15.074174,11.760141,9.1794195,8.814584,6.884413,6.8051243,9.253099,10.114691
15,28.708122,26.282864,23.798227,21.824705,17.85182,15.747317,12.239862,10.190326,7.1489244,5.7833066,6.017071,7.3733506,7.8689976,7.3560724,4.3984046,0.0,5.714724,6.3650775,9.666415,13.694988,14.8886385,18.715822,20.593637,23.84627,19.984673,26.660948,22.571058,22.29315,17.830261,19.75155,14.425675,18.477877,16.910318,19.600994,18.755947,21.20874,23.539587,23.824976,21.752897,20.46779,15.6341505,17.630232,14.103123,15.756132,15.484708,16.018036,18.908043,19.559275,23.67391,22.948692,21.594242,22.796501,20.48371,23.821053,23.402895,26.89236,28.106031,28.689894,25.87294,26.966326,25.795431,21.74393,22.377026,17.582785,21.835691,18.467283,23.631569,22.211672,24.429935,22.85766,18.555466,18.111408,13.951382,13.078934,10.516973,9.373837,9.881897,9.639786,12.862215,14.290888,17.986511,18.860037,16.133072,19.19777,18.963015,14.665147,13.91322,9.683556,13.63104,10.091134,14.325603,14.408946,18.00407,23.926348,23.362778,26.159225,29.017506,26.16398,22.918737,20.746706,18.544605,14.500556,15.225243,9.472656,12.8283205,8.040457,12.048586,14.689685,12.337468,9.0525465,10.575603,5.703834,7.7019887,8.155678,10.198487
16,25.26112,23.481468,20.201607,19.549702,15.439904,12.746215,10.443966,7.0051737,6.853325,4.397654,8.859425,8.296381,10.863791,11.429453,7.477774,5.714724,0.0,5.107214,4.7612047,10.050179,10.274947,14.915835,16.331825,20.327187,17.42112,24.101809,20.95925,21.552954,17.303717,20.508026,15.640182,20.786907,20.552526,23.856922,23.390562,26.250725,28.660713,28.881989,26.325964,24.351347,19.420967,20.310038,16.387022,16.953331,15.299124,14.926438,16.814873,16.349976,20.911205,21.33163,20.330965,22.65031,21.023746,24.739624,25.766968,28.533033,30.749525,31.245062,28.424381,30.030195,29.652836,25.388144,25.055897,19.81734,22.869492,18.86126,23.301664,21.09207,22.44705,20.32108,16.33507,14.599098,11.470452,9.339968,8.187343,9.714293,11.148715,12.902851,16.288002,18.767118,22.412142,23.758562,21.353832,24.686096,24.42802,20.06424,19.214598,14.566599,17.831095,12.849302,16.40751,14.805756,17.80479,23.829845,22.377306,25.638924,29.081217,26.21705,24.120708,20.969057,20.05534,16.080736,18.09163,12.767681,17.127642,13.320203,17.631765,20.365114,17.945753,14.733838,15.289951,10.575498,10.676507,9.638694,9.621009
17,23.095152,20.629707,17.915497,16.304537,11.96979,10.449802,6.529228,6.586646,5.734581,7.0287867,10.899694,12.182102,13.778648,13.641253,10.214528,6.3650775,5.107214,0.0,5.3787947,7.5232453,10.1918545,12.627869,14.481335,17.49568,13.697117,20.414394,16.613514,16.88523,12.4975815,15.442906,10.735566,15.860162,16.438547,19.889608,19.999409,23.058395,25.72187,26.26556,23.70102,21.148836,16.20019,17.531855,12.858244,14.637065,12.398827,13.237881,14.9112625,15.622327,19.187323,19.466936,17.77166,20.088882,17.575815,21.038057,21.923851,24.256914,26.84415,26.790688,23.820986,25.368366,25.565722,21.064114,20.32246,15.327739,18.171272,14.399107,18.920214,17.290104,18.720568,17.250893,13.117292,12.574761,8.443582,8.706153,7.2971487,6.490284,9.646912,10.587084,14.780685,17.117218,20.979538,22.156322,20.686657,23.926989,22.605192,18.024973,16.674719,11.750625,14.097603,8.369131,11.574901,9.910848,12.929592,18.893892,17.910454,20.911715,24.243084,21.644398,19.248463,16.69435,15.79446,11.969835,14.351129,9.414576,14.444264,11.474548,16.458666,19.440632,17.84856,14.419615,16.120213,10.031301,11.675616,9.330679,10.975967
18,20.697187,19.142914,15.570498,15.557591,11.499646,8.691626,7.5004854,4.4731264,7.157754,6.9565196,12.461712,12.508945,15.242263,16.085918,12.1762905,9.666415,4.7612047,5.3787947,0.0,5.8465858,5.796339,10.301449,11.866663,15.991855,13.783367,20.320883,17.784561,19.103045,15.182359,19.033363,15.108778,20.432186,21.700512,25.010405,25.377974,28.30006,31.067131,31.572567,28.912554,26.303898,21.385303,22.090368,17.582127,18.325863,15.413395,15.179565,15.840909,15.095613,19.180466,20.678051,19.501371,22.70351,20.989384,24.65857,26.482748,28.368568,31.48552,31.420418,28.487516,30.211283,30.77959,26.223864,25.084665,20.071936,22.025753,17.952631,21.604813,19.282274,19.637825,17.593958,14.060567,11.758824,9.442437,7.921551,8.5646925,10.562444,13.359012,15.399867,19.242092,21.962852,25.71888,27.094612,25.250408,28.560196,27.682451,23.14189,21.794262,16.996181,19.144913,13.491549,15.967238,13.104226,15.406851,21.29084,19.119873,22.647968,26.38523,23.532225,22.41202,18.637999,18.818659,15.222551,18.189125,13.74565,18.699148,16.08834,20.851799,23.841772,21.955708,18.603714,19.725409,14.359097,14.818218,12.681936,12.535371
19,16.513048,14.561754,10.991879,11.116791,6.6744885,5.8829947,4.863947,7.174448,10.080692,11.999643,17.184362,18.035173,20.389658,20.805035,17.075727,13.694988,10.050179,7.5232453,5.8465858,0.0,5.884097,5.284771,7.1429224,10.420181,8.096058,14.566132,12.276976,14.173812,10.835533,15.226463,12.740987,17.992085,20.841974,24.384624,25.432701,28.618841,31.52782,32.272198,29.458006,26.09226,21.458548,21.95747,17.019669,18.216982,14.174921,14.6732435,14.052732,13.964821,16.604961,18.84604,17.163733,20.988173,18.88495,22.212702,24.740154,25.523962,29.574585,28.846586,25.899065,27.810621,29.449457,24.788126,22.672081,18.128317,18.656376,14.809263,17.40846,15.3112135,14.6808405,13.189409,10.2519045,8.455869,6.8121767,8.056159,9.762526,10.838342,14.79167,16.670454,20.807272,23.634953,27.391184,28.768509,27.900198,31.1868,29.40189,24.813772,23.119701,18.306652,19.228018,13.163262,14.169178,10.243075,11.225936,16.475786,14.101224,17.579313,21.589668,19.253054,18.893389,15.358427,16.729017,13.951352,17.71538,14.576303,19.841446,18.355173,23.45254,26.567001,25.307552,21.870602,23.501707,17.390745,18.423033,15.205567,15.64487
20,15.588132,14.758585,10.937119,12.079325,9.159564,5.517142,8.09541,5.5582175,9.99878,10.913861,16.462467,16.895544,19.786514,21.263836,17.435282,14.8886385,10.274947,10.1918545,5.796339,5.884097,0.0,6.9262433,9.320064,13.405274,13.048483,18.764172,17.351627,19.68551,16.457092,20.51572,17.999523,22.72939,25.442434,28.089916,29.515749,32.02422,35.29198,36.192955,33.728825,30.836039,25.997343,26.859556,22.01297,23.072142,19.429003,19.338612,18.867464,17.72233,21.065756,23.710962,22.450827,26.337023,24.533245,27.978596,30.269047,31.31345,35.14142,34.389683,31.317648,32.84885,34.30985,29.482035,27.79009,23.443514,24.390816,20.619802,23.241335,21.07091,20.011747,18.318293,15.778104,12.975388,12.197041,11.530147,13.40804,15.329702,18.706717,20.604935,24.66808,27.285728,31.114538,32.3438,30.622898,33.725292,32.515717,27.902475,26.001375,21.465298,22.437841,16.978971,18.11466,14.198443,15.544773,20.983454,17.489538,21.411444,25.276726,22.10504,22.518099,17.59697,19.081806,16.214396,19.824575,16.695204,21.568937,20.308224,25.08876,28.250473,26.873241,23.519268,25.276592,19.821814,20.600096,18.337982,18.080696
21,11.502589,10.046965,5.866978,7.8976784,5.020577,5.5697618,7.9204874,10.4669,13.981553,16.272568,21.561354,22.56612,25.064486,25.824804,22.08034,18.715822,14.915835,12.627869,10.301449,5.284771,6.9262433,0.0,4.371185,6.7153416,7.207367,12.041852,11.415563,14.476163,12.432744,16.759672,15.990789,20.413033,24.491869,27.543278,29.385548,32.30345,35.509327,36.529373,33.828224,30.193666,25.786535,26.272038,21.272202,22.578556,18.093365,18.645132,16.992426,16.611765,18.19542,21.452848,19.76194,24.08437,22.03734,24.983488,28.00569,27.858988,32.57965,31.235807,28.286364,30.086836,32.59562,27.854269,25.157461,21.393164,20.736237,17.428114,18.617847,16.783083,14.518563,13.608806,12.2165,10.28255,10.614849,12.225461,14.619856,15.730784,19.814371,21.615656,25.783537,28.552883,32.295063,33.59235,32.93241,36.089714,34.00123,29.417614,27.37552,22.823011,22.828823,17.13946,16.912798,12.35328,11.896272,15.955674,12.324867,16.003746,20.167652,17.899012,19.21717,15.027829,17.814898,16.0048,20.165493,18.2523,23.308762,22.800226,27.867643,31.071407,30.168787,26.736582,28.716259,22.556929,23.707184,20.413492,20.682184
22,13.468021,12.77208,8.14427,11.62465,8.903028,9.750115,11.149057,13.435585,17.012827,18.596802,24.04184,24.355507,27.048223,27.481884,23.639545,20.593637,16.331825,14.481335,11.866663,7.1429224,9.320064,4.371185,0.0,5.1135693,7.0154696,10.80009,11.541804,14.686769,13.344779,18.160957,17.35745,22.420885,26.117601,30.065989,31.193306,34.72162,37.46139,38.100418,34.93219,31.058092,26.826046,26.38524,21.796673,22.092686,17.337389,17.251163,14.779828,13.80428,14.972769,18.923063,17.667383,22.396936,21.182858,24.187517,28.101992,27.705378,32.69436,31.79146,29.162722,31.547026,33.99737,29.573423,26.573679,22.354464,21.08106,17.498499,17.958866,15.354842,12.685046,11.030487,10.545001,7.737552,10.03904,11.150157,14.248228,16.278048,19.974201,22.496813,26.290813,29.5482,33.093063,34.751095,34.352875,37.810764,35.85115,31.34385,29.758905,24.931183,25.524183,19.461416,19.61876,15.305312,14.520314,17.749397,14.870968,18.006376,22.317778,20.892351,22.112858,18.730787,21.487673,19.625547,23.707302,21.358912,26.573677,25.384436,30.505077,33.59752,32.290207,28.862953,30.02889,23.995628,24.424053,20.756672,20.391962
23,12.004881,10.794963,7.5497165,10.544045,9.114213,11.866994,13.02129,16.885368,19.964912,22.349928,27.513977,28.414314,30.79963,31.01653,27.34071,23.84627,20.327187,17.49568,15.991855,10.420181,13.405274,6.7153416,5.1135693,0.0,5.505129,6.2013655,8.455999,12.160874,12.305434,16.580112,17.436611,21.557177,26.227312,29.95406,31.617373,35.083454,37.890297,38.753265,35.680603,31.468391,27.67073,27.320896,22.733185,23.568016,18.640545,19.296307,16.397655,16.408512,15.923588,19.875772,18.17653,22.824234,21.18754,23.527952,27.601295,26.236326,31.757935,30.204632,27.672102,29.996046,33.25851,28.953093,25.370222,22.059486,19.625269,16.890717,15.995991,14.214957,10.316483,10.167467,11.062952,10.123937,12.283346,14.856917,17.546118,18.496998,22.472532,24.482323,28.303408,31.337212,34.7914,36.303432,36.517162,39.81092,37.253,32.856884,31.043583,26.516834,26.220783,20.56612,19.646849,15.364195,13.322434,14.785097,12.032883,14.525447,18.76969,18.168072,20.154034,17.516167,20.966515,20.015736,24.151625,22.861582,27.846504,27.433527,32.535328,35.62784,34.81155,31.41596,33.040615,26.729326,27.667797,23.729412,23.963884
24,15.501527,12.965787,10.473879,10.623264,7.4960637,10.801299,9.719382,14.806311,16.89662,19.594875,24.250774,25.504023,27.445574,27.186914,23.768223,19.984673,17.42112,13.697117,13.783367,8.096058,13.048483,7.207367,7.0154696,5.505129,0.0,6.7391686,4.752246,7.7083154,6.9043536,11.519954,11.972873,16.388643,20.767033,24.826822,26.183714,29.849855,32.476433,33.279484,30.204153,25.986994,22.224836,22.074312,17.383142,18.731157,13.940674,15.3421335,13.156508,14.385746,14.123784,16.857553,14.575826,18.738918,16.379253,18.784391,22.362732,21.397821,26.63904,25.197966,22.559553,24.939287,27.890368,23.600489,20.142256,16.575047,14.527291,11.587278,11.619997,10.129861,7.6505713,7.845177,7.121496,7.971013,8.2263,12.1089,13.916806,13.762272,17.88249,19.450836,23.287098,26.143646,29.562426,30.995409,31.469799,34.711933,31.972256,27.658247,25.963947,21.475773,21.245571,15.566353,14.77496,10.9148,9.072413,11.311579,9.977357,12.312607,16.573908,16.041704,16.457212,14.819498,17.386034,16.156813,20.040422,18.535044,23.480696,22.861483,27.909365,30.8956,30.181131,26.854998,28.569397,22.163538,23.455097,19.41324,20.35156
25,15.80435,13.773204,12.465709,13.483079,12.458544,16.299582,16.096294,21.218208,23.448357,26.281336,30.946745,32.229565,34.17753,33.82778,30.456297,26.660948,24.101809,20.414394,20.320883,14.566132,18.764172,12.041852,10.80009,6.2013655,6.7391686,0.0,5.5519543,8.735616,11.125043,14.308411,16.812588,19.929247,25.023878,28.973707,30.616735,34.32201,36.784466,37.637085,34.508514,29.939741,26.893549,26.287914,22.140026,23.235039,18.458738,19.854422,16.751509,18.046875,15.823906,19.1141,16.978685,21.116756,19.182144,20.586596,24.889383,22.434244,28.41812,26.43346,24.2618,26.799303,30.70774,26.895506,22.69855,20.31036,16.462566,14.889554,12.176856,11.523993,6.806329,8.909694,11.151656,12.489848,14.192982,17.905607,19.956081,19.800165,23.644903,25.164686,28.66399,31.49713,34.633507,36.086723,37.183174,40.355694,37.210476,33.13032,31.426456,27.263868,26.413828,21.31779,19.658224,16.171095,13.1319685,11.967893,11.213457,11.913618,15.754426,16.885212,18.645994,18.025234,21.420376,21.23997,25.02876,24.4846,29.101198,29.021696,33.950993,36.864582,36.40604,33.157555,34.85979,28.480677,29.717428,25.47777,26.308647
26,17.374743,14.254677,13.299146,12.130129,10.106053,14.173656,12.518238,18.376808,19.720476,22.910755,27.016779,28.759876,30.280464,29.69291,26.60812,22.571058,20.95925,16.613514,17.784561,12.276976,17.351627,11.415563,11.541804,8.455999,4.752246,5.5519543,0.0,3.8649223,5.7832747,8.855002,11.476555,14.412677,19.574007,23.437399,25.150137,28.77056,31.299044,32.27363,29.348686,24.880774,21.766968,21.780994,17.353886,19.365084,14.900872,17.131586,15.050748,17.283575,15.834349,17.84157,15.101365,18.596684,15.591596,17.069525,20.435455,18.5212,24.147457,22.025091,19.500744,21.827951,25.521526,21.498001,17.472328,15.08315,11.759307,10.219401,8.7672,9.032343,6.3921685,8.813561,9.001501,11.615214,11.320636,15.845454,17.004808,15.664089,19.672112,20.503782,24.13661,26.595314,29.78499,31.012445,32.18199,35.177956,31.853935,27.816902,26.027996,22.054436,20.97898,16.12462,14.287496,11.241145,8.212147,7.704765,8.246475,9.039813,13.016314,13.766098,14.052539,14.167174,16.796919,16.50369,20.030666,19.563297,23.988394,24.022675,28.82386,31.669273,31.451033,28.290642,30.355581,23.940695,25.706423,21.608198,23.179283
27,20.982126,17.592945,16.889017,14.964071,12.632279,16.488604,13.758649,19.807194,20.368063,23.576714,27.098267,29.007704,30.130663,29.094934,26.358692,22.29315,21.552954,16.88523,19.103045,14.173812,19.68551,14.476163,14.686769,12.160874,7.7083154,8.735616,3.8649223,0.0,4.4990683,6.0322776,9.375822,11.74873,16.65631,20.914343,22.251703,26.135792,28.311712,29.184969,26.217855,21.628292,18.957949,18.948055,14.8557005,17.24562,13.299291,16.157476,14.64832,17.728708,16.018686,16.8793,13.811709,16.443144,12.843974,13.816662,16.822598,14.7332735,20.354368,18.17235,15.721628,18.291647,21.976091,18.240383,14.010918,11.894997,7.9829555,7.2559857,5.589956,7.350761,6.781772,9.59786,9.258749,12.997873,11.785213,16.603855,17.00798,14.742632,18.403814,18.715584,22.029135,24.240913,27.192688,28.352268,30.023693,32.91881,29.332214,25.558517,23.992863,20.309141,19.164371,14.81913,12.924317,11.092892,8.346136,7.001625,9.885277,9.622236,12.845238,14.249297,13.064362,14.809101,16.519663,16.315376,19.267351,18.897808,22.9419,22.877365,27.412657,30.040924,29.96893,26.99479,29.00174,22.756523,24.709045,20.626379,22.691828
28,20.620943,17.151903,15.9415,13.571453,10.255657,13.429656,9.858417,15.811536,16.02847,19.200506,22.604925,24.574732,25.651339,24.701494,21.948536,17.830261,17.303717,12.4975815,15.182359,10.835533,16.457092,12.432744,13.344779,12.305434,6.9043536,11.125043,5.7832747,4.4990683,0.0,5.0494056,5.7095666,9.764995,14.131611,18.457228,19.665018,23.484642,25.912209,26.799818,23.902418,19.62148,16.176302,16.732378,11.950824,14.811324,10.918069,13.874253,13.252635,16.164162,15.873306,16.42938,13.404372,16.010843,12.1319275,14.073155,16.286161,15.71355,20.481928,18.813698,15.946555,18.215006,20.995247,16.722317,13.293892,9.902075,8.374269,5.9363675,7.910414,8.369763,9.062521,10.305083,8.017532,11.2995615,8.660733,13.482245,13.444531,10.792823,14.792648,14.986855,18.723444,20.933035,24.206738,25.328568,26.433857,29.395275,26.111485,22.052162,20.401087,16.366936,15.668434,10.6618595,9.448407,7.374866,5.9016905,8.22548,9.930776,11.057941,14.463012,14.342225,12.276902,12.985955,13.946934,12.847239,15.881268,14.734101,19.097692,18.652601,23.356838,26.098522,25.856482,22.777939,24.914045,18.55267,20.682926,16.781034,19.055655
29,23.525888,19.610117,19.512032,15.950477,13.535509,16.794,13.001962,18.985825,18.23533,21.812061,24.264738,26.88291,27.341593,26.134459,23.96766,19.75155,20.508026,15.442906,19.033363,15.226463,20.51572,16.759672,18.160957,16.580112,11.519954,14.308411,8.855002,6.0322776,5.0494056,0.0,5.7680235,5.739316,11.391864,14.922982,16.859016,20.280045,22.780865,24.0658,21.699356,17.449617,14.799084,16.351437,12.03298,16.168104,13.468797,17.064869,17.093094,20.533518,19.88304,19.546183,16.316725,17.677998,12.961883,13.713168,14.23753,13.298954,17.710167,15.036873,11.874651,13.529919,16.99811,12.729341,8.899732,7.7213154,6.0749016,6.67759,8.508754,11.049517,12.39989,14.47561,12.55724,16.230537,13.229567,17.929096,17.198631,13.403896,16.88364,15.753097,19.15511,20.428253,23.422272,24.033783,25.756035,28.193817,24.24055,20.598032,18.695606,15.697099,13.676567,10.586797,7.9344177,8.12132,6.5262766,6.5198684,10.468126,10.113447,12.187411,12.741439,9.115667,12.320508,12.384274,12.336838,14.386495,14.652898,17.913177,18.451582,22.552094,25.041487,25.558235,22.823019,25.615889,19.57557,22.441332,18.983562,22.010832
30,24.930178,21.3283,20.148968,17.06362,13.433208,15.386311,10.6013565,15.619893,14.30553,17.243591,19.415154,21.69496,22.07567,20.61213,18.484951,14.425675,15.640182,10.735566,15.108778,12.740987,17.999523,15.990789,17.35745,17.436611,11.972873,16.812588,11.476555,9.375822,5.7095666,5.7680235,0.0,6.523934,8.8475895,13.79729,14.222851,18.287273,20.53728,21.338707,18.555744,14.604401,10.7714,12.40858,7.317799,11.7051735,9.467009,13.002368,14.202218,17.48556,18.173265,17.231516,14.27624,15.4031315,10.873217,12.933477,13.12735,14.353762,17.608107,16.522882,13.440529,15.380719,16.812822,12.367882,10.168988,5.5835667,7.839856,5.5782495,10.486617,11.193413,13.787757,14.354513,10.975044,14.088846,9.909483,13.953939,12.391691,7.966257,11.340551,10.155858,13.906708,15.539837,18.878525,19.772018,20.895811,23.738384,20.405003,16.37237,14.924325,10.966672,10.784028,6.078911,6.2775006,7.071465,8.184721,11.572269,13.829944,14.835414,17.356642,16.685913,12.6656685,14.12038,13.026146,11.179728,12.992109,11.08735,14.935909,13.883359,18.270384,20.798866,20.631664,17.7504,20.054955,13.932108,16.67377,13.305374,16.56207
31,27.279596,23.198643,23.39084,19.017424,16.654818,19.013523,14.687747,19.829695,17.789011,21.366007,22.483177,25.677015,25.380146,23.948544,22.543112,18.477877,20.786907,15.860162,20.432186,17.992085,22.72939,20.413033,22.420885,21.557177,16.388643,19.929247,14.412677,11.74873,9.764995,5.739316,6.523934,0.0,6.9388313,9.188046,11.837003,14.632056,17.481754,19.230356,17.659348,14.0937195,11.687581,15.026177,11.139891,16.486763,15.329747,19.110136,20.337328,23.865767,23.97857,22.761898,19.637146,19.910513,14.854899,15.359591,13.336758,13.953086,16.421013,13.666265,10.1002035,10.258091,12.803192,7.883524,5.6781716,6.340436,8.527952,9.765369,13.130923,15.617084,17.835884,19.466759,16.81028,20.214027,16.285227,20.399271,18.746685,14.009126,16.747877,14.142992,17.256584,17.319403,20.194803,20.13674,21.90029,23.750761,19.428455,16.072395,13.853454,12.024709,8.915345,8.443038,5.6118526,8.976276,9.410464,10.593912,14.124385,13.853322,14.746798,14.441156,8.879952,12.947556,10.810908,10.766552,11.078663,11.992491,13.842121,14.977934,18.277145,20.476536,21.662884,19.342632,22.859076,17.431871,21.089502,18.540886,22.30088
32,32.893677,29.02079,28.4645,24.554363,21.425312,22.861761,17.939121,21.75729,18.865116,21.347065,21.168627,23.970572,22.962286,20.645887,20.170368,16.910318,20.552526,16.438547,21.700512,20.841974,25.442434,24.491869,26.117601,26.227312,20.767033,25.023878,19.574007,16.65631,14.131611,11.391864,8.8475895,6.9388313,0.0,7.310792,5.6074944,10.37693,11.831545,12.80674,10.826936,7.673557,5.4459815,10.135261,7.952866,13.409732,14.455248,18.013184,20.548977,24.210426,24.94868,22.419987,19.709978,18.533165,13.856111,14.369981,10.270545,13.535051,13.46271,12.743044,9.921301,10.409969,9.157499,5.065943,6.7764716,5.5269322,10.947469,11.579626,16.129505,17.883347,21.468088,22.26737,19.01069,22.277472,17.868746,20.99584,18.320028,13.189181,14.062665,10.284507,12.05272,11.092199,13.53285,13.302587,15.663299,17.511606,13.142853,10.233563,9.40168,8.361011,7.6421213,8.875929,9.483944,13.53003,15.2177725,17.280357,20.616884,20.668772,21.643797,21.239809,15.514035,18.889977,15.759075,14.518123,13.538971,12.587001,13.350285,12.531864,14.714105,16.15163,17.00206,15.296908,18.024853,13.83518,17.38173,15.691203,19.882366
33,34.28138,30.203264,30.64268,25.71804,23.565722,24.740423,20.395515,23.781918,20.29252,23.308455,22.119072,25.921951,24.366142,22.707733,22.7963,19.600994,23.856922,19.889608,25.010405,24.384624,28.089916,27.543278,30.065989,29.95406,24.826822,28.973707,23.437399,20.914343,18.457228,14.922982,13.79729,9.188046,7.310792,0.0,6.744819,5.8974013,10.091043,13.110693,13.915779,12.89773,11.760456,17.112179,14.939531,20.466185,21.234621,24.720875,27.133305,30.514177,31.487667,29.435219,26.622047,25.783854,20.984741,21.248453,16.687935,19.15565,18.543087,16.4408,13.558432,11.223233,10.355431,6.521467,9.911444,12.064709,16.41255,17.661705,21.701488,23.958012,26.759436,27.962355,24.749573,27.697237,23.158134,26.273977,23.744888,18.696724,19.974989,15.835965,17.756338,15.537957,17.689451,16.160952,17.66875,17.948746,13.132168,11.073193,8.35708,10.498222,6.2457113,11.640944,10.656504,15.315481,17.176867,19.028723,21.862345,21.763851,21.661047,20.491638,14.489804,18.04234,13.814183,13.688564,10.872041,12.540215,10.605811,12.800928,13.412731,14.564573,17.257391,16.19622,20.730509,17.332603,21.720282,20.992025,25.269463
34,37.758003,33.87296,33.41749,29.274464,26.243666,27.181187,22.304714,25.219707,21.685966,23.66471,22.132286,25.03405,23.239708,20.617891,21.21393,18.755947,23.390562,19.999409,25.377974,25.432701,29.515749,29.385548,31.193306,31.617373,26.183714,30.616735,25.150137,22.251703,19.665018,16.859016,14.222851,11.837003,5.6074944,6.744819,0.0,6.02414,6.3449135,7.58567,7.244637,6.9155397,6.879291,12.138788,11.854403,16.558535,18.789478,21.960835,25.061623,28.5781,29.69496,26.67915,24.258965,22.380962,18.188587,18.408804,13.065106,17.140759,14.990409,14.974445,12.941603,12.198972,8.292356,6.559093,10.749022,10.8934355,16.193209,16.989344,21.500177,23.192541,26.989502,27.621456,24.21413,27.234306,22.671288,25.189106,22.11047,17.127495,16.924995,12.529145,12.864915,9.979694,11.356928,9.869474,12.602866,13.339743,8.380434,7.056552,7.231654,9.204274,8.951013,12.652304,13.751846,18.159124,20.264696,22.423164,25.636913,25.668894,26.193693,25.540367,19.56313,22.912909,19.032448,17.822403,15.635572,14.8523655,13.720853,12.852571,12.947539,13.275603,14.793546,14.216342,17.024782,14.745774,18.379047,17.992054,22.274609
