,0,1,2,3,4,5,6,7,8,9,10,11,12,13,14,15,16,17,18,19,20,21,22,23,24,25,26,27,28,29,30,31,32,33,34,35,36,37,38,39,40,41,42,43,44,45,46,47,48,49,50,51,52,53,54,55,56,57,58,59,60,61,62,63,64,65,66,67,68,69,70,71,72,73,74,75,76,77,78,79,80,81,82,83,84,85,86,87,88,89,90,91,92,93,94,95,96,97,98,99,100,101,102,103,104,105,106,107,108,109,110,111,112,113
0,0.0,4.2746325,6.018513,9.671049,11.756197,13.566715,13.2983885,12.285811,10.944904,14.617668,15.9108305,20.021387,20.740377,22.61346,20.497877,17.256636,17.638388,15.563734,16.448532,16.807632,15.743982,18.07074,22.367605,22.565895,19.533876,25.049343,20.777796,21.574186,18.378479,18.405964,18.102568,17.263096,21.683983,20.9314,26.172651,25.230173,30.11159,32.266018,29.633102,29.80369,25.344774,28.237043,24.3367,26.504154,25.355515,26.090982,27.752337,27.784916,32.010326,31.913734,30.744974,31.935152,29.626446,32.78322,31.858267,36.228004,36.041496,36.085735,33.296104,33.601646,31.422195,27.17616,28.748653,24.840092,28.42216,25.71031,30.542536,30.053349,30.371786,29.773714,26.205019,25.306602,21.936312,21.74124,20.866764,19.498133,21.433052,20.19392,23.622702,23.552984,27.177727,26.45974,24.071081,25.33155,22.575909,18.159786,17.893925,14.991475,13.356818,12.845168,12.68415,13.405765,16.669815,18.719578,22.644564,25.000034,27.986078,30.06706,29.515099,29.236626,25.993414,26.398563,24.002172,22.803598,23.664562,22.086311,23.315289,26.771915,26.67793,27.825186,29.348104,31.365427,31.032976,35.48834
1,4.2746325,0.0,5.1385427,6.008773,9.428968,11.2659645,11.164447,12.222288,11.257961,15.651526,17.668844,21.68362,22.527742,23.816584,21.447502,17.633883,17.855982,14.732803,16.047716,14.978973,15.077267,15.743664,20.021597,19.556679,16.244078,21.318731,17.184635,18.068756,15.383351,15.2911,16.081566,15.128956,20.918009,20.442137,25.417248,25.331354,29.843472,32.20364,29.50804,29.125797,24.511389,27.404541,22.975328,25.4938,23.67449,24.671482,25.842955,26.010565,29.855791,30.234138,28.798439,30.436554,27.809273,31.03927,30.335886,34.317875,34.606544,34.110737,31.139023,31.461393,29.95934,25.352467,26.35773,22.776226,25.663015,23.0633,27.534348,27.217146,27.083101,26.788332,23.49286,22.720718,19.594128,20.08951,19.630947,18.08733,20.812788,19.675314,23.5747,23.845491,27.570261,27.07317,25.383146,26.928616,23.484098,19.570013,18.470737,15.443572,13.176066,11.428069,10.159418,9.851878,12.8963375,14.517545,18.504517,20.850845,23.805338,25.97916,25.621319,25.334515,22.2337,22.64845,20.767225,19.493826,21.110931,19.789295,21.26679,24.279194,24.011538,24.449255,26.16237,27.797453,27.441444,31.818214
2,6.018513,5.1385427,0.0,6.152153,6.5518203,9.538478,11.017307,10.972661,11.852013,15.619884,18.732769,22.002855,23.56229,25.353153,22.500288,19.0353,17.714298,15.399774,14.917303,13.818614,12.201336,13.516248,18.044662,17.670279,15.577528,21.190498,17.819466,19.66563,17.025,18.297606,18.60739,19.20683,24.589197,24.882778,29.397835,29.45351,34.055485,36.07951,32.97356,32.326084,27.535593,29.623121,25.305042,26.855146,24.749254,24.968483,25.793655,25.077387,29.443813,30.23531,29.260544,31.297201,29.406961,32.95404,33.13656,36.985294,37.80026,37.549202,34.70533,35.507126,34.13989,29.567429,30.16727,26.113882,28.440275,25.230743,29.483913,28.414978,27.985935,27.112164,23.951956,22.195507,19.748808,19.17801,19.302248,19.106031,21.6587,21.50679,25.298605,26.19776,30.000109,29.874147,27.596426,29.569204,26.709896,22.774023,22.191849,18.459423,17.34115,14.616926,14.3083315,13.11627,15.284735,17.058983,19.885975,23.108944,25.211176,27.73059,27.316236,27.611885,25.024866,26.044806,24.557833,23.722242,25.642609,24.71364,26.30513,29.132109,28.694023,28.641363,30.19873,31.432714,30.628149,34.813538
3,9.671049,6.008773,6.152153,0.0,4.940008,6.6536636,7.793986,11.214411,11.924992,16.313654,19.797838,23.007784,24.473064,25.346657,22.374039,18.295317,17.224089,13.494412,14.147286,11.061615,12.161378,10.576572,14.784551,13.675442,10.54278,15.619702,12.053074,13.871662,11.900935,13.155987,14.728751,15.491568,22.057877,22.894966,26.748672,27.918514,31.945023,34.10637,30.933847,29.589195,24.7386,26.78478,21.928051,23.973898,21.114384,21.835234,22.106468,21.886515,25.522299,26.746588,25.325457,27.789928,25.407957,28.940113,29.336138,32.66058,34.02642,33.173653,30.194698,31.109585,30.561789,25.717909,25.557663,21.89548,23.30927,20.278242,24.06856,23.28241,22.439133,22.021873,19.161728,17.87856,15.58187,16.299688,16.796837,16.069288,19.5764,19.41401,23.655235,24.888533,28.696983,28.841076,27.567575,29.84031,26.157413,23.003733,21.459282,17.731285,16.152008,12.035067,10.769344,8.064103,9.435636,11.289662,13.7817745,17.060211,19.152626,21.588114,21.19988,21.500563,19.077326,20.34308,19.321619,18.838737,21.376724,21.179184,23.219805,25.283247,24.432589,23.69102,25.006596,25.831991,24.812115,28.87514
4,11.756197,9.428968,6.5518203,4.940008,0.0,4.017229,7.376922,9.569748,12.112133,15.648494,20.116543,22.481178,24.603651,25.829754,22.425192,18.77551,16.189602,13.409692,12.139757,8.929171,8.342569,7.159772,11.711928,11.174372,9.608949,15.480973,12.773055,15.474154,13.399813,16.134212,16.675184,19.070328,24.762083,26.418522,29.723387,31.008886,35.11241,36.85552,33.24613,31.645433,26.696114,27.833511,23.258802,24.177307,21.14354,20.972284,20.920616,19.745064,23.957266,25.511398,24.640207,27.424244,25.925434,29.72463,31.049162,34.24911,36.100647,35.64522,32.902798,34.37501,33.82892,29.165361,28.700455,24.471909,25.448757,21.777794,25.362402,23.689089,22.765045,21.571966,18.809568,16.421967,14.886028,14.260514,15.394131,16.201424,19.357935,20.240015,24.245594,26.114576,29.936813,30.484018,28.699112,31.42411,28.31468,25.24327,24.186733,19.824518,19.418917,14.673996,14.695207,12.012258,12.559662,15.00003,15.871348,19.92626,21.037174,23.578417,22.89684,23.853909,21.975933,23.946934,22.997543,23.171366,25.549025,25.81486,28.00425,29.954576,28.882524,28.026907,28.852388,29.44643,27.873444,31.68556
5,13.566715,11.2659645,9.538478,6.6536636,4.017229,0.0,4.079675,7.6087823,10.405426,13.620622,18.453115,20.367634,22.602476,23.415117,19.859512,16.198626,13.2882805,10.259072,9.076451,4.9889083,6.4068747,4.635665,8.836597,9.630159,7.2262907,13.644775,10.321495,12.824989,10.361537,13.919417,13.754835,17.353073,22.474045,24.97889,27.479078,29.283678,33.129543,34.584904,30.703207,28.720459,23.774387,24.411015,19.897266,20.461386,17.262053,16.98915,16.92285,15.909504,20.1143,21.508633,20.645948,23.445005,22.114513,25.970839,27.691483,30.76437,32.89241,32.618282,30.05412,31.937824,31.492083,27.004774,26.232124,21.668024,22.40137,18.42971,22.064627,20.095114,19.566006,18.093681,15.084096,12.757307,10.955245,10.333435,11.5124,12.557162,15.837765,17.127825,21.111887,23.389227,27.147467,28.02353,26.512604,29.594744,26.454369,23.96235,22.761152,18.131922,18.424143,12.845453,13.673817,11.03297,11.052087,14.847473,14.841778,18.952415,19.938995,22.020311,20.77498,21.93178,20.108034,22.6407,21.278015,22.309647,24.20351,25.244102,27.795319,29.401632,27.927456,27.32498,27.272194,27.955986,25.903614,29.639273
6,13.2983885,11.164447,11.017307,7.793986,7.376922,4.079675,0.0,6.197949,7.636943,11.049042,15.515245,17.595036,19.517921,19.912798,16.485332,12.574898,10.454928,6.5592017,7.2398534,4.2083325,7.7612534,7.431998,10.41539,12.118647,8.376026,14.456469,9.867137,11.128472,7.5834637,11.022506,9.865998,13.961385,18.50221,21.375093,23.532099,25.472729,29.22538,30.57227,26.641003,24.654,19.705465,20.494032,15.9676895,16.861511,14.007158,14.240037,14.907244,14.849832,18.826115,19.392067,18.255865,20.499207,18.800386,22.551819,23.872253,27.219776,29.03351,28.976725,26.490406,28.433647,27.708097,23.383776,22.817142,17.950626,19.293625,15.321028,19.578735,17.896248,18.228024,16.9057,13.303576,12.052917,8.843538,8.983313,9.013616,8.858377,12.286965,13.164089,17.267685,19.451588,23.202532,24.084003,22.864708,25.99207,22.680527,20.545519,19.169016,14.509182,15.16498,9.208895,10.860831,9.023081,9.481538,14.495852,14.886153,18.393261,20.002573,21.510782,19.837027,20.673342,18.367624,20.929398,18.712963,20.217726,21.303421,22.72132,25.460773,27.030895,25.371542,25.485872,24.792252,25.974165,23.852621,27.770267
7,12.285811,12.222288,10.972661,11.214411,9.569748,7.6087823,6.197949,0.0,4.5417366,6.295163,11.46824,13.038712,15.4955225,16.934336,13.333148,10.40112,7.064754,6.3620286,4.2629304,7.014768,5.784598,10.603852,13.488528,16.366835,13.863126,20.202044,15.942822,17.055563,13.077447,16.04915,13.145267,17.193182,19.685614,22.509413,24.86057,25.738192,30.02206,30.91136,26.8227,25.526064,20.747974,21.190365,17.740782,17.547289,16.120497,15.472174,17.171688,16.537474,21.377281,20.999393,20.6161,21.977085,21.20515,24.828129,26.009134,29.961067,31.124073,32.034065,29.88999,31.901695,30.177767,26.378185,26.636234,21.212048,23.682102,19.602379,24.31079,22.27746,23.367624,21.462645,17.605097,15.963924,12.728961,10.660303,9.644835,10.522636,11.82245,13.026055,16.251492,18.308746,22.009449,22.837893,20.33787,23.53809,21.385029,18.783543,18.612154,13.5749235,15.670937,11.086756,14.167057,13.852772,15.286313,20.15861,21.04498,24.496836,26.19144,27.678072,25.863708,26.681103,24.184992,26.56212,23.690159,25.062025,25.274134,26.272528,28.768364,30.972914,29.539724,30.531301,29.732475,31.435312,29.408346,33.41762
8,10.944904,11.257961,11.852013,11.924992,12.112133,10.405426,7.636943,4.5417366,0.0,4.684306,8.180112,11.109386,12.664229,13.866671,10.7616825,7.267306,6.8245225,5.378328,7.055,9.93298,10.2870245,14.079644,16.919235,19.466536,16.008827,21.965906,16.982454,17.119732,12.768009,14.455175,10.998721,14.034639,15.820385,18.25187,20.949814,21.376734,25.835724,26.852028,22.99793,22.20218,17.507446,18.843584,15.499185,16.28192,15.702058,15.954736,18.394827,18.801744,23.099455,21.997488,21.192953,21.787573,20.294333,23.553442,23.635204,28.050354,28.409628,29.44447,27.275612,28.9156,26.648382,23.007046,23.939781,18.573778,22.128338,18.556538,23.781916,22.468882,24.093607,22.692373,18.585882,18.037708,13.949992,13.072054,11.041731,9.808014,10.761752,10.407447,13.696273,14.900697,18.67964,19.066257,16.687895,19.557503,17.097107,14.323917,14.106084,9.121066,11.400647,7.697881,11.416342,12.473548,14.728036,19.739088,21.541586,24.273178,26.709255,27.880045,26.043098,26.326994,23.286757,25.18132,21.622961,22.84449,22.279665,23.08095,25.485056,27.92801,26.610035,28.399677,27.48337,29.748363,28.077324,32.30842
9,14.617668,15.651526,15.619884,16.313654,15.648494,13.620622,11.049042,6.295163,4.684306,0.0,5.6249137,6.8467135,9.219127,10.957702,7.511061,5.7922554,4.154474,6.657045,6.806369,11.875332,11.327651,16.431664,18.532787,22.019686,19.072,25.02659,20.23579,20.285088,15.866456,17.940393,13.416712,17.26933,16.990026,20.129253,21.910666,22.107916,26.474125,26.795929,22.632736,21.96129,17.651949,18.003813,15.835834,15.263378,15.734202,15.263945,18.302036,18.53139,23.030073,21.169395,20.935404,20.844341,20.278316,23.353626,23.781492,28.318428,28.536161,30.37405,28.666178,30.705008,28.020529,25.030293,26.07669,20.34576,24.065933,20.331821,25.540436,23.795273,26.037529,24.15357,19.984606,19.342476,15.39311,13.481606,10.859114,10.536059,9.525425,9.955522,11.931389,13.488195,16.947048,17.712116,14.53393,17.880117,16.609465,14.411653,15.11691,10.23334,14.125196,11.210905,15.538288,16.844091,18.791082,24.117136,25.41244,28.215425,30.402678,31.336239,29.148859,29.626997,26.730257,28.917795,25.029037,26.74725,25.555683,26.704712,29.14357,31.540108,30.08023,32.28745,30.760115,33.194103,31.226828,35.302647
10,15.9108305,17.668844,18.732769,19.797838,20.116543,18.453115,15.515245,11.46824,8.180112,5.6249137,0.0,4.9126873,4.888225,7.258561,5.664441,5.7530737,8.536419,10.551554,12.304318,17.041592,16.838694,21.697252,23.883743,27.154963,23.724277,29.403706,24.220118,23.56413,19.096886,19.91864,15.126515,17.41957,15.120493,17.50191,19.457056,18.42857,23.036198,23.17027,19.420586,19.887222,16.26504,17.485844,16.326168,16.471495,18.287355,18.507486,22.13147,23.091091,27.078814,24.465057,24.023092,22.91992,21.930765,24.318962,23.395887,28.443275,27.43146,29.762,28.260384,29.830069,26.20927,23.878336,25.92241,20.49123,25.399488,22.388247,27.875505,26.800825,29.559246,28.06641,23.822054,23.963917,19.613346,18.423342,15.343677,13.6512575,11.796756,10.383339,11.050191,10.806988,13.859336,13.843615,9.881439,12.6638155,12.144477,9.785411,11.58049,7.833601,12.4657,12.188964,16.532433,19.095022,21.632057,26.762552,28.842688,30.985123,33.770786,34.427544,32.251022,32.24277,28.914688,30.538588,26.013887,27.483406,25.27114,26.048103,28.171001,30.90043,29.686998,32.91051,31.2601,34.320557,32.782974,36.97791
11,20.021387,21.68362,22.002855,23.007784,22.481178,20.367634,17.595036,13.038712,11.109386,6.8467135,4.9126873,0.0,3.6513653,6.3632226,4.38728,7.3240867,8.0996065,12.000174,12.488983,18.00125,17.44109,22.804811,24.268784,28.265913,25.348595,30.984093,26.115532,25.592085,21.187252,22.763227,17.4343,20.976364,17.83588,21.210184,21.9024,21.34946,25.43846,24.827293,20.68173,20.751083,17.5506,17.244802,17.129343,15.662759,18.062222,17.465189,21.280396,21.949057,25.970337,22.876055,23.039576,21.52183,21.630972,23.907608,23.843596,28.645536,27.97627,30.911163,29.856218,32.008514,28.480953,26.618494,28.251337,22.541111,26.950264,23.643442,28.84296,27.202217,30.315878,28.332548,24.193064,24.111038,20.147844,18.15792,14.971855,14.393198,11.299853,11.272731,10.558158,11.348,13.716855,14.574862,10.289561,13.835505,14.585167,13.5386305,15.462808,11.901945,16.950258,15.822629,20.463453,22.58415,24.5988,30.101633,31.410465,33.82264,36.160168,36.659737,34.16008,34.4956,31.494886,33.611263,29.091955,31.154379,28.839973,30.182049,32.49923,34.92352,33.433586,36.565468,34.342773,37.2676,35.272137,39.218323
12,20.740377,22.527742,23.56229,24.473064,24.603651,22.602476,19.517921,15.4955225,12.664229,9.219127,4.888225,3.6513653,0.0,3.989183,4.608278,7.880365,10.753739,13.743838,15.323255,20.466228,20.39977,25.393589,26.997087,30.750092,27.411892,32.84692,27.70637,26.739267,22.348793,23.166613,17.841137,20.433842,16.21831,19.129837,19.78164,18.578663,22.679146,21.961494,18.128683,18.91792,16.22606,16.6205,16.995039,16.28482,19.258015,19.283722,23.309067,24.518372,28.144398,24.756613,24.61703,22.616507,22.21375,24.043322,23.020681,28.08326,26.6326,29.759203,28.803186,30.618427,26.595741,25.1478,27.332468,21.92727,26.972734,24.175491,29.500166,28.369572,31.713766,30.073542,25.902601,26.356222,22.094992,20.749996,17.369263,15.821575,12.7321205,11.47542,10.14979,9.524092,11.478782,11.743208,6.9752584,10.2334385,11.528235,10.832679,13.208746,10.683404,15.789424,15.954051,20.463345,23.197048,25.487066,30.855658,32.61056,34.5833,37.294617,37.61048,35.145157,35.15559,31.904377,33.662106,28.817623,30.74157,27.859499,29.037672,31.178701,33.69947,32.335815,36.02017,33.715904,36.983147,35.268852,39.26615
13,22.61346,23.816584,25.353153,25.346657,25.829754,23.415117,19.912798,16.934336,13.866671,10.957702,7.258561,6.3632226,3.989183,0.0,3.9315386,7.368962,11.342877,13.644544,16.184961,20.823845,21.821505,26.018332,27.210915,30.97842,27.329393,32.24916,27.039299,25.56614,21.372683,21.871885,16.32092,19.004593,13.633961,17.321047,16.794634,16.235786,19.791502,18.737974,14.60511,15.14827,12.8248,13.017803,14.097546,13.531621,17.130423,17.627737,21.833471,23.696104,26.673695,22.895174,22.521658,20.000505,19.35445,20.760107,19.38669,24.4631,22.803415,26.16427,25.449339,27.425562,23.39045,22.367311,24.475674,19.18302,24.303192,21.862652,27.052338,26.204832,29.926468,28.500002,24.429745,25.527525,21.16169,20.468132,16.87558,14.6206045,11.228683,9.365831,6.980238,5.8766212,7.5579147,8.305041,4.490261,8.768273,9.4743395,10.464245,12.099029,10.122496,15.367449,15.455838,19.980364,22.848305,24.858839,30.365067,31.882208,33.48462,36.23519,36.17106,33.529057,33.422005,30.204268,32.003685,26.94256,29.304827,25.960758,27.680513,29.987228,32.09665,30.491968,34.393383,31.509045,34.881466,33.060112,36.886253
14,20.497877,21.447502,22.500288,22.374039,22.425192,19.859512,16.485332,13.333148,10.7616825,7.511061,5.664441,4.38728,4.608278,3.9315386,0.0,4.416947,7.4225764,10.172804,12.292293,17.085356,17.993391,22.263514,23.41623,27.299229,23.876627,29.003292,23.943369,22.855545,18.566484,19.772604,14.154929,17.860794,14.021617,18.1476,18.038734,18.23911,21.962933,21.321867,16.906183,16.530163,13.233733,12.946193,12.924305,11.842973,14.663462,14.734777,18.79672,20.276669,23.672241,20.29312,20.036005,18.184887,17.767752,19.847677,19.473618,24.3348,23.628075,26.530024,25.530544,27.797628,24.391096,22.654129,24.153152,18.453854,22.969418,19.927864,25.14006,23.837637,27.268867,25.581987,21.44786,22.10673,17.843828,16.760569,13.231528,11.521605,8.161712,7.3035684,6.242149,7.2893386,10.05084,11.291527,8.186573,12.336827,11.968801,11.9655,13.037284,9.546032,14.837824,13.457951,18.20564,20.504902,22.294294,27.962112,29.123327,31.141882,33.594227,33.743008,31.102278,31.28117,28.250736,30.3866,25.65852,28.109594,25.443415,27.287647,29.79968,31.841522,30.119114,33.38853,30.69108,33.699787,31.628115,35.478233
15,17.256636,17.633883,19.0353,18.295317,18.77551,16.198626,12.574898,10.40112,7.267306,5.7922554,5.7530737,7.3240867,7.880365,7.368962,4.416947,0.0,5.774225,6.4079223,9.883145,13.797427,15.453155,18.950254,20.459534,23.852238,20.069618,25.18844,19.954433,18.861843,14.487713,15.582951,10.172672,13.955104,11.773021,15.829167,16.513746,17.261866,21.208176,21.33331,17.001171,16.169922,11.939176,12.644145,10.835758,11.075297,12.632118,13.292181,16.978456,18.582369,22.030003,19.360569,18.584019,17.57824,16.258558,18.821468,18.393393,23.208294,22.917923,24.986395,23.472866,25.556507,22.62366,20.08354,21.338528,15.577883,19.995152,16.821337,22.245197,21.156496,24.157934,22.755144,18.52779,19.24975,14.704637,14.286466,10.902236,8.27977,6.4663835,4.7735753,6.6872773,7.9646506,11.636732,12.538081,10.517936,14.182417,12.092312,11.283903,11.279711,6.732475,11.556168,9.151445,13.932684,16.090097,17.9321,23.556353,24.88688,26.897335,29.467539,29.761818,27.301105,27.400671,24.274387,26.342981,21.796944,24.077898,21.884607,23.673754,26.297369,28.300898,26.57387,29.455095,27.103355,29.950237,27.975893,31.981867
16,17.638388,17.855982,17.714298,17.224089,16.189602,13.2882805,10.454928,7.064754,6.8245225,4.154474,8.536419,8.0996065,10.753739,11.342877,7.4225764,5.774225,0.0,5.024581,4.9164934,10.117231,10.801065,15.149014,16.299574,20.358332,17.534086,23.11121,18.538029,18.490797,14.247092,17.0367,12.113577,17.368555,16.894197,21.114786,21.761847,22.974112,26.786865,26.816025,22.273806,20.766155,16.42931,15.6822,13.57685,12.004321,12.216051,11.272647,14.383892,14.707266,19.089886,17.063965,16.999979,17.002916,16.933355,20.166529,21.504023,25.649286,26.561464,28.449303,26.94149,29.525331,27.338337,24.459578,24.816662,18.889603,21.844442,17.80253,22.712982,20.540474,23.03764,20.861616,16.744757,16.179726,12.363278,10.197352,7.1933084,7.663716,6.1524467,8.215212,10.180154,12.966761,16.300642,17.788485,15.375814,19.290594,17.80066,16.638756,16.785908,11.863871,15.927155,11.830254,16.28384,17.039776,18.202085,23.925516,24.294317,27.187656,28.946348,29.60198,27.089346,27.859219,25.320509,28.028801,24.239737,26.668339,25.507484,27.426668,30.18368,32.03726,30.192764,32.1068,29.955107,32.13588,29.687605,33.488922
17,15.563734,14.732803,15.399774,13.494412,13.409692,10.259072,6.5592017,6.3620286,5.378328,6.657045,10.551554,12.000174,13.743838,13.644544,10.172804,6.4079223,5.024581,0.0,5.3796754,7.515691,10.408838,12.685249,14.24643,17.446856,13.751017,19.124071,14.120345,13.812609,9.430876,12.107602,7.6852784,13.081122,14.470094,18.480534,19.557384,21.391315,25.092382,25.76459,21.449059,19.581518,14.762748,15.031664,11.387201,11.594945,10.400154,10.699753,13.178207,14.141744,18.022974,16.765846,15.826888,16.584946,15.198856,18.670624,19.652689,23.641777,24.810448,25.82052,23.848307,26.175694,24.547703,21.030848,21.057575,15.349689,18.038958,14.04234,19.11829,17.44455,19.498558,17.897896,13.69085,13.636669,9.221915,8.862791,6.2733035,4.524702,6.282725,7.125107,10.893871,13.338408,17.024103,18.203924,16.869574,20.413607,17.585928,16.260872,15.310628,10.3548355,13.12299,7.7305765,11.800615,12.183759,13.222981,19.008327,19.540676,22.25215,24.249706,24.929941,22.58532,23.163486,20.483307,23.098604,19.504545,21.847382,21.151358,23.149242,26.027472,27.655928,25.759624,27.274065,25.361488,27.378212,25.053013,28.983147
18,16.448532,16.047716,14.917303,14.147286,12.139757,9.076451,7.2398534,4.2629304,7.055,6.806369,12.304318,12.488983,15.323255,16.184961,12.292293,9.883145,4.9164934,5.3796754,0.0,5.862995,6.0825977,10.454115,11.897401,15.88672,13.658128,19.610289,15.58696,16.526154,12.656164,16.371868,12.720384,18.152384,19.74142,23.617146,24.808325,26.365416,30.210455,30.652828,26.19719,24.325644,19.677078,19.028864,15.963892,14.649875,13.12874,11.783169,13.536422,12.759676,17.72014,17.079657,17.041416,18.407219,18.345535,22.040836,24.074068,27.709393,29.390335,30.581741,28.752476,31.328718,29.852482,26.367994,26.12771,20.43625,22.326712,17.930527,22.364357,19.786413,21.300367,18.926096,15.061618,13.350247,10.274075,7.2796288,5.938106,8.318897,9.078832,11.596113,14.433057,17.347288,20.827696,22.255156,20.063946,23.797602,21.837397,20.139866,19.87366,14.758059,17.658642,12.495568,16.07042,15.583775,16.237019,21.633484,21.49714,25.002113,26.24675,27.35698,25.097946,26.237215,24.090534,27.022173,24.060768,26.239264,26.166885,27.942665,30.724617,32.469963,30.65742,31.62495,30.03482,31.615442,29.070742,32.79299
19,16.807632,14.978973,13.818614,11.061615,8.929171,4.9889083,4.2083325,7.014768,9.93298,11.875332,17.041592,18.00125,20.466228,20.823845,17.085356,13.797427,10.117231,7.515691,5.862995,0.0,5.908896,5.327495,7.040345,10.295544,7.8268824,13.864621,10.259896,12.089544,9.13242,13.632975,11.932173,17.241693,20.94309,24.594465,25.923162,28.249302,31.764635,32.698452,28.425045,25.993347,21.160376,20.821054,16.703218,16.288248,13.026993,12.214063,12.264973,11.275851,15.750459,16.716799,16.109602,18.826752,18.102331,22.043308,24.479706,27.410028,29.886936,30.081673,27.890879,30.394102,29.935898,25.877598,24.798937,19.714924,20.206917,15.776283,19.455717,16.85972,17.166954,15.043301,11.624331,9.260279,7.01151,5.428912,6.6880198,8.856564,11.860511,14.087496,17.73921,20.67671,24.245264,25.62969,24.308474,27.874691,24.993357,23.299444,22.161589,17.284164,18.765675,12.658014,14.765596,12.730398,12.264652,17.242323,16.245718,20.164711,20.887209,22.283045,20.280128,21.713879,20.054516,23.230965,21.275398,23.377352,24.449772,26.378162,29.26187,30.520119,28.612532,28.465147,27.264814,28.116089,25.459608,28.991756
20,15.743982,15.077267,12.201336,12.161378,8.342569,6.4068747,7.7612534,5.784598,10.2870245,11.327651,16.838694,17.44109,20.39977,21.821505,17.993391,15.453155,10.801065,10.408838,6.0825977,5.908896,0.0,6.9565654,9.581273,12.713314,12.033498,18.307844,15.446487,17.71542,14.680525,18.695116,16.689081,21.35914,24.606667,27.7437,29.757383,31.167463,35.21779,36.047832,31.779976,29.939037,25.140574,24.796005,21.242891,20.257273,17.85472,16.33693,16.759125,14.725968,19.909979,20.707159,20.7879,23.140316,23.10605,26.993624,29.319002,32.613758,34.69296,35.330307,33.2039,35.55927,34.527172,30.554205,30.04682,24.774464,25.926342,21.510283,25.33107,22.568542,22.814425,20.40786,17.213522,14.180636,12.656911,9.440413,10.370499,13.285923,14.979963,17.32477,20.456665,23.177267,26.759613,27.97166,25.57447,29.022472,26.961164,24.551212,24.252747,19.200151,21.012304,15.805209,18.134743,16.514925,16.865227,21.182919,20.817713,24.985174,25.652092,27.485796,25.790897,27.23925,25.516563,28.368744,26.410849,27.911388,28.9942,30.217768,32.796646,34.651302,33.093403,33.12345,32.4775,33.462475,31.074198,34.709667
21,18.07074,15.743664,13.516248,10.576572,7.159772,4.635665,7.431998,10.603852,14.079644,16.431664,21.697252,22.804811,25.393589,26.018332,22.263514,18.950254,15.149014,12.685249,10.454115,5.327495,6.9565654,0.0,4.558284,5.8879333,5.7494826,11.657349,9.979325,13.243143,11.798844,16.182531,16.116743,20.596561,25.49333,28.62932,30.400412,32.76394,36.285564,37.501495,33.380463,30.872702,26.02538,25.807108,21.454914,21.201237,17.407646,16.472086,15.365726,13.438288,17.563442,19.864761,19.351227,22.841652,22.190487,26.149796,28.888968,31.347036,34.257343,33.90929,31.523788,33.858192,33.953682,29.571598,28.115055,23.614624,23.206697,18.995865,21.727957,19.055796,17.968369,15.970337,13.663115,10.2127,10.212297,8.973038,11.498241,13.907057,17.123812,19.311197,23.047346,25.921648,29.521023,30.816582,29.462843,32.890453,29.880146,27.824705,26.58456,21.841711,22.52771,16.555887,17.4723,14.380571,13.264801,16.762024,15.05487,19.601435,19.464947,21.539309,20.152147,21.959562,20.96553,24.086327,23.308044,24.859787,27.039236,28.614477,31.32836,32.463787,30.727531,29.54875,29.136591,29.267185,26.717089,29.969648
22,22.367605,20.021597,18.044662,14.784551,11.711928,8.836597,10.41539,13.488528,16.919235,18.532787,23.883743,24.268784,26.997087,27.210915,23.41623,20.459534,16.299574,14.24643,11.897401,7.040345,9.581273,4.558284,0.0,5.3271513,6.7322454,10.801009,10.340496,13.464019,12.74326,17.597664,17.255053,22.581926,26.877316,30.738903,31.5822,34.548126,37.64044,38.53758,34.20135,31.168312,26.544659,25.45893,21.427917,20.402596,16.213005,14.748422,12.660594,10.076965,13.8395815,16.869677,16.664751,20.667454,20.680614,24.604797,28.275503,30.11459,33.71336,33.402866,31.301504,34.129494,34.664574,30.551672,28.496082,24.034481,22.660725,18.316658,20.19564,16.853214,15.627646,13.007373,11.387871,7.0845995,9.000533,7.522436,10.9599495,14.214598,17.20014,20.068367,23.441473,26.821947,30.16196,31.877707,30.864122,34.607758,31.683626,30.251804,28.91055,24.155489,25.31791,19.034506,20.263527,17.163055,15.315656,19.000378,15.967287,20.441195,19.49418,21.119633,19.311337,21.63068,21.304638,24.99283,24.388193,26.665895,28.693607,30.951368,33.88735,34.53693,32.46361,31.096413,29.972944,29.789198,26.697031,29.460169
23,22.565895,19.556679,17.670279,13.675442,11.174372,9.630159,12.118647,16.366835,19.466536,22.019686,27.154963,28.265913,30.750092,30.97842,27.299229,23.852238,20.358332,17.446856,15.88672,10.295544,12.713314,5.8879333,5.3271513,0.0,5.181813,7.6233025,9.074192,12.992799,13.560367,17.715754,19.050198,23.187141,28.832205,31.973309,33.391808,36.39671,39.445778,40.821846,36.819942,33.839725,29.161928,28.794468,24.239,24.196644,19.69613,18.989328,16.654503,14.695777,17.398977,20.986712,20.256332,24.514898,23.742138,27.548939,30.77505,32.35976,36.00566,34.94887,32.504143,34.870758,35.919914,31.418322,29.153385,25.465893,23.585358,19.79816,21.077572,18.44059,15.913188,14.3222275,13.575346,10.017599,12.090819,12.225539,15.371698,17.548332,21.184652,23.374205,27.166668,30.166883,33.634247,35.049107,34.292248,37.73108,34.313457,32.56258,30.858791,26.413765,26.53459,20.450329,20.439222,16.58185,14.254315,16.320236,12.864306,17.586222,16.09767,18.39326,17.425781,19.75618,19.852768,23.182827,23.680498,25.274515,28.31661,30.174616,32.906483,33.372055,31.513062,29.214888,28.970669,28.181046,25.454222,28.061617
24,19.533876,16.244078,15.577528,10.54278,9.608949,7.2262907,8.376026,13.863126,16.008827,19.072,23.724277,25.348595,27.411892,27.329393,23.876627,20.069618,17.534086,13.751017,13.658128,7.8268824,12.033498,5.7494826,6.7322454,5.181813,0.0,6.474086,4.5246005,8.323595,8.542896,12.552418,14.180459,18.031849,23.903824,26.910593,28.392763,31.432747,34.420223,35.94775,32.110497,29.248205,24.541437,24.744766,19.886465,20.675236,16.268661,16.409492,14.76839,14.109911,16.715439,19.42895,18.076937,21.886673,20.249699,24.00505,26.493761,28.417877,31.620878,30.477955,27.879221,30.031086,30.908747,26.330015,24.269041,20.578045,19.18671,15.491655,17.520063,15.524509,13.611696,12.621822,10.868482,8.675876,8.86892,10.493143,12.815974,13.669929,17.760504,19.271387,23.319077,25.980175,29.47873,30.69094,30.28416,33.532333,29.773855,28.14515,26.155302,21.956144,21.778772,15.687969,15.488497,11.667362,9.242832,12.297873,9.539237,14.07615,13.80977,15.796408,14.522535,16.316687,15.614335,18.869799,18.787008,20.489714,23.231297,25.186611,28.015163,28.507683,26.591042,24.754385,24.310831,23.978811,21.381962,24.480406
25,25.049343,21.318731,21.190498,15.619702,15.480973,13.644775,14.456469,20.202044,21.965906,25.02659,29.403706,30.984093,32.84692,32.24916,29.003292,25.18844,23.11121,19.124071,19.610289,13.864621,18.307844,11.657349,10.801009,7.6233025,6.474086,0.0,5.620599,8.597848,11.601171,14.5299635,17.553007,20.743275,26.980871,29.977688,30.819557,34.61203,36.874084,38.528687,34.939728,31.577118,27.28831,27.35067,22.498135,23.607498,18.748764,19.325562,16.67397,16.497644,17.135187,20.805971,19.074436,23.397058,21.467323,24.781551,27.606627,28.394869,32.34841,30.324038,27.729853,29.864716,31.932667,27.416897,24.373487,21.942787,18.713314,15.9653015,15.8952675,14.399754,10.663146,10.924132,11.366631,10.258741,12.142697,14.944646,17.447811,17.886208,22.089575,23.459368,27.364836,30.043276,33.25622,34.574055,34.94934,38.14599,33.98101,32.865242,30.38084,26.699717,26.020285,20.162619,19.114199,15.0306225,11.489194,12.5016,7.120108,11.202489,8.954147,10.860688,10.016052,12.521971,13.46542,16.98676,18.518288,20.439087,23.94571,26.384233,29.213213,28.737303,26.614326,23.540693,23.017818,21.52697,18.657291,20.82029
26,20.777796,17.184635,17.819466,12.053074,12.773055,10.321495,9.867137,15.942822,16.982454,20.23579,24.220118,26.115532,27.70637,27.039299,23.943369,19.954433,18.538029,14.120345,15.58696,10.259896,15.446487,9.979325,10.340496,9.074192,4.5246005,5.620599,0.0,4.028738,6.076408,9.297274,12.071555,15.388749,21.550117,24.554384,25.601345,29.15301,31.653131,33.325825,29.727661,26.647928,22.16871,22.71877,17.645868,19.307863,14.791944,15.919765,14.352026,15.007791,16.44295,18.842638,16.816658,20.441027,17.932417,21.385962,23.449347,25.066473,28.310097,26.672136,23.956303,25.993063,27.347115,22.746647,20.281284,17.186321,15.1973,12.026964,13.737712,12.607164,10.601994,10.750142,9.152629,9.026608,8.495407,11.9918995,13.602999,13.01738,17.41817,18.263613,22.348982,24.746376,28.058006,29.195135,29.546654,32.62292,28.401968,27.261547,24.76424,21.112106,20.488995,14.578001,13.795988,10.000337,6.6048255,9.90616,6.5635757,10.441959,10.7058115,12.07137,10.488463,12.0068655,11.170197,14.676683,14.694871,16.852531,19.601511,22.065744,25.048317,25.015923,22.857098,20.903198,20.023512,19.605064,16.876902,20.028772
27,21.574186,18.068756,19.66563,13.871662,15.474154,12.824989,11.128472,17.055563,17.119732,20.285088,23.56413,25.592085,26.739267,25.56614,22.855545,18.861843,18.490797,13.812609,16.526154,12.089544,17.71542,13.243143,13.464019,12.992799,8.323595,8.597848,4.028738,0.0,4.478925,6.3573413,9.673613,12.65147,18.573458,21.727287,22.239737,26.194952,28.287626,29.983881,26.54961,23.336126,19.08479,19.94719,14.804955,17.259554,12.987112,15.02377,13.964728,15.786654,16.496784,18.106802,15.5743065,18.64008,15.333505,18.459919,19.95253,21.52462,24.60198,22.744488,19.964897,21.982796,23.50726,18.979284,16.29184,13.462598,11.297324,8.542319,10.57168,10.458576,9.356757,10.387924,8.48935,10.304614,8.630919,13.092759,13.813109,11.897441,16.265066,16.440962,20.415009,22.524412,25.617764,26.690557,27.662895,30.586248,26.085005,25.460033,22.621761,19.479467,18.726688,13.151676,12.285571,9.234641,5.8109794,9.841524,7.380362,9.501951,10.857429,11.12646,8.936423,9.740289,8.138318,11.914832,11.196097,14.145059,16.285063,19.366388,22.538292,22.1565,19.713999,18.239075,16.535248,16.496342,13.5852375,17.01804
28,18.378479,15.383351,17.025,11.900935,13.399813,10.361537,7.5834637,13.077447,12.768009,15.866456,19.096886,21.187252,22.348793,21.372683,18.566484,14.487713,14.247092,9.430876,12.656164,9.13242,14.680525,11.798844,12.74326,13.560367,8.542896,11.601171,6.076408,4.478925,0.0,5.019027,6.003839,10.336084,15.637677,19.079775,19.929556,23.357706,26.013563,27.531435,23.825342,20.976027,16.328342,17.324903,12.115298,14.469499,10.735035,12.688434,12.762825,14.57616,16.43963,17.074461,14.823305,17.224014,14.112755,17.538616,18.677069,21.25866,23.637112,22.654835,19.992174,22.078909,22.478447,18.026577,16.322134,12.150581,12.081871,8.4787035,12.483864,11.847585,12.28401,12.223637,8.887529,10.262443,6.743772,10.64137,10.520607,8.017964,12.457872,12.494504,16.68215,18.778015,22.113817,23.140493,23.625511,26.64388,22.385836,21.530338,18.998402,15.398928,15.256265,9.2125225,9.561538,7.337984,5.583271,11.389793,10.759896,13.100152,15.045519,15.529196,13.342304,13.848872,11.434774,14.5662155,12.283895,15.058576,16.105114,18.87407,22.06435,22.46309,20.178455,19.958868,18.189558,19.156284,16.579447,20.401413
29,18.405964,15.2911,18.297606,13.155987,16.134212,13.919417,11.022506,16.04915,14.455175,17.940393,19.91864,22.763227,23.166613,21.871885,19.772604,15.582951,17.0367,12.107602,16.371868,13.632975,18.695116,16.182531,17.597664,17.715754,12.552418,14.5299635,9.297274,6.3573413,5.019027,0.0,5.8378186,6.313287,13.096114,15.497396,16.820494,20.272429,22.67829,24.75253,21.69657,19.2459,14.911451,17.375605,12.11672,16.134062,13.34301,16.182234,16.786623,19.218447,20.504574,20.629679,17.99388,19.601753,15.473622,18.149042,17.587809,20.371725,21.85106,20.264713,17.192959,18.406075,18.817299,13.9776535,12.674573,9.499718,10.515613,8.730621,12.853637,13.943366,14.558792,15.60409,12.740626,14.982938,11.479615,15.438728,14.70156,10.922878,14.856423,13.355354,17.426632,18.458374,21.597178,22.038414,23.210249,25.56812,20.701069,19.957287,16.812685,14.380085,12.854247,8.256141,6.8237805,5.746977,4.994886,9.814687,11.103517,11.677614,15.0169115,15.097488,13.38553,12.642169,9.067199,11.032372,7.7730303,10.369547,11.123234,13.955222,17.213974,17.480185,15.199019,15.491857,13.837912,15.461645,13.674316,18.001255
30,18.102568,16.081566,18.60739,14.728751,16.675184,13.754835,9.865998,13.145267,10.998721,13.416712,15.126515,17.4343,17.841137,16.32092,14.154929,10.172672,12.113577,7.6852784,12.720384,11.932173,16.689081,16.116743,17.255053,19.050198,14.180459,17.553007,12.071555,9.673613,6.003839,5.8378186,0.0,6.905029,9.84467,14.018294,14.423112,17.70046,20.4852,21.787558,17.977665,15.494366,10.672371,12.55336,7.410972,11.036104,9.286359,12.078223,13.989817,16.688694,18.570576,17.42675,15.16616,15.7863,12.148708,15.050557,14.656335,18.407635,19.48489,19.367287,16.912594,18.919083,18.035017,14.017985,13.54983,8.205862,11.1893425,8.203207,13.686008,13.763334,15.995678,15.905815,12.095858,14.29874,9.725073,12.760951,10.805162,6.053011,9.311742,7.5296683,11.667034,13.088715,16.39209,17.214422,18.047901,20.920528,16.547606,16.259846,13.629831,10.379437,11.051467,5.8067937,8.137626,8.992517,9.4920635,15.15977,16.002388,17.257772,20.033756,19.93877,17.55992,17.327387,14.120105,16.419321,12.214068,15.251211,14.074047,17.031744,20.249357,21.056969,18.761072,20.443607,17.852686,20.13738,17.960527,22.030533
31,17.263096,15.128956,19.20683,15.491568,19.070328,17.353073,13.961385,17.193182,14.034639,17.26933,17.41957,20.976364,20.433842,19.004593,17.860794,13.955104,17.368555,13.081122,18.152384,17.241693,21.35914,20.596561,22.581926,23.187141,18.031849,20.743275,15.388749,12.65147,10.336084,6.313287,6.905029,0.0,8.326572,9.286601,11.92647,14.423261,17.29746,19.783972,17.300707,16.060732,12.050015,16.249573,11.786354,16.75113,15.79117,18.891077,20.70638,23.436243,25.039734,24.031076,21.510366,21.788588,17.42442,19.380114,16.787708,20.65453,20.252136,19.249752,16.223917,16.42809,15.127523,10.37542,11.505582,8.46087,12.890822,12.253044,17.010368,18.620306,20.210268,21.154818,17.908794,20.27463,16.05646,19.250446,17.470346,12.79215,15.430161,12.272049,15.794569,15.320938,18.267923,17.85776,19.273092,20.80969,15.594015,14.808908,11.272775,10.296816,7.674534,6.341101,5.0382047,8.094644,10.020148,13.716337,16.753551,16.548983,20.583881,20.504965,19.023174,17.619846,13.55449,13.855455,8.990054,10.33535,8.305944,10.327421,13.438107,14.704115,12.87116,15.621968,14.073583,17.232021,16.589622,21.082249
32,21.683983,20.918009,24.589197,22.057877,24.762083,22.474045,18.50221,19.685614,15.820385,16.990026,15.120493,17.83588,16.21831,13.633961,14.021617,11.773021,16.894197,14.470094,19.74142,20.94309,24.606667,25.49333,26.877316,28.832205,23.903824,26.980871,21.550117,18.573458,15.637677,13.096114,9.84467,8.326572,0.0,6.288517,5.1801434,8.068678,10.826644,12.254064,9.122549,8.656057,5.3777475,10.821773,8.896634,13.701065,15.343962,18.457731,21.535656,24.851273,26.209772,23.543453,21.364935,19.737278,15.78084,16.590359,12.355498,17.388235,15.10614,16.121384,14.230006,14.922188,11.22084,8.953071,11.866802,8.021621,14.545477,14.298017,19.272135,20.70765,23.916292,24.32795,20.805462,23.644112,19.042751,21.469213,18.579584,13.613154,13.810589,9.509655,10.805975,8.710831,10.706777,9.98489,12.728505,14.057919,8.850936,10.61224,7.3427386,8.307019,9.011522,10.193635,12.226201,15.740047,17.510864,21.906952,24.180592,24.008938,27.674833,26.973394,24.79584,23.559483,19.821503,20.475626,14.961003,17.267776,12.860497,15.333161,17.93058,19.13755,17.25298,21.713064,18.514812,22.397621,21.409716,25.35896
33,20.9314,20.442137,24.882778,22.894966,26.418522,24.97889,21.375093,22.509413,18.25187,20.129253,17.50191,21.210184,19.129837,17.321047,18.1476,15.829167,21.114786,18.480534,23.617146,24.594465,27.7437,28.62932,30.738903,31.973309,26.910593,29.977688,24.554384,21.727287,19.079775,15.497396,14.018294,9.286601,6.288517,0.0,6.8024,5.8162966,9.560124,12.631199,11.794711,13.282317,11.418679,16.997303,15.034539,19.910849,21.191343,24.270292,27.146914,30.207098,31.818804,29.54334,27.272804,25.952185,21.805756,22.533611,17.710787,22.37209,19.284113,19.520939,17.311953,16.232178,12.004109,9.7045555,14.081193,12.378966,18.652935,19.064882,23.771381,25.727547,28.290127,29.120306,25.698427,28.30791,23.721684,26.189587,23.52316,18.636425,19.272541,14.929575,16.396004,13.521993,15.15898,13.182202,15.391302,15.025289,9.686392,9.988617,6.3633246,10.005124,7.761609,12.194997,12.500625,16.679605,19.211166,22.325994,25.922272,25.179401,29.46874,29.041037,27.537302,25.752508,21.66824,21.037441,15.800862,16.284458,11.549798,11.9520235,13.649278,15.809942,14.920624,20.273785,18.482044,22.748022,22.984278,27.107285
34,26.172651,25.417248,29.397835,26.748672,29.723387,27.479078,23.532099,24.86057,20.949814,21.910666,19.457056,21.9024,19.78164,16.794634,18.038734,16.513746,21.761847,19.557384,24.808325,25.923162,29.757383,30.400412,31.5822,33.391808,28.392763,30.819557,25.601345,22.239737,19.929556,16.820494,14.423112,11.92647,5.1801434,6.8024,0.0,5.927379,6.1970716,8.000503,6.4353294,7.069606,7.1405544,12.504256,12.08208,16.827118,18.92836,22.264105,25.262266,28.947147,29.636646,26.69787,24.38273,22.19987,18.048,17.73567,11.991906,16.610943,12.733527,13.778867,12.380332,12.124182,7.102,7.1056614,11.176152,9.725096,15.923035,17.0284,21.172722,23.33802,26.733244,27.581894,24.456915,27.782104,23.388975,26.119787,23.24353,18.279844,18.195435,14.027166,14.254689,11.507641,11.870197,10.598744,14.7726145,15.025781,10.167761,13.223034,10.206709,12.887186,12.946476,15.14796,16.3959,19.918764,21.476337,25.24984,27.583038,26.64993,30.462322,29.29758,27.199888,25.559885,21.920975,21.980516,16.47748,18.682518,13.27307,15.848041,18.018986,18.65226,16.841652,22.142033,18.400026,22.667072,22.147915,25.67113
