,0,1,2,3,4,5,6,7,8,9,10,11,12,13,14,15,16,17,18,19,20,21,22,23,24,25,26,27,28,29,30,31,32,33,34,35,36,37,38,39,40,41,42,43,44,45,46,47,48,49,50,51,52,53,54,55,56,57,58,59,60,61,62,63,64,65,66,67,68,69,70,71,72,73,74,75,76,77,78,79,80,81,82,83,84,85,86,87,88,89,90,91,92,93,94,95,96,97,98,99,100,101,102,103,104,105,106,107,108,109,110,111,112,113,114
0,0.0,4.3748994,5.99477,10.407295,11.824577,13.342595,12.683105,10.518342,9.036719,12.216506,13.618072,17.570755,18.345652,20.412237,18.258434,15.284443,15.266445,13.893961,14.297055,15.704167,14.021764,17.561888,21.632456,22.899912,20.82902,27.190777,24.020758,25.429073,21.610289,23.266178,20.756556,22.223915,22.911663,24.164072,27.120153,26.361315,31.364656,32.216778,30.184826,29.79118,25.131313,27.163845,23.594582,25.049368,23.942606,24.296154,26.04761,25.94633,30.25234,30.17654,29.08359,30.484241,28.236609,31.58567,31.447556,33.99665,35.358685,35.121746,32.096245,32.243534,32.573116,27.725672,27.524504,25.82823,27.525028,24.996927,29.262053,28.878206,28.976355,28.54537,25.356546,23.776033,20.605352,19.831604,18.834581,17.98224,19.636625,19.053833,22.464464,22.951786,26.46496,26.600882,21.874454,23.658195,24.541233,20.849827,19.227724,15.659658,17.43029,15.439883,18.340492,18.928219,22.9013,23.23438,19.454597,18.215578,13.848909,12.861975,9.944141,10.37565,6.0812135,6.9310846,10.324421,11.547439,14.224428,17.541256,20.953209,23.591825,20.349329,17.412066,13.8977165,10.101679,8.161868,3.9563994,3.6935713
1,4.3748994,0.0,5.052207,6.6428876,9.190763,10.562983,9.967989,10.096911,8.956592,13.236303,15.401966,19.331902,20.17286,21.546122,19.16348,15.4685,15.408487,12.692364,13.733203,13.542843,13.104084,14.944587,19.064117,19.663725,17.40797,23.48482,20.260952,21.741695,18.218739,19.746881,18.007189,19.22323,21.32273,22.416943,25.812078,25.534382,30.430613,31.715021,29.654636,28.794504,23.95881,26.157217,21.971674,23.91545,22.164614,22.90773,24.186434,24.326815,28.177975,28.517818,27.080006,28.853306,26.187126,29.436834,29.576328,31.518494,33.40321,32.61921,29.439718,29.578194,30.636227,25.609642,24.816072,23.562487,24.48428,22.174765,26.005608,25.886219,25.593697,25.552963,22.654154,21.347477,18.283823,18.386988,17.751427,16.498028,19.031237,18.402449,22.318022,22.985365,26.724232,26.851881,22.62961,24.630352,24.595041,20.574915,18.315968,14.519195,15.273677,12.645499,14.819091,14.975554,18.817722,19.011969,15.144024,14.099918,9.76727,8.853946,6.496094,7.1376433,3.9420311,6.4390273,10.552183,10.974355,14.96781,16.890337,21.179504,24.164341,21.371346,18.117292,16.051252,10.827455,10.496591,6.3327255,6.632484
2,5.99477,5.052207,0.0,6.5505524,6.5507917,9.283243,10.482131,9.497745,10.528055,14.06665,17.349844,20.512629,22.092945,23.975773,21.099163,17.755821,16.060898,14.183502,13.232187,12.902471,10.56089,13.08152,17.473911,18.188393,17.227703,23.226202,21.06653,23.279219,20.002754,22.521002,20.733576,23.030254,25.270359,27.041971,29.937939,30.091476,34.833637,35.874454,33.404194,32.199184,27.289574,28.664427,24.592258,25.475657,23.445297,23.412931,24.214205,23.427324,27.728994,28.662521,27.633574,29.958645,27.952072,31.498642,32.50703,34.26853,36.65967,36.069126,32.997066,33.59014,34.813606,29.831167,28.668074,26.888998,27.256973,24.373446,27.890587,27.094013,26.276089,25.731323,23.110117,20.813147,18.629553,17.804726,17.941362,18.109509,20.597206,20.981264,24.767405,26.10662,29.842949,30.390339,26.050766,28.40682,28.76945,24.603971,22.727617,18.456701,19.758783,16.058657,18.2251,17.277063,20.778936,19.90019,17.410776,17.437372,12.8616,12.705175,11.119561,11.117206,8.527457,11.236722,15.242369,15.528112,19.335247,21.693848,25.83422,28.740566,25.816952,22.695108,19.75606,15.315115,14.019421,9.716391,8.4808445
3,10.407295,6.6428876,6.5505524,0.0,4.1656113,5.312354,6.562417,9.804094,10.901618,15.212215,18.982706,22.029663,23.53847,24.409515,21.387274,17.346546,15.855167,12.283022,12.543788,9.61365,10.309462,9.26794,13.450261,13.210991,11.533715,17.254055,14.825765,17.109787,14.297133,16.80729,16.07685,18.325737,22.24938,24.086506,27.131792,28.1208,32.475197,33.96214,31.39614,29.5269,24.550129,25.99488,21.25943,22.743952,19.887243,20.48255,20.624365,20.423922,23.83948,25.221066,23.664896,26.399782,23.839771,27.163174,28.586123,29.49676,32.580948,31.364574,28.210318,28.962729,31.0746,26.056547,24.063816,22.715805,21.955582,19.34525,22.183905,21.722263,20.452803,20.477371,18.265036,16.58937,14.531337,15.269514,15.833863,15.329016,18.883665,19.205551,23.442856,25.013699,28.911383,29.494589,25.977207,28.636816,27.84925,23.376738,20.951124,16.551844,16.724094,12.030434,13.038871,11.137178,14.350652,13.394271,11.222343,12.215355,7.533238,8.714039,8.61354,9.793148,9.4603815,12.101512,16.157473,15.022494,19.993847,20.62952,25.611942,28.866255,26.718021,23.380272,22.085888,16.544598,17.003546,12.822802,12.993904
4,11.824577,9.190763,6.5507917,4.1656113,0.0,3.9831035,7.3764386,9.212932,11.915232,15.450937,19.977093,22.361952,24.42774,25.659771,22.277048,18.612082,15.847912,13.188646,11.672865,8.677268,7.570963,6.9458475,11.440609,11.672966,11.414902,17.08387,15.760025,18.599077,15.976066,19.379414,18.275764,21.54659,25.074005,27.580103,30.02787,31.350296,35.557476,36.74573,33.804066,31.688158,26.718113,27.388844,22.925049,23.361433,20.397799,20.216393,19.968618,18.88264,22.741499,24.584286,23.473726,26.614088,24.768679,28.335941,30.477385,31.360502,34.75394,33.877777,30.910463,32.108013,34.140003,29.247612,27.11709,25.147804,24.153196,20.986588,23.630836,22.436113,20.864841,20.24668,18.242908,15.565022,14.409999,14.1137,15.387235,16.231379,19.546509,20.72946,24.742706,26.858566,30.710348,31.662441,28.046144,31.01487,30.616201,26.047323,24.054745,19.307278,20.215248,14.969878,16.327244,13.87473,16.676168,14.969238,14.338174,16.051464,11.336012,12.874545,12.567845,13.59292,12.657543,15.2297,19.378796,18.121368,22.9022,24.057076,28.859291,32.056446,29.81916,26.577711,24.55145,19.54533,19.399502,14.992144,14.692831
5,13.342595,10.562983,9.283243,5.312354,3.9831035,0.0,4.1679187,7.661042,10.519452,13.830245,18.655281,20.637384,22.780499,23.54743,20.036276,16.305737,13.351985,10.287238,9.073378,4.904038,6.222026,4.423799,8.5414915,9.745454,8.262222,14.623197,12.762115,15.399599,12.531929,16.409382,14.924847,18.976656,22.372143,25.521378,27.36122,29.292744,33.134254,34.22395,31.008133,28.53047,23.612715,23.920248,19.43906,19.686382,16.520697,16.414244,16.09909,15.358369,19.043083,20.730682,19.519579,22.680494,20.864082,24.456207,26.885752,27.690907,31.252092,30.545479,27.733479,29.31643,31.327091,26.607069,24.281034,21.875883,20.746046,17.304737,20.041073,18.628649,17.39399,16.594173,14.340583,11.843454,10.43406,10.546347,11.908743,12.765421,16.33004,17.79257,21.796293,24.233503,28.063204,29.228449,26.042223,29.334145,28.63087,23.935415,22.13483,17.195175,18.34926,12.462434,14.017985,11.488091,14.339934,13.383594,13.191239,15.370277,10.16952,12.823894,12.419774,14.81794,13.951304,15.618889,19.596157,17.187294,22.240355,22.890821,27.816189,31.092676,29.35882,26.18718,24.59849,19.63519,20.217207,15.911681,16.60927
6,12.683105,9.967989,10.482131,6.562417,7.3764386,4.1679187,0.0,6.21054,7.6722174,11.17979,15.616739,17.751368,19.57291,19.921745,16.559444,12.595183,10.46841,6.519454,7.2403336,4.151459,7.678102,7.4035463,10.262022,12.165108,8.80259,15.566106,12.280169,13.943306,10.204678,13.740783,11.332936,15.577332,18.287638,21.717093,23.266598,25.287603,29.04758,30.068966,26.845156,24.44345,19.503107,20.076893,15.549338,16.318897,13.477809,13.958727,14.478825,14.766789,18.259829,18.975666,17.50269,19.997301,17.774014,21.330786,23.181906,24.42578,27.543476,27.060526,24.273018,25.847822,27.456545,22.781279,20.753986,18.079405,17.701027,14.259938,17.819708,16.722454,16.526508,15.869353,12.8558445,11.437794,8.442496,9.238472,9.425308,9.043497,12.755324,13.776092,17.901186,20.184387,24.033838,25.141602,22.128506,25.477394,24.59187,19.871593,18.176645,13.173784,14.672004,8.673742,11.075023,9.677462,13.202796,13.834649,12.515996,14.066598,8.352685,11.4348,10.380797,14.060574,12.942422,13.507642,17.139215,13.85613,18.986046,19.334017,24.238237,27.530228,26.142733,23.065361,21.904568,17.051464,18.321152,14.346257,16.063862
7,10.518342,10.096911,9.497745,9.804094,9.212932,7.661042,6.21054,0.0,4.5752354,6.454278,11.632234,13.280301,15.673072,17.092363,13.486284,10.4602995,6.953729,6.2559466,3.8872032,6.785659,5.588717,10.5184555,13.341546,16.514282,14.169938,20.950613,18.126465,19.650911,15.631532,19.069847,15.354811,19.824425,20.21696,24.083538,24.903831,26.3941,30.318167,30.630062,27.213955,25.37195,20.608772,20.638735,17.247728,16.73549,15.214092,14.582352,16.126383,15.630304,20.261402,20.188404,19.565681,21.385681,20.18738,23.976843,25.486729,27.798069,30.086134,30.58222,28.067228,29.698305,30.175379,25.72323,24.621866,21.145626,22.169369,18.387594,22.648804,21.01724,21.514559,20.041954,16.605349,14.41921,11.513116,9.535757,8.867903,10.015996,11.8244295,13.431815,16.823906,19.249678,22.891638,24.26485,20.479403,23.91694,24.318766,19.821545,19.10662,14.036966,17.283182,12.392436,16.07509,15.65965,19.34474,19.953218,18.37947,19.198227,13.339664,15.383031,13.038955,16.394798,13.588855,13.424417,16.885191,13.990843,18.032518,20.079596,24.095953,27.062178,25.239399,22.483187,19.72709,16.278429,16.423843,12.496214,14.20565
8,9.036719,8.956592,10.528055,10.901618,11.915232,10.519452,7.6722174,4.5752354,0.0,4.6936035,8.259775,11.194455,12.685966,13.877836,10.788441,7.260071,6.589649,5.2196913,6.7687063,9.796481,10.121951,14.044289,16.81949,19.58733,16.31651,23.086771,19.32573,20.102736,15.73619,18.096306,14.003166,17.476421,16.88753,20.342196,21.386711,22.284206,26.465483,26.813665,23.755093,22.493607,17.749765,18.73534,15.432968,16.104221,15.319156,15.57965,17.915205,18.423016,22.567656,21.686222,20.709822,21.67213,19.816786,23.314968,23.641964,26.495363,27.975477,28.516626,25.923332,27.089447,27.040367,22.563112,22.137543,18.937431,21.026424,17.798788,22.62464,21.69751,22.83955,21.861513,18.114296,17.016775,13.1605,12.224615,10.324094,9.311724,10.656401,10.788077,14.301388,15.889697,19.594158,20.55274,16.501062,19.664137,20.08308,15.687532,14.957238,10.111829,13.763862,10.140088,14.399551,15.321976,19.37918,20.923101,18.08785,17.896194,12.297943,13.764684,10.689941,14.617163,11.4924965,10.0330105,12.955247,9.658192,13.500661,15.71001,19.54643,22.489618,20.71574,18.00729,15.530897,12.189193,12.927767,9.568592,12.405887
9,12.216506,13.236303,14.06665,15.212215,15.450937,13.830245,11.17979,6.454278,4.6936035,0.0,5.5950055,6.922831,9.247999,11.027541,7.5570793,5.772701,3.953096,6.6423297,6.7138777,11.8768215,11.435821,16.558613,18.630459,22.273022,19.156744,25.869438,22.282055,22.849926,18.427702,21.019428,16.127546,20.254702,17.967808,22.236769,21.993372,23.102041,26.841692,26.47157,23.013926,21.871319,17.573019,17.58678,15.51337,14.840049,15.146253,14.665711,17.670656,18.012264,22.435781,20.797222,20.413506,20.732693,19.792662,23.319267,23.65656,27.14247,28.136053,29.563612,27.399628,28.952393,28.101452,24.142618,24.162104,20.115044,22.902863,19.365654,24.451921,23.032606,24.80381,23.246828,19.27781,18.049109,14.337178,12.2190275,9.676485,9.707191,9.074017,10.029986,12.351379,14.4120245,17.709204,19.180447,15.07606,18.618093,19.88736,15.833401,16.312332,11.8486185,16.57851,13.432183,17.997568,19.104681,22.997997,24.74959,22.363693,22.317125,16.741262,18.36934,15.2004385,19.130291,15.694094,13.687117,15.864058,12.34201,14.871381,17.696724,20.608229,23.179821,21.673525,19.512238,16.334541,14.71792,15.091818,12.494569,15.366408
10,13.618072,15.401966,17.349844,18.982706,19.977093,18.655281,15.616739,11.632234,8.259775,5.5950055,0.0,4.8284864,4.8009124,7.231363,5.575256,5.721828,8.363374,10.519302,12.202262,17.014427,16.896517,21.783873,23.928057,27.332518,23.76807,30.3976,26.24405,26.220654,21.706364,23.242136,18.195868,21.026007,16.93127,20.556517,20.085266,20.127686,23.978352,23.23573,20.309566,20.333254,16.634779,17.553343,16.429739,16.68222,18.102585,18.248625,21.823864,22.799805,26.809515,24.411655,23.904766,23.208988,21.9609,24.981604,23.874718,28.126074,27.864632,29.656857,27.627472,28.636272,26.75567,23.159037,24.287846,20.559153,24.634703,21.790455,27.215181,26.381804,28.723225,27.499449,23.393274,22.897333,18.770597,17.254473,14.200926,12.836593,11.118401,10.190089,11.340231,11.801396,14.609729,15.551197,10.756652,13.7748165,16.01964,12.769815,14.072718,11.036327,16.14598,15.197399,19.843218,22.061686,26.077284,28.473356,25.163895,24.194447,19.245745,20.118,16.539303,20.348076,16.695087,13.470709,14.166565,10.972054,11.407951,15.096353,16.703003,18.797504,17.361315,15.803508,12.354125,12.668732,13.223877,12.316126,15.80759
11,17.570755,19.331902,20.512629,22.029663,22.361952,20.637384,17.751368,13.280301,11.194455,6.922831,4.8284864,0.0,3.6800141,6.44219,4.3512044,7.281405,8.110943,12.045524,12.584317,18.079226,17.74279,23.026476,24.47718,28.538849,25.17212,31.643435,27.804798,27.741861,23.321491,25.351631,19.872698,23.650225,18.920185,23.48646,21.727121,22.5557,25.618374,24.235191,20.712122,20.392675,17.252142,16.706816,16.74408,15.399512,17.564787,16.955164,20.792751,21.560806,25.598162,22.691607,22.770105,21.652258,21.43396,24.452795,23.833447,28.325455,27.992163,30.53493,28.960203,30.565022,28.335978,25.278028,26.333029,21.80482,25.914124,22.684868,28.048807,26.6457,29.361683,27.602503,23.48109,22.829308,19.090029,16.80277,13.647287,13.401404,10.402611,10.793837,10.488504,11.981301,14.094099,15.898408,11.926364,15.444184,18.007732,15.1045265,17.215416,14.233756,19.628502,18.082638,22.778316,24.68661,28.469723,30.870552,28.287474,27.848831,22.657341,24.085768,20.685051,24.713234,21.104923,18.14343,18.980583,15.433309,15.827964,19.089777,20.323292,22.130228,21.231579,20.072805,16.679054,17.485565,17.907457,16.83044,20.022326
12,18.345652,20.17286,22.092945,23.53847,24.42774,22.780499,19.57291,15.673072,12.685966,9.247999,4.8009124,3.6800141,0.0,4.0143685,4.545697,7.808247,10.746466,13.7232685,15.365266,20.473606,20.599432,25.52019,27.1172,30.895357,27.156143,33.579716,29.328499,28.900476,24.456667,25.784433,20.37686,23.244123,17.647398,21.675278,19.85746,20.016415,23.103088,21.569126,18.485853,18.960636,16.22524,16.537086,16.91944,16.580801,19.100222,19.125357,23.13159,24.394703,28.08047,24.897575,24.689384,23.096424,22.39114,25.035862,23.434393,28.265022,27.18533,29.785313,28.24954,29.443583,26.673307,23.843735,25.532017,21.37976,26.152975,23.451693,28.94749,28.034868,31.002789,29.59074,25.420351,25.288645,21.209307,19.561195,16.194483,14.894311,11.879009,10.895881,10.070353,10.148329,11.873749,13.176773,8.839654,11.98103,15.053609,12.781388,15.334661,13.372588,18.680008,18.380184,22.994167,25.527277,29.35767,32.16467,29.004503,28.039036,23.287043,24.332754,20.821575,24.818922,21.29359,17.780745,17.803806,14.406673,13.701109,17.041897,17.48151,18.973475,18.321135,17.575468,14.5382395,16.23202,17.013222,16.809713,20.324541
13,20.412237,21.546122,23.975773,24.409515,25.659771,23.54743,19.921745,17.092363,13.877836,11.027541,7.231363,6.44219,4.0143685,0.0,3.9638278,7.334725,11.45552,13.654049,16.31616,20.846079,22.04115,26.129343,27.323597,31.007492,26.810398,32.891598,28.327364,27.388681,23.088749,23.926064,18.45833,21.06251,14.628053,19.03714,16.377533,17.047848,19.617037,17.92652,14.576447,15.031371,12.669241,13.135436,14.108138,14.307793,17.299885,17.902987,22.071762,24.019154,27.054874,23.451002,22.995073,20.829077,19.84538,22.08514,19.89921,24.958763,23.435635,26.267767,24.960005,26.232588,23.12121,20.687088,22.615389,18.350796,23.573751,21.248323,26.72851,26.10911,29.522243,28.329714,24.179413,24.770475,20.500443,19.579233,15.97781,13.806354,10.493057,8.642534,6.8291903,6.2821007,7.9172688,9.479717,5.9182606,9.853961,12.153337,9.992577,13.129544,11.829495,17.028458,17.271616,21.666624,24.584938,28.177528,31.513418,28.349388,27.363775,22.993032,24.28339,21.012884,25.43689,22.418354,18.6935,18.43663,14.234597,13.669391,15.7508545,16.15395,17.686052,17.967241,17.352423,15.774802,16.998217,18.737688,18.611649,22.465187
14,18.258434,19.16348,21.099163,21.387274,22.277048,20.036276,16.559444,13.486284,10.788441,7.5570793,5.575256,4.3512044,4.545697,3.9638278,0.0,4.393762,7.519445,10.228075,12.422789,17.138094,18.22044,22.414904,23.561737,27.406181,23.438114,29.645565,25.370893,24.802652,20.4341,21.977139,16.388948,19.977497,14.780569,19.734531,17.562662,18.923613,21.74719,20.51679,16.778374,16.16774,12.901217,12.661516,12.689331,12.125423,14.56335,14.752155,18.802408,20.415949,23.80247,20.578348,20.213495,18.69573,17.903637,20.685738,19.61466,24.201023,23.707554,26.21879,24.695005,26.345964,24.072233,21.121748,22.225334,17.615515,22.060503,19.136616,24.5907,23.55298,26.65125,25.216516,21.045591,21.205498,17.062462,15.771767,12.228587,10.638831,7.369221,6.743747,6.317779,7.946318,10.58186,12.495848,9.077584,13.205788,14.769822,11.520222,13.776331,10.963631,16.38684,15.198936,19.779715,22.110125,25.733217,28.695986,25.995234,25.501144,20.651512,22.330584,19.1446,23.684847,20.623934,17.39175,18.021338,13.520359,14.352743,16.451777,18.02791,20.076813,19.870565,18.6177,16.60284,16.663239,18.175623,17.126755,20.797709
15,15.284443,15.4685,17.755821,17.346546,18.612082,16.305737,12.595183,10.4602995,7.260071,5.772701,5.721828,7.281405,7.808247,7.334725,4.393762,0.0,5.7303,6.4091845,9.885242,13.769011,15.5074005,18.996885,20.471615,23.8631,19.710247,26.011915,21.575043,21.137045,16.670324,18.2091,12.840567,16.414518,12.611139,17.364151,16.361443,17.841434,21.236597,20.836294,17.302364,16.202684,11.952368,12.647389,10.834386,11.495781,12.672027,13.442567,17.065254,18.793068,22.165258,19.637083,18.739666,18.021715,16.343496,19.382534,18.618223,22.584974,22.855364,24.498505,22.497438,23.98594,22.595795,18.940605,19.467577,15.254702,19.112774,16.167461,21.628393,20.858028,23.517914,22.43618,18.292238,18.5109,14.073325,13.506969,10.115663,7.5288453,6.020587,4.73648,7.264344,8.901038,12.490391,13.869561,10.372429,14.312354,14.764661,10.560594,11.531313,7.524597,12.8285055,10.959662,15.614641,17.867239,21.614635,24.510246,21.634432,21.167782,16.259182,18.039528,14.982415,19.698845,16.954453,13.9847555,15.153241,10.220655,12.520046,14.047462,16.853716,19.476833,18.979446,17.058298,15.564164,14.027521,15.966077,14.302264,18.033134
16,15.266445,15.408487,16.060898,15.855167,15.847912,13.351985,10.46841,6.953729,6.589649,3.953096,8.363374,8.110943,10.746466,11.45552,7.519445,5.7303,0.0,5.037006,4.9521203,10.117518,10.905898,15.247926,16.441393,20.518066,17.200806,23.648157,20.149529,20.55352,16.255531,19.279217,14.11998,19.222078,17.092436,22.192766,21.208208,23.313162,26.487877,26.060608,22.118704,20.213308,15.943556,15.001753,12.970638,11.362176,11.548425,10.752762,13.887105,14.462381,18.705774,16.85981,16.572979,16.94023,16.370825,20.021233,21.070612,24.333277,25.767399,27.378973,25.44311,27.549023,26.912283,23.186687,22.752657,18.140038,20.537495,16.641537,21.61315,19.805454,21.859615,20.01672,15.989284,14.928691,11.253935,8.993507,6.0133657,6.7848353,5.9177036,8.359419,10.667238,13.755965,17.046537,18.999285,15.773626,19.807829,20.44704,16.198242,16.811207,12.132596,16.789202,12.821905,17.230722,18.015474,21.562078,23.502892,21.86715,22.434145,16.843287,19.233171,16.526632,20.918327,18.053293,16.258268,18.547575,14.21318,17.279236,19.107107,22.328045,25.014317,24.098196,21.94383,19.556541,17.536978,18.520395,15.74865,18.636768
17,13.893961,12.692364,14.183502,12.283022,13.188646,10.287238,6.519454,6.2559466,5.2196913,6.6423297,10.519302,12.045524,13.7232685,13.654049,10.228075,6.4091845,5.037006,0.0,5.400978,7.4850845,10.390927,12.706925,14.246081,17.460217,13.450686,19.951485,15.9150095,16.231224,11.797442,14.625008,9.902268,14.825791,14.4188,19.047901,19.106007,21.341972,24.780712,25.119265,21.508566,19.30788,14.498917,14.692694,11.0289755,11.384015,10.12964,10.713582,13.118329,14.37106,17.953812,16.806982,15.6100445,16.595287,14.685313,18.28554,19.282867,21.842049,23.848804,24.514574,22.147379,23.999643,24.230568,20.013313,18.994068,15.054782,16.736792,13.07411,17.981234,16.784735,18.443518,17.319067,13.361262,12.938646,8.598604,8.499114,6.094434,4.17907,6.660934,7.6967487,11.576175,14.116798,17.875933,19.303728,16.371408,20.145601,19.66363,14.99388,14.4419365,9.310862,12.929713,8.043492,12.28908,13.036246,16.703043,18.874374,16.913416,17.522951,12.023603,14.742653,12.464257,17.173712,15.095372,13.665558,16.289038,11.642233,15.934802,16.627604,20.79857,23.87161,23.026442,20.429876,19.154173,15.660939,17.40515,14.302674,17.266941
18,14.297055,13.733203,13.232187,12.543788,11.672865,9.073378,7.2403336,3.8872032,6.7687063,6.7138777,12.202262,12.584317,15.365266,16.31616,12.422789,9.885242,4.9521203,5.400978,0.0,5.8793755,6.1115723,10.554294,12.079196,16.148977,13.582535,20.141376,17.408712,18.685368,14.721126,18.60252,14.37528,19.815016,19.714685,24.438717,24.296541,26.54673,29.92482,29.960873,26.09919,23.774084,19.209213,18.289011,15.290619,13.701466,12.230861,11.015478,12.708381,12.217383,16.949347,16.552372,16.215769,17.996302,17.40273,21.294027,23.38461,25.693771,28.165121,29.083078,26.891184,29.067526,29.417673,25.320108,24.050198,19.88157,20.821833,16.63994,20.891535,18.73859,19.697754,17.727753,14.11618,11.903258,9.054092,6.1684265,5.276732,7.87872,9.310065,12.012406,15.0138855,18.15957,21.63703,23.46264,20.245428,24.12153,24.370918,19.84983,19.620659,14.510636,18.147526,12.890673,16.631372,16.13416,19.47461,20.426785,19.609882,20.908556,15.101547,17.797478,15.674147,19.561954,17.057074,16.48964,19.642845,15.889704,19.862444,21.463879,25.38519,28.321262,27.026033,24.460363,22.02348,18.936707,19.540836,15.905216,17.962538
19,15.704167,13.542843,12.902471,9.61365,8.677268,4.904038,4.151459,6.785659,9.796481,11.8768215,17.014427,18.079226,20.473606,20.846079,17.138094,13.769011,10.117518,7.4850845,5.8793755,0.0,5.848384,5.396444,7.0656347,10.46943,7.813433,14.441735,12.114922,14.121404,10.798817,15.306431,12.617664,18.017776,20.322596,24.556961,25.21091,27.86778,31.184572,31.88101,28.192911,25.32271,20.581177,20.013437,15.921374,15.235798,12.085413,11.572863,11.457131,10.9539585,14.876505,16.030886,15.013399,18.053667,16.751713,20.527079,23.406244,24.45536,28.020035,27.945278,25.500937,27.702765,29.281418,24.945702,22.660837,19.263744,18.429749,14.3624115,17.527824,15.45728,15.172188,13.6251135,10.689264,8.129549,6.118251,5.7220745,7.2349324,8.963137,12.361075,14.6218,18.286495,21.31693,24.989721,26.579857,23.854385,27.59487,26.87476,22.140923,20.978672,15.871405,17.914703,11.662668,13.9628935,11.98521,14.74944,14.9607315,15.223015,17.517113,12.09353,15.432828,14.530618,18.092966,16.838648,17.350687,20.934889,17.341236,22.240967,22.718418,27.429743,30.654718,29.460531,26.534658,25.041718,20.682884,21.727318,17.699957,19.273056
20,14.021764,13.104084,10.56089,10.309462,7.570963,6.222026,7.678102,5.588717,10.121951,11.435821,16.896517,17.74279,20.599432,22.04115,18.22044,15.5074005,10.905898,10.390927,6.1115723,5.848384,0.0,6.951872,9.70179,13.090034,12.489239,18.696682,17.367716,19.784311,16.568163,20.87924,17.996494,23.028988,24.574484,28.608694,29.393167,31.391846,35.093445,35.485504,31.828342,29.442732,24.722738,24.01803,20.523973,19.128006,16.770817,15.340012,15.513697,13.646387,18.524517,19.750994,19.491215,22.365877,21.806154,25.701494,28.413292,29.955198,33.133778,33.412067,30.969986,32.983364,34.12325,29.70126,27.887978,24.405947,24.160511,20.071236,23.350718,21.060833,20.550703,18.630266,15.977956,12.4712515,11.458408,8.745086,10.193678,13.0737,15.292126,17.80375,21.070127,24.045135,27.619816,29.26511,25.777803,29.377573,29.611261,25.02069,24.164537,19.002615,21.67007,15.977383,18.738724,16.911695,19.854494,19.196974,19.259539,21.147953,15.543214,17.960747,16.541405,19.13752,16.97108,17.922373,21.735943,19.174644,23.481672,25.245789,29.520027,32.55491,30.695385,27.838087,25.044128,21.322268,21.133373,16.895998,17.580215
21,17.561888,14.944587,13.08152,9.26794,6.9458475,4.423799,7.4035463,10.5184555,14.044289,16.558613,21.783873,23.026476,25.52019,26.129343,22.414904,18.996885,15.247926,12.706925,10.554294,5.396444,6.951872,0.0,4.4954505,6.2271357,6.5045085,12.048936,11.686613,14.878764,12.888723,17.467165,16.358305,21.115952,24.811934,28.45665,29.759571,32.33001,35.754578,36.75624,33.220673,30.23211,25.492079,25.004887,20.693668,20.08551,16.450033,15.78239,14.393579,12.881817,16.309416,18.941513,17.988716,21.848269,20.643412,24.220942,27.651577,27.883266,32.092686,31.41889,28.853231,30.940006,33.28279,28.821718,26.012558,23.319056,21.307035,17.592445,19.446138,17.350054,15.444566,14.136651,12.650256,9.242235,9.7036495,9.642819,12.216758,14.178942,17.710236,19.916798,23.652845,26.614592,30.323042,31.813568,29.022636,32.604134,31.758339,27.012371,25.413086,20.428013,21.595474,15.33227,16.393751,13.072958,14.9000635,13.206195,14.967901,18.063068,13.421023,16.48311,16.53303,18.880375,18.324352,20.00539,23.935257,21.180481,26.273638,26.66578,31.633743,34.93028,33.43995,30.31805,28.78189,23.943459,24.571749,20.25604,20.85371
22,21.632456,19.064117,17.473911,13.450261,11.440609,8.5414915,10.262022,13.341546,16.81949,18.630459,23.928057,24.47718,27.1172,27.323597,23.561737,20.471615,16.441393,14.246081,12.079196,7.0656347,9.70179,4.4954505,0.0,5.209731,5.9842467,10.037069,10.669861,13.770894,12.544707,17.53535,16.516386,21.93586,25.570044,29.790596,30.34719,33.6302,36.497566,37.365314,33.52264,30.02645,25.596867,24.32511,20.321276,18.968786,15.012337,13.976831,11.540066,9.667178,12.403456,15.796625,15.024308,19.40228,18.788033,22.228428,26.545681,26.277441,30.987482,30.472315,28.260519,30.900286,33.39335,29.331568,26.169771,23.092554,20.434305,16.518616,17.594189,14.79272,12.670992,10.665201,9.893806,5.8725505,8.40556,8.651611,11.944439,14.483886,17.84179,20.579971,23.941574,27.332819,30.835997,32.62715,30.420841,34.277077,33.1764,28.453243,27.132689,22.225868,23.475502,17.049273,17.843365,14.348882,15.315937,13.85743,16.884438,20.475605,16.208767,19.730875,19.927069,22.737259,22.340078,23.625942,27.36799,23.971636,29.073887,29.045362,33.994225,37.290314,36.23613,33.225815,31.977373,27.303928,28.285648,24.0849,25.03842
23,22.899912,19.663725,18.188393,13.210991,11.672966,9.745454,12.165108,16.514282,19.58733,22.273022,27.332518,28.538849,30.895357,31.007492,27.406181,23.8631,20.518066,17.460217,16.148977,10.46943,13.090034,6.2271357,5.209731,0.0,5.366666,6.8512645,9.148203,12.975587,13.006133,17.343853,17.97872,22.252207,27.35991,30.712048,32.154808,35.229343,38.23148,39.59882,36.137505,32.676422,28.18922,27.62051,23.101458,22.790005,18.530457,18.271759,15.63395,14.381289,15.92423,19.759567,18.473272,22.971354,21.603577,24.647362,28.786316,27.774435,32.84545,31.462399,28.997137,31.230223,34.53046,30.302172,26.709946,24.695745,21.110678,17.99872,18.004044,16.04529,12.537762,11.918987,12.359873,9.70079,11.943372,13.454982,16.387844,17.887718,21.759571,23.84495,27.56699,30.552061,34.183292,35.63572,33.46049,37.0311,35.4946,30.78801,28.847033,24.225063,24.366526,18.201363,17.746395,13.419579,13.39572,10.376367,14.607062,18.70958,15.627157,18.846645,19.990995,21.963371,22.51648,24.50559,28.30939,25.473577,30.825897,30.29984,35.559853,38.951115,37.796753,34.59848,33.85345,28.5516,29.628529,25.414589,25.926231
24,20.82902,17.40797,17.227703,11.533715,11.414902,8.262222,8.80259,14.169938,16.31651,19.156744,23.76807,25.17212,27.156143,26.810398,23.438114,19.710247,17.200806,13.450686,13.582535,7.813433,12.489239,6.5045085,5.9842467,5.366666,0.0,6.8178935,5.2028966,8.56593,7.7127542,12.245658,12.625822,17.03872,22.060446,25.51301,26.819256,30.01472,32.898376,34.315407,30.931948,27.49629,23.005001,22.793966,18.041834,18.466436,14.178459,14.759135,12.770659,12.960513,14.349498,17.098333,15.21391,19.20688,17.081467,20.114458,23.739637,22.969105,27.773594,26.404697,23.854267,26.069668,29.19397,24.967068,21.449131,19.366547,16.038103,12.8905525,13.598194,12.081647,9.552397,9.438015,8.675069,7.5077686,7.936766,10.942126,13.065681,13.399185,17.553848,19.159601,22.983643,25.745815,29.367418,30.689274,28.798544,32.32424,30.472397,25.8135,23.847105,19.390913,19.410559,13.244473,12.80021,8.784361,9.339873,8.352766,11.330807,15.190648,11.782,15.525696,16.464216,19.377022,19.926277,21.196323,24.679028,21.24327,26.62477,25.620575,30.882252,34.276833,33.48035,30.367231,30.179333,24.887678,26.594,22.666977,23.937729
25,27.190777,23.48482,23.226202,17.254055,17.08387,14.623197,15.566106,20.950613,23.086771,25.869438,30.3976,31.643435,33.579716,32.891598,29.645565,26.011915,23.648157,19.951485,20.141376,14.441735,18.696682,12.048936,10.037069,6.8512645,6.8178935,0.0,5.625769,8.820683,11.182638,14.5058365,16.809132,20.28874,26.389645,29.441376,30.757582,34.403732,36.73158,38.45355,35.19259,31.34698,27.338287,26.926645,22.336397,22.826418,18.308958,19.044086,15.9808235,16.218384,15.534737,19.367405,17.36181,21.763432,19.75348,21.93304,26.274721,24.042461,29.706638,27.59584,25.328373,27.687857,31.788729,28.036404,23.801847,22.563082,17.603403,15.540832,13.605197,12.431411,7.746957,8.992567,11.083817,10.986371,13.150689,16.454008,18.879728,19.180626,23.216133,24.781042,28.356106,31.115965,34.53448,35.836445,34.56262,38.033913,35.624413,31.142576,28.98221,25.03678,24.189178,18.610493,16.798592,12.416051,10.378767,8.022898,13.69264,18.173325,16.684706,20.128292,21.921741,24.256876,25.63657,27.203941,30.534006,27.193182,32.61045,30.888885,36.25191,39.655,39.16988,36.052677,36.463596,30.921339,32.85492,29.016218,30.078018
26,24.020758,20.260952,21.06653,14.825765,15.760025,12.762115,12.280169,18.126465,19.32573,22.282055,26.24405,27.804798,29.328499,28.327364,25.370893,21.575043,20.149529,15.9150095,17.408712,12.114922,17.367716,11.686613,10.669861,9.148203,5.2028966,5.625769,0.0,3.9228184,5.742346,8.9927025,11.389651,14.697041,20.85128,23.82524,25.229422,28.791264,31.17515,32.98039,29.886484,26.229372,22.12796,22.330557,17.434992,18.918396,14.556458,16.19627,14.13161,15.592329,15.323352,17.76929,15.21071,18.862494,15.887571,18.113792,21.592806,19.825335,25.043331,22.903755,20.365202,22.550318,26.43295,22.509623,18.403671,17.235855,12.6210785,10.645114,9.734142,9.492952,6.4043183,8.424108,8.6899395,10.087939,10.125253,14.398701,15.881889,14.91731,19.117235,20.018843,23.723711,26.107618,29.54359,30.623695,29.474566,32.79488,30.16652,25.759098,23.503494,19.796843,18.722898,13.370241,11.392934,7.3884845,5.7790036,6.3483305,9.997125,14.056305,12.373112,16.088997,17.664192,20.699274,22.032204,22.987446,25.974022,22.282097,27.627035,25.543661,30.871424,34.2558,33.999702,30.965076,31.826868,26.344934,28.748625,25.238997,26.866789
27,25.429073,21.741695,23.279219,17.109787,18.599077,15.399599,13.943306,19.650911,20.102736,22.849926,26.220654,27.741861,28.900476,27.388681,24.802652,21.137045,20.55352,16.231224,18.685368,14.121404,19.784311,14.878764,13.770894,12.975587,8.56593,8.820683,3.9228184,0.0,4.515377,6.1475806,9.367309,12.136015,18.380577,21.329,22.398977,26.309755,28.238842,30.151129,27.182106,23.402298,19.650345,20.088827,15.273778,17.506655,13.416164,15.840867,14.2364435,16.71038,15.73919,17.28037,14.317283,17.244726,13.605062,15.251547,18.35846,16.211756,21.479887,19.079084,16.597702,18.935303,22.987835,19.372261,15.035014,14.148812,8.939789,7.8186517,6.237349,7.3930244,5.8570933,8.758313,8.706722,11.7069025,10.8594675,15.636892,16.408615,14.489709,18.449108,18.824749,22.273289,24.376736,27.592493,28.548075,27.99312,31.201609,28.121975,23.960957,21.750721,18.630838,17.182291,12.612016,10.194926,7.494583,5.478157,8.651001,10.790263,14.136672,13.077743,16.730415,18.18506,21.683971,23.092241,23.430935,25.927732,21.818733,26.931278,24.203682,29.378002,32.68332,32.920372,30.06639,31.57208,26.280567,29.192396,26.084446,28.188194
28,21.610289,18.218739,20.002754,14.297133,15.976066,12.531929,10.204678,15.631532,15.73619,18.427702,21.706364,23.321491,24.456667,23.088749,20.4341,16.670324,16.255531,11.797442,14.721126,10.798817,16.568163,12.888723,12.544707,13.006133,7.7127542,11.182638,5.742346,4.515377,0.0,5.1135597,5.6542115,9.989755,15.219414,18.739664,19.692493,23.347603,25.734413,27.370987,24.21984,20.70479,16.454689,17.068462,11.95736,14.339532,10.438306,12.991565,12.38705,14.971133,15.2582035,15.946474,13.12407,15.608335,11.845439,14.299028,16.776527,16.063902,20.499136,18.885641,16.20979,18.459332,21.539463,17.480782,13.826508,11.897916,8.574111,5.9404035,7.9224753,8.270238,8.554243,9.836312,7.7450156,10.316931,7.801693,12.504864,12.666651,10.238728,14.360839,14.634082,18.341269,20.47573,23.893116,24.896963,23.905281,27.224512,24.524805,20.14349,18.098957,14.495259,13.805144,8.538439,7.417076,5.595974,6.5571723,10.103309,10.275824,12.887741,10.282505,14.183212,14.862203,18.96361,19.718863,19.638184,22.15785,17.767288,22.883984,20.62085,25.761929,29.091827,29.149124,26.30204,27.419792,22.349728,25.205236,22.11863,24.495388
29,23.266178,19.746881,22.521002,16.80729,19.379414,16.409382,13.740783,19.069847,18.096306,21.019428,23.242136,25.351631,25.784433,23.926064,21.977139,18.2091,19.279217,14.625008,18.60252,15.306431,20.87924,17.467165,17.53535,17.343853,12.245658,14.5058365,8.9927025,6.1475806,5.1135597,0.0,5.747923,6.008667,13.014346,15.247695,16.962736,20.451551,22.620804,24.84655,22.397839,19.201195,15.37495,17.33152,12.268947,16.396055,13.334297,16.646257,16.618387,19.722569,19.493969,19.5399,16.457983,17.893467,13.2359085,14.576577,15.398042,14.293861,18.211308,15.569686,12.450718,13.960457,17.747038,13.647434,9.558433,9.64184,5.9831414,6.5466576,7.935307,10.579532,11.450356,13.752399,12.1314335,15.326321,12.55477,17.157492,16.645863,13.027821,16.689054,15.642778,19.159063,20.304426,23.488771,23.89511,23.469084,26.214762,22.741596,18.832272,16.258045,13.969696,11.612652,8.626759,5.5285335,6.1270556,6.2660294,11.40151,9.846137,11.231546,10.692621,13.796019,14.888195,18.843605,20.27054,19.802156,21.56284,17.32419,22.076782,18.667515,23.742142,26.988997,27.514029,24.799253,27.092499,21.959723,25.447483,23.026598,25.653885
30,20.756556,18.007189,20.733576,16.07685,18.275764,14.924847,11.332936,15.354811,14.003166,16.127546,18.195868,19.872698,20.37686,18.45833,16.388948,12.840567,14.11998,9.902268,14.37528,12.617664,17.996494,16.358305,16.516386,17.97872,12.625822,16.809132,11.389651,9.367309,5.6542115,5.747923,0.0,6.709656,9.687147,14.009642,14.2551985,18.032248,20.380325,21.820004,18.649153,15.392544,10.952127,12.44505,7.132352,11.236538,8.78978,12.218727,13.423961,16.749031,17.425064,16.328089,13.582043,14.255951,9.836348,12.1422825,12.721551,13.603205,16.60176,15.727763,13.017541,15.147102,16.982021,12.840765,10.157618,7.0740385,7.027424,4.7283278,9.64232,10.579895,13.018987,13.776342,10.643159,13.513333,9.503359,13.432347,11.989558,7.691705,11.018728,9.993164,13.561654,15.148073,18.496874,19.326086,18.641443,21.891792,19.01275,14.731721,13.015763,9.850931,9.74974,5.8024936,6.578174,8.443036,10.647952,15.002096,13.123163,13.959239,11.103168,14.40552,14.00978,18.87375,19.003885,17.676142,19.392345,14.280728,18.821606,16.247808,21.006945,24.217117,24.739677,22.203125,23.742828,19.362488,22.729006,20.352541,23.483847
31,22.223915,19.22323,23.030254,18.325737,21.54659,18.976656,15.577332,19.824425,17.476421,20.254702,21.026007,23.650225,23.244123,21.06251,19.977497,16.414518,19.222078,14.825791,19.815016,18.017776,23.028988,21.115952,21.93586,22.252207,17.03872,20.28874,14.697041,12.136015,9.989755,6.008667,6.709656,0.0,8.309846,9.271649,11.98903,14.707271,17.285305,19.832672,18.097015,15.88338,12.206268,15.923015,11.324525,16.847868,15.208204,18.811026,20.037813,23.381073,23.736555,22.679707,19.764591,19.896015,14.987792,15.947301,14.229074,14.692184,16.482437,14.053195,10.581399,10.650953,13.382164,8.57767,5.8332114,7.4020963,8.008771,9.547131,12.55705,15.303062,17.178534,19.056576,16.675947,19.70111,15.941558,19.862295,18.310692,13.6209955,16.381342,13.818169,17.04741,16.90955,19.906168,19.608791,19.32919,21.422478,17.537535,14.078654,11.093664,10.338795,6.772252,7.526681,5.4869857,9.548672,11.152498,16.143608,12.432535,11.476694,11.336435,13.199544,13.488217,17.675365,18.843,17.329582,18.01478,13.744569,17.694614,13.458607,18.253883,21.38721,22.304907,19.845379,23.047623,18.398113,22.45199,20.975739,24.115437
32,22.911663,21.32273,25.270359,22.24938,25.074005,22.372143,18.287638,20.21696,16.88753,17.967808,16.93127,18.920185,17.647398,14.628053,14.780569,12.611139,17.092436,14.4188,19.714685,20.322596,24.574484,24.811934,25.570044,27.35991,22.060446,26.389645,20.85128,18.380577,15.219414,13.014346,9.687147,8.309846,0.0,6.556208,4.9932213,8.59506,10.968435,12.436227,10.134373,8.783052,5.2443676,10.55857,8.142109,13.871076,14.636745,18.014961,20.78728,24.389372,25.247263,22.517885,20.211641,18.500446,14.3393135,15.091197,11.01612,14.540394,13.412646,13.679973,11.420964,11.840195,10.2172165,6.3783584,8.217585,6.1623926,11.974686,12.42748,16.997343,18.723768,22.12254,22.877996,19.577337,22.430857,17.991446,20.62181,17.83256,12.806938,13.228586,9.322799,10.919946,9.411627,11.888343,11.362636,11.952993,14.102577,10.064366,6.9437337,6.011885,7.353616,7.455868,10.380559,12.037929,16.254908,18.68099,23.450777,19.768715,18.390974,16.62515,18.125359,16.66593,21.406221,21.002031,17.918222,17.494833,12.375145,14.344841,10.568789,13.653822,16.327448,18.206469,16.650316,19.752874,17.208591,21.355553,20.85403,24.776785
33,24.164072,22.416943,27.041971,24.086506,27.580103,25.521378,21.717093,24.083538,20.342196,22.236769,20.556517,23.48646,21.675278,19.03714,19.734531,17.364151,22.192766,19.047901,24.438717,24.556961,28.608694,28.45665,29.790596,30.712048,25.51301,29.441376,23.82524,21.329,18.739664,15.247695,14.009642,9.271649,6.556208,0.0,6.7151957,6.0684843,9.604805,12.720421,12.983594,13.42511,11.424574,16.941708,14.538293,20.375422,20.70889,24.16603,26.60985,30.080885,30.912008,28.650303,26.124784,24.742685,20.251688,20.57782,15.987518,18.496323,16.820782,15.574298,12.95904,10.860712,9.580035,5.5361443,8.848151,10.922044,15.333402,17.056213,20.712784,23.309393,26.02042,27.48173,24.563889,27.40209,23.0427,25.959965,23.407286,18.330524,19.255129,15.169562,16.89289,14.380153,16.280397,14.495771,14.908787,15.238714,10.535814,9.292665,6.5694785,10.430418,7.404342,13.149494,13.352057,18.032429,20.182312,24.918701,20.163336,17.535778,17.585257,17.788883,16.827454,20.539415,20.944824,17.9172,16.447023,12.943933,13.917922,8.470733,11.123753,13.585412,15.804108,14.417273,19.303831,16.616402,21.128433,21.512703,25.173897
34,27.120153,25.812078,29.937939,27.131792,30.02787,27.36122,23.266598,24.903831,21.386711,21.993372,20.085266,21.727121,19.85746,16.377533,17.562662,16.361443,21.208208,19.106007,24.296541,25.21091,29.393167,29.759571,30.34719,32.154808,26.819256,30.757582,25.229422,22.398977,19.692493,16.962736,14.2551985,11.98903,4.9932213,6.7151957,0.0,5.890689,6.195677,7.901866,6.7290936,6.9245734,6.6807265,11.969818,11.522337,16.833342,18.36031,21.718958,24.634373,28.46737,28.911825,25.69379,23.485338,20.972855,17.077322,16.829533,11.1726465,15.084262,11.867705,12.712502,11.349959,11.007009,6.9217563,5.5452185,9.555423,8.827682,14.827252,16.159208,20.12436,22.16894,25.93082,26.807154,23.69198,26.860716,22.546402,25.101788,22.167225,17.298779,16.967613,13.016924,13.131036,10.4793215,11.351983,9.968408,12.440536,13.501247,8.617639,8.062689,8.378547,11.629871,11.408163,15.3103075,16.515566,20.828613,22.86505,27.839193,24.093874,22.402983,21.298843,22.444921,21.031094,25.475513,25.132069,21.7466,20.566282,15.99916,16.56405,12.448462,13.754017,15.600693,18.590187,17.871609,21.757524,20.244188,24.473866,24.667032,28.675865
