,0,1,2,3,4,5,6,7,8,9,10,11,12,13,14,15,16,17,18,19,20,21,22,23,24,25,26,27,28,29,30,31,32,33,34,35,36,37,38,39,40,41,42,43,44,45,46,47,48,49,50,51,52,53,54,55,56,57,58,59,60,61,62,63,64,65,66,67,68,69,70,71,72,73,74,75,76,77,78,79,80,81,82,83,84,85,86,87,88,89,90,91,92,93,94,95,96,97,98,99,100,101,102,103,104,105,106,107,108,109,110,111,112,113,114
0,0.0,4.284441,5.790922,8.471551,11.76981,13.069967,16.932932,19.616049,22.708511,26.111305,30.822693,32.88421,35.12414,36.10965,32.584927,28.839554,25.801138,22.932037,21.054613,16.387093,15.98355,11.393011,13.744536,11.745685,14.68846,16.539066,18.041733,21.696575,20.828632,24.219027,24.586437,27.605879,32.80766,34.19779,37.638157,38.71288,42.88986,44.53961,43.091114,39.93559,35.099445,35.98606,31.070114,31.906748,27.619925,27.35138,25.351395,23.49134,26.109234,29.609112,28.470768,32.51905,30.449583,33.223656,34.270382,35.47271,39.48645,37.483273,35.122055,36.09518,40.11729,35.31833,32.209644,29.572546,28.638605,26.091528,26.779903,25.07748,22.726477,22.836699,22.57313,19.383347,20.559004,20.855305,23.410908,24.739204,28.534582,29.817274,34.008106,36.1489,39.941196,40.864513,37.64351,40.616364,40.05352,35.539524,33.127163,28.962934,28.763056,23.64121,23.03432,18.909283,20.234735,15.174285,21.122969,24.939632,24.11503,22.754549,20.249584,17.384747,21.356026,20.574373,24.464113,24.061098,28.45246,28.937498,33.389668,36.42854,33.592434,30.73712,27.302708,24.036596,20.539822,16.853275,15.336807
1,4.284441,0.0,5.11333,4.725073,8.747816,11.006917,14.081787,17.67305,20.15652,23.970089,28.318872,30.767113,32.68517,33.445194,30.110668,26.133232,23.766546,20.32518,19.352024,14.432831,15.085948,10.08574,13.064196,10.959442,12.331317,14.986107,15.316407,18.667475,17.588923,20.547306,21.150455,23.65518,29.08404,30.155159,33.860466,34.842518,39.041775,40.864845,39.614727,36.549423,31.749084,33.076393,27.996965,29.426905,25.233255,25.48923,23.859186,22.682388,25.240768,28.266819,26.798622,30.50324,27.919067,30.555206,31.311121,32.3361,36.080364,33.919636,31.404419,32.137127,36.2083,31.393269,28.336039,26.050682,25.283175,23.045942,23.985538,22.6851,20.739511,21.328058,20.820404,18.220734,18.54288,19.510185,21.626257,22.148323,26.14036,26.925632,31.23558,33.077995,36.878624,37.603725,34.550663,37.430653,36.54309,32.06697,29.438541,25.474447,24.840315,19.988792,19.044653,14.997481,16.430586,11.743317,17.668266,21.280746,20.504238,18.639147,16.171398,13.110909,17.09474,16.494238,20.40065,20.391735,24.678581,25.56518,29.983833,33.096294,30.39632,27.413952,24.502188,20.69345,17.524147,13.80073,12.069399
2,5.790922,5.11333,0.0,5.9997334,7.0610175,8.741751,12.039675,15.177564,18.378853,21.57064,26.48542,28.238028,30.536163,31.21653,27.609028,23.89747,20.715155,17.754284,15.979247,10.877964,11.539664,5.795369,8.220742,6.9242826,9.355835,12.514715,13.401136,17.053982,15.777189,19.708088,19.501034,23.310495,28.043093,30.275839,33.033012,34.646324,38.536873,39.89207,38.081043,34.736523,29.93301,30.459942,25.639214,26.225477,21.87765,21.582962,19.611809,17.967455,20.671865,23.926243,22.762306,26.747683,24.773422,27.668428,28.727966,30.274595,34.311806,32.677948,30.553635,31.880455,35.59517,30.86084,27.747421,24.527208,23.673506,20.741907,21.73061,19.659956,17.830502,17.645275,16.970062,13.762282,14.774193,15.2402315,17.82558,19.225431,23.050901,24.571655,28.69411,31.107304,34.85793,36.014812,33.055183,36.32627,35.718784,31.089659,28.984783,24.51406,24.789986,19.099823,18.939335,14.761837,16.266483,11.935595,18.146587,21.87783,22.123419,20.293139,18.856953,15.277373,18.733232,17.459213,21.604265,20.317574,25.240572,24.971704,29.837862,32.988926,30.670961,27.739925,25.08591,21.546938,18.58363,14.314674,14.242209
3,8.471551,4.725073,5.9997334,0.0,4.7084446,7.369603,9.718782,13.74908,15.74212,19.771803,23.867208,26.52493,28.245182,28.92529,25.710173,21.64395,19.733637,16.029562,15.692662,11.027156,12.327303,8.01559,11.760888,10.896582,10.242442,14.74583,13.443721,16.306778,14.301107,17.165392,17.093342,19.669664,24.731325,25.773735,29.363903,30.259577,34.48467,36.256836,35.07856,32.16754,27.321081,28.887459,23.81321,25.518085,21.640808,22.17778,21.181301,20.498167,23.41684,25.699686,24.153318,27.373863,24.550732,27.300985,27.511576,29.032454,32.28149,30.437296,27.911873,28.494017,32.152878,27.220854,24.508265,21.99319,21.948097,19.602173,21.399546,20.085157,19.18783,19.780039,18.535885,16.274563,15.482361,16.592611,18.130053,18.07321,22.043037,22.4912,26.833439,28.485826,32.290802,32.933533,29.863102,32.724808,31.825811,27.35194,24.758295,20.768751,20.306576,15.423535,14.860226,11.156448,13.410025,10.283776,16.156439,19.324627,19.281155,16.171717,14.356333,10.227656,13.40358,12.181053,16.161098,15.713157,20.162174,20.859499,25.358124,28.510921,25.991907,22.958475,20.489298,16.425976,13.596293,9.590353,8.707654
4,11.76981,8.747816,7.0610175,4.7084446,0.0,4.4675603,5.448152,10.177302,12.282754,16.021791,20.389656,22.660759,24.501467,24.941483,21.587986,17.573639,15.43247,11.636329,11.456764,6.504725,9.194396,5.092895,8.768006,9.427917,7.2818146,13.309548,11.139287,13.725889,10.917092,14.486951,13.331042,17.069687,21.37701,23.434011,26.159657,27.613613,31.549364,32.943756,31.347116,28.253088,23.373238,24.502697,19.542173,20.896313,17.036726,17.505625,16.749805,16.326914,19.451555,21.286148,19.803875,22.854193,20.198614,23.176926,23.283457,25.414417,28.613453,27.302362,25.073627,26.051497,29.241117,24.344257,21.734152,18.36062,18.64484,15.724765,18.12551,16.31935,16.29541,16.462282,14.574401,12.407147,10.978025,12.142058,13.4878025,13.46715,17.456736,18.206768,22.497326,24.491352,28.279503,29.211815,26.311497,29.513657,28.706419,24.08903,21.924778,17.48895,17.833267,12.133241,12.475617,8.93467,11.657775,10.054853,15.6727915,18.569956,19.69115,16.193274,15.683636,11.095346,13.14592,11.108795,15.211626,13.370845,18.47261,18.06847,23.03624,26.265026,24.289463,21.26142,19.553791,15.521304,13.394497,8.995142,10.336703
5,13.069967,11.006917,8.741751,7.369603,4.4675603,0.0,5.091962,6.6893463,9.780675,13.095104,17.867582,19.883146,22.071333,23.107569,19.579357,15.941187,13.028223,10.392649,8.708794,5.642718,5.4058847,5.408677,9.4063835,11.901571,10.547196,16.804949,14.894673,17.298212,13.917763,17.629667,15.136169,19.422026,22.549055,24.615414,26.869152,27.947866,31.981087,33.056522,31.439281,28.65592,23.685835,24.49905,20.005836,20.618837,17.35378,17.11787,16.903915,15.793888,19.930254,21.36096,20.470886,23.288345,21.280128,24.6758,24.290113,27.53875,30.24288,29.662428,27.636347,28.559498,30.97844,26.005732,24.05837,20.003935,21.244883,17.813604,20.966438,18.563145,19.232803,18.647493,16.12648,13.22818,11.656418,11.009074,12.146308,13.053399,16.338846,17.47805,21.524271,23.624659,27.389656,28.440342,24.949837,28.11126,28.0809,23.548553,21.853786,17.23098,18.751968,13.152013,14.83864,12.265776,15.485098,14.5040865,19.997204,22.685604,23.98641,20.023096,19.499304,14.635601,15.811724,12.926441,16.468712,13.45722,18.477236,17.117132,21.946121,24.957542,22.747126,20.015484,17.510983,14.592121,12.069079,7.7938924,10.447233
6,16.932932,14.081787,12.039675,9.718782,5.448152,5.091962,0.0,6.1793904,7.3384304,10.976302,15.187242,17.422523,19.147785,19.494852,16.160593,12.1262045,10.383384,6.311714,7.3400974,4.5689044,8.049847,7.793936,10.541038,12.968609,9.447402,16.169018,12.768678,14.164282,10.087504,13.427489,10.216209,14.750315,17.501747,20.063,21.95375,23.476969,27.272152,28.311073,26.583231,23.686094,18.723783,19.81465,15.118307,16.400702,13.312795,13.929471,14.444235,14.670854,18.31954,18.821262,17.522121,19.660305,17.071716,20.339346,19.537066,22.885147,25.249989,24.812622,22.8511,23.79796,25.974632,21.051994,19.220417,14.973294,16.713608,13.367896,17.224062,15.141197,16.906065,16.670752,13.6829605,12.127212,8.898611,9.609896,9.559998,8.740466,12.444045,12.981615,17.238014,19.21931,23.009527,24.035944,21.038755,24.397764,23.852041,19.20403,17.527431,12.759079,14.327791,8.3212,10.5396805,8.781505,12.251206,13.274528,17.688274,19.712097,21.782417,17.367825,17.919765,13.096848,13.14753,10.034267,13.430484,9.784012,15.188476,13.478309,18.705172,21.899595,20.436996,17.545273,16.722103,13.066589,12.029024,8.217248,11.623555
7,19.616049,17.67305,15.177564,13.74908,10.177302,6.6893463,6.1793904,0.0,4.480287,6.521088,11.676461,13.271414,15.676776,17.071245,13.463356,10.402939,7.1067724,6.3954015,4.141199,6.927416,5.685271,10.486527,12.995009,16.86535,14.541536,21.158554,18.394644,19.797453,15.60696,18.931662,14.5867815,19.36665,20.301006,22.805817,23.823568,24.779903,28.546896,29.019955,27.251522,24.912264,20.055374,20.501457,16.905008,16.808207,14.970438,14.386024,15.742961,15.009586,19.808764,19.666925,19.32117,20.99096,19.560127,23.236925,21.811981,26.5838,28.220928,28.819592,27.220596,28.104822,29.166079,24.360949,23.490368,18.592745,21.363876,17.597845,21.984264,19.249754,21.567158,20.443563,16.949574,14.590657,11.713271,9.652602,8.934608,9.859968,11.669442,12.92297,16.40987,18.544506,22.150497,23.395231,19.516605,22.786028,23.562605,19.227242,18.495565,13.7738085,17.116074,12.072953,15.570913,14.767174,18.327505,19.297064,23.856232,25.787502,27.91524,23.224918,23.590565,18.612959,18.087526,14.418544,16.8082,11.965966,16.6222,13.315603,18.024542,20.729946,19.06997,16.82382,15.005831,13.465484,12.218002,9.451722,13.832623
8,22.708511,20.15652,18.378853,15.74212,12.282754,9.780675,7.3384304,4.480287,0.0,4.620262,8.186235,11.009732,12.563888,13.818218,10.707221,7.232023,6.696485,5.446222,6.8763843,9.8362875,10.133029,13.933345,16.457582,19.873419,16.543707,23.24354,19.54919,20.164772,15.664484,17.94248,13.178545,17.057354,17.142458,19.040869,20.057436,20.536211,24.417164,24.987755,23.622984,21.74812,16.942942,18.24003,14.797185,15.6592865,14.780237,15.07032,17.329676,17.620466,21.981548,20.97421,20.351866,21.085876,19.111183,22.517319,20.209177,25.206213,25.91915,26.737701,25.07892,25.479044,25.959198,21.160824,21.025682,16.437075,20.232172,16.996202,21.98749,19.841663,22.884077,22.21542,18.556534,17.204834,13.3724,12.311967,10.401857,9.209478,10.485404,10.2324295,13.721928,15.029637,18.672285,19.520319,15.4765215,18.568157,19.229963,14.963086,14.23002,9.742117,13.526516,9.598507,13.68092,14.2337475,17.969904,20.245607,23.958778,25.218327,27.534527,22.234074,23.006351,18.16941,16.471746,12.609004,14.031278,8.608956,12.744616,8.895773,13.599237,16.348728,15.006367,12.758193,12.141824,10.5926,10.731566,9.231155,13.869892
9,26.111305,23.970089,21.57064,19.771803,16.021791,13.095104,10.976302,6.521088,4.620262,0.0,5.653285,6.816888,9.204946,10.948538,7.4947314,5.722613,4.1868668,6.787692,6.959162,12.031343,11.547423,16.56857,18.332779,22.437517,19.37485,25.895481,22.43322,22.870739,18.415295,20.854527,15.481427,19.86829,18.470741,21.141426,20.77942,21.524004,24.819618,24.652544,22.85562,21.200275,16.7809,17.05472,14.824632,14.3203,14.571395,14.126158,17.048767,17.19049,21.770763,20.007317,20.008133,20.147755,19.129786,22.668215,20.069628,26.011951,26.31356,28.022379,26.863081,27.555967,27.181423,22.804459,23.14975,17.9875,22.112907,18.586826,23.746271,21.17678,24.746326,23.510162,19.572083,18.230127,14.553325,12.428146,9.853029,9.6133795,8.902919,9.486067,11.7647,13.53919,16.801077,18.142689,13.947542,17.272995,18.876144,15.0154085,15.524441,11.371362,16.25556,12.821037,17.272654,18.0715,21.545843,23.998613,27.564548,28.71717,31.427725,26.28191,27.38113,22.608501,20.783176,16.972958,18.040066,12.366978,15.758708,10.663807,14.644369,16.816475,16.187977,14.689783,14.482436,14.290904,14.720131,13.620665,18.288445
10,30.822693,28.318872,26.48542,23.867208,20.389656,17.867582,15.187242,11.676461,8.186235,5.653285,0.0,4.8087626,4.7576213,7.192407,5.668256,5.777513,8.646269,10.627044,12.46538,17.109135,17.048758,21.728394,23.629883,27.436836,23.81383,30.299526,26.221735,26.005411,21.500233,22.83143,17.40741,20.408371,17.507122,19.152033,18.263105,18.02401,21.161352,20.791618,19.66466,19.132765,15.35011,16.50231,15.326003,15.630965,17.316496,17.584877,21.15686,22.006445,26.139837,23.591055,23.473883,22.537975,21.259684,24.308966,20.692469,26.879686,25.804861,28.026814,26.96642,27.031178,25.542677,21.547598,23.099308,18.602888,23.716553,20.93124,26.426283,24.460325,28.57473,27.690298,23.723963,23.112282,18.980818,17.528791,14.472056,12.797674,11.070277,9.677024,10.5744915,10.56931,13.325701,14.027415,9.139609,11.935297,14.307465,11.257403,12.623429,10.0273075,15.2948065,14.155046,18.650084,20.681849,24.111664,27.531042,30.31539,30.789215,33.592957,27.979197,29.372213,24.907745,22.062262,18.386274,18.129642,12.699007,14.170964,8.46283,10.719424,12.182747,12.477188,11.840136,13.329233,14.193843,15.972967,16.30969,20.755579
11,32.88421,30.767113,28.238028,26.52493,22.660759,19.883146,17.422523,13.271414,11.009732,6.816888,4.8087626,0.0,3.6924844,6.3167043,4.35859,7.209286,8.240122,12.049141,12.761226,18.194487,17.81638,23.010284,24.199488,28.502428,25.234,31.463043,27.789547,27.607233,23.26195,25.083916,19.36519,23.240088,19.73323,22.595415,20.507507,21.137506,23.458332,22.307775,20.365566,19.643202,16.352291,15.9176655,15.875096,14.513176,16.88588,16.345387,20.145514,20.769972,24.891884,21.86469,22.353144,21.086172,20.884588,24.038542,20.610355,27.410173,26.44155,29.328522,28.77088,29.403866,27.561632,24.004478,25.435484,20.323774,25.145748,21.964935,27.30572,24.85622,29.183985,27.745323,23.684258,23.01164,19.283298,17.089903,13.904728,13.35994,10.352285,10.422581,9.919408,11.084954,13.148281,14.779029,10.6733265,13.7873335,16.689064,14.069173,16.250576,13.539887,19.058586,17.247047,21.84807,23.52344,26.704227,29.939007,32.81221,33.42453,36.570618,31.33584,32.954006,28.43413,25.933573,22.273264,22.441252,16.832495,18.761187,12.909573,15.113192,16.185192,16.965284,16.596878,17.793497,18.789429,20.146496,19.910566,24.521088
12,35.12414,32.68517,30.536163,28.245182,24.501467,22.071333,19.147785,15.676776,12.563888,9.204946,4.7576213,3.6924844,0.0,3.9390936,4.663788,7.823477,10.909222,13.747312,15.549582,20.551592,20.686565,25.457832,26.824451,30.83245,27.121868,33.34184,29.231474,28.644463,24.299635,25.412422,19.809864,22.763477,18.511646,20.72662,18.337835,18.436396,20.558973,19.310484,17.840078,17.858541,15.045357,15.395053,15.822659,15.351928,18.281103,18.407785,22.426579,23.578424,27.35019,24.026106,24.23209,22.431334,21.790964,24.558016,20.558496,27.253052,25.456247,28.520067,27.979673,28.19911,25.754047,22.478926,24.581284,20.025892,25.334515,22.697117,28.174788,26.204166,30.783028,29.690773,25.667988,25.481602,21.394972,19.844536,16.467981,14.885611,11.881267,10.58387,9.402354,9.05924,10.661001,11.765293,7.373676,10.177294,13.444701,11.483036,14.175574,12.541633,17.9391,17.40513,21.886091,24.22861,27.34134,31.160313,33.509758,33.693073,36.87354,31.413204,33.231133,28.954048,25.90553,22.413256,21.903008,16.615292,17.537146,11.753718,12.884316,13.4902115,15.051437,15.101923,17.435701,18.58613,20.655512,21.017872,25.46463
13,36.10965,33.445194,31.21653,28.92529,24.941483,23.107569,19.494852,17.071245,13.818218,10.948538,7.192407,6.3167043,3.9390936,0.0,3.9852238,7.3810954,11.4822235,13.639001,16.373896,20.857681,22.023632,26.007397,26.99846,30.760948,26.652708,32.524002,28.168283,27.104437,22.981346,23.661377,18.125439,20.84576,15.790168,18.771427,15.392844,16.382824,17.8396,16.239714,14.209936,14.079159,11.66044,11.856839,13.014027,12.786879,16.364038,17.014036,21.241692,23.085623,26.211313,22.451868,22.443085,20.03501,19.251019,21.641005,17.337412,24.064617,21.870152,25.265749,25.011309,25.384476,22.560339,19.695694,21.97777,17.501068,22.88993,20.601658,26.004671,24.341087,29.24652,28.325377,24.395395,24.913486,20.634792,19.78017,16.182993,13.836374,10.507349,8.5552845,6.2023654,5.4657307,6.8973722,8.566017,5.483907,9.24565,11.493174,9.517087,12.762574,11.452804,16.697298,16.506618,20.792635,23.46194,26.171772,30.509174,32.21896,32.05798,35.561886,30.334873,32.64346,28.67765,25.46622,22.281427,21.712614,16.627611,17.552418,11.886375,13.280493,14.100033,16.478947,16.238903,19.602247,19.827667,22.25501,22.324924,26.687267
14,32.584927,30.110668,27.609028,25.710173,21.587986,19.579357,16.160593,13.463356,10.707221,7.4947314,5.668256,4.35859,4.663788,3.9852238,0.0,4.357469,7.5160165,10.160964,12.453281,17.130192,18.180878,22.28001,23.192518,27.131031,23.288965,29.261095,25.203978,24.53319,20.313665,21.7022,15.966434,19.702814,15.715069,19.314365,16.698095,18.166355,20.189348,19.030909,16.662186,15.476929,12.05891,11.694626,11.688832,10.828477,13.628997,13.849596,17.930233,19.430248,22.911015,19.538567,19.608526,17.881435,17.207567,20.12182,16.419014,23.198994,22.083725,25.031857,24.59354,25.358297,23.456934,20.037107,21.45853,16.320293,21.27691,18.377445,23.772736,21.664457,26.329813,25.181528,21.171646,21.28267,17.140182,15.927777,12.381107,10.570784,7.2628527,6.4323206,5.6404085,7.2305717,9.820995,11.777898,8.548257,12.517723,14.254451,11.152971,13.470241,10.648339,16.148947,14.482185,18.97864,21.012104,23.851515,27.674086,29.909739,30.194063,33.629803,28.565472,30.66217,26.435484,23.740932,20.360138,20.50532,15.008854,17.104437,11.2521305,14.079584,15.603345,17.04618,16.214798,18.59393,18.409178,20.2313,19.683325,24.199064
15,28.839554,26.133232,23.89747,21.64395,17.573639,15.941187,12.1262045,10.402939,7.232023,5.722613,5.777513,7.209286,7.823477,7.3810954,4.357469,0.0,5.712923,6.3463273,9.854297,13.684591,15.415044,18.783804,20.045185,23.616295,19.528814,25.674837,21.42311,20.87118,16.493433,17.928059,12.249641,16.115929,13.331109,16.793297,15.416204,16.948874,19.722061,19.384584,17.291985,15.486888,11.095981,11.809955,9.826491,10.340443,11.696467,12.51498,16.168219,17.768833,21.297148,18.624779,18.1351,17.172619,15.531763,18.61021,15.24282,21.368536,20.938307,23.015394,22.095554,22.776545,21.817368,17.754028,18.571999,13.423341,18.263956,15.311568,20.803444,18.862408,23.235159,22.444689,18.505154,18.575436,14.130275,13.581935,10.204668,7.4136357,5.8387017,4.158406,6.5984764,8.190192,11.747667,13.18121,9.917393,13.874672,14.488672,10.373236,11.400371,7.3915553,12.749365,10.277003,14.839373,16.738815,19.731455,23.50092,25.855751,26.27277,29.522596,24.392551,26.360743,22.088549,19.520924,16.11838,16.606506,11.029789,13.945226,8.414334,12.594543,14.930987,15.70277,14.100449,16.289593,15.066077,16.767216,15.858377,20.277266
16,25.801138,23.766546,20.715155,19.733637,15.43247,13.028223,10.383384,7.1067724,6.696485,4.1868668,8.646269,8.240122,10.909222,11.4822235,7.5160165,5.712923,0.0,5.0439425,5.007625,10.193909,10.904475,15.202478,16.048561,20.340439,17.244543,23.401995,20.14511,20.495785,16.267012,19.171333,13.672444,19.019476,17.63088,21.650799,20.618437,22.512009,25.302588,24.877222,22.329815,19.935972,15.528967,14.734904,12.482519,10.982434,10.875031,10.003788,13.017848,13.3893585,17.779829,15.828731,15.939782,16.191612,15.588946,19.289886,17.202888,23.235655,24.147514,25.970203,25.118855,26.444738,26.298115,22.133026,21.92465,16.20559,19.73878,15.82304,20.770004,17.837358,21.584644,20.032278,16.012827,14.914739,11.285923,9.047607,6.006261,6.5611625,5.5831184,7.914899,10.2834215,13.274355,16.52694,18.476612,15.233324,19.116594,20.169794,16.075668,16.748156,12.175916,16.92537,12.546202,16.854706,17.231878,20.24417,22.663195,26.060785,27.306767,30.40177,25.816591,27.317326,22.69331,21.281912,17.737558,19.379436,13.778927,17.85348,12.844074,17.371971,19.74432,19.62711,17.882301,18.191528,17.093575,17.408941,15.429587,19.981604
17,22.932037,20.32518,17.754284,16.029562,11.636329,10.392649,6.311714,6.3954015,5.446222,6.787692,10.627044,12.049141,13.747312,13.639001,10.160964,6.3463273,5.0439425,0.0,5.3734527,7.4421577,10.3718815,12.566011,13.856025,17.293964,13.381279,19.729383,15.876467,16.104612,11.679127,14.444559,9.198347,14.544307,14.5641,18.396654,18.44481,20.515015,23.688194,23.966448,21.707531,18.89856,14.027913,14.407252,10.522691,11.017809,9.400532,9.993034,12.299352,13.409634,17.167969,15.914402,15.036605,15.813969,13.770083,17.290218,15.480423,20.457674,21.866892,22.749609,21.432934,22.628609,23.389484,18.837868,17.98669,12.5918865,15.815622,12.105187,17.109934,14.700537,18.212889,17.403181,13.587963,12.999318,8.632557,8.50975,6.0680604,3.8391771,6.372065,7.1711593,11.156886,13.617929,17.307396,18.785799,15.967402,19.783745,19.652002,15.07077,14.617702,9.598105,13.248187,7.9190693,11.969616,12.201797,15.272997,17.98502,21.188166,22.397861,25.394485,20.781572,22.36087,17.846247,16.51637,13.173688,15.258034,10.0664835,14.890656,11.005785,16.27275,19.208841,18.862797,16.45236,17.118048,14.516577,14.906397,12.418561,16.633312
18,21.054613,19.352024,15.979247,15.692662,11.456764,8.708794,7.3400974,4.141199,6.8763843,6.959162,12.46538,12.761226,15.549582,16.373896,12.453281,9.854297,5.007625,5.3734527,0.0,5.8968377,6.0721254,10.454088,11.5542755,16.0111,13.69,19.947956,17.423517,18.66868,14.670231,18.457747,13.775693,19.495237,19.892254,23.658587,23.694262,25.567978,28.773048,28.812946,26.378695,23.594608,18.905102,18.305382,15.05174,13.867992,11.863344,10.615939,11.997477,11.2253685,16.119385,15.717775,15.665333,17.402723,16.615828,20.455208,19.419676,24.488857,26.4846,27.453194,26.269548,27.747887,28.672245,24.17825,23.06651,17.557154,19.945253,15.746687,19.996485,16.762667,19.415297,17.765026,14.044288,11.758373,8.958741,6.023639,5.0491085,7.552024,9.03717,11.5670185,14.727496,17.709366,21.164183,22.950665,19.658918,23.395164,24.097073,19.711994,19.518013,14.579201,18.308266,12.786242,16.384535,15.443719,18.485622,19.604376,23.88258,25.813095,28.459848,24.28257,25.198847,20.424429,20.052677,16.620907,19.192402,14.145439,19.01335,15.093059,20.038568,22.726206,21.773266,19.604132,18.650406,16.946114,16.120478,13.132995,17.35362
19,16.387093,14.432831,10.877964,11.027156,6.504725,5.642718,4.5689044,6.927416,9.8362875,12.031343,17.109135,18.194487,20.551592,20.857681,17.130192,13.684591,10.193909,7.4421577,5.8968377,0.0,5.8738933,5.282415,6.7044935,10.4086275,7.99875,14.398773,12.206109,14.199875,10.726245,15.155672,11.983407,17.613312,20.017897,23.677658,24.72,26.929392,30.30302,30.908169,28.557579,25.250603,20.439417,20.310799,15.990808,15.855832,12.153507,11.686605,11.274307,10.587993,14.57963,15.744731,14.847156,17.771461,16.111267,19.652082,19.68916,23.183315,26.281708,26.109383,24.56506,26.212406,28.41381,23.78288,21.571636,16.704235,17.565565,13.540199,16.737835,13.725978,15.085328,13.9501095,10.916896,8.259333,6.152562,5.7728786,7.209239,8.748327,12.237196,14.241112,18.10304,20.94549,24.586014,26.154112,23.373173,27.081585,26.831322,22.172342,21.053995,16.074976,18.187479,11.867783,13.992848,11.558265,14.16795,14.124872,18.905672,21.389532,23.686611,20.211243,20.85072,16.301432,17.114828,14.361893,17.904863,14.128297,19.54308,17.143414,22.446678,25.529541,24.278025,21.571445,20.497705,17.390686,16.005556,11.984273,15.151658
20,15.98355,15.085948,11.539664,12.327303,9.194396,5.4058847,8.049847,5.685271,10.133029,11.547423,17.048758,17.81638,20.686565,22.023632,18.180878,15.415044,10.904475,10.3718815,6.0721254,5.8738933,0.0,6.9296746,9.133584,13.393229,12.917406,18.84971,17.591341,19.945173,16.522366,20.760187,17.294294,22.605656,24.483406,27.476433,28.592176,30.020157,33.686565,34.141247,32.016205,29.201218,24.370955,24.10483,20.380926,19.530142,16.66588,15.262059,15.130356,13.001324,17.95746,19.195375,19.115484,21.944614,21.091019,24.838556,24.51624,28.704966,31.382826,31.60873,30.066025,31.437214,33.19823,28.441805,26.775293,21.830027,23.304893,19.231781,22.557497,19.329702,20.433989,18.83253,15.917186,12.276185,11.346395,8.475833,9.92503,12.758619,15.011868,17.298958,20.723053,23.463118,27.01642,28.5653,24.943537,28.361456,29.07087,24.640196,23.798574,18.932,21.71936,15.962067,18.583908,16.400766,19.420862,18.650175,24.02614,26.70757,28.511873,24.76303,24.651016,19.81897,20.658718,17.48615,20.679543,16.604158,21.580654,18.830587,23.62298,26.364365,24.4714,22.155203,19.571781,17.854204,15.590048,11.947191,15.256541
21,11.393011,10.08574,5.795369,8.01559,5.092895,5.408677,7.793936,10.486527,13.933345,16.56857,21.728394,23.010284,25.457832,26.007397,22.28001,18.783804,15.202478,12.566011,10.454088,5.282415,6.9296746,0.0,4.3306227,6.798801,7.0617266,12.430647,11.967517,15.102417,12.774327,17.294228,15.656617,20.579748,24.19763,27.292126,29.114986,31.106234,34.719673,35.6393,33.468727,30.08318,25.277855,25.311361,20.782389,20.807812,16.658176,16.06547,14.501308,12.914044,16.351145,18.920933,17.98075,21.693851,20.056747,23.317566,24.055567,26.573952,30.304117,29.43164,27.64462,29.2556,32.237617,27.548914,24.79999,20.637665,20.46271,16.84462,18.773241,16.010355,15.547133,14.641622,12.856517,9.348777,9.645693,9.538211,12.05665,13.888809,17.488369,19.423126,23.363182,26.097326,29.779177,31.215805,28.326477,31.861904,31.508568,26.837618,25.270494,20.462841,21.723099,15.535617,16.499363,12.91074,14.998124,12.655389,18.422901,21.664011,23.089401,20.436562,20.133356,15.873228,18.086653,15.960661,19.974438,17.325514,22.638062,21.211226,26.361269,29.488144,27.672272,24.847271,22.832787,19.548248,17.213146,12.79798,14.584744
22,13.744536,13.064196,8.220742,11.760888,8.768006,9.4063835,10.541038,12.995009,16.457582,18.332779,23.629883,24.199488,26.824451,26.99846,23.192518,20.045185,16.048561,13.856025,11.5542755,6.7044935,9.133584,4.3306227,0.0,5.122684,6.606181,10.516002,11.191656,14.375504,12.807709,17.734116,16.234194,21.748043,25.055166,29.108173,30.200338,32.91672,36.070686,36.67877,33.99587,30.229582,25.681374,24.892849,20.681063,19.94373,15.434665,14.371199,11.8217945,9.825024,12.631466,15.945313,15.159332,19.421822,18.413324,21.586945,23.09788,25.388102,29.703115,28.97048,27.579046,29.786057,32.793545,28.45313,25.379953,20.912043,19.950636,16.101328,17.232456,13.959752,13.028923,11.38077,10.016861,5.90886,8.194336,8.218424,11.499368,14.092339,17.472067,20.070862,23.669428,26.91038,30.411137,32.214016,29.803654,33.63145,33.195644,28.512589,27.297926,22.388176,23.86507,17.457031,18.383194,14.745021,16.017962,13.616503,18.849949,22.149319,24.027603,22.195858,22.434414,18.618523,20.896475,19.014673,23.040173,20.1735,25.611847,23.718262,29.044233,32.175896,30.80558,28.016308,26.511467,23.216316,21.227167,16.846674,18.790438
23,11.745685,10.959442,6.9242826,10.896582,9.427917,11.901571,12.968609,16.86535,19.873419,22.437517,27.436836,28.502428,30.83245,30.760948,27.131031,23.616295,20.340439,17.293964,16.0111,10.4086275,13.393229,6.798801,5.122684,0.0,5.481387,6.5946884,8.970575,12.792016,12.648254,17.107605,17.323221,21.861837,26.360537,30.002668,31.778765,34.54617,37.740944,38.74926,36.266014,32.346558,27.906399,27.600035,22.996582,23.092957,18.232637,17.932999,14.992747,13.795405,15.032673,18.900928,17.506363,21.943615,20.27186,22.83548,24.894972,25.781065,30.62701,28.990206,27.346794,29.507828,33.375675,29.142923,25.460283,21.974089,19.89737,16.872082,16.6662,14.317031,11.631795,11.170548,11.40943,8.732836,11.158584,12.799557,15.785274,17.337204,21.195179,23.228123,27.05757,30.010227,33.551666,35.120384,33.010925,36.724464,35.71041,31.00885,29.276274,24.65333,25.03412,18.911192,18.570494,14.2542305,14.524791,10.471588,15.759355,19.51391,20.76738,20.0554,19.940208,16.958893,20.196703,19.23359,23.479467,21.791368,27.066689,26.178822,31.458252,34.731243,33.24701,30.236565,28.835457,24.87142,22.794521,18.36576,19.171988
24,14.68846,12.331317,9.355835,10.242442,7.2818146,10.547196,9.447402,14.541536,16.543707,19.37485,23.81383,25.234,27.121868,26.652708,23.288965,19.528814,17.244543,13.381279,13.69,7.99875,12.917406,7.0617266,6.606181,5.481387,0.0,6.73301,4.93648,8.274436,7.2332892,11.800588,11.917037,16.430805,20.934193,24.657602,26.3887,29.27946,32.37295,33.4668,31.095142,27.211008,22.77883,22.945549,18.068954,18.985573,14.191061,14.848355,12.7332945,13.048328,14.30356,16.921627,14.935659,18.679192,16.100431,18.607029,20.167866,21.082485,25.562109,23.911547,22.144989,24.182314,27.931044,23.661976,20.039286,16.583881,14.788748,11.8289795,12.41137,10.43175,9.1819515,9.580442,8.765786,7.734991,7.747717,10.98245,12.983709,13.112722,17.305063,18.695208,22.661692,25.313923,28.850996,30.248058,28.450108,32.128613,30.72819,26.057896,24.23803,19.768694,19.885027,13.838103,13.368444,9.275395,9.657405,7.5778055,12.334346,15.54431,17.595232,15.974466,16.741884,13.495481,15.920589,14.91966,19.023075,17.294533,22.523243,21.704868,27.00256,30.328897,29.245512,26.170914,25.71769,21.33479,20.042242,15.824494,17.14531
25,16.539066,14.986107,12.514715,14.74583,13.309548,16.804949,16.169018,21.158554,23.24354,25.895481,30.299526,31.463043,33.34184,32.524002,29.261095,25.674837,23.401995,19.729383,19.947956,14.398773,18.84971,12.430647,10.516002,6.5946884,6.73301,0.0,5.607594,8.857045,11.058325,14.516197,16.536514,20.132938,25.153389,29.133335,30.784584,34.219105,36.881985,38.022537,35.428196,31.188744,27.277557,27.061901,22.46165,23.229734,18.219347,18.879143,15.713502,16.093008,15.228679,18.934738,16.75344,20.952082,18.658823,20.20782,23.094698,22.189764,27.695004,25.280226,23.763409,26.291498,30.820528,27.190205,22.836227,20.354033,16.68332,14.800773,12.594947,11.539006,7.1064677,8.529682,10.593075,10.668609,12.640503,16.062922,18.435198,18.753408,22.726528,24.257578,27.917723,30.700066,34.01265,35.507866,34.3157,38.05454,36.22819,31.662098,29.780075,25.623611,25.07975,19.535093,18.066717,13.917209,12.358885,8.619247,11.618922,15.217665,16.845928,17.745527,18.52668,16.910257,20.150946,20.196005,24.227636,23.352417,28.31639,27.935379,33.163357,36.517788,35.595516,32.45667,32.180294,27.532286,26.205519,22.021526,22.541206
26,18.041733,15.316407,13.401136,13.443721,11.139287,14.894673,12.768678,18.394644,19.54919,22.43322,26.221735,27.789547,29.231474,28.168283,25.203978,21.42311,20.14511,15.876467,17.423517,12.206109,17.591341,11.967517,11.191656,8.970575,4.93648,5.607594,0.0,3.9292204,5.6577067,8.982273,11.215856,14.532467,19.682287,23.53915,25.298622,28.674969,31.352114,32.63158,30.2686,26.174095,22.204662,22.6425,17.739506,19.460436,14.705706,16.303429,14.21232,15.731821,15.475528,17.761763,15.133615,18.449968,15.138752,16.699768,18.800116,18.08396,23.03649,20.598892,18.798903,21.06596,25.473661,21.666859,17.409653,15.031971,11.746593,10.060285,8.926125,8.548128,6.450212,8.792945,9.210013,10.483557,10.115669,14.454165,15.852057,14.806563,18.96783,19.744467,23.531765,25.896358,29.219135,30.467735,29.44465,33.054756,30.934696,26.436216,24.425867,20.504477,19.643295,14.374596,12.6668005,8.874211,7.167678,6.0268116,8.409578,11.408511,14.000002,13.502832,15.164019,13.179203,15.520357,15.544506,19.32883,18.509464,23.281599,23.056122,28.17475,31.529516,30.89244,27.74507,28.214264,23.323942,22.66786,18.82089,19.726109
27,21.696575,18.667475,17.053982,16.306778,13.725889,17.298212,14.164282,19.797453,20.164772,22.870739,26.005411,27.607233,28.644463,27.104437,24.53319,20.87118,20.495785,16.104612,18.66868,14.199875,19.945173,15.102417,14.375504,12.792016,8.274436,8.857045,3.9292204,0.0,4.555626,6.106392,9.393249,11.934644,16.959103,21.149006,22.566988,26.3607,28.623243,29.906376,27.513737,23.338259,19.753592,20.411156,15.624933,18.005379,13.649939,16.036486,14.543693,17.056307,16.254175,17.579258,14.596572,17.05238,13.094345,13.983217,16.048872,14.499126,19.470947,16.749022,14.993098,17.485,21.99698,18.542423,14.041596,12.209387,8.119849,7.5149827,5.7684793,7.0493937,6.523485,9.565159,9.781941,12.457484,11.087973,15.881566,16.514948,14.449255,18.352867,18.566437,22.08378,24.17116,27.264914,28.41188,28.004175,31.553013,28.983189,24.686672,22.73654,19.270826,18.011578,13.482149,11.397818,8.783144,6.1535497,8.137621,7.690183,9.344323,13.031178,12.489681,15.251126,13.813569,15.177139,15.517619,18.749535,18.124079,22.467495,22.316141,27.229494,30.524462,30.399336,27.309216,28.677074,23.651684,23.69735,20.269382,21.397167
28,20.828632,17.588923,15.777189,14.301107,10.917092,13.917763,10.087504,15.60696,15.664484,18.415295,21.500233,23.26195,24.299635,22.981346,20.313665,16.493433,16.267012,11.679127,14.670231,10.726245,16.522366,12.774327,12.807709,12.648254,7.2332892,11.058325,5.6577067,4.555626,0.0,5.010179,5.558838,9.719566,14.201183,18.409634,19.798433,23.227264,25.877039,27.07097,24.77662,20.836792,16.689405,17.625599,12.485655,15.041386,10.868362,13.346053,12.7676735,15.2297535,15.762055,16.363684,13.654904,15.739154,11.670483,13.541122,14.354512,14.792083,18.74205,16.9322,15.045615,17.075684,20.73109,16.619982,12.864311,9.673279,7.9235907,5.6683774,7.6917243,7.403336,9.13367,10.783128,9.185066,11.158356,8.2746,12.854702,12.936732,10.367575,14.480926,14.51939,18.348478,20.399513,23.726414,24.853128,23.946684,27.528196,25.313635,20.841028,18.970013,15.105391,14.504391,9.264943,8.18716,5.9023933,5.5325313,8.925273,10.268086,11.673999,15.185591,12.601786,15.17996,12.434571,12.915453,12.265844,15.51678,14.00126,18.656223,18.008085,23.079584,26.387205,26.189447,23.139961,24.47369,19.671963,19.865574,16.536371,18.337643
29,24.219027,20.547306,19.708088,17.165392,14.486951,17.629667,13.427489,18.931662,17.94248,20.854527,22.83143,25.083916,25.412422,23.661377,21.7022,17.928059,19.171333,14.444559,18.457747,15.155672,20.760187,17.294228,17.734116,17.107605,11.800588,14.516197,8.982273,6.106392,5.010179,0.0,5.7840157,5.8491597,11.594679,15.097974,17.053701,20.515013,22.929214,24.585936,22.789358,19.069527,15.460084,17.5656,12.568856,16.590734,13.44065,16.696941,16.79051,19.800219,19.897446,19.811619,16.88659,17.872732,13.078636,13.8002405,13.951741,12.907975,16.158937,13.396624,10.908303,12.432532,16.77679,12.852646,8.575328,7.689691,5.6073503,6.6304336,8.212244,10.160744,12.12827,14.58691,13.436582,16.043674,12.905772,17.39504,16.824589,13.12201,16.728743,15.496525,19.022476,20.146677,23.191538,23.78854,23.566885,26.737875,23.702425,19.617651,17.323093,14.584622,12.420556,9.288996,6.489981,6.4542694,4.64316,10.522405,9.091575,8.644245,12.730188,9.805494,13.517971,11.952613,11.329708,11.774501,14.044666,13.8728075,17.420933,17.812279,22.259712,25.475033,25.69215,22.672682,25.031183,19.893436,20.899382,18.352253,19.692114
30,24.586437,21.150455,19.501034,17.093342,13.331042,15.136169,10.216209,14.5867815,13.178545,15.481427,17.40741,19.36519,19.809864,18.125439,15.966434,12.249641,13.672444,9.198347,13.775693,11.983407,17.294294,15.656617,16.234194,17.323221,11.917037,16.536514,11.215856,9.393249,5.558838,5.7840157,0.0,6.581192,9.046162,13.850094,14.530156,18.047333,20.618805,21.659353,19.449371,15.770114,11.368475,13.126752,7.8035865,11.673162,9.049113,12.311455,13.571552,16.613588,17.77561,16.713074,14.270413,14.67583,10.233215,12.21645,11.019642,13.15536,15.356707,14.601595,12.80696,14.332963,16.654177,12.229779,9.661688,5.0584364,7.123336,5.0647945,10.007647,9.873706,13.6153145,14.653595,12.007524,14.116211,9.8039,13.520979,12.059097,7.674665,11.081578,9.810222,13.5658655,15.081272,18.388937,19.343061,18.631836,22.17051,19.82933,15.406844,13.818071,10.119328,10.103147,5.515705,6.2544637,7.443975,8.592403,13.638971,14.265231,14.3687,18.15902,14.176009,17.230885,14.185338,12.626005,11.212868,13.252628,10.7795925,14.915698,13.575734,18.450237,21.636463,22.072147,19.24055,21.693588,17.261877,18.515554,16.08394,18.705957
31,27.605879,23.65518,23.310495,19.669664,17.069687,19.422026,14.750315,19.36665,17.057354,19.86829,20.408371,23.240088,22.763477,20.84576,19.702814,16.115929,19.019476,14.544307,19.495237,17.613312,22.605656,20.579748,21.748043,21.861837,16.430805,20.132938,14.532467,11.934644,9.719566,5.8491597,6.581192,0.0,7.1259294,9.257088,11.979009,14.858036,17.506798,19.596594,18.607134,15.682997,12.243787,15.990501,11.425104,16.639088,15.078097,18.634066,19.975914,23.141832,23.909027,22.789623,20.135782,19.91375,15.039792,15.622444,13.823193,13.799397,14.568401,12.396909,9.515211,9.229209,12.560967,7.903705,5.094868,6.0119143,8.121447,9.710942,12.919715,14.696536,17.67703,19.726254,17.850845,20.229164,16.210508,19.978418,18.44853,13.750156,16.502863,13.797151,16.969973,16.838207,19.685877,19.58637,19.57358,22.204494,18.675201,14.967684,12.301696,10.844126,7.4672933,7.500963,5.071057,8.701976,8.822953,15.042995,13.567627,11.99788,15.508862,10.908525,14.709899,13.094225,10.178032,10.407836,10.851889,11.087108,13.161544,14.118998,17.74159,20.76371,21.469053,18.660412,22.201668,17.282984,19.399403,18.026339,19.617495
32,32.80766,29.08404,28.043093,24.731325,21.37701,22.549055,17.501747,20.301006,17.142458,18.470741,17.507122,19.73323,18.511646,15.790168,15.715069,13.331109,17.63088,14.5641,19.892254,20.017897,24.483406,24.19763,25.055166,26.360537,20.934193,25.153389,19.682287,16.959103,14.201183,11.594679,9.046162,7.1259294,0.0,7.323872,5.6424994,10.281541,11.813602,13.032591,11.52474,8.789567,5.734038,10.602995,7.7864227,13.321505,14.065702,17.648262,20.298023,23.86847,24.793543,22.181072,20.030985,18.1477,13.906143,14.300632,10.444626,12.77659,10.746589,11.339434,9.944938,9.707047,8.88786,4.5542197,6.36464,5.1916504,10.56944,11.526238,15.844085,16.92888,21.343157,22.541927,19.937443,22.545895,18.012619,20.906393,18.323303,13.230884,14.047839,10.348252,11.962944,10.898633,13.101532,12.944577,14.106432,16.775618,13.003058,9.792276,8.752956,8.592008,7.7395463,9.702015,10.575678,14.520118,15.3457365,21.399256,20.302597,18.63567,22.460453,17.971151,21.634659,19.546381,15.993737,15.037898,14.341707,12.634794,13.557888,12.469206,15.226939,17.682337,19.786903,17.70758,22.528618,18.877996,21.811092,21.10681,23.761818
33,34.19779,30.155159,30.275839,25.773735,23.434011,24.615414,20.063,22.805817,19.040869,21.141426,19.152033,22.595415,20.72662,18.771427,19.314365,16.793297,21.650799,18.396654,23.658587,23.677658,27.476433,27.292126,29.108173,30.002668,24.657602,29.133335,23.53915,21.149006,18.409634,15.097974,13.850094,9.257088,7.323872,0.0,6.7401676,6.276391,9.770795,12.937762,14.20738,13.779075,11.746667,17.224613,14.655561,20.02581,20.62321,23.984615,26.557327,29.664392,31.14814,28.968798,26.810822,25.32242,21.006525,21.447292,17.755894,19.13552,16.51309,16.009317,13.786745,11.057971,10.259227,6.358224,9.631878,11.597787,16.09369,17.525856,21.480885,22.941769,26.621267,28.248806,25.772257,27.802576,23.23054,25.896666,23.441784,18.413303,19.491913,15.3122835,17.069754,14.569253,16.4644,14.794079,15.210789,16.222956,11.790041,9.84332,6.8542285,9.772712,5.92822,11.852044,11.703754,16.32142,17.53097,23.4368,22.157719,20.06982,22.747149,17.404978,20.435446,18.931309,14.333661,14.019043,11.373787,11.985367,9.997989,11.799802,12.468095,14.551673,16.455868,14.585359,20.125626,16.55472,20.203112,20.820131,22.616247
34,37.638157,33.860466,33.033012,29.363903,26.159657,26.869152,21.95375,23.823568,20.057436,20.77942,18.263105,20.507507,18.337835,15.392844,16.698095,15.416204,20.618437,18.44481,23.694262,24.72,28.592176,29.114986,30.200338,31.778765,26.3887,30.784584,25.298622,22.566988,19.798433,17.053701,14.530156,11.979009,5.6424994,6.7401676,0.0,6.037615,6.2223096,7.6188145,7.585088,7.34692,6.9404535,12.264582,11.661607,16.492617,18.518444,21.816383,24.985441,28.506172,29.627216,26.46056,24.630068,22.014946,18.366323,18.441309,13.903222,16.489132,12.311947,13.99587,13.18807,11.745895,7.8629627,5.8745584,10.410561,10.720874,15.865863,17.008993,21.22084,22.323555,26.899963,27.97901,25.237186,27.736107,23.091711,25.439552,22.47259,17.501308,17.241032,13.043538,13.150654,10.2792225,11.12288,9.710956,12.15185,13.653565,9.0233555,7.825392,7.9056435,10.523831,10.006017,14.067262,15.253352,19.577852,20.616304,26.708065,25.437397,23.395521,26.94405,22.225872,25.733925,23.846521,19.6799,18.702408,16.848593,15.413414,14.432351,13.40888,14.140023,15.669125,18.818508,17.540222,23.353085,20.626755,24.20861,24.420803,27.11823
