,0,1,2,3,4,5,6,7,8,9,10,11,12,13,14,15,16,17,18,19,20,21,22,23,24,25,26,27,28,29,30,31,32,33,34,35,36,37,38,39,40,41,42,43,44,45,46,47,48,49,50,51,52,53,54,55,56,57,58,59,60,61,62,63,64,65,66,67,68,69,70,71,72,73,74,75,76,77,78,79,80,81,82,83,84,85,86,87,88,89,90,91,92,93,94,95,96,97,98,99,100,101,102,103,104,105,106,107,108,109,110,111
0,0.0,4.3227034,6.496538,9.618349,12.194589,15.566461,18.052624,22.108608,25.081749,27.973808,32.660206,34.691784,37.547966,39.560734,37.309444,32.970264,33.26851,29.306494,28.442646,25.981293,24.61682,23.119211,19.289656,22.332975,21.811975,22.286406,20.177914,21.389696,22.849417,20.450886,25.306486,21.750921,28.689507,27.22081,32.219498,33.33744,36.07949,39.34181,39.02438,36.46676,33.77209,36.81259,32.280807,36.86926,33.85258,37.067726,36.379482,38.884636,38.399334,39.358322,36.265053,38.13901,33.46879,33.83023,33.2471,30.982231,34.332687,29.332842,26.612356,24.852987,30.243,26.66986,23.861996,28.022167,24.787933,27.028376,26.275755,29.334295,27.107124,30.548056,30.878359,32.774517,31.77331,35.9118,36.288086,32.973396,36.91172,35.3113,38.88764,39.1473,41.861153,41.62578,42.884224,44.230785,38.924553,37.621098,34.01396,32.582527,28.21645,26.912971,22.470755,20.3129,17.494942,12.178861,14.349216,16.075237,17.101648,20.798565,23.941607,26.041857,28.918306,27.811584,29.887365,33.81874,35.722794,37.25526,35.695644,40.27382,35.256794,39.926197,39.226208,42.27774
1,4.3227034,0.0,4.178403,6.7743716,10.051249,13.843776,16.140705,20.628052,23.085062,26.462418,30.637909,33.143917,35.87995,38.15109,36.202644,31.962332,32.638996,28.921818,28.282598,26.327427,25.10183,24.59562,21.155005,24.887453,24.813814,25.315886,22.63964,23.321207,24.185225,21.349121,25.795462,21.542923,28.16901,25.638597,31.169287,31.582048,34.53258,38.00986,38.177963,36.121796,33.5036,37.095543,32.627937,37.614758,34.902794,38.217186,37.96358,40.495255,40.459442,41.075512,38.005135,39.582993,34.757504,35.18288,33.889046,32.19525,34.872536,29.905865,27.07083,24.678896,29.63202,26.006014,23.900152,28.340967,25.955687,28.276104,28.29703,31.360832,29.56462,32.8543,32.68405,34.501877,33.008278,36.98477,37.068134,33.469955,37.297127,35.276054,38.853455,38.65784,41.33308,40.752373,41.95937,42.897373,37.586983,36.438324,32.672443,31.852028,27.001444,26.6484,22.090303,20.658768,18.373869,13.808181,16.328325,18.784534,20.026072,23.26949,26.162241,27.749775,30.387094,28.58805,30.448952,34.284233,35.902496,37.320995,35.881832,39.94436,35.037827,39.708614,38.726124,42.033554
2,6.496538,4.178403,0.0,5.894449,7.0129023,10.712263,14.037386,17.656227,20.45512,23.645977,28.04375,30.62311,33.21694,35.413372,33.270374,29.01426,29.290556,25.919107,24.798704,23.30376,21.606678,21.813677,18.732286,22.95156,23.509302,24.578852,22.065062,22.832466,23.051922,20.80184,24.614027,20.958698,27.570412,25.016083,30.801922,30.863148,34.349434,37.763256,37.764576,35.8213,32.74021,36.36877,31.632477,36.46708,33.616093,36.734093,36.485126,38.68254,39.11419,39.942997,36.993134,38.838173,34.14079,35.029472,33.974396,32.73453,35.502014,30.888676,27.779186,25.628513,30.213808,26.075094,24.1121,27.987427,25.869406,27.503696,27.962944,30.530931,28.60679,31.61209,31.223782,32.553913,31.059021,34.716022,34.92724,31.563393,35.531857,33.640366,37.459404,37.349815,40.270702,39.67686,40.380188,41.36941,36.269386,34.62766,30.987514,30.085482,25.36787,24.8163,20.53769,18.81529,17.124083,12.969747,14.59249,17.313473,18.33341,21.107769,23.612303,24.957645,27.555101,25.52265,27.675726,31.165434,32.537933,34.187267,33.01545,37.09443,32.55843,37.351147,36.643234,40.120544
3,9.618349,6.7743716,5.894449,0.0,4.9226074,8.334607,9.567011,14.625019,16.571125,20.178705,24.036898,26.625605,29.36008,31.750885,30.08978,25.97821,27.32306,23.58989,23.80861,22.03556,21.867998,22.162361,19.437256,23.902143,24.386156,24.663784,21.049309,20.8372,20.656876,17.521269,21.074814,16.426893,22.60697,19.435064,25.357286,25.248547,28.617073,32.11795,32.41327,30.778557,27.994026,32.053516,27.61891,32.916008,30.600525,33.96609,34.32651,36.902435,37.506897,37.577404,34.61249,35.811718,30.92005,31.626898,29.707705,29.005995,31.010946,26.50949,23.363743,20.72713,24.886251,20.816769,19.455914,23.66856,22.462824,24.51095,25.761042,28.600744,27.592714,30.51551,29.528015,31.299082,29.067055,32.821827,32.44992,28.523941,32.140884,29.718931,33.285587,32.72953,35.43546,34.624626,35.655014,36.38566,31.140375,29.982897,26.164377,25.730684,20.610956,21.029217,16.50067,16.016048,14.609705,11.869543,14.847785,18.343588,20.349455,22.538937,25.159904,25.642956,27.634237,24.91946,26.055569,29.968304,31.457153,32.414303,30.913904,34.34251,29.42677,33.9941,32.723095,36.205017
4,12.194589,10.051249,7.0129023,4.9226074,0.0,3.8937178,7.382363,10.781284,13.448756,16.695425,21.043955,23.645048,26.212257,28.457447,26.463821,22.283894,23.068268,19.7439,19.368198,18.18153,17.550404,18.807127,16.69578,21.664389,22.90596,23.835588,20.543915,20.4765,19.452654,17.301815,19.850246,16.352945,22.36334,19.462442,25.495953,25.026182,29.06071,32.37107,32.331455,30.780895,27.367092,31.338293,26.568995,31.544834,29.026497,32.086758,32.41766,34.537174,35.716145,36.086063,33.30399,34.87561,30.229536,31.539347,30.08148,29.896112,32.103813,28.144398,24.747644,22.647333,26.276237,21.629438,20.380522,23.610188,22.67962,23.719954,25.458248,27.589212,26.415531,28.927574,27.684298,28.803614,26.596378,29.907513,29.71975,26.155256,29.960613,27.784939,31.673159,31.313726,34.35527,33.5939,33.915382,34.792835,29.877678,27.977114,24.392736,23.728682,18.939749,18.899078,14.903021,13.932004,13.507843,11.644655,13.2363825,16.927538,18.66608,20.115345,22.187931,22.248714,24.100965,21.04805,22.514936,25.986319,27.181574,28.418556,27.25112,30.748655,26.315369,31.055843,30.206448,33.885204
5,15.566461,13.843776,10.712263,8.334607,3.8937178,0.0,5.208245,6.9581413,10.081033,12.958081,17.631487,20.057425,22.587387,24.724781,22.616413,18.426016,19.227516,15.995163,15.851326,14.9353285,14.832807,16.77249,15.434041,20.624035,22.325243,23.345428,19.968655,19.607069,17.78864,16.192747,17.67686,14.955961,20.443815,17.805288,23.716566,23.050413,27.456055,30.558317,30.274385,28.851189,25.085537,29.04111,24.186686,28.994526,26.551332,29.43306,29.974277,31.887693,33.53823,33.823776,31.206951,32.793064,28.332449,30.0151,28.65264,29.043318,31.128752,27.705248,24.192364,22.451155,25.459852,20.507734,19.549109,21.980001,21.616577,21.982077,24.361494,26.001896,25.114641,27.222467,25.558973,26.358376,23.89118,26.869753,26.582932,23.113106,26.887001,24.747355,28.75356,28.43496,31.639267,30.895552,30.799345,31.76958,27.089357,24.771435,21.370752,20.592823,16.086178,15.914082,12.445692,11.640685,12.28585,12.0161705,12.940869,16.786903,18.665348,19.243856,20.89686,20.223703,21.61888,18.058058,19.24395,22.561598,23.629139,24.734045,23.645168,26.956783,22.714458,27.472427,26.755482,30.534517
6,18.052624,16.140705,14.037386,9.567011,7.382363,5.208245,0.0,6.203174,7.377865,10.866707,14.75275,17.068443,19.866808,22.234432,20.7738,16.833391,19.129961,15.42803,17.185463,15.788891,17.569942,19.036089,17.946562,22.80354,24.144623,24.302042,20.082169,18.7627,16.650259,14.1516695,15.095634,11.305584,16.000984,12.652294,18.757366,17.922705,22.279797,25.452185,25.429417,24.326113,20.875671,25.32035,20.857576,26.171381,24.384142,27.528297,28.715132,31.06725,32.749023,32.216343,29.603783,30.449095,25.835203,27.264952,24.99772,25.975084,27.232918,24.054214,20.586893,18.500666,20.821455,15.919442,15.77214,18.35927,19.119928,19.918001,23.044676,24.96303,25.045938,27.064165,24.891947,26.247025,23.067171,26.159477,25.196503,21.079012,24.36026,21.577595,25.252481,24.413841,27.374895,26.401163,26.738245,27.456287,22.51779,20.788107,17.094181,16.880651,11.72806,12.995467,9.265525,10.522237,11.58274,12.957665,15.050309,19.064047,21.619688,21.961908,23.79962,22.560959,23.342556,19.42117,19.28136,23.06228,24.32709,24.532679,22.99163,25.491194,20.719656,25.131046,23.684187,27.43013
7,22.108608,20.628052,17.656227,14.625019,10.781284,6.9581413,6.203174,0.0,4.557464,6.0633297,11.341242,13.305176,15.799542,17.797394,15.686302,11.562936,13.150551,10.122916,11.563486,11.360136,13.281948,16.274178,16.560974,21.522507,23.740131,24.578333,21.019266,19.905628,16.74586,16.032751,15.100181,13.913201,17.452148,15.263002,20.556736,19.371874,24.312887,26.936998,26.323502,25.361763,21.149761,25.135925,20.436901,24.916813,22.960287,25.476877,26.678375,28.279938,30.841764,30.667213,28.440048,29.743563,25.721275,27.954527,26.48374,28.093412,29.587755,27.290714,23.780197,22.596209,24.141134,19.007633,18.944735,19.78547,20.889372,20.142033,23.807035,24.58528,24.58129,25.836145,23.267273,23.58577,20.408806,22.585825,21.819584,18.413277,21.809523,19.533085,23.58507,23.12857,26.526499,25.71438,24.845499,25.860014,21.707542,18.689392,15.708814,14.98163,11.1973095,11.370554,9.708439,10.231839,12.947902,15.454944,15.734396,19.404324,21.519213,20.684181,21.572283,19.447899,19.629332,15.055306,14.955122,17.909937,18.670324,19.072603,18.043829,20.469498,16.564209,21.185055,20.486296,24.48422
8,25.081749,23.085062,20.45512,16.571125,13.448756,10.081033,7.377865,4.557464,0.0,4.529913,7.61545,10.525375,12.918906,15.479873,14.384789,10.977312,14.155131,11.817142,14.511158,14.763745,17.360611,20.487686,20.920795,25.734173,27.805601,28.256544,24.292034,22.640629,19.345694,18.047974,16.495497,14.612635,16.569525,13.066561,18.53356,16.221754,21.453678,24.138603,24.11816,23.9803,20.143341,24.708378,20.600866,25.366238,24.180592,26.72565,28.565517,30.309805,33.113075,32.29037,30.195456,30.841843,26.854752,28.917755,26.545435,28.850988,29.369465,27.426054,24.068056,22.441845,22.970945,18.144756,19.227232,20.060633,22.35721,21.891842,26.132904,27.021801,27.690037,28.791039,25.832514,26.34103,22.6611,24.538733,23.17491,19.442812,22.133522,19.185083,22.81717,21.551458,24.693121,23.366583,22.486917,22.825687,18.750378,16.125504,12.958726,13.659448,9.323118,12.002069,10.896145,13.133122,15.94705,18.889265,19.82429,23.58201,25.896454,25.064278,25.947493,23.561749,23.34652,18.542858,17.55457,20.259142,20.705776,20.397331,19.373337,20.380451,16.692478,20.748287,19.31433,23.478853
9,27.973808,26.462418,23.645977,20.178705,16.695425,12.958081,10.866707,6.0633297,4.529913,0.0,6.0932527,7.3411903,9.765737,11.769246,10.068358,6.4521027,10.032097,8.053747,11.661858,12.315004,15.775356,19.120165,20.415077,24.844522,27.214373,27.767221,24.138063,22.440807,18.58875,18.373108,15.543311,15.518933,16.535788,14.665736,18.87818,16.967993,22.180351,24.250134,23.518717,23.282543,18.987339,22.980701,18.884672,22.905178,21.763264,23.836374,25.799873,27.124384,30.446108,29.665903,27.88887,28.681637,25.203241,27.734882,25.952902,28.67454,29.352373,28.121555,24.829655,23.991604,24.05895,19.23331,20.18556,19.708,22.243723,20.797026,25.380865,25.517553,26.393164,26.91003,23.63627,23.618795,19.848358,21.049675,19.63005,16.374357,18.908573,16.354063,20.122911,19.258512,22.671635,21.646433,19.949934,20.780325,17.3609,13.71575,11.392411,11.284976,8.851319,10.2577505,10.991779,12.924548,16.46389,20.261087,20.427034,23.81905,26.035175,24.444935,24.823002,21.79342,20.93137,15.932487,14.308903,16.518856,16.803043,16.115345,15.197406,15.891903,12.619798,16.67376,15.726169,19.95745
10,32.660206,30.637909,28.04375,24.036898,21.043955,17.631487,14.75275,11.341242,7.61545,6.0932527,0.0,4.7058387,5.940092,9.046418,9.664735,8.578876,13.311248,12.922724,16.807339,18.034538,21.530497,25.11949,26.495798,30.85121,33.13825,33.42999,29.52861,27.435982,23.584145,22.874624,19.643967,19.01733,18.129059,15.030103,18.72776,15.196067,20.5281,22.398703,22.492107,23.54452,19.95249,24.365473,21.301617,25.274197,25.126673,27.02611,29.650513,30.968594,34.58399,33.13865,31.626589,31.680166,28.453228,30.77304,28.066048,31.569006,31.0797,30.395767,27.398777,26.143312,24.927006,20.790955,22.973425,22.412941,26.104065,24.93744,29.942545,30.126425,31.598886,31.917736,28.33777,28.395668,24.303972,24.963419,22.970339,19.730434,21.1362,17.997976,20.881083,18.911741,21.794197,20.016214,17.940588,17.55073,14.900111,11.781237,9.944891,12.260855,10.252053,14.145632,15.329936,18.319326,21.73181,25.634373,26.28312,29.770323,32.080627,30.522873,30.841791,27.650623,26.487144,21.454372,19.274265,20.830994,20.558514,19.152376,18.52365,17.00844,14.867811,17.55345,15.726538,19.95538
11,34.691784,33.143917,30.62311,26.625605,23.645048,20.057425,17.068443,13.305176,10.525375,7.3411903,4.7058387,0.0,3.2954748,5.4834313,6.30476,6.292292,11.809574,11.372012,16.28097,17.050528,21.506908,24.503271,26.30842,30.10219,32.339615,32.39086,28.630999,26.334343,22.217022,22.16527,17.959188,18.714853,16.742268,15.469171,17.61297,14.974236,19.896212,21.03966,20.271915,21.155075,17.325453,21.118961,18.386343,21.648724,21.848982,23.370594,26.276335,27.440866,31.303486,29.597876,28.386757,28.277077,25.550266,28.108128,25.78561,29.692245,29.197317,29.251316,26.433218,25.932163,24.254957,20.306398,22.38047,20.654808,24.675709,22.869883,28.129797,27.79943,29.70968,29.560339,25.71952,25.652636,21.412275,21.589308,19.280645,16.321377,17.139843,14.1874695,16.875185,15.165038,18.213882,16.798779,14.047992,14.374151,12.318675,8.128974,7.5618377,9.100093,9.490449,12.34974,14.931613,17.922441,21.605438,26.233398,26.608309,29.774155,32.180138,30.158844,30.299793,26.709486,25.004988,20.175673,17.110432,18.522911,18.461805,16.233316,15.302542,13.003761,10.931051,13.016825,11.14268,15.359091
12,37.547966,35.87995,33.21694,29.36008,26.212257,22.587387,19.866808,15.799542,12.918906,9.765737,5.940092,3.2954748,0.0,3.286546,5.7859697,7.643351,12.46927,13.325015,17.72281,19.190838,23.31809,26.775888,28.85804,32.62589,35.04531,35.268436,31.680613,29.455547,25.270437,25.41376,21.085382,22.006037,19.774662,18.345839,20.22464,17.157068,21.935186,22.817137,22.223783,23.53468,19.92408,23.464546,21.094925,23.86891,24.269484,25.427618,28.40082,29.207724,33.388336,31.700926,30.732805,30.602049,28.210627,30.861666,28.589828,32.687916,32.002533,32.304565,29.571854,29.063934,27.099876,23.364002,25.600677,23.728065,27.8474,25.859303,31.139252,30.565313,32.472195,32.094448,28.20021,27.777601,23.659655,23.264578,20.9932,18.596004,19.023724,16.378168,18.672138,16.861626,19.653545,18.10383,14.677858,14.522685,13.657003,9.569128,9.986137,11.85455,12.705957,15.478957,18.196335,21.013315,24.757729,29.316502,29.48612,32.58808,34.83614,32.637978,32.501778,28.758953,26.871347,22.035654,19.051517,19.67397,19.062187,16.745441,16.37296,12.975986,12.479531,13.753199,12.204629,16.171345
13,39.560734,38.15109,35.413372,31.750885,28.457447,24.724781,22.234432,17.797394,15.479873,11.769246,9.046418,5.4834313,3.286546,0.0,4.1940913,7.7293777,11.882198,13.34923,17.743065,19.27774,23.604973,26.917551,29.373018,32.766735,35.26788,35.522064,32.222908,30.039268,25.72921,26.440899,21.669943,23.495867,20.976902,20.547411,21.686724,19.195929,23.634964,24.059135,22.922125,24.062008,20.344997,23.195145,21.055973,23.015062,23.527632,24.201183,27.210709,27.640465,32.116558,30.45819,29.798483,29.736988,27.848478,30.727266,28.946917,33.17617,32.638897,33.362022,30.731993,30.68829,28.616354,24.97952,26.99141,24.469946,28.534128,26.041773,31.32111,30.28021,32.289104,31.522125,27.546139,26.772793,22.785048,21.765177,19.483543,17.760517,17.769566,15.703594,17.771544,16.422415,19.233894,18.073395,13.954274,14.357959,14.41293,9.8656645,11.3657255,12.322385,14.485977,16.209772,19.568432,22.046019,25.905207,30.703236,30.518208,33.348133,35.500156,32.951347,32.540916,28.549679,26.30118,21.693924,18.40613,18.442171,17.675835,14.918389,14.737567,10.384528,11.122471,11.570214,10.654691,14.32066
14,37.309444,36.202644,33.270374,30.08978,26.463821,22.616413,20.7738,15.686302,14.384789,10.068358,9.664735,6.30476,5.7859697,4.1940913,0.0,4.3942356,7.788591,9.64638,13.767984,15.491356,19.712893,23.105326,25.809298,29.102907,31.794739,32.35345,29.424274,27.570183,23.186508,24.474228,19.76302,22.256027,20.763252,20.951519,22.52208,20.768679,25.36453,26.00789,24.39035,24.707945,20.427444,22.930271,20.049261,21.79974,21.573261,22.140331,24.68334,24.84047,29.40476,28.330477,27.60269,28.183292,26.274595,29.439497,28.414198,32.182972,32.449177,32.87006,30.045565,30.286903,28.967077,24.875097,26.171026,23.563953,26.898888,24.001545,29.025873,27.716665,29.295444,28.456583,24.618723,23.451975,19.730865,18.60914,16.782377,15.447509,16.228956,14.810751,17.65368,17.227415,20.519358,19.893812,16.014874,17.31413,16.62866,11.619598,12.542293,11.986914,14.180406,14.359278,17.827868,19.504461,23.459536,28.156857,27.456446,30.07122,32.015373,29.255905,28.62972,24.568174,22.273794,17.678944,14.597779,14.355853,13.56119,11.039026,11.043371,7.77184,8.545199,10.253461,10.602366,14.425225
15,32.970264,31.962332,29.01426,25.97821,22.283894,18.426016,16.833391,11.562936,10.977312,6.4521027,8.578876,6.292292,7.643351,7.7293777,4.3942356,0.0,5.6605854,5.7853107,10.368823,11.695759,15.999339,19.332384,21.760231,25.355837,28.028074,28.682938,25.673864,23.988081,19.669065,20.857218,16.620382,18.872768,18.557503,18.647346,21.05915,19.710918,24.531221,25.682295,24.05967,23.775917,19.176683,22.009075,18.31745,20.788033,19.868956,20.971514,23.117062,23.636707,27.78571,27.053274,25.894781,26.84359,24.356085,27.468613,26.568893,29.80264,30.597713,30.389557,27.334461,27.457035,26.898556,22.37835,23.191032,21.089933,23.842474,21.143732,25.963793,24.980398,26.169825,25.743341,22.103428,21.189161,17.47036,17.236746,15.730539,13.725933,15.620083,14.034692,17.650791,17.497192,21.087297,20.576908,17.584288,19.137999,17.148798,12.315007,11.935559,10.651643,11.688617,11.170819,14.133353,15.447664,19.398243,23.896976,23.185202,25.92281,27.905025,25.367018,24.990366,21.156454,19.265265,14.399437,11.695918,12.486334,12.305103,10.613634,10.06834,9.592313,7.883718,11.4871235,11.723964,15.8066845
16,33.26851,32.638996,29.290556,27.32306,23.068268,19.227516,19.129961,13.150551,14.155131,10.032097,13.311248,11.809574,12.46927,11.882198,7.788591,5.6605854,0.0,5.3011217,6.400535,9.537907,12.502317,16.68401,19.8382,23.1694,26.369104,27.807652,25.74636,24.807808,20.585878,22.757906,18.933588,21.981514,22.833216,23.402872,26.034164,25.123737,29.907497,31.069906,29.123257,28.310686,23.465471,25.560957,21.477343,23.100716,21.338022,21.871672,23.133606,22.78379,27.181702,27.50367,26.512768,28.399082,26.291805,29.742416,29.935692,32.58335,34.264694,33.85117,30.696472,31.147953,31.329031,26.576574,26.587051,24.427906,26.074541,22.80323,26.942026,25.36791,25.69057,24.967363,21.752354,19.776833,17.04166,16.109087,15.759745,15.213013,17.708286,17.398125,21.220343,21.95141,25.648022,25.57004,22.356853,24.296736,22.605268,17.647163,17.446882,15.386402,16.475576,14.287696,16.938177,16.634815,20.444456,24.356194,22.531689,24.720442,26.043243,22.998184,21.858706,17.837206,15.785427,11.0803385,9.690633,8.558151,7.3739214,7.279343,8.250777,9.792758,9.956944,13.655456,15.458466,18.970676
17,29.306494,28.921818,25.919107,23.58989,19.7439,15.995163,15.42803,10.122916,11.817142,8.053747,12.922724,11.372012,13.325015,13.34923,9.64638,5.7853107,5.3011217,0.0,5.9798427,5.9363437,10.868575,13.579309,16.164448,19.613169,22.406292,23.36161,20.82219,19.661047,15.422148,17.459116,13.762688,16.915207,18.337212,19.499228,22.139893,22.036627,26.590242,27.93539,25.794336,24.401846,19.453775,21.67418,17.119404,19.41697,17.313255,18.543047,19.77088,20.267538,24.017174,24.118696,22.673512,24.496532,21.828985,25.106369,25.261454,27.580946,29.532345,28.8214,25.614992,26.18809,26.79053,21.929842,21.528168,19.509304,20.855122,17.787733,21.95193,20.798464,21.25909,20.976048,17.722729,16.609127,13.3827305,13.84369,13.257124,11.488789,14.759819,14.100836,18.33289,19.252262,23.050047,23.165977,20.882063,23.17189,20.476324,15.917979,14.96979,12.069212,12.723866,9.400949,11.896086,11.447341,15.31584,19.60233,18.170744,20.557798,22.382181,19.648174,19.248533,15.44105,13.732035,8.811339,6.5744853,8.575742,9.581329,9.10752,7.959531,11.260798,8.159469,12.950593,14.05713,17.6134
18,28.442646,28.282598,24.798704,23.80861,19.368198,15.851326,17.185463,11.563486,14.511158,11.661858,16.807339,16.28097,17.72281,17.743065,13.767984,10.368823,6.400535,5.9798427,0.0,5.105077,6.1066093,10.944519,14.080953,17.691216,21.14212,23.203259,21.710905,21.566347,17.841043,20.331997,17.823088,20.72739,23.4849,24.22213,27.555878,27.351414,32.054398,33.652634,31.623016,30.01903,25.05237,27.035465,22.227472,24.160707,21.35673,22.267744,22.497528,22.295212,25.905193,27.148483,25.715252,28.383669,25.847605,29.18285,30.030933,31.62114,34.2921,33.063404,29.736134,30.22234,31.64201,26.585487,25.586288,24.144352,24.334259,21.25679,24.418175,23.078861,22.288866,22.084812,19.651764,17.65492,15.821536,16.013447,16.695131,16.059172,19.681833,19.698795,23.951126,25.164352,28.9704,29.145487,26.75202,28.962254,26.34575,21.76954,20.696438,17.993956,17.941057,14.461228,15.77007,13.767598,17.002195,19.928185,17.32072,19.216867,20.121742,17.135962,15.939165,12.304957,11.146,6.323456,7.8358355,7.851252,7.94785,10.170544,10.542372,14.872458,13.407728,17.886475,19.685085,23.009304
19,25.981293,26.327427,23.30376,22.03556,18.18153,14.9353285,15.788891,11.360136,14.763745,12.315004,18.034538,17.050528,19.190838,19.27774,15.491356,11.695759,9.537907,5.9363437,5.105077,0.0,6.185969,7.645209,10.504443,13.862262,16.926088,18.488224,16.770317,16.552382,12.849245,15.771009,13.462792,17.003418,20.237873,22.032736,24.902275,25.703762,29.937984,31.482561,29.07794,26.826012,21.878141,23.492195,18.435608,20.454418,17.218363,18.522396,18.476038,18.897966,21.869938,23.072855,21.321316,24.105139,21.318804,24.554111,25.786844,26.945383,30.068468,28.7397,25.474516,26.386095,28.212353,23.234695,21.61567,20.02916,19.589205,16.42692,19.339119,18.115084,17.340147,17.393623,15.013838,13.673405,11.700451,13.132401,13.864294,12.688163,16.830383,17.012354,21.34803,22.987907,26.754736,27.289217,25.614113,28.263031,25.11354,20.937536,19.606295,16.083641,16.138077,11.291963,12.404288,9.58171,12.661967,16.071838,13.5214205,15.311006,16.770073,13.786937,13.3301,9.694516,8.656074,3.8812046,4.8040566,7.997818,10.122161,11.356239,10.181153,15.599815,12.333592,17.06715,18.595432,21.57257
20,24.61682,25.10183,21.606678,21.867998,17.550404,14.832807,17.569942,13.281948,17.360611,15.775356,21.530497,21.506908,23.31809,23.604973,19.712893,15.999339,12.502317,10.868575,6.1066093,6.185969,0.0,6.4325256,9.239804,13.025815,16.70195,19.536152,18.909681,19.762024,16.952446,19.625668,18.689322,21.266497,25.543251,26.473482,30.171036,30.59767,35.059364,36.942116,34.855854,32.626945,27.754454,29.50258,24.349752,26.373363,22.837862,23.99057,23.249134,23.184376,25.804447,27.889553,26.122583,29.412674,26.633608,29.712168,31.188452,31.711067,35.257805,33.32803,29.97146,30.522045,33.044315,27.937128,26.01495,25.279367,24.01536,21.308804,23.196888,22.156872,20.15074,20.539724,19.179737,17.344486,16.69098,17.868324,19.334368,18.739979,22.895367,23.196112,27.533724,29.093882,32.86559,33.255165,31.495783,33.88823,30.697062,26.506456,24.934814,21.899397,21.115711,16.937204,16.93768,13.429674,15.482578,16.88835,13.282123,14.539269,14.7369585,11.880378,10.60317,7.991292,8.68786,5.811463,10.087147,11.048248,12.01949,14.941511,14.929589,20.29679,18.106255,22.726152,24.481937,27.542782
21,23.119211,24.59562,21.813677,22.162361,18.807127,16.77249,19.036089,16.274178,20.487686,19.120165,25.11949,24.503271,26.775888,26.917551,23.105326,19.332384,16.68401,13.579309,10.944519,7.645209,6.4325256,0.0,4.2501717,6.792715,10.436975,13.299949,13.471683,14.982687,12.979821,16.479237,16.347248,19.687675,24.446318,26.737776,29.6583,31.300295,35.08198,36.782272,34.18688,31.15604,26.484016,27.405334,22.256117,23.824594,19.731955,20.984312,19.401512,19.725174,21.221155,23.78665,21.78146,25.514692,22.808006,25.679832,28.104954,27.762531,32.139637,30.128683,27.00582,28.265865,31.393528,26.596542,23.748215,22.818373,20.269667,17.471071,18.152132,17.027945,14.263452,14.972865,14.496514,13.190329,13.535254,15.823363,17.746172,17.262318,21.598072,22.450119,26.578575,28.767088,32.369347,33.271164,32.196766,35.11216,31.603138,27.83957,26.240881,22.41482,22.01908,16.62596,16.346846,11.829771,12.727478,13.897866,9.615802,9.579583,9.969224,6.3446617,5.825595,3.602163,5.827043,6.290224,10.04322,12.573567,14.978454,17.178429,16.140709,22.331167,19.092827,23.506464,25.236042,27.65348
22,19.289656,21.155005,18.732286,19.437256,16.69578,15.434041,17.946562,16.560974,20.920795,20.415077,26.495798,26.30842,28.85804,29.373018,25.809298,21.760231,19.8382,16.164448,14.080953,10.504443,9.239804,4.2501717,0.0,5.325268,8.120689,10.971534,10.98397,13.056173,12.116773,14.824806,16.188803,18.480762,24.12608,26.169868,29.386242,31.284582,34.825787,36.794167,34.423508,31.190865,26.81753,27.980635,22.790398,24.973871,20.855947,22.662077,21.0099,22.016846,22.639193,25.033976,22.642952,26.187658,22.97076,25.322145,27.532986,26.508726,31.131105,28.487593,25.377914,26.408472,30.215593,25.528992,22.258192,22.214445,18.914808,17.062626,16.952536,16.81873,13.623334,15.38463,15.5145855,15.351417,15.617095,18.76875,20.400549,19.181215,23.572248,24.002247,28.062061,30.047258,33.50605,34.327538,33.852936,36.62968,32.62754,29.348587,27.281986,23.647295,22.459234,17.380177,15.978605,11.164272,10.748018,10.449231,5.7670794,5.4731774,6.2672453,4.1565585,6.2517185,6.9342136,9.770002,10.226865,13.32662,16.55064,19.012747,20.982685,19.637331,25.653511,21.729351,26.254068,27.45912,29.91911
23,22.332975,24.887453,22.95156,23.902143,21.664389,20.624035,22.80354,21.522507,25.734173,24.844522,30.85121,30.10219,32.62589,32.766735,29.102907,25.355837,23.1694,19.613169,17.691216,13.862262,13.025815,6.792715,5.325268,0.0,3.956861,7.8402877,10.32844,13.213802,13.21521,16.799421,18.147621,21.404257,26.655407,29.76823,32.137497,34.73423,37.825256,39.45139,36.587368,32.88179,28.678795,28.849676,23.98889,25.116556,20.709393,22.010452,19.452913,20.16275,19.887516,23.100634,20.887037,24.993866,22.460585,24.746513,28.122799,26.505402,31.788881,29.469032,26.738064,28.528948,32.448986,28.166798,24.427595,23.768517,19.668627,17.406755,15.9485235,15.122819,10.924982,12.468243,13.902319,13.596873,15.338396,18.408703,20.618473,20.272717,24.400925,25.621025,29.334038,31.924376,35.228584,36.50538,36.130455,39.32812,35.542797,32.30952,30.610878,26.47113,26.091505,20.357033,19.49294,14.699205,13.82663,13.534054,9.180086,6.4168544,6.106208,2.7195232,4.87197,6.947124,9.693827,12.431567,15.206735,18.071236,20.884474,22.752344,21.27846,27.638578,23.90429,27.942154,29.535004,31.367304
24,21.811975,24.813814,23.509302,24.386156,22.90596,22.325243,24.144623,23.740131,27.805601,27.214373,33.13825,32.339615,35.04531,35.26788,31.794739,28.028074,26.369104,22.406292,21.14212,16.926088,16.70195,10.436975,8.120689,3.956861,0.0,4.46279,8.3272505,11.781072,13.07009,16.278778,18.46658,21.419744,26.794462,30.288422,32.29526,35.412476,38.03675,39.626427,36.696762,32.6773,28.859741,28.739151,24.141975,25.251156,20.88829,22.409124,19.640448,20.886414,19.577408,22.679697,20.267641,24.242119,21.650583,23.420261,27.070446,24.736105,30.38579,27.869131,25.417156,27.452002,31.743622,27.857052,23.71509,23.308073,18.472319,16.812788,14.179378,13.938247,9.337766,11.702984,13.972447,14.717555,16.581877,20.165363,22.176058,21.554413,25.477098,26.656017,30.075994,32.729317,35.79756,37.213364,37.348785,40.614292,36.620235,33.814903,32.004265,27.81464,27.349316,21.651318,20.431513,15.8110075,14.06772,13.212269,9.71747,6.21419,6.459787,5.7471147,8.536543,10.807502,13.185607,15.869904,17.976616,21.286184,24.318434,25.813963,23.996927,30.244307,26.051186,29.902973,31.203491,32.768223
25,22.286406,25.315886,24.578852,24.663784,23.835588,23.345428,24.302042,24.578333,28.256544,27.767221,33.42999,32.39086,35.268436,35.522064,32.35345,28.682938,27.807652,23.36161,23.203259,18.488224,19.536152,13.299949,10.971534,7.8402877,4.46279,0.0,5.3285136,8.761542,11.172067,14.075959,16.671568,19.591978,24.638296,28.747831,30.088318,33.78382,35.856373,37.280033,34.217945,29.923412,26.525492,26.063078,21.83461,22.933996,18.771929,20.611193,17.948317,19.982191,17.865885,20.344027,17.674677,21.254953,18.516256,19.792553,23.623163,20.807835,26.683857,24.222517,22.073444,24.523113,28.860615,25.443329,21.041954,20.554976,15.220752,14.041623,10.429845,10.886411,6.534366,9.852655,12.391168,14.486262,15.948667,20.087505,21.629711,20.563103,24.145708,25.209087,28.23716,30.918194,33.693497,35.261787,35.928703,39.264828,35.14843,32.835938,31.021313,26.773733,26.454586,20.814194,19.531298,15.421561,13.176947,12.869527,10.854584,8.172066,9.82698,9.804937,12.684212,14.10274,15.7793045,17.975399,18.996891,22.909756,26.225473,27.061409,24.766222,30.691233,25.948051,29.49471,30.390266,31.628689
26,20.177914,22.63964,22.065062,21.049309,20.543915,19.968655,20.082169,21.019266,24.292034,24.138063,29.52861,28.630999,31.680613,32.222908,29.424274,25.673864,25.74636,20.82219,21.710905,16.770317,18.909681,13.471683,10.98397,10.32844,8.3272505,5.3285136,0.0,3.741611,6.8662477,8.828111,12.158828,14.380527,19.629961,23.592115,25.00683,28.72158,30.711462,32.28997,29.483187,25.306036,22.006723,22.202137,17.823338,20.032965,16.234257,18.898466,17.254766,20.1034,18.553005,19.71315,16.66523,19.344254,15.605497,16.67197,19.39854,16.872179,22.350498,19.564936,17.118923,19.331602,23.682407,20.172653,15.767729,15.72147,10.418673,10.079573,7.3460183,9.466022,7.1684337,10.841762,11.766352,14.82092,14.661614,19.357079,20.059776,17.830412,21.411814,21.67849,24.72866,26.931005,29.638159,30.955084,31.992609,35.070427,30.640882,28.713524,26.598705,22.640156,21.84991,16.674467,14.88428,11.295872,8.59925,9.293535,8.970895,8.36625,11.512287,11.791606,14.942252,15.39368,16.682085,17.371964,17.539724,22.185575,25.505356,25.829432,23.212505,28.596998,23.213787,26.87802,27.107124,28.597527
27,21.389696,23.321207,22.832466,20.8372,20.4765,19.607069,18.7627,19.905628,22.640629,22.440807,27.435982,26.334343,29.455547,30.039268,27.570183,23.988081,24.807808,19.661047,21.566347,16.552382,19.762024,14.982687,13.056173,13.213802,11.781072,8.761542,3.741611,0.0,4.420687,5.767302,9.014541,11.357868,16.093266,20.516016,21.448473,25.419935,27.180244,28.644686,25.786633,21.579117,18.391685,18.710915,14.414122,17.117058,13.714872,16.840315,15.938328,19.320091,18.038158,18.1944,15.017476,16.94845,12.692221,13.643733,15.8008795,13.675592,18.86476,16.276892,13.723195,16.185358,20.169527,16.742275,12.379312,11.995365,6.745321,6.7924857,5.163787,8.22159,8.042773,11.237936,11.046143,14.735482,13.540522,18.408487,18.454546,15.563736,18.857714,18.719398,21.572714,23.589561,26.161682,27.45636,28.77332,31.803682,27.311188,25.701422,23.593199,19.694893,19.036013,14.080597,12.422704,9.774898,7.3834686,9.904879,10.76264,11.312957,14.717878,14.663405,17.539091,17.179436,17.855106,17.742418,16.934729,21.899754,25.244051,24.994205,22.09551,26.929901,21.183023,24.62842,24.417309,25.83372
28,22.849417,24.185225,23.051922,20.656876,19.452654,17.78864,16.650259,16.74586,19.345694,18.58875,23.584145,22.217022,25.270437,25.72921,23.186508,19.669065,20.585878,15.422148,17.841043,12.849245,16.952446,12.979821,12.116773,13.21521,13.07009,11.172067,6.8662477,4.420687,0.0,5.127413,5.5165277,9.702982,13.857764,18.33418,19.404219,22.89884,25.230505,26.609476,23.64961,19.790854,15.878519,16.557589,11.6505165,14.590869,11.080147,14.253669,13.96996,17.121206,17.08111,16.992393,14.017755,15.972758,11.723964,13.715749,15.426393,14.890366,19.222252,17.34709,14.436808,16.655506,19.660593,15.6156845,12.05384,10.555881,7.3497243,5.1771607,7.1682606,8.348763,9.018075,11.045504,9.34476,12.47894,10.254798,15.021495,14.786666,11.581659,15.225646,14.996802,18.306635,20.327316,23.256525,24.45943,25.216366,28.29726,24.008007,21.89092,19.959993,15.818763,15.599283,10.032868,9.2302685,6.5808,6.0772314,10.711714,10.9422035,12.285881,15.602419,14.553936,16.773417,15.34609,15.370785,14.403418,12.946709,18.043861,21.323942,20.832699,17.888489,22.584011,16.820686,20.447117,20.350794,22.04569
29,20.450886,21.349121,20.80184,17.521269,17.301815,16.192747,14.1516695,16.032751,18.047974,18.373108,22.874624,22.16527,25.41376,26.440899,24.474228,20.857218,22.757906,17.459116,20.331997,15.771009,19.625668,16.479237,14.824806,16.799421,16.278778,14.075959,8.828111,5.767302,5.127413,0.0,5.785002,5.613729,11.209331,14.828361,16.442415,19.995714,22.044216,23.908358,21.635994,17.97926,14.717621,16.631567,12.106028,16.596527,14.129524,17.798382,18.228987,21.741274,21.52383,20.665083,17.593695,18.407648,13.487814,14.340902,14.033248,13.308277,16.889734,13.937788,10.6488285,11.989669,15.692432,11.580757,7.631937,8.449058,5.513483,7.1632795,9.199109,12.1548815,13.201232,15.723019,14.173412,17.541311,14.895622,19.509514,18.678782,14.584178,17.735626,16.277723,19.281096,20.327475,22.92271,23.63208,25.187063,27.685825,22.777084,21.542,18.910662,15.714821,13.992619,10.291536,7.555374,6.7783875,4.9182625,9.225312,11.677469,13.957634,17.584328,17.640207,20.349298,19.364405,19.779911,18.120594,16.699486,21.87537,24.856712,24.230429,21.309294,25.223349,19.098036,22.715498,21.668304,23.659332
30,25.306486,25.795462,24.614027,21.074814,19.850246,17.67686,15.095634,15.100181,16.495497,15.543311,19.643967,17.959188,21.085382,21.669943,19.76302,16.620382,18.933588,13.762688,17.823088,13.462792,18.689322,16.347248,16.188803,18.147621,18.46658,16.671568,12.158828,9.014541,5.5165277,5.785002,0.0,6.678726,8.772072,13.761938,14.295421,17.705624,20.12005,21.382439,18.469568,15.011089,10.744833,12.4882555,7.331156,11.890754,9.741103,13.355384,14.735877,18.079853,18.9873,17.511166,14.843159,15.362871,10.826191,12.877859,12.623026,13.985807,16.644255,15.488698,12.427207,14.2864,15.843668,11.573529,9.333421,6.658878,7.248595,5.4677324,10.396523,11.434552,13.725096,14.88441,11.95201,14.834049,11.091656,15.171379,13.668897,9.1154995,12.122807,10.578894,13.889147,15.24531,18.208347,19.131691,20.051842,22.93773,18.519794,16.687265,14.707329,10.696952,10.752131,5.6969795,6.008337,6.7421727,8.140605,13.733509,14.882238,17.090145,20.435661,19.2462,21.073223,18.878054,18.207684,15.928471,13.118893,18.160397,21.102938,19.730534,16.575886,19.910755,13.6818695,17.005783,15.992744,17.924019
31,21.750921,21.542923,20.958698,16.426893,16.352945,14.955961,11.305584,13.913201,14.612635,15.518933,19.01733,18.714853,22.006037,23.495867,22.256027,18.872768,21.981514,16.915207,20.72739,17.003418,21.266497,19.687675,18.480762,21.404257,21.419744,19.591978,14.380527,11.357868,9.702982,5.613729,6.678726,0.0,7.100003,9.236564,11.743984,14.654245,17.045118,19.34836,17.851122,15.104048,12.035424,15.685851,11.59758,17.298416,16.016783,19.772686,21.271502,24.738945,25.30773,23.655163,20.842152,20.692657,15.734973,16.421928,13.851252,14.753236,16.216377,13.409372,9.878805,9.497702,12.038506,7.0915775,5.12672,7.372665,8.568144,10.536529,14.0642,16.702612,18.425024,20.47487,18.16411,21.165943,17.63404,21.65469,20.065842,15.255987,17.813643,15.063249,17.890882,17.7233,20.178398,20.169394,21.998224,23.805565,18.515488,17.879488,14.695128,12.690402,9.611732,8.595017,5.1035004,8.000815,7.976477,12.200247,15.254714,18.336298,21.875818,21.895578,24.317263,22.83702,22.929699,20.145979,18.152487,23.118727,25.62362,24.557577,21.73548,24.408268,18.231287,21.687025,19.720457,22.18102
32,28.689507,28.16901,27.570412,22.60697,22.36334,20.443815,16.000984,17.452148,16.569525,16.535788,18.129059,16.742268,19.774662,20.976902,20.763252,18.557503,22.833216,18.337212,23.4849,20.237873,25.543251,24.446318,24.12608,26.655407,26.794462,24.638296,19.629961,16.093266,13.857764,11.209331,8.772072,7.100003,0.0,7.249276,5.554417,9.882655,11.408884,12.882138,10.822989,8.437421,5.636877,10.552703,8.21798,14.168917,14.809927,18.301249,21.049925,24.610064,25.65254,22.68973,20.423239,18.808815,14.474764,14.986324,10.592038,14.038026,13.05907,12.540777,9.975312,10.223883,8.675358,4.9033213,7.0067453,5.5455127,11.007355,12.132547,16.820528,18.673155,21.808361,22.940058,19.854212,22.838806,18.629217,21.798437,19.217985,14.214119,15.011372,11.303207,12.815375,11.638441,13.513374,13.355723,15.97301,17.695278,12.467589,13.045049,10.470214,9.127214,8.011027,9.15623,9.083863,13.225222,14.395652,19.189472,21.797941,24.633884,28.139963,27.502787,29.462538,27.216846,26.430092,23.35415,20.041767,24.54541,26.858095,24.710323,21.694712,22.668295,16.667906,18.725695,15.709228,17.605867
33,27.22081,25.638597,25.016083,19.435064,19.462442,17.805288,12.652294,15.263002,13.066561,14.665736,15.030103,15.469171,18.345839,20.547411,20.951519,18.647346,23.402872,19.499228,24.22213,22.032736,26.473482,26.737776,26.169868,29.76823,30.288422,28.747831,23.592115,20.516016,18.33418,14.828361,13.761938,9.236564,7.249276,0.0,6.6936855,6.176603,9.687212,12.915869,13.566585,13.567436,11.878313,17.361431,15.098097,20.992975,21.397783,24.776747,27.439602,30.652285,32.12932,29.574364,27.264286,25.987614,21.578747,22.057623,17.299414,20.152668,18.576506,16.913969,14.284804,11.90874,10.464427,6.7819815,10.451662,12.26514,16.534939,18.21147,22.571743,24.763771,27.122852,28.62323,25.628092,28.118017,23.876225,26.819008,24.38708,19.396473,20.602678,16.489937,18.327509,15.957172,17.668587,16.135511,18.32814,18.431822,12.845274,13.912459,10.120048,11.69622,7.1500797,12.111497,10.482212,15.189932,16.438793,20.152302,23.257103,26.786963,30.137468,29.989141,31.977352,29.922977,29.541264,25.700764,23.086353,27.241169,28.903614,27.179039,24.743837,25.133266,19.721209,22.25408,18.945026,21.801018
34,32.219498,31.169287,30.801922,25.357286,25.495953,23.716566,18.757366,20.556736,18.53356,18.87818,18.72776,17.61297,20.22464,21.686724,22.52208,21.05915,26.034164,22.139893,27.555878,24.902275,30.171036,29.6583,29.386242,32.137497,32.29526,30.088318,25.00683,21.448473,19.404219,16.442415,14.295421,11.743984,5.554417,6.6936855,0.0,5.9166737,5.879062,7.6087484,7.1241937,7.2583127,7.3771777,12.601249,12.323006,17.625387,19.281843,22.44888,25.65376,29.138502,30.34232,26.85582,24.885256,22.515379,18.691538,18.662315,13.015477,17.088305,13.997779,14.2062235,12.591902,11.669819,7.342326,6.357156,10.683293,10.2828865,15.91903,17.43653,21.961689,23.87623,27.242115,28.273825,25.092321,27.983732,23.633638,26.327196,23.401146,18.557705,18.431429,14.287585,14.563873,11.822263,12.443785,11.194697,14.854836,15.345089,10.04446,12.728376,10.339144,11.394321,10.115907,13.708794,13.748242,18.302681,19.503763,23.90521,26.855783,29.886536,33.396915,32.886135,34.817223,32.477463,31.58574,28.18961,24.708147,28.836088,30.785486,28.316015,25.496225,25.240864,19.834438,21.069582,17.27283,18.962616
35,33.33744,31.582048,30.863148,25.248547,25.026182,23.050413,17.922705,19.371874,16.221754,16.967993,15.196067,14.974236,17.157068,19.195929,20.768679,19.710918,25.123737,22.036627,27.351414,25.703762,30.59767,31.300295,31.284582,34.73423,35.412476,33.78382,28.72158,25.419935,22.89884,19.995714,17.705624,14.654245,9.882655,6.176603,5.9166737,0.0,5.4252954,8.2471695,10.145031,12.361988,11.890765,17.317478,16.621122,21.796467,23.322649,26.233912,29.564953,32.5928,34.509193,31.296885,29.453344,27.435692,23.73059,24.18874,18.847136,22.86571,19.861696,19.711271,17.845646,15.94217,12.11339,10.588282,15.060504,15.341547,20.720963,21.850832,26.659853,28.344307,31.32141,32.284134,28.881418,31.152761,26.626673,28.811464,25.869072,21.155283,21.158756,16.738451,17.39345,13.847845,14.645409,12.215279,14.704029,13.689616,8.463304,11.395992,8.555108,12.027888,9.5747795,15.316603,15.339141,20.191963,21.955624,26.107985,28.920448,32.35612,35.683666,35.116962,36.782257,34.24527,33.335163,29.285398,26.01096,29.59687,30.9239,28.540625,26.228325,25.088648,20.451937,21.755129,17.75692,20.217625
