,0,1,2,3,4,5,6,7,8,9,10,11,12,13,14,15,16,17,18,19,20,21,22,23,24,25,26,27,28,29,30,31,32,33,34,35,36,37,38,39,40,41,42,43,44,45,46,47,48,49,50,51,52,53,54,55,56,57,58,59,60,61,62,63,64,65,66,67,68,69,70,71,72,73,74,75,76,77,78,79,80,81,82,83,84,85,86,87,88,89,90,91,92,93,94,95,96,97,98,99,100,101,102,103,104,105,106,107,108,109,110,111,112,113,114
0,0.0,4.359434,5.956436,8.51949,11.976565,13.535503,17.241392,20.186502,23.23221,26.51441,31.2642,33.14268,35.4872,36.481373,32.86786,29.206465,26.125175,23.273436,21.478363,16.808605,16.44535,11.954372,14.099467,11.696918,15.04306,15.942332,18.135633,21.902924,21.007534,24.648493,24.86259,28.084911,32.96996,34.432247,37.58662,38.77546,43.168133,44.47703,43.561443,40.478676,35.5862,36.368313,31.531023,31.791073,27.914875,27.606752,25.515757,23.62736,26.071249,29.686253,28.535204,32.67177,30.726377,33.627636,36.791435,35.939102,40.077785,37.864277,36.052723,37.38688,41.153923,36.331234,33.491604,32.234722,29.326208,26.632978,27.390041,25.73103,23.077156,22.783485,22.711485,19.488214,20.7284,20.809816,23.4211,24.798557,28.518291,29.82925,33.994904,35.991016,39.775604,40.501698,36.91798,39.787025,39.310467,34.787468,32.20902,29.499035,28.176508,22.863909,23.339931,20.578686,23.134476,20.405245,22.620718,29.369314,29.1309,25.319324,27.64619,32.120842,28.893276,28.447668,25.28446,22.919401,20.438719,17.712402,15.279552,13.918259,15.24798,15.545945,21.0128,21.030163,24.29639,26.699167,28.910545
1,4.359434,0.0,5.11058,4.772832,8.676883,11.218488,14.095923,17.878073,20.35765,24.028606,28.477106,30.707344,32.76671,33.516563,30.064247,26.167997,23.70586,20.291555,19.358961,14.422981,15.114175,10.130751,12.836699,10.171845,12.079611,13.808548,14.898297,18.450352,17.387,20.675867,21.152678,23.936068,29.08558,30.261114,33.623684,34.762142,39.13469,40.601814,39.836517,36.82713,31.979967,33.15501,28.141485,29.011557,25.12844,25.328938,23.541088,22.330769,24.684633,27.866034,26.370214,30.213385,27.763712,30.53139,33.27413,32.415257,36.340954,33.972733,32.013805,33.189716,37.047764,32.207603,29.369072,28.413177,25.58897,23.171087,24.124859,22.843204,20.50702,20.702065,20.416681,17.79632,18.253407,19.027267,21.239706,21.848043,25.778936,26.633123,30.919641,32.65073,36.44336,36.99947,33.607964,36.429413,35.615105,31.11661,28.348703,25.81359,24.099209,18.907276,19.129347,16.357971,19.082981,16.510773,18.319721,25.113575,24.945013,21.061235,23.287716,27.795319,24.66009,24.243547,21.12396,18.73712,16.136806,13.545486,10.92787,9.773977,11.284267,11.497686,17.238592,17.28108,20.749855,23.129751,25.670252
2,5.956436,5.11058,0.0,5.9810095,7.154356,8.657154,12.078019,15.212277,18.485199,21.472523,26.46214,27.981804,30.419756,31.20568,27.499197,23.94024,20.60506,17.822437,15.915972,11.000791,11.30081,6.0265994,8.399171,7.0253205,10.039784,12.571592,14.087588,17.76194,16.253809,20.434925,19.819386,23.883535,28.187216,30.480751,32.917835,34.61656,38.74422,39.74705,38.45661,35.211147,30.310175,30.715696,26.035051,25.937464,22.109884,21.672102,19.69795,17.891674,20.639086,23.94478,22.862886,26.901703,25.138954,28.23606,31.494316,30.996838,35.064693,33.337788,31.774927,33.364216,36.674404,31.935944,29.19546,27.268253,24.642231,21.486446,22.70389,20.613426,18.649202,17.952732,17.295671,13.889447,14.909549,14.868896,17.500238,19.083548,22.7488,24.3426,28.417511,30.707962,34.46971,35.450577,32.020622,35.213505,34.802868,30.162193,27.952316,24.786318,24.223415,18.416933,19.461014,17.17205,19.817535,18.248278,20.299187,26.374605,27.243168,23.706968,24.794676,29.920092,27.055141,26.05296,23.461512,19.955252,18.398954,14.230125,13.313189,13.292814,14.707557,13.761047,19.710625,18.020424,21.837034,23.362295,25.910286
3,8.51949,4.772832,5.9810095,0.0,4.7018676,7.35258,9.769247,13.6738825,15.7468,19.624735,23.851645,26.308334,28.205013,28.966831,25.615847,21.650837,19.57656,16.0048,15.554674,11.0212145,12.012655,7.959455,11.663664,10.296224,10.225527,14.147508,13.541818,16.604298,14.53434,17.682,17.431261,20.219725,24.744593,26.015316,29.29224,30.268177,34.737656,36.1136,35.468277,32.6729,27.7809,29.216501,24.242764,25.421394,21.840363,22.279305,21.164385,20.386955,23.230299,25.642014,24.094288,27.447525,24.76303,27.671127,29.798113,29.513296,32.88563,30.85468,28.808764,29.746513,33.19106,28.216055,25.77736,24.635906,22.60038,20.071438,21.950096,20.687325,19.420456,19.654278,18.551218,16.21344,15.518515,16.283472,17.887844,17.968918,21.810951,22.332193,26.635126,28.141727,31.928581,32.388294,28.90171,31.665735,30.920868,26.439873,23.725737,21.193428,19.689274,14.582593,15.522066,13.435331,16.788618,15.342461,15.837663,22.410666,22.911518,18.677309,19.94584,24.710028,21.440203,20.470123,17.69369,14.608979,12.904476,9.348498,8.304733,8.552278,8.953548,7.832325,13.754532,12.748938,16.428082,18.4921,21.13715
4,11.976565,8.676883,7.154356,4.7018676,0.0,4.4654517,5.461674,10.163674,12.339604,15.933753,20.407192,22.488056,24.467787,24.969887,21.507418,17.592825,15.323207,11.62745,11.364679,6.509934,8.944996,4.918547,8.659214,8.757384,7.1315255,12.787099,11.235533,13.932928,11.06545,14.785831,13.490298,17.305618,21.184929,23.42339,25.88807,27.463703,31.63034,32.686222,31.622143,28.620623,23.688656,24.742336,19.87889,20.75218,17.217173,17.628323,16.764582,16.287611,19.324451,21.26988,19.759748,22.92312,20.367887,23.469864,25.67551,25.756138,29.065762,27.535454,25.766336,26.996883,29.967522,25.089207,22.73839,20.843077,19.13097,16.098022,18.541588,16.882915,16.482052,16.38322,14.624104,12.426383,11.05623,11.903185,13.277801,13.334002,17.210245,17.98509,22.251265,24.08714,27.877895,28.619284,25.311384,28.454178,27.754536,23.119469,20.817446,17.72221,17.12696,11.345748,13.052833,11.670213,14.999121,14.933532,15.286257,20.844936,22.509197,18.798418,18.658375,24.039135,21.294546,19.768154,17.748352,13.424881,12.978229,7.678507,9.047825,10.770678,11.333293,9.002202,14.717926,11.662049,15.881107,16.79522,19.810883
5,13.535503,11.218488,8.657154,7.35258,4.4654517,0.0,5.102593,6.7188873,9.942539,13.00158,17.87338,19.642803,21.969687,23.053484,19.41853,15.915321,12.838966,10.362836,8.5513,5.5987954,5.0539947,5.304066,9.411746,11.390463,10.448825,16.404055,15.021725,17.439909,13.97266,17.736626,15.09282,19.39612,21.636726,24.393599,26.343496,27.636879,31.943348,32.57947,31.496172,28.783363,23.792559,24.51981,20.18734,20.325815,17.42191,17.156284,16.887363,15.779696,19.836212,21.321236,20.393204,23.26989,21.332119,24.812372,26.760519,27.682716,30.464882,29.66953,28.034393,29.112232,31.305952,26.377983,24.701223,22.138315,21.495358,18.004408,21.231386,19.061827,19.445375,18.670702,16.242563,13.373679,11.782704,10.834383,11.92039,12.874024,15.969479,17.150774,21.122046,23.069319,26.79468,27.675287,23.814066,26.897028,27.005194,22.455162,20.679926,17.371372,17.959442,12.640707,15.705831,15.217987,18.70567,19.201546,18.875174,24.05292,26.09037,22.092342,21.282652,26.576944,23.512238,21.378508,19.718306,15.054097,15.792747,10.187086,12.804108,14.567787,14.068015,11.249416,15.992908,11.896396,15.600905,16.056576,18.398714
6,17.241392,14.095923,12.078019,9.769247,5.461674,5.102593,0.0,6.1068435,7.4520025,10.90058,15.251931,17.270775,19.134136,19.514519,16.068054,12.135936,10.222464,6.238215,7.1356974,4.3566656,7.753025,7.472622,10.321767,12.250831,8.975211,15.645137,12.689094,14.124111,10.020197,13.35898,10.122645,14.584457,16.70898,19.819952,21.464462,23.21624,27.246675,27.925447,26.716326,23.874199,18.886616,19.92711,15.338745,16.267117,13.399066,14.013098,14.383414,14.624775,18.15255,18.761478,17.380486,19.636515,17.073534,20.403084,21.844662,22.928524,25.432281,24.720682,23.111195,24.209833,26.256279,21.394491,19.7389,17.047894,16.78704,13.409264,17.24829,15.443959,16.822718,16.50925,13.639071,12.151795,8.976846,9.492007,9.413415,8.594266,12.16523,12.708766,16.932539,18.75344,22.535486,23.38553,20.029211,23.369062,22.891289,18.212778,16.43139,12.878722,13.616683,7.9199724,11.410557,11.767848,15.12565,16.814657,15.878678,20.002453,22.813618,19.355284,17.457762,23.036934,20.612143,18.265886,17.29003,11.953586,13.546094,7.456667,11.630104,14.328014,14.071485,10.846045,15.070099,9.915731,14.062361,13.531216,16.669266
7,20.186502,17.878073,15.212277,13.6738825,10.163674,6.7188873,6.1068435,0.0,4.50792,6.3515806,11.500018,12.966556,15.418335,16.846956,13.185959,10.21165,6.937267,6.3128805,4.1977725,7.045906,5.788128,10.533599,13.292846,16.581696,14.39897,20.971666,18.499268,19.800425,15.518191,18.607119,14.200569,18.684322,18.249565,21.907639,22.717726,23.913795,28.039951,28.053843,26.883305,24.63197,19.780678,20.31847,16.889185,16.66098,15.13057,14.710887,16.076227,15.529142,20.172888,20.02171,19.52913,21.166237,19.612757,23.263779,24.187616,26.429762,28.051203,28.378626,26.983356,27.790325,28.671005,23.92305,23.333721,19.927217,21.161747,17.505117,21.99061,19.6999,21.79096,20.750929,17.342485,15.185626,12.180175,10.188921,9.245699,9.830622,11.371627,12.458351,15.853017,17.711418,21.252365,22.284575,18.05991,21.220604,22.108664,17.76612,16.987547,13.388669,15.964318,11.865841,16.42471,17.527288,20.915043,22.867771,21.347454,25.058392,28.104136,24.3265,21.867609,27.055468,24.264143,21.266075,20.76202,15.489304,18.177435,12.492904,17.004042,19.501183,18.283583,14.847526,17.780691,11.902266,14.782608,13.451683,15.2938
8,23.23221,20.35765,18.485199,15.7468,12.339604,9.942539,7.4520025,4.50792,0.0,4.6153226,8.127662,10.92289,12.505079,13.751998,10.597985,7.1276355,6.7451625,5.474766,7.043496,9.977329,10.250121,13.953457,16.67919,19.475304,16.229101,22.930477,19.481112,20.018368,15.512573,17.44999,12.837488,16.198505,14.662005,17.985958,18.886147,19.590542,23.883205,23.982452,23.261955,21.500036,16.754433,18.225214,14.90037,15.917986,15.070824,15.568405,17.716803,18.185875,22.353153,21.408836,20.58879,21.351562,19.172022,22.492428,22.20422,24.917711,25.642788,26.108444,24.518137,24.797094,25.258308,20.46396,20.54013,17.453075,19.787762,16.747986,21.772194,20.1377,22.884056,22.398361,18.869566,17.749224,13.877241,12.969039,10.993294,9.483859,10.536882,10.012775,13.389962,14.307915,17.851688,18.441881,14.092906,17.050919,17.751741,13.468863,12.677311,9.3749895,12.322289,9.685827,14.693109,16.702026,20.095068,22.691914,20.059006,22.999926,26.288134,22.558462,19.323523,24.153532,21.504902,18.142157,18.316887,13.051932,16.763435,11.768894,17.021542,19.877247,18.178785,14.597957,16.169985,9.738155,12.023598,9.672452,11.692691
9,26.51441,24.028606,21.472523,19.624735,15.933753,13.00158,10.90058,6.3515806,4.6153226,0.0,5.597747,6.712653,9.089599,10.858728,7.3746705,5.640338,4.1947308,6.78475,6.957692,11.994899,11.481042,16.414623,18.436474,22.015451,19.053104,25.661243,22.424864,22.756641,18.262571,20.342924,15.02953,18.923428,15.693448,20.031597,19.508924,20.564545,24.270933,23.611048,22.40709,20.812471,16.42266,16.898577,14.818582,14.540134,14.815135,14.604777,17.44261,17.758724,22.200838,20.50627,20.300642,20.45505,19.197992,22.632158,22.250319,25.70631,25.984695,27.384363,26.255749,26.71256,26.221247,21.912622,22.500872,18.58493,21.631855,18.30517,23.51857,21.46021,24.801548,23.790009,19.939148,18.776575,15.020843,13.098263,10.468892,9.86562,8.950539,9.235069,11.35811,12.77386,15.928341,17.0652,12.571647,15.804769,17.517626,13.680508,14.26675,10.8087,15.311282,13.228919,18.243124,20.504467,23.534298,26.518608,24.13187,26.33295,30.112942,26.75656,23.013733,27.789999,25.491634,21.956896,22.561523,17.306309,21.224733,16.158281,21.420488,24.302017,22.761435,19.18293,20.650547,14.210945,15.956548,12.95345,14.142981
10,31.2642,28.477106,26.46214,23.851645,20.407192,17.87338,15.251931,11.500018,8.127662,5.597747,0.0,4.8396196,4.8220267,7.235207,5.6788907,5.77559,8.635095,10.661447,12.420426,17.090355,16.957031,21.591637,23.695179,26.981215,23.447994,30.041695,26.172165,25.872997,21.398737,22.32204,17.12554,19.48232,14.2527485,18.029486,16.99757,17.071566,20.671263,19.690474,19.169598,18.73555,15.0885725,16.474552,15.436193,16.220743,17.608189,18.076454,21.511219,22.505327,26.516396,24.068167,23.740261,22.866749,21.322176,24.22038,22.30305,26.481876,25.377579,27.274529,26.083717,25.823944,24.314785,20.368124,22.148577,18.669983,23.091494,20.572973,26.067387,24.630308,28.50475,27.89585,24.024536,23.595455,19.43547,18.161484,15.099869,13.223145,11.393152,9.811645,10.466639,9.992527,12.474455,12.959657,7.8628945,10.470309,13.029977,10.142699,11.783053,9.637692,14.698459,15.002826,19.870667,22.858326,25.728584,29.200994,25.828173,27.038418,30.974752,27.770557,23.317417,27.288298,25.24241,21.402082,22.855919,18.1908,22.856506,18.825876,24.324528,27.34425,25.324179,21.806564,21.785727,15.588535,16.03472,12.081521,12.395214
11,33.14268,30.707344,27.981804,26.308334,22.488056,19.642803,17.270775,12.966556,10.92289,6.712653,4.8396196,0.0,3.6090112,6.310725,4.3271976,7.1833773,8.0962515,11.976045,12.533099,17.97621,17.534918,22.66355,24.081333,27.958475,24.801052,31.20612,27.731068,27.443857,23.07908,24.519379,18.891472,22.234028,16.663027,21.506445,19.242199,20.286604,22.997208,21.314562,19.850985,19.118202,15.87862,15.656927,15.782214,14.859433,17.01594,16.673885,20.389597,21.13946,25.211498,22.284496,22.570976,21.354876,20.881475,23.897043,22.481106,26.997702,25.994047,28.612127,27.96229,28.226128,26.233154,22.8203,24.476236,20.159563,24.511353,21.554686,26.918724,24.959463,29.11408,27.956562,23.940706,23.386917,19.591787,17.576511,14.358388,13.590164,10.4959955,10.364342,9.639616,10.497703,12.340465,13.8754835,9.687845,12.704495,15.73676,13.261182,15.628325,12.9489155,18.551182,18.04666,22.850996,25.699173,28.267483,31.890295,29.188229,30.103132,34.425854,31.58551,27.01422,31.308432,29.577112,25.81674,27.222387,22.247448,26.685108,22.087093,27.535372,30.571064,28.969925,25.397045,26.094053,19.71227,20.62182,16.795177,17.158842
12,35.4872,32.76671,30.419756,28.205013,24.467787,21.969687,19.134136,15.418335,12.505079,9.089599,4.8220267,3.6090112,0.0,3.94361,4.6003323,7.807219,10.750371,13.708799,15.336881,20.391754,20.446983,25.177546,26.714165,30.298779,26.693848,33.09006,29.174255,28.49475,24.178694,24.897797,19.475246,21.845789,15.329591,19.748905,17.15352,17.707382,20.193068,18.328104,17.295767,17.321861,14.644603,15.185124,15.788212,15.863792,18.404413,18.689873,22.596832,23.861736,27.56623,24.33555,24.358599,22.62074,21.734034,24.338427,21.943285,26.765892,24.93595,27.74595,27.039417,26.871906,24.325089,21.200855,23.505806,19.582125,24.633442,22.247711,27.706915,26.221857,30.62204,29.82023,25.852112,25.806171,21.698647,20.302301,16.91312,15.198874,12.115236,10.722208,9.285811,8.618559,9.836103,10.889627,6.622921,9.284118,12.688784,10.993547,13.959197,12.130141,17.746035,18.46833,23.064459,26.286572,28.718401,32.61615,29.376303,29.660093,34.05346,31.394873,26.446953,30.25467,28.783882,24.95074,26.824482,22.214487,26.964441,22.9717,28.513912,31.642633,29.8588,26.345306,26.319237,20.141273,20.523394,16.32652,16.479206
13,36.481373,33.516563,31.20568,28.966831,24.969887,23.053484,19.514519,16.846956,13.751998,10.858728,7.235207,6.310725,3.94361,0.0,3.99102,7.3895154,11.375976,13.620096,16.19189,20.724361,21.819206,25.7391,26.870493,30.255932,26.23188,32.338,28.131992,26.96684,22.891483,23.14556,17.812662,19.904156,12.785715,17.812109,14.209315,15.714385,17.436186,15.330261,13.667718,13.497207,11.19456,11.675925,12.96479,13.475678,16.503994,17.312086,21.404657,23.345165,26.40844,22.751497,22.563442,20.235535,19.19004,21.395655,18.479395,23.541874,21.312069,24.47108,24.026173,23.98817,21.041246,18.366804,20.80993,16.712414,22.141146,20.12324,25.480494,24.289251,29.034979,28.436039,24.551577,25.208757,20.929659,20.23425,16.641113,14.192708,10.860328,8.806456,6.2455854,5.089266,6.075627,7.771359,5.012331,8.751886,10.948683,9.306805,12.78703,10.929835,16.717655,17.71025,21.842838,25.275938,27.229372,31.516695,28.374548,27.771318,32.533688,30.49988,25.150011,28.951088,28.137705,24.456686,26.635975,22.008875,26.717884,22.92553,28.433132,31.701658,30.307943,26.867764,26.976875,20.83028,21.557192,17.180899,18.065195
14,32.86786,30.064247,27.499197,25.615847,21.507418,19.41853,16.068054,13.185959,10.597985,7.3746705,5.6788907,4.3271976,4.6003323,3.99102,0.0,4.3488083,7.395261,10.1019125,12.241438,16.945406,17.931814,21.952904,23.05015,26.602959,22.853226,29.055452,25.164213,24.389772,20.174366,21.15528,15.531638,18.699472,12.823997,18.28276,15.478002,17.406673,19.749197,18.1652,16.249996,15.017057,11.59519,11.5251,11.629849,11.394849,13.805223,14.217656,18.159359,19.754293,23.18113,19.929092,19.80559,18.163996,17.215069,19.981388,18.198826,22.791338,21.669443,24.34217,23.808468,24.219143,22.18946,18.911669,20.496874,16.005281,20.623142,17.95045,23.343662,21.711155,26.196838,25.34906,21.385708,21.614456,17.44785,16.401575,12.86046,10.881869,7.5746903,6.47245,5.4188604,6.6172214,9.08504,10.953774,7.6049943,11.653167,13.410951,10.455795,12.979618,9.949276,15.830104,15.459388,19.906126,22.991308,25.157093,29.166304,26.506702,26.679962,31.33023,29.034014,24.09301,28.483301,27.326956,23.707674,25.370981,20.300344,24.726189,20.31242,25.784384,28.995558,27.788572,24.278254,25.117754,18.710714,20.054996,15.99637,17.281921
15,29.206465,26.167997,23.94024,21.650837,17.592825,15.915321,12.135936,10.21165,7.1276355,5.640338,5.77559,7.1833773,7.807219,7.3895154,4.3488083,0.0,5.7110405,6.35201,9.773359,13.625635,15.290051,18.576685,20.015533,23.140749,19.128828,25.46309,21.387114,20.741348,16.38435,17.397623,11.870951,15.124871,10.541117,15.741663,14.210416,16.134604,19.249294,18.52102,16.981695,15.200292,10.810329,11.835583,9.925083,10.971507,12.011461,13.02667,16.490053,18.193615,21.608047,19.057419,18.370129,17.496988,15.600734,18.544285,17.133133,21.02252,20.616709,22.359825,21.398994,21.821089,20.82092,16.8173,17.77492,13.62064,17.666782,14.941246,20.43135,18.990671,23.11882,22.60731,18.754313,18.98195,14.545055,14.155293,10.816119,7.876219,6.251751,4.1897297,6.4054155,7.5226903,11.047924,12.27729,8.740236,12.779898,13.370669,9.273927,10.475537,6.6426477,12.201715,11.185336,15.793944,18.789572,21.182215,25.01679,22.30707,23.001083,27.426342,24.914051,20.23628,24.912289,23.55104,20.038607,21.410563,16.158619,20.44667,15.971791,21.446362,24.671133,23.528337,20.044367,21.125988,14.702271,16.53484,12.739135,14.809364
16,26.125175,23.70586,20.60506,19.57656,15.323207,12.838966,10.222464,6.937267,6.7451625,4.1947308,8.635095,8.0962515,10.750371,11.375976,7.395261,5.7110405,0.0,5.06802,4.898985,10.080776,10.746621,14.949873,16.056116,19.944319,16.973242,23.297651,20.256075,20.482788,16.174805,18.748617,13.16331,18.14625,15.417566,20.701984,19.484356,21.7291,24.836002,24.045023,22.017405,19.619638,15.146916,14.534912,12.426053,11.013862,11.109372,10.478238,13.416166,13.915259,18.21046,16.33164,16.263742,16.51813,15.711226,19.333256,19.79491,23.06008,23.96248,25.517038,24.785591,25.888458,25.531357,21.493616,21.503063,16.929556,19.412184,15.640101,20.65029,18.18271,21.731115,20.392067,16.431248,15.447752,11.7452965,9.694561,6.629351,6.7284117,5.4657164,7.500859,9.779595,12.545912,15.78925,17.574057,14.011234,17.910501,19.035776,14.949434,15.66359,11.529882,16.173357,12.999172,17.629202,19.6771,22.235064,25.406183,23.856092,25.669693,29.82555,27.057098,23.243204,28.475897,26.7016,23.428095,23.962545,18.385927,21.859623,16.350868,21.407494,24.356478,23.592705,20.088495,22.495647,16.05066,18.609531,15.723205,17.640661
17,23.273436,20.291555,17.822437,16.0048,11.62745,10.362836,6.238215,6.3128805,5.474766,6.78475,10.661447,11.976045,13.708799,13.620096,10.1019125,6.35201,5.06802,0.0,5.3555903,7.397683,10.286029,12.355531,13.828237,16.80644,12.993878,19.480299,15.863643,16.003036,11.539181,14.001108,8.721776,13.739595,12.886488,17.595108,17.498402,19.866201,23.313276,23.294815,21.581898,18.804062,13.878433,14.4240265,10.610152,11.14468,9.669122,10.432666,12.582216,13.788224,17.399605,16.237768,15.198226,16.036774,13.8417845,17.313372,17.876673,20.290655,21.772493,22.329277,21.195322,22.309809,22.970692,18.497494,17.784346,13.825875,15.498863,11.90194,16.922989,14.966034,18.175623,17.535107,13.82453,13.3885975,9.053682,9.004804,6.548876,4.047543,6.308357,6.8040857,10.808937,13.008041,16.720448,17.989206,14.836473,18.679312,18.540056,13.924731,13.407517,9.111276,12.420186,8.168869,12.670255,14.612187,17.273638,20.412382,18.818579,20.910402,24.889679,22.156906,18.575497,24.046413,22.353361,19.380465,19.663006,13.984595,17.11877,11.60482,16.666609,19.74607,19.27141,15.860756,18.627874,12.400172,15.689603,13.285539,16.215567
18,21.478363,19.358961,15.915972,15.554674,11.364679,8.5513,7.1356974,4.1977725,7.043496,6.957692,12.420426,12.533099,15.336881,16.19189,12.241438,9.773359,4.898985,5.3555903,0.0,5.8524156,6.035289,10.301438,11.686794,15.706724,13.551359,19.861937,17.607485,18.712734,14.586339,18.144718,13.270613,18.791813,18.138325,22.834314,22.64353,24.821556,28.315346,27.989214,26.080303,23.313051,18.558538,18.038443,14.94438,13.506942,11.95066,10.87152,12.302184,11.704051,16.467758,16.048592,15.867892,17.55147,16.66569,20.492481,22.107563,24.379202,26.36623,27.101154,26.17688,27.54588,28.200018,23.828735,22.980337,18.81927,19.804007,15.681942,20.032078,17.21525,19.684404,18.131662,14.46707,12.334847,9.39242,6.5924225,5.291433,7.3840585,8.598709,11.018445,14.122319,16.923046,20.373657,21.987518,18.348211,22.068321,22.85846,18.458258,18.234451,14.084415,17.386482,12.765104,17.035175,18.13069,20.93891,23.268887,22.51408,25.51299,29.09926,26.007402,23.186792,28.713785,26.537222,23.636362,23.36249,17.806843,20.34693,14.371553,18.760868,21.370905,20.930166,17.590256,21.068764,15.094205,18.314503,16.518734,18.684992
19,16.808605,14.422981,11.000791,11.0212145,6.509934,5.5987954,4.3566656,7.045906,9.977329,11.994899,17.090355,17.97621,20.391754,20.724361,16.945406,13.625635,10.080776,7.397683,5.8524156,0.0,5.828247,5.125348,6.7464356,10.040911,7.9303775,14.243872,12.440957,14.322638,10.703554,15.070781,11.639123,17.263231,19.20988,23.194407,23.990232,26.434643,30.022154,30.33592,28.489061,25.212399,20.313557,20.18416,15.978015,15.37519,12.156156,11.7193575,11.320446,10.69148,14.601779,15.766944,14.816708,17.749304,16.128036,19.744186,22.323786,23.243992,26.388464,26.008755,24.885672,26.593193,28.49529,23.97209,22.022568,18.603483,17.723732,13.671661,16.95116,14.230375,15.354895,14.118327,11.141358,8.5746975,6.3456297,5.6554646,6.9028845,8.385296,11.762961,13.734803,17.585114,20.284601,23.956228,25.346308,22.18442,25.894766,25.71581,21.029564,19.81262,15.82564,17.348995,11.401049,14.387085,14.28142,16.987059,18.49257,18.844612,22.682842,25.708883,22.75729,20.980333,26.759573,24.6536,22.451817,21.445253,16.146545,17.287565,11.22634,14.442711,16.768864,17.27089,14.385328,19.175013,14.239832,18.315636,17.615145,20.525534
20,16.44535,15.114175,11.30081,12.012655,8.944996,5.0539947,7.753025,5.788128,10.250121,11.481042,16.957031,17.534918,20.446983,21.819206,17.931814,15.290051,10.746621,10.286029,6.035289,5.828247,0.0,6.8817573,9.414715,13.156074,12.910441,18.685917,17.774965,20.01363,16.421173,20.565073,16.873888,22.099367,22.96714,26.762293,27.623487,29.296158,33.269577,33.31199,31.739918,28.9752,24.098394,23.845018,20.293848,19.023275,16.667408,15.343219,15.308228,13.332248,18.201815,19.380709,19.219526,21.990381,21.112043,24.903078,27.182426,28.679325,31.343908,31.359467,30.160477,31.51794,32.971886,28.304153,26.958445,23.460234,23.332977,19.274916,22.75102,19.860708,20.817335,19.161558,16.279827,12.768985,11.594173,8.595396,9.77639,12.466041,14.5158415,16.75262,20.107018,22.664911,26.188864,27.55288,23.570555,26.901762,27.736889,23.29289,22.374641,18.608253,20.63745,15.471285,19.13383,19.11805,22.269806,23.292986,23.216572,27.673384,30.31756,26.63626,25.148228,30.59923,27.761337,25.269209,24.072567,19.038456,20.446047,14.569351,17.66833,19.519258,19.106508,16.191113,20.488848,15.640024,18.957542,18.540892,20.399817
21,11.954372,10.130751,6.0265994,7.959455,4.918547,5.304066,7.472622,10.533599,13.953457,16.414623,21.591637,22.66355,25.177546,25.7391,21.952904,18.576685,14.949873,12.355531,10.301438,5.125348,6.8817573,0.0,4.367353,6.4501424,7.1091213,12.1286545,12.107245,15.141596,12.6091,17.227943,15.263853,20.317856,23.557007,26.825855,28.352148,30.547691,34.357548,34.97023,33.297043,29.95126,25.05802,25.035423,20.618671,20.069958,16.43169,15.821673,14.277941,12.7149315,16.104662,18.662855,17.70524,21.429651,19.888933,23.27743,26.447054,26.572756,30.344427,29.312172,28.039152,29.813776,32.43385,27.825176,25.383942,22.61136,20.65265,16.921461,19.004982,16.397465,15.794037,14.592943,12.81596,9.302541,9.426652,8.991183,11.4748125,13.33104,16.837101,18.77519,22.69445,25.30092,29.006992,30.267544,26.995733,30.510635,30.24327,25.545067,23.862986,20.203835,20.719074,14.609917,16.572735,15.245244,17.920319,17.97368,19.382925,24.351027,26.445541,23.260233,22.825901,28.44501,26.003931,24.356987,22.561386,17.954248,17.753614,12.252336,13.563272,14.9626255,16.027521,13.881663,19.539827,15.982595,20.106789,20.483444,23.264149
22,14.099467,12.836699,8.399171,11.663664,8.659214,9.411746,10.321767,13.292846,16.67919,18.436474,23.695179,24.081333,26.714165,26.870493,23.05015,20.015533,16.056116,13.828237,11.686794,6.7464356,9.414715,4.367353,0.0,4.937827,6.7753024,10.314176,11.353562,14.352298,12.581062,17.59193,15.737363,21.399145,24.722273,28.628515,29.460497,32.402214,35.69189,36.107555,33.880287,30.101364,25.422428,24.601894,20.461979,19.09098,15.174228,14.107674,11.580401,9.607872,12.343783,15.657436,14.86275,19.130173,18.234034,21.535366,25.638168,25.3751,29.741276,28.856003,28.038448,30.374743,32.964752,28.755892,25.964474,22.775993,20.159613,16.20017,17.460602,14.309069,13.306309,11.336015,9.951497,5.7537613,7.8713603,7.6561055,10.952541,13.552992,16.905807,19.478079,23.083977,26.224361,29.792484,31.42051,28.643087,32.4928,32.090374,27.37892,26.025282,22.077442,22.976912,16.653236,18.124987,16.676186,18.508121,18.737047,21.16126,25.365675,27.831636,25.440172,24.794,30.608116,28.75856,27.245308,25.664461,20.931677,20.625952,15.210359,16.277592,17.650902,19.474804,17.529903,23.299946,19.593355,23.86511,23.82808,26.81961
23,11.696918,10.171845,7.0253205,10.296224,8.757384,11.390463,12.250831,16.581696,19.475304,22.015451,26.981215,27.958475,30.298779,30.255932,26.602959,23.140749,19.944319,16.80644,15.706724,10.040911,13.156074,6.4501424,4.937827,0.0,5.4825916,6.439786,8.965036,12.687092,12.18731,16.843391,16.662786,21.378113,26.187315,29.245514,30.847063,33.673668,37.029293,37.91947,35.95421,32.103405,27.487011,27.238794,22.620348,22.19917,17.897337,17.62647,14.783908,13.609709,14.900321,18.696615,17.285522,21.700691,20.085125,22.852798,27.031086,25.840296,30.665064,28.894035,27.84155,30.173723,33.60295,29.396149,26.050098,23.79434,20.132524,16.921812,17.029898,14.691149,12.060643,11.159599,11.272557,8.456732,10.62836,12.086896,15.0436945,16.524698,20.413689,22.342669,26.240206,29.022963,32.66511,34.003323,31.44815,35.144848,34.17254,29.448315,27.515457,23.968325,23.675905,17.374378,17.563295,15.118521,16.557943,15.589543,19.048357,23.786423,25.451548,23.288755,23.703737,29.273788,27.540836,26.689081,24.638056,20.637722,19.144133,14.724001,14.088111,14.775509,17.510185,16.394087,22.523258,20.063078,24.429552,25.075052,28.337841
24,15.04306,12.079611,10.039784,10.225527,7.1315255,10.448825,8.975211,14.39897,16.229101,19.053104,23.447994,24.801052,26.693848,26.23188,22.853226,19.128828,16.973242,12.993878,13.551359,7.9303775,12.910441,7.1091213,6.7753024,5.4825916,0.0,6.7036357,5.0301127,8.177376,6.774799,11.493691,11.311807,15.921918,20.923342,23.931479,25.5172,28.468426,31.688303,32.700527,30.842493,27.038265,22.449286,22.715227,17.787119,18.34235,14.003724,14.748851,12.694278,13.09692,14.293349,16.85128,14.797672,18.533285,15.95964,18.626415,22.136864,21.088936,25.580694,23.740313,22.538631,24.758236,28.150248,23.924726,20.587978,18.456934,14.958056,11.872412,12.672265,10.820007,9.438025,9.558014,8.701831,7.7656927,7.452413,10.625206,12.512536,12.4470215,16.698107,17.92423,21.972496,24.427181,28.063768,29.221529,27.016413,30.699404,29.288069,24.605444,22.580809,19.13928,18.637136,12.361855,12.31682,10.273323,11.800668,12.113859,14.7475,18.83292,21.164923,19.224977,18.778582,24.543533,23.198835,22.185696,20.611721,16.273563,15.306173,10.684803,11.136166,12.904362,15.432387,13.805193,19.491041,16.482616,20.973389,21.136587,24.786297
25,15.942332,13.808548,12.571592,14.147508,12.787099,16.404055,15.645137,20.971666,22.930477,25.661243,30.041695,31.20612,33.09006,32.338,29.055452,25.46309,23.297651,19.480299,19.861937,14.243872,18.685917,12.1286545,10.314176,6.439786,6.7036357,0.0,5.5703373,8.923857,10.803237,14.494073,16.224585,19.946009,26.037277,28.66824,30.31837,33.653606,36.43884,37.664654,35.59321,31.452116,27.290432,27.236685,22.483307,22.867807,18.324469,19.008251,15.896786,16.192644,15.423554,19.146282,16.967932,21.201601,18.951694,20.761526,25.232866,22.788593,28.265558,25.692726,24.794569,27.503931,31.62783,27.95589,23.892889,22.442116,17.404427,15.285678,13.454284,12.226067,7.852632,8.681397,10.656909,10.510704,12.371287,15.680514,18.063301,18.294565,22.388517,23.750757,27.557602,30.14187,33.62307,34.84878,33.15576,36.88902,35.064236,30.485067,28.330776,25.125029,24.015614,18.105844,16.568388,13.55582,13.373997,12.004382,17.014833,20.705763,22.20414,21.428333,22.157055,27.477692,26.755625,26.58598,24.696056,21.295155,19.094257,15.98893,14.386359,14.95895,18.753994,18.25739,24.070118,22.275469,26.697548,27.263474,31.02756
26,18.135633,14.898297,14.087588,13.541818,11.235533,15.021725,12.689094,18.499268,19.481112,22.424864,26.172165,27.731068,29.174255,28.131992,25.164213,21.387114,20.256075,15.863643,17.607485,12.440957,17.774965,12.107245,11.353562,8.965036,5.0301127,5.5703373,0.0,3.9319105,5.556187,8.945313,11.106727,14.3821535,20.726677,23.163599,24.91033,28.222713,30.958733,32.32405,30.4682,26.479578,22.33375,22.933025,17.892597,19.370926,14.973982,16.629961,14.512342,16.022984,15.671153,18.006199,15.323127,18.695713,15.406522,17.121159,20.661156,18.470232,23.469456,20.78926,19.607214,22.108694,26.215382,22.431759,18.406176,17.207956,12.342361,10.545714,9.519809,9.138558,6.6252074,8.746681,9.289968,10.612948,10.1776285,14.459861,15.821342,14.621895,18.870842,19.442625,23.341776,25.485182,28.938257,29.919907,28.486404,32.102905,29.922194,25.442518,23.17892,20.200079,18.798906,13.177339,11.201321,8.528224,8.301604,8.582134,12.538209,15.62842,17.88858,17.19412,17.008615,22.534552,22.11453,21.754892,20.338785,16.705929,15.047477,12.009506,11.42219,13.046871,16.379892,15.403086,20.602236,18.391846,22.767008,22.930433,26.930836
27,21.902924,18.450352,17.76194,16.604298,13.932928,17.439909,14.124111,19.800425,20.018368,22.756641,25.872997,27.443857,28.49475,26.96684,24.389772,20.741348,20.482788,16.003036,18.712734,14.322638,20.01363,15.141596,14.352298,12.687092,8.177376,8.923857,3.9319105,0.0,4.535427,6.1232014,9.333426,11.849836,18.441225,20.875608,22.267624,25.991854,28.23014,29.663101,27.709412,23.62949,19.854326,20.653118,15.694115,17.896055,13.775619,16.191309,14.610303,17.111874,16.189709,17.585981,14.543995,17.106108,13.194952,14.258495,17.431341,14.821282,19.879116,16.952772,15.880678,18.636395,22.82573,19.417608,15.122273,14.213264,8.74068,7.903744,6.1713843,7.24895,6.1639667,9.223929,9.55687,12.364127,10.996537,15.777234,16.38757,14.208079,18.196371,18.226494,21.849617,23.751522,26.98601,27.894855,27.10288,30.702835,28.066256,23.808342,21.658804,18.92269,17.418081,12.526572,9.787826,7.9193435,6.254332,8.499089,11.767642,12.987849,16.09405,16.388084,15.298267,20.74532,21.142473,20.820312,20.016836,16.469797,15.310686,12.882514,13.008426,15.049325,18.09479,16.987204,21.396723,18.97712,23.152393,22.816832,26.992355
28,21.007534,17.387,16.253809,14.53434,11.06545,13.97266,10.020197,15.518191,15.512573,18.262571,21.398737,23.07908,24.178694,22.891483,20.174366,16.38435,16.174805,11.539181,14.586339,10.703554,16.421173,12.6091,12.581062,12.18731,6.774799,10.803237,5.556187,4.535427,0.0,5.051312,5.5523977,9.660353,15.244188,18.23636,19.53413,22.98884,25.685652,26.88821,25.049252,21.19357,16.894848,17.902958,12.670433,14.981425,10.9925165,13.454936,12.715203,15.154343,15.56276,16.285402,13.502041,15.752255,11.744703,13.764061,16.175198,15.063893,19.165728,17.107355,15.7975235,18.065042,21.485773,17.464912,13.894635,12.048515,8.392478,6.000167,7.822221,7.595484,8.768065,10.407562,8.89794,10.985488,8.145792,12.676836,12.757098,10.122518,14.295457,14.209434,18.12584,20.014082,23.455296,24.370173,23.075108,26.716265,24.471857,20.01308,17.974178,14.877502,14.002219,8.489754,7.2548094,6.6347857,7.2288003,10.359368,11.479694,13.33055,16.974182,16.04404,13.969324,19.860039,19.580175,18.47876,17.911745,13.469596,13.455403,9.73009,11.616456,14.34904,16.424595,14.523515,18.769114,15.330604,19.561028,18.849913,22.950335
29,24.648493,20.675867,20.434925,17.682,14.785831,17.736626,13.35898,18.607119,17.44999,20.342924,22.32204,24.519379,24.897797,23.14556,21.15528,17.397623,18.748617,14.001108,18.144718,15.070781,20.565073,17.227943,17.59193,16.843391,11.493691,14.494073,8.945313,6.1232014,5.051312,0.0,5.8030663,5.752077,13.002766,14.786154,16.62707,20.033623,22.400652,24.121815,22.733717,19.146278,15.398293,17.587204,12.432988,16.45442,13.301448,16.586252,16.572739,19.619226,19.601864,19.542782,16.535704,17.62501,12.819427,13.68159,14.421937,12.872975,16.290287,13.321256,11.426871,13.377811,17.497229,13.625461,9.549554,9.506031,5.6418047,6.4176884,7.9360523,9.953231,11.62486,14.1634035,13.045771,15.853148,12.71212,17.159935,16.528685,12.718761,16.323944,14.924005,18.509422,19.443964,22.584755,22.974384,22.431692,25.670853,22.572184,18.553228,16.153358,14.069477,11.88954,8.423285,4.8728666,5.549542,4.531029,9.490218,8.999828,8.589102,13.018269,13.10652,10.151768,15.760374,16.488123,15.770486,15.837181,12.252072,12.359606,10.709645,12.436759,15.242759,17.034687,15.476593,18.369532,15.635575,19.287142,18.428259,22.692175
30,24.86259,21.152678,19.819386,17.431261,13.490298,15.09282,10.122645,14.200569,12.837488,15.02953,17.12554,18.891472,19.475246,17.812662,15.531638,11.870951,13.16331,8.721776,13.270613,11.639123,16.873888,15.263853,15.737363,16.662786,11.311807,16.224585,11.106727,9.333426,5.5523977,5.8030663,0.0,6.5902514,9.897914,13.925861,14.342842,18.046736,20.621265,21.54289,19.689447,16.04008,11.520566,13.175163,7.7938337,11.464239,8.706078,11.954687,13.031433,16.105518,17.163074,16.173979,13.643934,14.236524,9.815785,11.970963,12.460394,13.100965,15.600903,14.629679,13.299242,15.084354,17.28578,13.050803,10.506864,7.450598,7.03625,4.588653,9.560094,9.520598,12.999513,14.07823,11.41623,13.681545,9.408976,13.083039,11.58393,7.162132,10.578841,9.294854,13.110821,14.580318,17.983488,18.825161,17.774546,21.462152,19.145115,14.743928,13.177016,9.899908,10.193029,5.854341,6.6338654,8.92496,9.967615,14.340041,13.133063,13.283521,17.983606,16.944134,12.943915,18.696817,18.624405,16.673897,17.224552,12.260582,14.240409,10.496674,14.330295,17.555965,18.409878,15.854983,18.67643,14.078224,17.74007,15.85473,19.886951
31,28.084911,23.936068,23.883535,20.219725,17.305618,19.39612,14.584457,18.684322,16.198505,18.923428,19.48232,22.234028,21.845789,19.904156,18.699472,15.124871,18.14625,13.739595,18.791813,17.263231,22.099367,20.317856,21.399145,21.378113,15.921918,19.946009,14.3821535,11.849836,9.660353,5.752077,6.5902514,0.0,8.214547,9.041764,11.444519,14.354891,16.940897,18.943075,18.290068,15.503637,11.969016,15.717292,11.011781,16.413786,14.62826,18.204117,19.447163,22.668892,23.338598,22.211748,19.48274,19.341864,14.428995,15.106457,13.25805,13.381097,14.365639,12.015591,9.408784,9.755587,13.140744,8.530506,5.619965,6.8448286,7.475715,9.023676,12.294709,14.212073,17.016935,19.152956,17.274563,19.8587,15.851081,19.545574,17.933708,13.170129,15.810578,12.9675045,16.134415,15.819016,18.713858,18.461143,18.217762,20.95526,17.370514,13.745022,11.141667,10.1403265,7.279386,7.1712847,4.9204106,8.452414,8.768682,13.583276,10.215479,8.012374,13.110552,12.766537,7.501411,12.668352,13.677882,12.212199,13.6097355,10.2064495,12.215923,11.456388,14.55683,17.650953,18.086014,16.147621,17.15601,14.057218,16.738493,15.100276,19.234665
32,32.96996,29.08558,28.187216,24.744593,21.184929,21.636726,16.70898,18.249565,14.662005,15.693448,14.2527485,16.663027,15.329591,12.785715,12.823997,10.541117,15.417566,12.886488,18.138325,19.20988,22.96714,23.557007,24.722273,26.187315,20.923342,26.037277,20.726677,18.441225,15.244188,13.002766,9.897914,8.214547,0.0,6.758366,4.797435,8.694923,10.976723,11.829232,11.025789,9.154926,5.5456557,10.711826,8.072401,13.668658,14.271513,17.516369,20.36726,23.650967,25.100357,22.437227,20.482748,18.739037,14.790521,15.719671,11.558462,14.913004,12.909888,13.7367525,12.20222,11.644743,10.6486,6.288978,8.32212,6.3370547,12.147894,12.442325,17.201303,18.03191,22.31288,23.415438,20.494736,22.75899,18.121696,20.406866,17.55815,12.563874,12.822056,8.625149,10.101448,8.24693,10.737274,10.247328,10.66125,13.485064,9.94327,6.5741487,6.2408333,5.6398697,7.4587054,10.213844,11.87052,15.799408,16.789843,21.57196,17.842884,15.481433,20.498373,19.645037,13.694027,17.39066,18.01156,15.174148,17.79169,13.954226,17.991022,16.149076,20.77487,24.089527,23.461418,20.753931,20.65255,15.969198,17.455915,13.934563,17.127796
33,34.432247,30.261114,30.480751,26.015316,23.42339,24.393599,19.819952,21.907639,17.985958,20.031597,18.029486,21.506445,19.748905,17.812109,18.28276,15.741663,20.701984,17.595108,22.834314,23.194407,26.762293,26.825855,28.628515,29.245514,23.931479,28.66824,23.163599,20.875608,18.23636,14.786154,13.925861,9.041764,6.758366,0.0,6.5454063,5.8955913,9.540273,12.363823,14.009727,13.803947,11.81715,17.240595,14.54951,20.31713,20.359362,23.71401,26.123695,29.251059,30.657696,28.553246,26.303078,24.966335,20.568544,21.015114,16.564234,18.67648,16.259285,15.463223,12.854915,10.200821,10.380759,5.9207854,8.768212,10.9474745,15.295125,16.852394,20.751324,22.462275,25.88358,27.690187,25.269062,27.463259,22.963966,25.574385,23.10404,18.115683,19.06714,14.867332,16.545534,13.81861,15.6118,13.7738285,14.152821,15.154767,10.586657,8.954736,6.396892,9.294169,6.571941,12.236813,12.411468,16.1945,17.187256,21.406841,16.277319,13.416656,17.351946,16.429752,10.446871,12.103632,13.171623,10.670773,14.147425,12.415674,16.219381,16.72971,20.515608,23.493183,22.329216,20.256271,18.448824,15.614498,15.913225,13.2222185,16.184626
34,37.58662,33.623684,32.917835,29.29224,25.88807,26.343496,21.464462,22.717726,18.886147,19.508924,16.99757,19.242199,17.15352,14.209315,15.478002,14.210416,19.484356,17.498402,22.64353,23.990232,27.623487,28.352148,29.460497,30.847063,25.5172,30.31837,24.91033,22.267624,19.53413,16.62707,14.342842,11.444519,4.797435,6.5454063,0.0,6.056848,6.3725367,7.5236645,7.641774,7.463799,6.8121953,12.202487,11.356894,16.776667,18.102554,21.3726,24.405123,27.905394,29.037663,25.952875,24.055902,21.617237,17.876854,17.983208,12.437106,16.085224,12.18809,13.634455,12.343689,10.7305355,7.5349083,4.94826,9.267882,8.922996,14.996627,16.223701,20.412647,21.71994,26.123938,27.416409,24.65982,27.246172,22.666473,24.954077,21.967228,17.06508,16.698282,12.480561,12.529614,9.497658,10.331986,8.866155,11.285187,12.974125,8.385827,7.5084186,8.183193,9.579048,10.68912,14.731694,15.719726,19.642012,20.148752,25.005743,20.928495,17.290485,22.20207,22.01667,15.860182,18.164013,19.594921,16.993912,20.23154,17.384388,21.390087,20.425026,24.785603,28.007496,27.24391,24.744734,23.841454,19.737581,20.47196,16.851053,19.473011
