,0,1,2,3,4,5,6,7,8,9,10,11,12,13,14,15,16,17,18,19,20,21,22,23,24,25,26,27,28,29,30,31,32,33,34,35,36,37,38,39,40,41,42,43,44,45,46,47,48,49,50,51,52,53,54,55,56,57,58,59,60,61,62,63,64,65,66,67,68,69,70,71,72,73,74,75,76,77,78,79,80,81,82,83,84,85,86,87,88,89,90,91,92,93,94,95,96,97,98,99,100,101,102,103,104,105,106,107,108,109,110,111
0,0.0,3.8699725,6.2162924,9.841919,12.114358,14.736269,16.759909,21.168497,23.767946,26.321768,30.374918,33.33363,34.58131,31.73328,32.28487,28.077963,29.464409,25.299955,27.074375,24.728838,26.425303,25.779337,25.307379,27.307224,26.821547,27.677423,24.355284,24.115099,22.471172,20.264948,21.956154,18.206852,24.12989,21.096638,26.944845,26.487593,30.940792,34.123848,33.63194,32.807644,29.328808,33.575268,28.793442,33.484325,30.941595,33.56546,33.977253,35.518417,37.200542,37.930576,35.340084,36.946293,32.336933,33.94696,31.545465,33.070705,34.240555,30.282614,26.942083,24.286469,26.893198,22.433603,21.9963,24.189693,25.771479,26.503183,29.32056,31.418058,30.958813,32.300053,30.279352,30.705,28.19839,30.806417,30.69775,27.64912,31.380713,29.377705,33.39507,33.60116,36.496696,36.29519,37.72288,38.826862,33.58285,31.44941,27.965801,26.703602,21.961323,21.721899,16.994411,15.9190645,16.547318,12.800909,17.22684,16.930845,17.408318,21.900421,23.318598,20.815525,20.591473,15.036125,16.467087,14.328584,13.0975275,17.181602,18.631393,22.930498,22.33881,26.874609,28.380337,32.067566
1,3.8699725,0.0,3.5962565,7.0737777,9.852642,12.168555,13.860158,18.55557,20.706657,23.65401,27.32656,30.563929,31.980278,29.159481,30.06062,26.024597,27.792278,23.913452,25.873837,24.14402,25.966297,26.112913,25.600386,28.287462,27.29902,29.044956,25.24346,24.726767,22.494637,20.241413,21.049892,17.234924,22.392717,18.657915,24.742287,23.710117,28.44441,31.828222,31.406273,31.045475,27.533358,32.051334,27.407635,32.151035,30.04136,32.60452,33.465622,34.99443,37.081894,37.406452,34.944138,36.217392,31.6768,33.332382,30.564789,32.703133,33.345272,29.829233,26.43612,23.775936,25.511396,21.038698,21.339865,23.250668,25.696564,26.221151,29.665197,31.589901,31.65701,32.707302,30.24563,30.618713,27.674564,29.951818,29.492054,26.309862,29.744802,27.471266,31.411308,31.350447,34.360455,33.94451,35.072613,35.985867,30.835964,28.398193,25.019077,24.22411,19.16738,19.66836,15.334797,14.7158,16.163641,13.644724,18.164259,18.652506,19.594305,24.072159,25.336452,22.255192,21.530014,15.936979,16.190731,13.886029,12.055035,15.673292,17.17503,20.764927,20.169596,24.667486,25.802137,29.710228
2,6.2162924,3.5962565,0.0,6.0006413,7.1005974,8.844644,11.431828,15.4580965,17.966068,20.777607,24.61863,27.919737,29.053436,26.100576,26.819233,22.76479,24.30591,20.56531,22.359686,20.879688,22.62269,23.177612,22.786867,25.849886,24.773552,27.137035,23.247705,22.900278,20.201195,18.518808,18.584309,15.635911,20.583572,17.462517,23.174068,22.532299,27.38425,30.640799,29.703121,29.233027,25.36357,29.660328,24.872944,29.371704,27.184357,29.547401,30.4531,31.800613,34.159668,34.492977,32.16809,33.536224,29.199284,31.140139,28.730494,31.115602,31.963243,28.816645,25.309952,23.192238,24.70776,19.916739,20.126358,21.136894,23.91854,23.910107,27.703278,29.232626,29.408566,30.141188,27.467945,27.595654,24.582148,26.605217,26.155834,23.174137,26.62252,24.568373,28.618195,28.832123,32.01586,31.7949,32.63807,33.858173,28.844246,26.216656,22.821815,21.696667,16.986866,16.86901,12.851707,11.84815,13.657335,12.389445,16.2665,17.728584,18.596691,22.82312,23.771479,20.191942,19.017578,13.541679,13.097969,10.735593,8.875548,12.234354,13.61345,17.284698,16.636263,21.118603,22.406998,26.238323
3,9.841919,7.0737777,6.0006413,0.0,4.7773986,8.133873,7.4978786,13.039533,14.806835,17.49218,21.21255,24.029205,25.762598,23.234564,24.505314,20.647831,23.507414,19.54212,22.700848,21.157223,24.339632,24.630438,23.29004,26.82193,24.508976,27.348059,22.64181,21.302078,18.566772,15.838065,15.749003,11.475035,15.6226845,11.675831,17.703249,16.859264,21.573294,24.882595,24.347845,24.171804,20.783669,25.588865,21.28684,26.27395,24.899767,27.692045,29.214853,31.234167,33.323284,32.78547,30.34961,30.894651,26.307768,27.71988,24.364742,27.134047,27.126389,24.182598,20.797543,18.343718,19.116817,14.587811,15.695776,17.448128,20.876371,21.481546,25.556423,27.528631,28.604485,29.51516,26.584555,27.554548,23.884045,26.280148,25.104834,21.24759,24.209906,21.367142,25.042192,24.596062,27.491926,26.942831,28.258453,29.091667,23.857704,21.717266,18.258984,17.522648,12.329295,13.541648,9.445109,10.270036,12.470312,11.74292,16.351414,17.561415,19.770302,24.151464,25.528643,22.033092,21.334965,16.382584,14.627232,14.118647,13.014058,15.176762,15.420012,18.850199,16.400917,21.1684,21.33647,25.328003
4,12.114358,9.852642,7.1005974,4.7773986,0.0,4.204171,5.384547,9.269997,12.164277,14.242573,18.606764,21.332043,22.473999,19.685814,20.458677,16.398981,18.85808,14.854985,17.934664,16.497168,19.787842,20.366964,19.09742,23.047249,20.638607,24.22033,19.507175,18.499422,15.132426,13.454685,12.221972,9.800839,13.873652,11.848851,16.725103,17.040747,21.670807,24.575148,23.056082,22.411934,18.348652,22.629787,17.939054,22.539505,20.837584,23.37516,24.840525,26.6387,28.999378,28.585012,26.30047,27.120043,22.807747,24.708641,22.15423,25.086033,25.69853,23.222591,19.691034,18.293657,19.112127,14.093728,14.5767,14.646608,18.369535,18.096024,22.578661,23.95618,25.074059,25.575705,22.422531,23.092173,19.372478,21.557077,20.458437,16.847937,20.016674,17.62391,21.598013,21.79793,24.96299,24.891035,25.872087,27.366598,22.343115,20.063995,16.526606,14.786793,10.568076,9.838001,5.970077,5.95513,8.81457,10.288487,13.5612,16.098732,18.063078,21.942352,22.889532,18.89637,17.750431,13.334628,10.51504,10.727103,10.307018,11.6078415,11.147126,15.042271,11.986875,16.878822,17.371851,21.136393
5,14.736269,12.168555,8.844644,8.133873,4.204171,0.0,5.4244056,6.7886605,9.952396,12.352905,16.431528,19.745827,20.459555,17.372223,18.079988,14.185175,16.180824,12.977136,15.342549,15.072435,17.607492,19.48607,18.801346,23.226313,21.016068,25.389801,20.913975,20.334015,16.400948,15.848576,13.2224655,12.615304,15.343394,13.693155,17.866873,17.983187,22.808144,25.664452,23.657795,23.295847,18.851469,22.769726,18.095032,22.049057,20.432045,22.39315,24.038198,25.280075,28.347822,27.965134,26.0549,26.986807,23.214167,25.567823,23.51101,26.890528,27.52827,25.73557,22.248907,21.43744,21.589375,16.665707,17.369284,16.065928,20.296497,19.117887,24.036642,24.663631,25.86586,25.74839,22.263563,22.228119,18.467539,19.735285,18.612677,15.636797,18.560528,16.557533,20.610723,21.104994,24.618698,24.657171,24.794191,26.540195,21.969488,18.994545,15.717254,14.055327,10.469803,9.3289385,7.588915,6.9247613,10.362099,13.4212055,15.436045,18.907166,20.344297,23.728085,24.133583,19.650726,17.658478,13.736072,10.037716,9.599838,8.7719145,8.640795,8.149996,11.012137,8.38946,13.096772,13.787646,17.667442
6,16.759909,13.860158,11.431828,7.4978786,5.384547,5.4244056,0.0,6.142667,7.4071283,10.086582,13.773905,16.711826,18.372673,15.862933,17.513622,14.066087,17.773376,14.5648155,18.300858,17.956917,21.648632,23.066557,21.549334,26.099312,22.90084,27.372208,22.29199,20.749924,17.01077,15.281254,12.548173,10.462115,11.4931,8.509829,13.0722275,12.59725,17.51622,20.57761,19.08802,19.328344,15.444715,20.167957,16.18043,20.751106,20.236868,22.668125,24.997072,26.936895,29.642035,28.338402,26.325474,26.287977,22.255835,23.946583,20.682041,24.580887,24.108387,22.628439,19.343412,18.171053,17.186703,12.706066,14.696977,14.1994705,19.19462,18.781984,23.865088,25.021147,27.06524,27.213125,23.599745,24.455496,20.169157,21.805122,19.900827,15.957748,18.098824,14.962184,18.473661,17.951284,21.196976,20.694826,21.290617,22.439981,17.519873,14.873483,11.417507,10.622201,5.660589,7.5190005,6.3500896,8.409204,11.789949,14.612164,17.44988,20.232477,22.662882,26.290735,27.16688,23.024702,21.659042,17.928776,14.113508,14.7220955,14.067421,13.976187,13.053111,15.097582,11.196671,15.617145,14.737835,18.759958
7,21.168497,18.55557,15.4580965,13.039533,9.269997,6.7886605,6.142667,0.0,4.568309,5.6446185,10.132977,13.121559,13.672492,10.643088,11.786776,8.359375,11.975284,9.7367,13.301054,14.201419,17.74593,20.190388,18.943506,24.045906,20.723288,26.290152,21.497305,20.424616,16.065363,16.081459,11.477287,12.757315,12.260528,12.257973,14.116945,14.973383,19.234728,21.5398,18.71565,18.630804,14.029439,17.5935,13.569837,16.961071,16.524889,18.193726,20.812977,22.246208,25.633003,24.208069,22.698544,22.767458,19.586405,21.945402,19.896421,24.148432,24.206192,23.763248,20.626535,20.832907,19.579266,15.290098,16.637661,13.668922,18.987238,17.190289,22.723682,22.774832,25.088799,24.418507,20.416399,20.667242,16.27181,16.897034,14.720113,11.429488,13.12958,10.690942,14.424947,14.860438,18.571321,18.726925,18.305155,20.429409,16.335339,13.298993,10.308631,8.131203,6.8245363,5.084937,7.837021,8.75364,12.070168,17.014366,17.941662,21.924564,23.90968,26.67142,26.919268,22.383846,20.377415,17.969633,13.113539,14.441156,14.454177,12.560274,10.573194,11.492889,6.2500834,10.0975275,8.883994,12.698187
8,23.767946,20.706657,17.966068,14.806835,12.164277,9.952396,7.4071283,4.568309,0.0,4.539651,6.6560473,10.570937,12.045363,9.5774355,12.177021,10.158248,14.583258,13.415787,16.895552,18.414171,21.798616,24.596275,23.28978,28.443924,24.852768,30.508718,25.553165,24.100897,19.880089,19.362507,14.769606,15.213997,12.9430895,11.630417,13.079186,12.55723,16.914812,19.437855,17.026367,18.126032,14.203565,18.152538,15.219055,18.455048,19.178816,20.734154,23.899487,25.405964,28.877895,26.826744,25.529934,24.850922,21.920681,23.851337,21.012606,25.826794,24.805082,24.979937,22.14436,22.10901,19.57022,16.087307,18.551903,16.068153,21.825521,20.381746,25.96167,26.119957,28.901482,28.193409,24.105698,24.53299,20.023417,20.276016,17.651213,14.392663,14.871149,11.768562,14.4901,13.788216,17.420694,16.875818,15.847875,17.282782,13.447284,9.586165,7.0236254,7.1857057,5.687738,7.849299,11.04498,12.860651,16.18484,20.702969,22.15747,25.804098,28.08932,31.018154,31.393608,26.915627,24.94222,22.386435,17.629347,18.548613,18.024979,16.09567,14.559191,13.967439,9.681224,12.182863,9.4311,13.354617
9,26.321768,23.65401,20.777607,17.49218,14.242573,12.352905,10.086582,5.6446185,4.539651,0.0,5.5121274,7.503168,8.332918,5.8602962,8.279305,6.59936,11.909853,11.025765,15.152294,16.61461,20.686926,23.126621,21.420923,26.64223,22.569033,28.598492,23.693537,22.13804,17.94127,18.021193,12.7605505,14.750856,11.341806,12.604873,11.876019,13.270031,16.51746,18.15864,14.720891,15.1737795,10.962971,14.109316,11.495082,14.139064,15.363826,16.77563,20.272879,21.998068,25.320183,22.821066,21.695314,20.674715,18.141674,20.12987,17.829887,22.771006,21.984447,22.826101,20.236464,21.129936,18.566282,15.400739,17.372217,13.6935625,19.452719,17.577303,23.170603,22.949686,26.16883,25.231653,21.080816,21.78958,17.190432,17.39493,14.3469715,10.955271,10.665957,7.423066,10.004447,9.824847,13.630214,13.714305,12.727162,15.11281,11.592184,8.756151,6.5122967,4.1726108,6.8984203,6.400982,11.200231,12.998067,15.718143,20.995693,21.545918,25.427748,27.835075,30.259125,30.531527,26.200298,24.421862,22.780436,17.739857,19.750656,20.010902,17.752571,15.434527,15.340919,9.930727,11.818739,8.67419,11.546312
10,30.374918,27.32656,24.61863,21.21255,18.606764,16.431528,13.773905,10.132977,6.6560473,5.5121274,0.0,5.1144524,6.888575,5.923663,9.864097,10.476195,15.254516,15.783818,19.128973,21.474749,24.919788,28.046215,26.578957,31.855158,27.796871,33.972534,29.114012,27.47264,23.35546,23.284008,18.109566,19.607468,15.190628,15.27992,13.955375,13.785577,16.575392,18.135807,15.123929,17.02802,13.979249,16.76493,15.637072,17.392006,19.62755,20.511889,24.351488,25.775995,29.366314,26.412737,25.729965,24.12165,22.264162,23.923237,21.282438,26.581116,24.84414,26.45773,24.25903,25.012568,21.340425,19.114891,21.851452,18.555878,24.375818,22.616104,28.118269,27.7457,31.227455,30.071718,25.889181,26.406862,21.943636,21.409212,18.198399,15.576899,14.081316,11.168532,11.927511,10.550371,13.917227,13.204867,10.48795,12.086566,10.034908,5.868686,6.1032805,7.553781,9.980269,11.798023,16.305372,18.286695,21.164879,26.230785,27.034613,30.836897,33.28769,35.76057,35.98351,31.580627,29.59492,27.89153,22.848541,24.303793,24.075708,21.5286,19.60715,17.939054,13.739021,14.204657,9.988352,12.349949
11,33.33363,30.563929,27.919737,24.029205,21.332043,19.745827,16.711826,13.121559,10.570937,7.503168,5.1144524,0.0,4.009114,5.659481,9.195573,10.871571,15.97647,16.520514,20.437178,22.30882,26.481363,28.896406,26.893982,32.00516,27.411299,33.603027,28.76081,26.78769,23.050848,23.056362,17.889095,19.958055,14.317747,16.203428,12.72838,14.1007,15.264054,15.666489,11.828827,13.580643,11.319434,13.074847,13.435476,14.397511,17.738094,18.604204,22.771833,24.656643,27.684721,24.00613,23.485018,21.059433,19.691643,20.868958,18.312319,23.707954,21.619194,24.144978,22.487553,23.95094,19.914698,18.586912,21.141443,17.45747,22.979006,21.313154,26.470932,26.021711,30.043224,28.889635,24.859585,25.976654,21.569546,21.287115,17.753357,14.996551,12.424053,9.411056,8.357057,6.192044,9.144275,8.675821,5.6356444,8.378038,7.201662,5.7012587,6.9846144,7.283686,11.92576,12.867699,17.739517,19.97874,22.256971,27.469137,27.842112,31.462795,34.21569,36.35593,36.671345,32.60027,31.035206,29.928537,24.85549,27.16896,27.47848,25.007118,22.616312,21.70404,16.749708,17.129108,13.048534,14.19266
12,34.58131,31.980278,29.053436,25.762598,22.473999,20.459555,18.372673,13.672492,12.045363,8.332918,6.888575,4.009114,0.0,3.4889538,6.043802,9.050479,13.318461,14.869866,18.162642,20.548128,24.34742,27.071926,25.319204,30.4316,26.033075,32.521713,28.066471,26.51472,22.672956,23.559612,18.026402,21.308823,16.262886,19.06418,15.67887,17.73916,18.966658,19.088526,14.745739,15.502017,12.719135,13.073415,13.274888,12.885661,16.070986,16.167542,20.33406,21.751532,25.121965,21.521662,21.42718,19.27696,18.686958,20.38377,19.09208,24.201807,22.975868,25.619951,23.923988,25.916449,22.52602,20.8094,22.638887,18.039589,23.203825,20.81189,25.903042,24.77121,28.68795,27.080074,23.033709,23.705187,19.58584,18.608002,15.086348,13.307293,10.094094,8.456803,7.18069,7.16892,10.155365,10.899871,7.4931507,11.249894,10.93829,9.60359,10.39511,9.182605,14.289585,13.544461,18.731142,20.340506,22.39801,28.116573,27.706745,31.75478,34.151543,35.837887,35.818985,31.695396,29.907715,29.448406,24.292913,26.781826,27.385168,24.472355,21.839779,20.655392,15.851912,15.319784,11.407797,11.410089
13,31.73328,29.159481,26.100576,23.234564,19.685814,17.372223,15.862933,10.643088,9.5774355,5.8602962,5.923663,5.659481,3.4889538,0.0,4.042987,6.1515574,10.571565,12.024383,15.18224,17.751986,21.324697,24.33243,22.83774,28.072409,23.972816,30.505997,26.075607,24.803226,20.687063,21.770035,16.095818,19.528872,15.412971,17.912416,15.590637,17.520128,19.63792,20.3348,16.12694,16.507732,12.828946,13.824398,12.625194,12.874434,15.025731,15.211159,19.120602,20.306795,24.030802,21.029709,20.720594,19.31284,18.253906,20.432285,19.316412,24.279593,23.631268,25.57297,23.456076,25.21863,22.39887,19.917906,21.503738,16.790415,22.072397,19.444324,24.790346,23.635685,27.165514,25.54147,21.368347,21.673727,17.457176,16.40857,13.03006,11.218,8.852871,7.292857,7.943561,8.761132,12.341177,13.133431,10.480145,13.914223,12.468792,10.207342,9.956129,8.036598,12.558227,11.14357,16.31081,17.565691,19.807854,25.639383,25.19413,29.458778,31.616001,33.37506,33.25663,28.950176,26.943783,26.341288,21.16008,23.439331,24.002687,21.005924,18.397366,17.211075,12.375995,11.9732895,8.138495,8.749883
14,32.28487,30.06062,26.819233,24.505314,20.458677,18.079988,17.513622,11.786776,12.177021,8.279305,9.864097,9.195573,6.043802,4.042987,0.0,4.4051967,7.352496,9.691442,12.330432,15.069572,18.524889,21.47097,20.097301,25.235184,21.305676,28.018694,24.028097,23.187983,19.1173,21.103487,15.336621,19.956562,16.620173,20.175037,17.804169,20.594452,22.585464,22.988867,18.386683,17.749624,13.732212,13.499522,11.8874235,10.929029,12.402139,11.862726,15.622583,16.445127,20.405354,17.64625,17.616934,16.733051,16.270676,18.97326,19.155527,23.60658,23.943424,25.809666,23.681713,25.960243,23.942398,21.172468,21.884943,16.423838,21.052498,17.76448,22.883,21.101254,24.443901,22.442152,18.31192,18.25659,14.35301,12.770489,9.390344,8.694242,5.946795,6.5984716,7.645508,10.2916355,13.598854,15.246928,13.076693,17.042187,15.702905,14.041625,13.414425,10.306218,14.949495,11.740153,16.765003,17.313206,19.043728,25.218685,23.887478,28.453663,30.265364,31.498404,31.08809,26.860697,24.795763,24.983501,19.870096,22.574541,23.644781,20.429968,17.476896,16.712643,11.851351,10.864238,8.145915,7.236639
15,28.077963,26.024597,22.76479,20.647831,16.398981,14.185175,14.066087,8.359375,10.158248,6.59936,10.476195,10.871571,9.050479,6.1515574,4.4051967,0.0,5.7201295,5.8813767,9.691856,11.630502,15.685392,18.227589,16.727377,21.997839,18.131027,24.705854,20.488602,19.720724,15.418208,17.349092,11.594984,16.249971,14.094892,17.567448,16.225754,19.162613,21.779707,22.658045,18.330505,17.229874,12.518379,13.317574,10.0567665,10.721001,10.765991,11.163342,14.441246,15.612864,19.399647,17.32483,16.594427,16.443542,14.828063,17.783485,17.735535,21.933132,22.764801,23.713682,21.164314,23.12512,21.842035,18.36672,18.708387,13.359758,18.062128,14.817491,20.213406,18.832712,21.798594,20.153658,15.920069,15.974302,11.642999,11.018036,7.8652377,5.7153883,5.4856653,5.3502464,8.71292,11.279125,14.872132,16.37015,15.30675,18.926743,16.308603,14.469477,12.736793,8.77361,12.420868,8.007652,12.716522,12.959257,14.72772,20.916243,19.69158,24.29994,26.068789,27.536795,27.242498,22.916851,20.907919,20.74031,15.606133,18.468239,19.684786,16.792416,13.707434,14.116517,8.445903,9.068358,7.407558,8.199218
16,29.464409,27.792278,24.30591,23.507414,18.85808,16.180824,17.773376,11.975284,14.583258,11.909853,15.254516,15.97647,13.318461,10.571565,7.352496,5.7201295,0.0,5.164926,5.100517,8.838818,11.25271,14.838292,14.394244,19.494026,16.699226,23.404966,20.215828,20.540226,16.355803,19.589182,14.291126,19.767405,19.004467,22.569632,21.713451,24.691454,27.459402,28.288614,23.836609,22.282467,17.565046,17.348658,13.917178,13.199693,11.612252,10.516994,12.572369,12.156396,16.911894,16.100159,15.924924,17.177185,16.518192,20.118868,21.60471,24.990833,26.913681,27.5967,24.994184,27.20124,26.78701,22.976252,22.47606,16.832174,20.362463,16.32572,21.106804,18.742355,20.780384,18.405722,14.3799715,12.820697,9.555931,6.852766,4.8902817,6.909354,7.6471405,10.168571,13.038789,16.389948,19.683743,21.5897,20.201538,24.07734,21.912003,19.906527,18.28971,14.44483,17.44422,12.352241,15.972444,14.869395,16.06157,22.331764,19.91975,25.032675,25.881063,26.580788,25.613153,21.204128,18.613096,19.603136,14.820436,17.516186,19.17059,15.712766,12.520275,12.661137,8.6143675,7.3106036,8.212756,7.017906
17,25.299955,23.913452,20.56531,19.54212,14.854985,12.977136,14.5648155,9.7367,13.415787,11.025765,15.783818,16.520514,14.869866,12.024383,9.691442,5.8813767,5.164926,0.0,5.5902834,5.805903,10.625168,12.421483,11.044806,16.372427,13.060832,19.573751,15.7786875,15.867139,11.497068,14.564242,9.494869,15.022273,15.403387,19.184391,18.927979,22.283613,25.200998,26.233002,22.09158,20.043375,15.084538,15.680091,11.126098,12.108746,9.478233,10.062344,11.735369,12.645498,16.29751,15.727661,14.523109,16.028233,13.938163,17.46272,18.503885,21.554043,23.807428,23.666243,20.797428,22.7643,23.087023,18.889206,17.899492,12.537044,15.916144,12.144108,17.17216,15.569874,17.486732,15.862,11.740781,11.212419,6.971775,7.274096,5.6635857,4.1978436,7.7009964,8.946247,12.8654995,15.896953,19.166777,20.941793,20.729435,24.323252,21.13164,19.508514,17.113356,12.689423,14.830568,8.79793,11.485852,10.117316,10.960564,17.263403,14.969103,19.985403,21.119352,22.192478,21.623268,17.230854,15.140287,15.61447,10.717314,14.283025,16.329012,13.762217,10.315522,12.874592,7.577619,9.333603,10.419708,11.14197
18,27.074375,25.873837,22.359686,22.700848,17.934664,15.342549,18.300858,13.301054,16.895552,15.152294,19.128973,20.437178,18.162642,15.18224,12.330432,9.691856,5.100517,5.5902834,0.0,5.343597,6.2053847,10.475479,11.071543,15.960945,14.389898,20.640404,18.094418,19.27326,15.25217,18.97974,14.587292,19.913275,20.91889,24.141188,24.336273,27.238697,30.444763,31.586702,27.39271,25.481047,20.56419,20.68863,16.461,16.389877,13.339028,12.525853,12.99901,11.946285,16.567575,17.304972,16.781546,19.248487,18.142025,21.945782,23.798824,26.465685,29.16365,28.9647,26.088604,28.011015,28.608095,24.255337,23.079964,17.883142,20.539099,16.466516,20.74501,18.383429,19.213408,16.91121,13.305072,10.67901,8.39996,5.997679,6.739566,9.000648,11.553309,13.871744,17.312641,20.62365,23.920698,25.794424,24.870096,28.595438,25.880072,23.725863,21.59792,17.640654,19.428917,13.863186,15.976327,13.751858,14.447264,20.284582,17.288832,22.59213,22.669046,23.09186,21.763285,17.213524,14.167184,15.632735,11.403061,13.905701,16.02013,12.707621,9.561312,11.085919,8.428796,8.006034,11.028505,10.630004
19,24.728838,24.14402,20.879688,21.157223,16.497168,15.072435,17.956917,14.201419,18.414171,16.61461,21.474749,22.30882,20.548128,17.751986,15.069572,11.630502,8.838818,5.805903,5.343597,0.0,6.355759,6.6184435,5.9930515,11.184832,9.337589,15.440036,12.8282585,14.328757,10.632301,14.841164,11.518447,16.990583,19.259268,23.074018,23.452068,26.989662,29.982456,31.027134,27.011412,24.383987,19.563013,19.726946,14.972176,15.627027,11.434448,11.6628685,11.122398,11.180822,14.38091,15.734396,14.381549,17.466198,15.536168,19.255823,21.403423,23.21827,26.66312,25.733213,22.813532,24.785,26.422098,21.948513,19.867083,15.01391,16.503775,12.555576,16.290743,14.283258,14.525899,12.787679,9.421807,7.4970202,5.1629167,6.3070154,7.7228975,8.396537,12.278567,14.215649,17.940062,21.23118,24.213955,26.202744,26.344212,29.995102,26.653418,25.162115,22.554844,18.074976,19.441742,13.236215,14.013629,11.312791,10.742921,16.24163,12.4547415,17.714611,17.751549,17.968277,16.808796,12.425255,10.079031,12.141716,8.408956,12.404508,15.348229,13.317991,10.111694,14.192564,10.763754,12.389491,14.987446,15.292559
20,26.425303,25.966297,22.62269,24.339632,19.787842,17.607492,21.648632,17.74593,21.798616,20.686926,24.919788,26.481363,24.34742,21.324697,18.524889,15.685392,11.25271,10.625168,6.2053847,6.355759,0.0,6.5458603,9.414222,12.9287195,13.670482,18.601152,17.454721,19.759481,16.489563,20.590004,17.622023,22.497599,25.080502,28.04789,29.025387,31.911283,35.351532,36.65985,32.66631,30.388996,25.477392,25.62352,21.05405,21.187778,17.181316,16.4426,15.321783,13.546627,17.419231,19.8425,19.172176,22.712927,21.518845,25.339518,27.725592,29.498343,33.00775,32.030106,29.043278,30.743647,32.388744,27.717861,25.815443,21.259182,22.66193,18.776659,21.967192,19.581156,18.795456,16.634968,14.166717,10.463782,10.494476,9.051781,11.587302,13.92767,17.109926,19.451826,23.034761,26.392727,29.58136,31.509546,30.929718,34.602585,31.575176,29.413492,26.986624,22.99892,23.927065,18.275303,18.882349,15.745722,15.586685,20.23753,16.457783,21.597292,20.463556,20.170221,18.187876,13.815499,10.191495,12.957,10.579987,12.392224,15.059119,12.465142,10.191481,12.984148,12.489029,12.572863,16.447449,16.225262
21,25.779337,26.112913,23.177612,24.630438,20.366964,19.48607,23.066557,20.190388,24.596275,23.126621,28.046215,28.896406,27.071926,24.33243,21.47097,18.227589,14.838292,12.421483,10.475479,6.6184435,6.5458603,0.0,4.235343,6.4139843,8.353357,12.222441,12.034271,15.093784,12.990626,17.50581,16.113226,20.951061,24.511997,28.280622,29.088734,32.750256,35.73367,36.75375,32.873047,29.811592,25.221132,25.048088,20.38144,20.776516,15.947148,15.912796,13.598816,12.808578,14.689273,17.968004,16.6437,20.823761,19.217434,22.763006,25.745655,26.35417,30.751945,29.147709,26.336512,28.24254,30.997747,26.47402,23.561483,19.48995,19.194765,15.652829,17.46546,15.307907,13.324632,11.781194,10.484062,7.4992023,9.013371,10.303009,13.115292,14.5185,18.289734,20.508556,24.043999,27.466227,30.19653,32.337162,32.771244,36.462833,33.015404,31.66452,28.92032,24.415691,25.301617,19.18244,18.737003,15.466949,13.808043,17.458933,12.490741,17.14983,15.651435,14.411367,12.278356,8.532815,6.241482,11.022161,10.206512,13.534538,16.974306,15.874942,13.574666,18.204777,16.38263,17.78472,21.05365,21.094088
22,25.307379,25.600386,22.786867,23.29004,19.09742,18.801346,21.549334,18.943506,23.28978,21.420923,26.578957,26.893982,25.319204,22.83774,20.097301,16.727377,14.394244,11.044806,11.071543,5.9930515,9.414222,4.235343,0.0,5.338151,4.3936586,9.634881,8.314644,11.094423,9.09612,13.894867,12.770367,17.880907,21.303236,25.694054,26.035555,30.164648,32.74658,33.52421,29.66764,26.297594,21.925655,21.625244,17.004097,17.656488,12.68382,13.349134,11.128086,11.707035,12.700619,15.364509,13.489172,17.482357,15.396139,18.78008,21.796232,22.162569,26.70363,25.06921,22.37407,24.544376,27.449497,23.161516,19.960394,15.829186,15.069666,11.542477,13.269441,11.341553,9.79804,8.704135,7.0469832,5.904885,6.4923143,9.692682,11.796041,12.147527,16.063684,17.992659,21.409607,24.738419,27.19844,29.393267,30.355917,33.99939,30.41407,29.58949,26.790129,22.05231,23.215912,16.939701,16.450985,13.592126,11.383327,15.281691,10.059413,14.68147,14.085771,13.086468,11.706627,8.266162,7.608989,11.490214,10.029053,14.484972,17.962732,17.144156,14.443236,19.48572,16.326036,18.351164,20.899364,21.14035
23,27.307224,28.287462,25.849886,26.82193,23.047249,23.226313,26.099312,24.045906,28.443924,26.64223,31.855158,32.00516,30.4316,28.072409,25.235184,21.997839,19.494026,16.372427,15.960945,11.184832,12.9287195,6.4139843,5.338151,0.0,5.6082516,6.2233815,8.3094635,12.125672,12.078745,16.505825,16.901636,21.349764,25.405018,29.886086,30.311638,34.635136,37.01553,37.651752,33.93108,30.20079,26.187298,25.562265,21.242886,21.682858,16.606348,17.162523,14.009904,14.332605,13.715198,17.49478,15.656021,20.111267,18.343151,21.286076,24.88089,24.137339,29.366282,27.268597,24.855122,27.030817,30.764366,26.682756,22.892187,19.52372,17.279112,14.486636,14.154549,12.4028425,8.74272,8.46903,9.436556,8.613018,11.09886,14.050194,16.550789,17.162975,20.872978,22.904573,26.075945,29.43241,31.588493,33.89572,35.1961,38.846947,35.209522,34.657528,31.795485,27.019846,28.004936,21.849789,20.729877,17.816174,15.034371,17.243078,11.5767765,14.831629,13.168131,10.421476,8.342082,7.111223,8.277816,13.215026,13.710409,17.627586,21.214117,21.037556,18.797623,24.05759,21.441774,23.412138,26.165833,26.258001
24,26.821547,27.29902,24.773552,24.508976,20.638607,21.016068,22.90084,20.723288,24.852768,22.569033,27.796871,27.411299,26.033075,23.972816,21.305676,18.131027,16.699226,13.060832,14.389898,9.337589,13.670482,8.353357,4.3936586,5.6082516,0.0,6.809814,5.194132,7.942174,7.413899,12.278977,12.176011,17.239248,20.481316,25.641819,25.338266,30.06297,32.027294,32.396587,28.586603,24.71176,20.857237,20.063768,15.876795,16.466557,11.471773,12.742929,10.20636,12.078151,11.259412,13.620732,11.198157,15.151161,12.840291,15.786335,19.324327,18.825495,23.916351,22.187925,19.852762,22.47114,25.816315,22.023571,18.276442,14.368379,12.183414,8.977946,9.266317,7.459723,5.5822353,5.5349436,4.984702,6.7935576,7.42743,11.710344,13.211713,12.7930565,16.377409,18.10836,21.066671,24.308758,26.250267,28.588722,30.203773,33.809788,30.20264,30.093065,27.323736,22.407492,23.925135,17.718239,17.113726,14.884503,12.065455,15.34489,10.016875,13.647232,13.748032,12.355712,11.645955,9.679967,10.735018,14.158289,12.961898,17.784286,21.216448,20.75703,17.973778,23.131989,19.21142,21.495722,23.428661,23.637568
25,27.677423,29.044956,27.137035,27.348059,24.22033,25.389801,27.372208,26.290152,30.508718,28.598492,33.972534,33.603027,32.521713,30.505997,28.018694,24.705854,23.404966,19.573751,20.640404,15.440036,18.601152,12.222441,9.634881,6.2233815,6.809814,0.0,5.5603595,9.073113,11.367434,14.724069,16.9571,20.399559,24.778614,29.590601,29.777697,34.49345,36.29294,36.6495,33.32892,29.179617,25.870481,25.246851,21.338825,22.323246,17.577362,19.055727,16.111406,17.805605,15.58388,18.594074,16.131548,19.988293,17.588873,19.558823,23.004759,21.050417,26.70595,23.984346,21.985508,24.178293,28.741812,25.22198,20.816118,18.615326,14.694129,13.352915,10.924985,10.759112,6.3750563,8.807616,10.977223,12.620968,14.220047,18.259644,20.002375,19.402159,22.976393,24.348381,27.200514,30.14423,31.764364,33.997246,36.17525,39.5588,35.654556,35.826168,32.85745,28.081362,28.911943,23.141241,21.366566,19.082752,15.660572,16.342552,11.080988,12.264178,11.337952,8.117345,7.753192,9.124951,12.278944,15.768426,16.682365,20.92261,24.392883,24.932262,22.71706,28.448843,25.03209,27.68753,29.847218,30.292221
26,24.355284,25.24346,23.247705,22.64181,19.507175,20.913975,22.29199,21.497305,25.553165,23.693537,29.114012,28.76081,28.066471,26.075607,24.028097,20.488602,20.215828,15.7786875,18.094418,12.8282585,17.454721,12.034271,8.314644,8.3094635,5.194132,5.5603595,0.0,3.964292,5.957327,9.241852,11.574461,14.910843,19.260994,24.064442,24.276382,28.94569,30.787247,31.278564,28.088085,24.10969,20.694122,20.706001,16.484903,18.382816,13.932683,16.259304,14.418273,16.98481,15.6171,17.233429,14.315818,17.35522,13.873559,15.842015,18.29234,17.055016,22.187918,19.388788,17.013878,19.110184,23.396967,19.71953,15.423281,13.200299,9.703011,8.529303,7.5803847,8.592489,6.744021,9.160281,9.256121,11.948354,11.582522,16.258633,17.134523,15.348175,19.070648,19.725594,22.75073,25.323986,27.046179,29.039515,31.375093,34.538635,30.40749,30.614801,27.571018,22.890102,23.558437,17.988256,16.116737,14.240936,10.769766,12.109462,7.19169,9.2234535,10.121581,9.386336,10.089428,9.221744,11.775166,13.751161,13.462619,18.172956,21.432335,21.939516,19.517197,25.289991,21.147713,24.314802,25.952694,26.868578
27,24.115099,24.726767,22.900278,21.302078,18.499422,20.334015,20.749924,20.424616,24.100897,22.13804,27.47264,26.78769,26.51472,24.803226,23.187983,19.720724,20.540226,15.867139,19.27326,14.328757,19.759481,15.093784,11.094423,12.125672,7.942174,9.073113,3.964292,0.0,4.547513,6.2348657,9.467067,12.153922,16.165346,21.265013,21.113739,25.999006,27.465124,27.813215,24.847607,20.782633,17.755985,18.07041,14.10301,16.698107,12.973828,16.01436,15.054228,18.359337,16.954521,17.377422,14.208263,16.179792,11.933009,13.234375,14.838966,13.543235,18.451805,15.444974,13.074638,15.319502,19.67091,16.320148,11.840654,10.149426,5.9330645,6.198741,5.4553337,8.27823,8.520716,11.101899,10.519774,14.087126,12.605434,17.47626,17.541838,14.746852,18.142254,18.066988,20.84427,22.95119,24.40131,26.220184,29.018673,31.922901,27.658466,28.29143,25.266312,20.713179,21.400232,16.308056,14.406531,13.416591,10.083351,11.340997,7.9690475,9.172088,11.6596775,12.12106,13.497572,12.478175,14.773308,15.635779,14.63309,19.411118,22.346802,22.906788,20.399767,26.004295,21.217028,24.694519,25.68711,26.877304
28,22.471172,22.494637,20.201195,18.566772,15.132426,16.400948,17.01077,16.065363,19.880089,17.94127,23.35546,23.050848,22.672956,20.687063,19.1173,15.418208,16.355803,11.497068,15.25217,10.632301,16.489563,12.990626,9.09612,12.078745,7.413899,11.367434,5.957327,4.547513,0.0,5.1041555,5.61868,9.905701,13.603777,18.56169,18.610271,23.223305,25.231066,25.900597,22.631706,19.01234,15.176948,15.970509,11.229766,14.175765,10.355146,13.430957,13.198848,16.274006,16.218176,16.283897,13.32369,15.199704,10.841444,13.063783,14.15937,14.582517,18.59914,16.292168,13.393848,15.476342,18.711458,14.689182,11.011806,7.69928,6.5512433,4.6441464,7.8886395,9.112148,10.299428,11.471316,9.242755,12.168892,9.488034,14.172855,13.891814,10.736899,14.5001335,14.329695,17.615292,19.846502,21.847319,23.598894,25.83634,28.854242,24.59029,24.67933,21.615719,16.965868,17.7278,12.165673,10.756603,9.552973,6.6150255,10.261527,7.0459414,10.433537,12.747943,13.89087,14.700502,12.095857,13.125344,13.537553,11.243445,16.191175,19.01582,19.072287,16.349123,21.690485,16.713854,20.217688,21.167652,22.500322
29,20.264948,20.241413,18.518808,15.838065,13.454685,15.848576,15.281254,16.081459,19.362507,18.021193,23.284008,23.056362,23.559612,21.770035,21.103487,17.349092,19.589182,14.564242,18.97974,14.841164,20.590004,17.50581,13.894867,16.505825,12.278977,14.724069,9.241852,6.2348657,5.1041555,0.0,5.7797785,5.9448442,10.939237,15.191625,15.88923,20.231327,22.142439,23.071934,20.641474,17.290312,14.064867,16.220282,11.843505,16.180243,13.6311865,17.209608,17.700724,21.063286,20.909573,20.30294,17.24485,18.035187,13.021503,14.031598,12.901975,13.429243,16.414906,13.077024,9.785612,10.822563,14.683745,10.60681,6.515496,6.2787924,5.5281944,7.1757965,9.8840275,12.760538,14.302054,16.122646,14.138642,17.247866,14.212401,18.6645,17.804522,13.706795,17.029898,15.5165825,18.630209,19.799356,21.571218,22.715881,25.601128,27.952698,23.169918,23.560804,20.298552,16.271635,15.917566,11.829098,9.070775,9.217196,6.6792755,8.095643,7.969406,9.277035,12.987067,15.444818,17.138985,14.963537,16.342688,15.142679,13.179359,17.443699,19.660204,20.437765,18.158571,23.480776,18.353922,22.503227,22.870205,24.912216
30,21.956154,21.049892,18.584309,15.749003,12.221972,13.2224655,12.548173,11.477287,14.769606,12.7605505,18.109566,17.889095,18.026402,16.095818,15.336621,11.594984,14.291126,9.494869,14.587292,11.518447,17.622023,16.113226,12.770367,16.901636,12.176011,16.9571,11.574461,9.467067,5.61868,5.7797785,0.0,6.6101713,8.563707,13.620849,13.434976,17.897339,20.133148,21.059809,17.762518,14.787591,10.436111,12.564997,7.4191775,11.826871,9.658546,13.06206,14.562968,17.706266,18.746181,17.471228,14.852461,15.280438,10.6684,12.691005,11.7672415,14.238819,16.46202,14.934186,11.732941,13.478179,15.008911,10.699648,8.569445,3.912526,7.6531844,6.234722,11.4833,12.5903015,15.164769,15.64061,12.382388,14.912763,10.812135,14.529684,12.955532,8.35895,11.593874,9.978793,13.522319,15.08826,17.45096,18.789816,20.889364,23.653648,19.194262,19.117695,16.010492,11.446866,12.309995,6.9223433,6.6218786,7.1130886,6.322503,11.338876,10.562633,13.9073105,16.787136,18.854189,19.713745,16.416105,16.442137,15.577776,11.849789,16.230291,18.29072,17.872778,15.070613,19.47772,13.737461,17.496473,17.454733,19.328613
31,18.206852,17.234924,15.635911,11.475035,9.800839,12.615304,10.462115,12.757315,15.213997,14.750856,19.607468,19.958055,21.308823,19.528872,19.956562,16.249971,19.767405,15.022273,19.913275,16.990583,22.497599,20.951061,17.880907,21.349764,17.239248,20.399559,14.910843,12.153922,9.905701,5.9448442,6.6101713,0.0,7.050951,9.391219,11.470286,14.802272,17.397957,19.099876,17.358847,15.224533,11.997734,16.007368,11.868929,17.184698,15.97411,19.528355,21.093075,24.2833,25.072443,23.755222,20.98077,20.891703,15.893072,16.657734,13.380695,15.688144,16.432148,13.487289,9.923776,9.181541,11.220489,6.1673694,4.8304853,6.634653,9.807546,11.30691,15.184357,17.736639,19.875622,21.194637,18.479301,21.079647,17.211,20.86555,19.272678,14.522975,17.291275,14.460039,17.618452,17.660698,19.7408,20.05538,22.8068,24.472359,19.252909,19.251467,15.800291,12.736969,10.887157,8.853783,5.3787284,7.745164,7.644729,9.124499,11.699657,13.011533,16.765438,20.13381,21.814686,18.963684,19.477558,16.866474,14.112717,17.310173,18.534908,19.329674,17.427988,21.925175,16.725368,21.240799,20.847229,23.66887
32,24.12989,22.392717,20.583572,15.6226845,13.873652,15.343394,11.4931,12.260528,12.9430895,11.341806,15.190628,14.317747,16.262886,15.412971,16.620173,14.094892,19.004467,15.403387,20.91889,19.259268,25.080502,24.511997,21.303236,25.405018,20.481316,24.778614,19.260994,16.165346,13.603777,10.939237,8.563707,7.050951,0.0,7.205731,5.040323,10.141602,11.640727,12.757362,10.3763275,8.711733,5.74564,10.906298,8.429505,13.787428,14.770112,18.159573,20.94303,24.381016,25.438972,22.728468,20.41929,18.7909,14.368472,14.511969,9.691686,14.045386,12.658409,12.075028,9.388845,9.928477,7.8715696,4.6532197,7.009294,6.421809,11.668369,12.622985,17.08586,19.009327,22.521635,23.206436,19.99086,22.818518,18.41546,21.293623,18.688965,13.630919,14.593318,10.683511,12.586805,11.451256,13.175446,13.115872,16.251678,17.695793,12.570222,13.569404,10.636885,7.8160086,8.188802,7.920247,8.728008,12.061565,12.982035,16.078466,17.740047,19.605585,23.33276,26.168293,27.554258,24.48076,24.527416,22.56528,18.755718,22.011175,22.96048,22.653225,20.354477,23.31763,17.422457,21.066666,19.274141,21.77136
33,21.096638,18.657915,17.462517,11.675831,11.848851,13.693155,8.509829,12.257973,11.630417,12.604873,15.27992,16.203428,19.06418,17.912416,20.175037,17.567448,22.569632,19.184391,24.141188,23.074018,28.04789,28.280622,25.694054,29.886086,25.641819,29.590601,24.064442,21.265013,18.56169,15.191625,13.620849,9.391219,7.205731,0.0,6.580174,5.9643583,10.028833,13.209697,13.1219015,13.9163265,11.961527,17.521566,15.151151,20.34716,21.195137,24.322515,27.108921,30.07931,31.744366,29.392282,27.141113,25.806398,21.428501,21.703938,16.566849,20.620823,18.37486,17.103682,14.48431,12.574275,9.662017,6.8116736,11.03298,12.806264,17.689697,18.893469,23.349115,25.488386,28.426855,29.200443,25.881718,28.08538,23.6034,26.045963,23.55097,18.706318,19.873182,15.70969,17.834463,15.803164,17.837465,16.56013,18.846264,18.943766,13.4591,13.00074,9.860179,10.157627,6.0501204,10.410314,9.712454,13.385025,15.432776,17.11867,20.544746,21.929024,25.52856,29.235575,30.792263,27.458267,27.149954,23.817331,20.342503,22.104477,21.948904,22.216389,20.864996,23.150972,18.302744,22.31387,20.354298,23.840633
34,26.944845,24.742287,23.174068,17.703249,16.725103,17.866873,13.0722275,14.116945,13.079186,11.876019,13.955375,12.72838,15.67887,15.590637,17.804169,16.225754,21.713451,18.927979,24.336273,23.452068,29.025387,29.088734,26.035555,30.311638,25.338266,29.777697,24.276382,21.113739,18.610271,15.88923,13.434976,11.470286,5.040323,6.580174,0.0,6.142064,6.7208853,8.1826105,6.7214823,7.575014,6.8310246,12.224546,11.618545,16.226309,18.4057,21.441696,24.729462,28.069506,29.36515,26.104261,24.119738,21.760141,17.925455,17.575167,11.965726,16.807695,13.538237,14.1335745,12.367436,12.269689,7.4700484,7.058953,11.071232,11.25379,16.271585,17.302084,21.61968,23.435024,27.250847,27.774578,24.446388,27.158829,22.631365,24.94667,21.967323,17.10663,17.034716,12.677458,13.376811,10.625231,11.797611,10.474505,13.789893,14.089413,8.752445,10.524139,8.321193,7.9502964,8.281736,10.996034,12.565468,16.1668,17.646511,20.501026,22.636774,24.336239,28.134487,31.136703,32.55381,29.387606,29.225393,26.994095,23.009312,25.75668,26.205597,25.70799,23.633612,25.604246,19.937159,23.141356,20.514837,23.112446
35,26.487593,23.710117,22.532299,16.859264,17.040747,17.983187,12.59725,14.973383,12.55723,13.270031,13.785577,14.1007,17.73916,17.520128,20.594452,19.162613,24.691454,22.283613,27.238697,26.989662,31.911283,32.750256,30.164648,34.635136,30.06297,34.49345,28.94569,25.999006,23.223305,20.231327,17.897339,14.802272,10.141602,5.9643583,6.142064,0.0,5.384964,9.217995,10.235764,13.088065,12.576729,17.897583,17.109268,21.571486,23.666279,26.447762,29.82929,32.77801,34.641533,31.56584,29.692617,27.528294,23.787596,23.679245,18.086515,22.783134,19.145588,19.360538,17.563084,16.150452,11.123072,10.8031225,15.478147,16.52016,21.6858,22.681955,27.21479,29.043781,32.56488,33.02664,29.514605,31.729116,27.084385,28.944096,25.973953,21.331686,21.301939,16.861794,17.728441,14.503007,15.95821,13.697132,15.688432,14.573498,9.4593935,9.55136,7.8007665,10.55607,8.214501,13.769035,14.840349,18.49534,20.742289,23.001583,26.077343,27.663536,31.31264,34.83554,36.282963,32.832714,32.298725,29.238386,25.343494,27.026155,26.649895,26.321945,24.905191,25.994284,21.205183,24.374105,21.45003,24.677896
