,0,1,2,3,4,5,6,7,8,9,10,11,12,13,14,15,16,17,18,19,20,21,22,23,24,25,26,27,28,29,30,31,32,33,34,35,36,37,38,39,40,41,42,43,44,45,46,47,48,49,50,51,52,53,54,55,56,57,58,59,60,61,62,63,64,65,66,67,68,69,70,71,72,73,74,75,76,77,78,79,80,81,82,83,84,85,86,87,88,89,90,91,92,93,94,95,96,97,98,99,100,101,102,103,104,105,106,107,108,109,110,111,112
0,0.0,4.3761587,6.0122714,8.6199875,12.2131405,13.479965,17.546429,20.089525,23.298649,26.43275,31.235094,33.064384,35.46017,36.71145,33.165123,29.58186,26.350449,23.698215,21.678032,17.140314,16.603426,12.017967,14.629564,10.550036,16.010479,13.808182,15.185001,18.57499,19.9406,22.690811,25.459946,28.860296,34.26141,36.845413,39.757526,41.418545,45.23,47.26667,43.395622,41.671173,36.75589,37.40927,32.76452,32.93091,29.401892,28.796225,27.385874,24.972431,28.607433,31.637323,31.222622,34.805393,33.68805,37.546764,39.562542,41.772697,44.800865,43.206486,39.87187,40.742817,41.954662,36.973244,35.305172,32.933575,32.795345,29.521986,32.007965,30.11488,27.258211,26.326427,25.259317,21.56928,22.416143,21.93174,24.370087,26.130505,29.597462,31.128763,35.10643,37.583656,41.276825,42.203716,40.88177,43.504684,39.96836,36.189434,35.237217,32.641354,32.341454,26.524353,27.184608,23.925646,23.86425,23.755512,24.626907,28.401716,24.620157,29.918076,31.544035,29.266317,31.776669,28.680918,29.85638,30.310835,29.405935,31.039648,28.538017,27.224987,32.22392,27.974901,31.768188,31.590992,34.13433
1,4.3761587,0.0,5.07831,4.717996,8.905601,11.161144,14.456446,17.92664,20.587843,24.158167,28.697117,30.889526,32.998814,33.96748,30.572773,26.720198,24.094976,20.848837,19.696304,14.85936,15.409619,10.424754,13.245661,9.287932,13.9661255,11.157496,11.668723,14.733913,16.332981,18.63546,21.851603,24.760036,30.432627,32.78957,35.86951,37.560593,41.26567,43.452217,39.747314,38.108486,33.208324,34.255833,29.417902,30.178318,26.614906,26.500734,25.32725,23.530981,27.039333,29.779713,29.005686,32.40818,30.772036,34.54719,36.093704,38.424316,41.210213,39.44978,36.0495,36.700344,37.856068,32.831352,31.276653,29.158388,29.21492,26.193142,28.891043,27.427586,24.699377,24.137123,22.762617,19.592594,19.799595,20.019007,22.139843,23.18966,26.907705,28.017044,32.149258,34.39845,38.104595,38.87854,37.853886,40.30217,36.50356,32.852585,31.622406,29.131062,28.39349,22.678461,23.02332,19.713423,19.845612,19.663227,21.079765,24.960838,21.503977,26.911877,28.313913,26.054567,28.24876,24.970749,25.916689,26.214426,25.088646,26.671478,24.21163,23.021692,28.203192,24.235733,28.220224,28.306164,31.093666
2,6.0122714,5.07831,0.0,5.9882855,7.4111557,8.974329,12.554651,15.566096,18.953003,21.850801,26.914364,28.399666,30.872574,31.80802,28.159882,24.604277,21.16396,18.445229,16.436499,11.457639,11.950896,6.2264295,8.716886,5.350577,10.575135,10.072002,10.395614,13.900442,14.742217,18.241581,20.337387,24.491053,29.376383,32.75753,34.99168,37.08796,40.721157,42.493916,38.42188,36.366116,31.49634,31.755833,27.215263,27.072693,23.490944,22.809029,21.388714,19.087887,22.810535,25.668213,25.245075,28.798372,27.80099,31.685175,33.992073,36.130726,39.321426,37.965195,34.744373,36.040295,37.29999,32.46645,30.589527,27.741034,27.537426,23.966038,26.593348,24.457714,21.991238,20.766012,19.436724,15.675114,16.47026,15.993509,18.543154,20.478481,23.97163,25.779884,29.679422,32.42705,36.023735,37.196476,36.093838,39.006554,35.416374,31.991348,31.020016,28.004547,28.20588,22.00914,23.024874,19.840996,19.376907,20.21838,20.25983,24.469133,20.98401,26.327692,27.281248,24.604164,27.31014,23.899258,25.805408,25.894007,25.784817,27.809181,25.475172,24.084242,29.218555,24.447926,28.48362,27.788855,30.670538
3,8.6199875,4.717996,5.9882855,0.0,4.7327857,7.475263,10.040867,13.997877,16.208294,20.018873,24.353336,26.75234,28.667135,29.494228,26.206903,22.235136,20.048586,16.494846,15.987549,11.328136,12.569216,8.22851,11.531182,9.200903,12.49929,10.691437,8.893318,11.249804,12.181678,14.298057,17.351624,20.338312,25.866407,28.22918,31.27855,32.888832,36.65931,38.802982,35.091606,33.58941,28.671448,29.942928,25.096272,26.18562,22.83432,23.026642,22.388588,21.126804,24.827435,26.926321,25.994736,28.976892,27.066418,30.777843,31.94017,34.617905,37.048412,35.50413,32.116634,32.8303,33.61298,28.638794,27.372406,24.96752,25.658169,22.597767,25.895508,24.633907,22.549303,21.991976,19.966833,17.216576,16.448381,16.901878,18.501898,19.000534,22.731878,23.53186,27.715805,29.801453,33.527477,34.215748,33.244514,35.63769,31.79079,28.182966,26.916832,24.420837,23.7588,18.02548,18.65096,15.654072,16.197222,16.837418,18.604479,22.932446,20.132797,25.596848,26.27572,23.740479,25.662191,21.787302,22.9943,22.498657,21.399235,22.9425,20.223028,18.763239,23.870466,19.640417,23.710196,23.710773,26.64865
4,12.2131405,8.905601,7.4111557,4.7327857,0.0,4.4974937,5.688326,10.399075,12.683797,16.232836,20.800514,22.855148,24.848137,25.426748,22.029129,18.08818,15.724295,12.0524435,11.732183,6.819578,9.444558,5.4477725,8.484674,8.463318,9.993408,10.4249935,6.7055736,8.537252,8.153789,11.262791,13.272101,17.331228,22.170748,25.385357,27.725994,29.685808,33.368877,35.206017,31.23998,29.46737,24.545341,25.435137,20.706163,21.492947,18.202347,18.35524,17.975163,16.987915,20.843828,22.500032,21.588266,24.365463,22.576403,26.322767,27.71852,30.471619,32.96853,31.788599,28.52699,29.726679,30.40534,25.609617,24.246593,21.151464,22.04798,18.59927,22.277992,20.782198,19.367609,18.47226,15.951858,13.333526,11.974415,12.408434,13.816787,14.346566,18.08482,19.131445,23.258121,25.608704,29.275604,30.203398,29.336126,32.03387,28.2112,24.894947,23.70566,20.754936,20.802404,14.623736,15.923764,13.24801,13.51028,15.527859,16.44042,21.201262,18.908,24.23276,24.12585,21.168406,23.2068,18.875269,20.938444,19.794651,19.569386,21.455564,18.832775,17.161854,22.178558,17.259983,21.474487,20.82483,24.035044
5,13.479965,11.161144,8.974329,7.475263,4.4974937,0.0,5.120652,6.807309,10.039418,13.09507,17.985205,19.78386,22.082663,23.237326,19.695219,16.166204,13.1082735,10.557699,8.86094,5.7347217,5.5374913,5.390986,9.316621,10.897363,12.717459,14.4872465,10.828323,12.199994,10.303295,13.45465,13.913723,18.81864,22.670513,25.930576,28.086514,29.534103,33.62311,35.130455,30.921703,29.439476,24.512774,25.093893,20.887314,20.998104,18.374372,17.945599,18.21351,16.803646,21.426813,22.44536,22.054554,24.33805,23.172771,26.913473,28.426332,31.615553,33.798744,33.329594,30.255186,31.810013,31.842358,27.313854,26.412142,22.525146,24.229242,20.39491,24.567265,22.655367,21.991625,20.465923,17.543661,14.545627,12.848579,11.645275,12.616225,13.877729,16.822489,18.175005,22.008072,24.42337,28.131699,29.112741,27.519512,30.376905,27.142714,23.451756,22.937336,19.977688,21.11626,15.180797,17.66151,15.924253,16.632614,19.40099,20.160723,25.06174,23.00307,28.211477,27.709635,24.509016,26.578424,21.909164,24.423101,22.50189,22.388815,24.009407,20.87888,18.564505,22.654139,16.928766,20.545994,19.25497,21.981731
6,17.546429,14.456446,12.554651,10.040867,5.688326,5.120652,0.0,6.1897917,7.562151,11.024681,15.436516,17.472277,19.318268,19.748537,16.383171,12.401771,10.455963,6.458104,7.3801904,4.6443076,8.056482,8.053878,10.218417,12.738221,12.304794,14.523319,9.500322,9.238303,6.003626,9.011243,8.793235,14.015466,17.631344,21.312534,23.124693,24.957026,28.800903,30.308369,26.12581,24.500807,19.558031,20.424341,15.97908,16.804878,14.217527,14.592863,15.423476,15.244994,19.365372,19.696756,18.818737,20.652382,18.83239,22.4329,23.47051,26.829197,28.779142,28.306677,25.24771,26.85623,26.78917,22.348303,21.517122,17.45699,19.606,15.921305,20.556274,19.127068,19.142797,17.963076,14.500852,12.722926,9.605364,9.722843,9.687991,9.424614,12.838922,13.656026,17.74256,20.04996,23.743364,24.70837,23.702517,26.549225,22.8925,19.676794,18.746756,15.510557,16.578959,10.366452,13.075831,11.786566,12.588232,16.261665,16.99767,21.958391,20.738943,25.60562,24.416016,21.129509,22.797981,17.777943,20.53529,17.953606,18.26393,20.029438,17.160192,14.936386,19.107145,13.36749,17.372246,15.97387,19.31695
7,20.089525,17.92664,15.566096,13.997877,10.399075,6.807309,6.1897917,0.0,4.5321493,6.352303,11.517473,13.007952,15.433287,16.917732,13.34011,10.364481,7.1094923,6.3651323,4.378517,7.0421596,5.6514325,10.585936,13.124505,16.601707,16.842722,19.955347,15.393715,15.372715,11.687315,14.190437,12.084116,17.740614,19.607481,23.143867,24.576988,25.539831,29.892742,30.841724,26.381626,25.272806,20.54868,20.856567,17.561514,17.209122,15.946227,15.371686,17.145788,16.40012,21.289124,20.686047,20.624908,21.608738,20.846281,24.246307,25.425812,29.289669,30.7273,31.298243,28.60716,30.64266,29.69541,25.805105,25.622114,20.738386,23.79328,19.832321,24.763187,22.832935,23.671436,21.77618,18.119345,15.93949,12.937549,10.719207,9.757072,10.725969,12.16296,13.44624,16.71594,19.03865,22.682621,23.719133,21.484243,24.579592,22.017439,18.289915,18.58746,15.509738,18.352837,13.233484,17.207535,17.084589,18.256495,22.283512,22.840353,27.801401,26.689293,31.431824,29.932167,26.471361,28.187307,23.031643,26.145845,22.887186,23.26111,24.611078,21.252562,18.375755,20.96149,14.438615,17.12061,14.603278,16.96526
8,23.298649,20.587843,18.953003,16.208294,12.683797,10.039418,7.562151,4.5321493,0.0,4.640213,8.16377,10.969391,12.500827,13.749966,10.686652,7.228739,6.8340545,5.4940743,7.145841,10.104278,10.169346,14.260642,16.570662,19.858494,19.430098,22.079624,16.926128,15.860147,11.8565855,12.814542,10.168052,14.931562,16.246239,19.121635,20.840837,21.276638,25.835737,26.87913,22.607075,22.085438,17.42744,18.630812,15.451531,16.252998,15.689921,16.011,18.526297,18.80166,23.194168,21.868599,21.417498,21.61459,20.163895,23.158772,23.228022,27.632683,28.228481,28.970007,26.339468,28.108555,26.475222,22.803955,23.346478,18.52608,22.6403,19.216457,24.575537,23.341534,24.702732,23.26329,19.306711,18.162092,14.268759,13.126487,11.097868,10.027967,11.03077,10.828486,14.153934,15.66437,19.423851,20.01374,17.794329,20.518866,17.80253,13.869613,14.171107,11.410747,14.392258,10.207106,14.631115,15.576541,17.467634,21.739758,22.993673,27.7949,27.383177,31.857042,29.949753,26.619741,27.70964,22.336906,25.152624,21.11052,21.145386,22.058203,18.514942,15.394252,17.085274,10.464182,12.782465,10.08909,12.691094
9,26.43275,24.158167,21.850801,20.018873,16.232836,13.09507,11.024681,6.352303,4.640213,0.0,5.624566,6.749053,9.106758,10.902269,7.4703617,5.762661,4.2292614,6.7525983,6.921038,12.002253,11.188537,16.53475,18.270506,22.383394,21.631374,25.231653,20.24855,19.290903,14.9749365,16.421078,12.512062,17.807125,17.401234,20.936478,21.494562,21.883251,26.333603,26.6741,22.09875,21.514488,17.293156,17.449915,15.473113,14.941862,15.422512,15.060235,18.155872,18.35951,22.827854,20.72231,20.814787,20.316187,19.788155,22.524687,23.052347,27.502085,27.996614,29.567379,27.355083,29.702593,27.791822,24.73628,25.311,19.870722,24.093153,20.442997,25.733831,24.081915,26.13034,24.207047,20.22199,19.114874,15.389043,13.225169,10.590652,10.396399,9.536585,10.111884,12.2437725,14.1352,17.573462,18.580097,15.673484,18.986689,17.24026,13.739701,14.996963,12.058274,16.611319,13.197477,17.935066,19.235136,20.697557,25.37434,25.855604,30.610939,30.346668,34.56278,32.284145,28.791014,30.038872,24.734165,28.094397,23.844765,24.582067,25.602575,22.32422,19.264627,20.201918,13.716158,15.020295,11.252471,13.034009
10,31.235094,28.697117,26.914364,24.353336,20.800514,17.985205,15.436516,11.517473,8.16377,5.624566,0.0,4.812691,4.744114,7.1653905,5.634356,5.866682,8.63045,10.703608,12.419003,17.211058,16.689495,21.849949,23.613003,27.562727,26.531977,29.774702,24.488276,22.876804,18.573286,18.691563,14.56015,18.236708,16.408503,18.712828,19.228067,18.392305,23.104189,23.190517,18.946804,19.530828,15.998005,17.007793,16.053116,16.481516,18.091743,18.413822,22.069809,22.99765,26.968563,24.131584,24.025484,22.5291,21.61679,23.604298,22.819271,27.834509,27.074234,29.208729,27.32296,29.411901,26.450798,24.099497,25.667385,20.446878,25.724234,22.783306,28.247484,27.231834,29.807274,28.229792,24.129248,23.798141,19.645952,18.1615,15.043082,13.470761,11.648038,10.371399,11.259635,11.450322,14.60317,14.877423,11.125672,13.933122,13.031946,9.319208,11.667637,9.923432,15.099909,14.017754,18.732698,21.141434,23.17869,27.883615,28.950163,33.4354,33.808598,37.70183,35.038788,31.727755,32.35636,27.02041,30.025257,25.067074,25.45665,25.866076,22.532228,19.373268,18.549671,12.84822,12.39386,8.0158615,8.652934
11,33.064384,30.889526,28.399666,26.75234,22.855148,19.78386,17.472277,13.007952,10.969391,6.749053,4.812691,0.0,3.644935,6.40086,4.368149,7.2856617,8.104024,12.010767,12.501505,18.046232,17.21812,22.828636,24.004526,28.573917,27.255697,31.345493,26.31259,24.976013,20.503448,21.473997,16.656204,21.243628,18.553915,22.002132,21.227736,21.035088,25.212431,24.591373,20.02858,19.982819,16.934168,16.370457,16.497658,15.259036,17.534008,17.078262,20.915756,21.659975,25.542477,22.208858,22.655937,20.738485,20.898588,22.719393,22.87523,27.548473,27.157312,29.902794,28.382235,31.11519,28.411858,26.462368,27.578289,21.8752,26.656496,23.386835,28.542805,26.99699,29.998493,27.95407,23.999754,23.589005,19.850859,17.611227,14.391272,13.897884,10.876741,10.969464,10.527182,11.710106,14.184804,15.325594,11.368317,15.081487,15.091982,12.656662,15.141406,12.856164,18.66898,17.156412,21.923496,24.076448,25.479038,30.474989,30.618881,35.08857,35.402695,39.105633,36.234634,32.764187,33.72999,28.570242,32.156395,27.375813,28.57321,29.375944,26.405733,23.440739,22.960949,17.253948,17.042025,12.582312,13.020723
12,35.46017,32.998814,30.872574,28.667135,24.848137,22.082663,19.318268,15.433287,12.500827,9.106758,4.744114,3.644935,0.0,3.967385,4.549602,7.8478003,10.744402,13.743318,15.320551,20.513311,20.160234,25.442661,26.676453,31.06408,29.525923,33.28125,28.024223,26.254644,21.835161,22.008478,17.215128,20.754124,17.343414,20.012577,19.175928,18.306099,22.525038,21.781912,17.493687,18.215628,15.655193,15.849039,16.427765,16.152925,18.834406,19.014894,23.043242,24.307959,27.834646,24.246471,24.378813,22.012678,21.64375,23.00322,22.171644,27.16283,25.954464,28.91362,27.564285,30.046581,26.754822,25.233925,26.92593,21.50659,26.866144,24.117641,29.355362,28.321705,31.533613,29.824799,25.80104,25.905296,21.833864,20.239542,16.819113,15.324183,12.26897,11.067778,10.030593,9.810588,12.014032,12.565142,8.101346,11.532211,12.073265,9.9240675,12.872257,11.379521,17.239223,17.037909,21.629248,24.357124,26.077051,31.032064,31.57665,35.849117,36.57301,40.067387,36.991627,33.678307,34.21534,29.068417,32.358757,27.209711,28.183374,28.642345,25.741219,22.829792,21.473146,16.449268,15.439257,11.002046,10.9408
13,36.71145,33.96748,31.80802,29.494228,25.426748,23.237326,19.748537,16.917732,13.749966,10.902269,7.1653905,6.40086,3.967385,0.0,3.9519393,7.3706393,11.396715,13.692899,16.239607,20.965822,21.683847,26.227985,26.976847,31.427404,29.213343,33.00681,27.691414,25.525196,21.170515,21.022158,15.890856,18.965454,14.520937,17.753084,15.922757,15.654138,19.378433,18.373045,13.875354,14.354462,12.172414,12.325487,13.549534,13.69836,16.856136,17.576262,21.756409,23.70027,26.591164,22.673044,22.501408,19.665464,18.948753,19.855352,18.564486,23.610067,22.106777,25.282715,24.163324,26.788692,23.440649,22.348307,24.062216,18.681408,24.153414,21.805113,26.888584,26.21321,29.788057,28.33602,24.36766,25.177542,20.94,20.054771,16.427158,14.132977,10.795627,8.854776,6.814911,6.0096655,8.078827,8.948114,5.3116517,9.54697,9.467724,8.8593,11.250626,9.473965,15.529707,15.87117,20.152363,23.147186,24.63019,29.688276,29.973019,33.94868,35.10979,38.18798,34.797543,31.603031,31.878445,26.922087,30.251488,24.97413,26.39616,26.957737,24.581648,22.0429,20.721785,16.254831,15.532536,11.30831,12.100444
14,33.165123,30.572773,28.159882,26.206903,22.029129,19.695219,16.383171,13.34011,10.686652,7.4703617,5.634356,4.368149,4.549602,3.9519393,0.0,4.406827,7.461845,10.230393,12.338644,17.22324,17.865269,22.464684,23.18686,27.741112,25.683353,29.691505,24.497578,22.667648,18.207497,18.778605,13.554094,17.850105,14.493812,18.595228,17.220232,17.734356,21.580898,21.00171,16.238842,15.777203,12.598819,12.175348,12.324526,11.725699,14.286002,14.573127,18.63448,20.196663,23.490812,19.930044,19.901531,17.68397,17.213293,18.830004,18.56499,23.352493,22.86297,25.539474,24.052706,26.848969,24.219248,22.406078,23.477594,17.753595,22.70945,19.751204,24.921465,23.783955,27.066236,25.358727,21.354496,21.709753,17.600317,16.315054,12.747263,11.02479,7.742125,6.9231844,6.280066,7.701752,10.56557,11.971693,9.13108,13.229578,12.152981,10.555331,12.347793,9.461496,15.499108,14.209853,18.791418,21.199266,22.432764,27.558678,27.557644,31.795776,32.53266,35.898483,32.757706,29.387993,30.08536,25.012419,28.609325,23.680124,25.245214,26.172152,23.649193,21.010422,20.732178,15.373213,15.63773,11.286181,12.820979
15,29.58186,26.720198,24.604277,22.235136,18.08818,16.166204,12.401771,10.364481,7.228739,5.762661,5.866682,7.2856617,7.8478003,7.3706393,4.406827,0.0,5.7303724,6.42472,9.858787,13.89246,15.292515,19.145977,20.082785,24.244007,22.251331,25.779251,20.448765,18.499397,14.076235,14.479294,9.491359,14.089602,12.11487,16.322872,15.966906,16.907703,20.977165,21.19967,16.517612,15.769597,11.572603,12.206891,10.450826,11.112873,12.392653,13.238017,16.922867,18.51354,21.963934,19.141813,18.631088,17.286383,15.909063,18.110733,17.7115,22.491518,22.438944,24.19901,22.177105,24.609896,22.40314,19.796455,20.653568,15.085301,20.012665,16.964226,22.399586,21.467525,24.22119,22.804832,18.68773,18.977114,14.563703,13.931113,10.524977,7.9116173,6.2948895,4.7817774,7.0835547,8.716323,12.3646965,13.413697,11.582288,15.060613,12.486308,10.082879,10.76121,7.136297,12.497528,10.087893,14.796696,16.972387,18.37385,23.40204,23.777225,28.149622,28.740307,32.349495,29.47411,26.131054,26.816263,21.562796,24.938656,20.121143,21.375814,22.396301,19.73203,17.073538,17.618212,11.842332,13.1741705,9.26409,12.013419
16,26.350449,24.094976,21.16396,20.048586,15.724295,13.1082735,10.455963,7.1094923,6.8340545,4.2292614,8.63045,8.104024,10.744402,11.396715,7.461845,5.7303724,0.0,5.0284004,4.927136,10.188228,10.692078,15.276201,16.032066,20.717724,19.169147,23.505781,18.70402,17.793005,13.377028,15.658514,11.107361,17.340322,16.608078,21.466372,21.063734,22.54855,26.424793,26.550188,21.70828,20.166643,15.927834,15.012282,13.032451,11.413085,11.69697,10.917089,14.0780945,14.453157,18.750439,16.499996,16.696898,16.320581,16.205095,19.12687,20.571222,24.55911,25.77417,27.335333,25.218925,28.044218,26.762877,23.767576,23.64916,17.892956,21.394657,17.413101,22.444593,20.425522,22.733816,20.56653,16.633339,15.700212,12.085248,9.718248,6.7014947,7.293704,6.1473856,8.350599,10.517904,13.556158,16.814415,18.492327,16.409712,20.257248,18.14405,15.605334,16.344416,12.619404,17.278952,13.104447,17.630188,18.528952,19.184214,24.123299,23.627024,28.309322,28.069784,32.037216,29.578377,25.971485,27.508745,22.398571,26.282244,22.349058,23.97665,25.528791,22.840345,20.20499,21.916998,15.583063,17.599052,13.8966255,16.298248
17,23.698215,20.848837,18.445229,16.494846,12.0524435,10.557699,6.458104,6.3651323,5.4940743,6.7525983,10.703608,12.010767,13.743318,13.692899,10.230393,6.42472,5.0284004,0.0,5.3540874,7.615438,10.340262,12.930134,13.814566,17.827635,15.997902,19.561132,14.387115,13.034967,8.570631,10.667084,6.6159353,13.064451,13.934267,18.690508,19.102978,21.037842,24.81995,25.64233,21.064064,19.358135,14.57507,14.823248,11.214907,11.47351,10.288104,10.762898,13.252321,14.13408,18.071753,16.672003,15.995695,16.418272,14.923408,18.166767,19.07196,22.98101,24.39967,25.001,22.416155,24.748835,23.92064,20.281439,19.922802,14.6424055,17.996304,14.177044,19.430777,17.967407,19.681438,18.143402,14.092455,13.509473,9.247235,8.753645,6.2848563,4.6578336,6.738855,7.6747975,11.467718,14.10072,17.704124,19.003056,17.9008,21.23128,17.950321,15.319527,14.92308,11.046411,14.203673,8.876203,13.074539,13.571082,14.33146,19.177238,19.1558,23.905005,23.69707,27.820723,25.563469,22.070047,23.42029,18.160265,21.701653,17.91387,19.25807,20.94341,18.34231,15.930971,18.634174,12.488287,15.633193,12.885033,16.234182
18,21.678032,19.696304,16.436499,15.987549,11.732183,8.86094,7.3801904,4.378517,7.145841,6.921038,12.419003,12.501505,15.320551,16.239607,12.338644,9.858787,4.927136,5.3540874,0.0,5.853586,6.0322523,10.5020275,11.583516,16.166037,15.357503,19.68029,15.330038,15.333212,11.384008,14.787692,11.6215515,18.20142,19.193642,23.949238,24.251804,26.013521,29.900278,30.447771,25.706324,23.874487,19.316565,18.522604,15.585315,14.006506,12.697861,11.447186,13.247146,12.434995,17.370834,16.52047,16.75352,17.77992,17.681837,21.161371,23.2494,26.700178,28.698378,29.516554,27.050598,29.66492,29.124355,25.508083,24.783148,19.454376,21.90835,17.575983,22.233631,19.796318,21.074924,18.738123,15.096994,12.940599,10.120635,6.984661,5.8073044,8.304144,9.375592,11.950661,14.8571005,17.998312,21.373549,22.995157,21.140059,24.78832,22.266409,19.33416,19.597652,15.892726,19.392122,14.009201,17.984972,17.74412,18.054123,22.506447,21.871428,26.756954,25.743114,30.157675,28.341398,24.708101,26.745771,21.780474,25.562374,22.477188,23.877178,25.70095,22.940598,20.418486,23.239233,16.798944,19.61678,16.613708,19.224407
19,17.140314,14.85936,11.457639,11.328136,6.819578,5.7347217,4.6443076,7.0421596,10.104278,12.002253,17.211058,18.046232,20.513311,20.965822,17.22324,13.89246,10.188228,7.615438,5.853586,0.0,5.9286537,5.496316,6.5089974,10.572684,9.892251,13.859858,9.823912,10.69909,7.824023,12.288751,11.174842,17.325,20.131388,24.818987,25.687624,28.055243,31.62528,32.718323,28.226498,25.979458,21.199444,20.828545,16.810602,16.056513,13.132117,12.382156,12.488913,11.310627,15.891472,16.717834,16.359999,18.777105,17.972876,21.806955,24.123117,26.905123,29.638863,29.394285,26.544495,28.75819,29.193981,24.980574,23.4993,19.037642,20.171566,15.883338,19.928766,17.541945,17.484747,15.507033,12.333635,9.430435,7.4772162,5.9998236,7.3635297,9.469739,12.565024,14.800123,18.426613,21.523312,24.980183,26.497114,25.441172,28.819761,25.485283,22.640272,22.018126,18.327574,20.224684,13.911195,16.627378,14.994891,14.651274,18.370472,17.550833,22.48607,20.809225,25.573448,24.433414,20.926517,23.30819,18.674437,22.143484,20.171448,21.44134,23.654104,21.263332,19.29603,23.493847,17.632956,21.436306,19.436882,22.613932
20,16.603426,15.409619,11.950896,12.569216,9.444558,5.5374913,8.056482,5.6514325,10.169346,11.188537,16.689495,17.21812,20.160234,21.683847,17.865269,15.292515,10.692078,10.340262,6.0322523,5.9286537,0.0,6.9083595,9.587029,13.066275,14.407181,17.966211,14.6592245,16.013302,13.246173,17.01858,15.678153,21.70191,24.091282,28.155518,29.350077,30.838255,34.951927,35.851906,31.264988,29.586428,24.87364,24.395447,21.041662,19.67819,17.665442,16.179369,16.731977,14.596378,19.81711,20.341812,20.722977,22.692783,22.673637,26.382782,28.681496,31.84249,34.181454,34.484585,31.755423,33.99776,33.820168,29.738628,28.79868,24.061226,25.843102,21.506176,25.667946,23.013502,23.070625,20.710543,17.732649,14.279115,12.96821,9.729592,10.648337,13.552305,15.336427,17.705065,20.834234,23.767117,27.251556,28.664467,26.54429,29.914335,27.396664,23.874403,24.074385,20.765738,23.361628,17.618856,20.968527,19.800344,20.122923,23.6125,23.317429,28.255947,26.299463,31.231165,30.306278,26.818047,29.224037,24.535395,27.837114,25.589832,26.296959,28.070284,25.01787,22.491869,25.879717,19.56253,22.569315,20.243448,22.532135
21,12.017967,10.424754,6.2264295,8.22851,5.4477725,5.390986,8.053878,10.585936,14.260642,16.53475,21.849949,22.828636,25.442661,26.227985,22.464684,19.145977,15.276201,12.930134,10.5020275,5.496316,6.9083595,0.0,4.389531,6.2264414,8.485691,11.323924,9.191746,11.843226,10.930357,15.276349,15.796839,21.13614,24.942217,29.133982,30.572947,32.857315,36.4694,37.82392,33.466785,31.233412,26.420525,26.16267,21.965437,21.234838,17.925161,16.945559,15.989428,13.775961,18.117105,20.22613,20.000116,23.171265,22.521065,26.430754,29.001083,31.363194,34.476562,33.739666,30.730545,32.61536,33.526127,29.006811,27.221712,23.457514,23.747124,19.664919,22.888107,20.368443,19.003963,17.145945,15.01747,11.137001,11.240475,9.970948,12.413937,14.831897,18.02582,20.246155,23.922466,26.956959,30.453384,31.884499,30.72645,33.966934,30.591318,27.439907,26.728313,23.305393,24.499586,18.113842,20.048481,17.525581,16.964077,19.386082,18.675062,23.390322,20.688547,25.822632,25.686495,22.46982,25.21951,21.183836,24.077896,23.189999,23.93217,26.153156,23.76719,22.028013,26.753338,21.24999,25.188107,23.71791,26.70808
22,14.629564,13.245661,8.716886,11.531182,8.484674,9.316621,10.218417,13.124505,16.570662,18.270506,23.613003,24.004526,26.676453,26.976847,23.18686,20.082785,16.032066,13.814566,11.583516,6.5089974,9.587029,4.389531,0.0,5.5152884,5.37614,10.315491,9.017555,11.729458,11.113037,16.005348,16.075966,21.692533,25.039875,30.045765,30.690489,33.674133,36.807552,37.949608,33.508842,30.672384,26.082924,25.134087,21.104418,19.757954,16.050753,14.774671,12.894438,10.390006,14.228073,17.023912,16.831041,20.55558,20.270273,24.186316,27.525513,29.223982,32.983875,32.15886,29.312654,31.561047,33.060257,28.739,26.334557,22.57216,21.849417,17.63174,20.100943,17.110353,15.54612,13.328558,11.766654,7.4140644,9.063842,8.151439,11.4253645,14.345011,17.55611,20.292063,23.714146,27.15122,30.381214,32.163326,31.487194,35.00141,31.51412,28.962498,28.085075,24.307617,25.670784,19.170097,20.83027,18.105036,16.579626,19.115993,16.981113,21.465021,18.696495,23.458435,23.20291,19.90497,23.098598,19.539642,22.934946,22.57106,24.234102,26.89954,25.169561,23.830818,28.78654,23.428995,27.532894,25.82287,29.079346
23,10.550036,9.287932,5.350577,9.200903,8.463318,10.897363,12.738221,16.601707,19.858494,22.383394,27.562727,28.573917,31.06408,31.427404,27.741112,24.244007,20.717724,17.827635,16.166037,10.572684,13.066275,6.2264414,5.5152884,0.0,5.6586905,6.718665,8.051215,11.854403,13.090261,17.253778,19.005985,23.458124,27.98017,32.24394,33.662136,36.54718,39.65755,41.248413,37.105946,34.427753,29.755026,29.45498,24.971323,24.468063,20.478113,19.758072,17.589243,15.37959,18.340199,21.777857,21.213709,25.226719,24.35288,28.205711,31.119116,32.603714,36.40333,34.872604,31.782772,33.39907,35.299576,30.631886,28.09035,25.310425,24.084835,20.478092,22.359577,19.966206,17.140764,15.862466,15.140773,11.381243,13.2373085,13.47658,16.537844,18.645008,22.309961,24.489609,28.244244,31.353237,34.714634,36.214912,35.69456,38.881763,35.06513,32.28318,31.05521,27.620955,27.936691,21.492285,22.21191,18.744892,17.22513,18.236137,16.755816,20.800407,17.185555,22.27119,23.120152,20.370378,23.505869,20.559982,22.952995,23.604557,24.500727,27.071407,25.47945,24.525898,30.011457,25.311522,29.654562,28.6791,31.982193
24,16.010479,13.9661255,10.575135,12.49929,9.993408,12.717459,12.304794,16.842722,19.430098,21.631374,26.531977,27.255697,29.525923,29.213343,25.683353,22.251331,19.169147,15.997902,15.357503,9.892251,14.407181,8.485691,5.37614,5.6586905,0.0,6.376384,6.452637,9.282202,10.460204,14.905437,16.06711,20.603683,24.540516,29.55556,30.144428,33.716908,36.280838,37.690247,33.569565,30.393896,25.987011,25.319958,20.90672,20.365055,16.06168,15.688503,13.067724,11.76116,13.738836,17.27247,16.263704,20.481186,19.387688,23.141388,26.353615,27.3627,31.532242,29.899458,26.951967,28.882622,31.210238,26.805328,23.772892,20.999695,19.012583,15.401953,16.824059,14.354192,11.542662,10.321993,9.767326,6.674146,9.043403,10.777253,13.781604,15.435586,19.22856,21.463037,25.03032,28.297132,31.37871,33.092815,33.23398,36.54736,32.511837,30.4538,28.948751,25.232927,25.613564,19.223227,19.683344,16.286383,13.838863,15.503814,12.506147,16.599718,13.514075,18.217146,18.349503,15.310628,18.688171,15.880688,18.95322,19.719873,21.687658,24.691793,23.798319,23.21986,28.762539,24.271687,28.760391,27.572437,31.242262
25,13.808182,11.157496,10.072002,10.691437,10.4249935,14.4872465,14.523319,19.955347,22.079624,25.231653,29.774702,31.345493,33.28125,33.00681,29.691505,25.779251,23.505781,19.561132,19.68029,13.859858,17.966211,11.323924,10.315491,6.718665,6.376384,0.0,5.576521,8.895265,12.238174,15.170371,18.37154,21.137445,26.46902,30.299776,31.953575,35.247997,37.779705,39.787125,36.144028,33.363823,28.899397,29.283508,24.367254,25.114126,20.778507,21.190014,18.88218,18.075825,19.63833,23.150875,21.696495,25.753939,23.753239,27.298454,29.510519,30.533203,34.350166,31.890673,28.64142,29.583761,32.179596,27.395357,24.459179,23.043537,20.941599,18.383715,19.47147,18.257084,14.520358,14.843254,14.666336,12.731805,14.056457,16.445568,18.980537,19.548973,23.758114,25.120043,29.078873,31.771475,35.014915,36.26362,36.60402,39.404015,34.968605,32.664993,30.711039,27.543055,26.555035,20.51837,19.763063,15.640075,13.508481,12.948691,11.593037,15.021634,11.084498,16.35563,17.845064,15.710704,18.481556,16.329138,17.702965,19.56327,20.278584,23.028679,22.348307,22.316391,28.354666,24.870129,29.550802,29.312912,33.03069
26,15.185001,11.668723,10.395614,8.893318,6.7055736,10.828323,9.500322,15.393715,16.926128,20.24855,24.488276,26.31259,28.024223,27.691414,24.497578,20.448765,18.70402,14.387115,15.330038,9.823912,14.6592245,9.191746,9.017555,8.051215,6.452637,5.576521,0.0,3.9283907,6.774484,9.893417,12.955058,16.049726,21.29544,25.11667,26.856878,29.9085,32.69389,34.664467,30.949211,28.450354,23.82262,24.57982,19.53505,20.767523,16.699177,17.536144,16.17345,16.045,18.318111,20.712425,19.104326,22.49168,20.079958,23.678993,25.292868,27.078306,30.284864,28.239851,24.915262,25.969616,27.841116,23.004759,20.595022,18.521341,17.666536,14.783176,17.29761,16.312487,13.908653,14.001885,12.317996,10.860617,10.292972,13.033812,14.816985,14.616709,18.929886,19.888184,23.986814,26.46396,29.813356,30.917759,31.164932,33.87632,29.45504,27.08882,25.165401,22.00271,21.17687,15.014954,14.709125,10.902778,9.3281145,10.50514,10.152157,14.747161,12.226603,17.54697,17.68382,14.934196,17.178232,13.574566,15.508659,15.802978,16.45708,19.116798,17.915981,17.456581,23.300333,19.472944,24.148232,23.791523,27.571522
27,18.57499,14.733913,13.900442,11.249804,8.537252,12.199994,9.238303,15.372715,15.860147,19.290903,22.876804,24.976013,26.254644,25.525196,22.667648,18.499397,17.793005,13.034967,15.333212,10.69909,16.013302,11.843226,11.729458,11.854403,9.282202,8.895265,3.9283907,0.0,4.4983106,6.3694744,9.999813,12.28385,17.72149,21.44345,23.187479,26.36031,28.95755,31.043358,27.517763,25.110321,20.55806,21.840078,16.626362,18.778873,14.914656,16.561062,15.828319,16.726007,18.650396,20.258247,18.241043,21.05059,17.917717,21.276655,22.133373,24.167309,26.95885,24.79446,21.388847,22.249983,23.969854,19.095797,16.831448,14.961539,14.5946665,12.147549,15.223753,15.050303,13.413457,14.048386,11.79681,11.73567,9.787469,13.416104,14.308926,12.794259,17.189531,17.440588,21.579693,23.694712,26.969408,27.889923,28.543047,31.02829,26.364773,24.326063,22.081064,19.04408,17.73751,11.831971,10.99634,7.1538105,5.504897,7.7602434,8.230991,13.06204,11.782368,16.711002,16.066242,13.281327,14.813742,10.561505,12.465076,12.020025,12.762723,15.530599,14.563423,14.334793,20.193699,16.80394,21.540892,21.380924,25.36367
28,19.9406,16.332981,14.742217,12.181678,8.153789,10.303295,6.003626,11.687315,11.8565855,14.9749365,18.573286,20.503448,21.835161,21.170515,18.207497,14.076235,13.377028,8.570631,11.384008,7.824023,13.246173,10.930357,11.113037,13.090261,10.460204,12.238174,6.774484,4.4983106,0.0,5.0400786,6.2217197,10.627523,14.970787,19.318121,20.632732,23.602777,26.576609,28.305624,24.39789,22.091524,17.318161,18.375706,13.288366,15.157054,11.710116,13.2837,13.494551,14.598971,17.254087,17.881706,16.124811,18.293081,15.414613,18.907593,19.785728,22.514933,24.935158,23.637783,20.403378,21.868944,22.738066,18.115482,16.43046,13.069193,14.14912,10.878744,15.225049,14.561937,14.354591,14.112898,10.803238,10.692941,7.233112,10.354397,10.443387,8.561221,12.91327,13.251031,17.443178,19.718998,23.112724,24.15697,24.447165,27.175373,22.775776,20.624193,18.753244,15.3523035,15.1952095,8.788436,9.739291,7.441653,6.9194045,11.130405,11.263903,16.182657,15.537083,20.06238,18.56513,15.344915,16.807966,11.794814,14.694263,12.533676,13.735531,16.229181,14.575924,13.474957,18.578238,14.134458,18.683363,17.818409,21.778444
29,22.690811,18.63546,18.241581,14.298057,11.262791,13.45465,9.011243,14.190437,12.814542,16.421078,18.691563,21.473997,22.008478,21.022158,18.778605,14.479294,15.658514,10.667084,14.787692,12.288751,17.01858,15.276349,16.005348,17.253778,14.905437,15.170371,9.893417,6.3694744,5.0400786,0.0,5.704662,6.3312798,12.246378,15.237888,17.583067,20.208612,23.127478,25.397562,22.066505,20.409584,15.780655,18.334145,13.111172,16.78545,14.0650835,16.555414,17.39032,19.180851,21.371185,21.434067,19.306433,20.696436,16.884592,19.750908,18.948051,22.140865,23.543066,21.838274,18.416227,18.961498,19.329014,14.417985,13.559834,11.280757,13.616149,11.809568,16.33054,16.995718,17.066921,17.688396,14.493465,15.377926,11.63318,14.939736,14.213848,10.792408,14.693219,13.4287,17.63225,18.842882,22.194925,22.59107,23.350677,25.351292,20.509853,18.499384,15.963381,13.344122,11.396555,5.809616,4.9640565,2.966661,5.1267424,9.208082,11.656265,15.971311,16.349516,20.438421,18.730995,16.068413,16.284998,11.122646,12.697179,9.437157,9.299877,11.384347,9.587757,8.786044,14.184884,10.975617,15.660569,15.796762,19.908304
30,25.459946,21.851603,20.337387,17.351624,13.272101,13.913723,8.793235,12.084116,10.168052,12.512062,14.56015,16.656204,17.215128,15.890856,13.554094,9.491359,11.107361,6.6159353,11.6215515,11.174842,15.678153,15.796839,16.075966,19.005985,16.06711,18.37154,12.955058,9.999813,6.2217197,5.704662,0.0,6.9202614,9.158431,14.164146,14.821973,17.744585,20.81349,22.29697,18.259464,16.257465,11.365539,13.194965,8.180121,11.5168,9.618371,12.192079,14.158472,16.444653,18.844917,17.688217,15.842221,16.282999,12.8427515,15.71274,15.229941,19.05318,20.286709,19.824507,16.839798,18.590412,18.200253,14.090478,13.544223,8.924308,12.664848,9.914443,15.378023,15.407146,17.043024,16.807243,12.926406,14.165723,9.522347,12.126123,10.2106,5.743504,9.154736,7.8103065,12.034863,13.736607,17.128185,17.989449,18.592611,21.208437,16.697235,15.079535,13.1061,9.443735,10.115697,4.256869,7.1619267,8.0629,8.895874,14.012573,14.556653,18.896376,19.639116,23.262573,20.667948,17.520721,18.012,12.604206,15.687077,11.397986,12.9911995,14.930662,13.180285,11.666221,15.213296,10.688936,14.6685095,13.292396,17.419346
31,28.860296,24.760036,24.491053,20.338312,17.331228,18.81864,14.015466,17.740614,14.931562,17.807125,18.236708,21.243628,20.754124,18.965454,17.850105,14.089602,17.340322,13.064451,18.20142,17.325,21.70191,21.13614,21.692533,23.458124,20.603683,21.137445,16.049726,12.28385,10.627523,6.3312798,6.9202614,0.0,7.052403,9.220378,11.702334,14.422722,16.954395,19.498367,16.719406,15.659633,11.578217,15.642483,11.03333,16.36635,14.993128,18.287556,20.043152,22.784899,24.379879,23.289772,20.927248,20.981646,16.489897,18.29172,15.464412,19.339966,19.242838,17.701622,14.444626,14.456271,13.56472,8.825394,9.683872,7.980816,12.603732,12.39478,17.042215,18.786608,20.069769,21.048355,17.754446,19.79324,15.540769,18.859951,17.096571,12.396979,15.044859,12.13684,15.605235,15.5285425,18.435669,18.23159,19.92811,21.218336,15.9806795,15.045138,11.765265,10.002024,6.377258,4.7331,2.0546572,6.0213046,8.499675,12.211194,14.867631,18.097944,19.944048,22.874203,20.241255,18.021008,16.96734,12.0608835,13.037754,7.6761813,7.453285,8.572562,7.504971,7.2453923,10.726417,9.457898,13.219041,13.782888,17.886566
32,34.26141,30.432627,29.376383,25.866407,22.170748,22.670513,17.631344,19.607481,16.246239,17.401234,16.408503,18.553915,17.343414,14.520937,14.493812,12.11487,16.608078,13.934267,19.193642,20.131388,24.091282,24.942217,25.039875,27.98017,24.540516,26.46902,21.29544,17.72149,14.970787,12.246378,9.158431,7.052403,0.0,7.315448,5.6892643,9.727828,11.808052,13.373293,9.938008,8.721471,4.9027987,10.041404,7.2409024,13.072367,13.665633,17.105947,19.905636,23.31129,24.513784,21.979391,19.838312,18.251225,13.992816,14.643724,10.4350605,15.409717,13.87882,14.1001,11.787339,13.085593,10.396333,7.9356666,10.012562,6.3490424,12.87473,12.9057045,17.617876,19.28219,22.15795,22.654964,19.161991,21.838024,17.313976,19.98033,17.254845,12.208084,12.806225,8.917383,10.705329,9.6772375,11.889863,11.722062,14.46977,15.873502,10.697911,11.762143,8.799881,6.8625793,6.3909516,8.166724,9.050858,12.71403,14.051605,18.368465,19.436813,22.310514,24.73084,26.897545,23.321611,20.961773,19.81581,15.288523,17.326767,11.609615,13.287125,14.041378,13.564032,12.907442,13.385705,11.965486,13.87422,13.044151,16.690422
33,36.845413,32.78957,32.75753,28.22918,25.385357,25.930576,21.312534,23.143867,19.121635,20.936478,18.712828,22.002132,20.012577,17.753084,18.595228,16.322872,21.466372,18.690508,23.949238,24.818987,28.155518,29.133982,30.045765,32.24394,29.55556,30.299776,25.11667,21.44345,19.318121,15.237888,14.164146,9.220378,7.315448,0.0,6.5557766,6.1165986,9.066125,12.321255,11.202893,12.973114,11.041848,16.673931,14.510655,20.17672,20.760973,24.072664,26.830921,29.930305,31.482687,29.189568,27.048443,25.55605,21.27067,21.697086,16.60041,21.330238,18.387697,18.118837,16.02392,15.196674,10.823786,9.016132,13.292888,12.56681,18.585445,19.378534,23.785416,25.936705,28.192492,29.078447,25.64566,27.970749,23.399841,25.96175,23.317537,18.348452,19.051624,14.789108,16.368229,13.810501,15.625756,13.804878,16.191156,15.565892,10.464098,11.179763,7.5288415,9.300805,4.8765583,11.023692,10.60157,14.914822,17.580526,20.623514,23.549614,26.007961,28.568348,30.751534,27.64022,25.85518,23.998209,19.842999,20.175297,14.561624,13.564607,12.3684635,11.490842,11.04343,8.587355,10.8314085,11.123592,12.459068,15.290138
34,39.757526,35.86951,34.99168,31.27855,27.725994,28.086514,23.124693,24.576988,20.840837,21.494562,19.228067,21.227736,19.175928,15.922757,17.220232,15.966906,21.063734,19.102978,24.251804,25.687624,29.350077,30.572947,30.690489,33.662136,30.144428,31.953575,26.856878,23.187479,20.632732,17.583067,14.821973,11.702334,5.6892643,6.5557766,0.0,5.905795,6.2520213,7.8925343,5.7736983,6.66996,6.533588,11.860901,11.401578,16.743616,18.2765,21.659166,24.678917,28.321348,29.146732,26.104418,24.016693,21.623755,17.565836,17.021225,11.230396,16.130562,12.38137,13.404346,12.211763,12.811391,7.9778824,8.470624,12.093941,10.393094,16.408709,17.467974,21.44627,23.59169,26.820372,27.51434,24.227667,27.212902,22.767504,25.290216,22.349018,17.42765,17.131943,13.036672,13.176756,10.506005,11.104417,9.812936,13.889024,13.971667,9.172711,12.303182,9.568701,9.81694,9.035393,13.337778,13.66712,17.620913,19.084745,22.852686,24.133055,26.328136,29.302597,30.82786,26.983519,25.078756,23.309275,19.521126,20.904364,15.310082,16.574697,16.496656,16.594984,16.317816,14.897426,15.311253,15.705826,15.2837105,18.029745
35,41.418545,37.560593,37.08796,32.888832,29.685808,29.534103,24.957026,25.539831,21.276638,21.883251,18.392305,21.035088,18.306099,15.654138,17.734356,16.907703,22.54855,21.037842,26.013521,28.055243,30.838255,32.857315,33.674133,36.54718,33.716908,35.247997,29.9085,26.36031,23.602777,20.208612,17.744585,14.422722,9.727828,6.1165986,5.905795,0.0,5.3435645,7.47937,7.0209093,10.912319,10.843772,16.036407,15.829412,20.742569,22.566559,25.590878,28.937782,32.173836,33.695427,30.556942,28.759758,26.286268,22.634012,22.347874,16.84145,21.883173,17.689182,19.061953,17.984116,17.903109,12.45945,12.905204,17.186125,15.613354,21.903816,22.547264,26.938528,28.820648,31.85176,32.339417,28.776564,31.191906,26.522236,28.447353,25.311308,20.551779,19.917725,15.515735,15.477182,11.725325,12.320705,9.604679,12.453402,10.778234,6.543356,9.600815,7.410902,10.151017,9.2654085,15.181784,16.029102,20.371029,22.725252,26.27122,28.501667,30.982792,33.677006,35.639866,32.106678,30.172964,28.42222,24.355568,25.308607,19.59709,19.449873,18.416838,17.525036,16.642853,13.050014,14.443349,13.060113,13.236062,14.863766
