,0,1,2,3,4,5,6,7,8,9,10,11,12,13,14,15,16,17,18,19,20,21,22,23,24,25,26,27,28,29,30,31,32,33,34,35,36,37,38,39,40,41,42,43,44,45,46,47,48,49,50,51,52,53,54,55,56,57,58,59,60,61,62,63,64,65,66,67,68,69,70,71,72,73,74,75,76,77,78,79,80,81,82,83,84,85,86,87,88,89,90,91,92,93,94,95,96,97,98,99,100,101,102,103,104,105,106,107,108,109,110,111,112,113,114,115,116,117,118,119,120,121,122,123,124,125,126,127,128,129,130,131,132,133,134,135,136,137,138,139,140,141,142,143,144,145,146,147,148,149,150,151,152,153,154,155,156,157,158,159,160,161,162,163,164,165,166,167,168,169,170,171,172,173,174,175,176,177,178,179,180,181,182,183,184,185,186,187,188,189,190,191,192,193,194,195,196,197,198,199,200,201,202,203,204,205,206,207,208,209,210,211,212,213
0,0.0,3.6999874,7.6371307,10.0274315,11.887017,13.187839,16.865042,21.092415,22.781315,26.790766,29.8705,32.04112,35.75322,39.04587,35.97504,32.18004,30.498224,29.173336,24.187174,24.305944,18.893173,18.024364,16.710104,14.007388,16.241482,16.940722,21.561779,22.183079,25.664421,23.707512,29.378906,27.143757,33.375698,35.402805,38.070198,41.200695,42.815853,46.048923,44.97368,41.03089,39.094555,39.61357,35.584282,39.110794,35.59096,38.47534,36.550472,39.209454,37.066845,38.503765,35.396156,37.359795,33.381756,32.702248,34.369293,29.205748,33.99015,29.45131,28.652475,28.967653,34.55941,32.380585,27.883194,30.882172,25.766064,28.541256,25.841736,28.983557,26.729788,30.64493,31.669987,34.34687,33.223656,37.938446,38.90703,36.273914,40.272713,39.202763,42.44946,43.92443,46.138496,47.10836,48.587116,50.98021,46.08039,44.244514,41.214787,38.86626,36.54138,33.203163,30.264818,28.303946,29.212992,25.624424,27.267065,24.422401,26.03346,25.706953,29.003557,30.680252,31.278698,36.79257,36.954514,40.628452,43.55618,44.185863,46.071,43.585045,39.50362,37.375294,34.192745,31.741545,29.051376,26.14528,26.32185,26.88721,30.435379,32.22177,33.672863,32.870277,37.650387,38.266563,43.516277,43.69539,46.388527,49.37088,52.336304,55.25922,55.415012,53.868793,51.70722,49.577755,49.233402,46.2279,49.130512,44.363148,50.28121,46.007553,50.71552,53.203114,55.27539,56.194798,52.52349,56.87196,52.685165,56.57684,55.05563,56.722126,57.88085,58.17979,61.911156,62.618134,61.08753,62.57451,59.318096,62.10839,59.473747,61.84862,63.358635,60.04206,56.592064,54.230423,54.98751,50.170742,51.068542,52.81186,54.485867,53.90551,57.31216,57.7045,56.21783,56.988583,54.116993,53.442284,50.812065,51.85306,51.819588,49.61759,52.30177,50.086502,53.543552,51.869358,54.598694,52.64369,49.70967,48.121777,46.679867,45.295376,42.299797,44.26888,40.068623,43.471077,42.116882,42.27909,45.726868,43.23411,48.854275,49.5948,48.9225,45.0313,46.260727,44.339462,47.814503,43.82245,44.458626,44.811222,43.267006,44.815903,45.25966,45.315376,44.477005,48.072784,46.995434,51.288086
1,3.6999874,0.0,4.36325,7.2235413,10.124691,12.307624,16.518854,19.829098,22.119356,25.761402,29.110117,30.887543,34.471275,37.633633,34.320457,30.463503,28.317986,27.03956,21.84468,21.96566,16.456215,15.811958,15.367693,12.607603,15.817286,16.39541,20.911814,21.435856,24.475132,22.627611,28.215384,25.985325,32.53795,34.232227,37.38893,40.08141,42.078087,45.395695,44.484207,40.6844,38.39659,39.16952,34.797157,38.480858,34.827484,37.694637,35.844883,38.321354,36.65692,38.22585,35.135555,37.297768,33.19727,32.9281,34.340073,29.772144,34.631134,30.021595,28.7956,29.038721,34.398228,31.746471,27.350237,30.383415,25.43856,27.897268,25.618526,28.192965,26.18498,30.06242,30.740356,33.11244,31.706646,36.336617,37.538513,34.896973,39.03597,37.93558,41.4122,42.856377,45.29955,46.17794,47.312725,49.649185,44.825985,42.707565,39.64329,37.300575,34.71072,31.366753,28.215843,26.17028,27.105516,23.169975,25.10222,22.690565,23.653362,23.084436,26.41567,28.045206,29.133446,34.50317,34.956936,38.71619,41.401493,42.43057,44.11715,41.712624,37.706547,35.18031,31.858156,29.333977,26.216974,23.270958,23.092466,23.4729,27.10898,29.128084,30.792255,30.235264,34.84824,35.827377,40.901585,41.147858,43.987427,46.778934,49.77144,52.52134,52.54345,51.05795,48.788887,46.88681,46.433937,43.76904,46.747036,42.357853,48.248184,44.183838,49.04868,51.501194,53.29581,53.987724,50.150276,54.296047,50.00134,53.743385,52.078068,53.63792,54.691387,54.864685,58.63719,59.478447,58.00256,59.63252,56.484737,59.38289,56.918674,59.358383,61.082096,57.855053,54.357586,52.241383,53.038555,48.109657,48.825256,50.34175,51.89008,51.085968,54.45729,54.67576,53.10931,53.77512,50.931667,50.105473,47.583786,48.52286,48.604004,46.577927,49.335102,47.30351,50.854744,49.39696,52.257713,50.455917,47.367405,46.017773,44.61851,42.92244,39.962696,41.626137,37.537853,40.595444,39.3123,39.26507,42.692905,40.230103,45.794754,46.69001,45.893837,41.98599,43.06316,41.105896,44.588997,40.45442,41.212776,41.386852,39.76297,41.41922,41.96254,42.12157,41.45182,45.1062,44.247456,48.551792
2,7.6371307,4.36325,0.0,4.6920347,8.030856,11.513051,15.717207,17.802538,20.412403,23.707693,26.946875,28.170689,31.619623,34.663322,31.15368,27.432035,24.833841,24.037455,18.542894,19.26833,13.532433,14.233223,14.750424,13.021583,16.767078,18.07099,21.939716,21.927267,24.32735,22.10319,27.547459,24.718018,31.500029,32.35131,36.120667,38.282166,40.4851,43.995907,43.495403,40.0225,37.533607,38.892574,34.300446,38.383102,34.87818,37.883083,36.39386,38.866936,37.76844,39.12035,36.012707,38.045967,33.674236,33.65909,34.45083,30.44673,35.00043,30.150276,28.52985,28.279451,33.410774,30.446938,26.391726,29.841217,25.448692,27.927567,26.468817,28.685259,27.293777,31.076067,31.179197,33.426502,31.425417,36.033813,37.297028,34.357212,38.513523,37.088943,40.723473,41.85386,44.447918,45.05807,45.980686,48.044415,43.18427,40.99294,37.732826,35.742912,32.622746,29.778894,26.186308,24.507202,25.885403,21.754267,24.579025,22.99556,23.21544,21.967413,25.33961,26.4285,28.279224,33.22503,33.77412,37.677147,39.91055,41.096714,42.44567,39.94324,36.190395,33.029293,29.851688,26.927742,23.698502,20.30794,19.829117,19.824081,23.287502,25.433338,27.310192,27.239769,31.892412,33.196526,38.089424,38.60282,41.69198,44.486694,47.24669,50.05617,49.710808,48.113476,45.597813,43.870525,43.046055,40.747448,43.440346,39.37549,45.07161,41.06258,46.065014,48.34878,49.917103,50.560635,46.6174,50.62724,46.390064,49.948265,48.35291,49.78363,50.927055,51.0106,54.9351,55.693924,54.330055,55.91796,52.939884,55.93712,53.48633,56.240734,57.96182,54.97888,51.44386,49.57774,50.12016,45.19485,45.95006,47.100204,48.81153,47.755592,51.30187,51.336716,49.92259,50.391296,47.411316,46.484344,43.867287,44.62064,44.636887,42.7175,45.362957,43.42118,46.935635,45.555656,48.451496,46.722122,43.448784,42.191845,41.000095,39.13601,36.33287,37.868454,34.04757,36.97841,35.999985,35.98177,39.50788,37.38349,42.985043,44.147987,43.362713,39.383926,40.2543,38.013046,41.33132,36.95772,37.502964,37.574673,35.879486,37.364254,37.95561,37.897316,37.40794,40.95669,40.17895,44.452137
3,10.0274315,7.2235413,4.6920347,0.0,4.3215857,7.690492,12.099089,13.663797,16.745123,19.705343,23.447897,24.842829,28.218634,31.203903,27.729073,23.725262,21.391613,19.923952,14.723226,14.8607025,9.2652855,9.663091,10.32141,9.488787,13.248453,15.4215765,18.462013,17.966045,20.039343,17.598698,22.973051,20.101768,26.933273,27.904783,31.68669,33.78698,36.152996,39.595364,39.03983,35.5961,32.968433,34.422573,29.748402,33.94548,30.54391,33.639885,32.408092,35.006454,34.1749,35.23653,32.11902,34.014503,29.520891,29.693731,30.219221,26.69294,31.231886,26.477278,24.566685,24.507832,29.37158,26.135082,22.078728,25.405617,21.19871,23.595194,22.617037,24.705492,23.811487,27.499811,27.233583,29.621319,27.280735,31.97666,33.07716,29.920534,34.0226,32.470234,36.112293,37.187252,39.81573,40.41212,41.289677,43.37274,38.543957,36.318634,33.095646,31.055754,28.006037,25.133871,21.571587,19.971699,21.55433,17.686281,20.994915,19.792198,20.21805,18.545052,21.940609,22.561815,24.321535,29.133787,29.409542,33.34112,35.554047,36.51122,37.87849,35.31926,31.563417,28.504786,25.417166,22.500227,19.66785,16.323067,16.507875,17.214514,20.616098,22.210798,23.674109,23.111856,27.890532,28.85398,33.914074,34.335976,37.32209,40.30191,43.01738,46.021343,45.810047,44.15696,41.8229,39.829052,39.29173,36.598988,39.531136,35.259274,41.149426,37.247166,42.185947,44.678085,46.321102,46.86222,42.996887,47.144638,42.82662,46.668694,45.04808,46.738113,47.884045,48.28342,51.95615,52.61002,51.061024,52.57505,49.348618,52.203613,49.70097,52.175823,53.883545,50.72073,47.208675,45.201485,45.951904,40.985832,41.68716,43.123207,44.75327,43.975346,47.45785,47.756893,46.394005,47.097897,44.144825,43.563766,40.833027,42.003,41.930813,39.648594,42.44285,40.290226,43.88503,42.44638,45.36215,43.63431,40.681454,39.526825,37.834133,36.010345,32.925552,34.53637,30.340084,33.484108,32.184216,32.340797,35.858524,33.64088,39.352646,40.31705,39.754734,35.77007,36.89778,34.690456,38.01527,34.040104,34.495945,35.074223,33.765663,35.239143,35.475998,35.870964,34.687057,38.485504,37.49836,41.854675
4,11.887017,10.124691,8.030856,4.3215857,0.0,4.4069133,8.140814,9.856149,12.534306,15.796745,19.337698,21.025896,24.538418,27.662786,24.41953,20.44675,18.773823,17.335386,12.437969,13.023134,7.541596,9.124827,8.777969,10.078716,12.5260315,16.283648,18.373285,17.10037,19.065603,15.682068,21.088278,17.252707,23.90574,24.52718,28.203743,30.482777,32.498203,36.030376,35.649998,32.334267,29.998102,31.813711,27.412794,31.941555,29.024403,32.40074,31.623615,34.626976,33.778324,34.1824,30.990402,32.29625,27.559622,27.429583,27.432188,23.81685,27.874466,22.876701,20.96463,20.473433,25.446745,22.460993,18.537697,22.416824,18.664225,21.741339,21.328512,23.97423,23.664751,27.271969,26.730064,29.61689,26.90605,31.785727,32.425014,28.78114,32.611794,30.620481,34.04022,34.745384,37.16654,37.591465,38.842827,40.716988,35.676205,33.885345,30.479818,28.84042,25.6834,23.45451,19.791882,18.942778,21.150444,18.023773,21.949087,21.02065,21.971497,19.895752,23.206917,23.064632,24.626736,29.117884,28.759727,32.703545,34.831753,35.05256,36.40873,33.52533,29.924702,26.960285,24.429878,21.187414,19.5127,15.841183,16.950914,18.033121,20.848463,21.665632,22.59763,21.75976,26.998594,27.347713,32.642952,33.19157,36.107346,39.57217,41.92258,45.43697,45.13847,43.211452,40.923195,38.526543,37.947628,34.7564,37.339043,32.53753,38.402367,34.191925,38.980366,41.49139,43.459957,44.32134,40.701607,45.176544,41.09412,45.184826,43.917328,45.818092,47.26404,47.98954,51.581783,51.823418,50.192253,51.335125,47.95273,50.620537,47.77664,50.320595,51.60893,48.448593,44.993702,42.715046,43.212196,38.428394,39.512012,41.141415,43.16252,42.70372,46.406982,46.988678,45.991493,46.808468,43.68283,43.491985,40.397793,41.79811,41.376743,38.661438,41.25797,38.71989,42.125755,40.31424,43.02735,41.083294,38.42382,36.972057,35.096825,33.72861,30.564796,32.714733,28.366983,32.221394,30.942646,31.684153,35.317772,33.399017,39.273968,40.118347,39.942493,35.94404,37.273914,34.864956,37.953217,34.27582,34.184696,35.30139,34.316555,35.362137,35.23878,35.4544,33.714108,37.40134,35.939423,40.274837
5,13.187839,12.307624,11.513051,7.690492,4.4069133,0.0,4.6829042,8.288197,10.564281,14.02691,17.970684,20.51467,24.052973,27.22547,24.38867,20.220976,19.56111,17.180698,13.410935,12.890095,8.78125,8.434088,6.0007296,8.462696,9.237379,14.087344,15.430603,13.798007,16.113194,12.40428,17.975178,14.318697,20.661314,22.215706,25.144651,28.030771,29.806618,33.11458,32.3362,28.741613,26.619318,28.075186,23.932756,28.330795,25.564846,29.026787,28.326183,31.617496,30.465628,30.527603,27.293386,28.329891,23.588547,23.207634,23.355753,19.456663,23.672016,18.808477,17.026316,17.1148,22.206955,19.444237,15.116472,18.707329,14.632578,18.069628,17.528095,20.750774,20.57911,24.145327,23.702751,27.043293,24.472847,29.490896,29.745224,26.011276,29.654207,27.69066,30.859922,31.677586,33.88947,34.50147,36.083595,38.15478,33.102833,31.544062,28.318258,26.444061,23.905434,21.413023,18.308996,17.466042,19.578747,17.273293,20.829668,19.589958,21.504873,19.64096,22.798784,22.548243,23.2119,27.80368,26.899218,30.695972,33.18623,32.790924,34.476826,31.539238,27.771166,25.617882,23.27756,20.426859,19.652771,16.579775,18.582827,20.412382,23.08501,23.24951,23.529703,21.811766,27.079348,26.64179,32.21434,32.477222,35.017567,38.745106,41.12803,44.86437,44.95555,43.02124,41.116726,38.28305,38.235554,34.31811,37.183838,31.815935,37.91391,33.68426,38.17258,40.97237,43.290276,44.21932,40.874126,45.60982,41.54636,46.00889,44.783134,46.999096,48.439434,49.520546,52.773987,52.898514,51.044994,52.056103,48.349026,50.752026,47.78053,49.850822,50.984547,47.499676,44.143135,41.452835,42.24967,37.546387,38.673653,40.89478,42.814503,42.88018,46.414253,47.41376,46.439266,47.602116,44.59368,44.818367,41.672726,43.529453,43.021275,39.910774,42.60324,39.782227,43.165825,41.16422,43.75953,41.71301,39.55849,38.028316,35.610474,34.592438,31.142406,33.5754,28.78465,33.022682,31.281693,32.27634,35.781754,33.62247,39.50133,39.930393,40.01904,36.125404,37.844597,35.678944,38.797256,35.71423,35.605766,37.2334,36.624058,37.68458,37.230026,37.841946,35.43286,39.263615,37.503067,41.837204
6,16.865042,16.518854,15.717207,12.099089,8.140814,4.6829042,0.0,6.1378946,6.6709714,10.609391,14.16365,17.362034,20.94876,24.214884,21.88484,17.92477,18.41875,16.057812,13.454869,13.268954,10.608942,11.112898,8.143777,12.063258,11.168913,16.907188,17.051783,14.651074,16.591446,12.001972,17.042816,12.2782755,17.85968,19.087185,21.589146,24.833406,26.035053,29.388342,28.774317,25.33688,23.712593,25.576462,21.978214,26.667315,24.64829,28.35189,28.23806,31.920387,30.762741,30.004852,26.780392,26.993006,22.08264,21.244505,20.64061,16.651804,20.042627,14.850241,13.121126,12.61125,17.934511,15.698917,11.578307,15.911028,12.750588,17.064857,17.339458,21.107897,21.658195,24.912558,24.177334,27.966476,25.10935,30.13285,29.822361,25.642405,28.798891,26.351763,29.109337,29.448584,31.315443,31.72614,33.82069,35.630817,30.38015,29.45305,26.10467,24.76549,22.303843,20.714718,17.807669,17.94612,20.56749,19.279171,23.139277,22.236675,24.505987,22.398888,25.301092,24.345194,24.725452,28.774218,27.1677,30.823467,33.18009,31.878515,33.551384,30.296524,26.809732,24.975456,23.42176,20.437859,21.045378,17.990494,20.692776,22.732904,24.766317,24.163427,23.827631,21.803408,27.28773,26.091974,31.76534,32.125515,34.47422,38.678513,40.620895,44.866764,44.901176,42.707,40.926113,37.668205,37.64087,33.169018,35.611897,29.649878,35.62885,31.108192,35.27489,38.1112,40.840694,42.13535,39.163326,44.222088,40.485657,45.18727,44.358154,46.79247,48.51856,49.947166,53.04872,52.74003,50.801613,51.39828,47.536366,49.675808,46.353367,48.41366,49.04498,45.557182,42.322876,39.293972,39.82707,35.42677,36.988953,39.47548,41.784473,42.25952,45.95429,47.280594,46.701385,47.993706,44.8663,45.515636,42.057327,44.1513,43.29801,39.767487,42.214508,39.010307,42.125042,39.730164,42.040257,39.771706,38.06212,36.224777,33.559914,33.142258,29.65566,32.658367,27.791508,32.712086,30.990314,32.595234,36.10946,34.29071,40.196053,40.459206,40.961353,37.145126,39.05329,36.756237,39.573467,36.89566,36.258347,38.408764,38.14003,38.782368,37.967228,38.42985,35.462322,39.105274,36.860344,41.079384
7,21.092415,19.829098,17.802538,13.663797,9.856149,8.288197,6.1378946,0.0,4.49114,6.0966034,10.622506,12.840572,16.109259,19.13581,16.417135,12.161113,12.509615,9.965095,8.038442,8.375927,7.5622554,10.222129,9.4310255,14.385452,14.412541,19.868732,19.106562,16.151932,16.466982,11.637649,15.58087,9.565832,15.519878,14.8761835,18.86431,20.876816,22.76217,26.433712,26.539087,23.806526,21.60533,24.58803,20.582449,25.846708,24.163626,27.914812,28.443817,31.921053,31.80525,30.800407,27.74004,27.836834,22.76996,22.702644,20.933332,18.907969,21.52215,16.594963,13.868205,12.52241,16.503302,13.121061,10.141541,14.999811,13.648095,17.216106,19.171925,21.719769,23.298042,26.118557,24.427729,27.777784,24.031221,28.789873,28.536573,23.955511,27.002151,24.007807,27.01712,26.787666,28.979496,28.912245,30.503048,31.874369,26.595236,25.451872,21.750126,21.057974,17.604979,17.1346,13.471686,14.730534,18.218992,17.213364,22.23757,22.675755,23.934792,20.986948,23.62477,21.611374,22.944668,26.00689,24.389507,28.159283,29.72581,28.55446,29.653112,26.217447,23.22263,20.382025,19.336086,15.690833,17.008755,13.60886,16.712017,18.81483,20.081882,18.832136,18.146969,16.299927,21.960081,20.83085,26.357735,27.072844,29.707884,34.0322,35.575275,40.015564,39.62262,37.239025,35.255367,32.034275,31.695066,27.394476,29.612719,23.883934,29.844528,25.461405,29.898968,32.702522,35.12873,36.23047,33.12032,38.116497,34.37091,39.055046,38.297718,40.754223,42.585716,44.12224,47.204353,46.72829,44.809998,45.309616,41.495964,43.677437,40.344357,42.649803,43.31583,40.03009,36.722763,33.971275,34.300407,29.789558,31.373981,33.54928,36.042316,36.37116,40.25898,41.519485,41.18934,42.377937,39.118668,39.902134,36.267906,38.430836,37.425163,33.756092,36.153633,32.89732,36.02925,33.703503,36.10611,33.954216,32.257122,30.678642,27.808638,27.164204,23.595701,26.535824,21.66504,26.703522,25.149485,27.032312,30.628382,29.286282,35.217133,35.697872,36.378273,32.548935,34.332275,31.728409,34.23934,31.66202,30.623547,33.062008,33.058086,33.420444,32.360332,32.91303,29.580938,33.241543,30.924517,35.14369
8,22.781315,22.119356,20.412403,16.745123,12.534306,10.564281,6.6709714,4.49114,0.0,4.6961536,7.510936,10.854524,14.409992,17.7154,15.746535,12.192506,13.94113,12.329164,11.402802,12.488834,11.8317585,14.434474,12.773397,17.640583,16.805407,22.6585,21.758747,18.669653,19.260654,14.16684,17.672752,11.2013645,15.647712,14.460362,17.697525,20.249243,21.110401,24.878263,25.239683,22.714941,21.349888,24.598225,21.415644,26.713844,25.711641,29.57846,30.410097,34.198532,33.760666,32.19204,29.146885,28.543667,23.50065,22.764326,20.524311,17.997906,19.570028,14.308477,12.042222,9.377536,13.883589,11.701768,9.38192,14.997954,14.457241,18.77612,20.795723,24.043814,25.722603,28.44253,26.88297,30.618109,26.981413,31.72513,31.031746,26.2747,28.84428,25.560522,28.026625,27.352097,29.041967,28.776178,31.040419,32.098133,26.622341,26.329315,22.560251,22.515133,19.311113,19.735071,16.530159,18.34008,21.856037,21.369959,26.168024,26.35541,28.058853,25.250086,27.817682,25.70174,26.660717,29.524744,27.435911,30.996237,32.550896,30.577898,31.707706,28.037292,25.354597,22.982296,22.613554,19.052874,21.144098,17.823765,20.974316,22.898384,23.809185,22.263151,21.294481,19.512756,25.155796,23.473036,28.909834,29.73769,32.16051,36.827152,37.956814,42.78779,42.31216,39.7087,37.78909,34.273605,33.805325,29.14469,30.65973,24.359005,29.952364,25.08561,29.10744,31.792364,34.743958,36.42162,33.75856,39.060436,35.791817,40.56599,40.297337,42.84303,44.991314,46.73015,49.77947,48.88262,46.976383,47.039753,43.201714,45.145164,41.429535,43.876335,43.92649,40.757496,37.611607,34.534447,34.380875,30.334265,32.494434,34.80268,37.78811,38.431942,42.504475,43.98181,44.03648,45.244583,41.8621,42.903076,39.014423,41.19213,39.86248,35.9488,37.958218,34.384514,37.118282,34.325993,36.334442,33.874504,32.531128,30.43696,27.621964,27.777452,24.401953,28.010324,23.378838,29.015894,27.701132,30.08807,33.662334,32.67412,38.538082,38.92304,39.879383,36.143967,37.99531,35.291634,37.522797,35.141586,33.647213,36.32279,36.438587,36.39323,35.163036,35.27038,31.751568,35.021687,32.251865,36.270664
9,26.790766,25.761402,23.707693,19.705343,15.796745,14.02691,10.609391,6.0966034,4.6961536,0.0,5.4686403,8.298791,11.167303,14.108243,12.278031,8.539405,11.367995,9.201114,10.526777,11.275991,12.7937,15.503075,14.6476345,19.892864,19.073906,24.761948,23.00834,19.580893,19.093277,14.168916,16.291594,9.439333,12.975186,10.195992,14.362553,16.04562,17.346228,21.26588,22.09328,20.153399,18.485043,22.527859,19.359432,24.89953,24.395212,28.217613,29.622158,33.298397,33.53285,31.607204,28.76812,27.900627,22.91569,22.674263,19.56006,18.703348,19.588594,15.005902,12.130609,9.365654,11.90238,8.793632,8.122148,13.535594,14.671712,18.289635,21.461487,23.925076,26.377033,28.627172,26.447334,29.93955,25.825312,30.229855,29.362646,24.377306,26.582062,22.893019,25.285389,24.103561,25.88148,25.26026,27.29496,28.01937,22.539762,22.316439,18.379572,18.97072,15.38121,16.978796,13.843588,16.648335,20.519531,20.768898,25.911524,26.901001,28.229956,25.069937,27.239775,24.38325,25.55499,27.51752,25.153837,28.564634,29.59204,27.32679,28.11117,24.295076,22.110111,19.502104,19.892014,16.269608,19.46521,16.551424,20.098166,22.24824,22.477684,20.163525,18.532938,16.48057,21.917828,19.764793,25.027538,25.98419,28.337831,33.204407,33.948532,39.035015,38.429916,35.68502,33.865387,30.145016,29.749311,24.807863,26.223791,19.748924,25.419825,20.697989,24.695498,27.567997,30.481003,32.017933,29.464308,34.84143,31.628689,36.57768,36.407883,39.14026,41.344612,43.36646,46.157764,45.062435,43.05428,42.950283,38.9811,40.76533,36.97929,39.31113,39.274113,36.086437,32.967873,29.863335,29.706076,25.667192,27.907562,30.326523,33.40311,34.271206,38.3574,40.028397,40.318417,41.63069,38.257576,39.64704,35.649426,38.120743,36.638718,32.432457,34.42025,30.674597,33.35874,30.539362,32.521046,30.13101,29.194878,27.340132,23.960165,24.183706,20.608467,24.301662,19.51303,25.389109,23.976627,26.740927,30.19508,29.525223,35.25551,35.568047,36.82035,33.22749,35.151176,32.399647,34.3256,32.439655,30.635822,33.777866,34.310085,34.06277,32.47478,32.900963,28.760294,32.054546,29.096037,33.027924
10,29.8705,29.110117,26.946875,23.447897,19.337698,17.970684,14.16365,10.622506,7.510936,5.4686403,0.0,4.6815543,7.7465043,11.042919,10.316397,8.542447,12.488753,12.513439,14.014947,16.056837,17.116295,20.617472,19.663757,24.772856,23.873173,29.717974,28.148716,24.733814,24.399525,19.440704,21.26206,14.486746,16.436806,12.096867,15.678949,16.992292,16.981588,21.113424,22.862095,21.77087,21.03297,25.568218,23.260956,28.72646,28.871914,32.688572,34.38524,38.180637,38.33399,36.014328,33.253113,31.841944,26.996403,26.297085,22.691317,21.688154,21.23074,16.700233,14.549762,10.239523,12.0460825,10.883621,11.883554,17.272297,19.14862,23.05051,26.22913,29.009134,31.489363,33.68767,31.545137,35.145515,31.017672,35.2937,34.201107,29.131687,30.89597,26.931965,28.81667,26.977478,28.251162,27.149593,29.63152,29.645277,24.141285,24.864399,20.860773,22.543646,18.876076,21.65677,18.676497,21.881989,25.833443,26.125755,31.36367,32.33852,33.63403,30.406828,32.577995,29.561491,30.898136,32.522434,30.004766,33.24033,33.912003,31.175354,31.657211,27.682102,26.148947,23.484581,24.531946,20.78734,24.234068,21.058664,24.301672,25.948898,25.636786,23.16579,21.51174,20.2009,25.453104,23.230099,27.971672,29.314152,31.6443,36.700546,36.78573,42.212643,41.16535,38.12045,36.123436,32.35855,31.353577,26.571487,26.618637,19.980562,24.659916,19.293135,22.844229,25.22598,28.61256,30.95045,28.899618,34.48258,32.02503,36.797928,37.34636,39.99461,42.664673,44.783993,47.689484,46.025547,44.189293,43.50698,39.759396,41.35795,37.12837,40.036087,39.201313,36.526093,33.610413,30.477411,29.277855,25.970257,28.998436,31.03322,34.8969,35.811993,40.26019,41.93577,42.804024,43.899487,40.2904,41.819534,37.497715,39.726944,37.807487,33.490307,34.81007,30.79505,32.854115,29.48259,30.925558,28.166374,27.498951,24.969135,21.984474,23.219208,20.217953,24.654263,20.691607,27.031216,26.33513,29.616081,33.071774,33.118237,38.68591,39.162613,40.63373,37.135574,38.880577,35.83319,37.28303,35.378674,32.899178,36.122986,36.695778,35.81267,34.10753,33.726593,29.619312,32.212,28.758587,32.33
11,32.04112,30.887543,28.170689,24.842829,21.025896,20.51467,17.362034,12.840572,10.854524,8.298791,4.6815543,0.0,3.861985,7.3799953,6.108974,5.7919064,9.719066,11.589899,13.445913,16.452791,17.832602,22.258152,22.178627,27.200798,26.981953,32.59033,31.158098,27.78174,27.045055,22.281137,23.848888,17.143593,19.243307,13.557171,18.16115,18.024586,18.476282,22.712881,25.167574,24.725058,23.651138,28.624361,26.077866,31.627934,31.749949,35.472073,37.28807,40.842773,41.466953,39.292664,36.602764,35.37861,30.543457,30.232061,26.458149,26.033543,25.599222,21.259235,18.921186,14.804543,15.780427,14.159752,15.631735,20.741638,22.815184,26.26617,29.7238,31.960531,34.577934,36.73384,34.30777,37.536728,33.10326,37.15961,36.295246,31.225142,33.005917,28.916595,30.976164,28.843603,30.32749,28.867613,30.812912,30.347733,25.041515,25.588882,21.430079,23.728428,19.314718,22.888857,19.5031,23.055895,27.205965,27.264206,32.919373,34.40356,35.01857,31.476576,33.551315,30.204903,32.275845,33.389717,31.179184,34.444046,34.500607,32.176094,32.11482,28.165863,27.145235,23.590681,24.917542,20.821726,24.165058,20.764866,23.60132,24.757568,23.768005,21.120375,19.526953,19.142479,24.157871,22.441751,26.606,28.418634,31.072014,35.992744,35.66139,41.08809,39.464867,36.25361,33.87102,30.415508,28.672977,24.582148,23.749712,17.711899,21.782469,16.245995,20.202625,22.125746,25.15689,27.596285,25.391727,30.866634,28.65822,33.132324,33.972187,36.422115,39.329525,41.356617,44.460606,42.56837,40.931973,40.07124,36.62834,38.36378,34.065407,37.638992,36.70699,34.556953,31.596952,28.982859,27.109247,23.909248,27.143139,28.39267,32.6916,33.187748,37.953945,39.334023,40.521286,41.288548,37.47956,38.91591,34.42118,36.358467,34.219383,29.982494,30.940943,26.922508,28.769295,25.305801,26.717564,23.926014,22.992804,20.37638,17.701632,18.979067,16.331024,20.96128,17.689432,24.060318,24.062353,27.541,31.047297,31.749666,37.175407,38.029926,39.5028,36.033794,37.438385,34.06045,35.120712,33.027424,30.068655,33.23634,33.83021,32.506336,30.750591,29.905657,25.883617,28.09756,24.505121,27.95922
12,35.75322,34.471275,31.619623,28.218634,24.538418,24.052973,20.94876,16.109259,14.409992,11.167303,7.7465043,3.861985,0.0,3.532106,3.8580055,6.2045684,10.53722,12.746823,15.701919,18.490976,20.664818,25.024843,25.228039,30.326765,30.092957,35.615685,33.831932,30.357014,29.164581,24.635347,25.454912,19.061451,20.210726,13.546569,18.204763,16.985247,17.383608,21.538319,24.62395,24.928383,23.917511,29.286884,27.026175,32.48503,33.01335,36.603676,38.766087,42.201458,43.206398,40.804462,38.292282,36.86313,32.20051,32.092518,27.902744,28.304024,27.36491,23.535765,21.148897,17.137941,16.843935,15.3537655,17.759295,22.326574,25.149864,28.198275,32.111046,33.957882,36.922703,38.80109,36.087444,39.122242,34.501686,38.22639,37.250957,32.173824,33.58702,29.323582,31.152897,28.570572,29.94741,28.112514,29.862387,28.868353,23.809986,24.656487,20.57552,23.620792,19.134739,23.63043,20.533678,24.499548,28.672562,29.11255,34.828403,36.717304,37.09938,33.41908,35.22287,31.498695,33.708767,34.155823,31.841703,34.87269,34.435883,31.917606,31.46585,27.524443,27.147863,23.492226,25.453064,21.513292,25.361635,22.325125,25.13571,26.237652,24.681255,21.59169,19.621357,19.435516,23.860538,21.953424,25.494123,27.530361,30.075655,35.03728,34.16692,39.777756,37.875378,34.496376,32.129604,28.625872,26.649677,22.63426,20.981731,15.057344,18.424728,12.743332,16.532526,18.295204,21.412895,24.070545,22.175825,27.737429,25.953213,30.409449,31.633652,34.15389,37.25972,39.516193,42.43199,40.182358,38.560425,37.34431,33.94502,35.480392,30.98726,34.749027,33.448463,31.587688,28.759773,26.267366,23.859362,21.06327,24.653896,25.662807,30.334455,30.95869,35.82658,37.302334,38.88671,39.61494,35.77461,37.50003,32.87632,34.904247,32.505653,28.071945,28.694378,24.482891,25.96683,22.268255,23.406595,20.531574,20.127136,17.49632,14.410764,16.28751,13.879635,18.81695,16.07831,22.534853,22.837435,26.681763,29.979868,31.205801,36.32092,37.195976,38.912758,35.655525,36.991077,33.543167,34.159542,32.472145,29.091434,32.56152,33.478477,31.796673,29.751564,28.88496,24.453836,26.317657,22.420305,25.556484
13,39.04587,37.633633,34.663322,31.203903,27.662786,27.22547,24.214884,19.13581,17.7154,14.108243,11.042919,7.3799953,3.532106,0.0,4.1742854,8.011571,11.989843,14.302518,17.94546,20.50744,23.255417,27.535238,28.000711,33.119896,32.91927,38.32606,36.276886,32.75309,31.182972,26.907139,27.126348,21.108992,21.56142,14.348751,18.937225,16.701965,17.16523,21.10321,24.690838,25.64034,24.627213,30.247005,28.199034,33.516735,34.346024,37.783894,40.21342,43.500504,44.85688,42.310184,39.964428,38.417286,33.931248,34.03644,29.571106,30.658945,29.40599,26.010836,23.57658,19.766348,18.575438,17.123053,20.097458,24.147388,27.481876,30.140442,34.390663,35.860626,39.09138,40.73145,37.780724,40.599274,35.841496,39.24134,38.20708,33.181393,34.286133,29.932386,31.575272,28.645609,29.952408,27.805042,29.275253,27.799732,23.084066,24.122053,20.205135,23.845804,19.366539,24.5437,21.729603,25.949697,30.083702,30.813705,36.542202,38.781178,38.928253,35.147705,36.70359,32.686256,35.03007,34.883728,32.536495,35.338642,34.440704,31.834675,31.005545,27.139988,27.361023,23.62319,26.091799,22.356396,26.529646,23.849007,26.576748,27.61422,25.59474,22.183777,19.936111,19.955114,23.721912,21.722801,24.577557,26.808186,29.240143,34.163242,32.793633,38.516575,36.3445,32.83332,30.486063,26.994913,24.790728,20.953741,18.466072,12.863762,15.344476,9.577589,13.21693,14.788675,17.925415,20.76128,19.170609,24.779844,23.421812,27.826162,29.406996,31.978779,35.24745,37.70845,40.42735,37.85808,36.25633,34.715534,31.376518,32.72256,28.069376,32.021103,30.395689,28.847157,26.153063,23.857117,20.908709,18.538008,22.431671,23.13556,28.138542,28.855162,33.790462,35.332417,37.281357,37.960197,34.1167,36.09917,31.396305,33.497833,30.88027,26.300684,26.600283,22.245619,23.3634,19.476076,20.34737,17.428276,17.6127,15.092384,11.495931,13.977767,11.898933,16.986567,14.896593,21.230726,21.830324,25.943624,28.99735,30.70836,35.47731,36.380444,38.298813,35.26351,36.51048,33.02663,33.220158,31.925823,28.196135,31.908405,33.120026,31.137014,28.841024,28.001205,23.226995,24.742762,20.617298,23.397203
14,35.97504,34.320457,31.15368,27.729073,24.41953,24.38867,21.88484,16.417135,15.746535,12.278031,10.316397,6.108974,3.8580055,4.1742854,0.0,4.6273584,7.8625135,10.876945,14.114378,17.07289,19.64909,24.272152,25.16152,30.107204,30.391369,35.589886,33.86576,30.483967,28.96488,24.731178,25.428093,19.326353,21.028702,14.22992,19.696138,17.700136,19.08964,23.156496,26.207714,26.521107,24.898073,30.289137,27.534494,33.003693,33.232246,36.705925,38.804935,41.967228,43.35094,41.251774,38.78098,37.72981,33.06388,33.38931,29.332203,30.09707,29.693295,25.877426,23.162745,19.616722,19.367744,17.007524,19.120733,23.426985,26.055641,28.636814,32.663013,33.96937,36.975834,38.818974,35.916557,38.57483,33.787643,37.32982,36.649418,31.68541,33.27811,29.101433,31.266079,28.794384,30.55526,28.706715,29.794127,28.792923,23.963932,24.162254,20.051683,23.055546,18.06181,22.656607,19.27394,23.264782,27.451439,27.687204,33.585808,35.86493,35.705566,31.854841,33.532238,29.643665,32.369503,32.50283,30.554161,33.638226,32.83508,30.927353,30.15275,26.360094,26.140043,21.776861,23.68754,19.593079,23.178883,20.174162,22.6779,23.552107,21.5866,18.357233,16.405912,16.822886,20.984211,19.627285,22.807161,25.10047,27.95015,32.661312,31.7534,37.17249,34.975037,31.599068,28.950825,25.76156,23.384333,19.9611,18.238672,13.060895,16.530186,11.190879,15.820061,17.499601,19.820627,21.94762,19.470058,24.84498,22.753601,27.095037,28.149456,30.56423,33.638138,35.776096,38.822033,36.68864,35.133327,34.104145,30.824871,32.627865,28.32969,32.38594,31.515423,29.814274,26.803995,24.837917,22.478455,19.2696,22.552938,23.007029,27.648197,27.829777,32.821735,34.02032,35.58239,36.13079,32.214634,33.794067,29.154276,31.079903,28.70439,24.343113,25.05071,20.933365,22.681385,19.24231,20.809721,18.182596,17.27168,15.147965,11.920292,12.943703,10.319405,15.141128,12.552503,18.90464,19.533922,23.33436,26.682323,28.181423,33.23063,34.36992,35.976654,32.713196,33.821407,30.22012,30.705145,28.86917,25.359276,28.785305,29.736706,27.976406,25.902325,25.105648,20.604801,22.590382,18.803432,22.147366
15,32.18004,30.463503,27.432035,23.725262,20.44675,20.220976,17.92477,12.161113,12.192506,8.539405,8.542447,5.7919064,6.2045684,8.011571,4.6273584,0.0,5.172125,6.609663,10.032649,12.592544,15.364696,19.707,20.616343,25.571117,25.891336,31.007236,29.299038,25.962673,24.504498,20.265171,21.28521,15.119064,17.772423,11.8345,17.732523,16.475056,18.53534,22.641558,24.908995,24.439245,22.356953,27.3806,24.113207,29.664328,29.434647,32.966938,34.793327,37.958466,39.210922,37.37569,34.804432,34.075195,29.29612,29.749813,26.070755,26.616684,26.949709,22.942411,19.97587,16.955637,17.423359,14.221457,15.503332,19.881002,21.967377,24.495836,28.354149,29.633078,32.502705,34.45501,31.646751,34.339108,29.626156,33.383846,32.838047,27.891264,29.852346,25.854435,28.373526,26.417173,28.477781,27.054815,28.086233,27.767942,22.705704,22.287315,18.070301,20.19773,15.128956,18.876226,15.1932745,18.970505,23.177355,23.27806,29.149218,31.290613,31.26557,27.482378,29.272888,25.56739,28.146595,28.737694,26.857744,30.161379,29.804276,28.154531,27.767899,23.978533,23.072002,18.722383,20.053316,15.809788,19.239645,16.142633,18.997171,20.309557,18.939137,15.836282,13.892822,13.5725765,18.443367,17.05702,21.118187,23.048807,25.979172,30.686625,30.484087,35.70352,34.004456,30.879585,28.39633,25.099981,23.407017,19.511477,19.412432,13.848402,18.751709,13.93206,18.738325,21.04923,23.237087,24.711422,21.82147,27.082956,24.168661,28.787598,29.085478,31.614946,34.24062,36.2606,39.280445,37.727318,35.97911,35.534996,31.965483,33.94478,30.013823,33.417763,33.23374,30.889166,27.67056,25.459217,24.19994,20.232819,22.84109,23.948133,27.830528,28.05929,32.746784,34.00273,34.950813,35.752686,32.008488,33.417805,29.030752,31.196415,29.274025,24.99365,26.465046,22.597847,25.052282,22.152346,24.213552,21.904451,20.69689,19.088034,15.731361,15.6872225,12.2882185,16.325672,12.349501,18.621952,18.387522,21.767487,25.304892,26.003868,31.43604,32.40354,33.80259,30.326345,31.66616,28.274324,29.361984,27.366756,24.53837,27.872639,28.66923,27.5872,25.70025,25.610544,21.174862,24.00892,20.758976,24.571453
16,30.498224,28.317986,24.833841,21.391613,18.773823,19.56111,18.41875,12.509615,13.94113,11.367995,12.488753,9.719066,10.53722,11.989843,7.8625135,5.172125,0.0,5.6686807,7.076956,10.7835455,12.994164,18.109997,20.000355,24.390606,25.690134,30.253569,29.161242,26.183418,24.771637,20.90453,22.503288,16.826302,20.829765,15.788667,21.95257,20.579685,23.265074,27.256653,29.244877,28.44912,25.833784,30.476938,26.53567,32.008366,31.06249,34.474182,35.86331,38.697838,40.111088,38.930725,36.296253,36.24315,31.41815,32.200245,29.09881,29.337856,30.550917,26.283329,23.198702,20.618475,21.86014,18.165606,18.422913,22.679758,23.758846,25.946789,29.379116,30.242434,32.73283,34.905746,32.164696,34.424294,29.720745,33.45857,33.493706,28.83173,31.330881,27.70325,30.756466,29.284092,31.774319,30.568888,30.97247,30.918806,26.127008,24.85014,20.754694,22.202753,16.779848,19.563808,15.2263365,18.341856,22.42807,21.58659,27.686876,30.014801,29.23994,25.313702,27.218401,23.713388,27.121557,27.8992,26.818962,30.372204,29.88419,29.389069,28.843939,25.387989,24.2253,18.99672,19.46973,14.860758,16.81124,13.112276,15.127269,15.801294,14.217916,11.542763,10.491849,11.622809,16.586363,16.692703,20.513483,22.636606,26.10344,30.226183,30.397896,35.041046,33.052723,30.124239,27.144234,24.599413,22.362762,19.741257,20.003284,15.98308,20.721771,16.626736,21.866505,23.81589,25.089115,25.967117,22.33917,26.969788,23.56948,27.678356,27.499268,29.610703,32.03796,33.525467,37.01072,35.906292,34.379948,34.45129,31.252642,33.755653,30.309198,34.08918,34.605606,32.50407,29.0942,27.612724,26.547886,22.192333,24.117014,24.411623,27.920046,27.255209,31.995548,32.612812,33.216946,33.63712,29.797087,30.553755,26.304304,27.974466,26.337725,22.613075,24.343895,21.028475,23.949934,21.693214,24.29808,22.39353,20.07638,19.006422,16.523293,15.058987,11.88589,14.8145485,11.167693,16.492882,16.730104,19.4334,23.247028,23.9544,29.500462,30.968946,31.887764,28.208036,29.114117,25.473787,26.74831,23.877611,21.248638,23.960863,24.323856,23.395344,21.90347,21.646591,17.93572,21.083286,18.487156,22.667736
17,29.173336,27.03956,24.037455,19.923952,17.335386,17.180698,16.057812,9.965095,12.329164,9.201114,12.513439,11.589899,12.746823,14.302518,10.876945,6.609663,5.6686807,0.0,5.8241076,6.498679,10.751911,14.337279,16.147936,20.769125,21.640158,26.09629,24.355648,21.254923,19.42588,15.81223,16.95337,11.725967,16.029005,12.188614,18.288492,17.336834,20.701384,24.41858,25.639902,24.32351,21.23069,25.4921,21.219683,26.609838,25.477541,28.84555,30.230185,33.044434,34.54347,33.371952,30.793139,30.880835,26.137093,27.240543,24.320723,25.076319,26.762573,22.903612,19.548609,18.009048,19.05898,14.591234,14.375185,17.886497,18.941523,20.602867,24.285719,24.794123,27.532486,29.493694,26.613565,28.875368,24.139502,27.91222,27.861538,23.181875,25.77637,22.273859,25.513191,24.443876,27.155586,26.322132,26.604206,27.161217,22.347809,20.54796,16.572145,17.159908,11.952556,13.9943905,9.62929,12.917591,17.083332,16.845404,22.819267,25.25668,24.839806,20.978642,22.716738,19.056475,21.930147,22.792608,21.424738,25.024105,24.93818,24.324793,24.18174,20.732843,19.02417,14.161819,14.368132,9.830495,12.680966,9.705826,12.985268,14.999253,14.260043,11.268425,9.339468,7.978928,13.562749,12.78673,17.628115,19.104803,22.294561,26.599627,27.375881,32.008152,30.820127,28.148556,25.798397,22.743116,21.84818,18.04471,20.093164,15.34893,21.285397,17.739632,22.708714,25.460596,26.950832,27.300245,23.768032,28.471561,24.492914,29.173798,28.352854,30.899963,32.798573,34.57398,37.503204,36.83063,34.894497,35.347633,31.576094,33.876408,30.693716,33.322906,34.307545,31.37,27.9093,25.914402,26.084747,21.237122,22.539171,24.007536,26.63022,26.604427,30.762815,31.8776,31.938732,32.96982,29.541807,30.62449,26.743036,29.175604,27.966797,24.00577,26.494684,23.225307,26.56574,24.635735,27.377699,25.68433,24.069267,23.43057,19.970453,18.434885,14.547743,16.886316,11.767733,16.836731,15.490111,17.915194,21.576916,21.239122,27.026045,27.916075,28.91381,25.201822,26.697737,23.60254,25.441624,23.275248,21.503658,24.623362,25.300076,25.211843,23.577085,24.70794,20.441536,24.318129,22.03081,26.248566
