,0,1,2,3,4,5,6,7,8,9,10,11,12,13,14,15,16,17,18,19,20,21,22,23,24,25,26,27,28,29,30,31,32,33,34,35,36,37,38,39,40,41,42,43,44,45,46,47,48,49,50,51,52,53,54,55,56,57,58,59,60,61,62,63,64,65,66,67,68,69,70,71,72,73,74,75,76,77,78,79,80,81,82,83,84,85,86,87,88,89,90,91,92,93,94,95,96,97,98,99,100,101,102,103,104,105,106,107,108,109,110,111,112
0,0.0,4.8394375,6.618449,6.1318326,7.9739776,11.828055,14.20957,17.928053,14.558464,15.849983,11.862595,16.08875,17.44405,19.848335,22.400831,20.50281,22.502352,20.572962,22.756481,22.47807,23.916164,26.393328,26.975964,31.454315,29.433714,34.69621,37.46659,40.685707,42.31647,42.95717,43.962353,38.997505,39.611042,42.552326,38.658596,34.63025,36.54652,37.67743,33.616657,31.088629,34.447163,34.581783,29.44872,28.881556,32.71131,29.30763,24.968294,27.777966,27.142706,28.64929,26.66761,26.41671,30.854317,31.302229,34.88741,35.996155,32.301445,36.63158,36.36939,36.208546,40.08364,39.92511,36.574387,35.8698,31.823534,29.203722,25.495684,24.09759,18.359343,19.567358,15.695993,12.773617,12.415363,16.440525,19.985378,23.714891,25.669012,29.482634,32.281876,35.69051,39.477814,40.746937,43.872555,44.55465,43.679497,43.074333,37.646416,34.907524,33.365555,28.924816,25.79897,23.966995,19.97481,17.20925,12.641737,13.83934,11.11609,10.105949,13.965755,14.499094,19.336239,20.473705,24.11845,25.631527,30.56742,32.736187,36.31757,31.835327,29.196232,26.929298,22.344995,20.80153,16.569464
1,4.8394375,0.0,5.165722,7.4410706,6.1779194,8.749328,12.2378645,14.818133,11.311479,14.759499,11.633966,15.401328,17.652214,20.840183,22.3958,20.084595,21.18351,18.650154,20.129055,19.597313,20.025276,22.864607,22.888689,27.521402,25.24383,30.566212,33.31199,36.465645,38.241695,38.699726,40.024868,35.060883,35.704823,39.04072,35.240288,30.844122,33.099762,34.560005,30.395588,27.811033,31.62324,31.907314,26.661285,26.420088,30.752823,27.27217,22.891914,26.339094,26.145384,27.9987,26.906214,27.112207,31.265444,31.171726,34.96484,35.3617,31.157593,35.237144,34.621067,33.92316,37.872375,37.486935,34.189777,33.551758,29.543934,26.764643,23.316856,21.58015,16.570368,16.522236,12.873244,11.211539,9.676006,13.051182,17.400122,20.38238,22.840889,26.476357,29.316015,32.82761,36.5153,38.102043,41.055107,41.38638,40.45216,39.630203,34.27589,31.486265,29.80482,25.453108,22.083271,20.692574,16.384314,14.329722,9.049783,12.367448,10.85999,11.055021,15.112599,14.825849,19.513077,19.53255,23.885769,24.244175,29.307732,31.711987,35.652775,31.103287,28.206419,26.902145,21.429493,20.874376,16.229317
2,6.618449,5.165722,0.0,5.5749083,7.1321526,7.157344,9.53937,12.406636,8.326813,9.9493265,6.5514474,10.617783,12.713352,16.675549,17.702723,15.145193,16.612162,14.605182,16.304853,16.53392,17.913122,20.645405,21.666481,26.110643,24.873728,30.235157,32.4371,36.127464,37.31438,37.552296,38.46408,33.451077,33.582245,36.35204,32.919254,28.663416,30.223223,31.54144,27.809845,24.84387,28.13057,28.741335,23.696497,22.626888,26.78115,23.958233,19.425459,22.094318,22.19365,23.403593,22.493235,23.035496,27.153751,27.011765,31.188766,31.75601,27.771973,31.65136,31.654905,31.076294,35.03085,35.20099,31.974493,31.836483,27.377207,25.739021,22.14321,21.255045,16.801003,17.27851,13.8595085,12.312394,9.483322,13.11719,16.030872,20.085026,21.16731,25.566189,27.578358,31.275787,34.656292,36.53993,39.082237,39.59774,39.25508,38.222733,33.31183,30.015726,29.121239,23.93284,21.123768,18.882479,14.959655,12.224631,7.8151264,10.047688,8.37329,9.927722,12.92067,11.850143,16.705029,16.821705,20.738419,21.82902,26.54342,29.229004,33.29441,29.251793,26.27777,24.927925,19.911982,19.524765,14.959917
3,6.1318326,7.4410706,5.5749083,0.0,5.6988792,8.534907,9.244797,13.918127,11.654061,11.25013,9.301424,14.083289,15.049464,19.166222,20.568684,17.896803,20.264004,19.041004,20.52003,21.529818,22.583212,25.76525,26.78261,31.298056,30.13257,35.543934,37.605766,41.357655,42.539078,42.4313,43.532337,38.50092,38.17763,40.901745,37.96979,33.445232,34.61392,36.199097,32.832146,29.44163,32.463104,33.55434,28.687523,26.918064,30.982683,28.790722,24.23306,26.076103,26.340425,26.686113,25.43613,25.873343,30.194284,30.436686,34.72113,35.855473,32.277435,36.095478,36.54662,36.12172,40.04804,40.468456,37.270615,37.229862,32.68963,31.218487,27.550892,26.696632,21.834276,22.57286,18.979446,16.863474,14.82331,18.56683,21.546265,25.632187,26.67257,31.134457,33.044827,36.76825,40.066673,42.003178,44.452454,44.988064,44.778748,43.66167,38.855423,35.465027,34.656708,29.374525,26.595718,24.33276,20.420017,17.728079,13.293972,15.19076,12.76565,13.3184185,16.147413,15.690988,20.676548,21.5737,24.885988,26.826477,31.364946,33.99915,37.878567,33.961803,31.132385,29.165583,24.75359,23.712706,19.41957
4,7.9739776,6.1779194,7.1321526,5.6988792,0.0,5.793697,8.0905,11.779388,10.468568,13.23198,12.676547,16.993732,18.856081,23.433336,24.149372,21.09616,22.494852,20.564837,21.0448,21.798164,21.129435,25.035597,25.03946,29.819988,28.048489,33.48904,35.625042,39.109158,40.68227,40.258816,42.012257,37.00045,36.69117,40.1231,37.38206,32.22023,33.905365,36.082237,32.570126,29.057076,32.751083,34.09092,29.067108,27.72682,32.461823,30.121778,25.54026,28.176813,28.863354,29.643446,29.187922,29.913364,34.02833,33.820034,38.19241,38.656536,34.53828,38.162243,38.105877,37.0801,41.084785,41.111732,37.957092,37.82812,33.48142,31.475906,28.133524,26.655973,22.265598,21.692106,18.344889,17.212248,14.802601,17.706997,21.848356,24.7619,26.76253,30.76349,32.96039,36.731697,39.99359,42.192722,44.571236,44.63047,44.171227,42.84966,38.024372,34.735603,33.526077,28.626867,25.419731,23.940193,19.586332,17.923836,12.599228,16.785091,15.307893,16.121107,19.634882,18.918573,23.801228,23.774607,27.848602,28.558662,33.333157,36.088722,40.240276,36.060894,33.042168,31.862131,26.555511,26.185284,21.536505
5,11.828055,8.749328,7.157344,8.534907,5.793697,0.0,4.316786,6.2812386,5.0536737,9.46431,10.759154,14.08233,16.46605,21.9489,21.32481,17.827412,18.445225,16.465536,16.022871,17.298574,15.990613,20.309895,20.513968,25.208347,24.129707,29.557777,31.142525,34.990288,36.18527,35.36057,37.09217,32.084084,31.31748,34.6757,32.422894,26.994127,28.400232,30.848383,27.686556,23.772512,27.468357,29.292318,24.459604,22.739834,27.793728,26.040438,21.484924,24.005909,25.397951,25.956358,26.546267,27.895208,31.58257,30.844915,35.563225,35.48286,31.16106,34.281986,34.367012,32.91859,36.919937,37.16695,34.18755,34.521194,29.97458,28.766926,25.688066,24.59423,21.450493,20.220192,17.489025,17.474566,13.669123,15.720731,19.23073,22.020994,23.342972,27.616037,29.110748,33.045113,35.888054,38.602894,40.445023,40.30249,40.276497,38.58115,34.277584,30.575281,29.911947,24.528921,21.648584,20.023312,15.890865,14.744955,10.0696125,15.108713,14.714138,16.85485,19.685827,18.021122,22.498632,21.59767,25.751686,25.912672,30.356886,33.451077,37.908764,34.13201,30.9259,30.564486,25.048054,25.583147,20.928638
6,14.20957,12.2378645,9.53937,9.244797,8.0905,4.316786,0.0,5.3579226,6.583374,7.5667806,11.044545,14.289886,15.986752,22.117994,20.962088,17.154654,18.22944,17.12632,16.331068,18.686121,17.582468,22.030542,22.791176,27.247284,26.913967,32.251114,33.320778,37.48679,38.28225,37.013836,38.646427,33.68644,32.211777,35.175972,33.66206,28.141378,28.774084,31.404284,28.89021,24.44728,27.590044,30.064207,25.612642,22.894165,27.816662,27.045204,22.514353,24.00128,25.878096,25.461658,26.33727,27.99019,31.578274,30.870405,35.905937,36.06474,32.070557,34.859913,35.55763,34.147713,38.087555,38.81079,35.96231,36.696846,31.903109,31.493437,28.397413,27.763208,24.809368,23.900852,21.230574,21.012554,17.103416,19.266367,22.014029,25.226456,25.75238,30.38012,31.260015,35.276985,37.78455,40.77784,42.21118,42.10692,42.555843,40.626633,36.779743,32.73976,32.63418,26.810076,24.370415,22.343983,18.633978,17.301014,13.412233,17.545448,16.912672,19.237429,21.48443,19.647488,24.06208,23.419521,27.009594,27.814154,31.862055,35.109867,39.564655,36.20208,33.022263,32.50695,27.490366,27.932926,23.474876
7,17.928053,14.818133,12.406636,13.918127,11.779388,6.2812386,5.3579226,0.0,5.329888,9.152362,13.359303,15.163531,17.516394,23.792242,21.593761,17.661434,17.41767,15.925447,13.754864,16.241245,13.547759,18.554428,18.911774,23.229643,23.220663,28.37154,28.99251,33.244278,33.91271,32.201405,34.114605,29.23875,27.436728,30.706152,29.668842,23.694223,24.391533,27.526184,25.253273,20.544542,24.024323,26.929752,22.69055,20.069187,25.460627,25.022198,20.744144,22.574373,25.069807,24.877762,26.837025,28.930258,32.00987,30.719591,35.83931,35.22971,30.887491,33.155716,33.611324,31.60056,35.48999,36.125755,33.490604,34.48827,29.797523,29.709743,27.095146,26.47494,24.760126,22.905344,20.979923,21.876623,17.355293,18.318695,20.849459,23.189613,23.615797,28.005934,28.45775,32.501102,34.620316,38.0614,39.051052,38.553967,39.181324,36.906982,33.519997,29.314934,29.44474,23.638298,21.388536,19.766853,16.363914,16.137463,13.059395,18.060987,18.537495,21.458492,23.517199,21.17558,25.014174,23.391268,27.24814,26.982115,30.77247,34.205982,38.895824,35.7342,32.42849,32.870415,27.463245,28.780727,24.37597
8,14.558464,11.311479,8.326813,11.654061,10.468568,5.0536737,6.583374,5.329888,0.0,7.4521465,9.282831,10.971975,13.877618,19.555696,17.950825,14.381168,14.120455,11.947768,11.0157795,12.5061,11.476007,15.648036,16.461138,20.93194,20.608877,25.948372,27.173573,31.3398,32.123547,31.328117,32.687218,27.672258,26.811203,29.871668,27.621336,22.358139,23.565891,25.856298,22.807112,18.809067,22.428513,24.297583,19.563532,17.718163,22.872112,21.330715,16.84151,19.392477,21.138918,21.783447,23.078085,24.812113,28.087463,26.946676,31.774965,31.265991,26.820631,29.637186,29.783895,28.154531,32.135887,32.557552,29.686174,30.340464,25.651768,25.162077,22.272703,21.67675,19.605972,18.225485,16.112257,16.838207,12.230024,13.532194,15.921102,18.872828,19.308554,23.865242,24.756481,28.765808,31.347176,34.304916,35.836227,35.713394,36.012268,34.17539,30.205526,26.22055,26.072067,20.250584,17.81127,15.796025,12.111357,11.167923,7.991794,12.742729,13.375567,16.45016,18.471449,16.106722,19.944801,18.335186,22.43452,22.16357,26.278406,29.566008,34.18068,30.762138,27.476942,27.730236,22.242168,23.478786,19.05295
9,15.849983,14.759499,9.9493265,11.25013,13.23198,9.46431,7.5667806,9.152362,7.4521465,0.0,6.392731,7.9928546,9.072655,15.691737,13.721966,9.799263,11.458355,11.482762,11.627746,14.66857,16.130085,19.231554,21.574076,25.371548,26.192097,31.274206,32.025826,36.583843,36.67747,35.844116,36.444496,31.559795,30.075148,31.920748,30.199364,25.702557,25.538143,27.261684,25.083467,20.824165,22.93468,25.161308,21.090233,17.61599,21.751698,21.508335,17.108313,17.39567,19.290218,18.197733,19.103735,21.049257,24.417202,23.716972,28.916426,29.35044,25.827343,28.496809,29.869144,28.960531,32.768154,34.08446,31.316814,32.427715,27.359255,28.148233,24.949137,25.344913,22.884676,23.027971,20.641016,20.202774,16.124153,18.425543,19.124556,23.521177,22.363148,27.57839,27.65162,31.60579,33.89693,36.78274,38.011623,38.43035,39.39032,37.59608,34.078815,29.799656,30.500946,24.115341,22.55655,19.472012,16.81024,14.553063,12.890977,14.331184,13.86978,16.926636,17.632534,15.207909,18.933582,18.498629,21.137754,22.856333,26.264914,29.577791,33.900246,31.183777,28.137775,27.470627,23.41456,23.919966,20.094208
10,11.862595,11.633966,6.5514474,9.301424,12.676547,10.759154,11.044545,13.359303,9.282831,6.392731,0.0,4.800213,6.246584,11.290942,11.515202,8.829427,11.17814,10.410193,12.904295,14.07888,17.315878,19.224546,21.663338,25.475304,25.592365,30.68654,32.2493,36.43617,36.851646,37.040966,37.21692,32.303802,31.971165,33.764473,30.658253,27.043615,27.628511,28.424992,25.320253,22.207535,24.46979,25.230612,20.692875,18.593714,22.048435,20.103682,15.653443,16.896002,17.166534,17.440853,16.561157,17.518227,21.519444,21.385494,25.952873,26.846813,23.35893,26.978659,27.852757,27.642069,31.471277,32.381104,29.308516,29.760426,24.901339,24.816952,21.188807,21.507673,17.982292,19.280334,16.4631,15.070538,11.836377,15.0805235,15.589865,20.749731,19.897026,24.994503,25.9004,29.621075,32.57684,34.62574,36.695683,37.575493,37.94313,36.80501,32.502056,28.774551,28.88753,22.97677,21.148872,17.887627,15.112449,11.69195,10.1223755,9.303264,7.8728156,10.703685,11.3348255,9.229025,13.539277,13.955737,16.756107,19.05215,23.01686,25.918331,29.955633,26.715843,23.813618,22.338497,18.41398,18.180496,14.341276
11,16.08875,15.401328,10.617783,14.083289,16.993732,14.08233,14.289886,15.163531,10.971975,7.9928546,4.800213,0.0,3.6684322,8.787384,7.3837576,4.804777,6.628865,6.334639,9.772595,10.907881,15.617084,16.433233,19.726553,22.899763,23.82994,28.552122,29.772224,34.12886,34.083786,34.46086,34.07506,29.315512,29.017359,30.208906,26.993599,24.064884,24.28963,24.51936,21.616121,18.817535,20.508099,20.973938,16.743486,14.500167,17.440952,15.652791,11.367162,12.146668,12.4610405,12.818263,12.477417,13.953447,17.516998,16.964657,21.732714,22.309336,18.814566,22.249063,23.372725,23.263014,27.01129,28.223635,25.26863,26.062849,21.057478,21.964005,18.533836,19.635595,17.324251,18.758434,16.705896,15.9821205,12.518825,14.85674,13.594258,19.06381,16.92562,22.266947,22.44401,26.098078,28.776236,30.899979,32.69367,33.76401,34.484913,33.335766,29.418106,25.540144,26.250881,20.10857,19.023954,15.253108,13.589229,10.129975,11.030901,8.596642,8.628951,12.150555,11.32889,8.316296,11.162274,10.881501,13.165525,15.47785,18.901508,21.996088,26.142164,23.41571,20.498966,19.568752,16.081451,16.583776,13.414724
12,17.44405,17.652214,12.713352,15.049464,18.856081,16.46605,15.986752,17.516394,13.877618,9.072655,6.246584,3.6684322,0.0,6.7442527,5.620883,3.6951272,7.6588416,8.998551,12.408162,13.998268,18.956884,19.570095,23.148758,26.07217,27.298388,31.880812,32.94404,37.36871,37.099117,37.46073,36.809174,32.170822,31.646774,32.342953,29.388086,26.83245,26.534554,26.498135,24.047718,21.27586,22.238605,22.77217,19.067339,16.268358,18.342524,17.26024,13.451937,12.742448,12.805847,11.97692,10.74195,12.137133,15.893932,15.860736,20.686914,22.033487,19.321503,22.661463,24.438822,24.819613,28.34926,29.96018,27.120426,28.05388,23.074236,24.46232,21.012266,22.452501,19.915854,21.940744,19.780207,18.519161,15.607238,18.243286,16.652845,22.335651,19.789103,25.12267,25.017506,28.50407,31.023792,32.995472,34.675884,36.008614,36.96831,35.896423,32.19772,28.328236,29.3082,23.176895,22.39384,18.483963,17.156626,13.613976,14.474748,11.3643875,10.593009,13.468259,11.843759,9.304676,11.687203,12.521184,13.447276,17.103518,19.937721,22.843494,26.622284,24.33824,21.713694,20.094442,17.75604,17.627645,15.087147
13,19.848335,20.840183,16.675549,19.166222,23.433336,21.9489,22.117994,23.792242,19.555696,15.691737,11.290942,8.787384,6.7442527,0.0,5.8340316,8.329413,11.181898,12.354011,16.839495,16.96433,23.140268,22.347721,26.161133,28.49241,29.58664,33.687603,35.140022,39.197453,38.877262,40.156105,38.788536,34.442097,34.7795,34.91491,31.002882,29.823442,29.74541,28.57742,25.828293,24.400808,24.819122,23.882889,20.600792,19.055147,19.464602,17.275143,14.5794,13.790935,11.533912,11.906472,7.486537,6.786146,11.317003,12.470608,16.102278,18.527723,16.788162,20.844398,22.550777,24.116468,27.235418,28.77293,25.918655,26.387358,21.918148,23.228575,19.739902,21.73118,19.006994,22.444408,20.528755,18.608438,17.206436,19.859911,17.10036,23.088366,20.11181,24.941038,25.066702,27.92975,30.719198,31.685385,33.92657,35.93111,36.61707,36.253918,32.30924,29.09641,29.94642,24.575531,24.169619,20.215952,19.706871,15.82667,17.742134,12.2636595,11.229454,12.877773,9.295554,7.7856593,7.724588,10.514528,9.22182,14.8191,17.09261,19.194145,22.157652,20.080652,18.072279,15.15632,14.867297,13.718096,12.891922
14,22.400831,22.3958,17.702723,20.568684,24.149372,21.32481,20.962088,21.593761,17.950825,13.721966,11.515202,7.3837576,5.620883,5.8340316,0.0,4.100534,6.300226,8.944138,12.724545,13.854877,19.96987,19.155184,23.45418,25.419294,27.453308,31.389713,32.100426,36.540066,35.732067,36.44392,35.010445,30.7421,30.373632,30.13677,27.035145,25.716196,24.925037,23.91366,21.90414,19.933779,19.782839,19.636349,16.844856,14.128816,14.51301,13.864923,11.198135,8.8156805,8.215814,6.8453918,5.3874607,7.739575,10.696553,10.325868,15.396674,16.753452,14.630618,17.694061,20.086054,21.005661,24.181345,26.279503,23.70259,25.005585,20.13123,22.787237,19.752522,22.10625,20.825716,23.152292,21.767103,20.948013,18.302713,20.123442,16.889797,22.512838,18.641562,23.822924,22.852768,25.962976,28.073334,29.870733,31.243427,32.97104,34.341377,33.420456,30.265509,26.469315,28.118372,22.156223,22.331734,18.163126,18.23731,15.004453,17.66982,13.429539,13.63734,16.474356,13.647759,11.0097685,10.845654,11.3185005,10.355612,14.576746,16.096184,18.954046,22.513384,21.177183,18.845284,17.62332,16.651955,17.066713,15.837717
15,20.50281,20.084595,15.145193,17.896803,21.09616,17.827412,17.154654,17.661434,14.381168,9.799263,8.829427,4.804777,3.6951272,8.329413,4.100534,0.0,4.4906154,7.1519575,10.125781,12.2662735,17.456667,17.685328,21.696539,24.164743,26.088104,30.391489,30.984324,35.59294,34.94402,35.1134,34.238,29.73546,28.89656,29.201042,26.62149,24.271658,23.499449,23.34833,21.371023,18.4773,18.934547,19.7668,16.507898,13.08061,14.95675,14.757274,11.2136,9.5059185,10.507596,8.926266,9.392526,11.804737,14.714829,13.968875,19.233591,20.02183,17.245054,19.997498,22.126768,22.261816,25.720428,27.664785,25.037893,26.436684,21.34468,23.64518,20.55908,22.400887,20.959934,22.529385,20.917685,20.364445,17.011347,18.883484,16.570787,21.967709,18.652815,24.06136,23.20936,26.704702,28.784225,31.110394,32.296715,33.566483,34.942963,33.63735,30.47148,26.351614,27.88736,21.53969,21.309988,17.259901,16.646694,13.622552,15.485422,12.70806,12.941358,16.225828,14.417864,11.485434,12.81192,12.638288,13.227686,16.311037,18.48904,21.671173,25.629446,23.883736,21.211344,20.422033,18.19168,18.872473,16.641178
16,22.502352,21.18351,16.612162,20.264004,22.494852,18.445225,18.22944,17.41767,14.120455,11.458355,11.17814,6.628865,7.6588416,11.181898,6.300226,4.4906154,0.0,4.02097,6.5495296,8.590955,14.128294,13.698843,18.033735,20.065002,22.491556,26.50832,26.805407,31.490639,30.634842,30.791033,29.785145,25.339357,24.545198,24.80053,22.14415,19.921032,19.171251,18.908123,16.911898,14.09031,14.599616,15.409371,12.143022,8.657174,11.058303,10.916753,7.3357506,6.0091114,8.243135,7.6856856,10.318279,13.171453,15.14969,13.404402,18.685421,18.268137,14.752363,17.063255,18.866764,18.402843,21.974678,23.877512,21.353012,23.056301,17.891489,20.745031,18.108152,20.14794,19.998291,20.839725,19.937864,20.334135,16.568733,17.394297,14.435914,19.243807,15.363014,20.738579,19.334166,22.90583,24.708353,27.407135,28.276005,29.344814,30.893326,29.382507,26.528505,22.222979,24.112894,17.644356,17.87871,13.814746,13.993131,11.751548,14.804267,12.580485,14.058945,17.740992,16.14378,12.863884,13.407123,11.675198,12.791777,14.181137,16.081573,19.59433,23.930216,22.345406,19.482117,19.95139,17.169664,18.94715,16.789553
17,20.572962,18.650154,14.605182,19.041004,20.564837,16.465536,17.12632,15.925447,11.947768,11.482762,10.410193,6.334639,8.998551,12.354011,8.944138,7.1519575,4.02097,0.0,4.828893,5.1531553,11.102115,10.676407,14.675266,17.165195,18.960352,23.252687,24.018885,28.535933,28.120872,28.537865,27.86396,23.192625,23.01581,24.06291,20.663492,18.021832,18.326221,18.30339,15.288211,12.726126,14.572916,14.82253,10.467383,8.643107,12.190409,10.162595,5.6504927,7.894763,9.276172,10.86509,12.820243,15.032485,17.298414,15.542485,20.305342,19.384966,15.053112,17.860521,18.542973,17.659403,21.52298,22.697165,19.89489,21.150335,16.010635,17.867603,15.122992,16.700651,16.654799,16.996935,16.235065,17.109463,13.101098,13.499825,10.774924,15.436849,12.137846,17.57448,16.851837,20.634779,22.91258,25.549158,26.875525,27.715101,28.725588,27.300673,23.850952,19.666132,20.973682,14.5251875,14.223287,10.207788,9.996786,7.8280115,11.321095,9.638764,11.87048,15.727431,14.810922,11.450585,12.38023,9.734799,12.433709,12.371259,15.288855,18.826447,23.444023,21.10976,17.967081,18.883728,14.8883295,17.113821,14.418358
18,22.756481,20.129055,16.304853,20.52003,21.0448,16.022871,16.331068,13.754864,11.0157795,11.627746,12.904295,9.772595,12.408162,16.839495,12.724545,10.125781,6.5495296,4.828893,0.0,4.7734103,7.840737,8.702569,12.482699,14.9946165,17.424221,21.685305,21.72961,26.558771,25.954092,25.477814,25.30772,20.562416,19.466854,20.911987,18.61821,14.780559,14.74354,15.862115,13.481979,9.471116,11.94539,13.808415,9.768549,6.7217555,11.947946,11.562272,7.747626,9.525828,12.543683,13.200333,16.607967,19.287285,21.054575,18.849264,23.779667,22.208725,17.757416,19.497013,20.166332,18.266075,22.082672,23.315592,20.86109,22.590311,17.578228,19.771944,17.661034,18.880138,19.66334,18.742682,18.350088,19.990152,15.425423,15.035242,13.186348,16.411062,13.441704,18.514902,17.172737,21.131065,22.769121,26.243694,26.814466,27.01318,28.40384,26.326723,23.563095,18.919266,20.624022,13.903174,13.756577,10.387341,10.198581,9.80567,12.549209,13.224666,15.598968,19.524368,19.239199,15.919149,17.141768,14.130936,16.952915,15.893599,18.353424,22.034513,26.79128,24.726736,21.53508,23.215895,18.852686,21.512539,18.572807
19,22.47807,19.597313,16.53392,21.529818,21.798164,17.298574,18.686121,16.241245,12.5061,14.66857,14.07888,10.907881,13.998268,16.96433,13.854877,12.2662735,8.590955,5.1531553,4.7734103,0.0,7.009507,5.5877647,9.60646,12.074198,13.918585,18.17174,18.947443,23.446589,23.196268,23.685295,23.27685,18.469227,18.79967,20.575861,16.671352,13.585293,14.968548,15.248878,11.393528,9.173269,12.467373,12.379449,7.2770214,7.705086,12.242273,9.285395,5.441927,10.119171,11.677342,14.377597,16.992662,19.074553,20.797504,18.574394,22.785107,20.7605,15.739265,18.080261,17.596643,15.666401,19.65554,20.132332,17.36816,18.56394,13.679663,15.116992,13.085216,14.229423,15.771895,14.647642,14.885215,17.081673,12.867287,11.578111,8.885962,11.816804,8.728094,13.839248,13.080325,17.094074,19.349157,22.405422,23.650434,23.96113,24.72253,23.060259,19.538097,15.215227,16.389317,9.775837,9.482507,5.7391596,6.4187894,6.57641,10.92698,10.994364,14.181968,17.91923,17.691101,14.520347,15.105079,11.268258,14.833254,12.288815,15.2894,18.824593,23.677565,21.129824,17.840294,20.11291,15.164361,18.409647,15.659195
20,23.916164,20.025276,17.913122,22.583212,21.129435,15.990613,17.582468,13.547759,11.476007,16.130085,17.315878,15.617084,18.956884,23.140268,19.96987,17.456667,14.128294,11.102115,7.840737,7.009507,0.0,5.5132685,5.951351,9.78492,11.04256,15.724065,16.05109,20.62129,20.863655,20.075119,21.211788,16.198381,15.765424,19.269897,16.664543,11.092191,13.450106,15.861991,12.478834,8.973477,13.88565,15.414866,11.101719,11.344008,16.834476,15.134571,12.173784,16.116413,18.488935,20.464764,23.644827,25.894808,27.665924,25.326677,29.624945,27.237068,22.145144,23.7529,22.8764,19.931086,23.691011,23.665125,21.299885,22.47405,18.309177,18.79752,17.490475,17.367516,19.167149,16.14059,16.620064,19.683453,15.074738,12.929061,12.9371395,13.219453,12.565141,16.190493,15.758203,19.695213,21.446898,25.22451,25.927502,25.140844,25.744457,23.363209,20.279114,15.909071,16.561214,10.655201,9.35471,8.398179,7.466832,10.155811,11.915796,15.381958,18.352165,21.915846,22.856943,19.903933,21.404726,17.646692,21.705637,18.553493,21.577217,24.978552,29.835445,27.10243,23.800774,26.45946,20.787834,24.069975,20.698729
21,26.393328,22.864607,20.645405,25.76525,25.035597,20.309895,22.030542,18.554428,15.648036,19.231554,19.224546,16.433233,19.570095,22.347721,19.155184,17.685328,13.698843,10.676407,8.702569,5.5877647,5.5132685,0.0,4.907466,6.5297503,9.258084,13.0446005,13.406607,18.028395,17.762794,18.190681,18.065697,13.142456,14.059062,16.682196,12.422061,8.738374,11.621495,12.323101,7.80414,6.5190163,11.187188,10.876561,6.340467,9.164679,13.584135,10.769537,9.030203,13.730323,15.489407,18.502129,21.733274,23.829536,24.954214,22.341278,26.027676,23.031715,17.804068,19.235146,17.755163,14.660268,18.40557,18.172434,15.802021,17.099934,13.031989,14.294654,13.623796,14.296775,17.661867,15.081955,16.49388,19.765785,15.792397,13.039791,10.813777,10.68729,8.215202,11.686521,10.376916,14.339461,16.097956,19.814386,20.592697,20.119675,20.785177,18.650936,15.509971,10.943138,12.302518,5.7808,6.284045,4.7964735,7.209896,9.966267,13.931492,15.256585,18.756577,22.240307,22.383146,19.423098,19.614702,15.29071,18.872297,14.681873,17.045288,20.329319,25.128563,22.753836,19.587452,23.076433,17.87948,21.805508,19.330294
22,26.975964,22.888689,21.666481,26.78261,25.03946,20.513968,22.791176,18.911774,16.461138,21.574076,21.663338,19.726553,23.148758,26.161133,23.45418,21.696539,18.033735,14.675266,12.482699,9.60646,5.951351,4.907466,0.0,4.868437,5.215065,9.82514,10.850932,15.055808,15.794043,16.0698,17.17269,12.2301,13.846137,17.911093,13.804032,9.164127,13.500383,15.0857315,10.649607,9.862772,14.953159,14.782469,10.857437,13.847499,18.332304,15.338213,13.666543,18.6069,20.160686,23.332993,26.297037,28.179474,29.543703,27.047924,30.525923,27.441183,22.127632,23.614906,21.507336,18.17089,21.644722,20.599026,18.376436,19.050795,15.8809595,15.464839,15.246027,14.702973,18.218529,14.330191,16.161856,20.078201,16.30752,12.8022785,12.372546,10.053252,10.2983055,12.066428,12.071474,15.5917,17.478203,21.080317,22.075832,20.914097,20.790867,18.575003,15.073298,11.229561,11.111859,6.5175505,5.1863317,6.957248,7.814444,11.756519,14.4127865,17.26961,20.73467,23.89416,24.816162,22.147228,22.805775,18.515104,22.674126,17.987413,20.77082,23.72693,28.398394,25.55104,22.426079,26.047626,20.215376,24.118118,21.310177
23,31.454315,27.521402,26.110643,31.298056,29.819988,25.208347,27.247284,23.229643,20.93194,25.371548,25.475304,22.899763,26.07217,28.49241,25.419294,24.164743,20.065002,17.165195,14.9946165,12.074198,9.78492,6.5297503,4.868437,0.0,5.620046,7.232081,6.8825803,11.569835,11.422085,12.253204,12.530914,7.6544223,10.533777,14.286097,9.466692,6.2191854,11.26875,12.039876,7.704697,9.081064,13.426913,12.464027,10.055076,14.100868,17.508345,14.83371,14.653803,19.168867,20.713009,24.05232,27.476221,29.443876,30.083782,27.260191,30.260601,26.495602,21.365606,22.00128,19.468153,15.590564,18.556128,17.260315,15.622065,16.70186,14.322651,14.960051,15.878091,15.983131,20.81978,17.216946,19.671026,23.646349,20.258572,16.5806,14.878693,11.953291,10.8887825,11.250016,9.708323,12.61515,13.554762,17.67305,17.94627,16.37559,16.607035,13.979476,11.487984,7.378236,8.587743,5.4181695,6.9804616,8.995405,11.674028,15.302295,18.817577,20.661005,24.30283,27.455223,27.838789,25.130758,24.927908,20.388414,23.856993,18.54786,20.21689,22.938498,27.376677,25.219334,22.38885,26.83109,21.684778,26.012861,23.945055
24,29.433714,25.24383,24.873728,30.13257,28.048489,24.129707,26.913967,23.220663,20.608877,26.192097,25.592365,23.82994,27.298388,29.58664,27.453308,26.088104,22.491556,18.960352,17.424221,13.918585,11.04256,9.258084,5.215065,5.620046,0.0,5.4551787,8.443234,11.284434,13.197714,14.78746,16.095394,11.82793,15.318033,19.65493,14.648664,11.5582905,16.677164,17.621185,12.918619,13.974565,18.675596,17.377605,14.040679,18.23035,21.972536,18.13981,17.214437,22.570278,23.42531,27.30322,29.849367,31.342447,32.575897,30.140299,32.938637,29.547009,24.238419,25.78414,22.729174,19.399967,22.435978,20.36946,18.32959,18.191904,16.324156,14.428527,15.180652,13.884588,18.359877,13.820942,16.593956,20.956604,18.126558,13.958473,13.835962,9.273238,11.258694,10.545438,11.763011,14.335555,16.48989,19.451256,20.982868,19.477047,18.224083,16.468458,12.270542,9.943548,7.914016,7.095588,5.591675,9.492519,10.662944,14.68322,17.198278,19.823236,23.360624,26.013926,27.125212,24.844366,25.112669,20.754156,24.974737,19.448019,22.14597,24.523823,28.842339,25.751717,22.898623,26.994715,21.098864,25.173002,22.76817
25,34.69621,30.566212,30.235157,35.543934,33.48904,29.557777,32.251114,28.37154,25.948372,31.274206,30.68654,28.552122,31.880812,33.687603,31.389713,30.391489,26.50832,23.252687,21.685305,18.17174,15.724065,13.0446005,9.82514,7.232081,5.4551787,0.0,4.886938,6.0978737,8.514605,11.564237,12.525374,9.531098,14.545931,18.604807,13.369509,12.233114,17.46639,17.76461,13.672422,16.23651,20.173248,18.226562,16.287828,21.092192,23.931362,20.313753,20.528177,25.562895,26.300192,30.360294,33.15938,34.631283,35.287254,32.640812,34.866455,30.89651,25.855083,26.698036,23.08202,19.470268,21.717325,19.025976,17.740606,17.543236,17.09374,15.559808,17.540098,16.585354,22.086184,17.7895,21.05802,25.441645,23.07676,18.806755,17.9357,12.890302,14.141962,11.584062,11.984153,13.137567,14.345417,17.218737,18.265,16.078638,14.348241,12.515946,9.22053,8.490996,6.3780026,9.404945,9.8321,13.560799,15.711035,19.541662,22.505388,24.523922,28.16025,30.702473,31.49513,29.276075,28.884207,24.396727,28.079535,22.012922,23.76229,25.68537,29.569805,27.03066,24.593868,29.394064,24.127296,28.472828,26.737154
26,37.46659,33.31199,32.4371,37.605766,35.625042,31.142525,33.320778,28.99251,27.173573,32.025826,32.2493,29.772224,32.94404,35.140022,32.100426,30.984324,26.805407,24.018885,21.72961,18.947443,16.05109,13.406607,10.850932,6.8825803,8.443234,4.886938,0.0,5.137725,5.0929356,6.9130573,8.054688,5.1429477,10.218964,14.384866,10.355533,9.299716,14.215676,14.860075,12.052036,14.544736,17.93459,16.723705,15.945369,20.154406,22.779943,20.457674,21.113972,25.352217,26.780293,30.215597,33.78327,35.67359,35.91935,32.965862,35.405994,31.125925,26.30099,26.24288,23.096724,18.963303,20.864399,18.756395,18.109173,18.911392,18.290596,18.492014,20.506489,20.254528,25.795116,21.74355,24.746702,29.020874,26.123692,22.073458,20.737349,16.521511,16.369127,14.5955715,13.143974,14.238604,13.912451,17.864174,17.373554,14.536643,14.221574,11.140113,10.553146,8.807438,9.3734455,10.905102,12.449952,15.395829,17.956074,21.767647,24.959457,27.034386,30.70592,33.617184,34.12729,31.596554,31.116398,26.528551,29.79616,23.964891,24.999825,27.160513,31.088173,29.273933,26.859026,31.86401,26.987793,31.463936,29.756596
27,40.685707,36.465645,36.127464,41.357655,39.109158,34.990288,37.48679,33.244278,31.3398,36.583843,36.43617,34.12886,37.36871,39.197453,36.540066,35.59294,31.490639,28.535933,26.558771,23.446589,20.62129,18.028395,15.055808,11.569835,11.284434,6.0978737,5.137725,0.0,4.50685,8.347257,9.673123,9.264299,14.475966,18.265474,14.287678,14.3743925,19.093742,19.364971,16.648775,19.625694,22.81686,21.065052,20.462194,25.072367,27.372765,24.576723,25.459127,29.944542,30.94602,34.762096,38.01513,39.641537,39.83664,36.969025,38.92921,34.518932,29.823372,29.819437,26.123825,22.23606,23.620771,20.788296,20.467735,20.579039,21.099705,20.329727,22.87534,22.188887,27.980305,23.741587,27.093954,31.491142,29.168125,24.89776,23.87613,18.867355,19.610006,16.584076,15.994345,16.018745,15.662647,18.592236,18.41391,15.240763,13.6471195,11.339173,11.028592,11.588907,10.739787,14.628697,15.780541,19.241512,21.638166,25.481054,28.46396,30.527151,34.189495,36.775436,37.44597,35.173607,34.53156,29.987469,33.283337,27.100267,28.068758,29.738703,33.247723,31.349201,29.236898,34.423637,29.632736,34.08631,32.637604
28,42.31647,38.241695,37.31438,42.539078,40.68227,36.18527,38.28225,33.91271,32.123547,36.67747,36.851646,34.083786,37.099117,38.877262,35.732067,34.94402,30.634842,28.120872,25.954092,23.196268,20.863655,17.762794,15.794043,11.422085,13.197714,8.514605,5.0929356,4.50685,0.0,5.956044,5.3065033,6.3351912,11.645357,14.501192,11.021717,12.464066,16.442308,16.246061,14.531569,17.925673,20.271217,18.579788,19.051481,23.418507,25.10933,23.134789,24.60652,28.413548,29.700325,33.15878,36.8646,38.7229,38.462406,35.383636,37.303005,32.63172,28.237846,27.507475,24.111753,19.983414,20.944939,18.554108,18.791534,19.681513,20.177471,20.88015,23.533594,23.596514,29.629536,25.842747,29.090532,33.335567,30.710066,26.620123,24.791243,20.490604,19.883984,17.318937,15.279992,15.098076,13.509541,17.182598,15.749631,12.197832,12.016899,8.680383,10.739869,10.5992365,11.708229,14.694882,16.850988,19.619505,22.628803,26.271687,29.79439,31.381199,35.105427,37.95468,38.177124,35.68725,34.71072,30.109575,32.876534,26.859076,27.080788,28.827505,32.270737,31.075119,29.05942,34.45933,30.205332,34.79891,33.597263
29,42.95717,38.699726,37.552296,42.4313,40.258816,35.36057,37.013836,32.201405,31.328117,35.844116,37.040966,34.46086,37.46073,40.156105,36.44392,35.1134,30.791033,28.537865,25.477814,23.685295,20.075119,18.190681,16.0698,12.253204,14.78746,11.564237,6.9130573,8.347257,5.956044,0.0,5.407824,6.177474,8.218155,12.234905,11.907731,11.02527,14.262863,15.722316,15.320365,17.074106,19.432713,19.500912,20.097624,23.168503,25.494389,24.805546,25.774622,29.011349,31.167957,33.77813,38.101814,40.39305,40.246155,37.03441,39.638897,35.10531,30.679148,29.6186,27.06675,22.634382,23.863184,22.400259,22.581818,24.11379,23.623629,24.924215,26.979044,27.027763,32.478645,28.42463,31.220211,35.447445,32.180405,28.314949,27.010853,23.237804,22.532022,21.171125,18.774254,19.506464,17.722342,22.138912,20.020985,16.467068,17.475643,13.639666,15.938788,14.305412,15.98167,16.959059,18.796259,21.228027,23.703606,27.473019,30.467941,32.891438,36.500443,39.657608,40.08074,37.335194,36.912025,32.331024,35.25101,29.737646,30.147348,32.398445,36.20124,35.065178,32.755283,37.869713,33.31201,37.815556,36.070835
30,43.962353,40.024868,38.46408,43.532337,42.012257,37.09217,38.646427,34.114605,32.687218,36.444496,37.21692,34.07506,36.809174,38.788536,35.010445,34.238,29.785145,27.86396,25.30772,23.27685,21.211788,18.065697,17.17269,12.530914,16.095394,12.525374,8.054688,9.673123,5.3065033,5.407824,0.0,5.036333,8.438954,9.871507,8.440641,10.884691,13.352527,13.005813,13.124539,16.290913,17.513601,16.531773,18.25075,21.769964,22.925114,22.341774,24.219908,27.026224,28.871313,31.61412,35.93913,38.154427,37.471123,34.168713,36.268097,31.449188,27.434505,25.834852,23.177464,18.809242,19.398222,18.012976,18.77688,20.68262,20.702272,23.007946,25.44148,26.182219,32.111168,28.722141,31.678492,35.71277,32.647064,28.869812,26.486786,23.131083,21.287287,19.697426,16.321157,16.349703,13.589055,18.115522,15.187555,11.563295,13.556833,9.42,13.387459,11.96544,14.83666,16.086035,18.914267,20.801136,24.121414,27.5002,31.321447,32.65195,36.34203,39.505314,39.34617,36.59464,35.479202,30.910978,33.151726,27.60621,27.151917,29.13317,32.592712,32.122807,30.123774,35.517803,31.746431,36.364975,35.23618
31,38.997505,35.060883,33.451077,38.50092,37.00045,32.084084,33.68644,29.23875,27.672258,31.559795,32.303802,29.315512,32.170822,34.442097,30.7421,29.73546,25.339357,23.192625,20.562416,18.469227,16.198381,13.142456,12.2301,7.6544223,11.82793,9.531098,5.1429477,9.264299,6.3351912,6.177474,5.036333,0.0,6.047959,9.293233,6.1704006,6.3382354,10.131037,10.469592,9.253926,11.92598,14.200989,13.49677,14.117483,17.662848,19.671043,18.678658,19.92983,23.151903,25.10639,27.910238,32.114567,34.353413,34.110344,30.905027,33.470955,28.982498,24.5097,23.571686,21.068396,16.62406,18.216236,17.016584,16.891706,18.756817,17.74762,19.813292,21.721275,22.342941,27.884987,24.435246,27.158876,31.147293,27.86196,24.182652,21.996206,18.914722,17.11764,16.290665,13.126097,14.286194,12.658963,17.527266,15.651198,12.776192,14.327845,10.417413,11.949121,9.006426,11.923612,11.7041855,14.343213,16.111538,19.241062,22.66393,26.363533,27.917276,31.574448,34.80496,34.806454,32.006233,31.239897,26.665966,29.287924,23.87957,24.086863,26.457794,30.38208,29.363714,27.01032,32.092358,27.84354,32.379665,30.881195
32,39.611042,35.704823,33.582245,38.17763,36.69117,31.31748,32.211777,27.436728,26.811203,30.075148,31.971165,29.017359,31.646774,34.7795,30.373632,28.89656,24.545198,23.01581,19.466854,18.79967,15.765424,14.059062,13.846137,10.533777,15.318033,14.545931,10.218964,14.475966,11.645357,8.218155,8.438954,6.047959,0.0,5.893565,8.206088,5.3384356,6.299242,9.08342,10.382617,10.471809,12.058984,13.867824,14.972035,16.424774,18.841179,19.775526,20.583973,22.650536,25.618633,27.209373,32.13509,34.868023,34.600925,31.277786,34.530037,30.291508,26.061007,24.616453,23.332354,18.8625,20.569056,20.604435,20.521196,23.065228,21.111147,24.05447,25.286715,26.13294,30.943336,27.614645,29.741726,33.47387,29.561985,26.378496,24.436539,22.399075,20.128124,20.700378,17.15058,18.981646,17.130976,22.353344,19.80939,17.22047,19.786587,15.720055,17.6421,13.917176,17.202787,15.01553,17.350521,18.222342,20.816837,23.987164,27.2699,29.290989,32.718822,36.278862,36.257317,33.186462,32.863354,28.48023,30.932287,26.395538,26.544243,29.370138,33.512165,32.787796,30.250822,34.898743,30.70255,35.02612,33.14063
33,42.552326,39.04072,36.35204,40.901745,40.1231,34.6757,35.175972,30.706152,29.871668,31.920748,33.764473,30.208906,32.342953,34.91491,30.13677,29.201042,24.80053,24.06291,20.911987,20.575861,19.269897,16.682196,17.911093,14.286097,19.65493,18.604807,14.384866,18.265474,14.501192,12.234905,9.871507,9.293233,5.893565,0.0,7.4944124,8.792969,6.4406314,6.571829,10.639617,11.6119995,10.476022,12.142385,15.246224,16.161942,16.821692,19.0906,20.921524,21.697657,24.725471,25.795471,31.077082,33.94149,32.926117,29.430197,32.340645,27.868547,24.402334,21.879587,21.241877,16.947807,17.813902,18.796024,19.434565,22.690172,20.941395,25.314375,26.701471,28.334578,33.346867,30.767347,32.869457,36.279644,32.456314,29.567093,26.619003,25.343699,21.825514,22.57059,17.977613,19.256706,16.378693,21.629515,17.989107,15.85734,19.722486,15.741257,19.000519,15.386932,19.708857,17.428541,20.572248,20.620802,23.86242,26.430143,30.375946,31.319048,34.69002,38.32106,37.6289,34.489006,33.519875,29.305248,30.791718,26.683964,25.704243,28.365324,32.12162,32.375637,30.17362,34.90995,31.727844,36.041782,34.74458
34,38.658596,35.240288,32.919254,37.96979,37.38206,32.422894,33.66206,29.668842,27.621336,30.199364,30.658253,26.993599,29.388086,31.002882,27.035145,26.62149,22.14415,20.663492,18.61821,16.671352,16.664543,12.422061,13.804032,9.466692,14.648664,13.369509,10.355533,14.287678,11.021717,11.907731,8.440641,6.1704006,8.206088,7.4944124,0.0,7.00526,8.374822,5.6567135,5.381436,9.730319,10.066256,8.09529,10.497378,14.066984,14.588552,14.21637,16.521484,18.796043,20.644342,23.278746,27.651207,29.958246,29.139805,25.794876,28.13149,23.463863,19.40596,17.79402,15.717039,11.201773,12.601017,12.410912,12.584697,15.454425,14.054128,18.072048,19.86968,21.565714,27.112173,24.74042,27.249617,30.73759,27.496067,24.301147,20.80804,19.085682,15.422995,15.414377,10.690652,11.791681,9.348323,14.662561,12.085978,10.348861,13.449529,9.897351,11.882912,8.111165,12.791442,11.156261,14.862171,15.170376,19.104486,21.688023,26.240267,26.43533,30.028841,33.357864,32.594387,29.702688,28.257202,23.834488,25.51042,20.54039,19.706564,22.104765,25.89534,25.692497,23.537317,28.638126,25.385065,29.89535,28.981434
35,34.63025,30.844122,28.663416,33.445232,32.22023,26.994127,28.141378,23.694223,22.358139,25.702557,27.043615,24.064884,26.83245,29.823442,25.716196,24.271658,19.921032,18.021832,14.780559,13.585293,11.092191,8.738374,9.164127,6.2191854,11.5582905,12.233114,9.299716,14.3743925,12.464066,11.02527,10.884691,6.3382354,5.3384356,8.792969,7.00526,0.0,5.3184547,7.6013255,6.3054924,6.0630126,9.366726,10.561691,10.200766,12.254938,15.406951,15.290698,15.610286,18.389952,21.090147,23.156427,27.676006,30.246113,30.356567,27.189249,30.597815,26.64974,22.010063,21.394564,19.97601,15.686361,18.232416,18.182346,17.30209,19.604834,16.922638,19.59466,20.389181,21.257648,25.786789,22.67497,24.656685,28.269218,24.359877,21.26926,19.163666,17.542124,15.075628,16.338284,13.081858,15.724344,14.99856,20.030607,18.604218,16.767902,18.735783,15.206954,15.229535,10.703361,13.833442,10.204785,12.469691,12.944385,15.62116,18.691362,22.20799,23.972021,27.429138,30.96717,30.945768,27.902342,27.655348,23.262953,25.978374,21.463861,22.155722,25.168655,29.576794,28.371546,25.63122,30.023792,25.574883,29.824879,27.82579
