,0,1,2,3,4,5,6,7,8,9,10,11,12,13,14,15,16,17,18,19,20,21,22,23,24,25,26,27,28,29,30,31,32,33,34,35,36,37,38,39,40,41,42,43,44,45,46,47,48,49,50,51,52,53,54,55,56,57,58,59,60,61,62,63,64,65,66,67,68,69,70,71,72,73,74,75,76,77,78,79,80,81,82,83,84,85,86,87,88,89,90,91,92,93,94,95,96,97,98,99,100,101,102,103,104,105,106,107,108,109,110,111,112
0,0.0,4.867567,6.5482273,6.1647553,7.6331344,11.2901945,14.153689,17.10135,12.238418,17.332964,14.601889,18.589281,20.271273,20.233322,24.38326,24.06436,26.541533,25.234861,29.760838,27.23036,33.90279,30.00059,33.36126,33.091404,33.513638,34.67586,37.24357,37.864765,38.273884,43.035133,40.219273,37.61075,41.445736,41.69728,34.34255,36.724094,39.01866,35.819393,31.575542,34.428345,35.402378,30.481482,28.425285,32.189304,31.17201,25.124222,25.681103,29.056337,25.243326,31.4184,28.763632,27.451458,27.503746,27.284939,26.07459,22.752268,21.584503,25.985016,22.745405,25.682762,26.216785,24.59568,22.84558,20.209076,21.048807,19.653372,19.51505,21.661081,22.73696,26.8093,27.949316,27.55172,29.29954,28.955132,24.422821,26.253447,24.139742,23.366358,25.159824,24.172237,27.424343,23.51976,28.753119,31.442719,29.574633,31.923977,28.01681,28.855509,28.553661,28.359236,29.706459,27.515825,30.413267,28.233381,33.563545,27.872362,24.687263,24.43081,24.611895,20.196348,19.688154,16.568655,19.07009,14.139844,19.499458,16.376184,16.117247,14.164317,15.190024,9.519755,14.95915,12.343836,15.0289955
1,4.867567,0.0,5.144131,7.6064196,6.22984,8.084103,11.852989,13.59276,8.866092,15.599225,13.798705,17.331457,19.700626,20.843296,23.999056,22.997759,25.06526,23.143093,27.51023,24.552652,30.847752,27.0002,29.940428,29.888708,29.71599,30.963661,33.916016,34.300224,35.148872,39.969654,37.56639,34.780964,38.840523,39.687378,32.140423,33.98021,36.71932,33.986572,29.307606,31.930967,33.5553,28.852884,26.159496,30.161354,29.954582,23.515135,23.523487,27.621323,24.12677,30.3733,28.655058,27.821997,28.20836,27.560154,27.121233,23.473969,21.222736,25.737738,22.163527,24.417856,25.523394,23.461992,21.299032,18.231102,18.9159,16.18283,15.8508005,17.4513,18.421537,22.382927,23.65744,23.463825,25.447195,24.88338,20.69902,22.1657,20.833364,19.982456,22.461884,21.739374,25.502243,21.854017,27.28471,29.527605,27.100452,29.492582,24.90391,25.83814,24.92465,25.007818,26.0,24.134678,26.976028,24.96088,30.414297,25.109844,21.605011,21.473818,21.069456,16.709263,16.660667,13.299683,16.454855,12.272058,17.892946,15.955203,17.083206,14.189219,14.126922,8.309917,12.015078,8.37521,11.172768
2,6.5482273,5.144131,0.0,5.494877,7.258845,6.945326,9.4434395,11.830432,6.211048,11.12195,8.805204,12.741665,14.7916765,16.374416,19.401491,18.361607,20.95018,19.52374,24.05307,21.826462,28.517347,25.20341,28.639921,29.125359,29.299274,31.320774,34.142513,35.237648,36.001434,40.31182,38.10383,34.830982,38.243065,38.915947,31.85594,33.33889,35.43875,32.809227,28.386826,30.359495,31.676292,27.398682,24.541954,27.709402,27.389814,21.334953,20.94738,24.388893,20.426647,26.552532,24.551529,23.451023,24.328657,24.02741,24.05636,21.079422,18.914854,23.892277,21.189741,23.811775,25.327208,24.076204,21.624939,19.21703,18.560257,16.758121,15.413669,17.493868,17.331877,21.928291,22.468008,21.593716,23.36158,23.544153,19.185926,22.100492,20.093607,20.719286,22.626862,22.683111,26.468132,23.561037,28.713905,30.77626,28.880733,30.623587,26.006205,25.956583,25.45948,24.159388,24.976992,22.405542,24.721453,22.216595,27.401402,21.513956,18.352854,17.901674,18.268723,13.858098,13.219846,10.617287,13.579721,9.288315,15.576221,14.24809,15.654983,14.304844,14.157465,8.967799,11.455622,9.093725,9.79379
3,6.1647553,7.6064196,5.494877,0.0,5.729502,8.493538,9.654037,13.810306,10.019892,12.92156,11.609263,16.2331,17.341257,18.675016,22.30346,21.476273,24.81254,23.952482,28.523003,26.808798,33.583927,30.515923,34.021355,34.603634,34.7324,36.760548,39.61189,40.601723,41.3562,45.749615,43.4218,40.25077,43.63854,44.120224,37.116028,38.76528,40.710964,37.929573,33.68263,35.6506,36.715153,32.41851,29.78915,32.675774,32.008698,26.271177,25.965088,28.862656,24.554731,30.46418,27.726528,25.99624,27.001553,27.30793,26.864037,24.423325,23.141497,28.083687,25.642754,28.654896,29.798195,28.662079,26.47944,24.092648,23.768963,22.125721,20.88058,22.766407,22.042488,26.878933,27.172253,25.794432,28.007,28.540598,24.434484,27.44391,25.585018,26.074476,27.972216,27.783209,31.383589,28.096298,33.28385,35.63187,33.76943,35.717884,31.2662,31.38957,30.874748,29.636032,30.35699,27.699728,29.698193,26.921755,31.839163,25.553185,22.637344,21.451862,21.735874,17.593304,17.255877,15.626071,18.651638,14.351005,20.540098,18.597937,18.921362,18.168938,18.73825,13.309193,16.888058,14.283839,15.043825
4,7.6331344,6.22984,7.258845,5.729502,0.0,5.8127623,8.308729,11.517439,9.286138,14.495617,14.817298,19.0264,20.84565,23.108698,25.99494,24.503796,27.41112,25.826242,30.214752,27.885582,34.1354,30.992664,33.845276,34.473576,33.76724,35.53654,38.857784,39.19296,40.44814,45.1636,43.128872,40.081055,43.99686,45.09762,37.695137,39.027596,41.678474,39.259174,34.524292,36.559147,38.34476,34.04075,30.934141,34.35446,34.43624,28.196608,27.54162,31.325315,27.410532,33.451176,31.566147,30.273323,31.366026,31.23403,31.10972,28.107582,26.042597,30.896488,27.782665,30.145247,31.468704,29.585945,27.291742,24.270126,24.49972,21.303207,20.24757,21.217268,20.374693,24.97097,25.55848,24.409506,27.276604,27.428667,23.946613,26.02973,25.394659,25.172329,27.956488,27.587067,31.528297,28.008211,33.45419,35.57317,32.949615,35.321106,30.340326,31.07023,29.728664,29.40475,29.74915,27.712711,29.718819,27.200445,32.29624,26.504288,23.116934,21.867144,20.997982,17.01724,17.657696,15.868011,19.792217,16.18935,22.480288,21.123663,22.16458,20.058994,20.051352,14.286798,17.098787,13.212662,14.385444
5,11.2901945,8.084103,6.945326,8.493538,5.8127623,0.0,4.235633,5.948822,4.4212418,10.173875,11.931654,15.4255085,17.65039,21.276224,22.919191,20.707624,23.391027,21.516525,25.669973,23.45844,29.380642,26.76665,29.433716,30.66619,29.587538,31.97772,35.529568,36.137814,37.731575,42.07453,40.59331,37.092075,40.7193,42.256565,35.125153,35.670628,38.281105,36.426266,31.550318,32.875923,35.068356,31.353874,27.615833,30.62466,31.445105,25.283026,23.831497,27.796217,24.071203,29.88403,28.840841,27.920721,29.56005,29.21011,30.048191,27.200596,24.322666,29.343397,26.541101,28.437239,30.466343,28.752516,26.004972,23.146206,22.399258,18.67778,16.741983,17.29189,15.214064,20.159447,20.26267,18.750147,21.81134,22.314083,19.284111,21.979631,21.793255,22.535254,25.493343,25.89693,30.182545,27.46682,32.761787,34.327312,31.630596,33.53854,28.032864,28.154907,26.524982,25.517359,25.313274,23.192543,24.653408,22.002838,26.936045,21.276752,17.825409,16.386837,15.218165,11.351688,12.408494,11.369909,15.797968,13.489057,19.810045,19.965681,22.178688,20.234135,19.366535,14.341415,14.668302,11.008217,10.32962
6,14.153689,11.852989,9.4434395,9.654037,8.308729,4.235633,0.0,5.073257,6.3930902,8.015237,11.667718,15.165115,16.774664,21.226227,22.395115,19.87223,23.12326,21.715199,25.74515,24.293316,30.144144,28.218641,30.984423,32.744457,31.613794,34.530922,38.11387,39.01678,40.70855,44.735683,43.504486,39.721874,42.956486,44.516018,37.740685,37.910767,40.16399,38.53027,33.8193,34.574272,36.67779,33.402534,29.498486,31.797405,32.722717,26.988245,25.097107,28.501635,24.533653,29.954329,28.825064,27.629301,29.830252,29.855833,31.066631,28.8298,26.118954,31.304543,29.065943,31.098396,33.326546,31.992449,29.140615,26.571033,25.245436,21.858892,19.404434,19.884874,16.569435,21.838596,21.192957,18.818195,22.142689,23.4107,20.819344,24.330114,24.142385,25.678553,28.435806,29.233862,33.525185,31.124739,36.298767,37.755455,35.23111,36.86016,31.285416,30.931831,29.358887,27.614874,27.044271,24.599754,25.307611,22.244783,26.643826,20.618172,17.59213,15.270877,14.23454,10.99513,12.203341,12.807435,17.090689,15.359442,21.67531,22.286238,24.482313,23.302324,22.48367,17.714664,17.632029,14.570164,12.799749
7,17.10135,13.59276,11.830432,13.810306,11.517439,5.948822,5.073257,0.0,6.306603,8.975656,13.207658,15.415575,17.68,22.781199,22.893646,19.801765,22.258812,20.1938,23.764273,21.949411,27.06156,25.415255,27.597431,29.684824,27.910757,31.012466,34.887505,35.629574,37.729042,41.61637,40.876736,36.95826,40.245167,42.35977,35.656918,35.199604,37.782833,36.69673,31.751787,32.133636,34.838013,31.956564,27.559967,29.90533,31.656002,25.855042,23.42092,27.382427,23.997149,29.2036,29.140583,28.544563,30.854206,30.41331,32.212627,29.71738,26.238008,31.2377,28.857801,30.200338,32.847675,31.281614,28.219194,25.571827,23.994675,19.733822,16.960493,16.584997,12.367892,17.514883,16.70256,14.316011,18.087803,19.272505,17.491053,20.729164,21.520082,23.252237,26.418478,27.579206,32.07999,30.156128,35.1822,36.152115,33.308456,34.789917,28.811846,28.375895,26.264076,24.619144,23.511467,21.48123,21.8627,19.04343,23.392204,18.09557,14.7915325,12.615063,10.415397,7.657845,9.973548,11.005365,15.590991,15.292831,21.002102,22.68916,25.728544,24.020998,22.52012,18.426474,16.56765,13.550804,10.875359
8,12.238418,8.866092,6.211048,10.019892,9.286138,4.4212418,6.3930902,6.306603,0.0,7.946744,8.787153,11.542496,14.213672,18.01887,19.156609,16.86921,19.180807,17.151833,21.324806,19.083708,25.16515,22.563303,25.471033,26.794584,26.054375,28.736929,32.097694,33.155273,34.590008,38.63495,37.22052,33.495804,36.814575,38.287697,31.39335,31.772783,34.137707,32.36283,27.575506,28.666752,30.797972,27.280771,23.433287,26.243212,27.163696,21.0876,19.457008,23.427195,19.815367,25.615934,24.907341,24.295052,25.963692,25.38816,26.634129,23.823627,20.569504,25.608858,23.082333,24.849276,27.193233,25.79987,22.862005,20.36228,18.880516,15.617094,13.190875,14.195283,12.154308,17.238176,17.221157,15.851477,18.27751,18.841965,15.380177,18.742786,17.983343,19.477146,22.063526,22.924818,27.213844,25.066786,30.119041,31.467855,29.097473,30.562626,25.100767,24.660004,23.359095,21.654957,21.534008,19.103388,20.62736,17.950052,23.011372,17.336506,13.850558,12.94609,12.446554,8.116009,8.4703455,7.020552,11.404443,9.562218,15.745725,16.636742,19.465736,17.847528,16.56733,12.388279,11.274363,8.587679,6.5577784
9,17.332964,15.599225,11.12195,12.92156,14.495617,10.173875,8.015237,8.975656,7.946744,0.0,6.3364305,8.419332,9.456064,15.145494,15.052581,12.1936655,15.8690195,15.221393,19.153881,18.87458,24.954994,23.790823,27.171598,29.403883,29.07914,32.761528,35.83119,37.748978,39.067333,42.2905,41.225033,36.982883,39.235695,40.448887,34.564953,34.348972,35.641754,34.187805,30.054758,29.958506,31.543812,29.018578,25.147291,26.191847,27.02516,22.23029,19.869312,22.161654,17.998085,22.819387,21.784113,20.620102,23.460215,23.686037,25.78263,24.44753,21.738014,26.932894,25.88788,28.011349,30.665525,30.320766,27.304909,25.701628,22.956585,21.16123,17.941797,19.210487,15.420844,20.732054,19.271675,16.412262,18.498304,20.664454,17.770533,22.938076,21.536098,24.749847,26.444544,28.102661,32.128197,30.771587,35.34741,36.51071,34.829754,35.54602,30.343662,28.752506,28.021086,24.553087,23.986155,20.678932,20.71388,17.171398,20.97834,14.288749,12.158142,9.653025,10.931912,8.094775,7.418518,9.950099,12.699713,12.209817,17.572254,19.344307,21.979652,22.277136,21.232433,18.017426,16.433653,15.517587,12.0545635
10,14.601889,13.798705,8.805204,11.609263,14.817298,11.931654,11.667718,13.207658,8.787153,6.3364305,0.0,4.7316694,6.075036,9.671862,11.267561,9.897114,13.362037,13.046708,17.544395,16.951605,23.858446,21.775097,25.838842,27.241383,28.019817,31.215746,33.660007,35.898277,36.51389,39.77345,38.054047,34.064293,36.220436,36.68675,30.799875,31.453856,32.383327,30.193052,26.420225,27.012653,27.825226,24.70246,21.620432,22.964117,22.690193,17.859821,16.544197,18.468313,13.926777,19.429316,17.38337,16.100283,18.168127,18.32712,19.806482,18.318785,16.081684,21.333675,20.455832,23.142447,25.422375,25.504663,22.731049,21.589767,18.811445,18.637827,15.964981,18.456963,16.737886,21.549744,20.849653,19.078909,19.908623,21.344519,17.118235,22.148598,19.20765,22.22593,23.044922,24.435183,28.013443,26.613678,30.968594,32.4765,31.43795,32.01541,27.571617,25.893906,26.098654,22.556894,23.007664,19.413252,20.570732,17.416275,21.710012,15.150148,13.131308,12.455892,14.770174,11.196683,8.96825,8.871217,9.964135,7.690377,12.883922,13.697279,15.906637,16.975134,16.346731,13.770104,13.101529,13.4278345,10.969615
11,18.589281,17.331457,12.741665,16.2331,19.0264,15.4255085,15.165115,15.415575,11.542496,8.419332,4.7316694,0.0,3.6164927,8.405044,7.660726,5.672128,8.656421,8.515217,12.931851,12.91773,19.75137,18.16672,22.414564,24.136698,25.25331,28.862452,31.033579,33.780647,34.307568,37.008415,35.59159,31.320185,32.89522,33.389023,28.109377,28.260317,28.733255,26.897709,23.409348,23.305199,24.040522,21.595583,18.325771,18.852047,18.921682,14.700336,12.776011,14.195661,9.740938,14.993214,13.796947,13.193409,15.673496,15.465056,18.053425,16.954517,14.126152,19.135418,19.001043,21.242558,24.005726,24.5696,21.660696,21.141157,17.41887,17.966797,14.911198,17.497238,15.702693,19.970276,18.932203,17.292002,17.116243,18.819126,14.691665,20.379116,17.007675,21.068092,21.314943,23.37806,26.786787,26.29538,30.109295,31.167908,30.49464,30.453857,26.174221,23.73197,24.28663,19.784164,20.134655,16.205254,16.964226,13.815929,17.718708,11.341397,10.038818,10.256622,13.589491,10.8682785,7.7956977,8.434198,7.5181093,7.6722527,10.702884,13.225153,16.24323,17.745968,16.575417,15.581207,13.091503,14.742749,11.44002
12,20.271273,19.700626,14.7916765,17.341257,20.84565,17.65039,16.774664,17.68,14.213672,9.456064,6.075036,3.6164927,0.0,6.748509,5.7643285,4.508316,8.888823,10.247473,14.153529,15.237806,21.807768,20.732439,25.108253,26.928843,28.323284,32.05237,34.004074,36.985207,37.34287,39.791374,38.333046,34.045265,35.200085,35.34942,30.557621,30.755756,30.686172,28.785948,25.795029,25.427614,25.619585,23.502855,20.670176,20.414509,19.95843,16.707138,14.99854,15.073739,10.379022,14.715401,12.542174,11.169615,14.274933,14.841404,17.493328,17.397346,15.485182,20.292019,20.886328,23.460157,26.022642,27.03139,24.302183,24.084253,20.317469,21.431828,18.465897,21.093252,19.054491,23.339342,22.027338,20.030544,19.790916,21.87466,17.997282,23.839321,20.283499,24.464884,24.376657,26.435417,29.585447,29.153492,32.788746,33.948505,33.59681,33.40375,29.431368,26.802464,27.63562,22.843935,23.201614,19.144201,19.467932,16.21681,19.32865,12.894131,12.493219,12.152962,15.846996,13.599464,10.70061,11.9906,10.957286,10.777783,13.261393,15.2432575,17.519,19.90138,19.157925,18.183893,16.432768,18.066074,14.956177
13,20.233322,20.843296,16.374416,18.675016,23.108698,21.276224,21.226227,22.781199,18.01887,15.145494,9.671862,8.405044,6.748509,0.0,5.9732566,8.807655,11.233001,13.116797,16.725258,17.516825,24.203175,22.283533,27.071424,27.868267,30.374462,33.399643,34.586033,37.795288,37.347794,39.761932,37.546917,33.725243,34.65616,33.75532,29.259163,30.57414,29.925064,27.093708,24.90648,25.387835,24.359648,21.641254,20.300627,20.196802,17.890831,15.424676,15.54549,14.45529,9.865051,14.06455,9.5477085,7.363345,8.864026,9.996698,11.360642,11.97316,11.879774,16.205366,17.565489,20.952768,22.717287,24.471743,22.33828,22.840158,19.400557,22.39507,20.35584,23.77851,23.460197,27.208078,26.594296,25.413292,24.526403,25.867807,21.22111,26.3608,21.619621,25.163618,24.048962,25.600134,27.928757,27.436632,30.577343,32.184677,32.68035,32.345757,29.510393,26.958006,28.79002,24.28557,25.666258,21.69649,23.041878,20.465143,23.653513,18.066784,17.730106,18.334265,21.947279,19.212435,16.167217,15.6853,13.558337,11.797658,12.506876,12.537079,13.284093,17.229408,17.356718,17.436237,17.235914,19.695164,17.979313
14,24.38326,23.999056,19.401491,22.30346,25.99494,22.919191,22.395115,22.893646,19.156609,15.052581,11.267561,7.660726,5.7643285,5.9732566,0.0,4.1700563,6.096065,9.167015,11.934943,14.102177,20.108032,19.405949,24.048796,25.663326,27.994768,31.723572,32.934597,36.537727,36.38069,38.139427,36.647892,32.354416,32.630527,32.19483,28.453556,28.649153,27.600666,25.675348,23.643534,22.815222,22.082449,20.684578,18.639214,17.127356,15.936462,14.49407,13.207757,11.148954,6.7820597,9.655648,6.9201717,6.0405006,9.637264,10.205937,13.932162,14.976689,13.542258,17.428076,19.380104,21.803152,24.37459,26.258904,23.788555,24.51819,20.194014,22.838358,20.143898,23.09611,21.869623,25.258566,23.997797,22.545256,21.07058,23.007423,19.13659,24.940224,20.54531,25.213392,24.058258,26.448145,28.929388,29.342361,32.143436,33.06452,33.517735,32.639797,29.502316,26.206526,27.889656,22.40899,23.16359,18.997986,19.274183,16.615587,18.78998,13.623464,14.400375,15.220173,19.382185,17.735458,14.560955,15.393331,12.600462,13.314843,12.944412,15.375285,17.498306,20.818293,20.06946,20.705933,18.4839,21.284006,18.381565
15,24.06436,22.997759,18.361607,21.476273,24.503796,20.707624,19.87223,19.801765,16.86921,12.1936655,9.897114,5.672128,4.508316,8.807655,4.1700563,0.0,4.865009,7.185033,10.265831,12.45349,18.402481,18.162962,22.48062,24.70915,26.270615,30.383389,32.107075,35.48977,35.849575,37.71034,36.661953,32.13131,32.680805,32.963074,28.889885,28.442049,27.924368,26.560232,23.910412,22.682526,22.873987,21.687899,18.672451,17.351812,17.483028,15.2216425,12.803397,12.024821,7.9196324,11.102199,10.43039,10.122713,13.710909,13.833057,17.661945,17.945694,15.521235,19.757357,20.989662,22.946512,25.928015,27.257557,24.452986,24.690948,20.291267,21.73373,18.543863,20.969276,18.767603,22.396856,20.73606,18.845963,17.71357,20.084763,16.71812,22.882446,19.286793,24.241198,23.765665,26.390808,29.375568,29.747099,32.879795,33.562084,33.448383,32.721798,28.88051,25.630386,26.645044,21.103416,21.205051,17.031961,16.674541,13.562204,15.801302,9.956796,10.757491,11.173413,15.42152,14.19221,11.143574,12.997107,10.818083,12.561312,13.198506,16.535418,19.414291,21.81024,20.599716,20.651335,17.586756,19.904423,16.28332
16,26.541533,25.06526,20.95018,24.81254,27.41112,23.391027,23.12326,22.258812,19.180807,15.8690195,13.362037,8.656421,8.888823,11.233001,6.096065,4.865009,0.0,3.992158,5.8751926,8.734733,14.184053,14.232944,18.603386,20.83304,22.863968,27.043003,28.3612,32.119217,32.303715,33.670193,32.84145,28.204552,28.276094,28.59954,25.096474,24.24605,23.374783,22.36544,20.034042,18.228174,18.386024,17.906374,14.854451,12.727987,13.435074,12.024697,9.158279,7.665552,4.872174,7.181216,9.010977,10.465815,13.344073,12.423349,17.022787,17.119635,14.025871,17.461535,19.104372,20.319382,23.639585,25.2278,22.447834,23.212074,18.34003,20.403502,17.356277,19.759838,18.31179,20.88735,19.380894,18.282188,15.947034,17.944504,14.748653,20.719463,16.783352,22.222464,21.16244,24.227,26.894276,28.077326,30.599497,30.828728,31.037622,29.783375,26.302603,22.517052,23.923002,17.845072,18.074171,13.928536,13.549657,11.173896,12.938052,8.787547,10.274131,12.246341,16.383852,15.635946,12.575117,13.759294,10.252426,13.37056,11.752093,16.18209,19.613152,21.803324,20.153032,21.449312,17.315859,20.470123,16.896168
17,25.234861,23.143093,19.52374,23.952482,25.826242,21.516525,21.715199,20.1938,17.151833,15.221393,13.046708,8.515217,10.247473,13.116797,9.167015,7.185033,3.992158,0.0,4.60931,5.2688136,11.601653,11.0027685,15.307927,17.624718,19.227566,23.433865,25.10237,28.608578,29.082752,30.752188,30.061592,25.356663,25.989798,26.889265,22.71044,21.628857,21.56381,20.75216,17.640444,16.025059,17.164677,16.302092,12.381422,11.382082,13.196671,10.30156,6.542578,7.8134336,5.8961077,9.521016,12.080177,13.744965,15.940072,14.394614,18.5814,17.568642,13.503088,17.088541,17.784729,18.454792,22.074942,23.085548,20.076513,20.499264,15.616464,16.92659,13.724486,15.9036875,14.680379,16.97943,15.701147,15.093722,12.577956,14.160644,10.762922,16.748,13.086724,18.662046,18.013203,21.219234,24.223696,25.420338,28.12037,28.15895,27.93344,26.824036,22.882214,19.203835,20.20692,14.219438,14.290415,10.108639,10.160258,7.863173,10.927845,6.976385,7.46935,10.437751,14.047291,13.196273,10.282871,10.936618,7.1799936,11.436637,9.722014,14.93183,19.050707,20.242645,18.113602,19.464764,14.435234,17.612122,13.896905
18,29.760838,27.51023,24.05307,28.523003,30.214752,25.669973,25.74515,23.764273,21.324806,19.153881,17.544395,12.931851,14.153529,16.725258,11.934943,10.265831,5.8751926,4.60931,0.0,5.070102,8.472179,9.837773,13.599942,16.515493,18.289242,22.871792,24.142006,28.095427,28.565962,29.37283,29.285286,24.38193,24.108902,25.237328,22.244675,20.19422,19.46687,19.60069,17.168974,14.157392,15.39284,16.144693,12.298655,9.419968,12.520606,11.630623,7.585684,7.2792783,8.040326,8.4088545,13.090278,15.513483,17.696213,15.922058,20.678186,20.139257,16.150782,18.658195,19.984116,19.886454,23.706148,25.013773,22.142174,23.025776,17.935099,19.463211,16.417088,18.055758,16.78145,17.952248,16.350994,16.033958,12.456087,14.186513,12.16429,17.709948,14.473369,20.414705,19.340628,22.97947,25.592339,27.617428,29.637257,29.120121,29.186394,27.477247,23.905174,19.64473,20.81727,14.238587,13.8551655,10.085482,8.770977,7.569065,8.274579,7.4333014,9.498746,12.673343,16.096,16.330748,13.83058,14.895908,11.186188,15.815003,13.043655,18.508018,22.629541,23.866438,21.56918,23.554882,18.068256,21.434946,17.682316
19,27.23036,24.552652,21.826462,26.808798,27.885582,23.45844,24.293316,21.949411,19.083708,18.87458,16.951605,12.91773,15.237806,17.516825,14.102177,12.45349,8.734733,5.2688136,5.070102,0.0,7.1469145,5.794937,10.05685,12.499906,14.129391,18.427671,20.038553,23.655811,24.26141,25.733355,25.425724,20.570278,21.31476,22.883505,18.65304,16.846668,17.355034,17.20344,13.643157,11.58884,13.930145,13.492634,8.712117,8.392438,12.025848,8.935809,4.4388123,8.146007,8.964408,11.56717,15.493717,17.860708,19.218798,16.899183,20.886702,19.098509,14.317805,16.913929,17.045774,16.422539,20.423712,21.064589,18.023941,18.584892,13.617284,14.628254,11.75745,13.399489,13.37138,13.984044,13.262663,14.08255,10.426135,10.777054,7.763151,12.892824,9.41682,15.385805,14.591263,18.275507,21.188671,23.132702,25.345339,24.761578,24.4149,22.950335,18.976572,14.911878,15.855323,9.428045,9.440235,5.4280014,6.3516064,6.117987,9.4689045,8.77125,8.74972,12.716372,15.213451,14.75673,12.500522,12.137615,8.253707,13.236608,10.055799,15.833244,20.430723,20.627317,17.934088,20.18266,14.077952,17.61254,14.274515
20,33.90279,30.847752,28.517347,33.583927,34.1354,29.380642,30.144144,27.06156,25.16515,24.954994,23.858446,19.75137,21.807768,24.203175,20.108032,18.402481,14.184053,11.601653,8.472179,7.1469145,0.0,5.565821,6.3509464,10.346901,11.464499,16.345577,17.485884,21.533266,22.468164,22.528128,23.599417,18.517733,18.08188,20.75684,18.327118,14.409492,14.636872,16.637661,13.956663,9.607052,13.198173,15.241449,10.910053,8.928194,14.443372,13.736778,10.149027,12.110667,14.876741,14.866726,20.31188,23.231985,24.519896,21.985954,26.287504,24.77311,20.11051,21.362099,21.806038,19.931314,24.009686,24.635666,21.903616,22.807089,18.149464,18.72718,16.38016,16.713179,16.636635,15.093178,14.145801,15.767761,10.973132,10.845203,11.120176,14.145879,12.595663,18.13112,17.159615,21.195503,23.51297,26.56798,27.764053,26.17577,25.93493,23.691881,20.214853,15.673604,16.32443,9.977464,8.63006,7.275717,5.600781,8.448191,8.025159,12.228779,13.262189,17.041353,18.788336,19.671423,18.135433,18.306726,15.054275,20.15023,16.52997,22.19681,26.76778,26.641209,23.727446,26.481655,19.96052,23.297028,20.049078
21,30.00059,27.0002,25.20341,30.515923,30.992664,26.76665,28.218641,25.415255,22.563303,23.790823,21.775097,18.16672,20.732439,22.283533,19.405949,18.162962,14.232944,11.0027685,9.837773,5.794937,5.565821,0.0,4.875274,6.7738094,9.151953,13.177443,14.378649,18.2749,18.823635,20.002674,20.05587,15.078767,15.998037,18.347153,14.118322,11.414226,12.847212,13.502215,9.528012,7.1293464,11.153804,11.205348,6.196322,7.475086,12.248747,9.676247,6.9067636,10.990042,13.404138,15.191986,19.5934,22.387434,22.917145,20.039745,23.559689,21.146648,16.169462,17.396296,16.963675,14.848441,18.953543,19.209959,16.422976,17.291124,12.741204,13.726288,11.980045,12.939999,14.817016,13.283917,13.660664,16.079105,11.905833,10.333372,8.402738,10.539524,7.504921,12.9304,11.628157,15.658152,18.093582,21.00564,22.371046,21.01193,20.705408,18.69602,15.105374,10.548076,11.756479,5.0776157,5.803859,4.244547,7.0132546,9.4376,11.9302225,13.698617,13.324246,17.407017,18.946043,18.616596,16.92678,15.610459,12.099697,16.603775,12.3948345,17.75841,22.386032,21.703386,18.68525,21.890736,15.444,19.15131,16.73208
22,33.36126,29.940428,28.639921,34.021355,33.845276,29.433716,30.984423,27.597431,25.471033,27.171598,25.838842,22.414564,25.108253,27.071424,24.048796,22.48062,18.603386,15.307927,13.599942,10.05685,6.3509464,4.875274,0.0,4.863269,5.3147774,9.996014,11.502642,15.238007,16.518341,17.179375,18.393332,13.375202,14.403999,18.109974,14.4814415,10.196395,12.745272,14.842217,11.087532,8.218091,13.289744,14.205093,9.883514,11.098115,16.231464,14.211286,11.775568,15.550844,18.20892,19.466932,24.270918,27.144724,27.71097,24.783499,28.25463,25.696516,20.708456,21.51293,20.710138,17.899275,21.846825,21.570763,18.996582,19.600365,15.803458,15.547529,14.231061,13.910091,15.839881,12.677591,13.328466,16.542849,12.252908,9.785663,10.208749,10.061025,9.635942,13.848908,13.195673,17.086914,19.332844,22.63792,23.55966,21.502527,20.737814,18.547012,14.896811,10.661341,10.747662,5.682281,4.583519,6.5562963,7.9954157,11.536621,12.984038,16.44293,16.057362,19.975384,20.704876,20.997976,19.929455,18.792288,16.037745,20.597681,16.84261,21.972784,26.62105,25.315924,22.132305,25.23731,18.580332,21.747356,19.473083
23,33.091404,29.888708,29.125359,34.603634,34.473576,30.66619,32.744457,29.684824,26.794584,29.403883,27.241383,24.136698,26.928843,27.868267,25.663326,24.70915,20.83304,17.624718,16.515493,12.499906,10.346901,6.7738094,4.863269,0.0,5.5701447,7.404518,7.628307,11.879385,12.24959,13.362848,13.787216,8.783944,10.833011,14.441669,9.911855,6.0718665,10.075001,11.539943,7.434466,6.6309385,11.595636,11.592958,8.420526,11.401752,15.506291,13.4028635,12.531951,16.439064,19.309345,20.915003,25.169636,28.107262,27.890444,24.672606,27.44138,24.393719,19.589323,19.537725,18.276821,14.7716675,18.409319,17.946985,15.799216,16.814844,13.645658,14.33329,14.257143,14.448112,18.170927,14.932161,16.586632,20.161522,16.306812,13.280586,12.393652,10.574751,9.107306,11.705252,10.019005,13.664733,15.179267,19.050251,19.261824,16.910532,16.547255,13.935082,11.239434,6.759317,8.25856,5.1520143,6.999102,9.177711,12.246207,15.370407,17.508581,20.127655,19.328506,23.328411,24.08619,23.634768,22.408596,20.26783,17.315851,21.005226,16.523573,20.848856,25.174423,23.511724,20.403257,24.280611,18.145712,21.633389,20.398382
24,33.513638,29.71599,29.299274,34.7324,33.76724,29.587538,31.613794,27.910757,26.054375,29.07914,28.019817,25.25331,28.323284,30.374462,27.994768,26.270615,22.863968,19.227566,18.289242,14.129391,11.464499,9.151953,5.3147774,5.5701447,0.0,5.4295425,8.633056,10.963923,13.337332,15.008248,16.54468,12.096818,14.901735,19.359621,14.763378,10.831076,15.186991,17.086628,12.779898,11.792634,16.941463,16.840628,12.897968,15.719171,20.301847,17.312504,15.4825325,20.077547,22.267792,24.316029,28.665134,31.340933,31.686796,28.69266,31.609098,28.395964,23.309452,24.11723,22.26402,19.071398,22.674767,21.392677,18.981771,18.89167,16.29454,14.4785,14.036084,12.658312,15.695303,11.2786045,13.172453,17.279768,13.935088,10.223986,11.310648,7.930167,9.982381,12.006541,12.53604,15.789868,18.183609,21.22564,22.202154,19.839102,18.084757,16.411585,12.151797,9.284235,7.4590526,6.399117,5.2468524,9.2744255,11.435636,14.758168,16.901077,19.94864,18.733456,22.389038,22.170319,22.24572,21.776028,20.02433,18.1866,22.182804,19.106476,23.59758,28.198074,25.866314,22.559956,25.397346,18.881325,21.356056,19.826958
25,34.67586,30.963661,31.320774,36.760548,35.53654,31.97772,34.530922,31.012466,28.736929,32.761528,31.215746,28.862452,32.05237,33.399643,31.723572,30.383389,27.043003,23.433865,22.871792,18.427671,16.345577,13.177443,9.996014,7.404518,5.4295425,0.0,4.7953672,5.6181765,8.398402,11.226241,12.517859,9.131947,13.550532,18.124475,13.079965,10.176237,15.616152,17.075254,13.02045,13.800923,18.469559,17.658356,14.93389,18.757944,22.53154,19.47881,18.783201,23.442945,25.712395,28.025854,31.96172,34.643047,34.385464,31.198977,33.435654,29.742262,24.906458,25.030941,22.554237,18.828129,21.788168,19.89876,18.110352,17.999157,16.720882,15.04197,15.989235,14.711842,19.210281,14.702608,17.434284,21.775698,18.94777,14.949667,15.268409,10.289561,12.158442,11.561762,11.921228,14.153032,15.736527,19.015265,19.232355,16.37697,14.32146,12.65613,9.301098,8.088343,6.174504,9.3303175,9.941328,13.711128,16.65723,19.778866,22.268543,24.907917,23.359634,26.984316,26.580843,26.124369,25.708263,23.167149,21.47626,24.617817,21.324787,24.879541,29.081211,26.124607,22.943424,26.190298,20.382673,22.720104,22.318268
26,37.24357,33.916016,34.142513,39.61189,38.857784,35.529568,38.11387,34.887505,32.097694,35.83119,33.660007,31.033579,34.004074,34.586033,32.934597,32.107075,28.3612,25.10237,24.142006,20.038553,17.485884,14.378649,11.502642,7.628307,8.633056,4.7953672,0.0,5.1446056,5.268151,6.769509,8.184253,4.7816343,9.277581,13.951234,10.059655,7.036738,12.5126295,14.226616,11.424299,12.472056,16.475374,16.20636,14.825709,18.259352,21.562685,19.684464,19.7287,23.582565,26.496641,28.138699,32.156593,35.097187,34.372112,31.00458,33.072052,29.555033,25.104317,24.220564,22.230593,18.041845,20.64737,19.308447,18.131914,18.95619,17.691257,17.736444,19.001839,18.501074,23.222605,19.04156,21.525297,25.692923,22.37867,18.683062,18.497585,14.310244,14.541415,14.009193,12.734018,14.787077,14.969231,19.232233,18.101995,14.695279,14.019174,11.114606,10.430764,8.677749,9.279583,11.4276085,12.93712,16.15771,19.160006,22.428185,24.464409,27.405848,26.26758,30.119928,30.237595,29.680777,28.86694,26.206314,23.843777,26.825596,22.571026,25.852488,29.71018,27.166842,24.197697,28.257614,22.820274,25.74955,25.561127
27,37.864765,34.300224,35.237648,40.601723,39.19296,36.137814,39.01678,35.629574,33.155273,37.748978,35.898277,33.780647,36.985207,37.795288,36.537727,35.48977,32.119217,28.608578,28.095427,23.655811,21.533266,18.2749,15.238007,11.879385,10.963923,5.6181765,5.1446056,0.0,4.5706787,8.343362,9.698057,8.745754,13.786102,18.205782,13.833541,12.060096,17.554806,18.831234,15.706426,17.398117,21.400902,20.424368,18.90067,22.93222,26.097712,23.41557,23.475563,27.893593,30.340252,32.579674,36.311802,39.04162,38.31772,35.003376,36.7273,32.801144,28.333258,27.7474,25.002602,20.937384,23.105719,20.870853,19.898535,19.91963,19.809786,18.529142,20.328371,19.167873,24.220642,19.698957,22.701677,27.120096,24.507143,20.44165,20.596684,15.192832,16.801054,14.665255,14.658864,15.684715,16.000872,19.438139,18.513649,15.1073885,13.102436,11.408441,10.430372,11.032176,9.910889,14.41672,15.5224085,19.154543,22.246115,25.365206,27.799149,30.464703,28.843882,32.446625,31.937061,31.261488,30.88715,27.961178,26.33746,28.907461,25.438572,28.227064,31.964628,28.650637,25.714571,29.254436,24.203247,26.376535,26.749239
28,38.273884,35.148872,36.001434,41.3562,40.44814,37.731575,40.70855,37.729042,34.590008,39.067333,36.51389,34.307568,37.34287,37.347794,36.38069,35.849575,32.303715,29.082752,28.565962,24.26141,22.468164,18.823635,16.518341,12.24959,13.337332,8.398402,5.268151,4.5706787,0.0,5.933251,5.280961,5.888029,11.234684,14.797591,10.752632,10.341711,15.449078,16.125572,13.894344,16.408186,19.529339,18.380625,18.055254,22.117893,24.5154,22.464592,23.322353,27.209913,29.930841,31.926891,35.393044,38.21404,36.99762,33.577255,34.929657,31.047295,27.00849,25.640715,23.119743,18.813303,20.487951,18.617352,18.24958,19.028294,19.09724,19.333847,21.489756,21.1517,26.642672,22.611471,25.554178,29.821066,26.897327,23.012102,22.316404,17.521023,17.601665,15.36405,14.018274,14.677183,13.716445,17.865028,15.775556,11.997761,11.403069,8.613277,10.29442,10.658284,11.46894,15.355713,17.383251,20.451525,23.931871,26.976845,29.446821,31.878555,30.424635,34.20917,34.19867,33.193153,32.41734,29.199913,27.04639,29.243963,25.06706,27.37133,30.693241,27.687841,25.009586,29.241163,24.69272,27.394648,28.091679
29,43.035133,39.969654,40.31182,45.749615,45.1636,42.07453,44.735683,41.61637,38.63495,42.2905,39.77345,37.008415,39.791374,39.761932,38.139427,37.71034,33.670193,30.752188,29.37283,25.733355,22.528128,20.002674,17.179375,13.362848,15.008248,11.226241,6.769509,8.343362,5.933251,0.0,5.362494,6.150365,8.033493,12.324615,11.873524,9.724366,13.518355,15.668032,15.119319,16.11753,18.872478,19.440517,19.598135,22.255377,24.947731,24.415539,25.056149,28.010124,31.467447,32.327614,36.42023,39.576866,38.396484,34.914772,36.709843,33.420933,29.535795,27.595894,26.08751,21.63967,23.45965,22.55585,22.257807,23.70075,22.904232,23.882986,25.4651,25.187494,29.983625,25.738316,28.117884,32.25454,28.724499,25.18872,25.101105,21.073505,20.907795,20.037102,18.056547,19.428755,18.107,22.844305,20.15177,16.25435,16.863092,13.366825,15.513855,14.375775,15.737381,17.799856,19.416344,22.426064,25.137955,28.541458,29.968504,33.401733,32.59812,36.533325,36.84326,36.34398,35.389263,32.693024,30.030266,32.815643,28.014093,30.852835,34.22643,31.92561,29.255201,33.81711,28.878561,31.986961,32.079147
30,40.219273,37.56639,38.10383,43.4218,43.128872,40.59331,43.504486,40.876736,37.22052,41.225033,38.054047,35.59159,38.333046,37.546917,36.647892,36.661953,32.84145,30.061592,29.285286,25.425724,23.599417,20.05587,18.393332,13.787216,16.54468,12.517859,8.184253,9.698057,5.280961,5.362494,0.0,5.086544,8.568288,10.694975,8.649599,9.533894,13.210942,13.504177,13.085913,15.828914,17.67887,16.947014,18.087574,21.544691,23.140678,22.330393,23.873032,26.813972,29.986504,31.335218,34.674263,37.660053,35.978516,32.477886,33.59426,30.041683,26.57655,24.223467,22.416954,17.969236,19.125309,18.183971,18.46005,20.241163,20.067867,21.973299,24.117523,24.512255,30.010199,26.388906,29.053951,33.091557,29.743443,26.191372,24.97146,21.088554,19.820911,18.174053,15.4958,16.106853,13.830692,18.702763,15.317545,11.410446,13.040239,9.161723,13.174946,12.609097,15.048496,17.52406,20.089151,22.53417,26.026451,29.037102,31.193947,33.65214,32.581688,36.529423,37.087536,35.962788,34.765064,31.521605,28.74034,30.764387,25.783354,27.772858,30.644032,28.314095,25.95273,30.864126,26.714018,29.997007,30.718061
31,37.61075,34.780964,34.830982,40.25077,40.081055,37.092075,39.721874,36.95826,33.495804,36.982883,34.064293,31.320185,34.045265,33.725243,32.354416,32.13131,28.204552,25.356663,24.38193,20.570278,18.517733,15.078767,13.375202,8.783944,12.096818,9.131947,4.7816343,8.745754,5.888029,6.150365,5.086544,0.0,6.0079613,9.592493,6.132729,4.7648125,9.58309,10.544174,9.093721,11.123494,13.841569,13.515637,13.720235,17.002005,19.328909,18.37853,19.358671,22.432121,25.681177,26.955114,30.668531,33.718292,32.45845,28.983234,30.698662,27.32917,23.387144,21.583527,20.050192,15.633449,17.798903,17.151669,16.563341,18.318575,17.034592,18.848173,20.37765,20.778576,25.805773,22.259527,24.613495,28.512703,24.940601,21.569197,20.443321,17.121174,15.657746,15.212032,12.452083,14.241708,13.144217,18.124355,15.925582,12.396482,13.4305,9.508082,11.239417,9.014213,11.707831,12.885033,15.356079,17.703106,21.02665,24.091406,26.11726,28.713696,27.807716,31.798912,32.486267,31.590494,30.333405,27.433407,24.484932,27.05442,22.010063,24.796547,28.194233,26.153934,23.491308,28.26125,23.383413,26.872204,26.95944
32,41.445736,38.840523,38.243065,43.63854,43.99686,40.7193,42.956486,40.245167,36.814575,39.235695,36.220436,32.89522,35.200085,34.65616,32.630527,32.680805,28.276094,25.989798,24.108902,21.31476,18.08188,15.998037,14.403999,10.833011,14.901735,13.550532,9.277581,13.786102,11.234684,8.033493,8.568288,6.0079613,0.0,5.6452346,8.191155,5.063813,5.7965565,8.897924,10.3069315,10.063737,11.611276,13.680862,14.723159,15.888996,18.225004,19.378418,20.219429,21.825815,25.86781,25.715258,29.972492,33.351406,32.08822,28.621702,30.804062,28.283821,24.728048,22.275446,22.139507,17.92315,20.145597,20.738958,20.235226,22.66006,20.468393,23.225,24.10468,24.781387,28.985373,25.609646,27.266726,30.789608,26.623058,23.881332,23.067013,21.002155,18.964363,19.98365,16.681274,19.000792,17.64515,22.870575,20.29045,16.994804,18.99868,14.816318,16.803665,13.558121,16.613728,15.678162,17.754171,19.531876,21.968433,25.162374,26.064743,29.430176,29.3173,33.396248,34.621643,34.146732,32.58206,30.27207,26.725824,29.753698,24.08189,27.295042,30.586994,29.532011,27.014692,32.059063,27.011948,30.933273,30.406664
33,41.69728,39.687378,38.915947,44.120224,45.09762,42.256565,44.516018,42.35977,38.287697,40.448887,36.68675,33.389023,35.34942,33.75532,32.19483,32.963074,28.59954,26.889265,25.237328,22.883505,20.75684,18.347153,18.109974,14.441669,19.359621,18.124475,13.951234,18.205782,14.797591,12.324615,10.694975,9.592493,5.6452346,0.0,8.079441,8.546783,6.2232122,6.673794,10.714075,11.526943,10.446361,12.308998,15.3021,16.058441,16.638777,18.978712,20.84687,21.389156,25.503738,24.98522,28.553904,31.913416,30.000414,26.54403,28.16978,25.998938,23.323168,19.850784,20.484732,16.55661,17.999231,19.583029,19.72572,22.890163,20.792356,24.98784,26.061577,27.508677,31.933672,29.252337,30.860983,34.072735,29.895355,27.4692,25.730793,24.378998,21.113123,22.079802,17.930471,19.782434,17.50651,22.771618,19.500204,16.733511,20.061054,15.754612,19.018553,15.863493,19.875574,18.542595,21.26916,22.186962,24.917076,27.658968,28.730083,31.364395,31.39429,35.458046,37.200653,36.311295,34.351276,31.820166,27.872639,30.27045,24.101326,26.544628,29.126421,28.767252,26.73298,32.24849,28.014765,32.301235,32.087334
34,34.34255,32.140423,31.85594,37.116028,37.695137,35.125153,37.740685,35.656918,31.39335,34.564953,30.799875,28.109377,30.557621,29.259163,28.453556,28.889885,25.096474,22.71044,22.244675,18.65304,18.327118,14.118322,14.4814415,9.911855,14.763378,13.079965,10.059655,13.833541,10.752632,11.873524,8.649599,6.132729,8.191155,8.079441,0.0,5.977695,8.327552,6.0652122,5.111193,9.442758,10.268084,8.338017,10.337531,14.014611,14.753741,14.070774,16.244772,18.701658,21.796331,23.256975,26.167315,29.110918,27.331247,23.829926,25.061272,21.713634,18.255278,15.80451,14.621605,10.205757,12.1909685,12.555249,12.258228,15.033955,13.389404,17.277103,18.880783,20.456282,25.64459,23.241615,25.421862,28.815695,25.267345,22.380873,19.839901,17.858637,14.341971,14.297212,10.060468,11.722575,9.898656,15.124472,12.772871,10.17015,12.79471,8.783963,11.308357,8.424988,12.893463,12.652372,16.126247,17.10216,20.95675,23.371923,25.881466,27.34029,26.476696,30.455467,31.78244,30.312567,28.550566,25.348923,21.883009,23.75879,18.091438,20.213182,23.135668,21.772696,19.477749,24.833218,20.689999,24.750845,25.08969
35,36.724094,33.98021,33.33889,38.76528,39.027596,35.670628,37.910767,35.199604,31.772783,34.348972,31.453856,28.260317,30.755756,30.57414,28.649153,28.442049,24.24605,21.628857,20.19422,16.846668,14.409492,11.414226,10.196395,6.0718665,10.831076,10.176237,7.036738,12.060096,10.341711,9.724366,9.533894,4.7648125,5.063813,8.546783,5.977695,0.0,5.6498513,7.6194887,6.2559657,6.5044065,9.646534,10.523075,10.304223,12.565466,15.426521,15.235176,15.790351,18.302921,21.923336,22.620867,26.745773,29.954584,28.97051,25.529095,27.841553,24.979204,20.90512,19.265984,18.604374,14.47275,17.357084,17.577988,16.438618,18.519176,15.940214,18.36525,19.066662,19.80775,24.056627,20.919016,22.656786,26.16156,22.158909,19.32351,18.116394,16.19168,13.905158,15.295355,12.140274,14.983227,14.591949,19.503721,17.98806,15.063652,16.304161,12.521954,12.911226,8.960005,12.144756,10.669945,13.059097,14.731615,17.64527,20.696959,22.274185,25.075394,24.638144,28.70753,29.846125,29.197044,27.671492,25.257822,21.836803,24.929125,19.515299,23.023153,26.683304,25.395487,22.665981,27.441507,22.110971,25.990488,25.354607
