,0,1,2,3,4,5,6,7,8,9,10,11,12,13,14,15,16,17,18,19,20,21,22,23,24,25,26,27,28,29,30,31,32,33,34,35,36,37,38,39,40,41,42,43,44,45,46,47,48,49,50,51,52,53,54,55,56,57,58,59,60,61,62,63,64,65,66,67,68,69,70,71,72,73,74,75,76,77,78,79,80,81,82,83,84,85,86,87,88,89,90,91,92,93,94,95,96,97,98,99,100,101,102,103,104,105,106,107,108,109,110,111
0,0.0,5.7234693,7.8289375,7.494779,10.235401,12.201896,6.9884934,10.268659,6.930312,11.333544,12.808503,14.488819,17.909843,16.034294,18.728783,17.238487,21.003393,19.819021,24.816526,24.276968,26.568186,29.546602,27.890368,32.01034,35.28737,37.177547,39.207386,41.66551,42.07865,37.484665,39.72319,41.518295,36.07448,34.84849,36.558372,36.064728,31.669044,30.73373,33.195595,31.529232,26.877518,27.532576,29.553041,24.975203,21.794863,23.932436,19.714596,25.874939,22.813835,22.27211,26.865515,27.529415,30.34863,30.901342,26.959066,31.832685,30.11813,31.385506,34.546738,33.80319,30.486237,28.755537,25.890306,22.705765,19.156467,19.029125,13.6038475,18.434757,16.12331,12.317273,15.681334,18.42893,17.357834,22.172253,22.554457,25.92775,28.288263,30.353258,34.6116,34.03164,38.273968,38.903713,36.471355,37.21682,31.32615,29.798355,28.132547,24.70048,23.221275,20.643847,20.24549,17.769285,22.8764,20.002228,18.38522,20.114988,18.345676,13.813532,13.361985,11.183339,11.714519,7.9022713,12.025858,9.781017,12.157938,13.382631,12.227075,17.509272,16.761942,18.333918,21.766304,22.154541
1,5.7234693,0.0,5.558874,8.7907,10.286897,14.216969,10.517326,11.667803,9.559105,14.17812,14.235072,15.572219,19.558882,17.937119,21.611132,21.018942,24.846058,24.42087,29.701813,29.311743,31.915134,34.884983,33.498283,37.635265,40.792774,42.771,44.66933,47.1522,47.392475,42.764065,44.861523,46.312874,41.010498,40.016468,41.35787,40.650814,36.5089,35.54775,37.55137,35.889572,31.538788,31.752546,33.26211,29.115301,26.129854,27.292288,22.771996,28.32312,24.305582,23.324425,28.024042,29.337534,31.88609,33.316242,30.019707,35.072746,33.762997,35.533115,38.459343,37.961075,34.756874,33.049812,30.335758,27.574942,24.168081,24.39842,19.244564,24.147097,21.81906,17.896854,21.101324,24.063871,22.790426,27.753857,27.723885,31.031656,33.209187,35.086544,39.281223,38.349617,42.778606,43.712,41.41349,42.2739,36.521534,35.010456,33.5822,30.015736,28.72988,25.902874,25.420717,22.64322,27.335281,24.303232,21.900312,23.213518,21.285522,17.014006,16.859234,15.92836,16.672216,13.473823,17.38703,14.834467,16.76159,17.482147,16.643478,21.149706,21.136799,21.74484,25.59782,25.219809
2,7.8289375,5.558874,0.0,5.9636445,8.122173,11.712141,9.523376,13.052903,12.992054,17.440603,18.044775,20.47459,23.591976,21.238014,24.518497,23.455153,26.741674,26.388977,30.654448,31.029135,32.982212,36.425274,34.377132,38.713562,42.200897,44.00802,46.302414,48.441216,49.26684,44.607086,46.5107,48.561523,43.45151,41.750816,43.27156,43.179512,38.955425,37.475876,39.978355,38.839493,34.123215,34.140984,36.391903,32.364674,28.881733,30.582794,26.395136,32.22281,28.68672,28.13957,32.83867,33.891285,36.82845,37.9537,34.2955,39.19659,37.779064,39.08614,42.277542,41.625645,38.30926,36.564133,33.696186,30.385565,26.843079,26.335703,20.361992,24.75099,21.941612,17.683235,21.264395,24.527052,24.502192,29.167797,30.065191,33.508038,35.97642,38.11522,42.389202,41.825127,46.08082,46.630894,44.095047,44.816444,38.823154,37.25064,35.350136,31.927824,29.916988,27.518394,26.259235,23.385683,27.805698,23.910837,22.168379,22.430677,19.606922,15.833839,16.773302,15.699341,17.921144,14.079583,19.468641,17.345736,18.691715,20.734243,19.95581,25.120502,24.535011,25.924147,29.39553,29.40282
3,7.494779,8.7907,5.9636445,0.0,4.167096,5.975617,4.265285,9.440522,11.05913,14.660132,16.014439,19.807686,21.427101,18.36242,20.910294,19.41868,22.125452,21.997053,25.520617,26.559753,28.260157,32.07731,30.023193,34.69847,38.086323,40.205673,42.45789,44.06069,45.247974,40.46005,41.89657,44.2147,39.577015,37.297115,38.63899,39.042126,35.001587,32.931297,35.64767,35.14295,30.250338,29.820574,32.684666,29.088713,25.12533,27.144648,23.477205,29.471422,26.801788,26.998863,31.558344,32.06408,35.67041,36.26369,32.193333,36.76085,35.534267,36.29743,39.79778,39.351368,35.970036,34.631683,31.18894,28.194542,24.402948,23.730253,17.542154,21.247187,17.929714,13.526473,16.44467,20.148525,20.807407,25.766258,26.748613,30.839682,33.00139,35.613842,39.71051,39.8593,43.631115,43.79055,41.50376,41.728928,35.86756,33.773777,31.973625,28.10379,25.631712,23.273897,21.332815,18.287333,22.330402,18.145714,16.69311,16.66034,13.728367,9.960617,11.266954,10.444074,13.498436,10.34206,16.433424,15.855602,18.132763,20.224993,18.750416,24.31555,22.199709,24.29132,27.022419,27.252466
4,10.235401,10.286897,8.122173,4.167096,0.0,5.1350927,6.272389,7.7109647,11.557626,14.535396,15.260819,19.88343,20.59952,17.219046,20.04865,19.168602,21.533985,22.362074,25.826105,27.349205,29.35157,33.32196,31.755913,36.664436,39.7407,42.276108,44.24714,45.48471,46.66667,41.733543,42.650276,44.705624,40.59496,38.210155,38.957767,39.444683,35.843353,33.350876,35.661316,35.620686,30.945354,29.720968,32.466236,29.65074,25.557102,26.80308,23.271845,28.787258,26.005342,26.485754,30.962595,31.56463,35.50551,36.438435,32.62978,37.08852,36.433266,37.267216,40.786602,40.788578,37.45957,36.504883,32.701225,30.468885,26.583088,26.31318,20.431524,23.923225,20.451508,16.141527,18.095758,22.133858,22.634737,28.094604,28.466137,33.039272,34.702194,37.50705,41.38994,41.767624,45.334427,45.518597,43.631878,43.558308,37.984882,35.4577,34.10479,29.665691,27.234724,24.522654,22.226099,18.819511,22.078629,17.919216,15.561561,15.10691,12.432022,9.227679,10.572748,11.665814,14.578306,12.858132,18.514538,18.610624,21.532745,22.967735,21.121866,26.395277,23.694822,25.43744,27.975197,27.655342
5,12.201896,14.216969,11.712141,5.975617,5.1350927,0.0,5.624333,9.200112,13.273466,15.291991,16.936178,21.973175,21.776884,18.03079,19.72147,18.093313,19.681408,20.321266,22.556143,24.742962,26.099134,30.391632,28.457644,33.5059,36.658497,39.188637,41.326633,42.139347,43.794548,38.88197,39.54326,42.107285,38.29095,35.27618,36.168026,37.238476,33.651207,30.714792,33.50499,33.970512,29.066801,27.766819,31.26359,28.588335,24.159721,26.136524,23.259443,28.964666,27.180891,28.173107,32.429585,32.47701,36.7544,37.011913,32.76226,36.85081,36.06143,36.28175,40.036385,39.950127,36.589836,35.791588,31.769703,29.387127,25.484528,24.73711,18.772957,21.316551,17.542255,13.449988,14.84849,19.021019,20.586277,25.714722,26.656734,31.427952,33.085003,36.184277,39.955677,40.88302,44.0527,43.80439,41.905952,41.52631,35.984943,33.257862,31.70313,27.304998,24.311846,22.041393,19.062056,15.772334,18.611216,13.887076,12.650707,11.428392,8.024228,5.2689104,7.850422,8.752458,12.755887,11.510407,17.41814,18.549154,21.464209,23.384567,21.364391,26.879597,23.317541,25.847555,27.693298,27.91736
6,6.9884934,10.517326,9.523376,4.265285,6.272389,5.624333,0.0,7.656325,8.854824,11.664179,13.749269,17.80319,18.781252,15.609242,17.498074,15.572601,18.205168,17.811577,21.330795,22.2983,24.043085,27.85794,25.96771,30.720734,33.979588,36.272755,38.394855,39.9151,41.074665,36.252384,37.63869,39.9623,35.374077,33.04085,34.390755,34.834106,30.793934,28.6812,31.487381,31.039291,26.086798,25.71563,28.771832,25.15159,21.076004,23.438686,20.033009,26.1999,24.12694,24.641924,29.039808,29.165379,32.96388,33.118164,28.798204,33.179317,31.926498,32.43428,36.03981,35.647297,32.257847,31.11348,27.441034,24.676277,20.806595,20.207428,14.212025,17.6783,14.289632,9.964966,12.378058,16.178877,16.766619,21.949034,22.753456,27.112919,29.076735,31.859568,35.854248,36.294147,39.843285,39.875694,37.741768,37.76937,32.021866,29.71587,28.064,23.972044,21.488207,19.050215,17.1002,14.07384,18.357521,14.464829,13.206156,13.877562,11.531765,7.157862,7.7615013,6.28975,9.2825165,6.6691327,12.709489,13.107429,16.09299,17.847418,15.956247,21.55527,18.657185,21.133926,23.442385,23.920792
7,10.268659,11.667803,13.052903,9.440522,7.7109647,9.200112,7.656325,0.0,6.460791,7.5663652,8.07296,13.628351,13.068471,9.522114,12.548067,12.320463,15.069245,16.453077,21.069925,22.03809,24.987907,28.549845,28.13137,33.006645,35.433777,38.52582,39.82977,41.084797,41.68333,36.666676,37.3877,38.696877,34.796917,32.970173,33.14702,33.122944,29.901154,27.566248,29.176311,29.02582,24.777355,23.157757,25.305307,22.954294,19.050192,19.44745,15.884997,21.129747,18.480947,19.338415,23.637474,24.051971,28.277548,29.199903,25.566786,29.897774,29.756832,30.766527,34.196213,34.718075,31.519737,31.09559,26.917738,25.9982,22.139978,22.872702,18.266266,21.747198,18.719433,15.120505,15.55085,19.38699,18.43384,24.628181,23.525293,28.552387,29.38688,32.262993,35.80384,36.334305,39.658054,40.0558,38.797512,38.45252,33.426918,30.467487,30.006062,24.86603,23.201109,19.74015,18.043344,14.536727,17.714144,15.074596,11.234406,12.876009,12.456959,8.736249,7.3463354,9.834796,10.300612,11.217598,14.615252,15.856176,20.133266,19.877764,17.32074,21.760311,18.13988,19.343113,21.52,20.645035
8,6.930312,9.559105,12.992054,11.05913,11.557626,13.273466,8.854824,6.460791,0.0,4.6782694,5.9499307,8.961951,11.08361,9.153845,12.227868,11.575666,15.630394,15.353407,21.269508,20.62563,23.881521,26.694649,26.29937,30.625164,33.15251,35.83739,37.13626,39.258434,39.27268,34.47454,36.135296,37.19722,32.317024,31.395123,32.230335,31.422949,27.62487,26.479427,28.132084,26.700006,22.490679,22.300676,23.766825,20.011028,16.83988,17.807493,13.4419,19.314198,16.196087,16.117844,20.672665,21.234587,24.62394,25.390186,21.661556,26.455097,25.585917,27.046133,30.218992,30.275963,27.060484,26.125013,22.525013,21.147623,17.469868,18.57655,14.563338,18.92451,16.73823,13.582273,14.833422,17.7322,15.417885,21.332157,19.972271,24.24766,25.475231,27.832365,31.649336,31.461313,35.31246,36.092834,34.507416,34.732952,29.505865,27.20188,26.625145,22.089664,21.214088,17.740707,17.550238,14.783143,19.31414,17.581448,14.630119,17.437283,17.139326,12.783799,10.844073,10.5786,9.069381,8.953958,10.591866,10.5526905,14.935954,13.874769,11.467231,15.72543,13.31144,14.145357,17.216875,16.689854
9,11.333544,14.17812,17.440603,14.660132,14.535396,15.291991,11.664179,7.5663652,4.6782694,0.0,3.6185708,7.841895,7.311986,5.127949,7.595291,7.331948,11.524907,11.754932,18.099724,17.3435,21.123726,23.7569,24.191565,28.55484,30.5512,33.716377,34.550457,36.374832,36.20457,31.323425,32.580276,33.26096,28.809502,27.987589,28.30309,27.387253,23.994411,22.668285,23.87635,22.69293,18.75449,18.013456,19.289038,16.135462,12.891321,13.256741,9.039785,14.934887,12.512724,13.240303,17.458702,17.523,21.501,21.958195,18.138237,22.650312,22.303373,23.605478,26.868114,27.427444,24.303528,24.001814,19.858013,19.744104,16.13658,17.879084,15.079686,18.641665,16.711529,14.391812,14.067428,16.710783,13.765295,20.039532,17.62904,22.472134,22.881744,25.505318,28.93366,29.223595,32.620796,33.3426,32.325485,32.11127,27.403824,24.557604,24.691431,19.523088,19.03997,15.138559,15.148935,12.497759,16.422523,15.834902,12.42803,16.097301,16.966385,13.188368,10.352241,11.020981,8.048086,10.589324,10.162592,11.941214,16.909124,14.940854,11.968814,15.243322,11.236456,11.9122095,14.09219,13.172948
10,12.808503,14.235072,18.044775,16.014439,15.260819,16.936178,13.749269,8.07296,5.9499307,3.6185708,0.0,6.2135944,5.585588,4.063177,8.329119,9.63928,13.521519,14.569403,20.971264,20.234264,24.271482,26.72182,27.533382,31.807003,33.568985,36.854088,37.449272,39.273506,38.845757,33.99774,35.079136,35.282738,31.084389,30.612394,30.486351,29.270695,26.278912,25.039017,25.614254,24.416878,21.020384,19.839582,20.336494,17.852802,15.120708,14.1100235,9.70785,14.486912,10.875522,11.311546,15.72705,16.39909,20.308115,21.614166,18.529037,23.11238,23.319183,25.111269,28.08036,28.98991,26.04474,25.892399,21.892109,22.358885,18.967981,21.041029,18.453026,22.188139,20.306492,17.843262,17.631538,20.314985,17.188965,23.394611,20.562195,25.240433,25.358334,27.77515,31.021885,31.06214,34.507526,35.513756,34.75883,34.577545,30.157137,27.315773,27.780409,22.56862,22.393349,18.38955,18.467182,15.752945,19.109758,18.622211,14.569046,17.995089,18.97282,15.371587,12.706416,14.141925,11.593966,13.775515,13.550208,14.6701565,19.457815,17.071741,14.320715,16.871826,13.616567,13.129868,15.591956,13.698679
11,14.488819,15.572219,20.47459,19.807686,19.88343,21.973175,17.80319,13.628351,8.961951,7.841895,6.2135944,0.0,6.692844,8.767823,11.801607,13.034233,17.251781,17.091982,24.111261,21.994408,26.24996,27.761375,28.860386,32.403755,34.009052,36.929356,37.30502,39.917885,38.74593,34.249588,36.09895,35.74259,30.837927,31.532942,31.771282,29.615688,26.421595,26.494806,26.695753,24.187845,21.414858,21.51383,20.765093,17.334772,16.083334,14.921382,10.188367,14.150566,9.540924,7.965512,12.597497,13.924041,16.379011,18.115997,15.643884,20.687256,20.462322,23.131796,25.479889,26.155525,23.431423,22.908838,19.790936,20.466305,17.739948,20.465963,19.149115,23.27591,22.312447,20.4284,20.727524,22.471231,18.238037,23.668941,20.287197,23.846537,24.0239,25.641085,28.90357,27.99302,31.94483,33.56241,32.735783,33.140766,28.910364,26.798574,27.454033,23.008005,23.846426,20.021555,21.447838,19.499155,23.37628,23.499376,20.031727,23.778917,24.662025,20.75932,18.113174,18.321838,15.0511265,16.383099,14.447748,14.190664,18.383543,14.686498,12.53023,13.226042,12.176354,9.863911,13.452932,11.211428
12,17.909843,19.558882,23.591976,21.427101,20.59952,21.776884,18.781252,13.068471,11.08361,7.311986,5.585588,6.692844,0.0,4.147115,6.3181577,9.178721,12.454377,13.878611,20.477362,19.105677,23.687859,25.413097,27.329473,31.221987,32.231792,35.88177,35.80216,37.541492,36.556713,31.840977,32.64968,31.997818,28.238058,28.466017,27.684448,25.866295,23.55968,22.686293,22.235876,20.875322,18.471865,16.921816,16.148676,14.659788,12.939598,10.066025,6.008493,9.146901,5.438627,6.9189644,10.71856,11.030301,15.444153,16.787231,14.229502,18.459072,19.532364,21.569948,24.245655,25.842665,23.240503,23.803831,19.659128,21.81232,18.969805,21.824451,20.841099,23.918812,22.650259,21.100857,19.891344,21.864391,17.936405,23.819853,19.73634,24.364662,23.477026,25.779247,28.413597,28.629734,31.634893,32.852287,32.834427,32.358013,28.79499,25.683357,27.092268,21.670887,22.395798,18.243261,19.066412,17.001377,19.4621,20.455418,16.404116,20.408154,22.348001,19.318266,16.245775,17.849651,14.363148,17.692276,15.613447,17.449041,22.302319,18.91291,16.086987,16.899628,13.166061,11.546994,12.951802,9.913625
13,16.034294,17.937119,21.238014,18.36242,17.219046,18.03079,15.609242,9.522114,9.153845,5.127949,4.063177,8.767823,4.147115,0.0,4.7493877,7.221764,10.38846,12.469983,18.572832,18.194288,22.433691,24.887014,26.281204,30.647566,31.980383,35.676434,35.942482,37.292942,36.90407,31.983856,32.490437,32.482,28.939438,28.276766,27.565773,26.512737,24.054516,22.337063,22.51942,21.95662,18.842724,16.748678,17.27885,15.901989,12.993028,11.132447,7.5011554,11.734657,9.290553,11.048842,14.760103,14.782118,19.468283,20.403929,17.28656,21.320822,22.15267,23.573149,26.666534,28.056747,25.229124,25.686733,21.21327,22.617409,19.317995,21.565922,19.579062,22.530626,20.669708,18.697458,17.380259,19.975344,16.914703,23.188358,19.835705,24.990452,24.436832,27.167315,30.002192,30.64202,33.533363,34.33553,34.074467,33.405304,29.462727,26.09617,27.070969,21.377909,21.270344,17.124063,16.970047,14.339533,16.687609,17.016684,12.6452055,16.431787,18.29881,15.407485,12.3792515,14.618886,11.739038,15.323768,14.466551,16.797117,21.81291,19.314516,16.293152,18.421642,13.9310055,13.6337385,14.888346,12.728398
14,18.728783,21.611132,24.518497,20.910294,20.04865,19.72147,17.498074,12.548067,12.227868,7.595291,8.329119,11.801607,6.3181577,4.7493877,0.0,3.983206,6.1986227,8.728707,14.600406,14.181669,18.586758,20.878805,22.832253,27.142641,28.073034,32.073235,32.063526,33.06472,32.715443,27.763811,27.926947,27.892164,24.726707,23.868008,22.88438,22.00244,19.80854,17.762733,17.862848,17.759289,14.703159,12.058198,13.031264,12.2939825,9.087739,7.167819,5.1191826,9.399755,9.63591,12.345358,15.033249,13.919485,19.043814,18.871286,15.246408,18.583107,19.583456,20.31696,23.65416,25.26984,22.513952,23.499115,18.60504,20.757206,17.667763,19.999146,18.96975,20.9137,19.371122,18.299318,15.833931,17.877657,14.77756,20.783798,16.972736,22.479162,21.327757,24.385813,26.848326,28.168833,30.472912,30.952955,31.0563,29.927963,26.409384,22.594748,24.009508,17.994438,18.066124,13.921425,13.894669,11.84211,13.36086,15.009913,11.245678,15.601124,18.252007,15.9966,12.703319,14.722786,11.226148,15.979333,13.931226,17.45148,22.493341,19.939625,16.757965,18.449251,12.732362,13.096274,12.817474,11.1557045
15,17.238487,21.018942,23.455153,19.41868,19.168602,18.093313,15.572601,12.320463,11.575666,7.331948,9.63928,13.034233,9.178721,7.221764,3.983206,0.0,4.48862,5.2794633,11.548956,11.088927,15.224202,17.883291,19.254137,23.754618,25.084778,28.8963,29.27195,30.348995,30.362988,25.337023,25.846159,26.55933,22.889605,21.514143,21.293272,20.85022,17.927979,15.762823,16.9902,16.794006,12.776,10.999419,13.342223,11.274738,7.072998,8.122384,6.4119506,11.945497,12.728587,14.987688,17.825806,16.45817,21.21566,20.285963,15.89039,19.227604,19.31829,19.471674,23.150557,24.185064,21.185797,21.857506,16.884712,18.148977,14.829549,16.688133,15.497327,17.072893,15.504558,14.749625,11.978811,13.900669,11.072564,17.168762,13.945282,19.683445,19.002941,22.305563,25.079634,26.60608,28.956816,29.103159,28.76532,27.676119,23.680674,19.896875,20.797878,14.79174,14.374334,10.249142,10.078737,8.110181,10.592227,12.157138,9.442872,14.026595,16.401735,14.010045,10.709789,11.767178,7.911148,13.060478,10.729055,14.913055,19.844149,17.840893,14.626219,16.981157,10.685974,12.430756,11.953208,11.703536
16,21.003393,24.846058,26.741674,22.125452,21.533985,19.681408,18.205168,15.069245,15.630394,11.524907,13.521519,17.251781,12.454377,10.38846,6.1986227,4.48862,0.0,5.066873,8.729722,9.769578,13.586042,16.516079,18.392982,23.025103,23.87537,28.125492,28.238205,28.463623,28.851788,23.763151,23.312435,24.153173,21.583925,19.430141,18.466656,18.808203,16.666979,13.291798,14.446675,15.75186,12.041444,8.558203,12.08091,11.907028,7.652889,8.445104,9.177814,12.883901,15.155576,18.029774,20.128853,18.243229,23.332846,21.948956,17.690765,19.994339,20.610804,19.983221,23.768223,25.174877,22.402622,23.663464,18.4562,20.332811,17.323338,18.883444,18.09509,18.512531,16.913446,16.714846,12.879183,14.578192,12.795697,18.221907,15.077997,21.042913,19.742876,23.391205,25.600576,27.94292,29.503117,29.192736,29.33533,27.604158,24.213581,19.857847,21.151623,14.876651,14.120514,10.44215,9.261126,7.787974,7.565519,10.635382,8.415158,12.813674,16.07213,14.904888,11.847019,13.581339,10.536222,16.011007,13.965141,18.663647,23.395494,21.71118,18.54707,20.71144,14.054661,16.021322,14.447565,14.350501
17,19.819021,24.42087,26.388977,21.997053,22.362074,20.321266,17.811577,16.453077,15.353407,11.754932,14.569403,17.091982,13.878611,12.469983,8.728707,5.2794633,5.066873,0.0,7.105275,5.868299,9.978209,12.691131,14.142849,18.658724,19.936522,23.831303,24.269955,25.189074,25.490936,20.419975,21.074614,22.448038,18.56394,16.600313,17.043268,17.110472,13.677496,11.285248,13.718854,13.689026,8.888849,8.162839,12.0706,9.36542,4.7068014,9.039055,9.362282,14.165425,16.461775,18.690403,20.89793,18.866337,23.249588,21.122496,16.183626,18.673481,18.066757,17.089277,21.074837,21.716398,18.710773,19.542648,14.452491,15.570146,12.608108,13.998221,14.024491,14.014704,13.098536,13.832848,9.957488,10.51245,8.005018,13.210581,10.147497,16.153105,15.321701,19.02679,21.642664,23.893097,25.714834,25.298117,24.898926,23.464775,19.51926,15.41696,16.28454,10.08701,9.495191,5.5330653,5.958866,6.002148,8.25003,11.211067,10.838584,15.16376,17.588377,15.769166,12.848967,12.586229,8.754269,13.861868,10.351934,15.361191,19.705776,18.10978,15.130791,17.194662,10.404856,13.402441,11.562559,12.935736
18,24.816526,29.701813,30.654448,25.520617,25.826105,22.556143,21.330795,21.069925,21.269508,18.099724,20.971264,24.111261,20.477362,18.572832,14.600406,11.548956,8.729722,7.105275,0.0,5.465032,6.1005445,10.145907,11.248193,16.086714,17.075428,21.286411,21.859121,21.284063,22.860806,17.823282,17.205187,19.966803,17.567135,13.427412,13.851945,16.058346,13.388052,8.952833,12.879832,15.046511,10.747018,9.259337,14.798787,13.897071,10.29972,14.277693,16.018562,19.577778,22.833136,25.421867,27.17964,24.763727,29.236877,26.521326,21.70486,22.95431,22.415874,20.163195,24.166061,24.720642,22.065392,23.261816,18.441103,19.264189,16.913002,17.091017,17.266268,15.140389,14.225182,15.954747,11.0370455,10.798437,11.41836,14.269987,12.972542,18.431618,17.398766,21.4139,23.324043,26.729673,27.40523,25.980341,25.796837,23.520214,20.223158,15.69904,16.321539,10.812538,8.619055,7.4577,5.1781325,7.273471,5.127974,9.729522,11.960163,14.938773,17.668966,17.497358,15.412999,15.221804,13.1115675,17.742895,15.347199,20.526798,24.164984,23.592833,20.912495,23.198538,16.629412,20.059998,17.549181,19.35994
19,24.276968,29.311743,31.029135,26.559753,27.349205,24.742962,22.2983,22.03809,20.62563,17.3435,20.234264,21.994408,19.105677,18.194288,14.181669,11.088927,9.769578,5.868299,5.465032,0.0,4.8514147,6.8746853,9.243981,13.380217,14.2007,18.360165,18.628939,19.32388,19.835796,14.7430935,15.623368,17.73899,13.651199,10.978407,12.460408,13.1135435,9.146924,6.756142,10.8569565,10.958401,5.959145,7.4754333,12.12008,9.437206,6.7957797,12.013347,13.76982,17.339643,20.760979,22.928991,24.41051,21.845598,25.67087,22.44813,17.424446,18.653038,17.422379,15.086432,19.126928,19.369625,16.64102,17.821327,13.045023,14.348944,12.498484,13.338868,15.290213,13.328612,13.64635,16.016993,11.754489,10.202756,8.540684,10.771193,7.958088,13.403673,12.020951,16.027523,18.083757,21.29644,22.214798,21.076006,20.820591,18.820782,15.373582,10.806995,12.019843,5.9591417,5.872321,4.233971,6.3023257,9.091135,9.83518,13.77864,15.2012005,18.924456,21.315567,20.080708,17.595348,16.505337,13.166209,17.491814,13.235401,18.173893,21.608677,20.266565,17.78476,19.019726,12.708463,16.078096,13.044371,15.580689
20,26.568186,31.915134,32.982212,28.260157,29.35157,26.099134,24.043085,24.987907,23.881521,21.123726,24.271482,26.24996,23.687859,22.433691,18.586758,15.224202,13.586042,9.978209,6.1005445,4.8514147,0.0,4.8175516,5.369617,9.993498,11.316758,15.257111,16.183065,16.271654,17.928865,13.0346775,13.943662,17.616205,13.872261,9.588969,12.442615,14.451611,10.583077,8.021665,13.18822,13.914964,9.618294,11.404148,16.269274,13.836686,11.608524,16.820927,18.535435,22.149672,25.586224,27.692368,29.228474,26.637089,30.29826,26.812353,21.789751,22.64087,20.971273,18.037195,21.905487,21.564743,19.03549,19.927958,15.853336,15.933556,14.52685,14.119402,16.071175,12.611301,13.257152,16.447586,12.130366,9.614821,10.258828,10.160357,9.855069,14.087178,13.382759,17.264044,19.123266,22.78541,23.199106,21.316845,20.647686,18.413357,14.95775,10.750589,10.834537,6.6325593,4.5929785,6.52002,7.155399,10.768589,10.845027,14.325056,17.22926,20.147839,22.164354,21.48059,19.5701,17.91158,15.516896,19.109097,15.521763,20.295166,22.975246,22.553196,20.434326,22.045424,16.279762,20.1093,17.229881,20.18191
21,29.546602,34.884983,36.425274,32.07731,33.32196,30.391632,27.85794,28.549845,26.694649,23.7569,26.72182,27.761375,25.413097,24.887014,20.878805,17.883291,16.516079,12.691131,10.145907,6.8746853,4.8175516,0.0,5.568862,7.509014,7.3605027,11.824319,11.907166,12.639044,13.439758,8.495106,10.645372,14.09575,9.429505,5.839275,10.169439,11.392221,7.1232405,6.9388175,11.785286,11.446905,8.377542,11.8917675,15.63181,13.079409,12.554188,17.522587,19.743979,22.505833,26.434866,28.35909,29.290844,26.44257,29.468899,25.369514,20.60078,20.625591,18.583954,15.0337925,18.575102,18.011446,15.919992,17.190763,13.727597,14.702621,14.489738,14.552607,18.255114,14.738523,16.413477,19.961155,16.12243,13.019058,12.347245,10.536886,9.240177,11.924124,10.254481,13.881989,15.005647,19.18272,18.906548,16.740005,16.473564,13.829104,11.324396,6.8805504,8.293397,5.746903,6.8669205,9.064784,11.428336,14.959599,15.194941,19.008045,21.4728,24.696201,26.823074,25.876451,23.754332,21.945255,19.005175,22.42141,17.813139,22.161993,24.464504,23.439245,21.636751,22.02217,16.912876,20.270401,16.750345,20.058367
22,27.890368,33.498283,34.377132,30.023193,31.755913,28.457644,25.96771,28.13137,26.29937,24.191565,27.533382,28.860386,27.329473,26.281204,22.832253,19.254137,18.392982,14.142849,11.248193,9.243981,5.369617,5.568862,0.0,5.334775,8.457873,11.023912,13.152062,14.246208,16.251886,12.119064,14.773017,19.156155,14.389408,10.663043,15.279185,16.953163,12.493975,11.952687,17.069162,16.638502,12.719175,16.08098,20.299307,16.760624,15.291113,20.949083,22.182917,26.112528,29.23934,30.883986,32.504314,30.00504,33.035973,29.24641,24.166235,25.013891,22.36617,19.24461,22.779524,21.403542,18.996742,19.148785,16.224495,14.700071,14.142429,12.66599,15.5526,11.008548,12.924937,16.98927,13.721021,9.929961,11.222337,7.8679047,10.045335,12.114441,12.658083,15.93355,18.000977,21.45685,21.919188,19.656134,17.983278,16.235607,12.15592,9.366628,7.480603,6.9271727,5.156072,9.196856,10.688335,14.328456,15.49994,17.964304,21.384869,24.024862,25.340109,24.368029,22.804508,20.103683,18.016768,20.36124,16.605858,20.59416,22.129717,22.301655,20.846378,22.262638,17.68995,21.783213,19.202036,22.842836
23,32.01034,37.635265,38.713562,34.69847,36.664436,33.5059,30.720734,33.006645,30.625164,28.55484,31.807003,32.403755,31.221987,30.647566,27.142641,23.754618,23.025103,18.658724,16.086714,13.380217,9.993498,7.509014,5.334775,0.0,4.718351,5.727602,8.491258,10.739843,12.542241,9.653233,13.797944,18.282501,13.172198,10.557352,16.111214,17.331017,13.155534,14.313096,18.918,17.770008,15.070474,19.320568,22.733208,19.137014,18.840359,24.293543,25.78831,29.1548,32.54993,33.97235,35.16584,32.524746,34.90327,30.62341,25.851421,26.025702,22.888058,19.356417,22.264769,20.27505,18.476187,18.555134,16.902555,15.424234,16.19686,14.751061,18.967384,14.374273,17.116951,21.40403,18.68673,14.618587,15.221014,10.227582,12.320715,11.855682,12.320012,14.617846,15.917868,19.592564,19.304142,16.48148,14.535072,12.744553,9.611275,8.46134,6.3753834,9.608078,9.84766,13.678391,15.897302,19.5297,20.641554,23.294003,26.642832,29.353836,30.644957,29.577648,27.990034,25.075335,22.80312,24.769,20.493027,23.865047,24.672867,24.660791,23.709232,24.15205,20.58113,24.301424,21.447792,25.392282
24,35.28737,40.792774,42.200897,38.086323,39.7407,36.658497,33.979588,35.433777,33.15251,30.5512,33.568985,34.009052,32.231792,31.980383,28.073034,25.084778,23.87537,19.936522,17.075428,14.2007,11.316758,7.3605027,8.457873,4.718351,0.0,5.097985,4.958077,6.7002854,7.98469,5.177864,9.763975,14.109822,9.686706,7.4447894,13.068955,14.218855,11.094114,12.85138,16.747532,15.852302,14.523589,18.591478,21.457941,18.911198,19.403458,24.19612,26.460382,28.816282,32.871174,34.50222,35.08405,32.149227,34.392803,29.76531,25.413633,24.646126,21.94426,17.908813,20.442686,18.928738,17.759495,18.740396,17.160894,17.43907,18.606825,18.023668,22.692497,18.453613,21.016508,25.13232,21.932775,18.14416,18.023664,13.791819,14.071636,13.56176,12.3572035,14.444329,14.358704,18.8841,17.33805,14.059652,13.512174,10.505263,9.961617,8.224443,8.742714,11.18754,12.514325,15.715517,18.118011,21.781002,22.039528,25.512194,28.514526,31.428257,33.248173,32.38944,30.53272,28.171995,25.513783,28.14374,23.44547,27.07707,28.293982,27.599232,26.471447,26.18393,22.386667,25.576387,22.056044,25.749376
25,37.177547,42.771,44.00802,40.205673,42.276108,39.188637,36.272755,38.52582,35.83739,33.716377,36.854088,36.929356,35.88177,35.676434,32.073235,28.8963,28.125492,23.831303,21.286411,18.360165,15.257111,11.824319,11.023912,5.727602,5.097985,0.0,4.55522,8.25074,9.549198,9.249636,14.129637,18.302444,13.702553,12.494867,18.058975,18.893518,15.611233,17.845306,21.708351,20.216722,18.812225,23.346983,26.03503,22.774437,23.367046,28.441826,30.249474,32.96877,36.65677,37.948326,38.679058,35.90193,37.702633,33.027576,28.718172,28.135643,24.805534,20.998453,23.083529,20.716007,19.766233,19.94997,19.533255,18.512794,20.239109,19.016497,23.908752,19.450436,22.508347,26.848299,24.363157,20.232534,20.460808,15.03591,16.647188,14.511712,14.547576,15.605236,15.646401,19.43632,18.016003,14.580765,12.775598,10.86553,10.225233,10.904673,9.746818,14.332199,15.4238205,19.034887,21.525938,25.170992,26.036795,28.926823,32.233727,34.98008,36.3435,35.30158,33.679455,30.733582,28.337027,30.166393,25.595314,28.56018,28.89003,28.667416,28.074718,27.688969,24.897839,28.171417,25.082663,29.082613
26,39.207386,44.66933,46.302414,42.45789,44.24714,41.326633,38.394855,39.82977,37.13626,34.550457,37.449272,37.30502,35.80216,35.942482,32.063526,29.27195,28.238205,24.269955,21.859121,18.628939,16.183065,11.907166,13.152062,8.491258,4.958077,4.55522,0.0,5.936006,5.136166,6.138333,11.32605,14.646665,10.5799675,10.601163,15.679832,16.0147,13.698661,16.593584,19.592607,18.065392,17.863174,22.27266,24.28986,21.829842,23.132113,27.571722,29.93932,31.772589,35.938477,37.35638,37.54005,34.552235,36.161995,31.236292,27.365654,26.00128,23.06401,18.953812,20.609987,18.702837,18.344929,19.34015,18.966393,19.518461,21.491625,21.083838,26.388496,22.305674,25.238367,29.425695,26.53308,22.608624,22.069096,17.342329,17.413692,15.416891,14.0358305,14.8643675,13.634536,18.095463,15.539049,11.771202,11.56922,8.442244,10.435848,10.545814,11.394433,15.093676,17.057104,20.107828,22.887762,26.516209,26.884745,30.432585,33.29968,36.32638,38.14898,37.15438,35.233097,32.74951,29.916292,32.33903,27.302187,30.500559,31.297081,30.36094,29.572927,28.52171,25.542929,28.298855,24.69305,28.426874
27,41.66551,47.1522,48.441216,44.06069,45.48471,42.139347,39.9151,41.084797,39.258434,36.374832,39.273506,39.917885,37.541492,37.292942,33.06472,30.348995,28.463623,25.189074,21.284063,19.32388,16.271654,12.639044,14.246208,10.739843,6.7002854,8.25074,5.936006,0.0,5.3750463,6.42342,8.09079,12.768498,11.839975,9.595192,13.689525,15.686852,14.839635,16.043966,18.973097,19.240215,19.26019,22.323008,24.920105,23.84535,24.61556,28.715843,31.653585,33.132984,37.775066,39.683426,39.771973,36.59141,38.809677,33.95526,30.119465,28.409248,26.34812,21.997688,23.907001,22.9142,22.521673,24.09051,22.783258,23.882957,25.18616,24.72292,29.236624,24.826698,27.14675,31.22258,27.694395,24.132023,24.379807,20.431038,20.462234,19.92644,18.080633,19.691195,18.276466,23.198006,20.233463,16.466438,17.234303,13.582179,15.60234,14.197078,15.364924,17.45648,18.553164,21.59459,23.409502,27.040104,26.174562,30.01981,33.174133,35.789005,37.914524,37.623665,35.83583,33.899643,31.416346,34.3651,29.87146,33.69256,34.981308,34.256584,33.064213,32.579887,28.636707,31.556625,27.673111,31.033918
28,42.07865,47.392475,49.26684,45.247974,46.66667,43.794548,41.074665,41.68333,39.27268,36.20457,38.845757,38.74593,36.556713,36.90407,32.715443,30.362988,28.851788,25.490936,22.860806,19.835796,17.928865,13.439758,16.251886,12.542241,7.98469,9.549198,5.136166,5.3750463,0.0,5.1218934,8.572599,10.705027,8.894035,9.803826,13.466493,13.647936,13.1757,16.056423,17.905909,16.98905,18.156898,21.82599,23.249521,22.14971,23.92742,27.51629,30.561838,31.372274,36.1025,37.783287,37.395306,34.173565,35.77314,30.693834,27.361067,25.099918,22.974648,18.62168,19.839987,18.873516,19.117117,21.05249,20.389395,22.474117,24.359552,24.594675,29.888302,26.057396,28.677473,32.65997,29.286522,25.699942,24.780556,20.957283,19.82278,18.5271,15.903327,16.758793,14.342547,19.33772,15.636063,11.861689,13.743094,9.709463,13.667843,12.764636,15.105661,17.408546,19.715055,22.188776,24.856739,28.384571,27.958923,32.11529,34.615788,37.747295,40.052452,39.30507,37.1731,35.283966,32.208363,35.267612,30.065268,33.607433,34.9425,33.485912,32.410843,30.987757,27.587831,29.866909,25.776949,29.036089
29,37.484665,42.764065,44.607086,40.46005,41.733543,38.88197,36.252384,36.666676,34.47454,31.323425,33.99774,34.249588,31.840977,31.983856,27.763811,25.337023,23.763151,20.419975,17.823282,14.7430935,13.0346775,8.495106,12.119064,9.653233,5.177864,9.249636,6.138333,6.42342,5.1218934,0.0,6.028833,9.144924,5.5721006,4.954665,9.60259,10.121189,8.647697,11.138022,13.669133,12.983575,13.390185,16.992424,18.974478,17.726257,19.060984,22.867327,25.869852,27.04708,31.70558,33.539757,33.45848,30.268785,32.390373,27.535292,23.738884,22.004116,20.020948,15.655316,17.783092,17.158081,16.619524,18.653912,16.907717,19.129463,20.4306,20.801256,25.714666,22.039837,24.349577,28.153309,24.55277,21.184143,20.178371,17.049208,15.502244,15.405929,12.554687,14.487083,13.041046,18.216505,15.57769,12.302318,13.716626,9.667588,11.591757,9.043273,11.840663,12.809388,15.058712,17.285118,19.882956,23.35904,22.9388,27.158089,29.520515,32.727116,35.09566,34.322456,32.132465,30.415956,27.30297,30.616201,25.518597,29.379477,31.15452,29.677382,28.299404,27.321182,23.26006,25.76081,21.65437,24.872759
30,39.72319,44.861523,46.5107,41.89657,42.650276,39.54326,37.63869,37.3877,36.135296,32.580276,35.079136,36.09895,32.64968,32.490437,27.926947,25.846159,23.312435,21.074614,17.205187,15.623368,13.943662,10.645372,14.773017,13.797944,9.763975,14.129637,11.32605,8.09079,8.572599,6.028833,0.0,6.0437636,8.218884,5.0032125,5.994537,8.968352,10.2545185,10.173545,11.851207,13.727995,14.72888,16.20739,18.533726,19.327242,20.160412,23.095201,26.79571,27.247423,32.429676,34.80349,34.485016,31.120838,33.86739,29.232807,25.716427,23.548887,22.81309,18.502537,20.72473,21.252462,20.759005,23.355053,20.750433,23.691454,24.304655,24.833815,28.897993,25.244305,26.825588,30.28572,26.05008,23.321104,22.800184,20.889147,18.993347,20.344938,17.121162,19.566372,17.977077,23.255669,20.35639,17.358429,19.525164,15.3303385,17.287981,13.838882,16.763678,15.951579,17.386675,19.100136,20.646042,23.876091,21.99441,26.693262,28.971169,31.852562,34.703217,34.620457,32.460186,31.567612,28.702951,32.683056,28.128235,32.553535,34.948475,33.478615,31.66229,31.120892,26.160105,28.560938,24.231836,26.769411
31,41.518295,46.312874,48.561523,44.2147,44.705624,42.107285,39.9623,38.696877,37.19722,33.26096,35.282738,35.74259,31.997818,32.482,27.892164,26.55933,24.153173,22.448038,19.966803,17.73899,17.616205,14.09575,19.156155,18.282501,14.109822,18.302444,14.646665,12.768498,10.705027,9.144924,6.0437636,0.0,7.572619,8.517851,6.350238,6.1807537,10.221357,11.399323,10.277068,11.757891,14.886947,15.94679,16.43596,18.512794,20.443718,22.01459,26.184092,25.229967,30.787575,33.153774,32.04833,28.544155,30.854324,26.114695,23.503946,20.318144,20.464169,16.333916,17.757666,19.302633,19.510057,22.852762,20.435938,24.889172,25.757328,27.14925,31.60195,28.670826,30.260118,33.40238,29.194984,26.76673,25.12982,23.937887,20.656088,21.894846,17.721762,19.639864,17.12502,22.26889,18.791924,16.478966,19.988796,15.7595825,18.966333,15.59171,19.6229,18.307985,20.708462,21.476849,23.552357,26.406015,24.565958,29.63417,30.96902,34.278767,37.488358,37.146973,34.62235,34.17606,30.771269,35.09864,30.048744,34.329155,37.057667,34.762085,32.875004,31.467806,26.753416,28.228415,23.597528,25.506245
32,36.07448,41.010498,43.45151,39.577015,40.59496,38.29095,35.374077,34.796917,32.317024,28.809502,31.084389,30.837927,28.238058,28.939438,24.726707,22.889605,21.583925,18.56394,17.567135,13.651199,13.872261,9.429505,14.389408,13.172198,9.686706,13.702553,10.5799675,11.839975,8.894035,5.5721006,8.218884,7.572619,0.0,6.1648145,8.403207,6.007905,4.9748793,9.423098,10.200418,8.120846,10.165861,13.935568,14.531743,13.719916,16.093916,18.956696,22.23611,22.539993,27.392063,29.183838,28.63301,25.356293,27.243238,22.29898,18.888372,16.642286,15.111145,10.6886015,12.734229,13.040017,12.723432,15.638308,13.535217,17.572159,18.890778,20.32793,25.4505,22.741898,24.881245,28.218262,24.624163,21.711563,19.389627,17.517849,14.08453,14.464443,10.281402,12.164271,10.193443,15.39617,12.8213625,10.584116,13.221486,9.318285,11.615115,8.361222,12.776718,12.209954,15.547609,16.489483,19.683405,22.736912,22.53739,27.088562,28.476639,32.18396,34.85487,33.718967,31.1405,29.851147,26.146008,29.855576,24.257322,28.047682,30.333588,27.971626,26.412321,24.697824,20.647808,22.333622,17.886225,20.66041
33,34.84849,40.016468,41.750816,37.297115,38.210155,35.27618,33.04085,32.970173,31.395123,27.987589,30.612394,31.532942,28.466017,28.276766,23.868008,21.514143,19.430141,16.600313,13.427412,10.978407,9.588969,5.839275,10.663043,10.557352,7.4447894,12.494867,10.601163,9.595192,9.803826,4.954665,5.0032125,8.517851,6.1648145,0.0,5.678703,7.6869764,6.2901077,6.5200677,9.75274,10.597553,10.307985,12.745144,15.568082,15.116756,15.686809,19.319939,22.583235,23.812881,28.605494,30.810005,30.916975,27.706146,30.55879,26.06246,22.016562,20.633957,19.39021,15.232171,18.109835,18.306566,17.164494,19.43926,16.397564,19.004017,19.378056,19.953987,24.002893,20.56797,22.191362,25.61864,21.521828,18.716408,17.848324,16.142292,14.0346775,15.867036,12.832571,15.809184,15.173928,20.19171,18.334919,15.709602,17.06333,13.307675,13.65026,9.517187,12.477233,10.970694,12.641438,14.25152,16.247952,19.55338,18.47635,23.01022,25.187084,28.354265,31.001556,30.489765,28.245573,27.068075,24.024902,27.885487,23.167818,27.554089,29.996115,28.514893,26.676554,26.317183,21.28088,23.911543,19.753057,22.567255
34,36.558372,41.35787,43.27156,38.63899,38.957767,36.168026,34.390755,33.14702,32.230335,28.30309,30.486351,31.771282,27.684448,27.565773,22.88438,21.293272,18.466656,17.043268,13.851945,12.460408,12.442615,10.169439,15.279185,16.111214,13.068955,18.058975,15.679832,13.689525,13.466493,9.60259,5.994537,6.350238,8.403207,5.678703,0.0,5.2029667,7.7426996,5.8254294,6.15003,9.736018,10.999708,10.883677,13.159009,15.256747,15.90162,17.9136,21.9932,21.928493,27.297455,29.95507,29.550343,26.166758,29.418531,25.16703,21.73118,19.70318,19.916428,16.054312,18.728123,20.23015,19.35978,22.33694,18.739063,22.61283,22.561588,23.754486,27.245485,24.396532,25.38863,28.228483,23.735798,21.768621,20.58542,20.386345,17.255896,20.04304,16.343605,19.346565,18.264702,23.214308,21.083122,18.97416,21.32841,17.433615,18.428505,13.972575,17.500114,14.568507,16.107796,16.5177,17.870375,20.568918,18.300283,23.416899,24.828983,27.996738,31.24741,31.115349,28.68131,28.497618,25.368425,29.934685,25.46393,30.144798,33.263775,31.339169,29.119913,28.682001,23.105171,25.11173,20.713137,22.557074
35,36.064728,40.650814,43.179512,39.042126,39.444683,37.238476,34.834106,33.122944,31.422949,27.387253,29.270695,29.615688,25.866295,26.512737,22.00244,20.85022,18.808203,17.110472,16.058346,13.1135435,14.451611,11.392221,16.953163,17.331017,14.218855,18.893518,16.0147,15.686852,13.647936,10.121189,8.968352,6.1807537,6.007905,7.6869764,5.2029667,0.0,5.526211,7.143452,5.02754,5.73551,9.249157,10.360355,10.457492,12.467587,14.585193,15.9124,20.045963,19.206953,24.668283,27.023348,26.113573,22.648397,25.268127,20.709866,17.708746,15.036558,15.384921,11.535522,13.811741,15.828748,15.354669,18.805597,15.527654,20.551695,20.97303,22.894608,27.083364,24.889853,26.230818,28.95657,24.860956,22.822874,20.396465,20.321012,16.053478,18.246824,13.829153,16.29321,14.710007,19.406322,17.228977,15.806638,18.791306,15.139969,16.747684,12.6029825,17.003769,14.23015,17.021936,16.828157,19.26194,21.762678,20.501686,25.553072,26.229143,29.946625,33.163948,32.390022,29.638433,29.336788,25.598999,30.081755,24.88796,29.148472,32.266872,29.614468,27.530462,26.12986,21.151178,22.383013,17.742487,19.424278
