,0,1,2,3,4,5,6,7,8,9,10,11,12,13,14,15,16,17,18,19,20,21,22,23,24,25,26,27,28,29,30,31,32,33,34,35,36,37,38,39,40,41,42,43,44,45,46,47,48,49,50,51,52,53,54,55,56,57,58,59,60,61,62,63,64,65,66,67,68,69,70,71,72,73,74,75,76,77,78,79,80,81,82,83,84,85,86,87,88,89,90,91,92,93,94,95,96,97,98,99,100,101,102,103,104,105,106,107,108,109,110,111
0,0.0,4.817608,6.7092767,6.0819726,8.002829,11.604695,14.369361,17.187006,12.17782,16.608503,12.457977,16.445484,18.002954,17.249428,22.367193,21.652933,24.223463,22.334984,26.015486,23.965717,27.698442,26.202463,27.987844,30.26394,28.180244,32.448254,35.566402,38.22973,39.60425,41.969185,41.737667,37.041092,39.622288,42.36104,36.08415,34.756428,37.35103,36.877495,31.919407,31.81082,34.791767,32.53069,27.763897,29.750994,32.219727,26.517641,23.771986,27.67754,27.70093,24.38177,24.12676,21.301178,23.205656,24.54651,22.479641,26.067022,24.961216,29.707891,30.728138,31.917366,35.58836,35.962997,32.566505,31.631374,28.954184,25.00404,21.475779,20.703825,14.567752,19.26173,16.54407,12.543074,16.133081,19.071154,19.096392,22.4659,24.408518,27.514942,30.535484,32.326397,36.265205,35.35936,38.977123,39.651573,34.92416,36.589615,30.248497,30.249275,27.69152,25.192108,23.940704,22.062395,22.725582,20.975878,24.933304,22.939016,26.866608,25.694439,25.790993,22.750267,20.886457,18.187326,16.695118,14.880403,9.726563,7.0516124,8.031463,10.607712,13.890781,16.972227,18.84049,21.840826
1,4.817608,0.0,5.1584578,7.2387757,6.048718,8.292153,11.932845,13.698039,9.015682,15.238131,12.533812,16.343073,18.650116,19.193325,23.234795,21.825714,23.853846,21.377909,24.488148,22.211575,24.972914,23.816204,24.878323,27.394394,24.668741,28.97588,32.43588,34.832363,36.562916,38.780197,39.00885,34.259193,36.908443,40.12732,34.016434,32.155838,35.16447,35.17549,30.066912,29.807579,33.342224,31.366886,26.373638,28.616459,31.742369,26.05864,23.056927,27.566338,28.075878,25.251701,25.654001,23.369265,25.450907,26.283514,24.758762,27.575052,25.563656,30.5701,30.904612,31.561382,35.40926,35.42861,31.982895,31.181696,28.107088,24.13875,20.491154,19.21965,12.749395,16.45737,13.186134,8.926195,12.370697,15.695534,16.925972,20.001009,22.647572,26.053198,29.070387,31.297684,35.10766,33.477516,37.155804,37.991135,32.94044,34.33381,27.88463,27.861458,24.764332,22.571245,20.785637,19.547062,20.006052,18.773453,22.47519,21.39322,26.115189,24.08391,23.539648,20.513647,18.027237,16.128439,13.459825,12.985314,7.7127852,4.626046,8.583116,10.479748,15.178907,16.51388,19.407589,21.498777
2,6.7092767,5.1584578,0.0,5.548609,7.1265526,6.667357,9.337936,11.319652,5.7477803,10.457455,7.436431,11.384324,13.665485,15.024379,18.546354,16.858852,19.148367,16.959248,20.220945,18.715368,21.828224,21.209856,22.809889,25.77819,23.750923,28.5259,31.580639,34.547997,35.828075,37.438377,37.687546,32.670498,34.59967,37.556942,32.016743,29.839972,32.187737,32.379692,27.606808,26.645538,29.949999,28.547348,23.453133,24.830992,28.111553,23.00787,19.500397,23.490034,24.460732,22.026339,21.833672,19.800913,22.575615,23.48604,22.970587,25.796228,23.610348,28.315622,29.019215,29.271078,33.097546,33.661396,30.363243,30.199982,26.576283,23.77707,19.872347,19.52521,13.796944,17.561893,14.357865,10.45203,12.126845,15.8091955,15.867154,20.233881,21.435722,25.724667,27.986605,30.462038,34.07706,32.65183,36.683483,38.068012,33.13844,34.031967,27.864222,27.010881,24.587849,21.172169,19.155687,17.16716,16.877436,14.879382,18.448555,16.61081,21.114773,19.310162,19.16693,16.110003,14.260733,11.847039,10.367252,9.79851,5.326847,6.3380213,7.7332993,8.206355,13.681589,14.063237,17.190348,19.475641
3,6.0819726,7.2387757,5.548609,0.0,5.653922,8.512891,9.722979,13.725185,9.788374,12.165599,9.321991,14.085341,15.174365,16.007875,20.527002,19.103699,22.31252,20.85961,24.349525,23.552229,26.819338,26.494705,28.217173,31.282896,29.258575,34.03714,37.129074,40.06047,41.374928,42.946175,43.196106,38.160995,39.917515,42.74338,37.32784,35.174484,37.2237,37.385372,32.778507,31.607302,34.629467,33.351295,28.35616,29.20719,32.21159,27.377542,23.860868,27.09088,27.963081,25.270214,23.991877,21.398027,24.385633,25.97136,25.074425,28.75649,27.3899,31.831089,33.145176,33.72796,37.426212,38.28601,35.025536,34.764458,31.395193,28.495142,24.676357,24.383331,18.457428,22.608244,19.411844,15.276443,17.50693,21.204512,21.237318,25.49725,26.686827,30.759752,33.115295,35.358673,39.061386,37.945423,41.92689,43.159763,38.320927,39.39942,33.199024,32.457966,30.057846,26.676964,24.66773,22.562262,21.963833,19.525425,22.608084,19.699167,23.656336,21.761698,22.450476,19.192663,18.452337,16.175835,15.258945,15.00549,10.701133,10.449076,11.279299,12.482313,16.828121,18.598747,20.96821,23.962057
4,8.002829,6.048718,7.1265526,5.653922,0.0,5.921295,8.208646,11.576003,9.149149,13.890876,13.064003,17.603252,19.379398,21.005102,24.840073,22.864916,25.533375,23.45961,26.327328,25.165413,27.254814,27.229822,27.9833,31.188904,28.213255,32.826366,36.441116,38.815823,40.711864,42.329716,43.09355,38.11743,40.167,43.595547,38.17569,35.56832,38.24502,38.859974,34.00333,32.878407,36.527275,35.347046,30.172853,31.512262,35.08869,30.063936,26.481617,30.412336,31.547266,29.082136,28.538877,26.228792,29.042797,30.245434,29.225697,32.411835,30.469227,35.26041,35.895996,36.22661,40.08565,40.424953,37.05894,36.621487,33.174095,29.753517,25.974033,24.893042,18.527601,21.700611,18.083511,13.8610935,16.245235,20.157501,21.755281,25.195381,27.57344,31.510195,34.179653,36.67919,40.352665,38.507053,42.368835,43.47712,38.317917,39.37101,32.991703,32.58348,29.3998,26.816132,24.306705,23.12134,22.42166,20.689278,23.37923,21.558565,26.44193,23.360216,23.320896,20.00362,18.593304,17.51213,14.960266,16.40032,11.816429,10.433572,13.676731,15.015814,20.069754,21.023022,24.090912,26.338806
5,11.604695,8.292153,6.667357,8.512891,5.921295,0.0,4.155922,5.8293495,4.267902,9.745343,10.99846,14.742643,17.079527,20.167545,22.496225,19.808239,21.912222,19.542494,21.748373,20.966002,22.175922,22.927748,23.314665,27.004442,24.038034,28.935415,32.46444,35.007206,36.829037,37.84003,39.00554,33.869987,35.423187,39.047142,34.2713,31.009773,33.551384,34.723137,30.078789,28.356922,32.280598,31.770473,26.49423,27.454626,31.632435,27.155827,23.19294,27.189867,28.994257,27.280455,27.041555,25.441216,28.626219,29.381813,29.38191,31.8503,29.113213,33.806103,34.06782,33.680256,37.587505,37.96505,34.729046,34.835533,30.78607,28.236311,24.345358,23.532228,17.80229,20.022324,16.248665,12.5472765,13.07879,17.332247,19.095123,22.974209,24.829063,29.47512,31.539307,34.510593,37.86269,35.587856,39.682014,41.308292,36.06403,36.50078,30.38552,29.360142,26.303377,23.192188,20.086874,19.072893,17.574745,15.939471,18.011465,16.772474,22.209023,18.420513,17.896765,14.646933,13.069105,12.857276,9.896353,13.122662,10.0112295,10.826084,14.006432,14.077213,19.973186,19.021412,22.833439,24.335163
6,14.369361,11.932845,9.337936,9.722979,8.208646,4.155922,0.0,5.1692586,6.4857683,7.942095,11.088885,14.739295,16.50345,20.401917,22.229853,19.192265,21.682283,19.826488,21.808105,22.070404,23.01139,24.561398,25.030144,29.09444,26.419962,31.4914,34.83525,37.564644,39.232204,39.709976,41.09388,35.83232,36.755634,40.28805,36.162453,32.50778,34.518005,36.032608,31.762161,29.366856,33.12608,33.25626,28.01239,28.106735,32.446564,28.657883,24.380363,27.68074,29.925611,28.569294,27.629057,26.16076,29.827662,30.781881,31.30791,33.937687,31.284998,35.6761,36.238495,35.603138,39.431274,40.171345,37.0721,37.53993,33.240093,31.322418,27.378258,26.947157,21.503859,23.710209,19.998095,16.47506,16.397371,20.663582,22.02583,26.327217,27.533022,32.552288,34.198856,37.29058,40.488422,38.277702,42.525883,44.435143,39.25769,39.39959,33.49714,32.05167,29.300484,25.670254,22.327175,21.073788,18.767513,16.613476,17.750944,15.672976,20.886198,16.494404,16.594221,13.259303,13.083715,13.329801,11.433691,15.233276,12.992268,14.567746,16.952188,16.662497,22.456894,21.280733,25.000566,26.644768
7,17.187006,13.698039,11.319652,13.725185,11.576003,5.8293495,5.1692586,0.0,6.0888057,8.85182,12.986566,15.385125,17.85324,22.292894,22.972475,19.566683,21.026764,18.587797,19.669065,19.715643,19.3761,21.43769,21.131266,25.41268,22.40174,27.434153,30.858274,33.416622,35.23897,35.405018,37.204224,31.974209,32.79624,36.696903,32.934185,28.78882,31.080595,33.06918,28.851654,26.292393,30.488958,30.948364,25.725904,26.025166,30.861242,27.289553,23.017471,26.757257,29.336914,28.51485,28.39158,27.504211,31.01008,31.415926,32.349556,34.195015,30.844007,35.269512,35.19347,34.04644,37.90464,38.333282,35.318123,35.98915,31.425537,29.8367,26.015291,25.433294,20.601854,21.64281,17.99025,15.25758,13.848242,17.967703,19.990776,23.951687,25.278242,30.46933,31.840742,35.251514,38.17218,35.406223,39.65042,41.784184,36.523605,36.269566,30.608456,28.96281,26.0535,22.588667,18.784613,18.211926,15.510328,14.129514,14.6360855,14.215319,20.079222,15.049402,13.950935,10.966201,9.755694,11.521264,8.512341,14.007321,13.024858,15.170801,18.003044,17.14686,23.20312,20.659061,24.917791,25.645384
8,12.17782,9.015682,5.7477803,9.788374,9.149149,4.267902,6.4857683,6.0888057,0.0,7.760518,8.570803,11.397533,14.246346,17.56491,19.201418,16.470295,18.090147,15.466528,17.672535,16.704739,18.233692,18.828863,19.581802,23.269857,20.816477,25.874834,29.084715,31.984947,33.460503,34.374096,35.33117,30.133783,31.557205,34.9927,30.244598,27.06534,29.452717,30.518559,25.929012,24.175432,28.033443,27.537254,22.260195,23.214806,27.4202,23.015661,19.004652,23.129555,25.016167,23.546108,23.662699,22.439636,25.596636,26.044336,26.517763,28.550873,25.489174,30.089733,30.238537,29.628595,33.52593,33.987083,30.82101,31.179306,26.919485,24.896467,20.968924,20.570833,15.470266,17.61685,14.095566,10.871603,10.350188,14.530786,15.5429535,19.966232,21.092445,26.06694,27.778385,30.844595,34.081757,31.910774,36.129574,37.992855,32.85986,33.08664,27.15026,25.760408,23.13043,19.452528,16.435665,15.030959,13.516833,11.779568,14.327281,13.397423,18.882713,15.669995,14.829594,11.740572,9.538484,8.760833,5.9785028,9.062547,7.0647025,9.671266,11.935656,11.14132,17.20017,15.297276,19.345146,20.543438
9,16.608503,15.238131,10.457455,12.165599,13.890876,9.745343,7.942095,8.85182,7.760518,0.0,6.44327,8.092638,9.579412,14.78935,15.007406,11.576919,14.17652,12.9882345,15.128015,16.60032,18.475407,20.307608,21.90179,26.00531,24.82273,30.105255,32.557026,36.09343,36.87934,36.84505,37.792126,32.42798,32.519897,35.316498,31.806604,28.293024,29.233341,30.599434,26.951078,23.931938,27.00414,27.68383,22.689095,21.602234,25.779839,22.949255,18.41303,20.675817,23.374714,22.676071,21.211662,20.406147,24.53344,25.351202,27.110792,29.394104,26.680784,30.408789,31.382988,30.36188,33.963146,35.370136,32.586792,33.752266,29.11996,28.680872,24.782978,25.500376,21.372229,23.833708,20.779894,17.987175,16.688023,20.427902,19.824625,25.203272,24.436428,30.025194,30.716026,33.815186,36.697945,35.08764,39.58353,42.01443,37.27049,36.97001,31.65778,29.350786,27.828957,22.884108,19.943592,17.548336,14.655746,11.362197,12.305674,8.459715,13.086707,9.711166,10.786276,7.55476,9.074346,7.9811935,9.53969,11.930329,12.1790285,15.989461,16.045172,14.430352,19.598083,17.377398,20.789564,22.42894
10,12.457977,12.533812,7.436431,9.321991,13.064003,10.99846,11.088885,12.986566,8.570803,6.44327,0.0,4.8377957,6.391233,9.425577,11.868402,9.892806,13.052557,11.986343,15.650776,15.838703,19.767267,19.872282,22.477478,25.751612,25.088789,30.152388,32.391113,36.101723,36.600452,37.39656,37.474003,32.285294,33.081295,35.348083,30.774939,28.4577,29.520895,29.772247,25.796288,23.851181,26.37632,25.84015,20.972643,20.666945,23.785902,19.949272,15.91958,18.3784,19.97356,18.219326,16.657305,15.091188,18.942053,20.073355,21.162594,24.000923,21.955147,25.807945,27.27617,27.064966,30.639353,32.13448,29.209326,29.940111,25.844227,24.883432,21.007908,22.018934,17.860598,21.533392,18.90699,15.923992,15.811569,19.115768,17.326733,22.883846,21.871195,26.932346,28.031082,30.582518,33.81602,32.9824,37.3317,39.358677,34.853584,35.15052,29.65462,27.765661,26.572407,21.705862,19.818832,16.714062,15.403318,12.071358,15.104651,11.350999,14.606546,14.022054,15.057588,12.304373,12.325301,8.827745,10.852265,9.52052,8.821352,12.537761,10.876896,9.426066,13.851755,13.159608,15.779212,18.400639
11,16.445484,16.343073,11.384324,14.085341,17.603252,14.742643,14.739295,15.385125,11.397533,8.092638,4.8377957,0.0,3.620678,7.9400196,7.817005,5.4966087,8.236734,7.516575,11.460353,12.239308,16.799875,16.925825,20.163986,23.291828,23.60497,28.589138,30.211885,34.310707,34.27873,34.71663,34.566048,29.415205,29.701538,31.512068,27.395916,25.195517,25.617458,25.765451,22.24574,19.976751,22.037968,21.854128,17.227968,16.190626,19.234154,16.084654,11.872996,13.711498,15.737413,14.709007,13.225128,12.640541,16.683651,17.341297,19.627903,21.720953,19.306864,22.654263,24.156738,23.485767,26.912672,28.762623,26.098045,27.38606,23.0105,23.262548,19.589676,21.343576,18.538855,21.751732,19.713068,17.621012,16.468746,19.100002,16.21836,22.127417,19.77696,25.145433,25.467302,28.078402,30.977272,30.407524,34.86174,37.266544,33.079357,32.978607,28.043854,25.579514,25.218994,19.694315,18.178734,14.534928,13.073585,9.407846,12.444735,8.518395,10.672666,11.80972,12.859021,10.9670315,11.265087,7.089382,11.111087,8.742787,10.644655,15.209972,12.673465,10.169958,13.581455,11.325876,13.75275,15.900539
12,18.002954,18.650116,13.665485,15.174365,19.379398,17.079527,16.50345,17.85324,14.246346,9.579412,6.391233,3.620678,0.0,6.157392,5.9754486,4.323209,8.574162,9.441528,13.281385,14.902075,19.611368,19.887825,23.36135,26.403246,27.045782,31.980886,33.38594,37.60861,37.36328,37.65287,37.352127,32.27144,32.2181,33.623165,29.856018,27.850021,27.704,27.700012,24.631369,22.18626,23.61378,23.654467,19.452076,17.647114,20.068075,17.657995,13.743431,14.13427,16.064861,15.085009,12.173449,11.439405,15.9735985,17.146059,19.737638,22.284569,20.56365,23.331999,25.479685,24.975925,28.121933,30.422523,27.953213,29.36877,25.1928,25.786135,22.262564,24.282171,21.576115,25.106043,23.137379,20.89284,20.0289,22.640219,19.49613,25.409689,22.695934,27.899914,28.029957,30.403635,33.222023,33.090603,37.51213,39.939896,35.986027,35.8981,31.158737,28.617325,28.568167,22.939259,21.617609,17.850752,16.310726,12.537194,14.897684,10.024533,10.41023,12.555415,14.5736685,12.896756,14.227903,10.400555,14.559925,12.266074,13.722195,17.925001,14.921402,12.74815,15.192664,13.881571,15.38429,18.036074
13,17.249428,19.193325,15.024379,16.007875,21.005102,20.167545,20.401917,22.292894,17.56491,14.78935,9.425577,7.9400196,6.157392,0.0,6.628705,8.563421,11.762357,12.741247,17.080091,17.396158,23.229565,22.113523,26.14349,28.329515,29.349426,33.897854,35.080204,39.316822,38.830093,39.84423,38.775585,34.02424,34.590286,35.451263,30.849478,30.059744,30.011099,28.934965,25.77195,24.4975,25.242826,24.049843,20.401575,19.464071,20.352627,17.167524,14.473772,14.609996,14.754112,12.341861,8.6817665,6.342498,10.740713,12.701537,14.548059,17.996227,17.570868,20.082664,23.034372,23.574905,26.466122,28.913208,26.43827,27.357248,24.032946,24.182722,20.99627,23.309338,20.966139,25.339598,23.919172,21.735737,21.883366,23.930021,19.990446,25.563051,22.68819,26.985636,27.464483,29.091496,32.156193,32.924107,37.047886,39.006485,35.45186,35.954205,31.248676,29.210997,29.503918,24.285059,23.95254,19.969812,19.796686,16.51887,19.866138,15.742876,15.467449,18.591452,20.314919,18.692894,19.145082,14.764171,18.330793,14.149625,14.739985,17.995928,13.60087,12.030456,12.018475,13.07414,12.744223,16.557997
14,22.367193,23.234795,18.546354,20.527002,24.840073,22.496225,22.229853,22.972475,19.201418,15.007406,11.868402,7.817005,5.9754486,6.628705,0.0,4.0812078,6.187126,8.781677,12.371664,14.190794,19.714354,19.376335,23.61067,25.936443,27.803137,32.311184,32.8853,37.449657,36.49003,36.6577,35.735397,30.989212,30.540304,30.99746,27.61148,26.421402,25.38088,24.687334,22.423132,20.192402,20.360847,20.37657,17.15672,14.547717,15.626997,14.387524,11.34859,9.570672,11.23388,11.027005,7.3521886,8.247084,12.609864,13.341479,17.340342,19.1111,17.665312,19.289436,21.928774,21.298882,23.948896,26.86853,24.861181,26.764088,22.797523,24.699644,21.742653,24.5767,23.395218,26.717194,25.537775,24.079626,22.843073,24.564814,20.263346,26.053038,21.960482,26.852448,26.185905,28.187218,30.603756,31.2629,35.56975,38.19709,34.887566,34.6008,30.659134,27.77122,28.811531,22.913725,22.51188,18.388348,17.457666,14.121386,16.404356,12.351433,10.108858,14.973978,16.794552,16.210703,17.347826,13.417101,18.163712,14.65145,17.314726,21.606579,17.707407,15.170407,15.647431,13.881281,14.037539,16.38571
15,21.652933,21.825714,16.858852,19.103699,22.864916,19.808239,19.192265,19.566683,16.470295,11.576919,9.892806,5.4966087,4.323209,8.563421,4.0812078,0.0,4.5905404,6.716833,10.033578,12.652442,17.29911,17.902803,21.622892,24.577528,25.943783,30.733393,31.630186,36.084534,35.443478,35.269955,34.928627,29.925055,29.271914,30.321795,27.258812,25.170841,24.364622,24.483875,22.013588,19.077644,20.062698,20.765814,16.941147,14.135097,16.635279,15.393234,11.43763,10.740002,13.499304,13.727299,11.150521,11.836356,16.181534,16.69686,20.374336,21.979391,19.786016,21.972906,23.93668,22.806147,25.751411,28.314455,26.163223,28.140106,23.695524,25.40407,22.146303,24.58673,22.900694,25.790829,24.197392,22.614416,20.916334,23.049326,19.453241,25.379196,21.75602,27.164885,26.554441,29.052134,31.450752,31.376434,35.85254,38.65406,34.961327,34.42166,30.26358,27.219345,27.793411,21.785324,20.643106,16.75608,14.930087,11.263451,12.954006,8.376034,6.931188,10.973808,12.879871,12.204332,13.790272,10.271268,15.220468,12.9684515,15.880867,20.524843,17.490458,14.792321,16.79674,14.07611,15.516812,17.322361
16,24.223463,23.853846,19.148367,22.31252,25.533375,21.912222,21.682283,21.026764,18.090147,14.17652,13.052557,8.236734,8.574162,11.762357,6.187126,4.5905404,0.0,3.902248,6.306833,9.34449,14.048516,14.579733,18.551857,21.211447,23.307446,27.816801,28.211327,32.832882,31.83239,31.385277,30.929752,26.039846,25.048555,25.843744,23.175594,21.123003,19.923151,20.054918,17.9735,14.784091,15.515009,16.643324,13.109777,9.63428,12.527188,12.12132,8.207147,7.0746813,10.773926,12.265645,11.281429,13.14985,16.709772,16.288149,20.608164,21.030828,18.087301,19.938292,21.313034,19.494764,22.356255,24.9121,23.003056,25.442871,20.738058,23.416477,20.494192,23.230247,22.667536,24.7866,23.688232,22.905766,20.467157,21.917227,17.930647,23.633352,19.225954,24.721893,23.445238,26.093555,28.094133,27.953602,32.44314,35.55156,32.087803,31.144459,27.557455,24.107052,25.273493,19.066084,18.2747,14.388009,12.686943,9.661882,11.096948,8.384241,6.267131,11.320643,12.136908,12.478458,13.349071,10.231885,15.295553,12.83704,16.984888,21.839132,18.901232,15.812505,17.452625,13.278718,14.815408,15.426623
17,22.334984,21.377909,16.959248,20.85961,23.45961,19.542494,19.826488,18.587797,15.466528,12.9882345,11.986343,7.516575,9.441528,12.741247,8.781677,6.716833,3.902248,0.0,4.4731083,5.9670706,10.965441,11.2241535,15.060515,17.90669,19.593931,24.235714,24.960115,29.457033,28.765736,28.58335,28.318632,23.250956,22.815937,24.257542,20.914759,18.560802,18.294613,18.622168,15.700769,12.764855,14.650661,15.281508,10.891891,8.866934,12.811165,10.917168,6.3458734,8.237199,11.5423355,12.528527,13.006672,14.4300165,17.59185,16.861473,20.526278,20.691685,17.063929,19.739534,20.353281,18.450762,21.742332,23.652262,21.41221,23.599508,18.647453,20.788275,17.669874,20.080065,19.444443,21.169415,20.037699,19.492353,16.743933,18.113516,14.387227,20.084938,16.09041,21.845745,20.879148,23.842543,26.031618,25.317984,29.882324,32.919155,29.11018,28.207314,24.273607,20.921068,21.67222,15.497004,14.46099,10.589402,8.948423,6.0513453,8.618323,7.477197,8.24707,11.208051,10.822348,10.896517,10.448708,7.190434,11.953674,9.47373,14.141977,19.057169,16.653618,13.432099,15.809412,10.722785,13.280726,13.293292
18,26.015486,24.488148,20.220945,24.349525,26.327328,21.748373,21.808105,19.669065,17.672535,15.128015,15.650776,11.460353,13.281385,17.080091,12.371664,10.033578,6.306833,4.4731083,0.0,5.50676,8.00404,9.8719425,13.114895,16.233007,18.32975,22.78439,23.136309,27.681087,26.81369,25.820124,26.006292,20.933796,19.606987,21.183771,19.058084,15.805896,14.9844265,16.304974,14.095558,9.874585,12.128962,14.267094,10.329007,7.128437,12.306047,12.082126,8.122781,9.376922,13.385846,15.497096,16.486906,18.445719,21.358877,20.231934,24.235867,23.67651,19.582296,21.828157,21.76812,19.009039,22.071053,23.827276,21.949656,24.621391,19.401625,22.370533,19.598759,21.899895,21.90759,22.597616,21.63268,21.65345,18.083517,19.09429,15.897313,21.051266,16.824076,22.68451,21.020031,24.327658,25.937838,24.70741,29.28774,32.753983,29.054686,27.495028,24.212818,20.346148,21.39385,15.183686,13.830296,10.673269,8.054893,6.3863754,6.4813943,7.701534,8.131069,10.5894785,9.232491,10.630126,10.29582,8.915333,13.130151,12.203242,17.2507,22.152214,20.389656,17.151672,19.716986,13.947529,16.693544,15.626967
19,23.965717,22.211575,18.715368,23.552229,25.165413,20.966002,22.070404,19.715643,16.704739,16.60032,15.838703,12.239308,14.902075,17.396158,14.190794,12.652442,9.34449,5.9670706,5.50676,0.0,6.6576605,5.2847304,9.533831,11.959929,14.1450815,18.490004,19.004742,23.546095,22.804605,22.825714,22.532682,17.407509,17.563133,19.51439,15.488431,13.001674,13.822358,14.196001,10.432343,8.1134815,11.37643,11.396137,6.3687835,7.05075,11.772938,8.9759245,5.417105,9.945409,12.496337,13.736911,16.450533,18.056684,20.078981,18.488514,21.689766,20.612951,15.933692,18.95154,18.074965,15.54425,19.078146,20.052725,17.728909,19.95985,14.673644,17.096607,14.359235,16.57088,17.2717,17.582756,17.157637,17.863497,14.285288,14.452054,10.722091,15.673529,11.349376,17.27923,15.983398,19.416754,21.380638,19.916758,24.528723,27.735973,23.81328,22.577461,18.885681,15.246144,16.232412,9.967549,9.386298,5.7408586,5.511585,5.782848,8.754119,11.263245,13.117626,14.824363,12.780255,13.31867,10.863049,8.887551,11.700582,9.249322,14.602935,19.08989,17.418442,14.221083,16.45017,9.994385,13.160626,11.143108
20,27.698442,24.972914,21.828224,26.819338,27.254814,22.175922,23.01139,19.3761,18.233692,18.475407,19.767267,16.799875,19.611368,23.229565,19.714354,17.29911,14.048516,10.965441,8.00404,6.6576605,0.0,5.544525,5.8438654,9.862112,11.289375,15.616103,16.308487,20.499048,20.194016,18.98351,20.144556,14.829418,14.090064,17.437233,15.115301,10.211697,11.717779,14.364934,11.307358,7.538467,12.38444,14.197427,10.278,10.5256815,15.946122,14.685743,11.904539,15.4402275,18.505884,20.275223,22.879364,24.548302,26.732237,25.098013,28.216125,26.866232,21.906345,24.789047,23.112282,19.919554,23.152914,23.457348,21.477858,23.827518,18.53339,20.911308,18.521248,19.805178,20.467766,19.149948,18.52501,19.750393,15.143268,15.190896,13.727787,17.289967,14.279453,19.936424,18.351837,22.294567,23.586336,20.717432,25.187115,28.763126,24.640339,22.543709,19.437363,15.494776,15.843191,10.4619,8.186344,7.508618,4.9896,7.7020254,7.214707,12.5761595,15.340857,14.965921,11.551436,12.995269,10.177619,11.144382,12.344129,13.108142,18.062113,22.264303,22.016363,19.065483,22.270954,15.767209,19.417034,16.837149
21,26.202463,23.816204,21.209856,26.494705,27.229822,22.927748,24.561398,21.43769,18.828863,20.307608,19.872282,16.925825,19.887825,22.113523,19.376335,17.902803,14.579733,11.2241535,9.8719425,5.2847304,5.544525,0.0,4.934802,6.6826415,9.417691,13.346508,13.73728,18.267231,17.621141,17.881317,17.75285,12.513322,13.597221,16.398487,11.665648,8.752858,11.441862,12.093242,7.45968,6.6523457,11.19502,10.605049,6.2503104,9.580764,13.854911,10.886946,9.257399,14.047291,15.881349,17.07889,20.83171,22.398193,23.727568,21.70852,24.330633,22.449705,17.267118,20.411652,18.229397,15.332184,18.82094,18.657103,16.361351,18.409761,13.16208,15.4575405,13.358499,14.930345,16.80325,15.456999,15.745659,17.63622,13.511811,12.373545,9.537801,12.801847,8.843519,14.482701,12.971867,16.88711,18.515059,15.930604,20.51113,23.858072,19.743532,18.079517,14.66491,10.734275,11.770922,5.764394,5.7912393,4.3045983,6.164414,9.072946,11.280356,15.453661,17.879265,18.678871,15.787291,16.50806,13.030699,12.337532,13.25212,11.597806,16.554577,20.312353,19.510227,16.644611,18.782587,12.197168,15.456368,12.116202
22,27.987844,24.878323,22.809889,28.217173,27.9833,23.314665,25.030144,21.131266,19.581802,21.90179,22.477478,20.163986,23.36135,26.14349,23.61067,21.622892,18.551857,15.060515,13.114895,9.533831,5.8438654,4.934802,0.0,4.8353233,5.6233144,9.83124,11.017539,15.016567,15.210895,15.06383,16.214924,10.891729,12.33185,16.537249,12.576466,8.11531,12.282355,14.223479,10.103727,9.252526,14.298694,14.363446,10.872178,13.813697,18.309725,15.73674,14.113598,18.775839,20.802017,21.949266,25.61534,26.997414,28.43095,26.48247,28.743315,26.886427,21.646103,24.951334,22.30633,19.361893,22.668758,21.835901,19.664013,21.375778,16.4852,17.941374,16.073002,16.569696,18.12952,15.431909,15.578942,17.935354,13.274741,11.880985,11.420508,13.117752,11.274898,16.155842,15.02717,19.12332,20.429802,16.592295,20.85587,24.1801,19.728228,17.642122,14.36481,10.74544,10.443779,6.3365746,4.4704556,6.676972,7.4146314,11.265504,12.266197,17.520082,20.786514,20.205288,16.64661,17.45277,13.496866,14.323304,13.758394,14.040597,18.382452,21.651754,22.019983,19.471928,22.360567,16.004097,19.67499,16.29281
23,30.26394,27.394394,25.77819,31.282896,31.188904,27.004442,29.09444,25.41268,23.269857,26.00531,25.751612,23.291828,26.403246,28.329515,25.936443,24.577528,21.211447,17.90669,16.233007,11.959929,9.862112,6.6826415,4.8353233,0.0,5.6686387,7.332572,7.0588436,11.630133,11.071989,11.997953,12.069735,6.9334297,10.276947,14.13003,8.773669,6.111858,11.414575,12.145638,7.883909,9.689395,13.885956,12.6779375,10.566207,14.830194,18.139778,15.428145,15.247571,19.864185,21.051067,22.17189,26.670227,28.208984,28.866793,26.496775,28.506407,25.85543,20.536537,23.506233,20.084133,17.101587,20.10138,18.506054,16.553688,18.130314,13.748003,15.585413,14.754987,15.302728,18.534811,15.252746,16.573025,19.698029,15.58032,12.939297,11.863572,11.830819,9.480071,13.024062,11.33583,15.365703,16.22885,11.958939,16.104015,19.555643,15.38204,12.935892,10.555913,6.533904,7.774039,5.4146457,6.9419527,9.059664,11.503864,15.129194,16.68566,21.616095,24.279545,24.525366,21.154915,21.986444,18.028915,18.198269,17.716053,16.732872,20.892254,23.66235,23.671535,21.285074,23.078274,16.967295,19.879765,15.756949
24,28.180244,24.668741,23.750923,29.258575,28.213255,24.038034,26.419962,22.40174,20.816477,24.82273,25.088789,23.60497,27.045782,29.349426,27.803137,25.943783,23.307446,19.593931,18.32975,14.1450815,11.289375,9.417691,5.6233144,5.6686387,0.0,5.292472,8.559617,11.311336,12.909895,14.305865,15.657982,11.134186,14.641028,19.237427,14.282873,11.141154,16.415264,17.749172,13.3106365,14.239306,18.961931,17.879482,14.775686,18.84711,22.764788,19.211863,18.12881,23.37937,24.743174,25.182148,29.282446,30.218216,31.211592,29.2451,30.553658,28.642101,23.471346,27.230122,24.040844,21.694078,24.992765,23.219711,20.843449,21.599695,17.506243,17.252645,15.823816,15.032898,16.769384,12.610281,13.310608,16.564074,12.311789,9.739255,11.4056425,10.563036,11.476785,14.864541,14.932682,18.808151,20.300861,15.58157,19.260157,21.911182,16.946093,15.284544,11.3893,9.265141,6.657231,6.557232,5.45036,9.492824,11.471956,15.29405,16.868029,21.937185,25.818926,24.68983,21.05383,21.307287,16.771101,17.695126,15.633969,16.051054,19.224869,21.323679,22.603895,20.671625,23.530333,17.901104,21.563087,18.061975
25,32.448254,28.97588,28.5259,34.03714,32.826366,28.935415,31.4914,27.434153,25.874834,30.105255,30.152388,28.589138,31.980886,33.897854,32.311184,30.733393,27.816801,24.235714,22.78439,18.490004,15.616103,13.346508,9.83124,7.332572,5.292472,0.0,4.727668,6.110715,8.47076,11.056767,12.377623,9.304005,14.075724,18.592041,13.76959,11.883144,17.527658,18.484192,14.748459,16.861881,20.986422,19.499783,17.640993,22.133018,25.35583,22.105022,21.9387,26.970171,27.903757,28.451168,33.080696,34.16789,34.63085,32.357464,33.45016,30.902435,25.762398,29.135738,25.274546,22.917505,25.729439,23.176056,21.21918,21.687935,18.477758,18.26619,17.942757,16.86606,19.82574,14.94025,16.595917,20.39874,16.724314,13.435195,15.06623,12.323091,13.605407,15.01848,14.864935,18.288815,19.052763,13.60105,16.359755,18.8445,14.235119,12.053744,9.81114,8.674104,6.6059623,9.82812,10.460213,14.166558,16.539877,20.38215,21.808796,27.016386,30.55483,29.718023,26.023336,26.483765,22.02309,22.906853,20.86989,20.901318,23.861664,25.44519,26.716686,24.98908,27.144636,21.807276,24.910236,20.944176
26,35.566402,32.43588,31.580639,37.129074,36.441116,32.46444,34.83525,30.858274,29.084715,32.557026,32.391113,30.211885,33.38594,35.080204,32.8853,31.630186,28.211327,24.960115,23.136309,19.004742,16.308487,13.73728,11.017539,7.0588436,8.559617,4.727668,0.0,4.89991,4.3991103,7.2937694,7.6679134,5.24553,10.708112,14.678914,10.27035,9.48493,14.866434,15.427293,12.694512,15.47891,18.812296,17.35599,16.770123,21.148682,23.711609,21.344978,21.942884,26.343418,27.097916,28.16919,33.097107,34.628975,34.77907,32.1826,33.71748,30.517061,25.355007,27.982803,23.789001,20.993614,23.272743,20.552988,19.205763,20.173178,17.22277,18.476936,18.84875,18.558071,22.588451,18.126738,20.18287,23.980814,20.27384,16.901663,17.109158,14.644314,14.07331,14.889139,13.364376,16.568758,16.363337,10.838023,13.380367,16.598593,12.981108,9.591059,9.917791,7.8450127,8.773884,11.09857,12.8092985,15.754346,18.225445,21.997023,23.21097,28.444992,31.169985,31.14135,27.547745,28.450876,24.342113,24.937948,23.756607,23.125036,26.677622,28.653248,29.193611,27.200644,28.637531,23.065691,25.592348,21.200264
27,38.22973,34.832363,34.547997,40.06047,38.815823,35.007206,37.564644,33.416622,31.984947,36.09343,36.101723,34.310707,37.60861,39.316822,37.449657,36.084534,32.832882,29.457033,27.681087,23.546095,20.499048,18.267231,15.016567,11.630133,11.311336,6.110715,4.89991,0.0,4.5334773,8.296586,9.582005,9.470834,14.4100485,18.357054,14.7093115,14.1140995,19.328413,20.033813,17.55581,20.292274,23.624365,22.132137,21.58397,26.024355,28.581734,26.029902,26.607708,31.18054,31.84638,32.690887,37.682022,39.028008,39.075253,36.513115,37.623417,34.448208,29.416607,32.168568,27.794687,25.315985,27.43091,24.29222,23.036144,23.446753,21.183968,21.512182,22.151993,21.154886,24.991758,19.937115,22.096075,26.098083,22.704983,19.19309,20.486256,17.002209,17.903103,17.745407,16.976995,19.654173,19.295326,13.613543,14.819322,17.166138,13.840861,10.839709,11.86621,11.524473,11.099202,15.048913,16.357845,19.784164,22.177359,26.035973,27.143623,32.52018,35.619087,35.093666,31.347006,32.116993,27.830997,28.764019,26.941742,26.778702,29.796137,31.197163,32.32057,30.642294,32.216213,27.013144,29.60257,25.301683
28,39.60425,36.562916,35.828075,41.374928,40.711864,36.829037,39.232204,35.23897,33.460503,36.87934,36.600452,34.27873,37.36328,38.830093,36.49003,35.443478,31.83239,28.765736,26.81369,22.804605,20.194016,17.621141,15.210895,11.071989,12.909895,8.47076,4.3991103,4.5334773,0.0,5.904166,5.1816373,6.5459146,11.586797,14.638498,11.321944,11.953584,16.583986,16.738604,15.127858,18.35242,20.899696,19.36415,19.80941,24.090462,26.017626,24.16863,25.338726,29.345987,29.826632,31.067633,36.230736,37.929867,37.734955,34.94109,36.4565,32.805275,27.810286,29.917807,25.396555,22.59705,24.258062,21.114077,20.374878,21.270565,19.167292,20.774063,21.833117,21.596775,26.193205,21.650902,24.044928,27.988161,24.494802,20.94171,20.978226,18.013065,17.305742,16.938509,15.026654,17.479084,16.342451,10.93183,12.038661,15.2123,12.864278,8.884999,11.827369,10.56866,12.223212,15.101749,17.163916,19.917997,22.444944,26.16543,27.250391,32.49947,34.878983,35.137264,31.562262,32.633614,28.637772,29.191803,28.144165,27.307852,30.8507,32.6797,33.082474,31.14386,32.11722,26.732464,28.83353,24.276016
29,41.969185,38.780197,37.438377,42.946175,42.329716,37.84003,39.709976,35.405018,34.374096,36.84505,37.39656,34.71663,37.65287,39.84423,36.6577,35.269955,31.385277,28.58335,25.820124,22.825714,18.98351,17.881317,15.06383,11.997953,14.305865,11.056767,7.2937694,8.296586,5.904166,0.0,5.320174,6.2659717,7.975101,11.685688,11.82755,10.397573,14.013069,15.705716,15.434428,17.08483,19.53863,19.705587,20.342323,23.341782,25.742287,25.226542,25.939535,29.254232,30.47427,32.449566,37.16612,39.231274,39.539165,36.786633,39.083973,35.51737,30.365503,32.127007,27.940474,24.426598,25.933662,23.53436,23.144258,24.920048,22.066069,24.774385,25.306974,25.526684,29.568323,25.28059,27.053596,30.629759,26.516853,23.592882,23.545713,21.791649,20.225786,21.209566,18.550877,21.39804,19.953842,15.094414,16.704329,20.428734,18.391617,14.202433,16.715668,14.213493,16.018724,17.154661,18.282833,20.910261,22.327747,26.00337,26.003431,31.554073,33.564423,33.657753,29.997692,31.597416,28.132866,29.279722,28.665268,28.620811,32.700733,35.178707,35.555527,33.26389,34.743073,28.757904,31.146717,26.656609
30,41.737667,39.00885,37.687546,43.196106,43.09355,39.00554,41.09388,37.204224,35.33117,37.792126,37.474003,34.566048,37.352127,38.775585,35.735397,34.928627,30.929752,28.318632,26.006292,22.532682,20.144556,17.75285,16.214924,12.069735,15.657982,12.377623,7.6679134,9.582005,5.1816373,5.320174,0.0,5.3840084,8.604122,10.172439,8.70198,10.358648,13.55832,13.4007635,13.447484,16.596783,18.068092,17.065771,18.708824,22.272589,23.583174,22.988396,24.611092,27.712126,28.215185,30.091093,35.209984,37.363182,37.088554,34.109932,36.27824,32.23431,27.316898,28.589237,24.128656,20.782318,21.83377,19.051939,19.058825,20.802322,18.654583,21.894817,23.112125,23.738815,28.686419,24.772425,27.107218,30.815733,27.115927,23.802324,22.729082,20.7298,18.33927,18.297205,15.083403,17.304304,15.25654,10.902071,12.067013,16.099895,14.967338,10.561319,14.523106,12.1450615,15.375448,16.599531,18.930979,20.904194,23.150345,26.609268,27.358387,32.444935,33.955128,34.9637,31.601587,33.08429,29.583746,29.921137,29.743505,28.524015,32.64449,35.032963,34.761826,32.50133,33.05009,27.409132,29.076302,24.405039
31,37.041092,34.259193,32.670498,38.160995,38.11743,33.869987,35.83232,31.974209,30.133783,32.42798,32.285294,29.415205,32.27144,34.02424,30.989212,29.925055,26.039846,23.250956,20.933796,17.407509,14.829418,12.513322,10.891729,6.9334297,11.134186,9.304005,5.24553,9.470834,6.5459146,6.2659717,5.3840084,0.0,5.9942665,9.469412,6.1452465,5.5154757,10.130916,10.716413,9.363986,11.97402,14.513555,13.794014,14.290946,17.890697,20.077776,19.042997,19.997957,23.481647,24.416111,26.235394,31.074347,33.114567,33.29707,30.527302,32.859047,29.31956,24.14256,25.98626,21.925634,18.415108,20.286755,18.115288,17.362524,19.357216,16.021639,19.192102,19.599161,20.356842,24.669868,21.032984,22.921492,26.353592,22.38081,19.415838,18.242085,17.14141,14.41916,15.919028,12.860628,16.082115,15.14355,10.563396,13.55999,17.679966,15.064594,11.135231,12.565939,9.001716,12.011254,11.87667,13.838496,15.737914,17.77859,21.264109,22.041656,27.149729,28.941565,29.71666,26.335249,27.730497,24.207792,24.58016,24.46769,23.447569,27.730112,30.419489,30.191345,27.790638,28.8539,22.879538,25.021687,20.496231
32,39.622288,36.908443,34.59967,39.917515,40.167,35.423187,36.755634,32.79624,31.557205,32.519897,33.081295,29.701538,32.2181,34.590286,30.540304,29.271914,25.048555,22.815937,19.606987,17.563133,14.090064,13.597221,12.33185,10.276947,14.641028,14.075724,10.708112,14.4100485,11.586797,7.975101,8.604122,5.9942665,0.0,5.495328,8.087238,4.927615,6.1828365,9.069263,10.238134,10.354509,12.16074,13.87159,14.911929,16.481884,18.920668,19.830324,20.393482,22.646227,24.35362,27.070856,31.288916,33.79309,34.442554,31.736115,34.964577,31.511337,26.404543,27.608633,24.114023,19.952734,21.434868,20.315308,20.098331,22.970898,19.171223,23.488863,23.47004,24.800117,28.58007,25.490131,26.805624,29.730448,25.34786,23.128342,21.576658,21.805048,18.165071,20.703041,17.051693,20.233685,18.947565,15.471166,18.43819,22.842812,20.75411,16.774,18.226967,14.168446,17.16572,15.336109,16.352383,17.579163,18.28618,21.378881,20.956306,26.076586,27.048565,28.058956,24.802994,26.845858,24.169016,24.921516,25.632523,25.162086,29.984211,33.363033,32.857273,30.102133,31.429804,25.059181,27.223042,22.965376
33,42.36104,40.12732,37.556942,42.74338,43.595547,39.047142,40.28805,36.696903,34.9927,35.316498,35.348083,31.512068,33.623165,35.451263,30.99746,30.321795,25.843744,24.257542,21.183771,19.51439,17.437233,16.398487,16.537249,14.13003,19.237427,18.592041,14.678914,18.357054,14.638498,11.685688,10.172439,9.469412,5.495328,0.0,8.142203,8.459868,6.2767744,7.0070004,10.867911,11.578704,10.888609,12.710088,15.571297,16.465538,17.34785,19.62102,21.102894,22.174862,23.429764,26.617735,30.884052,33.781055,34.01146,31.085007,34.709805,30.758373,26.034492,26.171263,22.77092,18.392323,18.912096,18.202755,18.894129,22.28541,19.065424,24.526964,25.004372,26.965353,31.344517,28.79114,30.393959,33.24421,29.127182,26.83615,24.28533,24.744524,20.06266,22.008749,17.596209,20.01485,17.946192,15.942757,18.422747,22.978727,22.038557,18.095633,20.589073,16.565674,20.616058,18.482698,20.235064,20.607735,21.564468,24.135466,23.903841,28.35058,28.224705,30.373829,27.602547,29.806389,27.58463,27.708012,29.178894,27.834026,32.848618,36.38852,35.144646,32.28966,32.748394,26.638828,27.967894,23.719662
34,36.08415,34.016434,32.016743,37.32784,38.17569,34.2713,36.162453,32.934185,30.244598,31.806604,30.774939,27.395916,29.856018,30.849478,27.61148,27.258812,23.175594,20.914759,19.058084,15.488431,15.115301,11.665648,12.576466,8.773669,14.282873,13.76959,10.27035,14.7093115,11.321944,11.82755,8.70198,6.1452465,8.087238,8.142203,0.0,6.2890816,8.406221,5.9532332,5.249717,9.686811,10.438395,8.381711,10.544634,14.271532,15.050681,14.480552,16.520592,19.247866,19.538729,21.603502,26.667238,29.006783,28.746634,25.750269,28.450848,24.473942,19.508291,20.562948,16.554695,12.712496,14.268868,12.501458,12.137897,14.948995,11.575473,16.494898,17.249462,19.112059,24.030727,21.544897,23.634554,26.737875,23.181438,20.343475,17.376024,17.236849,12.460022,13.867379,9.528615,12.340226,11.108045,8.598539,12.213468,16.619541,14.807842,11.481022,12.984364,8.9483,13.6722765,11.906452,14.931238,15.219643,17.74203,20.518595,21.926752,26.135395,26.92194,29.025455,26.233667,27.623169,24.520763,23.849394,24.787876,22.371393,26.938414,29.92188,28.60829,26.043186,26.03489,20.297491,21.482857,16.899416
35,34.756428,32.155838,29.839972,35.174484,35.56832,31.009773,32.50778,28.78882,27.06534,28.293024,28.4577,25.195517,27.850021,30.059744,26.421402,25.170841,21.123003,18.560802,15.805896,13.001674,10.211697,8.752858,8.11531,6.111858,11.141154,11.883144,9.48493,14.1140995,11.953584,10.397573,10.358648,5.5154757,4.927615,8.459868,6.2890816,0.0,5.652682,7.697777,6.298359,6.7245884,9.95182,10.729715,10.537679,12.982729,15.9661455,15.696632,15.955206,18.96802,20.612257,22.916222,27.188519,29.4423,30.177698,27.592464,30.608364,27.485458,22.259388,24.045042,20.741438,16.804342,19.0265,18.060701,17.113688,19.82585,15.44465,19.399548,18.942299,20.363445,23.878157,21.146431,22.339512,25.112389,20.819464,18.689077,16.762686,17.533329,13.618336,16.951597,13.659209,17.297277,16.93735,13.493844,17.345522,21.558542,18.641088,15.279277,15.137725,10.693085,13.569869,10.686098,11.850196,12.73746,13.86653,17.002563,17.326326,22.290142,23.67354,24.71874,21.510023,23.181131,20.18031,20.506294,21.222706,20.328234,25.14325,28.547064,27.933098,25.179722,26.587183,20.18581,22.541752,18.363058
