,0,1,2,3,4,5,6,7,8,9,10,11,12,13,14,15,16,17,18,19,20,21,22,23,24,25,26,27,28,29,30,31,32,33,34,35,36,37,38,39,40,41,42,43,44,45,46,47,48,49,50,51,52,53,54,55,56,57,58,59,60,61,62,63,64,65,66,67,68,69,70,71,72,73,74,75,76,77,78,79,80,81,82,83,84,85,86,87,88,89,90,91,92,93,94,95,96,97,98,99,100,101,102,103,104,105,106,107,108,109,110,111,112
0,0.0,4.924333,6.533957,5.597811,6.9298406,10.660031,12.835545,16.233128,10.703933,14.339023,11.289501,15.788451,17.281881,20.416368,22.582836,20.542305,23.126116,21.352203,24.243408,23.565056,26.105715,27.2818,28.288952,32.133446,29.432072,34.169827,37.565475,39.786858,41.885563,43.38566,44.864094,39.765083,41.50366,44.639145,40.285152,36.730816,38.828617,39.5387,35.1699,33.261147,36.45903,36.02637,30.891588,30.95219,34.105114,30.257,26.175268,28.657822,26.007431,31.071163,27.96946,26.807306,31.028543,31.5732,33.39781,35.03229,31.603107,36.174053,35.984436,37.196625,40.557163,39.959023,36.58513,35.17415,31.854757,28.151432,24.413202,22.993507,16.373787,19.76762,16.526114,12.24514,15.954502,19.321083,20.919003,24.91006,26.912298,30.634666,33.20482,35.825214,40.06604,40.547195,44.172733,44.176456,41.247704,41.715202,35.68291,33.763847,31.539482,28.139214,25.288473,23.567259,21.509827,18.80007,21.094048,19.852306,24.188543,22.312674,21.25498,18.021664,15.887614,15.225352,11.341307,15.298767,9.973868,9.085856,9.037264,12.8176155,13.12615,17.996407,19.373772,22.688766,24.870295
1,4.924333,0.0,5.1481056,7.325167,5.728395,7.3673577,10.621448,12.582285,6.7280016,12.412869,10.442187,14.351033,16.676744,20.668161,21.740578,19.226585,20.993023,18.636248,20.943558,20.124754,21.791893,23.399487,24.0229,28.107445,25.336292,30.283829,33.488018,35.874622,37.986435,39.113735,40.87782,35.761658,37.245087,40.609398,36.622425,32.59421,34.76809,35.883514,31.576431,29.34542,32.864754,32.827736,27.578888,27.580093,31.267447,27.645247,23.370592,26.176634,24.176981,29.34103,27.083755,26.503149,30.560827,30.558027,32.86097,33.76013,29.847923,34.16505,33.868298,34.56796,38.155018,37.644703,34.256138,33.133755,29.481531,26.003294,22.204922,20.589003,14.06821,16.544764,12.923901,8.835679,11.835387,15.343214,17.747997,21.71061,23.870161,27.982521,30.322794,33.271378,37.30606,38.35547,41.53793,41.2111,38.4732,38.540363,32.67396,30.39784,28.228487,24.585691,21.352669,19.86577,17.39176,15.025415,16.944103,16.646374,21.416767,19.099133,17.373587,14.362539,11.634928,11.868337,7.4411674,12.634603,8.834064,9.195886,11.465296,13.689627,12.799825,18.172379,17.769175,21.725662,23.160664
2,6.533957,5.1481056,0.0,5.4086943,7.184656,6.6904993,7.8269224,10.779751,5.6230073,7.8816032,6.319673,10.697531,12.442939,17.233936,17.922848,15.1304865,17.553583,15.931315,18.487204,18.687536,21.245209,22.995283,24.53086,28.61237,26.785255,31.87745,34.638042,37.565594,39.134247,40.096752,41.528545,36.18252,37.234993,40.049103,36.32998,32.555603,33.956432,34.842674,30.979473,28.437521,31.307116,31.516367,26.538094,25.66959,28.952791,26.010567,21.697083,23.452473,21.388903,25.916842,23.330257,22.827738,27.14651,27.359257,30.121119,31.34924,27.895414,31.953033,32.40265,33.419403,36.877457,36.9133,33.61799,32.889313,28.902506,26.425041,22.443356,21.716246,15.533216,18.709917,15.1089325,10.875238,12.700464,16.792803,18.08799,23.154314,24.038443,28.67784,30.394321,33.39913,37.28255,38.217354,41.461483,41.456882,39.184593,39.104656,33.55249,30.869053,29.431116,24.99953,22.20075,19.841661,17.103117,13.860635,15.553901,13.528179,17.800194,15.8441305,15.153653,11.814318,10.577733,9.867581,7.5971694,12.182944,9.113208,8.20572,10.724148,11.477843,10.946264,16.665958,16.388533,19.811235,21.995264
3,5.597811,7.325167,5.4086943,0.0,5.62747,8.398942,8.867496,13.575852,9.548494,11.48009,10.592769,15.268569,16.162342,20.568914,21.901167,19.234858,22.24153,21.044622,23.572754,24.063313,26.406189,28.371046,29.73207,33.886356,31.789791,36.861504,39.763344,42.52276,44.287426,45.223927,46.80023,41.485737,42.49421,45.37883,41.731842,37.86512,39.238544,40.213593,36.387672,33.770054,36.58894,36.87364,31.931255,30.914665,34.08058,31.24452,26.987904,28.44082,26.194357,30.390745,27.285093,26.451986,30.96103,31.594198,34.168736,35.90903,32.773453,36.892372,37.462795,38.67115,42.04942,42.042713,38.744415,37.8403,34.036243,31.272572,27.341974,26.437546,19.99613,23.263311,19.683268,15.362217,17.777843,21.745235,23.282274,28.059246,29.272636,33.680237,35.62109,38.509834,42.49958,43.231186,46.649197,46.69839,44.260853,44.332397,38.643303,36.137066,34.48473,30.28714,27.38699,25.193838,22.399693,19.219885,20.526096,18.12455,22.07161,19.713856,19.538116,16.11351,15.494878,15.219323,12.731527,17.334309,13.189188,11.7335,12.146174,14.498195,14.975906,20.296215,21.21604,24.27352,26.865911
4,6.9298406,5.728395,7.184656,5.62747,0.0,5.7302027,8.417533,11.811818,7.965779,13.348845,13.497254,17.746273,19.527325,24.33524,25.043459,22.018965,24.148474,22.187143,24.001074,24.104698,25.016241,27.526897,27.997437,32.40497,29.71973,34.85375,37.787937,40.347042,42.476894,43.055084,45.17763,40.00813,40.89584,44.32086,41.006584,36.474842,38.2529,39.82958,35.902603,33.03417,36.46259,37.1048,31.947275,31.161505,35.04041,32.173878,27.75293,29.867779,28.222357,32.735,30.426344,30.002613,34.327946,34.469273,37.22251,38.285133,34.560886,38.5942,38.746933,39.370773,43.00576,42.798935,39.44436,38.555374,34.678905,31.554996,27.70896,26.171177,19.729927,21.818922,18.067524,14.260056,16.385769,20.081024,22.888536,26.957531,29.000868,33.402225,35.492653,38.61043,42.497524,43.757805,46.771023,46.346283,43.80348,43.61267,37.918278,35.348236,33.33282,29.405663,25.927052,24.432947,21.282795,18.812365,19.518028,18.582645,23.173443,19.894053,18.766705,15.616003,14.257053,15.471104,12.015432,17.77292,14.293894,14.021864,15.428352,17.91246,17.521305,23.074678,22.811773,26.580166,28.30792
5,10.660031,7.3673577,6.6904993,8.398942,5.7302027,0.0,4.2762527,6.1094065,3.6128316,9.477612,11.723891,15.0055685,17.110102,22.860619,22.268862,18.725279,20.23548,18.200026,19.308573,20.024902,20.36682,23.51695,24.157839,28.755873,26.713362,32.074886,34.45076,37.53304,39.26969,39.33485,41.505646,36.210728,36.500603,39.763485,37.07246,32.24707,33.536373,35.40237,31.910864,28.49287,31.786041,33.042797,28.04853,26.594728,30.737906,28.645681,24.12735,25.823046,24.916437,28.974924,27.421701,27.64052,31.828249,31.550434,34.976982,35.496307,31.65464,35.180153,35.689655,35.982536,39.70772,39.939106,36.682655,36.337708,32.00551,29.796787,25.895218,24.769775,18.915928,20.480059,16.589958,13.2559595,13.575854,17.571016,20.388605,24.96808,26.279053,31.290976,32.707687,36.129272,39.654713,41.38098,43.96346,43.42758,41.41028,40.728966,35.489998,32.33432,30.904442,26.291563,22.788042,21.022207,17.26958,14.758884,14.506325,13.580438,18.217247,14.465902,13.255471,10.215679,9.59709,11.694019,9.64127,15.679653,14.2303095,14.296312,17.176498,17.896076,16.78468,22.565126,20.838837,24.71858,26.10852
6,12.835545,10.621448,7.8269224,8.867496,8.417533,4.2762527,0.0,5.533913,6.0794625,7.4574094,11.499572,14.510178,15.904575,22.180601,21.117283,17.31268,19.242462,17.949484,18.943882,20.665377,21.422626,24.78548,26.015408,30.575115,29.212505,34.623745,36.63915,40.08642,41.442196,41.296062,43.27738,37.859833,37.709896,40.5413,38.231674,33.543247,34.148033,35.93705,32.91102,29.174139,31.90145,33.50682,28.820356,26.557283,30.3852,29.045544,24.580599,25.288082,24.526583,27.791327,26.104948,26.482233,30.800695,30.687805,34.516506,35.265335,31.843834,35.039764,36.172813,36.654316,40.25704,40.932224,37.78163,37.746696,33.20729,31.720587,27.753838,27.173388,21.545605,23.509924,19.685219,16.272444,16.09157,20.278843,22.392824,27.555634,28.0489,33.361702,34.324974,37.773407,41.139534,42.81195,45.385384,45.05654,43.40045,42.58481,37.621952,34.18741,33.271286,28.17622,24.992483,22.70621,18.797388,15.821999,15.031517,12.549843,16.451601,12.597846,12.685648,9.559969,10.906809,12.476032,12.039705,17.396719,16.301764,15.74259,18.40093,18.426926,17.651783,23.3693,21.78912,25.175941,27.041176
7,16.233128,12.582285,10.779751,13.575852,11.811818,6.1094065,5.533913,0.0,6.0929112,8.506499,13.200093,14.776071,16.9025,23.335516,21.208265,17.204739,17.793623,15.9102955,15.759045,17.543585,16.897453,20.954792,21.79115,26.48174,25.370905,30.821064,32.40022,36.069977,37.288925,36.640186,38.87702,33.51796,32.928352,35.92105,34.19252,29.02657,29.54268,31.83193,29.067049,24.898514,27.885006,30.052532,25.451145,22.983868,27.386738,26.517782,22.061392,22.974768,23.148943,26.318514,25.784073,26.798744,30.695879,29.950165,34.13706,34.035572,30.207314,32.960133,33.97275,33.851868,37.60722,38.410698,35.352066,35.684444,30.918926,29.902231,26.107777,25.517183,20.69163,21.565527,17.89473,15.512961,13.735526,17.556326,20.140327,25.027071,25.378069,30.93386,31.475742,35.17634,38.172478,40.42813,42.443382,41.780415,40.446037,39.172165,34.618355,30.818829,30.16755,24.875107,21.515053,19.505136,15.149217,12.858944,10.766243,9.77276,13.997691,9.335057,8.246202,5.88014,7.6127453,10.756461,11.242527,16.390804,17.160202,17.43882,21.136309,20.328848,18.705824,24.244019,21.117441,24.823605,25.804432
8,10.703933,6.7280016,5.6230073,9.548494,7.965779,3.6128316,6.0794625,6.0929112,0.0,7.8010793,9.323282,12.067684,14.616561,20.208223,19.449768,16.034996,17.197493,14.880889,16.187395,16.557673,17.387346,20.163683,21.071762,25.558594,23.711628,29.056778,31.438108,34.59755,36.186375,36.47447,38.400425,33.06024,33.563118,36.713444,33.731316,29.15784,30.527388,32.142338,28.519592,25.319818,28.610498,29.601013,24.562899,23.351007,27.442148,25.099226,20.586937,22.544926,21.588972,25.9333,24.555948,24.842308,28.866966,28.41924,31.781805,32.10654,28.146276,31.72002,32.110428,32.404896,36.127777,36.32778,33.070942,32.754066,28.395939,26.310083,22.399391,21.440144,15.804867,17.466925,13.622321,10.350326,10.250749,14.399514,16.876453,21.696077,22.739351,27.819155,29.156456,32.568718,36.095406,37.792454,40.3943,39.925705,37.94779,37.29803,32.07504,28.90202,27.594286,22.86327,19.520164,17.548557,13.936058,11.269369,11.60397,10.963811,15.8589115,12.731475,11.062368,7.9792633,6.413532,8.163569,6.266948,12.189815,11.531268,11.927667,15.564005,15.511321,13.944026,19.652084,17.398478,21.385792,22.575214
9,14.339023,12.412869,7.8816032,11.48009,13.348845,9.477612,7.4574094,8.506499,7.8010793,0.0,6.349387,7.7123866,8.820318,15.461333,13.729012,9.861294,12.13947,11.540057,13.338641,15.505379,18.267708,20.645935,23.110056,27.150688,26.803713,31.997795,33.781723,37.542233,38.280285,38.57855,39.76341,34.231827,34.281517,36.37318,33.6249,29.881376,30.01844,30.965815,28.090597,24.759333,26.733423,27.861153,23.494125,21.002287,24.064821,22.831587,18.571964,18.562757,17.477709,20.533949,18.649456,19.14596,23.407719,23.29998,27.289217,28.138954,25.084309,28.168953,29.725912,30.6244,33.99082,34.984123,31.959764,32.17002,27.55106,26.970987,23.032116,23.409813,18.597317,21.337374,17.993565,14.760363,13.925404,18.074558,18.392529,24.369127,23.49153,28.94607,29.398962,32.671486,35.941822,37.263348,40.025814,40.156906,38.837906,38.13839,33.44599,29.934835,29.711636,24.185966,21.905281,18.715696,15.427023,11.6730585,11.90842,7.3960977,10.649379,8.987612,10.0193815,6.940699,9.008861,7.965585,10.208662,13.19276,13.497373,12.583346,15.900572,13.764279,12.779713,17.967136,16.060366,18.780943,21.051256
10,11.289501,10.442187,6.319673,10.592769,13.497254,11.723891,11.499572,13.200093,9.323282,6.349387,0.0,4.7510624,6.2615285,11.169629,11.653123,9.2538805,12.1564455,11.274341,14.711407,15.161033,19.505451,20.32989,22.987307,26.526619,25.740494,30.578077,33.01846,36.267017,37.210724,38.475887,39.19974,33.785988,34.911556,37.007183,33.00779,30.119413,31.008121,31.143528,27.509232,25.357573,27.456915,27.228235,22.634455,21.58592,24.031544,21.170708,17.132767,18.208708,15.631771,20.028198,17.077726,16.513645,20.840488,21.14431,24.001196,25.431501,22.386854,26.375528,27.264761,28.731243,31.934217,32.309383,29.146292,28.675121,24.60192,23.091553,19.130468,19.486835,14.321746,18.257322,15.291414,11.586021,12.4517975,16.291466,15.6508665,21.515356,20.93507,25.704622,26.868172,29.689068,33.454628,34.043148,37.463547,37.91022,36.01621,36.013683,30.789549,28.012447,27.31112,22.46641,20.610695,17.406586,15.38591,11.591864,14.166771,10.929579,14.140006,14.124974,14.138419,11.271449,10.695142,7.5401983,8.284586,9.514503,8.22614,6.6455507,9.964204,7.472948,6.726848,12.11093,11.72444,14.388837,17.2115
11,15.788451,14.351033,10.697531,15.268569,17.746273,15.0055685,14.510178,14.776071,12.067684,7.7123866,4.7510624,0.0,3.5991218,8.751976,7.536199,5.1585307,7.5760074,7.114679,11.022686,11.70926,17.07094,17.314592,20.700176,23.816063,23.931416,28.545536,30.549982,34.102913,34.536076,35.80306,36.115646,30.691952,31.692577,33.300915,29.334726,26.941496,27.396383,27.13525,23.793047,21.783941,23.352745,23.011984,18.748173,17.434708,19.444992,16.878359,13.002217,13.538144,10.976933,15.346847,12.8228655,12.791227,16.86198,16.765789,20.086857,21.112614,18.100739,21.806887,23.042852,24.55398,27.671442,28.410849,25.382229,25.34464,21.023695,20.610264,16.795399,17.994919,14.219226,17.880308,15.504442,12.828287,12.289076,15.579535,13.702775,19.935125,18.12646,23.135641,23.621214,26.450201,29.932905,30.582666,33.843124,34.45798,33.013084,32.830757,28.061707,25.025827,25.024769,19.787182,18.626427,14.912123,13.393445,9.591584,12.448153,8.949919,11.074907,12.682932,12.891635,10.92992,10.7742,6.6016226,9.801722,8.540517,10.135074,9.27333,12.99361,8.631497,7.022747,11.011635,8.959109,11.108805,13.84296
12,17.281881,16.676744,12.442939,16.162342,19.527325,17.110102,15.904575,16.9025,14.616561,8.820318,6.2615285,3.5991218,0.0,6.7994914,5.7852416,4.001866,8.155805,9.302785,13.091247,14.447279,20.074583,20.210575,23.897423,26.793003,27.248352,31.715342,33.58357,37.20182,37.411266,38.726658,38.776226,33.38811,34.263794,35.448383,31.570168,29.602262,29.614275,29.032074,26.0547,24.142492,25.075169,24.675947,20.90611,19.17381,20.384615,18.34946,14.97398,14.326037,11.391189,14.690198,11.126296,10.706622,15.174424,15.6948595,19.068018,20.826107,18.660114,22.139402,23.957104,25.92136,28.706993,29.729456,26.87663,26.930174,22.786446,22.839863,19.20575,20.782042,17.222576,21.208382,18.954966,16.119194,15.881477,19.120916,16.877256,23.065453,20.82898,25.61675,25.888449,28.466366,31.85079,32.132957,35.562454,36.497974,35.237293,35.170742,30.608486,27.658247,27.935043,22.72786,21.925566,18.086954,16.74886,12.97575,15.415266,11.006921,11.874231,14.08709,15.242843,13.300382,13.987442,10.066174,13.125492,11.843155,12.624703,11.042263,13.67464,8.986493,8.589541,11.562767,10.995109,11.7924385,15.368385
13,20.416368,20.668161,17.233936,20.568914,24.33524,22.860619,22.180601,23.335516,20.208223,15.461333,11.169629,8.751976,6.7994914,0.0,5.8030567,8.503684,11.346089,12.811903,17.009895,17.114267,23.768625,22.35252,26.351086,28.289867,28.94592,32.646942,34.739,37.92805,37.93364,40.1345,39.402298,34.347694,36.05307,36.738113,31.884338,31.32034,31.580978,29.900368,26.72498,26.199123,26.59154,24.759933,21.591335,21.109962,20.859158,17.738974,15.636935,15.227954,10.791774,14.2846155,9.309517,6.8205357,10.940627,12.442551,14.028366,17.021397,15.872673,19.88683,21.405462,24.319082,26.451387,27.129335,24.47643,24.060083,20.83844,20.90478,17.876928,20.120392,17.763834,22.366255,21.082712,18.721617,19.260017,21.567154,17.954609,23.44655,20.727123,24.330519,24.7898,26.519373,30.050806,29.246176,33.334095,34.906933,33.461388,34.114384,29.599262,27.491457,27.841597,23.511772,23.743063,20.012161,20.188057,17.00536,20.440115,16.96456,17.223425,20.367527,21.17479,19.546307,19.34239,14.9195795,17.22901,13.835789,14.227364,12.554761,13.7835,8.375825,8.957067,7.9639525,10.11487,8.340175,13.049261
14,22.582836,21.740578,17.922848,21.901167,25.043459,22.268862,21.117283,21.208265,19.449768,13.729012,11.653123,7.536199,5.7852416,5.8030567,0.0,4.2051725,6.210632,8.904502,12.469048,13.761322,20.232346,19.30101,23.666027,25.68821,27.169216,31.042318,32.431877,36.189716,35.76211,37.279427,36.634335,31.444923,32.344482,32.720886,28.737417,27.863674,27.338274,25.914766,23.44201,22.18411,22.086676,21.141342,18.301832,16.538265,16.314024,14.727822,12.460299,10.469313,7.01917,9.440615,5.4292912,5.600085,9.684719,9.967711,13.849474,15.494362,14.0545225,17.042131,19.498133,21.86594,24.209385,25.697964,23.18864,23.712336,19.681736,21.19533,18.149082,20.710508,18.934982,22.609917,21.185472,19.320408,18.349785,20.692478,17.159012,23.06312,19.4808,23.936909,23.40488,25.634449,28.593594,28.600225,31.961475,33.306942,32.591972,32.51383,28.64283,25.722397,26.83381,21.674892,21.97019,17.921618,17.636333,14.517662,17.053595,13.187843,12.217903,16.22087,17.460499,16.536484,17.259354,13.13559,16.991411,13.844197,16.219128,15.133717,17.716688,12.247678,11.550997,11.980497,10.586483,9.399728,12.926644
15,20.542305,19.226585,15.1304865,19.234858,22.018965,18.725279,17.31268,17.204739,16.034996,9.861294,9.2538805,5.1585307,4.001866,8.503684,4.2051725,0.0,4.579573,6.9470434,10.200743,12.407421,18.074968,18.250742,22.30211,24.998486,26.198692,30.565474,31.904314,35.856895,35.656036,36.645996,36.562286,31.173956,31.602104,32.420193,29.02009,27.144592,26.581913,25.971048,23.521362,21.335663,21.769684,21.78698,18.433178,15.934891,16.95516,15.922709,12.720569,10.95333,8.870045,11.295706,8.801099,9.700334,13.681773,13.531084,17.844275,18.8738,16.722794,19.496744,21.847324,23.559795,26.333761,27.854221,25.184727,25.821373,21.353329,22.50492,19.081385,21.086454,18.478737,21.797544,19.78437,17.641186,16.26255,19.168924,16.614798,22.848616,19.80003,24.889826,24.432865,27.15924,30.111277,30.745518,33.756573,34.663006,33.92853,33.474957,29.463833,26.111176,27.017826,21.41933,20.9578,16.922092,15.595862,12.095309,13.92023,9.345,8.795066,12.226603,13.703084,12.600866,13.931101,10.235903,14.506719,12.731249,15.170065,14.17877,17.34658,12.418938,11.355957,13.684636,11.403545,11.880962,14.78499
16,23.126116,20.993023,17.553583,22.24153,24.148474,20.23548,19.242462,17.793623,17.197493,12.13947,12.1564455,7.5760074,8.155805,11.346089,6.210632,4.579573,0.0,3.9170818,6.3814006,8.853333,14.622495,14.494499,18.833807,21.222109,23.083933,27.253036,28.137665,32.3198,31.796818,32.57075,32.38618,27.02113,27.224058,27.877935,24.714334,22.885256,22.072748,21.44754,19.241638,16.93023,17.191694,17.454447,14.265655,11.369401,12.638063,12.156503,8.9696865,6.7393765,6.190549,8.751587,8.779928,10.8812895,13.668989,12.33793,17.152447,16.854939,14.09129,16.305754,18.672844,19.83655,22.792637,24.570063,21.99782,23.140379,18.340057,20.382635,17.24637,19.523602,18.0879,20.497053,18.925613,17.768784,15.277803,17.486366,14.617886,20.609676,16.876656,22.206425,21.107243,24.047083,26.607067,27.75277,30.267939,30.988092,30.65234,29.806168,26.267736,22.553656,23.987467,18.126987,18.048628,13.965776,12.965806,10.194769,11.721792,8.432087,7.0578513,11.4639635,12.277739,12.291917,13.37382,10.048753,14.981466,12.425489,16.570072,16.38438,20.212286,15.21863,13.343358,15.170419,10.909764,11.582075,13.072749
17,21.352203,18.636248,15.931315,21.044622,22.187143,18.200026,17.949484,15.9102955,14.880889,11.540057,11.274341,7.114679,9.302785,12.811903,8.904502,6.9470434,3.9170818,0.0,4.407025,5.490243,11.389323,11.347242,15.389803,18.15987,19.512817,23.931911,25.093407,29.169704,29.007992,29.804413,29.985485,24.521183,25.011488,26.346197,22.898926,20.434198,20.395546,20.230251,17.316795,14.886875,16.287582,16.50406,12.384403,10.365242,13.043123,11.365639,7.2107887,7.6952786,7.4272075,11.642842,12.061945,13.704018,16.38556,14.816167,19.010683,18.208126,14.445934,17.174656,18.534843,19.153448,22.546606,23.794802,20.94833,21.82395,16.871874,18.116812,14.757243,16.539322,14.97617,16.891245,15.270799,14.491404,11.546386,13.630843,11.151109,17.20143,14.029095,19.669106,18.964743,22.222599,25.018976,26.543015,28.957819,29.28009,28.58175,27.674833,23.73337,19.944279,20.930967,14.982885,14.401507,10.358863,9.120967,6.3787975,8.60987,6.9994473,7.805183,10.845803,10.259896,10.334535,10.295606,7.052971,11.958823,9.346086,14.280335,14.74045,19.121479,14.617636,12.09765,14.549011,9.174646,11.311716,11.832068
18,24.243408,20.943558,18.487204,23.572754,24.001074,19.308573,18.943882,15.759045,16.187395,13.338641,14.711407,11.022686,13.091247,17.009895,12.469048,10.200743,6.3814006,4.407025,0.0,5.005536,8.581516,9.768621,13.646003,16.553465,18.581053,23.02063,23.448673,27.940039,27.490993,27.486296,27.964102,22.47783,22.055796,23.38139,21.032974,17.840548,17.141163,17.741604,15.56891,11.967258,13.396797,15.042314,11.28782,7.718665,11.635307,11.777319,8.024719,7.7705073,9.939037,12.527925,14.6028805,16.956617,19.090128,16.98947,21.652176,19.976963,16.136017,17.744255,19.309847,19.043955,22.56653,24.23297,21.630943,23.118822,17.94854,19.963053,16.98245,18.59433,17.656286,18.395567,16.85825,16.759645,12.774047,14.402104,12.766813,18.1553,14.820418,20.678585,19.265432,22.83847,25.002802,27.30183,28.92005,28.846876,28.70804,27.129509,23.87484,19.504704,21.011272,14.740273,14.026172,10.382246,8.443048,7.019841,6.7790413,6.6225257,6.43845,9.299382,8.374736,9.910575,10.615369,9.130503,14.081566,12.411877,17.739582,18.503174,23.08333,18.869398,16.256788,18.829435,12.993764,15.13033,14.718133
19,23.565056,20.124754,18.687536,24.063313,24.104698,20.024902,20.665377,17.543585,16.557673,15.505379,15.161033,11.70926,14.447279,17.114267,13.761322,12.407421,8.853333,5.490243,5.005536,0.0,7.028817,5.8640323,10.027744,12.688732,14.300246,18.636303,19.628126,23.784624,23.642233,24.378149,24.736418,19.236015,19.989271,21.860144,18.18878,15.242727,16.00543,16.189594,12.648163,10.275753,12.920964,13.055653,8.167455,7.677112,11.778609,9.316337,5.0969744,8.60171,9.753628,14.20166,16.027958,17.780659,19.550064,17.300097,20.920366,18.866337,14.174368,16.625143,16.82192,16.322853,20.13918,20.989641,18.091492,19.125378,14.027219,15.301131,12.388868,13.838324,13.813165,14.028114,13.197512,14.056564,10.016476,10.478838,8.103761,13.213247,9.924289,15.852346,14.890685,18.568266,21.139088,23.453814,25.26822,25.036386,24.352331,23.05093,19.234016,15.080167,16.168894,9.965571,9.454091,5.563823,5.3247447,5.3923955,7.628971,9.864574,11.230017,13.307168,11.115461,12.1765375,10.721053,8.880973,12.729014,9.604808,15.704636,17.130585,21.838934,17.878838,14.846489,16.812685,10.230501,13.007326,11.352192
20,26.105715,21.791893,21.245209,26.406189,25.016241,20.36682,21.422626,16.897453,17.387346,18.267708,19.505451,17.07094,20.074583,23.768625,20.232346,18.074968,14.622495,11.389323,8.581516,7.028817,0.0,5.4956965,6.364226,10.403043,11.739509,16.480097,16.701004,21.192646,21.326794,20.596249,22.247868,16.814186,16.33782,19.406183,17.49288,12.161044,13.289977,15.689585,12.796876,8.5652,12.890925,15.038823,10.760635,9.845972,15.310988,14.4616785,11.3195505,14.14266,16.509937,19.884031,22.487112,24.553349,26.275522,23.805355,27.610651,24.963577,20.187536,21.723148,21.559631,19.759613,23.69924,24.480206,21.863842,23.167868,18.33011,19.256336,16.875916,17.122751,17.134289,15.282255,14.341327,16.121433,11.122449,10.778807,11.526785,14.53601,12.952806,18.453356,17.34367,21.35377,23.190561,26.676342,27.316916,26.089687,25.69457,23.477781,20.31159,15.677198,16.540314,10.789177,8.708193,7.456179,5.182253,8.055906,6.5800023,11.858668,13.748929,13.742577,10.2768755,12.534074,11.027215,12.059544,14.839705,14.030401,19.68899,21.568264,26.490135,23.436792,20.307661,23.0752,16.576674,19.852636,17.653183
21,27.2818,23.399487,22.995283,28.371046,27.526897,23.51695,24.78548,20.954792,20.163683,20.645935,20.32989,17.314592,20.210575,22.35252,19.30101,18.250742,14.494499,11.347242,9.768621,5.8640323,5.4956965,0.0,4.8243084,6.8911586,9.3555565,13.315492,13.8366585,18.187025,17.978474,18.551676,19.157555,13.637149,14.762763,17.395031,13.568167,9.837647,11.98335,12.73369,8.497458,6.5579844,10.925516,10.986472,6.0988283,8.22201,12.763468,10.208471,7.9451156,12.2827635,14.196931,18.194218,20.918653,22.73743,23.767866,21.089457,24.098879,21.021795,15.970804,17.739786,16.705929,14.810463,18.816748,19.175035,16.477736,17.724483,12.986351,14.318331,12.521098,13.364283,15.241434,13.394031,13.728233,16.19806,11.818776,10.161188,8.672709,10.906106,7.9260483,13.304325,11.873148,15.875204,17.860725,21.198734,22.056765,21.050467,20.509235,18.586739,15.240317,10.602572,11.985,5.8693533,5.8511686,4.3537817,6.290774,9.312478,10.46541,14.70256,16.09252,17.500504,14.51212,16.192375,14.027633,13.475576,16.069342,13.085801,19.240843,21.273495,26.00038,22.550224,19.347813,20.795113,14.058686,16.803082,13.623952
22,28.288952,24.0229,24.53086,29.73207,27.997437,24.157839,26.015408,21.79115,21.071762,23.110056,22.987307,20.700176,23.897423,26.351086,23.666027,22.30211,18.833807,15.389803,13.646003,10.027744,6.364226,4.8243084,0.0,4.8302746,5.584552,10.117885,10.803191,14.983787,15.556891,15.651036,17.351135,12.089052,13.41044,17.367512,14.0619545,8.861209,12.594659,14.516299,10.359333,8.645946,13.796039,14.243459,10.072385,12.464748,17.13602,14.643989,12.63579,17.082506,18.900291,23.004236,25.63659,27.31935,28.468578,25.838793,28.579395,25.425,20.278696,22.038538,20.381739,17.958048,21.882378,21.652388,19.07555,19.955626,15.884009,15.982068,14.592976,14.220318,16.143072,12.767665,13.414358,16.69567,12.336771,9.669336,10.37762,10.389932,9.845733,14.103449,13.388805,17.292715,19.066235,22.918104,23.214197,21.441347,20.548006,18.33662,14.983083,10.658997,10.9151325,6.4553356,4.614987,6.560223,7.761301,11.661785,12.126166,17.466106,19.568897,19.888088,16.242624,17.964796,15.1825695,15.782094,17.205036,15.262651,20.90691,23.334396,28.068916,25.385233,22.10969,23.925806,17.43859,20.684153,17.279085
23,32.133446,28.107445,28.61237,33.886356,32.40497,28.755873,30.575115,26.48174,25.558594,27.150688,26.526619,23.816063,26.793003,28.289867,25.68821,24.998486,21.222109,18.15987,16.553465,12.688732,10.403043,6.8911586,4.8302746,0.0,5.578276,7.2800865,6.9520774,11.4497795,11.208701,12.091702,12.922657,7.6548405,10.472432,14.221789,9.84935,5.8887095,10.862018,11.834772,7.3786464,8.233135,12.78101,12.077017,9.186272,13.140929,16.730038,14.059403,13.560842,18.042898,19.983995,23.749477,26.858877,28.556656,28.95418,26.068686,28.226963,24.451286,19.451847,20.654293,18.25857,15.1798725,18.84081,18.285004,16.10841,17.258831,13.864079,14.781214,14.623135,14.707262,18.390905,14.905427,16.568232,20.187202,16.299248,13.107788,12.454936,10.771694,9.306493,11.941933,10.3384495,13.94999,14.981665,19.320482,18.938248,16.85629,16.328062,13.707982,11.263863,6.785099,8.271093,5.6778183,6.9767475,9.188308,11.905467,15.550154,16.456436,21.352785,22.79441,23.870066,20.535183,22.34797,19.678394,19.675928,21.21054,18.239151,23.99431,26.434097,30.970964,28.00798,24.774492,25.579689,19.155634,21.65959,17.540298
24,29.432072,25.336292,26.785255,31.789791,29.71973,26.713362,29.212505,25.370905,23.711628,26.803713,25.740494,23.931416,27.248352,28.94592,27.169216,26.198692,23.083933,19.512817,18.581053,14.300246,11.739509,9.3555565,5.584552,5.578276,0.0,5.453026,8.229255,10.907553,12.794326,14.213967,16.052382,11.729525,14.94719,19.358454,14.976099,11.003134,16.099724,17.408384,12.705429,13.102726,17.985994,17.122646,13.325604,17.221882,21.199585,17.484882,16.059185,21.272587,22.330284,27.046827,29.256252,30.46771,31.444454,28.946905,30.764166,27.633875,22.401394,24.619781,21.84907,19.368774,23.039028,21.704384,19.158398,19.181044,16.260239,14.685673,14.178335,12.74671,15.768721,11.207309,13.167698,17.31089,14.085668,10.176555,11.314037,8.024467,9.998338,12.066751,12.687363,15.999426,18.006989,21.733686,22.025042,19.815777,17.913366,16.200571,12.153893,9.286123,7.4436426,6.7165284,5.327931,9.307293,11.629628,15.362868,16.71979,22.037672,24.602234,24.787815,20.95623,22.180426,18.595804,19.069317,19.197893,16.97681,21.89565,24.673622,29.04599,27.023012,23.796497,25.06257,19.179901,22.464024,18.580229
25,34.169827,30.283829,31.87745,36.861504,34.85375,32.074886,34.623745,30.821064,29.056778,31.997795,30.578077,28.545536,31.715342,32.646942,31.042318,30.565474,27.253036,23.931911,23.02063,18.636303,16.480097,13.315492,10.117885,7.2800865,5.453026,0.0,4.820993,5.725798,8.134806,11.061539,12.350481,9.497116,14.197374,18.41536,13.564397,11.402712,17.009632,17.655973,13.334432,15.443912,19.675148,17.996883,15.495092,20.226187,23.35755,19.57811,19.307442,24.462275,25.566675,30.007347,32.536053,33.701393,34.05758,31.40377,32.57007,28.978983,24.001099,25.758455,22.22435,19.275005,22.404442,20.43911,18.459969,18.387253,16.741547,15.394591,16.280674,15.040783,19.489365,14.9256935,17.662296,21.96684,19.217216,15.119297,15.361759,10.599895,12.226303,11.759532,12.161512,14.498359,15.642569,19.661592,19.113777,16.299854,14.280729,12.409408,9.408094,8.14895,6.2731895,9.397046,10.125558,13.787598,16.785234,20.440096,21.925234,27.103216,29.263266,29.86953,26.161901,27.506214,23.985903,24.16596,24.283905,21.45738,26.24612,29.045465,33.1538,31.088282,27.941574,28.357962,22.750643,25.416101,21.01756
26,37.565475,33.488018,34.638042,39.763344,37.787937,34.45076,36.63915,32.40022,31.438108,33.781723,33.01846,30.549982,33.58357,34.739,32.431877,31.904314,28.137665,25.093407,23.448673,19.628126,16.701004,13.8366585,10.803191,6.9520774,8.229255,4.820993,0.0,5.096133,5.0057306,6.4873357,8.074655,5.370579,9.856111,14.191244,10.575979,8.3019,13.784452,14.832474,11.73582,13.794801,17.561823,16.59498,15.26639,19.447262,22.405024,19.90427,20.1648,24.577517,26.502478,30.07873,33.370327,34.97689,34.991962,32.03083,33.583607,29.457088,24.726591,25.492882,22.326859,18.711813,21.62752,20.310453,18.891592,19.772793,17.954357,18.329147,19.31549,18.801918,23.251999,18.94777,21.284336,25.399714,21.99595,18.24915,18.23176,14.491157,14.519028,14.523225,13.294386,15.616147,15.419157,20.214355,18.478899,15.259337,14.797969,11.61128,11.1347475,8.968186,9.587042,11.316461,12.559724,15.691286,18.369547,22.163792,22.887997,28.099009,29.60809,30.41733,26.895683,28.761747,25.848577,26.208082,27.08363,24.307919,29.61628,32.276737,36.611515,34.07454,30.869328,31.312708,25.263317,27.60256,23.130075
27,39.786858,35.874622,37.565594,42.52276,40.347042,37.53304,40.08642,36.069977,34.59755,37.542233,36.267017,34.102913,37.20182,37.92805,36.189716,35.856895,32.3198,29.169704,27.940039,23.784624,21.192646,18.187025,14.983787,11.4497795,10.907553,5.725798,5.096133,0.0,4.5244875,8.142117,9.37285,9.397942,14.1728,18.1331,14.25959,13.3198395,18.679243,19.283459,16.122063,18.775627,22.386192,20.760235,19.511961,24.187563,26.849371,23.682547,24.101538,28.884264,30.329086,34.270943,37.23705,38.531403,38.45817,35.631943,36.553043,32.54061,27.89725,28.960478,25.17495,21.751553,24.253693,22.120085,20.91607,21.080877,20.373272,19.665129,21.254898,20.205053,25.031755,20.430038,23.273088,27.6214,24.888247,20.800608,20.99016,16.037882,17.252302,15.660581,15.449802,16.81208,16.573887,20.886713,19.029896,15.483125,14.124216,11.714513,11.440493,11.481559,10.664368,14.577756,15.744338,19.270565,22.197163,25.938171,27.066158,32.338947,34.177788,34.860977,31.186329,32.784714,29.445978,29.770422,29.97095,27.149466,31.917093,34.722965,38.754044,36.67381,33.553192,33.65916,28.12614,30.437494,25.839613
28,41.885563,37.986435,39.134247,44.287426,42.476894,39.26969,41.442196,37.288925,36.186375,38.280285,37.210724,34.536076,37.411266,37.93364,35.76211,35.656036,31.796818,29.007992,27.490993,23.642233,21.326794,17.978474,15.556891,11.208701,12.794326,8.134806,5.0057306,4.5244875,0.0,5.909143,5.042459,6.2955794,11.316634,14.409922,10.75628,11.307963,16.057657,16.130447,13.882765,17.121155,19.90751,18.221188,18.097454,22.634323,24.684553,22.261469,23.373186,27.570057,29.447659,32.69254,36.175854,37.72906,37.207253,34.17023,35.165,30.73326,26.430187,26.710531,23.091896,19.27573,21.426525,19.717072,19.042147,19.95924,19.29213,20.09024,21.920837,21.68068,26.882298,22.74771,25.478199,29.648403,26.51928,22.662191,22.046944,17.815237,17.488863,16.002892,14.4534445,15.601637,14.231973,19.039255,16.277317,12.541614,12.66875,9.169687,11.137869,10.667869,11.756132,14.891322,16.935308,19.855974,22.95541,26.622784,27.568121,32.55146,33.72601,34.937027,31.57757,33.46938,30.59679,30.643148,31.574047,28.304857,33.559284,36.19082,40.33333,37.677437,34.55521,34.344772,28.561665,30.36129,25.658773
29,43.38566,39.113735,40.096752,45.223927,43.055084,39.33485,41.296062,36.640186,36.47447,38.57855,38.475887,35.80306,38.726658,40.1345,37.279427,36.645996,32.57075,29.804413,27.486296,24.378149,20.596249,18.551676,15.651036,12.091702,14.213967,11.061539,6.4873357,8.142117,5.909143,0.0,5.1484766,6.4723387,8.003535,12.013299,11.762034,10.049103,13.99347,15.723883,14.859045,16.427603,19.233633,19.307962,19.386808,22.61567,25.257818,24.214634,24.915741,28.469759,31.112753,33.763393,37.73442,39.717567,39.41262,36.21538,38.034603,33.461994,29.140137,28.883015,26.111025,22.003002,24.350124,23.60214,22.949078,24.488317,22.915302,24.312138,25.458393,25.218193,29.583225,25.265684,27.350714,31.36952,27.610317,24.128633,24.275656,20.947258,20.448471,20.42594,18.388885,20.250313,18.700537,23.844322,20.76094,17.143652,18.194315,14.237385,16.26535,14.349564,15.855321,17.215109,18.426943,21.23521,23.379854,27.205936,27.101147,32.334625,33.29384,34.05664,30.710222,33.02723,30.658642,31.384182,32.6518,30.190834,35.694294,38.288967,42.755207,40.024776,36.796837,37.317066,31.061876,33.165936,28.70922
30,44.864094,40.87782,41.528545,46.80023,45.17763,41.505646,43.27738,38.87702,38.400425,39.76341,39.19974,36.115646,38.776226,39.402298,36.634335,36.562286,32.38618,29.985485,27.964102,24.736418,22.247868,19.157555,17.351135,12.922657,16.052382,12.350481,8.074655,9.37285,5.042459,5.1484766,0.0,5.5433016,8.661625,10.482262,8.887736,10.546532,13.858664,13.851219,13.420776,16.504051,18.242569,17.199955,18.378567,22.141407,23.69313,22.603428,24.210344,27.51554,30.039738,32.34046,36.455303,38.38252,37.505985,34.246506,35.575596,30.744493,26.869087,26.14526,23.093765,18.883299,20.615978,19.789078,19.723265,21.54535,20.64942,22.914314,24.664062,25.047434,30.176273,26.375107,28.788858,32.732807,29.13903,25.637737,24.673914,21.361431,19.855097,18.995186,16.272533,17.379885,14.903346,20.031765,16.30794,12.679178,14.708985,10.439196,14.215235,12.91227,15.416824,17.238829,19.580486,21.896502,24.736607,28.314127,28.739141,33.468594,33.944485,35.47515,32.449814,34.713604,32.44012,32.477524,34.102596,30.779217,36.43891,38.894623,43.198887,40.064384,36.938236,36.699078,30.635174,32.057747,27.43748
31,39.765083,35.761658,36.18252,41.485737,40.00813,36.210728,37.859833,33.51796,33.06024,34.231827,33.785988,30.691952,33.38811,34.347694,31.444923,31.173956,27.02113,24.521183,22.47783,19.236015,16.814186,13.637149,12.089052,7.6548405,11.729525,9.497116,5.370579,9.397942,6.2955794,6.4723387,5.5433016,0.0,5.9748664,9.120621,5.759045,5.3810053,9.796895,10.16677,8.544219,11.264718,13.78057,12.979033,13.26501,16.996256,19.16357,17.88939,19.011759,22.47033,25.027576,27.600666,31.573982,33.54341,33.041,29.82234,31.605532,27.00074,22.72465,22.429708,19.726904,15.636961,18.235147,17.780806,16.939045,18.868387,16.84797,19.204473,20.31762,20.83139,25.504736,21.939003,24.022375,27.766155,23.952656,20.686901,19.648462,17.111696,15.158054,15.578183,12.674617,14.87958,13.490687,18.716993,16.192368,13.189928,14.509017,10.434331,12.029851,9.012171,11.981395,12.273431,14.540677,16.565432,19.295444,22.826591,23.261642,27.936222,28.511679,30.024527,27.007135,29.22869,27.02238,27.00602,28.836994,25.58707,31.400335,33.782265,38.21085,34.9753,31.814777,31.922682,25.629673,27.299786,22.84076
32,41.50366,37.245087,37.234993,42.49421,40.89584,36.500603,37.709896,32.928352,33.563118,34.281517,34.911556,31.692577,34.263794,36.05307,32.344482,31.602104,27.224058,25.011488,22.055796,19.989271,16.33782,14.762763,13.41044,10.472432,14.94719,14.197374,9.856111,14.1728,11.316634,8.003535,8.661625,5.9748664,0.0,5.4849916,8.121569,5.0354233,6.288509,9.123808,10.194912,10.298533,12.125948,13.83934,14.73168,16.363924,18.895077,19.64491,20.439959,22.706205,26.172615,27.727991,32.293682,34.766666,34.383934,31.025494,33.703926,29.01047,25.003164,23.913506,22.418488,18.27187,20.822037,21.554266,20.882582,23.435507,20.661158,23.772667,24.223192,24.928665,28.708355,25.307337,26.655298,30.01869,25.60249,22.991316,22.438324,21.162334,18.806448,20.561274,17.270308,19.848509,18.253736,23.45544,20.697674,18.02553,20.141376,15.917423,17.728598,13.996347,17.127058,15.692153,17.153551,18.580597,20.163546,23.579252,22.822166,27.392395,27.390425,28.669882,25.938026,28.665586,27.28864,27.804062,30.241215,27.7257,33.760113,35.96331,40.648426,37.18779,34.01083,34.746246,28.11943,29.862568,25.85183
33,44.639145,40.609398,40.049103,45.37883,44.32086,39.763485,40.5413,35.92105,36.713444,36.37318,37.007183,33.300915,35.448383,36.738113,32.720886,32.420193,27.877935,26.346197,23.38139,21.860144,19.406183,17.395031,17.367512,14.221789,19.358454,18.41536,14.191244,18.1331,14.409922,12.013299,10.482262,9.120621,5.4849916,0.0,7.68673,8.603509,6.4894104,7.094277,10.830271,11.70539,11.025324,12.678926,15.488732,16.531544,17.551933,19.564001,21.312534,22.473145,26.25836,26.684275,31.758564,34.444023,33.42255,29.925077,32.55222,27.521742,24.299889,22.084106,21.130596,16.91673,18.659546,20.233986,20.302458,23.528519,21.0398,25.459463,26.191334,27.619106,31.72786,28.944595,30.315153,33.401672,28.994202,26.672703,25.199865,24.463324,20.991243,22.501802,18.3897,20.396011,17.907928,22.863491,19.572325,17.477486,20.799406,16.539288,19.601553,16.112774,20.141155,18.534027,20.77415,21.428577,23.235733,26.194324,25.526684,29.28494,28.364632,30.444597,28.336893,31.162788,30.318813,30.300068,33.350304,30.285213,36.492825,38.433582,43.018307,39.0316,35.999794,36.196377,29.705114,30.667295,26.783657
34,40.285152,36.622425,36.32998,41.731842,41.006584,37.07246,38.231674,34.19252,33.731316,33.6249,33.00779,29.334726,31.570168,31.884338,28.737417,29.02009,24.714334,22.898926,21.032974,18.18878,17.49288,13.568167,14.0619545,9.84935,14.976099,13.564397,10.575979,14.25959,10.75628,11.762034,8.887736,5.759045,8.121569,7.68673,0.0,6.955589,8.550694,5.9270077,5.585948,9.980943,10.419221,8.384089,10.664346,14.328576,14.989265,14.39866,16.65937,19.20224,21.924322,23.658918,27.996643,30.102396,28.99489,25.639769,27.331955,22.392294,18.693491,17.501448,15.124754,10.79956,13.040001,13.483453,13.152429,16.037489,13.942919,18.182594,19.45963,21.049932,25.971582,23.433846,25.40499,28.669725,24.886461,22.11461,19.739304,18.34863,14.575747,15.138596,10.897253,12.723996,10.56241,15.622779,13.043154,11.10138,13.714522,9.826285,12.261528,9.026306,13.508691,12.723713,16.037157,16.767738,19.827507,22.743029,23.487541,27.204676,26.911634,29.392645,27.018103,29.243309,27.561638,26.764765,29.35838,25.338848,31.375113,33.40621,37.702854,33.81212,30.82587,30.286617,24.126045,24.88791,20.55152
35,36.730816,32.59421,32.555603,37.86512,36.474842,32.24707,33.543247,29.02657,29.15784,29.881376,30.119413,26.941496,29.602262,31.32034,27.863674,27.144592,22.885256,20.434198,17.840548,15.242727,12.161044,9.837647,8.861209,5.8887095,11.003134,11.402712,8.3019,13.3198395,11.307963,10.049103,10.546532,5.3810053,5.0354233,8.603509,6.955589,0.0,5.633312,7.813764,6.3208623,6.3816586,9.749785,10.748015,10.250791,12.601681,15.718222,15.410185,15.771998,18.695463,21.780975,24.069807,28.197645,30.465137,30.381344,27.153885,29.811716,25.435575,21.012032,20.710297,19.074598,15.27589,18.477306,18.978624,17.634363,19.890831,16.557,19.324898,19.415524,20.159172,23.776255,20.623922,21.919977,25.200012,20.857235,18.263977,17.429567,16.550623,13.972094,16.419683,13.36555,16.531698,15.978407,20.906633,19.240004,16.987059,18.191154,14.514521,14.628311,10.178499,13.257779,10.831074,12.370399,13.584808,15.467029,18.875982,18.656355,23.236675,23.606981,25.001472,22.128782,24.58974,22.900537,23.106054,25.494335,22.731173,28.780815,30.977665,35.6366,32.194546,29.009937,29.78034,23.146109,25.074692,21.098104
