,0,1,2,3,4,5,6,7,8,9,10,11,12,13,14,15,16,17,18,19,20,21,22,23,24,25,26,27,28,29,30,31,32,33,34,35,36,37,38,39,40,41,42,43,44,45,46,47,48,49,50,51,52,53,54,55,56,57,58,59,60,61,62,63,64,65,66,67,68,69,70,71,72,73,74,75,76,77,78,79,80,81,82,83,84,85,86,87,88,89,90,91,92,93,94,95,96,97,98,99,100,101,102,103,104,105,106,107,108,109,110,111,112
0,0.0,4.789581,6.6521926,6.151407,7.895105,11.588725,14.413179,17.433691,12.147455,17.337872,13.9171095,17.588146,19.623243,20.024824,23.553135,22.834276,24.678596,22.799572,27.055529,24.192104,30.199003,27.11388,29.855625,30.722641,30.093426,33.685707,34.22549,36.02628,37.36659,41.572,40.2414,36.488792,40.369892,41.79167,34.290188,35.42811,37.97498,35.755276,30.97569,32.747314,34.58183,30.431725,27.174362,30.489702,30.6597,24.474724,23.825195,27.820822,24.284838,29.887157,27.19494,26.047361,26.86486,26.580233,25.771706,23.002783,21.408346,26.255213,23.879799,26.502396,28.3383,26.919601,24.246164,21.620424,20.96608,18.07311,16.254557,17.495356,16.24403,21.072433,21.308115,19.99504,22.8873,23.16881,19.737764,22.31409,21.357805,22.073273,24.570093,24.801403,28.878473,25.945627,31.264235,33.2784,30.859219,32.81694,27.592997,27.732555,26.40803,25.413128,25.546911,23.485231,25.928736,24.753517,30.696587,28.545174,28.040325,26.427757,22.230707,21.869646,17.27653,17.188566,12.675518,13.455908,9.724654,8.487667,9.249011,13.165387,15.340621,15.65224,16.65967,14.347124,17.804863
1,4.789581,0.0,5.088078,7.3954744,6.263845,8.380781,12.106891,13.942851,8.7351265,15.369575,13.154119,16.427656,19.040255,20.831831,23.238213,21.775139,23.259047,20.849205,24.778444,21.731428,27.12039,24.449463,26.693136,28.014938,26.74063,30.573318,31.634434,33.258194,35.032265,39.034603,38.24727,34.26648,38.153732,40.128063,32.73067,33.152916,35.9936,34.35723,29.31364,30.615622,33.064934,29.36201,25.493547,28.782726,29.834871,23.524282,22.156965,26.706486,23.81357,29.195187,27.269608,26.651903,27.866606,27.239025,27.3163,24.36029,21.808304,26.805056,24.286451,26.216051,28.590506,26.978258,24.006582,21.330536,20.18683,16.260424,13.892511,14.259518,11.929362,16.894556,16.926207,15.567169,18.828552,19.12252,16.485643,18.94754,18.976421,20.052202,23.042883,23.753887,28.143087,25.777847,30.983028,32.473785,29.698195,31.467262,25.704893,25.675016,23.7763,22.71102,22.224613,20.436153,22.427784,21.282522,27.250416,24.889069,24.79069,23.525257,19.421515,19.217133,14.316237,14.471856,10.628926,11.477463,9.5978155,9.527868,11.093792,14.325378,15.744469,16.934698,16.097878,14.647893,17.180725
2,6.6521926,5.088078,0.0,5.4959292,7.19063,7.0582232,9.410791,11.851731,6.072516,10.889118,8.180956,11.906328,14.20572,16.42441,18.777315,17.27949,19.387749,17.531546,21.70811,19.48711,25.443874,23.25454,26.108082,27.858723,27.176174,31.496822,32.620308,34.88064,36.364063,39.82843,39.10477,34.70985,37.923023,39.61643,32.733486,32.923603,35.045372,33.452534,28.765007,29.45078,31.493343,28.23472,24.326797,26.690239,27.5975,21.803442,20.07363,23.855083,20.73589,25.708796,23.335709,22.490103,24.24074,23.991478,24.483126,22.289877,19.943695,25.163725,23.57826,25.782318,28.379648,27.554642,24.493843,22.545956,20.380562,17.816095,14.767504,15.815665,12.724448,17.938408,17.118052,14.912336,17.712942,18.951414,16.112228,20.017569,19.074223,21.502327,23.666811,24.976997,29.16333,27.365088,32.25929,33.728203,31.57385,32.76575,27.280495,26.349815,25.083563,22.63458,22.15357,19.517855,21.10642,19.26646,25.03999,22.452229,21.659567,19.893953,15.701213,15.655193,11.149191,12.214473,7.228578,10.810613,9.404531,10.682324,13.777766,15.960687,16.987988,16.854403,15.314815,12.782237,14.636202
3,6.151407,7.3954744,5.4959292,0.0,5.679,8.53328,9.724193,13.972405,9.77671,13.232371,11.066254,15.595929,16.952532,18.447622,21.824408,20.731804,23.584383,22.28949,26.58265,24.734184,30.831266,28.673431,31.600748,33.25715,32.575584,36.779156,37.78149,39.88533,41.35387,45.045967,44.113937,39.888157,43.202496,44.693127,37.69748,38.215538,40.26327,38.407593,33.82824,34.718433,36.47852,33.009827,29.413755,31.696192,32.119926,26.486902,25.095362,28.398195,24.832052,29.713453,26.519785,24.986425,26.746979,27.067774,26.818733,25.072567,23.651379,28.765547,27.312098,30.020039,32.202564,31.383123,28.541998,26.413185,24.816864,22.370733,19.733416,20.791092,17.75145,23.015171,22.180592,19.669586,22.886059,24.273943,21.579994,25.225307,24.30087,26.238386,28.45021,29.338879,33.42705,31.051111,36.157543,37.984554,35.8019,37.317623,31.964207,31.379124,30.117647,28.005491,27.613478,25.003517,26.52604,24.494787,30.130888,27.17144,26.047653,23.901285,19.801277,20.21146,16.084347,17.5815,12.339574,15.9227295,13.296459,13.398726,15.215211,18.510363,20.289549,19.749208,19.7205,16.566998,19.039244
4,7.895105,6.263845,7.19063,5.679,0.0,5.6969056,8.446671,11.67356,8.7199,14.462039,14.203079,18.339182,20.300768,22.939089,25.410402,23.598482,26.02072,24.07,27.966955,25.725636,30.950205,29.102057,31.243418,33.178528,31.547052,35.70254,37.18192,38.703526,40.75261,44.546192,44.085743,39.91703,43.572372,45.70125,38.550842,38.552956,41.204613,39.847755,34.88534,35.629345,38.117035,34.82858,30.745209,33.37014,34.61687,28.653147,26.79749,30.865856,27.904291,32.760036,30.332172,29.27846,31.167145,31.094704,31.2859,29.038252,26.86117,32.014236,29.986788,32.08862,34.527607,33.132477,30.147356,27.57279,26.22169,22.36455,19.72223,19.659708,15.752948,20.882627,20.01973,17.493149,21.544556,22.744593,21.190775,24.027933,24.5173,26.04352,29.059381,29.961489,34.36495,32.033165,37.24286,38.70605,35.873173,37.60356,31.70596,31.501488,29.40539,27.952322,26.920874,24.96248,26.048153,24.201921,29.870245,26.532194,26.035189,24.346346,20.394346,21.148325,16.595303,18.322464,13.954342,16.895605,15.291978,15.308208,16.463303,20.227478,21.865242,22.55375,21.743927,19.614344,21.740095
5,11.588725,8.380781,7.0582232,8.53328,5.6969056,0.0,4.331972,6.110626,4.064652,10.0447645,11.67203,15.1722145,17.324944,21.423824,22.639883,20.117401,22.46496,20.440428,23.947433,22.202608,26.943432,25.93184,27.9137,30.528458,28.735237,33.357677,35.317066,37.102898,39.28741,42.472256,42.53743,37.95574,41.10261,43.50918,36.906387,36.12235,38.517014,37.741524,32.883595,32.785583,35.52108,32.990852,28.466665,30.395628,32.333313,26.771963,24.129026,28.066286,25.693323,29.906515,28.029438,27.387472,29.851778,29.672619,30.842272,28.879766,26.107466,31.333015,29.755175,31.398771,34.35185,33.29471,30.084345,27.969042,25.68683,22.003246,18.681564,18.286535,12.991724,18.077284,16.298906,12.96623,17.090115,19.057224,18.396553,21.932281,22.672823,25.287725,28.079166,29.715363,34.142487,32.6632,37.50507,38.50629,35.84186,37.000507,30.96488,30.031355,27.92227,25.538218,23.943146,21.771933,21.9953,19.703981,25.056475,21.300694,20.757704,19.130507,15.390926,16.582737,12.343087,15.068239,11.381142,15.578972,15.710765,16.973667,19.373823,22.05637,22.93529,23.520351,21.061913,19.187563,20.06813
6,14.413179,12.106891,9.410791,9.724193,8.446671,4.331972,0.0,5.2473173,6.0975733,7.8958645,11.202554,14.817895,16.208366,20.857058,21.886173,19.240412,22.282469,20.895958,24.317533,23.459694,28.25502,27.826145,30.0479,32.99948,31.461197,36.335335,38.392925,40.458107,42.536373,45.380054,45.5474,40.749416,43.448097,45.713955,39.511112,38.5236,40.440742,39.773487,35.200153,34.62963,37.098804,34.9673,30.470736,31.650143,33.524654,28.495861,25.618484,28.825638,26.408916,30.015368,27.764223,26.84962,29.823715,30.069054,31.465351,30.180332,27.728306,32.96437,31.996395,33.818413,36.829292,36.200916,32.98987,31.211668,28.526836,25.49994,21.972887,21.845304,16.30722,21.239206,18.914293,14.993595,18.778978,21.467602,21.022182,25.172867,25.516272,28.724604,31.116314,33.00497,37.30682,36.04375,40.752945,41.767654,39.398716,40.296597,34.41469,33.056744,31.244282,28.174753,26.50089,23.927288,23.62493,20.773277,25.614006,21.401655,20.207787,18.07912,14.646497,16.467264,13.160256,16.774036,12.924132,18.322199,18.503271,20.032755,22.748955,25.268202,26.118954,26.05573,23.506584,21.077415,21.512716
7,17.433691,13.942851,11.851731,13.972405,11.67356,6.110626,5.2473173,0.0,6.1586885,8.410384,12.970198,15.226322,17.15922,22.705313,22.448631,19.152676,21.433552,19.550867,22.256258,21.412987,25.1347,25.403633,26.990507,30.415228,28.341282,33.350735,35.887802,37.80915,40.19142,42.64769,43.36673,38.438034,40.96,43.701508,37.85259,36.142838,38.21388,38.17865,33.559254,32.44088,35.42915,33.87442,28.992886,29.973497,32.69175,27.83313,24.384584,27.911486,26.326342,29.511686,28.256107,28.00804,31.103336,30.922953,33.034695,31.512827,28.344887,33.454514,32.39336,33.549343,36.916515,36.186268,32.85952,31.196787,28.185797,24.750452,21.042168,20.206125,13.891399,18.154778,15.263779,10.978813,14.949954,17.96091,18.812927,22.754084,23.927885,27.463455,29.992031,32.27221,36.61209,35.936726,40.350918,40.873486,38.35753,38.968937,32.90713,31.311607,29.160685,25.940443,23.643942,21.423279,20.307703,17.435907,21.901424,17.361639,16.720785,15.202013,12.274829,14.394502,11.432059,15.34232,13.11881,18.048136,19.643232,21.654736,24.644505,26.608013,26.914175,27.40063,23.68028,22.122324,21.714457
8,12.147455,8.7351265,6.072516,9.77671,8.7199,4.064652,6.0975733,6.1586885,0.0,7.705481,8.852706,11.622614,14.171796,18.581844,19.201746,16.533394,18.54974,16.39715,19.898594,18.1965,23.114342,22.1457,24.372967,27.074852,25.645454,30.441687,32.355392,34.51304,36.48108,39.38185,39.461678,34.702393,37.55422,39.866234,33.512894,32.596138,34.73924,34.03304,29.304523,28.96828,31.629663,29.32126,24.73386,26.41087,28.46358,23.074835,20.224812,24.10289,21.934504,26.023853,24.479832,24.155457,26.653568,26.27819,27.879496,25.94789,22.871094,28.059477,26.732786,28.196411,31.347206,30.572485,27.298826,25.566055,22.739996,19.605324,15.971877,15.896178,10.612879,15.690337,13.710089,10.35757,13.8353615,16.01524,15.014315,19.20653,19.438107,22.708715,25.08861,27.08335,31.398973,30.388823,34.958836,35.812622,33.46375,34.250923,28.376081,26.962498,25.191927,22.157528,20.637613,18.12289,18.348976,15.955106,21.401562,17.946556,17.32963,15.75405,11.821982,12.675388,8.2961035,11.144418,7.7405086,12.497946,13.530383,15.562907,18.817108,20.565699,20.945625,21.299553,18.008833,16.285883,16.530962
9,17.337872,15.369575,10.889118,13.232371,14.462039,10.0447645,7.8958645,8.410384,7.705481,0.0,6.4001203,8.261863,9.163521,15.061889,14.7303705,11.718527,15.111035,14.4944935,17.787018,18.11414,23.254719,23.356216,26.254776,29.424927,28.902155,34.057644,35.953514,38.834183,40.353302,42.4564,42.615063,37.476948,39.256256,41.091137,35.74459,34.524353,35.494297,34.936897,30.99414,29.70148,31.605827,30.19535,25.867115,25.841446,27.637976,23.616167,20.396126,22.479698,20.33513,23.014513,20.888643,20.244457,23.750628,24.092531,26.399836,25.868204,23.379093,28.37248,28.444124,30.154354,33.39679,33.63961,30.452168,29.623377,25.907686,24.532673,20.677605,21.363972,16.406847,20.776154,18.052372,14.18986,16.079731,19.448877,18.463978,23.835928,22.85813,27.340748,28.60413,31.133455,34.997242,34.618916,38.696495,39.532467,38.002518,38.1087,32.826477,30.436632,29.562597,25.042286,23.65505,20.246832,19.61192,16.208658,20.429794,16.615368,14.410277,11.62757,8.176038,10.037996,8.547645,12.79283,9.731822,16.294413,17.547087,20.182625,24.169867,25.145575,25.244125,24.224672,20.59874,17.939682,16.918829
10,13.9171095,13.154119,8.180956,11.066254,14.203079,11.67203,11.202554,12.970198,8.852706,6.4001203,0.0,4.7303953,6.1318746,9.908244,11.316801,9.69253,12.923305,12.426082,16.681387,16.24657,22.685778,21.431221,25.093826,27.355362,27.723318,32.508762,33.64189,36.80357,37.765846,40.25231,39.664066,34.775063,36.76999,37.970432,32.226913,31.991476,32.843536,31.43805,27.582615,27.174513,28.445793,26.191078,22.455355,23.014727,23.708864,19.316944,17.04231,19.060236,15.905915,19.682362,16.800648,15.809715,18.631374,18.935896,20.55161,19.832232,17.7836,22.861885,22.96161,25.233425,28.121681,28.557539,25.53651,24.860403,21.303295,20.930145,17.418264,19.199009,16.003609,20.526743,18.789127,16.030874,17.22669,19.619194,16.713352,22.174353,19.852865,24.023418,24.784702,26.956278,30.587868,29.876354,33.99396,35.262573,34.11767,34.337437,29.53246,27.27671,27.062717,22.706646,22.349007,18.646894,19.488174,16.76913,21.613602,19.140663,17.135677,14.611147,10.725944,10.651798,8.38688,10.61651,6.1212234,12.427997,12.587921,15.254372,19.564041,20.00318,20.170362,18.42829,15.607128,12.177487,11.875412
11,17.588146,16.427656,11.906328,15.595929,18.339182,15.1722145,14.817895,15.226322,11.622614,8.261863,4.7303953,0.0,3.6009781,8.521828,7.5909066,5.377495,8.199525,8.054348,12.238642,12.505296,18.98406,18.0862,22.034657,24.42259,25.353672,30.205399,31.310986,34.87663,35.564846,37.495697,37.04322,31.968176,33.36182,34.428886,29.324554,28.76036,29.080933,27.91165,24.45355,23.463564,24.514633,22.887672,19.166496,18.892302,19.808794,16.142952,13.444508,14.8033695,12.152481,15.308365,13.111631,12.913298,16.0088,15.9633,18.662863,18.216324,15.696239,20.450901,21.1742,23.000088,26.164436,27.086987,24.092794,24.091488,19.838129,20.43294,16.872648,18.865782,16.221737,19.870464,18.033422,15.725751,15.541179,18.03725,15.048751,20.929403,17.99851,22.944115,22.984213,25.653675,28.948147,29.03126,32.571144,33.521378,32.840633,32.48224,28.077002,25.149967,25.456888,20.258482,20.033108,15.981867,16.597214,13.838438,18.101505,16.351995,14.132955,11.779485,8.4045725,7.3341393,7.0275946,8.667563,6.628384,12.092072,13.653819,16.922056,21.670645,20.99379,20.429893,18.49319,14.447644,11.6369295,9.536013
12,19.623243,19.040255,14.20572,16.952532,20.300768,17.324944,16.208366,17.15922,14.171796,9.163521,6.1318746,3.6009781,0.0,6.7338758,5.79253,4.368391,8.727806,10.087608,13.81721,15.072537,21.386856,20.805126,24.917004,27.284632,28.545477,33.372852,34.365078,38.101837,38.589794,40.32324,39.770905,34.699066,35.715202,36.428097,31.74313,31.287743,31.087315,29.810389,26.819061,25.649885,26.142513,24.781002,21.508774,20.537775,20.90126,18.106054,15.723662,15.8097515,12.936033,15.156937,11.985022,11.099879,14.836392,15.529348,18.226913,18.761639,17.07286,21.505802,22.920492,25.044357,27.989784,29.331436,26.510885,26.773352,22.519371,23.687689,20.259008,22.414999,19.770493,23.43087,21.46669,18.93817,18.711008,21.42464,18.527283,24.435055,21.225931,26.193386,25.896944,28.52074,31.565968,31.66113,35.055386,36.13896,35.776524,35.29723,31.211422,28.146753,28.760681,23.375193,23.288748,19.145584,19.550098,16.624895,20.190428,18.39768,15.611709,12.829186,10.153845,9.594579,10.336948,12.185742,9.990456,15.404771,16.36624,19.411896,24.074144,23.434765,23.019958,20.48394,17.077791,13.7672615,11.765559
13,20.024824,20.831831,16.42441,18.447622,22.939089,21.423824,20.857058,22.705313,18.581844,15.061889,9.908244,8.521828,6.7338758,0.0,5.945845,8.596627,11.27711,13.131036,16.917294,17.601748,24.45659,22.696499,27.339443,28.64295,30.854431,35.1051,35.237595,39.206604,39.017414,41.02513,39.62979,34.98993,36.0221,35.79821,31.04751,31.79256,31.19213,28.893372,26.438324,26.260971,25.64318,23.467268,21.457977,20.840618,19.332886,16.960884,16.30509,15.382923,11.169829,14.07131,9.062624,6.658888,9.412517,10.881698,12.308919,13.7191105,13.716662,17.615702,19.70884,22.684275,24.870665,26.76121,24.420582,25.096338,21.28119,23.928331,21.258526,24.313877,23.291128,26.864641,25.717096,23.929813,23.459509,25.329468,21.143507,26.62502,22.233643,26.517,25.468994,27.520004,29.974867,29.710268,32.904858,34.543713,34.829247,34.420578,31.209044,28.362057,29.796782,24.827353,25.810108,21.708439,23.320051,21.164608,24.778374,24.001247,21.485785,19.04289,16.456875,15.130309,15.298182,15.4151125,12.958053,16.491909,15.946698,18.431847,22.850063,21.572512,21.298597,17.559364,15.9608135,11.901961,10.94967
14,23.553135,23.238213,18.777315,21.824408,25.410402,22.639883,21.886173,22.448631,19.201746,14.7303705,11.316801,7.5909066,5.79253,5.945845,0.0,4.0544705,6.1932964,9.259127,12.130588,14.191788,20.329447,19.625217,24.163445,26.033695,28.363913,32.843594,33.353157,37.56284,37.417797,38.651802,37.82941,32.849865,33.129147,33.147858,29.313732,29.112864,27.994614,26.483423,24.397453,23.044012,22.529943,21.641874,19.25456,17.254,16.719357,15.515168,13.774981,11.829355,9.067436,9.959766,6.36834,6.186829,10.203233,10.868304,14.577636,15.997621,14.720562,18.179098,20.711994,22.68664,25.467966,27.605988,25.133198,26.27043,21.6908,24.437563,21.459332,24.124058,22.744658,25.564491,23.980825,22.253222,20.836334,23.083485,19.658165,25.433487,21.20728,26.376755,25.0059,27.77276,30.101881,30.832066,33.472267,34.477962,34.926655,33.8918,30.73733,27.170698,28.713211,22.870201,23.475323,19.231392,19.972628,17.619427,20.170538,19.800186,17.060581,14.852909,13.285626,11.683106,13.699554,14.020827,13.462795,17.08149,18.331476,21.471521,26.263113,24.505209,23.551155,20.422203,16.90818,14.085741,11.068295
15,22.834276,21.775139,17.27949,20.731804,23.598482,20.117401,19.240412,19.152676,16.533394,11.718527,9.69253,5.377495,4.368391,8.596627,4.0544705,0.0,4.78689,7.201975,10.131498,12.436303,18.251938,18.238825,22.389421,24.910358,26.562782,31.3799,32.41764,36.419044,36.727386,37.893528,37.57023,32.3669,32.784286,33.46048,29.49701,28.59833,27.907684,27.014856,24.454184,22.609571,22.959526,22.405975,19.165447,17.234327,18.020247,16.197235,13.386277,12.598117,10.762776,11.720521,9.821657,10.230156,14.078843,14.259049,18.083776,18.743017,16.55081,20.444195,22.311533,23.832806,27.02139,28.693071,25.929098,26.710606,21.991117,23.735727,20.356426,22.461273,20.20148,23.016615,20.992033,18.907284,17.579868,20.293358,17.657928,23.618088,20.179432,25.651014,24.828144,27.861761,30.594442,31.423729,34.2643,34.97388,34.947807,33.960205,30.22256,26.628828,27.595638,21.618956,21.544386,17.318104,17.324389,14.492912,17.132336,16.118565,13.24938,10.881379,9.289766,7.952237,10.551304,11.782686,11.612427,16.020107,18.055668,21.428051,26.288546,24.922377,23.940193,21.535698,17.1577,14.752512,11.44295
16,24.678596,23.259047,19.387749,23.584383,26.02072,22.46496,22.282469,21.433552,18.54974,15.111035,12.923305,8.199525,8.727806,11.27711,6.1932964,4.78689,0.0,3.9815555,5.9403663,8.703754,14.241604,14.2267275,18.50897,20.866833,23.044502,27.667555,28.576746,32.805847,32.870712,33.648266,33.408443,28.167292,28.213581,28.869339,25.346436,24.193966,23.228474,22.567595,20.2717,18.029928,18.346685,18.32146,15.093348,12.563429,13.89333,12.69331,9.551704,8.294031,7.906589,8.278657,8.857342,10.928727,13.819042,12.92293,17.521832,17.669888,14.706865,18.008615,19.96281,20.747368,24.16875,26.001741,23.319986,24.569334,19.528616,21.870398,18.761547,20.899094,19.601158,21.4137,19.742666,18.584866,16.118292,18.263582,15.502206,21.199818,17.38842,23.128445,21.750835,25.094719,27.488813,29.005507,31.290215,31.634747,31.904877,30.478182,27.145914,23.138887,24.519636,18.168585,18.371704,14.191642,14.339685,12.194666,14.209038,14.652971,12.463351,11.250828,10.395805,7.8721623,11.087119,10.770786,12.64822,15.24867,18.212511,21.764566,26.680744,24.511284,22.932102,20.85487,15.597907,14.431687,10.1078
17,22.799572,20.849205,17.531546,22.28949,24.07,20.440428,20.895958,19.550867,16.39715,14.4944935,12.426082,8.054348,10.087608,13.131036,9.259127,7.201975,3.9815555,0.0,4.5403113,5.234438,11.513807,11.057689,15.2209215,17.760012,19.453125,24.223627,25.35702,29.37683,29.757208,30.817072,30.752085,25.44219,26.058733,27.28851,23.101177,21.715029,21.57796,21.114185,18.040648,15.990084,17.306446,16.863943,12.795311,11.432466,13.797678,11.122376,7.144525,8.55483,8.551537,10.585927,11.852288,13.905973,16.166527,14.695263,18.874802,17.914074,14.054596,17.749336,18.711477,19.07718,22.790684,24.02703,21.11132,22.000208,16.959015,18.52357,15.27665,17.122137,15.9149475,17.466946,15.946241,15.201812,12.533526,14.373187,11.563319,17.288475,13.848614,19.701218,18.77262,22.23466,24.987202,26.486465,28.980873,29.14474,28.955528,27.692793,23.87012,19.987541,20.927383,14.649134,14.586649,10.369473,10.744682,8.833642,11.967535,12.509651,11.19184,10.626913,9.155098,6.0002437,8.414985,7.2363186,10.3808975,12.175055,15.922808,19.567915,24.4163,22.274317,20.539993,19.243217,13.260806,12.934463,8.547408
18,27.055529,24.778444,21.70811,26.58265,27.966955,23.947433,24.317533,22.256258,19.898594,17.787018,16.681387,12.238642,13.81721,16.917294,12.130588,10.131498,5.9403663,4.5403113,0.0,5.0771313,8.483062,9.787562,13.420353,16.411669,18.352385,23.041132,24.42174,28.606226,28.900137,29.1011,29.55827,24.115995,23.857773,25.285933,22.266563,19.942394,19.2115,19.678082,17.256598,13.907199,15.395107,16.482952,12.510563,9.53167,13.236253,12.273693,8.059992,8.281292,10.561014,10.384285,13.563643,16.334627,18.475767,16.737877,21.499088,20.737764,16.759611,19.52,20.7719,20.28477,24.12581,25.560516,22.827105,24.142405,18.972713,20.740927,17.769934,19.140984,18.136072,18.523293,16.896349,16.64257,12.914303,14.65607,13.050773,18.13054,15.104996,21.111223,19.769909,23.580704,25.90818,28.217167,30.020647,29.639341,29.726894,27.88843,24.50003,20.119698,21.271372,14.571248,14.210122,10.47478,9.609586,8.198266,8.932834,11.011819,10.112765,10.667301,10.899616,8.074733,11.613585,10.507065,14.553577,15.649483,19.894842,23.52006,28.271206,25.80058,23.718206,22.723497,16.397158,16.890247,12.292143
19,24.192104,21.731428,19.48711,24.734184,25.725636,22.202608,23.459694,21.412987,18.1965,18.11414,16.24657,12.505296,15.072537,17.601748,14.191788,12.436303,8.703754,5.234438,5.0771313,0.0,7.1725874,5.874008,10.03393,12.607032,14.345619,19.049477,20.300283,24.329369,24.789295,25.723724,25.941235,20.541166,21.369513,23.186228,18.841476,16.886889,17.410107,17.463625,13.89388,11.625319,14.119769,13.855942,9.01706,8.659134,12.579837,9.418746,4.8316417,8.736072,10.377448,12.604177,15.425143,17.985868,19.318035,17.0604,21.069033,19.11425,14.430928,17.509768,17.587662,16.792398,20.806812,21.571007,18.643532,19.595161,14.542112,15.789248,12.955151,14.33282,14.362245,14.392581,13.561288,14.290632,10.558284,11.066037,8.349821,13.277615,10.048407,16.067978,15.055046,18.867342,21.550945,23.678885,25.767551,25.386126,25.03563,23.504349,19.65344,15.504292,16.389618,9.815953,9.761194,5.7376566,6.7846828,6.8420877,9.911997,12.067893,12.367554,13.165423,12.113612,9.003901,10.322649,7.4113154,12.399253,11.635593,16.347027,19.853054,24.376066,21.731695,19.46162,19.213207,12.485841,14.034081,9.84106
20,30.199003,27.12039,25.443874,30.831266,30.950205,26.943432,28.25502,25.1347,23.114342,23.254719,22.685778,18.98406,21.386856,24.45659,20.329447,18.251938,14.241604,11.513807,8.483062,7.1725874,0.0,5.5337863,6.0275235,10.113925,11.228399,15.760981,17.914598,21.770493,22.52522,22.082518,23.615856,18.10236,17.912111,20.85959,18.215048,14.136099,14.703375,16.871597,14.01802,9.763636,13.703911,15.624015,11.179304,9.824508,15.470139,14.205523,10.462396,13.059033,16.396498,16.790436,21.039248,24.07265,25.343521,22.870779,27.21546,25.247576,20.473293,22.492186,22.402063,20.320375,24.336142,24.856602,22.249617,23.38838,18.742455,19.331732,17.122559,17.19619,17.338842,15.23617,14.424792,16.157244,11.309083,11.083754,11.507152,14.1211195,12.963317,18.263481,17.259436,21.297684,23.44222,26.619333,27.742098,26.334427,25.956656,23.727728,20.320604,15.864546,16.38449,10.184883,8.838518,7.5235963,5.512062,7.7358465,6.526778,11.192513,13.061236,15.400378,15.943897,13.535548,15.507012,13.323547,18.704388,17.438112,22.553915,25.858051,29.996021,27.243294,24.667322,25.23476,18.426794,20.831276,16.827295
21,27.11388,24.449463,23.25454,28.673431,29.102057,25.93184,27.826145,25.403633,22.1457,23.356216,21.431221,18.0862,20.805126,22.696499,19.625217,18.238825,14.2267275,11.057689,9.787562,5.874008,5.5337863,0.0,4.89406,6.7736144,9.314339,13.518954,14.6631975,18.858519,19.188187,19.868015,20.346863,14.8721695,15.938969,18.44067,14.036973,11.317156,12.83449,13.562351,9.541557,7.164307,11.284266,11.299972,6.3000255,7.8215585,12.629717,9.805577,6.914655,11.242229,13.857286,15.915776,19.700676,22.579615,23.03964,20.205593,23.862043,21.145735,16.156624,18.09613,17.307287,15.084161,19.128313,19.38652,16.733936,17.908272,13.30422,14.464935,12.787509,13.576623,15.534678,13.631548,14.032053,16.399126,12.198849,10.693693,8.53177,10.771101,7.990766,13.269164,11.820067,15.87099,18.096207,21.128971,22.41752,21.294245,20.947096,18.92717,15.467375,10.916152,12.090052,5.4142294,6.1460705,4.512278,6.809064,9.59936,11.332882,14.90585,16.41727,18.02519,17.313402,14.432164,15.036817,11.428723,16.692453,13.7515745,18.62098,21.682854,25.614553,22.391153,19.612827,20.376535,13.726882,16.873161,13.365113
22,29.855625,26.693136,26.108082,31.600748,31.243418,27.9137,30.0479,26.990507,24.372967,26.254776,25.093826,22.034657,24.917004,27.339443,24.163445,22.389421,18.50897,15.2209215,13.420353,10.03393,6.0275235,4.89406,0.0,4.9028754,5.396592,9.821044,12.113135,15.784429,16.810638,16.97468,18.575249,13.15587,14.414151,18.205133,14.39018,10.147088,12.913431,14.997322,11.149167,8.521671,13.635832,14.360017,10.042517,11.646242,16.747744,14.337489,11.794322,15.884944,18.745201,20.430443,24.48166,27.399685,27.923424,25.057934,28.645218,25.710562,20.671656,22.35694,21.043957,18.233334,22.096527,21.721766,19.25667,20.053926,16.20326,16.000254,14.776478,14.309814,16.293245,12.883217,13.619835,16.815111,12.4586315,10.031223,10.215534,10.153267,10.0183325,13.978409,13.3313875,17.155846,19.274761,22.63094,23.544613,21.720383,20.832272,18.694998,15.095267,10.970675,10.989,6.0341907,4.9066486,6.6634774,7.1873317,10.969438,11.5575905,15.4496,17.915257,20.176558,19.88619,17.427807,17.846243,14.655392,20.034279,16.843348,21.881935,24.689922,28.1783,25.191824,22.39681,23.992805,17.507914,21.022472,17.90056
23,30.722641,28.014938,27.858723,33.25715,33.178528,30.528458,32.99948,30.415228,27.074852,29.424927,27.355362,24.42259,27.284632,28.64295,26.033695,24.910358,20.866833,17.760012,16.411669,12.607032,10.113925,6.7736144,4.9028754,0.0,5.618991,7.490139,8.084681,12.51772,12.605672,13.198848,13.984778,8.529089,10.749737,14.397348,9.723364,5.9871907,10.11014,11.533612,7.400898,6.8274226,11.742939,11.593637,8.504061,11.710985,15.750949,13.433259,12.497569,16.490831,19.193506,21.305319,25.393164,28.340681,28.060186,24.880505,27.91888,24.536163,19.659952,20.464035,18.666962,15.174221,18.692455,18.100422,16.08501,17.262886,14.034206,14.747187,14.731254,14.800944,18.554373,15.1378765,16.861877,20.40057,16.503183,13.499386,12.143579,10.679127,9.458717,11.848424,10.186515,13.734017,15.101069,19.028887,19.218124,17.093706,16.62147,14.05405,11.440074,7.0423717,8.485525,5.3220034,7.0986195,9.231473,11.558477,15.218219,16.228062,20.158232,22.362165,24.339113,23.661583,20.937885,20.908056,17.01246,22.041733,17.622969,22.090979,24.48555,27.552963,23.945541,20.87827,22.694353,16.894766,21.054094,18.454721
24,30.093426,26.74063,27.176174,32.575584,31.547052,28.735237,31.461197,28.341282,25.645454,28.902155,27.723318,25.353672,28.545477,30.854431,28.363913,26.562782,23.044502,19.453125,18.352385,14.345619,11.228399,9.314339,5.396592,5.618991,0.0,5.385981,8.724232,11.244497,13.334133,14.502569,16.432827,11.698788,14.7515955,19.227118,14.502253,10.726194,15.277749,17.106718,12.7728615,12.0904255,17.200365,16.876358,13.06384,16.230032,20.68968,17.416609,15.614115,20.41496,22.701918,25.181042,28.850433,31.537647,31.771225,28.816462,31.776262,28.201939,23.137135,24.802906,22.445759,19.372463,22.883001,21.471518,19.159546,19.202604,16.544834,14.756091,14.450271,12.98223,16.032175,11.535545,13.533566,17.633743,14.190338,10.479709,11.252836,8.082929,10.362889,12.031451,12.635092,15.734843,18.037733,21.105833,22.084536,19.918804,18.025242,16.420443,12.189561,9.474574,7.64243,6.6898685,5.3788037,9.402295,10.616501,14.464801,15.828639,18.931154,21.815874,24.074064,23.334206,21.117966,20.459633,17.120214,22.082088,17.889633,22.611013,24.84877,27.567879,24.808613,22.082554,24.719526,18.854525,22.888885,20.689548
25,33.685707,30.573318,31.496822,36.779156,35.70254,33.357677,36.335335,33.350735,30.441687,34.057644,32.508762,30.205399,33.372852,35.1051,32.843594,31.3799,27.667555,24.223627,23.041132,19.049477,15.760981,13.518954,9.821044,7.490139,5.385981,0.0,4.528772,6.220517,8.510823,9.780815,12.155264,8.544554,12.534469,17.372257,13.114903,9.714329,15.102906,16.99716,13.39415,13.851292,18.508667,18.079468,15.60611,19.183773,23.042273,20.28089,19.467281,23.91866,26.318867,28.760803,32.659496,35.441463,35.137638,31.961206,34.555347,30.69045,25.85054,26.686262,23.94666,20.285378,23.187157,21.364164,19.72944,19.891508,18.322462,16.8591,17.71861,16.348227,20.447666,15.8043,18.358898,22.656124,19.493538,15.609128,15.943563,11.684876,13.696961,13.288247,13.504765,15.6888485,16.970224,20.497755,20.444033,17.575027,15.68196,13.769776,10.975591,9.501792,8.0688505,10.296226,10.446623,14.332285,15.940632,19.812675,20.772749,24.1757,27.097198,29.397694,28.663519,26.355345,25.58774,21.974554,26.725525,21.818306,26.036242,27.817099,29.93801,26.843529,23.99469,27.011948,21.910334,26.360317,24.55303
26,34.22549,31.634434,32.620308,37.78149,37.18192,35.317066,38.392925,35.887802,32.355392,35.953514,33.64189,31.310986,34.365078,35.237595,33.353157,32.41764,28.576746,25.35702,24.42174,20.300283,17.914598,14.6631975,12.113135,8.084681,8.724232,4.528772,0.0,4.969945,4.7445126,7.4483857,8.129865,5.045129,10.472428,14.572325,9.695477,8.032275,13.644893,14.5917635,11.395185,13.398237,17.208323,16.08884,14.839956,18.982134,21.878754,19.38456,19.620853,23.738022,25.961996,28.589123,32.428173,35.19811,34.30699,30.977968,33.129257,29.08379,24.570745,24.667921,21.73665,17.74896,20.122082,18.214918,17.145819,17.725782,16.785324,16.468739,18.128374,17.553102,22.641567,18.545444,21.38065,25.58292,22.481207,18.624977,17.606186,13.501937,13.977601,12.52093,11.6688385,13.201746,13.465133,17.4791,16.575161,13.401711,12.123101,9.613961,8.593053,7.57432,7.9437246,11.088595,12.75588,16.050594,18.58844,22.387531,23.625542,27.249908,29.823217,31.863657,30.887142,28.302544,27.451307,23.384281,27.875032,22.368471,26.038574,27.538227,29.40871,25.76861,22.762419,25.675636,21.293463,25.97382,24.48471
27,36.02628,33.258194,34.88064,39.88533,38.703526,37.102898,40.458107,37.80915,34.51304,38.834183,36.80357,34.87663,38.101837,39.206604,37.56284,36.419044,32.805847,29.37683,28.606226,24.329369,21.770493,18.858519,15.784429,12.51772,11.244497,6.220517,4.969945,0.0,4.569719,8.362887,9.776399,9.216328,14.35255,18.54906,14.139126,12.814244,18.327637,19.378084,16.262447,18.283497,22.16843,20.882046,19.520742,23.821665,26.765978,23.865192,23.981842,28.452553,30.453451,33.349277,36.999573,39.633442,38.79032,35.508343,37.401993,33.115505,28.641401,28.938694,25.54326,21.743332,23.769676,21.193985,20.297298,20.124968,20.122517,18.50007,20.497969,19.193737,24.254772,19.797457,22.965292,27.401361,24.834358,20.69252,20.412977,15.31042,17.24875,14.620149,15.036507,15.679798,16.075476,19.275059,18.495996,15.234373,12.803445,11.469437,10.295432,11.340881,9.99541,14.810057,15.72828,19.509733,21.75169,25.550728,26.930172,30.159956,33.03706,35.17881,34.099842,31.748299,30.455887,26.585276,30.83333,25.187864,28.62496,29.728504,30.967594,27.793844,25.055532,28.600636,24.676443,29.373676,28.333624
28,37.36659,35.032265,36.364063,41.35387,40.75261,39.28741,42.536373,40.19142,36.48108,40.353302,37.765846,35.564846,38.589794,39.017414,37.417797,36.727386,32.870712,29.757208,28.900137,24.789295,22.52522,19.188187,16.810638,12.605672,13.334133,8.510823,4.7445126,4.569719,0.0,5.948594,5.3639474,6.3729806,11.623667,15.003886,11.031274,10.935576,16.009504,16.532276,14.330316,17.04549,20.085556,18.732552,18.526667,22.748972,24.984072,22.819103,23.675793,27.514854,29.620243,32.284454,36.08662,38.81962,37.52449,34.121822,35.84366,31.638454,27.49693,26.988632,23.817062,19.701355,21.259275,19.029099,18.729816,19.311644,19.443012,19.348503,21.649202,21.163778,26.674177,22.626804,25.709309,29.987846,27.098026,23.141293,21.95729,17.523037,17.927475,15.328642,14.365958,14.726142,13.841095,17.797039,15.826324,12.146378,11.1235075,8.623809,10.138555,10.788973,11.399986,15.5205145,17.40479,20.645916,23.327589,27.114567,28.311283,31.987389,34.56275,36.577446,35.52482,32.9035,31.902987,27.722275,31.962986,26.112473,29.281816,30.369469,31.691372,27.922012,24.9849,28.075186,24.541864,29.309011,28.215673
29,41.572,39.034603,39.82843,45.045967,44.546192,42.472256,45.380054,42.64769,39.38185,42.4564,40.25231,37.495697,40.32324,41.02513,38.651802,37.893528,33.648266,30.817072,29.1011,25.723724,22.082518,19.868015,16.97468,13.198848,14.502569,9.780815,7.4483857,8.362887,5.948594,0.0,5.282633,6.2908273,8.252893,12.403571,11.949977,9.862305,13.834792,15.892639,15.217309,16.361416,19.205547,19.59903,19.702839,22.550268,25.251305,24.486876,24.98506,27.960835,30.892426,32.465176,36.985912,40.08085,38.946,35.501682,37.85924,34.169956,29.995821,29.094172,26.801426,22.420267,24.180447,22.883312,22.617079,23.893744,23.10291,23.734827,25.421637,24.953627,29.755997,25.4169,27.93561,32.0959,28.551981,24.955002,24.452099,20.720167,20.924942,19.761292,18.12452,19.319769,18.097916,22.71793,20.179031,16.36132,16.56391,13.244995,15.193345,14.209666,15.389509,17.611639,19.101143,22.226677,24.06145,27.909527,27.832626,32.126736,34.774773,37.10944,36.714302,34.082478,33.910057,29.944525,34.70008,29.423582,33.117054,34.66034,36.515804,32.590675,29.495192,32.048027,27.84468,32.474144,30.61268
30,40.2414,38.24727,39.10477,44.113937,44.085743,42.53743,45.5474,43.36673,39.461678,42.615063,39.664066,37.04322,39.770905,39.62979,37.82941,37.57023,33.408443,30.752085,29.55827,25.941235,23.615856,20.346863,18.575249,13.984778,16.432827,12.155264,8.129865,9.776399,5.3639474,5.282633,0.0,5.5355554,8.737878,10.784352,9.076143,9.967649,13.615565,13.908896,13.541908,16.319538,18.166498,17.398628,18.576876,22.073208,23.62299,22.799019,24.24527,27.046535,29.48979,31.496157,35.633812,38.554462,36.872707,33.37965,35.130295,31.270159,27.542564,26.063353,23.562845,19.163286,20.234612,18.889536,19.231821,20.820793,20.68167,22.246471,24.48639,24.699537,30.227495,26.479177,29.268,33.322712,29.988888,26.368977,24.672306,21.14591,20.224787,18.330132,15.979023,16.405111,14.178843,18.926498,15.607525,11.719533,12.968566,9.244381,13.197498,12.757503,15.035052,17.669813,20.132921,22.754774,25.48134,29.186161,29.820292,34.02143,36.300743,38.266056,37.45517,34.614796,34.166584,29.848537,34.182163,28.461758,31.515284,32.74423,34.33424,30.036097,26.928415,29.289192,25.959564,30.618746,29.218746
31,36.488792,34.26648,34.70985,39.888157,39.91703,37.95574,40.749416,38.438034,34.702393,37.476948,34.775063,31.968176,34.699066,34.98993,32.849865,32.3669,28.167292,25.44219,24.115995,20.541166,18.10236,14.8721695,13.15587,8.529089,11.698788,8.544554,5.045129,9.216328,6.3729806,6.2908273,5.5355554,0.0,6.021136,9.557971,6.0395484,4.7919116,9.651708,10.538378,9.025412,11.166994,13.905958,13.46678,13.675152,17.067781,19.36768,18.301382,19.175114,22.180285,24.835487,26.76628,31.019918,34.020325,32.762943,29.314106,31.587269,27.894754,23.723536,22.858576,20.649136,16.278374,18.35861,17.399902,16.876553,18.567284,17.225368,18.825714,20.405916,20.667501,25.724274,22.058989,24.511322,28.396597,24.814947,21.413412,19.756027,16.843666,15.638325,15.028478,12.485688,14.167335,13.084629,18.02512,15.917723,12.551162,13.294967,9.480428,11.070705,8.8125925,11.439711,12.605677,15.038249,17.472672,20.072618,23.745518,24.350647,28.569773,30.78576,32.757835,32.04714,29.213802,28.997795,24.785158,29.37771,24.048378,27.603056,29.282772,31.477297,27.273209,24.067963,26.18589,21.927704,26.499521,24.62072
32,40.369892,38.153732,37.923023,43.202496,43.572372,41.10261,43.448097,40.96,37.55422,39.256256,36.76999,33.36182,35.715202,36.0221,33.129147,32.784286,28.213581,26.058733,23.857773,21.369513,17.912111,15.938969,14.414151,10.749737,14.7515955,12.534469,10.472428,14.35255,11.623667,8.252893,8.737878,6.021136,0.0,5.490435,8.160168,5.020973,5.9296155,8.961247,10.3175955,10.184711,11.823668,13.807092,14.808612,16.090176,18.498129,19.479668,20.155357,21.687525,25.195314,25.71976,30.694239,34.044556,32.857735,29.433624,32.322685,29.38343,25.458519,23.993109,23.021587,18.663233,20.739855,20.990871,20.625748,23.042059,20.879158,23.464607,24.436197,24.9594,29.268223,25.69525,27.48188,31.005459,26.826914,24.054451,22.73835,20.96254,19.180159,19.981434,16.814686,19.01729,17.54863,22.78915,20.186699,17.006678,18.819391,14.680478,16.750196,13.552768,16.567337,15.686704,17.80516,19.58458,21.356707,24.817547,24.094149,28.94949,30.955841,33.085026,33.04335,30.165794,30.924566,26.988693,31.886154,27.318724,31.152273,33.240055,35.95498,31.5705,28.290142,29.615534,24.969477,29.153759,26.51439
33,41.79167,40.128063,39.61643,44.693127,45.70125,43.50918,45.713955,43.701508,39.866234,41.091137,37.970432,34.428886,36.428097,35.79821,33.147858,33.46048,28.869339,27.28851,25.285933,23.186228,20.85959,18.44067,18.205133,14.397348,19.227118,17.372257,14.572325,18.54906,15.003886,12.403571,10.784352,9.557971,5.490435,0.0,8.224944,8.53314,6.336064,6.9520855,10.879732,11.678934,10.782891,12.693857,15.563223,16.336124,17.082136,19.339474,21.007832,21.38386,24.722137,24.871178,29.743258,33.064888,31.280434,27.849258,30.401907,27.809793,24.61964,22.090378,21.791115,17.547575,18.84493,19.986029,20.290056,23.41125,21.402943,25.364674,26.528164,27.786022,32.36905,29.40067,31.150537,34.38351,30.232658,27.740028,25.498081,24.385807,21.404509,22.172144,18.143314,19.909584,17.472286,22.788763,19.41736,16.681183,19.851772,15.538427,18.974205,15.848957,19.805641,18.586927,21.386662,22.384298,24.61991,27.732248,27.159536,32.04914,33.540005,35.317505,35.17724,32.118023,33.05729,28.975166,33.499752,28.950031,32.22622,34.201683,36.924446,32.13242,28.848104,29.467838,25.574675,29.484192,26.952253
34,34.290188,32.73067,32.733486,37.69748,38.550842,36.906387,39.511112,37.85259,33.512894,35.74459,32.226913,29.324554,31.74313,31.04751,29.313732,29.49701,25.346436,23.101177,22.266563,18.841476,18.215048,14.036973,14.39018,9.723364,14.502253,13.114903,9.695477,14.139126,11.031274,11.949977,9.076143,6.0395484,8.160168,8.224944,0.0,6.022394,8.34681,6.0871325,5.089307,9.447094,10.286611,8.348967,10.358443,14.035057,14.750754,14.10508,16.187803,18.453045,20.68237,22.807034,26.720373,29.608936,27.818607,24.31982,26.234705,22.639517,18.929918,17.308577,15.474837,10.996196,12.842332,12.832959,12.653006,15.379486,13.717301,17.39854,19.020836,20.454193,25.734776,23.129328,25.400045,28.773127,25.272636,22.34508,19.207304,17.639887,14.331268,14.205998,10.08358,11.707262,9.77867,15.0462675,12.685669,10.232335,12.648673,8.660405,11.188659,8.1689205,12.632059,12.362669,15.897561,16.989887,20.387297,23.564463,24.717756,28.834185,30.373474,31.82931,30.817642,27.738848,27.599638,23.140884,27.26032,21.931364,24.878689,26.54389,28.96077,24.244703,20.961433,22.188278,18.519464,22.859428,21.097204
35,35.42811,33.152916,32.923603,38.215538,38.552956,36.12235,38.5236,36.142838,32.596138,34.524353,31.991476,28.76036,31.287743,31.79256,29.112864,28.59833,24.193966,21.715029,19.942394,16.886889,14.136099,11.317156,10.147088,5.9871907,10.726194,9.714329,8.032275,12.814244,10.935576,9.862305,9.967649,4.7919116,5.020973,8.53314,6.022394,0.0,5.6553173,7.669984,6.321976,6.5786514,9.761009,10.6276865,10.391811,12.704931,15.620657,15.315813,15.705069,18.140265,21.314547,22.604485,27.222513,30.420174,29.465857,26.069073,28.960247,25.763622,21.452177,20.751223,19.412584,15.220684,17.961061,17.944342,16.937605,19.073238,16.453655,18.759308,19.491179,20.08238,24.370829,21.03507,22.848454,26.323868,22.292643,19.464916,17.769896,16.220577,14.186306,15.454469,12.411318,15.1766615,14.669772,19.611637,18.086317,15.351495,16.422783,12.695779,13.114193,9.160842,12.26579,10.696648,13.079591,14.742694,16.969433,20.449207,20.540154,25.063612,27.031494,29.001017,28.609165,25.71211,26.135195,22.102451,26.964083,22.33901,26.289665,28.468523,31.329784,27.11276,23.859577,25.288996,20.27945,24.510214,21.922592
