,0,1,2,3,4,5,6,7,8,9,10,11,12,13,14,15,16,17,18,19,20,21,22,23,24,25,26,27,28,29,30,31,32,33,34,35,36,37,38,39,40,41,42,43,44,45,46,47,48,49,50,51,52,53,54,55,56,57,58,59,60,61,62,63,64,65,66,67,68,69,70,71,72,73,74,75,76,77,78,79,80,81,82,83,84,85,86,87,88,89,90,91,92,93,94,95,96,97,98,99,100,101,102,103,104,105,106,107,108
0,0.0,4.280437,7.0138702,9.8754635,12.7272625,14.52045,18.261375,21.90395,24.50165,27.172724,30.683119,31.65289,31.979902,28.151398,29.763529,28.425657,25.894924,28.324654,23.563356,29.308737,28.228409,30.472286,30.045591,33.64304,37.078598,36.832718,35.770447,34.652912,34.96388,33.179928,35.652313,32.42332,37.797764,33.597538,31.906204,30.887129,28.050524,29.228222,28.39951,26.058905,23.757393,26.691593,25.577648,20.776127,21.815115,25.637676,23.097244,17.762623,20.387712,20.64837,26.047155,25.4183,29.256815,30.866673,34.057487,37.03811,35.719402,39.674644,43.238632,41.192375,41.461235,46.339344,46.65788,49.41494,44.45543,41.816814,45.21131,42.59888,39.5116,44.611336,43.292362,38.95801,38.840897,43.354847,43.162727,47.527733,46.89358,45.32092,51.07408,47.378895,50.13215,51.359802,47.45632,43.70739,40.356415,42.477177,36.529457,39.578274,36.84057,38.280663,40.28021,36.277466,39.125237,36.30045,35.850018,32.917393,30.516628,32.77172,28.002512,29.921686,27.894098,26.476233,30.700537,31.65988,36.30483,35.413788,39.92454,40.924507,44.504707
1,4.280437,0.0,4.9082866,7.006476,9.731585,12.904367,15.999965,19.25871,21.820976,24.338966,27.979654,28.606173,28.693998,24.89179,26.203867,25.451347,22.798409,25.682114,20.971209,27.017569,26.409859,28.600645,28.841602,32.3189,35.585266,35.472336,33.901306,33.161377,33.139133,31.883268,33.810104,31.340452,36.68416,32.591064,30.364868,28.791965,26.246706,28.094028,26.818636,24.07116,22.555498,25.748049,23.936518,19.266836,21.263166,24.777966,21.520704,16.966843,20.401567,21.024723,25.95985,25.112934,29.544605,31.053476,33.743214,36.340755,34.784836,38.448605,42.356133,40.30073,40.001762,44.68679,44.6803,47.650146,42.875473,39.92444,43.03709,40.359272,37.105366,41.960285,40.556206,36.24351,35.95092,40.1962,40.27782,44.465935,43.722046,42.38948,48.166515,44.78096,47.577137,49.049656,44.946186,41.283665,37.737514,39.939247,33.7566,36.69507,33.87831,35.190094,37.587875,33.38037,36.33452,33.787334,33.507904,30.747286,27.899025,29.855211,24.912235,26.537254,24.142057,22.507528,26.713182,27.875326,32.39744,31.89808,36.31835,37.522934,41.121315
2,7.0138702,4.9082866,0.0,5.5005765,6.5333066,8.593027,12.6544,15.260028,18.392258,20.538717,24.254885,24.991772,25.623775,21.88232,24.317167,23.414019,21.51894,24.584667,20.920216,27.01887,27.126589,29.745361,30.455618,33.025517,36.11514,35.601597,33.633606,32.497684,31.938005,30.54128,31.465284,28.9711,33.884865,29.436281,27.016209,25.766314,22.799608,24.943428,24.314264,21.54104,19.633123,23.885351,22.344011,17.462765,19.456114,24.091494,21.14975,16.419691,20.347239,20.114288,24.916887,25.483816,29.287899,30.18015,33.054485,35.72194,33.519485,37.37752,41.000664,38.380264,37.90293,42.50476,42.347893,45.086353,40.19973,37.18054,40.019394,37.109085,34.319065,39.37171,37.53687,33.100536,33.425644,37.6982,37.99552,42.086952,41.749752,40.52579,46.401974,42.945812,46.00632,47.64186,43.63707,40.041153,36.366795,39.16999,32.980297,36.586697,34.222157,35.91277,38.815193,35.08794,38.30257,36.08423,35.36318,32.622673,29.522387,30.71337,26.301197,26.741484,24.54581,22.740633,26.476158,27.70336,31.563126,31.078833,35.41192,36.189537,40.113827
3,9.8754635,7.006476,5.5005765,0.0,3.8845062,7.718789,9.23224,13.246384,15.102932,18.13793,21.480621,22.431486,22.346,18.48571,19.997265,18.669796,16.38262,19.2686,15.420624,21.528978,21.783293,24.453571,25.514212,27.820171,30.809574,30.358137,28.242495,27.328194,26.801497,25.712404,26.961557,24.898607,30.117138,26.137388,23.629223,21.822638,19.464191,21.602402,20.074041,17.155048,16.094866,19.628763,17.48377,12.849546,15.631371,19.390839,15.955614,11.983231,16.422129,16.837166,21.004368,21.04191,25.389015,26.357304,28.664417,30.991922,28.86795,32.45242,36.38591,34.072197,33.37581,37.942894,37.791786,40.767185,36.048405,32.98457,36.038876,33.39213,30.10178,35.006153,33.645718,29.355099,29.076136,33.493057,33.438908,37.70504,37.11352,35.69293,41.510113,38.0202,40.938118,42.498512,38.443733,34.8144,31.193613,33.7906,27.61822,31.162354,28.836283,30.656849,33.53556,30.130842,33.44231,31.333029,30.287224,27.556385,24.418324,25.407495,21.313307,21.591331,19.890734,18.511778,22.228907,23.024462,27.220718,26.13853,30.604855,31.342335,35.125412
4,12.7272625,9.731585,6.5333066,3.8845062,0.0,5.4709587,6.9327507,9.654998,12.174694,14.655686,18.248201,18.998014,19.28115,15.479607,17.929419,17.026342,15.464798,18.836163,16.144768,22.216402,23.280838,26.103317,27.758291,29.382658,32.095013,31.44786,28.801542,27.825027,26.673624,25.810732,25.80987,24.244488,28.972885,24.777533,21.755821,19.875349,17.333656,20.242079,19.073997,15.888943,15.077035,19.66441,17.406866,12.9342785,16.14011,20.477858,17.0827,13.743652,18.521349,18.422737,22.105434,23.072554,27.065395,27.52527,29.704845,31.859365,29.159765,32.678978,36.512814,33.76749,32.61137,36.951023,36.46939,39.36007,34.682575,31.377102,33.972347,31.062593,28.10523,32.998455,31.16385,26.765179,26.953892,31.168774,31.539577,35.56891,35.258053,34.126328,40.02353,36.710957,39.86474,41.710117,37.631588,34.146122,30.318447,33.438046,27.178968,31.114954,29.106766,31.06116,34.500107,31.30197,34.762707,33.053646,31.91415,29.369139,25.89637,26.155779,22.415842,21.594711,19.76122,18.061522,21.26067,22.3101,25.754383,25.076603,29.340141,29.884281,33.935204
5,14.52045,12.904367,8.593027,7.718789,5.4709587,0.0,5.6946445,8.346246,11.26737,13.632058,16.850231,18.388216,19.563705,16.000568,19.899515,17.905016,17.464535,20.130217,18.602427,24.04964,25.257267,28.471348,29.883453,30.696667,33.347626,32.161797,29.684927,27.892769,26.543985,24.94677,24.427597,21.95873,26.21191,21.482525,18.857151,18.13051,14.667909,17.063602,17.268187,14.693379,12.277487,17.91938,16.880136,12.225841,14.187827,20.062412,17.934202,13.820156,18.157858,16.780502,20.509817,23.251759,25.96151,25.786997,28.562883,31.1135,27.955484,31.943314,35.08563,31.744318,30.992968,35.431248,35.16809,37.558735,32.568542,29.572596,32.22925,29.192442,26.955776,32.32497,30.217785,25.732138,26.791866,31.349506,31.519087,35.639454,35.88042,34.541985,40.417713,36.679527,40.010292,41.710274,38.017525,34.54699,30.899328,34.47941,28.651306,33.293064,31.869019,34.290894,37.675976,35.19624,38.729282,37.030807,35.32768,32.656418,29.496428,29.417585,26.437765,25.021505,23.940466,22.50846,25.193344,25.936876,28.83649,27.597847,31.761744,31.581121,35.819332
6,18.261375,15.999965,12.6544,9.23224,6.9327507,5.6946445,0.0,6.155333,6.5853667,10.339757,12.956185,14.803055,15.167783,11.519922,14.879038,12.266615,12.141075,14.700473,14.19402,19.24566,21.177387,24.460655,26.567049,26.61267,28.917107,27.685888,24.717485,23.142467,21.388468,20.34569,19.33617,17.836748,22.198433,18.00196,14.82619,13.13785,10.42681,13.5062065,12.5663805,9.47065,8.721161,14.130337,12.175943,8.252545,11.6471815,16.52029,14.000794,11.747602,16.468718,15.63248,17.973108,20.59304,23.618237,23.235947,25.148779,27.12342,23.708817,27.281963,30.753782,27.548971,26.197922,30.472054,30.009645,32.683174,27.909697,24.667341,27.36513,24.502203,21.746653,26.988104,25.22093,20.822567,21.37157,26.073671,26.008516,30.257023,30.349777,28.90769,34.781498,31.073969,34.383003,36.15984,32.384945,28.950048,25.23818,28.91566,23.106878,27.943901,26.83107,29.474895,33.080643,31.162827,34.791748,33.45991,31.388813,28.905296,25.646555,24.875917,22.67978,20.382736,19.993002,19.006557,21.137667,21.42821,24.149748,22.341682,26.490458,26.076994,30.292952
7,21.90395,19.25871,15.260028,13.246384,9.654998,8.346246,6.155333,0.0,4.8869753,5.395777,9.131629,10.09844,11.665063,8.517197,14.014984,13.205475,14.360464,17.659489,18.441505,23.243416,25.96227,29.090216,31.807808,31.48034,33.395306,32.138718,28.531916,27.20363,24.648705,24.223732,21.10875,20.870275,23.961174,19.648518,15.535339,13.71821,11.024605,15.661474,15.550201,12.423124,12.557845,18.671389,16.655783,13.76701,17.080423,21.901083,19.343447,17.860266,22.543423,21.466984,23.368324,26.427773,29.211044,28.403513,30.050837,31.665298,27.709099,30.904072,34.19547,30.507856,28.338327,31.963444,30.80195,33.304985,28.838915,25.161638,26.657827,23.250124,21.328846,26.198517,23.352512,18.822708,20.409008,24.29004,25.338057,28.847057,29.422974,28.752392,34.618057,31.53305,35.164776,37.489296,33.671944,30.643818,26.656597,30.978329,25.170086,30.134872,29.328184,31.82923,36.16839,34.182896,37.867733,37.050358,35.25193,33.11168,29.404718,27.927895,25.859838,22.516674,21.517023,19.935434,21.21145,22.123873,23.393343,22.817215,26.333616,25.827187,30.35162
8,24.50165,21.820976,18.392258,15.102932,12.174694,11.26737,6.5853667,4.8869753,0.0,4.7511587,6.5898685,8.548747,8.921469,5.754913,10.78514,8.771106,10.827563,13.561891,15.666327,19.602314,22.83675,25.98739,29.081251,27.983145,29.559025,28.180954,24.306007,23.02945,20.143864,20.110682,16.492529,17.10376,20.143642,16.44333,12.009292,9.2520275,7.592457,12.652914,11.62563,8.3743,10.224843,15.52835,13.096362,11.493482,15.18293,18.976131,16.565351,16.554136,21.006378,20.206184,20.955557,24.029171,26.722094,25.704481,26.68748,27.84752,23.72555,26.560535,29.967777,26.40771,23.837286,27.33721,26.10248,28.80086,24.47884,20.671938,22.358444,19.17857,16.721169,21.638084,19.237848,14.74943,15.856276,20.158323,20.734276,24.539394,25.030716,24.081821,29.95292,26.704645,30.313873,32.603466,28.815083,25.801237,21.848648,26.29157,20.705069,25.952059,25.582533,28.375965,32.723907,31.456266,35.161705,34.593662,32.351925,30.350866,26.795824,24.753008,23.627373,19.58424,19.55722,18.627113,19.305029,19.550426,20.650732,19.138437,22.633768,21.67631,26.169222
9,27.172724,24.338966,20.538717,18.13793,14.655686,13.632058,10.339757,5.395777,4.7511587,0.0,4.2148237,4.778156,7.0430408,5.230416,11.892727,11.780139,14.336199,17.38745,19.860157,23.687944,27.205513,30.214891,33.559322,32.37506,33.74266,32.378174,28.224228,27.109535,23.848753,24.126049,19.301607,20.59472,22.605032,18.900642,14.153716,11.790336,10.27876,15.692734,15.493371,12.638134,14.2668,19.86981,17.64966,16.209862,19.655071,23.647928,21.25822,21.18771,25.67674,24.672045,25.45985,28.774069,31.304813,30.080017,31.033556,32.044395,27.678858,30.270645,33.44592,29.590378,26.572487,29.499527,27.758265,30.216206,26.228802,22.224201,22.795614,19.201183,17.699196,22.08038,18.69217,14.238048,16.405472,19.718094,21.344849,24.345795,25.292465,25.06054,30.782412,28.1278,31.924871,34.60312,30.870005,28.249361,24.217571,29.004826,23.589277,28.734713,28.548096,31.146118,35.92242,34.543304,38.23481,37.981236,35.99819,34.21637,30.413208,28.043436,26.891079,22.390894,21.830523,20.457464,20.53028,21.292542,21.18474,20.81244,23.64828,22.656729,27.281086
10,30.683119,27.979654,24.254885,21.480621,18.248201,16.850231,12.956185,9.131629,6.5898685,4.2148237,0.0,3.8256614,6.007008,6.162266,12.134205,11.317752,14.9064245,17.072489,20.80894,23.611645,27.514036,30.522415,34.075665,32.072845,33.044125,31.441599,27.122234,25.871513,22.190168,22.690357,16.690838,18.824535,19.899418,16.737787,11.8223915,9.470374,8.984496,14.334165,14.3094225,12.1469965,14.404443,19.368917,17.437204,17.111763,20.203035,23.675121,21.856348,22.59826,26.684685,25.557539,25.431246,29.21263,31.202951,29.569141,30.098015,30.752975,26.086409,28.332756,31.18376,27.149065,23.71639,26.196213,24.217901,26.496784,22.740284,18.66733,18.778112,15.100202,14.052145,18.368088,14.736973,10.291934,13.202055,16.527258,18.069613,20.951717,22.329176,22.071024,27.620256,24.928968,28.826324,31.559444,28.102352,25.74363,21.900301,27.01985,22.242231,27.678263,28.134262,30.985071,35.777203,35.156788,38.819244,38.837173,36.468987,34.84401,31.24917,28.349743,28.105059,23.01248,23.243164,22.339504,21.743095,22.011497,21.215086,20.242245,22.619698,20.904156,25.48065
11,31.65289,28.606173,24.991772,22.431486,18.998014,18.388216,14.803055,10.09844,8.548747,4.778156,3.8256614,0.0,4.163645,5.5612698,11.420348,12.546316,15.792934,18.617554,22.089653,25.139015,29.181093,31.955877,35.78716,34.096832,35.002087,33.676495,29.109785,28.368849,24.644064,25.64133,19.655912,22.344545,23.443533,20.5123,15.577438,12.819963,12.676786,18.086004,17.64004,15.121405,17.72774,22.624773,20.187363,19.719582,23.269249,26.467186,24.070684,24.969069,29.331842,28.516788,28.62027,31.816586,34.313206,32.90131,33.257557,33.722183,29.200687,31.144981,34.27533,30.45892,26.697155,28.846182,26.504408,28.956692,25.635523,21.382513,20.862034,17.213766,16.141243,19.566824,15.61311,11.531512,14.098895,16.30637,18.802948,21.010593,22.248793,22.66396,28.12229,26.147234,30.014648,33.07453,29.39385,27.256721,23.237785,28.260712,23.270977,28.263208,28.529379,31.033476,36.17258,35.17602,38.800728,39.057243,37.08664,35.67129,31.777363,28.747696,28.239222,22.965033,22.585272,21.333603,20.355774,21.093086,19.598066,19.770824,21.756887,20.487083,25.080507
12,31.979902,28.693998,25.623775,22.346,19.28115,19.563705,15.167783,11.665063,8.921469,7.0430408,6.007008,4.163645,0.0,3.867947,7.668182,9.691802,12.928696,15.753453,19.551794,22.175295,26.458311,28.982656,33.137573,31.382414,32.08456,30.995228,26.202335,25.998587,22.249744,23.907284,18.202797,21.745028,23.232307,20.973894,16.062616,12.270927,13.295086,18.536432,16.918037,14.216821,17.952435,21.866268,18.76252,18.936728,22.949749,25.05082,22.258083,24.110092,28.427238,28.183586,27.882084,30.276,33.244114,32.070797,31.863937,31.91037,27.647305,29.10949,32.68746,29.379276,25.275023,27.296515,24.816662,27.758541,24.766768,20.333624,19.997492,16.775764,14.591605,17.509888,14.239672,10.38403,11.415994,13.562032,16.025297,18.402945,19.060312,19.505617,25.078503,23.337345,27.071579,30.23201,26.265709,24.141397,19.98296,24.805634,19.676533,24.397852,24.6655,27.080994,32.33385,31.465988,35.047634,35.52618,33.57697,32.372963,28.443506,25.114574,24.962921,19.339691,19.231873,18.293478,16.83626,17.306568,15.618232,15.659091,17.607239,16.491846,21.09823
13,28.151398,24.89179,21.88232,18.48571,15.479607,16.000568,11.519922,8.517197,5.754913,5.230416,6.162266,5.5612698,3.867947,0.0,6.7048473,7.9504147,10.48026,13.876653,16.76102,20.198833,24.110357,26.790655,30.648474,29.422068,30.526867,29.500013,24.976948,24.620762,21.2803,22.495043,17.90851,20.468056,22.877245,20.101904,15.289427,11.453042,11.70681,16.978197,15.140747,11.926841,15.354936,19.586199,16.32379,15.787325,20.018988,22.462727,19.389074,20.71546,25.230936,25.059542,25.285545,27.461016,30.713255,29.809261,29.973478,30.397537,26.338154,28.26796,32.0517,28.83012,25.275476,27.968555,25.973682,29.022118,25.511335,21.226954,21.836763,18.67353,15.984625,19.686134,16.960386,12.78249,13.341535,16.453396,18.11856,21.188051,21.475836,21.359636,27.162256,24.891146,28.52388,31.371662,27.273354,24.696146,20.461266,24.995722,19.315407,24.090164,23.832417,26.274874,31.278929,29.958488,33.618248,33.68167,31.791737,30.299294,26.345444,23.56306,22.75734,17.730537,17.344725,16.247808,15.737807,16.29884,16.029406,15.668598,18.515757,17.844833,22.447039
14,29.763529,26.203867,24.317167,19.997265,17.929419,19.899515,14.879038,14.014984,10.78514,11.892727,12.134205,11.420348,7.668182,6.7048473,0.0,6.0367603,7.098087,10.566008,13.572006,16.14928,20.393112,22.449974,26.913233,25.772629,26.528267,26.078953,21.244877,22.076363,18.972925,21.377676,17.91252,21.587278,24.527405,22.907354,18.544582,13.829106,15.604215,20.002016,16.513845,13.38611,18.13856,20.348362,16.069237,16.66859,21.400177,21.689228,17.859058,20.91116,25.141975,26.05371,25.657745,26.133242,30.267307,29.88572,29.075554,28.75757,25.392021,26.397823,30.933626,28.745226,24.822886,27.231266,25.142757,28.874435,26.0399,21.75402,22.644514,20.350538,16.302837,18.794159,17.522396,14.329546,12.243663,14.835238,16.055262,19.204456,18.248154,18.11208,23.814987,22.073544,25.236237,28.135014,23.569511,21.029045,16.681936,20.415459,14.345682,18.237993,17.697884,19.850782,25.111658,23.841234,27.4325,27.906319,26.16575,25.103008,21.01343,17.688993,17.452831,11.713715,11.81495,11.489347,10.010835,9.902621,9.908431,9.14946,12.372945,12.565975,16.926332
15,28.425657,25.451347,23.414019,18.669796,17.026342,17.905016,12.266615,13.205475,8.771106,11.780139,11.317752,12.546316,9.691802,7.9504147,6.0367603,0.0,4.453895,6.10381,10.644424,12.624432,16.887585,19.566778,23.614944,21.725937,22.631351,21.61996,17.034155,16.950256,13.789233,15.594576,12.558892,15.651155,19.067484,17.528778,13.6379595,8.912398,11.0912075,14.633907,10.636928,7.7596154,13.002954,14.453785,10.323526,11.759113,16.103083,16.238976,13.175522,16.56098,20.351542,20.98165,19.985622,21.203957,24.700333,24.040047,23.307589,23.210798,19.602732,21.082445,25.442709,23.082336,19.63567,22.722263,21.288464,24.90993,21.4471,17.466309,19.580786,17.526947,13.048108,16.875097,16.332045,12.858564,10.797339,15.348901,14.841619,19.193144,18.557133,17.113316,22.99989,19.886993,23.10606,25.400616,21.156101,18.049744,13.892203,17.918076,12.034174,17.220474,17.183477,20.207354,24.645737,24.273794,27.9211,27.880909,25.233376,23.692791,20.2634,17.207928,17.685581,12.533823,14.28288,14.748702,14.393095,13.251277,14.65138,11.23049,15.010452,13.965034,18.14773
16,25.894924,22.798409,21.51894,16.38262,15.464798,17.464535,12.141075,14.360464,10.827563,14.336199,14.9064245,15.792934,12.928696,10.48026,7.098087,4.453895,0.0,4.755315,6.728802,10.015147,13.816435,16.33358,20.35262,19.496716,20.828089,20.344368,16.08869,16.601543,14.431243,16.187605,15.409808,17.581278,21.928505,20.332869,16.925358,12.549159,14.046931,17.019464,12.579178,9.511806,14.141839,14.890922,10.1588545,10.929977,15.710918,15.041536,10.844176,14.491672,18.40845,19.832874,19.39677,19.115345,23.629648,23.696127,22.992886,23.018885,20.222773,21.747004,26.594515,24.898088,22.02176,25.435106,24.38447,28.189838,24.728777,21.044096,23.611778,21.808632,17.096384,20.625874,20.551579,17.260798,14.711638,18.891558,18.216822,22.541687,21.277452,19.733614,25.428383,22.43518,25.216183,27.228886,22.785675,19.452047,15.462185,18.363613,11.901784,16.129967,15.028734,17.7454,21.933651,20.787163,24.480883,24.093845,21.727058,20.011734,16.365667,13.9333515,13.549019,9.174859,10.768523,11.504305,12.1620455,10.897497,14.140896,10.721758,15.216324,15.275397,18.983114
17,28.324654,25.682114,24.584667,19.2686,18.836163,20.130217,14.700473,17.659489,13.561891,17.38745,17.072489,18.617554,15.753453,13.876653,10.566008,6.10381,4.755315,0.0,6.498548,6.586599,10.972718,13.66186,17.741451,15.660779,16.671614,15.884818,11.5080385,11.9301605,9.805178,11.964924,12.326442,14.720348,19.185633,18.55004,15.99459,11.923057,14.268108,15.888282,10.778994,8.969523,13.867351,12.495631,7.8379326,10.686376,14.594221,12.164754,8.868036,14.106001,16.960623,18.56529,16.853668,16.44847,20.525356,20.45727,19.022593,18.587967,15.954835,17.108244,22.121635,20.894745,18.161772,21.68836,21.07795,24.966063,21.625782,18.38887,21.674194,20.562054,15.468334,18.907656,19.920654,17.215672,14.015481,18.658823,16.721,21.513163,20.103369,17.71838,23.133493,19.503904,21.980738,23.499426,19.269249,15.661562,12.090738,14.624095,8.645339,13.492092,13.136154,16.514082,19.998238,20.17816,23.726395,23.333614,20.106638,18.37044,15.565803,12.821921,14.168453,10.116831,13.474659,15.088782,15.396194,13.2240505,16.365976,11.291207,15.522706,14.792745,17.936916
18,23.563356,20.971209,20.920216,15.420624,16.144768,18.602427,14.19402,18.441505,15.666327,19.860157,20.80894,22.089653,19.551794,16.76102,13.572006,10.644424,6.728802,6.498548,0.0,6.322755,8.092153,10.770913,14.098893,14.562897,16.733456,16.741335,13.761083,14.473629,14.214102,15.2136345,17.925032,18.422281,23.83694,22.483707,20.27137,16.745974,17.738483,19.09423,14.36993,12.140645,15.356486,14.071814,9.583292,10.060609,14.115247,11.52657,6.3802276,10.855152,13.945255,16.603683,16.447758,13.87715,19.511574,20.599422,19.914766,20.23853,18.811228,20.5515,25.688171,24.974936,23.339205,27.328619,27.184301,30.9774,27.369701,24.433146,28.00063,26.71112,21.79673,25.393337,26.171417,23.125383,20.253387,24.653929,23.08096,27.70902,26.014929,23.818573,29.049883,25.61763,27.735388,28.923853,24.712057,21.045666,17.87878,19.152357,13.243213,16.17257,14.078894,16.590376,19.239016,17.753473,21.285017,19.921894,17.30599,14.912298,11.892606,11.338844,10.225606,9.278396,11.454737,12.982358,15.12929,13.438468,18.465595,14.479942,19.103083,19.63146,22.390823
19,29.308737,27.017569,27.01887,21.528978,22.216402,24.04964,19.24566,23.243416,19.602314,23.687944,23.611645,25.139015,22.175295,20.198833,16.14928,12.624432,10.015147,6.586599,6.322755,0.0,4.9051795,7.1796393,11.533776,9.684394,10.985971,11.101392,7.7106853,9.634774,10.042136,12.207444,16.120289,17.545599,22.495281,22.607552,21.13949,17.72103,19.881517,20.258928,15.067527,14.149661,17.952559,14.485342,10.555876,13.488961,16.375536,11.2425375,8.10089,14.43919,15.813441,18.664097,16.555565,13.346631,18.338411,19.29632,17.041807,16.126995,15.418332,15.862917,21.371607,21.716389,19.984837,23.552876,23.706509,27.65606,24.72714,22.318941,26.192762,25.79639,20.555588,23.308432,25.32691,23.19577,19.414658,23.63959,20.998177,25.691025,23.603788,20.775492,25.31871,21.704449,23.16877,23.817812,19.835598,16.15989,13.8398695,13.843204,9.102478,11.532848,10.30149,13.527774,15.313117,16.00351,19.237825,18.33952,14.490037,12.508506,10.820748,9.092342,11.450553,10.062875,14.30971,16.806696,17.708975,14.975126,19.368717,13.884741,17.870033,17.812546,19.609945
20,28.228409,26.409859,27.126589,21.783293,23.280838,25.257267,21.177387,25.96227,22.83675,27.205513,27.514036,29.181093,26.458311,24.110357,20.393112,16.887585,13.816435,10.972718,8.092153,4.9051795,0.0,3.6465373,6.7712665,6.792264,9.435677,10.210049,9.260179,10.819928,12.945988,13.887016,19.637644,19.68207,25.088871,25.093515,24.252453,21.392485,22.970911,22.653294,17.778896,17.133795,19.828022,15.677879,12.595493,14.711232,16.717451,10.73273,8.111877,13.68628,13.891966,17.508642,15.7871685,10.472703,16.242636,18.14371,16.106688,15.637776,16.302038,17.062983,22.345581,23.335453,22.702276,26.57673,27.316774,31.047613,27.975878,26.056765,30.346727,30.047117,24.941162,27.885492,30.003422,27.78258,24.200298,28.526237,25.743242,30.47007,28.330357,25.365292,29.59603,25.85159,26.945002,27.048555,23.459522,19.830553,18.153587,17.299412,13.5668,14.76096,12.898081,15.389324,15.529612,15.830908,18.640646,16.793793,12.828194,10.119577,9.823652,10.460819,11.819558,13.034962,16.661842,19.129358,20.845713,18.314003,23.380491,18.264755,22.22051,22.491436,23.926985
21,30.472286,28.600645,29.745361,24.453571,26.103317,28.471348,24.460655,29.090216,25.98739,30.214891,30.522415,31.955877,28.982656,26.790655,22.449974,19.566778,16.33358,13.66186,10.770913,7.1796393,3.6465373,0.0,5.2644806,6.5054584,8.624435,10.566946,10.253341,12.85549,15.26035,16.71307,22.475653,22.95826,28.14624,28.482777,27.639194,24.615131,26.414404,26.18964,21.242985,20.57703,23.456135,19.228,16.172096,18.296736,20.30975,14.153475,11.7134695,16.996021,16.93146,20.76527,19.028028,13.031333,18.7076,20.880835,18.405336,17.422173,18.790382,18.797329,24.115189,25.739676,25.035313,28.526213,29.23152,33.068207,30.430853,28.602894,32.742535,32.67103,27.440752,29.830927,32.26019,30.327902,26.35943,30.255087,27.444149,31.915327,29.40795,26.528484,30.314892,26.986753,27.634602,27.58017,24.03734,20.682234,19.398397,17.573662,14.504934,14.157098,11.853894,13.687613,12.7203665,13.254172,15.671874,13.718572,9.4775,6.8284073,7.784663,9.20089,11.17354,13.455278,17.152664,19.927824,21.499523,18.806662,23.992682,19.014488,22.603113,23.279041,24.083797
22,30.045591,28.841602,30.455618,25.514212,27.758291,29.883453,26.567049,31.807808,29.081251,33.559322,34.075665,35.78716,33.137573,30.648474,26.913233,23.614944,20.35262,17.741451,14.098893,11.533776,6.7712665,5.2644806,0.0,6.653583,9.744406,11.597628,13.384262,14.895378,18.230713,18.495312,25.47581,24.677788,30.122946,30.34413,30.148468,27.742025,29.033699,28.081352,23.576195,23.272936,25.12149,20.408445,18.316767,19.863434,20.834558,14.531449,13.22718,17.153276,15.756481,19.882988,18.489622,11.235532,16.767368,19.708477,17.690857,17.349495,19.7728,20.266916,25.005487,27.009022,27.38476,31.204641,32.48401,36.004,33.12046,31.771423,36.339394,36.32039,31.290766,34.062805,36.509743,34.435394,30.790138,35.00442,31.989258,36.62768,34.28229,31.187082,34.848858,31.174904,31.67383,31.139168,28.063393,24.69354,23.810822,21.857359,19.375765,19.135527,16.972279,18.475368,16.44344,16.730293,18.481543,15.667673,11.894614,8.979882,11.376764,14.123961,14.974694,18.286133,21.424171,23.927595,26.064514,23.62138,29.045305,24.191578,27.859226,28.442322,29.244293
23,33.64304,32.3189,33.025517,27.820171,29.382658,30.696667,26.61267,31.48034,27.983145,32.37506,32.072845,34.096832,31.382414,29.422068,25.772629,21.725937,19.496716,15.660779,14.562897,9.684394,6.792264,6.5054584,6.653583,0.0,3.7268507,4.9452944,7.674476,9.14533,12.966983,13.590539,20.802338,20.588207,25.36449,26.555424,26.796057,24.614613,26.593294,25.118122,20.548882,21.063253,23.404364,17.736105,16.089235,19.176662,19.781303,12.613073,12.778398,18.02832,16.48984,19.832247,16.610134,11.138178,14.913466,16.847107,13.384861,11.789681,14.407636,13.981031,18.815308,21.280132,21.562408,25.066704,26.585615,29.980028,27.477028,26.56151,31.2398,31.742935,26.839754,29.254082,32.27364,30.746994,26.97898,31.207775,27.556307,32.216076,30.049759,26.535326,29.77936,25.738853,26.004353,25.076408,22.446697,19.135527,18.96439,16.771372,15.661183,16.057365,15.426303,17.911982,16.277351,18.75016,20.70316,19.032804,14.270119,12.226562,14.131762,14.537148,17.495632,18.564344,22.774067,25.500181,26.694069,23.795237,28.267223,22.524902,25.776503,25.426584,26.015762
24,37.078598,35.585266,36.11514,30.809574,32.095013,33.347626,28.917107,33.395306,29.559025,33.74266,33.044125,35.002087,32.08456,30.526867,26.528267,22.631351,20.828089,16.671614,16.733456,10.985971,9.435677,8.624435,9.744406,3.7268507,0.0,3.402465,6.502442,8.984315,12.593249,14.078704,20.72433,21.40539,25.515741,27.386143,27.671793,25.397469,27.882927,26.42747,21.796286,22.539406,25.360758,19.56669,17.916124,21.598515,22.311998,15.149804,15.488926,21.152119,19.78689,22.839514,19.055681,14.448425,17.361393,18.764772,14.538109,11.846367,14.581503,12.848186,17.676397,20.741491,20.637398,23.503313,24.98664,28.410833,26.533964,25.828972,30.303543,31.220495,26.328257,28.063467,31.56161,30.548159,26.464956,30.304127,26.372942,30.7796,28.460878,24.84892,27.496672,23.652237,23.447777,22.227423,19.883207,16.902016,17.432096,14.423091,14.698677,14.446893,14.614479,17.12991,15.180063,18.915241,20.609821,19.586151,14.585266,13.318103,15.400774,14.900051,18.95929,19.340073,23.958506,26.88704,27.488186,24.341686,28.257528,22.276806,24.975777,24.378082,24.414467
25,36.832718,35.472336,35.601597,30.358137,31.44786,32.161797,27.685888,32.138718,28.180954,32.378174,31.441599,33.676495,30.995228,29.500013,26.078953,21.61996,20.344368,15.884818,16.741335,11.101392,10.210049,10.566946,11.597628,4.9452944,3.402465,0.0,5.2744045,6.162109,10.184342,11.133563,18.14385,18.481834,22.413261,24.490929,25.141998,23.268208,25.742144,23.851187,19.472052,20.679798,23.261627,17.144876,16.072992,20.093094,20.347908,13.25798,14.5320215,20.077297,18.540455,21.101698,16.755322,13.314485,15.234519,16.101395,11.5743885,8.591478,11.258226,9.586446,14.414421,17.386585,17.598967,20.712368,22.498875,25.711184,23.613562,23.177462,27.898375,28.8874,24.225801,26.26219,29.751354,28.74332,24.988445,29.133482,24.98107,29.56699,27.625534,23.793455,26.565298,22.210728,22.233469,20.881596,18.810127,15.659991,16.302216,13.994782,14.453685,15.455278,16.194897,19.183159,17.970865,21.609667,23.579176,22.597532,17.624126,16.141945,17.67025,16.76518,20.677027,20.32939,24.987844,27.73822,28.276949,25.188644,28.79479,22.616861,25.388752,24.255503,24.649788
26,35.770447,33.901306,33.633606,28.242495,28.801542,29.684927,24.717485,28.531916,24.306007,28.224228,27.122234,29.109785,26.202335,24.976948,21.244877,17.034155,16.08869,11.5080385,13.761083,7.7106853,9.260179,10.253341,13.384262,7.674476,6.502442,5.2744045,0.0,4.6583676,6.5693383,9.532796,14.6624365,16.562815,20.359144,22.252392,22.026724,19.446907,22.384499,21.3892,16.563019,17.317907,20.893559,15.648148,13.488136,17.901596,19.222597,12.869464,12.895117,19.143597,18.935816,21.263868,17.19516,14.818555,17.52521,17.81137,13.770457,11.057481,11.283935,9.610042,15.204319,16.965405,15.544412,18.502823,19.42581,23.152332,21.052553,19.789131,24.084898,24.840004,19.861652,21.741213,25.084908,24.065367,20.025995,24.053415,20.10437,24.720732,22.704466,19.018589,22.332754,18.112074,18.657778,18.15932,15.165265,11.631759,11.424181,9.790355,9.255521,11.258392,12.451889,15.968339,16.2986,19.719494,22.208946,21.818249,17.042986,15.775519,15.973825,13.741748,18.054298,16.30745,21.157948,23.871307,23.901815,20.766607,23.88849,17.609968,20.358452,19.072876,19.784904
27,34.652912,33.161377,32.497684,27.328194,27.825027,27.892769,23.142467,27.20363,23.02945,27.109535,25.871513,28.368849,25.998587,24.620762,22.076363,16.950256,16.601543,11.9301605,14.473629,9.634774,10.819928,12.85549,14.895378,9.14533,8.984315,6.162109,4.6583676,0.0,4.4772973,5.2508616,12.094358,12.587363,16.586164,18.509409,19.03101,17.311863,19.886536,17.962273,13.618028,15.19859,17.953245,12.025922,11.104471,15.752987,16.080727,9.919426,11.6539,17.197214,16.498173,18.133305,13.417359,12.693157,14.012662,13.639476,9.647034,7.327479,6.708549,6.3597374,11.808642,12.99197,12.528205,16.389511,17.975492,21.216682,18.368721,17.565983,22.482563,23.16267,18.638271,21.425085,24.482664,23.199688,19.975176,24.64759,20.541162,25.463396,24.13537,20.249207,23.816578,18.852617,19.841377,19.129078,16.729303,13.095246,12.863475,12.708004,12.036764,15.412419,16.650717,20.291952,20.831722,23.788559,26.417465,25.655205,20.93381,19.19999,19.286457,17.481527,20.938255,19.076319,23.574392,25.913591,26.252213,23.397867,26.411142,20.211418,23.21516,21.417013,22.754503
28,34.96388,33.139133,31.938005,26.801497,26.673624,26.543985,21.388468,24.648705,20.143864,23.848753,22.190168,24.644064,22.249744,21.2803,18.972925,13.789233,14.431243,9.805178,14.214102,10.042136,12.945988,15.26035,18.230713,12.966983,12.593249,10.184342,6.5693383,4.4772973,0.0,4.855247,8.152968,10.634561,14.000627,15.990522,15.83161,13.692297,16.863081,15.589415,11.101182,12.6415,16.25122,11.417473,9.933491,14.960085,15.994981,11.378632,12.336728,17.849806,18.231737,19.283258,14.843989,15.623569,16.940655,15.8676605,12.580979,10.651151,7.7691336,7.4729204,12.528037,12.254079,10.00038,13.738849,14.572413,18.1307,15.170506,13.659343,18.330173,18.868385,14.200399,17.086267,20.009638,18.78177,15.5812645,20.348188,16.27335,21.2951,20.259735,16.431524,20.469126,15.3737545,17.036291,17.046535,14.223162,10.452266,9.417014,10.96544,9.734943,14.461183,16.259954,20.131735,21.83419,24.621635,27.531824,27.235868,22.766668,21.252087,20.451353,17.720753,21.215761,18.013334,22.420662,24.534777,24.333178,21.589294,23.769854,17.641455,20.43695,18.117964,19.925406
29,33.179928,31.883268,30.54128,25.712404,25.810732,24.94677,20.34569,24.223732,20.110682,24.126049,22.690357,25.64133,23.907284,22.495043,21.377676,15.594576,16.187605,11.964924,15.2136345,12.207444,13.887016,16.71307,18.495312,13.590539,14.078704,11.133563,9.532796,5.2508616,4.855247,0.0,8.504883,7.369499,11.79132,13.358044,14.364843,13.542548,15.716595,13.051959,9.339139,11.833089,13.835753,7.8603754,8.411211,13.126095,12.706396,8.410197,11.295967,15.586048,15.184334,15.58036,10.592745,12.980401,12.912796,11.284995,8.650919,8.096954,4.05489,6.996576,10.941534,9.872755,9.785742,14.641473,16.370111,19.104038,15.200747,14.417747,19.709633,19.989119,16.067572,19.947264,22.300024,20.600927,18.464144,23.690845,19.79332,24.89325,24.366371,20.580664,24.63657,19.234722,20.99685,20.629293,18.464272,14.882081,14.042914,15.709563,14.310542,18.98924,20.282753,24.077816,25.390574,27.730124,30.653934,29.7922,25.313288,23.31226,22.764225,20.903893,23.541044,21.060246,25.03519,26.854565,27.293093,24.84189,27.440443,21.579235,24.75069,22.48925,24.627134
30,35.652313,33.810104,31.465284,26.961557,25.80987,24.427597,19.33617,21.10875,16.492529,19.301607,16.690838,19.655912,18.202797,17.90851,17.91252,12.558892,15.409808,12.326442,17.925032,16.120289,19.637644,22.475653,25.47581,20.802338,20.72433,18.14385,14.6624365,12.094358,8.152968,8.504883,0.0,6.913253,7.801124,9.618138,8.921861,7.7154946,11.34038,10.272033,7.580852,9.953086,13.24196,11.074109,10.803748,15.0101385,15.839115,14.845441,16.017061,19.718948,21.040262,20.495476,16.617907,20.457996,20.553667,18.216091,16.577366,15.880885,10.954274,12.191598,14.672679,11.263043,7.4349513,11.162175,11.05741,13.896556,9.590272,6.897141,11.711664,11.521423,7.839845,12.525757,14.152793,12.591432,11.442391,16.74132,13.210852,18.142714,18.679625,15.389555,19.943068,14.6754675,17.671293,18.593554,16.274113,13.352062,11.515369,15.749927,14.102848,19.932152,22.001524,25.850714,28.708225,30.894222,34.10574,34.0178,29.93989,28.371706,26.713882,23.585344,26.243399,21.820202,25.327263,26.617313,26.015556,23.958157,24.709946,19.547615,21.943338,18.736687,21.620623
31,32.42332,31.340452,28.9711,24.898607,24.244488,21.95873,17.836748,20.870275,17.10376,20.59472,18.824535,22.344545,21.745028,20.468056,21.587278,15.651155,17.581278,14.720348,18.422281,17.545599,19.68207,22.95826,24.677788,20.588207,21.40539,18.481834,16.562815,12.587363,10.634561,7.369499,6.913253,0.0,6.15323,6.055505,8.161329,9.618504,10.678754,6.5579114,5.7286,9.508407,9.6979265,6.3059034,9.1092415,12.344866,11.030581,11.407809,14.331709,16.237246,16.645706,15.123746,11.128942,16.899765,15.549617,12.656315,12.6717615,13.764444,8.750608,12.568637,14.005632,9.878101,9.886606,14.879458,16.272087,17.964172,12.777754,11.873839,16.989338,16.411598,14.02,19.183395,20.123394,17.849693,17.718975,23.234167,20.05864,24.955894,25.554,22.253174,26.69306,21.242104,23.859886,24.06193,22.19494,19.016354,17.547028,20.87773,18.855545,24.438839,25.767078,29.595179,31.769415,33.454765,36.66676,35.80621,31.665665,29.505909,28.246233,26.253523,28.00065,24.811195,27.951393,29.027851,29.46389,27.641155,29.480333,24.41697,27.544104,24.854692,27.844212
32,37.797764,36.68416,33.884865,30.117138,28.972885,26.21191,22.198433,23.961174,20.143642,22.605032,19.899418,23.443533,23.232307,22.877245,24.527405,19.067484,21.928505,19.185633,23.83694,22.495281,25.088871,28.14624,30.122946,25.36449,25.515741,22.413261,20.359144,16.586164,14.000627,11.79132,7.801124,6.15323,0.0,5.3958907,8.676027,11.445947,12.949255,9.218873,10.441188,13.940525,14.2602215,12.403174,14.880782,18.025576,16.774055,17.45164,20.317986,22.269747,22.666021,20.786236,16.746532,22.744543,20.556425,17.134285,16.726986,17.088955,12.023765,14.458733,14.055444,8.727789,8.017599,11.723075,13.115305,13.516901,8.0657,8.421342,13.170825,13.173494,12.635824,17.235104,18.135004,16.813618,17.664478,22.549545,19.286743,23.535688,24.942749,21.777708,25.480576,20.066442,22.741846,22.900297,21.971628,19.593342,18.754534,22.519045,21.713266,27.358805,29.435764,33.321274,35.704823,37.988197,41.144512,40.692158,36.42849,34.564407,33.30782,30.725527,33.030952,29.123703,32.373108,33.399624,33.194653,31.375381,32.164722,27.258898,29.626719,26.255157,29.076126
33,33.597538,32.591064,29.436281,26.137388,24.777533,21.482525,18.00196,19.648518,16.44333,18.900642,16.737787,20.5123,20.973894,20.101904,22.907354,17.528778,20.332869,18.55004,22.483707,22.607552,25.093515,28.482777,30.34413,26.555424,27.386143,24.490929,22.252392,18.509409,15.990522,13.358044,9.618138,6.055505,5.3958907,0.0,4.957055,9.1849,8.884056,4.5494175,8.136819,11.20961,10.084092,10.551971,13.246112,15.008991,13.6840105,16.521263,18.911705,19.521639,20.576008,18.102678,15.386529,22.038252,20.336765,17.140732,18.127018,19.504004,14.479521,17.966806,18.368305,13.255123,12.83664,16.799362,17.574942,18.305977,12.848892,11.846529,15.786031,14.396048,13.92289,19.446615,19.064358,16.562853,18.245832,23.4431,21.085802,25.427788,26.891487,24.16383,28.621008,23.480576,26.560528,27.20808,25.58035,22.847105,21.101418,25.254492,23.052713,28.963413,30.389494,34.177277,36.92993,38.29346,41.65667,40.921043,37.011753,34.862896,33.153084,30.948483,32.26919,28.546467,31.087736,31.638552,31.894627,30.546951,31.609884,27.30824,30.163683,27.220995,30.647991
34,31.906204,30.364868,27.016209,23.629223,21.755821,18.857151,14.82619,15.535339,12.009292,14.153716,11.8223915,15.577438,16.062616,15.289427,18.544582,13.6379595,16.925358,15.99459,20.27137,21.13949,24.252453,27.639194,30.148468,26.796057,27.671793,25.141998,22.026724,19.03101,15.83161,14.364843,8.921861,8.161329,8.676027,4.957055,0.0,4.8645587,4.6081343,4.13055,6.6072783,8.282684,8.604835,11.175897,12.097106,13.47869,13.818398,16.992365,17.963839,18.832478,21.039421,19.02771,17.109587,22.859047,22.584091,19.96039,20.670805,21.719244,16.639366,19.698914,21.220234,16.498573,14.546346,18.133846,17.836315,19.311188,14.211593,11.6138525,14.615335,12.250087,11.298561,17.170923,15.924112,12.66026,14.705547,19.902708,18.330112,22.593086,24.05076,21.836178,26.832142,22.195103,25.675983,27.036325,24.709269,21.950716,19.40076,24.094913,20.98132,27.032038,28.2482,31.891588,35.289036,36.153004,39.657764,39.145275,35.591072,33.567726,31.268156,28.763975,29.753674,25.517227,27.622625,27.889643,27.926348,26.871193,27.545527,23.820957,26.65777,23.903097,27.730955
35,30.887129,28.791965,25.766314,21.822638,19.875349,18.13051,13.13785,13.71821,9.2520275,11.790336,9.470374,12.819963,12.270927,11.453042,13.829106,8.912398,12.549159,11.923057,16.745974,17.72103,21.392485,24.615131,27.742025,24.614613,25.397469,23.268208,19.446907,17.311863,13.692297,13.542548,7.7154946,9.618504,11.445947,9.1849,4.8645587,0.0,4.428148,7.2019377,5.739519,5.632111,8.980317,11.29252,10.161341,12.006294,14.016953,16.080992,15.765732,17.715668,20.5842,19.498665,17.690084,22.001438,23.065704,21.059002,21.054684,21.546104,16.710901,19.13059,21.81046,17.870584,14.867344,18.264477,17.315948,19.778454,15.26553,11.655076,14.33661,11.870653,9.12663,14.899416,13.767189,10.054757,10.989971,16.429037,15.100974,19.597637,20.54013,18.50969,23.962112,19.701668,23.287247,25.08951,22.059662,19.164211,15.974802,20.818546,16.96079,22.983643,24.037386,27.565876,31.338238,31.985641,35.534637,35.256424,31.914677,30.084358,27.442074,24.61878,25.648233,21.000473,23.095692,23.43387,23.200373,22.097414,22.695877,19.02126,21.940907,19.420706,23.417679
36,28.050524,26.246706,22.799608,19.464191,17.333656,14.667909,10.42681,11.024605,7.592457,10.27876,8.984496,12.676786,13.295086,11.70681,15.604215,11.0912075,14.046931,14.268108,17.738483,19.881517,22.970911,26.414404,29.033699,26.593294,27.882927,25.742144,22.384499,19.886536,16.863081,15.716595,11.34038,10.678754,12.949255,8.884056,4.6081343,4.428148,0.0,5.4856324,6.4855843,5.8529897,6.3231244,11.126832,10.820286,10.827107,12.358951,16.388157,16.176853,16.424585,19.554619,17.796064,17.103386,22.114069,22.971684,20.987389,22.065004,23.377153,18.654274,21.895405,24.257095,20.005829,17.997898,21.766628,21.179876,23.196676,18.302584,15.175983,17.770334,14.941404,13.211335,19.01998,17.248957,13.197876,14.990535,20.16614,19.345007,23.623625,24.705385,22.871798,28.352554,24.110878,27.6833,29.36983,26.408184,23.404917,20.218458,24.86667,20.627953,26.541956,27.106297,30.515713,34.209625,34.248047,37.862404,37.212536,34.082787,31.956364,29.224155,27.000578,27.151869,23.096472,24.520563,24.405903,24.815784,24.167334,25.188648,22.079802,25.328539,23.209696,27.372358
