,0,1,2,3,4,5,6,7,8,9,10,11,12,13,14,15,16,17,18,19,20,21,22,23,24,25,26,27,28,29,30,31,32,33,34,35,36,37,38,39,40,41,42,43,44,45,46,47,48,49,50,51,52,53,54,55,56,57,58,59,60,61,62,63,64,65,66,67,68,69,70,71,72,73,74,75,76,77,78,79,80,81,82,83,84,85,86,87,88,89,90,91,92,93,94,95,96,97,98,99,100,101,102,103,104,105,106,107,108,109,110
0,0.0,4.2793307,5.9647245,9.253311,11.8733225,13.7214155,17.288351,21.47033,24.322563,27.24436,30.369658,33.13171,36.281605,37.607445,33.74292,28.903072,26.498854,23.34187,21.453714,18.095778,14.945363,13.884425,10.913446,16.808903,17.623491,21.37401,21.320929,25.653181,26.198822,30.488262,29.630074,36.708702,38.57335,39.314766,34.585564,31.454332,35.30278,36.28922,31.286678,30.348257,35.39592,32.07722,28.623703,31.91585,35.20927,29.998436,29.227276,33.903675,34.773293,37.578087,34.87092,31.097233,35.714733,36.02122,31.331573,27.234348,26.813868,24.518887,28.715641,32.426556,27.334227,29.40294,29.163343,32.81622,33.54492,31.337513,31.1191,31.344776,27.574062,24.881117,26.32231,27.165575,23.146654,19.95669,20.7486,16.878572,17.449238,21.637686,18.885836,24.255127,24.227892,26.219606,26.9654,24.502705,23.796974,19.742575,19.763088,15.462329,16.60868,15.958119,19.152813,21.935068,24.884886,27.960358,31.775015,29.587627,33.602623,35.98468,31.016657,34.765503,29.355375,32.62636,29.74343,28.167374,30.865826,32.351246,34.190002,35.398045,38.38542,38.77469,42.086716
1,4.2793307,0.0,5.402071,6.522951,8.9792595,12.23455,14.613339,19.632755,22.110708,25.386972,28.442572,31.229944,34.136734,35.170536,31.269882,26.246027,24.052334,20.458607,19.387077,15.194112,12.917725,11.8340845,10.824547,15.848288,15.6460905,19.281738,18.33926,22.71603,22.982365,27.285738,26.172297,33.148605,35.074837,35.78101,31.084335,28.10022,32.151848,33.228775,28.394188,27.521282,32.729965,29.699295,26.2941,29.77775,33.119522,28.376762,27.873665,32.423485,33.497677,35.918095,33.072144,30.090914,34.566685,34.41959,30.016088,25.811646,24.949945,22.46333,26.897387,30.317247,24.632719,26.652763,26.016169,29.885073,30.686674,28.236408,27.615599,27.624334,24.1486,21.52221,22.48868,23.279146,19.58565,16.24498,17.642338,14.196344,15.300706,19.732027,17.836927,23.24339,23.530733,26.03537,26.071823,23.256857,21.949987,18.435612,17.110695,12.829742,13.088262,11.992253,15.052948,17.95939,20.726685,23.885263,27.731426,25.765633,29.997742,32.542953,27.929941,32.0241,27.060024,30.487816,28.13434,27.010595,29.692015,30.76399,32.866875,33.35188,36.49191,36.4789,39.76708
2,5.9647245,5.402071,0.0,5.111499,6.7197185,7.940938,11.678022,15.510888,18.490013,21.284866,24.472033,27.174715,30.374712,31.727861,27.889057,23.141998,20.665169,17.741732,15.726661,12.885817,9.766928,9.802903,8.325578,12.344311,12.829627,16.346798,16.343927,20.53678,20.944363,25.31247,24.49503,31.649672,33.4439,34.394054,29.876293,26.419191,30.015661,31.319921,26.24651,24.959885,29.984602,27.119282,23.355522,26.311375,29.87877,25.085056,23.691347,28.37929,29.653877,32.33246,30.026537,26.305244,31.300797,31.600388,27.266802,23.5014,22.341755,20.664043,25.358294,28.194958,22.934853,25.74996,25.780518,29.597094,29.51604,26.987873,27.432848,27.39137,23.11144,21.30057,22.89846,23.137836,18.716673,16.671068,16.591467,13.423837,13.156171,16.851854,13.981113,19.146503,18.849245,21.002523,21.248795,18.751377,18.19443,14.055652,14.391472,10.705227,12.306176,12.945336,15.873343,17.911797,21.462482,24.118908,27.860191,25.212906,28.981094,31.525303,26.417747,29.682392,24.606329,27.338253,24.650412,23.147032,25.46408,26.847532,28.415339,29.607044,32.47881,32.875057,36.166546
3,9.253311,6.522951,5.111499,0.0,3.8905015,6.609916,8.818631,14.05025,15.976987,19.63502,22.34,25.378532,28.054537,29.261993,25.7645,20.348324,18.651962,14.97233,14.934595,11.191702,10.126478,10.904646,12.063559,14.389111,13.388614,16.391495,14.79155,18.898958,18.302847,22.949678,20.925245,28.21634,29.646767,30.18334,25.405886,22.264414,26.12479,27.057972,22.09494,21.2249,26.33617,23.246689,19.781664,23.318356,26.59675,21.984865,21.606237,26.062237,27.166796,29.449059,26.659725,23.948866,28.464096,28.206518,24.056963,20.05207,18.68547,16.5562,21.36035,24.174671,18.46794,21.020046,20.792665,24.698875,24.834896,22.301188,22.423346,22.511696,18.422623,16.261944,17.907158,18.479364,14.067363,11.611089,11.746897,8.646925,9.088081,13.334448,11.85347,17.146566,17.775465,20.765827,20.457157,17.312265,15.556324,12.46228,10.735689,6.3673368,7.607802,8.185578,11.397855,13.902582,17.178877,20.287844,24.252136,21.979595,26.246836,29.374912,24.93207,28.420168,24.370085,26.852604,25.060287,24.133055,25.996367,26.822517,28.144604,28.522923,31.259588,31.009554,34.061398
4,11.8733225,8.9792595,6.7197185,3.8905015,0.0,5.364706,5.64918,11.094455,13.301342,16.696838,19.712158,22.45096,25.245794,26.194279,22.373354,17.274887,15.191385,11.5692,11.273998,7.311932,6.777787,8.169315,10.988457,11.622632,9.948373,12.6762085,10.948326,15.039864,14.678927,19.248672,17.856287,25.041529,26.813368,27.809431,23.43095,19.939205,23.690027,25.303762,20.418808,19.004808,24.272108,22.113495,18.261438,21.308414,25.069735,21.302486,20.046755,24.437588,26.196991,28.190722,25.91736,23.50698,28.34866,27.984116,24.361597,20.770937,18.53517,17.056934,22.219574,24.022789,17.877981,21.107965,20.794315,24.929283,24.39938,21.33554,21.71889,21.198854,16.92877,15.983225,17.047659,16.707321,12.363385,11.344341,11.269022,9.784162,9.614933,12.999683,11.8216915,16.48431,16.624056,19.607979,18.437067,15.379352,13.804437,10.893207,8.686368,5.953339,6.2165003,7.980322,10.1261,11.483049,15.322778,17.746336,21.494665,18.81359,22.773521,25.76592,21.158745,24.540165,20.55181,23.012894,21.388542,20.691202,22.578379,23.205992,24.876865,24.920336,27.880333,27.627455,30.833672
5,13.7214155,12.23455,7.940938,6.609916,5.364706,0.0,5.651563,8.285195,10.828703,13.849336,16.69375,19.652159,22.684155,24.308477,20.972466,15.96196,13.99917,11.502144,10.492936,9.458133,8.323335,10.976382,12.513696,12.03379,11.444764,13.552248,13.042548,16.415041,15.824828,20.374111,18.732073,26.016344,27.21389,28.117758,23.789465,20.025227,23.07645,24.42469,19.25951,17.686089,22.456827,19.881876,15.836385,18.443214,22.14595,17.789204,15.881843,20.527407,22.122868,24.621893,22.735378,19.218456,24.515297,24.774984,21.018734,17.911335,15.756578,15.201651,20.265718,21.774237,16.748495,20.525003,21.20699,24.903383,23.639656,20.953457,22.638563,22.527924,17.496553,16.98225,19.227205,18.834564,13.79432,13.879448,11.742027,10.186401,8.071031,10.129014,7.3627696,11.888762,11.615105,14.429167,13.934355,11.02484,10.302003,6.2522683,7.535668,5.846045,8.944883,11.931942,14.078777,14.870841,18.864338,20.971031,24.533333,21.45091,24.884628,27.975456,23.138615,25.343487,21.578104,22.850836,20.94146,19.72673,20.778254,21.828892,22.249292,23.40626,25.700499,25.897783,28.908506
6,17.288351,14.613339,11.678022,8.818631,5.64918,5.651563,0.0,6.338146,7.801097,11.43115,14.261419,17.01271,19.641378,20.575264,16.952564,11.664852,9.897472,6.3097215,7.6301303,5.4735513,7.604717,10.53221,14.556632,12.359771,9.920212,10.978493,8.661328,11.708072,10.416143,15.122721,13.241789,20.522633,21.996681,23.17508,19.138643,15.231305,18.556433,20.58171,15.723361,13.783536,19.010782,17.665676,13.486685,16.020342,20.106058,17.327143,15.43976,19.555918,21.862812,23.448257,21.711868,19.885763,24.846844,24.322533,21.482065,18.632347,15.360101,14.982757,20.298445,20.65581,14.510734,18.639894,18.702307,22.75594,21.119411,17.692348,19.069263,18.192396,13.346414,14.135574,15.3237,14.02403,9.391447,11.072597,9.337978,10.172191,8.7752285,10.123768,9.995974,13.170171,13.228124,16.5136,14.247863,11.028811,9.118768,7.506446,4.2101016,5.640579,6.013657,9.742185,10.421792,9.930995,14.115802,15.643638,19.039173,15.881852,19.383348,22.740103,18.395607,20.873175,18.08264,19.374855,18.547897,18.26152,19.195871,19.383701,20.41779,20.082367,22.738457,22.234121,25.303041
7,21.47033,19.632755,15.510888,14.05025,11.094455,8.285195,6.338146,0.0,4.4553504,5.7966957,9.354664,11.689463,15.050215,16.497828,12.960144,8.93672,6.384601,6.4162273,5.2892637,8.643597,9.851708,13.397546,16.7627,12.490981,11.011437,10.515666,10.385778,11.634279,10.832241,14.583425,13.87707,20.344906,21.582188,23.291277,20.172298,15.827807,17.716206,20.33255,15.691668,12.813555,17.13096,16.899353,12.324077,12.887965,17.569767,15.687436,11.371208,15.443351,18.625193,20.320187,20.004026,17.395086,23.020304,23.129894,20.989536,19.376503,15.630888,16.959959,21.91073,20.910883,16.16718,21.04336,21.949137,25.492369,22.622942,19.316175,22.136889,21.133064,15.93871,18.153183,19.722942,17.735813,13.431432,16.588911,13.614911,14.976163,12.326617,11.239071,10.235485,10.931084,9.383421,11.899383,8.553653,6.192898,6.7813416,5.43464,7.2556157,10.636942,12.098797,16.001534,16.305267,14.763634,18.859087,19.23959,21.824625,18.051863,20.10111,23.033909,18.38097,18.982088,16.622566,16.173283,15.216591,14.617261,14.315217,14.751176,14.562398,15.324204,17.439383,17.68132,20.792204
8,24.322563,22.110708,18.490013,15.976987,13.301342,10.828703,7.801097,4.4553504,0.0,4.8012676,6.526776,9.687881,12.081802,13.6062355,11.041486,5.7049074,5.742892,5.6842422,8.574795,10.940005,13.468381,16.895407,20.73778,16.687193,14.625514,13.737607,12.215922,12.646673,10.276399,13.9096775,11.339061,17.751057,18.16687,19.431103,16.267967,12.013705,13.593129,15.948819,11.377418,8.441929,12.724031,12.731339,8.190238,8.812074,13.487001,12.461158,8.943537,12.419024,15.63838,16.727224,16.28212,14.985021,20.055279,19.650263,18.178427,16.996357,12.692506,14.5376625,19.195662,17.282705,12.699821,17.74987,18.833952,22.105719,18.738297,15.421129,18.785767,17.85534,12.6307955,15.6267395,17.384356,15.32499,11.309702,15.442439,11.840444,14.392748,11.780056,9.433577,10.387019,9.759105,9.483578,12.666546,8.871034,5.9481096,4.2760606,6.679869,6.277041,10.9885235,12.137409,16.143606,15.978208,14.149662,17.678734,17.97681,20.413885,16.997154,19.136131,22.67957,19.03949,19.359697,18.62146,17.485283,17.731007,17.74525,16.704426,16.435793,15.386869,15.163286,16.584423,15.911372,18.484045
9,27.24436,25.386972,21.284866,19.63502,16.696838,13.849336,11.43115,5.7966957,4.8012676,0.0,4.2246037,5.895848,9.481202,11.203881,8.392133,6.14638,5.0360227,8.3024235,8.642009,13.130593,15.062309,18.501245,22.081533,16.92027,15.39228,13.613835,13.554679,12.871915,11.537071,13.872641,13.271279,18.328964,18.982796,20.965929,18.93185,14.660865,15.000083,18.117224,14.339612,10.891609,13.819523,15.3678255,11.173727,9.438863,14.391044,14.680113,9.049628,11.820201,16.02037,16.967985,18.019392,16.264383,21.599855,21.685017,20.86039,20.488827,16.241009,18.756413,23.059763,20.444374,16.849213,21.943024,23.209314,26.231636,22.349035,19.126293,22.846708,21.606932,16.6994,20.257587,21.719978,19.172766,15.724888,20.096891,16.638313,19.048717,16.23635,13.595808,13.624311,11.809782,10.0341625,11.803224,6.852554,6.1833453,7.6506877,9.2123575,10.921535,15.354056,16.519167,20.488718,20.13359,17.77559,21.353695,20.830898,22.603813,18.80595,19.68506,22.531462,18.664242,17.572035,17.136053,14.739499,15.008023,14.9737625,12.940656,12.675312,10.691302,11.23786,12.30428,12.48006,15.302032
10,30.369658,28.442572,24.472033,22.34,19.712158,16.69375,14.261419,9.354664,6.526776,4.2246037,0.0,3.945338,6.158655,8.761794,8.162395,6.2687926,7.885487,10.774819,12.705555,16.620884,18.95302,22.41223,26.03259,21.10094,19.454624,17.651342,16.992403,15.940316,13.755199,15.649175,13.725007,18.01292,17.595,19.074373,17.375023,13.551931,12.81046,15.4401,12.252245,9.034701,10.496888,12.651331,9.163612,5.878991,10.651544,12.349233,6.9547906,8.289822,12.827288,13.148297,14.817181,14.047203,18.775526,18.695686,18.77352,19.234207,14.867049,18.072346,21.689442,18.090343,15.658841,20.623243,22.28184,24.739376,20.294823,17.471859,21.875502,20.886358,16.22305,20.181988,21.956228,19.545774,16.492767,21.232937,17.308868,20.205898,17.339718,13.750904,14.731816,11.554595,10.597347,12.388201,7.7127895,7.3492093,8.005733,11.286929,12.577526,17.263231,18.526325,22.482553,21.993,19.639973,22.698132,22.148535,23.697313,20.295876,21.035606,24.203598,21.223494,19.660816,20.469456,17.443474,18.457481,18.66939,16.021214,15.397734,12.165566,12.317948,11.947188,11.402444,13.241707
11,33.13171,31.229944,27.174715,25.378532,22.45096,19.652159,17.01271,11.689463,9.687881,5.895848,3.945338,0.0,4.303965,6.515225,6.1192207,7.786248,8.745723,12.752432,13.797317,18.379267,20.664816,23.991005,27.711876,22.110878,20.555923,18.139854,18.056787,16.161842,14.588269,15.320069,14.872685,17.78062,17.675072,19.83352,19.199188,15.499429,14.017196,17.408928,15.086582,11.683585,12.286103,15.843996,12.785738,8.827687,13.058608,15.896904,10.195907,10.450932,15.335052,15.14773,17.75572,17.222311,21.722197,21.723215,22.316685,23.075874,18.721146,21.974033,25.491516,21.52852,19.252018,24.14725,25.633245,28.053997,23.417011,20.489529,24.767824,23.365978,19.119644,23.537106,24.804234,21.934711,19.432232,24.428585,20.826488,23.853756,21.071602,17.65882,18.377047,15.179097,13.621419,14.529222,9.615819,10.426535,11.819556,14.527671,15.914928,20.66126,21.584007,25.480883,24.673752,21.841484,24.841349,23.609306,24.566566,21.013962,20.744759,23.323841,20.533768,17.901136,19.430212,15.475162,16.97637,17.491001,14.174247,13.143084,9.297147,9.170286,8.070694,7.9434266,9.960446
12,36.281605,34.136734,30.374712,28.054537,25.245794,22.684155,19.641378,15.050215,12.081802,9.481202,6.158655,4.303965,0.0,3.7302516,6.9638925,8.937793,11.500949,14.924555,17.320139,21.25412,24.095057,27.389118,31.432558,25.977701,24.066332,21.6039,20.76852,18.562305,16.266619,16.503473,14.980964,16.648825,15.517331,17.291004,17.418007,14.430384,11.770896,14.933502,13.817423,10.884858,9.690101,14.556521,12.614022,7.9905696,11.082576,15.754158,11.448963,10.020217,14.6774845,13.304735,16.360651,17.480434,20.913134,20.411621,22.005217,23.31415,18.916168,22.385887,25.282827,20.468197,18.954948,23.472412,24.999443,26.932178,21.923195,19.279089,23.788504,22.40507,18.79831,23.642645,24.796314,21.931046,20.15178,25.448322,21.809862,25.363235,22.797606,19.008553,20.649384,17.008383,16.288712,17.469456,12.960317,13.393743,13.774579,17.430702,17.866365,22.782995,23.434109,27.18731,26.074942,23.124937,25.523926,24.104939,24.691854,21.636757,21.165688,24.004208,22.28694,19.48741,22.262365,18.140162,20.441883,21.351181,17.978207,16.494707,12.697527,11.298682,9.201261,7.3968616,7.7169
13,37.607445,35.170536,31.727861,29.261993,26.194279,24.308477,20.575264,16.497828,13.6062355,11.203881,8.761794,6.515225,3.7302516,0.0,5.365449,9.08264,11.662787,15.07952,17.816727,21.418804,24.699717,27.769545,32.28891,26.59439,24.298536,21.495121,20.326418,17.500853,15.228807,14.489231,13.600999,13.815562,12.968311,15.435562,16.530766,13.766613,10.809434,14.929831,14.566585,11.536027,10.500183,16.38199,14.570701,10.539243,13.515496,18.590149,14.774245,13.552403,18.04822,16.269985,18.980976,20.811707,23.994053,23.050673,24.784811,25.821594,21.245329,24.35097,27.387238,22.497364,20.303513,24.666441,25.686438,27.769032,22.856525,19.854303,23.818594,21.894627,18.923054,24.229168,24.625097,21.316244,20.34481,25.889273,22.799215,26.723408,24.522493,21.120506,23.073044,19.970783,19.320929,20.697178,15.917284,16.071012,16.038635,19.634485,19.087753,24.116062,24.093485,27.624245,26.027594,22.630888,24.694975,22.657131,22.658966,19.75213,18.598,21.214949,20.217545,17.117905,20.940063,16.72046,19.846914,21.337782,18.15957,16.049175,13.323006,10.086872,8.45395,5.0681324,5.404908
14,33.74292,31.269882,27.889057,25.7645,22.373354,20.972466,16.952564,12.960144,11.041486,8.392133,8.162395,6.1192207,6.9638925,5.365449,0.0,6.416282,7.2507114,11.184627,13.104392,16.848566,20.062748,22.953747,27.63111,21.7239,19.311735,16.30803,15.402437,12.381772,10.801665,10.035138,11.003614,12.503065,13.5051365,16.740047,17.01411,13.356316,12.103458,16.90507,15.288638,11.617718,13.012706,17.853998,14.858349,11.932005,16.181646,19.61889,15.099337,15.555311,20.221968,19.36861,21.255032,21.97507,26.10325,25.311695,25.975998,26.117744,21.431973,23.953796,27.826586,23.896889,20.22656,24.929556,25.518148,28.34565,23.995607,20.373129,23.654825,21.366682,17.966415,23.055647,23.038923,19.421038,18.125225,23.49748,20.916437,24.560043,22.492985,19.89297,21.269613,19.242376,18.090723,19.61604,14.496412,14.344596,14.540361,17.170115,16.423826,21.319578,20.961592,24.447905,22.809357,19.201447,21.775307,19.575996,19.766018,16.23033,15.072482,17.44653,15.407373,12.614194,15.683716,11.843223,14.878704,16.547632,13.980852,11.7128725,10.70667,6.5676274,7.6881003,5.4514637,8.70111
15,28.903072,26.246027,23.141998,20.348324,17.274887,15.96196,11.664852,8.93672,5.7049074,6.14638,6.2687926,7.786248,8.937793,9.08264,6.416282,0.0,4.505324,6.2229195,10.596926,12.973259,16.613142,19.710188,24.436092,19.583973,16.841099,14.85402,12.640371,11.208488,8.042703,10.134157,7.5384274,12.589577,13.04975,15.06031,13.240502,8.936607,9.495608,13.41405,10.274965,6.4995914,10.178404,13.137459,9.514705,8.519969,13.170193,15.017155,11.804331,13.453024,17.372969,17.070398,17.40179,18.101896,22.305185,21.225685,21.078405,20.505533,15.799431,17.837837,22.017025,18.80155,14.234938,19.058374,19.632122,22.746553,18.817347,15.034346,18.271723,16.421598,12.206156,16.887354,17.404768,14.283492,12.099286,17.395792,14.527,18.24721,16.308092,13.881877,15.88164,14.585605,14.400885,17.079088,12.454584,10.678013,9.220125,12.37776,10.330481,15.331169,15.072971,18.673042,17.343422,14.293158,17.078182,16.029894,17.433842,14.063866,15.139262,18.75698,16.2569,15.804762,17.156178,15.194574,17.066998,18.123537,16.590052,15.18478,14.462328,12.04828,13.465269,11.593077,14.0777445
16,26.498854,24.052334,20.665169,18.651962,15.191385,13.99917,9.897472,6.384601,5.742892,5.0360227,7.885487,8.745723,11.500949,11.662787,7.2507114,4.505324,0.0,4.726687,6.410468,9.941064,13.055456,16.128351,20.771812,15.417165,12.839861,10.58268,9.386757,8.089706,6.6055975,9.0495205,9.414756,14.667432,16.355145,18.91244,17.056421,12.636793,13.812857,17.804245,14.282593,10.654188,14.602685,16.861818,12.707076,11.971411,16.918024,17.635708,13.319077,15.89663,19.963337,20.366062,20.789053,20.117361,25.0671,24.484821,23.625402,22.600647,18.145544,19.818163,24.495462,22.113068,17.114424,22.022766,22.433395,25.938791,22.47575,18.615892,21.324354,19.372341,14.977313,18.932743,19.26046,16.101822,13.407661,18.043612,15.648229,18.56284,16.545101,14.959828,15.66084,15.236759,14.072236,16.313128,11.630427,10.179987,9.98837,11.283042,10.24696,14.751236,14.534851,18.157608,17.07645,14.019164,17.540918,16.432314,17.98279,13.999877,14.871493,17.766281,13.909947,13.652786,13.439248,11.962077,13.003488,13.855223,12.895093,11.816942,12.306021,10.5165205,13.131419,12.444539,15.792153
17,23.34187,20.458607,17.741732,14.97233,11.5692,11.502144,6.3097215,6.4162273,5.6842422,8.3024235,10.774819,12.752432,14.924555,15.07952,11.184627,6.2229195,4.726687,0.0,6.6302805,6.9063807,10.991499,13.874513,18.922102,14.759488,11.548534,10.412129,7.2511597,7.7536545,5.0584364,9.49519,7.841939,14.70737,16.42701,18.34263,15.382616,11.053682,13.755308,17.073383,13.015394,10.0808735,15.145556,16.087502,11.954996,13.112191,17.657902,17.26601,14.578931,17.67067,20.960953,21.529043,20.728325,20.346922,25.024422,24.054752,22.571438,20.70702,16.453836,17.1414,22.115288,20.631475,14.555806,19.145506,19.061567,22.953814,20.261574,16.239645,18.091234,16.229713,11.7461195,15.025313,15.153543,12.288224,9.160884,13.465811,11.628074,14.592085,13.199552,12.649728,13.914137,14.888015,14.670284,17.722397,13.836441,11.20668,9.36711,10.359504,6.765788,10.968268,10.001772,13.499992,12.369426,9.566685,13.325597,13.044483,15.460341,11.792553,14.319498,17.86853,14.172727,15.786738,14.884476,15.0811405,15.774925,16.507421,16.601227,15.77068,16.882057,15.019246,17.761179,16.611582,19.695923
18,21.453714,19.387077,15.726661,14.934595,11.273998,10.492936,7.6301303,5.2892637,8.574795,8.642009,12.705555,13.797317,17.320139,17.816727,13.104392,10.596926,6.410468,6.6302805,0.0,5.9293036,7.170841,10.268265,14.533491,9.021941,6.8014135,5.318375,6.377563,7.5948443,8.791098,11.942831,13.734314,19.553509,21.95558,24.455036,21.926128,17.53506,19.651793,23.183926,18.988272,15.812133,20.342825,21.169907,16.663683,16.948841,21.854395,20.747976,16.301426,19.986609,23.582048,24.91327,24.820225,22.638,28.196417,28.098156,26.099682,24.253267,20.44714,21.304873,26.445063,25.498672,20.011166,24.722029,24.945595,28.854776,26.243795,22.474686,24.464523,22.757046,18.165897,20.652876,21.048307,18.447489,14.989916,18.016739,16.358728,17.759722,15.888449,15.8322315,14.84855,16.194601,14.3711405,16.243523,12.680716,11.209383,11.864047,10.265725,10.420014,13.14921,13.196335,16.49732,16.207119,14.003999,18.234165,17.842411,20.009884,15.895119,17.377592,19.515373,14.135567,15.224265,11.684657,12.362547,11.0024,10.768647,11.768415,11.996203,14.105247,13.994074,17.341011,17.774551,21.453209
19,18.095778,15.194112,12.885817,11.191702,7.311932,9.458133,5.4735513,8.643597,10.940005,13.130593,16.620884,18.379267,21.25412,21.418804,16.848566,12.973259,9.941064,6.9063807,5.9293036,0.0,4.9324355,7.124933,12.657585,9.405821,5.708728,6.5595765,3.7278442,7.777949,8.383216,12.467634,13.125889,19.577047,22.219038,24.263525,21.032887,17.067549,20.360828,23.426517,19.138113,16.684704,21.922686,21.92864,17.719177,19.462566,23.96612,22.213028,19.470566,23.323994,26.290945,27.537731,26.334911,24.788074,29.870188,29.248232,26.76628,24.036306,20.56774,20.204542,25.504028,25.524122,19.02145,23.051655,22.503231,26.780394,25.181679,21.312399,22.00512,20.279566,16.22978,17.68582,17.406103,15.233216,12.004549,13.785168,13.61312,14.676518,13.998262,15.53264,15.213833,18.095207,17.390814,20.059479,17.149416,14.668297,13.641758,11.972764,9.238242,10.437414,8.957306,11.425693,11.032257,9.380348,13.702828,14.125332,17.005379,13.445908,16.416092,18.97504,14.01809,17.248632,13.543805,16.07332,15.119542,15.263583,17.208849,17.147629,19.870478,18.797832,22.363646,22.009907,25.539371
20,14.945363,12.917725,9.766928,10.126478,6.777787,8.323335,7.604717,9.851708,13.468381,15.062309,18.95302,20.664816,24.095057,24.699717,20.062748,16.613142,13.055456,10.991499,7.170841,4.9324355,0.0,3.560664,7.978026,5.2599025,3.370579,6.6050677,7.49526,11.361878,12.97091,16.65146,17.921547,24.303452,26.940928,28.988216,25.616703,21.579615,24.704567,27.54849,22.935963,20.501684,25.599152,25.006409,20.632053,22.275524,26.805296,24.163069,20.915401,25.205757,27.980392,29.84717,28.741585,25.978039,31.47684,31.424967,28.379015,25.506506,22.58545,22.160805,27.454538,28.140507,22.10949,26.101269,25.879618,30.076746,28.674433,25.118837,26.005993,24.678938,20.35889,21.042532,21.362867,19.728361,16.00148,16.738241,16.409536,16.088531,15.120316,17.110136,15.2915535,18.737856,17.408432,19.442097,17.437616,15.409115,15.430514,12.200027,11.789241,11.595862,11.434228,13.532026,14.26216,13.688618,17.939287,18.759935,21.669874,18.149174,20.793175,22.748886,17.161932,20.063566,14.875265,17.721048,15.31533,14.438635,17.0553,17.907232,20.670721,20.927708,24.454617,24.889023,28.557007
21,13.884425,11.8340845,9.802903,10.904646,8.169315,10.976382,10.53221,13.397546,16.895407,18.501245,22.41223,23.991005,27.389118,27.769545,22.953747,19.710188,16.128351,13.874513,10.268265,7.124933,3.560664,0.0,6.076933,5.506878,4.239747,7.993821,8.931321,12.915001,15.037102,18.362658,20.126635,26.205961,29.192568,31.315351,27.971672,24.115427,27.470503,30.365894,25.857164,23.544292,28.75051,28.15079,23.869963,25.689646,30.185493,27.474628,24.452988,28.749367,31.467379,33.322838,32.05105,29.34914,34.769485,34.64036,31.441568,28.30988,25.592945,24.770044,30.03852,31.093203,24.815018,28.493513,27.930796,32.235855,31.248882,27.662003,27.978151,26.551702,22.650743,22.94996,22.81221,21.316666,18.039694,18.050684,18.577324,17.889845,17.495684,20.056074,18.243668,22.061039,20.813251,22.752417,20.92828,18.949335,18.855757,15.570391,14.71871,13.812854,13.066995,14.208703,14.938862,14.717888,18.641058,19.513487,22.3529,19.115644,21.796808,23.318258,17.730629,21.285755,15.520754,19.298107,16.686558,15.874526,19.162663,20.017237,23.447609,23.484577,27.291502,27.725307,31.485289
22,10.913446,10.824547,8.325578,12.063559,10.988457,12.513696,14.556632,16.7627,20.73778,22.081533,26.03259,27.711876,31.432558,32.28891,27.63111,24.436092,20.771812,18.922102,14.533491,12.657585,7.978026,6.076933,0.0,6.8568006,9.035535,12.665301,14.814115,18.597641,20.777103,24.134512,25.779873,32.070415,34.855286,36.817875,33.1931,29.298882,32.564514,35.089203,30.270065,28.097141,33.15936,31.825829,27.539906,29.396042,33.73542,30.104574,26.968225,31.54987,33.863,36.315247,35.01202,31.211535,36.81917,37.244274,33.481094,30.23859,28.233892,27.305918,32.354618,34.145638,28.471434,31.98394,31.78121,35.904842,35.16711,31.975708,32.505512,31.558008,27.377789,26.93556,27.484863,26.553608,22.773157,21.985771,22.22367,20.33656,19.737978,22.578377,19.584007,23.763529,22.184853,23.451937,22.825571,21.257076,21.863121,17.611452,18.479094,16.55666,17.004286,17.872002,19.54295,20.157784,24.00375,25.352558,28.346128,25.177517,27.8133,29.127485,23.324495,26.425362,20.05256,23.584698,20.015333,18.279984,21.709677,23.356457,26.33196,27.598694,31.12232,32.145638,35.895947
23,16.808903,15.848288,12.344311,14.389111,11.622632,12.03379,12.359771,12.490981,16.687193,16.92027,21.10094,22.110878,25.977701,26.59439,21.7239,19.583973,15.417165,14.759488,9.021941,9.405821,5.2599025,5.506878,6.8568006,0.0,4.1978016,6.657196,10.549289,13.376187,16.173817,18.919832,21.674646,27.383331,30.347971,32.859585,29.969728,25.756886,28.401806,31.645586,27.129723,24.33496,29.093197,28.9719,24.450989,25.318287,30.054718,27.613834,23.33495,27.565311,30.649956,32.70422,32.249245,28.81007,34.66935,35.052082,32.07344,29.530746,26.653154,26.655203,31.883692,32.36778,26.752832,30.969929,30.959019,35.085552,33.388508,29.828451,31.038523,29.577446,25.192627,26.195898,26.516573,24.620773,21.03249,21.997375,21.471228,20.987078,19.669558,21.249792,18.659508,21.578676,19.354893,20.372993,18.571428,17.542255,18.78218,15.1330805,16.36683,16.4168,16.674557,18.693436,19.38953,18.527912,22.721535,22.980751,25.398191,21.61949,23.2951,24.331234,18.200413,20.33623,13.986018,16.925316,13.243038,11.553588,14.9705305,16.51239,19.831263,20.978533,24.629208,25.87773,29.736626
24,17.623491,15.6460905,12.829627,13.388614,9.948373,11.444764,9.920212,11.011437,14.625514,15.39228,19.454624,20.555923,24.066332,24.298536,19.311735,16.841099,12.839861,11.548534,6.8014135,5.708728,3.370579,4.239747,9.035535,4.1978016,0.0,3.8359585,6.4419146,9.679218,12.379167,15.270004,17.926966,23.608147,26.713133,29.239077,26.425825,22.318249,25.180496,28.580442,24.278355,21.509037,26.464666,26.69528,22.264473,23.34504,28.101469,26.179611,22.361937,26.397133,29.609468,31.227316,30.564396,28.02635,33.604855,33.50999,30.82517,28.210228,24.979177,24.840462,30.15195,30.340605,24.23845,28.396072,28.0455,32.28635,30.615318,26.825579,27.704344,25.962831,21.88103,23.211123,23.018843,20.850643,17.689371,19.006905,18.846937,19.066319,18.095797,19.691946,18.072691,20.96053,19.267883,20.974695,18.437061,16.865713,17.257195,14.430601,14.006031,14.565153,13.909808,15.915473,16.000523,14.659705,18.7977,18.824362,21.202127,17.457378,19.365696,20.699776,14.783332,17.58915,11.834072,15.164266,12.58249,11.954979,15.0993,15.798081,19.434889,19.354822,23.253002,23.849695,27.696352
25,21.37401,19.281738,16.346798,16.391495,12.6762085,13.552248,10.978493,10.515666,13.737607,13.613835,17.651342,18.139854,21.6039,21.495121,16.30803,14.85402,10.58268,10.412129,5.318375,6.5595765,6.6050677,7.993821,12.665301,6.657196,3.8359585,0.0,5.3871512,6.9027357,10.333829,12.400704,16.169966,21.135506,24.44581,27.39474,25.219791,21.019156,23.388376,27.312452,23.395235,20.259478,24.896845,26.0726,21.649035,22.014574,26.938042,25.96665,21.60417,25.215214,28.894463,30.13614,30.014729,27.90955,33.466022,33.278767,31.164154,29.0071,25.33175,25.714048,30.970877,30.354885,24.384403,28.818424,28.520042,32.67883,30.481243,26.504772,27.703611,25.60516,21.626019,23.885529,23.430826,20.657671,17.943678,20.306564,19.81288,20.87845,19.652657,20.456818,19.294239,21.278927,19.355717,20.895983,17.58688,16.413807,17.056873,15.037676,14.570575,16.329569,15.480473,17.87608,17.305199,15.019718,19.047472,18.200905,19.981113,15.907624,16.913347,17.951027,11.863016,13.948601,8.3712845,11.342984,9.159623,9.211627,12.132679,12.33983,16.477646,15.833525,19.952913,20.568195,24.502375
26,21.320929,18.33926,16.343927,14.79155,10.948326,13.042548,8.661328,10.385778,12.215922,13.554679,16.992403,18.056787,20.76852,20.326418,15.402437,12.640371,9.386757,7.2511597,6.377563,3.7278442,7.49526,8.931321,14.814115,10.549289,6.4419146,5.3871512,0.0,4.386346,6.328814,9.484847,11.894963,17.388447,20.65458,23.27255,20.80378,16.874699,19.864153,23.616407,19.88731,17.115252,22.122221,23.223808,19.112535,20.232168,24.884293,24.150131,21.019283,24.429726,27.849165,28.654797,27.887823,26.900766,31.896715,31.08702,29.130224,26.7115,22.891361,22.817566,28.031546,27.404068,20.83862,24.93199,24.148046,28.416588,26.53081,22.391617,22.958313,20.657967,17.135054,19.46781,18.4117,15.504889,13.349642,15.89796,16.016312,17.795824,17.211077,18.269367,18.363686,20.596508,19.682327,22.1394,18.589325,16.505114,15.666714,14.69985,11.801692,13.789731,11.752164,13.910125,12.591357,9.790633,13.707839,12.894042,15.01811,11.115444,13.304303,15.434682,10.297872,13.798025,10.373909,13.282588,13.016419,13.923168,15.978538,15.338394,18.900602,16.88476,20.86464,20.34709,24.008507
27,25.653181,22.71603,20.53678,18.898958,15.039864,16.415041,11.708072,11.634279,12.646673,12.871915,15.940316,16.161842,18.562305,17.500853,12.381772,11.208488,8.089706,7.7536545,7.5948443,7.777949,11.361878,12.915001,18.597641,13.376187,9.679218,6.9027357,4.386346,0.0,4.5304575,5.634163,10.303075,14.389737,18.069843,21.327564,19.873575,15.967468,18.19451,22.660936,19.621807,16.466286,20.898758,23.288824,19.357443,19.54843,24.267452,24.78511,21.17394,23.930164,27.833052,28.114204,27.997396,27.620619,32.468304,31.526299,30.28928,28.43364,24.205574,24.717676,29.732065,28.167107,21.915752,26.195976,25.462269,29.529388,27.04813,22.754948,23.658539,20.908592,17.752241,21.196402,19.796206,16.193237,14.909668,18.544485,18.301428,20.880463,20.049376,20.2308,20.77257,21.995344,20.886723,23.098682,18.852839,17.272684,16.6954,16.67473,13.974002,17.017458,15.008807,17.366909,15.465123,11.78847,15.081303,12.959945,13.957593,9.665371,10.206382,12.022216,6.885664,9.582624,7.8192396,9.8297205,11.0311165,12.898578,14.273489,12.78467,16.692957,13.518141,17.715855,16.944805,20.649788
28,26.198822,22.982365,20.944363,18.302847,14.678927,15.824828,10.416143,10.832241,10.276399,11.537071,13.755199,14.588269,16.266619,15.228807,10.801665,8.042703,6.6055975,5.0584364,8.791098,8.383216,12.97091,15.037102,20.777103,16.173817,12.379167,10.333829,6.328814,4.5304575,0.0,4.806871,5.925718,11.354038,14.380707,17.19573,15.383649,11.4608,13.978395,18.261017,15.328022,12.366459,16.94511,19.318312,15.699998,16.272438,20.688408,21.517616,18.81554,21.26087,24.905138,24.848667,24.371788,24.839247,29.1943,27.867603,26.916496,25.159224,20.787626,21.317947,26.114193,24.227972,17.92921,22.112938,21.351915,25.29936,22.689922,18.355171,19.35631,16.592117,13.4438095,17.38605,16.021368,12.244224,11.190421,15.612733,15.041073,18.38102,17.643555,17.398912,18.936165,19.824808,19.459702,22.224018,17.910353,15.795012,14.209934,15.331195,11.40521,15.093711,12.907107,15.506301,13.288869,9.291773,12.316496,10.347028,11.728733,7.583376,9.372886,12.825618,9.598824,11.837164,12.087482,12.793029,14.649361,16.358181,16.814571,15.171569,17.6466,14.129761,17.574501,15.924625,19.166775
29,30.488262,27.285738,25.31247,22.949678,19.248672,20.374111,15.122721,14.583425,13.9096775,13.872641,15.649175,15.320069,16.503473,14.489231,10.035138,10.134157,9.0495205,9.49519,11.942831,12.467634,16.65146,18.362658,24.134512,18.919832,15.270004,12.400704,9.484847,5.634163,4.806871,0.0,7.3927135,9.074773,13.139981,16.92356,16.697746,13.304955,14.723456,19.748203,17.897125,14.805535,18.386047,22.133495,18.89586,18.498688,22.78282,24.824621,21.694878,23.442575,27.496473,26.910595,27.10907,28.09781,32.26369,30.830906,30.520891,29.198927,24.648485,25.520576,30.071373,27.508541,21.605381,25.679312,24.798199,28.510487,25.57948,21.222502,22.169289,18.934063,16.702715,21.249355,19.30584,15.11555,15.279931,19.886993,19.504923,23.094124,22.357584,21.758928,23.36343,23.658798,22.99692,25.357458,20.62419,19.143127,18.042915,19.477577,16.05279,19.896809,17.602533,19.917583,17.314577,13.008032,15.105612,11.791221,11.425239,7.3929234,6.0525827,8.814532,6.658508,7.8572655,10.623568,10.622467,13.937536,16.486265,16.646847,14.214456,17.335962,12.42576,16.129044,14.137228,17.358791
30,29.630074,26.172297,24.49503,20.925245,17.856287,18.732073,13.241789,13.87707,11.339061,13.271279,13.725007,14.872685,14.980964,13.600999,11.003614,7.5384274,9.414756,7.841939,13.734314,13.125889,17.921547,20.126635,25.779873,21.674646,17.926966,16.169966,11.894963,10.303075,5.925718,7.3927135,0.0,7.447223,9.1590185,11.379099,9.637037,6.118311,8.804267,13.061105,11.184403,8.882114,12.910683,15.933038,13.405103,14.198162,17.68686,19.660522,18.472223,19.93559,23.1719,22.27501,21.473166,23.650639,26.951658,24.919695,24.787786,23.425766,18.924622,19.566391,23.674011,20.962254,14.960381,18.657461,17.711388,21.236929,18.315792,13.938154,14.942561,11.848191,9.6181965,14.725282,13.042144,8.912332,9.524946,14.8643,14.030213,18.443321,17.990154,17.001581,19.978825,20.105051,20.718107,23.899837,19.60046,17.210505,14.520683,17.27168,12.305854,16.406696,14.094822,16.479967,13.815274,9.902043,11.25813,9.151152,10.098764,7.442871,9.642783,14.251327,13.529172,15.065324,17.360958,17.062954,19.770788,21.607399,21.228493,19.256643,20.433718,16.311361,18.636354,15.783638,18.019743
31,36.708702,33.148605,31.649672,28.21634,25.041529,26.016344,20.522633,20.344906,17.751057,18.328964,18.01292,17.78062,16.648825,13.815562,12.503065,12.589577,14.667432,14.70737,19.553509,19.577047,24.303452,26.205961,32.070415,27.383331,23.608147,21.135506,17.388447,14.389737,11.354038,9.074773,7.447223,0.0,4.9579024,9.161423,11.344741,10.169999,10.098139,14.939358,15.586647,13.711979,15.367847,20.372627,18.88338,18.382433,21.103607,24.95883,23.648615,23.913265,27.426186,25.543388,25.59816,28.912254,31.532284,29.172474,30.165298,29.490955,24.936771,25.950724,29.40129,25.70468,20.714958,23.781252,22.59638,25.419888,22.207989,18.217993,18.852734,15.249627,15.222047,20.63948,18.121346,13.942561,16.359465,21.457127,21.023386,25.640247,25.296013,23.923477,27.076809,26.466852,26.886501,29.66101,24.937351,23.232224,21.028893,24.159685,19.684912,23.844513,21.334867,23.273928,20.14291,16.032068,16.002531,12.345504,10.474723,9.401711,7.9799848,11.798439,14.175844,14.347969,19.359411,18.22766,22.325354,24.92423,24.092525,21.330334,22.696669,17.094141,18.967028,15.217453,16.559958
32,38.57335,35.074837,33.4439,29.646767,26.813368,27.21389,21.996681,21.582188,18.16687,18.982796,17.595,17.675072,15.517331,12.968311,13.5051365,13.04975,16.355145,16.42701,21.95558,22.219038,26.940928,29.192568,34.855286,30.347971,26.713133,24.44581,20.65458,18.069843,14.380707,13.139981,9.1590185,4.9579024,0.0,4.6245637,8.339514,8.528004,6.852628,11.053987,13.086523,12.037458,12.212804,17.594797,17.142492,16.511467,18.180058,22.82001,22.475502,21.958961,24.994156,22.556168,22.568031,26.895348,28.672905,25.988243,27.669754,27.522491,23.098822,24.421543,27.146297,22.78486,18.831802,21.472069,20.617445,22.736496,19.080101,15.588092,16.82809,13.67248,14.114755,19.721378,17.817686,14.218384,16.665756,21.895018,20.828485,25.699842,25.23864,23.222437,26.948013,25.676651,26.61841,29.495258,25.009958,23.270332,20.703445,24.601177,20.220652,24.526848,22.476494,24.564459,21.691463,18.080679,17.748146,14.985084,13.737503,13.261583,12.858673,16.738743,18.879604,18.601921,23.525621,21.786598,25.748575,28.067219,26.668749,24.054905,24.18697,19.062944,19.853231,15.721645,16.02372
33,39.314766,35.78101,34.394054,30.18334,27.809431,28.117758,23.17508,23.291277,19.431103,20.965929,19.074373,19.83352,17.291004,15.435562,16.740047,15.06031,18.91244,18.34263,24.455036,24.263525,28.988216,31.315351,36.817875,32.859585,29.239077,27.39474,23.27255,21.327564,17.19573,16.92356,11.379099,9.161423,4.6245637,0.0,5.645815,8.129781,6.4160657,8.182726,11.544598,11.90647,11.277104,15.791159,16.456434,16.54012,17.055916,21.654501,22.744625,21.913153,24.130611,21.416788,20.718267,25.977324,26.845598,23.697622,25.700695,25.676859,21.625006,22.741327,24.724796,20.231344,16.976818,18.725456,17.840357,19.30155,15.745845,12.851154,13.94381,11.316028,12.799575,17.999311,16.40359,13.671103,16.438131,21.256748,20.088562,25.023592,24.806742,22.66496,26.962923,25.61056,27.226158,30.375755,26.346941,24.293013,21.14261,25.420008,20.716747,24.69019,22.795973,24.64437,21.962786,19.017256,18.109629,16.28081,15.614509,15.877835,16.60177,20.79681,22.827335,23.00227,27.453835,25.889885,29.541044,31.603838,30.166248,27.790327,27.37577,22.798489,23.171873,19.071367,18.899046
34,34.585564,31.084335,29.876293,25.405886,23.43095,23.789465,19.138643,20.172298,16.267967,18.93185,17.375023,19.199188,17.418007,16.530766,17.01411,13.240502,17.056421,15.382616,21.926128,21.032887,25.616703,27.971672,33.1931,29.969728,26.425825,25.219791,20.80378,19.873575,15.383649,16.697746,9.637037,11.344741,8.339514,5.645815,0.0,4.454635,5.8253136,5.8374605,7.397211,8.719627,9.840789,12.082283,12.612818,14.272155,14.933057,17.910326,19.909586,19.898853,21.581884,19.576323,17.674852,22.538568,23.586973,20.388958,21.510075,20.824776,16.93095,17.473995,19.681768,15.963316,11.732046,13.424071,12.40759,14.415909,11.151579,7.6222177,8.724877,6.367324,7.349585,12.392028,11.340286,9.231653,11.504543,16.04321,14.731884,19.633434,19.645325,17.824469,22.400331,21.657177,23.768116,27.325846,23.807066,21.160316,17.364595,21.508993,16.272793,19.785908,18.017582,19.786295,17.471458,15.225758,14.465697,13.984346,14.795539,14.82248,17.231855,21.9631,22.779207,23.887331,26.94926,26.04656,28.912338,30.526794,29.476051,27.582132,27.16182,23.418009,24.167261,20.574408,21.07651
35,31.454332,28.10022,26.419191,22.264414,19.939205,20.025227,15.231305,15.827807,12.013705,14.660865,13.551931,15.499429,14.430384,13.766613,13.356316,8.936607,12.636793,11.053682,17.53506,17.067549,21.579615,24.115427,29.298882,25.756886,22.318249,21.019156,16.874699,15.967468,11.4608,13.304955,6.118311,10.169999,8.528004,8.129781,4.454635,0.0,4.648016,7.1732388,5.847634,5.3115263,8.480473,10.966468,9.908502,11.4145355,13.454278,15.916379,16.676012,17.318232,19.650158,18.228283,16.7469,20.36937,22.536478,19.935709,20.4348,19.53808,15.162627,16.046917,19.239574,15.778857,10.6042,13.833149,13.310421,16.133162,12.601352,8.403905,10.530713,8.181578,6.041704,11.818032,11.272717,8.347529,9.016995,14.382889,12.515996,17.405052,16.913555,15.005176,19.112501,18.455254,20.107552,23.601965,19.84859,17.205172,13.632669,17.600342,12.59042,16.645487,15.09406,17.49866,15.350333,12.679176,13.164178,12.561467,13.88168,12.653311,15.123771,19.84038,19.626015,20.626883,23.112347,22.175476,24.73678,26.202793,25.199871,23.45851,23.146685,19.695156,20.773869,17.56081,18.714626
