,0,1,2,3,4,5,6,7,8,9,10,11,12,13,14,15,16,17,18,19,20,21,22,23,24,25,26,27,28,29,30,31,32,33,34,35,36,37,38,39,40,41,42,43,44,45,46,47,48,49,50,51,52,53,54,55,56,57,58,59,60,61,62,63,64,65,66,67,68,69,70,71,72,73,74,75,76,77,78,79,80,81,82,83,84,85,86,87,88,89,90,91,92,93,94,95,96,97,98,99,100,101,102,103,104,105,106,107,108
0,0.0,4.7557898,6.966824,10.001174,13.196342,14.806581,18.260487,21.634241,24.185614,27.498863,32.30658,35.190563,33.29833,31.92701,26.931381,26.43814,22.797775,22.893198,19.600145,18.781301,17.994677,12.857757,16.26184,18.982141,18.48458,19.911055,22.777016,25.008512,25.635576,29.225414,31.168222,33.89129,40.269974,40.306465,43.49787,46.280598,47.860703,46.35081,42.585464,38.326756,40.63574,35.77346,36.48036,31.862198,32.376965,27.664299,28.026867,23.142635,25.71896,26.02199,29.99025,28.042435,34.191105,34.710884,36.244446,38.039505,33.642906,35.975346,37.005783,32.3444,31.410702,26.080296,23.87408,19.738913,18.06471,14.735446,16.904373,18.523674,22.229715,26.800142,25.843287,30.769968,30.968857,34.15024,35.40098,36.47139,39.347145,38.110653,42.23769,42.46381,40.750114,41.091183,39.68948,35.36206,34.143402,29.388346,28.553955,23.793463,24.785954,23.336227,25.069588,26.263931,28.875046,32.387665,33.60291,34.072617,32.812523,30.529554,28.174614,27.600561,24.390675,24.115688,28.705212,29.042742,34.393204,34.18559,38.318325,39.535706,42.870205
1,4.7557898,0.0,5.257986,6.5836935,9.30545,12.27731,14.426482,18.81458,20.758562,24.737156,29.29293,32.263103,30.94425,29.679737,24.904444,23.95789,20.748457,20.153658,17.375893,15.825554,16.266224,10.843211,14.186922,15.924508,14.904524,16.043861,18.479223,20.709877,21.282362,25.11437,27.00908,30.030348,36.336754,36.831978,39.714516,42.689156,44.300102,42.555534,38.988834,34.730873,36.556744,31.632936,32.248226,27.395683,27.868742,23.093447,23.466084,18.459538,21.07285,21.386423,25.285992,23.333794,29.501217,30.132778,31.615442,33.522957,29.269003,31.780354,33.04154,28.516651,27.539366,22.10256,19.63602,15.673874,13.651405,11.153435,13.9115305,16.44359,20.66563,24.884155,24.15014,29.07863,28.669073,32.192303,32.92133,34.27766,36.835487,35.514706,39.684486,39.52142,37.38855,37.815483,36.130013,31.838701,30.842072,25.759077,25.054205,20.252594,21.113466,19.931559,21.210508,23.232403,25.294998,28.957262,30.280882,30.481466,29.623047,27.051859,25.216957,24.631874,22.020742,22.571987,26.769173,26.70902,31.82331,31.153633,35.440483,36.286987,39.873386
2,6.966824,5.257986,0.0,5.064787,7.3335743,8.28035,11.959688,14.754424,17.572353,20.549582,25.61265,28.282228,26.566095,25.425173,20.409245,20.168783,16.941154,17.298788,14.969675,14.567713,15.391759,11.189922,15.95268,17.615835,17.682247,17.262318,20.508015,21.618433,21.118605,25.436234,25.987051,29.507563,35.10303,35.390205,38.54313,41.203125,43.260887,41.785698,38.17982,34.06258,36.052143,31.527163,31.536242,27.05629,28.523602,23.533096,24.987995,19.675121,23.021368,23.156828,26.418533,23.427197,29.749022,29.397293,30.93949,32.359356,27.704563,29.807482,30.455956,25.79318,25.111046,19.720675,18.154491,13.920497,14.165566,10.702704,14.736285,16.838026,20.200895,24.43519,22.817396,27.460127,26.800121,29.81418,30.512796,31.295614,33.84696,32.21108,36.22419,36.09372,34.610332,35.371826,34.118206,29.814653,29.045685,23.97925,24.376835,19.876112,21.854685,21.519175,23.444351,25.861311,28.001373,31.841156,32.536995,32.190395,31.298912,27.956848,26.632145,24.87264,22.836,23.91921,27.589264,27.16897,32.685677,31.213614,35.49795,36.08391,39.404198
3,10.001174,6.5836935,5.064787,0.0,3.8114128,6.325804,8.6695795,12.989912,14.592871,19.130215,22.984724,26.329985,24.918076,23.445183,18.926506,17.50481,14.439692,13.608233,11.2595625,9.924273,11.606565,7.505991,12.1076145,13.031138,13.462272,12.337106,16.018896,16.758963,16.38119,20.446587,21.405981,24.586954,30.494102,30.777514,33.856956,36.63335,38.50068,36.953228,33.333584,29.166658,31.216661,26.61442,26.874477,22.534492,23.862398,19.007084,20.610783,15.564123,19.394918,20.26041,23.350018,20.219967,26.78277,26.494028,27.37021,28.817533,24.201807,26.260117,27.539093,22.681065,21.509256,16.432913,14.125313,9.90141,9.460188,5.6583414,10.053621,12.654266,16.344252,20.225742,18.974802,23.659891,22.710651,26.151857,26.602295,27.878963,30.318521,28.942608,33.1166,32.9912,30.915684,31.353262,29.837372,25.52204,24.592499,19.53175,19.458948,14.876062,16.811644,16.684208,18.79909,21.432972,23.510025,27.404562,27.811377,27.273066,26.442818,22.93299,21.839546,19.992836,18.317348,20.01241,23.275883,22.598442,27.95559,26.302511,30.63817,31.138903,34.576466
4,13.196342,9.30545,7.3335743,3.8114128,0.0,5.357847,5.1409245,10.353617,11.530192,16.26774,20.25409,23.370605,22.559565,21.425676,17.126488,15.697002,13.462914,12.313919,11.364437,9.825625,13.1780815,10.112453,14.242354,14.002286,14.115205,12.02261,15.064151,15.202857,14.030492,18.778553,18.793564,22.779558,28.115551,28.95328,31.729542,34.587624,36.725918,35.008816,31.663643,27.61115,29.02598,24.57244,24.326544,19.782282,21.604391,16.563116,18.71602,13.420944,17.44542,17.997375,20.59468,16.97489,23.519617,22.886255,23.910622,25.28193,20.638428,22.797138,23.94991,19.259382,18.306145,12.912452,10.862704,6.675028,7.840241,5.857642,11.162658,14.260656,17.752054,21.038023,19.69364,24.024652,22.309534,25.762753,25.57277,26.82305,28.828669,27.141665,31.218168,30.574123,28.379278,29.184937,27.543821,23.296072,22.864635,17.3474,18.219906,13.94301,16.198706,16.83226,18.429956,22.044888,23.402082,27.366285,27.753073,26.752544,26.416483,22.3971,22.167282,19.934324,19.26624,21.783514,24.386377,23.22629,28.292173,25.866566,30.279692,30.227753,33.795822
5,14.806581,12.27731,8.28035,6.325804,5.357847,0.0,6.257492,7.2320905,9.93454,13.375953,17.524529,20.657787,18.792795,17.407024,12.679718,11.929034,9.098526,9.614497,8.8334465,9.543611,12.223929,11.004437,16.027586,16.469446,17.96003,15.090111,19.200743,18.356323,16.432081,20.872877,19.746725,23.555016,28.215551,28.277004,31.618248,33.943943,36.411892,35.216934,31.65754,27.804838,29.93957,26.059994,25.429768,21.845922,24.512993,19.712345,22.680738,17.751402,22.16161,22.831474,24.901129,20.587997,27.021711,25.411823,26.154268,26.85206,21.807291,23.153212,23.65865,18.606028,17.789614,13.130372,12.39795,8.364474,11.792889,8.1003475,13.013871,14.763824,16.864502,20.226198,17.848192,21.794788,20.217236,22.915188,23.075743,23.59433,25.873474,24.028399,27.99738,27.827055,26.540493,27.44923,26.511385,22.264158,21.75878,16.827625,18.573032,14.907384,18.28196,19.396013,22.014751,25.071941,26.997322,30.924843,30.567194,29.299532,28.55814,24.152794,23.959589,20.632416,20.11296,22.579742,24.803894,23.559486,29.085897,26.264046,30.464237,30.473806,33.512295
6,18.260487,14.426482,11.959688,8.6695795,5.1409245,6.257492,0.0,6.839482,6.665168,12.13264,15.562289,18.67279,18.481165,17.598358,13.946741,12.205088,11.336494,9.759952,10.95105,9.762233,14.561342,13.323778,17.001503,15.729693,16.270279,12.709907,15.423362,14.079935,11.448503,16.690966,14.934671,19.774109,24.095331,25.326189,27.895704,30.663374,33.195538,31.47067,28.401459,24.610163,25.527025,21.5615,20.54663,16.323866,19.201227,14.266508,17.612247,12.6944895,17.114206,17.646975,19.104147,14.478113,20.870806,19.265127,19.98222,20.897642,16.006853,17.879663,18.879492,14.122849,13.29363,7.842079,6.616554,2.8528564,8.207833,7.9852014,13.025044,15.946067,18.609676,20.983837,19.36517,22.974974,20.33337,23.583601,22.614922,23.741325,25.198809,23.186085,27.108541,25.973337,23.719753,24.914906,23.29069,19.166832,19.34122,13.528229,15.941106,12.593297,15.610705,17.41811,18.893646,23.237385,23.99995,27.920542,27.821102,26.115686,26.201256,21.462,22.360159,19.265966,19.974575,23.424002,24.96628,23.189026,27.90917,24.397636,28.739765,28.00874,31.509224
7,21.634241,18.81458,14.754424,12.989912,10.353617,7.2320905,6.839482,0.0,4.815244,6.203099,11.132358,13.564281,12.371962,11.831582,7.636291,7.9096847,8.075786,9.177855,11.778235,13.00461,17.023119,17.309813,21.71962,21.057749,22.532726,18.55102,21.87066,19.743835,16.320765,21.117722,17.452372,22.385601,25.06857,25.703009,28.687107,30.705872,33.888527,32.757942,29.727041,26.42683,27.712643,24.76373,22.890913,19.975945,23.945368,19.495596,23.573277,19.090061,23.496569,23.735449,24.47526,19.23929,24.931364,21.945225,22.66337,22.549995,17.383514,18.03557,17.517635,12.693217,12.740542,8.781206,10.648108,8.662823,14.762219,13.165881,17.908083,19.668308,20.864862,23.036024,20.275122,23.000454,20.17586,22.170664,21.176022,21.051188,22.398308,19.73226,23.238308,22.178503,21.445831,23.305593,22.707775,18.860357,19.475195,14.541933,18.695528,16.496214,20.487593,22.773907,24.956848,28.918135,30.020094,33.871616,33.133266,31.07268,30.925087,25.777155,26.931269,22.742819,23.82594,27.251753,28.287199,26.345133,31.332739,27.16621,31.15623,30.208944,33.032825
8,24.185614,20.758562,17.572353,14.592871,11.530192,9.93454,6.665168,4.815244,0.0,7.238036,8.911881,12.368337,12.450766,11.71926,9.395426,7.350118,8.99934,7.875236,11.70204,12.003945,16.951752,17.817097,21.294777,19.686346,21.163109,16.567402,19.42474,16.51855,12.564303,17.185846,12.780315,18.021694,20.398315,21.488527,24.14735,26.371826,29.539999,28.204182,25.374956,22.161785,23.007984,20.223997,18.12425,15.483135,19.791813,15.743672,20.271439,16.511618,20.991577,21.66023,21.798317,16.38427,21.88984,18.736046,18.653353,18.400684,13.198987,13.696177,13.988708,8.750871,8.154809,4.689808,6.959,6.819228,13.139503,12.939445,17.027328,18.99084,20.121727,21.428705,19.16981,21.496408,17.961195,20.352985,18.574825,19.079725,19.88943,17.35797,20.987719,19.493202,17.738884,19.51241,18.446535,14.607989,15.575483,10.282211,15.093665,13.6409,17.590908,20.456861,22.333384,26.672121,27.26946,30.979652,30.005703,27.577644,27.789524,22.407171,24.30516,20.005257,22.029848,26.086699,26.405119,24.081081,28.482836,23.794107,27.737328,26.336071,29.314663
9,27.498863,24.737156,20.549582,19.130215,16.26774,13.375953,12.13264,6.203099,7.238036,0.0,7.693852,7.963206,7.77934,8.985618,6.8288584,8.97494,11.522278,13.052485,16.770699,18.290586,22.443085,23.353615,27.549458,26.50664,27.96661,23.622812,26.393003,23.654625,19.568405,24.167387,18.823465,24.201254,24.882168,25.899275,28.471561,30.021523,33.79389,32.838963,30.37492,27.73889,28.311377,26.37327,23.528915,21.492296,26.234488,22.359926,26.922848,22.971508,27.072302,26.922619,26.673779,21.109375,25.695318,21.58203,22.339611,21.35674,16.527899,16.232872,14.174607,10.396737,11.790453,9.911982,13.655148,13.398199,19.839233,19.053856,23.54792,25.160734,25.766064,27.238428,24.2677,25.999971,22.582045,23.704735,21.93772,21.03735,21.435482,18.052269,20.69282,18.73148,19.04746,21.899557,21.855425,18.778477,20.368204,16.193586,21.728662,20.68392,24.78689,27.608387,29.513048,33.838795,34.47441,38.19301,37.209423,34.68727,34.89347,29.440403,31.35339,26.753605,28.666868,32.457485,32.81394,30.53861,35.086594,30.16002,33.80847,32.211105,34.68162
10,32.30658,29.29293,25.61265,22.984724,20.25409,17.524529,15.562289,11.132358,8.911881,7.693852,0.0,5.4100375,5.985073,5.9957223,8.518753,7.632812,12.032219,12.299208,17.023651,18.572727,22.751972,25.2014,28.436325,26.77499,28.967943,23.906668,26.79784,22.958183,18.61714,21.780203,15.451796,19.821726,18.902279,19.397366,22.016386,23.000147,27.014217,26.494362,24.229094,22.261332,23.068228,22.302303,19.130331,19.106342,24.24723,21.58749,26.613497,24.022621,28.277409,29.015596,28.089605,22.526299,26.590855,22.132143,21.143858,19.345428,14.949989,12.999151,11.639145,7.8218265,8.262412,10.728317,14.213355,15.476608,21.412657,21.035076,24.26294,25.236706,24.77744,24.885225,22.086756,22.468035,18.347343,18.865568,16.114115,15.152693,14.572389,11.036963,13.544297,11.314643,11.484189,14.450485,14.936525,12.531631,14.622788,12.211046,18.453667,19.170763,23.382294,26.84594,29.0472,33.06113,33.583187,36.943897,35.088314,32.06579,32.315292,26.685503,29.356632,24.17753,27.22462,31.512747,30.59453,27.90124,31.688087,26.040308,29.08815,26.992224,28.910194
11,35.190563,32.263103,28.282228,26.329985,23.370605,20.657787,18.67279,13.564281,12.368337,7.963206,5.4100375,0.0,5.5163136,8.26174,10.832899,12.107797,16.223118,17.197647,21.747032,23.332052,27.572548,29.542208,33.11468,31.50225,33.281456,28.39745,30.812302,27.189163,22.701029,26.283403,19.55013,24.458717,22.55414,23.690691,25.688416,26.444798,30.753584,30.189087,28.482624,26.888735,26.854994,26.456245,22.778786,22.564402,27.86005,25.174677,30.154877,27.36324,31.244526,31.311556,29.995554,24.410168,27.670803,22.649506,22.412928,20.247492,16.419085,14.359195,11.133559,9.499084,11.525925,13.512621,17.722967,19.04255,25.283504,25.166443,28.911764,30.157269,29.925007,30.242876,27.339186,27.699444,23.657297,23.804491,21.02187,19.536469,18.462559,14.630315,15.846565,12.598804,14.161931,17.974169,18.723314,17.07224,19.622303,17.219248,23.601852,24.16644,28.242353,31.67387,33.479435,37.87114,38.084656,41.476162,39.893536,36.810623,37.325256,31.681705,34.488693,29.451859,32.450687,36.70518,35.955658,33.272575,37.001877,31.265339,34.247448,31.901731,33.74442
12,33.29833,30.94425,26.566095,24.918076,22.559565,18.792795,18.481165,12.371962,12.450766,7.77934,5.985073,5.5163136,0.0,3.6398551,6.7954593,9.279514,12.974931,15.182859,19.264797,21.760183,25.137094,27.582287,31.510244,30.579689,32.971928,28.151386,31.527655,28.04375,23.850561,27.260464,21.295288,25.43544,24.53273,24.380274,27.31454,27.776964,31.877266,31.787233,29.42436,27.579424,28.867075,28.15546,25.094036,24.929562,30.00282,26.987455,31.906475,28.75044,33.084923,33.490818,32.858486,27.223742,31.371649,26.763165,26.44584,24.608496,20.267391,18.441177,16.052267,13.056633,14.082411,15.298313,18.913342,19.188652,25.404726,24.050522,27.647629,28.254213,27.444197,28.060966,24.624607,24.889734,21.447353,21.005579,19.095293,16.896646,16.737045,13.012426,14.5863285,13.177058,15.671259,18.649292,19.995756,17.871483,19.522417,17.572044,23.411278,23.67974,28.13857,31.312695,33.899197,37.61685,38.59338,42.08162,40.234818,37.399536,37.310127,31.753574,33.914745,28.573038,31.005594,34.824757,34.265976,31.83179,36.107536,30.75246,33.68581,31.948444,33.45885
13,31.92701,29.679737,25.425173,23.445183,21.425676,17.407024,17.598358,11.831582,11.71926,8.985618,5.9957223,8.26174,3.6398551,0.0,5.318164,6.624691,10.280073,12.568424,16.51245,19.314196,22.292036,25.249985,29.015324,28.243933,31.05325,26.181793,30.028355,26.471134,22.51725,25.503624,20.068901,23.518944,23.249756,22.369925,25.806873,26.222834,30.07962,30.18594,27.432394,25.431496,27.487436,26.630384,24.017923,24.091173,28.947994,25.995632,30.857605,27.83397,32.40234,33.249763,32.91444,27.352057,31.954031,27.693357,26.946718,25.299992,20.757221,18.972712,17.474867,13.675723,13.830301,15.136138,18.098526,18.100784,23.977978,22.157965,25.306467,25.503054,24.289955,24.792912,21.241447,21.358347,18.0916,17.527294,15.9527855,13.709898,14.136599,10.71074,13.014632,12.746933,14.836569,17.061497,18.507046,16.073856,17.136728,15.615141,20.99801,21.352167,25.921661,29.024235,32.02566,35.2988,36.629467,40.072178,37.97199,35.230618,34.837437,29.370935,31.287987,25.79822,28.1156,31.814583,31.136837,28.768879,33.157692,27.975086,30.83826,29.401918,30.774075
14,26.931381,24.904444,20.409245,18.926506,17.126488,12.679718,13.946741,7.636291,9.395426,6.8288584,8.518753,10.832899,6.7954593,5.318164,0.0,5.085015,6.979432,10.361835,13.541396,16.4836,19.312483,21.470545,25.810299,25.522469,28.08847,23.648933,27.716757,24.8236,21.179037,24.873508,20.34297,24.23378,25.513155,24.889788,28.457024,29.464878,33.00363,32.73902,29.639042,26.975554,29.150278,27.314125,25.14254,23.984612,28.47137,24.772993,29.303432,25.529102,30.15638,30.79434,31.10153,25.642342,30.872467,27.120024,27.058075,26.043417,21.059925,20.249992,19.003647,14.51158,14.610781,13.700766,16.226164,15.091123,20.979088,18.543182,22.272615,22.723896,22.169817,23.662981,20.03146,21.33931,18.617825,18.925768,18.146889,16.557009,17.923199,14.96764,17.912563,17.754286,18.873175,20.788252,21.524261,18.284693,18.852074,15.953264,20.699837,19.829262,24.38719,27.023037,30.052977,33.30535,34.89712,38.563477,36.940918,34.593933,34.038128,28.723804,30.0061,24.883959,26.353062,29.684685,29.896063,27.846115,32.831543,28.25034,31.604656,30.643713,32.512657
15,26.43814,23.95789,20.168783,17.50481,15.697002,11.929034,12.205088,7.9096847,7.350118,8.97494,7.632812,12.107797,9.279514,6.624691,5.085015,0.0,4.468593,5.999739,10.077722,12.696006,15.930655,18.767653,22.417604,21.66639,24.5589,19.777302,24.006842,20.723686,17.189537,20.283302,16.099598,19.386543,21.250544,20.352253,24.112514,25.33982,28.587168,28.25374,24.926954,22.078743,24.64426,22.68617,20.898672,20.090748,24.385057,21.024416,25.586855,22.3676,27.152805,28.413343,28.70819,23.398426,28.817942,25.427498,24.584057,23.71689,18.740435,17.904745,17.8651,12.767838,11.747396,11.52538,13.172931,12.4581375,17.846888,15.678887,18.684193,19.00293,18.263544,19.216053,15.878676,17.146078,13.982322,14.968857,13.910863,13.23362,14.79867,12.382316,16.145239,16.283106,16.039904,17.215048,17.527992,13.91392,14.048947,11.204271,15.70914,15.2225275,19.843834,22.695314,25.895409,28.97978,30.570807,34.11481,32.207005,29.771118,29.175116,23.827581,25.287424,20.01889,21.912968,25.59053,25.34988,23.10877,27.88875,23.180998,26.560535,25.610327,27.604664
16,22.797775,20.748457,16.941154,14.439692,13.462914,9.098526,11.336494,8.075786,8.99934,11.522278,12.032219,16.223118,12.974931,10.280073,6.979432,4.468593,0.0,4.6627617,6.669894,10.147427,12.392761,15.172197,19.234926,19.253622,22.411098,18.107819,22.99104,20.349361,17.546041,20.613535,17.929962,20.656803,23.918756,22.614695,26.670498,28.083931,30.870598,30.529325,26.80277,23.538353,26.73823,24.117514,23.08179,21.678682,25.312277,21.579657,25.629503,22.018635,26.903547,28.325281,29.34421,24.355947,30.324156,27.56969,26.970877,26.602701,21.51067,21.268599,21.612724,16.303032,15.025742,13.459056,13.963792,11.937778,16.479961,13.049436,15.956148,15.899808,15.235636,17.10053,13.535065,15.768149,13.667804,15.08756,15.257752,14.924451,17.410564,15.6779375,19.608923,20.406832,19.970884,20.539564,20.639572,16.721457,15.991653,12.959014,15.853914,14.307238,18.84525,21.064884,24.72296,27.211946,29.4199,33.05141,31.297209,29.332878,28.274897,23.296413,23.84931,18.864517,19.694218,22.776474,23.250334,21.449642,26.82372,22.963816,26.523314,26.295305,28.38955
17,22.893198,20.153658,17.298788,13.608233,12.313919,9.614497,9.759952,9.177855,7.875236,13.052485,12.299208,17.197647,15.182859,12.568424,10.361835,5.999739,4.6627617,0.0,4.8500314,6.797535,10.454212,13.428595,16.573967,15.726807,18.911764,14.183313,18.96966,15.97121,13.265397,15.979811,13.823647,16.260765,20.308956,19.278082,23.163874,25.024462,27.501339,26.828552,23.04938,19.502008,22.637878,19.678993,19.01856,17.55918,20.9106,17.407742,21.434887,18.326565,23.253666,25.142275,26.07482,21.31939,27.310913,24.967316,23.839693,23.724504,18.802391,18.797722,20.139833,14.705765,12.659066,11.321409,10.722841,9.252769,13.106949,10.519575,12.806819,13.138391,12.917135,14.2155075,11.44297,14.010828,11.248828,13.9579735,13.5399065,14.510139,16.720125,15.449456,19.719625,20.202177,18.40831,18.493484,17.837526,13.627374,12.604126,8.953536,11.3105755,9.772548,14.378077,16.91375,20.467329,23.156113,25.095827,28.670097,26.846163,24.755978,23.877813,18.76874,19.669163,14.687107,16.119167,19.830233,19.933762,17.832813,22.920324,18.858988,22.66128,22.296553,24.818583
18,19.600145,17.375893,14.969675,11.2595625,11.364437,8.8334465,10.95105,11.778235,11.70204,16.770699,17.023651,21.747032,19.264797,16.51245,13.541396,10.077722,6.669894,4.8500314,0.0,4.334728,5.894219,9.289465,12.722206,12.980545,16.677855,12.762502,18.354214,16.303326,14.846507,17.09801,16.93463,18.39346,23.690954,22.192049,26.265707,28.213346,30.129807,29.506516,25.397215,21.56303,25.34809,21.837471,22.07643,20.193844,22.581821,18.92917,22.107813,18.809166,23.65947,25.806198,27.531805,23.339516,29.701523,28.085737,27.146576,27.489485,22.645473,23.090343,24.682814,19.241747,17.141443,14.976002,13.34148,10.705586,12.589242,8.28332,9.702539,9.229929,9.17405,11.831855,9.087089,13.018068,11.880831,14.934422,15.816721,17.04407,19.949373,19.27239,23.56569,24.637985,22.846645,22.403591,21.66758,17.466396,15.675444,12.505377,12.504977,9.713518,13.734486,15.22145,19.412868,21.099533,23.887192,27.472277,25.793402,24.357275,22.855091,18.430025,18.02884,13.636152,13.431568,16.284397,17.342262,15.899752,21.641745,18.857552,22.718098,23.273296,25.80333
19,18.781301,15.825554,14.567713,9.924273,9.825625,9.543611,9.762233,13.00461,12.003945,18.290586,18.572727,23.332052,21.760183,19.314196,16.4836,12.696006,10.147427,6.797535,4.334728,0.0,5.629724,7.458939,9.886253,9.123653,12.555174,8.430725,14.054927,12.268744,11.483471,13.702675,14.835234,16.247114,22.469276,21.660507,25.242077,27.731419,29.309114,28.188448,24.199366,20.070873,23.352999,19.220583,19.95165,17.390625,19.084705,15.36486,18.08378,14.938162,19.701233,22.158699,24.086945,20.37344,26.775782,25.821507,24.794313,25.604565,21.041033,22.04222,24.292496,19.024319,16.668898,14.050045,11.22591,8.705189,8.767133,5.169947,6.016817,6.992232,8.923544,11.404866,10.227304,14.535904,13.114252,17.072777,17.404316,19.451841,21.941038,21.390617,25.753386,26.312077,23.604645,23.034216,21.556747,17.29712,15.526364,11.616971,10.361741,6.370287,9.880279,11.22178,15.151305,17.23461,19.741526,23.421923,22.10602,20.787848,19.544714,15.205422,14.804911,11.139817,10.93736,14.308862,15.623318,14.103564,19.543776,17.012995,21.233171,21.729227,24.865383
20,17.994677,16.266224,15.391759,11.606565,13.1780815,12.223929,14.561342,17.023119,16.951752,22.443085,22.751972,27.572548,25.137094,22.292036,19.312483,15.930655,12.392761,10.454212,5.894219,5.629724,0.0,5.7915773,7.843103,9.4926815,13.877772,11.37181,17.350893,16.381502,16.571466,17.682047,19.826962,19.919683,26.46758,24.6241,28.652218,30.783188,31.905153,31.23722,26.901588,22.859713,27.176994,23.176344,24.523964,22.469742,23.568766,20.250772,22.255482,19.421402,23.861277,26.524406,28.93636,25.637852,32.07939,31.386963,30.312113,31.137377,26.62123,27.447805,29.629223,24.280027,21.900167,19.529633,16.845634,14.029597,13.099626,8.353305,6.630769,4.1393127,4.880463,9.176413,7.950983,12.970522,13.54247,17.067036,18.791597,20.678051,23.883678,23.925001,28.22866,29.69174,27.428768,26.309652,25.252827,21.189056,18.717436,16.170341,13.691143,10.2516575,12.650281,12.6236,17.407497,17.520819,21.276287,24.646917,23.059788,22.457548,20.25189,16.98909,14.993517,11.918229,9.4970255,11.057366,13.332622,12.850833,18.91608,17.915918,21.666502,23.234262,25.822563
21,12.857757,10.843211,11.189922,7.505991,10.112453,11.004437,13.323778,17.309813,17.817097,23.353615,25.2014,29.542208,27.582287,25.249985,21.470545,18.767653,15.172197,13.428595,9.289465,7.458939,5.7915773,0.0,5.479394,8.095541,10.776914,9.999457,15.260218,15.835474,16.66659,18.736034,21.470669,22.549585,29.450949,28.594162,32.10651,34.709167,35.85042,34.658417,30.5878,26.343838,29.694248,25.072575,26.42884,23.1002,23.629864,19.693237,20.84705,17.229898,21.193481,23.428688,26.55105,23.846426,30.399101,30.406458,30.10324,31.480331,27.04585,28.64071,30.755537,25.577503,23.543802,19.839289,16.721645,13.204387,10.794694,5.831123,5.0924797,5.8173504,9.842995,14.111227,13.667737,18.70243,18.917837,22.644016,23.932583,25.813387,28.75835,28.345346,32.68714,33.509476,31.042902,30.405277,28.918566,24.697924,22.719774,18.974937,16.703775,12.193439,13.500728,12.459448,16.13726,16.739065,20.1936,23.788275,23.418558,23.346352,21.56084,18.80139,16.467075,15.007874,11.955132,12.777011,16.48326,16.401672,22.015594,21.543474,25.583593,26.99836,30.133102
22,16.26184,14.186922,15.95268,12.1076145,14.242354,16.027586,17.001503,21.71962,21.294777,27.549458,28.436325,33.11468,31.510244,29.015324,25.810299,22.417604,19.234926,16.573967,12.722206,9.886253,7.843103,5.479394,0.0,4.59374,7.907158,8.6475525,13.444478,14.601695,16.792618,17.33609,21.823366,21.571697,29.184423,28.222622,31.45293,34.238483,34.684586,33.364582,29.308487,25.05262,28.566347,23.757984,26.025892,22.97061,22.35451,19.26934,19.416124,17.070444,20.448027,23.436188,26.659678,24.8015,31.007809,31.708796,30.841257,32.48061,28.567774,30.24523,33.069714,28.097279,25.661724,22.556128,18.768265,16.097137,11.876004,9.036886,4.492033,4.5276775,9.31521,12.693301,13.971572,18.803577,19.417093,23.581512,24.879839,27.47518,30.310806,30.458998,34.81384,35.752567,32.597572,31.362942,29.490725,25.532923,23.157497,20.073116,16.111523,11.925769,11.399992,8.9902115,12.86125,11.905729,16.030994,19.290138,18.908976,19.464155,17.310904,15.702049,12.346778,12.605826,8.472713,8.497536,12.787288,13.268055,18.248383,19.045685,22.870604,24.777334,28.03869
23,18.982141,15.924508,17.615835,13.031138,14.002286,16.469446,15.729693,21.057749,19.686346,26.50664,26.77499,31.50225,30.579689,28.243933,25.522469,21.66639,19.253622,15.726807,12.980545,9.123653,9.4926815,8.095541,4.59374,0.0,5.057794,4.6277995,9.356963,10.209911,12.897675,12.996982,18.100067,17.758955,25.52408,25.137896,27.907118,30.985916,31.362051,29.698326,25.885561,21.590322,24.524488,19.535963,21.97512,18.824863,17.847137,15.064977,15.092397,13.405883,16.79119,20.204023,23.054201,21.35613,27.307064,28.17578,26.946558,28.6879,25.123886,26.901808,30.141285,25.460045,22.867264,20.123114,15.966438,14.150414,9.197024,8.523007,3.6540864,5.9290066,10.51572,12.51149,14.312033,18.727121,18.391014,22.961124,23.476494,26.491268,28.831448,28.956556,33.278076,33.765034,30.033575,28.791235,26.493141,22.674461,20.514853,17.236046,12.893345,8.760894,7.1552978,4.6339555,8.5464115,8.882798,12.246773,15.796748,15.393421,15.501544,13.933044,11.831059,9.294864,9.874175,7.2630897,9.480816,12.250431,11.864556,16.13861,16.225494,20.314991,21.68331,25.381958
24,18.48458,14.904524,17.682247,13.462272,14.115205,17.96003,16.270279,22.532726,21.163109,27.96661,28.967943,33.281456,32.971928,31.05325,28.08847,24.5589,22.411098,18.911764,16.677855,12.555174,13.877772,10.776914,7.907158,5.057794,0.0,5.341182,6.4339333,9.647634,13.104314,13.859096,19.26121,19.762703,27.374395,27.99239,30.092855,33.551044,33.923374,31.75715,28.404505,24.156414,25.876347,20.561335,22.92748,18.76266,16.95886,13.998916,12.651707,10.838749,13.159587,16.450377,19.849129,19.160912,24.797382,26.544512,25.83742,28.114542,24.981228,27.397184,30.702055,26.461994,24.165405,20.751387,16.357758,14.742015,8.491313,10.037747,7.333534,10.690268,15.521695,17.486563,19.265081,23.631847,22.881817,27.527193,27.591682,30.620808,32.63796,32.443405,36.725235,36.615543,32.608868,31.74746,29.068346,25.32613,23.699816,19.709991,15.937285,11.804455,9.313638,6.5828853,6.7575817,8.732502,10.488105,14.210431,15.4471855,15.956056,15.369036,13.91498,11.992909,13.818806,11.894054,13.622768,16.528223,16.198025,19.470047,19.631117,23.710714,24.651512,28.727402
25,19.911055,16.043861,17.262318,12.337106,12.02261,15.090111,12.709907,18.55102,16.567402,23.622812,23.906668,28.39745,28.151386,26.181793,23.648933,19.777302,18.107819,14.183313,12.762502,8.430725,11.37181,9.999457,8.6475525,4.6277995,5.341182,0.0,5.9974356,6.0892477,8.539638,9.767349,14.348466,15.206825,22.618713,23.168552,25.49204,28.841936,29.616028,27.581062,24.119719,19.817806,21.712278,16.54898,18.464432,14.634857,13.982634,10.626351,11.208647,9.086071,12.989125,16.359316,18.81655,16.817286,22.789875,23.551662,22.380781,24.204258,20.710709,22.734015,26.04566,21.617054,19.133755,16.231987,11.8609495,10.67979,5.370222,7.3159695,5.336819,8.99029,13.1207,14.566096,15.817814,19.883743,18.391554,23.041458,22.690514,25.68339,27.504934,27.205698,31.461618,31.280401,27.291977,26.507236,23.909916,20.069044,18.550957,14.379106,11.013461,6.670129,5.2759123,5.0146556,7.0562205,10.5280695,11.946746,15.849249,15.747626,14.964338,14.548501,11.226679,10.75565,10.403893,10.140752,13.600351,15.243314,13.960498,17.71921,16.289562,20.667688,21.060974,25.124834
26,22.777016,18.479223,20.508015,16.018896,15.064151,19.200743,15.423362,21.87066,19.42474,26.393003,26.79784,30.812302,31.527655,30.028355,27.716757,24.006842,22.99104,18.96966,18.354214,14.054927,17.350893,15.260218,13.444478,9.356963,6.4339333,5.9974356,0.0,4.8932805,8.801076,9.774994,15.010162,16.297678,23.266483,25.110022,26.325111,30.133236,30.681017,27.987864,25.278824,21.245863,21.424524,16.041752,18.085638,13.3283205,10.998896,8.188516,6.2343354,5.59478,7.7525654,11.749599,14.277182,13.856413,18.968325,20.977715,19.938496,22.44254,19.962275,22.650267,26.339832,22.809042,20.59244,17.665926,13.202544,13.246708,7.4778986,12.067435,11.055479,14.750654,18.902939,19.7933,21.462694,25.146309,23.215889,27.916576,26.920177,30.117245,31.359283,30.910904,34.966614,34.06627,29.513536,28.97446,25.81682,22.429598,21.550497,17.192148,14.237071,11.099259,8.247423,7.804331,4.691562,10.60252,9.265085,13.084325,14.513173,13.835783,14.873785,12.465666,13.002385,14.279151,14.756378,17.969337,19.293465,17.997663,20.211018,18.88735,23.012566,22.805325,27.27151
27,25.008512,20.709877,21.618433,16.758963,15.202857,18.356323,14.079935,19.743835,16.51855,23.654625,22.958183,27.189163,28.04375,26.471134,24.8236,20.723686,20.349361,15.97121,16.303326,12.268744,16.381502,15.835474,14.601695,10.209911,9.647634,6.0892477,4.8932805,0.0,4.580732,5.2016063,10.26849,11.590803,18.47239,20.33525,21.611717,25.374771,26.169735,23.556187,20.79104,16.754068,16.98876,11.657678,13.483847,9.194299,7.905528,5.064254,6.1848483,6.356722,9.903952,13.710649,14.874582,13.066483,18.2278,19.139124,17.225542,19.200918,16.519447,18.69632,22.642965,19.041134,16.502192,14.621638,10.274728,11.409488,7.534474,11.918154,11.211671,14.37489,17.542604,17.637714,19.037209,22.112347,19.537117,24.145758,22.671062,25.939835,26.873325,26.466688,30.423157,29.471043,24.750381,24.130621,20.928892,17.61068,16.858807,12.635861,9.943956,7.7513714,5.640075,7.6850953,6.56072,12.191156,11.0898485,14.678437,14.570166,12.650423,13.8468275,9.863996,11.995458,11.6179285,13.734502,17.979578,18.126278,16.104675,18.281002,15.571883,19.787088,18.991146,23.44363
28,25.635576,21.282362,21.118605,16.38119,14.030492,16.432081,11.448503,16.320765,12.564303,19.568405,18.61714,22.701029,23.850561,22.51725,21.179037,17.189537,17.546041,13.265397,14.846507,11.483471,16.571466,16.66659,16.792618,12.897675,13.104314,8.539638,8.801076,4.580732,0.0,5.764558,6.6318636,10.299073,15.986245,18.241844,19.633627,23.248703,24.806934,22.312761,19.654377,15.777985,15.632447,10.853832,11.10376,6.4902325,8.164886,4.208066,8.517249,7.296168,11.562036,14.381114,14.649348,11.247392,16.684547,16.31809,14.354683,15.817041,12.471189,14.456877,18.211752,14.463874,11.954733,10.304377,6.2601295,8.614251,7.704722,11.773914,12.668757,15.667369,18.190832,18.257225,18.722452,21.422089,18.104158,22.355026,20.347715,23.22075,23.824158,22.951218,26.80858,25.462515,20.919348,20.859806,17.78455,14.287796,14.240443,9.138486,8.902808,7.408682,8.023796,11.155001,11.114886,16.443727,15.589972,19.049192,18.46634,15.97275,17.161827,12.257714,15.072421,12.939024,15.813717,20.446592,20.237268,17.803097,20.434864,16.452482,20.668825,19.216492,23.431297
29,29.225414,25.11437,25.436234,20.446587,18.778553,20.872877,16.690966,21.117722,17.185846,24.167387,21.780203,26.283403,27.260464,25.503624,24.873508,20.283302,20.613535,15.979811,17.09801,13.702675,17.682047,18.736034,17.33609,12.996982,13.859096,9.767349,9.774994,5.2016063,5.764558,0.0,7.426784,6.561485,13.790769,15.491351,16.59835,20.374874,20.985262,18.402782,15.609419,11.637653,12.084512,6.8041687,9.365428,7.3489666,6.655157,6.7304482,9.083167,10.925578,14.03566,17.762169,17.815437,15.613413,19.904184,20.022917,16.873253,18.136314,15.86528,17.089802,21.490189,18.150764,15.175721,15.305791,11.714533,13.852492,11.801478,15.140235,13.940913,15.968628,17.752432,16.491158,18.063925,20.044277,16.977514,21.410202,19.404898,23.021606,23.50777,23.532026,27.256084,26.429882,21.269423,20.093082,16.695786,13.88138,13.004916,10.1854,6.855967,7.6114154,6.0899754,9.50201,9.509969,13.790641,12.697001,15.524217,13.880244,10.820835,12.251006,7.279846,11.322996,9.849237,13.789372,18.59594,17.199312,14.563777,15.779402,11.803145,15.750018,14.255083,18.73033
30,31.168222,27.00908,25.987051,21.405981,18.793564,19.746725,14.934671,17.452372,12.780315,18.823465,15.451796,19.55013,21.295288,20.068901,20.34297,16.099598,17.929962,13.823647,16.93463,14.835234,19.826962,21.470669,21.823366,18.100067,19.26121,14.348466,15.010162,10.26849,6.6318636,7.426784,0.0,6.717354,9.76355,12.740967,13.7506895,17.227491,19.411343,17.031979,14.78937,11.60905,10.693411,7.620562,5.6882653,4.7719674,9.244218,8.40553,13.140565,13.381469,16.929976,19.34828,18.179913,14.23062,18.134747,16.21114,12.786016,12.808743,9.813316,10.074216,14.3694105,11.216961,8.20418,10.333954,8.74747,12.360067,13.897932,16.805653,17.647583,19.617163,20.626837,19.482763,19.529718,20.735758,16.471516,19.977776,16.846151,19.65422,19.257498,18.399855,21.78544,20.020075,14.907655,14.879316,11.531314,8.618862,9.726756,5.828121,8.400273,10.274668,11.9289,15.805688,16.31649,20.95318,19.970102,22.821943,21.143766,17.773117,19.17747,13.794986,17.883392,14.478619,18.821121,23.854708,22.267828,19.272291,21.121948,15.612459,19.13757,16.504374,20.236555
31,33.89129,30.030348,29.507563,24.586954,22.779558,23.555016,19.774109,22.385601,18.021694,24.201254,19.821726,24.458717,25.43544,23.518944,24.23378,19.386543,20.656803,16.260765,18.39346,16.247114,19.919683,22.549585,21.571697,17.758955,19.762703,15.206825,16.297678,11.590803,10.299073,6.561485,6.717354,0.0,8.035923,8.97559,10.334258,13.905428,14.739529,12.549369,9.413145,5.515094,7.2656593,4.311135,6.3013287,9.074734,10.494572,11.848559,15.058712,16.875795,20.066433,23.42218,22.63587,19.731852,23.278553,22.143257,18.085135,18.111788,16.141815,15.794068,20.180626,17.21729,14.001471,16.576847,14.410152,17.089367,17.014545,19.223772,18.149649,19.032747,19.098213,16.552612,17.685783,17.98255,14.1900625,17.862143,15.003557,18.789976,18.550772,19.07948,22.363298,21.764355,16.289978,14.352483,10.890909,8.987641,8.06208,8.308285,6.248324,10.367194,10.763862,14.460229,15.617127,18.637682,18.042746,20.170153,17.217316,13.534219,14.570682,9.488223,14.200623,10.963438,16.16892,21.141573,18.277517,15.120875,15.570113,9.699902,12.715943,9.858424,13.84137
32,40.269974,36.336754,35.10303,30.494102,28.115551,28.215551,24.095331,25.06857,20.398315,24.882168,18.902279,22.55414,24.53273,23.249756,25.513155,21.250544,23.918756,20.308956,23.690954,22.469276,26.46758,29.450949,29.184423,25.52408,27.374395,22.618713,23.266483,18.47239,15.986245,13.790769,9.76355,8.035923,0.0,6.0941715,4.3425713,7.900991,10.460019,8.247737,7.526983,7.475814,5.097821,8.370462,6.0635905,12.004272,14.897878,16.905415,20.63861,22.505276,25.299982,27.901117,25.89425,22.606558,24.612211,22.212933,17.520866,16.097921,15.41728,13.383611,17.356884,16.18981,13.685249,18.555983,18.217648,21.7113,23.318918,25.604612,25.474869,26.313091,25.783335,22.990654,23.302465,22.347853,17.929955,19.995947,15.879482,18.77264,16.787865,17.062048,19.03455,17.389584,11.423148,9.8157425,5.9866033,7.6326704,9.324508,11.536184,13.2370405,17.458055,18.635807,22.432848,23.178457,26.54183,25.41127,27.172293,24.22955,20.313242,21.80947,17.256758,22.06327,18.527876,23.815899,28.752401,25.458403,22.224072,22.100412,15.862598,17.294706,13.167512,15.456539
33,40.306465,36.831978,35.390205,30.777514,28.95328,28.277004,25.326189,25.703009,21.488527,25.899275,19.397366,23.690691,24.380274,22.369925,24.889788,20.352253,22.614695,19.278082,22.192049,21.660507,24.6241,28.594162,28.222622,25.137896,27.99239,23.168552,25.110022,20.33525,18.241844,15.491351,12.740967,8.97559,6.0941715,0.0,5.0734744,6.1609406,8.299565,8.386315,5.2246366,5.581212,8.969239,11.407698,10.915668,16.147678,18.703386,20.167635,23.836306,25.2995,28.67597,31.661852,30.340038,26.814585,29.74263,27.347757,22.972473,21.621693,20.021507,17.844461,21.226307,19.039267,16.243967,20.92579,20.422758,23.08627,24.659689,25.718275,24.93054,24.753126,23.091276,19.66319,19.853289,17.840937,13.767978,15.137459,11.221936,14.469511,12.780046,14.305219,16.360111,16.463179,11.310974,7.648965,5.4385667,7.143458,6.6881804,11.804516,12.37295,17.129305,18.754047,22.352684,24.332502,26.479975,26.457994,28.159636,24.412663,20.750711,21.155209,16.792265,20.916103,16.667929,21.855347,26.457472,22.561745,19.38435,19.337221,13.042568,13.695119,10.0100355,11.031812
34,43.49787,39.714516,38.54313,33.856956,31.729542,31.618248,27.895704,28.687107,24.14735,28.471561,22.016386,25.688416,27.31454,25.806873,28.457024,24.112514,26.670498,23.163874,26.265707,25.242077,28.652218,32.10651,31.45293,27.907118,30.092855,25.49204,26.325111,21.611717,19.633627,16.59835,13.7506895,10.334258,4.3425713,5.0734744,0.0,4.1912737,6.1419177,4.508534,4.7011375,7.1412435,6.261335,10.788504,9.862296,15.931217,18.064043,20.572721,23.889927,26.171864,28.865078,31.719646,29.772675,26.760473,28.59076,26.362791,21.532581,20.053923,19.705757,17.493546,21.19666,20.176449,17.698359,22.67323,22.236532,25.503452,26.806982,28.77061,28.072018,28.398117,27.289282,23.890083,24.469177,22.733477,18.698631,20.20756,16.218454,19.199404,16.97404,18.079159,19.505407,18.560461,12.973405,10.229958,7.40323,10.214561,10.999764,14.792431,15.484815,20.120672,21.023386,24.605352,25.597647,28.189625,27.245129,28.551603,25.068918,21.190165,22.441128,18.527683,23.217266,19.845564,25.197609,29.893393,25.975323,22.814594,21.828863,15.814944,16.089594,11.722579,12.935726
35,46.280598,42.689156,41.203125,36.63335,34.587624,33.943943,30.663374,30.705872,26.371826,30.021523,23.000147,26.444798,27.776964,26.222834,29.464878,25.33982,28.083931,25.024462,28.213346,27.731419,30.783188,34.709167,34.238483,30.985916,33.551044,28.841936,30.133236,25.374771,23.248703,20.374874,17.227491,13.905428,7.900991,6.1609406,4.1912737,0.0,4.643653,5.9298477,6.619732,9.962501,10.413885,14.884223,13.831087,19.835718,22.215172,24.503803,27.971373,30.01605,32.89971,35.700897,33.7455,30.49648,32.335392,29.732698,24.99927,23.153687,22.735468,20.041246,23.128315,22.279772,20.015537,25.366499,25.350397,28.440107,30.174303,31.63931,30.948637,30.861244,29.15222,25.522785,25.788397,23.300264,19.46267,19.99381,15.999137,18.451044,15.726924,17.28327,17.90153,17.454502,12.643919,9.380984,8.172266,11.875253,12.552491,17.29641,18.317842,23.065134,24.339735,27.893295,29.315096,31.534405,30.949703,32.18811,28.413916,24.63603,25.509905,21.754616,26.142973,22.427702,27.67269,32.17999,27.97317,24.880198,23.862164,17.9814,17.538734,13.457777,13.232005
36,47.860703,44.300102,43.260887,38.50068,36.725918,36.411892,33.195538,33.888527,29.539999,33.79389,27.014217,30.753584,31.877266,30.07962,33.00363,28.587168,30.870598,27.501339,30.129807,29.309114,31.905153,35.85042,34.684586,31.362051,33.923374,29.616028,30.681017,26.169735,24.806934,20.985262,19.411343,14.739529,10.460019,8.299565,6.1419177,4.643653,0.0,4.0255885,5.5205436,9.821997,10.854069,15.326622,15.57308,21.546728,22.88795,25.791561,28.600224,31.283955,33.871353,37.039474,35.25809,32.562305,34.329006,32.364452,27.436224,26.007595,25.845858,23.577465,27.089668,26.053867,23.540989,28.472033,27.832907,30.795168,31.662155,33.217705,31.804337,31.490341,29.708973,25.659771,26.62032,24.004185,20.770447,21.566734,18.157093,21.111202,18.913021,20.99771,21.810467,21.88838,17.125656,13.545235,12.1150875,15.142732,14.939442,19.810158,19.352118,24.183657,24.714445,27.899055,29.191795,30.7155,30.086359,30.793488,26.712025,23.097754,23.90566,21.041428,25.2904,22.322573,27.479952,31.68939,27.08269,24.182472,22.065262,16.898685,15.48201,11.469732,10.586493
