,0,1,2,3,4,5,6,7,8,9,10,11,12,13,14,15,16,17,18,19,20,21,22,23,24,25,26,27,28,29,30,31,32,33,34,35,36,37,38,39,40,41,42,43,44,45,46,47,48,49,50,51,52,53,54,55,56,57,58,59,60,61,62,63,64,65,66,67,68,69,70,71,72,73,74,75,76,77,78,79,80,81,82,83,84,85,86,87,88,89,90,91,92,93,94,95,96,97,98,99,100,101,102,103,104,105,106,107,108,109,110
0,0.0,4.1047177,6.770581,9.277813,12.15876,14.398537,17.76559,22.01336,24.659832,27.86957,30.894503,33.53066,36.744987,38.247715,35.00841,30.966627,28.348515,26.665028,23.289,21.634588,17.906244,18.413103,16.522898,22.230873,24.695679,25.501064,26.757885,29.352556,30.487507,33.871593,33.89531,40.05698,41.21805,44.109795,39.520298,36.502174,39.703438,41.08055,35.87316,34.341465,39.237537,36.27774,32.447205,34.69817,38.89397,34.091854,30.994741,36.29234,37.220024,37.02804,32.457535,30.342867,28.111898,27.322237,24.876808,22.15087,25.066978,23.788935,25.832993,30.019146,29.207808,31.93622,32.23987,35.84081,36.146503,34.00644,33.44583,33.53114,30.06139,27.061329,28.174759,29.33645,26.189392,21.11767,23.510046,18.902138,18.532372,22.538465,19.054884,24.357298,24.466557,26.262148,28.146128,25.830297,26.094679,21.609818,24.51,20.596506,23.89898,24.55362,27.649202,30.061405,32.661457,30.785208,30.748987,35.266155,35.968224,34.055008,39.098377,40.291653,37.68832,36.623405,41.715527,44.72946,42.463696,39.209072,39.875965,34.26499,34.124447,30.970144,29.978302
1,4.1047177,0.0,5.3522196,6.3848677,8.840203,12.191313,14.512398,19.30919,21.852087,25.154709,28.333084,30.858797,34.092075,35.330997,31.805845,27.88716,25.036776,23.266891,19.709429,17.895346,13.961238,14.355439,12.500839,18.181751,20.620073,21.50081,22.920837,25.602436,26.989,30.287088,30.794235,36.723175,38.317226,41.157207,36.61827,33.776726,37.267494,38.569237,33.41573,32.052692,37.17427,34.177486,30.416735,33.010384,37.240314,32.6149,29.87501,35.22356,36.40742,36.562626,32.264214,30.012299,28.209944,27.592892,24.40103,21.223948,23.575695,22.173603,24.982676,29.025665,27.25298,30.321554,30.430841,34.267277,34.226173,31.691528,31.155893,30.852766,27.374283,24.906006,25.58752,26.299759,23.301664,18.463884,21.173885,16.94987,16.421423,20.679108,17.444979,22.907969,22.883999,24.953146,26.16809,23.673424,23.723223,19.239275,21.594933,17.492249,20.52637,21.192225,24.088766,26.301754,29.031834,27.420795,27.292696,31.699673,32.662285,30.945932,35.687843,37.222755,34.850853,33.588783,38.589474,41.509743,39.081734,35.88896,36.211155,30.722706,30.374107,27.11494,26.06223
2,6.770581,5.3522196,0.0,5.325124,6.7274694,8.405794,11.998548,15.522443,18.605793,21.404675,24.604147,27.037968,30.408543,31.858576,28.766336,25.097412,22.391102,21.369122,17.55365,17.121567,13.677274,14.419051,14.648003,19.114035,20.967491,20.906689,22.360426,24.191555,25.329727,28.369173,28.495378,34.434,35.224865,38.522152,34.23353,30.913021,34.13939,36.07489,30.966364,29.078022,34.205395,32.060543,27.914097,29.872824,34.465477,30.547613,26.864302,32.014767,33.739265,34.079754,29.92863,26.630054,25.764633,25.785177,22.843525,20.148794,21.893421,21.60052,24.54737,27.704338,26.369917,30.072607,30.824728,34.38564,33.705864,31.29092,31.702442,31.493645,27.281271,25.370356,26.735914,27.168634,23.376568,19.229664,20.799173,17.05172,15.3689785,18.770424,14.574834,19.617044,18.93089,20.435429,22.107805,20.125402,21.06526,16.303106,20.24196,17.18189,20.782995,22.41914,24.979582,26.656555,29.851997,27.793814,26.97548,31.611319,32.743965,30.647148,34.97973,36.723793,34.123764,32.225956,37.162304,40.03355,37.47139,34.35369,35.013252,29.71413,29.209724,26.586279,25.122005
3,9.277813,6.3848677,5.325124,0.0,3.913622,6.429133,8.839795,13.740351,15.752965,19.403215,22.298193,25.066498,28.080685,29.500118,26.15228,21.818346,19.333061,17.424124,14.650767,12.805895,9.850624,11.602552,11.553611,15.115851,17.235775,17.50916,18.08251,20.456354,21.278955,24.77707,24.639162,30.810886,32.15528,34.921043,30.352116,27.448595,30.8959,32.220406,27.070005,25.672651,30.82975,27.996777,24.155453,26.7975,31.078697,26.77087,24.046982,29.366535,30.840305,31.349628,27.40963,24.845095,23.706095,23.523724,19.71073,16.414236,17.93009,17.082006,20.577675,23.905592,21.722763,25.40846,25.902136,29.640812,28.939608,26.316698,26.530762,26.208563,22.116665,20.279531,21.450788,21.852451,18.140154,13.951463,15.798576,12.193778,10.720252,14.702346,11.448182,16.90317,16.916948,19.38269,20.125898,17.412256,17.348572,12.871763,15.53581,12.012705,15.603751,17.204174,19.886744,21.845867,24.835459,22.618917,22.032667,26.694002,27.615377,25.557373,30.192997,31.713999,29.173885,27.610641,32.63042,35.58305,33.233143,30.001133,30.805298,25.199734,25.16132,22.3088,21.465673
4,12.15876,8.840203,6.7274694,3.913622,0.0,5.272894,5.7235446,10.737742,13.223378,16.476309,19.763783,22.17238,25.413862,26.515879,22.97581,19.201841,16.259901,14.92147,11.179922,10.443111,7.275457,8.781223,10.483496,13.168385,14.727936,14.43862,15.660436,17.519133,18.789999,21.855194,22.453886,28.176216,29.640558,32.725674,28.45111,25.463076,29.14516,30.84228,25.847517,24.313833,29.742311,27.489246,23.54725,26.12776,30.641817,27.065174,24.195353,29.310944,31.36332,32.282795,28.736084,25.484213,25.296558,25.570473,21.490927,18.228674,18.74384,18.408726,22.525574,25.184355,22.279627,26.53487,27.079424,30.85266,29.521059,26.546623,27.211628,26.448072,22.114553,21.300701,22.160435,21.801737,18.064579,14.833246,16.41188,13.855045,11.678676,15.094725,11.745314,16.711176,15.962966,18.177818,18.339645,15.88905,16.260109,11.680983,14.573879,11.635461,14.886122,16.957403,19.008467,20.230726,23.68089,21.77671,20.63814,25.175144,26.641188,24.731613,28.575596,30.76592,28.474188,26.237646,31.034931,33.789806,31.06037,28.000286,28.355774,23.147932,22.50713,19.87583,18.468126
5,14.398537,12.191313,8.405794,6.429133,5.272894,0.0,5.795463,8.202252,10.530872,13.7572,16.518776,19.33152,22.39445,24.133463,21.378757,17.17333,15.122504,14.207122,11.766964,11.967065,10.710697,12.975431,15.37567,16.714874,17.846462,16.80696,17.01112,18.043203,18.2611,21.414494,20.544098,26.735249,27.06212,30.315847,26.066353,22.58755,25.735455,27.822227,22.779991,20.736448,25.953491,24.267193,19.97132,21.87756,26.614061,23.419306,19.665741,24.672281,26.967916,27.917038,24.457367,20.548012,20.988062,21.767101,18.041525,15.460699,15.5252,16.406517,20.195936,21.978964,20.058247,24.623753,25.921337,29.20298,27.506845,25.011791,26.575851,26.302511,21.35944,20.633419,22.571848,22.459335,17.879374,15.305394,15.23324,13.103263,9.917764,11.947862,7.5323443,12.067748,11.057863,13.158273,13.98682,11.759133,12.916145,8.085084,13.194452,11.867635,15.834627,18.707233,20.658829,21.744352,25.19138,22.430254,20.868458,25.65918,26.767124,24.25346,28.159744,29.935362,27.17236,24.724642,29.561579,32.41268,29.946165,26.847418,28.18677,22.928267,22.811216,21.000769,19.805437
6,17.76559,14.512398,11.998548,8.839795,5.7235446,5.795463,0.0,6.1451,7.819887,11.273831,14.488234,16.870792,19.9694,20.955862,17.367285,13.505198,10.584126,9.508468,6.2083654,6.7589803,6.208254,8.673361,12.449,11.948816,12.486252,11.081702,11.577228,12.527744,13.460967,16.40013,16.930262,22.521322,23.975769,27.125395,23.025684,20.025936,23.897324,25.768116,20.975159,19.437708,25.039341,23.306076,19.404203,22.048983,26.602194,23.89517,21.268116,26.020653,28.6094,30.086855,27.256681,23.610058,24.52041,25.328243,20.795807,17.697325,16.671726,17.125673,21.90205,23.418095,19.65072,24.57045,25.362007,28.945034,26.716875,23.487549,25.019304,23.938314,19.168392,19.754354,20.6635,19.510904,15.454975,14.031117,14.453372,13.729404,10.721587,12.770872,10.198379,13.926854,12.73192,15.154038,13.98962,11.500465,11.905872,7.806031,10.611275,9.423829,12.319617,15.402033,16.553177,16.878035,20.698006,18.569242,16.616693,21.11345,22.887558,20.866714,23.91534,26.53528,24.360004,21.409397,25.98316,28.600294,25.703001,22.749138,23.222275,18.25732,17.514994,15.563674,14.069388
7,22.01336,19.30919,15.522443,13.740351,10.737742,8.202252,6.1451,0.0,4.5820265,5.9114113,9.529492,11.590208,15.076205,16.34779,13.622388,10.689675,8.345712,9.803439,7.16695,10.984834,11.795407,13.602304,18.225273,16.875023,16.453203,13.849641,14.249313,13.1100235,13.370277,15.218774,15.116665,20.206078,20.184687,24.184322,20.777962,17.0074,20.42272,23.462402,19.081762,16.66285,22.184301,22.180033,17.946184,19.388214,24.372038,23.242975,19.51628,23.52408,27.036789,28.914967,26.678492,21.710793,24.249132,25.895124,21.91042,19.759106,17.684034,19.65321,24.145805,24.256876,21.151962,26.536345,28.032423,31.037334,28.016506,25.112013,27.812046,26.87061,21.637932,23.052143,24.589912,23.172583,18.735308,18.566471,17.50695,17.722729,14.056935,14.045225,11.081515,12.516176,9.71134,10.857959,9.313067,8.3511915,10.900308,7.630306,12.551882,13.7355795,16.433977,20.090965,20.580118,20.015968,23.997406,21.595585,18.802715,23.008484,24.953115,22.62649,24.542852,27.448776,25.17333,21.254248,25.31084,27.650513,24.56978,21.978683,22.89739,18.849535,17.78648,17.369421,15.3393545
8,24.659832,21.852087,18.605793,15.752965,13.223378,10.530872,7.819887,4.5820265,0.0,4.7808022,6.8395505,9.778211,12.401223,13.947781,11.319383,6.787587,5.8374667,6.5833592,7.5751295,10.133543,12.679093,15.1447525,19.480541,16.78381,16.2016,13.631736,12.377284,10.978523,9.893114,12.260178,10.780414,16.520327,16.622978,20.125132,16.382208,12.755778,16.40151,19.032902,14.61514,12.488626,18.133,17.903528,13.901797,15.825843,20.534706,19.615314,16.755732,20.561977,24.030533,26.206743,24.49815,20.098192,22.787281,24.473137,20.110706,18.033293,15.040369,17.244488,21.92413,21.394789,17.67692,23.203518,24.779049,27.569807,24.135452,21.194408,24.345314,23.381485,18.065683,20.20233,21.847548,20.223576,15.736534,16.762033,14.877491,16.32479,12.741831,11.677404,10.379757,10.5898075,8.531371,10.682956,7.390434,5.4891157,7.0984073,5.6609554,9.248115,11.962577,14.190773,18.153543,18.258776,17.522701,21.25084,18.417706,15.379817,19.526333,21.210518,18.682678,20.49431,23.172352,20.836308,16.795237,20.871933,23.3079,20.48575,17.765274,19.393612,15.137546,14.855571,14.955914,13.816424
9,27.86957,25.154709,21.404675,19.403215,16.476309,13.7572,11.273831,5.9114113,4.7808022,0.0,4.217006,5.7052116,9.238903,10.536553,8.605799,6.814422,6.137734,9.5277,9.438131,13.793687,16.049385,17.808062,22.776207,19.933119,18.746744,15.551248,15.145873,12.39481,11.697858,12.286282,11.59204,15.675996,14.68916,19.181314,16.5591,12.5532255,15.779342,19.53899,15.97962,13.321641,18.574203,20.019495,16.167805,16.95796,21.756195,22.300785,18.862623,21.773596,25.937595,28.387949,27.153915,21.894098,25.629763,27.762222,23.867958,22.26402,19.02248,21.712116,26.170977,25.020618,21.653143,27.22157,28.987247,31.500156,27.66232,24.849867,28.424446,27.330292,22.097446,24.704361,26.28305,24.343657,20.106634,21.493822,19.501047,21.069624,17.420712,15.961718,14.3239975,13.491431,10.386074,10.766125,7.0945077,7.769349,10.706107,10.013178,13.68436,16.630217,18.47274,22.394268,22.038708,20.589767,24.451708,22.02523,18.598783,22.12138,24.218435,21.9005,22.38905,25.626238,23.600323,18.855135,22.083035,24.009998,20.814154,18.710579,19.947958,17.048641,15.897968,17.014036,15.101472
10,30.894503,28.333084,24.604147,22.298193,19.763783,16.518776,14.488234,9.529492,6.8395505,4.217006,0.0,3.906828,5.899885,8.375193,8.164286,5.953171,7.9719586,10.775607,12.810905,16.250813,19.194826,21.308714,26.019297,22.669981,21.467955,18.383888,16.947598,13.9996,12.035535,12.487538,9.7045,13.754639,11.394323,15.85937,13.448403,9.071855,11.744269,15.926018,12.817142,9.857488,14.7307,17.095325,13.521843,13.69039,18.276684,19.836826,16.626776,18.751028,23.175209,25.920076,25.361322,20.187044,24.521355,26.917912,23.231058,22.166258,18.28377,21.522272,25.647373,23.582874,20.505009,25.995407,28.091145,30.0977,25.85559,23.41318,27.610556,26.741812,21.515762,24.526814,26.472044,24.587467,20.333689,22.504374,19.68168,21.974323,18.421228,15.891886,15.199502,12.835293,10.118821,10.383826,5.631122,7.1755147,9.903744,11.02114,14.051004,18.015633,19.646324,23.664991,23.113077,21.603725,25.07449,22.237001,18.712523,21.933422,23.613422,21.04841,21.18622,23.972872,21.815405,16.93499,19.756712,21.607557,18.842457,16.903528,19.17975,16.641056,16.303482,18.168087,17.006739
11,33.53066,30.858797,27.037968,25.066498,22.17238,19.33152,16.870792,11.590208,9.778211,5.7052116,3.906828,0.0,4.1087003,5.4563394,6.231126,7.5552053,9.011253,12.867918,14.098788,18.391642,21.200233,22.818964,27.91813,24.316631,22.670216,19.257296,18.454144,14.769679,13.4220085,12.462103,11.23414,13.158676,10.388214,15.59938,14.426478,10.48749,12.845028,17.479391,15.315482,12.608051,16.829311,20.009169,16.868092,16.687712,20.939947,23.26509,20.152401,21.715452,26.369905,29.248482,28.961254,23.551512,28.213228,30.715717,27.125832,26.056019,22.162823,25.310955,29.518044,27.36838,24.09742,29.562176,31.541174,33.529156,29.098053,26.5411,30.759167,29.605614,24.591074,27.98048,29.580355,27.331038,23.427855,25.791924,23.233788,25.576494,22.042112,19.739025,18.88717,16.662636,13.6862755,13.206855,8.986492,11.022131,13.700389,14.62867,17.312963,21.120049,22.361597,26.282738,25.342678,23.276209,26.851938,24.537342,20.805958,23.466461,25.595102,23.406834,22.445944,25.847143,24.158812,18.881016,20.908245,22.215195,19.045837,17.737667,19.223824,17.89808,16.718704,19.162468,17.459211
12,36.744987,34.092075,30.408543,28.080685,25.413862,22.39445,19.9694,15.076205,12.401223,9.238903,5.899885,4.1087003,0.0,3.834844,7.1349745,8.4273,11.349842,14.523462,17.15502,20.724682,24.06961,25.928446,30.824379,26.703302,25.007593,21.736362,20.141777,16.394657,14.191654,12.983016,10.335805,11.251187,6.7841063,12.083121,11.690433,8.026363,9.505438,14.436669,13.314287,10.889556,14.120475,18.191439,15.775626,15.184651,18.737803,22.092724,19.677254,20.34948,25.046562,28.18702,28.601433,23.600786,28.54488,31.150751,27.676529,26.948616,22.611708,25.959267,29.908419,27.073265,23.853535,29.088606,31.201223,32.742886,27.971355,25.69975,30.33477,29.268929,24.48583,28.313892,30.01792,27.720467,24.045929,27.112297,24.057804,27.020187,23.689272,20.768183,20.77721,17.719788,15.3387165,15.015832,10.524914,12.538659,14.496177,16.611124,18.370808,22.788525,23.669538,27.551804,26.348356,24.155403,27.310637,24.829351,21.08566,23.23415,25.040726,22.827797,21.246675,24.315535,22.739979,17.41034,18.678192,19.697691,16.951399,16.050346,18.304832,17.648943,17.130756,20.197186,19.175148
13,38.247715,35.330997,31.858576,29.500118,26.515879,24.133463,20.955862,16.34779,13.947781,10.536553,8.375193,5.4563394,3.834844,0.0,4.998001,9.083633,11.2597,14.888211,17.089687,21.006891,24.35786,25.811438,30.90548,26.363747,24.271206,20.854269,19.681482,15.442293,13.882104,11.4570875,10.893709,9.636765,6.54411,11.966133,12.453988,9.867304,11.90497,16.226439,15.578947,13.830526,17.013796,20.719322,18.659159,18.626532,21.878668,25.11384,23.196846,23.984808,28.554796,31.73127,32.12828,27.29498,32.02683,34.49183,30.728142,29.643494,25.348124,28.285204,32.56472,30.018797,26.103868,31.33427,33.091908,34.843613,30.017708,27.377764,31.7536,30.252562,25.779892,30.006668,31.138447,28.397017,25.20853,28.476782,25.882658,28.942114,25.72242,23.263878,23.306303,20.831293,18.41109,18.22503,13.694329,15.328289,16.941353,18.793589,19.832575,23.985073,24.332527,28.030563,26.402159,23.674013,26.885057,25.048412,21.179186,22.74553,25.076488,23.379822,20.79752,24.633469,23.658495,18.065727,18.72663,19.247267,15.917424,15.568752,16.629536,17.088812,15.712418,19.189486,17.821947
14,35.00841,31.805845,28.766336,26.15228,22.97581,21.378757,17.367285,13.622388,11.319383,8.605799,8.164286,6.231126,7.1349745,4.998001,0.0,6.34016,7.0835447,10.963273,12.724405,16.691069,20.0062,21.251324,26.3541,21.615164,19.384716,15.933745,15.083745,10.680009,9.929826,7.2015953,9.113402,8.768756,9.344108,13.823539,12.945451,10.6571455,14.235887,17.566849,15.893997,14.58466,18.868435,20.985563,18.670406,19.84127,23.387064,25.27403,23.700232,25.507238,29.694706,32.677593,32.4691,27.986792,31.93536,34.015278,29.72374,27.985935,24.012543,26.274815,31.02716,29.316212,24.579308,29.908268,31.199635,33.505672,28.9861,25.787636,29.546741,27.67365,23.290234,27.490898,28.070402,25.077188,22.133429,25.177269,23.285915,26.152561,23.081795,21.435589,21.421898,20.079956,17.806408,18.383831,13.739423,14.315771,15.387384,16.583868,16.926416,20.494127,20.526323,24.072124,22.34115,19.451939,22.960356,21.556654,17.670183,19.395212,22.216703,20.824394,18.504505,22.95226,22.166855,16.598248,17.97516,18.826588,14.896431,14.015731,13.916999,13.790523,11.580298,14.69874,12.925373
15,30.966627,27.88716,25.097412,21.818346,19.201841,17.17333,13.505198,10.689675,6.787587,6.814422,5.953171,7.5552053,8.4273,9.083633,6.34016,0.0,4.3999276,6.175239,10.363461,12.66794,16.545164,18.721601,23.182964,18.651978,17.184734,14.310048,11.935596,8.835859,6.208705,7.060374,4.9193897,9.748747,10.575738,13.839431,10.601812,7.651134,12.063982,14.509296,11.289717,10.082179,15.296356,15.892863,13.157325,15.269551,19.025112,19.662962,18.437092,21.000042,24.682215,27.462084,26.912397,23.085888,26.345812,28.161076,23.626938,21.776041,17.764929,19.95162,24.702335,23.170336,18.355112,23.765554,25.160366,27.550568,23.252913,20.083782,23.855797,22.351458,17.541672,21.401148,22.445593,19.91365,16.371746,19.40708,17.087889,20.133678,17.138847,15.249813,15.876614,14.612499,13.167784,14.942601,10.11351,9.254644,9.254001,11.039814,10.845248,14.938037,15.389502,19.221163,18.03898,16.05312,19.445765,16.99025,13.258192,16.143375,18.200047,16.073298,15.716487,19.15521,17.5441,12.4150095,15.391607,17.326828,14.163797,11.904327,13.642971,10.768151,10.489456,12.502904,11.978161
16,28.348515,25.036776,22.391102,19.333061,16.259901,15.122504,10.584126,8.345712,5.8374667,6.137734,7.9719586,9.011253,11.349842,11.2597,7.0835447,4.3999276,0.0,4.688725,6.25354,9.825885,13.148498,14.858064,19.719252,15.431386,13.783309,10.575252,9.537917,6.298139,6.121319,6.894061,8.579498,12.431723,14.26905,17.741808,14.694577,12.04827,16.431658,18.80767,15.330178,14.09193,19.518204,19.559858,16.510492,18.85577,22.925497,22.755114,21.124666,24.319523,27.878958,30.396477,29.230932,25.217241,28.016918,29.601837,24.9052,22.528446,19.209791,20.794674,25.865654,25.261744,20.244543,25.664787,26.678051,29.594046,25.765749,22.251547,25.260088,23.47041,18.765377,22.148676,22.678946,20.02025,16.628624,18.767908,17.50731,19.74947,16.724913,16.046045,15.754766,15.920251,14.092287,15.828284,11.688691,10.545316,10.944303,10.864148,11.109445,13.841948,14.353681,18.02774,16.965797,14.900065,18.84999,17.070421,13.486822,16.623772,19.271875,17.57204,17.522034,21.489944,20.121946,15.336015,18.543383,20.416952,16.825476,14.591762,14.744767,11.672933,9.968145,10.933093,9.160974
17,26.665028,23.266891,21.369122,17.424124,14.92147,14.207122,9.508468,9.803439,6.5833592,9.5277,10.775607,12.867918,14.523462,14.888211,10.963273,6.175239,4.688725,0.0,6.60626,6.669543,10.985925,13.447395,17.37776,12.707505,11.672441,9.449196,6.4217453,5.411187,4.0550084,7.795534,8.149514,13.509534,16.285482,18.550936,14.483372,12.561279,17.11488,18.203064,14.156566,13.761742,19.203465,17.58551,14.820958,18.253351,21.914804,20.491354,19.889297,23.601511,26.423786,28.719944,27.32248,24.366646,26.182365,27.289436,22.17885,19.368801,16.235682,17.039627,22.313765,22.2428,16.54695,21.773497,22.428017,25.61183,22.119204,18.354519,20.881416,19.039328,14.388629,17.70611,18.008188,15.394311,12.004563,14.366774,13.324422,15.893803,13.359694,13.133873,13.879824,14.75927,14.125601,16.926868,13.066743,10.560108,9.063903,9.255698,6.993616,9.646679,9.765238,13.525146,12.629005,11.168048,14.968356,12.712956,9.383311,13.257604,15.496058,13.655185,14.9809675,18.37844,16.820875,12.835474,16.87698,19.260132,16.20618,13.318544,13.985421,9.165408,8.928607,8.511897,8.379081
18,23.289,19.709429,17.55365,14.650767,11.179922,11.766964,6.2083654,7.16695,7.5751295,9.438131,12.810905,14.098788,17.15502,17.089687,12.724405,10.363461,6.25354,6.60626,0.0,6.0478783,7.569401,8.792602,13.97285,10.830587,9.657184,6.715281,8.10891,7.3398876,9.578035,11.265339,14.020227,18.122845,20.521996,23.814045,20.387,17.862658,22.221514,24.234425,20.155462,18.957447,24.606628,23.58272,20.19652,22.947514,27.2671,25.71868,23.785109,27.863739,30.958002,32.98469,30.919846,27.09623,28.86647,29.960411,25.15543,22.127823,20.032455,20.64536,25.84649,26.616335,21.674402,26.837626,27.379904,30.909449,27.946106,24.229578,26.103563,24.253433,19.783207,21.989672,22.042757,19.703222,16.4705,16.856941,17.141989,17.94175,15.165783,16.310423,14.964614,17.216497,15.530635,17.522337,14.778313,12.94396,13.258649,10.940714,11.639469,11.833416,12.7964,15.943113,15.631421,14.34117,18.599579,17.395731,14.643443,18.28572,21.023722,19.631447,20.852367,24.66826,23.271887,19.403835,23.205338,25.306444,21.767935,19.287062,18.571276,14.716019,12.633518,11.312695,8.717777
19,21.634588,17.895346,17.121567,12.805895,10.443111,11.967065,6.7589803,10.984834,10.133543,13.793687,16.250813,18.391642,20.724682,21.006891,16.691069,12.66794,9.825885,6.669543,6.0478783,0.0,4.7356453,7.586367,10.75867,6.8484654,7.123614,6.5558605,5.312425,8.138038,9.535799,12.96163,14.633714,19.662733,22.930183,25.058355,20.807476,19.06758,23.501673,24.201962,19.782393,19.474957,24.92481,22.204292,19.316269,23.088346,26.817923,23.896423,23.229435,27.765772,29.941597,31.659962,29.338202,26.901892,27.39549,27.818058,22.569738,18.95354,17.409185,16.732265,22.068394,23.713129,18.115662,22.725416,22.652027,26.549196,24.229486,20.314636,21.21764,19.297682,15.283937,16.973055,16.455729,14.297122,11.442106,11.388607,12.715026,13.482917,11.691426,13.9114895,13.84366,17.01326,16.76851,19.8355,17.279404,14.271787,12.706869,10.678036,8.4474535,6.7749705,7.1283855,9.993388,10.249748,10.20974,14.112532,12.672944,10.900216,15.046426,17.184729,15.900207,18.682278,21.692198,20.233845,17.625874,22.001822,24.507957,21.614609,18.658346,18.326492,13.131033,12.516397,9.530169,9.089144
20,17.906244,13.961238,13.677274,9.850624,7.275457,10.710697,6.208254,11.795407,12.679093,16.049385,19.194826,21.200233,24.06961,24.35786,20.0062,16.545164,13.148498,10.985925,7.569401,4.7356453,0.0,3.621419,6.8305736,6.1329308,7.5078487,7.798275,9.214299,11.922889,14.056156,16.9863,19.109749,23.999762,27.00891,29.524397,25.360933,23.289705,27.612299,28.639784,24.046152,23.37193,28.912136,26.240389,23.02261,26.504856,30.530424,27.226004,25.890053,30.74164,32.835102,34.23569,31.362246,28.723995,28.7823,28.992119,24.040834,20.283928,19.752575,18.754728,23.755167,26.176807,21.30176,25.618456,25.434195,29.514647,27.777378,24.044138,24.371279,22.659338,18.917202,19.479462,18.90808,17.35582,14.72201,12.883076,15.227628,14.385864,12.819856,16.095936,14.808188,18.998346,18.501907,21.246742,19.616858,16.805517,15.961695,12.722299,12.207003,9.056939,10.246163,12.027558,13.123407,13.692383,17.351263,16.430628,15.26637,19.23762,21.327765,20.19587,23.250025,26.165619,24.658037,22.313828,26.734535,29.224894,26.243538,23.357653,22.660795,17.734863,16.640003,13.3643875,12.126139
21,18.413103,14.355439,14.419051,11.602552,8.781223,12.975431,8.673361,13.602304,15.1447525,17.808062,21.308714,22.818964,25.928446,25.811438,21.251324,18.721601,14.858064,13.447395,8.792602,7.586367,3.621419,0.0,5.658871,6.1441283,7.067792,7.574442,10.826361,13.1579485,16.134357,18.33552,21.54314,25.709343,28.98428,31.720875,27.88467,25.859493,30.280342,31.521276,27.107546,26.368631,31.97033,29.586893,26.374125,29.72873,33.848534,30.774738,29.277933,34.064747,36.324707,37.755135,34.847557,31.95747,32.135326,32.3621,27.51994,23.769382,23.35049,22.323257,27.264832,29.790148,24.873117,29.130432,28.7802,32.930477,31.22198,27.38185,27.516672,25.571497,22.145437,22.812431,21.827845,20.060173,17.96604,16.11989,18.77816,17.776339,16.33671,19.662123,18.044712,22.235289,21.360107,23.724926,22.153662,19.69498,19.245607,15.920929,15.654434,12.584146,13.238572,14.457813,15.196695,15.310024,18.987364,18.879906,17.731272,21.197737,23.697086,22.971157,25.4142,28.78768,27.610207,25.075636,29.20247,31.460888,28.18427,25.546892,24.072123,19.774988,17.908924,14.573811,12.600141
22,16.522898,12.500839,14.648003,11.553611,10.483496,15.37567,12.449,18.225273,19.480541,22.776207,26.019297,27.91813,30.824379,30.90548,26.3541,23.182964,19.719252,17.37776,13.97285,10.75867,6.8305736,5.658871,0.0,6.840657,9.4856615,11.769878,13.87654,17.349056,19.913471,22.669567,25.362238,29.893631,33.502644,35.708035,31.489117,29.804108,34.17433,34.76196,30.186794,29.831705,35.24707,31.91369,28.98392,32.73503,36.52067,32.487137,31.578417,36.66013,38.23217,39.272816,35.99723,34.05689,33.138798,32.744892,27.943468,23.89998,24.44497,22.378641,26.879553,30.379038,25.605003,29.034729,28.117432,32.485703,31.662956,27.941984,26.97192,25.170403,22.575743,22.15734,20.630793,19.538694,18.266941,15.203876,19.06923,17.178354,16.924381,21.13112,19.934324,24.774775,24.658604,27.426033,26.254671,23.344048,22.21135,18.898148,17.759344,13.382459,13.748184,13.491818,15.101754,16.46404,19.231518,19.404314,19.390247,22.713503,24.62571,24.154781,27.557085,30.229334,29.070864,27.559652,31.891907,34.328392,31.482151,28.672459,27.32866,22.599386,21.45878,17.458048,16.543402
23,22.230873,18.181751,19.114035,15.115851,13.168385,16.714874,11.948816,16.875023,16.78381,19.933119,22.669981,24.316631,26.703302,26.363747,21.615164,18.651978,15.431386,12.707505,10.830587,6.8484654,6.1329308,6.1441283,6.840657,0.0,3.278685,6.4431787,7.67172,11.527461,14.261096,16.802286,20.141304,23.967054,28.354355,30.096806,26.103815,25.061262,29.64852,29.861229,25.767895,25.934261,31.221178,27.989136,25.595428,29.67855,33.087017,29.72869,29.681097,34.31644,36.12622,37.659897,35.131,33.263245,33.053646,32.983265,27.683249,23.682827,22.949121,21.157692,26.265371,28.835356,22.869862,26.629436,25.610905,29.874966,28.263193,24.112177,23.603354,21.128668,18.635456,19.875696,17.773832,15.411171,14.684793,13.801803,16.986326,17.026289,16.492712,19.713207,19.719597,23.521486,23.427065,26.417973,24.046467,21.10487,19.379223,17.279596,14.320659,11.120622,9.711503,9.852542,9.878235,10.062668,13.299898,14.0231285,13.559491,16.369633,18.846136,18.806707,21.237545,24.508255,23.878706,22.015177,25.90313,28.093119,25.130213,22.515417,20.685396,16.286905,14.971301,10.779277,10.36224
24,24.695679,20.620073,20.967491,17.235775,14.727936,17.846462,12.486252,16.453203,16.2016,18.746744,21.467955,22.670216,25.007593,24.271206,19.384716,17.184734,13.783309,11.672441,9.657184,7.123614,7.5078487,7.067792,9.4856615,3.278685,0.0,3.7496674,6.189553,9.254693,12.650688,14.45305,18.756512,21.801376,26.458632,28.326843,24.729736,23.805357,28.490704,28.91813,25.153273,25.307896,30.601353,27.906866,25.589523,29.52587,32.955826,30.259697,30.1645,34.5107,36.67797,38.476818,36.265873,34.013638,34.391354,34.610985,29.27522,25.441528,24.134422,22.816376,28.099138,30.115707,23.895763,27.961365,27.093475,31.203903,29.093647,24.816387,24.80436,22.077063,19.47008,21.542519,19.4595,16.544456,15.844039,15.953376,18.488884,19.171316,18.207342,20.83044,20.855516,24.112778,23.638601,26.38601,23.574642,20.954649,19.477798,17.737589,14.8137,12.669303,10.958001,11.66105,10.6756735,9.450973,13.138289,14.281007,13.130959,15.453159,18.53614,18.709614,20.034954,23.981876,23.66787,21.20144,24.671011,26.57781,23.27025,20.937338,18.481798,14.788762,12.6448145,8.7084875,7.5248346
25,25.501064,21.50081,20.906689,17.50916,14.43862,16.80696,11.081702,13.849641,13.631736,15.551248,18.383888,19.257296,21.736362,20.854269,15.933745,14.310048,10.575252,9.449196,6.715281,6.5558605,7.798275,7.574442,11.769878,6.4431787,3.7496674,0.0,5.3574233,6.5458703,10.485611,11.689205,16.46856,19.245348,23.53851,25.898415,22.606817,21.339018,26.022224,27.01775,23.374804,23.17528,28.568241,26.65292,24.098837,27.640476,31.315653,29.321625,28.717016,32.8167,35.441906,37.455685,35.46215,32.575317,33.648327,34.25823,29.035423,25.486902,23.666323,23.101503,28.485704,29.87985,23.84028,28.399223,28.007929,31.891565,29.255613,25.045292,25.852571,23.236444,19.988838,22.552776,21.090885,18.052824,16.577963,17.239162,18.875504,19.90731,18.242968,20.20482,19.899038,22.608192,21.619173,24.012703,20.960314,18.752136,17.847044,16.198694,14.125874,13.104874,11.990156,13.757484,12.553773,10.5756645,14.734719,15.297864,13.210552,15.700687,19.06566,18.876158,19.488794,23.856995,23.411627,20.14049,23.456518,25.24252,21.59549,19.39353,16.972927,13.677427,10.824426,7.885232,5.120983
26,26.757885,22.920837,22.360426,18.08251,15.660436,17.01112,11.577228,14.249313,12.377284,15.145873,16.947598,18.454144,20.141777,19.681482,15.083745,11.935596,9.537917,6.4217453,8.10891,5.312425,9.214299,10.826361,13.87654,7.67172,6.189553,5.3574233,0.0,4.65715,6.723196,9.507661,12.75805,16.364393,20.94742,22.45657,18.624676,17.903824,22.578249,22.752203,19.1152,19.54703,24.661604,22.0552,20.009872,24.042936,27.190876,24.980057,25.341087,29.292393,31.553635,33.63119,31.975512,29.827621,30.706596,31.222511,25.793478,22.311798,20.021675,19.325357,24.740396,25.780827,19.23662,23.67674,23.235188,26.976612,24.157625,19.874044,20.863226,18.192503,14.919548,18.127478,16.685518,13.363825,11.924082,13.88699,14.890111,17.014076,15.635313,16.996191,17.985498,20.112902,19.890533,22.861422,19.356955,16.651358,14.618996,14.158286,10.108708,10.003062,7.919912,10.222284,8.460713,6.281375,10.58675,10.271406,7.8841333,10.877831,13.934843,13.527648,14.681715,18.640463,18.090391,15.139498,18.747213,20.83871,17.674637,15.061692,13.612216,9.029001,7.777847,4.240714,4.8932447
27,29.352556,25.602436,24.191555,20.456354,17.519133,18.043203,12.527744,13.1100235,10.978523,12.39481,13.9996,14.769679,16.394657,15.442293,10.680009,8.835859,6.298139,5.411187,7.3398876,8.138038,11.922889,13.1579485,17.349056,11.527461,9.254693,6.5458703,4.65715,0.0,4.432489,5.3420568,10.273739,12.777652,17.248981,19.36096,16.228334,15.276597,19.993801,20.92436,17.797121,17.861351,22.961018,21.642534,19.50714,22.916533,26.2362,25.26316,25.115164,28.519451,31.423016,33.84707,32.63303,29.710093,31.575266,32.595352,27.382763,24.35722,21.389513,21.6708,27.044827,27.195396,20.92811,25.801094,25.872961,29.208248,25.707876,21.590296,23.558834,20.976294,17.31713,21.170023,20.298246,16.8754,14.986664,17.556492,17.528627,20.04077,17.976778,18.348204,19.000977,20.132946,19.190287,21.566898,17.526817,15.598034,14.407834,14.457757,11.668056,13.165428,11.811002,14.612784,12.6123085,9.620141,13.700522,13.271707,9.927246,12.188022,15.64737,15.073492,14.461427,19.187405,18.769926,14.59938,17.518223,19.194386,15.413927,13.252194,11.436384,8.306399,5.330288,4.9290977,3.2286305
28,30.487507,26.989,25.329727,21.278955,18.789999,18.2611,13.460967,13.370277,9.893114,11.697858,12.035535,13.4220085,14.191654,13.882104,9.929826,6.208705,6.121319,4.0550084,9.578035,9.535799,14.056156,16.134357,19.913471,14.261096,12.650688,10.485611,6.723196,4.432489,0.0,4.6687794,6.1643586,10.20924,14.312784,15.8853655,12.160851,11.383239,16.097143,16.614557,13.450796,13.869297,18.77299,17.31842,15.478602,19.035658,22.021717,21.284782,21.644852,24.737617,27.545893,30.104067,29.289146,26.69749,28.725262,29.859308,24.693203,22.024488,18.471235,19.17551,24.37041,23.829561,17.55014,22.502855,22.915401,25.868908,21.972105,18.034103,20.731018,18.440706,14.412983,18.786474,18.5341,15.274636,12.905282,16.469145,15.299262,18.65556,16.550684,15.90396,17.435007,17.615566,17.148119,19.785772,15.376953,13.290516,11.4200945,12.826222,9.278802,12.36082,11.161491,14.454266,12.534191,9.985463,13.447076,11.718544,7.8913183,10.560247,13.298571,12.003952,11.62006,15.81487,14.97808,10.4604225,13.737946,15.784103,12.436607,9.756658,9.937272,5.621011,5.3464155,6.485752,7.3319035
29,33.871593,30.287088,28.369173,24.77707,21.855194,21.414494,16.40013,15.218774,12.260178,12.286282,12.487538,12.462103,12.983016,11.4570875,7.2015953,7.060374,6.894061,7.795534,11.265339,12.96163,16.9863,18.33552,22.669567,16.802286,14.45305,11.689205,9.507661,5.3420568,4.6687794,0.0,7.3570433,7.5920877,12.508512,14.552555,12.3227005,11.896808,16.41806,17.558178,15.512996,15.749398,20.223442,20.067,18.489063,21.345314,24.23603,24.656511,24.756943,27.24599,30.522602,33.331757,32.890457,29.772501,32.468292,33.88309,28.896692,26.439617,22.697374,23.73548,28.85707,27.925037,21.81329,26.730797,27.181892,29.91327,25.710028,21.87404,24.767555,22.26748,18.650036,23.324968,22.850443,19.303905,17.44681,21.057545,19.950333,23.25326,20.979712,20.151117,21.253609,20.988707,19.86645,21.79271,17.094057,15.954824,15.017815,16.411448,13.853369,16.848494,15.51522,18.493605,16.108261,12.714383,16.036186,15.318296,11.520193,12.617577,15.964842,15.325414,12.719693,17.85304,17.74851,12.648932,14.345388,15.453537,11.265308,9.791428,8.156911,7.3525105,4.3858967,7.8872323,7.3369737
30,33.89531,30.794235,28.495378,24.639162,22.453886,20.544098,16.930262,15.116665,10.780414,11.59204,9.7045,11.23414,10.335805,10.893709,9.113402,4.9193897,8.579498,8.149514,14.020227,14.633714,19.109749,21.54314,25.362238,20.141304,18.756512,16.46856,12.75805,10.273739,6.1643586,7.3570433,0.0,7.2318425,9.251272,10.528262,6.395925,5.3435144,10.004217,10.762898,8.1674385,8.696917,13.034431,12.892025,11.509232,14.340873,16.89812,17.73667,18.261164,20.276424,23.442076,26.389187,26.461138,23.755178,26.69017,28.309235,23.632465,21.910652,17.4801,19.38457,23.930044,21.905762,16.455696,21.445597,22.682339,24.706495,20.03825,16.869724,20.965338,19.366037,15.060363,19.766634,20.628887,17.90557,15.0288725,19.258661,16.498583,20.51934,18.152527,15.791052,17.889973,16.11738,15.77203,18.023003,13.143673,11.852219,10.164814,13.453777,10.9463625,15.629383,15.163256,18.674202,17.029562,14.959296,17.50497,14.793598,11.132079,13.200268,14.719853,12.584978,11.544506,14.646132,13.241746,7.796263,10.503062,12.615125,9.966752,7.388929,10.742213,7.9472446,9.544537,12.163443,13.199039
31,40.05698,36.723175,34.434,30.810886,28.176216,26.735249,22.521322,20.206078,16.520327,15.675996,13.754639,13.158676,11.251187,9.636765,8.768756,9.748747,12.431723,13.509534,18.122845,19.662733,23.999762,25.709343,29.893631,23.967054,21.801376,19.245348,16.364393,12.777652,10.20924,7.5920877,7.2318425,0.0,6.922455,7.4484468,7.3941064,8.846844,12.039657,12.842348,13.127157,13.996055,16.628275,18.007275,17.712067,19.663485,21.364756,23.68193,24.537327,25.536774,28.954714,32.1694,32.889843,30.019217,33.48994,35.268726,30.730213,29.100563,24.610468,26.393534,30.876457,28.56394,22.99199,27.517368,28.427505,30.162842,25.240955,22.127657,26.051622,23.91529,20.674631,25.975943,26.059772,22.69902,21.008556,25.60178,23.301203,27.42973,25.1895,23.021769,24.909147,22.98527,22.112043,23.596737,18.547613,18.24915,17.293236,20.2725,17.769762,21.981552,20.68883,23.674818,21.148415,17.930784,20.088299,18.814117,15.201011,15.045057,17.344154,16.534916,12.032917,16.450455,16.680273,11.216507,10.402779,10.403005,6.4404697,6.8273845,7.7856555,10.015383,9.818188,14.118652,14.715347
32,41.21805,38.317226,35.224865,32.15528,29.640558,27.06212,23.975769,20.184687,16.622978,14.68916,11.394323,10.388214,6.7841063,6.54411,9.344108,10.575738,14.26905,16.285482,20.521996,22.930183,27.00891,28.98428,33.502644,28.354355,26.458632,23.53851,20.94742,17.248981,14.312784,12.508512,9.251272,6.922455,0.0,5.5487413,7.269173,6.518473,7.396833,10.730213,11.80778,11.312401,12.87103,16.818306,16.153828,16.249338,18.083921,22.10773,21.77757,21.697842,25.80482,29.203491,30.431797,26.740297,31.279829,33.63281,29.878616,29.1164,24.367441,27.27445,31.152973,27.883354,23.860306,28.542942,30.33561,31.46655,26.305841,24.068447,28.848719,27.514643,23.571222,28.306038,29.524551,26.843159,24.114344,28.317026,25.115824,29.019003,26.270218,23.143478,24.541874,21.327133,20.015913,20.54029,15.753002,16.736248,16.982286,20.275967,19.754717,24.563335,24.38508,27.887741,26.016476,23.409548,25.778147,23.574945,19.948889,20.789663,22.345507,20.608435,17.434618,20.414034,19.610247,14.293972,13.780714,13.992145,11.689959,11.822964,14.629144,15.574958,15.830894,19.723482,19.774115
33,44.109795,41.157207,38.522152,34.921043,32.725674,30.315847,27.125395,24.184322,20.125132,19.181314,15.85937,15.59938,12.083121,11.966133,13.823539,13.839431,17.741808,18.550936,23.814045,25.058355,29.524397,31.720875,35.708035,30.096806,28.326843,25.898415,22.45657,19.36096,15.8853655,14.552555,10.528262,7.4484468,5.5487413,0.0,5.340534,8.07456,7.9562855,8.136737,11.200681,12.421773,12.339121,15.45061,16.36417,17.014597,17.276236,21.426847,22.810669,22.24043,25.575085,29.014906,30.818554,28.357569,32.370033,34.446415,30.62269,29.947704,25.064411,27.578259,31.1376,27.558838,23.229628,27.18819,28.749716,29.39939,24.094412,22.133049,26.943407,25.615923,22.508244,27.649462,28.638107,25.943363,23.972303,28.860199,25.492847,29.975927,27.783953,24.49234,26.915777,23.598911,23.177155,24.303362,19.549719,19.835463,18.91271,22.911636,20.91579,25.838903,25.029045,28.120493,25.976828,23.451529,24.94538,22.749447,19.565361,19.449738,20.323452,18.874641,14.949678,17.088644,16.813072,12.213264,9.992256,9.537965,8.732036,9.669404,13.581555,15.176661,16.637413,20.575468,21.686956
34,39.520298,36.61827,34.23353,30.352116,28.45111,26.066353,23.025684,20.777962,16.382208,16.5591,13.448403,14.426478,11.690433,12.453988,12.945451,10.601812,14.694577,14.483372,20.387,20.807476,25.360933,27.88467,31.489117,26.103815,24.729736,22.606817,18.624676,16.228334,12.160851,12.3227005,6.395925,7.3941064,7.269173,5.340534,0.0,4.656946,6.5610914,5.5428567,6.5486,8.507501,9.829892,11.105428,11.757102,13.57323,14.307228,17.086832,18.826626,19.183514,22.179075,25.457483,26.740206,24.684437,28.062208,29.874857,25.734688,24.820152,19.985725,22.289112,25.980185,22.731453,18.00773,22.176039,23.727118,24.681023,19.463491,17.219769,22.057087,20.85913,17.356333,22.372198,23.552185,21.082327,18.789137,23.643621,20.17272,24.716387,22.672201,19.429173,22.23689,19.228512,19.338934,21.180452,16.441666,15.877648,14.167288,18.395414,15.840844,20.832857,20.155907,23.31653,21.500185,19.501675,21.03386,18.214584,15.109325,15.815634,16.3128,14.271253,11.893807,13.595202,12.482935,7.5594625,7.433187,8.900845,8.066243,6.8833203,12.2196045,11.565264,14.036387,17.269073,18.850275
35,36.502174,33.776726,30.913021,27.448595,25.463076,22.58755,20.025936,17.0074,12.755778,12.5532255,9.071855,10.48749,8.026363,9.867304,10.6571455,7.651134,12.04827,12.561279,17.862658,19.06758,23.289705,25.859493,29.804108,25.061262,23.805357,21.339018,17.903824,15.276597,11.383239,11.896808,5.3435144,8.846844,6.518473,8.07456,4.656946,0.0,4.726864,7.2576327,5.7696733,5.296625,8.571606,10.977122,9.796173,10.884386,13.209859,16.001154,16.00131,16.756018,20.464651,23.71348,24.543108,21.42872,25.333504,27.455137,23.50281,22.723139,17.919245,20.864422,24.63839,21.445513,17.456512,22.270433,24.263159,25.473728,20.461792,18.290604,23.211325,22.318241,17.909489,22.23107,23.986965,21.84383,18.558334,22.639668,19.008041,22.995844,20.38647,16.94536,18.945318,15.638903,15.176103,16.682222,11.900143,11.800986,11.065066,15.038504,14.174892,19.276485,19.519428,23.150991,21.859827,20.13544,22.398884,19.250324,15.8882065,17.811525,18.59865,16.05148,15.04652,16.924448,15.042282,10.0540085,11.674498,13.454877,11.882906,10.177008,14.654969,12.9143715,14.635554,17.502087,18.276869
