,0,1,2,3,4,5,6,7,8,9,10,11,12,13,14,15,16,17,18,19,20,21,22,23,24,25,26,27,28,29,30,31,32,33,34,35,36,37,38,39,40,41,42,43,44,45,46,47,48,49,50,51,52,53,54,55,56,57,58,59,60,61,62,63,64,65,66,67,68,69,70,71,72,73,74,75,76,77,78,79,80,81,82,83,84,85,86,87,88,89,90,91,92,93,94,95,96,97,98,99,100,101,102,103,104,105,106,107,108
0,0.0,4.042116,6.489951,9.979544,12.4509535,14.780719,18.063707,21.65302,24.655973,27.837622,30.109493,31.856201,28.616814,27.155006,22.28888,22.598106,17.126091,18.370937,13.827885,15.300305,14.161189,9.639471,13.866285,16.99729,17.548122,16.514145,22.638117,24.587948,21.144917,25.40153,23.702866,28.986223,32.15134,34.08453,36.40666,38.444424,41.984997,41.19643,38.55751,35.15246,36.378536,33.1355,30.525032,29.697384,26.726027,26.259943,22.381418,23.2743,21.654823,18.924566,17.220982,14.742119,10.505614,14.00454,17.556765,20.021044,23.323828,24.779297,29.159058,30.204,27.210232,32.777073,32.075024,33.174393,37.367973,35.461544,39.22777,37.745697,41.54026,38.626045,33.853817,35.17195,31.919085,34.124237,32.389397,28.1436,30.257877,31.259296,31.780413,35.228073,33.14812,29.91302,32.463524,29.048985,28.130869,24.636639,25.976292,20.98413,23.534151,22.697945,25.475481,24.838116,28.524374,31.998434,32.854572,36.240276,31.02891,32.879387,26.28538,28.131706,23.22714,20.188437,23.24892,25.443546,28.011005,29.055513,33.560986,34.413788,38.57877
1,4.042116,0.0,5.1512957,6.506947,9.541047,12.016744,15.183518,19.030315,21.557814,25.074667,26.904654,29.035265,25.905947,24.088757,19.405886,19.141521,13.618154,14.688802,9.826644,11.692082,10.694442,6.6208997,11.610609,14.384349,16.201674,14.636306,21.078903,22.450493,18.322435,22.289387,20.472189,25.47116,28.740395,30.327126,32.882416,34.830605,38.336258,37.680546,34.888477,31.473383,33.022076,29.86601,27.418608,26.928871,24.009674,24.09977,20.458923,21.910103,20.80257,18.153015,15.816891,14.150101,9.421719,13.216908,15.763212,18.877497,21.600838,23.571566,27.870237,28.825314,25.714994,30.958803,29.727562,30.717245,34.52755,32.544975,36.199142,34.61527,38.171886,35.339966,30.485828,31.54977,28.181015,30.238127,28.38802,24.120094,26.22358,27.27488,27.877794,31.356504,29.425879,26.091816,28.774538,25.318792,24.260622,20.942818,22.20886,17.505295,20.374184,19.932552,23.105627,23.056576,26.838749,30.159704,30.746815,33.83507,28.549994,29.83232,23.502459,24.788815,19.902906,16.756535,19.485401,21.773228,24.045687,25.26382,29.696846,30.431883,34.58741
2,6.489951,5.1512957,0.0,5.27759,6.840949,8.626211,12.045234,15.260617,18.503786,21.448051,24.047783,25.558765,22.476171,21.284126,16.27379,16.987867,11.833442,13.328167,10.511815,12.013097,12.786249,9.59504,14.654755,15.853896,17.46147,14.56169,20.82782,22.039629,17.198805,21.44564,18.837072,24.54203,26.548162,29.009851,30.855099,32.86076,36.55918,35.738503,33.501415,30.462223,31.125643,28.56099,25.460546,25.478516,21.785667,22.404556,18.615122,20.06598,19.097868,15.805504,13.309755,10.8905325,6.5389237,8.586168,11.823538,14.448693,17.906567,19.791784,23.756725,25.307447,22.588045,28.166525,27.130371,28.768442,32.498795,31.368044,35.069626,34.083996,37.80664,35.577477,30.76564,32.300236,28.55805,31.41472,28.74134,24.930653,26.671595,27.020308,27.397306,30.676243,28.170662,25.0574,27.034548,23.7717,23.497374,19.581284,22.107464,17.843353,20.777544,20.969124,23.823696,24.749437,28.18927,31.840105,32.728054,35.73383,30.676674,31.448727,24.889135,26.131376,20.912914,17.560534,20.302216,23.114689,24.838795,27.056465,31.310423,31.62673,35.654167
3,9.979544,6.506947,5.27759,0.0,3.8559978,6.191297,8.99555,12.94397,15.077891,18.74238,20.513668,22.799818,19.977663,18.080887,13.460804,12.87017,7.5054693,8.4707155,5.369109,7.5518947,9.0318775,7.633288,12.672855,13.09711,16.404224,13.064145,19.424374,19.748714,13.994013,17.644176,14.905633,20.073761,22.437408,24.266493,26.575426,28.480467,32.089867,31.465635,28.902525,25.775272,27.047544,24.517551,21.7683,22.252226,18.78968,20.225132,16.956089,19.21599,19.020357,16.17255,12.9235525,12.215049,7.909931,10.315223,11.13014,14.8256445,16.937695,19.599554,23.404222,24.620678,21.700537,26.597555,24.7298,26.065552,29.207336,27.831787,31.344193,30.132217,33.479843,31.307236,26.401533,27.52849,23.656572,26.275763,23.495605,19.660212,21.452616,21.918018,22.502047,25.864975,23.660934,20.30028,22.511003,19.09321,18.481653,14.8413315,17.187597,13.453357,16.861748,17.666191,21.030226,22.67969,26.170406,29.491892,29.972847,32.532578,27.454227,27.453386,21.421108,21.808386,16.731983,13.291618,15.414547,18.354675,19.625814,22.08611,26.203064,26.384413,30.393507
4,12.4509535,9.541047,6.840949,3.8559978,0.0,5.335999,5.7017794,10.76252,12.59767,16.087944,18.708477,20.798817,18.524061,17.0308,12.374113,11.85453,7.4662976,7.215433,7.0009785,7.0787673,9.952851,9.426436,13.66393,12.6294365,15.650747,11.394535,17.29532,17.382065,11.265238,15.149295,12.082645,17.853445,19.845266,22.457165,24.205511,26.457521,29.969425,29.001652,26.760258,23.734713,24.29454,21.840605,18.715132,19.229132,15.392034,17.01556,13.75611,16.136942,16.254295,13.285752,9.795201,9.5554,6.2799478,7.7621117,7.400258,11.322037,13.094289,15.854662,19.60668,20.80964,17.968311,22.897701,21.122734,22.722227,25.967337,24.994207,28.577297,27.750498,31.33615,29.508759,24.730854,26.432234,22.477148,25.996641,22.967724,19.719435,21.644508,21.661648,22.429972,25.61219,23.195438,19.80087,21.041948,17.566437,17.2006,13.040718,15.872902,12.233051,15.344896,16.538229,19.47652,21.883118,25.004738,28.514072,29.246225,31.73356,26.9521,26.676468,20.47285,21.066105,15.835147,12.458496,14.858429,18.027882,19.369986,22.32959,26.34358,26.466127,30.32623
5,14.780719,12.016744,8.626211,6.191297,5.335999,0.0,6.079418,7.094204,10.448884,13.4155855,15.472915,17.097084,14.086572,12.750026,7.7611036,8.784539,4.8108163,7.5337095,8.897868,10.939691,13.974648,13.644009,18.322004,17.531021,20.961853,16.639889,22.287176,21.959406,15.149922,18.275175,14.192595,19.526556,19.39507,21.931957,23.436998,24.98822,28.998022,28.522335,26.688774,24.353687,24.766022,23.621258,20.17167,22.129065,17.693228,20.71721,17.851942,20.414087,20.796816,17.563591,14.101469,13.320513,10.578571,9.533326,9.416526,12.462828,14.899925,17.909693,20.618355,22.816883,20.637928,25.393688,23.212835,25.402617,27.695017,27.598244,30.876642,30.39453,33.474148,32.271893,27.510921,28.701012,24.34278,27.363062,23.299238,20.199543,20.940899,20.340187,20.324203,23.27599,20.29529,17.51058,19.050865,16.232416,17.112589,13.102693,17.606712,15.663506,19.181879,21.024366,24.132938,26.933516,30.021734,33.386173,33.912895,36.08352,31.332684,30.34959,24.760292,24.424637,19.51899,16.17892,17.355602,20.737812,20.468021,24.268742,27.745375,27.09556,30.751554
6,18.063707,15.183518,12.045234,8.99555,5.7017794,6.079418,0.0,6.68992,7.2967668,10.70401,13.882664,15.904415,14.482888,13.335204,9.347783,8.638851,7.1434927,5.7887015,9.989006,9.299669,13.3772955,14.36537,17.748955,15.223135,18.608118,13.647542,18.179758,17.19971,10.123753,12.997004,8.670242,14.547564,14.744661,18.175917,19.17081,21.508331,25.07569,23.985533,22.274557,19.785082,19.516651,18.059383,14.36997,16.255962,11.639058,15.113634,12.768746,15.715328,16.8382,14.112522,10.506208,11.459112,10.378451,9.355653,5.917971,9.574414,9.927005,13.407859,16.110836,17.657227,15.351383,19.59721,17.174053,19.354715,21.719412,21.772903,25.103724,24.922066,28.270948,27.352959,22.81681,24.727303,20.457731,24.681429,20.774275,18.53325,19.961952,19.107092,19.840643,22.599922,19.859957,16.693016,16.66835,13.440623,13.989502,9.420145,13.862016,12.158182,15.0655365,17.421337,19.983702,23.750448,26.303505,29.66205,30.35324,32.28923,28.008059,26.614176,21.098242,20.91248,16.097193,13.139783,14.529048,17.960651,18.14393,22.216633,25.59729,25.155798,28.61375
7,21.65302,19.030315,15.260617,12.94397,10.76252,7.094204,6.68992,0.0,5.2782674,6.5904584,9.669372,10.404455,8.205877,8.100166,4.214122,6.8709435,8.183403,9.610302,14.210663,15.162612,19.074217,19.806705,23.808578,21.719452,25.23561,20.291954,24.67443,23.506723,16.371525,18.363804,13.482206,18.194372,15.064803,18.607878,18.809841,20.123068,24.312733,23.820448,22.985752,21.679327,20.853168,21.374376,17.39786,20.926712,15.927117,20.568638,18.67146,21.458677,22.649612,19.633158,16.332912,16.337963,15.45457,12.5176935,10.263149,11.965508,13.267184,16.512354,17.513088,20.41213,19.212217,23.07208,20.438246,23.375937,24.448833,25.814886,28.645985,29.036362,31.733843,31.692196,27.370396,28.755392,24.18498,27.83376,22.77535,20.993351,20.907997,19.097689,18.755127,20.920832,17.307346,15.300023,15.045269,13.1729965,15.6925535,11.78991,17.861778,17.915424,21.017021,23.777506,26.39096,30.37829,32.878002,36.132504,36.685417,38.328785,34.143906,32.114986,27.239937,26.255987,21.877941,19.034206,19.325493,22.803667,21.28538,26.166172,28.837507,27.493591,30.55239
8,24.655973,21.557814,18.503786,15.077891,12.59767,10.448884,7.2967668,5.2782674,0.0,4.5663953,6.791313,9.215756,9.055272,8.045181,6.873182,5.8184934,9.410273,8.668335,14.630563,14.631683,18.818586,20.739422,23.849342,20.885885,24.921238,19.979525,23.50289,21.51601,14.359295,15.053362,10.135452,13.692617,9.822383,13.488255,13.623537,15.236858,19.255281,18.665392,17.716133,16.523758,15.728052,16.682255,12.943551,17.334589,12.737539,18.329672,17.411222,20.620232,22.482176,20.178333,16.841238,18.1747,17.625412,15.614104,11.80096,13.935745,13.063473,16.66738,17.339294,19.403862,18.155523,20.789845,17.294184,19.909784,20.10282,21.562246,24.065578,24.531607,26.86148,27.218498,23.13001,24.442936,19.881975,23.861795,18.634104,17.698757,17.69059,15.558679,15.740814,17.68416,14.44841,12.137323,10.632807,8.573702,11.329464,7.739482,14.083518,15.586947,18.344028,21.69252,24.153074,28.829332,30.988249,33.877995,34.20592,35.346336,31.552593,28.757294,24.690348,23.054972,19.313923,17.025782,16.522057,19.839191,17.774988,23.02715,25.228376,23.736776,26.48852
9,27.837622,25.074667,21.448051,18.74238,16.087944,13.4155855,10.70401,6.5904584,4.5663953,0.0,6.092277,6.071104,7.3649826,8.363951,8.501942,9.419363,13.278475,13.151855,18.955381,18.959095,23.183468,24.80793,28.040293,24.96277,28.55272,23.450752,26.507954,24.542389,17.79665,18.365238,13.599486,16.784678,10.871801,15.339504,13.990618,15.238116,19.276258,18.619799,18.82882,18.601841,16.51039,18.708197,14.684266,19.522045,14.740303,20.501715,19.834175,22.720343,24.646467,22.25408,19.284853,20.282,20.4521,17.357853,13.723607,14.558644,13.808844,16.947409,16.3072,19.115492,18.77839,21.065126,17.856684,21.118538,20.719269,23.359571,25.564138,26.724518,28.914396,29.959068,26.27261,27.804684,23.355764,27.517035,22.02946,21.677553,21.182514,18.537014,18.28436,19.534649,15.917917,14.645326,12.019394,11.330111,14.863134,11.845872,18.071138,19.821712,22.24685,25.616596,27.693274,32.57082,34.469677,37.44067,37.937687,39.004784,35.476784,32.54236,28.588333,27.05453,23.467455,21.317617,20.870756,24.106478,21.805058,27.21493,29.085943,27.324022,29.69942
10,30.109493,26.904654,24.047783,20.513668,18.708477,15.472915,13.882664,9.669372,6.791313,6.092277,0.0,4.6556892,6.116531,5.242434,8.707872,8.188899,13.560371,13.829257,19.46941,20.29725,24.22983,26.43111,29.605314,26.823835,31.312307,26.51562,29.878494,27.517174,20.498724,20.194265,15.642155,17.048622,10.543847,12.652807,12.209651,11.883683,16.430943,16.998652,16.845663,17.215227,16.5923,19.598358,16.591784,22.07552,18.081217,24.193424,23.833141,27.083977,29.128174,26.913149,23.623785,24.836363,24.106813,21.817247,18.400293,20.028557,19.183956,22.575396,22.178984,24.55537,23.93035,25.623264,21.70955,24.303848,22.833984,25.067003,26.724922,27.469843,28.663914,29.903488,26.267666,26.671871,22.152294,25.074457,18.985136,18.995989,17.310675,14.151178,13.230042,13.953622,10.138235,9.793015,7.41894,8.284713,12.726519,11.381056,17.52803,20.746601,23.508978,27.184748,29.756159,34.652588,36.72901,39.246784,39.221428,39.822033,36.271023,32.63185,29.699057,27.038898,24.149256,22.225134,20.538946,23.52417,19.730692,25.431877,26.534433,24.081383,26.06944
11,31.856201,29.035265,25.558765,22.799818,20.798817,17.097084,15.904415,10.404455,9.215756,6.071104,4.6556892,0.0,4.6129856,6.8348165,10.02517,11.543091,16.319216,17.170008,22.68872,23.568552,27.60817,29.298092,32.80358,30.069445,34.08736,29.081577,32.36806,30.249283,23.361479,23.473133,18.78485,20.806349,13.632951,16.639881,15.090011,14.643784,18.972488,19.347025,20.139784,20.976864,19.270277,22.733395,19.28144,24.721886,20.321045,26.330269,25.828297,28.775686,30.69978,28.231176,25.188555,25.897984,25.644222,22.420643,19.400509,20.098347,19.795702,22.77379,21.574726,24.658224,24.665758,26.502182,23.091108,26.259022,24.806498,27.827461,29.473997,30.716707,32.08373,33.63776,30.1604,30.93255,26.463919,29.664831,23.591488,23.627052,21.89306,18.680712,17.46718,17.812971,13.825364,14.191428,11.677488,12.843648,17.244637,15.470606,21.754248,24.475353,27.143677,30.70177,33.03877,37.943348,39.93563,42.690224,42.912544,43.673786,40.16684,36.72557,33.439686,31.179722,28.02812,25.95291,24.725113,27.820686,24.317194,29.99562,31.173319,28.71585,30.600496
12,28.616814,25.905947,22.476171,19.977663,18.524061,14.086572,14.482888,8.205877,9.055272,7.3649826,6.116531,4.6129856,0.0,3.9110448,6.578555,9.498221,13.533879,15.514297,20.286264,21.96082,25.751644,26.94709,30.950598,28.888718,32.96737,28.080143,32.169247,30.46152,23.238043,24.051378,19.158264,21.981459,16.13788,18.656809,18.19828,17.820791,22.35529,22.884872,22.934505,23.092155,22.210161,24.76692,21.224016,26.161427,21.505001,27.119635,25.957512,28.896616,30.426094,27.584677,24.35386,24.471231,23.57036,20.423815,18.277128,19.298592,20.081388,23.165102,22.7357,26.030645,25.603838,28.35866,25.161303,28.247171,27.595625,29.92475,31.962082,32.73729,34.36999,35.28788,31.367899,31.934149,27.301847,30.038818,24.043257,23.17002,21.395666,18.588697,17.052889,17.99528,13.785847,13.851074,13.190325,13.619104,17.687113,15.473856,21.921215,23.90894,27.049862,30.328184,33.05521,37.458427,39.84606,42.74741,42.950386,44.02414,40.07922,37.088055,33.33084,31.237726,27.661987,25.18315,24.183567,27.435633,24.110159,29.586176,31.164959,28.819725,31.12444
13,27.155006,24.088757,21.284126,18.080887,17.0308,12.750026,13.335204,8.100166,8.045181,8.363951,5.242434,6.8348165,3.9110448,0.0,5.117729,6.436446,10.980725,12.958351,17.565554,19.540253,23.141407,24.686852,28.544615,26.642977,31.182205,26.522705,30.846647,29.010212,21.642506,22.234259,17.477255,19.879261,14.94732,16.465757,17.037615,16.58509,21.181253,21.973148,21.275852,21.04232,21.173882,23.27955,20.158112,25.005877,20.69536,26.288887,25.144884,28.32391,29.883543,27.197744,23.72967,24.157663,22.675734,20.398642,18.103722,19.955444,20.445166,23.850163,24.087543,26.864334,25.919739,28.630604,25.07871,27.690924,27.066778,28.700478,30.743837,31.050047,32.499855,33.08487,29.00381,29.135363,24.478418,26.705118,20.730984,19.587887,17.681086,15.043869,13.48289,14.822776,10.704793,10.327154,10.802241,10.887018,14.715964,12.880039,19.121136,21.380966,24.727146,28.03427,31.059008,35.335182,37.87772,40.577465,40.537785,41.50418,37.44578,34.348114,30.870634,28.417133,25.024284,22.588459,21.183245,24.345348,20.716246,26.13116,27.662,25.282574,27.706182
14,22.28888,19.405886,16.27379,13.460804,12.374113,7.7611036,9.347783,4.214122,6.873182,8.501942,8.707872,10.02517,6.578555,5.117729,0.0,4.9522533,7.146246,9.890782,13.958269,16.035227,19.602493,20.496603,24.715433,23.148159,27.277988,22.621042,27.42236,26.124918,18.755804,20.356579,15.533532,19.384285,16.11637,18.412575,19.282114,19.812252,24.250757,24.422192,23.311861,22.186245,22.255945,23.115139,19.614042,23.517622,18.874844,23.728954,21.913872,24.896347,26.058693,23.085857,19.60491,19.552849,17.83309,15.563775,13.880905,15.9699335,17.305847,20.646132,21.674927,24.4783,23.158194,26.775816,23.748865,26.391611,26.952139,28.061743,30.665087,30.747736,32.936707,32.859074,28.440466,29.077562,24.409416,27.102976,21.727327,19.711897,18.857872,16.999815,16.076271,18.24109,14.508977,12.876058,13.837928,12.419731,15.220588,12.108415,18.232962,18.958443,22.46001,25.31962,28.378435,32.199394,34.94295,37.95982,38.179237,39.63804,35.28425,32.972355,28.5774,26.93214,22.839603,19.981886,19.531435,22.924244,20.52157,25.497175,27.864647,26.137236,29.13415
15,22.598106,19.141521,16.987867,12.87017,11.85453,8.784539,8.638851,6.8709435,5.8184934,9.419363,8.188899,11.543091,9.498221,6.436446,4.9522533,0.0,5.5532365,6.623483,11.490328,13.213337,16.802826,18.727167,22.270702,20.335873,25.129217,20.698896,25.260305,23.49031,16.080727,16.924786,12.387551,15.315152,13.154626,14.434533,16.293558,17.003723,21.225016,21.482615,19.626682,18.063236,19.133945,19.557137,16.687075,20.61667,16.637432,21.646254,20.286257,23.622486,25.101866,22.657852,19.001938,19.91402,17.929813,16.967016,14.347441,17.321037,17.409014,21.073,22.522488,24.449896,22.671804,25.668636,22.078514,24.064096,24.3556,24.77763,27.247396,26.9029,28.816288,28.539349,24.07352,24.339573,19.66788,22.151964,16.830284,14.810115,14.200784,12.550028,12.22665,14.82822,11.709482,9.014535,10.517204,8.260263,10.461687,7.7206974,13.641849,15.163557,18.721104,21.853167,25.105453,29.122694,31.828308,34.499775,34.418728,35.56942,31.29875,28.580118,24.752747,22.53142,18.84839,16.26712,15.09898,18.386372,15.601052,20.695362,22.938791,21.24074,24.301254
16,17.126091,13.618154,11.833442,7.5054693,7.4662976,4.8108163,7.1434927,8.183403,9.410273,13.278475,13.560371,16.319216,13.533879,10.980725,7.146246,5.5532365,0.0,4.5950303,6.8390837,9.641992,12.720851,13.772775,17.930174,16.9439,21.498177,17.421152,22.906578,21.911425,14.755607,16.868414,12.853486,17.001747,17.198168,18.550922,20.849596,22.05933,26.030792,25.969997,23.655115,21.263952,22.665842,21.658768,18.824232,21.309948,17.423958,21.089153,18.85128,21.90917,22.749214,20.054579,16.366983,16.65605,13.691399,13.757848,12.402727,15.953945,17.061932,20.49825,23.03889,24.7675,22.423023,26.364899,23.4069,25.122238,26.683819,26.212309,29.18763,28.35391,30.870073,29.668938,24.8601,25.337652,20.885132,23.222221,18.960272,15.730188,16.201637,15.758118,15.813884,18.9506,16.356382,13.273893,15.627092,12.694063,13.258262,9.929519,14.331238,13.564277,17.442715,19.755838,23.288319,26.38372,29.519236,32.43703,32.500153,34.22172,29.483536,27.817825,23.058985,21.714933,17.316051,14.169747,14.173982,17.507566,16.305336,20.35304,23.516592,22.601292,26.223902
17,18.370937,14.688802,13.328167,8.4707155,7.215433,7.5337095,5.7887015,9.610302,8.668335,13.151855,13.829257,17.170008,15.514297,12.958351,9.890782,6.623483,4.5950303,0.0,6.1885643,6.625602,10.463164,12.755704,15.835397,13.723791,18.594479,14.397706,19.286255,17.828218,10.610143,12.330186,8.571721,12.708048,14.381117,15.800873,18.2901,20.16114,23.669374,23.18949,20.539858,17.641258,19.199919,17.446133,14.900711,16.989012,13.565691,17.161112,15.355054,18.671593,19.908613,17.78768,14.087486,15.550937,13.146044,13.99395,11.28361,15.254888,14.981392,18.544031,21.321693,22.252455,19.608513,23.01416,19.823032,21.07554,22.767305,21.821823,24.858202,23.869291,26.561478,25.212032,20.39857,21.23141,16.841812,19.959038,16.12701,13.207591,14.74027,14.520076,15.518116,18.69002,16.6411,12.949377,14.409937,10.759629,10.205466,6.4284863,10.131827,9.265356,13.037841,15.681402,19.106577,22.696482,25.595554,28.404404,28.461048,30.032122,25.493282,23.604177,18.890999,17.542593,13.126095,10.135653,10.20822,13.673982,13.134264,17.196781,20.539486,20.02498,23.685625
18,13.827885,9.826644,10.511815,5.369109,7.0009785,8.897868,9.989006,14.210663,14.630563,18.955381,19.46941,22.68872,20.286264,17.565554,13.958269,11.490328,6.8390837,6.1885643,0.0,4.83686,6.2270494,7.688565,11.446091,11.395229,16.301476,13.347179,19.275295,18.761465,12.807909,15.317672,13.056585,16.889233,20.26145,20.893478,24.01175,25.763123,29.104898,28.754408,25.620844,22.251322,24.590004,21.864456,19.915234,20.616804,17.947212,19.85166,17.362717,20.170053,20.576376,18.482862,15.051013,15.775517,11.918371,14.708091,13.863686,18.021801,18.706411,21.807405,25.441317,26.094461,22.983887,26.950123,24.319672,25.029858,27.539003,25.565071,28.787365,27.0945,29.927803,27.5738,22.6014,23.031513,19.203764,21.16053,18.66429,14.553576,16.674126,17.670738,18.669006,22.181585,20.670074,16.969683,19.711054,16.110607,14.611193,11.855131,13.051339,9.9833765,13.818272,15.067148,18.986359,20.989374,24.523457,27.294678,27.22656,29.29158,24.189764,23.496616,18.310232,17.644024,13.039521,9.755038,10.818027,13.640876,14.580975,16.879757,20.934807,21.161007,25.226967
19,15.300305,11.692082,12.013097,7.5518947,7.0787673,10.939691,9.299669,15.162612,14.631683,18.959095,20.29725,23.568552,21.96082,19.540253,16.035227,13.213337,9.641992,6.625602,4.83686,0.0,4.2965407,7.2685227,9.318967,7.338848,12.440055,9.123316,14.6241455,13.932866,8.338955,11.152279,9.846099,13.961225,18.716364,19.878487,22.71021,25.153362,28.015945,27.090416,23.92035,20.157053,22.144892,18.52388,16.762407,16.432064,14.312836,15.387264,13.055939,15.900671,16.538904,15.028983,11.755248,13.607493,10.656319,14.036637,12.176766,16.421982,16.037447,18.96228,22.89645,22.78325,19.393913,23.047535,20.602556,20.889145,23.952862,21.527723,24.954262,23.21641,26.539557,23.964172,19.053713,20.321468,16.775984,19.936384,18.121096,14.636281,17.736898,18.697342,20.355785,23.723698,22.404976,18.44316,20.038635,16.099552,13.925629,10.896786,10.756401,5.998276,9.452183,10.615153,14.328379,16.799805,20.107548,23.046211,23.238,25.413649,20.489317,19.99009,14.180238,14.321159,9.193889,5.7454734,8.433049,11.250228,13.787218,15.763126,20.094927,20.89126,24.887203
20,14.161189,10.694442,12.786249,9.0318775,9.952851,13.974648,13.3772955,19.074217,18.818586,23.183468,24.22983,27.60817,25.751644,23.141407,19.602493,16.802826,12.720851,10.463164,6.2270494,4.2965407,0.0,4.727116,5.6412015,5.836817,10.997288,9.522091,15.083655,15.027299,11.24363,13.836971,13.638868,16.931026,22.568377,23.103378,26.353647,28.70857,31.378332,30.551813,27.045164,23.037153,25.60535,21.472723,20.30496,19.194332,17.867119,17.878971,15.488998,17.818092,17.93427,16.81207,14.067777,15.572981,12.102971,16.557611,15.622163,19.750248,19.646776,22.230217,26.504484,26.08296,22.491035,26.131628,23.974728,23.756193,27.11767,23.964052,27.345785,25.08161,28.339659,25.072193,20.24547,21.1287,18.210749,20.461994,19.763515,15.818183,19.28659,20.947687,22.701336,26.186235,25.296776,21.314663,23.510374,19.60197,16.921711,14.603674,13.141722,7.8643723,10.531023,10.260062,14.184827,15.147781,18.901775,21.609972,21.604929,24.07416,18.806992,19.277578,13.429942,14.114892,9.446101,6.6283073,9.574228,11.349299,14.962374,15.410334,20.084036,21.49029,25.616444
21,9.639471,6.6208997,9.59504,7.633288,9.426436,13.644009,14.36537,19.806705,20.739422,24.80793,26.43111,29.298092,26.94709,24.686852,20.496603,18.727167,13.772775,12.755704,7.688565,7.2685227,4.727116,0.0,5.365093,8.056559,10.924082,9.923172,16.149601,17.175762,13.854754,17.38084,16.755075,20.980188,25.91535,27.037924,29.955849,32.29188,35.243656,34.3574,31.129484,27.261961,29.30712,25.3095,23.61005,22.31344,20.440466,19.902843,16.758776,18.457317,17.769365,16.119541,13.732061,13.943801,9.800412,14.823681,15.426627,19.19642,20.25161,22.408842,26.97303,26.908413,23.365025,27.815952,26.305433,26.48149,30.3809,27.54008,31.130865,29.102942,32.667355,29.399548,24.639622,25.790852,22.879032,25.130568,24.22737,20.128334,23.192198,24.686079,26.044823,29.578238,28.276281,24.470661,26.805555,22.980558,20.87853,18.013552,17.547548,12.108945,14.500415,13.608155,16.956768,16.87321,20.748144,23.842024,24.246128,27.237278,21.941498,23.320581,16.992895,18.53976,13.806689,10.994822,14.2413225,16.059347,19.504387,19.961233,24.634724,25.970247,30.131145
22,13.866285,11.610609,14.654755,12.672855,13.66393,18.322004,17.748955,23.808578,23.849342,28.040293,29.605314,32.80358,30.950598,28.544615,24.715433,22.270702,17.930174,15.835397,11.446091,9.318967,5.6412015,5.365093,0.0,5.3416104,7.68801,9.042833,13.86393,15.044272,13.906189,16.768862,17.688036,20.89786,27.29265,28.023294,31.140167,33.782433,36.164623,35.042282,31.498137,27.269053,29.664215,24.813751,23.943602,21.517284,20.928776,19.211802,16.64249,17.983282,17.314684,16.848639,15.148966,16.379206,13.25386,18.606274,18.479288,22.177666,22.208323,24.086544,28.823652,27.85436,24.065117,27.789595,26.431791,25.747875,29.931097,26.167482,29.663923,27.147081,30.78072,26.874825,22.436909,23.724346,21.668701,23.888535,24.313114,20.519405,24.345778,26.275162,28.174837,31.649063,30.904762,26.90164,28.938644,24.979984,22.065598,19.80627,17.566235,11.640563,12.694223,10.487842,13.50396,12.185169,16.213812,19.010216,19.33073,22.53458,17.234085,19.561495,13.230611,15.74252,11.741377,10.066294,13.737671,14.49575,19.37359,18.502443,23.30071,25.416056,29.465036
23,16.99729,14.384349,15.853896,13.09711,12.6294365,17.531021,15.223135,21.719452,20.885885,24.96277,26.823835,30.069445,28.888718,26.642977,23.148159,20.335873,16.9439,13.723791,11.395229,7.338848,5.836817,8.056559,5.3416104,0.0,6.0135636,5.570309,9.724694,10.028463,9.04031,11.664119,13.244533,16.306028,23.0919,24.204504,26.95568,29.955597,32.039375,30.578466,27.183388,22.915726,24.898026,19.784246,19.016203,16.21765,16.024178,14.162494,12.091476,13.83687,13.935681,13.981332,12.150481,14.692113,12.704397,17.419538,15.899877,19.597834,18.490957,20.459639,24.995382,23.581182,19.761047,22.907578,21.365274,20.46585,24.66972,20.8783,24.44293,22.110651,26.013174,22.361795,17.93198,19.968277,17.835436,21.280884,21.518291,18.466913,22.565002,24.091665,26.308458,29.583967,28.813913,24.734402,25.848574,21.83689,18.797043,16.453257,13.798367,7.523228,7.782344,5.7577133,8.9158125,9.707887,13.316844,16.424997,16.97336,19.882446,14.890004,16.334436,9.354148,12.207785,7.6156774,6.1626,10.627585,11.612419,16.841824,16.64314,21.30492,23.3451,27.207323
24,17.548122,16.201674,17.46147,16.404224,15.650747,20.961853,18.608118,25.23561,24.921238,28.55272,31.312307,34.08736,32.96737,31.182205,27.277988,25.129217,21.498177,18.594479,16.301476,12.440055,10.997288,10.924082,7.68801,6.0135636,0.0,5.2116804,7.1331196,9.790468,12.003197,15.138871,17.155119,20.674595,27.292477,29.165367,31.33397,34.670506,36.593033,34.70042,31.657045,27.44263,28.580942,23.1447,22.204357,18.221535,18.34474,14.51936,12.093671,12.174838,11.107821,12.03293,11.844036,13.954559,13.115874,18.048313,17.346903,20.193035,19.32595,20.24039,25.134905,23.207548,19.37353,22.777658,22.52184,21.497688,26.724247,22.918848,26.644142,24.589817,29.06683,25.276403,21.463564,24.295996,22.724945,26.612288,27.190104,24.395836,28.526514,29.915045,32.105137,35.339043,34.349274,30.310726,30.987965,26.995218,24.211872,21.499859,19.14392,12.931874,12.050499,8.9683485,9.504595,7.9599457,11.152519,15.01881,16.617975,20.369907,15.992392,19.110842,11.87535,16.47004,12.632458,11.841318,16.393972,17.090988,22.640894,22.127182,26.71319,29.01903,32.75415
25,16.514145,14.636306,14.56169,13.064145,11.394535,16.639889,13.647542,20.291954,19.979525,23.450752,26.51562,29.081577,28.080143,26.522705,22.621042,20.698896,17.421152,14.397706,13.347179,9.123316,9.522091,9.923172,9.042833,5.570309,5.2116804,0.0,6.5298853,8.1074705,7.6234255,11.688426,12.707238,17.21997,22.889675,25.367516,27.148811,30.485361,32.693882,30.786163,28.078318,24.124857,24.708532,19.8257,18.116222,14.908662,13.910348,11.035497,7.9124365,8.979065,8.602026,8.455437,7.164223,9.9681835,9.458863,13.746646,12.31254,15.3549385,14.36459,15.700805,20.523315,19.063028,15.233528,19.158327,18.543901,18.260674,23.29847,20.355093,24.251015,22.764471,27.296701,24.26201,20.100176,23.130627,20.7398,25.263067,24.701258,22.08819,25.826214,26.6705,28.666224,31.807594,30.414457,26.482275,26.769648,22.836945,20.597244,17.32962,16.141718,10.131583,10.06429,8.705081,9.960774,11.415714,14.169261,18.099405,19.554571,22.722692,18.388592,19.92176,12.608825,16.089165,11.3083515,9.608258,14.198005,15.84176,20.4578,21.270254,25.726744,27.39754,31.132683
26,22.638117,21.078903,20.82782,19.424374,17.29532,22.287176,18.179758,24.67443,23.50289,26.507954,29.878494,32.36806,32.169247,30.846647,27.42236,25.260305,22.906578,19.286255,19.275295,14.6241455,15.083655,16.149601,13.86393,9.724694,7.1331196,6.5298853,0.0,4.1061425,9.566248,11.926754,14.730178,17.909142,24.188972,26.897593,28.119732,31.918861,33.342133,30.864403,28.394863,24.46078,24.395359,18.847603,17.910074,12.91263,13.845579,8.487951,7.2628036,6.632082,6.897204,9.58239,10.239036,13.821721,15.073376,18.409002,16.176962,18.269253,15.755014,16.153069,20.577517,17.678978,13.94947,16.297318,16.568638,15.203237,20.954176,17.448927,21.250706,19.914667,24.915892,21.82011,18.634144,22.671041,21.266897,26.552208,26.804886,25.141872,29.213037,29.961744,32.3435,35.186108,34.075787,30.181732,29.527964,25.754545,23.249115,20.491943,18.278975,13.151561,10.967346,9.038809,7.162648,9.152747,10.058409,14.207065,16.42474,19.568367,16.457327,18.402327,11.607222,16.27133,12.940959,12.88439,17.047361,17.878712,23.028034,23.362625,27.401186,29.457947,32.750626
27,24.587948,22.450493,22.039629,19.748714,17.382065,21.959406,17.19971,23.506723,21.51601,24.542389,27.517174,30.249283,30.46152,29.010212,26.124918,23.49031,21.911425,17.828218,18.761465,13.932866,15.027299,17.175762,15.044272,10.028463,9.790468,8.1074705,4.1061425,0.0,7.429887,8.402202,11.9812,14.2430105,20.87872,23.361729,24.569902,28.427624,29.583208,27.066969,24.526676,20.587072,20.61038,14.872191,14.374091,9.141231,10.963175,6.051058,6.549021,7.466244,9.278578,11.5456,11.292666,15.481554,16.57277,19.4027,16.170885,18.523825,15.093641,16.072063,19.950457,16.910715,13.273794,14.5380945,13.849915,11.987174,17.33555,13.509856,17.316048,15.91822,20.898668,18.019436,14.808642,19.07613,17.675095,23.355085,23.550873,22.423035,26.478388,27.085361,29.631817,32.27958,31.377695,27.537407,26.512148,22.848427,20.186617,17.842222,15.182254,10.9787,8.168358,7.374912,5.3335295,9.950592,10.501959,14.011819,15.721222,18.10219,15.225727,15.830779,9.615343,13.495464,10.592735,11.100729,14.60553,15.350177,20.164352,20.808586,24.497353,26.407629,29.477146
28,21.144917,18.322435,17.198805,13.994013,11.265238,15.149922,10.123753,16.371525,14.359295,17.79665,20.498724,23.361479,23.238043,21.642506,18.755804,16.080727,14.755607,10.610143,12.807909,8.338955,11.24363,13.854754,13.906189,9.04031,12.003197,7.6234255,9.566248,7.429887,0.0,4.7787747,5.3556743,10.010247,15.416325,18.144625,19.607786,23.094099,25.155481,23.172054,20.614449,16.860703,17.129435,12.622758,10.616303,8.620569,7.0279007,7.177868,5.9768176,9.419595,11.422299,11.158213,8.619724,12.613674,12.707377,14.751056,10.775684,14.083377,11.115311,13.652185,17.342146,15.958049,12.44691,15.080093,12.78005,12.733357,16.644247,14.336207,18.13381,17.124922,21.36758,19.363604,15.039062,18.246065,15.157727,20.660286,19.082752,17.507523,20.909931,21.071987,23.227507,25.986305,24.618334,20.809446,20.081198,16.286081,14.213056,11.010611,10.2478895,6.346144,6.5058904,8.576751,10.172159,14.845502,16.753376,19.974802,20.853176,22.77778,18.99258,18.015951,12.061691,13.306282,8.752647,7.2975616,10.322857,12.617335,15.747439,18.09226,21.8232,22.780882,26.142372
29,25.40153,22.289387,21.44564,17.644176,15.149295,18.275175,12.997004,18.363804,15.053362,18.365238,20.194265,23.473133,24.051378,22.234259,20.356579,16.924786,16.868414,12.330186,15.317672,11.152279,13.836971,17.38084,16.768862,11.664119,15.138871,11.688426,11.926754,8.402202,4.7787747,0.0,4.9553046,6.005566,13.021136,15.006532,16.624163,20.275553,21.689909,19.59831,16.723745,12.739551,13.496354,8.290039,7.638485,5.7034073,6.4168,7.9028187,9.101218,12.357624,14.937052,15.363146,13.16606,17.267597,17.401999,19.12611,14.680651,17.732004,13.872393,16.465591,19.245474,17.406641,14.336828,15.041827,11.682174,10.639401,13.37248,10.380074,13.915601,12.648476,16.64963,14.897399,10.63546,14.086338,11.161678,17.32323,16.047354,15.530042,19.05892,19.160385,21.726244,24.139486,23.332197,19.608894,18.270525,14.698251,12.020596,10.128741,7.665399,6.55744,5.35283,8.80222,9.9795,15.656051,16.914917,19.345482,19.75238,20.794102,17.636051,15.246128,10.912324,10.768336,7.778888,7.944804,9.10666,10.7638035,13.415592,15.868422,18.929522,19.852259,22.791307
30,23.702866,20.472189,18.837072,14.905633,12.082645,14.192595,8.670242,13.482206,10.135452,13.599486,15.642155,18.78485,19.158264,17.477255,15.533532,12.387551,12.853486,8.571721,13.056585,9.846099,13.638868,16.755075,17.688036,13.244533,17.155119,12.707238,14.730178,11.9812,5.3556743,4.9553046,0.0,6.4253654,10.201052,13.15411,14.47885,17.830862,20.169836,18.432219,16.019342,12.686304,12.85541,9.763609,7.012276,8.5046835,5.5435195,9.913045,9.889527,13.505583,15.899331,15.111828,12.1542845,15.601227,15.493255,16.15989,11.432997,14.625215,11.327087,14.639209,17.059893,16.474268,13.773056,15.55847,11.887391,12.596439,14.537114,13.489812,16.761662,16.275572,19.696142,18.798748,14.47129,17.022831,13.116654,18.692106,15.738585,14.873833,17.476562,16.910131,18.930578,21.384579,19.869814,16.269764,14.885188,11.241928,9.787866,6.422843,7.629734,7.4993644,8.827156,12.322285,14.268675,19.451849,21.200518,23.924204,24.340553,25.515024,21.991385,19.52293,15.087777,14.300958,10.558843,9.1687565,9.791742,12.599527,13.43879,17.273949,20.234575,20.284935,23.34881
31,28.986223,25.47116,24.54203,20.073761,17.853445,19.526556,14.547564,18.194372,13.692617,16.784678,17.048622,20.806349,21.981459,19.879261,19.384285,15.315152,17.001747,12.708048,16.889233,13.961225,16.931026,20.980188,20.89786,16.306028,20.674595,17.21997,17.909142,14.2430105,10.010247,6.005566,6.4253654,0.0,8.669121,9.221087,11.413137,14.818514,16.038446,14.371932,10.990132,6.906378,9.077772,5.3885136,6.0441227,8.432549,8.852375,12.928461,14.53259,17.901205,20.637465,20.67857,18.097708,21.835102,21.578123,22.5678,17.830276,20.820347,16.950132,19.99597,21.666716,20.447765,18.135263,17.858236,13.363011,12.646854,12.357947,10.425526,12.674279,11.633266,13.9789095,13.55896,9.509341,11.545292,7.7061615,13.911238,11.408073,12.322861,15.07038,14.605842,17.320007,19.227688,18.849485,15.447516,13.460769,10.38545,7.56368,7.6565666,5.2882266,9.306098,9.348625,13.359274,14.972947,20.607174,21.771177,23.46123,23.198895,23.255571,20.517977,16.400717,14.460099,11.777086,10.522072,10.942726,9.246679,10.773516,10.448919,14.273394,16.05563,15.993329,18.388823
32,32.15134,28.740395,26.548162,22.437408,19.845266,19.39507,14.744661,15.064803,9.822383,10.871801,10.543847,13.632951,16.13788,14.94732,16.11637,13.154626,17.198168,14.381117,20.26145,18.716364,22.568377,25.91535,27.29265,23.0919,27.292477,22.889675,24.188972,20.87872,15.416325,13.021136,10.201052,8.669121,0.0,6.153883,4.610164,8.089438,10.66997,9.245704,8.333611,8.01744,6.249874,9.458545,7.3579535,13.401844,11.207267,17.393198,18.699837,21.99347,24.804417,23.94933,21.180967,24.099327,24.288704,23.279572,18.365936,20.31778,16.80549,19.994127,19.814772,20.106129,19.177399,18.76463,13.987492,15.446748,12.934564,14.972639,16.24328,17.23533,18.482157,20.216106,17.259556,18.591043,14.663301,19.461834,14.596369,16.27086,16.572441,14.135329,15.559624,16.384472,14.827631,12.811755,8.17582,7.1832633,8.837169,8.596275,11.892962,16.188583,17.33616,21.326893,22.915737,28.607506,29.78418,31.798136,31.75803,31.77268,29.181751,24.917473,22.979925,20.28655,18.555063,17.94376,16.129305,18.367535,15.651623,20.87802,21.7228,20.10177,21.728022
33,34.08453,30.327126,29.009851,24.266493,22.457165,21.931957,18.175917,18.607878,13.488255,15.339504,12.652807,16.639881,18.656809,16.465757,18.412575,14.434533,18.550922,15.800873,20.893478,19.878487,23.103378,27.037924,28.023294,24.204504,29.165367,25.367516,26.897593,23.361729,18.144625,15.006532,13.15411,9.221087,6.153883,0.0,5.1531677,6.4117603,8.401889,8.790859,5.524618,5.352904,8.370251,11.066453,11.3274145,16.494843,15.618727,21.189154,22.573713,26.038984,28.77626,28.122145,25.139908,28.157013,27.524654,27.345755,22.74122,25.34289,22.120037,25.471907,25.78055,25.797014,24.458519,23.86768,18.94265,19.32954,16.28534,16.869856,17.377825,17.32548,17.090996,18.729029,15.934022,15.520586,11.721171,14.903231,9.599222,12.488537,12.118087,9.709116,11.6713915,12.082539,12.0443,10.151958,6.371811,6.233996,6.530747,9.484008,10.82927,16.717505,17.97403,22.017159,24.07015,29.49446,30.80894,32.164165,31.466707,30.880163,28.380362,23.32761,22.904953,18.873405,18.3715,18.292387,15.066266,16.58383,12.251758,17.469027,17.205124,14.948266,16.030706
34,36.40666,32.882416,30.855099,26.575426,24.205511,23.436998,19.17081,18.809841,13.623537,13.990618,12.209651,15.090011,18.19828,17.037615,19.282114,16.293558,20.849596,18.2901,24.01175,22.71021,26.353647,29.955849,31.140167,26.95568,31.33397,27.148811,28.119732,24.569902,19.607786,16.624163,14.47885,11.413137,4.610164,5.1531677,0.0,4.2327704,6.0757036,5.1973114,5.249836,7.4753647,5.9972005,11.241038,10.678389,16.540482,15.279654,21.219715,22.943092,26.16504,29.089296,28.431261,25.73734,28.707901,28.840721,27.813087,22.94088,24.759283,21.183107,24.210215,23.536541,23.740005,23.147919,21.899427,17.06182,18.11123,14.125248,16.557327,16.738628,17.957396,17.914335,20.595018,18.44357,19.047611,15.632517,19.635822,14.699967,17.509756,17.064613,14.270524,15.554508,15.395073,14.520529,13.476267,8.132787,9.039314,10.802415,12.1718645,14.571414,19.754879,20.66436,24.705425,26.180061,31.950266,32.899128,34.486214,34.16569,33.63483,31.498808,26.586136,25.810703,22.460588,21.64812,21.466547,18.979467,20.719843,17.115353,22.251879,22.10033,19.975685,20.724403
35,38.444424,34.830605,32.86076,28.480467,26.457521,24.98822,21.508331,20.123068,15.236858,15.238116,11.883683,14.643784,17.820791,16.58509,19.812252,17.003723,22.05933,20.16114,25.763123,25.153362,28.70857,32.29188,33.782433,29.955597,34.670506,30.485361,31.918861,28.427624,23.094099,20.275553,17.830862,14.818514,8.089438,6.4117603,4.2327704,0.0,4.6088343,6.491798,7.086598,10.205007,10.019952,15.221949,14.806503,20.668533,19.218246,25.263996,26.747871,30.0536,32.88091,31.979456,29.092875,31.776054,31.554522,30.3603,25.76441,27.609901,24.531467,27.669497,26.825039,27.47119,26.98896,25.968372,21.187658,22.342869,18.184982,20.581728,20.468908,21.505787,20.752989,23.568735,21.518711,21.270557,17.8934,20.652502,15.220758,18.23925,16.686308,13.424208,14.023642,12.971698,12.306355,12.426786,7.110118,9.753281,12.261011,14.283627,17.050152,22.60136,23.907103,27.976513,29.778112,35.39924,36.538982,38.00469,37.463608,36.77358,34.551674,29.407103,29.022491,25.191875,24.554224,24.246777,21.288033,22.975603,18.41125,23.678371,22.949121,20.18365,20.45743
36,41.984997,38.336258,36.55918,32.089867,29.969425,28.998022,25.07569,24.312733,19.255281,19.276258,16.430943,18.972488,22.35529,21.181253,24.250757,21.225016,26.030792,23.669374,29.104898,28.015945,31.378332,35.243656,36.164623,32.039375,36.593033,32.693882,33.342133,29.583208,25.155481,21.689909,20.169836,16.038446,10.66997,8.401889,6.0757036,4.6088343,0.0,3.8779256,5.62879,10.01476,9.719209,15.218086,15.9415655,21.315037,20.912151,26.515598,28.595974,31.75274,34.76745,34.331375,31.696575,34.75317,34.781956,33.844788,29.00914,30.790407,27.150032,30.049406,29.044586,29.093441,28.729872,26.749662,21.975231,22.51347,17.46024,19.873917,18.877102,20.131254,18.471613,22.066265,20.972479,20.637024,18.114426,20.823317,16.338705,20.183088,19.010197,16.181593,17.244204,15.902904,16.148167,16.23602,11.336675,13.490559,14.916316,17.434053,18.865631,24.654655,25.30899,29.306137,30.661108,36.40687,37.109245,38.16797,37.501606,36.330936,34.758503,29.22011,29.792356,25.812376,26.011238,26.279306,23.197672,24.337431,20.03039,24.714432,23.378183,20.790462,20.30588
