,0,1,2,3,4,5,6,7,8,9,10,11,12,13,14,15,16,17,18,19,20,21,22,23,24,25,26,27,28,29,30,31,32,33,34,35,36,37,38,39,40,41,42,43,44,45,46,47,48,49,50,51,52,53,54,55,56,57,58,59,60,61,62,63,64,65,66,67,68,69,70,71,72,73,74,75,76,77,78,79,80,81,82,83,84,85,86,87,88,89,90,91,92,93,94,95,96,97,98,99,100,101,102,103,104,105,106,107,108,109,110
0,0.0,4.2532797,6.3675766,9.477319,11.927978,14.2114725,17.33605,20.841301,24.506014,26.927078,30.772688,32.722157,30.469267,29.097048,24.349752,23.903082,18.71056,18.575787,15.4557495,13.877938,14.17756,9.578464,13.798097,16.46696,15.482563,17.493761,21.494759,20.998611,21.23114,22.366785,25.025356,24.842272,31.66485,29.24785,33.802452,35.45887,37.127106,37.04911,32.45462,28.580969,33.08341,28.667965,30.24354,28.439623,28.328903,25.565607,26.229927,26.09804,29.427708,31.941198,32.697433,37.13431,38.626945,41.11378,38.211796,41.857277,38.007343,39.43937,41.426136,42.40264,39.46708,41.173977,36.495506,36.86553,35.356876,33.30416,35.488354,31.476707,31.77951,27.135225,25.480576,26.635752,26.321241,30.655817,31.110506,31.595533,34.11098,34.540627,35.9112,38.719604,36.58418,32.69616,31.251188,28.019535,26.67169,23.396755,23.30698,20.269659,19.569057,19.531675,19.008451,17.503317,19.565023,15.587552,19.345007,20.898073,23.932663,23.342361,28.442667,28.135868,34.10294,33.242985,38.89107,38.283478,37.112778,34.028687,32.102715,27.165722,25.602066,21.98294,19.998447
1,4.2532797,0.0,5.295967,6.571707,8.580458,12.048396,14.015074,18.42851,21.497766,24.26189,27.890783,30.151842,28.27102,26.674479,22.197376,21.114017,16.253996,15.297894,12.594393,10.045452,10.572414,6.4538817,10.93032,12.965627,12.603641,14.13917,17.84978,17.392311,17.10844,18.572134,21.01012,21.39767,28.155716,26.289272,30.615088,32.51098,34.357277,34.019115,29.557663,25.608181,29.694315,25.07412,26.390089,24.400944,24.517458,21.545116,22.460138,22.36558,25.68,28.03146,28.611914,33.076538,34.468983,36.909557,34.000153,37.663776,33.823246,35.344326,37.367428,38.257065,35.36364,36.978344,32.28848,32.745415,31.275658,29.361504,31.651798,27.748178,28.140764,23.565744,21.588818,22.51764,22.219418,26.418089,27.031702,27.443111,30.108465,30.730158,32.24202,35.155754,33.242416,29.252905,28.134935,24.685402,23.062479,19.774479,19.433249,16.061537,15.4737,15.54049,15.344465,13.860429,16.770447,13.382526,17.181091,18.168291,21.1499,20.00312,25.060984,24.454706,30.542816,29.565361,35.19943,34.797268,33.778023,30.69036,29.023388,23.77078,22.6461,18.755398,17.444105
2,6.3675766,5.295967,0.0,5.213193,6.736859,8.247601,11.744099,14.587311,18.573637,20.679426,24.83787,26.523262,24.396107,23.30189,18.465628,18.409887,13.43065,13.519344,11.757115,10.566411,12.692337,9.4645,14.955394,16.907608,17.435051,18.350925,21.712046,21.206186,19.209444,20.727434,22.262758,22.694395,28.383585,26.058867,30.644686,31.911947,34.235085,34.392742,29.985617,26.349136,30.765001,26.829103,27.574923,26.303038,27.351843,24.338058,25.955986,25.972567,29.163754,31.100517,31.148914,35.626648,36.396484,38.722134,35.66217,39.09217,34.770447,36.250374,37.701843,38.38735,35.215935,37.09528,32.575817,32.69412,31.986221,29.302233,31.829594,27.82443,29.10015,24.060791,21.668001,23.424597,22.23188,27.208189,26.599688,27.713112,29.847626,29.901375,31.382908,33.90937,31.958225,28.14278,26.046782,23.030136,21.51039,18.818464,18.369795,16.714048,15.95247,17.01916,15.875235,13.12009,15.696534,11.320114,14.229303,15.670618,18.293493,18.142427,22.859787,22.79316,28.485352,27.749851,33.372948,32.525158,31.175762,28.125332,26.046043,21.363077,19.501953,16.191767,13.832088
3,9.477319,6.571707,5.213193,0.0,3.7192197,6.091027,8.438973,12.610149,15.428927,18.45555,21.618116,24.036379,21.975254,20.175945,15.808656,14.609422,9.685677,9.106976,6.7363644,5.717977,8.130601,6.3032217,11.824692,13.637024,15.736427,16.69334,19.028448,17.820478,14.936454,15.970698,17.436598,17.550018,23.211235,20.976511,25.488771,26.921112,29.207088,29.234974,24.865953,21.212801,25.566723,21.783945,22.540943,21.670618,22.97127,20.413069,22.44779,22.980627,26.231522,27.971672,27.681845,32.233635,33.05403,34.943546,31.513342,34.692513,30.275818,31.50588,32.97925,34.01402,30.89931,33.25763,28.896606,29.545162,29.343557,27.023098,29.954056,26.288563,27.836016,23.061197,19.706646,20.752901,19.2092,23.589651,22.740347,23.366053,25.307178,25.358171,26.66248,29.340683,27.257921,23.38462,21.805868,18.560793,17.34799,14.109813,14.670631,13.0205555,13.356529,15.130294,14.922652,11.795224,16.351818,13.04378,15.432228,15.814163,17.888819,16.912054,21.00871,20.16741,25.887272,24.437628,30.084078,29.288588,28.436655,25.175854,24.110554,18.635021,17.769932,14.357001,13.111293
4,11.927978,8.580458,6.736859,3.7192197,0.0,5.313936,5.4598107,10.351819,12.975175,15.847667,19.457407,21.758194,20.281212,18.734697,14.541178,13.222588,9.174426,7.5248585,7.738786,5.418477,9.193613,8.792442,13.604375,14.272243,16.421564,16.367334,18.4811,17.825857,13.90542,15.809659,16.328758,17.731537,22.63006,21.16328,25.338247,26.799637,29.543613,29.415709,25.34616,21.809189,25.522057,21.687199,21.7049,20.61294,22.520967,19.426508,21.82541,22.116184,25.109116,26.500978,25.936771,30.39633,30.768436,32.799675,29.570774,32.82246,28.31391,29.835083,31.116095,31.68889,28.489923,30.490221,26.079647,26.390257,26.272072,23.636814,26.583715,22.889788,24.775618,19.876995,16.36771,17.840893,16.048279,20.938232,19.911884,21.075445,23.16494,23.310253,24.983751,27.58888,25.97767,22.04126,20.299425,16.978539,15.014921,12.453565,11.683872,10.532865,10.373956,12.603758,11.960326,8.339701,13.206745,10.388546,12.347743,12.323341,14.321026,13.194278,17.38004,16.67541,22.482119,21.362442,27.01608,26.367126,25.325388,22.183659,20.77915,15.37977,14.450273,10.780646,9.916813
5,14.2114725,12.048396,8.247601,6.091027,5.313936,0.0,5.878524,6.979741,10.85283,13.13655,16.782713,18.593914,16.312773,15.0562,10.286387,10.40273,5.772799,7.009302,7.690572,8.888573,12.497116,12.117637,17.338722,18.676725,21.306183,21.582613,23.431705,22.316965,17.713032,18.812435,18.85068,19.26246,22.952494,20.471447,24.997,25.595562,28.579271,29.154171,25.120344,22.084927,26.416367,23.672451,23.510866,23.578005,26.011692,23.502651,26.25631,26.878397,29.841782,31.006598,30.056284,34.46578,34.49455,36.13683,32.595737,35.368313,30.46282,31.610373,32.287666,33.02215,29.628948,32.318806,28.340258,28.625654,29.51985,26.4085,29.638237,26.093512,28.717579,23.704027,19.788218,21.617207,18.95091,23.945282,21.451017,22.953777,24.071924,23.35534,24.612846,26.711607,24.7089,21.159142,18.276012,15.720748,14.67874,12.6447735,13.099222,14.2235775,14.502949,17.361975,16.341188,12.06941,16.318316,12.908553,13.435917,13.739213,14.754549,14.891365,17.906603,17.590652,22.526035,21.245533,26.754972,25.38998,24.231224,21.008146,19.735344,14.950683,13.4147415,11.154596,8.948973
6,17.33605,14.015074,11.744099,8.438973,5.4598107,5.878524,0.0,6.487777,7.686104,10.920183,14.221004,16.717646,15.774351,14.180898,10.691895,8.819198,6.80647,4.0827427,8.252881,7.309903,11.504386,13.000317,16.984207,16.89697,20.016983,19.290398,20.288029,19.533592,13.742623,15.659706,14.565929,16.687061,19.686419,18.747972,22.52207,23.637499,26.99352,26.971779,23.392496,20.368082,23.504385,20.468618,19.460669,19.161896,22.23218,19.343443,22.530182,23.080036,25.689146,26.382204,25.050785,29.312918,28.975765,30.59749,27.197588,30.022562,25.126543,26.585388,27.260908,27.60069,24.219448,26.550781,22.498686,22.76367,23.805613,20.786375,24.188927,20.90241,23.807768,19.08029,14.5472145,16.182713,13.180964,18.207502,15.711725,17.46318,18.941685,18.66976,20.462917,22.786028,21.493814,17.67549,15.494143,12.33095,9.985208,8.494831,7.292056,9.137404,9.649481,13.19779,12.542326,8.205453,13.704316,12.128109,12.205219,11.069445,11.650709,10.454591,13.165659,12.181687,17.564676,16.174183,21.810919,20.974724,20.01542,16.795746,15.895945,10.208988,9.883285,6.7739387,7.1955605
7,20.841301,18.42851,14.587311,12.610149,10.351819,6.979741,6.487777,0.0,5.43745,6.24275,10.868329,11.955639,10.426896,10.089495,5.971841,7.3633986,6.987712,7.941794,12.094789,13.249153,17.273962,18.227358,22.799322,23.206139,26.273655,25.641188,26.760283,25.953083,19.889313,21.357546,19.736292,21.216743,22.488087,20.804607,24.622503,24.613874,28.418226,29.169722,25.897903,23.59666,27.024834,25.171787,23.764776,24.452116,28.013916,25.435982,28.824093,29.42816,31.893663,32.313038,30.644794,34.69085,33.7717,35.140965,31.718609,34.038696,28.83538,30.04373,29.848473,29.963892,26.393433,29.097748,25.671963,25.476336,27.568043,23.787733,27.241999,24.132135,27.861332,23.029549,18.629787,21.029703,17.353558,22.582176,18.492237,21.046957,21.36892,20.037151,21.497704,22.896729,21.55289,18.467222,14.448065,12.7999,11.364748,11.704307,11.068241,15.101761,15.296874,18.920462,17.454094,12.882536,16.59068,14.468288,12.736387,12.116037,11.237064,12.273066,13.182742,13.387915,17.02938,16.08423,21.222092,19.426191,17.908302,14.856051,13.406119,9.664018,7.6425486,7.6459117,5.79582
8,24.506014,21.497766,18.573637,15.428927,12.975175,10.85283,7.686104,5.43745,0.0,4.581909,6.587216,9.259981,9.024514,7.6141634,6.3849072,4.856627,8.20179,7.569377,12.888367,13.980638,17.658411,19.935356,23.511818,23.252005,27.05505,26.08726,26.183813,25.178804,18.271984,19.51414,16.851974,18.814474,18.47025,17.740637,20.795155,20.798641,24.951569,25.481327,22.797249,20.947412,23.460327,22.216911,20.077534,21.364607,25.560366,23.410177,27.19757,28.098856,30.240263,30.160498,27.976034,31.766804,30.519169,31.36658,27.769342,29.634562,24.307665,25.341305,24.7748,24.894156,21.31195,24.463795,21.48527,21.668854,24.697906,21.231913,25.035751,22.589888,26.700624,22.49141,17.383598,19.09069,14.870191,19.20747,14.130523,16.686136,16.368391,14.755513,16.275003,17.584223,16.615652,13.596367,9.720995,8.115007,6.4695625,8.357367,8.17544,13.741505,14.817972,18.837698,18.110193,13.9582,18.498178,17.70929,15.872798,14.159733,12.492732,12.332858,11.352935,10.426252,13.340716,11.36294,16.47513,14.68845,13.844012,10.456787,10.967183,6.2280006,6.9852653,7.862648,9.025939
9,26.927078,24.26189,20.679426,18.45555,15.847667,13.13655,10.920183,6.24275,4.581909,0.0,6.286265,6.3503885,7.0148177,7.845177,7.157212,8.423422,11.509454,11.752639,16.848925,17.892271,21.798283,23.6022,27.569376,27.33696,30.756514,29.56373,29.9658,29.308716,22.45595,23.999586,21.195883,23.375439,22.49998,21.763044,24.615347,24.140112,28.476871,29.268925,26.849154,25.277723,27.681818,26.685349,24.307798,25.54445,29.864962,27.456318,31.225887,31.878939,33.864365,33.63308,31.374249,34.957855,33.257828,34.227585,30.960651,32.71806,27.428507,28.590244,27.559769,27.118273,23.527922,26.256582,23.6091,23.09065,26.403425,22.329714,25.907661,23.513678,28.050564,23.779572,19.13956,21.587479,17.310547,22.041174,16.629847,19.91051,19.33042,17.442638,19.002283,19.588242,19.090302,16.737919,12.113948,11.753076,10.218234,12.876495,11.626363,17.368172,17.707163,21.57602,20.151499,16.005672,19.197496,18.419289,15.560033,14.072276,11.543743,12.812118,10.796989,11.255711,12.633474,11.895481,16.239473,13.952403,12.187142,9.390024,8.432303,6.767276,5.561478,8.7447405,8.929699
10,30.772688,27.890783,24.83787,21.618116,19.457407,16.782713,14.221004,10.868329,6.587216,6.286265,0.0,4.5830975,5.911715,4.9125915,8.337629,7.85934,13.015964,13.273956,18.058374,19.940687,23.1905,25.860535,29.084156,28.777912,33.010506,32.01742,31.52547,30.270916,23.035362,23.66084,20.327349,21.800783,18.886671,18.362494,20.416473,19.330803,23.886684,24.903887,23.213829,22.516157,24.352875,24.674448,21.94648,24.40397,29.083017,27.65288,31.674456,32.863876,34.690693,34.12925,31.43948,34.778687,33.004845,33.113235,29.418514,30.33544,24.953306,25.422499,23.77668,23.878176,20.415459,24.319923,22.58197,22.895653,27.30901,23.935173,27.814817,26.176748,30.801514,27.173326,21.978569,23.382244,18.878305,22.047178,15.695677,18.238886,16.252718,13.421688,14.19833,14.114685,13.497031,11.999852,6.874606,8.3330145,8.770117,12.088692,12.996082,19.106628,20.53897,24.588264,24.024466,20.147594,24.28911,23.869465,21.42054,19.574787,17.049706,17.299585,14.212434,13.333281,13.168785,10.610271,13.97305,11.068079,10.899258,7.9226537,10.945222,9.168257,10.745494,13.430222,14.673275
11,32.722157,30.151842,26.523262,24.036379,21.758194,18.593914,16.717646,11.955639,9.259981,6.3503885,4.5830975,0.0,4.6093707,6.8076935,9.703594,11.262961,15.703577,16.542192,21.32596,23.164587,26.725883,28.915552,32.61216,32.419003,36.304436,35.18449,35.076756,34.104824,26.935919,27.881208,24.61063,26.244526,23.441412,22.712091,24.812696,23.401987,27.946203,29.20464,27.582495,26.94989,28.915323,29.213005,26.457943,28.691858,33.37664,31.624186,35.60393,36.55983,38.34179,37.749676,35.082703,38.325775,36.24773,36.55596,33.165913,34.1017,28.798277,29.431538,27.523834,27.133327,23.718727,27.09476,25.537273,25.206215,29.659687,25.767756,29.399618,27.719372,32.613316,28.854523,24.085531,26.139984,21.64566,25.342857,18.992458,22.095573,20.199656,17.401237,18.24441,17.61811,17.369198,16.382975,11.176611,12.901178,12.901167,16.27659,16.243069,22.428612,23.258638,27.217499,26.067642,22.10564,25.261135,24.709694,21.601587,20.056055,17.087383,18.38554,14.878307,15.113026,13.901302,12.713111,15.189019,11.876188,10.655172,8.70424,10.122775,10.929759,11.053795,14.768681,15.2073965
12,30.469267,28.27102,24.396107,21.975254,20.281212,16.312773,15.774351,10.426896,9.024514,7.0148177,5.911715,4.6093707,0.0,3.9725347,6.3879676,9.33749,13.104959,15.120932,19.088037,21.785172,25.199057,26.97941,31.010782,31.44327,35.388397,34.81666,35.007626,33.658314,26.803005,27.269247,24.649149,25.242899,23.140059,21.204838,24.023804,22.33545,26.610884,28.29006,26.201735,25.486588,28.38037,28.75206,26.634443,29.102737,33.44183,31.93371,35.794247,36.92776,39.065723,38.853153,36.433636,40.008286,38.420856,38.75956,35.033936,36.09624,30.687553,31.073,29.50365,29.771955,26.321316,30.158848,28.254751,28.303059,32.34252,28.582754,32.3054,30.21959,34.802498,30.656342,25.793821,27.758114,23.36358,27.259937,21.224836,23.78606,21.997952,19.119356,19.501762,19.200233,17.871252,16.686954,11.07776,12.699619,13.626656,15.840058,17.029737,22.727901,23.775757,27.754517,26.664345,22.346346,25.883808,24.4482,21.786005,20.760534,18.366379,19.794186,17.48253,17.559431,17.659113,16.028374,19.187466,15.980169,15.053784,12.647926,13.70803,13.015037,12.555785,15.52134,14.983203
13,29.097048,26.674479,23.30189,20.175945,18.734697,15.0562,14.180898,10.089495,7.6141634,7.845177,4.9125915,6.8076935,3.9725347,0.0,5.130858,6.27062,10.743128,12.61782,16.317877,19.351467,22.40763,24.58116,28.218037,28.678396,32.97753,32.621098,32.486176,30.796383,23.963076,23.977177,21.451279,21.556473,19.37301,17.234217,20.151089,18.562988,22.796614,24.42368,22.236946,21.544636,24.528498,25.075851,23.13223,25.917717,30.170324,29.061325,32.927113,34.314716,36.524788,36.373756,33.96087,37.615097,36.336903,36.457268,32.450314,33.43346,28.008535,28.152355,26.80417,27.594011,24.18232,28.496181,26.519508,27.132772,31.124857,27.8357,31.733768,29.701988,34.03186,30.00673,24.821985,26.205664,21.867102,25.24499,19.334639,21.262218,19.361967,16.452106,16.545624,16.631506,14.734418,13.268014,7.7272673,9.25475,11.057584,12.724855,15.128892,20.567305,22.18212,26.21068,25.647072,21.392687,25.779215,24.387957,22.32689,21.09112,19.082401,19.687426,17.74416,17.00194,17.805199,15.251661,18.835905,15.901255,15.714197,12.787318,14.924798,12.573797,13.121546,15.216572,15.25258
14,24.349752,22.197376,18.465628,15.808656,14.541178,10.286387,10.691895,5.971841,6.3849072,7.157212,8.337629,9.703594,6.3879676,5.130858,0.0,4.977443,6.8825045,9.712642,13.019104,16.048452,19.402298,20.806503,25.08167,25.929735,29.757864,29.619543,30.175869,28.636297,22.303932,22.64139,20.8804,20.966263,20.80111,18.151829,21.965076,21.013039,24.868002,26.303621,23.310427,21.78074,25.548708,25.035082,23.684254,25.676506,29.449657,27.844784,31.443357,32.595463,35.099083,35.382862,33.40914,37.38755,36.48081,37.15554,33.250664,34.876846,29.49067,30.00034,29.309364,30.055462,26.541218,30.332434,27.590942,27.98489,31.03472,27.565638,31.31253,28.673014,32.63046,28.117107,23.244226,25.003328,20.981668,25.219345,20.175535,22.172857,21.293373,19.056835,19.612484,20.450672,18.398518,16.03442,11.167814,10.894815,11.640332,12.073367,13.980524,18.60565,19.78558,23.63096,22.747946,18.249508,22.476223,20.346487,18.662556,17.968815,16.625229,17.51332,17.061325,16.698294,19.014687,17.049244,21.551456,19.0445,18.224798,15.090414,15.528997,12.323118,11.621078,12.7806425,11.686907
15,23.903082,21.114017,18.409887,14.609422,13.222588,10.40273,8.819198,7.3633986,4.856627,8.423422,7.85934,11.262961,9.33749,6.27062,4.977443,0.0,5.482842,6.459862,10.369139,13.155122,16.164906,18.5476,22.005615,22.417192,26.743502,26.525827,26.445686,24.671288,18.056927,18.134087,16.09912,16.298098,16.03513,13.95367,17.623156,17.291395,21.18323,22.128769,19.127392,17.421272,20.801613,20.176268,18.707726,20.848162,24.72623,23.420721,27.133833,28.51893,30.949915,31.131828,29.053627,33.019073,32.304165,32.750713,28.654202,30.235275,24.879093,25.296225,24.884663,25.953577,22.510994,26.561188,23.755466,24.707884,27.750383,24.869953,28.778126,26.383785,30.10921,25.960829,20.699726,21.679811,17.707762,21.206062,16.346584,17.716026,16.907532,14.931095,15.530283,16.988754,14.846155,11.845224,7.9826336,6.410162,7.470877,7.277093,10.498339,14.993937,16.927975,20.861204,20.72776,16.561155,21.80114,20.348131,19.263859,17.950558,16.8593,16.45927,16.042496,14.608784,17.508757,14.660211,19.485836,17.503271,17.40915,13.943714,15.566412,10.771275,11.754523,11.918944,12.402396
16,18.71056,16.253996,13.43065,9.685677,9.174426,5.772799,6.80647,6.987712,8.20179,11.509454,13.015964,15.703577,13.104959,10.743128,6.8825045,5.482842,0.0,4.5551167,6.1791987,9.695106,12.735088,14.051345,18.284523,19.484522,23.354614,23.729218,24.450968,22.603968,17.0275,17.095745,16.489964,15.996652,18.298769,15.363268,19.885536,20.065977,23.22276,24.08552,20.27,17.742313,22.145111,20.493055,20.092684,21.412045,24.394669,22.816658,26.045849,27.285887,30.135176,30.933332,29.467577,33.77207,33.675888,34.596565,30.568823,32.71122,27.577456,28.176018,28.483973,29.732038,26.361574,29.988836,26.556753,27.459816,29.400522,26.608044,30.274086,27.30127,30.36827,25.801044,21.015831,22.115,18.817642,22.843054,19.311487,20.335733,20.511456,19.216433,19.918364,21.861292,19.421291,16.088465,13.141987,10.863877,11.187176,8.974559,11.858898,14.34532,15.939079,19.421276,19.190123,14.934042,20.18214,17.71922,17.616575,17.051538,17.060156,16.724895,18.14257,17.02378,21.18231,18.859385,24.115208,22.442432,21.976917,18.527357,18.907354,13.731805,13.578592,12.314015,11.549048
17,18.575787,15.297894,13.519344,9.106976,7.5248585,7.009302,4.0827427,7.941794,7.569377,11.752639,13.273956,16.542192,15.120932,12.61782,9.712642,6.459862,4.5551167,0.0,5.6486077,6.7842965,10.227018,12.604331,16.090029,16.351969,20.379791,20.205637,20.531242,18.946074,12.865973,13.597984,12.570016,13.472105,16.260107,14.763246,18.761408,19.804367,23.027319,23.142977,19.46635,16.546082,20.060213,17.577385,16.821653,17.448893,20.596828,18.610754,21.9735,23.105705,25.81948,26.489548,24.981445,29.280848,29.189623,30.256542,26.365526,28.786638,23.769108,24.70864,25.363914,26.38217,23.066454,26.258593,22.533766,23.518206,25.108364,22.61256,26.267818,23.376488,26.250141,21.914352,16.967312,17.693462,14.543332,18.447845,15.51788,16.417896,17.294695,16.702421,17.957037,20.399557,18.535442,14.695382,12.893739,9.555808,8.494421,5.6588078,7.835342,9.848213,11.764174,15.3605,15.575769,11.655237,17.58424,16.052914,16.270876,15.065435,15.288138,13.875867,15.602129,13.89814,18.75679,16.372051,21.867647,20.83586,20.5283,17.077898,17.558512,11.523473,12.275805,10.012037,10.758356
18,15.4557495,12.594393,11.757115,6.7363644,7.738786,7.690572,8.252881,12.094789,12.888367,16.848925,18.058374,21.32596,19.088037,16.317877,13.019104,10.369139,6.1791987,5.6486077,0.0,5.3242087,6.9589696,8.58565,12.276531,13.91758,18.021893,19.08258,19.755293,17.415562,13.063829,12.5317545,13.53629,12.182484,17.108372,14.303063,18.966162,20.24593,22.503925,22.703928,18.353485,14.934843,19.644081,16.848927,17.604109,18.176023,20.088778,18.774174,21.480059,22.900892,26.056145,27.36045,26.434826,30.92859,31.675455,32.703712,28.626495,31.122807,26.446766,27.030933,28.25142,29.971943,26.91574,30.33294,26.516493,27.946892,28.891361,26.96609,30.434181,27.396782,29.497547,25.20524,20.723328,20.887484,18.584616,21.825079,19.971441,19.860289,20.915262,20.52565,21.224516,23.906315,21.332504,17.597998,16.53407,13.341406,13.416891,9.390903,12.741765,12.369127,14.482338,17.203873,17.933065,14.55016,20.39921,18.058348,19.407152,18.866848,19.859991,18.440882,20.982481,19.257954,24.331396,21.772268,27.184353,26.172047,26.075733,22.592377,23.157618,17.159946,17.613968,14.980219,14.881167
19,13.877938,10.045452,10.566411,5.717977,5.418477,8.888573,7.309903,13.249153,13.980638,17.892271,19.940687,23.164587,21.785172,19.351467,16.048452,13.155122,9.695106,6.7842965,5.3242087,0.0,4.2606106,6.454808,9.710951,10.112674,13.748196,14.127123,15.104315,13.509838,9.419068,10.546289,11.752204,12.609707,18.424187,17.271849,21.23104,23.276245,25.581757,25.035952,20.91734,17.127514,20.66242,16.498814,17.022335,15.96494,17.552542,15.107559,17.59103,18.490541,21.64563,23.103249,22.510359,27.069202,27.946686,29.546227,25.943022,29.06076,24.730362,25.945765,27.655157,28.83478,25.888119,28.315271,23.999784,25.157442,25.095499,23.397987,26.540112,23.319996,24.849169,20.628378,16.600697,16.63419,15.124594,18.598644,18.153467,18.13714,20.333294,20.839815,22.24806,25.266113,23.449797,19.388123,18.949999,15.199738,13.738215,9.96869,10.904634,8.299446,9.948469,12.125744,13.173634,10.527664,16.508629,14.859158,16.92819,16.162502,17.809353,15.604922,19.113354,17.338364,23.150805,21.13206,26.677435,26.321142,26.018557,22.726103,22.634249,16.444365,16.967747,13.313253,13.93743
20,14.17756,10.572414,12.692337,8.130601,9.193613,12.497116,11.504386,17.273962,17.658411,21.798283,23.1905,26.725883,25.199057,22.40763,19.402298,16.164906,12.735088,10.227018,6.9589696,4.2606106,0.0,4.8137326,5.898908,6.9737124,11.355669,12.765162,13.320015,10.815723,8.597745,8.415627,11.33967,10.872018,18.08611,16.864555,20.675411,23.181377,24.760744,23.908052,19.626827,15.55378,19.175444,14.550296,16.156792,14.87312,15.318315,13.63715,15.511894,16.813892,20.20701,22.06134,21.87375,26.444418,28.0211,29.425306,25.705153,28.797768,24.894535,25.83048,28.04137,29.741253,27.112299,29.672075,25.432598,27.106861,26.675436,25.73063,28.735504,25.73541,26.62952,22.897692,19.157316,18.312887,17.494822,19.81006,20.233185,19.258547,21.57679,22.390894,23.478058,26.737955,24.673988,20.688898,21.154604,17.370316,16.478916,12.185613,14.072901,10.37113,12.487749,13.7954855,15.678812,13.957362,19.761684,18.259285,20.80786,20.094204,21.899458,19.400866,22.876102,20.766684,26.52181,24.158133,29.525787,29.35011,29.411379,26.104149,26.50418,20.161812,21.07429,17.418928,18.192793
21,9.578464,6.4538817,9.4645,6.3032217,8.792442,12.117637,13.000317,18.227358,19.935356,23.6022,25.860535,28.915552,26.97941,24.58116,20.806503,18.5476,14.051345,12.604331,8.58565,6.454808,4.8137326,0.0,5.7372403,8.62971,10.83095,13.082867,15.205942,13.318952,12.789048,13.00814,16.098139,15.378254,22.63104,20.708086,24.900642,27.084858,28.530794,28.001635,23.510237,19.477844,23.632635,19.114204,20.955639,19.470274,19.401825,17.414124,18.595028,19.38169,22.888638,25.154217,25.45244,30.014769,31.722477,33.51365,30.067213,33.366024,29.545578,30.602266,32.79812,34.340958,31.62618,33.933907,29.512709,30.783895,29.888935,28.61326,31.348742,27.938072,28.529776,24.426413,21.393396,21.208832,20.656229,23.707876,24.23218,23.713503,26.101599,26.759474,27.873972,30.99178,28.780529,24.83706,24.606077,21.008902,20.065378,15.998352,17.290659,13.639152,14.651417,15.353254,16.50685,14.819293,19.64671,17.190458,20.350023,20.405155,22.74408,20.832436,25.041574,23.525486,29.482151,27.580591,33.118305,32.76099,32.415646,29.115328,28.737852,22.726446,22.745022,18.957708,18.692997
22,13.798097,10.93032,14.955394,11.824692,13.604375,17.338722,16.984207,22.799322,23.511818,27.569376,29.084156,32.61216,31.010782,28.218037,25.08167,22.005615,18.284523,16.090029,12.276531,9.710951,5.898908,5.7372403,0.0,4.521251,7.495899,10.714602,11.753808,9.026082,11.214926,10.649665,14.914655,13.913719,21.986122,20.906343,24.361656,27.256252,28.045088,26.845055,22.580963,18.430967,21.735989,16.564953,19.190643,17.02839,15.578989,14.294746,14.556466,15.682085,19.255526,21.856928,22.62127,27.028355,29.478193,31.084566,27.72303,31.048143,27.915197,28.839108,31.648039,33.52738,31.265863,33.39537,29.070288,30.874027,29.469687,29.201555,31.732243,28.747694,28.597086,25.328829,22.545307,21.217243,21.50102,23.111294,24.844248,23.349174,26.088537,27.341545,28.353422,31.773481,29.694044,25.805502,26.790817,23.010532,22.143284,17.84836,19.388384,14.568917,16.12251,16.020548,18.305702,17.7578,22.723335,21.25039,24.592487,24.200546,26.526796,23.87557,27.884853,25.816668,31.747692,29.525846,34.791153,34.88638,34.991333,31.75991,31.990646,25.696325,26.495573,22.558222,23.17112
23,16.46696,12.965627,16.907608,13.637024,14.272243,18.676725,16.89697,23.206139,23.252005,27.33696,28.777912,32.419003,31.44327,28.678396,25.929735,22.417192,19.484522,16.351969,13.91758,10.112674,6.9737124,8.62971,4.521251,0.0,5.631877,7.416707,7.367351,4.7867436,8.025769,8.644914,12.584032,13.376493,21.097532,21.321028,24.1065,27.403889,28.444113,26.74012,22.909077,18.803616,20.876738,15.072524,17.157366,13.926285,12.303928,10.188528,10.300438,11.233763,14.807491,17.375834,18.234194,22.623579,25.138365,26.934551,23.869314,27.473778,24.659727,25.937696,28.99126,30.529621,28.457148,29.999239,25.588123,27.395067,25.540813,25.733389,28.067223,25.330439,24.837643,22.069616,19.488413,17.591167,18.489145,19.49887,22.163609,20.503185,23.779554,25.573895,26.941828,30.491215,28.972954,25.011002,26.499905,22.531729,21.048176,17.144197,17.733137,12.094308,13.623249,12.98539,15.930355,16.226688,21.179796,20.741405,23.978409,23.109304,25.375532,22.161175,26.059269,23.765339,29.685911,27.609444,32.662586,33.20645,33.40024,30.367487,30.649998,24.390099,25.62641,21.541086,22.939268
24,15.482563,12.603641,17.435051,15.736427,16.421564,21.306183,20.016983,26.273655,27.05505,30.756514,33.010506,36.304436,35.388397,32.97753,29.757864,26.743502,23.354614,20.379791,18.021893,13.748196,11.355669,10.83095,7.495899,5.631877,0.0,4.483823,7.408945,7.609593,12.57044,14.108329,17.671076,19.004974,26.65163,26.894655,29.734207,33.015617,34.046036,32.321793,28.492249,24.379818,26.36536,20.43639,22.397188,18.523441,16.364841,13.546929,12.330482,11.866825,15.179088,18.307161,20.086655,24.151901,26.919907,29.399693,27.106667,31.112425,28.768936,30.42818,33.630836,34.721855,32.73095,33.460567,28.81368,30.089252,27.158604,27.407263,29.088106,26.091541,24.6489,22.037226,20.828005,19.324104,21.104467,22.52891,25.986828,24.759884,28.453947,30.450026,32.092922,35.619408,34.306435,30.277582,31.444607,27.44122,25.492598,21.905737,21.40215,15.37784,15.579258,13.59543,16.11877,17.463156,20.967182,20.576736,24.471617,24.050266,26.89992,23.831112,28.484915,26.672785,32.8227,31.38056,36.466255,37.187435,37.011593,34.133713,33.60946,27.704391,28.365665,23.997843,25.005373
25,17.493761,14.13917,18.350925,16.69334,16.367334,21.582613,19.290398,25.641188,26.08726,29.56373,32.01742,35.18449,34.81666,32.621098,29.619543,26.525827,23.729218,20.205637,19.08258,14.127123,12.765162,13.082867,10.714602,7.416707,4.483823,0.0,5.030385,7.6042914,11.493217,14.355066,16.872559,19.75751,26.653885,27.715242,30.205225,33.55941,35.025303,33.113735,29.59537,25.586409,26.85184,20.78902,21.895002,17.407984,15.832242,11.861658,10.831196,9.402206,12.387647,15.278357,17.063662,21.044619,23.47723,26.388721,24.571869,28.862293,26.654505,28.766808,31.913729,32.422886,30.480833,30.50574,25.739542,26.654016,23.216757,23.56892,24.956167,22.019045,20.2635,17.935108,17.235468,15.650915,18.0301,19.457245,23.53011,22.645956,26.727867,29.02662,31.061214,34.544884,33.766182,29.707699,30.896942,26.852993,24.27948,21.30492,19.624615,13.360221,12.912425,10.156607,12.942854,15.209729,18.247503,18.86872,22.55367,21.77845,24.587421,21.19672,25.829992,24.081968,30.158215,29.117962,34.003475,35.05174,34.760117,32.133823,31.35081,25.748184,26.52955,22.122025,23.648096
26,21.494759,17.84978,21.712046,19.028448,18.4811,23.431705,20.288029,26.760283,26.183813,29.9658,31.52547,35.076756,35.007626,32.486176,30.175869,26.445686,24.450968,20.531242,19.755293,15.104315,13.320015,15.205942,11.753808,7.367351,7.408945,5.030385,0.0,4.362093,9.150178,11.7446995,14.040536,17.34948,23.784218,25.72203,27.471975,31.168467,32.438305,30.099585,27.038918,23.251602,23.496075,17.34088,18.349417,13.405963,11.307856,7.4312077,5.823283,4.654229,8.045312,10.956,12.715688,16.745115,19.60569,22.107477,20.165316,24.372969,22.587355,24.59668,28.044003,28.764494,27.180906,27.232605,22.734417,24.266085,21.012432,22.252726,23.789074,21.555725,19.852276,18.409595,17.084257,14.262321,16.846642,16.645773,21.349413,19.655441,23.810116,26.478222,28.41421,31.998255,31.442488,27.554964,29.593517,25.574322,23.170784,20.274546,19.02895,12.748199,13.3488455,11.102328,14.752884,16.933313,20.783262,22.017002,25.133644,23.768314,26.036358,22.175877,25.954071,23.604534,29.29324,27.79312,32.29139,33.62484,33.82353,31.274408,31.32839,25.557964,27.171602,23.011034,25.298876
27,20.998611,17.392311,21.206186,17.820478,17.825857,22.316965,19.533592,25.953083,25.178804,29.308716,30.270916,34.104824,33.658314,30.796383,28.636297,24.671288,22.603968,18.946074,17.415562,13.509838,10.815723,13.318952,9.026082,4.7867436,7.609593,7.6042914,4.362093,0.0,7.432619,8.377285,11.786415,13.745199,20.778198,22.29223,24.127836,27.869278,28.78216,26.49025,23.266378,19.424301,20.015656,13.861182,15.677375,11.399877,8.772696,6.5186296,5.588128,6.8853245,10.391229,12.995839,14.120209,18.316622,21.281975,22.997128,20.223211,23.95264,21.842978,23.263992,26.734781,28.17912,26.549927,27.580177,23.332897,25.440762,23.165384,24.275145,26.348377,24.18803,23.195673,21.40357,19.084072,16.201477,17.852213,17.395714,21.213835,18.950495,22.59847,24.985506,26.477594,30.12946,29.102867,25.286024,27.59236,23.622643,21.912191,18.443264,18.598482,12.686447,14.383844,13.2540865,16.870497,18.006075,22.798735,23.361013,26.349962,25.011503,27.046904,23.326513,26.75435,24.112978,29.719055,27.594261,32.191372,33.21956,33.715538,30.919605,31.59118,25.438574,27.282085,23.290768,25.442917
28,21.23114,17.10844,19.209444,14.936454,13.90542,17.713032,13.742623,19.889313,18.271984,22.45595,23.035362,26.935919,26.803005,23.963076,22.303932,18.056927,17.0275,12.865973,13.063829,9.419068,8.597745,12.789048,11.214926,8.025769,12.57044,11.493217,9.150178,7.432619,0.0,4.7014236,5.4077706,9.722929,15.374638,17.28667,19.227983,22.607471,24.498915,22.543247,19.424786,15.77568,16.404678,10.826551,10.877769,7.4581184,8.870103,5.857297,9.141337,10.626568,13.365567,14.361421,13.533245,18.07683,19.505991,20.83757,17.280401,20.717194,17.225504,18.75036,21.465782,22.688494,20.480406,22.19592,17.903498,20.022808,19.271868,19.463243,22.37247,20.22446,20.854969,18.388216,14.442971,11.863916,11.8870735,12.097473,14.34257,12.481924,15.91576,18.007015,19.73871,23.303225,22.459038,18.495308,20.519854,16.523613,14.535441,11.386602,11.506008,6.406228,9.510254,10.461749,13.770426,13.608044,19.455618,20.197956,22.131277,20.258554,21.529991,17.7868,20.321125,17.3741,22.777061,20.343483,25.072994,25.891937,26.447308,23.583267,24.659824,18.405718,20.724192,17.15081,19.8673
29,22.366785,18.572134,20.727434,15.970698,15.809659,18.812435,15.659706,21.357546,19.51414,23.999586,23.66084,27.881208,27.269247,23.977177,22.64139,18.134087,17.095745,13.597984,12.5317545,10.546289,8.415627,13.00814,10.649665,8.644914,14.108329,14.355066,11.7446995,8.377285,4.7014236,0.0,4.913037,5.6302805,12.633344,14.0318575,15.951522,19.554535,20.80167,18.776522,15.440851,11.648021,12.662273,6.95878,8.633573,6.9244432,7.5733447,7.690906,10.438891,12.947904,15.718637,16.799171,15.94243,20.232643,22.060244,22.559914,18.411293,21.114786,17.665102,18.269672,21.073534,23.294651,21.278692,24.027534,20.324612,23.069748,23.030033,23.447807,26.53597,24.640875,25.408081,23.051802,18.883114,16.25324,15.788692,15.240358,16.576715,13.854422,16.29877,17.986952,18.929167,22.555279,21.04928,17.311655,19.94979,16.16757,15.466033,11.616911,14.034004,10.301538,13.782077,15.03761,18.176949,17.434004,23.569975,23.695415,25.595774,23.888205,24.955437,21.517942,23.584375,20.460714,25.420073,22.316029,26.863874,27.36579,28.352879,25.314146,27.173939,20.767612,23.282095,20.091074,22.47799
30,25.025356,21.01012,22.262758,17.436598,16.328758,18.85068,14.565929,19.736292,16.851974,21.195883,20.327349,24.61063,24.649149,21.451279,20.8804,16.09912,16.489964,12.570016,13.53629,11.752204,11.33967,16.098139,14.914655,12.584032,17.671076,16.872559,14.040536,11.786415,5.4077706,4.913037,0.0,6.678072,10.186176,13.121554,14.295578,17.758354,19.856943,17.790562,15.183406,12.108125,11.831454,7.2639627,5.8999796,4.9241195,8.811627,8.298643,12.184592,14.361526,16.428236,16.514322,14.613014,18.700436,19.538874,19.73953,15.349659,17.825182,13.667063,14.509265,16.871063,18.748047,16.509468,19.465528,15.915851,18.792807,19.688103,19.9389,23.331476,21.842886,23.360653,21.20191,16.444204,13.751587,12.483053,11.42544,11.89765,9.029179,11.4647255,13.371141,14.707545,18.350492,17.464626,13.690453,16.645828,12.916834,11.774334,8.903375,10.877004,8.697244,12.513772,14.563365,17.458416,16.477486,22.64812,23.406656,24.503002,22.300398,22.715187,19.151155,20.191786,16.755413,21.157051,17.845587,22.126177,22.803356,24.002909,21.127697,23.475431,17.290293,20.447577,17.778023,20.865568
31,24.842272,21.39767,22.694395,17.550018,17.731537,19.26246,16.687061,21.216743,18.814474,23.375439,21.800783,26.244526,25.242899,21.556473,20.966263,16.298098,15.996652,13.472105,12.182484,12.609707,10.872018,15.378254,13.913719,13.376493,19.004974,19.75751,17.34948,13.745199,9.722929,5.6302805,6.678072,0.0,8.246372,8.651529,10.749318,14.250622,15.271515,13.554109,9.894231,6.0767,8.304182,4.8449106,7.104172,9.273091,10.896151,12.67095,15.512899,18.300482,20.804228,21.477064,20.072678,24.008476,25.437315,25.080397,20.367704,21.989622,18.102049,17.670832,19.817492,22.898275,20.843664,24.913948,21.977453,25.086555,26.349539,26.4749,29.951899,28.289186,29.787767,27.278753,22.507126,20.20586,18.705984,18.03319,17.508152,14.561321,15.363633,16.089613,16.04936,19.482252,17.187021,13.847956,16.893661,13.674003,14.581304,10.62753,15.275191,13.735287,17.541534,19.641666,22.326914,20.665773,27.102337,26.748413,28.088028,26.390148,26.885427,23.923016,25.05602,21.829702,25.98969,22.19605,26.436598,26.405617,27.828802,24.668703,27.463572,21.185541,23.951866,21.551739,23.70322
32,31.66485,28.155716,28.383585,23.211235,22.63006,22.952494,19.686419,22.488087,18.47025,22.49998,18.886671,23.441412,23.140059,19.37301,20.80111,16.03513,18.298769,16.260107,17.108372,18.424187,18.08611,22.63104,21.986122,21.097532,26.65163,26.653885,23.784218,20.778198,15.374638,12.633344,10.186176,8.246372,0.0,6.22453,4.4557166,8.06468,10.330557,8.482728,7.3233666,7.193868,5.550173,8.291521,6.5159674,11.902881,15.426668,17.541521,20.984795,23.709599,25.390009,24.956474,22.46411,25.582853,25.860903,24.358402,19.347176,19.363945,14.989758,13.406554,14.060642,17.815596,15.921564,21.390461,19.923788,23.414032,26.53858,26.60432,30.371683,29.562916,32.029606,29.982985,24.681602,22.46737,19.987162,18.333717,15.699783,12.594032,10.824248,10.456712,9.086783,12.196945,9.929771,7.7200403,12.607656,10.867312,13.117862,11.372515,16.364084,17.547848,21.3656,24.191599,26.503984,24.457695,30.760366,30.927605,31.134676,28.94712,28.358006,25.659134,24.854498,21.401415,23.664268,19.170477,22.108166,21.89735,24.193632,21.42269,25.761356,20.426966,24.046566,23.016071,25.709604
33,29.24785,26.289272,26.058867,20.976511,21.16328,20.471447,18.747972,20.804607,17.740637,21.763044,18.362494,22.712091,21.204838,17.234217,18.151829,13.95367,15.363268,14.763246,14.303063,17.271849,16.864555,20.708086,20.906343,21.321028,26.894655,27.715242,25.72203,22.29223,17.28667,14.0318575,13.121554,8.651529,6.22453,0.0,5.1448755,6.431047,8.39629,8.757279,5.1816463,4.8824883,8.713641,11.194353,11.449445,16.09728,18.835539,20.723248,23.933071,26.656258,28.939497,29.12469,27.078033,30.647171,31.19361,30.12358,25.142393,25.502104,21.04259,19.627188,20.072708,23.64008,21.403696,26.903072,25.049484,28.088947,31.048668,30.423874,34.313015,32.869762,35.460487,32.630127,27.256845,25.738148,22.963264,22.757711,19.64269,17.436031,15.805676,14.506917,12.874242,15.243644,11.535024,9.498821,12.149031,10.807254,14.214428,11.533571,17.745634,19.140707,22.833223,25.879019,27.775055,25.017225,31.411236,30.549883,30.871872,29.221983,28.80204,26.75996,26.473839,23.487629,26.154087,21.78959,25.32553,24.30185,26.144302,23.01728,26.895254,21.459715,24.252823,23.301554,24.97514
34,33.802452,30.615088,30.644686,25.488771,25.338247,24.997,22.52207,24.622503,20.795155,24.615347,20.416473,24.812696,24.023804,20.151089,21.965076,17.623156,19.885536,18.761408,18.966162,21.23104,20.675411,24.900642,24.361656,24.1065,29.734207,30.205225,27.471975,24.127836,19.227983,15.951522,14.295578,10.749318,4.4557166,5.1448755,0.0,4.3573217,5.8828483,4.735758,4.4201484,6.779859,6.183278,11.059764,10.505565,15.945128,18.835373,21.475847,24.661894,27.55154,29.328459,29.021927,26.636072,29.635342,30.028034,28.233917,23.210356,22.699657,18.670652,16.51285,16.683918,20.84844,19.205585,25.047829,24.027931,27.520554,30.911358,30.883503,34.698208,33.87938,36.448166,34.272118,28.908398,26.85751,24.243526,22.761108,19.763575,16.87645,14.522523,13.385966,11.061714,13.237919,10.023101,9.263327,13.653747,12.950132,16.185268,14.451382,20.039827,21.515064,25.326569,28.237555,30.436768,28.09247,34.446457,34.195217,34.339924,32.34065,31.651768,29.298935,28.340542,25.057056,26.93435,22.325634,24.920948,24.264929,26.708654,23.968285,28.588902,23.540894,26.938684,26.243742,28.511576
35,35.45887,32.51098,31.911947,26.921112,26.799637,25.595562,23.637499,24.613874,20.798641,24.140112,19.330803,23.401987,22.33545,18.562988,21.013039,17.291395,20.065977,19.804367,20.24593,23.276245,23.181377,27.084858,27.256252,27.403889,33.015617,33.55941,31.168467,27.869278,22.607471,19.554535,17.758354,14.250622,8.06468,6.431047,4.3573217,0.0,4.6776175,6.4491467,6.85268,9.785255,10.476872,15.273765,14.518346,19.922478,23.052525,25.381397,28.70672,31.502329,33.35304,33.012894,30.510418,33.509857,33.558903,31.737587,26.773008,26.021317,21.798414,19.594912,18.93279,22.865398,21.069157,27.212519,26.508455,29.716288,33.6493,33.139496,37.077553,36.210945,39.21348,36.767277,31.24646,29.67552,26.600594,25.692062,21.753712,19.554113,16.529953,14.435059,11.580166,12.669762,8.70988,9.276537,12.528035,13.062276,17.046421,15.909763,21.681532,24.094732,27.74793,30.982786,32.791252,29.989397,36.2182,35.662594,35.409313,33.527927,32.511024,30.666037,29.251461,26.254992,27.51555,22.893414,25.163324,23.932495,26.397085,23.741653,28.592245,24.106955,27.267782,27.190552,29.089449
