,0,1,2,3,4,5,6,7,8,9,10,11,12,13,14,15,16,17,18,19,20,21,22,23,24,25,26,27,28,29,30,31,32,33,34,35,36,37,38,39,40,41,42,43,44,45,46,47,48,49,50,51,52,53,54,55,56,57,58,59,60,61,62,63,64,65,66,67,68,69,70,71,72,73,74,75,76,77,78,79,80,81,82,83,84,85,86,87,88,89,90,91,92,93,94,95,96,97,98,99,100,101,102,103,104,105,106,107,108
0,0.0,4.2745967,6.732273,9.114816,12.055392,14.109834,17.7099,21.107454,24.647833,27.184742,31.2114,33.706448,31.91651,30.35456,25.574654,24.775087,19.586622,19.136045,15.79186,13.394363,14.0986185,10.589126,15.6504965,12.64565,17.663445,20.214216,18.680555,20.633614,18.174707,19.537092,21.290579,20.942118,28.330482,25.50957,30.241245,31.532118,33.834267,33.90367,29.624523,25.749254,30.398026,25.603725,26.115763,24.88241,25.199413,23.805784,22.176203,23.448822,20.612906,25.506649,22.062035,25.673647,25.430197,27.917025,23.884485,27.790724,25.21697,28.26544,31.059225,29.797726,26.03877,30.648306,28.945618,29.449837,34.25817,29.880066,32.08044,32.46601,37.878334,36.846745,32.964737,33.642365,29.065344,32.570408,26.315292,28.011732,24.716656,22.40079,20.71695,20.050613,17.986805,18.414097,13.516397,17.140331,19.362974,22.387955,23.89618,29.944046,31.039984,34.677063,35.536854,38.47003,41.81464,40.306393,39.547417,36.66244,34.67669,30.281673,29.42905,25.257204,21.042908,16.531967,19.537004,22.132223,25.086786,27.381563,30.75033,32.776665,36.493057
1,4.2745967,0.0,5.2590566,6.5875177,8.775908,12.108643,14.54011,18.901714,21.92404,24.778664,28.612568,31.267893,29.9675,28.37753,23.714687,22.331306,17.519497,16.242075,13.710107,10.23215,11.502387,7.841313,13.653273,11.448012,15.952131,17.71535,15.222653,17.569046,14.507479,16.56368,17.913649,18.602818,25.808489,23.79247,28.188187,29.824198,32.31715,32.072933,28.067234,24.166183,28.137959,23.21994,23.161808,21.93319,21.708607,20.384275,18.366278,19.760338,16.82082,21.916586,18.63107,22.203115,22.530777,24.645348,20.36545,24.092716,21.183912,24.242123,26.883385,25.629414,21.87382,26.675575,24.985495,25.7854,30.547997,26.54224,28.873243,29.031254,34.395348,33.294243,29.29704,29.678705,25.071096,28.376392,22.05433,23.79008,20.506302,18.21306,16.720734,16.28244,14.465806,14.54554,9.481266,13.053257,15.136164,18.298521,19.77715,25.840908,27.09606,30.704683,31.802893,34.75707,38.105225,36.590977,35.642925,32.83217,30.67693,26.421303,25.505636,21.390959,17.224718,12.854721,16.361477,18.744095,22.362698,24.107637,27.684488,29.595434,33.347507
2,6.732273,5.2590566,0.0,5.266445,6.8430567,8.469942,12.060213,15.119067,19.010653,21.139668,25.689806,27.850672,26.2345,25.109333,20.151552,19.661083,14.846005,14.447863,12.61397,10.885695,13.25336,11.117558,17.178574,15.98879,20.499683,21.723303,18.74304,20.552595,15.810937,17.624697,17.766169,18.324636,24.417337,21.79932,26.34288,27.330173,30.297209,30.583773,26.718199,23.207693,27.445107,23.486217,23.033136,23.20978,22.223928,22.329222,20.434252,22.596853,19.922094,25.352156,22.4288,25.753122,26.655434,28.04171,23.304203,26.719547,23.386202,26.600225,28.432615,27.405085,23.648123,28.679174,26.293104,27.474356,31.430004,27.521147,29.283466,28.80689,34.366684,32.578064,28.324705,29.266806,24.86271,28.338219,22.625122,23.573896,20.88652,19.421227,18.052496,18.588615,16.13905,15.17808,10.081777,12.855848,15.25845,17.529509,19.37466,25.030994,25.930183,29.691935,30.144003,33.352585,36.341118,34.586422,34.006317,30.999062,29.243687,24.671999,23.814877,19.743248,15.381748,10.9223995,13.096372,15.84478,18.444452,21.281908,24.367682,26.746244,30.22132
3,9.114816,6.5875177,5.266445,0.0,3.7883902,6.0145,8.892925,12.761388,15.670406,18.61696,22.242933,24.956131,23.561836,21.82481,17.244013,15.839606,10.932652,10.048693,7.6221337,5.896543,8.40892,7.657933,13.339458,13.597935,17.688349,18.252556,15.642433,16.341917,11.342704,12.511441,12.945298,13.120293,19.66205,17.41007,21.823963,23.305851,25.988138,25.905968,22.037584,18.361769,22.390226,18.230162,17.938686,18.104881,17.42166,17.734297,16.468412,19.048214,17.114725,22.732391,20.739643,24.419039,25.905872,27.568222,23.005508,26.063036,21.991491,24.718182,26.610386,24.777996,20.811466,25.09703,22.291622,23.046896,26.88868,22.592588,24.26452,24.08345,29.645996,28.181705,24.253845,25.486229,21.097548,25.278852,19.975504,21.644348,19.588417,18.21948,17.782469,18.484365,17.114878,15.616037,10.294849,12.278587,13.104384,16.281446,16.414375,22.313082,22.792727,26.42491,26.85134,29.701607,33.069008,31.71376,31.313911,28.362104,26.925743,22.198051,22.096302,17.28618,14.014738,10.699004,12.597901,14.594208,17.459768,18.746807,22.33814,23.936453,27.8627
4,12.055392,8.775908,6.8430567,3.7883902,0.0,5.2305036,5.768112,10.76855,13.29264,16.28339,20.05396,22.692421,21.818884,20.350014,15.851617,14.112818,10.048847,8.196122,8.159548,6.0243897,9.562348,9.424687,14.947068,15.828479,19.225836,18.999537,15.347838,16.37834,10.139033,12.218452,11.244292,13.061443,18.486458,17.116472,21.021706,22.590122,25.67754,25.466908,22.083143,18.688028,21.847795,18.075966,16.808857,17.60974,15.792062,16.851147,15.103653,18.010334,16.092077,21.73556,20.008692,23.315567,25.384478,26.349806,21.55197,24.227585,19.864939,22.632519,23.960867,22.375008,18.533772,23.160425,20.181757,21.538046,24.945038,21.295568,22.888075,22.087696,27.638355,25.75454,21.499344,22.536373,18.188309,22.087475,16.969027,18.21412,16.45756,15.583651,15.425707,16.77508,15.448657,13.212754,8.33836,9.304507,9.981542,12.747851,13.111936,18.829525,19.414963,23.124643,23.599777,26.659601,29.843723,28.314209,27.786848,24.823109,23.279295,18.575241,18.33757,13.631421,10.245709,7.2935467,9.091509,10.918631,14.3454,15.441641,19.098352,20.849506,24.669346
5,14.109834,12.108643,8.469942,6.0145,5.2305036,0.0,5.8715606,7.023625,10.956274,13.104534,17.41934,19.63319,17.94213,16.647337,11.749562,11.370785,6.7087345,7.458763,7.2166524,8.976242,12.040013,13.03166,18.008482,19.220226,22.971266,22.860294,19.909946,19.916513,13.559688,14.136946,12.687097,12.725007,16.90989,14.128217,18.46383,19.15844,22.496216,23.003454,19.564575,16.650028,20.585981,18.059444,17.111158,19.286854,17.59929,19.847816,18.942234,22.240944,20.848753,26.49167,25.101597,28.456532,30.58427,31.54818,26.713652,29.265862,24.743967,27.378502,28.302824,26.585924,22.798069,26.921566,23.3177,24.429113,26.99117,22.997269,23.787727,22.765766,28.388378,26.100105,22.038723,24.113594,20.2437,24.678036,20.630497,21.451906,20.520857,20.22892,20.232681,21.859737,20.280691,17.80127,13.198829,13.72318,14.163115,16.143679,15.993208,20.95879,20.727211,24.373264,23.861858,26.861666,29.81325,28.3131,28.5029,25.373537,24.680906,19.620832,19.99177,15.180843,12.611049,10.546175,9.722727,11.478942,12.573017,14.5880575,17.605185,19.47291,23.171421
6,17.7099,14.54011,12.060213,8.892925,5.768112,5.8715606,0.0,6.5945425,7.8042536,11.0441265,14.56261,17.212841,16.89366,15.555321,11.516365,9.253629,7.030553,4.4961076,8.293496,8.49743,11.996849,13.6668625,18.015974,20.173738,22.814257,21.590126,17.726467,17.795212,10.511855,12.036341,8.817072,11.599229,14.427232,13.976689,17.049541,18.537888,22.072735,21.85696,19.237482,16.567776,18.655088,16.24181,13.890249,16.51878,13.424125,16.503704,15.243091,18.853926,17.87061,23.255835,22.604399,25.532816,28.446512,28.76198,23.984266,25.849403,20.890635,23.196913,23.508871,21.747524,18.190216,22.229647,18.417122,20.119083,22.14849,19.034086,19.857412,18.173624,23.702694,21.134806,16.730206,18.429886,14.589241,18.88273,15.356094,16.060057,15.9051895,16.258062,17.077929,19.294971,18.45083,15.26929,11.805769,10.698255,9.780313,11.478532,10.393174,15.119488,14.901577,18.58225,18.394712,21.50204,24.519737,23.014622,22.912788,19.85004,18.99051,13.964787,14.580771,9.46456,7.9286857,8.021869,6.8755536,7.2156672,9.999672,9.872186,13.660915,15.121367,19.048178
7,21.107454,18.901714,15.119067,12.761388,10.76855,7.023625,6.5945425,0.0,5.3803687,6.132844,11.162491,12.791062,11.304261,10.6598,5.879591,6.641687,5.647977,7.45237,10.59977,13.668657,16.686447,18.838474,22.9855,25.194239,28.27617,27.283829,24.018858,23.373934,16.367327,16.50732,13.191454,13.7588215,13.952325,11.84629,14.951758,14.88378,19.01563,19.892471,17.609503,16.018929,18.662514,18.266575,16.290104,20.443474,17.60972,21.726543,21.22713,25.01608,24.356445,29.706125,29.183756,32.118324,35.00638,35.25663,30.393728,32.19766,27.254526,29.500862,29.348614,27.665081,24.311632,27.853798,23.577665,25.038185,25.94349,22.730057,22.494864,20.419065,25.730616,22.529318,18.536959,21.490486,18.614977,23.063808,20.9483,20.943813,21.563633,22.433668,23.161705,25.570656,24.27962,21.000418,17.609856,16.586767,16.061604,16.709185,15.67479,18.86851,17.647259,20.978773,19.33043,22.314499,24.715769,23.178589,24.107979,20.92966,21.305004,16.204193,17.458925,13.073316,12.538976,13.001534,9.458544,9.61799,7.850731,9.4990225,11.620062,13.420513,16.85779
8,24.647833,21.92404,19.010653,15.670406,13.29264,10.956274,7.8042536,5.3803687,0.0,4.577296,6.80285,9.602551,9.727786,8.326919,5.9071937,3.2329102,6.74072,6.8208084,11.602585,14.485508,17.114027,20.1171,23.21064,26.344032,28.552801,26.746498,23.5352,22.202606,15.362207,15.117872,10.86374,12.273433,9.943721,10.189003,11.607958,12.362616,16.465038,16.63876,15.3077755,14.291203,15.097467,15.59667,12.740412,17.801544,14.335811,19.450012,19.45375,23.41732,23.565088,28.464888,28.874939,31.608099,35.038883,35.098225,30.542484,31.749844,26.46329,28.106106,27.545988,25.43283,22.385242,24.983334,20.343927,21.758272,21.653666,18.948002,18.183174,15.613455,20.694641,17.28457,13.509856,17.000118,14.771075,19.555008,18.821333,19.042072,20.71789,22.02434,23.547058,26.138107,25.647366,22.119663,19.398497,17.583849,15.726965,16.351028,13.576108,15.743031,13.723016,16.649946,14.654881,17.26998,19.936136,18.82716,20.037188,17.003878,17.998756,13.055741,15.43078,10.954751,12.698088,14.855015,11.549899,10.202097,9.097182,6.5050073,9.237673,9.333123,13.461248
9,27.184742,24.778664,21.139668,18.61696,16.28339,13.104534,11.0441265,6.132844,4.577296,0.0,6.214702,6.83115,6.4431996,6.937399,4.997811,6.3206854,9.685214,11.015043,15.231013,18.459623,21.243065,23.977648,27.453102,30.30006,32.820107,31.194937,27.83942,26.731382,19.782091,19.625473,15.435528,16.419575,13.093497,12.496279,13.521623,12.829384,17.343338,18.336285,17.520882,17.269598,18.21212,19.665691,16.978853,22.289137,18.786663,24.005257,23.869228,27.807209,27.760809,32.67896,32.87958,35.45335,38.86936,38.631664,33.910286,35.080406,29.941412,31.738937,30.77166,29.094187,26.253,29.053898,24.445374,26.076128,25.477905,23.182468,22.062737,19.14048,23.762371,19.832191,16.260397,19.902838,18.283503,22.432777,22.230825,21.662964,23.554123,25.20835,26.50015,29.316095,28.39242,24.739662,22.253399,20.373152,19.107645,18.87059,17.017836,18.241365,16.079235,18.719717,15.928419,18.634731,20.380104,18.949747,20.697834,17.669308,19.247042,14.619578,16.80577,13.41182,14.933532,17.076277,12.758075,11.490976,7.782032,7.2684374,7.579435,8.607383,11.610454
10,31.2114,28.612568,25.689806,22.242933,20.05396,17.41934,14.56261,11.162491,6.80285,6.214702,0.0,4.1755643,6.3004603,5.1504793,7.7607517,6.73536,12.118936,12.871008,17.109646,20.568453,22.664602,26.205837,28.45564,32.135323,33.90979,31.684523,28.896431,26.813038,20.655571,19.623323,15.400817,16.017836,9.696826,11.274438,9.795305,9.578113,13.65109,14.045075,14.675056,15.531757,14.495205,17.58855,14.716092,20.732374,17.374321,23.237553,23.986263,27.933235,28.797174,33.195408,34.338478,36.865227,40.636456,40.500904,36.1888,36.902027,31.505886,32.622547,31.48945,29.190426,26.660763,28.09055,23.206072,24.325617,22.476023,20.530533,18.503437,15.408841,19.271187,15.35418,13.006713,17.561182,17.075926,21.574076,22.901495,22.87285,25.58759,27.37886,29.322464,32.074135,31.893303,28.223291,25.962524,23.796846,21.472754,21.616844,18.105524,18.311314,15.223126,16.869534,13.42711,14.942755,16.9617,16.536026,18.993475,16.44177,19.027155,15.086983,18.41936,15.164524,18.34379,21.265785,17.569658,15.661009,13.137556,9.333512,9.666044,7.379548,10.694718
11,33.706448,31.267893,27.850672,24.956131,22.692421,19.63319,17.212841,12.791062,9.602551,6.83115,4.1755643,0.0,4.5058603,6.088736,9.120966,10.059991,14.974162,16.228056,20.405724,23.970104,26.299337,29.606697,32.250286,35.696507,37.7145,35.61214,32.59253,30.789473,24.386765,23.600002,19.302486,19.923384,13.69642,14.451679,13.040796,11.616009,15.728217,16.813211,17.781122,19.028433,18.262157,21.677353,18.891605,24.896936,21.410854,27.269922,27.776241,31.717712,32.368923,36.81118,37.760548,40.141438,43.925476,43.509403,39.054176,39.720745,34.442474,35.69969,34.22239,32.320354,29.952284,31.652464,26.846659,28.229586,26.122066,24.576048,22.458473,19.143307,22.549673,18.292559,16.067226,20.412657,20.297506,24.171032,25.81036,25.14769,28.000954,30.066254,31.840233,34.78506,34.286514,30.504793,28.456371,26.199455,24.289417,23.803568,21.02003,20.605988,17.562128,18.98531,15.05337,16.640112,17.598804,16.853777,19.745913,17.303358,20.301699,16.748878,19.81398,17.396122,20.356035,23.298466,19.006111,17.138594,13.309609,10.830873,9.346757,7.766488,9.327548
12,31.91651,29.9675,26.2345,23.561836,21.818884,17.94213,16.89366,11.304261,9.727786,6.4431996,6.3004603,4.5058603,0.0,3.84441,6.480894,9.462128,13.346827,15.798283,19.034092,23.315798,25.568419,28.786415,31.65518,34.80322,37.324554,35.71042,33.04202,31.158682,24.761808,23.60886,19.872374,19.307833,14.055472,12.756654,12.495283,9.972593,14.31983,16.293316,16.49127,17.70248,18.40599,21.660912,19.664715,25.512968,22.687775,28.21564,28.835083,32.822586,33.225178,38.04363,38.593174,41.316086,44.759686,44.733845,40.1129,41.228394,35.978283,37.53289,36.51811,34.5265,31.766861,33.792625,28.953144,30.038687,28.627985,26.183058,24.226068,21.513496,25.40026,21.576845,19.25792,23.663893,22.869638,27.220081,27.900114,27.494642,29.738749,31.42174,32.844875,35.593422,34.744503,31.13853,28.433762,26.722595,25.266424,25.199917,22.796492,23.450388,20.694235,22.592321,18.989096,20.727512,22.008965,21.197361,23.87292,21.236507,23.796007,19.720308,22.414299,19.357225,21.347292,23.419024,19.099401,17.909706,13.607597,12.881678,11.899622,11.49806,13.306901
13,30.35456,28.37753,25.109333,21.82481,20.350014,16.647337,15.555321,10.6598,8.326919,6.937399,5.1504793,6.088736,3.84441,0.0,5.150684,6.9060087,11.04585,13.534126,16.392841,20.949911,22.824425,26.383068,28.730278,32.152737,34.48076,32.809795,30.592443,28.249159,22.271433,20.585068,17.205814,15.970225,10.499432,9.090168,8.718667,6.4988127,11.016708,12.745417,12.70452,13.933444,14.670749,18.03244,16.376503,22.222744,19.876265,25.321787,26.360899,30.334658,31.00986,35.77988,36.552338,39.47656,42.871796,43.205276,38.746563,39.92982,34.565403,35.95271,35.303314,32.876415,29.963139,31.581455,26.6761,27.327486,26.09302,23.136904,21.126385,18.873642,22.942364,19.620773,17.581207,22.188992,21.179562,26.089933,26.55709,26.790766,28.90526,30.289429,31.864157,34.384914,33.837257,30.37013,27.351255,25.822746,23.991499,24.596241,21.494387,22.703615,19.8807,21.818878,18.54905,19.986403,22.008526,21.599775,24.09253,21.46446,23.83248,19.550863,22.504953,18.757736,20.894285,22.840086,19.091188,17.933079,14.704916,12.937558,13.195698,12.07436,14.896165
14,25.574654,23.714687,20.151552,17.244013,15.851617,11.749562,11.516365,5.879591,5.9071937,4.997811,7.7607517,9.120966,6.480894,5.150684,0.0,5.0012383,7.0501027,10.209789,12.802836,17.280525,19.555061,22.59138,25.729313,28.583479,31.413412,30.19013,27.685152,25.964148,19.541676,18.384502,15.187013,14.136139,11.53736,8.714157,10.933934,9.663159,14.043022,15.58515,13.983086,13.722213,16.058681,17.61129,16.06481,21.239122,18.886536,23.74183,24.216661,28.156178,28.223877,33.36476,33.489487,36.539894,39.616623,40.054405,35.386086,36.962414,31.771263,33.593597,33.28856,31.123005,27.897308,30.402733,25.709776,26.607767,26.500011,23.111591,21.920267,19.890156,24.734543,21.522049,18.506994,22.502792,20.504066,25.422766,24.581093,24.79989,26.164524,27.229355,28.368021,30.770502,29.827696,26.50765,23.126019,21.988337,20.776577,21.54338,19.303156,21.60315,19.454472,22.139425,19.558447,21.780825,24.064486,23.100348,24.918314,21.948917,23.430027,18.6057,20.843021,16.637451,17.549206,18.682098,15.035922,14.529587,11.545414,11.466109,12.542487,12.925644,16.178965
15,24.775087,22.331306,19.661083,15.839606,14.112818,11.370785,9.253629,6.641687,3.2329102,6.3206854,6.73536,10.059991,9.462128,6.9060087,5.0012383,0.0,5.4878163,6.7065196,10.417704,14.290218,16.37004,19.85334,22.372746,25.778238,27.976961,26.250147,23.745728,21.718916,15.436387,14.18144,10.584395,10.323066,7.5135093,6.977367,8.685689,9.571715,13.493167,13.727151,12.128698,11.247086,12.473792,13.438785,11.266245,16.581245,13.953218,19.04593,19.729586,23.702253,24.173828,29.074501,29.682493,32.69433,36.001,36.492943,32.079845,33.41486,28.05623,29.540052,29.337175,26.787508,23.592594,25.635672,20.873518,21.65061,21.557508,18.152132,17.094578,15.115715,20.203165,17.295586,14.214338,18.139353,15.980654,21.286806,20.560207,21.359716,22.914982,23.90212,25.474333,27.793606,27.462862,24.143162,20.966476,19.545313,17.500986,18.783054,15.448456,17.95018,15.732256,18.396801,16.349846,18.387714,21.366865,20.72029,22.164434,19.284903,20.498821,15.677958,18.295347,13.569423,15.284642,16.993593,14.160681,13.129051,12.089742,9.556988,12.083281,11.446624,15.604729
16,19.586622,17.519497,14.846005,10.932652,10.048847,6.7087345,7.030553,5.647977,6.74072,9.685214,12.118936,14.974162,13.346827,11.04585,7.0501027,5.4878163,0.0,4.539485,5.7996616,10.411245,12.570458,15.609746,18.776682,21.535376,24.442719,23.484585,21.264551,19.601892,13.427365,12.209964,10.045947,8.54932,10.570929,7.623829,11.760831,12.651088,15.956072,16.368841,13.240903,10.880759,14.42293,13.319383,12.366664,16.123096,14.5322275,18.22959,18.621492,22.389643,22.237846,27.57248,27.426214,30.832495,33.55259,34.578472,30.054178,32.02667,26.922873,28.839115,29.415304,26.916609,23.263247,25.999716,21.64995,22.192636,23.59339,19.312716,19.16403,18.131948,23.606106,21.368017,18.02587,21.190832,18.030146,23.362566,20.929724,22.153751,22.524288,22.744928,23.722435,25.580158,24.875256,22.01276,17.92792,17.492918,16.227345,18.325525,15.916455,20.007637,18.654919,21.819466,20.584375,22.917648,26.117949,25.237309,26.1275,23.12406,23.456942,18.374653,20.111757,14.90372,14.762663,14.811593,12.950404,13.129717,13.088288,12.593927,15.618862,16.065266,20.170662
17,19.136045,16.242075,14.447863,10.048693,8.196122,7.458763,4.4961076,7.45237,6.8208084,11.015043,12.871008,16.228056,15.798283,13.534126,10.209789,6.7065196,4.539485,0.0,5.6031995,7.7447634,10.311226,13.3905525,16.45997,19.535303,21.826818,20.32344,17.477999,16.123049,9.386461,9.108141,6.0050035,7.3560405,10.387293,10.063212,13.134776,15.159967,18.245295,17.731407,14.971531,12.195696,14.284856,11.958947,9.972261,13.169452,10.753875,14.394164,14.35596,18.195057,18.101183,23.33673,23.425404,26.670101,29.664745,30.495136,26.080727,27.820484,22.605389,24.37959,24.959656,22.379538,18.733444,21.58145,17.330109,18.189528,19.955816,16.028149,16.477135,15.3273,20.951168,18.875908,15.142941,17.594067,13.99251,19.275074,16.498106,18.069338,18.4189,18.604458,19.908415,21.807198,21.581638,18.637169,14.972136,14.090576,12.135456,14.618105,11.637556,16.193312,15.230989,18.525484,18.07663,20.519598,24.021868,23.131458,23.443356,20.530195,20.283707,15.323469,16.936136,11.465615,11.600594,12.188421,11.254621,11.0004635,12.869469,11.025869,14.93603,15.159646,19.530064
18,15.79186,13.710107,12.61397,7.6221337,8.159548,7.2166524,8.293496,10.59977,11.602585,15.231013,17.109646,20.405724,19.034092,16.392841,12.802836,10.417704,5.7996616,5.6031995,0.0,5.7817492,7.0665245,10.323385,13.145765,15.879588,18.866976,18.305738,16.828047,14.995072,9.921065,8.251505,8.571214,6.0333605,12.607854,10.226568,14.56935,16.479763,18.71056,18.378292,14.484566,10.790216,14.94218,11.39923,11.649555,13.130134,13.016544,14.865132,15.395372,18.73996,18.46676,23.831944,23.472443,27.28,29.530485,31.294844,27.082148,29.43,24.555443,26.430748,27.94296,25.087542,21.145779,23.785534,19.99112,19.920057,22.72267,17.684776,18.5008,18.648132,24.170088,22.979506,19.84519,22.194775,18.380003,23.76177,20.108793,22.320148,21.761253,21.058163,21.849304,22.96386,22.61229,20.447172,15.793825,16.288755,15.013333,18.380703,15.896148,21.155827,20.470898,23.676563,23.44051,25.582863,29.304329,28.613506,28.914143,26.060843,25.64841,20.766264,22.08536,16.608881,15.697925,14.675325,14.831415,15.505929,17.287405,16.51419,20.221275,20.521685,24.8688
19,13.394363,10.23215,10.885695,5.896543,6.0243897,8.976242,8.49743,13.668657,14.485508,18.459623,20.568453,23.970104,23.315798,20.949911,17.280525,14.290218,10.411245,7.7447634,5.7817492,0.0,3.7275462,5.659368,9.602165,11.926226,14.616915,13.957783,11.501814,11.026461,5.8180385,6.7552466,7.9684186,8.898005,16.11367,15.423025,19.063717,21.53341,23.752066,22.833366,19.256252,15.386478,18.284153,13.354955,12.930476,12.327467,11.927337,11.9140005,11.196537,14.094671,13.105933,18.632391,17.809374,21.649239,23.777718,25.605118,21.471375,23.98785,19.352108,21.383701,23.42013,20.740652,16.687925,20.03363,17.047918,17.347979,21.363388,16.860537,18.812185,19.088415,24.501793,23.645374,20.140112,21.180649,16.780144,21.416494,16.463476,19.12588,17.639841,16.253948,16.866354,17.55216,17.55342,15.826408,11.2462,12.167466,10.973545,15.113997,13.238258,19.270638,19.567423,22.882978,23.724657,26.077702,29.902897,29.029222,28.52014,25.81676,24.436356,19.960665,20.501095,15.312484,13.553783,11.906959,13.99099,14.852908,18.472448,17.548132,21.709187,22.278301,26.585281
20,14.0986185,11.502387,13.25336,8.40892,9.562348,12.040013,11.996849,16.686447,17.114027,21.243065,22.664602,26.299337,25.568419,22.824425,19.555061,16.37004,12.570458,10.311226,7.0665245,3.7275462,0.0,4.650672,6.305021,9.504848,11.873315,11.386387,10.575723,8.895389,6.476648,5.6574054,9.176424,8.537614,16.720436,16.059399,19.588337,22.380594,23.92961,22.706032,18.925127,14.81362,17.810848,12.131061,12.83835,10.820223,12.10314,10.795954,11.03939,13.411392,12.972695,18.08067,17.604555,21.736246,23.545616,26.05984,22.447975,24.99977,20.552761,22.181221,24.7498,21.593496,17.579277,20.015263,17.330393,16.737247,21.224964,16.131008,18.310654,19.481909,24.620674,24.508242,21.598011,22.614477,18.352701,23.150515,18.318432,21.571163,20.043787,18.296211,19.014536,19.146,19.629244,18.417599,13.967767,15.194037,13.713213,18.166649,15.716781,21.654305,21.849619,24.877151,25.873505,27.80584,31.89634,31.359457,30.875149,28.332401,27.029234,22.754896,23.534056,18.341742,17.014593,15.454481,17.71018,18.45856,21.987799,20.600975,24.817444,24.942781,29.379568
21,10.589126,7.841313,11.117558,7.657933,9.424687,13.03166,13.6668625,18.838474,20.1171,23.977648,26.205837,29.606697,28.786415,26.383068,22.59138,19.85334,15.609746,13.3905525,10.323385,5.659368,4.650672,0.0,6.1819305,6.5264287,10.04896,10.858695,9.52467,10.164637,8.688918,9.831849,12.785995,13.096775,21.11554,20.172188,23.968637,26.512894,28.287098,27.25452,23.376278,19.245987,22.450224,16.736744,17.203993,14.739724,15.660088,13.380722,12.364656,13.810239,12.076738,17.197428,15.448331,19.655561,20.722298,23.510809,19.866302,22.982075,19.219542,21.31794,24.366999,21.812304,17.84954,21.206137,19.36995,19.214521,24.305325,19.750807,22.332727,23.3395,28.41988,28.209576,24.938581,25.342445,20.825884,24.850061,19.032312,22.08105,19.558443,17.180954,17.098982,16.595884,16.729809,16.316082,11.684814,13.965865,13.644016,18.07103,17.073437,23.292574,24.14178,27.347834,28.719051,30.983778,34.904545,34.05047,33.180046,30.617033,28.747778,24.62837,24.650183,19.8817,17.40821,14.743313,18.029263,19.344236,23.381891,22.91591,27.08069,27.801744,32.05716
22,15.6504965,13.653273,17.178574,13.339458,14.947068,18.008482,18.015974,22.9855,23.21064,27.453102,28.45564,32.250286,31.65518,28.730278,25.729313,22.372746,18.776682,16.45997,13.145765,9.602165,6.305021,6.1819305,0.0,5.2292647,5.927763,6.3940067,8.776246,6.8632407,10.004129,9.364289,14.000024,13.336856,21.515896,21.307253,24.445011,27.576324,28.44335,26.782944,23.051699,18.93395,21.432299,15.09781,16.620531,12.328849,15.206517,11.301108,11.846633,12.371784,12.136823,15.9903345,15.549997,19.892616,20.834404,24.43721,21.849506,24.517565,20.882294,22.01093,25.56155,22.161232,18.477272,20.011562,18.63271,17.166246,22.665728,17.664795,20.52574,22.684423,27.123508,28.018358,25.681646,25.97072,21.829624,26.038855,20.865677,24.748936,22.657907,20.161306,20.72058,19.78397,20.99311,20.848621,16.974361,18.72894,17.328497,22.048735,19.698977,25.529922,26.124287,28.799244,30.42665,31.993721,36.286385,35.998497,35.152668,32.900333,31.220827,27.478064,28.038818,23.227072,21.862255,20.069921,23.17921,23.959803,27.999119,26.340645,30.670721,30.568306,35.021763
23,12.64565,11.448012,15.98879,13.597935,15.828479,19.220226,20.173738,25.194239,26.344032,30.30006,32.135323,35.696507,34.80322,32.152737,28.583479,25.778238,21.535376,19.535303,15.879588,11.926226,9.504848,6.5264287,5.2292647,0.0,5.262181,8.645726,10.510442,11.064896,13.5467,13.957407,18.054993,17.589306,25.959894,25.044022,28.701693,31.463371,32.569057,31.27159,27.268566,23.07075,26.236364,20.040733,21.4424,17.469522,19.819057,15.870292,15.379826,15.279953,13.766531,17.393291,15.449849,19.748901,19.54364,23.594511,21.09472,24.3959,21.633825,23.263317,27.189749,24.474745,20.884712,23.327139,22.538338,21.555355,27.312536,22.655685,25.61221,27.50354,32.06425,32.702206,29.97312,30.007456,25.633757,29.33721,23.39664,26.921522,24.003029,21.040886,20.729784,19.156727,19.826223,20.538094,16.562027,19.240847,18.989378,23.509571,22.47072,28.551744,29.582071,32.502625,34.247395,36.172832,40.29789,39.689957,38.634834,36.277367,34.2209,30.451773,30.409067,25.859451,23.478792,20.69593,24.3842,25.725897,29.902754,29.252337,33.48714,33.974167,38.300076
24,17.663445,15.952131,20.499683,17.688349,19.225836,22.971266,22.814257,28.27617,28.552801,32.820107,33.90979,37.7145,37.324554,34.48076,31.413412,27.976961,24.442719,21.826818,18.866976,14.616915,11.873315,10.04896,5.927763,5.262181,0.0,4.5881567,8.827938,8.985183,14.133017,14.559623,18.913511,19.094923,27.023975,27.196613,30.149202,33.4157,34.186077,32.32627,28.742416,24.684435,26.730982,20.292768,21.621407,16.544111,19.364458,14.226087,14.043707,12.793829,12.101234,14.25941,13.302748,17.43574,17.256298,21.731352,20.203999,22.960634,20.47313,21.302841,25.600687,22.495613,19.351685,20.658642,20.70098,19.196585,25.287298,21.084618,24.428032,26.790577,30.708818,32.032955,29.802172,29.270885,25.187452,28.474998,22.86576,26.902617,24.169289,21.093113,21.295143,19.413954,21.130392,22.000288,18.973011,21.060762,20.040876,24.64866,22.940186,28.59627,29.746325,32.231865,34.45972,35.975395,40.246155,39.941605,38.631134,36.60281,34.40515,31.178745,31.265812,27.002352,25.320215,23.267391,27.128693,28.003418,32.609604,31.008366,35.393612,35.39304,39.746113
25,20.214216,17.71535,21.723303,18.252556,18.999537,22.860294,21.590126,27.283829,26.746498,31.194937,31.684523,35.61214,35.71042,32.809795,30.19013,26.250147,23.484585,20.32344,18.305738,13.957783,11.386387,10.858695,6.3940067,8.645726,4.5881567,0.0,6.1826925,5.1819925,11.7157955,12.279622,16.370512,17.435375,24.638945,25.823263,28.133612,31.737225,32.496902,30.262035,27.15274,23.299725,24.291887,17.898706,18.707298,13.236531,15.895054,10.249652,10.327002,8.760536,9.219593,11.029059,11.600547,15.599256,16.57092,20.476807,19.029617,21.105997,18.068853,18.328384,22.427809,18.839533,15.831719,16.341024,16.474705,14.760657,20.921335,17.091494,20.645922,23.047354,26.642288,28.198599,26.221792,25.400454,21.557337,24.725834,19.633806,23.980232,21.7833,18.997103,19.920107,18.433187,20.798729,21.140089,18.676876,19.93746,18.04401,22.636581,20.119226,25.35188,26.433086,28.609415,31.055298,32.30509,36.625736,36.521046,35.12691,33.308548,31.161661,28.269154,28.612556,24.505503,23.605724,22.42049,26.069593,26.440882,31.21958,28.770077,33.20257,32.794636,37.11895
26,18.680555,15.222653,18.74304,15.642433,15.347838,19.909946,17.726467,24.018858,23.5352,27.83942,28.896431,32.59253,33.04202,30.592443,27.685152,23.745728,21.264551,17.477999,16.828047,11.501814,10.575723,9.52467,8.776246,10.510442,8.827938,6.1826925,0.0,5.641012,8.330657,11.273024,13.704409,16.836782,23.396427,24.959558,27.26965,30.711685,32.278988,30.241598,27.362196,23.586626,24.313923,18.311295,17.633797,13.3882065,13.751969,9.000816,6.457889,5.2382603,3.4662628,7.754333,7.5011773,11.619081,13.748934,16.43642,13.964884,16.047762,12.383906,13.283205,17.123398,14.039136,10.639463,13.188847,13.219018,13.1777,19.214272,16.369219,19.985346,21.193624,25.189054,25.82664,23.01558,21.673761,17.483103,20.026836,14.1378355,18.22807,15.677576,12.824904,13.844724,12.708276,15.241255,15.243816,13.442116,14.21926,12.326894,16.75416,14.934427,20.278406,21.889292,24.32577,27.030188,28.795225,32.815,32.275078,30.54728,28.662987,26.071623,23.307678,23.127352,19.438986,18.202833,17.201982,21.165134,21.448345,26.719744,24.463882,28.842321,28.862051,32.949184
27,20.633614,17.569046,20.552595,16.341917,16.37834,19.916513,17.795212,23.373934,22.202606,26.731382,26.813038,30.789473,31.158682,28.249159,25.964148,21.718916,19.601892,16.123049,14.995072,11.026461,8.895389,10.164637,6.8632407,11.064896,8.985183,5.1819925,5.641012,0.0,7.4186773,7.797105,11.519702,13.292709,19.849447,21.674276,23.583227,27.317139,28.26203,25.918531,23.131107,19.461424,19.822079,13.600769,13.753897,8.519852,10.713182,5.2423134,6.0917606,6.28768,7.986562,11.115943,12.685425,16.509888,18.784292,21.597908,19.391485,21.01405,16.873343,17.09304,20.367512,16.348543,12.976941,13.337317,12.226592,10.562824,16.462164,12.335344,15.839104,17.964947,21.837137,23.12711,21.103674,20.570507,16.752213,20.500101,16.007633,20.425097,19.042665,16.915663,18.51828,17.974585,20.289204,19.643684,17.140516,17.563559,14.826488,19.3998,15.906417,20.981781,21.68796,23.830345,26.070162,27.253016,31.617449,31.596497,30.409641,28.559914,26.73751,23.725157,24.5119,20.193499,20.053347,19.689001,22.705877,22.64609,27.223343,24.163242,28.58757,27.88378,32.23195
28,18.174707,14.507479,15.810937,11.342704,10.139033,13.559688,10.511855,16.367327,15.362207,19.782091,20.655571,24.386765,24.761808,22.271433,19.541676,15.436387,13.427365,9.386461,9.921065,5.8180385,6.476648,8.688918,10.004129,13.5467,14.133017,11.7157955,8.330657,7.4186773,0.0,4.8275375,5.5463147,9.613384,15.542877,17.124233,19.401756,22.665316,24.646513,22.897047,20.143082,16.598469,17.387857,12.136604,10.570797,8.824913,7.492822,6.740683,5.5848126,9.040003,9.119832,14.234527,14.747132,18.252983,21.230951,22.693419,19.03071,20.73912,15.68151,16.952778,18.903603,15.595488,11.612484,14.27928,11.306721,11.726094,16.088318,12.235541,14.852671,15.200272,20.223408,19.859663,16.598244,16.73076,12.302438,16.757812,12.043204,15.613949,14.668583,13.412875,15.099063,15.889492,17.194736,15.299499,12.320849,11.953449,8.927008,13.407737,9.888899,15.664809,16.188805,19.06809,20.722595,22.684202,26.757957,26.199774,25.254545,22.938953,21.272861,17.49406,18.27665,13.4345,13.130882,13.146601,15.500262,15.343115,19.80648,17.08213,21.509966,21.312963,25.634785
29,19.537092,16.56368,17.624697,12.511441,12.218452,14.136946,12.036341,16.50732,15.117872,19.625473,19.623323,23.600002,23.60886,20.585068,18.384502,14.18144,12.209964,9.108141,8.251505,6.7552466,5.6574054,9.831849,9.364289,13.957407,14.559623,12.279622,11.273024,7.797105,4.8275375,0.0,5.1380544,5.693598,12.659591,13.968948,16.204418,19.704203,21.02828,19.111164,16.106953,12.414784,13.48738,7.686024,7.57227,5.595731,6.76841,6.780507,8.541177,11.72818,12.8736725,17.40132,18.471102,22.189129,24.923609,26.905733,23.551062,25.242664,20.233185,21.109121,23.062008,19.279009,15.51776,16.629398,13.159648,12.174139,15.938075,10.624047,12.661837,13.976515,19.00425,19.182497,16.774168,17.981735,14.149307,19.46617,15.996704,19.580547,19.24738,18.20214,19.915392,20.595926,21.79775,19.9479,16.46375,16.354654,13.423432,17.633503,13.396392,18.539171,18.173025,20.730238,21.723045,23.124655,27.444592,27.349836,27.013645,24.71796,23.839104,19.8695,21.432442,16.244543,16.655476,16.78103,18.244452,18.010138,21.424446,18.3489,22.6392,21.836157,26.368486
30,21.290579,17.913649,17.766169,12.945298,11.244292,12.687097,8.817072,13.191454,10.86374,15.435528,15.400817,19.302486,19.872374,17.205814,15.187013,10.584395,10.045947,6.0050035,8.571214,7.9684186,9.176424,12.785995,14.000024,18.054993,18.913511,16.370512,13.704409,11.519702,5.5463147,5.1380544,0.0,6.526983,10.220037,12.608543,14.232997,17.558,19.729942,17.999905,15.742477,12.789028,12.832837,9.007059,6.1325607,7.9347854,4.9155164,8.681741,9.263633,13.19818,14.138937,18.771935,19.922956,23.08084,26.44992,27.433914,23.63778,24.886948,19.496096,20.503258,21.376604,17.991508,14.42005,16.132854,11.813279,12.222632,14.487034,10.3935175,11.650343,11.200317,16.713041,15.6903715,12.466568,14.044013,10.193348,15.83578,13.222103,16.077639,16.667683,16.582458,18.653261,20.21353,21.167059,18.507313,15.628713,14.414624,11.010661,14.362746,9.528313,14.182036,13.436171,16.217632,16.880964,18.650972,22.77978,22.450108,22.229588,19.78681,19.144316,14.957057,16.84997,11.580112,12.9411125,14.288189,14.757995,13.879347,17.124939,13.364519,17.671013,16.812773,21.311905
31,20.942118,18.602818,18.324636,13.120293,13.061443,12.725007,11.599229,13.7588215,12.273433,16.419575,16.017836,19.923384,19.307833,15.970225,14.136139,10.323066,8.54932,7.3560405,6.0333605,8.898005,8.537614,13.096775,13.336856,17.589306,19.094923,17.435375,16.836782,13.292709,9.613384,5.693598,6.526983,0.0,8.509139,8.413179,11.185347,14.383776,15.669314,14.233092,10.780329,7.0131483,9.564549,5.393272,6.367982,8.340826,9.225505,11.794568,13.88379,17.312645,18.40274,23.044395,23.99327,27.693264,30.41941,32.259,28.583899,30.321857,25.150753,26.197083,27.591183,23.966753,20.306648,21.298534,17.151245,16.182604,18.295807,12.725782,13.081308,14.003945,19.201849,18.807795,16.705757,19.387356,16.190159,22.080982,19.689724,22.548044,22.861193,22.39184,24.00097,25.119953,25.69871,23.421896,19.490952,19.269464,16.672785,20.20184,15.938769,20.422886,19.142925,21.675463,21.473108,22.747839,26.888742,26.904694,27.398691,24.905504,24.962172,20.531055,22.705677,17.266989,18.09238,18.425308,18.449196,18.163717,20.003256,17.15214,20.967884,19.945646,24.491808
32,28.330482,25.808489,24.417337,19.66205,18.486458,16.90989,14.427232,13.952325,9.943721,13.093497,9.696826,13.69642,14.055472,10.499432,11.53736,7.5135093,10.570929,10.387293,12.607854,16.11367,16.720436,21.11554,21.515896,25.959894,27.023975,24.638945,23.396427,19.849447,15.542877,12.659591,10.220037,8.509139,0.0,6.3675456,4.436078,8.428417,10.094034,8.254072,7.6292634,7.531795,5.251161,8.218811,6.5411367,12.479366,11.169688,16.411108,18.640545,22.359903,24.069769,28.180355,29.935263,33.024582,36.502872,37.46768,33.74198,34.696465,29.203077,29.819931,29.92339,26.411654,23.468384,23.568363,18.701344,18.191502,17.26081,13.262217,11.20438,10.380367,14.899576,13.425314,12.357086,16.687742,15.34054,21.197927,21.500458,23.437906,25.401802,26.123127,28.31935,30.233015,30.86572,27.836842,24.810677,23.406803,20.28494,22.411127,17.365927,19.441439,16.777922,18.400816,16.734175,17.20116,20.994955,21.561563,23.105547,20.869146,22.414396,18.42088,21.755964,17.083385,19.926346,21.994024,20.259525,18.876326,18.983942,14.555579,17.289875,14.821849,19.031546
33,25.50957,23.79247,21.79932,17.41007,17.116472,14.128217,13.976689,11.84629,10.189003,12.496279,11.274438,14.451679,12.756654,9.090168,8.714157,6.977367,7.623829,10.063212,10.226568,15.423025,16.059399,20.172188,21.307253,25.044022,27.196613,25.823263,24.959558,21.674276,17.124233,13.968948,12.608543,8.413179,6.3675456,0.0,5.1795526,6.4564395,8.605189,9.020579,5.8029327,5.0933595,8.687936,10.478561,10.879769,15.605544,15.318994,19.568268,21.509682,25.221746,26.210903,30.970577,31.840443,35.352318,38.265865,39.649006,35.577194,37.20129,31.864365,33.08289,33.63381,30.383413,26.97214,28.02147,23.334051,22.799086,23.000666,18.258467,16.845188,16.545837,21.226805,19.685844,18.03813,22.210821,20.131765,26.004517,25.056965,26.802944,27.975195,28.316095,29.858793,31.58784,31.511288,28.687618,24.77133,24.150728,21.985252,24.301558,20.395248,23.501108,21.220486,23.479343,21.605286,22.706501,26.10957,26.174078,27.827017,25.220076,26.570402,21.958057,24.73331,19.690744,21.112093,21.976618,20.013462,19.496765,18.71396,16.450052,18.875528,17.617697,21.645731
34,30.241245,28.188187,26.34288,21.823963,21.021706,18.46383,17.049541,14.951758,11.607958,13.521623,9.795305,13.040796,12.495283,8.718667,10.933934,8.685689,11.760831,13.134776,14.56935,19.063717,19.588337,23.968637,24.445011,28.701693,30.149202,28.133612,27.26965,23.583227,19.401756,16.204418,14.232997,11.185347,4.436078,5.1795526,0.0,4.3641357,5.778189,5.045099,5.0734825,7.1636696,6.2552466,10.9961815,10.669848,16.205603,15.534887,20.51079,22.86424,26.561958,28.168896,32.41467,34.000366,37.222614,40.552063,41.645424,37.803085,38.916275,33.435944,34.18026,34.26189,30.82703,27.848333,27.97747,23.120676,22.455713,21.280415,17.269548,14.850816,14.217324,18.016344,16.479034,15.928471,20.587069,19.56403,25.296915,25.746708,27.415878,29.386688,30.148708,32.16073,34.10018,34.43153,31.38113,28.050241,26.85026,24.085669,26.037676,21.37936,23.281164,20.419384,21.92015,19.601976,19.884047,23.19228,23.834425,25.921858,23.688856,25.720327,21.686079,25.068077,20.531029,23.138205,24.949799,22.692205,21.503338,20.495468,16.862947,18.813337,16.410797,20.16058
35,31.532118,29.824198,27.330173,23.305851,22.590122,19.15844,18.537888,14.88378,12.362616,12.829384,9.578113,11.616009,9.972593,6.4988127,9.663159,9.571715,12.651088,15.159967,16.479763,21.53341,22.380594,26.512894,27.576324,31.463371,33.4157,31.737225,30.711685,27.317139,22.665316,19.704203,17.558,14.383776,8.428417,6.4564395,4.3641357,0.0,4.5628653,6.7709923,7.1044135,9.788745,10.418395,15.0242195,14.79844,20.330406,19.465221,24.49276,26.553785,30.34653,31.629374,36.13933,37.383606,40.632645,43.88017,44.870487,40.775314,42.0315,36.57447,37.585377,37.49136,34.348537,31.324015,31.907343,27.003658,26.617714,25.36176,21.56207,19.126814,18.113184,21.737837,19.66841,18.917429,23.743666,22.820427,28.345764,28.811718,29.99305,31.969706,32.890514,34.668694,36.76352,36.671803,33.51384,30.045946,28.915127,26.604202,28.157299,24.101889,25.81707,22.874102,24.459969,21.576426,22.07608,24.777294,25.18029,27.663239,25.325895,27.682707,23.539997,26.815636,22.511698,24.816507,26.45536,23.565994,22.548367,20.394154,17.783321,18.894949,16.908321,20.095514
36,33.834267,32.31715,30.297209,25.988138,25.67754,22.496216,22.072735,19.01563,16.465038,17.343338,13.65109,15.728217,14.31983,11.016708,14.043022,13.493167,15.956072,18.245295,18.71056,23.752066,23.92961,28.287098,28.44335,32.569057,34.186077,32.496902,32.278988,28.26203,24.646513,21.02828,19.729942,15.669314,10.094034,8.605189,5.778189,4.5628653,0.0,3.9411693,5.589843,9.594231,9.649596,15.026406,15.8495035,20.795523,20.947044,25.525572,28.203024,31.775251,33.458355,37.675613,39.253723,42.630035,45.784462,47.13586,43.315533,44.554996,39.09846,39.83338,40.008137,36.48657,33.50133,33.355015,28.566591,27.522131,26.126526,22.024988,19.30881,19.171211,22.118084,20.961357,21.152575,25.942343,25.237703,30.904099,31.520067,33.1593,35.115456,35.817635,37.718227,39.571358,39.758194,36.78481,33.171146,32.226437,29.67401,31.636818,27.135632,28.927217,25.932346,27.196045,24.509476,24.402374,27.302109,28.180178,30.695189,28.599943,31.014801,27.091337,30.519539,26.10687,28.541433,30.076189,27.588339,26.599344,24.830505,21.86874,23.169607,20.79716,23.957626
