,0,1,2,3,4,5,6,7,8,9,10,11,12,13,14,15,16,17,18,19,20,21,22,23,24,25,26,27,28,29,30,31,32,33,34,35,36,37,38,39,40,41,42,43,44,45,46,47,48,49,50,51,52,53,54,55,56,57,58,59,60,61,62,63,64,65,66,67,68,69,70,71,72,73,74,75,76,77,78,79,80,81,82,83,84,85,86,87,88,89,90,91,92,93,94,95,96,97,98,99,100,101,102,103,104,105,106,107,108,109
0,0.0,4.7280297,6.8459163,9.586135,12.7407,14.284531,17.858543,21.408937,23.32847,27.969368,31.689857,35.104736,33.14385,31.324299,26.767162,25.336775,21.22628,21.270554,17.197073,16.382828,15.955008,10.485697,14.423719,17.639496,19.339663,16.072779,21.52573,22.01198,25.629517,22.2458,28.610718,24.888943,32.39714,30.310362,33.347385,35.64304,34.31297,33.57872,29.590685,26.149426,30.445047,26.64757,30.652527,29.78009,25.495132,26.698298,25.2471,23.783243,27.203524,25.11507,28.958988,27.50339,31.721632,33.557,35.100983,36.496696,33.09345,37.288677,40.372196,38.86641,35.487087,37.35141,34.446255,37.55246,34.33273,40.273087,43.733524,45.434696,45.94479,44.315426,43.093884,43.653008,39.498127,42.791645,39.86465,43.15674,42.973,43.33481,46.466038,45.788128,40.329338,37.434753,35.09144,31.766987,31.807352,26.658228,25.155642,20.466055,20.663464,17.447992,18.05842,16.743126,19.123459,16.592989,18.930252,20.72218,17.820484,24.054018,23.583046,27.417759,28.601486,32.916225,36.570747,37.505505,38.87391,38.6916,32.672306,32.68708,29.94568,27.92703
1,4.7280297,0.0,5.259369,6.536227,9.009973,12.002695,14.186663,18.763777,20.13274,25.351576,28.929342,32.292286,30.959925,29.288425,24.945778,23.121288,19.428457,18.74885,15.037125,13.304494,14.146007,8.133761,13.032812,15.07755,16.797356,12.842764,17.99051,18.434437,21.771719,19.002897,25.039557,22.022429,29.737068,27.852478,31.15522,33.573677,32.81021,31.966412,27.800163,23.991545,28.288754,24.164286,27.806467,26.491352,22.595842,23.208954,22.020016,19.833326,23.327602,21.045023,24.636189,22.992527,27.121372,28.855639,30.521545,31.974333,28.768469,33.090652,36.404575,34.99807,31.57565,33.63986,30.730967,33.931236,30.779383,36.764206,39.991573,41.389248,42.005978,40.193447,39.20942,39.66912,35.58788,38.96402,36.112568,39.59117,39.46467,40.11214,43.32144,42.691074,37.3965,34.307556,31.9483,28.44973,28.265604,23.25984,21.12728,16.582275,16.35319,13.20864,13.642184,12.843812,15.022617,12.057101,14.247019,16.000938,13.290292,19.442225,19.40356,23.104494,24.654585,29.029684,32.81722,33.67805,34.823055,34.409447,28.405573,28.332335,25.406822,23.592493
2,6.8459163,5.259369,0.0,4.9722266,7.0869675,7.948287,11.710218,14.718603,16.988077,21.231287,25.396963,28.484478,26.719927,25.201506,20.496326,19.374096,15.542516,15.84877,12.637098,12.084845,13.523578,9.062489,14.477792,16.221329,19.266342,15.910791,20.71014,19.937561,22.641193,19.286003,24.651949,20.735561,27.941614,25.056217,28.699804,30.587652,29.697195,29.420406,25.065117,21.638376,26.820307,23.431683,27.009659,26.789328,23.661188,24.479748,24.25735,21.886469,25.963594,24.113615,27.17239,24.455324,29.013153,29.867445,31.206272,32.093334,28.637508,32.647987,35.751358,35.039074,31.70914,34.625397,32.20146,35.85561,33.470657,39.3993,42.553112,43.60205,43.739037,41.50119,40.353207,40.196434,35.784927,38.646347,35.304028,38.512245,37.84926,38.316994,41.22014,40.088116,34.70858,31.58147,29.650517,26.157814,26.688421,21.183147,20.60063,16.264412,17.000874,14.852398,16.215664,16.592974,18.69999,14.825867,16.237253,16.972408,13.129429,19.43754,17.963593,22.357054,22.625017,27.178366,30.50871,31.963133,33.674507,33.260555,27.520689,27.105717,24.764793,22.160118
3,9.586135,6.536227,4.9722266,0.0,3.8566227,6.174908,8.726751,13.051062,14.057189,19.663057,22.605185,26.288376,24.845804,22.9788,18.949312,16.695824,13.118186,12.214633,8.700581,7.2990274,9.231219,5.157735,10.751126,11.580675,15.02327,12.060589,16.47162,15.165573,17.81942,14.314308,19.812561,16.081808,23.566307,21.347277,24.786066,27.087461,26.480053,25.764114,21.466038,17.663761,22.423033,18.7083,22.229406,21.821312,18.779314,19.605515,19.669708,17.43858,21.75844,20.501884,23.460396,20.457186,25.610355,26.468512,27.239191,28.08535,24.333046,28.277971,31.234701,30.2615,26.937086,29.747559,27.400784,31.140947,29.087646,34.945446,38.156338,39.239197,39.09937,36.891476,35.562405,35.437325,31.00813,33.92956,30.70407,33.94428,33.538845,34.010056,37.096554,36.351547,30.982672,27.97316,25.650621,22.228668,22.345215,17.103209,16.076675,11.537401,12.59498,10.591195,12.778908,13.707491,16.394203,12.957699,13.618649,14.441788,9.8607855,16.05632,14.479977,18.400845,19.242527,23.399096,27.06063,27.964163,29.50475,29.500378,23.525215,23.761032,21.566788,19.530373
4,12.7407,9.009973,7.0869675,3.8566227,0.0,5.315803,5.2113204,10.528058,11.208914,16.975622,20.199295,23.532925,22.719193,21.231327,17.31569,15.104641,12.277529,10.957481,8.849446,6.8165255,10.852156,7.9965506,13.251097,12.695173,16.208656,13.008543,16.461863,14.72794,16.513165,13.819496,18.22509,15.16447,22.429667,19.939774,23.861734,25.967611,25.967392,25.452322,20.96996,17.06141,22.120646,18.502794,21.399057,20.933882,18.835354,18.945717,19.688963,16.552061,20.963509,19.588337,21.891808,18.2741,23.272938,23.575214,24.473442,25.138958,21.613998,25.598112,28.802538,28.32042,25.005623,28.420958,26.286436,30.218824,28.48683,34.264828,37.125553,37.72372,37.60947,35.043587,33.994617,33.506523,29.07239,31.85747,28.511513,31.862885,31.251991,32.015694,35.02553,34.052044,28.874344,25.569633,23.513784,19.839424,20.065529,14.747845,13.678861,9.682714,10.571757,9.5928545,11.756722,13.783822,15.777418,11.704084,11.6437,11.64038,6.6912704,12.812049,10.998059,15.279989,15.870395,20.34208,23.92703,25.129381,26.660944,26.24351,20.440237,20.233974,18.031883,15.747932
5,14.284531,12.002695,7.948287,6.174908,5.315803,0.0,6.2471766,7.371677,9.559203,13.942482,17.508444,20.862709,19.016718,17.372412,12.955967,11.47004,7.9641047,8.487335,6.9250703,7.753628,10.868738,10.189468,14.819553,14.781348,19.202402,17.014833,20.469427,17.896107,19.31675,15.6129465,19.417738,14.844493,21.178255,17.517208,21.557047,23.067598,22.568619,22.667645,18.0954,14.871476,20.825697,18.323893,21.355236,22.399593,20.787611,21.604782,22.93874,20.462599,25.125868,24.35204,26.470926,22.322514,27.677387,27.37766,27.684078,27.744156,23.834867,27.207571,29.838589,29.889917,26.80247,30.718983,29.098392,33.281868,32.238834,37.844463,40.814644,41.368496,40.67384,37.932693,36.497555,35.539898,30.814215,32.973476,29.164265,32.00961,30.872114,31.174978,33.82236,32.402485,27.003159,23.899227,22.23474,18.832693,19.988667,14.21079,15.632898,12.108886,14.321412,14.03215,16.7783,18.783707,21.04913,17.005003,16.78987,16.32542,11.061586,16.371834,12.799113,17.378006,16.27762,20.519112,23.468147,25.17163,27.436333,27.408792,22.001644,21.780365,20.543837,17.60323
6,17.858543,14.186663,11.710218,8.726751,5.2113204,6.2471766,0.0,6.832842,6.410686,12.5645485,15.581812,18.672987,18.518623,17.381638,13.999796,11.676579,10.260238,8.467442,8.908459,7.3468137,12.657227,12.065304,16.40653,14.549078,18.439207,15.903128,17.949194,15.169443,15.476908,13.431598,15.785306,13.164605,19.48765,16.481716,20.911251,22.63247,23.350918,23.16868,18.602829,14.870374,20.275873,17.30429,19.294395,19.446669,18.910677,18.514034,20.470472,16.871815,21.393204,20.541607,21.801567,17.104694,22.201107,21.394691,21.806726,21.828344,18.29207,21.903698,25.05009,25.406544,22.276915,26.654995,25.143318,29.39897,28.592587,34.03973,36.52582,36.527763,36.020805,32.958675,31.9889,30.808434,26.249725,28.523335,24.84973,28.086166,27.05359,27.986988,30.788603,29.479023,24.49172,20.94086,19.285383,15.436342,16.097694,10.65004,10.794241,8.309757,9.884379,10.9831,13.501208,16.648296,18.136906,14.030299,12.734076,11.374973,6.1968794,10.388136,6.705166,11.533918,10.915913,15.587702,18.903221,20.53465,22.362394,21.771954,16.337887,15.795681,14.305441,11.5442705
7,21.408937,18.763777,14.718603,13.051062,10.528058,7.371677,6.832842,0.0,4.670631,6.637421,11.348963,13.780934,12.576825,11.869509,7.676828,7.3798265,6.9517074,7.998817,10.491277,11.602248,15.804488,16.720009,20.713293,19.326303,23.89418,22.059916,24.161043,20.746561,20.525131,17.82553,18.874014,15.009593,19.2605,14.331322,19.195377,19.668676,20.208729,21.17867,16.597353,14.1742935,20.582382,19.313412,20.980398,22.950045,23.284695,23.433128,26.02349,22.949564,27.5654,27.151161,28.08354,22.928791,27.977194,26.300913,26.176668,25.349339,21.744808,24.348976,26.75808,28.168242,25.477697,30.601585,29.808887,34.28787,34.29958,39.459496,41.879486,41.615013,40.50674,37.12372,35.889015,33.96807,29.199198,30.484346,26.225117,28.714289,26.756676,27.235954,29.339512,27.10338,22.063301,18.595013,18.019882,14.5828705,16.854319,11.252205,14.949333,13.583222,16.068867,17.554924,20.31286,23.374825,24.93979,20.64567,19.41842,17.642317,12.9007635,15.828135,10.685573,15.233142,11.754017,15.931458,17.818375,20.595331,23.45357,23.044529,18.750725,17.735611,17.740173,14.0548315
8,23.32847,20.13274,16.988077,14.057189,11.208914,9.559203,6.410686,4.670631,0.0,7.516536,9.172756,12.568569,12.544363,11.486916,9.277473,6.650417,7.810702,6.295483,9.961137,10.265544,14.924109,16.702211,19.926497,17.505623,21.897633,20.55408,21.66489,17.807926,16.822422,14.716761,14.588884,11.571959,15.586297,11.399018,16.314169,17.273952,18.589788,19.019709,14.558061,11.701353,17.503511,16.106476,17.109787,18.940218,20.073515,19.851799,22.985653,19.903269,24.42168,24.547388,25.01986,19.552835,24.851501,22.947947,22.193493,21.164131,17.331842,19.762426,22.108664,23.533274,20.905891,26.223589,25.68856,30.220705,30.708143,35.60636,37.88714,37.477036,36.135967,32.67579,31.393808,29.342667,24.572239,25.82354,21.595236,24.212214,22.448298,23.126873,25.491022,23.666126,18.6604,15.0629225,14.029492,10.324648,12.280271,6.749381,10.842902,10.5407715,13.251777,15.602823,18.597397,22.079332,23.65327,19.923258,18.044209,16.135946,11.547172,13.053141,7.3855643,11.166944,7.6891813,11.550841,13.985923,16.216928,18.945032,18.876392,14.37113,14.01941,14.452461,11.518834
9,27.969368,25.351576,21.231287,19.663057,16.975622,13.942482,12.5645485,6.637421,7.516536,0.0,7.4522552,7.688011,7.254664,8.366309,6.133382,8.097849,10.651173,11.961713,15.85272,17.238623,21.304415,23.083002,26.597204,24.688856,29.269943,27.841742,29.160751,25.307314,24.062975,22.02474,21.02889,17.891382,19.585997,13.893109,18.805073,17.97761,19.374624,21.234037,17.23302,16.13063,22.145916,22.188486,22.70972,25.540754,27.239864,27.104649,30.44626,27.309502,31.723776,31.685318,31.811895,26.186007,30.824923,28.124084,27.487055,25.834253,22.670061,24.190287,26.027029,28.668242,26.549717,32.41779,32.39866,36.959614,37.871204,42.533432,44.529873,43.66527,42.11289,38.30167,37.155354,34.4198,29.773487,30.066214,25.533073,27.37013,24.569674,25.035755,26.352835,23.195679,18.784096,15.285161,16.222261,13.448799,16.78013,12.527808,17.790531,18.048826,20.56233,22.890299,25.601364,29.073608,30.303862,26.073965,24.365982,21.985466,17.990076,19.040073,13.575945,17.012346,11.680597,14.647317,14.73312,18.606447,22.060307,21.48021,18.849104,17.280956,18.736849,14.938819
10,31.689857,28.929342,25.396963,22.605185,20.199295,17.508444,15.581812,11.348963,9.172756,7.4522552,0.0,5.49173,5.856627,5.4094462,8.344383,7.257663,11.691838,11.550076,16.306292,17.845629,21.18457,24.65116,26.753435,24.07226,28.574142,28.360804,28.641993,24.120628,22.064833,20.189955,17.380861,14.715077,13.630174,8.157898,12.602244,11.416029,13.9861145,15.700445,12.515726,12.41257,17.109911,18.419668,17.814,21.691795,24.611532,24.65132,28.705544,26.412098,30.619165,31.699738,31.423578,25.622765,30.737726,27.843283,25.798998,23.577759,19.943926,20.234575,20.875748,23.798998,22.268291,28.234568,29.00851,33.544983,35.557983,39.573887,41.528763,40.641823,38.247765,34.459507,32.797115,29.662437,25.01683,24.519403,19.850288,20.968988,17.934872,17.93347,19.125244,16.17673,11.416496,8.211092,9.402314,7.808795,11.771924,9.522011,16.194092,17.690203,20.737064,23.685766,26.888224,30.501226,32.146065,28.770977,26.54448,24.375204,20.328913,20.154186,14.606155,16.077284,10.914674,11.068004,10.538334,13.484525,17.427654,18.359188,16.338274,16.41695,19.071114,16.741774
11,35.104736,32.292286,28.484478,26.288376,23.532925,20.862709,18.672987,13.780934,12.568569,7.688011,5.49173,0.0,5.513494,8.107158,10.65035,11.7603655,15.88488,16.36363,21.003479,22.354229,26.130692,28.985298,31.632463,28.994946,33.408463,32.728207,32.988007,28.671944,26.381685,25.093431,21.93924,19.987457,18.663914,13.489568,17.514013,15.553096,18.278496,20.521854,17.721512,17.89018,22.4597,23.801525,22.909138,26.467047,29.640873,29.26251,33.35372,30.523746,34.569466,35.276844,34.593037,28.702986,33.076153,29.574858,27.914,25.400621,22.636768,22.608551,23.357393,27.130024,25.853903,32.147892,33.08118,37.55828,39.62653,43.514694,45.072247,43.679974,41.447002,37.352283,36.14291,32.60632,28.28054,27.358444,22.785175,23.650824,20.074593,20.444014,20.819416,16.855558,13.540517,10.445979,13.197674,11.992883,15.819785,14.125902,20.134327,21.94527,24.518988,27.604567,30.421312,34.218338,35.363197,31.636839,29.372171,26.75118,23.3108,22.595507,17.341393,18.869404,13.031898,13.231718,11.022598,15.295735,19.1926,19.086178,18.520103,17.34445,20.387093,17.609976
12,33.14385,30.959925,26.719927,24.845804,22.719193,19.016718,18.518623,12.576825,12.544363,7.254664,5.856627,5.513494,0.0,3.7260923,6.6733036,9.126423,12.914961,14.6766815,19.004698,21.303202,24.255144,27.477545,29.975603,28.033464,32.83225,32.393974,33.371323,28.976204,27.388176,24.939333,22.941868,19.393126,18.294987,12.188499,16.035704,13.692397,15.163777,18.003035,15.130251,15.971115,21.14701,22.931505,22.857449,27.102987,29.526983,29.933935,33.73367,31.464302,35.85182,36.62178,36.613876,30.84795,35.855995,32.926723,31.2863,29.08071,25.645788,25.97081,26.518215,29.596504,28.112926,34.01856,34.724705,39.277184,41.110043,45.28053,47.32493,46.47001,44.10294,40.302895,38.62999,35.439674,30.824646,30.119427,25.447796,26.166664,22.80682,22.419611,22.879253,19.19955,15.0435915,12.72519,14.657022,13.614762,17.588137,14.86411,21.488474,22.280033,25.393377,27.923922,31.098251,34.519894,36.19647,32.353996,30.491005,28.282078,24.026201,24.670588,19.0005,21.306536,15.835215,16.624395,15.393287,18.906572,22.926844,23.492485,21.876612,21.2631,23.74786,20.687325
13,31.324299,29.288425,25.201506,22.9788,21.231327,17.372412,17.381638,11.869509,11.486916,8.366309,5.4094462,8.107158,3.7260923,0.0,5.441224,6.483286,10.346194,12.079891,16.317404,18.963337,21.347607,25.100937,27.13071,25.295055,30.172518,30.13152,31.18613,26.681513,25.345972,22.380426,20.781223,16.567165,15.475843,9.167831,12.915775,10.872115,11.841623,14.563914,11.530507,12.59756,17.838436,19.816757,20.04894,24.61725,26.771534,27.586342,31.297754,29.515564,33.98195,35.02591,35.32045,29.684305,35.137436,32.615467,30.719814,28.696201,24.78091,25.22444,25.59183,28.096615,26.521807,32.08986,32.71696,37.257107,39.07682,43.283607,45.601597,45.102592,42.590267,39.0315,37.031445,34.113113,29.35774,28.853935,24.204834,24.943962,21.938885,21.20644,22.053707,19.0087,14.149786,12.14891,13.135636,12.198269,16.002035,13.0620365,19.897945,20.344149,23.77893,26.115458,29.551714,32.776413,34.829178,31.248669,29.460966,27.597698,22.953136,24.025917,18.287495,20.524664,15.645765,16.31679,15.8822365,18.571592,22.541496,23.747677,21.416187,21.552666,23.808397,21.063665
14,26.767162,24.945778,20.496326,18.949312,17.31569,12.955967,13.999796,7.676828,9.277473,6.133382,8.344383,10.65035,6.6733036,5.441224,0.0,5.0742693,7.0568895,10.137075,13.6310625,16.38778,19.038956,21.784094,24.650873,23.448122,28.426702,27.68712,29.556477,25.48565,24.881231,21.540245,21.480442,16.686426,18.06841,11.836338,16.16198,15.147601,15.210945,17.436495,13.513387,13.266322,19.58947,20.35996,21.593622,25.370787,26.465946,27.31754,30.451277,28.299143,32.965233,33.357807,34.133408,28.70964,34.11237,32.004906,30.916641,29.40114,25.494492,26.903366,28.111715,30.11815,28.011602,33.37868,33.344807,37.91333,38.88032,43.61135,46.114105,45.83368,43.888416,40.43255,38.653088,36.18625,31.316254,31.57412,26.987823,28.42193,25.789824,25.42476,26.744673,23.92131,18.889894,16.28501,16.607248,14.512957,17.899338,13.382978,19.379934,18.747133,22.002567,23.757524,27.009201,29.989893,31.994396,28.003948,26.655954,24.925604,20.056255,22.288998,16.627634,20.060408,15.484,17.8092,18.275322,21.235424,24.90134,25.428734,22.195732,21.75748,23.089127,19.706177
15,25.336775,23.121288,19.374096,16.695824,15.104641,11.47004,11.676579,7.3798265,6.650417,8.097849,7.257663,11.7603655,9.126423,6.483286,5.0742693,0.0,4.4938836,5.698905,9.932134,12.524956,15.128964,18.643795,20.858116,19.111109,24.043493,23.780867,25.215261,20.906693,20.206514,16.737448,16.618776,11.624963,13.523388,7.731679,12.339624,12.489545,12.846239,14.070045,9.66996,8.484448,14.903905,15.339731,16.612041,20.349155,21.51394,22.452187,25.715218,23.901707,28.542118,29.36489,30.173101,24.815262,30.608633,28.809269,27.288715,25.913675,21.595604,23.088123,24.22462,25.669436,23.46821,28.571613,28.508291,33.057194,34.140182,38.793674,41.418648,41.34912,39.282608,36.011703,34.025406,31.80029,26.867023,27.408298,22.940262,24.606268,22.481844,22.122023,24.030655,22.023287,16.556896,13.9413805,13.10411,10.771287,13.661661,8.967474,15.079072,14.512526,18.076,19.994062,23.527277,26.536602,28.816284,25.352245,23.76979,22.320084,17.27122,19.280563,13.6692,16.536385,12.821552,14.766636,16.191774,18.149166,21.563122,22.690336,18.785713,19.293056,20.517197,17.883686
16,21.22628,19.428457,15.542516,13.118186,12.277529,7.9641047,10.260238,6.9517074,7.810702,10.651173,11.691838,15.88488,12.914961,10.346194,7.0568895,4.4938836,0.0,4.5181446,6.7216077,10.069461,12.03713,15.126271,17.64199,16.769083,21.832376,21.335474,23.646097,19.753885,20.054937,15.811324,17.611082,11.825124,15.678977,10.809024,14.763467,15.59849,14.894736,15.625579,11.076121,9.093862,15.725683,15.238192,17.665968,20.81853,20.68111,22.064955,24.603697,23.008999,27.78564,28.278086,29.762943,24.855639,30.800257,29.681074,28.629871,27.788399,23.345247,25.500204,26.993788,27.683214,25.142513,29.63154,28.99781,33.440773,33.811485,38.83544,41.790215,42.163692,40.4264,37.47065,35.437176,33.772327,28.817219,29.960724,25.721804,27.709383,26.04519,25.666445,27.872583,26.23425,20.65809,18.151812,16.759516,14.201662,16.34482,11.02834,15.689521,13.704774,17.239977,18.263388,21.809767,24.306759,26.900673,23.38598,22.338543,21.404844,15.977641,19.386795,14.25256,17.79162,15.121006,17.854477,19.959269,21.615507,24.664406,25.676682,21.02089,21.553226,21.9151,19.18821
17,21.270554,18.74885,15.84877,12.214633,10.957481,8.487335,8.467442,7.998817,6.295483,11.961713,11.550076,16.36363,14.6766815,12.079891,10.137075,5.698905,4.5181446,0.0,4.781122,6.9469028,9.7891865,13.364924,15.397758,13.46331,18.393469,18.141642,19.75587,15.59479,15.590522,11.5574,13.19027,7.6790795,12.788468,9.226992,13.195647,15.048472,15.132963,14.867908,10.257894,6.775782,13.0061035,11.572425,13.867139,16.46738,16.565,17.663937,20.456211,18.818472,23.553308,24.357641,25.667933,20.736347,26.87734,25.904299,24.56962,23.861982,19.245161,21.568428,23.207838,23.491251,20.82015,25.190212,24.494421,28.948416,29.40623,34.369297,37.28299,37.664776,35.94058,33.043636,31.01984,29.519512,24.58479,26.05525,22.006916,24.350296,23.154886,23.05843,25.729622,24.697205,19.139866,16.4957,14.313893,11.426697,12.731823,7.346032,11.378978,9.558785,13.315233,14.755057,18.484749,21.23307,23.85612,20.821224,19.379856,18.545582,13.220445,16.021664,11.143641,14.025788,12.371858,14.84896,17.729067,18.611368,21.238533,22.476616,17.359444,18.53786,18.751007,16.765549
18,17.197073,15.037125,12.637098,8.700581,8.849446,6.9250703,8.908459,10.491277,9.961137,15.85272,16.306292,21.003479,19.004698,16.317404,13.6310625,9.932134,6.7216077,4.781122,0.0,4.2036266,5.5295444,8.9946,11.05917,10.172786,15.228834,14.88993,17.534018,14.006207,15.406421,10.488665,14.638144,8.944428,15.562214,13.1896305,16.241838,18.616375,17.888008,17.070099,12.780847,9.072713,14.320504,11.733195,15.250341,16.892345,15.232378,16.939674,18.675682,17.559391,22.311554,22.853035,25.002378,20.837133,27.066635,26.993717,26.085764,26.005396,21.376108,24.255001,26.12746,25.496092,22.568832,25.970903,24.621964,28.814383,28.445677,33.740566,37.037796,37.98663,36.613358,34.17927,32.081264,31.292253,26.479877,28.575262,24.935667,27.512547,26.860327,26.714108,29.642378,29.040432,23.456993,21.023024,18.447512,15.6608715,16.183144,11.106855,12.827873,9.304652,12.731397,12.804364,16.550425,18.511726,21.649342,18.894634,18.10639,18.109234,12.6450615,16.852154,13.114962,16.170717,15.883418,18.706587,22.04733,22.517763,24.680262,25.901077,20.230904,21.567162,20.919344,19.158188
19,16.382828,13.304494,12.084845,7.2990274,6.8165255,7.753628,7.3468137,11.602248,10.265544,17.238623,17.845629,22.354229,21.303202,18.963337,16.38778,12.524956,10.069461,6.9469028,4.2036266,0.0,5.563416,7.1361284,9.72388,7.741355,12.387053,11.34762,13.775149,10.507501,12.175483,7.924448,12.85066,8.81854,16.463879,15.102616,18.223318,20.989824,20.911615,19.688972,15.529229,11.288483,15.561892,11.744721,14.98331,15.067118,13.04354,14.017663,15.480245,13.700278,18.46581,18.723364,20.928238,16.96891,23.123148,23.416836,22.839035,23.188002,18.774975,22.207865,24.630318,23.605309,20.42142,23.553726,21.773186,25.88012,25.028885,30.519796,33.71788,34.640877,33.698944,31.32604,29.553389,29.089025,24.45589,27.10273,23.80552,26.884466,26.641815,26.97963,30.207264,29.90462,24.562475,21.841257,19.018932,15.868496,15.565914,10.779124,10.127794,5.780837,8.742697,8.612918,12.391404,14.573863,17.605616,15.083378,14.132954,14.388676,9.157214,13.446319,10.786386,13.569938,14.6383295,17.737549,21.633677,21.760757,23.321058,24.1847,18.130169,19.51605,18.20312,16.968613
20,15.955008,14.146007,13.523578,9.231219,10.852156,10.868738,12.657227,15.804488,14.924109,21.304415,21.18457,26.130692,24.255144,21.347607,19.038956,15.128964,12.03713,9.7891865,5.5295444,5.563416,0.0,6.2832217,5.79825,5.7957425,10.695476,11.345246,14.402417,11.563626,14.307785,8.830715,14.987659,10.032492,17.18734,16.67572,18.535767,21.663742,20.591883,18.83846,15.340591,11.596847,14.626053,10.879995,15.197482,15.670441,12.189377,14.739062,15.302111,15.500194,19.909407,20.759483,23.637405,20.522175,26.824389,27.735289,26.77288,27.259356,22.59548,25.675806,27.461794,25.676989,22.682364,24.724258,22.840826,26.58224,25.620678,30.9785,34.702335,36.34877,35.128098,33.341133,31.007786,31.049847,26.51796,29.192831,26.188456,28.889576,29.019745,28.792725,32.070633,32.253616,26.774057,24.734627,21.537413,19.10644,18.61336,14.564041,14.231367,10.08113,12.793225,11.605355,15.245286,16.155092,19.981682,18.3864,18.025097,19.036242,14.182295,18.511333,16.206656,18.367977,19.626774,22.008165,25.822779,25.393538,26.932402,28.536764,22.507774,24.53891,23.377209,22.457302
21,10.485697,8.133761,9.062489,5.157735,7.9965506,10.189468,12.065304,16.720009,16.702211,23.083002,24.65116,28.985298,27.477545,25.100937,21.784094,18.643795,15.126271,13.364924,8.9946,7.1361284,6.2832217,0.0,5.6932673,7.432134,10.531387,8.485636,13.305788,12.346321,15.902763,11.87091,18.495451,14.911284,22.630243,21.69024,24.254414,27.17444,26.329054,24.889841,21.079796,17.151974,20.611656,16.367615,20.313055,19.382116,15.264614,16.762203,16.074495,15.132591,19.242325,18.6451,22.148891,19.845945,25.372612,26.916485,27.163462,28.272299,24.241423,28.095575,30.720697,28.876589,25.58585,27.403257,24.81222,28.243753,25.993359,31.797882,35.392246,37.05761,36.784267,35.08668,33.397446,33.828686,29.556015,32.772,29.968294,33.168774,33.342182,33.612244,36.965424,36.903557,31.517384,28.9368,26.004423,22.972324,22.397663,17.892015,16.016872,11.197054,12.248319,9.459747,11.986581,11.995663,15.690221,13.81624,14.466815,16.129765,11.958505,17.484346,16.513098,19.346975,21.205833,24.598133,28.621641,28.634449,29.826323,30.497705,24.256733,25.461159,23.286469,22.159185
22,14.423719,13.032812,14.477792,10.751126,13.251097,14.819553,16.40653,20.713293,19.926497,26.597204,26.753435,31.632463,29.975603,27.13071,24.650873,20.858116,17.64199,15.397758,11.05917,9.72388,5.79825,5.6932673,0.0,4.926005,7.247978,8.210575,12.201307,11.307656,15.356089,10.820184,17.920998,14.48633,21.686842,22.118195,23.536367,26.972322,25.82641,23.662142,20.636408,16.959906,18.664963,14.263761,18.526258,17.401838,12.263678,14.896144,13.562076,14.717386,18.342829,18.908257,22.62794,20.933308,26.75632,28.719715,28.18724,29.352224,25.039751,28.482347,30.496103,27.830395,24.761478,25.476091,22.869522,25.91392,23.82914,29.317648,33.338406,35.627506,34.962635,33.829903,31.607922,32.534164,28.461853,31.76164,29.406061,32.348907,33.074764,33.002792,36.518997,37.1616,31.846119,29.863558,26.419819,24.00955,22.873407,19.369862,17.277786,12.907675,14.188329,11.547829,14.233393,13.601231,17.862152,17.473892,17.835964,19.837368,16.028051,20.503576,19.70117,21.429365,23.851316,26.281874,30.434547,29.576971,30.51295,32.007248,25.766514,27.935022,26.079998,25.700735
23,17.639496,15.07755,16.221329,11.580675,12.695173,14.781348,14.549078,19.326303,17.505623,24.688856,24.07226,28.994946,28.033464,25.295055,23.448122,19.111109,16.769083,13.46331,10.172786,7.741355,5.7957425,7.432134,4.926005,0.0,5.115249,6.8367567,8.916292,6.682197,10.481794,6.043163,13.208427,10.842239,18.228977,19.35421,20.827814,24.497715,24.114073,21.725706,18.680857,14.621684,15.827032,10.794359,14.548274,12.747565,7.9420304,10.17343,9.711688,10.555471,14.559323,15.784029,18.915884,16.716215,22.866682,24.553726,23.57546,24.64521,20.273691,23.65162,25.693308,22.972834,19.862331,20.785385,18.290922,21.652443,20.09846,25.572067,29.396599,31.350122,30.491333,29.118988,26.934805,27.69311,23.591967,26.969551,24.711458,27.821318,28.720505,28.900705,32.552025,33.402218,28.314447,26.277973,22.666681,20.263756,18.634706,15.753308,12.862317,8.964884,10.30102,8.539102,11.813285,12.320022,16.337992,16.127687,15.580454,17.238182,13.60209,16.931538,16.318544,17.225153,20.184444,22.157114,26.470343,25.2146,25.86894,27.47546,21.266329,23.825068,22.142828,22.316916
24,19.339663,16.797356,19.266342,15.02327,16.208656,19.202402,18.439207,23.89418,21.897633,29.269943,28.574142,33.408463,32.83225,30.172518,28.426702,24.043493,21.832376,18.393469,15.228834,12.387053,10.695476,10.531387,7.247978,5.115249,0.0,5.1440268,5.949885,6.609035,11.05152,8.930934,15.428679,14.897342,21.77395,23.78574,24.880184,28.77775,28.568624,25.842093,23.20672,19.232761,19.317644,14.08613,17.203053,13.773596,8.043096,9.626107,6.74896,9.08755,11.730035,13.123341,16.821814,16.245916,21.704008,24.364471,23.599962,25.288994,21.450363,24.957563,27.117817,23.563902,20.535334,19.985031,16.808609,19.31922,16.687021,22.220623,26.262178,28.784033,28.449844,27.745646,25.740332,27.386944,23.925995,27.855173,26.384266,29.671694,31.18704,31.588957,35.42495,36.765827,32.00065,30.061804,26.281538,24.014286,21.767845,19.716404,15.439935,12.172902,11.986185,9.547572,11.400523,10.6303005,14.686156,16.109226,15.839697,18.208614,15.961078,18.577736,19.402157,19.51485,23.504835,25.222101,29.731012,27.957844,27.91881,29.456707,23.326525,26.1026,23.953964,24.872704
25,16.072779,12.842764,15.910791,12.060589,13.008543,17.014833,15.903128,22.059916,20.55408,27.841742,28.360804,32.728207,32.393974,30.13152,27.68712,23.780867,21.335474,18.141642,14.88993,11.34762,11.345246,8.485636,8.210575,6.8367567,5.1440268,0.0,5.548453,7.484768,11.815701,10.473904,16.871016,16.379364,23.950554,24.920519,26.95241,30.516586,30.506123,28.283934,24.99217,20.715687,22.203861,16.939848,19.947931,16.504208,11.730456,11.899694,9.444045,8.625971,11.617566,11.027154,15.136525,14.588899,19.546867,22.33734,22.665228,24.62467,21.236837,25.367464,28.28555,25.3382,22.036568,22.334332,18.96271,21.636282,18.320274,24.237143,27.815134,29.83057,30.220583,29.11421,27.804932,29.194548,25.682713,29.72062,27.972132,31.610764,32.742332,33.52934,37.290665,38.08744,33.2665,30.76515,27.357267,24.483019,22.561602,19.69232,14.932805,11.116735,9.875606,6.2100477,7.1244807,5.8726573,10.140325,11.1761055,11.432035,14.182533,12.449999,15.812355,17.33648,18.208994,22.230474,24.864676,29.407284,28.314629,28.31623,28.962069,22.711523,24.60054,21.797232,22.342823
26,21.52573,17.99051,20.71014,16.47162,16.461863,20.469427,17.949194,24.161043,21.66489,29.160751,28.641993,32.988007,33.371323,31.18613,29.556477,25.215261,23.646097,19.75587,17.534018,13.775149,14.402417,13.305788,12.201307,8.916292,5.949885,5.548453,0.0,4.915953,8.407288,9.632544,14.420293,16.106236,22.833199,24.94024,26.56895,30.357132,30.991074,28.421352,25.55022,21.318172,21.593082,16.225126,18.135944,13.345164,9.308739,7.9086547,4.937385,4.0326176,6.2677536,7.288984,10.887156,10.959319,15.896627,18.971775,18.680218,20.884113,17.815933,21.754496,24.604567,21.096064,17.930788,17.425776,13.789727,16.232,12.9066,18.851364,22.33489,24.318987,24.712719,23.762524,22.565693,24.315722,21.250956,25.609507,24.516218,28.279043,29.948486,31.017515,34.92053,36.24084,31.920519,29.606037,26.014513,23.461702,20.780142,19.29674,13.397192,11.193649,9.205167,7.296147,7.7000227,7.7482886,10.707379,12.9887,12.051451,14.439862,13.829121,14.885809,17.27203,16.531988,21.515184,23.229807,27.867004,25.994797,25.291174,26.15182,20.199104,22.75017,20.091629,21.767305
27,22.01198,18.434437,19.937561,15.165573,14.72794,17.896107,15.169443,20.746561,17.807926,25.307314,24.120628,28.671944,28.976204,26.681513,25.48565,20.906693,19.753885,15.59479,14.006207,10.507501,11.563626,12.346321,11.307656,6.682197,6.609035,7.484768,4.915953,0.0,4.5848227,4.864327,9.803755,11.265873,17.961641,20.089077,21.700518,25.467943,26.246311,23.723898,20.83986,16.632124,16.95876,11.645872,13.474839,9.272837,5.962423,4.8030295,5.318775,4.2954097,8.601745,10.6381,12.855995,10.600105,16.795372,18.60316,17.35853,18.790129,14.856119,18.504038,21.025784,17.931227,14.661958,15.373828,12.510506,16.038805,14.561896,20.13871,23.53265,25.030935,24.44891,22.882633,21.177755,22.097048,18.338497,22.275394,20.60914,24.234066,25.62405,26.504059,30.362953,31.571482,27.11648,24.890076,21.226227,18.774775,16.152813,14.723697,9.341799,7.360656,6.7885475,6.612035,9.156666,10.874898,13.853368,14.55377,12.911327,14.318961,12.312625,13.1485405,14.142958,13.275858,17.778435,19.13997,23.731316,21.822826,21.545954,22.891584,16.80347,19.773863,17.854038,19.286093
28,25.629517,21.771719,22.641193,17.81942,16.513165,19.31675,15.476908,20.525131,16.822422,24.062975,22.064833,26.381685,27.388176,25.345972,24.881231,20.206514,20.054937,15.590522,15.406421,12.175483,14.307785,15.902763,15.356089,10.481794,11.05152,11.815701,8.407288,4.5848227,0.0,5.7890916,6.374951,10.387077,15.817303,18.411808,20.034792,23.671005,25.208181,22.761068,20.067614,16.076082,15.992653,11.247858,11.472509,6.752774,7.0788584,3.8015554,7.5193653,5.364571,8.960531,11.668309,12.124827,8.520152,14.959028,15.804785,13.6134,14.626404,10.476748,13.940632,16.524948,13.647748,10.276745,12.030412,9.833528,14.032225,14.008939,19.0155,21.845812,22.583576,21.54875,19.372398,17.749643,18.045666,14.087262,17.97907,16.311152,20.126093,21.584595,22.802963,26.677681,27.993513,23.951887,21.722336,18.115543,15.8375435,12.704112,12.565605,6.5771565,7.32368,6.8668804,9.031437,11.332252,14.066845,16.10955,16.476059,14.018214,14.451219,12.876405,11.629447,12.536882,10.195492,15.072277,15.554774,20.11907,17.762291,17.133083,18.640303,12.782159,16.318874,14.966801,17.069862
29,22.2458,19.002897,19.286003,14.314308,13.819496,15.6129465,13.431598,17.82553,14.716761,22.02474,20.189955,25.093431,24.939333,22.380426,21.540245,16.737448,15.811324,11.5574,10.488665,7.924448,8.830715,11.87091,10.820184,6.043163,8.930934,10.473904,9.632544,4.864327,5.7890916,0.0,7.1751366,6.507211,13.580225,15.46624,17.009949,20.766933,21.395561,18.941109,15.9779,11.791026,12.442983,7.2254643,9.650873,7.583313,5.531257,6.4682617,9.014247,8.800259,13.1323395,15.293043,16.989746,13.488213,20.074396,20.82016,18.920792,19.461082,14.768947,17.786545,19.68361,17.268133,14.143764,16.09537,14.296894,18.360428,18.234505,23.318062,26.678875,27.913229,26.491398,24.529882,22.296782,22.376675,17.989405,21.151178,18.719212,21.93823,22.84701,23.27615,27.006577,27.989893,23.189833,21.139374,17.392984,15.108187,12.926397,11.093002,7.782967,5.7391987,7.86622,8.7872715,12.409984,14.564847,17.699032,17.23582,15.488331,16.146572,12.67519,13.933489,12.882479,12.507863,15.6789255,16.757818,21.119614,19.393915,19.909964,21.839338,15.804276,18.974367,17.974161,18.719864
30,28.610718,25.039557,24.651949,19.812561,18.22509,19.417738,15.785306,18.874014,14.588884,21.02889,17.380861,21.93924,22.941868,20.781223,21.480442,16.618776,17.611082,13.19027,14.638144,12.85066,14.987659,18.495451,17.920998,13.208427,15.428679,16.871016,14.420293,9.803755,6.374951,7.1751366,0.0,6.7570777,9.820011,13.0239525,14.266519,17.793331,19.856863,17.502903,15.195348,11.846547,11.215631,8.001009,6.3470855,4.87243,9.104913,7.942264,12.66829,11.731909,15.05138,17.932756,17.717222,13.138307,19.30124,18.577303,15.186904,14.617912,9.575299,11.310927,12.623151,10.903675,8.009997,12.063871,11.984438,16.536324,18.543062,22.508717,25.038057,25.231869,22.926523,20.155947,17.847973,16.672638,11.855999,14.3743515,11.58454,14.939665,15.917222,16.757496,20.586447,21.880758,17.742037,15.877974,12.024733,10.396934,6.996361,8.528166,6.0711493,8.788482,10.626638,13.634838,16.675215,19.753017,21.886885,21.290808,18.653257,18.172367,15.495718,13.925566,12.386747,9.748105,12.620866,11.545008,15.683685,12.910152,13.120533,15.884768,10.649201,14.917332,15.353229,16.954506
31,24.888943,22.022429,20.735561,16.081808,15.16447,14.844493,13.164605,15.009593,11.571959,17.891382,14.715077,19.987457,19.393126,16.567165,16.686426,11.624963,11.825124,7.6790795,8.944428,8.81854,10.032492,14.911284,14.48633,10.842239,14.897342,16.379364,16.106236,11.265873,10.387077,6.507211,6.7570777,0.0,7.9149384,9.015042,10.744364,14.316702,15.127245,13.01679,9.780897,5.6941633,7.604491,4.5832286,6.5112276,9.091688,10.209624,11.539829,15.111701,14.766829,19.021221,21.223623,22.198393,17.636976,24.168377,23.616417,21.065914,20.457363,15.375808,17.196531,18.151392,17.178452,14.624169,18.211647,17.80953,22.187258,23.445234,27.889597,30.938482,31.618977,29.34931,26.824408,24.25458,23.118708,18.247576,20.032656,16.573893,19.020493,18.993324,18.83509,22.213707,22.697992,17.49651,15.681881,11.99583,10.107926,9.036968,6.905949,8.523263,8.166023,11.812593,13.776728,17.641453,20.301756,23.20196,21.700445,19.737324,19.4253,15.070882,16.040222,12.673414,12.720691,13.437565,13.747811,17.372198,16.059868,17.755867,20.305939,14.992592,18.113356,18.526926,18.454817
32,32.39714,29.737068,27.941614,23.566307,22.429667,21.178255,19.48765,19.2605,15.586297,19.585997,13.630174,18.663914,18.294987,15.475843,18.06841,13.523388,15.678977,12.788468,15.562214,16.463879,17.18734,22.630243,21.686842,18.228977,21.77395,23.950554,22.833199,17.961641,15.817303,13.580225,9.820011,7.9149384,0.0,6.3848023,4.769695,8.571336,10.779042,8.393335,7.6166353,7.3018694,5.078205,8.071426,5.699923,11.5733185,15.267819,16.437399,20.694456,20.965967,24.503437,27.449764,27.52847,22.763475,28.831888,27.367561,23.65882,22.005556,17.210115,16.798588,15.679907,15.82147,14.719208,18.753428,20.026949,24.156364,27.169878,30.390232,33.001938,33.2169,29.789959,27.05716,23.96898,21.766768,17.08999,16.961678,13.193283,13.946244,13.423451,12.136019,15.20154,16.193542,11.264757,11.151856,7.3000855,8.487449,8.022441,9.842197,13.767598,15.415464,18.724491,21.306911,24.980423,27.84152,30.5026,29.105268,26.790964,25.982254,22.012362,21.598484,17.7781,16.669079,15.937059,13.732435,15.734705,13.596784,15.843642,19.771023,16.45266,20.061275,22.047478,22.26891
33,30.310362,27.852478,25.056217,21.347277,19.939774,17.517208,16.481716,14.331322,11.399018,13.893109,8.157898,13.489568,12.188499,9.167831,11.836338,7.731679,10.809024,9.226992,13.1896305,15.102616,16.67572,21.69024,22.118195,19.35421,23.78574,24.920519,24.94024,20.089077,18.411808,15.46624,13.0239525,9.015042,6.3848023,0.0,5.0678477,6.2947907,8.335562,8.371245,5.152195,5.5087104,9.084357,11.426657,11.023168,16.158077,18.865538,19.949976,23.96123,23.189474,27.353308,29.391506,29.677864,24.378506,30.39861,28.497536,25.61716,23.813889,19.17495,19.37459,19.145765,20.46229,18.948229,23.859295,24.679277,29.090275,31.396349,35.23283,37.780415,37.71987,34.7869,31.654015,29.089003,26.589981,21.749594,21.570282,17.190477,18.102272,16.228706,15.207741,17.353172,16.391739,10.694087,9.3578005,7.181868,6.951489,9.306425,8.006216,14.362349,15.338873,19.028162,21.557379,25.310787,28.394472,30.900331,28.473108,26.362457,25.108536,20.55559,20.97079,15.956302,16.491854,13.769967,12.897727,14.195477,14.248127,17.586609,20.342043,17.052252,19.254995,21.353176,20.240992
34,33.347385,31.15522,28.699804,24.786066,23.861734,21.557047,20.911251,19.195377,16.314169,18.805073,12.602244,17.514013,16.035704,12.915775,16.16198,12.339624,14.763467,13.195647,16.241838,18.223318,18.535767,24.254414,23.536367,20.827814,24.880184,26.95241,26.56895,21.700518,20.034792,17.009949,14.266519,10.744364,4.769695,5.0678477,0.0,4.2805004,6.0782,4.470313,4.672692,7.2072554,6.6612654,11.095367,10.044774,16.103548,19.068333,20.720102,24.708687,25.005177,28.81215,31.512571,31.83124,26.91143,33.03425,31.385887,27.903536,26.070148,21.366598,20.85746,19.567228,20.324842,19.38801,23.472643,24.752586,28.847658,31.759642,35.04715,37.734554,37.970394,34.4571,31.701042,28.581684,26.193258,21.6111,20.963398,17.045275,17.052313,15.674496,13.678092,15.745037,15.866933,10.64743,11.214559,8.657052,10.2990265,11.488575,12.042887,17.356682,18.41794,22.071617,24.413988,28.250723,31.030428,33.842205,31.980326,29.8814,28.957273,24.504782,24.763186,20.230053,20.00986,18.085682,16.251772,17.339594,16.230694,19.167933,22.85648,19.966576,22.931128,25.161232,24.644619
35,35.64304,33.573677,30.587652,27.087461,25.967611,23.067598,22.63247,19.668676,17.273952,17.97761,11.416029,15.553096,13.692397,10.872115,15.147601,12.489545,15.59849,15.048472,18.616375,20.989824,21.663742,27.17444,26.972322,24.497715,28.77775,30.516586,30.357132,25.467943,23.671005,20.766933,17.793331,14.316702,8.571336,6.2947907,4.2805004,0.0,4.582624,5.983677,6.662076,10.118493,10.88538,15.249832,14.150466,20.097178,23.21626,24.677706,28.752888,28.664526,32.566067,35.043667,35.185375,29.988167,35.91027,33.806335,30.417196,28.24793,23.83625,22.98809,21.533651,23.189264,22.489956,27.033476,28.523558,32.657738,35.6999,38.92707,41.4109,41.335575,37.754887,34.746506,31.801598,28.96804,24.495499,23.249447,19.13266,18.600437,16.346748,14.122515,15.155822,14.18633,9.152376,10.266113,9.3672,11.44125,13.696858,14.06553,20.212025,21.431778,25.106195,27.595415,31.396776,34.353134,36.99977,34.72396,32.60769,31.357016,26.850151,27.047134,22.076492,22.196392,19.216105,17.304628,17.316307,17.06839,20.504707,23.904684,21.809658,24.16966,26.839388,25.86318
36,34.31297,32.81021,29.697195,26.480053,25.967392,22.568619,23.350918,20.208729,18.589788,19.374624,13.9861145,18.278496,15.163777,11.841623,15.210945,12.846239,14.894736,15.132963,17.888008,20.911615,20.591883,26.329054,25.82641,24.114073,28.568624,30.506123,30.991074,26.246311,25.208181,21.395561,19.856863,15.127245,10.779042,8.335562,6.0782,4.582624,0.0,4.0176525,5.53691,9.946396,11.00587,15.517157,15.612,21.651772,23.725645,25.886225,29.472797,29.863094,33.94099,36.345825,37.05094,32.08814,38.308147,36.64871,33.502796,31.650646,26.978003,26.621466,25.382092,26.392368,25.433823,29.437101,30.55376,34.626373,37.259586,40.730957,43.59879,43.982834,40.480164,37.776768,34.611668,32.228466,27.680658,26.851046,22.893864,22.521994,20.651794,18.29004,19.378773,18.60154,13.722869,14.631098,13.450775,14.845181,16.944614,16.233747,22.203253,22.483328,26.370214,28.284767,32.230663,34.785152,37.79602,35.49276,33.740467,32.82031,27.900612,29.057476,24.0141,24.759977,21.99657,20.861362,21.312422,21.207348,24.558071,27.880774,25.144047,27.4674,29.68756,28.414925
