,0,1,2,3,4,5,6,7,8,9,10,11,12,13,14,15,16,17,18,19,20,21,22,23,24,25,26,27,28,29,30,31,32,33,34,35,36,37,38,39,40,41,42,43,44,45,46,47,48,49,50,51,52,53,54,55,56,57,58,59,60,61,62,63,64,65,66,67,68,69,70,71,72,73,74,75,76,77,78,79,80,81,82,83,84,85,86,87,88,89,90,91,92,93,94,95,96,97,98,99,100,101,102,103,104,105,106,107,108,109
0,0.0,4.1804852,5.9708447,9.485774,11.647964,13.581218,16.985693,19.806572,23.229727,24.932661,28.665735,30.35384,33.676834,32.363503,34.365204,30.282722,29.788914,29.527336,27.604166,30.847391,29.54294,31.112688,33.19653,34.413128,35.968254,35.02995,36.4258,37.20598,35.578564,39.78868,34.5058,41.232986,37.67463,39.633003,36.62131,33.09668,31.932188,33.770264,30.868994,28.165127,28.076696,29.23398,26.700792,23.020958,25.247978,25.579193,19.566875,19.162645,21.609879,23.30274,27.362774,23.335217,27.094027,29.74123,30.244722,32.429806,30.34076,34.293674,36.17043,32.898163,34.16869,38.405914,41.85462,42.38763,38.16032,37.343235,42.5336,42.28154,37.638355,40.175735,43.3857,41.270695,37.64317,40.47683,36.173107,37.734188,34.070885,30.271173,28.72351,24.380499,21.511078,18.007671,18.07859,21.881933,25.47828,26.021383,30.5316,34.340786,37.699604,41.361794,42.428993,41.07052,42.79006,42.01832,40.48992,40.58958,37.40602,32.30172,31.96064,26.437986,27.030077,22.367878,19.387781,22.396297,25.06799,28.483034,29.909664,33.692566,35.664295,39.79478
1,4.1804852,0.0,5.1506443,6.419447,8.648814,11.8223915,14.013664,17.857723,20.71943,22.91944,26.564354,28.344172,31.389032,29.901964,31.268847,27.117933,26.338486,25.888615,23.718155,26.828306,25.39426,26.950123,29.027502,30.288383,31.895786,31.075802,32.605797,33.56802,32.11718,36.451794,31.454542,38.340797,35.267128,37.303818,33.952976,30.35884,29.644735,31.478233,28.132534,25.427887,25.95465,26.623985,23.719696,20.508537,23.148062,22.724964,16.43827,16.937613,19.512398,21.646133,25.146894,20.615225,25.031898,27.663616,27.599945,29.351357,27.19473,30.982092,33.217773,30.325567,31.074408,35.40933,38.85348,39.696926,35.616974,34.539047,39.546356,39.227757,34.44419,36.824924,39.95238,37.807323,34.093822,36.70325,32.51593,33.909897,30.219238,26.60828,24.827126,20.714855,17.5992,14.058157,14.092789,17.984468,21.800262,22.00428,26.767878,30.350534,33.746822,37.373802,38.431767,37.02891,38.70512,37.89554,36.47247,36.66777,33.568146,28.447971,28.398016,22.746214,23.72129,19.231705,16.503632,19.897646,22.233877,26.17088,26.877596,30.915895,32.60749,36.809364
2,5.9708447,5.1506443,0.0,5.335592,6.469617,7.813595,11.474634,13.838164,17.389376,18.967997,22.705715,24.400942,27.729958,26.50396,28.797,24.742315,24.594702,24.57762,23.31017,26.801731,26.22967,28.115595,30.68021,30.862211,32.073357,30.765408,31.741669,32.176716,30.320808,34.354202,28.914654,35.54481,31.763218,33.84884,31.01766,27.392426,26.143698,28.301687,25.523746,22.612226,22.624304,24.433332,21.739983,17.789267,20.509129,21.603374,15.266593,14.748559,18.151445,19.342718,23.375135,20.339876,24.28004,26.296011,27.0164,29.030241,26.31678,30.351488,32.53173,28.777458,29.486595,34.038643,37.216675,37.848476,33.351986,32.26329,37.479977,36.999058,32.53299,35.554363,38.466343,36.171608,32.889053,36.208027,31.937796,34.070045,30.56143,26.605331,25.776155,21.143011,18.478891,15.756904,14.460311,17.888565,21.033218,22.326878,26.129923,30.510681,33.524097,37.32266,38.209366,36.997593,39.003296,38.622726,37.010025,36.666584,33.366196,29.033232,27.91527,23.073774,22.654112,18.278086,15.216603,17.61146,20.29223,23.14135,24.666775,28.34862,30.252268,34.337624
3,9.485774,6.419447,5.335592,0.0,3.826175,6.4542146,8.316332,12.469524,14.731633,17.526337,20.797327,22.97989,25.773676,24.55612,25.865131,21.335207,21.110504,20.35996,19.36815,22.163042,21.55014,23.71915,25.9153,26.107548,27.55244,26.598299,27.37628,28.265322,26.367044,30.726896,25.337952,32.139545,29.233953,31.03019,27.583776,24.102564,23.410444,25.099365,21.719131,19.070179,19.644836,20.332197,17.384579,14.107294,17.007504,16.893566,10.369114,10.944437,14.201124,16.130373,19.377054,15.60612,20.206095,22.301975,22.360863,24.026379,21.395475,25.313467,27.677124,24.412298,24.89527,29.381126,32.69041,33.547714,29.339191,28.171368,33.228115,32.908127,28.196875,30.798286,33.904186,31.811003,28.183416,31.216383,26.89968,28.841967,25.30064,21.354683,20.472872,15.816183,13.2039,10.687149,9.513013,12.901668,16.121826,17.3203,21.232508,25.474392,28.666632,32.40193,33.5462,32.542137,34.68238,34.345764,33.192623,33.000397,29.914648,25.846493,25.239428,20.372177,20.459229,16.687042,14.210463,16.931408,18.912844,22.261831,22.436306,26.557997,27.756329,31.958494
4,11.647964,8.648814,6.469617,3.826175,0.0,5.4309206,5.42971,9.77651,12.237416,14.600192,18.172571,19.963041,22.82519,21.334063,22.79618,18.654938,18.243242,18.171453,16.953743,20.513506,20.312243,22.352514,25.252329,24.770197,25.786388,24.364246,25.298918,25.748222,24.032665,28.153803,23.07044,29.930088,26.73573,29.071028,25.8437,22.000763,21.459217,23.863861,20.459072,17.358696,18.557348,20.033987,16.597338,13.32521,17.108255,17.507658,10.654812,11.754594,15.8175745,17.258026,20.215761,17.238201,22.038101,23.579876,23.58578,24.794598,21.595661,25.369917,28.269348,24.840027,24.329077,29.225204,32.19959,33.35839,28.945774,27.269474,32.203503,31.45248,26.883978,30.007055,32.573376,30.081295,26.913502,30.219097,26.175093,28.429558,25.013447,21.303658,20.646978,16.313736,13.522043,11.717101,8.896227,11.960648,15.064018,16.412815,20.045694,24.47884,27.283735,31.123701,31.845707,30.629032,32.73073,32.53383,30.981466,30.486496,27.22364,23.399559,22.150532,17.688461,17.062096,13.266467,10.696299,13.134841,15.186453,18.489485,18.903313,22.928915,24.382591,28.564209
5,13.581218,11.8223915,7.813595,6.4542146,5.4309206,0.0,6.118561,6.8923144,10.100169,12.120187,15.371811,17.61296,20.729197,20.002163,22.618174,18.228662,19.119167,18.973423,19.567057,22.661737,23.333958,25.846588,28.564177,27.271389,28.110043,26.522465,26.398424,26.512596,23.996243,27.845387,21.805159,28.149822,24.279194,26.091764,23.3861,19.898819,18.391659,20.57054,18.083027,15.138361,14.905781,17.484064,14.943638,10.503542,13.6305065,16.066744,10.178521,8.9395685,13.48141,13.68474,17.452436,16.374268,19.996065,20.969698,22.133604,24.031786,20.626417,24.736944,26.996786,22.54882,22.832664,27.572308,30.403545,30.979643,26.200947,24.977636,30.275751,29.71096,25.537365,29.062857,31.786806,29.516684,26.602629,30.616066,26.307484,29.276274,26.143991,21.9037,22.47573,17.485653,15.855444,14.857839,12.119604,14.123922,15.844689,18.666313,20.802193,26.0453,28.558758,32.42783,33.317703,32.64162,35.209843,35.4817,34.148926,33.232582,29.984316,27.200262,25.210213,21.742168,19.9228,16.766985,14.241508,15.1786175,17.32825,18.829098,19.946337,23.470795,24.788548,28.755796
6,16.985693,14.013664,11.474634,8.316332,5.42971,6.118561,0.0,6.1809373,7.1231894,10.165149,13.318813,15.307081,17.778713,16.362686,17.640774,13.310023,13.38859,13.4225645,13.49272,16.982445,17.872395,20.279982,23.485004,21.702246,22.283836,20.517513,20.775454,20.90159,18.87835,22.888084,17.671827,24.523994,21.471066,23.918901,20.65087,16.670012,16.433977,19.156233,15.618934,12.2714,14.261568,16.12791,12.311961,9.413165,14.043,14.872713,8.535006,10.2281275,14.772066,15.639946,17.72502,16.109013,20.831553,21.508165,21.452156,22.148218,18.30969,21.895748,25.207165,21.578289,20.040653,25.243341,27.833559,29.238316,24.71013,22.58369,27.377073,26.349611,21.944534,25.535244,27.702698,25.028101,22.25211,26.029842,22.14778,25.005056,21.919966,18.274391,18.602995,14.45149,12.413896,12.366279,8.121776,9.397339,11.255583,13.687768,15.970825,20.984697,23.274035,27.187725,27.736582,26.787218,29.243502,29.536522,28.084158,27.114384,23.875374,21.337015,19.33634,16.193254,14.358583,11.89754,10.194426,11.245677,12.520945,14.997537,14.6710205,18.698816,19.655384,23.805517
7,19.806572,17.857723,13.838164,12.469524,9.77651,6.8923144,6.1809373,0.0,4.8029227,5.2487245,8.891979,10.753315,14.005341,13.293372,16.811172,13.1245575,14.70714,15.675171,17.31769,20.872206,22.723295,25.208189,28.640554,25.867813,25.882107,23.56214,22.923754,22.088099,19.44638,22.566698,16.695,22.69381,18.09971,20.685812,18.64382,14.723754,13.156388,16.70911,14.695855,11.118486,11.757142,16.143835,13.327116,9.356668,13.497414,17.043917,12.206143,11.655076,16.501001,15.699025,18.356697,19.182598,22.596941,22.373913,23.552162,24.69025,20.473782,24.129808,26.993593,22.239607,20.85344,26.026144,28.052683,28.99154,23.922451,21.899067,26.880377,25.604391,22.034426,26.550737,28.271803,25.482471,23.648531,28.324278,24.566435,28.270437,25.663525,21.862137,23.340073,19.02292,17.86437,18.232388,14.131286,14.610819,14.950323,18.511663,19.025318,24.657507,26.217842,30.100716,30.381464,29.758188,32.502373,33.310505,31.647621,30.02013,26.695158,25.326,22.033623,20.33122,16.736744,14.876968,13.075542,11.946561,13.568071,13.192509,14.7358265,17.59464,18.94845,22.644474
8,23.229727,20.71943,17.389376,14.731633,12.237416,10.100169,7.1231894,4.8029227,0.0,4.8293133,6.4660387,9.212969,11.29784,10.770652,13.159586,8.798704,11.127249,11.594611,14.655701,17.404865,19.931158,22.666014,25.909388,22.424244,22.277554,20.023643,18.682129,17.906158,14.903926,18.179419,12.04045,18.296509,14.549469,16.978354,14.298725,10.243489,9.487861,13.021118,10.372721,6.5960174,8.799579,12.674415,9.5079155,6.871329,11.486979,14.436063,10.809165,11.2309475,15.606477,14.88453,16.148815,17.549147,20.995058,20.245173,20.919933,21.420532,16.929487,20.210342,23.421425,18.96444,16.56491,21.88365,23.677273,24.963667,20.037941,17.562565,22.331825,20.941442,17.307678,21.944376,23.483027,20.690516,18.955648,23.795694,20.19696,24.174055,21.882866,18.312609,20.430607,16.59435,16.14028,17.592007,13.350317,12.484404,11.541525,15.67453,14.954535,20.758993,21.979542,25.798521,26.129217,25.852547,28.870554,29.990597,28.726347,26.959589,23.891785,23.508318,20.30054,19.42347,15.809496,15.274182,14.440055,13.187495,13.624702,13.155374,12.803742,15.823634,16.091183,19.777443
9,24.932661,22.91944,18.967997,17.526337,14.600192,12.120187,10.165149,5.2487245,4.8293133,0.0,4.3291993,5.5100126,8.886606,8.411866,13.088268,10.500907,12.900378,14.762518,17.402885,20.891829,23.602499,25.999477,29.739834,25.918081,25.28187,22.487972,21.274645,19.594805,16.852983,19.056665,13.524967,18.794334,13.495649,16.810406,15.596511,11.534893,9.972993,14.671994,13.420075,9.825483,11.139556,16.480158,13.908295,11.112333,15.063971,19.02539,15.450114,15.206961,19.7201,18.379438,20.10524,22.158531,25.20267,24.188286,25.364054,25.961647,21.411308,24.519518,27.643555,22.854286,20.300375,25.509077,26.781229,27.94632,22.842295,20.265646,24.752853,22.902893,20.090435,25.277573,26.094208,22.977324,22.209826,27.296976,24.126451,28.298475,26.232399,22.914858,25.046938,21.383654,20.69812,21.860722,17.397831,16.85576,16.07621,19.924109,19.018148,24.654066,25.353958,29.090681,28.901697,28.429296,31.299595,32.57224,30.767586,28.577446,25.33921,25.330534,21.144703,21.07502,16.326685,15.889888,14.939428,12.344323,13.092512,10.533789,12.263187,14.081573,15.255156,18.49444
10,28.665735,26.564354,22.705715,20.797327,18.172571,15.371811,13.318813,8.891979,6.4660387,4.3291993,0.0,3.8469164,5.802819,6.898066,11.684292,9.394025,12.9779,14.480671,18.541815,21.1084,24.43717,27.02062,30.473606,25.995604,25.13707,22.395832,20.205177,18.274866,14.98563,16.59573,10.66582,15.009844,9.383545,12.512731,11.801005,8.125697,6.120947,11.280562,10.968713,8.022701,9.189621,14.892712,13.084318,11.287871,14.444641,18.767195,16.729874,16.331427,20.265865,18.451761,19.330214,22.598928,24.986935,23.287825,24.613693,24.984804,20.378538,23.085268,26.02857,21.140339,18.16315,23.101496,23.844006,24.938938,19.859436,17.15271,21.369997,19.389933,17.235905,22.73911,23.20516,20.233698,20.080381,25.510918,22.60623,27.178545,25.614006,22.481161,25.397636,22.042316,22.117216,23.933117,19.645977,18.303827,16.422646,20.742805,18.450212,24.137459,24.305685,27.82169,27.658957,27.706278,30.87434,32.56216,31.131912,28.687172,25.762703,26.862804,22.609974,23.408043,18.568293,19.063862,18.60423,15.883723,15.950619,12.686348,13.361205,14.4884405,14.626284,17.308907
11,30.35384,28.344172,24.400942,22.97989,19.963041,17.61296,15.307081,10.753315,9.212969,5.5100126,3.8469164,0.0,4.0789676,4.649505,11.007127,10.54301,13.501135,16.06057,19.420732,22.599903,25.975313,28.200268,32.102356,27.411085,26.148083,22.99444,21.20112,18.62186,15.957589,16.71132,12.168358,15.771818,9.521063,13.805712,14.028045,10.410001,9.077212,14.444156,14.34048,11.440878,12.991436,18.601873,16.56615,14.922381,18.276497,22.398226,19.92588,19.803793,23.930563,22.197233,23.163286,26.172745,28.785213,27.124523,28.3208,28.463976,23.81176,26.282936,29.491047,24.810774,21.33305,26.275173,26.681467,28.00125,23.067602,20.078869,23.758377,21.312675,19.63183,25.30042,25.063044,21.714193,22.251595,27.56907,25.138083,29.629442,28.168022,25.409388,28.055504,25.032948,24.747952,26.440819,21.867868,20.657085,19.06319,22.919971,20.78855,26.127108,25.917315,29.349846,28.662539,28.386435,31.306295,33.04469,31.1383,28.403273,25.386879,26.792564,21.89718,23.419994,17.921238,18.767624,18.522936,15.039788,14.955137,10.361671,12.117215,12.13487,12.945285,15.186506
12,33.676834,31.389032,27.729958,25.773676,22.82519,20.729197,17.778713,14.005341,11.29784,8.886606,5.802819,4.0789676,0.0,3.486607,8.757437,9.450231,12.802421,15.258326,19.383718,21.84354,25.6801,27.88011,31.627348,26.361315,24.77823,21.620201,19.200514,16.263985,13.543358,13.413507,9.624673,12.105231,6.0016603,11.008532,11.597835,8.449731,8.249289,13.405149,13.542978,11.368786,13.58596,18.480904,16.691763,16.236443,19.278133,22.88006,21.350496,21.647493,25.340626,23.649137,23.719175,27.098549,29.549587,27.51112,28.380886,28.003437,23.382341,25.251177,28.593445,24.340157,20.025667,24.710295,24.554653,26.16768,21.588566,18.2031,21.142828,18.31701,17.295692,23.079212,22.153788,18.725342,20.057583,25.386024,23.513176,28.123222,27.143522,24.88057,27.901155,25.485052,25.62632,27.85802,23.358006,21.493973,19.197165,23.013222,19.901873,24.89131,24.068825,27.215595,26.332928,26.36178,29.403477,31.48567,29.82815,26.857946,24.182886,26.661665,21.771208,24.192059,18.756243,20.553545,20.88508,17.460207,16.629248,12.124845,12.249733,11.637314,11.169412,12.7388115
13,32.363503,29.901964,26.50396,24.55612,21.334063,20.002163,16.362686,13.293372,10.770652,8.411866,6.898066,4.649505,3.486607,0.0,6.735215,8.138675,10.48784,13.74116,16.913126,20.03008,23.661543,25.578506,29.684235,24.560472,22.861988,19.459137,17.811136,14.746549,12.741881,12.94554,10.093393,13.753281,8.878285,13.994993,13.6856985,9.866117,10.513799,15.693806,14.749556,12.022523,15.1565275,19.566572,16.989101,16.563406,20.305746,23.185806,20.839525,21.770351,25.731379,24.544905,24.724455,27.15278,30.270779,28.63195,29.032383,28.41886,23.756012,25.630268,29.433035,25.56649,20.894876,25.899351,26.008207,28.002522,23.529373,19.888605,22.791815,19.849987,18.245932,23.844288,22.851126,19.06705,20.15834,25.14281,23.378653,27.66204,26.458345,24.41879,26.868124,24.699741,24.351593,26.42834,21.724487,20.013544,18.213873,21.472603,19.032095,23.746546,23.012917,26.27638,25.111277,24.63535,27.403936,29.27986,27.244488,24.286623,21.403942,23.618774,18.515116,21.081427,15.452935,17.474514,18.069788,14.523744,13.391219,8.993151,8.859868,8.3211565,8.390738,10.634817
14,34.365204,31.268847,28.797,25.865131,22.79618,22.618174,17.640774,16.811172,13.159586,13.088268,11.684292,11.007127,8.757437,6.735215,0.0,5.538101,6.3081474,9.591567,12.893885,15.041753,19.053095,20.700514,24.679546,18.992481,16.845901,13.384599,11.598588,8.136582,7.1761565,7.359755,7.570419,11.78973,10.845943,15.279965,13.379991,9.905957,12.94583,16.89945,14.565356,12.540465,17.25358,19.439405,16.342775,17.742184,21.597004,22.462942,20.728357,23.00225,26.376902,26.02408,25.018896,26.523245,30.17186,28.649784,27.850765,26.182993,21.763706,22.699968,27.20065,24.717846,18.702251,23.568478,23.496527,26.39412,22.779177,18.519732,20.361847,17.12486,15.204141,20.168129,18.472721,14.26945,15.661976,19.905334,19.029085,22.83955,22.024935,21.073763,23.264761,22.431168,22.262892,24.98019,20.538658,17.98232,15.729767,18.018194,14.982325,18.57848,17.189178,20.207363,18.628103,18.063795,20.839638,22.931005,21.1961,18.147814,15.663272,19.129225,14.608432,18.192888,13.51334,16.989315,18.625006,16.020273,13.669041,11.796309,7.407558,7.8249655,4.5338397,7.450662
15,30.282722,27.117933,24.742315,21.335207,18.654938,18.228662,13.310023,13.1245575,8.798704,10.500907,9.394025,10.54301,9.450231,8.138675,5.538101,0.0,4.5013065,5.8089533,10.721366,12.437287,16.33191,18.72769,22.214563,17.072992,15.867759,13.116533,10.931945,9.306076,6.491543,9.672755,5.5644975,12.33921,11.282612,14.540604,11.196101,7.03225,10.036193,13.464207,10.058717,7.619377,12.801524,14.417535,10.940442,12.433819,16.409128,17.012774,15.296514,17.622078,20.872868,20.718285,19.731394,21.020061,24.74013,23.426294,22.64595,21.31466,16.771624,18.314396,22.69741,19.91281,14.468694,19.759674,20.502365,23.112602,19.15188,15.209155,18.213606,15.758735,12.480572,17.367767,17.194664,13.528533,13.100282,17.78751,15.6592865,19.710125,18.34222,16.508165,18.941866,17.372208,17.444557,20.246387,15.971602,13.270696,10.697283,13.883279,10.903928,15.732762,15.451675,19.003517,18.52081,18.330988,21.506165,23.24819,22.146843,19.828342,17.226862,19.183235,15.725369,17.323103,13.532992,15.811419,16.843208,15.1480875,13.468686,12.945726,8.898062,11.503434,9.47702,12.952449
16,29.788914,26.338486,24.594702,21.110504,18.243242,19.119167,13.38859,14.70714,11.127249,12.900378,12.9779,13.501135,12.802421,10.48784,6.3081474,4.5013065,0.0,4.635643,6.823786,9.736213,13.285479,15.142911,19.246365,14.286243,12.854159,9.678773,9.315453,7.943155,7.3746114,10.74268,9.351685,15.701679,15.295065,18.84095,15.40743,11.4704895,14.483386,17.776482,13.863112,11.385728,16.665264,17.534662,13.440997,14.996121,19.39786,18.809803,16.149906,19.411083,22.717962,23.284395,22.369978,22.21166,26.723255,25.974058,24.49018,22.74766,18.488092,19.771048,24.637653,22.676304,17.059402,22.290636,23.256529,26.265547,22.713755,18.728796,21.295874,18.824772,15.26729,19.322449,18.95549,15.100542,14.366161,17.945257,16.276926,19.43454,17.800201,16.666098,17.915941,17.146599,16.419893,19.034147,14.670363,12.108713,10.607417,12.12054,10.629578,14.3264675,14.182826,17.786156,16.830254,15.728857,18.419462,19.787867,18.19753,16.0209,13.130657,14.70219,11.36462,13.15958,9.807348,12.799442,14.535088,13.365069,11.021312,12.267125,6.680586,10.294238,8.454906,12.418726
17,29.527336,25.888615,24.57762,20.35996,18.171453,18.973423,13.4225645,15.675171,11.594611,14.762518,14.480671,16.06057,15.258326,13.74116,9.591567,5.8089533,4.635643,0.0,6.676956,6.7461634,10.706433,13.3644905,16.469833,11.520557,10.9023,8.977099,7.440825,8.1678915,6.6193566,11.3734255,8.98749,15.588611,16.461458,18.792097,14.352536,11.09573,14.404861,16.361458,11.692884,10.057953,15.393658,14.520033,10.404977,13.188379,17.07026,15.191611,13.5735,17.297276,19.83785,20.826881,19.156754,18.628128,23.130548,22.452864,20.414501,18.327557,14.257611,15.319917,20.321707,18.971462,13.297924,18.419682,19.806038,22.909262,19.739994,15.963548,18.59503,16.749937,12.400194,15.654592,16.184578,12.929241,10.796641,14.197176,11.937288,15.086892,13.30775,12.076289,13.70611,13.217173,13.236177,16.509314,12.838587,9.405685,6.764493,8.596558,6.004796,10.331586,10.845342,14.69529,14.719604,14.330187,17.497078,18.826998,18.360159,16.83506,14.546725,15.791743,14.146216,14.714073,13.077523,15.340909,16.761215,16.559454,14.63662,16.471079,11.242896,14.890623,12.61311,16.194387
18,27.604166,23.718155,23.31017,19.36815,16.953743,19.567057,13.49272,17.31769,14.655701,17.402885,18.541815,19.420732,19.383718,16.913126,12.893885,10.721366,6.823786,6.676956,0.0,5.965847,7.503355,8.911808,13.51407,10.097015,9.666157,7.5624404,10.242307,11.173685,12.024862,15.975118,15.182969,21.62755,21.92722,24.98719,20.868954,17.221943,20.078512,22.599823,17.87592,15.614847,20.665781,20.005846,15.465216,17.153028,21.585697,19.044277,15.517025,19.948673,22.809254,24.556501,23.647282,21.207302,26.660635,26.889051,24.408506,22.353273,18.845922,20.005714,25.106806,24.298717,19.290552,24.21899,25.942495,29.12874,26.107944,22.522404,25.0561,23.20443,18.888166,21.409483,21.847166,18.559813,16.387606,18.208921,16.466644,17.998299,15.617621,15.091981,14.265309,14.51801,12.692065,14.930375,11.215589,9.03797,9.635539,8.031976,10.090074,11.924893,13.17283,16.735159,16.15615,14.116422,16.002308,16.215084,14.669709,13.856797,10.976352,9.689708,9.135434,8.273733,8.658594,10.906357,13.04835,14.023027,11.800041,16.012545,10.650182,14.953917,13.857616,17.692469
19,30.847391,26.828306,26.801731,22.163042,20.513506,22.661737,16.982445,20.872206,17.404865,20.891829,21.1084,22.599903,21.84354,20.03008,15.041753,12.437287,9.736213,6.7461634,5.965847,0.0,4.5665812,7.163814,9.848685,5.0452237,5.6069016,5.9209423,7.208149,10.29224,11.046161,15.351388,15.042508,20.795845,22.869787,24.872465,20.110424,17.497906,20.921598,22.132685,17.160204,16.134708,21.144356,18.670458,14.70292,17.925045,21.41964,17.418568,15.938517,20.636251,22.339663,24.398134,22.255867,19.696712,24.810791,24.888247,21.54346,18.588121,15.7438545,15.80491,21.09911,21.64005,16.245182,20.416945,22.145262,25.66866,23.574116,20.13374,21.889166,20.531113,16.060715,17.16006,17.90197,15.346808,12.3321905,12.8716545,11.500668,12.247331,10.155786,10.919956,10.267038,12.337105,11.927699,15.274035,12.965883,9.595752,8.537348,5.953331,6.3069215,6.0101843,7.7356687,11.289962,11.634837,10.475377,13.036256,13.529456,13.905269,13.699253,12.203576,12.476924,13.618755,13.240259,14.502674,16.781807,18.694252,19.786018,17.6325,21.16193,15.401889,19.23096,16.937748,20.214493
20,29.54294,25.39426,26.22967,21.55014,20.312243,23.333958,17.872395,22.723295,19.931158,23.602499,24.43717,25.975313,25.6801,23.661543,19.053095,16.33191,13.285479,10.706433,7.503355,4.5665812,0.0,3.590198,6.203799,5.0552764,7.294979,8.735507,11.463045,14.570572,15.595897,19.846516,19.39256,25.323938,27.129877,29.139677,24.28328,21.564003,24.66721,25.79001,20.66142,19.484568,24.162125,21.347914,17.325523,20.076262,23.535643,18.787771,16.63931,21.672728,23.115736,25.805342,23.968443,19.972462,25.542812,26.335136,22.593191,19.759409,17.61589,17.824808,22.838093,23.874384,19.38664,23.24583,25.433908,28.79777,26.877653,23.825405,25.754381,24.735426,20.087904,20.53357,21.791613,19.618347,16.174057,15.764824,14.294868,13.687544,11.020507,12.015996,9.215299,12.045917,10.698579,13.369415,12.09494,9.642084,10.428237,5.7545547,9.525874,7.865021,10.687976,13.542533,14.196685,12.483006,13.986931,13.31763,13.795198,14.740255,13.421034,11.454746,14.401282,12.29134,15.446381,16.909628,18.72663,20.789482,18.911657,23.486526,18.086967,22.206778,20.481747,23.88926
21,31.112688,26.950123,28.115595,23.71915,22.352514,25.846588,20.279982,25.208189,22.666014,25.999477,27.02062,28.200268,27.88011,25.578506,20.700514,18.72769,15.142911,13.3644905,8.911808,7.163814,3.590198,0.0,5.406517,5.844919,7.496275,9.062751,13.067753,15.910673,17.757975,21.546488,22.00195,27.722504,29.590965,31.931505,27.241447,24.417025,27.629894,29.044312,23.971104,22.63996,27.456564,24.889107,20.80188,23.376343,27.009962,22.338425,19.864847,24.91545,26.486118,29.240492,27.535664,23.321827,28.976967,29.883583,26.057196,23.133186,21.159607,21.15854,26.170357,27.430906,22.785847,26.53331,28.535856,32.05649,30.270458,27.082844,28.704569,27.48263,23.070696,23.438856,24.21208,21.904823,18.932821,17.988117,17.242287,16.119139,13.838446,15.420079,12.22057,15.368004,13.621166,15.670824,14.536035,12.683669,13.894562,9.217665,12.872554,10.362795,12.468985,14.70808,14.720638,12.197069,12.655995,11.220635,11.335937,12.984541,11.986496,9.213256,13.462336,11.420755,15.566453,17.270939,19.443964,21.66346,19.580175,24.557108,19.085756,22.989815,21.430386,24.62059
22,33.19653,29.027502,30.68021,25.9153,25.252329,28.564177,23.485004,28.640554,25.909388,29.739834,30.473606,32.102356,31.627348,29.684235,24.679546,22.214563,19.246365,16.469833,13.51407,9.848685,6.203799,5.406517,0.0,6.540401,9.576319,12.640457,15.3928795,19.029968,20.491367,24.396019,24.662893,29.988037,32.62807,34.23006,29.19448,26.992945,30.238163,30.760466,25.646246,24.995129,29.43987,25.698706,22.184666,25.28592,28.162542,22.447369,21.180521,26.223633,26.820814,29.965069,27.658468,22.864222,28.182013,29.331783,24.858173,21.544878,20.655468,19.983356,24.562227,26.997585,22.947842,25.769463,27.998014,31.460434,30.444757,27.743689,28.976835,28.38137,23.94474,22.996714,24.375349,22.964287,19.346975,17.088737,16.538317,13.934926,11.845737,14.409709,10.421623,15.003147,14.111263,16.319462,16.675848,14.707783,15.536308,10.653883,13.940064,9.815742,12.577199,13.886877,15.059237,13.486505,13.893064,12.221361,14.217858,16.486582,16.3995,14.290141,18.81243,16.60483,20.839012,22.207684,24.052145,26.521427,24.644558,29.484465,23.969002,27.889748,25.946167,28.99701
23,34.413128,30.288383,30.862211,26.107548,24.770197,27.271389,21.702246,25.867813,22.424244,25.918081,25.995604,27.411085,26.361315,24.560472,18.992481,17.072992,14.286243,11.520557,10.097015,5.0452237,5.0552764,5.844919,6.540401,0.0,3.481939,6.868062,8.913884,12.657471,14.34588,17.971579,18.97823,23.860697,26.922028,28.632883,23.808254,21.74746,25.411324,26.150486,21.25505,20.73856,25.635426,22.39361,18.863098,22.478243,25.54232,20.707237,19.959812,24.792162,25.87912,28.277079,25.63532,22.523802,27.49593,27.739021,23.714571,20.12612,18.26007,17.301683,22.46572,24.319653,18.945747,22.163862,23.71946,27.529709,26.328083,23.045336,23.875378,22.749187,18.65154,18.380621,18.838411,16.904291,13.988179,12.334627,12.3953705,11.161462,9.804497,12.551814,10.880799,14.8063135,14.654461,17.862068,16.628181,13.552512,12.77011,9.181937,9.676567,5.396815,6.779495,8.9014845,9.422926,8.00229,9.844093,9.788954,11.638024,12.541622,12.363856,12.948355,15.762394,15.588555,18.048454,20.540972,22.703556,24.10343,21.77329,25.58337,19.568502,23.062195,20.476528,23.234951
24,35.968254,31.895786,32.073357,27.55244,25.786388,28.110043,22.283836,25.882107,22.277554,25.28187,25.13707,26.148083,24.77823,22.861988,16.845901,15.867759,12.854159,10.9023,9.666157,5.6069016,7.294979,7.496275,9.576319,3.481939,0.0,3.9739099,6.72922,10.01279,12.547104,15.553289,17.679289,22.151812,25.339457,27.420616,22.943151,20.819538,24.717323,25.885592,21.243206,20.5938,25.77078,23.186043,19.600471,23.179686,26.49268,22.377861,21.49922,26.15521,27.654156,29.661043,27.080341,24.722786,29.568106,29.441448,25.753826,22.182459,19.856113,18.854471,24.151634,25.59763,19.568382,22.992393,24.01883,28.01151,26.67622,23.000395,23.488867,21.841301,18.206364,18.55895,18.039007,15.557201,13.700653,12.506048,13.302936,12.885742,12.144055,14.718815,13.876348,17.23946,17.027617,20.241495,18.283766,15.122819,13.965776,11.17941,10.549022,7.166642,6.4758863,8.521967,7.5349097,5.2447734,7.459191,8.245825,9.497503,9.609996,9.571621,11.888452,13.904103,15.168107,16.839289,20.070395,22.542011,23.364603,20.696629,24.038252,17.768814,20.79739,17.944584,20.361473
25,35.02995,31.075802,30.765408,26.598299,24.364246,26.522465,20.517513,23.56214,20.023643,22.487972,22.395832,22.99444,21.620201,19.459137,13.384599,13.116533,9.678773,8.977099,7.5624404,5.9209423,8.735507,9.062751,12.640457,6.868062,3.9739099,0.0,5.4684386,7.2598257,10.332053,13.074544,15.49364,20.181536,22.684423,25.38567,21.313082,18.720478,22.580463,24.477417,20.04594,18.897724,24.273531,22.729757,18.885765,21.999426,25.751347,22.616484,21.073849,25.490948,27.623798,29.23318,27.103027,25.348707,30.236149,29.894442,26.782572,23.612482,20.604277,20.158573,25.526236,26.026602,19.7339,23.767172,24.578243,28.477507,26.537338,22.550137,23.362886,21.19535,17.746037,19.31417,18.311451,15.058457,14.022548,14.2975235,14.721053,15.525742,14.609958,16.21854,15.933012,18.217264,17.649359,20.692007,17.848883,14.816577,13.652931,11.751823,10.849849,9.625652,8.533643,11.121331,9.3016405,6.759101,8.947864,10.1719885,9.564755,8.28194,7.056302,10.398512,10.776996,13.177757,13.671766,17.425041,20.060656,20.310648,17.43468,20.393463,14.039916,16.873487,14.08164,16.596548
26,36.4258,32.605797,31.741669,27.37628,25.298918,26.398424,20.775454,22.923754,18.682129,21.274645,20.205177,21.20112,19.200514,17.811136,11.598588,10.931945,9.315453,7.440825,10.242307,7.208149,11.463045,13.067753,15.3928795,8.913884,6.72922,5.4684386,0.0,4.245224,6.0764785,9.077796,11.450214,15.43208,18.97344,20.930115,16.722101,14.911248,19.088032,20.314028,16.228634,15.894465,21.114737,19.245703,16.092308,19.904032,23.013418,20.246935,20.150473,24.036175,25.802628,26.905884,24.163454,23.728876,27.82071,26.818844,23.96143,20.656794,17.4894,16.601542,21.836285,22.238018,15.404413,19.189857,19.52065,23.503855,21.762388,17.64978,18.006231,15.7839,12.5963545,14.334461,12.958869,9.604218,8.986269,10.213302,10.845678,12.894452,12.770349,14.178855,15.656555,17.53831,18.142183,21.787912,18.947197,15.279941,12.508108,12.377036,8.489427,8.366928,5.8824353,8.819592,7.65271,7.7341104,11.406686,13.661511,14.203356,12.473311,11.719998,15.721905,15.042269,17.532999,16.755993,20.339634,22.534983,22.200209,19.544966,21.149256,14.984439,17.384571,13.749872,15.908621
27,37.20598,33.56802,32.176716,28.265322,25.748222,26.512596,20.90159,22.088099,17.906158,19.594805,18.274866,18.62186,16.263985,14.746549,8.136582,9.306076,7.943155,8.1678915,11.173685,10.29224,14.570572,15.910673,19.029968,12.657471,10.01279,7.2598257,4.245224,0.0,4.4673266,5.820376,9.806162,13.291957,16.290205,19.022507,15.628869,13.506906,17.676094,19.752884,16.305883,15.55247,20.809572,20.264791,17.140184,20.360878,23.750837,22.208271,21.64217,25.076742,27.40951,27.984404,25.673855,26.037703,29.970306,28.667608,26.460545,23.562365,19.924322,19.46064,24.506678,24.023037,17.070028,21.156958,21.003271,24.811676,22.583572,18.184574,18.566822,15.634546,13.282143,16.321218,14.071282,9.9613695,11.118155,13.507965,14.104185,16.835508,16.730885,17.509953,19.289284,20.395855,20.719181,24.120377,20.618404,17.222265,14.525109,15.183713,11.390821,12.517974,10.009923,12.504166,10.516559,10.193426,13.369219,15.868228,15.341989,12.653884,11.425487,16.32624,14.072795,17.774649,15.605399,19.663488,21.940212,20.77053,17.941324,18.496475,12.457703,13.987234,9.966725,11.744354
28,35.578564,32.11718,30.320808,26.367044,24.032665,23.996243,18.87835,19.44638,14.903926,16.852983,14.98563,15.957589,13.543358,12.741881,7.1761565,6.491543,7.3746114,6.6193566,12.024862,11.046161,15.595897,17.757975,20.491367,14.34588,12.547104,10.332053,6.0764785,4.4673266,0.0,4.970099,5.5657754,10.062067,12.902291,15.107967,11.302231,9.256767,13.526111,15.297065,11.961096,11.526537,16.608294,16.187225,13.442971,16.768085,19.797676,18.88443,18.931433,21.813086,24.047344,24.2174,21.844252,23.109056,26.540312,24.906128,23.195957,20.691067,16.729488,16.652035,21.394266,20.187216,13.3262,17.715143,17.6339,21.122097,18.437681,14.021445,15.076152,12.229652,9.48812,13.53093,11.971876,7.867343,8.661639,12.756136,12.212195,16.044266,15.804997,15.570783,18.35317,18.519243,19.383257,22.917711,19.384819,15.857261,12.403332,14.51669,9.648511,12.624635,10.781985,13.710887,12.92202,13.539484,17.111038,19.50201,19.329285,16.911636,15.384049,19.246723,16.758064,19.488764,16.820553,20.1467,21.848257,20.531843,18.20647,18.08965,12.780093,14.5573015,10.789528,12.953334
29,39.78868,36.451794,34.354202,30.726896,28.153803,27.845387,22.888084,22.566698,18.179419,19.056665,16.59573,16.71132,13.413507,12.94554,7.359755,9.672755,10.74268,11.3734255,15.975118,15.351388,19.846516,21.546488,24.396019,17.971579,15.553289,13.074544,9.077796,5.820376,4.970099,0.0,7.3726625,8.068464,11.877394,14.403935,12.110218,10.977106,15.053969,17.073784,15.037604,14.86085,19.425295,19.794212,17.66054,20.699215,23.477072,23.310757,23.588324,26.068977,28.390741,28.11338,25.725586,27.742971,30.748009,28.714853,27.327839,24.789017,20.953691,20.490217,24.892075,23.635233,16.6861,20.394478,19.322407,22.801954,20.440165,15.948002,15.786093,12.190516,11.564063,15.688836,12.477504,8.217947,11.560584,15.235098,15.850064,19.564426,19.981031,20.182873,23.094852,23.453074,24.340233,27.821804,24.12937,20.726192,17.34663,19.374647,14.467243,16.656103,13.880376,15.882738,14.223321,15.004982,18.269659,21.138035,20.733002,17.709057,16.607363,21.768435,18.598106,22.587187,19.247185,23.113276,25.001913,22.987474,20.45248,19.134785,14.237123,14.408815,10.074896,10.519934
30,34.5058,31.454542,28.914654,25.337952,23.07044,21.805159,17.671827,16.695,12.04045,13.524967,10.66582,12.168358,9.624673,10.093393,7.570419,5.5644975,9.351685,8.98749,15.182969,15.042508,19.39256,22.00195,24.662893,18.97823,17.679289,15.49364,11.450214,9.806162,5.5657754,7.3726625,0.0,7.1183925,8.117248,10.043532,6.3520527,3.818174,8.130071,10.253868,7.9902334,7.6942534,12.052793,13.117313,11.236074,13.804344,16.349783,17.312914,17.750853,19.399773,21.81655,21.074982,19.104794,21.963673,24.554146,22.398674,21.86546,20.303637,15.945925,16.727064,20.617977,17.871155,11.838849,16.463491,16.29722,18.908497,15.232409,10.962478,13.265091,10.486417,8.228821,13.787685,13.017914,9.633502,10.442853,15.832912,14.166137,18.858799,18.422382,16.860735,20.493303,19.237486,20.427183,23.726664,20.01982,16.84249,13.115184,16.815111,11.875452,16.43428,15.306264,18.274305,18.087744,19.042591,22.66346,24.98434,24.672443,22.191593,20.29203,23.458612,20.285936,22.444296,18.865276,21.372948,22.355595,20.508316,18.872051,17.385212,13.705767,15.081013,12.077645,14.180898
31,41.232986,38.340797,35.54481,32.139545,29.930088,28.149822,24.523994,22.69381,18.296509,18.794334,15.009844,15.771818,12.105231,13.753281,11.78973,12.33921,15.701679,15.588611,21.62755,20.795845,25.323938,27.722504,29.988037,23.860697,22.151812,20.181536,15.43208,13.291957,10.062067,8.068464,7.1183925,0.0,7.2228856,7.1409297,6.529116,8.298067,11.179523,11.899212,12.349609,13.486839,16.123209,17.231857,16.941349,19.612703,20.95756,22.485476,24.19485,25.224192,27.093796,25.734722,23.225288,27.373508,28.855282,25.941591,25.795822,24.063555,20.288944,20.09092,23.130716,20.696388,14.82077,17.666258,15.771698,18.167528,15.469998,11.497077,11.278002,7.61281,9.4759655,14.494491,11.8504505,9.324128,12.853883,17.757614,17.460533,22.114319,22.771933,21.901264,26.077806,25.3155,27.036337,30.530653,27.04339,23.733812,19.705853,23.247702,17.542625,21.017496,18.802845,20.680796,20.209826,21.975096,25.583347,28.479744,28.535202,25.690166,24.468294,28.96331,25.579098,28.750782,24.889227,27.872032,28.989243,26.635368,24.86555,22.229145,19.035635,18.912518,15.437305,15.617322
32,37.67463,35.267128,31.763218,29.233953,26.73573,24.279194,21.471066,18.09971,14.549469,13.495649,9.383545,9.521063,6.0016603,8.878285,10.845943,11.282612,15.295065,16.461458,21.92722,22.869787,27.129877,29.590965,32.62807,26.922028,25.339457,22.684423,18.97344,16.290205,12.902291,11.877394,8.117248,7.2228856,0.0,5.44264,7.4356294,6.798859,7.17704,10.549844,12.041951,11.651257,13.2841425,17.199335,16.629938,17.380964,19.190336,22.64305,22.94273,23.060532,25.855812,23.865864,22.856155,27.338463,28.898031,26.176455,27.099558,26.448145,22.128017,23.30158,26.148249,22.136448,17.586786,21.398684,20.425476,21.889133,17.762629,14.411238,16.47814,13.582385,13.963023,19.695995,18.33818,15.525772,17.686796,23.150846,21.695553,26.581573,26.31532,24.346943,28.20762,26.1861,27.24402,30.063997,26.035707,23.50909,20.214643,24.348728,19.833378,24.545168,23.186228,25.837845,25.263649,26.192549,29.606161,32.12195,31.26184,28.27282,26.201244,29.636137,25.30014,28.020893,23.15376,25.368824,25.893185,22.890978,21.785078,17.863214,16.691217,16.13218,14.173705,14.835178
33,39.633003,37.303818,33.84884,31.03019,29.071028,26.091764,23.918901,20.685812,16.978354,16.810406,12.512731,13.805712,11.008532,13.994993,15.279965,14.540604,18.84095,18.792097,24.98719,24.872465,29.139677,31.931505,34.23006,28.632883,27.420616,25.38567,20.930115,19.022507,15.107967,14.403935,10.043532,7.1409297,5.44264,0.0,5.401709,8.047869,7.7056875,7.9454894,11.213889,12.459615,12.616052,15.617458,16.526827,17.759666,18.126673,21.761713,23.607584,23.159515,25.06202,22.684566,21.015543,26.585917,27.050726,23.77436,25.10999,24.659168,20.805895,21.676859,23.580032,19.451384,15.720668,18.436644,16.996758,17.73693,13.838437,11.259141,13.049701,10.933694,12.431328,17.64311,16.78553,15.190344,17.178865,22.642008,21.05682,26.079594,26.207022,24.099752,28.616798,26.523008,28.336983,31.381474,27.92322,25.181076,21.36726,25.862707,20.68477,25.347599,24.056099,26.373426,26.46729,28.135557,31.83492,34.471775,34.31566,31.568089,29.82145,33.29849,29.551573,31.842499,27.50805,29.492226,29.83323,27.262218,26.32365,22.870136,21.426664,21.358759,19.065685,19.70992
34,36.62131,33.952976,31.01766,27.583776,25.8437,23.3861,20.65087,18.64382,14.298725,15.596511,11.801005,14.028045,11.597835,13.6856985,13.379991,11.196101,15.40743,14.352536,20.868954,20.110424,24.28328,27.241447,29.19448,23.808254,22.943151,21.313082,16.722101,15.628869,11.302231,12.110218,6.3520527,6.529116,7.4356294,5.401709,0.0,4.5753984,6.278756,5.446349,6.561192,8.529775,9.981213,11.244943,11.794254,14.087321,14.697361,17.070467,19.267282,19.512886,21.140865,19.427383,17.095427,21.9813,22.953194,19.934286,20.503496,19.646698,15.675604,16.489317,18.8998,15.198207,10.5826235,14.004842,13.236917,14.690819,10.574734,6.9808683,9.872149,7.9532433,7.530901,13.043596,13.046341,11.402853,12.251345,17.875261,15.829421,20.884903,20.85409,18.7098,23.27175,21.381035,23.404303,26.68201,23.50928,20.478413,16.394964,20.851408,15.4776125,20.220165,19.283504,21.800014,22.342615,24.093452,27.921633,30.37156,30.575397,28.207682,26.520014,29.595106,26.563274,28.288383,24.711802,26.637321,27.092669,25.203634,24.117628,21.934744,19.402584,20.410738,17.752357,19.25724
35,33.09668,30.35884,27.392426,24.102564,22.000763,19.898819,16.670012,14.723754,10.243489,11.534893,8.125697,10.410001,8.449731,9.866117,9.905957,7.03225,11.4704895,11.09573,17.221943,17.497906,21.564003,24.417025,26.992945,21.74746,20.819538,18.720478,14.911248,13.506906,9.256767,10.977106,3.818174,8.298067,6.798859,8.047869,4.5753984,0.0,4.354594,7.002878,5.773056,5.4189434,8.683531,11.135115,9.972567,11.599423,13.705726,16.089672,16.650364,17.333464,19.853575,18.497395,17.011486,20.80261,22.830885,20.460514,20.799768,20.038647,15.566312,17.080603,20.274567,16.42936,11.631535,16.27503,16.378565,18.16227,13.726748,10.043282,13.550049,11.384388,9.301116,15.01455,15.149614,12.477602,12.686237,18.341782,15.930483,20.838848,20.126411,17.725292,21.633528,19.441406,20.746435,23.757692,20.086819,17.301815,13.699755,18.135817,13.609225,18.863165,18.315722,21.392593,21.591133,22.601326,26.240223,28.412415,28.043013,25.65671,23.521322,26.026703,22.695591,24.215714,20.383495,22.156626,22.585062,20.628654,19.583239,17.577917,15.129816,16.51665,14.313436,16.526922
36,31.932188,29.644735,26.143698,23.410444,21.459217,18.391659,16.433977,13.156388,9.487861,9.972993,6.120947,9.077212,8.249289,10.513799,12.94583,10.036193,14.483386,14.404861,20.078512,20.921598,24.66721,27.629894,30.238163,25.411324,24.717323,22.580463,19.088032,17.676094,13.526111,15.053969,8.130071,11.179523,7.17704,7.7056875,6.278756,4.354594,0.0,5.3888125,6.553052,5.8476677,6.129292,11.013339,10.755819,10.647922,12.124034,16.384464,16.750362,16.162554,18.892574,16.7299,16.191313,20.885159,22.255701,19.751518,21.182611,21.371994,16.969412,19.18608,21.576017,16.639952,13.60723,17.944672,18.283012,19.104454,14.06256,11.476961,15.740711,14.171551,12.530471,17.999266,18.722275,16.512297,16.442545,22.130484,19.242367,24.175373,23.199488,20.132584,24.064089,21.000797,22.22962,24.768896,21.138107,18.957752,15.813824,20.649094,16.799906,22.44417,22.327585,25.486845,25.865883,26.81238,30.410572,32.44881,31.899405,29.537844,27.156406,29.075346,25.492584,26.495298,22.354616,23.376287,23.214676,21.070244,20.688158,18.046413,17.086597,18.29418,16.968788,19.171406
