,0,1,2,3,4,5,6,7,8,9,10,11,12,13,14,15,16,17,18,19,20,21,22,23,24,25,26,27,28,29,30,31,32,33,34,35,36,37,38,39,40,41,42,43,44,45,46,47,48,49,50,51,52,53,54,55,56,57,58,59,60,61,62,63,64,65,66,67,68,69,70,71,72,73,74,75,76,77,78,79,80,81,82,83,84,85,86,87,88,89,90,91,92,93,94,95,96,97,98,99,100,101,102,103,104,105,106,107,108,109,110,111
0,0.0,4.259568,6.540496,9.50425,12.198346,14.438051,17.487337,21.316647,24.947208,28.18106,33.087616,34.54527,38.40706,37.99433,39.48929,35.240086,38.487408,34.255905,37.79888,34.54393,35.08768,39.659832,36.95205,35.34494,40.8594,37.831844,41.772266,38.85908,35.80832,32.691975,34.273296,28.846367,30.213345,24.156914,28.451427,26.806967,26.526667,29.307867,25.819677,25.83525,31.37775,32.826504,34.024,37.353657,39.629257,39.89886,42.762745,44.26735,45.23367,44.889347,42.10536,44.252995,41.353344,42.882515,38.707466,38.822186,34.151527,36.05969,34.24549,30.416578,29.265978,26.661234,27.932848,24.320066,28.788557,23.990814,25.623705,24.62648,29.347275,27.289942,25.516226,28.672987,25.105438,29.557829,23.413988,27.185251,24.448822,25.322536,26.235424,24.412382,27.471918,27.803095,25.56421,26.736698,24.548817,28.92218,25.980362,30.587952,31.104788,33.133507,36.035206,35.413433,30.564905,34.522385,28.683647,26.955317,24.319683,20.424679,20.72203,17.76477,16.503922,18.71212,18.508965,14.842454,13.860991,18.046072,19.11514,24.36294,25.673325,28.803825,31.628237,33.958183
1,4.259568,0.0,5.320891,6.320591,8.871356,12.232096,14.2311125,18.90336,21.90995,25.53299,30.271408,31.492662,35.30777,34.828537,35.989456,31.700382,34.71103,30.38534,33.886314,30.45585,31.038162,35.62217,32.900093,31.144688,36.65866,33.58876,37.520588,34.629986,31.619768,28.54148,30.241072,24.864267,26.794298,20.845,25.39046,24.207533,24.07402,26.49444,22.658339,22.200972,27.936384,28.963488,30.260683,33.362804,35.575283,35.73131,38.558655,40.04002,41.026676,40.711365,37.97417,40.22892,37.4242,39.117306,34.989414,35.394474,30.675938,32.737427,31.261011,27.503592,26.03855,23.562098,24.368715,20.700401,25.109531,20.16227,22.083406,20.843576,25.746996,23.462778,21.434532,24.532814,20.912567,25.53138,19.509838,23.405823,21.072573,22.1589,23.479214,22.107922,25.055367,24.8846,22.602936,23.332664,20.780348,25.110195,21.85028,26.396427,26.846897,28.88839,31.81338,31.262156,26.385246,30.392424,24.673126,22.89761,20.18172,16.444902,16.783484,14.171528,12.380243,14.461274,14.572066,11.185677,10.989305,15.151207,15.711886,21.237238,21.942259,25.376982,27.909859,30.442995
2,6.540496,5.320891,0.0,5.380892,6.7110844,8.6158,11.597567,15.21206,18.914345,22.041376,27.152847,28.372536,32.311188,31.771639,33.54637,29.307434,32.868202,28.861938,32.655193,29.941837,30.87775,35.543545,33.56202,31.98205,37.8302,34.77406,38.53854,35.524662,31.528938,28.647003,29.576092,24.625267,25.124298,19.186247,23.586363,21.797815,22.406517,25.184568,21.725578,21.75034,27.019415,28.67091,29.166592,32.66607,35.54619,35.644867,38.86897,40.211464,40.928116,40.5166,37.626286,39.641808,37.01675,38.038937,33.53497,33.356556,28.545881,30.12291,28.087324,24.47949,23.315771,21.36073,23.088585,20.052605,25.384205,21.152426,23.538492,22.934752,28.142815,26.189373,23.638107,25.756248,21.723425,25.375072,18.641047,21.866217,18.698282,19.166752,19.862055,17.927944,20.939716,21.412632,19.436794,20.826788,19.17307,23.483196,21.542225,26.394564,27.644728,30.216478,33.34909,33.311012,28.369396,32.124718,27.110952,25.481438,22.120544,19.303602,18.79271,17.265226,14.992813,15.78484,15.251789,13.224504,14.372096,17.2142,17.158922,23.16429,23.029823,26.35307,28.841555,30.8651
3,9.50425,6.320591,5.380892,0.0,3.8095937,6.4749637,8.601652,12.906185,15.870817,19.432508,24.03493,25.526121,29.268267,29.06044,30.348629,26.321083,29.755592,25.649624,29.790014,26.663778,28.01155,32.73479,30.734522,28.469933,34.172672,30.766346,34.14481,30.91846,27.309088,24.024534,25.195696,19.79303,20.731506,14.709735,19.202127,17.94844,18.153595,20.576305,16.820303,16.674541,22.135185,23.705505,24.606945,28.170527,30.719898,31.205343,34.30746,35.93311,36.963127,36.875725,34.233837,36.72475,34.545094,35.92066,31.394583,31.8437,26.79403,28.432678,26.973673,23.828594,21.878317,20.809925,21.605473,18.65431,23.811798,19.2298,22.167261,20.777021,26.115606,23.371822,20.318033,22.574745,18.366697,22.629084,16.06165,19.277557,17.06894,17.480516,18.894073,17.637114,19.921642,19.552517,16.607233,17.607481,15.431283,19.959953,17.427452,22.633884,23.446396,26.10222,28.94013,29.23405,24.162506,27.309036,22.412287,21.192226,17.418007,14.933119,13.751843,12.655303,10.841119,11.527862,10.053558,8.19269,10.296561,12.289033,11.85728,17.964176,17.678165,20.979118,23.494905,25.549696
4,12.198346,8.871356,6.7110844,3.8095937,0.0,5.481209,5.3729944,10.72515,13.157606,16.967339,21.755423,22.660242,26.518785,25.966837,27.295422,23.068182,26.492073,22.427746,26.479954,23.685738,25.055279,29.785366,28.162048,26.176418,32.077675,28.85341,32.337025,29.234539,24.950214,22.090609,22.872883,18.095228,18.931805,13.204258,18.002981,16.965149,18.087128,20.21419,16.323378,15.685593,21.029194,22.250374,22.620144,25.978,28.975536,29.012136,32.325523,33.672497,34.41354,34.13088,31.340334,33.600395,31.399052,32.495625,27.87363,28.140276,23.095654,24.70582,23.205637,20.02114,18.099836,17.123455,18.115479,15.476857,21.035114,16.972813,20.192644,19.271217,24.715458,22.369198,19.071075,20.504284,16.15587,19.682873,12.817534,15.810009,13.308464,13.760006,15.224672,14.191022,16.642729,16.132656,13.825099,14.568421,12.520733,16.90113,14.979257,20.06316,21.49186,24.383793,27.499884,27.95993,23.002375,26.382114,22.105644,20.704443,16.833403,15.185943,13.993637,14.0421095,11.079136,10.4221945,9.674842,9.746824,12.9648075,14.360318,12.995833,19.25871,17.629665,21.265226,23.197699,25.254795
5,14.438051,12.232096,8.6158,6.4749637,5.481209,0.0,5.867681,6.9356446,11.125817,13.830272,18.772728,20.602415,24.391487,24.388212,26.445147,22.770014,27.025776,23.526066,28.243883,26.087692,28.136171,32.837708,31.89462,29.60677,35.477295,32.01901,34.847195,31.42766,26.755175,23.656216,23.685183,18.957893,17.433802,11.66432,15.57544,13.41983,14.764756,17.585852,14.65011,15.448156,19.775522,22.40776,22.186684,26.39939,29.702402,30.36708,33.89444,35.456375,36.260643,36.231236,33.57878,35.935326,34.3161,34.888805,29.9053,29.820868,24.626692,25.433313,23.445847,21.025385,19.115551,19.624342,21.212831,19.44306,25.360518,21.795656,25.263397,24.367966,29.820154,27.274164,23.654242,24.667673,20.166603,23.09838,16.125002,17.9226,15.127376,14.22691,14.900338,13.11115,14.673869,14.948921,11.65927,13.873225,13.3295355,17.670595,17.234846,22.746365,24.409681,27.683838,30.508564,31.606846,26.629063,28.97314,25.278008,24.502264,20.08287,19.035744,16.75007,17.12864,15.352222,14.470821,11.877164,12.32768,15.395408,15.386182,14.176991,20.075304,18.707384,21.457346,23.833029,24.96605
6,17.487337,14.2311125,11.597567,8.601652,5.3729944,5.867681,0.0,6.7332983,7.9108033,11.987816,16.683771,17.305098,21.17214,20.606823,22.031664,17.920399,21.708311,17.947706,22.477934,20.269876,22.308928,26.995523,26.250975,24.088255,30.037155,26.763266,29.754774,26.554863,21.436039,18.818863,18.764845,14.710658,14.424582,9.2804165,14.037275,13.291029,15.49825,17.161674,13.484344,12.709861,17.327377,18.67498,18.220022,21.756956,25.31247,25.30964,28.923075,30.179138,30.759474,30.551868,27.806606,30.090372,28.463444,29.115902,24.191204,24.415976,19.182808,20.332815,18.918245,16.471066,14.057201,14.793663,15.741876,14.30179,20.165117,17.082724,20.873156,20.141216,25.509136,23.191378,19.331459,19.505558,15.009054,17.364449,10.460608,12.097305,9.786346,9.336677,11.024327,10.580478,12.149601,11.094999,8.575942,9.267742,7.9466705,12.238363,11.875276,17.141115,19.253498,22.649834,25.716167,26.906511,22.146828,24.810888,21.801199,20.80649,16.493961,16.470541,14.42133,16.099468,13.142218,10.837191,9.4682,12.012839,16.20579,15.975901,13.630761,19.507181,16.380507,19.836693,21.192162,22.77139
7,21.316647,18.90336,15.21206,12.906185,10.72515,6.9356446,6.7332983,0.0,5.3435426,6.9509487,12.126978,14.002949,17.758247,17.942999,20.516413,17.374805,22.251675,19.5643,24.731014,23.60362,26.385712,30.835175,31.02563,28.661482,34.41389,31.007345,33.12948,29.674137,24.100073,21.456367,20.243141,16.830645,12.943006,8.741515,11.52147,9.2056465,12.511943,14.753375,12.767058,13.842756,16.445757,19.572464,18.042746,22.55081,26.542753,27.238121,31.071468,32.48448,33.04183,33.1144,30.596048,32.86065,32.026333,31.903345,26.659794,26.34357,21.18026,21.092258,19.040781,17.908453,15.721215,18.419746,20.09781,19.781874,25.75477,23.364723,27.251738,26.638327,31.920204,29.512466,25.444597,25.125237,20.716187,22.13732,15.744958,15.660743,13.215908,10.869406,11.061957,9.727163,9.31553,9.535092,5.5257096,9.008179,10.644236,13.994293,15.940795,21.158169,23.541515,27.251068,29.913603,31.82602,27.220251,28.657005,26.509981,26.175177,21.487448,22.033407,19.081882,20.977938,19.088516,16.860268,14.019355,16.587584,20.483053,19.020014,16.885803,22.017551,19.09344,21.342464,22.983932,23.29413
8,24.947208,21.90995,18.914345,15.870817,13.157606,11.125817,7.9108033,5.3435426,0.0,4.641078,8.860245,9.6715355,13.460353,13.441632,15.427282,12.250062,17.079018,14.564457,19.955841,19.0944,22.294378,26.535265,27.249413,24.742632,30.287548,26.958714,28.719723,25.364538,19.373766,17.147852,15.347405,13.022741,8.9768915,6.7217627,9.287906,8.857612,12.848123,13.6406355,11.487567,11.430053,13.285874,15.573501,13.37852,17.583109,21.912144,22.330753,26.269503,27.531403,27.976688,28.110634,25.715767,28.082855,27.730667,27.567894,22.353678,22.463211,17.321165,17.120611,15.864406,15.545552,12.638268,16.605305,17.41722,17.916971,23.36091,21.665245,25.74582,25.109789,30.067186,27.700403,23.444565,22.251335,18.144678,18.697817,13.332119,12.064496,10.966753,8.378079,9.469949,9.98828,8.376583,6.4500856,1.0537119,3.9281733,6.8405485,9.161934,12.399188,17.099926,19.799383,23.643734,26.182371,28.510143,24.301691,25.298735,24.257048,24.113958,19.558193,21.269718,18.253176,21.22796,19.072252,15.96657,13.6373415,17.589655,22.032946,20.029144,17.165209,21.680992,17.363157,19.690086,20.34999,20.635305
9,28.18106,25.53299,22.041376,19.432508,16.967339,13.830272,11.987816,6.9509487,4.641078,0.0,5.53386,7.4942603,11.011816,11.681794,14.775554,12.776818,18.124851,16.721209,22.106575,22.135553,25.594831,29.524319,30.847775,28.39895,33.708973,30.448048,31.666824,28.30502,22.16764,20.198874,17.66657,16.21288,10.050018,9.594042,9.848575,8.53211,13.137701,13.992628,13.3910265,14.380955,14.496472,17.73126,14.744794,19.228537,23.743223,24.499453,28.468113,29.70877,30.035019,30.29489,28.095068,30.28153,30.440819,29.68252,24.433367,24.079948,19.303238,18.168495,16.505804,17.225042,14.800925,19.593328,20.88189,21.927464,27.355967,26.08167,30.13288,29.657267,34.54379,32.24489,27.96655,26.518982,22.562029,22.538666,17.595215,15.652432,14.403627,11.193859,11.06383,11.12113,7.9643245,7.3376184,3.9085069,7.223405,11.123662,12.298084,16.529665,20.787899,23.598988,27.475649,29.764254,32.427143,28.417063,28.801298,28.282637,28.412373,23.80796,25.666763,22.387499,25.33078,23.537703,20.544384,17.822624,21.558027,25.804806,23.39622,20.735878,24.782942,20.70683,22.27413,22.983637,22.440777
10,33.087616,30.271408,27.152847,24.03493,21.755423,18.772728,16.683771,12.126978,8.860245,5.53386,0.0,5.190961,6.8922734,9.233488,11.992796,11.919234,16.972967,16.70868,22.088995,22.59735,26.542524,29.976475,31.883404,29.068527,33.755787,30.467651,30.699717,27.338951,21.463577,19.738089,16.496628,16.301174,8.785921,11.491384,9.35562,9.3673315,13.636339,13.186123,13.941252,15.060264,12.885678,16.336483,12.602156,17.059923,21.460676,22.764244,26.56877,27.933163,28.373692,29.061655,27.39422,29.802593,30.906466,30.026426,25.05791,25.117159,20.8318,19.193123,18.371132,20.259485,17.618477,23.203402,23.790873,25.354225,30.121002,29.233788,33.342205,32.623535,37.16883,34.65519,30.286451,28.43843,24.909468,24.455809,20.767797,18.123096,18.12014,15.056425,15.20406,15.988617,12.269148,10.954716,8.385939,9.806661,13.68079,13.457694,18.21402,21.720776,24.270845,28.070044,29.761017,33.00747,29.476822,28.678844,29.319012,30.002748,25.525007,28.16295,24.57418,28.043213,26.762104,23.601923,20.650337,24.805357,29.05782,25.855442,23.045296,25.94988,21.510393,22.20442,22.339123,20.947666
11,34.54527,31.492662,28.372536,25.526121,22.660242,20.602415,17.305098,14.002949,9.6715355,7.4942603,5.190961,0.0,4.089029,4.3610687,7.733081,7.4385552,12.607592,13.015854,17.926664,19.358707,23.18645,26.278137,28.784023,26.566847,31.19458,28.413418,28.862484,25.973139,19.36532,18.762764,15.000194,16.47824,10.709575,13.739247,12.897694,13.653109,17.988617,17.252184,17.05453,16.892595,15.273976,16.949696,12.637131,15.73495,20.721512,20.850271,24.814953,25.523333,25.357695,25.62115,23.762053,25.650476,26.816528,25.442606,20.524685,20.33905,16.447474,14.402163,13.930942,16.550472,14.053845,20.178663,20.667742,22.988672,27.349669,27.387732,31.343136,31.128387,35.343864,33.42765,29.21577,26.544462,23.42438,21.711325,18.928919,15.418516,15.792415,12.821462,12.911047,14.652499,10.830289,8.759467,9.001829,8.825101,12.9864435,11.289238,17.163582,19.575659,22.798044,26.529999,28.49133,31.65768,28.55917,28.288464,29.464304,29.780685,25.722649,28.71056,25.655733,29.430893,27.357569,23.727922,21.877304,26.453804,30.99547,28.301283,25.170853,28.383213,23.14952,24.515535,23.88684,23.081272
12,38.40706,35.30777,32.311188,29.268267,26.518785,24.391487,21.17214,17.758247,13.460353,11.011816,6.8922734,4.089029,0.0,3.935162,6.491961,8.814443,12.918659,14.516784,18.950544,20.866638,24.870596,27.440834,30.408693,28.068584,32.123333,29.45229,29.15811,26.410646,20.145819,19.910202,15.763866,18.2268,12.280604,16.539618,14.679343,15.868946,19.858696,18.534887,19.070133,19.004995,16.16191,17.690115,13.072064,15.599373,20.334618,20.723719,24.441458,25.111876,24.922049,25.467577,24.084366,25.98057,27.89283,26.33412,21.828995,21.862679,18.644049,16.25668,16.387293,19.663149,17.280933,23.566078,23.697147,26.287746,30.15621,30.48536,34.399055,34.08405,38.02259,36.043964,31.850752,28.939651,26.178019,24.171,22.242931,18.490564,19.447412,16.658844,16.771585,18.608393,14.6766815,12.743322,12.877684,12.455909,16.26749,13.983026,19.779037,21.543554,24.525679,28.087109,29.6046,33.11075,30.433838,29.407574,31.369595,32.00762,28.116997,31.49615,28.31902,32.31576,30.537817,26.880865,24.919655,29.618341,34.119194,31.032469,27.878275,30.429424,25.10106,25.918789,24.909277,23.585344
13,37.99433,34.828537,31.771639,29.06044,25.966837,24.388212,20.606823,17.942999,13.441632,11.681794,9.233488,4.3610687,3.935162,0.0,4.8761263,6.234358,10.377698,12.255774,16.18805,18.737856,22.453608,24.900438,28.136417,26.380594,30.583193,28.29966,28.511717,26.104702,19.30198,19.748693,15.591176,18.604265,13.926104,17.511078,16.740047,17.902304,22.117355,21.024105,20.77571,20.076157,18.198256,18.819063,14.244158,15.937724,21.006441,20.392033,24.243982,24.393908,23.705338,23.748655,22.014933,23.388525,25.021034,23.066671,18.494581,18.141548,15.165709,12.49374,12.725194,16.355585,14.247401,20.634398,20.884405,23.88418,27.590954,28.485804,32.236164,32.351208,36.13566,34.64756,30.61894,27.286266,24.715761,21.941263,20.376066,16.250965,17.15963,14.531148,14.510775,16.80524,13.124504,10.976446,12.771098,11.739433,15.515196,12.674715,18.907864,20.099476,23.599903,27.107904,28.999443,32.23355,29.70456,29.416517,31.320232,31.550869,27.91321,31.252886,28.506968,32.50771,30.129475,26.270859,25.05154,29.836359,34.469597,31.900703,28.624426,31.664474,26.022547,27.46952,26.248726,25.52746
14,39.48929,35.989456,33.54637,30.348629,27.295422,26.445147,22.031664,20.516413,15.427282,14.775554,11.992796,7.733081,6.491961,4.8761263,0.0,4.9782453,6.8326554,9.664809,13.136543,15.736453,19.64592,21.612278,25.102379,23.130352,26.74543,24.604841,24.31644,22.174633,15.606271,16.751173,12.379484,16.804317,13.733365,18.157192,17.408669,19.58694,23.303806,21.499273,20.959963,19.473457,17.309813,16.522402,12.018403,12.214031,17.14422,16.112219,19.805521,19.777426,19.051119,19.298609,17.930197,19.630424,21.923662,20.381239,16.304317,17.059477,14.534462,12.475114,14.255729,17.737265,15.182187,21.265682,20.384138,23.492344,26.245802,27.4117,31.050825,30.932095,34.227703,32.688236,28.7825,25.102608,23.145689,20.06695,19.959007,15.702469,17.959934,16.092012,16.955013,19.781248,16.640526,13.655515,15.028879,12.788949,15.515313,11.7286005,17.502645,17.561594,20.779728,23.998316,25.519493,28.967987,27.011877,26.248182,29.012608,29.423243,26.254354,30.138067,27.591085,31.940409,29.65493,25.67785,24.876024,29.938484,34.584366,31.873684,28.423119,30.847494,24.775843,26.17764,24.220587,23.683483
15,35.240086,31.700382,29.307434,26.321083,23.068182,22.770014,17.920399,17.374805,12.250062,12.776818,11.919234,7.4385552,8.814443,6.234358,4.9782453,0.0,5.450903,6.051577,10.508295,12.5515995,16.28647,19.002502,21.959661,20.241484,24.673601,22.469637,23.295208,21.062597,13.874394,14.821602,10.97721,14.532265,12.627905,15.641636,16.285978,18.23741,22.083843,20.794334,19.265419,17.30089,16.737291,15.656814,11.667052,12.240764,17.455074,15.834136,19.849695,19.777374,19.020943,18.762348,16.605257,18.262228,19.430035,18.181047,13.399595,14.052432,10.454061,9.05422,10.707495,13.382614,10.452041,16.417805,15.592388,18.614092,21.75551,22.806873,26.4789,26.557888,30.094725,28.74595,24.852095,21.21784,18.961552,15.836503,15.171941,10.836869,13.023283,11.406073,12.669836,15.794297,13.325478,9.831398,11.910187,9.014772,11.455476,7.541174,13.685413,14.080828,17.84388,21.268791,23.456902,26.42411,24.032234,24.389336,26.280197,26.199476,22.99198,26.52314,24.316473,28.48088,25.67854,21.622976,21.358402,26.351809,31.0585,28.93126,25.45744,28.61252,22.511621,24.704168,23.023994,23.26912
16,38.487408,34.71103,32.868202,29.755592,26.492073,27.025776,21.708311,22.251675,17.079018,18.124851,16.972967,12.607592,12.918659,10.377698,6.8326554,5.450903,0.0,4.6708465,6.3349457,9.671171,13.202608,14.85532,18.631445,17.327473,20.930456,19.42257,19.97344,18.55339,11.568965,14.219545,10.596334,15.897848,16.188189,19.532213,20.298925,22.845102,26.278698,24.509794,22.727354,20.00813,19.43437,16.71378,13.306771,11.433501,16.07813,13.05862,16.710388,15.79034,14.3611765,13.751375,11.7086735,13.140486,15.100851,13.901667,9.959022,11.897444,9.862754,9.1989565,12.638419,15.295649,12.682418,17.682505,15.653954,19.082418,20.62491,22.615873,25.858816,26.056618,28.730398,27.80192,24.32235,19.93771,18.829992,14.596795,16.42814,12.077619,15.516171,14.98812,16.63163,20.087687,18.192635,14.635413,16.891083,13.429398,14.525508,9.948447,14.747707,12.891348,16.538727,19.329079,21.260582,24.215263,22.824541,23.114208,26.025913,25.88271,23.560158,27.55542,25.914633,30.2956,27.342546,23.216278,23.840721,28.92579,33.559406,31.58869,28.01318,30.647207,24.19917,26.491735,23.99674,24.635267
17,34.255905,30.38534,28.861938,25.649624,22.427746,23.526066,17.947706,19.5643,14.564457,16.721209,16.70868,13.015854,14.516784,12.255774,9.664809,6.051577,4.6708465,0.0,5.7136517,6.501163,10.3556,13.318675,15.952561,14.267834,18.844206,16.849207,18.399612,16.583502,9.228756,11.242805,8.459636,12.610934,14.353446,16.564705,18.321148,20.860674,24.044703,22.549007,20.009434,16.848063,17.555767,14.557544,11.952981,10.657434,15.24632,12.269305,16.157537,15.698703,14.837764,14.175778,11.542766,13.6326065,14.256639,14.198218,9.68834,12.065684,8.52115,9.424797,12.394229,13.583809,10.339145,14.600312,12.057786,14.957658,16.832878,18.21717,21.65846,21.648273,24.666784,23.524035,19.9062,15.749106,14.25706,10.461829,11.933566,7.842571,11.921365,12.022533,14.398761,17.839836,16.68295,12.815398,14.589611,10.655023,10.634688,6.12903,10.306188,8.715388,12.75531,15.866807,18.345285,20.962442,18.981976,20.07454,22.152552,21.720095,19.310047,23.09888,21.677006,25.944542,22.781212,18.645647,19.648352,24.65299,29.255623,27.628355,24.068014,27.053633,20.661762,23.50825,21.257158,22.535288
18,37.79888,33.886314,32.655193,29.790014,26.479954,28.243883,22.477934,24.731014,19.955841,22.106575,22.088995,17.926664,18.950544,16.18805,13.136543,10.508295,6.3349457,5.7136517,0.0,5.4106793,7.4938755,8.7941885,12.821768,12.722675,16.39994,15.7981415,17.663675,17.151196,10.693097,14.354714,12.376729,17.154934,19.938025,22.065428,23.971956,26.563747,29.67737,28.091568,25.421455,21.942846,22.77884,18.971167,16.841686,14.050555,17.701378,13.311341,16.386501,14.654212,12.622994,10.780582,7.6035795,8.308866,8.965577,8.648953,5.0849857,8.992403,7.980296,9.62218,13.675447,14.844997,12.620548,15.500086,12.224437,15.714783,15.616763,18.59069,21.219715,21.848856,23.763689,23.636934,20.794931,15.773661,15.77679,10.298228,14.47024,10.8104515,14.901951,15.819094,17.9434,21.552465,20.87213,17.299965,19.936647,16.059639,15.629912,11.465497,14.146214,10.347555,14.154943,16.18739,18.64937,20.723307,19.94313,21.631746,24.299442,23.476051,22.157938,25.947498,25.33471,29.479086,25.931725,21.898996,23.929695,28.716814,33.153152,32.011253,28.492012,31.319094,24.901564,27.927982,25.213238,26.86038
19,34.54393,30.45585,29.941837,26.663778,23.685738,26.087692,20.269876,23.60362,19.0944,22.135553,22.59735,19.358707,20.866638,18.737856,15.736453,12.5515995,9.671171,6.501163,5.4106793,0.0,4.3501472,7.7452483,9.551141,8.016263,12.785136,11.334313,14.152655,13.263111,7.196789,10.47037,10.079461,13.7079115,18.464537,19.825647,22.306028,25.149347,27.632185,26.026196,22.783905,18.8094,20.585083,16.139742,15.28032,12.511357,15.3864565,11.129788,14.096185,13.0569315,12.110321,10.821165,7.700187,10.264293,9.757969,11.892091,9.030184,13.021152,10.702563,13.303667,16.648481,16.531677,13.69539,15.385346,11.133641,13.296759,12.77359,14.67218,17.479563,17.340681,19.357122,18.613243,15.639611,10.735718,10.982832,6.393371,11.544843,9.23303,14.048913,15.64511,18.500912,21.86033,21.713772,17.921932,19.358501,15.262053,13.375618,10.025073,10.199196,5.275234,8.899003,10.944545,13.791757,15.656832,14.558031,16.772148,19.04115,18.106909,17.103342,20.966154,20.685469,24.795378,21.381775,17.509132,19.975431,24.591373,28.820477,27.837172,24.389849,26.986246,20.701632,24.04785,21.306902,23.614878
20,35.08768,31.038162,30.87775,28.01155,25.055279,28.136171,22.308928,26.385712,22.294378,25.594831,26.542524,23.18645,24.870596,22.453608,19.64592,16.28647,13.202608,10.3556,7.4938755,4.3501472,0.0,4.7408433,5.7766256,6.58167,11.236503,11.063583,15.02913,15.069959,10.571343,13.796853,14.195161,17.148235,22.46149,23.172222,26.113436,28.779484,31.171438,29.774958,26.225002,22.115252,24.493156,19.913147,19.480164,16.601725,18.877327,14.306418,16.513155,14.950089,13.609405,11.550239,8.246377,9.507772,6.993238,10.319541,8.847224,12.92916,11.676713,14.939353,18.248945,17.421938,15.244266,15.272442,10.530075,12.412166,9.943509,13.000376,14.947761,15.409284,16.531706,16.82451,14.720919,9.356141,10.985183,5.545724,12.402358,11.081099,15.403477,17.695484,20.46492,23.751629,24.239573,20.696676,22.566542,18.583075,16.328663,13.587663,12.775054,7.5749736,10.359971,11.201771,14.376541,15.067779,14.657877,18.146774,19.945263,18.372812,18.322916,21.670145,22.261364,25.93861,22.107922,18.542496,21.955818,26.097858,30.047024,29.761196,26.491543,29.245234,23.285006,26.959358,24.267422,27.015785
21,39.659832,35.62217,35.543545,32.73479,29.785366,32.837708,26.995523,30.835175,26.535265,29.524319,29.976475,26.278137,27.440834,24.900438,21.612278,19.002502,14.85532,13.318675,8.7941885,7.7452483,4.7408433,0.0,5.467113,8.08132,10.01272,11.593545,14.859552,16.09769,12.786088,16.83704,17.042664,20.912146,26.143032,27.463821,30.025066,32.88646,35.303833,33.63445,30.317003,26.180292,27.99157,23.035282,22.508583,18.762825,20.471655,15.341376,16.706144,14.221846,12.0641575,9.238479,6.3442135,6.0704556,3.384531,8.120847,9.276486,13.677214,14.16759,17.039875,20.819904,20.551338,18.811373,18.913908,14.390147,16.57249,13.026751,16.840725,17.987116,18.695295,18.595604,19.531595,18.16953,12.870025,15.352241,10.183293,17.090893,15.49453,19.700516,21.847702,24.37517,27.787622,28.07405,24.557749,26.740915,22.7158,20.792664,17.632635,17.225643,11.687542,13.648351,13.512396,15.840758,16.374704,17.351557,20.256996,22.9927,21.58276,22.179089,25.677233,26.4379,30.138597,26.471289,23.049925,26.481993,30.60834,34.447956,34.096375,30.834549,33.14722,27.14353,30.541023,27.435677,30.064365
22,36.95205,32.900093,33.56202,30.734522,28.162048,31.89462,26.250975,31.02563,27.249413,30.847775,31.883404,28.784023,30.408693,28.136417,25.102379,21.959661,18.631445,15.952561,12.821768,9.551141,5.7766256,5.467113,0.0,5.276238,7.8746266,9.431613,14.278678,15.477752,13.658403,16.693989,18.219603,20.575684,26.979185,27.354897,30.476053,33.288273,35.192173,33.71683,29.926865,25.58154,28.333006,23.240257,23.705353,20.38119,21.413986,16.805178,17.79461,16.033895,14.935397,12.826682,10.496228,11.376429,8.150589,12.975597,13.500135,17.49821,17.02203,20.432121,23.675154,22.39878,20.50791,19.333408,14.45894,15.150935,10.452374,13.447633,13.972021,14.224067,13.412633,14.4971285,13.853561,8.962635,12.576941,9.091642,16.107367,16.036064,20.055082,22.74435,25.600874,28.697744,29.574514,26.105082,27.631266,23.693615,20.849657,18.703533,16.417925,11.092886,11.794822,10.658661,13.383241,12.588158,13.714288,17.925169,19.655706,17.741972,19.223974,22.200638,23.73664,26.96242,23.3062,20.418844,24.511595,28.037031,31.424105,31.621199,28.635008,30.850506,25.396406,29.11385,26.2371,29.49246
23,35.34494,31.144688,31.98205,28.469933,26.176418,29.60677,24.088255,28.661482,24.742632,28.39895,29.068527,26.566847,28.068584,26.380594,23.130352,20.241484,17.327473,14.267834,12.722675,8.016263,6.58167,8.08132,5.276238,0.0,6.129555,4.9789357,10.1468,10.56064,9.457499,11.970067,14.204177,16.18295,23.178974,23.795835,26.619272,29.73974,31.231224,29.47756,25.77321,21.341558,23.918848,18.555202,19.62152,16.30132,16.770517,12.680269,13.663731,12.782513,12.799597,11.820103,9.996732,12.860722,11.425757,15.879942,15.20697,19.465904,17.834543,20.945686,24.116032,23.106842,20.470898,20.279839,15.397937,15.67025,12.554161,13.577814,15.161008,13.976672,14.200438,13.28368,11.588524,7.086709,10.301655,8.668146,14.912646,14.958875,19.454454,21.782259,24.94601,27.956865,28.445852,24.729883,25.250587,21.28077,18.125563,16.175255,13.056519,7.668255,6.9755526,5.6202316,8.400575,8.600464,9.349905,12.7805805,15.114086,13.81294,15.081178,18.748291,19.799948,23.416761,20.430511,17.506716,21.002453,24.747501,28.165373,27.729645,24.678902,26.287735,20.732138,24.19622,21.124414,24.41501
24,40.8594,36.65866,37.8302,34.172672,32.077675,35.477295,30.037155,34.41389,30.287548,33.708973,33.755787,31.19458,32.123333,30.583193,26.74543,24.673601,20.930456,18.844206,16.39994,12.785136,11.236503,10.01272,7.8746266,6.129555,0.0,4.5410767,7.8519626,10.578466,12.61859,15.60746,17.864271,20.554401,27.625288,28.92111,31.207293,34.659348,35.87659,33.69996,30.315676,25.895609,27.745739,21.900738,23.262636,18.996359,18.081402,13.87588,13.04819,11.510352,11.599767,10.898671,10.785115,13.370716,13.045988,17.888159,18.773254,23.328465,22.673412,25.530823,29.117638,28.552591,26.045801,26.01419,21.100056,21.551441,17.59982,18.984484,19.75724,18.471268,17.127607,16.533945,15.979545,12.45073,16.127884,14.630331,21.041342,20.852901,25.453392,27.660013,30.759874,33.88205,34.130955,30.324675,30.787647,26.760567,23.793976,21.52536,18.64762,13.2824335,11.614149,8.848091,8.899449,8.6846485,12.239544,13.894377,17.728045,17.010258,19.29748,23.044153,24.266502,27.782036,25.417692,22.901203,26.192057,29.749067,32.81377,32.170258,29.271454,29.872429,24.601255,27.446272,23.834108,26.989332
25,37.831844,33.58876,34.77406,30.766346,28.85341,32.01901,26.763266,31.007345,26.958714,30.448048,30.467651,28.413418,29.45229,28.29966,24.604841,22.469637,19.42257,16.849207,15.7981415,11.334313,11.063583,11.593545,9.431613,4.9789357,4.5410767,0.0,5.6947865,6.841519,9.391116,11.518116,14.370966,16.384079,23.758726,24.965433,27.166384,30.686745,31.644049,29.424109,26.036474,21.626266,23.547413,17.706562,19.522112,15.653533,14.551893,11.020639,10.63312,10.330723,11.512582,11.699881,11.338472,14.990394,14.932902,19.401928,19.046585,23.5245,21.88691,24.624636,27.93303,27.334288,24.410404,24.825823,20.0382,20.15549,17.33954,17.582174,19.124813,17.13191,16.940086,15.057755,13.553206,10.534249,13.454129,13.18443,18.659382,18.670446,23.322659,25.304892,28.550821,31.510515,31.616112,27.760897,27.542845,23.623653,20.460308,18.558172,15.128642,10.323593,7.669194,4.8462605,4.6837635,6.005136,8.605031,9.624584,13.731694,13.460759,15.289499,19.412994,20.205292,23.946636,21.967136,19.430628,22.245338,25.901783,29.020536,27.998682,25.066143,25.464645,20.132553,22.906126,19.313139,22.553091
26,41.772266,37.520588,38.53854,34.14481,32.337025,34.847195,29.754774,33.12948,28.719723,31.666824,30.699717,28.862484,29.15811,28.511717,24.31644,23.295208,19.97344,18.399612,17.663675,14.152655,15.02913,14.859552,14.278678,10.1468,7.8519626,5.6947865,0.0,4.158251,9.74052,11.930469,14.226704,17.192373,23.876328,26.239727,27.419575,31.31774,32.05243,29.26094,26.590141,22.471958,22.994612,16.940672,18.80447,14.1865,11.579045,8.654005,6.3097734,6.608735,9.15181,10.871408,12.102469,16.23291,17.87341,21.807386,21.614899,26.199718,24.733036,26.843521,30.377663,30.56387,27.429758,28.909164,24.313372,24.894724,22.635073,22.883026,24.714993,22.57402,22.520025,20.249441,18.497917,15.849631,18.057981,17.673525,22.676657,21.990234,26.820393,28.235664,31.384676,34.41523,33.864346,29.893826,29.274902,25.42641,22.807287,20.478138,17.910978,13.621455,10.968792,9.113006,6.5038686,9.653227,12.378595,9.804798,15.911102,16.848408,18.181646,22.768946,22.75723,26.803753,25.63713,23.092113,24.876478,28.778866,31.90048,30.006165,27.054424,26.423296,21.076962,22.79029,18.612364,21.11146
27,38.85908,34.629986,35.524662,30.91846,29.234539,31.42766,26.554863,29.674137,25.364538,28.30502,27.338951,25.973139,26.410646,26.104702,22.174633,21.062597,18.55339,16.583502,17.151196,13.263111,15.069959,16.09769,15.477752,10.56064,10.578466,6.841519,4.158251,0.0,7.37038,8.259917,11.011347,13.321755,20.086275,22.41586,23.469193,27.398844,27.968458,25.156082,22.513968,18.461079,18.950401,12.906474,15.17848,11.089874,8.353151,6.58274,5.5010824,7.63148,10.6295395,12.594637,13.178455,17.69754,19.187939,22.757336,21.569267,25.914345,23.673319,25.625902,28.817497,28.967777,25.570414,27.422596,23.104387,23.483728,22.23873,21.747303,24.140924,21.692015,22.588015,19.624256,17.12466,14.938399,16.178026,16.611675,20.517372,19.91496,24.609701,25.755865,28.942087,31.786184,31.104769,27.164045,25.976192,22.300013,19.646832,17.67233,14.909125,11.603289,8.628865,7.8918734,5.4600544,9.783643,10.765147,7.0711718,13.3200035,14.725677,15.176571,20.008465,19.408936,23.664642,22.803234,20.208138,21.378908,25.40996,28.639631,26.368637,23.356565,22.672102,17.15489,18.76294,14.581517,17.079748
28,35.80832,31.619768,31.528938,27.309088,24.950214,26.755175,21.436039,24.100073,19.373766,22.16764,21.463577,19.36532,20.145819,19.30198,15.606271,13.874394,11.568965,9.228756,10.693097,7.196789,10.571343,12.786088,13.658403,9.457499,12.61859,9.391116,9.74052,7.37038,0.0,4.7982717,5.279861,9.750757,15.42522,17.964537,19.35568,22.985378,24.642925,22.230722,19.460638,15.416097,16.036493,10.542978,10.788222,6.850819,8.363776,4.7423844,8.0734005,8.758834,9.868627,10.770456,9.702125,14.063757,15.39722,17.88378,15.46677,19.416346,16.716444,18.416952,21.519064,21.95357,18.524483,21.145447,17.228064,18.453327,18.41528,18.586859,21.67424,20.129654,22.19366,19.879368,16.498863,13.013732,12.971491,11.721379,15.122564,13.400899,18.180779,19.024967,22.052532,25.098232,24.232386,20.247892,19.829763,15.898829,13.843898,10.913742,9.986862,6.420867,6.7608953,8.951278,9.962241,13.537143,12.518494,11.685352,15.649815,16.12612,14.87373,19.653963,18.508673,23.101208,21.115135,17.572979,18.68903,23.476017,27.512913,25.390274,21.93785,23.020788,16.601562,19.00027,15.528835,17.543509
29,32.691975,28.54148,28.647003,24.024534,22.090609,23.656216,18.818863,21.456367,17.147852,20.198874,19.738089,18.762764,19.910202,19.748693,16.751173,14.821602,14.219545,11.242805,14.354714,10.47037,13.796853,16.83704,16.693989,11.970067,15.60746,11.518116,11.930469,8.259917,4.7982717,0.0,4.442127,5.427316,12.349362,14.343636,15.789411,19.516598,20.594307,18.182945,15.185566,11.025741,12.171572,6.5910664,8.38345,6.6340094,7.7238317,7.384582,10.336137,12.363506,14.243947,15.491734,14.460399,18.736567,19.562304,22.031013,18.990065,22.473074,18.88789,20.50926,22.891901,22.917212,19.215277,21.788507,18.304361,18.675045,19.662712,18.432854,21.88565,19.676554,22.481691,19.236563,15.37052,13.313645,12.124159,13.089313,14.451694,13.605536,17.845905,18.44683,21.592745,24.171854,23.347187,19.49957,17.793331,14.268012,11.694927,10.165788,7.788145,7.1837897,6.233599,9.217734,10.066528,13.706954,11.262227,9.674577,12.631165,13.679056,11.434535,16.299187,14.462713,19.172842,17.873753,14.590333,14.778596,19.528433,23.482496,20.921831,17.495398,18.323854,11.869702,14.250817,11.011197,13.284784
30,34.273296,30.241072,29.576092,25.195696,22.872883,23.685183,18.764845,20.243141,15.347405,17.66657,16.496628,15.000194,15.763866,15.591176,12.379484,10.97721,10.596334,8.459636,12.376729,10.079461,14.195161,17.042664,18.219603,14.204177,17.864271,14.370966,14.226704,11.011347,5.279861,4.442127,0.0,6.5645175,10.337123,13.756179,14.432231,18.14204,20.003397,17.497053,15.201747,11.681855,11.321715,6.6780753,5.61187,3.5126731,7.569614,7.019011,10.930761,12.461021,13.68857,14.876489,13.760367,17.73128,19.214836,20.714329,17.24838,20.3599,16.816853,17.70799,20.134184,20.976473,17.282383,21.02024,18.04431,19.32049,20.917831,20.450005,24.092976,22.505724,25.514874,22.776625,18.82022,16.059288,14.522056,13.959952,14.952046,12.786318,16.921875,16.839771,19.64231,22.408497,20.934792,17.03333,15.787497,12.199639,10.991686,8.187798,8.983897,8.611271,9.709104,12.878438,13.885658,17.609102,15.436282,13.922316,16.987549,17.889172,15.211514,19.817726,17.568958,22.284885,20.709543,17.067284,16.742062,21.818146,26.097569,23.304592,19.769934,21.054361,14.540609,16.439001,13.505498,14.5618105
31,28.846367,24.864267,24.625267,19.79303,18.095228,18.957893,14.710658,16.830645,13.022741,16.21288,16.301174,16.47824,18.2268,18.604265,16.804317,14.532265,15.897848,12.610934,17.154934,13.7079115,17.148235,20.912146,20.575684,16.18295,20.554401,16.384079,17.192373,13.321755,9.750757,5.427316,6.5645175,0.0,8.156727,9.099722,10.88486,14.427622,15.347182,13.300593,9.890928,5.675948,8.078324,4.74679,6.7692127,8.910847,10.95423,12.215101,15.326853,17.575697,19.343124,20.465506,19.065966,23.001698,23.393505,25.320314,21.440222,24.11736,19.694849,20.970337,22.390911,22.132507,18.332186,21.139421,18.622751,18.49032,21.060616,18.842165,22.719877,20.41849,24.232508,20.607643,16.308279,15.388145,12.645489,14.847307,13.444743,13.090645,16.20236,16.212303,19.209826,21.188519,20.311157,16.806658,13.821029,11.027936,8.430166,8.787345,6.4728956,9.762342,9.634216,13.0741005,14.357334,17.430021,13.711545,12.645217,13.25992,14.359089,10.452685,14.573276,11.559528,16.218561,15.327678,12.156171,10.665702,15.611701,19.786333,16.754309,13.231413,14.806732,8.32743,10.917464,9.160626,11.023521
32,30.213345,26.794298,25.124298,20.731506,18.931805,17.433802,14.424582,12.943006,8.9768915,10.050018,8.785921,10.709575,12.280604,13.926104,13.733365,12.627905,16.188189,14.353446,19.938025,18.464537,22.46149,26.143032,26.979185,23.178974,27.625288,23.758726,23.876328,20.086275,15.42522,12.349362,10.337123,8.156727,0.0,6.1112256,4.3482056,8.025889,10.379386,8.336311,7.29048,6.943274,4.8785233,8.027916,5.8518133,11.263593,14.711942,16.83868,20.348543,22.457228,23.784828,24.958221,23.56301,26.982328,27.945454,28.53093,23.944796,25.482468,20.837355,20.682735,21.099752,21.859045,18.296427,22.744772,21.765574,22.396626,26.355417,24.552973,28.683313,27.013582,31.339682,28.051132,23.640057,22.46966,19.118752,20.174643,17.136719,15.566948,17.14927,15.428577,17.331703,18.703545,16.467474,13.655774,9.48833,8.574497,9.518027,9.974311,12.113784,16.026764,17.303417,20.935753,22.176117,25.489225,21.836641,20.386944,20.99013,22.143988,17.71469,20.849585,17.054773,21.012398,20.415024,17.401894,14.200366,18.778208,23.004988,19.29261,16.148565,18.160213,13.108014,13.859993,13.624375,12.78667
33,24.156914,20.845,19.186247,14.709735,13.204258,11.66432,9.2804165,8.741515,6.7217627,9.594042,11.491384,13.739247,16.539618,17.511078,18.157192,15.641636,19.532213,16.564705,22.065428,19.825647,23.172222,27.463821,27.354897,23.795835,28.92111,24.965433,26.239727,22.41586,17.964537,14.343636,13.756179,9.099722,6.1112256,0.0,5.1074867,6.362988,8.2796335,8.445719,5.004053,5.2545104,8.276194,11.304934,10.9434185,15.761173,18.858994,20.50997,23.976116,26.039066,27.347239,28.118826,26.21657,29.456972,29.363983,30.234797,25.418787,26.609741,21.474932,21.918144,21.569633,21.039814,17.674301,20.829802,20.393051,19.97409,24.680006,21.88628,25.999144,24.251478,29.122461,25.73166,21.360388,21.231354,17.177593,19.549162,14.758093,14.6725,15.021209,13.623696,15.603572,16.150515,15.077027,12.885507,7.6804056,7.9483037,7.545165,10.71219,11.024486,16.415136,17.592669,21.226349,23.08941,25.5777,21.121235,21.075165,19.678688,20.269897,15.398088,17.242266,13.407884,16.599167,15.884449,13.363075,9.415518,13.498923,17.761896,14.600681,11.619904,15.285879,11.246426,13.115168,14.352967,14.637709
34,28.451427,25.39046,23.586363,19.202127,18.002981,15.57544,14.037275,11.52147,9.287906,9.848575,9.35562,12.897694,14.679343,16.740047,17.408669,16.285978,20.298925,18.321148,23.971956,22.306028,26.113436,30.025066,30.476053,26.619272,31.207293,27.166384,27.419575,23.469193,19.35568,15.789411,14.432231,10.88486,4.3482056,5.1074867,0.0,4.204193,6.0839915,4.734354,4.7401147,7.1433425,5.6835046,10.88786,9.868143,15.347122,18.209072,20.822966,24.132309,26.476046,27.982246,29.197731,27.759771,31.175528,31.873707,32.481895,27.742552,28.979744,24.109652,23.912329,23.711592,24.11047,20.751188,24.829756,24.37662,24.494616,28.953909,26.524813,30.658401,28.817175,33.456676,29.902096,25.50372,25.09899,21.383572,23.247522,19.218384,18.331524,19.030098,17.10128,18.64181,19.208717,17.11424,15.112088,9.8753395,10.59439,11.546715,13.317611,14.711372,19.396221,20.359215,23.921627,25.137161,28.210867,24.162327,22.756708,22.405487,23.647827,18.905241,21.233347,17.071121,20.358894,20.432142,18.061068,13.840159,17.613926,21.457119,17.42154,14.769692,16.838385,13.149927,13.286997,14.40793,13.131094
35,26.806967,24.207533,21.797815,17.94844,16.965149,13.41983,13.291029,9.2056465,8.857612,8.53211,9.3673315,13.653109,15.868946,17.902304,19.58694,18.23741,22.845102,20.860674,26.563747,25.149347,28.779484,32.88646,33.288273,29.73974,34.659348,30.686745,31.31774,27.398844,22.985378,19.516598,18.14204,14.427622,8.025889,6.362988,4.204193,0.0,4.635682,6.1525803,6.799157,10.118625,9.794839,15.011138,13.8237295,19.278694,22.374975,24.765572,28.192034,30.401731,31.720644,32.72044,31.036362,34.173897,34.549866,34.853413,29.867296,30.542746,25.533041,25.12624,24.194235,24.36064,21.37699,25.267368,25.592886,25.540127,30.604824,27.999146,32.110207,30.504272,35.449596,32.04387,27.690525,27.547585,23.4997,25.447405,20.492878,19.848997,19.50013,17.209677,18.13893,17.916664,15.888655,14.845676,9.297794,11.559822,13.096958,15.528858,17.19156,22.294607,23.57444,27.20888,28.731659,31.529863,27.203331,26.379398,25.30991,26.259214,21.357916,22.915707,18.811954,21.394371,21.413687,19.381584,14.897138,17.903198,21.493668,17.806074,15.655891,18.46974,15.814075,16.067848,17.929579,16.706438
