,0,1,2,3,4,5,6,7,8,9,10,11,12,13,14,15,16,17,18,19,20,21,22,23,24,25,26,27,28,29,30,31,32,33,34,35,36,37,38,39,40,41,42,43,44,45,46,47,48,49,50,51,52,53,54,55,56,57,58,59,60,61,62,63,64,65,66,67,68,69,70,71,72,73,74,75,76,77,78,79,80,81,82,83,84,85,86,87,88,89,90,91,92,93,94,95,96,97,98,99,100,101,102,103,104,105,106,107,108,109
0,0.0,4.288163,6.634688,9.707757,12.341492,14.723603,18.099964,21.309587,24.75602,26.761013,31.264265,29.497759,26.858736,26.825804,21.85016,23.197536,19.098444,20.083424,19.536665,19.673897,23.22504,21.439035,26.938961,27.81744,28.488773,30.267952,29.1883,30.314396,26.425135,28.617125,27.275965,29.664555,33.9368,33.6201,37.523376,38.118084,41.60474,41.99679,38.399082,35.087128,38.39312,35.14817,34.109158,34.18328,32.48125,33.199474,30.034018,31.952328,31.657146,31.803335,30.446562,29.011436,26.5999,25.774647,25.733921,28.750504,30.036469,33.206066,36.292362,37.83358,34.546932,40.222164,38.125965,39.4421,41.534824,39.87133,42.75798,39.93098,44.706566,42.194805,37.42696,37.94662,34.774017,37.800476,35.506214,32.995373,35.29014,35.030445,35.732124,38.14091,35.011383,32.433014,30.622469,28.670818,27.850906,26.47766,24.586288,22.786106,20.804564,21.398117,20.06519,17.596659,20.987053,21.60024,24.187393,23.935324,23.128332,20.826323,16.138636,18.793633,13.025438,15.431533,17.03485,14.787191,15.366167,15.610214,20.144043,20.186115,24.603994,24.947685
1,4.288163,0.0,5.318276,6.5566707,8.886325,12.290314,14.649942,18.823835,21.64883,24.026474,28.386312,26.83844,24.637552,24.280123,19.44404,20.146063,16.190048,16.479877,16.29865,15.854063,19.559393,18.152271,23.430859,23.915646,24.854973,26.380959,25.229492,26.156147,22.180185,24.334188,23.089182,25.528439,30.062885,29.918072,33.7465,34.597534,37.98101,38.171238,34.57377,31.144419,34.340363,30.942291,29.922237,29.901,28.285994,29.01189,25.956274,28.001266,27.88018,28.224972,26.93866,25.874952,23.742577,22.994902,22.56977,25.552776,26.365612,29.643406,32.788826,34.095215,30.698288,36.215973,34.02508,35.23784,37.33666,35.592667,38.47439,35.673492,40.443356,37.940613,33.190746,33.815834,30.605764,33.870502,31.54104,29.210533,31.656448,31.412205,32.34177,34.761906,31.8637,29.110521,27.153301,25.044239,23.91154,22.613344,20.407852,18.586206,16.55562,17.358353,16.050863,13.71814,17.054813,18.133804,20.560143,20.84623,20.562473,17.678791,13.1067295,14.9220495,9.108339,11.231511,13.07387,10.65972,11.142215,12.116759,16.309637,16.90997,21.176502,22.04
2,6.634688,5.318276,0.0,5.3119555,6.8169227,8.673899,12.20763,14.835648,18.542315,20.221397,24.886131,23.43802,20.9907,21.347498,16.61042,18.396986,15.405059,16.435726,17.752695,17.97382,22.106285,21.682697,26.73635,26.695976,28.417967,29.417437,27.888441,28.278427,23.219162,24.942877,22.918186,24.991554,28.358109,27.844599,31.729559,31.993908,35.642414,36.29813,32.86032,29.922699,33.20492,30.69987,29.508886,30.573238,28.517492,30.337004,27.640745,30.158209,30.600187,30.831482,29.20346,28.452097,26.131115,24.551012,23.412415,25.83819,26.606606,30.095865,32.51735,34.445385,31.314352,36.77956,34.16654,35.80767,37.12241,36.183098,38.896732,36.116104,41.166275,39.234653,34.627712,35.36226,31.706272,35.084583,31.810171,29.894472,31.69269,30.838047,31.428919,33.429344,30.242113,28.030876,25.472399,24.112646,23.33615,22.885427,20.57637,20.383118,18.403015,20.084358,18.299023,15.392198,17.625343,17.931568,19.644056,19.524418,18.35956,15.537438,12.249531,14.489399,9.778063,13.438882,16.312418,12.69073,11.969605,11.360227,14.890967,14.300067,18.68016,18.546894
3,9.707757,6.5566707,5.3119555,0.0,3.9099808,6.182191,8.997552,12.894766,15.496783,18.21367,22.201164,20.364075,18.223907,17.742529,12.976395,13.791014,10.429133,11.167254,12.63007,13.094197,17.306908,17.502989,22.367577,22.316502,24.769894,25.7503,24.75532,24.493694,19.818172,20.880062,19.513474,20.778622,25.200981,24.195356,28.400953,28.939577,32.204662,32.693634,28.916218,25.668709,29.410196,26.48518,25.868774,26.707613,25.308561,27.060656,24.776125,27.43471,28.022106,28.887007,27.658733,27.529251,25.851604,24.73752,23.142385,25.501457,25.226677,28.897753,31.438131,32.773026,29.370302,34.307037,31.369844,32.5472,33.69378,32.350315,34.79251,31.674133,36.69687,34.92437,30.240574,30.58605,26.900822,29.940096,26.73137,24.641668,26.472849,25.78516,26.464588,28.67008,25.61544,23.121744,20.949627,19.19642,18.541105,17.708544,16.001953,15.976456,14.6815405,16.94805,15.86332,13.809133,15.7677,17.27002,18.343088,19.475039,19.188147,15.152726,12.780986,12.677086,8.57091,10.645095,12.8546915,8.335865,7.7482686,6.1903853,10.873194,10.695495,15.129689,16.016659
4,12.341492,8.886325,6.8169227,3.9099808,0.0,5.3435993,5.797704,10.592963,12.872759,15.369119,19.65733,18.60642,17.094698,16.863726,12.669996,13.251968,11.290716,11.043965,13.972896,13.516518,17.81063,18.646933,22.853275,21.950424,24.550303,24.887592,23.290998,22.896116,17.377432,18.541843,16.478928,18.19322,21.828732,21.325207,25.221554,25.804392,29.281246,29.712088,26.222061,23.175522,26.441433,23.931908,22.863981,24.209354,22.31505,24.63117,22.482216,25.394815,26.379995,27.05199,25.576305,25.722702,24.045116,22.50215,20.395668,22.40238,21.978682,25.72398,27.944075,29.51574,26.27044,31.217001,28.185637,29.679966,30.617704,29.762674,32.307415,29.492521,34.62099,32.99004,28.498802,29.341185,25.466963,29.170565,25.483347,24.062063,25.828735,24.789818,25.674149,27.561295,24.739576,22.381954,19.367994,17.969479,16.763783,16.863686,14.025228,14.906089,13.195778,15.846642,14.204754,11.796493,12.870894,14.042992,14.701183,15.892818,15.66834,11.366645,9.873304,9.329622,6.557143,9.530303,12.877938,8.515346,6.4903917,6.1999416,8.104135,8.2871,12.438378,13.298059
5,14.723603,12.290314,8.673899,6.182191,5.3435993,0.0,6.0903,7.0045033,10.50135,12.685526,16.709919,14.81582,12.506729,12.795914,8.381852,10.66961,9.658803,11.244762,14.818104,15.998312,20.204395,21.632885,25.8286,25.135267,28.511358,28.8431,27.609327,26.543772,20.97731,21.131508,19.072765,19.315706,22.29495,20.458221,24.837307,24.622524,28.042585,29.125889,25.481693,22.912111,26.894152,25.163712,24.590487,26.781101,25.137835,28.179438,26.589136,29.720453,30.965652,31.868359,30.439285,30.840122,29.224373,27.465275,25.036032,26.622694,25.866785,29.702972,31.323837,33.118008,30.043785,34.53259,31.011948,32.507988,32.518402,32.112762,34.15474,31.024076,36.27089,35.345993,30.975037,31.329718,27.199234,30.178421,25.809248,24.377113,25.224504,23.713737,23.928175,25.51357,22.172451,20.470705,17.515331,16.912764,16.90778,17.342848,15.868495,18.144932,17.266254,20.403706,19.09735,16.929949,17.354998,18.282299,18.038475,19.20175,18.302523,14.049931,14.220542,13.509131,11.85761,14.494441,17.232878,12.276909,10.490974,6.7009115,9.120416,6.571774,11.00764,10.657142
6,18.099964,14.649942,12.20763,8.997552,5.797704,6.0903,0.0,6.8132186,7.3733964,10.330156,14.22997,13.764774,13.280244,12.98209,10.113626,10.0899725,10.681468,9.748579,14.63619,14.187178,18.19335,20.380835,23.521025,21.766788,25.323856,24.878551,23.174,21.786388,15.63441,15.674847,13.136251,13.7920685,16.593287,15.644168,19.636543,20.049173,23.523655,24.112082,20.68313,17.974726,21.319246,19.603535,18.632011,21.086529,19.178263,22.644945,21.396772,24.746346,26.430298,27.373886,25.93489,26.90996,25.707281,23.906765,20.877752,22.043756,20.542637,24.419115,25.872414,27.44803,24.410955,28.615574,24.975182,26.551691,26.499077,26.31457,28.479223,25.675478,30.959465,30.056408,25.907202,26.83916,22.61108,26.485435,21.858099,21.275948,22.425812,20.768852,21.640402,23.03381,20.42758,18.450125,14.526378,13.868344,12.605445,14.114553,11.007883,14.301993,13.265262,16.814053,15.340054,13.546177,12.704779,13.971739,12.856917,14.971814,15.046515,10.02134,11.739529,8.956648,9.945597,11.890138,15.131035,10.834181,7.9861784,6.74075,3.733272,3.2560794,6.7402077,8.050235
7,21.309587,18.823835,14.835648,12.894766,10.592963,7.0045033,6.8132186,0.0,5.2912164,5.8504763,10.230009,9.439787,8.240598,9.849235,8.146233,10.725203,13.048667,14.005785,19.061378,19.955082,23.84801,26.289663,29.514135,27.917677,31.88728,31.379293,29.724674,27.984802,21.694384,21.049355,18.20237,17.604061,18.163223,15.815627,19.924377,18.877005,22.553415,24.202816,21.065683,19.54783,23.19474,23.087223,22.317097,25.978992,23.962395,28.300556,27.507854,30.994068,32.92991,33.77103,32.1543,33.155384,31.729729,29.412842,26.168074,26.789076,25.441109,29.236027,29.748817,31.949614,29.393291,33.2072,29.211206,31.095686,29.875788,30.676691,32.318726,29.506762,34.819405,34.77398,30.979334,31.645176,27.230913,30.469095,25.013344,24.747023,24.67883,22.256136,22.227436,22.836828,19.67966,18.99892,14.732724,15.749213,15.926787,18.131657,16.342861,20.633516,19.980328,23.611101,22.069408,19.997261,18.810844,19.100908,17.356089,18.606775,17.420017,13.386075,16.406897,14.887042,15.910916,18.57864,21.74122,17.088316,14.554269,11.31986,9.481454,5.514517,7.3052754,4.404196
8,24.75602,21.64883,18.542315,15.496783,12.872759,10.50135,7.3733964,5.2912164,0.0,4.5936766,6.925955,7.03507,8.270093,8.477317,8.808747,9.066321,12.971539,12.690729,18.360981,18.807384,22.181684,25.389427,27.667074,25.530045,29.998016,29.017868,27.52439,25.112034,19.066185,17.506763,14.950004,13.156552,13.623527,10.617388,15.027275,14.270683,17.67328,19.13941,15.811028,14.314024,18.148712,18.321266,17.935728,21.987831,20.402966,25.097864,25.015251,28.599892,30.865246,32.06904,30.72321,32.342037,31.488476,29.441088,25.808376,26.069424,23.723185,27.461279,27.757206,29.43876,26.906496,29.914436,25.584705,27.174116,25.406404,26.320444,27.605587,24.755217,30.025284,30.410156,26.910418,27.552685,23.088224,26.37119,20.53451,20.939508,20.614916,17.916136,18.151066,18.49152,15.8778715,15.210453,10.220286,11.726478,11.711685,14.853097,13.156919,18.53641,18.491394,22.40981,21.290945,20.002333,18.027601,18.962011,16.348053,18.681087,18.487003,13.998855,17.907066,14.692223,17.159044,18.649296,21.371496,17.160961,14.553314,11.914392,7.8542495,4.997021,2.7403753,1.9939418
9,26.761013,24.026474,20.221397,18.21367,15.369119,12.685526,10.330156,5.8504763,4.5936766,0.0,5.47321,7.634359,9.047739,10.903991,11.807235,13.2389765,17.071331,17.166689,22.765736,23.152048,26.637072,29.695574,32.048153,29.734394,33.97711,32.787373,30.835098,28.631077,22.122072,20.890429,17.623018,16.433474,14.507081,12.0390415,15.455257,13.716926,17.637737,19.65443,17.221249,16.80778,19.712553,21.10527,20.122469,24.857498,22.623392,27.826021,27.748875,31.376364,33.81275,34.617405,32.947197,34.46373,33.328342,30.759785,26.98043,26.798492,24.853209,28.436848,28.031015,30.373463,28.318972,31.354916,27.075304,29.202238,26.974937,28.800272,30.08521,27.71714,32.9093,33.550953,30.378199,31.386019,26.934229,30.446907,24.389574,25.211548,24.592157,21.601576,21.602507,21.338888,18.817106,18.88634,13.714746,15.915716,15.87966,19.35148,17.220726,22.589731,22.1133,25.881123,24.285791,22.512457,20.213873,20.173443,17.313932,18.782127,17.812498,14.278967,19.00097,16.747118,19.515226,21.837101,25.095188,20.940895,18.12889,15.751492,11.683858,8.773309,6.979749,2.7817059
10,31.264265,28.386312,24.886131,22.201164,19.65733,16.709919,14.22997,10.230009,6.925955,5.47321,0.0,5.0971956,8.747917,9.948164,13.048724,13.625672,18.553936,18.596506,24.204815,24.955805,27.889048,31.532707,33.231396,30.815369,35.62792,34.237118,32.735317,29.83986,23.98713,21.722967,19.17319,16.30446,13.8730345,9.570349,13.080856,10.510079,13.666923,16.31047,13.872767,14.408067,17.745573,20.04,19.92529,25.03229,23.562433,28.969248,29.647337,33.275646,35.919415,37.13461,35.774784,37.752716,37.058243,34.74972,30.782494,30.350626,27.653921,31.090307,30.361504,32.22798,30.303015,32.323097,27.703356,29.395746,26.21171,28.28316,28.80796,26.288826,31.23099,32.704517,29.977533,30.549866,26.17347,28.97001,22.524054,23.872461,22.351475,18.927038,18.519787,17.48923,15.33328,16.348951,11.282636,14.598981,15.384217,19.236,18.301441,24.308874,24.594254,28.5386,27.467253,26.314947,23.742449,24.229227,20.915134,23.012638,22.546515,18.921778,23.81177,20.70508,23.833986,25.339302,27.980242,23.933107,21.364985,18.576704,14.463361,11.868167,8.591942,6.4483147
11,29.497759,26.83844,23.43802,20.364075,18.60642,14.81582,13.764774,9.439787,7.03507,7.634359,5.0971956,0.0,4.3170614,5.13991,9.086646,10.209062,15.210907,16.242178,21.421164,23.159744,26.076168,29.634893,31.738443,30.004993,35.064636,34.22675,33.34748,30.379007,25.057089,22.614492,20.826756,17.388884,17.317928,12.225305,16.709503,14.644958,17.015213,19.517656,16.175493,15.832062,20.46827,21.609211,22.26696,26.609432,25.791494,30.599634,31.065815,34.62337,36.948555,38.484795,37.35012,39.151123,38.44114,36.465393,32.79095,32.901184,30.291176,33.927235,33.826927,35.388783,33.031548,35.27714,30.656485,31.88999,29.131151,30.289957,30.703918,27.520157,32.489017,33.81689,30.67499,30.505344,26.140007,28.017101,21.804714,22.238977,20.454922,17.217018,16.211819,15.671049,12.535646,13.627209,9.646921,12.74579,14.754086,17.622604,18.118114,23.746264,24.4644,28.482048,27.817608,26.790945,24.940704,25.983627,23.207829,25.473057,24.972181,20.823687,24.747873,21.679457,23.707634,24.942987,27.032629,22.55605,20.434328,16.441332,14.094848,10.762671,8.73841,7.14255
12,26.858736,24.637552,20.9907,18.223907,17.094698,12.506729,13.280244,8.240598,8.270093,9.047739,8.747917,4.3170614,0.0,3.9027247,6.3973513,9.4500265,13.497463,15.656837,20.331272,22.721212,25.931494,29.027554,31.832527,30.663338,35.538845,35.177418,34.439896,31.81052,26.497894,24.49188,22.757557,19.849958,20.7194,16.022345,20.679092,18.791203,21.31056,23.706608,20.183462,19.313614,24.176111,24.614576,25.214397,29.078337,28.204554,32.62967,32.61649,36.11356,38.143883,39.621513,38.438114,39.86157,38.87178,36.91928,33.551983,34.054863,31.935745,35.701168,35.97862,37.68528,35.117004,37.924183,33.46124,34.71357,32.49011,33.220783,33.89019,30.495975,35.55171,36.474876,32.950825,32.574936,28.222073,29.855307,24.040445,23.664469,22.148201,19.314789,18.110771,18.168709,14.436633,15.141136,12.116009,14.328782,16.589397,18.552376,19.348427,24.291885,24.861012,28.775293,28.07473,26.755745,25.553082,26.559048,24.364578,26.26501,25.37239,21.219448,24.34086,21.968056,22.92531,24.508242,26.550623,21.693647,19.821156,15.029628,14.386881,10.361853,10.23014,8.161725
13,26.825804,24.280123,21.347498,17.742529,16.863726,12.795914,12.98209,9.849235,8.477317,10.903991,9.948164,5.13991,3.9027247,0.0,5.06578,6.357982,10.994358,12.964682,17.477278,20.085083,22.939667,26.290102,28.79145,27.761251,32.889153,32.626,32.340496,29.439512,24.764883,22.349731,21.343256,17.77324,19.994225,14.929135,19.961313,18.667175,20.672302,22.68293,18.654396,17.223072,22.654072,22.417122,23.606773,26.973692,26.724934,30.76066,30.929323,34.33143,36.273415,38.092327,37.20904,38.809265,38.13469,36.586895,33.279274,33.951138,31.43681,35.20524,35.818108,37.007637,34.213623,36.742172,32.247643,33.044907,30.972315,31.12596,31.615881,27.90067,32.861717,33.773144,30.17636,29.40065,25.143295,26.307901,20.667582,20.010101,18.430109,15.768103,14.54633,15.035688,11.15167,11.43927,9.097599,10.937894,13.754841,15.269365,17.010916,21.877584,22.968552,26.911118,26.687717,25.883549,24.804935,26.452972,24.29524,26.775454,26.4584,21.84937,24.631754,21.539616,22.457533,23.218592,24.646053,19.943108,18.394266,13.477138,13.177607,9.779322,9.456138,9.254209
14,21.85016,19.44404,16.61042,12.976395,12.669996,8.381852,10.113626,8.146233,8.808747,11.807235,13.048724,9.086646,6.3973513,5.06578,0.0,4.918746,7.287743,10.1978,14.310436,17.111128,20.470716,23.15933,26.471354,25.88302,30.54221,30.730947,30.405928,28.0848,23.339025,21.711584,20.646788,18.215034,21.491615,17.460772,22.529325,21.775352,24.27072,25.85366,21.720654,19.520498,24.754314,23.53813,24.318913,26.994398,26.494602,29.968992,29.467794,32.749466,34.328793,35.991684,35.040565,36.201046,35.257782,33.81793,30.905851,32.05847,30.09285,33.95387,35.127724,36.38872,33.333466,36.601677,32.42687,33.307083,32.14259,31.76216,32.81147,29.073427,34.172775,34.302853,30.233374,29.592905,25.376308,26.907772,21.919876,20.492056,19.944036,17.979412,17.288162,18.613974,14.785361,13.844151,11.8144,12.078569,14.132862,14.671303,15.893918,19.709284,20.402498,24.129257,23.794939,22.708893,22.369455,24.068514,22.66055,24.859186,24.424772,19.730495,21.410975,18.916294,18.692856,19.69681,21.162842,16.164433,14.837692,9.340419,11.005773,7.4265423,9.526999,9.588359
15,23.197536,20.146063,18.396986,13.791014,13.251968,10.66961,10.0899725,10.725203,9.066321,13.2389765,13.625672,10.209062,9.4500265,6.357982,4.918746,0.0,5.449522,6.6616864,11.281627,13.760931,16.625237,19.938845,22.528305,21.730534,26.772476,26.819145,26.894415,24.143648,20.103975,17.891182,17.68854,14.485516,19.198462,15.135261,20.309729,20.326847,22.306952,23.31692,18.830635,15.982628,21.534695,19.567682,20.927925,23.070635,23.265099,26.370972,26.22408,29.419094,31.023718,33.078884,32.479534,34.00801,33.557495,32.566517,29.596794,30.757282,28.167171,31.948732,33.36801,33.991436,30.769846,33.555817,29.352736,29.733946,28.700653,27.762394,28.640924,24.669395,29.665485,29.772036,25.691933,24.787952,20.62859,21.990831,17.11889,15.595352,15.2967005,13.592466,13.397856,15.252335,11.880093,9.906963,8.317624,7.4695354,9.718183,9.865264,12.027161,16.03667,17.43068,21.254288,21.497915,21.196749,20.672054,23.127241,21.539188,24.52013,24.9207,19.834621,21.504383,17.836477,18.200754,17.958097,18.716366,14.194197,13.11254,8.319498,9.20675,7.3636866,8.368805,10.652557
16,19.098444,16.190048,15.405059,10.429133,11.290716,9.658803,10.681468,13.048667,12.971539,17.071331,18.553936,15.210907,13.497463,10.994358,7.287743,5.449522,0.0,4.63074,7.082031,10.577982,13.774079,16.14041,19.765032,19.929482,24.414988,25.251703,25.695358,23.595993,20.194988,18.836052,19.08164,17.0584,22.90242,19.740034,24.74567,25.18728,27.306557,27.958055,23.443895,20.060097,25.332125,22.299631,23.48992,24.489494,24.779465,26.85224,26.007565,28.874592,29.894625,31.95435,31.488174,32.525146,31.932163,31.351206,29.00066,30.79379,28.735355,32.503788,34.647793,35.10584,31.574493,34.947685,31.188997,31.404383,31.389315,29.64342,30.942495,26.90115,31.764568,31.047888,26.52356,25.448542,21.647278,22.84937,19.259466,16.617508,17.428394,16.802427,16.92498,19.46597,16.258093,13.611241,13.206101,11.058301,12.4211855,10.645996,12.805272,14.63438,15.887475,19.204847,19.726856,19.46027,20.10089,22.87105,22.287062,25.033504,25.48662,20.441315,20.485104,17.438158,16.098082,15.455359,15.506056,10.820621,10.775142,5.4138217,10.157451,9.289305,12.122578,14.370281
17,20.083424,16.479877,16.435726,11.167254,11.043965,11.244762,9.748579,14.005785,12.690729,17.166689,18.596506,16.242178,15.656837,12.964682,10.1978,6.6616864,4.63074,0.0,5.767826,7.1267023,10.3816595,13.448475,16.342003,15.788321,20.457115,20.921404,21.296814,19.008596,15.810737,14.350916,15.064908,13.231245,19.977468,17.60309,22.272957,23.426506,25.439404,25.504353,21.05185,17.200972,22.06392,18.375072,19.536568,20.027464,20.532768,22.306698,21.583961,24.434578,25.551477,27.76922,27.461021,28.801706,28.567745,28.235695,25.784046,27.51728,25.047539,28.718746,31.046886,31.09746,27.47721,30.655981,27.000439,27.011724,27.350544,25.266363,26.743792,22.80235,27.666529,26.649427,22.057312,21.285267,17.446962,19.413265,15.995424,13.635691,15.332034,14.982662,15.99396,18.667099,16.25226,12.958994,12.065483,9.039643,8.999362,6.903813,8.414981,10.180917,11.777937,15.274248,16.084785,16.432981,16.753191,20.047888,19.34945,22.637049,23.795322,18.606075,18.74458,14.713691,14.246619,12.551712,12.353365,8.27799,8.1024685,5.1597857,7.7491117,8.928647,10.952445,14.389484
18,19.536665,16.29865,17.752695,12.63007,13.972896,14.818104,14.63619,19.061378,18.360981,22.765736,24.204815,21.421164,20.331272,17.477278,14.310436,11.281627,7.082031,5.767826,0.0,5.2353296,7.4032483,9.374562,13.139855,14.316303,18.494608,20.073132,21.526026,19.702757,18.326057,17.312614,19.03974,17.604076,25.14498,22.962622,27.507647,28.914948,30.61158,30.423006,25.882473,21.778801,26.591196,22.065634,23.589186,22.756308,23.938936,24.359015,23.28597,25.524076,25.902311,28.418468,28.5741,29.562908,29.504944,29.911673,28.179459,30.445824,28.248188,31.709932,34.68103,34.252163,30.400158,33.613277,30.416277,29.894732,31.009792,27.954712,29.429462,25.311493,29.655611,28.056568,23.262959,21.76662,18.739838,19.562593,17.95821,14.338604,16.756323,17.594648,18.590666,21.825684,19.602459,16.000614,16.760586,13.221913,13.417401,9.5666275,12.22882,11.020116,13.0663,15.456429,17.163906,18.09814,19.568039,23.243893,23.36079,26.52511,27.851164,22.86144,21.655474,18.178593,16.26084,13.526389,11.388051,8.50685,10.309386,8.467764,12.97403,14.311554,16.714787,19.985033
19,19.673897,15.854063,17.97382,13.094197,13.516518,15.998312,14.187178,19.955082,18.807384,23.152048,24.955805,23.159744,22.721212,20.085083,17.111128,13.760931,10.577982,7.1267023,5.2353296,0.0,4.3079524,6.593685,9.866334,10.024664,13.895697,15.18873,16.33798,14.840388,13.784451,13.484801,15.51427,15.309847,23.132425,22.222689,26.1508,28.178461,29.997328,29.252935,25.052555,20.708828,24.577324,19.48479,20.4857,18.851263,19.9266,19.665499,18.297962,20.384748,20.678385,23.19969,23.451654,24.551235,24.761255,25.466667,23.84522,26.185318,23.901619,27.173557,30.481567,29.726635,25.790407,29.12327,26.30776,25.734074,27.603725,24.221302,26.194962,22.503128,26.787157,24.511114,19.592905,18.88111,15.998984,18.249765,17.117517,14.1878605,17.598122,18.54592,20.327038,23.401981,21.815443,17.998903,17.81369,14.086084,12.6144905,9.154764,9.507408,6.1987567,8.241306,10.338793,12.430496,14.059313,15.561302,19.6338,20.01998,23.407082,25.354458,20.550514,19.023802,15.071245,13.680694,9.745429,6.953337,5.844875,7.8872747,9.391126,11.906182,14.708847,16.711355,20.452923
20,23.22504,19.559393,22.106285,17.306908,17.81063,20.204395,18.19335,23.84801,22.181684,26.637072,27.889048,26.076168,25.931494,22.939667,20.470716,16.625237,13.774079,10.3816595,7.4032483,4.3079524,0.0,4.7522483,6.012272,7.1241655,11.450069,13.171637,15.602475,13.781852,14.890806,14.140442,17.311897,16.620363,24.980843,24.114,27.770454,30.149002,31.43535,30.327398,26.1426,21.662788,25.380993,19.716461,21.325636,18.666874,20.734732,19.49023,18.531736,20.088175,20.07023,23.12908,23.97974,25.331999,26.12699,27.43355,26.02796,28.339155,25.685968,28.638712,32.1382,30.71702,26.750053,29.410402,26.835386,25.570404,27.740171,23.574526,25.258678,21.444622,25.13847,22.612452,17.755896,16.340504,14.258351,15.635862,16.021757,12.6585,16.658428,18.424269,20.46814,23.75606,22.759964,18.746803,19.490168,15.461155,14.042363,9.908464,11.422442,7.2382007,10.235526,11.383765,14.390123,16.85949,18.262642,22.603497,22.93067,26.587036,28.907412,24.1832,22.691952,18.475561,17.45475,12.94835,9.128267,9.86298,11.967648,13.532538,15.545122,18.483389,19.909027,23.950203
21,21.439035,18.152271,21.682697,17.502989,18.646933,21.632885,20.380835,26.289663,25.389427,29.695574,31.532707,29.634893,29.027554,26.290102,23.15933,19.938845,16.14041,13.448475,9.374562,6.593685,4.7522483,0.0,5.8118443,8.817449,10.614692,13.576527,16.115248,15.649588,17.162695,17.537552,20.324759,20.672792,28.770788,28.296312,31.906555,34.27083,35.823395,34.714867,30.619411,26.147284,29.593811,23.872637,25.003147,21.953255,23.619425,21.653973,19.921715,20.931223,20.152128,22.92714,23.857868,24.523504,25.137487,26.875607,26.217041,29.00285,27.06406,29.835161,33.79881,32.40454,28.38529,31.581879,29.54258,28.389616,31.244598,26.904476,28.942455,25.452885,28.895014,25.80161,20.992302,19.862648,18.33342,19.70542,20.696196,17.256065,21.246778,23.093138,24.996231,28.341433,27.114655,23.145264,23.824636,19.871443,18.436462,14.470405,15.183763,9.936057,11.652036,11.429064,14.475089,16.849802,19.283937,23.45668,24.6175,27.786472,30.015358,25.654488,23.020393,19.744892,17.496796,12.88239,8.195359,10.270758,13.112955,15.286926,18.29968,21.17838,23.284883,27.007278
22,26.938961,23.430859,26.73635,22.367577,22.853275,25.8286,23.521025,29.514135,27.667074,32.048153,33.231396,31.738443,31.832527,28.79145,26.471354,22.528305,19.765032,16.342003,13.139855,9.866334,6.012272,5.8118443,0.0,4.8975215,7.1785746,9.970605,13.917269,12.775823,16.601633,16.374819,20.236162,20.173182,28.517399,28.40633,31.439884,34.303856,35.2671,33.6288,29.780947,25.285128,28.158733,21.985367,23.59466,19.501493,22.201775,19.28382,18.328747,18.803904,17.985987,21.43258,23.038445,24.39118,25.86563,28.066103,27.277658,29.70268,27.040476,29.392885,33.3442,31.134481,27.204042,29.359592,27.578161,25.654797,28.773968,23.704988,25.437845,22.0934,24.76947,21.378288,16.859682,15.34292,14.89042,15.924464,18.43141,15.38643,19.853765,22.2457,24.61442,27.887514,27.531073,23.484152,24.519997,20.468054,18.636963,14.763004,15.696311,10.401615,12.946005,12.310759,15.991499,19.260721,20.873466,25.316065,26.0205,29.679308,32.478542,28.156322,26.19171,22.113304,21.189583,16.134617,11.633302,14.447886,16.68193,19.256533,20.757093,24.09676,25.248789,29.437937
23,27.81744,23.915646,26.695976,22.316502,21.950424,25.135267,21.766788,27.917677,25.530045,29.734394,30.815369,30.004993,30.663338,27.761251,25.88302,21.730534,19.929482,15.788321,14.316303,10.024664,7.1241655,8.817449,4.8975215,0.0,5.9526334,6.518813,10.0421,8.021855,12.340645,12.012676,16.151115,16.438322,24.514315,25.079252,27.597584,30.754251,31.707092,29.783758,26.26682,21.83538,24.007366,17.758541,19.093454,14.691825,17.488634,14.474604,13.902421,14.619354,14.406291,18.02945,19.588247,21.554571,23.307732,25.290648,24.046991,26.079538,22.929876,25.19166,28.956259,26.567083,22.688065,24.55583,22.719248,20.760727,23.985624,18.93569,20.925804,17.878319,20.756283,17.183798,12.498717,11.972092,11.2038355,14.038313,15.937766,14.031078,18.618755,20.597183,23.35422,26.271894,26.276691,22.32262,22.533575,18.70634,16.049356,13.101964,12.677075,7.5773373,10.219047,9.814088,13.445443,17.05134,17.787058,22.2745,22.551783,26.483831,29.615452,25.400467,24.120934,19.464394,19.790089,14.732108,11.1350565,14.057649,15.483234,18.787506,18.650694,22.44013,22.938276,27.291748
24,28.488773,24.854973,28.417967,24.769894,24.550303,28.511358,25.323856,31.88728,29.998016,33.97711,35.62792,35.064636,35.538845,32.889153,30.54221,26.772476,24.414988,20.457115,18.494608,13.895697,11.450069,10.614692,7.1785746,5.9526334,0.0,4.2391405,8.307826,9.200482,14.498313,15.803258,19.327784,21.089804,28.512691,29.944067,32.055107,35.380363,36.570824,34.440445,31.28553,26.958548,28.34285,22.17058,22.687357,17.652838,19.810184,15.392557,13.80822,13.161323,11.537359,14.993903,17.080116,18.460678,20.56627,23.42671,23.174566,25.579239,23.166834,24.810902,29.197054,26.486698,22.697548,24.933987,24.210537,22.301369,26.694868,21.461365,23.990353,21.84942,24.061079,19.595592,15.52735,15.940504,16.120703,19.159424,21.632174,19.922672,24.530645,26.527727,29.302801,32.19081,32.153595,28.20105,28.125746,24.373896,21.457985,18.781927,17.348116,11.467992,12.434233,9.956688,13.527611,17.35656,18.822338,23.012651,24.176397,27.58556,30.915718,27.366983,25.073868,21.287615,21.028086,15.887982,12.109968,16.54001,18.219444,22.497192,22.597185,26.581081,27.472843,31.611189
25,30.267952,26.380959,29.417437,25.7503,24.887592,28.8431,24.878551,31.379293,29.017868,32.787373,34.237118,34.22675,35.177418,32.626,30.730947,26.819145,25.251703,20.921404,20.073132,15.18873,13.171637,13.576527,9.970605,6.518813,4.2391405,0.0,5.0882382,5.532248,11.918186,13.219202,16.826677,18.883198,25.754261,27.786654,29.328835,32.8953,33.97655,31.57652,28.815268,24.681963,25.303915,19.24026,19.463694,14.054896,16.312101,11.426505,10.333672,9.567432,8.551925,12.434816,14.643821,16.831326,19.348467,21.999662,21.289667,23.211712,20.253597,21.668581,25.85867,22.81362,19.121586,20.864042,20.250696,18.180122,22.804955,17.542582,20.287468,18.647352,20.759403,16.088087,12.223201,13.718077,13.9496975,18.095625,20.195084,19.426928,23.92343,25.625061,28.624489,31.18126,31.495796,27.702984,27.111423,23.646132,20.25833,18.403528,16.131025,11.072659,11.864722,9.690542,12.868938,16.861668,17.363977,21.4635,22.15985,25.788975,29.419199,26.035381,24.473248,20.229212,21.146105,16.22979,13.428723,17.540533,18.537247,23.089592,21.919727,26.124018,26.401348,30.60543
26,29.1883,25.229492,27.888441,24.75532,23.290998,27.609327,23.174,29.724674,27.52439,30.835098,32.735317,33.34748,34.439896,32.340496,30.405928,26.894415,25.695358,21.296814,21.526026,16.33798,15.602475,16.115248,13.917269,10.0421,8.307826,5.0882382,0.0,4.7956777,8.958931,11.779616,14.1669,17.743507,23.426807,26.397434,27.479225,31.05325,32.591553,30.188978,27.865147,24.013432,23.836477,18.361156,17.366148,12.43686,13.18644,8.21872,5.7864733,5.0085583,4.5872717,8.102048,9.84732,12.42957,14.973197,17.351246,16.467623,18.235792,15.406889,16.686216,21.05248,18.20495,14.454094,17.080126,16.795532,15.551253,20.616907,16.22235,19.71986,18.82816,21.410091,16.837908,13.267406,16.180807,15.579795,20.983646,21.764715,21.690718,25.897905,26.941454,29.946537,32.165424,32.32034,28.744604,27.135204,24.104435,20.22312,19.396826,15.492015,11.149289,10.422859,7.9635954,9.919733,13.727296,13.662346,17.348913,18.184464,21.561995,25.385773,22.535137,21.098663,17.101307,18.763704,14.4589405,13.130026,17.12644,17.408012,22.64075,20.483091,24.83416,25.008112,28.902353
27,30.314396,26.156147,28.278427,24.493694,22.896116,26.543772,21.786388,27.984802,25.112034,28.631077,29.83986,30.379007,31.81052,29.439512,28.0848,24.143648,23.595993,19.008596,19.702757,14.840388,13.781852,15.649588,12.775823,8.021855,9.200482,5.532248,4.7956777,0.0,7.3637533,8.230468,11.86953,14.074911,20.406433,22.860765,24.018545,27.688717,28.806616,26.330435,23.827494,19.889147,19.992598,14.138528,13.974932,8.658386,10.878775,6.576561,6.559003,7.4530516,8.677358,12.2118435,13.640866,16.667645,18.971523,20.670692,18.914804,20.173155,16.363792,18.088076,21.705605,18.813799,15.074831,16.595907,15.2124815,13.355793,17.586298,12.751701,15.83052,14.325118,17.218262,13.035775,8.902381,11.746009,10.825317,16.521263,17.116549,17.425404,21.514923,22.566166,25.67099,27.797611,28.271353,24.755497,23.378035,20.36864,16.512693,15.835242,12.475511,9.191493,9.890455,9.211194,11.515319,15.225445,14.352989,18.375004,18.173536,22.201946,25.952183,22.479519,22.105944,17.15973,19.508112,15.153925,13.729386,16.733992,16.801874,21.252409,18.606064,22.887178,22.453882,26.656868
28,26.425135,22.180185,23.219162,19.818172,17.377432,20.97731,15.63441,21.694384,19.066185,22.122072,23.98713,25.057089,26.497894,24.764883,23.339025,20.103975,20.194988,15.810737,18.326057,13.784451,14.890806,17.162695,16.601633,12.340645,14.498313,11.918186,8.958931,7.3637533,0.0,4.7717166,5.2879915,9.877858,15.027903,17.983423,19.336277,22.587898,24.648447,22.730715,20.273579,16.609535,16.76294,12.125213,10.297375,8.217105,7.0020986,7.283976,6.175118,9.6206,11.959345,13.71271,13.324438,16.037642,17.066027,17.182129,14.285548,15.249715,11.356338,14.284086,17.356106,16.061401,12.18523,15.531164,12.971456,13.212793,16.13634,13.683734,17.107277,15.606317,19.919666,17.122648,13.198293,16.199287,13.339561,19.610039,17.586994,18.310146,21.590565,21.470755,24.234211,25.944653,25.742586,22.628237,19.765007,17.473316,13.246164,14.146258,8.448266,7.801303,6.5833306,8.065433,8.032677,10.3984375,8.013857,11.892833,11.035833,15.314836,18.91564,15.278795,15.811565,10.432689,14.171847,11.176841,12.199063,13.533353,12.2805805,16.887749,12.779052,17.08377,16.590796,20.363316
29,28.617125,24.334188,24.942877,20.880062,18.541843,21.131508,15.674847,21.049355,17.506763,20.890429,21.722967,22.614492,24.49188,22.349731,21.711584,17.891182,18.836052,14.350916,17.312614,13.484801,14.140442,17.537552,16.374819,12.012676,15.803258,13.219202,11.779616,8.230468,4.7717166,0.0,4.9608464,5.977696,12.734191,14.726578,16.336246,19.734564,21.198816,19.198048,16.34761,12.397695,13.216279,7.880991,7.548903,5.916862,6.9332213,8.585958,9.621856,12.785197,15.264083,17.636395,17.652826,20.624706,21.821909,21.872654,18.740145,19.285799,14.878043,17.737457,19.964247,18.494059,14.974111,16.742786,13.235367,12.721264,14.204749,11.547472,14.141183,11.734474,16.528076,14.627359,10.597489,12.978401,9.425456,15.696472,13.005025,14.298288,17.26118,17.047356,19.938713,21.538815,21.732666,18.679031,16.093246,13.820072,9.53216,10.903758,6.0664926,7.8927364,8.798428,11.278357,12.057443,14.280143,11.850892,15.5512,13.71607,18.295162,21.55433,17.396017,18.942745,13.099014,16.909588,13.923272,14.312306,14.684574,13.456302,16.663633,12.215473,16.212332,14.832713,19.05776
30,27.275965,23.089182,22.918186,19.513474,16.478928,19.072765,13.136251,18.20237,14.950004,17.623018,19.17319,20.826756,22.757557,21.343256,20.646788,17.68854,19.08164,15.064908,19.03974,15.51427,17.311897,20.324759,20.236162,16.151115,19.327784,16.826677,14.1669,11.86953,5.2879915,4.9608464,0.0,6.2759786,9.949603,13.0767,14.394839,17.437368,19.81658,18.227364,15.866502,12.643381,12.77465,9.563932,7.017055,8.560572,6.0915394,10.245437,10.481154,14.106529,16.881857,18.231144,17.3345,20.021988,20.525238,19.59904,15.883788,15.981402,11.762969,15.118025,16.749842,16.4585,13.205858,16.069893,12.293327,13.437225,14.295288,13.654556,16.53764,14.9428625,19.86755,18.410524,14.984998,17.768173,14.102026,20.23282,16.546074,18.04361,20.33918,19.322922,21.821445,22.956099,22.67338,20.123878,16.286655,14.929857,10.723464,13.336985,7.2832484,10.420125,9.668852,12.456047,11.67437,12.589986,9.050008,11.823085,9.190304,13.799647,16.952444,12.984509,15.518463,9.782536,14.797565,13.277863,15.316107,14.892192,12.743726,16.031872,10.289664,14.105227,12.562462,16.148685
31,29.664555,25.528439,24.991554,20.778622,18.19322,19.315706,13.7920685,17.604061,13.156552,16.433474,16.30446,17.388884,19.849958,17.77324,18.215034,14.485516,17.0584,13.231245,17.604076,15.309847,16.620363,20.672792,20.173182,16.438322,21.089804,18.883198,17.743507,14.074911,9.877858,5.977696,6.2759786,0.0,8.588226,8.910458,11.362677,14.350169,15.820552,14.399421,10.953401,6.956349,9.395648,5.8539925,6.5942554,9.276148,9.677331,13.687483,15.147741,18.48808,21.154306,23.268473,22.906456,25.763353,26.487793,25.782162,22.132177,22.186972,17.813465,20.956682,21.999254,21.419518,18.475245,19.754639,15.334761,15.417207,14.370092,13.596225,14.975912,12.030758,17.354065,17.274248,13.958889,15.348118,11.0572195,16.139572,11.174777,13.278628,14.706451,13.292638,15.806434,16.77923,16.87954,14.466665,10.902255,9.735561,5.6923223,9.477581,5.926648,11.447354,12.652715,16.066208,16.320007,17.493803,14.6400175,17.541489,14.638781,19.087671,21.58227,17.087597,20.126871,14.322571,18.5019,16.71028,17.760323,16.381227,14.558887,15.784752,10.373127,13.282972,10.556822,14.770488
32,33.9368,30.062885,28.358109,25.200981,21.828732,22.29495,16.593287,18.163223,13.623527,14.507081,13.8730345,17.317928,20.7194,19.994225,21.491615,19.198462,22.90242,19.977468,25.14498,23.132425,24.980843,28.770788,28.517399,24.514315,28.512691,25.754261,23.426807,20.406433,15.027903,12.734191,9.949603,8.588226,0.0,6.2749276,4.8715787,7.995717,10.595513,9.42734,8.581313,8.360644,6.534528,9.522875,7.319659,13.389172,11.310434,17.324116,19.08529,22.484852,25.723833,26.844135,25.744469,28.662111,29.001663,27.20712,22.924614,21.646622,17.392176,20.113894,19.10065,19.779612,18.208149,18.878227,14.134994,15.955734,12.62185,15.572417,16.692156,15.743675,20.434893,21.462936,19.684988,22.05722,18.261587,23.329086,17.837027,20.942022,21.163094,18.70165,20.505299,19.978994,20.263712,19.414463,14.437921,15.616751,12.868305,17.473469,13.697665,19.157335,19.171312,22.333748,21.389872,21.490244,17.51914,18.460516,14.326067,17.840128,19.779997,16.595577,21.64243,16.840706,22.256647,22.125174,24.516418,22.792852,20.206387,21.16135,14.562215,16.107492,12.175912,14.322495
33,33.6201,29.918072,27.844599,24.195356,21.325207,20.458221,15.644168,15.815627,10.617388,12.0390415,9.570349,12.225305,16.022345,14.929135,17.460772,15.135261,19.740034,17.60309,22.962622,22.222689,24.114,28.296312,28.40633,25.079252,29.944067,27.786654,26.397434,22.860765,17.983423,14.726578,13.0767,8.910458,6.2749276,0.0,5.223866,6.093618,8.167689,8.698327,5.415937,5.483689,8.310538,10.914006,11.287071,16.591555,15.935675,21.337244,23.033747,26.492964,29.447655,31.081179,30.225237,32.976543,33.198074,31.56256,27.43384,26.707003,22.698837,25.764366,25.167095,25.78322,23.830656,24.549555,19.717962,20.731192,17.143412,19.084824,19.297047,17.0102,21.84153,23.560104,21.405842,22.412464,18.282528,21.845293,15.499063,18.273195,17.355711,14.240818,15.346423,14.4431,14.394911,14.204879,9.053744,11.406208,10.295323,15.05755,13.435342,19.686285,20.528986,24.232973,23.774073,23.851603,20.56638,22.01494,18.201435,21.690802,22.962523,19.013428,23.828955,18.99997,23.441156,23.285418,25.209126,22.542915,20.171736,19.378119,13.6623955,13.961864,9.452079,11.601704
34,37.523376,33.7465,31.729559,28.400953,25.221554,24.837307,19.636543,19.924377,15.027275,15.455257,13.080856,16.709503,20.679092,19.961313,22.529325,20.309729,24.74567,22.272957,27.507647,26.1508,27.770454,31.906555,31.439884,27.597584,32.055107,29.328835,27.479225,24.018545,19.336277,16.336246,14.394839,11.362677,4.8715787,5.223866,0.0,4.2282104,5.7487946,5.013084,5.2233043,7.595363,5.8692484,11.1250105,10.541408,16.468885,15.3836565,21.147097,23.377308,26.660793,29.922985,31.278824,30.35687,33.39918,33.842796,32.069458,27.77323,26.379143,22.09803,24.60437,23.154648,23.721,22.487844,22.226128,17.456495,18.784168,14.1560955,17.602499,17.58733,16.550589,20.794436,22.955006,21.76805,23.529432,19.874063,23.95539,18.035389,21.611727,20.829453,17.914078,19.270914,17.9157,18.700224,18.73834,14.019129,16.16058,14.46848,19.202755,16.828411,22.68165,23.230896,26.558075,25.901957,26.084646,22.25185,23.217873,19.057005,22.349884,23.891298,20.7654,26.026678,21.309278,26.458576,26.317867,28.427881,26.363997,23.886206,23.923252,17.70768,18.446997,14.015174,15.644651
35,38.118084,34.597534,31.993908,28.939577,25.804392,24.622524,20.049173,18.877005,14.270683,13.716926,10.510079,14.644958,18.791203,18.667175,21.775352,20.326847,25.18728,23.426506,28.914948,28.178461,30.149002,34.27083,34.303856,30.754251,35.380363,32.8953,31.05325,27.688717,22.587898,19.734564,17.437368,14.350169,7.995717,6.093618,4.2282104,0.0,4.5529566,6.6736717,7.0706515,10.174909,9.952604,15.000579,14.547957,20.494167,19.179798,25.057842,26.995474,30.390162,33.597717,34.828026,33.70739,36.523746,36.635807,34.536175,30.195112,28.788664,24.95369,27.596024,25.867758,27.030338,25.921673,26.032366,21.331469,22.922352,18.250341,21.82726,21.698904,20.471464,24.675343,27.03443,25.72078,27.151028,23.33904,26.90331,20.630558,23.883043,22.51039,19.185066,19.865913,18.048365,18.35182,19.164967,14.239918,17.210863,16.384813,21.139778,19.235268,25.376654,25.84152,29.386927,28.520199,28.253103,24.548334,25.114992,20.940012,23.720102,24.561628,21.602839,27.193405,22.99212,27.859797,28.323273,30.708183,28.052551,25.44362,24.670515,18.749237,18.50388,14.019036,14.492155
36,41.60474,37.98101,35.642414,32.204662,29.281246,28.042585,23.523655,22.553415,17.67328,17.637737,13.666923,17.015213,21.31056,20.672302,24.27072,22.306952,27.306557,25.439404,30.61158,29.997328,31.43535,35.823395,35.2671,31.707092,36.570824,33.97655,32.591553,28.806616,24.648447,21.198816,19.81658,15.820552,10.595513,8.167689,5.7487946,4.5529566,0.0,3.8732367,5.654182,10.029788,9.532646,15.065029,15.643352,21.163183,20.791775,26.28476,28.7756,31.978714,35.211006,36.774914,35.988636,39.086216,39.565323,37.78967,33.486378,32.06074,27.820156,30.232546,28.511679,29.047285,28.021078,27.175924,22.483803,23.397287,18.08615,21.581305,20.580774,19.385336,22.975447,26.123405,25.412504,26.438833,23.008444,25.837833,19.733843,23.465555,21.576551,18.291853,18.903053,16.561625,17.82239,19.015806,15.029593,18.03127,17.586819,22.110338,21.108986,27.167337,28.15098,31.634512,31.20883,31.405184,27.740854,28.730427,24.57787,27.681883,28.824383,25.715683,31.093359,26.502449,31.325851,31.232672,33.1002,30.66448,28.31304,27.425577,21.795776,21.732462,17.176682,18.156208
