,0,1,2,3,4,5,6,7,8,9,10,11,12,13,14,15,16,17,18,19,20,21,22,23,24,25,26,27,28,29,30,31,32,33,34,35,36,37,38,39,40,41,42,43,44,45,46,47,48,49,50,51,52,53,54,55,56,57,58,59,60,61,62,63,64,65,66,67,68,69,70,71,72,73,74,75,76,77,78,79,80,81,82,83,84,85,86,87,88,89,90,91,92,93,94,95,96,97,98,99,100,101,102,103,104,105,106,107,108,109,110,111,112
0,0.0,4.241165,6.328918,9.711002,12.19693,14.530138,17.478645,21.993135,24.733475,28.253103,31.565685,34.87612,36.35692,38.11791,39.27213,33.995052,36.119522,32.285236,37.570927,32.87248,36.519863,37.02936,40.717598,34.60144,31.224056,32.496044,29.539371,33.256214,32.453587,36.66815,35.122883,39.524902,41.999195,41.11675,36.14481,33.423836,32.260647,34.128857,31.17039,28.443735,28.647295,29.724497,26.700079,23.433153,25.964771,25.791315,21.721954,19.682518,21.448559,24.781778,27.93415,22.256327,28.038425,31.250856,31.112402,32.348713,32.070347,35.17185,37.533722,37.20809,38.393322,42.733475,45.212177,48.301777,46.394863,45.6825,49.823055,49.903034,44.873142,46.90433,49.274654,49.3516,43.77673,46.0886,41.35822,43.449318,40.599422,35.872402,36.29348,31.269278,31.951359,30.26503,28.74176,25.518145,26.818087,21.63434,26.46048,23.51344,25.162613,27.419859,26.81995,31.624266,30.02601,28.98704,26.629171,23.842806,22.419573,21.786612,17.79022,20.876564,19.862762,24.311441,22.435846,26.806824,26.701488,27.873398,31.708887,30.708584,37.22036,33.651875,37.63978,38.763485,40.490532
1,4.241165,0.0,5.248205,6.4235134,9.3108425,12.5191965,14.94197,19.721712,21.833178,25.705837,28.746925,31.98998,33.145874,34.812954,35.638252,30.251616,32.204338,28.381922,33.582653,29.001488,32.639854,33.32808,36.95944,30.722464,27.372662,28.527803,25.64086,29.43359,28.695776,33.007866,31.632572,36.349617,38.780113,38.266605,33.358944,30.35232,29.61969,31.583134,28.210339,25.436838,26.286837,27.024286,23.606577,20.805614,23.825035,23.063051,18.608097,17.577518,19.738913,23.35627,25.837036,19.994772,26.216827,29.277546,28.594786,29.385023,29.00848,31.882023,34.623383,34.552998,35.286606,39.530537,41.805202,45.076588,43.25781,42.340923,46.269917,46.296078,41.175755,43.017014,45.40248,45.41533,39.846832,42.045856,37.35165,39.415573,36.65204,31.958527,32.64939,27.56524,28.55812,27.205698,25.340958,21.906847,22.915764,17.718225,22.30233,19.414762,21.019201,23.428736,22.96611,27.729382,26.444729,25.58729,23.316286,20.347721,18.70427,17.800295,13.743112,16.71113,15.63727,20.094982,18.601433,22.794773,23.066597,24.51556,28.186522,26.947153,33.36339,29.625048,33.546265,34.593533,36.28289
2,6.328918,5.248205,0.0,5.499026,6.4168725,9.118664,11.330819,16.088818,18.951973,22.2788,25.811632,28.95797,30.700682,32.79771,34.36116,29.335567,31.915987,28.547808,34.33342,30.299767,34.388294,35.402916,39.42952,33.193676,29.758905,30.403885,26.8629,30.223228,28.693945,33.0215,30.405663,35.199585,37.028343,36.212444,31.022217,28.125134,26.905272,29.398752,26.595114,23.5074,23.970482,26.003107,22.695019,19.12502,22.36631,23.150808,18.660522,16.500566,19.567652,22.485937,25.610813,21.057098,27.08267,29.670448,29.55987,30.6353,29.427109,32.744843,35.675034,34.707993,35.230927,39.995384,42.17709,45.38878,42.957157,41.876884,46.033726,45.710823,40.77074,43.09616,44.9122,44.765656,39.102707,41.435757,36.58909,38.68486,35.619232,30.834103,30.808573,25.873611,26.175331,24.20933,22.96364,20.058762,21.924,17.004107,22.644955,20.693106,23.042559,25.875326,26.064938,30.747204,29.905294,29.092985,26.62536,23.65502,21.218716,20.576347,16.628052,19.088482,16.741173,20.923725,17.56021,22.233976,21.389687,22.201422,26.296848,25.622435,32.270977,28.995066,33.299366,34.622215,36.8047
3,9.711002,6.4235134,5.499026,0.0,3.909997,6.847824,9.15505,13.60997,15.470764,19.438978,22.346794,25.64954,26.806152,28.490776,29.595879,24.37838,26.737614,23.183344,28.907505,24.81467,28.954361,30.015434,34.15921,27.997679,24.52018,25.04516,21.381687,24.735506,23.332285,27.66624,25.549393,30.375751,32.51931,31.997679,27.015234,23.962614,23.244064,25.42352,22.065233,19.127132,20.21289,21.40745,17.781233,14.839908,18.440073,18.311876,13.520967,12.598853,15.901507,19.188437,21.399605,16.698317,23.047272,25.464819,24.807924,25.514889,24.26584,27.407537,30.566696,29.869785,30.106329,34.73216,36.830265,40.135,37.875095,36.74793,40.784485,40.578773,35.564346,37.77394,39.815685,39.834156,34.239197,36.754032,32.0052,34.412334,31.55226,26.671362,27.418295,22.183605,23.175583,21.717701,19.559795,16.185656,17.449629,12.240348,17.656616,15.368748,18.016968,20.800833,21.366167,26.057508,25.270857,24.444357,21.891111,18.951572,16.09589,15.789344,12.152976,14.712857,11.936729,16.49554,13.971264,18.177856,18.20435,19.531008,23.470963,22.286024,28.753622,24.863602,29.202902,30.066525,32.38048
4,12.19693,9.3108425,6.4168725,3.909997,0.0,5.4955173,5.6896706,10.921824,12.934099,16.641016,19.922377,22.957077,24.471287,26.623138,28.135105,23.193846,25.951511,22.947613,28.97222,25.572277,29.90844,31.367313,35.558994,29.354591,25.982248,26.039118,22.14212,25.161932,23.156677,27.566315,24.402477,29.67672,31.096493,30.671467,25.458544,22.178234,21.404139,24.329197,21.208628,17.868116,19.239912,21.475883,17.659777,14.494645,18.663322,19.49075,14.591777,13.572314,17.682745,20.39867,22.650026,19.01325,25.189295,27.131624,26.567533,27.13468,25.22188,28.425783,31.97131,30.81543,30.50347,35.39599,37.20293,40.597065,37.937233,36.474903,40.4541,39.861736,34.933422,37.31414,38.813183,38.53426,32.847103,35.205723,30.336979,32.550102,29.451408,24.59621,24.685108,19.639982,20.100203,18.310635,16.662037,13.69514,15.702864,10.996705,17.108824,16.075096,18.989252,22.190853,23.15592,27.540924,27.405228,26.849478,24.43145,21.43891,18.193308,17.587261,14.166937,15.822151,12.244205,16.05432,11.846924,16.454056,15.504121,16.380838,20.55946,19.805058,26.42294,23.041388,27.565258,28.803812,31.360224
5,14.530138,12.5191965,9.118664,6.847824,5.4955173,0.0,5.446298,7.706919,10.954586,14.048129,17.369335,20.866196,22.732836,24.65342,26.880281,22.388582,25.624687,22.7006,29.045477,25.684994,30.320751,31.583202,36.335094,30.623566,27.10851,26.982496,22.418587,24.798664,22.330273,26.308826,22.662016,26.964878,28.591047,27.361168,22.12877,19.628262,17.962975,20.436947,18.103899,15.006817,15.002531,17.991177,15.017641,10.773874,14.321382,16.75154,12.694701,9.649291,14.089231,15.99191,18.977493,16.756062,22.18536,23.74689,24.08336,25.370754,22.995058,26.809282,29.874205,27.781378,27.974049,33.257828,35.35828,38.360012,35.28337,34.167435,38.649403,38.1482,33.559612,36.59999,38.012093,38.114944,32.598747,35.68199,30.925201,33.772343,30.699429,25.69375,25.935104,20.880037,21.151873,18.88642,17.128836,14.68057,16.903708,12.577642,18.851892,17.597672,21.241005,24.043043,25.505133,29.974743,29.380795,28.395918,25.526691,22.985163,19.36042,20.039099,17.189587,19.256222,15.256858,19.198696,14.931931,18.979502,17.859215,18.29878,22.713732,22.153923,28.5279,24.961752,29.783045,30.526163,33.658257
6,17.478645,14.94197,11.330819,9.15505,5.6896706,5.446298,0.0,5.81235,8.100916,11.220494,14.882595,17.738544,19.764645,22.347885,24.627825,20.341763,23.762419,21.575132,27.9702,25.535046,30.163977,31.996964,36.473026,30.580957,27.328718,26.710161,22.299232,24.494854,21.581684,25.770325,21.155203,26.532475,27.100801,26.565058,21.16055,17.879757,16.832373,20.535942,17.998034,14.336106,15.7880945,19.422585,15.774839,12.384522,16.923706,19.21664,14.764503,13.487577,18.32818,20.031944,22.161894,20.416758,25.968033,27.090378,26.832256,27.393154,24.513271,27.906153,31.719067,29.71123,28.812727,34.084026,35.59209,38.913803,35.638363,33.887257,37.933678,36.911636,32.287014,35.14441,35.934875,35.49883,29.848488,32.40169,27.51534,29.879738,26.57273,21.71322,21.19941,16.41859,16.17837,13.766166,12.551749,10.5518265,13.569403,10.2108345,16.737816,17.122892,20.630898,23.96275,25.684656,29.663013,30.044537,29.588942,27.138601,24.376364,20.556484,20.354778,17.685026,18.57822,14.094252,16.860956,11.028593,15.273623,13.117019,13.130473,17.655321,17.501984,23.951351,21.04455,25.894976,27.185308,30.369524
7,21.993135,19.721712,16.088818,13.60997,10.921824,7.706919,5.81235,0.0,4.7925763,6.4434266,10.248476,13.507895,16.012024,18.49825,21.709526,18.288132,22.275661,20.648216,27.200254,25.34886,30.17363,32.009495,36.906284,31.633102,28.432852,27.396769,22.469288,23.699991,20.11125,23.684084,18.06402,22.612488,22.863625,21.679466,16.192883,13.594467,11.640414,15.523667,14.009403,10.48669,10.988265,16.01402,13.272211,9.521333,13.577514,17.561974,14.298374,12.278368,17.184307,17.659496,19.738485,20.096785,24.57432,24.87823,25.241444,26.141394,22.502182,26.240362,29.82237,26.809456,25.842642,31.46295,32.960793,35.93695,32.094852,30.436775,34.81619,33.664757,29.510265,33.050907,33.4492,33.27905,27.899282,31.124918,26.46612,29.430574,26.208101,21.39683,20.99186,16.562103,16.068842,13.322799,12.033521,11.210907,14.254085,12.216816,18.153255,18.867556,22.895117,25.862125,28.180998,31.949287,32.236584,31.567453,28.89543,26.592945,22.435486,23.190615,21.251026,22.138546,17.367771,19.771347,14.252322,17.316551,15.089824,14.565323,18.887924,18.988224,24.719227,21.839436,26.835873,27.600058,31.4102
8,24.733475,21.833178,18.951973,15.470764,12.934099,10.954586,8.100916,4.7925763,0.0,4.6539044,7.011764,10.196906,11.889692,14.341258,17.168865,13.725715,17.779934,16.639011,23.10508,21.962479,26.716362,28.879784,33.63082,28.548532,25.611311,24.14504,19.30752,20.125864,16.254282,19.83253,13.844583,19.233154,19.12611,18.793362,13.431667,9.868286,9.319014,13.657887,11.253548,7.4590416,10.261688,14.425691,11.088566,9.146337,13.744696,16.580893,13.372178,13.48845,18.231913,18.852104,19.528358,20.179228,24.58492,24.491615,24.075575,24.234425,20.289267,23.51943,27.646757,24.958733,23.041723,28.468143,29.513777,32.7419,28.96257,26.867594,30.87654,29.525757,25.259548,28.633642,28.868645,28.566395,23.140448,26.33805,21.702179,24.802887,21.683449,16.86523,16.967258,12.469442,12.561092,10.606978,8.166022,7.560707,10.282393,9.675942,14.680835,16.361904,20.34966,23.29468,26.003605,29.264114,30.084957,29.691977,27.305456,25.136972,20.8632,21.509907,20.290823,20.45018,15.5902,17.060778,12.022896,13.927989,12.139242,11.882862,15.69104,15.484213,20.718927,17.633875,22.6062,23.132277,27.13436
9,28.253103,25.705837,22.2788,19.438978,16.641016,14.048129,11.220494,6.4434266,4.6539044,0.0,4.4933634,7.1787724,10.300346,13.33176,17.38925,15.3843155,19.751844,19.506468,25.728912,25.315702,30.01016,32.24809,37.066395,32.360336,29.570536,27.854303,22.98557,23.14367,18.885921,21.78599,14.689648,19.306063,18.061502,17.233248,11.85394,9.121097,7.500044,12.753689,12.08166,8.905082,10.43575,15.994637,13.779279,11.780531,15.359553,19.490286,17.136864,16.421768,20.98297,20.70402,21.630095,23.558367,27.216763,26.601406,26.745504,27.1471,22.768784,26.078724,29.989351,26.53007,24.453142,30.021845,30.865559,33.785774,29.452936,27.274382,31.338326,29.604675,25.948362,29.787754,29.254192,28.844791,23.76366,27.072788,22.711582,25.776968,22.613066,18.265036,17.50419,14.114857,13.121419,10.5306015,9.605111,10.808546,13.7101965,14.132162,18.62046,20.743038,24.706623,27.559423,30.42356,33.481583,34.421833,34.01644,31.606855,29.588274,25.285984,26.083357,24.944138,25.009327,20.151028,21.21373,15.790477,17.328024,14.749841,13.572681,17.050203,17.597275,22.102331,19.90209,24.71393,25.310696,29.58801
10,31.565685,28.746925,25.811632,22.346794,19.922377,17.369335,14.882595,10.248476,7.011764,4.4933634,0.0,4.0490274,6.293172,8.943047,13.382417,12.332408,16.752089,17.239523,23.041605,23.40317,27.917713,30.250296,35.04849,30.92356,28.416395,26.344597,21.566097,20.9166,16.417189,18.651155,11.015025,15.389755,13.614763,13.1474495,8.004921,5.029403,4.60439,10.008943,9.511882,7.2314243,9.668785,14.37996,12.681472,12.251376,15.252652,18.856647,17.339148,17.670446,21.735798,21.156288,20.998133,23.82065,26.818481,25.625872,25.48333,25.517467,20.810717,23.741962,27.735786,24.160992,21.412458,26.818983,27.315855,30.167946,25.677729,23.271843,27.195972,25.306166,21.908895,25.96929,25.17508,24.928886,20.130161,23.857544,19.857964,23.383247,20.575758,16.534996,16.57406,13.693471,13.3644285,11.864743,10.120418,11.691597,13.544605,15.122459,18.205858,20.670385,24.554464,27.037704,30.24446,32.844467,33.954506,33.601997,31.330217,29.667978,25.376413,26.50167,26.061993,25.834755,21.151709,21.660826,17.33007,17.640018,15.87891,15.01656,17.598858,17.82847,21.250988,18.884975,23.411552,23.394735,27.93251
11,34.87612,31.98998,28.95797,25.64954,22.957077,20.866196,17.738544,13.507895,10.196906,7.1787724,4.0490274,0.0,4.3438816,8.088267,12.854134,13.177331,17.37898,18.874355,24.104057,25.387352,29.626451,32.22737,36.729267,32.821613,30.621035,28.262989,23.83769,22.831068,18.285908,20.114853,12.1001,16.505077,13.177823,13.515504,9.400958,6.849097,7.593809,12.572892,12.547693,10.814171,13.41134,17.77449,16.18513,16.241169,19.14182,22.49127,21.013784,21.697031,25.73904,25.09827,24.69296,27.643465,30.537235,29.140911,28.804193,28.503325,23.717506,26.1883,30.360794,26.858091,23.496824,28.56414,28.513863,31.364424,26.75539,23.91615,27.269272,24.840572,21.881516,25.819778,24.152473,23.43236,18.933807,22.245882,18.537561,21.685827,18.891867,15.554019,14.842966,13.293568,12.329145,11.171246,10.40507,13.123472,14.90316,17.547968,19.924166,23.188904,26.774298,29.3112,32.602875,34.77427,36.372406,36.273174,34.24986,32.592976,28.36322,29.155077,28.884115,28.17881,23.59036,23.325478,18.876562,18.576885,16.40221,15.069663,16.836275,17.549444,19.95013,18.553905,22.68319,22.868805,27.474722
12,36.35692,33.145874,30.700682,26.806152,24.471287,22.732836,19.764645,16.012024,11.889692,10.300346,6.293172,4.3438816,0.0,4.229607,8.584738,9.7418785,13.641569,15.837058,20.460756,22.444462,26.380482,29.107231,33.403744,29.922195,28.042177,25.42393,21.334148,19.79619,15.316582,16.68165,8.747763,13.624245,9.983352,11.760129,8.672521,5.5758653,8.642555,12.392563,11.49614,10.54851,14.21201,16.943325,15.319176,16.730186,19.516148,21.654448,20.521791,22.387865,26.051702,25.622217,24.233477,27.195267,29.866497,28.263662,27.310555,26.434639,21.681467,23.519905,27.927435,24.897076,20.825134,25.456112,24.988396,28.011965,23.632957,20.433752,23.36671,20.834576,17.758614,21.553896,19.837605,19.172113,14.683376,18.313398,14.839938,18.462788,16.100828,13.028097,13.6388445,12.337924,12.564131,12.755648,10.836372,13.180528,13.772943,17.217497,18.161983,21.689455,24.988884,27.19396,30.672636,32.364452,34.188644,34.228424,32.453632,31.058805,26.976002,27.844545,28.185135,27.154724,22.900715,22.10575,18.920551,17.55403,16.463192,15.775503,16.722364,16.807606,18.241215,16.418467,20.159033,19.708677,24.418514
13,38.11791,34.812954,32.79771,28.490776,26.623138,24.65342,22.347885,18.49825,14.341258,13.33176,8.943047,8.088267,4.229607,0.0,5.483824,8.238267,11.5900955,14.184828,18.080517,20.494568,24.15028,26.728498,31.05852,28.271166,26.61425,23.866058,19.93985,17.642845,13.30329,13.621272,6.050949,9.805323,5.982878,8.7617035,7.2713575,5.4694843,9.302553,11.106836,10.191976,10.658164,14.184887,15.4208,14.542041,17.004814,19.019728,20.458363,20.224293,22.650505,25.677038,25.062119,22.835876,26.390709,28.338858,26.329834,25.17475,24.070265,19.275753,20.695143,24.921158,21.909008,17.411695,21.73962,21.065987,23.95852,19.547323,16.257423,19.226381,16.793427,13.87869,18.080317,16.55727,16.562687,12.549991,17.073956,14.274161,18.58924,16.949026,14.243361,16.211712,14.859314,15.96407,16.61769,14.028979,15.616566,15.277904,18.645302,18.593147,21.666191,24.844059,26.493559,30.13933,31.546978,33.18189,33.114994,31.39104,30.41987,26.493177,27.857595,28.734863,27.78958,23.863243,23.105423,21.144001,19.26609,19.203987,19.054855,19.74339,19.26749,20.112986,17.658535,20.962446,19.602327,24.320894
14,39.27213,35.638252,34.36116,29.595879,28.135105,26.880281,24.627825,21.709526,17.168865,17.38925,13.382417,12.854134,8.584738,5.483824,0.0,5.71133,7.1432805,10.936144,13.3794,16.899761,19.912256,22.717976,26.561325,24.266132,23.143124,20.111414,17.023563,14.171628,10.490129,10.112184,5.1927443,9.599742,7.35683,11.780506,11.564154,9.452341,13.767093,14.580262,12.216643,13.063301,17.407448,16.62028,15.311988,18.973013,21.087797,20.628756,20.45922,24.27419,26.86701,26.844025,23.668968,26.46912,28.442722,26.526497,24.35046,22.30582,18.027637,18.234583,22.88635,21.159483,15.825076,19.09402,17.731659,21.155285,17.64709,13.808316,15.706655,13.319785,9.5032835,12.975509,11.879096,12.004763,7.6484127,12.712273,10.37703,15.221703,14.433817,12.32678,15.975333,14.82312,17.11248,18.845945,15.5525875,16.429651,14.748863,18.628208,16.660303,19.899862,22.384787,23.554516,27.273432,27.953804,29.962341,30.176212,28.920435,28.23924,24.707884,25.918022,27.515507,26.109562,22.876335,21.42197,21.189074,18.242138,19.509924,20.104725,19.969515,18.738085,18.534672,15.512256,17.973457,15.690784,20.246819
15,33.995052,30.251616,29.335567,24.37838,23.193846,22.388582,20.341763,18.288132,13.725715,15.3843155,12.332408,13.177331,9.7418785,8.238267,5.71133,0.0,4.4264417,6.245826,10.938253,12.866566,16.66627,19.510902,23.690884,20.28076,18.631033,15.838378,12.163144,10.327015,6.187922,8.333401,4.118818,11.152487,11.440975,14.44683,12.394259,8.885132,13.013949,14.233372,10.132709,10.034398,15.2407465,13.955744,11.28688,15.089209,17.983404,16.629671,15.563636,20.004225,22.774538,23.505829,20.511385,21.988327,24.906837,23.694101,21.124235,19.003798,15.013058,15.628474,20.791155,19.72508,15.06512,18.862713,18.378025,22.264074,19.345888,16.139685,18.671837,17.26037,12.362972,15.016452,15.697635,15.843056,10.581762,14.789184,11.116911,15.765818,14.354031,10.703549,14.944477,12.029187,15.107704,16.769169,12.590623,12.194951,9.917786,13.282104,11.243972,14.246171,16.963411,18.425308,22.098831,23.31461,25.134739,25.302603,23.911215,22.923153,19.255995,20.332674,21.811737,20.521076,17.248745,16.160904,16.402678,13.685125,15.694928,16.9472,17.451616,15.605738,16.968718,12.598647,15.939231,13.913158,18.340614
16,36.119522,32.204338,31.915987,26.737614,25.951511,25.624687,23.762419,22.275661,17.779934,19.751844,16.752089,17.37898,13.641569,11.5900955,7.1432805,4.4264417,0.0,4.8035007,6.908472,10.360679,13.289884,16.39823,20.052004,17.242569,16.25111,13.121407,10.679427,8.100682,5.640504,6.660879,7.2736464,12.490109,13.442714,17.07804,16.064108,13.099506,17.223133,17.704956,13.517478,13.949637,18.950499,16.379633,13.930299,18.315004,20.877497,18.14969,17.417093,22.687136,24.887945,25.939245,22.242298,23.197496,25.86233,24.678415,21.3311,18.383726,15.156823,14.417597,19.756258,19.917044,14.80206,17.322065,16.249092,20.469389,18.523659,15.165683,16.64067,15.567953,10.2689085,11.594818,13.220145,13.599227,8.729164,12.716207,9.861577,14.553645,14.116594,11.439263,16.660398,14.301311,17.904263,20.16713,15.954086,15.196519,12.069644,15.436879,11.507307,14.301012,16.04778,16.798431,20.505682,20.870447,23.036245,23.478317,22.605854,22.014618,18.910122,19.875,22.114994,20.437265,18.08455,16.372604,18.394674,14.885365,17.951902,19.657932,19.450846,17.12635,17.399694,12.769677,14.931487,11.85665,15.867985
17,32.285236,28.381922,28.547808,23.183344,22.947613,22.7006,21.575132,20.648216,16.639011,19.506468,17.239523,18.874355,15.837058,14.184828,10.936144,6.245826,4.8035007,0.0,6.560728,6.689228,10.801156,13.57079,17.909643,14.201131,12.454718,9.711445,6.12856,4.5045137,2.4542654,6.2285013,8.671701,13.5389805,16.086363,18.640524,16.875456,13.856521,17.296343,17.41002,12.493553,12.70539,17.47689,14.039248,11.042161,15.555271,18.142769,14.334307,13.334238,19.147446,21.035126,22.617027,18.89466,18.844877,21.950441,21.2927,17.635801,14.668007,11.916921,11.527515,17.0336,17.744236,13.607311,16.495054,16.482367,20.71576,19.184984,16.68003,18.970856,18.761593,13.356268,14.64654,17.405006,18.19143,13.501811,17.117386,13.931492,18.185308,17.367794,13.858382,18.867973,15.287384,19.057537,20.859709,16.26975,14.364488,11.045702,12.825743,8.962243,10.162119,12.235196,12.82292,16.575415,17.690327,19.14775,19.271446,18.077133,17.438356,14.2269945,15.647346,17.97696,16.812948,14.64327,13.920112,16.730448,13.948838,17.584442,19.730688,20.320965,17.674854,19.398994,13.9953,16.727589,14.029107,17.460978
18,37.570927,33.582653,34.33342,28.907505,28.97222,29.045477,27.9702,27.200254,23.10508,25.728912,23.041605,24.104057,20.460756,18.080517,13.3794,10.938253,6.908472,6.560728,0.0,6.116868,6.9102345,10.146231,13.267755,11.551053,11.560343,8.332341,8.485114,5.4250565,7.6395183,7.1612434,13.040011,15.960659,18.59709,21.93426,21.578743,19.180237,22.928812,22.352629,17.926796,18.853045,23.31155,18.983316,16.916294,21.729727,23.64624,18.9486,18.832064,24.93028,26.051905,27.630596,23.117567,23.02856,25.205976,24.312946,19.926825,15.95797,14.531412,11.876686,16.953306,19.291382,14.60991,15.051432,13.882974,18.323776,18.33396,15.754872,16.218748,16.580286,11.468993,10.425875,14.577269,15.8382635,12.713401,15.642201,14.1929035,18.06956,18.594511,16.64788,22.271114,19.793089,23.782448,26.20373,21.791832,20.17516,16.493004,18.676607,13.4165745,14.358058,14.650173,13.774891,17.243624,16.568382,18.521833,19.086754,18.89333,19.144882,17.172539,18.404402,21.671135,20.03884,19.220528,17.632029,21.942827,18.347834,22.55005,24.844301,24.49748,21.63991,21.661453,16.67522,17.602375,13.725926,16.114407
19,32.87248,29.001488,30.299767,24.81467,25.572277,25.684994,25.535046,25.34886,21.962479,25.315702,23.40317,25.387352,22.444462,20.494568,16.899761,12.866566,10.360679,6.689228,6.116868,0.0,4.861256,7.09784,11.792485,8.293189,6.72234,4.289487,3.4565659,3.0261505,7.359787,8.713027,14.667568,17.492218,21.35186,23.56802,22.350983,19.935108,22.909182,22.043976,17.183174,17.846588,21.745333,16.742605,14.396542,18.904879,20.643988,14.795434,14.536824,20.91862,21.49019,23.68131,19.277891,17.801188,20.4302,20.293528,15.546983,11.544167,11.259897,9.0530615,14.064108,17.126078,14.066381,15.140917,15.614397,19.748312,19.952284,18.421001,20.171114,21.171057,16.065813,15.957154,20.333612,21.74983,18.104685,21.156507,18.83428,22.586494,22.40578,19.413937,24.669939,21.021296,24.998398,26.841967,22.198084,19.625172,16.104757,16.453804,11.910321,10.390053,10.7732935,9.217291,12.677225,13.266115,13.830159,13.776734,13.043716,13.415375,11.538017,13.603066,17.009275,16.238272,15.850843,15.676172,20.527487,17.987352,22.429218,25.021366,25.582043,22.558887,24.19737,18.598125,20.396828,17.274675,19.330095
20,36.519863,32.639854,34.388294,28.954361,29.90844,30.320751,30.163977,30.17363,26.716362,30.01016,27.917713,29.626451,26.380482,24.15028,19.912256,16.66627,13.289884,10.801156,6.9102345,4.861256,0.0,3.619032,7.1330276,5.6794825,6.4941163,4.574418,7.9297557,7.1731052,11.623419,11.6125,18.526987,20.619358,24.451275,27.04515,26.470303,24.249409,27.425232,26.304394,21.653702,22.564835,26.398796,21.06884,19.133291,23.692533,25.139545,18.956175,19.074572,25.440336,25.560698,27.790775,23.06989,21.402967,23.40649,23.25403,18.165455,13.720207,14.606623,11.140429,15.174224,19.48386,16.44301,15.746962,15.633388,19.616077,21.068369,19.713484,20.301735,21.756607,17.128105,15.5984125,20.62608,22.221262,19.547092,21.951654,20.553326,23.867006,24.379738,22.192045,27.71649,24.598722,28.721874,30.921497,26.344454,23.878815,20.141783,20.770727,15.549471,14.151669,13.211585,10.591052,13.288465,12.2057495,12.991753,13.370211,13.7490225,14.910201,14.359543,15.978419,19.87316,18.79168,19.405632,18.672646,24.367277,21.401384,26.162722,28.87388,28.916494,25.753044,26.523657,21.190844,21.958578,18.393887,19.508255
21,37.02936,33.32808,35.402916,30.015434,31.367313,31.583202,31.996964,32.009495,28.879784,32.24809,30.250296,32.22737,29.107231,26.728498,22.717976,19.510902,16.39823,13.57079,10.146231,7.09784,3.619032,0.0,5.655869,6.1268945,6.999913,6.7541633,9.842265,9.398263,13.960635,13.5833645,20.922136,22.138165,26.579655,28.740725,28.334751,26.490788,29.346533,27.704031,23.227306,24.394064,27.679838,21.823938,20.391636,24.833948,25.705275,19.062222,19.785633,25.943274,25.37096,27.633934,22.723787,20.82426,22.168957,22.158947,16.9145,12.425253,14.50497,10.708281,13.59285,18.77077,16.65991,15.274455,15.745312,19.239334,21.351791,20.711304,21.460535,23.478172,19.216808,17.817001,23.168703,25.137295,22.764639,25.368004,24.083488,27.468706,27.975468,25.668907,31.138023,27.801147,31.875328,33.867847,29.239498,26.585997,22.991802,23.018328,18.281843,15.950973,14.962928,11.764277,13.839621,12.943708,12.377267,12.184108,12.583231,14.515583,14.666832,16.883854,20.811466,20.3115,21.264208,21.16551,26.928047,24.352926,29.092993,31.831509,32.14335,28.97651,30.042055,24.630968,25.505213,21.994751,22.95245
22,40.717598,36.95944,39.42952,34.15921,35.558994,36.335094,36.473026,36.906284,33.63082,37.066395,35.04849,36.729267,33.403744,31.05852,26.561325,23.690884,20.052004,17.909643,13.267755,11.792485,7.1330276,5.655869,0.0,6.687259,9.709795,9.886621,14.438783,14.236284,18.732304,18.21639,25.524084,26.93613,30.937077,33.569523,33.382732,31.344793,34.47516,33.057674,28.544918,29.571651,33.146404,27.427723,25.808056,30.207733,31.30333,24.621431,25.007513,31.252602,30.705301,33.152935,28.301361,25.955921,27.349854,27.503721,22.236494,17.808895,20.133179,16.154299,18.469833,24.005184,21.74692,19.472736,19.21921,22.454052,25.344587,24.570433,24.176512,26.217136,22.373676,19.717226,25.086512,26.807938,25.131157,26.756569,26.1563,28.82174,29.86984,28.298815,33.8616,31.020395,35.221672,37.60337,33.08453,30.482922,26.669516,27.016918,21.613304,19.719334,17.654737,14.1689825,15.285074,12.586578,12.762282,13.44916,15.200097,17.275389,18.417784,19.644358,23.790356,22.754097,24.575508,23.768845,30.25827,27.277748,32.30153,35.182674,34.940197,31.644793,31.94204,26.905563,26.79235,23.19374,23.055445
23,34.60144,30.722464,33.193676,27.997679,29.354591,30.623566,30.580957,31.633102,28.548532,32.360336,30.92356,32.821613,29.922195,28.271166,24.266132,20.28076,17.242569,14.201131,11.551053,8.293189,5.6794825,6.1268945,6.687259,0.0,3.6740057,4.582182,9.656771,11.270614,15.458256,16.623697,22.67773,25.61619,29.324198,31.807638,30.570177,27.871061,30.842949,30.217175,25.26055,25.529541,29.420902,24.396902,21.827122,25.747587,27.630114,21.093163,20.26743,26.636066,26.728445,29.669004,25.506935,22.11438,24.994524,25.738483,20.574574,16.430944,18.173014,15.352733,18.887573,23.580742,21.34905,20.903086,21.15221,24.965775,26.569984,25.332985,25.946075,27.297052,22.561155,20.773676,25.553303,26.648438,23.635704,25.223093,23.481495,26.039713,26.383455,24.120998,29.368563,26.005623,30.172691,32.388542,27.915224,24.947655,21.212416,21.05054,15.766921,13.521979,11.0409565,7.5460186,8.936873,6.9276876,7.851416,9.051321,10.640704,11.739218,12.579742,13.137133,17.300581,16.071276,18.063597,17.39055,24.08335,21.45758,26.54429,29.562057,29.614252,26.259209,27.450073,22.137629,22.631083,19.69287,19.771538
24,31.224056,27.372662,29.758905,24.52018,25.982248,27.10851,27.328718,28.432852,25.611311,29.570536,28.416395,30.621035,28.042177,26.61425,23.143124,18.631033,16.25111,12.454718,11.560343,6.72234,6.4941163,6.999913,9.709795,3.6740057,0.0,3.3389916,6.970553,9.674126,13.545337,15.429481,20.89152,24.070337,27.959244,30.02663,28.339533,25.595367,28.253296,27.701714,22.671236,22.74001,26.441671,21.557278,18.794727,22.44437,24.398424,17.86571,16.755169,23.075916,23.233994,26.316778,22.435368,18.679762,22.030005,23.015776,18.011875,14.1937275,15.774271,13.728109,17.487324,21.685272,19.854603,20.309986,21.103682,24.940523,25.950468,24.81352,26.21096,27.452108,22.46382,21.524782,26.100027,27.199524,23.603027,25.66682,23.304201,26.169785,26.006838,23.114422,28.127428,24.259714,28.306868,30.179415,25.660135,22.45474,18.935165,18.136578,13.503814,10.381046,8.414658,4.8414836,6.9994473,7.3254085,7.1478057,7.574476,8.070264,8.742215,9.0054865,10.13766,14.222496,13.499334,15.139074,15.249822,21.587908,19.50097,24.417465,27.411144,27.967148,24.681448,26.698912,21.130026,22.412003,19.822105,20.51914
25,32.496044,28.527803,30.403885,25.04516,26.039118,26.982496,26.710161,27.396769,24.14504,27.854303,26.344597,28.262989,25.42393,23.866058,20.111414,15.838378,13.121407,9.711445,8.332341,4.289487,4.574418,6.7541633,9.886621,4.582182,3.3389916,0.0,5.2877626,7.162543,11.03589,12.8018265,18.263126,21.681974,25.207615,27.629286,26.137718,23.320023,26.315666,25.901844,20.875202,21.04005,25.124357,20.420616,17.599693,21.639818,23.78339,17.672878,16.617296,23.093409,23.688456,26.420578,22.36133,19.568043,22.800644,23.271416,18.342175,14.334599,14.971601,12.731177,17.18597,20.91775,18.241053,18.818567,19.134174,23.224339,23.938448,22.382362,23.575033,24.542034,19.469032,18.478128,22.876049,23.88384,20.276772,22.390993,20.115908,23.134926,23.091309,20.364197,25.585571,22.000332,26.123514,28.20615,23.658838,20.780258,17.06645,17.131529,11.905099,10.032854,8.652835,6.1671915,9.253292,9.045833,10.246629,10.903557,11.130731,11.420204,10.60624,11.574129,15.47815,14.222981,15.074677,14.467637,20.526253,17.881243,22.791252,25.684694,25.962105,22.703133,24.250637,18.704105,19.907948,17.010902,18.074612
26,29.539371,25.64086,26.8629,21.381687,22.14212,22.418587,22.299232,22.469288,19.30752,22.98557,21.566097,23.83769,21.334148,19.93985,17.023563,12.163144,10.679427,6.12856,8.485114,3.4565659,7.9297557,9.842265,14.438783,9.656771,6.970553,5.2877626,0.0,4.408688,6.9411516,9.939615,14.17786,17.915194,21.572786,23.441154,21.43676,18.63807,21.315119,20.95286,15.844716,15.892566,19.872364,15.417811,12.334006,16.394047,18.661667,12.988909,11.746443,18.217678,19.212345,21.723522,17.911192,15.723658,19.312431,19.612082,15.19764,11.835596,11.146871,10.360202,15.378123,17.711857,15.147255,17.286573,18.163681,22.219091,21.804249,20.247314,22.570112,23.244839,17.970816,18.453651,22.289316,23.354824,19.059568,22.074856,19.052364,22.70061,21.9701,18.395187,23.26431,19.103157,22.9726,24.541859,19.895407,16.966164,13.619889,13.277277,9.292592,7.0788636,8.248639,7.597403,11.236067,12.976995,13.406398,13.22767,11.961921,11.548568,8.869044,10.903454,13.947365,13.38473,12.59057,12.981485,17.565157,15.548601,19.885983,22.5316,23.513186,20.52002,23.01532,17.270477,19.713425,17.21965,19.477295
27,33.256214,29.43359,30.223228,24.735506,25.161932,24.798664,24.494854,23.699991,20.125864,23.14367,20.9166,22.831068,19.79619,17.642845,14.171628,10.327015,8.100682,4.5045137,5.4250565,3.0261505,7.1731052,9.398263,14.236284,11.270614,9.674126,7.162543,4.408688,0.0,4.573726,5.844329,11.759827,14.52682,18.351028,20.555481,19.450277,17.188261,20.256454,19.295723,14.537406,15.463348,19.416939,14.53937,12.399389,17.193796,18.855034,13.647288,13.716756,19.861746,20.701338,22.438139,17.985678,17.611216,19.976488,19.358027,15.008832,11.32618,9.773983,8.037609,13.481321,15.533624,11.866766,13.671582,14.060195,18.258894,17.769875,15.9961,18.161545,18.918217,13.725726,14.410639,18.430904,19.950113,16.154346,19.778175,17.349865,21.517475,21.192146,18.06544,23.247913,19.669716,23.493084,25.215157,20.584227,18.353249,15.020628,15.814214,11.784406,11.043522,12.381546,11.579194,15.198954,16.062256,16.715004,16.521736,15.41141,15.57284,13.056721,15.307749,18.27679,17.581297,16.357803,16.205608,20.091635,17.550673,21.568127,23.899384,24.56036,21.751081,23.363506,17.86665,20.035002,16.894985,19.609184
28,32.453587,28.695776,28.693945,23.332285,23.156677,22.330273,21.581684,20.11125,16.254282,18.885921,16.417189,18.285908,15.316582,13.30329,10.490129,6.187922,5.640504,2.4542654,7.6395183,7.359787,11.623419,13.960635,18.732304,15.458256,13.545337,11.03589,6.9411516,4.573726,0.0,4.664776,7.3910613,11.466865,14.640342,16.776253,15.175805,12.645671,15.875846,15.408654,10.580231,11.353024,15.739936,11.879583,9.413915,14.233959,16.323006,12.676537,12.4052105,17.955399,19.61763,20.85729,16.933886,17.662127,20.270346,19.305254,15.889414,13.187791,9.899319,9.928308,15.332931,15.498869,11.36851,14.752264,15.068473,19.126858,17.270964,14.998561,17.881948,17.854763,12.59342,14.633336,17.433636,18.626501,14.167402,18.346233,15.317474,19.84373,18.973976,15.389811,20.151466,16.505877,20.004818,21.461172,16.905231,15.133353,12.246357,13.635219,10.760931,11.322219,13.839731,14.251894,17.974876,19.378628,20.302528,20.080353,18.5556,18.114153,14.7671995,16.810635,18.976168,18.29121,15.872224,15.752421,17.97599,15.639345,18.859938,20.786379,21.709166,19.274878,21.198143,15.936526,18.87781,16.196835,19.779213
29,36.66815,33.007866,33.0215,27.66624,27.566315,26.308826,25.770325,23.684084,19.83253,21.78599,18.651155,20.114853,16.68165,13.621272,10.112184,8.333401,6.660879,6.2285013,7.1612434,8.713027,11.6125,13.5833645,18.21639,16.623697,15.429481,12.8018265,9.939615,5.844329,4.664776,0.0,8.0505085,9.128379,13.033003,15.457149,15.453008,14.108804,17.416487,15.810245,11.936644,13.912225,17.532885,12.936795,12.147392,17.198322,18.18308,14.603564,15.782992,20.94714,21.927645,22.54697,17.909899,19.911747,21.11076,19.380348,15.954993,12.975139,9.707909,8.430246,13.417495,13.60447,8.369074,10.864752,10.592861,14.696083,12.987669,10.611741,13.365132,13.792276,8.752415,11.173142,14.510182,16.583569,13.299864,18.036858,16.128618,20.927568,20.716446,17.94088,22.881653,19.9694,23.33313,24.89748,20.53525,19.298874,16.51247,18.25928,15.163365,15.622751,17.672138,17.33927,21.00393,21.749887,22.504095,22.181139,20.85194,21.080677,18.206297,20.647867,23.159079,22.524893,20.435621,20.128073,22.498234,19.873035,22.986034,24.707806,25.290154,22.986284,23.972668,19.097067,21.3797,18.070972,21.573372
30,35.122883,31.632572,30.405663,25.549393,24.402477,22.662016,21.155203,18.06402,13.844583,14.689648,11.015025,12.1001,8.747763,6.050949,5.1927443,4.118818,7.2736464,8.671701,13.040011,14.667568,18.526987,20.922136,25.524084,22.67773,20.89152,18.263126,14.17786,11.759827,7.3910613,8.0505085,0.0,7.4082007,8.051409,10.458032,8.8031435,6.4323845,10.423947,10.662707,7.2895103,8.429078,12.774074,11.534634,10.181782,14.002994,15.969928,15.5770645,15.587017,19.213379,21.692356,21.677475,18.604008,21.489168,23.525192,21.753979,19.852802,18.312542,13.725903,14.91915,19.505548,17.326233,12.722462,17.136776,16.933495,20.330687,16.65309,13.680166,17.109993,15.769653,11.470248,15.383407,15.856772,16.669693,12.1801605,17.130049,14.067357,18.894434,17.56193,14.155374,17.717873,14.976491,17.370655,18.352015,14.517493,14.480712,13.002409,15.618548,14.680593,16.812658,19.940313,21.132807,24.827026,26.319675,27.552916,27.332037,25.586044,24.858118,21.08011,22.869526,24.197485,23.47832,19.976763,19.626616,19.236368,17.191196,18.577806,19.404308,20.380587,18.94506,20.461267,16.481,19.869448,17.798521,22.262894
31,39.524902,36.349617,35.199585,30.375751,29.67672,26.964878,26.532475,22.612488,19.233154,19.306063,15.389755,16.505077,13.624245,9.805323,9.599742,11.152487,12.490109,13.5389805,15.960659,17.492218,20.619358,22.138165,26.93613,25.61619,24.070337,21.681974,17.915194,14.52682,11.466865,9.128379,7.4082007,0.0,6.2520905,6.798932,8.898096,10.439684,12.695074,9.60749,8.948558,12.282954,13.894348,11.1784525,12.868705,16.722006,16.359484,16.307266,18.546143,21.337597,22.498539,21.358444,17.499176,22.491867,22.35983,19.465515,18.3416,17.378126,12.734861,13.760334,16.692963,13.148656,8.496226,12.825728,12.887578,15.058698,10.318637,8.169551,13.084646,12.593406,10.117546,15.219552,16.037138,18.297394,15.806871,21.314054,19.600506,24.581814,23.890284,21.155144,24.674248,22.310738,24.40072,24.997395,21.493902,21.495663,20.18933,22.031643,21.18554,22.094809,25.15615,25.481138,29.129734,30.51475,30.926456,30.214157,28.265938,28.302107,24.864887,27.660666,29.274263,29.164581,25.971327,26.226856,26.223093,24.43542,25.863953,26.552921,27.673018,26.344639,27.500353,23.650537,26.587727,23.92516,28.167242
32,41.999195,38.780113,37.028343,32.51931,31.096493,28.591047,27.100801,22.863625,19.12611,18.061502,13.614763,13.177823,9.983352,5.982878,7.35683,11.440975,13.442714,16.086363,18.59709,21.35186,24.451275,26.579655,30.937077,29.324198,27.959244,25.207615,21.572786,18.351028,14.640342,13.033003,8.051409,6.2520905,0.0,5.148702,7.9186854,9.310169,12.0681505,11.08162,11.488359,13.682376,15.829052,15.594609,16.364292,19.448282,20.009604,21.165619,22.36719,24.771717,26.850554,25.626175,22.624031,27.38949,27.953428,25.221016,24.290224,23.253748,18.511095,19.467451,22.83269,19.359655,14.661869,18.382942,17.460415,19.59169,14.725349,11.591315,14.85338,12.5924015,11.086562,16.130762,14.681413,15.935458,13.646042,18.837185,17.351133,21.970255,21.163525,19.107925,21.711672,20.532597,21.904743,22.576664,19.879501,21.053505,20.265865,23.208942,22.566467,24.840263,27.888597,28.813793,32.547028,33.683727,34.886486,34.56755,32.821907,32.444916,28.773497,30.844341,32.184105,31.525492,27.942434,27.44473,26.385141,24.338888,24.873428,24.941612,25.549252,24.835215,25.162664,22.464943,25.216438,23.038597,27.56789
33,41.11675,38.266605,36.212444,31.997679,30.671467,27.361168,26.565058,21.679466,18.793362,17.233248,13.1474495,13.515504,11.760129,8.7617035,11.780506,14.44683,17.07804,18.640524,21.93426,23.56802,27.04515,28.740725,33.569523,31.807638,30.02663,27.629286,23.441154,20.555481,16.776253,15.457149,10.458032,6.798932,5.148702,0.0,5.503765,9.348206,10.143456,7.670719,10.283271,12.928329,13.171534,13.719592,15.680337,17.896666,17.44602,19.968468,21.771868,22.933922,24.734524,22.773293,20.333504,26.088554,26.011847,23.028708,23.171127,23.108608,18.207928,20.134,22.667778,17.99058,14.619444,19.088274,19.135788,20.56153,15.172496,13.333182,17.731594,16.22671,15.098935,20.372728,19.499695,21.03058,18.66185,23.871672,22.008387,26.6272,25.4401,22.804895,24.919495,23.139006,24.088871,23.944845,21.468666,22.475721,22.296167,24.308928,24.810156,26.336092,29.832043,30.788576,34.42066,36.15362,36.721836,36.00622,33.828403,33.46524,29.660856,32.20037,33.148952,33.109474,29.25866,29.596851,27.91528,26.705376,26.821836,26.688131,28.06539,27.547302,28.822792,25.937517,29.233667,27.30276,31.884033
34,36.14481,33.358944,31.022217,27.015234,25.458544,22.12877,21.16055,16.192883,13.431667,11.85394,8.004921,9.400958,8.672521,7.2713575,11.564154,12.394259,16.064108,16.875456,21.578743,22.350983,26.470303,28.334751,33.382732,30.570177,28.339533,26.137718,21.43676,19.450277,15.175805,15.453008,8.8031435,8.898096,7.9186854,5.503765,0.0,4.76248,4.6615195,4.3032274,6.608311,8.152952,8.649602,11.151378,12.085935,13.386133,13.894178,17.274927,18.070713,18.740288,21.338701,19.724384,18.19813,23.16119,24.218168,21.905935,22.12697,22.33124,17.293114,20.035097,23.161285,18.66533,15.819053,21.135992,21.698458,23.796091,18.78911,16.885138,21.425533,19.947184,17.489872,22.419552,21.890318,22.809208,19.160461,24.061323,21.156227,25.595688,23.729061,20.30017,21.896053,19.410799,20.088327,19.430288,16.983768,17.874025,18.297884,19.843733,21.42364,22.975351,26.801474,28.29653,31.796177,34.05608,34.62069,33.912045,31.544022,30.7014,26.626318,28.871807,29.276783,29.378689,25.171812,25.866056,23.351126,22.8079,22.437765,22.182076,24.157633,23.777584,26.0849,23.076832,27.00785,25.700424,30.342787
35,33.423836,30.35232,28.125134,23.962614,22.178234,19.628262,17.879757,13.594467,9.868286,9.121097,5.029403,6.849097,5.5758653,5.4694843,9.452341,8.885132,13.099506,13.856521,19.180237,19.935108,24.249409,26.490788,31.344793,27.871061,25.595367,23.320023,18.63807,17.188261,12.645671,14.108804,6.4323845,10.439684,9.310169,9.348206,4.76248,0.0,4.421208,7.348134,6.0291014,5.605026,8.980196,11.467022,10.379926,11.8754635,14.095289,16.531599,16.027973,17.564713,20.866438,20.20486,18.74108,22.210918,24.500881,22.834663,22.255417,21.898895,17.01445,19.545803,23.544329,20.060347,16.740662,21.986128,22.340017,25.177536,20.730715,18.2649,22.27506,20.60534,17.16921,21.47054,21.050333,21.373636,16.848726,21.306374,17.75317,21.994604,19.802788,15.96877,17.585108,14.724958,15.648448,15.276693,12.40279,13.246231,13.644043,15.614217,17.177458,19.3475,23.107832,24.999928,28.469185,30.702892,31.70209,31.283112,29.103556,27.906364,23.743277,25.401493,25.714521,25.435518,21.137016,21.46842,18.79166,18.105392,17.736502,17.626144,19.555956,19.05115,21.650885,18.52837,22.678717,21.716278,26.339924
