,0,1,2,3,4,5,6,7,8,9,10,11,12,13,14,15,16,17,18,19,20,21,22,23,24,25,26,27,28,29,30,31,32,33,34,35,36,37,38,39,40,41,42,43,44,45,46,47,48,49,50,51,52,53,54,55,56,57,58,59,60,61,62,63,64,65,66,67,68,69,70,71,72,73,74,75,76,77,78,79,80,81,82,83,84,85,86,87,88,89,90,91,92,93,94,95,96,97,98,99,100,101,102,103,104,105,106,107,108,109,110,111
0,0.0,4.190557,6.5720696,9.946266,12.42207,14.815363,18.035877,21.99488,25.721573,28.065895,32.995502,33.311775,34.65278,35.324253,32.976093,33.011337,32.38878,30.568354,33.684895,31.110258,34.81452,34.178806,38.474464,37.540756,36.86718,33.563404,35.860092,36.79726,33.298725,35.269417,34.68486,37.04556,41.240566,38.664238,43.377815,43.514103,46.895752,47.74479,43.05116,39.514717,44.326664,40.91498,40.890182,39.70679,42.05068,38.17807,40.049442,39.47631,41.124176,41.029476,39.495888,41.78296,38.414,42.080784,41.127964,44.046593,40.2447,43.1635,42.96144,40.144936,37.42867,35.823807,32.953457,29.504278,28.504333,23.803156,24.040932,19.812569,20.81657,17.1523,16.939152,21.920555,21.143038,25.147018,24.193583,28.438301,29.119814,30.628561,33.86185,34.54563,37.0962,34.914406,33.434155,32.08848,27.873274,30.649723,24.708336,26.170288,22.823177,22.3092,21.503895,19.360727,20.0106,24.014137,27.771269,29.893667,29.236605,27.228502,23.37571,24.000635,21.064627,23.212511,23.345522,23.085579,25.418259,24.08511,22.197344,24.807064,23.750599,22.7114,25.084509,23.58865
1,4.190557,0.0,5.201079,6.8597784,9.053447,12.447675,14.868366,19.599495,22.738894,25.562994,30.141357,30.745407,31.813297,32.159237,29.701927,29.414137,28.65912,26.627901,29.688997,26.977064,30.66313,30.14247,34.38352,33.391747,32.86174,29.446712,31.811125,32.633545,29.235758,31.187649,30.7677,33.11497,37.622795,35.172253,39.89503,40.28052,43.560772,44.210915,39.485435,35.802086,40.529945,36.948303,37.03981,35.74414,37.951714,34.11886,35.95661,35.460945,37.2196,37.229115,35.73274,38.221413,35.07289,38.750805,37.6007,40.638123,36.75904,39.653732,39.6623,37.062626,34.21531,32.869694,29.70308,26.525894,25.363613,20.853893,21.401999,16.999222,17.968536,13.775379,13.134121,18.232067,17.383417,21.826685,21.049704,25.315327,26.417501,27.932299,31.254564,32.216335,34.43367,31.975504,30.405222,28.778942,24.430964,26.962528,20.884428,22.102707,18.683947,18.273285,17.538078,15.726943,16.724142,20.89121,24.440279,26.319193,25.414227,23.243423,19.402987,19.853495,16.881374,19.271278,19.467972,19.61076,22.240694,21.028313,18.837353,21.856737,20.246569,19.737337,21.995285,21.049421
2,6.5720696,5.201079,0.0,5.2770667,6.8051333,8.630595,11.855418,15.558619,19.375008,21.581108,26.601439,27.064157,28.696344,29.378845,27.512688,27.475573,27.587643,25.76884,29.646847,27.368626,31.398903,31.433199,35.86015,34.712433,34.957844,31.055014,33.177338,33.50366,29.303837,30.739935,29.915573,31.802588,35.522312,32.61309,37.367283,37.250187,40.644833,41.69932,37.04899,33.74221,38.765083,35.820507,35.797436,35.2475,37.916843,34.51095,36.819637,36.723377,38.55955,38.336758,36.405186,38.914963,35.543797,38.733498,37.178864,39.729874,35.538208,38.18413,37.677757,35.11677,32.23458,31.358374,28.724884,25.607353,25.730736,20.768106,22.082972,17.775667,20.136728,15.995015,13.970685,18.443,16.556057,20.79097,18.55748,23.00498,23.302652,24.464468,27.636827,28.187557,30.679543,28.62716,27.02037,25.910433,21.861488,25.038504,19.381504,22.005526,19.202673,19.680475,19.917505,18.557272,20.516264,24.72766,27.930801,29.417662,28.050713,25.533314,21.725445,21.366932,17.68442,20.214031,19.134459,19.39638,21.775547,19.625381,17.49966,19.160395,17.951775,16.386606,18.759317,17.11406
3,9.946266,6.8597784,5.2770667,0.0,3.9028828,6.1524734,9.217966,13.2997675,16.421593,19.241478,23.676168,24.038786,24.988419,25.473276,23.058979,23.12621,22.701092,21.128916,24.707214,22.728918,26.823675,26.654724,31.366278,30.612148,31.223705,27.134918,29.95773,29.747293,26.161655,27.200258,27.029097,28.296097,32.826218,29.65362,34.65078,34.800785,37.746826,38.626163,33.845165,30.338072,35.553722,32.398094,32.932068,32.338005,34.51249,31.399158,33.49489,33.639744,35.83892,36.00612,34.270706,37.26294,34.44983,37.637157,35.618744,38.353115,33.910713,36.37357,36.195976,34.21796,31.021719,30.934202,27.82533,25.365866,25.250486,20.818487,22.602346,18.207323,20.138079,15.313309,12.463597,16.917595,14.467146,19.874823,17.367062,21.947948,22.76178,23.53175,26.732363,27.477398,29.293978,26.956457,24.600805,23.329369,19.109957,22.145031,16.136826,18.813921,15.855017,16.941586,17.012306,16.766401,18.641699,22.90758,25.75316,26.826988,25.043406,22.139133,18.677338,17.232,13.549587,15.228999,14.11744,14.128639,16.587507,14.678653,12.487009,15.025536,14.062467,13.443492,16.417423,15.97437
4,12.42207,9.053447,6.8051333,3.9028828,0.0,5.3509293,5.859984,11.284366,13.759558,16.913643,21.220352,22.227934,23.410625,23.520388,21.620146,21.01491,21.216087,19.088446,23.240934,20.984617,25.124529,25.624872,30.006956,28.764532,29.682444,25.403578,27.618223,27.390734,23.14137,24.185244,23.616663,25.125301,29.277517,26.348085,31.205906,31.416008,34.589813,35.398205,30.671618,27.181637,32.233665,29.192776,29.45117,29.018656,31.53822,28.477951,30.878717,31.14636,33.253426,33.19233,31.207596,34.139072,31.22365,34.189575,32.0479,34.631096,30.145403,32.59351,32.33513,30.325745,27.135298,27.125948,24.111162,21.757242,22.115551,17.658943,19.898586,15.685767,18.31242,13.683686,9.978677,13.796772,10.924096,16.198849,13.468219,18.04517,18.953663,19.856955,23.125803,24.104527,25.883366,23.386818,21.420195,19.90809,15.636205,18.629314,12.763975,15.802025,13.30468,14.744381,15.698423,15.5718155,18.354568,22.462448,24.928282,25.705496,23.694782,20.759243,17.28405,15.900491,11.820884,14.7435255,12.942605,14.229187,17.019114,14.727238,11.959742,13.856439,11.452317,10.785849,13.058364,12.691247
5,14.815363,12.447675,8.630595,6.1524734,5.3509293,0.0,5.8776345,7.367579,11.406076,13.463089,18.349693,18.50686,20.097185,20.983921,19.404419,19.835136,20.663572,19.524319,24.071018,22.85824,27.212725,27.780275,32.559776,31.688221,33.312923,28.75544,31.289043,30.3427,26.01851,26.195316,25.680515,26.041136,29.626955,25.746105,30.811735,30.35467,33.270588,34.639603,29.967175,26.984663,32.592083,30.31711,30.863455,31.278177,33.856846,31.47415,34.04908,34.745758,37.060997,37.03744,34.872223,37.944633,35.102325,37.615974,34.997807,37.113285,32.285812,34.29459,33.56135,31.9127,28.6269,29.483505,26.993528,24.976213,26.32215,21.817678,24.463083,20.45811,23.515783,18.98495,15.009211,18.12441,14.4505005,19.44218,14.945943,19.536005,19.385262,19.364546,22.26815,22.49441,24.335651,22.492832,19.739475,19.2371,15.574629,19.445393,14.374815,18.918007,17.061491,19.25607,20.386816,20.747618,23.4113,27.528322,29.871252,30.426163,28.143583,24.948534,21.82282,19.409882,15.2887945,16.819075,13.929027,14.21304,16.08953,12.840089,10.88455,10.853692,10.748342,8.514355,12.047916,11.165634
6,18.035877,14.868366,11.855418,9.217966,5.859984,5.8776345,0.0,6.9008455,8.183973,11.613265,15.666194,17.239916,18.739855,18.607973,17.589132,16.571554,18.029793,15.838427,20.952936,19.197458,23.456427,24.870937,29.061028,27.558496,29.500675,24.817165,26.592318,25.627314,20.650112,20.8527,19.953936,20.71016,24.158812,20.824387,25.725471,25.684824,28.878736,29.883883,25.21333,22.014643,27.28536,24.897064,25.151117,25.587194,28.462019,26.130228,28.986677,29.821054,32.037495,31.822256,29.45807,32.53023,29.775482,32.048218,29.235117,31.298525,26.433992,28.449856,27.855495,26.30492,22.94108,24.030184,21.421963,19.82871,21.538235,17.456966,20.653337,17.119953,20.582619,16.462194,11.775084,13.5100975,9.297137,14.156469,9.4429245,13.985721,14.461318,14.694091,17.830694,18.78414,20.224083,17.762568,15.565022,14.240901,10.192487,13.805079,8.818664,13.783401,12.730839,15.39873,17.512014,18.246277,21.748857,25.490597,27.219526,27.322592,24.776356,21.621315,18.712618,16.385376,12.133654,15.157324,11.75232,14.041384,16.548542,13.458434,10.573119,10.383883,6.7978363,5.3473864,7.232442,7.49229
7,21.99488,19.599495,15.558619,13.2997675,11.284366,7.367579,6.9008455,0.0,5.4218545,6.1262474,11.377766,11.722572,14.18777,15.242797,15.183086,15.656187,18.260294,17.559542,22.949646,22.620838,26.925678,28.426489,32.936745,31.893448,34.635113,29.750872,31.822935,30.0293,25.15106,24.218771,23.405666,22.508114,24.837772,20.176928,25.195395,24.093046,26.85434,28.715979,24.266066,22.0166,27.902357,26.773697,27.387915,29.008778,31.889484,30.528095,33.5263,34.868153,37.27349,37.093914,34.55799,37.713966,35.10641,36.747673,33.402107,34.765896,29.606201,30.926851,29.666182,28.701569,25.355663,27.604177,25.822958,24.724663,27.488781,23.488552,26.933199,23.64593,27.408133,23.348276,18.673134,19.989277,15.531031,19.51066,13.278582,17.11858,15.97996,14.656926,16.934752,16.623997,18.01711,16.74386,13.29706,13.881483,11.479012,15.99003,13.035463,19.078045,18.724735,21.870022,23.957031,25.03796,28.336164,32.12232,33.76774,33.669426,30.893776,27.541761,25.024076,21.797007,17.775766,19.141623,14.854132,15.871192,17.060324,12.991017,11.5142765,7.736264,8.22792,3.8752894,7.44059,6.8758173
8,25.721573,22.738894,19.375008,16.421593,13.759558,11.406076,8.183973,5.4218545,0.0,4.6533456,7.4941373,9.52542,11.342129,11.185031,11.788225,11.049452,14.565491,13.52791,19.275599,19.161474,23.241903,25.396772,29.471722,28.242998,31.583107,26.62778,28.413998,26.122469,21.232973,19.66191,18.97777,17.36368,19.75579,14.940335,20.103624,19.351543,21.935642,23.528845,18.972187,16.611721,22.56628,21.597887,22.441816,24.419727,27.20416,26.405615,29.486855,31.18294,33.677643,33.560112,30.99951,34.343357,32.212093,33.481247,29.685762,30.916538,25.625183,26.610107,25.556475,25.254765,21.743538,24.910099,23.033628,22.840536,25.79399,22.639427,26.432209,23.660925,27.295692,23.540623,18.638994,18.706402,14.13288,17.738094,11.548775,14.549432,13.992154,12.189983,14.2647505,14.586705,14.782341,12.927911,8.781762,8.991645,7.003463,11.358132,9.818312,16.125105,16.767277,20.40837,22.97183,24.722717,28.288359,31.658327,32.656975,32.026913,28.949684,25.592669,23.679996,20.027853,16.428398,17.874918,13.176013,15.324164,16.592106,12.897558,11.178379,7.105449,5.301621,3.0133245,4.2730865,6.934135
9,28.065895,25.562994,21.581108,19.241478,16.913643,13.463089,11.613265,6.1262474,4.6533456,0.0,5.773484,6.788582,10.274695,11.267479,13.15518,13.488967,17.606867,17.365948,22.97505,23.40829,27.388504,29.569466,33.669945,32.541515,36.090897,31.130192,32.799583,30.354937,25.340452,23.459011,22.51119,20.38284,21.389204,16.041086,20.829832,19.08668,21.53232,23.864803,19.754768,18.404163,24.348644,24.393959,25.119272,27.78106,30.748224,30.360191,33.56826,35.41206,37.8456,37.586655,34.859135,38.0361,35.772972,36.65897,32.760654,33.457928,28.170858,28.774805,27.131355,26.9625,23.683582,27.183054,26.020086,25.83035,29.44702,26.105045,29.942654,27.272413,31.259779,27.599714,22.733257,22.825758,18.278568,21.204218,14.518859,17.054626,15.286098,12.697576,13.92556,13.090218,13.516863,12.976611,8.618349,10.721883,10.429446,14.714876,14.267679,20.606724,21.373379,24.951136,27.531496,29.092371,32.670155,36.14079,37.24482,36.661846,33.59711,30.246014,28.291435,24.642178,21.015888,22.13689,17.384436,18.825006,19.469885,15.465898,14.530479,9.20322,9.851743,6.630663,7.495272,8.079164
10,32.995502,30.141357,26.601439,23.676168,21.220352,18.349693,15.666194,11.377766,7.4941373,5.773484,0.0,4.635309,7.040691,6.875108,10.591335,10.443231,15.52436,15.799366,21.087471,22.310743,25.79148,28.425512,32.08437,31.080805,35.327866,30.432602,32.013626,28.876421,24.362467,21.544357,21.015097,17.452852,18.026484,12.036396,16.717674,14.911562,16.457014,18.890833,14.9471245,14.2474165,20.248055,21.102846,22.359217,25.6812,28.250755,28.838408,31.954996,34.250385,36.810707,36.71875,34.07528,37.434883,35.821915,36.208496,31.81244,32.195885,26.895771,26.83736,25.34367,26.216425,22.944149,27.559313,26.47732,27.261562,30.949608,28.470228,32.48146,30.240034,33.963306,30.512691,25.613798,24.862051,20.471115,22.988768,16.837328,18.250603,16.946686,13.8435755,14.189144,13.646468,12.173974,11.738912,6.1794815,9.071874,10.67205,13.71545,15.229952,21.08283,22.638563,26.509829,29.253216,31.440826,35.022057,38.11408,38.640697,37.5581,34.242504,30.91877,29.665861,25.533405,22.546633,23.12083,18.319544,20.06833,20.314426,16.867483,16.310118,11.097143,11.5287285,10.440614,10.059811,12.293083
11,33.311775,30.745407,27.064157,24.038786,22.227934,18.50686,17.239916,11.722572,9.52542,6.788582,4.635309,0.0,4.598495,7.0489235,10.081324,12.073238,16.35004,17.752878,22.532913,24.37801,27.969347,30.00914,34.163605,33.732864,37.946796,33.03372,35.30532,32.016304,28.052427,25.208952,25.139841,21.338238,22.431517,16.319105,20.87092,18.848225,19.674639,22.351978,18.660488,18.14756,24.220346,25.025246,26.663952,29.821997,32.01602,32.604847,35.48205,37.75703,40.495888,40.625412,38.13965,41.636566,40.039513,40.635406,36.282112,36.790535,31.478079,31.443892,29.968102,30.803312,27.530376,31.970238,30.770422,31.271475,34.712135,31.89943,35.79664,33.167656,36.75946,32.910812,28.024048,27.993103,23.471746,26.672821,20.352985,22.335058,20.864895,17.814268,18.192698,17.086964,16.061941,16.14939,10.748567,13.603534,14.538032,17.857998,18.365133,24.289318,25.297005,29.173363,31.491451,33.72358,36.956036,40.26925,41.048836,40.10955,36.805378,33.323193,32.004738,27.505167,24.482862,24.103424,19.345018,19.952873,19.468746,15.887464,16.216928,10.438226,13.3968115,11.92844,13.127221,14.753709
12,34.65278,31.813297,28.696344,24.988419,23.410625,20.097185,18.739855,14.18777,11.342129,10.274695,7.040691,4.598495,0.0,3.9033267,6.350293,9.440505,13.113973,15.491687,19.477798,22.088528,25.396221,27.186878,31.385994,31.473385,35.930515,31.130568,33.961155,30.239578,27.250914,24.03197,24.803564,20.293459,22.543058,16.459068,21.09078,19.747892,19.662304,21.849035,18.081549,17.283545,23.38324,23.858473,26.225471,29.127182,30.581266,31.51248,33.994102,36.41298,39.38777,39.901318,37.74299,41.535034,40.452415,41.169563,36.67024,37.46255,32.181175,32.052643,31.114532,32.38967,28.987446,33.65163,31.97189,32.807835,35.65683,33.259335,37.089954,34.411438,37.483498,33.484253,28.687906,28.662785,24.283184,27.986292,22.252392,24.206554,23.506521,20.66468,21.205338,20.63161,18.999174,18.521324,12.845652,14.915577,15.63198,18.22536,18.648857,23.960947,24.941725,28.912664,30.927177,33.65838,36.554226,39.67257,40.1946,39.026302,35.614174,32.089115,31.24587,26.247131,23.769066,22.411993,17.897125,18.150923,17.163324,14.2519245,15.121119,10.133038,13.610983,13.61531,15.119262,17.68075
13,35.324253,32.159237,29.378845,25.473276,23.520388,20.983921,18.607973,15.242797,11.185031,11.267479,6.875108,7.0489235,3.9033267,0.0,5.102745,6.293115,10.759395,12.75929,16.772099,19.367744,22.40443,24.636753,28.418076,28.305157,32.992413,28.254673,30.821,26.922478,24.077545,20.579744,21.541868,16.65369,19.22961,13.313367,17.981577,17.233763,17.001425,18.700571,14.722344,13.639211,19.712246,20.088583,22.660402,25.578537,26.868046,28.073195,30.524487,33.076965,36.04684,36.59874,34.49853,38.34229,37.555683,38.142483,33.526257,34.348667,29.134562,28.891129,28.253643,29.840773,26.42217,31.326376,29.508432,30.758348,33.4731,31.578547,35.443417,33.05802,35.960556,32.213516,27.469938,26.878677,22.709797,26.12448,20.914986,22.395756,22.228085,19.522642,20.063389,20.078852,17.885738,16.856594,11.314296,12.713645,13.734971,15.52003,16.705938,21.538918,22.968695,26.986757,29.18621,32.149536,35.153725,37.98431,38.151943,36.729218,33.238125,29.81932,29.309668,24.328453,22.196432,21.106749,16.678734,17.771736,17.20438,14.756833,15.083849,10.9407835,12.659322,13.677237,14.315626,17.617113
14,32.976093,29.701927,27.512688,23.058979,21.620146,19.404419,17.589132,15.183086,11.788225,13.15518,10.591335,10.081324,6.350293,5.102745,0.0,5.106692,6.9163074,10.102983,13.360684,16.362156,19.575668,21.005335,25.389961,25.899412,30.302404,25.614285,29.123077,25.23219,23.324907,20.165956,21.928925,17.460426,21.898935,16.54326,21.47779,21.447062,21.300068,22.380596,18.12708,16.011433,22.023708,21.114992,24.09796,26.044811,26.707973,27.431639,29.415585,31.750372,34.951492,35.896603,34.17963,38.278316,37.64765,38.824776,34.43729,35.908413,30.739223,30.939816,30.84272,32.14359,28.551205,32.888268,30.377384,31.336697,33.144634,31.202328,34.79878,32.0432,34.351223,30.2454,25.715115,25.784918,21.770142,26.179201,21.532036,23.678478,24.184208,22.035389,23.23686,23.584509,21.843704,20.214088,14.777915,15.167485,14.720299,16.43434,15.956323,20.196827,20.91684,24.839113,26.431665,29.652002,32.139236,34.99006,35.259674,33.92213,30.47044,26.936619,26.545473,21.157776,19.337946,17.106365,13.02348,13.345451,12.400192,10.565451,11.382543,8.701977,11.3396015,13.405305,15.161928,18.701878
15,33.011337,29.414137,27.475573,23.12621,21.01491,19.835136,16.571554,15.656187,11.049452,13.488967,10.443231,12.073238,9.440505,6.293115,5.106692,0.0,5.526835,6.531903,10.865567,13.103429,16.189734,18.592909,22.302517,22.092722,26.706709,21.972929,24.782215,20.860086,18.569504,15.197015,16.939762,12.371045,17.338263,12.561409,17.526306,18.260899,18.523003,18.955515,14.389922,11.510809,17.45287,16.107573,19.060902,20.948103,21.760622,22.564909,24.747267,27.18926,30.29201,31.105392,29.306131,33.382164,32.911102,33.932167,29.472279,30.97752,25.878561,26.086359,26.28377,27.72342,24.138475,28.577103,25.961325,27.334484,29.116861,27.728893,31.388266,29.078356,31.355806,27.704681,23.22302,22.419985,18.685143,22.497349,18.521214,20.039518,21.154335,19.301842,20.571644,21.612362,19.526491,17.221893,12.4396925,11.71902,11.383425,12.021618,12.537671,16.2486,17.707846,21.680983,23.749348,27.067913,29.919933,32.438507,32.312405,30.714792,27.183226,23.814505,23.662987,18.588745,17.007172,15.948293,11.904427,14.043037,14.2817,12.752542,12.220779,10.482227,9.803894,12.832258,13.18068,17.363134
16,32.38878,28.65912,27.587643,22.701092,21.216087,20.663572,18.029793,18.260294,14.565491,17.606867,15.52436,16.35004,13.113973,10.759395,6.9163074,5.526835,0.0,4.7700624,6.460325,9.842337,12.809604,14.130817,18.50364,19.27865,23.660837,19.133577,23.21551,19.176542,18.650845,15.7184925,18.609737,14.661526,21.21756,17.326555,22.015575,23.329077,23.312983,23.187088,18.786802,15.44554,20.636435,18.074598,21.506166,22.185757,21.917171,22.349514,23.723866,25.938599,29.323616,30.710781,29.513142,33.857292,33.793976,35.3878,31.223003,33.383823,28.546871,29.09374,29.935225,31.237612,27.626322,31.473152,28.179758,29.373247,30.000427,28.830421,32.0809,29.510975,30.905178,26.996866,22.980309,22.797537,19.57141,24.231672,21.26297,23.211935,25.001535,23.686066,25.366735,26.619678,24.790787,22.191277,17.673101,16.40682,15.000496,15.193407,14.062738,16.245937,16.868418,20.538233,21.7427,25.512802,27.613522,29.944485,29.729904,28.084532,24.58775,21.170353,21.497417,15.890057,15.230751,12.425016,9.501764,10.879629,10.84722,10.992921,10.8591175,11.702361,11.552511,15.436379,16.653955,20.798576
17,30.568354,26.627901,25.76884,21.128916,19.088446,19.524319,15.838427,17.559542,13.52791,17.365948,15.799366,17.752878,15.491687,12.75929,10.102983,6.531903,4.7700624,0.0,5.9389334,6.685057,10.287272,12.64512,16.524605,16.222345,20.444107,15.652007,19.079859,15.3828335,14.046298,11.503511,14.260218,11.340034,18.503666,15.51539,20.154299,21.971203,22.766893,22.243755,17.636948,13.579202,18.43772,15.015171,17.984499,18.133713,18.299318,18.110044,19.805504,21.881298,25.145718,26.31754,24.976091,29.275108,29.070564,30.79243,26.77307,29.168873,24.40009,25.293509,26.368425,27.355564,23.751854,27.20001,23.670542,24.898214,25.324076,24.428179,27.657274,25.349024,26.727888,23.15283,19.196165,18.43636,15.506888,19.879618,17.691751,19.393621,21.773594,20.993147,22.960081,24.744007,23.099735,19.953196,16.317425,14.056678,12.049153,11.465481,10.145429,11.5832205,12.633651,16.354591,18.031197,21.754244,24.274752,26.453838,26.081228,24.371977,20.827188,17.46721,17.708036,12.501778,11.809492,10.75656,7.8762436,11.302201,12.709184,12.540275,11.0324745,12.499074,9.677512,14.111141,14.413823,18.730867
18,33.684895,29.688997,29.646847,24.707214,23.240934,24.071018,20.952936,22.949646,19.275599,22.97505,21.087471,22.532913,19.477798,16.772099,13.360684,10.865567,6.460325,5.9389334,0.0,5.049053,6.6927967,7.982241,12.058208,13.277202,17.710176,13.567361,18.308172,14.092824,15.729169,13.316552,17.312542,14.376455,22.185917,19.950901,23.945612,26.272078,26.28161,25.173162,21.058002,17.150799,20.89337,16.926352,20.565264,19.80653,18.313343,18.484966,18.942041,20.994253,24.54171,26.462032,25.93935,30.445526,31.099174,33.026516,29.197083,31.961275,27.690441,28.492264,30.224464,31.557964,28.12006,31.403437,27.52242,28.988638,28.409264,28.193455,30.969004,28.773006,29.155312,25.709835,22.49937,21.925083,19.842081,24.234486,23.082376,24.595762,27.369528,26.757292,28.654327,30.533293,28.634266,25.480808,21.926214,19.67536,17.868944,16.646065,15.341125,14.831188,15.399251,18.372385,19.06425,23.29717,24.878208,26.431993,25.534649,23.460865,19.981508,16.915567,18.321192,12.953703,14.067734,11.160294,10.615705,12.753479,13.552324,15.114404,14.345482,17.007948,15.198266,19.686836,20.303974,24.562546
19,31.110258,26.977064,27.368626,22.728918,20.984617,22.85824,19.197458,22.620838,19.161474,23.40829,22.310743,24.37801,22.088528,19.367744,16.362156,13.103429,9.842337,6.685057,5.049053,0.0,4.39409,6.7151737,10.355763,10.160153,13.968695,9.314711,13.941056,10.440867,11.77203,10.635058,14.4594965,13.45051,21.505045,20.19656,24.08478,26.719133,27.56632,26.237429,21.993944,17.614628,20.88831,16.031488,18.898758,17.127857,16.005894,14.893594,15.451885,17.04239,20.508171,22.31312,21.806913,26.274406,26.73239,29.079536,25.658215,28.870403,24.817577,26.170824,28.17,28.943539,25.5872,28.0554,23.80843,25.055294,23.835287,23.885164,26.403316,24.381147,24.43155,21.293865,18.457693,17.60844,16.223087,20.43625,20.441355,21.882385,25.222473,25.277477,27.521969,29.803253,28.310968,24.7532,22.050695,19.093462,16.587679,14.889995,12.828184,10.6489315,11.07613,13.673944,14.47585,18.729794,20.509033,21.872917,20.853886,18.76354,15.218114,12.128127,13.585098,8.670724,10.379996,9.233105,9.589254,13.047031,15.047098,16.33373,14.572607,17.93595,14.482009,19.083746,19.20636,23.277288
20,34.81452,30.66313,31.398903,26.823675,25.124529,27.212725,23.456427,26.925678,23.241903,27.388504,25.79148,27.969347,25.396221,22.40443,19.575668,16.189734,12.809604,10.287272,6.6927967,4.39409,0.0,4.8250384,6.324281,6.597862,11.212926,7.386094,12.271789,8.157964,12.198461,11.074429,15.515371,14.542354,22.631971,22.186049,25.379421,28.496943,28.923697,27.042248,23.27487,19.048431,21.17605,16.008192,19.13819,16.717651,14.271885,13.661695,13.153391,14.86742,18.468628,20.795664,20.919785,25.437777,26.730852,28.959185,25.65439,28.993198,25.477358,26.639786,29.170233,30.321539,27.215923,29.681217,25.379223,27.08373,25.36663,26.25687,28.487864,26.942575,26.430792,23.85856,21.60953,20.293444,19.601526,23.098362,23.890137,24.766768,28.372667,28.516737,30.567205,33.033543,31.216492,27.611864,25.241205,22.17321,20.128525,17.728195,16.57497,13.387089,14.161512,16.02418,16.513779,20.827875,22.167929,22.734928,20.973213,18.37358,14.972513,12.643068,15.217326,11.288611,13.968852,12.76945,13.867139,16.907324,18.59304,20.323545,18.811085,22.131155,18.742718,23.3347,23.139893,27.278074
21,34.178806,30.14247,31.433199,26.654724,25.624872,27.780275,24.870937,28.426489,25.396772,29.569466,28.425512,30.00914,27.186878,24.636753,21.005335,18.592909,14.130817,12.64512,7.982241,6.7151737,4.8250384,0.0,5.813978,8.659318,11.434475,8.5934925,14.877828,11.783826,16.268614,15.716569,19.969036,19.12393,27.256413,26.335308,29.848082,32.738846,33.05445,31.383207,27.51454,23.333857,25.84491,20.798365,23.929949,21.364243,18.791004,17.749435,16.681051,17.744465,21.262642,23.895872,24.436295,28.86125,30.09833,32.773773,29.831724,33.401592,29.950722,31.302927,33.791874,34.692127,31.52856,33.62047,29.128016,30.34474,28.057861,28.612223,30.481403,28.516794,27.407118,24.476168,22.669138,22.359558,21.783424,26.0189,26.76765,28.24202,31.772242,31.964514,34.22464,36.51406,34.950195,31.413673,28.615635,25.759665,23.281853,21.519094,19.26021,16.204401,15.8111515,17.187075,16.519182,20.903032,21.25091,21.768845,20.237844,17.916206,14.850942,12.559866,15.281754,11.1857815,14.46566,11.613944,14.071382,15.925142,17.334324,19.946539,18.833801,23.052233,20.557678,25.126448,25.711914,29.663261
22,38.474464,34.38352,35.86015,31.366278,30.006956,32.559776,29.061028,32.936745,29.471722,33.669945,32.08437,34.163605,31.385994,28.418076,25.389961,22.302517,18.50364,16.524605,12.058208,10.355763,6.324281,5.813978,0.0,4.9258327,7.962652,7.2633605,12.33895,9.366169,15.930329,15.711246,20.087515,19.802675,27.600525,27.899055,30.543364,33.992672,34.16108,31.855925,28.547516,24.510162,25.606583,20.290304,23.239277,19.9119,16.243395,15.528816,13.282918,14.247059,17.637865,20.725061,21.962788,26.241749,28.391115,30.847185,28.175491,31.84068,29.14188,30.354553,33.420185,34.607975,31.820776,33.74768,29.276068,31.031258,28.297087,29.914928,31.495327,30.291111,28.748627,26.742971,25.495186,24.272207,24.48139,27.609795,29.386095,30.069906,33.96878,34.394875,36.46004,39.07901,37.228195,33.554985,31.459133,28.288769,26.2389,23.585155,22.366863,18.211706,18.5451,19.281778,18.83882,23.000666,23.310274,22.8196,20.307419,17.361063,14.651639,13.602089,17.216162,14.674015,18.335636,16.833975,19.15125,21.55607,23.077255,25.483126,24.162722,28.026106,24.81166,29.398403,29.257927,33.283756
23,37.540756,33.391747,34.712433,30.612148,28.764532,31.688221,27.558496,31.893448,28.242998,32.541515,31.080805,33.732864,31.473385,28.305157,25.899412,22.092722,19.27865,16.222345,13.277202,10.160153,6.597862,8.659318,4.9258327,0.0,5.7185574,4.3363414,7.5946755,4.6903353,11.73844,12.293572,16.276506,17.163982,24.585922,25.693487,27.989214,31.64911,32.338505,29.863626,26.619417,22.472792,23.007336,17.345829,19.620829,15.694266,12.276086,10.792553,8.529858,9.496573,13.002631,15.924582,17.039762,21.3417,23.51937,25.93361,23.377356,27.167685,24.715153,26.123869,29.365671,30.36322,27.769491,29.361048,24.896288,26.84592,24.05293,26.176176,27.733463,27.028894,25.6349,24.223244,23.077436,21.046007,21.732988,23.980797,26.482935,26.659351,30.799356,31.54609,33.595573,36.475822,34.716797,30.890324,29.545807,26.030752,24.035128,20.879364,20.144264,15.228959,16.184883,16.658304,16.943594,20.82679,21.836515,21.175264,18.379301,15.198315,12.328244,11.622184,15.210182,13.673548,17.09714,17.350533,19.178286,22.520433,24.586126,26.329716,24.45951,27.965122,23.735312,28.176603,27.354439,31.253946
24,36.86718,32.86174,34.957844,31.223705,29.682444,33.312923,29.500675,34.635113,31.583107,36.090897,35.327866,37.946796,35.930515,32.992413,30.302404,26.706709,23.660837,20.444107,17.710176,13.968695,11.212926,11.434475,7.962652,5.7185574,0.0,4.9702883,7.375396,8.403262,14.4520035,16.493057,19.696188,21.879854,29.022245,30.389805,32.73211,36.366993,37.47655,35.037785,31.7239,27.463121,27.941122,22.144415,23.702906,19.106522,16.175562,13.270574,10.472696,9.405973,12.09861,15.256556,17.171892,20.944584,23.094738,26.260496,24.752174,29.01993,27.164557,29.103952,32.48174,32.820137,30.454695,30.904066,26.193539,27.554216,23.542444,25.962492,26.679914,26.14597,23.669884,22.842598,22.873201,21.269384,22.95319,25.044868,28.5785,28.953632,33.32382,34.589344,36.927647,39.92132,38.61466,34.66224,33.644554,29.952536,27.421906,24.490643,22.828938,17.14199,17.168493,16.291967,15.600544,18.938536,19.04775,17.431746,14.083487,10.755733,8.803273,9.697702,13.722961,14.131813,18.062418,18.800865,21.609512,24.71361,27.099981,29.077154,27.007961,31.189852,26.7688,31.04656,30.379984,33.8836
25,33.563404,29.446712,31.055014,27.134918,25.403578,28.75544,24.817165,29.750872,26.62778,31.130192,30.432602,33.03372,31.130568,28.254673,25.614285,21.972929,19.133577,15.652007,13.567361,9.314711,7.386094,8.5934925,7.2633605,4.3363414,4.9702883,0.0,6.627776,5.904172,10.872862,12.600096,15.971919,17.841133,25.315697,26.093164,28.888641,32.273167,33.52647,31.407705,27.748875,23.344072,24.59245,18.815407,20.570324,16.516777,14.339026,11.369142,9.959823,9.952565,13.241545,15.781082,16.617249,20.84467,22.22778,25.281164,23.09854,27.190716,24.539904,26.477324,29.469591,29.789822,27.08259,27.998285,23.265574,24.559769,21.285292,23.017649,24.349035,23.3518,21.686563,20.122866,19.276958,17.689417,18.710218,21.35663,24.183155,24.826752,29.045057,30.110256,32.496178,35.367287,34.104317,30.183952,28.895004,25.270674,22.6259,19.908188,18.034199,12.661578,12.825004,12.761782,12.690321,16.558607,17.5115,17.008234,14.4828005,11.5047245,8.319234,7.286868,10.9240675,10.013728,13.684601,14.622567,16.928833,20.377459,22.87948,24.524206,22.344812,26.315939,21.825466,26.136526,25.529356,29.125954
26,35.860092,31.811125,33.177338,29.95773,27.618223,31.289043,26.592318,31.822935,28.413998,32.799583,32.013626,35.30532,33.961155,30.821,29.123077,24.782215,23.21551,19.079859,18.308172,13.941056,12.271789,14.877828,12.33895,7.5946755,7.375396,6.627776,0.0,5.1516356,8.424126,11.599694,13.627979,17.288269,23.402637,25.66338,27.500647,31.22062,32.95078,30.461514,27.306992,23.144575,23.030243,17.26274,17.72251,12.711201,11.06735,6.6879535,5.194611,3.9306223,6.930961,9.165848,10.170072,14.310556,16.221052,19.131376,17.413105,21.724195,19.965153,22.110289,25.533257,25.678755,23.543112,23.800789,19.228212,21.064253,17.546951,20.635899,21.73106,21.957867,20.434662,20.326138,19.90921,16.824667,18.809755,19.38396,23.554586,23.075397,27.587336,29.11446,31.28247,34.522396,33.26228,29.256243,29.220095,25.27324,23.094383,19.593672,19.019943,12.965707,14.338697,13.645054,14.7898245,17.573944,19.392754,18.287268,15.230119,12.122131,9.7537365,10.263773,13.088467,14.157477,16.889936,19.69463,21.157614,25.315119,28.086464,29.032623,26.455488,29.661919,24.191116,28.08581,26.429857,29.745584
27,36.79726,32.633545,33.50366,29.747293,27.390734,30.3427,25.627314,30.0293,26.122469,30.354937,28.876421,32.016304,30.239578,26.922478,25.23219,20.860086,19.176542,15.3828335,14.092824,10.440867,8.157964,11.783826,9.366169,4.6903353,8.403262,5.904172,5.1516356,0.0,7.4205413,8.436553,11.953018,13.782125,20.696898,22.430937,24.416708,28.177565,29.314108,26.786947,23.59814,19.444239,19.583982,13.766894,15.401962,11.170378,8.441895,6.2362523,5.1228795,6.933008,10.490151,12.724435,13.102263,17.57094,19.533142,21.6527,18.81636,22.547169,20.029438,21.514269,24.78457,25.725422,23.22599,24.841888,20.502028,22.790588,20.480421,22.892912,24.726961,24.437231,23.662613,22.637247,21.19007,18.273916,19.040129,20.374184,23.164667,22.783382,27.011257,27.898909,29.836409,32.89015,31.139746,27.250433,26.552214,22.828453,21.079903,17.467653,17.553225,12.435536,14.360894,15.0392065,16.412582,19.942158,21.900545,21.490551,18.830536,15.752192,12.735591,11.925039,14.801992,13.735456,16.345448,18.038994,18.956038,23.022474,25.379385,26.392738,24.15477,26.994081,22.01043,26.202093,24.698448,28.500597
28,33.298725,29.235758,29.303837,26.161655,23.14137,26.01851,20.650112,25.15106,21.232973,25.340452,24.362467,28.052427,27.250914,24.077545,23.324907,18.569504,18.650845,14.046298,15.729169,11.77203,12.198461,16.268614,15.930329,11.73844,14.4520035,10.872862,8.424126,7.4205413,0.0,4.6733594,5.4527936,9.930028,15.73804,17.66182,19.828217,23.238918,25.470142,23.438852,19.917425,15.697806,16.409128,10.95485,10.968991,7.3135734,8.864475,5.4806933,8.748548,10.224082,12.537907,12.74278,10.960317,15.230978,15.473468,17.358225,13.9370575,17.460646,13.991775,16.015081,18.704395,19.000097,16.257233,17.837933,13.512677,15.892828,14.879112,16.876064,19.4343,19.330677,19.972454,19.073317,16.84354,12.859445,13.325975,13.512766,16.377808,15.492661,19.809204,20.981882,22.99362,26.211943,24.84017,20.839964,21.013905,17.01621,15.236074,11.364029,12.181582,7.3590584,10.764258,12.071772,15.115947,17.83946,21.212294,21.710827,19.957531,17.63639,14.604242,13.160766,14.0939455,13.431918,14.1407385,17.866013,17.336073,22.137617,24.888353,24.709665,21.954294,23.781832,17.813366,21.336443,18.956718,22.397266
29,35.269417,31.187649,30.739935,27.200258,24.185244,26.195316,20.8527,24.218771,19.66191,23.459011,21.544357,25.208952,24.03197,20.579744,20.165956,15.197015,15.7184925,11.503511,13.316552,10.635058,11.074429,15.716569,15.711246,12.293572,16.493057,12.600096,11.599694,8.436553,4.6733594,0.0,4.7134466,5.7194514,12.716845,14.154135,16.405878,19.93972,21.56148,19.449862,15.864597,11.5827875,12.582398,7.019835,8.581376,6.7664437,7.7514405,7.50142,10.44798,12.979061,15.622224,16.121904,14.400646,18.618044,19.199411,20.231693,16.027647,18.664152,14.656012,15.687253,18.102419,19.417332,16.432417,19.579323,15.930631,18.720362,18.874147,20.311842,23.313332,22.883818,24.01951,22.534773,19.598303,16.010248,15.223427,15.984276,17.075806,16.14366,19.89279,20.236168,21.833006,24.828487,22.806734,18.984756,18.515575,14.790441,13.873511,9.723566,12.05932,9.297554,12.9118595,15.2601385,18.186127,21.33617,24.618126,25.443062,23.793158,21.365288,18.07446,16.143684,17.23769,15.059781,15.497374,18.052555,16.739933,21.365896,23.619143,23.333765,20.969994,22.08092,16.675158,20.358322,17.99921,21.931595
30,34.68486,30.7677,29.915573,27.029097,23.616663,25.680515,19.953936,23.405666,18.97777,22.51119,21.015097,25.139841,24.803564,21.541868,21.928925,16.939762,18.609737,14.260218,17.312542,14.4594965,15.515371,19.969036,20.087515,16.276506,19.696188,15.971919,13.627979,11.953018,5.4527936,4.7134466,0.0,6.4476705,10.509088,12.898319,14.693978,18.038958,20.64453,18.783146,15.36442,11.49806,12.119751,7.6976404,6.610877,5.6793222,9.643849,8.695197,12.620544,14.649282,16.46591,15.911817,13.22902,16.835873,16.495758,17.084269,12.659363,14.93972,10.439462,11.878405,13.97387,14.813501,11.79605,14.949621,11.61031,14.750432,15.985067,17.440977,20.702806,20.763685,22.662916,21.703588,18.68683,14.361848,13.691734,12.785101,14.216998,12.321507,16.175545,16.898163,18.416931,21.687683,19.949253,16.032286,16.84995,12.905529,12.306614,7.8138614,11.360148,9.287472,13.345253,15.482959,19.076641,21.436287,25.321028,26.308807,24.940813,22.852888,19.844791,18.123543,18.411465,17.143353,16.711939,20.464962,18.650494,23.498737,25.981392,25.028858,22.368937,22.793768,16.79752,19.678854,16.460213,19.867718
31,37.04556,33.11497,31.802588,28.296097,25.125301,26.041136,20.71016,22.508114,17.36368,20.38284,17.452852,21.338238,20.293459,16.65369,17.460426,12.371045,14.661526,11.340034,14.376455,13.45051,14.542354,19.12393,19.802675,17.163982,21.879854,17.841133,17.288269,13.782125,9.930028,5.7194514,6.4476705,0.0,8.138732,8.696018,11.114748,14.522482,15.899511,14.039423,10.182229,5.869965,8.0358925,4.353184,6.865127,8.989857,10.854944,12.479234,15.527299,18.344654,20.765839,20.91233,18.742836,22.521109,22.744411,22.856773,18.049997,19.400206,14.771577,14.721867,16.150448,18.324831,15.183757,19.918749,17.366514,20.383398,22.161566,22.894089,26.420797,25.842333,27.900406,26.080835,22.42183,18.999746,17.057604,17.644257,16.750406,15.484413,18.209288,17.577925,18.50239,21.182018,18.484838,15.026134,14.258839,11.058279,11.787275,7.7704935,12.434684,12.559717,16.245176,19.311409,22.481432,25.502422,29.060232,30.379826,29.090784,26.83467,23.47323,21.197342,21.820452,18.878466,18.385935,20.406538,17.849691,22.163717,23.881931,22.914211,20.927526,20.501118,15.741882,18.849138,16.122637,20.17876
32,41.240566,37.622795,35.522312,32.826218,29.277517,29.626955,24.158812,24.837772,19.75579,21.389204,18.026484,22.431517,22.543058,19.22961,21.898935,17.338263,21.21756,18.503666,22.185917,21.505045,22.631971,27.256413,27.600525,24.585922,29.022245,25.315697,23.402637,20.696898,15.73804,12.716845,10.509088,8.138732,0.0,6.2027125,4.482384,8.391927,10.969652,9.155762,7.0324383,6.415155,5.2095885,7.8548927,6.4694386,11.729001,15.232938,17.42169,20.948885,23.638832,25.173294,24.331652,21.451134,24.091839,23.81098,22.389128,17.343006,16.629908,12.141609,10.45365,10.272903,13.700674,11.321919,17.518053,17.056822,20.612175,24.240162,25.007689,28.73345,28.884912,31.881485,30.716143,26.979305,22.99473,21.021618,19.559723,18.049162,15.184453,16.54893,15.406387,14.867783,17.494534,14.104173,11.483803,13.153058,11.018331,14.054261,10.753355,17.074175,18.389822,22.28191,25.131544,28.814545,31.114021,35.19106,36.57621,35.396763,33.30397,30.192724,28.203955,28.35419,26.092863,24.928553,27.672167,24.512178,28.736418,30.327383,28.552423,26.612131,24.688597,20.156168,21.759642,17.9612,21.019485
33,38.664238,35.172253,32.61309,29.65362,26.348085,25.746105,20.824387,20.176928,14.940335,16.041086,12.036396,16.319105,16.459068,13.313367,16.54326,12.561409,17.326555,15.51539,19.950901,20.19656,22.186049,26.335308,27.899055,25.693487,30.389805,26.093164,25.66338,22.430937,17.66182,14.154135,12.898319,8.696018,6.2027125,0.0,5.389626,6.568144,8.895485,9.104488,4.729762,4.0670934,8.580298,10.754466,11.37366,15.896958,18.801538,20.61805,23.993793,26.713623,28.806604,28.379232,25.620348,28.712221,28.017237,27.313734,22.392145,22.161211,17.204199,16.18059,15.324273,17.806805,14.839966,20.817162,20.024517,22.66689,26.42352,26.013971,30.01121,29.25894,32.552147,30.471855,26.146313,23.12537,20.07863,20.167292,16.687283,15.179096,15.626732,13.411252,12.968127,14.768266,11.132891,8.842745,8.009879,6.9772897,10.813438,9.203202,14.985645,18.171333,21.52104,24.995796,28.456558,30.941666,34.910015,36.90242,36.23945,34.387154,31.05448,28.465597,28.241934,25.024458,23.276962,25.200321,21.34791,24.993286,26.136711,23.956154,22.423058,19.61585,16.155334,17.392115,14.172186,17.47307
34,43.377815,39.89503,37.367283,34.65078,31.205906,30.811735,25.725471,25.195395,20.103624,20.829832,16.717674,20.87092,21.09078,17.981577,21.47779,17.526306,22.015575,20.154299,23.945612,24.08478,25.379421,29.848082,30.543364,27.989214,32.73211,28.888641,27.500647,24.416708,19.828217,16.405878,14.693978,11.114748,4.482384,5.389626,0.0,4.4481626,6.594027,5.5480003,4.3931284,6.813753,6.493396,11.08377,10.698071,16.021101,19.005663,21.622381,24.97322,27.808641,29.468433,28.735764,25.909643,28.49845,28.175814,26.558437,21.556717,20.35076,16.102554,13.988469,12.894028,16.513958,14.427689,20.849758,20.923271,24.217152,28.270285,28.58725,32.453503,32.363903,35.64065,34.16484,30.132921,26.514687,24.032766,22.953356,20.347519,17.797827,18.143808,16.163103,14.870206,16.72801,12.685227,11.218192,12.363798,11.637496,15.579287,13.306608,19.546331,21.84586,25.543978,28.689533,32.30448,34.680737,38.744263,40.372654,39.351105,37.293392,34.078796,31.866945,31.934881,29.181086,27.76626,29.964252,26.3806,30.174082,31.33199,29.293697,27.75306,24.989273,21.417776,22.527493,18.964499,21.822111
35,43.514103,40.28052,37.250187,34.800785,31.416008,30.35467,25.684824,24.093046,19.351543,19.08668,14.911562,18.848225,19.747892,17.233763,21.447062,18.260899,23.329077,21.971203,26.272078,26.719133,28.496943,32.738846,33.992672,31.64911,36.366993,32.273167,31.22062,28.177565,23.238918,19.93972,18.038958,14.522482,8.391927,6.568144,4.4481626,0.0,5.140278,7.002411,6.3899918,9.555571,10.828964,15.243497,14.843222,20.08041,23.27487,25.577602,29.043058,31.794092,33.48766,32.655605,29.669256,32.13731,31.329355,29.724878,24.881926,23.400288,19.081009,17.101398,15.043318,18.108143,16.130459,22.462133,23.05988,25.86206,30.499132,30.15382,34.153774,33.823013,37.548393,35.83573,31.549107,28.31402,25.37714,24.43482,20.764898,18.518024,17.747538,15.09309,13.124467,14.129536,9.784386,9.697442,10.798876,11.533588,15.995711,14.945501,20.831423,24.176622,27.60433,30.921227,34.563297,36.741646,40.909016,42.88865,42.215584,40.37778,37.144047,34.717033,34.399067,31.462887,29.551935,31.649506,27.634195,31.069328,31.999788,29.497551,28.170305,24.565716,21.729017,21.993858,18.549887,20.823092
