,0,1,2,3,4,5,6,7,8,9,10,11,12,13,14,15,16,17,18,19,20,21,22,23,24,25,26,27,28,29,30,31,32,33,34,35,36,37,38,39,40,41,42,43,44,45,46,47,48,49,50,51,52,53,54,55,56,57,58,59,60,61,62,63,64,65,66,67,68,69,70,71,72,73,74,75,76,77,78,79,80,81,82,83,84,85,86,87,88,89,90,91,92,93,94,95,96,97,98,99,100,101,102,103,104,105,106,107,108,109
0,0.0,3.8894897,8.022648,9.865534,13.387103,16.49347,18.23545,22.57646,24.576714,27.20898,30.44517,29.74918,29.802908,27.010048,32.565723,30.176668,32.169163,33.337425,34.55446,38.147064,38.927246,42.333122,42.935223,41.80906,43.65648,40.96664,41.082157,37.160557,36.992363,36.891747,33.24743,35.08138,32.676548,30.129976,27.868938,27.242905,22.978708,23.913282,26.222616,24.835382,20.404837,25.843857,26.744123,22.127897,21.245367,28.100588,27.773275,21.936747,24.337225,21.581745,26.408636,29.588614,30.902079,30.691153,34.135117,37.25362,33.773075,38.183758,39.191944,33.459915,35.404205,39.943733,41.94826,41.001747,35.763973,35.959396,40.839928,39.96115,39.020374,43.979267,44.84681,42.599037,43.081837,48.04909,45.644627,49.783157,47.755787,43.72506,44.968952,41.875233,41.772133,39.772114,38.3135,38.531574,39.820564,38.82538,42.056877,41.12382,45.330654,46.62063,50.24235,51.292427,52.161205,48.82242,47.338257,43.96448,47.033905,43.279324,45.91169,43.133945,44.370087,43.619316,43.122612,46.36802,46.274647,49.919426,46.48271,50.771152,49.3471,53.722973
1,3.8894897,0.0,5.2470894,6.1314883,9.720559,13.42452,14.549837,19.159275,20.960083,23.588364,26.75445,25.948042,25.941698,23.175812,28.799215,26.564367,28.64445,30.004349,31.382433,35.0292,36.10866,39.500893,40.45028,39.221134,40.935947,38.288147,38.09636,34.24048,33.856716,33.944973,29.944414,32.165524,29.551592,27.434855,25.110523,24.045105,19.876162,21.422606,23.387926,21.648714,17.640045,23.483004,23.89812,19.221125,19.033411,25.842026,25.056078,19.551815,22.567457,20.109423,24.724222,27.62793,29.538286,29.356152,32.33197,35.12262,31.43626,35.79895,37.27101,31.721376,33.132504,37.99708,39.96522,39.37383,34.02049,33.82961,38.79027,37.74163,36.469208,41.46869,42.36121,39.957153,40.193504,45.09684,42.500267,46.580555,44.429394,40.29925,41.41887,38.237667,38.0798,36.007046,34.583767,34.79637,36.221794,35.16996,38.6059,37.79024,42.055984,43.518177,47.060696,48.28117,49.14072,45.783436,44.165527,40.703026,43.641552,39.756683,42.37242,39.38223,40.722786,39.850197,39.3211,42.637142,42.58479,46.38298,42.991375,47.374043,46.12064,50.504913
2,8.022648,5.2470894,0.0,5.341723,7.0265827,9.50686,11.954035,15.436901,18.146389,20.012703,23.567808,22.750563,23.426008,21.25736,27.669,25.81854,28.453602,30.069738,32.18586,35.649773,37.3794,40.76353,42.30483,40.603523,41.934948,39.25519,38.331646,34.46743,33.387154,33.430244,28.573652,30.513988,27.09468,25.1607,23.777567,22.45072,18.297682,20.76744,23.053377,21.106968,17.737549,24.326687,24.435238,20.1683,20.719545,27.550488,26.477636,21.827261,25.429003,23.033653,26.940378,30.14086,32.319164,31.781145,34.30425,36.583977,32.439568,36.539783,38.587402,33.03553,33.489197,38.57317,40.09677,39.81214,34.3156,33.50539,38.152905,36.58365,35.475235,40.6853,40.97662,38.139526,38.700123,43.23873,40.7856,44.504383,42.168514,38.190704,38.686317,35.90481,35.248055,32.98111,32.10952,32.866344,34.750896,34.05871,37.730175,37.614582,41.9393,43.825127,47.261272,48.83007,49.8218,46.566395,44.621857,40.97837,43.46643,39.256615,41.4998,37.814957,39.150337,37.73079,36.82093,40.05008,40.37591,44.0192,41.16788,45.581818,44.664963,49.176292
3,9.865534,6.1314883,5.341723,0.0,3.8698647,8.542469,8.450443,13.446458,14.858118,17.67686,20.696142,20.037525,20.025587,17.28169,23.337769,21.024082,23.555622,24.940435,27.077719,30.414543,32.073444,35.48352,37.018433,35.263626,36.62159,33.963985,33.166084,29.336956,28.489582,28.688725,24.162128,26.67583,23.795315,22.224733,19.914366,18.317331,14.293509,16.77142,18.362463,16.234268,12.960399,19.439129,19.255512,14.862589,15.737681,22.368515,21.14103,16.662132,20.49415,18.37478,22.10819,25.012749,27.514011,27.106945,29.310246,31.47722,27.388094,31.540192,33.710567,28.413342,28.83967,34.088337,35.855377,35.778553,30.311079,29.489655,34.431904,33.09966,31.46436,36.522655,37.3321,34.713356,34.720047,39.494896,36.750893,40.727932,38.466908,34.29365,35.30906,32.13083,31.953262,29.937168,28.47392,28.79332,30.323435,29.483503,32.964,32.564243,36.869286,38.62932,42.112705,43.589367,44.585514,41.35469,39.462364,35.86579,38.48258,34.42185,36.771255,33.568787,34.811127,33.834248,33.269474,36.524616,36.506218,40.297523,37.009537,41.439583,40.36095,44.78212
4,13.387103,9.720559,7.0265827,3.8698647,0.0,5.4524603,5.0027905,9.6525755,11.380266,13.886906,17.071054,16.484753,16.862566,14.500519,21.178974,19.084309,22.089138,23.60567,26.403378,29.47101,31.66261,35.02662,37.04944,34.899597,35.91744,33.274345,31.873096,28.101255,26.698013,26.927935,21.73008,24.23286,20.790161,19.636562,17.87937,15.854223,12.012108,15.492223,17.010355,14.6230955,12.308582,19.141924,18.531683,14.709477,16.370338,22.630123,21.118174,17.672735,21.874853,19.991455,22.94542,25.890722,28.659668,28.024967,29.691032,31.338648,26.942749,30.808512,33.50461,28.395735,27.949554,33.390236,34.843773,35.122627,29.613636,28.23554,32.96168,31.263391,29.555832,34.705547,35.181347,32.263412,32.3207,36.838947,34.100655,37.842392,35.437466,31.320028,31.962774,28.984554,28.535242,26.437225,25.24446,25.906599,27.731451,27.17956,30.78974,30.933514,35.25029,37.331596,40.71102,42.451267,43.55489,40.44404,38.29972,34.590252,36.82894,32.556835,34.59109,30.946548,32.14347,30.83454,30.055601,33.243855,33.43465,37.15208,34.185467,38.649666,37.82237,42.31079
5,16.49347,13.42452,9.50686,8.542469,5.4524603,0.0,6.1170354,6.599836,10.200226,11.841708,15.496111,15.752722,17.194183,15.671964,23.051643,20.815767,24.513842,25.627268,29.48129,31.775438,34.385075,37.764595,40.06796,37.14323,37.713135,34.934635,32.94646,29.065372,27.00939,26.71796,21.119438,22.269157,18.158613,16.473963,16.252754,14.832751,11.040185,14.635008,17.210318,15.474646,13.479684,20.299225,20.17756,17.444313,18.775074,24.947084,23.991972,21.401361,25.356884,23.097584,25.143417,29.05836,31.24331,29.971596,31.524887,32.808014,28.07357,31.505919,34.356995,29.080032,27.893585,33.11573,33.93561,34.241306,28.739473,26.945143,31.069479,28.882341,27.861515,33.198444,32.813892,29.565859,30.447147,34.56566,32.39909,35.761295,33.406265,29.76664,29.979803,27.815844,26.98543,25.088732,24.345442,25.795303,27.736383,28.099272,31.229437,32.291767,36.454594,38.80284,42.19216,44.093052,45.51801,42.749878,40.354176,36.615173,38.348824,34.006638,35.30322,31.426682,32.08245,30.486277,29.376598,32.05604,32.55944,35.52153,33.178146,37.386078,36.63254,41.25168
6,18.23545,14.549837,11.954035,8.450443,5.0027905,6.1170354,0.0,6.0832534,6.4614215,9.477176,12.269488,11.994309,12.300165,10.036768,17.160934,15.003628,18.506674,19.961191,23.542187,26.122074,28.849714,32.12796,34.657272,32.06064,32.697166,30.119133,28.114592,24.488897,22.583778,22.973406,17.216507,20.159416,16.463408,16.256226,14.545782,11.696637,8.57244,13.259939,13.95181,11.151481,10.616641,17.175486,15.824373,12.934927,15.634867,20.926949,19.041283,17.119486,21.590008,20.22635,22.102985,24.776394,27.93811,27.170982,28.009819,28.970196,24.3643,27.848377,31.17512,26.563738,25.114748,30.781958,32.026546,32.835217,27.41577,25.425339,30.015106,28.0899,25.93876,31.019156,31.46898,28.386143,28.09148,32.44182,29.509304,33.141304,30.624405,26.43955,27.012041,23.986208,23.569448,21.580942,20.26122,21.024145,22.941378,22.660479,26.256073,26.863735,31.14375,33.49772,36.76842,38.73336,39.955784,37.021873,34.64486,30.871454,32.737225,28.352417,30.06315,26.255991,27.31188,25.93138,25.152098,28.263193,28.451212,32.17974,29.286285,33.79472,33.15295,37.643814
7,22.57646,19.159275,15.436901,13.446458,9.6525755,6.599836,6.0832534,0.0,4.897767,5.361563,9.039121,9.794204,11.837273,11.341648,18.833721,17.119871,21.225903,22.460117,27.036556,28.810522,32.127277,35.26861,38.268635,34.97204,35.02899,32.45147,29.591606,26.093893,23.259352,23.270037,16.737938,18.395962,13.428421,13.554633,14.042873,11.433778,9.3417425,14.365241,15.684701,13.544781,14.040864,20.080631,18.920029,17.388956,19.94378,24.724041,23.153366,22.310108,26.577438,25.076073,26.03286,29.271984,32.082287,30.797491,31.260124,31.61438,26.732323,29.548655,33.2678,28.80448,26.240139,31.69738,32.176113,33.271347,27.989098,25.287241,29.054434,26.434885,24.808496,29.98351,29.396421,25.764135,26.188755,29.830029,27.398132,30.378117,27.73271,24.061937,23.718523,21.696596,20.531229,18.574678,18.143744,20.044905,22.397377,23.157652,26.426718,28.248083,32.284943,35.065586,38.157276,40.434048,41.931076,39.379494,36.67608,32.888584,33.99425,29.474964,30.282743,25.865166,26.4594,24.42817,23.08517,25.665087,26.406431,29.415586,27.483149,31.771278,31.509033,36.10954
8,24.576714,20.960083,18.146389,14.858118,11.380266,10.200226,6.4614215,4.897767,0.0,4.654072,6.277348,7.451129,8.233627,7.210862,14.454165,12.386754,16.63687,17.723343,22.579412,24.075304,27.570234,30.624006,33.824417,30.468729,30.417639,27.957556,24.937662,21.622753,18.737364,19.158335,12.441035,15.490794,11.084606,12.603958,11.80697,7.989653,7.306266,12.776725,12.5214405,9.876018,12.076055,17.212273,15.221761,14.351397,17.66695,21.347538,19.359362,19.587933,23.897882,23.022858,23.389858,25.912197,29.176512,28.094614,27.892344,27.830284,23.03722,25.687033,29.79562,25.94151,22.968376,28.657862,29.36014,30.87317,25.757502,22.854048,26.873531,24.491999,21.974613,26.899212,26.977774,23.556313,23.012983,26.886385,23.87587,27.155685,24.46408,20.357347,20.593988,17.83548,17.280893,15.577911,14.249924,15.61371,17.748455,18.363874,21.647436,23.359917,27.412558,30.218384,33.27238,35.580643,37.057766,34.53783,31.801802,28.020761,29.107792,24.623318,25.49949,21.371988,21.954283,20.314077,19.3767,22.130713,22.462055,25.905607,23.405933,27.881058,27.580162,32.108585
9,27.20898,23.588364,20.012703,17.67686,13.886906,11.841708,9.477176,5.361563,4.654072,0.0,4.0745335,4.941864,7.828498,8.968104,15.776273,15.119126,19.195177,20.78877,25.543062,27.069698,30.917974,33.736446,37.30552,34.002808,33.70162,31.434265,27.925575,24.984879,21.62258,22.167456,15.028321,17.653332,12.338198,14.5835705,15.279469,11.691712,11.567874,16.888277,16.8338,14.334124,16.68327,21.735617,19.61245,18.879799,22.315823,25.829287,23.584976,23.99226,28.42322,27.633257,28.01619,30.324835,33.758423,32.6719,32.279255,31.9258,27.154232,29.44821,33.818077,30.198898,26.74472,32.303867,32.630707,34.368954,29.406752,26.141722,29.59957,26.788538,24.494907,29.28213,28.716223,24.887545,24.597591,27.691269,24.840538,27.383062,24.381458,20.577839,19.494799,17.399448,15.74113,13.4024105,13.522182,15.801161,18.784285,19.609959,23.314323,25.661161,29.55239,32.700405,35.397995,38.025482,39.447105,37.006683,34.086136,30.294865,30.84532,26.157465,26.677671,21.53904,22.384275,19.739883,18.09481,20.823107,21.868578,25.27133,23.742928,28.192669,28.55284,33.026035
10,30.44517,26.75445,23.567808,20.696142,17.071054,15.496111,12.269488,9.039121,6.277348,4.0745335,0.0,3.8305466,6.002479,8.0899515,13.540403,13.177677,17.214468,18.633274,23.71804,24.695345,28.852451,31.441597,35.330177,31.847834,31.235355,29.169144,25.233942,22.702278,19.0156,19.870222,12.620927,15.941961,10.983787,14.652135,15.123941,11.157816,12.524338,17.563477,16.50607,14.071796,17.622112,21.593712,18.956947,19.103146,22.894356,25.294182,22.832516,24.328522,28.625908,28.303946,28.039068,29.814297,33.474205,32.451546,31.404888,30.49845,25.882605,27.701956,32.459328,29.530285,25.46462,30.980785,31.222103,33.406273,28.771128,25.188145,28.430037,25.639486,22.791965,27.186234,26.825172,23.04767,22.071634,24.900455,21.692764,24.093723,20.942877,16.964611,15.7936325,13.409771,11.815092,9.600932,9.452728,11.919413,15.075545,16.195908,19.8202,22.590061,26.286034,29.620281,32.104496,34.894627,36.35422,34.10952,31.060694,27.336222,27.48501,22.822117,22.98895,17.732456,18.445755,15.705367,14.100593,16.817387,17.80493,21.429548,19.899538,24.435452,25.062016,29.43241
11,29.74918,25.948042,22.750563,20.037525,16.484753,15.752722,11.994309,9.794204,7.451129,4.941864,3.8305466,0.0,3.8665118,6.8493156,12.19128,13.089594,16.593992,18.932976,23.130157,24.95116,29.057981,31.544989,35.48941,32.67275,32.32428,30.433266,26.728714,24.385033,21.034483,22.37736,15.23861,19.401928,14.685825,18.08512,18.014078,13.730085,14.486267,19.820475,18.526749,15.497899,18.860851,23.22889,20.18319,19.578133,23.771542,26.309076,23.230448,24.319052,28.921434,28.865461,29.204445,30.286646,34.480408,33.85473,32.875732,32.16083,27.699785,29.807995,34.56035,31.664427,28.000671,33.699253,34.257637,36.397266,31.664904,28.293648,31.83892,29.209002,26.152248,30.480118,30.439968,26.758036,25.466885,28.326931,24.824867,27.198673,23.926016,19.748413,18.31896,15.471181,13.64578,10.576851,10.984625,12.827816,16.487045,16.514072,21.175135,23.3503,27.216623,30.547709,32.846592,35.71729,36.843975,34.267178,31.288155,27.49213,27.830399,22.96127,23.780077,17.906647,19.604223,16.452978,14.721935,18.171932,19.29266,23.722649,22.137003,26.87608,27.75544,31.965431
12,29.802908,25.941698,23.426008,20.025587,16.862566,17.194183,12.300165,11.837273,8.233627,7.828498,6.002479,3.8665118,0.0,3.9363956,8.346964,9.617792,12.821312,15.471869,19.35153,21.380281,25.470085,27.884323,31.86937,29.351576,29.130915,27.386042,23.863972,21.728882,18.71866,20.562195,13.816292,19.171772,15.379966,19.000721,17.816278,13.187717,14.326344,19.419846,17.207737,13.861863,17.78849,21.506386,17.908567,17.388632,21.97599,23.798134,20.274298,21.820538,26.402626,26.83595,27.095524,27.40091,31.998236,31.697578,30.413935,29.612312,25.405977,27.564188,32.38893,29.892616,26.397541,32.19787,33.12211,35.373455,30.756432,27.558039,31.431385,29.182022,25.557177,29.630148,30.308079,26.984385,24.94451,28.141954,24.156746,26.918354,23.720955,19.128363,18.49989,14.70093,13.754655,10.995081,10.144868,10.741117,14.211383,13.394042,18.542276,20.115812,24.112839,27.345057,29.629896,32.452675,33.42033,30.679333,27.771297,23.946274,24.539394,19.638788,20.982517,15.369093,17.48808,14.862235,13.766228,17.650217,18.191402,23.270761,20.911013,25.837727,26.568104,30.635195
13,27.010048,23.175812,21.25736,17.28169,14.500519,15.671964,10.036768,11.341648,7.210862,8.968104,8.0899515,6.8493156,3.9363956,0.0,7.538131,7.12842,10.59499,13.106369,16.88148,19.262938,22.97777,25.682192,29.29031,26.886969,27.022715,25.087585,22.139912,19.619425,17.185555,18.996994,12.718815,18.427834,15.29639,18.195074,15.971024,11.32363,11.964714,16.84321,14.3817215,10.715732,14.451103,18.214636,14.556469,13.571595,18.250767,20.267054,16.706123,17.904419,22.531237,22.972292,23.466099,23.75292,28.36737,28.189466,27.15754,26.734272,22.540262,25.145359,29.682276,26.92996,24.03766,29.954893,31.258627,33.240788,28.48143,25.688831,30.040737,28.156513,24.447916,28.651485,29.826506,26.81943,24.70551,28.550896,24.518372,27.884672,24.967886,20.199581,20.61566,16.470188,16.380165,14.222043,12.32579,12.087672,14.601969,13.388485,18.23112,18.97313,23.22974,26.096563,28.756443,31.254822,32.21947,29.289145,26.591099,22.723515,23.998201,19.265167,21.139578,16.602829,18.484442,16.872078,16.412947,20.15731,20.11903,25.08311,21.94596,26.854046,26.976805,31.098946
14,32.565723,28.799215,27.669,23.337769,21.178974,23.051643,17.160934,18.833721,14.454165,15.776273,13.540403,12.19128,8.346964,7.538131,0.0,5.5090322,5.646964,9.521337,11.789751,14.349119,18.398533,20.383152,24.59735,23.019972,23.061346,21.919785,18.950174,17.801226,15.982588,19.008839,14.375622,21.335175,19.68181,23.460663,20.56246,16.078732,17.87748,21.762856,17.850903,14.517129,19.116117,20.706223,16.094465,16.106918,21.121866,20.695768,16.158836,19.151299,23.26852,25.019268,24.920256,23.01742,28.53444,29.07616,26.911898,25.750553,22.522635,24.500147,29.371122,28.162254,25.111961,30.77033,32.425816,34.94059,30.87854,28.149296,32.388214,31.001892,26.373716,29.518648,31.656713,29.221777,25.702091,29.226274,24.458752,27.703455,24.850225,19.895185,20.779484,15.713902,16.563179,14.881768,12.280354,9.820451,11.810197,8.270876,14.381707,14.001233,18.07965,20.976192,23.000704,25.719532,26.183645,23.042992,20.33656,16.525024,17.72578,12.918504,15.819018,11.532982,14.659447,13.756671,14.346652,18.45517,17.706758,23.722843,19.997856,24.903553,25.395834,28.81591
15,30.176668,26.564367,25.81854,21.024082,19.084309,20.815767,15.003628,17.119871,12.386754,15.119126,13.177677,13.089594,9.617792,7.12842,5.5090322,0.0,4.5042205,5.992979,10.636828,12.178678,16.019243,18.710636,22.433363,19.869816,19.989223,18.230324,15.507131,13.402878,11.789361,14.451457,10.260589,17.22269,16.414577,19.54936,15.862603,11.7209215,13.688163,16.832989,12.556044,9.450395,14.340011,15.266331,10.668354,11.380415,16.19067,15.641731,11.62769,15.099905,18.970886,20.420427,19.790836,18.743412,23.738441,23.922857,21.894432,20.899765,17.311136,19.592583,24.320875,22.735186,19.839428,25.601603,27.398735,29.692537,25.523212,23.017553,27.547802,26.435753,21.846289,25.212831,27.634758,25.484812,22.12891,26.359848,21.80972,25.749472,23.297304,18.336943,20.450651,15.504306,17.175333,16.343414,12.718395,10.413723,10.881588,8.71925,12.845906,12.333216,16.718678,19.256124,22.127865,24.381973,25.368174,22.459,19.858702,16.023228,17.8008,13.482939,15.901223,13.531349,14.9579735,15.334072,16.299494,19.637056,18.382236,23.434128,19.011621,23.734985,23.291945,27.020737
16,32.169163,28.64445,28.453602,23.555622,22.089138,24.513842,18.506674,21.225903,16.63687,19.195177,17.214468,16.593992,12.821312,10.59499,5.646964,4.5042205,0.0,4.6954355,6.5878277,9.339416,13.011111,15.348078,19.238087,17.756735,18.229383,17.039898,14.998744,13.84477,13.356456,16.58177,13.881567,20.940023,20.70568,23.85018,19.836435,15.975797,17.777975,20.454626,15.858364,12.991457,17.404606,17.428278,12.6234665,13.136831,17.873398,16.080662,11.311945,15.300587,18.794415,21.121218,20.621231,17.827877,23.536165,24.419033,21.968433,20.881226,18.183773,20.33845,24.883495,24.115433,21.757189,27.233522,29.430214,31.784046,27.99257,25.848845,30.427048,29.719217,24.829903,27.604263,30.630188,28.875439,24.956823,29.079248,24.27131,28.162386,25.839764,20.918558,23.212643,17.996569,19.940178,19.13062,15.5668545,12.436369,12.413364,8.67953,13.07873,10.848344,15.1318445,17.28939,19.847364,22.000315,22.476631,19.137383,16.776718,12.98054,15.387472,11.3501425,14.990756,13.481969,15.619308,16.543428,17.988737,21.462921,19.882145,25.373894,20.6667,25.225147,24.861145,28.07181
17,33.337425,30.004349,30.069738,24.940435,23.60567,25.627268,19.961191,22.460117,17.723343,20.78877,18.633274,18.932976,15.471869,13.106369,9.521337,5.992979,4.6954355,0.0,6.7434993,6.3621516,10.222677,12.972015,16.70335,13.941172,14.151829,12.619946,10.56974,9.206893,9.391983,12.652814,11.748253,18.433016,19.473799,22.353258,17.907295,14.815423,17.165775,18.703741,13.647518,11.786872,16.367794,14.680351,10.032562,12.227125,16.240532,13.031187,9.066474,14.559136,17.155836,19.496733,17.824024,15.312828,20.456081,21.05797,18.05095,16.483479,13.923298,15.739264,20.392944,20.140959,17.59572,22.846872,25.14863,27.593655,24.162306,22.172287,26.682339,26.377264,21.308083,23.677025,27.203941,25.959362,21.760635,26.163998,21.46441,25.739073,23.887808,19.19282,22.555628,17.535725,20.293665,20.367506,16.13733,12.904286,11.30253,8.783388,10.629619,7.916867,12.2067995,14.013493,17.217873,19.006962,20.012325,17.129877,14.79256,11.158642,13.78703,10.597472,13.522298,14.116374,14.792738,17.007532,18.94304,21.621365,19.484413,24.130453,18.858664,22.999119,21.930828,25.069935
18,34.55446,31.382433,32.18586,27.077719,26.403378,29.48129,23.542187,27.036556,22.579412,25.543062,23.71804,23.130157,19.35153,16.88148,11.789751,10.636828,6.5878277,6.7434993,0.0,6.036155,7.7540903,9.836482,13.264281,13.471031,14.852269,14.348081,14.255556,14.079934,15.57231,18.837675,18.462814,25.118402,26.00215,28.666294,23.966814,20.842936,22.42033,23.95228,19.09612,16.95226,20.500687,18.861275,14.447319,15.076721,18.901262,15.204887,10.429824,14.974432,17.12251,20.527697,19.868576,14.830685,21.016327,22.813475,19.908005,18.927994,17.74553,19.782692,23.541576,23.843716,22.653833,27.455091,30.293707,32.46323,29.289066,27.942574,32.6276,32.692154,27.632504,29.634714,33.576557,32.583427,28.209768,32.492702,27.692318,31.795826,29.965038,25.3109,28.364159,23.152119,25.658365,25.25082,21.468502,17.91123,16.765713,12.86611,15.428822,10.937824,14.313148,15.043686,17.509258,18.820683,18.70145,14.855321,13.427457,10.331943,14.231916,12.010293,16.47132,17.391289,19.227186,21.298046,23.304613,26.411081,24.2972,29.516382,24.306265,28.281004,27.436298,29.973114
19,38.147064,35.0292,35.649773,30.414543,29.47101,31.775438,26.122074,28.810522,24.075304,27.069698,24.695345,24.95116,21.380281,19.262938,14.349119,12.178678,9.339416,6.3621516,6.036155,0.0,4.764123,6.779101,11.062083,8.946642,9.3343525,9.080225,8.626752,9.66068,11.801888,15.12196,16.680754,22.727829,24.79953,27.648033,23.02763,20.569433,23.03473,23.729708,18.55627,17.443327,21.505068,18.28284,14.272759,16.818224,19.951012,14.742214,11.431832,17.505878,18.696672,21.896683,19.607388,15.189048,20.304794,21.58107,17.58739,15.344725,14.757128,15.548328,19.667858,21.247849,19.284035,23.469574,26.145477,28.731329,26.302938,24.853132,28.997032,29.385847,24.08823,25.21307,29.596735,29.161411,24.280945,28.357004,23.639477,27.765867,26.433058,22.218681,26.120495,21.214956,24.496134,25.044731,20.752865,17.01591,14.4572315,11.666714,11.521032,6.270509,8.995949,9.318536,12.39711,13.560814,14.180449,11.103715,9.3015175,6.344083,10.266874,9.36222,12.8094635,16.09351,16.50441,19.873365,22.437323,24.628239,21.936415,26.292578,20.7161,24.054781,22.759218,24.89414
20,38.927246,36.10866,37.3794,32.073444,31.66261,34.385075,28.849714,32.127277,27.570234,30.917974,28.852451,29.057981,25.470085,22.97777,18.398533,16.019243,13.011111,10.222677,7.7540903,4.764123,0.0,3.6446059,6.497632,5.987808,8.035235,8.321993,10.609997,11.73347,15.0690975,17.838156,20.398724,25.931606,28.446083,30.71077,25.686045,23.722696,25.744871,25.741234,20.732355,19.993582,23.196444,19.206532,15.857849,18.081852,20.371897,14.304704,11.686753,17.351425,17.391268,21.080696,18.777195,13.049414,18.02966,19.96679,15.891456,14.078103,14.867723,15.767138,18.726307,20.876625,20.217867,23.73608,26.909859,29.0856,27.057709,26.377922,30.627893,31.567406,26.46175,27.24445,32.084137,32.127747,27.345013,31.613096,27.163694,31.439587,30.434254,26.433416,30.632196,25.832916,29.19011,29.751999,25.431356,21.751766,19.090277,16.42647,15.802337,10.455374,11.928586,10.627306,13.56586,13.457595,13.661056,10.489145,10.157136,8.783263,13.148228,13.507373,16.8702,20.740913,21.04845,24.599607,27.197418,29.309986,26.526495,30.579659,24.900297,27.84086,26.127388,27.909386
21,42.333122,39.500893,40.76353,35.48352,35.02662,37.764595,32.12796,35.26861,30.624006,33.736446,31.441597,31.544989,27.884323,25.682192,20.383152,18.710636,15.348078,12.972015,9.836482,6.779101,3.6446059,0.0,5.135176,6.6754293,8.246323,9.829911,12.092429,14.2362795,17.435625,20.32379,23.110558,28.646645,31.258545,33.815166,28.948317,26.917961,29.14232,29.232773,24.17285,23.417913,26.79584,22.76274,19.424326,21.677116,24.00505,17.834654,15.3089905,20.821417,20.713474,24.525757,22.186972,16.189066,20.894817,22.972504,18.672194,16.526289,17.896183,18.15726,20.950092,23.822819,23.017893,26.081469,29.15476,31.509356,29.908085,29.192295,33.120544,34.14013,28.93586,29.217777,34.17973,34.39315,29.312246,33.187817,28.687304,32.661896,31.758423,27.962854,32.095413,27.345798,30.778976,31.453535,27.232445,23.364632,20.60057,17.75652,16.863525,11.349738,11.671112,9.68272,11.690401,11.208083,10.725891,7.3245487,7.864382,7.791004,12.027626,13.5303,16.880814,21.405104,21.806746,25.561537,28.342957,30.299664,27.395527,31.447905,25.876879,28.49246,26.990126,28.2234
22,42.935223,40.45028,42.30483,37.018433,37.04944,40.06796,34.657272,38.268635,33.824417,37.30552,35.330177,35.48941,31.86937,29.29031,24.59735,22.433363,19.238087,16.70335,13.264281,11.062083,6.497632,5.135176,0.0,6.722273,9.5925665,11.099667,15.092164,16.78413,20.680004,23.019804,26.50538,31.518799,34.503384,36.438755,31.245993,29.722275,31.529432,30.93629,26.15512,25.786617,28.33498,23.716944,21.133915,23.114046,24.534163,17.976336,16.415064,21.178192,19.922287,23.910627,21.594883,14.958036,18.897123,21.496464,17.43315,15.967725,18.4678,18.880487,20.322739,23.518873,24.00638,26.369106,29.839384,31.67563,30.449663,30.49526,34.49382,36.007385,31.105192,31.192526,36.459385,37.08252,32.247444,36.37628,32.198856,36.379925,35.760517,32.113346,36.550213,31.89749,35.399197,36.094765,31.774717,28.02669,25.165863,22.562252,21.363916,15.996223,16.096811,13.432051,15.406619,13.80064,13.217311,10.660574,12.257887,12.850315,16.884733,18.63406,21.761684,26.444975,26.636671,30.488375,33.23904,35.141678,32.193005,35.91465,30.234959,32.589184,30.630941,31.728802
23,41.80906,39.221134,40.603523,35.263626,34.899597,37.14323,32.06064,34.97204,30.468729,34.002808,31.847834,32.67275,29.351576,26.886969,23.019972,19.869816,17.756735,13.941172,13.471031,8.946642,5.987808,6.6754293,6.722273,0.0,3.577019,4.4594636,9.157458,10.910346,15.115606,16.99693,21.52999,25.770563,29.389248,31.232273,26.239866,25.252958,27.539957,26.448338,21.65978,21.995848,24.875904,19.517841,17.300024,20.54849,21.701359,14.699101,14.193603,19.98948,18.85084,22.12815,18.512503,13.7787895,16.737423,18.205719,13.31604,10.5176,12.981771,12.527164,14.614744,18.334234,17.918163,20.111816,23.371246,25.516832,24.508144,24.326708,28.017141,29.601099,24.711893,24.5225,29.866627,30.716656,25.908844,30.083311,26.180254,30.503431,30.188513,26.85383,31.766348,27.516623,31.31375,32.538124,27.968021,24.51084,21.056252,19.629707,16.970192,12.372372,12.347231,9.744455,13.052521,11.663264,12.820742,11.4023695,11.649269,11.594998,14.970736,16.529482,18.470545,23.7198,22.819214,27.098883,29.899427,31.231188,28.137537,31.03498,25.257162,27.302061,24.837175,26.124855
24,43.65648,40.935947,41.934948,36.62159,35.91744,37.713135,32.697166,35.02899,30.417639,33.70162,31.235355,32.32428,29.130915,27.022715,23.061346,19.989223,18.229383,14.151829,14.852269,9.3343525,8.035235,8.246323,9.5925665,3.577019,0.0,3.2883303,6.8337626,9.714668,13.560356,15.404634,20.421638,24.341228,28.242262,30.416166,25.795998,24.893404,27.662018,26.619978,21.784527,22.320736,25.690655,20.290346,18.041378,21.875967,23.214853,16.375002,15.984847,22.15815,21.37724,24.318819,20.280464,16.526527,19.097227,19.95687,14.805034,11.11122,13.235362,11.689433,14.490818,18.72641,17.202042,19.129597,21.949778,24.568237,23.902767,23.293964,26.480047,27.985071,22.966558,22.270315,27.630627,28.614138,23.529703,27.337626,23.474903,27.593506,27.469751,24.45193,29.509554,25.5369,29.519749,31.110916,26.523481,23.120783,19.306963,18.466236,14.804257,10.791119,9.877581,7.054449,10.587631,9.300489,11.264002,10.765457,10.495377,10.684609,13.148598,15.157165,16.223742,22.124258,20.652369,25.262877,28.192678,29.07999,25.846737,28.291323,22.578262,24.234816,21.718615,22.732595
25,40.96664,38.288147,39.25519,33.963985,33.274345,34.934635,30.119133,32.45147,27.957556,31.434265,29.169144,30.433266,27.386042,25.087585,21.919785,18.230324,17.039898,12.619946,14.348081,9.080225,8.321993,9.829911,11.099667,4.4594636,3.2883303,0.0,5.4463596,7.0268803,11.303423,12.810314,18.008518,21.691301,25.670319,27.515322,22.765387,22.1005,24.75122,23.45456,18.710155,19.49632,22.675934,17.096176,15.095648,19.161066,20.26183,13.489141,13.586641,19.755005,19.002983,21.624474,17.3602,14.413893,16.74165,17.232172,12.121651,8.328786,9.969807,8.709019,11.932958,15.644762,14.09426,16.457327,19.425438,21.914783,20.87045,20.301556,23.801535,25.289206,20.34221,20.10099,25.414558,26.294998,21.504763,25.751957,21.994997,26.439981,26.26329,23.108532,28.275316,24.341223,28.263708,29.809593,25.147087,21.995504,18.239008,17.763618,14.192004,10.657945,10.808728,8.986672,12.977438,12.244151,14.3430605,13.504577,12.759202,12.031996,14.599147,15.642508,16.63494,21.893723,20.264517,24.675014,27.419518,28.376762,25.266205,27.60587,21.822948,23.74325,20.96605,22.563986
26,41.082157,38.09636,38.331646,33.166084,31.873096,32.94646,28.114592,29.591606,24.937662,27.925575,25.233942,26.728714,23.863972,22.139912,18.950174,15.507131,14.998744,10.56974,14.255556,8.626752,10.609997,12.092429,15.092164,9.157458,6.8337626,5.4463596,0.0,4.3929124,7.0000257,9.224803,14.015113,17.993671,21.770292,24.412752,20.290728,19.210148,22.550459,21.977251,17.096367,17.657335,21.81825,17.119036,14.49725,18.979073,20.920895,15.243614,14.580086,20.999243,21.404413,23.578928,19.46745,17.654552,20.4127,20.28162,15.54609,11.641199,11.126451,9.479843,14.386406,17.19866,13.599291,16.771605,18.83633,22.02727,20.582981,18.84321,21.999197,22.759624,17.412,17.35636,22.192135,22.564997,17.35871,21.315594,17.133163,21.46594,21.042597,17.791117,22.918173,19.073011,23.100641,24.915388,20.26794,17.214188,13.1746435,13.484173,9.00045,6.855514,7.3050404,7.4425044,11.506654,12.25857,14.771446,14.109112,12.136465,10.557816,11.841795,12.130546,12.0869,17.25977,15.083624,19.606207,22.374651,23.04831,19.910082,22.185999,16.391285,18.544945,16.056133,18.063267
27,37.160557,34.24048,34.46743,29.336956,28.101255,29.065372,24.488897,26.093893,21.622753,24.984879,22.702278,24.385033,21.728882,19.619425,17.801226,13.402878,13.84477,9.206893,14.079934,9.66068,11.73347,14.2362795,16.78413,10.910346,9.714668,7.0268803,4.3929124,0.0,4.572803,6.2385726,11.038266,14.903071,18.649076,20.728294,16.236383,15.41381,18.515806,17.64515,12.797331,13.675846,17.589535,12.828202,10.427747,15.210759,16.907413,11.789569,11.6476145,17.754726,18.360758,20.014147,15.881288,15.326682,17.838114,17.255932,13.098479,9.831978,7.6543283,7.2336364,12.563707,13.879308,10.170586,14.450892,16.698433,19.533808,17.238516,15.48766,19.369154,19.990242,14.765698,15.849525,20.424973,20.467283,15.918572,20.66901,16.708677,21.510489,20.894056,17.336056,22.419617,18.586838,22.340315,23.897482,19.21198,16.630371,13.039463,13.69727,10.300368,9.008445,11.016071,11.668414,15.752566,16.535889,18.874022,17.708277,15.731629,13.488994,15.222839,14.2712965,14.556937,18.174498,16.149282,19.992325,22.337769,23.299929,20.509605,22.782705,17.084723,19.74126,17.047258,19.910122
28,36.992363,33.856716,33.387154,28.489582,26.698013,27.00939,22.583778,23.259352,18.737364,21.62258,19.0156,21.034483,18.71866,17.185555,15.982588,11.789361,13.356456,9.391983,15.57231,11.801888,15.0690975,17.435625,20.680004,15.115606,13.560356,11.303423,7.0000257,4.572803,0.0,3.7916174,7.089952,11.409276,14.781722,17.650036,13.92372,12.659844,16.440916,16.386324,11.737712,12.353046,17.045534,13.661841,11.002902,15.679897,17.992609,14.458301,13.791641,19.423426,20.941723,22.082817,18.37202,18.760777,21.400364,20.41368,16.852182,13.88248,10.699087,10.309666,15.847453,16.208965,11.194496,15.917351,17.206041,20.38261,17.64843,14.812914,18.332907,18.062368,12.658904,14.426061,18.094238,17.370018,12.740861,17.37988,13.087465,17.868196,16.842648,13.000236,17.965374,14.258154,17.976387,19.725115,15.067262,12.9264765,9.373726,11.29475,7.886024,9.105855,11.551722,13.506114,17.12327,18.712605,21.11117,20.019674,17.470306,14.779543,15.5109415,13.5779915,12.967863,15.391769,12.923143,16.35951,18.469557,19.232578,16.639055,18.815031,13.301331,16.442001,14.140131,17.701836
29,36.891747,33.944973,33.430244,28.688725,26.927935,26.71796,22.973406,23.270037,19.158335,22.167456,19.870222,22.37736,20.562195,18.996994,19.008839,14.451457,16.58177,12.652814,18.837675,15.12196,17.838156,20.32379,23.019804,16.99693,15.404634,12.810314,9.224803,6.2385726,3.7916174,0.0,7.2509294,8.952656,13.4815445,15.558733,12.019499,12.041108,15.774046,14.734566,10.778148,12.522624,16.524553,12.692696,11.356557,16.315186,17.724932,14.650936,15.233613,20.317804,21.45044,21.953457,17.77059,19.572655,21.102047,19.432228,16.222622,13.356564,9.780563,8.947383,14.207556,14.101974,8.292765,12.901485,13.76726,16.961226,14.231351,11.143085,14.547469,14.384088,9.006634,11.080737,14.78049,14.34185,10.176233,15.373942,11.879647,16.924025,16.393074,13.238556,18.474545,15.634932,19.213709,21.237383,16.772068,15.401077,12.071865,14.735969,11.050967,12.738722,14.664249,16.228138,19.900745,21.138357,23.811193,23.078182,20.711782,18.290234,18.928633,17.26942,16.174143,18.522467,15.558064,18.784508,20.613983,20.872149,18.45453,19.479229,14.377525,16.86309,13.889416,17.650827
30,33.24743,29.944414,28.573652,24.162128,21.73008,21.119438,17.216507,16.737938,12.441035,15.028321,12.620927,15.23861,13.816292,12.718815,14.375622,10.260589,13.881567,11.748253,18.462814,16.680754,20.398724,23.110558,26.50538,21.52999,20.421638,18.008518,14.015113,11.038266,7.089952,7.2509294,0.0,7.1499724,8.177862,11.75417,9.027614,6.6788445,11.022743,12.488263,8.935034,8.884625,13.87544,13.36563,10.966771,14.455748,17.219229,16.63303,15.664953,19.614487,22.302734,22.442318,19.827814,21.789154,24.44647,23.012959,20.826427,18.982166,14.578674,15.451149,20.48592,18.718424,13.680083,19.038168,19.558487,22.257275,18.331049,14.71109,18.31293,16.656916,12.177362,15.98294,17.569729,15.228159,12.332018,16.899143,13.080209,17.439022,15.530992,11.254211,14.782964,11.473333,14.005793,15.190502,11.03029,10.642469,9.286521,12.031222,11.488087,14.154801,17.333776,19.97834,23.246023,25.311314,27.484615,25.990088,23.173788,19.928091,20.393974,17.076681,16.47191,15.646528,13.774537,15.033873,15.943056,17.0837,15.618615,17.897785,13.6780615,17.610786,16.2051,20.631594
31,35.08138,32.165524,30.513988,26.67583,24.23286,22.269157,20.159416,18.395962,15.490794,17.653332,15.941961,19.401928,19.171772,18.427834,21.335175,17.22269,20.940023,18.433016,25.118402,22.727829,25.931606,28.646645,31.518799,25.770563,24.341228,21.691301,17.993671,14.903071,11.409276,8.952656,7.1499724,0.0,5.923593,7.657708,7.361236,8.737596,12.3825865,11.921893,10.852459,12.776462,15.90298,15.070783,14.915794,18.567488,19.735575,19.845428,20.563051,23.822874,25.812927,24.980799,21.73973,25.59042,26.588934,24.160389,22.539635,20.775385,16.36424,16.43906,20.600752,18.279264,12.662031,16.788536,15.9415865,18.439543,14.736686,10.381287,12.661591,10.116614,6.924646,11.739297,11.603701,8.794291,8.227959,12.973068,11.237411,15.347322,14.376685,12.03555,15.637282,14.664286,16.769815,18.692513,15.427687,16.321222,14.85829,18.631248,16.624783,19.937716,22.262428,24.537548,27.842567,29.54931,32.195686,31.362854,28.679676,25.856361,25.953297,23.274666,21.660294,21.42375,18.50283,19.737316,20.256165,20.06747,18.922237,18.718805,15.67955,18.148607,15.980458,20.498775
32,32.676548,29.551592,27.09468,23.795315,20.790161,18.158613,16.463408,13.428421,11.084606,12.338198,10.983787,14.685825,15.379966,15.29639,19.68181,16.414577,20.70568,19.473799,26.00215,24.79953,28.446083,31.258545,34.503384,29.389248,28.242262,25.670319,21.770292,18.649076,14.781722,13.4815445,8.177862,5.923593,0.0,5.5367064,7.6546874,7.1268554,10.201544,12.083886,11.958644,12.4363575,15.489863,17.169039,16.427757,18.734526,20.65268,22.30315,22.079348,24.410683,27.33352,26.293438,24.227993,27.95607,29.697828,27.545816,26.463135,25.201319,20.453125,21.363535,25.637197,22.611427,17.691103,22.315104,21.65201,23.771986,19.518908,15.473717,17.861113,14.773525,12.712665,17.499022,16.404028,12.631256,12.99068,16.497423,14.627529,17.754435,15.784076,12.98525,14.452608,13.643697,14.265039,15.242916,13.023002,15.061485,15.292675,18.680172,18.6049,22.112164,25.038635,27.820715,30.91125,33.064156,35.386055,34.07143,31.172693,27.929573,27.98095,24.453102,23.244343,21.020222,19.058437,18.705057,18.299093,18.725712,18.551281,19.196033,17.153988,20.403198,19.412512,24.070526
33,30.129976,27.434855,25.1607,22.224733,19.636562,16.473963,16.256226,13.554633,12.603958,14.5835705,14.652135,18.08512,19.000721,18.195074,23.460663,19.54936,23.85018,22.353258,28.666294,27.648033,30.71077,33.815166,36.438755,31.232273,30.416166,27.515322,24.412752,20.728294,17.650036,15.558733,11.75417,7.657708,5.5367064,0.0,5.6970453,8.085377,9.128505,9.233582,11.404404,12.902296,13.933684,15.971132,16.741825,18.59173,19.23735,22.002634,22.807003,24.073639,26.56257,24.694124,22.794601,27.852177,28.584728,25.959465,25.835772,25.320478,20.478031,21.83169,25.150204,21.047596,17.087828,21.278816,20.52343,21.716911,17.052662,13.614462,16.124676,13.108493,12.740877,18.024635,16.555246,13.206227,15.20277,19.089542,18.226248,21.520477,20.174162,17.939566,19.724504,19.136894,19.75165,20.494635,18.406883,20.217918,20.185856,23.251364,22.934582,25.81795,28.797436,31.136627,34.578926,36.326866,38.74581,37.39498,34.736176,31.551254,32.108303,28.777304,27.870998,26.149105,24.18967,24.139692,23.779522,24.246449,23.998318,24.235573,22.0885,24.910131,23.272318,27.842093
34,27.868938,25.110523,23.777567,19.914366,17.87937,16.252754,14.545782,14.042873,11.80697,15.279469,15.123941,18.014078,17.816278,15.971024,20.56246,15.862603,19.836435,17.907295,23.966814,23.02763,25.686045,28.948317,31.245993,26.239866,25.795998,22.765387,20.290728,16.236383,13.92372,12.019499,9.027614,7.361236,7.6546874,5.6970453,0.0,4.702406,6.026277,4.7395487,5.7751937,8.004559,9.201316,10.341384,11.173082,13.368838,13.905542,16.308788,17.28644,18.724031,21.003742,19.378946,17.279957,22.155888,23.054974,20.64978,20.471659,20.225735,15.273649,17.285894,20.584608,16.29429,12.860371,17.873087,18.161982,19.3022,14.179262,11.270451,15.500102,13.667439,11.747147,17.028313,17.431107,15.04132,15.30338,20.272419,18.415213,22.635834,21.346724,18.2604,21.142939,19.205452,20.655079,21.28217,18.223772,18.90861,18.274527,20.593779,20.254025,22.107302,25.311026,27.27273,30.991568,32.451912,34.738514,33.147186,30.721727,27.553707,28.738308,25.58741,25.365454,24.419651,22.730389,23.449938,23.691507,24.742485,23.865011,25.053247,21.665426,24.853346,22.768122,27.251316
35,27.242905,24.045105,22.45072,18.317331,15.854223,14.832751,11.696637,11.433778,7.989653,11.691712,11.157816,13.730085,13.187717,11.32363,16.078732,11.7209215,15.975797,14.815423,20.842936,20.569433,23.722696,26.917961,29.722275,25.252958,24.893404,22.1005,19.210148,15.41381,12.659844,12.041108,6.6788445,8.737596,7.1268554,8.085377,4.702406,0.0,4.4325786,7.1946573,5.7929606,5.3926973,8.786064,11.188714,10.015008,11.647029,13.878091,16.151348,15.63894,17.350014,20.513046,19.561338,18.142685,21.61839,23.83793,22.13478,21.49748,21.043947,16.09527,18.350883,22.377304,18.682102,15.129469,20.719433,21.38355,22.995773,18.031012,15.010999,19.286964,17.36678,14.449886,19.408184,20.140238,17.38644,16.550783,21.279312,18.469934,22.586214,20.660328,16.789684,19.126415,16.404243,17.597837,17.665586,14.58785,15.134561,15.180946,16.93102,17.820726,19.604218,23.236486,25.584837,29.096273,30.928438,32.916695,30.961916,28.364964,24.915716,26.083008,22.418228,22.630035,20.771294,19.798782,19.993599,20.102306,21.811508,21.095274,23.390842,19.907824,23.797613,22.371525,26.911552
36,22.978708,19.876162,18.297682,14.293509,12.012108,11.040185,8.57244,9.3417425,7.306266,11.567874,12.524338,14.486267,14.326344,11.964714,17.87748,13.688163,17.777975,17.165775,22.42033,23.03473,25.744871,29.14232,31.529432,27.539957,27.662018,24.75122,22.550459,18.515806,16.440916,15.774046,11.022743,12.3825865,10.201544,9.128505,6.026277,4.4325786,0.0,5.4966736,6.5795884,5.7680264,6.0946865,11.017959,10.74268,10.548382,12.167104,16.374374,16.079777,16.04714,19.418823,17.77819,17.469622,21.602325,23.57926,21.896059,22.282642,22.727686,17.790234,20.771276,24.090275,19.464808,17.218937,22.701307,23.613464,24.521349,19.16699,16.896338,21.451857,19.669464,17.573675,22.735378,23.289663,20.583931,20.469809,25.239874,22.749027,26.808447,24.897953,21.118448,23.05492,20.411493,21.126595,20.610067,18.054419,18.709446,19.183775,20.311829,21.815578,23.003828,26.845549,28.980576,32.60607,34.275684,36.10038,33.850708,31.435526,27.92196,29.53517,25.765118,26.50299,24.323656,23.84761,23.71321,23.56883,25.627752,25.152208,27.633114,24.293756,28.219057,26.760586,31.294254
