,0,1,2,3,4,5,6,7,8,9,10,11,12,13,14,15,16,17,18,19,20,21,22,23,24,25,26,27,28,29,30,31,32,33,34,35,36,37,38,39,40,41,42,43,44,45,46,47,48,49,50,51,52,53,54,55,56,57,58,59,60,61,62,63,64,65,66,67,68,69,70,71,72,73,74,75,76,77,78,79,80,81,82,83,84,85,86,87,88,89,90,91,92,93,94,95,96,97,98,99,100,101,102,103,104,105,106,107,108,109,110
0,0.0,4.2871413,6.175788,9.58507,11.84011,14.535912,17.402905,21.489489,24.362206,26.877016,30.846077,29.809097,27.35146,26.345524,21.427122,21.657244,16.676844,16.855295,14.960443,13.98047,16.101025,12.816167,18.327206,21.060223,21.519096,24.206144,24.128906,25.810507,24.074137,25.439663,26.058722,27.103365,33.690517,32.034286,36.45357,37.76937,40.248074,40.285885,35.967304,32.144352,36.317795,31.744577,32.136925,30.88486,30.514719,30.16692,26.965109,29.27596,26.34189,28.902424,26.773876,29.434542,30.764778,29.882685,24.847403,27.095491,25.03091,28.796883,29.121553,29.063969,26.338045,32.412033,31.61849,33.770817,37.1936,35.4622,39.204197,38.165756,41.356743,39.407665,34.517384,35.638546,31.341204,34.39396,30.994867,28.182386,29.92973,29.201954,30.054884,32.53926,29.496403,26.433004,25.48438,22.845692,22.671509,20.169722,19.862663,18.20556,16.687456,17.723078,14.982596,18.159231,18.458662,13.5378475,14.234956,13.704797,12.832502,12.077967,15.605935,18.224337,20.14888,24.089027,26.795147,29.768177,31.10088,28.786703,31.95534,28.179342,32.528618,31.577635,35.805054
1,4.2871413,0.0,5.3069825,6.567614,8.5315895,12.234538,14.06123,19.021896,21.201231,24.097647,27.668371,27.0254,25.000076,23.652313,18.955118,18.41601,13.536497,13.056166,11.113881,9.694714,11.99031,9.220401,14.821014,17.233831,18.316547,20.542162,20.624226,21.8668,20.090368,21.22187,22.051271,22.925219,29.75217,28.226534,32.543964,34.07106,36.41668,36.28395,31.972488,28.078362,32.163868,27.491714,28.002777,26.720343,26.540249,26.277742,23.30499,25.845428,23.22991,26.084343,24.233894,27.305664,28.909273,28.458122,23.31114,25.68508,22.923769,26.70559,27.14458,26.466331,23.361176,29.246067,28.10878,30.085218,33.28577,31.453915,35.158028,34.04175,37.141384,35.197525,30.330902,31.409018,27.085367,30.28294,26.866714,24.192972,26.09884,25.411215,26.518734,29.05118,26.287611,22.977406,22.087673,19.178556,18.693565,16.10504,15.727396,13.977349,12.787241,14.287021,12.175854,15.456241,15.385829,10.544237,12.635838,13.333896,11.989807,9.950098,13.795306,15.205581,18.011557,21.179602,24.383087,27.862743,28.593515,26.017921,29.23233,24.903416,29.264812,28.193424,32.28054
2,6.175788,5.3069825,0.0,5.1765375,6.7954717,8.603459,12.002609,15.3899,18.620771,20.88197,25.062666,23.912815,21.35336,20.63838,15.635454,16.323992,11.820242,12.344976,12.190249,11.83303,15.2711525,13.72345,19.205038,20.963512,22.397078,23.98095,23.105818,24.309772,20.941692,22.30506,21.96098,23.240398,28.911072,27.256151,31.67453,32.701656,35.560284,35.83543,31.700966,28.125368,32.193165,28.265024,28.179098,27.90398,26.79492,27.501976,24.421635,27.420048,24.91783,27.706234,26.482056,28.865149,31.118843,29.89302,24.713755,26.32077,23.334051,26.775625,26.322206,25.995195,23.080368,29.37449,28.022734,30.624895,33.405178,32.44206,36.002743,35.458206,38.493526,37.170193,32.655,33.641174,29.130272,32.594242,28.320234,26.288744,27.541725,26.13841,26.928286,28.937328,25.883303,23.090801,21.05309,18.931486,18.586617,17.227537,16.013676,16.00275,14.47798,16.34167,14.486761,16.914925,15.80468,11.094302,11.599232,12.209528,9.173746,7.93638,10.907957,13.835336,15.953507,19.383017,22.443449,25.350918,26.24447,23.914185,26.482601,22.82362,27.032944,25.996881,30.374544
3,9.58507,6.567614,5.1765375,0.0,3.8201325,6.157637,8.722325,13.190228,15.304847,18.442865,21.703688,20.645311,18.622644,17.121786,12.464177,12.1047535,7.1537433,7.7427382,7.2056847,8.127334,11.727115,11.563685,16.615318,18.114603,20.803074,21.661211,21.448757,21.579258,18.08734,18.53501,18.498743,18.758066,24.757586,22.645653,27.221611,28.284498,30.862896,31.146654,26.87247,23.26841,27.72996,23.927862,24.303822,24.377615,23.682896,24.876972,22.41622,25.8472,23.99608,27.197325,26.34625,29.326088,31.776619,31.211626,26.021732,27.811287,24.023691,27.39262,27.043955,25.798828,22.30317,28.184568,26.079437,28.374777,30.42839,29.386955,32.77933,32.039204,34.681095,33.30476,28.819906,29.325256,24.747599,27.885368,23.354086,21.406744,22.43927,20.96396,21.785131,23.845634,20.917782,17.97557,16.162102,13.816007,13.705278,12.237826,11.818674,12.631574,12.378565,15.222452,14.580182,17.009987,15.251135,11.099293,13.475107,15.395558,11.990315,9.178625,12.011334,12.875684,16.465975,18.283403,22.269226,25.801006,25.623178,22.890764,25.076035,20.375635,24.446068,22.786749,27.069807
4,11.84011,8.5315895,6.7954717,3.8201325,0.0,5.325512,5.581799,10.845389,12.711068,15.630464,19.194572,18.830017,17.121004,15.913447,11.436903,10.630543,7.019419,5.9211583,7.9919596,7.4013605,11.628352,12.294969,16.777626,17.330015,19.877165,20.178257,19.110126,19.372017,15.037479,16.01716,15.364018,16.595247,22.163738,20.825644,25.051212,26.349476,29.189766,29.255753,25.235504,21.658575,25.448553,21.68353,21.48005,21.681372,20.454412,21.85681,19.277418,22.874517,21.155474,24.335438,23.93753,26.655653,29.507729,28.793089,23.674095,25.156559,21.00683,24.17406,23.627565,22.219402,18.70056,24.617277,22.479115,24.986658,27.10352,26.361605,29.753279,29.33841,32.161182,31.160234,26.94485,27.830853,23.270617,27.15886,22.524967,21.232107,22.477268,20.821352,22.027054,23.83478,21.343103,18.324907,15.749595,13.479518,12.268193,11.78132,9.453275,10.791871,9.937983,12.873316,12.739653,14.493779,12.098504,8.5313635,11.022185,13.694122,10.040009,6.6384163,9.0130205,9.138354,12.994965,14.470024,18.54512,22.225574,21.875797,19.102282,21.484436,16.843592,21.05198,19.785109,24.014395
5,14.535912,12.234538,8.603459,6.157637,5.325512,0.0,5.9752192,7.444928,10.693014,13.150039,16.913204,15.338887,12.860041,12.083797,7.092179,8.433817,5.5504556,7.487262,10.328113,11.930003,15.976112,17.005798,21.475609,22.049519,25.05653,25.041794,23.868717,23.716324,18.50452,19.01119,17.422585,18.071478,22.118835,19.961187,24.475212,24.91367,28.124035,28.869238,24.98825,21.96109,26.136335,23.519045,23.109655,24.59175,22.807867,25.32561,23.06468,26.986305,25.576641,28.691465,28.70724,31.040314,34.212418,33.09503,28.049978,29.029377,24.808151,27.585436,26.277369,25.04922,21.721937,27.608408,25.03144,27.906443,29.116983,29.211174,32.259335,32.236084,34.648083,34.119495,30.269823,30.63527,26.03666,29.483723,24.070013,23.242123,23.467299,21.108753,21.636345,22.821196,19.879726,17.745174,14.157264,13.205313,13.026904,13.7775755,12.062771,15.181447,14.802994,17.853958,17.848682,19.205908,16.29703,13.247192,14.4327135,16.713402,12.057192,9.882261,10.619615,11.881756,14.915952,15.873733,19.91109,22.903023,22.304638,19.79212,20.812231,16.684141,20.33716,18.546995,23.10002
6,17.402905,14.06123,12.002609,8.722325,5.581799,5.9752192,0.0,6.8024087,7.2967243,10.483693,13.725585,13.980292,12.981888,11.809728,8.323275,6.5898085,6.3563223,4.3396397,9.667804,9.686251,13.66716,15.937511,19.249357,18.650862,21.855406,20.93675,19.311584,18.743427,12.871061,13.486462,11.47968,12.949748,17.119415,16.122496,20.098368,21.299246,24.480873,24.61618,20.939983,17.727808,21.047531,18.15985,17.350534,18.82552,16.834898,19.590902,17.623882,21.77808,20.919077,24.150745,24.738312,27.198774,30.668821,29.973932,25.153961,26.08793,21.234964,23.76015,22.652155,20.588322,16.899189,22.310751,19.354357,22.087416,23.166029,23.281801,26.302563,26.405945,28.913397,28.634472,25.067774,25.780672,21.287365,25.539055,20.286259,20.189878,20.947615,18.701797,20.028202,21.177101,19.20333,16.560574,12.757257,11.282109,9.215588,11.002961,7.076113,11.079448,10.876567,14.148931,15.339737,15.958679,12.414876,10.916929,13.273418,16.66981,12.659605,9.466582,9.753507,7.8689766,12.163064,11.322144,16.05889,19.855452,18.347933,15.413277,16.927528,11.751745,15.734503,14.215637,18.493841
7,21.489489,19.021896,15.3899,13.190228,10.845389,7.444928,6.8024087,0.0,5.2925806,5.914001,10.541281,9.434995,7.330681,8.095147,5.248124,7.2343354,9.546495,10.254055,15.238919,16.36251,20.320683,22.471281,25.99763,25.378744,28.553188,27.452513,25.282658,24.740665,18.081219,18.681566,15.359199,16.82749,17.92622,16.61437,20.359083,20.359585,24.297316,25.239979,22.2017,20.017212,23.024052,21.867302,20.322794,23.293526,20.282104,24.19054,22.43251,26.668808,26.025011,28.923752,30.038803,31.704557,35.605602,34.19632,29.594034,29.72649,24.995363,26.862816,24.669191,23.123083,20.100357,25.320927,22.190554,25.506905,25.606232,27.058825,29.553038,30.419462,32.54867,33.094536,30.206556,30.61886,26.298311,30.291233,24.410725,25.051458,24.80625,21.826952,22.445435,22.598293,20.426104,19.051004,13.921433,14.413932,13.333646,16.379503,13.048042,17.748814,17.341236,20.264526,21.217686,21.300716,17.443165,16.352774,16.91143,19.754667,14.998237,13.318387,11.802183,11.813546,14.018638,12.777054,16.704935,19.157564,17.466337,15.240367,14.593417,11.198905,14.022283,12.33385,16.963417
8,24.362206,21.201231,18.620771,15.304847,12.711068,10.693014,7.2967243,5.2925806,0.0,4.623333,6.4950304,7.275413,7.755012,6.986292,6.949432,5.4526696,10.0744705,9.5755415,14.875962,15.993136,19.34579,22.485153,24.987852,23.70321,27.464453,25.570488,23.70591,22.234701,15.488286,15.207336,11.643371,12.411082,12.669356,11.571507,15.116003,15.442748,19.316786,20.031792,17.119343,15.105428,17.803967,17.1775,15.641057,19.353998,16.492035,21.104807,20.20369,24.635937,24.779118,27.83501,29.374367,31.405952,35.379448,34.604855,30.218107,30.507473,25.302633,26.950619,25.079733,22.58936,19.200584,23.46021,19.581163,22.44851,21.568604,23.172699,25.329437,26.201164,27.911123,28.694143,26.213055,26.342194,22.233994,26.228888,20.276337,21.684969,21.31374,18.254604,19.21248,19.092867,17.750626,16.352962,11.093875,11.809592,10.0249815,14.15595,10.708146,16.21494,16.720697,19.869732,21.77012,21.607307,17.557365,17.466831,19.190264,22.636158,18.378592,15.910884,14.744349,12.490027,15.683584,12.435532,16.992,20.11825,17.125895,14.504225,13.506244,8.362793,10.731843,8.002043,12.557954
9,26.877016,24.097647,20.88197,18.442865,15.630464,13.150039,10.483693,5.914001,4.623333,0.0,5.9391823,7.1071153,7.368533,8.820982,9.347537,9.742248,13.998797,13.688445,19.134445,19.817644,23.391214,26.251902,28.914118,27.442892,30.707888,28.782932,26.12505,25.148672,17.96896,18.446495,14.129306,16.091852,14.430123,14.4046135,16.940945,16.820389,21.172321,22.027447,19.911795,18.530619,20.129185,20.230953,17.811571,21.853262,18.094475,22.962587,21.883728,26.156195,26.285704,28.965773,30.890465,32.19442,36.483383,35.147873,31.029129,30.69296,25.648333,26.758375,24.193829,22.138792,19.401701,23.503138,19.887312,23.250727,22.237919,24.74261,26.644321,28.176891,29.974375,31.3632,29.359613,29.810844,25.927923,30.240095,24.381813,26.11467,25.702122,22.55977,23.405834,22.893173,21.66189,20.692293,15.232991,16.367014,14.560535,18.706242,14.692074,19.842981,19.627508,22.31478,24.02411,23.311237,19.11825,19.495373,20.113878,23.314154,19.023502,17.372334,15.1745,13.679811,15.397077,11.982351,15.563962,17.71239,14.638054,12.677805,10.277663,7.4002976,8.763762,7.198341,11.634811
10,30.846077,27.668371,25.062666,21.703688,19.194572,16.913204,13.725585,10.541281,6.4950304,5.9391823,0.0,5.117844,8.442466,8.447645,11.579235,10.513578,15.863341,15.538833,20.501305,21.814224,24.697878,28.311638,30.153418,28.352432,32.342583,29.779222,27.804056,25.757189,19.000147,18.16983,14.133495,14.318228,10.314477,9.837684,11.767704,11.042893,15.524426,16.702362,15.114947,14.711966,16.041647,17.725477,15.655744,20.832542,17.598835,23.206568,23.228136,27.571709,28.492985,31.31502,33.514107,35.24272,39.482075,38.771404,34.8162,34.70065,29.363682,30.323399,28.093155,25.286982,22.31145,25.246641,20.887669,23.527233,20.92219,23.73089,24.944336,26.460016,27.365145,29.093182,27.712038,27.431953,23.96128,27.624287,21.642542,24.22052,23.15314,19.822836,20.544363,19.33278,18.964434,18.646896,13.360275,15.3413925,13.844133,18.621986,15.643789,21.265856,22.110682,25.062435,27.414995,26.77219,22.606117,23.359406,24.912056,28.406424,24.261017,22.05658,20.38487,17.794823,20.307205,15.837009,19.662697,22.115158,18.04741,16.020023,12.930583,9.156535,8.414466,4.3868504,7.997342
11,29.809097,27.0254,23.912815,20.645311,18.830017,15.338887,13.980292,9.434995,7.275413,7.1071153,5.117844,0.0,4.104358,4.5112658,8.743641,9.4504385,14.455982,15.616248,20.047316,22.383673,25.488077,28.738585,31.240046,30.14001,34.34265,32.28138,30.726557,28.801516,22.20798,21.220428,17.70488,17.03755,14.458343,11.904451,15.003126,13.281248,17.4803,19.472286,17.377295,16.935354,19.735527,21.188711,19.868797,24.730663,21.915968,27.209717,26.870476,31.302599,31.780893,34.75341,36.52126,38.393,42.49381,41.5831,37.295334,37.32301,32.164215,33.483078,31.156673,28.80044,25.7509,29.434069,25.276974,28.036083,25.812834,28.227036,29.65084,30.826868,31.670862,32.97081,31.127874,30.444565,26.693157,29.643555,23.288834,25.25831,23.607721,19.995527,19.945202,18.588142,17.321981,17.66249,12.09075,14.839322,14.708886,19.067413,17.194763,22.945642,23.878632,27.11829,28.969856,28.857782,24.782217,24.550259,25.864077,28.99883,24.374752,22.396456,20.936901,19.538979,22.048027,18.699286,22.592241,24.756186,21.413496,19.475538,16.421913,13.133173,13.101113,9.439643,12.988476
12,27.35146,25.000076,21.35336,18.622644,17.121004,12.860041,12.981888,7.330681,7.755012,7.368533,8.442466,4.104358,0.0,3.933494,6.324257,9.128431,13.078014,15.026305,19.293718,21.792006,25.267157,27.95209,31.1214,30.497293,34.43315,32.8954,31.252123,29.84402,23.221123,22.703102,19.310291,19.081823,17.855726,15.1774235,18.769049,17.243847,21.29978,23.266972,20.77228,19.812437,23.1076,23.771736,22.523672,26.81665,23.95295,28.813057,27.893547,32.296738,32.25457,35.21522,36.64809,38.40815,42.42395,41.174843,36.692806,36.71593,31.82554,33.374504,30.929012,29.09678,26.13605,30.543877,26.781652,29.840063,28.39844,30.535713,32.33608,33.391018,34.617683,35.607105,33.304653,32.81976,28.77988,31.787844,25.404902,26.712648,25.218388,21.66869,21.432735,20.481491,18.423042,18.590094,13.03176,15.455535,15.695626,19.467754,17.640923,23.120592,23.635593,26.849514,28.159376,28.293406,24.336609,23.445646,24.240223,26.99361,22.128199,20.545998,19.073843,18.807869,20.967052,18.709986,22.440802,24.332266,21.790615,19.94761,17.305504,14.501082,15.313589,12.309814,16.34224
13,26.345524,23.652313,20.63838,17.121786,15.913447,12.083797,11.809728,8.095147,6.986292,8.820982,8.447645,4.5112658,3.933494,0.0,5.0816045,6.364558,10.680188,12.775141,16.546587,19.565765,22.671255,25.651237,28.516342,27.985027,32.34478,30.728895,29.734354,27.849895,21.705845,20.51357,17.754078,16.405363,16.083685,12.429994,16.672867,15.33262,18.95805,20.90314,17.909012,16.718016,20.793676,21.249395,20.689388,24.863808,22.678703,27.420534,26.79717,31.255146,31.362488,34.54852,35.79932,38.068516,41.87305,41.101505,36.50926,36.948925,31.901012,33.72254,31.744488,29.497509,26.134804,30.41833,26.408546,29.056223,27.482725,29.095783,30.929682,31.551672,32.564205,33.19132,30.700256,29.849741,25.782581,28.340908,21.899042,23.084759,21.396591,17.826107,17.515556,16.679325,14.55452,14.669659,9.128503,11.790652,12.552289,16.259142,15.349221,20.940334,22.101248,25.57962,27.11559,27.576363,23.747759,22.702559,24.33112,27.312222,22.569223,20.37948,19.5944,18.621704,21.678741,19.204626,23.518625,26.093464,23.310118,21.030993,19.009466,14.859801,16.005623,12.322789,16.29754
14,21.427122,18.955118,15.635454,12.464177,11.436903,7.092179,8.323275,5.248124,6.949432,9.347537,11.579235,8.743641,6.324257,5.0816045,0.0,4.903103,6.9697795,9.682018,13.402888,16.213655,19.76938,22.066538,25.630816,25.570354,29.481289,28.495941,27.41009,26.196758,20.225431,19.706392,17.288101,16.768093,18.501087,15.423135,19.96325,19.433228,22.912405,24.35322,20.865448,18.756865,23.051657,22.126675,21.610104,24.74838,22.637262,26.585772,25.250498,29.586576,29.068079,32.258156,33.036476,35.31293,38.911232,37.94143,33.135334,33.747097,28.991129,31.19237,29.383568,27.571543,24.189001,29.255472,25.773117,28.620539,28.214075,29.239128,31.628885,32.00052,33.633022,33.773598,30.653439,30.285583,25.891455,28.838493,22.66319,22.951406,21.988733,18.81831,18.798532,18.902609,16.163399,15.259631,10.253001,11.396862,11.94739,14.645192,13.426499,18.397587,19.016308,22.421782,23.381342,24.174744,20.59836,18.794153,20.182749,22.88856,18.067541,15.970223,15.551224,15.473405,18.525227,17.337337,21.652771,24.363037,22.470013,20.064348,19.204473,14.992416,17.390242,14.508704,18.982986
15,21.657244,18.41601,16.323992,12.1047535,10.630543,8.433817,6.5898085,7.2343354,5.4526696,9.742248,10.513578,9.4504385,9.128431,6.364558,4.903103,0.0,5.462847,6.4931083,10.607279,13.259841,16.349216,19.436121,22.19526,21.697548,26.040287,24.597067,23.938486,22.102352,16.448542,15.245025,13.313325,11.973938,14.751544,11.667628,16.399757,16.63836,19.714956,20.65061,16.834585,14.255915,18.750145,17.399475,17.319149,20.320282,18.772045,22.680416,21.813032,26.201859,26.08892,29.459995,30.319918,33.055878,36.54944,36.191307,31.470613,32.409554,27.349482,29.61129,28.31964,25.82925,22.05893,26.61919,22.809288,25.164877,24.559376,25.136602,27.516691,27.573502,29.082422,29.020647,25.865648,25.386904,21.00429,24.035147,17.909634,18.403152,17.719204,14.673428,15.253276,15.688685,13.559637,11.85586,6.912405,7.2665105,7.1039,10.388095,9.270205,14.681187,16.076586,19.704187,21.3318,22.113031,18.550472,17.28351,19.827194,23.078777,18.763247,15.818575,15.928479,14.100367,18.180294,16.04974,20.920952,24.415928,21.923338,19.084703,18.82385,13.247234,15.8625555,12.649042,16.838316
16,16.676844,13.536497,11.820242,7.1537433,7.019419,5.5504556,6.3563223,9.546495,10.0744705,13.998797,15.863341,14.455982,13.078014,10.680188,6.9697795,5.462847,0.0,4.522167,6.493413,9.970982,13.24599,15.407943,19.046051,19.559864,23.651443,23.142738,23.072815,21.77723,17.183372,16.319233,15.605906,14.374119,19.26062,16.1864,21.060287,21.622663,24.224947,24.944456,20.708647,17.535187,22.510618,19.906763,20.431396,22.066181,21.206488,23.919548,22.458054,26.544607,25.73925,29.180529,29.245365,32.303482,35.306816,35.006695,30.004824,31.429188,26.808006,29.646059,28.819895,26.74886,22.920626,28.114693,24.90688,27.139223,27.624449,27.298191,30.1509,29.66074,31.553099,30.713303,26.801739,26.485817,21.896545,24.622412,19.048927,18.124111,18.015192,15.6535635,16.160753,17.586164,14.720371,12.266509,9.27226,7.8131332,8.509915,9.014029,9.285422,13.093326,14.343904,17.977829,18.821335,20.454702,17.579367,14.987234,17.778164,20.574093,16.452929,13.369806,14.691245,13.870354,18.134808,17.66088,22.400366,26.04487,24.494415,21.592346,22.415577,16.98641,20.335182,17.65805,21.887259
17,16.855295,13.056166,12.344976,7.7427382,5.9211583,7.487262,4.3396397,10.254055,9.5755415,13.688445,15.538833,15.616248,15.026305,12.775141,9.682018,6.4931083,4.522167,0.0,5.6529455,6.8235264,10.307822,13.13614,16.141972,15.908654,19.902273,19.020626,18.675467,17.357597,12.715374,12.104635,11.659197,11.224618,17.088646,15.240558,19.607666,21.025484,23.53615,23.563818,19.410898,15.806728,20.024303,16.595993,16.936396,17.921616,17.167713,19.485283,17.994448,22.062904,21.384317,24.879625,25.076311,28.270962,31.30801,31.292606,26.41298,27.942099,23.118824,25.945177,25.47352,23.029812,19.02833,23.999636,20.85357,22.889307,23.793217,23.11587,26.157522,25.595434,27.817513,26.920393,22.946041,23.170418,18.563034,22.174564,17.024527,16.317287,17.178501,15.25495,16.676327,18.357038,16.356354,13.190499,10.551547,8.009879,6.359943,6.863786,4.963649,8.881408,10.210475,13.94539,15.377551,16.725496,13.776175,11.873352,15.470904,18.79333,15.27582,11.613806,13.08329,10.710317,15.599527,14.644667,19.549725,23.70237,21.97715,18.860357,20.502224,14.600143,18.345823,16.201271,20.145317
18,14.960443,11.113881,12.190249,7.2056847,7.9919596,10.328113,9.667804,15.238919,14.875962,19.134445,20.501305,20.047316,19.293718,16.546587,13.402888,10.607279,6.493413,5.6529455,0.0,5.3842106,7.3248057,9.648789,12.899808,14.050047,18.437656,18.36278,19.646788,18.129269,15.644991,14.33596,15.646486,13.789481,20.945599,18.313643,22.888897,24.346617,26.07961,26.071236,21.526125,17.693836,22.722406,18.693789,20.236958,20.217716,20.783073,22.072725,20.72571,24.30923,23.390259,26.962801,26.355322,30.199774,32.516235,33.049084,28.080791,30.286705,25.909344,29.169638,29.346895,26.983507,22.935852,27.7557,24.895067,26.320541,27.51654,25.889824,29.021471,27.677744,29.715153,27.913357,23.337872,23.092295,18.551657,20.94235,16.507092,14.246623,15.386099,14.334674,15.5391445,18.090977,15.74657,12.104715,11.872394,8.399387,8.633032,5.5019417,8.213156,9.278794,11.572744,15.106343,16.000422,18.398113,16.554562,13.723435,17.894829,20.659283,17.76999,14.11191,16.73146,14.962447,19.82385,19.674725,24.406698,28.670877,27.283737,24.139471,26.110373,20.10689,23.784454,21.403292,25.106693
19,13.98047,9.694714,11.83303,8.127334,7.4013605,11.930003,9.686251,16.36251,15.993136,19.817644,21.814224,22.383673,21.792006,19.565765,16.213655,13.259841,9.970982,6.8235264,5.3842106,0.0,4.2922683,6.517919,9.727415,10.226337,13.75231,13.890899,14.627485,13.934345,12.044485,11.940904,13.684423,13.670033,21.287848,20.191141,24.079252,26.240162,28.101294,27.44613,23.198092,19.11977,22.902864,17.92824,18.9345,17.625507,18.191998,18.33578,16.42139,19.633831,18.336117,21.85261,21.024757,24.944775,27.144781,27.809153,22.902386,25.308266,21.057438,24.463709,25.13561,22.794928,18.827644,23.65028,21.418283,22.72469,25.021982,22.903908,26.408295,25.036772,27.768238,25.853136,21.10082,21.950205,17.524807,21.188593,17.697454,15.630254,18.019928,17.488605,19.421415,21.985762,20.275864,16.399563,15.820538,12.200793,10.453479,7.631918,7.0271115,4.9862485,6.5152597,9.823657,10.834531,13.275183,11.943809,9.359229,14.24352,17.211811,15.324927,11.432382,14.416167,11.892412,16.736235,17.028442,21.375465,25.889591,24.896936,21.76389,24.805042,19.05437,23.14835,21.693419,25.160526
20,16.101025,11.99031,15.2711525,11.727115,11.628352,15.976112,13.66716,20.320683,19.34579,23.391214,24.697878,25.488077,25.267157,22.671255,19.76938,16.349216,13.24599,10.307822,7.3248057,4.2922683,0.0,4.7991633,5.8765054,6.913884,11.312253,11.566137,14.058532,12.687238,13.071696,12.136794,15.271805,14.291752,22.60032,21.496243,25.11591,27.59862,28.816517,27.829731,23.536816,19.359991,23.12564,17.654327,19.512125,17.295853,19.080185,18.38109,17.039711,19.722603,18.70496,22.215372,21.02439,25.543575,27.173338,28.632805,23.994247,26.867392,22.837486,26.278826,27.554043,24.915722,20.939249,24.991415,22.838854,23.377571,25.683525,22.751091,26.194027,24.166906,26.708015,24.103193,19.008589,19.68054,15.539587,18.607048,16.216507,13.388411,16.513884,16.893747,19.08127,22.05772,20.782747,16.667303,17.432796,13.464758,11.977539,7.974234,9.299329,5.5227785,8.362911,10.907141,12.208204,14.86889,14.377401,12.3781805,17.537148,20.322088,19.105835,15.30217,18.420904,15.48216,20.309101,20.288778,24.549843,29.25755,28.079584,24.892561,28.093555,22.068779,25.950884,24.386337,27.417316
21,12.816167,9.220401,13.72345,11.563685,12.294969,17.005798,15.937511,22.471281,22.485153,26.251902,28.311638,28.738585,27.95209,25.651237,22.066538,19.436121,15.407943,13.13614,9.648789,6.517919,4.7991633,0.0,5.6385455,8.740431,10.894982,13.000297,15.367958,15.409704,16.34001,16.355133,19.17477,18.93284,27.085514,25.96224,29.730587,32.081223,33.464108,32.581863,28.259201,24.093752,27.856031,22.313337,23.898989,21.299978,22.841415,21.485434,19.467728,21.566769,19.717293,22.909464,20.890429,25.309721,26.36633,27.644993,22.91112,26.102339,22.853556,26.621052,28.149076,26.19155,22.573515,27.069208,25.643513,26.35389,29.435575,26.367962,29.99862,27.967388,30.821848,28.032936,22.829807,23.839457,19.947292,22.76538,20.821253,17.579748,20.63916,21.126322,22.99305,26.078579,24.357452,20.362421,21.119947,17.269732,16.206137,12.208835,13.19037,9.01609,9.913858,11.386766,11.08786,14.553038,15.1089735,12.083959,16.712317,18.670666,18.193666,14.892083,18.58404,16.857573,21.016808,22.318512,26.072865,30.515957,30.150768,27.14313,30.754196,25.23564,29.393023,28.114212,31.405415
22,18.327206,14.821014,19.205038,16.615318,16.777626,21.475609,19.249357,25.99763,24.987852,28.914118,30.153418,31.240046,31.1214,28.516342,25.630816,22.19526,19.046051,16.141972,12.899808,9.727415,5.8765054,5.6385455,0.0,4.535555,7.5610666,9.246654,13.573465,12.66571,15.950701,15.27893,19.250412,18.488169,26.929924,26.31818,29.452402,32.306805,33.057384,31.633307,27.533127,23.394602,26.538015,20.574587,22.762571,19.169415,21.892414,19.64607,18.46012,19.940262,18.76434,21.892729,19.874443,24.887253,25.49639,27.828163,23.658972,27.136154,23.859287,27.38223,29.512146,26.951437,23.313608,26.617485,25.193758,24.973967,27.97373,24.08964,27.551146,24.898851,27.570368,24.174965,18.846956,19.95681,16.698769,19.245657,18.819593,15.456249,19.35483,20.702219,23.043827,26.276821,25.386137,21.242144,22.826742,18.799162,17.330853,13.190085,14.562383,9.521268,11.473345,12.320419,13.190985,16.027273,16.96072,15.394181,20.422638,22.701223,22.672483,19.205929,22.56809,19.6433,23.996078,24.352795,28.081224,32.82862,31.96064,28.87703,32.651703,26.81642,30.671747,29.450459,32.095203
23,21.060223,17.233831,20.963512,18.114603,17.330015,22.049519,18.650862,25.378744,23.70321,27.442892,28.352432,30.14001,30.497293,27.985027,25.570354,21.697548,19.559864,15.908654,14.050047,10.226337,6.913884,8.740431,4.535555,0.0,5.9203525,5.2776294,9.965661,8.244148,12.492798,11.834702,16.153715,15.905561,24.081985,24.353807,26.872133,30.107481,30.824217,29.004885,25.254805,21.183828,23.388773,17.19371,19.161386,14.996662,18.016844,15.354704,14.589522,15.987449,15.422886,18.644493,17.224846,22.329046,23.299767,25.9132,22.035828,25.301638,21.617311,24.800388,27.039017,23.991222,20.326092,22.898125,21.382523,20.777039,23.789696,19.680107,23.139639,20.468134,23.333788,20.063286,14.812277,16.587502,13.467239,17.163757,17.01347,14.5949955,18.828642,20.099934,22.884926,25.834093,25.517218,21.36595,22.494562,18.57644,16.216238,12.924387,13.023441,7.7049317,9.890885,10.4720125,12.589683,14.483486,15.135245,14.911768,20.104572,22.894487,22.898289,19.294416,22.12396,18.20394,22.589079,22.102982,25.741026,30.637724,29.36061,26.284975,30.162956,24.34672,27.985487,27.083443,29.272726
24,21.519096,18.316547,22.397078,20.803074,19.877165,25.05653,21.855406,28.553188,27.464453,30.707888,32.342583,34.34265,34.43315,32.34478,29.481289,26.040287,23.651443,19.902273,18.437656,13.75231,11.312253,10.894982,7.5610666,5.9203525,0.0,4.7108283,8.344145,9.574188,14.758695,15.725224,19.460136,20.72041,28.400745,29.393631,31.638466,35.021896,35.988323,33.982883,30.494358,26.478424,27.930439,21.653278,22.835987,17.911657,20.44109,16.402088,14.7942705,14.708649,13.174848,15.681255,13.16158,18.394814,18.456766,21.496807,18.053143,21.765175,19.111404,22.372717,25.356438,22.885204,19.92618,22.24336,22.040524,21.326931,25.680294,21.314962,24.953781,22.450161,25.967665,22.751543,17.891191,20.711525,18.255354,22.300669,22.701523,20.452164,24.739546,25.980473,28.755127,31.668753,31.221563,27.062853,27.77711,23.901665,21.276741,18.27903,17.225252,11.441906,11.417655,9.91289,11.003065,12.663866,14.899681,15.043235,19.51668,21.671024,22.98507,19.99283,22.856249,19.425728,22.812216,23.30915,25.988533,30.62014,30.156712,27.399618,32.036076,27.00999,30.837502,30.678734,32.819523
25,24.206144,20.542162,23.98095,21.661211,20.178257,25.041794,20.93675,27.452513,25.570488,28.782932,29.779222,32.28138,32.8954,30.728895,28.495941,24.597067,23.142738,19.020626,18.36278,13.890899,11.566137,13.000297,9.246654,5.2776294,4.7108283,0.0,6.1065884,5.2567663,11.675737,12.179964,16.246132,17.457706,24.755465,26.28489,27.990755,31.617062,32.401497,30.118685,26.943995,23.098724,23.857162,17.580795,18.760887,13.491706,16.52328,12.341187,11.639972,11.79833,11.531396,14.374557,13.112403,18.325628,19.145542,22.327538,19.134119,22.355753,18.904272,21.68503,24.478334,21.262371,18.063728,19.514544,18.755072,17.543419,21.440014,16.85212,20.393564,17.769321,21.260656,18.151436,13.396533,16.588173,14.32923,19.055965,19.617575,18.171297,22.51502,23.715204,26.75648,29.409105,29.492226,25.424725,25.993755,22.297075,19.212519,16.891432,15.3839655,10.146012,10.91742,9.940447,12.549885,13.234037,14.467712,15.742712,20.472675,23.27904,24.020864,20.731226,23.057123,18.64074,22.344906,21.6104,24.507473,29.33437,28.132006,25.298174,29.678205,24.447124,27.905691,27.771292,29.432228
26,24.128906,20.624226,23.105818,21.448757,19.110126,23.868717,19.311584,25.282658,23.70591,26.12505,27.804056,30.726557,31.252123,29.734354,27.41009,23.938486,23.072815,18.675467,19.646788,14.627485,14.058532,15.367958,13.573465,9.965661,8.344145,6.1065884,0.0,5.224331,8.918217,11.710398,14.144085,17.585127,23.655499,26.163637,27.548548,31.151949,32.64038,30.386929,27.594986,23.931517,23.808815,17.951628,17.535822,12.563415,13.755792,9.128125,6.7659388,6.587655,5.537841,8.767501,8.395884,13.113949,15.053607,17.489344,14.281887,16.961246,13.106158,15.659874,18.464619,15.260732,12.362162,13.923283,13.952097,13.360928,18.470783,14.66046,18.520298,17.062351,21.323553,19.477413,15.653591,19.530865,17.074863,22.911625,22.386786,21.839218,25.74499,26.164469,29.190346,31.408276,31.346395,27.442303,26.73808,23.4278,19.697206,18.585642,14.969633,10.521116,9.18915,6.897788,9.992837,8.934625,10.119134,12.957858,16.847439,19.800137,20.878988,18.038504,19.595661,14.983158,17.78025,17.107391,19.221304,23.87679,23.002817,20.448565,25.33552,21.0143,24.536036,25.287968,26.907747
27,25.810507,21.8668,24.309772,21.579258,19.372017,23.716324,18.743427,24.740665,22.234701,25.148672,25.757189,28.801516,29.84402,27.849895,26.196758,22.102352,21.77723,17.357597,18.129269,13.934345,12.687238,15.409704,12.66571,8.244148,9.574188,5.2567663,5.224331,0.0,7.360797,8.023242,11.764873,13.763464,20.196592,22.52479,23.695227,27.472889,28.452612,26.023272,23.229748,19.61195,19.483387,13.386799,13.8578,8.486249,11.320989,7.3120074,7.3873935,8.65917,9.769675,12.981851,13.381389,17.935507,19.926174,22.563354,19.427841,21.86957,17.52959,19.756142,21.997389,18.12941,14.67179,15.566907,14.028323,12.740755,16.24962,11.909987,15.59615,13.446077,17.203161,14.971094,10.740732,14.362823,11.884591,17.83319,17.57283,17.397877,21.344603,21.991016,25.179266,27.343742,27.7709,23.933592,23.738333,20.459631,16.747381,15.728457,12.933311,9.124146,10.014866,9.6782465,13.382127,12.964362,12.835006,15.288008,19.86231,23.246737,23.35447,19.970856,21.521196,16.279543,20.056389,18.072824,21.106655,26.017965,24.121643,21.262028,25.356909,20.132967,23.251278,23.332283,24.606672
28,24.074137,20.090368,20.941692,18.08734,15.037479,18.50452,12.871061,18.081219,15.488286,17.96896,19.000147,22.20798,23.221123,21.705845,20.225431,16.448542,17.183372,12.715374,15.644991,12.044485,13.071696,16.34001,15.950701,12.492798,14.758695,11.675737,8.918217,7.360797,0.0,4.755209,5.2575245,9.867506,15.139232,17.761505,19.22536,22.596155,24.578983,22.702135,19.927103,16.456526,16.454311,11.359995,10.006999,7.655872,6.8269954,6.888063,5.669107,9.941908,10.76031,14.1908655,15.73381,18.949066,22.316132,23.323677,19.59209,20.98489,15.663675,17.640442,18.391052,14.385271,10.240333,12.843877,9.86602,10.742411,13.396401,11.513092,15.180199,14.781374,18.335762,17.833002,14.557679,17.201351,13.713393,20.004848,17.317524,18.091408,20.902237,20.248314,23.13579,24.673605,24.727285,21.279242,19.448456,16.848494,12.5822935,13.453548,8.272162,7.631239,7.67319,8.908142,12.7734165,11.660945,9.145912,12.118682,16.110891,20.038881,18.966234,15.60997,16.167229,10.368983,14.412281,11.28034,15.061391,20.057693,17.643623,14.543129,18.258196,12.844156,16.254744,16.488728,18.284908
29,25.439663,21.22187,22.30506,18.53501,16.01716,19.01119,13.486462,18.681566,15.207336,18.446495,18.16983,21.220428,22.703102,20.51357,19.706392,15.245025,16.319233,12.104635,14.33596,11.940904,12.136794,16.355133,15.27893,11.834702,15.725224,12.179964,11.710398,8.023242,4.755209,0.0,5.029038,5.9340205,12.686925,14.586663,16.159708,19.692747,21.054901,19.085709,15.986785,12.3069725,12.954207,7.283194,7.676322,5.942609,7.395409,8.728042,9.542101,13.354265,14.762914,18.208708,19.516136,23.201647,26.209743,27.692919,23.966047,25.614393,20.36943,22.35622,23.062637,18.947151,14.8409195,16.724928,13.04836,13.090428,13.793541,11.586474,14.721372,13.594449,16.204489,15.291689,11.7465105,13.339946,9.440394,15.531332,12.595352,13.745839,16.456615,15.980042,19.040539,20.616175,21.11976,17.679806,16.585928,13.919851,9.781773,10.672815,7.1430235,7.6248784,9.997812,12.155643,15.947784,15.662472,13.297455,15.218612,19.707056,23.638681,22.030626,18.332232,19.215065,13.647043,18.2689,14.739647,19.035316,23.956144,20.958397,17.761408,20.422575,14.175847,17.00188,16.107641,17.646954
30,26.058722,22.051271,21.96098,18.498743,15.364018,17.422585,11.47968,15.359199,11.643371,14.129306,14.133495,17.70488,19.310291,17.754078,17.288101,13.313325,15.605906,11.659197,15.646486,13.684423,15.271805,19.17477,19.250412,16.153715,19.460136,16.246132,14.144085,11.764873,5.2575245,5.029038,0.0,6.484023,10.111461,12.953314,14.31307,17.505037,19.82593,18.240492,15.618389,12.540186,12.4889145,8.796421,6.5701523,7.9903874,5.6103044,9.6801195,9.868627,14.245205,15.570258,18.74718,20.746376,23.482887,27.185932,27.79254,24.068611,24.943827,19.414574,20.919598,20.678001,16.625072,12.62587,14.953016,10.656044,12.084732,12.1355295,12.031749,14.850369,15.163652,17.756859,18.178274,15.698628,17.234638,13.608021,19.482515,15.543877,17.37478,19.151482,17.737375,20.404488,21.294104,21.580294,18.681726,16.054428,14.314905,9.958264,12.65211,7.4426694,10.244959,11.2191515,13.433174,16.961979,15.989281,12.611394,14.994586,18.503294,22.567713,20.4098,17.08568,16.941761,11.314621,15.441844,10.834229,15.280208,19.975698,16.498821,13.300108,15.460648,9.1899605,12.055346,11.582288,13.363807
31,27.103365,22.925219,23.240398,18.758066,16.595247,18.071478,12.949748,16.82749,12.411082,16.091852,14.318228,17.03755,19.081823,16.405363,16.768093,11.973938,14.374119,11.224618,13.789481,13.670033,14.291752,18.93284,18.488169,15.905561,20.72041,17.457706,17.585127,13.763464,9.867506,5.9340205,6.484023,0.0,8.528185,8.841336,11.129441,14.304212,15.624192,14.20421,10.558527,6.739628,9.257467,5.5591183,7.051621,9.482351,10.122572,13.751651,14.959877,18.982897,20.474775,23.878511,25.323133,28.796719,32.00196,33.165665,29.247952,30.637636,25.226484,27.075638,27.05062,23.041042,18.964937,21.015476,16.606787,17.066246,15.602246,14.849321,16.948414,16.211458,17.380747,17.073822,14.299859,13.938581,9.904096,14.41129,9.442887,11.80451,12.920721,11.462687,14.284483,15.257001,16.072378,13.19505,11.744627,9.95681,6.221799,9.103694,7.3850927,11.04098,14.021274,16.998438,20.398201,20.457037,17.47868,18.577763,22.77883,26.733446,24.108328,20.400318,20.964708,15.969233,20.741905,16.632383,21.417074,25.989553,22.35644,19.177443,20.2258,13.503821,15.495623,13.145684,14.750116
32,33.690517,29.75217,28.911072,24.757586,22.163738,22.118835,17.119415,17.92622,12.669356,14.430123,10.314477,14.458343,17.855726,16.083685,18.501087,14.751544,19.26062,17.088646,20.945599,21.287848,22.60032,27.085514,26.929924,24.081985,28.400745,24.755465,23.655499,20.196592,15.139232,12.686925,10.111461,8.528185,0.0,6.195727,4.5647807,8.006135,10.395322,9.090693,7.9913874,7.742671,5.900786,8.852953,7.137808,13.140557,11.459747,17.127127,18.96009,22.889826,25.058306,27.92059,30.400488,32.87602,36.719467,37.34673,33.90894,34.37562,28.811453,29.656828,28.66541,24.58848,21.238455,22.08347,17.104294,17.936152,13.768538,15.884125,16.37908,17.41851,17.481266,19.40133,18.904003,18.347954,15.815674,19.656002,14.825213,18.679913,18.34351,16.050007,18.010891,17.185553,18.7839,17.619123,14.649279,15.191563,12.468346,16.773537,14.327827,18.811174,20.802387,23.428576,26.854761,26.042067,22.441376,24.342552,27.434824,31.434246,28.358393,25.250639,24.522013,19.785362,23.375834,17.88279,21.930918,25.581345,20.81957,18.296858,17.155064,11.739026,10.981906,8.321026,7.608928
33,32.034286,28.226534,27.256151,22.645653,20.825644,19.961187,16.122496,16.61437,11.571507,14.4046135,9.837684,11.904451,15.1774235,12.429994,15.423135,11.667628,16.1864,15.240558,18.313643,20.191141,21.496243,25.96224,26.31818,24.353807,29.393631,26.28489,26.163637,22.52479,17.761505,14.586663,12.953314,8.841336,6.195727,0.0,5.1944256,6.141573,8.383104,8.999646,5.7089033,5.3861356,8.905687,11.23177,11.725808,16.842846,16.120205,21.253386,22.616896,26.792532,28.418737,31.641209,33.49504,36.43147,40.048424,40.655315,36.69699,37.528965,31.993132,33.421204,32.41611,28.66618,24.96382,26.928768,22.072124,23.0938,19.622684,20.878466,21.735783,21.964655,21.730993,22.663479,21.298988,19.649275,16.575645,18.81848,12.831658,16.229273,14.613608,11.54445,12.734019,11.464637,12.846193,12.351784,9.37278,10.929838,9.900624,14.246258,13.847946,18.979332,21.610327,24.87371,27.903257,27.892202,24.314486,25.017107,28.339706,32.169567,28.538881,25.285255,25.033192,21.078432,25.204517,20.56557,25.188751,28.862686,24.567175,21.863773,20.472834,14.652192,14.602431,10.531735,11.587159
34,36.45357,32.543964,31.67453,27.221611,25.051212,24.475212,20.098368,20.359083,15.116003,16.940945,11.767704,15.003126,18.769049,16.672867,19.96325,16.399757,21.060287,19.607666,22.888897,24.079252,25.11591,29.730587,29.452402,26.872133,31.638466,27.990755,27.548548,23.695227,19.22536,16.159708,14.31307,11.129441,4.5647807,5.1944256,0.0,4.2805014,5.8354135,5.140333,4.9579988,7.09434,6.093587,11.063566,10.815632,16.566568,15.70939,21.122663,23.227062,27.0749,29.332138,32.253838,34.624966,37.292305,41.025578,41.80411,38.307533,38.879906,33.312702,34.21697,33.200806,29.149376,25.791792,26.535748,21.548845,22.08801,17.369463,19.358759,19.300665,20.045715,19.104012,20.991808,20.879807,19.299158,17.224413,19.62257,14.689656,18.937551,17.611952,15.148192,16.572037,14.984016,17.246895,16.975044,14.540996,15.880726,14.271476,18.453178,17.37365,22.01717,24.480326,27.334242,30.711975,30.188528,26.629786,28.149738,31.370657,35.32484,31.98506,28.824251,28.228806,23.793098,27.517746,22.170862,26.2728,29.74197,24.917463,22.524063,20.750761,15.699068,14.412717,11.109913,9.947691
35,37.76937,34.07106,32.701656,28.284498,26.349476,24.91367,21.299246,20.359585,15.442748,16.820389,11.042893,13.281248,17.243847,15.33262,19.433228,16.63836,21.622663,21.025484,24.346617,26.240162,27.59862,32.081223,32.306805,30.107481,35.021896,31.617062,31.151949,27.472889,22.596155,19.692747,17.505037,14.304212,8.006135,6.141573,4.2805014,0.0,4.610024,6.7369466,7.048203,9.802389,10.286263,15.115392,14.8591385,20.667551,19.463844,25.0513,26.839458,30.844332,32.8733,35.828026,38.15349,40.69158,44.54375,45.01835,41.356277,41.789318,36.224346,37.14229,35.750595,31.977829,28.69818,29.868673,24.90658,25.85013,21.14176,23.492155,23.402454,24.304768,23.255993,25.172716,24.995623,23.135185,20.94874,22.697758,17.36731,21.341509,19.231625,16.285885,16.87845,14.541904,16.569574,17.273462,14.38528,16.71946,16.01353,20.37177,19.708462,24.835318,27.223587,30.29352,33.4225,33.035824,29.288795,30.405773,33.30277,37.127304,33.373405,30.415136,29.6249,25.803453,29.327084,24.175379,28.239782,31.306702,26.530155,24.339794,21.726141,17.2614,15.541339,11.732212,10.861734
