,0,1,2,3,4,5,6,7,8,9,10,11,12,13,14,15,16,17,18,19,20,21,22,23,24,25,26,27,28,29,30,31,32,33,34,35,36,37,38,39,40,41,42,43,44,45,46,47,48,49,50,51,52,53,54,55,56,57,58,59,60,61,62,63,64,65,66,67,68,69,70,71,72,73,74,75,76,77,78,79,80,81,82,83,84,85,86,87,88,89,90,91,92,93,94,95,96,97,98,99,100,101,102,103,104,105,106,107,108,109,110,111
0,0.0,4.2901454,6.5780053,8.948918,12.005837,14.463246,17.402658,20.400608,23.601828,27.608109,29.470087,35.40988,31.68228,29.557302,25.041924,23.507135,19.309855,18.427074,13.788824,14.113871,11.498975,9.172482,11.09897,12.161813,15.993135,16.500446,19.005444,17.856752,22.290806,23.019741,20.859667,22.616428,27.671343,26.998806,27.670578,29.830597,32.716927,35.94761,34.6231,33.515564,36.487564,30.7314,33.480385,30.194647,32.175446,28.61288,29.765028,32.18714,32.857758,27.052927,25.552752,32.73521,30.81241,24.927881,27.990156,24.783875,28.371061,28.076967,33.25888,30.418125,29.95252,35.44493,36.75084,34.251236,39.88961,35.07199,39.229736,42.270927,37.632694,40.67152,39.345173,39.59632,34.24323,36.191025,31.641619,34.401115,34.48423,30.650454,29.703068,33.862705,31.490894,30.812962,30.118544,26.521458,24.87329,27.315622,25.015558,20.701761,21.533298,23.37695,20.620604,17.268042,22.002949,20.229958,15.536427,19.278532,18.169632,19.744944,20.599169,20.840887,16.77106,13.880023,16.298086,17.916723,20.583662,22.658915,20.63545,26.407831,23.647417,26.260338,28.236435,29.62962
1,4.2901454,0.0,5.2124023,6.2663946,8.554921,11.888471,14.082929,17.791265,20.789171,25.013317,26.946106,32.792812,29.708895,27.687346,23.211918,21.30642,17.420908,15.784273,12.247603,11.218033,9.709815,7.193106,10.348953,12.536833,16.320644,17.2934,18.993458,16.72224,21.20489,22.45265,19.905987,20.750126,26.510176,26.142473,25.995314,27.906046,31.122244,34.275806,32.45009,31.077486,33.621807,27.758432,30.257174,26.649673,28.803627,24.793463,26.453588,28.395098,29.47686,23.913881,21.881893,29.036493,27.6614,21.817543,24.471054,21.123863,24.35756,23.971365,29.159279,26.188229,25.728119,31.245626,32.4912,29.991392,35.677887,30.960455,35.141834,38.280487,33.77016,36.952747,35.70434,36.16342,30.70724,32.982265,28.515139,31.536034,31.23994,27.257404,26.789925,31.01679,28.430725,27.666018,26.664099,23.249521,21.604572,23.476156,21.31088,17.181112,17.676886,19.309736,16.656897,13.266329,17.86244,15.959274,11.304124,15.265553,14.411511,16.27781,17.379793,18.060646,13.758523,10.314345,13.530284,15.82576,18.794233,20.852093,18.548506,24.447958,21.264742,24.416052,26.014532,27.914068
2,6.5780053,5.2124023,0.0,4.996528,7.1402626,8.450099,11.955024,14.186012,17.896519,21.358347,23.650957,29.391531,25.792992,24.03352,19.088842,18.132627,14.002533,13.747418,9.414247,10.862517,10.451057,9.700093,13.798248,14.203317,17.929655,18.094542,18.790861,16.558151,21.044014,21.480787,17.722683,19.560785,25.408232,23.93463,23.79185,26.26009,28.927622,31.842485,30.078262,28.566418,31.439293,25.739737,27.866718,24.937683,26.172247,22.992495,23.508474,26.483377,26.716778,20.832697,19.985022,27.204847,24.9798,19.291992,23.169027,20.078224,23.53548,23.90917,29.018166,26.982504,25.550112,30.960545,32.517155,30.246155,35.555965,30.722775,35.233494,37.95735,33.366287,35.808224,34.074017,34.5251,29.549244,31.843704,27.35585,30.54487,30.909021,27.004295,26.434683,31.076601,29.175787,29.130995,27.414896,23.703356,22.949417,24.796387,21.319174,17.673311,19.12071,20.150162,16.620329,14.65657,19.769836,16.544073,12.597893,17.919197,17.956553,20.06682,20.562656,22.20873,18.179625,14.001444,16.724243,19.976763,23.172014,24.620102,21.889801,27.344717,23.207825,26.166292,27.126667,28.676882
3,8.948918,6.2663946,4.996528,0.0,3.7143383,6.343653,8.676944,12.22537,14.830608,19.361126,20.893051,26.86862,23.7023,21.527348,17.36948,15.080167,11.260465,9.636389,6.287508,5.9015408,6.1173043,6.304034,11.084421,11.582917,14.939125,15.473104,15.424191,12.317001,16.748524,17.744425,14.296656,15.115861,21.266987,20.516886,19.949705,22.016392,25.107185,28.158007,26.263163,24.881418,27.620209,21.827694,24.581982,21.365683,23.627363,20.695486,21.875624,24.886135,25.899048,20.568565,19.242472,26.439022,25.28911,19.948225,23.421358,20.084972,22.2529,22.611952,27.68802,25.071512,23.135603,28.892248,29.858103,27.203884,32.370274,27.171097,31.401972,34.073456,29.282125,31.96491,30.553583,30.696053,25.464487,27.471375,22.935814,25.959263,26.201107,22.343975,21.610287,26.161142,24.220701,24.245703,22.621592,18.824835,18.097778,20.403788,16.853298,12.931098,14.798126,16.173948,12.6749,10.651227,16.31741,13.899537,11.150661,16.33339,15.790408,17.176365,16.559021,19.002766,15.881252,11.069901,12.703226,16.705004,20.087715,20.884586,17.848816,22.961702,18.423761,21.45512,22.203964,23.904692
4,12.005837,8.554921,7.1402626,3.7143383,0.0,4.642818,5.5296235,9.896798,12.41573,16.91537,18.72393,24.471222,22.030836,20.162443,15.964015,13.603579,10.427259,8.153181,7.213169,5.4411674,8.191079,8.67236,13.498989,14.572263,17.607634,18.33147,17.568178,13.676621,17.767752,19.039083,15.061527,14.968773,21.710573,21.004854,19.46787,21.340286,24.582268,27.39711,24.91865,23.138102,25.381159,19.514229,21.712584,18.253553,20.388033,17.0418,18.549408,21.227993,22.487106,17.400604,15.753378,22.888908,22.146572,17.00942,20.272644,16.928577,18.668898,19.185476,24.190897,21.785511,19.534542,25.26253,26.296791,23.750097,28.875832,23.792664,28.201395,30.88562,26.250402,28.88054,27.3858,27.844225,22.63259,25.138596,20.733381,24.175465,24.112944,20.0917,20.039621,24.748907,22.764751,22.885191,20.639853,17.07531,16.702961,18.082058,14.239228,10.955075,12.651112,13.341669,9.561169,8.459113,13.872335,10.655404,8.754947,14.387715,14.574349,16.29836,15.900972,18.882929,15.784789,10.806817,12.991719,17.480793,20.919725,21.62846,18.446875,23.355082,18.373705,21.83107,21.972933,24.112885
5,14.463246,11.888471,8.450099,6.343653,4.642818,0.0,4.5872736,5.981256,9.468042,13.202198,15.302875,21.054964,17.970184,16.304468,11.599499,10.201321,6.7566586,6.698292,5.5239487,7.4712286,10.529421,12.109255,16.914684,16.63496,19.440428,19.463934,17.8163,14.230652,17.985397,18.358112,13.204466,14.176038,20.720728,18.855358,17.26101,19.733562,22.302858,24.832376,22.453335,20.556225,23.233551,17.6349,19.515123,17.02233,18.128963,16.187065,16.183893,20.31015,20.641434,15.402462,15.328231,22.254015,20.756395,16.118917,20.57342,17.647242,19.29266,20.619467,25.321447,23.867098,20.62402,26.074305,27.298628,25.004684,29.527554,24.360317,28.939798,31.07405,26.380915,28.116766,26.123434,26.448347,21.880474,24.225397,19.873127,23.356075,24.124567,20.381367,20.080193,25.068995,23.941454,24.829327,22.03683,18.28994,18.901495,20.386356,15.330134,12.907061,15.560931,15.675011,11.362414,12.029979,17.264809,13.32767,12.416669,18.358046,18.993177,20.706045,19.800663,23.22123,20.395714,15.37372,16.896818,21.628323,25.08865,25.34656,22.000511,26.345806,20.812002,23.813725,23.387468,25.019897
6,17.402658,14.082929,11.955024,8.676944,5.5296235,4.5872736,0.0,5.750434,7.214,11.942278,13.601358,19.167099,17.449268,15.830881,12.128947,9.42861,7.756727,5.2073913,8.156752,6.8423753,11.373051,13.047527,17.660099,18.129614,20.493628,21.001827,18.867376,14.425859,17.636398,18.761683,14.019954,13.086338,20.08833,19.09147,16.342716,18.097431,21.19688,23.593458,20.535305,18.344952,20.244751,14.441244,16.212059,12.986413,15.003832,12.574599,13.777823,17.232605,18.58261,14.2523365,13.219975,19.81589,19.65111,15.576318,19.086172,16.0912,16.345884,17.66654,22.166126,20.427187,16.710499,22.318384,23.151316,20.683292,25.11717,19.832472,24.362646,26.564882,21.895945,23.910347,22.14828,22.619139,17.740654,20.47332,16.231379,20.044746,20.238506,16.33085,16.72871,21.697565,20.375502,21.272682,18.037834,14.603136,15.516896,16.274527,11.017001,9.371895,11.961512,11.531322,7.135794,9.183487,13.84595,10.066672,11.041828,16.426529,17.212322,18.660921,17.438023,21.441216,19.22369,14.290842,15.5467415,20.601543,24.00843,23.959625,20.539837,24.444101,18.642979,22.005535,21.026812,23.204288
7,20.400608,17.791265,14.186012,12.22537,9.896798,5.981256,5.750434,0.0,4.942644,7.23749,9.9163065,15.290396,12.682589,11.718911,6.9618506,6.7180605,5.830013,7.365163,9.43744,11.415056,15.351712,17.500166,22.17963,21.556166,23.82469,23.628092,20.866486,17.097534,19.860952,19.864948,14.016541,14.5421915,20.8007,18.269531,15.494399,18.014631,19.97338,21.801964,18.864752,16.423748,18.824041,13.73237,14.516069,13.109894,12.904473,12.793764,11.273963,16.831306,16.589102,12.195131,13.61993,19.514767,18.151976,14.985486,19.863707,17.580353,18.008509,20.231926,24.195765,23.788303,19.268297,24.15418,25.371586,23.436882,26.99722,21.951385,26.597973,28.046848,23.55365,24.210732,21.689571,22.103592,18.446814,20.975481,17.087534,20.83481,22.099878,18.756916,18.904238,23.970533,23.703896,25.367538,21.683954,18.295671,20.098837,20.852846,14.839268,14.236904,17.27811,16.365887,12.096932,14.903594,19.193495,14.80618,15.81808,21.505358,22.744865,24.388935,23.067017,27.159307,24.856646,19.888367,20.991873,26.072218,29.50172,29.241573,25.753708,29.267967,23.176172,25.989151,24.55023,26.081472
8,23.601828,20.789171,17.896519,14.830608,12.41573,9.468042,7.214,4.942644,0.0,6.0585647,6.413833,12.195468,10.705159,9.250552,7.183744,4.2156425,6.535595,6.6236444,11.263081,11.941888,16.25227,18.902266,23.178457,22.439142,24.028124,23.957476,20.414522,16.309938,18.097584,18.374468,13.016418,12.037579,18.034956,16.092323,12.178842,14.102795,16.2579,17.902287,14.454851,11.85282,14.029434,8.798575,10.364393,9.196691,10.400813,11.932695,11.03539,16.633076,17.302721,14.466225,15.421153,20.393559,20.389912,18.123129,22.159279,19.940126,18.792866,21.047169,24.539253,23.824492,18.593184,23.435526,23.879715,21.670706,24.537935,19.125439,23.331861,24.352522,19.639143,20.055647,17.737972,17.613052,13.996648,16.126678,12.316542,16.037722,17.56418,14.58367,14.699195,19.67017,19.952597,22.152676,18.186642,15.004503,17.6018,18.471651,12.002942,12.482261,16.006695,14.959198,11.214,14.948324,18.744656,15.41116,17.830183,22.797806,23.678324,24.643835,22.366854,27.035864,25.713888,20.849052,20.877182,26.128576,29.427713,28.486288,24.953007,27.529497,21.1776,23.706476,21.561579,23.061546
9,27.608109,25.013317,21.358347,19.361126,16.91537,13.202198,11.942278,7.23749,6.0585647,0.0,4.767518,8.394242,7.236245,8.120625,5.904799,7.764575,10.379551,12.375309,15.737986,17.570597,21.721252,24.23527,28.72107,27.767185,29.506563,29.112186,25.47609,21.837263,23.460371,23.084122,17.307299,17.326231,22.41902,19.409103,15.60852,17.802565,18.653154,19.280771,15.806192,12.776997,14.507621,11.153925,9.780297,11.034066,8.313826,12.215614,8.301036,15.4421015,14.383422,12.400072,15.433302,19.000294,18.098818,17.291262,21.947964,20.58649,19.508188,22.478207,25.240692,25.974325,20.349262,24.102257,25.109138,23.711786,25.688526,21.100231,25.403242,25.75023,21.76647,20.70398,17.504457,17.879894,16.11486,18.484856,15.754231,19.3322,21.27765,18.890038,19.448751,24.09789,24.9629,27.438498,23.084574,20.403337,23.288895,23.391638,17.061878,18.273043,21.394726,19.726723,16.182535,20.242731,23.473682,19.288074,21.696886,26.840637,28.418142,29.85544,28.089064,32.663208,30.946224,26.12448,26.726553,31.954798,35.28615,34.498394,30.97218,33.54087,27.1704,29.583452,27.188663,28.453964
10,29.470087,26.946106,23.650957,20.893051,18.72393,15.302875,13.601358,9.9163065,6.413833,4.767518,0.0,6.202363,5.3828964,5.1635494,6.957823,6.6448355,10.734224,12.3085575,16.441536,17.960876,21.945282,24.903122,28.983767,27.606577,28.745178,28.279696,24.051989,20.556944,21.28715,20.82246,15.637594,15.020248,19.178762,16.415781,12.054426,13.862697,14.374991,14.7238,11.078091,8.050064,10.336043,7.612711,7.700941,10.079092,9.286835,14.456158,11.672871,18.235474,18.037605,16.796505,19.124233,22.444275,22.412212,21.658009,25.854172,24.293736,22.463875,25.222696,27.848684,28.00556,22.109802,25.976301,26.217463,24.45018,25.862669,20.8877,24.53159,24.390156,20.120537,18.728725,15.873101,15.1620035,13.787629,14.997664,12.500121,15.456323,18.166346,16.477497,16.417112,20.735664,22.355186,25.352934,21.136274,18.543812,21.930984,22.682793,16.255154,17.794704,21.38667,20.03666,16.891468,21.03144,24.282675,21.11732,24.010094,28.807087,29.82937,30.634155,27.962149,32.86545,31.93501,27.132584,26.709543,31.957748,35.162636,33.767754,30.252151,31.99287,25.57075,27.432148,24.60657,25.477913
11,35.40988,32.792812,29.391531,26.86862,24.471222,21.054964,19.167099,15.290396,12.195468,8.394242,6.202363,0.0,6.686832,8.915669,11.8177395,12.813887,16.83574,18.398499,22.591528,23.970037,28.08761,30.983389,35.070732,33.777023,34.80128,34.3109,29.899845,26.508345,26.805466,26.25102,21.398724,20.58386,23.843561,21.088167,16.653593,17.812525,17.374628,16.402666,12.676839,9.654507,9.863017,10.499221,7.5044923,12.200733,9.2106695,16.303375,12.599995,18.736914,17.955605,18.627996,21.615421,23.05119,23.356606,24.16142,27.963108,27.10191,24.547604,27.65335,29.284988,30.389206,24.146433,26.80199,26.983624,25.873163,25.900812,21.869583,24.996655,23.873972,20.591217,17.511944,14.136646,13.597493,14.790049,15.872091,15.121905,17.54661,20.288774,19.514444,20.0936,23.628033,25.827566,29.090918,24.571283,22.794083,26.511806,26.450476,20.456234,22.926132,26.111216,24.233927,21.650862,26.22674,28.656631,25.426693,28.862873,33.337685,34.751232,35.62936,33.07422,38.072098,37.272293,32.63805,32.33322,37.56428,40.69181,39.184,35.723907,37.04281,30.685774,32.4199,29.144627,29.965124
12,31.68228,29.708895,25.792992,23.7023,22.030836,17.970184,17.449268,12.682589,10.705159,7.236245,5.3828964,6.686832,0.0,3.7128563,6.790195,9.400638,12.773126,15.900569,18.619097,21.557667,24.996784,28.084085,32.168056,30.071295,31.183739,30.201218,25.874556,23.213863,23.80214,22.409618,17.038641,17.965832,20.935915,16.897799,13.6918545,16.153841,15.133264,14.800849,12.481233,10.338761,13.373657,12.314862,12.0825,15.321838,13.238743,18.887459,14.815123,21.949623,20.537302,19.188257,22.64677,25.707281,24.596798,24.170992,29.076845,27.797787,26.613325,29.584253,32.151714,32.798347,26.945652,30.513756,31.054144,29.54323,30.69732,26.007954,29.564137,29.062763,25.049677,22.972124,19.8976,18.970676,18.67059,19.208214,17.13651,19.331905,22.742542,21.473839,20.828579,24.899607,26.99651,30.18164,26.188063,23.43391,26.780848,27.957548,21.481337,22.58018,26.373762,25.204952,21.79918,25.61789,29.289452,25.789238,28.085394,33.294914,34.35619,35.305145,32.639854,37.43241,36.26714,31.307545,30.888899,36.100773,39.360214,37.952614,34.419304,36.17142,29.779375,31.220316,28.528048,28.763353
13,29.557302,27.687346,24.03352,21.527348,20.162443,16.304468,15.830881,11.718911,9.250552,8.120625,5.1635494,8.915669,3.7128563,0.0,5.984254,6.781686,10.321067,13.343049,16.055696,18.98308,22.139019,25.412075,29.25707,26.917175,27.804478,26.790821,22.322653,19.778025,20.175356,18.720947,13.500242,14.4715395,17.274448,13.254542,10.084005,12.82566,12.006208,12.315074,10.288691,8.613116,12.680675,10.819074,12.409761,14.851671,14.374565,19.309326,16.184357,23.0874,22.348946,20.407284,23.173367,26.999397,26.15588,24.971462,29.798212,28.101013,26.981323,29.656454,32.614388,32.566345,26.879648,30.993975,31.254091,29.324053,30.873068,25.71575,29.159124,28.914534,24.457594,23.032728,20.400602,19.01456,17.871025,17.896713,15.282309,17.206182,20.839962,19.515163,18.22582,22.363836,24.458694,27.652094,24.013498,20.962303,24.213081,26.078865,19.599062,20.228472,24.310442,23.59286,20.159819,23.61856,27.657164,24.659578,26.798008,31.958416,32.575386,33.213165,30.150814,34.95289,34.061398,29.08701,28.176218,33.325077,36.534286,34.938084,31.426073,33.018986,26.68194,27.88809,25.31731,25.342432
14,25.041924,23.211918,19.088842,17.36948,15.964015,11.599499,12.128947,6.9618506,7.183744,5.904799,6.957823,11.8177395,6.790195,5.984254,0.0,5.547576,6.9396653,11.014099,12.500561,16.192327,19.402878,22.24004,26.556755,24.607407,26.27485,25.345154,21.693703,18.915531,20.63526,19.398972,13.256236,15.106937,19.558945,15.510542,13.101913,16.27778,16.57447,17.6956,15.532853,13.475324,16.930313,13.399604,14.276496,15.275618,14.057342,17.169203,13.777463,20.768753,19.506294,16.205328,19.212076,23.892035,22.070745,20.138388,25.503798,23.729025,23.738722,26.37338,29.794306,29.906685,24.740444,29.104565,30.065113,28.269438,30.764227,25.70303,29.885555,30.39228,25.91443,25.252888,22.398993,21.986477,19.79664,21.09922,17.755938,20.634192,23.340431,20.990046,20.227743,24.984499,26.026695,28.551302,24.873667,21.46574,24.04412,25.554064,19.075394,18.944393,22.703178,21.93812,17.919212,20.966024,25.367123,21.467169,22.722189,28.364998,29.336296,30.586605,28.426105,32.814625,31.028336,25.958883,26.079788,31.20346,34.5828,33.70171,30.159388,32.843338,26.555058,28.444683,26.54101,27.091545
15,23.507135,21.30642,18.132627,15.080167,13.603579,10.201321,9.42861,6.7180605,4.2156425,7.764575,6.6448355,12.813887,9.400638,6.781686,5.547576,0.0,4.4251966,6.5914946,10.015804,12.251291,15.711664,18.849426,22.851002,21.107208,22.375914,21.820967,17.856672,14.437581,15.859216,15.327809,9.63253,9.923338,15.105945,12.290298,8.981979,11.741056,13.278699,15.167428,12.636713,10.789838,14.349114,9.719521,12.610953,12.427051,13.746004,16.129383,14.669147,20.72936,20.959812,17.859129,19.2919,24.414541,23.87721,21.412569,25.912716,23.62084,22.906328,25.075024,28.709534,27.792368,22.694645,27.616867,27.912142,25.550869,28.27754,22.689728,26.541328,27.301321,22.383627,22.564562,20.382067,19.494875,16.257063,17.164099,13.259176,16.073925,18.588308,16.106112,14.936429,19.781425,20.650272,23.168894,19.74246,16.158041,18.779684,20.863007,14.415332,14.10285,18.209517,17.866812,14.1033745,17.065323,21.547068,18.696026,20.460188,25.611727,25.981731,26.630655,23.773945,28.414894,27.322798,22.323618,21.615541,26.789888,30.071133,28.806326,25.260456,27.538746,21.195467,23.03951,21.01693,21.735172
16,19.309855,17.420908,14.002533,11.260465,10.427259,6.7566586,7.756727,5.830013,6.535595,10.379551,10.734224,16.83574,12.773126,10.321067,6.9396653,4.4251966,0.0,5.0642138,5.8788548,9.627315,12.49504,15.481871,19.66355,17.792255,19.559208,18.911625,15.639822,12.4524,14.960384,14.346324,8.288327,10.075483,15.753922,12.886779,11.160471,14.197173,16.022127,18.419561,16.518684,15.037361,18.638844,13.646211,16.513857,15.448095,16.764462,17.597094,16.470058,22.142822,22.225164,18.018995,19.14577,25.164928,23.969263,20.535803,25.310726,22.728289,23.095472,24.941244,29.115324,27.878897,23.491909,28.770899,29.400606,26.954988,30.458252,24.86431,28.975262,30.271456,25.282492,26.121912,24.046793,23.443619,19.609934,20.777685,16.52475,19.343773,21.4121,18.45378,17.11182,22.049007,22.207664,24.140139,21.220598,17.261705,19.020037,21.500105,15.455997,13.809154,17.76105,17.93831,13.794174,15.625941,20.83211,17.769224,18.315826,23.83448,24.022345,24.899193,22.465298,26.638643,24.99301,19.890583,19.582579,24.590069,27.960173,27.138594,23.629784,26.682703,20.613932,22.642368,21.44687,22.190004
17,18.427074,15.784273,13.747418,9.636389,8.153181,6.698292,5.2073913,7.365163,6.6236444,12.375309,12.3085575,18.398499,15.900569,13.343049,11.014099,6.5914946,5.0642138,0.0,6.115608,5.728725,9.7240095,12.638779,16.699947,15.882515,17.521814,17.680113,14.637061,10.229545,12.916733,13.777038,9.117698,8.010886,14.922203,14.025479,11.524286,13.398315,16.551527,19.288727,16.824446,15.298846,18.066624,12.381989,15.891481,13.382674,16.436201,15.9287815,16.629276,20.980633,22.312704,18.453043,18.050985,24.213793,24.182768,20.486877,24.185663,21.24979,20.967632,22.29629,26.580133,24.481092,20.40813,26.05042,26.23377,23.405119,27.284422,21.49697,25.421896,27.173983,22.053293,23.867281,22.384113,21.858387,17.057196,18.477303,13.940927,16.990461,18.086983,14.664889,13.632066,18.611538,17.979824,19.484007,16.705147,12.687928,14.093917,16.630833,10.909514,8.762053,12.7903185,13.286513,9.383485,11.037609,16.20728,14.045819,15.176601,20.059555,19.867483,20.347462,17.600508,22.011274,20.824427,15.821322,15.1498375,20.322067,23.659002,22.744799,19.200562,22.266039,16.13019,18.701313,17.52882,19.02341
18,13.788824,12.247603,9.414247,6.287508,7.213169,5.5239487,8.156752,9.43744,11.263081,15.737986,16.441536,22.591528,18.619097,16.055696,12.500561,10.015804,5.8788548,6.115608,0.0,6.279575,7.4217935,10.152602,14.326231,12.500271,14.893391,14.449338,12.506606,9.567149,13.421231,13.326774,8.590609,10.743059,16.521677,14.724029,14.413595,17.057112,19.531588,22.50713,21.067003,19.992395,23.462372,18.069265,21.39112,19.245724,21.354,20.461676,20.457283,25.044262,25.565744,20.620283,20.647566,27.452724,26.160297,21.636074,26.00886,22.974731,24.258837,25.382366,30.107224,28.030584,24.756308,30.449604,31.127262,28.42103,32.770515,27.151234,31.235277,33.186184,28.10391,29.936714,28.290071,27.802021,23.160603,24.379894,19.831575,22.457989,23.834913,20.492296,18.915062,23.642288,22.84867,23.922606,21.93157,17.753838,18.233826,21.35652,16.402115,13.123605,16.562939,17.691797,13.72242,13.532971,19.39672,16.93496,15.931353,21.315355,20.835648,21.64234,19.53393,22.975826,20.95559,15.941139,15.755291,20.319105,23.68479,23.346428,20.006762,23.900198,18.499868,20.689375,20.656073,21.526638
19,14.113871,11.218033,10.862517,5.9015408,5.4411674,7.4712286,6.8423753,11.415056,11.941888,17.570597,17.960876,23.970037,21.557667,18.98308,16.192327,12.251291,9.627315,5.728725,6.279575,0.0,4.861869,7.1368895,11.290937,11.654541,13.839164,14.74352,13.253361,8.752107,12.59264,14.42294,11.482825,10.25731,16.882643,17.169594,15.745786,17.120735,20.771074,23.888384,21.747437,20.522114,22.978073,17.189144,20.742239,17.28583,20.866161,18.575768,20.443747,23.469173,25.325283,20.963905,19.321117,26.035053,26.12817,21.529385,24.490368,21.131926,21.585896,22.038073,26.788387,23.708166,20.988525,26.942268,27.123693,24.059633,28.803629,23.180838,26.973135,29.451956,24.424309,27.296997,26.300806,26.007275,20.549072,22.118439,17.569138,20.366604,20.484974,16.735,15.777965,20.265413,18.39661,18.715796,17.025282,13.064299,12.681176,15.667159,11.758252,7.6081605,10.553494,12.268789,8.967902,7.681319,13.60298,12.4666195,12.098242,16.487484,15.46439,15.767828,13.363858,17.12988,15.623575,10.606681,10.080407,15.068776,18.485771,18.154322,14.718892,18.890984,13.509913,16.63236,16.737345,18.696033
20,11.498975,9.709815,10.451057,6.1173043,8.191079,10.529421,11.373051,15.351712,16.25227,21.721252,21.945282,28.08761,24.996784,22.139019,19.402878,15.711664,12.49504,9.7240095,7.4217935,4.861869,0.0,3.6983385,7.1840625,6.8520145,9.468235,10.506941,10.411701,7.1485505,11.555403,13.301776,11.85721,11.730602,17.0748,17.693182,17.68784,19.112284,22.58739,25.997463,24.63356,23.941921,26.830502,21.24985,25.266552,21.980755,25.625816,23.375196,25.104416,28.17134,29.870836,25.152794,23.54329,30.462025,30.184664,25.188358,28.196856,24.746214,25.814928,25.943941,30.853722,27.407726,25.33406,31.313982,31.458261,28.297386,33.208534,27.604055,31.130882,33.70577,28.628338,31.701862,30.89035,30.323126,24.847338,25.868319,21.324568,23.493334,23.777962,20.319244,18.627306,22.601473,20.611118,20.534512,19.938932,15.992732,14.812017,18.758677,15.831233,11.200425,13.569802,16.051905,13.374822,10.723242,16.463758,16.169003,14.537366,18.362959,16.450611,16.291134,13.778798,16.530909,15.119252,10.624385,9.190309,13.203163,16.470123,16.28108,13.148942,17.70654,13.371218,15.833272,17.118114,18.498114
21,9.172482,7.193106,9.700093,6.304034,8.67236,12.109255,13.047527,17.500166,18.902266,24.23527,24.903122,30.983389,28.084085,25.412075,22.24004,18.849426,15.481871,12.638779,10.152602,7.1368895,3.6983385,0.0,4.8647017,7.0601826,10.26767,11.860452,13.140584,10.466515,14.700613,16.66318,15.506453,15.286839,20.553774,21.360449,21.340023,22.64653,26.2368,29.637579,28.121061,27.277775,29.894478,24.18403,27.84978,24.173246,27.727787,24.588026,26.745438,29.093328,30.938362,26.039207,23.879213,30.886576,30.598808,25.262123,27.777632,24.244612,25.816963,25.5011,30.532785,26.79519,25.574425,31.494013,31.803839,28.711855,34.026226,28.72059,32.28317,35.221146,30.35059,33.803226,33.080154,32.83218,27.157015,28.556807,24.077938,26.417255,26.181396,22.537094,21.30495,25.095188,22.544353,21.831118,21.538841,17.94094,16.06037,19.431847,17.460552,12.71927,13.932232,16.55021,14.320655,10.600996,15.871927,15.840748,13.174927,16.414154,14.186678,14.228947,12.816352,14.517548,12.350589,8.265215,8.032612,11.169862,14.407743,15.182589,12.449673,17.878119,14.515727,17.328104,19.155071,20.892231
22,11.09897,10.348953,13.798248,11.084421,13.498989,16.914684,17.660099,22.17963,23.178457,28.72107,28.983767,35.070732,32.168056,29.25707,26.556755,22.851002,19.66355,16.699947,14.326231,11.290937,7.1840625,4.8647017,0.0,5.6035776,7.974191,10.422332,13.175062,11.70866,15.209201,17.528097,18.04089,17.553637,21.655386,23.34152,23.910067,24.788588,28.463587,32.018887,30.909636,30.4662,33.07451,27.563972,31.684769,27.908922,31.995436,28.842627,31.337755,33.41451,35.56367,30.797314,28.354681,35.243526,35.240734,29.866886,31.97754,28.404083,29.82322,29.149448,34.090805,29.811113,29.09982,34.98531,34.955364,31.682348,37.00203,31.738447,34.82043,37.86498,33.023735,36.85074,36.521065,36.0143,30.21984,31.152151,26.820019,28.595325,28.157705,24.825804,23.211437,26.292646,23.468327,22.238005,23.0373,19.759096,17.198256,21.176104,20.322376,15.489284,16.185575,19.353964,17.943304,13.731263,18.152977,19.421589,16.770159,18.690683,15.515524,14.53969,12.731648,13.198407,12.114768,9.737852,7.81587,8.706918,11.329597,12.170815,10.205467,15.61116,13.929609,16.080997,18.920132,20.405018
23,12.161813,12.536833,14.203317,11.582917,14.572263,16.63496,18.129614,21.556166,22.439142,27.767185,27.606577,33.777023,30.071295,26.917175,24.607407,21.107208,17.792255,15.882515,12.500271,11.654541,6.8520145,7.0601826,5.6035776,0.0,3.8744268,5.144062,8.420034,8.714521,12.102381,13.388453,14.447824,15.307036,18.294954,19.43733,21.084713,22.366537,25.444597,29.05544,28.693415,28.688517,31.99117,26.799137,31.369366,28.338999,32.18138,30.216408,31.799847,35.020924,36.618492,31.709053,30.213148,37.215828,36.684933,31.46952,34.51531,31.032553,32.44529,32.3283,37.29045,33.4894,31.881056,37.866062,37.842686,34.546963,39.46349,33.82608,36.95513,39.513393,34.374477,37.58367,37.02243,36.0403,30.638752,30.914814,26.499643,27.836164,28.383972,25.425564,22.92612,26.100971,24.209412,23.83386,24.472408,20.712599,19.00394,23.834534,21.76391,17.03939,19.047607,22.055073,19.931772,16.715136,21.912949,22.490795,20.222736,23.21988,20.47615,19.614212,16.8833,18.255749,17.54886,14.46412,11.880439,13.592678,16.012178,15.68033,13.499816,17.535913,15.142218,16.111444,18.729937,19.066572
24,15.993135,16.320644,17.929655,14.939125,17.607634,19.440428,20.493628,23.82469,24.028124,29.506563,28.745178,34.80128,31.183739,27.804478,26.27485,22.375914,19.559208,17.521814,14.893391,13.839164,9.468235,10.26767,7.974191,3.8744268,0.0,3.202998,6.8666587,8.449216,10.462244,11.946126,14.6936455,15.088784,16.696358,18.689758,20.75148,21.580235,24.59739,28.25545,28.32623,28.758629,32.08685,27.27014,32.307426,29.441906,33.74458,32.2513,33.928413,37.25901,39.074764,34.46332,32.976665,39.80982,39.61681,34.60709,37.574238,34.080963,34.993576,34.884068,39.704296,35.68766,33.887615,39.875248,39.47669,36.01495,40.637745,34.88553,37.593243,39.966656,34.77916,38.00908,37.73129,36.358578,31.066837,30.726055,26.51375,27.225632,27.91435,25.410091,22.396902,24.975883,23.318754,23.019047,24.26197,20.66446,18.968132,24.419165,22.64177,18.101543,20.268312,23.4846,21.732065,18.728914,23.63118,24.874458,23.197256,25.813646,22.755188,21.263956,17.65793,19.138573,19.522316,16.821663,13.033783,14.280262,16.212324,14.936257,13.055062,15.840437,14.062074,13.965078,16.937273,16.649433
25,16.500446,17.2934,18.094542,15.473104,18.33147,19.463934,21.001827,23.628092,23.957476,29.112186,28.279696,34.3109,30.201218,26.790821,25.345154,21.820967,18.911625,17.680113,14.449338,14.74352,10.506941,11.860452,10.422332,5.144062,3.202998,0.0,5.268007,8.518261,10.323083,10.622211,13.409967,14.942289,15.886115,17.147238,19.913382,21.131195,23.634281,27.248672,27.737947,28.338896,32.05376,27.424957,32.494747,30.07097,34.01102,33.054447,34.17005,38.05699,39.47645,34.742558,33.7787,40.6585,40.065716,35.12461,38.572426,35.15896,36.237823,36.401592,41.25156,37.56843,35.41097,41.40126,41.138176,37.74783,42.22356,36.36286,39.208454,41.352386,36.070335,38.90068,38.40014,36.884377,31.872383,31.335375,27.09935,27.706694,28.94705,26.578218,23.284847,26.024181,24.899254,25.05858,25.98637,22.182383,20.986973,26.499027,24.056856,19.665316,22.309196,25.310034,23.136473,20.576908,25.819067,26.506186,24.798431,27.968618,25.20187,23.99978,20.435392,22.170288,22.242105,19.17959,15.739668,17.372137,19.394848,18.093576,16.110992,18.59617,16.368055,15.94222,18.488728,17.625858
26,19.005444,18.993458,18.790861,15.424191,17.568178,17.8163,18.867376,20.866486,20.414522,25.47609,24.051989,29.899845,25.874556,22.322653,21.693703,17.856672,15.639822,14.637061,12.506606,13.253361,10.411701,13.140584,13.175062,8.420034,6.8666587,5.268007,0.0,5.106287,5.8295135,5.3773265,8.852128,10.365402,10.748665,11.994879,14.811234,16.030598,18.375954,21.987577,22.621553,23.430351,27.30513,23.03664,28.344767,26.422401,30.40122,30.372263,31.142954,35.52281,36.885952,32.59198,32.056007,38.612293,38.23305,33.802074,37.4986,34.214966,34.642536,35.20915,39.82293,36.474304,33.51698,39.42096,38.972576,35.591084,39.542564,33.52658,36.267605,37.976677,32.614666,34.963985,34.40301,32.578968,27.938643,26.979641,22.852343,23.191353,25.011452,22.973654,19.288435,22.135914,21.772799,22.72431,23.139511,19.192646,18.898851,24.574514,21.315916,17.493568,20.920708,23.580273,21.203558,19.715946,25.053917,25.48187,24.775826,28.387434,26.020523,24.834272,20.581085,23.44996,23.838245,20.118044,16.357437,19.180515,21.527508,19.528246,16.96986,18.606443,15.008096,14.3299465,15.736316,14.440392
27,17.856752,16.72224,16.558151,12.317001,13.676621,14.230652,14.425859,17.097534,16.309938,21.837263,20.556944,26.508345,23.213863,19.778025,18.915531,14.437581,12.4524,10.229545,9.567149,8.752107,7.1485505,10.466515,11.70866,8.714521,8.449216,8.518261,5.106287,0.0,4.5327578,6.437925,7.377951,6.7194505,10.207038,11.802585,12.6493025,13.65864,16.938528,20.553413,20.108347,20.343893,23.743538,18.976614,24.134867,21.73892,26.004503,25.568707,26.806993,30.773773,32.4934,28.454668,27.538425,33.95444,34.03503,29.746906,33.088963,29.801172,29.823778,30.37409,34.88938,31.528278,28.466696,34.361664,33.86747,30.487387,34.492035,28.499535,31.365103,33.225655,27.88437,30.450783,29.908682,28.374855,23.403502,22.9706,18.645733,19.593475,20.910707,18.42411,15.223044,18.648123,17.853481,18.78588,18.625587,14.524754,14.349053,19.729939,16.261665,12.420083,16.016632,18.53328,16.16585,14.970015,20.269938,20.677378,20.547104,24.144419,22.039787,20.974745,16.655617,20.213966,20.520208,16.4079,12.793218,16.616201,19.380264,17.472122,14.354487,16.512924,11.659218,12.2744665,12.976993,12.9535265
28,22.290806,21.20489,21.044014,16.748524,17.767752,17.985397,17.636398,19.860952,18.097584,23.460371,21.28715,26.805466,23.80214,20.175356,20.63526,15.859216,14.960384,12.916733,13.421231,12.59264,11.555403,14.700613,15.209201,12.102381,10.462244,10.323083,5.8295135,4.5327578,0.0,4.220872,8.278351,6.352913,6.5869865,10.0824175,11.295463,11.370378,14.544482,18.190588,18.38149,19.323612,22.712023,18.753338,24.449038,22.520512,27.227654,27.631605,28.847588,32.950737,34.858047,31.356281,30.570166,36.57359,37.061287,33.18573,36.431473,33.22628,32.598183,33.23877,37.45842,34.026497,30.622478,36.36157,35.412815,31.922787,35.344437,29.289291,31.561022,33.007004,27.667292,30.02673,29.828619,27.711052,23.134111,21.70266,17.818592,17.708403,19.484852,17.853603,13.818764,16.361921,16.354757,17.808245,18.153788,14.404624,14.713587,20.592642,17.366098,14.300201,18.002514,20.489538,18.639137,17.989609,22.704367,23.709257,24.30135,27.519049,25.252317,23.673098,18.595901,22.375734,23.630142,19.876255,15.4584,18.900288,21.237045,18.451061,15.611041,16.006516,11.410386,10.490724,10.638856,9.369564
29,23.019741,22.45265,21.480787,17.744425,19.039083,18.358112,18.761683,19.864948,18.374468,23.084122,20.82246,26.25102,22.409618,18.720947,19.398972,15.327809,14.346324,13.777038,13.326774,14.42294,13.301776,16.66318,17.528097,13.388453,11.946126,10.622211,5.3773265,6.437925,4.220872,0.0,6.299031,7.371247,5.6295056,7.0730944,10.154,11.221389,13.145593,16.736217,17.766773,19.01065,23.079662,19.51822,25.094156,23.91839,27.895052,29.049223,29.398077,34.26308,35.55294,31.874931,31.826174,37.868282,37.752853,33.97536,37.843052,34.762455,34.460827,35.4321,39.69262,36.72632,32.981213,38.66627,37.97543,34.648315,37.89852,31.807667,34.30128,35.438644,30.071724,31.782436,31.201813,28.937075,24.904709,23.273771,19.459658,19.250288,21.88041,20.460606,16.300959,19.021837,19.759897,21.6459,21.544218,17.689493,18.502453,24.110874,20.140661,17.297615,21.325403,23.50184,21.091526,20.827858,25.926563,26.161037,26.500639,30.342012,28.368237,27.169147,22.418894,26.124765,26.871492,22.824537,18.938183,22.44521,24.87481,22.323727,19.518314,20.104858,15.621667,14.544631,14.467913,12.532457
30,20.859667,19.905987,17.722683,14.296656,15.061527,13.204466,14.019954,14.016541,13.016418,17.307299,15.637594,21.398724,17.038641,13.500242,13.256236,9.63253,8.288327,9.117698,8.590609,11.482825,11.85721,15.506453,18.04089,14.447824,14.6936455,13.409967,8.852128,7.377951,8.278351,6.299031,0.0,5.891965,8.723395,6.262818,7.6895094,10.535206,12.243301,15.551532,15.569154,15.867908,20.234152,16.101362,20.94099,20.05547,23.003645,24.371197,23.958263,29.360569,30.052326,26.184448,26.763437,32.79131,32.1321,28.530815,32.899174,30.02705,30.024233,31.412327,35.66497,33.446617,29.310612,34.873837,34.721622,31.730284,35.036633,29.033323,32.23494,33.34246,28.01177,29.206394,27.932632,26.181118,22.298347,21.621311,17.459423,18.481915,21.27529,19.21234,15.934797,19.919544,20.641369,22.772747,21.298382,17.138647,18.579071,23.106247,17.921766,15.434084,19.798277,21.221254,17.94769,18.552479,23.990547,22.832935,23.205692,27.912088,26.799805,26.486689,22.584146,26.640593,26.290142,21.581,19.11002,23.500248,26.47142,24.66691,21.405052,23.225445,17.707293,18.125929,17.370844,16.655895
31,22.616428,20.750126,19.560785,15.115861,14.968773,14.176038,13.086338,14.5421915,12.037579,17.326231,15.020248,20.58386,17.965832,14.4715395,15.106937,9.923338,10.075483,8.010886,10.743059,10.25731,11.730602,15.286839,17.553637,15.307036,15.088784,14.942289,10.365402,6.7194505,6.352913,7.371247,5.891965,0.0,7.091993,8.341526,6.6327696,7.393727,11.11626,14.559881,13.503682,13.692919,17.118965,12.7238455,18.248789,16.618404,20.990236,22.015335,22.815838,27.294254,29.005,25.895626,25.54545,31.161724,31.70898,28.387802,31.825344,28.874096,27.82089,28.949411,32.913467,30.186728,26.009205,31.553652,30.797829,27.55145,30.645546,24.558924,27.269342,28.444014,23.062063,24.824663,24.153711,22.241167,17.826336,16.92171,12.6909895,13.563385,15.774907,13.745746,10.229924,14.224531,14.753074,17.026745,15.574064,11.520885,13.2897625,18.018883,13.213478,11.192571,15.615775,17.118185,14.658958,15.610634,20.300318,20.208366,21.693611,25.550766,24.226763,23.354534,18.771687,23.36516,23.917639,19.49222,16.285997,20.873016,23.704418,21.385601,18.052456,19.096996,13.105832,13.786959,12.18051,12.225502
32,27.671343,26.510176,25.408232,21.266987,21.710573,20.720728,20.08833,20.8007,18.034956,22.41902,19.178762,23.843561,20.935915,17.274448,19.558945,15.105945,15.753922,14.922203,16.521677,16.882643,17.0748,20.553774,21.655386,18.294954,16.696358,15.886115,10.748665,10.207038,6.5869865,5.6295056,8.723395,7.091993,0.0,5.916094,7.317702,6.7655735,8.684208,12.210429,13.484406,15.356961,19.13609,16.624,22.49551,21.916853,26.24627,28.375593,28.746122,33.59393,35.15175,32.35797,32.40799,37.730946,38.268658,35.197845,38.8089,35.921043,34.66459,35.842796,39.61388,36.81386,32.507797,37.853275,36.709484,33.40159,35.83318,29.804121,31.72912,32.28893,27.049614,28.291067,27.993523,25.193947,21.797678,19.237535,16.072796,14.875454,18.146376,17.676634,13.084649,15.094918,17.020203,19.747879,19.396955,16.07769,17.851173,23.213776,19.159452,17.55534,21.705425,23.4497,21.496622,22.236776,26.622272,27.14292,28.603199,32.178238,30.413393,28.98255,23.749975,28.047112,29.423103,25.426155,21.276905,25.04736,27.355413,24.250101,21.433191,20.785915,15.971732,14.480002,12.841183,10.442255
33,26.998806,26.142473,23.93463,20.516886,21.004854,18.855358,19.09147,18.269531,16.092323,19.409103,16.415781,21.088167,16.897799,13.254542,15.510542,12.290298,12.886779,14.025479,14.724029,17.169594,17.693182,21.360449,23.34152,19.43733,18.689758,17.147238,11.994879,11.802585,10.0824175,7.0730944,6.262818,8.341526,5.916094,0.0,5.445302,7.8538895,7.5120635,10.714944,12.440332,14.028586,18.750648,16.308208,21.489243,21.777897,24.743095,27.597404,26.748116,32.53403,33.160328,30.08814,31.124361,36.47309,36.114765,33.215126,37.610073,34.94729,34.235596,35.869884,39.705566,37.671448,32.992435,38.23346,37.662643,34.68591,37.109997,31.132769,33.70373,34.070293,28.85679,29.280237,28.193378,25.64234,22.823835,20.81751,17.500843,17.153831,21.043633,20.197483,16.217562,19.207111,21.293549,24.189877,22.873781,19.215397,21.36715,26.080431,20.927706,19.423561,23.905893,25.149736,22.317915,23.559258,28.48822,27.721994,28.833698,33.301273,32.12517,31.420473,26.86842,31.19408,31.585764,27.060434,23.904848,28.116098,30.805794,28.29551,25.21805,25.64491,20.361362,19.647068,18.114824,16.234146
34,27.670578,25.995314,23.79185,19.949705,19.46787,17.26101,16.342716,15.494399,12.178842,15.60852,12.054426,16.653593,13.6918545,10.084005,13.101913,8.981979,11.160471,11.524286,14.413595,15.745786,17.68784,21.340023,23.910067,21.084713,20.75148,19.913382,14.811234,12.6493025,11.295463,10.154,7.6895094,6.6327696,7.317702,5.445302,0.0,3.8829255,5.165362,8.34607,8.003261,8.998712,13.52265,10.898087,16.227535,16.61297,19.857172,23.057789,22.45254,27.987663,28.960993,26.559372,27.429787,32.238914,32.51228,30.125412,34.118824,31.615143,30.172344,31.94676,35.416492,33.601013,28.551764,33.538273,32.806557,29.928415,31.974949,26.075167,28.605528,28.797949,23.64675,23.866573,22.752232,20.238081,17.46701,15.622834,12.292935,12.387154,16.363247,15.517207,12.01959,15.507233,17.820477,21.083311,18.916609,15.513643,18.401731,22.306358,16.781223,16.314444,20.796246,21.453495,18.811417,20.992136,25.327461,24.454893,26.48665,30.778137,30.017761,29.431139,24.964828,29.763494,30.214342,25.627064,22.809656,27.48014,30.292305,27.810852,24.5353,24.937557,19.030687,19.09079,16.605762,15.748034
35,29.830597,27.906046,26.26009,22.016392,21.340286,19.733562,18.097431,18.014631,14.102795,17.802565,13.862697,17.812525,16.153841,12.82566,16.27778,11.741056,14.197173,13.398315,17.057112,17.120735,19.112284,22.64653,24.788588,22.366537,21.580235,21.131195,16.030598,13.65864,11.370378,11.221389,10.535206,7.393727,6.7655735,7.8538895,3.8829255,0.0,4.684072,7.767869,7.140429,8.783498,12.3767185,10.451887,16.252398,16.429476,20.583538,23.741247,23.847248,28.748426,30.328697,28.458149,28.814648,33.268814,34.26744,32.07017,35.507847,32.97957,30.908716,32.494904,35.708252,33.56223,28.534803,33.39046,32.16121,29.132528,30.803524,24.9333,26.836956,26.851078,21.748537,22.170263,21.65119,18.707088,15.960785,13.233972,10.37851,9.333285,13.501407,13.405871,9.413054,12.104686,14.99545,18.56709,16.686644,13.799091,16.918505,20.923353,16.028822,16.090578,20.328125,21.055033,19.137276,21.364548,25.078472,25.013752,27.579561,31.262123,30.270456,29.241554,24.328724,29.257885,30.394575,26.139652,22.780546,27.254452,29.819342,26.919415,23.80408,23.331667,17.63115,17.313051,14.22645,13.301828
