,0,1,2,3,4,5,6,7,8,9,10,11,12,13,14,15,16,17,18,19,20,21,22,23,24,25,26,27,28,29,30,31,32,33,34,35,36,37,38,39,40,41,42,43,44,45,46,47,48,49,50,51,52,53,54,55,56,57,58,59,60,61,62,63,64,65,66,67,68,69,70,71,72,73,74,75,76,77,78,79,80,81,82,83,84,85,86,87,88,89,90,91,92,93,94,95,96,97,98,99,100,101,102,103,104,105,106,107,108
0,0.0,4.385326,6.1400185,9.423021,12.596766,13.908763,18.030218,21.137362,24.530378,28.216303,32.59069,33.64217,36.3349,38.75125,34.95753,30.225092,29.297018,24.508047,22.506538,18.835638,16.782734,16.28768,11.9547205,12.275246,11.567196,16.083601,15.988405,16.948246,17.40069,22.581678,21.771341,29.678268,29.018402,34.205826,34.281776,37.727055,38.367268,36.241707,36.983063,33.867332,34.207108,27.441423,28.007599,22.881025,25.273708,21.138378,22.348225,23.199558,26.197397,30.009748,30.492926,33.501724,37.39333,38.106792,37.49383,34.526905,35.284336,36.67542,42.219875,38.90791,35.578575,35.11695,32.299145,32.327156,31.37783,31.791483,28.895937,26.480396,22.427443,23.935556,23.613491,27.495962,27.811598,31.94236,31.570587,36.78282,37.54769,41.280014,40.714455,42.971996,42.123417,38.67111,34.627415,31.741081,27.759848,27.464243,22.168982,20.508663,16.246418,15.401234,11.974987,13.434871,14.024556,16.52096,19.822346,18.083906,24.43159,22.11601,28.711748,27.262348,31.945948,34.76527,32.186325,29.009743,27.06225,22.68435,20.758934,17.503405,15.261564
1,4.385326,0.0,5.293928,6.597314,9.574976,11.678423,15.056308,18.857168,21.644985,25.911812,29.59839,31.164005,33.54774,35.73991,32.271458,27.243704,26.851446,21.772263,20.658113,17.036108,15.396162,16.030058,12.155455,10.769866,11.538282,15.250124,14.703316,14.560253,14.107777,19.41433,17.840075,25.784807,24.77698,30.129574,30.08292,33.51946,34.214188,32.208206,33.098095,30.059536,30.594954,23.87929,24.866459,19.605774,22.786915,19.182117,21.219606,22.122684,24.383171,28.64048,28.48637,31.46434,35.380543,35.894398,34.82496,31.681404,32.49847,33.54886,39.136715,35.941387,32.519485,32.66078,30.113848,30.542835,30.012945,30.682026,28.352442,26.259743,22.181412,22.833485,21.596626,25.365944,25.024588,29.22938,28.33446,33.70344,34.05694,37.75073,37.049305,39.424038,38.397045,34.903522,30.853262,27.876083,24.07209,23.348888,18.346128,16.304081,12.133046,11.266201,7.825475,10.071203,10.704661,12.443834,15.7067175,13.811215,20.18941,17.992834,24.48505,23.342949,28.023216,30.961298,28.66408,25.4074,24.145391,19.306414,17.919827,14.66094,13.161513
2,6.1400185,5.293928,0.0,5.0778933,7.1424103,9.200622,12.325169,15.665955,19.114836,22.686485,27.246645,27.991566,30.777924,33.044422,29.06924,24.465244,23.392807,18.55871,16.625954,12.7251835,11.021695,10.919798,6.8644085,6.486548,7.805108,11.372676,12.770964,13.260947,12.903446,18.370857,17.964006,25.578487,25.208916,29.979631,30.01885,33.53338,33.885624,31.473755,31.955477,28.711073,29.038713,22.107555,22.505478,17.421917,19.639235,15.891709,16.819437,18.620018,21.185644,25.233963,24.982147,28.60175,32.14534,32.403336,32.067467,29.199028,29.535631,30.987959,36.422634,32.962944,29.705063,29.021172,26.233526,26.22428,25.51867,25.87603,23.268429,21.185024,16.984379,18.048548,17.496948,21.36175,21.806063,25.904728,25.802982,30.899414,32.00923,35.734425,35.40326,37.672237,37.14048,33.99003,29.675169,27.16846,22.716743,23.278696,17.345757,16.545986,12.212411,12.261185,10.029681,12.3170185,14.5949745,16.033266,19.206772,16.641048,22.79426,19.544687,25.928661,24.082775,28.444946,31.130163,28.883398,25.772064,24.042877,19.106375,18.035728,14.012522,13.193141
3,9.423021,6.597314,5.0778933,0.0,4.1044555,5.21631,9.1189,12.278152,15.211827,19.330194,23.227041,24.630434,27.092087,29.50255,25.975191,21.072903,20.496511,15.766799,14.398612,11.469505,9.522526,11.496398,9.335512,8.00251,11.677772,13.8580475,15.323415,14.381802,12.103832,17.83118,15.951931,23.410875,21.967134,27.125988,26.410505,30.08381,30.10183,27.696579,28.724129,25.433388,26.629171,19.45076,20.813194,15.421435,19.036451,16.566002,17.930305,20.543139,22.022339,26.574102,25.065771,29.107862,32.369022,31.910887,31.281158,28.255238,28.155506,29.007942,34.31598,30.640207,27.364376,27.285965,25.097912,25.209745,25.593193,25.367374,23.504684,22.5638,17.936367,17.33485,16.47463,19.639975,19.510704,23.401958,22.75015,27.924036,28.44937,32.259182,31.543985,33.630512,32.83687,29.4439,25.420782,22.637812,18.547567,18.898178,13.237579,12.807226,8.767711,10.182108,8.766105,12.513971,14.320226,13.898639,16.419697,13.037889,18.77747,14.871703,21.325113,19.115372,23.499048,26.150064,23.817831,20.702065,19.112074,14.057609,13.159752,9.12665,9.012207
4,12.596766,9.574976,7.1424103,4.1044555,0.0,5.5426726,5.511367,10.201046,12.627495,16.998203,20.666866,21.974072,24.37673,26.367012,22.755688,17.784552,17.40398,12.1979475,11.794588,8.404836,7.823993,10.511992,9.207574,6.0877266,10.9924755,11.6895,13.537444,11.986005,8.941745,14.5387335,13.075102,20.11708,19.18585,23.86249,23.405596,27.029383,27.038021,24.493704,25.147095,21.825947,22.752964,15.562417,16.74283,11.387132,15.05241,13.09794,14.796416,17.631844,18.499378,23.20825,21.217007,25.395224,28.510206,27.910738,27.226505,24.217857,24.054007,24.937346,30.277632,26.69795,23.38415,23.407333,21.2197,21.649555,22.091597,22.376202,20.972765,20.06627,15.84576,14.771987,12.795896,16.092197,15.617645,19.695591,19.015959,24.25506,24.987638,28.733953,28.28925,30.605701,30.043415,26.98917,22.55618,20.17753,15.593292,16.502071,10.299486,10.390505,6.5368347,8.568747,8.720103,12.178848,15.008488,14.273742,16.626978,13.237078,18.461248,14.417794,20.216911,18.19725,22.168917,24.792856,23.07891,20.029655,19.238064,13.550125,13.994508,9.697423,11.369857
5,13.908763,11.678423,9.200622,5.21631,5.5426726,0.0,7.125946,7.6381097,11.098244,14.613771,18.980423,20.094757,22.710058,25.59198,22.025663,17.47641,16.477573,12.726058,10.444966,9.238766,6.4242725,9.812821,10.088953,10.017301,14.70145,15.804224,18.629734,17.464952,14.307545,19.727468,17.715837,24.25257,22.326656,27.172209,25.709774,29.513449,28.807323,26.075773,27.347063,23.8885,25.850422,18.514252,20.228357,15.130707,18.800182,17.52544,17.85074,21.900059,22.809055,27.318771,24.74024,29.66056,32.216763,30.830149,30.753708,27.95894,26.891525,27.52711,32.381306,28.178268,25.179628,24.722496,22.998344,22.543127,23.937626,22.404291,20.934969,21.3657,16.242409,14.286877,14.594948,16.699379,17.09699,20.337624,20.110493,24.847471,25.54658,29.449793,28.640646,30.239456,29.664547,26.324633,22.614252,20.02976,15.949541,17.510769,11.753878,13.299092,10.320168,13.222552,13.019161,16.992376,18.937986,17.47981,19.280733,15.210156,19.84762,14.724292,20.736908,17.354937,21.270147,23.454735,20.862291,18.07169,15.658042,11.138553,10.342989,5.9503574,7.212046
6,18.030218,15.056308,12.325169,9.1189,5.511367,7.125946,0.0,6.4294477,7.718627,12.245115,15.56914,16.797169,19.096804,20.901707,17.289173,12.290563,12.11803,6.7934856,7.846329,5.895819,6.9881845,10.999624,11.969315,9.124895,14.516159,13.420352,16.140148,13.975788,9.83822,14.2472315,12.819239,18.208899,17.185516,21.110641,20.202156,23.851437,23.27413,20.376984,20.935528,17.456219,18.900118,11.5795555,13.148979,8.234391,12.313658,12.442716,13.687227,17.668783,17.258768,22.001982,18.528578,23.444933,25.804956,24.249296,23.801678,20.967888,19.912916,20.481247,25.509705,21.604404,18.412062,18.504501,16.853067,17.325823,18.85248,18.6991,18.317997,18.611664,14.663214,11.824211,9.103595,11.377614,10.529368,14.357825,13.729653,18.83989,19.760073,23.54251,23.231195,25.455086,25.212954,22.515146,17.90228,16.091713,11.026438,13.472063,6.909265,9.481111,7.6972575,10.977006,12.770095,16.011236,19.096823,17.36698,18.92833,15.251441,18.99921,14.28502,18.856478,16.349417,19.452839,21.699728,20.527786,17.844017,17.5681,11.888529,13.793466,9.847507,13.282615
7,21.137362,18.857168,15.665955,12.278152,10.201046,7.6381097,6.4294477,0.0,4.8050594,7.0913844,12.261226,12.551996,15.444086,18.46149,14.626205,10.703225,9.052986,7.0240717,4.4664063,7.2145247,6.351473,10.728505,13.74762,13.458853,18.67333,17.808146,21.67998,20.082098,16.231718,20.376009,18.886208,23.387844,21.654243,25.258696,23.328894,27.009014,25.466595,22.280607,23.32037,19.794455,22.303778,15.435099,17.181112,13.389337,16.45588,17.294214,16.63053,21.98996,21.65932,25.893238,21.765398,27.553347,29.004248,26.381037,26.973536,24.646467,22.30005,22.671824,26.771915,22.054506,19.5268,18.586693,17.642822,16.725191,19.619999,16.910522,16.75142,19.025137,14.345495,9.949997,10.755486,10.7553835,11.679792,13.777624,14.342986,18.255768,19.565214,23.426542,22.896694,24.094093,24.18617,21.500051,17.795515,16.263899,11.873639,15.775047,10.403558,14.431982,13.300817,16.966433,18.304518,21.955982,24.593815,22.456078,23.62425,19.43188,22.463501,16.800064,21.016733,16.989563,19.446138,20.86845,18.979252,16.937576,14.954198,11.111466,12.408591,9.201391,12.653412
8,24.530378,21.644985,19.114836,15.211827,12.627495,11.098244,7.718627,4.8050594,0.0,5.7259192,8.133029,9.911023,11.907179,14.538556,11.512986,6.85643,7.077819,5.7223907,7.3152437,10.22622,10.737181,15.137425,17.900072,16.459803,21.838085,20.381804,23.60752,21.25484,16.73037,19.986507,17.828705,20.99749,18.718258,21.915483,19.418724,23.026402,21.10398,17.87924,19.240496,15.799715,19.122938,12.783318,15.412282,12.369756,16.235035,18.39297,18.577093,23.559439,22.199121,26.552174,21.565346,27.14731,28.290499,25.17663,25.232807,22.882168,20.253195,19.842863,23.64731,18.976463,16.49814,16.7188,16.71422,16.50886,20.242119,18.006763,19.023514,21.611568,17.699755,12.706471,11.711775,10.548405,9.803876,11.242466,10.693077,14.601505,15.130303,19.029835,18.227695,19.462013,19.418613,16.778908,13.017613,11.735524,7.5257716,12.187639,8.137354,13.022919,13.41983,17.323635,19.478554,23.048714,25.563488,22.641481,23.158213,19.08054,20.824327,15.294962,18.12001,14.201312,15.789987,17.000872,15.908295,14.170689,13.683801,9.811828,12.754493,10.624814,14.984154
9,28.216303,25.911812,22.686485,19.330194,16.998203,14.613771,12.245115,7.0913844,5.7259192,0.0,7.0808635,5.6456738,8.930526,12.580956,8.891929,7.209736,4.759552,8.228604,7.3921537,12.218912,12.508703,16.070816,19.984592,19.785498,24.883478,23.153543,27.306702,25.480839,21.418493,24.392048,23.058718,25.575956,23.747028,26.111378,23.544878,26.861942,24.39798,21.021954,22.053741,18.829695,22.088427,16.648607,18.460392,16.497627,18.778288,21.278606,19.993681,25.803486,24.497747,28.201342,22.89917,29.05868,29.329575,25.441753,26.652393,24.950195,21.33275,21.135763,23.899576,18.719063,17.136812,15.841285,16.352034,14.859234,19.502645,15.342979,16.873524,20.952795,17.250769,11.58653,12.946862,10.038932,11.289239,10.742294,12.208305,14.1186,15.837581,19.383545,18.966114,19.244316,20.070522,18.21861,15.33731,15.159402,11.862557,17.168427,13.770931,18.702454,18.900728,22.709381,24.6706,28.175587,30.89633,28.227295,28.831001,24.678833,26.327158,20.667849,23.086456,18.734665,19.481388,19.822292,18.627773,17.712002,16.130995,14.154486,16.328306,14.63514,18.375088
10,32.59069,29.59839,27.246645,23.227041,20.666866,18.980423,15.56914,12.261226,8.133029,7.0808635,0.0,5.4433203,4.6476903,7.7481856,7.3092213,5.946876,7.888279,11.111804,13.49082,17.431076,18.31403,22.35123,25.690723,24.321932,29.629595,27.608517,30.816431,28.161272,23.475178,25.491533,23.189857,23.936584,21.211222,22.901943,19.36793,22.329372,19.167536,15.991253,17.782732,15.09931,19.669626,15.760191,18.654213,17.679281,20.911985,24.502413,24.45551,29.509989,27.178799,31.03116,25.005516,30.516691,30.513103,26.192719,26.425127,24.713434,20.99082,19.465626,21.441751,16.651337,15.432502,16.335136,18.233305,17.97341,23.136875,20.117033,22.644663,26.508038,23.449015,17.793432,17.039848,13.769648,12.617219,10.932342,10.17196,11.05782,10.6540575,14.017267,12.753334,12.569573,13.090034,11.378701,9.3666115,10.106661,9.070576,14.175921,13.686215,18.593306,20.346313,24.180841,26.804474,30.228884,32.564873,28.983225,28.728804,24.88486,24.781855,19.716873,19.982862,16.069979,15.119796,14.728849,14.918156,14.858502,15.428109,14.154891,17.641256,17.216831,21.547884
11,33.64217,31.164005,27.991566,24.630434,21.974072,20.094757,16.797169,12.551996,9.911023,5.6456738,5.4433203,0.0,3.9755056,7.7279,4.8301387,6.890184,5.73224,11.277793,12.151323,16.755882,17.774918,21.066658,25.106834,24.5341,29.552896,27.217695,31.260689,29.18831,25.046448,27.040646,25.879938,26.780424,25.105051,26.296057,23.500437,26.312496,23.2922,19.957952,20.766256,18.065952,21.610136,17.813013,19.52578,19.037756,20.744349,24.310564,23.02559,28.677488,26.581219,29.846783,23.842304,29.865858,29.272654,24.570124,26.002953,24.83231,20.476665,19.704405,21.16019,15.936109,15.341561,14.210961,16.085009,14.70115,20.25045,16.00047,18.851984,23.536106,20.869251,15.117703,15.794815,11.636643,12.332533,9.618726,11.390406,10.957427,12.926616,15.846782,15.703787,15.251909,16.891224,16.192081,14.074945,15.303741,13.198969,18.812067,16.940023,21.977732,22.999504,26.733423,29.160345,32.439938,35.26547,32.309372,32.556786,28.610756,29.333397,24.039001,25.0544,21.044216,20.495575,20.100607,19.916187,19.779911,19.188257,17.955338,20.747482,19.646902,23.614119
12,36.3349,33.54774,30.777924,27.092087,24.37673,22.710058,19.096804,15.444086,11.907179,8.930526,4.6476903,3.9755056,0.0,4.769523,5.289743,7.8458652,8.738814,13.606804,15.590285,19.892696,21.060892,24.625677,28.425825,27.368439,32.499935,30.071314,33.671947,31.21973,26.803478,28.346857,26.727814,26.70609,24.616573,25.355612,22.090656,24.593248,21.175076,18.046227,19.194712,16.944042,21.096672,18.2905,20.47495,20.480106,22.61777,26.645132,25.947826,31.223211,28.656548,31.966965,25.654497,31.286358,30.518255,25.600548,26.525045,25.407248,21.017977,19.507347,20.309404,15.416268,15.206421,15.320932,17.917904,17.205053,22.864815,19.253557,22.45552,26.978174,24.544447,18.816105,18.613094,14.478011,14.042198,10.88771,11.43522,9.985009,10.702719,13.211576,12.65198,11.570059,13.332519,13.127533,11.903652,13.801727,13.038576,18.277452,17.82801,22.749247,24.450567,28.17877,30.880394,34.130016,36.746838,33.35918,33.186268,29.408571,29.26881,24.32688,24.256554,20.539942,19.090662,18.21314,18.765255,19.145779,19.490469,18.725466,21.982996,21.471142,25.65458
13,38.75125,35.73991,33.044422,29.50255,26.367012,25.59198,20.901707,18.46149,14.538556,12.580956,7.7481856,7.7279,4.769523,0.0,5.288822,8.648114,10.704501,14.883362,18.162823,21.81233,23.711836,27.195087,30.759304,29.021755,33.999233,31.055214,34.259007,31.569996,27.247557,27.818707,26.542313,25.136372,23.622139,23.185036,20.266409,22.196846,18.720308,15.73667,16.211441,14.57113,18.433622,17.274683,19.177147,20.379087,22.055655,26.745693,26.484352,31.18869,27.966143,30.987318,24.377403,29.476166,28.28459,23.134754,23.733967,22.93399,18.412035,16.360096,16.285732,11.822628,12.272938,13.401439,16.752188,16.899395,22.470121,20.073273,23.84669,27.968275,26.350712,20.865845,19.395342,15.204896,13.821771,10.013264,9.983077,6.6300244,7.2505927,8.923502,9.149795,8.413005,11.133935,12.39882,10.937759,14.034284,13.625962,18.590328,18.905209,23.493517,25.69114,29.104965,32.202118,35.036022,37.84643,34.4781,34.179394,30.792284,30.222343,25.909332,24.976282,22.176523,20.229956,19.385044,21.003212,21.394146,22.900267,21.496595,25.269924,24.57267,29.00408
14,34.95753,32.271458,29.06924,25.975191,22.755688,22.025663,17.289173,14.626205,11.512986,8.891929,7.3092213,4.8301387,5.289743,5.288822,0.0,5.603828,5.9303145,10.815623,13.483864,17.199507,19.243374,22.375605,26.136614,24.764627,29.587849,26.591068,30.307882,28.04549,24.062271,25.059591,24.493568,24.204557,23.367422,23.503017,21.303854,23.72319,20.85517,17.502464,17.42668,15.0013895,17.944157,15.353101,16.549358,17.330093,18.323711,22.66455,21.743597,26.876505,24.091448,27.07062,20.679626,26.383005,25.39517,20.431562,21.75006,20.858223,16.231361,15.268055,16.358376,11.134177,10.860494,10.073827,12.706472,12.188293,17.843252,15.006385,18.607107,22.78691,21.12232,15.666639,14.672001,10.21326,9.934519,6.013723,8.137095,6.3715854,9.580277,12.1950245,12.995666,13.334659,15.577337,15.836498,12.938577,15.137678,12.782788,18.46077,16.912148,21.696928,23.113407,26.501087,29.355122,32.151287,35.315384,32.521408,32.777588,29.208855,29.746489,25.00802,25.426704,22.298553,21.485456,21.29919,22.063496,21.773947,22.353241,20.164812,23.551722,22.057142,26.320969
15,30.225092,27.243704,24.465244,21.072903,17.784552,17.47641,12.290563,10.703225,6.85643,7.209736,5.946876,6.890184,7.8458652,8.648114,5.603828,0.0,4.4730887,6.3685126,10.554535,13.540401,15.606167,19.340584,22.459332,20.440792,25.512737,22.854792,26.045424,23.45576,19.095732,20.552778,19.317778,19.90859,18.597862,19.770336,17.51033,20.491098,18.083351,14.607592,15.039975,11.9202385,15.235794,10.9413,13.072466,12.645363,15.127509,19.081617,19.168694,23.959974,21.362955,25.133162,19.068104,24.598698,24.699894,20.643148,20.882751,19.112186,15.478053,14.50378,17.388487,12.509235,10.568127,11.267894,12.665779,13.063235,17.802483,16.124193,18.746187,21.852251,19.45476,14.129025,11.819463,8.65059,6.7102513,5.5624976,5.1379724,7.7872543,9.230112,12.932298,12.96812,14.4220705,15.419139,14.326058,10.161009,11.23514,7.6273193,13.425582,11.309796,16.119385,17.593328,21.043829,23.94061,26.834978,29.830076,26.925018,27.191294,23.633274,24.39347,19.671303,20.577162,17.61279,17.56568,18.129997,18.675362,17.717289,18.716211,15.436183,19.100023,17.34179,21.80224
16,29.297018,26.851446,23.392807,20.496511,17.40398,16.477573,12.11803,9.052986,7.077819,4.759552,7.888279,5.73224,8.738814,10.704501,5.9303145,4.4730887,0.0,5.9748464,7.5623336,11.509875,13.3243265,16.526217,20.301765,19.291142,24.183811,21.592274,25.663973,23.73804,19.88837,21.916983,21.444666,22.989351,22.177643,23.587986,21.728245,24.766079,22.513905,19.031178,19.150513,15.999945,18.49149,13.712917,14.803531,13.978974,15.280559,18.60955,17.388351,22.97891,21.04437,24.483124,18.75992,24.906666,24.836813,20.750874,22.087986,20.613783,16.728542,16.720186,19.477936,14.300343,12.715226,11.101244,11.767661,10.712727,15.6373825,12.497495,14.900189,18.699358,16.074167,10.45093,10.084423,6.2065625,7.262556,6.089858,8.579426,10.322954,13.160937,16.555887,16.955679,17.909258,19.274836,18.224253,14.483968,15.207187,11.260566,16.98803,13.519277,18.344397,18.829142,22.283812,24.71106,27.679903,30.9108,28.541218,29.27208,25.479357,27.11081,21.957378,23.888594,20.391062,20.888407,21.42094,21.169449,20.126524,19.751513,16.757023,19.583338,17.357483,21.370476
17,24.508047,21.772263,18.55871,15.766799,12.1979475,12.726058,6.7934856,7.0240717,5.7223907,8.228604,11.111804,11.277793,13.606804,14.883362,10.815623,6.3685126,5.9748464,0.0,6.0753403,7.389483,10.053869,13.642174,16.33376,14.139857,19.162395,16.62186,20.100853,17.911596,13.924605,16.313679,15.845889,18.492859,18.041086,20.215807,19.085056,22.405857,21.052265,17.712313,17.67003,14.186924,15.891443,9.564588,10.738809,8.431032,10.838997,13.571947,13.618074,18.555916,16.815655,20.980448,15.8709755,21.613136,22.692387,19.802412,20.109173,17.874926,15.318277,15.68868,19.98222,15.521834,12.735225,12.282035,11.470169,11.811029,14.926441,14.142084,15.361313,17.20927,14.302465,9.703286,6.438107,5.734224,4.6983495,7.682538,8.154437,12.551231,14.529225,18.199898,18.48091,20.514149,21.124815,19.406347,14.658515,14.381699,9.150427,13.97724,8.985576,13.254478,13.313319,16.513195,19.025051,21.786762,25.181807,23.14064,24.191206,20.63193,22.982203,18.202982,20.945097,18.190092,19.751888,21.214085,20.913424,19.028654,19.230146,14.574948,17.48492,14.422687,18.466818
18,22.506538,20.658113,16.625954,14.398612,11.794588,10.444966,7.846329,4.4664063,7.3152437,7.3921537,13.49082,12.151323,15.590285,18.162823,13.483864,10.554535,7.5623336,6.0753403,0.0,5.1445384,5.916286,9.082267,12.980214,13.031272,17.82017,16.130365,20.798523,19.688108,16.505892,20.062971,19.93579,23.915443,23.320938,26.086008,24.824974,28.282715,26.82098,23.476547,23.695393,20.211515,21.85532,15.406268,15.979645,13.035676,14.321491,15.319635,13.467524,19.431,19.136227,22.878685,18.752298,24.913801,25.970316,23.2512,24.610888,22.67208,20.017311,21.023031,24.956253,20.193373,17.892199,15.739025,14.313567,12.829672,15.517061,12.550652,12.338661,14.9054575,10.579182,5.6120496,7.5265527,7.305939,9.861303,11.812965,13.766513,17.155102,19.65653,23.30437,23.478397,24.801998,25.535772,23.543907,19.480991,18.764416,13.927775,18.488611,12.868518,16.828608,15.529415,18.734816,20.190884,23.286024,26.560947,25.08302,26.592505,22.665888,25.94756,20.581408,24.531286,20.883413,22.99843,24.2946,22.866777,20.986444,19.249908,15.448343,16.846905,13.422775,16.478434
19,18.835638,17.036108,12.7251835,11.469505,8.404836,9.238766,5.895819,7.2145247,10.22622,12.218912,17.431076,16.755882,19.892696,21.81233,17.199507,13.540401,11.509875,7.389483,5.1445384,0.0,4.144513,6.578969,9.102431,8.116416,12.842456,11.0566225,15.704276,14.900498,12.386543,16.276567,16.933874,21.827358,22.05343,25.047823,24.698101,28.124798,27.425625,24.287115,24.081734,20.624847,21.199326,14.444683,14.287715,10.589325,11.458568,10.947015,9.61815,15.039965,15.431101,19.44331,16.404783,22.040827,23.945251,22.360107,23.243704,20.994036,19.45746,21.000502,25.702768,21.566055,18.780163,16.96346,14.503366,13.902411,14.709809,13.998792,12.782365,13.012741,8.784573,6.5163226,5.750383,8.762249,10.456152,13.915448,15.262523,19.49323,21.8832,25.488108,25.853397,27.851398,28.352222,26.247696,21.611908,20.574377,15.288018,18.829193,12.429181,15.096931,12.881949,15.314646,16.50566,19.095125,22.763926,22.127403,24.18258,20.682177,24.833717,20.100786,24.661556,21.852026,24.630375,26.506475,25.208788,22.818455,21.59295,16.719526,17.923708,13.774437,16.335888
20,16.782734,15.396162,11.021695,9.522526,7.823993,6.4242725,6.9881845,6.351473,10.737181,12.508703,18.31403,17.774918,21.060892,23.711836,19.243374,15.606167,13.3243265,10.053869,5.916286,4.144513,0.0,4.6158214,7.5226564,8.561548,13.168342,12.880932,17.439007,16.97419,14.526632,19.21521,19.074835,24.726845,24.161774,27.849823,26.991077,30.609749,29.753376,26.655703,27.023851,23.497162,24.678268,17.633194,18.085484,13.877254,15.492019,14.367784,12.905746,18.125807,19.169127,23.11856,20.483213,26.028374,28.032679,26.436552,27.369497,25.0628,23.482355,24.816418,29.40774,25.042898,22.336441,20.52523,18.321926,17.20937,18.252485,16.372978,14.550989,15.180829,9.961584,8.09164,9.788515,12.020356,13.940663,16.98479,18.202402,22.365595,24.394478,28.153753,28.106758,29.725883,29.973701,27.422293,23.252611,21.691933,16.797043,19.9818,13.626682,16.170004,13.452711,16.082338,16.491112,19.608583,22.701574,22.0138,24.107271,20.309038,24.783073,19.692743,24.9239,21.560648,24.723135,26.56058,24.53464,22.106596,19.839283,15.531493,15.690252,11.50836,13.258594
21,16.28768,16.030058,10.919798,11.496398,10.511992,9.812821,10.999624,10.728505,15.137425,16.070816,22.35123,21.066658,24.625677,27.195087,22.375605,19.340584,16.526217,13.642174,9.082267,6.578969,4.6158214,0.0,4.931078,8.513393,11.456107,11.552815,16.846773,17.534311,16.41343,20.915318,21.837849,27.658716,27.826004,31.271862,30.92932,34.442455,33.7906,30.684273,30.642605,27.172688,27.6693,20.908506,20.496595,16.673227,16.826178,14.619207,11.882877,17.012068,19.115196,22.39626,20.864447,26.253017,28.288876,27.200405,28.701036,26.664051,25.30327,27.236834,31.780825,27.570723,25.018593,22.390272,19.60432,18.050047,17.915714,16.146433,13.105101,12.718538,7.2875543,8.256016,11.290102,14.049082,16.799257,19.782417,21.657774,25.51751,28.122683,31.75076,32.03412,33.68674,34.18704,31.840908,27.571741,26.196287,21.173204,24.355192,17.870272,19.919579,16.733107,18.616045,18.446426,20.952797,24.268381,24.55385,27.090876,23.599922,28.590475,23.78745,29.260502,26.057825,29.32219,31.173216,29.06659,26.631065,24.042017,19.953512,19.620884,15.430262,16.205315
22,11.9547205,12.155455,6.8644085,9.335512,9.207574,10.088953,11.969315,13.74762,17.900072,19.984592,25.690723,25.106834,28.425825,30.759304,26.136614,22.459332,20.301765,16.33376,12.980214,9.102431,7.5226564,4.931078,0.0,5.714433,7.2774167,9.13939,13.55643,14.831482,14.681372,19.516087,20.550196,27.184072,27.574547,31.423235,31.543951,35.026775,34.9219,32.074505,32.01518,28.63045,28.680635,21.871887,21.384409,17.078518,17.50065,13.9480095,12.477735,15.9143915,18.81594,22.223791,21.836184,26.335293,29.14894,28.981339,29.831537,27.501335,27.068007,29.079,34.094643,30.317007,27.440636,25.430605,22.34126,21.49951,20.495193,20.162857,16.981157,14.975386,10.499917,12.605448,13.732599,17.45174,19.313196,22.958029,24.14544,28.570276,30.764511,34.41248,34.602,36.63207,36.79545,34.193466,29.722708,27.950964,22.943394,25.117805,18.588102,19.377052,15.525438,16.449892,15.478698,17.493567,20.710043,21.878006,24.845438,21.85045,27.490498,23.38257,29.309883,26.749084,30.525522,32.78194,30.65438,27.87772,25.628635,21.023808,20.367727,16.0246,16.036201
23,12.275246,10.769866,6.486548,8.00251,6.0877266,10.017301,9.124895,13.458853,16.459803,19.785498,24.321932,24.5341,27.368439,29.021755,24.764627,20.440792,19.291142,14.139857,13.031272,8.116416,8.561548,8.513393,5.714433,0.0,5.4175987,5.9591765,9.179769,9.41622,9.011807,13.900319,15.049587,21.75726,22.547178,26.30267,26.907948,30.244144,30.583391,27.959887,27.688086,24.463963,24.071033,17.43198,16.937565,12.398472,13.421998,9.632551,10.522332,12.770081,14.958927,19.084791,18.527388,22.421665,25.752665,25.976925,25.87602,23.190025,23.460615,25.277643,30.68002,27.404675,24.208277,23.216766,20.149044,20.435385,19.32303,20.622587,18.38778,15.9082985,12.457999,13.574788,11.693148,16.064892,16.534765,20.796024,21.100935,26.022606,27.759922,31.298883,31.525103,34.065525,34.020615,31.493334,26.656956,24.898903,19.821121,21.351006,14.953096,14.91903,11.124916,11.490865,11.191001,12.827706,16.683287,17.774763,20.755463,18.16136,23.675476,20.21815,25.724792,24.04398,27.781666,30.335989,28.866222,25.907999,24.974403,19.435825,19.782331,15.359656,16.39831
24,11.567196,11.538282,7.805108,11.677772,10.9924755,14.70145,14.516159,18.67333,21.838085,24.883478,29.629595,29.552896,32.499935,33.999233,29.587849,25.512737,24.183811,19.162395,17.82017,12.842456,13.168342,11.456107,7.2774167,5.4175987,0.0,4.8981113,6.972087,9.5913105,11.831865,15.748934,18.058167,24.730438,26.332468,29.830801,31.117435,34.232822,34.993603,32.532215,31.892313,28.855635,27.68109,21.643538,20.409546,16.49164,16.20502,11.133092,11.763572,11.889251,15.568161,18.795462,20.121809,22.99115,26.733418,27.982388,27.975193,25.485468,26.452145,28.738586,34.175274,31.321894,28.191978,26.884752,23.373716,23.676832,21.332336,23.455126,20.564049,16.652723,14.27407,17.154827,15.606664,20.25358,20.9917,25.25867,25.798313,30.584723,32.577732,35.965427,36.424416,39.13244,39.161674,36.736103,31.78952,30.085241,25.01734,26.224777,20.02494,19.268847,15.340946,14.466481,13.27598,13.392405,17.243656,19.876003,23.305191,21.470747,27.366945,24.61206,30.222675,28.966312,32.859093,35.53293,34.04724,31.006346,29.994152,24.519941,24.479473,20.12919,20.371946
25,16.083601,15.250124,11.372676,13.8580475,11.6895,15.804224,13.420352,17.808146,20.381804,23.153543,27.608517,27.217695,30.071314,31.055214,26.591068,22.854792,21.592274,16.62186,16.130365,11.0566225,12.880932,11.552815,9.13939,5.9591765,4.8981113,0.0,6.0383425,8.102267,10.265942,13.034032,16.540325,22.122719,24.529198,27.15952,28.817568,31.728844,32.45404,29.900543,28.716297,25.78822,24.059565,18.544283,16.546795,13.484978,11.837221,6.6022325,7.278453,7.340252,10.809244,14.125551,15.2567625,18.31118,21.882751,23.133429,23.290956,20.987885,21.937452,24.498888,29.829588,27.205008,24.186594,22.707283,19.027452,19.671162,16.921392,20.027609,17.636368,13.414519,12.12044,14.838728,12.094079,16.89048,17.538355,21.751776,22.549917,27.052868,29.44151,32.605644,33.46128,36.325897,36.686264,34.74169,29.554996,28.417091,23.132978,24.919775,18.77521,18.555193,15.319079,14.773809,14.869374,14.853455,19.344019,21.366259,24.490295,22.588442,27.883936,25.020203,29.917027,28.781658,32.1718,34.702576,33.760597,30.881815,30.419817,24.720013,25.521276,21.105013,22.353775
26,15.988405,14.703316,12.770964,15.323415,13.537444,18.629734,16.140148,21.67998,23.60752,27.306702,30.816431,31.260689,33.671947,34.259007,30.307882,26.045424,25.663973,20.100853,20.798523,15.704276,17.439007,16.846773,13.55643,9.179769,6.972087,6.0383425,0.0,4.32768,9.034202,10.739285,14.498895,20.266376,23.139393,25.861168,28.21996,30.834412,32.30904,30.260353,29.028711,26.473656,24.206139,19.384802,17.575972,14.602819,13.862031,8.656155,12.167861,9.081458,11.925002,15.263014,17.365446,18.500227,22.984255,25.242628,24.108,21.451555,23.681488,25.92877,31.554598,29.672495,26.419657,26.11242,22.640236,24.170748,21.329403,25.380997,23.41246,19.02197,18.13371,20.3831,16.482605,21.257568,20.676804,25.178686,24.95705,29.8293,31.481392,34.47563,35.187572,38.464104,38.41382,36.34183,31.091625,29.692421,24.802721,25.2916,19.906677,18.148367,15.068509,12.967226,12.795918,11.0647745,15.6282625,18.608322,21.895298,21.074999,26.362782,24.7876,29.412527,29.359945,32.928715,35.800053,35.177567,32.103355,32.466427,26.391844,27.33765,23.183758,24.272575
27,16.948246,14.560253,13.260947,14.381802,11.986005,17.464952,13.975788,20.082098,21.25484,25.480839,28.161272,29.18831,31.21973,31.569996,28.04549,23.45576,23.73804,17.911596,19.688108,14.900498,16.97419,17.534311,14.831482,9.41622,9.5913105,8.102267,4.32768,0.0,5.202922,6.815591,10.192647,16.111479,18.835724,21.68898,24.01844,26.621738,28.199335,26.290838,25.197844,22.725422,20.62903,15.822171,14.535714,11.338522,11.917287,7.8551083,12.822364,10.495635,11.491067,15.726778,16.445436,17.650026,22.151442,23.978424,22.107998,19.073154,21.4165,23.14685,28.91663,27.142164,23.725986,24.290485,21.248243,23.282043,21.227928,25.273994,24.007307,20.417677,19.191107,20.227718,15.35311,19.851992,18.350208,22.944986,22.007072,27.101324,28.213997,31.170998,31.705177,35.114563,34.847546,32.743885,27.506613,26.064718,21.409447,21.445927,16.528744,14.3726015,11.836474,9.580388,10.445562,8.904333,13.700338,15.746581,18.691658,17.926855,22.732166,21.418482,25.562466,25.89956,29.297348,32.225224,31.939398,28.888842,29.917194,23.661364,25.140633,21.226988,22.898912
28,17.40069,14.107777,12.903446,12.103832,8.941745,14.307545,9.83822,16.231718,16.73037,21.418493,23.475178,25.046448,26.803478,27.247557,24.062271,19.095732,19.88837,13.924605,16.505892,12.386543,14.526632,16.41343,14.681372,9.011807,11.831865,10.265942,9.034202,5.202922,0.0,5.7304053,6.3643756,13.120896,14.6347,18.143566,19.644281,22.601734,23.783627,21.730583,21.161692,18.444595,17.354412,11.613705,11.589275,7.2340593,10.378452,8.392177,13.280906,13.159889,12.752986,17.692463,16.331556,18.682823,22.593298,23.226965,21.169912,17.847496,19.406662,20.439823,26.239664,24.029547,20.472048,21.668907,19.235506,21.326668,20.595371,23.7428,23.105179,20.807835,18.757797,18.292162,13.056034,16.983366,14.783648,19.38434,17.837557,23.217972,23.812967,26.959063,27.143784,30.443516,29.97494,27.675028,22.523066,20.908546,16.332012,16.301943,11.365765,9.380404,7.285493,6.1585793,8.618112,9.063298,13.406766,13.518012,15.879896,14.345765,18.669683,16.801321,20.751925,20.87748,24.148567,27.039553,26.847689,23.853514,25.215675,18.89755,20.881407,17.194086,19.583683
29,22.581678,19.41433,18.370857,17.83118,14.5387335,19.727468,14.2472315,20.376009,19.986507,24.392048,25.491533,27.040646,28.346857,27.818707,25.059591,20.552778,21.916983,16.313679,20.062971,16.276567,19.21521,20.915318,19.516087,13.900319,15.748934,13.034032,10.739285,6.815591,5.7304053,0.0,6.2795544,9.620441,13.549091,15.246584,18.23048,20.432493,22.284065,20.6256,19.054384,17.020947,14.303853,10.833383,9.593716,8.0194025,9.4082365,8.798091,14.549242,12.695812,10.678031,15.23604,14.064039,14.718801,18.935991,20.32433,17.229744,13.82656,16.67539,17.71977,23.4972,22.395132,18.949392,20.898607,18.606216,21.647903,20.414438,25.02687,25.043823,22.392878,21.6722,21.253153,14.945873,18.473785,15.486503,19.770723,17.873241,22.787918,23.344442,25.879778,26.55718,30.322258,30.039509,28.422848,23.101898,22.233263,18.03428,17.815113,14.309518,12.262898,11.911168,10.399985,13.250346,12.278894,16.473112,16.699934,18.534367,17.938618,21.050074,20.189781,22.652254,23.728573,26.260403,29.051094,29.745152,26.985735,29.284813,22.985518,25.631552,22.232576,25.016514
30,21.771341,17.840075,17.964006,15.951931,13.075102,17.715837,12.819239,18.886208,17.828705,23.058718,23.189857,25.879938,26.727814,26.542313,24.493568,19.317778,21.444666,15.845889,19.93579,16.933874,19.074835,21.837849,20.550196,15.049587,18.058167,16.540325,14.498895,10.192647,6.3643756,6.2795544,0.0,7.9546876,8.754059,12.750205,14.419221,17.140877,18.910286,17.511482,17.283915,15.142532,14.388002,9.990576,11.534067,8.425716,13.180251,13.359275,18.570478,18.16794,16.35874,21.179373,18.911213,20.363087,24.072563,24.431887,21.090649,17.497852,19.469114,19.341526,24.979168,23.437042,19.8606,22.781305,21.302763,24.10338,24.221916,27.483406,27.722935,26.101011,24.186808,22.681713,16.86976,19.710161,16.0969,20.2001,17.178268,22.520523,21.77261,24.566261,24.359861,27.96521,26.950348,24.656124,19.739231,18.052422,14.651516,12.818328,10.453836,6.9430146,7.943249,6.7672806,10.483721,10.771648,13.730456,12.074791,13.101248,12.418551,14.831625,14.418184,16.614601,18.210419,20.93891,23.968208,24.653881,21.808176,24.726875,18.499777,21.35235,18.653383,21.603188
31,29.678268,25.784807,25.578487,23.410875,20.11708,24.25257,18.208899,23.387844,20.99749,25.575956,23.936584,26.780424,26.70609,25.136372,24.204557,19.90859,22.989351,18.492859,23.915443,21.827358,24.726845,27.658716,27.184072,21.75726,24.730438,22.122719,20.266376,16.111479,13.120896,9.620441,7.9546876,0.0,6.4919343,5.848076,9.952707,11.264413,13.953314,13.3481865,11.841936,11.15956,8.900032,9.316149,10.604208,11.336427,14.640139,17.054914,22.131128,21.344397,17.832867,21.85209,18.637571,18.8181,21.718294,21.833147,17.189837,13.799404,16.368149,15.181486,20.177435,20.110823,16.960627,21.435892,20.927776,24.636856,25.128063,29.19386,30.55781,29.370234,28.506985,26.392694,19.834755,21.47705,16.890942,19.883312,16.087378,20.317406,18.899862,20.623621,20.864767,24.983072,24.126715,22.96186,18.211615,17.881065,15.696451,13.930607,14.340958,12.395589,15.09572,14.666807,18.393538,18.22084,20.838184,18.79011,18.717916,18.600245,18.587639,18.971333,18.33983,20.892677,21.956598,24.480722,26.605637,24.429562,28.59813,22.911413,26.691128,24.563938,28.19181
32,29.018402,24.77698,25.208916,21.967134,19.18585,22.326656,17.185516,21.654243,18.718258,23.747028,21.211222,25.105051,24.616573,23.622139,23.367422,18.597862,22.177643,18.041086,23.320938,22.05343,24.161774,27.826004,27.574547,22.547178,26.332468,24.529198,23.139393,18.835724,14.6347,13.549091,8.754059,6.4919343,0.0,6.3702745,6.274452,8.970719,10.957817,10.560244,11.506951,10.474153,11.727552,10.2634535,13.767339,12.77957,18.00212,20.340975,24.98032,25.406984,22.408312,26.921715,23.088833,24.501507,27.108515,26.271036,22.211452,18.883043,20.08747,18.191301,22.774805,21.7818,18.66037,23.393438,23.458174,26.584166,28.1829,30.794167,32.185547,31.876204,29.938337,27.006363,21.25381,22.331762,17.681622,20.349606,15.8485155,20.308619,17.596241,19.72674,18.790384,22.479025,20.762583,18.690325,14.5772085,13.24187,12.40608,8.701973,11.42572,9.299846,13.241406,13.777585,17.460747,18.488178,20.025585,16.394196,15.272799,14.73663,13.158678,13.745695,11.978704,15.072892,15.996504,18.69323,20.891514,18.783924,23.594744,18.389149,22.34691,21.124378,24.843357
33,34.205826,30.129574,29.979631,27.125988,23.86249,27.172209,21.110641,25.258696,21.915483,26.111378,22.901943,26.296057,25.355612,23.185036,23.503017,19.770336,23.587986,20.215807,26.086008,25.047823,27.849823,31.271862,31.423235,26.30267,29.830801,27.15952,25.861168,21.68898,18.143566,15.246584,12.750205,5.848076,6.3702745,0.0,5.522675,5.570508,8.70922,9.079369,7.864843,8.67047,8.078375,11.018168,13.353368,14.876864,18.423973,21.8287,26.339996,26.322384,22.388014,26.165602,21.978176,22.45812,24.358932,23.44403,18.697435,15.828302,17.369621,14.876768,18.696775,19.069344,16.473234,21.986422,22.575617,26.290096,27.802965,31.216242,33.273994,32.99575,32.032887,29.064825,22.80086,23.304472,18.360071,20.208567,15.719086,18.943422,16.246504,17.246984,17.123474,21.260687,20.101633,19.444288,15.44218,15.780339,15.267786,13.174631,15.917867,14.916874,18.573664,18.966063,22.783768,23.207113,25.282991,22.280153,21.338982,21.052095,19.31605,19.85737,17.257765,20.175362,19.944248,21.966057,25.001019,23.434776,28.432806,23.530214,27.800386,26.439487,30.451073
34,34.281776,30.08292,30.01885,26.410505,23.405596,25.709774,20.202156,23.328894,19.418724,23.544878,19.36793,23.500437,22.090656,20.266409,21.303854,17.51033,21.728245,19.085056,24.824974,24.698101,26.991077,30.92932,31.543951,26.907948,31.117435,28.817568,28.21996,24.01844,19.644281,18.23048,14.419221,9.952707,6.274452,5.522675,0.0,3.8589547,4.6848245,5.0385895,6.963444,7.3057704,10.363233,11.473299,15.195306,15.754548,20.350529,23.93489,27.886366,29.006926,25.338087,29.47298,24.61093,26.30092,27.844112,25.97055,21.9957,19.231213,19.408974,16.451525,19.764328,19.115091,16.678905,22.232712,23.394571,26.552298,29.081793,31.196749,33.419098,34.027737,32.33584,28.608822,23.099089,22.892399,18.013845,19.293337,14.369106,17.448471,13.596729,14.92672,13.699428,17.437029,15.609985,14.390412,10.972274,11.046722,12.052456,9.398957,13.984904,13.872021,18.078299,19.433228,23.17552,24.557354,26.166258,22.226814,20.7429,19.761076,17.018806,16.96668,13.267267,15.893991,14.876288,16.642614,20.013868,18.81683,24.225306,20.053953,24.541245,23.912285,28.106857
35,37.727055,33.51946,33.53338,30.08381,27.029383,29.513449,23.851437,27.009014,23.026402,26.861942,22.329372,26.312496,24.593248,22.196846,23.72319,20.491098,24.766079,22.405857,28.282715,28.124798,30.609749,34.442455,35.026775,30.244144,34.232822,31.728844,30.834412,26.621738,22.601734,20.432493,17.140877,11.264413,8.970719,5.570508,3.8589547,0.0,4.244675,6.5814147,7.3397727,9.269593,11.201612,14.295757,17.388975,18.765749,22.73352,26.513273,30.5901,31.27654,27.296198,31.072598,26.29426,27.271168,28.564615,26.826029,22.415222,19.960274,20.476124,17.221006,19.79521,20.112005,18.11004,24.015287,25.41934,28.841125,31.243559,33.774982,36.237617,36.753273,35.45688,31.807425,26.086012,25.75645,20.81549,21.735283,16.907146,19.176983,15.168634,15.54495,14.5868225,18.361166,16.601284,16.212952,13.533398,14.243587,15.658755,13.183653,17.793182,17.469475,21.621538,22.626183,26.373972,27.357971,28.902752,25.116556,23.487055,22.995895,19.85958,20.477064,16.212284,19.288849,17.799192,19.225595,23.021294,22.114023,27.744484,23.816586,28.30767,27.764477,31.935688
36,38.367268,34.214188,33.885624,30.10183,27.038021,28.807323,23.27413,25.466595,21.10398,24.39798,19.167536,23.2922,21.175076,18.720308,20.85517,18.083351,22.513905,21.052265,26.82098,27.425625,29.753376,33.7906,34.9219,30.583391,34.993603,32.45404,32.30904,28.199335,23.783627,22.284065,18.910286,13.953314,10.957817,8.70922,4.6848245,4.244675,0.0,3.4875212,6.183969,7.946052,11.763678,14.251739,17.741215,19.059105,23.11879,27.287796,30.740602,32.27653,28.301966,32.123398,26.733648,28.5752,29.367832,26.807634,23.082335,20.859453,20.277657,16.72529,18.698868,18.361889,16.69713,22.529488,24.456924,27.49687,30.621727,32.30195,35.04966,36.277905,34.753197,30.577864,25.416235,24.371405,19.613144,19.804174,14.973836,16.591326,11.941663,12.252452,10.710636,14.263362,12.363096,12.211378,10.045029,11.435165,13.7124195,12.116238,17.129204,17.92139,22.122507,23.833624,27.570293,29.134823,30.76214,26.669971,25.021166,23.833775,20.6025,20.225924,15.747196,17.842527,15.564854,16.407667,20.471231,20.019594,25.573744,22.278755,26.915451,26.682678,31.057505
