,0,1,2,3,4,5,6,7,8,9,10,11,12,13,14,15,16,17,18,19,20,21,22,23,24,25,26,27,28,29,30,31,32,33,34,35,36,37,38,39,40,41,42,43,44,45,46,47,48,49,50,51,52,53,54,55,56,57,58,59,60,61,62,63,64,65,66,67,68,69,70,71,72,73,74,75,76,77,78,79,80,81,82,83,84,85,86,87,88,89,90,91,92,93,94,95,96,97,98,99,100,101,102,103,104,105,106,107,108,109,110
0,0.0,4.2838235,6.2710137,9.384646,12.2236595,13.782998,17.404154,20.23147,23.192015,25.839596,29.032646,31.3748,34.05897,31.509037,32.910896,29.426184,27.671274,28.327425,24.244452,29.571032,29.636318,31.38261,35.040318,36.43555,37.814896,38.218967,36.231663,38.393383,35.71161,39.95895,33.64941,39.80423,36.147854,37.32036,34.505108,31.285368,29.88268,31.207462,28.539253,26.19546,25.447828,26.316525,24.28441,20.512487,22.039972,22.56233,17.037533,15.9890995,17.943361,19.59204,23.849041,20.097452,23.33544,25.996662,26.859797,29.43414,27.504211,31.602375,33.04286,29.548529,31.366573,35.385193,38.950657,39.095222,34.91174,34.449116,39.74625,39.856796,35.177303,37.369442,41.11062,39.53661,35.57117,38.56039,33.949894,35.27917,31.641657,27.549696,26.536955,21.779701,19.51689,16.467152,16.875692,20.171423,23.292902,24.483416,28.365562,32.667545,35.548347,39.272194,41.928726,44.542164,46.770424,44.66275,46.47538,42.49729,39.271862,39.03836,33.92214,33.79693,29.63219,28.733557,24.768757,22.002106,24.4469,27.155952,28.380356,31.524546,34.25206,36.130478,39.68399
1,4.2838235,0.0,5.2259316,6.415354,9.121372,12.159173,14.438486,18.204817,20.859428,23.727423,27.043375,29.27853,31.6704,28.89793,29.70343,26.439732,24.26362,24.98756,20.44592,25.848358,25.710663,27.288939,31.02087,32.51955,33.892597,34.33714,32.6386,34.906033,32.507004,36.839294,30.886612,37.342552,33.945614,35.510273,32.43966,28.940725,28.013636,29.7026,26.559261,23.965534,24.058863,24.82427,22.149323,18.726484,21.09653,21.044542,14.79337,14.884259,17.446682,19.468397,23.16771,18.958729,23.176344,25.692083,25.918726,27.888985,25.643013,29.578197,31.643452,28.45554,29.355583,33.691658,37.172127,37.7715,33.594807,32.638115,37.74876,37.594425,32.77826,35.0434,38.508568,36.70354,32.756874,35.645813,31.218433,32.4774,28.815342,24.992517,23.657066,19.238674,16.47853,13.390717,13.242919,16.753975,20.232971,21.082798,25.271235,29.440304,32.266617,36.06616,38.583572,41.346397,43.418983,41.202908,43.039066,39.01089,35.94569,35.314728,30.288641,29.909903,25.74783,24.702082,20.584146,17.762527,20.292194,23.03563,24.544952,27.67238,30.529612,32.57534,36.21288
2,6.2710137,5.2259316,0.0,5.420539,6.8644056,8.058302,11.891959,14.179963,17.540438,19.797115,23.228895,25.329624,28.119118,25.502932,27.286194,24.156322,22.532104,23.819447,20.031534,25.91007,26.637869,28.43316,32.62848,33.103462,34.047092,33.92537,32.051582,33.74354,31.026165,34.985428,28.689922,34.820927,30.664207,32.294724,29.843946,26.326473,24.801018,26.858837,24.378653,21.575666,21.070076,23.128746,20.717043,16.502106,18.90647,20.574873,14.343661,13.314822,16.775284,17.678415,21.953392,19.409693,23.069567,24.89185,25.969149,28.184837,25.367771,29.511522,31.515316,27.426313,28.270369,32.823597,35.991116,36.34862,31.736923,30.78099,36.089203,35.740734,31.287058,34.23212,37.41774,35.407635,31.97373,35.579105,31.09216,33.12372,29.635221,25.502153,25.165033,20.34525,18.160498,16.028107,14.542918,17.47902,20.131224,22.093851,25.147219,30.039057,32.323483,36.193657,38.49034,41.04925,43.47508,41.556858,43.857414,39.966843,37.205322,36.39215,31.645222,30.734863,27.406336,25.278831,21.600132,18.82662,20.313234,22.973166,23.241676,26.673573,28.9401,30.788916,34.12179
3,9.384646,6.415354,5.420539,0.0,3.7831488,6.8641763,8.357179,12.548913,14.608762,17.882915,20.945454,23.382273,25.556967,22.909101,23.72581,20.155313,18.314318,19.021423,15.172943,20.734056,21.465475,23.497084,27.602552,27.967367,29.047157,29.166424,27.07714,29.062107,26.409258,30.639465,24.52747,30.941015,27.587938,29.200108,26.111397,22.537024,21.709703,23.611294,20.396513,17.627655,18.065187,19.233168,16.250978,12.715212,15.816143,16.314062,9.548539,10.006299,13.749873,15.3650675,18.663704,15.470816,20.07971,21.820013,22.081486,23.70422,20.73317,24.704725,27.176199,23.590946,23.733952,28.418547,31.624895,32.397545,27.998844,26.700891,31.797508,31.430977,26.724829,29.424004,32.609818,30.644808,26.973888,30.346844,25.92155,27.821205,24.32089,20.328566,19.896269,15.242013,12.958395,11.300049,9.250486,12.060304,14.83267,16.677956,19.86978,24.6412,27.015608,30.87804,33.24043,35.856358,38.192932,36.220806,38.456432,34.562546,31.788568,31.059418,26.283653,25.53057,22.240553,20.320204,16.966208,14.521759,16.457806,18.751598,19.921682,22.466045,25.30857,26.892267,30.538855
4,12.2236595,9.121372,6.8644056,3.7831488,0.0,5.472332,5.4645476,9.713441,12.162781,14.960792,18.406134,20.44804,22.67211,19.80302,20.76875,17.795889,15.775566,17.284164,13.370373,19.49881,20.572327,22.39451,26.877882,26.730213,27.446146,27.136757,25.420464,27.035774,24.544134,28.528742,22.635225,29.120644,25.34202,27.537672,24.773273,20.845736,20.061985,22.750189,19.663975,16.423979,17.360916,19.518349,16.159376,12.548367,16.427523,17.644625,10.774129,11.530072,15.943597,16.973146,20.056253,17.726988,22.40237,23.596695,23.906662,25.143944,21.642675,25.457186,28.378119,24.573925,23.80192,28.849585,31.692368,32.699005,28.067844,26.30211,31.278366,30.46331,25.960896,29.237865,31.85569,29.456741,26.27672,30.019226,25.846766,28.14973,24.820274,21.064672,20.914442,16.663046,14.360689,13.355321,9.948428,12.303762,14.72151,16.868622,19.485874,24.499464,26.361685,30.321968,32.31474,34.953518,37.32769,35.43613,37.986965,34.154713,31.80682,30.441536,26.054125,24.555937,21.908215,18.946932,15.681707,13.179097,14.098978,16.473167,16.745644,19.832813,22.229425,24.02283,27.481756
5,13.782998,12.159173,8.058302,6.8641763,5.472332,0.0,6.15437,6.6568313,9.76754,12.166364,15.26738,17.661951,20.408257,18.122473,20.546593,17.107637,16.458824,17.952848,15.879863,21.608786,23.638546,25.916164,30.429104,29.283522,29.703321,28.991144,26.591135,27.61951,24.468565,28.016745,21.410799,27.176895,22.69348,24.35681,22.253605,18.718678,16.892996,19.416101,17.36707,14.320641,13.747978,17.178717,14.793818,10.130347,13.265054,16.60174,10.943324,9.529552,14.253991,13.908849,17.650877,17.342634,20.788357,21.320791,22.767889,24.608597,20.918623,24.976295,27.27536,22.481667,22.425549,27.301142,29.921925,30.340256,25.359009,24.041136,29.333572,28.66892,24.642185,28.34039,31.018995,28.802368,26.034649,30.407124,26.047615,29.04302,25.97389,21.760818,22.84952,18.06511,16.930754,16.675838,13.512136,14.874271,15.863349,19.26917,20.378899,25.983145,27.432045,31.245358,33.228416,35.451607,38.281082,36.809204,39.66016,36.075523,33.803715,32.908863,28.715101,27.298923,25.383192,22.118515,19.776388,17.732807,18.03493,19.886868,19.167337,21.7803,23.652105,24.714298,27.838095
6,17.404154,14.438486,11.891959,8.357179,5.4645476,6.15437,0.0,6.1558537,7.108943,10.387024,13.524711,15.646842,17.474224,14.655516,15.527617,12.400791,10.760126,12.621989,9.984777,16.022884,18.129202,20.23255,24.924873,23.50663,23.781015,23.002892,21.018934,22.168558,19.497673,23.260345,17.353252,23.827778,20.058304,22.563679,19.86337,15.711816,15.235816,18.489813,15.392294,11.804034,13.646133,16.469782,12.779123,9.639114,14.341802,16.100107,10.043342,11.312877,16.05317,16.462263,18.598625,17.631622,22.217976,22.524324,22.749146,23.398438,19.276241,22.780085,26.141068,22.184807,20.233925,25.573702,27.932415,29.219845,24.467392,22.166147,26.917068,25.713173,21.46846,25.313553,27.365124,24.668804,22.028175,26.271091,22.357267,25.31494,22.366154,18.831268,19.617218,15.84434,14.333971,14.877807,10.388074,11.047537,11.979952,15.065958,16.087269,21.511782,22.64049,26.576038,28.240849,30.70392,33.29382,31.68566,34.647343,31.044115,29.165646,27.561184,23.719963,21.690443,20.294367,16.318024,14.332815,12.679829,12.387926,13.890537,13.415731,15.691879,17.881126,19.126215,22.537237
7,20.23147,18.204817,14.179963,12.548913,9.713441,6.6568313,6.1558537,0.0,4.8986444,5.6190147,9.308067,11.160107,14.048946,11.708522,15.097566,12.588608,12.677748,15.27843,14.661647,20.149395,23.048895,25.17838,29.948236,27.536232,27.247913,25.729422,23.59031,23.685362,20.606293,23.393087,17.139072,22.531775,17.229027,19.82811,18.54824,14.650416,12.751797,16.740042,15.338454,11.799776,12.089002,17.192093,14.6418295,10.762777,14.569351,18.710083,14.044855,13.409286,18.194006,17.09257,19.726452,20.913664,24.237123,23.748276,25.135113,26.228437,21.877481,25.400177,28.248892,23.290977,21.638844,26.820532,28.613747,29.374987,24.178759,22.095387,26.949017,25.530737,22.197586,26.83793,28.428438,25.619059,23.976763,28.96702,25.190245,28.911455,26.370287,22.684988,24.502842,20.53698,19.801826,20.593096,16.356665,16.56863,16.3289,20.232368,19.730742,25.50513,25.889418,29.606277,30.92272,32.932144,35.924976,34.804348,38.190266,34.92027,33.412285,31.829226,28.495,26.143982,25.66695,21.09556,19.793793,18.339666,17.022245,18.20399,15.785381,18.257578,19.073997,19.783892,22.35774
8,23.192015,20.859428,17.540438,14.608762,12.162781,9.76754,7.108943,4.8986444,0.0,4.8539534,6.6038237,9.415977,11.160047,9.192523,11.747499,8.126655,9.254518,11.237214,12.3832,16.795252,20.33056,22.789745,27.34125,24.153715,23.73439,22.170986,19.446686,19.396656,15.995957,18.825846,12.31067,17.879526,13.249479,15.795774,13.945887,9.856081,8.6270895,12.845124,11.019142,7.332811,9.015036,13.842251,11.104247,8.504362,12.633955,16.293144,12.833649,13.00244,17.369883,16.320166,17.628622,19.385502,22.730246,21.716768,22.634953,23.105942,18.516977,21.617945,24.773226,20.105097,17.45112,22.720072,24.223495,25.320038,20.25072,17.69785,22.306715,20.730114,17.428352,22.249216,23.583109,20.745026,19.303722,24.47201,20.898703,24.931309,22.736181,19.345911,21.780987,18.379341,18.326601,20.077154,15.725314,14.795048,13.349486,17.653812,15.898302,21.691656,21.64506,25.211199,26.436481,28.268982,31.394686,30.474808,33.993935,30.928816,29.630999,28.233753,25.249966,22.953913,23.246668,18.64994,18.505415,17.844107,16.47812,16.7565,14.867936,15.615749,16.76542,16.548592,19.332617
9,25.839596,23.727423,19.797115,17.882915,14.960792,12.166364,10.387024,5.6190147,4.8539534,0.0,4.402585,5.5576396,8.576975,6.649058,11.545639,10.087795,11.5707035,14.593082,15.864297,20.301613,23.90022,25.96728,30.662144,27.108927,26.217474,24.039867,21.941343,21.057362,17.993624,19.782343,14.038291,18.510782,12.455241,15.836484,15.574512,11.783108,9.870962,14.877096,14.426776,11.130136,11.966108,17.804125,15.62178,12.964367,16.451035,20.906942,17.542566,17.188929,21.60577,20.01494,21.671818,24.03363,26.972527,25.700947,27.074839,27.631556,23.01814,25.937698,28.973047,24.032331,21.29809,26.376617,27.356691,28.299726,23.13959,20.570162,24.807148,22.807955,20.388758,25.65421,26.261692,23.114307,22.637161,28.022432,24.865665,29.118158,27.165493,24.000036,26.487614,23.222404,23.02035,24.554358,20.036898,19.3533,18.025417,22.153555,20.163355,25.777222,25.206928,28.617636,29.353312,30.99904,34.160885,33.471462,37.254776,34.392853,33.526882,31.646257,29.1377,26.282776,27.074095,21.864319,21.711836,20.9322,18.688004,19.02718,15.542634,17.100681,16.85658,16.73529,18.57995
10,29.032646,27.043375,23.228895,20.945454,18.406134,15.26738,13.524711,9.308067,6.6038237,4.402585,0.0,3.9174278,5.9773326,6.054099,11.182241,9.284392,12.336325,14.498054,17.454954,20.67892,24.782389,27.11729,31.507797,27.20794,26.122648,23.80334,21.100983,19.704088,16.242903,17.367926,11.51082,14.804983,8.364601,11.532441,11.970642,8.833431,6.478657,11.696337,12.285461,9.788277,10.382614,16.362085,14.959093,13.2421465,15.937295,20.64142,18.737593,18.247795,22.094908,20.089355,20.918259,24.375849,26.68491,24.780853,26.279919,26.621286,22.02009,24.520267,27.330683,22.348738,19.298965,24.01273,24.452843,25.28956,20.216822,17.5986,21.492413,19.389856,17.71564,23.211884,23.447819,20.463,20.65588,26.272636,23.400448,28.0234,26.539602,23.578178,26.789774,23.83726,24.35154,26.462046,22.147823,20.785202,18.5107,22.947239,19.757298,25.226164,24.143793,27.177654,27.753622,28.950169,32.367226,32.089474,36.029213,33.523857,32.884544,31.386992,29.288597,26.631624,28.104465,23.076765,23.811079,23.535328,21.376024,21.108484,17.953468,18.094164,17.756977,16.491478,17.985804
11,31.3748,29.27853,25.329624,23.382273,20.44804,17.661951,15.646842,11.160107,9.415977,5.5576396,3.9174278,0.0,4.0790596,4.3678365,10.685764,10.92023,13.541797,16.481718,19.16761,22.449757,26.461027,28.394579,32.87526,28.39913,26.956722,24.199675,22.251411,20.323872,17.483555,17.848309,13.290859,15.926462,9.060733,13.260796,14.580756,11.5972185,9.917994,15.1269655,15.8644905,13.3568735,14.292027,20.194265,18.58998,16.938593,19.82604,24.404486,22.098574,21.805813,25.83923,23.882374,24.830639,28.085302,30.571346,28.697758,30.119257,30.286917,25.642593,27.94961,30.968243,26.149702,22.707245,27.390417,27.515827,28.5254,23.607347,20.78089,24.143772,21.622967,20.437445,26.062685,25.633528,22.296305,23.120663,28.67387,26.226328,30.825743,29.465818,26.819477,29.795156,27.11124,27.315247,29.298641,24.718416,23.50097,21.473413,25.594418,22.499075,27.70979,26.281418,29.241415,29.370255,30.553026,33.82651,33.620712,37.716106,35.330032,35.083767,33.005615,31.316755,28.127775,29.973389,24.452196,25.192411,24.907671,22.097542,21.795532,17.652052,18.279812,16.896635,15.821906,16.4939
12,34.05897,31.6704,28.119118,25.556967,22.67211,20.408257,17.474224,14.048946,11.160047,8.576975,5.9773326,4.0790596,0.0,3.6761937,8.366586,9.466671,12.615222,15.173107,18.840403,21.0236,25.245708,27.112904,31.309553,26.249031,24.51943,21.53703,19.607431,17.157362,14.563123,14.204015,10.716223,12.688072,6.3796134,11.514529,12.8217745,10.1234865,9.8248825,14.838856,15.391235,13.327062,15.281832,20.342226,18.668877,18.115917,21.038136,24.855751,23.156115,23.480818,27.230844,25.514639,25.630453,28.878296,31.483925,29.39578,30.309944,29.881367,25.25118,26.974104,30.282696,26.034296,21.66106,26.174706,25.838242,27.286137,22.767809,19.455837,22.037165,19.085121,18.397566,24.06174,22.89777,19.341116,20.877377,26.328749,24.471874,29.121939,28.178417,26.107811,29.225498,27.23244,27.66804,30.083982,25.47952,23.742449,21.24096,25.125105,21.344057,26.060047,24.075928,26.730192,26.46347,27.449286,30.687096,30.70247,34.92861,32.83157,33.006683,30.782114,29.683031,26.340878,28.932737,23.37959,24.918285,25.160084,22.184446,21.259577,17.35174,16.719913,15.09108,13.120051,13.410985
13,31.509037,28.89793,25.502932,22.909101,19.80302,18.122473,14.655516,11.708522,9.192523,6.649058,6.054099,4.3678365,3.6761937,0.0,6.421468,7.9982963,10.071601,13.446285,16.103344,19.051937,22.975515,24.646572,29.093859,24.53021,22.942558,20.0617,18.592773,16.659403,14.342987,14.918125,11.161974,14.876686,9.284368,14.275302,14.456459,10.808663,10.804713,16.109955,15.625206,12.825004,15.363537,20.29823,17.89187,16.98127,20.594046,24.012623,21.36322,22.063301,26.161575,24.859667,25.334845,27.706549,30.912891,29.273771,29.916168,29.4977,24.788641,26.782288,30.418098,26.28684,21.899164,26.839588,26.997337,28.655434,24.015652,20.587868,23.569931,20.713026,19.1413,24.670876,23.8773,20.129,20.957151,26.253454,24.15224,28.527102,27.220276,25.070963,27.645012,25.581945,25.523214,27.661213,22.86838,21.438923,19.493416,23.113913,20.106775,24.944328,23.333506,26.357674,26.248224,27.69227,30.705482,30.317837,34.422363,31.992311,31.99372,29.407667,28.00659,24.43975,26.627594,20.839712,21.91643,21.955019,18.811604,18.128363,13.936984,14.104739,12.567971,11.526803,12.484107
14,32.910896,29.70343,27.286194,23.72581,20.76875,20.546593,15.527617,15.097566,11.747499,11.545639,11.182241,10.685764,8.366586,6.421468,0.0,5.8468695,6.5171847,9.672156,12.7487335,14.212787,18.044168,19.376049,23.536743,18.591566,16.740768,13.6883955,12.827636,10.898186,9.6763,10.711893,9.047765,13.90482,11.418336,16.276209,14.863148,11.086535,13.347931,17.899576,15.923817,13.351855,17.657082,20.733816,17.539747,18.087305,22.180096,23.721697,21.180485,23.243223,27.028316,26.615078,26.171955,27.412617,31.37891,29.98418,29.466286,28.104439,23.530947,24.80906,29.203337,26.304817,20.666117,25.632061,25.744772,28.297277,24.329378,20.242195,22.382418,19.21232,17.217165,22.228333,20.8507,16.671658,17.525507,22.168604,20.802645,24.715567,23.675108,22.512056,24.543869,23.69235,23.481457,25.99801,21.21303,19.24719,17.227615,19.856922,16.755566,20.627705,18.612291,21.562515,21.049093,22.830074,25.416693,24.801752,28.892868,26.491127,26.933672,23.701975,22.921711,18.88935,21.883749,15.949377,18.049057,18.90999,15.59212,13.906793,10.637125,8.520389,7.2465515,5.3328724,7.610699
15,29.426184,26.439732,24.156322,20.155313,17.795889,17.107637,12.400791,12.588608,8.126655,10.087795,9.284392,10.92023,9.466671,7.9982963,5.8468695,0.0,4.493187,5.727955,10.245468,11.796539,16.138899,18.473377,22.577425,17.946323,16.916063,14.910624,11.992474,11.335131,8.108938,11.014037,5.6858654,12.31249,10.234526,13.705726,10.876578,6.5280404,9.156601,13.118056,10.342055,7.6663527,12.461487,14.938577,11.714288,12.644121,16.590837,17.956114,16.032648,18.01944,21.479525,21.110647,20.367704,21.814133,25.581926,24.15278,23.667921,22.51355,17.870636,19.48825,23.683926,20.560007,15.251436,20.456434,21.092896,23.416231,19.228031,15.328551,18.344883,15.813644,12.798308,17.831871,17.67125,14.045539,13.61565,18.727734,16.388605,20.594126,19.255901,17.413656,20.025007,18.640804,19.004856,21.840418,17.387949,15.028392,12.307658,15.801884,12.173961,16.97912,15.604834,18.872913,19.330769,21.11441,24.130196,23.422916,27.29601,24.620369,24.232813,22.206196,20.463554,17.50824,19.704794,14.648079,16.668295,17.451328,15.432932,14.017948,12.71331,10.237768,11.545495,9.748192,12.89773
16,27.671274,24.26362,22.532104,18.314318,15.775566,16.458824,10.760126,12.677748,9.254518,11.5707035,12.336325,13.541797,12.615222,10.071601,6.5171847,4.493187,0.0,4.6615133,6.445332,9.258956,12.968881,14.894286,19.397926,15.575199,14.788672,13.075355,11.293597,11.672618,9.757157,13.329078,9.546773,16.344423,14.5691595,18.195656,15.105813,10.782057,13.149684,16.956467,13.415684,10.3577,15.269827,17.13161,13.058378,13.687278,18.305912,18.669483,15.385369,18.218422,21.936022,22.30077,21.91956,21.856163,26.488436,25.731777,24.710007,23.41871,18.92841,20.67178,25.268444,22.660711,17.476131,22.837187,23.959284,26.533943,22.522524,18.692078,21.710567,19.337767,15.72315,20.040659,20.133472,16.464996,15.239278,19.557413,17.21835,20.652998,18.867485,17.258957,18.695778,17.596924,17.043459,19.501978,14.754698,12.767598,11.207984,13.69871,11.720566,16.178608,15.39939,19.052204,19.584265,21.98814,24.45982,23.172085,26.770504,23.686596,23.175331,20.414747,18.355537,14.890441,16.563795,10.939842,12.498148,13.271363,10.988055,9.554992,8.79428,6.690229,9.114554,8.936796,12.829769
17,28.327425,24.98756,23.819447,19.021423,17.284164,17.952848,12.621989,15.27843,11.237214,14.593082,14.498054,16.481718,15.173107,13.446285,9.672156,5.727955,4.6615133,0.0,6.4323974,6.2831836,10.7189665,13.48748,17.360405,13.231895,12.973897,12.165699,8.694632,10.175152,7.616924,12.24198,8.274055,15.17265,15.213495,17.700722,13.512003,9.881557,13.100974,15.554181,11.196109,9.099831,14.488842,14.507653,10.411075,12.662829,16.767109,15.770083,13.826851,17.19275,20.085032,20.836233,19.445517,19.179642,23.773035,22.9452,21.264002,19.415012,15.0920515,16.35375,21.190836,19.349163,13.653398,18.866333,20.152533,23.031324,19.521423,15.633432,18.395082,16.411154,12.181899,15.844565,16.395231,13.148514,10.977379,15.100413,12.586826,16.020918,14.357338,13.0518055,14.892314,14.456157,14.672752,17.864603,13.782476,10.808064,8.038656,10.529274,7.243411,11.757353,11.084775,14.834542,15.883467,18.314342,20.904867,19.576258,23.02701,19.905102,19.081676,17.139719,14.861535,12.274497,14.151932,9.776521,12.468669,13.916231,12.994531,11.116156,12.565078,8.787898,12.298963,11.110625,15.156114
18,24.244452,20.44592,20.031534,15.172943,13.370373,15.879863,9.984777,14.661647,12.3832,15.864297,17.454954,19.16761,18.840403,16.103344,12.7487335,10.245468,6.445332,6.4323974,0.0,6.5588236,8.471011,10.584558,15.287249,13.591929,14.09189,14.001694,12.55279,14.857545,13.565517,18.021711,14.4405365,21.4442,20.437624,23.301798,19.34929,15.336786,17.538427,20.326235,15.78547,12.969568,17.611746,17.771057,13.1008215,13.825368,18.563765,16.993309,12.607947,16.66377,20.021883,21.58598,21.29419,19.035906,24.614525,24.830585,22.961672,21.580673,17.649622,19.594522,24.35191,22.607191,18.161575,23.39867,25.41693,28.077091,24.444397,21.057844,24.322779,22.678917,18.109398,21.067621,22.268284,19.263706,16.395702,19.433704,16.620237,18.755613,16.176914,14.587583,14.338453,13.504765,11.86625,13.958145,9.331176,7.633213,8.070858,8.755312,9.927765,13.798627,14.669485,18.649935,19.978098,22.970465,24.862959,22.821617,25.627895,21.931002,20.557068,17.953115,14.624098,11.824924,11.367462,6.4968553,6.6697392,7.536802,7.2326083,6.319945,9.612235,8.369952,12.620573,13.685131,17.891804
19,29.571032,25.848358,25.91007,20.734056,19.49881,21.608786,16.022884,20.149395,16.795252,20.301613,20.67892,22.449757,21.0236,19.051937,14.212787,11.796539,9.258956,6.2831836,6.5588236,0.0,4.658383,7.6740713,11.138431,7.86654,8.781879,9.807248,7.4231234,11.020279,10.621939,15.261924,13.606056,19.8473,21.11728,23.419214,18.861067,15.821206,19.225597,21.017216,16.218353,14.684953,19.884663,18.361614,14.148076,16.911583,20.846483,17.810074,15.756808,20.17509,22.43944,24.226141,22.443886,20.270384,25.575302,25.449406,22.558762,19.91215,16.49524,16.951345,22.221676,22.031948,16.354855,20.889088,22.489033,25.884714,23.296972,19.576563,21.526012,19.886612,15.468881,17.293959,17.928892,15.176848,12.148074,13.932144,12.242124,13.763889,11.988955,12.331235,12.139533,13.739485,13.273442,16.423574,13.138646,10.096947,8.736722,7.75959,6.9123344,8.397766,8.676344,12.502118,13.746345,16.960001,18.507069,16.309835,19.078789,15.445786,14.46812,11.721259,9.104567,6.2062573,8.215279,4.8229094,9.105409,11.712518,11.880691,9.374436,13.60952,9.10015,13.791567,13.446227,17.62338
20,29.636318,25.710663,26.637869,21.465475,20.572327,23.638546,18.129202,23.048895,20.33056,23.90022,24.782389,26.461027,25.245708,22.975515,18.044168,16.138899,12.968881,10.7189665,8.471011,4.658383,0.0,3.7243803,7.143113,6.9484305,9.094245,11.362724,10.662141,14.580764,14.997622,19.413364,18.26129,24.42009,25.715872,28.055656,23.42658,20.388313,23.616283,25.308464,20.34537,18.771347,23.733799,21.778631,17.50769,19.989956,23.911585,20.038725,17.454666,22.265371,24.28148,26.681746,25.069418,21.58486,27.32088,27.810919,24.419437,21.673258,18.926826,19.270254,24.4526,24.95135,19.83925,24.008204,25.92843,29.363049,27.091377,23.62951,25.48025,24.098856,19.604265,20.60596,21.501204,19.122107,15.792259,16.242905,14.890272,14.9152565,12.895304,13.891218,11.826219,14.346639,12.980881,15.496084,12.978949,10.659524,11.006862,7.8166757,9.964861,9.533822,10.972007,14.293899,15.643047,19.134405,19.832146,17.047993,18.937164,14.96229,13.644388,10.290218,6.942755,4.2330766,3.8915377,3.1570501,7.102058,10.223683,11.477352,9.23466,14.932605,11.299733,16.09534,16.644213,20.715738
21,31.38261,27.288939,28.43316,23.497084,22.39451,25.916164,20.23255,25.17838,22.789745,25.96728,27.11729,28.394579,27.112904,24.646572,19.376049,18.473377,14.894286,13.48748,10.584558,7.6740713,3.7243803,0.0,5.01693,6.7550697,8.767366,11.190718,12.265003,15.912888,17.192497,21.18142,20.869892,26.9101,28.116472,30.875008,26.47791,23.293056,26.549116,28.609734,23.750116,21.963322,26.999367,25.403576,21.054445,23.242289,27.364996,23.644703,20.607523,25.41521,27.625025,30.075544,28.689907,24.982164,30.843458,31.461758,28.048388,25.285667,22.641273,22.893106,28.079773,28.675184,23.474598,27.596085,29.358389,32.907623,30.676455,27.091179,28.716581,27.102169,22.8607,23.905539,24.32695,21.74685,18.914202,19.026726,18.255865,17.952778,16.202896,17.524618,15.032149,17.685848,15.843145,17.75513,15.289082,13.621456,14.536623,11.217581,13.637401,12.69034,13.702358,16.585785,17.344181,20.909945,21.041471,18.086685,19.712812,15.8868265,15.187492,10.647656,8.538092,4.939233,4.8698325,4.1426663,7.200884,10.442607,11.254187,8.91243,14.802005,11.57299,16.002863,17.186224,20.978872
22,35.040318,31.02087,32.62848,27.602552,26.877882,30.429104,24.924873,29.948236,27.34125,30.662144,31.507797,32.87526,31.309553,29.093859,23.536743,22.577425,19.397926,17.360405,15.287249,11.138431,7.143113,5.01693,0.0,6.8115053,9.556161,13.039581,14.247423,18.107704,19.889534,23.584797,24.134535,29.58454,31.7358,34.124573,29.509172,26.82487,30.356949,31.878698,26.963135,25.695383,30.718977,28.291782,24.269478,27.025599,30.737392,26.211308,24.0506,28.975435,30.573257,33.300198,31.365852,27.302832,32.988415,33.7004,29.704563,26.428864,24.51229,24.006874,29.076195,30.719093,25.501621,28.89871,30.559822,34.341087,32.832443,29.372478,30.312298,28.945162,24.92547,24.93811,25.238012,23.215588,20.348648,19.013624,19.150267,17.63481,16.499458,18.983564,15.957864,19.824701,18.367136,20.321777,18.86725,17.064352,17.752924,13.752091,16.027802,13.141959,14.265506,16.143229,16.80626,20.312277,19.554821,16.27858,16.88797,13.192935,12.724655,7.939021,7.1033173,5.6789227,5.920313,8.935802,11.759971,14.847349,16.117079,13.858732,19.61195,15.917578,20.089128,20.828482,24.336855
23,36.43555,32.51955,33.103462,27.967367,26.730213,29.283522,23.50663,27.536232,24.153715,27.108927,27.20794,28.39913,26.249031,24.53021,18.591566,17.946323,15.575199,13.231895,13.591929,7.86654,6.9484305,6.7550697,6.8115053,0.0,3.2032337,6.9824686,7.7769423,11.4976225,13.747484,17.016552,18.567017,23.39729,26.146168,28.567205,24.217312,21.851812,25.785759,27.387321,22.875011,21.873356,27.18834,25.194237,21.412155,24.652767,28.309408,24.631063,23.26212,27.839844,29.6846,31.689287,29.34937,26.865108,32.051548,31.922075,28.340712,24.853495,22.293564,21.436705,26.744495,27.962608,21.745111,25.227825,26.15445,30.155926,28.620823,24.73372,25.109434,23.246181,19.814365,20.411842,19.668673,17.164862,15.285426,14.612993,15.446954,15.27327,14.922241,17.471945,16.35562,19.833052,19.340303,22.228012,19.755129,17.043545,16.091625,13.651622,13.040396,10.540015,9.59117,11.485376,11.255382,14.768506,14.6044855,11.801919,14.041114,10.72731,11.615184,6.0422735,7.3720083,3.0353587,8.887706,8.196311,13.081389,16.337847,16.209501,13.099302,17.54465,12.176209,16.017784,15.547531,18.87892
24,37.814896,33.892597,34.047092,29.047157,27.446146,29.703321,23.781015,27.247913,23.73439,26.217474,26.122648,26.956722,24.51943,22.942558,16.740768,16.916063,14.788672,12.973897,14.09189,8.781879,9.094245,8.767366,9.556161,3.2032337,0.0,3.9450052,6.294409,9.206836,12.233725,14.873952,17.353703,21.807909,24.569613,27.327333,23.373375,21.006899,25.039328,26.995598,22.826574,21.734524,27.148844,25.768307,22.04441,25.17482,28.94671,25.940825,24.52628,28.87078,31.01801,32.65909,30.395351,28.569769,33.597553,33.156742,29.90882,26.500597,23.599974,22.76892,28.09034,28.902197,22.314812,25.921803,26.424625,30.465105,28.782642,24.65248,24.789078,22.494274,19.5566,20.751198,19.24603,16.262768,15.36024,15.321104,16.471119,17.04222,16.95689,19.252382,18.782402,21.822882,21.420778,24.365295,21.399105,18.66075,17.360186,15.685603,14.195129,12.439155,10.476431,12.190095,11.076536,14.3386755,14.356884,12.057424,14.9713335,12.278554,13.906931,8.402615,10.40042,5.8856525,11.691928,9.42123,14.3826475,17.514462,16.517063,13.173568,16.596704,10.776443,13.949631,13.128458,16.117842
25,38.218967,34.33714,33.92537,29.166424,27.136757,28.991144,23.002892,25.729422,22.170986,24.039867,23.80334,24.199675,21.53703,20.0617,13.6883955,14.910624,13.075355,12.165699,14.001694,9.807248,11.362724,11.190718,13.039581,6.9824686,3.9450052,0.0,5.607998,6.7229395,10.373931,12.285019,15.426465,19.636946,21.976519,25.234838,21.843267,19.32296,23.300953,25.800705,22.084772,20.752337,26.171387,25.707396,22.026924,24.812567,28.746323,26.689226,25.042784,29.027113,31.599026,32.780804,30.78285,29.713032,34.571877,33.81965,31.098198,27.970922,24.599949,24.055216,29.327456,29.412891,22.61522,26.521048,26.673029,30.594381,28.52483,24.18057,24.359095,21.581055,19.117214,21.261414,19.16399,15.560185,15.672072,16.782402,17.773483,19.30983,19.215809,20.901337,21.113796,23.415323,23.038603,25.973694,22.408564,19.737455,18.154709,17.447948,15.22996,14.74745,12.178398,14.036393,12.431817,15.2305,15.823712,14.219093,17.727697,15.477919,17.278961,12.177284,13.888764,9.153415,14.593581,10.71399,15.391701,18.20385,16.2355,12.827801,14.737897,8.631398,10.805432,9.534594,12.228499
26,36.231663,32.6386,32.051582,27.07714,25.420464,26.591135,21.018934,23.59031,19.446686,21.941343,21.100983,22.251411,19.607431,18.592773,12.827636,11.992474,11.293597,8.694632,12.55279,7.4231234,10.662141,12.265003,14.247423,7.7769423,6.294409,5.607998,0.0,4.286493,6.0782313,9.376504,11.294335,15.676209,18.740599,21.131828,17.146877,15.08787,19.298704,21.030895,17.203602,16.480639,21.824503,20.688704,17.39367,20.810688,24.234974,22.03428,21.465176,25.234426,27.365662,28.390055,25.89896,25.417435,29.816124,28.769909,26.083853,22.891548,19.494595,18.761091,23.950312,24.056305,17.124363,20.92853,21.105324,25.010057,23.042452,18.751719,18.97068,16.455109,13.633295,15.713991,14.003619,10.507578,10.085151,11.854139,12.47679,14.749412,14.816629,16.299553,17.534536,19.643995,20.12056,23.594833,20.27284,17.014563,14.377028,14.469803,10.651933,10.623925,7.4715557,9.806869,8.9988985,11.743114,13.513905,12.228353,16.132854,13.718642,14.7662735,11.486307,12.191615,8.855553,13.983659,10.77271,15.667612,18.36133,17.170612,14.030078,16.213942,9.978326,12.943173,10.542768,13.793522
27,38.393383,34.906033,33.74354,29.062107,27.035774,27.61951,22.168558,23.685362,19.396656,21.057362,19.704088,20.323872,17.157362,16.659403,10.898186,11.335131,11.672618,10.175152,14.857545,11.020279,14.580764,15.912888,18.107704,11.4976225,9.206836,6.7229395,4.286493,0.0,4.5270305,5.6901493,9.797102,12.99784,16.20807,19.015919,15.883466,14.08886,18.298435,20.447105,17.480309,16.787004,21.93438,21.76296,18.861794,21.975561,25.30898,24.178333,23.72234,26.965431,29.370512,29.820011,27.456202,27.976831,31.958576,30.4702,28.34895,25.388681,21.72392,21.052,25.956415,25.46592,18.374979,22.100582,21.590704,25.35929,23.228867,18.753523,18.554634,15.387993,13.739463,16.729916,13.911658,9.7895975,11.410862,14.057441,14.965967,17.951262,18.313948,19.409689,21.292576,22.851658,23.468077,26.915026,23.210777,20.055267,17.137993,18.084797,13.676941,14.420718,10.823562,12.461551,10.806,12.570692,14.71111,14.310708,18.590544,16.893625,18.465532,15.260997,16.45417,12.949285,18.090508,14.127039,18.69221,21.105556,19.131842,16.049358,16.639454,10.547872,11.909702,8.335884,10.688599
28,35.71161,32.507004,31.026165,26.409258,24.544134,24.468565,19.497673,20.606293,15.995957,17.993624,16.242903,17.483555,14.563123,14.342987,9.6763,8.108938,9.757157,7.616924,13.565517,10.621939,14.997622,17.192497,19.889534,13.747484,12.233725,10.373931,6.0782313,4.5270305,0.0,4.9242563,5.518351,9.844244,12.790145,15.125756,11.543799,9.717933,14.026828,15.940037,13.016638,12.541844,17.553246,17.490232,14.877775,18.040333,21.085844,20.47194,20.472338,23.268524,25.596333,25.723206,23.345432,24.563457,28.154383,26.428408,24.73757,22.153227,18.198624,17.92286,22.58683,21.428648,14.47277,18.53895,18.189703,21.64374,19.04123,14.555057,15.089664,12.009973,9.845373,13.770103,11.726294,7.4895115,8.677996,12.906545,12.630448,16.554914,16.608923,16.791557,19.52872,20.261091,21.330885,24.915749,21.217346,17.937626,14.426384,16.466087,11.22808,13.455171,10.276004,12.47894,11.955875,13.411442,16.41633,16.172327,20.367235,18.413105,19.076578,17.073696,17.054605,14.315854,18.506008,14.589502,18.656654,20.677261,19.05418,16.417059,16.80448,11.398851,13.123435,9.541076,12.295873
29,39.95895,36.839294,34.985428,30.639465,28.528742,28.016745,23.260345,23.393087,18.825846,19.782343,17.367926,17.848309,14.204015,14.918125,10.711893,11.014037,13.329078,12.24198,18.021711,15.261924,19.413364,21.18142,23.584797,17.016552,14.873952,12.285019,9.376504,5.6901493,4.9242563,0.0,7.345168,7.818669,11.8840885,14.388763,12.290322,11.5462885,15.525434,17.501192,15.885363,15.765123,20.170748,20.786541,18.84341,21.775892,24.467659,24.591927,24.93604,27.293526,29.644997,29.300646,26.874493,28.911118,32.00266,29.857748,28.52828,25.958817,22.133257,21.521305,25.772758,24.519108,17.605873,20.96521,19.65775,23.004692,20.737001,16.304682,15.6716795,11.951535,11.961735,15.932562,12.374686,8.129438,11.748375,15.572822,16.270586,20.204578,20.839357,21.270977,24.258677,25.034756,26.226025,29.796759,25.991997,22.794832,19.242092,21.380966,16.000395,17.720528,13.99171,15.146891,13.59048,14.049615,17.039305,17.62535,22.041594,20.902477,22.347181,20.192722,21.13423,18.206562,22.95027,18.868347,23.0011,25.004652,22.839153,20.129652,19.478992,14.250254,14.445628,10.066048,11.062208
30,33.64941,30.886612,28.689922,24.52747,22.635225,21.410799,17.353252,17.139072,12.31067,14.038291,11.51082,13.290859,10.716223,11.161974,9.047765,5.6858654,9.546773,8.274055,14.4405365,13.606056,18.26129,20.869892,24.134535,18.567017,17.353703,15.426465,11.294335,9.797102,5.518351,7.345168,0.0,7.046329,7.995099,10.159714,6.749638,4.385005,8.627065,10.96024,8.981799,8.516102,12.870498,14.173884,12.259013,14.689641,17.331161,18.3942,18.632301,20.364326,22.886059,22.209455,20.258387,22.833733,25.71315,23.569614,22.95722,21.275267,16.921438,17.521517,21.45369,18.828968,12.682088,17.106743,16.801634,19.379416,15.786583,11.481748,13.357687,10.390071,8.421413,13.819301,12.761287,9.182928,10.178979,15.637894,14.049264,18.756342,18.374958,17.168873,20.762215,20.078981,21.467173,24.896334,21.063805,18.050034,14.250648,17.734703,12.357731,16.296595,13.946372,16.33307,16.513515,17.469046,20.952427,20.963058,25.031763,23.01628,23.018229,21.813692,20.863667,18.567741,21.701109,17.565418,20.636295,21.951923,20.334637,18.408367,17.742311,13.853965,14.997261,11.682072,14.034639
31,39.80423,37.342552,34.820927,30.941015,29.120644,27.176895,23.827778,22.531775,17.879526,18.510782,14.804983,15.926462,12.688072,14.876686,13.90482,12.31249,16.344423,15.17265,21.4442,19.8473,24.42009,26.9101,29.58454,23.39729,21.807909,19.636946,15.676209,12.99784,9.844244,7.818669,7.046329,0.0,7.2539477,7.267033,6.664745,8.555259,11.325449,12.061994,12.687712,13.754513,16.369596,17.640066,17.377544,19.948517,21.30022,22.968779,24.60403,25.62963,27.557533,26.214266,23.714191,27.681465,29.364223,26.451862,26.295807,24.536352,20.761036,20.488197,23.473658,21.055725,15.274981,17.938894,15.993595,18.225409,15.570119,11.736648,11.276378,7.6107903,9.736352,14.552038,11.778673,9.129119,12.813427,17.669477,17.3173,22.066929,22.677359,21.986275,26.187914,25.806038,27.779467,31.388035,27.84875,24.708544,20.582533,24.019373,18.026379,20.924578,17.815887,18.839588,18.290167,17.8611,21.604992,22.700842,26.872763,25.870077,26.522215,25.880896,25.902536,23.939558,27.761,24.004517,27.481052,28.94349,27.162336,25.061949,23.9191,19.81706,19.976038,15.897562,16.631294
32,36.147854,33.945614,30.664207,27.587938,25.34202,22.69348,20.058304,17.229027,13.249479,12.455241,8.364601,9.060733,6.3796134,9.284368,11.418336,10.234526,14.5691595,15.213495,20.437624,21.11728,25.715872,28.116472,31.7358,26.146168,24.569613,21.976519,18.740599,16.20807,12.790145,11.8840885,7.995099,7.2539477,0.0,5.442966,7.5026865,6.9741073,7.256729,10.61496,12.2184725,11.788716,13.378151,17.376965,16.828289,17.50657,19.290445,22.843615,23.023848,23.2025,26.036573,24.093813,23.083805,27.341335,29.114632,26.409922,27.309017,26.627422,22.29795,23.40776,26.22989,22.226408,17.70981,21.436993,20.462963,21.763203,17.63987,14.391743,16.338873,13.452212,13.85737,19.444372,18.089602,15.166558,17.31649,22.83603,21.233208,26.16227,25.800907,23.941174,27.895712,26.225714,27.598877,30.602383,26.548603,24.136164,20.661848,24.797613,19.804888,24.161503,21.838984,23.885675,23.73693,24.04782,27.67481,28.203974,32.40481,30.739502,30.90382,29.691326,28.821018,26.284666,29.24954,24.555464,26.900824,27.6008,25.355982,23.984621,21.437456,19.180958,18.56567,15.413303,15.997352
33,37.32036,35.510273,32.294724,29.200108,27.537672,24.35681,22.563679,19.82811,15.795774,15.836484,11.532441,13.260796,11.514529,14.275302,16.276209,13.705726,18.195656,17.700722,23.301798,23.419214,28.055656,30.875008,34.124573,28.567205,27.327333,25.234838,21.131828,19.015919,15.125756,14.388763,10.159714,7.267033,5.442966,0.0,5.4055743,8.037473,7.523662,7.7708035,11.136068,12.3253765,12.44728,15.555976,16.479368,17.623077,17.97485,21.708405,23.449776,23.040085,24.99051,22.644423,20.99253,26.344118,27.015501,23.774755,25.094494,24.636171,20.77845,21.619286,23.49497,19.348911,15.722892,18.39083,16.990955,17.539446,13.622878,11.212594,12.975514,10.92726,12.381901,17.425905,16.603535,14.913487,16.951563,22.312431,20.58269,25.586624,25.535892,23.519857,28.115599,26.322985,28.420609,31.626272,28.181282,25.556133,21.625265,25.999962,20.536655,24.708424,22.555483,24.12987,24.392052,24.149197,28.05555,28.921412,32.893265,31.49149,31.351168,31.217247,30.191376,28.520212,31.27352,27.40404,29.881083,30.636518,29.047699,27.69338,25.930868,23.293211,23.364626,20.026897,20.886147
34,34.505108,32.43966,29.843946,26.111397,24.773273,22.253605,19.86337,18.54824,13.945887,15.574512,11.970642,14.580756,12.8217745,14.456459,14.863148,10.876578,15.105813,13.512003,19.34929,18.861067,23.42658,26.47791,29.509172,24.217312,23.373375,21.843267,17.146877,15.883466,11.543799,12.290322,6.749638,6.664745,7.5026865,5.4055743,0.0,4.5679965,6.2848454,5.516593,6.624214,8.507214,10.068852,11.391844,11.897105,14.166061,14.828891,17.213596,19.329195,19.655952,21.333498,19.694029,17.334393,21.946918,23.175507,20.193516,20.673588,19.73516,15.7615385,16.470844,18.903008,15.277098,10.628614,13.960386,13.172437,14.520994,10.4412,6.8928995,9.602265,7.68958,7.319142,12.653877,12.639163,10.980434,11.9137535,17.403673,15.276648,20.28838,20.135878,18.184649,22.814585,21.331976,23.620499,27.06673,23.890135,20.955088,16.76056,20.986622,15.325094,19.45447,17.583662,19.351826,20.112183,20.205729,24.12134,24.651497,28.438007,26.76141,26.271002,26.479189,25.143097,23.914442,26.429817,23.128307,25.79028,26.767206,25.733286,24.239136,23.587698,20.349304,21.4617,18.219997,20.0664
35,31.285368,28.940725,26.326473,22.537024,20.845736,18.718678,15.711816,14.650416,9.856081,11.783108,8.833431,11.5972185,10.1234865,10.808663,11.086535,6.5280404,10.782057,9.881557,15.336786,15.821206,20.388313,23.293056,26.82487,21.851812,21.006899,19.32296,15.08787,14.08886,9.717933,11.5462885,4.385005,8.555259,6.9741073,8.037473,4.5679965,0.0,4.390939,7.038817,5.8390355,5.40327,8.729678,11.219053,10.033672,11.636512,13.766667,16.177462,16.642841,17.420101,19.97108,18.70443,17.180832,20.695936,22.983875,20.63881,20.89808,20.064007,15.5738325,16.999804,20.213387,16.420288,11.547052,16.137081,16.255917,17.934717,13.493449,9.80847,13.221736,11.084136,8.910698,14.485877,14.709969,12.05718,12.127141,17.82412,15.24624,20.130758,19.32019,17.07237,21.081425,19.308167,20.921926,24.128742,20.442755,17.74526,13.9635935,18.285948,13.285512,18.135166,16.592047,19.153648,19.950933,20.810883,24.460285,24.434738,28.286175,26.094099,25.488928,24.906248,23.18987,21.377796,23.58665,19.65757,21.920942,22.698559,21.421316,20.106504,19.198544,16.468319,17.658957,14.957051,17.281088
