,0,1,2,3,4,5,6,7,8,9,10,11,12,13,14,15,16,17,18,19,20,21,22,23,24,25,26,27,28,29,30,31,32,33,34,35,36,37,38,39,40,41,42,43,44,45,46,47,48,49,50,51,52,53,54,55,56,57,58,59,60,61,62,63,64,65,66,67,68,69,70,71,72,73,74,75,76,77,78,79,80,81,82,83,84,85,86,87,88,89,90,91,92,93,94,95,96,97,98,99,100,101,102,103,104,105,106,107,108
0,0.0,4.729375,6.585559,9.155315,12.45678,13.739954,17.706232,21.403774,23.189142,27.115398,30.744267,34.549725,32.02547,29.932339,25.764256,24.299631,19.988876,19.962275,15.5721855,14.539748,11.347276,11.814566,11.837506,10.065945,12.453354,15.663396,17.49712,16.206749,17.536648,15.448958,19.573317,16.46973,23.665625,19.950733,24.536808,25.941444,26.268652,26.557262,21.828056,18.269703,23.725698,20.541393,23.070475,22.716404,20.797514,20.792505,21.791079,19.776539,23.850988,26.37535,28.718187,28.339516,30.502748,32.81089,29.926723,32.58797,31.727188,31.997568,36.900078,35.431484,32.948174,38.238636,37.128323,40.066147,43.756203,42.199566,41.98955,41.313786,36.710857,34.625195,31.582777,29.003223,25.014084,22.82252,20.03065,17.188976,14.92731,11.493102,11.277611,13.682801,14.640407,18.26967,18.501785,15.853421,18.688429,23.064249,19.763174,18.558386,22.329882,24.308914,22.963856,23.466448,28.840334,28.044617,27.40459,29.968626,32.05728,31.192802,30.256126,33.216793,35.825764,37.756294,37.110664,34.862083,34.924862,29.019587,30.314516,26.394648,26.756231
1,4.729375,0.0,5.259479,6.37444,9.009888,11.838471,14.451859,19.235485,20.537064,25.055592,28.553839,32.469967,30.559912,28.616737,24.499304,22.550068,18.502697,17.606153,13.440847,11.226858,9.151959,7.8313775,9.543009,7.0659747,10.943111,13.816708,14.20223,13.192109,13.968451,13.285305,16.657412,15.047686,22.305943,19.4619,23.95028,25.75698,26.724045,26.565264,22.00094,18.204678,23.086145,19.152983,21.024181,19.81346,18.392056,17.55511,18.951036,16.0373,20.416285,22.495514,25.041563,24.337458,27.12585,29.383812,27.01615,30.017805,29.056133,29.879997,34.857662,33.525238,30.963945,36.037354,34.600967,37.59517,40.819153,39.585953,39.154156,38.102394,33.859333,31.39904,28.681448,26.06117,21.710096,19.950531,16.579027,14.440405,11.473521,8.675081,7.1297183,10.486493,10.127562,13.777106,13.802514,11.156459,14.30168,18.3809,15.164442,14.349775,18.01578,19.847685,18.813063,19.581175,24.550076,23.981716,23.708462,26.32917,28.003859,27.45129,27.003782,29.793114,32.007397,33.72388,33.038963,31.00145,30.860996,25.16035,26.616114,22.546215,23.356216
2,6.585559,5.259479,0.0,5.136593,7.3501706,8.098333,12.172282,15.46439,17.72248,21.119343,25.53378,29.062416,26.593391,24.945738,20.383488,19.240606,15.012595,15.101903,11.243705,10.612951,9.266113,10.650961,13.075584,11.797115,15.580192,17.767849,18.017336,15.935137,15.471283,14.604803,16.27101,14.121051,19.978346,16.216822,21.080338,22.209734,23.582409,24.004768,19.486813,16.197002,21.448612,18.91939,20.215548,20.288765,20.16806,19.364279,21.810034,18.996202,23.704292,25.759872,27.843557,26.17288,29.429909,30.748058,28.212402,30.94454,29.156504,29.756355,34.628212,32.477512,29.639381,34.29389,32.671722,35.2669,38.825768,36.813557,36.25401,35.408077,30.646067,28.446537,25.536024,22.621117,18.84674,16.330923,13.770552,10.639979,8.875936,5.523984,6.7540026,10.563609,11.90844,14.672746,15.732433,12.437599,13.668812,19.04647,16.56089,14.109072,17.49123,20.128935,19.121943,18.658697,23.993168,23.959972,23.248375,24.86929,27.49607,27.452797,26.208885,28.313143,31.206354,33.215355,32.024662,29.662262,29.298262,23.400103,24.233574,20.389051,20.362589
3,9.155315,6.37444,5.136593,0.0,3.6698487,6.0178313,8.6864,13.263802,14.315141,19.104675,22.203022,26.173235,24.411627,22.381544,18.49411,16.222408,12.292344,11.248755,7.11523,5.6879053,4.5212927,6.9803214,9.707375,9.892526,13.451588,14.489025,14.39535,11.519191,10.5764265,9.846133,11.237513,9.718509,16.192122,13.714449,18.085665,20.057528,21.530764,21.158972,16.847084,13.182604,17.682625,14.332519,15.445335,15.15538,15.289673,14.423409,17.275188,14.7808075,19.500874,21.825562,23.383244,21.53889,24.601284,25.710283,23.0914,25.829004,24.085762,24.812832,29.725979,27.846397,25.098532,29.943684,28.43965,31.334635,34.76038,33.347126,33.073677,32.3236,27.97583,25.89154,22.82523,20.7112,16.408142,15.0429,12.171988,10.302015,8.896489,7.548506,6.814353,12.79657,11.412238,13.955392,13.849913,9.900349,11.687931,16.357306,13.0262785,10.191492,14.042867,16.373718,14.694406,14.530587,20.329403,19.509195,18.608746,20.85093,23.279316,22.679974,21.4735,24.102947,26.876867,28.958899,28.225737,25.822302,26.24128,20.139132,21.76475,18.1594,19.011765
4,12.45678,9.009888,7.3501706,3.6698487,0.0,5.17369,5.442246,10.968765,11.728633,16.718666,20.00126,23.882141,22.582926,20.885218,16.996485,14.566114,11.139943,9.375415,6.308422,4.062127,6.2952814,7.618832,11.629858,11.75617,15.659415,16.1977,14.87718,12.068401,9.784267,10.79066,9.90273,10.328296,15.495981,13.804835,17.902416,19.900885,22.068043,21.534422,17.650972,14.301961,18.002752,14.760133,14.741612,14.1414995,15.539304,13.855975,17.463007,14.325746,19.186193,20.965864,22.42775,19.806854,23.661034,24.238613,22.134655,25.019722,22.824474,24.007814,28.845743,26.7758,23.873714,28.228216,26.307455,29.063309,32.14175,30.723486,30.165268,29.113997,24.92281,22.55036,19.74652,17.499367,12.984201,11.947425,8.74062,7.7257485,6.508657,6.909249,5.993103,12.331447,10.3498745,11.962313,12.075694,7.9251165,8.507154,13.457576,10.744613,7.0777035,10.638292,13.314829,11.999461,11.338152,16.94676,16.667263,15.946455,17.70152,20.176207,20.201405,19.139244,21.203613,23.884438,25.887875,24.868155,22.51619,22.639874,16.596853,18.16135,14.506713,15.564243
5,13.739954,11.838471,8.098333,6.0178313,5.17369,0.0,6.02367,7.679614,9.921358,13.442331,17.456106,21.000982,18.753166,17.051888,12.710299,11.190668,7.1260443,7.468167,4.804568,6.983569,8.009147,12.14884,15.019958,15.824106,19.208569,19.618574,19.255348,15.695302,13.378891,12.822829,11.134729,9.60472,12.827999,9.66251,14.246891,15.4931345,17.859432,17.98077,14.124095,11.484715,15.675064,14.467587,14.298496,15.80694,17.834705,16.990644,20.868532,18.670517,23.354006,25.497623,26.390425,23.43158,26.919638,26.732327,24.081541,26.362299,23.542997,24.040958,28.64537,25.733105,22.655354,26.773226,24.993258,27.361584,31.15035,28.848629,28.474722,28.045488,23.135065,21.512207,18.09214,15.957758,12.458724,10.559825,9.319177,6.9049788,8.504112,8.448047,9.872738,15.423521,15.026577,16.36351,17.047167,12.958174,12.247225,17.665361,15.430084,10.837549,13.74184,16.847467,15.2056265,13.252812,19.309092,19.06801,17.53479,18.295248,21.981802,22.00527,19.721712,21.342752,24.988176,27.439196,26.15861,23.339695,23.723515,17.457293,18.41621,15.475198,15.424975
6,17.706232,14.451859,12.172282,8.6864,5.442246,6.02367,0.0,6.8875127,6.6431327,12.119515,15.064662,18.856197,18.191334,16.791891,13.340081,10.522367,8.355354,5.6432447,5.7255454,5.3866935,9.554502,11.628638,15.518598,16.453793,20.002548,19.612677,17.690062,14.411262,10.719992,12.59662,8.266186,10.592204,12.728653,12.406067,15.633146,17.63273,20.633764,19.846403,16.851187,14.316269,16.582819,14.343513,12.635724,12.7482195,16.182549,14.181827,18.754704,15.928475,20.467045,21.913908,22.553663,18.759815,23.104034,22.380013,20.599987,23.213495,20.11151,21.528927,26.055532,23.427559,20.319435,23.90598,21.565771,24.064665,27.005445,25.408943,24.737537,23.698994,19.551825,17.29437,14.388883,12.631517,8.036597,8.192115,5.9561224,6.950428,8.208571,10.477947,10.295684,16.02975,13.774066,13.965609,14.111207,10.261564,8.497579,12.916955,11.239004,5.947259,8.075796,11.248999,9.842995,7.3452005,13.294698,13.34542,12.1567745,12.77478,16.102928,16.708292,15.038359,16.253271,19.393095,21.641386,20.319582,17.676886,18.08382,11.789742,13.439392,10.489554,11.757306
7,21.403774,19.235485,15.46439,13.263802,10.968765,7.679614,6.8875127,0.0,4.640631,5.843899,10.918594,13.812867,11.9321785,11.105208,6.835198,5.951407,4.935234,5.9027286,8.40489,11.31135,14.137856,17.960854,21.182314,22.459286,25.772778,25.356447,24.173693,20.377287,16.822702,17.35432,12.463013,12.979258,10.975627,9.736642,12.495348,13.081108,16.967995,17.025421,14.890499,13.977055,15.81682,16.51493,14.222051,16.8088,20.933132,19.728182,24.4506,22.41996,26.741201,28.381815,28.46329,24.263803,28.268372,26.494284,24.364052,26.148977,22.15946,22.81412,26.728903,22.842651,19.505945,22.071623,19.643213,21.231808,24.983501,21.851532,21.19915,20.978197,15.690099,14.627845,10.847414,9.296896,7.3777337,6.399148,8.401582,8.184345,12.079455,13.953954,15.528436,20.488388,19.812723,19.732481,20.619764,16.91552,14.132881,18.801374,17.936895,12.590551,13.497056,16.776724,15.445873,11.675621,16.888428,17.3907,15.365708,13.859853,18.79984,19.79252,16.584074,16.41331,20.82364,23.545908,21.655062,18.489925,18.984013,13.056504,13.27418,12.0018015,11.263226
8,23.189142,20.537064,17.72248,14.315141,11.728633,9.921358,6.6431327,4.640631,0.0,7.153147,8.429287,12.298084,12.202124,10.843149,8.707176,5.17107,6.2144375,4.1078053,8.32008,10.5365715,13.996076,17.425465,20.455791,22.320568,25.245886,24.090818,22.515755,18.61721,14.645751,15.787062,9.601675,11.8947,9.119591,10.645067,12.034109,13.820487,17.559895,16.55342,15.018195,13.982916,14.272918,14.314618,11.051596,13.32547,18.242002,16.873936,21.811222,20.174797,24.054586,25.635466,25.140547,20.657501,24.519203,22.243711,20.307589,22.015049,17.839607,18.838892,22.685347,19.045155,15.731207,18.322115,15.785544,17.864592,21.328451,19.138458,18.828924,18.600378,14.150877,13.149239,9.273998,9.582649,6.857375,8.662528,9.653096,11.074602,14.040489,16.37398,16.85388,22.346113,20.290222,20.0166,20.055382,16.482307,14.084919,17.396559,16.247393,11.046948,11.5555935,14.214035,12.357766,8.437553,13.82811,13.4832325,11.065249,9.795816,14.80621,15.350544,11.948065,12.11491,16.5679,19.440475,18.071339,14.792519,16.453897,10.3585005,11.914687,11.268009,12.044881
9,27.115398,25.055592,21.119343,19.104675,16.718666,13.442331,12.119515,5.843899,7.153147,0.0,7.9399014,9.053112,7.2099633,8.075797,5.174094,6.6499605,8.848131,10.202238,13.757966,16.751005,19.710983,23.541864,26.719719,28.187735,31.40699,30.68369,29.322199,25.459045,21.623316,22.333502,16.628193,17.568018,12.835815,12.721977,13.680842,13.274906,17.775656,18.024494,17.328728,17.650517,18.095032,20.19704,17.099344,20.313967,25.184896,24.01268,28.920362,27.149399,31.153137,32.553745,32.14972,27.424843,31.466465,28.726528,26.918337,28.175375,23.573809,24.107748,27.218082,22.633348,19.34471,20.25795,17.463488,17.960978,21.749706,17.482615,16.584763,16.877983,11.022476,11.22248,7.197832,7.022929,8.546912,8.578746,12.278244,12.814598,17.038893,19.242863,21.006046,25.487288,24.964998,24.313812,25.347725,21.965126,18.497053,22.486454,22.3852,17.16361,16.980654,19.990097,18.951693,14.643118,18.469868,19.44105,17.220964,13.980511,19.510456,21.110134,17.329832,15.522869,20.381985,23.210716,20.877296,17.594452,18.150219,13.398064,12.622379,13.299457,11.796006
10,30.744267,28.553839,25.53378,22.203022,20.00126,17.456106,15.064662,10.918594,8.429287,7.9399014,0.0,4.7019725,7.0641418,6.0978756,8.781904,6.8314443,11.200263,11.048545,15.440712,18.357197,21.165436,25.225891,27.52976,30.06364,32.40853,30.625006,29.412907,25.215342,21.379484,21.864742,15.508368,17.206251,10.152154,13.610691,11.810253,12.777548,16.745646,15.484025,16.43935,17.370813,15.111177,17.793211,13.773221,17.611954,23.065142,22.427132,27.216478,26.731064,29.826536,31.48988,29.9307,25.175303,28.138695,24.375877,22.443726,22.804218,17.83094,18.01826,20.277788,15.389407,12.289065,12.341419,9.731674,10.562754,15.138962,11.829934,12.6379795,14.348056,10.205893,12.181403,8.09544,11.929043,12.541481,14.844918,17.29603,18.722294,22.22283,24.503674,25.26276,30.651922,28.644129,28.126642,28.017109,24.645731,22.087557,24.523169,23.67693,18.871626,18.613165,20.529,18.552671,14.736568,18.316118,17.512693,14.489136,11.643096,17.048655,17.231764,12.437602,10.9905615,16.337305,19.609568,18.529594,15.042489,18.201635,14.027723,15.080319,16.798264,17.070177
11,34.549725,32.469967,29.062416,26.173235,23.882141,21.000982,18.856197,13.812867,12.298084,9.053112,4.7019725,0.0,5.538421,6.9466896,10.337833,10.470517,14.7487,15.296199,19.62288,22.645897,25.510105,29.565979,32.06284,34.418953,36.935673,35.27137,33.970516,29.84209,25.932005,26.503979,20.150467,21.667444,14.310355,17.012913,15.010883,14.844087,18.92158,18.244354,19.76717,21.247028,19.012545,22.341185,18.401096,22.252268,27.75694,27.049797,31.866526,31.232233,34.334354,35.783985,34.212387,29.25164,32.38157,28.291197,26.672018,26.799095,21.729702,21.823612,23.381119,18.229254,15.509953,13.806911,11.09995,10.053914,14.446055,9.327113,9.888982,12.492607,8.146537,11.661358,8.394349,12.564981,14.855604,16.832476,20.054138,21.424791,25.291872,27.673016,28.82662,33.80181,32.273006,31.459248,31.723555,28.49791,25.398607,27.899395,27.63878,22.825891,22.118952,24.12011,22.600416,18.564821,21.214825,21.142557,18.395262,14.586448,19.888893,20.783836,16.20898,13.47592,18.54719,21.604918,20.021706,16.754396,19.344603,16.332308,16.356222,18.885187,18.432207
12,32.02547,30.559912,26.593391,24.411627,22.582926,18.753166,18.191334,11.9321785,12.202124,7.2099633,7.0641418,5.538421,0.0,3.8307583,6.3459125,8.8361025,12.374389,14.488236,18.190207,21.960888,24.172115,28.92674,31.268965,33.453217,36.06094,34.88205,34.196865,29.867495,26.2935,26.034044,20.493193,20.494957,13.332667,14.048616,12.655814,11.13365,15.448633,15.873558,17.043983,18.9271,17.833567,21.979364,18.844543,23.394743,28.305246,27.952684,32.6936,31.991983,35.55429,37.384644,36.242493,31.612902,34.69861,31.253849,28.98604,29.265722,24.420216,23.99693,26.077494,20.763294,17.869019,17.55249,15.57675,15.039685,19.887875,14.656251,15.018358,17.275826,11.897372,14.624791,10.8063545,13.059512,15.305749,15.781994,19.377258,19.615782,23.85165,25.635248,27.450994,32.25726,31.637045,31.242594,31.9279,28.36524,25.355679,28.975813,28.40633,23.194721,23.200726,25.787243,24.14423,20.032967,23.793625,23.836489,21.007444,17.807983,23.416203,24.131771,19.432884,17.651552,22.912735,26.03205,24.26309,20.877024,22.714449,18.764236,18.335085,19.940905,18.63335
13,29.932339,28.616737,24.945738,22.381544,20.885218,17.051888,16.791891,11.105208,10.843149,8.075797,6.0978756,6.9466896,3.8307583,0.0,5.436349,6.4504976,10.114843,12.256349,15.795159,19.82237,21.597101,26.729893,28.585617,31.130869,33.378376,32.00864,31.71906,27.194971,23.886759,23.079704,17.90022,17.370779,9.789651,11.000953,8.949366,7.9702854,12.221056,12.199149,13.504187,15.52237,14.050684,18.523626,15.616372,20.625708,25.256348,25.312862,29.87545,29.657272,33.08565,35.267677,33.963566,29.665316,32.227245,28.97462,26.250502,26.387802,21.72207,20.92922,23.210464,17.951408,15.015606,15.752547,14.361378,14.709517,20.048916,15.771941,16.814127,19.119772,14.116133,16.437017,12.169421,14.527001,15.541057,16.181995,19.128386,19.195919,23.15134,24.65739,26.19406,31.470715,30.466558,30.463451,30.755833,26.992529,24.62271,28.193125,26.95389,21.76741,22.316797,24.753506,22.585793,18.821142,23.341845,22.570494,19.45486,17.22712,22.727036,22.585432,17.647919,17.016417,22.36802,25.652594,24.460987,20.961817,23.490969,18.884775,19.278603,20.362196,19.636436
14,25.764256,24.499304,20.383488,18.49411,16.996485,12.710299,13.340081,6.835198,8.707176,5.174094,8.781904,10.337833,6.3459125,5.436349,0.0,4.952971,6.6798735,9.879425,12.753108,16.838732,18.629486,23.62643,25.957966,27.8772,30.621109,29.89683,29.518665,25.211819,21.950699,21.283226,16.560751,15.635616,10.212021,8.835525,9.583898,8.326709,12.820247,13.620578,13.041923,14.12195,14.806262,18.21426,15.874942,20.271132,24.505644,24.193678,28.806416,27.805088,31.78149,33.851055,33.278614,29.081493,32.27629,29.781399,27.119999,27.981825,23.590424,23.250483,26.369625,21.568787,18.37451,20.096,18.247475,19.01604,23.794151,19.554447,19.632853,20.855337,15.143928,16.118105,11.830951,12.1307745,12.671661,12.00907,15.057393,14.385933,18.54501,19.831762,21.839794,26.7356,26.456722,26.548878,27.352057,23.53828,20.960276,25.38233,24.314396,18.955666,19.799177,22.775558,20.986174,17.123545,22.07758,22.0172,19.31061,17.233377,22.748825,23.194115,18.84822,18.335016,23.486643,26.581316,24.878134,21.440418,22.804152,17.580904,17.474464,17.59749,16.284964
15,24.299631,22.550068,19.240606,16.222408,14.566114,11.190668,10.522367,5.951407,5.17107,6.6499605,6.8314443,10.470517,8.8361025,6.4504976,4.952971,0.0,4.4236765,5.833255,9.537321,13.388047,15.47095,20.323631,22.456095,24.818775,27.269245,26.053492,25.510735,21.105156,17.721863,17.243116,11.983449,11.873788,6.201567,7.300255,7.633787,8.814044,12.823696,12.180187,11.352593,11.631484,11.467817,13.933124,11.105926,15.41548,19.90286,19.587038,24.24217,23.553179,27.273893,29.441164,28.584444,24.464977,27.396156,24.90228,22.169199,23.11238,18.800364,18.666607,22.11725,17.720476,14.422413,17.042711,15.268334,17.001587,21.62129,18.650711,19.108608,20.090502,15.144346,15.642141,11.185788,12.304286,11.235134,11.907954,13.786587,13.927199,17.406454,18.946802,20.05021,25.630943,24.20467,24.407555,24.506214,20.652412,18.679134,22.393854,20.771677,15.550157,16.610981,19.177042,16.868086,13.317295,18.769167,17.829664,14.8854,13.725308,18.98324,18.714403,14.335723,14.813339,19.853802,23.026672,21.941528,18.475117,20.716421,15.038844,16.145653,16.028269,15.973973
16,19.988876,18.502697,15.012595,12.292344,11.139943,7.1260443,8.355354,4.935234,6.2144375,8.848131,11.200263,14.7487,12.374389,10.114843,6.6798735,4.4236765,0.0,4.4246807,6.1447496,10.556819,11.969973,17.212078,19.28964,21.365278,23.957638,23.255934,23.10162,18.74473,15.81718,14.770573,10.839278,9.308677,7.039165,4.9059587,8.122938,9.341874,12.642223,12.499276,9.993459,9.163991,11.254534,12.739884,11.194962,15.017104,18.517927,18.301422,22.696041,21.721172,25.822344,28.204031,27.916874,24.309849,27.256285,25.681717,22.681791,24.063997,20.360277,20.228281,24.24359,20.400387,17.196903,20.761724,19.207638,21.266827,25.73324,22.991213,23.224298,23.767628,18.687252,18.405176,14.18914,13.852678,11.731937,11.182839,12.19065,11.251835,14.413186,15.297079,16.603235,22.231165,21.232887,21.959175,22.212578,18.140743,16.705904,21.171516,19.101292,13.889134,15.847569,18.699636,16.383163,13.355965,19.494967,18.608866,16.018723,15.841595,20.622532,20.227238,16.485935,17.738007,22.350283,25.332663,24.243237,20.940195,22.56712,16.410574,17.50449,16.226492,16.064081
17,19.962275,17.606153,15.101903,11.248755,9.375415,7.468167,5.6432447,5.9027286,4.1078053,10.202238,11.048545,15.296199,14.488236,12.256349,9.879425,5.833255,4.4246807,0.0,4.511839,7.6180015,10.274508,14.574541,16.99131,19.224077,21.81976,20.676743,19.799482,15.551418,12.086297,12.148997,6.885605,7.854617,7.1318836,8.031873,10.250844,12.711669,15.701805,14.524203,12.14869,10.364578,11.477436,10.849445,8.524694,11.153894,15.2374115,14.444368,19.121351,17.94026,21.925625,24.09981,23.702927,19.920616,23.113047,21.557508,18.896414,20.673298,17.068447,17.635414,21.947237,18.72636,15.53884,19.403315,17.603354,20.21543,24.03086,22.295498,22.454428,22.477455,18.150656,17.23545,13.364382,13.369986,10.028172,10.859329,10.688911,11.089209,13.38439,14.921004,15.150841,21.167559,18.95558,19.471905,19.126514,15.172767,14.026303,17.631947,15.336125,10.222205,12.158681,14.653101,12.064726,9.257726,15.673907,14.326015,11.809582,12.433369,16.706768,16.09821,12.840756,14.670513,18.80715,21.660402,20.904652,17.75377,19.724627,13.409899,15.423419,13.931715,14.92016
18,15.5721855,13.440847,11.243705,7.11523,6.308422,4.804568,5.7255454,8.40489,8.32008,13.757966,15.440712,19.62288,18.190207,15.795159,12.753108,9.537321,6.1447496,4.511839,0.0,4.7867656,6.0439353,11.15925,13.237118,15.351968,17.944458,17.30316,17.076452,12.827152,10.251051,9.225605,6.754872,5.361218,9.282095,8.11718,11.725992,14.1915655,16.267881,15.361838,11.788479,8.762171,11.865872,9.888196,9.562779,11.320578,13.677848,13.224206,17.321508,16.04691,20.344393,22.898312,23.081018,20.164684,23.011116,22.579023,19.5687,21.665493,18.931353,19.318533,23.997421,21.394966,18.454098,23.074848,21.661089,24.497255,28.321596,26.787092,26.951664,26.825615,22.454226,21.193392,17.519892,16.695337,12.843365,12.613899,11.276263,10.52312,11.732631,12.240261,12.256628,18.507006,16.472918,17.830309,17.390083,13.194491,13.302841,17.427927,14.317143,9.71141,12.902862,15.356403,12.715252,11.160116,17.792688,16.275425,14.257986,15.98853,19.474371,18.4733,15.961031,18.553608,22.166813,24.782312,24.216461,21.315546,22.881418,16.484173,18.48181,16.050646,17.012394
19,14.539748,11.226858,10.612951,5.6879053,4.062127,6.983569,5.3866935,11.31135,10.5365715,16.751005,18.357197,22.645897,21.960888,19.82237,16.838732,13.388047,10.556819,7.6180015,4.7867656,0.0,4.7994537,6.9870152,10.220264,11.797244,14.854105,14.289028,12.966904,9.334363,6.4279633,7.5599604,5.972271,7.5264106,13.105791,12.872124,16.168402,18.908539,20.879446,19.641745,16.090149,12.613005,15.320679,11.277805,11.10454,10.097449,11.797236,10.214508,14.216503,11.832472,16.447182,18.643452,19.421421,16.760801,20.132849,20.516212,18.148369,20.971571,18.893757,20.097677,24.981089,23.243177,20.497854,25.169632,23.522472,26.62602,29.674044,28.887339,28.744936,27.937738,24.188591,22.131441,19.132383,17.92919,13.232738,13.469176,10.585479,10.712143,10.123194,10.961415,9.415501,15.828305,12.512153,13.974609,12.915453,8.781804,10.059007,13.485511,9.811271,6.002943,9.933269,11.933216,9.515873,9.37139,15.5589285,14.060616,12.964716,15.653322,17.89352,17.011961,15.888241,18.769413,21.36424,23.49806,23.103533,20.68692,21.842873,15.700092,18.143248,15.02507,16.851921
20,11.347276,9.151959,9.266113,4.5212927,6.2952814,8.009147,9.554502,14.137856,13.996076,19.710983,21.165436,25.510105,24.172115,21.597101,18.629486,15.47095,11.969973,10.274508,6.0439353,4.7994537,0.0,6.571567,7.4369273,9.77552,11.993133,11.795039,12.452828,8.494904,7.9770713,5.5259347,8.339057,6.0708213,13.823626,12.507965,16.098867,18.836428,19.813059,18.7288,14.593403,10.595779,14.424558,10.155044,11.9367285,11.634354,11.179874,11.1257105,13.875129,12.684821,16.986216,20.004156,20.839231,19.33005,21.4426,22.5501,19.392838,21.904827,20.511831,20.954124,25.896238,24.4263,21.937935,27.269829,26.245695,29.491707,33.02995,32.209084,32.454502,32.074627,28.084946,26.421856,23.0816,21.957209,17.55865,17.168737,14.565384,13.515277,12.680392,11.981596,10.668728,16.837746,14.180603,16.661676,15.479255,11.526597,13.95201,17.44592,13.199187,10.522667,14.600635,16.289959,13.632504,13.999922,20.215282,18.172922,16.852808,19.982908,22.206879,20.53799,19.165047,22.705412,25.44437,27.675146,27.620674,25.140108,26.602238,20.415106,22.786036,19.663876,21.109972
21,11.814566,7.8313775,10.650961,6.9803214,7.618832,12.14884,11.628638,17.960854,17.425465,23.541864,25.225891,29.565979,28.92674,26.729893,23.62643,20.323631,17.212078,14.574541,11.15925,6.9870152,6.571567,0.0,5.2669516,5.1453786,8.777436,9.287969,7.6197505,6.1577687,6.545528,7.9781923,10.999959,11.911446,19.308949,18.737724,22.189455,25.035568,26.298792,25.017149,21.072948,17.081526,20.250372,14.80018,16.057745,13.137434,11.794423,10.057003,11.812177,8.414552,13.073015,15.271947,17.383766,16.573801,19.385239,21.694168,19.70725,23.024609,22.395176,23.822487,28.784515,28.15761,25.836891,30.92296,29.513496,32.889088,35.505707,35.359753,35.150578,33.96149,30.631025,28.10355,25.583338,23.969265,19.024437,18.97392,15.148745,14.994706,12.273095,11.909472,8.568924,13.865091,9.398048,12.242554,10.10101,7.071361,11.538188,13.568857,8.961958,9.133247,13.002791,13.799851,12.141068,14.123809,18.8823,17.28319,17.267118,20.94184,21.670677,20.463303,20.764765,24.181826,25.687449,27.215275,27.2322,25.440317,26.159235,20.655817,23.200897,19.480566,21.63729
22,11.837506,9.543009,13.075584,9.707375,11.629858,15.019958,15.518598,21.182314,20.455791,26.719719,27.52976,32.06284,31.268965,28.585617,25.957966,22.456095,19.28964,16.99131,13.237118,10.220264,7.4369273,5.2669516,0.0,4.7238436,4.879777,4.797965,6.73976,4.937262,8.316816,6.5659733,12.584922,11.801735,20.03616,19.542576,22.581509,25.697386,26.063848,24.536226,20.576004,16.472137,19.532393,13.637253,16.262444,13.591932,10.029506,10.118706,10.015014,9.142871,12.543545,15.919137,17.51229,18.048376,19.026896,22.005987,19.234037,22.155111,22.41162,23.200283,28.084637,28.039593,26.128822,31.8091,31.07201,34.710262,37.65189,37.840267,38.150986,37.427864,34.131363,32.069115,29.180048,28.09988,23.27619,23.299734,19.850857,19.31082,17.000273,15.9735775,13.136529,18.050316,14.102346,17.258638,14.807383,12.253504,16.765265,18.365948,13.37481,13.674704,17.60071,17.987623,15.61796,17.887539,22.95178,20.349123,19.914827,24.247541,24.904604,22.589369,22.664747,26.93783,28.503042,30.165981,30.7954,28.914152,30.415878,24.813396,27.676859,24.243475,26.398567
23,10.065945,7.0659747,11.797115,9.892526,11.75617,15.824106,16.453793,22.459286,22.320568,28.187735,30.06364,34.418953,33.453217,31.130869,27.8772,24.818775,21.365278,19.224077,15.351968,11.797244,9.77552,5.1453786,4.7238436,0.0,4.8380933,7.62166,7.7355857,8.327631,10.842843,10.779977,15.623334,15.308923,23.361345,22.195358,25.819315,28.551859,29.236237,28.129076,23.91582,19.80538,23.46793,17.910242,20.089518,17.191391,14.273141,13.372984,13.27757,10.612946,14.249613,16.587507,19.298922,19.850307,21.738901,25.014076,22.920937,26.154118,26.261942,27.416636,32.33831,32.12796,30.022537,35.42596,34.288155,37.757576,40.466297,40.396217,40.26496,39.104053,35.704624,33.157906,30.624203,28.802029,23.920824,23.438625,19.566082,18.811003,15.604911,14.1816845,10.941258,14.573369,10.938783,14.542509,12.473912,10.691468,15.584894,17.330048,12.9796095,14.127107,17.813284,18.340548,16.939375,19.229776,23.656265,22.01334,22.151804,26.044973,26.486307,25.023119,25.542728,29.223732,30.543432,31.924932,32.10524,30.4579,31.046738,25.696407,28.11649,24.215635,26.169962
24,12.453354,10.943111,15.580192,13.451588,15.659415,19.208569,20.002548,25.772778,25.245886,31.40699,32.40853,36.935673,36.06094,33.378376,30.621109,27.269245,23.957638,21.81976,17.944458,14.854105,11.993133,8.777436,4.879777,4.8380933,0.0,4.405237,7.5909314,8.604628,12.570311,11.1671,17.375467,16.44644,24.77158,23.998531,27.118317,30.137785,30.178535,28.75832,24.714155,20.633879,23.853432,17.958473,20.901892,17.91601,13.53164,13.764641,12.051059,11.358759,13.604899,16.71062,18.962605,20.689453,21.070194,24.95914,22.477144,25.40422,26.348856,27.133926,31.88042,32.311127,30.60829,36.384346,35.75727,39.461304,42.263763,42.64507,42.918625,42.05438,38.84866,36.60523,33.86937,32.5579,27.673182,27.49204,23.801565,23.083303,20.207424,18.706587,15.683856,19.284273,15.61787,19.10554,16.554693,14.995835,19.991667,21.102915,16.343145,17.701456,21.423866,21.490667,19.561838,22.241112,26.75969,24.281229,24.223358,28.716784,28.891947,26.557287,27.113852,31.462402,32.64359,34.04555,34.79861,33.165714,34.424118,29.07793,31.882025,28.228756,30.390055
25,15.663396,13.816708,17.767849,14.489025,16.1977,19.618574,19.612677,25.356447,24.090818,30.68369,30.625006,35.27137,34.88205,32.00864,29.89683,26.053492,23.255934,20.676743,17.30316,14.289028,11.795039,9.287969,4.797965,7.62166,4.405237,0.0,5.7624273,6.016092,10.525753,8.961753,15.268847,14.936553,22.919409,23.186813,25.607758,29.04667,29.027609,27.075415,23.480066,19.51602,21.709692,15.32166,18.235147,14.803077,9.746851,10.513744,8.032028,9.0125065,10.489195,14.348708,15.701492,17.708832,17.223576,21.142664,18.463247,21.27244,22.621483,23.40006,28.015648,28.898048,27.467693,33.304554,32.933002,36.799767,39.46081,40.353584,40.91589,40.230648,37.41906,35.421375,32.641495,31.983852,27.093609,27.575184,24.060173,23.8937,21.48673,20.617273,17.50754,21.961224,17.472229,20.481373,17.378254,15.6166115,20.453194,20.86769,15.736861,17.049463,20.637062,20.255655,17.783613,20.759968,25.253027,22.007036,21.777145,26.728613,26.629087,23.62098,24.262754,29.052425,30.042477,31.469072,32.708057,31.097721,33.05091,27.808752,31.061884,27.815502,30.36694
26,17.49712,14.20223,18.017336,14.39535,14.87718,19.255348,17.690062,24.173693,22.515755,29.322199,29.412907,33.970516,34.196865,31.71906,29.518665,25.510735,23.10162,19.799482,17.076452,12.966904,12.452828,7.6197505,6.73976,7.7355857,7.5909314,5.7624273,0.0,4.9158773,8.038692,10.018274,14.055098,16.032051,23.323988,24.20041,26.665174,30.156452,30.96344,28.908964,25.490656,21.544975,23.334259,16.72122,18.264286,13.515284,10.012605,8.333086,6.71028,4.0741615,6.5350842,9.393918,11.727982,13.310957,14.390427,18.401697,16.986319,20.50492,21.51495,23.296469,27.932278,28.79865,27.180534,32.44587,31.483904,35.26856,37.217636,38.385384,38.515114,37.25064,34.921005,32.411648,30.215302,29.404352,24.344877,25.298422,21.397299,22.099613,19.308144,19.317204,15.5826845,19.791304,14.159937,16.4817,12.783835,11.813601,16.760859,15.914803,10.963896,13.641885,16.60997,15.62497,13.807273,17.430294,20.855816,18.030972,18.604132,23.524912,22.624186,20.263285,21.881659,26.178436,26.457535,27.453135,28.5664,27.371508,28.85287,24.167791,27.495487,24.191692,27.197376
27,16.206749,13.192109,15.935137,11.519191,12.068401,15.695302,14.411262,20.377287,18.61721,25.459045,25.215342,29.84209,29.867495,27.194971,25.211819,21.105156,18.74473,15.551418,12.827152,9.334363,8.494904,6.1577687,4.937262,8.327631,8.604628,6.016092,4.9158773,0.0,4.5278807,5.16755,9.712899,11.204228,18.52304,19.529913,21.803818,25.366854,26.117619,23.99991,20.657969,16.777348,18.430305,11.882011,13.590592,9.543125,6.224351,5.279774,5.8837943,5.1898394,8.693936,12.276363,13.119764,13.296374,14.325831,17.10589,14.619467,17.833618,18.178747,19.507591,24.34333,24.67976,22.907175,28.389511,27.593636,31.37628,33.85712,34.674652,35.06792,34.253365,31.57034,29.518736,26.851171,26.392319,21.49087,22.467516,19.06082,19.555801,17.605844,17.675592,14.559855,19.949158,14.871696,17.157372,14.021261,11.598031,15.797454,16.143856,10.88735,11.547377,15.03817,14.713796,11.907958,14.796047,19.458931,16.180153,15.858702,20.720676,20.78825,18.044209,18.602571,23.150936,24.250006,25.794544,26.83992,25.127565,27.1569,21.871473,25.25469,22.240786,25.00957
28,17.536648,13.968451,15.471283,10.5764265,9.784267,13.378891,10.719992,16.822702,14.645751,21.623316,21.379484,25.932005,26.2935,23.886759,21.950699,17.721863,15.81718,12.086297,10.251051,6.4279633,7.9770713,6.545528,8.316816,10.842843,12.570311,10.525753,8.038692,4.5278807,0.0,5.820972,6.1840925,9.9107275,15.955772,17.50497,19.664835,23.172316,24.632874,22.514545,19.463953,15.865748,17.07521,11.054104,11.210668,6.9152017,7.0563073,4.183638,8.114298,5.9309354,10.155125,12.741264,13.1790695,11.386567,14.057323,15.469519,13.402709,16.782404,16.000433,17.820017,22.700201,22.410015,20.286827,25.289665,24.021893,27.654282,29.973763,30.611729,30.783625,29.81079,27.182995,25.034046,22.490294,22.132496,17.233973,18.654184,15.397409,16.54317,15.10992,16.069738,13.198016,19.026598,13.857648,15.309208,12.470496,9.540509,12.635832,13.050336,8.05178,7.5807753,10.899343,10.793076,7.646249,10.274937,15.203665,12.087409,11.668602,16.277279,16.633774,14.405258,14.806948,18.922716,20.19825,21.86849,22.59443,20.756021,22.738415,17.364573,20.813505,17.997557,20.92556
29,15.448958,13.285305,14.604803,9.846133,10.79066,12.822829,12.59662,17.35432,15.787062,22.333502,21.864742,26.503979,26.034044,23.079704,21.283226,17.243116,14.770573,12.148997,9.225605,7.5599604,5.5259347,7.9781923,6.5659733,10.779977,11.1671,8.961753,10.018274,5.16755,5.820972,0.0,7.0955753,6.2671075,14.003966,14.788909,16.932686,20.505116,21.008074,18.927198,15.522231,11.663415,13.49033,7.2611494,9.748801,8.005177,5.77749,6.9331365,9.111663,9.886888,13.179768,16.906456,16.861015,16.07219,16.8338,18.273546,14.692103,17.145088,16.650244,17.0824,22.025778,21.575556,19.613844,25.385748,24.88333,28.576593,31.820229,32.054672,32.776478,32.565434,29.347956,27.918959,24.65463,24.519331,20.009846,20.735819,18.11419,18.051916,17.179928,17.048958,14.975817,21.061834,17.06258,19.339941,17.014866,13.614876,16.706882,18.446386,13.504155,11.959944,15.729152,16.287012,12.866288,14.365207,20.211388,16.801369,15.39729,19.749418,21.10044,18.144527,17.205908,21.832157,23.991251,26.12692,26.990824,24.709997,27.194437,21.347132,24.542816,21.892164,24.125994
30,19.573317,16.657412,16.27101,11.237513,9.90273,11.134729,8.266186,12.463013,9.601675,16.628193,15.508368,20.150467,20.493193,17.90022,16.560751,11.983449,10.839278,6.885605,6.754872,5.972271,8.339057,10.999959,12.584922,15.623334,17.375467,15.268847,14.055098,9.712899,6.1840925,7.0955753,0.0,6.4758725,10.017192,12.59465,14.024803,17.62773,19.471842,17.213598,14.757741,11.866888,12.06057,7.5418673,5.857604,4.734838,8.691347,7.634038,12.369607,11.845618,15.343257,17.911644,17.176752,14.067648,16.54334,15.829053,12.964478,15.396047,12.973991,14.196274,19.052357,17.554808,14.998264,19.933262,18.683622,22.20212,25.22221,25.284723,25.791615,25.474531,22.440859,21.080664,17.890285,18.359222,14.068203,15.839237,13.9239,15.065922,15.419351,16.773582,15.253121,21.581797,17.545036,18.477818,16.640205,13.048642,13.993253,15.622172,11.833821,8.430816,11.139227,12.062193,8.302548,8.270138,14.53605,11.240627,9.09209,12.824299,14.976415,12.626416,10.861124,14.917342,17.587162,20.03917,20.534397,17.95945,20.754658,14.85019,18.225142,16.318987,18.766235
31,16.46973,15.047686,14.121051,9.718509,10.328296,9.60472,10.592204,12.979258,11.8947,17.568018,17.206251,21.667444,20.494957,17.370779,15.635616,11.873788,9.308677,7.854617,5.361218,7.5264106,6.0708213,11.911446,11.801735,15.308923,16.44644,14.936553,16.032051,11.204228,9.9107275,6.2671075,6.4758725,0.0,8.403168,8.585163,10.833546,14.253317,14.9921665,13.198548,9.645379,5.9602947,8.418878,5.0217505,6.883296,9.358247,10.307044,11.499677,14.815284,15.364558,18.883385,22.27829,21.798304,19.777525,21.043053,20.906162,16.971148,18.576736,16.588682,16.19046,20.93746,18.989304,16.5437,22.114454,21.637735,24.938759,29.016186,28.231676,29.129478,29.529305,25.612455,24.89448,21.042007,21.178036,17.441809,17.795395,16.434546,15.827027,16.537073,16.512218,15.906354,22.256632,19.55417,21.424587,20.114174,16.093397,17.46834,20.560802,16.492256,12.907458,16.341686,17.91267,14.454989,13.990351,20.598597,17.690285,15.31786,18.283358,21.225666,18.74239,16.100332,20.033033,23.449102,26.153343,26.485432,23.621527,26.254595,20.020864,22.67577,20.589327,22.001963
32,23.665625,22.305943,19.978346,16.192122,15.495981,12.827999,12.728653,10.975627,9.119591,12.835815,10.152154,14.310355,13.332667,9.789651,10.212021,6.201567,7.039165,7.1318836,9.282095,13.105791,13.823626,19.308949,20.03616,23.361345,24.77158,22.919409,23.323988,18.52304,15.955772,14.003966,10.017192,8.403168,0.0,6.202645,4.4206223,8.304292,10.398502,8.087698,7.4237623,7.6588216,5.44061,8.7464075,6.5758576,12.3067875,15.974204,16.853218,20.915356,21.642258,24.76509,27.675655,26.26065,22.971651,24.453272,22.24284,18.532928,18.93775,15.208277,14.097847,17.790323,13.896102,10.938359,15.460441,15.080563,17.79651,22.707567,21.101461,22.546825,23.966604,19.922886,20.609604,16.294586,17.99632,15.974321,17.025354,17.685251,17.673326,20.189795,21.108923,21.467329,27.646135,25.405897,26.298714,25.507835,21.529457,21.030956,24.081966,21.21855,16.6169,18.562204,20.390327,17.102789,14.8310375,20.857687,18.252068,14.933309,15.852977,20.20479,18.106972,13.592864,16.262476,20.881502,24.126596,24.206429,20.862837,24.27941,18.507736,20.718678,20.25652,21.083763
33,19.950733,19.4619,16.216822,13.714449,13.804835,9.66251,12.406067,9.736642,10.645067,12.721977,13.610691,17.012913,14.048616,11.000953,8.835525,7.300255,4.9059587,8.031873,8.11718,12.872124,12.507965,18.737724,19.542576,22.195358,23.998531,23.186813,24.20041,19.529913,17.50497,14.788909,12.59465,8.585163,6.202645,0.0,5.0478716,6.3998165,8.3650465,8.484093,5.2880225,5.388627,8.210536,11.424469,11.239499,16.118795,18.59743,19.480507,23.27257,23.334438,27.1247,30.129608,29.572245,26.613113,28.512209,27.163832,23.404245,24.249365,20.964176,19.875803,23.725744,19.923256,17.065989,21.276945,20.660488,22.844234,27.892242,25.269936,26.172966,27.374706,22.380781,22.72923,18.337778,18.512865,16.61713,15.94714,16.764091,15.244348,17.98043,17.988462,19.295101,25.019585,24.150705,25.482008,25.42975,21.228786,20.687439,25.077017,22.291916,17.435446,19.952496,22.501467,19.672066,17.26919,23.678688,21.994162,19.120014,19.687866,24.283949,22.941156,18.88547,20.98863,25.670956,28.792685,28.21062,24.856703,27.091408,20.95402,22.300076,21.076998,20.942955
34,24.536808,23.95028,21.080338,18.085665,17.902416,14.246891,15.633146,12.495348,12.034109,13.680842,11.810253,15.010883,12.655814,8.949366,9.583898,7.633787,8.122938,10.250844,11.725992,16.168402,16.098867,22.189455,22.581509,25.819315,27.118317,25.607758,26.665174,21.803818,19.664835,16.932686,14.024803,10.833546,4.4206223,5.0478716,0.0,4.2809467,6.0629153,4.5955286,4.819927,7.3170433,5.8767138,11.514907,10.575114,16.450356,19.432432,20.740993,24.49961,25.393633,28.606827,31.716452,30.404356,27.317438,28.565918,26.443705,22.498543,22.542103,18.970802,17.205894,20.35077,16.06565,13.435781,17.390823,17.456062,19.540155,24.991642,22.572758,24.203194,26.14955,21.632103,22.877005,18.395594,19.904158,18.620571,18.88022,20.127474,19.345255,22.258186,22.68702,23.68444,29.615389,28.174036,29.273415,28.846874,24.733181,24.116205,27.787073,24.983818,20.21141,22.289412,24.42174,21.276825,18.809809,24.850883,22.574762,19.269861,19.679579,24.35076,22.442324,17.75773,19.929922,24.810516,28.121475,27.97314,24.536585,27.700909,21.985085,23.622368,23.248095,23.382084
35,25.941444,25.75698,22.209734,20.057528,19.900885,15.4931345,17.63273,13.081108,13.820487,13.274906,12.777548,14.844087,11.13365,7.9702854,8.326709,8.814044,9.341874,12.711669,14.1915655,18.908539,18.836428,25.035568,25.697386,28.551859,30.137785,29.04667,30.156452,25.366854,23.172316,20.505116,17.62773,14.253317,8.304292,6.3998165,4.2809467,0.0,4.562573,6.0684648,6.8205643,10.005717,9.873242,15.605386,14.732859,20.473827,23.483793,24.633654,28.472128,29.011969,32.482693,35.48167,34.388096,31.117586,32.7033,30.492483,26.693815,26.719744,22.970083,21.199688,23.990341,19.314672,16.73204,19.692772,19.584354,20.90448,26.56832,23.15809,24.606953,26.810703,21.790503,23.41586,18.941465,20.119076,19.713938,19.284048,21.256533,19.977444,23.39452,23.65604,25.328733,30.823734,30.215559,31.223572,31.316227,27.173784,26.043507,30.272688,27.885317,22.846268,24.739527,27.24342,24.446247,21.53063,27.382626,25.75441,22.529972,22.109043,27.190632,25.89242,21.094904,22.406067,27.545904,30.876024,30.24767,26.740469,29.39259,23.844862,24.76246,24.57536,23.956806
36,26.268652,26.724045,23.582409,21.530764,22.068043,17.859432,20.633764,16.967995,17.559895,17.775656,16.745646,18.92158,15.448633,12.221056,12.820247,12.823696,12.642223,15.701805,16.267881,20.879446,19.813059,26.298792,26.063848,29.236237,30.178535,29.027609,30.96344,26.117619,24.632874,21.008074,19.471842,14.9921665,10.398502,8.3650465,6.0629153,4.562573,0.0,4.0395684,5.5507956,9.597592,9.399948,15.684508,15.959054,21.824215,23.871424,25.743956,28.989323,30.240381,33.425552,36.847206,35.62554,32.956234,33.739063,31.888262,27.599016,27.278162,24.124773,21.711016,24.313467,20.088404,18.027935,21.591412,22.256546,23.825893,29.61587,26.67293,28.520676,30.935452,26.147303,27.816927,23.32596,24.538725,23.756327,23.257818,24.783337,23.204582,26.199074,25.937902,27.453705,33.026325,32.380997,33.835514,33.657104,29.45463,29.012526,33.183006,30.246784,25.507853,27.855185,30.15839,27.037428,24.64618,30.781487,28.59678,25.313099,25.642675,30.403942,28.424114,23.70249,25.780653,30.745508,34.086033,33.87673,30.406267,33.39743,27.71179,28.948353,28.512953,28.09748
