,0,1,2,3,4,5,6,7,8,9,10,11,12,13,14,15,16,17,18,19,20,21,22,23,24,25,26,27,28,29,30,31,32,33,34,35,36,37,38,39,40,41,42,43,44,45,46,47,48,49,50,51,52,53,54,55,56,57,58,59,60,61,62,63,64,65,66,67,68,69,70,71,72,73,74,75,76,77,78,79,80,81,82,83,84,85,86,87,88,89,90,91,92,93,94,95,96,97,98,99,100,101,102,103,104,105,106,107,108,109
0,0.0,3.998,7.1291704,8.322949,11.849501,14.5748005,15.577002,21.155699,23.566387,26.97882,30.348587,32.545815,34.38299,36.2539,32.858707,28.621513,26.21791,24.095411,20.578226,20.54258,16.65942,18.645056,18.498356,21.617044,25.2163,24.939825,23.320332,23.571728,24.339472,24.955454,28.350155,28.038542,34.539318,33.722363,38.012775,41.304947,37.746986,37.994057,31.388584,33.671894,30.048506,31.330324,28.438215,28.30482,28.322529,27.638615,28.90716,29.486126,29.741049,33.136738,32.70309,31.417612,31.45509,34.889862,34.44512,39.411755,37.280865,35.384735,41.46932,40.508224,38.336315,33.41958,32.91998,30.119446,31.068472,28.057337,27.854559,25.805147,25.993053,22.579973,22.544178,23.790857,26.493992,27.008038,30.912157,30.948383,36.571762,36.513126,40.474495,39.66756,35.317444,39.87188,37.187584,33.424473,29.789808,28.467793,25.350775,23.097921,19.360353,16.430483,16.106697,13.569323,16.237234,13.338993,15.903888,13.842782,11.255314,15.786739,14.034971,18.968851,19.223564,23.605635,26.737165,25.614164,22.185186,23.222065,19.13587,18.206734,17.342793,16.066095
1,3.998,0.0,5.3225636,6.145421,9.434653,12.88481,14.755017,19.516926,22.721046,25.657547,29.491358,31.18478,33.519142,35.868023,32.103764,28.368645,25.524086,24.12162,19.814604,20.939837,17.337702,19.425371,20.24321,22.989508,26.275738,26.496801,24.340775,25.325466,25.30527,26.746153,29.524948,29.578924,35.69257,35.18082,39.47017,42.83785,39.512836,39.90648,33.386982,35.380283,32.06223,32.78537,30.135647,29.525888,29.730333,28.527521,30.217838,30.305622,30.095821,33.96617,33.67427,32.89594,33.19004,36.10864,35.879364,40.966576,38.49484,36.284904,42.28747,40.913845,38.387222,33.846985,32.74037,30.023502,30.311878,27.513847,26.57043,24.460968,25.227154,21.71036,21.548811,23.584373,25.837841,26.991865,30.405117,31.05099,36.261246,36.748245,40.65409,40.28304,35.58522,40.05725,37.437984,34.019814,30.461834,28.887032,26.338957,23.673862,20.851702,17.692049,18.036266,15.6960535,18.855984,16.406754,19.250742,16.958534,13.878933,18.2424,15.237424,20.515223,19.675589,23.898222,26.862446,25.074505,21.766546,21.731749,18.402847,16.499847,16.047136,13.942645
2,7.1291704,5.3225636,0.0,5.528464,6.7511253,10.237415,11.704447,15.796175,18.947388,21.986168,25.42101,27.694763,29.744707,32.318375,28.954744,25.30036,22.82726,21.803722,17.92276,19.924025,17.262457,20.093555,21.104084,24.406761,27.523878,27.174948,24.121925,24.874704,23.791319,24.660728,26.96117,26.407806,32.297108,31.550425,36.103256,39.282818,36.027203,36.80516,30.508839,32.574535,29.810463,30.348215,28.691431,28.131342,29.1034,27.96618,30.966423,31.13794,30.263182,34.048027,32.99879,32.61228,32.386936,34.618137,34.03578,39.10136,36.048386,33.982254,40.146744,38.586205,36.234,32.017986,31.130486,28.991125,29.097383,27.57013,26.03204,24.696566,25.95471,22.379578,21.369137,23.191463,24.364874,25.131128,28.274857,28.479729,33.52586,33.70054,37.454,37.11854,32.109257,36.17883,33.22525,30.114698,26.486473,25.249966,22.606878,20.513504,18.644066,15.90204,17.372921,16.15091,19.442314,17.182405,19.484398,16.147608,13.21521,16.697449,12.534143,17.408348,16.073242,19.697926,22.49648,20.591782,17.47422,17.722862,15.168022,13.734232,14.628963,13.416281
3,8.322949,6.145421,5.528464,0.0,4.001455,6.850326,9.127361,13.779114,17.106829,19.800255,23.93754,25.204878,27.744846,30.200317,26.164257,22.7189,19.593397,18.65202,13.917667,16.029825,13.1872225,15.720228,17.63391,20.292316,23.079195,23.368435,20.22522,21.919682,20.738346,23.242441,25.149937,26.041527,31.491503,31.709503,35.649124,39.246735,36.40661,36.7215,30.385843,31.729383,28.796862,28.675985,26.338753,25.159067,25.750368,24.064013,26.820555,26.538525,25.553299,29.694687,29.17834,29.07097,29.482977,31.621365,31.617935,36.786224,33.96996,31.421034,37.27719,35.54956,32.78712,28.589905,27.111044,24.623041,24.541737,22.44227,20.974787,19.33296,20.566496,16.98163,16.190266,18.43526,20.034058,21.466585,24.531273,25.546854,30.45071,31.359877,35.222767,35.239838,30.38301,34.93762,32.68289,29.463123,26.166363,24.056334,22.461237,18.953392,17.21754,13.875997,15.184245,13.65228,17.3663,15.940067,19.030478,16.557758,12.729262,16.394938,11.9550495,17.512602,15.291084,19.580402,22.392273,20.160393,16.868458,16.136696,12.721719,10.422676,10.051232,8.294646
4,11.849501,9.434653,6.7511253,4.001455,0.0,4.234148,7.2226586,10.32566,14.298435,16.59318,20.881111,22.038448,24.77812,27.67195,23.61076,20.651554,17.451906,17.37931,12.476929,16.054657,14.308138,17.17587,19.619955,22.276312,24.666279,24.865038,20.968098,22.912346,20.609236,23.31246,24.432934,25.327211,30.216291,30.607412,34.556686,38.092514,35.524815,36.08771,30.043413,31.146269,28.773462,28.13999,26.56755,25.118706,26.27495,24.343891,28.104588,27.600237,25.92253,30.190817,29.29602,29.755781,30.014019,31.362452,31.310728,36.461395,33.140144,30.483532,36.283367,34.186028,31.31313,27.640392,25.901356,23.909082,23.251614,22.265593,19.91377,18.897972,20.822792,17.309675,15.799939,18.317898,18.740616,20.34896,22.79804,23.980467,28.40954,29.534212,33.232483,33.58745,28.38502,32.641502,30.34304,27.56956,24.397287,22.245363,21.194252,17.688505,17.32075,14.298773,16.574892,15.896894,19.651596,18.588686,21.4005,18.478971,14.758515,17.604816,12.168963,17.283653,13.973763,17.641048,20.131575,17.319841,14.313114,12.677105,10.474803,7.51419,8.785404,7.3833475
5,14.5748005,12.88481,10.237415,6.850326,4.234148,0.0,3.7115328,7.1733737,10.642206,12.99243,17.38371,18.354595,21.021078,23.71929,19.529379,16.549076,13.237291,13.305826,8.362335,12.576516,11.813236,14.854576,17.732723,20.294561,22.272387,22.308329,17.861874,20.102371,17.052681,20.429615,20.937057,22.546717,26.91086,27.886015,31.433636,35.141838,32.926525,33.302994,27.45372,28.048452,25.900023,24.722773,23.320305,21.549608,22.962164,20.841717,25.311354,24.71493,22.581696,26.79345,25.641975,26.47977,26.743895,27.60226,27.683634,32.815662,29.389582,26.557724,32.234806,30.02226,27.094667,23.548023,21.75658,19.963144,19.311277,18.974455,16.570253,16.1676,18.146164,14.801665,12.692373,14.835767,14.6978855,16.226625,18.580902,19.829065,24.20224,25.477953,29.187098,29.689095,24.537794,28.970625,27.044802,24.261774,21.359247,18.746105,18.47782,14.266002,14.709739,11.838072,14.648947,14.727949,18.415737,18.115032,20.8369,18.129354,14.35678,16.3603,10.640178,15.372844,11.229353,14.947588,17.315075,14.455221,11.431717,9.62678,6.5725226,3.6589103,5.2117577,5.94323
6,15.577002,14.755017,11.704447,9.127361,7.2226586,3.7115328,0.0,6.685613,8.236041,11.566316,15.173744,17.044584,18.922138,21.13594,17.458338,13.774494,11.150498,10.473487,6.957204,10.459887,10.473634,13.884166,16.268139,19.297052,21.26898,20.58646,15.86123,17.523655,14.103575,16.926672,17.378899,18.843563,23.269344,24.229279,27.753622,31.476246,29.259699,29.594719,23.77765,24.357405,22.30265,21.15652,20.105585,18.565548,20.37461,18.637503,23.720829,23.529991,21.332623,25.058865,23.298376,24.065937,23.873669,24.61269,24.39691,29.501402,25.978176,23.353025,29.23753,27.238003,24.682987,20.908508,19.834784,18.322706,18.335382,18.616955,16.809992,16.999783,18.520609,15.403585,12.975896,13.855483,13.437668,13.871293,16.692259,17.009972,21.844517,22.468042,26.243793,26.417608,21.35444,25.872416,23.869627,20.811644,17.845705,15.2706175,14.845687,10.611064,11.305413,8.836666,12.248537,13.2223425,16.603752,16.601765,18.865582,16.035467,12.589393,13.6604185,7.806959,11.988206,7.599952,11.581675,14.120668,11.83404,8.525079,8.568042,3.6495247,4.5647492,5.870238,8.708787
7,21.155699,19.516926,15.796175,13.779114,10.32566,7.1733737,6.685613,0.0,5.3393283,6.399322,10.921241,11.97717,14.701538,18.182335,14.278747,12.510753,9.7289915,11.934381,8.787414,14.534686,15.995265,19.057837,22.103212,24.594389,25.84537,25.45227,20.158745,22.342697,17.518272,20.732376,19.506672,21.104147,23.873003,25.319542,28.57987,32.080692,30.567335,31.32501,26.386234,26.361557,25.487635,23.326712,23.649384,21.590452,24.078754,21.866156,27.942335,27.20198,24.022667,27.913027,25.871094,27.668333,27.465702,26.7028,26.588772,31.401276,27.097815,24.250082,29.59917,26.78396,23.910769,21.630142,19.747257,19.35774,17.885283,20.235289,16.754105,18.00907,20.666029,18.01559,14.905969,16.492561,13.711816,14.855997,15.628764,16.731606,19.881773,21.33878,24.570942,25.695574,20.031893,23.725483,21.867722,20.107607,17.776117,15.120017,16.40971,12.639373,16.054018,14.530797,18.338367,19.727455,22.976858,23.20995,25.259657,22.196714,19.067595,19.494154,13.557959,16.170702,10.6389,11.983388,13.165146,9.164693,7.5241013,2.5896575,5.2712097,4.506425,8.807899,11.077901
8,23.566387,22.721046,18.947388,17.106829,14.298435,10.642206,8.236041,5.3393283,0.0,4.497952,6.942763,9.793757,10.867915,13.554911,10.486965,7.7799044,6.641976,8.518718,8.567328,12.977945,15.663449,18.703814,21.21787,23.90852,24.891436,23.72405,18.217958,19.762728,14.242098,16.876295,14.818596,16.60915,18.676262,20.548458,23.44324,27.01121,25.805845,26.447783,21.910648,21.462685,21.100595,18.537325,19.735641,17.827955,20.949665,19.190046,26.075308,25.741936,22.38476,25.506792,22.632278,24.579742,23.816698,22.43592,21.996426,26.618046,22.050545,19.40703,24.850029,22.186363,19.833462,17.585638,16.692738,17.023985,16.381723,19.805563,17.1972,19.22179,21.240345,19.052914,15.723929,15.692063,12.245581,11.691349,12.586502,12.220696,15.721374,16.308573,19.588652,20.445536,14.772431,18.638636,16.910727,14.92763,12.872812,9.891908,12.136026,8.36173,13.293436,12.910106,16.972376,19.33575,21.974085,22.738836,24.183374,21.299936,18.776945,17.910936,12.749063,13.615503,7.993426,8.142352,8.861657,5.557792,4.492306,4.1832085,4.845703,8.180683,10.906184,14.58067
9,26.97882,25.657547,21.986168,19.800255,16.59318,12.99243,11.566316,6.399322,4.497952,0.0,5.542062,5.7905283,8.436436,12.294977,8.454493,8.461392,6.825403,10.788308,10.326807,15.600683,18.632017,21.302742,24.40833,26.518793,26.99073,26.326277,20.707373,22.926012,17.043928,20.558134,17.691647,20.116068,20.911022,23.39797,25.710531,29.179808,28.592731,29.254354,25.33844,24.313534,24.469116,21.229218,22.682804,20.260456,23.360004,21.09329,28.133427,27.272396,23.377779,26.71788,24.07828,26.705301,26.31789,24.10387,24.089823,28.423384,23.686922,20.719582,25.376072,22.077147,19.249983,18.26643,16.37247,17.317827,15.465243,19.978493,16.393606,18.98235,21.608942,19.82018,16.321571,16.893515,12.314185,12.802034,11.852286,12.86919,14.509353,16.408394,19.15988,20.992334,15.297596,18.579084,17.56571,16.687483,15.50427,12.387271,15.850921,12.191957,17.464985,16.993244,20.89888,23.089642,25.819386,26.776093,28.429127,25.695002,22.994802,22.303156,17.113838,18.064238,12.481204,11.958519,11.717353,7.9162865,8.444957,4.6798353,8.392503,9.727502,12.645929,15.818403
10,30.348587,29.491358,25.42101,23.93754,20.881111,17.38371,15.173744,10.921241,6.942763,5.542062,0.0,6.3358965,4.853854,8.460907,7.5094233,7.826694,9.307985,12.319598,14.295611,18.169277,21.700933,24.410112,26.827799,29.255308,29.653496,28.234528,22.683712,23.968561,17.84465,19.803581,16.120552,17.730137,17.126894,19.66423,21.677938,24.781757,24.670467,25.620424,22.663149,21.377764,22.586287,19.146818,22.138336,20.23484,23.984552,22.421415,29.982323,29.592459,25.691616,28.135962,24.612703,27.279884,26.108587,23.111374,22.466253,26.238523,20.992517,18.674383,23.138113,19.974379,18.133793,17.824026,17.291138,19.197193,18.1176,23.437302,20.569695,23.531204,25.698637,24.179323,20.685947,20.177998,15.431279,14.247587,13.087,11.989611,12.934437,13.290612,15.460355,17.136988,11.263808,13.544352,12.284783,12.273572,11.861986,9.485713,13.754858,11.85969,18.027231,18.673393,22.653332,25.508705,27.701996,28.77847,29.739836,26.895336,24.923317,23.2166,18.76965,17.997335,13.160989,10.566541,8.8813095,6.4173956,8.877632,8.618102,11.748768,14.556041,17.29006,20.885044
11,32.545815,31.18478,27.694763,25.204878,22.038448,18.354595,17.044584,11.97717,9.793757,5.7905283,6.3358965,0.0,5.161506,9.479911,5.6510687,9.381083,8.877398,13.502807,14.16773,18.873512,22.586836,24.739973,28.047892,29.569744,29.32452,28.819437,23.250088,25.747805,19.518127,23.511763,19.557306,22.774927,21.743484,25.163269,26.389915,29.72324,30.074059,30.565533,27.662994,25.742693,26.674198,22.589895,24.623596,21.821865,25.031092,22.568375,29.867943,28.671947,24.25519,27.217068,24.51072,27.902039,27.682135,24.243704,24.606607,28.301054,23.467625,20.34105,23.741976,19.83874,16.83822,17.695738,15.311483,17.430145,14.8267565,20.887701,17.100574,20.518646,23.216858,22.238379,18.7565,19.0024,13.469388,14.02798,10.964914,12.698875,11.559894,14.73739,16.559696,19.501535,14.3607855,16.801771,17.155226,17.463951,17.58283,14.381102,19.221308,15.822017,21.586918,21.527449,25.20841,27.60521,30.056438,31.471376,33.03886,30.648714,28.07562,27.001907,22.307291,22.638725,17.365557,16.104881,14.976921,11.995758,13.504345,10.312563,13.726436,14.854854,17.071491,20.183374
12,34.38299,33.519142,29.744707,27.744846,24.77812,21.021078,18.922138,14.701538,10.867915,8.436436,4.853854,5.161506,0.0,4.9911876,4.9800553,8.320561,10.368116,13.813604,16.452824,19.906471,23.987095,26.220232,28.83904,30.709124,30.48965,29.22385,23.76518,25.360325,19.040709,21.709417,17.165018,19.865976,17.645199,21.24229,22.03024,25.115177,25.889254,26.476074,24.377224,22.177393,23.909174,19.687876,22.919079,20.62375,24.357702,22.614744,30.306675,29.65487,25.385462,27.461319,23.912523,27.198421,26.244987,22.238415,22.018003,25.220068,20.01358,17.482729,20.779564,17.11412,15.198374,16.408047,15.613436,18.40651,16.984814,23.310717,20.517467,24.039669,26.132423,25.2479,21.786228,20.940008,15.603806,14.4342,11.78121,11.1284685,9.625537,11.031708,12.371814,15.153417,9.985108,11.699387,12.290251,13.206112,14.140882,11.47448,16.851023,14.68311,20.916283,21.737986,25.425596,28.383535,30.34542,31.885,32.86088,30.464146,28.499079,26.586609,22.597319,21.623022,17.052675,14.623919,12.715301,11.149308,13.43444,12.639003,15.334668,17.85983,19.95906,23.641785
13,36.2539,35.868023,32.318375,30.200317,27.67195,23.71929,21.13594,18.182335,13.554911,12.294977,8.460907,9.479911,4.9911876,0.0,5.828649,8.13016,11.712748,13.826423,18.036175,19.950968,24.402246,26.30356,28.411636,30.158138,29.649376,27.911776,22.809397,23.858824,17.728176,19.901815,14.7394085,17.99994,14.411804,18.882244,18.548843,21.727598,23.092636,23.213099,21.868938,18.92787,21.170433,16.515017,20.333399,18.247463,22.141365,20.923338,28.666613,28.356424,24.22894,25.37138,21.295938,24.637344,23.331766,18.639153,18.289093,20.907217,15.696683,13.431791,16.182154,12.686516,11.715456,13.443225,14.010138,17.371162,17.03514,23.450434,21.77518,25.421387,26.806862,26.313776,23.050034,21.135696,16.172567,13.741348,11.304541,8.892606,6.613066,6.4120107,7.391043,10.344759,5.9505277,7.9966273,10.234356,10.958533,12.999236,10.374754,16.278286,14.518662,20.519003,21.970757,25.251205,28.556667,29.94331,31.880539,32.472923,30.543344,29.010466,26.474834,23.502146,21.686413,18.022196,15.537053,13.570393,13.608077,15.617297,16.335402,17.497963,20.79121,22.113237,26.232145
14,32.858707,32.103764,28.954744,26.164257,23.61076,19.529379,17.458338,14.278747,10.486965,8.454493,7.5094233,5.6510687,4.9800553,5.828649,0.0,5.5605917,6.978349,10.510626,13.374402,16.301062,20.653103,22.441597,25.316708,26.67848,26.098124,25.133366,19.74934,21.920218,15.627477,19.778797,15.25306,19.53353,17.834148,22.085209,22.481178,26.12932,26.771238,26.687958,24.040981,21.475695,22.474878,17.92501,20.014502,17.121983,20.472767,18.301708,25.865683,24.968306,20.57104,22.762589,19.564007,23.110119,22.734657,18.81119,19.305227,22.825693,18.166407,14.856938,18.135393,14.311146,11.446605,12.297003,10.731162,13.517033,12.125546,18.582779,16.221348,19.893368,21.668324,21.130995,17.79067,16.573858,11.129107,10.127183,6.8399005,7.4714193,6.2182555,9.530362,11.826862,14.6628895,10.085931,13.646875,15.004324,14.546029,15.254119,11.477595,17.075472,13.362748,19.056396,19.560225,22.846794,25.64347,27.529356,29.466158,30.737253,28.915901,26.681467,24.985804,21.305702,20.912184,16.353346,15.301905,14.279914,12.822725,13.935048,12.912436,13.887829,16.30095,17.326275,21.217274
15,28.621513,28.368645,25.30036,22.7189,20.651554,16.549076,13.774494,12.510753,7.7799044,8.461392,7.826694,9.381083,8.320561,8.13016,5.5605917,0.0,4.639602,5.784524,10.288957,12.003777,16.326014,18.426023,20.691998,22.661009,22.630013,21.031252,15.589847,17.066519,10.74063,14.401464,10.338261,14.680669,14.47943,18.303661,19.3689,23.353502,23.198746,22.97399,19.408401,17.335423,17.6138,13.546593,15.283673,12.772096,16.385117,14.748221,22.438171,22.185467,18.3787,20.413439,16.794937,19.537659,18.687912,15.809097,15.766623,20.004833,15.428931,12.279434,17.223372,14.412878,12.230083,10.382468,10.414596,12.065914,12.450505,17.358198,16.092813,19.088146,20.207748,19.16382,15.933121,13.911739,9.641503,6.8315096,6.912086,4.6272125,8.532146,9.055573,12.670362,13.776491,8.845058,13.843918,14.073717,11.844919,11.556914,7.216255,12.29704,7.941799,13.534229,14.311553,17.605639,20.664936,22.361008,24.251604,25.304642,23.513702,21.49994,19.524668,16.26743,15.59847,11.449711,11.065823,10.854691,10.309633,10.419698,11.51501,10.268914,13.965317,14.541496,18.941494
16,26.21791,25.524086,22.82726,19.593397,17.451906,13.237291,11.150498,9.7289915,6.641976,6.825403,9.307985,8.877398,10.368116,11.712748,6.978349,4.639602,0.0,4.938792,6.4339805,10.02225,13.98964,16.061983,19.206163,20.812115,20.815908,20.09713,14.482559,17.138063,11.139413,16.388157,13.426565,17.858267,18.795847,22.21561,23.701384,27.744469,27.229992,26.992275,22.775524,21.122316,20.575125,16.940111,17.167034,14.1625595,16.931044,14.392488,21.541348,20.69238,16.751534,19.900215,17.351044,20.093504,20.141111,18.110867,18.715054,23.280533,19.258282,15.731567,20.447739,17.467134,14.309248,12.177772,10.216273,10.695852,9.926485,14.251285,12.113487,14.933427,16.5752,15.275379,11.864291,10.9249,6.253487,6.0184526,6.1041026,7.6482525,10.979456,13.237262,16.747404,18.210241,13.450244,18.27059,18.321888,16.150738,15.225492,10.983006,14.936917,9.506411,14.03935,13.58567,16.835842,19.196926,21.48971,23.242212,24.99027,23.241411,20.516342,19.564877,15.513744,16.49189,11.621032,12.711958,13.255252,11.320125,10.527741,9.490445,7.872105,10.315659,10.575704,14.775395
17,24.095411,24.12162,21.803722,18.65202,17.37931,13.305826,10.473487,11.934381,8.518718,10.788308,12.319598,13.502807,13.813604,13.826423,10.510626,5.784524,4.938792,0.0,6.229437,6.2433743,10.575928,12.689359,15.031337,17.089645,17.443832,15.955088,10.371684,12.338416,6.342475,11.857229,9.724815,14.608712,16.685423,19.861378,21.42412,25.678217,24.689629,24.056725,19.26035,17.849436,16.464834,13.348346,12.621594,9.879229,12.647742,10.706026,17.887148,17.762842,14.534759,17.135214,14.212711,16.14971,15.866404,14.891979,15.236233,20.187584,16.705563,13.4271345,18.932627,16.920656,14.486873,10.465001,10.274512,9.731975,11.268844,13.775713,13.56379,15.613018,16.075167,14.637811,11.750689,9.204763,7.000994,4.012326,7.8800673,6.9757047,12.615492,13.210504,17.204702,17.480463,13.418236,18.865215,18.653551,15.310496,13.928191,9.752288,12.556991,6.502147,9.727285,9.577188,12.45328,15.206533,17.048023,19.082779,20.580208,19.256046,16.834873,15.453346,12.476557,13.125101,9.410026,11.635837,12.974261,12.43538,10.755262,12.114566,7.842634,11.5010605,10.532707,15.123898
18,20.578226,19.814604,17.92276,13.917667,12.476929,8.362335,6.957204,8.787414,8.567328,10.326807,14.295611,14.16773,16.452824,18.036175,13.374402,10.288957,6.4339805,6.229437,0.0,6.4672847,8.784703,11.158733,14.82871,16.526632,17.272238,17.196074,11.892204,15.150821,10.745699,16.487745,15.599522,19.541872,22.484518,25.02394,27.244728,31.38431,30.018665,29.673925,24.381165,23.627121,21.749607,19.295916,17.638731,14.882237,16.437107,13.673985,19.331505,18.419285,15.365916,19.424822,18.042145,19.742485,20.402029,20.32398,21.080727,26.104443,22.898184,19.49589,24.642635,22.293522,19.085232,15.56296,13.427212,11.697101,11.42031,12.180511,10.459994,11.516654,12.977874,10.597534,7.44845,7.781752,6.5325484,8.122468,10.619968,12.504746,16.881748,18.806189,22.60953,23.424608,18.917025,24.007504,23.397993,20.460201,18.532362,14.699554,16.533638,10.622996,12.378589,10.294591,13.054142,14.365305,17.29726,18.693075,21.176676,19.615055,16.187254,16.581697,12.21127,15.258479,10.77104,14.146764,15.966294,13.838616,11.44803,10.19739,5.627532,6.438998,4.511945,9.008006
19,20.54258,20.939837,19.924025,16.029825,16.054657,12.576516,10.459887,14.534686,12.977945,15.600683,18.169277,18.873512,19.906471,19.950968,16.301062,12.003777,10.02225,6.2433743,6.4672847,0.0,4.732142,6.4526076,9.202513,11.101655,12.005481,10.979855,5.639869,8.821025,5.824484,12.372497,12.695391,17.36871,20.915932,23.505106,25.238667,29.559782,27.982117,26.937914,21.384016,20.580158,17.731907,15.866446,12.455278,9.923341,10.56062,8.321969,13.554614,13.518985,11.4922905,14.703994,13.270996,13.94107,14.690589,16.025843,16.893793,21.996778,19.882978,16.762896,22.04076,20.757841,18.248177,13.218036,12.722704,9.998125,12.444735,11.275468,12.75369,13.196658,12.476406,10.663115,8.9237995,5.7812023,8.21107,7.2111382,11.907126,12.161622,17.768066,18.552094,22.582485,22.416605,19.129246,24.71825,24.397709,20.543135,18.678162,15.013388,16.019579,10.210637,9.281248,7.464114,8.55498,10.2613945,12.253115,14.598231,16.843182,16.49605,13.5771,13.378489,11.426313,13.791971,11.514072,15.533601,17.724878,17.208893,14.590143,15.7007475,9.877808,12.1016865,8.9626045,12.915743
20,16.65942,17.337702,17.262457,13.1872225,14.308138,11.813236,10.473634,15.995265,15.663449,18.632017,21.700933,22.586836,23.987095,24.402246,20.653103,16.326014,13.98964,10.575928,8.784703,4.732142,0.0,3.6002896,6.3152027,8.832566,11.07613,10.581578,7.0881968,9.6053295,9.445609,14.307308,16.123465,19.713999,24.3367,26.148525,28.412535,32.609955,30.476582,29.497847,23.437958,23.419027,19.89331,19.116844,14.977244,13.284373,12.892207,11.215265,13.947045,14.133008,13.471834,16.85136,16.37486,15.966715,16.949238,19.615877,20.331028,25.39251,23.741259,20.958263,26.29348,25.312775,22.878603,17.702265,17.14043,13.925356,16.098171,13.086601,14.783864,13.86965,12.77317,10.266638,9.708701,8.081602,11.989646,11.911823,16.411737,16.840836,22.478111,23.133123,27.18936,26.76966,23.440685,28.951128,28.162678,24.10716,21.734991,18.55738,18.300867,13.118278,10.197535,7.165484,6.6982055,6.5610213,9.285594,11.15475,14.162587,14.155096,10.744879,12.029564,10.534563,14.268439,12.902316,17.694729,20.372093,19.736267,16.608603,17.67353,11.496654,12.651466,8.890415,11.58623
21,18.645056,19.425371,20.093555,15.720228,17.17587,14.854576,13.884166,19.057837,18.703814,21.302742,24.410112,24.739973,26.220232,26.30356,22.441597,18.426023,16.061983,12.689359,11.158733,6.4526076,3.6002896,0.0,4.896435,5.575691,7.6449323,8.07821,5.981984,9.344788,10.567398,16.019096,17.828087,22.043236,26.324003,28.482063,30.250587,34.527573,32.571674,31.22891,25.352245,25.003973,21.270998,20.422037,15.452113,13.564755,12.058617,10.163299,11.117335,11.093907,11.233586,14.617827,15.15107,14.446584,16.274326,19.41121,20.66772,25.499527,24.544678,21.658678,26.438972,25.680723,23.169859,17.935509,17.194473,13.462681,16.013754,11.635154,14.562069,13.181231,11.04729,9.182261,9.717697,7.593842,12.750531,12.982318,17.330841,18.197775,23.548262,24.52359,28.503086,28.122818,25.34362,30.980408,30.640623,26.552418,24.476524,21.14185,21.215921,15.972127,12.910205,10.303333,8.776842,7.9442143,9.731921,12.185265,15.282972,16.272486,13.165646,14.488843,13.932359,17.348005,16.311815,20.968014,23.525375,22.979584,19.982553,20.755018,14.754374,15.531798,11.318132,13.450301
22,18.498356,20.24321,21.104084,17.63391,19.619955,17.732723,16.268139,22.103212,21.21787,24.40833,26.827799,28.047892,28.83904,28.411636,25.316708,20.691998,19.206163,15.031337,14.82871,9.202513,6.3152027,4.896435,0.0,4.713279,8.183844,6.4735827,6.9225926,7.214406,11.121033,14.402472,17.51696,20.926867,25.851034,27.41519,29.223974,33.333015,30.992653,29.431952,23.417114,23.575111,19.233313,19.512547,13.945281,13.3285885,11.2980175,11.145532,10.654495,12.235259,13.703342,15.555137,15.6493845,13.511688,14.660423,19.137768,19.854591,24.450836,24.141197,21.958168,26.890919,26.909277,25.16317,19.450378,20.016954,16.56268,19.944544,15.884042,19.277924,18.0349,15.587192,14.000344,14.572276,11.86034,16.676155,15.660814,20.500484,20.104748,25.951473,25.866047,29.832155,28.697802,26.452002,32.010757,31.41352,26.912222,24.686632,21.949825,20.993309,16.734743,12.094741,10.147621,6.851515,5.733736,5.622999,8.769846,11.383392,13.469586,11.312229,12.221788,13.783926,16.425226,17.048351,21.687267,24.416126,24.69156,21.616451,23.632244,17.308537,18.904232,15.159176,17.340641
23,21.617044,22.989508,24.406761,20.292316,22.276312,20.294561,19.297052,24.594389,23.90852,26.518793,29.255308,29.569744,30.709124,30.158138,26.67848,22.661009,20.812115,17.089645,16.526632,11.101655,8.832566,5.575691,4.713279,0.0,3.9840496,4.9477158,7.509569,9.519518,13.311376,17.921028,20.300539,24.632553,28.819902,31.005335,32.22949,36.455166,34.513702,32.65895,27.01794,26.574205,22.395617,22.078491,16.09812,14.797089,11.774589,10.8752,7.765187,8.66738,11.206519,13.164448,14.833862,12.841046,15.353429,19.708786,21.263075,25.531452,25.800465,23.273464,27.375938,27.361557,25.287687,19.870798,19.769918,15.87448,19.213182,13.903435,18.238127,16.591356,13.301517,12.605543,14.097506,11.409444,16.939459,16.68296,21.005274,21.527933,26.754898,27.425848,31.254545,30.486166,28.636892,34.30549,34.297337,29.976547,28.136312,24.995064,24.847485,20.094397,16.228725,14.293008,11.444246,10.139373,9.986158,12.974696,15.633086,18.08965,15.843317,16.923605,18.093964,20.841154,20.883852,25.417313,27.950775,27.933071,25.002073,26.212955,20.13911,21.105667,16.84547,18.591331
24,25.2163,26.275738,27.523878,23.079195,24.666279,22.272387,21.26898,25.84537,24.891436,26.99073,29.653496,29.32452,30.48965,29.649376,26.098124,22.630013,20.815908,17.443832,17.272238,12.005481,11.07613,7.6449323,8.183844,3.9840496,0.0,4.793758,7.6442866,10.649431,13.74814,19.318092,20.828245,26.002562,29.310926,32.14479,32.749943,37.062965,35.606323,33.518925,28.34784,27.235895,23.413132,22.386398,16.401655,14.477601,11.024314,9.490948,4.973788,4.8057613,8.0688715,9.869435,12.633629,11.18877,14.660665,18.406681,20.629803,24.576914,25.179907,22.382935,25.711487,25.652029,23.416279,18.376474,17.926172,13.951142,17.419111,11.815282,16.944475,15.584432,11.779833,12.180881,13.837823,10.697121,16.146893,16.111017,19.876745,20.901852,25.493011,26.66515,30.290033,29.826035,28.41624,34.08464,34.664124,30.56373,29.184124,25.728024,26.419104,21.351974,18.359417,16.739489,14.410815,13.737847,13.576111,16.78662,19.218285,21.61587,19.377281,20.018227,20.87259,23.276506,22.833279,27.032911,29.269228,29.17797,26.53223,27.328188,21.58505,22.504173,18.159199,20.083435
25,24.939825,26.496801,27.174948,23.368435,24.865038,22.308329,20.58646,25.45227,23.72405,26.326277,28.234528,28.819437,29.22385,27.911776,25.133366,21.031252,20.09713,15.955088,17.196074,10.979855,10.581578,8.07821,6.4735827,4.9477158,4.793758,0.0,5.6334224,6.40003,10.921809,15.247412,17.279314,22.10997,25.599659,28.167757,28.71035,32.928917,31.333096,29.123219,23.990244,23.014345,18.970781,18.443218,12.166122,11.039849,7.361587,7.538559,4.3885207,7.0980005,9.619307,9.797989,10.667214,8.003473,10.576309,15.230139,16.878687,20.853233,21.634716,19.356894,23.12366,23.616735,22.120068,16.542824,17.533092,14.11075,18.39728,14.339342,19.114773,18.472536,15.179997,15.06614,15.810477,11.770844,16.5341,15.038454,19.427635,19.057554,24.244484,24.33372,27.984737,26.887754,25.808754,31.398378,31.782492,27.414106,26.032192,22.965174,23.179138,18.75218,15.227454,14.373722,11.7252865,11.985801,10.900498,14.539437,16.18161,18.74934,17.201513,16.891806,18.723688,20.17045,20.574947,24.518261,26.739618,27.341259,24.770329,26.658075,20.663382,22.607487,18.716555,21.38521
26,23.320332,24.340775,24.121925,20.22522,20.968098,17.861874,15.86123,20.158745,18.217958,20.707373,22.683712,23.250088,23.76518,22.809397,19.74934,15.589847,14.482559,10.371684,11.892204,5.639869,7.0881968,5.981984,6.9225926,7.509569,7.6442866,5.6334224,0.0,5.2538805,6.1399703,12.451043,13.446976,18.752148,22.016243,24.879122,25.760853,30.126022,28.686497,26.925232,21.656157,20.47752,17.02732,15.523225,10.273859,7.9130716,6.234058,4.4740925,8.108233,8.949502,8.3677435,10.284465,9.49007,8.989766,10.654476,13.451554,14.924869,19.645304,18.99058,16.131823,20.67726,20.326008,18.340837,12.730352,13.262938,9.990347,14.034481,11.391469,15.118609,15.217082,12.9071045,12.241711,11.831904,7.3504376,11.382984,9.666343,14.333463,14.091978,19.5324,19.922245,23.778172,23.110516,21.186962,26.866467,27.128216,22.975254,21.550262,18.101583,18.950342,13.842164,11.538378,10.56616,9.456509,10.823227,11.186923,14.528296,16.41451,17.579329,15.411679,14.822222,15.098907,16.633677,15.900344,19.69773,21.787151,22.039688,19.591757,21.224268,15.430231,17.653818,14.102401,17.467857
27,23.571728,25.325466,24.874704,21.919682,22.912346,20.102371,17.523655,22.342697,19.762728,22.926012,23.968561,25.747805,25.360325,23.858824,21.920218,17.066519,17.138063,12.338416,15.150821,8.821025,9.6053295,9.344788,7.214406,9.519518,10.649431,6.40003,5.2538805,0.0,6.335102,8.856297,11.488145,15.750333,19.712059,21.877651,22.817152,26.996393,25.144945,23.169651,17.744818,17.08076,12.935474,12.781248,6.797045,6.7644973,5.2397995,7.1679716,9.7595,12.282721,12.726523,12.771478,10.65475,8.352231,7.960409,12.405995,12.715582,17.2927,17.130533,15.339723,20.31503,20.902828,20.052534,14.110813,16.44835,14.033827,18.44624,16.594778,20.135515,20.348717,18.10713,17.21143,16.684347,12.377184,15.558611,12.514481,17.46137,15.408238,21.372488,20.201893,23.980555,22.310331,20.957195,26.404041,26.258091,21.652687,20.078526,17.45937,17.096354,13.377973,9.581398,9.903252,7.8736677,10.1552925,8.970422,12.507696,13.189949,14.826704,13.862487,12.082453,14.313748,14.47829,15.522621,19.02267,21.20075,22.473389,20.05391,23.148933,17.178164,20.329647,17.384401,20.905888
28,24.339472,25.30527,23.791319,20.738346,20.609236,17.052681,14.103575,17.518272,14.242098,17.043928,17.84465,19.518127,19.040709,17.728176,15.627477,10.74063,11.139413,6.342475,10.745699,5.824484,9.445609,10.567398,11.121033,13.311376,13.74814,10.921809,6.1399703,6.335102,0.0,7.8613825,7.535523,13.185325,16.077864,19.097773,20.102058,24.489708,23.191048,21.73516,16.628546,15.211882,12.510867,10.243531,6.9534464,4.5114574,6.838023,6.4628477,13.185435,14.255982,12.364208,13.506507,10.162569,10.668786,9.986762,10.899702,11.189394,16.346798,14.310102,11.600815,17.254364,16.720797,15.338817,9.678681,11.718035,10.237184,14.060081,14.513449,16.65459,17.94336,16.839096,15.818778,14.063074,9.835302,10.7452,6.7677865,11.748026,9.377018,15.58785,14.771237,18.75829,17.764496,15.442858,21.065756,21.06742,16.840065,15.517652,12.10761,13.347238,8.447581,7.8600817,8.554805,9.4398775,12.578534,13.082307,15.915345,16.882103,16.8153,15.174783,13.093145,12.833762,12.681925,11.71637,14.52846,16.261442,17.15398,15.17465,17.927137,12.625727,16.315586,14.175368,18.448198
29,24.955454,26.746153,24.660728,23.242441,23.31246,20.429615,16.926672,20.732376,16.876295,20.558134,19.803581,23.511763,21.709417,19.901815,19.778797,14.401464,16.388157,11.857229,16.487745,12.372497,14.307308,16.019096,14.402472,17.921028,19.318092,15.247412,12.451043,8.856297,7.8613825,0.0,5.4947605,6.958208,12.021954,13.170338,14.993247,18.991383,16.68352,15.30327,9.36253,9.510166,5.7368674,6.758529,5.93895,8.25671,10.922394,13.101814,18.193495,20.46278,19.589962,19.468874,15.351552,14.289484,11.114499,12.907765,10.667128,15.147771,13.076907,12.713396,18.858046,19.519474,19.85318,14.672691,18.395493,17.794094,21.540964,22.330389,24.2367,25.402422,24.360334,22.939636,21.222603,17.440798,18.036636,13.657449,18.045528,13.617955,19.757238,16.438917,19.988394,17.356157,15.649068,20.34433,19.169897,14.249884,12.382855,11.197808,9.402146,8.579888,6.085584,9.423721,10.014081,13.895386,13.169065,15.186953,14.252514,13.738129,14.082969,9.971118,12.164952,8.880693,11.288296,12.912212,14.665756,17.400618,15.677833,20.699013,15.791474,20.405457,19.338123,23.465109
30,28.350155,29.524948,26.96117,25.149937,24.432934,20.937057,17.378899,19.506672,14.818596,17.691647,16.120552,19.557306,17.165018,14.7394085,15.25306,10.338261,13.426565,9.724815,15.599522,12.695391,16.123465,17.828087,17.51696,20.300539,20.828245,17.279314,13.446976,11.488145,7.535523,5.4947605,0.0,6.984722,8.589708,11.91822,12.612345,16.996382,15.96367,14.667984,10.333081,8.216023,7.3503246,3.859872,6.7897735,7.2028823,11.317675,12.620491,19.298717,20.881151,18.863834,18.740168,13.939779,14.526073,11.5640955,10.39119,8.204271,12.78665,9.132509,8.125863,14.562935,14.61971,15.090325,10.68117,14.780716,15.344928,18.705072,21.172539,22.503244,24.513613,23.937006,22.914608,20.660343,16.815277,15.79796,10.8963375,14.255173,8.951666,14.653409,10.94989,14.520972,12.186719,10.357706,15.341459,14.971428,10.359531,9.6659775,7.496636,8.813131,7.3139205,9.099074,12.045039,13.792171,17.67446,17.614689,19.85234,19.452559,18.571507,18.236885,14.534268,14.805708,11.634504,11.744409,11.914574,12.61947,15.294468,14.4872465,18.966644,15.160133,19.946142,19.35176,23.8619
31,28.038542,29.578924,26.407806,26.041527,25.327211,22.546717,18.843563,21.104147,16.60915,20.116068,17.730137,22.774927,19.865976,17.99994,19.53353,14.680669,17.858267,14.608712,19.541872,17.36871,19.713999,22.043236,20.926867,24.632553,26.002562,22.10997,18.752148,15.750333,13.185325,6.958208,6.984722,0.0,7.219217,6.5490813,9.976282,13.5106,10.8782,10.780694,5.3091455,6.591143,6.607265,7.5400915,11.580818,13.553696,17.115751,18.931684,24.851892,26.860788,25.311014,25.257675,20.568438,20.312748,16.701397,16.509819,13.33091,16.703869,13.0908,13.893658,19.864668,20.279802,21.34475,17.543993,21.456303,22.000349,24.955908,27.27974,28.11101,29.842262,29.549519,27.95234,25.642595,22.404781,21.451752,16.970219,20.192453,14.874216,20.026367,15.396618,18.233324,15.135272,13.05937,16.306358,13.963346,9.126813,7.084432,8.466931,5.318506,9.10803,9.961945,13.557572,15.491265,19.367075,19.11705,20.285406,18.869444,17.007832,17.858776,13.431419,14.387261,9.199059,11.510946,10.224883,10.854489,14.899351,14.34338,20.311079,17.14608,22.189209,22.531294,26.731283
32,34.539318,35.69257,32.297108,31.491503,30.216291,26.91086,23.269344,23.873003,18.676262,20.911022,17.126894,21.743484,17.645199,14.411804,17.834148,14.47943,18.795847,16.685423,22.484518,20.915932,24.3367,26.324003,25.851034,28.819902,29.310926,25.599659,22.016243,19.712059,16.077864,12.021954,8.589708,7.219217,0.0,5.755951,4.919561,9.039436,9.277778,8.90625,8.388665,5.56963,9.69128,7.5180907,13.924724,15.131092,19.16664,20.746769,27.356218,29.018402,26.771349,26.0968,20.875635,21.713226,18.057886,15.368398,12.087568,13.914298,9.126816,10.918213,15.556727,15.987927,18.154837,16.132381,20.563412,22.401196,25.060902,28.887259,29.500658,32.033916,31.926678,30.93067,28.32905,24.84721,22.662245,17.92434,19.606874,13.71838,16.900864,11.06386,12.65045,8.917954,8.583311,10.404195,9.401155,5.5745335,7.339353,8.785331,9.957483,12.770601,15.849543,19.205452,21.358677,25.321436,25.111382,26.809599,25.613888,24.07702,24.580347,20.327482,20.556684,15.86618,16.416044,13.754618,12.665249,16.64765,17.442442,22.510773,20.682667,25.662489,26.247356,30.730621
33,33.722363,35.18082,31.550425,31.709503,30.607412,27.886015,24.229279,25.319542,20.548458,23.39797,19.66423,25.163269,21.24229,18.882244,22.085209,18.303661,22.21561,19.861378,25.02394,23.505106,26.148525,28.482063,27.41519,31.005335,32.14479,28.167757,24.879122,21.877651,19.097773,13.170338,11.91822,6.5490813,5.755951,0.0,5.675374,7.758899,5.2605834,6.8988295,6.1758404,7.106346,10.447126,11.087321,16.728085,18.761732,22.511433,24.450531,30.55421,32.571815,30.776306,30.27735,25.212042,25.282417,21.31678,19.964884,16.3527,18.104872,14.193049,16.272596,21.064754,21.726494,23.751278,21.243187,25.495028,26.857727,29.52097,32.782284,33.283157,35.436333,35.3767,33.929165,31.39635,28.204432,26.477516,21.917059,24.158432,18.456013,22.151611,16.556194,18.0965,14.474554,13.523651,14.402318,11.559478,8.147308,7.966742,11.398515,9.4356985,14.4783745,16.431974,19.952633,22.012316,25.854872,25.493795,26.498161,24.700926,22.672667,23.926525,19.461224,20.23954,14.804533,16.727964,13.717927,12.8908,17.45034,18.08538,23.995266,22.198488,27.22724,28.188711,32.406677
34,38.012775,39.47017,36.103256,35.649124,34.556686,31.433636,27.753622,28.57987,23.44324,25.710531,21.677938,26.389915,22.03024,18.548843,22.481178,19.3689,23.701384,21.42412,27.244728,25.238667,28.412535,30.250587,29.223974,32.22949,32.749943,28.71035,25.760853,22.817152,20.102058,14.993247,12.612345,9.976282,4.919561,5.675374,0.0,4.4444227,5.795825,5.021018,8.297481,6.0058513,10.943383,10.385958,16.603483,18.554457,22.212349,24.377522,30.38056,32.41125,30.551163,29.248127,23.953444,24.308348,20.224623,17.808973,14.133907,14.405383,10.835336,13.956989,17.371496,18.720263,21.689539,19.936419,24.787352,26.651554,29.589903,33.2509,34.197777,36.680283,36.33618,35.420536,32.9607,29.265955,27.372488,22.522882,24.232468,18.300732,21.013487,14.908838,15.5687275,11.27087,12.740025,12.979123,12.081255,9.539228,11.324389,13.584729,13.671226,17.305342,19.5083,23.068592,24.776546,28.710867,28.011162,29.622595,27.868439,26.573124,27.71529,23.173069,24.265493,19.118483,20.606426,17.854733,16.726433,20.985744,21.857687,27.187551,25.355484,30.381496,30.92361,35.375362
35,41.304947,42.83785,39.282818,39.246735,38.092514,35.141838,31.476246,32.080692,27.01121,29.179808,24.781757,29.72324,25.115177,21.727598,26.12932,23.353502,27.744469,25.678217,31.38431,29.559782,32.609955,34.527573,33.333015,36.455166,37.062965,32.928917,30.126022,26.996393,24.489708,18.991383,16.996382,13.5106,9.039436,7.758899,4.4444227,0.0,4.8365006,5.4976363,11.027651,9.951757,14.615099,14.745795,20.802797,22.941021,26.498644,28.783852,34.623634,36.756496,34.96521,33.522697,28.220514,28.457815,24.26156,21.906855,18.21203,17.732273,14.720094,18.103119,20.780005,22.276194,25.530676,24.204636,29.03391,31.03616,33.863712,37.675232,38.504627,41.030678,40.758034,39.79284,37.29065,33.675278,31.674608,26.880327,28.39389,22.504648,24.728382,18.581743,18.578041,14.430675,16.21818,15.102544,13.894834,12.547132,14.380248,17.308064,16.92909,21.246311,23.370846,26.969597,28.66823,32.562313,31.760761,33.142513,31.090998,29.661083,31.14205,26.53015,27.764626,22.378635,24.146378,20.971537,19.582104,23.949455,25.107113,30.542992,29.134178,34.151196,34.963158,39.35405
36,37.746986,39.512836,36.027203,36.40661,35.524815,32.926525,29.259699,30.567335,25.805845,28.592731,24.670467,30.074059,25.889254,23.092636,26.771238,23.198746,27.229992,24.689629,30.018665,27.982117,30.476582,32.571674,30.992653,34.513702,35.606323,31.333096,28.686497,25.144945,23.191048,16.68352,15.96367,10.8782,9.277778,5.2605834,5.795825,4.8365006,0.0,3.872055,7.732852,8.867992,12.494704,14.086119,19.562765,22.160757,25.562952,28.031487,33.556503,35.915947,34.48023,33.333817,28.191292,27.856373,23.545801,22.364569,18.48269,18.940708,16.081339,19.129858,22.95102,24.390057,27.128536,24.832268,29.560755,30.994133,33.98534,37.12174,38.02121,40.15914,39.819225,38.51725,36.13937,32.658546,31.194052,26.446493,28.686962,22.82113,26.13664,20.179413,21.062508,16.944063,17.506706,17.459671,15.160538,12.697604,13.15847,16.515306,14.503592,19.495424,20.702625,24.333328,25.86319,29.631819,28.745102,29.740852,27.422245,25.813265,27.661358,23.012894,24.688822,19.092752,21.71277,18.877419,18.043892,22.62039,23.294268,29.245329,27.35746,32.398964,33.19455,37.409534
