,0,1,2,3,4,5,6,7,8,9,10,11,12,13,14,15,16,17,18,19,20,21,22,23,24,25,26,27,28,29,30,31,32,33,34,35,36,37,38,39,40,41,42,43,44,45,46,47,48,49,50,51,52,53,54,55,56,57,58,59,60,61,62,63,64,65,66,67,68,69,70,71,72,73,74,75,76,77,78,79,80,81,82,83,84,85,86,87,88,89,90,91,92,93,94,95,96,97,98,99,100,101,102,103,104,105,106,107,108
0,0.0,4.705906,7.119895,9.764379,12.850704,14.717374,18.19879,21.87744,24.08662,28.357445,32.41195,35.363155,34.43586,32.775482,28.691347,26.298994,22.954062,21.31719,17.858719,15.108459,15.172346,10.415261,14.775327,12.180594,16.33242,15.9052305,19.877129,20.553957,22.84729,22.992538,27.498167,26.64962,33.798405,31.862356,35.985268,38.13639,38.894352,38.298584,33.855267,29.849726,34.045864,29.586298,31.5149,28.607368,26.409374,25.19296,24.397161,22.753885,24.192064,28.233948,30.924807,32.447987,34.7602,37.740154,36.029854,37.280464,37.33587,39.844357,44.8469,42.5907,39.22879,40.692562,37.3138,39.804935,36.74957,41.351807,38.977642,37.502472,31.414848,32.72986,32.032696,33.718468,34.53385,37.871758,39.52507,42.58711,44.473553,45.437542,47.97751,45.32366,39.92742,37.837605,35.43137,32.326202,29.870647,27.303871,22.137348,18.507095,16.821043,15.167649,18.397003,21.826797,20.702168,21.558834,23.916323,27.336391,24.709778,25.798527,29.121655,31.07145,29.345455,28.432323,28.577803,29.35466,28.62913,28.137865,31.958622,30.866098,35.10209
1,4.705906,0.0,5.0398736,6.7129903,9.121415,12.340755,14.494372,19.108187,20.744488,25.536165,29.497566,32.32256,32.017323,30.630007,26.817966,24.292099,21.532269,19.409712,16.759445,13.397098,15.032116,9.592905,14.97766,12.939383,16.431274,14.905809,18.166079,18.800337,20.28355,21.362335,24.843914,24.877098,31.564034,29.98667,34.094257,36.23599,37.50795,36.847206,32.51197,28.515846,32.330147,27.941986,29.244127,26.12863,24.777971,22.956633,22.943083,20.485712,22.632616,26.79134,29.69305,30.516893,33.636845,36.039856,34.775265,36.012985,35.422897,37.911995,42.850235,40.120075,36.680965,37.95602,34.56747,36.857697,34.161053,38.242847,35.992947,33.989014,28.107792,29.369976,28.187883,30.148232,30.65468,34.261154,35.77305,39.019238,40.9384,41.76623,44.474125,41.49177,36.16948,34.292583,32.17499,28.863373,26.484474,23.873877,18.571342,15.276374,12.880599,10.776164,14.094107,17.455906,16.058878,16.92475,19.391777,22.718847,20.005863,21.28663,24.632936,26.408339,24.649435,23.791422,23.956406,24.682617,24.200151,23.738016,27.654236,26.840334,31.135412
2,7.119895,5.0398736,0.0,5.070892,6.9101295,8.417549,11.795603,15.124502,17.615124,21.445898,25.982864,28.52976,27.849604,26.532846,22.335587,20.297924,17.285265,15.857139,13.418739,11.114789,13.035176,9.2848835,15.091725,14.410589,18.289654,17.500214,20.146072,19.521275,20.58607,20.850105,24.052721,23.128632,29.396574,26.965115,31.436192,33.118332,34.396225,34.192703,29.720392,25.915068,30.517927,26.713491,28.011833,25.905237,25.044765,23.640135,24.36412,22.330376,25.02704,29.34241,31.717205,32.01646,35.019775,36.893005,35.17312,35.9234,35.335712,37.35543,42.34927,39.735218,36.244194,38.293537,35.31048,37.96227,35.95249,40.032898,38.40116,36.06441,30.34043,30.870028,29.24615,30.738487,30.730059,34.216835,35.22489,38.29406,39.682384,40.313587,42.6156,39.798393,34.251488,31.93051,29.741304,26.853397,24.041346,22.483032,16.692507,14.060939,12.371656,10.887301,14.72733,17.122587,15.586275,17.859867,20.257298,22.484789,20.437468,22.904102,25.755365,26.585505,25.118324,24.31943,23.518436,24.21394,22.540035,22.229681,25.677929,24.483849,28.626902
3,9.764379,6.7129903,5.070892,0.0,3.7467613,6.306946,8.840863,13.130905,14.555454,19.750711,23.06685,26.302977,25.83494,24.262743,20.882685,17.884825,15.500494,12.881527,10.75684,7.1904426,10.332829,6.092222,11.997561,12.071888,15.120034,13.991694,15.829482,14.81312,15.5539255,16.151344,19.083681,18.708683,25.059793,23.34749,27.508232,29.571844,31.007395,30.410007,26.103918,22.182852,26.134954,22.133625,23.229559,20.873547,20.258596,18.69387,19.834759,17.727337,20.816032,25.16128,27.348217,27.24164,30.482079,32.035484,30.475752,31.239347,30.4075,32.482616,37.44565,34.727585,31.235464,33.22336,30.269781,32.993496,31.164152,35.310326,33.969322,31.692837,25.96265,26.140379,24.662645,25.873318,26.040903,29.357407,30.525696,33.53291,35.092445,35.905045,38.338306,35.67394,30.214998,28.075132,25.737913,22.626953,20.123562,17.844551,12.417305,9.186745,7.832646,7.2504163,10.709083,13.239817,13.56428,14.967411,16.783895,19.335573,18.258686,20.04769,22.279455,23.553696,22.94092,22.772404,22.04817,22.036673,20.8701,19.272026,23.044,21.451437,25.643547
4,12.850704,9.121415,6.9101295,3.7467613,0.0,5.3416553,5.417546,10.63446,11.650412,16.990234,20.552313,23.415894,23.522568,22.359825,19.123466,16.368843,14.685536,12.034085,11.331144,8.246944,12.555846,9.332182,14.898154,15.4466915,17.993946,16.394325,17.409988,16.07805,15.736321,16.97045,18.475496,18.679844,24.114164,22.405094,26.648685,28.436604,30.374754,29.944824,25.7707,22.068087,25.88127,22.326775,22.725399,20.652725,21.11793,19.186356,21.222843,18.621912,22.285364,26.564373,28.744682,27.928629,31.733566,32.62681,31.353449,31.936077,30.542265,32.39078,37.236942,34.1384,30.599113,32.645275,29.870033,32.454258,31.213444,34.762844,33.717068,30.847227,25.523048,25.422712,23.250124,24.590736,24.15684,27.719637,28.489323,31.624903,32.98053,33.535686,35.97446,32.98692,27.502304,25.39874,23.40561,20.26489,17.618347,15.924322,10.019427,8.06601,6.035615,5.325421,8.992468,10.561954,10.375512,12.671198,14.54157,16.268734,15.421534,18.051086,20.064201,20.604252,20.028028,19.906849,18.737844,18.691412,17.182762,15.764508,19.427916,18.029299,22.258469
5,14.717374,12.340755,8.417549,6.306946,5.3416553,0.0,6.2270784,7.3408175,10.054667,13.9737425,17.785807,20.802042,19.831589,18.305338,14.6144,12.012599,9.599185,7.737809,6.9836516,6.129007,9.977473,9.657525,14.408957,16.146666,19.06147,18.699947,19.53495,17.002865,16.846785,16.335787,18.255552,16.567453,21.826796,18.922527,23.57115,24.941135,26.535475,26.57518,22.176323,18.652025,23.570915,20.672092,21.529104,20.848204,21.214218,20.262085,22.466516,20.966997,24.566656,28.842093,30.300531,29.395395,32.48507,33.14865,31.116802,31.165497,30.215067,31.54036,36.443436,33.863213,30.380476,33.39205,31.115528,34.217716,33.43256,37.37643,36.904922,34.23561,28.97144,28.161873,26.133297,26.615826,26.02131,29.021996,29.413496,32.08145,32.844715,33.36767,35.19795,32.821835,27.133005,24.37659,21.94571,19.558046,16.455116,16.011816,10.275006,8.951675,9.406453,10.192035,13.249221,13.872554,14.432126,17.299519,18.724083,19.554,19.70125,22.714127,24.082815,24.075628,24.066708,24.114124,22.202114,21.958744,19.289833,17.585764,20.487713,18.17946,22.001543
6,18.19879,14.494372,11.795603,8.840863,5.417546,6.2270784,0.0,6.709058,6.5166044,12.336277,15.622476,18.27631,18.987202,18.231369,15.628016,12.99929,12.6978245,10.016108,11.557012,9.7369795,14.728415,13.296217,17.98298,19.505442,21.430859,19.83649,19.654192,17.433374,15.770477,17.138115,16.697533,17.19397,21.057804,19.286142,23.526386,24.891626,27.431719,27.245174,23.355423,20.112957,23.720451,21.061563,20.587576,19.466196,21.355732,19.411621,22.635866,20.039799,24.293957,28.37517,30.121906,28.306295,32.484737,32.352108,31.203491,31.342491,29.3518,30.677229,35.309372,31.926497,28.402067,30.889318,28.63296,31.25099,31.060638,34.00065,33.724358,30.284399,25.642124,24.70137,21.792267,22.720758,21.430656,24.931824,25.002996,28.04667,28.902376,29.1479,31.372728,28.265171,22.692608,20.433882,18.731411,15.801679,12.883049,12.499309,6.328912,7.303942,6.422966,7.287918,9.424341,8.541466,9.168353,12.425861,13.604864,13.515488,14.235578,17.76773,18.710773,18.045622,18.304522,18.660393,16.507725,15.912702,13.483397,11.42017,14.618542,12.801431,16.94967
7,21.87744,19.108187,15.124502,13.130905,10.63446,7.3408175,6.709058,0.0,4.823614,6.6787896,11.165505,13.52133,12.997497,12.208822,8.967711,7.278494,7.490037,6.8689995,10.121642,11.251128,15.236901,16.390345,20.217487,22.71242,24.940903,24.406178,24.075539,20.790524,19.195848,18.8092,18.246407,16.637426,19.203892,15.672808,20.439985,20.821117,23.271482,23.954924,20.005142,17.432999,22.264456,20.932327,20.64663,21.503174,23.582748,22.673483,26.14255,24.59885,28.77664,32.793026,33.792053,31.74422,35.221226,34.613632,32.71972,32.142582,30.489855,31.005058,35.531296,32.687202,29.312637,32.965412,31.446789,34.540833,35.067013,38.18441,38.619766,35.27148,30.90411,29.194658,26.325619,26.300379,24.60855,27.370066,26.71428,29.09757,28.961294,28.955973,30.240463,27.838518,22.107792,18.913301,16.920483,15.404168,11.7950115,14.089156,9.176671,11.2498665,12.425432,13.874783,15.82909,14.274794,15.03026,18.803776,19.619078,18.33109,19.948065,23.96078,24.259192,22.713434,23.471504,23.89152,20.848858,20.184404,16.195248,14.349224,15.844414,12.925502,16.066483
8,24.08662,20.744488,17.615124,14.555454,11.650412,10.054667,6.5166044,4.823614,0.0,7.4905405,9.141056,12.211448,13.141927,12.577596,11.412561,8.750287,10.687405,8.4722185,12.351881,12.399814,16.980318,17.623869,21.032797,23.604002,24.995564,23.907534,22.714327,19.423933,16.873701,17.469433,15.224995,15.177069,16.731161,14.595511,18.738272,19.47098,22.565178,22.751842,19.301836,16.869772,20.319468,19.102676,17.865307,18.552996,21.654215,20.296677,24.43366,22.523922,27.005184,30.765366,31.710745,29.01178,33.036106,31.81855,30.476225,29.933096,27.606155,28.102766,32.42134,29.104263,25.733673,29.12154,27.729116,30.61031,31.62923,34.228302,34.99567,31.382036,27.491201,25.42372,22.245321,22.093164,20.057177,22.843609,22.01723,24.515297,24.491005,24.464294,26.071268,23.374428,17.647657,14.772808,13.017314,10.96879,7.4667797,9.947288,5.8517256,9.651389,11.00519,13.029419,13.791303,11.248478,13.442932,16.480534,16.59216,14.788928,17.558481,21.156872,20.679508,19.024576,20.622662,21.614151,18.639206,17.263538,13.918341,10.5862665,12.220912,8.80999,12.197556
9,28.357445,25.536165,21.445898,19.750711,16.990234,13.9737425,12.336277,6.6787896,7.4905405,0.0,7.38656,7.41199,7.5705943,8.5527525,6.6742415,7.960917,10.528281,11.487445,15.634423,17.524446,21.166922,22.966663,26.366556,29.176634,31.151001,30.617102,29.757076,26.160912,23.90684,23.487474,21.445055,19.853899,19.801226,15.839764,20.1927,19.2963,22.376305,23.819855,20.619137,19.276075,23.743505,23.88694,22.816772,24.906649,27.96003,27.201353,31.26163,29.799215,34.173073,37.9547,38.613964,35.881207,39.461197,37.97038,36.156414,35.080894,33.0241,32.802517,36.83194,33.938187,30.82349,34.937447,34.12376,37.123093,38.646347,41.064087,42.183903,38.403088,34.83371,32.545025,29.165257,28.74114,26.215967,28.579594,26.946354,28.883974,27.755722,27.142494,27.659925,25.375937,19.939098,16.37681,15.202367,15.1411495,11.65401,16.408396,13.3118925,16.742903,18.049198,19.553724,20.891245,18.24928,18.770412,22.885633,23.301483,20.468794,22.951952,27.53194,27.089027,24.298557,25.525368,26.12458,22.306324,21.456894,16.51113,15.149427,14.637231,11.546233,13.029933
10,32.41195,29.497566,25.982864,23.06685,20.552313,17.785807,15.622476,11.165505,9.141056,7.38656,0.0,5.5805917,6.2005825,6.3401175,9.476514,8.51151,12.894867,12.603357,17.33433,19.129574,22.549332,25.033417,27.121778,30.536201,31.50381,31.090563,29.168985,25.06202,22.148006,21.541142,17.93695,16.66996,14.029206,11.086092,14.32266,13.25711,17.133694,18.282257,16.058006,15.655878,18.57986,19.950626,18.031586,21.330944,25.261383,24.890396,29.498478,28.58311,32.945633,36.22483,36.174892,32.716595,36.13221,33.69217,31.99482,30.484962,28.054245,27.207605,30.765839,27.965105,25.147936,29.747534,29.69059,32.804764,35.22379,37.417004,39.403748,35.854404,32.928627,29.766958,26.67937,25.195593,22.566826,23.896639,21.83893,23.035316,21.351545,20.830616,20.877747,19.46721,14.196882,10.205403,8.574406,10.00601,7.4304028,13.32739,13.272901,17.179323,19.569769,21.989468,22.16599,19.077778,21.808416,24.584623,23.987612,21.08199,25.082218,28.533258,26.901226,24.473783,27.109804,28.527473,25.024395,23.187452,19.372322,15.907098,15.0740385,10.8722315,10.932486
11,35.363155,32.32256,28.52976,26.302977,23.415894,20.802042,18.27631,13.52133,12.211448,7.41199,5.5805917,0.0,5.546004,8.456843,10.826176,12.2325735,16.159779,16.82747,21.453985,23.357925,26.93547,29.10533,31.818607,34.988827,36.305435,35.672707,33.986473,30.124369,27.142414,26.896881,23.20964,22.215458,19.337397,16.231176,19.211887,17.331202,21.19023,22.90304,20.998623,20.938814,23.970163,25.529022,23.477846,26.596949,30.675476,30.034403,34.687695,33.377064,37.866383,41.219513,41.411663,37.864098,41.54777,38.993755,37.484344,35.960896,33.353264,32.383183,35.664062,32.70072,30.018415,34.40168,34.432568,37.236805,39.888813,41.50714,43.489433,39.471504,36.903385,33.89988,30.284754,29.218712,26.04946,27.64195,25.06694,26.29539,24.131823,22.942665,22.581175,20.696106,16.023382,12.414047,12.432781,14.132499,11.821246,17.92182,17.24107,21.441193,23.111145,24.994581,25.402452,21.971823,23.337091,26.86011,26.528507,22.707745,26.401978,30.679276,29.162756,25.707563,27.921852,29.059662,25.029316,23.558842,18.921724,16.962824,14.782575,11.597385,10.40772
12,34.43586,32.017323,27.849604,25.83494,23.522568,19.831589,18.987202,12.997497,13.141927,7.5705943,6.2005825,5.546004,0.0,3.69895,6.8341227,9.212411,12.945571,14.721222,19.072292,21.956367,24.662994,27.862635,30.050396,33.546413,35.12165,35.20743,33.81805,29.572067,27.226185,25.791527,23.258142,20.596674,18.163418,13.537543,16.991032,14.635652,17.716486,20.038698,17.810703,18.038563,22.209356,24.062113,22.885443,26.650618,29.946537,30.020582,34.261364,33.68348,37.89585,41.346794,41.2014,38.094902,40.998886,38.80663,36.568336,34.79924,32.954723,31.811972,35.296036,33.0808,30.42792,35.422596,35.49916,38.782223,41.088898,43.533962,45.46522,41.980095,38.851135,35.811234,32.778385,31.34405,28.766054,30.021772,27.858843,28.778486,26.645704,25.912512,25.187412,24.301092,19.52553,15.523469,14.2265835,16.171053,13.550645,19.207762,18.189566,21.605837,23.908031,26.00756,26.89155,24.09107,25.758902,29.307983,29.170225,26.161968,29.539692,33.62276,32.42175,29.64263,31.706043,32.708374,28.84147,27.529833,22.838272,20.671795,19.347761,15.711408,15.364878
13,32.775482,30.630007,26.532846,24.262743,22.359825,18.305338,18.231369,12.208822,12.577596,8.5527525,6.3401175,8.456843,3.69895,0.0,5.5767145,6.625285,10.470774,12.219838,16.419699,19.612473,21.862541,25.579643,27.242474,30.954166,32.43443,32.872017,31.487858,27.042223,25.004057,22.967787,21.00389,17.559774,15.5589,10.300687,14.134351,12.057239,14.732521,16.995708,14.399479,14.55251,19.199154,21.031595,20.32163,24.32368,27.19244,27.651964,31.667395,31.531727,35.54719,38.970146,38.60542,35.722572,38.215755,36.23121,33.667877,31.840466,30.376905,29.259867,32.92706,31.060343,28.383343,33.60321,33.638977,37.1772,39.23168,42.177494,44.0688,40.98218,37.548096,34.46929,31.886034,30.191599,28.07402,29.108501,27.3376,28.152206,26.29044,25.982569,25.372261,24.92254,19.973402,15.8867655,13.700694,15.4748955,12.845026,17.862984,16.991634,19.862848,22.650587,25.018396,25.931181,23.532406,25.839674,29.013212,28.817814,26.464392,29.844707,33.468246,32.319706,30.186407,32.371803,33.45759,29.890638,28.466347,24.156092,21.365402,20.763401,16.74385,16.99078
14,28.691347,26.817966,22.335587,20.882685,19.123466,14.6144,15.628016,8.967711,11.412561,6.6742415,9.476514,10.826176,6.8341227,5.5767145,0.0,5.066931,6.8997397,10.051854,13.620498,17.094002,19.262655,22.706102,25.134726,28.459661,30.669281,31.15611,30.564547,26.44674,24.998196,22.962763,22.28873,18.591774,18.880165,13.327235,17.997974,16.661674,18.624521,20.696959,17.202583,16.25022,21.999268,22.638922,22.61699,25.64234,27.75487,28.001558,31.533833,31.132595,35.07848,38.860825,38.971657,36.70611,39.239346,38.06068,35.374733,33.93539,32.801018,32.26198,36.38085,34.42197,31.460133,36.313744,35.72906,39.256725,40.555397,43.838837,45.074036,41.965477,37.949852,35.477707,32.84805,31.801418,29.89953,31.621696,30.276873,31.665789,30.354374,30.122355,30.052961,28.93616,23.596624,19.635687,17.457766,18.098518,14.78269,19.026894,16.296402,18.540691,20.805147,22.663324,24.367378,22.504545,23.71541,27.483711,27.919083,25.96683,28.347565,32.419083,32.083492,30.04384,31.377981,31.967289,28.423483,27.58021,22.894926,21.062616,21.010406,17.449657,18.724638
15,26.298994,24.292099,20.297924,17.884825,16.368843,12.012599,12.99929,7.278494,8.750287,7.960917,8.51151,12.2325735,9.212411,6.625285,5.066931,0.0,4.4965467,5.6804395,9.898814,13.080681,15.454006,18.997072,20.939642,24.486296,26.251093,26.737974,25.834972,21.564087,20.097914,17.938057,17.378073,13.613789,14.756238,9.634073,14.62028,14.407176,16.408192,17.63755,13.737852,12.006494,17.65074,17.754133,17.859625,20.680891,22.690819,23.007616,26.556202,26.330786,30.226183,33.92912,33.93412,31.678509,34.181515,33.08234,30.429682,29.129488,28.00014,27.716745,32.044193,30.049322,26.97901,31.729193,30.9878,34.620327,35.716583,39.287956,40.489952,37.6878,33.509434,30.97641,28.727365,27.483147,26.008495,27.60797,26.711008,28.16298,27.349564,27.5469,27.932518,26.898935,21.390896,17.59742,14.741638,14.747554,11.530686,14.774724,12.390437,14.252922,17.121843,19.465508,20.81104,19.21259,21.604136,24.574194,24.71503,23.445871,26.12388,29.421503,28.916464,27.64084,29.36074,30.247704,27.177402,25.961967,22.117262,19.149937,19.946363,15.987029,17.86754
16,22.954062,21.532269,17.285265,15.500494,14.685536,9.599185,12.6978245,7.490037,10.687405,10.528281,12.894867,16.159779,12.945571,10.470774,6.8997397,4.4965467,0.0,4.5643926,6.854174,10.851157,12.411904,16.283068,18.416752,21.770624,24.158821,25.049658,24.916267,20.883507,20.32284,17.683617,18.838747,14.459811,17.558453,12.432196,17.470396,17.672794,18.797623,19.910038,15.53859,13.141609,19.5321,18.740677,19.782902,21.8925,22.799728,23.27716,26.081568,26.032652,29.598698,33.512474,33.717773,32.188503,34.31827,34.021645,31.064785,30.027294,29.493355,29.609995,34.213352,32.4812,29.327856,33.86366,32.709312,36.419548,36.78935,40.87626,41.57064,39.06546,34.343082,32.29574,30.373775,29.457396,28.450481,30.301245,29.882729,31.546196,31.13416,31.523739,32.136295,31.015127,25.425241,21.775864,18.823946,18.277636,15.021038,17.055538,13.55466,14.078953,16.70241,18.680372,20.71194,19.975817,21.786217,24.851177,25.45432,24.94301,26.765078,30.0163,30.173895,29.362265,30.486158,31.026268,28.22549,27.413868,23.640955,21.204144,22.591955,19.001648,21.453007
17,21.31719,19.409712,15.857139,12.881527,12.034085,7.737809,10.016108,6.8689995,8.4722185,11.487445,12.603357,16.82747,14.721222,12.219838,10.051854,5.6804395,4.5643926,0.0,4.7361355,7.4184275,10.128378,13.368345,15.422266,18.843302,20.697268,21.207476,20.673157,16.60916,15.797458,13.582295,14.600558,10.963061,15.088078,11.321134,16.128853,17.32984,18.806652,19.024368,14.638159,11.458616,16.99556,15.3505535,16.216982,17.622944,18.666721,18.834059,21.839306,21.581554,25.28639,29.177649,29.489758,27.829458,30.305935,30.01185,27.384495,26.632391,25.798576,26.29653,31.042133,28.986275,25.695997,29.853487,28.446148,32.090363,32.30014,36.416733,37.02347,34.60554,29.820698,27.796984,26.039246,25.151417,24.421268,26.355524,26.310581,28.181602,28.281055,28.928614,30.058697,28.725851,23.10956,19.833584,16.701471,15.3533,12.33992,13.087767,9.633592,9.738714,12.829628,15.254134,16.837683,16.265463,19.064262,21.375214,21.701332,21.709677,23.766174,26.367468,26.366943,26.125315,27.540653,28.342138,25.959192,24.835629,21.870598,18.612122,20.665764,17.02937,19.935589
18,17.858719,16.759445,13.418739,10.75684,11.331144,6.9836516,11.557012,10.121642,12.351881,15.634423,17.33433,21.453985,19.072292,16.419699,13.620498,9.898814,6.854174,4.7361355,0.0,4.7250466,5.69458,9.792199,11.592894,14.9462,17.373215,18.525106,18.855774,15.124595,15.647069,12.742594,16.007801,11.907611,17.85507,14.444235,18.925833,20.57978,21.230864,21.155745,16.563658,12.90726,18.602571,15.966205,17.917585,18.448822,17.970251,18.458267,20.363644,20.534601,23.657131,27.680857,28.119284,27.373638,29.265604,29.927343,26.979952,26.57121,26.479666,27.439001,32.388557,30.717398,27.440174,31.277805,29.463562,33.17027,32.52595,37.27688,37.353577,35.470562,30.138626,28.643803,27.503273,26.844341,26.799295,28.785385,29.330093,31.286613,31.831749,32.754414,34.086273,32.83491,27.277594,24.20505,20.949512,19.264164,16.523666,15.950003,12.155307,10.287852,13.072232,15.105754,17.196287,17.810217,20.328064,22.235289,22.897697,23.951822,25.196432,27.307146,27.906345,28.425688,29.377449,29.928738,28.04522,27.21104,24.674788,21.71544,24.32825,21.025837,24.265066
19,15.108459,13.397098,11.114789,7.1904426,8.246944,6.129007,9.7369795,11.251128,12.399814,17.524446,19.129574,23.357925,21.956367,19.612473,17.094002,13.080681,10.851157,7.4184275,4.7250466,0.0,5.1463866,6.0314703,8.97963,11.71673,13.921514,14.292963,14.753363,11.618743,12.32496,10.716299,14.298705,12.090265,18.81903,16.86576,20.907692,23.162285,24.178474,23.476198,19.116188,15.128143,19.471594,15.763925,17.433659,16.372452,15.662448,15.335231,17.038574,16.503729,19.725191,23.908623,24.903044,24.338566,26.802717,27.829515,25.475351,25.655703,25.223808,26.818254,31.84615,29.71866,26.316046,29.32097,26.968952,30.383482,29.205359,33.929325,33.536114,31.68824,26.112951,25.102379,24.102276,23.956856,24.274305,26.653322,27.686857,30.046103,31.224474,32.293587,34.227222,32.502502,27.027454,24.486101,21.444986,18.908064,16.515469,14.413411,10.247559,6.8763137,9.203637,11.184295,13.166012,14.568268,17.396833,18.504719,19.20788,21.129688,21.966087,23.418612,24.306704,25.511711,26.292398,26.861643,25.574806,24.725775,23.09426,19.96276,23.278116,20.44059,24.142036
20,15.172346,15.032116,13.035176,10.332829,12.555846,9.977473,14.728415,15.236901,16.980318,21.166922,22.549332,26.93547,24.662994,21.862541,19.262655,15.454006,12.411904,10.128378,5.69458,5.1463866,0.0,6.247072,6.28359,9.734321,12.419559,14.450719,15.619204,12.518209,14.671368,11.326021,16.788279,13.047178,20.435114,18.14845,21.901112,24.266293,24.308693,23.57176,19.14166,15.175148,19.955223,16.150333,19.008314,18.306625,16.053686,16.86886,17.295904,18.101692,20.324013,24.318502,24.842382,25.170496,26.376762,28.14136,25.045092,25.180595,25.825832,27.414688,32.470104,31.161606,27.974846,31.210045,28.939388,32.615143,30.980719,36.410126,35.925697,34.81532,29.009808,28.081121,27.841745,27.330666,28.18029,30.064465,31.358492,33.358395,34.52543,35.83484,37.508556,36.369915,31.00597,28.325377,24.94501,22.818937,20.599823,18.47363,15.12583,11.591778,13.9701805,15.676264,17.67182,19.508265,22.290949,23.15315,23.86556,26.163692,26.833717,27.893948,28.888805,30.485693,31.231897,31.726288,30.594452,29.826221,28.171793,25.080442,28.303955,25.27236,28.776442
21,10.415261,9.592905,9.2848835,6.092222,9.332182,9.657525,13.296217,16.390345,17.623869,22.966663,25.033417,29.10533,27.862635,25.579643,22.706102,18.997072,16.283068,13.368345,9.792199,6.0314703,6.247072,0.0,5.987548,6.513758,9.834815,10.263335,12.565602,11.280516,13.627221,12.718688,17.698997,16.366312,23.804428,22.465782,26.146063,28.740503,29.404728,28.374178,24.107374,19.995476,23.711731,19.177458,21.311121,18.848782,16.640278,16.038942,15.991211,15.319527,17.532127,21.804092,23.462847,24.156727,26.30446,28.566269,26.434477,27.315514,27.365856,29.632511,34.67551,32.669197,29.343634,31.452724,28.491987,31.587208,29.230007,34.34766,33.038616,31.773746,25.69162,25.720001,25.400661,25.896694,26.942219,29.535385,31.220613,33.808136,35.577312,36.84846,39.16721,37.248882,31.938122,29.775476,26.857208,23.920313,21.839848,18.723839,14.649796,10.279843,10.815808,11.497833,13.742395,16.6638,18.751308,18.961637,20.092827,23.316164,22.940947,23.494879,25.24889,27.427713,27.502024,27.726936,27.305971,26.846163,26.060541,23.45072,27.285484,25.061127,29.048353
22,14.775327,14.97766,15.091725,11.997561,14.898154,14.408957,17.98298,20.217487,21.032797,26.366556,27.121778,31.818607,30.050396,27.242474,25.134726,20.939642,18.416752,15.422266,11.592894,8.97963,6.28359,5.987548,0.0,4.4975605,6.2376895,9.192641,11.02861,9.242434,12.981937,10.29917,16.943365,14.783448,22.736637,22.032234,24.924185,28.005167,27.924725,26.394629,22.433441,18.388096,21.406157,16.541916,19.647554,17.304522,13.478251,14.219195,12.892246,14.212397,15.308904,19.157822,19.92013,21.317028,22.122562,24.976015,22.218174,23.161537,24.171158,26.543192,31.531088,30.319094,27.278755,29.503323,26.70617,30.127117,27.458145,33.38711,32.310944,32.0253,25.924122,25.623438,26.380222,26.069288,27.8536,29.606993,31.692974,33.768692,35.67463,37.357166,39.51355,38.359314,33.345177,31.258282,27.929941,25.28212,23.741894,20.08086,17.603062,13.122749,14.898144,16.340082,17.60416,20.41057,23.760166,23.195776,23.683002,27.169462,27.51625,27.182352,28.32984,31.100569,31.855148,32.467663,32.199837,31.315138,30.819242,27.379261,31.149641,28.445972,32.126907
23,12.180594,12.939383,14.410589,12.071888,15.4466915,16.146666,19.505442,22.71242,23.604002,29.176634,30.536201,34.988827,33.546413,30.954166,28.459661,24.486296,21.770624,18.843302,14.9462,11.71673,9.734321,6.513758,4.4975605,0.0,4.7540894,7.254308,10.890114,11.135079,15.07741,13.796852,20.059776,18.897211,26.799065,26.279375,29.229258,32.327717,32.38616,30.824852,26.885563,22.815104,25.57611,20.497557,23.320242,20.128904,16.16194,16.15575,13.954106,14.496542,14.875492,18.700047,20.288906,22.445807,23.43496,26.959972,24.740955,26.17891,27.104027,29.859142,34.760925,33.33786,30.308693,31.798702,28.576994,31.57048,28.190458,34.03254,32.22966,32.117355,25.8125,26.356897,27.263655,27.61839,29.61236,31.731934,34.083435,36.453983,38.691948,40.359154,42.824585,41.288013,36.30777,34.447952,31.347284,28.361721,26.823803,22.82832,19.916594,15.205481,15.817924,16.402365,17.819466,21.31211,23.920645,22.964401,23.794645,27.896631,27.388245,26.646854,28.426249,31.62122,31.797441,32.124855,32.37507,31.80638,31.781208,28.838223,32.893246,30.677933,34.60363
24,16.33242,16.431274,18.289654,15.120034,17.993946,19.06147,21.430859,24.940903,24.995564,31.151001,31.50381,36.305435,35.12165,32.43443,30.669281,26.251093,24.158821,20.697268,17.373215,13.921514,12.419559,9.834815,6.2376895,4.7540894,0.0,4.7256827,7.5010753,8.625117,13.046695,12.196822,18.413553,18.19189,25.90932,26.495607,28.733007,32.25931,32.31397,30.220255,26.739292,22.779852,24.223162,18.833975,21.580708,17.703222,13.071851,13.14142,9.863806,11.179837,10.636167,14.1933365,15.617772,18.185966,18.942078,22.828255,20.93148,22.782965,23.76751,26.8721,31.588017,30.254251,27.420158,28.358067,25.015213,27.90071,24.147724,30.301012,28.496626,29.00388,22.775904,23.30722,24.990536,25.068071,27.650785,29.34963,32.119125,34.31684,36.9127,38.84635,41.489944,40.1778,35.581547,34.118988,31.02089,27.929821,26.988152,22.238716,20.531933,15.833624,16.753996,17.769146,18.16112,21.616043,25.242172,23.336191,23.569374,28.019789,28.023775,26.315298,27.58306,31.39588,32.10974,32.824253,33.40227,32.434,33.059776,29.455662,33.606064,31.34247,35.113575
25,15.9052305,14.905809,17.500214,13.991694,16.394325,18.699947,19.83649,24.406178,23.907534,30.617102,31.090563,35.672707,35.20743,32.872017,31.15611,26.737974,25.049658,21.207476,18.525106,14.292963,14.450719,10.263335,9.192641,7.254308,4.7256827,0.0,4.8186975,8.057844,11.554163,12.922672,17.71594,19.128555,26.401325,27.455635,29.752422,33.28101,33.957535,31.81378,28.402409,24.398651,25.380074,19.921854,21.752415,16.981527,13.435151,11.953394,9.32626,8.308612,8.40971,12.435069,15.063716,17.052748,19.338747,22.781565,21.91277,24.027458,24.029821,27.368395,31.992987,29.900301,26.937622,27.149061,23.423065,25.799074,21.880804,27.461927,25.225769,25.313616,18.977243,20.096523,21.54549,22.332422,24.886177,27.07685,29.963186,32.552082,35.447998,37.267723,40.30022,38.439648,33.96075,32.875324,30.166897,26.655836,25.87574,20.716911,18.944017,14.350457,14.315188,14.923404,14.787078,18.560587,22.087954,19.51024,19.706505,24.580774,24.270514,22.032555,23.49765,27.652222,28.194923,28.924107,29.918892,28.961416,30.227911,26.748156,31.106888,29.332682,33.22744
26,19.877129,18.166079,20.146072,15.829482,17.409988,19.53495,19.654192,24.075539,22.714327,29.757076,29.168985,33.986473,33.81805,31.487858,30.564547,25.834972,24.916267,20.673157,18.855774,14.753363,15.619204,12.565602,11.02861,10.890114,7.5010753,4.8186975,0.0,4.97568,7.7912984,10.275731,13.997812,16.60364,23.227358,25.24149,26.948206,30.703915,31.61163,29.13103,26.162262,22.37419,22.205137,16.764439,18.054138,12.743334,9.581438,7.4456534,5.267954,3.7232137,5.0899014,9.423498,11.680134,12.60725,15.732376,18.460962,18.059725,20.23793,19.668194,23.121113,27.624804,25.290285,22.365114,22.342579,18.607779,21.077053,17.453505,23.152279,21.468103,21.58774,15.39861,15.835211,17.68842,17.953295,20.830166,22.631886,25.709978,28.140446,31.207424,33.18253,36.302197,34.63115,30.48068,29.719225,27.07138,23.547232,23.33505,17.681135,17.26564,13.142595,13.781062,15.199335,13.969886,17.080217,21.855925,18.770252,18.158512,22.825016,23.53655,20.83009,21.328653,25.658024,27.044012,28.294336,29.201742,27.71175,29.282604,25.028345,29.265966,27.31593,30.922316
27,20.553957,18.800337,19.521275,14.81312,16.07805,17.002865,17.433374,20.790524,19.423933,26.160912,25.06202,30.124369,29.572067,27.042223,26.44674,21.564087,20.883507,16.60916,15.124595,11.618743,12.518209,11.280516,9.242434,11.135079,8.625117,8.057844,4.97568,0.0,4.585294,5.3222375,9.977425,11.653761,18.549118,20.35382,22.09272,25.82746,26.656368,24.252913,21.1949,17.400463,17.512451,12.084542,13.703206,9.25939,6.118626,5.089902,5.4887767,6.1478553,8.833776,12.642182,13.347823,13.034708,15.740636,17.444407,16.057365,17.485365,16.965078,19.912441,24.738363,22.606178,19.491379,20.785412,17.679598,20.948095,18.57792,24.298439,23.697771,23.353241,17.568817,16.636478,17.898035,17.18571,19.56251,20.99772,23.611305,25.731438,28.291346,30.247694,32.962006,31.697655,27.309647,26.133932,23.140795,19.963032,19.628456,14.325318,14.283452,10.337307,12.450247,14.801096,13.842962,16.083445,21.445684,19.278078,18.517984,22.22919,23.809269,22.10773,22.032017,25.513233,27.398788,28.814981,28.953964,27.243296,27.985664,23.309963,27.208225,24.636787,28.032476
28,22.84729,20.28355,20.58607,15.5539255,15.736321,16.846785,15.770477,19.195848,16.873701,23.90684,22.148006,27.142414,27.226185,25.004057,24.998196,20.097914,20.32284,15.797458,15.647069,12.32496,14.671368,13.627221,12.981937,15.07741,13.046695,11.554163,7.7912984,4.585294,0.0,5.9152656,6.392978,10.494901,16.039978,18.555252,20.09666,23.753006,25.283743,22.872438,20.122034,16.610676,15.968308,11.077808,11.115792,6.1099505,6.5903068,3.641502,7.883643,6.6692915,10.816648,14.177266,14.845806,12.711383,16.805532,16.934084,16.298769,17.372385,15.513511,18.194544,22.908506,19.961325,16.61587,17.951056,14.986846,18.22323,16.953138,21.844566,21.878447,20.680595,15.388515,13.605452,14.115342,13.14182,15.127547,16.723677,19.15564,21.460468,24.04135,25.900064,28.794186,27.268055,22.964329,22.065893,19.337599,15.92087,16.000635,10.242049,11.3837385,8.558035,10.889189,13.720132,11.896136,13.115369,19.266882,16.980913,15.642704,18.76703,21.200373,19.585697,18.73932,21.902296,24.386171,26.156519,26.088387,24.001728,24.90914,19.74444,23.488148,20.92776,24.126587
29,22.992538,21.362335,20.850105,16.151344,16.97045,16.335787,17.138115,18.8092,17.469433,23.487474,21.541142,26.896881,25.791527,22.967787,22.962763,17.938057,17.683617,13.582295,12.742594,10.716299,11.326021,12.718688,10.29917,13.796852,12.196822,12.922672,10.275731,5.3222375,5.9152656,0.0,7.2061534,6.491814,13.779397,15.3872595,16.982855,20.747372,21.366196,18.98779,15.89356,12.15505,12.511041,7.1823087,9.555645,7.420911,5.237639,6.765436,8.982494,10.802111,13.50412,16.70486,16.165627,14.896795,16.774498,17.281267,14.801231,15.138649,14.826847,16.916391,21.965115,20.281595,17.126259,19.988747,17.843435,21.768074,20.705402,26.267187,26.697409,26.097464,20.934649,18.873306,19.657858,17.899828,19.660467,20.436172,22.424463,23.99097,25.864943,27.80996,29.938913,29.321087,24.815025,23.161913,19.73888,17.241041,16.853914,12.426621,13.188712,10.209348,13.753937,16.766247,16.10846,17.220148,22.872946,21.652384,20.740417,23.297354,25.739899,24.94898,24.281643,26.84568,29.232042,30.804773,30.193863,28.27171,28.141232,23.11206,26.429987,23.167343,26.125975
30,27.498167,24.843914,24.052721,19.083681,18.475496,18.255552,16.697533,18.246407,15.224995,21.445055,17.93695,23.20964,23.258142,21.00389,22.28873,17.378073,18.838747,14.600558,16.007801,14.298705,16.788279,17.698997,16.943365,20.059776,18.413553,17.71594,13.997812,9.977425,6.392978,7.2061534,0.0,7.0209775,10.014887,13.645425,14.401817,18.0866,20.030745,17.52416,15.389365,12.624938,10.747725,7.3082185,5.312255,3.4762313,8.190061,7.564639,12.549679,12.548832,16.328487,18.904837,18.365788,14.843377,18.474947,16.624231,15.58418,15.405983,12.709981,14.164983,18.83903,15.752826,12.243334,15.40507,13.873267,17.688519,18.52135,22.658833,24.1788,22.552404,18.57704,15.254793,15.027959,12.427057,13.358646,13.826511,15.354601,16.95171,18.800743,20.697697,23.096058,22.259819,18.025019,16.925394,13.874538,11.124082,11.917459,6.9048066,10.857993,10.4191675,13.830212,17.17711,15.372119,14.778776,21.293524,19.900957,18.125473,19.47412,23.282274,22.542824,20.610785,22.532152,25.92153,28.052029,27.159355,24.628147,24.790178,18.983404,21.782677,18.47551,20.82306
31,26.64962,24.877098,23.128632,18.708683,18.679844,16.567453,17.19397,16.637426,15.177069,19.853899,16.66996,22.215458,20.596674,17.559774,18.591774,13.613789,14.459811,10.963061,11.907611,12.090265,13.047178,16.366312,14.783448,18.897211,18.19189,19.128555,16.60364,11.653761,10.494901,6.491814,7.0209775,0.0,7.9666047,8.990364,10.64736,14.275784,15.077767,12.9803915,9.711299,6.1429715,7.45963,4.3920054,6.3888545,9.006589,9.970022,11.761507,15.072324,16.631096,19.709723,22.601433,21.500507,19.2149,20.850111,19.795273,16.83571,15.759241,15.102537,15.600421,20.499603,19.064884,15.985272,20.562727,19.6553,23.849281,24.364847,29.182985,30.61149,29.40634,25.040262,22.055119,21.944021,19.430412,20.060524,20.273247,21.14946,22.09253,22.864346,24.56167,25.87637,25.902771,21.280014,18.984173,15.162579,13.8150625,13.307767,10.958724,12.650443,11.759294,16.000341,19.352446,18.9204,18.64535,24.209982,24.079592,23.042822,24.085793,27.415092,27.714706,26.443253,27.758047,30.614515,32.32565,30.847605,28.73353,27.589312,22.387821,24.77417,20.836803,23.065958
32,33.798405,31.564034,29.396574,25.059793,24.114164,21.826796,21.057804,19.203892,16.731161,19.801226,14.029206,19.337397,18.163418,15.5589,18.880165,14.756238,17.558453,15.088078,17.85507,18.81903,20.435114,23.804428,22.736637,26.799065,25.90932,26.401325,23.227358,18.549118,16.039978,13.779397,10.014887,7.9666047,0.0,6.382717,4.652486,8.412271,10.65559,8.375205,7.580379,7.618537,4.9903708,8.231742,6.1435165,12.063778,15.5276575,16.917295,21.11424,22.297966,25.611588,27.860403,26.26075,22.645033,24.531647,21.497717,19.147123,17.023739,15.116236,13.705636,17.524551,15.95181,13.409363,19.224424,19.909853,23.909805,26.344608,29.886986,32.57868,30.882719,27.908901,23.922705,23.197426,19.766058,19.31502,18.336662,17.904036,17.692877,17.145546,18.670652,19.028797,20.183615,16.274664,13.97758,10.189544,10.91269,11.694011,11.790051,15.711252,17.043913,21.007608,24.427048,23.439531,21.774202,27.465967,27.611855,26.017233,25.557285,30.05953,30.711964,28.36972,28.649288,32.36949,34.493263,32.475597,29.900217,28.464666,22.90907,24.008287,19.775438,20.509178
33,31.862356,29.98667,26.965115,23.34749,22.405094,18.922527,19.286142,15.672808,14.595511,15.839764,11.086092,16.231176,13.537543,10.300687,13.327235,9.634073,12.432196,11.321134,14.444235,16.86576,18.14845,22.465782,22.032234,26.279375,26.495607,27.455635,25.24149,20.35382,18.555252,15.3872595,13.645425,8.990364,6.382717,0.0,5.0617037,6.29744,8.232729,8.313871,5.078238,5.203992,8.985966,11.430971,11.276899,16.354204,18.755447,20.237167,24.00988,25.09844,28.538343,31.40467,30.181217,27.3038,28.919554,26.791603,23.80295,21.726849,20.746885,19.528461,23.442871,22.291672,19.725903,25.408058,25.672731,29.692978,31.576838,35.378,37.568546,35.58195,32.01632,28.511898,27.286459,24.554592,23.700314,23.615475,22.85585,23.087967,22.046476,22.945253,22.798294,23.54684,18.940796,15.56406,11.748605,12.935165,11.876351,13.883171,15.446015,16.889471,20.872393,24.063675,24.08575,22.477005,27.068962,28.399559,27.4826,26.672857,30.594831,32.352463,30.702444,30.322765,33.352547,35.01488,32.460434,30.374336,27.783792,23.099766,23.910046,19.461597,20.366468
34,35.985268,34.094257,31.436192,27.508232,26.648685,23.57115,23.526386,20.439985,18.738272,20.1927,14.32266,19.211887,16.991032,14.134351,17.997974,14.62028,17.470396,16.128853,18.925833,20.907692,21.901112,26.146063,24.924185,29.229258,28.733007,29.752422,26.948206,22.09272,20.09666,16.982855,14.401817,10.64736,4.652486,5.0617037,0.0,4.3205047,6.0434217,4.4776897,4.6494794,7.14087,6.5469913,11.134044,10.379498,16.41574,19.108362,21.007286,24.794273,26.382523,29.509329,31.795937,29.950712,26.659153,27.815466,24.90124,21.952343,19.364548,18.315395,16.258259,19.549383,18.98135,16.978914,23.112038,24.158775,28.2005,30.696177,34.327587,37.12687,35.51698,32.533016,28.564674,27.808184,24.378681,23.75168,22.64922,21.834904,21.204332,19.8877,21.106808,20.498518,22.382132,18.712057,15.924739,12.295228,14.146309,14.362211,15.793242,18.884615,20.293669,24.348885,27.696617,27.160967,25.46064,30.670406,31.391174,30.027098,29.245947,33.653973,34.803127,32.599407,32.47279,36.042473,38.02083,35.651722,33.23453,31.143545,25.989809,26.610373,22.21209,22.513624
35,38.13639,36.23599,33.118332,29.571844,28.436604,24.941135,24.891626,20.821117,19.47098,19.2963,13.25711,17.331202,14.635652,12.057239,16.661674,14.407176,17.672794,17.32984,20.57978,23.162285,24.266293,28.740503,28.005167,32.327717,32.25931,33.28101,30.703915,25.82746,23.753006,20.747372,18.0866,14.275784,8.412271,6.29744,4.3205047,0.0,4.60077,6.031436,6.763341,9.927744,10.83639,15.331955,14.4661255,20.391922,23.256592,24.972569,28.8646,30.208393,33.51717,35.947704,34.222675,30.883852,32.134655,29.129448,26.217205,23.532116,22.454865,20.139948,22.961527,22.428493,20.628654,26.761566,28.000977,31.890308,34.673233,37.95077,40.86164,38.905922,36.091476,32.100952,30.881773,27.608307,26.436457,25.473492,24.055262,23.299309,21.228874,21.912542,20.556812,22.638939,19.107843,15.924419,12.770628,15.550742,15.3881235,18.257288,20.825571,22.805233,26.688839,29.89651,29.627874,27.565943,32.2057,33.54042,32.329166,30.902298,35.34897,37.126118,34.928246,34.123306,37.597557,39.469604,36.68315,34.38256,31.676815,26.977436,26.94055,22.530651,22.252468
36,38.894352,37.50795,34.396225,31.007395,30.374754,26.535475,27.431719,23.271482,22.565178,22.376305,17.133694,21.19023,17.716486,14.732521,18.624521,16.408192,18.797623,18.806652,21.230864,24.178474,24.308693,29.404728,27.924725,32.38616,32.31397,33.957535,31.61163,26.656368,25.283743,21.366196,20.030745,15.077767,10.65559,8.232729,6.0434217,4.60077,0.0,3.9766364,5.581606,9.65384,11.027329,15.645893,15.98085,21.95138,23.770012,26.174257,29.421488,31.480186,34.32595,36.6423,34.545128,31.72683,32.035034,29.439943,25.863945,22.947113,22.906492,20.471712,23.227734,23.725327,22.196247,28.472395,29.734852,33.85167,36.235016,40.106266,42.921574,41.498222,38.38211,34.491642,33.817204,30.4074,29.766783,28.598625,27.614828,26.696432,24.882557,25.85491,24.433659,26.909904,23.525427,20.439417,17.13271,19.530125,19.230251,21.393837,23.640953,24.884445,28.974514,32.198093,32.156044,30.577778,35.2732,36.51841,35.426693,34.50296,38.686512,40.26484,38.28959,37.897247,41.232803,43.017807,40.359615,38.163303,35.45511,30.79345,31.066444,26.614714,26.633785
