,0,1,2,3,4,5,6,7,8,9,10,11,12,13,14,15,16,17,18,19,20,21,22,23,24,25,26,27,28,29,30,31,32,33,34,35,36,37,38,39,40,41,42,43,44,45,46,47,48,49,50,51,52,53,54,55,56,57,58,59,60,61,62,63,64,65,66,67,68,69,70,71,72,73,74,75,76,77,78,79,80,81,82,83,84,85,86,87,88,89,90,91,92,93,94,95,96,97,98,99,100,101,102,103,104,105,106,107
0,0.0,4.368422,6.4850607,9.653292,12.2888975,13.725285,17.835722,19.775543,23.633427,25.532887,29.049988,30.241951,28.871136,30.450441,27.398838,27.93393,27.978184,26.1378,29.846476,27.623413,31.04604,30.85465,34.332855,35.201923,34.631985,30.020273,33.231705,34.31106,28.591146,32.273872,30.563805,34.505573,36.734238,37.01485,39.77055,41.17938,45.037334,44.507168,41.693886,38.81866,39.91892,36.67381,33.820766,31.298153,35.16982,30.624409,33.304806,31.97317,33.54674,36.89851,38.136894,41.033184,41.133617,43.844166,42.15369,45.71251,41.76382,44.109722,44.742687,44.26873,40.882225,41.29502,37.289593,35.510326,33.02171,30.140955,30.866589,27.101164,24.886486,21.820345,20.39419,24.726503,24.315315,29.760199,29.594301,33.587246,35.34904,35.165913,37.634212,37.671898,37.806324,35.040253,31.729385,29.91927,26.40651,27.624588,22.44287,23.648348,20.855318,22.909557,19.99398,15.847669,14.3580475,13.950113,10.192476,12.37007,13.192622,19.890541,18.768427,23.050112,26.245714,26.26243,23.022621,25.789288,21.394136,21.700876,21.987682,20.854933
1,4.368422,0.0,5.312678,6.468436,8.812668,11.49032,14.512966,17.679441,20.850908,23.261679,26.94484,27.728947,26.490261,27.60673,24.39379,24.483397,24.24292,22.143787,25.653708,23.280825,26.683285,26.528913,29.998066,30.948597,30.489372,25.992819,29.23857,30.164343,24.416088,28.030388,26.512386,30.294268,32.878536,33.05002,35.94296,37.485023,41.202488,40.628403,37.664986,34.65927,35.948925,32.569572,29.906404,27.341206,31.172663,26.634861,29.396671,28.150232,29.938534,33.31129,34.419853,37.522438,37.754665,40.29919,38.353947,41.869774,37.84868,40.090874,40.841736,40.588333,37.200497,37.85555,33.732147,32.268265,29.660725,27.190598,28.090786,24.582113,22.487875,19.590311,17.304451,21.920671,21.115185,26.945974,26.553524,30.294258,32.34225,32.12861,34.573864,34.876472,34.737186,31.74435,28.538076,26.392756,22.736837,23.628353,18.421478,19.325724,16.59691,18.805864,16.1363,11.90765,11.063129,11.292348,6.5112658,8.23951,9.000869,15.642662,14.48647,18.795467,21.986856,22.141027,18.903986,22.088013,17.543943,18.476078,18.892551,18.487965
2,6.4850607,5.312678,0.0,5.245653,6.902091,7.7595367,11.937542,13.4742,17.47325,19.145716,22.898087,24.371332,23.483238,25.044025,22.595947,22.756552,23.717768,21.654333,26.21145,24.242567,27.652075,28.375923,31.29038,32.96161,32.20779,27.920769,30.307346,30.830694,24.431585,27.922935,25.56585,29.846512,31.276972,32.18067,34.438488,35.95623,39.8895,39.164314,36.729053,34.101654,34.566998,31.65836,28.386618,26.2189,30.467272,26.370844,29.434935,28.65254,30.476328,33.46704,34.224842,36.957153,36.527832,38.966858,37.258945,40.5792,36.52544,38.942448,39.240376,38.537098,35.1205,35.571243,31.851093,30.021887,28.290588,25.103521,26.420444,22.536274,21.366589,17.458263,15.250543,19.200909,18.452362,23.774939,23.317339,27.456812,29.00062,28.86692,31.411299,31.45605,31.849525,29.12792,26.191566,24.505291,20.93045,22.869665,17.481354,19.83044,17.412628,19.97198,17.562351,13.232838,12.65923,14.727997,10.19579,10.012665,11.919548,18.286446,15.940042,20.870218,24.003576,23.667492,20.215546,22.57751,17.289629,17.659428,16.905478,16.033802
3,9.653292,6.468436,5.245653,0.0,3.8591259,5.6171093,8.76956,11.861345,14.620304,17.368292,20.782587,21.298494,20.081165,21.164978,18.153252,18.308502,18.702974,16.84816,21.284582,19.735601,23.307856,24.158474,27.503393,29.288036,29.187115,25.294783,27.898521,27.944927,21.300049,24.293447,22.242212,25.753544,27.309904,27.574675,30.207832,31.547304,35.45654,34.987064,32.308662,29.709244,30.68802,28.033846,24.954926,23.271238,27.709484,23.861279,27.231453,26.730238,29.02495,32.019867,32.443535,35.57907,35.303265,37.295094,34.97731,38.033657,33.63788,35.711765,35.99061,35.84138,32.32566,33.59456,29.84776,28.704275,27.129847,24.639174,26.428566,22.997927,22.23246,18.565302,14.690474,18.833834,16.929785,22.903345,21.34973,25.148342,26.78225,26.200941,28.463898,28.608164,28.393772,25.538834,22.177277,20.267557,16.844906,18.266487,13.408882,15.898279,14.260225,17.457405,15.875297,11.627776,12.562825,14.949349,9.575722,8.278137,8.17282,14.49317,11.302378,16.341171,19.444664,18.666264,15.190505,17.338255,12.210739,12.700542,12.533812,12.254209
4,12.2888975,8.812668,6.902091,3.8591259,0.0,5.318306,5.724633,10.192313,12.443243,15.163458,19.149513,19.842592,19.344088,20.01536,17.533627,16.728292,17.624737,15.045794,19.744417,17.814306,21.171198,22.45129,25.107122,27.26666,26.733051,22.950394,24.977139,24.904465,18.100668,21.251177,18.890978,22.959072,24.574379,25.482658,27.803715,29.54037,33.302757,32.481712,29.928205,27.217024,27.782015,24.867283,21.693867,19.745472,24.189198,20.408508,23.832893,23.514118,25.819613,28.632334,28.92215,31.940138,31.520653,33.505077,31.291967,34.394142,30.103739,32.332664,32.65688,32.301056,28.830235,29.848072,26.063496,24.853054,23.338177,20.839657,22.765451,19.434605,19.044115,15.321832,10.965567,15.078356,13.130957,19.19192,17.938158,21.669233,23.603529,23.342955,25.830645,26.31765,26.263977,23.166399,20.490534,18.257582,14.386447,16.125221,10.580077,13.3440275,11.591592,14.783293,13.435084,9.444043,10.880768,14.522686,9.8066025,7.0373573,8.817367,13.625442,10.35829,15.451455,18.372278,17.95207,14.52385,17.127054,11.217795,12.753491,11.6786785,12.477916
5,13.725285,11.49032,7.7595367,5.6171093,5.318306,0.0,6.262785,6.4177713,10.061241,12.160366,15.488557,16.628336,15.816931,17.401642,15.45085,15.74255,17.747894,16.182869,21.721228,20.920185,24.342987,26.194275,28.900698,31.446095,31.200476,27.75665,29.418245,28.880192,21.683681,24.19903,21.254864,24.984118,24.943268,25.956436,27.803055,29.001583,33.151722,32.593594,30.575464,28.554434,28.606207,26.762049,23.01496,22.157059,27.051514,23.98725,27.681116,27.808863,30.198933,32.690384,32.601696,35.368217,34.369408,36.033695,33.82653,36.48658,31.990679,34.11959,33.79281,33.276028,29.726803,31.054832,27.906933,26.597263,26.260077,23.236853,25.659983,22.102985,22.591831,18.115803,13.975366,16.92186,14.597757,19.874197,17.633932,21.804289,22.679258,21.973713,24.227558,24.00955,24.308357,21.835037,18.705675,17.488344,14.433314,17.19151,12.740367,17.02369,16.163298,19.594917,18.583359,14.721467,15.982658,19.489182,14.540393,12.28237,12.919212,18.101803,13.95425,19.061384,21.84673,20.448036,17.02948,17.828854,12.278715,11.811831,9.830327,8.985405
6,17.835722,14.512966,11.937542,8.76956,5.724633,6.262785,0.0,6.8662696,7.1794047,10.36902,14.402538,14.870102,15.105725,15.307018,13.720521,12.080245,14.2520685,11.54684,17.164768,16.013151,19.092144,21.51417,23.46043,26.46598,26.028461,23.059866,24.080519,23.13048,15.786092,18.119947,15.001937,19.02186,19.42503,20.958218,22.696932,24.500965,28.323023,27.361767,25.233187,22.928787,22.819456,20.583107,16.906616,15.91545,20.863665,18.093811,21.950285,22.470778,25.092825,27.324877,26.896809,29.769022,28.801338,30.19378,27.725315,30.33594,25.798079,27.9229,27.778805,27.392721,23.844303,25.348791,22.023964,21.163952,20.866438,18.507154,21.293835,18.378662,19.455505,15.515889,10.005258,12.716727,9.397715,15.294477,12.75513,16.444859,18.10432,17.65452,20.111849,20.706068,20.69124,17.55476,15.352945,13.1659565,9.261846,12.0901785,6.9753857,11.814038,11.585996,15.073146,15.02847,12.165231,14.530857,18.981218,14.816564,11.240801,12.547632,15.277783,11.066288,15.7101145,18.04668,17.04717,13.914562,15.414118,9.160404,10.807118,8.127048,10.191246
7,19.775543,17.679441,13.4742,11.861345,10.192313,6.4177713,6.8662696,0.0,5.3361454,5.859983,9.516867,11.682097,12.152264,13.894435,13.864405,13.649316,17.49113,16.09196,22.267334,22.119452,25.08812,27.931253,29.70277,33.00456,32.548256,29.741812,30.285793,29.100702,21.724524,23.542542,19.75329,23.595495,21.750414,23.851215,24.586098,25.778868,29.992853,29.187841,28.015759,26.661957,25.518827,24.603996,20.26586,20.416452,25.537113,23.573196,27.435863,28.291601,30.72908,32.552612,31.844927,34.144146,32.37485,33.551666,31.481844,33.603073,29.123755,31.269005,30.279928,29.329044,25.844954,27.220148,24.885098,23.530539,24.70378,21.397839,24.511757,21.198803,23.15666,18.33271,14.095617,15.133576,12.332124,16.17991,12.982512,17.355358,17.292892,16.535109,18.823366,18.348005,19.365639,17.314579,15.084772,14.670109,12.268403,16.383434,12.918665,18.40058,18.396082,21.73194,21.453732,18.359058,19.995039,24.371962,19.957003,16.962921,18.157236,21.91014,17.38931,22.075651,24.348225,22.633556,19.573063,19.349573,13.904787,13.179887,9.311485,8.944995
8,23.633427,20.850908,17.47325,14.620304,12.443243,10.061241,7.1794047,5.3361454,0.0,4.533294,7.465984,7.972583,9.288942,9.71962,10.390495,9.033736,13.63218,12.35383,18.570045,19.101864,21.721506,25.15237,26.579464,30.271568,30.174156,28.095425,28.226353,26.390352,19.063179,19.946829,16.117685,19.181938,16.571312,18.762875,19.272888,20.49279,24.67193,23.873446,22.807716,21.734495,20.462759,20.185385,15.808222,17.016275,22.243767,21.126514,25.15895,26.539232,29.286654,30.791307,29.577202,32.01805,30.208063,30.760921,28.169065,29.81504,25.060429,26.859104,25.636545,25.117962,21.570326,23.859482,21.801085,21.27646,23.041613,20.600098,24.168684,21.614523,24.10829,19.863504,14.705131,15.150165,11.200626,14.866147,9.962643,13.636995,13.498471,12.134919,14.184056,14.057241,14.488025,12.105647,10.097865,9.5528965,7.638116,12.192473,10.29668,16.199842,17.357311,20.75407,21.45174,19.121561,21.564411,26.152105,21.92699,18.41063,18.995872,21.185843,16.444927,20.373402,22.090925,20.079082,17.511618,16.645418,11.738099,11.449054,7.024795,8.739524
9,25.532887,23.261679,19.145716,17.368292,15.163458,12.160366,10.36902,5.859983,4.533294,0.0,5.1316957,8.285616,10.709143,11.87886,13.888024,12.838991,17.872429,16.658363,22.788427,23.197239,25.581427,29.165134,30.062006,33.92476,33.373856,31.278446,30.871874,29.082521,21.93814,22.902624,18.627974,22.201593,18.669044,21.799759,21.373493,22.60308,26.68667,25.609407,25.289078,24.614561,22.34829,22.432255,17.783382,19.06354,24.1003,23.349167,27.201902,28.719967,31.186922,32.355618,31.044128,32.933537,30.555984,31.1175,29.091053,30.570457,26.167746,28.200531,26.582956,25.322527,21.984241,23.57308,22.160885,21.044876,23.668201,20.549522,24.20481,21.500566,24.610256,20.01655,15.836089,15.112133,11.97131,13.832289,9.342472,13.398478,12.194979,11.300499,13.579369,12.991337,14.76313,13.168568,12.440831,12.80934,11.469437,16.230412,14.212536,19.972904,20.755339,23.836323,24.273607,21.964884,23.951235,28.780296,24.78634,21.351444,22.699862,25.185171,20.63785,24.683435,26.407774,24.559055,21.99449,21.111769,16.25402,15.706708,11.253226,11.858805
10,29.049988,26.94484,22.898087,20.782587,19.149513,15.488557,14.402538,9.516867,7.465984,5.1316957,0.0,4.843483,7.724341,9.506859,12.86843,12.921165,18.305866,18.289944,24.23926,25.657242,27.954538,31.76642,32.867027,36.849308,36.82455,35.125824,34.730145,32.545994,25.503265,25.699213,21.622616,24.015888,19.077154,21.72448,20.831629,21.175018,25.435507,24.86961,25.129532,25.325214,22.94598,24.366201,19.830765,22.277142,27.263027,27.153873,31.070787,32.851006,35.480858,36.484737,34.86722,36.749702,34.21118,34.246864,31.95472,32.794357,28.259981,29.81241,27.60925,26.679499,23.479696,25.884901,25.19269,24.582506,27.839151,25.053497,28.864532,26.398952,29.674303,25.133463,20.853142,20.009321,16.666176,17.920923,12.632553,15.706007,13.193329,11.144561,12.209952,10.330094,12.227712,12.0080805,10.893943,12.876664,13.310882,17.830162,17.451637,23.330647,24.731577,28.003862,28.740978,26.413404,28.598602,33.231636,28.900764,25.574741,26.060188,28.537506,23.652336,27.386534,28.88035,26.376827,24.111687,21.919783,18.232597,16.57344,12.362903,12.244591
11,30.241951,27.728947,24.371332,21.298494,19.842592,16.628336,14.870102,11.682097,7.972583,8.285616,4.843483,0.0,4.220344,4.822585,9.002743,9.361705,14.675048,15.530211,21.06935,23.30592,25.50294,29.401302,30.811134,34.772118,35.395493,34.12533,33.967903,31.437534,24.544365,24.03563,20.477211,21.584915,16.309381,17.939976,17.368492,17.132526,21.584444,21.55117,21.609734,22.133488,20.39999,22.485838,18.330582,21.545435,26.500147,26.694384,30.704473,32.61843,35.5357,36.59199,34.79467,37.06238,34.86046,34.50936,31.589321,32.120476,27.255114,28.284994,26.044249,25.970715,22.707684,26.202772,25.443743,25.653107,28.704916,26.709156,30.60155,28.501024,31.559008,27.392939,22.369251,22.010592,18.004845,19.981022,13.905622,16.095617,13.872823,10.861442,10.967057,9.083691,9.217006,9.091306,6.558724,9.3988085,11.211972,15.077563,16.30155,21.989819,24.126745,27.560364,28.797108,26.688688,29.352552,33.750343,29.262321,25.882397,25.416224,27.235706,22.219957,25.351814,26.504025,23.543455,21.697544,18.630411,16.08202,14.115005,10.446873,11.029162
12,28.871136,26.490261,23.483238,20.081165,19.344088,15.816931,15.105725,12.152264,9.288942,10.709143,7.724341,4.220344,0.0,3.9869041,6.5197334,9.076497,13.470944,15.216671,20.604347,23.214727,25.765118,29.277502,31.48792,35.114433,36.214848,34.767708,35.27341,32.879314,25.874643,25.46122,22.362146,22.97646,18.452341,18.734205,19.10864,18.309929,22.917957,23.482023,22.997404,23.400675,22.6765,24.601204,20.738379,23.726196,28.772358,28.498383,32.589405,34.24014,37.277607,38.684372,37.097942,39.702965,37.850525,37.645065,34.48544,35.180157,30.138372,31.003584,29.007507,29.378757,26.031202,29.762794,28.606987,28.900038,31.346949,29.409803,33.148212,30.822502,33.35497,29.12513,23.880375,24.328964,20.222841,23.136751,17.22525,19.618595,17.864124,14.83731,14.780457,12.891047,12.148666,11.986389,7.544819,10.272626,12.169931,15.317917,16.752281,22.29126,24.444939,28.1439,29.233566,26.769636,29.441008,33.37141,28.499208,25.466055,24.12096,26.462786,21.267889,24.421946,25.715853,22.31151,20.419231,16.635002,14.845177,11.738391,8.891323,8.416223
13,30.450441,27.60673,25.044025,21.164978,20.01536,17.401642,15.307018,13.894435,9.71962,11.87886,9.506859,4.822585,3.9869041,0.0,5.046103,6.2297664,10.794644,12.748112,17.681057,20.691605,22.894588,26.652348,28.601631,32.358856,33.66961,32.687714,32.988914,30.291449,23.611658,22.609188,19.802896,19.63434,14.857358,14.823093,15.235576,14.410692,19.026232,19.65046,19.052387,19.60437,19.062696,21.352272,17.802544,21.307617,26.14745,26.317978,30.354736,32.216698,35.369957,36.61796,34.817837,37.53264,35.82214,35.298004,31.819744,32.27153,27.141388,27.71022,25.726503,26.546888,23.237036,27.522425,26.415117,27.262363,29.729765,28.420023,32.225548,30.356697,32.974087,29.178535,23.600224,23.94105,19.538052,22.430922,16.20389,17.801073,16.367855,13.088356,12.67023,11.407573,9.519213,8.916653,3.7784576,6.9446316,9.93936,12.535349,15.234353,20.421038,23.130302,26.68909,28.27826,26.322063,29.343683,33.34462,28.744827,25.465523,23.997614,25.250969,20.227348,22.71902,23.583368,20.166645,18.737034,14.799728,13.639161,11.37381,8.873665,10.192899
14,27.398838,24.39379,22.595947,18.153252,17.533627,15.45085,13.720521,13.864405,10.390495,13.888024,12.86843,9.002743,6.5197334,5.046103,0.0,4.9204297,7.3176513,9.992267,14.753583,17.834143,20.507027,23.680643,26.551987,29.82952,31.567574,30.310963,31.429012,29.02368,22.311138,21.638699,19.497831,19.077421,16.253677,14.806584,16.816566,16.133017,20.611176,21.501398,19.792147,19.534302,20.402956,21.701973,18.601328,21.319147,26.166994,25.556353,29.606424,31.053692,34.307663,36.02368,34.583702,37.74877,36.616306,36.425785,32.71679,33.63172,28.374096,28.933355,27.601494,28.834623,25.38765,29.63929,27.756645,28.65393,30.074966,28.978783,32.487324,30.474049,32.338974,28.732,22.876493,24.25723,19.798687,23.947016,18.196428,20.083324,19.679379,16.781738,16.83533,16.13891,13.929447,12.406459,6.789837,7.4229803,9.29983,10.616532,13.2453785,17.923613,20.613432,24.369314,25.845203,23.685068,26.790836,30.242846,25.450428,22.48795,20.096098,21.510414,16.437231,18.838236,19.879528,16.143995,14.599141,10.225637,9.738451,6.7485065,5.8847485,7.5927305
15,27.93393,24.483397,22.756552,18.308502,16.728292,15.74255,12.080245,13.649316,9.033736,12.838991,12.921165,9.361705,9.076497,6.2297664,4.9204297,0.0,5.562418,6.5435495,11.769172,14.4685135,16.767187,20.464846,22.545996,26.197052,27.583603,26.62131,27.18997,24.566338,17.949541,17.001669,14.721011,14.4107275,11.791752,11.1748295,13.127598,13.515683,17.790146,17.992716,16.062016,15.335829,15.920572,16.833023,13.70041,16.54693,21.326881,21.043537,25.066114,26.7499,30.022253,31.510485,29.894949,33.02445,31.910566,31.602879,27.817266,28.758898,23.49846,24.139938,22.992605,24.239378,20.759733,25.050465,23.047197,24.226898,25.651802,25.001928,28.558561,26.98168,29.074163,25.893196,19.894156,20.920185,16.309551,20.311636,14.598064,15.916722,16.200285,13.621993,14.044083,14.374535,12.03175,9.296149,4.9587145,2.9055345,4.8809824,6.3777504,9.799998,14.441015,17.515987,21.001923,22.932009,21.41926,24.776676,28.651056,24.427282,20.988888,19.416252,19.557673,14.799693,16.828442,17.540382,14.432695,13.09012,10.1370535,8.482758,8.263641,6.4729257,10.200224
16,27.978184,24.24292,23.717768,18.702974,17.624737,17.747894,14.2520685,17.49113,13.63218,17.872429,18.305866,14.675048,13.470944,10.794644,7.3176513,5.562418,0.0,4.533145,7.5062847,11.218262,13.673444,16.722794,19.870125,22.92933,25.2293,24.489784,25.91045,23.380306,17.444727,16.223785,15.461409,13.672159,13.561867,10.514142,14.342561,14.529264,18.196518,18.936775,15.814347,14.401952,17.048223,17.277956,15.437809,17.663094,21.860971,21.153713,24.940966,26.283245,29.697317,31.53103,30.153446,33.791187,33.429623,33.15872,28.957352,30.054634,24.8017,25.031507,24.577848,26.635448,23.29462,27.843628,25.31387,26.943829,27.318779,27.400618,30.568731,29.23053,30.548866,27.967262,21.809643,23.714773,19.22734,23.984745,18.899187,19.806677,20.887272,18.538282,18.815615,19.462273,16.513468,13.760691,9.748424,7.2666354,8.06324,5.599953,10.299806,12.94933,16.48978,19.880657,22.096157,20.881796,24.472805,27.568312,23.482632,20.434887,17.60457,16.694921,12.404145,13.095551,13.361651,9.618703,9.07906,5.225316,6.7642035,7.5140257,8.778286,12.441007
17,26.1378,22.143787,21.654333,16.84816,15.045794,16.182869,11.54684,16.09196,12.35383,16.658363,18.289944,15.530211,15.216671,12.748112,9.992267,6.5435495,4.533145,0.0,6.253962,8.013099,10.73346,14.068079,16.675344,19.978611,21.582525,20.547197,21.753307,19.390028,13.075199,12.436911,11.479927,10.953491,12.447942,10.964341,14.5297785,15.965938,19.2991,19.135742,15.829601,13.393628,15.665009,14.42225,12.453938,13.665795,17.964567,16.790531,20.63416,21.892027,25.277514,27.18043,25.94602,29.613415,29.371552,29.418629,25.386303,26.979048,21.830124,22.52806,22.549587,24.227667,20.813065,24.748058,21.713617,23.172426,23.038397,23.233503,26.24778,25.026958,26.226017,23.943027,17.794062,19.815876,15.470245,20.534845,16.16518,17.11291,19.057764,17.416706,18.419342,19.680305,17.312407,13.816129,11.103672,7.415274,5.718818,2.1885562,6.158482,8.65072,12.279745,15.587206,17.938633,17.07198,20.763187,24.20071,20.572252,17.180191,15.326796,13.722202,9.652083,10.65371,11.140841,8.662187,7.517541,7.268578,5.2619843,8.667844,8.901472,13.231198
18,29.846476,25.653708,26.21145,21.284582,19.744417,21.721228,17.164768,22.267334,18.570045,22.788427,24.23926,21.06935,20.604347,17.681057,14.753583,11.769172,7.5062847,6.253962,0.0,5.1863294,6.6918135,9.604508,12.874101,15.663259,18.556831,18.586983,20.231379,17.64371,13.321893,11.49098,12.925017,9.7082,13.821684,10.301753,15.044266,16.448177,18.613815,18.777857,14.460349,11.337375,15.763823,14.140777,14.2452,15.230323,18.078743,17.239325,20.38793,21.528429,24.979256,26.868862,25.634651,29.692053,30.244188,29.96121,25.43395,26.816729,21.920248,21.873741,22.61933,25.31025,22.333746,26.680645,23.529287,25.790098,24.918083,26.308046,28.900915,28.393404,29.093122,27.78501,21.861546,24.048,20.053444,24.87712,21.037497,20.97113,23.390732,21.866236,22.448368,24.107496,21.097908,17.733175,15.64401,12.127022,11.459829,6.6846123,10.883478,9.725449,13.833249,16.178501,19.215229,19.400824,23.205566,25.832098,22.974493,20.024858,17.467949,13.534947,11.394309,9.269007,7.892632,5.7779636,7.4647408,8.148257,9.801861,13.240803,14.75807,18.807674
19,27.623413,23.280825,24.242567,19.735601,17.814306,20.920185,16.013151,22.119452,19.101864,23.197239,25.657242,23.30592,23.214727,20.691605,17.834143,14.4685135,11.218262,8.013099,5.1863294,0.0,3.7658656,6.1514263,9.436123,12.103893,14.199713,13.573341,15.605041,13.601185,9.344222,8.895919,10.935108,9.733649,15.783447,13.978838,18.08345,20.32491,22.27526,21.670687,17.429949,13.477318,17.246008,13.677144,13.984652,12.989569,15.408849,13.387095,16.314949,16.945608,20.338715,22.597214,21.841993,26.085936,27.090696,27.406082,23.2015,25.388124,20.864826,21.427761,22.913813,25.072556,22.145649,25.456406,21.593473,23.500277,21.505339,23.116617,25.207897,24.830093,24.940964,24.235271,18.67895,21.297602,17.912231,23.052721,20.45843,20.584438,23.813442,23.041912,24.29986,26.297222,23.906464,20.129559,18.647629,14.711019,12.460559,8.388628,9.438919,5.646914,9.477981,11.250424,14.480457,15.329038,19.094234,21.652678,19.56895,16.618196,14.987831,9.774477,9.0727625,6.442733,5.1582837,6.350576,7.149903,11.14235,10.420158,15.022288,16.145761,20.238733
20,31.04604,26.683285,27.652075,23.307856,21.171198,24.342987,19.092144,25.08812,21.721506,25.581427,27.954538,25.50294,25.765118,22.894588,20.507027,16.767187,13.673444,10.73346,6.6918135,3.7658656,0.0,4.7354484,6.2472215,9.499934,11.947849,12.637971,13.95024,11.399215,9.048112,7.256588,10.7178545,8.178005,15.425536,13.653001,17.557997,20.123175,21.313635,20.461386,16.066118,11.766664,15.954102,12.0004425,13.562181,12.589572,13.818009,12.611587,14.936627,15.856389,19.220161,21.08829,20.068975,24.364902,25.668695,25.621101,21.172977,23.139328,18.894201,19.087044,21.016926,23.58324,21.017809,24.432749,20.692377,23.150204,21.078,23.502342,25.445894,25.713701,25.961512,25.847435,20.588438,22.69163,19.530416,23.983421,21.67531,21.012575,24.478785,23.908613,25.00407,27.356493,24.828548,21.07046,20.3994,16.470901,14.652624,10.496984,12.251281,8.169266,11.7416935,12.472359,16.143066,17.810415,21.470963,23.992285,22.5471,19.613132,18.42647,12.558898,12.700943,9.540189,7.3760643,9.178698,10.728853,14.143885,13.969355,18.441038,19.33823,23.576902
21,30.85465,26.528913,28.375923,24.158474,22.45129,26.194275,21.51417,27.931253,25.15237,29.165134,31.76642,29.401302,29.277502,26.652348,23.680643,20.464846,16.722794,14.068079,9.604508,6.1514263,4.7354484,0.0,6.0818124,6.637349,10.281667,10.762492,13.700479,12.287893,11.571984,11.024011,14.718444,12.80025,20.148502,17.94546,22.106218,24.432217,25.477415,24.84539,20.305046,16.064407,20.54782,16.349598,18.094784,16.344175,16.951122,14.850817,16.40635,16.403812,19.4596,21.819122,21.483103,25.96819,27.96442,28.318235,24.114641,26.42778,22.660204,22.860641,25.206362,27.767252,25.359089,28.32202,24.281408,26.495506,23.486351,26.034042,27.399412,27.655697,27.025078,27.416039,22.570253,25.319117,22.603298,27.431908,25.66497,25.302094,28.92026,28.437342,29.632376,31.88941,29.3549,25.612392,24.486063,20.58634,18.52526,14.371208,15.179657,10.050351,12.46788,12.472241,15.792307,17.776506,21.1426,22.63204,21.797195,19.561966,17.925438,11.140832,13.0447645,8.625566,5.9043517,9.435359,11.372014,15.771229,16.074259,20.560331,22.132038,26.066303
22,34.332855,29.998066,31.29038,27.503393,25.107122,28.900698,23.46043,29.70277,26.579464,30.062006,32.867027,30.811134,31.48792,28.601631,26.551987,22.545996,19.870125,16.675344,12.874101,9.436123,6.2472215,6.0818124,0.0,4.714231,6.4299173,9.170299,9.602721,7.2427588,9.600966,8.214558,12.777946,11.052931,19.063538,18.235735,21.382353,24.449606,24.765734,23.328724,19.181047,14.720804,18.34306,13.246703,16.081245,13.786082,12.644016,11.553947,12.091379,12.650897,15.575458,17.17193,16.407976,20.815575,23.07537,23.124239,18.912172,21.234827,18.126835,18.317493,21.318789,23.794046,21.913973,24.357983,20.419039,23.07196,19.949852,23.47484,24.61979,25.790386,25.597857,26.738821,22.4564,24.246172,22.027071,25.715544,24.732927,23.483965,27.510235,27.618319,28.90927,31.683432,29.436575,25.628584,25.85581,21.901527,19.81386,16.194407,16.886545,11.888135,14.060586,12.912355,16.682264,19.639288,22.824537,24.969978,24.908,22.261131,22.08098,15.402447,17.170828,13.750903,11.536617,14.681225,16.208132,20.269747,19.69199,24.389753,25.029396,29.276499
23,35.201923,30.948597,32.96161,29.288036,27.26666,31.446095,26.46598,33.00456,30.271568,33.92476,36.849308,34.772118,35.114433,32.358856,29.82952,26.197052,22.92933,19.978611,15.663259,12.103893,9.499934,6.637349,4.714231,0.0,5.460474,8.532235,10.667116,9.958936,13.319619,12.809309,17.22227,15.629839,23.606785,22.20116,25.694172,28.50316,28.711594,27.547915,23.23647,18.877916,22.904648,17.940504,20.75409,18.165653,16.795935,15.059523,14.874864,14.46214,16.830322,18.809813,18.780573,23.183275,26.085619,26.457933,22.578371,25.057724,22.434479,22.536291,25.747654,28.266861,26.527164,28.682947,24.613943,27.037642,23.226635,26.781757,27.402515,28.562273,27.59264,29.185822,25.289488,27.590189,25.685984,29.683035,29.01059,28.013594,32.08891,32.181053,33.49398,36.175034,33.838207,30.041388,29.83844,25.874872,23.689709,19.873625,20.202448,14.657189,16.081573,14.423934,17.705433,20.87597,23.712656,24.864262,25.42413,23.428682,22.886812,15.77132,18.713507,14.607172,12.250788,16.060658,17.853924,22.379906,22.279459,26.950104,28.131382,32.17441
24,34.631985,30.489372,32.20779,29.187115,26.733051,31.200476,26.028461,32.548256,30.174156,33.373856,36.82455,35.395493,36.214848,33.66961,31.567574,27.583603,25.2293,21.582525,18.556831,14.199713,11.947849,10.281667,6.4299173,5.460474,0.0,5.082104,5.588955,6.3512435,11.590769,12.318052,16.208918,16.49024,24.363913,24.35479,27.146465,30.478254,30.787178,28.994036,25.142254,20.687098,23.477419,17.665304,20.24523,16.487503,14.283925,11.967511,10.665888,9.659181,11.589246,13.631677,14.1128235,18.46517,21.73536,22.682068,19.478748,22.661562,20.700052,21.509579,25.035583,26.735544,25.187109,26.162395,21.813522,23.796827,19.226965,23.071173,23.121662,24.706238,23.5369,25.84834,22.81196,24.772305,23.685198,27.121662,27.595644,26.586035,31.016733,31.730042,33.46715,36.351795,34.59166,30.652483,31.064985,27.026041,24.251183,21.242464,20.295637,14.768453,15.145567,12.411695,15.470346,19.339645,21.731016,23.237194,24.618378,22.511639,23.401243,16.680786,19.786741,16.7441,15.179868,19.188114,20.172215,25.178766,23.735775,28.658703,29.152916,33.193886
25,30.020273,25.992819,27.920769,25.294783,22.950394,27.75665,23.059866,29.741812,28.095425,31.278446,35.125824,34.12533,34.767708,32.687714,30.310963,26.62131,24.489784,20.547197,18.586983,13.573341,12.637971,10.762492,9.170299,8.532235,5.082104,0.0,5.6811466,8.101657,10.559446,13.100682,15.990257,17.786978,25.283354,25.534676,28.47627,31.747906,32.753376,31.0153,27.184422,22.68417,25.158081,19.189993,20.67942,16.256134,15.205282,11.21889,10.58089,8.455408,10.40638,13.62504,14.91236,19.216196,22.1972,23.959194,21.238571,24.966373,22.648901,24.077513,27.24409,28.350552,26.373468,26.89243,22.130775,23.253727,18.136185,21.094166,20.900883,21.814709,19.924326,22.163261,19.390657,22.053738,21.31235,25.39191,26.257,26.082039,30.52287,31.31304,33.404404,36.044445,34.611897,30.56735,30.4854,26.424248,23.038908,20.526463,18.191565,12.5544195,11.635566,8.357121,10.808046,14.815221,16.89997,18.211767,19.922081,18.06932,19.501516,13.243331,16.831629,14.572688,13.931817,18.152098,18.357685,23.989178,21.67875,26.62274,27.084415,30.808514
26,33.231705,29.23857,30.307346,27.898521,24.977139,29.418245,24.080519,30.285793,28.226353,30.871874,34.730145,33.967903,35.27341,32.988914,31.429012,27.18997,25.91045,21.753307,20.231379,15.605041,13.95024,13.700479,9.602721,10.667116,5.588955,5.6811466,0.0,4.1770577,9.438048,11.4952,14.152665,16.496265,23.648233,25.034033,27.073322,30.78673,31.382648,29.068623,25.78394,21.437696,22.84363,16.569248,18.452394,13.718775,11.166748,8.112085,5.7853165,4.1337595,6.1916027,8.488459,9.342428,13.705997,16.855646,18.486217,16.01408,19.923435,18.30981,19.992514,23.43587,24.138456,22.618158,22.44439,17.837128,19.203161,14.058088,18.001944,17.715643,19.625595,18.639372,21.355923,19.052961,20.455143,20.117529,22.891039,24.398037,23.476177,28.10851,29.385761,31.524137,34.504333,33.37671,29.391983,30.371927,26.403215,23.167091,21.163647,19.089964,14.265305,13.811525,10.551734,13.287302,17.430206,19.472544,21.83456,23.49027,21.036083,23.307692,17.538677,20.072535,18.371296,17.574858,21.279608,21.45917,26.512487,23.794718,28.747112,28.441517,32.40932
27,34.31106,30.164343,30.830694,27.944927,24.904465,28.880192,23.13048,29.100702,26.390352,29.082521,32.545994,31.437534,32.879314,30.291449,29.02368,24.566338,23.380306,19.390028,17.64371,13.601185,11.399215,12.287893,7.2427588,9.958936,6.3512435,8.101657,4.1770577,0.0,7.430681,7.968668,11.185912,12.703346,19.910501,21.329294,23.185734,26.947826,27.33931,24.978598,21.741247,17.450466,18.84019,12.6271715,15.020663,10.910251,8.013751,6.466462,5.158126,6.145121,8.94563,10.04791,9.26748,13.7496395,16.233559,16.94193,13.537102,16.96113,14.806124,16.184494,19.59685,20.741795,19.192848,19.82714,15.472302,17.641235,13.622242,17.814564,18.388947,20.326305,20.33563,22.321394,19.188679,20.110233,19.039244,21.585592,22.28483,20.836859,25.36857,26.443762,28.317911,31.400827,30.04732,26.13443,27.418814,23.505732,20.712433,18.51241,17.4607,13.055678,13.819863,11.48371,14.914275,18.577948,21.189117,24.082273,24.867199,21.953209,23.70628,17.862242,19.540071,17.691801,16.525345,19.702703,20.16031,24.563814,22.219696,27.077362,26.645397,30.842558
28,28.591146,24.416088,24.431585,21.300049,18.100668,21.683681,15.786092,21.724524,19.063179,21.93814,25.503265,24.544365,25.874643,23.611658,22.311138,17.949541,17.444727,13.075199,13.321893,9.344222,9.048112,11.571984,9.600966,13.319619,11.590769,10.559446,9.438048,7.430681,0.0,4.7751727,5.55333,9.553379,15.664764,17.435371,19.45536,23.00462,24.56505,22.471783,19.315073,15.205936,16.145708,10.373616,10.475465,6.040514,7.586423,4.1106515,7.6452847,8.928559,12.336381,14.1368,13.240745,17.233469,18.028416,18.95327,15.485156,18.728117,14.934638,16.838223,18.934977,19.640112,16.992708,18.314003,13.717869,15.174474,12.277161,14.59902,16.399155,16.890244,17.529549,17.806185,13.270693,14.670885,12.555701,16.422886,16.125687,15.704023,20.039051,20.767437,22.908335,25.614256,24.452177,20.402609,21.06888,17.129686,13.7584,12.250361,10.168377,6.769068,8.095793,7.6437383,11.217458,13.596024,16.798006,20.662895,20.031628,16.490177,18.246223,13.721197,13.752286,13.434014,13.241647,15.398676,14.878407,18.985344,15.562872,20.311415,19.46047,23.587402
29,32.273872,28.030388,27.922935,24.293447,21.251177,24.19903,18.119947,23.542542,19.946829,22.902624,25.699213,24.03563,25.46122,22.609188,21.638699,17.001669,16.223785,12.436911,11.49098,8.895919,7.256588,11.024011,8.214558,12.809309,12.318052,13.100682,11.4952,7.968668,4.7751727,0.0,4.7162786,5.21915,12.3355875,13.754497,15.715817,19.368578,20.38793,18.279947,14.946861,10.717531,12.153315,6.393634,8.075559,5.9220014,6.732904,6.9438887,9.704477,11.90554,15.249573,16.210243,14.4138565,18.295841,18.905495,18.694023,14.3322525,16.577536,12.283284,13.346746,15.435324,17.13518,14.624972,17.324635,13.470445,16.154158,14.63015,17.501177,19.715328,20.610209,21.884768,21.979616,17.192486,17.888733,15.14014,18.215017,16.75801,15.275728,19.320711,19.63568,21.18318,24.098099,22.372559,18.451681,19.590162,15.722457,13.452071,11.133771,11.67737,9.046972,11.906704,11.996128,15.748052,17.880411,21.291164,25.00459,23.978954,20.405956,21.201536,16.30871,15.837504,14.665802,13.60846,15.116775,15.436067,18.454329,16.2857,20.749697,20.034048,24.432722
30,30.563805,26.512386,25.56585,22.242212,18.890978,21.254864,15.001937,19.75329,16.117685,18.627974,21.622616,20.477211,22.362146,19.802896,19.497831,14.721011,15.461409,11.479927,12.925017,10.935108,10.7178545,14.718444,12.777946,17.22227,16.208918,15.990257,14.152665,11.185912,5.55333,4.7162786,0.0,6.633781,10.600295,13.699828,14.724689,18.466967,20.190273,17.840597,15.348001,11.898037,11.382673,6.409918,4.9912405,2.329544,6.752376,7.0310755,10.768853,13.189469,16.340862,17.141735,15.220025,18.473137,17.995054,17.97135,14.128705,16.400549,11.71918,13.593395,14.686453,15.321043,12.2470455,14.671383,10.843513,12.927297,12.58778,14.377002,17.288147,17.68928,19.792507,19.054659,14.060307,14.062007,10.941912,13.7919445,12.05196,10.847397,14.985084,15.549185,17.526459,20.403353,19.283222,15.294037,16.859152,13.195388,10.489783,9.883797,9.424371,9.178147,11.634279,12.500464,15.649565,17.021631,20.309475,24.741446,23.219051,19.302763,20.75584,17.303326,15.721332,16.068699,15.836513,16.574484,16.013166,18.448698,15.09525,19.16876,17.513018,21.78013
31,34.505573,30.294268,29.846512,25.753544,22.959072,24.984118,19.02186,23.595495,19.181938,22.201593,24.015888,21.584915,22.97646,19.63434,19.077421,14.4107275,13.672159,10.953491,9.7082,9.733649,8.178005,12.80025,11.052931,15.629839,16.49024,17.786978,16.496265,12.703346,9.553379,5.21915,6.633781,0.0,8.012752,8.727236,10.756144,14.301663,15.228415,13.390609,9.815406,5.666953,7.925371,4.50141,6.5080876,8.36114,10.004852,11.7997265,14.593356,17.05626,20.334766,20.928156,18.664167,22.142288,22.143816,21.061506,16.306175,17.200005,12.26042,12.2434025,13.285752,15.974022,13.34122,17.774023,15.081121,18.287188,18.382048,20.823524,23.61602,24.288088,26.159775,25.544022,20.271648,20.582798,17.062647,19.758871,16.708652,14.728702,17.898071,17.407059,18.195488,21.03361,18.651907,14.993246,16.291573,12.739453,11.958419,9.217866,12.465377,11.563874,15.328095,16.36612,20.009775,21.42912,25.055702,28.829811,27.010641,23.344374,23.221373,18.843351,17.303844,16.085394,14.733775,14.823785,15.582532,16.842905,15.852279,19.575642,18.885145,23.341154
32,36.734238,32.878536,31.276972,27.309904,24.574379,24.943268,19.42503,21.750414,16.571312,18.669044,19.077154,16.309381,18.452341,14.857358,16.253677,11.791752,13.561867,12.447942,13.821684,15.783447,15.425536,20.148502,19.063538,23.606785,24.363913,25.283354,23.648233,19.910501,15.664764,12.3355875,10.600295,8.012752,0.0,6.3358393,4.411871,8.313325,10.267934,8.165749,7.1056037,7.05687,4.2579045,7.9070897,6.3543224,11.77986,14.632376,17.324934,20.47897,23.318695,26.396704,26.504438,23.796694,26.349716,24.962336,23.248432,18.971972,18.546629,13.394863,13.1459255,11.497703,13.741145,10.808154,16.60067,15.807503,18.755806,21.328135,22.56324,26.16132,26.38398,29.422697,27.680744,22.356863,21.515179,17.517223,18.789356,13.944445,11.461906,12.670696,11.16283,10.92227,13.733679,11.11803,7.981252,11.089134,9.085073,10.65189,10.332793,14.600912,16.739607,20.368155,22.254606,25.363384,25.804758,29.315048,33.68598,30.986233,27.071558,26.942276,24.297098,21.264269,21.400414,20.653666,19.237995,19.397993,18.375025,17.351374,19.416443,17.607832,21.598822
33,37.01485,33.05002,32.18067,27.574675,25.482658,25.956436,20.958218,23.851215,18.762875,21.799759,21.72448,17.939976,18.734205,14.823093,14.806584,11.1748295,10.514142,10.964341,10.301753,13.978838,13.653001,17.94546,18.235735,22.20116,24.35479,25.534676,25.034033,21.329294,17.435371,13.754497,13.699828,8.727236,6.3358393,0.0,5.098351,6.491767,8.557529,8.82726,5.314542,5.480378,8.246375,11.198943,11.15866,15.54934,18.187662,20.098827,23.218311,25.630817,28.956818,29.5757,27.17503,30.341793,29.712608,28.100794,23.408176,23.058655,18.009035,17.012085,16.06523,19.32206,16.713358,22.550356,21.25605,24.299175,25.846838,27.321648,30.681667,30.696049,33.0023,31.306507,25.510305,25.752834,21.459303,24.041956,18.986498,17.338127,18.425049,16.275564,15.524939,17.430723,13.724676,11.206849,11.509655,9.474423,11.911749,9.460358,15.477135,16.832157,21.010717,23.1826,26.447771,26.735157,30.488651,34.168365,31.157238,27.597975,26.09158,23.064117,20.099817,19.26951,18.035965,15.864634,16.868294,14.8027,15.988049,17.710274,17.325228,21.268599
34,39.77055,35.94296,34.438488,30.207832,27.803715,27.803055,22.696932,24.586098,19.272888,21.373493,20.831629,17.368492,19.10864,15.235576,16.816566,13.127598,14.342561,14.5297785,15.044266,18.08345,17.557997,22.106218,21.382353,25.694172,27.146465,28.47627,27.073322,23.185734,19.45536,15.715817,14.724689,10.756144,4.411871,5.098351,0.0,4.246423,5.9789696,4.885639,4.607976,7.237828,5.819848,11.201688,10.678589,16.021627,18.430473,21.323668,24.306438,27.142027,30.25857,30.303501,27.495771,30.043419,28.73451,26.628315,22.216366,21.106016,16.268038,15.127813,13.031693,16.048323,13.733852,19.932882,19.730413,22.876263,25.6037,26.948479,30.545755,30.78783,33.799908,31.987131,26.547165,25.819328,21.71941,22.943022,17.764147,15.317142,15.622503,13.478067,12.110471,14.345989,10.833445,8.996337,11.608117,10.66111,13.515804,12.681811,17.939722,20.006435,23.910488,25.922043,29.121782,29.461662,33.070976,37.22368,34.284706,30.491333,29.697977,27.02062,23.878716,23.604948,22.56521,20.614666,21.23532,19.159956,19.447952,20.836973,19.492144,23.207123
35,41.17938,37.485023,35.95623,31.547304,29.54037,29.001583,24.500965,25.778868,20.49279,22.60308,21.175018,17.132526,18.309929,14.410692,16.133017,13.515683,14.529264,15.965938,16.448177,20.32491,20.123175,24.432217,24.449606,28.50316,30.478254,31.747906,30.78673,26.947826,23.00462,19.368578,18.466967,14.301663,8.313325,6.491767,4.246423,0.0,4.6206,6.356439,6.8122506,10.260335,9.989778,15.33079,14.642669,19.92812,22.576385,25.196396,28.298595,31.012936,34.207336,34.408985,31.6691,34.28053,32.958027,30.828054,26.437536,25.161793,20.438309,19.100502,16.792456,19.812077,17.646513,23.844156,23.83763,26.813107,29.641352,30.700191,34.38318,34.34649,37.31305,35.17053,29.55194,29.040293,24.74811,26.199469,20.544954,18.585001,18.11343,15.3460655,13.290877,14.585359,10.45357,9.906722,11.306607,11.523247,15.30666,14.486885,20.21454,22.65451,26.659246,29.002405,32.089966,32.05963,35.702827,39.683357,36.333748,32.683628,31.271599,29.040112,25.559282,25.309069,24.298983,21.692114,22.422358,19.227304,20.474312,20.961712,19.960106,23.208345
36,45.037334,41.202488,39.8895,35.45654,33.302757,33.151722,28.323023,29.992853,24.67193,26.68667,25.435507,21.584444,22.917957,19.026232,20.611176,17.790146,18.196518,19.2991,18.613815,22.27526,21.313635,25.477415,24.765734,28.711594,30.787178,32.753376,31.382648,27.33931,24.56505,20.38793,20.190273,15.228415,10.267934,8.557529,5.9789696,4.6206,0.0,3.9461079,5.6571045,10.126658,9.976322,15.734158,16.261919,21.465294,23.125416,26.414114,29.026352,31.904472,34.97681,34.80748,31.840853,34.29467,33.135746,30.511389,26.004534,24.08516,19.883862,17.791815,15.52836,19.266218,17.830004,24.183624,24.589424,28.06778,30.889284,32.594616,36.10994,36.590168,39.58617,37.92733,32.483967,31.758091,27.695076,28.688217,23.530561,20.847929,20.676428,18.381577,16.261978,17.956812,14.152423,13.745871,15.852159,15.70557,19.06515,17.719519,23.466787,25.09773,29.187084,31.085781,34.452145,34.91831,38.60735,42.516506,39.55095,35.887684,34.567837,31.581074,28.630281,27.743538,26.288504,24.119019,25.32295,22.568539,24.134743,25.069294,24.261251,27.681362
