,0,1,2,3,4,5,6,7,8,9,10,11,12,13,14,15,16,17,18,19,20,21,22,23,24,25,26,27,28,29,30,31,32,33,34,35,36,37,38,39,40,41,42,43,44,45,46,47,48,49,50,51,52,53,54,55,56,57,58,59,60,61,62,63,64,65,66,67,68,69,70,71,72,73,74,75,76,77,78,79,80,81,82,83,84,85,86,87,88,89,90,91,92,93,94,95,96,97,98,99,100,101,102,103,104,105,106,107,108,109
0,0.0,4.337239,5.6088457,9.440988,11.894452,13.291379,17.036135,19.943947,22.005632,25.77871,28.132637,31.323257,32.95546,35.562424,34.327457,28.626534,29.645624,25.183258,29.244257,23.604963,25.731758,25.358454,29.132458,24.613667,21.207605,23.17996,21.063776,24.81036,24.093431,28.37071,27.841364,33.74393,34.209545,38.488014,38.085438,34.499886,38.52605,39.369644,34.804245,34.636288,39.760517,36.377426,33.232647,37.270504,40.14199,34.892914,33.10172,39.46095,40.46946,43.006165,39.554317,36.55972,40.67418,40.82988,36.27552,32.053772,31.62664,29.354414,33.97979,37.457745,32.601917,34.829956,33.82983,38.176487,37.040607,33.31141,33.655933,32.246384,28.140633,27.629707,27.823397,26.25787,23.245777,22.116076,23.180727,23.3152,19.3479,19.730354,18.972473,20.608921,18.620222,20.309717,16.513668,18.033451,16.944414,13.957414,17.66949,17.307873,16.709227,14.969828,18.982632,21.217651,23.787804,24.97914,27.574657,29.12103,29.247349,30.503653,26.474138,31.67569,26.651537,29.915283,31.669622,27.77473,25.690948,21.874586,20.525171,15.240415,15.425054,11.084932
1,4.337239,0.0,5.3613935,6.4821076,9.39636,11.8199005,15.383059,17.660976,20.473875,23.73234,26.48352,29.524445,31.5679,34.570137,33.681877,28.194214,29.838848,25.561216,30.378517,25.044466,27.777897,27.73798,31.85189,27.199053,23.728981,25.39592,22.45165,25.957859,24.483858,28.94837,27.1445,33.559708,33.251736,37.861626,37.395897,33.828854,38.003498,39.133526,34.84537,34.639015,39.905746,37.020092,33.88913,37.923462,40.952633,36.253002,34.39977,40.661446,42.017445,44.23285,40.80846,38.470352,42.510532,42.318512,37.9976,33.809174,32.837563,30.644234,35.50733,38.51526,33.23389,35.489223,34.13212,38.435482,37.09019,33.129593,33.08524,31.232271,27.583544,27.461592,26.784225,24.818567,22.593529,21.623455,23.333588,23.604074,19.86897,20.738888,20.80042,22.603966,21.247883,23.47907,19.39811,20.384388,18.530125,16.38402,18.585835,18.754587,17.395542,15.855629,19.544048,22.252123,24.987015,26.79336,29.015476,30.347746,30.041464,30.90666,26.488323,31.333384,25.867064,28.503387,29.919031,25.72375,24.076166,19.535559,19.391045,13.944933,14.66952,10.87514
2,5.6088457,5.3613935,0.0,5.236749,6.8712783,7.916595,11.446111,14.691052,16.602571,20.517231,22.980452,25.982742,27.754929,30.52531,29.776457,23.897648,25.35329,21.013401,25.794744,20.498833,23.135399,23.488787,27.512207,22.452883,18.968256,20.336615,17.25259,20.646774,19.25804,23.663162,22.401173,28.543438,28.72377,33.098904,32.698757,29.189108,33.304527,34.17581,29.780193,29.705793,34.877045,31.74934,28.696117,32.856632,35.727898,30.94796,29.267258,35.57166,36.80564,38.975327,35.464672,33.266453,37.207275,36.963684,32.679554,28.53365,27.48436,25.378328,30.327179,33.218956,28.023533,30.511915,29.431768,33.72116,32.195984,28.332968,28.78928,27.129469,23.044737,23.13868,23.06339,21.081669,18.235758,17.91285,18.809248,19.760244,15.952589,16.08228,16.887375,17.865414,16.874214,19.321545,14.902271,15.375871,13.236467,11.770298,13.509541,14.5108385,13.730642,13.121344,16.87491,18.88487,22.004238,23.557772,25.421995,26.414362,26.543102,26.963097,22.884031,27.680277,22.250957,25.310522,26.873047,23.011606,21.030806,17.156006,15.630589,10.444291,10.066033,6.059537
3,9.440988,6.4821076,5.236749,0.0,3.8256483,6.1681457,9.35956,12.001975,15.038022,18.207144,21.328825,23.94095,26.367481,29.705544,29.629295,24.03574,26.34929,22.39466,28.029287,23.294094,26.48169,27.26453,31.488674,26.285769,22.858025,23.739325,19.852407,22.66091,20.258972,24.697687,21.606962,28.337072,27.330599,32.17754,31.86373,28.535213,32.82926,33.927624,30.02163,30.032307,35.268604,32.725117,29.87135,34.04985,36.967266,32.93555,31.368097,37.4558,39.015217,40.712574,37.166878,35.938244,39.59241,38.853508,34.901375,30.825068,29.15461,27.08216,32.15838,34.47156,28.774029,31.09337,29.473269,33.645237,31.96966,27.84498,27.628538,25.401388,22.086159,22.601679,21.262735,18.807009,17.208975,16.995642,18.897476,19.878605,16.59736,17.537943,19.238247,20.595303,20.406761,23.417934,19.010822,19.012484,16.188549,16.035809,15.84617,17.702995,16.18554,15.984731,19.14316,21.520384,24.771515,26.918507,28.277044,28.927797,28.619785,28.410156,24.000305,28.140123,22.158108,24.252556,25.240822,21.009094,19.747713,14.798954,15.07306,10.057026,10.109944,7.905904
4,11.894452,9.39636,6.8712783,3.8256483,0.0,5.450626,6.763366,8.373863,11.398481,14.53039,17.550327,20.294012,22.629778,25.965176,25.888504,20.42554,22.962395,19.201088,25.158237,20.820103,24.404406,25.44542,29.869928,24.854532,21.548023,22.236145,17.770025,20.425138,17.681055,22.236578,18.749702,25.63081,24.714682,29.428492,28.701021,25.182804,29.456589,30.90409,27.028048,26.79428,32.11825,30.05781,27.02435,30.994112,34.132545,30.558743,28.728516,34.627277,36.515015,38.053436,34.79734,33.81676,37.622177,36.811943,33.168026,29.376085,27.231455,25.648241,30.943476,32.63818,26.93862,29.822842,28.446516,32.481785,30.239859,26.10908,26.414072,23.952133,20.522469,21.933054,20.571976,17.496864,16.080513,17.14376,18.372791,20.328806,17.27972,17.506256,20.210043,20.583584,20.8301,23.79585,19.1463,18.344715,14.961544,15.21262,13.562284,15.642322,13.767079,14.153793,16.784355,19.066858,22.42046,24.842976,25.761168,26.155224,25.675354,25.121014,20.664688,24.536602,18.458973,20.44069,21.437168,17.256472,15.943896,11.124719,11.347263,6.550688,7.0910373,6.1107087
5,13.291379,11.8199005,7.916595,6.1681457,5.450626,0.0,4.5687213,9.98215,11.597226,15.522919,18.475487,20.575024,22.926119,26.145777,26.772427,20.715117,23.067232,19.342358,25.032713,20.779324,23.712408,25.207958,29.049753,23.267673,20.047342,20.093437,15.993464,17.961294,15.1593895,19.285149,16.093187,22.604809,21.65001,26.465277,26.621489,23.677534,27.970634,28.486261,24.719826,25.21928,30.208616,27.31355,24.918245,29.41599,31.888844,27.982481,27.024307,33.032566,34.34498,35.74011,31.87067,31.395353,34.517815,33.42345,29.618551,25.571587,23.650694,21.48872,26.563704,28.629416,22.786835,25.039747,23.424236,27.555977,25.802387,21.68555,21.660316,19.579466,15.973565,16.712446,15.730051,13.281138,11.145641,11.768334,13.075349,14.895147,11.992518,12.478784,15.59601,16.239565,17.08404,20.586477,16.289959,15.549717,12.318108,14.392424,12.6013775,16.332535,15.67872,16.838234,19.631763,20.982311,24.575006,26.36255,27.078201,27.107815,27.366186,26.258017,22.465883,26.078724,20.116617,22.33187,23.19051,19.492844,18.164793,14.100594,12.902108,9.340577,6.8117847,6.8697114
6,17.036135,15.383059,11.446111,9.35956,6.763366,4.5687213,0.0,6.3044786,7.312788,11.17349,14.13766,16.03462,18.488234,21.860332,22.89794,17.05039,19.926336,16.714943,22.88742,19.454535,22.834217,24.766125,28.741465,23.21508,20.27878,19.893063,15.045386,16.382408,12.765178,16.884918,12.387462,19.316202,18.048712,22.872576,22.62204,19.58041,23.92443,24.833296,21.305717,21.633196,26.689499,24.534622,22.085924,26.359352,29.019623,25.956654,24.82817,30.469051,32.214817,33.228977,29.675596,29.891815,33.009792,31.651344,28.380396,24.777128,22.07477,20.59365,25.866611,26.91482,20.964508,23.862347,22.427687,26.26391,23.72632,19.555952,20.0501,17.493528,14.027438,16.254112,14.880882,11.404936,10.1099205,12.793824,13.290665,16.376574,14.225003,13.942845,18.272032,17.786146,19.297459,22.70415,18.355408,16.63253,12.801719,15.635247,11.721253,15.981418,15.014465,16.933603,18.88499,19.979431,23.612736,25.707144,25.741686,25.311502,25.365652,23.562235,19.87771,22.766798,16.695122,18.426006,19.034657,15.553491,14.4592495,10.836673,9.659753,7.8565865,5.1697645,8.033523
7,19.943947,17.660976,14.691052,12.001975,8.373863,9.98215,6.3044786,0.0,4.5777497,6.22222,9.651147,12.066308,14.777691,18.548923,19.367804,14.64768,18.309202,15.797632,22.479015,19.874443,24.075089,25.918776,30.391773,25.802103,23.075428,22.92186,17.5156,18.89857,15.029882,19.157152,13.592095,20.65834,19.069174,23.584848,22.092516,18.507938,22.72976,24.96626,21.766958,21.182817,26.455843,25.883657,22.913115,26.31706,29.697916,27.778658,25.772724,30.823357,33.437115,34.209618,31.542711,31.908829,35.519615,34.20317,31.554512,28.55883,25.223717,24.713696,30.106888,30.115238,24.41316,28.089317,26.943863,30.374147,27.005396,22.972168,23.93279,20.826206,18.029924,21.412546,19.45347,15.211898,15.275821,18.702335,19.010832,22.484245,20.51225,19.939352,24.377722,23.352026,24.730673,27.73678,23.153072,20.973763,16.900513,18.708662,13.834719,16.801235,14.591236,16.475815,17.29407,18.913742,22.23662,25.140911,24.701267,24.16009,23.279703,21.281126,17.100779,19.266373,12.940782,13.488806,13.785511,9.753733,9.256313,4.7383165,6.5916924,6.6833825,7.457158,10.679116
8,22.005632,20.473875,16.602571,15.038022,11.398481,11.597226,7.312788,4.5777497,0.0,4.887372,6.938099,9.448827,11.450204,14.846706,15.867816,10.621851,14.316672,12.1643095,18.812862,16.899984,20.981129,23.2479,27.45893,22.978489,20.628695,20.015182,14.505031,15.227622,11.1821575,15.057632,9.737796,16.537226,15.80351,19.81743,18.01378,14.21123,18.434843,20.652966,17.275076,16.61723,21.915976,21.434563,18.419725,21.776848,25.144,23.501438,21.523912,26.390188,29.060452,29.699755,27.170048,27.812977,31.35878,29.999086,27.6404,25.002502,21.354046,21.379421,26.744665,26.228144,20.797783,25.017601,24.38773,27.60402,23.78492,19.998398,21.899498,19.06485,15.822347,19.84354,18.711903,14.544754,14.054127,18.499998,17.623278,21.861433,20.193787,18.757668,23.736492,21.725042,23.493387,26.292635,21.920004,19.110744,15.009566,17.604332,11.552823,15.16859,13.6229725,16.385706,16.691832,17.329712,20.686869,23.255915,22.257576,21.227823,20.751911,18.074162,14.572494,16.26177,10.196621,11.317636,11.923622,9.065925,7.86066,6.782227,4.6787076,7.738791,7.119412,11.396802
9,25.77871,23.73234,20.517231,18.207144,14.53039,15.522919,11.17349,6.22222,4.887372,0.0,4.0122995,5.9728928,8.915255,13.022309,14.721121,11.302167,15.674763,14.705976,21.218285,20.262762,24.563791,26.839607,31.120104,27.152266,25.014359,24.357895,18.844656,19.193819,15.082739,18.30104,11.903392,18.144995,16.411253,20.20321,17.763704,14.121159,18.021635,21.110098,18.632877,17.584099,22.580708,23.475674,20.6207,23.218813,26.759079,26.329363,24.170998,28.241953,31.413202,31.578142,29.600636,30.897724,34.330956,32.747982,30.993866,28.797821,24.7587,25.221237,30.405296,29.092936,23.823942,28.07405,27.337494,30.131742,25.939476,22.316263,24.017025,20.750757,18.544283,23.085167,21.16954,16.672424,17.488317,22.068148,21.549845,25.768927,24.443243,23.282673,28.39087,26.46303,28.353283,31.158527,26.797424,23.924011,19.839579,22.211725,16.080374,19.048391,16.975376,19.526842,19.116165,20.006884,22.98215,25.980068,24.552042,23.307146,22.194147,19.101656,15.673482,15.941149,10.234865,8.986509,8.389109,5.446435,6.215143,5.931079,7.4592514,11.134495,11.727822,15.690667
10,28.132637,26.48352,22.980452,21.328825,17.550327,18.475487,14.13766,9.651147,6.938099,4.0122995,0.0,4.1118913,5.3861575,9.203372,10.782167,8.215135,12.716245,12.737305,18.800499,18.851095,23.125092,25.518232,29.655985,26.31601,24.594885,23.81224,18.451054,18.441307,14.703798,17.3965,11.935248,17.072012,16.339834,19.149279,15.800307,11.749382,15.227089,19.005178,16.580753,14.892914,19.802559,21.529093,18.446178,20.346176,24.178562,24.428335,21.900616,25.398346,28.941467,28.972345,27.609158,28.9574,32.551926,31.093472,29.794638,28.138107,23.889338,25.05824,30.099014,28.181759,23.48901,28.277102,28.09292,30.594305,25.968811,22.75627,25.276272,22.281784,19.896038,24.774149,23.476562,19.149124,19.574766,24.58224,23.324787,27.928627,26.677576,24.936007,30.17059,27.547628,29.485846,31.935062,27.71919,24.470406,20.538292,22.825558,16.289894,18.825928,16.94953,19.828135,18.681128,18.972307,21.625343,24.543806,22.558657,20.944494,19.756594,16.139763,13.353475,12.5460825,7.633533,5.77676,5.359354,4.715061,4.992025,8.358802,8.053643,12.98885,13.614453,17.614254
11,31.323257,29.524445,25.982742,23.94095,20.294012,20.575024,16.03462,12.066308,9.448827,5.9728928,4.1118913,0.0,4.1072345,8.488015,12.021935,10.5242,14.927412,15.66774,21.307438,21.937288,25.89764,28.576023,32.385197,28.894478,27.358225,26.156013,20.946144,20.178623,16.193031,18.051706,11.574678,15.933457,14.138308,16.766949,13.467059,10.242113,13.464563,17.22948,15.88679,14.627201,18.871092,21.223877,18.893429,20.619991,23.957245,25.108362,23.178822,26.061403,29.54723,28.985138,27.6111,30.03278,32.975594,31.057297,30.249796,28.872171,24.34024,25.620932,30.33305,27.783031,23.153412,27.65917,27.318125,29.372541,24.572388,21.57836,23.903896,20.761103,19.260254,24.494225,22.81066,18.526997,19.806343,25.036106,23.834225,28.485727,27.797243,26.228859,31.761967,29.181114,31.537392,34.188198,30.19499,26.878054,23.000229,25.991005,19.26669,22.39655,20.81815,23.804718,22.734861,22.817791,25.443527,28.1842,25.95185,24.036142,23.056099,18.954391,16.881145,15.136089,11.248281,8.566709,6.7768316,7.532485,8.935278,11.49705,11.791389,16.474037,16.498812,20.760883
12,32.95546,31.5679,27.754929,26.367481,22.629778,22.926119,18.488234,14.777691,11.450204,8.915255,5.3861575,4.1072345,0.0,4.410642,8.269437,8.139718,12.139041,13.925172,18.748383,20.348795,24.127672,26.855639,30.442516,27.617754,26.503738,25.234476,20.335817,19.309658,15.926619,17.24142,12.388718,15.342179,15.085643,16.465475,12.167063,8.432163,10.90448,15.46677,14.055781,12.013005,16.090782,19.274939,16.68053,17.576502,21.22748,22.992767,20.678108,22.932137,26.762804,26.134192,25.435455,27.743698,30.887413,29.194614,28.79708,27.95513,23.357882,25.307554,29.834915,26.82743,22.905188,27.92115,28.195026,30.029955,24.928377,22.39561,25.5546,22.833122,20.922071,26.22628,25.297152,21.270346,21.88426,27.335752,25.452602,30.374836,29.63122,27.510542,33.02464,29.817787,32.11886,34.371292,30.548027,26.954744,23.30919,26.099771,19.251148,21.889114,20.58788,23.778564,22.164377,21.655443,23.926437,26.456268,23.761133,21.523134,20.598083,16.083347,14.921258,12.151024,9.782292,7.2722945,6.171191,8.896303,9.407058,13.714298,12.640524,17.904745,17.963291,22.124203
13,35.562424,34.570137,30.52531,29.705544,25.965176,26.145777,21.860332,18.548923,14.846706,13.022309,9.203372,8.488015,4.410642,0.0,5.5634046,7.9358134,10.608123,13.705361,17.086899,19.906921,23.254042,26.029383,29.199802,27.155533,26.576752,25.18209,20.836748,19.431286,16.856234,17.344389,14.374277,15.51097,16.705133,16.676037,11.618631,8.031927,8.8586235,14.098823,12.9227085,10.08983,13.446621,17.718782,15.084422,14.75706,18.598087,21.281403,18.697504,19.923096,24.105354,23.279608,23.441793,25.777153,28.967892,27.487152,27.673128,27.515236,22.930214,25.576357,29.724953,26.167982,23.170284,28.534369,29.418856,30.917994,25.60169,23.662563,27.528278,25.258081,23.14276,28.4225,28.17043,24.46184,24.58631,30.164196,27.677969,32.777565,32.083694,29.49071,34.940826,31.161818,33.44037,35.279827,31.744505,27.931606,24.639278,27.286585,20.513435,22.667065,21.779182,25.09923,23.02003,21.83914,23.649057,25.804892,22.602009,19.976385,19.24545,14.3070545,14.5653925,10.580655,10.650935,8.8933325,8.6512575,12.291259,12.159463,17.303875,15.248986,20.692045,20.659372,24.646729
14,34.327457,33.681877,29.776457,29.629295,25.888504,26.772427,22.89794,19.367804,15.867816,14.721121,10.782167,12.021935,8.269437,5.5634046,0.0,6.582348,7.770512,11.272478,13.765298,16.950115,20.450216,22.744022,26.135254,25.065649,24.633373,23.804476,19.734077,19.15262,17.46464,18.515528,17.269617,18.790098,21.082903,21.13665,16.172434,12.095464,12.827342,17.75763,15.440529,11.895625,15.559966,19.29894,15.660589,14.725331,19.37772,21.256237,17.522541,18.88434,23.430832,23.401686,24.180244,24.891336,29.065296,28.379742,28.241291,28.101072,23.960659,26.761896,31.078035,28.085785,25.434723,31.157398,32.377888,34.23151,29.074018,27.067272,31.218304,29.120432,26.215597,31.130486,31.341301,27.617937,26.94493,32.28127,29.620842,34.66725,33.40264,30.498692,35.503006,31.479202,33.19249,34.521896,30.900608,27.119324,24.047674,25.555666,19.325565,20.06417,19.044733,22.125036,19.404434,17.973047,19.185762,21.400805,17.991257,15.439469,14.20566,9.4269905,10.23474,5.293655,8.000327,7.6507673,9.167551,12.6084585,11.401481,17.330029,14.560715,19.84409,20.506876,23.85714
15,28.626534,28.194214,23.897648,24.03574,20.42554,20.715117,17.05039,14.64768,10.621851,11.302167,8.215135,10.5242,8.139718,7.9358134,6.582348,0.0,4.518386,5.9273305,10.860188,12.319321,16.156559,18.763313,22.46482,20.066505,19.135271,18.216621,13.617165,13.28193,11.1991005,13.142754,12.119385,14.974786,17.536306,18.675829,14.745507,10.036599,12.603897,16.22604,12.481342,9.690709,14.875083,16.28916,12.215835,13.462193,17.930994,17.81726,14.397647,17.86173,21.620708,22.191896,21.491554,21.75586,26.03232,25.281956,24.124407,23.118948,19.11157,21.271955,26.052795,24.012348,20.56233,26.20327,27.212343,29.604023,24.825897,22.338203,26.354969,24.384958,20.803852,25.35439,25.879322,22.320673,20.981998,26.13348,23.409882,28.377716,26.934633,23.998463,28.94677,25.05098,26.769133,28.327574,24.585875,20.840048,17.592533,19.562183,13.00622,14.743704,14.126168,17.625177,15.838251,14.375682,16.64927,18.680687,15.986917,13.744537,13.457622,9.078963,8.220066,7.395947,5.243261,7.946843,10.048291,11.2489805,8.959847,13.820592,9.3554945,14.513902,14.398136,17.867989
16,29.645624,29.838848,25.35329,26.34929,22.962395,23.067232,19.926336,18.309202,14.316672,15.674763,12.716245,14.927412,12.139041,10.608123,7.770512,4.518386,0.0,4.5392427,6.647672,9.644803,12.852077,15.467421,18.773245,17.309023,17.026514,16.151945,12.558291,12.1681,11.723934,12.934309,14.660058,16.07545,20.046907,20.351463,16.475029,12.137684,13.715709,16.819485,12.632422,9.492467,14.078986,15.085236,10.523931,10.957373,15.752786,15.232068,11.006675,14.36646,18.24978,19.341436,19.228952,18.427818,23.254473,23.119843,22.04827,21.516716,17.943933,20.628206,25.051424,23.089785,20.611084,26.481548,28.113625,30.403585,25.74412,23.736008,28.304405,26.87252,22.870037,27.01173,28.37048,25.251179,23.17776,28.133432,24.833523,29.76622,28.213602,24.773445,29.318748,24.85288,26.301016,27.220917,23.882124,20.027828,17.454264,18.918663,13.074316,13.846907,14.105889,17.592896,15.517214,12.987797,14.716445,15.954318,12.79577,10.091651,10.672925,6.064482,7.5291595,7.131836,7.958185,11.534542,13.98734,15.393551,12.7682905,17.568708,12.365887,16.849346,16.530172,19.363554
17,25.183258,25.561216,21.013401,22.39466,19.201088,19.342358,16.714943,15.797632,12.1643095,14.705976,12.737305,15.66774,13.925172,13.705361,11.272478,5.9273305,4.5392427,0.0,6.710947,6.42895,10.545492,12.99624,16.991148,14.558243,13.56174,13.145225,8.918896,9.84151,9.451287,12.053359,13.918811,16.733107,20.380323,21.66482,18.580563,14.159173,16.679045,19.073418,14.318382,12.061907,17.089642,16.476488,11.866842,13.822625,18.150993,15.850509,11.892193,16.781866,19.878609,21.56325,20.466732,18.779423,23.842215,23.865606,21.799274,20.357496,17.244587,19.085934,23.959545,23.14461,19.992167,25.596104,26.922598,29.751503,25.568413,23.091967,27.250742,25.820024,21.335724,24.940638,26.381752,23.343725,20.73287,25.224825,22.138205,26.799496,24.817238,21.448038,25.668001,21.470448,22.571175,23.569735,19.906399,16.209688,13.461448,14.515029,8.730857,9.478829,9.921011,13.562466,12.143203,9.762294,12.315765,13.649275,11.471328,9.656515,10.475046,7.6520686,6.728984,9.465216,7.6816673,12.378629,15.060514,15.081317,11.952587,15.554684,9.575703,13.167886,12.71514,15.100255
18,29.244257,30.378517,25.794744,28.029287,25.158237,25.032713,22.88742,22.479015,18.812862,21.218285,18.800499,21.307438,18.748383,17.086899,13.765298,10.860188,6.647672,6.710947,0.0,5.8519754,7.2140107,9.582355,12.383508,12.341075,12.963163,12.563005,11.079836,11.384679,13.338923,14.141812,18.756973,19.378962,24.450506,24.43985,21.275517,17.472136,18.617018,20.494635,15.847101,13.3722,16.885405,16.08926,11.531605,11.778873,15.97842,13.416544,8.389962,12.472419,15.543212,18.003798,18.096735,14.683841,20.505333,21.540512,19.926466,19.564695,17.272356,19.984653,23.901846,22.933424,21.529293,27.237434,29.446335,31.865067,27.810575,26.188927,31.029558,30.270222,25.637758,28.827826,31.205845,28.719013,25.59043,29.870356,26.09243,30.631838,28.751633,24.831863,28.41737,23.485126,24.24425,24.157696,21.450323,17.793962,16.449863,16.766794,12.92172,12.07533,13.783428,16.836105,14.990431,11.241487,12.20686,11.694079,8.594536,5.8442936,8.837668,6.9223366,9.718805,11.514482,13.073941,17.476398,20.251137,21.116457,18.050753,22.105223,16.200787,19.26453,18.660055,20.29484
19,23.604963,25.044466,20.498833,23.294094,20.820103,20.779324,19.454535,19.874443,16.899984,20.262762,18.851095,21.937288,20.348795,19.906921,16.950115,12.319321,9.644803,6.42895,5.8519754,0.0,4.795367,6.669167,11.086483,9.183751,8.472402,9.174296,7.237628,9.72043,11.784508,14.085142,18.35041,20.548418,24.968098,26.09939,23.657038,19.648159,21.842113,23.308994,18.219397,16.486437,20.764772,18.625044,14.205146,16.190605,19.900743,15.66875,11.616491,17.147999,19.224453,22.0431,20.819511,16.80647,22.559874,23.589285,20.734365,19.070314,17.403189,18.863699,23.327372,23.814415,21.454252,26.694262,28.409552,31.46611,28.002405,25.794027,30.000347,29.187351,24.148212,26.634323,28.995054,26.63011,22.99534,26.556475,23.17715,27.241861,24.806776,21.072075,24.078163,19.601662,19.759039,19.72053,16.519617,13.174686,11.836117,11.065816,8.3141365,6.474067,9.042618,11.956124,11.188802,7.6115723,9.705128,9.211788,8.180905,7.520959,10.0381155,10.022631,9.923124,14.067908,13.265055,18.281042,21.171904,20.742275,17.381922,20.014341,13.866195,15.417362,14.725148,15.415147
20,25.731758,27.777897,23.135399,26.48169,24.404406,23.712408,22.834217,24.075089,20.981129,24.563791,23.125092,25.89764,24.127672,23.254042,20.450216,16.156559,12.852077,10.545492,7.2140107,4.795367,0.0,3.6091046,6.5654655,5.509659,6.595179,7.1803117,8.4894285,10.183201,13.72893,14.854614,20.864586,21.830309,27.013058,27.570047,25.573769,22.09322,23.78992,24.43511,19.389608,18.091057,21.47562,18.39732,14.522604,16.2894,19.180407,13.94071,10.364287,15.758049,16.820126,20.273909,19.051304,13.620963,19.583467,21.309488,18.252487,16.937386,16.321205,17.90609,21.5754,22.542303,21.265388,26.21845,28.450989,31.313385,28.267975,26.606401,31.084642,30.873922,25.701334,27.587826,30.740858,28.981901,24.8665,28.050766,24.185532,27.963356,25.689363,21.61092,23.957363,19.017307,18.920324,18.004627,15.861477,12.745373,12.879255,12.137264,11.232176,9.714741,13.069359,15.442773,15.093852,11.340197,12.55013,10.409264,9.7860565,9.259624,12.831622,13.198656,14.294195,17.867441,17.816284,22.733217,25.555365,25.353556,22.048409,24.61145,18.366907,19.577652,18.307045,18.614613
21,25.358454,27.73798,23.488787,27.26453,25.44542,25.207958,24.766125,25.918776,23.2479,26.839607,25.518232,28.576023,26.855639,26.029383,22.744022,18.763313,15.467421,12.99624,9.582355,6.669167,3.6091046,0.0,5.147066,6.448972,7.427618,9.297884,11.081321,13.463294,16.882362,18.341867,24.078278,25.390442,30.427765,31.13893,29.064682,25.448248,27.168613,28.000013,22.96258,21.525023,24.903566,21.95194,18.09097,19.556585,22.476826,17.230053,13.662033,18.549063,19.48415,23.179527,22.23528,16.164547,22.182657,24.288715,21.116913,19.740635,19.618969,20.899565,24.397642,25.805687,24.613794,29.35413,31.517445,34.50399,31.665375,29.932194,34.228016,33.9939,28.743717,30.349476,33.47221,31.717958,27.492798,30.283907,26.668152,30.098444,27.515345,23.594837,25.270798,20.67099,19.893015,18.445541,16.459871,14.013674,14.598171,12.337812,13.072547,10.0342655,13.3167515,14.887601,14.580539,10.887822,11.338296,8.298636,8.839759,9.47391,12.862997,14.571033,15.429736,19.502401,19.653173,24.677582,27.664394,27.258186,23.846184,26.192173,20.170332,20.765072,19.967693,19.544035
22,29.132458,31.85189,27.512207,31.488674,29.869928,29.049753,28.741465,30.391773,27.45893,31.120104,29.655985,32.385197,30.442516,29.199802,26.135254,22.46482,18.773245,16.991148,12.383508,11.086483,6.5654655,5.147066,0.0,6.671408,9.4376335,10.495579,14.126093,15.46579,19.597954,19.984657,26.87108,27.002972,32.635517,32.71834,30.996002,27.905743,29.105347,29.24571,24.45394,23.369463,25.813269,22.295803,19.146837,20.197533,22.203749,16.568151,13.852506,17.83561,17.658194,21.773226,21.045753,13.904196,19.684458,22.499054,19.46302,18.758476,19.6136,21.09048,23.529833,25.15338,25.157532,29.53004,32.18629,34.82695,32.35307,31.226803,35.772503,36.072815,30.854221,32.044827,35.799343,34.551563,30.07728,32.659996,28.626743,31.832865,29.571793,25.43273,26.620039,21.706501,20.88889,18.67462,17.996841,15.888025,17.462826,15.860469,17.07348,14.881613,18.36561,19.885418,19.699324,15.981942,16.057634,12.524302,12.775588,12.99229,16.776707,18.181784,19.934525,23.33654,24.066647,28.975454,31.87339,31.788055,28.442657,30.94841,24.77704,25.49197,24.219673,23.850254
23,24.613667,27.199053,22.452883,26.285769,24.854532,23.267673,23.21508,25.802103,22.978489,27.152266,26.31601,28.894478,27.617754,27.155533,25.065649,20.066505,17.309023,14.558243,12.341075,9.183751,5.509659,6.448972,6.671408,0.0,3.486079,4.0322194,8.644933,10.22734,14.404795,15.184405,21.91418,22.670303,27.812035,28.594372,27.595146,24.621843,26.535614,26.157347,21.148495,20.796257,23.86194,19.340965,16.395903,19.08479,20.87566,14.325878,12.603736,18.243147,17.879879,21.51985,19.14724,13.328104,18.451233,20.321701,16.28315,14.173124,14.997016,15.519851,18.66314,21.086033,20.0243,24.095528,26.336319,29.354694,27.189901,25.686329,29.818394,30.159657,24.843573,25.645947,29.454086,28.458097,23.769701,26.071033,22.073137,25.169548,22.919819,18.763077,20.141855,15.139021,14.622438,13.060469,11.911126,9.381213,11.19267,10.8167515,12.030071,11.6464815,15.556693,17.533058,18.365923,15.197701,16.751951,14.351767,14.791452,14.705719,18.170898,18.530857,19.10592,22.896374,21.96805,26.85057,29.480171,28.803766,25.582216,27.202295,20.987015,21.223637,19.12453,18.839212
24,21.207605,23.728981,18.968256,22.858025,21.548023,20.047342,20.27878,23.075428,20.628695,25.014359,24.594885,27.358225,26.503738,26.576752,24.633373,19.135271,17.026514,13.56174,12.963163,8.472402,6.595179,7.427618,9.4376335,3.486079,0.0,3.4749403,6.6493034,9.473544,12.983556,14.749461,20.501034,22.306217,26.812319,28.258533,27.339937,24.131447,26.559572,26.404337,21.27638,20.97103,24.650328,20.225506,17.072159,20.307438,22.433445,16.05463,14.251819,20.352217,20.404493,23.740845,20.998594,16.029316,20.917469,22.27983,18.014006,15.179952,15.570373,15.429312,19.268944,21.96136,19.90334,23.874548,25.600878,28.97878,26.86066,24.8593,28.558678,28.616518,23.229145,23.949465,27.401697,26.250347,21.544268,23.63023,20.024632,23.011168,20.416746,16.471169,17.878927,13.279527,12.548944,11.588015,9.338583,6.679707,8.200338,7.3579936,9.251879,9.059976,12.997551,14.87598,16.267134,13.635373,15.738832,13.969301,14.858986,15.067665,18.02145,18.43834,18.069551,22.352514,20.540451,25.43047,28.016615,26.854286,23.64548,24.654976,18.614998,18.2529,16.12822,15.500094
25,23.17996,25.39592,20.336615,23.739325,22.236145,20.093437,19.893063,22.92186,20.015182,24.357895,23.81224,26.156013,25.234476,25.18209,23.804476,18.216621,16.151945,13.145225,12.563005,9.174296,7.1803117,9.297884,10.495579,4.0322194,3.4749403,0.0,5.5406933,6.8077908,10.870779,11.825943,18.34213,19.40107,24.214361,25.35458,24.735949,21.896067,24.171385,23.529648,18.50434,18.600454,21.968306,17.092653,14.334484,17.912212,19.58851,13.011291,11.939285,18.138453,17.896908,21.000519,17.83372,13.473064,17.968176,19.02599,14.721299,11.843428,12.108067,12.153588,16.001074,18.48828,16.595638,20.66894,22.641468,25.835007,23.648607,21.893585,25.875805,26.167616,20.835335,21.670609,25.43315,24.485334,19.779259,22.223392,18.133307,21.462662,19.368105,15.119233,17.21093,11.998185,12.262301,11.784311,9.9758,6.575913,7.889924,9.491475,9.434649,10.977329,14.726606,17.166002,18.325474,15.560498,17.854815,16.296413,16.415493,15.931985,19.06608,18.56498,18.615377,22.235346,20.454315,25.111475,27.482378,26.608675,23.570843,24.815533,18.652288,18.93938,16.24435,16.443592
26,21.063776,22.45165,17.25259,19.852407,17.770025,15.993464,15.045386,17.5156,14.505031,18.844656,18.451054,20.946144,20.335817,20.836748,19.734077,13.617165,12.558291,8.918896,11.079836,7.237628,8.4894285,11.081321,14.126093,8.644933,6.6493034,5.5406933,0.0,4.3960967,6.555612,9.398971,13.99117,16.594955,20.590464,22.441305,21.380892,18.006088,20.909897,21.057953,15.914206,15.683702,20.055454,16.192816,12.755958,16.734911,19.30109,14.015474,12.161501,18.58587,19.567686,21.957863,18.917856,16.263193,20.725065,20.916853,17.183157,14.239215,12.62454,12.784216,17.780584,19.213165,15.829705,20.48421,21.797049,25.20745,22.321045,19.826746,23.605165,23.110567,17.825977,19.667404,22.441122,20.668152,16.460789,19.718245,16.080463,20.098465,17.873884,13.970396,17.43737,12.85746,13.799771,14.789317,11.396354,7.477343,5.5090327,8.338589,4.4919724,8.032915,10.979738,14.078498,15.093295,12.889144,15.919536,15.691707,15.374358,14.623915,16.898287,15.69141,14.7376375,18.375975,15.580131,20.071117,22.322075,21.191845,18.232182,19.35988,13.201073,13.919122,11.229319,12.326036
27,24.81036,25.957859,20.646774,22.66091,20.425138,17.961294,16.382408,18.89857,15.227622,19.193819,18.441307,20.178623,19.309658,19.431286,19.15262,13.28193,12.1681,9.84151,11.384679,9.72043,10.183201,13.463294,15.46579,10.22734,9.473544,6.8077908,4.3960967,0.0,4.597194,5.3348813,11.816521,12.8422165,17.609888,18.7896,18.066269,15.280503,17.829075,17.24048,12.174868,12.573172,16.428719,11.966463,9.045819,13.574942,15.509791,10.333508,9.539596,15.774518,16.484583,18.400703,14.930646,13.55241,17.321672,16.991924,13.592236,11.01159,8.52151,9.485823,14.444624,15.043686,11.887024,16.989605,18.757166,21.766151,18.565512,16.513077,20.92417,20.774475,15.651919,17.889336,21.077486,19.587019,15.568852,19.433294,15.130049,19.619349,18.233765,14.10287,18.267939,13.20446,15.170664,16.343063,13.790584,9.793875,8.282835,12.490794,8.122111,12.182481,14.810168,18.165068,18.75669,16.303095,19.13751,18.802664,17.721512,16.235147,18.758923,16.506569,16.456182,18.881985,16.575144,20.547596,22.451803,21.946918,19.323984,20.980978,14.944307,16.68571,13.565968,15.611453
28,24.093431,24.483858,19.25804,20.258972,17.681055,15.1593895,12.765178,15.029882,11.1821575,15.082739,14.703798,16.193031,15.926619,16.856234,17.46464,11.1991005,11.723934,9.451287,13.338923,11.784508,13.72893,16.882362,19.597954,14.404795,12.983556,10.870779,6.555612,4.597194,0.0,4.7283053,7.5482135,10.546968,14.046808,16.190342,15.452826,12.432235,15.786587,15.651858,10.851469,11.404501,15.993072,12.567842,9.822199,14.548027,16.798044,13.206651,12.435459,18.113554,19.48006,20.621141,17.154482,17.373436,20.579044,19.47345,16.591576,13.944309,10.485787,10.958189,16.306023,16.215929,11.624155,16.69823,17.62664,20.774221,17.135365,14.324634,18.317007,17.448212,12.495059,15.692543,17.88879,15.743387,12.365811,16.992357,13.218598,18.15625,16.947983,13.4343,18.521326,14.32977,16.744541,18.839535,15.641717,11.878796,8.953203,13.748348,7.79568,12.984838,14.534794,18.049898,18.652042,16.963268,20.178442,20.76317,19.538408,17.966705,19.672802,16.813671,15.86785,17.870901,14.430173,17.73898,19.21973,18.432638,16.19334,17.440313,11.903559,14.112733,10.781905,13.889896
29,28.37071,28.94837,23.663162,24.697687,22.236578,19.285149,16.884918,19.157152,15.057632,18.30104,17.3965,18.051706,17.24142,17.344389,18.515528,13.142754,12.934309,12.053359,14.141812,14.085142,14.854614,18.341867,19.984657,15.184405,14.749461,11.825943,9.398971,5.3348813,4.7283053,0.0,8.380929,7.580653,12.836093,13.537669,13.356158,11.444836,13.867995,12.42066,7.7237964,9.388648,12.771607,8.183803,6.634571,11.775213,12.912758,9.547583,10.296668,15.253542,16.050694,16.71362,12.793119,14.369534,16.638847,15.059938,12.715019,10.839322,6.5168324,8.320455,13.015906,11.795534,7.9416437,13.659731,15.470284,17.940027,13.984177,12.143222,17.131065,17.020365,12.468929,15.672111,18.651026,17.214663,14.045682,18.726875,14.263017,19.229092,18.854483,15.102307,20.13714,15.419933,18.326124,20.087063,17.861818,14.0962105,12.243016,17.27838,12.036897,16.75003,18.707664,22.276663,22.588379,20.36392,23.225222,23.2935,21.616642,19.584688,21.783382,18.439453,18.682152,19.719275,17.418686,20.348001,21.59528,21.608341,19.625517,21.500685,16.146242,18.797155,15.450989,18.510555
30,27.841364,27.1445,22.401173,21.606962,18.749702,16.093187,12.387462,13.592095,9.737796,11.903392,11.935248,11.574678,12.388718,14.374277,17.269617,12.119385,14.660058,13.918811,18.756973,18.35041,20.864586,24.078278,26.87108,21.91418,20.501034,18.34213,13.99117,11.816521,7.5482135,8.380929,0.0,7.1785955,7.232838,10.856546,10.642959,8.525981,12.575917,12.533183,9.673816,11.037901,15.211065,13.669662,12.445748,16.568789,18.359896,17.35711,17.340221,21.520538,23.32756,23.112326,19.758783,22.511927,24.45779,22.192307,20.495514,18.406902,14.094607,14.512634,19.192232,17.513248,12.064664,16.39463,16.230839,18.770126,14.369743,11.009409,14.311065,12.306603,8.955463,14.077166,14.374706,11.37589,10.570382,16.249704,13.540758,18.626827,18.536587,16.314705,22.132896,19.097178,22.168055,25.011866,21.837862,18.520195,15.252682,20.236387,13.925778,19.151068,19.516495,22.96229,23.284395,22.335949,25.583755,26.944454,25.266438,23.346897,24.244354,20.41259,19.160295,19.498537,15.491628,16.669123,16.838713,16.315077,15.452985,16.331688,12.96466,16.078335,13.094594,17.308575
31,33.74393,33.559708,28.543438,28.337072,25.63081,22.604809,19.316202,20.65834,16.537226,18.144995,17.072012,15.933457,15.342179,15.51097,18.790098,14.974786,16.07545,16.733107,19.378962,20.548418,21.830309,25.390442,27.002972,22.670303,22.306217,19.40107,16.594955,12.8422165,10.546968,7.580653,7.1785955,0.0,6.687745,5.9579124,6.974309,7.5961604,9.433322,6.5821133,4.95809,8.374642,10.106577,8.072656,9.245342,12.86279,12.96448,13.497814,15.038546,17.646503,18.845325,17.685167,14.243016,19.003418,19.559855,16.616713,16.262917,15.607877,10.88267,12.752289,15.930349,12.185471,8.411595,13.218645,14.447014,15.576832,10.300131,9.02139,14.175382,13.697827,11.29707,15.872187,17.595245,16.039663,15.044698,20.321917,16.555708,21.515654,22.265562,19.458363,25.021639,21.12291,24.569714,26.839382,24.695837,21.166101,18.913994,24.198158,18.2793,23.185226,24.338732,28.00489,27.939365,26.094013,28.917967,29.546568,27.310553,24.846844,26.436626,22.120384,22.497847,21.816093,19.66468,20.833668,20.994627,21.767721,20.880993,22.948624,19.06049,22.586987,19.50442,23.402565
32,34.209545,33.251736,28.72377,27.330599,24.714682,21.65001,18.048712,19.069174,15.80351,16.411253,16.339834,14.138308,15.085643,16.705133,21.082903,17.536306,20.046907,20.380323,24.450506,24.968098,27.013058,30.427765,32.635517,27.812035,26.812319,24.214361,20.590464,17.609888,14.046808,12.836093,7.232838,6.687745,0.0,5.5480194,8.149199,9.568897,12.118669,10.44916,10.834329,13.356273,15.309925,14.69235,15.5843935,18.914248,19.300127,20.132496,21.36911,24.066778,25.505075,24.120867,20.74919,25.608303,25.967245,22.756708,22.260109,20.98496,16.601477,17.15877,20.379974,17.272724,12.548932,15.379183,14.7771435,15.833842,11.015117,8.619391,11.371179,9.43017,9.359994,14.616583,14.210625,12.173642,13.433651,18.658976,16.345213,20.875906,22.095867,20.496578,26.282576,23.621714,27.208021,30.195192,27.655758,24.53102,21.712528,27.107517,21.042648,26.318727,26.717997,30.166664,30.35684,29.329395,32.435852,33.716404,31.690964,29.430777,30.369577,26.010752,25.378939,24.548075,21.285858,21.23756,20.499424,20.75601,20.828362,21.745928,19.580717,22.804281,19.894108,24.09312
33,38.488014,37.861626,33.098904,32.17754,29.428492,26.465277,22.872576,23.584848,19.81743,20.20321,19.149279,16.766949,16.465475,16.676037,21.13665,18.675829,20.351463,21.66482,24.43985,26.09939,27.570047,31.13893,32.71834,28.594372,28.258533,25.35458,22.441305,18.7896,16.190342,13.537669,10.856546,5.9579124,5.5480194,0.0,5.3619785,9.09943,9.531573,6.1498666,8.873727,11.777476,11.696818,12.032148,14.139372,16.413534,15.845327,18.294739,20.069275,21.357641,22.661371,20.513357,17.724419,23.739374,23.3532,19.855564,20.596981,20.52555,16.048883,17.73458,19.939018,15.307045,12.47083,15.573784,16.167614,16.02406,10.6616535,10.381049,14.337126,13.6219635,13.57766,18.278765,18.897432,17.475748,18.106636,23.223843,20.183874,24.752346,26.137577,23.973944,29.601532,26.223982,29.86534,32.36105,30.28689,26.897314,24.520302,29.86669,23.758604,28.67329,29.430998,33.077824,32.82666,31.215874,33.97952,34.889908,32.40087,29.766745,31.000444,26.307371,26.736666,25.10695,23.173248,23.135029,22.498005,23.75184,23.678307,25.71046,22.960997,26.759096,23.944708,28.110153
34,38.085438,37.395897,32.698757,31.86373,28.701021,26.621489,22.62204,22.092516,18.01378,17.763704,15.800307,13.467059,12.167063,11.618631,16.172434,14.745507,16.475029,18.580563,21.275517,23.657038,25.573769,29.064682,30.996002,27.595146,27.339937,24.735949,21.380892,18.066269,15.452826,13.356158,10.642959,6.974309,8.149199,5.3619785,0.0,4.7333493,4.3988576,4.350345,6.838092,8.12315,8.626778,11.489037,12.2198105,13.44441,14.181937,17.5556,18.036964,18.913084,21.298416,19.24331,17.683481,22.974068,23.704018,20.79659,21.704794,21.91747,17.124088,19.593122,22.46988,17.771294,15.174583,19.521248,20.480696,20.856766,15.379171,14.57827,18.795248,17.478445,16.536615,21.690544,22.108881,19.76332,20.18071,25.724913,22.65207,27.608723,28.301682,25.80226,31.521212,27.754143,31.03717,33.264107,30.741787,27.03735,24.35046,29.033764,22.461868,26.69006,27.100723,30.794048,29.943771,28.26749,30.742786,31.89967,29.044851,26.247309,27.101309,22.16066,22.874876,20.5046,19.29863,18.924093,18.336494,20.331009,20.239418,23.300459,20.513836,25.038815,22.920462,27.212439
35,34.499886,33.828854,29.189108,28.535213,25.182804,23.677534,19.58041,18.507938,14.21123,14.121159,11.749382,10.242113,8.432163,8.031927,12.095464,10.036599,12.137684,14.159173,17.472136,19.648159,22.09322,25.448248,27.905743,24.621843,24.131447,21.896067,18.006088,15.280503,12.432235,11.444836,8.525981,7.5961604,9.568897,9.09943,4.7333493,0.0,4.3660355,7.2762566,6.1191006,5.6047416,8.987234,11.566634,10.381879,11.930477,14.234248,16.526186,15.789531,17.632153,20.617926,19.39631,18.002096,21.814161,23.779558,21.517569,21.65098,21.372063,16.547077,19.001356,22.762178,18.920527,15.686285,20.777311,21.719498,22.955227,17.59451,15.920995,20.192795,18.481865,16.442095,21.696451,22.089209,19.136358,19.020887,24.703428,21.679262,26.82615,26.844906,24.169052,29.845257,25.98738,28.902113,31.03034,28.067696,24.265461,21.287731,25.438608,18.662527,22.509153,22.669966,26.343864,25.324497,23.743048,26.220179,27.610552,24.801695,22.115065,22.71511,17.838886,18.208508,16.079233,14.590772,14.58236,14.433401,16.323408,15.840989,19.310133,16.158594,20.94014,19.212238,23.470354
36,38.52605,38.003498,33.304527,32.82926,29.456589,27.970634,23.92443,22.72976,18.434843,18.021635,15.227089,13.464563,10.90448,8.8586235,12.827342,12.603897,13.715709,16.679045,18.617018,21.842113,23.78992,27.168613,29.105347,26.535614,26.559572,24.171385,20.909897,17.829075,15.786587,13.867995,12.575917,9.433322,12.118669,9.531573,4.3988576,4.3660355,0.0,5.4713893,6.6467752,5.7840986,6.234972,11.157175,10.846299,10.64039,12.372152,16.518978,16.022638,16.188957,19.348215,17.395996,17.014925,21.599106,23.074589,20.74431,21.911707,22.563158,17.822557,20.939863,23.949036,19.200153,17.290035,22.29795,23.744179,24.299547,18.821249,18.082483,22.679361,21.38414,19.753778,24.860233,25.566616,22.944902,22.852499,28.485716,25.180761,30.304108,30.541723,27.665781,33.248848,29.062569,32.01877,33.84302,31.217373,27.31826,24.68222,28.73202,22.112686,25.56099,25.91754,29.618002,28.245031,26.292,28.380083,29.49901,26.297468,23.318422,24.050661,18.960756,20.340302,17.31709,17.31082,17.04318,16.826696,19.51808,19.129698,23.175514,20.011423,24.962744,23.347536,27.502724
