,0,1,2,3,4,5,6,7,8,9,10,11,12,13,14,15,16,17,18,19,20,21,22,23,24,25,26,27,28,29,30,31,32,33,34,35,36,37,38,39,40,41,42,43,44,45,46,47,48,49,50,51,52,53,54,55,56,57,58,59,60,61,62,63,64,65,66,67,68,69,70,71,72,73,74,75,76,77,78,79,80,81,82,83,84,85,86,87,88,89,90,91,92,93,94,95,96,97,98,99,100,101,102,103,104,105,106,107,108,109,110
0,0.0,3.891993,7.3729305,9.974015,12.543646,16.736261,19.165598,22.300428,25.73407,27.19583,31.835817,34.60912,38.212543,40.3793,42.41015,41.942745,47.44166,44.752907,50.9949,49.827213,54.55482,55.914753,59.032993,57.00302,55.5783,54.43956,49.35525,47.496857,46.87568,43.514175,45.315914,37.322712,42.178703,35.520966,40.027916,33.619076,36.149574,38.454914,38.160225,35.545444,40.231747,35.42297,40.490566,37.74066,42.239037,39.967747,45.128624,45.860954,48.888874,46.83628,46.728638,43.969814,46.4396,46.32948,44.878284,40.565582,38.51717,35.54162,33.04601,29.90856,28.217285,33.10978,34.071354,36.88427,38.54073,43.116665,45.306644,45.51788,44.709126,39.504307,37.8529,34.759483,31.380798,32.020645,27.48972,28.438616,23.583118,24.374357,23.076057,19.99232,23.170584,23.981682,28.114351,30.463297,28.990541,30.145775,27.647312,31.185795,28.449081,31.914284,31.51232,34.703945,36.443577,35.93784,31.954344,33.302113,28.856377,33.994713,30.174324,34.2253,32.071106,33.91212,33.83777,33.832726,36.88108,36.38277,39.628296,36.35274,41.076214,38.260353,42.766346
1,3.891993,0.0,4.178652,6.4733453,8.908159,13.06254,15.783127,18.568825,22.157381,23.518732,28.274147,30.84094,34.569237,36.84326,38.759598,38.45823,43.953728,41.387787,47.62455,46.55832,51.398582,52.702152,55.932686,54.094955,52.748466,51.712143,46.593636,44.537968,43.94281,40.401215,42.152733,34.101833,39.00291,32.27827,36.90753,30.609179,33.21616,35.81186,35.4955,32.850285,37.405907,32.604034,37.700096,34.876205,39.568966,37.10775,42.5332,43.0054,46.032253,43.742565,43.446716,40.5844,42.872684,42.734898,41.157543,36.821995,34.840263,31.767542,29.311647,26.19179,24.565113,29.691685,30.615929,33.579437,35.15584,40.028015,41.98635,42.40921,41.812897,36.57443,34.756474,31.838917,28.282608,28.996677,24.498856,25.507597,20.894676,22.034094,21.132647,18.554617,21.807196,23.263454,27.326227,29.129045,27.447924,28.158152,25.887318,28.801966,26.00752,29.346703,28.803823,32.1118,33.696323,33.52663,29.588068,31.07085,26.64546,31.828379,28.260794,32.177113,30.625538,31.988834,32.39437,32.63879,35.365395,34.60787,37.720795,34.050102,38.648838,35.643044,40.060505
2,7.3729305,4.178652,0.0,4.8896027,5.5392466,9.775031,12.1369295,15.172017,18.833618,19.975986,24.571657,27.479418,31.08282,33.326256,35.59065,35.432766,41.012203,38.760056,44.851143,44.229786,49.043053,50.52112,53.77022,52.14081,51.04005,49.942646,44.81002,42.57902,41.698097,38.239555,39.44658,31.218613,35.721317,28.961704,33.243416,27.007454,29.387299,31.905882,31.886414,29.428278,34.100403,29.589806,35.008312,32.4788,37.29464,35.176086,40.945423,41.38223,44.589546,42.12799,41.506638,38.563633,40.77965,40.216614,38.83939,34.435947,32.332775,29.141903,26.27295,23.265713,22.363478,27.31888,28.831503,31.953379,33.779274,38.847435,40.65454,41.454212,41.22074,35.94443,33.677193,30.95479,27.177086,27.413595,23.037834,23.477541,19.35512,19.62381,19.741085,17.325365,19.753637,22.254522,25.91439,27.249393,25.808592,26.355965,24.717173,27.261402,24.920279,28.401955,28.067093,31.67803,33.271645,33.57045,29.696234,31.056778,26.483665,31.295206,27.657372,31.038681,29.592058,30.41381,30.903912,31.096207,33.393513,32.660305,35.250454,31.641127,35.963787,32.674248,37.02209
3,9.974015,6.4733453,4.8896027,0.0,4.069065,7.4151,10.198866,13.091421,16.076733,17.99325,22.704136,25.22733,28.68065,30.830301,32.55451,32.070385,37.539093,34.916004,41.159454,40.11274,44.959957,46.292397,49.538944,47.8034,46.560406,45.547184,40.41219,38.22972,37.594303,34.002594,35.71371,27.689442,32.769535,26.068579,31.057674,24.815956,27.777601,30.822968,30.022173,27.174807,31.451368,26.516552,31.491882,28.580536,33.39685,30.850912,36.502686,36.842884,39.951843,37.5517,37.12228,34.255512,36.65322,36.379463,35.057423,30.735577,28.580814,25.682524,23.209732,20.018805,18.35632,23.24422,24.439528,27.416807,29.2728,34.127037,36.105,36.739822,36.412754,31.134298,28.93265,26.126066,22.411142,22.80571,18.369093,19.218386,14.910702,16.45488,16.007006,14.3393955,17.72595,19.909855,23.74287,24.704079,22.695072,22.787676,20.876175,23.00067,20.326756,23.647306,23.207514,26.790863,28.40376,28.704498,24.841698,26.208473,21.682158,26.584711,23.206142,26.754553,25.924292,26.632343,27.650372,28.259636,30.541632,29.425318,32.456352,28.296944,32.790882,29.715483,34.044598
4,12.543646,8.908159,5.5392466,4.069065,0.0,4.247563,7.093846,9.790628,13.387639,14.666652,19.376589,22.113684,25.69347,27.981993,30.083042,30.012232,35.580658,33.454437,39.513824,39.037277,43.933388,45.38521,48.728493,47.332397,46.369984,45.37244,40.236866,37.77346,36.874954,33.26129,34.334095,26.078777,30.647364,23.843456,28.381748,22.315472,24.921911,27.947989,27.682251,25.130846,29.510809,25.011131,30.38787,27.806688,32.827415,30.555542,36.640392,36.77956,40.013348,37.297085,36.41451,33.383812,35.46856,34.764645,33.42623,29.009787,26.870073,23.65638,20.736217,17.729622,17.081968,22.076822,23.783005,27.044157,28.945162,34.23667,35.815327,36.932087,37.044178,31.792328,29.178019,26.745895,22.782648,22.847393,18.683374,18.967834,15.539401,16.150478,17.076267,15.752682,18.014912,21.339499,24.64342,25.048435,23.343794,23.162628,22.037737,23.505163,21.316341,24.57718,24.202118,27.985102,29.421211,30.265293,26.578468,27.944769,23.485262,28.003391,24.774788,27.70901,27.160221,27.195051,28.381405,28.944878,30.680084,29.568808,31.916264,27.774504,31.844662,28.347866,32.524548
5,16.736261,13.06254,9.775031,7.4151,4.247563,0.0,3.8939211,5.743067,9.214902,10.604386,15.3739805,17.988972,21.509287,23.834059,25.844505,25.888489,31.454306,29.509024,35.498135,35.23163,40.180714,41.636135,45.053593,43.89162,43.088844,42.16873,37.05661,34.378372,33.41935,29.704235,30.548338,22.27626,26.801996,19.985374,24.672792,18.84806,21.593752,25.03654,24.6088,22.04585,26.121181,21.742455,27.080061,24.53514,29.710718,27.387506,33.748558,33.62535,36.889397,33.94259,32.777523,29.667942,31.610163,30.70047,29.437902,25.009893,22.817844,19.56625,16.503416,13.5326805,13.384707,18.312645,20.31981,23.70572,25.700401,31.172709,32.511623,33.95827,34.421345,29.24779,26.289438,24.194012,20.110046,19.917273,16.113169,16.110031,13.665702,14.390852,16.184595,15.881063,17.707216,21.625992,24.469631,24.070889,22.253881,21.43917,20.901909,21.321533,19.426058,22.408667,22.044529,25.934938,27.208643,28.567133,25.132267,26.448332,22.193506,26.274548,23.46328,25.855438,26.071547,25.373053,27.11462,27.948584,29.129162,27.736225,29.74955,25.233318,28.970177,25.278818,29.243057
6,19.165598,15.783127,12.1369295,10.198866,7.093846,3.8939211,0.0,5.3877,7.1481857,8.967073,12.961873,16.575785,19.33895,21.301065,23.898565,23.72117,29.37028,27.63309,33.403652,33.57947,38.299686,40.06536,43.33559,42.220474,41.669212,40.552414,35.496315,32.829536,31.44107,28.114426,28.251627,19.856413,23.829609,17.03161,21.295355,15.295191,17.912834,21.217457,20.86052,18.427164,22.739326,18.66181,24.378603,22.337751,27.433651,25.839853,32.317192,32.447884,35.944996,33.10654,31.750902,28.745792,30.919409,29.419985,28.824024,24.460495,21.916279,18.910004,15.184316,12.455556,13.485824,17.144817,20.221212,23.437035,25.985458,31.080309,32.567886,34.23287,34.939247,29.867428,26.504278,24.51269,20.524216,19.374022,15.9582615,14.836885,13.201563,12.113776,15.150166,14.992971,15.579742,20.293167,22.512943,21.675524,20.277456,19.465782,19.716814,20.01954,18.985683,22.196692,22.373041,26.451021,27.931787,29.530748,26.23623,27.145575,22.79743,26.113195,23.064861,24.70837,24.66968,23.5398,25.099836,25.763912,26.520664,25.284552,26.715635,22.524254,25.972847,22.089937,26.050663
7,22.300428,18.568825,15.172017,13.091421,9.790628,5.743067,5.3877,0.0,5.281138,5.037701,10.121615,12.326315,16.167437,18.821966,20.87282,21.619734,27.131227,25.888924,31.555378,31.931677,36.970776,38.405098,41.99084,41.386635,40.927086,40.189514,35.200134,32.10585,31.017582,27.149736,27.329275,19.170036,23.11267,16.434122,20.794249,15.844011,18.288113,22.190615,22.073587,19.877909,23.382591,19.713097,24.974497,22.739029,28.062681,25.779985,32.52741,31.863638,35.0917,31.662363,29.862381,26.565722,27.890665,26.530037,25.138016,20.70093,18.668503,15.046747,11.576251,9.082979,10.798476,15.577028,17.960634,21.590628,23.426928,29.37738,29.995405,32.108665,33.217243,28.319181,24.930109,23.614408,19.492517,19.063543,16.234055,15.770092,15.260767,15.776392,18.738167,19.449894,20.388605,24.961895,27.096468,25.738564,24.030788,22.46718,22.863007,21.786238,20.464668,22.784464,22.334715,26.152315,26.983027,29.114843,26.18949,27.512758,23.7995,27.175127,25.112911,26.628553,27.845009,26.1256,28.49483,29.564476,29.877417,28.219635,29.429613,24.636335,27.538105,23.465054,26.86324
8,25.73407,22.157381,18.833618,16.076733,13.387639,9.214902,7.1481857,5.281138,0.0,4.460781,7.551236,10.380342,12.729149,14.764195,16.826885,16.85996,22.473125,21.05258,26.71614,27.187117,32.053425,33.712322,37.157482,36.51815,36.22127,35.35123,30.41537,27.323887,25.969742,22.35418,22.179485,13.937875,18.015673,11.291695,16.277388,11.334097,14.4363,18.819277,17.773626,15.313059,18.374994,14.63151,19.756245,17.693115,22.988094,21.078108,27.913885,27.378798,30.788506,27.496843,25.599222,22.467148,24.285515,22.455467,22.009508,17.725037,15.075034,12.181837,8.155564,5.6667786,8.601783,11.250119,14.897931,18.16588,20.758108,26.020098,26.951855,29.199903,30.54373,25.840158,22.002747,20.861422,17.000591,15.467272,13.425011,11.909775,12.962867,12.890825,16.576338,18.223385,18.541225,23.254522,24.72887,22.593397,20.894201,18.801853,19.964317,17.991695,17.516165,19.677418,19.756617,23.656223,24.672026,27.130434,24.528204,25.352812,21.81336,24.15566,22.294683,22.911486,24.586142,22.174706,24.895426,26.165953,25.910671,24.047564,24.943537,19.947496,22.523445,18.452633,21.709436
9,27.19583,23.518732,19.975986,17.99325,14.666652,10.604386,8.967073,5.037701,4.460781,0.0,5.207621,7.7322855,11.314161,14.091112,16.543524,17.830975,23.255127,22.774822,27.951841,29.099108,34.01896,35.5855,39.186897,39.040844,38.974754,38.285168,33.49439,30.14439,28.757792,25.060246,24.30432,16.449509,19.4102,13.124613,16.784702,12.906984,14.869964,19.056252,19.196075,17.484892,20.384003,17.658405,22.777674,21.126581,26.33992,24.511992,31.419416,30.490614,33.74558,30.081503,27.725193,24.41996,25.354353,23.280231,22.238388,17.96458,15.90969,12.3092165,8.066708,6.7817936,10.91457,14.148731,17.287086,20.786512,22.743761,28.619156,28.782244,31.448212,33.11361,28.585396,24.797783,24.1254,20.2421,19.19306,17.426239,16.200296,17.307968,17.056593,20.906578,22.215652,22.23635,27.254349,28.669846,26.558395,25.130247,23.12187,24.40814,22.341537,21.82816,23.705767,23.47507,27.18576,27.809195,30.489658,28.027985,29.121162,25.80981,28.294134,26.676004,27.2526,29.00411,26.476555,29.138815,30.283083,29.810879,28.065289,28.409643,23.69394,25.694834,21.371029,24.1558
10,31.835817,28.274147,24.571657,22.704136,19.376589,15.3739805,12.961873,10.121615,7.551236,5.207621,0.0,5.7298036,7.089963,9.530629,13.099933,14.744697,19.95905,20.401722,24.807117,26.93834,31.491339,33.352898,36.810562,37.064075,37.46735,36.70307,32.202824,28.745956,26.87399,23.705843,21.650818,14.418037,15.681771,10.25858,12.382271,10.091386,11.114715,15.395058,15.882581,14.921436,17.129402,15.791907,20.702911,19.991652,24.810621,23.880344,30.724348,29.776367,33.105217,29.440964,26.611866,23.505426,24.259672,21.225199,21.063154,17.263489,15.086187,12.199162,7.5482087,8.207717,13.558132,14.451639,18.479097,21.502583,23.774586,29.085316,29.034492,32.114685,34.232754,30.132414,26.01878,25.827229,22.351196,20.481346,19.696053,17.586506,19.931213,18.566576,23.147408,24.795677,23.80172,29.156507,29.781763,27.024164,26.050432,23.823914,26.003323,23.324062,23.76753,25.38886,25.57452,29.168331,29.766666,32.798443,30.727823,31.455513,28.421497,29.933023,28.53082,28.117496,30.049873,26.845787,29.530869,30.6108,29.348825,27.676346,26.987432,22.716831,23.652752,19.163353,21.206694
11,34.60912,30.84094,27.479418,25.22733,22.113684,17.988972,16.575785,12.326315,10.380342,7.7322855,5.7298036,0.0,5.565862,9.238818,10.578418,13.647933,18.19877,19.085712,23.289722,25.279568,30.164719,31.444363,35.240032,35.990837,36.355885,36.095665,31.773207,27.992615,26.750195,22.9663,21.503487,15.409374,17.049196,12.74231,15.310648,14.543293,15.750632,20.15173,20.202093,19.167923,20.15373,18.860828,22.52462,21.305473,26.055107,24.099222,30.813368,28.983652,31.823149,27.622047,24.448591,21.12361,20.722948,18.10152,16.75758,13.060811,11.865621,8.495826,5.4451103,7.6455774,12.65818,14.01231,16.596054,19.702091,20.972115,26.896282,25.849506,29.313662,31.787716,28.076908,24.175188,24.735643,21.471067,20.52012,20.375591,19.236359,21.993382,22.350605,26.231936,28.397291,28.2428,33.12739,34.02112,31.141706,29.660202,26.928364,28.774498,25.17977,25.116596,25.812181,25.361238,28.450335,28.36729,31.772848,30.175365,31.244764,28.953146,30.52295,30.095997,29.81449,32.84391,29.457706,32.836205,34.3425,33.043514,30.941166,30.598522,25.710068,26.420372,22.290651,23.717224
12,38.212543,34.569237,31.08282,28.68065,25.69347,21.509287,19.33895,16.167437,12.729149,11.314161,7.089963,5.565862,0.0,3.7114687,6.5164995,9.572142,13.89011,15.6067505,18.9976,21.935013,26.30625,28.013855,31.537342,32.51159,33.32578,32.88349,28.880774,25.139915,23.339653,20.315268,17.482813,12.432977,12.259505,9.626698,10.77988,12.084013,12.759219,17.069935,16.683666,16.176,16.029491,16.041557,19.044535,18.78682,22.922588,22.012201,28.453592,26.814999,29.782854,25.845764,22.376965,19.479292,19.409712,15.613553,16.043367,13.193843,11.467064,9.994227,7.2423005,10.11075,15.208551,13.835238,17.49919,19.78341,21.746565,26.481176,25.671936,29.302769,32.057926,28.783894,24.586828,25.39515,22.67131,20.662603,21.40254,19.342806,23.097124,22.465588,26.795717,29.306292,28.345158,33.29965,33.446842,29.994667,28.883352,25.977924,28.60056,24.541115,25.476618,26.022097,26.172333,29.162745,29.277615,32.85008,31.586065,32.122093,30.021132,30.49893,30.18018,28.892748,32.0112,28.057842,31.415058,32.887775,30.887825,28.840084,27.655373,23.233639,22.921846,18.92745,19.509459
13,40.3793,36.84326,33.326256,30.830301,27.981993,23.834059,21.301065,18.821966,14.764195,14.091112,9.530629,9.238818,3.7114687,0.0,5.5953803,7.6159577,11.571723,13.7655,16.474648,20.040976,23.926378,25.996294,29.244287,30.279398,31.388481,30.766222,27.00812,23.393787,21.157484,18.831434,14.972384,10.944656,9.082329,8.292413,8.056035,11.093001,11.41126,15.460922,14.550196,14.420203,13.3085985,14.371419,16.755497,17.275648,20.834457,20.785542,26.904081,25.514158,28.573051,24.954765,21.427137,18.949444,19.301247,14.853975,16.641941,14.44756,12.413285,12.154231,9.772813,12.463322,17.258938,14.386453,18.598589,20.278418,22.707174,26.506664,26.001568,29.603197,32.440563,29.44764,25.137281,26.008165,23.67175,21.006893,22.242594,19.638872,23.885002,22.624308,27.12308,29.81,28.35488,33.248722,32.896854,29.109488,28.265347,25.307074,28.400694,24.150171,25.742752,26.224371,26.794842,29.69866,29.993134,33.58012,32.50616,32.674835,30.683596,30.446787,30.155231,28.21547,31.304155,27.038445,30.309784,31.737234,29.284533,27.307388,25.552048,21.554789,20.49952,16.708704,16.620384
14,42.41015,38.759598,35.59065,32.55451,30.083042,25.844505,23.898565,20.87282,16.826885,16.543524,13.099933,10.578418,6.5164995,5.5953803,0.0,4.9800105,7.804566,10.228671,12.988004,16.043484,20.386808,21.827898,25.447973,26.83265,27.818914,27.70157,24.133936,20.244167,18.79782,15.830152,12.983496,10.916976,10.616373,10.914091,12.57302,15.235993,16.488718,20.691338,18.868176,18.122831,16.085398,16.405527,17.084646,16.805954,20.077723,18.837805,24.573576,22.31258,24.85845,20.826838,16.97772,14.449504,13.987796,9.52947,11.287804,9.872561,8.481101,9.652951,9.728183,12.775213,16.415707,12.942438,15.820638,16.988997,18.774147,22.392767,21.210722,25.080261,28.236935,25.800817,21.696154,23.295677,21.510777,19.428581,21.503315,19.71155,24.360704,24.665342,28.35266,31.598412,30.99293,35.250694,35.151302,31.288582,29.863811,26.425297,29.128185,24.006807,25.233427,24.748436,24.903341,27.197548,26.96386,30.834187,30.340366,30.60181,29.427055,28.912182,29.627474,27.69805,31.891687,27.519796,31.482407,33.384186,31.017006,28.565313,27.495827,22.797874,21.787518,18.745806,18.238823
15,41.942745,38.45823,35.432766,32.070385,30.012232,25.888489,23.72117,21.619734,16.85996,17.830975,14.744697,13.647933,9.572142,7.6159577,4.9800105,0.0,5.6622133,6.174369,10.149447,12.594643,16.88578,18.813654,22.191845,22.958221,23.87324,23.407354,19.663868,15.92024,14.077492,11.472494,8.221573,6.8397055,7.237404,8.692913,11.426235,13.729277,15.735642,19.917448,16.788054,15.543519,12.764004,12.771172,12.348794,12.196065,15.127732,14.332114,19.960604,18.151999,21.058191,17.537365,14.031675,11.94817,13.276896,8.736752,12.437637,11.213411,8.711575,11.119103,11.045063,13.288776,16.093945,10.765096,14.439854,14.806001,17.606224,19.899517,19.806473,23.221176,26.126877,23.720009,19.46141,20.789564,19.451845,16.49268,19.100924,16.821964,21.93404,22.048681,25.488039,29.03976,28.336819,32.157467,31.74601,27.666233,26.218067,22.63604,25.57792,20.200594,22.029757,21.47088,22.171911,24.43563,24.617575,28.327595,27.92659,27.70179,26.580761,25.291866,26.026272,23.522835,27.826805,23.2554,27.304117,29.323797,26.781416,24.210213,23.242788,18.473196,17.29457,14.761923,14.086993
16,47.44166,43.953728,41.012203,37.539093,35.580658,31.454306,29.37028,27.131227,22.473125,23.255127,19.95905,18.19877,13.89011,11.571723,7.804566,5.6622133,0.0,5.3402205,5.19135,9.405743,12.872264,14.660029,17.952162,19.673883,21.180622,21.101248,18.370083,14.7081995,13.142543,11.621941,7.709074,11.411621,10.042429,13.922831,15.113719,18.717773,20.1569,23.75367,20.55555,19.812098,15.887522,16.997175,14.680014,15.162766,16.411514,15.986261,20.07398,17.709831,19.87742,16.548216,12.6433735,11.684448,12.085485,6.9547153,12.270233,13.079417,11.798439,15.1016035,16.114288,18.556704,20.877657,15.29741,17.788094,17.183321,19.350054,20.26069,19.556831,23.13792,26.443531,25.12724,21.273413,23.312382,22.835455,20.112597,23.419287,21.42806,26.723574,27.08021,30.20407,33.978844,33.24788,36.72254,36.004612,31.712019,30.326336,26.632874,29.654718,23.886688,25.935068,24.666428,25.34058,26.876646,26.690863,30.527077,30.814087,30.390574,30.05316,27.98387,29.472193,26.440086,31.24722,26.487364,30.651546,32.791195,29.854778,27.238775,25.923172,21.688631,19.51827,18.037779,16.03205
17,44.752907,41.387787,38.760056,34.916004,33.454437,29.509024,27.63309,25.888924,21.05258,22.774822,20.401722,19.085712,15.6067505,13.7655,10.228671,6.174369,5.3402205,0.0,6.47609,6.5776443,11.283363,13.0287485,16.46691,16.972977,17.753752,17.498806,13.974496,10.113376,8.936404,6.3564506,4.7341785,8.836621,10.431613,13.083822,16.286932,18.224361,20.707811,24.628511,20.539885,18.887222,15.2814455,14.780661,11.613075,10.95052,12.259857,10.784607,15.0708885,12.706157,15.282186,12.056988,8.636331,7.7593603,10.420024,6.75031,12.153743,12.427851,10.409728,14.262043,15.560334,17.224447,18.341263,11.947071,14.232397,12.925549,15.788975,15.814791,16.225096,19.254892,22.187738,20.67894,16.775137,18.584764,18.517488,15.533559,19.25942,17.487011,22.848003,23.928316,26.33293,30.387854,30.200457,33.030052,32.49855,28.317879,26.513649,22.63921,25.325764,19.277279,21.29123,19.69885,20.539183,21.931574,21.978146,25.661734,26.021992,25.358112,25.205965,22.78653,24.5547,21.500452,26.7483,22.100588,26.598728,29.024197,26.433115,23.5115,23.169798,18.276094,16.903418,15.964871,14.683864
18,50.9949,47.62455,44.851143,41.159454,39.513824,35.498135,33.403652,31.555378,26.71614,27.951841,24.807117,23.289722,18.9976,16.474648,12.988004,10.149447,5.19135,6.47609,0.0,6.2486963,8.002749,10.1933775,13.020823,15.066763,17.05827,17.042805,15.273731,12.136924,10.711097,10.889134,7.217617,14.190115,12.72034,17.59273,18.606972,22.278711,23.79572,26.982681,23.183231,22.427668,17.809004,19.151846,15.134677,16.005466,15.563092,15.743379,18.060438,15.742393,17.386429,14.960458,11.544993,12.139139,13.146411,9.1329,15.072051,16.754744,15.651253,19.460138,20.785147,22.9267,24.563717,18.364107,20.39919,18.838184,21.039646,20.06541,19.780592,22.888483,26.118996,25.640877,22.188707,24.389349,24.750221,21.846804,25.681133,23.72549,29.130745,29.579063,32.230988,36.22946,35.49679,38.388115,37.33475,32.903408,31.548582,27.821474,30.887075,24.942146,27.370625,25.640463,26.591913,27.554031,27.39818,31.060268,31.853296,31.007114,31.241337,28.241682,30.219095,26.598305,31.675556,26.855717,31.02162,33.27505,30.086956,27.436535,26.089888,22.353014,19.595924,19.340925,16.581114
19,49.827213,46.55832,44.229786,40.11274,39.037277,35.23163,33.57947,31.931677,27.187117,29.099108,26.93834,25.279568,21.935013,20.040976,16.043484,12.594643,9.405743,6.5776443,6.2486963,0.0,5.5966854,6.549629,10.171348,11.0027685,11.9767,12.424587,10.256844,6.8820777,7.564824,6.9963894,7.9652915,14.7597065,15.9560795,19.404945,22.223923,24.403074,26.848152,30.445642,26.00976,24.405102,20.27258,19.965424,15.207142,14.616865,13.764633,12.173667,13.284757,10.097169,11.236684,8.932708,6.174335,8.205959,10.692453,9.105601,14.5220785,16.356276,15.2989025,19.572952,21.66795,23.181885,23.387136,17.05284,17.83198,15.272271,17.353575,14.68968,15.132145,17.566317,20.548124,20.592667,17.624926,20.006361,21.247448,18.749079,23.065619,21.880125,27.087626,28.796011,30.385202,34.691856,34.832092,36.846233,36.151764,31.96822,30.023422,26.115587,28.496824,22.244244,24.263432,21.74569,22.551506,22.797316,22.503407,26.000055,27.290945,26.261484,27.242973,23.800785,26.619528,23.16992,29.02533,24.53357,29.138899,31.791834,29.131115,26.105846,26.074232,21.664034,19.914425,20.362461,18.414436
20,54.55482,51.398582,49.043053,44.959957,43.933388,40.180714,38.299686,36.970776,32.053425,34.01896,31.491339,30.164719,26.30625,23.926378,20.386808,16.88578,12.872264,11.283363,8.002749,5.5966854,0.0,3.987724,5.457344,7.175599,9.661938,9.974458,10.1734085,8.727808,8.864513,11.185275,10.750819,18.82358,18.654419,23.269352,25.045559,27.88478,29.926903,32.9334,28.33841,27.136591,22.404892,23.014061,17.406048,17.882366,15.418754,15.557924,14.544253,12.364256,12.711758,12.383487,10.949041,13.619953,15.720811,14.106015,19.606232,21.7787,20.777739,25.00185,26.808771,28.376598,28.761848,22.195831,23.262531,20.507822,22.603762,18.871445,19.585278,21.461813,24.17607,24.925465,22.375254,24.599276,26.211348,23.41959,27.767782,26.252996,31.44886,32.543446,34.112804,38.388733,38.09646,39.84661,38.62596,34.292915,32.71923,29.01728,31.67874,25.688156,28.242416,25.767082,26.952671,26.91488,26.800514,29.962955,31.512096,30.092724,31.290108,27.11329,29.933159,25.86278,31.379808,26.871529,31.064587,33.57292,30.492609,27.722673,27.114174,23.783442,21.133505,22.509972,19.703331
21,55.914753,52.702152,50.52112,46.292397,45.38521,41.636135,40.06536,38.405098,33.712322,35.5855,33.352898,31.444363,28.013855,25.996294,21.827898,18.813654,14.660029,13.0287485,10.1933775,6.549629,3.987724,0.0,4.3119025,7.0862217,8.89706,10.505006,11.23976,9.874057,11.489901,12.618847,13.681447,21.176039,21.696331,25.785248,28.028946,30.660324,32.881844,36.16219,31.666939,30.291508,25.781443,25.933558,20.540588,20.318796,18.256626,17.166004,15.750063,12.650823,11.809568,11.298178,10.150452,13.232722,14.545184,14.129038,18.913488,21.660269,21.23378,25.57863,28.023272,29.595928,29.523355,23.365383,23.446796,20.450672,21.76145,17.563492,17.65907,19.407623,22.251476,23.73416,21.724655,24.390783,26.368721,24.275986,28.748955,27.847237,32.89963,34.789425,35.989815,40.372864,40.58154,42.126823,41.229557,37.04864,35.158276,31.346638,33.58352,27.42032,29.44564,26.479916,27.223255,26.656458,26.074142,29.26841,31.238953,29.996424,31.76054,27.719425,31.127602,27.465748,33.43554,29.143724,33.59093,36.276802,33.497078,30.563826,30.475065,26.736303,24.559315,25.795145,23.305035
22,59.032993,55.932686,53.77022,49.538944,48.728493,45.053593,43.33559,41.99084,37.157482,39.186897,36.810562,35.240032,31.537342,29.244287,25.447973,22.191845,17.952162,16.46691,13.020823,10.171348,5.457344,4.3119025,0.0,4.90002,7.863698,9.27406,11.86478,11.878549,13.0943575,15.548341,16.12327,24.089796,24.076162,28.668783,30.459732,33.28033,35.349163,38.259308,33.59155,32.37913,27.617483,28.146143,22.280626,22.578976,19.599178,19.489376,16.803167,14.624582,13.49397,14.370596,14.00918,17.24307,18.845797,18.287035,23.208988,25.897755,25.305548,29.629526,31.821281,33.328983,33.281693,26.891735,27.248985,24.118717,25.649025,20.822208,21.410238,22.64922,25.119675,26.90139,25.119164,27.53277,29.735825,27.369581,31.844484,30.71732,35.72087,37.227314,38.322945,42.676525,42.63851,43.90134,42.66055,38.439106,36.778343,33.143494,35.505817,29.58863,31.966394,29.069277,30.122667,29.410557,29.058222,31.93559,34.01958,32.46462,34.32718,29.774738,33.128246,29.0793,34.752487,30.540844,34.661507,37.24267,34.26692,31.525219,31.191614,28.1766,25.589733,27.458569,24.603594
23,57.00302,54.094955,52.14081,47.8034,47.332397,43.89162,42.220474,41.386635,36.51815,39.040844,37.064075,35.990837,32.51159,30.279398,26.83265,22.958221,19.673883,16.972977,15.066763,11.0027685,7.175599,7.0862217,4.90002,0.0,3.6516483,4.4527583,8.101182,9.587484,11.187323,14.26284,15.956909,23.4489,24.266985,28.338764,30.739784,32.756927,35.21352,38.120304,33.030334,31.444254,26.975542,26.846107,20.687664,20.686514,17.117542,17.090212,13.036886,11.725915,10.586677,12.959928,13.8583145,17.257586,20.080456,19.885412,24.764223,26.869852,25.819756,30.076674,32.043797,33.103626,32.54786,26.037052,26.446945,23.051237,25.057335,19.422312,21.240685,21.705181,23.532051,25.167938,23.564447,25.471983,27.984547,25.406162,29.834957,28.738176,33.46328,35.05359,35.625748,39.97854,40.11611,40.80729,39.53459,35.484383,33.736885,30.241262,32.369503,26.72176,29.21297,26.303144,27.669725,26.8081,26.855463,29.300364,31.380178,29.467476,31.404432,26.388626,29.759588,25.563908,31.142975,27.219263,31.215918,33.85879,31.115679,28.360357,28.599014,25.69204,23.54523,25.972603,23.53896
24,55.5783,52.748466,51.04005,46.560406,46.369984,43.088844,41.669212,40.927086,36.22127,38.974754,37.46735,36.355885,33.32578,31.388481,27.818914,23.87324,21.180622,17.753752,17.05827,11.9767,9.661938,8.89706,7.863698,3.6516483,0.0,3.3182497,6.7652245,8.936807,11.605398,13.934778,17.090723,23.773129,25.581947,28.903084,32.032227,33.373844,36.203037,39.348576,34.117035,32.162605,28.097292,27.201454,21.196875,20.458036,17.112919,16.098234,11.255615,9.7890835,7.8346796,11.200207,13.170421,16.651247,19.847254,20.452229,24.8117,26.732246,25.689236,29.89107,32.054943,32.815292,31.660881,25.418114,25.273901,21.643085,23.501343,17.205488,19.56699,19.378149,20.76729,22.641132,21.482502,23.273474,26.15717,23.923542,28.339294,27.6889,32.106266,34.31831,34.33623,38.74003,39.370625,39.630955,38.649727,34.84454,32.780586,29.283047,30.930521,25.339397,27.46371,24.248663,25.489489,24.228312,24.250307,26.426367,28.724936,26.734964,29.048782,23.937437,27.697538,23.810825,29.666946,26.091972,30.238123,33.05068,30.743786,27.837585,28.85464,25.555176,24.13537,26.588331,24.72568
25,54.43956,51.712143,49.942646,45.547184,45.37244,42.16873,40.552414,40.189514,35.35123,38.285168,36.70307,36.095665,32.88349,30.766222,27.70157,23.407354,21.101248,17.498806,17.042805,12.424587,9.974458,10.505006,9.27406,4.4527583,3.3182497,0.0,5.1433177,8.2911825,10.050935,13.355359,15.999679,22.60386,24.226305,27.642223,30.604664,31.809856,34.60593,37.51745,32.133163,30.196102,26.142475,25.327587,19.13452,18.767193,14.840726,14.825744,9.528781,9.465825,8.763332,12.332091,14.207495,17.425512,21.202227,21.22066,25.93413,27.429737,25.96928,30.046038,31.743578,32.377296,31.394655,24.906794,25.4213,21.92145,24.390638,18.360577,21.277554,21.123163,22.322313,23.575768,22.063833,23.385853,26.06518,23.28392,27.563005,26.486902,30.884636,32.531517,32.62597,36.94106,37.25319,37.445614,36.189415,32.333008,30.487368,27.141249,29.022089,23.688295,26.261255,23.43055,25.109373,24.217825,24.709589,26.732344,28.685871,26.460363,28.344309,22.96937,26.256237,21.96282,27.41662,23.79055,27.672842,30.373901,27.91553,25.138924,26.002687,23.123577,21.551437,24.369028,22.483004
26,49.35525,46.593636,44.81002,40.41219,40.236866,37.05661,35.496315,35.200134,30.41537,33.49439,32.202824,31.773207,28.880774,27.00812,24.133936,19.663868,18.370083,13.974496,15.273731,10.256844,10.1734085,11.23976,11.86478,8.101182,6.7652245,5.1433177,0.0,4.0441303,6.27638,8.830911,12.594634,18.105696,20.689354,23.2708,26.925991,27.47273,30.58906,33.797554,28.389896,26.108255,22.50641,20.945374,15.08431,13.99611,10.661084,9.706821,4.980689,4.943058,6.3168144,9.138702,11.045652,13.731031,18.285908,18.225702,22.745764,23.6004,21.79029,25.6734,27.185722,27.58576,26.45727,19.988667,20.70521,17.319538,20.297369,14.842008,18.321457,18.360174,19.557781,19.838842,17.793947,18.819399,21.225512,18.200506,22.456917,21.358833,25.789518,27.629791,27.7406,32.110416,32.608746,32.991978,32.022564,28.186352,26.08742,22.547789,24.372528,18.777514,21.295662,18.563684,20.33957,19.88401,20.62632,22.841719,24.387056,22.243723,23.7058,18.563887,21.681515,17.489933,23.285652,19.477213,23.765139,26.616112,24.3899,21.347094,22.680168,18.943659,18.05946,20.434805,19.215504
27,47.496857,44.537968,42.57902,38.22972,37.77346,34.378372,32.829536,32.10585,27.323887,30.14439,28.745956,27.992615,25.139915,23.393787,20.244167,15.92024,14.7081995,10.113376,12.136924,6.8820777,8.727808,9.874057,11.878549,9.587484,8.936807,8.2911825,4.0441303,0.0,4.252351,5.11116,9.515728,14.991029,17.800262,20.224428,24.063826,24.781986,27.893167,31.40372,26.249268,23.983395,20.38945,18.805382,13.348366,11.92109,9.831088,7.7400384,6.4565454,4.055707,6.5518713,6.827721,7.5436044,9.960323,14.58034,14.25414,18.831625,19.648941,17.868399,21.839506,23.505424,24.121595,23.261456,16.714893,17.480963,14.26219,17.267458,12.776207,15.657443,16.512102,18.333317,18.148758,15.509901,16.944826,18.906864,15.922793,20.329775,19.231369,24.02438,26.018011,26.618488,31.036797,31.546434,32.5633,31.841936,27.891346,25.695127,21.893734,23.870209,17.815104,20.098164,17.386124,18.831165,18.780943,19.228533,22.033043,23.3624,21.65938,22.826944,18.407019,21.422604,17.593506,23.63474,19.491907,24.1214,26.983654,24.720259,21.546503,22.629128,18.186947,17.333033,18.846296,17.698067
28,46.87568,43.94281,41.698097,37.594303,36.874954,33.41935,31.44107,31.017582,25.969742,28.757792,26.87399,26.750195,23.339653,21.157484,18.79782,14.077492,13.142543,8.936404,10.711097,7.564824,8.864513,11.489901,13.0943575,11.187323,11.605398,10.050935,6.27638,4.252351,0.0,5.318245,6.4588223,12.668682,14.453846,17.609362,20.758186,21.847607,24.67047,27.849785,22.601965,20.591585,16.629671,15.73142,9.793214,9.635028,6.769631,7.5023375,7.823858,7.6353,10.707548,10.690358,10.263267,11.838156,16.369478,14.655761,19.842838,20.224949,17.958487,21.684372,22.550049,23.283327,23.236336,16.298872,18.457594,15.864208,19.482388,16.175316,18.877327,20.173927,22.06022,21.216019,18.025784,19.004126,20.241209,16.427698,20.505001,18.460543,23.502792,24.257233,25.569654,29.81502,29.54677,31.025276,29.84188,25.597715,23.891335,20.206923,22.926126,17.126802,20.191359,18.343166,20.272243,21.005854,21.880642,24.66905,25.42599,23.669909,23.994967,19.68113,21.69349,17.334566,22.594355,18.02132,22.294693,24.884903,22.087008,19.121746,19.29455,15.315411,13.621709,15.264563,13.643251
29,43.514175,40.401215,38.239555,34.002594,33.26129,29.704235,28.114426,27.149736,22.35418,25.060246,23.705843,22.9663,20.315268,18.831434,15.830152,11.472494,11.621941,6.3564506,10.889134,6.9963894,11.185275,12.618847,15.548341,14.26284,13.934778,13.355359,8.830911,5.11116,5.318245,0.0,6.765555,10.308074,14.084354,15.585619,20.022503,20.37701,23.650255,27.527832,22.652258,20.22783,17.098257,15.021978,10.65916,8.4631,8.745409,5.330433,8.944579,6.720611,10.042794,7.850024,6.6748543,7.1033387,12.147113,11.086244,15.447808,15.445452,13.202821,16.987232,18.417215,19.053185,18.531178,11.815366,13.275082,10.677761,14.287839,12.033463,14.470343,16.182734,18.320015,16.885714,13.303304,14.6180525,15.590003,12.290957,16.589882,15.255141,20.368757,22.327728,23.503119,27.867302,28.345114,30.063639,29.645893,25.6773,23.400396,19.424892,21.55754,15.265082,17.34743,15.112386,16.378458,17.25605,17.743238,20.989758,21.639183,20.410604,20.758322,17.379934,19.753126,16.43186,22.34566,17.97163,22.806189,25.59841,23.45986,20.220667,21.212126,15.9484,15.595306,15.894812,15.382015
30,45.315914,42.152733,39.44658,35.71371,34.334095,30.548338,28.251627,27.329275,22.179485,24.30432,21.650818,21.503487,17.482813,14.972384,12.983496,8.221573,7.709074,4.7341785,7.217617,7.9652915,10.750819,13.681447,16.12327,15.956909,17.090723,15.999679,12.594634,9.515728,6.4588223,6.765555,0.0,8.410387,8.568836,12.643389,15.015867,17.161285,19.476772,22.817968,18.136747,16.630215,12.319404,12.564237,8.035009,8.980498,8.83767,9.954283,13.5980015,12.700345,15.807228,13.921257,11.509376,11.509632,14.942966,11.39686,16.874249,16.83183,14.352941,17.75093,18.031374,19.374086,20.709225,13.854081,17.202831,15.772271,19.3633,18.458532,19.896088,22.338432,24.840452,23.266489,19.366018,20.51049,20.545198,16.638735,20.217491,17.585014,22.983072,22.874584,25.47324,29.4381,28.560207,31.279526,30.13492,25.707666,24.364912,20.689013,23.957928,18.263617,21.228554,20.150246,21.760366,23.363653,24.035727,27.323473,27.49825,26.334412,25.832489,22.724348,23.9175,20.059273,24.677029,19.7966,23.870647,26.100382,23.026228,20.314665,19.30959,15.1703415,12.878309,12.689663,10.667926
31,37.322712,34.101833,31.218613,27.689442,26.078777,22.27626,19.856413,19.170036,13.937875,16.449509,14.418037,15.409374,12.432977,10.944656,10.916976,6.8397055,11.411621,8.836621,14.190115,14.7597065,18.82358,21.176039,24.089796,23.4489,23.773129,22.60386,18.105696,14.991029,12.668682,10.308074,8.410387,0.0,6.945266,5.317026,10.833163,10.162682,13.603023,17.861092,13.54333,11.01502,9.306642,6.700034,7.3716774,6.3879333,10.692557,10.40133,16.8247,16.433332,20.146221,17.523607,15.33432,13.431954,16.816664,13.633249,16.931612,14.692678,11.196594,12.836613,11.448583,12.051084,13.974166,7.7835903,13.125876,13.496284,17.628506,19.369894,21.021357,23.463303,25.50528,22.302263,17.900703,17.954721,16.366861,12.199614,14.336661,11.035168,16.238201,15.689075,19.061956,22.670286,21.87767,25.435223,24.963366,20.911434,19.379446,15.822842,18.953112,13.932382,16.348946,16.65854,18.139637,21.025629,22.127567,25.258764,24.259043,23.628218,21.732208,20.336765,20.136206,17.51946,21.197401,16.69066,20.602165,22.605186,20.352163,17.730652,17.42629,12.063583,12.134988,9.342297,10.458197
32,42.178703,39.00291,35.721317,32.769535,30.647364,26.801996,23.829609,23.11267,18.015673,19.4102,15.681771,17.049196,12.259505,9.082329,10.616373,7.237404,10.042429,10.431613,12.72034,15.9560795,18.654419,21.696331,24.076162,24.266985,25.581947,24.226305,20.689354,17.800262,14.453846,14.084354,8.568836,6.945266,0.0,6.8223085,6.4838457,10.1073265,11.320716,14.526563,10.606164,10.098249,6.030916,8.720486,8.811528,11.225437,13.217654,15.459128,20.625776,20.445036,23.92459,21.597332,18.812677,17.514893,19.93895,15.392774,19.655703,18.238483,15.323214,16.922916,15.049271,16.604666,19.911982,14.35145,19.445354,19.70988,23.4233,24.778242,25.807594,28.678366,31.146608,28.517977,24.168444,24.638683,23.233395,19.108164,21.180168,17.542858,22.471691,20.209064,24.430374,27.554508,25.439037,29.584095,28.24419,23.850546,23.383759,20.350742,24.251337,19.833834,22.875614,23.347181,25.008106,27.722021,28.714518,31.941084,31.129505,30.35702,28.512835,26.668596,26.265572,22.954163,25.820478,21.072876,24.12656,25.564463,22.330269,20.388477,17.909147,14.630854,12.179797,9.342685,7.862897
33,35.520966,32.27827,28.961704,26.068579,23.843456,19.985374,17.03161,16.434122,11.291695,13.124613,10.25858,12.74231,9.626698,8.292413,10.914091,8.692913,13.922831,13.083822,17.59273,19.404945,23.269352,25.785248,28.668783,28.338764,28.903084,27.642223,23.2708,20.224428,17.609362,15.585619,12.643389,5.317026,6.8223085,0.0,6.8716397,5.3009467,8.589626,13.204936,9.896751,7.8241487,7.954142,6.4202023,10.522564,10.718595,14.9449835,15.476341,21.902426,21.742249,25.458931,22.694557,20.244888,18.010847,20.554337,16.910776,19.460432,16.621407,13.264158,13.350413,10.171491,10.8522,14.460567,10.346519,16.047674,17.447565,21.21886,24.086985,25.31238,27.990385,30.04563,26.458784,22.030708,21.797832,19.424034,15.608856,16.43742,12.784868,17.08974,14.901789,19.459486,22.272902,20.633253,25.238483,24.731815,20.883234,19.996265,17.108583,20.445257,16.679838,18.880705,20.154682,21.511362,24.877703,26.051493,29.067497,27.538805,27.207634,24.585815,24.070704,22.93226,20.826193,23.21691,19.06052,22.0966,23.495308,21.283154,19.28943,18.124863,13.691709,13.755168,9.570325,11.294703
34,40.027916,36.90753,33.243416,31.057674,28.381748,24.672792,21.295355,20.794249,16.277388,16.784702,12.382271,15.310648,10.77988,8.056035,12.57302,11.426235,15.113719,16.286932,18.606972,22.223923,25.045559,28.028946,30.459732,30.739784,32.032227,30.604664,26.925991,24.063826,20.758186,20.022503,15.015867,10.833163,6.4838457,6.8716397,0.0,6.610093,5.510862,8.659873,6.821188,7.8915606,6.911544,10.146467,13.479201,15.696971,18.461515,20.684435,26.351997,26.39861,30.008635,27.457958,24.599216,22.774147,24.668217,20.09715,23.23858,21.047436,18.204851,18.29985,14.968925,16.38305,20.81466,17.00089,22.484999,23.714317,27.263506,29.828873,30.641212,33.646236,36.022533,32.820786,28.381536,28.439217,26.232197,22.345589,23.254374,19.38945,23.42689,19.801756,24.929953,27.185308,24.287264,29.385654,28.087704,24.07483,24.225903,21.910587,25.833511,22.607119,25.342155,26.727905,28.275375,31.53632,32.666664,35.75921,34.348335,33.883762,31.268198,30.370539,29.032152,26.359064,28.004944,23.72928,25.933872,26.745602,23.768581,22.491924,19.461779,17.062057,15.280959,11.239224,11.159753
35,33.619076,30.609179,27.007454,24.815956,22.315472,18.84806,15.295191,15.844011,11.334097,12.906984,10.091386,14.543293,12.084013,11.093001,15.235993,13.729277,18.717773,18.224361,22.278711,24.403074,27.88478,30.660324,33.28033,32.756927,33.373844,31.809856,27.47273,24.781986,21.847607,20.37701,17.161285,10.162682,10.1073265,5.3009467,6.610093,0.0,4.463847,8.895707,6.5190954,4.832834,8.218755,7.409962,13.271708,14.15051,18.054575,19.500877,25.711344,26.208036,30.086699,27.641293,25.415228,23.225153,25.803864,22.134226,24.436714,21.322937,18.05365,17.31065,13.208361,13.261238,17.171003,14.483047,20.229897,21.968077,25.796352,28.851084,30.332594,32.832237,34.62856,30.71986,26.363379,25.590816,22.867002,19.020077,18.814768,14.789417,17.91305,13.663139,19.048912,20.916264,18.151192,23.506441,22.737831,19.190542,19.132442,17.171982,20.69991,18.464436,20.78015,23.005074,24.599846,28.319157,29.851587,32.49447,30.480772,30.127956,26.818855,26.724684,24.554575,22.703356,23.557648,19.908577,21.815178,22.509716,20.425972,19.19832,17.38464,14.262484,14.616542,9.948802,12.4966755
