,0,1,2,3,4,5,6,7,8,9,10,11,12,13,14,15,16,17,18,19,20,21,22,23,24,25,26,27,28,29,30,31,32,33,34,35,36,37,38,39,40,41,42,43,44,45,46,47,48,49,50,51,52,53,54,55,56,57,58,59,60,61,62,63,64,65,66,67,68,69,70,71,72,73,74,75,76,77,78,79,80,81,82,83,84,85,86,87,88,89,90,91,92,93,94,95,96,97,98,99,100,101,102,103,104,105,106,107,108
0,0.0,4.728322,6.8509436,9.247123,12.472454,13.8696575,17.576235,21.082964,23.240294,27.245707,31.668022,34.98098,34.27935,32.261135,28.30549,26.03334,21.973335,21.283127,16.96795,15.205898,13.013329,11.017183,12.196123,9.309744,13.022239,16.438694,19.012587,18.61275,21.107403,19.096395,23.598564,21.08906,28.330994,25.109293,29.445913,31.235817,31.302109,31.171824,26.594673,22.854967,28.148846,24.431883,27.224802,25.708042,23.492027,23.728775,23.454853,22.157486,25.536095,28.337502,30.919231,29.252659,31.739286,34.177807,31.190271,33.662914,33.859764,35.016155,40.135105,38.34703,35.04103,37.317276,34.69228,37.346428,35.07567,39.963757,38.976105,35.402378,34.20712,29.971437,31.376425,33.699432,31.400446,36.2169,35.212597,39.53818,40.788536,41.339203,45.07462,45.053677,39.741287,37.01123,33.919468,31.432037,30.613386,26.295877,24.225834,19.483013,20.049498,16.87804,18.666563,16.087763,20.889887,21.13902,20.252808,23.022366,18.716597,23.940485,21.473457,25.876766,27.039686,28.416323,31.645702,30.686031,35.90456,31.747246,36.200127,34.999825,37.91058
1,4.728322,0.0,5.225338,6.364038,8.917775,11.87625,14.122095,18.734186,20.21221,24.981953,29.05964,32.271587,32.17457,30.322048,26.706667,24.02966,20.357004,18.923569,15.004987,12.237208,11.42515,7.5912323,10.711414,7.2389293,11.963859,14.747997,16.023912,15.77156,17.68956,16.770761,20.492456,19.181736,26.355207,23.732956,28.060915,30.086802,30.7603,30.339771,25.843988,21.90415,26.598698,22.624298,24.83261,22.715235,21.189379,20.715288,21.033974,18.881247,22.767262,25.238413,27.929018,25.878338,29.129225,31.309704,28.644634,31.398653,31.034353,32.392277,37.520657,35.25303,31.905247,33.798737,31.08893,33.4897,31.36698,35.888103,34.82051,31.32359,29.76074,25.532541,27.071533,29.211191,27.091969,31.92593,31.147337,35.50901,36.96077,37.78458,41.60505,41.990097,36.90483,34.017582,30.965021,28.160872,27.215963,22.855707,20.174335,15.575914,15.725471,12.600706,14.283055,12.09961,17.152765,16.6861,15.635129,18.319565,14.108416,19.325052,17.243685,21.65851,23.268448,24.983818,27.94691,26.693892,31.935154,27.497124,31.821896,30.592169,33.366653
2,6.8509436,5.225338,0.0,5.048387,6.9595356,8.067639,11.62016,14.770671,17.126202,20.874481,25.811111,28.655184,28.347763,26.730057,22.595062,20.61151,16.728994,16.166876,12.638964,11.147818,10.811987,9.15058,13.053807,11.206037,15.952102,18.098942,19.353226,17.937435,18.986078,17.581814,20.171568,18.195322,24.455717,20.840433,25.588007,26.990742,27.887156,28.045727,23.45232,19.844734,25.365797,22.24815,24.112349,23.146564,22.567265,22.395973,23.526115,21.71006,25.931898,28.667088,30.855097,28.016302,31.43753,32.752907,29.725603,32.06664,31.35757,32.12293,37.125797,34.871765,31.540337,34.209614,32.053043,34.706104,33.479736,37.66562,37.037933,34.08082,31.877155,27.400412,28.330456,29.845701,27.051596,31.680292,30.210844,34.54216,35.442394,35.970127,39.8903,39.90974,34.674786,31.565397,28.876186,26.154766,25.942005,20.969269,19.801884,15.446361,16.599173,14.553366,16.991226,15.869484,21.151909,19.502464,17.652838,19.878605,14.311034,19.076101,15.678316,19.996439,20.545992,21.724987,25.166048,24.476582,29.919142,26.355503,30.927572,30.341925,33.49712
3,9.247123,6.364038,5.048387,0.0,3.7588634,6.06929,8.598115,12.927894,14.287978,19.19464,22.846775,26.337025,26.010637,24.03227,20.663157,17.717537,14.163487,12.564246,8.744503,6.3341227,6.437569,4.7723083,9.273092,8.722134,13.239347,14.384206,15.34837,13.2639065,14.0896845,12.642614,15.247594,13.58709,20.252552,17.538376,21.933832,23.921572,24.932182,24.518496,20.069656,16.179949,20.974195,17.510605,19.309145,18.10999,17.655993,17.489517,18.91922,17.356337,21.63848,24.614367,26.391535,23.295341,26.65546,27.751663,24.700514,27.068842,26.334501,27.201487,32.24585,30.024515,26.687788,29.331467,27.18741,30.012465,28.903555,33.291225,32.973915,30.31637,28.389296,23.688604,24.138634,25.994976,23.016193,27.687769,26.258965,30.553225,31.615067,32.108326,35.881508,35.954224,30.745493,27.89107,24.85925,22.223938,21.555214,17.054209,15.528148,10.91004,12.480177,10.639217,13.827951,13.313822,18.747705,17.350512,16.037455,17.608028,13.028573,16.667439,14.543918,17.58752,18.930885,20.29788,23.087873,22.120522,26.946733,22.982737,27.618048,26.600838,29.921118
4,12.472454,8.917775,6.9595356,3.7588634,0.0,5.297214,5.2121177,10.539087,11.347723,16.686901,20.363098,23.497374,23.77827,22.15176,18.956018,15.987754,12.975395,10.933008,8.3723755,5.56096,8.278838,6.2985787,11.793046,11.3531,15.8213215,16.33658,16.09775,13.882094,13.499638,13.228836,14.016122,13.608814,19.344925,16.888412,21.326426,23.182726,24.872934,24.474888,20.225971,16.516766,20.846989,17.691803,18.581224,17.334965,18.122536,17.353695,19.639381,17.461563,22.123285,24.744457,26.404228,22.721172,26.806137,27.28839,24.489468,26.897594,25.454704,26.241186,31.1616,28.463633,25.126747,27.690653,25.742989,28.361977,27.818834,31.600574,31.37181,29.042032,26.469713,21.762896,22.064493,23.34359,20.230877,24.803196,23.27074,27.603075,28.611757,29.27298,33.201298,33.541187,28.52381,25.37338,22.604183,19.626097,19.230854,14.29575,12.910566,8.793804,10.470104,9.701218,12.91571,13.459854,18.686842,16.120779,14.282566,15.37206,10.330034,13.389177,11.009151,13.888876,15.214649,16.726843,19.459627,18.432508,23.45417,19.614027,24.254517,23.564354,26.915892
5,13.8696575,11.87625,8.067639,6.06929,5.297214,0.0,6.2022924,7.345046,9.916997,13.529989,17.953308,21.182014,20.481552,18.695965,14.832894,12.544081,8.763542,8.391385,5.8188033,6.6532435,7.9831176,9.820914,13.71228,14.504808,18.588854,19.009024,19.79264,16.6353,16.2092,14.357099,14.843466,12.446164,17.174685,13.227564,18.119007,19.311546,20.81294,21.066458,16.654423,13.389548,18.94497,16.934538,17.983171,18.540714,19.501339,19.71496,22.079092,21.044668,25.40654,28.547873,29.616165,25.684868,29.085129,28.987175,25.60801,27.324648,26.111723,26.134068,30.862143,28.715284,25.506557,29.145151,27.838257,30.9316,31.024998,34.90084,35.208588,33.334805,30.80375,25.966389,25.51497,26.577925,22.765219,26.954231,24.592512,28.699541,28.991787,29.015678,32.824913,32.378407,27.004042,23.941442,21.38627,18.992476,19.353588,14.255539,15.272121,11.644015,14.497229,14.312814,17.901283,18.428417,23.724972,21.356127,19.469767,20.297602,15.007247,17.232683,14.094746,15.997718,15.951209,16.439575,19.55624,19.394382,24.06324,21.395521,26.238533,25.9985,29.776955
6,17.576235,14.122095,11.62016,8.598115,5.2121177,6.2022924,0.0,6.840558,6.334323,12.362693,15.536263,18.494894,19.24885,17.925337,15.258855,12.139782,10.221584,7.6465154,7.638891,6.1511846,10.550413,10.204711,15.215604,15.780398,19.748768,19.323946,18.300625,15.37994,13.464039,13.858202,11.969818,12.632188,16.427532,14.3439245,18.591393,20.209929,22.715809,22.349657,18.553385,15.366891,18.976265,16.719307,16.36927,15.897114,18.38126,17.41442,20.751469,18.67679,23.407892,25.895163,26.899826,22.386625,26.854845,26.190933,23.48378,25.560188,23.326807,23.661547,28.268013,25.23768,22.00586,24.965635,23.663364,26.293184,26.889683,29.96682,30.282932,28.787926,25.620724,20.879396,20.295465,20.772884,17.0003,21.162598,19.02252,23.262518,23.890997,24.450315,28.472042,28.829681,23.940964,20.534683,18.103405,14.932495,15.140891,9.663738,9.930445,7.369029,10.0225315,11.310619,14.638408,16.470684,21.186203,17.737215,15.664542,15.59349,10.921083,11.492695,9.228839,9.977432,10.900231,12.169605,14.581172,13.78382,18.562563,15.372696,20.169422,20.007977,23.708553
7,21.082964,18.734186,14.770671,12.927894,10.539087,7.345046,6.840558,0.0,4.5804048,6.275272,11.530251,13.99882,13.76591,12.758776,8.957809,7.5194077,5.767569,6.3859935,8.571983,10.672168,13.619592,15.731684,19.771133,21.069233,24.909649,24.495577,24.290825,20.670233,18.699516,17.764631,15.165547,14.007868,15.120627,11.151301,15.765464,15.984537,18.87329,19.567562,16.017845,14.043773,18.564423,18.20274,17.534018,19.346914,22.270039,22.199873,25.654842,24.561123,29.004093,31.865122,32.28431,27.478981,31.329618,29.822739,26.642868,27.826298,25.600471,24.861387,28.937643,26.44326,23.5404,27.741768,27.400856,30.3792,31.922407,34.742115,35.65867,34.77332,31.447895,26.762774,25.411983,25.291307,20.864117,24.154902,20.89956,24.601969,24.050695,23.751255,27.640112,27.005981,21.843504,18.318722,16.715342,14.365507,16.15087,10.655118,14.556767,13.131777,16.40864,17.971855,21.447666,23.172485,27.994415,24.513039,22.220634,22.008795,16.948563,16.882961,13.5811405,13.160875,11.460943,10.761069,13.771198,14.580757,18.724499,17.822542,22.527058,23.311125,27.355795
8,23.240294,20.21221,17.126202,14.287978,11.347723,9.916997,6.334323,4.5804048,0.0,7.072353,9.306775,12.250245,13.120538,12.147099,10.29901,7.339461,7.681319,5.7483206,9.33316,10.371005,14.3683605,15.833657,19.931149,21.453413,24.945292,23.866432,22.778097,19.15135,16.325212,16.483034,12.310859,13.062502,13.40255,11.448547,15.164708,16.072828,19.496992,19.429256,16.437227,14.434665,17.240177,16.738625,15.09183,16.468313,20.360815,19.762909,23.755154,22.408045,26.81763,29.370462,29.503681,24.368162,28.60177,26.60729,23.82516,25.114328,22.279371,21.675524,25.63592,22.642597,19.758068,23.6622,23.474905,26.273823,28.269653,30.659313,31.786648,31.329775,27.866337,23.274925,21.495052,21.105553,16.52075,19.62659,16.321718,20.063393,19.707766,19.66082,23.655346,23.52807,18.61271,14.939388,13.178565,10.269587,11.9794445,6.2788253,10.796383,10.661481,13.889821,16.35766,19.679977,22.108154,26.440676,22.738537,20.69747,19.769556,15.8376665,14.207957,12.338684,9.994337,9.237387,9.049854,10.777126,11.095086,14.675667,13.468402,18.194874,18.881653,23.016687
9,27.245707,24.981953,20.874481,19.19464,16.686901,13.529989,12.362693,6.275272,7.072353,0.0,7.666051,8.455426,8.330509,8.729761,5.5140753,6.8894258,8.344045,9.98228,13.723536,16.306147,19.267403,21.764486,25.554667,27.190811,30.827778,30.028822,29.538395,25.679886,23.086208,22.389784,18.39772,17.686909,15.792502,12.202527,15.669853,14.6084585,18.387602,19.626463,17.222399,16.669708,20.126087,21.230476,19.557495,22.43813,26.296236,26.27564,30.16127,29.297462,33.577442,36.313847,36.217144,31.012688,34.82518,32.343258,29.309645,29.892574,27.157267,25.68464,28.92577,26.479958,24.078384,28.73883,29.290974,32.161995,34.77384,36.8153,38.251854,38.141087,34.440155,30.018192,27.99762,27.038666,22.34513,24.546112,20.572178,23.512012,21.944796,21.081768,24.776012,23.658894,18.872515,15.175369,14.960265,13.326577,16.454668,11.867936,17.617235,17.679781,20.941257,23.235182,26.564266,28.770042,33.285816,29.385221,26.98293,26.204268,21.582756,20.17529,17.141937,15.03275,11.941419,9.696737,11.931117,14.023752,16.815708,18.137207,22.265347,23.950033,28.04029
10,31.668022,29.05964,25.811111,22.846775,20.363098,17.953308,15.536263,11.530251,9.306775,7.666051,0.0,5.52922,5.3927927,5.0813823,7.9548254,6.7901855,10.9933605,10.900427,15.645185,18.073063,21.187876,24.06013,26.98881,29.509718,32.294662,30.490677,29.522799,25.321375,22.011677,21.703888,16.157898,16.636194,11.795789,11.338997,12.346213,11.838872,16.369814,16.586224,15.745088,16.043331,16.648054,18.802832,15.807133,19.494137,24.329819,24.37945,28.656157,28.428843,32.116646,34.763042,33.741894,28.273067,31.640556,28.066706,25.33589,25.290617,22.074785,20.009916,22.433052,20.093512,18.235647,23.310436,24.787752,27.73463,31.333136,32.95841,35.18948,36.04104,32.7265,28.528984,25.40641,24.367102,19.408255,20.55778,16.084595,18.153992,16.01051,14.36961,17.656359,16.116167,11.20901,7.6625004,7.927358,7.6357236,11.41239,9.4835205,16.329668,17.899519,21.224463,24.275835,27.58884,30.378368,34.30627,30.798162,29.079985,27.476164,24.569895,21.505732,20.571138,16.27959,14.66079,12.927704,12.372318,14.071835,13.789946,15.850662,19.370445,20.750175,24.992594
11,34.98098,32.271587,28.655184,26.337025,23.497374,21.182014,18.494894,13.99882,12.250245,8.455426,5.52922,0.0,5.4805813,8.262319,10.233562,11.274861,14.960428,15.426132,20.055883,22.230883,25.665901,27.985859,31.545683,33.573368,36.756523,35.193165,33.89414,29.98312,26.51011,26.717928,21.028551,21.91335,17.29999,16.319332,17.481913,16.161575,20.70589,21.478577,20.78307,21.223677,22.149899,24.272879,21.190754,24.43185,29.476845,29.145388,33.565792,32.791958,36.705444,39.016968,38.20184,32.621277,36.471596,32.763626,30.373137,30.410267,26.838045,24.807642,26.740438,24.069532,22.515902,27.056562,28.704912,31.141106,35.103535,35.913826,38.04198,39.085217,35.133022,31.278605,28.363,26.442629,21.804224,22.287006,17.801067,19.323862,16.55949,15.079298,18.336187,17.114727,13.596711,9.8633,11.977548,11.4269285,15.504709,13.342976,19.79478,21.750277,24.66982,27.883335,30.869467,33.823498,37.631,33.43888,31.283623,29.587374,26.391075,23.065014,21.56734,17.211573,14.336529,11.793001,10.903374,13.597321,13.011147,16.961922,19.740114,22.200712,26.065561
12,34.27935,32.17457,28.347763,26.010637,23.77827,20.481552,19.24885,13.76591,13.120538,8.330509,5.3927927,5.4805813,0.0,3.764027,6.751404,8.931489,12.740478,14.344174,18.741283,21.906528,24.434193,27.889143,30.68372,33.23939,36.166485,34.64151,34.192448,29.852795,26.87652,25.89489,20.97641,20.257519,14.928762,13.04044,13.800496,11.534197,15.926519,17.287271,16.926214,18.171043,19.530489,22.488926,19.957273,24.30882,28.743702,29.216442,33.27748,33.344856,37.01052,39.862484,38.81302,33.424793,36.4427,32.827812,29.856441,29.401213,26.568129,24.067741,26.003492,24.333654,22.812862,28.198519,29.921717,32.9405,36.62561,38.251293,40.557713,41.42818,38.05186,33.856606,30.794268,29.634142,24.71902,25.629177,21.071878,22.682255,19.955633,17.819328,20.512526,18.027378,13.621779,10.933395,12.262822,12.868582,16.633715,14.718559,21.541643,22.670643,26.13388,28.921988,32.35849,34.90339,39.104996,35.54144,33.5819,32.221745,28.664278,26.079496,24.294893,20.592663,17.979553,15.521221,15.57,17.986332,17.75018,20.763927,24.011602,25.813414,29.947424
13,32.261135,30.322048,26.730057,24.03227,22.15176,18.695965,17.925337,12.758776,12.147099,8.729761,5.0813823,8.262319,3.764027,0.0,5.539351,6.339286,10.339669,11.912161,16.149286,19.619715,21.71496,25.667154,27.916971,30.831524,33.455673,31.810345,31.708572,27.180075,24.44784,22.935034,18.404268,17.031048,11.46243,9.532219,10.052117,7.974614,12.4711485,13.614817,13.21475,14.612321,15.921861,19.090458,16.826252,21.602467,25.696817,26.545267,30.399109,30.925198,34.384228,37.490517,36.305412,31.074926,33.6454,30.180492,26.93217,26.347385,23.922443,21.360065,23.581495,22.320086,20.655022,26.370394,27.962614,31.31081,34.688545,36.877075,39.23049,39.950523,37.03078,32.64728,29.50774,28.940376,23.917934,25.222033,20.774918,22.648983,20.31496,18.11717,20.728058,18.031086,12.882704,10.672831,10.783457,11.748975,14.991671,13.34391,20.078028,20.799173,24.494183,27.064419,30.702969,33.06036,37.347027,34.290073,32.6199,31.371681,27.973911,25.664358,24.174694,20.654163,18.742535,16.738075,16.963486,18.870535,18.824276,20.801031,24.40361,25.565783,29.863398
14,28.30549,26.706667,22.595062,20.663157,18.956018,14.832894,15.258855,8.957809,10.29901,5.5140753,7.9548254,10.233562,6.751404,5.539351,0.0,5.0713825,7.0094986,10.158585,13.665038,17.43568,19.250414,23.161104,25.831497,28.247173,31.382545,30.415466,30.736555,26.387924,24.192976,22.297096,18.890152,16.590252,13.4695425,8.937763,11.891797,9.839645,13.398623,15.261195,13.282693,13.835006,17.497635,19.708326,18.443188,22.610231,25.987473,26.833889,30.393036,30.557907,34.402233,37.630558,37.074677,32.035213,34.88776,32.248257,28.746572,28.682076,26.602566,24.5605,27.548048,26.081123,23.909004,29.351763,30.235126,33.599823,36.236862,38.83915,40.652866,40.67391,37.587856,32.988487,30.548998,30.161633,25.229153,27.341578,23.160149,25.76776,23.907494,22.298016,25.409788,23.231627,18.013319,15.2442465,14.772187,14.4840355,17.431147,13.979788,20.141153,19.800793,23.534203,25.54462,29.25849,31.164934,35.874577,32.713226,30.69489,30.018425,25.600758,24.431757,21.790358,19.653553,17.192705,15.120901,16.82346,18.790594,20.554602,21.84543,25.980717,27.198307,31.491163
15,26.03334,24.02966,20.61151,17.717537,15.987754,12.544081,12.139782,7.5194077,7.339461,6.8894258,6.7901855,11.274861,8.931489,6.339286,5.0713825,0.0,4.4149833,5.724944,9.881352,13.413434,15.533583,19.409742,21.836494,24.563934,27.373686,26.010548,26.103996,21.659414,19.311497,17.544666,13.845305,11.9103565,9.175555,5.5625877,8.976484,8.8915,12.518638,13.074862,10.64188,10.282764,13.335761,14.994027,13.561146,17.539356,21.041414,21.82134,25.466858,25.727558,29.460497,32.699654,32.029774,27.004675,29.829098,27.26813,23.78107,23.933586,21.831675,20.088894,23.533735,21.885714,19.445032,24.785334,25.42501,28.91278,31.326511,34.2229,36.045383,36.026447,33.28494,28.604784,26.043962,26.116034,21.163696,23.612167,19.676435,22.595783,21.331516,19.99435,23.231298,21.505873,15.933681,13.225515,11.501722,10.864268,13.096685,9.769394,15.720326,15.367455,19.2275,21.338879,25.129795,27.16253,31.703018,28.903664,27.28807,26.441002,22.726545,21.280008,19.595974,17.06659,15.86566,14.632926,15.824839,16.975195,18.623293,18.701736,23.071014,23.599825,27.975712
16,21.973335,20.357004,16.728994,14.163487,12.975395,8.763542,10.221584,5.767569,7.681319,8.344045,10.9933605,14.960428,12.740478,10.339669,7.0094986,4.4149833,0.0,4.4636006,6.7313952,10.855888,12.244808,16.4541,18.85362,21.358852,24.409866,23.593636,24.306192,19.993198,18.424242,15.962634,13.958389,10.708615,10.959872,5.693445,10.643403,10.924553,13.280831,14.047226,10.361409,8.868203,14.000853,14.605889,14.462493,17.776758,20.197334,21.185019,24.314398,24.53475,28.40149,31.84678,31.646069,27.003098,29.731647,28.028643,24.298779,24.825941,23.322254,22.058638,26.039158,24.513557,21.77218,26.805658,26.80016,30.359955,31.944176,35.41623,36.80672,36.145706,33.600437,28.747131,26.792635,27.351892,22.631065,25.77141,22.272058,25.643377,24.861254,23.8696,27.240408,25.726633,20.100119,17.430613,15.285337,14.152793,15.635147,11.520014,16.08384,14.394991,18.270533,19.599915,23.521399,24.974009,29.883059,27.39986,25.735872,25.475338,21.13058,20.925888,18.602617,17.517065,16.498146,15.657164,17.794786,18.631525,21.433563,20.579546,25.26438,25.489504,29.781706
17,21.283127,18.923569,16.166876,12.564246,10.933008,8.391385,7.6465154,6.3859935,5.7483206,9.98228,10.900427,15.426132,14.344174,11.912161,10.158585,5.724944,4.4636006,0.0,4.7718105,7.714079,10.317544,13.758257,16.390915,18.97276,21.83866,20.553692,20.580301,16.276785,14.221292,12.516563,9.705151,7.8985453,9.385996,6.8116245,10.973793,12.690877,15.224691,14.808855,11.282738,8.775929,12.403815,11.881681,11.28534,13.703094,16.601402,17.10534,20.575533,20.478447,24.427233,27.691114,27.475004,22.699142,25.804733,24.123684,20.641792,21.604208,19.762827,18.998913,23.322721,21.300879,18.320759,22.897463,22.597363,26.077875,27.539604,31.023178,32.358097,31.710028,29.260796,24.39575,22.384464,23.16931,18.526611,21.931562,18.78131,22.402987,22.194645,21.632212,25.130354,24.273558,18.773266,16.057508,13.238412,11.460068,12.110323,7.9031353,11.767126,10.197969,14.154717,15.8303795,19.738287,21.55121,26.189442,23.760176,22.399565,21.832432,18.293653,17.547052,16.285133,14.666963,14.844285,14.777335,16.287233,16.38125,19.06677,17.192617,21.940619,21.667051,25.927267
18,16.96795,15.004987,12.638964,8.744503,8.3723755,5.8188033,7.638891,8.571983,9.33316,13.723536,15.645185,20.055883,18.741283,16.149286,13.665038,9.881352,6.7313952,4.7718105,0.0,4.7037344,5.723819,10.0563965,12.184612,14.821431,17.719828,16.938105,17.875553,13.7063465,12.94403,10.073025,10.261648,6.7204657,11.826487,8.896861,13.2286215,15.32073,16.651094,16.126797,11.860923,8.215904,13.182118,11.236889,12.408679,13.799691,14.933769,15.83242,18.43124,18.531094,22.424057,25.990406,26.230299,22.109041,24.805252,24.221521,20.519514,21.8583,20.906893,20.708101,25.446774,23.765089,20.62495,24.738062,23.728037,27.276941,27.669968,31.916807,32.809086,31.452717,29.537052,24.569393,23.228836,24.787054,20.616829,24.603182,22.0744,25.93113,26.216694,25.882645,29.31886,28.558023,23.034294,20.596792,17.447317,15.668495,15.461645,11.533949,13.094236,9.773001,13.47386,13.874565,17.933878,18.902838,23.893246,22.259275,21.160265,21.285028,17.5355,18.260279,16.834606,16.783577,17.511536,17.9308,19.959387,19.660528,22.99386,20.188168,25.00064,24.197739,28.237211
19,15.205898,12.237208,11.147818,6.3341227,5.56096,6.6532435,6.1511846,10.672168,10.371005,16.306147,18.073063,22.230883,21.906528,19.619715,17.43568,13.413434,10.855888,7.714079,4.7037344,0.0,4.9588976,6.0840726,9.574915,11.439993,14.639617,13.855382,13.910899,10.308318,9.58567,8.224246,9.071389,8.173802,14.505522,13.110547,16.920908,19.469345,20.951694,19.925344,15.907998,12.007987,15.525075,12.1420355,13.205589,12.344761,13.208324,13.074542,15.676726,14.696777,19.006178,22.219273,23.0242,19.071117,22.494339,22.569311,19.39496,21.543581,20.370655,21.036285,26.027563,23.752195,20.429396,23.449379,21.722218,24.881136,24.598536,28.891043,29.287947,27.475922,25.579176,20.632816,19.928957,21.807325,18.214209,22.674393,20.926037,25.068697,26.061771,26.364557,29.957232,29.979391,24.811516,22.223156,18.904026,16.441978,15.446251,11.5153675,10.486994,6.1201286,9.262149,9.202074,13.247123,14.274224,19.23074,17.619234,16.73793,16.980017,13.764641,14.895551,14.258993,14.842265,16.716995,17.982338,19.813644,18.763367,22.515062,18.562532,23.2665,22.001715,25.70157
20,13.013329,11.42515,10.811987,6.437569,8.278838,7.9831176,10.550413,13.619592,14.3683605,19.267403,21.187876,25.665901,24.434193,21.71496,19.250414,15.533583,12.244808,10.317544,5.723819,4.9588976,0.0,6.2756906,6.693419,9.682979,12.23713,11.969253,14.058398,10.404521,11.569402,7.764632,11.681838,8.075821,15.548611,13.565818,17.219837,19.8332,20.211351,19.228083,14.92764,10.823412,15.269861,11.673434,14.342193,14.047327,12.88358,14.045165,15.293743,15.626279,19.195314,22.991905,23.76187,20.636414,22.769339,23.576166,19.931976,21.800337,21.79019,22.387497,27.423311,26.000938,22.790972,26.06419,24.237753,27.698244,26.796747,31.833755,32.211292,30.093487,28.997358,24.108677,23.522293,25.9967,22.556711,26.987646,25.272312,29.258924,30.174458,30.157488,33.478775,33.00595,27.606726,25.479544,21.95832,20.132095,18.992458,15.726659,14.951143,10.492082,13.149925,11.883981,15.744451,15.587656,20.662489,20.35648,19.91898,20.708012,17.551292,19.532597,18.652342,19.768044,21.37184,22.379738,24.453602,23.611979,27.20302,23.364235,28.02869,26.517258,30.179777
21,11.017183,7.5912323,9.15058,4.7723083,6.2985787,9.820914,10.204711,15.731684,15.833657,21.764486,24.06013,27.985859,27.889143,25.667154,23.161104,19.409742,16.4541,13.758257,10.0563965,6.0840726,6.2756906,0.0,5.987381,5.6502447,9.643519,10.117757,10.576192,8.836819,10.268152,9.513442,13.094209,12.593136,19.965027,18.732742,22.415586,25.122942,26.059826,24.908428,20.780334,16.662275,20.058699,15.697641,17.61863,15.125777,14.000972,13.4236355,14.504579,12.692462,16.92077,19.883818,21.764696,19.014826,22.338133,23.951704,21.219372,23.994175,23.448996,24.895445,30.030216,27.767508,24.43489,26.363632,23.767479,26.478714,24.759834,29.518278,29.06976,26.223635,24.918789,20.254255,20.853792,23.405563,20.893925,25.703947,24.887451,29.131468,30.716688,31.44438,35.02849,35.454136,30.47735,27.959316,24.543169,21.917461,20.38904,16.837347,13.727287,8.900439,9.66882,6.9598336,10.245401,9.607358,14.919243,14.502996,14.183056,15.519397,12.79928,15.863227,15.531669,17.858292,20.350292,22.164406,24.204243,22.687946,26.935184,22.143953,26.521296,24.77063,27.851252
22,12.196123,10.711414,13.053807,9.273092,11.793046,13.71228,15.215604,19.771133,19.931149,25.554667,26.98881,31.545683,30.68372,27.916971,25.831497,21.836494,18.85362,16.390915,12.184612,9.574915,6.693419,5.987381,0.0,4.932926,5.62724,5.769591,9.312182,7.37776,10.915467,7.9211307,14.189569,12.247809,20.266281,19.620209,22.515654,25.65496,25.634098,24.04489,20.162025,16.100225,18.912197,14.107481,17.302237,14.935008,11.508401,12.3549595,11.639849,11.977183,14.797698,18.577791,20.03844,18.351244,19.890228,22.360361,19.29174,21.849537,22.600409,24.181448,29.290667,27.941946,24.797035,26.77042,24.062294,27.14158,24.751587,30.447914,30.206682,27.30656,27.29796,22.787788,23.054928,26.45911,24.058912,28.704128,27.99977,31.965076,33.611347,34.020615,37.172478,37.208546,32.144638,30.31289,26.500458,24.569979,22.52126,20.134516,17.202633,12.651103,13.563795,10.709858,13.536025,12.054514,16.5372,18.16787,18.85185,20.0865,18.507866,21.123188,21.40498,23.082825,25.692934,27.30397,29.066454,27.606466,31.124664,26.272625,30.523586,28.219553,31.291914
23,9.309744,7.2389293,11.206037,8.722134,11.3531,14.504808,15.780398,21.069233,21.453413,27.190811,29.509718,33.573368,33.23939,30.831524,28.247173,24.563934,21.358852,18.97276,14.821431,11.439993,9.682979,5.6502447,4.932926,0.0,4.959165,7.57028,9.770409,9.967383,13.217255,12.027697,17.34946,16.366316,24.254084,23.161266,26.55904,29.438135,29.719496,28.41996,24.32783,20.20719,23.433546,18.651112,21.372496,18.368723,15.457053,15.218805,14.467003,13.058216,16.228306,19.140219,21.631481,20.321384,22.68783,25.590885,23.065413,26.00284,26.329708,28.1766,33.314426,31.454723,28.224344,29.61187,26.553486,29.089392,26.243065,31.564062,30.639122,27.101028,26.787352,22.558537,23.824682,27.009197,25.17225,30.01009,29.691294,33.851402,35.724983,36.52146,39.94052,40.38703,35.438698,33.194836,29.591969,27.161156,25.264816,22.242342,18.556627,13.910326,13.763389,10.021454,11.806916,9.169834,13.862793,15.557048,16.124699,18.14079,16.357302,20.178019,20.143896,23.03425,25.722067,27.649899,29.731129,28.07172,32.28847,27.156656,31.283394,29.120241,31.813604
24,13.022239,11.963859,15.952102,13.239347,15.8213215,18.588854,19.748768,24.909649,24.945292,30.827778,32.294662,36.756523,36.166485,33.455673,31.382545,27.373686,24.409866,21.83866,17.719828,14.639617,12.23713,9.643519,5.62724,4.959165,0.0,4.2988486,8.4739,9.5328,13.8041115,12.22683,18.544525,17.513115,25.468897,25.212128,27.903297,31.174376,30.988045,29.22656,25.51752,21.530804,23.75856,18.672255,21.857864,18.478252,14.18083,14.438488,12.157464,11.9907875,13.709947,16.901815,19.244444,19.073076,20.172941,23.940348,21.589483,24.52743,25.66706,27.83085,32.83739,31.47529,28.443861,29.423208,26.149002,28.70476,25.16133,31.072674,30.171543,26.541235,27.350916,23.415272,24.562437,28.404818,26.897993,31.577223,31.583046,35.50398,37.598835,38.329803,41.413254,41.819153,36.999016,35.24493,31.376678,29.31632,26.907469,24.836714,20.832813,16.539894,16.210266,12.560546,13.848264,11.037862,14.355364,17.727608,19.2103,20.911314,20.406225,23.591396,24.398039,26.653088,29.715197,31.670546,33.3599,31.561562,35.175415,29.794353,33.68306,30.994108,33.51484
25,16.438694,14.747997,18.098942,14.384206,16.33658,19.009024,19.323946,24.495577,23.866432,30.028822,30.490677,35.193165,34.64151,31.810345,30.415466,26.010548,23.593636,20.553692,16.938105,13.855382,11.969253,10.117757,5.769591,7.57028,4.2988486,0.0,5.703632,6.162008,10.690571,9.309254,15.63817,15.285436,22.929201,23.673616,25.763298,29.375805,29.306343,27.096094,23.798548,19.922884,20.966362,15.668111,18.676416,14.880021,10.198874,10.517215,7.8820586,8.650115,10.01987,13.795941,15.480294,15.171435,15.9567995,19.67205,17.384329,20.415693,21.642012,23.991858,28.916155,27.64397,24.723164,25.510164,22.243996,24.936018,21.463806,27.614435,27.093632,23.895735,25.054905,21.057518,21.627003,25.761974,24.22766,28.706305,28.811602,32.515644,34.70919,35.39555,38.240547,38.702366,34.08287,32.646477,28.64976,26.810858,24.029333,22.764048,18.604221,14.808093,14.570731,11.555073,13.121755,11.380323,14.223654,17.575294,19.401981,20.35984,20.700308,22.755972,24.374659,25.60518,28.9924,30.946844,32.1102,30.20969,33.145725,27.693645,31.40531,28.408588,30.959227
26,19.012587,16.023912,19.353226,15.34837,16.09775,19.79264,18.300625,24.290825,22.778097,29.538395,29.522799,33.89414,34.192448,31.708572,30.736555,26.103996,24.306192,20.580301,17.875553,13.910899,14.058398,10.576192,9.312182,9.770409,8.4739,5.703632,0.0,4.916777,7.9263744,10.014471,14.171595,16.281876,23.20803,24.73853,26.749594,30.459433,31.180176,28.789083,25.712109,21.843422,22.00733,16.65657,18.364904,13.17658,10.163458,8.086584,6.814319,3.666064,6.7793636,9.57229,11.973295,11.1487665,13.935702,17.416864,16.151323,19.827183,19.9331,22.799616,27.625608,25.475382,22.545897,22.252344,18.557558,20.604816,16.881798,22.62111,21.751476,18.405268,19.37054,15.490453,16.500525,20.732567,19.891739,24.340574,25.112703,28.776453,31.422728,32.61079,35.52245,36.69954,32.565453,30.947443,27.1052,24.836632,21.75911,20.801094,15.375017,12.445725,10.913942,8.233845,8.741621,8.114523,9.92987,13.101779,15.474063,15.831813,17.71007,18.913841,21.69878,22.473967,26.511408,28.851282,29.47883,27.147234,29.851397,23.926579,27.17306,23.90461,26.019115
27,18.61275,15.77156,17.937435,13.2639065,13.882094,16.6353,15.37994,20.670233,19.15135,25.679886,25.321375,29.98312,29.852795,27.180075,26.387924,21.659414,19.993198,16.276785,13.7063465,10.308318,10.404521,8.836819,7.37776,9.967383,9.5328,6.162008,4.916777,0.0,4.5455413,5.1252794,9.862924,11.397599,18.379398,19.966234,21.847614,25.587847,26.292442,23.889095,20.84601,17.03373,17.172998,11.851108,13.728353,9.213226,6.335158,5.262198,5.78681,5.456792,8.8877945,12.65441,13.479225,11.036894,13.520267,15.691424,13.343574,16.62739,16.691345,19.034962,24.063871,22.169645,19.099874,20.011845,16.940216,19.851498,17.426138,23.172522,23.206245,20.807331,21.134903,16.665808,16.37262,20.286144,18.307394,22.730886,22.680733,26.370222,28.552994,29.304258,32.197254,32.877884,28.428614,26.91153,22.956469,20.976023,18.031101,17.109123,12.751464,9.533485,9.611012,7.9967685,10.503101,10.883001,13.996373,15.556482,17.046476,17.012548,17.685207,18.279556,20.557152,20.59164,24.208784,26.163383,26.797565,24.820656,27.260366,21.844402,25.533596,22.544535,25.355997
28,21.107403,17.68956,18.986078,14.0896845,13.499638,16.2092,13.464039,18.699516,16.325212,23.086208,22.011677,26.51011,26.87652,24.44784,24.192976,19.311497,18.424242,14.221292,12.94403,9.58567,11.569402,10.268152,10.915467,13.217255,13.8041115,10.690571,7.9263744,4.5455413,0.0,5.8824406,6.422866,10.492995,16.142715,18.433323,20.109499,23.814537,25.234684,22.777166,20.054014,16.508482,15.868978,11.062285,11.35552,6.1543684,6.8927326,4.1391697,7.964029,6.4820933,10.50463,13.471066,13.66003,9.496003,13.539366,14.082629,12.011461,15.322668,14.053412,16.333687,21.316885,18.711914,15.52001,16.431204,13.599446,16.563486,15.289935,20.333118,20.809673,19.169996,18.641087,13.895561,12.755262,16.298859,13.90037,18.286282,18.136158,21.844486,24.06543,24.954973,27.933203,28.906717,24.681381,23.028366,19.186466,16.9758,13.874021,13.29853,8.555408,6.504934,6.8254957,7.3793473,10.143014,12.164515,15.023794,15.020217,16.112774,15.181577,16.198195,15.3395815,18.244184,17.130713,20.963463,22.937563,23.04159,20.95963,22.935429,17.509636,21.135332,18.164558,21.191362
29,19.096395,16.770761,17.581814,12.642614,13.228836,14.357099,13.858202,17.764631,16.483034,22.389784,21.703888,26.717928,25.89489,22.935034,22.297096,17.544666,15.962634,12.516563,10.073025,8.224246,7.764632,9.513442,7.9211307,12.027697,12.22683,9.309254,10.014471,5.1252794,5.8824406,0.0,7.0813236,6.4174843,13.70608,15.174202,16.88818,20.650703,21.18372,18.800926,15.738534,11.992968,12.332779,7.109308,9.65115,7.3041496,5.2148323,6.7594132,8.472921,10.127565,12.951966,17.02446,16.794962,13.536895,15.162573,15.874102,12.348057,14.685565,14.9012,16.30109,21.433437,20.080555,16.974024,19.472881,17.355907,21.007322,19.897943,25.420023,26.231474,24.621803,24.493156,19.774353,18.426273,21.77721,18.722866,22.871021,21.830584,25.415792,26.935814,27.080368,29.8886,29.848896,24.98252,23.642296,19.597528,18.139353,15.578651,14.66669,12.377189,9.191746,11.243305,10.789905,14.2774515,15.021107,18.77937,19.406013,20.147194,19.918018,19.333626,19.48757,20.935223,20.298832,23.171198,24.558947,25.285147,23.847101,25.969168,21.408384,25.484304,22.9603,26.396713
30,23.598564,20.492456,20.171568,15.247594,14.016122,14.843466,11.969818,15.165547,12.310859,18.39772,16.157898,21.028551,20.97641,18.404268,18.890152,13.845305,13.958389,9.705151,10.261648,9.071389,11.681838,13.094209,14.189569,17.34946,18.544525,15.63817,14.171595,9.862924,6.422866,7.0813236,0.0,6.758511,10.070417,13.100693,14.282045,17.92463,19.857267,17.43318,15.145032,12.237357,10.89379,7.591413,5.993126,4.2017713,8.733068,8.250882,12.550464,12.732408,16.04306,19.114021,18.197123,13.208465,16.442024,14.700179,11.721336,13.679307,11.518687,12.355509,17.33352,14.817269,11.481098,14.649771,13.487466,17.196255,18.138037,22.289345,23.833532,23.429714,22.131191,17.379154,14.732897,16.994734,13.023197,16.71416,15.047368,18.568298,19.881216,20.05157,23.017944,23.30123,18.655945,17.07122,13.096102,11.3367,8.532889,8.448291,7.260923,6.8780613,9.742919,11.904628,15.288229,17.697277,21.03162,19.850185,20.004583,18.63891,18.335264,16.328894,18.391403,15.744282,18.619404,19.838924,19.628437,18.216087,19.348476,15.229018,19.23416,17.032087,20.900505
31,21.08906,19.181736,18.195322,13.58709,13.608814,12.446164,12.632188,14.007868,13.062502,17.686909,16.636194,21.91335,20.257519,17.031048,16.590252,11.9103565,10.708615,7.8985453,6.7204657,8.173802,8.075821,12.593136,12.247809,16.366316,17.513115,15.285436,16.281876,11.397599,10.492995,6.4174843,6.758511,0.0,8.023739,8.836483,10.651172,14.260831,15.006986,12.925219,9.648598,6.0319123,7.515639,4.5179553,6.5983825,8.910145,9.792776,11.815862,14.375124,16.128784,19.002695,22.951551,22.139359,18.111523,19.584929,18.567669,14.466695,15.369029,15.083239,14.870227,19.719719,18.786028,15.802534,20.15487,19.350073,23.38494,23.851221,28.634157,30.1221,29.298203,28.382923,23.533371,21.335464,23.670424,19.565462,23.162773,20.88317,24.243803,24.778149,24.173826,26.953789,26.017986,20.642536,19.32065,15.439068,14.650764,13.172421,11.938594,12.974596,10.633915,14.169828,14.897346,18.844315,20.065536,24.292908,23.744986,23.630455,23.151018,21.267706,20.811598,21.18118,19.716085,21.39959,21.96126,22.786186,22.146765,23.884995,20.734465,25.111305,23.443428,27.463228
32,28.330994,26.355207,24.455717,20.252552,19.344925,17.174685,16.427532,15.120627,13.40255,15.792502,11.795789,17.29999,14.928762,11.46243,13.4695425,9.175555,10.959872,9.385996,11.826487,14.505522,15.548611,19.965027,20.266281,24.254084,25.468897,22.929201,23.20803,18.379398,16.142715,13.70608,10.070417,8.023739,0.0,6.467501,4.5812454,8.480221,10.577223,8.127155,7.4503827,7.527645,4.858573,8.143327,6.0323834,11.946331,15.230286,16.970144,20.29037,22.17395,24.69232,28.251102,26.481646,21.799557,23.058832,19.958572,16.145132,15.424454,14.095815,11.879369,15.468177,15.074841,12.866351,18.818777,19.785416,23.88275,26.243711,29.893015,32.351574,32.8038,31.43053,26.87991,23.504293,24.773394,20.062744,22.23064,18.884298,21.222223,20.59676,18.955399,21.149782,19.15931,13.592053,13.092214,9.540531,10.717052,10.468558,11.214298,15.423164,15.426544,19.11041,21.140354,24.90186,26.930311,30.80095,29.431711,28.996367,27.763311,25.991512,23.950052,24.36774,21.087902,21.83974,21.505577,21.364553,21.49241,21.39231,20.188017,24.045675,23.095379,27.370754
33,25.109293,23.732956,20.840433,17.538376,16.888412,13.227564,14.3439245,11.151301,11.448547,12.202527,11.338997,16.319332,13.04044,9.532219,8.937763,5.5625877,5.693445,6.8116245,8.896861,13.110547,13.565818,18.732742,19.620209,23.161266,25.212128,23.673616,24.73853,19.966234,18.433323,15.174202,13.100693,8.836483,6.467501,0.0,5.1014485,6.426827,8.413204,8.442902,5.1708703,5.153598,9.135112,11.3739605,11.217486,16.091715,18.391666,20.204721,23.160921,24.571127,27.707733,31.463413,30.477959,25.948751,27.606983,25.397734,21.369541,21.09691,20.13446,18.269413,21.91713,21.35283,18.954443,24.630991,25.120295,29.078814,30.934769,34.7195,36.65966,36.460136,34.601856,29.790178,27.14535,28.158031,23.325605,26.039865,22.45167,25.296335,24.367592,22.804344,25.514769,23.31986,17.535393,16.000507,13.368914,13.625632,14.59417,12.582854,17.352877,16.136454,20.15002,21.603586,25.633587,27.145409,31.756123,30.02055,28.963934,28.374811,25.058802,24.19652,23.000275,20.95663,20.598192,19.79645,20.940557,21.644817,23.018757,22.229301,26.624838,26.340933,30.720894
34,29.445913,28.060915,25.588007,21.933832,21.326426,18.119007,18.591393,15.765464,15.164708,15.669853,12.346213,17.481913,13.800496,10.052117,11.891797,8.976484,10.643403,10.973793,13.2286215,16.920908,17.219837,22.415586,22.515654,26.55904,27.903297,25.763298,26.749594,21.847614,20.109499,16.88818,14.282045,10.651172,4.5812454,5.1014485,0.0,4.301111,6.08229,4.5048084,4.644808,7.117685,6.7631154,11.160859,10.3003235,16.283354,18.80543,21.006655,23.917324,26.089815,28.572672,32.35095,30.632837,26.159878,26.993877,24.043888,20.039494,18.85465,18.140871,15.5114765,18.38656,18.764566,16.964268,23.10862,24.280035,28.393982,30.761927,34.45006,36.932457,37.322315,35.88661,31.274982,28.007761,29.112951,24.294853,26.338385,22.680939,24.819948,23.629229,21.52968,23.485886,20.647118,15.027989,14.760275,12.130515,13.811177,14.497063,14.523103,19.407831,18.986444,22.862518,24.608093,28.532885,30.258703,34.469463,33.079006,32.393475,31.425821,28.921589,27.329382,26.926199,24.016602,23.952568,23.086927,23.393328,24.08426,24.141792,23.74113,27.657612,27.143385,31.480326
35,31.235817,30.086802,26.990742,23.921572,23.182726,19.311546,20.209929,15.984537,16.072828,14.6084585,11.838872,16.161575,11.534197,7.974614,9.839645,8.8915,10.924553,12.690877,15.32073,19.469345,19.8332,25.122942,25.65496,29.438135,31.174376,29.375805,30.459433,25.587847,23.814537,20.650703,17.92463,14.260831,8.480221,6.426827,4.301111,0.0,4.6077704,6.0185905,6.6953607,9.873297,11.011659,15.337439,14.4387665,20.304823,22.95835,25.041124,28.02219,29.946629,32.65873,36.401707,34.814003,30.222567,31.271366,28.212406,24.290354,23.013893,22.110882,19.255627,21.59336,21.963152,20.38983,26.61894,28.038088,32.0188,34.68122,38.04234,40.542873,41.002487,39.18066,34.567642,31.340912,31.981062,27.023188,28.825483,24.806952,26.758787,24.99431,22.590984,24.494856,21.145401,15.674037,15.240291,13.677956,15.517708,17.156933,16.56988,22.233713,21.888313,25.84923,27.663946,31.625957,33.350452,37.777344,35.974537,34.919495,34.025475,30.907259,29.391977,28.291174,25.453909,24.536108,23.122375,23.670162,24.931313,25.0152,25.568916,29.438812,29.519836,33.89972
36,31.302109,30.7603,27.887156,24.932182,24.872934,20.81294,22.715809,18.87329,19.496992,18.387602,16.369814,20.70589,15.926519,12.4711485,13.398623,12.518638,13.280831,15.224691,16.651094,20.951694,20.211351,26.059826,25.634098,29.719496,30.988045,29.306343,31.180176,26.292442,25.234684,21.18372,19.857267,15.006986,10.577223,8.413204,6.08229,4.6077704,0.0,4.0136986,5.5322685,9.612563,11.12049,15.557902,15.83568,21.759523,23.293854,26.035048,28.33719,30.958412,33.24995,37.30679,35.63229,31.535955,31.72989,29.126198,24.90648,23.325632,23.437185,20.636074,22.953627,24.161615,22.670895,28.868393,30.08187,34.27527,36.431374,40.3733,42.840027,43.064533,41.762623,37.074352,33.968384,35.138863,30.30069,32.355457,28.578196,30.586256,29.051788,26.640362,28.282057,24.75641,19.438005,19.494043,17.589918,19.476858,20.525137,20.096525,25.079674,24.10577,28.06129,29.34963,33.392548,34.66075,39.17174,38.008984,37.191994,36.582066,33.442863,32.492252,31.353899,29.040962,28.354946,27.095757,27.924547,29.031626,29.352854,29.423792,33.401474,33.115208,37.475433
