,0,1,2,3,4,5,6,7,8,9,10,11,12,13,14,15,16,17,18,19,20,21,22,23,24,25,26,27,28,29,30,31,32,33,34,35,36,37,38,39,40,41,42,43,44,45,46,47,48,49,50,51,52,53,54,55,56,57,58,59,60,61,62,63,64,65,66,67,68,69,70,71,72,73,74,75,76,77,78,79,80,81,82,83,84,85,86,87,88,89,90,91,92,93,94,95,96,97,98,99,100,101,102,103,104,105,106,107,108,109,110
0,0.0,4.318124,6.4701214,9.442226,12.209601,14.132548,17.70104,20.773256,24.38442,26.730156,31.782877,33.34119,34.27067,35.315132,33.396507,33.55501,33.292007,31.723034,34.89476,32.83664,36.730995,36.625725,40.778744,39.88132,40.316044,39.750553,35.490116,37.57767,33.80928,35.733986,35.265537,36.945843,41.097965,38.947487,43.576458,44.340477,46.744278,47.5357,43.049473,39.773758,44.30033,41.39327,41.458096,41.138386,42.956383,40.67905,40.70041,42.596554,42.438454,40.525623,37.585453,38.11145,33.40836,35.177765,35.854073,38.019936,35.733307,38.984478,38.571033,34.87104,32.96998,29.972527,28.555473,24.316193,25.047705,20.155863,20.176924,18.452715,21.793306,20.306112,20.157963,23.69199,21.653921,25.847887,22.614996,27.12681,26.15888,28.258995,30.8912,30.810793,34.33772,32.960224,31.867626,30.822077,27.217758,30.118156,25.534035,28.058353,26.971056,27.663326,29.72774,28.548456,27.878744,24.33568,27.021713,24.4518,22.450247,23.703468,21.950079,18.00474,18.917334,20.677046,19.447712,21.76398,23.5648,22.390514,27.975641,26.398746,27.999762,30.26759,30.025347
1,4.318124,0.0,5.279065,6.451878,8.909759,12.121764,14.506043,18.663721,21.554537,24.436157,29.34803,30.73442,31.494389,32.18454,30.147667,29.935623,29.55098,27.729548,30.857275,28.623922,32.48064,32.474953,36.54844,35.590267,36.146526,35.524696,31.250149,33.266613,29.537666,31.486788,31.129213,32.879097,37.305576,35.346104,39.915535,40.915813,43.278595,43.86344,39.354435,35.92177,40.33431,37.26796,37.408875,36.9575,38.66718,36.417347,36.413086,38.386116,38.314354,36.498398,33.580585,34.334755,29.754871,31.66445,32.098854,34.46209,32.004185,35.273796,35.0848,31.586498,29.485825,26.728191,24.902494,20.766253,21.379993,16.356941,16.761778,14.630633,18.362186,16.442797,15.952315,19.51954,17.424603,21.885435,18.899221,23.464613,22.990366,25.200579,28.056332,28.349009,31.629282,29.887136,28.759064,27.376543,23.565926,26.274374,21.461956,23.789183,22.653248,23.39308,25.525986,24.557846,24.021236,20.738056,23.481834,20.422276,19.076397,20.129276,18.97462,14.519996,14.91833,17.0855,16.514242,19.370989,21.027895,19.437523,25.18782,22.987791,25.02696,27.008066,27.161674
2,6.4701214,5.279065,0.0,5.33027,6.7813935,8.41751,11.878964,14.71925,18.391542,20.598583,25.679678,27.531477,28.876411,29.881783,28.566637,28.552729,29.102451,27.420637,31.362309,29.488432,33.56012,34.204136,38.26623,37.103943,38.40527,37.353462,32.761864,34.503494,29.812841,31.490488,30.488365,32.113224,35.50425,33.314358,37.87666,38.42125,41.04326,41.97661,37.62994,34.614597,39.06514,36.603687,36.347713,36.529667,38.947304,36.8023,37.376568,39.431763,39.179382,37.341015,34.085052,34.811584,30.235714,31.334238,31.468323,33.18343,30.584703,33.6448,32.845463,29.183949,27.2728,24.68969,23.744495,19.720524,21.871391,16.848717,17.922873,16.612328,21.125,19.516094,18.1845,20.665993,17.810444,21.567066,17.229303,21.619455,20.167055,22.035686,24.565891,24.369453,27.912346,26.680624,25.699694,24.855871,21.567047,24.66536,20.7663,24.117302,23.763113,25.188164,27.799013,27.553589,27.316034,24.498707,26.667122,22.6705,21.514631,21.565619,20.717604,16.670368,16.419992,17.248981,17.187485,20.605398,20.98116,19.11563,24.180155,21.889614,23.082502,24.957867,24.331997
3,9.442226,6.451878,5.33027,0.0,3.813813,6.2618203,8.786892,12.687271,15.432626,18.3725,23.191055,24.381,25.085432,25.93332,24.03571,24.161572,24.203827,22.799175,26.474316,24.933653,29.123255,29.598793,33.96715,33.24514,34.78136,34.006,29.661606,30.772789,26.444677,27.655546,27.189903,28.134962,32.223408,29.702383,34.461174,35.198997,37.411495,38.263607,33.73906,30.567703,35.39799,32.7655,33.0276,33.32265,35.36781,33.64482,34.08128,36.587772,36.742867,35.26737,32.135494,33.5151,29.305397,30.692455,30.12806,32.15744,28.911016,31.847584,31.270853,28.208546,25.73756,24.195066,22.560411,18.974302,21.085304,15.893364,17.814783,15.514404,20.32134,17.504341,15.418665,18.295553,14.903909,19.718512,15.20911,19.706503,19.06631,20.62513,23.485628,23.601933,26.544958,24.90599,23.064745,22.067244,18.333855,21.677725,17.029451,20.760084,20.015963,21.806278,24.122898,24.357664,23.556536,20.862082,22.169853,18.072495,16.563232,16.324812,15.588579,11.704307,11.541974,12.008423,11.945887,15.65356,15.932647,13.946625,19.291786,17.088142,18.717846,20.840363,20.832367
4,12.209601,8.909759,6.7813935,3.813813,0.0,5.437508,5.607526,10.611548,12.766909,15.953948,20.710127,22.177738,23.23156,23.75888,22.363085,21.932253,22.578583,20.722858,24.922407,23.181738,27.3403,28.38117,32.43319,31.323843,33.26655,32.08567,27.50472,28.643568,23.701736,24.996937,24.080896,25.373796,29.00204,26.787603,31.386738,32.154198,34.640415,35.40789,30.999664,27.875032,32.396408,29.92195,29.84301,30.234463,32.66805,30.849766,31.61282,34.039433,34.033447,32.525578,29.230324,30.601692,26.468216,27.487432,26.732054,28.554132,25.27113,28.173382,27.505827,24.403484,21.963512,20.485699,19.024897,15.579902,18.410036,13.362356,15.834765,14.022312,19.250982,16.758379,14.135051,15.995156,12.2737665,16.522577,11.541897,15.999009,15.257857,16.911318,19.827082,20.149454,23.086723,21.31489,19.864418,18.675653,15.056531,18.269413,14.1340065,18.089863,17.968424,20.06107,22.814844,23.504131,23.321611,21.276154,22.699917,17.654142,17.46711,16.486355,16.824673,12.7497015,11.230459,11.49436,12.986259,17.344563,16.753622,14.099996,18.940609,15.612489,17.24442,18.670698,18.58097
5,14.132548,12.121764,8.41751,6.2618203,5.437508,0.0,6.086159,6.756814,10.706726,12.699862,17.710762,19.30706,20.65634,22.009192,21.052967,21.657635,22.938503,22.004864,26.568996,25.7724,30.114405,31.331766,35.666843,34.88887,37.361824,36.200596,31.703611,32.201523,26.94581,27.51548,26.405708,26.768484,29.524044,26.462704,31.259476,31.354088,33.71551,35.07819,30.76642,28.238686,33.248756,31.491198,31.430025,32.687954,35.478256,34.124077,35.23522,37.953873,38.037292,36.705887,33.294476,34.84205,30.899529,31.365927,30.154005,31.389814,27.744871,30.226223,28.8716,25.975931,23.572596,22.928877,22.293127,19.319159,23.130613,18.308285,20.978125,19.408346,24.677362,22.066467,19.207981,20.77486,16.626427,20.481321,14.357487,18.220514,16.49829,17.129028,19.527048,18.95006,21.894062,20.934202,18.759201,18.709644,15.803546,19.811317,16.550905,21.660295,21.831163,24.454145,27.091173,28.234913,27.622389,25.541079,25.9601,21.107882,19.790743,18.2439,17.97107,15.263267,14.436879,12.692357,13.349597,17.35774,15.66046,13.437863,17.222801,15.1556015,15.313872,17.390888,16.27309
6,17.70104,14.506043,11.878964,8.786892,5.607526,6.086159,0.0,6.82438,7.3426266,11.0170555,15.443106,16.885096,18.148617,18.493065,17.70673,17.100565,18.697163,16.948404,21.90087,20.72458,24.944263,26.715042,30.64131,29.520443,32.39758,30.911104,26.336805,26.694519,21.059383,21.655384,20.34397,21.055445,23.9597,21.44795,26.087416,26.650187,29.18513,30.114027,25.793055,22.971659,27.60746,25.676908,25.477875,26.617668,29.536673,28.168318,29.478664,32.219868,32.310856,31.114674,27.685507,29.519604,25.931454,26.294386,24.589867,25.938053,22.000189,24.465553,23.406569,20.83694,18.09365,18.051619,16.955288,14.56307,18.73739,14.3991,17.829668,16.371824,21.766388,19.11936,15.592756,16.048836,11.59338,15.088264,8.747492,12.493134,11.615568,12.410697,15.32395,15.691458,18.109041,16.290415,14.323675,13.38028,10.020069,13.813783,10.663742,15.969333,16.6824,19.656977,22.580414,24.346281,24.320126,23.14,23.597296,17.74003,18.290495,15.98074,17.345196,14.233168,11.760289,10.1860695,13.150683,17.884745,15.70053,12.497146,15.924239,11.700246,12.7882185,13.556503,13.256054
7,20.773256,18.663721,14.71925,12.687271,10.611548,6.756814,6.82438,0.0,5.430923,5.998294,11.093733,13.184397,15.383153,16.95034,17.337511,18.07389,20.803364,20.228931,25.514679,25.423368,29.659603,31.692291,35.743946,34.878597,38.30122,36.75033,32.27605,32.057938,26.09056,25.911654,24.195807,23.891771,25.100883,21.616116,26.28135,25.772202,28.281145,30.063017,26.085001,24.300856,29.265259,28.480747,28.091322,30.337154,33.79014,32.913486,34.693207,37.59807,37.669918,36.611195,33.065704,34.902176,31.520847,31.119524,29.061129,29.512676,25.41221,27.236248,25.185843,22.861885,20.470316,21.299908,21.509441,19.6649,24.748096,20.709404,24.046852,23.002834,28.428846,25.916452,22.40679,22.619997,18.129436,20.752558,13.825298,16.307425,13.907868,13.133804,14.891993,13.748799,16.185911,15.847712,13.145419,14.209781,12.626499,16.95987,15.650914,21.644526,22.738655,26.042736,28.863424,30.946043,30.625029,29.363396,29.038284,23.502789,22.970316,20.249426,20.92823,19.12751,17.474573,14.324074,16.186775,20.284342,16.882639,14.37131,15.8171215,13.359714,11.902072,13.170222,10.78853
8,24.38442,21.554537,18.391542,15.432626,12.766909,10.706726,7.3426266,5.430923,0.0,4.613139,8.20501,9.650244,11.59873,12.2651415,13.002108,12.991439,16.349752,15.623672,21.200445,21.363354,25.418226,27.912354,31.683971,30.819962,34.76297,33.083023,28.812822,28.011602,21.950413,21.23639,19.498512,18.696396,19.813393,16.244734,20.983389,20.72908,23.183886,24.763367,20.715544,18.88995,23.874277,23.23458,22.94626,25.52011,29.025328,28.524248,30.520096,33.637684,33.894497,33.168594,29.730787,32.031265,29.235119,28.721481,25.933311,26.382631,21.766502,23.24922,21.34348,19.837212,16.993288,19.20861,19.053642,18.201063,23.373646,19.995611,23.816643,22.700481,27.975117,25.24275,21.290012,20.707193,16.193516,18.366653,11.765253,13.226393,11.809062,10.3442135,12.325162,12.043941,13.241935,12.125009,8.423817,9.310548,7.9483805,12.410796,11.927486,18.19409,19.686716,23.36305,26.114798,28.872782,28.731499,28.23046,27.43916,21.47252,21.998938,18.571505,20.376059,18.901627,16.459778,12.9452095,16.131855,20.39793,16.442436,13.4502125,13.8042345,9.880422,8.526489,8.337415,6.4173784
9,26.730156,24.436157,20.598583,18.3725,15.953948,12.699862,11.0170555,5.998294,4.613139,0.0,5.143942,7.927737,11.196771,12.791935,14.782031,15.535003,19.536371,19.371714,24.944887,25.526588,29.46221,32.116318,35.806923,34.942677,39.106514,37.304745,33.03517,32.122746,25.859184,24.92059,22.814692,21.731194,21.350197,17.450718,21.843546,20.706274,23.268675,25.450714,21.900759,20.97681,25.768158,25.98311,25.37086,28.529617,32.419647,32.08145,34.375217,37.423664,37.550457,36.81855,33.301205,35.43223,32.699657,31.664299,28.840631,28.645283,24.189896,25.250921,22.667494,21.235247,18.888258,21.314827,22.079048,21.404806,27.04981,23.807045,27.500164,26.736717,32.07444,29.591064,25.72517,24.99524,20.551353,22.134384,15.405084,16.280231,13.849003,11.600964,12.402925,10.877844,12.007447,12.35381,8.794291,11.327414,11.577647,15.627291,16.286562,22.46239,24.19032,27.882042,30.677546,33.46735,33.33114,32.74732,31.82228,26.000257,26.101254,22.661644,24.057629,22.958536,20.855598,17.071686,19.618479,23.523039,19.19236,16.698767,16.024172,13.433828,10.651607,10.537782,6.796529
10,31.782877,29.34803,25.679678,23.191055,20.710127,17.710762,15.443106,11.093733,8.20501,5.143942,0.0,4.0965343,8.406568,9.896238,13.439314,14.300561,19.104267,19.468855,24.909,26.154459,29.716604,32.747437,36.12371,35.39393,40.090794,38.19906,34.253006,32.686737,26.504282,24.845411,22.652952,20.681213,18.90829,14.539378,18.518608,16.692516,19.07392,21.699589,18.656618,18.705526,23.294895,24.464003,23.827957,27.759686,31.811453,32.051025,34.667778,37.856323,38.11203,37.725517,34.348927,36.76754,34.639652,33.24018,29.816088,29.193571,24.510477,24.836626,21.970808,21.571005,19.298992,23.017511,23.990597,24.203142,29.938381,27.274239,31.146532,30.451708,35.6349,33.081036,29.024748,27.77708,23.496645,24.479843,18.331459,18.06814,16.081688,13.027844,12.95391,11.484828,10.717515,11.641358,7.314135,11.044708,12.826386,16.155981,18.13805,24.102013,26.129822,30.01291,32.634357,35.92502,35.816742,35.724415,34.25145,28.43572,28.871216,25.014376,26.832888,26.349762,24.091572,19.977196,22.77508,26.363482,21.540031,19.246359,17.008396,14.734297,11.257314,9.930775,5.742638
11,33.34119,30.73442,27.531477,24.381,22.177738,19.30706,16.885096,13.184397,9.650244,7.927737,4.0965343,0.0,4.411267,6.4370594,10.132467,11.863493,16.499308,17.71423,22.697529,24.656382,28.110216,30.977402,34.50072,34.272137,39.112595,37.52499,33.97178,31.800478,26.214783,23.945362,22.401785,19.340797,18.15911,12.971748,17.218216,15.449763,16.908308,19.69271,16.46255,16.699333,21.894413,23.120998,23.18003,27.312279,30.878504,31.6454,34.089382,37.610394,38.224976,38.158737,35.004684,37.83143,35.987488,34.91445,31.169497,30.870275,25.86942,26.038214,23.559042,23.77957,21.15198,25.396267,25.75508,26.159622,31.469257,28.79384,32.78824,31.64994,36.708153,33.687973,29.51636,28.511465,24.234364,25.7343,19.979694,19.734955,18.62137,15.695407,15.982252,15.079632,13.7007265,13.975294,8.726294,12.032662,13.461573,16.724615,18.24508,24.17077,25.863867,29.850445,32.07063,35.61167,35.095512,35.155376,32.98838,27.53639,27.699087,23.627163,25.513731,25.782887,23.75224,19.222244,21.858961,24.998455,19.893236,17.917208,14.560073,13.070981,9.138566,7.804995,4.220167
12,34.27067,31.494389,28.876411,25.085432,23.23156,20.65634,18.148617,15.383153,11.59873,11.196771,8.406568,4.411267,0.0,3.9111228,6.5391064,9.647437,13.537636,15.772401,20.043272,22.73383,26.085485,28.617302,32.367752,32.728683,37.569874,36.386948,33.27084,30.547733,25.76215,22.977379,22.29027,18.227303,18.294336,12.585796,17.070082,15.777527,16.098139,18.73932,15.167747,15.235078,21.110975,22.04571,22.97208,27.024464,29.895384,31.134508,33.253593,37.102303,38.106766,38.334995,35.44131,38.64711,37.016434,36.404907,32.471825,32.64019,27.407349,27.583292,25.639011,26.261211,23.286917,27.749428,27.398264,27.847504,32.580532,29.844069,33.88574,32.252995,37.11819,33.61279,29.405172,28.78111,24.579674,26.730583,21.468634,21.434343,21.173016,18.566666,19.324095,18.919252,17.387098,16.978987,11.384701,13.79426,14.455871,17.598503,18.252691,23.971552,25.163528,29.159168,30.89657,34.59749,33.598602,33.765247,30.887245,25.949821,25.7572,21.558456,23.46927,24.536854,22.826685,18.01251,20.37692,22.958048,17.723995,16.151375,11.702244,11.260342,7.2776995,6.424606,5.2857113
13,35.315132,32.18454,29.881783,25.93332,23.75888,22.009192,18.493065,16.95034,12.2651415,12.791935,9.896238,6.4370594,3.9111228,0.0,5.1858435,6.53379,11.170004,13.0519,17.338945,20.012962,23.047869,25.93828,29.297123,29.528465,34.603664,33.292233,30.353035,27.381817,22.6939,19.623638,18.992872,14.584248,14.67719,8.911338,13.526015,12.792706,13.078639,15.284137,11.415772,11.331015,17.240494,18.211845,19.248905,23.395966,26.223272,27.660994,29.876501,33.742104,34.818462,35.229176,32.483196,35.866478,34.61642,33.999172,29.80085,30.037745,24.719921,24.694094,23.069786,24.20194,21.107962,26.044428,25.418056,26.368725,30.860918,28.618465,32.719334,31.164059,35.778263,32.359615,28.104753,26.998722,23.100332,24.79749,20.27637,19.666063,20.109312,17.562662,18.416578,18.692862,16.643944,15.566203,10.145754,11.831007,12.764556,15.131955,16.36338,21.562223,22.969582,26.960728,28.636827,32.609047,31.900253,32.562984,29.747416,24.595694,25.355415,21.01293,23.658875,24.477377,22.273468,17.890444,20.996098,23.794962,18.838633,16.879051,12.79877,10.822856,8.193469,5.310718,6.2161307
14,33.396507,30.147667,28.566637,24.03571,22.363085,21.052967,17.70673,17.337511,13.002108,14.782031,13.439314,10.132467,6.5391064,5.1858435,0.0,5.0765524,7.172072,10.294474,13.781017,16.961897,20.25022,22.41196,26.389688,27.258991,31.942135,31.195833,28.548267,25.376545,21.639116,18.51219,19.03256,14.272433,17.075869,11.786466,16.572897,16.828331,16.499027,17.965288,13.572421,12.1301365,18.679625,18.347584,20.35622,23.685326,25.541975,27.055756,28.617329,32.76542,34.20073,34.702183,32.169823,35.777424,34.388596,34.52343,30.52866,31.530518,26.162624,26.628733,25.686611,26.545406,23.112007,27.493301,25.998472,26.504519,30.198452,27.602808,31.609491,29.428875,33.839073,29.878128,25.70997,25.394836,21.55015,24.382513,20.253222,20.474854,21.598879,19.747175,21.342863,21.910137,20.51145,18.827631,13.442307,14.007275,13.250521,15.867119,15.107806,20.109207,20.63559,24.516014,25.68434,29.547653,28.203203,28.71235,25.316086,20.75169,20.926197,16.583654,19.17434,20.645819,18.90156,14.379954,17.113384,19.431898,14.668442,12.99795,8.619062,7.37437,5.9695964,4.9444747,8.174134
15,33.55501,29.935623,28.552729,24.161572,21.932253,21.657635,17.100565,18.07389,12.991439,15.535003,14.300561,11.863493,9.647437,6.53379,5.0765524,0.0,5.5744886,6.5832176,11.070353,13.494504,16.556366,19.496725,22.856005,23.126701,28.109118,26.950727,24.212479,21.04885,16.929495,13.690478,14.023899,9.271227,12.751199,8.304125,13.1314535,14.394145,14.716342,15.269826,10.512056,7.891011,14.337757,13.540845,15.427369,18.624783,20.7064,22.11972,23.909561,27.964642,29.316946,29.874228,27.387398,31.080088,30.021038,30.075989,25.880547,26.964256,21.587639,21.98957,21.467125,22.652138,19.136532,23.810274,22.045086,23.11495,26.604307,24.677069,28.71871,26.839243,30.980701,27.372612,23.167562,22.015118,18.574572,20.58781,17.393707,16.89318,18.80722,17.189137,18.934845,20.266579,18.610601,16.156149,11.552591,10.87014,10.200569,11.684289,11.737978,16.061123,17.121735,21.025007,22.411478,26.562565,25.934652,27.067675,24.315401,19.064972,20.94648,16.6065,20.192034,20.659119,17.99677,14.469686,18.382114,21.355341,17.249262,14.8217535,12.191308,8.040492,8.68817,5.3519077,9.365406
16,33.292007,29.55098,29.102451,24.203827,22.578583,22.938503,18.697163,20.803364,16.349752,19.536371,19.104267,16.499308,13.537636,11.170004,7.172072,5.5744886,0.0,4.75873,6.6270895,10.227025,13.344036,15.264634,19.340904,20.5928,25.101011,24.737318,22.64463,19.034529,16.700865,13.377035,15.45365,10.597886,16.624884,13.110401,17.30224,19.160412,18.709137,18.649092,14.011413,10.715256,16.794127,14.614574,17.670078,19.696217,20.265211,21.925781,22.78818,27.15489,29.01395,29.799057,27.749428,31.706367,30.699413,31.622416,27.68885,29.574318,24.365427,25.14259,25.386482,26.437365,22.780827,26.81145,24.154646,24.84876,27.169249,25.085821,28.886003,26.320507,29.970848,25.770924,21.800737,21.536171,18.523394,21.650457,19.406523,19.664314,22.248192,21.317749,23.532398,25.035995,23.801971,21.06557,16.707977,15.435552,13.485981,14.738941,12.596964,15.7874365,15.55635,19.103525,19.592508,23.699976,22.283394,23.502413,19.89391,15.574116,17.174847,12.965702,16.790428,18.041851,15.923289,12.844953,16.250248,18.4311,15.128157,13.206478,11.103126,8.0041065,10.515195,9.264971,13.617745
17,31.723034,27.729548,27.420637,22.799175,20.722858,22.004864,16.948404,20.228931,15.623672,19.371714,19.468855,17.71423,15.772401,13.0519,10.294474,6.5832176,4.75873,0.0,5.8847904,7.005138,10.558094,13.338764,16.943497,17.225195,21.823011,20.940546,18.346195,15.196422,12.070519,9.170296,11.177019,7.5634475,14.686078,12.561074,16.525843,18.989433,19.465502,18.82553,14.193993,10.0101385,15.170029,12.025033,14.622135,15.906594,16.764997,17.789608,18.763878,22.97285,24.6208,25.221594,23.058167,26.968224,25.955809,26.948141,23.091747,25.230375,20.155413,21.233624,21.911528,22.774158,19.100658,22.816513,19.802942,20.696869,22.733232,21.089647,24.871897,22.570337,26.057945,22.226656,18.22176,17.262396,14.579134,17.198818,15.834598,15.838391,19.05645,18.636572,21.106714,23.134556,22.1347,18.86402,15.488828,13.155466,10.733297,11.042051,8.710513,11.13846,11.32701,15.002693,15.978398,20.244537,19.67646,21.295708,18.812344,13.46711,16.842165,12.899291,17.378494,17.215643,14.149812,12.288646,16.689472,19.680721,17.00381,14.349531,13.994296,8.846805,12.245382,10.18371,14.375418
18,34.89476,30.857275,31.362309,26.474316,24.922407,26.568996,21.90087,25.514679,21.200445,24.944887,24.909,22.697529,20.043272,17.338945,13.781017,11.070353,6.6270895,5.8847904,0.0,5.0669737,7.151508,8.779229,12.792753,14.58796,18.890991,19.006275,17.808834,13.603264,13.59477,10.390633,14.197697,10.32725,18.22495,16.66836,19.77296,22.646158,22.159897,20.934515,16.75599,12.722794,17.000563,13.164037,16.950365,17.273333,16.125702,17.9421,17.863525,22.368599,24.705244,25.851585,24.476227,28.70125,28.247587,29.914696,26.169933,28.818075,24.079264,25.038164,26.379848,27.622313,24.038889,27.571917,24.021063,24.963923,25.77144,24.471817,27.85106,25.103493,27.716194,23.534756,20.056978,19.69269,17.98742,20.9085,20.81273,20.930706,24.55478,24.373192,26.853481,28.985538,27.845072,24.52464,21.222443,18.903812,16.526684,16.312645,13.543751,13.881781,12.791839,15.467497,14.953455,19.295769,18.00035,20.239676,16.701548,13.093521,16.541382,13.244472,17.746477,18.497002,16.174835,15.14105,18.629984,20.48487,18.73975,16.885933,16.460392,13.0119705,16.586685,15.233959,19.59372
19,32.83664,28.623922,29.488432,24.933653,23.181738,25.7724,20.72458,25.423368,21.363354,25.526588,26.154459,24.656382,22.73383,20.012962,16.961897,13.494504,10.227025,7.005138,5.0669737,0.0,4.4289546,6.8206205,10.4579525,11.00483,15.040198,14.754656,12.990064,9.46554,9.565902,7.7359123,11.805825,10.361201,18.616663,18.232681,21.146206,24.34571,24.688988,23.144127,19.049265,14.597059,17.786055,13.064552,16.116482,15.076081,13.787681,14.512753,14.038728,18.354027,20.535797,21.412214,20.038546,24.166443,23.600073,25.683237,22.33352,25.485615,21.172537,22.628521,24.508825,25.311598,21.849855,24.556427,20.501516,21.371136,21.352991,20.493301,23.616882,20.98578,23.16312,19.284754,16.008724,15.252603,14.346078,16.995823,18.2085,18.415743,22.532549,23.039238,25.773832,28.273312,27.574966,23.901398,21.552435,18.494717,15.632363,14.678556,11.329831,9.726536,8.255224,10.573471,10.223183,14.764699,14.363508,17.095491,14.986754,10.517235,15.852899,13.212976,18.023535,17.357883,14.364905,14.874069,18.87187,21.322645,20.31214,17.963192,19.053583,14.442306,18.579086,17.055157,21.15736
20,36.730995,32.48064,33.56012,29.123255,27.3403,30.114405,24.944263,29.659603,25.418226,29.46221,29.716604,28.110216,26.085485,23.047869,20.25022,16.556366,13.344036,10.558094,7.151508,4.4289546,0.0,4.78347,6.418938,7.4396253,12.040963,12.006155,11.6902685,6.8710737,9.954517,7.9930196,12.712985,11.503953,19.52985,20.075352,22.068241,25.664118,25.686377,23.537773,20.024868,15.7713585,17.589138,12.528101,15.957798,14.054611,11.179544,12.579415,11.422562,15.876616,18.558292,20.02067,19.399408,23.745054,24.038864,26.26788,22.844688,26.12411,22.221249,23.32946,25.755093,27.094103,23.86287,26.708858,22.536682,23.927027,23.242203,23.222172,26.024786,23.62637,25.017826,21.540926,18.783691,17.571857,17.593077,19.305878,21.598045,21.238266,25.644377,26.170853,28.714376,31.442127,30.416227,26.650764,24.707235,21.533895,19.179356,17.445963,15.075057,12.161868,10.930251,12.086668,10.870164,15.390675,15.430818,18.962626,16.966818,13.669212,19.254095,17.067734,21.760687,21.242086,18.402103,19.24447,23.058245,25.175274,24.383774,22.229446,22.987982,18.637913,22.574942,20.729525,24.870523
21,36.625725,32.474953,34.204136,29.598793,28.38117,31.331766,26.715042,31.692291,27.912354,32.116318,32.747437,30.977402,28.617302,25.93828,22.41196,19.496725,15.264634,13.338764,8.779229,6.8206205,4.78347,0.0,5.6025476,8.826151,11.212158,12.803377,13.415182,9.456109,13.852009,12.607619,17.225069,15.950727,24.11367,24.134724,26.441751,29.889225,29.613127,27.636219,24.016584,19.834433,22.128761,17.194311,20.737608,18.679758,15.291338,16.428799,14.354989,18.420818,21.28425,22.673548,22.397367,26.525888,26.5588,29.404087,26.500341,30.10887,26.403906,27.788404,30.233341,31.22959,27.954367,30.267176,25.847345,26.636465,25.248554,24.830332,27.258667,24.316444,25.210777,21.283474,19.067902,19.068634,19.33896,22.043964,24.313871,24.674614,28.975113,29.71618,32.470467,35.04909,34.323837,30.607365,28.322866,25.276058,22.423353,21.280806,17.802933,14.967053,12.535924,12.818121,10.275031,14.055954,12.890186,16.481714,13.777592,12.369162,17.395897,16.072805,20.331516,20.279385,18.239603,19.60973,22.591326,23.937855,24.039919,22.399446,23.636507,20.184662,24.395426,23.321754,27.558506
22,40.778744,36.54844,38.26623,33.96715,32.43319,35.666843,30.64131,35.743946,31.683971,35.806923,36.12371,34.50072,32.367752,29.297123,26.389688,22.856005,19.340904,16.943497,12.792753,10.4579525,6.418938,5.6025476,0.0,4.9776053,7.6321697,9.28138,11.762877,7.3445835,13.936398,13.085065,17.599304,17.204779,24.681566,25.909714,27.232136,31.054071,30.814436,28.220764,25.287815,21.329998,21.955357,16.920977,20.209625,17.158325,12.488339,13.848848,11.047819,14.727398,17.965082,19.930933,20.512535,24.680534,25.716633,28.55368,25.664696,29.312506,26.228453,27.2798,30.300005,31.75975,28.834621,31.171532,26.725931,28.159527,26.207453,26.878338,28.996592,26.620213,26.75973,23.677616,21.903292,20.908792,22.072023,23.41794,26.870075,26.49867,31.10859,31.941788,34.47581,37.37345,36.36506,32.51318,30.950253,27.639368,25.311934,23.22927,20.872692,16.808434,15.125722,14.617963,12.086855,15.573714,15.810093,20.03867,18.42776,17.058311,22.686764,21.474287,25.805042,25.317713,22.913126,24.568972,27.895727,29.466164,29.467218,27.62898,28.683857,24.759705,28.810932,27.120478,31.283888
23,39.88132,35.590267,37.103943,33.24514,31.323843,34.88887,29.520443,34.878597,30.819962,34.942677,35.39393,34.272137,32.728683,29.528465,27.258991,23.126701,20.5928,17.225195,14.58796,11.00483,7.4396253,8.826151,4.9776053,0.0,5.9377503,5.133235,7.4039836,3.2684717,10.629452,11.028895,14.85826,16.167097,23.028141,25.14212,26.159145,30.104267,30.546507,27.800764,25.020716,20.989723,20.74102,15.550062,17.883762,13.89341,9.381121,9.516594,6.252473,9.880931,13.033294,14.960489,15.646154,19.801105,21.159122,23.931353,21.180305,24.940878,22.351217,23.505669,26.87182,28.22092,25.5958,27.543081,23.085243,24.850117,22.612299,24.050415,26.004862,24.228687,24.1422,21.849163,20.18292,18.167097,19.947815,20.139622,24.49939,23.707298,28.460983,29.568853,32.01635,35.144913,34.249634,30.286842,29.553234,25.918379,23.79112,21.05249,19.371113,14.305123,13.388204,12.485776,10.838504,14.3536625,16.158245,20.500616,20.284657,17.69206,24.162142,22.850563,27.387823,25.968552,22.94391,24.979391,28.853827,31.11413,30.933979,28.619896,30.05498,25.2481,29.27344,27.150768,31.023148
24,40.316044,36.146526,38.40527,34.78136,33.26655,37.361824,32.39758,38.30122,34.76297,39.106514,40.090794,39.112595,37.569874,34.603664,31.942135,28.109118,25.101011,21.823011,18.890991,15.040198,12.040963,11.212158,7.6321697,5.9377503,0.0,4.300019,8.51845,8.09041,14.998861,16.405348,19.940437,21.779276,28.752266,30.769205,32.00331,35.910347,36.421425,33.728912,30.85402,26.72598,26.653744,21.4514,23.547863,19.191496,14.786227,13.962462,9.98805,11.586673,14.436735,15.947418,17.368652,20.767357,21.965437,25.62394,23.948221,28.15278,26.284351,27.862492,31.420786,32.221306,29.774355,30.69435,25.955204,27.11115,23.560596,25.152302,26.277868,24.33884,23.01917,21.05945,20.5268,19.327887,21.992376,22.56278,27.549942,27.362877,32.073914,33.65642,36.310078,39.43655,38.987274,34.982765,34.392307,30.648075,28.053713,25.565037,23.030533,17.502968,15.730977,13.379635,10.718288,12.386236,14.447268,18.979534,19.722874,18.620382,24.968258,24.688925,28.753544,27.044615,24.501808,27.479372,30.807655,32.693657,33.443165,31.349482,33.581444,29.055897,33.39207,31.751417,35.603146
25,39.750553,35.524696,37.353462,34.006,32.08567,36.200596,30.911104,36.75033,33.083023,37.304745,38.19906,37.52499,36.386948,33.292233,31.195833,26.950727,24.737318,20.940546,19.006275,14.754656,12.006155,12.803377,9.28138,5.133235,4.300019,0.0,5.2045574,5.978866,12.091103,14.154875,17.00597,19.804083,26.104733,28.697369,29.641905,33.57467,34.5099,31.743238,29.043741,24.988482,24.312273,19.210314,20.619587,15.865079,11.960674,10.233748,6.2499027,7.486794,10.244911,11.778835,13.203857,16.747896,18.319054,21.688877,19.8987,24.049429,22.461826,23.992582,27.713058,28.558027,26.342758,27.208967,22.60245,24.185858,20.792791,22.995703,24.216898,22.867506,21.7626,20.411448,19.613527,17.343666,20.204157,19.70165,25.15395,24.472153,29.224426,30.854143,33.345314,36.60775,36.11121,32.09125,32.063644,28.187958,25.92656,22.956926,21.222296,15.282922,14.412204,12.246591,10.803301,12.958282,16.056149,20.432428,21.706457,19.280687,26.083963,25.356817,29.67968,27.49025,24.396803,27.25024,31.09058,33.54606,33.8273,31.367748,33.53465,28.404903,32.562767,30.503252,34.118355
26,35.490116,31.250149,32.761864,29.661606,27.50472,31.703611,26.336805,32.27605,28.812822,33.03517,34.253006,33.97178,33.27084,30.353035,28.548267,24.212479,22.64463,18.346195,17.808834,12.990064,11.6902685,13.415182,11.762877,7.4039836,8.51845,5.2045574,0.0,5.550227,8.266817,11.600478,13.593136,17.415546,23.505709,25.963768,27.34993,31.06164,32.560696,30.148838,27.115509,22.920345,22.73194,17.69108,18.428091,13.89111,11.802166,8.828641,6.3255043,7.9115133,9.4637375,9.823147,9.78181,13.484715,14.102272,17.472736,15.6899185,20.027203,18.24724,20.276714,23.7958,24.08374,21.830345,22.27057,17.555136,18.986391,15.773414,17.973495,19.422289,18.301506,17.790348,16.599287,15.403808,12.426673,15.384901,14.516127,20.16801,19.587708,24.286482,26.137777,28.719524,31.96625,31.798141,27.781317,28.043514,24.06575,21.654257,18.700289,16.920118,10.673249,10.330921,8.266664,8.439954,10.9942255,14.779799,18.647858,20.564299,16.785563,23.822687,22.861866,27.21688,24.400553,20.88365,23.81682,27.964844,30.964764,31.012793,28.237982,30.759384,25.157026,29.245045,27.163332,30.45954
27,37.57767,33.266613,34.503494,30.772789,28.643568,32.201523,26.694519,32.057938,28.011602,32.122746,32.686737,31.800478,30.547733,27.381817,25.376545,21.04885,19.034529,15.196422,13.603264,9.46554,6.8710737,9.456109,7.3445835,3.2684717,8.09041,5.978866,5.550227,0.0,7.39883,8.398272,11.92753,13.944837,20.741112,22.900377,24.129997,27.996588,28.833536,26.25948,23.28235,19.122055,19.061075,13.803738,15.700244,11.713994,8.291271,7.5795603,5.1320186,9.248006,11.920533,13.4228,13.398794,17.689297,18.689327,21.257362,18.337652,22.096924,19.309278,20.650017,23.926222,25.080948,22.415024,24.317753,19.870836,21.693743,19.799631,21.220276,23.392065,21.793283,22.14613,19.943281,17.935635,15.4395895,17.077715,16.983482,21.340813,20.455536,25.217361,26.379969,28.845114,31.996475,31.212383,27.22636,26.68863,22.956846,20.822216,17.964537,16.447649,11.209871,10.7797,10.285245,9.589152,13.523843,15.735232,19.807554,19.94932,16.341618,23.041124,21.456913,26.106396,24.30689,20.937317,22.909853,27.088545,29.757475,29.318481,26.750175,28.318565,23.093243,27.063808,24.803,28.505316
28,33.80928,29.537666,29.812841,26.444677,23.701736,26.94581,21.059383,26.09056,21.950413,25.859184,26.504282,26.214783,25.76215,22.6939,21.639116,16.929495,16.700865,12.070519,13.59477,9.565902,9.954517,13.852009,13.936398,10.629452,14.998861,12.091103,8.266817,7.39883,0.0,4.587818,5.4969277,9.839787,15.619977,17.874733,19.52222,23.044027,24.850945,22.787748,19.525259,15.380525,15.723692,11.037739,11.358952,8.34701,9.254101,7.3072066,8.624273,11.846335,12.839044,13.170244,11.104885,15.269463,15.269304,16.669764,12.989945,16.303131,12.644102,14.347783,17.163603,17.953295,15.104512,17.333908,13.169813,15.438295,15.284809,16.512104,19.439413,18.504932,20.293919,18.446413,15.487606,11.659773,12.23736,10.9094515,14.752179,13.226603,17.990086,19.10074,21.506992,24.721886,24.068592,20.053335,20.075035,16.150398,14.297918,10.922353,10.666105,5.7610717,8.042494,9.565074,11.5530205,15.566994,18.086227,21.115208,21.70414,16.129234,22.5844,20.228727,24.910639,22.458899,18.377405,19.689854,24.538565,28.124186,26.823792,23.705368,25.236532,19.130835,22.619473,19.878376,22.983217
29,35.733986,31.486788,31.490488,27.655546,24.996937,27.51548,21.655384,25.911654,21.23639,24.92059,24.845411,23.945362,22.977379,19.623638,18.51219,13.690478,13.377035,9.170296,10.390633,7.7359123,7.9930196,12.607619,13.085065,11.028895,16.405348,14.154875,11.600478,8.398272,4.587818,0.0,4.758364,5.8232517,12.802844,14.601221,16.223265,19.892275,21.096094,18.949726,15.5763445,11.324565,12.140686,7.1650176,8.941413,7.515341,8.180325,8.659999,10.276786,14.280024,15.846658,16.82816,15.114239,19.403622,19.707005,20.637619,16.427208,18.990911,14.650398,15.496445,17.779938,19.405434,16.273447,19.84531,16.273909,18.63663,19.40854,19.977703,23.25732,21.96364,24.19243,21.704237,18.35937,15.254907,14.769254,14.357133,16.531595,14.826003,19.284224,19.584509,21.771997,24.778772,23.488947,19.613861,18.710634,15.179607,13.794385,10.755891,11.036699,8.416227,10.145519,12.510989,13.741562,18.257448,19.768785,22.782589,22.066568,16.709133,22.523735,19.574818,24.386534,22.872698,19.036743,19.276007,24.080952,27.377539,25.511078,22.589327,23.069263,17.330893,20.53718,17.519117,20.992165
30,35.265537,31.129213,30.488365,27.189903,24.080896,26.405708,20.34397,24.195807,19.498512,22.814692,22.652952,22.401785,22.29027,18.992872,19.03256,14.023899,15.45365,11.177019,14.197697,11.805825,12.712985,17.225069,17.599304,14.85826,19.940437,17.00597,13.593136,11.92753,5.4969277,4.758364,0.0,6.3399873,10.269624,12.999796,14.330936,17.757635,19.944378,18.028883,14.956173,11.25756,11.27171,7.697161,6.7854996,6.29526,10.038833,9.403057,12.318695,15.341669,15.935356,16.349253,13.875936,17.705662,17.825552,17.717392,13.084937,14.93698,10.203676,10.9538555,13.044046,14.735524,11.70178,15.762621,12.830506,15.855646,17.729332,18.641098,22.063286,21.558851,24.213905,22.436426,18.985401,15.011028,14.230927,12.20971,14.119573,11.356908,15.684653,15.882137,17.769949,20.976864,19.625269,15.69573,15.8521805,12.110758,11.620372,7.55935,10.32116,8.543117,11.774687,14.346684,16.584373,20.705303,22.782696,25.408348,25.356203,19.348854,24.988922,21.882513,26.50824,24.459728,20.305674,20.300478,25.376278,29.202753,26.913198,23.681055,24.149536,17.93598,20.506706,17.007671,19.7154
31,36.945843,32.879097,32.113224,28.134962,25.373796,26.768484,21.055445,23.891771,18.696396,21.731194,20.681213,19.340797,18.227303,14.584248,14.272433,9.271227,10.597886,7.5634475,10.32725,10.361201,11.503953,15.950727,17.204779,16.167097,21.779276,19.804083,17.415546,13.944837,9.839787,5.8232517,6.3399873,0.0,8.291353,8.992217,10.988623,14.474868,15.449259,13.683114,9.895926,5.5673113,8.11503,4.8858876,7.163894,9.500508,11.672522,13.28899,15.583481,19.46253,20.839712,21.831621,19.814737,23.865396,23.997015,24.033497,19.370634,20.799543,15.771529,15.78192,16.835651,19.081198,15.797746,20.741148,18.251163,20.702385,23.025368,22.920147,26.641783,25.393652,28.452244,25.70135,21.890322,19.093613,17.336433,17.180277,17.186407,15.098377,18.702406,17.919277,19.626095,22.243374,20.230455,16.742498,14.921709,12.163198,11.95699,9.609761,11.547375,12.055253,14.070722,17.266296,18.642519,23.202168,24.012333,26.49279,24.875038,19.374964,23.943562,20.244251,24.828762,24.076046,20.455032,19.146112,23.892385,27.17002,24.260296,21.436615,20.492785,15.118066,17.266165,13.624547,16.986074
32,41.097965,37.305576,35.50425,32.223408,29.00204,29.524044,23.9597,25.100883,19.813393,21.350197,18.90829,18.15911,18.294336,14.67719,17.075869,12.751199,16.624884,14.686078,18.22495,18.616663,19.52985,24.11367,24.681566,23.028141,28.752266,26.104733,23.505709,20.741112,15.619977,12.802844,10.269624,8.291353,0.0,5.851032,4.337126,7.82484,10.461634,8.826516,7.1022353,6.774158,5.3229613,8.15333,6.195007,11.486984,15.855033,17.284676,20.74176,23.645317,24.194304,25.007954,22.719501,26.090406,26.590445,25.028162,19.995087,19.513851,14.737751,13.080529,12.63977,16.240128,13.878674,20.131927,19.530346,22.770594,26.480873,26.847239,30.601677,30.314985,33.718426,31.757397,27.913677,24.344372,22.365692,20.525703,19.659262,16.202856,18.461002,16.578405,16.815073,19.223972,15.960911,13.2755165,12.832644,11.3017235,13.976251,11.364607,16.479403,17.914862,20.94002,24.121733,26.115963,30.475014,31.803509,34.09989,32.839466,26.962128,31.153791,27.218447,31.459452,30.551867,26.81276,24.862902,29.616844,33.227814,29.516222,26.611921,24.778757,19.702314,20.108305,15.717218,17.372618
33,38.947487,35.346104,33.314358,29.702383,26.787603,26.462704,21.44795,21.616116,16.244734,17.450718,14.539378,12.971748,12.585796,8.911338,11.786466,8.304125,13.110401,12.561074,16.66836,18.232681,20.075352,24.134724,25.909714,25.14212,30.769205,28.697369,25.963768,22.900377,17.874733,14.601221,12.999796,8.992217,5.851032,0.0,5.173093,6.49912,8.305431,8.681872,4.879928,5.127895,8.936466,11.078655,11.080672,15.959358,19.547941,21.1619,24.090456,27.54729,28.399237,29.090368,26.587551,30.049284,29.80542,28.631962,23.859512,23.67802,18.501844,17.578634,16.426256,18.99026,16.156834,22.167719,21.566025,23.928152,28.112974,27.37926,31.392971,30.559334,34.534348,31.902487,27.775278,25.12544,22.24319,21.87482,19.339125,16.882761,18.44833,16.046772,16.492119,18.112984,14.956889,12.8136215,9.947895,9.712486,12.201362,11.585334,15.521276,18.75344,21.202164,24.88373,26.754835,31.11395,31.595407,33.32502,31.337051,25.623302,28.625206,24.402807,28.206734,27.978476,24.71153,21.76744,26.083118,29.43589,25.217436,22.593447,19.907328,15.631013,15.185806,10.84726,12.454467
34,43.576458,39.915535,37.87666,34.461174,31.386738,31.259476,26.087416,26.28135,20.983389,21.843546,18.518608,17.218216,17.070082,13.526015,16.572897,13.1314535,17.30224,16.525843,19.77296,21.146206,22.068241,26.441751,27.232136,26.159145,32.00331,29.641905,27.34993,24.129997,19.52222,16.223265,14.330936,10.988623,4.337126,5.173093,0.0,4.1459384,6.1886606,5.0422983,4.541926,7.088682,6.415765,10.749575,9.886327,15.273302,19.05282,21.068132,24.372936,27.444992,28.182627,29.169334,26.998133,30.39904,30.918007,29.282127,24.261501,23.520866,18.847282,16.97434,15.965819,19.611057,17.428986,23.79343,23.524597,26.566195,30.550194,30.582563,34.44304,33.985,37.593536,35.355667,31.385153,28.160427,25.841244,24.487484,22.900585,19.70639,21.391624,18.996458,18.83179,20.642857,16.905405,15.055471,13.739576,13.420649,16.439148,14.743074,19.502876,21.629723,24.37431,27.72825,29.503149,33.967335,34.87143,37.04715,35.200947,29.58097,33.132442,28.98902,32.99821,32.68923,29.255074,26.663803,31.090843,34.402744,30.274294,27.676395,24.907516,20.70898,20.325132,16.008844,17.326164
35,44.340477,40.915813,38.42125,35.198997,32.154198,31.354088,26.650187,25.772202,20.72908,20.706274,16.692516,15.449763,15.777527,12.792706,16.828331,14.394145,19.160412,18.989433,22.646158,24.34571,25.664118,29.889225,31.054071,30.104267,35.910347,33.57467,31.06164,27.996588,23.044027,19.892275,17.757635,14.474868,7.82484,6.49912,4.1459384,0.0,4.7050576,6.2419066,6.686612,10.11634,10.516983,14.824218,13.807496,19.195509,23.16747,25.019897,28.36879,31.39555,31.985607,32.79025,30.409012,33.581062,33.80292,31.862907,26.979557,25.790676,21.199959,19.2843,17.418125,20.765951,18.85498,25.196735,25.571669,28.37249,32.940258,32.628788,36.559525,36.188072,40.141346,37.891304,33.820312,30.77265,28.049482,26.834099,24.335745,21.281773,22.102678,19.212883,18.508022,19.667515,15.610723,14.734062,13.1563835,14.050599,17.61241,16.713861,21.568502,24.530352,27.302628,30.84592,32.788967,37.17447,37.90609,39.75712,37.795326,32.105457,35.060753,30.801651,34.458244,34.319794,31.071379,27.979212,32.138866,35.427723,30.91669,28.458351,25.20444,21.599743,20.309074,16.171335,16.535791
