,0,1,2,3,4,5,6,7,8,9,10,11,12,13,14,15,16,17,18,19,20,21,22,23,24,25,26,27,28,29,30,31,32,33,34,35,36,37,38,39,40,41,42,43,44,45,46,47,48,49,50,51,52,53,54,55,56,57,58,59,60,61,62,63,64,65,66,67,68,69,70,71,72,73,74,75,76,77,78,79,80,81,82,83,84,85,86,87,88,89,90,91,92,93,94,95,96,97,98,99,100,101,102,103,104,105,106,107,108,109,110,111
0,0.0,3.7617745,7.168628,9.739742,12.403925,13.734945,17.68747,19.947348,23.495476,26.178205,29.233423,32.23067,33.34881,34.464478,31.563545,32.635906,31.078514,29.458641,31.936993,28.408503,31.466263,31.291025,33.56078,31.077627,30.145561,27.700285,27.31516,29.481375,24.743685,29.05299,26.573814,32.713642,35.034527,37.457443,39.623177,42.13646,45.522156,44.13011,41.599712,38.15477,37.283615,34.48819,32.021736,28.58974,31.74049,26.994234,29.255241,27.901707,29.539822,30.369553,30.39601,32.2247,32.475945,33.304676,34.59216,38.236332,35.454624,38.849335,39.118538,35.83501,33.29452,30.719503,27.7259,23.789501,23.179033,18.216017,18.008276,14.946577,18.19372,15.578828,17.917166,22.140612,22.862993,28.976036,30.326769,32.97757,36.38223,37.535812,40.52209,42.872948,41.473846,37.96113,34.745117,32.244648,28.5377,29.59372,23.89492,24.749868,20.585186,20.528208,16.77191,17.351875,14.386733,15.243047,18.704252,22.082964,20.908533,24.428585,20.135626,25.072014,23.813902,29.766296,29.979895,33.625908,37.11428,35.40275,32.049683,32.43181,27.374022,25.613888,23.188606,20.610786
1,3.7617745,0.0,4.7516704,6.1299605,9.161629,10.22532,14.259172,16.530632,19.896461,22.698505,25.559198,28.536343,29.593266,30.736029,27.869526,29.060894,27.656961,26.17959,28.921038,25.638865,28.961523,28.963995,31.57118,29.105072,28.783186,26.5683,26.162916,27.853523,22.691673,26.812521,24.224905,30.175415,32.484367,34.515247,36.9557,39.287434,42.71488,41.539402,38.849983,35.417347,34.982986,32.286133,29.864597,26.784973,30.189655,25.569422,28.143646,27.072355,29.069038,29.992037,29.729292,31.95968,32.14783,32.62911,33.427486,36.929886,33.735462,36.976837,37.210693,34.236725,31.473297,29.551624,26.378881,22.727238,22.605549,17.366695,17.963285,14.494571,18.08371,14.583141,15.977871,20.304152,20.34748,26.67113,27.488285,30.126347,33.333923,34.324005,37.22554,39.581295,38.015675,34.498497,31.283758,28.811039,25.266737,26.27681,20.791534,21.947643,17.98184,18.472496,14.969426,16.294619,13.406981,13.350267,16.62705,19.71815,18.061766,21.362658,16.829674,21.547813,20.255705,26.116623,26.480875,30.062193,33.589695,32.04057,28.6708,29.438004,24.298704,22.797935,20.567059,18.320328
2,7.168628,4.7516704,0.0,5.219159,6.295862,7.6279845,11.155205,13.533734,17.052456,19.680412,23.364653,26.088018,27.709433,28.85132,26.647993,27.455988,26.856077,24.905066,28.383808,24.91823,28.30342,29.103317,31.349094,28.28095,28.62975,26.158457,24.990396,26.169544,20.177889,23.96096,20.786367,26.841997,28.37552,30.775738,32.883324,35.213757,38.76673,37.521896,35.123898,31.937654,31.084524,28.820438,26.012465,23.333239,27.250788,23.034328,26.065876,25.458643,27.403725,27.873505,27.087286,29.235891,28.951654,29.010574,29.797295,33.02227,29.711601,32.881344,32.83685,29.793854,27.029104,25.266306,22.361938,18.721802,19.562506,14.160964,15.508262,12.540478,17.140562,13.95268,14.680073,18.094807,17.746626,24.362417,24.587358,27.750792,30.705801,31.478148,34.40901,36.499786,35.081112,31.750818,28.141966,25.939684,22.216515,23.921904,18.188383,20.371159,16.825964,18.002535,15.334455,17.042149,15.0952425,15.014098,17.85888,20.34171,18.017353,20.978128,15.788918,19.809858,17.832129,23.749632,23.382967,26.9946,30.369473,28.428473,25.10542,25.26905,20.33596,18.45058,16.195686,13.65617
3,9.739742,6.1299605,5.219159,0.0,3.8213272,5.779154,8.468046,11.895194,14.301668,17.662716,20.304935,22.891304,23.856762,24.795,22.074667,23.053192,22.011896,20.433147,23.705667,20.645119,24.283413,24.830452,27.684025,25.087597,25.840784,23.949953,23.356842,24.18246,18.436806,22.139803,19.494595,25.042496,27.521423,28.96075,31.7985,33.95883,37.32235,36.40127,33.451527,30.000166,30.221752,27.608734,25.374786,22.832808,26.499683,22.216415,25.220825,24.671766,27.158216,28.177275,27.461445,30.290468,30.435898,30.407093,30.362762,33.63499,29.885277,32.86437,33.183746,30.787096,27.732079,26.852554,23.344694,20.37346,20.857313,15.586187,17.417229,13.64395,17.41681,12.920287,12.433546,16.525167,15.431976,21.931278,21.966845,24.589304,27.534807,28.365164,31.19705,33.57708,31.934301,28.392134,25.291817,22.737331,19.317783,20.26217,15.016435,16.699694,13.237586,14.777039,12.23297,14.7287855,12.67704,11.309728,13.776878,15.983974,13.393983,16.212896,11.157933,15.492841,14.134823,20.04277,20.524244,24.234257,27.843494,26.536846,23.113369,24.431576,18.945305,18.171387,16.012049,14.747588
4,12.403925,9.161629,6.295862,3.8213272,0.0,5.4685855,5.53748,10.437809,12.250062,15.813059,19.049715,21.127523,22.45397,23.166044,20.989183,21.343311,20.94455,18.764193,22.595459,19.280094,22.86437,24.139038,26.551325,23.443304,24.771015,22.713778,21.51962,21.859125,15.49019,18.909914,15.904938,21.523563,23.741192,25.399628,28.070572,30.331781,33.684258,32.67044,29.833265,26.462742,26.468845,24.030758,21.638998,19.344418,23.32024,19.366865,22.708239,22.560421,25.065432,25.818695,24.71936,27.62076,27.540031,27.204512,26.943918,30.053486,26.172653,29.09491,29.382227,27.07814,23.978796,23.367447,19.842411,17.135357,18.165648,12.989854,15.521266,12.113253,16.29155,12.059596,10.724833,13.897288,12.365506,19.083609,18.73421,21.749254,24.586555,25.362085,28.280787,30.520458,29.118523,25.669401,22.408752,19.899717,16.18745,17.642988,12.028686,14.548169,11.547156,13.707959,12.162423,14.864868,13.812738,12.647958,14.519808,16.033052,12.986276,15.424842,9.94086,13.642862,11.761642,17.888758,17.740566,21.70504,25.239634,23.681032,20.243328,21.164333,15.486613,14.813097,12.315967,11.420238
5,13.734945,10.22532,7.6279845,5.779154,5.4685855,0.0,6.0774274,6.354702,9.965004,12.476154,15.778881,18.74017,20.468742,22.01442,20.232174,21.705095,21.91709,20.669321,24.94294,22.54877,26.499722,27.68434,30.733324,27.930998,29.667221,27.889189,26.7921,26.789505,20.128994,22.938608,19.464684,24.549223,25.454464,26.669832,29.442232,31.038979,34.82508,34.28403,31.625767,28.7143,29.02587,27.38171,24.651932,23.338789,27.780682,24.267797,27.824615,27.882252,30.393427,30.97578,29.609137,32.372105,31.85878,31.097887,30.830444,33.448116,29.234951,31.820688,31.448254,29.261028,26.064608,26.148142,23.284014,20.654371,22.791569,17.583403,20.258677,17.211002,21.654968,17.457293,15.995757,18.941,16.593798,23.265553,21.598974,24.728231,26.803562,26.851707,29.39653,31.34519,29.275187,26.07035,22.185356,20.415003,17.494476,19.305906,14.791749,18.23495,15.904257,18.489326,16.909506,19.79378,18.177914,16.344814,18.21096,19.611376,16.210257,17.965714,12.444597,14.642719,12.1493845,17.296148,17.248264,20.29381,23.694843,22.153309,18.86709,20.205418,15.6067295,14.273202,13.422938,11.976968
6,17.68747,14.259172,11.155205,8.468046,5.53748,6.0774274,0.0,6.952364,7.042177,10.952031,14.24674,15.867969,17.527285,18.276114,16.879942,17.162525,17.925583,15.850531,20.637117,18.063444,21.902262,23.888914,26.508293,23.360397,25.934715,24.308964,22.849863,22.065725,15.15244,17.360872,13.957259,18.623255,20.08296,20.974773,24.02098,25.807924,29.316723,28.749151,25.819386,22.741594,23.463276,21.692993,19.282383,18.330698,22.762003,19.741339,23.496086,24.044493,26.783827,27.38169,25.703766,28.888922,28.477985,27.420237,26.370045,28.859112,24.34958,26.752384,26.756964,25.14908,21.79256,22.66621,19.366516,17.653522,19.885777,15.32476,18.71565,15.873942,19.87365,15.693557,12.828304,14.62563,11.32363,17.774534,15.555885,18.810638,20.817156,20.971437,23.666712,25.696728,23.997223,20.693968,17.080603,14.903197,11.574171,13.5973215,8.914936,13.195817,11.864753,15.2073765,15.057321,18.262575,17.84536,15.905126,16.778261,17.105577,13.277704,14.324817,8.761053,9.905969,6.985441,12.777572,12.307235,16.17358,19.703949,18.258543,14.806551,16.356112,10.689903,10.794791,9.254119,9.814133
7,19.947348,16.530632,13.533734,11.895194,10.437809,6.354702,6.952364,0.0,5.344857,6.2799296,10.523486,13.521018,16.166288,18.219812,17.78689,19.510221,21.194279,20.298454,25.374475,23.804916,27.854599,29.69875,32.83312,29.956106,32.736645,31.233816,29.782175,28.847296,21.772976,23.396196,19.516798,23.481031,22.867342,23.404652,26.239864,27.079777,31.163336,31.169806,28.735472,26.470955,27.232746,26.622864,23.722832,23.879177,28.762878,26.220327,30.134842,30.821365,33.424866,33.72226,31.774223,34.615635,33.627136,32.119373,31.292421,33.13545,28.434446,30.399899,29.448317,27.88308,24.57423,26.088804,23.816942,22.039278,25.444302,20.769838,24.133312,21.658262,26.180447,22.137264,19.687054,21.45015,17.951431,24.107382,20.669598,24.015879,24.987541,24.151245,26.244383,27.687746,25.177843,22.450817,17.900833,17.146173,15.191461,17.722816,14.752595,19.511145,18.57423,21.938375,21.394009,24.605661,23.534906,21.279903,22.424564,22.90348,18.989433,19.520395,14.336157,13.831095,10.472283,13.788159,13.093291,15.125709,18.207432,16.573092,13.539139,15.327979,12.058202,10.760174,11.914557,11.357566
8,23.495476,19.896461,17.052456,14.301668,12.250062,9.965004,7.042177,5.344857,0.0,4.6033797,7.4524903,9.159834,11.609586,13.201399,13.221094,14.498281,16.891048,16.03179,21.427319,20.427637,24.420828,26.658775,29.819561,27.111235,30.64168,29.593971,28.221968,26.599411,19.850111,20.687529,17.300436,20.119633,20.022364,19.422329,22.936386,23.550798,27.359306,27.7088,24.825949,22.511286,24.331697,23.718235,21.417313,22.161528,26.762358,24.731014,28.609943,29.62795,32.49286,32.98936,30.917095,34.18697,33.423737,31.711262,30.056253,31.700968,26.67974,28.267332,27.666237,26.930973,23.488432,25.98486,23.369553,22.498846,25.71463,21.625126,25.307007,22.776993,26.67478,22.44493,19.035076,20.1517,15.868801,21.169357,16.866436,19.838945,20.297455,19.216463,21.140945,22.690321,20.040161,17.209604,12.913846,12.044109,10.762058,13.053677,11.566746,16.54713,16.775572,20.564825,20.991987,24.451654,24.004435,21.3516,21.648315,21.210304,17.111565,16.637794,12.232393,9.7419405,6.28487,8.474478,8.064823,10.395151,13.850934,12.91343,9.694311,13.078814,9.295742,10.184959,11.461399,12.8618355
9,26.178205,22.698505,19.680412,17.662716,15.813059,12.476154,10.952031,6.2799296,4.6033797,0.0,5.933925,8.209268,11.872752,14.283588,15.502067,17.271269,20.357452,19.92855,25.388205,24.766987,28.706127,31.043198,34.217457,31.478657,35.155045,34.055134,32.482685,30.720707,23.797813,24.244028,20.520641,22.901045,21.213861,20.54031,23.626059,23.548115,27.70039,28.40929,26.057224,24.461853,26.06596,26.33577,23.692144,25.175732,30.05724,28.439703,32.44926,33.63587,36.359077,36.56454,34.241524,37.252052,36.063023,34.000397,32.46365,33.598072,28.529554,29.764635,28.497978,27.861176,24.54428,27.506933,25.618883,24.834661,28.811934,24.792486,28.542412,26.364922,30.611223,26.610762,23.387472,24.24199,19.95988,25.076056,20.181229,23.302324,23.065083,21.334793,22.784765,23.714592,20.70605,18.58008,13.675405,14.168936,13.791708,16.5255,15.733794,20.962536,21.336376,25.126505,25.462795,28.87952,28.281525,25.668497,26.121042,25.755465,21.663189,21.052599,16.808584,13.918316,10.59824,10.766608,9.58698,9.863053,12.496116,11.194545,8.674648,11.872253,10.554304,10.462513,13.286527,14.182865
10,29.233423,25.559198,23.364653,20.304935,19.049715,15.778881,14.24674,10.523486,7.4524903,5.933925,0.0,4.4669924,6.9762897,10.21186,11.553206,14.570909,17.70554,18.615202,23.613167,24.214472,28.186161,30.119457,33.939377,31.976898,35.93445,35.474686,34.515728,32.545822,26.33621,26.571905,23.658516,25.137766,24.439516,22.350224,26.213692,25.652756,29.36544,30.64675,27.767767,26.111721,29.02186,29.016615,27.127733,28.64816,33.032627,31.408648,35.17359,36.298786,39.317814,39.95929,37.839466,41.23504,40.436356,38.478943,36.449574,37.628426,32.41484,33.40072,32.508038,32.466797,29.103622,32.45111,30.167551,29.661552,33.051796,29.068659,32.744495,30.089132,33.791576,29.271063,25.680367,26.905893,22.354635,26.74721,21.674435,23.789213,23.082737,21.1133,21.97442,23.107437,19.394028,17.30401,13.5228,14.058298,15.134009,16.43866,17.427343,21.749811,22.635962,26.416906,26.923662,30.517372,29.810768,26.56562,26.498276,25.667868,21.726706,20.316313,17.310326,13.429632,11.473092,9.198895,10.327707,9.244049,11.787881,12.51656,10.727854,15.7633295,14.504716,15.748594,18.189426,19.64679
11,32.23067,28.536343,26.088018,22.891304,21.127523,18.74017,15.867969,13.521018,9.159834,8.209268,4.4669924,0.0,4.48166,7.0722733,10.189617,12.199872,16.385124,17.146595,22.241024,23.228968,26.878986,29.279366,32.782837,30.825495,35.31288,35.076675,33.98882,31.498547,25.657677,25.13277,22.604727,22.965008,22.197432,19.228687,23.346956,22.441763,25.859407,27.470005,24.47049,23.087477,26.637154,26.918856,25.456429,27.57125,31.68947,30.674715,34.363415,35.79652,38.84457,39.45771,37.1789,40.70212,39.92877,37.757885,35.222137,36.078957,30.784565,31.362911,30.613596,31.209984,27.911661,31.922167,29.661983,29.81584,33.225945,29.797493,33.64132,31.207016,34.578026,30.249262,26.225798,26.71221,21.904957,25.332426,19.647488,21.426222,19.98724,17.586573,18.041012,18.96618,15.085429,13.299399,9.82196,11.007357,13.231703,14.360528,16.77639,21.053402,22.798773,26.692327,27.897242,31.483784,31.312637,28.104275,27.557673,26.14043,22.255985,20.226675,17.97961,12.96998,11.427626,6.9375772,7.937795,5.566095,7.9474015,9.744966,8.536594,14.353967,13.583544,15.907899,18.376139,20.70312
12,33.34881,29.593266,27.709433,23.856762,22.45397,20.468742,17.527285,16.166288,11.609586,11.872752,6.9762897,4.48166,0.0,3.6831522,6.5862103,9.526474,13.372326,15.190923,19.617094,21.488493,25.044144,27.036566,30.951826,29.648333,34.18422,34.435677,33.882656,31.375578,26.281696,25.808126,24.031607,24.01753,24.586689,20.984108,25.597761,24.7977,27.672693,29.397646,25.891203,24.149792,28.494368,28.186823,27.360949,29.099203,32.691128,31.505953,34.891964,36.175236,39.414303,40.417545,38.41572,42.22096,41.86635,39.944138,37.143677,38.253757,32.992336,33.59683,33.354965,34.163746,30.83531,34.73664,32.017162,32.23088,34.966293,31.57259,35.25919,32.464497,35.310898,30.684217,26.505283,27.314552,22.557253,25.397253,20.116182,20.95865,19.540102,17.410343,17.607553,19.0443,15.004788,12.904652,11.254854,11.537759,14.25608,13.903852,17.292746,20.481895,22.48599,26.189518,27.51925,31.118233,30.949697,27.416039,26.442642,24.67133,21.088963,18.533663,17.45525,12.214233,12.068518,6.864551,10.02596,8.466307,10.683526,13.394105,12.256654,18.231474,16.614435,19.466612,21.27992,23.813784
13,34.464478,30.736029,28.85132,24.795,23.166044,22.01442,18.276114,18.219812,13.201399,14.283588,10.21186,7.0722733,3.6831522,0.0,5.15369,6.5057907,10.993646,12.751183,16.965975,19.204298,22.4359,24.651539,28.353676,27.21329,32.032692,32.54813,32.083897,29.302332,24.81857,23.96381,22.804457,22.074644,23.456144,19.325747,24.231586,23.574898,25.957293,27.697136,23.855541,21.941298,26.861137,26.294899,26.024673,27.777033,30.909412,29.98363,33.146423,34.529343,37.817307,38.95129,37.00939,40.97139,40.8452,38.977127,35.83016,36.94822,31.750786,32.23005,32.405266,33.55649,30.284588,34.31583,31.369228,31.954033,34.30728,31.320946,34.97905,32.22992,34.614964,30.105862,25.682178,26.10514,21.360453,23.30891,18.058125,18.267935,16.592976,14.557503,14.6060095,16.380144,12.507391,10.1143875,9.915541,9.637177,12.917697,11.700628,16.178215,18.754835,21.350462,24.960072,26.793161,30.30575,30.55029,27.074615,25.677456,23.439821,20.082907,17.06516,16.891012,11.212373,11.904731,6.0559196,9.709231,8.8312645,10.966559,14.022426,12.947517,18.844131,16.763212,20.294685,21.60905,24.641249
14,31.563545,27.869526,26.647993,22.074667,20.989183,20.232174,16.879942,17.78689,13.221094,15.502067,11.553206,10.189617,6.5862103,5.15369,0.0,5.101925,7.047616,9.922116,13.506052,15.955704,19.477852,20.919312,25.244328,24.594177,28.92644,29.64844,29.776022,27.486723,23.431799,23.38676,22.627499,22.743849,25.558586,22.01109,27.029108,27.061796,29.351616,30.619598,26.453203,23.784903,28.548561,27.02134,26.924852,27.648497,30.468859,28.787344,31.690937,32.640743,36.067055,37.603786,36.09827,40.2154,40.52137,39.13522,36.199287,37.93419,32.891285,33.86907,34.478065,35.180832,31.816298,35.074142,31.591183,31.72266,33.275234,29.995878,33.328636,30.109941,32.11705,27.25598,23.000807,24.26768,19.876373,22.121445,18.086935,17.875843,17.41804,16.466515,17.179953,19.680374,16.393343,13.271274,13.405742,11.602276,13.550318,11.240464,14.902492,16.301401,18.409386,21.705276,23.215849,26.70698,26.702158,22.978966,21.431694,19.221272,16.109795,13.036539,13.567875,8.733585,10.707534,7.1948524,11.868649,12.697237,15.5373955,17.971426,16.130331,21.755873,18.28753,21.62815,22.116798,24.84266
15,32.635906,29.060894,27.455988,23.053192,21.343311,21.705095,17.162525,19.510221,14.498281,17.271269,14.570909,12.199872,9.526474,6.5057907,5.101925,0.0,5.4165196,6.521468,10.625117,12.944425,15.97616,18.312347,21.876995,20.952147,25.836584,26.663296,26.551971,23.7592,20.293913,19.559816,19.48925,18.65009,22.302753,18.419226,23.569807,23.920437,25.682709,26.78584,22.347652,19.45127,24.653221,22.897245,23.403616,24.270544,26.594353,25.434124,28.146729,29.372063,32.772835,34.290977,32.719414,36.938152,37.388203,35.968693,32.6275,34.274334,29.351612,30.160757,31.215635,32.30154,29.069101,32.50907,28.896255,29.599646,30.870558,28.285774,31.65062,28.760391,30.30084,25.8762,21.290169,21.60675,17.212296,18.191376,14.030073,13.178713,12.497861,11.887458,12.817918,15.752577,13.208765,9.658079,11.17369,8.512584,10.709003,7.3760343,12.533546,13.431448,16.55556,19.82332,22.207392,25.514265,26.278406,22.963263,20.997265,18.20515,15.292851,11.786062,13.114163,7.7527294,10.277751,6.774955,10.706581,12.4232235,15.107351,17.410769,15.635312,20.761059,16.93018,20.966707,20.911629,24.275063
16,31.078514,27.656961,26.856077,22.011896,20.94455,21.91709,17.925583,21.194279,16.891048,20.357452,17.70554,16.385124,13.372326,10.993646,7.047616,5.4165196,0.0,4.761263,6.4971123,9.7039,12.861193,14.026011,18.450974,18.433167,22.703833,23.981234,24.739288,22.543783,20.090834,20.24902,20.871012,20.798758,25.82016,22.534182,27.587236,28.473576,30.03176,30.73392,26.11496,22.655075,27.592812,24.874006,25.691235,25.424215,27.142572,25.216461,27.428743,28.11955,31.646214,33.679504,32.679577,37.04421,38.03983,37.185123,34.05065,36.303024,31.682564,32.928013,34.446545,35.15194,31.92467,34.54977,30.43982,30.730917,30.982668,28.261583,31.14886,27.798883,28.662518,23.958548,19.649872,20.872643,17.207417,18.07325,15.832355,14.250481,15.034787,15.647456,16.944113,20.239706,18.230455,14.623987,16.253025,13.015522,13.817838,9.761051,13.333779,12.08538,14.639986,17.206924,19.358454,22.48855,23.11939,19.601257,17.205595,14.164978,11.995854,8.153708,11.436128,8.221683,11.942463,10.935653,15.002055,17.376776,20.336845,22.368176,20.207933,25.058409,20.340912,24.051922,23.231758,26.218609
17,29.458641,26.17959,24.905066,20.433147,18.764193,20.669321,15.850531,20.298454,16.03179,19.92855,18.615202,17.146595,15.190923,12.751183,9.922116,6.521468,4.761263,0.0,5.75583,6.47168,9.8645,12.359567,15.777928,14.716228,19.366753,20.255669,20.505104,18.048813,15.495356,15.512385,16.422861,16.40442,22.10596,19.376917,24.21328,25.664951,27.131493,27.35475,22.731544,18.904816,23.46224,20.372456,21.31856,20.800713,22.382402,20.553856,22.814169,23.683086,27.17775,29.089941,27.998724,32.374374,33.395203,32.571632,29.38576,31.747879,27.261227,28.655252,30.435066,31.052887,27.910164,30.316137,26.081968,26.58373,26.642746,24.327085,27.242477,24.188751,24.907162,20.590422,16.034855,16.521181,12.860767,13.324045,11.414519,9.906302,11.610168,12.981501,15.057387,18.49708,17.298138,13.442201,14.82468,10.943453,10.626062,6.265538,9.464729,7.7545547,11.092304,13.858894,16.696638,19.72977,20.991611,18.034605,15.648726,12.466112,10.064414,6.443622,9.350064,6.470799,10.093434,10.544258,13.474921,16.852777,19.92922,21.278406,18.883762,22.922464,17.651024,21.50122,20.059582,23.299173
18,31.936993,28.921038,28.383808,23.705667,22.595459,24.94294,20.637117,25.374475,21.427319,25.388205,23.613167,22.241024,19.617094,16.965975,13.506052,10.625117,6.4971123,5.75583,0.0,5.2568927,6.947911,7.9701567,12.170325,12.977316,17.191603,19.141115,20.545692,18.454096,18.12841,18.376293,20.42885,20.075462,26.780993,23.950129,28.695763,30.284197,31.145714,31.292028,26.511745,22.553808,27.316637,23.610035,25.303286,24.132454,24.572845,22.581825,23.912197,24.35298,27.863188,30.33984,29.863947,34.355965,36.0021,35.660004,32.3867,35.036602,30.994001,32.41866,34.730934,35.448887,32.479973,34.478676,29.96845,30.479887,29.497164,27.555346,29.910162,26.676577,26.307028,22.132425,18.042591,18.876486,16.377386,15.381386,15.44057,12.573504,14.649753,16.711786,18.394829,21.994215,21.222733,17.670542,20.072777,16.308378,16.141106,11.658899,14.297502,10.427608,13.228015,14.564789,17.460424,19.892357,21.360218,18.481903,15.368864,11.59802,11.098362,7.5662913,12.753408,11.732639,15.544728,15.991138,19.168768,22.278051,25.159906,26.817146,24.562708,28.604418,23.277456,27.073921,25.28402,28.377153
19,28.408503,25.638865,24.91823,20.645119,19.280094,22.54877,18.063444,23.804916,20.427637,24.766987,24.214472,23.228968,21.488493,19.204298,15.955704,12.944425,9.7039,6.47168,5.2568927,0.0,4.2732944,6.6683817,9.742032,8.946782,13.070802,14.381819,15.503739,13.705259,13.368315,14.344175,16.579567,17.230268,24.462759,22.758255,27.042898,29.280348,30.314245,29.833979,25.255478,20.93465,24.67288,20.412422,21.925173,19.908766,20.228558,17.699373,19.001722,19.277245,22.812908,25.309364,24.963182,29.428965,31.200085,31.130003,28.166357,31.211105,27.436636,29.300514,31.791426,32.022038,29.137577,30.418724,25.707489,26.017967,24.52675,22.752483,24.896748,21.761717,21.144531,17.214058,13.144589,13.851533,12.008158,11.164879,12.830751,10.651314,14.188891,16.872913,19.327847,22.859453,22.589987,18.857494,20.339605,16.248318,14.651631,10.868159,11.285146,6.0656333,8.639487,9.639332,13.0628,15.333133,17.333021,15.0855665,12.092077,8.398493,7.998583,5.7545037,10.197925,10.96577,14.239096,16.524382,18.790478,22.72682,25.856953,26.718256,24.105198,27.267504,21.342031,24.779013,22.265247,25.156473
20,31.466263,28.961523,28.30342,24.283413,22.86437,26.499722,21.902262,27.854599,24.420828,28.706127,28.186161,26.878986,25.044144,22.4359,19.477852,15.97616,12.861193,9.8645,6.947911,4.2732944,0.0,4.865642,5.9502,6.1194797,10.70061,12.87666,14.468618,12.476212,14.445076,14.899884,18.19479,18.00098,25.91206,24.174372,28.202932,30.63325,31.05605,30.39542,25.802544,21.460913,25.24862,20.62356,22.900534,20.67587,19.846302,17.780315,18.201843,18.44714,21.842005,24.596582,24.578596,29.066423,31.255915,31.429438,28.21927,31.29211,27.98662,29.716187,32.699257,33.193462,30.580484,31.721777,26.969393,27.670643,25.521147,24.565256,26.3539,23.571922,22.06343,18.90792,15.25543,15.144956,14.246721,11.368815,14.324462,11.1780405,14.807571,18.032595,20.328192,23.84993,24.241222,20.797749,22.99487,18.98088,17.552664,13.752858,14.521004,9.033956,11.572412,11.4791765,15.233617,16.706738,19.30065,17.68016,14.493065,10.817696,11.611855,9.879753,14.28928,15.009496,18.162613,20.075027,22.075033,25.931496,28.8033,29.724607,27.310232,30.18239,24.396074,27.968958,25.229881,28.266281
21,31.291025,28.963995,29.103317,24.830452,24.139038,27.68434,23.888914,29.69875,26.658775,31.043198,30.119457,29.279366,27.036566,24.651539,20.919312,18.312347,14.026011,12.359567,7.9701567,6.6683817,4.865642,0.0,5.7485,8.598969,10.699617,13.55832,16.408056,15.6084585,17.890322,19.164242,22.176636,22.65793,30.452658,28.763508,32.8963,35.25546,35.812325,35.218754,30.610619,26.27349,29.965662,25.25706,27.31772,24.66077,23.792343,21.089413,21.14515,20.713022,24.026058,27.149673,27.650497,32.03561,34.505775,35.057995,32.212204,35.560154,32.383465,34.310623,37.25359,37.46937,34.80329,35.530064,30.658442,30.859507,28.239386,26.897823,28.243519,25.029305,23.107471,19.661642,16.717058,17.88965,17.499363,15.625062,18.80446,15.924842,19.401655,22.404978,24.525991,28.112173,28.114056,24.582815,26.696413,22.667023,21.290455,17.387009,17.735184,12.06671,13.257663,12.250245,15.034428,16.121246,18.237728,16.457417,12.972749,9.397758,11.620377,10.40805,15.493371,17.19394,20.62371,22.780798,25.367552,29.124128,32.17905,33.271263,30.718662,33.923637,27.958897,31.267859,28.507906,31.132292
22,33.56078,31.57118,31.349094,27.684025,26.551325,30.733324,26.508293,32.83312,29.819561,34.217457,33.939377,32.782837,30.951826,28.353676,25.244328,21.876995,18.450974,15.777928,12.170325,9.742032,5.9502,5.7485,0.0,5.108789,6.962271,10.471882,13.349264,12.439668,16.997448,17.812893,21.74075,21.688503,30.006302,28.805866,32.35549,35.13667,35.152378,34.10241,29.716602,25.37807,28.517681,23.434574,26.1072,23.091997,21.005182,18.84592,17.921225,17.514215,20.511524,23.756744,24.57055,28.851212,31.71708,32.55216,29.577612,32.98054,30.4802,32.36754,35.819607,36.14956,33.86926,34.236397,29.401411,30.05181,26.73792,26.504189,27.480583,24.95157,22.164207,19.9772,17.433046,17.256859,17.930292,14.271724,18.88971,15.758334,19.552004,23.09041,25.339535,28.750572,29.618319,26.357431,28.677927,24.684206,22.963928,19.472332,19.467058,13.68653,15.078647,13.41693,16.789803,17.01495,20.05769,19.380411,16.204762,13.117801,15.347116,14.674548,18.914797,20.624332,23.619873,25.96707,27.782713,31.763344,34.603283,35.367817,32.92457,35.377842,29.467093,32.784107,29.601744,32.365597
23,31.077627,29.105072,28.28095,25.087597,23.443304,27.930998,23.360397,29.956106,27.111235,31.478657,31.976898,30.825495,29.648333,27.21329,24.594177,20.952147,18.433167,14.716228,12.977316,8.946782,6.1194797,8.598969,5.108789,0.0,5.855651,7.63044,9.076736,7.4572363,12.142479,12.980334,17.027363,17.330006,25.653137,25.142105,28.313686,31.409773,31.608227,30.213644,26.052881,21.621815,24.043747,18.806204,21.313662,18.044546,15.991018,13.779168,13.110301,13.0715275,16.26485,19.250917,19.72845,24.102213,26.779844,27.492983,24.548388,28.034231,25.55413,27.6211,31.062624,31.194763,28.979782,29.166418,24.343752,25.120943,21.89086,21.959608,23.109438,20.95512,18.418694,16.62746,13.826537,12.623867,13.640538,9.543135,15.008717,12.585627,16.927391,20.585266,23.255426,26.491613,27.60657,24.332836,26.027544,22.061092,19.716396,16.938583,16.01908,10.576582,12.064974,10.652442,14.622363,14.980839,18.467905,18.209473,15.512833,12.7543335,14.075667,13.855293,16.832817,18.626719,21.008978,23.915697,24.977928,29.256697,32.0906,32.345627,29.83397,31.633347,25.68715,28.817242,25.386507,28.165375
24,30.145561,28.783186,28.62975,25.840784,24.771015,29.667221,25.934715,32.736645,30.64168,35.155045,35.93445,35.31288,34.18422,32.032692,28.92644,25.836584,22.703833,19.366753,17.191603,13.070802,10.70061,10.699617,6.962271,5.855651,0.0,3.989916,7.9936104,9.368703,14.836605,16.87838,20.554476,21.97629,30.086414,30.297075,33.137074,36.48605,36.806553,35.103745,31.20511,26.778908,28.330116,22.907475,25.048616,20.840023,18.36518,15.263005,13.516595,12.107205,14.808112,18.374897,19.919971,23.871616,27.13076,28.665104,26.527393,30.514961,28.703793,31.184519,34.695564,34.22233,32.19809,31.292189,26.419003,26.552505,22.157864,22.379921,22.497175,20.32204,16.553007,15.57197,14.4117,14.217591,16.733715,13.867365,19.985754,18.184124,22.665619,26.287157,29.045681,32.26296,33.30157,29.926199,31.225899,27.202019,24.427101,21.95688,19.9124,14.43596,14.178642,11.205607,14.000834,12.946636,16.606316,17.400259,15.048249,13.347424,15.853016,16.81693,19.452726,22.593904,24.829481,28.534975,29.649168,34.119576,37.158325,37.1749,34.43836,35.965096,29.750994,32.314686,28.503391,30.626957
25,27.700285,26.5683,26.158457,23.949953,22.713778,27.889189,24.308964,31.233816,29.593971,34.055134,35.474686,35.076675,34.435677,32.54813,29.64844,26.663296,23.981234,20.255669,19.141115,14.381819,12.87666,13.55832,10.471882,7.63044,3.989916,0.0,4.5809255,7.5424976,12.580975,15.253878,18.515703,20.784527,28.491465,29.470135,31.907333,35.48891,36.070274,34.074806,30.48959,26.099878,26.767855,21.353117,23.01497,18.303675,15.97571,12.290127,10.465256,8.571327,11.318882,14.883826,16.554169,20.392529,23.643133,25.37885,23.69778,27.925932,26.33011,29.113464,32.50588,31.59166,29.668444,28.186064,23.345474,23.212643,18.462833,18.888124,18.721792,16.83347,12.81133,12.578031,12.035667,11.516509,14.928453,12.806065,19.261965,18.360641,23.025002,26.542637,29.547922,32.59434,33.668293,30.282,30.938122,27.005114,23.716007,21.949272,18.888023,14.054641,13.089604,9.929484,12.458297,11.018129,14.982642,16.477264,14.80382,13.83804,15.8262825,17.428898,18.898142,22.463167,24.131609,28.433662,29.042202,33.698654,36.779278,36.35281,33.511158,34.4729,28.228214,30.356976,26.291262,28.095028
26,27.31516,26.162916,24.990396,23.356842,21.51962,26.7921,22.849863,29.782175,28.221968,32.482685,34.515728,33.98882,33.882656,32.083897,29.776022,26.551971,24.739288,20.505104,20.545692,15.503739,14.468618,16.408056,13.349264,9.076736,7.9936104,4.5809255,0.0,4.539047,9.439313,11.986052,15.140694,17.635992,24.954498,26.596552,28.508348,32.307487,32.93758,30.649496,27.425148,23.183386,23.010408,17.655596,19.105894,14.148091,11.659932,7.9037104,5.9560175,4.3734064,7.6574497,10.8731165,12.109658,16.13898,19.22096,20.823397,19.145273,23.431519,22.002672,24.906145,28.297611,27.247345,25.49197,23.814592,19.054483,19.21127,14.459388,15.636922,15.693013,14.591669,11.005212,11.738153,10.980597,8.655073,12.6514635,10.364774,16.980377,16.870262,21.466282,24.871542,28.026356,30.775805,32.117943,28.916592,29.143764,25.444374,21.840912,20.848747,17.309158,13.527743,12.818973,10.525498,13.347372,12.350576,16.34249,17.973736,16.783785,15.9369955,16.88053,18.43814,18.864862,22.010983,23.048714,27.461535,27.338978,32.050526,34.964645,34.128956,31.368887,31.645046,25.628149,27.557629,23.346252,25.19527
27,29.481375,27.853523,26.169544,24.18246,21.859125,26.789505,22.065725,28.847296,26.599411,30.720707,32.545822,31.498547,31.375578,29.302332,27.486723,23.7592,22.543783,18.048813,18.454096,13.705259,12.476212,15.6084585,12.439668,7.4572363,9.368703,7.5424976,4.539047,0.0,7.5379176,8.468604,12.563856,13.766393,21.570242,22.714088,24.750885,28.466314,28.822477,26.661266,23.252531,18.98435,19.381006,13.921449,16.044207,11.838482,9.069025,6.745569,5.796518,6.698806,9.881619,12.263613,12.321243,16.748299,19.337452,20.13648,17.445122,21.267094,19.356258,21.859486,25.421442,25.039106,23.198267,22.563602,17.840631,18.892414,15.290665,16.592623,17.63544,16.676447,14.265169,14.198085,11.961129,8.318948,10.954794,6.585493,13.323237,12.852025,17.298676,20.791986,23.876785,26.552168,28.164307,25.150307,25.760317,22.157528,18.879137,17.786,15.179889,11.637475,12.439296,11.36973,15.106029,15.1094675,18.943502,19.73338,18.137655,16.475395,16.744486,17.398891,18.102081,20.067095,21.163462,24.84589,24.540766,29.094536,31.767569,31.09772,28.576982,28.952438,23.203402,25.694159,21.762318,24.30547
28,24.743685,22.691673,20.177889,18.436806,15.49019,20.128994,15.15244,21.772976,19.850111,23.797813,26.33621,25.657677,26.281696,24.81857,23.431799,20.293913,20.090834,15.495356,18.12841,13.368315,14.445076,17.890322,16.997448,12.142479,14.836605,12.580975,9.439313,7.5379176,0.0,4.733027,6.0084486,10.094209,16.552492,18.360237,20.5326,24.114882,25.592743,23.614056,20.36676,16.176525,16.04445,11.375778,11.481781,7.3821745,8.84085,5.4322786,8.847946,10.207782,13.205453,14.220598,12.786328,17.023182,18.13807,17.952244,15.635519,19.24392,15.9948845,18.865505,21.389662,20.43467,17.94027,17.704315,12.784915,13.296241,11.691704,11.288939,13.812563,12.525006,12.778545,11.39997,7.9722857,3.064898,4.1139374,5.0011277,9.094531,11.19589,15.321605,17.91102,21.290321,23.72822,24.61662,21.447224,20.600088,17.223475,13.155855,13.4934025,9.110753,8.299658,8.6683,9.736825,12.931796,14.267529,17.195757,17.402657,16.621313,15.5100355,14.014781,14.925635,13.408527,15.154306,15.125915,19.5297,18.554527,23.279602,26.124743,24.92267,22.151976,22.213533,16.218433,18.315527,14.292628,16.83651
29,29.05299,26.812521,23.96096,22.139803,18.909914,22.938608,17.360872,23.396196,20.687529,24.244028,26.571905,25.13277,25.808126,23.96381,23.38676,19.559816,20.24902,15.512385,18.376293,14.344175,14.899884,19.164242,17.812893,12.980334,16.87838,15.253878,11.986052,8.468604,4.733027,0.0,4.9503326,5.778621,13.276074,14.659096,16.715738,20.379442,21.355612,19.343832,15.970685,11.737354,12.029545,7.081248,8.410336,6.0454698,7.083875,6.96825,10.016156,12.422492,15.060524,15.596461,13.494213,17.688156,18.445364,17.509874,14.039587,16.881973,13.266027,15.512112,18.405647,18.431606,16.060062,17.145124,12.690183,14.654958,14.132652,14.692895,17.482655,16.853558,17.161924,16.132383,12.532056,7.7880106,6.81569,3.5963023,6.2424035,8.363392,11.902989,14.551525,17.849401,20.02623,21.534658,18.781534,18.475142,15.412016,11.935378,12.409871,9.975936,9.937404,12.0611105,13.621894,17.23972,18.71719,21.700666,21.543724,20.377535,18.62195,16.933071,16.821777,15.902847,15.940752,15.908939,18.983995,17.521975,21.913477,24.276842,23.19561,20.883215,20.760717,15.473727,18.287874,14.820071,18.184362
30,26.573814,24.224905,20.786367,19.494595,15.904938,19.464684,13.957259,19.516798,17.300436,20.520641,23.658516,22.604727,24.031607,22.804457,22.627499,19.48925,20.871012,16.422861,20.42885,16.579567,18.19479,22.176636,21.74075,17.027363,20.554476,18.515703,15.140694,12.563856,6.0084486,4.9503326,0.0,6.4110613,10.79864,13.321631,15.090505,18.638063,20.627579,18.69227,15.85824,12.18957,11.344832,8.131222,6.542455,5.144449,9.537631,8.882212,12.899205,15.0361395,17.392414,17.281502,14.673257,18.301264,18.069643,16.551985,13.809477,16.335886,11.97456,14.5272875,16.31059,15.631595,12.751815,14.060266,9.7673855,11.305951,12.695397,12.211169,15.759492,15.2657385,17.137098,15.810287,12.329337,8.244101,5.9629755,7.7981334,6.890594,10.963094,13.585111,15.141105,18.443377,20.21566,21.113235,18.410786,16.642698,14.07243,9.972662,12.166051,8.403977,11.041364,12.343475,14.708874,17.49175,19.389252,21.713839,21.426262,20.926563,19.759663,17.270609,17.488674,14.986194,14.8568,13.633,17.214046,14.938357,19.363579,21.788836,20.054718,17.55223,16.74895,11.354936,13.583464,9.960615,13.356729
31,32.713642,30.175415,26.841997,25.042496,21.523563,24.549223,18.623255,23.481031,20.119633,22.901045,25.137766,22.965008,24.01753,22.074644,22.743849,18.65009,20.798758,16.40442,20.075462,17.230268,18.00098,22.65793,21.688503,17.330006,21.97629,20.784527,17.635992,13.766393,10.094209,5.778621,6.4110613,0.0,8.449904,9.097314,11.181785,14.730245,15.612266,13.828407,10.280527,6.142713,7.4500327,4.2814527,5.940191,8.093131,10.119413,12.075057,15.056615,17.81442,20.071735,19.99138,17.246763,20.896465,20.747757,18.73188,14.580109,15.850772,11.333002,12.362987,14.853895,16.126738,13.695903,16.874651,13.552728,16.472113,17.83228,18.375826,21.67699,21.380177,22.48027,21.262783,17.398151,13.072248,10.588141,8.2270775,5.04817,7.9618077,9.065362,10.698172,13.749893,15.236436,17.18186,15.126079,14.809371,12.657969,10.20576,11.634774,11.3444,13.198157,16.163345,18.522188,22.067024,23.98237,26.641071,25.971046,24.764599,22.724415,20.435696,19.496183,18.431828,16.588888,16.049873,17.449993,15.110473,18.79598,20.464497,19.351107,17.676077,17.228664,13.247978,16.665855,14.322421,18.368307
32,35.034527,32.484367,28.37552,27.521423,23.741192,25.454464,20.08296,22.867342,20.022364,21.213861,24.439516,22.197432,24.586689,23.456144,25.558586,22.302753,25.82016,22.10596,26.780993,24.462759,25.91206,30.452658,30.006302,25.653137,30.086414,28.491465,24.954498,21.570242,16.552492,13.276074,10.79864,8.449904,0.0,6.101328,4.7975993,8.472905,11.041456,9.198793,8.17984,7.816009,5.4128385,8.923067,6.569456,11.952598,15.653948,18.046999,21.483707,24.293667,25.959766,24.869572,21.429676,23.921005,22.223341,18.970814,15.5070505,14.754737,9.622411,9.251933,9.001603,11.012469,8.52456,14.21043,13.282888,16.516476,20.466831,20.785124,24.481462,24.936293,27.404427,26.413769,22.947115,19.020937,16.184164,16.281713,11.687358,15.33633,14.445874,13.734181,15.785292,15.496388,17.100657,16.36494,14.043997,14.164344,12.588195,16.094824,15.804942,19.838894,22.206932,25.10095,27.930307,30.098305,32.18128,31.438137,30.856577,29.296059,26.314064,25.469004,23.078287,20.413742,18.424738,18.876936,14.859452,17.16755,17.723879,15.35139,14.611585,11.734444,10.95533,13.2917185,12.708403,16.487953
33,37.457443,34.515247,30.775738,28.96075,25.399628,26.669832,20.974773,23.404652,19.422329,20.54031,22.350224,19.228687,20.984108,19.325747,22.01109,18.419226,22.534182,19.376917,23.950129,22.758255,24.174372,28.763508,28.805866,25.142105,30.297075,29.470135,26.596552,22.714088,18.360237,14.659096,13.321631,9.097314,6.101328,0.0,5.1952815,6.5306745,8.579011,8.787532,5.5219984,5.4513383,8.760566,11.228999,10.962474,15.732028,18.650423,20.874765,24.074976,26.840204,28.99614,28.54578,25.429169,28.48773,27.368587,24.403015,20.440435,19.820242,14.890601,13.973172,14.239516,16.995213,14.6193695,20.204134,18.681292,21.641056,24.97461,24.802267,28.601002,28.28807,30.442104,28.628784,24.515398,21.065113,17.39354,16.6693,10.690156,13.113732,10.5223055,8.642521,10.028946,9.425508,11.1723175,10.9269495,9.800982,10.467205,10.835707,13.420418,15.572326,19.25531,22.515293,25.701828,28.876736,31.3968,33.42542,32.015842,30.913713,28.762264,25.728256,24.000448,22.55522,18.607973,17.299461,15.868974,12.39805,13.897858,13.997748,12.911869,12.769351,12.173317,11.71478,15.452825,15.655041,19.880955
34,39.623177,36.9557,32.883324,31.7985,28.070572,29.442232,24.02098,26.239864,22.936386,23.626059,26.213692,23.346956,25.597761,24.231586,27.029108,23.569807,27.587236,24.21328,28.695763,27.042898,28.202932,32.8963,32.35549,28.313686,33.137074,31.907333,28.508348,24.750885,20.5326,16.715738,15.090505,11.181785,4.7975993,5.1952815,0.0,4.316759,6.3000526,4.9756746,5.1303244,7.500491,6.7584934,11.429687,10.537842,16.05457,18.883482,21.9244,25.002413,27.974428,29.588861,28.501942,25.061111,27.443396,25.735548,22.307686,18.4855,16.794416,12.327112,10.445865,9.910406,13.478851,11.881686,17.974407,17.636515,21.123802,24.961243,25.539892,29.18133,29.646706,31.89907,30.863169,27.19468,23.20871,20.224888,19.391012,14.392131,17.10992,14.976697,13.546153,14.651262,13.349738,15.577667,15.947515,14.435159,15.450565,15.212573,18.223633,19.341095,23.104095,25.986677,28.93121,32.011684,34.246445,36.415146,35.45613,34.60877,32.711205,29.759989,28.42365,26.575235,23.16102,21.455112,20.595537,16.671667,17.900581,17.51324,15.612496,15.8803835,13.317108,14.200084,16.804062,17.023636,20.803957
35,42.13646,39.287434,35.213757,33.95883,30.331781,31.038979,25.807924,27.079777,23.550798,23.548115,25.652756,22.441763,24.7977,23.574898,27.061796,23.920437,28.473576,25.664951,30.284197,29.280348,30.63325,35.25546,35.13667,31.409773,36.48605,35.48891,32.307487,28.466314,24.114882,20.379442,18.638063,14.730245,8.472905,6.5306745,4.316759,0.0,4.6968255,6.156262,6.9767833,10.274085,11.03216,15.525654,14.689917,20.151207,23.084797,25.953358,29.095549,32.024876,33.769993,32.772865,29.349756,31.73535,29.932673,26.417128,22.727192,20.789011,16.489899,14.366618,13.114705,16.758352,15.262283,21.57684,21.534718,24.769104,28.931803,29.114954,32.89414,33.143223,35.638863,34.22874,30.377577,26.757658,23.338331,22.770834,17.120707,19.506792,16.55448,14.21304,14.411333,12.221026,14.044213,15.360208,13.816176,15.891038,16.73238,19.668272,21.645218,25.689867,28.74386,31.944395,34.956123,37.431328,39.38109,38.077503,37.183594,35.178078,32.027912,30.358644,28.574598,24.487175,22.728056,20.766035,16.853603,16.883131,15.611436,13.993485,15.184963,12.975718,15.439378,18.039083,19.227167,22.91867
