,0,1,2,3,4,5,6,7,8,9,10,11,12,13,14,15,16,17,18,19,20,21,22,23,24,25,26,27,28,29,30,31,32,33,34,35,36,37,38,39,40,41,42,43,44,45,46,47,48,49,50,51,52,53,54,55,56,57,58,59,60,61,62,63,64,65,66,67,68,69,70,71,72,73,74,75,76,77,78,79,80,81,82,83,84,85,86,87,88,89,90,91,92,93,94,95,96,97,98,99,100,101,102,103,104,105,106,107,108,109
0,0.0,4.184907,7.5128627,9.163218,10.344989,14.513062,15.325362,21.135056,22.648426,26.589128,29.700224,34.175632,32.15426,30.982086,27.080505,24.85055,21.234215,20.605194,15.627959,14.373598,13.266498,10.075202,11.998449,13.813736,14.150509,17.749699,16.070957,18.84887,17.989162,17.82014,21.742268,19.4744,26.705446,23.181295,28.022343,27.48376,31.162079,32.85878,29.417212,27.469278,31.228838,30.160238,26.589514,27.64482,27.056704,27.431198,33.261044,32.882526,31.086283,32.874004,31.689064,27.069288,29.776632,32.114887,26.819683,26.177393,30.0578,28.75587,24.411396,26.158867,31.622177,27.313076,24.289326,28.01632,30.68678,26.640465,25.566835,21.571203,20.99063,23.46922,22.308641,25.121374,27.891283,28.050186,32.827793,31.753273,37.130165,38.053013,38.145435,43.535145,40.33444,37.65006,35.41051,32.751057,29.769974,27.218191,25.091705,22.881372,18.230537,18.201073,14.87496,16.823011,12.665848,10.259876,9.025637,11.168192,10.700475,14.012451,15.625219,19.334913,21.316427,26.454617,30.866304,31.1095,32.55802,31.604664,25.808641,25.528524,22.1745,20.263939
1,4.184907,0.0,4.869803,6.2241807,6.6580377,10.632072,11.525734,17.005154,18.798988,22.585344,25.940054,30.372894,28.087906,27.031382,22.987059,20.991264,17.377523,17.081026,12.642544,11.578064,11.391176,9.147136,12.089231,14.417292,16.08605,18.860949,16.818537,19.012873,16.922323,16.68458,19.676363,16.928099,23.465485,19.602774,24.42152,23.58473,27.455822,29.336649,26.162937,24.512697,28.198439,27.395245,24.436115,25.539593,25.475058,26.137587,31.889317,32.047394,30.932255,32.243244,30.532167,26.465372,29.581768,31.132278,25.836287,26.206411,29.703428,27.79264,23.863817,26.195242,31.186554,26.402086,24.21296,28.193804,30.426851,26.062683,25.501356,22.231586,20.575157,22.74366,20.851673,23.666277,25.881746,26.165949,30.678518,29.536882,34.984295,35.279156,35.593174,40.892582,37.572414,34.63531,32.22371,29.91977,26.860067,24.834623,22.141962,20.83546,16.070415,16.892887,14.067374,16.882425,12.812748,11.310484,10.045327,10.202453,8.833686,12.011539,12.866451,16.910791,18.12939,23.44734,27.566957,28.258991,29.977839,28.844769,23.254421,22.570093,19.471872,16.968122
2,7.5128627,4.869803,0.0,5.1659617,7.723139,8.642337,12.388949,16.304558,19.024767,22.472902,25.913097,30.518871,27.340834,26.140163,21.696281,20.25271,16.111485,16.983223,11.272248,12.365219,11.361514,10.44972,14.55159,15.843423,17.626308,20.376186,19.4459,20.342203,18.679218,17.07855,20.429241,16.15008,22.613422,17.773796,22.684147,21.513155,24.891592,26.92391,23.521925,21.9986,26.20412,26.027748,23.184671,25.175133,24.6287,26.500797,31.63583,32.391075,31.648344,33.23806,31.202564,27.556942,31.285524,32.72601,27.56679,28.33786,32.058563,30.143337,26.621517,29.149996,34.10921,29.445929,27.78679,31.90641,34.132565,29.896652,29.819855,26.75907,24.924343,26.816545,24.54656,26.843971,28.564228,28.356861,32.813984,30.99441,36.445736,36.259224,36.118378,41.282642,37.394043,34.632687,32.413795,30.296808,27.603945,25.923098,23.24538,22.93639,18.314846,20.095873,17.886461,21.122095,17.409054,15.763215,14.871012,14.717591,12.6743965,15.862556,15.41299,19.959072,19.870213,25.299282,28.879095,30.13012,32.33972,31.325577,25.938894,25.035728,22.44121,19.200485
3,9.163218,6.2241807,5.1659617,0.0,4.4818277,6.3557844,9.303884,14.1728,15.80537,19.833303,22.345085,27.226124,24.739798,23.010086,19.273598,16.81671,12.8076515,12.781581,6.6773686,7.4419217,6.3493357,6.302009,10.809962,12.261564,15.284988,16.93268,15.794641,16.08771,13.842175,12.1966715,15.2764015,11.226428,18.166946,14.188797,19.076866,18.81396,22.183569,23.735203,20.260744,18.40151,22.21131,21.518755,18.527737,20.154947,19.892723,21.446957,26.707184,27.483208,27.0204,28.300167,26.124489,22.67278,26.548828,27.692617,22.593515,23.805761,27.363602,25.341795,22.118183,24.873102,29.617897,25.063953,23.925182,28.151527,30.284903,26.294304,26.925215,24.36437,22.302904,23.71401,21.274635,22.770632,24.321642,23.628548,28.204334,26.056763,31.486858,31.547356,31.153095,36.373985,32.556606,29.94832,27.904303,25.465849,22.894117,20.932444,18.681711,18.23449,13.793323,16.073483,14.582961,18.289385,15.500141,14.018099,14.228097,13.177111,10.115964,13.67798,11.79243,16.724775,16.153502,21.444818,25.123552,26.070171,28.446009,28.054764,22.421253,22.253262,20.224636,17.18921
4,10.344989,6.6580377,7.723139,4.4818277,0.0,5.9649143,5.3315434,11.380384,12.475935,16.598219,19.431448,24.042742,22.044724,20.68451,17.107061,14.531693,11.169518,10.43229,7.5238485,5.7863646,7.7869654,7.711256,11.110318,13.910933,17.448782,18.519312,16.016724,17.124727,13.213571,13.161646,14.307861,11.550064,17.057596,13.635319,18.255241,17.780188,21.872429,23.575945,20.792301,19.339476,22.457073,21.570242,19.416533,20.14425,21.038338,21.649391,27.27811,28.031301,27.902035,28.386353,26.020802,22.847982,26.3935,26.776665,21.655794,23.500534,26.32581,23.671637,20.562817,23.650114,27.827486,22.689262,21.925297,26.156336,27.799814,23.394236,24.02386,22.027943,19.14968,20.454996,17.627134,19.633497,20.981487,21.017702,25.242207,23.78455,29.243559,28.98949,29.387926,34.590405,31.231789,28.116007,25.633245,23.532131,20.46933,18.923586,15.836423,15.622577,11.015884,13.352062,11.994866,15.957854,13.174338,12.780897,12.652256,10.203988,6.9536176,9.794809,7.852746,12.623389,12.244647,17.64734,21.46291,22.449036,24.64256,23.869144,18.365936,17.878572,15.770917,12.7322445
5,14.513062,10.632072,8.642337,6.3557844,5.9649143,0.0,6.7903094,8.523175,11.3537655,14.610165,17.713339,22.415503,19.024685,17.565615,13.283354,11.7600155,7.5234127,9.3706255,6.0042095,8.280246,9.656666,11.527516,15.721038,17.482845,21.18996,22.037062,20.558762,20.233297,16.550638,15.005269,15.675354,10.785785,14.856276,9.584951,14.366012,13.064694,16.876347,19.000912,16.25402,15.353734,18.965014,19.157671,17.89877,19.679583,20.465012,22.617065,27.272839,29.026115,29.70817,30.179249,27.217648,24.987616,29.225876,29.037523,24.30409,26.980783,29.726473,26.863997,24.539757,27.908567,31.679495,26.64183,26.764967,31.043072,32.441338,28.167774,29.34057,27.76851,24.543716,25.478544,22.17539,23.598011,24.011538,23.618055,27.362478,25.174007,30.47673,29.189688,29.2403,34.10641,30.053713,26.972393,24.615225,23.136522,20.579704,20.021606,16.66967,18.448925,14.539753,17.993225,17.460806,21.62136,19.104483,18.676664,18.494135,15.984493,12.766066,14.97538,11.93379,16.513292,14.070895,19.205265,21.862349,23.857311,26.697445,25.927177,21.168667,20.125978,18.903423,14.940118
6,15.325362,11.525734,12.388949,9.303884,5.3315434,6.7903094,0.0,7.138211,7.3298182,11.472758,14.489698,18.867592,17.185604,16.099737,12.891127,10.242793,8.018272,6.8392706,8.776267,6.4582305,10.682397,11.77442,14.354117,17.506235,21.669033,21.81685,18.713104,19.550335,14.183675,14.957175,13.487955,11.594004,14.244809,11.462621,15.340989,14.649626,19.290941,21.088943,19.254957,18.454208,20.674355,19.894468,19.160454,19.211544,21.38968,21.618418,27.020693,28.244507,28.976398,28.498575,25.617657,23.42116,26.923115,26.020575,21.273758,24.389019,26.209568,22.727064,20.460548,24.058165,27.13589,21.531696,22.009914,26.16032,26.996758,22.38463,23.614635,22.818718,18.806564,19.466251,15.836692,17.71122,18.030935,18.598251,22.017006,20.933783,26.2579,25.09999,26.23669,31.206789,28.11347,24.464886,21.557882,20.157125,16.79379,16.35155,12.112791,13.558156,9.660726,12.888992,12.769497,16.934092,14.962909,15.774945,15.641849,11.739483,8.665577,9.4358225,5.8974714,9.892022,7.806594,13.185486,16.52917,18.085068,20.507538,19.463034,14.554683,13.529401,12.288025,8.681324
7,21.135056,17.005154,16.304558,14.1728,11.380384,8.523175,7.138211,0.0,5.1013036,6.4235826,11.012498,14.855163,11.202639,10.8416815,6.3894777,6.4438615,5.4545884,7.7705455,11.891506,12.142263,15.837284,17.9521,21.045904,23.669994,27.981735,27.946577,25.357807,25.297619,19.902319,19.84116,17.301111,14.327859,13.265767,9.346162,11.954218,9.421364,14.486875,17.032242,16.453136,16.981874,18.784246,19.30944,20.459997,21.036667,23.702723,24.995356,29.302507,31.561094,33.28431,32.391644,28.862734,27.894762,31.803791,29.908588,25.79109,29.89996,31.225649,27.310173,26.024605,29.892014,32.143593,26.543276,28.076279,32.10595,32.374916,27.830818,29.484726,29.373533,24.827366,25.070051,20.994654,22.480137,21.483688,22.112812,24.327688,23.016684,27.842976,24.957327,26.419302,30.70357,27.234081,23.2107,20.0802,20.162027,17.260244,18.711193,13.797978,17.890892,15.249293,19.06721,19.603422,23.715126,21.879133,22.86808,22.427437,18.41877,15.698833,15.715833,12.25539,14.820607,10.622495,14.542509,15.695928,18.899586,21.885181,20.391672,17.297825,15.053579,15.203042,10.840995
8,22.648426,18.798988,19.024767,15.80537,12.475935,11.3537655,7.3298182,5.1013036,0.0,4.757027,7.3263974,11.605383,10.30568,9.297482,7.5502777,4.7257733,6.382278,5.426847,12.532716,11.2533,15.675915,17.872803,20.021393,22.893051,27.577223,26.738586,23.665384,23.601889,17.526514,18.423344,14.338602,13.294621,10.884313,9.787525,11.403536,10.691082,15.5064945,17.167986,16.95021,17.198923,17.862421,17.476366,18.96874,18.389284,21.941887,22.143486,26.566593,28.629047,30.617432,29.056644,25.49255,24.936905,28.482409,25.92964,22.138287,26.778625,27.407906,23.16798,22.429564,26.42557,27.968851,22.38123,24.63997,28.487,28.356588,24.042807,26.282663,26.91892,22.117886,21.76798,17.553238,18.313261,16.779234,17.455896,19.30413,18.240341,22.968801,20.145155,22.01638,26.37596,23.444645,19.198267,15.843269,15.837445,12.582063,14.353284,9.070647,13.768926,12.113876,16.046553,17.49692,21.491526,20.662594,22.093342,22.235498,17.774895,15.018946,14.481924,10.173088,11.753529,6.4738374,9.655029,10.895387,13.878473,17.01732,16.087633,12.985613,11.551614,12.772814,9.337597
9,26.589128,22.585344,22.472902,19.833303,16.598219,14.610165,11.472758,6.4235826,4.757027,0.0,5.9968896,8.636126,6.163238,6.805554,5.549557,6.0310016,9.054268,9.673864,16.569328,15.928057,20.19067,22.481634,24.760838,27.609156,32.275806,31.463482,28.40415,28.261219,22.1723,22.950577,18.555443,17.340523,13.117386,11.998698,12.164992,10.32565,14.992918,17.005972,17.978315,19.092384,19.213009,19.55452,22.137217,21.652517,25.463306,25.944025,29.771692,32.240726,34.668575,32.793953,29.013916,29.063889,32.580044,29.473581,26.120974,31.113586,31.33607,26.874025,26.593685,30.623795,31.590698,26.009197,28.69675,32.353065,31.789762,27.475521,29.726942,30.78587,25.662128,25.163113,20.845835,21.714249,19.520195,20.617722,21.402975,20.717745,24.819008,20.803896,23.309614,26.970943,24.207678,19.642519,16.05631,17.41963,14.565688,17.539839,12.258056,17.707912,16.624454,20.36322,21.861134,25.680807,24.781942,26.451565,26.269255,21.687798,19.273575,18.23497,14.553311,15.2682495,10.17386,11.612642,10.813842,14.921938,18.019884,16.472052,15.152318,12.7273245,14.670894,11.310369
10,29.700224,25.940054,25.913097,22.345085,19.431448,17.713339,14.489698,11.012498,7.3263974,5.9968896,0.0,5.2405963,6.6337624,4.889833,8.257009,6.357995,10.767564,9.937792,17.696564,16.92514,20.963984,23.726198,25.42405,27.894995,32.86998,31.153715,28.313873,27.417536,21.323584,22.211195,16.586027,16.666534,10.127516,12.129962,10.487211,10.945475,14.364962,15.100972,16.681412,17.735722,16.357986,16.137548,19.653044,18.336338,22.867062,22.885077,25.964693,28.688244,31.783707,29.266232,25.271835,26.36822,29.749664,25.794529,23.286606,28.976389,28.531904,23.975515,24.76291,28.814198,28.917194,23.929583,27.627657,31.022,30.149372,26.571615,29.730589,31.430862,26.460642,25.266153,21.08631,20.392431,17.363325,17.586048,17.621027,16.327341,19.834187,15.251896,17.653673,21.043995,18.425266,13.743121,10.116206,12.073769,9.826834,13.8672,9.49022,15.873367,16.354082,20.285448,22.773216,26.473324,26.63683,28.26294,28.835781,24.251425,21.553032,20.70804,16.150436,16.47011,10.821278,10.163196,7.8599796,11.876818,15.5618515,15.6163435,14.754829,14.063528,17.111776,14.877284
11,34.175632,30.372894,30.518871,27.226124,24.042742,22.415503,18.867592,14.855163,11.605383,8.636126,5.2405963,0.0,6.67642,7.287683,11.423964,11.253652,15.647788,15.06495,22.870277,21.884827,26.092968,28.683273,30.160042,32.83944,37.800316,36.003017,32.86456,32.221943,25.964094,27.246399,21.302038,21.877087,14.914334,17.058643,14.789123,14.712976,17.575611,18.273582,20.768963,22.265694,20.323204,20.327625,24.39624,22.766424,27.556704,27.219486,29.906271,32.653343,36.006687,33.006763,29.042452,30.600876,33.583447,29.044292,27.086779,32.962967,31.861656,27.10013,28.336876,32.31174,31.59319,26.692257,30.811497,33.8388,32.368557,28.903088,32.070583,34.399353,29.126278,27.674267,23.541216,22.94638,19.337543,20.284328,18.941925,18.67692,21.116583,15.46112,19.074337,21.380817,19.75842,14.891067,11.204461,14.636054,12.873041,17.524742,13.466106,19.58561,20.588165,24.04785,26.62389,29.99407,30.320816,32.344013,32.709667,27.923555,25.635077,24.154495,20.199707,19.501694,14.4216795,12.251142,7.986086,12.442047,15.544159,15.109348,16.380749,15.154356,18.863125,17.25363
12,32.15426,28.087906,27.340834,24.739798,22.044724,19.024685,17.185604,11.202639,10.30568,6.163238,6.6337624,6.67642,0.0,3.9874465,6.1207943,8.787829,12.483355,13.958179,20.6022,20.917294,24.73093,27.537483,29.98769,32.412975,37.216373,36.089348,33.477932,32.60978,26.751608,26.984268,22.20924,20.715927,14.367248,13.937298,11.955545,9.904512,13.067486,14.894106,17.427809,19.487564,18.606216,19.815672,23.76375,23.491163,27.467012,28.547903,31.228535,34.3858,37.54764,35.366886,31.256166,32.31712,36.007744,32.26105,29.623339,35.142117,35.025368,30.52318,31.0175,35.084137,35.457733,30.291473,33.644886,37.15276,36.311485,32.394012,35.08179,36.506905,31.351095,30.533669,26.228222,26.389116,23.516563,24.14377,24.027718,22.909668,26.132193,20.907173,23.288237,25.932514,23.012554,18.561571,15.327318,18.063492,16.344452,20.339838,15.848512,22.067722,21.757454,25.728048,27.611856,31.447487,30.812117,32.382545,32.34128,27.803526,25.25128,24.354008,20.399763,21.026554,15.646078,15.767532,13.074045,17.638794,20.92943,19.833076,19.837967,17.68905,20.304825,17.286917
13,30.982086,27.031382,26.140163,23.010086,20.68451,17.565615,16.099737,10.8416815,9.297482,6.805554,4.889833,7.287683,3.9874465,0.0,5.503428,6.3064175,10.317895,11.529349,18.106068,18.71662,22.20949,25.338682,27.75207,29.823631,34.724556,33.29892,31.054184,29.665905,24.059902,23.945652,19.096619,17.550411,10.572403,10.941604,8.327366,7.5353165,10.440581,11.702527,14.068163,15.956457,14.761603,15.839729,19.943409,19.709557,23.672243,24.958431,27.373045,30.681578,33.98789,31.87824,27.689642,28.961725,32.83286,29.131802,26.611382,32.21614,32.239254,27.92144,28.597385,32.648464,33.141388,28.286589,31.749956,35.32332,34.71304,31.094048,34.113018,35.405846,30.541624,29.616373,25.399635,24.90642,22.097473,21.936832,22.218483,20.283596,23.637873,18.743416,20.294945,23.219578,19.774689,15.553003,12.611341,14.893012,13.54522,17.392632,13.47043,19.824419,19.739273,23.997736,26.147043,30.106663,29.76559,31.03901,31.417566,27.038513,24.123827,23.731817,19.142897,20.292032,14.564676,14.885928,12.624189,16.745022,20.41589,20.21258,19.368324,18.139889,20.737871,17.74396
14,27.080505,22.987059,21.696281,19.273598,17.107061,13.283354,12.891127,6.3894777,7.5502777,5.549557,8.257009,11.423964,6.1207943,5.503428,0.0,5.109655,7.116984,10.089186,15.287706,16.478123,19.814142,22.703876,25.749655,27.891737,32.503212,31.844572,29.693172,28.686811,23.32504,22.80013,19.239653,16.28154,11.7800665,8.896359,8.634954,5.255536,9.936184,12.553957,13.634835,15.330806,15.928198,17.356516,20.263855,20.918312,24.058027,25.919613,29.023834,32.094727,34.752087,33.377274,29.382284,29.661266,33.787987,30.997616,27.674383,32.619343,33.427208,29.318619,29.055481,33.070736,34.521046,29.287806,31.833118,35.710056,35.578148,31.465681,33.830647,34.36232,29.630627,29.3137,25.085062,25.563158,23.566809,23.690075,24.947332,23.102943,27.214977,23.111681,24.425913,27.933828,24.173925,20.156126,17.23059,18.499193,16.51434,19.30155,14.816553,20.424988,19.026056,23.279814,24.624613,28.763935,27.561464,28.57755,28.496042,24.372005,21.47814,21.406878,17.275623,19.268236,13.974954,16.120693,15.301627,19.296843,22.762794,21.787687,19.98594,18.010311,19.505402,15.640067
15,24.85055,20.991264,20.25271,16.81671,14.531693,11.7600155,10.242793,6.4438615,4.7257733,6.0310016,6.357995,11.253652,8.787829,6.3064175,5.109655,0.0,4.467725,5.455608,12.030038,12.492978,16.035446,19.067299,21.650805,23.764833,28.587542,27.4602,25.232086,24.068403,18.541748,18.303513,14.2107725,12.025037,7.542795,6.2954254,6.766904,6.4854293,10.956519,12.447718,12.537787,13.233256,13.584843,13.866242,16.265488,16.31859,19.775864,21.038467,24.52634,27.305918,29.869947,28.390322,24.467478,24.64709,28.696493,25.941591,22.565351,27.571306,28.344868,24.303242,24.112925,28.12654,29.605684,24.54277,27.192987,31.071383,31.07051,27.217709,29.910187,30.490778,25.99155,25.468576,21.36259,21.20613,19.347034,18.945145,20.695936,18.467089,22.912249,19.609354,20.531843,24.622004,20.901155,16.979362,14.108558,14.346773,12.091259,14.337481,10.060177,15.5777645,14.455566,18.895302,20.6573,24.815046,24.176916,25.116959,25.591928,21.469229,18.293907,18.49433,13.637282,15.848584,10.278745,12.623813,12.730484,15.952336,19.586151,19.446869,16.688791,15.854717,17.437313,14.047536
16,21.234215,17.377523,16.111485,12.8076515,11.169518,7.5234127,8.018272,5.4545884,6.382278,9.054268,10.767564,15.647788,12.483355,10.317895,7.116984,4.467725,0.0,4.6912646,8.202881,9.825966,12.733019,15.80594,19.052532,20.894789,25.476572,24.900331,23.112106,21.92069,17.02394,15.983274,13.560239,9.628456,8.653296,4.0676827,7.6679797,6.8652744,11.290305,13.14805,11.723767,11.757948,13.749242,14.1597595,15.130654,16.166512,18.547716,20.518513,24.375435,26.949955,28.929697,28.247847,24.570873,23.919016,28.258478,26.482794,22.547672,26.809425,28.431147,24.854374,23.904089,27.752203,30.174007,25.152744,26.932072,31.045498,31.639515,27.662401,29.921337,29.687029,25.65261,25.632,21.753386,22.025835,21.040533,20.382177,23.097467,20.575514,25.44693,23.022333,23.281912,27.729385,23.640121,20.221836,17.743395,17.068605,14.8259115,15.753938,11.967978,16.12445,13.849596,18.27556,19.345198,23.665518,22.427357,22.81415,23.194283,19.58022,16.17453,17.220516,12.543184,15.989403,11.260659,15.065129,16.340355,19.023008,22.454725,22.198578,18.456608,17.637514,18.160534,14.338344
17,20.605194,17.081026,16.983223,12.781581,10.43229,9.3706255,6.8392706,7.7705455,5.426847,9.673864,9.937792,15.06495,13.958179,11.529349,10.089186,5.455608,4.6912646,0.0,8.0538645,7.2295456,11.088809,13.947492,16.238646,18.467491,23.330067,22.16416,19.784344,18.860306,13.243096,13.313209,9.652155,7.890633,7.4642344,6.707489,9.503965,10.544474,14.566017,15.53522,14.067152,13.356255,14.486822,13.484835,13.909394,13.6384,16.715672,17.307938,21.841736,23.878172,25.724644,24.63618,21.100405,20.29106,24.280205,22.313204,18.293953,22.738762,24.017881,20.283243,19.408117,23.330172,25.533682,20.478338,22.482075,26.529663,27.029406,23.20164,25.762321,25.853151,21.827438,21.503452,17.699312,17.471684,16.559013,15.761959,18.776203,16.394096,21.506186,19.823608,20.241253,25.081085,21.539646,18.066332,15.499403,14.034436,11.259458,11.515483,7.6747932,11.43697,9.495609,14.053721,15.706694,19.948008,19.449274,20.106785,20.991114,17.139484,13.684267,14.531194,9.209765,12.386906,7.612912,11.4009075,13.582068,15.385427,18.706938,19.018972,14.674657,14.867387,15.594997,12.609725
18,15.627959,12.642544,11.272248,6.6773686,7.5238485,6.0042095,8.776267,11.891506,12.532716,16.569328,17.696564,22.870277,20.6022,18.106068,15.287706,12.030038,8.202881,8.0538645,0.0,5.334347,5.088018,8.593317,12.492424,13.397205,17.704763,17.545265,16.758253,15.189852,11.996058,9.440378,10.763488,5.1487274,11.780267,8.305674,12.980432,13.802079,16.68636,17.680168,14.192439,12.187739,15.625221,14.882489,12.4616785,14.288489,14.610163,16.867834,21.492401,23.14721,23.851484,24.502903,21.60282,19.381235,23.895626,23.96691,19.370457,22.030415,25.032644,22.604239,20.563238,23.82859,27.716438,23.370737,23.725723,27.980297,29.65437,26.08126,27.93423,26.461332,23.790543,24.296572,21.3193,21.405968,21.937729,20.368467,24.613977,21.548405,26.798887,26.395636,25.451658,30.50035,26.302868,23.907112,22.198542,19.764313,17.746864,16.187447,14.365075,15.344462,11.986649,15.741871,15.98082,20.159527,18.763887,17.882715,18.932135,16.719381,12.975708,15.860098,11.65759,16.493412,13.908835,18.556873,21.481228,22.678282,25.671194,26.062208,20.795464,21.17592,20.490276,17.327528
19,14.373598,11.578064,12.365219,7.4419217,5.7863646,8.280246,6.4582305,12.142263,11.2533,15.928057,16.92514,21.884827,20.917294,18.71662,16.478123,12.492978,9.825966,7.2295456,5.334347,0.0,4.88108,6.806106,9.280882,11.727374,16.370008,15.848418,13.445177,13.298819,8.454891,8.513648,8.5311575,6.7721534,12.754678,11.281453,15.383197,16.432905,20.042847,20.915497,18.086136,16.194378,18.554556,16.870607,14.518774,14.580915,15.927358,16.028769,21.714094,22.524633,22.83849,22.914246,20.334227,17.56319,21.359928,21.306665,16.335434,18.925528,21.512014,18.77013,16.278502,19.666523,23.487072,18.702103,18.852467,23.133684,24.683626,20.87522,22.63221,21.366474,18.500498,18.964367,16.063852,16.39963,17.398317,16.36061,20.855766,18.642859,24.087763,24.291159,24.095543,29.396475,26.049643,23.295025,21.211023,18.490839,15.741383,13.583494,11.494174,11.017233,6.977363,10.497119,10.821866,15.086457,14.095029,13.7935,15.119315,12.339451,8.529851,11.192797,6.772321,11.60092,10.138782,14.9175415,18.74647,19.18377,21.69692,22.080519,16.33598,17.225172,16.267178,13.897855
20,13.266498,11.391176,11.361514,6.3493357,7.7869654,9.656666,10.682397,15.837284,15.675915,20.19067,20.963984,26.092968,24.73093,22.20949,19.814142,16.035446,12.733019,11.088809,5.088018,4.88108,0.0,4.068032,7.667013,8.341111,12.785029,12.611476,11.867712,10.630564,8.402452,5.8878336,9.744366,6.555053,14.841356,12.98812,17.295794,18.673288,21.461006,22.048769,18.38468,15.841711,18.922163,17.231619,13.410463,14.498156,14.108633,15.158003,20.574753,21.14726,20.80611,21.99073,19.842665,16.418072,20.54161,21.717588,16.760967,18.191525,21.823233,20.085135,17.28784,20.075981,24.721016,20.811481,20.221102,24.421598,26.64844,23.401482,24.984867,22.94237,21.172195,21.883219,19.643154,19.582598,21.061764,19.245462,24.15949,21.282812,26.568018,27.419083,26.258034,31.567389,27.825974,25.7929,24.302595,21.093801,19.003782,16.162125,15.400986,14.161217,10.54065,13.1931,12.973444,16.747353,15.66454,14.153569,15.913614,14.575417,11.003068,14.604247,11.159166,15.95085,14.961719,19.511139,23.267164,23.485731,25.992048,26.738523,20.846632,22.026339,20.835136,18.52692
21,10.075202,9.147136,10.44972,6.302009,7.711256,11.527516,11.77442,17.9521,17.872803,22.481634,23.726198,28.683273,27.537483,25.338682,22.703876,19.067299,15.80594,13.947492,8.593317,6.806106,4.068032,0.0,4.7220426,6.2578096,10.038778,10.931372,9.559773,10.132337,8.747343,7.774955,12.206333,10.493978,18.535769,16.670135,21.087278,22.130386,25.235317,26.00356,22.38611,19.88041,22.97384,21.142883,17.116026,17.779232,17.236593,17.391806,23.214655,23.017527,21.803225,23.29253,21.777985,17.505476,20.914774,22.861908,17.66557,17.905874,21.854198,20.505093,16.865177,19.170797,24.408241,20.521679,18.810886,22.933111,25.533,22.183054,23.02942,20.265024,19.144566,20.362827,18.699675,19.32224,21.58616,20.26511,25.395412,23.178423,28.476006,29.837545,29.015398,34.423412,31.079489,28.963907,27.31467,24.009699,21.60295,18.410872,17.59027,15.152536,11.083583,12.3463,10.983933,14.25842,12.67979,10.579468,12.433601,12.046616,9.018296,13.076889,11.14416,15.681221,16.162565,20.839466,25.121733,24.941807,26.960571,27.433205,21.271523,22.459396,20.558605,18.716825
22,11.998449,12.089231,14.55159,10.809962,11.110318,15.721038,14.354117,21.045904,20.021393,24.760838,25.42405,30.160042,29.98769,27.75207,25.749655,21.650805,19.052532,16.238646,12.492424,9.280882,7.667013,4.7220426,0.0,4.4500504,8.191923,8.142844,5.0407434,7.620725,6.797082,8.126093,12.18352,12.962308,20.535604,19.97885,23.96568,25.505632,28.656857,29.094513,25.669424,23.029486,25.46872,22.967606,18.735743,18.33315,18.013899,16.528732,22.773312,21.620941,19.713022,21.081898,20.26936,15.324597,17.796343,20.340347,15.128096,14.275974,18.310543,17.480059,13.263394,15.027865,20.665087,17.232105,14.720356,18.67294,21.625862,18.714886,19.469063,16.518738,16.259108,17.401745,16.581625,16.80681,19.776798,18.391497,23.738487,21.965685,27.026531,29.34872,28.59018,34.04125,31.33491,29.415924,27.898968,24.194197,21.7682,17.878633,17.896467,13.821218,10.381412,9.987485,8.526034,10.885116,10.515008,8.2494545,11.311188,11.453959,9.228461,12.859624,11.661568,15.15533,16.820932,20.797182,25.475119,24.422918,25.916857,26.807066,20.477547,22.492527,20.561394,19.75914
23,13.813736,14.417292,15.843423,12.261564,13.910933,17.482845,17.506235,23.669994,22.893051,27.609156,27.894995,32.83944,32.412975,29.823631,27.891737,23.764833,20.894789,18.467491,13.397205,11.727374,8.341111,6.2578096,4.4500504,0.0,5.089902,4.6943207,5.594121,5.282323,8.314674,7.25597,13.264288,13.3258295,21.557133,21.025988,24.928602,26.842209,29.345663,29.461672,25.607246,22.609306,25.258377,22.73509,17.70513,17.912699,16.318386,15.529389,21.191017,19.853287,17.405973,19.810307,19.37633,14.160247,16.945967,20.438883,15.611529,13.908743,18.764103,18.839588,15.009867,16.200497,22.11064,19.689726,17.246927,20.882599,24.175932,22.001076,22.999758,19.91725,20.310888,21.288162,20.670986,20.184477,22.984976,20.795664,26.241045,23.709463,28.53324,31.18676,29.570698,34.93357,31.879528,30.575232,29.565128,25.555746,23.723507,19.563078,20.43995,16.591097,13.753351,13.811069,12.846173,14.798413,14.679189,11.926257,14.953209,15.729871,13.456559,17.238468,15.5905075,19.31522,20.332462,24.188463,28.596498,27.567959,29.291985,30.596066,24.315609,26.512346,24.825438,23.773655
24,14.150509,16.08605,17.626308,15.284988,17.448782,21.18996,21.669033,27.981735,27.577223,32.275806,32.86998,37.800316,37.216373,34.724556,32.503212,28.587542,25.476572,23.330067,17.704763,16.370008,12.785029,10.038778,8.191923,5.089902,0.0,5.029277,7.780827,8.663706,13.090134,12.116367,18.289202,18.14096,26.542463,25.63823,29.700293,31.411942,33.82987,34.018326,29.950224,26.87295,29.804607,27.394238,22.06758,22.541862,20.301277,19.616833,24.825386,22.936188,19.539572,22.740458,23.067064,17.507633,19.472122,23.97153,19.489697,16.348377,21.53592,22.451986,18.310316,18.535147,24.839758,23.083012,19.637465,22.742815,26.507587,24.702913,24.938496,21.031397,22.592031,23.98915,24.052378,23.946068,27.19513,25.1864,30.64962,28.351675,32.988785,36.026802,34.309902,39.6262,36.652664,35.54425,34.617,30.535654,28.74254,24.465107,25.421951,21.22765,18.369833,17.66441,15.967011,16.894339,16.433924,13.008949,15.828,18.020157,16.558659,20.357222,19.75905,23.26495,24.926868,28.852343,33.42193,32.245396,33.70334,34.871788,28.542236,30.657074,28.528429,27.656221
25,17.749699,18.860949,20.376186,16.93268,18.519312,22.037062,21.81685,27.946577,26.738586,31.463482,31.153715,36.003017,36.089348,33.29892,31.844572,27.4602,24.900331,22.16416,17.545265,15.848418,12.611476,10.931372,8.142844,4.6943207,5.029277,0.0,5.7226706,4.376031,10.290807,9.679115,15.347432,16.543926,24.366854,24.689928,28.189192,30.593851,32.75368,32.46124,28.592667,25.401398,27.61346,24.682543,19.316248,19.068882,16.96429,15.314831,20.498974,18.186312,14.669393,17.759018,18.343393,12.664597,14.517053,19.222343,15.06558,11.666726,17.017624,18.320417,14.667922,14.763679,20.872276,19.780912,16.982248,19.97422,23.65232,22.499346,23.627584,20.560692,21.936762,22.649872,22.73441,21.49313,24.512825,21.828678,27.25739,24.62668,28.927227,32.459915,30.358608,35.565792,32.840576,32.115013,31.545902,27.173481,25.763144,21.144758,23.053432,18.518314,16.644352,16.02381,15.46004,16.442345,17.326378,14.5753355,17.998953,19.200336,17.342985,20.80545,19.296698,22.438385,23.712591,26.956484,31.347187,29.773512,31.250624,33.092434,26.888857,29.677238,28.182611,27.617147
26,16.070957,16.818537,19.4459,15.794641,16.016724,20.558762,18.713104,25.357807,23.665384,28.40415,28.313873,32.86456,33.477932,31.054184,29.693172,25.232086,23.112106,19.784344,16.758253,13.445177,11.867712,9.559773,5.0407434,5.594121,7.780827,5.7226706,0.0,5.8295,7.481697,9.826296,13.539231,16.030325,23.139967,23.720757,27.235327,29.35967,32.242798,32.23979,28.868156,26.024023,27.901709,24.840923,20.306469,19.137468,18.62539,15.783866,21.931723,19.716915,16.909964,18.434423,18.61768,13.0581045,14.310375,17.926903,13.144477,10.431955,14.87109,15.2145195,10.717672,11.290652,17.477459,15.328946,12.033699,15.448808,18.96055,17.167631,18.084654,15.142184,16.217178,16.983,17.218258,16.441025,19.878895,18.004694,23.410334,21.757788,26.285648,29.711733,28.620731,33.965122,31.798367,30.390415,29.276098,25.137468,23.065971,18.542356,19.807888,14.561936,12.515299,10.854649,10.073036,10.768788,12.2079935,10.089062,13.824057,14.509605,13.054096,15.97572,15.062083,17.497961,19.66809,22.728148,27.46038,25.605572,26.672972,28.226639,21.994562,24.85977,23.191942,23.196218
27,18.84887,19.012873,20.342203,16.08771,17.124727,20.233297,19.550335,25.297619,23.601889,28.261219,27.417536,32.221943,32.60978,29.665905,28.686811,24.068403,21.92069,18.860306,15.189852,13.298819,10.630564,10.132337,7.620725,5.282323,8.663706,4.376031,5.8295,0.0,6.7111487,6.233169,11.20654,13.214844,20.466335,21.525581,24.636196,27.398422,29.481703,28.976355,25.36453,22.235014,23.957119,20.77595,15.663281,14.8929405,13.381657,11.193517,16.83493,14.889957,12.309986,14.573081,14.49585,9.018025,11.821108,15.616828,11.227044,9.276436,14.315387,14.972573,11.903926,12.874387,18.428862,17.011372,15.406513,18.729029,21.911142,20.671825,22.637846,20.474749,20.892597,21.077662,20.627895,18.709093,21.212372,18.100374,23.487553,20.483242,24.83097,28.208532,26.01312,31.236677,28.488632,27.753187,27.261423,22.837826,21.573748,16.921806,19.186672,14.892374,13.564779,13.651533,14.1143055,15.801838,17.198229,15.162399,18.632736,18.681808,16.276276,19.464792,16.964828,20.043482,20.62258,23.515581,27.654991,26.094162,27.8027,29.956123,23.905415,26.921486,25.979895,25.361225
28,17.989162,16.922323,18.679218,13.842175,13.213571,16.550638,14.183675,19.902319,17.526514,22.1723,21.323584,25.964094,26.751608,24.059902,23.32504,18.541748,17.02394,13.243096,11.996058,8.454891,8.402452,8.747343,6.797082,8.314674,13.090134,10.290807,7.481697,6.7111487,0.0,5.3920403,6.10954,9.859754,15.86334,17.362783,20.320066,22.872618,25.659288,25.448298,22.522774,19.926754,21.167198,17.98875,14.30144,12.551595,13.491522,10.664752,17.196651,16.334995,15.653503,15.706041,14.1995945,10.121837,13.189336,14.259484,8.989311,10.480463,13.556352,11.909858,8.9757805,11.888067,16.35094,12.961718,12.719081,16.747799,18.953754,16.595352,19.097092,17.976654,16.663923,16.465582,15.036086,13.193878,15.229351,12.626297,18.026083,15.496194,20.482466,23.019775,21.900908,27.335773,24.817995,23.127405,21.947618,17.886925,15.847971,11.482374,12.812539,8.504483,6.9467697,7.985784,9.605606,12.459516,14.015032,13.312748,16.388008,14.742672,11.907542,14.363218,10.96493,13.782494,14.0154,16.827898,21.0764,19.64498,21.477283,23.399809,17.366764,20.342422,19.761477,19.208912
29,17.82014,16.68458,17.07855,12.1966715,13.161646,15.005269,14.957175,19.84116,18.423344,22.950577,22.211195,27.246399,26.984268,23.945652,22.80013,18.303513,15.983274,13.313209,9.440378,8.513648,5.8878336,7.774955,8.126093,7.25597,12.116367,9.679115,9.826296,6.233169,5.3920403,0.0,6.9635196,7.0007257,14.755041,15.323981,18.545168,21.223507,23.28966,22.94513,19.337927,16.334173,18.334915,15.55419,10.774372,10.814226,9.933938,9.766413,15.450903,15.423705,14.946388,16.210695,14.359466,10.657439,15.032333,16.60867,11.960952,13.235233,17.085207,16.049778,13.825024,16.297901,20.832891,18.058275,17.90327,21.794193,24.177029,21.987213,24.358624,22.777983,21.63132,21.696175,19.994474,18.346964,19.832518,16.796764,21.938404,18.370386,23.237581,25.21351,23.14049,28.436941,24.945206,23.736649,22.982931,18.963522,17.61051,13.715237,15.077733,12.680343,10.786465,12.965329,13.924019,17.068373,17.61121,16.112894,18.87849,17.712082,14.407288,17.610971,13.787697,17.668581,16.717104,20.078573,23.744665,23.098015,25.507135,27.342785,21.482681,23.859385,23.316542,21.817991
30,21.742268,19.676363,20.429241,15.2764015,14.307861,15.675354,13.487955,17.301111,14.338602,18.555443,16.586027,21.302038,22.20924,19.096619,19.239653,14.2107725,13.560239,9.652155,10.763488,8.5311575,9.744366,12.206333,12.18352,13.264288,18.289202,15.347432,13.539231,11.20654,6.10954,6.9635196,0.0,6.739308,10.158751,13.1768675,15.122929,18.36397,20.723705,20.112974,17.707127,15.418388,15.733502,12.384042,9.989615,7.518645,10.377221,8.331849,14.128911,14.9157915,16.305176,15.203877,12.132771,10.660014,14.716244,13.4340315,9.150796,13.58664,15.228236,12.431276,11.859029,15.432915,18.040491,14.499601,16.511696,20.321783,21.519674,19.200233,22.590212,22.59455,20.120205,19.267166,16.81068,14.1807575,14.332679,10.990505,15.623869,11.829106,16.942232,18.345613,16.854496,22.265041,19.193375,17.381626,16.344002,12.313372,10.707943,6.8335457,8.653202,7.3182063,7.498483,10.923642,13.658378,17.08139,18.4953,18.417337,20.934496,18.232468,14.901196,16.675245,11.706749,14.385757,12.168762,14.2494755,17.424662,16.638906,19.33231,21.666378,16.404037,19.23445,19.854773,18.725239
31,19.4744,16.928099,16.15008,11.226428,11.550064,10.785785,11.594004,14.327859,13.294621,17.340523,16.666534,21.877087,20.715927,17.550411,16.28154,12.025037,9.628456,7.890633,5.1487274,6.7721534,6.555053,10.493978,12.962308,13.3258295,18.14096,16.543926,16.030325,13.214844,9.859754,7.0007257,6.739308,0.0,8.69911,8.364671,11.676455,14.263338,16.36364,16.29205,12.904959,10.363411,12.611694,10.754268,7.8974752,9.148185,9.990084,12.063824,16.49918,18.398687,19.740576,19.936886,16.735252,15.247618,20.020311,19.57077,15.441153,18.841093,21.474255,19.1011,17.926262,21.260029,24.595797,20.85325,22.052912,26.124504,27.639254,24.744555,27.419361,26.571476,24.008398,23.869755,21.013807,19.740055,19.862574,17.28277,21.504808,17.645334,22.65567,22.697248,20.999166,26.070456,21.836658,19.955877,18.81736,15.748093,14.377996,12.311293,12.004317,12.934359,11.011375,15.047051,16.450064,20.457546,20.29955,19.586443,21.417456,19.011951,15.223415,17.790394,12.795182,16.96948,13.889044,17.44122,20.091326,20.749073,23.905294,25.278414,20.13342,21.537527,21.67059,19.158247
32,26.705446,23.465485,22.613422,18.166946,17.057596,14.856276,14.244809,13.265767,10.884313,13.117386,10.127516,14.914334,14.367248,10.572403,11.7800665,7.542795,8.653296,7.4642344,11.780267,12.754678,14.841356,18.535769,20.535604,21.557133,26.542463,24.366854,23.139967,20.466335,15.86334,14.755041,10.158751,8.69911,0.0,6.63931,5.522502,9.73965,11.292926,10.49387,9.612013,9.085284,7.9240627,6.6486206,9.600856,9.316388,13.131621,14.771967,17.280891,20.550539,23.748013,22.191835,18.012867,19.155027,23.549603,20.648134,17.997183,23.3352,24.144762,20.674349,21.334414,25.130936,26.455826,22.562147,25.686203,29.39689,29.701609,26.908201,30.401314,31.010946,27.316597,26.357414,22.797121,20.866705,19.04583,16.68025,18.898447,14.825255,18.990091,16.764936,15.51218,19.876125,15.329161,12.646894,11.307869,9.775657,9.256332,10.432673,9.342867,14.057531,14.242871,18.785456,21.312456,25.309841,25.701118,26.04488,27.54488,23.988865,20.41912,21.493034,15.93852,18.496645,13.375036,14.807502,15.176096,16.904146,20.718847,22.364853,19.025333,20.10255,21.907679,19.398252
33,23.181295,19.602774,17.773796,14.188797,13.635319,9.584951,11.462621,9.346162,9.787525,11.998698,12.129962,17.058643,13.937298,10.941604,8.896359,6.2954254,4.0676827,6.707489,8.305674,11.281453,12.98812,16.670135,19.97885,21.025988,25.63823,24.689928,23.720757,21.525581,17.362783,15.323981,13.1768675,8.364671,6.63931,0.0,4.9313264,5.9448137,8.766633,9.964057,7.8322396,7.7101183,9.941245,10.805993,12.078949,13.892536,15.864658,18.827467,21.840164,24.91633,27.273949,26.77097,22.92494,22.80235,27.49589,25.732294,22.18444,26.562824,28.345926,25.092197,24.55899,28.308765,30.71343,26.256678,28.274565,32.349262,33.10108,29.59163,32.230164,31.964409,28.276993,28.074492,24.367817,23.851393,22.747683,21.212666,23.99004,20.582487,25.192833,22.867592,22.127504,26.41271,21.738024,18.951708,17.173632,16.22982,14.899384,15.674972,13.112577,17.290472,15.569267,20.157751,21.537146,25.849419,24.965805,24.953642,25.758808,22.493382,18.864323,20.39281,15.381036,19.005547,14.169992,17.414972,18.31288,20.793373,24.456652,24.88622,21.158915,20.959166,21.770891,18.192287
34,28.022343,24.42152,22.684147,19.076866,18.255241,14.366012,15.340989,11.954218,11.403536,12.164992,10.487211,14.789123,11.955545,8.327366,8.634954,6.766904,7.6679797,9.503965,12.980432,15.383197,17.295794,21.087278,23.96568,24.928602,29.700293,28.189192,27.235327,24.636196,20.320066,18.545168,15.122929,11.676455,5.522502,4.9313264,0.0,4.8715625,5.8687015,6.077475,6.213405,7.6353106,7.3137407,9.059083,12.7062,14.009389,16.777277,19.710098,21.573645,25.278492,28.489273,27.32948,23.134638,24.23084,28.831913,26.130247,23.416481,28.515106,29.599192,26.121346,26.508556,30.336592,31.86432,27.69501,30.576414,34.422085,34.71933,31.536678,34.682247,35.06534,31.108767,30.447943,26.61421,25.455795,23.540754,21.793415,23.630783,19.962532,23.84291,20.578035,19.700605,23.313364,18.424217,15.671723,14.203976,14.217022,13.795183,15.791952,13.641311,18.888329,18.308304,22.965105,24.96079,29.171333,28.805109,29.085796,30.037056,26.459446,22.904654,23.95551,18.71281,21.54224,16.089651,17.955013,17.530224,20.360838,24.25523,25.071526,22.31918,22.250952,23.943785,20.651796
35,27.48376,23.58473,21.513155,18.81396,17.780188,13.064694,14.649626,9.421364,10.691082,10.32565,10.945475,14.712976,9.904512,7.5353165,5.255536,6.4854293,6.8652744,10.544474,13.802079,16.432905,18.673288,22.130386,25.505632,26.842209,31.411942,30.593851,29.35967,27.398422,22.872618,21.223507,18.36397,14.263338,9.73965,5.9448137,4.8715625,0.0,5.1026096,7.8846626,8.535644,10.599499,11.577004,13.826154,16.863794,18.470367,20.91624,23.908054,26.230293,29.75407,32.61465,31.66459,27.573385,28.135035,32.70287,30.22317,27.086561,31.935898,33.1901,29.527203,29.414341,33.31889,35.10017,30.401594,32.908318,36.881958,37.144493,33.4318,36.080315,36.262398,32.018623,31.695498,27.658344,27.447174,25.640482,24.722937,26.465511,23.523382,27.584658,23.865858,23.84986,27.329174,22.732512,19.51993,17.45931,18.140574,17.040499,19.309448,15.998364,21.36743,20.03055,24.59535,26.039423,30.331947,29.25841,29.670963,30.006502,26.347757,23.015844,23.814701,19.145891,21.993551,16.633738,19.04093,18.489998,22.002718,25.74922,25.600386,23.163107,22.022436,23.378027,19.524118
36,31.162079,27.455822,24.891592,22.183569,21.872429,16.876347,19.290941,14.486875,15.5064945,14.992918,14.364962,17.575611,13.067486,10.440581,9.936184,10.956519,11.290305,14.566017,16.68636,20.042847,21.461006,25.235317,28.656857,29.345663,33.82987,32.75368,32.242798,29.481703,25.659288,23.28966,20.723705,16.36364,11.292926,8.766633,5.8687015,5.1026096,0.0,3.6963372,5.8687,9.113026,9.3982115,12.910175,16.689117,18.94208,20.860733,24.759893,25.829586,29.924118,33.23328,32.407402,28.207096,29.453278,34.2325,31.677845,29.085443,34.012756,35.31272,31.949223,32.27692,36.065968,37.714413,33.547077,36.30125,40.206383,40.541546,37.22785,40.189274,40.381912,36.36323,35.891026,31.95811,31.159386,29.18791,27.623356,29.208992,25.596786,29.135698,25.29668,24.351034,27.232153,22.097162,19.732065,18.57462,19.381319,19.324045,21.616785,19.334465,24.68566,23.785904,28.436384,30.091934,34.383686,33.53511,33.658703,34.26079,30.838455,27.344942,28.465565,23.5661,26.544594,21.097733,23.066105,22.07165,25.44088,29.325787,29.696447,27.435377,26.688547,28.273458,24.543816
