,0,1,2,3,4,5,6,7,8,9,10,11,12,13,14,15,16,17,18,19,20,21,22,23,24,25,26,27,28,29,30,31,32,33,34,35,36,37,38,39,40,41,42,43,44,45,46,47,48,49,50,51,52,53,54,55,56,57,58,59,60,61,62,63,64,65,66,67,68,69,70,71,72,73,74,75,76,77,78,79,80,81,82,83,84,85,86,87,88,89,90,91,92,93,94,95,96,97,98,99,100,101,102,103,104,105,106,107,108,109,110
0,0.0,4.2987065,6.4103785,9.612251,12.318697,14.471574,18.092903,21.386814,25.207453,27.933172,31.975803,34.870167,37.97622,39.005516,39.829678,38.26232,41.368374,37.59963,42.486465,38.96598,40.914387,44.221577,43.963383,40.688686,41.103657,37.12218,32.882164,31.40313,32.64061,28.949835,32.50886,27.157097,33.574856,29.48018,33.509846,34.68771,33.825195,34.26312,29.749636,27.051638,32.623062,30.100683,33.831356,34.696514,31.672203,34.464336,33.900307,36.080948,36.304,35.73114,33.228855,35.462914,31.42137,34.305984,34.830093,37.485355,35.11229,38.55227,38.557198,35.26035,33.22809,30.11635,28.029224,23.909426,23.58421,18.905487,18.668114,16.156723,19.012491,16.74488,17.824312,21.524887,20.269667,25.59419,23.60604,28.03058,28.441643,30.249804,33.195236,33.526093,35.980164,34.0944,31.941647,30.875576,26.794249,30.365515,24.5447,27.112806,25.468243,25.523571,27.630772,26.089857,21.353897,23.971582,24.678442,21.476572,18.741411,19.515234,20.322424,16.822258,13.557852,14.821779,16.583195,19.2528,20.305765,17.861599,21.918516,19.831089,19.852707,22.664473,21.912695
1,4.2987065,0.0,5.2380934,6.601113,8.975075,12.288992,14.808674,19.078836,22.239794,25.413244,29.364113,31.962263,34.900867,35.73955,36.27704,34.589157,37.458843,33.590324,38.377968,34.75807,36.720394,39.960476,39.770885,36.553764,36.950848,33.002434,28.70944,27.151669,28.369476,24.68666,28.329092,23.10233,29.848886,26.109112,30.074799,31.56476,30.904398,31.064035,26.467066,23.428648,28.916883,26.06698,29.782688,30.46438,27.412268,30.168186,29.657751,31.868212,32.172062,31.735699,29.305183,31.782633,27.993174,31.046017,31.303629,34.147324,31.572884,34.976284,35.181187,32.154213,29.886612,27.16662,24.68082,20.761202,20.357262,15.549963,15.789961,12.72885,16.003841,13.134685,13.635257,17.508339,16.206003,21.76244,20.06852,24.368122,25.230473,27.066813,30.151218,30.815746,33.01838,30.824226,28.784176,27.394064,23.184334,26.538734,20.544928,22.953037,21.206644,21.343847,23.468674,22.225025,17.338772,19.894238,20.581526,17.629745,14.730221,15.425301,16.718063,13.344122,9.516027,10.950472,13.370587,16.345732,17.323788,14.5889635,19.065083,16.352959,17.144926,19.723146,19.649975
2,6.4103785,5.2380934,0.0,5.3792744,6.952999,8.718755,12.348683,15.340241,19.311953,21.859087,26.26396,28.991976,32.33901,33.231297,34.451458,32.73023,36.215454,32.604073,37.66302,34.573223,36.56328,40.22685,40.07317,37.01434,38.14338,34.485416,30.10177,28.836376,28.776896,25.348583,28.27489,23.201757,29.124006,24.834211,29.317156,30.239252,30.044523,30.767124,26.072742,23.29151,29.23703,26.926271,30.091862,31.231373,29.033695,31.339,31.278996,33.005398,32.888012,32.21903,29.315065,31.57363,27.596155,29.906534,29.929497,32.173813,29.604471,32.965008,32.64202,29.267069,27.301363,24.274729,22.631048,18.498507,19.472729,14.476169,15.174193,13.148259,17.391634,15.451598,14.843682,18.02688,15.903046,20.924088,17.92579,22.445452,22.361256,24.11794,26.970215,27.197939,29.80199,28.091936,26.216642,25.25389,21.305264,25.033583,19.69104,22.816721,21.916159,22.585552,25.42877,24.674063,20.211348,22.718,23.00806,20.954939,17.876265,17.194994,19.722227,17.36956,12.915516,12.656433,16.088085,19.21303,19.045542,15.933368,19.039816,15.746374,15.460158,17.48334,16.455711
3,9.612251,6.601113,5.3792744,0.0,3.7932837,6.1700206,9.001991,12.859082,15.939501,19.103045,22.814705,25.556845,28.478882,29.529541,30.255163,28.89249,32.128094,28.61397,33.832314,30.727709,33.149036,36.55993,36.98094,34.253994,35.26779,31.716227,27.19668,25.292238,24.91842,21.058641,23.949915,18.377163,24.208899,19.985575,24.240082,25.378496,25.002224,25.521643,20.83438,18.05018,23.953983,21.884073,25.150574,26.665455,24.832205,27.43791,27.814285,29.904966,30.19641,30.034784,27.325397,30.240131,26.914139,29.402674,28.620493,31.019388,27.73606,30.870148,30.594894,27.857634,25.313734,23.494926,21.443089,17.839855,19.331232,14.123701,16.007122,13.130657,17.864481,14.744618,12.373118,16.0378,13.150117,18.948446,15.555374,19.819708,20.276894,21.564808,24.549627,25.026756,27.000185,24.941212,22.465622,21.428318,17.44295,21.283403,15.7605915,19.604792,18.540607,19.845945,22.459415,22.638498,17.538336,19.153255,18.707874,17.167112,14.349317,12.495298,15.270401,14.16582,9.982944,7.814374,11.555526,14.713291,13.992759,10.735304,13.82071,10.5505705,10.757855,13.186507,13.117816
4,12.318697,8.975075,6.952999,3.7932837,0.0,5.349587,5.8493476,10.817103,13.394702,16.760197,20.897966,23.166948,26.24555,26.91642,27.782162,25.99597,29.31388,25.700922,30.837934,27.853037,30.086163,33.73546,33.974976,31.253435,32.650227,29.277536,24.774807,23.268772,22.290817,18.854567,21.446312,16.484936,22.422073,18.495676,23.029621,24.265707,24.57056,25.026957,20.228045,17.044964,22.996916,20.585993,23.411573,24.668253,23.106285,25.205858,25.680468,27.343817,27.32833,27.002829,24.089817,26.913912,23.618664,25.863716,24.938946,27.24531,23.990307,27.160988,26.917942,24.126709,21.618149,19.740545,17.670984,14.121351,16.081667,10.903884,13.359062,10.890134,16.07571,13.458189,10.261363,13.245325,10.001117,15.44304,11.847948,16.198145,16.665373,18.200546,21.265295,21.978481,24.05251,21.878649,20.006176,18.643364,14.535605,18.198595,12.8064375,16.532993,15.960717,17.4316,20.526525,20.966942,16.50574,18.302528,17.97828,17.206747,14.19311,11.960935,15.986769,15.163313,10.471271,8.427238,13.197154,16.445797,15.365196,11.843525,14.482659,9.709573,10.54362,11.698428,11.966437
5,14.471574,12.288992,8.718755,6.1700206,5.349587,0.0,6.1320972,7.003973,11.178276,13.527259,17.603289,20.585735,23.921438,25.150135,26.680021,25.495485,29.479181,26.492325,32.050846,29.772255,32.36125,36.135708,36.84529,34.535152,36.38471,33.33014,28.82296,27.127167,25.012228,21.548082,23.22857,18.021837,22.154528,17.241331,22.054909,22.35607,22.669973,23.939892,19.329363,17.148891,23.339716,22.270908,24.60647,26.854816,26.375387,28.39683,29.483347,31.036325,30.95819,30.722643,27.610641,30.423073,27.286081,28.819366,27.354338,28.925276,25.353352,28.204418,27.17076,24.352802,21.987226,20.540148,19.63012,16.31481,19.824518,14.883364,17.577518,15.825115,21.123207,18.788975,15.215868,17.759066,13.8881645,18.630058,13.274039,17.401463,16.582804,17.327923,19.937546,19.815199,22.031033,20.59366,18.026766,17.741365,14.385901,18.758526,14.632006,19.592594,19.686466,21.7831,24.970316,25.95278,21.438532,22.664225,21.614145,21.308565,18.636284,15.273563,19.13404,19.322803,15.152437,11.619304,15.645326,18.51415,16.402388,13.196696,13.646021,9.89526,8.135147,9.277559,7.7643604
6,18.092903,14.808674,12.348683,9.001991,5.8493476,6.1320972,0.0,6.78645,7.7751436,11.519662,15.6581745,17.496443,20.627186,21.127394,22.225718,20.391792,24.070623,20.762274,26.153303,23.79337,26.261562,30.124697,30.778954,28.572382,30.664993,27.86338,23.429491,21.981665,19.203957,16.189901,17.585419,13.202658,17.929743,14.022221,18.90231,19.903906,21.094109,21.74292,17.033342,13.943842,19.872347,18.018097,19.868126,21.611248,21.422049,22.900139,24.175173,25.378525,25.17186,25.020842,21.91352,24.956108,22.334589,23.842815,21.860085,23.634441,19.746809,22.572191,21.924423,19.538963,16.739443,16.058134,14.48266,11.858263,15.732412,11.323104,14.951321,13.326465,18.616781,16.405603,11.566629,13.129772,8.7752075,13.056327,7.538965,11.508516,11.584475,12.602251,15.651408,16.486513,18.281122,16.04932,14.299727,12.92944,9.000878,12.988574,8.717843,13.687894,14.299973,16.791525,20.239317,21.8853,18.120132,19.114641,18.065517,18.865244,16.263906,12.457658,17.588121,18.334658,14.139818,10.802621,15.624247,18.49708,16.287333,12.937674,13.565803,7.746368,8.567324,7.4384193,8.471538
7,21.386814,19.078836,15.340241,12.859082,10.817103,7.003973,6.78645,0.0,5.5418158,6.6057105,11.268754,14.092151,17.83723,19.046398,21.40068,20.352943,25.003178,22.732939,28.427963,27.177021,29.885374,33.88909,34.978104,33.284367,35.960087,33.595604,29.301346,27.851542,23.90704,21.18833,21.325014,17.215715,19.071604,14.076797,19.173805,18.683584,20.198498,22.000776,17.80951,16.261946,22.06501,21.929302,22.956688,25.760372,26.813408,28.043728,29.894663,30.81766,30.41651,30.241264,26.93466,29.687809,27.193102,27.70056,25.248814,25.88451,21.88986,24.16404,22.340054,19.875944,17.59364,17.370491,17.678097,15.4868765,20.783844,16.81796,20.241348,19.398298,24.749176,22.963797,18.341902,19.559776,15.20483,18.17908,11.370701,14.375372,12.209905,11.884947,13.899036,13.221456,15.425399,14.62877,12.169921,12.7491865,10.695667,15.131217,13.425714,18.993042,20.322748,23.148127,26.638716,28.570549,24.850945,25.5238,23.951357,24.993114,22.621004,18.224012,22.915585,24.259193,20.290283,16.161339,20.245552,22.757013,19.710112,16.831266,15.1350155,11.151727,8.789877,6.5804405,4.043396
8,25.207453,22.239794,19.311953,15.939501,13.394702,11.178276,7.7751436,5.5418158,0.0,4.5497684,8.115577,9.789608,13.199589,14.019845,16.005573,14.872138,19.483463,17.401417,23.163132,22.268326,25.201025,29.090992,30.60798,29.39019,32.278107,30.361996,26.275627,24.754034,19.808195,17.530008,16.718609,13.506675,14.239021,9.976425,15.012268,14.825139,17.26304,18.680918,14.753565,13.097131,18.241621,18.283125,18.460257,21.408943,23.39656,24.18302,26.557032,27.27311,26.958933,27.139349,24.048588,27.13865,25.521257,25.871452,22.563478,23.132645,18.50515,20.305769,18.539944,17.094744,14.193402,15.869207,15.878817,14.9892845,20.466427,17.283293,21.214218,20.319193,25.395746,23.474302,18.041023,18.522945,14.114201,16.14971,9.470242,10.934689,9.341465,7.967039,10.1037655,10.303138,11.319874,9.7108,7.0288644,7.219257,5.8523192,10.135727,10.111586,15.869288,17.747654,21.086731,24.406002,27.187477,23.983524,23.977333,22.01738,24.106976,22.162634,17.24239,22.334423,24.564377,21.089714,16.778181,20.746212,22.935316,19.599657,17.031342,14.767844,10.424019,9.615608,5.3993254,6.4712663
9,27.933172,25.413244,21.859087,19.103045,16.760197,13.527259,11.519662,6.6057105,4.5497684,0.0,5.7549586,7.859054,11.996222,13.159793,16.396557,15.714631,20.882719,19.629515,25.2163,25.124905,27.943579,31.927856,33.50824,32.557426,35.841866,34.207966,30.278168,28.978024,23.576614,21.701954,20.295574,17.660175,16.821585,12.521662,17.161287,15.899016,18.67681,20.770872,17.451057,16.710272,21.41873,22.22767,21.891275,25.122147,27.612696,28.118332,30.64998,31.055523,30.492697,30.5169,27.293434,30.011751,28.395384,28.067408,24.645998,24.396965,20.011265,21.382685,18.805292,17.28458,15.077928,16.815681,18.081127,17.404434,23.462305,20.557108,24.305984,23.918072,29.032352,27.49548,22.286648,22.552029,18.253326,19.583214,12.75057,13.718154,10.706941,8.55777,9.26099,7.8726487,9.349602,9.5002,7.149769,9.171238,9.641733,13.127109,14.408407,19.813604,22.022943,25.316912,28.747923,31.490692,28.449541,28.524181,26.52922,28.611614,26.638285,21.707539,26.653568,28.882154,25.29453,20.912434,24.74542,26.86262,23.315557,20.901884,17.93199,14.467088,12.526987,8.622122,7.628158
10,31.975803,29.364113,26.26396,22.814705,20.897966,17.603289,15.6581745,11.268754,8.115577,5.7549586,0.0,4.545852,7.5259433,10.068731,13.1534,14.17091,19.125055,18.988312,24.525118,25.115887,28.442425,31.89839,34.336514,34.05198,37.237453,35.971867,32.226135,30.410702,24.507782,22.611359,20.41295,18.014225,14.516218,10.512357,14.019211,11.692084,14.904237,17.434414,15.228419,15.879193,19.40682,21.690311,20.65404,24.744814,28.267395,28.84235,31.943733,32.564186,32.403534,32.95254,30.116203,33.200294,32.285873,31.98363,27.981804,27.619335,22.829336,23.466484,20.780153,20.510073,18.067904,21.257498,22.309982,22.253458,28.090717,25.291979,29.222574,28.42908,33.468014,31.4277,25.809742,26.20825,21.878155,23.274223,16.940557,16.95101,14.716784,11.687162,11.528329,10.189212,9.228836,9.814383,5.4374547,9.240337,11.497861,14.223469,16.710165,22.267332,24.39968,28.054068,30.994484,34.384144,31.171759,30.42769,27.781893,30.384567,28.963402,23.51056,27.957563,31.161877,28.298916,23.319283,26.336267,27.859673,23.853857,22.163284,17.901365,16.023054,13.961178,10.247097,10.282771
11,34.870167,31.962263,28.991976,25.556845,23.166948,20.585735,17.496443,14.092151,9.789608,7.859054,4.545852,0.0,4.410196,5.8042707,9.753165,10.43277,15.591091,16.011612,21.138266,22.418602,25.52616,28.992203,31.470806,31.564274,35.114983,34.328926,30.942917,29.51367,22.952917,21.93475,18.91704,18.077799,13.824751,11.597657,14.417042,12.571003,16.672842,18.594143,16.802715,17.079218,19.720745,21.692257,19.79097,23.470924,27.555614,27.43817,30.727198,30.835926,30.452757,31.017597,28.303467,31.222727,30.871078,30.141628,25.7277,24.975082,20.163729,20.213636,17.381649,17.928865,15.5771885,19.82026,21.073847,21.90469,27.76087,25.734667,29.71946,29.268862,33.99752,32.300144,26.579512,26.240768,22.245365,22.466745,16.801575,15.614306,13.499274,10.007076,8.986737,8.242366,5.609217,6.471568,4.0599604,7.6497164,11.274924,12.520139,16.630806,21.340673,23.970371,27.633112,30.549818,34.22128,31.740816,30.908901,28.383278,31.507769,30.18853,24.886772,29.645489,32.90583,30.06347,25.469347,28.705727,30.235392,26.376307,24.658627,20.798578,18.283102,17.232952,13.09432,13.925571
12,37.97622,34.900867,32.33901,28.478882,26.24555,23.921438,20.627186,17.83723,13.199589,11.996222,7.5259433,4.410196,0.0,3.8712652,6.7237306,9.320992,13.634274,15.132032,19.840527,21.676718,25.067259,27.963572,31.089487,31.739315,35.130226,34.696354,31.582731,29.8637,23.081528,22.261782,18.671068,18.457333,12.374003,11.579895,12.770744,10.681896,15.17393,16.848192,16.153559,17.139172,18.391714,21.174088,18.592234,22.615543,27.433899,27.234806,30.881752,31.086037,31.019426,31.999395,29.696243,32.848495,33.094055,32.47383,27.738287,27.064096,22.108059,21.627398,19.089916,20.604631,18.097416,23.093285,23.952074,25.18292,30.677242,28.821499,32.885685,32.16966,36.718563,34.729244,28.822323,28.469484,24.633505,24.798725,19.806124,18.066677,16.794878,13.3058605,12.238854,12.089418,8.48671,8.769423,6.4043155,9.295896,13.417125,13.735688,18.41377,22.793558,25.29963,29.086155,31.550531,35.65878,33.2553,31.852762,28.987,32.52225,31.635069,26.201769,30.581932,34.41674,32.118378,27.382221,30.096571,31.218027,27.2611,26.030542,21.778547,20.06204,19.395575,15.547186,17.062895
13,39.005516,35.73955,33.231297,29.529541,26.91642,25.150135,21.127394,19.046398,14.019845,13.159793,10.068731,5.8042707,3.8712652,0.0,5.0818486,6.2759275,10.870017,12.617688,16.8728,19.179209,22.203253,25.24724,28.165518,28.980782,32.693024,32.58346,29.762535,28.520508,21.385874,21.366926,17.345016,18.432594,12.890028,13.279418,14.493086,13.358131,17.992294,19.053982,18.152891,18.365725,19.37035,21.303003,18.28506,21.559755,26.490742,25.668768,29.287865,28.99047,28.637897,29.514332,27.27452,30.195568,30.800245,29.865156,24.942133,24.023676,19.179739,18.29364,15.799542,17.913809,15.534942,21.086573,22.00779,23.841318,29.206022,27.981047,31.984554,31.596045,35.84264,34.233692,28.410692,27.456148,23.983631,23.19479,18.888803,16.373337,15.312597,11.899707,10.464389,11.109044,6.9547467,6.8043027,7.180783,8.700241,13.122156,12.254199,17.841051,21.33144,24.209112,27.857422,30.372185,34.52198,32.779224,31.51591,28.9499,32.724728,31.79038,26.667034,31.36451,34.959827,32.53335,28.269619,31.317741,32.596977,28.894539,27.453625,23.840208,21.307133,21.307663,17.183609,18.969175
14,39.829678,36.27704,34.451458,30.255163,27.782162,26.680021,22.225718,21.40068,16.005573,16.396557,13.1534,9.753165,6.7237306,5.0818486,0.0,4.8826246,7.261164,9.712847,13.727267,16.034002,19.531378,21.872215,25.48856,26.704458,29.951967,30.042042,27.465153,25.822248,18.741203,18.858158,14.431581,16.286055,9.673701,12.2021055,11.865007,11.773449,16.311644,16.42839,16.19695,16.456274,15.997093,18.124176,14.471721,17.824478,23.328922,22.502426,26.411787,26.385332,26.541996,27.963564,26.284548,29.63583,30.817152,30.424444,25.37458,25.117136,20.082367,19.086708,17.59073,20.315905,17.43283,23.311647,23.233889,25.268358,29.867067,28.737736,32.773853,31.9298,35.853363,33.836937,27.915798,27.012241,23.848213,23.246988,19.959465,17.141214,17.487354,14.501855,13.91788,15.3753195,11.4597435,9.784509,9.371061,9.50649,13.538538,11.746368,17.289051,20.228556,22.744493,26.431728,28.329544,32.89658,31.259752,29.388126,26.574038,30.75185,30.308546,25.271734,29.537243,33.592293,31.82271,27.664585,30.187418,31.084131,27.537457,26.52712,23.08385,20.998392,21.85356,18.124372,20.87061
15,38.26232,34.589157,32.73023,28.89249,25.99597,25.495485,20.391792,20.352943,14.872138,15.714631,14.17091,10.43277,9.320992,6.2759275,4.8826246,0.0,5.443492,6.458929,10.799662,12.95702,15.940183,19.032732,21.919298,22.828611,26.51901,26.641136,24.135632,23.184462,15.8239155,16.733532,12.23541,15.203,10.991568,13.400698,14.313223,15.023339,19.413734,19.26437,17.999996,16.99642,17.382116,17.856796,14.407982,16.505016,21.483604,20.034908,23.657017,23.04781,22.707874,23.794231,21.930119,25.032505,26.278484,25.661102,20.558912,20.270945,15.258829,14.251461,13.040792,15.944748,13.005265,19.105898,18.92843,21.41473,25.856026,25.309149,29.222315,28.781485,32.42708,30.92237,25.212738,23.673903,20.878798,19.294804,16.67626,13.216195,13.9000845,11.358492,10.960045,13.339051,9.926949,7.2295117,9.283064,7.792418,11.4754095,8.512942,14.7685175,16.762344,19.755018,23.222246,25.438616,29.798227,28.81913,27.442554,25.193516,29.345232,28.599787,24.0298,28.822865,32.249214,30.074131,26.556383,29.684237,30.977692,27.800379,26.300642,23.808731,20.484161,21.900013,17.905386,20.689896
16,41.368374,37.458843,36.215454,32.128094,29.31388,29.479181,24.070623,25.003178,19.483463,20.882719,19.125055,15.591091,13.634274,10.870017,7.261164,5.443492,0.0,4.6687007,6.5410147,9.750052,12.833937,14.888169,18.607813,20.358374,23.721308,24.495455,22.697027,21.726057,14.488461,16.34999,11.378433,16.091978,11.825402,16.141893,15.605893,17.189554,21.206532,20.14148,19.619873,18.547728,17.25481,17.376566,13.146098,14.277116,19.867542,17.830946,21.690784,20.926691,20.974144,22.63498,21.629354,24.869484,27.057934,26.740913,21.590866,21.740904,17.09894,15.600563,15.597736,19.25728,16.39754,22.547792,21.60887,24.493982,27.941961,27.896755,31.649044,30.995386,34.04128,32.41278,26.870975,25.087194,22.985723,21.071224,20.03441,16.244513,18.077902,16.116524,16.005262,18.645517,15.275692,12.5498705,14.224797,12.26961,15.148431,11.343074,17.038471,17.59923,20.235641,23.432886,24.862913,29.593473,29.229994,27.318243,25.074984,29.656225,29.433481,25.304096,29.603924,33.28172,31.761127,28.664083,31.313213,32.25102,29.408901,28.304523,26.212914,23.243462,25.400743,21.81121,25.12785
17,37.59963,33.590324,32.604073,28.61397,25.700922,26.492325,20.762274,22.732939,17.401417,19.629515,18.988312,16.011612,15.132032,12.617688,9.712847,6.458929,4.6687007,0.0,5.928284,6.580261,10.074772,13.014451,16.093924,17.02404,20.30835,20.556261,18.375433,17.49793,10.108078,12.161438,7.3236623,12.657801,10.889985,14.862919,15.227655,17.527765,21.171057,19.87014,18.390902,16.296715,15.842859,14.5149975,10.90942,11.130592,16.037502,13.953452,17.634996,16.93684,16.951225,18.558544,17.396902,20.952145,22.911829,23.08873,18.144394,19.062536,14.23602,13.563078,14.296079,17.286825,14.000373,19.636248,17.931065,20.698423,23.659508,23.65716,27.334595,26.588839,29.467712,27.862017,22.433313,20.510202,18.650133,16.69123,16.34795,12.592703,15.350999,14.110511,14.8871,17.985592,15.438415,11.890873,13.633807,10.577429,12.253221,7.9210176,13.064904,12.976134,15.635804,18.783115,20.35237,24.996046,24.74996,23.082273,21.16194,25.650013,25.268007,21.483984,26.009653,29.277914,27.634457,24.991701,27.886198,29.046984,26.552551,25.176287,23.924683,20.261381,23.006092,19.60175,23.16049
18,42.486465,38.377968,37.66302,33.832314,30.837934,32.050846,26.153303,28.427963,23.163132,25.2163,24.525118,21.138266,19.840527,16.8728,13.727267,10.799662,6.5410147,5.928284,0.0,5.129967,6.814799,8.66463,12.220829,14.48772,17.961916,19.452839,18.59262,18.551891,11.923272,15.514413,11.097082,17.503017,15.93898,20.555038,20.201647,22.608253,26.172272,24.4848,23.57887,21.542412,20.075205,18.353151,14.49401,13.011445,17.715504,14.426444,17.827877,16.144226,15.984321,17.830526,17.658422,20.648367,23.789976,23.676537,18.79067,19.5595,15.772527,14.156793,15.846575,19.697699,17.116766,22.721195,20.936401,24.332195,26.429436,27.3911,30.690382,30.234655,32.32989,31.14981,26.254267,23.727697,22.801682,19.804455,20.994976,16.870495,19.81158,18.932623,19.305792,22.517773,19.871,16.747347,19.245996,16.348557,17.965012,13.419143,18.084585,16.269087,18.750546,21.149342,22.061747,26.675379,27.620598,25.867626,24.39102,29.034777,28.95147,25.904356,30.0796,33.16095,31.84727,29.855799,32.57591,33.584312,31.463215,30.250017,29.386913,25.785845,28.806171,25.490168,29.041662
19,38.96598,34.75807,34.573223,30.727709,27.853037,29.772255,23.79337,27.177021,22.268326,25.124905,25.115887,22.418602,21.676718,19.179209,16.034002,12.95702,9.750052,6.580261,5.129967,0.0,4.435166,6.891285,10.0309725,11.223151,14.035955,14.855648,13.646269,13.427437,7.0895605,11.213946,7.6763573,14.42191,15.214068,19.628185,19.613152,22.700024,25.68252,23.622032,22.12416,19.333302,18.18676,15.087167,12.063216,9.104992,12.888538,9.374378,12.737042,11.371128,11.72395,14.011187,14.123429,17.767786,20.751492,21.618418,17.239355,19.191671,15.390452,14.905086,17.244553,20.161913,17.178669,21.893103,19.088285,22.081963,23.255144,24.129759,27.26086,26.436893,28.194063,26.786636,22.132202,19.664513,19.226864,16.620556,18.848639,15.22145,19.108185,18.907904,20.134415,23.528503,21.498297,17.822412,19.71388,16.218733,16.563768,12.195279,15.223873,12.396685,14.321866,16.471243,17.035204,21.729898,22.804981,21.015865,19.84069,24.425133,24.435932,21.950874,25.9412,28.722431,27.646772,26.21193,28.8179,29.844975,28.205576,26.962341,26.985363,23.152864,26.792297,23.96969,27.80321
20,40.914387,36.720394,36.56328,33.149036,30.086163,32.36125,26.261562,29.885374,25.201025,27.943579,28.442425,25.52616,25.067259,22.203253,19.531378,15.940183,12.833937,10.074772,6.814799,4.435166,0.0,4.8615694,6.0309196,7.6779437,11.425858,13.161966,13.055742,14.318833,9.348315,14.155353,11.5051985,18.08907,19.551651,23.688015,23.976404,26.970234,30.043797,28.035364,26.384884,23.365957,22.502779,18.958878,16.325266,12.686596,15.106771,10.820792,13.036454,10.211454,9.588283,11.556395,12.288878,15.173281,18.964052,19.526808,15.443661,17.436993,14.707667,13.96042,17.098589,20.110767,17.734507,21.970123,19.12012,22.547613,22.996527,24.804749,27.497765,27.17778,28.259037,27.556095,23.561302,20.422598,20.794834,17.062183,20.48657,16.67537,20.562925,20.86398,21.9565,25.489077,23.784698,20.2888,23.00531,19.418354,19.579063,15.109124,17.897192,13.826225,15.846133,17.136595,17.632996,21.78735,24.024485,22.76878,22.331917,26.63928,26.505814,24.747402,28.785551,30.930378,29.688747,28.953915,31.807177,33.012264,31.700384,30.255234,30.764025,26.498676,30.219461,27.338259,30.96136
21,44.221577,39.960476,40.22685,36.55993,33.73546,36.135708,30.124697,33.88909,29.090992,31.927856,31.89839,28.992203,27.963572,25.24724,21.872215,19.032732,14.888169,13.014451,8.66463,6.891285,4.8615694,0.0,5.4605308,8.829877,10.762182,13.452352,14.454484,15.273525,11.760932,16.303423,13.887007,20.45834,21.41971,26.238014,25.660326,28.89663,31.670307,29.22268,28.185535,25.455029,23.48753,20.108383,17.300955,13.172745,15.648385,11.341456,13.4565935,11.044191,11.520104,14.141307,15.878808,18.626114,22.7651,23.6656,19.956028,22.00493,19.53689,18.580204,21.639473,24.890314,22.511368,26.823196,23.849707,27.124632,27.133718,28.8658,31.437788,30.787374,31.517637,30.506979,26.719893,23.883766,24.484903,21.30378,24.85685,21.224072,25.19618,25.292162,26.326002,29.788725,27.729416,24.260021,26.49883,23.065855,23.36036,18.98712,21.511002,17.516237,18.813572,19.83568,19.332256,23.604345,26.031525,24.180239,23.631804,28.078749,28.4986,27.02392,30.352476,32.79695,32.252846,31.626667,33.878853,34.67836,33.572994,32.56428,33.08995,29.437124,33.34908,30.73046,34.607227
22,43.963383,39.770885,40.07317,36.98094,33.974976,36.84529,30.778954,34.978104,30.60798,33.50824,34.336514,31.470806,31.089487,28.165518,25.48856,21.919298,18.607813,16.093924,12.220829,10.0309725,6.0309196,5.4605308,0.0,4.3911805,7.5296454,10.90746,12.88213,15.383858,13.16223,18.027002,16.53239,22.806398,25.126785,29.299486,29.489092,32.70378,35.527706,33.250668,31.610836,28.36515,27.302462,23.16435,21.05747,16.499952,17.323753,12.727293,13.321674,9.483344,8.56423,10.4321165,12.804533,14.579335,19.238388,20.081821,17.161442,19.5368,18.269915,17.622183,21.339674,24.09505,22.24482,25.576185,22.403074,25.815693,24.896063,27.495478,29.508272,29.376514,29.368605,29.16455,26.193918,22.737167,24.182335,20.088345,24.827559,21.321909,25.357769,26.143435,27.313864,30.892136,29.4636,26.031496,28.90478,25.223114,24.96798,20.674833,22.561386,17.450516,18.775356,18.876604,18.541136,21.941809,25.5092,24.51085,24.86724,28.810656,28.870398,28.204248,31.748144,33.277023,32.36855,32.57515,35.24456,36.391407,35.673874,34.284275,35.515007,31.182962,35.21479,32.61471,36.236977
23,40.688686,36.553764,37.01434,34.253994,31.253435,34.535152,28.572382,33.284367,29.39019,32.557426,34.05198,31.564274,31.739315,28.980782,26.704458,22.828611,20.358374,17.02404,14.48772,11.223151,7.6779437,8.829877,4.3911805,0.0,5.318547,7.6496964,9.532216,13.0118,11.971748,16.609528,16.161291,21.75115,25.451973,28.973156,29.771236,33.076557,35.701637,33.51878,31.314243,27.631298,27.366138,22.581438,21.271141,16.512632,15.962009,11.580723,11.102977,6.667567,4.6206155,6.1530213,9.025368,10.857917,15.391954,16.893055,14.694699,17.862915,16.925009,17.135683,21.056332,22.979652,21.136074,23.506392,19.847048,22.948685,21.241533,24.082417,25.757252,25.70494,25.303482,25.387566,22.936642,19.272133,21.285593,17.07683,22.609415,19.590015,23.843382,25.171635,26.740969,30.332495,29.465696,25.903854,28.705069,24.82717,23.852026,19.946903,20.77367,15.008303,16.0469,15.497553,15.30903,18.158388,22.20846,21.802347,22.755222,26.252274,26.037298,25.950897,29.568962,30.446987,29.323763,30.109638,32.984512,34.36673,33.974308,32.339924,34.192574,29.484102,33.653164,31.295322,34.783604
24,41.103657,36.950848,38.14338,35.26779,32.650227,36.38471,30.664993,35.960087,32.278107,35.841866,37.237453,35.114983,35.130226,32.693024,29.951967,26.51901,23.721308,20.30835,17.961916,14.035955,11.425858,10.762182,7.5296454,5.318547,0.0,4.3796763,8.29757,11.515432,13.33254,17.288252,17.901531,22.870483,27.265486,30.937336,31.343048,35.02253,37.092274,34.505875,32.430885,28.672058,27.947653,22.74267,22.072063,16.738623,14.792383,10.919616,9.087398,5.5332885,6.0231676,8.359591,11.996499,14.013036,18.010523,20.531517,19.107687,22.712297,21.68555,22.22042,26.04985,27.732216,25.624842,27.659832,23.534712,26.037851,23.451094,25.955898,27.299093,26.659676,25.61505,25.26023,23.455368,20.32573,22.84141,19.715343,25.540548,23.106174,27.669186,29.051304,30.927452,34.486935,33.594555,29.834414,31.950823,28.028013,26.633106,23.089521,22.87224,17.047112,16.888329,15.651088,14.037061,16.571629,21.042679,20.26703,21.59366,24.800234,25.112198,25.885626,28.587893,29.282532,28.972523,30.341354,32.55861,33.612835,33.795914,32.510582,34.941967,30.701565,35.22288,33.422863,37.147297
25,37.12218,33.002434,34.485416,31.716227,29.277536,33.33014,27.86338,33.595604,30.361996,34.207966,35.971867,34.328926,34.696354,32.58346,30.042042,26.641136,24.495455,20.556261,19.452839,14.855648,13.161966,13.452352,10.90746,7.6496964,4.3796763,0.0,4.5636625,8.275248,11.945112,15.047872,16.799776,20.726568,26.260136,29.333282,30.124086,33.88716,35.620136,33.086964,30.598364,26.55959,26.446108,20.78891,20.977077,15.733338,12.383307,9.363369,6.2265816,3.665024,5.1093254,7.3266025,10.565792,13.212139,16.190575,19.573257,18.60693,22.719025,21.430674,22.656912,26.308247,27.323534,24.993183,26.38277,21.85942,23.739756,20.637474,22.773304,23.950138,22.962914,21.755943,21.14991,19.68976,16.820444,19.678368,17.28044,23.3105,21.556572,26.258665,27.907593,30.162483,33.62589,33.0899,29.217964,30.884235,26.914904,24.893524,21.921415,20.551256,14.6498165,13.754101,11.933858,9.949603,12.217201,16.825237,16.344883,18.14731,20.929077,21.131083,22.435358,24.984655,25.23321,24.953959,26.752102,28.931261,30.087566,30.584297,29.208853,32.17348,27.871424,32.51098,31.097925,34.76294
26,32.882164,28.70944,30.10177,27.19668,24.774807,28.82296,23.429491,29.301346,26.275627,30.278168,32.226135,30.942917,31.582731,29.762535,27.465153,24.135632,22.697027,18.375433,18.59262,13.646269,13.055742,14.454484,12.88213,9.532216,8.29757,4.5636625,0.0,4.827879,8.8608265,11.17031,13.667781,16.745098,23.005745,25.51535,26.714548,30.422323,32.027676,29.683474,26.823792,22.60482,23.162344,17.328482,18.039928,13.253829,9.378719,7.1468716,4.08418,3.609219,5.29784,7.298973,8.9847765,12.73308,14.601347,18.320261,17.06864,21.342106,19.361513,21.080088,24.34797,24.915628,22.259483,23.469364,18.763254,20.19025,17.418968,18.867826,20.397573,19.039642,18.495884,17.359121,15.302417,12.636915,15.269571,13.577691,19.31326,18.011314,22.778282,24.474062,26.991123,30.332298,29.999231,26.071577,27.324274,23.375172,20.950974,18.443438,16.316057,10.552292,9.23927,7.518645,5.914385,9.230459,12.950657,12.567834,14.288342,17.134083,17.027565,18.048538,20.99226,21.295427,20.693415,22.274973,24.679577,26.026377,26.389679,24.833315,27.875381,23.420012,28.061596,26.782084,30.410099
27,31.40313,27.151669,28.836376,25.292238,23.268772,27.127167,21.981665,27.851542,24.754034,28.978024,30.410702,29.51367,29.8637,28.520508,25.822248,23.184462,21.726057,17.49793,18.551891,13.427437,14.318833,15.273525,15.383858,13.0118,11.515432,8.275248,4.827879,0.0,7.441773,8.013809,11.421569,13.486355,19.98212,22.556692,23.321695,27.245451,28.369495,25.782652,23.085743,18.977423,19.13343,13.155521,14.489332,9.8818655,4.7706943,4.6575856,2.6279721,6.499476,9.347272,11.76987,12.739826,16.971397,18.288668,21.97441,20.171497,24.227242,21.342138,23.031553,25.793503,26.453485,23.305712,25.016884,20.390049,21.33777,19.36565,19.547726,21.568527,19.355886,19.621956,17.21148,14.315099,12.958602,14.612407,14.741293,19.154505,18.232124,23.006401,24.24957,26.902708,30.068554,29.450018,25.425074,25.707253,21.940248,19.433882,17.388699,14.70975,10.302929,8.002728,7.535222,4.871696,9.778956,11.195162,9.244723,10.092738,13.589178,14.111514,14.674043,17.089449,18.294336,18.424688,19.392063,21.137318,22.097816,22.430542,21.290594,24.241724,20.493511,25.298153,24.422184,28.351362
28,32.64061,28.369476,28.776896,24.91842,22.290817,25.012228,19.203957,23.90704,19.808195,23.576614,24.507782,22.952917,23.081528,21.385874,18.741203,15.8239155,14.488461,10.108078,11.923272,7.0895605,9.348315,11.760932,13.16223,11.971748,13.33254,11.945112,8.8608265,7.441773,0.0,4.9354506,4.9113307,9.846813,14.485551,17.632118,18.508501,22.079813,24.196918,22.026388,19.482317,15.691487,15.855282,10.947154,10.199513,6.4086432,7.1946425,4.8899746,7.9234533,8.401902,9.635668,11.920134,11.601638,16.144417,17.853975,20.12512,16.722622,19.892056,16.011831,17.142136,19.459414,20.811375,17.412872,20.584034,16.704067,18.56205,18.804226,18.939886,21.964445,20.432068,22.156538,20.149338,15.546972,13.582549,13.435586,12.318812,15.23299,13.00107,17.639326,18.226183,20.48563,23.763248,22.643307,18.618347,19.409145,15.565028,14.022237,10.894986,10.624399,6.9676843,7.61722,9.908612,10.463454,15.352432,15.762086,14.055911,13.192163,17.547457,17.425508,15.473016,19.458921,21.77468,20.776962,19.907621,22.506805,23.716084,22.636555,21.200006,22.430864,18.246038,22.5294,20.509417,24.494545
29,28.949835,24.68666,25.348583,21.058641,18.854567,21.548082,16.189901,21.18833,17.530008,21.701954,22.611359,21.93475,22.261782,21.366926,18.858158,16.733532,16.34999,12.161438,15.514413,11.213946,14.155353,16.303423,18.027002,16.609528,17.288252,15.047872,11.17031,8.013809,4.9354506,0.0,4.980692,5.693039,12.381137,14.58083,15.723757,19.456686,20.88188,18.709639,15.687092,11.548993,12.514145,7.0299597,8.160335,6.212648,5.972263,7.21511,9.756843,11.956554,13.599977,15.580568,14.765699,19.384697,19.989162,22.674833,19.606379,22.795769,18.547285,20.158365,21.805676,22.485924,18.80439,21.47499,17.597136,18.374723,18.919062,17.719095,20.959473,18.635471,21.02281,18.04877,12.900333,12.387659,11.304963,12.654914,14.129814,13.195197,17.548326,17.99701,20.63909,23.514278,22.61283,18.620188,18.046646,14.495796,12.150235,10.574248,8.155307,6.9986954,6.1280975,9.338332,9.969057,14.79137,13.222493,10.975267,9.1530285,13.619135,13.549422,10.829512,14.82523,17.671696,16.89321,15.423214,17.727575,18.86758,17.70318,16.355986,17.784449,13.926538,18.462326,17.086662,21.255571
30,32.50886,28.329092,28.27489,23.949915,21.446312,23.22857,17.585419,21.325014,16.718609,20.295574,20.41295,18.91704,18.671068,17.345016,14.431581,12.23541,11.378433,7.3236623,11.097082,7.6763573,11.5051985,13.887007,16.53239,16.161291,17.901531,16.799776,13.667781,11.421569,4.9113307,4.980692,0.0,6.749157,9.611535,13.13757,13.751471,17.241293,19.578487,17.566898,15.22327,11.89556,11.860116,8.239202,6.3383284,5.445102,9.272794,8.619025,12.28476,13.2321,14.367158,16.438112,15.526222,19.949238,21.236734,22.9536,18.96298,21.374804,16.687025,17.502344,18.853527,20.423838,16.69851,20.711845,17.583385,19.235418,20.939203,20.173813,23.72987,22.02354,24.715685,22.256456,16.842749,15.707305,14.087036,13.993175,14.543679,12.284986,16.282171,15.974539,18.042946,21.043684,19.42426,15.440294,15.379111,11.822024,10.983794,7.997415,9.048357,8.654205,9.820296,13.174612,14.182256,19.072424,18.078276,15.940638,13.86192,18.438082,18.339622,14.887002,19.053543,22.346176,21.280132,19.043003,21.501705,22.539429,20.628044,19.38242,19.359558,15.701941,19.547176,17.227978,21.386248
31,27.157097,23.10233,23.201757,18.377163,16.484936,18.021837,13.202658,17.215715,13.506675,17.660175,18.014225,18.077799,18.457333,18.432594,16.286055,15.203,16.091978,12.657801,17.503017,14.42191,18.08907,20.45834,22.806398,21.75115,22.870483,20.726568,16.745098,13.486355,9.846813,5.693039,6.749157,0.0,8.406292,9.193997,10.911523,14.411076,15.612223,13.904435,10.312905,6.0368857,8.712788,5.231131,6.9512405,9.077045,10.6408205,12.6216,15.37726,17.59237,18.957573,20.62668,19.156328,23.607382,23.538784,25.75626,22.391172,24.921356,20.099804,21.686481,22.284092,22.678034,18.818619,21.698483,18.647089,18.783598,20.81846,18.414433,22.112215,19.574516,23.104443,19.685839,13.871771,14.587321,11.75466,14.630843,13.227986,13.067803,16.33965,16.021706,18.627518,20.900778,19.910074,16.21331,14.0999,11.259711,8.923211,9.167735,6.6002727,9.898121,9.677875,13.38198,14.6863165,18.943058,15.771875,13.557395,10.562135,14.477192,14.161855,9.372044,13.68215,17.512377,16.443768,13.071837,15.305685,16.400896,14.080885,12.76678,12.735453,9.339248,13.488692,12.139013,16.52734
32,33.574856,29.848886,29.124006,24.208899,22.422073,22.154528,17.929743,19.071604,14.239021,16.821585,14.516218,13.824751,12.374003,12.890028,9.673701,10.991568,11.825402,10.889985,15.93898,15.214068,19.551651,21.41971,25.126785,25.451973,27.265486,26.260136,23.005745,19.98212,14.485551,12.381137,9.611535,8.406292,0.0,5.9201374,4.452755,7.774886,10.5068035,9.074027,7.837633,7.479156,6.57909,9.171054,6.6934342,11.731004,16.480747,17.416435,21.19041,22.737978,23.964212,25.891,24.513447,28.739197,29.38436,30.543999,26.20429,27.558804,22.286274,22.670244,22.293306,23.839193,20.112803,24.67882,22.96094,23.871498,27.313988,25.171206,29.157387,27.137356,31.009098,27.88442,21.932858,22.244846,19.01315,20.640003,17.791986,16.426147,18.334713,16.371403,17.707642,19.451248,16.961077,13.951116,10.840281,9.61576,10.773814,10.39245,12.500474,16.268112,17.293182,21.102152,22.307095,26.937843,24.13711,21.568127,18.140253,22.209627,22.260584,17.049374,20.499962,25.140646,24.2624,19.910439,21.502184,21.95382,18.574717,18.095951,15.083215,13.888087,15.913543,13.55183,17.585691
33,29.48018,26.109112,24.834211,19.985575,18.495676,17.241331,14.022221,14.076797,9.976425,12.521662,10.512357,11.597657,11.579895,13.279418,12.2021055,13.400698,16.141893,14.862919,20.555038,19.628185,23.688015,26.238014,29.299486,28.973156,30.937336,29.333282,25.51535,22.556692,17.632118,14.58083,13.13757,9.193997,5.9201374,0.0,5.1425104,6.235379,8.428977,8.922195,5.5916247,5.7536426,9.086553,11.660472,11.324847,16.068916,19.445013,20.99476,24.24316,25.953106,26.8673,28.275757,26.257341,30.307339,29.961731,31.096512,27.147898,28.357643,23.111105,24.094519,23.08074,23.531256,19.930456,23.506842,22.25888,22.219467,26.304873,23.272806,27.293442,25.215319,29.740255,26.527163,20.581945,21.644554,17.652237,20.402403,15.907389,15.882087,16.712536,14.706949,16.299606,17.22635,15.618161,13.193518,8.405405,8.458869,8.77431,10.9880705,11.60121,17.116947,18.041464,21.87696,23.744644,27.719995,24.016195,22.109703,18.768827,21.887913,21.334204,15.619109,19.325533,23.622849,22.105673,16.992096,18.908302,19.743198,15.825254,14.910279,10.896447,9.866158,10.560697,8.181155,11.990505
34,33.509846,30.074799,29.317156,24.240082,23.029621,22.054909,18.90231,19.173805,15.012268,17.161287,14.019211,14.417042,12.770744,14.493086,11.865007,14.313223,15.605893,15.227655,20.201647,19.613152,23.976404,25.660326,29.489092,29.771236,31.343048,30.124086,26.714548,23.321695,18.508501,15.723757,13.751471,10.911523,4.452755,5.1425104,0.0,4.2485466,6.0743804,5.0401607,4.8151317,7.1538415,6.2499776,11.070067,9.792804,15.235801,19.49807,21.110159,24.735529,26.69516,28.092854,30.012726,28.551653,32.80463,33.106335,34.356415,30.149332,31.419304,26.111809,26.60001,25.836473,27.069931,23.422678,27.664976,26.206411,26.602386,30.271017,27.535185,31.512634,29.218142,33.387012,29.901302,24.007578,25.016298,21.449999,23.945784,20.32831,19.66945,20.980259,18.79341,20.00714,21.08262,18.683111,16.320166,11.9416685,12.022262,13.098807,13.966791,15.235694,19.813183,20.454502,24.239864,25.362389,29.784542,26.240007,23.53874,19.770124,23.340237,23.512936,17.994537,20.709406,25.725544,25.122917,20.146563,21.045156,21.119114,17.302067,17.361141,13.150304,13.759874,14.794739,13.145435,16.830168
35,34.68771,31.56476,30.239252,25.378496,24.265707,22.35607,19.903906,18.683584,14.825139,15.899016,11.692084,12.571003,10.681896,13.358131,11.773449,15.023339,17.189554,17.527765,22.608253,22.700024,26.970234,28.89663,32.70378,33.076557,35.02253,33.88716,30.422323,27.245451,22.079813,19.456686,17.241293,14.411076,7.774886,6.235379,4.2485466,0.0,4.663902,6.3898807,6.952944,10.207125,10.339527,15.216092,13.889851,19.265348,23.596663,25.040653,28.676836,30.400154,31.52341,33.22805,31.477003,35.530144,35.617107,36.465298,32.15743,32.930897,27.616198,27.952734,26.569185,27.678417,24.288702,28.539114,27.77154,28.053205,32.380314,29.465332,33.502422,31.440916,35.947365,32.6248,26.70579,27.763605,23.858372,26.286692,21.775688,21.258312,21.64183,19.005468,19.713488,20.094666,17.59758,16.099384,11.114725,12.590835,14.400672,15.83171,17.644606,22.752354,23.732586,27.583063,29.063496,33.327835,29.636053,27.233189,23.531607,26.797863,26.706896,21.004944,23.812141,28.670185,27.70996,22.373919,23.406286,23.577888,19.438276,19.411657,14.308928,15.387345,15.073592,13.210149,16.029242
