,0,1,2,3,4,5,6,7,8,9,10,11,12,13,14,15,16,17,18,19,20,21,22,23,24,25,26,27,28,29,30,31,32,33,34,35,36,37,38,39,40,41,42,43,44,45,46,47,48,49,50,51,52,53,54,55,56,57,58,59,60,61,62,63,64,65,66,67,68,69,70,71,72,73,74,75,76,77,78,79,80,81,82,83,84,85,86,87,88,89,90,91,92,93,94,95,96,97,98,99,100,101,102,103,104,105,106,107,108
0,0.0,3.5455604,7.7762427,9.944994,13.2461815,14.218384,18.211842,21.347712,23.94629,27.21675,32.483788,35.18113,34.35232,32.35082,28.362242,26.049189,22.165993,21.111717,17.118193,15.250728,14.238971,11.371271,14.851905,11.554959,15.87312,19.058928,20.763098,20.67887,22.705627,21.576414,25.919577,23.633537,30.562454,27.301292,31.733025,33.367714,33.626186,33.631977,29.016335,25.301746,30.625061,26.92881,29.467064,28.01848,26.006788,25.856676,25.868692,23.96106,27.631302,30.212431,32.97819,31.579172,34.532665,36.51207,33.900684,36.426075,35.99959,37.38594,42.470478,40.930492,37.404087,40.312912,38.029865,40.932884,39.821136,43.812283,43.59351,39.44809,35.549053,34.9278,35.251522,35.885986,34.010513,38.854008,37.96949,42.343235,42.442173,45.704376,47.517986,46.2389,40.60519,37.557167,34.7162,31.940414,31.905327,26.43636,25.987797,21.389519,21.850693,20.537964,21.144789,19.574095,19.890585,22.91555,24.241653,24.63033,25.059683,28.115494,29.422174,29.394966,29.455616,28.859585,28.153053,29.258524,28.735071,29.469034,33.15063,33.12681,37.336205
1,3.5455604,0.0,4.248848,7.0808053,10.02568,11.22452,14.927737,18.207031,20.743202,24.091135,29.457214,31.965378,31.390892,29.585873,25.56454,23.290602,19.589638,18.408854,14.807387,12.778749,12.804534,9.701837,14.338473,11.43256,16.146385,18.715498,19.7022,19.29718,20.69347,20.022795,23.705452,21.692564,28.302164,25.037178,29.612577,31.167555,31.839346,31.872559,27.257746,23.52022,28.81196,25.243053,27.349499,25.953615,24.620213,24.179026,24.804634,22.5125,26.590395,28.974306,31.617916,29.70599,33.132065,34.635063,32.18241,34.682972,33.830494,35.173374,40.264442,38.411785,34.857567,37.6742,35.44244,38.219673,37.403095,41.084244,41.093018,36.858654,33.21978,32.514633,32.49423,33.193275,31.145996,35.914158,34.999634,39.35541,39.441334,42.65619,44.382652,43.183853,37.433434,34.450607,31.741709,28.866804,28.911114,23.273005,22.93931,18.533457,18.952745,17.997572,18.324232,16.839684,16.742647,20.073774,21.315813,21.29827,21.921902,25.259394,26.415863,26.058556,26.181074,25.655521,24.771822,25.814323,25.213501,25.95046,29.6091,29.64521,33.852177
2,7.7762427,4.248848,0.0,4.9678016,6.702445,7.9281926,11.196511,14.432436,16.95528,20.25449,25.792076,28.02094,27.722525,26.185518,22.118206,19.976906,16.568321,15.327166,12.482128,10.517782,12.045089,9.287864,14.879999,12.822337,17.5901,19.325872,19.496016,18.557947,19.022621,18.865097,21.527767,19.781588,25.75698,22.429308,27.159096,28.532501,29.720325,29.84357,25.290777,21.637783,26.878645,23.630468,25.133986,23.977448,23.609764,22.879488,24.320309,21.698166,26.205235,28.350376,30.726912,28.12916,32.072083,32.882248,30.600851,32.98169,31.584045,32.787205,37.839073,35.609337,32.04599,34.815834,32.73422,35.35836,35.033787,38.27413,38.656883,34.365322,31.131676,30.24671,29.692816,30.412498,28.058979,32.683414,31.650835,35.95732,35.95325,39.09261,40.667755,39.508797,33.62684,30.700441,28.193151,25.24615,25.48513,19.609993,19.64023,15.62095,16.095547,15.831064,15.746466,14.527285,13.632668,17.484777,18.523386,17.707134,18.738028,22.54297,23.390165,22.41683,22.680622,22.277449,21.014378,21.944456,21.064028,21.837435,25.392889,25.462555,29.647974
3,9.944994,7.0808053,4.9678016,0.0,3.7823563,5.879399,8.581439,12.755426,14.436643,18.91906,23.278229,26.21545,26.048714,24.181953,20.943155,17.804249,14.7515955,12.429125,9.119892,5.995946,7.8905463,4.824579,10.621511,9.628848,14.053967,15.093081,15.303216,13.781428,14.286805,13.906353,16.807865,15.26904,21.75997,19.216888,23.589388,25.530203,26.663511,26.261839,21.811657,17.893116,22.538752,18.919884,20.55065,19.18619,18.654432,18.076302,19.600487,17.377134,21.913082,24.37875,26.36776,23.72238,27.342585,28.163933,25.716503,28.10548,26.927555,28.224562,33.311523,31.34056,27.783422,30.705261,28.665215,31.618597,31.255758,35.025307,35.497253,31.732952,28.190596,26.78173,26.440649,26.687057,24.362667,29.152859,28.06841,32.432053,32.50947,35.76908,37.634705,36.53722,30.914913,28.036577,25.14036,22.165466,21.97243,16.587181,16.271765,11.723543,12.895671,12.599587,13.653412,13.512233,14.4930725,17.177334,17.302113,16.860666,18.977503,21.894964,21.838123,21.346554,22.693405,23.01094,21.827267,21.956959,21.473255,20.823015,24.745623,24.13065,28.424936
4,13.2461815,10.02568,6.702445,3.7823563,0.0,5.2451897,5.157987,10.485571,11.508904,16.528284,20.744175,23.365488,23.810999,22.333464,19.273619,16.156132,13.807921,11.071476,9.158839,5.805484,9.769183,7.099693,12.739182,12.22366,16.28627,16.522455,15.5579815,13.875583,13.1759615,13.949792,15.375251,14.800014,20.484562,18.28961,22.647072,24.513418,26.275032,25.825645,21.583334,17.795927,21.934776,18.549036,19.323608,17.844875,18.442694,17.28606,19.631609,16.830727,21.671864,23.660614,25.488861,22.222181,26.513443,26.695318,24.658691,27.037985,25.215431,26.537256,31.570854,29.10199,25.531076,28.1197,26.07847,28.768085,28.743093,32.03452,32.755142,28.874388,25.734835,24.279337,23.464947,23.877132,21.394009,26.059118,25.051817,29.389034,29.566853,32.75221,34.540565,33.69113,27.886732,25.209982,22.534142,19.299099,19.075653,13.472166,13.036492,8.949945,9.907951,10.396951,10.917598,11.188074,11.823192,14.516158,14.321352,13.292925,15.880696,18.947659,18.566494,17.687511,19.268301,19.818655,18.50113,18.369017,18.040045,17.081387,21.118788,20.6077,24.934158
5,14.218384,11.22452,7.9281926,5.879399,5.2451897,0.0,6.1574087,7.282125,10.062535,13.343276,18.27979,21.080217,20.4273,18.578312,15.0839405,12.239407,9.090626,7.403856,5.4127707,5.3516774,8.408157,9.266779,14.060862,14.675196,18.561396,18.836119,18.989006,16.214048,15.48331,14.547392,15.921921,13.260327,18.202469,14.629979,19.426641,20.714691,22.244602,22.383358,17.956738,14.515203,19.854046,17.488995,18.499943,18.749172,19.606493,19.41762,21.935745,20.259527,24.968588,27.456097,28.668041,25.113487,28.762882,28.392303,25.69087,27.419317,25.724712,26.263536,31.172836,29.032393,25.54817,29.182367,27.87258,30.877834,31.691988,34.90717,36.23252,32.73356,29.855824,27.835495,26.534822,26.309397,23.081902,27.526148,25.667915,29.873655,29.262615,32.42225,33.900433,32.256145,26.6329,23.429384,20.728945,18.170145,18.903328,13.138567,14.9994755,11.415363,13.672044,14.907754,15.6307125,16.18714,15.6503725,19.100733,18.772444,16.548708,19.59801,23.281084,22.477234,20.549488,22.330544,22.833155,20.619707,20.502844,18.603828,18.079826,21.269426,20.12862,24.235048
6,18.211842,14.927737,11.196511,8.581439,5.157987,6.1574087,0.0,6.8274136,6.561549,12.315446,15.95326,18.43181,19.40129,18.268312,15.775561,12.546796,11.44632,8.27917,8.800948,6.7933664,11.776783,10.976638,15.65868,16.323723,19.734089,19.000767,17.388895,14.883693,12.646898,13.951615,13.196602,13.192239,17.212395,15.369305,19.560303,21.230028,23.715036,23.269096,19.429327,16.071978,19.577852,16.992105,16.632141,15.857438,18.10169,16.791409,20.209631,17.572418,22.491129,24.18901,25.287884,21.105213,25.725437,24.737192,22.90577,24.889944,22.315884,23.282145,28.13677,25.217354,21.69682,24.389112,22.7909,25.370775,26.310469,29.032867,30.479212,26.905334,24.437542,22.41761,20.70276,20.784147,17.634384,22.013172,20.616987,24.865658,24.804335,27.915565,29.5432,28.68463,22.788395,20.183804,17.695156,14.353695,14.412605,8.487431,9.234693,6.519219,8.35381,10.618305,10.87942,12.314952,12.33675,14.778228,13.697157,11.150908,15.074723,18.20449,16.72851,14.784827,17.284952,18.417063,16.462973,15.591002,14.767804,12.853832,16.733387,15.710905,20.027346
7,21.347712,18.207031,14.432436,12.755426,10.485571,7.282125,6.8274136,0.0,4.632741,6.1702895,11.567395,13.858749,13.4674835,12.216258,9.001956,6.535793,5.781955,4.8888974,8.200029,9.966103,13.6732645,15.542157,19.610882,21.095871,24.429855,23.738443,23.066982,19.657219,17.35589,17.030302,15.672119,13.4730015,15.056441,11.310685,15.997019,16.431356,19.205286,19.7261,16.031652,13.721306,18.268307,17.560043,16.943306,18.57933,21.441126,21.108137,24.751284,23.193928,27.91491,29.968914,30.378786,25.825546,29.787598,27.89147,25.493671,26.529018,23.849133,23.643713,28.090748,25.367424,22.119846,25.997221,25.509588,28.21391,30.414288,32.630066,34.929058,31.81354,29.94844,27.397463,24.930174,24.316214,20.244179,23.91076,21.344463,25.168941,23.91251,26.8212,27.802698,25.847914,20.11369,16.78515,14.631555,12.436126,14.344571,8.585554,13.091511,11.889179,14.534379,17.235352,17.431404,18.806362,17.284327,20.631603,19.614174,15.701683,19.740911,23.636366,21.8284,18.424204,20.891787,21.86588,18.74635,17.947542,14.781965,13.7462,15.845728,13.901883,17.684423
8,23.94629,20.743202,16.95528,14.436643,11.508904,10.062535,6.561549,4.632741,0.0,7.098903,9.415357,12.0875435,13.241243,12.388163,11.073739,7.779182,9.067537,6.4200983,10.189452,10.720105,15.034889,16.33467,19.907871,21.719204,24.526424,23.107712,21.605013,18.178001,15.003838,15.744949,12.820526,12.438994,13.185696,11.457827,15.217245,16.297268,19.628202,19.407078,16.303827,14.023128,16.795017,15.967506,14.315791,15.516423,19.355127,18.536541,22.70379,20.979645,25.58187,27.251925,27.303595,22.371914,26.626076,24.191671,22.27661,23.338814,20.115652,20.105494,24.496622,21.329674,18.059801,21.525791,21.045769,23.644257,26.11076,28.175789,30.69422,27.907051,26.283846,23.444016,20.702534,19.896042,15.696952,19.278778,16.782438,20.68399,19.736046,22.723593,23.97602,22.566347,16.707989,13.796976,11.468525,8.495312,9.903261,3.9622474,9.088953,9.22897,11.947343,15.174549,15.526009,17.662352,17.08568,19.28936,17.555435,13.74255,18.48579,21.503508,18.892906,15.681604,19.073553,20.698412,17.912237,16.27954,14.1208515,11.187517,13.765435,11.247179,15.210392
9,27.21675,24.091135,20.25449,18.91906,16.528284,13.343276,12.315446,6.1702895,7.098903,0.0,7.606246,8.491221,7.701932,7.5988903,4.896255,5.3454313,7.8261757,8.932634,13.35296,15.7971525,19.162836,21.59929,25.270506,27.127745,30.222157,29.182436,28.325428,24.647806,21.780005,21.509806,18.836868,16.771927,15.282039,11.539888,15.346915,14.440025,18.08317,19.22818,16.582973,15.738481,19.427208,20.299438,18.70813,21.520727,25.361868,25.140059,29.208832,27.926523,32.475185,34.3005,34.15818,29.141962,33.018654,30.098127,27.899193,28.234907,25.030396,24.026958,27.749544,24.767311,22.007433,26.080692,26.47071,28.818638,32.151318,33.45683,36.52559,33.821384,32.797146,29.951048,26.697987,25.753475,21.20129,23.819319,20.594654,23.709515,21.615433,24.068932,24.320919,21.768063,16.222414,12.710434,11.673538,10.748233,14.049052,9.898926,15.798118,16.298328,18.839787,22.050514,21.930899,23.551262,21.34972,24.617392,23.352367,18.598886,22.79213,26.753832,24.444109,20.053898,22.680525,23.811329,20.098608,18.974792,14.645812,13.722194,13.886531,11.115144,13.846486
10,32.483788,29.457214,25.792076,23.278229,20.744175,18.27979,15.95326,11.567395,9.415357,7.606246,0.0,5.2238407,6.158429,6.2157483,9.392574,7.948521,12.286088,11.862364,16.57736,18.696022,21.850866,24.692776,27.114048,29.88262,32.024197,30.04059,28.862206,24.794594,21.292683,21.190386,16.825705,15.898882,11.243921,10.511493,11.815709,11.273365,15.780056,16.006756,14.992079,15.160655,15.99652,18.080328,15.146015,18.877344,23.745945,23.700611,28.137077,27.609179,31.556297,33.2236,32.075974,26.775562,30.01876,26.01911,24.065672,23.617393,20.035719,18.307568,21.264147,18.249313,16.041367,20.530312,21.952517,24.381773,28.660278,29.85826,33.598373,32.09622,31.436676,27.821249,24.299377,22.33783,17.536304,19.187117,15.175314,17.647217,14.823114,17.22431,17.57767,14.656269,9.653954,5.7469015,4.336958,5.539729,9.506247,9.289882,15.233763,17.118671,20.00345,23.432703,23.98955,26.516022,25.724733,27.620102,25.475588,21.251799,26.134163,28.768791,25.31665,21.48074,25.312397,27.255587,24.003122,21.867008,18.746304,15.511892,15.42729,11.163616,12.789292
11,35.18113,31.965378,28.02094,26.21545,23.365488,21.080217,18.43181,13.858749,12.0875435,8.491221,5.2238407,0.0,5.562802,8.3330765,10.56853,11.341348,15.379182,15.6500435,20.42672,22.38773,25.9535,28.275164,31.341002,33.64545,36.160095,34.34047,32.74891,29.019018,25.317865,25.835098,21.334848,20.866655,16.437525,15.286672,16.714388,15.396518,19.935205,20.676811,19.822868,20.108543,21.197456,23.206789,20.132208,23.337479,28.426872,27.942053,32.52274,31.399765,35.501686,36.74296,35.806427,30.328249,34.13659,29.903925,28.494505,28.12976,24.125013,22.501978,24.981955,21.413149,19.56179,23.03585,24.487976,26.110062,30.777433,30.840454,34.83689,33.04886,33.151157,29.923132,25.865065,24.450148,19.766926,20.616394,16.921143,18.71311,15.838923,17.487234,16.882774,14.157204,8.866637,6.00688,7.7717657,8.737928,12.560927,12.122916,17.711885,20.259092,22.453938,26.077583,25.860306,28.100094,26.280155,28.434954,26.50381,21.621628,26.105515,29.110455,25.843914,21.16862,24.485388,26.254429,22.673038,20.626465,16.861965,14.452951,12.737619,8.69147,8.882318
12,34.35232,31.390892,27.722525,26.048714,23.810999,20.4273,19.40129,13.4674835,13.241243,7.701932,6.158429,5.562802,0.0,3.7714953,6.8442907,8.948597,12.861422,14.465192,19.07886,22.096828,24.820042,28.150984,30.943346,33.5199,36.068813,34.559277,33.867,29.740065,26.609283,25.894072,22.327349,20.132202,15.488344,12.706598,14.289402,11.82728,16.027166,17.66486,16.823317,17.809116,19.947372,22.65104,20.368284,24.571598,28.993809,29.254196,33.494396,33.013447,37.12937,38.97698,38.011066,32.783733,35.93799,32.051666,29.83446,29.169607,25.894579,23.807745,26.35978,23.731546,21.85312,26.430649,28.030272,30.259031,34.685654,35.486874,39.3285,37.558144,37.100613,33.706097,30.041815,28.331127,23.537964,24.920439,20.909407,22.873821,19.586605,21.362316,20.790821,16.997337,12.946256,9.356558,9.819293,11.607822,15.619395,14.449368,20.628635,22.061804,24.87218,28.26887,28.450758,30.499554,28.57718,31.377728,29.704947,24.900677,29.32491,32.805256,29.840025,25.299707,28.36967,29.813715,26.010895,24.447344,20.026348,18.526665,17.177279,13.492201,14.08102
13,32.35082,29.585873,26.185518,24.181953,22.333464,18.578312,18.268312,12.216258,12.388163,7.5988903,6.2157483,8.3330765,3.7714953,0.0,5.546439,6.4123917,10.319901,12.063305,16.4484,19.87221,22.05066,25.935986,28.294334,31.156393,33.51505,32.049065,31.851622,27.501322,24.723743,23.308453,20.278473,17.234903,12.713896,9.211145,10.993259,8.45967,12.515141,14.248702,13.153757,14.304528,16.881977,19.7528,17.966993,22.595636,26.557756,27.256124,31.244562,31.228888,35.24436,37.46299,36.43583,31.442438,34.12631,30.56692,27.86855,27.139025,24.375479,22.208595,25.040047,22.988886,20.932262,26.134668,27.657543,30.383505,34.461315,35.99861,39.616974,37.950027,36.965626,33.401382,30.144466,28.17381,23.397343,25.300562,21.200947,23.529669,20.310747,22.460163,22.38989,18.47006,14.648778,10.709069,9.770454,11.516626,15.27882,13.8920965,20.107029,20.832256,24.070831,27.241299,27.897911,30.002113,28.603384,31.400265,29.709074,25.303846,29.865528,33.247524,30.301662,26.234394,29.479881,30.938427,27.292152,25.782187,21.62464,19.869429,19.374805,15.609426,16.934755
14,28.362242,25.56454,22.118206,20.943155,19.273619,15.0839405,15.775561,9.001956,11.073739,4.896255,9.392574,10.56853,6.8442907,5.546439,0.0,5.0558653,7.087729,10.156344,14.1260195,17.698654,19.983416,23.505184,26.697622,28.888832,31.880913,31.052322,31.0015,26.977608,24.590107,23.207243,21.199785,17.706566,15.585731,10.526911,14.202152,12.183749,15.296428,17.342022,14.884431,14.954953,19.374031,21.12048,20.098146,23.898792,27.25941,27.735252,31.501347,30.913385,35.314625,37.581924,37.2408,32.414204,35.61277,32.752144,29.998472,29.896183,27.229046,25.67985,29.147102,26.863878,24.331903,29.16362,29.961424,32.624786,36.088997,37.698338,40.86922,38.416042,37.193504,34.13288,31.042309,29.724468,25.080181,27.622688,24.002403,26.87186,24.213648,26.545221,26.565628,23.163666,18.480484,14.6377,13.595442,13.879471,17.413502,13.947487,19.983166,19.914417,22.875547,25.856554,26.095922,27.608181,25.398972,28.984976,27.858017,23.262009,27.31135,31.431618,29.215967,24.925425,27.412886,28.35325,24.530787,23.673006,18.975122,18.578497,18.343761,15.49612,17.536499
15,26.049189,23.290602,19.976906,17.804249,16.156132,12.239407,12.546796,6.535793,7.779182,5.3454313,7.948521,11.341348,8.948597,6.4123917,5.0558653,0.0,4.4322906,5.768512,10.175695,13.6133585,15.93457,19.631674,22.327677,24.913496,27.535873,26.397978,26.373114,22.174208,19.806515,18.248066,16.254356,12.700164,11.2368,6.3845778,10.721378,10.184865,13.293159,14.343549,11.329228,10.596927,14.897427,16.161497,15.257008,18.974417,22.214369,22.807268,26.53252,26.213518,30.485506,32.908516,32.439156,27.744997,30.697182,28.059807,25.133957,25.184671,22.745852,21.449575,25.322866,23.246159,20.448008,25.488285,26.063936,29.11791,32.194378,34.487137,37.4224,35.20343,33.520397,30.246601,27.555346,25.971956,21.439636,24.471687,20.946268,24.231365,21.95196,24.707344,25.409842,22.393198,17.580347,13.686995,11.38091,11.0261965,13.943183,10.446913,16.270544,15.775045,19.165045,22.005457,22.847942,24.728777,23.678488,26.63167,25.174305,21.23998,25.686628,29.168043,26.661875,23.146534,26.221035,27.51103,24.167543,22.942951,19.295801,17.615526,18.57941,15.379533,18.17538
16,22.165993,19.589638,16.568321,14.7515955,13.807921,9.090626,11.44632,5.781955,9.067537,7.8261757,12.286088,15.379182,12.861422,10.319901,7.087729,4.4322906,0.0,4.440451,7.2180486,11.290442,12.982651,16.90256,19.879503,22.117311,25.085876,24.55883,25.12132,21.111578,19.519836,17.392704,16.95897,12.507594,13.5086155,7.8894715,12.929452,12.767251,14.665526,15.863635,11.923436,10.284328,16.161161,16.495192,16.740803,19.850803,22.0267,22.793781,25.987656,25.61698,30.001812,32.71404,32.722237,28.46425,31.345581,29.529875,26.322153,26.766266,24.862732,23.970379,28.207424,26.417679,23.394567,28.350689,28.424532,31.63529,34.024673,36.76524,39.22118,36.601833,34.436573,31.47682,29.258705,27.992023,23.759916,27.335836,24.180094,27.783323,25.858904,28.755148,29.63783,26.775528,21.846378,18.020159,15.55389,14.649758,16.984713,12.483419,17.44005,15.705037,19.033306,21.365334,22.273642,23.670004,22.525381,25.957396,24.954443,21.39259,25.380772,29.190836,27.295164,24.113401,26.672003,27.576757,24.369108,23.670345,20.083158,19.203972,20.719671,18.189466,21.397846
17,21.111717,18.408854,15.327166,12.429125,11.071476,7.403856,8.27917,4.8888974,6.4200983,8.932634,11.862364,15.6500435,14.465192,12.063305,10.156344,5.768512,4.440451,0.0,4.788784,7.8562737,10.471041,13.882776,16.707525,19.15709,21.862425,20.903484,21.025288,16.979961,15.123428,13.429438,12.727313,9.03433,11.407711,7.5381174,12.329499,13.548946,15.656549,15.729191,11.707868,8.947193,13.922821,13.204881,13.305229,15.665936,17.96703,18.451046,21.808542,21.290539,25.687277,28.318079,28.31093,24.049265,27.08005,25.412405,22.35643,23.157194,21.189512,20.79406,25.364367,23.436989,20.187544,24.84477,24.559153,27.889408,29.90698,33.00083,35.23407,32.716675,30.304132,27.276596,25.326895,24.028006,20.010756,23.939098,21.113676,25.008694,23.620121,26.745192,28.105995,25.848804,20.74393,17.221376,14.210412,12.477569,13.935258,9.309265,13.543614,11.490523,15.069054,17.361301,18.671822,20.452396,20.34166,23.026533,21.681437,18.692928,22.983013,26.136284,23.973944,21.448387,24.466719,25.709204,22.977911,21.906004,19.361908,17.403131,19.792736,17.201635,20.843578
18,17.118193,14.807387,12.482128,9.119892,9.158839,5.4127707,8.800948,8.200029,10.189452,13.35296,16.57736,20.42672,19.07886,16.4484,14.1260195,10.175695,7.2180486,4.788784,0.0,4.7455935,5.9008026,10.02609,12.673977,15.038994,17.868242,17.494928,18.50718,14.661358,14.074565,11.421975,13.080049,8.651419,13.843344,10.300519,14.818025,16.56175,17.556505,17.379356,12.872868,9.229649,14.903156,12.904467,14.4881935,15.912843,16.56722,17.403238,19.879848,19.58915,23.885529,26.946022,27.373646,23.847685,26.461575,25.879133,22.503466,23.727406,22.594532,22.676945,27.497044,26.080643,22.732416,27.244326,26.460026,30.013943,31.14288,34.92918,36.558735,33.873814,30.796703,28.047724,26.873043,25.761507,22.303457,26.694689,24.315321,28.41031,27.414179,30.667515,32.316273,30.228325,25.236427,21.815365,18.589128,16.664726,17.390823,12.766221,15.354018,11.813027,15.230998,16.566317,18.35357,19.715714,20.282438,22.94458,21.960766,19.947563,23.707579,26.697405,25.084938,23.401648,26.052559,27.037313,24.763552,24.06481,22.08206,20.472567,23.44364,21.315788,25.188984
19,15.250728,12.778749,10.517782,5.995946,5.805484,5.3516774,6.7933664,9.966103,10.720105,15.7971525,18.696022,22.38773,22.096828,19.87221,17.698654,13.6133585,11.290442,7.8562737,4.7455935,0.0,5.055268,6.0938234,9.680009,11.437817,14.4804,14.023682,14.29528,11.024,10.623975,9.273756,11.512358,9.364274,15.830716,13.887038,17.905073,20.24424,21.480282,20.687082,16.424883,12.42353,16.611704,13.1971035,14.682525,14.1463995,14.33765,14.340995,16.671127,15.518659,20.040812,22.878407,23.823929,20.559963,23.701515,23.75293,20.869196,22.828293,21.639578,22.569141,27.621553,25.910086,22.401094,26.005627,24.497921,27.89693,28.221323,32.255795,33.34037,30.388271,26.96308,24.585123,23.917427,23.26116,20.430338,25.171041,23.543581,27.85362,27.609976,30.944544,32.92728,31.57976,26.346819,23.37832,20.12067,17.427065,17.186253,12.470424,13.026185,8.553849,11.483817,12.19719,14.2731495,15.620421,17.26737,19.227814,18.237974,17.210032,20.714117,23.109055,21.728382,20.953817,23.547468,24.600979,22.999975,22.265036,21.456562,19.457964,23.212168,21.579836,25.75152
20,14.238971,12.804534,12.045089,7.8905463,9.769183,8.408157,11.776783,13.6732645,15.034889,19.162836,21.850866,25.9535,24.820042,22.05066,19.983416,15.93457,12.982651,10.471041,5.9008026,5.055268,0.0,6.1670847,7.1928267,9.904673,12.3612995,12.551864,14.816501,11.4268,12.707138,9.120213,13.5287895,9.646258,16.917095,14.701406,18.340305,20.81875,20.948195,20.121431,15.727688,11.693024,16.430017,12.904661,15.82373,15.809931,14.298382,15.519726,16.635515,16.840334,20.672747,24.219248,25.045168,22.605648,24.49416,25.273754,21.715275,23.458319,23.34292,24.075851,29.02677,28.197859,24.850554,28.980637,27.64668,31.4081,31.443493,36.083546,36.978745,34.36657,30.520718,28.045443,27.901228,26.891697,24.251461,28.998098,27.203299,31.41855,30.966003,34.34103,36.41205,34.6814,29.905508,26.729671,23.228182,21.082766,20.901356,16.837744,17.566513,12.991733,15.920559,15.936685,18.488903,19.570423,21.53805,23.49108,22.693533,22.127571,25.349794,27.592787,26.38455,25.95172,28.446072,29.359924,27.814648,27.248148,26.238178,24.44622,28.038235,26.18779,30.240421
21,11.371271,9.701837,9.287864,4.824579,7.099693,9.266779,10.976638,15.542157,16.33467,21.59929,24.692776,28.275164,28.150984,25.935986,23.505184,19.631674,16.90256,13.882776,10.02609,6.0938234,6.1670847,0.0,5.9299936,5.5633483,9.460143,10.311537,11.256358,9.747433,11.45824,10.510613,14.747447,13.596207,21.013815,19.546488,23.246937,25.864904,26.572721,25.540306,21.286621,17.143139,20.874546,16.495895,18.744898,16.685522,14.923563,14.666953,15.397585,13.820461,17.963505,20.926807,22.817411,20.825321,23.688683,25.22966,22.586916,25.176151,24.704535,26.316265,31.410694,29.979822,26.496601,29.385408,27.19286,30.477371,29.55429,34.121605,34.284447,31.051682,26.935398,25.294758,25.684769,25.558475,23.703867,28.654028,27.767433,32.135094,32.46373,35.828384,38.070805,37.12264,31.901535,29.159931,25.87438,22.959671,22.119415,17.690025,16.501604,11.498382,12.942682,11.826468,14.186353,14.64644,17.498774,18.851109,18.465714,19.087517,21.47654,23.242912,22.773098,23.275034,25.214666,25.933325,25.184288,24.867498,25.020872,23.383154,27.59759,26.563545,30.860369
22,14.851905,14.338473,14.879999,10.621511,12.739182,14.060862,15.65868,19.610882,19.907871,25.270506,27.114048,31.341002,30.943346,28.294334,26.697622,22.327677,19.879503,16.707525,12.673977,9.680009,7.1928267,5.9299936,0.0,4.914183,5.3240924,5.7193513,9.36189,7.52963,11.122195,8.364838,14.353142,13.033834,20.93066,20.506233,23.233212,26.433104,26.392427,24.748562,20.901608,16.859756,19.467962,14.574357,17.81666,15.561803,11.836127,12.77526,11.95117,12.423239,15.3627205,19.212118,20.589243,19.626524,20.839647,23.274988,20.118742,22.652662,23.380857,25.090397,29.997952,29.510374,26.272678,29.394814,27.32071,31.043543,29.695768,35.14298,35.103275,32.70936,28.104418,26.061884,27.180487,26.403025,24.967009,29.871233,28.987713,33.200527,33.580605,36.995945,39.561703,38.55487,33.97954,31.306358,27.660675,25.130428,23.853638,20.6597,19.225988,14.3793125,16.248482,14.737836,18.059172,19.04789,22.920645,23.412695,22.583076,23.801725,26.469257,27.354664,26.411291,27.57604,30.053846,31.092995,30.522282,29.845808,30.205324,27.835638,32.070766,30.51084,34.684578
23,11.554959,11.43256,12.822337,9.628848,12.22366,14.675196,16.323723,21.095871,21.719204,27.127745,29.88262,33.64545,33.5199,31.156393,28.888832,24.913496,22.117311,19.15709,15.038994,11.437817,9.904673,5.5633483,4.914183,0.0,4.807445,7.54139,9.936042,10.264717,13.634106,12.571858,17.884842,17.203747,25.019352,24.115795,27.345,30.281845,30.484785,29.134008,25.065142,20.952127,24.030586,19.154263,21.980713,19.139688,15.76736,15.694321,14.680517,13.562721,16.58847,19.788662,22.185837,21.590004,23.57893,26.39954,23.855373,26.743893,27.098713,29.111094,34.091328,33.148415,29.804703,32.30716,29.776558,33.07847,31.214998,36.364212,35.82988,32.7754,28.098036,26.8712,28.203056,28.179852,27.087498,32.057987,31.608698,35.91705,36.5917,39.976135,42.475193,41.74233,36.751736,34.155533,30.73096,27.834293,26.560461,22.70553,20.679943,15.73139,16.531233,14.339093,17.009466,17.075148,20.92205,21.442305,21.285282,23.092371,24.84657,25.78218,25.726267,27.233612,28.9514,29.57785,29.430433,29.215385,29.980936,28.270372,32.694138,31.783396,36.090454
24,15.87312,16.146385,17.5901,14.053967,16.28627,18.561396,19.734089,24.429855,24.526424,30.222157,32.024197,36.160095,36.068813,33.51505,31.880913,27.535873,25.085876,21.862425,17.868242,14.4804,12.3612995,9.460143,5.3240924,4.807445,0.0,4.220241,8.5297,9.44482,13.7586775,12.295705,18.08646,17.893503,25.707062,25.745413,28.238317,31.59743,31.454117,29.606167,25.957678,21.988174,23.939636,18.772408,21.93679,18.66881,14.087532,14.503823,12.1038265,12.343214,14.055468,17.752289,19.863197,20.286886,21.056454,24.700777,22.095121,25.038998,26.198454,28.425127,33.17445,32.82256,29.709454,32.072662,29.521793,33.010036,30.675827,36.436676,35.637634,33.243576,28.219444,26.800928,28.763882,28.36476,27.756834,32.62305,32.348877,36.498505,37.359615,40.741856,43.508404,42.907726,38.37277,35.94863,32.32998,29.605103,27.90562,24.971512,22.534323,17.822056,18.742899,16.304968,19.58661,20.13012,24.800179,24.52191,23.956064,26.26549,28.244667,28.373873,27.927368,30.031494,32.177723,33.104298,33.169086,32.62251,33.713585,31.360111,35.870422,34.646435,38.871815
25,19.058928,18.715498,19.325872,15.093081,16.522455,18.836119,19.000767,23.738443,23.107712,29.182436,30.04059,34.34047,34.559277,32.049065,31.052322,26.397978,24.55883,20.903484,17.494928,14.023682,12.551864,10.311537,5.7193513,7.54139,4.220241,0.0,5.656333,6.0284185,10.566922,9.423804,14.880347,15.679653,23.175991,24.163534,26.129011,29.793564,29.857803,27.602615,24.329483,20.449284,21.28276,15.904227,18.78891,15.027826,10.166939,10.567777,7.901887,8.957961,10.488225,14.571574,16.086416,16.426447,16.895132,20.527931,17.971584,21.022911,22.28163,24.689905,29.341724,29.085995,26.089445,28.29136,25.782001,29.3891,27.078365,33.082577,32.428375,30.53763,25.5068,23.635965,25.701347,24.933111,24.495274,29.247906,29.054758,33.0801,34.082176,37.43339,40.353077,39.948128,35.703934,33.515934,29.846663,27.17282,25.110783,22.95948,20.198486,15.864027,17.001297,14.757284,18.532457,19.813295,24.967632,24.132057,22.970673,25.296143,27.805502,27.434113,26.321342,28.603416,31.321684,32.652073,32.711113,31.719345,33.023216,29.956844,34.4754,32.954716,37.055943
26,20.763098,19.7022,19.496016,15.303216,15.5579815,18.989006,17.388895,23.066982,21.605013,28.325428,28.862206,32.74891,33.867,31.851622,31.0015,26.373114,25.12132,21.025288,18.50718,14.29528,14.816501,11.256358,9.36189,9.936042,8.5297,5.656333,0.0,4.921729,7.8902698,10.188669,13.500248,16.512503,23.331266,24.929546,26.93094,30.609846,31.485264,29.130878,26.006983,22.102314,22.275349,16.864594,18.43937,13.356691,10.056278,8.097614,6.654868,3.9372869,6.904533,10.037873,12.312033,12.2168255,14.467996,17.858822,16.514452,20.120003,20.388987,23.38469,28.036085,26.967907,23.931314,25.004196,21.919779,25.054804,22.273342,28.068674,27.13002,24.998543,19.921038,18.354782,20.68006,20.43772,20.607891,25.29973,25.792706,29.790556,31.37688,34.62832,37.62706,37.893074,33.454575,31.739338,28.342258,25.221695,22.654974,20.787188,16.748135,13.02247,13.106581,10.411932,14.261573,15.901592,21.8123,19.956594,18.454113,21.45095,23.848074,22.652153,21.388123,24.339138,27.149948,28.717272,29.23937,27.998629,30.14221,26.65643,31.386099,30.199232,34.248734
27,20.67887,19.29718,18.557947,13.781428,13.875583,16.214048,14.883693,19.657219,18.178001,24.647806,24.794594,29.019018,29.740065,27.501322,26.977608,22.174208,21.111578,16.979961,14.661358,11.024,11.4268,9.747433,7.52963,10.264717,9.44482,6.0284185,4.921729,0.0,4.558202,5.281527,9.222462,11.635279,18.553822,20.206423,22.058529,25.78342,26.5881,24.209906,21.12353,17.275503,17.422068,12.026757,13.849358,9.503422,6.25512,5.4504404,5.848555,5.800699,9.344845,12.971419,13.699739,12.120027,13.986776,16.168514,13.754279,16.91431,17.160194,19.638914,24.487751,23.62298,20.47441,22.648533,20.226328,23.908648,22.295744,28.016726,27.988636,26.19028,21.57285,19.03746,20.446964,19.393007,18.570358,23.36435,23.058414,27.132408,28.1549,31.503283,34.407295,34.16884,29.874287,27.881876,24.295155,21.48166,19.19357,17.453024,14.4989195,10.568169,12.168579,10.736555,14.809649,17.005203,22.05839,21.056696,19.230913,20.975473,24.236034,23.83735,21.907347,23.813995,27.136002,28.867195,28.673971,27.227047,28.533623,24.837494,29.275167,27.520424,31.505728
28,22.705627,20.69347,19.022621,14.286805,13.1759615,15.48331,12.646898,17.35589,15.003838,21.780005,21.292683,25.317865,26.609283,24.723743,24.590107,19.806515,19.519836,15.123428,14.074565,10.623975,12.707138,11.45824,11.122195,13.634106,13.7586775,10.566922,7.8902698,4.558202,0.0,5.909139,5.925854,10.440286,16.138718,18.34309,20.092678,23.727615,25.250427,22.872232,20.04285,16.419651,15.970943,11.0763855,11.357575,6.449079,6.6886816,4.207116,7.9382586,6.5296073,10.739243,13.282902,13.410495,10.025349,13.412247,13.951608,12.053323,15.151291,14.138981,16.677765,21.619808,20.016005,16.719353,18.682972,16.285818,19.926275,19.0063,24.293777,24.821459,23.044224,18.940998,15.9003725,16.563679,15.329069,14.106663,18.961048,18.623526,22.765997,23.877785,27.209335,30.087122,30.082153,25.678411,23.929583,20.500765,17.476086,14.905904,13.599004,10.247137,7.1050053,9.039501,8.739385,12.667788,15.583588,20.327307,19.149477,16.782532,17.958754,21.794037,21.336765,18.709068,20.257816,24.07126,26.133787,25.770727,23.93089,25.31314,21.061628,25.416016,23.522734,27.387976
29,21.576414,20.022795,18.865097,13.906353,13.949792,14.547392,13.951615,17.030302,15.744949,21.509806,21.190386,25.835098,25.894072,23.308453,23.207243,18.248066,17.392704,13.429438,11.421975,9.273756,9.120213,10.510613,8.364838,12.571858,12.295705,9.423804,10.188669,5.281527,5.909139,0.0,6.423525,6.571461,13.787184,15.384898,16.999018,20.780155,21.360344,18.96698,15.8966875,12.1385,12.393349,7.0732512,9.660955,7.558606,5.2932096,7.0600543,8.833679,10.524759,13.668691,17.365417,16.996248,14.481496,15.586071,16.327785,12.726566,14.890782,15.222589,16.738043,21.683308,21.218447,18.053413,21.663197,20.200714,24.324528,23.998232,29.44217,30.293953,28.854885,24.78212,21.541191,22.013077,20.177279,18.258642,22.896254,21.580368,25.599056,25.827677,29.230143,31.94984,31.005503,26.978363,24.596506,20.793434,18.553755,16.842503,15.31388,14.228055,10.566021,13.660626,13.57777,17.33454,19.766993,23.706112,23.629848,21.664576,22.085104,26.020071,26.448685,24.040363,24.793642,28.466906,30.26905,29.322823,27.750122,28.023344,24.29387,28.224258,25.827946,29.643017
30,25.919577,23.705452,21.527767,16.807865,15.375251,15.921921,13.196602,15.672119,12.820526,18.836868,16.825705,21.334848,22.327349,20.278473,21.199785,16.254356,16.95897,12.727313,13.080049,11.512358,13.5287895,14.747447,14.353142,17.884842,18.08646,14.880347,13.500248,9.222462,5.925854,6.423525,0.0,6.7791495,10.501094,13.849534,14.741137,18.523573,20.275063,17.675917,15.450918,12.47085,10.714594,6.823083,5.585946,2.9665072,7.1908727,7.0673027,11.356902,11.939542,15.212969,17.737728,16.469215,12.195433,14.495132,12.861016,9.96871,11.771372,10.173394,11.681663,16.784176,15.353694,11.985511,15.634971,14.576787,18.748093,19.579958,24.421558,26.100225,25.098114,21.856688,17.922464,17.395851,14.942024,12.360372,16.775887,15.187109,19.184841,19.476774,22.874212,25.668165,25.084091,21.153704,19.235344,15.558853,13.197237,10.855273,10.996205,9.961824,8.525967,11.869116,13.182721,16.438713,19.636932,23.190308,22.701344,20.053366,19.736511,24.353336,24.483732,21.105019,21.3798,25.767843,28.067469,26.937971,24.738422,25.125576,20.445955,24.060253,21.259338,24.72574
31,23.633537,21.692564,19.781588,15.26904,14.800014,13.260327,13.192239,13.4730015,12.438994,16.771927,15.898882,20.866655,20.132202,17.234903,17.706566,12.700164,12.507594,9.03433,8.651419,9.364274,9.646258,13.596207,13.033834,17.203747,17.893503,15.679653,16.512503,11.635279,10.440286,6.571461,6.7791495,0.0,7.9006057,8.903313,10.594986,14.230152,15.035226,12.929558,9.662772,6.0371456,7.3703904,4.333365,6.4310207,9.026247,10.123621,12.0833,14.901759,16.4341,19.757143,23.088371,22.132334,18.5782,19.786032,18.64928,14.667585,15.349488,14.898909,14.8287115,19.62993,19.137035,16.027939,21.13367,20.858389,25.04435,26.325626,30.919231,32.79142,31.487776,28.250824,24.545784,23.763397,21.426512,18.211258,22.354658,19.819016,23.639442,22.770538,26.12224,28.389658,26.53598,22.678217,19.771358,15.880283,14.475852,13.955582,12.528861,14.224678,11.676045,15.698683,17.023407,20.01602,22.561825,24.976574,25.916237,23.881113,22.689928,27.210354,28.613544,25.796135,25.067041,28.955013,30.77865,28.947874,27.272459,26.260736,22.688515,25.765617,22.70043,26.16962
32,30.562454,28.302164,25.75698,21.75997,20.484562,18.202469,17.212395,15.056441,13.185696,15.282039,11.243921,16.437525,15.488344,12.713896,15.585731,11.2368,13.5086155,11.407711,13.843344,15.830716,16.917095,21.013815,20.93066,25.019352,25.707062,23.175991,23.331266,18.553822,16.138718,13.787184,10.501094,7.9006057,0.0,6.421859,4.573846,8.451019,10.586442,8.1429615,7.396034,7.406495,4.769848,8.083821,6.0385838,11.994621,15.493883,17.156933,20.702541,22.316536,25.291725,28.032564,26.127043,21.79819,22.791513,19.603378,16.03424,14.992334,13.501254,11.40814,15.185722,14.734329,12.33204,18.64615,19.994003,23.971245,26.987476,30.578388,33.567474,33.057888,30.877586,26.600466,24.738817,21.63904,17.63427,20.39878,16.681618,19.613918,17.516094,20.567928,22.434954,19.76289,16.96388,14.050488,10.25017,10.802287,11.345798,12.51699,16.160046,15.98352,19.903212,22.216158,24.608036,27.534681,29.095682,30.101282,27.667501,25.38323,30.413536,31.91102,28.324102,26.59193,30.960371,33.10725,30.721607,28.565527,26.819199,22.786615,24.612844,20.656492,23.103563
33,27.301292,25.037178,22.429308,19.216888,18.28961,14.629979,15.369305,11.310685,11.457827,11.539888,10.511493,15.286672,12.706598,9.211145,10.526911,6.3845778,7.8894715,7.5381174,10.300519,13.887038,14.701406,19.546488,20.506233,24.115795,25.745413,24.163534,24.929546,20.206423,18.34309,15.384898,13.849534,8.903313,6.421859,0.0,5.095173,6.3601074,8.393101,8.417705,5.148675,5.1159673,9.080491,11.405624,11.202149,16.19625,18.804016,20.432821,23.718355,24.750519,28.379448,31.341873,30.236103,25.974884,27.595457,25.099636,21.436392,20.927708,19.50378,17.762905,21.548973,20.719263,18.132135,24.079176,25.008835,28.725569,31.592411,34.84843,37.70194,36.292236,34.072525,30.277477,28.20856,25.821146,21.53355,24.660421,20.944393,24.12298,21.757153,24.687662,25.918884,22.669296,19.037573,15.305351,12.025386,12.421789,14.364925,12.7856865,17.67893,16.64502,20.627285,23.000212,24.881927,27.181734,27.548475,29.745356,27.920538,24.941452,29.647177,32.28557,29.383776,26.853891,30.508272,32.117832,29.223246,27.684483,24.853867,22.18333,23.675615,20.047737,22.717184
34,31.733025,29.612577,27.159096,23.589388,22.647072,19.426641,19.560303,15.997019,15.217245,15.346915,11.815709,16.714388,14.289402,10.993259,14.202152,10.721378,12.929452,12.329499,14.818025,17.905073,18.340305,23.246937,23.233212,27.345,28.238317,26.129011,26.93094,22.058529,20.092678,16.999018,14.741137,10.594986,4.573846,5.095173,0.0,4.3234444,6.082751,4.4493456,4.5725565,7.0425806,6.671073,11.160614,10.342879,16.367651,19.200094,21.266033,24.47203,26.311142,29.322498,32.294506,30.45808,26.287653,26.98816,23.930325,20.144209,18.731194,17.700169,15.115493,18.112421,18.174685,16.240303,22.699146,24.365402,28.225084,31.488878,34.851646,38.000965,37.405624,35.321117,31.10333,29.084276,26.053404,21.88784,24.382465,20.376736,22.941193,20.20101,22.931412,24.251137,20.701393,18.40556,15.082058,11.823632,13.365541,14.93797,15.458556,19.961872,19.554783,23.556797,25.90995,28.121122,30.788353,31.699795,33.337738,31.151392,28.409893,33.34917,35.41819,32.033424,29.777653,33.873253,35.791744,33.01568,31.109282,28.561716,25.220335,26.462675,22.418297,24.52271
35,33.367714,31.167555,28.532501,25.530203,24.513418,20.714691,21.230028,16.431356,16.297268,14.440025,11.273365,15.396518,11.82728,8.45967,12.183749,10.184865,12.767251,13.548946,16.56175,20.24424,20.81875,25.864904,26.433104,30.281845,31.59743,29.793564,30.609846,25.78342,23.727615,20.780155,18.523573,14.230152,8.451019,6.3601074,4.3234444,0.0,4.6201453,5.9858003,6.664972,9.826045,10.95986,15.357076,14.446095,20.343601,23.354559,25.248587,28.568357,30.09484,33.345016,36.226135,34.525414,30.161036,31.18217,27.907959,24.317623,22.818512,21.459547,18.64848,21.145807,20.921217,19.233145,25.55975,27.472015,31.027534,34.727257,37.524303,40.948414,40.15996,38.425625,34.30992,31.87505,29.022324,24.589273,26.728985,22.475946,24.720127,21.456158,23.84096,24.525394,20.328844,18.237326,14.664782,12.236429,14.489909,16.980865,17.092197,22.388372,22.25618,26.153236,28.760946,30.551138,33.0206,33.1123,35.281307,33.276993,29.925047,34.775352,37.376827,34.111355,31.187832,35.01692,36.754803,33.587048,31.850853,28.564621,25.850155,26.358776,22.294128,23.923906
36,33.626186,31.839346,29.720325,26.663511,26.275032,22.244602,23.715036,19.205286,19.628202,18.08317,15.780056,19.935205,16.027166,12.515141,15.296428,13.293159,14.665526,15.656549,17.556505,21.480282,20.948195,26.572721,26.392427,30.484785,31.454117,29.857803,31.485264,26.5881,25.250427,21.360344,20.275063,15.035226,10.586442,8.393101,6.082751,4.6201453,0.0,3.9994085,5.5501485,9.649055,11.147533,15.689179,15.968059,21.944662,23.908869,26.451218,29.143654,31.349266,34.28609,37.58479,35.827957,31.970175,32.205956,29.490118,25.399536,23.72553,23.347548,20.52312,22.888725,23.600018,22.028631,28.563648,30.397358,34.246906,37.54625,40.90035,44.083652,43.415413,41.26477,37.109314,35.11672,32.134727,27.937223,30.32754,26.197502,28.486061,25.347538,27.753464,28.598694,24.357962,22.70036,19.22315,16.642601,18.66268,20.751373,20.659693,25.5505,24.71698,28.767237,30.991238,33.134853,35.49045,35.882885,38.12867,36.23989,33.2429,37.989033,40.57866,37.475967,34.886974,38.64465,40.278816,37.193325,35.6237,32.36766,29.832514,30.614706,26.66019,28.460327
