,0,1,2,3,4,5,6,7,8,9,10,11,12,13,14,15,16,17,18,19,20,21,22,23,24,25,26,27,28,29,30,31,32,33,34,35,36,37,38,39,40,41,42,43,44,45,46,47,48,49,50,51,52,53,54,55,56,57,58,59,60,61,62,63,64,65,66,67,68,69,70,71,72,73,74,75,76,77,78,79,80,81,82,83,84,85,86,87,88,89,90,91,92,93,94,95,96,97,98,99,100,101,102,103,104,105,106,107,108
0,0.0,4.6910014,7.1106515,8.956874,12.365017,13.72285,17.498985,21.441267,22.975466,27.452042,30.896677,34.812027,32.72835,30.867964,26.782078,24.695154,20.572903,19.980286,15.6697445,14.069096,11.251098,10.929216,11.595572,9.014116,11.957016,15.267445,17.198803,16.106506,17.39049,15.991854,19.301311,17.564749,24.73193,21.444084,26.00013,27.665438,28.408566,28.417927,23.778484,19.9496,25.179794,21.444954,23.774496,22.526262,20.801628,20.647448,21.667652,20.577118,24.07651,28.198038,28.710056,28.684834,29.657543,33.254707,30.430693,33.21733,31.783686,35.11639,40.001976,38.675922,35.482002,37.439083,34.304058,37.070618,33.28904,39.026882,37.92515,36.80259,35.435658,37.660854,33.89683,37.263485,35.32939,39.04049,37.88653,40.657074,41.346428,39.495327,42.753094,41.235394,36.181873,36.23348,32.628513,29.771753,29.844597,24.912428,24.943588,19.946852,21.532213,19.377975,22.592026,23.634266,22.631163,27.078585,29.33601,29.982779,33.316025,30.345474,35.507282,33.169483,38.448547,43.209457,39.459335,36.212917,34.65734,29.478971,29.426155,25.764477,25.080435
1,4.6910014,0.0,5.2857456,6.366018,8.934009,11.784429,14.191143,19.113567,20.26574,25.124327,28.570833,32.44967,30.918041,29.297356,25.35907,22.990248,19.22459,17.925117,14.067859,11.519623,10.241555,8.155763,10.884991,7.6634755,12.047274,14.716743,15.016427,14.339528,14.798362,14.961609,17.03257,16.846613,23.651947,21.159916,25.58107,27.471016,28.877316,28.576878,24.164288,20.193542,24.665653,20.79682,22.338858,20.388199,19.48444,18.408875,20.020708,17.847088,21.668095,25.877335,26.833534,26.182549,28.123873,31.306753,28.607386,31.519857,29.4265,32.646564,37.340836,35.594852,32.39916,33.81683,30.49406,32.984142,29.000246,34.587204,33.410015,32.42388,31.358906,33.7486,30.204517,33.821083,31.982235,35.969284,34.964115,38.053677,38.95132,37.41559,40.78634,39.537308,34.437958,34.05699,30.578026,27.421112,27.107307,22.075148,21.350307,16.27533,17.38471,15.138488,18.095613,19.14654,17.94287,22.476154,24.841475,25.707731,29.241068,26.520477,31.688898,29.832787,35.123013,39.90329,36.18398,32.96508,31.071646,26.035099,25.840963,21.940775,21.66333
2,7.1106515,5.2857456,0.0,5.1040616,7.152217,7.9826665,11.742783,15.244567,17.367622,21.14966,25.551386,29.097485,26.981295,25.661282,21.23293,19.630495,15.7107315,15.351653,11.878546,10.914518,10.30993,10.872925,14.056489,12.125044,16.349213,18.419693,18.706062,16.966053,16.36055,16.14777,16.709734,15.969125,21.400845,18.091515,22.855724,24.090063,25.875532,26.122358,21.74952,18.373142,23.343325,20.510693,21.553965,20.89222,21.166443,20.251629,22.845198,20.814642,25.090755,29.128304,29.631598,28.20352,30.123903,32.587326,29.261457,31.654417,29.413046,32.104195,36.96938,34.893955,31.564804,33.450382,30.506153,32.92857,29.619995,34.68943,34.204346,33.94517,33.217747,35.184944,31.863394,35.160328,32.69956,36.747425,35.141735,38.264294,38.6241,36.791615,39.75156,38.013172,32.58118,31.985577,28.315098,25.666815,25.91808,20.363111,20.872797,16.382261,17.897644,16.710741,19.264555,19.100489,18.586887,22.052647,24.085808,24.442394,27.410553,24.94899,29.981388,27.953423,33.207275,37.780575,33.601692,30.432428,28.323507,23.47128,22.905354,19.413118,18.212624
3,8.956874,6.366018,5.1040616,0.0,3.7891037,5.987483,8.674513,13.248381,14.170106,19.283974,22.305243,26.262445,24.77968,23.015913,19.325634,16.667616,13.011441,11.570946,7.818446,5.9008408,5.8638315,6.9072533,10.519589,9.883757,13.9775095,14.9582,14.890368,12.488138,11.435717,11.424775,11.694762,11.572037,17.517422,15.338523,19.62288,21.598963,23.42469,22.978115,18.813686,15.00906,19.144577,15.914321,16.794708,15.791312,16.306927,15.326755,18.306177,16.492603,20.939098,24.783545,24.970928,23.31091,25.19683,27.499384,24.17075,26.630735,24.411049,27.26677,32.13868,30.331089,27.046661,29.139898,26.26984,29.078289,26.017237,31.525043,31.209667,30.739302,29.478563,31.04866,27.525148,30.539534,27.975815,31.877012,30.263468,33.290104,33.728867,31.952457,35.07261,33.5716,28.316994,27.879372,24.32353,21.351223,21.386616,16.14641,16.544422,11.9528675,14.07871,13.1850195,16.320097,16.325668,17.300783,20.203661,21.807064,21.826883,24.846935,21.58951,26.716507,24.244808,29.52443,34.262524,30.522177,27.2695,25.951311,20.613165,20.94214,17.40925,17.214134
4,12.365017,8.934009,7.152217,3.7891037,0.0,5.2531815,5.268997,10.882669,11.470381,16.750603,19.93375,23.735214,22.713627,21.300543,17.773497,15.049475,12.0219345,9.988693,7.5771914,5.3661394,8.0549755,8.227693,12.830056,12.252134,16.555866,16.956108,15.66968,13.464954,11.201199,12.680296,10.817735,12.377096,16.926117,15.543743,19.497517,21.440353,23.920132,23.34264,19.614689,16.125238,19.35934,16.539955,16.350813,15.147711,16.939184,15.207495,18.912949,16.33164,20.972578,24.653141,25.0422,22.589651,25.280312,26.89099,23.54678,25.87997,23.00403,25.503561,30.196735,27.879978,24.562248,26.299799,23.414019,25.947628,23.021975,28.194025,28.12084,28.060024,27.174376,28.667545,25.46875,28.526905,25.827654,29.967543,28.285515,31.595333,32.04106,30.485304,33.547314,32.16637,26.831427,25.891996,22.450933,19.36524,19.178957,13.681903,13.735012,9.4656515,11.294623,11.088331,13.660326,12.991283,14.515268,16.727898,18.176935,18.115364,21.120657,18.105158,23.225723,21.140215,26.429115,31.130642,27.28719,24.065678,22.396875,17.187317,17.346834,13.682112,13.785393
5,13.72285,11.784429,7.9826665,5.987483,5.2531815,0.0,6.1214304,7.743365,9.872195,13.752535,17.683544,21.282118,19.212748,17.738276,13.589537,11.661157,7.9199543,7.797818,5.5447936,7.1886234,8.726637,12.061803,15.438701,15.71507,19.470716,19.828085,19.611225,16.438734,14.215902,13.953264,11.723954,11.197094,14.234004,11.425287,15.88198,17.111412,19.688913,19.748251,15.958447,13.207169,17.325481,15.811088,15.639436,16.501514,18.677368,17.896818,21.82481,20.261988,24.897615,28.335592,27.99529,25.41201,27.25445,28.471186,24.4858,26.152634,23.751652,25.776924,30.740509,28.563906,25.19088,27.923508,25.691193,28.416904,26.430683,31.203981,31.819939,32.190865,31.253956,32.16791,29.011204,31.458971,28.164515,31.992651,29.635815,32.622696,32.360954,30.260551,32.80559,30.74033,25.13122,24.378834,20.633512,18.392242,19.216463,13.487483,15.8253,12.690052,15.227641,15.842457,18.25083,16.78794,18.974588,20.167816,21.06384,20.231215,22.320656,19.229418,24.020039,21.180017,26.309631,30.750116,26.551594,23.373972,22.104391,16.934673,17.12683,14.410063,13.277536
6,17.498985,14.191143,11.742783,8.674513,5.268997,6.1214304,0.0,6.881896,6.612789,12.152775,15.163329,18.781326,18.271559,17.186068,14.153568,11.314657,9.537721,6.9879737,7.3943443,6.8544445,11.082286,12.16009,16.594826,16.85221,20.831066,20.383934,18.462221,15.865508,12.379541,14.474677,9.906445,12.707763,14.530166,14.259831,17.45937,19.253763,22.495684,21.784983,18.842482,16.114286,18.081581,16.40034,14.775312,14.356015,17.92306,15.931435,20.513504,17.888557,22.551235,25.693613,25.773342,22.27463,25.375307,25.806551,22.16777,23.935823,20.49956,22.245132,26.794815,23.966494,20.603737,22.512287,20.079607,22.491596,20.54358,25.10177,25.887445,26.56195,25.929842,26.756266,23.99764,26.553885,23.30069,27.460354,25.299671,28.736692,28.821056,27.304058,30.045681,28.577137,23.12516,21.635868,18.300247,15.394912,15.339421,9.513868,10.489089,8.032946,10.033548,11.670949,13.296912,11.134634,14.587414,14.645331,15.164319,14.22031,16.579983,13.450958,18.426577,16.239527,21.486801,26.077085,22.069221,18.861656,17.282494,11.9801445,12.421183,9.146718,9.668661
7,21.441267,19.113567,15.244567,13.248381,10.882669,7.743365,6.881896,0.0,4.6094055,6.0508,11.109749,14.02022,12.130421,11.512811,7.6360736,6.5802555,5.7870827,6.45675,9.0527315,11.720511,14.846942,18.042469,21.655733,22.497534,26.1391,25.63346,24.524765,21.168283,17.742582,18.366005,13.332185,14.214939,12.440099,11.277426,14.159752,14.633179,18.582657,18.67766,16.420782,15.312741,17.340918,17.787352,15.6663475,17.760693,21.921377,20.811026,25.591833,23.86136,28.453754,31.251509,30.612722,26.811773,29.13082,28.75863,24.47219,25.19006,22.174047,22.87127,27.468498,24.580116,21.288376,24.318562,22.97556,25.317406,24.837034,28.395075,30.193813,31.597692,31.122269,31.184544,28.75303,30.46771,26.517828,30.20935,27.171486,30.203457,29.281397,27.19058,29.025799,26.661125,20.887167,19.235498,15.659905,14.33379,15.755592,10.182925,14.264069,13.768885,16.054234,18.332071,19.567293,16.593826,20.401442,19.097454,18.774834,16.770853,17.383533,14.68589,18.620417,15.652777,20.328094,24.289322,19.653103,16.657274,15.517359,10.835973,11.130874,10.148522,8.582541
8,22.975466,20.26574,17.367622,14.170106,11.470381,9.872195,6.612789,4.6094055,0.0,7.165207,8.564387,12.307188,12.187847,11.023226,9.275844,5.951421,6.9293838,4.8508387,8.886416,10.75089,14.6381855,17.298878,20.818956,22.194466,25.521828,24.291965,22.620813,19.261929,15.349429,16.698158,10.517214,12.999429,10.630102,11.896143,13.567578,15.095674,19.001478,18.136595,16.444597,15.069341,15.388122,15.686399,12.681022,14.375532,19.29999,17.899609,22.931513,21.225365,25.62871,28.02087,27.247896,23.025558,25.61676,24.727352,20.56127,21.240208,17.844124,18.45434,22.977879,20.06714,16.745607,19.882143,18.661055,21.302252,21.22626,25.026049,27.019987,28.306044,27.484695,27.1225,24.716965,26.103273,22.023563,25.64143,22.576208,25.673927,24.891378,23.023605,25.095957,23.160717,17.534048,15.700726,12.307002,10.24253,11.244583,5.6557713,10.202193,10.847288,13.310452,16.201107,17.383217,14.45007,19.483784,17.536875,16.66914,14.267391,14.894259,11.101659,15.195961,11.657148,16.593004,20.925274,16.845947,13.6394825,13.584972,8.047812,10.070477,9.102878,9.724796
9,27.452042,25.124327,21.14966,19.283974,16.750603,13.752535,12.152775,6.0508,7.165207,0.0,7.916797,9.066268,7.0886054,8.145829,5.7695003,7.136613,9.403007,10.603084,14.345613,17.195438,20.468958,23.718515,27.245428,28.354422,31.87021,31.001816,29.626923,26.204185,22.443981,23.23506,17.422325,18.571903,14.034619,13.988464,15.211365,14.755115,19.290829,19.561998,18.66425,18.82096,19.50175,21.291319,18.305094,21.172054,26.101461,25.001348,30.00906,28.370207,32.785736,35.12654,34.24408,29.865643,32.24676,30.835173,26.488956,26.389107,23.244083,22.75814,26.795462,23.507933,20.53727,23.783804,23.387953,25.283478,26.128527,28.492449,31.200512,33.33689,33.189674,32.587883,30.768267,31.811497,27.50303,30.843092,27.325903,30.170326,28.623772,26.537663,27.555655,24.883158,19.291948,16.937366,13.891181,13.984758,15.946403,11.773796,16.54855,17.779835,19.708921,22.672266,23.208273,19.590303,24.003754,21.202436,19.985918,17.193909,16.18222,14.294089,16.721554,13.809526,17.412817,20.52627,15.50704,12.999719,12.266398,9.216738,9.534617,11.05398,9.341861
10,30.896677,28.570833,25.551386,22.305243,19.93375,17.683544,15.163329,11.109749,8.564387,7.916797,0.0,4.610636,6.850257,5.8381877,8.918372,7.1630497,11.437788,11.0874,15.636176,18.257175,21.574549,24.924759,27.658861,29.832727,32.545044,30.63613,29.141178,25.424294,21.503117,22.25043,15.847555,17.639854,10.937658,14.256659,12.937344,13.705981,17.915247,16.807203,17.430292,18.007795,15.887899,18.5816,14.570687,18.06897,23.634369,22.868713,27.855846,27.047089,30.913559,32.38829,30.796354,26.062868,27.941164,25.430223,21.126404,20.171932,17.271137,15.871472,19.66173,16.907602,14.250242,18.785704,19.484222,22.030354,24.231667,26.773441,30.012562,31.877075,30.894028,29.184502,27.415298,27.273859,22.569695,25.06643,21.034485,23.320591,21.240358,19.020723,19.711575,17.101154,11.681588,9.026508,6.2879143,7.5065656,10.152839,8.915655,14.564767,17.477274,19.784407,23.26132,24.009142,20.815662,26.663454,23.264044,21.252302,17.85567,16.350908,12.800683,14.217552,9.3149185,12.12109,15.35184,11.760311,9.248356,12.551163,9.246096,12.567199,14.3563595,15.056608
11,34.812027,32.44967,29.097485,26.262445,23.735214,21.282118,18.781326,14.02022,12.307188,9.066268,4.610636,0.0,5.5792317,6.9023633,10.608113,10.815901,15.06822,15.35723,19.871296,22.58092,25.94733,29.25129,32.169266,34.17519,37.039692,35.209656,33.58475,29.975058,25.984697,26.849533,20.42083,22.118114,15.037606,17.813643,16.247972,16.063484,20.348288,19.711601,20.871822,22.024519,19.932014,23.045288,19.04169,22.5624,28.200472,27.352722,32.358624,31.38406,35.207943,36.566887,35.030487,30.109116,32.118523,29.181328,25.048971,23.706686,20.831234,18.685543,21.65912,18.576954,16.448587,20.543007,21.822937,23.709414,26.59202,28.069294,31.808577,34.22257,33.686543,31.761124,30.515747,30.12246,25.426378,27.68985,23.557096,25.670553,23.219133,21.188675,21.049747,18.277468,13.588929,10.43012,9.103341,11.397847,13.7909565,13.204004,18.26599,21.519043,23.429352,27.04955,27.32585,23.762667,29.461271,25.415781,23.089876,19.497946,16.992443,14.721232,14.718706,10.830295,11.910434,13.751103,9.819058,8.378924,11.861031,10.7753935,13.295378,16.218796,16.45769
12,32.72835,30.918041,26.981295,24.77968,22.713627,19.212748,18.271559,12.130421,12.187847,7.0886054,6.850257,5.5792317,0.0,3.8538206,6.3516,8.883501,12.557696,14.429849,18.444008,21.989637,24.69604,28.82288,31.556496,33.441772,36.371613,35.03161,34.1392,30.212856,26.580877,26.535353,20.825357,21.069574,14.055519,14.906011,13.980625,12.547946,17.010618,17.406292,18.212578,19.903532,19.264172,22.700598,19.473532,23.746933,28.80425,28.420782,33.3319,32.617096,36.74179,38.550793,36.92046,32.47544,33.945545,31.761272,27.227972,26.07181,23.776134,22.324308,25.96637,23.34586,20.918009,25.275156,26.01441,28.148363,30.237268,32.24107,35.57897,37.798294,37.228813,35.76522,34.06288,34.094288,29.408026,31.86309,27.74333,29.771137,27.275229,24.725018,24.641302,21.233631,16.122753,14.068389,11.690494,13.973031,16.934763,14.850241,20.614992,22.721169,25.048752,28.26202,29.00369,25.508293,30.562824,27.321459,25.573092,22.30049,20.362001,18.157482,19.193974,15.326227,17.301691,19.297361,15.042847,13.401802,15.229633,13.424504,14.91571,17.343058,16.196276
13,30.867964,29.297356,25.661282,23.015913,21.300543,17.738276,17.186068,11.512811,11.023226,8.145829,5.8381877,6.9023633,3.8538206,0.0,5.4360437,6.4147263,10.302828,12.136121,16.041824,19.80802,22.15136,26.662346,28.912909,31.194656,33.767067,32.236046,31.7,27.527473,24.110565,23.550108,18.161272,17.890009,10.416362,11.777771,10.259138,9.307447,13.740821,13.725487,14.673122,16.468924,15.492394,19.19841,16.114735,20.879238,25.703497,25.714771,30.470682,30.262554,34.28483,36.014294,34.08326,29.897211,30.841175,28.841434,24.164482,22.970148,21.142511,20.031519,24.08148,22.077282,19.545727,24.489386,25.13247,27.81769,29.706295,32.443886,35.530457,37.284813,36.201225,34.662422,32.57394,32.479343,27.757652,30.029554,25.867405,27.66516,25.153313,22.291073,22.4447,18.898079,13.503124,12.20125,9.244017,11.554275,14.8886175,12.978937,19.205938,21.071436,23.832651,26.897694,28.128782,25.041306,30.315355,27.560184,25.957676,22.7653,21.382803,18.210875,19.8298,15.145973,17.599207,20.16054,16.470615,14.429429,16.994871,14.00692,16.262104,17.949865,17.257763
14,26.782078,25.35907,21.23293,19.325634,17.773497,13.589537,14.153568,7.6360736,9.275844,5.7695003,8.918372,10.608113,6.3516,5.4360437,0.0,4.9999685,6.9694376,10.103851,13.271441,17.303785,19.412186,24.01791,26.59658,28.296465,31.269938,30.400515,30.081715,26.034418,22.827604,22.133623,17.293531,16.467554,11.030359,9.708362,10.698724,9.318085,13.827084,14.686085,13.9646845,15.096814,16.325861,19.051567,16.75466,21.00233,25.3017,25.169914,29.879808,29.26696,33.624878,35.9417,34.43329,30.58484,31.78694,30.689383,25.967619,25.53581,23.474606,23.218243,27.684565,25.38535,22.462523,26.798183,26.610134,29.1823,30.041895,33.109634,35.67628,37.329823,36.528248,35.72644,33.394733,34.10254,29.626173,32.502537,28.708815,30.957603,28.977795,26.22551,26.985165,23.657898,18.003122,16.785215,13.327056,14.22151,17.078926,13.280931,19.12988,19.78016,22.51469,25.124088,26.499237,23.43834,27.841303,25.850863,24.87379,22.160872,21.46006,18.670784,21.266645,17.236689,20.684622,23.73321,19.30962,16.883482,17.586447,14.059375,15.153122,16.071785,14.310197
15,24.695154,22.990248,19.630495,16.667616,15.049475,11.661157,11.314657,6.5802555,5.951421,7.136613,7.1630497,10.815901,8.883501,6.4147263,4.9999685,0.0,4.385851,5.8151517,9.69403,13.452945,15.8878145,20.304102,22.721563,24.816315,27.544725,26.232922,25.714756,21.601627,18.267754,17.771677,12.519931,12.352246,6.973907,7.6853476,8.460714,9.290095,13.467936,13.011424,11.971905,12.095755,12.425405,14.627004,11.953453,16.035404,20.534054,20.351591,25.108637,24.645912,28.890013,31.060324,29.467041,25.611609,26.827763,25.793617,21.104494,20.944862,18.77661,18.985298,23.741074,21.711,18.634012,23.125565,22.709532,25.732174,26.3823,30.128351,32.44301,33.64995,32.390007,31.514126,28.915735,29.584305,25.161226,28.039268,24.39114,26.702585,25.062902,22.39636,23.765148,20.890123,15.0815525,14.106627,10.287462,10.061673,12.730804,8.780815,14.874634,15.562836,18.619413,21.267107,22.966106,20.311924,25.248201,23.478722,22.491562,19.833284,19.731752,15.8856945,19.068727,14.470259,18.520987,22.275305,18.416079,15.556194,16.959389,12.2349615,14.449483,14.559137,14.117517
16,20.572903,19.22459,15.7107315,13.011441,12.0219345,7.9199543,9.537721,5.7870827,6.9293838,9.403007,11.437788,15.06822,12.557696,10.302828,6.9694376,4.385851,0.0,4.429024,6.3857136,10.755095,12.456781,17.363386,19.660425,21.506178,24.323048,23.522276,23.541512,19.3968,16.575747,15.440754,11.417709,9.995033,7.7773347,5.520053,8.865354,9.829503,13.25871,13.229987,10.6453705,9.77446,12.3431835,13.434126,12.035304,15.62989,19.150654,19.172209,23.624128,23.194525,27.600924,30.222942,28.819778,25.57372,26.588127,26.527002,21.889767,22.360014,20.460258,21.521599,26.546827,24.73245,21.514948,25.659328,24.603777,27.724073,27.438757,31.751637,33.46593,34.28068,32.950245,32.64647,29.671988,30.893843,26.79173,29.920004,26.651897,29.062454,27.829102,25.1617,26.954819,24.214024,18.477728,17.973635,14.081547,13.092606,15.242673,10.414108,15.624089,14.798923,18.042921,19.989079,22.18395,19.996132,24.112717,23.448511,23.126856,21.04451,21.751255,17.96391,21.86902,17.66621,22.183704,26.213514,22.244682,19.237038,19.761,14.667423,16.190592,15.25472,14.334042
17,19.980286,17.925117,15.351653,11.570946,9.988693,7.797818,6.9879737,6.45675,4.8508387,10.603084,11.0874,15.35723,14.429849,12.136121,10.103851,5.8151517,4.429024,0.0,4.590811,7.674153,10.611741,14.532439,17.18496,19.161907,22.003971,20.740568,20.024288,16.055853,12.727181,12.657479,7.4384565,8.273386,7.57077,8.231115,10.598765,12.885233,16.030502,14.949442,12.506053,10.449258,11.61249,11.428921,9.364094,11.760672,15.835216,15.271985,19.999077,19.207605,23.60468,26.13898,24.934908,21.433222,23.022736,22.925875,18.51586,19.453047,16.991423,18.466703,23.4945,21.58796,18.278593,22.041903,20.645548,23.928303,23.370659,28.08207,29.578962,30.134155,28.608866,28.338018,25.278898,26.636875,22.678978,26.005346,23.031225,25.720188,24.988367,22.709688,25.064756,22.985254,17.388237,16.690668,12.970542,10.690409,11.9835825,6.7394633,11.39167,10.555452,13.952647,16.068762,18.339838,16.410799,21.039902,20.36166,19.994411,18.033953,19.257168,14.89479,19.216558,15.086885,19.983374,24.448696,20.890629,17.687849,18.347517,12.69187,14.840175,13.260851,13.651758
18,15.6697445,14.067859,11.878546,7.818446,7.5771914,5.5447936,7.3943443,9.0527315,8.886416,14.345613,15.636176,19.871296,18.444008,16.041824,13.271441,9.69403,6.3857136,4.590811,0.0,4.742527,6.273209,11.095625,13.339266,15.245344,18.030008,17.266901,17.352568,13.283462,10.887084,9.710825,7.056977,5.9178724,9.723947,8.465968,12.106823,14.518468,16.70006,15.810734,12.225921,8.907668,12.089681,10.34452,10.208141,11.681637,14.062754,13.916142,18.027287,17.504208,21.953236,24.94088,23.880896,21.293808,22.427116,23.503305,19.320152,20.887194,18.990265,21.286734,26.42878,24.96275,21.682428,25.138256,23.220503,26.609102,25.137243,30.445137,31.255327,31.242092,29.491272,29.778694,26.295534,28.127565,24.635794,28.010426,25.501055,28.105822,27.762228,25.478548,28.16911,26.221777,20.845085,20.693626,17.00239,14.503482,15.402342,10.423457,13.475337,10.802466,14.301869,15.2972555,18.300514,17.25061,20.822124,21.53923,21.883402,20.597178,22.54656,18.303486,23.006907,19.206205,24.234062,28.829712,25.345064,22.108171,22.319468,16.619263,18.239016,15.863531,15.965083
19,14.069096,11.519623,10.914518,5.9008408,5.3661394,7.1886234,6.8544445,11.720511,10.75089,17.195438,18.257175,22.58092,21.989637,19.80802,17.303785,13.452945,10.755095,7.674153,4.742527,0.0,4.8369703,6.860793,10.163915,11.605963,14.786132,13.960584,13.102177,9.645473,7.0392184,7.796628,5.8322763,7.6578307,13.227088,13.087028,16.283228,19.078573,21.11394,19.802963,16.29911,12.410202,14.72572,11.365305,11.389855,10.127464,11.927416,10.734882,14.750826,13.308681,17.901257,21.208757,20.82137,18.421894,20.38756,22.02901,18.516317,20.88661,18.516075,21.400818,26.286762,24.712362,21.47701,23.959005,21.364244,24.647226,22.256922,28.04315,28.19246,27.699955,25.875435,26.704477,23.067236,25.513237,22.60612,26.309044,24.498697,27.431686,27.837227,26.110159,29.340607,28.09231,23.037157,22.688108,19.336412,16.000858,15.790543,11.050933,11.622329,7.5075345,10.747925,10.975518,14.391687,14.205252,17.34357,18.900238,19.689709,19.071228,21.846886,17.646116,22.687395,19.60771,24.804708,29.650375,26.464434,23.186289,22.94785,17.21861,18.723951,15.529042,16.514975
20,11.251098,10.241555,10.30993,5.8638315,8.0549755,8.726637,11.082286,14.846942,14.6381855,20.468958,21.574549,25.94733,24.69604,22.15136,19.412186,15.8878145,12.456781,10.611741,6.273209,4.8369703,0.0,6.4902673,7.3705397,9.528521,11.879379,11.61139,12.821017,8.9361315,8.612628,6.1035666,8.5145645,6.6861567,14.352306,12.981423,16.544262,19.310894,20.363512,19.245407,15.14708,10.787598,14.5334635,10.60869,12.532623,11.887586,11.431405,11.716427,14.42735,14.349862,18.504341,21.93824,21.180738,19.987549,20.621294,23.232922,19.777811,22.21922,20.913712,24.160093,29.18897,28.300467,25.174765,28.067501,25.559832,29.06367,26.540087,32.587326,32.468555,31.55411,29.35702,30.279211,26.319523,28.655228,25.959509,29.26438,27.540825,30.018373,30.355526,28.316948,31.531214,30.083805,25.210203,25.547956,22.10255,19.118927,19.296608,15.049667,16.090828,11.912628,15.024581,14.423174,18.241035,18.65407,20.977901,23.325191,24.36852,23.890156,26.662472,22.394669,27.371414,23.946932,29.039206,33.839943,30.73472,27.464653,27.49847,21.741861,23.210526,20.105352,20.553879
21,10.929216,8.155763,10.872925,6.9072533,8.227693,12.061803,12.16009,18.042469,17.298878,23.718515,24.924759,29.25129,28.82288,26.662346,24.01791,20.304102,17.363386,14.532439,11.095625,6.860793,6.4902673,0.0,5.377055,5.1145864,8.850525,8.963603,8.002321,6.512005,6.8399644,8.240363,10.611483,12.093033,19.401836,19.009562,22.306334,25.250872,26.633434,25.233122,21.408327,17.017801,19.5945,14.902515,16.200872,12.89946,11.813573,10.283861,12.209214,10.143031,14.307366,18.316832,18.917849,18.064445,20.115946,23.249815,20.861588,24.072542,22.030396,25.629448,30.147667,28.920336,25.924387,27.416561,24.146767,27.203987,23.498903,29.813175,28.77261,27.2875,25.238102,27.051596,23.120796,26.35866,24.58658,28.29641,27.513962,30.433643,31.647184,30.364807,34.061447,33.380615,28.791862,28.669052,25.583584,21.906864,21.006231,17.031654,15.4917555,10.3734865,12.103164,9.956321,13.962243,15.671869,16.747301,20.31255,21.976866,22.434662,26.03558,22.229641,27.345583,25.008772,30.14588,35.092022,32.228546,28.992634,28.310867,22.82069,23.929533,20.12067,21.360947
22,11.595572,10.884991,14.056489,10.519589,12.830056,15.438701,16.594826,21.655733,20.818956,27.245428,27.658861,32.169266,31.556496,28.912909,26.59658,22.721563,19.660425,17.18496,13.339266,10.163915,7.3705397,5.377055,0.0,4.755416,4.917318,4.5547266,7.3129325,5.1606765,8.420811,6.734052,12.359462,11.987184,20.260822,19.8332,22.750288,25.961119,26.430338,24.804346,20.956331,16.422907,19.00801,13.784196,16.446697,13.41603,9.946028,10.21945,10.21237,10.641784,13.714666,17.434519,17.301073,17.902613,18.257467,22.389925,20.275747,23.57587,22.687763,26.684196,31.23167,30.910557,28.118008,30.15351,27.146103,30.628124,27.172531,33.805782,32.692673,30.705513,27.938766,29.45093,25.15969,27.909569,26.335138,29.399048,28.738167,31.05234,32.2704,30.774883,34.531963,33.88428,29.725264,30.335508,27.338665,23.840597,23.14322,19.961695,18.99618,14.354462,16.491043,14.399786,18.558886,20.587301,21.866415,25.423998,26.908663,27.170889,30.608366,26.32519,31.301222,28.366508,33.324635,38.259274,35.773514,32.54423,32.610455,26.923605,28.504107,24.93968,26.129356
23,9.014116,7.6634755,12.125044,9.883757,12.252134,15.71507,16.85221,22.497534,22.194466,28.354422,29.832727,34.17519,33.441772,31.194656,28.296465,24.816315,21.506178,19.161907,15.245344,11.605963,9.528521,5.1145864,4.755416,0.0,4.878408,7.3397536,8.324738,8.521468,10.937056,10.969088,15.23861,15.509015,23.506645,22.486658,25.982216,28.830992,29.652046,28.418203,24.319658,19.839636,23.014572,18.028404,20.220835,16.919147,14.198267,13.425534,13.4686165,12.144517,15.192422,19.339188,20.247551,20.748617,22.08708,26.139242,24.231262,27.635376,26.152672,30.016125,34.456154,33.574448,30.686838,32.043842,28.646824,31.628359,27.494818,33.8988,32.32182,30.349577,28.196232,30.437603,26.406769,29.824759,28.576149,32.067734,31.660759,34.362038,35.778786,34.503,38.292374,37.667225,33.25363,33.4265,30.328625,26.726923,25.864443,22.074224,20.445564,15.327518,16.609907,13.764892,17.566845,19.88249,19.68807,24.18525,26.235909,27.073187,30.855385,27.234327,32.345142,30.104473,35.21775,40.1712,37.34145,34.1053,33.29336,27.863794,28.752071,24.828438,25.77894
24,11.957016,12.047274,16.349213,13.9775095,16.555866,19.470716,20.831066,26.1391,25.521828,31.87021,32.545044,37.039692,36.371613,33.767067,31.269938,27.544725,24.323048,22.003971,18.030008,14.786132,11.879379,8.850525,4.917318,4.878408,0.0,4.4156938,8.285031,8.745731,12.61267,11.359212,17.180544,16.706959,25.077307,24.355936,27.378344,30.498198,30.666733,29.14868,25.208841,20.725124,23.502323,18.207594,21.14985,17.788517,13.517177,13.806053,12.152413,12.622016,14.452449,18.186829,18.663013,20.445526,20.564655,25.381878,23.948122,27.449957,26.797482,30.961096,35.279945,35.11668,32.448906,34.056774,30.82128,34.10638,30.1229,36.81202,35.118465,32.66048,29.875866,31.885206,27.602566,30.644035,29.697302,32.647007,32.485348,34.710487,36.256172,34.95179,38.832806,38.390087,34.43753,35.130863,32.206036,28.654661,27.784914,24.730162,23.220858,18.44172,19.95715,17.174421,21.11342,23.751068,23.938797,28.302803,30.161367,30.87045,34.587643,30.556852,35.54426,32.927532,37.866993,42.82057,40.40048,37.182755,36.98877,31.407923,32.74597,28.967216,30.111431
25,15.267445,14.716743,18.419693,14.9582,16.956108,19.828085,20.383934,25.63346,24.291965,31.001816,30.63613,35.209656,35.03161,32.236046,30.400515,26.232922,23.522276,20.740568,17.266901,13.960584,11.61139,8.963603,4.5547266,7.3397536,4.4156938,0.0,5.8184376,5.6305118,10.039744,8.872595,14.849799,14.979717,23.057774,23.378937,25.708553,29.229181,29.392391,27.361012,23.878872,19.423782,21.012829,15.495251,18.304922,14.450305,9.599957,10.172807,7.878172,9.549064,11.11432,14.515683,14.444937,16.373972,16.154284,21.065117,19.872953,23.475594,23.045391,27.33791,31.487608,31.698137,29.217127,30.94531,27.907223,31.452896,27.854183,34.70986,33.230007,30.638708,27.346281,28.865597,24.434055,27.05437,26.116613,28.751297,28.670822,30.680592,32.333637,31.141949,35.122005,34.964783,31.380436,32.246025,29.602057,25.957167,24.876862,22.592653,20.941816,16.683538,18.433565,16.075722,20.13175,22.791891,24.048313,27.698006,29.12402,29.540651,33.09777,28.660936,33.43907,30.580688,35.288578,40.20432,38.24192,35.093433,35.522217,29.892132,31.778435,28.216814,29.871248
26,17.198803,15.016427,18.706062,14.890368,15.66968,19.611225,18.462221,24.524765,22.620813,29.626923,29.141178,33.58475,34.1392,31.7,30.081715,25.714756,23.541512,20.024288,17.352568,13.102177,12.821017,8.002321,7.3129325,8.324738,8.285031,5.8184376,0.0,4.9196754,7.67313,10.18816,13.666492,16.2237,23.404696,24.586964,26.77802,30.394396,31.351723,29.130306,25.939,21.523104,22.236996,16.838068,18.252487,13.008837,9.872233,7.8883924,6.554183,4.4766874,6.886485,11.03848,12.400905,13.197538,15.304177,19.462484,18.728874,22.609205,21.029291,25.207878,28.955378,28.568903,26.155132,26.88171,23.450241,26.627535,22.554611,29.401674,27.618422,24.897884,21.749773,23.654339,19.371038,22.590414,22.059546,25.170835,25.549814,28.104645,30.233635,29.63373,33.81445,34.123547,30.549557,30.784754,28.40544,24.345478,22.56794,20.459822,17.328857,13.179424,13.998668,11.300749,15.075342,18.238503,19.505207,23.036419,24.4713,25.225803,29.047304,24.92083,29.582977,27.472664,32.09181,37.008575,35.223488,32.16988,32.246105,26.935896,28.739773,25.031124,27.338158
27,16.106506,14.339528,16.966053,12.488138,13.464954,16.438734,15.865508,21.168283,19.261929,26.204185,25.424294,29.975058,30.212856,27.527473,26.034418,21.601627,19.3968,16.055853,13.283462,9.645473,8.9361315,6.512005,5.1606765,8.521468,8.745731,5.6305118,4.9196754,0.0,4.453881,5.286236,9.596421,11.398226,18.759205,19.939287,21.985714,25.653555,26.474644,24.226326,21.058989,16.67201,17.416344,12.005327,13.744023,9.274955,6.0172906,5.1627927,5.893147,6.2902637,9.7606535,13.19185,12.865974,12.8029785,13.845246,17.636583,15.822782,19.394176,18.174992,22.313976,26.58849,26.390589,23.782026,25.594679,22.637924,26.292454,23.103104,29.895979,28.930616,26.816471,23.623898,24.716497,20.332952,22.83561,21.317337,24.291143,23.828758,26.182352,27.692371,26.540396,30.514158,30.356041,26.555029,27.06801,24.471663,20.646269,19.39327,17.12794,15.37296,11.360087,13.497621,11.894752,16.025824,18.18343,20.616804,23.329514,24.341862,24.405178,27.76767,23.150412,27.876371,24.958752,29.666306,34.589016,32.64499,29.515272,30.103941,24.486195,26.631615,23.251812,25.25931
28,17.39049,14.798362,16.36055,11.435717,11.201199,14.215902,12.379541,17.742582,15.349429,22.443981,21.503117,25.984697,26.580877,24.110565,22.827604,18.267754,16.575747,12.727181,10.887084,7.0392184,8.612628,6.8399644,8.420811,10.937056,12.61267,10.039744,7.67313,4.453881,0.0,5.897354,6.0664907,10.108868,16.166595,17.998444,19.870632,23.496124,25.000605,22.72246,19.861137,15.749422,15.871144,11.095302,11.332266,6.4847655,6.7999864,4.0421977,8.136055,6.681189,11.093288,14.195371,13.910758,11.896352,14.286901,16.647995,14.24965,17.575008,15.363267,19.163363,23.53717,22.733568,19.938238,21.734734,18.801863,22.452946,19.611345,26.226992,25.74418,24.192245,21.32393,22.107462,17.945036,20.413248,18.309086,21.72233,20.855734,23.635109,24.964869,23.87544,27.765903,27.553629,23.46216,23.487766,20.894127,16.890505,15.454803,12.93611,10.961405,7.086433,9.685527,9.100578,13.058557,14.537374,18.004051,19.798605,20.451887,20.206442,23.410212,18.71194,23.453527,20.584906,25.36958,30.31497,28.263023,25.133047,25.692059,20.107563,22.388683,19.146755,21.45425
29,15.991854,14.961609,16.14777,11.424775,12.680296,13.953264,14.474677,18.366005,16.698158,23.23506,22.25043,26.849533,26.535353,23.550108,22.133623,17.771677,15.440754,12.657479,9.710825,7.796628,6.1035666,8.240363,6.734052,10.969088,11.359212,8.872595,10.18816,5.286236,5.897354,0.0,7.0048957,6.361544,14.188165,15.0852585,17.022017,20.692148,21.253878,19.056643,15.811382,11.434632,12.5699625,7.232169,9.799549,7.707779,5.4223084,6.9781322,9.222013,10.931406,14.413564,17.19666,15.65177,14.91534,14.648643,17.689842,14.624602,17.470503,16.858753,20.690254,25.497347,25.507133,22.73494,25.763794,23.441257,27.416723,25.188133,31.68596,31.509027,30.012892,26.923565,27.31631,23.031271,24.788866,22.342802,25.0454,23.643435,25.668589,26.34838,24.490547,28.068693,27.230263,23.127354,24.023113,21.118887,17.79788,17.433672,14.930843,15.270998,11.863999,15.100806,14.620443,18.661354,19.72484,22.976408,24.899645,25.508427,24.872662,27.61953,22.668848,27.324867,23.546844,28.254778,33.077106,30.902285,27.736202,28.85124,23.026958,25.432167,22.546972,24.00748
30,19.301311,17.03257,16.709734,11.694762,10.817735,11.723954,9.906445,13.332185,10.517214,17.422325,15.847555,20.42083,20.825357,18.161272,17.293531,12.519931,11.417709,7.4384565,7.056977,5.8322763,8.5145645,10.611483,12.359462,15.23861,17.180544,14.849799,13.666492,9.596421,6.0664907,7.0048957,0.0,6.431211,10.2968235,12.8729,14.246112,17.859518,19.792105,17.504238,15.078769,11.597025,11.052377,7.772429,6.356048,4.814308,8.796896,7.8811464,12.693951,12.362046,16.480904,18.83604,17.531015,14.390213,16.009916,16.749434,12.907032,15.098506,12.785726,15.826154,20.788961,19.801237,16.722408,19.932875,17.89602,21.807283,20.439783,26.373606,27.043604,26.457008,23.911816,23.731504,19.983755,21.468185,18.13011,21.338604,19.222195,21.854584,22.159363,20.398844,23.781769,22.846487,18.195284,18.198988,15.2433815,11.546459,11.039775,7.956689,9.057565,7.0938177,10.927027,12.290277,15.487026,15.231368,19.99636,20.260052,20.146904,18.847689,21.089472,15.951346,20.501448,16.592747,21.408974,26.255398,23.919334,20.744371,22.007854,16.210972,19.01652,16.587004,18.524216
31,17.564749,16.846613,15.969125,11.572037,12.377096,11.197094,12.707763,14.214939,12.999429,18.571903,17.639854,22.118114,21.069574,17.890009,16.467554,12.352246,9.995033,8.273386,5.9178724,7.6578307,6.6861567,12.093033,11.987184,15.509015,16.706959,14.979717,16.2237,11.398226,10.108868,6.361544,6.431211,0.0,8.463401,8.791471,10.827043,14.349534,15.165082,13.250557,9.84683,5.64418,7.849789,4.7686253,6.746815,9.108872,10.118994,11.667503,15.041276,16.389341,20.181456,22.639942,20.630901,18.795595,18.318512,19.835327,15.589589,17.143604,16.620003,19.487743,24.711088,24.471928,21.507685,25.631975,24.03826,28.029726,26.861588,32.696007,33.4262,32.79961,30.146782,29.948036,26.0435,27.21634,23.819302,26.425379,23.965567,25.844667,25.477684,22.914606,25.778547,23.984602,19.253788,20.223265,16.858736,14.405562,15.328536,12.249782,15.2389345,12.9782715,16.799723,17.528433,21.068586,20.79816,24.784845,25.62881,25.75227,24.354761,26.252527,21.285603,25.682257,21.184685,25.801971,30.372044,27.751202,24.61633,26.100979,20.310705,22.809633,20.690075,21.401766
32,24.73193,23.651947,21.400845,17.517422,16.926117,14.234004,14.530166,12.440099,10.630102,14.034619,10.937658,15.037606,14.055519,10.416362,11.030359,6.973907,7.7773347,7.57077,9.723947,13.227088,14.352306,19.401836,20.260822,23.506645,25.077307,23.057774,23.404696,18.759205,16.166595,14.188165,10.2968235,8.463401,0.0,6.288442,4.43382,8.249296,10.529944,8.226229,7.608743,7.604479,5.4992557,8.860735,6.6067123,12.397399,16.108622,17.162895,21.321865,22.368864,26.071926,27.773468,25.313599,22.120657,21.824133,21.04507,16.142565,15.7566,15.108689,16.066511,21.193676,20.744678,17.946646,23.293718,23.031742,26.885803,27.528309,32.209713,34.195686,34.55494,32.25095,30.980757,27.79826,27.86932,23.536898,25.633116,22.010473,23.519848,21.832098,18.668228,20.385962,17.582865,12.253724,13.195659,9.605656,9.011069,11.759931,9.900427,15.609391,16.012814,19.691366,21.90181,24.44552,22.82611,28.058334,26.977104,26.066051,23.588387,23.997942,19.088224,22.325289,16.952814,20.70449,24.625998,22.07704,19.290178,22.086376,16.969843,20.115295,19.636295,20.135002
33,21.444084,21.159916,18.091515,15.338523,15.543743,11.425287,14.259831,11.277426,11.896143,13.988464,14.256659,17.813643,14.906011,11.777771,9.708362,7.6853476,5.520053,8.231115,8.465968,13.087028,12.981423,19.009562,19.8332,22.486658,24.355936,23.378937,24.586964,19.939287,17.998444,15.0852585,12.8729,8.791471,6.288442,0.0,5.0607533,6.4051595,8.403092,8.48131,5.2313466,5.5673347,9.206279,11.418011,11.321802,16.236113,18.68634,19.93577,23.746513,24.608046,28.652885,31.034678,28.926306,26.371244,25.980532,26.237963,21.436707,21.538925,20.982176,22.253242,27.413395,26.635567,23.656713,28.557604,27.810143,31.39358,31.299307,36.01735,37.68001,38.083763,36.146202,35.551147,32.22613,32.98283,28.861618,31.367804,27.96693,29.677713,28.114481,24.936905,26.509565,23.394146,18.05897,18.773077,15.005139,14.66891,17.277527,13.744581,19.15398,18.17941,21.825947,23.420998,26.181353,24.5421,28.684242,28.433632,28.12109,26.010607,26.68894,22.4353,26.125975,21.285906,25.400864,29.259434,25.857841,23.00393,24.520437,19.458431,21.457771,20.643301,19.84663
34,26.00013,25.58107,22.855724,19.62288,19.497517,15.88198,17.45937,14.159752,13.567578,15.211365,12.937344,16.247972,13.980625,10.259138,10.698724,8.460714,8.865354,10.598765,12.106823,16.283228,16.544262,22.306334,22.750288,25.982216,27.378344,25.708553,26.77802,21.985714,19.870632,17.022017,14.246112,10.827043,4.43382,5.0607533,0.0,4.2924085,6.1430764,4.6009564,4.772338,7.3577695,6.9560328,11.395546,10.441454,16.440622,19.37702,20.95639,24.754301,26.185179,29.860628,31.624311,28.95565,26.154194,25.20467,24.599031,19.691921,18.896662,18.995577,19.63507,24.572409,24.381441,21.759699,27.334673,27.302765,31.069147,31.850815,36.343662,38.450356,38.923367,36.679028,35.39316,32.215412,32.17809,27.80779,29.66046,25.884563,27.015615,24.89206,21.39115,22.445778,18.991446,13.97388,15.375837,11.990124,12.6862,15.824609,13.984499,19.899723,20.058662,23.753864,25.803976,28.421257,26.687134,31.60733,30.641619,29.799889,27.25989,27.38446,22.813643,25.803816,20.411911,23.786865,27.264347,24.543886,21.982437,24.757744,20.029053,22.780563,22.635345,22.377626
35,27.665438,27.471016,24.090063,21.598963,21.440353,17.111412,19.253763,14.633179,15.095674,14.755115,13.705981,16.063484,12.547946,9.307447,9.318085,9.290095,9.829503,12.885233,14.518468,19.078573,19.310894,25.250872,25.961119,28.830992,30.498198,29.229181,30.394396,25.653555,23.496124,20.692148,17.859518,14.349534,8.249296,6.4051595,4.2924085,0.0,4.609367,6.016183,6.72933,10.274236,11.167548,15.517445,14.6261,20.489216,23.469753,24.922985,28.795898,29.976524,33.821606,35.74105,33.18918,30.304539,29.496231,28.788946,23.875216,22.87608,22.837753,23.017073,27.748106,27.231983,24.646664,30.185125,30.319149,33.801426,34.76536,38.816208,41.15338,41.9853,40.0859,38.844177,35.85925,35.875717,31.390202,33.315853,29.371416,30.519423,28.093596,24.539227,25.031942,21.147604,16.206936,17.244696,13.985717,15.509737,18.90821,16.708765,22.897655,23.105766,26.653399,28.783535,31.179855,29.062918,33.735786,32.578262,31.71613,29.064117,28.787169,24.770071,27.46914,22.285812,25.376434,28.41512,25.280348,22.948452,25.398476,21.227736,23.447142,23.772861,22.760513
36,28.408566,28.877316,25.875532,23.42469,23.920132,19.688913,22.495684,18.582657,19.001478,19.290829,17.915247,20.348288,17.010618,13.740821,13.827084,13.467936,13.25871,16.030502,16.70006,21.11394,20.363512,26.633434,26.430338,29.652046,30.666733,29.392391,31.351723,26.474644,25.000605,21.253878,19.792105,15.165082,10.529944,8.403092,6.1430764,4.609367,0.0,4.027244,5.5144467,10.022569,11.201621,15.666735,15.9048815,21.907436,23.88899,26.065516,29.325632,31.285406,34.832222,36.630413,33.70294,31.474638,29.704988,29.431915,24.631538,23.54704,24.484108,25.003984,29.719198,29.939709,27.51972,33.278202,33.405617,37.160213,37.98048,42.421516,44.555607,45.02098,42.72912,41.450626,38.1893,38.04527,33.706184,35.26417,31.4283,32.112144,29.650923,25.880173,26.321291,22.408813,18.17108,20.06713,17.11597,18.544754,21.81829,20.065538,25.983438,25.800724,29.533232,31.314487,34.09797,32.403698,36.933174,36.250168,35.545326,33.02532,32.990284,28.690285,31.50572,26.139053,29.157837,32.192276,29.439054,27.131952,29.844381,25.486519,27.84012,27.886873,26.956503
