,0,1,2,3,4,5,6,7,8,9,10,11,12,13,14,15,16,17,18,19,20,21,22,23,24,25,26,27,28,29,30,31,32,33,34,35,36,37,38,39,40,41,42,43,44,45,46,47,48,49,50,51,52,53,54,55,56,57,58,59,60,61,62,63,64,65,66,67,68,69,70,71,72,73,74,75,76,77,78,79,80,81,82,83,84,85,86,87,88,89,90,91,92,93,94,95,96,97,98,99,100,101,102,103,104,105,106,107,108
0,0.0,4.4445014,6.9061418,9.8778305,12.8348675,14.538642,17.664043,21.529,23.767836,27.638311,32.74889,35.056473,35.486298,34.37364,29.85383,28.144054,24.545763,23.445524,19.841745,17.465506,17.2932,12.944922,15.458773,19.127209,19.328674,17.06278,21.94002,22.083138,23.73629,23.778202,26.79768,26.29501,32.933743,30.286356,34.767754,36.537884,37.347137,37.200756,32.61096,28.735683,33.586376,29.614681,31.479538,29.319853,27.35907,26.677145,26.710726,24.873236,27.204628,31.56505,33.793785,33.390213,35.877438,38.24633,35.9878,38.893867,37.802914,39.059937,44.00005,41.057503,37.58485,39.439575,36.561867,38.54397,35.715824,40.003273,36.813263,36.91101,31.920576,31.591366,32.587173,30.68055,34.376507,34.52553,36.418156,38.69705,40.361298,44.028477,46.165615,48.63982,44.435413,40.60078,36.995636,34.555023,33.258034,27.859617,25.52375,21.273876,20.614222,17.517023,21.192305,22.962639,20.018383,23.745445,26.553986,27.414682,26.164246,29.111113,32.116207,31.941523,30.743752,29.791351,28.706093,29.76463,27.87615,28.713478,32.012558,31.429504,35.504776
1,4.4445014,0.0,4.802975,6.9120326,9.230109,12.2243595,14.125229,18.89572,20.480652,25.086325,29.663712,32.139618,32.958637,32.010418,27.81432,25.82048,22.672167,21.062922,18.00825,15.04923,16.102877,10.909697,14.820731,18.151041,18.235302,15.136646,19.600216,19.69698,20.711103,21.61294,23.795181,24.186552,30.490269,28.32811,32.71843,34.60116,35.87478,35.550774,31.078587,27.150505,31.520086,27.512257,28.84446,26.399448,25.096788,23.91688,24.559546,22.0842,24.950363,29.24505,31.525604,30.551622,33.63636,35.52038,33.528553,36.47291,34.9057,36.18387,41.012497,37.734577,34.279167,35.886204,33.057198,34.841896,32.280384,36.222805,33.163532,32.894947,27.807257,27.49976,28.259022,26.430975,30.285425,30.442713,32.57793,34.85459,36.767067,40.363186,42.68424,45.195087,41.05641,37.0837,33.65106,31.030558,29.509657,24.415594,21.53568,17.562841,16.53018,13.35029,16.901108,18.594881,15.645163,19.34753,22.126213,23.035679,21.822582,24.725677,27.674538,27.556135,26.444157,25.62955,24.654446,25.565056,24.048624,24.672771,28.170603,27.740877,31.924461
2,6.9061418,4.802975,0.0,5.045687,6.886557,8.255911,11.147321,14.837966,17.081127,20.87319,26.081417,28.202856,28.87862,28.035103,23.53209,22.019499,18.720432,17.756762,14.93288,12.917938,14.15185,10.29584,14.553919,18.254923,19.504719,17.03408,20.959366,19.898663,20.374706,20.680614,22.250834,21.951391,27.69055,24.832298,29.49357,30.960337,32.307503,32.37824,27.842775,24.135187,29.107231,25.702862,26.914797,25.439592,24.700247,23.907536,25.183193,23.20017,26.520466,30.835423,32.518417,31.090532,33.86574,35.236958,32.768814,35.327858,33.720257,34.497734,39.296257,36.17464,32.74098,35.111473,32.752396,34.91074,33.086918,37.062786,34.634106,34.085686,28.93349,27.84293,28.178516,25.726875,29.18694,28.74237,30.589657,32.51242,34.070152,37.78954,39.72361,42.503265,38.6474,34.80894,31.073189,28.957542,27.664467,22.328543,20.343943,16.53824,16.45814,14.115382,17.73057,18.339993,15.498033,20.117596,22.41768,22.12785,21.754541,25.380022,27.693846,26.715977,26.044724,25.427536,23.644815,24.36304,21.865883,22.431234,25.525639,24.72011,28.719294
3,9.8778305,6.9120326,5.045687,0.0,3.7725027,6.1773353,8.60662,12.949808,14.559591,19.378256,23.44084,26.41637,26.735909,25.49223,21.622875,19.156961,16.155245,14.195259,11.308014,8.326879,10.296908,5.769187,10.917838,14.123374,15.520001,13.072651,16.424109,14.985452,15.345204,15.793743,17.419853,17.523367,23.597397,21.520542,25.843262,27.811506,29.211502,28.792719,24.390444,20.478054,24.795546,21.068209,22.239714,20.450163,19.730343,18.884226,20.360796,18.483551,21.997019,26.263178,27.710238,26.14193,28.900982,30.191406,27.774097,30.410248,28.798445,29.74572,34.58696,31.508419,28.049696,30.339384,27.90675,30.22867,28.395765,32.666588,30.453976,30.266348,25.296299,23.728657,24.617886,21.998238,25.17668,25.173635,26.714445,29.058432,30.591599,34.254368,36.447094,38.781395,34.56613,30.736666,27.121855,24.723217,23.523762,18.021513,16.220928,11.939761,12.343128,10.515577,14.4921665,15.140195,14.265816,18.065329,19.72014,19.996508,20.505241,23.355608,25.085453,24.687962,24.87352,24.85691,23.313246,23.324162,21.49349,20.637997,24.207136,22.879429,27.02372
4,12.8348675,9.230109,6.886557,3.7725027,0.0,5.373442,5.102308,10.556644,11.417753,16.811693,20.569983,23.444984,24.301632,23.420422,19.79097,17.386217,15.028076,12.874309,11.240521,8.36144,11.881859,8.049818,13.582268,16.24986,17.697866,14.872571,17.361998,15.604468,14.833534,16.14331,16.194101,17.172157,22.288662,20.43789,24.735964,26.533852,28.491375,28.130463,23.915464,20.19818,24.165062,20.814001,21.206564,19.574497,19.975943,18.70829,21.058865,18.693481,22.753717,26.79391,28.11618,25.819656,29.09017,29.636534,27.39355,29.866768,27.685146,28.409805,33.053543,29.625635,26.22237,28.51508,26.376896,28.540215,27.35219,31.089539,29.249384,28.441763,23.374271,21.609732,21.854826,19.075314,22.339296,21.963947,23.781609,25.882046,27.606417,31.25345,33.47059,36.06516,32.12575,28.16912,24.624172,22.267092,20.834166,15.698487,13.496101,9.948123,10.2851095,9.039418,12.481949,12.265479,11.328686,15.526332,16.918009,16.510818,17.396698,20.597553,22.029133,21.188465,21.55072,21.699043,19.920042,19.748024,17.870049,16.870522,20.458805,19.249563,23.44942
5,14.538642,12.2243595,8.255911,6.1773353,5.373442,0.0,6.0387983,7.2591825,10.129092,13.598364,18.460789,21.033686,21.034733,19.895723,15.636627,13.770688,10.610256,9.715737,7.7656374,7.303471,9.777194,9.004461,13.270623,16.34148,19.06469,17.566252,19.831171,16.971144,16.332174,15.896814,16.109299,15.128981,19.886023,16.74114,21.473488,22.790363,24.430464,24.59222,20.166702,16.693167,21.813545,19.252762,20.044436,19.954752,20.321405,20.061832,22.440401,21.306808,25.200102,29.235994,29.835321,27.632294,29.9112,30.324852,27.31423,29.270096,27.563719,27.690313,32.372925,29.55787,26.220688,29.6168,27.990028,30.757635,30.077032,34.19292,32.914967,32.326782,27.483154,24.927128,25.162096,21.754206,24.133148,23.210182,24.200533,25.961006,26.895779,30.705267,32.308754,35.003395,31.243475,27.668531,23.631363,22.10487,21.327818,15.647066,15.610528,12.177001,14.106309,13.821942,17.184315,16.245398,15.836721,20.294397,21.15449,19.765015,21.51082,25.048647,25.800056,24.268448,25.165533,25.48123,22.992022,22.612196,19.596666,18.335617,21.18539,19.130495,22.895813
6,17.664043,14.125229,11.147321,8.60662,5.102308,6.0387983,0.0,6.71266,6.462633,12.389588,15.733566,18.510668,19.776356,19.285032,16.037863,13.8109255,12.448551,10.392027,10.760585,9.1053295,13.571986,11.57566,16.748554,18.892174,20.85534,18.324865,19.659431,17.09494,15.04953,16.61285,14.624211,16.041613,19.482506,17.679749,21.898817,23.31795,25.908623,25.742985,21.848509,18.601645,22.255104,19.789667,19.24974,18.53033,20.362833,19.06448,22.418213,20.154554,24.650738,28.320057,29.099953,25.980642,29.364307,28.88443,26.577332,28.576008,25.87569,26.039524,30.372988,26.77771,23.525301,26.305296,24.852512,27.088804,27.03763,30.244732,29.24934,27.827269,22.914736,20.405037,19.810955,16.451456,19.223688,18.046934,19.794483,21.418753,23.04848,26.738441,28.75673,31.690496,28.178915,24.232351,20.607388,18.68275,17.245193,12.513265,10.976928,8.996196,10.263429,10.72517,12.9847975,11.029015,10.965564,15.305674,15.7466955,13.782242,16.005512,19.601883,20.020576,18.24282,19.398264,20.027752,17.59484,16.831678,14.417723,12.5815735,15.916584,14.281683,18.426853
7,21.529,18.89572,14.837966,12.949808,10.556644,7.2591825,6.71266,0.0,4.6291785,6.4528313,11.617891,13.783003,14.084537,13.562794,9.539273,8.449932,7.124056,7.3755884,9.301369,10.771588,14.0860405,14.978067,18.86445,21.072798,24.17357,22.836407,23.794342,20.168217,18.06742,17.922512,15.463693,14.800362,16.497314,13.045632,17.694557,18.14844,20.802103,21.446014,17.611698,15.166306,19.81693,18.877716,18.330229,19.797693,22.005722,21.753462,25.279251,24.261597,28.594925,32.116806,32.03071,28.838985,31.161007,30.19188,27.096853,28.270666,25.954737,25.162832,29.284975,26.428026,23.430944,27.602654,27.015205,29.864838,30.678587,34.06604,33.888153,32.57937,28.061394,24.6765,23.910095,19.928417,21.319778,19.239773,19.78547,20.639322,21.095636,24.939945,25.996534,29.226377,26.236353,22.878672,18.67291,18.181738,17.679426,12.878252,14.424061,13.138403,15.833572,17.046219,19.194319,16.640385,17.083258,21.423111,21.22735,18.108349,21.278448,25.110197,24.610834,21.931553,23.782068,24.644423,21.416489,20.349731,16.598198,14.399592,16.236336,13.305422,16.509739
8,23.767836,20.480652,17.081127,14.559591,11.417753,10.129092,6.462633,4.6291785,0.0,7.2054443,9.295855,12.27641,13.631624,13.519374,11.191748,9.226229,9.84554,8.44742,11.516493,11.839912,16.16713,16.287737,20.58554,22.131588,24.734083,22.90628,23.1103,19.658314,16.662727,17.79037,13.779254,15.022653,15.718886,13.943712,17.790186,18.5876,21.909832,22.033937,18.764004,16.4507,19.550316,18.592384,17.010767,17.999378,21.249777,20.343327,24.481073,22.87192,27.486666,30.655718,30.591433,26.788935,29.783566,28.149248,25.602457,26.79327,23.75683,23.016254,26.845251,23.40899,20.50026,24.235945,23.854548,26.371017,27.728245,30.498806,30.668724,28.907562,24.556139,21.012197,19.767061,15.717114,17.022799,14.71015,15.635662,16.475971,17.480738,21.26924,22.790922,26.066914,23.12525,19.443624,15.5775585,14.726135,13.767628,9.855864,10.864972,11.0631075,13.544161,15.505311,16.74645,13.504101,14.967193,18.583483,17.746243,14.2889,18.205032,21.651882,20.559032,17.834558,20.294752,21.605446,18.568026,16.917423,13.954165,10.437409,12.696916,9.580898,13.221708
9,27.638311,25.086325,20.87319,19.378256,16.811693,13.598364,12.389588,6.4528313,7.2054443,0.0,7.6730866,7.8940067,8.527234,9.362737,5.8914146,7.685401,8.929281,10.783111,14.186794,16.529205,19.541615,21.249264,24.738785,26.625402,29.967146,28.860094,29.24577,25.29857,22.636683,22.399323,18.684162,17.884586,16.642023,12.893358,16.857872,15.937448,19.318481,20.71155,17.794325,16.77398,20.836912,21.512415,20.132341,22.922993,26.092121,26.018785,29.995602,29.226166,33.630436,36.781445,36.19832,32.517998,34.615498,32.714157,29.556475,29.957344,27.409988,25.74523,29.110224,26.527838,24.077053,28.85122,29.21688,32.056618,33.988605,36.75576,37.408607,35.612057,31.48457,27.675335,26.133553,21.987764,22.35313,19.229715,19.164976,18.739063,18.368479,22.04486,22.122824,26.005146,24.164183,21.382452,17.245886,18.206358,18.16482,14.94509,17.65548,17.879179,20.694233,22.490072,23.909725,20.599964,21.224892,25.343693,24.537853,20.234814,24.097153,28.082226,26.714739,23.079277,25.465906,26.603725,22.851583,21.432135,17.070068,14.685014,14.7454,11.143803,12.796378
10,32.74889,29.663712,26.081417,23.44084,20.569983,18.460789,15.733566,11.617891,9.295855,7.6730866,0.0,5.5276423,6.2053113,7.1676474,9.002586,8.3863535,12.277839,12.284364,16.92561,18.72927,22.256857,24.107943,27.336378,28.11622,31.18722,30.17187,29.22261,25.139984,21.583376,22.034178,16.51801,17.216421,13.229685,12.312859,14.205855,13.648664,18.034037,18.554686,17.034271,16.77048,18.127548,19.684149,16.850796,20.127392,24.641754,24.341951,28.936445,28.24579,32.642227,35.043507,33.911304,29.553368,31.737564,28.654232,25.980145,25.826534,22.633846,20.471926,23.011728,20.291527,18.40159,23.289244,24.565514,27.292042,30.387602,32.497936,34.173492,32.248924,28.95611,24.480074,22.809078,18.60171,17.414545,13.985033,12.771021,11.803889,10.783655,14.433969,14.637333,18.396284,16.76879,14.152537,10.359836,12.277689,12.718301,11.798424,15.692765,17.635122,20.6682,23.548164,24.00523,20.219109,22.916285,25.500202,23.512701,19.383146,24.405994,27.161768,24.45976,21.234495,24.983532,26.961401,23.74935,21.305397,18.557255,13.954005,13.879152,9.378185,9.960526
11,35.056473,32.139618,28.202856,26.41637,23.444984,21.033686,18.510668,13.783003,12.27641,7.8940067,5.5276423,0.0,5.5389833,8.886002,9.962144,11.904911,15.198683,16.421413,20.724834,22.839973,26.20102,27.9509,31.416061,32.66731,35.842766,34.653835,34.150375,30.15836,26.727299,27.110819,21.901535,22.148144,18.135292,16.10939,18.167637,16.455149,20.713545,22.099792,20.727383,20.899115,22.974474,24.854704,22.250416,25.616865,29.98342,29.678753,34.215042,33.346996,37.83414,40.371174,39.37544,35.009808,37.256138,34.145935,31.45205,31.149525,28.019274,25.654058,27.790737,25.233212,23.630386,28.380728,29.821217,32.297874,35.557323,37.260155,38.930237,36.519638,33.099117,28.96929,26.5977,22.62983,21.738708,17.73021,17.063108,14.976199,13.825598,16.86754,15.9318285,20.616512,20.428772,18.360155,15.131904,17.450651,17.68657,17.12153,20.239525,22.197117,24.84,27.340948,27.732092,23.774767,25.190304,28.367697,26.682404,21.662252,26.275427,29.75689,27.228895,23.042162,26.263851,27.93885,24.19517,22.115099,18.393959,15.219618,13.507915,9.682674,8.43307
12,35.486298,32.958637,28.87862,26.735909,24.301632,21.034733,19.776356,14.084537,13.631624,8.527234,6.2053113,5.5389833,0.0,3.8381155,6.783816,9.08478,12.736074,14.651118,18.943487,21.921875,24.441494,27.375597,29.94707,30.991217,34.627373,34.22988,33.560974,29.126978,26.081041,25.333687,20.696758,19.532757,14.757943,12.054629,13.685389,11.29462,15.418482,17.18061,16.151531,17.086864,19.308184,22.010464,19.851334,24.26602,28.213394,28.661757,32.89447,32.94704,37.10168,39.597935,38.10006,34.11561,35.388397,32.459328,29.195778,28.474447,26.08973,23.365736,25.590654,23.991585,22.453014,28.014421,29.56054,32.6268,35.718174,38.172935,39.95614,38.30305,35.043743,30.474926,28.998692,24.770023,23.361902,19.989523,18.211573,16.830341,14.615001,17.679193,16.33853,20.068235,19.345655,17.931114,14.241113,17.167597,18.284018,16.919537,21.468973,22.683926,26.04149,28.663385,29.602026,25.9863,28.10129,31.239876,29.513794,25.21512,29.978544,33.134834,30.585743,27.07321,30.53199,32.2724,28.687056,26.565966,22.962973,19.339764,18.46264,14.244193,13.65664
13,34.37364,32.010418,28.035103,25.49223,23.420422,19.895723,19.285032,13.562794,13.519374,9.362737,7.1676474,8.886002,3.8381155,0.0,5.611897,6.593159,10.448309,12.316128,16.525446,19.823694,21.874178,25.411207,27.41636,28.224918,32.039062,32.097195,31.279114,26.649137,23.876616,22.49897,18.308174,16.363983,11.441713,8.41073,9.957117,7.686547,11.831476,13.447905,12.326105,13.467419,15.745848,18.692457,16.88258,21.740843,25.338337,26.201574,30.199791,30.776667,34.691063,37.16112,35.428112,31.733173,32.479877,29.803955,26.224648,25.423191,23.502253,20.777016,23.332512,22.181442,20.504314,26.40934,27.807014,31.222158,34.00696,37.010883,38.72421,37.6248,34.443275,29.678782,28.889812,24.557585,23.006466,20.24575,17.998878,17.440372,15.061279,18.24842,17.304583,20.139593,18.485582,17.151546,13.118147,15.920327,17.454876,15.366672,20.635345,21.303139,25.044678,27.72773,28.989685,25.695162,28.372923,31.33831,29.602951,25.964796,30.773188,33.595455,31.116674,28.212622,31.801197,33.598446,30.249617,28.075422,24.77105,20.729584,20.635416,16.216991,16.38029
14,29.85383,27.81432,23.53209,21.622875,19.79097,15.636627,16.037863,9.539273,11.191748,5.8914146,9.002586,9.962144,6.783816,5.611897,0.0,5.038708,6.75414,10.082148,13.4833555,17.09772,18.89426,22.249704,24.503096,26.07894,30.002644,29.8914,29.97031,25.496271,23.24973,21.637558,18.549896,15.955961,13.750964,8.721904,12.551331,10.889193,13.828186,15.789134,13.086235,13.04477,17.531477,19.280552,18.426744,22.51364,25.265755,26.097517,29.744152,30.082335,34.072987,37.08583,35.86424,32.55969,33.52705,31.712957,27.95368,27.80209,26.078474,23.964748,27.270725,25.736784,23.49063,29.07848,29.722443,33.122204,35.080746,38.46942,39.423126,38.33363,34.543232,30.229567,29.464926,25.126528,24.669987,21.984455,20.709366,20.547184,19.0768,22.611727,22.130653,25.287256,23.24527,21.233683,16.87737,18.602736,19.509806,15.954003,20.315918,19.997269,23.566565,25.592709,27.419449,24.420181,25.966063,29.756836,28.722372,25.046453,29.193338,32.68388,31.029026,27.936071,30.756561,32.079414,28.510971,26.89654,22.864824,19.872683,20.074692,16.026031,17.07354
15,28.144054,25.82048,22.019499,19.156961,17.386217,13.770688,13.8109255,8.449932,9.226229,7.685401,8.3863535,11.904911,9.08478,6.593159,5.038708,0.0,4.455051,5.8000665,9.992454,13.291737,15.42123,18.838305,20.943806,21.989067,25.788029,25.777157,25.389935,20.814537,18.447138,16.864922,13.56002,11.188222,9.4993925,5.319663,9.588627,9.7365055,12.779904,13.467386,10.335767,9.347094,13.312613,14.5015,13.549756,17.486507,20.317844,21.140924,24.864952,25.324137,29.254652,32.147705,30.847206,27.541866,28.529316,26.788103,23.069475,23.165081,21.387886,19.60387,23.341488,21.640768,19.116661,24.626812,25.013311,28.561138,30.283022,33.97635,34.886715,34.19806,30.562994,26.075455,25.930859,21.570189,21.005615,19.015522,17.520655,18.296824,17.14773,20.82531,21.210003,23.648527,20.561878,18.166775,13.662615,14.66361,15.667704,11.461286,16.374708,15.836913,19.741678,22.084435,23.9274,21.168114,23.798243,26.943989,25.671467,22.834616,27.18988,29.990362,28.229828,25.958378,29.11811,30.681553,27.618647,25.720032,22.606728,18.665884,19.889915,15.68119,17.54243
16,24.545763,22.672167,18.720432,16.155245,15.028076,10.610256,12.448551,7.124056,9.84554,8.929281,12.277839,15.198683,12.736074,10.448309,6.75414,4.455051,0.0,4.5502596,6.809151,10.845381,12.147916,15.913393,17.774115,19.434744,23.451138,23.624632,24.011627,19.55327,18.027246,15.766568,14.228002,10.735458,11.975051,6.8792696,11.940022,12.412793,14.19429,15.013501,10.889917,8.813935,14.595946,14.705984,15.029634,18.237436,19.85416,20.91994,24.017109,24.614784,28.360868,31.670738,30.687922,27.988995,28.795029,27.978947,24.052485,24.610481,23.358269,22.10246,26.303034,24.673048,21.855051,27.052513,26.799324,30.3985,31.264845,35.46822,35.733795,35.363758,31.377045,27.278076,27.508108,23.276075,23.471441,21.874664,20.898014,22.065832,21.321072,25.056068,25.62457,27.994356,24.611069,22.04764,17.559765,17.85466,18.54279,13.312232,17.34629,15.531394,19.329428,20.997667,23.523108,21.344639,23.237371,26.872913,26.216097,23.807009,27.500765,30.576418,29.535997,27.468895,30.01984,31.208338,28.17642,26.73598,23.342129,20.196486,21.833958,18.052668,20.456003
17,23.445524,21.062922,17.756762,14.195259,12.874309,9.715737,10.392027,7.3755884,8.44742,10.783111,12.284364,16.421413,14.651118,12.316128,10.082148,5.8000665,4.5502596,0.0,4.7619443,7.530888,10.054951,13.158731,15.377721,16.461996,20.117895,20.018934,19.918787,15.448684,13.557639,11.883997,9.858195,7.5307603,10.242271,7.6050234,11.933841,13.760114,15.797538,15.449262,11.462261,8.364858,12.734825,11.630054,11.669125,13.988707,15.859961,16.545832,19.92666,20.243517,24.13181,27.36508,26.500196,23.620789,24.877588,24.067833,20.443686,21.454996,19.84741,19.120695,23.621672,21.526312,18.441824,23.180332,22.575758,26.126215,26.763487,31.062899,31.227282,31.037811,27.13602,22.996056,23.65162,19.504885,19.823217,18.862995,18.04099,19.941578,19.754925,23.481844,24.815725,26.763845,22.729723,19.727482,15.427362,14.737478,15.17094,9.384946,13.329932,11.289639,15.322424,17.329817,19.737303,17.745996,20.614565,23.56235,22.685795,21.026394,24.82965,27.266117,26.159607,24.798954,27.573294,28.96499,26.429905,24.754719,22.284351,18.444153,20.876732,17.216896,20.180729
18,19.841745,18.00825,14.93288,11.308014,11.240521,7.7656374,10.760585,9.301369,11.516493,14.186794,16.92561,20.724834,18.943487,16.525446,13.4833555,9.992454,6.809151,4.7619443,0.0,4.6824617,5.536028,9.489903,11.064238,12.792955,16.724443,17.035034,17.814693,13.579596,13.094279,10.404648,11.3065405,7.9101667,13.478839,10.649021,14.93041,17.008333,17.993265,17.557901,13.090884,9.246291,14.500887,12.123393,13.7129345,14.928983,14.976101,16.026123,18.369957,19.013023,22.475346,26.128931,25.611397,23.612963,24.521069,24.881845,21.145298,22.669865,21.777102,21.676044,26.50333,24.629326,21.390158,25.627853,24.327225,27.87738,27.455961,32.354465,31.79785,32.156647,28.050741,24.421825,25.695019,21.88165,22.850163,22.470148,22.002394,24.26859,24.32763,28.01788,29.508123,31.239403,26.897738,23.881147,19.742981,18.540491,18.775776,12.605369,15.3011,11.754823,15.413171,16.519394,19.726149,18.693174,20.95919,24.081903,23.853058,23.013283,26.016659,28.428541,28.079971,27.20864,29.38288,30.419168,28.132265,26.894148,24.464182,21.340399,24.16624,20.950989,24.248999
19,17.465506,15.04923,12.917938,8.326879,8.36144,7.303471,9.1053295,10.771588,11.839912,16.529205,18.72927,22.839973,21.921875,19.823694,17.09772,13.291737,10.845381,7.530888,4.6824617,0.0,5.1120186,5.7320094,8.851391,10.424,13.467533,12.848346,13.830584,10.132087,9.777204,8.602583,10.045847,9.203765,15.650134,14.367289,18.130003,20.696093,21.96883,20.990929,16.814503,12.773946,16.493082,12.828317,14.158766,13.33871,13.041192,13.147976,15.440094,15.136736,18.837715,22.705172,22.842669,20.861193,22.672247,23.407677,20.341629,22.579262,21.27446,21.935993,26.875446,24.383686,20.957289,24.1554,22.195658,25.360006,24.265574,29.168966,28.058662,28.495564,24.222258,21.076967,22.70015,19.301859,20.999355,21.260323,21.477823,24.2197,25.02826,28.634071,30.751091,32.362724,27.721233,24.26992,20.539516,18.359068,17.962759,11.838815,12.7035265,8.244031,11.401245,12.161484,15.595257,15.230253,17.750444,20.362303,20.372404,20.492226,23.005396,24.946941,25.036776,24.875284,26.764675,27.732998,26.005947,24.862139,23.262972,20.187479,23.689875,21.0386,24.826761
20,17.2932,16.102877,14.15185,10.296908,11.881859,9.777194,13.571986,14.0860405,16.16713,19.541615,22.256857,26.20102,24.441494,21.874178,18.89426,15.42123,12.147916,10.054951,5.536028,5.1120186,0.0,6.2726617,5.661921,7.8767796,12.004377,13.11117,14.658047,11.031517,12.449529,8.934516,12.994442,9.739232,17.095442,15.153378,18.765528,21.35813,21.549545,20.624186,16.254822,12.170356,16.700928,12.976823,15.777,15.511463,13.435059,14.806417,15.65972,16.802038,19.474657,23.4265,23.288124,22.407354,22.8991,24.595226,21.014545,23.150965,22.983124,23.683058,28.723736,27.052979,23.740091,27.202257,25.152378,28.61123,26.987482,32.507206,31.21737,32.37115,28.324997,25.26629,27.413874,24.113605,25.515854,25.96324,25.702763,28.494286,28.837214,32.401463,34.24256,35.51811,30.71242,27.678997,23.87483,22.042336,22.128727,15.967111,17.560093,12.982473,15.9305935,16.173044,19.924314,20.092722,22.274454,24.931015,25.172472,25.559416,27.817898,29.700861,29.978844,29.973713,31.727552,32.544067,30.801151,29.834963,27.950405,25.141312,28.45242,25.621752,29.208012
21,12.944922,10.909697,10.29584,5.769187,8.049818,9.004461,11.57566,14.978067,16.287737,21.249264,24.107943,27.9509,27.375597,25.411207,22.249704,18.838305,15.913393,13.158731,9.489903,5.7320094,6.2726617,0.0,5.6708813,8.388759,10.211588,8.925069,11.900729,10.007347,11.517285,10.882193,14.305742,13.909108,21.061115,19.827555,23.532635,26.178782,27.044477,26.003426,21.754742,17.610106,21.239767,16.865833,18.78842,16.61923,14.71551,14.456201,15.21996,14.3884325,17.41968,21.728853,22.80915,21.837294,23.841627,25.745384,23.158674,25.963705,25.001547,26.30965,31.311604,28.73956,25.282238,27.541224,24.857779,27.574877,25.24899,30.35577,28.221807,29.069256,24.61066,22.555061,24.618702,21.954449,24.47555,25.250092,26.053879,28.998232,30.225418,33.762302,36.132538,37.688995,32.893185,29.310701,25.842987,23.214895,22.452974,16.666592,15.824024,10.806518,12.148551,11.138181,15.248006,16.34791,17.740364,20.186853,21.129183,22.349298,23.584692,25.302975,26.451311,26.933813,27.93116,28.410456,27.223488,26.655815,25.447676,23.314613,27.138922,25.17281,29.236437
22,15.458773,14.820731,14.553919,10.917838,13.582268,13.270623,16.748554,18.86445,20.58554,24.738785,27.336378,31.416061,29.94707,27.41636,24.503096,20.943806,17.774115,15.377721,11.064238,8.851391,5.661921,5.6708813,0.0,4.245445,7.41159,9.17154,11.877016,9.917636,13.075547,10.205457,15.862618,13.823913,21.661964,20.533684,23.701584,26.628773,26.557476,25.247786,21.135098,17.077765,20.568577,15.99255,19.122904,17.283709,13.631538,14.711827,13.894807,15.008651,16.69128,20.884514,21.470694,21.71145,22.201885,25.111055,22.118565,24.873028,25.05976,26.53151,31.59614,29.87108,26.551323,28.99644,26.234917,29.329462,26.51786,32.35665,30.246058,32.057648,28.122856,25.865099,28.691654,26.04458,27.945362,29.100462,29.210016,32.39653,33.147465,36.580334,38.81908,39.795902,34.66968,31.519497,28.095373,25.659807,25.451855,19.594303,19.902052,14.89957,16.720535,16.031658,19.979904,21.32718,23.317207,25.319433,26.031075,27.600937,29.044836,30.317719,31.24514,32.08737,33.368603,33.96039,32.841084,32.141277,30.91776,28.432688,32.166862,29.7915,33.65304
23,19.127209,18.151041,18.254923,14.123374,16.24986,16.34148,18.892174,21.072798,22.131588,26.625402,28.11622,32.66731,30.991217,28.224918,26.07894,21.989067,19.434744,16.461996,12.792955,10.424,7.8767796,8.388759,4.245445,0.0,4.7153,8.191508,9.258997,7.24587,11.217148,7.957489,14.521776,12.978991,20.843348,20.894676,23.260742,26.671637,26.491266,24.579908,20.948698,17.008812,19.077354,14.04347,17.370348,14.914996,10.302752,11.784103,10.103076,12.278289,13.2983055,17.2557,17.50568,18.21385,18.206213,21.56742,18.757845,21.723366,22.27782,24.153913,29.13806,27.667053,24.480873,26.523418,23.593016,26.751766,23.636,29.82084,27.837355,30.27271,26.861462,24.435549,27.906078,25.458672,26.930614,28.65135,28.425716,31.953194,32.666958,35.863575,38.329628,38.737247,33.30506,30.328869,27.291138,24.615921,24.580927,19.143587,19.689083,14.949297,16.870916,16.73543,20.246696,21.757553,24.870424,25.986736,26.231577,28.376894,30.141218,30.648027,31.194149,32.63369,34.34528,35.24061,34.437336,33.401382,32.761566,29.612299,33.504772,30.977682,34.76814
24,19.328674,18.235302,19.504719,15.520001,17.697866,19.06469,20.85534,24.17357,24.734083,29.967146,31.18722,35.842766,34.627373,32.039062,30.002644,25.788029,23.451138,20.117895,16.724443,13.467533,12.004377,10.211588,7.41159,4.7153,0.0,5.095661,6.5394917,7.4389515,11.890653,10.647897,16.69327,16.703043,24.33666,25.0154,27.204798,30.782125,30.82671,28.688944,25.257933,21.326252,22.612833,17.282604,20.116583,16.355165,11.522874,11.871207,8.992649,10.215973,10.23512,14.36258,15.665654,17.082449,17.788206,21.76975,19.93598,23.376392,23.712706,26.173956,30.99292,29.18721,26.05996,26.999697,23.522675,26.096926,22.051044,28.188871,25.498802,28.357702,25.148144,23.528975,27.425903,25.657087,27.550886,29.808208,30.018772,33.77827,34.950863,37.98851,40.842457,41.105278,35.548435,32.394802,29.767937,26.58376,26.17095,21.272676,20.596087,15.998752,16.815342,16.133606,19.339445,21.689512,24.807735,25.105865,25.583328,28.683153,29.845201,29.673227,30.642912,32.818447,34.206253,34.999176,34.78745,33.87849,33.951603,30.966253,35.15854,33.065426,37.04162
25,17.06278,15.136646,17.03408,13.072651,14.872571,17.566252,18.324865,22.836407,22.90628,28.860094,30.17187,34.653835,34.22988,32.097195,29.8914,25.777157,23.624632,20.018934,17.035034,12.848346,13.11117,8.925069,9.17154,8.191508,5.095661,0.0,5.199231,7.6629076,10.946451,12.077155,16.507675,18.03907,25.305872,26.00066,28.581873,32.00423,32.729805,30.761377,27.176317,23.09901,24.498283,19.179493,21.075743,16.631584,13.222045,11.956359,10.494304,8.74789,10.171477,14.555729,16.880356,17.23433,19.738438,22.923977,21.703218,25.313433,24.614052,27.118582,31.874144,29.248081,26.004005,26.3792,22.706388,24.69381,20.599667,26.080942,22.906874,25.100498,21.414606,20.470182,24.015745,22.625902,25.273472,27.507238,28.467031,32.138527,33.865208,36.925022,40.02148,40.698334,35.353153,31.784683,29.263458,25.733799,24.733158,20.127914,17.988403,13.503413,13.1611395,11.781921,14.909139,17.770334,20.463707,20.483032,21.331367,24.813766,25.404007,25.14073,26.59872,28.940405,29.887562,30.511393,30.613794,29.902647,30.396389,27.810562,32.179188,30.627062,34.796318
26,21.94002,19.600216,20.959366,16.424109,17.361998,19.831171,19.659431,23.794342,23.1103,29.24577,29.22261,34.150375,33.560974,31.279114,29.97031,25.389935,24.011627,19.918787,17.814693,13.830584,14.658047,11.900729,11.877016,9.258997,6.5394917,5.199231,0.0,4.9416656,8.000937,10.08064,13.955478,16.566313,23.178463,25.11499,26.8763,30.65393,31.505873,29.029171,26.024288,22.207243,22.08858,16.692621,18.144064,12.919727,9.52646,7.6185856,5.940583,3.858253,5.591286,9.949232,11.96224,12.047638,14.905678,17.973625,17.285774,21.075447,20.29218,23.180046,27.709059,25.155445,22.099968,21.912264,18.081493,20.11833,15.856872,21.767338,19.027288,21.853594,18.87729,17.362782,21.646467,20.396591,22.350155,25.184711,25.71952,29.697124,31.376225,34.12206,37.44725,37.547413,31.988829,28.603123,26.593027,22.835333,21.99649,18.137243,16.377743,12.661776,12.723875,12.745223,14.87959,17.38369,21.725405,20.74825,20.643402,24.468044,25.821877,24.697304,25.295403,28.17547,29.89487,31.033207,31.324226,30.06062,31.120277,27.600191,31.998867,30.192211,34.15652
27,22.083138,19.69698,19.898663,14.985452,15.604468,16.971144,17.09494,20.168217,19.658314,25.29857,25.139984,30.15836,29.126978,26.649137,25.496271,20.814537,19.55327,15.448684,13.579596,10.132087,11.031517,10.007347,9.917636,7.24587,7.4389515,7.6629076,4.9416656,0.0,4.571136,5.186769,9.651208,11.625185,18.398209,20.231993,21.976751,25.743929,26.571888,24.148495,21.097319,17.29802,17.3419,11.969594,13.639639,9.191065,5.847497,5.0242476,5.5152845,6.0042367,8.898037,12.668036,12.996315,12.039546,14.014916,16.265852,14.419475,17.869099,17.138475,19.521559,24.338142,22.04097,18.824848,19.92599,16.703598,19.627642,16.682453,22.703247,21.043198,23.332668,20.19161,17.429228,21.27131,19.098919,20.415258,22.76133,22.709204,26.577488,27.786566,30.698507,33.71204,33.87838,28.329203,25.072573,22.660276,19.273994,18.866245,14.355342,14.097851,10.128824,11.857427,12.8760805,15.356579,16.710207,21.424631,21.296412,20.74884,23.466082,25.70949,25.291523,25.220104,27.294619,29.559017,30.915432,30.553385,29.024332,29.406786,25.444868,29.586864,27.22855,31.010654
28,23.73629,20.711103,20.374706,15.345204,14.833534,16.332174,15.04953,18.06742,16.662727,22.636683,21.583376,26.727299,26.081041,23.876616,23.24973,18.447138,18.027246,13.557639,13.094279,9.777204,12.449529,11.517285,13.075547,11.217148,11.890653,10.946451,8.000937,4.571136,0.0,5.912597,6.1383724,10.521837,15.931157,18.41365,19.995625,23.6767,25.222084,22.812214,20.026205,16.473104,15.86758,11.034977,11.127916,6.2008176,6.541784,4.02885,8.093626,6.9114656,11.139746,14.160415,14.153375,11.304922,14.511111,14.984543,13.389199,16.571537,14.619471,16.753893,21.462387,18.498589,15.163513,16.35019,13.426719,16.425562,14.644183,20.077314,19.144815,20.616566,17.384138,13.852427,17.337217,14.82794,15.901922,18.212715,18.205687,22.10236,23.507807,26.37873,29.545298,29.852318,24.43008,20.93398,18.654263,15.018327,14.379845,10.240378,9.900364,6.8147473,9.1351795,11.43689,13.117892,13.555394,19.161463,18.796385,17.58039,19.89427,22.796919,22.31493,21.580645,23.475227,26.24025,27.918991,27.464024,25.576763,26.193274,21.696085,25.788614,23.387098,27.061277
29,23.778202,21.61294,20.680614,15.793743,16.14331,15.896814,16.61285,17.922512,17.79037,22.399323,22.034178,27.110819,25.333687,22.49897,21.637558,16.864922,15.766568,11.883997,10.404648,8.602583,8.934516,10.882193,10.205457,7.957489,10.647897,12.077155,10.08064,5.186769,5.912597,0.0,6.950737,6.6448193,13.785583,15.4913,17.037539,20.850206,21.442837,19.013695,15.962556,12.24709,12.433032,7.1121264,9.577736,7.350058,4.6664033,6.60575,8.348701,10.588062,13.221028,16.334076,15.293767,13.869267,14.324232,15.694734,12.44804,15.14754,14.86504,16.454472,21.49211,19.837906,16.622747,19.312504,17.0183,20.723356,19.103756,25.02859,24.369976,26.31823,23.28304,19.579252,22.87621,19.912891,20.311895,22.02167,21.108192,24.731503,25.207094,28.232697,30.772085,30.886385,25.379513,22.486073,19.628786,16.966213,17.302473,12.237985,14.2972145,10.691098,13.94407,15.685476,18.232674,18.462975,23.238506,23.892054,22.958746,24.484356,27.539354,27.758879,27.035957,28.27309,31.04795,32.590206,31.582848,29.815165,29.437069,25.083399,28.773802,25.763706,29.189898
30,26.79768,23.795181,22.250834,17.419853,16.194101,16.109299,14.624211,15.463693,13.779254,18.684162,16.51801,21.901535,20.696758,18.308174,18.549896,13.56002,14.228002,9.858195,11.3065405,10.045847,12.994442,14.305742,15.862618,14.521776,16.69327,16.507675,13.955478,9.651208,6.1383724,6.950737,0.0,6.71496,10.011347,13.19141,14.298812,17.928102,19.905083,17.534466,15.133539,12.161064,10.898331,7.430491,5.8326125,4.3459454,8.341365,7.9774714,12.498875,12.735239,16.566095,18.915508,17.678852,14.056773,16.091131,14.760686,12.067109,14.01593,11.567762,12.400203,17.232172,14.484098,11.043234,14.429286,13.090142,16.86208,17.247747,21.994846,22.485722,23.221395,20.2807,15.631072,18.000767,14.471009,14.030065,15.3759985,14.173744,17.796993,18.416296,21.428886,24.179497,24.524374,19.186676,15.8889475,13.078297,10.101201,10.394508,5.6901865,9.28094,8.016549,11.904692,15.061604,16.385807,15.153236,20.858452,21.237488,19.362675,19.958664,24.023903,24.219643,22.443497,23.198587,26.75434,28.767923,27.570679,25.25405,25.142464,19.929852,23.363827,20.162607,23.290789
31,26.29501,24.186552,21.951391,17.523367,17.172157,15.128981,16.041613,14.800362,15.022653,17.884586,17.216421,22.148144,19.532757,16.363983,15.955961,11.188222,10.735458,7.5307603,7.9101667,9.203765,9.739232,13.909108,13.823913,12.978991,16.703043,18.03907,16.566313,11.625185,10.521837,6.6448193,6.71496,0.0,7.91722,8.930348,10.590757,14.245414,15.009774,12.904484,9.605831,5.9985275,7.3581734,4.2995076,6.4471655,9.085932,9.744624,11.856793,14.597128,16.670746,19.636044,22.348011,20.61159,18.379875,18.211777,17.929626,13.744971,14.856383,14.46087,14.364081,19.296597,18.192076,15.161528,19.798286,18.8948,23.004185,23.074703,28.325813,28.669447,29.80574,26.737385,22.282349,24.490677,20.737267,20.214895,20.740393,18.960535,21.88337,21.42056,24.625237,26.402975,26.80903,21.730608,19.265417,15.696512,14.399669,15.5817585,10.287875,14.923359,12.469461,16.680403,19.006529,21.360184,20.272964,24.748362,26.302902,25.002476,24.915585,28.800102,29.869526,28.460787,28.49231,31.738138,33.444798,31.645786,29.651413,28.317675,23.693882,26.601208,22.899054,25.727186
32,32.933743,30.490269,27.69055,23.597397,22.288662,19.886023,19.482506,16.497314,15.718886,16.642023,13.229685,18.135292,14.757943,11.441713,13.750964,9.4993925,11.975051,10.242271,13.478839,15.650134,17.095442,21.061115,21.661964,20.843348,24.33666,25.305872,23.178463,18.398209,15.931157,13.785583,10.011347,7.91722,0.0,6.3803325,4.6298614,8.437967,10.690034,8.383412,7.51122,7.487715,4.950428,8.135669,6.055701,11.998473,15.329395,16.912542,20.54638,22.300335,25.453493,27.336975,24.910625,21.633076,21.376022,18.91289,14.946798,14.178754,12.981954,10.75098,14.623717,14.159371,12.005894,18.152802,19.052498,23.169622,25.236637,29.37167,31.096577,31.515234,29.065624,23.92106,25.169916,21.132608,18.988802,18.587053,15.412677,17.446644,15.690919,18.563055,19.62354,19.748034,15.131811,13.587145,9.958114,10.798875,13.222676,10.385716,16.758556,16.63316,20.850986,23.972477,25.35683,23.120525,27.985708,29.380533,27.252527,25.972452,30.8205,31.91401,29.346596,28.629585,32.7093,34.868256,32.696594,30.163303,28.69699,23.355612,25.231096,20.973547,22.61006
33,30.286356,28.32811,24.832298,21.520542,20.43789,16.74114,17.679749,13.045632,13.943712,12.893358,12.312859,16.10939,12.054629,8.41073,8.721904,5.319663,6.8792696,7.6050234,10.649021,14.367289,15.153378,19.827555,20.533684,20.894676,25.0154,26.00066,25.11499,20.231993,18.41365,15.4913,13.19141,8.930348,6.3803325,0.0,5.0777283,6.3744454,8.30187,8.401972,5.05467,5.057654,9.016505,11.365725,11.225074,16.313349,18.495445,20.261549,23.476639,25.09024,28.42292,31.027538,29.086414,26.275545,26.051882,24.510279,20.255964,19.856165,19.110092,17.115274,20.909893,20.348171,18.042255,24.004747,24.500565,28.4994,30.055641,34.34267,35.46424,35.572613,32.38877,27.60722,28.334515,24.05415,22.853073,21.617489,19.237513,20.532402,18.772577,22.085752,22.378561,23.693624,20.049967,18.387173,14.132337,15.33637,17.127283,12.974257,18.77527,17.76988,22.035355,24.508713,26.562717,24.266127,27.709232,30.330147,28.8719,26.823103,31.272642,33.455894,31.518328,29.93945,33.38931,35.10733,32.34219,30.293272,27.626505,23.282467,24.748425,20.43829,22.0952
34,34.767754,32.71843,29.49357,25.843262,24.735964,21.473488,21.898817,17.694557,17.790186,16.857872,14.205855,18.167637,13.685389,9.957117,12.551331,9.588627,11.940022,11.933841,14.93041,18.130003,18.765528,23.532635,23.701584,23.260742,27.204798,28.581873,26.8763,21.976751,19.995625,17.037539,14.298812,10.590757,4.6298614,5.0777283,0.0,4.3081856,6.1145744,4.564268,4.6316357,7.0938363,6.603294,11.098741,10.311387,16.358059,18.9307,21.002222,24.196487,26.368557,29.328468,31.313168,28.720856,25.844242,24.891413,22.686169,18.409527,17.087355,16.76623,14.094977,17.235353,17.731173,16.082819,22.39148,23.53523,27.671448,29.77842,33.94625,35.71423,36.119995,33.59128,28.473488,29.483082,25.341455,23.190098,22.276854,18.993723,20.297714,17.850382,20.578661,20.659197,20.938042,17.17829,16.478855,12.879412,14.773614,17.279646,14.485135,20.835117,20.46146,24.754108,27.637865,29.302996,26.971903,31.246357,33.19201,31.245434,29.458742,34.283325,35.854343,33.34948,32.124977,36.087357,38.12197,35.572304,33.175156,31.028704,26.08045,27.40343,22.965368,24.093952
35,36.537884,34.60116,30.960337,27.811506,26.533852,22.790363,23.31795,18.14844,18.5876,15.937448,13.648664,16.455149,11.29462,7.686547,10.889193,9.7365055,12.412793,13.760114,17.008333,20.696093,21.35813,26.178782,26.628773,26.671637,30.782125,32.00423,30.65393,25.743929,23.6767,20.850206,17.928102,14.245414,8.437967,6.3744454,4.3081856,0.0,4.6139836,6.047317,6.715816,9.875209,10.870525,15.292549,14.413222,20.364668,23.073933,25.011625,28.30239,30.247005,33.387814,35.495174,32.994587,30.005198,29.191292,26.827246,22.64645,21.138535,20.660599,17.671274,20.177294,20.715206,19.35456,25.738884,27.18807,31.169975,33.61353,37.44695,39.33425,39.32891,36.655014,31.561277,31.991186,27.737309,25.583294,23.97017,20.74847,21.209105,18.307667,20.954803,20.148706,21.037128,18.381311,18.083223,14.4674635,17.191538,19.610252,17.170263,23.398949,23.287334,27.509504,30.302221,31.947515,29.28184,32.9595,35.376286,33.49947,30.989489,35.858906,37.932148,35.371197,33.4826,37.362316,39.313747,36.381187,34.069317,31.339039,26.769163,27.412275,22.911182,23.424524
36,37.347137,35.87478,32.307503,29.211502,28.491375,24.430464,25.908623,20.802103,21.909832,19.318481,18.034037,20.713545,15.418482,11.831476,13.828186,12.779904,14.19429,15.797538,17.993265,21.96883,21.549545,27.044477,26.557476,26.491266,30.82671,32.729805,31.505873,26.571888,25.222084,21.442837,19.905083,15.009774,10.690034,8.30187,6.1145744,4.6139836,0.0,4.034604,5.580739,9.670624,11.102555,15.633572,15.960023,21.932682,23.59556,26.175571,28.775648,31.453241,34.10372,36.206665,33.466232,31.156414,29.416355,27.704622,23.147984,21.477394,22.09476,19.323523,21.902287,23.246487,21.926554,28.253078,29.447714,33.64815,35.587543,39.95224,41.6461,42.18491,39.5538,34.501736,35.449257,31.244505,29.199154,27.99389,24.729706,25.535461,22.663607,25.172466,24.369385,24.722609,21.837263,21.829447,18.40373,20.754238,23.252369,20.284653,26.496485,25.697313,30.021177,32.576527,34.60848,32.339928,35.990158,38.478188,36.796127,34.68655,39.358425,41.377224,39.05322,37.447887,41.192867,43.041027,40.158344,37.98133,35.163643,30.763191,31.627684,27.157072,27.867174
