,0,1,2,3,4,5,6,7,8,9,10,11,12,13,14,15,16,17,18,19,20,21,22,23,24,25,26,27,28,29,30,31,32,33,34,35,36,37,38,39,40,41,42,43,44,45,46,47,48,49,50,51,52,53,54,55,56,57,58,59,60,61,62,63,64,65,66,67,68,69,70,71,72,73,74,75,76,77,78,79,80,81,82,83,84,85,86,87,88,89,90,91,92,93,94,95,96,97,98,99,100,101,102,103,104,105,106,107,108,109,110
0,0.0,4.250311,6.665946,9.965642,12.480856,15.516918,18.459238,22.82052,25.891605,28.9396,33.08152,35.058655,32.954178,30.943136,26.394274,25.407642,20.461964,19.338804,16.628656,13.738468,13.687924,9.486025,12.997423,15.495635,14.311865,14.480613,18.390263,18.807247,16.589489,19.198761,17.962946,23.2974,25.230316,30.154797,30.093273,33.76828,35.92724,33.368546,31.672813,28.819489,25.096157,21.872948,19.582361,15.468719,16.487635,15.747071,17.94696,18.300943,21.150131,24.369764,26.37766,30.17142,32.611423,35.44971,32.33006,35.356304,31.900707,32.041916,34.678776,37.159695,34.124493,37.72507,33.874653,35.63158,34.85448,34.812366,37.59952,34.782654,35.333355,31.562922,27.66928,29.347511,29.378984,29.866484,31.386217,29.323296,32.747864,32.795673,33.813766,36.65318,34.110474,30.751345,29.272924,27.042585,27.18353,24.535702,25.484592,23.08008,22.128319,22.10083,22.475979,19.859713,23.845484,23.225008,28.016565,27.350832,28.863165,27.37775,29.086296,25.543875,27.641777,26.205902,28.167707,31.846594,32.90107,30.899662,32.977695,29.23245,32.516254,30.678022,35.31054
1,4.250311,0.0,5.3310957,6.6428313,8.89895,12.686626,14.829314,19.830894,22.355255,25.682932,29.721926,31.80492,30.079664,28.047039,23.692463,22.194414,17.627607,15.83419,13.66407,9.993481,10.410529,7.109784,10.983823,12.573893,11.92201,11.520118,14.815336,14.797296,12.488858,15.017425,14.168079,19.383326,22.136223,26.695599,27.001816,30.731163,32.746414,30.26505,28.187382,25.063086,21.764599,18.034273,16.014578,11.451101,12.268325,11.68804,14.112653,14.9973955,17.881458,21.099987,22.767485,26.76214,28.912626,31.798315,28.685379,31.829102,28.241385,28.658157,31.2628,33.450512,30.345594,33.72331,29.793072,31.433668,30.733541,30.595903,33.445385,30.662931,31.411774,27.620537,23.554642,25.176697,25.129204,25.730429,27.250902,25.337345,28.89664,29.108908,30.359186,33.24867,30.983578,27.457373,26.002718,23.526983,23.310461,20.722315,21.320269,18.883228,17.917793,18.09786,18.52056,15.908071,20.190968,19.8273,24.679245,24.27733,25.80918,23.899351,25.521082,21.640347,23.880707,22.110075,24.30431,28.190487,28.969322,26.85249,29.063915,25.186722,28.620613,26.884586,31.54398
2,6.665946,5.3310957,0.0,5.384382,7.1319456,9.355042,12.755161,16.39306,19.918386,22.606323,26.958578,28.704073,26.42558,24.577976,19.888638,19.314207,14.326352,13.635834,11.592684,9.594101,11.284273,8.086433,13.467698,15.6338005,16.451366,16.168446,18.616383,17.687456,13.602228,15.135057,13.048861,18.0135,18.889832,24.134102,23.64747,27.330267,29.495888,26.935732,25.537703,23.092522,18.97343,16.57075,13.742778,10.897436,13.665842,14.069247,17.399462,18.612968,21.032341,24.300724,25.407164,29.676075,31.702782,34.153236,30.492487,33.172577,29.003355,29.166174,31.14069,33.52239,30.248638,34.222527,30.699944,32.3219,32.635002,31.97134,35.216503,32.416264,33.971577,29.85091,25.408955,27.016474,26.009125,27.164488,27.320616,25.613638,28.518812,28.064882,29.034012,31.552532,28.968306,25.830124,23.60163,21.81911,22.191048,20.199215,21.280424,20.404888,19.568453,20.64949,20.462967,16.555689,20.552248,19.089212,24.383183,22.611986,23.482357,22.06827,24.36845,21.06108,23.946636,22.820084,25.693249,29.881124,29.88927,27.585375,28.680162,24.59847,27.452772,25.122448,29.633144
3,9.965642,6.6428313,5.384382,0.0,3.8248885,6.340898,9.220673,13.646659,16.222471,19.611961,23.310183,25.612328,23.823513,21.563097,17.406166,15.679446,11.089226,9.481115,7.1802063,4.2468824,6.4027634,5.2152014,10.331161,11.631216,13.79557,13.686386,15.02727,13.825033,8.522666,10.6209135,8.145779,13.937135,15.803497,20.351688,20.851835,24.397139,26.75786,24.617891,22.415989,19.421888,16.521215,13.176379,10.214199,6.574735,9.946253,9.551919,13.4147835,14.5841875,16.564178,19.766155,20.50182,24.863775,26.863178,29.049168,25.23509,27.851582,23.628624,23.886963,25.916142,28.201595,24.954733,28.92144,25.459333,27.310709,27.8399,27.459637,30.820366,28.386612,30.13328,26.350378,21.5418,22.523035,21.453568,22.109247,22.276657,20.319107,23.311632,23.068295,24.160954,26.886795,24.531008,21.121326,19.416918,17.13596,17.371298,14.992184,16.445816,15.5947075,15.417589,17.091686,17.439972,13.856866,18.555666,17.673908,23.01022,21.679724,22.35968,20.007883,22.306063,18.127321,21.561575,19.387346,22.892027,27.431479,26.88225,24.257818,25.71404,21.023636,24.240995,21.807016,26.320591
4,12.480856,8.89895,7.1319456,3.8248885,0.0,5.3182416,5.9833107,11.246478,13.540589,16.8182,21.026674,22.949764,21.470009,19.628716,15.414244,13.714347,9.833025,7.3644385,7.7011514,4.6272125,8.638132,8.884274,13.5080595,13.80126,15.871342,14.8,15.295854,13.09535,8.098135,8.268336,6.541835,10.967262,13.490176,17.986912,18.221209,22.031296,23.887613,21.500376,19.309803,16.345257,13.068223,9.692152,7.138793,3.9699883,8.042107,9.679733,13.477009,15.7403145,17.719217,20.687363,20.824059,25.353037,26.673855,29.008461,25.314556,28.0262,23.500832,24.193718,25.86137,27.607452,24.160007,27.773785,24.24766,25.57691,26.406904,25.367334,28.8312,26.159224,28.35758,24.223316,19.409533,20.808813,19.2219,20.859715,20.452677,19.225416,22.175718,21.890858,23.32756,25.836554,23.838432,20.452526,18.02881,15.861157,15.488415,13.986232,14.303258,14.258317,13.524282,15.545318,15.19199,10.857605,15.273927,14.04907,19.468073,17.910097,18.565434,16.206583,18.542578,14.586683,18.125244,16.4379,20.100662,24.71009,23.840359,21.233746,22.219229,17.70362,20.730766,18.404394,22.979359
5,15.516918,12.686626,9.355042,6.340898,5.3182416,0.0,5.9627523,7.638417,11.216375,13.979089,17.762749,19.865871,17.663977,15.448926,11.114065,10.016808,5.0481844,5.144142,4.597547,6.256563,9.65995,10.281492,14.919713,15.958859,19.29814,19.08609,19.224564,17.042513,10.505688,10.49242,6.2770123,10.787088,9.859828,15.032622,14.942599,18.369118,21.010582,19.05352,17.310463,15.100781,11.921172,10.495531,6.2294087,7.0494604,12.228645,13.024908,17.185808,18.745129,19.936852,22.823107,22.595741,27.06262,28.631414,30.143354,25.820847,27.736563,22.850359,22.945381,23.936033,26.178234,22.771418,27.301136,24.545124,26.279095,28.241318,27.227484,31.00985,28.78688,31.573181,27.672224,22.558132,23.235344,20.886507,22.17135,20.334038,18.839144,20.742666,19.62386,20.445623,22.621946,20.093729,17.182816,14.345397,13.002997,13.992855,12.81153,14.865578,16.510946,16.727816,19.526672,19.288628,14.75345,18.830418,16.977562,22.44024,19.703848,19.273523,17.069122,20.192905,16.593128,20.958448,19.262024,23.670822,28.482254,26.724344,23.842125,23.902235,18.834106,21.240917,17.955132,22.102528
6,18.459238,14.829314,12.755161,9.220673,5.9833107,5.9627523,0.0,6.735778,7.7467217,11.179324,15.4569235,17.250076,16.348099,14.774699,11.14212,8.847415,7.156533,3.4247649,8.147311,7.3321805,11.609429,13.650611,17.45635,16.861614,19.820541,18.479267,17.411058,14.2068205,8.952688,6.193347,4.5878654,5.457617,8.505235,12.361678,12.813271,16.682528,18.21742,15.999056,13.396179,10.391294,7.6701484,4.5527143,1.3173442,4.560603,8.928404,11.658792,15.250181,18.04261,19.25476,21.70158,20.746359,25.290602,25.853065,27.728045,23.88844,26.205564,21.215773,22.230923,23.073406,24.21204,20.59978,24.095411,20.999002,21.916788,23.930868,22.186077,25.984028,23.530792,26.735918,22.607304,17.584194,18.659155,15.844221,18.352034,16.260643,15.901639,18.1953,17.581348,19.292734,21.39828,19.899166,16.715218,13.463525,11.598713,10.708632,10.769125,10.339582,12.776423,12.36064,15.536305,14.684055,9.929879,13.607337,11.981025,17.18121,14.952743,14.73349,11.754619,14.600838,10.68653,15.252642,13.634314,18.26955,23.12023,20.94091,18.043695,17.954296,12.940441,15.519512,12.677369,17.146494
7,22.82052,19.830894,16.39306,13.646659,11.246478,7.638417,6.735778,0.0,5.379037,6.5276046,10.952808,12.379816,10.256188,8.684324,4.440036,4.37711,4.443292,5.790002,9.753474,12.21391,15.821938,17.633383,21.617344,21.778793,25.51991,24.77824,23.693356,20.5987,14.595763,12.177734,9.057144,8.317104,2.6692274,8.542896,7.333272,10.977395,13.397774,11.604743,10.274706,9.446795,6.480398,8.719508,5.5962915,10.985905,15.602763,17.668495,21.44756,23.673098,24.294794,26.615047,25.307238,29.667877,30.312931,31.306398,26.94889,28.269348,22.954147,23.345192,23.039818,24.484537,21.004225,25.354204,23.412445,24.48639,27.900463,25.93233,29.95715,27.964304,31.845419,27.925875,22.931465,23.42968,19.764917,22.14717,18.099777,17.901056,18.459738,16.536514,17.431068,18.614866,16.649366,14.581583,9.857078,10.145234,11.097233,12.499168,13.718329,17.985703,18.271004,21.829056,20.884396,16.08453,18.762138,16.240566,21.02927,17.129026,15.307361,13.235766,16.986013,14.568603,19.479519,18.566177,23.523817,28.280687,25.187162,22.246105,20.55341,15.574957,16.606167,12.511894,15.881644
8,25.891605,22.355255,19.918386,16.222471,13.540589,11.216375,7.7467217,5.379037,0.0,4.5536704,7.801772,9.881475,9.916912,8.48524,7.272531,3.9734232,8.027468,6.8597775,11.950608,13.555942,16.932577,19.883404,22.914364,22.004417,25.891882,24.84462,22.718327,19.282831,14.129502,10.783085,9.245066,5.2399044,4.0423403,4.696699,6.3660064,9.654588,11.328819,10.236222,6.783191,4.568564,5.917251,7.1459813,6.48896,11.619743,15.0494175,17.243612,20.435171,22.938307,23.114517,24.895517,22.89815,27.043926,27.01747,27.814533,23.72852,24.989897,19.68414,20.660847,20.041098,20.58218,17.059753,20.740211,18.967789,19.648563,23.602613,21.382662,25.451202,23.805828,28.090488,24.532784,19.650684,19.670418,15.51941,18.193064,13.323861,13.964268,14.276606,12.646486,14.272968,15.416199,14.569456,12.270234,7.7418227,7.437035,6.8177958,9.802244,9.825443,15.273477,15.89536,19.809174,18.950964,14.98323,17.263384,15.545275,19.535091,16.553188,14.734474,11.5563345,14.811042,11.971117,17.055828,15.506116,20.779911,25.490477,21.69451,18.612814,16.869967,11.508736,12.534071,8.318443,11.582356
9,28.9396,25.682932,22.606323,19.611961,16.8182,13.979089,11.179324,6.5276046,4.5536704,0.0,5.990946,6.199547,5.9468403,6.139244,5.9703727,5.8886185,10.302078,10.636118,15.378031,17.498749,21.008663,23.54167,26.965124,26.37403,30.221506,29.103426,27.115166,23.571745,18.542383,15.042981,13.448927,9.30951,4.5765514,4.450912,2.1211255,5.955255,7.180258,6.022172,4.2113705,5.8582883,6.126035,10.37189,9.907661,15.5142,19.05635,21.633913,24.850965,27.45141,27.661047,29.427742,27.346607,31.408285,31.198603,31.806822,27.744064,28.648443,23.357262,24.170486,22.932133,23.3169,20.008959,23.588606,22.403671,22.707106,27.147045,24.45933,28.466171,26.823305,31.449545,27.785696,23.21732,23.452581,19.002892,22.129442,16.59919,17.757969,17.208605,15.000965,16.173925,16.344837,15.594029,14.399224,9.0956335,10.557198,10.603343,14.030555,13.954551,19.633106,19.978891,23.796513,22.504044,18.243988,19.636616,17.227991,20.765093,16.71919,13.955135,11.868508,15.435974,14.215824,18.96911,18.536959,23.548405,27.9792,23.838448,21.01421,17.97815,13.541831,13.038787,8.54665,10.426557
10,33.08152,29.721926,26.958578,23.310183,21.026674,17.762749,15.4569235,10.952808,7.801772,5.990946,0.0,4.407001,6.100662,5.2724895,9.0411,7.8121004,13.249602,13.919976,17.758217,20.54725,23.251696,26.417015,28.975239,28.157093,32.618477,31.963543,29.448036,26.149035,20.989386,18.036371,16.25597,12.479512,8.312639,3.207251,5.6282744,4.399204,7.05872,8.988395,6.714142,8.319606,11.791028,14.64926,14.16535,19.223583,22.535168,24.161657,27.16425,29.193249,28.662842,29.977114,27.459074,31.030325,30.771734,30.451006,26.272131,26.267385,21.1885,21.715973,19.535042,19.681322,16.854,20.646898,20.691267,21.32956,26.717436,24.50035,28.463215,27.716606,32.52329,29.65581,25.152609,24.309042,19.769688,21.839863,15.351679,16.432457,14.301616,11.416652,12.029449,11.233209,11.207845,11.154997,6.6274223,9.329551,10.1876545,13.960867,14.998534,21.110903,22.398401,26.447763,25.747093,22.319347,23.93064,22.204521,25.28922,21.920252,19.160028,16.691956,19.704216,18.079659,22.77779,21.411522,26.611609,30.972254,26.303509,23.366829,20.580158,16.00352,15.355712,11.186913,11.291531
11,35.058655,31.80492,28.704073,25.612328,22.949764,19.865871,17.250076,12.379816,9.881475,6.199547,4.407001,0.0,4.682182,6.795949,10.127684,10.578131,15.638256,16.39997,20.725845,23.256334,26.421238,29.247152,32.292343,31.539892,35.682873,34.661472,32.246483,28.680746,23.904411,20.405504,19.02474,14.493871,10.036558,6.4290733,5.214413,3.185989,2.7034113,5.6214304,5.5706363,9.349935,11.720193,15.947678,15.9700575,21.42542,24.646751,27.015684,29.987068,32.44299,32.208958,33.59215,31.068611,34.72921,34.14754,34.099033,30.16067,30.331186,25.291893,26.018389,23.814482,23.61868,20.848938,24.016193,23.986341,23.97935,29.329557,26.467064,30.317307,29.276297,34.318775,31.146156,26.972673,26.692047,21.95547,24.91908,18.417511,20.148691,18.226583,15.571717,16.29543,15.126375,15.305044,15.54847,10.832672,13.4551935,13.745206,17.759794,17.784344,23.95241,24.646708,28.550945,27.297516,23.562624,24.346046,22.133717,24.728071,20.727657,17.453068,15.861815,18.875652,18.556683,22.855196,22.571344,27.435013,31.500603,26.683332,24.052597,20.222052,16.620064,14.851344,10.921956,9.952333
12,32.954178,30.079664,26.42558,23.823513,21.470009,17.663977,16.348099,10.256188,9.916912,5.9468403,6.100662,4.682182,0.0,3.870088,6.7827883,9.148688,13.256182,15.221693,18.828121,22.01946,25.157215,27.420311,30.889687,30.819645,35.049324,34.346996,32.52772,29.17028,23.599958,20.612362,18.232805,15.051218,8.157424,7.4016714,3.8659842,2.005741,5.5418725,6.6119423,8.046825,11.28915,11.510407,16.224628,15.060913,20.696274,24.674908,26.806559,30.229132,32.416504,32.35975,34.114376,32.007767,35.887333,35.901035,35.916134,31.586634,31.756168,26.54745,26.773045,24.780247,25.48428,22.605593,26.667322,26.399982,26.95322,31.988466,29.453403,33.437576,32.15653,36.937485,33.489975,28.963583,28.856407,24.326382,26.949823,20.85498,21.75264,20.072655,17.078453,17.224068,16.308956,15.248985,15.578882,10.36047,13.47028,14.879332,18.141916,19.22928,25.044306,25.739985,29.625229,28.440474,24.122828,25.432203,22.746,26.101923,21.464903,18.155231,17.025324,20.592085,20.041166,24.628489,24.400137,29.381306,33.704002,29.336271,26.59672,23.066542,19.065445,17.8546,13.549668,13.765536
13,30.943136,28.047039,24.577976,21.563097,19.628716,15.448926,14.774699,8.684324,8.48524,6.139244,5.2724895,6.795949,3.870088,0.0,5.06798,6.4416127,10.618865,12.948139,15.880655,19.52782,22.250237,24.677532,27.825422,27.870926,32.391716,32.07445,30.304632,27.228527,21.17793,18.798206,15.819314,13.688049,6.3227906,5.909882,4.6941085,3.9834545,8.653547,9.600044,9.277473,11.050879,11.758925,15.348443,13.481614,18.789377,23.004343,24.446745,27.986902,29.747019,29.485508,31.264936,29.276731,33.109035,33.513344,33.328655,28.758316,28.787949,23.56901,23.487793,21.604517,22.821926,19.934471,24.602657,24.337095,25.474106,30.411472,28.443104,32.501484,31.410416,35.94071,32.70185,27.888365,27.384712,23.096525,24.946596,19.082184,19.260513,17.553839,14.397486,14.228273,13.712734,12.015082,12.146325,6.943267,10.304436,12.5676985,15.26671,17.43252,23.023886,24.180477,28.149534,27.427994,23.279625,25.337915,22.996933,26.82648,22.65795,19.781681,17.97296,21.571579,19.984556,24.895758,23.838755,29.069916,33.6448,29.464819,26.490274,23.786974,19.048788,18.700788,14.213443,15.184767
14,26.394274,23.692463,19.888638,17.406166,15.414244,11.114065,11.14212,4.440036,7.272531,5.9703727,9.0411,10.127684,6.7827883,5.06798,0.0,4.898519,6.7873054,9.671498,12.576067,16.036835,19.173899,20.952282,24.772636,25.212473,29.334316,28.903305,27.73553,24.714293,18.474905,16.244608,12.872758,11.794651,3.3642323,7.839341,5.371174,7.851413,11.248597,10.310768,10.159245,10.981952,9.105142,12.670903,9.960684,15.287511,19.926092,21.65148,25.455835,27.374893,27.64803,29.837877,28.338165,32.512497,33.198032,33.646538,29.073244,29.757074,24.423782,24.422812,23.391022,24.976374,21.746803,26.470512,25.301615,26.480879,30.604797,28.623833,32.702095,31.048162,35.228138,31.518753,26.568087,26.689919,22.719543,24.864113,19.948027,19.797852,19.278784,16.635002,16.8606,17.27212,15.069847,14.076103,8.857468,10.836748,12.81506,14.716436,16.678047,21.546274,22.200602,25.921677,25.025948,20.338596,22.685404,19.989311,24.423613,20.006548,17.492733,15.93498,19.805025,18.04289,22.955128,22.20482,27.268887,31.951424,28.411674,25.473734,23.128958,18.321352,18.558302,14.123345,16.396475
15,25.407642,22.194414,19.314207,15.679446,13.714347,10.016808,8.847415,4.37711,3.9734232,5.8886185,7.8121004,10.578131,9.148688,6.4416127,4.898519,0.0,5.519866,6.6339846,10.167197,13.250883,16.131222,18.836607,21.908846,21.679644,26.036505,25.634262,23.93127,20.940088,14.750954,12.581452,9.386228,8.19187,2.5138037,5.3361025,6.6091237,9.160985,12.376296,11.829591,9.441263,8.340235,8.670984,10.073238,7.60015,12.503868,16.75577,18.015726,21.616388,23.43942,23.413675,25.382315,23.658476,27.759262,28.372656,28.753565,24.215818,25.017323,19.667576,19.918785,19.13543,20.552853,17.186499,21.863634,20.508917,21.913755,25.96751,24.34163,28.433632,27.03677,31.097277,27.728333,22.64779,22.288939,18.43677,20.094252,15.314348,14.918193,14.689531,12.399975,13.120354,14.24193,12.3952875,10.385564,5.5084567,6.2200303,8.029525,9.885536,12.16695,17.14502,18.285978,22.188065,21.744738,17.685125,20.542093,18.680744,23.070126,19.766903,17.826063,15.092954,18.552656,15.628266,20.742075,18.932795,24.23975,29.054865,25.4636,22.32179,20.83644,15.390535,16.466772,12.16051,14.939344
16,20.461964,17.627607,14.326352,11.089226,9.833025,5.0481844,7.156533,4.443292,8.027468,10.302078,13.249602,15.638256,13.256182,10.618865,6.7873054,5.519866,0.0,4.6293635,5.8275995,9.630055,12.498183,14.224433,18.011072,18.7026,22.840755,22.801126,22.102606,19.614737,12.740699,11.889314,7.3252535,9.825458,5.7620497,10.834637,10.930436,13.845662,17.082436,15.790021,14.074611,12.512657,10.489264,10.673015,6.436012,10.0008335,15.077831,15.813372,19.879633,21.325378,21.788095,24.300823,23.402546,27.714458,29.053854,29.85927,25.217627,26.431494,21.25469,21.13316,21.254122,23.476362,20.120499,25.093678,23.109463,24.927204,27.981915,26.818188,30.812656,29.046526,32.453995,28.830805,23.600874,23.649734,20.5614,21.774141,18.48538,17.171213,17.961512,16.12475,16.584232,18.312092,15.674728,13.247815,9.731486,9.338016,11.3317795,11.111693,14.054207,17.371,18.249651,21.699976,21.46013,17.035185,20.666288,18.665766,23.78764,20.517252,19.203863,16.836153,20.328915,17.010239,21.916069,20.101469,25.085283,29.99259,27.313368,24.235266,23.522366,18.1171,19.906694,15.966268,19.491043
17,19.338804,15.83419,13.635834,9.481115,7.3644385,5.144142,3.4247649,5.790002,6.8597775,10.636118,13.919976,16.39997,15.221693,12.948139,9.671498,6.6339846,4.6293635,0.0,5.7180424,6.891613,10.488854,13.050676,16.463316,16.131155,19.924282,19.298338,18.10848,15.28127,8.855722,7.2769365,3.2727616,6.0444546,7.0971794,10.893013,12.03549,15.4412,17.795515,16.201881,13.425785,10.526,9.099292,6.8787117,2.9431758,6.005447,10.733678,11.988433,15.847174,17.88804,18.559294,20.976242,19.933102,24.387342,25.339386,26.649939,22.386345,24.244411,19.1331,19.724155,20.38711,21.981094,18.436415,22.630236,19.966297,21.477367,23.980228,22.730017,26.647648,24.685911,27.943792,24.256329,19.026848,19.283295,16.393106,17.93891,15.379117,14.342841,16.161335,15.200527,16.535212,18.73472,16.88961,13.692458,10.743326,8.8211,8.993502,8.551196,10.10136,13.018512,13.641187,17.11872,16.893003,12.721385,16.636341,15.255916,20.293377,17.993193,17.343187,14.253801,17.249815,13.167042,17.985779,15.695862,20.650879,25.589094,23.102045,20.01088,19.987087,14.487419,17.001383,13.648901,17.753973
18,16.628656,13.66407,11.592684,7.1802063,7.7011514,4.597547,8.147311,9.753474,11.950608,15.378031,17.758217,20.725845,18.828121,15.880655,12.576067,10.167197,5.8275995,5.7180424,0.0,5.2630386,6.872291,8.87869,12.203649,13.171893,17.496935,18.103584,17.876865,16.23353,8.942742,10.428233,5.430494,11.419621,11.101411,15.083446,16.334288,19.171698,22.361351,21.093454,18.642607,15.951525,14.542148,12.248022,8.264471,7.9563584,12.637605,11.620007,15.797094,16.411163,16.942015,19.73407,19.52768,23.804108,25.85183,26.882078,22.291815,23.918137,19.198008,18.906363,20.153055,22.85501,19.661413,24.59002,22.056671,24.454178,26.439123,26.200565,29.9577,28.275145,30.847448,27.554237,22.27921,22.06554,20.054316,20.057846,18.56123,16.171522,18.031284,17.077599,17.62764,20.209814,17.529634,14.331362,12.886707,10.904991,12.501752,10.101487,13.800069,15.04057,16.311037,19.27235,19.895914,16.30398,20.901707,19.821577,25.07582,23.020842,22.61162,19.768173,22.665472,18.318333,22.831469,20.019518,24.6621,29.569933,27.684473,24.60387,25.338633,19.781012,22.598665,19.281635,23.246403
19,13.738468,9.993481,9.594101,4.2468824,4.6272125,6.256563,7.3321805,12.21391,13.555942,17.498749,20.54725,23.256334,22.01946,19.52782,16.036835,13.250883,9.630055,6.891613,5.2630386,0.0,4.439365,6.759888,10.130351,10.060189,13.386962,13.228077,13.180882,11.523199,4.8704853,7.3171444,4.524362,10.888653,13.878872,17.50781,18.91205,22.273655,24.659876,22.901121,20.026104,16.58089,14.969923,10.900198,8.190122,4.235526,7.9437714,6.965406,11.181935,12.496696,13.892144,16.88032,17.05068,21.514164,23.3162,25.257689,21.316128,23.885872,19.529799,19.997326,21.997272,24.057682,20.789669,24.675138,21.259539,23.238699,24.056433,23.823944,27.29841,25.191093,27.195234,23.711063,18.635834,19.033182,17.796251,18.108826,18.15676,16.075083,19.162218,19.14256,20.441648,23.31822,21.294352,17.641386,16.376204,13.601516,13.528819,10.869106,12.539027,11.921031,12.437109,14.7728,15.508534,12.353127,17.337606,16.952877,22.083752,21.125381,21.618004,18.566961,20.77574,16.004536,19.83041,16.822462,20.856245,25.610386,24.510391,21.64459,23.31648,18.188578,21.642744,19.191456,23.613773
20,13.687924,10.410529,11.284273,6.4027634,8.638132,9.65995,11.609429,15.821938,16.932577,21.008663,23.251696,26.421238,25.157215,22.250237,19.173899,16.131222,12.498183,10.488854,6.872291,4.439365,0.0,4.75116,6.012627,6.4381104,10.720508,11.981895,12.360421,12.068283,6.0550528,10.399187,7.9105377,14.430133,17.20335,20.3575,22.313063,25.2916,28.081936,26.682833,23.600431,20.026854,19.135769,14.942382,12.326814,8.361618,10.518697,6.942377,10.672626,10.207059,11.209275,14.376337,15.2458315,19.37966,22.027714,23.699677,19.703165,22.177074,18.406864,18.407957,21.010769,23.591652,20.70907,24.763338,21.455732,24.071018,24.416517,25.124146,28.36995,26.698143,28.109592,25.257532,20.31198,20.015678,19.55106,18.439753,19.443172,16.470493,19.654781,19.932617,20.898417,24.080254,21.894934,18.188473,18.181772,15.157737,15.543801,11.846757,14.6523,12.871082,14.209722,16.076544,17.725365,15.674757,20.83764,20.976223,25.901152,25.40771,25.991865,22.782967,24.80893,19.741585,23.360159,19.69487,23.48386,28.093472,27.28903,24.42899,26.763733,21.532314,25.22833,22.844774,27.111692
21,9.486025,7.109784,8.086433,5.2152014,8.884274,10.281492,13.650611,17.633383,19.883404,23.54167,26.417015,29.247152,27.420311,24.677532,20.952282,18.836607,14.224433,13.050676,8.87869,6.759888,4.75116,0.0,5.6018825,8.479905,10.939958,12.489717,14.544889,14.739707,9.824896,13.676986,11.113699,17.639448,19.473618,23.559464,24.694958,27.86173,30.691729,28.940975,26.450207,23.234772,21.166094,17.485289,14.516901,10.492762,12.753956,9.961049,13.314714,12.722833,14.427453,17.740726,19.25071,23.186708,26.041588,27.966064,24.154827,26.639704,23.047457,22.814316,25.397121,28.22023,25.35812,29.512667,26.158443,28.63656,28.691925,29.247751,32.393482,30.384876,31.516462,28.365942,23.651297,23.956936,23.624964,22.926458,23.991016,21.181744,24.259724,24.27556,25.025597,28.052055,25.492365,22.039444,21.540459,18.983274,19.663162,16.292755,18.823107,16.92303,17.522951,18.781925,20.075361,17.611544,22.60817,22.333836,27.469364,26.664047,27.421543,24.802187,26.934183,22.315296,25.63583,22.68271,26.015291,30.442259,30.19294,27.53651,29.705564,24.796522,28.332767,25.913462,30.33049
22,12.997423,10.983823,13.467698,10.331161,13.5080595,14.919713,17.45635,21.617344,22.914364,26.965124,28.975239,32.292343,30.889687,27.825422,24.772636,21.908846,18.011072,16.463316,12.203649,10.130351,6.012627,5.6018825,0.0,4.7277265,7.885921,11.162409,13.04576,14.575339,10.944355,15.763831,13.910857,20.324629,23.040558,26.174038,28.199303,31.045013,34.01655,32.661327,29.599787,25.971968,25.062267,20.725134,18.252375,13.837207,14.756753,10.14678,12.290908,9.752995,10.796929,13.94075,16.173887,19.471977,23.035751,24.731575,21.213606,23.710808,21.036001,20.614103,23.870863,26.820362,24.447989,28.279825,24.975302,27.920084,27.318264,28.867235,31.659893,30.18957,30.655125,28.340311,23.881775,23.398981,23.93791,21.851734,24.09013,20.654907,23.959948,24.560713,25.243643,28.580467,26.272533,22.694914,23.502996,20.479548,21.035734,16.93571,19.851248,16.79629,18.165163,18.998867,21.254572,20.153131,25.30449,25.84912,30.588074,30.60741,31.528929,28.418293,30.18333,25.052559,28.151417,24.30013,27.39492,31.624567,31.581793,28.938011,31.957815,26.962336,30.867233,28.722336,32.99353
23,15.495635,12.573893,15.6338005,11.631216,13.80126,15.958859,16.861614,21.778793,22.004417,26.37403,28.157093,31.539892,30.819645,27.870926,25.212473,21.679644,18.7026,16.131155,13.171893,10.060189,6.4381104,8.479905,4.7277265,0.0,5.6245065,8.375937,8.919559,10.777484,8.64041,13.563138,13.072505,18.682566,22.958178,25.256632,27.850376,30.725561,33.29282,32.014915,28.435453,24.38735,24.29846,19.250458,17.680475,12.854973,12.393624,7.054838,8.212576,5.1438875,6.250248,9.516698,11.7587805,15.203985,18.50186,20.591915,17.492737,20.568274,18.148508,18.41144,21.981544,24.257877,21.92373,24.945501,21.28308,24.056664,22.900814,24.703978,27.278782,25.944036,26.15538,24.169031,19.889887,19.145845,20.22412,17.791285,20.949102,17.663282,21.516756,22.754248,23.93516,27.417425,25.74703,21.887794,22.98681,19.48042,19.165537,15.032171,17.039106,13.011625,14.592232,15.183261,17.932604,17.831938,22.913599,24.15401,28.412514,29.225653,30.386621,26.87599,28.16358,22.748388,25.512554,21.126818,23.991796,28.076765,28.090538,25.516747,29.123913,24.31469,28.479383,26.836004,31.03657
24,14.311865,11.92201,16.451366,13.79557,15.871342,19.29814,19.820541,25.51991,25.891882,30.221506,32.618477,35.682873,35.049324,32.391716,29.334316,26.036505,22.840755,19.924282,17.496935,13.386962,10.720508,10.939958,7.885921,5.6245065,0.0,4.5029335,7.596496,10.815187,11.847222,16.201588,16.848545,21.952677,26.995363,29.57358,31.832405,35.04964,37.2022,35.522343,32.03146,27.874405,27.223711,21.847225,20.866266,15.34773,13.43856,9.054199,8.277748,5.6920114,8.534751,11.18179,14.171826,17.019613,19.931385,22.965813,20.943901,24.563917,22.68879,23.366209,27.105104,28.942753,26.642273,28.853115,24.73776,26.936935,24.592941,26.352121,28.382961,26.626423,25.88753,23.875565,20.419071,20.507687,22.432468,20.52306,24.653929,21.912409,26.177109,27.698654,29.167255,32.638622,31.137613,27.20847,27.927834,24.381748,23.511883,19.739042,20.417746,15.387995,15.80215,14.917842,17.658314,18.399672,23.080324,24.76915,28.590425,30.190676,31.995142,28.753397,29.506899,24.34477,26.139545,22.165188,23.847626,27.305683,28.461891,26.373083,30.569427,26.520615,30.819958,29.781107,34.163433
25,14.480613,11.520118,16.168446,13.686386,14.8,19.08609,18.479267,24.77824,24.84462,29.103426,31.963543,34.661472,34.346996,32.07445,28.903305,25.634262,22.801126,19.298338,18.103584,13.228077,11.981895,12.489717,11.162409,8.375937,4.5029335,0.0,4.941768,7.820139,11.056511,14.409839,16.261925,20.377174,26.329208,28.815533,30.873125,34.344948,35.94804,33.98968,30.494402,26.267696,25.434544,19.815588,19.625055,13.93146,10.776863,7.85169,6.056976,6.3526483,9.918144,12.254488,14.535331,17.7046,19.55078,23.271929,21.6569,25.68896,23.516094,24.80515,28.320885,29.533293,26.982553,28.586952,24.09278,25.587189,22.894337,24.024931,25.92634,23.665136,22.856308,20.372635,17.229546,18.15965,20.213963,19.337704,23.61217,21.631079,26.180546,27.843128,29.740541,33.09931,31.929867,27.904749,28.02135,24.439163,22.868864,19.691595,18.975609,13.65292,13.018766,11.391953,13.842127,15.05969,19.356277,21.396328,24.807821,26.963125,29.140154,25.992317,26.3072,21.371168,22.539083,18.901682,19.969223,23.197124,24.786676,22.964748,27.345951,23.87297,28.175415,27.643978,32.077023
26,18.390263,14.815336,18.616383,15.02727,15.295854,19.224564,17.411058,23.693356,22.718327,27.115166,29.448036,32.246483,32.52772,30.304632,27.73553,23.93127,22.102606,18.10848,17.876865,13.180882,12.360421,14.544889,13.04576,8.919559,7.596496,4.941768,0.0,4.1707816,9.414613,12.138623,14.949282,17.98461,24.83959,26.36543,28.997871,32.263702,33.62411,31.95446,28.012737,23.553097,23.802425,17.870537,18.399817,13.159123,9.231602,6.326263,2.319009,4.6696787,7.552673,9.231278,10.584771,13.983365,15.114509,19.034033,17.675112,21.949072,19.845112,21.669397,25.101233,25.699781,23.218998,24.162031,19.530252,20.827856,17.952593,19.234612,21.11731,19.109571,18.464352,16.296412,12.9701805,13.364099,15.782338,14.6246195,19.431662,17.730103,22.464102,24.534616,26.741013,30.078732,29.448376,25.379795,25.784615,21.993742,19.832012,16.879759,15.409017,9.489868,9.2358465,7.6642146,10.963272,13.250401,17.440792,20.038527,23.008469,25.597933,27.637451,24.009172,24.04197,18.796326,19.976305,15.532919,16.831509,20.208107,21.255804,19.298382,24.070442,20.561382,24.996233,24.772148,28.949114
27,18.807247,14.797296,17.687456,13.825033,13.09535,17.042513,14.2068205,20.5987,19.282831,23.571745,26.149035,28.680746,29.17028,27.228527,24.714293,20.940088,19.614737,15.28127,16.23353,11.523199,12.068283,14.739707,14.575339,10.777484,10.815187,7.820139,4.1707816,0.0,7.369053,8.604733,12.339693,14.316078,21.677013,23.04066,25.529732,28.891289,29.921465,28.150328,24.210135,19.759949,20.040081,14.043341,15.156164,10.337466,5.792727,5.127102,2.856289,7.5616717,9.786482,11.445742,11.478272,15.444946,15.705324,19.496517,17.76693,21.927513,19.067638,21.196535,24.102602,24.349867,21.523712,22.44645,17.731258,18.533577,16.401264,16.671125,19.025824,16.590635,16.962814,13.936492,9.85641,10.905893,12.490089,12.695055,16.637259,15.629368,20.323017,22.225643,24.685953,27.820702,27.371048,23.339071,23.116537,19.439146,16.827703,14.557757,12.026001,6.5136337,5.25763,4.444527,7.389049,9.349851,13.617752,16.19681,19.205189,21.676727,23.635792,19.91609,19.920267,14.632249,15.993597,11.515748,13.390553,17.305342,17.745674,15.567818,20.030132,16.469547,20.882738,20.744738,24.9533
28,16.589489,12.488858,13.602228,8.522666,8.098135,10.505688,8.952688,14.595763,14.129502,18.542383,20.989386,23.904411,23.599958,21.17793,18.474905,14.750954,12.740699,8.855722,8.942742,4.8704853,6.0550528,9.824896,10.944355,8.64041,11.847222,11.056511,9.414613,7.369053,0.0,4.967852,5.61071,10.208506,15.719985,17.875772,20.24813,23.47669,25.412764,23.878105,20.22131,16.087008,15.976478,10.665272,9.75585,5.2001085,5.503014,3.2812488,7.16373,9.163705,10.370938,12.998355,12.752791,17.305992,18.67575,20.965044,17.466452,20.584476,16.543814,17.73352,20.14465,21.500786,18.317932,21.268942,17.37075,19.216301,19.402597,19.494234,22.791882,20.846329,22.595472,19.472645,14.398111,14.4206505,13.802244,13.673969,14.9481,12.940771,16.852766,17.7341,19.608255,22.733103,21.480083,17.505869,17.02696,13.530017,12.192782,9.229408,9.543554,7.2728305,8.250857,10.671115,12.155675,10.514419,15.626359,16.416872,20.855085,21.15385,22.03251,18.344648,19.808544,14.405466,17.812551,13.735784,17.643082,22.334822,21.290167,18.41337,21.081612,16.035418,20.041834,18.314093,22.655914
29,19.198761,15.017425,15.135057,10.6209135,8.268336,10.49242,6.193347,12.177734,10.783085,15.042981,18.036371,20.405504,20.612362,18.798206,16.244608,12.581452,11.889314,7.2769365,10.428233,7.3171444,10.399187,13.676986,15.763831,13.563138,16.201588,14.409839,12.138623,8.604733,4.967852,0.0,5.1427703,5.98182,13.133912,14.849691,16.96612,20.433966,21.637981,19.864132,16.109688,11.87046,11.857735,6.0788393,6.860868,4.3109903,4.650486,7.192553,9.930953,13.24181,14.365372,16.431902,15.262268,19.777308,19.995802,22.358934,19.087591,22.103727,17.620089,19.34627,20.96105,21.50024,18.024626,20.449358,16.57216,17.442524,18.380468,17.174973,20.762436,18.404915,21.09558,17.338358,12.122801,12.899666,10.984296,12.992214,12.831801,12.338894,15.949075,16.635761,18.981901,21.661585,20.906351,17.131996,15.505188,12.335998,9.903806,8.87184,6.5381484,6.727819,6.416244,9.867911,9.938535,7.1127462,11.747704,12.268157,16.596909,16.689695,17.435833,13.530482,14.962702,9.553658,13.413181,9.748831,14.333762,19.25949,17.46392,14.459885,16.365086,11.271811,15.179905,13.612522,18.076132
30,17.962946,14.168079,13.048861,8.145779,6.541835,6.2770123,4.5878654,9.057144,9.245066,13.448927,16.25597,19.02474,18.232805,15.819314,12.872758,9.386228,7.3252535,3.2727616,5.430494,4.524362,7.9105377,11.113699,13.910857,13.072505,16.848545,16.261925,14.949282,12.339693,5.61071,5.1427703,0.0,6.7208796,10.214957,13.15517,14.990839,18.277737,20.51782,18.9977,15.765933,12.212328,11.502821,7.5794387,4.92725,4.093277,8.341129,8.79358,12.682309,14.618822,15.35576,17.836996,16.997683,21.506842,22.639439,24.205944,20.090277,22.34513,17.488817,18.257494,19.570736,21.162722,17.68063,21.582453,18.466404,20.195026,21.997444,21.234037,25.004559,23.075237,25.869852,22.376009,17.094025,17.19621,14.967841,15.895322,14.547618,13.016743,15.66861,15.4013195,16.964493,19.622875,17.964878,14.333496,12.519626,9.703066,9.249108,7.4829607,8.953097,10.448987,11.311524,14.624404,14.951751,11.471756,16.012894,15.428894,20.367462,19.044828,18.996836,15.563781,18.005116,13.219715,17.691473,14.613957,19.37551,24.31678,22.27064,19.177528,20.170103,14.648127,17.85471,15.078808,19.344828
31,23.2974,19.383326,18.0135,13.937135,10.967262,10.787088,5.457617,8.317104,5.2399044,9.30951,12.479512,14.493871,15.051218,13.688049,11.794651,8.19187,9.825458,6.0444546,11.419621,10.888653,14.430133,17.639448,20.324629,18.682566,21.952677,20.377174,17.98461,14.316078,10.208506,5.98182,6.7208796,0.0,8.459971,9.328457,11.331661,14.75909,15.676214,14.064296,10.149733,6.0138845,7.0216794,3.2485473,4.895132,7.9837036,10.221936,12.984769,15.767001,18.817963,19.359417,21.12097,19.240768,23.543297,23.285572,24.849833,21.239655,23.389244,18.3475,19.954842,20.314747,20.507814,16.870333,19.645878,16.749987,17.168833,19.973003,17.78507,21.753563,19.67426,23.5601,19.785198,14.7771015,15.257489,11.550653,14.684795,11.459151,12.1739235,14.209048,13.910822,16.25227,18.182463,17.685196,14.512562,11.467511,9.297228,6.6691957,8.4735775,6.0782557,10.665521,10.746294,14.595918,13.758539,10.100229,12.928942,12.127027,16.217943,14.702193,14.145845,10.126916,12.527205,8.137831,13.181738,10.793793,16.089567,20.955456,17.708733,14.548409,14.202678,8.511033,11.237092,8.414848,12.770153
32,25.230316,22.136223,18.889832,15.803497,13.490176,9.859828,8.505235,2.6692274,4.0423403,4.5765514,8.312639,10.036558,8.157424,6.3227906,3.3642323,2.5138037,5.7620497,7.0971794,11.101411,13.878872,17.20335,19.473618,23.040558,22.958178,26.995363,26.329208,24.83959,21.677013,15.719985,13.133912,10.214957,8.459971,0.0,6.0405817,5.2545953,8.603079,11.366917,10.194501,8.557405,8.169461,6.9245505,9.607048,7.2252183,12.687668,17.027626,18.909348,22.548134,24.689129,24.970198,27.057808,25.426685,29.638083,30.11402,30.760553,26.352526,27.340338,21.986721,22.3629,21.615128,22.876108,19.47548,23.868898,22.356842,23.41494,27.352085,25.34752,29.420502,27.727613,31.868618,28.191133,23.223034,23.338963,19.38568,21.664513,16.930176,16.936628,16.881773,14.657671,15.465302,16.335667,14.577221,12.829474,7.7126384,8.665707,9.864078,11.949306,13.365697,18.303911,18.93718,22.717693,21.870216,17.390484,19.86228,17.534758,21.951378,18.118357,15.961931,13.687232,17.384682,15.063928,20.085587,18.971724,24.11908,28.853125,25.316788,22.308073,20.335241,15.252057,15.937348,11.575114,14.418703
33,30.154797,26.695599,24.134102,20.351688,17.986912,15.032622,12.361678,8.542896,4.696699,4.450912,3.207251,6.4290733,7.4016714,5.909882,7.839341,5.3361025,10.834637,10.893013,15.083446,17.50781,20.3575,23.559464,26.174038,25.256632,29.57358,28.815533,26.36543,23.04066,17.875772,14.849691,13.15517,9.328457,6.0405817,0.0,5.1561546,6.3314705,8.64658,9.266249,5.919648,5.9274487,9.412587,11.5929785,11.090041,16.047634,19.33642,21.038918,24.076717,26.225378,25.876297,27.321186,24.94028,28.714151,28.542086,28.592943,24.405798,24.865753,19.635098,20.360695,18.767544,19.061249,15.877609,19.72935,19.076157,19.800379,24.740595,22.576275,26.621029,25.601025,30.228851,27.16886,22.488213,21.832964,17.393425,19.587296,13.523629,14.431617,13.1496105,10.682788,11.838801,12.011647,11.6509495,10.459347,5.599417,7.23035,7.613054,11.373634,12.202084,18.213308,19.393332,23.435705,22.76487,19.264078,21.17136,19.559141,22.954393,19.841518,17.449387,14.574984,17.645185,15.441564,20.320728,18.712673,24.00183,28.520433,24.127869,21.083796,18.774363,13.745647,13.792141,9.464719,10.853643
34,30.093273,27.001816,23.64747,20.851835,18.221209,14.942599,12.813271,7.333272,6.3660064,2.1211255,5.6282744,5.214413,3.8659842,4.6941085,5.371174,6.6091237,10.930436,12.03549,16.334288,18.91205,22.313063,24.694958,28.199303,27.850376,31.832405,30.873125,28.997871,25.529732,20.24813,16.96612,14.990839,11.331661,5.2545953,5.1561546,0.0,4.211655,6.1708846,5.5486145,5.296422,7.828132,7.8047533,12.378941,11.53088,17.197025,20.969078,23.390377,26.719187,29.165653,29.304892,31.099857,29.038927,33.058605,32.960033,33.371994,29.18842,29.840612,24.550978,25.130531,23.635292,24.18276,21.002497,24.813046,23.93922,24.35131,28.992676,26.358696,30.364252,28.825,33.49669,29.880995,25.318962,25.460802,20.98957,23.935472,18.206964,19.235464,18.2831,15.747942,16.534952,16.339945,15.404805,14.725621,9.281973,11.450636,12.110874,15.448542,15.876825,21.582388,22.037888,25.868925,24.600718,20.263924,21.628958,19.052555,22.56189,18.203363,15.189415,13.558413,17.177784,16.266144,20.951246,20.650305,25.637306,30.031223,25.837498,23.051735,19.806604,15.555056,14.760257,10.317057,11.556169
35,33.76828,30.731163,27.330267,24.397139,22.031296,18.369118,16.682528,10.977395,9.654588,5.955255,4.399204,3.185989,2.005741,3.9834545,7.851413,9.160985,13.845662,15.4412,19.171698,22.273655,25.2916,27.86173,31.045013,30.725561,35.04964,34.344948,32.263702,28.891289,23.47669,20.433966,18.277737,14.75909,8.603079,6.3314705,4.211655,0.0,4.8778577,6.865639,7.3830533,10.576785,11.921194,16.239092,15.3731165,20.911057,24.666533,26.686716,29.964369,32.124233,31.893885,33.48051,31.197838,34.950943,34.822647,34.680233,30.421545,30.464703,25.325006,25.636757,23.471594,23.9341,21.14148,25.04473,24.993582,25.499273,30.735168,28.232588,32.19053,31.113008,35.968246,32.722706,28.253616,27.910147,23.323336,25.83298,19.51772,20.567719,18.62426,15.621379,15.831921,14.745913,14.082365,14.523098,9.514113,12.667098,13.914342,17.415398,18.427305,24.411377,25.281605,29.232697,28.157604,24.123816,25.417858,23.005114,26.16968,21.874266,18.63225,17.148676,20.525137,19.80618,24.393808,23.901861,28.936764,33.2291,28.675001,25.904963,22.435326,18.3783,17.13184,12.879342,12.743299
