,0,1,2,3,4,5,6,7,8,9,10,11,12,13,14,15,16,17,18,19,20,21,22,23,24,25,26,27,28,29,30,31,32,33,34,35,36,37,38,39,40,41,42,43,44,45,46,47,48,49,50,51,52,53,54,55,56,57,58,59,60,61,62,63,64,65,66,67,68,69,70,71,72,73,74,75,76,77,78,79,80,81,82,83,84,85,86,87,88,89,90,91,92,93,94,95,96,97,98,99,100,101,102,103,104,105,106,107,108,109,110,111
0,0.0,3.891187,6.7426987,9.8953495,12.982271,13.868707,18.220705,20.520653,23.407467,26.674164,29.20581,32.58075,34.537918,34.678802,36.316425,30.456497,31.922855,27.577478,32.167667,26.627558,28.718876,28.291971,31.510294,27.360422,23.619455,24.647354,22.752024,25.768534,24.799412,26.94893,27.422216,31.04082,32.360756,37.108547,35.626713,33.45309,37.627857,39.25135,35.271935,34.663517,40.118294,38.261166,34.90881,38.6208,42.12163,38.485844,36.501335,42.413624,44.2005,45.91822,42.847443,41.319397,45.572815,44.96949,41.168552,37.020203,34.981365,33.356857,38.52442,40.419266,34.468475,36.989265,35.88379,39.987244,38.327026,34.0279,33.13889,30.037634,28.365154,29.633675,26.410263,23.185036,24.15262,22.963537,26.281855,26.004578,24.136288,26.708061,28.168629,31.068087,31.683302,35.47917,33.170425,29.653404,28.104647,25.52891,23.602116,20.429716,19.61651,17.289698,20.666601,21.239172,24.042538,26.906366,29.21203,30.489742,30.201391,32.400764,29.617962,32.09042,27.782074,33.1378,27.911497,30.843163,32.356495,28.213703,26.573048,22.318502,21.83744,16.46858,17.123924,13.092789
1,3.891187,0.0,4.0042505,7.488042,11.224387,12.312066,16.61142,18.36282,21.77649,24.539906,27.377316,30.669231,32.854603,33.278477,35.357883,29.704464,31.681492,27.57005,32.703537,27.520144,30.143377,30.007902,33.60186,29.329424,25.56973,26.379139,23.770184,26.500668,24.867899,26.973022,26.628689,30.103653,30.763742,35.758904,34.774372,32.50501,36.65707,38.592068,34.92923,34.197216,39.64305,38.366306,35.04383,38.572193,42.182705,39.160355,37.113346,42.73795,44.8292,46.23624,43.323486,42.333282,46.516884,45.676136,42.206665,38.234215,35.78925,34.401936,39.62898,40.965458,34.8774,37.58979,36.324112,40.248272,38.271,33.88995,33.12192,29.741407,28.434654,30.306688,26.76761,23.179707,24.812527,24.38275,27.542473,27.872557,26.158531,28.36238,30.419558,32.79365,33.560204,37.377056,34.808365,31.02564,28.990349,26.897543,24.03319,21.353344,19.90159,17.824205,21.237661,22.206526,25.427233,28.53259,30.683199,31.711689,31.128454,32.906277,29.769827,31.837915,27.24189,32.22291,26.703152,29.09458,30.312332,25.98693,24.743267,19.985762,20.592993,15.260287,16.490046,13.041595
2,6.7426987,4.0042505,0.0,4.3013926,7.963839,10.443691,13.593576,16.045654,19.382526,22.174164,25.268639,28.251062,30.778883,31.014763,33.71371,27.948025,30.226257,26.232662,31.649015,26.771206,29.560743,29.88906,33.53658,28.726437,24.942867,25.262468,22.259039,24.43872,22.461226,24.156298,23.806686,26.688633,27.370762,32.33333,31.668936,29.674694,33.869648,35.651802,32.279037,31.768995,37.09932,35.915157,32.870537,36.514557,39.924446,37.23843,35.51184,40.982616,43.04912,44.164886,41.11823,40.769978,44.62415,43.47219,40.225662,36.32008,33.674026,32.259262,37.410976,38.465343,32.272316,34.856594,33.362396,37.15785,35.1393,30.737211,29.841326,26.317621,25.407755,27.559872,23.720598,19.996052,22.224876,22.307405,25.446228,26.226667,24.884392,26.87777,29.599981,31.547935,32.71594,36.630383,34.118042,30.143755,27.63951,26.323084,22.71126,21.043865,19.625267,18.20828,21.99387,23.468197,26.7668,29.754772,31.484045,32.112907,31.126907,32.69583,29.648783,31.17432,26.615778,31.289494,25.41412,27.598917,28.53736,24.217047,23.228897,18.186285,18.970207,13.884843,14.578515,11.864228
3,9.8953495,7.488042,4.3013926,0.0,4.0030093,6.6198874,9.402625,11.861794,15.123236,17.960249,21.070078,23.98217,26.56724,26.76353,29.675425,23.959751,26.487766,22.697006,28.40933,23.955788,27.138832,27.83044,31.761953,26.89824,23.236,23.353989,19.668724,21.609324,19.093756,20.982718,19.850155,23.068367,23.34176,28.410973,27.760624,25.585289,29.738586,31.741108,28.473846,27.823603,33.13757,32.353703,29.279156,32.741707,36.22833,34.005074,32.201416,37.40772,39.686882,40.59208,37.74452,37.745934,41.57354,40.31315,37.378933,33.736824,30.72153,29.693655,34.901905,35.3758,29.199667,32.197407,30.880219,34.49097,32.02137,27.612059,27.281094,23.690126,22.558285,25.348621,21.824858,17.701488,19.942305,21.032188,23.501694,25.068834,23.637964,24.975058,28.220585,29.457085,30.68669,34.531483,31.781378,27.61885,24.704266,23.945608,19.545094,18.615957,16.918682,16.133747,20.029106,22.006495,25.430876,28.366058,29.673244,29.900822,28.547832,29.775232,26.700497,27.761038,23.222708,27.60529,21.563898,23.650259,24.508982,20.265419,19.310469,14.298352,15.030091,10.247928,10.904404,9.123979
4,12.982271,11.224387,7.963839,4.0030093,0.0,5.3133955,5.709559,9.676979,12.124774,15.440374,18.472702,21.10131,23.817495,23.62,26.867437,20.981451,23.586374,19.916178,25.695534,21.624834,24.881687,26.012962,29.934046,24.764593,21.24473,20.944748,16.860003,18.291965,15.451497,17.187178,15.964611,19.09915,19.570614,24.536522,23.788084,21.752142,25.947823,27.790659,24.604818,24.1102,29.345863,28.55776,25.653017,29.197287,32.522427,30.5213,28.947258,34.015488,36.248047,36.969627,34.065426,34.488262,38.091976,36.65959,33.923656,30.426264,27.215631,26.32249,31.480886,31.6362,25.45593,28.568941,27.312347,30.801813,28.14055,23.73844,23.688942,20.106314,18.846622,22.015148,18.728275,14.397728,16.695963,18.58183,20.552723,22.730377,21.453028,22.303694,26.087152,26.74886,28.233658,32.060123,29.342505,25.080378,21.790932,21.802353,16.809572,17.022781,15.590694,15.647578,19.688686,22.051456,25.312563,27.96152,28.77144,28.584217,26.873165,27.93637,25.154408,25.717237,21.471199,25.590462,19.439623,21.642561,22.426117,18.475283,17.469221,12.876181,12.731312,8.725634,8.139358,7.7625923
5,13.868707,12.312066,10.443691,6.6198874,5.3133955,0.0,6.1438293,6.9759946,9.602081,12.94604,15.399475,18.718151,20.766537,20.98491,23.288034,17.643497,20.16546,16.53528,22.48656,18.497355,22.28364,23.178782,27.589867,23.318918,20.025177,20.362703,15.875329,18.121698,15.126657,18.139044,15.469693,20.495352,20.111681,25.202284,23.857311,20.879673,24.848019,27.44284,23.869257,22.590185,28.044916,27.824944,24.266909,27.208897,31.125198,29.277456,26.870184,31.797195,34.494164,35.422787,33.148735,32.902626,37.119694,36.1087,33.47399,30.295416,26.875862,26.693594,32.047634,31.805899,25.930807,29.907001,29.355822,32.748337,29.530214,25.259726,26.284414,22.990826,20.70441,24.158695,21.92375,17.550669,18.581005,20.805702,21.866135,24.301033,22.22999,22.468817,25.820156,26.131874,26.940222,30.48158,27.20112,22.92394,19.809553,19.204578,14.129306,13.510515,11.179159,11.221929,14.953265,17.512735,20.988981,23.820698,24.62467,24.424923,22.7473,23.565447,20.398996,21.18745,16.663233,21.043385,15.074204,17.642715,18.938875,15.001195,13.37728,9.379276,8.531713,3.6651218,5.3715477,5.177873
6,18.220705,16.61142,13.593576,9.402625,5.709559,6.1438293,0.0,6.153828,6.97361,10.690899,13.504601,15.780656,18.596506,18.110752,21.82615,16.057821,19.080357,15.987201,22.048613,19.03534,22.737226,24.46692,28.5924,23.56457,20.530294,19.85925,14.945921,15.623922,11.802863,13.7943735,10.770085,14.671131,14.368368,19.442368,18.61096,16.244696,20.372135,22.567852,19.60204,18.888783,24.041039,23.961702,21.092348,24.28354,27.663757,26.52238,24.911001,29.41717,31.952305,32.290215,29.7334,30.799791,34.25899,32.649345,30.499075,27.549131,23.785343,23.62402,28.685379,27.822954,21.83915,25.613329,24.743324,27.793552,24.387842,20.112068,21.195078,17.748177,16.049583,20.223644,17.860275,13.362829,15.286682,18.757528,19.360548,22.669416,21.379307,21.065271,25.467794,24.917128,26.470495,30.029512,27.064615,22.68549,18.78872,19.969053,13.8484955,15.78861,14.23452,15.545816,19.225725,22.107311,25.221336,27.566278,27.656681,26.816637,24.556246,25.008762,22.425526,22.048777,18.18651,21.52022,15.322988,17.337042,17.941948,14.520468,13.574684,9.98417,8.954181,7.4406986,5.8770285,8.707007
7,20.520653,18.36282,16.045654,11.861794,9.676979,6.9759946,6.153828,0.0,4.641137,6.1897783,9.318393,12.348636,14.877664,15.620144,19.01566,14.332803,18.03217,15.748539,22.187592,19.926199,24.338743,25.863125,30.522902,26.542486,23.80745,23.695953,18.482618,19.63878,15.537707,18.320753,13.088862,18.147842,15.662739,21.028465,20.511414,17.089487,20.616451,24.085646,21.407774,19.67282,24.730337,26.111612,22.788244,24.849922,28.863214,28.67794,26.210337,29.98935,33.289085,33.472507,31.855234,32.750904,36.64083,35.267437,33.603554,31.202414,27.104704,27.771364,32.817493,31.155807,25.637,30.104914,29.674152,32.354202,28.325048,24.334408,26.288698,22.984346,21.084938,25.617088,23.760012,19.312656,20.791334,24.450264,24.525288,28.004347,26.231874,25.453573,29.500885,28.536846,29.470526,32.64473,29.070961,24.728668,20.919825,21.714167,15.373009,16.649277,13.782187,15.092433,17.857164,20.907404,24.368301,27.028202,27.120886,26.184496,23.86695,23.531845,20.202414,19.461246,15.098499,17.68298,11.353156,12.319202,12.806043,8.820473,8.243097,3.8510578,6.075153,6.387417,8.160253,11.07658
8,23.407467,21.77649,19.382526,15.123236,12.124774,9.602081,6.97361,4.641137,0.0,4.8882823,6.665112,9.389132,11.742411,11.645118,15.259423,10.211507,14.051371,12.197687,18.557451,17.135635,21.55805,23.537643,28.08091,24.166393,21.880339,21.466587,16.077063,16.665316,12.339324,15.2938385,9.107978,15.080116,12.608607,17.598837,16.43229,12.679165,16.173609,19.731672,16.959349,15.059373,20.116812,21.694427,18.379711,20.27615,24.270859,24.433235,22.026373,25.520554,28.86697,28.902826,27.431973,28.613087,32.36959,30.960285,29.592579,27.555302,23.254446,24.385372,29.257048,27.10099,21.890892,26.727787,26.714613,29.13429,24.7755,21.029106,23.768847,20.870485,18.414936,23.188892,22.228256,18.045227,18.80235,23.113804,22.279888,26.277216,24.527706,23.027475,27.31413,25.590425,26.579334,29.521263,25.952223,21.667898,17.576422,19.287748,12.546152,15.30696,13.02574,15.328533,17.849913,21.088799,24.080297,26.233374,25.692123,24.250582,21.547398,20.947412,18.204596,16.727507,13.139568,15.215935,9.073695,10.657852,11.348674,8.704483,7.5202026,6.7180276,4.648965,7.942076,7.826957,11.973749
9,26.674164,24.539906,22.174164,17.960249,15.440374,12.94604,10.690899,6.1897783,4.8882823,0.0,3.9715464,6.336567,9.223811,10.463397,14.776535,11.637161,16.030296,15.366377,21.49551,20.954905,25.553091,27.517282,32.17951,28.685074,26.57441,26.204832,20.808626,21.169268,16.739204,19.295095,12.373099,17.3662,13.062967,18.04696,17.949627,14.077154,16.730747,21.046703,19.238922,17.000319,21.363274,24.254072,21.210232,22.192085,26.203106,27.517511,24.994028,27.531384,31.3025,30.868868,30.018902,31.727577,35.310043,33.77346,33.01133,31.43436,26.943253,28.44511,33.047264,30.186312,25.370485,30.247107,30.190456,32.1615,27.489069,24.043327,27.005098,24.079014,22.203787,27.258749,26.18517,22.043278,23.25834,27.772259,26.87318,31.020102,29.36867,27.720917,32.041477,30.025797,30.914919,33.611813,29.88781,25.733877,21.663954,23.494736,16.84536,19.40981,16.635569,18.768383,20.679842,23.900507,27.034937,29.318384,28.725103,27.159704,24.396482,23.10715,20.051582,17.893274,14.417633,14.833158,9.1806345,8.180344,7.620868,4.9451942,5.841599,5.8442717,7.7675686,11.38159,12.445543,16.240051
10,29.20581,27.377316,25.268639,21.070078,18.472702,15.399475,13.504601,9.318393,6.665112,3.9715464,0.0,4.092711,5.5740123,7.176834,10.913579,8.755197,13.194928,13.493212,19.15112,19.559992,24.196798,26.240316,30.895855,28.036509,26.385263,26.129185,20.825336,21.169529,16.966568,19.867563,12.550778,18.262938,13.907931,18.147858,17.37586,12.971713,14.938983,19.748652,17.90027,15.075319,19.169275,22.681147,19.450047,19.643923,23.902653,25.692528,22.795225,24.751598,28.83437,28.362835,28.111082,29.641743,33.368614,32.068836,31.622465,30.507917,25.95703,28.025745,32.446968,29.160889,24.914652,30.190563,30.659079,32.400055,27.461042,24.382769,28.037645,25.529097,23.091862,28.098827,27.804853,23.895893,24.345535,29.023993,27.477133,31.793663,29.920647,27.766376,31.872057,29.358706,29.929008,32.23533,28.341757,24.42125,20.506834,22.526934,16.158243,19.022005,16.37597,18.928177,20.183327,23.40616,26.193626,28.156384,27.146158,25.253178,22.326902,20.52997,17.721163,14.89016,12.132548,11.426475,6.623761,5.2061024,5.081347,4.9139724,4.9332967,8.416808,8.217847,13.058741,13.921984,17.862745
11,32.58075,30.669231,28.251062,23.98217,21.10131,18.718151,15.780656,12.348636,9.389132,6.336567,4.092711,0.0,4.1113677,5.315082,10.8928175,10.139461,14.491305,15.646413,20.725172,21.967934,26.367212,28.737307,33.14479,30.16018,28.749996,28.110004,22.874323,22.455652,18.188786,20.361446,12.836252,17.306128,12.036144,15.633181,15.570556,11.510255,12.649851,17.693918,16.899155,14.260432,17.439655,21.827328,19.278118,18.999964,22.775206,25.619408,23.219774,24.304182,28.394669,27.321114,27.306152,29.806242,32.93411,31.292768,31.477724,30.812975,26.13297,28.437687,32.40982,28.441216,24.635519,29.764444,30.212791,31.429611,26.278463,23.61752,27.557533,25.268414,23.273779,28.47594,28.379354,24.760431,25.428959,30.508173,28.648792,33.274242,31.76123,29.312399,33.73555,30.734333,31.574165,33.70558,30.024578,26.259027,22.167723,24.989988,18.590176,22.253258,19.98543,22.734657,24.01399,27.242651,29.852024,31.586021,30.277292,28.115715,25.007729,22.957294,20.661617,17.20227,15.354766,13.5106945,10.0328045,7.7660217,6.226544,7.8079,8.864769,11.83122,11.934398,16.697023,16.972754,21.177097
12,34.537918,32.854603,30.778883,26.56724,23.817495,20.766537,18.596506,14.877664,11.742411,9.223811,5.5740123,4.1113677,0.0,3.903783,7.423121,8.834999,12.676608,14.8031645,19.122978,21.178865,25.547487,27.806984,32.209362,30.027971,29.016441,28.653305,23.620554,23.478285,19.603296,22.239433,14.835036,20.027018,15.254135,18.10498,17.213512,12.814506,13.107188,18.443466,17.422138,14.177069,16.96393,21.821428,18.974688,17.755785,21.860588,24.993713,22.052103,22.525639,26.972439,26.007763,26.727528,28.695383,32.11952,30.884747,31.269156,31.003235,26.400133,29.180243,33.02799,28.864939,25.642508,31.105558,32.062828,33.189766,27.931574,25.578465,29.976576,28.012398,25.445164,30.434916,30.933208,27.44162,27.409954,32.39747,30.116945,34.711323,32.88044,30.110836,34.125637,30.849367,31.234364,32.952824,29.072035,25.616638,21.902954,24.527344,18.711723,22.147238,19.91146,22.79563,23.371893,26.478498,28.763412,30.236345,28.637629,26.271597,23.151934,20.594261,18.508419,14.545596,13.5716715,10.405327,8.822752,6.31447,5.5324316,8.920083,9.211071,13.804243,12.957663,18.177567,18.64618,22.697784
13,34.678802,33.278477,31.014763,26.76353,23.62,20.98491,18.110752,15.620144,11.645118,10.463397,7.176834,5.315082,3.903783,0.0,6.631466,7.0893564,10.6646385,13.053594,16.954214,19.420288,23.4641,26.05491,30.150396,27.715803,26.934965,26.24805,21.388454,20.710949,17.019478,19.3494,12.188694,17.226479,13.085216,15.281998,13.712069,9.27829,9.357761,14.661095,13.611754,10.385457,13.111594,17.975235,15.354786,14.190633,18.116123,21.417032,18.853155,19.255785,23.52502,22.421776,22.945116,25.322645,28.46279,27.077524,27.591011,27.48278,22.854326,25.76927,29.391665,25.03669,22.038298,27.509535,28.648682,29.624453,24.329449,22.20117,26.888443,25.257666,22.50273,27.396572,28.363302,25.20366,24.826008,29.980898,27.315928,32.066124,30.427362,27.382185,31.551327,27.92931,28.534752,30.186493,26.554129,23.187796,19.333763,22.669073,16.916344,21.216822,19.642923,22.845732,23.70494,26.838348,28.838612,29.984528,28.1043,25.535828,22.243809,19.918598,18.544827,14.465972,14.144229,11.62018,10.0062065,9.314165,9.146679,11.668548,11.346596,15.46576,13.241881,18.478792,18.006323,22.27718
14,36.316425,35.357883,33.71371,29.675425,26.867437,23.288034,21.82615,19.01566,15.259423,14.776535,10.913579,10.8928175,7.423121,6.631466,0.0,6.5285745,7.6876583,11.540315,13.667196,17.278193,21.114038,23.318108,27.364958,26.420782,26.261084,26.20364,21.904167,22.028223,19.249174,22.423983,16.135551,22.247282,19.201366,20.965862,18.193247,13.737764,13.290534,18.038452,16.040506,12.209737,14.557843,19.022493,15.649971,13.200532,17.809923,20.647554,16.8996,16.760878,21.522854,21.124832,22.699217,23.393587,27.362942,26.937191,27.339977,27.62435,23.389647,26.81771,30.368263,26.287855,24.075415,29.906826,31.776936,32.900303,27.763853,25.912357,30.898518,29.639736,25.980818,30.279356,31.97895,28.958635,27.495743,32.15338,29.068277,33.4772,31.22845,27.893967,31.118776,27.36385,27.05228,28.03135,24.046013,21.285042,18.391233,20.903793,16.614326,20.030052,18.655392,21.87182,21.584223,24.364164,25.71077,26.360493,24.051441,21.223768,18.024405,14.95768,14.163639,9.4621525,11.13324,7.159013,9.3854685,9.954495,11.331913,14.357179,12.900309,18.273954,14.814121,20.09764,19.973585,23.671623
15,30.456497,29.704464,27.948025,23.959751,20.981451,17.643497,16.057821,14.332803,10.211507,11.637161,8.755197,10.139461,8.834999,7.0893564,6.5285745,0.0,4.5047026,6.0849586,10.633986,12.467245,16.726091,19.107811,23.412558,21.32412,20.60378,20.427235,15.752153,16.11837,13.107411,16.736563,10.711212,17.806551,15.913398,18.567696,15.246232,10.572986,12.153079,16.25279,12.890494,9.359481,13.878262,16.427826,12.367077,12.188946,17.028025,18.002287,14.419682,16.695522,20.790466,21.000343,20.995632,21.376284,25.64892,25.013063,24.356827,23.622223,19.293396,22.06664,26.301743,23.155237,19.739223,25.561525,27.10184,28.884686,24.039904,21.474634,25.967846,24.421394,20.492764,24.735268,26.102062,22.910252,21.391191,25.896395,23.155226,27.467196,25.196962,22.191,25.71582,22.46776,22.536713,24.287006,20.321104,16.806908,13.263743,15.840857,10.524235,14.521499,13.395575,16.824173,17.514265,20.548132,22.214046,23.149178,21.230658,18.72004,15.427593,13.616712,12.40374,9.046624,8.735402,8.773472,6.810086,9.891991,11.806839,12.775925,10.474175,14.620239,9.59735,14.600229,13.756766,17.545984
16,31.922855,31.681492,30.226257,26.487766,23.586374,20.16546,19.080357,18.03217,14.051371,16.030296,13.194928,14.491305,12.676608,10.6646385,7.6876583,4.5047026,0.0,4.6234136,6.4511294,9.805571,13.510728,15.932709,19.936283,18.738546,18.736107,18.7922,14.927042,15.517731,13.713715,17.490185,13.005811,19.969604,19.184847,21.08411,16.87719,12.721775,13.762943,16.993954,13.039953,9.598905,13.589684,15.185166,10.729023,10.062371,15.11065,15.257638,10.934756,13.439602,17.512121,18.384077,18.704311,17.85934,22.652742,22.649347,21.80145,21.353079,17.422945,20.574947,24.574923,21.716621,19.053139,24.958582,27.09968,28.891953,24.310879,22.148409,26.841125,25.824083,21.291065,24.83375,27.016375,24.286077,21.776014,25.859745,22.588367,26.638771,24.094677,20.707808,23.551533,19.975992,19.49317,20.72558,16.651308,13.638454,10.857279,13.355253,9.779628,13.646403,13.527227,17.01801,17.137768,19.803738,20.677073,20.918285,18.455103,15.592388,12.193061,10.360041,10.582948,7.402557,9.179934,9.668766,9.871375,13.532636,15.785315,16.915207,14.27303,18.438654,12.650628,17.01112,15.758257,18.977571
17,27.577478,27.57005,26.232662,22.697006,19.916178,16.53528,15.987201,15.748539,12.197687,15.366377,13.493212,15.646413,14.8031645,13.053594,11.540315,6.0849586,4.6234136,0.0,6.4408903,6.415634,10.840749,13.141836,17.557894,15.496912,14.850727,15.121246,10.933418,12.412814,10.736821,15.121167,11.554438,18.949808,19.03257,21.628124,17.409977,13.485313,15.749642,18.412067,13.7772665,11.085679,16.0246,16.077074,11.373112,12.653735,17.338554,15.787939,11.774809,16.100004,19.388315,20.764929,19.96295,18.541092,23.564833,23.530144,21.69985,20.246466,16.495998,18.827768,23.474915,21.719683,18.064838,23.76476,25.566494,27.986155,23.820456,21.059813,25.08085,23.764463,19.039211,22.328733,24.092485,21.16929,18.537706,22.183226,19.396313,23.132696,20.34899,17.429636,20.270292,17.481133,17.116621,19.09622,14.967107,11.204995,8.057823,9.771211,5.302175,9.277123,9.517885,13.068971,13.886114,16.641272,17.768385,18.324457,16.374826,14.017713,10.821118,10.43165,9.991243,8.801109,8.584716,11.668174,9.819505,14.422175,16.885506,16.763393,13.734445,16.715212,10.144797,13.523755,11.858156,14.689887
18,32.167667,32.703537,31.649015,28.40933,25.695534,22.48656,22.048613,22.187592,18.557451,21.49551,19.15112,20.725172,19.122978,16.954214,13.667196,10.633986,6.4511294,6.4408903,0.0,6.0470524,7.958479,10.436713,13.842184,13.728344,14.726269,15.1945915,12.978865,14.137967,14.327174,18.069666,16.174713,22.698399,23.574505,24.997726,20.017889,16.806278,17.96372,19.670113,14.999998,12.658297,16.07741,15.165919,10.675475,10.894337,15.128235,12.5797825,7.6064444,11.958801,14.876715,17.189634,17.064354,13.736119,19.41586,20.384659,18.545288,17.897142,14.996731,18.018568,21.838575,20.273201,18.260405,23.805994,26.497429,28.598473,24.79894,22.927404,27.29874,26.85393,21.68406,23.956837,26.949125,24.872976,21.138954,24.213133,20.561342,23.87652,20.951422,17.362703,18.973335,15.377534,14.014515,14.735084,10.484412,8.188643,7.323804,9.021893,9.173087,12.149705,13.797381,16.938387,16.763678,18.71702,18.451612,17.684086,14.707973,11.698722,8.562183,8.340806,10.791294,9.92752,12.416734,14.480238,15.092264,19.419954,21.945612,22.576565,19.56384,23.046091,16.513733,19.545446,17.653975,19.826975
19,26.627558,27.520144,26.771206,23.955788,21.624834,18.497355,19.03534,19.926199,17.135635,20.954905,19.559992,21.967934,21.178865,19.420288,17.278193,12.467245,9.805571,6.415634,6.0470524,0.0,4.8259997,6.7808986,11.346773,9.908856,9.794159,11.049536,8.795126,11.68099,12.300084,16.55412,15.760757,22.492006,24.02693,26.339308,21.632175,18.526009,20.864267,22.37864,17.25707,15.48985,19.961784,18.001837,13.490182,15.542403,19.486624,15.558856,11.610866,17.284954,19.397673,21.931503,20.567743,16.991726,22.604734,23.385624,20.39149,18.304173,15.777648,17.434332,22.107613,22.023325,18.688198,23.79305,25.900095,28.79614,25.531942,22.895248,26.272608,25.36774,20.152864,22.022963,24.278019,21.94501,18.162527,20.360384,17.591639,20.230667,16.807278,14.113981,15.415527,13.415279,12.066092,14.116506,9.833615,6.137595,5.4520416,3.698315,5.341887,6.563204,9.317261,12.057447,12.613448,14.45833,14.438517,14.137535,12.082062,10.107637,7.6628227,9.672277,10.671139,11.911331,12.194229,16.424768,15.2363405,20.182476,22.890512,22.309923,19.026188,21.2051,14.441616,15.9014225,13.82728,14.967168
20,28.718876,30.143377,29.560743,27.138832,24.881687,22.28364,22.737226,24.338743,21.55805,25.553091,24.196798,26.367212,25.547487,23.4641,21.114038,16.726091,13.510728,10.840749,7.958479,4.8259997,0.0,3.5004969,6.793663,6.3248463,7.9235992,9.426497,9.7484665,12.31001,14.509659,18.023952,18.923143,24.81877,27.276772,28.989126,23.912195,21.501043,23.586504,24.185616,19.030544,17.933084,21.699549,18.470097,14.553518,16.82821,19.889696,14.554744,11.248116,17.251492,18.235003,21.4574,19.75951,14.794589,20.49321,21.879753,18.251465,16.042986,14.704375,16.033596,20.192728,21.14566,18.61315,23.09103,25.590137,28.513626,25.926682,23.74722,26.857206,26.542305,21.14379,21.884985,24.86086,23.300276,18.727562,20.008154,16.881138,18.736822,15.212978,12.356169,12.184791,10.226599,7.8676605,9.576619,5.369172,2.7030125,5.974945,3.2533193,9.145933,9.737231,13.304382,15.3980255,15.790545,16.88048,15.867375,14.575417,12.263934,10.573828,9.154759,11.989247,14.194813,15.751757,16.736334,20.702032,20.011381,24.916555,27.594513,27.103416,23.843912,25.855753,19.09371,20.060715,17.591928,18.147667
21,28.291971,30.007902,29.88906,27.83044,26.012962,23.178782,24.46692,25.863125,23.537643,27.517282,26.240316,28.737307,27.806984,26.05491,23.318108,19.107811,15.932709,13.141836,10.436713,6.7808986,3.5004969,0.0,5.082161,6.9808908,8.477442,10.9491,11.916015,15.101445,17.3116,20.94165,21.839487,27.903961,30.26396,32.249687,27.269407,24.702957,26.861662,27.644659,22.480427,21.250406,25.079733,21.953999,18.030836,20.08247,23.209492,17.813038,14.447879,20.150465,21.070505,24.504961,22.992153,17.470297,23.230492,24.928745,21.129595,18.822962,17.942787,18.921198,22.98229,24.406143,21.89751,26.1228,28.520227,31.60767,29.230213,26.95482,29.761024,29.329224,23.99478,24.472303,27.168573,25.552513,21.035244,21.618202,19.035404,20.153492,16.339664,14.238068,12.877461,12.218779,9.223737,10.546563,6.817051,5.9065676,9.3079605,4.675528,11.320393,9.901352,13.523472,14.915093,14.778009,15.209284,13.557775,11.815054,9.718633,8.75714,8.493848,12.0976305,14.251691,16.760725,17.589561,21.960073,21.503008,26.510551,29.37396,28.689613,25.29404,27.172575,20.568409,20.98165,18.970665,18.791307
22,31.510294,33.60186,33.53658,31.761953,29.934046,27.589867,28.5924,30.522902,28.08091,32.17951,30.895855,33.14479,32.209362,30.150396,27.364958,23.412558,19.936283,17.557894,13.842184,11.346773,6.793663,5.082161,0.0,6.8086486,9.844269,11.92249,14.728167,17.216055,20.345276,23.258324,25.326216,30.6351,33.692013,35.124123,29.907293,27.933102,29.846363,29.8701,24.836517,24.14643,27.318449,23.291891,20.072355,22.18297,24.427296,18.19632,15.776137,21.20287,21.008047,24.88078,23.138597,16.682198,22.037123,24.2783,20.078564,17.86708,18.277632,18.873487,22.066393,24.42427,22.822535,26.264702,28.957628,31.939184,30.2445,28.471825,31.0029,31.132095,25.80701,25.298668,28.59,27.721394,22.720146,22.51842,19.719595,19.99333,16.443472,14.437001,11.388443,11.125757,7.2773814,7.299486,5.5992856,7.6986256,12.140042,8.835645,15.588951,14.654749,18.456968,19.617199,19.511072,19.521341,17.31935,14.930218,12.898656,12.298816,12.662897,16.10232,18.89102,21.222826,22.52068,26.563726,26.3821,31.342548,34.143433,33.58202,30.231113,32.04589,25.397297,25.665497,23.305391,22.940382
23,27.360422,29.329424,28.726437,26.89824,24.764593,23.318918,23.56457,26.542486,24.166393,28.685074,28.036509,30.16018,30.027971,27.715803,26.420782,21.32412,18.738546,15.496912,13.728344,9.908856,6.3248463,6.9808908,6.8086486,0.0,3.8312192,5.144973,8.914743,11.22219,14.864644,17.29517,20.536636,25.117363,28.857944,30.41024,25.454206,23.98279,26.514902,26.097584,21.009487,20.982489,24.662827,20.008112,17.023642,20.497,22.56,16.086628,14.675132,21.021889,20.786945,24.049883,21.083075,16.376408,21.060131,22.208265,17.57116,14.116736,14.121101,13.673943,17.748333,20.605947,17.785912,20.93483,23.092339,26.485056,25.016422,22.813564,24.755291,24.732214,19.543104,18.832567,21.850355,21.096714,16.04248,15.745339,13.038285,13.517869,9.899356,7.830554,5.9969516,6.2604923,4.5387745,8.123257,6.8986683,5.7385035,8.538319,6.52516,11.944972,12.27773,16.341465,17.738823,19.113726,19.877865,18.921867,17.752739,16.381884,15.679504,14.984393,18.173296,19.935822,21.696028,21.928986,26.318136,24.628376,29.524376,31.997837,30.92759,27.816458,28.724207,22.2085,21.992405,18.834549,18.573895
24,23.619455,25.56973,24.942867,23.236,21.24473,20.025177,20.530294,23.80745,21.880339,26.57441,26.385263,28.749996,29.016441,26.934965,26.261084,20.60378,18.736107,14.850727,14.726269,9.794159,7.9235992,8.477442,9.844269,3.8312192,0.0,3.4370055,6.599216,9.867182,13.081924,15.718794,18.95197,23.603336,27.274544,29.381935,24.813568,23.21303,26.237644,26.110714,20.997679,20.942366,25.204622,20.88296,17.700487,21.564474,23.982805,17.994108,16.50485,23.017694,23.246819,26.129143,22.950224,19.179174,23.712189,24.330656,19.79349,15.936229,15.280475,14.342304,19.04736,21.803614,17.960167,21.124258,22.656069,26.387735,24.837196,22.064632,23.54545,22.987154,18.006847,17.613604,19.736303,18.529142,13.8759985,13.37887,11.601952,12.070933,8.091777,7.16051,6.8316846,8.369762,8.073725,11.897986,10.292522,7.776329,8.822988,6.3620205,10.364787,10.16202,14.13012,15.239532,17.293488,18.236149,17.927292,17.49115,16.765661,16.395971,15.60169,18.782478,19.668875,21.586359,20.93142,25.764793,23.248482,28.114443,30.513731,28.96078,25.920856,26.167553,19.941675,19.043798,15.831285,15.144086
25,24.647354,26.379139,25.262468,23.353989,20.944748,20.362703,19.85925,23.695953,21.466587,26.204832,26.129185,28.110004,28.653305,26.24805,26.20364,20.427235,18.7922,15.121246,15.1945915,11.049536,9.426497,10.9491,11.92249,5.144973,3.4370055,0.0,5.3989244,7.2576814,11.156383,13.022201,17.260794,21.09429,25.319403,27.048578,22.49098,21.443336,24.482473,23.813135,18.866991,19.364079,23.401407,18.603968,15.939777,20.27935,22.206398,16.17707,15.556874,22.031023,21.942717,24.529224,20.845692,17.929823,21.855288,22.031712,17.459684,13.2940645,12.609284,11.167005,16.011738,18.936674,14.890974,17.763971,19.234613,22.992147,21.629364,18.933548,20.284525,19.974344,14.976295,14.282565,16.813374,16.017788,11.00075,10.83292,8.327214,9.441996,5.887563,3.8558173,5.8553543,6.4378476,7.812265,11.917738,10.933005,8.287842,8.287157,8.215553,10.592032,12.107198,15.803109,17.311035,19.727283,21.026865,21.01077,20.680782,19.722353,18.980042,17.744308,20.520588,21.464022,22.725649,22.130413,26.573147,23.764486,28.413832,30.55276,29.081697,26.266895,26.38083,20.24195,19.62372,15.871754,15.795823
26,22.752024,23.770184,22.259039,19.668724,16.860003,15.875329,14.945921,18.482618,16.077063,20.808626,20.825336,22.874323,23.620554,21.388454,21.904167,15.752153,14.927042,10.933418,12.978865,8.795126,9.7484665,11.916015,14.728167,8.914743,6.599216,5.3989244,0.0,4.539469,6.5538993,9.814957,12.413509,17.294367,20.698896,23.050552,18.77166,17.077732,20.475481,20.640184,15.6359825,15.61694,20.367033,16.779894,13.461082,17.76067,20.478317,15.830611,14.459688,20.72931,21.71835,23.680342,20.407597,18.71758,22.854504,22.484371,18.766151,15.14996,12.711608,12.282514,17.686373,18.885496,13.897605,17.944984,19.070415,22.675503,20.23631,16.933775,18.944319,17.849497,12.7873955,14.08785,15.770419,13.700979,9.608663,11.70208,9.433407,12.419478,9.573831,7.5309534,11.239389,10.294565,11.5705595,15.314428,12.98307,8.954694,6.296044,7.5554523,6.0268083,9.17607,12.074385,14.195256,17.00887,19.018412,19.865559,20.260283,19.295834,18.19345,16.27375,18.349274,18.466114,19.174055,17.971226,22.30064,18.863293,23.338448,25.345644,23.782738,21.080378,21.174385,15.057449,14.879538,10.954172,11.875265
27,25.768534,26.500668,24.43872,21.609324,18.291965,18.121698,15.623922,19.63878,16.665316,21.169268,21.169529,22.455652,23.478285,20.710949,22.028223,16.11837,15.517731,12.412814,14.137967,11.68099,12.31001,15.101445,17.216055,11.22219,9.867182,7.2576814,4.539469,0.0,4.6050296,6.0952935,10.532252,13.957688,18.25757,19.797049,15.3715925,14.64164,17.907831,17.154535,12.422276,13.375966,17.595396,13.353571,10.959537,15.859257,17.748144,13.386225,13.342481,19.181469,19.7488,21.184008,17.330664,17.086855,20.269884,19.236088,15.809504,12.234365,9.288987,8.668077,14.093525,14.886322,9.492842,13.585732,14.764825,18.213518,15.713017,12.532543,14.872494,14.251113,8.896962,10.395717,12.990881,11.5686,7.0787525,10.685847,7.105826,11.513926,10.011071,6.997122,12.162227,9.854898,12.346661,15.840193,14.224079,10.63281,7.3008556,11.007178,8.697535,13.344313,15.813917,18.261496,21.082682,23.29363,24.168003,24.420372,23.094765,21.59344,19.332474,20.891676,21.324211,21.129187,20.341982,23.808489,20.367283,24.356735,25.943714,24.733759,22.432386,22.606615,16.824091,17.36553,13.090609,14.929459
28,24.799412,24.867899,22.461226,19.093756,15.451497,15.126657,11.802863,15.537707,12.339324,16.739204,16.966568,18.188786,19.603296,17.019478,19.249174,13.107411,13.713715,10.736821,14.327174,12.300084,14.509659,17.3116,20.345276,14.864644,13.081924,11.156383,6.5538993,4.6050296,0.0,4.719124,6.194642,10.9147835,14.225781,16.58004,12.67801,11.245,15.049929,15.280159,10.804574,11.204492,16.09895,13.543086,10.801936,15.265426,17.812037,15.198568,14.53299,19.689692,21.19591,21.97194,18.688284,19.508856,22.693546,21.255129,18.731895,15.834258,12.016694,12.235409,17.367405,16.69504,10.927149,15.557887,16.1629,19.254902,15.826273,12.094182,14.898384,13.344171,8.567668,12.172924,13.409645,10.72789,8.288237,13.056568,10.574222,15.156322,13.83942,11.471314,16.535429,14.276319,16.361656,19.656265,17.339716,13.305516,9.043684,12.778341,7.806163,13.120353,14.428166,17.143017,20.146082,22.801428,24.329369,25.134638,23.927298,22.293255,19.682472,20.575924,20.215408,19.447433,18.045322,21.15194,17.02411,20.57514,21.884638,20.556845,18.542198,18.55695,13.201714,14.294471,10.096145,13.049868
29,26.94893,26.973022,24.156298,20.982718,17.187178,18.139044,13.7943735,18.320753,15.2938385,19.295095,19.867563,20.361446,22.239433,19.3494,22.423983,16.736563,17.490185,15.121167,18.069666,16.55412,18.023952,20.94165,23.258324,17.29517,15.718794,13.022201,9.814957,6.0952935,4.719124,0.0,7.529349,8.156011,13.359275,14.7242365,11.22952,11.681562,15.27794,14.087226,10.583094,12.45437,16.302595,12.971281,11.899805,16.69962,18.022692,15.664851,16.506105,21.130737,21.92206,22.202414,18.18608,20.348864,22.317928,20.175547,17.867317,14.893413,11.338609,10.638404,15.178907,14.583948,8.342611,11.910861,11.817236,14.952377,11.863657,7.8083673,10.183069,8.889382,3.933057,8.2834635,9.75659,8.001741,6.056941,11.637202,9.057146,14.033575,14.039924,11.882926,17.488277,15.138315,18.093357,21.341808,19.891748,16.34721,12.429601,16.629162,12.439459,17.598036,19.018534,21.547789,24.739979,27.335842,28.821482,29.527006,28.292852,26.644451,24.058912,24.948109,24.821423,23.773722,22.544807,25.196363,21.020845,24.035666,24.883944,23.624022,22.094301,21.645552,17.117947,17.978632,13.7012205,16.449696
30,27.422216,26.628689,23.806686,19.850155,15.964611,15.469693,10.770085,13.088862,9.107978,12.373099,12.550778,12.836252,14.835036,12.188694,16.135551,10.711212,13.005811,11.554438,16.174713,15.760757,18.923143,21.839487,25.326216,20.536636,18.95197,17.260794,12.413509,10.532252,6.194642,7.529349,0.0,7.65461,8.505299,11.564534,8.5914135,6.205794,10.473397,12.031046,8.868813,8.638107,13.48664,13.550939,11.27458,14.455809,17.227064,17.216984,16.403805,19.942684,22.331814,22.037384,19.5986,22.060343,24.7637,22.77174,21.608625,19.762598,15.296205,16.473492,20.851088,18.302958,13.069754,17.905838,18.181793,20.29555,15.789514,12.238852,15.890677,13.874491,10.70122,15.721481,16.226133,13.123497,12.863581,18.225718,16.033363,20.852232,19.9329,17.506378,22.61489,19.795542,21.716103,24.547693,21.870085,17.89654,13.326579,17.384432,11.162565,16.617659,16.552702,19.537376,22.259764,25.314348,27.33331,28.485788,27.138947,25.165127,22.152246,21.955393,21.021807,19.037336,17.476336,19.12496,14.687185,16.954187,17.514336,16.639791,15.433722,15.809162,11.772017,14.4289875,11.247943,15.408321
31,31.04082,30.103653,26.688633,23.068367,19.09915,20.495352,14.671131,18.147842,15.080116,17.3662,18.262938,17.306128,20.027018,17.226479,22.247282,17.806551,19.969604,18.949808,22.698399,22.492006,24.81877,27.903961,30.6351,25.117363,23.603336,21.09429,17.294367,13.957688,10.9147835,8.156011,7.65461,0.0,6.605064,7.3850026,6.814587,8.953403,12.05827,11.068771,10.614936,12.645908,15.226046,14.656895,14.855347,18.253275,19.119162,19.771864,20.8378,23.585707,24.998636,23.869562,20.610518,24.994255,25.970474,22.954,22.396282,20.699331,16.722397,16.954208,20.096613,17.296722,12.300805,15.07589,14.030675,15.357042,11.123906,7.665697,10.487921,8.523491,8.281209,13.418014,13.319622,11.477666,12.989238,18.477175,16.669064,21.476086,22.018595,19.974163,25.587421,22.78057,25.647888,28.487597,26.792456,23.247698,18.914392,23.500061,18.018776,23.445055,23.708914,26.408682,29.506004,32.485264,34.501682,35.58396,34.257633,32.307487,29.341036,29.272816,28.62344,26.460032,25.06946,26.231031,21.839401,23.20684,22.960619,22.133913,21.79759,21.215225,18.67998,20.520761,17.156073,20.817371
32,32.360756,30.763742,27.370762,23.34176,19.570614,20.111681,14.368368,15.662739,12.608607,13.062967,13.907931,12.036144,15.254135,13.085216,19.201366,15.913398,19.184847,19.03257,23.574505,24.02693,27.276772,30.26396,33.692013,28.857944,27.274544,25.319403,20.698896,18.25757,14.225781,13.359275,8.505299,6.605064,0.0,5.530599,7.741384,7.695914,10.2025385,11.846329,12.424436,12.824423,15.300576,17.47772,17.003368,18.931644,20.635946,22.90356,22.916594,24.71027,27.185144,25.614445,23.614075,28.062433,29.502684,26.664982,26.804117,25.69375,21.265278,22.403341,25.677662,21.93287,17.581484,21.147358,20.475231,21.302477,16.578135,13.853857,16.964594,14.740973,14.555454,19.860308,19.333933,16.643353,18.51044,24.004625,22.35101,27.195175,27.136911,24.964575,30.390099,27.40036,29.686712,32.322506,29.895445,26.136545,21.586172,25.863316,19.520193,24.67148,23.896004,26.672876,29.373499,32.57623,34.981976,36.41104,35.092587,33.002266,29.852995,29.007053,27.724922,24.913582,23.272247,23.321285,18.95286,18.972828,17.993732,17.603476,18.111814,17.926836,16.901955,19.735733,17.575968,21.776093
33,37.108547,35.758904,32.33333,28.410973,24.536522,25.202284,19.442368,21.028465,17.598837,18.04696,18.147858,15.633181,18.10498,15.281998,20.965862,18.567696,21.08411,21.628124,24.997726,26.339308,28.989126,32.249687,35.124123,30.41024,29.381935,27.048578,23.050552,19.797049,16.58004,14.7242365,11.564534,7.3850026,5.530599,0.0,5.568343,8.380933,8.942418,8.587346,11.311667,12.768215,13.212361,15.531903,16.53977,18.04407,18.429197,21.68174,22.68904,23.44958,25.39551,23.15384,21.184036,26.856073,27.208912,23.91588,24.935019,24.582247,20.377462,21.79305,23.988844,19.382381,16.283895,19.209553,18.775946,18.491346,13.594822,12.263123,15.986967,14.951569,15.165737,19.931175,20.414997,18.83072,20.139126,25.69366,23.353872,28.32331,28.719425,26.090372,31.53254,27.9077,30.429556,32.64678,30.717731,27.452328,23.10991,28.102417,22.397667,28.099403,27.85466,30.870691,33.396736,36.545124,38.57589,39.592716,37.875126,35.505917,32.258255,31.302692,30.716345,27.539995,26.779839,26.265436,22.822056,22.859562,21.851164,22.2591,22.681852,23.1953,21.560953,24.67377,22.111029,26.286852
34,35.626713,34.774372,31.668936,27.760624,23.788084,23.857311,18.61096,20.511414,16.43229,17.949627,17.37586,15.570556,17.213512,13.712069,18.193247,15.246232,16.87719,17.409977,20.017889,21.632175,23.912195,27.269407,29.907293,25.454206,24.813568,22.49098,18.77166,15.3715925,12.67801,11.22952,8.5914135,6.814587,7.741384,5.568343,0.0,4.8056564,5.906332,4.50564,5.779867,7.839457,8.796554,10.1783695,11.01362,12.969113,13.482933,16.17396,17.193562,18.347235,20.170956,18.343971,16.114103,21.36559,22.101503,19.092001,19.799305,19.501032,15.12151,17.04111,19.464106,14.765439,11.624326,15.639543,16.212635,16.394686,11.035369,9.574344,14.628199,14.157243,12.4620285,17.026016,18.752506,17.305607,17.121769,22.701763,19.582472,24.677618,24.719227,21.597776,26.822466,22.821514,25.179516,27.211441,25.317478,22.241959,18.052094,23.332432,18.19897,24.204355,24.514778,27.731401,30.049456,33.068672,34.68531,35.332985,33.37351,30.900404,27.673151,26.913025,26.876986,23.871408,23.670473,23.569998,20.606806,21.70573,21.47164,22.003479,21.568005,22.780909,19.566996,22.862019,19.837683,23.948267
35,33.45309,32.50501,29.674694,25.585289,21.752142,20.879673,16.244696,17.089487,12.679165,14.077154,12.971713,11.510255,12.814506,9.27829,13.737764,10.572986,12.721775,13.485313,16.806278,18.526009,21.501043,24.702957,27.933102,23.98279,23.21303,21.443336,17.077732,14.64164,11.245,11.681562,6.205794,8.953403,7.695914,8.380933,4.8056564,0.0,4.29349,7.1023154,5.8445573,5.170285,8.425078,11.114507,9.917959,11.2821865,13.572395,16.110548,15.62523,17.098782,19.898607,18.56746,17.133587,21.057161,23.025688,20.721737,21.023176,20.553808,15.867272,18.23203,21.502708,17.158997,13.632148,18.645683,19.53652,20.388908,15.118388,12.991632,17.8989,16.784912,14.174956,19.026413,20.483395,18.15681,17.685438,23.222857,20.207958,25.268063,24.546366,21.388298,26.33467,22.462873,24.212236,26.264158,23.649126,20.261879,15.917438,20.752619,15.10195,20.906961,20.754093,24.06817,26.08143,29.173466,30.909544,31.713654,29.789335,27.293201,23.996645,22.933521,22.537468,19.38565,19.047064,18.816008,15.865942,17.053305,17.074295,17.754875,17.082336,18.936758,15.459405,19.35738,16.830809,21.155148
