,0,1,2,3,4,5,6,7,8,9,10,11,12,13,14,15,16,17,18,19,20,21,22,23,24,25,26,27,28,29,30,31,32,33,34,35,36,37,38,39,40,41,42,43,44,45,46,47,48,49,50,51,52,53,54,55,56,57,58,59,60,61,62,63,64,65,66,67,68,69,70,71,72,73,74,75,76,77,78,79,80,81,82,83,84,85,86,87,88,89,90,91,92,93,94,95,96,97,98,99,100,101,102,103,104,105,106,107,108
0,0.0,4.7456794,6.9827085,9.411904,12.534286,14.049161,17.567448,21.62868,23.173712,27.896923,31.629892,35.05318,33.840836,31.707907,27.73317,25.586535,21.552649,20.861176,16.61125,14.623078,12.993362,10.575887,12.768357,9.799744,13.551414,16.816153,18.627657,18.251467,20.181097,18.744308,22.501474,20.617939,27.67329,24.35685,28.861868,30.53326,30.988417,31.00482,26.390987,22.59796,27.962053,24.27966,26.611048,25.177443,23.219149,22.8385,23.308744,21.555597,25.054554,28.35423,30.352219,28.980038,30.394754,32.937267,29.996473,32.29617,32.714622,33.379055,38.251564,37.057518,33.91983,37.23862,35.274975,38.45812,36.653805,41.732883,41.16059,37.613567,38.722492,35.946865,35.02726,36.836246,33.37666,38.000717,36.324184,40.139122,40.95186,42.129814,45.375614,44.67404,39.9525,37.74472,34.020493,31.331701,30.362728,25.718891,24.076092,19.515184,20.007345,18.410124,19.384644,19.295336,20.930874,20.173004,21.492102,18.622053,23.198528,25.957535,30.657015,29.35378,33.80371,36.435738,36.78517,33.728096,35.988373,29.65481,30.778921,27.350395,27.70163
1,4.7456794,0.0,5.0490303,6.4910035,8.8594475,11.861171,13.969689,19.007828,20.096363,25.225351,28.812834,32.095657,31.500887,29.551434,25.813671,23.314726,19.669489,18.266573,14.467691,11.509982,11.344689,7.27399,11.247055,7.894342,12.638283,15.131644,15.623667,15.308014,16.556208,16.23666,19.107197,18.460163,25.417944,22.800356,27.220646,29.169329,30.190517,29.859898,25.381117,21.40898,26.0683,22.151804,23.868612,21.88052,20.62529,19.56197,20.67985,18.167376,22.161226,25.110298,27.257637,25.479765,27.72039,29.990019,27.38953,29.996244,29.83693,30.719862,35.67263,33.942974,30.693007,33.732067,31.730894,34.696342,33.091343,37.82597,37.22019,33.615612,34.383793,31.502277,30.798939,32.465378,29.1225,33.818394,32.302288,36.259483,37.17733,38.613533,41.878296,41.192646,36.40051,33.90957,30.347506,27.395771,26.382664,21.661152,19.6678,15.253265,15.476264,14.120607,14.950404,14.834209,16.490963,15.451931,16.930614,14.429176,18.935577,21.444881,26.455067,24.856953,29.424637,32.11244,32.259193,29.145744,31.304935,24.983719,26.067019,22.72827,23.15353
2,6.9827085,5.0490303,0.0,5.0661397,6.9093213,8.101114,11.388296,15.206531,17.26502,21.404978,25.836731,28.729017,27.864113,26.144352,21.897833,20.114946,16.279213,15.792868,12.415214,10.691672,11.098127,9.2275915,13.920606,11.936248,16.581076,18.4609,18.986307,17.574175,17.901573,17.227798,18.833677,17.691898,23.616096,20.100212,24.90256,26.230915,27.572542,27.781343,23.268194,19.666014,24.9786,21.938276,23.215578,22.357712,22.113047,21.2571,23.222885,21.039936,25.35413,28.353352,30.066998,27.478094,29.9832,31.319225,28.42813,30.637375,30.049646,30.325266,35.04838,33.37098,30.222101,33.988018,32.58783,35.758274,35.012913,39.451126,39.31913,36.047684,36.29302,32.91783,32.056107,33.075653,29.286606,33.714127,31.608183,35.557865,35.90805,37.24443,40.21451,39.01647,34.07593,31.872805,28.327698,25.639585,25.290657,20.03568,19.676598,15.586885,16.656088,16.453705,17.490679,17.253302,17.920614,15.736969,16.344786,12.602415,16.98806,20.212336,24.361965,23.735395,27.948708,30.63466,31.4607,28.43383,31.546223,25.185808,26.996023,24.197485,25.121004
3,9.411904,6.4910035,5.0661397,0.0,3.711657,5.989118,8.529851,13.107704,13.903968,19.322742,22.478474,26.023722,25.19977,23.120834,19.612461,16.860477,13.289817,11.8090515,8.11085,5.726921,6.5535336,5.331785,10.280223,9.725187,14.0114355,14.87037,15.390327,13.132352,13.259596,12.280129,13.948946,12.823633,19.175104,16.453074,20.917158,22.829016,24.155409,23.823019,19.42503,15.553396,20.281898,16.972715,18.28165,17.393309,17.224516,16.548365,18.787561,17.116234,21.420721,24.63252,25.847399,22.973854,25.325691,26.371643,23.404581,25.591225,25.007874,25.350914,30.138319,28.517357,25.366245,29.139631,27.768187,31.109394,30.49646,35.09476,35.261147,32.35882,32.84215,29.358582,27.97225,29.104673,25.136824,29.503235,27.388102,31.189386,31.725502,32.915787,36.064102,35.267498,30.54773,28.399548,24.623884,22.050667,21.23136,16.590416,15.908276,11.513711,13.289591,13.225739,15.205488,15.986633,17.644434,14.199391,15.505544,12.299121,15.587501,18.485706,22.134373,21.074102,25.165073,27.595142,28.369589,25.562134,28.555231,22.198816,24.436792,21.401472,23.004768
4,12.534286,8.8594475,6.9093213,3.711657,0.0,5.2943134,5.158642,10.766366,11.365144,16.786308,20.17076,23.327002,23.11401,21.393078,17.981785,15.226979,12.2419815,10.307106,7.989347,5.2088556,8.523229,6.989476,12.530456,12.047106,16.362808,16.565062,15.910476,13.557308,12.429623,12.740761,12.471267,12.818219,18.20115,15.986555,20.346506,22.213783,24.202911,23.772942,19.664047,15.99497,20.000555,16.963049,17.298433,16.302828,17.380922,16.080378,19.17254,16.950304,21.593025,24.338879,25.549961,22.093168,25.29919,25.744938,23.106106,25.395948,24.067036,24.393223,29.094,26.939161,23.741014,27.460852,26.303213,29.438803,29.346634,33.41823,33.69215,30.860456,30.787924,27.051592,25.881397,26.569609,22.568981,26.886097,24.700113,28.665459,29.069778,30.514519,33.5501,32.538,27.65631,25.293922,21.71578,18.920107,18.391537,13.301858,13.114266,9.245677,11.172294,12.132173,13.889932,14.531951,15.62691,11.342317,12.33181,9.038951,11.910595,14.876059,18.472591,17.531492,21.62098,24.141434,24.995026,22.145277,25.463552,19.131454,21.642185,19.027761,20.875502
5,14.049161,11.861171,8.101114,5.989118,5.2943134,0.0,6.089145,7.6775784,9.788921,13.926485,17.95663,21.108322,19.881989,18.046654,13.974492,12.037317,8.266443,8.290723,6.1594934,7.0518928,8.856335,10.65549,15.04408,15.525536,19.429956,19.635572,20.048883,16.871758,15.801386,14.562178,14.006307,12.352705,16.439678,12.589276,17.474712,18.540472,20.49013,20.803133,16.566574,13.4595,18.669893,16.900576,17.330679,18.197557,19.504784,19.131477,22.258726,21.083254,25.458391,28.561068,29.190338,25.43956,28.022083,27.77329,24.591213,26.145813,24.933199,24.410818,28.723919,27.192142,24.291283,28.954254,28.462725,31.974745,32.517185,36.613487,37.414986,35.053734,34.93081,30.934183,29.30135,29.56882,25.119823,28.927858,26.042532,29.686113,29.440845,30.43024,33.15434,31.737656,26.91527,25.256653,21.504932,19.47829,19.586765,14.598503,16.436922,13.076153,15.794667,17.04576,19.09106,19.784836,20.504797,15.91411,16.20406,12.060235,14.133265,17.683073,19.592924,19.89145,23.216373,25.469387,27.179089,24.669294,28.795727,22.691608,25.83726,23.57345,25.778368
6,17.567448,13.969689,11.388296,8.529851,5.158642,6.089145,0.0,6.777128,6.853372,12.157229,15.607885,18.368834,18.68714,17.375366,14.275085,11.588624,9.72687,7.568253,7.977168,6.8479614,11.268165,11.235229,16.246605,16.58966,20.492516,19.840845,18.56712,15.6103735,13.061859,14.001599,10.9978695,12.454759,15.626738,13.918949,17.954958,19.559929,22.36346,21.93933,18.38077,15.3429985,18.451279,16.420948,15.43214,15.309976,18.115046,16.664862,20.715553,18.68416,23.341942,25.6979,26.405298,22.082352,25.879229,25.105663,22.66324,24.65051,22.417143,22.307299,26.632126,24.084257,21.021984,25.107561,24.637903,27.698486,28.690752,32.067993,32.863663,30.550636,29.805023,25.615562,24.31729,24.15968,19.845798,23.7114,21.032541,24.988228,24.910896,26.438423,29.205585,27.817066,22.797667,20.487108,17.029299,14.335551,14.50163,8.9442835,11.032382,8.754997,11.456735,13.865602,15.641799,16.409008,16.82122,11.226584,11.419057,8.147332,8.675151,11.874725,13.934402,13.815766,17.332365,19.731491,21.199903,18.602585,22.823456,16.815363,20.219889,18.441254,20.988527
7,21.62868,19.007828,15.206531,13.107704,10.766366,7.6775784,6.777128,0.0,4.8574405,6.278553,11.4551735,13.65898,12.928415,11.954313,7.888432,7.005236,5.8063197,6.8747168,9.416405,11.475648,14.563401,16.788305,21.039633,22.123413,25.747328,25.001507,24.519543,20.867529,18.29619,17.955269,14.284722,14.001778,14.071609,10.8515,14.964276,15.171832,18.571482,19.090229,15.997768,14.320244,17.90381,17.896032,16.463999,18.663885,22.014874,21.432129,25.584488,24.523443,28.890844,31.447315,31.504398,26.782814,30.059967,28.2297,25.399046,26.445196,24.02564,22.77216,26.285055,24.324354,21.81971,26.960136,27.517847,30.831388,32.84049,35.904083,37.39144,35.738388,34.723267,30.24644,28.516247,27.606209,22.921196,25.816021,22.223013,25.611748,24.455845,25.433336,27.553806,25.37874,20.420595,19.182514,15.7902155,14.457117,15.904181,11.090379,15.927202,14.647782,17.792831,20.405254,22.3449,23.086607,23.009035,17.358131,16.713781,12.976917,12.1854105,15.617013,14.689588,16.644106,18.598629,20.449968,23.198166,21.264523,26.512648,21.233469,25.3023,24.1806,27.068262
8,23.173712,20.096363,17.26502,13.903968,11.365144,9.788921,6.853372,4.8574405,0.0,7.3251143,8.826338,12.320403,12.310243,10.834789,9.011901,5.568562,6.340128,4.422069,8.613479,10.282468,13.856556,16.156866,19.801,21.537134,24.59974,23.068895,22.196709,18.26058,15.129444,15.18476,10.258244,11.164208,10.491838,9.529319,12.612818,13.922174,17.458904,16.993263,14.390984,12.611706,14.4521265,14.387959,12.1659975,14.440565,18.518524,17.893063,22.355501,21.638872,25.742466,28.1326,27.75647,22.761715,26.112793,23.78338,21.172926,22.224451,19.418148,18.275982,21.859514,19.591206,17.015776,22.11147,22.792149,26.13329,28.425024,31.392578,33.1434,31.876724,30.971775,26.45607,24.301344,23.374329,18.545202,21.307787,17.677505,21.01097,20.12736,21.102932,23.561077,21.957937,17.142778,15.713509,11.877132,10.532804,11.421062,7.5601535,12.570672,11.94178,15.456649,18.3128,20.654968,22.0326,22.625137,16.477692,16.486666,13.911272,12.006734,14.490415,12.996389,14.133309,15.848685,17.347599,19.918867,18.284489,23.267357,18.22624,22.627111,21.46666,24.861595
9,27.896923,25.225351,21.404978,19.322742,16.786308,13.926485,12.157229,6.278553,7.3251143,0.0,7.6860113,7.887164,7.7220817,8.370589,5.6028495,7.1571546,9.224875,10.692808,14.611915,16.989948,20.12784,22.64006,26.606318,28.039547,31.424908,30.206156,29.400211,25.557978,22.396334,22.370516,17.395592,17.701601,14.732575,12.593229,15.119574,14.317077,18.579935,19.321674,17.56692,17.243872,19.306137,20.71815,18.213634,21.337475,25.680593,25.138884,29.654816,28.848602,33.00604,35.208576,34.80965,29.624231,33.09798,30.180782,27.671375,28.183031,25.061707,23.190092,25.69991,23.631386,21.74007,27.060934,28.522512,31.583406,34.686142,36.902107,38.943874,37.936153,36.341663,31.661263,29.8394,28.028446,23.398846,25.21319,21.122145,23.935143,21.83406,22.61766,23.951885,20.970327,16.129036,15.72111,13.073481,13.026121,15.68881,12.237543,18.589542,18.739477,21.867317,25.011274,26.86195,27.644268,27.164198,21.275616,20.156427,17.132065,14.630851,17.331465,13.666765,17.078705,17.312536,18.46141,22.153257,20.996851,26.887625,22.69485,27.224257,26.969086,30.20843
10,31.629892,28.812834,25.836731,22.478474,20.17076,17.95663,15.607885,11.4551735,8.826338,7.6860113,0.0,5.6391215,5.6148086,5.0465655,8.199498,6.868631,11.189221,11.131236,15.820222,18.394659,21.186071,24.423077,27.147116,29.63877,32.068024,29.893822,29.129406,24.841198,21.433468,21.160406,15.440662,16.035954,10.137213,11.238871,11.024109,11.0328455,15.487806,15.085025,14.937677,15.552391,14.786737,17.446594,14.016171,18.273489,23.183392,23.180208,27.682156,27.945433,31.355999,33.451973,32.102394,26.714996,29.599697,25.57194,23.286798,23.084219,19.594194,17.133375,18.758478,16.93549,15.711777,21.348595,23.62712,26.780619,30.66767,32.635868,35.41266,35.381878,34.090298,29.467829,26.74181,24.757402,20.04891,20.804077,16.333748,18.158236,15.746532,15.7420025,17.14942,14.843947,10.751105,11.505484,8.342897,10.324049,12.376556,12.261588,18.230383,19.157787,22.607512,25.725,28.169235,29.801374,30.271269,23.972702,23.68371,21.732548,18.451553,19.979548,15.268408,17.685698,16.798428,16.756218,20.501034,20.325432,25.688755,22.396353,27.296156,27.02887,30.919802
11,35.05318,32.095657,28.729017,26.023722,23.327002,21.108322,18.368834,13.65898,12.320403,7.887164,5.6391215,0.0,5.4170117,8.061471,10.255198,11.225332,15.121896,15.642402,20.281294,22.554602,25.783401,28.447716,31.820833,33.81354,36.66476,34.68519,33.451595,29.47056,25.772434,26.17283,20.101288,21.339525,15.7745495,16.217169,16.288258,15.373729,19.944023,20.108902,20.134676,20.872551,20.40668,22.968607,19.364319,23.02705,28.262724,27.782671,32.5097,32.16599,35.80679,37.51656,36.434544,30.905396,34.410023,30.251245,28.374918,28.299532,24.425198,22.094967,23.194649,20.937828,19.997179,25.006565,27.50685,30.111418,34.436066,35.58632,38.338505,38.30964,36.280376,31.583424,29.463518,26.772999,22.49046,22.718512,18.326649,19.99594,16.861017,17.25636,17.569372,13.862215,9.589676,10.788789,9.5921335,11.745262,15.014466,14.487886,21.08205,22.657852,25.699245,29.17899,31.109365,32.261116,31.907959,25.807608,24.795406,22.963428,19.10271,20.438957,14.468214,18.203253,16.285809,16.022455,20.395508,20.524183,26.409649,23.841866,28.686863,29.206959,32.908363
12,33.840836,31.500887,27.864113,25.19977,23.11401,19.881989,18.68714,12.928415,12.310243,7.7220817,5.6148086,5.4170117,0.0,3.7081232,6.680308,8.880904,12.664332,14.434782,18.727703,21.965088,24.301594,27.987036,30.879194,33.24389,35.909904,34.128357,33.807766,29.447048,26.334097,25.517944,20.42904,19.900227,13.933552,12.986128,12.974598,10.9564295,15.444537,16.377409,16.516352,17.971085,18.40571,21.684296,18.856619,23.512785,28.014015,28.269125,32.619183,32.936108,36.473606,38.77151,37.494625,32.18205,34.81856,30.851759,28.300278,27.75859,24.65439,21.806658,22.867155,21.773104,20.926916,26.679836,29.129108,32.298424,36.24869,38.18404,41.006245,40.947487,39.528378,34.86746,32.296837,30.159637,25.533625,26.089176,21.580803,23.072783,20.136106,19.768547,20.290478,17.147703,13.685679,15.34506,13.17893,15.288114,17.818232,16.936522,23.245756,23.81914,27.283121,30.357546,32.687176,34.004646,34.03562,27.884863,27.126883,24.522726,21.576937,23.614946,18.604876,21.955294,20.83286,20.811192,24.952854,24.799107,30.52366,27.268963,32.12496,32.001072,35.709476
13,31.707907,29.551434,26.144352,23.120834,21.393078,18.046654,17.375366,11.954313,10.834789,8.370589,5.0465655,8.061471,3.7081232,0.0,5.5009465,6.294854,10.183329,11.944078,16.05267,19.621952,21.48682,25.656084,28.062288,30.758596,33.13238,31.286282,31.384733,26.83962,24.044083,22.629005,18.070036,16.752188,10.637231,9.511876,9.305609,7.4570956,12.026145,12.804933,12.820068,14.412868,14.972099,18.438463,15.997375,21.064762,25.145893,25.796114,29.896029,30.649113,34.010403,36.59085,35.15836,30.020653,32.149876,28.353298,25.483318,24.799253,22.124214,19.170061,20.52123,19.908535,18.940723,25.004393,27.266493,30.763912,34.36347,36.83361,39.641567,39.565678,38.627213,34.05141,31.145782,29.475552,24.666677,25.534184,21.073872,22.607937,20.125391,19.512842,20.615517,18.268396,14.92209,16.331411,13.354382,15.258158,17.049786,16.311369,22.07154,22.13001,25.808802,28.580273,31.21732,32.80547,33.335735,27.137585,26.808247,24.098969,21.60032,23.765497,19.517736,22.154558,21.609344,21.71605,25.498688,25.165977,30.557348,26.893782,31.71907,31.108622,34.87818
14,27.73317,25.813671,21.897833,19.612461,17.981785,13.974492,14.275085,7.888432,9.011901,5.6028495,8.199498,10.255198,6.680308,5.5009465,0.0,5.0386386,6.947972,10.164804,13.599157,17.25593,19.120127,23.031105,26.109072,28.191532,31.130125,29.953468,30.194427,25.886425,23.388245,21.923868,18.060923,16.31693,12.67429,8.954789,11.45222,9.627578,13.628436,15.117969,13.448515,14.020346,16.896275,19.222095,17.519297,21.823551,25.394253,25.77578,29.810698,29.962107,33.789787,36.557686,35.746445,30.7976,33.209843,30.28892,27.17505,27.064247,24.713896,22.270573,24.531378,23.628817,22.02482,27.976095,29.57476,33.1338,36.05789,38.91382,41.197067,40.42011,39.46901,34.874035,32.43435,31.058884,26.183321,27.912663,23.65499,25.978027,23.868774,23.848167,25.23233,22.671349,18.559912,19.03036,15.876464,16.543657,18.457401,15.796402,21.506435,20.810165,24.373878,27.004145,29.38577,30.531908,30.689005,24.796406,24.176287,20.730165,19.100292,22.010223,18.846247,21.665115,22.052725,22.92401,26.534462,25.512878,31.089762,26.66099,31.227669,30.39442,33.754925
15,25.586535,23.314726,20.114946,16.860477,15.226979,12.037317,11.588624,7.005236,5.568562,7.1571546,6.868631,11.225332,8.880904,6.294854,5.0386386,0.0,4.393875,5.7798924,9.876107,13.399289,15.424058,19.40584,22.076225,24.542814,27.129732,25.549116,25.69938,21.25321,18.6993,17.201202,13.173265,11.594835,8.219454,5.5963874,8.364883,8.599896,12.43282,12.651791,10.538963,10.275084,12.518665,14.368117,12.557661,16.829998,20.428701,20.876293,24.9135,25.303751,28.958115,31.76084,30.791605,25.883158,28.172117,25.326221,22.192484,22.26823,19.952494,17.78366,20.615816,19.547012,17.62277,23.548052,24.870317,28.57733,31.230036,34.390728,36.633747,35.88998,35.298992,30.806496,28.080576,27.096964,22.135712,24.164566,20.090876,22.576073,21.08985,21.14456,23.216406,21.504478,17.345047,17.269453,13.4166975,13.6972,14.717744,12.530232,17.531803,16.681265,20.437582,22.927412,25.62656,27.208286,28.019733,21.948954,21.96599,19.012884,17.349092,19.905426,17.395828,19.127298,19.975523,20.860605,23.953234,22.856092,27.922438,23.29536,27.845695,26.630524,30.169828
16,21.552649,19.669489,16.279213,13.289817,12.2419815,8.266443,9.72687,5.8063197,6.340128,9.224875,11.189221,15.121896,12.664332,10.183329,6.947972,4.393875,0.0,4.536726,6.7330556,10.777394,12.180429,16.422546,19.230236,21.427502,24.249609,23.24414,23.92052,19.612722,17.75024,15.650227,13.174672,10.397033,10.158073,5.351254,10.089345,10.507145,13.221965,13.80798,10.349547,8.929059,13.45056,14.168868,13.630181,17.168192,19.711443,20.258636,23.87972,24.11449,27.944279,31.088932,30.523088,26.042032,28.083601,26.164555,22.712189,23.12927,21.521326,19.785501,23.211613,22.344635,20.077742,25.789394,26.472445,30.312387,32.15853,35.890705,37.70437,36.447987,36.19493,31.851673,29.317501,28.883524,23.964745,26.667242,22.936142,25.782692,24.747585,24.974392,27.306686,25.761913,21.451677,20.93436,16.98479,16.470167,17.055521,13.777527,17.780956,15.803639,19.481222,21.468489,24.160164,25.57089,26.495407,20.816608,20.979643,17.4437,17.042871,20.123402,19.083632,20.380104,22.153103,23.528065,26.204126,24.59885,29.39827,24.119106,28.282217,26.565042,29.72935
17,20.861176,18.266573,15.792868,11.8090515,10.307106,8.290723,7.568253,6.8747168,4.422069,10.692808,11.131236,15.642402,14.434782,11.944078,10.164804,5.7798924,4.536726,0.0,4.74781,7.683288,10.155731,13.729456,16.50563,18.87233,21.505651,19.986364,20.066528,15.723707,13.425496,11.957236,8.682288,7.2464433,8.45604,6.652745,10.420845,12.425988,15.04758,14.382691,11.050749,8.540348,11.521993,11.027184,10.065936,12.809109,15.753031,15.933114,19.84739,19.923805,23.759796,26.732128,26.153658,21.571224,23.95493,22.107883,18.89847,19.802795,17.919962,16.775322,20.749702,19.299726,16.654972,21.9711,22.302439,26.085928,27.734371,31.518265,33.218163,31.9244,31.786146,27.511438,24.907492,24.720745,19.842484,22.862843,19.456509,22.553968,22.1089,22.640854,25.435225,24.460756,20.103735,18.962503,14.794572,13.682526,13.472677,10.474846,13.61021,11.653207,15.472166,17.532152,20.415956,22.19081,23.585478,17.720297,18.417692,15.659882,14.94166,17.471266,17.010788,17.307222,19.454409,20.868357,23.001968,21.319897,25.634056,20.278963,24.387367,22.472027,25.799566
18,16.61125,14.467691,12.415214,8.11085,7.989347,6.1594934,7.977168,9.416405,8.613479,14.611915,15.820222,20.281294,18.727703,16.05267,13.599157,9.876107,6.7330556,4.74781,0.0,4.69518,5.631266,10.042285,12.516743,14.8769,17.535166,16.59565,17.56086,13.362806,12.353783,9.71517,9.528861,6.2508783,11.276864,8.559995,12.816485,14.994168,16.469128,15.895214,11.703067,8.028243,12.760064,10.815057,11.737498,13.351326,14.453693,14.968787,18.042173,18.207108,22.020712,25.470076,25.255796,21.408611,23.161806,22.513865,18.985737,20.209307,19.373114,18.748535,23.14996,22.12244,19.314837,24.19039,23.794075,27.682829,28.293827,32.7852,34.018833,32.25416,32.709396,28.768051,26.271633,26.845392,22.199512,25.759474,22.850542,26.05949,26.11017,26.647486,29.679373,29.019276,24.73288,23.388992,19.21485,17.69047,16.90862,13.584138,14.8736515,11.46578,14.974829,16.038837,19.057568,20.832424,22.721573,17.5548,18.720856,15.696358,16.498426,19.236351,20.317062,19.945936,22.869635,24.58251,26.171345,24.118004,27.814342,21.981962,25.47338,22.867447,25.723053
19,14.623078,11.509982,10.691672,5.726921,5.2088556,7.0518928,6.8479614,11.475648,10.282468,16.989948,18.394659,22.554602,21.965088,19.621952,17.25593,13.399289,10.777394,7.683288,4.69518,0.0,4.9437017,6.070463,9.762392,11.325062,14.446656,13.556428,13.570671,9.956479,8.923875,7.8680816,8.298535,7.816105,14.172216,12.927672,16.68454,19.28227,20.850544,19.80656,15.832263,11.882388,15.261932,11.821744,12.642884,11.927776,12.679866,12.1343565,15.253196,14.32262,18.547491,21.769073,22.185633,18.603157,21.046762,21.239428,18.24396,20.346037,19.390572,19.71347,24.523626,22.798517,19.646868,23.549946,22.419704,25.958103,25.877146,30.418425,31.099146,28.803646,29.321592,25.601194,23.558962,24.567482,20.31233,24.458815,22.218271,25.823399,26.474716,27.517948,30.80931,30.406565,25.964958,23.911337,19.944424,17.593927,16.284502,12.613023,11.958034,7.7294245,10.773997,11.478436,14.439271,16.273962,18.542553,13.732411,15.466018,13.1303005,14.526235,16.840755,19.406689,18.022923,21.690117,23.71992,24.548326,22.127188,25.130482,19.015154,21.931068,18.953787,21.490988
20,12.993362,11.344689,11.098127,6.5535336,8.523229,8.856335,11.268165,14.563401,13.856556,20.12784,21.186071,25.783401,24.301594,21.48682,19.120127,15.424058,12.180429,10.155731,5.631266,4.9437017,0.0,6.294605,7.228848,9.948385,12.184828,11.80061,13.921267,10.207467,11.166488,7.4684563,11.150088,7.670052,15.130348,13.1309595,16.815096,19.429596,19.91041,18.987001,14.66848,10.496905,15.014771,11.423248,13.931611,13.843682,12.586063,13.411788,15.106841,15.481192,18.946653,22.847305,23.010319,20.244802,21.169336,22.0259,18.4582,20.157833,20.434246,20.612783,25.37071,24.610674,21.683924,25.722038,24.455526,28.293379,27.64463,32.849777,33.524967,31.32053,32.559082,29.1561,26.75162,28.24004,24.045067,28.055517,25.845854,29.079115,29.804016,30.393414,33.749603,33.626343,29.504086,27.867514,23.711313,21.815144,20.2898,17.260792,16.393026,11.982809,14.659544,14.264194,17.411848,19.379938,22.135994,18.056112,19.952154,17.388424,19.325863,21.748137,24.226692,22.901678,26.445442,28.310839,29.158388,26.863348,29.578756,23.546278,26.216293,22.86015,25.163975
21,10.575887,7.27399,9.2275915,5.331785,6.989476,10.65549,11.235229,16.788305,16.156866,22.64006,24.423077,28.447716,27.987036,25.656084,23.031105,19.40584,16.422546,13.729456,10.042285,6.070463,6.294605,0.0,5.921721,5.4291625,9.39731,9.835187,10.147071,8.400088,9.62614,9.072555,12.428767,12.205699,19.6405,18.443913,22.125166,24.850742,25.848467,24.726955,20.596214,16.407045,19.812956,15.386933,17.142078,14.768779,13.420422,12.500211,14.009869,12.209898,16.312334,19.660042,21.030832,18.798864,20.864626,22.778477,20.127949,22.802649,22.653547,23.748562,28.77343,27.085154,23.848473,26.751455,24.726664,27.919472,26.467897,31.463564,31.305077,28.261858,29.391417,26.347385,24.847736,26.717789,23.175728,27.766005,26.317822,30.022762,31.244875,32.48414,35.976147,35.878345,31.46817,29.063858,25.285173,22.52966,20.80368,17.201221,14.499404,9.709583,10.812307,9.457361,11.986748,13.630211,16.700842,13.77142,16.154076,14.45756,17.317703,19.254568,23.457653,21.256865,25.558191,27.837694,27.870459,25.11799,27.035917,20.816145,22.499176,18.82286,20.325926
22,12.768357,11.247055,13.920606,10.280223,12.530456,15.04408,16.246605,21.039633,19.801,26.606318,27.147116,31.820833,30.879194,28.062288,26.109072,22.076225,19.230236,16.50563,12.516743,9.762392,7.228848,5.921721,0.0,4.9141574,5.093562,5.0783587,8.626432,6.8233814,10.428493,7.668241,13.855246,12.2549925,20.3006,19.736376,22.627491,25.8036,25.861523,24.296185,20.403933,16.258823,19.064253,14.133986,17.19154,14.747955,11.052204,11.586119,11.041037,11.333181,13.950808,18.105394,18.89328,17.786705,17.935509,20.797194,17.872858,20.370115,21.529772,22.890688,27.858757,26.98498,23.988424,26.535172,24.174253,27.577486,25.329638,31.100986,30.97122,28.257994,30.435259,27.888643,25.751444,28.314295,24.981264,29.346085,28.18182,31.381687,32.983204,33.78452,37.488106,38.05466,34.16595,32.06963,28.110939,25.782541,23.434055,21.106543,17.848957,13.285474,14.387999,12.110366,15.111217,17.449158,21.374895,18.834606,21.586552,20.282362,22.720371,24.311676,28.076593,25.54277,29.562132,31.474764,31.300842,28.875795,30.140759,24.314285,25.817423,21.744677,23.309082
23,9.799744,7.894342,11.936248,9.725187,12.047106,15.525536,16.58966,22.123413,21.537134,28.039547,29.63877,33.81354,33.24389,30.758596,28.191532,24.542814,21.427502,18.87233,14.8769,11.325062,9.948385,5.4291625,4.9141574,0.0,4.941817,7.4480176,9.025969,9.41325,12.4557085,11.647995,16.639782,16.0993,23.99782,22.963352,26.389904,29.282818,29.707558,28.44728,24.341185,20.133741,23.363228,18.48987,20.971786,17.936607,14.920606,14.275751,13.896464,12.231921,15.313116,18.80328,20.692924,19.921816,21.02309,24.294094,21.877031,24.727894,25.427578,26.978643,32.02973,30.634531,27.467037,29.68597,27.08551,30.058352,27.5021,32.92959,32.206936,28.807837,30.689499,28.345793,27.034756,29.607332,26.61762,31.300804,30.38425,33.951763,35.58453,36.784283,40.437378,40.70299,36.468716,33.99107,30.251787,27.451868,25.365114,22.214287,18.548668,13.936101,13.977597,11.188204,13.129347,14.664943,18.386465,17.10784,19.80188,18.673641,21.991772,23.575459,28.370485,25.70445,30.171543,32.444664,31.988773,29.199377,30.250214,24.263535,25.082127,20.986486,21.707222
24,13.551414,12.638283,16.581076,14.0114355,16.362808,19.429956,20.492516,25.747328,24.59974,31.424908,32.068024,36.66476,35.909904,33.13238,31.130125,27.129732,24.249609,21.505651,17.535166,14.446656,12.184828,9.39731,5.093562,4.941817,0.0,4.3729177,8.336555,9.318159,13.532124,11.918002,18.121683,17.159298,25.163439,24.80736,27.571651,30.817383,30.675005,29.01691,25.233097,21.159153,23.606829,18.473074,21.58495,18.32264,13.868421,14.0339775,11.943476,11.776282,13.302774,17.219296,18.7234,19.06297,18.708862,22.834974,20.498892,23.267021,24.8547,26.713854,31.64285,30.735916,27.773338,29.491606,26.581259,29.550432,26.289968,32.21072,31.424528,28.28163,30.998804,29.134008,27.411802,30.525772,27.821125,32.30861,31.718468,34.90111,36.88366,37.819645,41.629673,42.43801,38.61123,36.288258,32.483086,29.934715,27.368168,25.170477,21.011599,16.658913,16.699444,13.474285,15.71409,17.82126,22.126259,20.95321,23.940784,23.205378,26.075249,27.320568,31.820112,28.816875,33.07937,35.072906,34.37657,31.8454,32.303036,26.70357,27.344305,23.009817,23.79089
25,16.816153,15.131644,18.4609,14.87037,16.565062,19.635572,19.840845,25.001507,23.068895,30.206156,29.893822,34.68519,34.128357,31.286282,29.953468,25.549116,23.24414,19.986364,16.59565,13.556428,11.80061,9.835187,5.0783587,7.4480176,4.3729177,0.0,5.79838,5.9639935,10.512072,8.933346,15.234212,14.838824,22.542715,23.211874,25.35189,28.959,28.8966,26.765448,23.398563,19.432688,20.68561,15.327847,18.320421,14.667146,9.779006,10.17837,7.6420507,8.6231575,9.767708,14.094239,14.898883,15.06361,14.409859,18.480627,16.255316,19.17089,20.79078,22.9054,27.793474,26.859241,23.977272,25.38599,22.410788,25.440962,22.227312,28.292711,27.801186,25.083176,27.993484,26.085512,23.89495,27.120195,24.452892,28.743431,28.299585,31.240309,33.42082,34.258747,38.143444,39.296978,35.77142,33.511448,29.748999,27.378757,24.466402,23.125944,18.699062,14.749111,15.061244,12.067086,14.962086,17.785784,22.389982,20.433275,23.615334,23.279509,25.311098,26.181324,30.131939,26.895273,30.849525,32.556118,31.76251,29.516712,29.758945,24.474457,25.375923,21.052227,22.415672
26,18.627657,15.623667,18.986307,15.390327,15.910476,20.048883,18.56712,24.519543,22.196709,29.400211,29.129406,33.451595,33.807766,31.384733,30.194427,25.69938,23.92052,20.066528,17.56086,13.570671,13.921267,10.147071,8.626432,9.025969,8.336555,5.79838,0.0,4.922858,7.8754816,9.923876,13.916294,16.068628,23.11334,24.533997,26.646759,30.33941,31.077776,28.767813,25.603985,21.62323,22.0144,16.590078,18.218578,13.135584,9.942947,7.8701396,6.716881,3.5617592,6.5446577,9.886692,11.828972,11.588409,13.30076,17.19908,16.088697,19.72095,20.106052,22.749203,27.693972,25.698345,22.614643,23.153193,19.816626,22.194056,18.86411,24.358456,23.407665,20.153524,22.683878,20.858105,19.28945,22.620325,20.491875,25.048203,25.17822,28.408852,30.888187,32.26229,36.1535,37.29168,33.653767,30.879011,27.531973,24.69313,21.651173,20.426886,14.878664,11.64071,10.752072,7.344354,9.977877,13.180566,18.062506,16.422504,19.865131,20.6205,22.215275,22.337164,26.805622,22.952719,27.06094,28.849031,27.466372,25.120657,24.701843,19.64221,19.970846,15.565802,16.76401
27,18.251467,15.308014,17.574175,13.132352,13.557308,16.871758,15.6103735,20.867529,18.26058,25.557978,24.841198,29.47056,29.447048,26.83962,25.886425,21.25321,19.612722,15.723707,13.362806,9.956479,10.207467,8.400088,6.8233814,9.41325,9.318159,5.9639935,4.922858,0.0,4.5656157,5.027603,9.67306,11.186972,18.28744,19.780529,21.745777,25.47865,26.18803,23.854765,20.732237,16.808521,17.163887,11.76884,13.595444,9.23444,6.0862336,4.9420147,5.7053246,5.560551,8.820551,12.663164,13.02774,11.085856,12.47928,14.986198,12.876339,16.167015,16.470837,18.616905,23.659735,21.977583,18.874292,20.467636,17.754034,20.908531,18.72593,24.326931,24.322367,21.868368,24.003729,21.41887,19.010279,21.765045,18.730267,23.084473,22.467869,25.596334,27.699001,28.75024,32.608795,33.64213,30.041784,27.640924,23.97783,21.521437,18.537361,17.470016,12.977043,9.353562,10.21615,8.250964,11.916174,15.20842,19.556665,16.351463,19.502266,19.475197,20.556631,21.140404,24.57441,21.278284,25.032864,26.640064,25.938944,23.801668,24.38212,19.064789,20.597282,16.5348,18.75586
28,20.181097,16.556208,17.901573,13.259596,12.429623,15.801386,13.061859,18.29619,15.129444,22.396334,21.433468,25.772434,26.334097,24.044083,23.388245,18.6993,17.75024,13.425496,12.353783,8.923875,11.166488,9.62614,10.428493,12.4557085,13.532124,10.512072,7.8754816,4.5656157,0.0,5.8940544,6.2006207,10.295077,16.116001,18.26075,20.074474,23.754509,25.1921,22.812138,19.98862,16.316017,15.927933,11.057238,11.249662,6.284414,6.818581,3.8234053,8.046172,6.630017,10.652554,13.372851,13.502645,9.784064,13.175917,13.989001,12.287596,15.635993,14.49777,16.554276,21.571878,19.089495,15.795958,17.533587,15.194535,18.294031,17.243526,22.09715,22.47998,20.257269,21.503286,18.28799,15.840665,17.976583,14.565987,19.030777,18.235317,21.635149,23.628853,24.96494,28.760794,29.606846,25.87671,23.271118,19.754318,17.119358,14.106018,13.219794,8.592236,5.6308484,7.182103,7.0274515,10.78309,14.117835,17.906881,13.679575,16.65377,16.982689,17.087557,17.335726,20.295849,16.925545,20.518456,22.076723,21.448805,19.372309,20.329195,14.967879,17.139065,13.500563,16.473112
29,18.744308,16.23666,17.227798,12.280129,12.740761,14.562178,14.001599,17.955269,15.18476,22.370516,21.160406,26.17283,25.517944,22.629005,21.923868,17.201202,15.650227,11.957236,9.71517,7.8680816,7.4684563,9.072555,7.668241,11.647995,11.918002,8.933346,9.923876,5.027603,5.8940544,0.0,7.074236,6.3122597,13.712017,15.077178,16.880903,20.63531,21.176268,18.868597,15.718876,11.851786,12.441122,7.1638126,9.675706,7.5008755,5.1655674,6.5160832,8.4558735,10.197725,12.93782,16.82779,16.131777,13.213525,13.84346,14.672479,11.373058,13.7597275,14.137666,15.3597355,20.39195,19.334484,16.354033,19.338541,17.550028,21.39477,20.420189,25.912573,26.759933,25.05412,26.84593,23.728455,20.681578,22.735733,18.904633,22.787136,21.285326,24.157393,25.70585,26.283865,30.02663,30.895119,27.386276,25.54688,21.538458,19.694134,16.986286,16.077116,13.429734,9.871929,12.370393,11.771799,15.586013,18.646008,22.363987,18.07692,20.718512,19.776173,20.388117,21.542267,23.719318,21.264711,24.488182,25.858873,25.981697,24.127043,25.741865,20.391596,22.939266,19.36987,22.209324
30,22.501474,19.107197,18.833677,13.948946,12.471267,14.006307,10.9978695,14.284722,10.258244,17.395592,15.440662,20.101288,20.42904,18.070036,18.060923,13.173265,13.174672,8.682288,9.528861,8.298535,11.150088,12.428767,13.855246,16.639782,18.121683,15.234212,13.916294,9.67306,6.2006207,7.074236,0.0,6.7202086,10.300014,13.142958,14.500757,18.113585,20.057745,17.699932,15.296496,12.237488,11.155414,7.7436223,6.092905,4.448091,8.697553,7.8969564,12.494662,12.662272,16.058884,18.631195,17.715233,12.913701,15.884498,14.238677,11.786094,13.956308,11.718566,12.465902,17.324825,14.889661,11.602367,15.272357,14.487136,18.202824,19.162287,23.31664,24.817747,23.608473,24.080645,20.15085,17.063267,17.840322,13.316027,16.986103,14.833893,18.067749,19.233582,20.193811,23.819807,24.32545,20.570974,18.5129,14.579547,12.64886,9.980984,9.65228,8.405683,6.9391685,10.437196,12.139491,15.5467,18.378666,21.097822,15.55227,17.597914,17.0403,15.89244,16.621569,17.40859,15.238192,17.83412,18.986414,19.537912,17.969402,20.462425,15.399405,19.026247,16.485495,20.18341
31,20.617939,18.460163,17.691898,12.823633,12.818219,12.352705,12.454759,14.001778,11.164208,17.701601,16.035954,21.339525,19.900227,16.752188,16.31693,11.594835,10.397033,7.2464433,6.2508783,7.816105,7.670052,12.205699,12.2549925,16.0993,17.159298,14.838824,16.068628,11.186972,10.295077,6.3122597,6.7202086,0.0,8.05395,8.848564,10.722707,14.339567,15.126132,13.094254,9.768129,6.0398064,7.6538825,4.567538,6.595241,8.965745,9.70286,11.435164,14.255116,16.060684,18.909046,22.513887,21.299978,17.469124,18.173538,17.006641,13.138243,14.023949,13.705816,13.203208,17.807837,17.31658,14.651811,19.424873,19.031528,23.246967,23.852695,28.706373,30.362003,29.291393,30.377539,26.665564,23.321703,24.295727,19.730656,22.890697,20.245455,22.834354,23.405287,23.489033,26.87136,27.211761,23.704903,22.613697,18.328365,17.345669,15.470279,14.503009,14.691868,11.899434,15.497894,16.241352,19.871561,22.51712,25.317036,20.048212,21.873455,19.970621,19.853348,21.635483,22.123667,20.970356,23.393068,24.494421,25.7161,24.202976,27.128485,21.908772,25.460491,22.64259,25.970007
32,27.67329,25.417944,23.616096,19.175104,18.20115,16.439678,15.626738,14.071609,10.491838,14.732575,10.137213,15.7745495,13.933552,10.637231,12.67429,8.219454,10.158073,8.45604,11.276864,14.172216,15.130348,19.6405,20.3006,23.99782,25.163439,22.542715,23.11334,18.28744,16.116001,13.712017,10.300014,8.05395,0.0,6.466698,4.622201,8.54493,10.601113,8.128588,7.394693,7.431549,4.726021,8.090624,6.0989175,12.06891,15.276211,16.825907,20.29665,22.266273,24.82223,27.780533,25.791462,21.13481,22.086115,18.614592,15.220242,14.512409,12.70434,10.086339,13.126129,13.098863,11.448996,17.629221,19.070238,23.218014,25.778767,29.458986,32.148403,32.162132,32.49312,28.386,24.640709,24.335032,19.504513,21.113855,17.446507,19.05129,18.458626,17.71997,20.54991,20.644497,17.783287,17.93862,13.802996,14.625459,13.6816,14.489302,17.312157,16.541193,20.355879,22.22038,25.597065,28.118166,30.193464,24.182821,25.27144,23.390606,21.632488,23.184393,21.063694,21.174051,21.895124,22.113611,24.385143,23.808136,27.605145,23.491282,27.893698,26.142647,30.060596
33,24.35685,22.800356,20.100212,16.453074,15.986555,12.589276,13.918949,10.8515,9.529319,12.593229,11.238871,16.217169,12.986128,9.511876,8.954789,5.5963874,5.351254,6.652745,8.559995,12.927672,13.1309595,18.443913,19.736376,22.963352,24.80736,23.211874,24.533997,19.780529,18.26075,15.077178,13.142958,8.848564,6.466698,0.0,5.090889,6.4404488,8.454643,8.49987,5.1985054,5.1515565,9.107659,11.352975,11.235349,16.185234,18.344156,19.866789,23.067232,24.533987,27.661024,31.043695,29.726252,25.372238,26.35075,23.931398,20.150404,19.74788,18.694174,16.359617,19.358267,19.544487,17.746046,23.811502,24.840712,28.985853,30.992443,34.98332,37.238033,36.58487,36.83239,32.625145,29.391214,29.154697,24.20059,26.389261,22.598135,24.727024,23.750261,23.254433,25.6671,24.793848,21.306467,21.463318,17.3473,17.695526,17.643444,16.161263,19.638475,17.80315,21.691597,23.372147,26.556248,28.543098,30.15385,24.361206,25.018078,21.992142,21.23268,23.796892,22.216124,23.107159,24.395363,25.210817,27.842123,26.712107,31.115917,26.237328,30.529375,28.612663,32.10665
34,28.861868,27.220646,24.90256,20.917158,20.346506,17.474712,17.954958,14.964276,12.612818,15.119574,11.024109,16.288258,12.974598,9.305609,11.45222,8.364883,10.089345,10.420845,12.816485,16.68454,16.815096,22.125166,22.627491,26.389904,27.571651,25.35189,26.646759,21.745777,20.074474,16.880903,14.500757,10.722707,4.622201,5.090889,0.0,4.3299837,6.062093,4.477951,4.531289,7.0593705,6.7230816,11.176338,10.459194,16.449818,18.89164,20.874735,23.940811,26.18123,28.695187,31.928984,29.912256,25.494076,25.88327,22.548206,18.885958,17.57827,16.51833,13.401988,15.40723,16.48946,15.448439,21.703358,23.383266,27.56079,30.14133,33.88544,36.671116,36.73939,37.114258,32.98823,29.252592,28.847721,24.007088,25.37278,21.49967,22.766167,21.628407,20.426468,22.692831,22.360617,19.816347,20.704935,16.796007,18.105412,17.79921,18.055912,21.491007,20.373617,24.265743,26.011137,29.38254,31.72607,33.60976,27.629969,28.450249,25.957787,24.49397,26.513905,24.051178,24.851236,25.377436,25.56501,28.268538,27.730465,31.89493,27.721561,32.187225,30.455463,34.276154
35,30.53326,29.169329,26.230915,22.829016,22.213783,18.540472,19.559929,15.171832,13.922174,14.317077,11.0328455,15.373729,10.9564295,7.4570956,9.627578,8.599896,10.507145,12.425988,14.994168,19.28227,19.429596,24.850742,25.8036,29.282818,30.817383,28.959,30.33941,25.47865,23.754509,20.63531,18.113585,14.339567,8.54493,6.4404488,4.3299837,0.0,4.5877223,6.019622,6.6478505,9.882117,11.010779,15.380535,14.593107,20.482023,23.046904,24.88126,28.046347,30.022753,32.76958,36.0047,34.134422,29.622168,30.19997,26.811054,23.207045,21.805868,20.629406,17.32727,18.677334,19.830065,19.059391,25.380896,27.336063,31.39361,34.25462,37.737568,40.587643,40.632866,40.702553,36.427475,32.885586,32.117912,27.231995,28.382221,24.232903,25.408138,23.656933,22.339872,23.990711,22.930832,20.444124,21.859304,18.295105,19.957546,20.426323,20.14567,24.450552,23.408945,27.318567,29.263977,32.457806,34.506237,35.937035,29.920782,30.304974,27.37298,25.884302,28.23065,25.212101,26.811726,27.01334,27.181362,30.371857,29.885809,34.563835,30.435963,35.04062,33.574734,37.33721
36,30.988417,30.190517,27.572542,24.155409,24.202911,20.49013,22.36346,18.571482,17.458904,18.579935,15.487806,19.944023,15.444537,12.026145,13.628436,12.43282,13.221965,15.04758,16.469128,20.850544,19.91041,25.848467,25.861523,29.707558,30.675005,28.8966,31.077776,26.18803,25.1921,21.176268,20.057745,15.126132,10.601113,8.454643,6.062093,4.5877223,0.0,4.0379596,5.520555,9.673044,11.148695,15.624385,16.031229,21.934607,23.41235,25.914171,28.37092,31.041662,33.34759,36.917088,34.823105,30.80585,30.398634,27.371347,23.442955,21.595263,21.490845,18.175291,19.340887,21.519173,20.944813,27.098675,28.83836,33.09009,35.481075,39.46294,42.303127,42.423676,43.03559,38.97617,35.16729,34.863125,30.04883,31.283167,27.374363,28.31978,26.9118,25.288046,27.077072,26.559141,24.49763,25.945269,22.283451,23.842184,23.805351,23.70183,27.252222,25.692219,29.586687,31.032764,34.443336,36.6783,38.530792,32.72237,33.417316,30.39988,29.41785,31.82869,29.33587,30.538822,31.027796,31.211742,34.14213,33.603004,37.918163,33.63727,38.066635,36.20469,39.89578
