,0,1,2,3,4,5,6,7,8,9,10,11,12,13,14,15,16,17,18,19,20,21,22,23,24,25,26,27,28,29,30,31,32,33,34,35,36,37,38,39,40,41,42,43,44,45,46,47,48,49,50,51,52,53,54,55,56,57,58,59,60,61,62,63,64,65,66,67,68,69,70,71,72,73,74,75,76,77,78,79,80,81,82,83,84,85,86,87,88,89,90,91,92,93,94,95,96,97,98,99,100,101,102,103,104,105,106,107,108,109,110
0,0.0,3.8708162,6.6140566,10.072011,11.958294,15.275531,17.914036,21.499456,24.650913,26.131659,30.032944,32.498993,32.71417,34.71181,31.778448,32.22792,33.394634,32.134415,35.520878,33.736538,37.897728,38.526966,43.006508,37.593643,35.064274,31.257877,30.849976,26.964321,26.731756,24.830112,25.13575,24.82165,21.263529,25.781954,28.688581,26.666973,26.84168,31.426554,32.26583,30.323818,32.428196,37.38519,35.511303,35.093826,38.288147,41.757404,39.635963,40.32475,44.259747,42.564613,42.73185,45.528885,48.573444,46.400547,47.187717,46.12093,41.670654,42.503883,46.14956,42.67201,37.31088,40.720055,39.019108,41.76626,38.703243,34.929184,35.279053,31.507383,31.903389,37.398155,34.26623,30.144182,32.96022,37.020218,37.546127,41.41938,41.229866,40.701313,42.663692,42.510387,42.102913,44.44791,39.680008,37.924294,36.24461,38.005974,34.45042,37.544956,34.952133,37.04613,35.202187,32.76208,30.426876,28.356972,25.864397,23.029022,20.303978,16.376959,20.704777,17.822231,21.609612,23.231588,26.18356,29.184586,28.299885,25.59986,26.668882,24.218239,23.53889,24.515375,23.511358
1,3.8708162,0.0,4.734365,6.963291,8.698522,12.5996895,14.801717,18.512947,21.29185,23.200884,26.909946,29.552675,29.5865,31.39488,28.247238,28.567995,29.614391,28.309626,31.660837,29.886126,34.06413,34.723507,39.21902,33.869144,31.393402,27.617973,27.149572,23.356613,23.080896,21.470354,21.61617,21.927492,18.364252,23.224562,25.676943,23.328451,23.739576,28.467419,28.926077,26.86078,29.277052,34.0412,31.967638,31.656168,35.02458,38.217266,36.01018,36.90317,40.841022,39.33379,39.421436,41.95224,45.18619,43.127934,43.71884,42.576225,38.107235,38.969696,42.75268,39.38008,33.89339,37.485603,35.918106,38.816513,35.686928,31.78903,32.307808,28.548666,28.576323,34.06715,31.080505,26.870932,29.409952,33.52648,33.93503,37.77163,37.4869,36.960667,38.82918,38.733643,38.29744,40.675903,35.93737,34.125034,32.472736,34.14753,30.662706,33.772274,31.284153,33.51223,31.800714,29.508562,27.370348,25.495167,23.272038,20.58027,17.837723,13.746821,17.620075,14.160203,18.168198,19.427961,22.480822,25.518902,24.537338,21.782917,22.903765,20.368343,19.818378,20.903156,20.180658
2,6.6140566,4.734365,0.0,5.2415547,5.9975038,9.065841,11.53845,15.244518,18.535604,19.696321,23.695005,26.184935,26.727558,28.734308,26.524443,26.628735,28.34248,27.107618,31.225418,29.690727,34.08952,35.13392,39.575485,34.281475,32.131958,28.624142,27.32547,23.701567,22.522348,21.20949,19.98297,20.069223,15.357937,19.979286,22.933615,20.82007,20.530287,25.194824,26.247696,24.291502,26.008482,31.248888,29.585213,28.920414,31.915998,35.767048,33.81508,34.155724,38.02927,36.14724,36.44785,39.547817,42.33304,40.12223,41.201653,40.45447,35.966656,37.101025,40.49951,36.627422,31.691103,35.207867,33.815872,36.31836,32.856712,29.225018,30.175613,26.582033,26.669428,32.47677,29.87291,25.768614,28.243732,32.849606,32.75714,36.982723,36.576996,35.524403,37.83453,37.13652,36.907444,39.26316,34.490196,32.761333,30.880095,33.257587,29.543829,33.322506,31.014608,33.44152,32.12169,29.59215,27.799345,25.694159,24.08582,21.049204,17.92428,13.862761,18.064625,14.281324,19.330858,19.648115,23.505919,26.70385,25.333366,22.32441,22.904821,19.576965,18.704117,18.885675,17.736631
3,10.072011,6.963291,5.2415547,0.0,4.0831847,6.1617084,9.330031,11.856896,14.953246,16.719378,20.366652,22.826036,22.730402,24.704006,21.841633,22.556356,23.995892,23.274073,26.96429,26.0808,30.45231,31.291735,35.96497,31.176914,29.117334,25.633467,24.62702,21.464191,20.275858,20.019402,18.033524,19.988531,14.8397665,20.053389,22.031769,18.947159,18.733368,23.88401,24.109488,21.55512,23.660887,28.89109,26.663082,25.66393,29.187344,32.74767,30.021883,30.62213,34.784775,33.256012,33.891075,36.243465,39.53709,37.746677,38.592144,37.91127,33.313873,34.792137,38.472984,34.575577,29.665802,33.746296,32.82856,35.53684,31.727192,27.945894,29.564808,26.121254,25.186193,31.009731,28.914618,24.668592,26.202085,30.975843,30.427929,34.516403,33.68198,32.449226,34.28949,33.492905,32.85161,34.940334,30.084984,28.631311,27.19625,29.352076,26.347591,30.307413,28.500921,31.34685,30.362207,28.375534,27.038248,25.498127,24.333174,21.797089,18.893711,14.859339,17.686024,12.420232,17.607687,16.59622,20.299751,23.312307,21.320257,18.506376,18.21709,15.628496,14.078648,14.857798,13.479201
4,11.958294,8.698522,5.9975038,4.0831847,0.0,5.423332,6.1179748,10.322848,12.86283,14.748741,18.415901,21.256828,21.620443,23.284262,21.03552,20.721245,22.492765,21.18134,25.5695,24.164131,28.642977,29.891895,34.288773,29.192064,27.312948,24.065466,22.30708,19.061247,17.354296,16.8896,14.557118,16.023258,10.8218355,16.050547,18.112059,15.336768,15.265536,20.239416,20.691105,18.492973,20.622227,25.652853,23.726053,23.145596,26.375662,29.916618,27.893328,28.444056,32.307243,30.664457,30.87212,33.657978,36.663994,34.61797,35.480404,34.720093,30.182442,31.476246,35.00449,31.163555,26.175917,30.03018,28.974905,31.619892,27.925486,24.152685,25.617691,22.167973,21.490461,27.3787,25.246847,21.080894,22.906353,27.784798,27.258688,31.541983,30.909143,29.658512,31.957994,31.144318,30.945847,33.36751,28.642649,26.822693,24.888369,27.390888,23.723415,27.800055,25.797104,28.53056,27.63744,25.353159,24.123308,22.375937,21.5785,18.87455,15.840698,12.021478,14.912454,10.0126,15.716915,14.689902,19.02993,22.245611,20.560526,17.416117,17.816486,13.872368,13.155183,13.002649,12.368792
5,15.275531,12.5996895,9.065841,6.1617084,5.423332,0.0,5.443984,6.4006653,10.481402,11.0334015,15.035481,17.253551,17.787624,20.03055,18.633007,19.10718,21.519348,21.103819,25.70168,25.391254,29.889544,31.198977,35.701134,31.27204,29.764912,26.817429,24.81267,22.22742,19.874556,20.432575,16.330809,18.690409,12.0691185,16.763384,18.817167,15.75488,14.352107,19.50217,20.23608,17.644623,18.70191,24.60982,22.822851,21.121807,24.237465,28.649786,26.076088,25.90355,30.039988,28.096619,29.179636,32.067883,34.864864,33.031853,34.484276,34.41097,29.818712,31.805103,34.97902,30.402477,26.42525,30.542315,30.107212,32.283627,27.917196,24.559654,27.073172,24.078608,22.798876,28.86394,27.590078,23.638733,24.621912,29.956947,28.552645,33.023544,31.89444,29.862354,32.15363,30.44873,30.00846,31.9564,27.126804,25.909914,24.299503,27.402605,24.39283,29.247719,27.928335,31.070204,30.749594,28.706621,28.015352,26.449755,26.212484,23.591116,20.56457,17.026901,19.462261,14.123023,19.887445,17.421478,21.824705,24.791908,22.282864,19.388336,18.128796,14.709982,12.551744,11.705428,9.426839
6,17.914036,14.801717,11.53845,9.330031,6.1179748,5.443984,0.0,5.824622,7.6595783,9.194949,12.791778,15.847356,16.758389,18.218807,17.288036,16.128098,18.759047,17.448221,22.795835,21.76428,26.308619,28.075195,32.190075,27.455988,26.193693,23.609188,20.780602,18.298044,15.339129,15.970008,11.188582,13.592135,6.9568996,11.891988,13.457558,10.418708,9.456137,14.622983,15.237278,13.012175,14.574098,19.959301,18.350721,17.463015,20.394114,24.405128,22.735146,22.817112,26.531237,24.669401,24.9788,28.165777,30.823431,28.730314,29.935482,29.590387,25.0494,26.749165,29.906048,25.581287,21.251865,25.230446,24.682142,26.956152,22.751204,19.240248,21.646303,18.6858,17.40116,23.492836,22.273703,18.442163,19.518406,24.929358,23.529945,28.152487,27.250229,25.296085,28.061481,26.51766,26.633787,29.081247,24.48634,22.682068,20.42508,23.79985,19.985332,24.881247,23.386063,26.407541,26.26018,24.039309,23.628191,22.04768,22.413694,19.910978,17.035215,14.172829,15.882976,11.1677885,16.931726,14.238505,19.150133,22.21732,20.150108,16.990198,16.731806,11.718802,10.991092,8.906868,8.500146
7,21.499456,18.512947,15.244518,11.856896,10.322848,6.4006653,5.824622,0.0,4.846955,4.96243,8.671264,11.042342,11.637726,13.758451,13.4289255,13.59801,16.701853,16.776417,21.812267,22.281189,26.657206,28.265352,32.539032,28.798227,27.892178,25.60437,22.991808,21.386032,18.275946,20.142668,14.310132,18.188911,11.538552,15.419868,16.174522,12.56222,10.4347725,15.546248,15.714419,12.710395,13.283341,19.379436,17.511496,15.10399,18.317982,22.942072,20.099545,19.60013,23.830606,21.944725,23.434937,26.103157,28.914185,27.371595,28.959244,29.314678,24.748064,27.291267,30.250084,25.336012,22.137531,26.58208,26.887909,28.815126,23.972391,20.922379,24.491915,22.14602,19.837187,25.71728,25.515675,21.963873,21.728933,27.324673,24.993511,29.502068,27.913784,25.19745,27.533966,25.10614,24.671616,26.42846,21.703463,20.75137,19.224186,22.931698,20.412977,25.90724,25.358303,28.839966,29.2788,27.642279,27.785805,26.672813,27.408062,25.23985,22.553844,19.767683,20.821714,15.47575,20.837912,16.782063,21.22462,23.8323,20.840475,18.212868,15.967251,12.373446,9.803702,7.3291144,4.4313545
8,24.650913,21.29185,18.535604,14.953246,12.86283,10.481402,7.6595783,4.846955,0.0,4.8560953,6.2091827,9.617247,9.703759,10.671139,10.255507,9.034939,12.356327,12.174631,17.606337,18.111359,22.38687,24.239508,28.264935,24.774672,24.223373,22.41411,19.410414,18.491146,15.068776,17.810852,11.349273,16.530533,11.134136,14.549989,13.721497,9.471032,8.060228,12.973772,11.838751,8.38278,10.030531,15.332213,12.929642,10.842328,14.628134,18.45918,15.616171,15.701527,19.863302,18.483515,19.539705,21.6702,24.900803,23.545017,24.62262,24.77434,20.173485,22.791208,25.974089,21.36089,17.957163,22.72022,23.361662,25.501255,20.692047,17.521494,21.436172,19.43233,16.280987,21.834202,22.165876,18.859758,17.748087,23.317858,20.603224,25.012127,23.242981,20.400059,22.72947,20.296663,20.002882,22.016611,17.39834,16.12562,14.395261,18.274353,15.790793,21.46964,21.29769,24.915693,25.766502,24.486261,25.165806,24.494411,25.839153,24.181244,21.939306,19.822138,19.624304,14.648706,19.251295,14.382823,18.67255,21.003452,18.040806,15.585289,13.457785,9.340801,7.604892,3.610926,3.6499383
9,26.131659,23.200884,19.696321,16.719378,14.748741,11.0334015,9.194949,4.96243,4.8560953,0.0,4.381663,6.750653,8.653522,10.567433,12.69301,11.937364,15.915517,16.167217,21.70353,22.54115,26.679346,28.66874,32.499916,29.217262,28.853241,27.185646,23.917784,22.967302,19.263786,21.639153,14.844998,18.75152,12.473757,14.778321,14.902583,11.7753935,8.579723,12.739473,13.155602,10.423289,9.3461275,15.861254,14.614958,11.445236,13.989618,19.400867,17.001762,15.601716,19.628101,17.349686,19.241396,22.408993,24.657003,23.114586,25.229094,26.178183,21.794533,24.774218,27.132998,21.710266,19.704773,24.008535,24.878195,26.241316,21.032925,18.626978,22.979155,21.33823,18.697435,24.256525,24.939857,21.9901,21.118221,26.788033,23.761591,28.35497,26.571503,23.197788,25.91991,22.68788,22.604425,24.244934,19.879333,19.121506,17.402462,21.892265,19.503336,25.425297,25.37067,28.87526,29.87573,28.326525,29.016508,28.015825,29.418795,27.403008,24.904154,22.721457,23.293907,18.60492,23.603025,19.079594,23.497995,25.856014,22.855091,20.435862,17.998346,14.194992,12.117324,8.414093,6.5227985
10,30.032944,26.909946,23.695005,20.366652,18.415901,15.035481,12.791778,8.671264,6.2091827,4.381663,0.0,3.7897098,5.551297,6.570993,10.350458,9.102117,13.414208,14.221762,19.564596,21.078371,24.834023,26.918306,30.44803,27.88664,27.971914,26.8437,23.458895,23.308266,19.51705,22.641907,15.581105,20.300598,15.075718,16.695446,15.543747,12.3319845,9.559567,12.591018,11.898013,9.029062,7.5643687,13.338108,11.864105,7.78505,10.601497,15.858095,12.997845,11.309259,15.526636,13.555319,15.916964,18.44894,20.92734,19.85825,21.873787,23.150343,18.907896,22.348156,24.571589,19.12177,17.901333,22.400896,23.921343,25.15435,19.835756,17.798666,22.729197,21.68489,18.274387,23.188885,24.692879,22.191624,20.299145,25.769016,22.135157,26.459642,24.295431,20.465593,22.98989,19.202003,19.054604,20.440134,16.342949,15.92465,14.488015,19.238329,17.632032,23.684738,24.319815,27.944351,29.452147,28.365553,29.586645,29.01747,30.89693,29.30576,27.150394,25.386473,25.113815,20.633018,24.965845,19.827879,23.789116,25.713852,22.567778,20.588682,17.714413,14.499406,12.649456,8.880585,8.071091
11,32.498993,29.552675,26.184935,22.826036,21.256828,17.253551,15.847356,11.042342,9.617247,6.750653,3.7897098,0.0,4.219913,6.1173697,11.489024,11.422379,15.552456,17.100502,21.88306,24.057049,27.55873,29.519457,32.978714,30.943884,31.17456,30.161612,26.930218,26.964155,23.228346,26.428013,19.358185,23.908453,18.478895,19.761871,18.843964,15.981834,12.921033,15.284859,14.947022,12.416071,9.961544,15.382148,14.343335,9.591822,11.480949,17.16115,13.922412,11.198918,15.399216,13.174457,16.676804,19.028425,21.07333,20.393156,22.93118,24.835934,20.9155,24.688486,26.440954,20.719044,20.61689,24.899866,26.750776,27.56598,22.134737,20.654493,25.81802,25.054712,21.667448,26.300127,28.135288,25.826462,23.733534,29.087994,25.196882,29.347134,26.970116,22.834057,25.108847,20.791555,20.391182,21.109087,17.320381,17.672926,16.815327,21.515171,20.655022,26.678072,27.653404,31.30927,32.98164,32.018337,33.329678,32.78815,34.683323,33.053528,30.838608,28.969172,28.860891,24.232786,28.61681,23.371521,27.14332,28.90635,25.521275,23.781986,20.30114,17.854425,15.509319,12.196455,10.600016
12,32.71417,29.5865,26.727558,22.730402,21.620443,17.787624,16.758389,11.637726,9.703759,8.653522,5.551297,4.219913,0.0,3.5378091,7.8604426,9.453104,12.9218855,15.407247,19.227566,22.180117,25.476408,27.057037,30.73158,29.220266,29.42642,28.412052,25.775587,26.130947,22.832792,26.466316,19.771763,25.25877,20.139145,22.182396,20.759819,17.170834,14.944323,17.833858,16.372395,13.233635,12.334812,16.841747,14.730861,10.044794,13.198153,17.451454,12.660753,11.01987,15.782414,14.659065,18.13665,18.857758,21.991474,21.948076,23.684298,25.263138,21.280264,25.107088,27.431137,22.269747,21.589424,26.313683,28.25468,29.54957,24.30058,22.426764,27.484873,26.573673,22.659975,27.089415,28.910435,26.414219,23.809755,28.953531,25.05368,28.813341,26.12032,22.149391,23.579971,19.470236,18.287872,18.565405,14.487958,15.394841,15.431387,19.464367,19.670856,25.463661,26.806776,30.655817,32.360123,31.864737,33.248287,33.080708,34.87406,33.545876,31.493864,29.508211,28.929007,23.88748,27.853382,22.220385,25.423237,26.852776,23.132946,21.823956,17.598728,16.407568,13.595071,11.199687,9.638413
13,34.71181,31.39488,28.734308,24.704006,23.284262,20.03055,18.218807,13.758451,10.671139,10.567433,6.570993,6.1173697,3.5378091,0.0,7.0196815,7.31109,10.715791,13.313169,16.96719,20.110634,23.068985,24.795305,28.12596,27.009478,27.544731,26.972967,24.182762,25.06665,21.764175,25.755318,19.13549,24.947327,20.700968,22.387695,20.169024,16.63826,14.972179,17.211742,14.941729,11.972172,11.505071,14.694125,12.294629,7.6558228,11.103037,14.381617,9.185003,7.9070077,12.790216,12.3619795,15.618551,15.528957,19.109297,19.39923,20.6829,22.21798,18.377748,22.324354,24.680983,19.853415,19.380322,24.144148,26.384998,27.726917,22.655247,20.911467,26.063282,25.494305,21.191174,25.046251,27.300066,25.146013,21.961363,26.808786,22.643875,26.129509,23.26847,19.13872,20.425117,16.090374,14.947466,15.25097,11.400111,12.364964,12.55402,16.648415,17.304737,22.983583,24.721577,28.540394,30.549034,30.347595,32.07069,32.19171,34.316692,33.311275,31.550146,29.95889,28.768177,24.131054,27.533514,21.71219,24.592043,25.73211,22.174215,21.124325,17.154661,16.014584,13.944119,11.515951,11.248782
14,31.778448,28.247238,26.524443,21.841633,21.03552,18.633007,17.288036,13.4289255,10.255507,12.69301,10.350458,11.489024,7.8604426,7.0196815,0.0,5.8563123,6.6475143,10.307206,12.305382,16.043467,19.087143,20.069557,24.16526,23.07235,23.120525,22.097775,20.482012,21.375967,19.048246,23.245731,17.816217,24.56027,20.777575,23.847921,21.48294,17.000214,16.696444,20.162308,16.963396,13.293871,15.399712,18.110344,14.327868,11.491415,16.22457,17.570303,11.486223,13.0646305,17.743929,18.292986,20.35066,18.918833,23.802025,24.206448,24.1849,24.506405,20.393652,23.678072,27.236502,23.501202,21.016497,26.265259,27.964773,30.290627,25.709915,22.966457,27.325113,26.06602,21.526077,25.457222,26.90873,24.141306,20.91293,25.438816,21.96984,24.990547,22.080204,18.99857,19.06096,16.310553,14.072895,14.515657,9.659204,10.435838,11.679109,13.918135,15.467755,20.445082,22.102646,26.108894,27.69526,27.972582,29.41984,29.937523,31.574585,30.924376,29.369602,27.523598,25.832073,20.65751,23.392744,17.364977,19.38676,20.215792,16.21478,15.652161,10.758199,11.679166,9.099024,8.936452,9.304719
15,32.22792,28.567995,26.628735,22.556356,20.721245,19.10718,16.128098,13.59801,9.034939,11.937364,9.102117,11.422379,9.453104,7.31109,5.8563123,0.0,4.461879,6.0320363,10.581435,12.898158,16.18904,18.115429,21.611088,19.845375,20.278114,19.769232,16.927301,18.115467,15.1128235,19.502218,13.65674,20.334095,17.648472,19.894669,16.704157,12.539936,12.85211,15.477618,11.585092,8.199162,11.153745,12.677053,8.605024,6.903394,11.886078,12.541779,7.7446833,10.073155,14.189994,14.7926855,15.616731,14.771429,19.572739,19.49336,19.152845,19.11881,14.804712,17.97046,21.59346,18.034027,15.170346,20.428246,22.181671,24.541336,20.140322,17.386705,21.776936,20.854557,16.089329,19.74895,21.562971,19.206762,15.644902,20.287195,16.513609,19.89094,17.15378,13.785637,14.938924,12.057649,11.090532,13.013978,8.482535,7.2663913,6.6148863,10.417122,10.461112,16.066862,17.642206,21.553802,23.453974,23.534706,25.34595,25.860119,28.067598,27.557156,26.249912,25.091812,22.925018,18.769743,21.207005,15.275575,17.799995,18.82691,15.669098,14.621363,11.778756,10.042858,9.674386,7.7523623,10.19607
16,33.394634,29.614391,28.34248,23.995892,22.492765,21.519348,18.759047,16.701853,12.356327,15.915517,13.414208,15.552456,12.9218855,10.715791,6.6475143,4.461879,0.0,4.5534706,6.3504643,9.89791,12.699902,14.155554,17.893799,16.809017,17.297636,17.026834,15.086968,16.960398,14.910715,19.611988,15.081792,22.14732,20.372732,23.00252,19.482883,15.215849,16.444727,19.05358,14.614576,11.538613,15.282684,15.634861,11.160916,10.760952,15.520518,14.351801,9.148992,12.90496,16.531027,18.04593,18.411873,15.992078,21.582703,21.991493,20.629461,19.901878,15.91655,18.585606,22.79566,20.35801,16.864843,22.099504,23.761036,26.593796,22.782526,19.816664,23.60412,22.617308,17.64622,20.534586,22.188744,19.861975,15.812249,19.617887,16.190771,18.669764,15.683242,13.128777,12.778168,11.14602,9.163969,11.066116,6.469703,4.951598,6.1648655,7.378285,9.461845,13.951078,16.057724,20.023054,21.944054,22.757439,24.689985,25.767523,27.883718,27.900576,26.98771,25.976341,23.09201,19.070332,20.402962,14.376552,15.637894,15.958335,12.694426,12.529855,9.556276,9.830069,10.059798,9.9745455,12.770408
17,32.134415,28.309626,27.107618,23.274073,21.18134,21.103819,17.448221,16.776417,12.174631,16.167217,14.221762,17.100502,15.407247,13.313169,10.307206,6.0320363,4.5534706,0.0,6.606284,7.0025663,10.6279,12.904237,16.358923,13.883599,14.335965,14.157327,11.188894,13.104769,10.741434,15.528726,11.365353,18.326519,17.71472,20.08002,16.155155,12.136214,14.357512,16.620619,11.857026,9.326041,14.105812,13.672741,9.182686,10.697944,15.089212,13.430654,10.399738,14.216093,17.150043,18.410616,17.5408,16.041843,21.261492,21.006275,19.284924,17.792288,13.6063595,15.528967,20.153603,18.22332,13.481699,18.66687,19.89023,23.103516,19.72531,16.372202,19.590761,18.495132,13.530918,16.355488,17.712929,15.399529,11.312507,15.257361,12.093516,15.003996,12.488413,10.486987,11.230303,10.693582,10.222459,13.38198,9.687902,6.4380817,4.757381,6.3587403,5.331118,10.384292,11.890011,15.871321,17.749691,18.327919,20.357372,21.438063,23.805595,23.963737,23.286858,22.763117,19.468033,16.31612,17.220015,11.51443,13.167423,13.8428545,11.5579,10.750509,10.149313,8.087521,10.280503,9.640333,13.477971
18,35.520878,31.660837,31.225418,26.96429,25.5695,25.70168,22.795835,21.812267,17.606337,21.70353,19.564596,21.88306,19.227566,16.96719,12.305382,10.581435,6.3504643,6.606284,0.0,5.8171163,7.1031775,7.9049654,11.890354,11.644465,12.3566675,12.84602,12.232802,15.201313,14.683489,19.349314,17.01704,23.904963,23.76461,26.483818,22.52497,18.564703,20.903387,23.170128,18.269768,15.889693,20.403711,19.331955,14.856498,16.092175,20.406006,17.3526,13.302428,17.930677,20.597729,22.843538,22.200668,18.638947,24.625296,25.27315,22.632948,20.768467,17.455795,18.976673,23.807074,23.050806,18.66891,23.475147,24.813028,28.229204,25.437994,22.279728,24.985188,24.010206,19.108873,20.672691,21.980677,19.970543,15.582827,17.739418,15.232988,16.177097,13.267526,12.603402,10.299553,11.577903,9.402267,11.625997,8.936316,6.7833824,8.504967,4.873201,8.998262,10.533225,13.201787,16.856203,18.754208,20.626083,22.754715,24.634115,26.717669,27.56828,27.363125,26.876059,22.961182,19.889273,19.335833,13.98191,13.150675,12.199152,9.80694,11.075908,9.952772,11.743762,13.425764,14.5920105,17.880505
19,33.736538,29.886126,29.690727,26.0808,24.164131,25.391254,21.76428,22.281189,18.111359,22.54115,21.078371,24.057049,22.180117,20.110634,16.043467,12.898158,9.89791,7.0025663,5.8171163,0.0,4.549989,6.85735,10.434874,7.1090994,7.525976,8.232098,6.5720596,10.0932455,10.146758,14.534072,13.793704,20.012709,21.403257,23.915487,19.80603,16.38691,19.685362,21.637741,16.809502,15.178781,20.354599,18.753508,14.654035,17.347942,21.248055,18.025747,15.998389,20.443712,22.605524,24.44537,22.669773,20.274662,25.682545,25.559885,22.626518,19.862867,16.55711,16.862484,22.100239,22.094713,16.356445,20.725315,21.284649,25.204906,23.166325,19.61593,21.1942,19.971685,15.517787,16.673397,17.172354,15.182086,11.146201,12.688308,11.340183,12.313517,10.414636,11.355598,10.323102,13.139841,12.701851,15.9810705,13.661044,10.363236,9.672713,6.654933,6.3459578,6.1572866,7.6936426,11.364143,12.98465,14.88159,17.058065,19.156536,21.397959,22.609125,22.845139,22.990496,18.470041,16.72172,15.127182,10.706071,9.663789,8.97133,8.569681,9.073648,11.273759,10.765532,14.184016,15.03506,19.020468
20,37.897728,34.06413,34.08952,30.45231,28.642977,29.889544,26.308619,26.657206,22.38687,26.679346,24.834023,27.55873,25.476408,23.068985,19.087143,16.18904,12.699902,10.6279,7.1031775,4.549989,0.0,3.5637171,5.928948,4.9979486,6.9163637,9.443936,9.154645,13.272507,14.012609,18.019707,17.981798,23.787905,25.745361,27.917515,23.521967,20.47878,23.787819,25.214212,20.198633,18.936985,23.869719,21.31759,17.409798,20.32058,23.870571,19.484009,17.707222,22.514114,24.073605,26.531857,24.506414,20.99728,26.576773,26.936623,23.262709,20.134882,17.691456,17.548561,22.696472,23.756672,18.536398,22.36278,23.147219,27.013756,25.568422,22.42332,23.70306,22.966682,18.580881,18.37514,19.28774,18.101645,13.7532425,13.568089,12.530113,11.627361,9.623707,11.706141,8.922462,13.228455,12.666131,15.638848,14.635613,11.715036,11.877843,7.188877,9.087714,5.937135,8.8040695,11.462181,13.507218,16.42322,18.956905,21.594378,23.972431,25.705824,26.368952,26.870869,22.00946,20.869999,18.490019,14.791733,12.653861,10.868634,11.251731,12.716867,14.694539,15.218349,18.371332,19.356522,23.234118
21,38.526966,34.723507,35.13392,31.291735,29.891895,31.198977,28.075195,28.265352,24.239508,28.66874,26.918306,29.519457,27.057037,24.795305,20.069557,18.115429,14.155554,12.904237,7.9049654,6.85735,3.5637171,0.0,5.176596,6.261698,7.3330784,9.515065,11.104969,14.882804,16.323305,20.11642,20.52358,26.451435,28.1375,30.735456,26.560379,23.242922,26.472786,28.304674,23.332537,21.74062,26.705013,24.560322,20.482588,22.946062,26.769583,22.52955,20.027243,24.89563,26.715963,29.291107,27.625254,23.725748,29.523819,30.120995,26.45219,23.444666,21.072664,21.05348,26.1535,27.177382,22.03882,25.924759,26.652357,30.560747,29.064312,25.835985,27.079975,26.137978,21.849504,21.833885,22.443169,21.024303,17.015202,16.705343,16.048155,14.881971,13.00239,15.069677,11.674306,15.852487,14.555014,16.843836,15.902103,13.614744,14.5669775,9.559245,12.351832,9.380524,11.734604,14.031007,15.528359,18.693104,20.86797,23.639654,25.574297,27.44251,28.153156,28.427658,23.569115,22.13846,19.390495,15.917764,12.821662,10.290833,10.683541,12.989712,14.662977,16.54127,19.308733,20.983921,24.603462
22,43.006508,39.21902,39.575485,35.96497,34.288773,35.701134,32.190075,32.539032,28.264935,32.499916,30.44803,32.978714,30.73158,28.12596,24.16526,21.611088,17.893799,16.358923,11.890354,10.434874,5.928948,5.176596,0.0,6.7212744,9.166864,12.662746,13.681457,17.82825,19.257473,22.747953,23.574308,28.894434,31.44876,33.39299,28.840963,26.146217,29.52618,30.559391,25.49904,24.555271,29.30218,26.034197,22.423925,25.467735,28.656925,23.390362,21.971535,26.906698,27.861855,30.821287,28.56161,24.157316,29.659586,30.457634,26.120296,22.675018,21.280478,20.562986,25.351154,27.553146,22.863647,25.960657,26.795603,30.56994,29.8482,27.084736,27.876352,27.516006,23.417498,22.00834,23.044712,22.571758,18.350063,16.543503,16.223537,13.498372,12.037529,15.115259,11.167132,16.354162,15.746474,18.023783,18.394098,16.091558,16.840385,11.700954,14.416692,9.791825,12.58093,13.688066,15.6741495,19.409758,22.038963,25.14622,27.482862,29.76286,30.890871,31.744825,26.583721,26.08777,22.900967,20.046217,17.023148,14.492753,15.653056,17.724756,19.731438,20.994444,24.022272,25.222916,29.01335
23,37.593643,33.869144,34.281475,31.176914,29.192064,31.27204,27.455988,28.798227,24.774672,29.217262,27.88664,30.943884,29.220266,27.009478,23.07235,19.845375,16.809017,13.883599,11.644465,7.1090994,4.9979486,6.261698,6.7212744,0.0,3.262099,7.1523814,7.384869,11.446169,13.335304,16.3033,18.199598,22.930332,26.113916,28.160385,23.90021,21.42625,25.250315,26.491604,21.79262,21.04711,26.199892,23.481428,20.006468,23.54092,26.812761,22.499002,21.766684,26.375624,27.692142,29.868753,27.224955,24.483456,29.57104,29.448141,25.6251,21.92084,19.756378,18.570621,23.743925,25.509466,19.552902,22.669626,22.675722,26.873114,26.245468,22.935175,23.017683,22.085203,18.506516,17.658682,17.57981,16.646044,13.254994,11.555831,12.440895,10.8565235,10.483027,13.994877,12.237866,17.028492,17.207361,20.431225,19.426077,16.224619,15.53525,11.640238,11.213738,6.2219753,6.879647,8.123788,9.461513,12.99914,15.421691,18.490133,20.77115,23.058609,24.289223,25.368382,20.078455,20.299255,16.747412,14.671485,11.941789,10.095709,12.362559,13.485467,17.192884,16.89428,20.713686,21.737583,25.807
24,35.064274,31.393402,32.131958,29.117334,27.312948,29.764912,26.193693,27.892178,24.223373,28.853241,27.971914,31.17456,29.42642,27.544731,23.120525,20.278114,17.297636,14.335965,12.3566675,7.525976,6.9163637,7.3330784,9.166864,3.262099,0.0,4.0642996,6.073563,9.456925,12.235851,14.753957,17.45618,22.06854,25.152802,27.67468,23.825815,21.152233,25.05844,26.817398,22.37301,21.369143,26.705797,24.720205,21.13863,24.441689,28.000404,24.362244,23.27335,27.74503,29.485722,31.359861,28.915808,26.645927,31.740616,31.396276,27.915285,24.330372,21.77648,20.7043,25.94595,27.257357,20.88145,24.172249,23.798388,28.14465,27.354258,23.710966,23.582283,22.125175,18.872097,18.790447,17.91321,16.345415,13.784803,12.65028,14.0595875,13.265684,13.119976,16.289497,14.935141,19.293554,19.22937,22.393415,20.7812,17.622267,16.865686,13.342521,12.353818,8.403716,7.6904736,8.987053,9.080931,12.285763,14.025177,17.043549,18.778816,21.084654,22.318718,23.21884,17.920048,18.13622,14.116853,12.633925,9.283353,7.3430023,10.404051,11.459036,15.899221,15.693916,19.589792,21.035803,25.007349
25,31.257877,27.617973,28.624142,25.633467,24.065466,26.817429,23.609188,25.60437,22.41411,27.185646,26.8437,30.161612,28.412052,26.972967,22.097775,19.769232,17.026834,14.157327,12.84602,8.232098,9.443936,9.515065,12.662746,7.1523814,4.0642996,0.0,5.476585,7.1798844,10.69353,12.816542,15.931778,20.584703,23.133812,26.286993,23.011702,19.994469,23.82606,26.2775,22.195177,20.79237,26.219625,25.26366,21.56466,24.419373,28.310692,25.630096,24.03786,28.234137,30.525913,31.98506,29.913393,28.245943,33.330826,32.745888,29.80023,26.51549,23.42586,22.710781,27.979153,28.5121,21.835945,25.465662,24.812845,29.206865,27.986809,23.997807,23.927856,21.863003,18.878983,19.978542,18.426449,15.982412,14.31448,14.39104,15.811195,16.126207,15.913941,18.392683,17.550758,21.178211,20.837605,23.913113,21.515985,18.470713,17.627346,14.798619,13.248978,10.955274,9.421896,11.191021,10.344089,12.4779625,13.280241,15.846681,16.859293,18.844416,19.8006,20.223257,15.137471,14.847174,10.6386,9.502736,5.4827886,3.8357725,7.7027225,8.353383,13.57543,13.367116,17.21016,19.115131,22.871029
26,30.849976,27.149572,27.32547,24.62702,22.30708,24.81267,20.780602,22.991808,19.410414,23.917784,23.458895,26.930218,25.775587,24.182762,20.482012,16.927301,15.086968,11.188894,12.232802,6.5720596,9.154645,11.104969,13.681457,7.384869,6.073563,5.476585,0.0,4.3231845,6.1851025,9.14509,11.462962,16.088312,19.164553,21.631771,17.954718,15.348948,19.397203,21.264046,17.204702,16.331947,21.69799,20.341536,17.022469,20.422667,23.85864,21.316086,20.752625,24.623682,26.58248,27.74221,25.249475,24.398588,28.98365,27.999376,25.268438,21.993944,18.749426,17.89202,23.074461,23.436203,16.555801,20.113976,19.412724,23.784216,22.547388,18.567879,18.524271,16.616854,13.45024,14.655499,13.287857,10.867827,8.852233,9.71267,10.855111,12.255148,12.27865,14.38208,14.943124,18.030836,18.561922,22.180418,19.721354,16.161484,14.220178,12.655189,9.030411,7.655791,5.0111217,7.760319,7.732799,8.953465,10.6183405,12.843785,14.973487,16.55793,17.311872,18.14849,13.028114,13.206664,10.221384,8.177299,7.3618927,7.8764935,9.920975,9.051754,13.993284,11.459809,15.878484,16.540396,20.668898
27,26.964321,23.356613,23.701567,21.464191,19.061247,22.22742,18.298044,21.386032,18.491146,22.967302,23.308266,26.964155,26.130947,25.06665,21.375967,18.115467,16.960398,13.104769,15.201313,10.0932455,13.272507,14.882804,17.82825,11.446169,9.456925,7.1798844,4.3231845,0.0,4.4826927,5.6714063,9.73408,13.49437,16.610312,19.571543,16.734282,14.226703,18.286947,20.68592,17.427765,16.49497,21.74085,21.44588,18.432241,21.492815,24.933922,23.513447,22.975477,26.329466,28.623856,29.19556,26.869703,27.008017,31.23283,29.81109,27.687117,24.65759,21.108942,20.32723,25.258484,24.991524,17.871698,21.309425,20.011675,24.35621,22.976057,18.711067,18.235888,15.553591,13.349093,15.741937,13.218674,9.833172,9.967445,11.7640085,13.374275,15.610535,15.974963,17.605028,18.828907,21.285978,21.83019,25.404247,22.383467,18.931332,16.694912,16.08201,11.776034,11.706729,8.452526,10.436649,9.140588,8.601322,8.788518,10.172578,11.567567,12.731684,13.27402,13.938973,8.790426,9.4269705,6.161996,5.784014,6.446014,8.535864,10.5857725,8.589794,14.181778,10.643257,15.098213,15.802103,19.66705
28,26.731756,23.080896,22.522348,20.275858,17.354296,19.874556,15.339129,18.275946,15.068776,19.263786,19.51705,23.228346,22.832792,21.764175,19.048246,15.1128235,14.910715,10.741434,14.683489,10.146758,14.012609,16.323305,19.257473,13.335304,12.235851,10.69353,6.1851025,4.4826927,0.0,4.83429,5.4824324,10.331689,13.014223,15.626925,12.454496,9.820993,13.961542,16.217295,13.0244,12.2357435,17.37472,17.292952,14.529669,17.599081,20.797617,19.986168,19.86367,22.740522,25.001345,25.209179,22.90801,23.78955,27.632044,25.95446,24.325523,21.698723,17.824541,17.460209,22.146513,21.143892,14.119109,17.87236,16.793476,20.91469,18.958584,14.613041,14.84883,12.16933,9.409932,12.953419,11.004196,7.1649394,7.0320277,10.843014,11.200293,14.695178,14.754956,15.308908,17.54052,18.976322,19.909508,23.605255,20.387625,16.862823,13.9769335,14.761187,9.406986,11.361231,8.561474,11.245255,11.046184,9.683546,10.509823,10.955383,13.11896,13.321747,13.104359,13.569997,9.333149,9.034556,8.653336,6.2055373,9.304625,11.635612,12.249502,9.709691,13.982786,8.855499,13.304388,12.845223,16.858006
29,24.830112,21.470354,21.20949,20.019402,16.8896,20.432575,15.970008,20.142668,17.810852,21.639153,22.641907,26.428013,26.466316,25.755318,23.245731,19.502218,19.611988,15.528726,19.349314,14.534072,18.019707,20.11642,22.747953,16.3033,14.753957,12.816542,9.14509,5.6714063,4.83429,0.0,7.2512474,8.261881,12.625426,15.064837,12.990442,11.644293,15.667254,17.721571,15.702114,15.514013,20.10573,20.362944,18.33231,21.429327,24.171791,23.852665,24.342388,26.85146,28.963453,28.769936,26.21164,27.885216,31.185225,29.060963,27.668863,24.914759,21.301237,20.363413,24.652002,23.836323,16.740564,19.524187,17.495205,21.588318,20.302845,16.006933,14.777687,11.425764,10.839603,14.230515,10.668748,6.60721,9.634969,12.377215,14.128135,17.41623,18.300516,19.320093,21.851412,23.477531,24.655346,28.4058,25.195415,21.6757,18.649036,19.496872,13.951299,15.078606,11.4109745,12.731974,11.285335,8.480834,7.6893964,6.919313,8.601764,8.501865,8.553443,9.874475,5.2395415,8.062282,7.129109,8.339254,11.312431,13.969605,15.411449,12.681332,17.556562,12.334828,16.480335,16.034977,19.590769
30,25.13575,21.61617,19.98297,18.033524,14.557118,16.330809,11.188582,14.310132,11.349273,14.844998,15.581105,19.358185,19.771763,19.13549,17.816217,13.65674,15.081792,11.365353,17.01704,13.793704,17.981798,20.52358,23.574308,18.199598,17.45618,15.931778,11.462962,9.73408,5.4824324,7.2512474,0.0,7.1695724,7.9670024,10.53446,7.741307,4.636143,8.694694,11.390868,9.255286,8.531545,12.99083,14.332791,12.320335,14.689732,17.459944,18.398378,18.618862,20.37945,22.816805,22.15372,20.234207,22.583263,25.658361,23.499723,22.99764,21.23,16.990776,17.382917,21.306005,18.867395,12.514977,16.408,15.469403,18.900942,15.938918,11.56647,12.882625,9.963873,7.4528685,13.023707,11.643224,7.7631927,8.479055,13.760489,12.877226,17.427916,17.199266,16.31281,19.555477,19.461498,20.648064,24.184471,20.582973,17.371132,14.002921,16.642586,11.018632,14.961595,12.853619,15.552123,15.770425,13.628673,14.227185,13.441256,15.5211315,14.42624,13.096686,12.905004,10.7201805,9.264111,11.882876,9.048129,13.582527,16.25572,15.7577305,12.785096,15.350325,8.971307,12.348836,10.290897,13.8689785
31,24.82165,21.927492,20.069223,19.988531,16.023258,18.690409,13.592135,18.188911,16.530533,18.75152,20.300598,23.908453,25.25877,24.947327,24.56027,20.334095,22.14732,18.326519,23.904963,20.012709,23.787905,26.451435,28.894434,22.930332,22.06854,20.584703,16.088312,13.49437,10.331689,8.261881,7.1695724,0.0,7.3392563,7.46929,6.94308,8.364025,11.201192,12.146424,12.573254,13.586588,16.314552,17.506344,17.18391,19.815634,21.22829,22.735487,24.484186,25.535442,27.282852,25.955893,23.39554,27.195513,29.017849,26.050394,26.033533,24.191008,20.594524,20.045193,22.971003,20.832901,14.907104,16.78139,14.408869,17.360151,15.548263,11.718227,10.538319,6.702207,8.696969,13.569875,10.584308,7.5095024,11.698221,15.6986885,16.17022,20.59535,21.454971,21.066713,25.016401,25.084753,26.932526,30.64025,27.343845,24.043018,20.324345,23.089645,16.925932,19.820463,16.789783,18.087772,17.548061,14.006938,13.61485,11.245667,13.143716,11.054591,9.519207,10.627609,10.094591,11.837152,14.263698,14.323365,18.620325,21.47463,21.87712,18.7826,22.059134,15.678133,18.726696,16.471184,19.226068
32,21.263529,18.364252,15.357937,14.8397665,10.8218355,12.0691185,6.9568996,11.538552,11.134136,12.473757,15.075718,18.478895,20.139145,20.700968,20.777575,17.648472,20.372732,17.71472,23.76461,21.403257,25.745361,28.1375,31.44876,26.113916,25.152802,23.133812,19.164553,16.610312,13.014223,12.625426,7.9670024,7.3392563,0.0,5.495564,7.610262,6.7460375,6.917598,10.416145,11.933909,11.485736,13.073126,17.073448,16.515753,17.218716,19.039968,22.510338,22.856369,23.00632,25.680763,23.701954,22.641571,26.78843,28.673967,25.91004,26.972664,26.214022,22.02446,22.90495,25.654285,21.817133,17.10334,20.12294,18.905163,21.085018,17.511324,13.981975,15.43461,12.346661,12.371376,18.387638,16.78692,13.409641,15.659312,20.845543,19.91431,24.752325,24.589994,22.985033,26.68444,25.508617,26.664064,29.780941,25.791473,23.220367,19.970901,23.597137,18.3715,22.83532,20.717644,23.075634,22.923372,20.008577,19.693165,17.627834,18.692383,16.069262,13.409009,12.028507,13.38417,11.45462,16.303005,14.690625,19.764116,22.86681,21.881264,18.58237,20.012466,13.734289,15.069256,12.211938,13.648335
33,25.781954,23.224562,19.979286,20.053389,16.050547,16.763384,11.891988,15.419868,14.549989,14.778321,16.695446,19.761871,22.182396,22.387695,23.847921,19.894669,23.00252,20.08002,26.483818,23.915487,27.917515,30.735456,33.39299,28.160385,27.67468,26.286993,21.631771,19.571543,15.626925,15.064837,10.53446,7.46929,5.495564,0.0,5.2142344,7.944098,7.442394,7.6853447,11.019376,12.264252,12.383534,15.451792,16.363874,17.55995,17.924576,21.586477,23.493473,23.054493,24.810976,22.424122,20.712725,25.981724,26.732327,23.415396,24.945179,24.42925,20.75492,21.336845,23.097412,19.15579,15.406702,17.209002,15.808696,17.108328,13.73767,11.067783,12.267571,9.959099,11.326082,16.714365,15.614018,13.459406,15.962678,20.793179,19.699522,24.62074,24.808823,22.983053,27.412975,25.91658,27.798708,31.064894,27.61995,24.931274,21.228582,25.338154,19.70029,24.057617,21.997065,23.872482,24.079765,20.877546,20.9552,18.69207,20.462744,17.940668,15.714421,15.521608,16.617008,16.218416,20.268799,18.875834,23.747585,26.644379,25.966928,22.816465,24.382309,17.965536,19.572197,16.118736,17.66183
34,28.688581,25.676943,22.933615,22.031769,18.112059,18.817167,13.457558,16.174522,13.721497,14.902583,15.543747,18.843964,20.759819,20.169024,21.48294,16.704157,19.482883,16.155155,22.52497,19.80603,23.521967,26.560379,28.840963,23.90021,23.825815,23.011702,17.954718,16.734282,12.454496,12.990442,7.741307,6.94308,7.610262,5.2142344,0.0,4.8535056,6.329186,5.2899985,6.6270447,8.6965885,10.018887,11.243581,11.942301,14.233067,14.730561,17.121712,19.520615,19.713444,21.115204,19.372118,16.93086,21.606308,22.775587,19.648169,20.427126,19.50012,15.77415,16.215714,18.383127,14.892489,10.30444,12.630497,11.609255,13.586633,10.025307,6.4338255,8.571394,6.6971188,6.3840537,11.931594,11.672492,9.860511,11.257049,16.213987,14.63578,19.596045,19.702114,17.860472,22.421026,21.115717,23.285023,26.769997,23.711058,20.73687,16.803335,20.822704,15.017757,19.318033,17.58384,19.560919,20.32169,17.571167,18.458395,16.91782,19.54385,17.874327,16.350142,16.767067,16.099403,15.858151,18.94196,16.784441,21.254837,23.771387,23.220333,20.379833,22.119484,15.781867,18.083902,14.59574,17.156605
35,26.666973,23.328451,20.82007,18.947159,15.336768,15.75488,10.418708,12.56222,9.471032,11.7753935,12.3319845,15.981834,17.170834,16.63826,17.000214,12.539936,15.215849,12.136214,18.564703,16.38691,20.47878,23.242922,26.146217,21.42625,21.152233,19.994469,15.348948,14.226703,9.820993,11.644293,4.636143,8.364025,6.7460375,7.944098,4.8535056,0.0,4.3197727,7.0106196,5.758968,5.4016576,8.691001,11.087028,9.976538,11.65536,13.7446575,16.05994,16.757067,17.486385,19.836864,18.520687,16.91699,20.371412,22.725266,20.286383,20.707718,19.782656,15.445261,16.60108,19.714472,16.075293,10.954326,14.89561,14.57375,17.125135,13.149935,9.196479,12.134834,9.966043,7.350417,13.386746,13.251256,10.34517,10.420365,16.048832,14.027047,18.972673,18.389894,16.35126,20.213215,18.863667,20.316996,23.633177,20.05515,17.20671,13.616295,17.54954,12.236425,17.217424,15.8789835,18.654129,19.459234,17.316122,18.23597,17.208015,19.492754,18.009218,16.31915,15.901671,14.810577,12.909346,16.369442,13.054997,17.662178,20.18525,19.050697,16.214859,17.395704,11.125551,13.266168,9.838431,12.775073
