,0,1,2,3,4,5,6,7,8,9,10,11,12,13,14,15,16,17,18,19,20,21,22,23,24,25,26,27,28,29,30,31,32,33,34,35,36,37,38,39,40,41,42,43,44,45,46,47,48,49,50,51,52,53,54,55,56,57,58,59,60,61,62,63,64,65,66,67,68,69,70,71,72,73,74,75,76,77,78,79,80,81,82,83,84,85,86,87,88,89,90,91,92,93,94,95,96,97,98,99,100,101,102,103,104,105,106,107,108,109,110,111,112
0,0.0,3.665649,5.8328786,9.2509365,10.953855,13.722511,16.128717,19.68794,22.877813,25.639082,29.263554,32.954235,32.041023,28.371056,28.54847,26.284943,23.145088,25.034231,19.049292,24.432148,22.953323,25.309826,26.55136,30.074299,33.37009,31.627579,29.559254,27.923758,28.109411,24.79726,28.562437,25.043087,30.929605,29.165327,34.330246,36.66397,32.460064,33.61235,27.585203,31.180191,28.384527,30.814005,30.138361,31.409283,32.66735,33.244713,36.2649,37.862255,37.374104,39.88887,37.858162,36.31184,34.734673,38.012505,35.775944,39.922512,37.36268,36.692802,42.38939,43.349335,41.696575,37.13654,37.987225,35.713352,37.93666,35.78934,35.06205,38.71783,40.711796,38.97402,38.61587,34.176785,36.377613,33.009792,37.618225,34.08103,40.361095,37.52431,41.425083,39.45731,35.960945,39.65979,35.941338,31.770405,27.999365,27.96021,23.440878,23.32173,19.373783,17.47968,17.15972,14.296567,15.506641,19.450804,21.4173,22.10426,23.441582,25.970675,22.494118,24.967453,24.58927,29.294706,29.801685,27.168945,26.682846,25.601658,26.681284,27.033176,28.788212,28.236732,31.92747,31.674942,36.192764
1,3.665649,0.0,5.027141,6.1817074,8.376819,11.740994,13.590345,17.94943,20.576345,23.426317,27.142118,30.637035,29.261887,25.591352,25.463648,23.040148,19.747692,21.515738,15.447445,20.816978,19.513182,21.894695,23.41599,26.875443,30.035637,28.355879,26.059204,24.665924,24.67393,21.878187,25.547285,22.614468,28.34563,27.253815,32.22224,34.884506,30.896772,31.835384,25.579758,28.824982,25.912054,27.988369,27.090214,28.115602,29.361582,29.758934,32.94428,34.412937,33.79857,36.426205,34.458363,33.065342,31.666388,34.822655,32.80526,37.136898,34.501972,33.575783,39.23758,40.02738,38.288,33.68696,34.4037,32.070393,34.292908,32.140594,31.483814,35.129192,37.097237,35.32485,34.98585,30.53689,32.805172,29.496807,34.175274,30.799387,37.144447,34.55544,38.526012,36.77482,33.194695,37.16343,33.7084,29.379475,25.595434,25.116566,20.999432,20.208122,16.473583,14.250289,14.25932,11.407301,13.340811,17.007597,18.723469,19.318714,20.328129,22.751427,18.935448,21.643282,21.23768,25.881605,26.183083,23.523012,23.186378,22.273245,23.29606,23.491114,25.477922,24.767204,28.56586,28.437134,32.9457
2,5.8328786,5.027141,0.0,5.341803,6.5664573,8.1842165,11.341133,14.358465,17.373373,20.391516,23.664318,27.573345,26.982162,23.200134,24.13308,21.71441,19.195635,21.203894,15.857787,21.716846,20.873556,23.83586,25.174046,29.034977,32.024338,29.741226,27.077091,25.283468,24.54527,20.728628,23.958494,19.9598,25.65944,23.709057,29.001774,31.27628,27.206228,28.595348,22.757431,26.284216,24.03906,26.206507,26.452335,27.746271,29.62498,30.300549,34.332657,35.965046,34.973873,37.26165,34.615368,33.442703,31.47193,34.20857,31.560163,35.594337,32.63535,32.20895,37.73729,39.105003,37.392136,33.185356,34.32436,32.58068,34.903515,33.62818,33.009853,36.852272,38.347443,36.559048,35.681587,30.959307,32.664986,29.044704,33.33573,29.467892,35.530197,32.40986,36.2208,34.159737,30.56891,34.029552,30.200794,26.128613,22.361633,22.681925,17.918316,18.553707,14.944536,14.101425,14.729945,13.141694,15.109284,19.478947,21.662626,22.732754,23.447224,25.976233,21.284681,24.794647,23.96135,28.67413,28.076626,24.889776,24.98212,24.103453,24.177925,24.291586,25.224783,24.269209,27.692713,26.966259,31.492905
3,9.2509365,6.1817074,5.341803,0.0,3.7394986,6.6940737,8.275593,13.06392,14.794563,17.959608,21.426931,24.910236,23.389317,19.597326,19.889788,17.122604,14.264242,16.064837,10.528207,16.475124,16.044546,19.04255,20.86988,24.549534,27.268229,25.132864,22.064125,20.739752,19.634827,16.851715,19.890053,17.111282,22.49103,21.90222,26.762526,29.649061,26.008898,26.955658,20.7283,23.547115,21.053299,22.529945,22.314135,23.130959,24.978033,25.31059,29.604631,30.99606,29.798237,32.299427,29.798088,28.89349,27.273806,29.809301,27.592527,31.982628,28.908215,27.976023,33.467506,34.49529,32.61403,28.295261,29.17034,27.293602,29.611412,28.30635,27.806532,31.61275,33.07868,31.236088,30.410173,25.671244,27.52047,24.001028,28.463963,24.897913,31.133785,28.493618,32.45922,30.813057,27.054035,31.058527,27.746685,23.36378,19.57077,18.960148,15.048882,14.201075,11.070358,9.609166,11.1116705,9.881586,12.988566,16.596123,18.25634,19.131107,19.25483,21.516088,16.291334,20.176464,19.292156,23.799992,22.836845,19.59678,19.984552,19.427988,19.361506,19.170935,20.533817,19.258974,22.927526,22.45505,26.998674
4,10.953855,8.376819,6.5664573,3.7394986,0.0,4.470044,5.2292466,10.020612,12.470344,15.078834,19.031406,22.316784,21.10932,17.53378,17.774551,15.901709,13.143957,15.980355,11.049548,17.543756,18.088692,21.088852,23.414276,26.88165,29.247156,27.244045,23.561546,22.740377,20.620995,18.379602,20.502192,17.743858,22.485477,21.949997,26.939402,29.717518,26.33967,27.665642,21.811972,24.362648,22.52286,23.374935,23.880243,24.307322,26.56519,26.53839,31.51415,32.577724,30.8738,33.634876,30.977524,30.60245,29.022215,30.937304,28.651793,33.058365,29.45523,28.475449,33.587654,34.812347,32.47122,28.629059,29.088583,27.485743,29.28437,28.611305,27.482323,31.536377,32.712284,31.165289,29.927896,25.600262,27.013332,23.816792,27.869427,24.586014,30.478245,28.051376,31.969372,30.543695,26.23529,29.888123,26.545513,22.423698,18.55834,18.207027,14.569237,14.182037,12.459313,11.783875,14.123953,13.321014,16.636656,20.01611,21.378239,21.96544,21.691294,23.44012,17.70694,21.222803,19.51942,24.488638,23.503668,19.717728,19.617043,18.625605,18.075672,18.373724,18.772993,18.408716,21.60559,21.331612,25.738144
5,13.722511,11.740994,8.1842165,6.6940737,4.470044,0.0,4.4826584,6.641895,9.21387,12.29799,15.552011,19.393784,19.035059,15.294764,16.98679,14.974077,13.472543,16.176956,12.605809,18.84068,19.659609,23.035686,24.996147,28.743692,30.938513,28.391624,24.568085,23.319149,20.609617,17.39238,18.903448,15.145223,19.65542,18.365522,23.592968,26.036644,22.693464,24.412373,19.080738,21.739256,20.663115,21.498625,23.16994,23.868383,26.675413,26.975111,32.571335,33.82197,31.865604,34.169632,30.896187,30.70371,28.595896,30.071062,27.198824,31.241154,27.36436,26.911821,31.832632,33.626186,31.406485,28.00375,28.985163,28.030901,30.003366,30.161978,29.278168,33.353436,34.06306,32.460293,30.763756,26.164186,26.981884,23.45988,27.026997,23.20767,28.7269,25.723547,29.44355,27.702053,23.437408,26.586222,22.879938,18.99349,15.150178,15.711303,11.404511,12.802156,11.515318,12.477294,15.138439,15.421183,18.455282,22.211159,23.949081,24.963179,24.57254,26.482296,20.390083,24.540491,22.773825,27.432215,25.589672,21.579979,22.09226,21.342104,19.892591,19.91963,19.266634,18.35659,21.049252,19.99149,24.351212
6,16.128717,13.590345,11.341133,8.275593,5.2292466,4.4826584,0.0,6.155673,7.793961,9.994581,14.239625,17.187437,16.001688,12.570871,13.10249,11.904285,9.937514,13.573698,10.489812,16.851374,18.660475,21.768856,24.466902,27.723976,29.480997,27.392992,22.96421,22.64341,19.12038,17.641588,18.33977,16.120804,19.644922,19.788172,24.507463,27.356808,24.613163,26.114454,20.819084,22.613647,21.641174,21.440216,22.89586,22.80167,25.654865,25.286219,31.273514,32.01079,29.61902,32.414288,29.392189,29.757982,28.164942,29.12629,26.785397,31.148613,26.926035,25.866737,30.415854,31.897589,29.116833,25.950897,26.14966,25.142563,26.546436,26.985601,25.563885,29.766891,30.34022,28.997625,27.132595,23.053736,23.747152,20.780098,24.199085,21.140806,26.528955,24.360764,28.180412,27.105318,22.248455,25.639236,22.525639,18.655876,14.863592,14.509026,11.809344,11.647067,12.164692,12.707263,16.096563,16.404509,20.012342,22.954271,24.01725,24.540346,23.591465,24.836063,18.394907,22.108566,19.731745,24.538095,22.731619,18.385063,18.493519,17.56293,15.759167,16.091013,15.035949,15.012575,17.516066,17.162544,21.372904
7,19.68794,17.94943,14.358465,13.06392,10.020612,6.641895,6.155673,0.0,5.3186383,6.644263,10.219574,13.816769,14.728189,11.685051,14.292597,14.016726,13.883146,17.40162,15.872745,21.71939,23.731646,27.057257,29.41968,32.870987,34.45432,31.947044,27.42661,26.768055,22.663048,20.28356,20.004204,16.628801,19.213669,18.139505,23.066906,25.144632,22.658993,24.935894,20.8445,22.66911,22.959791,22.628536,25.620214,25.763994,29.190582,29.089298,35.663754,36.50019,33.79383,36.165386,32.53082,33.203087,31.076572,31.369747,28.359552,32.11691,27.467106,27.130144,31.086866,33.35439,30.55584,28.278416,28.842514,28.68724,29.932116,31.43394,29.941904,34.16192,34.158657,32.978035,30.514359,26.578133,26.372494,23.398088,25.814684,22.439316,26.841984,24.118505,27.470778,26.112656,21.113619,23.23292,19.566944,16.59182,13.107046,14.507359,11.480654,14.032216,15.247064,17.207722,20.540552,21.424486,24.650658,28.074366,29.511425,30.334375,29.411997,30.747133,24.177402,28.059864,25.478243,30.170847,27.87118,23.356104,23.651962,22.6677,20.11806,20.536568,17.89568,18.021387,19.34199,18.195436,21.92171
8,22.877813,20.576345,17.373373,14.794563,12.470344,9.21387,7.793961,5.3186383,0.0,4.39879,6.6635566,10.367023,10.498257,6.9209104,10.85036,9.815112,11.157379,13.929255,14.236852,19.01506,21.533585,24.873781,27.143705,30.448202,31.59949,28.885727,24.163383,23.626804,18.838799,16.962383,15.600758,13.156759,14.560121,14.776875,19.03563,21.567123,19.73191,21.623678,17.80901,18.706501,19.45737,18.254436,21.744091,21.601675,25.334455,25.20206,32.244553,33.02098,30.046658,32.102543,28.181461,29.234703,27.079157,26.765795,23.783821,27.483355,22.590025,22.176899,25.862167,28.241154,25.457582,23.492605,24.320923,24.66451,26.118872,28.250612,27.278559,31.29783,30.902397,29.571262,26.860096,22.674692,22.047266,18.889439,20.939768,17.364107,21.577862,18.832993,22.205734,21.05114,15.886578,18.38176,15.107584,11.824625,8.373874,9.400833,7.716736,10.157009,13.01443,15.702247,19.427021,21.205841,24.49615,27.384958,28.63298,29.584297,28.249905,29.452646,22.717276,27.124138,24.726324,28.643322,25.393398,20.954,22.142221,21.817118,18.555351,18.263887,15.269315,14.193936,15.139376,13.303931,17.016752
9,25.639082,23.426317,20.391516,17.959608,15.078834,12.29799,9.994581,6.644263,4.39879,0.0,5.379907,7.477597,8.454215,6.4249415,9.757445,11.061328,12.568788,16.045568,16.896088,21.53799,24.643433,27.72648,30.429937,33.382412,34.208576,31.85905,26.783823,26.890406,21.59607,20.79184,18.781288,17.136871,17.445654,18.110523,21.874586,24.174562,22.923355,24.976534,21.755503,22.181158,23.329348,21.51034,25.117731,24.455315,28.235111,27.612982,34.924118,35.272232,31.89395,34.277794,30.509352,32.083344,30.240759,29.346184,26.669817,30.293926,25.093386,24.449392,27.34843,29.70956,26.350798,25.135994,25.185545,25.79128,26.414593,29.178743,27.48503,31.586246,30.852325,29.974524,26.886621,23.595713,22.437057,20.134228,21.38371,18.78502,22.058193,20.139614,23.19579,22.667856,16.987764,18.706762,15.948621,13.67395,11.007312,11.90017,11.74104,13.544969,17.12545,19.489305,23.36305,24.90879,28.396976,31.07299,32.01707,32.64531,31.073042,31.799463,25.009832,28.782398,25.80614,29.896585,26.867226,22.21623,22.782192,22.088644,18.455572,18.743673,14.545885,15.073328,14.9296875,13.786567,16.682388
10,29.263554,27.142118,23.664318,21.426931,19.031406,15.552011,14.239625,10.219574,6.6635566,5.379907,0.0,4.973339,8.263513,6.8940296,12.331834,12.760532,15.680178,17.94929,19.948544,23.686878,26.67792,29.89477,32.05882,35.14325,35.77613,32.94512,28.081413,27.734932,22.279041,20.797287,17.910707,15.988183,14.803842,15.170818,18.26318,20.082348,19.562983,21.806879,19.908031,19.802805,22.041317,19.932194,24.676485,24.275835,28.389797,28.187895,35.746956,36.32362,32.882015,34.53841,30.223982,31.953741,29.651583,28.154037,24.98655,27.890762,22.54701,22.621614,24.904953,27.954245,25.001625,24.528976,25.383244,26.793913,27.784914,31.224733,30.201708,34.009155,32.843884,31.800438,28.456455,24.886768,23.111599,20.514301,20.885492,17.728567,19.939034,17.276024,19.741768,18.912376,13.512046,14.077155,11.031709,9.801675,8.296216,10.585665,11.095835,14.353589,18.225685,21.478514,25.1917,27.425348,30.571846,33.317513,34.515156,35.51868,33.926533,34.879425,28.1325,32.463936,29.83542,33.32951,29.535362,25.143158,26.512032,26.302406,22.35851,22.053558,17.736748,16.92545,16.10293,13.682286,15.915549
11,32.954235,30.637035,27.573345,24.910236,22.316784,19.393784,17.187437,13.816769,10.367023,7.477597,4.973339,0.0,5.6791368,7.1754737,11.272096,13.43363,16.660414,19.050358,21.961071,25.073296,28.70396,31.57318,34.137882,36.72866,36.8645,34.441998,29.251022,29.67366,23.681684,23.679405,20.071753,19.63239,17.333593,19.03749,21.14795,23.075294,23.34575,25.278866,23.723024,22.82951,25.206808,22.230085,26.782757,25.674658,29.75032,28.96911,36.762756,36.828617,32.94579,34.850266,30.771553,33.152443,31.331371,29.09925,26.529655,29.402973,23.857471,23.432741,24.678976,27.508127,23.933672,24.393135,24.390038,26.196356,26.358143,30.578445,29.097713,32.771717,31.131197,30.51473,26.793188,24.202639,21.781013,20.20031,19.521448,17.685917,18.62768,17.333513,19.377733,19.635502,13.8629465,13.876612,12.451428,12.241358,11.709555,12.737991,15.027343,16.894718,21.65294,24.561548,28.487535,30.687323,34.06744,36.330833,37.098717,37.78374,35.82555,36.236732,29.544308,33.356194,30.359425,33.590775,29.755678,25.37501,26.474964,26.235321,21.903072,21.812784,16.625711,16.822697,14.75046,13.029544,13.954714
12,32.041023,29.261887,26.982162,23.389317,21.10932,19.035059,16.001688,14.728189,10.498257,8.454215,8.263513,5.6791368,0.0,4.151749,6.3283978,8.983634,12.433272,14.532071,18.281612,20.563858,24.640434,27.155823,30.04348,32.19001,32.01258,29.979452,24.575294,25.678091,19.422232,21.000462,17.217684,18.522303,16.229103,19.680378,21.429728,24.283743,24.480804,25.66403,23.213243,21.831383,23.46067,19.894398,23.482677,21.710543,25.5536,24.2498,32.041416,31.76663,27.721264,29.983303,26.295769,28.949154,27.714518,25.413023,23.615515,27.078424,21.612879,20.231337,21.632929,23.706686,19.66717,19.83181,19.140738,20.75794,20.712162,24.978958,23.521584,27.122831,25.47518,24.83885,21.13193,18.680775,16.283077,15.083702,14.572975,13.533621,15.110591,14.991999,17.663517,18.666245,12.589282,14.5789175,14.174053,12.652304,11.753903,10.58355,14.342004,13.981017,19.465393,21.780184,25.833118,28.022264,31.588072,33.15962,33.450985,33.864887,31.592646,31.618803,25.090328,28.685902,25.740826,28.495989,24.489061,20.232267,21.529545,21.64042,17.11786,16.707243,11.537306,11.596412,9.115019,8.073279,9.122686
13,28.371056,25.591352,23.200134,19.597326,17.53378,15.294764,12.570871,11.685051,6.9209104,6.4249415,6.8940296,7.1754737,4.151749,0.0,6.018323,6.321766,9.786591,11.901358,15.029662,17.905178,21.569979,24.401508,27.062956,29.61669,29.873411,27.521503,22.282703,22.821674,16.875088,17.506477,14.301419,14.873565,13.630394,16.646246,19.112732,22.175158,21.699467,22.895178,19.778782,18.934845,20.16219,17.161919,20.680412,19.38719,23.279697,22.399618,30.052292,30.200672,26.53796,28.686632,24.834148,26.91471,25.35243,23.768099,21.561995,25.292412,19.969212,18.785696,21.320398,23.456978,19.942673,19.006212,19.07667,20.17345,20.99051,24.381,23.368425,27.12687,26.008684,24.927385,21.654602,18.137419,16.527302,14.188856,15.021617,12.583637,15.789294,14.462154,17.726524,17.881157,11.953302,14.851287,13.381959,10.641233,8.690788,7.444864,10.428523,10.2607,15.4801035,17.952513,21.979197,24.208523,27.698809,29.541897,30.101957,30.735758,28.706532,29.163662,22.494078,26.607319,23.985756,26.98449,22.978708,18.636705,20.249237,20.43744,16.24853,15.552583,11.362178,10.144925,9.335358,7.4576287,10.413204
14,28.54847,25.463648,24.13308,19.889788,17.774551,16.98679,13.10249,14.292597,10.85036,9.757445,12.331834,11.272096,6.3283978,6.018323,0.0,5.627002,7.2273984,10.314177,13.491341,15.930392,20.295698,22.472107,25.967506,27.791195,27.710617,26.291735,20.678453,22.475958,16.49331,19.35557,16.63028,18.700157,17.99318,21.835047,24.128235,27.584133,27.011189,27.793089,23.944324,22.980661,23.25861,20.017073,21.931988,19.766333,23.034079,21.172987,28.552086,27.995533,24.076403,27.196342,24.281086,26.679342,26.109217,24.63864,23.587713,27.884897,22.870167,20.605629,23.002586,24.012201,19.787998,18.577738,16.927673,17.260979,16.989973,20.211853,18.213898,22.177261,21.172527,20.511103,17.272345,14.836536,13.580971,12.640976,13.867612,13.476587,16.925394,17.44959,20.848425,21.879566,16.105934,19.587143,18.982704,16.159575,14.160168,11.548939,14.719969,12.0640955,17.273909,18.379555,22.476034,24.082157,27.92245,28.998951,28.821785,28.79196,26.383732,26.043144,19.570147,22.635525,19.484829,22.48514,19.02675,14.515979,15.297463,15.315205,10.824522,10.602935,5.49553,7.060164,5.995747,7.5384502,10.027224
15,26.284943,23.040148,21.71441,17.122604,15.901709,14.974077,11.904285,14.016726,9.815112,11.061328,12.760532,13.43363,8.983634,6.321766,5.627002,0.0,4.5884438,5.655001,9.759942,11.688947,15.675801,18.256626,21.20521,23.484945,23.712622,21.644093,16.251976,17.309801,11.385391,13.742886,11.265209,13.733175,13.652952,17.861128,20.125704,23.96291,23.045303,23.374199,19.005938,18.074635,17.8364,14.812951,16.4682,14.664163,18.093601,16.83446,24.255356,24.317492,20.834263,23.393019,20.046785,21.901957,20.931593,20.019764,18.653769,23.18497,18.467674,16.273554,19.808086,20.871002,17.476873,15.042532,14.8453865,14.933596,16.376402,18.734623,18.267557,21.988848,21.433228,19.901228,17.24953,12.874364,12.448915,9.515819,12.308915,9.974016,15.175501,14.499,18.409365,18.746477,13.623042,18.211504,17.236485,13.413795,11.086059,7.446474,10.649567,6.670054,12.173053,13.557627,17.588524,19.75913,23.363596,24.421417,24.527727,24.96528,22.708298,23.012589,16.457582,20.77296,18.614008,21.089884,16.830849,12.62685,14.971175,15.831679,11.993805,10.343647,8.253373,4.483186,6.373621,5.53958,9.92394
16,23.145088,19.747692,19.195635,14.264242,13.143957,13.472543,9.937514,13.883146,11.157379,12.568788,15.680178,16.660414,12.433272,9.786591,7.2273984,4.5884438,0.0,4.9459724,6.278851,9.645006,13.5614195,15.968082,19.49084,21.677591,22.29149,20.761806,15.413576,16.819626,11.853189,14.503792,13.656366,15.644805,17.098032,20.629591,23.497604,27.356926,25.817713,26.140945,20.955013,20.755438,19.541069,17.365948,17.66077,15.942745,18.638294,17.121334,23.769348,23.72559,20.619999,23.864544,21.274126,22.608997,22.076603,22.125154,21.167707,26.033987,21.813868,19.387093,23.419209,23.895962,20.591967,17.358831,16.547087,15.385754,16.630373,17.551834,16.526691,20.557716,20.779194,19.285938,17.310575,13.176695,14.015064,11.549515,15.320142,13.592963,19.195047,18.748394,22.74308,22.9462,18.080967,22.72154,21.409704,17.347143,14.474486,11.207446,12.659589,7.98237,11.813281,11.748827,15.734319,17.063591,20.956406,21.847801,21.673277,21.720924,19.515015,19.669928,12.948208,16.880512,14.501209,17.715294,14.395402,9.825537,11.384826,11.925799,8.761102,7.4463477,7.243787,5.363459,8.839935,9.7104645,13.772181
17,25.034231,21.515738,21.203894,16.064837,15.980355,16.176956,13.573698,17.40162,13.929255,16.045568,17.94929,19.050358,14.532071,11.901358,10.314177,5.655001,4.9459724,0.0,6.334149,6.057595,10.250663,12.6291065,15.724458,17.858294,18.233265,16.294897,10.900025,12.29907,6.952811,11.079019,10.1474495,13.880943,15.020878,19.533031,21.556633,25.767057,24.451267,24.05736,18.83998,18.022345,16.320667,13.8063755,13.150734,11.100844,13.714583,12.298333,19.170263,19.380426,16.403164,19.19133,16.42856,17.670076,17.244959,17.408653,16.849762,21.886765,18.155664,15.360628,19.81824,19.896597,17.182306,13.129436,13.159623,11.869361,14.457907,15.040724,15.677839,19.094116,19.342611,17.18305,15.622186,10.16883,11.607603,8.024565,12.776825,10.509813,16.7931,16.296167,20.35165,20.552069,16.612219,21.923883,21.104229,16.822178,14.487731,10.364663,12.6132345,6.481908,10.364516,10.254568,13.873777,16.003912,19.498571,19.693981,19.39897,19.766714,17.352894,17.731903,11.415719,16.322039,15.144363,16.794903,12.174547,8.568538,12.165908,13.916957,11.270787,8.504435,10.064231,4.611073,8.942123,8.895556,12.925906
18,19.049292,15.447445,15.857787,10.528207,11.049548,12.605809,10.489812,15.872745,14.236852,16.896088,19.948544,21.961071,18.281612,15.029662,13.491341,9.759942,6.278851,6.334149,0.0,6.604168,8.652903,11.444222,14.693638,17.448868,19.034666,17.3398,12.911468,13.386496,10.706265,12.140247,13.749107,15.050684,18.434132,21.166653,24.39105,28.314817,25.973946,25.917957,19.799532,20.477373,17.867874,17.170177,15.800671,14.966907,16.736263,15.923284,21.161066,21.794106,19.846035,22.882143,20.72783,20.767027,20.189995,21.856123,20.934786,25.955011,22.71955,20.47688,25.562778,25.684631,23.374643,18.88416,18.987152,16.817347,19.195997,18.038647,18.07067,21.715277,22.938946,20.88979,20.110443,15.199196,17.420153,14.223478,19.088661,16.56336,22.975603,21.777681,25.896004,25.40351,21.529036,26.56,24.76682,20.186363,17.01365,14.011816,13.549917,8.49659,8.85261,6.6670218,10.167644,10.972232,14.908167,15.687706,15.660093,15.924115,14.178795,15.234149,8.572356,13.618791,12.644835,15.79945,13.138228,9.6353,11.634697,12.532035,11.600114,9.961615,12.719495,9.956805,14.28628,14.571427,18.845528
19,24.432148,20.816978,21.716846,16.475124,17.543756,18.84068,16.851374,21.71939,19.01506,21.53799,23.686878,25.073296,20.563858,17.905178,15.930392,11.688947,9.645006,6.057595,6.604168,0.0,4.894125,6.6056695,10.205018,12.055983,12.884596,11.378603,6.454668,8.446091,6.333228,11.343326,12.593124,16.516119,18.733597,22.96616,24.82461,29.138414,27.426455,26.461828,20.682777,20.206734,17.126705,15.6606865,12.342189,10.489444,11.1868105,9.724431,14.763342,15.2122135,13.369798,16.426683,14.886835,14.978767,15.417599,17.152552,17.56972,22.726742,20.308521,17.272198,22.222055,21.327429,19.506851,14.335907,14.501607,11.666518,15.0714445,13.0351515,14.920597,17.667442,19.013645,16.345486,16.340113,10.80087,13.998689,10.879405,16.21888,14.416769,20.751225,20.401573,24.325848,24.362314,21.449806,27.020218,26.233395,21.765598,19.443913,15.473497,16.689997,10.522692,11.477,9.25579,11.478835,13.076542,16.186989,15.053877,14.053082,14.209575,11.581158,12.113217,6.5291295,12.151908,12.6438055,13.046339,8.58065,6.9737773,11.281082,13.741064,13.013521,10.0020685,14.222133,9.730623,14.0407915,14.460597,17.981077
20,22.953323,19.513182,20.873556,16.044546,18.088692,19.659609,18.660475,23.731646,21.533585,24.643433,26.67792,28.70396,24.640434,21.569979,20.295698,15.675801,13.5614195,10.250663,8.652903,4.894125,0.0,3.7668717,6.0632687,9.166312,11.401004,9.267792,6.760906,6.3776097,8.306061,10.768178,13.915238,16.870186,20.206621,23.59804,25.581055,29.76035,27.54278,26.295296,20.15817,20.341528,16.336266,16.28825,11.79533,11.31203,10.885134,10.823222,13.627385,15.123949,14.807552,16.996355,15.771144,14.345513,14.510629,17.795275,18.036798,22.944061,21.477568,18.95895,24.464884,23.556316,22.683422,17.088684,18.249466,15.3322115,19.22541,16.206736,18.734573,20.984835,22.81106,19.939888,20.570797,15.024772,18.399012,14.960654,20.285973,17.786993,24.230448,23.135975,26.972363,26.397465,24.248472,29.821562,28.647202,24.005653,21.598623,18.117752,18.120098,12.66299,11.226218,7.9955077,8.368037,9.811118,12.176634,10.399968,9.570586,10.431344,8.461215,10.540555,6.7241616,12.682647,14.555622,14.603253,11.234972,11.01035,14.728872,16.995317,17.155752,14.461782,18.876486,14.413306,18.745737,18.623352,22.294325
21,25.309826,21.894695,23.83586,19.04255,21.088852,23.035686,21.768856,27.057257,24.873781,27.72648,29.89477,31.57318,27.155823,24.401508,22.472107,18.256626,15.968082,12.6291065,11.444222,6.6056695,3.7668717,0.0,4.7972064,6.0607347,8.264753,7.5242233,6.1371636,7.4149675,10.2941475,14.050819,16.82998,20.420042,23.333101,27.108665,28.737928,32.98803,30.96266,29.494532,23.533499,23.405735,19.342173,19.033888,13.845926,12.82292,11.245315,10.511328,11.502675,12.60303,12.951861,15.533317,15.53739,14.010057,15.277911,18.633919,19.811544,24.615767,23.607176,20.709202,25.831734,24.245745,23.457441,17.823725,18.385117,14.887384,18.61891,14.493592,17.517675,19.15802,21.424894,18.492374,19.886215,14.948716,18.820055,16.135014,21.345625,19.704374,25.816463,25.394224,29.090004,28.884699,26.914562,32.57858,31.775513,27.230162,24.990902,21.25993,21.736992,16.047565,14.990271,11.663952,11.555088,12.261436,14.1423855,11.045719,8.9421215,8.949617,6.255548,7.6480174,6.184783,10.98257,13.783319,12.448956,9.512669,10.880172,14.47243,17.067362,17.871225,15.150156,20.27177,16.207216,20.366856,20.78719,24.028872
22,26.55136,23.41599,25.174046,20.86988,23.414276,24.996147,24.466902,29.41968,27.143705,30.429937,32.05882,34.137882,30.04348,27.062956,25.967506,21.20521,19.49084,15.724458,14.693638,10.205018,6.0632687,4.7972064,0.0,4.6622195,8.048092,5.5975375,7.667977,6.0974483,11.619004,13.579129,17.142029,20.367046,23.53715,26.899002,28.147821,32.24293,30.108034,28.215364,22.44804,22.447397,17.913689,18.493956,12.5632925,12.686808,10.261846,11.157948,10.16811,12.696789,14.312569,15.285001,15.156458,12.265812,13.126152,17.62235,18.682775,22.986517,22.980206,20.60274,25.983007,24.464579,24.689867,18.901588,20.66959,17.646454,21.999514,18.080484,21.815716,23.021486,25.139633,21.994785,23.468548,18.180182,21.801924,18.599443,23.624044,21.287842,27.27967,26.217602,29.677664,29.0034,27.960842,33.57348,32.68469,28.168188,26.184916,22.768436,22.793331,17.744944,15.651767,12.702073,11.264249,12.48215,13.021172,9.367612,7.934644,9.348098,8.085965,10.700284,10.714263,15.274681,18.42855,16.841228,13.903572,15.472734,19.256554,21.815132,22.458012,19.630808,24.384968,19.632421,23.690228,23.377579,26.610039
23,30.074299,26.875443,29.034977,24.549534,26.88165,28.743692,27.723976,32.870987,30.448202,33.382412,35.14325,36.72866,32.19001,29.61669,27.791195,23.484945,21.677591,17.858294,17.448868,12.055983,9.166312,6.0607347,4.6622195,0.0,4.0577126,4.8209815,8.134383,8.955377,13.801109,17.48665,20.24996,24.33899,26.826181,30.821354,31.668861,35.88087,34.103294,32.05873,26.566898,26.053623,21.758009,21.639297,15.466371,14.646671,11.39484,11.168773,7.713902,9.477793,12.045185,13.40662,14.92323,12.386138,14.73109,18.678799,20.854076,25.030807,25.29152,22.400503,27.125433,24.826605,25.01112,19.40582,20.353413,16.882874,20.883196,16.074766,20.315676,20.708147,23.134594,20.00844,22.236397,17.809109,21.757257,19.4763,24.215128,22.942173,28.448952,28.282663,31.568354,31.451483,30.450834,36.142235,35.75723,31.381226,29.586218,25.797235,26.55358,21.04592,19.776995,16.775278,15.711631,16.473305,17.083405,12.783228,10.211944,10.303014,8.378124,9.38226,11.573564,14.575604,18.234627,15.181498,12.655361,15.582745,19.195803,22.04519,23.083199,20.231108,25.46119,21.108042,24.8856,25.166763,27.870966
24,33.37009,30.035637,32.024338,27.268229,29.247156,30.938513,29.480997,34.45432,31.59949,34.208576,35.77613,36.8645,32.01258,29.873411,27.710617,23.712622,22.29149,18.233265,19.034666,12.884596,11.401004,8.264753,8.048092,4.0577126,0.0,4.883548,7.7559905,10.181268,13.935687,19.018387,20.783558,25.789701,27.361824,32.07328,32.390953,36.70823,35.430687,33.253185,28.178432,26.994154,23.127495,22.146399,16.063429,14.367931,10.804403,9.580423,5.0342355,5.571519,8.604097,10.182982,12.811671,11.082418,14.478479,17.479548,20.520704,24.581238,24.884583,21.570225,25.592834,22.724337,22.877453,17.596624,18.03838,14.547606,18.406183,13.552526,18.460894,18.176313,20.400713,17.217648,19.763508,15.907338,19.818077,18.235891,22.489822,22.062239,26.95761,27.547709,30.594042,31.00407,30.1172,35.79346,35.96394,31.828392,30.369923,26.271069,27.891956,22.09981,21.836882,19.247395,18.80916,19.905926,20.858833,16.760508,14.156268,13.8674965,11.434231,11.102884,13.143454,15.517432,18.856007,14.865496,11.677445,15.276059,19.116566,22.261244,23.008087,19.985693,25.113823,20.777887,24.07715,24.61777,26.726812
25,31.627579,28.355879,29.741226,25.132864,27.244045,28.391624,27.392992,31.947044,28.885727,31.85905,32.94512,34.441998,29.979452,27.521503,26.291735,21.644093,20.761806,16.294897,17.3398,11.378603,9.267792,7.5242233,5.5975375,4.8209815,4.883548,0.0,5.6974325,5.8615685,10.811834,14.7772665,16.848705,21.629257,23.325203,27.777655,27.97049,32.208782,30.868055,28.566895,23.597038,22.438528,18.448208,17.821564,11.505377,10.527901,6.8038235,7.307053,4.7440934,7.723513,9.758498,9.809797,10.410253,7.608988,10.07758,13.903072,16.31162,20.368954,20.846138,17.968624,22.602753,20.3495,21.025549,15.416233,17.317965,14.568401,19.252073,15.689269,20.494263,20.911243,22.567383,19.225647,20.885136,15.8281975,19.2871,16.57236,20.985746,19.39201,24.591782,24.288269,27.346592,27.24469,26.771944,32.406704,32.33741,28.178368,26.842674,23.000057,24.315825,18.961143,18.307905,16.272768,15.685292,17.602268,18.355019,14.914802,13.339759,14.190126,12.206736,13.287866,13.449173,17.503033,20.402391,17.591253,13.453163,15.796348,20.2284,23.267868,23.343153,20.114536,24.622786,19.40571,22.826881,22.505423,24.94412
26,29.559254,26.059204,27.077091,22.064125,23.561546,24.568085,22.96421,27.42661,24.163383,26.783823,28.081413,29.251022,24.575294,22.282703,20.678453,16.251976,15.413576,10.900025,12.911468,6.454668,6.760906,6.1371636,7.667977,8.134383,7.7559905,5.6974325,0.0,5.1616006,6.2572665,12.427886,13.464881,18.77169,20.067413,25.01178,25.59094,30.001137,28.801342,26.998991,21.848524,20.502762,17.118904,15.424039,10.222026,7.8368807,6.156392,4.409156,8.42337,9.309045,8.337641,10.407442,9.633764,9.170135,10.926405,13.098919,15.024522,19.843632,18.791603,15.408248,20.070835,18.177198,17.578176,11.898339,13.014274,10.08456,14.734522,12.022281,16.181046,17.43943,18.721247,15.471126,16.372538,10.768301,14.270453,11.41429,16.25972,14.886357,20.49917,20.559296,23.977413,24.236063,22.731653,28.443266,28.400742,24.20858,22.697138,18.53298,20.456285,14.553887,15.229148,13.468887,14.332401,16.456486,18.411148,15.979188,14.547884,14.98721,12.28348,12.710666,10.314271,14.98308,16.775852,14.788142,9.534542,10.789347,15.604501,18.653877,18.096472,14.745581,18.972542,13.746239,17.222536,17.20868,19.788399
27,27.923758,24.665924,25.283468,20.739752,22.740377,23.319149,22.64341,26.768055,23.626804,26.890406,27.734932,29.67366,25.678091,22.821674,22.475958,17.309801,16.819626,12.29907,13.386496,8.446091,6.3776097,7.4149675,6.0974483,8.955377,10.181268,5.8615685,5.1616006,0.0,6.4591546,8.9356785,11.511815,15.80492,17.980854,22.074314,22.719452,26.958755,25.35156,23.324594,18.013065,17.15651,13.089894,12.715954,6.731546,6.6745367,5.1360264,7.0866227,9.870949,12.468793,12.5766115,12.7756405,10.703314,8.427392,8.197854,12.117628,12.7800255,17.377644,16.94227,14.5414915,20.081352,19.00275,19.370451,13.620299,16.454056,14.432992,19.334553,17.165985,21.092216,22.578295,23.757612,20.517723,21.058317,15.014001,17.872286,13.947362,18.69839,15.718279,21.615274,20.248251,23.630543,22.953804,22.171957,27.771029,27.1724,22.83876,21.32084,17.758224,18.591255,13.583556,12.679491,11.323385,11.253485,14.132028,15.344846,13.4495125,13.155266,14.761537,13.047512,14.982671,12.515839,18.030346,20.022087,18.870892,14.190407,14.690652,19.319344,22.00987,21.354403,18.149399,21.80938,16.05069,19.692247,18.601622,21.676456
28,28.109411,24.67393,24.54527,19.634827,20.620995,20.609617,19.12038,22.663048,18.838799,21.59607,22.279041,23.681684,19.422232,16.875088,16.49331,11.385391,11.853189,6.952811,10.706265,6.333228,8.306061,10.2941475,11.619004,13.801109,13.935687,10.811834,6.2572665,6.4591546,0.0,7.861457,7.468471,13.184701,13.982586,19.157717,19.855803,24.2948,23.235548,21.760303,16.790928,15.18917,12.596832,10.059009,6.956492,4.4491777,6.875399,6.604246,13.531966,14.664292,12.487434,13.72145,10.378101,10.899425,10.345722,11.232772,11.311137,16.4828,14.083852,11.039437,16.323023,15.816128,14.806488,9.407071,11.840637,10.659577,15.220344,15.020731,18.030554,20.213867,20.552057,17.614603,16.938324,10.521132,12.514886,7.9878407,12.907256,9.75979,16.081635,15.105288,18.838116,18.722675,16.795145,22.498938,22.188818,17.952742,16.518833,12.36644,14.662543,8.972611,10.943112,10.913914,13.027225,16.127794,18.543837,17.819061,17.578947,18.622593,16.319197,17.311174,12.6964655,18.23968,18.732891,18.456926,12.904931,11.72356,16.53183,19.078686,17.200043,13.903527,16.355885,10.098951,13.421032,12.153592,15.303011
29,24.79726,21.878187,20.728628,16.851715,18.379602,17.39238,17.641588,20.28356,16.962383,20.79184,20.797287,23.679405,21.000462,17.506477,19.35557,13.742886,14.503792,11.079019,12.140247,11.343326,10.768178,14.050819,13.579129,17.48665,19.018387,14.7772665,12.427886,8.9356785,7.861457,0.0,5.49141,6.925093,10.525106,13.354626,15.008755,19.083076,16.929235,15.548401,9.636763,9.672201,5.9488783,6.7594566,6.026664,8.35469,11.017897,13.244174,18.407776,20.783522,19.662748,19.69503,15.630874,14.506888,11.485584,13.783208,10.984394,15.304287,13.195384,12.585458,18.707022,19.804428,19.842165,15.185076,18.935734,18.435633,22.844063,22.70999,25.285685,27.823353,28.264343,25.415077,24.503977,18.122309,19.44095,14.431932,18.520226,13.398987,19.493513,15.992896,19.57982,17.634623,16.494522,21.588894,19.851994,15.322945,13.556211,11.185854,10.474774,7.6537814,6.0153027,8.127143,9.436162,13.53059,15.132958,16.266432,17.745924,19.929655,18.864012,21.307447,16.593475,22.762861,23.361868,24.283825,19.61058,17.85636,21.961565,23.8144,22.020868,19.31267,20.843998,14.944028,18.172342,15.513017,19.33639
30,28.562437,25.547285,23.958494,19.890053,20.502192,18.903448,18.33977,20.004204,15.600758,18.781288,17.910707,20.071753,17.217684,14.301419,16.63028,11.265209,13.656366,10.1474495,13.749107,12.593124,13.915238,16.82998,17.142029,20.24996,20.783558,16.848705,13.464881,11.511815,7.468471,5.49141,0.0,6.985078,6.6395874,11.972475,12.439384,16.866346,15.9858675,14.694977,10.420711,8.221487,7.3718004,3.7204998,6.8334994,7.290694,11.37304,12.806416,19.496449,21.205355,19.040974,18.986755,14.20578,14.679955,11.825096,11.623978,8.479461,12.917754,9.194973,8.281504,14.005376,15.711449,15.3006735,11.587373,15.6066885,16.284437,20.366272,21.769892,24.167032,26.67904,26.336943,23.699848,22.041494,15.894919,16.074696,11.029955,14.074226,8.42712,14.175822,10.542077,14.258756,12.761786,11.284189,16.648155,15.675912,11.423954,10.563443,7.417116,9.512342,6.7919307,9.243476,12.077969,14.431606,18.304758,20.382978,21.294207,22.276098,24.030165,22.370607,24.042173,18.840067,24.703268,24.609324,25.3725,20.004215,17.846464,22.108868,24.030258,21.307753,18.512686,18.818174,12.5848875,14.707772,11.292897,14.60435
31,25.043087,22.614468,19.9598,17.111282,17.743858,15.145223,16.120804,16.628801,13.156759,17.136871,15.988183,19.63239,18.522303,14.873565,18.700157,13.733175,15.644805,13.880943,15.050684,16.516119,16.870186,20.420042,20.367046,24.33899,25.789701,21.629257,18.77169,15.80492,13.184701,6.925093,6.985078,0.0,6.4514985,6.746344,10.025083,13.634924,11.064544,10.933489,5.371724,6.6377735,6.524001,7.4807167,11.578571,13.629024,17.157782,19.098068,25.02506,27.18028,25.457495,25.47223,20.805683,20.424711,16.887383,17.723036,13.536022,16.64509,13.284661,14.253396,19.540516,22.081533,21.77218,18.534088,22.277164,22.742722,26.49973,27.62861,29.351776,32.354122,32.262802,29.78032,28.01539,21.987465,22.163172,17.233938,20.119375,14.342623,19.435284,14.590617,17.86293,14.978573,13.422214,17.389711,14.480363,10.062591,8.209944,8.251241,5.458141,7.756797,7.255374,11.567165,13.574181,17.29276,19.004965,21.536146,23.545599,25.73811,24.857637,27.251087,21.744516,27.754965,27.461777,29.387224,24.817457,22.069298,25.566349,26.800432,24.26487,22.127607,21.85515,16.683687,18.907871,15.3282,19.110601
32,30.929605,28.34563,25.65944,22.49103,22.485477,19.65542,19.644922,19.213669,14.560121,17.445654,14.803842,17.333593,16.229103,13.630394,17.99318,13.652952,17.098032,15.020878,18.434132,18.733597,20.206621,23.333101,23.53715,26.826181,27.361824,23.325203,20.067413,17.980854,13.982586,10.525106,6.6395874,6.4514985,0.0,6.889171,6.664122,10.916929,10.852779,10.350809,8.581045,5.738257,8.944647,6.143467,12.43244,13.394991,17.48729,19.022526,25.745121,27.447449,25.03893,24.601498,19.436724,20.243864,16.831558,15.545855,11.19137,13.53225,8.83015,10.400094,14.399865,17.787458,17.47726,15.734019,19.7876,21.478027,24.927675,27.430698,29.277603,31.986456,31.111427,28.806166,26.467033,20.887516,19.918804,15.369145,16.61638,10.777022,14.225209,8.696116,11.574214,8.625465,7.4771504,11.506729,9.719842,5.9506054,6.784624,6.558949,8.297135,10.033527,12.618729,16.61852,19.04975,22.88461,24.809132,26.64667,28.1348,30.070816,28.630886,30.411156,24.833315,30.6216,29.987669,31.351679,26.060186,23.351765,27.14648,28.61885,25.317953,23.002068,21.713776,16.329866,17.128098,12.797324,15.395193
33,29.165327,27.253815,23.709057,21.90222,21.949997,18.365522,19.788172,18.139505,14.776875,18.110523,15.170818,19.03749,19.680378,16.646246,21.835047,17.861128,20.629591,19.533031,21.166653,22.96616,23.59804,27.108665,26.899002,30.821354,32.07328,27.777655,25.01178,22.074314,19.157717,13.354626,11.972475,6.746344,6.889171,0.0,5.689305,7.7817264,5.259698,6.941481,6.1812024,7.128288,10.476185,11.12859,16.84742,18.906084,22.644316,24.693714,30.795414,32.952087,31.001532,30.534136,25.452297,25.431055,21.509588,21.33823,16.503283,17.91113,14.3920555,16.84777,20.773386,24.390123,24.34697,22.460949,26.459314,27.777027,31.213228,33.26319,34.786106,37.814827,37.233765,34.9482,32.680515,27.011944,26.318281,21.697056,23.267124,17.485697,20.772223,15.052608,17.170168,13.364746,12.757371,14.558038,10.744507,7.998165,7.9929247,10.838861,8.4054365,13.316044,13.640488,18.050142,19.907988,23.45055,24.865328,27.832537,30.09438,32.395107,31.597214,33.975018,28.336008,34.25144,33.61086,35.742054,31.017271,28.02936,31.347862,32.353592,29.337187,27.464672,26.024622,21.373457,22.50354,18.36719,21.318708
34,34.330246,32.22224,29.001774,26.762526,26.939402,23.592968,24.507463,23.066906,19.03563,21.874586,18.26318,21.14795,21.429728,19.112732,24.128235,20.125704,23.497604,21.556633,24.39105,24.82461,25.581055,28.737928,28.147821,31.668861,32.390953,27.97049,25.59094,22.719452,19.855803,15.008755,12.439384,10.025083,6.664122,5.689305,0.0,4.4667864,5.8350196,5.0761976,8.24106,5.8877897,10.826648,10.269584,16.490862,18.41931,22.063587,24.320993,30.265915,32.429176,30.469902,29.185465,23.857588,24.13232,20.084826,18.933966,13.975032,13.973542,10.822769,14.305206,17.208982,21.251919,22.053814,20.970478,25.601822,27.576088,31.18641,33.718735,35.847427,38.40416,37.448997,35.08145,32.776802,27.23047,26.118603,21.684025,22.362892,16.728329,18.641048,12.633258,13.663872,9.293377,11.224649,12.502933,10.254627,8.988876,10.981996,12.764952,12.718538,16.13693,17.249079,21.459656,23.13637,27.042765,28.248505,30.528408,32.53833,34.887833,33.84577,36.043976,30.77079,36.73661,36.332794,37.679703,32.38542,29.873474,33.70621,35.127132,31.884193,29.63239,28.200842,22.983368,23.55107,19.113083,21.114231
35,36.66397,34.884506,31.27628,29.649061,29.717518,26.036644,27.356808,25.144632,21.567123,24.174562,20.082348,23.075294,24.283743,22.175158,27.584133,23.96291,27.356926,25.767057,28.314817,29.138414,29.76035,32.98803,32.24293,35.88087,36.70823,32.208782,30.001137,26.958755,24.2948,19.083076,16.866346,13.634924,10.916929,7.7817264,4.4667864,0.0,4.8435206,5.4567914,10.994185,9.843702,14.532436,14.655579,20.714552,22.822163,26.363476,28.737726,34.50439,36.76913,34.879154,33.424694,28.081074,28.254282,24.083353,22.941454,17.982224,17.13358,14.629907,18.41604,20.626064,24.91384,25.880638,25.227377,29.841183,31.96387,35.460285,38.149925,40.16829,42.778915,41.73555,39.43604,37.01453,31.590324,30.302149,25.996447,26.357609,20.895414,22.128286,16.186333,16.443155,12.0324135,14.371425,13.9900055,11.440549,11.665504,13.873888,16.522186,15.855292,20.104269,20.862656,25.1608,26.657076,30.444311,31.421516,34.05235,36.311066,38.785324,37.923134,40.26488,34.9606,40.942493,40.461742,42.01429,36.79472,34.175022,37.86684,39.133286,35.829464,33.74052,31.980984,27.081644,27.427347,22.964901,24.729012
