,0,1,2,3,4,5,6,7,8,9,10,11,12,13,14,15,16,17,18,19,20,21,22,23,24,25,26,27,28,29,30,31,32,33,34,35,36,37,38,39,40,41,42,43,44,45,46,47,48,49,50,51,52,53,54,55,56,57,58,59,60,61,62,63,64,65,66,67,68,69,70,71,72,73,74,75,76,77,78,79,80,81,82,83,84,85,86,87,88,89,90,91,92,93,94,95,96,97,98,99,100,101,102,103,104,105,106,107,108,109,110
0,0.0,4.290989,6.8434806,10.261219,12.980223,15.862201,19.2826,23.240015,26.546803,29.53436,33.160213,34.67307,32.40868,30.862906,26.149298,25.542004,20.269669,20.339529,16.112574,15.3775425,15.018857,10.394894,14.1521635,16.667292,15.358155,16.532263,19.559023,16.789917,20.965212,21.12977,23.42687,24.861742,29.44233,33.111156,32.500614,36.71489,36.9598,33.418377,32.306694,29.623339,26.358826,22.848951,24.497137,21.243397,16.761055,19.306162,17.77459,19.479298,22.780487,25.972864,27.756727,31.65326,34.188713,36.55593,33.833927,37.35122,34.387623,35.24418,38.186176,39.926033,37.252785,39.42891,34.974655,36.56694,33.577724,34.716152,35.92896,34.062702,31.991554,30.725407,29.806751,28.99677,30.784376,32.234406,35.986355,35.861576,40.284225,40.216835,42.56619,45.054245,43.232765,39.727016,37.43779,34.431316,32.392014,29.66595,28.197517,23.017487,22.491116,20.390343,22.925364,24.756037,28.682274,31.371561,33.4315,36.883743,36.221954,39.002525,39.261276,36.32433,34.97134,31.583315,28.943058,27.09141,24.032526,21.519903,25.803673,27.238623,30.920267,32.62379,36.72161
1,4.290989,0.0,5.3046975,6.8952694,9.320771,12.974126,15.610239,20.289467,23.111385,26.354647,29.882818,31.69601,29.773838,28.111675,23.635868,22.540264,17.597061,16.935303,13.152647,11.519787,11.473753,7.3479695,11.320036,13.025003,12.205852,12.969125,15.546447,12.555737,16.75404,17.03997,19.52522,21.11013,26.206684,29.639547,29.455982,33.673332,34.088646,30.715015,29.1532,26.14129,23.29936,19.233395,20.99125,17.47033,12.699902,15.249914,13.661662,15.772781,19.219776,22.308317,23.841837,27.871786,30.195282,32.552216,29.848059,33.4514,30.424927,31.473532,34.358078,35.893078,33.17579,35.234238,30.748625,32.293213,29.413795,30.502472,31.830729,29.995743,28.155201,26.853203,25.757254,24.764788,26.561209,27.945265,31.758924,31.65468,36.112034,36.162582,38.590607,41.14292,39.47759,35.922955,33.683556,30.558405,28.361872,25.665945,24.024607,18.743217,18.287594,16.294512,19.032862,20.906738,24.94987,27.780575,29.596743,32.962044,32.144756,34.927666,35.329018,32.406162,31.268892,27.725872,25.4293,23.804335,20.696775,18.16399,22.739906,23.582647,27.50546,29.036657,33.21451
2,6.8434806,5.3046975,0.0,5.368806,7.343458,9.4368,13.266251,16.512936,20.151983,22.870708,26.694746,27.946928,25.723253,24.406197,19.58756,19.37994,14.217612,14.637336,11.463599,11.141545,12.595095,9.193034,14.573553,16.057205,16.532667,16.694397,18.194357,13.984804,17.294672,16.112062,18.54304,18.88628,23.300264,26.762804,26.012669,30.20857,30.216305,26.65261,25.637524,23.196295,19.814125,16.802004,18.892181,16.725367,12.417491,16.428299,15.882523,18.678492,22.242151,25.202896,26.065207,30.37906,32.38097,34.288055,31.07357,34.325935,30.631552,31.438175,33.85573,35.769062,32.809498,35.676422,31.468855,33.13066,31.16883,31.631369,33.50842,31.29844,30.241001,28.115585,26.317625,25.645823,26.561722,28.487743,31.20195,31.170528,35.31351,34.918972,37.210445,39.42424,37.560406,34.26169,31.50369,28.833292,26.92983,24.508173,23.227081,18.960508,18.49735,17.407734,19.680382,20.345135,25.045074,27.298729,28.938719,32.221222,31.356394,33.841278,33.868366,30.75942,29.742996,26.62849,24.189466,22.915134,19.394962,16.326101,20.112246,21.339605,24.875744,26.410538,30.48038
3,10.261219,6.8952694,5.368806,0.0,4.0179806,6.4331236,9.712841,14.04315,16.65691,20.131037,23.197002,25.201738,23.195223,21.324574,17.045355,15.65522,10.825411,10.120017,6.7954216,5.8141923,7.637662,5.742964,11.093631,11.969478,13.979688,14.273633,14.844783,10.601907,12.335949,11.546235,13.45711,14.896328,19.347427,23.059206,22.671814,26.886532,27.563557,24.253881,22.742767,19.900417,16.617807,12.748781,14.267696,11.458374,7.336287,11.344205,11.5553875,14.381808,17.884079,20.738281,21.266563,25.638533,27.681965,29.270128,25.85418,28.998878,25.311182,26.095022,28.606466,30.539095,27.680834,30.600306,26.500496,28.488916,26.886799,27.657694,29.771059,27.941778,27.316826,25.468782,23.27821,21.779766,22.714836,23.911894,26.880907,26.414385,30.645079,30.257648,32.48436,34.8944,32.991085,29.53058,27.23312,24.257677,22.502687,19.675398,18.952332,14.481779,14.909337,14.478881,17.342123,17.97002,22.97716,25.512148,26.454397,29.423822,27.96418,30.293549,30.735855,27.533249,27.398375,23.97295,22.52958,21.890022,18.287317,15.0851345,19.162128,18.690416,22.802248,23.591593,27.919453
4,12.980223,9.320771,7.343458,4.0179806,0.0,5.2924023,6.3170485,11.416827,13.868053,17.154156,20.79814,22.66237,21.241016,19.73828,15.5893755,14.317873,10.359296,8.861148,8.147067,5.759648,9.306333,9.007453,13.485706,12.911474,14.905385,14.007448,13.630862,8.648256,10.790464,8.843952,11.88483,11.951357,17.616144,20.460567,20.642523,24.818878,25.148882,21.985912,19.974257,16.824522,14.439502,10.147909,12.817507,10.7016115,6.043828,10.958973,11.130822,14.837692,18.311213,20.736313,20.720425,25.214159,26.583286,28.247833,24.96562,28.211746,24.202362,25.355343,27.453856,29.010422,25.882597,28.74913,24.619568,26.209013,24.898119,25.01332,27.320993,25.117107,24.902803,22.489603,20.018143,19.013628,19.517965,21.46852,23.87246,23.900833,28.02305,27.752497,30.189878,32.462467,30.891668,27.546461,24.738604,21.908983,19.704222,17.458231,15.889079,11.965719,11.783617,11.771074,14.155295,14.213671,19.41117,21.725363,22.642189,25.642782,24.354582,26.730574,26.989399,23.828125,23.441633,20.102715,18.57903,18.102068,14.4255905,11.148572,15.242186,14.819202,18.905901,19.941032,24.214966
5,15.862201,12.974126,9.4368,6.4331236,5.2924023,0.0,6.0826116,7.89444,11.155372,14.2264805,17.371595,18.98301,16.823116,15.203394,10.733052,10.035893,5.4552555,5.9873295,6.2289968,7.273877,10.962531,11.268614,16.152521,16.2083,19.268631,18.847803,18.013073,13.148663,12.78513,9.753355,11.140611,10.484287,13.889668,17.546913,16.65077,20.865154,21.274286,17.871878,16.713858,14.479112,10.505819,8.059028,10.068294,10.042967,8.043109,13.093389,14.711701,17.983576,21.195347,23.536324,23.032185,27.498785,28.906908,29.790323,25.865372,28.405184,23.904497,24.42777,26.116709,28.401985,25.27384,29.19386,25.668316,27.76274,27.58812,27.54597,30.362152,28.25363,28.810799,26.13451,23.013943,21.740221,21.373941,23.029018,24.340248,23.884912,27.555275,26.58264,28.598253,30.56709,28.479944,25.37708,22.453167,20.092731,18.826675,16.47792,16.516382,14.107639,14.808304,15.9521885,18.057224,16.971798,22.575874,24.341736,24.625893,27.192999,25.433878,27.197899,27.307829,23.888111,24.41301,21.57238,20.604916,20.864645,17.000843,13.368058,16.010899,14.8889885,18.588655,18.862793,23.096159
6,19.2826,15.610239,13.266251,9.712841,6.3170485,6.0826116,0.0,6.8060966,7.855611,11.335296,14.970036,17.042522,16.412178,15.092617,11.845155,10.186745,8.703786,6.015421,9.659898,7.700386,12.099353,13.909603,17.434855,15.694804,18.742733,17.162676,15.039188,10.232216,9.482039,5.038757,8.313745,5.816156,12.533229,14.396772,15.281117,19.303629,19.636414,16.877163,14.132849,10.606467,9.35128,4.4901686,8.592545,8.749363,6.616956,11.326878,12.78918,16.693419,19.625715,21.28116,20.110615,24.55556,25.068169,26.110228,22.58961,25.393751,20.756245,22.021622,23.309847,24.7365,21.325413,24.75592,21.111967,22.63741,22.751097,22.048477,25.05347,22.715433,23.845036,20.79169,17.310635,16.301138,15.480308,17.813425,18.730684,18.900234,22.61088,22.092607,24.547787,26.572838,25.17731,22.049597,18.727518,16.19151,13.925723,12.346759,10.85933,9.283666,9.549552,11.663287,13.205249,11.441685,17.109198,18.809402,18.703938,21.168898,19.385338,21.297003,21.488382,18.142748,18.67615,15.626612,15.235754,16.032814,12.377367,9.067393,11.870883,9.375235,13.65105,13.922241,18.30767
7,23.240015,20.289467,16.512936,14.04315,11.416827,7.89444,6.8060966,0.0,5.1697197,6.542004,10.780619,11.5061655,10.209544,9.768745,6.119256,7.136661,7.489861,7.964232,12.466719,13.067179,17.238985,18.748089,22.942606,21.89106,25.26026,23.91199,21.819542,17.024742,15.43515,10.729409,11.845794,7.0286307,9.434369,11.152148,10.417615,14.393036,13.906135,10.647294,9.154073,7.6899614,4.438328,5.904346,9.135393,12.65819,12.647597,17.211948,19.329817,22.93678,25.713844,27.291237,25.744059,30.044188,30.375324,30.691324,26.725014,28.664604,23.514973,24.106445,24.488031,26.580177,23.14372,27.722052,24.971857,26.673803,28.050291,26.786655,30.210348,27.729647,29.615751,26.039345,22.113607,21.528612,19.541273,22.07116,20.987463,21.045721,23.718704,22.255188,24.154776,25.397322,23.555946,21.147491,17.005615,15.818884,14.825243,14.092263,14.252827,15.102997,15.537019,18.100042,18.910564,15.9134035,21.43417,22.042389,21.473242,23.369537,21.494255,22.492807,22.035435,18.561602,19.75139,17.972944,17.750885,19.214987,15.656137,12.387782,12.397598,10.238665,12.750825,12.327846,16.186686
8,26.546803,23.111385,20.151983,16.65691,13.868053,11.155372,7.855611,5.1697197,0.0,4.637211,7.1570287,9.570049,9.806351,8.773571,7.9305387,6.444667,9.641644,8.16825,13.922076,13.832042,17.762732,20.444405,23.60469,21.773746,25.674936,24.159897,21.228348,17.151403,13.899769,9.338809,9.443945,3.7233348,6.323399,6.7177734,7.887055,11.635629,12.169525,10.0307045,6.658504,3.5666988,3.7000506,4.4171743,6.9039955,11.334351,12.853184,16.247276,18.848095,22.18318,24.427933,25.434698,23.26915,27.282455,27.139172,26.99645,23.049103,24.64992,19.374548,20.112467,20.007322,21.833958,18.346884,23.096703,20.792974,22.557093,24.82023,23.422915,27.140057,24.997993,27.596321,24.208395,19.914366,18.785034,16.251143,18.232386,16.427273,16.218616,18.639812,17.086386,19.024427,20.363733,18.704992,16.214243,12.032638,10.712996,9.841052,9.550294,10.508592,13.033132,14.19078,17.606255,18.32503,15.067506,20.24104,20.832844,19.279175,20.51123,17.906837,18.458727,18.444649,14.901416,17.51177,15.694641,17.011408,19.265324,16.197796,13.567254,13.441868,8.642432,11.446431,9.379816,13.472767
9,29.53436,26.354647,22.870708,20.131037,17.154156,14.2264805,11.335296,6.542004,4.637211,0.0,6.1696315,6.174814,7.64441,8.550396,8.503566,9.346311,12.7702055,12.417071,17.911257,18.069052,22.150496,24.45425,27.968632,26.176773,29.78232,27.9733,25.049438,20.825975,18.274742,13.551282,14.049014,7.9513893,8.479081,6.33016,7.141872,9.996706,8.806385,6.860006,3.1771636,3.1634386,5.488302,8.856678,11.270567,15.960102,17.124243,20.758947,23.11353,26.633368,28.916594,29.832111,27.555092,31.4766,30.952599,30.744911,26.968004,28.318735,22.99941,23.686758,22.932997,24.60159,21.12481,25.9381,24.059996,25.377844,28.067102,25.982628,29.769785,27.278702,30.2343,26.320658,21.957901,21.683182,18.523794,21.28415,18.135612,18.561403,20.080511,18.259932,19.984535,20.532852,19.137804,17.500446,12.410711,12.592545,12.012848,13.089262,13.496006,16.938087,17.39761,20.76977,20.76724,16.811415,21.574865,21.306324,19.686728,20.609417,18.448536,18.497873,17.71154,14.370873,16.77147,16.090117,17.18374,19.736689,16.986542,14.721752,12.854062,9.047913,9.7776575,7.5981812,10.757598
10,33.160213,29.882818,26.694746,23.197002,20.79814,17.371595,14.970036,10.780619,7.1570287,6.1696315,0.0,4.727594,6.5428257,6.1143355,9.537626,8.902241,14.152745,13.740959,19.269424,20.105186,23.548296,26.58999,29.457188,27.730038,32.11588,30.792591,27.554243,23.92587,19.622837,15.710434,14.227744,10.119276,5.4804196,2.3513808,2.871186,4.759329,6.5930142,6.488152,3.9571102,5.9149594,7.026321,11.034817,10.847857,16.315931,19.290854,21.88779,25.003267,27.827713,29.56966,30.172087,27.49515,30.982645,30.502903,29.36322,25.250431,25.614489,20.302498,20.302858,18.840473,21.097244,18.030539,23.67845,22.834574,24.807314,28.556976,26.93312,30.940783,29.173826,32.596825,29.267725,24.744543,23.430683,20.170645,21.3531,17.71217,16.892431,17.589315,14.871761,15.711477,16.025537,13.839029,12.546934,7.9951944,9.150835,10.854765,11.671082,14.680691,18.755718,20.377817,24.133884,24.602507,20.983664,25.510519,25.467743,23.032146,23.163256,20.068382,19.249163,19.164024,16.010073,20.228909,19.543587,21.879951,24.765032,22.202557,20.033316,18.665274,13.641675,14.576195,10.850038,13.237984
11,34.67307,31.69601,27.946928,25.201738,22.66237,18.98301,17.042522,11.5061655,9.570049,6.174814,4.727594,0.0,4.69278,7.094282,10.01726,11.567438,16.124859,16.636578,21.944775,23.005545,26.754204,29.24716,32.701187,31.174038,35.222702,33.697605,30.6657,26.628696,23.226938,18.851763,18.13731,13.086175,9.298618,6.374957,5.010103,5.1682725,2.66704,3.035245,3.23804,7.817278,8.77706,13.840512,14.568626,20.041252,22.286396,25.5338,28.364557,31.516352,33.527325,34.286945,31.734303,35.355816,34.77018,33.840176,29.843033,30.300468,24.99205,25.022053,23.438879,25.572699,22.501528,27.97103,27.095682,28.689812,32.32677,30.237494,34.208473,32.022655,35.45141,31.643225,27.155489,26.611132,23.112679,25.1607,21.010927,20.87115,21.196371,18.529545,19.271326,18.897985,17.040438,16.526577,11.633232,13.527358,14.722132,16.067432,18.056131,22.14463,23.108616,26.674921,26.70899,22.67274,27.098633,26.479965,24.34132,24.514534,22.046116,21.11384,20.262888,17.338749,20.77793,20.87295,22.549889,25.390217,22.911848,20.82179,18.410934,14.723067,14.350372,11.260805,12.603792
12,32.40868,29.773838,25.723253,23.195223,21.241016,16.823116,16.412178,10.209544,9.806351,7.64441,6.5428257,4.69278,0.0,3.8216329,6.501037,9.234008,13.283002,14.958029,19.549332,21.5465,25.082401,27.184378,31.017382,30.17609,34.35331,33.32054,30.757227,26.440401,23.062225,18.782125,17.679892,13.453946,8.268974,8.754159,4.495234,6.2772274,5.445539,2.3330777,6.055916,9.750459,7.2846265,13.294007,13.431622,18.966019,21.28344,24.848558,27.852787,30.847324,33.050537,34.207478,31.999056,35.798435,35.83954,34.922638,30.55987,31.036207,25.718569,25.312872,24.26542,27.097212,24.135782,29.906214,28.7485,30.838299,34.009182,32.487907,36.380604,34.29014,37.23972,33.637665,29.248764,28.337526,25.356703,27.030771,23.882374,23.219488,24.13003,21.373177,21.965916,21.973534,19.411253,18.467728,14.381002,15.493373,16.966446,17.119535,19.742203,22.714064,23.96267,27.236076,27.800539,24.169235,29.134161,28.947554,27.245213,27.889936,25.38853,24.860088,24.215582,21.054003,24.113674,23.658117,24.768633,27.161196,24.19043,21.527456,19.774088,16.649212,17.103909,14.618238,16.688671
13,30.862906,28.111675,24.406197,21.324574,19.73828,15.203394,15.092617,9.768745,8.773571,8.550396,6.1143355,7.094282,3.8216329,0.0,5.175948,6.2171254,10.889612,12.418049,16.859928,19.158487,22.33803,24.739895,28.253395,27.549318,32.054447,31.376822,28.838837,24.751043,20.700693,16.864542,14.974466,11.974166,5.2230372,8.166369,3.3499522,6.5378947,8.194982,5.8757744,7.4170666,9.707599,5.8526835,11.472732,10.478274,16.06302,19.03379,22.203783,25.50803,28.15987,30.21653,31.404814,29.245392,32.978176,33.34007,32.251804,27.689535,28.054585,22.80486,22.140413,21.403786,24.606342,21.784071,27.713957,26.531643,29.04866,32.12809,31.142597,35.00512,33.262413,36.04893,32.873535,28.52019,26.964525,24.351715,25.268555,22.838163,21.553633,22.838972,20.057732,20.577696,21.08674,18.107664,16.618979,13.339426,13.7079,15.576234,14.849101,18.367186,20.83668,22.660135,25.940357,26.993671,23.80591,28.957142,29.270773,27.48185,28.197819,25.305676,24.932673,24.805626,21.489613,24.938505,23.877953,25.278,27.583914,24.442083,21.581596,20.723915,16.881424,18.308287,15.560177,18.290728
14,26.149298,23.635868,19.58756,17.045355,15.5893755,10.733052,11.845155,6.119256,7.9305387,8.503566,9.537626,10.01726,6.501037,5.175948,0.0,4.935433,7.0046873,9.659442,13.452331,15.951131,19.385916,21.02127,25.205832,24.896597,28.950232,28.321842,26.337088,21.788874,18.887161,14.808205,13.909767,10.754063,7.384964,11.01177,7.5964994,11.378899,11.67703,8.143275,9.207109,10.138455,4.2786083,9.387573,9.624767,14.379946,16.106348,20.117022,22.998066,25.954222,28.4748,30.109888,28.459759,32.55347,33.26263,32.82672,28.339535,29.43974,24.234592,23.911373,23.990686,27.019398,23.962715,29.426191,27.40275,29.77924,31.864202,31.012638,34.631733,32.58541,34.72182,31.456629,27.371395,26.119978,24.016624,25.50399,24.05175,23.181717,25.296946,23.046188,24.138767,25.064983,22.371986,20.342115,16.8408,16.30258,16.992954,15.770085,18.119766,19.300205,20.65944,23.394838,24.60674,21.731943,27.218966,27.785769,26.750578,28.161587,25.752197,26.094498,25.80373,22.330324,24.621645,23.155859,23.546331,25.251087,21.754587,18.505133,18.189919,15.545891,17.491695,15.934372,19.25151
15,25.542004,22.540264,19.37994,15.65522,14.317873,10.035893,10.186745,7.136661,6.444667,9.346311,8.902241,11.567438,9.234008,6.2171254,4.935433,0.0,5.5868883,6.2989254,10.859426,13.031343,16.123438,18.683104,22.047264,21.393496,25.94681,25.52084,23.218443,19.198294,15.06518,11.591016,9.522317,8.087215,4.3114395,9.655738,7.5835447,11.635613,13.505672,10.832455,10.075363,9.371483,4.004636,6.586925,4.943222,10.099136,13.037976,16.225218,19.551163,22.125862,24.33334,25.784529,23.981651,27.945084,28.777918,28.139795,23.54587,24.600147,19.460371,19.112474,19.512802,22.612825,19.65375,25.089367,23.057695,25.794744,27.9265,27.576248,31.185503,29.598297,31.746552,29.011244,24.932922,22.88549,21.1026,21.65263,20.897171,19.416792,21.914583,19.817715,20.977978,22.476013,19.701134,17.059343,14.399637,12.905428,13.758891,11.620852,14.931848,15.839399,18.002272,20.95761,22.632566,20.231417,25.66601,26.748867,25.36243,26.638807,23.720179,24.141129,24.493568,20.973438,23.917336,21.847525,22.972828,24.796082,21.375816,18.229248,18.874552,14.846948,17.767809,15.640664,19.448881
16,20.269669,17.597061,14.217612,10.825411,10.359296,5.4552555,8.703786,7.489861,9.641644,12.7702055,14.152745,16.124859,13.283002,10.889612,7.0046873,5.5868883,0.0,4.622025,6.4841695,9.708381,12.701378,14.154752,18.373175,18.5926,22.691591,22.688723,21.306322,16.919704,14.215525,11.190247,10.24422,10.058884,9.854465,14.766815,12.835178,16.943657,18.127169,14.845868,14.413314,13.112124,7.654472,7.524812,7.178377,9.36641,10.50482,14.536521,17.343866,19.976336,22.693218,24.78055,23.77515,28.015339,29.481693,29.499704,25.037693,26.753819,22.002146,21.818037,23.141994,26.144733,23.226286,28.030268,25.237734,27.922499,28.823837,28.91778,32.1233,30.40438,31.64409,29.0938,25.500238,23.584812,22.669315,23.461742,24.04143,22.812048,26.005903,24.392223,25.858234,27.656075,25.003607,22.075594,19.589024,17.553278,17.51775,14.845211,16.915604,15.776428,17.544304,19.560997,21.706654,20.0943,25.753275,27.285189,26.751566,28.715218,26.280933,27.381935,27.672663,24.129616,25.94294,23.405453,23.461075,24.45988,20.70274,17.16638,18.858156,16.295723,19.716248,18.764853,22.869442
17,20.339529,16.935303,14.637336,10.120017,8.861148,5.9873295,6.015421,7.964232,8.16825,12.417071,13.740959,16.636578,14.958029,12.418049,9.659442,6.2989254,4.622025,0.0,5.8642583,6.7549663,10.183882,12.861349,16.139492,15.323356,19.68199,19.346983,17.384447,13.337513,9.748182,6.835185,5.8098335,6.93244,9.4094515,13.60661,13.286363,17.385664,18.945189,16.175095,14.304613,11.665542,8.02567,4.4425445,4.2613544,5.2028775,6.820821,10.504098,13.521,16.296736,18.87364,20.688957,19.447123,23.73016,24.975891,25.153145,20.868166,22.952106,18.24523,18.59321,20.152428,22.6229,19.598629,23.926403,20.842585,23.449604,24.20441,24.4179,27.590727,26.04077,27.331755,25.025812,21.44364,19.146702,18.464413,18.962046,20.12396,18.894178,22.493307,21.34073,23.163618,25.351904,23.115088,19.80653,17.561037,14.812911,14.115524,11.098462,12.804091,11.279924,13.474343,15.766675,18.098059,16.772987,22.277374,24.144321,23.394836,25.312723,22.697077,24.016037,24.687063,21.208086,23.177586,20.199001,20.760864,21.879927,18.3264,15.078062,17.430994,13.870605,17.9517,16.863392,21.233328
18,16.112574,13.152647,11.463599,6.7954216,8.147067,6.2289968,9.659898,12.466719,13.922076,17.911257,19.269424,21.944775,19.549332,16.859928,13.452331,10.859426,6.4841695,5.8642583,0.0,5.0890007,6.5774803,8.054,11.976331,12.8448,17.023844,17.85825,17.212324,13.512481,11.200688,10.384445,9.596719,12.56304,14.5037155,19.332355,18.398039,22.46322,24.101004,21.037395,19.843822,17.456226,13.220297,10.096882,9.357585,7.1181073,6.967428,10.102688,12.610807,14.583167,17.43237,19.989418,19.78735,24.01395,26.248024,26.758125,22.56746,24.87999,20.92404,20.968338,23.394842,26.097715,23.492989,27.324345,23.924068,26.762306,26.427713,27.514566,30.172243,28.902601,29.215406,27.56248,24.641636,22.093487,22.447247,22.41412,24.898724,23.42192,27.359324,26.402313,28.113237,30.53619,28.082495,24.618793,23.05769,20.082403,19.453735,15.9173765,17.432957,14.025711,16.12959,17.166866,20.210238,20.060633,25.405035,27.78112,27.640759,29.935442,27.549633,29.216473,30.01723,26.610645,28.035904,24.731432,24.633072,25.001165,21.34838,17.995838,21.243616,18.801218,23.01866,22.465025,26.868227
19,15.3775425,11.519787,11.141545,5.8141923,5.759648,7.273877,7.700386,13.067179,13.832042,18.069052,20.105186,23.005545,21.5465,19.158487,15.951131,13.031343,9.708381,6.7549663,5.0890007,0.0,4.4177647,6.974984,9.956115,9.152853,13.076955,13.190262,12.198304,8.48142,7.0236187,7.070519,8.100634,11.317296,15.965654,19.600735,19.945408,24.012367,25.4341,22.622389,20.388384,17.032585,14.455073,9.441594,10.074077,5.9717197,2.2733278,6.1295743,7.9097548,10.761802,13.93522,16.389156,16.260338,20.69204,22.595432,23.7865,20.164726,23.232159,19.510023,20.417477,22.996601,24.793863,22.024237,24.910704,20.93023,23.254826,22.17483,23.234991,25.631565,24.27188,24.26166,22.747692,20.13385,17.647396,18.553799,18.800304,22.062138,21.107824,25.439253,25.151138,27.352398,30.007088,28.187746,24.539955,22.822866,19.4502,17.77806,14.502043,14.409355,9.816508,11.600805,12.234632,15.513089,16.018625,21.039793,23.780514,23.86262,26.365566,24.243204,26.360807,27.310324,24.105516,24.989864,21.303087,21.131823,21.248556,17.853758,14.896723,18.934404,16.480898,21.058851,20.956022,25.422308
20,15.018857,11.473753,12.595095,7.637662,9.306333,10.962531,12.099353,17.238985,17.762732,22.150496,23.548296,26.754204,25.082401,22.33803,19.385916,16.123438,12.701378,10.183882,6.5774803,4.4177647,0.0,4.8347235,5.9642143,6.372718,10.928359,12.468024,12.313511,10.187221,8.527548,10.618372,10.517076,15.18761,18.961788,23.04265,23.263678,27.214844,29.090557,26.35194,24.264414,20.973337,18.19345,13.391771,12.902973,7.818313,5.9050016,5.787366,7.3018775,8.339979,11.346007,14.267413,14.923285,19.044605,21.78936,23.00235,19.508135,22.591856,19.662628,20.328053,23.536865,25.42126,23.134033,25.560514,21.585945,24.240572,22.578066,24.570143,26.560917,25.805195,25.24265,24.617466,22.503227,19.408655,21.047764,20.239056,24.476068,23.025578,27.494286,27.349775,29.375134,32.288754,30.336575,26.533848,25.640022,22.008121,20.641512,16.885637,17.355259,12.137274,14.348371,14.339466,18.05774,19.394592,23.9385,27.039911,27.13543,29.570269,27.310333,29.46062,30.746943,27.652668,28.718863,24.83536,24.838308,24.753231,21.57295,18.85467,23.1671,20.622066,25.280933,25.007723,29.473236
21,10.394894,7.3479695,9.193034,5.742964,9.007453,11.268614,13.909603,18.748089,20.444405,24.45425,26.58999,29.24716,27.184378,24.739895,21.02127,18.683104,14.154752,12.861349,8.054,6.974984,4.8347235,0.0,5.7616525,8.386739,10.687233,12.692622,14.065513,11.597348,12.518919,13.860909,14.666762,18.211216,22.11285,26.308453,26.062546,30.174877,31.569937,28.462297,26.814604,23.76209,20.496225,16.165907,16.38203,12.033901,8.813003,10.072869,10.01166,11.121743,14.350677,17.585001,18.894938,22.886414,25.756926,27.378351,24.152315,27.339844,24.496696,25.110739,28.294348,30.237873,27.877077,30.247759,26.116444,28.473217,26.255014,28.091686,29.78988,28.706564,27.527029,26.77124,25.064596,22.663328,24.444317,24.355934,28.5201,27.452034,31.926683,31.759567,33.846886,36.63055,34.624626,30.908043,29.593475,26.165087,24.647076,21.157639,21.042797,15.66147,16.893368,16.00285,19.55523,21.177505,25.677055,28.746569,29.509567,32.332947,30.558512,32.937717,33.902065,30.797867,31.099913,27.301388,26.397436,25.70965,22.424747,19.599249,24.089338,22.837173,27.292788,27.658064,32.095303
22,14.1521635,11.320036,14.573553,11.093631,13.485706,16.152521,17.434855,22.942606,23.60469,27.968632,29.457188,32.701187,31.017382,28.253395,25.205832,22.047264,18.373175,16.139492,11.976331,9.956115,5.9642143,5.7616525,0.0,4.9174523,7.553868,10.993161,12.614869,12.405901,12.574603,15.743865,15.975214,20.836834,24.85486,28.863874,29.2109,33.12927,35.05114,32.29405,30.163393,26.723923,24.13591,19.200527,18.76787,13.419192,11.106066,9.333886,8.623125,7.3441286,9.862071,13.259931,15.380365,18.793938,22.267256,24.075169,21.405584,24.772255,22.971693,23.738398,27.428053,28.94064,27.079866,28.49681,24.338867,26.774334,23.87444,26.665174,27.854115,27.543959,25.90304,26.264782,25.10139,21.958109,24.542173,23.299374,28.576347,27.16246,31.78899,32.053608,34.118793,37.2413,35.441708,31.5476,31.083231,27.27149,25.711185,21.966158,21.93262,16.033424,17.760735,16.553707,20.435778,22.89008,26.650568,30.1529,30.682358,33.284138,31.307974,33.754597,35.225163,32.361496,32.96935,28.871714,28.568314,27.916445,25.092342,22.78645,27.585108,25.590746,30.27617,30.33748,34.76389
23,16.667292,13.025003,16.057205,11.969478,12.911474,16.2083,15.694804,21.89106,21.773746,26.176773,27.730038,31.174038,30.17609,27.549318,24.896597,21.393496,18.5926,15.323356,12.8448,9.152853,6.372718,8.386739,4.9174523,0.0,5.6449237,7.756793,8.147252,8.962517,8.984335,12.966599,13.733896,18.544344,23.606037,26.78201,27.953722,31.748468,33.63517,31.194231,28.405846,24.518728,23.02499,17.438559,17.430197,11.820835,9.25739,6.0618505,4.201688,2.874252,6.254818,9.43942,11.281426,15.036043,17.980703,20.193956,17.912994,21.765026,19.990574,21.413378,24.949993,25.76922,23.789104,24.589514,20.157091,22.223328,19.048588,21.806486,22.937624,22.684193,21.144142,21.653685,20.566431,17.23696,20.116142,18.804901,24.446087,23.320948,28.041407,28.717976,31.04181,34.243526,32.909836,28.992805,28.472906,24.529253,22.459276,19.035297,18.208866,12.080273,13.795349,12.600351,16.525385,19.246532,22.576132,26.214735,26.552614,29.031887,27.076145,29.637423,31.275118,28.623117,29.208076,24.993904,25.0775,24.58774,22.1176,20.261297,25.131908,22.67297,27.399805,27.441761,31.756386
24,15.358155,12.205852,16.532667,13.979688,14.905385,19.268631,18.742733,25.26026,25.674936,29.78232,32.11588,35.222702,34.35331,32.054447,28.950232,25.94681,22.691591,19.68199,17.023844,13.076955,10.928359,10.687233,7.553868,5.6449237,0.0,4.4475727,7.8703456,9.894734,13.155691,16.656609,18.554672,22.39281,28.346096,31.105356,32.450912,36.344322,37.775494,35.19995,32.305904,28.261368,27.107327,21.401297,22.238106,16.86742,13.083813,11.020198,7.4792824,6.8926835,9.209614,11.888552,14.519722,17.645779,20.270514,23.39023,22.068003,26.253922,24.867216,26.623705,30.096577,30.427464,28.408875,28.45569,23.752398,25.001783,20.62814,23.248371,23.55738,23.079256,20.31392,21.2303,21.233,18.837227,22.289154,21.782396,27.680569,27.249437,32.005814,33.05955,35.6371,38.804516,37.79697,33.92337,33.031605,29.155296,26.549015,23.62642,21.589855,15.275735,15.581745,12.933783,16.465723,20.144644,22.578869,26.3975,27.549587,30.409021,29.195253,32.180428,33.625034,31.245422,30.770296,26.542385,25.793573,24.512232,22.483341,21.153212,26.37049,25.093555,29.60423,30.409113,34.57367
25,16.532263,12.969125,16.694397,14.273633,14.007448,18.847803,17.162676,23.91199,24.159897,27.9733,30.792591,33.697605,33.32054,31.376822,28.321842,25.52084,22.688723,19.346983,17.85825,13.190262,12.468024,12.692622,10.993161,7.756793,4.4475727,0.0,4.6144505,7.18252,12.104173,15.086673,17.9424,20.76009,27.64181,29.60204,31.440317,35.26412,36.322296,33.888214,30.628767,26.37283,26.053177,20.163229,21.78887,16.868176,12.530593,11.113366,6.973935,8.347962,10.738926,12.650244,14.513925,17.863195,19.469904,22.961449,21.942427,26.367584,24.64231,26.854713,29.9178,29.775003,27.457985,27.242653,22.348183,22.924553,18.368708,20.248095,20.502817,19.48766,16.620604,17.113337,17.346039,15.642792,19.1392,19.54108,25.168367,25.410513,30.106125,31.412437,34.25498,37.29177,36.681736,32.927517,31.544172,27.806845,24.670181,22.374252,19.232248,13.129346,12.437489,9.184911,12.383991,16.417877,18.37481,22.222692,23.624317,26.621988,25.81335,29.00944,30.289793,28.110777,27.085966,22.894588,21.923643,20.476906,18.797167,17.961483,23.187778,22.224089,26.530468,27.704039,31.667639
26,19.559023,15.546447,18.194357,14.844783,13.630862,18.013073,15.039188,21.819542,21.228348,25.049438,27.554243,30.6657,30.757227,28.838837,26.337088,23.218443,21.306322,17.384447,17.212324,12.198304,12.313511,14.065513,12.614869,8.147252,7.8703456,4.6144505,0.0,5.2325797,8.869094,12.04337,14.945028,17.631498,24.755484,26.147173,28.498001,32.106068,33.28753,31.190578,27.546665,23.10998,23.546297,17.492695,19.134703,14.511474,10.848408,8.928258,5.23293,7.641136,9.710326,10.822198,11.559377,15.23096,16.094707,19.45944,18.405458,22.878206,20.924267,23.444002,26.201092,25.723434,23.298244,22.967125,18.036667,18.470339,14.293774,15.9143715,16.62441,15.579303,13.571187,13.775434,13.399902,11.1341305,14.665515,14.961905,20.601654,20.936039,25.600002,27.052118,29.974836,33.005817,32.634987,28.939665,27.59181,23.851202,20.531677,18.50924,15.030651,9.125617,8.626074,6.041597,9.487591,13.2774315,15.27336,19.163317,19.933315,22.647945,21.514961,24.62796,26.106224,23.98546,23.43047,19.149208,18.988901,18.18203,16.629936,15.988712,20.935844,18.985075,23.34235,24.138275,28.02197
27,16.789917,12.555737,13.984804,10.601907,8.648256,13.148663,10.232216,17.024742,17.151403,20.825975,23.92587,26.628696,26.440401,24.751043,21.788874,19.198294,16.919704,13.337513,13.512481,8.48142,10.187221,11.597348,12.405901,8.962517,9.894734,7.18252,5.2325797,0.0,7.161748,8.412208,12.246406,13.815871,21.1748,22.765821,24.65752,28.475979,29.270517,26.871109,23.530445,19.287365,19.230728,13.35446,15.719431,11.777042,6.9982176,7.864405,5.420198,9.678254,12.723038,14.434831,14.560855,18.804804,19.641476,22.286621,20.225706,24.313364,21.289368,23.45716,25.877045,26.0747,23.184473,24.171036,19.423729,20.208794,17.414537,17.985226,19.581692,17.711447,16.719103,15.262044,13.702501,12.211027,14.358558,15.879133,20.124794,20.584795,25.147839,26.01396,28.904558,31.652035,30.950645,27.355494,25.250875,21.784723,18.54784,16.573652,13.149575,7.379591,6.3567595,4.4144373,8.144587,10.681999,14.364367,17.787277,18.70539,21.71279,20.581814,23.567738,24.532297,21.970314,21.29126,17.173544,16.392551,15.667702,13.21141,11.709806,16.768736,15.263529,19.717522,20.752626,24.84613
28,20.965212,16.75404,17.294672,12.335949,10.790464,12.78513,9.482039,15.43515,13.899769,18.274742,19.622837,23.226938,23.062225,20.700693,18.887161,15.06518,14.215525,9.748182,11.200688,7.0236187,8.527548,12.518919,12.574603,8.984335,13.155691,12.104173,8.869094,7.161748,0.0,4.953915,6.1334295,10.341908,16.278067,18.360336,20.368284,23.929039,25.731691,23.759167,20.328707,16.159937,15.962268,10.03396,10.5563135,6.0853987,5.175343,3.4493778,5.6846285,8.595341,10.744457,11.934733,10.656433,15.13758,16.154839,17.48528,14.328049,17.919588,14.444066,16.37192,18.858238,19.49905,16.720615,18.547031,14.220252,16.300335,15.296108,16.490751,19.012548,18.095495,18.665571,17.615541,14.861907,11.315163,12.637637,11.946555,16.193743,15.276377,19.917482,20.394417,22.94546,25.9322,24.857244,21.067558,19.876,16.025127,13.569587,10.515791,9.39068,3.9021006,7.366102,9.081262,12.311251,13.11958,17.26033,20.297964,19.602152,21.620693,19.09024,21.279997,22.870905,20.024822,21.481705,17.45411,18.640574,19.336014,16.763933,14.864547,18.810751,14.760851,19.50075,18.880764,23.151266
29,21.12977,17.03997,16.112062,11.546235,8.843952,9.753355,5.038757,10.729409,9.338809,13.551282,15.710434,18.851763,18.782125,16.864542,14.808205,11.591016,11.190247,6.835185,10.384445,7.070519,10.618372,13.860909,15.743865,12.966599,16.656609,15.086673,12.04337,8.412208,4.953915,0.0,4.937546,5.7992687,12.908642,14.574129,16.48192,20.205317,21.435547,19.298592,15.854049,11.681691,11.625447,5.558688,7.850248,6.0486846,5.052094,7.6388893,9.620827,13.209971,15.651826,16.860146,15.303112,19.679985,20.090384,21.076544,17.660316,20.694586,16.320004,17.993069,19.604578,20.583035,17.296795,20.17933,16.30908,18.055567,18.134989,17.985928,21.025152,19.275331,20.563002,18.233849,14.722777,12.441832,12.15686,13.290277,15.371274,15.063956,19.259779,19.208694,21.810196,24.326994,23.170094,19.673943,17.283506,13.95812,11.345072,9.048367,7.4815555,4.7003145,6.778556,9.626894,11.838743,10.921104,16.03704,18.355675,17.610247,19.719698,17.318342,19.308992,20.289234,17.102215,18.471603,14.831993,15.737557,16.833279,13.800499,11.383881,14.648253,10.456059,15.190167,14.656816,19.069996
30,23.42687,19.52522,18.54304,13.45711,11.88483,11.140611,8.313745,11.845794,9.443945,14.049014,14.227744,18.13731,17.679892,14.974466,13.909767,9.522317,10.24422,5.8098335,9.596719,8.100634,10.517076,14.666762,15.975214,13.733896,18.554672,17.9424,14.945028,12.246406,6.1334295,4.937546,0.0,6.6409416,10.336091,13.245284,14.689333,18.215288,20.48056,18.607586,15.565152,12.010006,10.969157,6.0646253,4.6685543,2.992477,6.982158,7.778856,11.358034,13.664766,15.477733,16.534908,14.576657,18.675787,19.53293,19.482958,15.256162,17.517889,12.846456,13.821508,15.583105,17.409033,14.397508,18.247902,15.074709,17.901354,18.995806,19.55466,22.810575,21.831656,23.512115,21.789768,18.162254,14.872108,14.401873,13.63548,15.56298,13.825453,17.837112,17.212116,19.275898,21.982445,20.20793,16.50031,15.173331,11.53668,10.4014635,6.5672526,8.862132,7.501979,11.012072,13.929126,16.382904,15.454241,20.288162,22.490707,21.063114,22.52147,19.357351,20.642828,22.036564,18.791834,21.535355,18.177025,19.957874,21.468803,18.518496,16.045433,18.67607,13.626252,18.037865,16.312143,20.619732
31,24.861742,21.11013,18.88628,14.896328,11.951357,10.484287,5.816156,7.0286307,3.7233348,7.9513893,10.119276,13.086175,13.453946,11.974166,10.754063,8.087215,10.058884,6.93244,12.56304,11.317296,15.18761,18.211216,20.836834,18.544344,22.39281,20.76009,17.631498,13.815871,10.341908,5.7992687,6.6409416,0.0,8.375627,9.065709,11.108091,14.736235,15.682314,13.741546,10.069775,5.9759173,6.7888947,2.6445746,6.0422115,8.8015,9.938786,12.944454,15.393958,18.778006,20.980223,21.913012,19.792795,23.882156,23.757225,23.947298,20.190691,22.290913,17.20897,18.414408,18.850895,20.244753,16.699745,20.82589,17.969696,19.690805,21.418118,20.302362,23.894444,21.87154,24.216587,21.122286,16.939604,15.407555,13.354006,15.149218,14.479307,14.287323,17.475441,16.557335,18.901657,20.79241,19.44704,16.4493,12.921939,10.513923,8.550902,7.5500765,7.5053725,9.311735,10.722541,14.2275715,15.259711,12.522614,17.740067,18.916658,17.456724,18.951363,16.258307,17.36237,17.819231,14.3126335,16.667177,14.046274,15.519349,17.558836,14.524129,12.009195,13.13116,7.810352,11.811806,10.216242,14.636749
32,29.44233,26.206684,23.300264,19.347427,17.616144,13.889668,12.533229,9.434369,6.323399,8.479081,5.4804196,9.298618,8.268974,5.2230372,7.384964,4.3114395,9.854465,9.4094515,14.5037155,15.965654,18.961788,22.11285,24.85486,23.606037,28.346096,27.64181,24.755484,21.1748,16.278067,12.908642,10.336091,8.375627,0.0,6.1201663,4.721985,8.291732,11.095498,9.543065,8.062204,7.827941,5.149115,8.195278,6.1836658,11.849539,15.524457,17.931406,21.423113,23.863031,25.641165,26.574995,24.227362,27.860504,28.158024,27.030628,22.489605,23.002563,17.7124,17.31677,16.85014,19.863667,16.928612,22.74068,21.405983,24.103245,27.17486,26.507694,30.349018,28.937937,31.73692,28.974932,24.649897,22.501732,20.12865,20.377039,18.54139,16.84437,18.650017,16.165325,17.051287,18.31474,15.493213,13.093093,10.314631,9.38332,11.183487,9.769277,13.98227,16.437809,18.799004,22.277,23.597605,20.793964,25.825577,26.598724,24.54461,25.205816,21.905369,21.733438,22.220093,18.832506,22.730858,21.042372,23.060476,25.441557,22.412615,19.714659,19.728552,14.692112,17.109976,14.006045,17.394377
33,33.111156,29.639547,26.762804,23.059206,20.460567,17.546913,14.396772,11.152148,6.7177734,6.33016,2.3513808,6.374957,8.754159,8.166369,11.01177,9.655738,14.766815,13.60661,19.332355,19.600735,23.04265,26.308453,28.863874,26.78201,31.105356,29.60204,26.147173,22.765821,18.360336,14.574129,13.245284,9.065709,6.1201663,0.0,5.086904,6.639719,8.349997,8.491767,4.753272,4.9222264,7.7570662,10.46719,10.519394,15.627613,18.555225,20.84448,23.859976,26.69178,28.308804,28.717344,25.907375,29.315582,28.594084,27.51067,23.5788,24.067636,18.774826,19.1085,17.595922,19.432384,16.229748,21.66048,20.78284,22.588274,26.442717,24.698633,28.726238,26.998919,30.55864,27.277302,22.734528,21.385103,18.012344,19.195065,15.368308,14.681889,15.432016,12.909594,14.094203,14.639524,12.866044,11.305021,6.3597894,7.2567897,8.6089945,9.9226,12.678377,17.188814,18.802586,22.680857,23.040106,19.429262,23.741568,23.738134,21.099205,21.10192,17.857237,17.03028,17.1323,13.962853,18.470657,17.673296,20.387154,23.40173,21.026949,19.096378,17.875013,12.306692,13.425862,9.405968,11.985308
34,32.500614,29.455982,26.012669,22.671814,20.642523,16.65077,15.281117,10.417615,7.887055,7.141872,2.871186,5.010103,4.495234,3.3499522,7.5964994,7.5835447,12.835178,13.286363,18.398039,19.945408,23.263678,26.062546,29.2109,27.953722,32.450912,31.440317,28.498001,24.65752,20.368284,16.48192,14.689333,11.108091,4.721985,5.086904,0.0,4.2204905,6.4351616,5.382992,5.1934023,7.7210627,6.3101716,11.362954,10.663348,16.348097,19.447567,22.28475,25.546642,28.270075,30.133163,30.989164,28.51615,32.097324,32.00691,30.817049,26.457144,26.730358,21.428785,21.03863,19.827919,22.614058,19.701622,25.573124,24.660036,26.932682,30.452318,29.136568,33.09731,31.368847,34.535824,31.28329,26.816574,25.35662,22.373339,23.363857,20.238068,19.121183,20.011152,17.17472,17.743185,18.07872,15.39832,14.101477,10.274855,11.159724,13.141377,13.176398,16.607176,19.98477,21.75346,25.326635,26.074022,22.62836,27.4552,27.557823,25.386774,25.749084,22.722609,22.051552,21.946548,18.7378,22.655428,21.835619,23.769331,26.41734,23.582224,21.081219,19.892595,15.388845,16.5046,13.192214,15.665348
35,36.71489,33.673332,30.20857,26.886532,24.818878,20.865154,19.303629,14.393036,11.635629,9.996706,4.759329,5.1682725,6.2772274,6.5378947,11.378899,11.635613,16.943657,17.385664,22.46322,24.012367,27.214844,30.174877,33.12927,31.748468,36.344322,35.26412,32.106068,28.475979,23.929039,20.205317,18.215288,14.736235,8.291732,6.639719,4.2204905,0.0,4.8196044,6.394377,7.0962167,10.510131,10.478618,15.338865,14.418421,20.052826,23.4394,25.950222,29.287243,31.876656,33.502674,34.10011,31.3721,34.660976,34.267567,32.679344,28.431034,28.149487,23.007586,22.405384,20.445751,23.153408,20.555769,26.536547,26.355165,28.521532,32.702988,31.149763,35.202156,33.596893,37.18363,33.898617,29.355278,27.967356,24.628023,25.440168,21.424072,20.25568,20.158648,16.923342,16.834259,16.374891,13.642972,13.447113,9.847437,12.130717,14.831612,15.575488,19.234442,23.323648,25.108774,28.852554,29.358286,25.687933,30.130917,29.880678,27.317596,27.139933,24.02065,22.713,22.516127,19.676043,24.137732,23.896334,26.268948,29.214985,26.691301,24.493145,22.751862,18.160069,18.484173,14.725586,16.146336
