,0,1,2,3,4,5,6,7,8,9,10,11,12,13,14,15,16,17,18,19,20,21,22,23,24,25,26,27,28,29,30,31,32,33,34,35,36,37,38,39,40,41,42,43,44,45,46,47,48,49,50,51,52,53,54,55,56,57,58,59,60,61,62,63,64,65,66,67,68,69,70,71,72,73,74,75,76,77,78,79,80,81,82,83,84,85,86,87,88,89,90,91,92,93,94,95,96,97,98,99,100,101,102,103,104,105,106,107,108,109,110
0,0.0,3.6868765,7.2261825,10.033442,12.711512,14.508469,18.139416,20.403177,24.41665,26.015818,30.885105,33.0805,34.396606,35.589718,33.119488,34.396976,33.542572,32.08618,35.701584,31.822317,34.85352,34.224487,37.073822,34.687008,33.8189,29.441502,32.822098,35.20545,31.191471,35.63658,33.08723,38.640717,40.67236,42.149517,44.68956,46.461475,50.19424,49.38958,46.4802,43.390244,43.78829,40.903057,38.499466,35.513508,38.57394,33.653305,35.50352,33.43926,33.808216,34.36679,34.619915,35.75319,34.584816,36.299953,37.28829,40.864616,38.5538,41.982925,42.187218,39.056,36.69506,33.735744,30.753765,26.819653,24.274832,20.496466,19.069944,16.470484,17.415405,15.423206,17.236897,21.456478,20.967976,26.172112,26.153078,30.236767,31.987467,34.13805,37.51426,38.861908,40.492996,37.60361,35.5821,33.397102,29.557674,31.673882,25.69153,27.102337,23.12981,23.09087,20.665533,20.70228,18.260342,21.983429,25.044184,23.921299,26.611296,22.74621,26.540688,24.07551,29.381197,27.358603,30.936325,33.651176,31.039957,27.976954,27.246332,23.441435,20.581503,19.303385,15.34206
1,3.6868765,0.0,4.5316644,6.4654775,9.447342,10.923168,14.731682,16.892857,20.915041,22.51371,27.401335,29.48461,30.734451,31.96961,29.508423,30.917328,30.144686,28.854734,32.59393,28.940262,32.186848,31.587238,34.773758,32.56858,32.12245,27.913439,31.305922,33.344334,28.844015,33.13437,30.477276,35.834114,37.744263,38.959667,41.65303,43.27284,47.0368,46.39654,43.419918,40.380836,41.061882,38.337666,35.91561,33.248055,36.5726,31.759228,33.92864,32.127117,32.81084,33.43428,33.453705,34.947205,33.832565,35.23879,35.78938,39.25833,36.56969,39.884457,39.9531,37.03702,34.47526,32.027782,29.00414,25.22388,23.21394,19.054794,18.330103,15.197934,16.928997,14.065416,14.975154,19.493114,18.526926,24.146412,23.757664,27.742418,29.566385,31.48638,34.861195,36.240364,37.629646,34.710518,32.44504,30.253824,26.550398,28.53843,22.747355,24.240086,20.351631,20.698483,18.325623,18.907139,16.501642,19.63925,22.627848,21.145185,23.719341,19.582783,23.225565,20.741623,25.977554,24.142204,27.677345,30.49287,28.09205,24.96641,24.809763,20.768438,18.260813,17.172733,13.53965
2,7.2261825,4.5316644,0.0,5.1950283,6.423731,8.290095,11.447349,13.862697,17.53907,19.410294,24.101889,26.415138,28.075062,29.25295,27.33711,28.432234,28.361845,26.792406,31.112057,27.547676,31.044998,31.060415,34.222187,31.808916,32.09319,27.864822,30.665794,32.335903,27.135406,31.253092,28.087183,33.582737,34.654087,36.167797,38.566135,40.065487,44.005203,43.377827,40.68863,37.92322,38.222767,35.9234,33.105503,30.809553,34.555725,30.007097,32.546913,31.068914,31.73516,31.979433,31.52555,32.962708,31.46401,32.399284,32.883644,36.05358,33.3038,36.589096,36.346558,33.284832,30.787561,28.369589,25.717875,21.852552,20.792763,16.237387,16.139324,13.242228,16.309849,13.642167,13.567108,17.481773,15.67267,21.365692,20.042183,24.220373,25.619646,27.493027,30.83878,32.03511,33.584934,30.848835,28.5468,26.58598,22.918129,25.380232,19.655415,22.03799,18.634594,19.693974,18.159986,19.097837,17.538677,20.201204,22.61355,20.785212,22.562096,18.276302,20.980858,18.057137,22.816694,20.477173,23.834291,26.461704,23.83689,20.78815,20.323095,16.5988,13.829092,13.182408,9.472517
3,10.033442,6.4654775,5.1950283,0.0,3.9201155,5.818936,8.692157,11.729746,15.149438,17.2292,21.959656,23.561174,24.546694,25.60064,23.110535,24.457844,23.828802,22.611113,26.59029,23.234713,26.797619,26.44326,30.021538,28.042322,28.432451,24.574387,27.758745,29.143747,23.862116,27.835669,25.024624,30.051586,31.828901,32.704166,35.587727,37.068275,40.820557,40.355896,37.286724,34.312992,35.36582,32.871204,30.46197,28.300898,31.998947,27.452612,30.128794,28.832523,30.02556,30.729813,30.35139,32.45005,31.51693,32.413017,32.164524,35.449463,32.159927,35.240803,35.181747,32.733227,29.83847,28.3537,25.195988,21.886896,20.770742,16.255587,16.865398,13.026978,15.959165,11.900885,10.796096,15.514014,13.758788,19.880733,19.0927,22.70815,24.814507,26.363071,29.709398,31.273918,32.200893,29.136208,26.698324,24.336836,20.802286,22.442244,16.969416,18.494677,14.861505,15.969978,14.037795,15.605849,13.792435,15.6306,18.127712,16.038025,18.115408,13.62944,16.893858,14.408558,19.67194,18.237581,21.917242,24.995523,23.094181,19.811089,20.843239,16.048473,14.675417,13.601551,11.296492
4,12.711512,9.447342,6.423731,3.9201155,0.0,5.5326614,5.5948486,10.301295,12.705628,15.504086,19.857832,21.420229,22.642067,23.404654,21.369291,22.131357,22.11602,20.405008,24.89637,21.486605,25.180859,25.50879,28.852303,26.596344,27.62656,23.75997,26.298344,27.370287,21.547709,25.390425,22.145277,27.383373,28.54111,29.810486,32.378006,33.89163,37.746372,37.18319,34.36209,31.577986,32.186607,29.970827,27.24303,25.30483,29.312525,25.000141,27.96049,26.949703,28.112068,28.500072,27.737228,29.824778,28.665144,29.200285,28.827589,31.915834,28.567688,31.632933,31.41789,28.909243,26.030546,24.628126,21.642166,18.378954,18.009073,13.278823,14.593966,10.9602585,14.938462,11.237805,9.088966,12.985351,10.451519,16.633669,15.25316,18.969276,20.916265,22.50019,25.857378,27.419157,28.458439,25.419146,23.184423,20.833794,17.163998,19.177576,13.568545,15.8794565,12.750404,14.518117,13.647714,15.371819,14.632491,16.096867,17.818,15.587661,16.693531,12.333207,14.580812,11.6526985,16.69411,14.771053,18.601767,21.628965,19.615849,16.289661,17.2341,12.164404,11.076399,9.917494,8.32962
5,14.508469,10.923168,8.290095,5.818936,5.5326614,0.0,6.0739517,6.057612,10.255045,11.656899,16.541437,18.623793,20.173471,21.755505,19.994406,21.847801,22.16187,21.480398,26.048183,23.569626,27.59234,27.545763,31.668251,30.027826,31.33278,27.903572,30.679276,31.354008,25.137424,28.487465,25.179424,29.682829,30.276834,30.739325,33.67944,34.540924,38.565685,38.566727,35.676487,33.150864,34.478264,32.785618,30.033306,28.896458,33.218773,29.214928,32.441246,31.698511,33.13051,33.593655,32.652634,34.905293,33.653988,33.797085,33.117588,35.829002,32.120907,34.91717,34.22614,31.920698,28.937119,28.21469,25.706402,22.641396,23.16388,18.339289,19.94328,16.462347,20.421032,16.443987,13.980352,17.900406,14.792029,21.000048,18.421858,21.895788,23.312775,24.202713,27.377089,28.526402,29.203989,26.534693,23.181356,21.413055,18.574982,20.483004,16.058065,18.658176,16.032972,18.298113,17.09779,19.4394,18.082499,18.56087,20.516775,17.716272,18.942867,14.035406,15.626501,12.76477,16.642776,15.1820965,17.943874,20.82117,19.07169,16.01324,17.839666,14.041477,12.978646,13.604664,12.10667
6,18.139416,14.731682,11.447349,8.692157,5.5948486,6.0739517,0.0,6.883679,7.4653597,10.950382,14.780569,16.032825,17.365543,18.071695,16.585268,17.277363,18.129362,16.604568,21.683064,19.047798,23.123936,23.934479,27.64529,25.729729,27.813677,24.548306,26.542973,26.74543,20.01749,23.115633,19.461973,24.102158,24.352922,25.248257,27.902607,29.00953,33.02161,32.79189,30.057602,27.609539,28.522635,26.982367,24.046177,23.14072,27.703924,24.04313,27.566118,27.240292,28.787745,29.054789,27.7393,30.213816,29.029593,28.795511,27.650732,30.210442,26.272535,28.959108,28.298481,26.245983,23.11656,22.924923,20.332174,17.774115,19.055641,14.442757,17.030546,13.767072,18.325272,14.621345,10.917948,13.553099,9.733478,15.6742525,12.822124,15.953391,17.672497,18.543446,21.760073,23.260399,23.809885,20.852259,18.04809,15.830508,12.661312,14.629934,10.045514,13.289821,11.479501,14.506535,14.671242,17.185198,17.184826,17.079424,17.908379,15.088469,14.969487,10.564169,10.726771,7.3621774,11.411021,9.636201,13.260537,16.457542,14.9900675,11.6306,14.183298,9.071142,9.751597,9.758177,10.348973
7,20.403177,16.892857,13.862697,11.729746,10.301295,6.057612,6.883679,0.0,5.2509203,5.623883,10.550235,13.051069,15.268087,17.316143,16.614733,18.786762,20.24582,20.091139,25.067848,23.60256,27.87702,28.25066,32.685455,31.39504,33.61326,30.700941,32.954857,32.881046,25.980286,28.524708,24.88161,28.60396,27.95203,27.931925,30.858002,31.049438,35.264145,35.750195,33.100193,31.115267,32.713417,31.899498,28.922733,28.908384,33.697636,30.389864,34.063828,33.913948,35.59027,35.856575,34.40015,36.84818,35.43653,34.836014,33.59952,35.67481,31.559525,33.930584,32.650482,30.710934,27.666595,27.980112,26.128307,23.63072,25.621729,20.894035,23.35651,20.25592,24.779844,20.91467,17.514587,20.428232,16.49182,22.153477,18.154572,21.021395,21.765524,21.801626,24.62611,25.38316,25.606249,23.392374,19.134193,18.069304,16.304955,18.230633,15.498225,18.856287,17.532637,20.64641,20.267921,23.103954,22.332773,21.678427,22.896284,19.688951,19.86199,15.196038,14.691927,11.881816,13.453313,12.263063,13.6278,16.220816,15.009545,12.41257,15.612256,13.099095,13.107299,15.083991,14.947667
8,24.41665,20.915041,17.53907,15.149438,12.705628,10.255045,7.4653597,5.2509203,0.0,4.396369,7.3254476,9.038942,11.475353,12.998712,13.1964,14.612936,17.109743,16.70971,22.068197,21.079296,25.364113,26.422321,30.646675,29.395243,32.390312,29.864504,31.430458,30.75907,23.47464,25.369726,21.48997,24.73379,23.233234,23.195663,25.935091,25.942572,30.236712,30.812605,28.37592,26.724865,28.219818,27.952946,24.83151,25.558187,30.586859,27.895163,31.841242,32.193207,34.020767,34.11743,32.276417,34.915855,33.548756,32.43332,30.651485,32.310368,27.901167,29.930822,28.41534,26.913002,23.772669,25.018105,23.458935,21.679085,24.611073,20.2931,23.453821,20.703608,25.477373,21.877098,17.792227,19.522839,15.243127,20.011427,15.411041,17.461407,18.025692,17.48829,20.082985,20.905554,20.69698,18.506718,14.042294,13.070474,11.964005,13.776894,12.423771,16.250109,16.174026,19.817156,20.442959,23.427044,23.536154,22.225382,22.531883,19.30527,18.2853,14.372231,11.93938,9.287449,8.776107,7.7714252,8.564014,11.405339,10.981616,8.486483,13.288132,10.850907,12.5659075,14.587418,15.981407
9,26.015818,22.51371,19.410294,17.2292,15.504086,11.656899,10.950382,5.623883,4.396369,0.0,5.06082,8.092107,11.145891,13.741332,14.388843,16.831787,19.351295,19.824701,24.827457,24.427025,28.724045,29.397503,34.004486,33.11054,36.023434,33.640415,35.471035,34.759106,27.536528,29.248598,25.531116,28.273632,26.532658,25.88203,28.788383,28.247952,32.53368,33.54922,31.14368,29.734478,31.683987,31.707972,28.69592,29.729237,34.752174,32.140705,36.08678,36.438717,38.329453,38.490845,36.67169,39.29821,37.86174,36.676968,34.91578,36.40216,31.974735,33.850697,32.090324,30.660364,27.620714,28.990335,27.704165,25.860481,28.841024,24.397392,27.377794,24.551926,29.26484,25.472979,21.581493,23.73769,19.521883,24.404188,19.640097,21.640799,21.821993,20.95181,23.239643,23.615892,23.203215,21.53548,16.452024,16.240597,15.903617,17.471342,16.754183,20.283798,20.096415,23.62082,23.803595,26.909761,26.533855,25.052752,25.676804,22.317331,21.681921,17.61144,15.461719,13.251755,12.152371,11.742857,11.12113,13.142091,13.002108,11.358147,15.875094,14.736552,15.788102,18.365961,19.177141
10,30.885105,27.401335,24.101889,21.959656,19.857832,16.541437,14.780569,10.550235,7.3254476,5.06082,0.0,4.550412,8.80104,11.427742,13.776682,15.80772,19.39189,20.090916,25.032347,25.4265,29.586275,30.706516,35.183216,34.49152,38.006386,36.02725,37.331074,36.09303,28.720064,29.68073,25.908642,27.813612,24.912622,23.910969,26.539053,25.346056,29.668018,31.08779,29.079815,28.30761,30.29119,31.13968,28.07334,30.016336,35.161667,33.24316,37.35862,38.150387,40.136894,40.127777,37.97584,40.66837,39.18896,37.482082,35.31204,36.218227,31.638355,33.033886,30.853092,29.894264,26.96976,29.224068,28.504055,27.285767,31.074497,26.9937,30.353136,27.870338,32.71852,29.151949,24.957151,26.325436,21.998758,25.990057,20.735586,21.89562,21.510538,19.862597,21.524656,21.524702,20.533875,19.491999,13.913193,14.666029,15.722289,16.991287,18.046312,21.68566,22.483524,26.23731,27.008316,30.184675,30.276999,28.334631,28.385649,25.060461,23.658468,20.306606,16.900082,15.232617,11.914941,12.044227,9.463026,10.48697,11.603276,11.17212,16.349138,16.35751,18.194687,21.013184,22.583225
11,33.0805,29.48461,26.415138,23.561174,21.420229,18.623793,16.032825,13.051069,9.038942,8.092107,4.550412,0.0,4.4574137,7.0416307,10.014039,12.09468,15.905273,17.11978,21.635826,22.756926,26.741373,27.88607,32.41051,32.135868,35.953617,34.50163,35.662235,34.018208,26.80289,27.190163,23.81744,24.809856,22.158085,20.316841,23.362051,21.973864,26.071487,27.751152,25.486473,24.762634,27.455029,28.420685,25.78982,28.150404,33.121147,31.57705,35.702282,36.77269,39.041065,39.246483,37.111023,40.159035,39.09567,37.345097,34.6418,35.50579,30.629908,31.686005,29.697786,29.45072,26.328386,29.409986,28.414818,27.800323,31.477201,27.767702,31.331594,28.707119,33.27439,29.543682,25.083525,26.164423,22.15082,25.638939,21.037905,21.331724,21.507183,19.513054,20.912897,21.360903,19.545576,18.22534,12.858641,13.204123,14.95918,14.979294,17.301561,20.079786,21.455301,25.18064,26.200058,29.50834,29.879128,27.265944,26.840652,23.58358,21.74877,19.103224,15.072226,14.349784,10.0762825,11.845304,9.372976,10.7806835,13.208204,12.74339,18.658731,17.73115,20.452831,22.579676,24.685555
12,34.396606,30.734451,28.075062,24.546694,22.642067,20.173471,17.365543,15.268087,11.475353,11.145891,8.80104,4.4574137,0.0,3.705962,6.314462,9.210412,12.516664,14.645079,18.380295,20.252047,24.026302,24.865255,29.59193,29.856447,33.73281,32.806602,34.079712,32.176914,25.323902,25.305227,22.57185,22.678062,21.02554,18.143915,21.896679,20.536402,24.197512,26.069098,23.276152,22.312883,26.008972,26.728857,24.753775,27.193064,31.825098,30.43868,34.457794,35.656082,38.220028,38.7712,36.826538,40.234756,39.66012,38.08875,34.99363,36.03316,30.944525,31.793955,30.208935,30.549486,27.227633,30.784855,29.305529,29.076744,32.262436,28.836912,32.40362,29.509514,33.641273,29.647003,25.104816,26.227276,22.703485,25.956045,22.34588,22.062622,23.024141,21.020947,22.341068,23.321869,20.959532,19.192564,14.508515,14.041526,15.870301,14.532212,17.491034,19.013178,20.59885,24.087486,25.060137,28.476254,28.899662,25.639303,24.917313,21.75843,19.818983,17.816988,13.760814,14.126064,10.061244,13.310072,11.829814,13.714225,16.557634,15.760404,21.904718,19.925575,23.071669,24.487862,26.757717
13,35.589718,31.96961,29.25295,25.60064,23.404654,21.755505,18.071695,17.316143,12.998712,13.741332,11.427742,7.0416307,3.705962,0.0,5.002481,6.1027055,10.218413,12.073366,15.6848545,17.888899,21.424927,22.723406,27.091024,27.386957,31.618471,30.98758,31.8334,29.611876,22.88067,22.36777,19.814005,19.340916,17.63993,14.46443,18.34675,17.098352,20.661825,22.470257,19.580843,18.657457,22.504934,23.365763,21.590136,24.354534,28.86191,27.87712,31.889292,33.344166,35.986706,36.53289,34.513775,38.050007,37.69104,36.01894,32.608215,33.540337,28.365078,28.970825,27.544659,28.3342,24.975763,29.02234,27.478989,27.756481,30.99205,28.012072,31.719465,29.006695,32.964897,29.197128,24.559753,25.05326,21.8077,24.29443,21.144215,20.162386,21.41096,19.275045,20.378672,21.71747,18.985807,16.962841,13.007034,12.094554,14.296408,12.110444,16.085468,17.11237,19.369854,22.805048,24.289036,27.590517,28.51713,25.066977,23.78919,20.877207,18.288712,17.154234,12.435116,13.4330635,8.721777,12.636019,11.477319,13.42413,16.669083,15.907623,22.085768,19.70791,23.393305,24.342243,27.100344
14,33.119488,29.508423,27.33711,23.110535,21.369291,19.994406,16.585268,16.614733,13.1964,14.388843,13.776682,10.014039,6.314462,5.002481,0.0,4.98407,6.3341084,9.253081,12.334,14.430749,18.083227,18.620441,23.488028,24.085125,27.870434,27.349508,28.792845,26.808914,20.446108,20.35607,18.406721,18.137823,18.657778,15.348682,19.90028,19.516909,22.635942,24.019844,20.380281,18.461428,22.958414,22.676647,21.473434,23.330957,27.460968,25.90995,29.705927,30.875576,33.708954,34.700253,33.122982,36.898445,36.954727,35.850163,32.50657,34.0743,28.901108,29.81917,29.042742,29.747038,26.176329,29.764359,27.425545,27.496546,29.720299,26.734867,30.160656,26.998344,30.437338,26.285786,21.784668,22.874002,20.184162,23.13759,21.1745,20.46077,22.68243,21.188187,22.799295,24.653221,22.249895,19.525629,16.220356,14.211692,15.102602,12.331553,15.046186,14.7365675,16.368618,19.422419,20.430052,23.82782,24.496813,20.673136,19.487988,16.565931,14.42289,13.380799,9.5782995,11.407944,9.005217,13.361716,13.956438,16.730814,19.30114,17.71232,23.716288,20.043058,23.565573,23.793024,26.224115
15,34.396976,30.917328,28.432234,24.457844,22.131357,21.847801,17.277363,18.786762,14.612936,16.831787,15.80772,12.09468,9.210412,6.1027055,4.98407,0.0,5.345743,6.1814094,9.988435,12.038468,15.43597,17.195353,21.177029,21.391653,25.823788,25.455114,26.0323,23.629583,17.144884,16.406612,14.313302,13.605931,13.707279,10.619952,15.0974,15.18625,18.353804,19.34976,15.746843,13.817633,17.987743,17.951403,16.688639,19.033758,23.214478,22.242228,26.139238,27.692673,30.494629,31.270456,29.444891,33.25568,33.40981,32.054047,28.384499,29.7271,24.501022,25.164198,24.510681,25.63493,22.085432,26.199566,23.951477,24.677942,27.223206,24.856726,28.506062,25.823736,29.210598,25.638813,21.054127,20.970514,18.51036,20.212938,18.59845,16.974518,19.39193,17.79072,19.141987,21.37697,18.767582,15.748032,13.60096,11.0550375,12.256654,8.51422,12.705742,12.153452,14.99876,18.103329,20.109995,23.187057,24.720615,21.085657,19.111614,16.636616,13.309834,13.520106,8.501399,10.772349,7.3755016,11.89818,12.777575,15.4068575,18.197702,16.786459,22.548695,18.7361,22.851488,22.654486,25.76855
16,33.542572,30.144686,28.361845,23.828802,22.11602,22.16187,18.129362,20.24582,17.109743,19.351295,19.39189,15.905273,12.516664,10.218413,6.3341084,5.345743,0.0,4.6451354,6.0407624,8.669052,11.922917,12.561912,17.249722,18.169472,22.111841,22.203066,23.467531,21.214373,15.620842,15.142545,14.3594055,13.378282,16.456991,13.122962,18.005766,18.771833,21.113184,21.791058,17.498377,14.566775,19.625608,18.251726,18.055212,19.297756,22.681042,21.211988,24.690086,25.968576,29.062101,30.446283,29.205809,33.311333,34.055,33.345524,29.718494,31.681072,26.583027,27.434568,27.521238,28.690355,25.062607,28.70742,25.681288,26.283375,27.592648,25.402689,28.641336,25.51966,28.106068,24.167088,19.898422,20.416162,18.893047,20.853418,20.801003,19.413654,22.698978,21.706148,23.356375,25.920992,23.549757,20.186396,18.566278,15.546902,15.63209,11.686102,14.130064,11.504081,13.537281,15.809042,17.251167,20.338118,21.651648,17.381273,15.245798,13.033022,10.137015,11.2905245,8.132283,11.463449,10.934671,15.240469,17.219433,20.232674,22.554222,20.617346,26.098679,21.310215,25.118176,24.192822,26.890635
17,32.08618,28.854734,26.792406,22.611113,20.405008,21.480398,16.604568,20.091139,16.70971,19.824701,20.090916,17.11978,14.645079,12.073366,9.253081,6.1814094,4.6451354,0.0,5.8171864,5.968996,9.679554,11.810734,15.469923,15.329724,19.686394,19.327843,19.957165,17.68291,11.421932,11.17942,9.79546,9.957591,13.356558,11.591713,15.8293295,17.477905,20.037374,19.925398,15.862068,12.577613,16.398169,14.562501,13.952762,14.798735,18.466928,16.889626,20.576382,21.943445,24.907598,26.064098,24.666582,28.731256,29.444403,28.726238,25.106882,27.200375,22.170315,23.222057,23.560266,24.584745,20.954025,24.421633,21.225595,22.05431,23.366163,21.562923,24.89315,22.133003,24.724365,21.304417,17.003675,16.59681,15.294543,16.47534,16.970272,15.274275,18.958595,18.355856,20.168547,23.055042,21.082306,17.34426,16.710379,13.130249,12.47712,8.338039,10.477699,7.3523765,10.34094,12.780056,15.193545,17.94529,20.022932,16.39104,13.777159,11.901365,7.8719625,9.839607,5.9246526,9.313031,9.392585,13.029357,15.809055,18.88836,20.793512,18.707075,23.619562,18.44961,22.468721,21.047567,24.130371
18,35.701584,32.59393,31.112057,26.59029,24.89637,26.048183,21.683064,25.067848,22.068197,24.827457,25.032347,21.635826,18.380295,15.6848545,12.334,9.988435,6.0407624,5.8171864,0.0,5.2128386,6.6018825,7.933237,11.725364,13.190256,17.502413,18.56868,19.27908,16.529253,12.44212,11.039053,12.16265,9.845711,15.713339,12.745553,17.281971,19.087805,20.409044,20.31842,15.678211,11.884163,17.2192,14.7060995,15.906953,16.515656,18.712994,17.68078,20.621706,22.146875,25.477446,27.2285,26.330505,30.69685,32.168827,31.788635,27.884403,30.078798,25.242298,25.865707,26.809694,28.516045,25.036514,28.729904,25.267603,26.507761,27.002346,25.809305,28.77786,25.950882,27.604895,24.194803,20.43268,20.092688,19.847126,20.400148,22.140911,20.067093,24.010014,23.419268,24.889578,27.918253,25.598116,21.97058,21.853815,18.424236,18.073046,13.688733,15.820851,11.414353,13.783116,14.846521,16.826307,19.210999,21.28344,16.940992,13.7708,12.889795,9.462104,13.0146675,11.049518,14.64354,15.071428,18.844254,21.416111,24.336075,26.497522,24.50653,29.400473,24.100552,28.026407,26.242018,29.151188
19,31.822317,28.940262,27.547676,23.234713,21.486605,23.569626,19.047798,23.60256,21.079296,24.427025,25.4265,22.756926,20.252047,17.888899,14.430749,12.038468,8.669052,5.968996,5.2128386,0.0,4.3117213,6.5842175,9.785212,9.656299,13.795001,13.9395895,14.843835,12.684238,7.9692345,8.299571,9.191212,9.647715,16.103416,15.064084,18.816113,21.330772,23.073582,22.242832,17.988647,13.934862,17.430433,13.84589,14.533247,13.537096,15.784893,13.596046,16.57729,17.659098,20.916382,22.741936,22.075079,26.401524,27.911087,27.986128,24.496773,27.27826,22.722195,23.964462,25.29305,26.348389,22.880653,25.63717,21.66545,22.597317,22.32271,21.31057,24.013063,21.215069,22.531755,19.339281,15.824359,15.266436,15.693263,16.160732,18.957924,17.344896,21.76882,21.931677,23.880444,27.092175,25.512094,21.549755,21.85376,18.009968,16.43818,12.731202,12.867613,7.498903,9.357662,9.87743,12.342147,14.411208,16.989231,13.253251,9.751653,9.314932,5.316938,9.871146,9.156897,12.374868,14.597998,17.431767,20.980175,24.158936,25.557604,23.155289,27.31111,21.40135,25.026623,22.610971,25.376715
20,34.85352,32.186848,31.044998,26.797619,25.180859,27.59234,23.123936,27.87702,25.364113,28.724045,29.586275,26.741373,24.026302,21.424927,18.083227,15.43597,11.922917,9.679554,6.6018825,4.3117213,0.0,4.8714113,5.8597355,6.6004224,11.22574,12.72929,12.980862,10.205304,8.193247,7.280674,10.359532,9.347066,17.212528,16.19144,19.55355,22.45121,23.391026,22.199165,17.916454,13.667823,17.189503,12.917915,14.915287,13.52597,14.285968,12.744885,14.912094,16.249702,19.709742,21.90021,21.597273,26.068401,28.204916,28.513233,24.835804,27.655182,23.429087,24.347887,26.243507,27.775425,24.539322,27.38899,23.318499,24.740356,23.935415,23.714466,26.121292,23.639963,24.181269,21.50422,18.597178,17.510574,18.772896,18.188131,21.931858,19.871853,24.408567,24.661247,26.326572,29.691265,28.016886,24.101187,25.111378,21.29355,19.874565,16.035273,16.445776,10.916145,12.668335,12.12783,14.562239,15.855382,18.755985,15.132042,11.247919,11.999247,8.794477,13.713361,13.44204,16.57025,18.586687,21.345104,24.808458,27.817333,29.305977,27.023544,30.946602,25.04238,28.673729,25.939045,28.748835
21,34.224487,31.587238,31.060415,26.44326,25.50879,27.545763,23.934479,28.25066,26.422321,29.397503,30.706516,27.88607,24.865255,22.723406,18.620441,17.195353,12.561912,11.810734,7.933237,6.5842175,4.8714113,0.0,5.8777447,8.438917,10.856174,12.794382,14.735154,12.929904,11.95119,12.045124,14.767833,14.011206,21.620213,19.862167,23.745384,26.240246,27.154676,26.374142,21.86466,17.684425,21.897312,17.757925,19.706099,18.12714,18.68149,16.551672,18.193096,18.850979,22.305828,24.934124,25.138687,29.541563,31.77326,32.48044,29.120491,32.187927,28.01846,29.115011,30.940916,32.23413,28.909641,31.41324,27.147575,28.030138,26.622364,25.980394,28.023071,25.015512,25.123554,21.84968,19.306189,19.465538,20.854193,21.383026,25.063822,23.625772,28.178743,28.466234,30.35201,33.60827,31.914013,27.996426,28.290545,24.511246,22.98349,19.278938,19.080555,13.515656,13.933886,12.805883,13.804272,15.206822,17.224472,12.934991,9.401469,10.52174,9.061393,13.584733,14.782702,17.983244,20.71401,23.71802,27.257936,30.504864,31.943148,29.43676,33.576927,27.446648,30.715057,28.01057,30.246489
22,37.073822,34.773758,34.222187,30.021538,28.852303,31.668251,27.64529,32.685455,30.646675,34.004486,35.183216,32.41051,29.59193,27.091024,23.488028,21.177029,17.249722,15.469923,11.725364,9.785212,5.8597355,5.8777447,0.0,4.603775,7.338648,10.868627,11.215796,8.889933,11.277709,10.697928,14.802662,13.757361,22.055733,21.247128,24.192183,27.330425,27.629698,26.122448,22.011936,17.849842,20.919884,16.080297,18.922283,16.592516,15.472913,13.998386,14.502564,15.395156,18.862638,21.729664,22.3136,26.707321,29.583508,30.563417,27.15583,30.291594,26.711792,27.592459,30.101534,31.700409,28.74121,31.077599,26.74139,28.203192,26.264162,26.720383,28.459373,26.131361,25.47064,23.255878,21.366875,20.344631,22.630873,21.63026,26.437695,24.513573,29.187439,29.77771,31.42289,34.876945,33.366535,29.450518,30.818138,26.964823,25.291067,21.684471,21.448324,15.773124,16.576748,14.739522,16.462616,16.73417,19.5892,16.360086,12.598903,14.656476,12.873549,17.77835,18.73427,21.673334,24.29952,26.834175,30.515636,33.55453,34.85733,32.461052,36.01405,29.876837,33.187828,29.999763,32.470455
23,34.687008,32.56858,31.808916,28.042322,26.596344,30.027826,25.729729,31.39504,29.395243,33.11054,34.49152,32.135868,29.856447,27.386957,24.085125,21.391653,18.169472,15.329724,13.190256,9.656299,6.6004224,8.438917,4.603775,0.0,5.577687,7.707976,6.950083,4.617472,7.8174205,8.399878,12.200471,12.907783,20.792295,21.24399,23.590649,27.100826,27.814606,25.854452,22.154125,18.036322,19.63897,14.41117,16.663074,13.29101,12.055715,9.743652,10.185052,10.921108,14.417523,17.219978,17.83736,22.205715,25.07449,26.249063,23.106583,26.53555,23.249987,24.494028,27.206451,28.387447,25.56935,27.306543,22.820946,24.262093,21.985666,22.86132,24.454943,22.507795,21.694809,20.091595,18.459238,16.701197,19.459557,17.812618,23.243582,21.459951,26.197165,27.219091,29.013409,32.50994,31.488503,27.500004,29.28476,25.34672,23.151133,20.103477,19.044987,13.583307,14.285378,12.148605,14.579052,14.317637,17.861029,15.60888,11.824996,14.024117,11.946804,16.709988,17.722288,20.142994,23.181173,25.016144,29.017782,32.012474,32.877644,30.41481,33.33882,27.150211,30.28989,26.791283,29.318125
24,33.8189,32.12245,32.09319,28.432451,27.62656,31.33278,27.813677,33.61326,32.390312,36.023434,38.006386,35.953617,33.73281,31.618471,27.870434,25.823788,22.111841,19.686394,17.502413,13.795001,11.22574,10.856174,7.338648,5.577687,0.0,4.8898826,6.5638924,7.433702,12.095132,13.782917,17.08708,18.466671,26.23455,26.70689,29.14844,32.63517,33.372166,31.410294,27.70578,23.572685,25.0948,19.78682,21.862206,17.878906,16.143234,13.1077585,12.197866,11.434752,14.4541445,17.897623,19.54415,23.49158,26.664473,28.65915,26.252668,30.11566,27.36561,28.941113,31.837385,32.56087,29.869877,30.723612,25.974571,26.837118,23.311443,24.318844,25.062664,23.002361,20.972584,19.585052,19.146801,18.187698,21.673035,20.59696,26.534176,25.455751,30.228703,31.624075,33.681534,37.135952,36.42663,32.380154,33.927696,29.935669,27.298393,24.67475,22.573936,17.233791,16.573385,13.389496,14.512262,13.215608,16.292524,14.8403425,11.811256,14.913263,14.500327,18.683413,21.120804,23.233404,27.206863,28.778585,33.103134,36.282284,36.779476,34.05128,36.61332,30.151789,32.698837,28.875643,30.716717
25,29.441502,27.913439,27.864822,24.574387,23.75997,27.903572,24.548306,30.700941,29.864504,33.640415,36.02725,34.50163,32.806602,30.98758,27.349508,25.455114,22.203066,19.327843,18.56868,13.9395895,12.72929,12.794382,10.868627,7.707976,4.8898826,0.0,5.3884645,8.152367,10.89287,14.104553,16.144045,19.19595,26.126625,27.283846,29.582777,33.073933,34.422394,32.403988,28.89135,24.816896,25.628208,20.438066,21.498243,16.963608,16.089659,11.822433,11.333172,9.596714,12.235286,15.499894,17.204905,20.89522,23.644012,25.919674,24.10587,28.29455,25.698055,27.817358,30.534357,30.533932,27.865694,27.892,22.993595,23.256048,19.18045,20.052986,20.465315,18.391632,16.104298,14.928353,14.991082,14.117286,17.992231,17.27939,23.395397,23.001123,27.698357,29.48512,31.8575,35.198788,34.983013,30.90978,32.292442,28.309057,25.127062,23.239782,20.007364,15.238058,13.733,10.122237,11.197982,9.189838,12.71856,12.515624,10.048176,13.075697,13.097862,16.458975,19.43172,20.883991,25.517576,26.428127,31.039541,34.264763,34.253647,31.361511,33.378193,26.84386,28.946178,24.9217,26.451675
26,32.822098,31.305922,30.665794,27.758745,26.298344,30.679276,26.542973,32.954857,31.430458,35.471035,37.331074,35.662235,34.079712,31.8334,28.792845,26.0323,23.467531,19.957165,19.27908,14.843835,12.980862,14.735154,11.215796,6.950083,6.5638924,5.3884645,0.0,4.213415,9.4380045,11.820385,14.301154,17.16911,23.84553,25.794758,27.263035,31.116238,32.140175,29.637503,26.62875,22.816233,22.477682,17.173086,18.514086,13.615436,11.546007,7.8746023,6.205812,4.8934193,8.063061,11.373029,13.020989,16.929258,20.182253,22.303747,20.181696,24.238813,22.064547,23.91557,27.062973,27.413202,25.094398,25.29845,20.600443,21.740747,18.03984,20.011005,20.686646,19.586767,17.60294,17.569662,17.310898,14.717663,18.634684,16.0672,22.651024,21.484041,26.073193,27.906569,29.908747,33.34708,33.187267,29.241528,31.541225,27.636889,24.662922,22.749102,20.198532,15.69955,15.49975,12.625748,15.072956,13.340938,17.361786,17.15251,14.201716,16.734674,15.3835,19.180038,20.837059,22.285227,26.069527,26.7654,31.169281,34.06241,34.142555,31.560236,33.256157,27.076328,29.536661,25.445185,27.62174
27,35.20545,33.344334,32.335903,29.143747,27.370287,31.354008,26.74543,32.881046,30.75907,34.759106,36.09303,34.018208,32.176914,29.611876,26.808914,23.629583,21.214373,17.68291,16.529253,12.684238,10.205304,12.929904,8.889933,4.617472,7.433702,8.152367,4.213415,0.0,7.515464,8.362973,11.795141,13.5058775,20.587158,22.28052,23.690483,27.577156,28.29595,25.78866,22.731258,18.93736,18.836195,13.444957,15.439014,11.120545,8.725018,6.34587,5.6600294,6.7774897,10.234364,12.913329,13.627917,17.940317,21.111464,22.466093,19.492947,23.070173,20.40983,21.75449,24.88957,25.919418,23.489197,24.719582,20.280098,22.07294,19.528038,21.320877,22.702076,21.547554,20.463,19.966486,18.770061,15.874522,19.092712,16.129782,22.223223,20.286165,24.887638,26.285048,27.969711,31.490517,30.893623,26.996758,29.519598,25.65394,23.212536,20.71323,19.323929,14.543805,15.469692,13.346532,16.368912,15.480466,19.51772,18.314222,14.793808,16.924686,14.618679,18.98179,19.638325,21.531229,24.463501,25.612703,29.677206,32.435154,32.977776,30.631338,32.82631,26.84797,29.866983,26.098724,28.797237
28,31.191471,28.844015,27.135406,23.862116,21.547709,25.137424,20.01749,25.980286,23.47464,27.536528,28.720064,26.80289,25.323902,22.88067,20.446108,17.144884,15.620842,11.421932,12.44212,7.9692345,8.193247,11.95119,11.277709,7.8174205,12.095132,10.89287,9.4380045,7.515464,0.0,4.7299814,5.2549095,9.469283,15.340637,17.227556,19.061237,22.597162,24.359943,22.315636,19.12534,15.375622,15.476706,10.868255,10.942056,7.2638555,9.1957445,5.8217506,9.313941,10.561009,13.53324,14.9319725,14.106711,18.45433,20.190891,20.57024,17.289839,20.61787,16.755657,18.511625,20.672361,21.277706,18.23558,19.969631,15.566888,17.041382,16.066818,16.542994,18.985481,17.351114,18.121716,16.672064,13.976654,10.94241,12.833843,10.550897,15.557291,13.654048,18.408607,19.587755,21.587824,25.043684,24.423529,20.379246,22.328009,18.392231,15.80922,13.393887,11.9243765,7.2623477,9.28936,8.843686,12.886037,13.35736,17.297056,15.689768,12.2802105,12.93481,9.39938,13.197477,12.698422,14.377223,17.056341,18.106201,22.185526,25.01921,25.573942,23.204027,25.789452,19.825504,23.220995,19.903414,23.026985
29,35.63658,33.13437,31.253092,27.835669,25.390425,28.487465,23.115633,28.524708,25.369726,29.248598,29.68073,27.190163,25.305227,22.36777,20.35607,16.406612,15.142545,11.17942,11.039053,8.299571,7.280674,12.045124,10.697928,8.399878,13.782917,14.104553,11.820385,8.362973,4.7299814,0.0,4.8774805,5.3948774,12.516938,14.012879,15.637635,19.366396,20.493946,18.318962,15.037424,11.232295,11.686608,6.771925,8.380462,6.419374,7.720358,7.3665047,10.493745,12.858679,15.892901,17.109652,15.920889,20.327608,22.262512,22.013544,17.954153,20.509342,16.38945,17.213339,19.45535,21.152008,18.205017,21.2281,17.456697,19.787516,19.77064,20.481112,23.196194,21.805416,22.775404,21.363188,18.431768,15.361794,16.606989,13.80094,17.891157,14.923305,19.341743,19.854382,21.205658,24.73114,23.466469,19.605436,22.064295,18.318655,16.776594,13.481539,14.209709,9.857848,13.016424,13.116864,16.958029,17.712528,21.4851,19.182854,15.466669,15.977391,11.932988,16.129206,14.407949,16.648499,17.806623,19.504837,22.880255,25.38854,26.600796,24.67132,27.727613,22.314758,26.191236,23.311878,26.81177
30,33.08723,30.477276,28.087183,25.024624,22.145277,25.179424,19.461973,24.88161,21.48997,25.531116,25.908642,23.81744,22.57185,19.814005,18.406721,14.313302,14.3594055,9.79546,12.16265,9.191212,10.359532,14.767833,14.802662,12.200471,17.08708,16.144045,14.301154,11.795141,5.2549095,4.8774805,0.0,6.4908466,10.275261,12.921873,14.268432,17.77243,19.920214,17.918158,15.10556,11.890855,11.255733,7.868573,6.4094687,5.0605626,9.4236555,8.313854,12.41517,14.406226,16.907034,17.348951,15.437593,19.496895,20.470215,19.689491,15.762434,18.172735,13.535967,14.888364,16.41834,17.47176,14.206106,17.25761,13.651436,15.804907,16.9016,17.03866,20.257654,18.995245,20.983286,19.55969,16.112274,12.712067,12.924223,10.124436,13.200561,10.133679,14.592183,15.175474,16.824005,20.321468,19.384552,15.390138,17.7738,13.980233,12.082264,9.330353,9.886927,6.9299164,10.837171,12.152326,16.296787,17.439188,21.077602,19.214544,16.012348,15.685896,11.400651,14.38384,11.706622,13.221922,14.019298,15.078864,18.512997,20.958532,21.909218,20.004412,22.88956,17.660553,21.681564,19.077396,22.869455
31,38.640717,35.834114,33.582737,30.051586,27.383373,29.682829,24.102158,28.60396,24.73379,28.273632,27.813612,24.809856,22.678062,19.340916,18.137823,13.605931,13.378282,9.957591,9.845711,9.647715,9.347066,14.011206,13.757361,12.907783,18.466671,19.19595,17.16911,13.5058775,9.469283,5.3948774,6.4908466,0.0,8.359441,8.820713,10.696186,14.249064,15.230803,13.407744,9.768896,5.928746,7.9469686,4.9622545,6.796106,8.7168255,10.953242,12.185235,15.395234,18.050587,20.905167,21.691898,19.94303,24.11448,25.56809,24.459175,19.92818,21.438572,16.782965,16.735743,18.199297,20.737162,17.72375,22.131739,19.24996,21.905983,23.288359,23.511719,26.73327,25.308489,27.07405,25.30119,21.753138,18.94776,19.017738,16.579258,18.847967,15.20995,18.937023,18.478222,19.205183,22.58843,20.510153,16.95197,19.386236,16.02915,15.82439,11.779654,14.918934,11.6044445,15.642899,16.795727,20.484632,21.90119,25.303173,22.399765,18.787651,18.548489,14.102667,17.819563,14.547574,17.045912,16.297401,18.652561,21.037178,23.152187,25.11477,23.705547,27.444391,22.802713,27.143007,25.039211,28.876001
32,40.67236,37.744263,34.654087,31.828901,28.54111,30.276834,24.352922,27.95203,23.233234,26.532658,24.912622,22.158085,21.02554,17.63993,18.657778,13.707279,16.456991,13.356558,15.713339,16.103416,17.212528,21.620213,22.055733,20.792295,26.23455,26.126625,23.84553,20.587158,15.340637,12.516938,10.275261,8.359441,0.0,6.0835457,4.467542,8.004046,10.596993,8.859936,7.6278214,7.547794,5.4805555,8.554977,6.2137914,11.467018,15.262076,17.123247,20.752361,23.470894,25.601465,25.252335,22.48853,25.8342,26.038692,23.585794,18.990673,18.88992,13.907208,13.04722,12.67781,15.744497,12.978938,18.837988,17.757591,20.763527,24.35867,24.241608,28.004631,27.229702,30.204445,28.777777,24.820793,21.62469,20.211748,17.546085,17.02004,12.716189,14.516714,12.866017,12.421724,15.464923,12.830228,9.953651,13.478042,11.280505,12.819001,9.833543,15.027445,14.863218,19.317305,21.66667,25.507633,27.234783,30.471003,28.01065,24.92315,23.85609,19.327383,21.473677,16.630272,17.99455,14.7366,16.246214,16.984844,17.920433,20.276026,19.918543,23.427843,20.606985,25.199617,24.200855,28.525188
33,42.149517,38.959667,36.167797,32.704166,29.810486,30.739325,25.248257,27.931925,23.195663,25.88203,23.910969,20.316841,18.143915,14.46443,15.348682,10.619952,13.122962,11.591713,12.745553,15.064084,16.19144,19.862167,21.247128,21.24399,26.70689,27.283846,25.794758,22.28052,17.227556,14.012879,12.921873,8.820713,6.0835457,0.0,5.1445327,6.3927736,8.469401,8.8040495,5.2980766,5.1665707,9.052732,11.328413,10.982659,15.544513,18.812431,20.33204,23.86791,26.50259,29.137247,29.424269,27.093275,30.827074,31.374847,29.275528,24.693396,24.89291,19.885529,19.049105,18.667976,21.670126,18.758495,24.447332,22.984735,25.489023,28.634981,27.928616,31.699856,30.185106,33.10029,30.829575,26.597103,24.398113,22.851421,21.460295,20.843475,17.11749,19.159437,17.127348,16.872463,19.4872,16.087122,13.5682125,15.023212,13.009367,15.263387,11.183585,17.078403,16.024601,20.31096,22.705795,25.999681,28.206573,30.974493,27.641148,24.558655,23.247257,18.875498,21.126461,16.16669,18.338692,14.57382,17.561752,17.834105,19.039404,22.16552,21.745054,26.391764,23.367384,28.007212,27.30098,31.324982
34,44.68956,41.65303,38.566135,35.587727,32.378006,33.67944,27.902607,30.858002,25.935091,28.788383,26.539053,23.362051,21.896679,18.34675,19.90028,15.0974,18.005766,15.8293295,17.281971,18.816113,19.55355,23.745384,24.192183,23.590649,29.14844,29.582777,27.263035,23.690483,19.061237,15.637635,14.268432,10.696186,4.467542,5.1445327,0.0,4.2969294,6.141535,4.937557,4.65736,7.041054,6.427902,10.882074,9.970414,15.338021,18.374168,20.846123,24.19895,27.113031,29.337267,29.068787,26.345516,29.65954,29.981539,27.34467,22.63557,21.977617,17.337896,15.7323065,15.059109,18.76799,16.463654,22.628782,21.985067,25.085106,28.805561,28.680386,32.464096,31.624735,34.590446,33.007286,28.964476,25.978086,24.497164,22.012436,21.218147,16.97733,18.228104,16.070343,14.9374895,17.421015,14.051161,12.225327,15.318255,13.962028,16.410038,13.283219,19.038261,18.713705,23.17035,25.505718,29.193714,31.060211,34.18595,31.333712,28.160727,27.057386,22.543976,24.802313,19.782585,21.416494,17.456396,19.447172,19.342758,19.809813,22.732014,22.818758,26.640965,24.381914,29.003044,28.337769,32.643616
35,46.461475,43.27284,40.065487,37.068275,33.89163,34.540924,29.00953,31.049438,25.942572,28.247952,25.346056,21.973864,20.536402,17.098352,19.516909,15.18625,18.771833,17.477905,19.087805,21.330772,22.45121,26.240246,27.330425,27.100826,32.63517,33.073933,31.116238,27.577156,22.597162,19.366396,17.77243,14.249064,8.004046,6.3927736,4.2969294,0.0,4.652463,6.3175426,6.804568,9.90241,10.687124,15.084808,14.023978,19.357012,22.62007,24.854828,28.329885,31.159264,33.42928,33.157578,30.382292,33.616287,33.66904,30.844723,26.28697,25.34977,20.74494,19.113237,17.717834,21.214926,19.018103,25.2646,25.036043,27.83654,31.98116,31.395004,35.311104,34.300995,37.625446,35.72763,31.461777,28.903418,26.910492,25.094702,23.350458,19.435177,20.0305,17.305424,15.846074,17.6521,13.684804,12.776696,14.778452,14.358107,17.697536,14.802236,21.040443,21.259256,25.61144,28.27926,31.713493,33.890114,36.707443,33.62883,30.669415,29.211695,24.83931,26.600447,21.252375,22.77596,17.92872,20.14661,19.045221,19.016747,22.445013,22.9881,27.198725,25.660454,30.245544,30.178804,34.400204
