,0,1,2,3,4,5,6,7,8,9,10,11,12,13,14,15,16,17,18,19,20,21,22,23,24,25,26,27,28,29,30,31,32,33,34,35,36,37,38,39,40,41,42,43,44,45,46,47,48,49,50,51,52,53,54,55,56,57,58,59,60,61,62,63,64,65,66,67,68,69,70,71,72,73,74,75,76,77,78,79,80,81,82,83,84,85,86,87,88,89,90,91,92,93,94,95,96,97,98,99,100,101,102,103,104,105,106,107,108,109
0,0.0,3.8515682,7.2928677,10.513074,13.91912,16.382046,18.736471,23.337345,25.717327,29.597948,32.538647,35.13561,33.071983,33.12883,25.781185,27.899021,24.303837,24.382065,20.538113,20.193213,19.6592,16.552473,20.676664,20.448582,18.219248,18.737246,20.076916,20.296574,24.857845,24.206501,30.505375,32.203686,36.34564,40.098663,38.684513,35.933613,39.895535,42.66629,38.45879,36.461292,42.031883,41.399162,37.25775,39.116055,43.826824,41.053585,37.58841,42.190067,44.71072,48.29284,45.415325,40.251854,44.596638,46.383526,41.68548,38.65939,37.556385,37.69977,42.541122,44.49479,39.471592,44.20209,44.80316,48.34309,45.468952,41.899788,43.750835,41.72807,37.500797,39.083797,39.3393,37.00535,33.564373,34.009686,33.718575,32.57326,30.969952,32.52751,29.057571,31.711668,29.012178,29.32359,28.042204,27.818857,29.830538,25.875647,28.523138,27.24552,28.355978,29.942734,30.856834,30.273794,30.356884,31.44929,34.921368,36.08432,32.865757,34.685318,39.886147,39.60961,35.527016,36.31639,36.327923,31.802727,31.814611,27.462225,27.415777,22.729486,23.560776,19.176497
1,3.8515682,0.0,4.9306855,7.0368333,10.199539,13.228534,15.027204,19.877943,22.038877,26.038773,28.898449,31.608398,29.737078,29.8857,22.581753,24.718405,21.393389,21.430212,18.25797,17.84269,18.114937,15.414315,20.245388,18.914661,16.27725,16.388962,17.09759,16.903355,21.402723,20.472208,26.943,28.387133,32.599022,36.33156,35.069225,32.367977,36.350307,39.199493,35.140083,33.145325,38.720085,38.324905,34.237377,36.083336,40.78704,38.370934,34.987724,39.44753,42.11208,45.894245,42.930454,38.083054,42.534252,44.176563,39.510597,36.517666,35.03888,35.30622,40.30097,41.9212,36.669685,41.547283,42.10463,45.55345,42.453667,38.841263,40.886143,38.77532,34.562717,36.513206,36.75719,34.21459,30.83542,31.792025,31.286806,30.631273,28.944918,30.20092,27.129313,29.454485,26.801085,27.304825,25.49307,25.1895,27.051714,23.447401,25.762648,24.984625,25.888882,27.763397,28.338432,27.562374,27.323769,28.289625,31.772604,32.907394,29.502876,31.281523,36.54348,36.204895,31.943768,32.70525,32.732235,28.185812,28.207537,23.973566,24.118317,19.345812,20.618525,16.250244
2,7.2928677,4.9306855,0.0,4.447936,8.449894,10.029818,12.8161745,16.773668,19.614115,23.224243,26.564281,29.035017,26.924936,27.46091,20.064938,23.230747,20.010921,21.068155,17.83465,18.905806,19.638344,17.440426,22.668272,21.34772,18.82623,18.030727,18.58961,17.199352,21.402061,19.819557,26.316227,27.220633,30.951263,35.15516,34.347534,31.270292,34.91626,38.347103,34.479137,32.0451,37.436607,37.860195,33.602074,34.77688,39.703217,37.95177,33.913773,38.000042,41.127,44.97424,42.5377,37.44728,42.462257,44.282715,39.96822,37.406635,35.500507,36.388943,41.332676,42.283787,37.294044,42.511417,43.351974,46.482094,42.962208,39.5474,42.19428,40.175365,35.76103,38.06932,38.724834,36.07488,32.50697,34.092922,32.94913,32.736137,30.638332,31.148409,28.147331,29.59527,26.519913,26.466347,24.394157,24.769417,27.14848,23.985851,26.86627,26.963787,28.072706,30.481466,30.81605,29.93059,28.987787,29.898064,33.340424,34.148285,30.382317,32.309376,37.56005,36.85548,32.119503,33.039833,33.127922,28.578257,28.605818,24.913994,25.273083,20.479753,22.47859,18.150728
3,10.513074,7.0368333,4.447936,0.0,4.005556,6.6127987,8.476733,12.930626,15.394512,19.217072,22.352615,24.9725,23.10318,23.620007,16.315964,19.304432,16.461542,17.38484,15.165178,16.09623,17.752405,16.202374,21.829584,19.409607,16.657713,15.345178,15.18944,13.201754,17.201698,15.408689,21.947142,22.808285,26.556305,30.716232,29.927748,26.898357,30.591158,34.01623,30.267214,27.881094,33.28382,33.84707,29.683426,30.918736,35.78345,34.341034,30.516544,34.472485,37.663277,41.702362,39.10636,34.456474,39.464836,41.086365,36.815548,34.29617,32.029064,33.02586,38.067028,38.691597,33.513927,38.828224,39.637657,42.649933,38.947723,35.530556,38.366867,36.32466,31.922287,34.544006,35.24956,32.474262,28.947187,31.035208,29.633465,29.934586,27.774782,27.939089,25.44849,26.525269,23.608639,23.869802,21.195776,21.394545,23.528532,20.840094,23.307884,23.987291,24.918121,27.631239,27.66208,26.678888,25.307564,26.196249,29.582144,30.20725,26.310701,28.37944,33.519928,32.667946,27.818869,28.874088,29.10774,24.573612,24.4532,21.093302,21.371506,16.649473,19.059855,14.9497385
4,13.91912,10.199539,8.449894,4.005556,0.0,5.3679547,4.8383465,10.082802,11.842452,15.945109,18.755852,21.570581,20.041555,20.52058,13.480172,16.109764,13.838521,14.486709,13.662625,14.274325,16.88039,16.053886,21.797588,18.35029,15.454124,13.669423,12.585454,9.874195,13.521182,11.429642,18.053276,18.846535,22.664955,26.737207,25.96562,23.028273,26.79572,30.182283,26.578587,24.284866,29.694563,30.381403,26.358065,27.69446,32.454086,31.338705,27.818909,31.614475,34.835926,39.058952,36.277283,32.15063,37.084946,38.475033,34.257023,31.776041,29.148039,30.219872,35.341743,35.6435,30.254816,35.636574,36.38553,39.279747,35.404156,31.974615,34.978973,32.901814,28.550526,31.505362,32.225395,29.319942,25.888485,28.49566,26.864391,27.713943,25.543379,25.364447,23.484259,24.1797,21.518932,22.156452,18.869097,18.810463,20.574358,18.484993,20.357075,21.66184,22.34382,25.32518,25.014692,23.922571,22.110426,22.946987,26.24781,26.695389,22.671621,24.863585,29.876978,28.889416,23.929943,25.11269,25.499687,21.003395,20.718983,17.755257,17.960438,13.392107,16.27387,12.586299
5,16.382046,13.228534,10.029818,6.6127987,5.3679547,0.0,5.694944,7.4222527,10.779704,13.759328,17.177855,19.281809,16.934023,17.50123,10.146048,14.121481,11.538009,13.884818,12.171952,15.072518,17.380415,17.01529,22.599287,20.062191,17.907291,15.399182,15.370836,12.002975,14.926988,13.144188,18.451952,19.712635,22.205822,26.925642,26.162214,22.52775,25.698103,29.61213,25.950745,23.043743,28.145887,29.468578,25.14091,25.574608,30.615337,29.844765,25.370745,28.882298,32.47948,36.550446,34.535267,29.785349,35.311962,37.073143,33.339016,31.475279,28.72262,30.565714,35.33339,35.07542,30.520899,36.13127,37.43306,39.922184,35.83176,32.88375,36.506508,34.86406,30.133274,32.920483,34.443127,31.870506,27.939602,30.684774,28.294838,29.14753,26.455906,25.493256,23.304258,23.042648,19.794773,19.512787,16.397488,17.426626,20.15965,18.32095,21.581224,23.476723,24.88773,28.304834,28.27257,27.53796,25.086452,26.367733,29.47162,29.120169,25.086031,28.040447,32.469967,30.830051,25.757622,27.665213,28.450308,24.162788,23.455317,21.498646,20.869406,16.83204,19.503876,15.955361
6,18.736471,15.027204,12.8161745,8.476733,4.8383465,5.694944,0.0,5.8872085,7.0374928,11.245317,14.059094,16.9676,15.776156,16.61408,10.144703,13.180441,12.088327,13.203709,14.125524,15.273913,18.708248,18.744373,24.3768,20.327066,17.614607,15.208242,13.2754345,9.350822,11.514319,8.391138,14.724897,14.727943,18.1708,22.498219,22.19854,19.139566,22.665323,26.451376,23.277956,20.80072,25.974522,27.462023,23.5875,24.49581,29.21251,29.021204,25.486132,28.718748,32.26638,36.693512,34.091965,30.491999,35.609344,36.82878,32.97364,30.86283,27.632982,29.151321,34.200073,33.710724,28.362207,33.913895,34.74555,37.2555,32.966522,29.71688,33.23518,31.207726,26.929134,30.4129,31.352432,28.311857,25.02866,28.461985,26.297155,27.943012,25.628159,24.649117,23.55647,23.255177,20.735144,21.384012,17.354088,17.50448,19.080215,18.159052,19.57755,22.008745,22.490631,25.863811,25.07375,23.833664,21.234304,21.879951,24.903658,24.955486,20.683296,22.960915,27.684393,26.33406,21.00997,22.380812,22.95371,18.692589,18.26731,16.399727,16.768513,12.886598,16.468473,13.751694
7,23.337345,19.877943,16.773668,12.930626,10.082802,7.4222527,5.8872085,0.0,4.3777494,6.52991,10.349124,12.499765,10.783589,12.337716,6.6056776,11.424451,11.33964,14.038739,15.318512,18.10824,21.53452,22.165579,27.542301,23.921396,21.786327,18.824255,17.364128,12.990633,13.648427,10.683094,14.699293,14.322546,15.875579,20.937803,21.149355,17.46854,20.05831,24.645277,21.899189,18.776068,23.305002,26.051361,22.141922,21.82884,26.678633,27.570963,23.28306,25.696857,29.814554,34.22147,32.44646,28.79314,34.443165,35.822403,32.669724,31.324314,27.676462,30.043924,34.67321,33.217094,28.669502,34.393494,35.683987,37.58558,32.909733,30.234777,34.490517,32.855755,28.45799,32.05704,33.682606,30.866245,27.409634,31.294788,28.36136,30.39787,27.696722,25.722324,24.899975,23.280846,20.509748,20.415396,16.167833,17.354532,19.47078,19.523424,21.619774,24.942118,25.8081,29.563545,28.75013,27.702051,24.383663,25.190908,27.815063,27.082296,22.826366,25.56126,29.535141,27.511595,22.051247,24.001423,24.928751,21.20523,20.457905,20.031689,19.941488,17.003933,20.490288,18.309658
8,25.717327,22.038877,19.614115,15.394512,11.842452,10.779704,7.0374928,4.3777494,0.0,4.5972767,7.1452713,10.189919,9.849495,11.329841,7.521192,10.440542,11.77788,13.396575,16.494617,18.186161,22.203676,23.227327,28.435701,23.958237,21.719446,18.804972,16.364397,11.933972,11.294832,7.7896404,11.219945,9.953986,11.859052,16.733007,17.19542,13.889851,16.717726,21.179852,18.849895,16.095545,20.597012,23.453476,19.985615,20.046066,24.526842,25.876362,22.454348,24.601862,28.563591,33.18818,30.962082,28.298405,33.52425,34.465755,31.313087,29.884941,25.896734,28.091486,32.78829,31.072792,26.09841,31.721575,32.7406,34.54571,29.724367,26.95381,31.227434,29.449806,25.382687,29.42377,30.79473,27.7894,24.776873,29.166674,26.258358,28.904205,26.455462,24.33367,24.403332,22.637966,20.525517,21.136314,16.40242,16.875874,18.028378,18.951925,19.731022,23.545353,23.858538,27.603916,26.32087,25.079636,21.482176,21.983194,24.349146,23.579641,19.281363,21.815327,25.597635,23.563824,18.001465,19.894632,20.925352,17.46822,16.624966,16.936794,17.075285,14.873596,18.629211,17.368687
9,29.597948,26.038773,23.224243,19.217072,15.945109,13.759328,11.245317,6.52991,4.5972767,0.0,4.310312,6.246787,5.9493046,8.410573,7.477644,10.634552,12.922919,15.302728,18.54148,21.057695,24.952833,26.33223,31.278246,27.108774,25.2673,22.107811,20.050625,15.65195,14.262033,11.512854,12.439271,11.031827,10.45593,15.798227,16.743637,13.073126,14.708825,19.81827,18.080149,14.903915,18.504938,22.52459,19.249449,18.195261,22.576866,24.986174,21.182371,22.422771,26.784527,31.347233,29.805637,27.348131,32.824066,33.809444,31.308245,30.524847,26.275434,29.068466,33.31589,30.805399,26.598434,32.196865,33.549534,34.802628,29.7469,27.54317,32.31453,30.902292,26.877745,30.905464,32.770016,30.019033,26.976488,31.589203,28.189178,31.086004,28.438704,25.633614,25.991549,23.286388,21.183847,21.311262,16.627083,17.753752,19.113773,20.793411,21.924484,26.225275,26.78406,30.695984,29.432524,28.37489,24.39194,25.01814,26.996492,25.625633,21.560778,24.366877,27.363691,24.832155,19.467943,21.783632,23.090452,20.257235,19.178013,20.500158,20.237215,18.741896,22.220024,21.278202
10,32.538647,28.898449,26.564281,22.352615,18.755852,17.177855,14.059094,10.349124,7.1452713,4.310312,0.0,3.7090027,5.9881434,7.6327314,9.616926,10.398703,13.878014,15.374132,19.86531,21.685051,25.844648,27.650322,32.234505,27.600794,25.936739,22.808474,20.347805,16.250278,13.667446,11.543514,10.08362,8.611758,6.3603063,11.755297,12.777739,9.286593,10.609507,15.764819,14.619798,11.762291,14.932125,19.308413,16.620577,15.659271,19.510265,22.571947,19.656786,20.401207,24.556194,29.23702,27.420992,26.01605,31.023506,31.598654,29.320715,28.68876,24.153463,26.952234,31.004648,28.04853,23.83609,29.24162,30.50564,31.456663,26.263567,24.256657,29.193554,27.899418,24.182238,28.42879,30.328554,27.66026,24.958862,29.931408,26.389133,29.805044,27.341879,24.219864,25.438448,22.38285,20.9754,21.616793,16.788055,17.377264,17.864887,20.49535,20.649282,25.39776,25.660793,29.55377,28.0331,27.033037,22.736729,23.322168,24.841803,23.035885,19.248716,22.213713,24.433645,21.60075,16.505629,19.207554,20.889357,18.677465,17.212715,19.628977,18.973238,18.533844,21.760704,21.695253
11,35.13561,31.608398,29.035017,24.9725,21.570581,19.281809,16.9676,12.499765,10.189919,6.246787,3.7090027,0.0,4.092716,5.998675,10.572419,11.291598,14.971862,17.001715,21.209913,23.673368,27.591927,29.607327,33.943188,29.709545,28.389626,25.105959,23.13464,19.10525,16.459152,14.936984,12.458566,11.831688,7.872847,12.899294,13.839679,10.147075,9.927004,15.430577,14.683717,11.49087,13.537483,18.81697,16.292004,14.213456,17.923063,21.767408,18.465696,18.380592,22.830864,27.356264,26.233704,24.887537,30.07135,30.752094,29.066854,29.010891,24.435556,27.71722,31.29484,27.778706,24.456236,29.75271,31.379627,31.880138,26.646227,25.220821,30.464403,29.577831,25.826214,29.79813,32.18077,29.853943,26.995302,31.898968,28.001371,31.400856,28.759233,25.182844,26.439793,22.731024,21.306864,21.490578,16.973957,18.104858,18.889751,21.846693,22.546972,27.443867,28.047985,32.033943,30.707775,29.956787,25.50542,26.35139,27.660835,25.380316,21.909838,25.214773,26.803345,23.610622,18.966337,22.034443,23.915567,22.033049,20.382055,23.127977,21.984497,21.781845,24.692478,24.624174
12,33.071983,29.737078,26.924936,23.10318,20.041555,16.934023,15.776156,10.783589,9.849495,5.9493046,5.9881434,4.092716,0.0,3.5173416,7.689045,9.5539255,12.52359,15.490152,18.667303,22.027617,25.559042,27.488882,31.81438,28.22372,27.110868,23.679451,22.474798,18.374544,16.461643,15.28421,13.628294,14.401233,11.41315,16.556322,16.628448,12.366395,12.573257,17.814037,16.066574,12.350586,14.943792,19.620173,16.351522,13.954713,18.369968,21.380972,16.968203,17.386904,22.069557,26.432611,25.709913,23.199919,28.915499,30.082945,28.336699,28.365238,24.089663,27.612885,31.165037,27.96577,25.052608,30.54745,32.513283,33.19465,28.158106,26.761047,31.994356,31.276375,27.01803,30.510565,33.252518,31.140429,27.684263,32.14506,28.104645,30.96473,28.018122,24.451765,24.942722,21.176476,19.145945,18.708206,14.4491825,16.30965,18.0412,20.37941,22.32821,26.939034,28.12423,32.23181,31.380615,30.881191,26.540405,27.838066,29.479351,27.123022,23.591442,27.40349,29.264269,26.030159,21.373674,24.708458,26.61233,24.208445,22.457804,24.530602,22.869068,22.059301,24.753706,24.040709
13,33.12883,29.8857,27.46091,23.620007,20.52058,17.50123,16.61408,12.337716,11.329841,8.410573,7.6327314,5.998675,3.5173416,0.0,7.4232635,7.2965255,10.649162,13.3877,16.833061,20.14929,23.546503,25.803802,29.718325,26.251633,25.521318,22.041487,21.227415,17.47712,15.322568,15.21198,12.437985,15.037379,11.92286,16.661158,15.579776,11.0503845,11.33406,16.055147,13.656038,9.754958,12.6199875,16.706915,13.185616,10.743844,15.448372,17.986078,13.468628,14.194821,18.774103,23.181257,22.309454,19.722178,25.407644,26.611916,24.883718,25.048435,20.834946,24.539787,27.906385,24.717316,22.162083,27.644075,29.852005,30.49524,25.612082,24.414696,29.694662,29.28301,24.802633,27.905613,31.029182,29.272566,25.525229,29.77024,25.505894,28.264526,25.22948,21.431713,22.014978,17.942204,16.099157,15.77941,11.593161,13.440538,15.1775875,17.788633,20.004017,24.651152,26.14208,30.294388,29.731813,29.587694,25.169329,26.939327,28.490978,25.671644,22.46084,26.947258,28.325655,24.832563,20.630287,24.563284,26.808407,24.426456,22.23667,24.449448,21.823925,21.361052,23.483871,22.95321
14,25.781185,22.581753,20.064938,16.315964,13.480172,10.146048,10.144703,6.6056776,7.521192,7.477644,9.616926,10.572419,7.689045,7.4232635,0.0,5.829982,6.134351,9.8998995,11.636878,15.411703,18.685553,20.217684,24.879957,21.639608,20.421679,16.9856,16.544594,12.487288,12.229468,11.555466,12.509389,15.149929,14.999021,20.039642,18.86259,14.500143,16.734093,21.008757,17.593653,14.083699,18.609835,20.942562,16.689146,16.034344,21.115189,21.58616,16.822344,19.441574,23.494804,27.785637,26.238693,22.273783,28.089457,29.652382,26.801743,25.938427,22.325413,25.27615,29.45785,27.733934,24.093653,29.847752,31.718237,33.317436,28.770296,26.645903,31.259573,30.293081,25.436821,28.41474,30.97591,28.850073,24.742691,28.423218,24.77813,26.724564,23.643877,20.942566,20.14724,17.615366,14.763799,14.412906,10.051,11.866781,14.576005,15.144219,18.305803,22.035967,23.695818,27.764423,27.497047,27.180891,23.3808,25.161345,27.491758,25.598467,21.85568,26.051706,28.844948,26.064009,21.267227,24.567236,26.313046,22.903742,21.145088,21.65139,19.445934,17.428282,19.826242,18.05277
15,27.899021,24.718405,23.230747,19.304432,16.109764,14.121481,13.180441,11.424451,10.440542,10.634552,10.398703,11.291598,9.5539255,7.2965255,5.829982,0.0,4.4669104,6.0962934,10.489009,12.928606,16.552181,18.921646,22.823227,18.989407,18.298723,14.830206,14.329999,11.035625,9.330628,10.813918,8.85403,14.172429,13.635315,17.796621,15.155045,10.850244,13.509521,16.722628,12.56926,9.37424,14.497659,15.565344,11.194485,11.625287,16.550917,16.255379,12.43875,15.66992,19.088087,23.555634,21.179634,17.957668,23.207342,24.419136,21.357323,20.40264,16.58868,19.578243,23.729218,22.013931,18.294874,24.041306,26.024319,27.601307,23.19673,21.185732,25.837776,25.200766,20.180082,22.891384,25.841793,24.120186,19.804266,23.530312,19.525381,21.79449,18.730661,15.573097,15.638535,12.670167,10.703379,11.61997,6.6499543,7.178844,9.075138,10.843724,13.451712,17.70637,19.488106,23.659914,23.53544,23.680162,19.5767,21.959291,23.937956,21.274595,18.07548,23.21778,25.04965,21.891214,17.851028,22.02225,24.338432,21.302433,18.800707,20.042782,16.29099,15.475415,16.925543,16.161346
16,24.303837,21.393389,20.010921,16.461542,13.838521,11.538009,12.088327,11.33964,11.77788,12.922919,13.878014,14.971862,12.52359,10.649162,6.134351,4.4669104,0.0,4.6931033,6.279859,10.035844,13.093224,15.176083,19.296436,16.21064,15.65033,12.1045685,12.872421,9.9155035,10.130186,11.833082,12.042721,17.270351,17.682787,21.899471,19.19727,15.102804,17.959856,20.908392,16.420782,13.505174,18.607145,18.83389,14.251233,14.984525,19.940994,18.392494,14.073508,18.11727,21.215641,25.30179,23.008854,18.548271,23.943735,25.606333,22.13622,20.825731,17.806822,20.449427,24.705341,23.930033,20.344164,25.98925,28.009464,30.000988,26.044996,23.849007,28.017729,27.340738,22.078205,24.17995,27.07905,25.48734,20.76521,23.651934,19.968817,21.256521,18.007465,15.577395,14.146458,12.187641,9.179476,9.60483,5.266034,6.3498487,9.728467,9.259144,13.665225,16.852613,19.238308,23.29712,23.754076,24.086826,20.5344,23.18414,25.569208,23.292707,20.10504,25.210266,27.576416,24.767286,20.784298,24.66675,26.747635,23.228231,20.932404,21.075394,17.210432,15.406432,16.464752,14.628729
17,24.382065,21.430212,21.068155,17.38484,14.486709,13.884818,13.203709,14.038739,13.396575,15.302728,15.374132,17.001715,15.490152,13.3877,9.8998995,6.0962934,4.6931033,0.0,6.6073556,6.9656854,10.873009,13.4036665,17.17048,12.913638,12.374216,8.940285,9.268172,7.335573,7.0677056,10.460537,10.084192,16.457617,17.656126,20.99935,17.548235,14.17172,17.715542,19.609447,14.790804,12.852864,18.324509,17.135893,12.87911,15.210345,19.578749,17.1068,14.444073,18.93321,21.198586,25.33688,21.974928,18.43372,22.839144,24.017672,19.892466,17.816402,14.895357,16.7691,21.486517,21.407465,16.942408,22.485882,24.170588,26.580978,22.921,20.321796,24.024258,23.229977,17.920803,19.912878,22.580307,21.029537,16.205645,19.007658,15.493796,16.914284,13.878153,11.884235,11.029248,10.138697,8.37856,10.690284,6.8164544,4.76566,6.301028,5.5955863,9.036955,12.289414,14.57129,18.654184,19.179571,19.73315,16.264206,19.285763,21.628807,19.280909,16.41616,21.871058,24.013844,21.383598,17.931347,21.948858,24.17397,20.73577,18.145357,18.20871,13.380271,12.138361,12.362317,11.200254
18,20.538113,18.25797,17.83465,15.165178,13.662625,12.171952,14.125524,15.318512,16.494617,18.54148,19.86531,21.209913,18.667303,16.833061,11.636878,10.489009,6.279859,6.6073556,0.0,6.1888194,7.5171547,9.325419,13.385089,11.535604,11.586049,8.3857,11.53975,10.403546,12.5616,14.980197,16.464823,22.031479,23.379818,27.223856,24.059124,20.421776,23.617023,25.826796,20.927404,18.63884,23.775532,22.571014,18.09272,19.664267,24.266487,21.027576,17.16812,22.031054,24.24534,27.756683,25.154093,19.84292,24.642582,26.603645,22.510592,20.54238,18.83894,20.61514,24.867708,25.5711,22.109678,27.30794,29.244595,31.80441,28.63863,26.237997,29.541245,28.899055,23.52367,24.597893,27.341438,26.129005,21.05602,22.51226,19.502365,19.292614,16.069757,15.055508,11.713557,12.016328,8.714016,9.234314,7.806399,7.8414965,11.270913,7.793144,13.727669,14.925452,18.077436,21.683455,23.067442,23.84943,21.239748,24.319849,27.003685,25.108057,22.33562,27.442688,30.076502,27.728268,24.271513,27.907248,29.811266,25.966724,23.784214,22.755817,18.444862,15.991089,15.848582,13.003892
19,20.193213,17.84269,18.905806,16.09623,14.274325,15.072518,15.273913,18.10824,18.186161,21.057695,21.685051,23.673368,22.027617,20.14929,15.411703,12.928606,10.035844,6.9656854,6.1888194,0.0,4.623437,6.8884983,10.782511,6.2430425,5.9640517,2.702495,6.707708,7.9918127,10.435961,13.871456,15.521724,21.408724,23.808088,26.730305,23.123814,20.423864,24.274546,25.50546,20.580488,19.330334,24.718552,22.29764,18.425419,21.428215,25.388424,21.481827,19.491636,24.550884,26.008844,29.601158,25.820478,21.800146,25.310371,26.593807,21.744364,18.69503,17.373074,17.76396,22.573278,24.319317,19.721771,24.507786,25.777842,28.955547,26.272982,23.299417,25.690243,24.717838,19.588295,20.464096,22.463282,21.187029,16.259321,17.177866,15.011863,14.533139,11.912701,12.425898,9.60408,12.14513,10.681214,13.128199,11.551393,9.272107,10.200492,5.8345685,9.551991,9.416245,12.376802,15.718533,17.327522,18.310043,16.337738,19.65063,22.386002,20.883871,18.555727,23.53477,26.186033,24.390911,21.574713,24.903852,26.732376,22.95256,20.72277,19.155743,14.227827,12.061065,10.603294,8.064244
20,19.6592,18.114937,19.638344,17.752405,16.88039,17.380415,18.708248,21.53452,22.203676,24.952833,25.844648,27.591927,25.559042,23.546503,18.685553,16.552181,13.093224,10.873009,7.5171547,4.623437,0.0,3.5693,6.3899784,4.7768397,6.533098,5.4017854,10.536987,12.359213,15.058107,18.373604,20.019485,26.013033,28.248743,31.218113,27.424467,24.663338,28.301937,29.352654,24.277452,23.033953,28.178703,25.294535,21.444983,24.31215,28.152262,23.458755,21.324,26.62455,27.664543,30.72758,27.17889,22.44157,25.633217,27.263885,22.398235,19.355127,19.114897,19.25769,23.504799,25.99656,22.245209,26.540354,27.997374,31.244135,29.127388,26.425974,28.404285,27.745943,22.673529,22.58017,24.758842,24.057386,19.050999,18.682236,16.939089,15.061452,12.53508,13.866261,9.583689,13.212497,11.633815,13.487981,13.571332,11.8053465,13.244361,8.247743,12.823737,11.169425,14.740095,17.381226,19.806183,21.220469,19.900124,23.373005,26.055822,24.570166,22.669172,27.62284,30.104315,28.391962,25.964743,29.291111,31.083145,27.300436,25.130836,23.264477,18.338888,16.152674,14.1251545,11.374621
21,16.552473,15.414315,17.440426,16.202374,16.053886,17.01529,18.744373,22.165579,23.227327,26.33223,27.650322,29.607327,27.488882,25.803802,20.217684,18.921646,15.176083,13.4036665,9.325419,6.8884983,3.5693,0.0,5.7481956,5.644247,6.413441,6.4726253,11.404598,13.370441,16.83261,19.527294,22.269459,27.621853,30.343737,33.45729,29.992489,27.244831,31.033012,32.336163,27.345085,25.99542,31.28248,28.660757,24.761135,27.509499,31.50749,26.989273,24.631638,29.888493,31.109093,34.16733,30.729193,25.816347,29.087273,30.778412,25.904543,22.784483,22.629892,22.5674,26.854748,29.511425,25.548506,29.784508,31.016136,34.42383,32.331345,29.425228,31.177376,30.251238,25.367117,25.40584,27.08963,26.148968,21.443077,20.857767,19.722609,17.63067,15.519405,17.288977,13.063485,16.755404,14.937017,16.337795,16.37624,14.966384,16.538076,11.620572,15.612039,13.514485,16.567266,18.759958,21.14842,22.293322,21.511103,24.634409,27.54349,26.64847,24.571575,28.975079,32.009388,30.65217,27.995884,30.85198,32.3253,28.321566,26.520218,23.972235,19.792334,16.94805,15.164009,11.71165
22,20.676664,20.245388,22.668272,21.829584,21.797588,22.599287,24.3768,27.542301,28.435701,31.278246,32.234505,33.943188,31.81438,29.718325,24.879957,22.823227,19.296436,17.17048,13.385089,10.782511,6.3899784,5.7481956,0.0,6.767092,9.627216,10.659372,15.549738,18.196306,21.028872,24.370747,26.078669,32.11157,34.506958,37.233803,33.204353,30.700954,34.2978,34.897057,29.784994,28.857426,33.767017,30.174158,26.652006,29.69616,33.155006,27.6628,26.019833,31.409422,31.787529,34.222206,30.66047,25.808363,28.04116,29.743416,24.854136,21.640907,22.719383,22.077047,25.603933,29.199453,26.097519,29.512821,30.842194,34.298653,33.037674,30.488708,31.610893,31.169527,26.473715,25.301626,27.222067,27.14409,22.43057,20.449398,19.754313,16.368694,14.698045,17.312346,12.6445465,17.298056,16.30188,17.81531,19.131258,17.460238,18.579342,13.658206,17.457432,14.183143,17.692749,19.117672,22.350376,24.199333,23.892637,27.415154,29.976599,28.741947,27.460262,32.1605,34.450985,33.080006,31.276768,34.4034,36.08222,32.379677,30.32282,28.018984,23.142532,21.119026,18.359772,15.833312
23,20.448582,18.914661,21.34772,19.409607,18.35029,20.062191,20.327066,23.921396,23.958237,27.108774,27.600794,29.709545,28.22372,26.251633,21.639608,18.989407,16.21064,12.913638,11.535604,6.2430425,4.7768397,5.644247,6.767092,0.0,3.7174919,5.2065783,9.2973795,12.652366,15.165033,18.726597,20.420847,26.26572,29.125528,31.432486,27.49354,25.440594,29.39054,29.817797,24.91601,24.351192,29.519606,26.002636,22.694836,26.306662,29.687727,24.79953,23.860815,29.108711,29.737495,32.851543,28.59327,24.898783,27.187496,28.262915,23.027906,19.304651,19.368786,18.380714,22.862406,26.067163,21.587372,25.351185,26.186695,29.862808,28.188026,25.120947,26.247066,25.31838,20.696144,20.373238,21.740826,21.039774,16.457272,15.331479,14.715222,12.436374,10.910726,13.683427,10.451026,15.096985,14.657842,17.308208,16.947203,14.337939,14.30684,9.78751,11.655439,8.358887,11.395918,13.314396,16.061468,17.672483,17.194372,20.661049,23.275743,22.242355,20.834929,25.398478,27.834923,26.656452,24.816107,27.74203,29.393522,25.78659,23.705833,21.461407,16.441206,14.689317,11.629517,9.599842
24,18.219248,16.27725,18.82623,16.657713,15.454124,17.907291,17.614607,21.786327,21.719446,25.2673,25.936739,28.389626,27.110868,25.521318,20.421679,18.298723,15.65033,12.374216,11.586049,5.9640517,6.533098,6.413441,9.627216,3.7174919,0.0,3.5475044,6.48722,10.10788,13.210089,16.183228,18.964079,24.03494,27.48458,29.8557,26.388714,24.42572,28.626547,29.40972,24.728716,24.060923,29.47804,26.55497,23.18628,26.729183,30.334778,26.151197,25.022636,30.089998,31.179413,34.656887,30.37936,26.898039,29.588066,30.53802,25.327112,21.605196,20.9672,20.080872,24.971704,27.714304,22.509125,26.589329,27.103216,30.841177,28.749214,25.312904,26.554409,25.119034,20.657036,21.232481,21.98249,20.55074,16.362808,16.112957,15.722576,14.401302,13.073214,15.463428,12.961516,16.926104,16.18167,18.777798,17.50495,14.974417,14.872852,10.790405,11.690036,9.136368,11.005582,13.066037,15.033812,15.962704,15.574773,18.546328,21.47691,21.077127,19.160997,23.149134,26.305763,25.438387,23.091005,25.514412,26.866535,23.030691,21.284565,18.498394,14.241933,11.751254,9.196139,6.326698
25,18.737246,16.388962,18.030727,15.345178,13.669423,15.399182,15.208242,18.824255,18.804972,22.107811,22.808474,25.105959,23.679451,22.041487,16.9856,14.830206,12.1045685,8.940285,8.3857,2.702495,5.4017854,6.4726253,10.659372,5.2065783,3.5475044,0.0,5.1745462,7.629385,10.693575,13.815757,16.321308,21.678976,24.703302,27.427504,24.001516,21.629404,25.71404,26.858326,22.091885,21.065807,26.541162,24.06715,20.400555,23.623377,27.485209,23.65211,22.004759,27.003927,28.421095,32.05552,28.054705,24.337328,27.580973,28.685928,23.679602,20.325184,19.125881,18.980396,23.947824,26.009516,20.949553,25.535892,26.416525,29.848797,27.29421,24.02144,25.985952,24.693825,19.843506,20.836073,22.19724,20.666897,16.0862,16.778261,15.350102,14.739529,12.670429,13.951705,11.442425,14.514232,13.334061,15.821331,14.137319,11.776993,12.16164,8.097629,10.156794,9.178735,11.512238,14.482334,16.036465,16.829279,15.421176,18.504917,21.42022,20.49713,18.163527,22.643929,25.702236,24.343847,21.550808,24.404459,25.97724,22.084066,20.115456,17.917982,13.3918085,10.811391,9.098298,6.0211835
26,20.076916,17.09759,18.58961,15.18944,12.585454,15.370836,13.2754345,17.364128,16.364397,20.050625,20.347805,23.13464,22.474798,21.227415,16.544594,14.329999,12.872421,9.268172,11.53975,6.707708,10.536987,11.404598,15.549738,9.2973795,6.48722,5.1745462,0.0,4.463953,7.184233,9.945198,13.162642,17.6286,21.443502,23.743649,20.751638,18.954771,23.372519,24.507473,20.258066,19.572245,25.125082,23.114153,19.854425,23.302416,26.980503,24.106306,23.055866,27.5649,29.23668,33.287464,28.965214,26.322304,29.477982,30.07807,25.135744,21.70289,19.67673,19.322271,24.676435,26.193237,20.106998,24.795404,25.098185,28.567839,25.610165,21.872162,23.824675,21.912766,17.480259,19.660496,20.168365,17.761932,13.925394,15.93784,14.811646,15.6494,14.159355,15.0953665,14.342372,16.605768,15.91947,18.736979,15.846628,13.206321,12.44881,10.199794,9.115445,9.443045,9.792744,12.953371,13.175061,13.096352,11.3776245,13.874558,16.995256,16.671787,13.835283,17.74856,21.373934,20.382418,17.224257,19.54578,20.921576,16.96748,15.16766,12.743768,8.654137,5.646012,4.748286,1.9788809
27,20.296574,16.903355,17.199352,13.201754,9.874195,12.002975,9.350822,12.990633,11.933972,15.65195,16.250278,19.10525,18.374544,17.47712,12.487288,11.035625,9.9155035,7.335573,10.403546,7.9918127,12.359213,13.370441,18.196306,12.652366,10.10788,7.629385,4.463953,0.0,4.592582,6.23508,10.53988,14.439373,18.072508,21.079102,18.683964,16.287056,20.608541,22.630363,18.57364,17.219347,22.863111,22.042631,18.451235,21.151054,25.256525,23.384592,21.493904,25.615608,27.969692,32.274227,28.474545,25.621174,29.554045,30.3279,25.81049,22.960798,20.192738,20.784489,26.073807,26.588705,20.698172,25.916992,26.53241,29.542551,25.915026,22.373968,25.212055,23.332628,18.763906,21.65327,22.588688,19.934893,16.153204,19.163586,17.202604,18.738155,16.72744,16.42704,15.834842,16.694181,15.356353,17.625872,13.910462,12.015484,12.024831,10.698928,10.658789,12.72886,13.2290945,16.776823,16.435034,15.914095,13.251763,15.196995,18.250301,17.67385,14.064361,17.93007,21.788696,20.356142,16.211903,18.671347,20.065166,15.934502,14.211376,12.433089,9.383752,5.939885,7.8578134,5.723272
28,24.857845,21.402723,21.402061,17.201698,13.521182,14.926988,11.514319,13.648427,11.294832,14.262033,13.667446,16.459152,16.461643,15.322568,12.229468,9.330628,10.130186,7.0677056,12.5616,10.435961,15.058107,16.83261,21.028872,15.165033,13.210089,10.693575,7.184233,4.592582,0.0,4.8381686,6.1177626,11.139372,14.313856,16.877531,14.136713,11.985269,16.436258,18.166512,14.33075,13.336299,18.874784,18.177246,14.9885235,17.914705,21.642944,20.418802,19.25734,22.888409,25.18651,29.684633,25.68581,23.869247,27.545668,27.915052,23.67639,21.086369,17.651821,18.478203,23.712057,23.5048,17.354376,22.687841,23.272625,25.96328,21.970045,18.47849,21.792141,19.973625,15.447515,18.996641,20.140795,17.399185,13.828872,17.912205,15.368027,18.03785,16.097214,14.904629,15.747139,15.590105,14.996761,17.656698,13.410809,11.142893,9.963577,10.673259,8.912086,12.611135,12.606789,16.462616,15.511621,14.973495,11.227743,13.222467,15.767357,14.396763,10.645098,15.24736,18.341734,16.379578,12.147174,15.360509,17.298018,13.693037,11.263861,11.284471,7.30595,6.3252487,8.311282,8.662547
29,24.206501,20.472208,19.819557,15.408689,11.429642,13.144188,8.391138,10.683094,7.7896404,11.512854,11.543514,14.936984,15.28421,15.21198,11.555466,10.813918,11.833082,10.460537,14.980197,13.871456,18.373604,19.527294,24.370747,18.726597,16.183228,13.815757,9.945198,6.23508,4.8381686,0.0,7.3829117,8.482349,12.812042,15.946377,14.851034,12.717208,16.966034,19.693508,16.730974,15.294209,20.555311,21.278374,18.181536,20.230644,24.155924,24.064856,22.303598,25.374554,28.292637,32.94257,29.392126,27.491983,31.63471,32.074898,28.1178,25.767534,22.102741,23.149693,28.315775,27.641634,21.5164,26.837906,27.227804,29.713955,25.381283,21.88228,25.302557,23.11494,19.172726,23.266176,23.898048,20.653177,17.882925,22.202684,19.991192,22.742432,20.895626,19.686007,20.313974,19.85795,18.726604,20.745703,16.15157,14.790977,14.348323,15.014905,13.705027,17.12788,16.651487,20.160912,18.638657,17.305962,13.89344,14.5205345,17.179993,16.795013,12.459803,15.322514,19.467707,17.946966,12.715045,14.670236,15.915813,11.92621,10.517427,10.105386,9.394129,7.2712555,11.136632,10.81485
30,30.505375,26.943,26.316227,21.947142,18.053276,18.451952,14.724897,14.699293,11.219945,12.439271,10.08362,12.458566,13.628294,12.437985,12.509389,8.85403,12.042721,10.084192,16.464823,15.521724,20.019485,22.269459,26.078669,20.420847,18.964079,16.321308,13.162642,10.53988,6.1177626,7.3829117,0.0,7.654758,8.933553,11.209514,8.284585,5.9620605,10.504262,12.465877,9.416691,8.57713,13.647188,14.198712,11.72744,14.134272,17.349865,17.89318,17.302382,19.713343,22.260612,26.991095,23.22527,22.724798,26.327454,26.28437,22.874363,21.119154,16.786077,18.384672,23.066586,21.353529,15.526653,20.902884,21.642845,23.461222,18.725674,15.745792,20.083342,18.568008,14.480208,18.801489,20.387568,17.752909,14.892403,19.978807,16.721685,20.497446,18.582104,16.079689,18.305943,16.474964,16.456549,18.92822,14.285674,12.484048,10.66793,13.7369,11.380365,16.278212,15.993824,19.806469,18.277452,17.683325,13.134948,14.585377,16.061487,13.62847,10.062631,14.813521,16.503183,13.554833,9.027118,13.280566,15.850861,13.429372,10.527876,13.2645445,10.005824,11.231732,13.213441,14.624849
31,32.203686,28.387133,27.220633,22.808285,18.846535,19.712635,14.727943,14.322546,9.953986,11.031827,8.611758,11.831688,14.401233,15.037379,15.149929,14.172429,17.270351,16.457617,22.031479,21.408724,26.013033,27.621853,32.11157,26.26572,24.03494,21.678976,17.6286,14.439373,11.139372,8.482349,7.654758,0.0,6.109092,8.328566,9.781695,9.138535,12.344242,15.389723,14.728392,13.883456,17.514832,20.044256,18.31606,19.545322,22.430384,24.620253,23.740316,25.166016,28.291414,33.091297,29.81766,29.646471,33.476696,33.307743,30.255703,28.626324,24.19732,25.618547,30.206123,28.070114,22.19167,27.084145,27.197544,28.736244,23.781475,20.78024,24.748959,22.54388,19.820772,24.869833,25.316809,21.8934,20.515467,25.888716,23.395481,27.34242,25.780865,23.645721,25.737026,24.008596,23.564304,25.509262,20.594604,19.52237,18.266008,20.863703,18.31289,22.719894,21.52723,24.816103,22.353529,20.65021,16.676428,16.077898,17.371319,16.632982,12.614623,14.044881,16.987135,15.104617,9.451427,10.862135,12.294912,10.27097,9.107841,12.255806,13.167008,13.742874,17.291393,18.509373
32,36.34564,32.599022,30.951263,26.556305,22.664955,22.205822,18.1708,15.875579,11.859052,10.45593,6.3603063,7.872847,11.41315,11.92286,14.999021,13.635315,17.682787,17.656126,23.379818,23.808088,28.248743,30.343737,34.506958,29.125528,27.48458,24.703302,21.443502,18.072508,14.313856,12.812042,8.933553,6.109092,0.0,5.395258,7.5582304,6.1296463,7.2573857,11.495051,11.938786,10.681489,12.865818,17.081367,15.804798,15.744974,18.209806,21.889685,20.889475,21.137472,24.548395,29.27959,26.730915,27.096716,31.053022,30.85655,28.693914,27.966734,23.202118,25.494408,29.369617,26.08756,21.418922,26.254128,26.974388,27.630182,22.328777,20.341068,25.152401,23.733461,20.93373,25.6995,27.115217,24.34626,22.658634,28.12659,24.827608,28.993843,27.095806,23.988485,26.442497,23.497675,23.179905,24.685968,19.895498,19.437569,18.402729,21.953104,20.156172,25.16016,24.594929,28.162628,26.037964,24.88525,20.448172,20.524044,21.252466,19.248203,15.967824,18.415937,19.5958,16.665092,12.03889,14.724384,16.74859,15.748867,14.042974,17.968668,17.456799,18.55272,21.47553,22.706951
33,40.098663,36.33156,35.15516,30.716232,26.737207,26.925642,22.498219,20.937803,16.733007,15.798227,11.755297,12.899294,16.556322,16.661158,20.039642,17.796621,21.899471,20.99935,27.223856,26.730305,31.218113,33.45729,37.233803,31.432486,29.8557,27.427504,23.743649,21.079102,16.877531,15.946377,11.209514,8.328566,5.395258,0.0,5.5956693,7.7847786,8.131303,9.906742,12.134973,12.588154,13.483197,16.995628,17.11908,17.767021,18.861069,22.803053,23.344307,23.21088,25.863981,30.44058,27.386227,29.15547,32.15116,31.315601,29.32756,28.546476,23.809916,25.536587,29.094194,25.644897,20.793953,24.81114,24.944515,25.26831,20.064388,18.207521,22.640213,21.133173,19.487259,24.531551,25.397118,22.63385,22.055885,27.728739,24.801786,29.449484,28.102577,25.153715,28.465168,25.732445,26.1959,28.218325,23.626505,22.538393,20.52033,24.5052,21.33188,26.25141,25.008635,28.128382,25.536964,24.287176,19.983646,19.536978,19.388342,17.310175,14.8849945,16.497768,16.361217,13.494597,10.04491,12.300836,14.542109,15.027,13.300824,18.265978,17.959167,20.230017,22.711727,24.87434
34,38.684513,35.069225,34.347534,29.927748,25.96562,26.162214,22.19854,21.149355,17.19542,16.743637,12.777739,13.839679,16.628448,15.579776,18.86259,15.155045,19.19727,17.548235,24.059124,23.123814,27.424467,29.992489,33.204353,27.49354,26.388714,24.001516,20.751638,18.683964,14.136713,14.851034,8.284585,9.781695,7.5582304,5.5956693,0.0,4.623004,6.3503656,6.115891,7.113492,8.640401,10.256945,11.993075,12.294839,14.072299,14.98463,17.870249,19.226492,19.678513,21.700962,26.27195,22.5783,24.597628,27.12667,26.161194,23.924019,23.02823,18.333275,19.97734,23.508238,20.256102,15.205199,19.394598,19.787762,20.291996,15.034613,13.069654,17.905457,16.818066,14.51324,19.279621,20.75353,18.48373,17.335651,22.890854,19.630854,24.323996,22.989592,19.899157,23.592146,20.89885,21.91339,24.36538,20.10972,18.472845,15.829648,20.166492,16.676495,21.685509,20.736465,23.958696,21.799574,21.18416,16.608473,17.209232,17.015877,13.7520275,11.8515005,15.432204,14.391908,10.571608,7.9826016,12.36672,15.433965,15.401274,12.592843,17.511826,15.159646,18.058783,19.58513,22.080776
35,35.933613,32.367977,31.270292,26.898357,23.028273,22.52775,19.139566,17.46854,13.889851,13.073126,9.286593,10.147075,12.366395,11.0503845,14.500143,10.850244,15.102804,14.17172,20.421776,20.423864,24.663338,27.244831,30.700954,25.440594,24.42572,21.629404,18.954771,16.287056,11.985269,12.717208,5.9620605,9.138535,6.1296463,7.7847786,4.623004,0.0,4.5785165,7.366353,5.9901314,5.2087407,8.575785,11.252508,9.931201,10.977039,13.323251,16.071524,15.930011,16.716389,19.472492,24.23381,21.058544,21.788849,25.26816,24.928198,22.625578,21.927752,17.13066,19.55056,23.27632,20.036451,15.463158,20.472906,21.593246,22.282833,17.033697,15.207757,20.378874,19.53929,16.089512,20.357258,22.546068,20.429354,18.086905,23.352964,19.582859,23.78189,21.821783,18.363024,21.304066,18.142689,18.503746,20.52092,16.073896,14.984996,13.221742,17.438665,15.456732,20.675095,20.55324,24.254076,22.65308,22.242657,17.530155,18.745253,19.324373,16.10268,13.488694,17.834635,17.889454,14.152271,10.607823,15.129755,17.983562,16.836632,14.031911,18.053759,15.231849,17.105778,18.855658,20.500528
36,39.895535,36.350307,34.91626,30.591158,26.79572,25.698103,22.665323,20.05831,16.717726,14.708825,10.609507,9.927004,12.573257,11.33406,16.734093,13.509521,17.959856,17.715542,23.617023,24.274546,28.301937,31.033012,34.2978,29.39054,28.626547,25.71404,23.372519,20.608541,16.436258,16.966034,10.504262,12.344242,7.2573857,8.131303,6.3503656,4.5785165,0.0,5.5456643,6.730604,5.980387,5.7423053,10.906304,10.635613,9.9414425,11.253804,15.94386,15.897143,15.157146,18.090025,22.6834,20.307602,21.801958,25.203766,24.747051,23.423777,23.568165,18.719559,21.663683,24.566233,20.313763,17.133917,21.627077,23.072819,22.886751,17.551435,16.81118,22.254416,21.9466,18.966484,22.898857,25.471369,23.75559,21.643694,26.805756,22.790817,27.028341,25.00235,21.067633,24.179193,20.273165,20.727903,22.261648,18.165585,17.680405,16.243696,20.77116,19.289383,24.537691,24.61662,28.261984,26.719227,26.431953,21.715635,22.851181,23.042929,19.547386,17.465174,21.472225,20.716188,16.765497,14.050901,18.294445,21.11253,20.58178,17.96547,22.330746,19.713186,21.680048,23.364397,24.97674
