,0,1,2,3,4,5,6,7,8,9,10,11,12,13,14,15,16,17,18,19,20,21,22,23,24,25,26,27,28,29,30,31,32,33,34,35,36,37,38,39,40,41,42,43,44,45,46,47,48,49,50,51,52,53,54,55,56,57,58,59,60,61,62,63,64,65,66,67,68,69,70,71,72,73,74,75,76,77,78,79,80,81,82,83,84,85,86,87,88,89,90,91,92,93,94,95,96,97,98,99,100,101,102,103,104,105,106,107,108,109,110,111
0,0.0,4.2578015,6.236047,9.277812,12.246773,14.545324,17.065365,20.537615,22.899223,26.19977,27.91079,31.88806,33.102234,34.924324,33.437244,29.150219,30.390785,27.660309,29.66865,28.508255,29.545237,32.222084,30.360792,33.683796,37.713123,35.04862,31.759033,29.538958,28.212584,22.930527,25.53403,19.468822,24.704102,20.108484,25.701437,26.444483,22.224693,24.718164,20.80218,24.925396,24.144402,26.816483,28.936396,30.809788,33.371468,34.398468,39.171696,40.822933,39.71349,41.40462,37.947685,37.054455,34.154182,35.54442,32.636143,36.228664,32.51197,33.082993,38.772568,39.127228,39.31418,35.31658,37.15191,36.769325,38.31811,38.981384,38.827507,38.86844,39.591568,36.502033,34.60679,33.96643,33.818462,31.425716,34.939106,31.43584,36.649563,32.87007,35.149643,32.574097,29.032059,31.265467,27.159924,23.898764,20.602325,23.44185,17.983028,22.71622,21.19807,24.137062,25.569975,28.378187,28.921947,28.775673,26.346046,24.998459,21.314442,19.447487,18.994219,15.393715,19.753237,14.804267,20.159037,17.595661,16.687746,21.30722,21.964516,26.2254,25.303345,29.55031,30.119099,34.494614
1,4.2578015,0.0,5.1779814,6.4186735,9.292856,12.519071,14.492441,18.440119,21.022942,23.975086,26.414097,29.713062,31.37563,33.57767,31.474123,27.307259,27.98683,25.431004,26.69961,26.029999,26.77957,29.71876,28.087831,31.700073,35.763084,33.542946,29.969063,28.374914,26.689993,22.435263,24.876043,19.579105,24.823645,21.208082,26.858366,28.170826,24.168644,26.462727,21.898918,25.64528,24.580444,26.712019,28.420815,29.804026,32.283443,32.838047,37.6563,38.980373,37.712124,39.88486,36.74744,36.097973,33.627052,34.988766,32.4264,36.431362,32.546356,32.564537,38.327515,38.250175,37.951515,34.01092,35.23933,34.69096,35.846863,36.391056,35.869576,35.761887,36.75204,33.53354,31.6408,31.501898,31.30182,29.43235,32.84662,29.929388,35.175724,32.003815,34.543903,32.389133,28.253256,30.731287,27.069887,23.570053,20.03975,22.355268,17.159756,21.05796,19.815958,22.271801,24.088137,26.663338,27.820528,28.176262,26.107492,24.368166,20.72409,18.605532,17.423258,14.117944,17.247423,12.529158,17.332613,14.071585,12.807617,17.450588,18.446144,22.547878,22.315388,26.34459,27.324852,31.539433
2,6.236047,5.1779814,0.0,5.504054,6.995627,8.863145,12.149686,14.693185,17.75636,20.649094,22.649107,26.447186,28.067871,30.352331,28.953243,25.076658,26.28644,24.33458,26.11381,26.13056,27.70772,30.73149,29.802025,33.033436,36.815933,34.439938,30.367601,28.900475,26.256998,21.956875,23.36418,17.854313,22.099834,18.372143,23.978653,25.052248,21.528759,24.248215,20.448862,23.733072,23.640352,25.129492,27.909298,29.122519,32.143646,32.59593,38.24403,39.42766,37.610027,39.691063,36.108406,35.980614,33.30152,33.73702,31.042606,34.769028,30.370378,30.422407,35.84353,35.802242,35.79052,32.43032,33.831818,33.892025,34.84681,36.416237,35.496876,35.98105,37.199265,34.165993,31.847988,31.50494,30.422586,28.269606,31.148998,27.8845,32.584698,29.137278,31.274858,29.293451,25.09942,26.868856,23.04614,20.114601,16.823957,19.786146,15.102864,19.72003,19.752068,22.828262,25.183018,28.247383,29.926619,29.585588,27.87555,26.594402,22.975939,20.3328,20.041117,15.6782465,19.106041,13.49622,17.427147,14.814865,13.398089,17.589218,18.457676,21.751867,21.046206,24.98691,25.180098,29.662916
3,9.277812,6.4186735,5.504054,0.0,3.7272835,6.863433,8.098829,12.614265,14.761865,17.749205,20.34859,23.408325,25.079891,27.403053,25.115833,21.063179,21.725714,19.500786,20.91592,20.84082,22.254263,25.357515,24.600851,27.91777,31.688437,29.610222,25.393957,24.393787,21.627668,18.323341,19.85819,15.444396,20.097153,17.829584,23.283255,25.296444,21.869383,23.903017,19.016993,21.905542,21.096281,22.178024,24.14524,24.94351,27.748465,27.863892,33.399754,34.38418,32.570606,34.952938,31.719536,31.662447,29.421326,30.097944,27.808163,32.026768,27.764732,27.262852,32.90864,32.493656,31.966433,28.334782,29.290497,29.015194,29.910799,31.111458,30.249489,30.570671,31.764826,28.690731,26.432802,26.240602,25.413374,23.576889,26.684938,23.92396,29.003847,26.182816,28.842026,27.103878,22.496683,25.157013,21.994125,18.296572,14.668584,16.547169,11.925953,15.331406,15.25211,17.853321,20.474539,23.375433,25.598751,25.590435,24.316544,22.789001,19.335682,16.424189,15.796156,11.58317,13.980308,8.487945,12.01036,9.402282,8.445117,12.682367,13.1767025,17.137205,16.183826,20.306189,20.996578,25.29942
4,12.246773,9.292856,6.995627,3.7272835,0.0,4.276424,5.9089603,9.50565,12.49897,14.888507,17.983929,20.67033,22.830378,25.612844,23.320045,19.722815,20.209057,18.77166,19.740307,20.786398,22.47837,25.797207,25.714289,28.940722,32.479813,30.698914,26.047926,25.656513,22.05315,19.69076,20.297832,16.581823,20.240366,18.687666,23.894188,25.99039,23.099781,25.242638,20.70336,22.961021,22.637157,22.897564,25.223331,25.512772,28.542604,28.208076,34.211388,34.830345,32.543217,35.22946,32.003944,32.48089,30.462502,30.489801,28.414602,32.636322,27.994177,27.10601,32.448044,31.712168,30.989004,27.913782,28.42776,28.468979,28.80831,30.65559,29.130045,29.743294,31.359821,28.338335,25.808187,25.977867,24.422062,22.934118,25.443695,23.036428,27.610409,25.181879,27.697506,26.490276,21.422823,23.645498,20.840092,17.55045,14.107182,15.885431,12.340356,15.202959,16.411158,18.859377,22.00725,24.90026,27.74977,27.696772,26.843494,25.367895,22.0873,18.95975,18.355322,14.197113,15.566907,10.407781,12.03542,9.365473,7.7589765,11.178261,12.056196,14.823592,14.415012,18.104874,18.569824,22.920097
5,14.545324,12.519071,8.863145,6.863433,4.276424,0.0,4.603483,6.0237975,9.125856,11.787561,14.181229,17.5905,19.45175,22.16118,20.61682,17.254946,18.463537,17.564608,19.377098,20.751236,23.26658,26.416979,26.872929,29.565203,32.760216,30.759706,25.85608,25.457655,21.16093,18.779043,18.358055,14.790763,17.274332,16.09459,20.96123,23.031933,20.718246,22.955914,19.090462,20.720741,21.210398,20.818357,24.029736,24.19248,27.645847,27.317303,33.927277,34.49786,31.814695,34.24305,30.610767,31.499516,29.29206,28.507877,26.34852,30.264027,25.267574,24.40852,29.409111,28.744066,28.341797,25.775635,26.592033,27.22328,27.54581,30.304935,28.663635,29.862623,31.487505,28.770855,25.935081,25.661512,23.374,21.445868,23.463345,20.596947,24.664246,21.91666,24.097706,23.028982,17.944298,19.653269,16.810633,13.933581,10.787994,13.050661,10.408809,13.767246,16.176155,19.1453,22.528812,25.795004,28.869112,28.137577,27.585518,26.58888,23.4523,20.09062,20.378925,15.642268,17.471054,12.094549,12.848458,11.735121,10.781372,13.121242,13.324987,15.33343,13.715944,17.34343,16.765816,21.374622
6,17.065365,14.492441,12.149686,8.098829,5.9089603,4.603483,0.0,6.2841377,7.223487,9.921875,13.0921955,15.414387,17.31696,20.058992,17.433449,13.881783,14.415242,13.362374,14.803364,16.358046,18.888813,22.095163,22.918755,25.557718,28.63534,26.967794,21.884007,22.08188,17.501997,16.493645,15.96854,13.964805,16.551973,16.940493,21.376877,24.20107,22.014095,23.565767,18.937132,20.069216,19.89733,18.988852,21.341297,20.97392,24.213657,23.469141,30.026224,30.350824,27.594372,30.342945,27.064123,28.10056,26.377151,25.749846,24.063265,28.405424,23.617655,22.151133,27.305452,26.227581,25.250256,22.451885,22.731787,23.067175,23.265867,25.793669,24.132057,25.263687,26.905317,24.192705,21.336395,21.210419,19.001263,17.436972,19.621616,17.37024,21.821386,19.854647,22.591345,21.833466,16.38717,19.088245,17.137913,13.5762205,10.345062,10.932344,9.0293045,10.325549,13.128786,15.4694195,19.17338,22.223825,25.85035,25.375803,25.31562,24.18875,21.384886,17.932074,18.050177,13.822129,14.286669,9.806245,8.732711,8.507819,8.411656,9.729166,9.175066,11.60731,9.249117,13.206882,13.108241,17.601625
7,20.537615,18.440119,14.693185,12.614265,9.50565,6.0237975,6.2841377,0.0,5.3435802,6.302992,9.293069,12.081249,14.539032,17.908918,16.618738,14.401723,15.56989,16.25749,17.757975,20.610199,23.695997,26.803562,28.315434,30.51492,33.125305,31.512335,26.177288,26.642073,21.270445,20.5572,18.584812,16.861855,17.257383,17.938549,21.691908,24.034683,22.846605,24.816475,21.600367,21.934704,23.07017,21.275118,24.831686,24.153364,27.829239,26.861181,34.045998,34.076893,30.685856,33.346134,29.74607,31.508951,29.713829,27.809263,26.14542,29.876186,24.51256,22.974363,27.172215,25.968609,25.300398,23.870262,24.059673,25.36395,24.895895,28.861141,26.403008,28.268839,30.327633,27.979801,24.787558,24.725931,21.228498,19.725933,20.477999,18.207079,21.041697,19.109154,20.946455,20.960596,15.353338,16.238785,14.613904,12.763813,10.736826,12.064342,12.285319,13.912369,18.088514,20.652409,24.494808,27.681007,31.505365,30.54543,30.697401,29.92538,27.193632,23.679218,24.22138,19.729488,20.448261,15.980172,14.413792,14.380175,13.645279,13.992453,13.9178505,13.725668,11.896233,14.358607,12.644355,17.199677
8,22.899223,21.022942,17.75636,14.761865,12.49897,9.125856,7.223487,5.3435802,0.0,4.4039693,5.9361434,9.19183,10.400255,13.239896,11.764863,9.199337,11.122908,11.900055,14.607552,17.043646,20.81074,23.493998,25.438751,26.980883,29.18346,27.446274,22.06813,22.674557,16.873995,16.971668,14.120485,14.012029,13.458081,15.937822,18.828844,21.87599,21.12283,22.355078,19.026926,18.450626,19.572954,16.950476,20.454975,19.413929,23.202644,22.16239,29.610327,29.614367,26.056889,28.444855,24.694145,26.731688,25.054491,22.732527,21.324686,25.095678,19.78584,17.86896,22.05671,20.730066,20.023779,18.57925,19.004402,20.575554,20.449673,24.805555,22.792854,25.04613,26.738087,24.771482,21.491463,20.706818,16.950802,14.889667,15.555707,12.893398,15.91067,14.013608,16.255936,16.389395,10.533688,12.500597,11.734948,9.220963,7.7130384,7.4420943,9.71014,9.8797,14.970311,17.471958,21.3303,24.610666,28.65205,27.241358,27.907715,27.517265,25.225124,21.690695,22.90994,18.545717,19.08666,15.3169155,12.763881,14.64768,15.085252,14.796838,13.440113,13.810476,9.524512,12.297817,9.742402,14.355386
9,26.19977,23.975086,20.649094,17.749205,14.888507,11.787561,9.921875,6.302992,4.4039693,0.0,5.4525237,5.861108,8.881889,12.8699255,11.119667,10.314967,11.17771,13.514028,14.800117,18.68991,22.265696,25.049967,27.568298,29.079357,30.977045,29.799513,24.267311,25.63674,19.522047,20.83548,17.643795,18.325512,17.163132,20.054338,22.525623,25.462091,25.129345,26.375809,23.326437,22.418657,23.631992,20.558182,23.780104,22.170317,25.78558,24.149652,31.604366,31.09819,27.1318,29.958796,26.600546,29.157606,27.982271,25.221523,24.312963,27.961624,22.65745,20.2383,23.639297,21.732088,20.501911,20.07934,19.46941,21.31855,20.168663,25.167028,22.200148,24.731703,26.972757,25.157349,21.751587,21.682085,17.174105,16.17219,15.614761,14.32499,15.965468,15.460845,17.31742,18.522259,12.640924,13.579725,14.008901,12.666363,11.881722,11.152433,14.055579,13.22304,18.53729,20.383621,24.410593,27.344534,31.801144,30.66839,31.607283,31.073336,28.919315,25.410875,26.237494,22.260027,21.88492,18.678703,15.19946,16.663551,16.706284,15.3913965,14.465257,12.843737,9.867011,10.864741,7.622837,11.89614
10,27.91079,26.414097,22.649107,20.34859,17.983929,14.181229,13.0921955,9.293069,5.9361434,5.4525237,0.0,6.285555,6.141117,9.090563,10.081924,9.737436,12.517179,14.737365,17.738123,20.600397,24.801323,27.064062,29.598343,30.439823,31.983685,30.259995,24.953785,25.75804,19.59613,20.233656,16.102638,17.05152,14.049359,17.599022,18.942375,21.73277,22.28183,23.345549,21.453636,19.721169,21.900711,18.293867,22.550943,21.151281,25.116007,23.945528,31.698444,31.458729,27.41585,29.394554,25.40721,28.165165,26.549788,22.878172,21.741798,24.638573,19.113626,17.040184,19.72757,18.255919,18.020092,18.301352,18.837223,21.464247,20.968407,26.609165,24.323017,27.306519,29.030987,27.670021,24.27333,23.167297,18.510195,16.365746,15.386458,12.725184,13.282241,11.590149,12.611541,13.9739065,8.5653305,8.22417,9.30598,9.30361,10.133683,9.693125,13.88549,13.748865,19.278915,21.729124,25.431316,28.720148,32.838333,30.8771,31.905197,31.96582,29.961384,26.487522,28.205023,23.817701,24.48627,20.971842,18.160685,20.457396,20.886108,20.119118,18.713638,17.934057,13.681728,15.003372,11.024656,14.721723
11,31.88806,29.713062,26.447186,23.408325,20.67033,17.5905,15.414387,12.081249,9.19183,5.861108,6.285555,0.0,4.8142495,9.39282,7.9925413,9.930463,10.535243,14.43251,15.493661,19.92333,23.755684,26.041384,29.350039,30.119074,31.232937,30.429703,24.979494,27.007528,20.57722,23.329933,19.226816,21.601273,19.041643,23.300917,24.544624,27.663588,28.163553,28.898718,26.39191,24.488579,25.948914,21.94004,24.937477,22.61985,26.060936,23.92574,31.413141,30.413649,25.941973,28.709782,25.609703,28.934351,28.303394,24.61007,24.427708,27.629118,22.56574,19.525557,21.590956,19.037086,17.394428,18.550701,17.192776,19.798466,17.903423,24.052025,20.657423,23.902405,26.225143,25.111893,21.67101,21.503538,16.134157,15.679049,13.317574,13.262911,12.612929,13.908838,15.247857,17.805302,12.547952,12.810698,15.246117,14.936605,15.375171,13.564543,18.012486,15.866935,21.533138,22.825342,26.73604,29.398273,34.17041,32.8018,34.330345,34.080154,32.405907,29.004904,30.113014,26.51486,25.607359,23.24802,18.953941,21.223238,21.644203,19.522755,18.192581,15.66197,12.42527,11.633842,7.2060223,9.586541
12,33.102234,31.37563,28.067871,25.079891,22.830378,19.45175,17.31696,14.539032,10.400255,8.881889,6.141117,4.8142495,0.0,4.590105,5.623406,8.247616,10.448806,13.979946,16.608242,19.860516,24.19221,25.929047,29.257877,29.367416,30.110926,28.890656,23.710783,25.375721,18.99436,21.647087,16.876223,20.059607,16.3504,21.48104,21.71006,24.963568,26.021828,26.29301,24.382597,21.74644,23.594631,19.082354,22.425295,20.106709,23.685257,21.86462,29.49633,28.710964,24.225214,26.235691,22.694199,26.217628,25.400478,21.016624,20.907267,23.603815,18.630556,15.5668545,16.990997,14.5338745,13.472466,15.244637,14.814445,18.067158,16.955677,23.482237,20.992603,24.540684,26.22467,25.54542,22.194138,20.97422,15.675743,14.1519985,11.454357,10.339444,8.504855,9.564641,10.585875,13.57385,9.031587,9.280447,12.774621,12.890952,14.30818,12.048054,17.416096,15.177796,20.849646,22.383541,25.953691,28.795004,33.312782,31.318,33.048954,33.27951,31.873425,28.575195,30.37593,26.67672,26.361694,24.064045,20.099934,23.232111,24.150877,22.418844,20.513689,19.083103,14.448871,14.397325,9.946565,11.9046955
13,34.924324,33.57767,30.352331,27.403053,25.612844,22.16118,20.058992,17.908918,13.239896,12.8699255,9.090563,9.39282,4.590105,0.0,6.265975,8.802198,11.949809,14.755483,18.472517,20.542439,25.136185,26.29039,29.583708,29.032167,29.35875,27.78445,23.042313,24.340517,18.278217,20.84456,15.604112,19.624077,14.919314,20.820843,19.916656,23.277027,24.880447,24.58664,23.299353,19.928528,22.063494,17.124313,20.608076,18.316172,21.871367,20.413557,27.95102,27.376083,22.989988,24.145851,20.246977,23.93254,22.990435,17.900915,17.968203,20.00555,15.322719,12.242765,12.654244,10.290231,10.086417,12.65848,13.351852,17.099781,16.852835,23.41886,21.875307,25.566874,26.612242,26.374178,23.227123,21.094727,16.181503,13.780576,10.987832,8.868319,5.314402,6.063144,6.510763,10.175353,7.347597,7.796788,12.173088,12.632024,14.867705,12.287867,18.07197,15.7617855,21.059607,22.679916,25.786402,28.682552,32.881733,30.326443,32.268814,32.962402,31.88089,28.771608,31.158493,27.521145,27.660458,25.576336,21.963276,25.72176,27.038025,25.581312,23.270992,22.646254,17.230772,17.621267,13.464546,14.9570265
14,33.437244,31.474123,28.953243,25.115833,23.320045,20.61682,17.433449,16.618738,11.764863,11.119667,10.081924,7.9925413,5.623406,6.265975,0.0,4.865348,6.042072,9.781236,12.4654875,15.267643,19.603455,20.940891,24.59785,24.332142,24.765812,23.86651,18.758156,21.047035,14.715073,19.030104,14.506128,19.214811,16.381433,22.192873,22.456057,26.323214,26.892822,26.543617,23.679466,20.979317,21.764378,17.119421,18.972855,16.004402,19.111,16.784243,24.235556,23.222124,18.665867,20.972692,17.88708,21.557018,21.408064,17.485933,18.108023,21.442005,17.186253,13.372044,15.428456,12.362274,9.874706,10.832377,9.393822,12.484678,11.466428,17.94327,15.89307,19.488434,20.842014,20.409363,17.17515,15.626374,10.313041,9.02313,5.8404617,6.3251553,5.7554736,8.942721,11.569737,14.0513735,9.787958,12.626139,15.74275,14.305234,15.115652,11.427262,16.787066,12.695403,17.967897,18.601555,21.989136,24.409895,29.159327,27.395237,29.567835,29.753893,28.815754,25.743847,27.463411,24.534393,23.37077,22.256086,17.606129,21.509092,23.058867,20.924232,18.40421,17.614899,12.17365,12.051666,8.44499,9.481952
15,29.150219,27.307259,25.076658,21.063179,19.722815,17.254946,13.881783,14.401723,9.199337,10.314967,9.737436,9.930463,8.247616,8.802198,4.865348,0.0,4.6412272,6.0809393,10.588777,12.070506,16.670692,18.22493,21.238312,21.352367,22.455881,20.977436,15.680926,17.29321,10.858058,14.430535,10.264249,14.714247,12.938678,18.414803,19.363815,23.424902,23.31467,22.98617,19.412962,17.221624,17.532259,13.338618,15.203616,12.708242,16.191381,14.4218855,22.121183,21.727598,17.721508,19.901712,16.343039,19.220444,18.482513,15.472184,15.401627,19.427177,14.981229,11.573279,15.470033,13.265139,11.4830885,9.854716,9.867236,11.911787,12.317759,17.360811,16.241405,19.15264,20.109978,19.097763,15.894507,13.827231,9.550321,6.6411476,6.732353,4.227837,8.301572,8.5437155,12.119917,12.988943,8.067666,12.492763,14.162526,11.341404,11.368099,7.2041326,12.202194,7.8483586,13.203234,14.28169,17.763206,20.562492,25.095463,23.286732,25.161259,25.288197,24.146744,21.002045,22.864798,19.747158,19.04244,17.67456,13.488536,17.71628,19.547543,18.078564,15.27842,16.010073,9.603903,11.366318,8.653054,11.271623
16,30.390785,27.98683,26.28644,21.725714,20.209057,18.463537,14.415242,15.56989,11.122908,11.17771,12.517179,10.535243,10.448806,11.949809,6.042072,4.6412272,0.0,4.8280597,6.5256715,9.80351,13.880953,15.698034,19.294388,19.693888,20.728226,20.203718,14.741523,17.574265,11.3590765,16.56096,13.418388,17.882607,17.2094,22.281427,23.705456,27.803034,27.32459,27.025291,22.809841,21.073343,20.592113,16.825893,17.244217,14.233341,16.866924,14.167402,21.298489,20.271027,16.08921,19.388731,16.968018,19.893856,20.083944,17.898453,18.467854,22.824423,18.94934,15.283857,18.94172,16.194086,13.221959,11.580684,9.27007,10.311791,9.363397,14.207748,12.132845,14.994438,16.516733,15.353288,11.984231,11.0396185,6.0975347,5.91612,5.6553245,7.327203,10.661666,12.772132,16.263588,17.496958,12.679668,16.74318,18.496723,15.573436,14.950548,10.932161,14.809755,9.451959,14.121991,13.873005,17.544641,19.621254,24.713072,23.775887,25.880424,25.508543,24.55802,21.547276,22.574398,20.299889,18.055458,17.808777,12.434261,16.473349,18.351175,15.916832,13.068755,13.037961,7.1653423,7.6714845,6.146484,7.7267103
17,27.660309,25.431004,24.33458,19.500786,18.77166,17.564608,13.362374,16.25749,11.900055,13.514028,14.737365,14.43251,13.979946,14.755483,9.781236,6.0809393,4.8280597,0.0,6.260502,6.044293,10.635936,12.392938,15.303765,15.880129,17.52353,16.397482,10.831209,13.132098,7.056834,12.336585,10.274631,14.748001,15.477113,20.094744,21.897133,26.137909,25.031279,24.490479,19.54816,18.322323,16.941914,13.900719,13.391495,10.763535,13.321693,11.160413,18.225943,17.874382,14.478695,17.464054,14.822881,16.805986,16.669165,15.75304,15.953778,20.826504,17.374481,14.205008,19.00899,16.973944,14.548281,10.890434,10.026231,9.721311,10.782855,13.417209,13.0949955,14.976484,15.608178,14.009942,11.005751,8.956298,6.5377593,4.328122,7.9188914,7.536637,13.015243,13.571925,17.49824,17.512934,13.142093,18.129644,18.885265,14.9862585,13.703387,9.573365,12.109437,5.9301686,9.562602,9.091119,12.7606735,15.08242,20.022451,19.082247,21.08579,20.684782,19.786839,16.85849,18.082317,16.0535,13.954946,14.164525,9.226047,14.057366,16.543222,14.9179,11.575387,13.811224,7.367451,10.013065,9.911227,12.031631
18,29.66865,26.69961,26.11381,20.91592,19.740307,19.377098,14.803364,17.757975,14.607552,14.800117,17.738123,15.493661,16.608242,18.472517,12.4654875,10.588777,6.5256715,6.260502,0.0,6.438926,8.7389765,11.347377,14.957628,16.344921,17.957703,18.408491,13.146599,16.789373,11.931645,17.67416,16.435574,20.191763,21.442394,25.567516,27.867672,31.99134,30.666466,30.412611,25.165993,24.40362,22.727453,20.088459,18.856445,16.032717,17.526653,14.495252,20.125338,18.853909,15.463017,19.81219,18.711079,20.720549,21.562145,21.186693,21.88848,26.765333,23.530575,20.128115,24.367073,21.749796,18.424149,15.668285,12.643075,11.391719,10.177788,11.728084,9.404504,10.63954,12.632947,10.401955,7.0763955,8.357063,6.08091,8.593956,10.294406,12.770743,16.815943,18.842455,22.54886,23.24976,18.4588,22.811453,23.83479,20.217587,18.585293,14.957657,16.800442,11.163707,13.786309,11.878744,15.462027,16.523142,21.9728,22.3914,24.419756,23.259445,22.454618,19.78013,19.5476,18.619408,14.448774,15.946544,9.806338,13.304667,15.449966,12.29588,9.310251,9.941579,5.992164,6.24604,8.773102,9.366879
19,28.508255,26.029999,26.13056,20.84082,20.786398,20.751236,16.358046,20.610199,17.043646,18.68991,20.600397,19.92333,19.860516,20.542439,15.267643,12.070506,9.80351,6.044293,6.438926,0.0,4.762921,6.497896,9.500005,10.544567,12.753212,12.404297,7.1481414,10.589074,7.0761385,13.255888,13.414648,17.535042,19.802523,23.714998,25.84127,30.106155,28.367626,27.541622,21.823498,21.31111,18.585148,16.745497,13.906445,11.4727125,12.200282,9.778222,14.862534,14.482475,12.244077,15.888218,14.749599,15.593525,16.381739,17.542994,18.166998,23.28337,20.98553,18.12005,23.04566,21.146036,18.376656,13.884964,12.43594,9.939431,11.530633,10.484946,11.636312,11.843521,11.684558,9.476736,7.379998,5.4763,7.5029078,7.5545015,11.76604,12.636341,18.037968,18.93978,22.953718,22.585855,18.80681,24.011595,24.440638,20.155584,18.3689,14.630528,15.401099,9.537943,9.63552,6.4041185,9.341348,10.300417,15.735334,16.060637,18.32547,17.333559,17.060863,14.80299,15.107116,15.000073,11.027846,13.806414,9.000937,13.604912,16.592112,14.886388,11.442028,14.844411,10.128451,12.3863,14.1805525,15.308517
20,29.545237,26.77957,27.70772,22.254263,22.47837,23.26658,18.888813,23.695997,20.81074,22.265696,24.801323,23.755684,24.19221,25.136185,19.603455,16.670692,13.880953,10.635936,8.7389765,4.762921,0.0,3.7667584,6.398943,8.777386,11.553987,12.410745,8.622169,12.216355,10.9583025,16.392887,17.609076,21.05095,24.09823,27.429476,29.917467,34.096943,31.961157,31.165293,25.08477,25.127289,21.856438,20.766142,17.144516,15.100496,14.769543,12.4599695,15.211278,14.646685,13.5480995,17.574863,17.64841,17.768793,19.09971,21.29997,22.057995,27.160973,25.32453,22.622343,27.50731,25.595854,22.617418,18.137768,16.222742,13.017578,14.130569,10.728915,12.204026,10.727336,10.3241205,7.3099365,6.735956,6.9815245,10.755861,12.064652,15.861661,17.353912,22.543255,23.696363,27.709772,27.291613,23.511972,28.677526,28.926483,24.513666,22.396883,18.995937,18.906342,13.624827,12.399805,8.263324,9.953966,9.152576,14.580354,16.389524,18.515713,16.828941,16.910147,15.316223,14.358703,15.848843,10.373891,14.871783,10.559685,13.959676,16.915445,15.061544,12.062846,15.679087,12.799762,14.506435,17.349876,17.964022
21,32.222084,29.71876,30.73149,25.357515,25.797207,26.416979,22.095163,26.803562,23.493998,25.049967,27.064062,26.041384,25.929047,26.29039,20.940891,18.22493,15.698034,12.392938,11.347377,6.497896,3.7667584,0.0,4.9099674,5.491312,7.8229313,9.301858,6.6544223,10.788388,10.954469,16.920534,18.248419,22.37627,25.175339,28.845236,30.807175,35.07638,33.083843,31.859945,25.918423,25.652029,22.09107,21.006363,16.452976,14.287902,12.942403,10.6090765,11.825566,11.233803,10.982203,14.774382,15.643675,15.372458,17.370068,20.130457,21.342411,26.246893,25.179914,22.520802,27.101776,25.28998,22.296898,17.618757,15.839164,12.092027,13.970228,9.1264105,12.364819,10.659806,8.805894,6.749159,7.420641,6.2154827,11.481368,12.606242,16.41933,18.058353,23.049809,24.394337,28.390797,27.886211,24.77301,30.118849,30.592262,26.21755,24.409563,20.766254,20.953796,15.522058,13.807905,9.403668,9.762646,7.94225,13.184113,14.978013,17.67055,16.331575,17.216637,16.179781,15.718709,17.725023,12.796931,17.539925,13.785259,17.467499,20.51298,18.82041,15.775084,19.256222,15.963852,17.458471,19.936916,20.134396
22,30.360792,28.087831,29.802025,24.600851,25.714289,26.872929,22.918755,28.315434,25.438751,27.568298,29.598343,29.350039,29.257877,29.583708,24.59785,21.238312,19.294388,15.303765,14.957628,9.500005,6.398943,4.9099674,0.0,4.670673,8.811066,9.191643,8.352883,10.2374115,12.547008,16.483639,19.20366,22.195612,26.055517,28.768898,31.112759,35.172188,32.63279,31.402966,25.148746,25.656927,21.502298,21.60866,16.665707,15.642712,14.007764,13.05681,12.937436,13.571834,14.645434,17.365326,17.965977,16.444305,17.808693,21.768627,22.407253,27.276365,26.536367,24.545912,29.594362,28.32386,25.873198,20.657314,19.885378,16.288027,18.693863,13.861759,17.2201,15.204617,13.256539,11.121422,12.053714,10.859857,15.8928795,16.089994,20.469585,21.082468,26.619318,27.054586,31.061262,29.90689,27.005283,32.464092,32.252666,27.571516,25.396446,22.313124,21.257797,16.830757,13.474447,9.097011,7.8281126,4.5908422,9.10147,12.127554,14.263795,12.387294,13.583939,13.325264,12.35522,15.589862,10.874843,16.352207,14.258981,17.311098,20.411999,19.680716,16.911253,21.46991,18.486925,20.765951,23.353954,24.182274
23,33.683796,31.700073,33.033436,27.91777,28.940722,29.565203,25.557718,30.51492,26.980883,29.079357,30.439823,30.119074,29.367416,29.032167,24.332142,21.352367,19.693888,15.880129,16.344921,10.544567,8.777386,5.491312,4.670673,0.0,4.371832,5.0144634,6.224147,8.609096,11.881706,16.716496,18.910778,23.008078,26.059214,29.484102,31.005638,35.193047,33.091743,31.36908,25.551357,25.349018,21.215422,20.876328,15.194846,13.814978,11.143418,10.212681,8.358876,9.241649,11.231806,13.253944,14.558471,12.76258,14.968961,19.16847,20.41787,24.94624,24.99552,22.950825,27.460135,26.257412,23.83474,18.631691,18.069567,14.260767,17.388174,12.099072,16.757275,15.141778,12.178315,11.2923975,12.516587,9.951146,15.477786,15.393834,19.547222,20.30923,25.414902,26.142305,30.045984,28.950447,26.802645,32.34707,32.577763,28.108822,26.462986,22.980156,22.73762,17.905113,14.893517,10.729877,8.849154,5.7315702,9.4730015,11.31267,14.445824,13.58863,15.555961,15.505912,15.721756,18.442574,14.699803,19.564074,17.23975,21.018948,24.21002,23.277695,20.214401,24.336409,20.539919,22.530146,24.571033,24.984205
24,37.713123,35.763084,36.815933,31.688437,32.479813,32.760216,28.63534,33.125305,29.18346,30.977045,31.983685,31.232937,30.110926,29.35875,24.765812,22.455881,20.728226,17.52353,17.957703,12.753212,11.553987,7.8229313,8.811066,4.371832,0.0,4.8034997,7.5435953,10.597647,13.530691,19.233484,20.627031,25.611559,27.803555,31.899084,32.768898,37.050087,35.40403,33.38044,28.01295,27.157204,23.291033,22.331123,16.45164,14.491947,11.120557,9.668017,5.3226027,5.3471828,8.580894,10.231496,12.982854,11.503004,14.873172,18.69973,20.714592,24.79872,25.45345,23.164074,26.88091,25.506723,22.86394,18.133402,17.200731,13.242298,16.460564,10.615971,16.145535,14.741612,11.02577,11.495302,13.12234,10.195014,15.714424,15.988609,19.424772,20.83547,25.166636,26.564531,30.308094,29.551664,27.904726,33.36536,34.15314,29.989958,28.79506,24.965565,25.55407,20.32317,18.03986,14.110416,12.476787,9.854603,12.853245,13.8821535,17.455416,17.181385,19.435266,19.409534,20.007153,22.426384,18.844034,23.445004,20.616777,24.68493,27.855104,26.504383,23.341578,26.79773,22.797512,24.187761,25.939442,25.713242
25,35.04862,33.542946,34.439938,29.610222,30.698914,30.759706,26.967794,31.512335,27.446274,29.799513,30.259995,30.429703,28.890656,27.78445,23.86651,20.977436,20.203718,16.397482,18.408491,12.404297,12.410745,9.301858,9.191643,5.0144634,4.8034997,0.0,5.582768,6.413641,10.836472,15.353253,17.176077,21.932087,24.255997,28.077257,28.75712,32.93847,31.233894,29.029621,23.797707,22.98265,18.938494,18.411116,12.207834,10.997365,7.353708,7.6203856,4.5550566,7.23957,9.823204,9.821604,10.765835,8.086518,10.629997,15.307174,16.830885,20.900272,21.78756,20.064077,24.180162,23.419844,21.54131,16.190214,16.770807,13.380914,17.533007,13.266201,18.51349,17.825802,14.562545,14.535676,15.243741,11.275728,16.175276,14.928434,18.984976,19.010265,23.8242,24.179073,27.861383,26.501938,25.339134,30.875818,31.251814,27.019037,25.902859,22.340162,22.590942,17.974964,15.101632,11.845047,9.4986515,7.8215404,10.103371,9.703656,13.51461,13.918559,16.231625,16.235823,17.79482,19.69423,17.422733,21.327162,19.386168,23.750898,27.00725,26.334814,23.040035,27.136703,22.361921,24.553293,25.77341,26.301985
26,31.759033,29.969063,30.367601,25.393957,26.047926,25.85608,21.884007,26.177288,22.06813,24.267311,24.953785,24.979494,23.710783,23.042313,18.758156,15.680926,14.741523,10.831209,13.146599,7.1481414,8.622169,6.6544223,8.352883,6.224147,7.5435953,5.582768,0.0,5.2219296,6.018629,12.299586,13.275068,18.35835,20.459356,24.627329,25.713202,30.044369,28.437231,26.696386,21.257412,20.31327,16.788052,15.406459,10.247806,7.994773,6.3162084,4.7838807,8.217037,9.105678,8.671535,10.519577,9.8288,9.182183,10.760316,13.710053,14.934878,19.720211,19.1717,16.85036,21.480423,20.262457,18.053286,12.624879,12.763134,9.559202,13.481333,10.670867,14.818378,14.7907505,12.516755,11.796041,11.345236,6.965125,11.218443,9.741349,14.190926,14.233083,19.469353,19.932549,23.82458,22.794384,20.746187,26.285812,26.75208,22.486158,21.258678,17.46469,18.158703,12.9101925,11.05463,7.697441,7.331911,7.3970704,11.890314,11.276165,14.585602,14.560672,15.670361,14.476194,15.995801,16.785439,14.188139,17.474503,14.5993595,19.318188,22.52236,21.570484,18.148973,21.983776,16.883959,19.16488,20.247448,21.046028
27,29.538958,28.374914,28.900475,24.393787,25.656513,25.457655,22.08188,26.642073,22.674557,25.63674,25.75804,27.007528,25.375721,24.340517,21.047035,17.29321,17.574265,13.132098,16.789373,10.589074,12.216355,10.788388,10.2374115,8.609096,10.597647,6.413641,5.2219296,0.0,6.448734,8.966318,11.475747,15.593396,18.416294,21.762695,22.779413,26.903656,24.960377,22.953508,17.471521,16.96554,12.788186,12.71167,6.7855306,6.822797,5.309021,7.344779,9.930449,12.413032,12.899115,12.882879,10.839464,8.456338,7.9850817,12.503455,12.645415,17.29713,17.227789,16.03943,21.173399,20.924553,19.83934,13.963824,15.979535,13.623941,17.953804,15.8524065,19.873465,19.919926,17.67756,16.760027,16.2339,11.99927,15.417876,12.557979,17.321964,15.577905,21.2252,20.179276,23.883802,21.889002,20.577192,26.13563,25.83079,21.393738,20.108587,16.988937,16.629936,12.845122,9.384638,7.435894,5.204025,6.7563233,9.199729,6.7829,10.046681,10.865632,12.121652,11.285587,14.011521,14.517628,13.889152,16.413193,15.394077,19.958393,23.167515,23.25641,19.945623,24.618925,19.191154,22.35298,23.028854,24.636198
28,28.212584,26.689993,26.256998,21.627668,22.05315,21.16093,17.501997,21.270445,16.873995,19.522047,19.59613,20.57722,18.99436,18.278217,14.715073,10.858058,11.3590765,7.056834,11.931645,7.0761385,10.9583025,10.954469,12.547008,11.881706,13.530691,10.836472,6.018629,6.448734,0.0,7.8451037,7.4894586,12.9964485,14.590221,19.046293,20.175184,24.551762,23.150608,21.68531,16.44924,15.176987,12.422419,10.20743,7.0088787,4.6697526,6.838095,6.3727965,13.113921,14.091864,12.150083,13.444007,10.24064,10.703949,10.08012,11.087972,11.21235,16.383602,14.450039,12.158433,17.570597,16.618076,15.12942,9.52938,11.1947155,9.823807,13.556897,13.880625,16.34685,17.462927,16.343138,15.242874,13.450875,9.277406,10.416282,6.6277094,11.55307,9.516799,15.518305,14.769895,18.709873,17.385662,15.012165,20.591116,20.774117,16.473942,15.381401,11.559229,12.731265,7.54621,7.111975,6.218765,7.939372,10.616145,14.686831,12.726718,15.197994,15.559566,15.475184,13.2058935,15.662352,14.393534,13.481956,14.615549,11.943285,17.07328,20.080938,19.581488,16.123997,19.934124,13.809407,16.877712,16.919432,18.758629
29,22.930527,22.435263,21.956875,18.323341,19.69076,18.779043,16.493645,20.5572,16.971668,20.83548,20.233656,23.329933,21.647087,20.84456,19.030104,14.430535,16.56096,12.336585,17.67416,13.255888,16.392887,16.920534,16.483639,16.716496,19.233484,15.353253,12.299586,8.966318,7.8451037,0.0,5.422839,6.6703043,10.681468,12.898373,14.75679,18.731127,16.40606,15.019734,9.055523,9.278407,5.557348,6.5450683,6.0291142,8.336627,11.068661,13.106223,18.425919,20.527252,19.506899,19.587303,15.514331,14.524769,11.375896,13.045316,10.692954,15.275747,13.010745,13.016292,19.091434,19.613659,19.849985,14.555984,17.97102,17.440985,21.068851,21.625868,23.868448,24.788439,23.783417,22.229324,20.49118,16.856386,17.63697,13.361696,17.801779,13.593941,19.56485,16.23848,19.564648,16.627787,15.01424,20.139418,18.529816,13.876822,12.310414,10.5582695,8.805294,8.145851,5.1410136,8.374595,8.927701,12.920845,14.652597,11.450692,12.051565,13.064973,11.870193,9.336982,13.390974,10.434543,13.345468,12.162772,13.015976,17.182886,19.862225,21.135798,18.212006,23.047575,17.15801,21.37302,20.984701,24.068317
30,25.53403,24.876043,23.36418,19.85819,20.297832,18.358055,15.96854,18.584812,14.120485,17.643795,16.102638,19.226816,16.876223,15.604112,14.506128,10.264249,13.418388,10.274631,16.435574,13.414648,17.609076,18.248419,19.20366,18.910778,20.627031,17.176077,13.275068,11.475747,7.4894586,5.422839,0.0,7.0378146,7.1931086,12.053582,12.730073,17.127718,16.09453,14.7444,10.360085,8.237721,7.3438416,3.7476015,6.7275586,7.1589293,11.243456,12.418162,19.230625,20.679852,18.527279,18.628786,13.872729,14.482974,11.575756,10.399221,8.150703,12.751647,9.0610895,8.225506,14.363696,14.667689,15.171068,10.575459,14.482319,15.125878,18.417343,20.693916,22.265545,24.06388,23.446362,22.304815,20.027313,16.246058,15.415617,10.544156,14.0238285,8.915022,14.483038,10.816281,14.191617,11.576965,9.887037,15.202989,14.410477,10.138394,9.718145,6.8684773,8.376063,6.6973825,7.9800954,10.897469,12.642744,16.38566,19.084496,15.818603,17.105885,18.205765,17.1658,14.4269705,18.001335,14.596516,16.639896,14.932668,14.092134,18.657286,21.096088,21.62553,18.6026,22.242819,15.7192,19.418692,18.011875,21.009705
31,19.468822,19.579105,17.854313,15.444396,16.581823,14.790763,13.964805,16.861855,14.012029,18.325512,17.05152,21.601273,20.059607,19.624077,19.214811,14.714247,17.882607,14.748001,20.191763,17.535042,21.05095,22.37627,22.195612,23.008078,25.611559,21.932087,18.35835,15.593396,12.9964485,6.6703043,7.0378146,0.0,6.593349,6.574044,9.975502,13.535326,10.940046,10.8239765,5.3604593,6.611559,6.5523686,7.4686117,11.524463,13.51649,17.065283,18.712135,24.81474,26.644003,24.943352,25.190256,20.584196,20.365755,16.824465,16.640501,13.457858,16.973347,13.111386,13.941816,19.687962,20.590397,21.632774,17.52795,21.142385,21.662092,24.52877,26.508295,27.640272,29.04092,28.758017,26.978498,24.689505,21.638279,20.925043,16.538654,20.000546,14.863756,20.06554,15.387134,17.922857,14.586475,12.648416,16.624884,13.676062,9.160159,7.338826,8.170246,4.9911613,9.054199,8.90355,13.326074,14.900507,18.986923,20.633745,17.612999,17.30142,18.129105,15.929574,13.001991,16.6199,11.831719,16.294268,12.499404,14.383934,17.490187,19.334625,21.304457,19.015821,23.287376,17.688972,22.118385,20.89623,24.804567
32,24.704102,24.823645,22.099834,20.097153,20.240366,17.274332,16.551973,17.257383,13.458081,17.163132,14.049359,19.041643,16.3504,14.919314,16.381433,12.938678,17.2094,15.477113,21.442394,19.802523,24.09823,25.175339,26.055517,26.059214,27.803555,24.255997,20.459356,18.416294,14.590221,10.681468,7.1931086,6.593349,0.0,6.757447,6.5106587,10.745994,10.728231,10.204068,8.635597,5.748303,9.162935,6.525118,12.802725,13.865355,17.959919,19.267376,26.131372,27.578066,25.122627,24.917791,19.769829,20.688896,17.202826,14.601594,11.464072,13.83356,8.694557,9.7761,14.539763,15.800516,17.79057,15.107365,19.323254,21.04744,23.664156,27.15308,27.919392,30.15998,30.016293,28.818392,26.201761,22.836159,20.867792,16.135136,18.18308,12.361327,15.94639,10.259619,11.928876,8.264109,7.624046,10.967919,8.58077,5.2539234,6.6705613,7.082868,8.694016,11.072526,13.419293,17.273893,19.18072,23.134695,25.312754,21.7572,22.235397,23.527082,21.85459,19.003395,22.663738,18.084373,21.577465,18.048697,18.265347,21.835976,23.502623,24.632362,22.227102,25.187618,19.058968,22.698149,20.258345,23.88071
33,20.108484,21.208082,18.372143,17.829584,18.687666,16.09459,16.940493,17.938549,15.937822,20.054338,17.599022,23.300917,21.48104,20.820843,22.192873,18.414803,22.281427,20.094744,25.567516,23.714998,27.429476,28.845236,28.768898,29.484102,31.899084,28.077257,24.627329,21.762695,19.046293,12.898373,12.053582,6.574044,6.757447,0.0,5.663233,7.779218,5.3203287,6.9657454,6.197997,7.1540165,10.376698,11.142552,16.726252,18.841076,22.58038,24.382303,30.647251,32.511036,30.57747,30.416145,25.403498,25.46173,21.523066,20.248617,16.640106,18.552773,14.336573,16.289024,20.880943,22.480556,24.53504,21.545677,25.59815,26.871946,29.487644,32.344147,33.095272,34.88515,34.812286,33.138798,30.637884,27.629974,26.17283,21.672363,24.235266,18.626043,22.485283,16.813772,17.991907,14.248704,13.540298,15.449239,11.218909,8.629376,8.309404,11.395107,9.377184,14.582482,15.432744,19.875063,21.411402,25.490046,26.739212,23.378658,22.692879,23.824537,21.475576,18.81575,22.360836,17.236288,22.301344,17.650103,19.936003,22.285448,23.45078,25.754177,23.95622,27.52111,22.259268,26.427574,24.432604,28.593657
34,25.701437,26.858366,23.978653,23.283255,23.894188,20.96123,21.376877,21.691908,18.828844,22.525623,18.942375,24.544624,21.71006,19.916656,22.456057,19.363815,23.705456,21.897133,27.867672,25.84127,29.917467,30.807175,31.112759,31.005638,32.768898,28.75712,25.713202,22.779413,20.175184,14.75679,12.730073,9.975502,6.5106587,5.663233,0.0,4.4557786,5.7978306,5.058319,8.253793,6.0210247,10.885158,10.506858,16.641703,18.704376,22.39133,24.463976,30.629498,32.551407,30.564798,29.598488,24.291437,24.59451,20.482552,18.177738,14.503103,14.926665,11.049359,14.008551,17.429003,19.806963,22.772945,20.44795,25.214706,26.980316,29.893278,33.191853,34.305077,36.478832,36.09588,34.94141,32.47519,28.9001,27.260489,22.417747,24.410635,18.520441,21.311699,15.214007,15.511998,11.231075,12.971929,14.269316,10.8946295,9.882823,11.449088,13.364382,13.436222,17.162634,18.378872,22.481827,23.683886,27.65999,28.801344,24.757296,24.582733,26.34729,24.619806,22.242636,26.26868,21.566729,26.252216,22.278894,23.77661,26.83237,28.259394,30.05162,27.908363,31.112429,25.266525,29.025822,26.501392,30.220316
35,26.444483,28.170826,25.052248,25.296444,25.99039,23.031933,24.20107,24.034683,21.87599,25.462091,21.73277,27.663588,24.963568,23.277027,26.323214,23.424902,27.803034,26.137909,31.99134,30.106155,34.096943,35.07638,35.172188,35.193047,37.050087,32.93847,30.044369,26.903656,24.551762,18.731127,17.127718,13.535326,10.745994,7.779218,4.4557786,0.0,4.807568,5.499323,10.982339,9.966761,14.528676,14.862068,20.810936,23.078718,26.661959,28.87041,34.86709,36.901047,34.996307,33.89789,28.574434,28.737272,24.495481,22.277975,18.579002,18.288977,14.94979,18.153208,20.889782,23.512465,26.76281,24.775358,29.552757,31.414804,34.247444,37.63722,38.65425,40.837135,40.51531,39.291958,36.801285,33.31118,31.60228,26.807886,28.655977,22.780685,25.159096,18.996624,18.66402,14.6026125,16.625765,16.773157,12.971161,13.092732,14.617238,17.255905,16.832031,21.222979,22.283192,26.521688,27.618607,31.606583,32.383427,28.316906,27.751625,29.559679,27.66814,25.451777,29.414385,24.572931,29.737406,25.359537,27.409079,30.00363,31.138393,33.272663,31.401613,34.538822,29.006067,32.782738,30.153042,34.01592
