,0,1,2,3,4,5,6,7,8,9,10,11,12,13,14,15,16,17,18,19,20,21,22,23,24,25,26,27,28,29,30,31,32,33,34,35,36,37,38,39,40,41,42,43,44,45,46,47,48,49,50,51,52,53,54,55,56,57,58,59,60,61,62,63,64,65,66,67,68,69,70,71,72,73,74,75,76,77,78,79,80,81,82,83,84,85,86,87,88,89,90,91,92,93,94,95,96,97,98,99,100,101,102,103,104,105,106,107,108
0,0.0,4.2097163,7.34497,10.54843,13.844225,15.8708725,19.70543,22.230297,26.204151,28.397491,34.13927,33.741924,37.06962,40.008335,35.600655,31.741673,29.859259,26.104235,23.51838,19.925209,16.909365,15.764955,11.162771,11.243726,10.362401,15.468927,14.548495,15.849356,17.0437,22.082825,21.324678,29.125816,28.387478,33.7865,34.062065,37.348476,38.585266,36.864414,36.927254,33.88139,34.241783,27.815834,28.12938,23.52262,25.22737,20.544415,23.347416,20.970533,23.80931,26.959208,28.78881,29.711447,34.577553,37.293865,35.231102,32.273106,35.137764,36.49209,42.289776,40.666965,37.1437,38.080547,35.03636,36.778202,34.01947,38.282795,35.47003,31.547583,28.603088,30.77829,28.017683,32.71338,31.603344,36.28637,35.07106,41.083138,41.159782,44.02272,44.327824,47.584057,46.939606,42.739353,40.360954,37.002697,34.162457,31.884989,28.738585,24.677279,24.73644,21.92855,24.606876,26.832804,29.175074,29.992676,33.09773,33.71695,36.129097,34.36757,40.583973,39.3865,44.729744,45.024628,44.775074,41.839817,40.504463,35.14594,35.057793,30.785635,30.862862
1,4.2097163,0.0,4.0479198,7.701901,10.225144,13.191459,16.055223,19.008781,22.847816,25.09967,30.803589,30.285067,33.60724,36.330173,31.819365,27.979336,26.098543,22.179388,19.76268,15.845476,13.081327,11.795374,7.1000624,7.4704223,7.201448,12.013121,12.403037,13.687393,14.323356,19.720478,18.998766,26.777098,26.003117,31.26588,31.306927,34.741467,35.668858,33.703224,33.774704,30.593985,31.133434,24.42392,24.843456,20.00511,21.968052,17.422384,19.983978,18.5003,21.35174,24.876432,26.095268,27.79666,32.471622,34.64536,32.845802,29.816376,32.229836,33.523342,39.335373,37.3674,33.836483,34.659027,31.709229,33.301914,30.930319,34.79969,31.995192,28.431282,25.092905,26.956284,24.300995,28.921001,27.887888,32.55828,31.43342,37.478546,37.63325,40.64978,40.919716,44.090397,43.34657,39.097008,36.597893,33.187923,30.345022,27.902925,24.766281,20.592728,20.65167,17.943642,20.60195,22.67456,25.177412,25.911713,29.031715,29.6359,31.945156,30.2057,36.41957,35.277157,40.65624,40.92243,40.607094,37.68871,36.29508,30.964533,30.870192,26.589966,26.76946
2,7.34497,4.0479198,0.0,5.145456,7.4100842,9.727133,13.113126,15.248502,19.320957,21.2328,27.129015,26.478617,29.86303,32.781033,28.302624,24.627626,22.551434,19.063093,16.183983,12.91824,9.618734,9.213153,4.8175416,6.2204447,8.678806,12.492641,13.892513,14.156356,13.266633,19.030857,17.177816,24.956772,23.390957,28.916733,28.397398,31.952965,32.643513,30.682198,31.155329,27.896059,29.075624,22.19405,23.316599,18.185026,21.249212,17.455496,20.250154,19.739645,22.004192,26.077854,26.238943,28.575233,33.02132,34.6078,32.60418,29.36692,31.485899,32.3385,38.126965,36.0185,32.445576,33.73737,31.168444,32.86387,31.207869,34.711166,32.13886,29.203743,25.364136,26.465284,23.494911,27.839178,26.366259,30.971437,29.419538,35.50846,35.276436,38.388542,38.349483,41.414196,40.418102,36.05906,33.935192,30.34644,27.963678,25.148842,22.798021,18.490673,19.262877,17.180553,19.873783,21.219482,24.18754,24.315285,27.698238,28.451216,30.200403,28.48363,34.549824,33.200974,38.67509,38.62359,38.30638,35.234966,34.06059,28.52886,28.382109,24.2397,24.087746
3,10.54843,7.701901,5.145456,0.0,4.2067194,5.8722315,9.617989,12.315113,15.889704,18.8585,23.96195,24.25461,27.23176,30.099829,26.092615,21.78883,20.490097,16.582878,14.710426,12.048631,8.852067,10.7462015,7.223191,4.6041183,8.927455,11.624257,12.304683,10.969071,8.830285,14.557687,12.073074,19.884584,18.425694,23.918648,23.709513,27.147022,28.126568,26.343903,26.620615,23.52371,24.484928,17.923431,19.175074,14.291045,17.809881,14.82164,18.69778,18.0784,19.223831,23.721985,22.995419,25.33305,29.622541,31.045517,28.519562,25.144735,27.460754,28.014349,33.77415,32.01964,28.427288,30.36121,28.07634,30.305702,28.94847,32.915424,30.97274,28.364706,24.738802,25.25437,21.076715,25.260939,23.074703,27.640919,25.631601,31.66239,31.199104,34.09244,34.106445,37.31371,36.58141,32.39835,30.342516,26.974592,24.50662,22.345272,20.013945,16.262186,17.721413,16.22777,19.640696,20.773544,24.681648,24.768633,27.930244,28.12414,29.268095,27.018427,32.829067,30.879335,36.188072,36.132065,36.262547,33.09263,32.791943,26.802912,27.42215,23.472698,23.832108
4,13.844225,10.225144,7.4100842,4.2067194,0.0,5.596392,5.8663,9.795412,12.921724,16.10656,21.026054,21.18485,24.111748,26.623775,22.473133,18.117834,16.90855,12.595941,11.257803,8.193301,5.727114,8.399654,6.4984713,4.0676517,9.250321,10.060299,12.472894,11.091713,7.953545,13.61476,11.351647,18.589472,17.152647,22.234632,21.669535,25.288498,25.780222,23.614473,23.886774,20.582554,21.83081,14.832448,16.329891,11.072614,15.19649,12.849524,16.227057,16.985909,17.93643,22.685284,21.120466,24.42201,28.313868,28.988754,26.880182,23.498268,25.10026,25.5457,31.260555,29.026777,25.44824,27.22643,25.130714,27.143229,26.382536,29.752428,27.899996,25.87451,21.857656,21.795887,17.708477,21.663996,19.52229,24.045101,22.139511,28.220009,27.87115,30.990015,30.961168,34.048107,33.18207,28.922056,26.664982,23.208006,20.722237,18.305756,16.038181,12.136569,13.865309,12.864892,16.220325,16.92733,21.162321,21.072495,24.172638,24.28521,25.171257,22.910227,28.67318,26.753027,32.114666,32.01649,32.07707,28.916779,28.599493,22.598097,23.293873,19.380611,19.958542
5,15.8708725,13.191459,9.727133,5.8722315,5.596392,0.0,7.2070127,7.180133,10.93609,13.731709,18.705364,19.292858,22.13213,25.384125,21.775328,17.59434,16.38069,13.473503,11.375306,11.096872,7.8407407,11.936055,10.544214,9.072801,14.148264,15.454386,16.81448,14.386174,10.240109,15.210056,10.511622,17.528246,14.411995,20.354723,19.150173,22.71518,23.407114,21.798388,22.804827,19.730055,21.816689,15.485728,18.076792,13.341291,18.50265,17.21765,21.200954,21.679968,21.807722,26.706793,24.50137,27.469503,31.217194,31.769903,28.856558,25.298573,27.157194,26.865063,32.37476,30.61946,27.079088,29.937153,28.411064,30.864887,30.599901,34.067635,32.658405,30.98527,27.004028,26.394827,21.710354,25.14071,22.112907,26.3143,23.450981,29.322369,28.071243,30.961597,30.440329,33.487843,32.431362,28.176962,26.91902,23.4039,21.86822,19.42991,18.740265,15.401791,18.134483,17.892706,21.155558,21.140984,25.640886,24.889492,28.170773,28.40948,28.506908,26.222044,31.472609,29.037813,34.281193,33.708115,34.003338,30.623539,31.018114,24.75765,25.558167,22.136385,22.109987
6,19.70543,16.055223,13.113126,9.617989,5.8663,7.2070127,0.0,6.559645,7.872772,12.042771,15.85374,16.591906,19.061653,21.202646,17.375532,12.571518,12.189321,7.431862,8.079357,6.843703,6.628815,10.753569,11.220684,9.259749,13.869004,12.619502,15.661417,13.434112,8.888201,12.92299,10.02746,15.488659,13.638551,18.09148,16.915007,20.660233,20.611057,18.146036,18.567764,15.114132,17.076895,9.9047165,12.510837,7.347686,13.129223,13.052928,16.145462,18.399925,18.160688,23.156208,19.880568,24.157665,27.2513,26.765034,24.696066,21.274902,21.98687,21.768274,27.226536,24.691856,21.183126,23.543432,22.199114,24.326448,24.813095,27.5301,26.37017,25.507875,21.305553,19.883877,15.184197,18.216057,15.315617,19.503279,17.044247,23.060053,22.370466,25.624668,25.362555,28.334696,27.34218,23.05839,20.91101,17.404524,15.247671,12.818189,11.55486,8.359715,11.560807,12.291527,15.477337,15.00812,20.0541,19.412886,22.229868,21.97474,21.755548,19.20658,24.40117,21.955297,27.219488,26.853186,27.169046,23.886154,24.375122,18.043604,19.390577,16.016724,16.974022
7,22.230297,19.008781,15.248502,12.315113,9.795412,7.180133,6.559645,0.0,4.7121305,6.661932,11.956189,12.132997,15.040319,18.365845,14.757293,11.043094,9.558148,8.308262,6.164426,9.330827,7.975782,12.823144,14.065969,13.848374,18.974485,18.684319,21.541304,19.10037,14.245543,18.09273,13.231121,17.872648,13.600944,18.79869,15.925089,19.765356,19.223648,17.191746,19.14483,15.870935,19.604239,13.442193,17.33797,12.993943,19.237286,19.584984,22.594067,24.887094,24.545616,29.579737,25.999952,30.15297,33.090557,32.29784,29.807377,26.31829,26.90778,25.90411,30.925608,28.538574,25.223087,28.37589,27.683971,29.805254,30.94975,33.12921,32.10283,31.69831,27.199589,25.307793,21.017057,23.308983,19.991388,23.517336,20.228106,25.756943,23.952848,27.156204,25.994436,28.585627,26.869175,22.364536,21.778719,17.91257,17.660213,14.272945,15.878779,13.080923,16.827791,18.045244,20.528582,19.051653,23.796669,22.074228,25.306253,25.692114,24.633083,22.619957,27.099125,24.496777,29.667229,28.492369,28.680351,25.177223,25.957682,19.753525,20.495564,17.856314,17.384838
8,26.204151,22.847816,19.320957,15.889704,12.921724,10.93609,7.872772,4.7121305,0.0,5.7456026,8.181559,9.874452,11.831465,14.656462,11.769931,7.288248,7.6267986,6.7352934,7.724557,11.36304,11.494765,16.13681,17.74455,16.800215,21.6596,20.392836,23.277252,20.462412,15.365709,17.86489,13.278289,15.823662,11.561289,15.651053,12.231711,16.08783,15.010739,12.694677,14.840324,11.582842,15.994365,10.63411,15.112938,11.874674,18.21626,19.905848,22.731714,25.581831,24.48038,29.46059,24.935156,29.471083,31.779024,30.244888,27.801676,24.441978,24.407236,22.88939,27.495413,25.046926,21.936285,25.550625,25.486511,27.713696,29.632204,31.467863,31.05653,31.364504,27.05412,24.408426,19.76733,21.197744,17.38795,20.317543,16.57148,21.721447,19.54968,22.738976,21.387915,23.902874,22.17584,17.71209,17.330921,13.578782,13.877803,10.964921,13.731867,12.2932005,16.4761,18.559767,20.928133,18.98358,24.062479,22.252047,24.984804,24.897429,23.035961,20.75505,24.4775,21.368446,26.199163,24.85995,25.425158,21.904081,23.635014,17.352768,18.885796,16.959478,17.069418
9,28.397491,25.09967,21.2328,18.8585,16.10656,13.731709,12.042771,6.661932,5.7456026,0.0,7.055403,5.652277,8.920345,12.805779,9.495429,7.9211946,5.719334,9.010072,7.313744,12.807407,12.83853,16.951246,19.457098,20.055336,25.030096,24.157545,27.6375,25.264772,20.324728,23.418198,18.637405,21.336557,16.426903,20.448036,16.11715,19.697933,17.86295,15.772976,18.881493,15.918512,21.031292,16.067583,20.530088,17.110931,23.379513,24.681704,26.914677,30.19997,29.62337,34.584175,30.24542,34.982105,37.30484,35.56675,33.393265,30.086218,29.742449,28.127453,32.42545,29.661375,26.760206,30.10217,30.19839,31.947016,34.20018,35.22545,34.523556,35.12989,30.370726,27.572298,23.98434,25.127888,21.809324,24.351488,20.824165,25.489809,23.027973,26.315733,24.363453,26.236315,23.67574,19.069147,19.756464,15.760315,17.433027,13.284052,17.47774,15.61401,19.608383,21.75502,23.344513,20.708452,25.134666,22.480848,25.539528,26.208817,24.011564,22.55993,25.857101,23.247091,28.05194,26.112055,26.113483,22.599087,23.76168,18.148428,18.528421,17.19003,15.878296
10,34.13927,30.803589,27.129015,23.96195,21.026054,18.705364,15.85374,11.956189,8.181559,7.055403,0.0,5.48598,4.583929,7.874014,7.704021,6.57926,8.245692,11.628359,13.034203,17.918184,18.722424,22.937859,25.326714,24.896381,29.686802,28.018448,31.156168,28.249891,23.140074,24.65051,20.16013,20.12599,15.413938,17.411825,12.310384,15.221574,12.327156,10.353122,14.228205,12.112688,17.971907,15.362532,19.996141,18.358587,24.215773,26.96438,29.180086,32.740093,31.181616,35.966675,30.596956,35.46488,36.94212,34.349716,32.09695,29.084375,28.062874,25.653265,28.992994,26.470337,24.108828,28.194098,29.258818,31.208858,34.39294,35.096348,35.32216,36.7566,32.44483,28.8527,24.814676,24.76815,20.892553,22.243021,18.126427,21.52683,18.192936,21.099155,18.558216,20.025536,17.246323,12.899903,14.956113,11.66807,14.921711,12.257469,17.782732,17.816872,21.958895,24.853504,26.428165,23.505072,28.188715,25.607725,27.883896,27.859568,24.611212,22.851753,24.667055,21.302858,25.157568,22.843685,23.566702,20.185373,23.080479,17.830418,19.384249,19.279528,18.843391
11,33.741924,30.285067,26.478617,24.25461,21.18485,19.292858,16.591906,12.132997,9.874452,5.652277,5.48598,0.0,4.035295,7.9258776,5.3579054,7.2877874,5.854046,11.369152,11.091183,16.53149,17.526083,21.073244,24.20979,24.99357,29.751583,28.274555,32.169228,29.87544,24.968609,27.442469,23.1033,24.438137,19.76259,22.459326,17.573017,20.658752,17.786724,15.60828,19.173588,16.67772,22.318453,18.508926,22.965933,20.394358,26.317295,28.3395,29.904457,33.931,33.141705,37.941746,33.051205,38.231995,39.985016,37.460407,35.710003,32.65476,31.490263,29.515177,33.098976,29.997873,27.556376,30.810942,31.539146,32.902565,36.029984,36.0659,35.707752,37.17398,32.380276,28.893063,25.955944,26.098286,22.98814,24.571857,21.15926,24.829332,22.074232,25.348976,22.881765,24.001554,20.767588,16.280392,17.933916,14.179955,17.347164,13.099369,18.842064,17.955885,21.816313,24.591879,25.502447,22.151281,26.194237,23.040394,25.639715,26.342047,23.209734,22.232758,24.253342,21.725286,25.954721,23.425924,23.289297,19.934605,21.531307,16.822353,17.054909,17.098486,15.521104
12,37.06962,33.60724,29.86303,27.23176,24.111748,22.13213,19.061653,15.040319,11.831465,8.920345,4.583929,4.035295,0.0,4.7790213,5.5156994,8.035236,8.677753,13.606426,14.558655,19.720352,20.9376,24.626715,27.641775,27.919603,32.62474,30.809532,34.499737,31.933464,26.944983,28.675993,24.461151,24.504793,19.985348,21.632807,16.506489,19.062027,15.656628,13.694211,17.540255,15.647372,21.4899,18.98169,23.428383,21.745993,27.415203,30.120037,31.697302,35.81815,34.541054,39.236744,33.850616,39.059414,40.368107,37.404366,35.62653,32.752758,31.24003,28.858416,31.846113,28.897575,26.809591,30.412138,31.669626,33.11526,36.7292,36.573982,36.718006,38.617393,34.08096,30.208649,27.069052,26.583448,23.239489,24.12636,20.486126,23.302542,20.08851,23.07415,20.239388,20.956667,17.479536,13.274409,15.928492,12.761881,16.84749,13.529821,19.799038,19.850897,23.739374,26.839323,27.76306,24.320131,28.456848,25.384361,27.536602,27.863037,24.181002,23.074892,24.167763,21.269579,24.834167,22.039955,22.304798,19.103476,21.72071,17.406391,18.27784,19.020552,17.96267
13,40.008335,36.330173,32.781033,30.099829,26.623775,25.384125,21.202646,18.365845,14.656462,12.805779,7.874014,7.9258776,4.7790213,0.0,5.3491507,8.7722435,10.595302,14.852855,17.061378,21.56958,23.51978,26.853848,30.110218,30.183119,34.543903,32.08351,36.011486,33.586323,28.817644,29.956463,26.566032,25.732695,22.13451,22.600605,17.86893,20.005377,16.126488,13.830799,17.11098,15.603661,21.107275,19.480629,23.479986,22.577097,27.581728,30.83798,31.804325,36.444366,34.97299,39.38757,33.653843,39.176346,39.948196,36.361656,35.137463,32.58651,30.343353,27.88221,30.25465,26.953148,25.31312,28.545807,30.255516,31.33476,35.568306,34.663097,35.180286,37.743584,33.41073,29.075068,26.437778,25.117945,22.128963,22.154196,18.95491,20.806744,17.78471,20.777102,17.878305,17.994062,14.174834,10.179007,13.018417,10.47572,15.2903,12.565368,19.19631,20.181261,23.719746,27.206415,27.710474,24.01787,27.907705,24.887688,26.392124,26.386713,22.114922,21.163244,21.111197,18.217138,21.099417,18.023256,18.386189,15.445063,18.765963,15.308149,16.606195,18.29223,17.822226
14,35.600655,31.819365,28.302624,26.092615,22.473133,21.775328,17.375532,14.757293,11.769931,9.495429,7.704021,5.3579054,5.5156994,5.3491507,0.0,5.6040664,5.758196,10.567446,12.242963,16.676605,18.821924,21.804642,25.331732,25.915358,30.196743,27.86825,32.2122,30.2064,25.608498,27.544235,24.2987,24.94663,21.401743,23.001392,18.592346,21.507523,18.208992,15.396557,18.257853,15.796841,21.073418,17.646566,21.612345,19.663267,24.882374,27.414963,28.138783,32.90023,32.039024,36.5476,31.365349,37.01331,38.281136,35.14631,34.120213,31.364073,29.406273,27.535278,30.743013,27.072191,24.933527,27.557112,28.567928,29.438206,33.149933,32.330128,32.196823,34.340874,29.642782,25.643425,23.400633,22.756903,20.162937,21.09652,18.301216,21.456886,19.225035,22.759693,20.478119,21.278557,17.934752,13.41993,14.357902,10.660342,14.187044,9.782597,16.164345,16.164175,19.641571,22.921635,23.264906,19.513842,23.341032,20.182636,22.147547,22.545189,18.816095,18.016716,19.267996,16.87459,20.913671,18.265575,17.969612,14.6653805,16.485537,12.209449,12.767069,13.752169,12.861074
15,31.741673,27.979336,24.627626,21.78883,18.117834,17.59434,12.571518,11.043094,7.288248,7.9211946,6.57926,7.2877874,8.035236,8.7722435,5.6040664,0.0,4.530602,6.281534,9.699888,13.455804,15.499281,19.053827,21.90626,21.540672,25.820803,23.389765,27.27342,24.973904,20.309347,21.973055,18.873178,19.594257,16.47795,18.282501,14.460433,17.767792,15.139314,11.983924,14.22505,11.199122,16.21455,12.128604,16.25013,14.254509,19.691145,22.379822,23.701958,28.018436,26.848467,31.463957,26.23971,31.68849,33.129986,30.349112,28.96606,26.06146,24.510193,22.754562,26.50678,23.099833,20.552917,23.555561,24.26615,25.692005,28.928423,29.107433,29.066267,30.683949,26.2291,22.490784,19.08355,18.965736,15.72065,17.363644,14.0909395,18.272259,16.204468,19.855265,18.131195,19.864437,17.413311,12.678363,12.296784,8.114538,10.216439,6.051789,11.851774,11.951407,15.882981,19.080652,20.2553,17.15173,21.853985,19.474186,21.5275,21.320059,18.218794,16.363558,18.762707,15.678114,20.24696,18.362387,18.722754,15.190188,17.40957,11.618319,13.4558325,13.029832,13.399283
16,29.859259,26.098543,22.551434,20.490097,16.90855,16.38069,12.189321,9.558148,7.6267986,5.719334,8.245692,5.854046,8.677753,10.595302,5.758196,4.530602,0.0,5.9323864,6.5159144,11.249252,13.089557,16.300959,19.659153,20.39649,24.81945,22.936424,27.26108,25.400074,20.844378,23.602432,20.169975,22.394335,18.766554,21.681866,17.76256,21.294369,18.899202,16.010971,18.470057,15.300199,20.137712,15.013245,19.021206,15.873687,21.55162,23.217941,24.345844,28.65759,28.23746,32.94828,28.39857,33.79554,35.718746,33.377316,32.08152,29.03257,27.828745,26.459171,30.563053,27.046726,24.32757,26.829613,27.032957,28.159721,30.937172,30.993114,30.283752,31.528147,26.633709,23.335234,20.671217,21.208982,18.558334,20.73583,17.946287,22.456823,20.672276,24.366322,22.6481,24.272316,21.587229,16.848566,16.607582,12.388144,14.018656,8.902974,13.792338,12.33913,16.066399,18.81262,19.65288,16.388088,20.638918,17.780542,20.481255,21.075438,18.493229,17.298553,20.372114,18.111805,23.05148,21.129503,20.775784,17.293238,18.05958,12.57192,12.862956,11.917908,10.928509
17,26.104235,22.179388,19.063093,16.582878,12.595941,13.473503,7.431862,8.308262,6.7352934,9.010072,11.628359,11.369152,13.606426,14.852855,10.567446,6.281534,5.9323864,0.0,5.649467,7.441863,9.959872,13.220341,15.966338,15.689342,19.769945,17.39103,21.670595,19.905481,15.635076,18.335934,15.89851,18.764309,16.455412,19.426626,16.847046,20.550106,18.993711,15.854242,16.980665,13.416329,16.91268,10.571922,13.982129,10.275352,15.806428,17.298973,18.554533,22.753647,22.344027,27.046612,22.719023,28.099993,30.22691,28.266315,27.077837,23.993649,23.065016,22.268972,26.949205,23.44134,20.369734,22.476896,22.076738,23.409813,25.564037,26.356281,25.518177,26.23509,21.518509,18.582447,15.212101,16.50426,13.862912,16.954361,14.55882,19.995806,19.096436,22.85444,22.012608,24.308437,22.531553,17.954311,16.03243,11.986985,11.21948,6.6962733,8.856229,6.7285743,10.76853,13.4089365,14.96128,12.467897,17.498396,15.692788,18.26965,18.20054,16.550337,14.459868,18.79972,16.40006,21.756927,20.753986,20.71716,17.293892,17.88664,11.552138,12.84305,10.401603,11.233494
18,23.51838,19.76268,16.183983,14.710426,11.257803,11.375306,8.079357,6.164426,7.724557,7.313744,13.034203,11.091183,14.558655,17.061378,12.242963,9.699888,6.5159144,5.649467,0.0,5.703726,6.6933475,10.082076,13.280418,14.649491,19.171278,18.108803,22.462038,21.054153,16.867094,20.907684,17.532162,21.95349,18.595888,22.85361,19.85144,23.704922,22.339312,19.62958,21.448854,17.931076,21.730581,15.116726,18.56619,13.980933,19.674557,19.808588,21.28538,24.875889,25.270395,30.071993,26.633589,31.562157,34.289173,32.984867,31.532091,28.266346,27.978783,27.336184,32.238667,28.945894,25.77048,27.82614,27.04342,28.282461,29.809246,30.763256,29.285,29.366972,24.333662,22.178612,19.448563,21.43739,19.160717,22.511873,20.140764,25.600101,24.43,28.103462,26.973671,29.16611,27.033161,22.323252,21.204609,17.02066,16.838636,12.052132,13.997007,10.547349,13.874083,15.427842,16.78486,14.507373,18.737082,16.464266,19.88972,20.812078,19.814875,18.4891,23.12391,21.331335,26.772873,25.539726,25.023222,21.634691,21.248941,15.511694,15.262947,12.471148,11.410679
19,19.925209,15.845476,12.91824,12.048631,8.193301,11.096872,6.843703,9.330827,11.36304,12.807407,17.918184,16.53149,19.720352,21.56958,16.676605,13.455804,11.249252,7.441863,5.703726,0.0,4.1112647,5.825186,9.039743,10.448127,14.235531,12.874362,17.810438,17.256319,14.065943,18.563654,16.713959,22.092209,20.163677,24.322237,22.493462,26.32262,25.479296,22.606028,23.411585,19.801182,22.235964,14.998539,17.161318,12.020948,16.58992,15.536711,16.510284,20.050718,21.216997,25.78877,23.254566,28.071548,31.129068,30.363817,29.38168,26.231813,26.189882,26.373398,31.64428,28.246176,24.928856,26.01137,24.433544,25.418165,26.051735,27.351618,25.303595,24.667286,19.627075,18.340174,16.05403,18.971123,17.5765,21.541,20.13008,25.959797,25.756912,29.445152,29.01825,31.508307,29.918346,25.37821,23.090786,19.199871,17.463247,13.347664,12.480988,7.8824706,9.950709,10.442157,12.048331,10.868624,15.043725,13.833866,17.27148,18.020517,18.39146,16.884066,22.525913,21.252743,26.862993,26.379173,25.758791,22.63751,21.4387,15.850495,15.635445,11.715512,11.795811
20,16.909365,13.081327,9.618734,8.852067,5.727114,7.8407407,6.628815,7.975782,11.494765,12.83853,18.722424,17.526083,20.9376,23.51978,18.821924,15.499281,13.089557,9.959872,6.6933475,4.1112647,0.0,4.931472,6.7064457,8.550541,13.073553,13.197859,17.210424,16.411797,13.107932,18.309132,15.584845,21.906094,19.437567,24.416224,22.63575,26.485937,26.089508,23.603567,24.63828,21.098095,23.563313,16.32602,18.676346,13.29226,18.138018,16.471298,18.4453,20.79172,22.033703,26.732038,24.65849,28.810957,32.29928,32.14888,30.563889,27.233727,27.920668,28.04517,33.508286,30.59741,27.144686,28.72021,27.010414,28.41069,28.532986,30.577549,28.498154,27.265293,22.483269,21.744669,18.866402,22.180887,20.352045,24.521042,22.651257,28.61194,28.044819,31.54503,31.023891,33.685555,32.14541,27.581793,25.729324,21.815441,20.234661,16.41824,15.667387,11.213197,13.3382225,13.125378,15.280901,14.736163,18.641294,17.562962,21.136848,21.990368,22.502668,20.924292,26.537523,25.03123,30.603762,30.042452,29.583897,26.36489,25.428438,19.728342,19.522465,15.726426,15.31686
21,15.764955,11.795374,9.213153,10.7462015,8.399654,11.936055,10.753569,12.823144,16.13681,16.951246,22.937859,21.073244,24.626715,26.853848,21.804642,19.053827,16.300959,13.220341,10.082076,5.825186,4.931472,0.0,4.769221,9.071973,11.983813,12.373384,17.114014,17.62445,15.625282,20.961912,19.383444,25.93424,24.075977,28.841125,27.308613,31.145689,30.662899,27.993622,28.782597,25.200516,27.263868,19.92363,21.537127,16.177382,19.839231,17.166008,17.972897,20.45258,22.752028,26.983356,25.874117,29.985516,33.623127,33.712887,32.7702,29.645912,30.212687,30.864979,36.359306,33.138523,29.750626,30.388922,28.23282,29.027933,28.661688,30.290434,27.527792,25.906796,20.979418,21.013138,19.561941,23.14331,22.346693,26.548431,25.493006,31.406015,31.40291,35.02484,34.71863,37.28927,35.730137,31.174253,28.891672,25.023474,23.103458,19.119867,17.571602,12.79336,13.468129,12.29027,13.575632,13.611194,16.29791,15.60326,19.303339,20.642208,22.145216,21.115662,27.06535,26.354393,31.96333,31.66344,30.758234,27.812464,25.803642,20.832651,19.87554,15.755121,15.186427
22,11.162771,7.1000624,4.8175416,7.223191,6.4984713,10.544214,11.220684,14.065969,17.74455,19.457098,25.326714,24.20979,27.641775,30.110218,25.331732,21.90626,19.659153,15.966338,13.280418,9.039743,6.7064457,4.769221,0.0,5.604134,8.261239,10.378168,13.8548765,14.551005,13.337041,19.011164,17.706184,24.987926,23.581995,28.647303,27.815123,31.529036,31.687168,29.304226,29.745323,26.295563,27.67393,20.452667,21.566072,16.235313,19.321753,15.749302,17.497042,18.418282,20.92787,25.05939,24.770445,28.018906,32.11848,33.04218,31.68795,28.534292,29.898869,30.81681,36.525066,33.83646,30.332567,31.117617,28.596539,29.817072,28.593224,31.293543,28.53907,26.054485,21.726206,22.553442,20.334007,24.499954,23.50301,28.011774,26.869457,32.92883,32.986824,36.356197,36.319447,39.19943,38.032066,33.59998,31.18219,27.511831,25.090277,21.872429,19.454676,14.867326,15.311847,13.303704,15.5201845,16.645483,19.450134,19.512857,22.918709,23.813805,25.667667,24.19256,30.315302,29.317495,34.848747,34.820942,34.245304,31.284101,29.670107,24.418617,24.004414,19.780865,19.707563
23,11.243726,7.4704223,6.2204447,4.6041183,4.0676517,9.072801,9.259749,13.848374,16.800215,20.055336,24.896381,24.99357,27.919603,30.183119,25.915358,21.540672,20.39649,15.689342,14.649491,10.448127,8.550541,9.071973,5.604134,0.0,5.210953,7.156031,9.200263,9.045617,8.018222,13.658174,13.093747,20.467463,20.056456,24.801846,24.893248,28.368618,29.088566,26.889727,26.682072,23.463451,23.905447,17.069485,17.529854,12.560684,15.057255,11.328238,14.497722,14.313083,16.141973,20.492147,20.123434,22.9053,27.143744,28.459213,26.676374,23.499239,25.410276,26.46548,32.26237,30.092636,26.54345,27.625374,24.986794,26.815035,25.189667,28.955513,26.728039,23.95315,20.305412,21.190235,17.563574,22.014029,20.55986,25.223352,23.964481,30.013012,30.205189,33.250214,33.596,36.773487,36.167362,32.02852,29.287203,26.032654,22.96464,20.916155,17.540533,13.648284,14.195033,12.114768,15.545877,17.26085,20.928188,21.570189,24.452148,24.458075,26.125427,23.895393,29.938606,28.370148,33.66278,33.95423,33.93864,30.97995,30.23854,24.545666,25.16515,21.00234,21.908054
24,10.362401,7.201448,8.678806,8.927455,9.250321,14.148264,13.869004,18.974485,21.6596,25.030096,29.686802,29.751583,32.62474,34.543903,30.196743,25.820803,24.81945,19.769945,19.171278,14.235531,13.073553,11.983813,8.261239,5.210953,0.0,5.1449685,6.0941343,8.5223875,10.432099,15.028113,16.421589,23.418724,24.11718,28.325827,29.080399,32.37755,33.27259,31.008793,30.266695,27.17755,26.748945,20.290472,19.623163,15.321537,15.7513275,10.674219,12.9878235,11.4189415,14.563813,18.029552,19.355848,21.409878,25.919762,27.96482,26.756283,23.97544,26.094473,27.87419,33.615646,31.506395,28.092867,28.238436,25.002096,26.493082,23.795046,27.937197,25.277403,21.563112,18.612427,20.737625,17.936712,22.734735,22.202578,26.842813,26.407978,32.26786,33.11693,36.052174,36.83584,40.070656,39.76957,35.80968,32.518097,29.548626,25.890423,24.305935,19.856853,16.268549,15.469481,12.335199,15.491188,18.346096,21.138374,22.698961,25.134556,24.939442,27.489666,25.339563,31.532103,30.4114,35.505207,36.27257,36.177708,33.515034,32.31933,27.114016,27.688145,23.394743,24.717783
25,15.468927,12.013121,12.492641,11.624257,10.060299,15.454386,12.619502,18.684319,20.392836,24.157545,28.018448,28.274555,30.809532,32.08351,27.86825,23.389765,22.936424,17.39103,18.108803,12.874362,13.197859,12.373384,10.378168,7.156031,5.1449685,0.0,6.0997376,8.282279,9.803465,13.342611,15.876881,21.778942,23.162186,26.495737,27.373528,30.607243,31.191767,28.631317,27.486433,24.42335,23.629019,17.312662,16.051895,12.154785,11.610565,6.56686,7.975373,8.158805,11.228631,14.918836,15.444841,18.59877,22.61257,23.935034,23.390255,20.770956,22.144478,24.117943,29.734201,27.21759,23.911125,23.503214,20.207794,21.451694,19.01599,22.8666,20.331125,16.997065,13.850641,15.721837,12.929257,17.75095,17.685377,22.231077,22.349627,28.040081,29.354378,32.34693,33.362267,36.506626,36.351067,32.56464,28.78488,26.08217,22.0155,20.855783,15.659097,12.570033,11.0568905,7.795692,11.300914,14.460676,17.559092,19.50572,21.424858,20.68285,23.218967,20.84587,26.950617,25.902458,30.822025,31.844978,31.817802,29.345312,28.235603,23.222933,24.196852,20.035955,22.11272
26,14.548495,12.403037,13.892513,12.304683,12.472894,16.81448,15.661417,21.541304,23.277252,27.6375,31.156168,32.169228,34.499737,36.011486,32.2122,27.27342,27.26108,21.670595,22.462038,17.810438,17.210424,17.114014,13.8548765,9.200263,6.0941343,6.0997376,0.0,4.5701027,9.071644,11.446597,15.031332,20.910978,23.18439,26.409008,28.278246,31.120668,32.497658,30.42293,28.855051,26.206394,24.479673,19.126146,17.228456,14.342916,12.723237,7.4663334,10.948388,6.845492,9.353619,12.540223,14.572748,15.614825,20.332315,23.085176,21.7379,19.250837,21.95256,24.1807,29.773539,28.272577,25.024202,25.048721,21.581526,23.572416,20.123402,25.497536,23.484396,19.413692,17.7809,20.085068,16.265741,21.041555,20.451206,24.904192,24.749117,30.206469,31.453203,33.929405,35.251057,38.678795,39.03277,35.544178,31.839443,29.511045,25.22733,24.999853,19.67217,17.322786,16.293308,13.412996,17.071194,20.310705,23.48217,25.561815,27.31985,26.257713,28.66086,25.938004,31.761824,30.272297,34.859375,36.06564,36.485073,34.010147,33.54739,28.309212,29.756859,25.717634,27.858185
27,15.849356,13.687393,14.156356,10.969071,11.091713,14.386174,13.434112,19.10037,20.462412,25.264772,28.249891,29.87544,31.933464,33.586323,30.2064,24.973904,25.400074,19.905481,21.054153,17.256319,16.411797,17.62445,14.551005,9.045617,8.5223875,8.282279,4.5701027,0.0,5.25485,7.2849536,10.689137,16.560762,18.91466,22.15809,24.248156,26.951859,28.609179,26.796944,25.213625,22.73855,20.95682,15.945039,14.327835,11.703831,10.941435,7.168621,12.369762,9.078583,9.091477,13.25735,13.507575,14.621919,19.233913,21.716404,19.382732,16.488672,19.62486,21.32683,27.009604,25.925804,22.570345,23.648918,20.672743,23.3716,20.636786,26.266396,24.953655,21.60821,19.81482,21.103876,15.955094,20.424448,18.78143,23.212631,22.302643,27.771847,28.543888,30.824879,32.0386,35.58009,36.046368,32.659702,29.282299,27.05899,22.962715,23.142376,18.303738,16.38682,16.38514,14.405508,18.513863,21.057087,25.042582,26.616379,28.501623,27.28792,28.908321,25.852032,31.385462,29.278032,33.801315,34.782246,35.553665,32.8892,33.204758,27.51044,29.405504,25.590305,27.720076
28,17.0437,14.323356,13.266633,8.830285,7.953545,10.240109,8.888201,14.245543,15.365709,20.324728,23.140074,24.968609,26.944983,28.817644,25.608498,20.309347,20.844378,15.635076,16.867094,14.065943,13.107932,15.625282,13.337041,8.018222,10.432099,9.803465,9.071644,5.25485,0.0,5.835242,6.240814,13.017348,14.220901,18.076763,19.480993,22.452322,23.896538,22.07672,20.986092,18.308853,17.4675,11.829232,11.566558,8.058754,10.132223,8.4487705,13.769323,12.773809,11.895255,16.75926,14.848469,17.262363,21.21817,22.5052,19.70161,16.320381,18.912142,19.679895,25.462395,24.159863,20.623306,22.741177,20.496017,23.417252,22.022009,26.905334,25.930906,23.609604,20.946886,21.02502,15.234767,19.245382,16.59548,21.055098,19.221493,24.956713,25.029272,27.489592,28.233822,31.73082,31.875486,28.294127,25.420513,22.924553,19.376282,19.219398,15.433003,13.454452,14.755348,13.839477,18.037333,19.542007,24.213726,25.0031,27.203339,26.167345,26.946291,23.832605,29.161602,26.621904,31.33136,31.832932,32.681316,29.74662,30.526552,24.423166,26.426416,22.833559,24.673681
29,22.082825,19.720478,19.030857,14.557687,13.61476,15.210056,12.92299,18.09273,17.86489,23.418198,24.65051,27.442469,28.675993,29.956463,27.544235,21.973055,23.602432,18.335934,20.907684,18.563654,18.309132,20.961912,19.011164,13.658174,15.028113,13.342611,11.446597,7.2849536,5.835242,0.0,6.5995812,9.687713,13.483075,15.428536,18.336594,20.561491,22.528429,21.009544,18.854595,16.930616,14.322817,10.900118,9.000713,8.628295,8.2406025,8.893529,14.339368,12.780904,9.672835,14.185474,11.133606,12.916014,16.406914,17.766739,14.242191,10.837979,14.188482,15.045321,20.67789,20.204414,16.87862,19.414814,17.409111,21.04117,19.621685,25.285322,25.25015,23.22943,21.630266,21.395592,14.7577715,18.077309,15.049284,18.936024,17.181911,22.205906,22.577085,24.400438,25.730152,29.39888,30.304241,27.389809,24.194193,22.598356,18.587582,20.127903,15.909393,15.6619625,16.767435,16.405453,20.548145,22.104664,26.909994,28.0121,29.57049,27.824171,28.246452,24.696447,29.314459,26.346724,30.337255,31.19728,32.626965,29.944054,31.58947,25.663046,28.483278,25.363773,27.860487
30,21.324678,18.998766,17.177816,12.073074,11.351647,10.511622,10.02746,13.231121,13.278289,18.637405,20.16013,23.1033,24.461151,26.566032,24.2987,18.873178,20.169975,15.89851,17.532162,16.713959,15.584845,19.383444,17.706184,13.093747,16.421589,15.876881,15.031332,10.689137,6.240814,6.5995812,0.0,7.887968,8.324448,12.6184635,14.223806,16.920837,18.923243,17.756641,16.87613,14.691054,14.200477,10.033372,11.127286,9.174292,12.6788025,13.441751,18.708155,18.127325,15.900299,20.641487,17.277222,19.447004,22.658903,23.332167,19.418795,15.850167,18.566454,18.122074,23.536354,22.982828,19.573248,23.283274,22.04088,25.560238,25.151999,29.93262,29.767797,28.239023,25.648119,24.763224,18.249863,21.22005,17.333033,21.147985,18.06728,23.353453,22.409805,24.423601,24.814198,28.387548,28.654804,25.339603,23.334013,21.131401,18.400782,18.895477,16.71057,15.770401,18.258186,18.471258,22.507715,23.10452,28.262903,28.420658,30.633991,29.49734,29.24029,25.93503,30.474848,27.1887,31.540953,31.624285,32.95681,29.863111,31.761204,25.384611,27.873749,24.90027,26.530727
31,29.125816,26.777098,24.956772,19.884584,18.589472,17.528246,15.488659,17.872648,15.823662,21.336557,20.12599,24.438137,24.504793,25.732695,24.94663,19.594257,22.394335,18.764309,21.95349,22.092209,21.906094,25.93424,24.987926,20.467463,23.418724,21.778942,20.910978,16.560762,13.017348,9.687713,7.887968,0.0,6.479349,6.003295,10.133654,11.393878,14.184187,13.753901,11.577382,10.966929,8.718404,9.443047,10.096507,11.922563,14.143141,17.401838,22.074436,22.022657,18.268288,22.3324,17.297491,19.344189,20.969955,20.477932,15.817326,12.6160965,14.847682,13.050939,17.53082,18.129267,15.289638,20.422733,20.420942,24.494331,25.13412,29.77403,30.846407,30.325644,28.430847,26.62573,19.62977,21.050085,16.423826,18.810741,15.100451,18.911823,17.486628,18.478346,19.181856,22.883842,24.023558,21.732733,19.973528,19.092134,16.669777,19.20464,17.763659,18.890501,21.540705,22.736633,26.463531,26.571308,31.934887,32.025574,33.581264,31.802122,30.615768,26.979609,30.182432,26.207472,29.479536,29.602453,31.724712,28.906534,32.20025,26.154514,29.576492,27.518461,29.676682
32,28.387478,26.003117,23.390957,18.425694,17.152647,14.411995,13.638551,13.600944,11.561289,16.426903,15.413938,19.76259,19.985348,22.13451,21.401743,16.47795,18.766554,16.455412,18.595888,20.163677,19.437567,24.075977,23.581995,20.056456,24.11718,23.162186,23.18439,18.91466,14.220901,13.483075,8.324448,6.479349,0.0,6.3983316,6.5728703,9.106871,11.428172,11.277634,11.417519,10.168509,11.559368,10.3852415,13.439895,13.191789,17.694885,20.301538,24.88347,25.49585,22.623684,27.20908,22.39156,25.043829,27.052673,26.32607,22.064556,18.762436,20.350382,18.227623,22.488,22.344866,19.44494,24.667995,24.852465,28.494125,29.640808,33.490097,34.113983,33.79548,30.974472,28.856312,22.305225,23.775959,18.96821,21.50244,17.092207,21.264288,18.73453,20.249569,19.72436,23.070341,23.161861,20.226353,19.814253,18.052233,17.131151,18.089273,18.554647,18.80287,22.30752,23.77599,27.290627,26.67139,32.116486,31.41401,33.54105,32.411594,30.806858,27.570507,30.835161,26.860933,30.60545,29.967001,31.748148,28.57158,31.74537,25.459145,28.321568,26.398811,27.661232
33,33.7865,31.26588,28.916733,23.918648,22.234632,20.354723,18.09148,18.79869,15.651053,20.448036,17.411825,22.459326,21.632807,22.600605,23.001392,18.282501,21.681866,19.426626,22.85361,24.322237,24.416224,28.841125,28.647303,24.801846,28.325827,26.495737,26.409008,22.15809,18.076763,15.428536,12.6184635,6.003295,6.3983316,0.0,5.5215006,5.53043,8.700983,9.236792,7.493033,8.3117895,7.8526254,11.097175,13.127754,15.289594,18.345558,22.290884,26.392063,27.285925,23.533018,27.547121,21.835573,24.430582,25.265463,23.637535,19.29837,16.576477,17.414537,14.405249,17.51921,18.193201,15.963458,21.909142,22.979416,26.842493,28.659721,32.32412,33.829525,34.18672,32.0011,29.378435,22.69563,23.063349,18.082962,19.373528,14.86428,17.483171,14.714009,15.218007,15.095502,18.571737,19.627592,17.801826,17.312996,16.951225,16.055801,18.819937,19.29583,21.039242,24.252785,26.201267,29.498314,28.774704,34.21526,33.70751,35.188667,33.479416,31.380833,27.913424,30.12439,25.773937,28.50828,28.06865,30.472633,27.672136,31.80535,26.012478,29.596163,28.315588,30.195742
34,34.062065,31.306927,28.397398,23.709513,21.669535,19.150173,16.915007,15.925089,12.231711,16.11715,12.310384,17.573017,16.506489,17.86893,18.592346,14.460433,17.76256,16.847046,19.85144,22.493462,22.63575,27.308613,27.815123,24.893248,29.080399,27.373528,28.278246,24.248156,19.480993,18.336594,14.223806,10.133654,6.5728703,5.5215006,0.0,3.8874276,4.8634877,5.31463,6.692709,6.6959167,10.076592,11.431869,15.029861,15.907917,20.386112,24.104803,27.821085,29.582047,26.449678,30.863409,25.098022,28.510647,29.563604,27.521757,23.784052,20.91313,21.035013,17.978891,21.04332,20.647552,18.372505,24.091219,25.339397,28.705116,31.121464,33.875553,35.07097,35.820885,32.892914,29.8433,23.7091,23.884642,18.896887,20.151917,15.242981,18.098455,14.481811,15.740379,14.355759,17.336292,17.200739,14.665446,15.438245,14.344873,14.987461,16.494143,18.760605,20.115976,23.89178,26.243172,29.159363,27.710693,33.117374,31.941334,33.70475,32.45689,29.866278,26.787886,28.803787,24.492407,27.522081,26.399538,28.498177,25.460203,29.573208,23.782303,26.973038,26.051905,27.305445
35,37.348476,34.741467,31.952965,27.147022,25.288498,22.71518,20.660233,19.765356,16.08783,19.697933,15.221574,20.658752,19.062027,20.005377,21.507523,17.767792,21.294369,20.550106,23.704922,26.32262,26.485937,31.145689,31.529036,28.368618,32.37755,30.607243,31.120668,26.951859,22.452322,20.561491,16.920837,11.393878,9.106871,5.53043,3.8874276,0.0,4.2507343,6.709591,7.2124677,8.939626,11.031341,14.348332,17.296558,19.021187,22.825138,26.866907,30.62122,32.144768,28.611181,32.73121,26.790873,29.779604,30.368307,28.165756,24.18716,21.671148,21.758095,18.317223,20.457926,20.856596,19.099756,25.158321,26.806393,30.332405,32.892323,35.738506,37.345905,38.25654,35.68577,32.55191,26.314661,26.115072,21.11484,21.755674,16.912975,18.627337,14.726965,14.98657,13.597566,16.421768,16.892447,15.382834,16.630686,16.447462,17.277863,19.527197,21.729553,23.538185,27.160427,29.553097,32.478794,31.081293,36.471256,35.376083,36.925465,35.470093,32.697174,29.552935,31.03925,26.57381,28.971401,27.886152,30.318794,27.51047,32.106606,26.619114,30.039366,29.392063,30.783825
36,38.585266,35.668858,32.643513,28.126568,25.780222,23.407114,20.611057,19.223648,15.010739,17.86295,12.327156,17.786724,15.656628,16.126488,18.208992,15.139314,18.899202,18.993711,22.339312,25.479296,26.089508,30.662899,31.687168,29.088566,33.27259,31.191767,32.497658,28.609179,23.896538,22.528429,18.923243,14.184187,11.428172,8.700983,4.8634877,4.2507343,0.0,3.5674062,6.1442623,7.740311,11.566346,14.412224,17.850502,19.325882,23.501726,27.722925,30.889465,33.2307,29.968794,34.1824,27.986387,31.702856,32.136074,29.323448,26.008106,23.538134,22.776516,19.26313,21.180845,20.702742,19.09777,24.883831,26.845287,29.933424,33.129017,35.116024,36.712383,38.15118,35.247562,31.669233,25.978079,25.282484,20.437572,20.652948,15.771331,17.159304,12.783997,13.539353,11.277741,13.64384,13.317279,11.530219,13.646,13.440189,15.387293,17.253296,20.573557,22.578478,26.334984,29.135174,31.622217,29.702414,34.945675,33.49419,34.949253,33.62651,30.394697,27.520338,28.487228,24.04914,26.318089,24.829018,27.171711,24.373346,29.160036,23.991611,27.3249,27.180317,28.3984
