,0,1,2,3,4,5,6,7,8,9,10,11,12,13,14,15,16,17,18,19,20,21,22,23,24,25,26,27,28,29,30,31,32,33,34,35,36,37,38,39,40,41,42,43,44,45,46,47,48,49,50,51,52,53,54,55,56,57,58,59,60,61,62,63,64,65,66,67,68,69,70,71,72,73,74,75,76,77,78,79,80,81,82,83,84,85,86,87,88,89,90,91,92,93,94,95,96,97,98,99,100,101,102,103,104,105,106,107,108,109,110,111,112,113
0,0.0,4.1695113,6.8890758,10.041553,13.207956,15.675199,18.357763,21.551495,24.53236,26.617226,30.330957,32.517494,35.977585,36.617676,39.220314,35.981194,39.856064,37.438496,43.92674,41.432907,45.273834,46.98346,51.321125,45.72976,42.60976,42.649765,38.248466,41.169758,38.08346,42.47243,36.287544,42.135124,39.349693,35.078274,30.594414,29.863491,27.178059,25.647552,30.38039,30.431223,27.094479,30.100973,33.35275,31.097298,29.47173,35.358894,37.633472,33.406292,35.22836,31.654997,33.67371,40.181274,39.50299,37.725945,40.375618,43.05256,39.035892,41.33816,45.726013,44.287098,42.07898,46.41684,49.97122,52.63903,47.457436,44.053806,47.265785,44.468433,41.360516,45.610294,42.94604,40.53358,37.199135,37.454853,34.297985,34.396744,30.526386,28.383186,24.703066,24.196484,20.4261,17.559294,20.4912,24.025501,27.226402,28.645746,32.376053,36.71771,38.818195,42.444263,44.002197,45.86734,48.479393,52.104584,55.73779,52.39277,49.61322,47.325676,44.129154,40.796062,39.63451,35.038586,34.86752,27.924492,29.633022,24.99358,21.937973,24.286442,27.073332,29.20619,31.143345,34.5171,36.434204,40.237488
1,4.1695113,0.0,5.228536,6.2454877,9.831001,13.0790415,14.9707775,18.743767,21.215937,23.766636,27.244257,29.64813,32.931847,33.30831,35.859238,32.303074,36.09666,33.559216,40.037003,37.495296,41.257366,43.043297,47.306477,41.663376,38.579792,38.547783,34.163517,37.094666,34.033096,38.48299,32.36632,38.415703,35.759506,31.425747,26.891476,26.168308,23.679832,21.871773,26.482878,26.763342,23.515127,26.188326,29.483152,27.54556,25.885141,31.506283,33.98177,30.073698,31.885828,28.385918,30.039547,36.634624,35.89526,33.989513,36.461163,39.04992,34.99817,37.221073,41.5974,40.331276,38.0307,42.29206,45.860252,48.58382,43.45532,40.000294,43.193226,40.431732,37.237667,41.456932,38.861195,36.481422,33.051575,33.411263,30.192806,30.450466,26.586382,24.320814,20.859703,20.216953,16.563036,13.995241,16.637533,20.335583,23.321487,25.122038,28.514967,33.043774,35.141304,38.72939,40.407314,42.122395,44.93056,48.529015,52.185905,49.077076,46.313587,44.10076,40.84611,37.528725,36.38321,31.764437,31.466442,24.772987,26.103697,21.682756,18.6845,20.923672,23.560364,25.622274,27.29861,30.74825,32.474285,36.381886
2,6.8890758,5.228536,0.0,5.372429,7.071505,9.396454,11.978662,15.005851,18.210249,19.967154,23.833057,25.813522,29.409775,30.10481,33.156765,30.140823,34.246544,32.279354,38.758366,36.940662,40.92765,42.84325,47.211906,41.894413,38.91628,38.661617,33.885963,36.366356,32.93726,37.06288,30.559649,35.96078,32.977104,28.898579,24.448217,23.778557,20.774542,19.888983,24.702414,24.237438,21.069578,24.979092,27.661852,25.02287,24.000418,30.253836,31.775293,27.595148,30.007872,26.882534,29.219942,35.014427,35.163555,33.689995,35.84532,38.21857,33.987473,36.444458,41.056396,39.348274,36.94449,41.68403,45.39741,47.78887,42.408497,39.33397,43.13859,40.736633,37.2523,41.69734,39.659237,37.687798,33.668865,34.81477,31.136484,32.22312,28.44138,25.429062,22.964184,21.083584,17.850117,15.146863,16.650719,19.80767,22.817186,23.859146,27.929182,31.843998,34.460106,37.937786,39.854362,42.012127,44.5891,47.965374,51.298656,47.911575,44.87322,42.370342,39.5256,35.92041,35.374435,30.559837,31.12127,24.365576,26.27843,22.188845,19.575945,22.617424,24.761642,27.750427,28.328987,32.311653,33.669746,37.790165
3,10.041553,6.2454877,5.372429,0.0,3.8994277,8.40403,8.850937,13.285357,15.252916,18.098907,21.39884,23.873787,27.060581,27.224136,30.029377,26.329489,30.22221,27.887615,34.367718,32.25752,36.063297,38.055737,42.284504,36.792686,33.839005,33.53829,28.889439,31.519571,28.221743,32.55733,26.249096,32.19811,29.51893,25.248991,20.654621,19.973118,17.459238,15.804451,20.385614,20.529491,17.492628,20.502533,23.4329,21.53647,20.282927,25.91952,28.050056,24.483528,26.701668,23.60536,25.137644,31.29486,31.086657,29.288239,31.244366,33.540226,29.286793,31.554245,36.09675,34.79179,32.258736,36.75153,40.453094,43.03614,37.803677,34.5286,38.131016,35.679825,32.137318,36.472767,34.385075,32.3539,28.344315,29.446938,25.795744,26.927279,23.173878,20.143356,17.899855,16.02085,13.006849,11.013314,12.000849,15.547079,18.151426,20.050816,23.367008,27.758623,30.218374,33.66713,35.690952,37.48818,40.419373,43.82098,47.288624,44.335697,41.416023,39.122383,36.066715,32.586494,31.881218,27.114397,27.225983,20.955376,22.080198,18.338615,15.821466,18.421646,20.37222,22.987219,23.395428,27.333776,28.48211,32.68358
4,13.207956,9.831001,7.071505,3.8994277,0.0,5.499282,5.1654744,9.598723,11.729122,14.306753,17.740746,20.060076,23.36501,23.624355,26.764849,23.331047,27.428944,25.50939,31.957615,30.414234,34.34937,36.45019,40.71617,35.512817,32.679283,32.19028,27.268904,29.514507,25.958208,30.032742,23.492107,29.005304,26.176624,22.125078,17.491789,16.795393,13.99731,13.139921,17.742123,17.329493,14.570433,18.500818,20.797709,18.565811,17.986864,23.889393,25.293203,21.823416,24.591736,21.956379,23.738684,29.187695,29.694933,28.172548,29.674398,31.672127,27.23517,29.583582,34.30673,32.833458,30.103367,34.904285,38.73442,41.09494,35.724113,32.740635,36.80405,34.694214,30.861895,35.283836,33.729237,32.04819,27.548872,29.29959,25.290678,27.145906,23.57607,19.9486,18.765528,15.814527,13.484834,11.759337,11.309786,14.18256,16.5808,17.96244,21.629532,25.536974,28.395874,31.708935,33.956306,36.024147,38.831295,42.031887,45.251003,42.20428,39.100918,36.63642,33.87989,30.209278,29.988268,25.11031,25.8532,19.82653,21.198252,18.008345,16.009542,19.057253,20.433918,23.691908,23.06816,27.376726,28.141533,32.46735
5,15.675199,13.0790415,9.396454,8.40403,5.499282,0.0,6.149837,6.026257,9.670128,11.156366,14.858096,17.081766,20.449057,21.483046,24.098764,21.777224,26.000095,24.620556,30.953314,29.86985,34.200264,36.02535,40.615177,36.031387,33.162598,32.894848,27.728788,29.701385,26.208488,29.78478,23.677767,28.171541,25.652704,22.563467,17.642963,16.173794,13.867657,15.103273,18.938704,17.548819,16.228409,21.044956,22.072283,19.86052,20.6024,26.31161,26.660187,23.783123,27.33969,25.398495,27.220331,31.709848,33.04797,31.70005,32.435085,33.787235,28.994596,30.914259,35.90024,34.922787,31.54519,36.417942,40.51789,42.78048,37.43553,34.7788,39.240448,37.562683,33.20899,37.308178,36.472668,34.903217,29.863783,31.780033,27.290863,29.518826,26.11928,21.984856,21.267105,17.312841,15.203753,12.751291,12.012315,13.502201,16.510149,16.043463,21.035786,23.872658,26.955267,30.252197,32.311146,35.056614,37.185886,40.26115,43.209797,39.553596,36.29705,33.581264,31.1244,27.3072,27.384106,22.476719,24.079744,17.729523,20.296947,17.183718,15.664372,19.622448,20.63481,25.161451,23.841103,28.47879,29.450771,33.55956
6,18.357763,14.9707775,11.978662,8.850937,5.1654744,6.149837,0.0,6.136258,7.0947275,9.888918,13.031824,15.335459,18.539062,18.58039,22.152405,18.725082,22.9723,21.500534,27.811155,26.949123,30.888905,33.174072,37.351505,32.481964,29.877617,29.092096,23.956415,25.680616,21.850304,25.612478,18.853806,23.989557,21.083498,17.257717,12.5542145,11.90264,8.892245,9.057379,13.3502865,12.3768635,10.270297,15.01081,16.38503,14.093018,14.492604,20.245657,20.882456,17.97056,21.348637,19.473713,21.117102,25.628178,26.914507,25.643951,26.416502,27.951614,23.32698,25.689245,30.55847,29.0293,26.022995,31.085945,35.03329,37.16117,31.712523,29.061798,33.594067,31.93119,27.77178,32.210857,31.337168,30.12428,25.113316,27.666958,23.34947,26.102224,22.91158,18.717424,19.0582,15.057097,13.996994,13.228652,10.793889,12.511377,14.041436,15.131642,18.63425,22.005312,25.298344,28.33286,30.930048,33.1194,35.93366,38.842335,41.773827,38.87181,35.611923,33.05219,30.637335,26.826883,27.213646,22.335278,23.68034,18.558887,19.71297,17.660587,16.517294,19.581034,20.089804,23.71079,21.760372,26.340172,26.458693,30.88924
7,21.551495,18.743767,15.005851,13.285357,9.598723,6.026257,6.136258,0.0,4.74058,5.139207,8.9555,11.071396,14.484593,15.612935,18.714605,16.881369,21.294428,20.697279,26.712427,26.605991,30.947632,32.92557,37.408363,33.368156,30.80848,30.23169,24.890472,26.138866,22.416107,25.390474,19.284693,22.82761,20.305323,17.93342,13.177333,11.526307,9.407136,12.5974045,15.431299,13.0900545,13.170274,18.646017,18.314835,16.100601,18.15594,23.408587,22.622572,20.544077,24.743645,23.748207,25.448687,28.63908,30.912989,29.915459,29.799854,30.534594,25.625902,27.44968,32.527363,31.531345,27.847141,32.94085,37.135323,39.063034,33.707592,31.551622,36.51133,35.4025,30.74091,34.747837,34.747864,33.726498,28.20751,30.955873,26.207447,29.35672,26.429296,21.813236,22.646889,17.777239,17.005281,15.613582,13.015741,12.976526,14.918506,13.600126,18.557556,20.361849,24.005411,26.900475,29.339235,32.329346,34.3317,36.999523,39.52121,35.942596,32.455868,29.555182,27.638977,23.612411,24.579191,19.723976,22.272766,17.18113,19.579105,17.913313,17.436903,21.271097,21.309153,26.16113,23.416414,28.265272,28.529312,32.658978
8,24.53236,21.215937,18.210249,15.252916,11.729122,9.670128,7.0947275,4.74058,0.0,4.743519,6.3189964,9.424842,11.937199,12.184947,15.158775,12.44132,16.85447,16.164639,22.194506,22.209438,26.433796,28.564888,32.907204,28.914309,26.50145,25.751158,20.395264,21.45366,17.691786,20.67408,14.672078,18.554132,16.42856,14.174166,9.072877,6.9133387,6.1049848,9.787904,11.391335,9.165198,10.647342,15.295674,14.313741,13.149406,15.680031,19.860256,19.165724,18.23849,22.408934,21.883322,22.726944,25.609203,27.905298,26.776587,26.053925,26.389652,21.359268,22.88967,27.995453,27.455526,23.429155,28.390518,32.648468,34.645695,29.42279,27.277153,32.25921,31.366274,26.502056,30.32252,30.680769,29.857561,24.148647,27.221422,22.407597,26.014334,23.449451,18.679913,20.5604,15.346916,15.65675,15.378637,11.570234,10.7076435,11.441659,10.532244,14.591092,16.401394,20.192,22.903486,25.638483,28.37416,30.689568,33.244972,35.770065,32.662514,29.218452,26.484797,24.513096,20.544895,21.677826,16.92358,19.370266,15.506437,16.966368,16.435204,16.604008,19.846067,19.227716,23.820787,20.266665,25.089005,24.845547,28.989305
9,26.617226,23.766636,19.967154,18.098907,14.306753,11.156366,9.888918,5.139207,4.743519,0.0,4.407337,5.934435,9.529045,10.925842,14.734132,13.789876,18.24572,18.654354,24.059034,25.036585,29.269764,31.34334,35.63863,32.231575,30.035492,29.181393,23.850737,24.288788,20.459944,22.61543,16.747915,18.87509,16.366364,15.078413,11.007477,9.365385,7.8813214,12.832394,14.246209,10.924992,12.673866,18.329617,16.569468,14.435999,17.748129,22.278215,20.243519,19.079508,23.749983,23.703945,25.29023,27.069714,30.225748,29.614847,28.719166,28.831377,23.966906,25.65107,30.686382,29.648285,25.766148,30.982132,35.187763,36.727543,31.437973,29.86183,35.219875,34.67726,29.849785,33.68016,34.461586,33.962215,28.177826,31.579529,26.769121,30.582983,28.130236,23.339287,25.282747,20.03265,20.20157,19.482197,16.052439,14.947451,15.785866,13.7627325,18.220459,18.765362,22.821281,25.185928,27.919405,31.10357,32.896378,35.103035,37.13823,33.648632,29.977377,26.919546,25.664122,21.547588,23.431028,18.898178,22.258827,18.590452,20.729214,20.279774,20.537958,24.11344,23.464727,28.377945,24.638794,29.468063,29.138842,33.157463
10,30.330957,27.244257,23.833057,21.39884,17.740746,14.858096,13.031824,8.9555,6.3189964,4.407337,0.0,3.826957,5.7109213,6.941178,10.372123,9.921746,14.244371,15.274639,20.180231,21.768742,25.928892,27.956907,32.157703,29.275423,27.317862,26.408054,21.199318,21.13358,17.506659,19.036392,14.007215,15.17073,13.464755,13.407241,9.752854,7.564152,8.317078,13.60633,13.307808,9.891101,13.47472,18.114805,15.247626,14.300483,18.28335,21.452126,18.99989,19.31115,23.991331,24.592043,25.42728,26.437601,29.861376,29.239178,27.530825,26.954924,22.054922,23.156137,28.134947,27.772316,23.4072,28.351124,32.623825,34.10552,29.093704,27.796839,33.21838,33.100468,28.031923,31.4093,32.84037,32.59588,26.6444,30.281216,25.438799,29.629152,27.638758,22.810379,25.588448,20.121563,21.095524,20.977184,16.99188,14.951018,14.870558,12.327211,16.068655,15.563884,19.781174,21.73764,24.625607,27.879868,29.53583,31.452583,33.2392,29.928444,26.21472,23.173536,22.224192,18.151894,20.56452,16.415518,20.159388,17.91608,19.61156,20.263363,21.189732,24.382992,23.118296,28.023485,23.523483,28.214706,27.516834,31.296106
11,32.517494,29.64813,25.813522,23.873787,20.060076,17.081766,15.335459,11.071396,9.424842,5.934435,3.826957,0.0,4.3008757,6.4940124,11.281537,12.107985,16.104261,17.918823,22.112825,24.468643,28.399532,30.497301,34.455105,31.945074,30.246975,29.118307,24.046223,23.462673,19.763594,20.643229,15.640866,15.323242,13.082025,13.778038,11.4065895,10.173415,10.031244,15.568342,15.264454,11.360985,14.736959,19.882917,16.613281,14.894993,19.282627,22.613571,19.132095,19.278711,24.191875,25.223541,26.59004,26.636486,30.72338,30.566101,28.782396,28.108768,23.513027,24.897808,29.682068,28.674604,24.6671,29.817333,33.92648,34.94458,29.891085,29.106485,34.785957,34.93684,30.048725,33.52175,35.206352,35.29317,29.393402,33.369987,28.647734,33.013355,31.10976,26.320211,29.206688,23.804749,24.735611,24.52644,20.629135,18.755714,18.598331,16.068296,19.567186,18.535929,22.796068,24.373762,27.330988,30.664248,32.10884,33.679485,35.03785,31.711823,27.900545,24.729015,24.420527,20.415434,23.346338,19.525318,23.581661,21.57142,23.372797,24.052378,24.923338,28.186913,26.944447,31.792702,27.21541,31.85253,30.938486,34.698875
12,35.977585,32.931847,29.409775,27.060581,23.36501,20.449057,18.539062,14.484593,11.937199,9.529045,5.7109213,4.3008757,0.0,3.7095861,7.4937205,9.776991,13.074687,15.707903,18.977812,22.03579,25.791498,27.743656,31.553917,29.716991,28.295948,27.17919,22.402857,21.28825,18.024921,18.036856,14.441382,12.60056,11.656511,13.910009,12.2344885,10.724667,12.274494,17.55141,15.947461,12.3910265,16.890574,20.928686,16.871494,16.39075,21.053097,23.0545,19.348381,20.893694,25.627628,27.14252,27.78659,27.195797,31.405088,31.2005,28.683058,27.32071,22.81341,23.49628,28.093664,27.882637,23.44128,28.137745,32.253437,33.20452,28.556595,28.084284,33.705734,34.277367,29.221968,32.128788,34.44129,34.737434,28.789534,32.84868,28.181875,32.761387,31.295717,26.580807,30.046625,24.580376,26.07643,26.263783,22.095737,19.567333,18.780724,15.871727,18.563057,16.381075,20.573914,21.61461,24.60711,28.007404,29.180046,30.384478,31.402205,28.236656,24.417679,21.286634,21.444258,17.641577,21.10642,17.923403,22.232477,21.573105,23.010054,24.56427,25.951628,28.875708,27.157734,31.958591,26.839884,31.240406,30.061916,33.48401
13,36.617676,33.30831,30.10481,27.224136,23.624355,21.483046,18.58039,15.612935,12.184947,10.925842,6.941178,6.4940124,3.7095861,0.0,6.976448,7.53787,10.735216,13.455969,16.554756,19.831116,23.25307,25.509579,29.017193,27.034458,25.828438,24.399195,19.753819,18.315054,14.898859,14.777416,11.021471,9.057638,8.171228,10.81573,9.845384,8.822677,11.063189,15.814206,13.327822,10.074738,15.126157,18.293728,13.805635,14.052391,18.78073,19.92015,16.201508,18.566969,23.060354,24.85479,25.008274,24.117569,28.294481,28.093822,25.275698,23.717258,19.3028,19.967033,24.481005,24.263607,19.79774,24.508207,28.582668,29.498642,24.858076,24.45554,30.100374,30.802763,25.807522,28.706106,31.168201,31.701714,25.837128,30.18085,25.715435,30.508192,29.302998,24.744806,28.696701,23.427427,25.38109,26.14652,21.648537,19.196997,17.637367,15.665055,17.096188,15.217369,19.387106,20.196108,23.533314,26.419344,28.125557,29.268084,30.38229,27.90866,24.228851,21.405594,21.367903,17.765823,21.117039,18.073915,21.850176,21.86805,22.460167,24.465494,25.937687,28.379805,26.475416,30.70696,25.365747,29.564651,27.92814,31.394785
14,39.220314,35.859238,33.156765,30.029377,26.764849,24.098764,22.152405,18.714605,15.158775,14.734132,10.372123,11.281537,7.4937205,6.976448,0.0,6.157482,7.193096,10.599683,12.514306,15.978414,19.659533,21.141005,25.020718,24.055414,22.843445,22.107567,17.92136,16.484333,14.49461,13.570324,13.25962,10.888626,13.049401,16.148455,14.459742,12.192607,15.988764,20.201385,17.14914,14.972904,20.336912,22.304024,17.944582,19.716148,24.016542,24.078205,21.377342,24.607561,28.729713,30.349737,29.57629,29.167686,32.69866,31.945532,28.563217,26.331423,21.844486,20.948421,25.262215,27.160234,21.814026,25.250574,29.462646,30.86931,27.083448,26.503798,31.526482,32.43169,27.053204,28.778698,31.77646,32.00341,26.113884,29.742,25.197454,29.74362,28.957714,24.55301,28.627722,23.313023,25.604221,26.416086,22.11808,18.662294,17.019691,13.734663,14.768797,10.709569,14.464965,14.777754,17.702536,21.182705,22.022356,22.972755,23.925756,21.030312,17.29864,14.42987,14.654172,11.273944,15.169702,13.188802,17.393648,19.124714,19.718557,22.66036,24.849575,27.00921,24.57553,29.167862,23.441135,27.295477,25.974419,28.686422
15,35.981194,32.303074,30.140823,26.329489,23.331047,21.777224,18.725082,16.881369,12.44132,13.789876,9.921746,12.107985,9.776991,7.53787,6.157482,0.0,4.5193586,5.990183,10.328096,12.492332,16.29525,18.464252,22.37987,20.008375,18.527216,17.455614,12.724176,11.804368,8.993771,9.702101,7.936908,9.078535,10.810094,12.259675,9.9368,7.6233788,12.306779,15.355656,11.766821,10.619297,15.960851,16.783903,12.787124,15.551784,19.24923,18.827171,17.338093,20.691496,24.35049,25.624235,24.252539,24.755554,27.542227,26.40748,23.213856,21.322056,16.50399,15.736879,20.451725,22.402374,16.917318,20.587635,24.98788,26.889908,22.77293,21.479708,26.386345,26.872528,21.418453,23.546217,26.046343,26.126156,20.16848,23.938719,19.380983,24.080418,23.268377,18.907806,23.337067,18.252203,20.96566,22.469645,17.826124,14.734644,12.15425,10.715511,10.146658,8.192761,12.239431,13.245102,16.764313,19.256247,21.541216,23.14721,25.027788,23.052778,19.715597,17.469421,16.240856,12.956589,15.43834,12.638845,15.411954,16.92885,16.298857,19.357826,21.372143,22.967958,20.53578,24.385132,18.629797,22.526697,20.841064,24.045471
16,39.856064,36.09666,34.246544,30.22221,27.428944,26.000095,22.9723,21.294428,16.85447,18.24572,14.244371,16.104261,13.074687,10.735216,7.193096,4.5193586,0.0,4.497261,6.0116577,9.497564,12.810625,14.819372,18.484066,17.051151,16.080425,15.049691,11.230479,9.35386,8.143747,7.0381417,9.345113,8.945866,12.566143,14.919765,13.639992,11.778309,16.542395,19.006254,14.765818,14.340845,19.67981,19.32883,15.163195,18.836153,22.329643,20.533068,19.25888,23.61692,26.825487,28.417723,26.336056,26.323942,28.910711,27.682056,23.812778,21.168692,16.84088,14.8480215,18.957584,22.268497,16.47231,18.981329,23.259296,25.223545,21.908604,20.9071,25.342152,26.307787,20.86229,21.956762,25.220243,25.535677,19.860348,23.474413,19.325775,24.023962,23.911999,20.051851,24.924341,20.266441,23.438057,25.32129,20.78451,17.44161,14.376246,13.137463,10.806288,7.3432035,10.424027,10.206282,13.913583,16.051363,18.298147,19.44371,21.096233,19.844143,16.784512,15.077156,14.113003,11.724563,14.3381605,12.954494,15.208826,18.617188,17.262789,21.206512,23.618444,24.588715,21.73481,25.070375,18.96858,22.159248,20.075209,22.61297
17,37.438496,33.559216,32.279354,27.887615,25.50939,24.620556,21.500534,20.697279,16.164639,18.654354,15.274639,17.918823,15.707903,13.455969,10.599683,5.990183,4.497261,0.0,6.495876,6.631399,10.671146,12.838275,16.986755,14.239346,12.611269,11.866365,7.3960147,7.039036,6.1153193,7.505896,9.204864,11.932874,14.780939,15.595718,13.3997345,11.3129835,16.200064,17.606474,13.567389,14.174163,18.900263,17.675308,14.503996,18.697887,21.385544,19.488335,19.659042,23.633204,26.433468,27.436472,24.882824,26.125277,27.771294,25.99929,22.499846,20.288713,15.724197,13.470696,17.808416,21.716482,15.837394,18.01498,22.418322,25.070114,21.743319,19.86635,23.777145,24.178598,18.597895,19.675629,22.316982,22.091652,16.35129,19.466803,15.1367235,19.674608,19.546047,15.789773,20.718937,16.334236,19.769258,22.037107,17.609293,14.372635,10.83623,10.774762,6.762179,5.186624,7.8372297,8.662107,12.391031,13.909748,17.081741,19.020279,21.587275,20.562874,17.886976,16.580362,14.371856,12.160001,13.30378,11.526954,12.395323,15.90397,13.632569,17.799479,20.225409,20.670298,17.730843,20.664452,14.539328,17.70993,15.690443,18.447054
18,43.92674,40.037003,38.758366,34.367718,31.957615,30.953314,27.811155,26.712427,22.194506,24.059034,20.180231,22.112825,18.977812,16.554756,12.514306,10.328096,6.0116577,6.495876,0.0,5.9510617,7.640818,9.456768,12.638879,12.362666,12.216604,11.349173,9.586793,6.893534,8.819976,6.3306093,12.6476345,12.309766,16.789871,19.09651,18.41734,16.893742,21.713087,23.21676,18.569637,19.140509,24.147474,22.303226,18.53799,23.130886,26.01754,22.754272,22.37861,27.49554,29.962385,31.639359,28.607231,28.517725,30.382463,28.857126,24.454206,21.17724,17.687939,14.202071,17.137295,22.38733,16.565771,17.077053,20.99206,23.30873,21.261826,20.305494,23.633831,24.987656,19.78395,19.32436,23.297869,23.75501,18.79102,21.84121,18.514574,22.884716,23.716822,20.773376,25.977215,22.1729,25.813513,28.236956,23.953423,20.626959,17.096552,16.693415,12.4266,9.057731,9.614115,7.5831327,11.159605,11.833842,14.593302,15.253245,16.989985,17.391008,15.258287,14.838946,13.727426,13.051114,14.756244,15.060329,15.806337,21.05301,18.588905,23.306618,26.004736,26.001345,22.785671,25.04685,18.895187,20.870243,18.27922,19.7864
19,41.432907,37.495296,36.940662,32.25752,30.414234,29.86985,26.949123,26.605991,22.209438,25.036585,21.768742,24.468643,22.03579,19.831116,15.978414,12.492332,9.497564,6.631399,5.9510617,0.0,4.7928796,6.36417,10.930885,8.585969,7.1630597,7.510849,5.994823,6.1831474,9.142973,9.5729685,14.334502,16.704884,20.337934,21.210464,19.464401,17.62611,22.402273,22.933313,18.812641,20.236046,24.520334,21.956852,19.436455,24.30081,26.32161,23.193668,24.365883,28.858871,30.942053,31.86405,28.391924,29.855696,30.582563,28.383255,24.564196,21.92143,18.263584,14.564114,17.549496,23.513618,17.77332,17.73725,21.662174,24.876112,22.899258,20.849392,23.281034,23.832722,18.596012,17.813484,20.857872,20.408642,15.643573,17.468431,14.1342945,17.875608,18.894117,16.449142,21.421549,18.277414,22.065954,24.807919,20.989632,17.842236,14.228432,14.833606,9.203798,7.8826504,6.466489,5.557771,8.67634,8.092851,12.391391,14.403813,17.594969,18.046446,16.50013,16.539679,13.824981,13.488668,13.224453,13.498382,12.273208,17.99112,14.478062,19.463137,22.214413,21.42362,18.085901,19.684544,13.688381,15.120353,12.750054,14.018474
20,45.273834,41.257366,40.92765,36.063297,34.34937,34.200264,30.888905,30.947632,26.433796,29.269764,25.928892,28.399532,25.791498,23.25307,19.659533,16.29525,12.810625,10.671146,7.640818,4.7928796,0.0,3.582987,6.4942713,4.939546,5.6232433,5.5110064,7.6282625,6.714694,11.024531,10.43725,16.588095,18.45789,22.443174,23.480267,22.593466,21.28437,25.937674,25.972366,21.497152,23.332268,27.448364,23.96787,21.521843,26.803421,28.518288,24.270227,25.750666,30.827776,32.332035,33.50744,29.454094,30.436182,30.782711,28.577274,24.34612,21.240164,18.572086,14.130365,15.735751,22.77602,17.45719,15.827399,19.154295,22.46891,21.567701,19.770456,21.227358,22.222263,17.54042,15.4040165,19.149973,19.163002,15.427847,17.037985,14.977305,18.385983,20.278486,18.79126,23.936195,21.608198,25.572853,28.665932,24.93952,22.12329,18.299664,19.519764,13.5713625,12.621162,10.811818,8.909934,11.0978565,8.443726,13.158883,14.346608,17.237534,19.337833,18.530066,19.266424,17.041092,17.458073,17.188183,18.105453,16.492363,22.47626,18.573973,23.54748,26.205046,24.849695,21.54279,21.947617,16.40632,16.601614,13.4734,13.721197
21,46.98346,43.043297,42.84325,38.055737,36.45019,36.02535,33.174072,32.92557,28.564888,31.34334,27.956907,30.497301,27.743656,25.509579,21.141005,18.464252,14.819372,12.838275,9.456768,6.36417,3.582987,0.0,5.234466,6.2070465,6.793686,8.147012,10.503867,10.156451,14.296806,13.560365,19.77874,21.252205,25.436207,26.691984,25.51534,23.893408,28.64708,28.898483,24.606598,26.272797,30.475637,27.237207,24.841381,30.009974,31.800314,27.7772,29.208961,34.205017,35.82575,36.910896,32.8938,34.01282,34.30568,32.01886,27.865648,24.774946,22.144207,17.704958,19.09769,26.304241,21.029316,19.1648,22.230913,25.521477,24.980928,23.252289,24.37359,25.338175,20.84122,18.30771,21.886932,21.599583,18.251614,19.038746,17.162262,19.901175,21.901302,20.65577,25.386997,23.210243,27.031935,29.944971,26.537716,23.508846,20.03266,20.696125,15.0655575,13.5060625,10.719892,8.293118,9.245274,5.599261,10.176895,11.298064,14.51089,17.02521,16.829243,18.137323,15.814122,17.040257,16.275478,18.100168,16.12598,22.796389,18.99554,24.116993,26.96288,25.465715,22.068586,22.55012,17.29165,16.988728,14.506446,13.74247
22,51.321125,47.306477,47.211906,42.284504,40.71617,40.615177,37.351505,37.408363,32.907204,35.63863,32.157703,34.455105,31.553917,29.017193,25.020718,22.37987,18.484066,16.986755,12.638879,10.930885,6.4942713,5.234466,0.0,6.6284614,9.263892,9.742769,13.730452,12.613178,17.054619,15.600693,22.486347,23.423653,27.790955,29.22516,28.841337,27.684464,32.32198,32.23212,27.640957,29.56188,33.645226,29.736727,27.338713,32.75511,34.333622,29.397844,30.93933,36.417114,37.526493,38.900307,34.45848,34.964676,35.00225,32.830246,28.346943,24.878288,23.285124,18.509703,18.469374,26.249744,21.629572,18.403652,20.560097,23.681654,24.34336,23.065695,23.203259,24.680946,20.996893,17.296818,21.45931,21.77047,19.564842,20.29165,19.585857,22.04715,24.657412,24.09422,28.962229,27.331842,31.27803,34.45778,31.016163,28.241428,24.537205,25.650824,19.7798,18.438597,15.921573,13.280959,14.024033,9.986221,13.683217,13.601518,15.863643,19.913723,20.282923,21.983473,20.28833,21.791122,21.305416,23.28285,21.329361,27.936623,23.94109,28.98563,31.714022,29.89901,26.58623,26.206907,21.351353,20.318718,17.29972,15.891363
23,45.72976,41.663376,41.894413,36.792686,35.512817,36.031387,32.481964,33.368156,28.914309,32.231575,29.275423,31.945074,29.716991,27.034458,24.055414,20.008375,17.051151,14.239346,12.362666,8.585969,4.939546,6.2070465,6.6284614,0.0,3.4749646,3.6809886,8.64898,9.0799,13.26023,13.694708,18.973392,21.96255,25.46866,25.693777,24.832644,23.832245,28.160568,27.249672,23.022484,25.539816,28.949558,24.529135,23.001223,28.478523,29.3952,24.651085,27.231682,32.115448,32.9447,33.784954,29.186953,30.82982,30.175049,27.60072,23.688822,20.940924,18.950615,14.447113,15.083333,22.617813,18.003227,15.313123,18.030268,21.889645,21.560595,19.214378,19.34826,19.928173,15.910252,12.825933,16.0068,15.712999,13.236655,13.74948,13.029029,15.563873,18.19999,17.896524,22.834044,21.65965,25.67616,29.170519,25.819242,23.59619,19.713076,22.03727,15.638786,16.27447,14.1456995,12.956716,14.480738,10.69311,15.872965,17.338057,20.565502,23.200962,22.818848,23.780392,21.169533,21.672321,20.697945,21.418335,18.834059,24.42679,19.872309,24.557589,26.942955,24.803396,21.694855,20.610493,15.919303,14.840947,11.197604,10.655803
24,42.60976,38.579792,38.91628,33.839005,32.679283,33.162598,29.877617,30.80848,26.50145,30.035492,27.317862,30.246975,28.295948,25.828438,22.843445,18.527216,16.080425,12.611269,12.216604,7.1630597,5.6232433,6.793686,9.263892,3.4749646,0.0,3.4086285,6.763485,8.704885,12.341773,13.788747,18.044312,21.812582,24.972939,24.786589,23.236933,21.941364,26.235277,25.290985,21.44337,23.96227,27.217947,23.106333,21.905394,27.189096,28.027533,23.987623,26.77978,31.152966,32.216534,32.69556,28.332397,30.697266,29.982233,27.22334,23.756008,21.49241,18.815817,14.745187,16.365448,23.300758,18.424643,16.721127,19.894297,23.86034,22.771303,19.993223,20.614996,20.630184,16.199072,14.105519,16.383646,15.378585,12.186176,12.29445,10.706045,13.21887,15.493597,14.931291,19.720346,18.454603,22.418383,25.855495,22.653532,20.442518,16.705793,19.1623,12.754874,14.104499,11.873813,11.520937,13.034605,9.730306,15.127978,17.345537,21.05013,22.805237,22.164886,22.8505,19.742865,19.93882,18.534163,18.868717,15.908517,21.208603,16.524088,21.145395,23.518806,21.345646,18.223312,17.331055,12.491948,11.64839,8.232328,8.256177
25,42.649765,38.547783,38.661617,33.53829,32.19028,32.894848,29.092096,30.23169,25.751158,29.181393,26.408054,29.118307,27.17919,24.399195,22.107567,17.455614,15.049691,11.866365,11.349173,7.510849,5.5110064,8.147012,9.742769,3.6809886,3.4086285,0.0,5.3597775,6.392926,10.098769,11.468123,15.757094,19.569416,22.614172,22.382994,21.41447,20.561352,24.734928,23.622965,19.4381,22.10749,25.337626,20.866564,19.481085,24.938784,25.750864,21.185566,23.940477,28.59742,29.468845,30.204456,25.710361,27.626495,27.01894,24.417599,20.65586,18.180836,15.717344,11.472265,12.97316,19.957037,15.139614,13.32829,16.622808,20.557959,19.36308,16.646826,17.472322,17.73704,13.163119,11.179929,14.0387535,13.704079,10.185649,11.652307,10.150661,13.57641,15.801284,15.007354,20.28121,18.823627,22.905485,26.475622,22.895643,20.87113,16.800995,19.60663,13.131866,14.576598,13.247598,12.763842,15.015542,12.178274,17.459007,19.272318,22.534443,24.403215,23.450037,23.871557,21.148966,20.940002,20.198086,20.078012,17.766634,22.574087,18.037746,22.486689,24.685682,22.778545,19.784485,18.915005,13.905631,13.650385,9.624394,10.666297
26,38.248466,34.163517,33.885963,28.889439,27.268904,27.728788,23.956415,24.890472,20.395264,23.850737,21.199318,24.046223,22.402857,19.753819,17.92136,12.724176,11.230479,7.3960147,9.586793,5.994823,7.6282625,10.503867,13.730452,8.64898,6.763485,5.3597775,0.0,4.243145,6.0210285,9.059101,11.489213,16.22398,18.723885,18.163082,16.482498,15.343283,19.594265,18.851257,14.787896,17.205553,20.623657,16.963621,15.350054,20.527048,21.700472,18.216196,20.56636,24.716352,26.22432,26.809149,22.96634,25.21811,25.239477,22.766747,19.347479,17.331413,13.54642,10.257685,13.737683,19.130102,13.709508,14.161383,18.25823,21.838564,19.22922,16.363382,18.7841,18.69527,13.323974,13.555795,15.7253275,15.161826,9.88227,12.511676,8.932731,13.475046,14.393853,12.036683,17.570404,14.933341,18.985046,22.314896,18.326963,16.132801,11.924639,14.733526,8.423152,10.591901,10.5640745,11.186509,14.201518,13.121605,17.96582,20.208961,23.477308,24.000364,22.271814,21.917883,19.073008,17.898685,17.517056,16.310879,14.707287,18.523382,14.418531,18.652767,20.78858,19.641426,16.703016,17.181118,11.436926,13.08447,9.719198,12.536394
27,41.169758,37.094666,36.366356,31.519571,29.514507,29.701385,25.680616,26.138866,21.45366,24.288788,21.13358,23.462673,21.28825,18.315054,16.484333,11.804368,9.35386,7.039036,6.893534,6.1831474,6.714694,10.156451,12.613178,9.0799,8.704885,6.392926,4.243145,0.0,4.4596214,5.264866,10.07445,13.218543,16.450874,16.911806,16.339237,15.571773,19.97048,19.82164,15.065938,17.041473,21.071253,17.570784,14.842271,20.184515,21.95588,17.786211,19.110275,24.11559,25.716305,27.00556,23.219425,24.06904,24.840883,22.870218,18.669447,15.786865,12.341538,8.433659,11.68243,17.341858,11.615978,11.883823,16.073866,19.178541,16.780434,14.75014,17.68439,18.495735,13.166904,13.0801525,16.55302,16.997444,11.999522,15.536199,12.572785,17.266937,18.358534,15.952237,21.573833,18.621328,22.592033,25.73635,21.445065,19.031729,14.8335,16.797844,11.089233,11.349408,11.832248,11.320911,14.765136,13.83821,18.292929,19.742807,22.305758,23.258316,21.42631,21.069818,19.025797,17.942654,18.52594,17.71177,17.08508,21.301926,17.7332,22.080187,24.304232,23.566261,20.59635,21.416004,15.59684,17.210077,13.6928425,15.974753
28,38.08346,34.033096,32.93726,28.221743,25.958208,26.208488,21.850304,22.416107,17.691786,20.459944,17.506659,19.763594,18.024921,14.898859,14.49461,8.993771,8.143747,6.1153193,8.819976,9.142973,11.024531,14.296806,17.054619,13.26023,12.341773,10.098769,6.0210285,4.4596214,0.0,4.9086146,5.757238,10.527815,12.762561,12.621862,11.914699,11.43251,15.651917,15.625227,10.732784,12.60439,16.708681,13.702255,10.577678,15.788017,17.815744,14.328853,15.267234,19.93364,21.914576,23.192802,19.932861,20.853867,22.15197,20.41506,16.549284,14.200992,9.772421,7.4290967,12.0815935,15.69078,9.843576,12.357682,16.836487,19.527573,15.892934,13.77429,17.901312,18.381643,12.847184,14.56072,17.28824,17.76204,12.11095,16.473257,12.836546,17.941637,18.19523,15.002296,20.543493,16.99472,20.719736,23.656958,19.057512,16.910275,12.769979,14.913833,10.198086,11.169749,13.096183,13.462549,17.179224,17.227594,21.341818,22.987816,25.436539,25.53993,23.155384,22.129532,20.198746,18.222115,19.262192,17.368002,17.519567,20.307983,17.326437,21.014639,22.902021,22.788265,20.154572,21.572767,15.842595,18.45307,15.273996,18.489357
29,42.47243,38.48299,37.06288,32.55733,30.032742,29.78478,25.612478,25.390474,20.67408,22.61543,19.036392,20.643229,18.036856,14.777416,13.570324,9.702101,7.0381417,7.505896,6.3306093,9.5729685,10.43725,13.560365,15.600693,13.694708,13.788747,11.468123,9.059101,5.264866,4.9086146,0.0,7.7597737,8.277397,12.207444,14.037151,14.596403,14.226381,18.519876,19.369322,14.234165,15.230375,19.926447,17.415773,13.3450575,18.262169,20.961103,16.954453,16.4683,22.029118,24.122852,26.133015,22.997835,22.297102,24.375277,23.165386,18.56016,15.198729,11.754398,8.734119,12.157613,16.29067,10.480477,12.092821,16.272068,18.287123,15.398842,14.584797,18.736237,20.217443,15.087085,15.750644,19.707996,20.85071,15.788546,20.12298,17.029455,21.999554,22.684402,19.710049,25.269144,21.62917,25.326357,28.063675,23.42692,20.864902,16.92318,17.90036,13.564814,12.367377,14.096171,13.199755,16.967264,17.070171,20.608097,21.39325,23.04912,23.657064,21.336233,20.488073,19.464157,17.937096,19.782701,18.773233,19.566221,23.324352,20.677877,24.77066,26.940477,26.97584,24.12302,25.766277,19.81695,22.06189,18.755737,21.206032
30,36.287544,32.36632,30.559649,26.249096,23.492107,23.677767,18.853806,19.284693,14.672078,16.747915,14.007215,15.640866,14.441382,11.021471,13.25962,7.936908,9.345113,9.204864,12.6476345,14.334502,16.588095,19.77874,22.486347,18.973392,18.044312,15.757094,11.489213,10.07445,5.757238,7.7597737,0.0,7.545395,7.6603436,6.9342585,7.086375,7.772167,11.236637,11.925996,6.7727532,7.6586533,12.203815,10.6347885,6.0227985,10.615709,13.576928,11.262284,10.455164,14.897755,17.617998,19.28542,17.124851,17.231703,19.7958,18.809921,15.366436,13.634688,8.77094,9.261185,14.145651,14.681284,9.578249,14.357499,18.626842,20.377783,15.593638,14.099176,19.450521,19.893122,14.794854,17.970684,20.19552,20.99954,15.380078,20.306055,16.543644,21.661137,21.15355,17.411533,22.448963,18.376606,21.476492,23.898115,19.078815,17.37753,13.867459,15.559434,12.982747,13.841511,16.95856,17.680649,21.495115,22.364489,25.968754,27.488865,29.524921,28.945894,26.049404,24.363625,22.975092,20.225908,22.037169,19.290522,20.582731,21.796423,19.8709,22.625284,24.047472,24.809505,22.666866,24.741516,19.389715,22.727337,19.92389,23.627998
31,42.135124,38.415703,35.96078,32.19811,29.005304,28.171541,23.989557,22.82761,18.554132,18.87509,15.17073,15.323242,12.60056,9.057638,10.888626,9.078535,8.945866,11.932874,12.309766,16.704884,18.45789,21.252205,23.423653,21.96255,21.812582,19.569416,16.22398,13.218543,10.527815,8.277397,7.545395,0.0,5.2004867,9.735889,11.906462,12.327407,15.487934,17.965002,13.357457,12.269404,17.359844,17.257715,11.957297,14.817322,18.892422,16.561222,12.982678,18.23702,21.390387,24.130499,22.64301,20.209887,24.243664,24.154863,19.975157,17.124367,13.699638,13.426778,16.97919,17.484564,12.885408,16.799168,20.533667,21.061184,17.06755,17.505213,22.977583,24.572609,19.919918,22.04305,25.552828,27.00643,21.739,26.677868,23.16047,28.315104,28.177952,24.444492,29.531996,25.106327,28.108992,30.083632,25.252028,22.878756,19.75808,19.606163,17.785643,15.994829,19.198643,18.759653,22.527775,23.94968,26.510962,27.006462,27.856718,27.320887,24.262436,22.432808,22.505865,20.017721,23.131971,21.277443,23.753536,25.90401,24.693415,27.891098,29.693798,30.876104,28.452087,31.160677,25.364042,28.558079,25.704111,28.737303
32,39.349693,35.759506,32.977104,29.51893,26.176624,25.652704,21.083498,20.305323,16.42856,16.366364,13.464755,13.082025,11.656511,8.171228,13.049401,10.810094,12.566143,14.780939,16.789871,20.337934,22.443174,25.436207,27.790955,25.46866,24.972939,22.614172,18.723885,16.450874,12.762561,12.207444,7.6603436,5.2004867,0.0,5.578612,9.004818,10.590005,12.206913,14.792382,10.9584465,9.0650215,13.515348,14.57246,9.327631,10.530636,14.989844,14.011222,9.23771,13.618782,17.273066,20.083242,19.579191,16.9752,21.635864,21.98938,18.628313,16.79301,13.2743845,14.786875,18.618107,16.94269,13.395576,18.557295,22.140114,22.40734,17.514376,17.797802,23.71704,24.832867,20.523792,23.77745,26.438936,27.843483,22.587084,27.76222,24.164076,29.266224,28.597675,24.681356,29.340368,24.903307,27.440248,29.16322,24.391241,22.685188,19.989344,20.2365,19.3713,18.704576,22.351772,22.610758,26.406052,27.967999,30.74057,31.607183,32.71039,31.748663,28.489742,26.327091,26.152164,23.139416,26.104221,23.410824,26.007076,26.768333,25.945566,28.321472,29.619766,31.167828,29.204962,31.964231,26.628893,30.213835,27.53245,31.113892
33,35.078274,31.425747,28.898579,25.248991,22.125078,22.563467,17.257717,17.93342,14.174166,15.078413,13.407241,13.778038,13.910009,10.81573,16.148455,12.259675,14.919765,15.595718,19.09651,21.210464,23.480267,26.691984,29.22516,25.693777,24.786589,22.382994,18.163082,16.911806,12.621862,14.037151,6.9342585,9.735889,5.578612,0.0,5.4304,8.498591,8.710112,9.81659,6.4613037,5.2141967,8.383269,9.361651,4.647779,5.1563144,9.433954,9.536879,5.6982923,8.878862,12.639629,14.859891,14.567828,13.4624815,17.551582,17.685776,15.346255,14.835743,10.882786,13.813218,18.021267,15.199299,12.319057,18.191862,21.789484,22.528147,16.97501,16.212059,22.091402,22.357073,18.257738,22.502945,24.023787,25.111984,19.976229,25.12324,21.599638,26.464811,25.377806,21.557714,25.817574,21.772081,24.033958,25.881422,21.255627,20.423418,17.850422,19.329762,18.518585,19.58395,23.18948,24.157795,27.938305,29.180895,32.54477,33.993652,35.744373,34.739944,31.537552,29.402102,28.437717,25.211384,27.433764,24.085773,26.024515,25.727156,24.67374,26.359203,27.144497,28.56675,27.043175,29.320644,24.628489,28.309412,25.75233,29.805708
34,30.594414,26.891476,24.448217,20.654621,17.491789,17.642963,12.5542145,13.177333,9.072877,11.007477,9.752854,11.4065895,12.2344885,9.845384,14.459742,9.9368,13.639992,13.3997345,18.41734,19.464401,22.593466,25.51534,28.841337,24.832644,23.236933,21.41447,16.482498,16.339237,11.914699,14.596403,7.086375,11.906462,9.004818,5.4304,0.0,3.5372503,4.2405977,6.3655696,3.903674,0.7821181,6.1475735,8.712421,5.6135087,5.9568844,9.657794,11.723752,10.405042,11.447598,15.386563,16.163578,15.986734,17.35087,20.235388,19.520267,17.885485,17.828987,13.016406,15.25747,20.140676,18.690025,14.983525,20.46461,24.49912,26.043798,20.634909,18.908611,24.34916,23.97402,19.326859,23.503376,24.445042,24.656786,19.05595,23.519754,19.330042,23.920328,22.275177,17.96599,21.72658,17.21131,19.15849,20.697807,16.073677,15.232347,13.137339,14.504924,14.680486,16.447104,20.205006,21.909504,25.452122,27.105268,30.340454,32.316235,34.533073,32.872375,29.597942,27.308275,25.76555,22.258726,23.985271,20.095818,21.966993,20.750978,20.083065,21.282627,21.942104,23.704807,22.369146,25.250694,20.778078,24.92773,23.070246,27.318575
