,0,1,2,3,4,5,6,7,8,9,10,11,12,13,14,15,16,17,18,19,20,21,22,23,24,25,26,27,28,29,30,31,32,33,34,35,36,37,38,39,40,41,42,43,44,45,46,47,48,49,50,51,52,53,54,55,56,57,58,59,60,61,62,63,64,65,66,67,68,69,70,71,72,73,74,75,76,77,78,79,80,81,82,83,84,85,86,87,88,89,90,91,92,93,94,95,96,97,98,99,100,101,102,103,104,105,106,107,108,109,110,111
0,0.0,4.3467646,6.5643992,8.974693,12.086082,14.298148,17.414314,20.144665,23.411865,26.368176,30.04282,34.11047,32.548615,30.565664,25.741354,24.614674,20.146795,20.409517,15.067201,15.60203,12.914602,12.823144,13.3607645,15.939953,19.743235,18.736143,19.111534,17.256918,20.77393,19.045002,24.190516,23.681953,29.16922,29.961233,33.038006,36.438526,32.98084,31.96855,25.546906,27.670517,23.056793,25.656147,21.532604,22.957436,22.266088,23.186869,23.26757,25.683245,26.677914,27.829971,27.006557,24.63711,28.48353,26.120373,28.64796,31.905458,35.356567,32.32355,37.251293,33.25211,35.689274,30.183075,31.63624,29.06967,29.684101,29.342571,26.769873,30.499184,32.492043,32.15053,33.41083,31.044247,34.430378,30.696407,35.595493,31.478088,37.87034,34.53989,37.71934,38.38032,38.94118,40.823692,38.651436,38.38465,36.85083,37.147198,35.56695,31.17347,34.81824,31.09164,33.24001,38.197674,34.082825,33.73299,34.55566,31.164883,28.204775,25.573606,24.208277,19.84957,25.626707,26.522736,22.37658,20.70363,19.464252,22.615387,23.437683,26.723139,25.871655,30.320444,31.259127,35.24461
1,4.3467646,0.0,5.333967,6.415104,8.994534,12.219634,14.604148,18.231226,21.29646,24.30885,28.039457,32.14143,31.169193,29.422062,24.622288,23.054846,18.85302,18.322615,13.867444,12.94892,11.054667,10.247331,12.1485615,14.17069,17.619055,17.204369,16.701038,15.953473,18.697721,18.403059,22.960072,23.198473,28.255592,29.797157,32.871967,36.550877,33.369965,32.475285,25.914911,27.601732,23.215958,24.96503,20.839802,21.48195,20.887857,21.044819,21.732025,23.499777,24.092173,25.971426,25.324173,23.650425,27.842894,25.928982,27.85926,31.406364,34.321606,31.055746,35.41371,31.385529,33.263153,27.752823,28.69041,25.831793,26.259666,25.49829,22.871641,26.47298,28.676813,28.335335,29.876856,27.668514,31.385622,27.955488,33.017742,29.385996,35.879658,33.110344,36.361267,37.61755,38.09859,40.48718,38.43426,37.737347,35.783268,35.682945,33.749218,29.099827,32.29917,28.322289,30.355206,35.192657,30.824917,30.196712,31.03398,27.642376,24.749609,22.311373,20.51366,15.895688,21.567066,22.890003,18.9566,16.824453,15.521361,19.04552,19.955502,23.683329,23.12635,27.674442,29.074753,32.80468
2,6.5643992,5.333967,0.0,5.3405023,6.907261,8.399343,11.931939,13.974036,17.78611,20.308624,24.43993,28.16076,27.106644,25.577614,20.326845,19.681547,15.272849,15.87797,11.05368,12.491,11.451684,12.167435,14.550665,17.563417,20.737204,19.40827,17.681818,16.587843,17.999811,16.258673,20.836798,19.752876,25.290016,26.01208,29.707878,33.139595,29.652966,29.245008,22.589058,24.866104,20.857624,22.97271,20.0672,21.041603,21.499548,21.860176,24.148554,26.086489,25.969967,27.79238,26.053991,24.507036,28.256075,25.556305,26.914091,29.831205,32.953056,29.32962,33.713257,29.398834,31.428009,25.89219,26.660116,24.34085,24.227165,24.710028,21.601606,25.6658,27.241753,27.294558,28.411484,26.790287,30.171944,26.883303,31.939413,28.30813,34.99365,32.260944,35.808212,36.72413,37.958958,40.259285,38.784428,38.43092,36.41331,36.263683,34.92867,29.487913,32.838673,28.91556,31.474823,36.000175,31.034498,31.120295,32.50364,29.263008,27.004211,23.650034,22.489698,17.608023,22.660772,23.035559,18.619492,16.341825,14.61111,17.10172,18.383821,20.91437,20.92926,25.056393,26.373127,30.378344
3,8.974693,6.415104,5.3405023,0.0,3.7724898,6.6534476,8.685606,12.762108,15.130215,18.493828,21.825708,26.166916,25.065863,23.252808,18.76233,16.727692,12.69367,11.913497,7.8000493,7.2660117,6.43295,7.276496,10.367234,13.425893,16.154089,14.657513,12.373218,11.747613,12.97113,12.719772,16.84645,17.34404,22.087685,24.092073,27.101078,30.939936,28.045958,27.259552,20.698448,22.031845,18.02746,19.195887,15.774218,16.163366,16.523193,16.577135,19.34458,21.109377,20.733658,22.652403,20.90052,19.71644,23.66525,21.45639,22.546167,25.903288,28.602879,25.060865,29.263866,25.120102,27.058199,21.522524,22.67596,20.127104,20.901268,20.858067,18.645716,22.432438,24.066029,23.59726,24.565123,22.26309,25.608452,22.08905,27.132387,23.478415,30.11201,27.518702,30.992054,32.31424,33.279667,35.90503,34.41448,33.74247,31.500748,31.174265,29.697855,24.239008,27.52936,23.611944,26.169882,30.741562,25.96846,26.136488,27.520678,24.301962,22.16645,18.48595,17.799826,13.272641,18.437737,18.287302,13.824052,12.4590845,11.643267,14.214648,14.638193,18.041319,16.95633,21.478725,22.690788,26.501043
4,12.086082,8.994534,6.907261,3.7724898,0.0,4.480629,5.657957,10.122435,12.658845,15.706682,19.384817,23.471518,23.044674,21.687191,17.023811,15.129832,11.506869,10.432222,7.9384413,7.0578704,8.361813,9.099425,13.065356,15.660804,17.766148,16.553003,12.96204,13.423345,12.800916,13.357391,16.528559,16.98885,21.386726,23.588005,26.895887,30.758121,27.984217,27.601017,21.089354,22.319881,18.922644,19.435568,16.908587,16.661509,17.680216,17.047964,21.001617,22.167757,21.082342,23.620066,21.58521,21.163141,25.032557,22.913998,23.147038,26.324614,28.570377,24.669607,28.207325,23.912199,25.268135,19.761335,20.100506,17.533857,17.628366,17.914291,15.229134,19.213327,20.704975,20.525146,21.591354,19.924562,23.468672,20.461637,25.645004,22.612837,29.359034,27.40937,31.043354,32.7132,33.965008,36.925297,35.813675,34.963707,32.387608,31.69206,30.202087,24.228594,27.050667,22.968073,25.63153,29.823994,24.473238,24.724354,26.412802,23.337,21.680244,17.848806,17.029995,12.226974,16.572638,16.354502,11.908668,9.675789,8.379633,10.664225,11.551809,14.73348,14.541393,18.88507,20.648092,24.303282
5,14.298148,12.219634,8.399343,6.6534476,4.480629,0.0,4.4716806,6.1337214,9.403808,12.148022,16.09284,19.97008,19.178854,17.894503,12.824574,11.799428,7.8931766,8.481354,5.8669376,8.596479,10.214758,12.237199,15.606057,18.878475,20.86302,18.823353,14.822793,14.559768,12.83822,11.495001,14.504533,13.522839,18.347925,19.773598,23.586763,27.216269,24.229757,24.249481,17.76474,19.460384,16.558458,17.399637,16.263079,16.501036,18.46744,18.306818,23.230646,24.719326,23.252998,25.359612,22.368677,21.898226,25.145746,22.308619,22.058332,24.511509,27.000603,22.867594,26.541044,22.033531,23.747805,18.313808,18.800611,17.060024,16.882088,18.669584,15.932098,20.150387,20.802063,20.902498,21.263506,20.03714,22.912146,19.94976,24.906803,21.738829,28.495173,26.443932,30.273348,31.472158,33.409286,36.155136,35.55593,35.1023,32.607002,31.982746,31.172804,24.723099,27.776228,23.989145,27.0967,30.948187,25.344957,26.410305,28.515137,25.682169,24.58948,20.065483,20.10665,15.695937,19.25494,17.843973,13.1852,11.637027,10.4126215,10.775692,11.688308,13.054886,13.085671,16.846954,18.23816,22.2568
6,17.414314,14.604148,11.931939,8.685606,5.657957,4.4716806,0.0,6.4286604,7.358021,10.644466,13.934434,18.138323,18.053183,16.97699,12.816255,10.416895,7.955931,6.1620226,7.20793,6.9765882,10.274702,11.846083,15.773482,18.391077,19.562897,17.863146,12.811275,13.901014,10.569704,11.741597,13.137205,13.888735,17.307775,20.099604,23.363588,27.280632,24.968548,24.923515,18.838377,19.52842,17.188942,16.597582,15.663321,14.774196,16.998335,15.962655,21.805775,22.618504,20.509932,23.160894,20.173225,20.623142,23.936518,21.767942,20.719906,23.430481,25.096722,20.83339,23.662804,19.23569,20.225016,14.816654,14.783378,12.706788,12.744096,14.300674,12.061208,16.096588,16.693216,16.55221,16.90567,15.631775,18.73552,16.078611,21.1734,18.636305,25.378721,24.056515,27.872416,29.744467,31.54314,34.78895,34.36293,33.477467,30.59017,29.539711,28.509777,21.818348,24.322865,20.424011,23.514265,27.063002,21.190655,22.314129,24.607006,21.953146,21.344877,16.66587,16.949432,12.969328,15.579392,13.656652,9.14466,7.8723116,7.388363,6.9593024,7.272148,9.407171,9.208197,13.298734,15.252997,18.861492
7,20.144665,18.231226,13.974036,12.762108,10.122435,6.1337214,6.4286604,0.0,5.3855176,6.3986397,11.146262,14.242947,14.00019,13.575761,8.1283245,8.787291,6.612497,8.609134,9.1566725,12.670146,15.21754,17.522512,20.878824,24.122032,25.555761,23.271727,18.443005,18.515308,14.88909,13.155776,14.290374,12.032741,16.09741,16.931854,21.3361,24.61045,21.78344,22.662632,16.845737,18.57953,17.17987,17.39851,18.433765,18.413933,21.42554,21.064745,27.277102,28.483824,26.254845,28.419518,24.62932,24.807926,27.345102,24.242968,22.778677,24.260326,26.309502,21.821732,24.64729,20.025656,21.332558,16.446447,16.105145,15.523068,14.326443,18.024593,15.213904,19.367458,18.85717,19.510153,19.10687,19.09411,21.213036,19.071396,23.566828,21.141668,27.605396,26.2378,30.217518,31.324148,34.057663,36.881805,37.09032,36.786507,34.114197,33.219913,32.989647,25.980944,28.639273,25.177984,28.591146,31.634937,25.554733,27.403084,30.040583,27.675787,27.490778,22.55859,23.20929,19.30949,21.331629,18.890944,14.740273,13.507944,12.390049,10.271348,11.356898,9.669749,11.169891,13.372643,14.888044,18.863455
8,23.411865,21.29646,17.78611,15.130215,12.658845,9.403808,7.358021,5.3855176,0.0,4.4319186,6.753822,11.168031,10.741236,10.047277,6.6639395,4.614964,5.510225,5.849909,9.792577,12.21228,15.399872,17.856024,20.981867,23.992174,24.67193,22.144865,16.778484,17.303883,12.205342,11.704861,10.686498,10.054549,12.13464,14.659009,18.173079,21.776917,19.876163,20.547235,15.460001,15.88448,15.423483,14.111741,16.141556,15.423039,19.023098,18.399426,25.528698,26.467207,23.679312,25.688744,21.409206,22.278051,24.340986,21.604403,19.155874,20.455624,21.78763,17.187885,19.407064,14.8103285,15.982516,11.245557,11.31863,11.448528,11.401017,15.584494,14.303203,17.79964,16.680874,16.787033,15.48768,15.069897,16.398746,14.285468,18.444782,16.280745,22.533718,21.626337,25.599796,27.001244,29.890911,32.99243,33.602127,33.138428,30.255596,29.107912,29.18828,21.97645,24.394434,21.31062,24.912165,27.484266,21.489998,24.050343,26.951315,24.96534,25.455507,20.089056,21.751654,18.88801,19.974335,16.179796,12.502369,13.012973,13.168413,10.010449,9.500539,7.0114126,6.585887,8.363133,9.528786,13.578166
9,26.368176,24.30885,20.308624,18.493828,15.706682,12.148022,10.644466,6.3986397,4.4319186,0.0,5.510935,7.920453,8.898243,9.756715,6.2482963,7.420192,8.926312,10.28074,13.604218,16.403614,19.589827,21.947386,25.233372,28.232685,28.947906,26.55051,21.119257,21.717695,16.58192,15.630171,14.383509,12.458402,14.12889,15.380026,19.462818,22.46282,20.503677,21.948568,17.470999,18.32642,18.601156,17.506506,20.293894,19.674204,23.39161,22.68833,29.922735,30.71337,27.75754,29.92365,25.575254,26.584547,28.407265,25.522503,22.770382,23.421175,24.54088,19.9332,21.369028,16.959803,17.508352,13.706362,12.500026,13.452541,11.832332,17.123034,15.267783,18.646402,16.852776,17.693792,16.199528,17.201015,18.170834,17.071596,20.702423,19.358189,25.106226,24.724545,28.651924,29.917038,33.21376,36.24611,37.23651,36.891174,33.992287,32.737362,33.010975,25.733263,27.773163,24.841402,28.39272,30.46648,24.241907,26.905016,29.975534,28.217506,29.000584,23.826849,25.248596,22.281328,22.766367,19.191614,16.031942,15.800481,15.434812,11.609241,11.922219,7.3039627,9.484921,9.161046,10.695315,14.158291
10,30.04282,28.039457,24.43993,21.825708,19.384817,16.09284,13.934434,11.146262,6.753822,5.510935,0.0,5.338947,5.5816493,6.558979,7.319257,6.7174253,10.63203,11.166887,15.816349,18.146084,21.383013,23.905264,26.720337,29.596642,29.739178,27.038662,21.565079,22.21273,16.36833,15.920617,12.792763,11.993753,10.97767,13.450779,16.364754,19.362953,18.521029,19.877733,16.709532,16.327175,17.854494,15.550549,19.55446,18.592907,22.708946,22.037737,29.756956,30.43945,27.117971,28.837368,24.015406,25.507673,26.56127,23.943174,20.270859,20.259113,20.600916,16.115215,16.640263,12.543545,13.0297985,10.362974,9.88437,12.317524,12.153457,17.577477,17.360245,19.84771,17.44895,17.692566,15.077904,15.701803,15.156468,14.353788,16.892826,15.982927,20.917534,21.03625,24.808636,26.072344,29.718622,32.810825,34.367523,34.04866,31.107237,29.709532,30.560051,23.34364,25.142277,22.929186,26.591366,28.01065,22.210587,25.70775,28.964373,27.681055,29.092302,23.654148,26.053602,24.094604,23.89989,19.203526,16.76469,18.06441,18.624912,14.563126,13.614678,8.991562,8.738937,6.241589,6.1423335,9.403041
11,34.11047,32.14143,28.16076,26.166916,23.471518,19.97008,18.138323,14.242947,11.168031,7.920453,5.338947,0.0,5.6799526,8.96733,10.072953,11.670809,15.151919,16.288902,20.483318,23.116474,26.397276,28.857903,31.84835,34.731262,34.913437,32.330208,26.786495,27.498974,21.685635,20.894096,17.914688,16.12336,14.969362,15.863096,19.043573,21.104727,20.383192,22.52683,20.206991,20.243502,22.314758,20.344423,24.750961,23.898327,28.037292,27.294415,35.058926,35.603504,32.150383,34.01517,29.197758,30.786469,31.638853,28.926208,25.093393,24.476679,24.566795,20.342192,19.941278,16.477283,16.174852,14.843685,13.16566,16.058102,14.530414,20.537395,19.899326,22.08102,19.080029,20.007355,17.293362,19.290516,18.40303,18.686537,20.517496,20.516571,24.644806,25.336622,28.911072,29.99629,33.985435,36.947456,38.90049,38.70338,35.78536,34.29578,35.32845,28.185223,29.566061,27.54807,31.080477,31.954334,26.09022,29.602201,32.967903,31.935452,33.611496,28.399166,30.54861,28.495413,27.799326,23.396624,21.371029,22.026573,22.179647,17.774832,17.463526,11.86345,13.471021,9.996106,10.29001,11.908984
12,32.548615,31.169193,27.106644,25.065863,23.044674,19.178854,18.053183,14.00019,10.741236,8.898243,5.5816493,5.6799526,0.0,3.737173,7.045853,9.096588,12.725345,14.847276,18.295433,22.054071,24.685867,27.658792,29.946335,33.28826,33.690273,30.46714,25.496557,25.229887,19.956202,17.575354,14.666494,11.7595,10.418169,10.269556,13.606993,15.579815,14.711057,16.898363,15.071476,15.204763,17.800787,16.334297,21.460415,21.386808,25.655478,25.74398,33.2244,34.423256,31.330065,32.36129,27.112242,28.057997,28.383144,25.098442,21.478012,20.215786,21.082407,17.033983,18.03828,14.467657,16.037891,14.353096,14.924635,17.70256,17.654415,23.153234,22.794764,25.363085,22.825945,23.178133,20.369831,20.90803,19.652498,18.660921,20.332802,18.9354,23.061003,22.604933,26.202116,26.37341,30.713032,33.112946,35.155468,35.4843,32.991344,31.98175,33.58706,26.615541,28.838634,27.132761,30.907413,32.228947,26.90446,30.73064,33.969517,32.7325,34.085716,28.460949,31.129606,29.08583,29.30902,24.501173,21.831118,23.227127,23.581581,19.712463,18.975517,14.3653755,13.915986,11.444578,9.714909,12.558417
13,30.565664,29.422062,25.577614,23.252808,21.687191,17.894503,16.97699,13.575761,10.047277,9.756715,6.558979,8.96733,3.737173,0.0,6.0877705,6.9378495,10.5869055,12.862332,15.974185,20.016241,22.260498,25.438513,27.288767,30.78128,31.236217,27.714764,23.117239,22.365267,17.451141,14.426165,11.479426,8.423223,6.8591013,7.1583366,10.399896,13.011353,12.029578,13.691534,11.624146,11.481694,14.168009,12.776324,18.125475,18.409737,22.673761,23.191696,30.42907,31.952469,29.100937,29.684053,24.29309,24.892452,25.037334,21.538364,18.097332,16.78642,18.17841,14.146231,16.298975,12.542356,15.271798,13.060386,15.006839,17.432299,18.370665,23.291496,23.220675,25.930454,23.793411,23.713243,20.978119,20.507526,19.256403,17.382133,19.16323,16.796253,21.14416,19.899006,23.554026,23.389608,27.702993,29.913742,31.806166,32.30302,29.99469,29.242306,31.008486,24.17473,26.90337,25.298384,29.156189,30.847002,25.87522,29.749765,32.84392,31.459215,32.572582,26.788492,29.737864,27.804321,28.553947,23.580069,20.602446,22.527077,23.12232,19.712465,18.605108,14.963514,13.116076,11.634545,9.02628,12.614424
14,25.741354,24.622288,20.326845,18.76233,17.023811,12.824574,12.816255,8.1283245,6.6639395,6.2482963,7.319257,10.072953,7.045853,6.0877705,0.0,5.5892663,6.773704,10.476496,12.179726,17.076124,19.228289,22.347729,24.656597,28.345547,29.411512,26.158407,21.540495,20.704506,16.421316,12.7321615,12.017599,7.502327,10.325556,9.603878,14.39292,17.130318,14.565918,16.141115,11.751406,13.382502,14.0628805,14.120109,17.85445,18.445673,22.342474,22.783924,29.615797,31.259922,28.758366,29.86511,24.962275,25.087568,26.226336,22.47452,20.109581,19.930265,22.090445,17.770618,20.691833,16.339706,18.693054,14.9620285,16.00913,17.282896,17.20181,22.005793,20.653683,24.115381,22.535337,22.876371,21.031368,20.8218,21.029709,18.855503,22.005863,19.30207,24.833801,23.217417,27.11879,27.235258,30.986925,33.276188,34.41218,34.76512,32.414635,31.746572,32.763115,25.7311,28.69442,26.23312,30.034235,32.447563,26.895647,29.992882,32.938915,31.05266,31.536394,25.93807,27.985605,25.087366,26.573599,22.55258,18.821177,19.51743,19.367437,16.374573,16.160624,12.79707,12.365517,12.454989,11.702459,15.906482
15,24.614674,23.054846,19.681547,16.727692,15.129832,11.799428,10.416895,8.787291,4.614964,7.420192,6.7174253,11.670809,9.096588,6.9378495,5.5892663,0.0,4.639523,5.9512544,9.740119,13.122815,15.62998,18.639574,20.865816,24.212868,24.784916,21.550932,16.67996,16.291334,11.265721,9.245275,7.1388326,6.2005453,7.5739293,10.64468,13.658313,17.444986,15.835276,16.213568,11.558239,11.426723,11.675849,10.087508,13.44091,13.280807,17.313848,17.470608,24.640345,26.06672,23.389399,24.487045,19.569326,20.126484,21.426506,18.269518,15.530977,16.208096,17.895958,13.375306,16.458149,11.884906,14.452291,10.020828,12.190668,13.077691,14.522955,18.447065,18.153315,21.263226,19.999292,19.602116,17.669262,16.304045,16.509708,13.669674,17.105385,14.005795,19.960236,18.349445,22.324682,23.09139,26.368544,29.126396,30.022266,29.947393,27.337183,26.482857,27.267542,20.18321,23.162264,20.698042,24.52004,27.058245,21.730042,24.915516,27.792164,25.945341,26.530529,20.7929,23.340809,21.076643,22.42477,17.875378,14.264458,16.125078,16.829641,14.068591,12.775537,10.798251,7.9331517,9.146135,8.021055,12.577046
16,20.146795,18.85302,15.272849,12.69367,11.506869,7.8931766,7.955931,6.612497,5.510225,8.926312,10.63203,15.151919,12.725345,10.5869055,6.773704,4.639523,0.0,4.948302,5.581815,10.612516,12.465635,15.676091,17.887934,21.609377,22.850891,19.601807,15.24431,14.182228,10.609792,7.017365,8.17087,6.054041,10.566468,12.259512,15.840432,19.557634,17.024885,17.106424,11.130638,12.271399,10.704652,10.912845,12.450653,13.078846,16.480206,17.032742,23.33196,25.174585,23.115566,24.215925,19.769354,19.49378,21.438332,17.9428,16.532173,17.885452,20.450079,16.192898,20.202528,15.6684675,18.410978,13.412257,15.424365,15.227548,16.331556,19.5146,18.372305,22.033121,21.493156,21.196373,20.055666,18.42057,19.607086,16.30186,20.381834,16.69585,23.064594,20.734175,24.679653,25.238537,28.057762,30.56228,30.81299,30.830519,28.450825,27.921944,28.28563,21.45857,24.89081,21.972116,25.649515,28.909433,23.621698,26.118057,28.679422,26.369219,26.201889,20.667652,22.555357,19.526724,22.021917,18.397488,14.024331,15.061088,15.232411,13.538996,12.871632,12.21394,10.041919,12.714536,12.380017,16.878115
17,20.409517,18.322615,15.87797,11.913497,10.432222,8.481354,6.1620226,8.609134,5.849909,10.28074,11.166887,16.288902,14.847276,12.862332,10.476496,5.9512544,4.948302,0.0,6.1797905,7.242029,10.2415905,12.893945,15.568267,18.59783,19.202755,16.381895,11.215545,11.498509,6.5407877,7.331725,7.057856,9.317485,11.595088,15.538921,17.895102,22.065172,20.372698,19.92355,14.39141,14.049137,12.310168,10.688556,10.904343,9.992677,13.293598,12.902975,19.7764,21.026827,18.596725,20.23745,16.10165,16.649935,19.143776,16.719143,14.946799,17.368605,19.015598,14.737931,18.10349,13.662057,15.7041445,10.236114,12.318949,11.270676,13.399816,15.511037,15.219296,18.477861,18.306587,17.455503,16.522116,14.089981,15.776103,12.205199,16.815948,13.36967,20.082527,18.29375,22.197264,23.753958,25.914528,29.059984,29.042866,28.403093,25.593512,24.662882,24.435095,17.482471,20.555977,17.324272,20.916504,24.268312,18.916475,21.215654,23.735846,21.429588,21.396023,15.809062,17.911917,15.396371,17.51462,13.583751,9.27366,11.280504,12.336044,10.866942,9.201488,10.276312,6.5293484,10.566584,10.879791,14.898249
18,15.067201,13.867444,11.05368,7.8000493,7.9384413,5.8669376,7.20793,9.1566725,9.792577,13.604218,15.816349,20.483318,18.295433,15.974185,12.179726,9.740119,5.581815,6.1797905,0.0,6.933011,7.4387164,10.810844,12.79178,16.755735,18.591429,15.424169,11.977675,10.235318,9.07034,5.761438,9.839761,9.578961,14.436464,16.403711,19.341665,23.202448,20.498686,19.785881,13.316236,14.495471,11.044002,12.151427,10.677242,11.720486,13.875981,14.742621,19.680052,21.895739,20.64123,21.667255,18.073986,17.005726,19.822372,16.594463,16.704784,19.202963,22.1753,18.404041,23.048496,18.759169,21.57074,16.186071,18.4602,17.112011,18.652912,20.286945,19.002192,22.753033,23.181421,22.570555,22.224298,19.76262,21.799358,17.918797,22.452942,18.233957,24.808546,21.87858,25.612137,26.309166,28.227781,30.650646,30.010277,29.857016,27.659979,27.410933,27.120417,20.896069,24.692005,21.410898,24.744022,28.79464,23.943943,25.607267,27.646801,24.891893,23.844408,18.733337,20.0331,16.619179,20.451166,17.854996,13.089533,13.831507,13.94138,14.052716,13.47637,15.068549,12.591097,16.53105,16.587778,20.84655
19,15.60203,12.94892,12.491,7.2660117,7.0578704,8.596479,6.9765882,12.670146,12.21228,16.403614,18.146084,23.116474,22.054071,20.016241,17.076124,13.122815,10.612516,7.242029,6.933011,0.0,4.2452927,5.77027,9.28954,11.832703,12.903681,10.887371,6.2513905,7.3788276,6.159329,9.612263,11.768668,14.909472,17.803497,21.692417,23.63392,27.901716,26.016296,24.909052,18.968523,18.739159,15.422186,14.582293,11.164036,10.007422,10.889472,10.046844,14.941789,16.169584,14.739197,16.889917,14.54415,14.504411,18.44152,17.025108,17.033846,20.826561,22.613785,19.091337,22.726246,18.852346,20.536112,15.124551,16.897354,14.243127,16.54373,16.075115,15.615497,18.732334,20.053986,18.813816,19.231987,15.9312,18.95861,15.125774,20.099367,16.540827,23.115509,20.974428,24.41994,26.428679,27.244602,30.454544,29.269678,28.13593,25.417103,24.655857,23.183878,17.264841,20.386497,16.50899,19.331942,23.745344,19.040476,19.761847,21.427013,18.440027,17.045301,12.292888,13.152879,9.99454,14.165724,12.252395,7.6990952,9.022901,10.229061,11.705806,10.357527,14.522365,11.49773,16.335857,17.293692,20.664799
20,12.914602,11.054667,11.451684,6.43295,8.361813,10.214758,10.274702,15.21754,15.399872,19.589827,21.383013,26.397276,24.685867,22.260498,19.228289,15.62998,12.465635,10.2415905,7.4387164,4.2452927,0.0,3.755001,5.6924443,9.32991,11.42042,8.788048,6.7478127,5.351509,8.089962,9.5058155,13.151913,15.822249,19.338,22.656542,24.390776,28.541092,26.409378,24.892427,18.879614,18.94348,14.825653,15.073575,10.373492,10.448139,10.156978,10.621762,13.423277,15.635079,15.350316,16.536789,14.660768,13.308776,17.409204,15.774695,17.115137,21.059595,23.533367,20.51057,24.982862,21.321169,23.685877,18.38921,20.824112,18.320557,20.780825,20.16147,19.635448,22.745949,24.247057,22.95882,23.40084,19.807251,22.58295,18.38222,23.031435,18.80514,25.09179,22.102604,25.308006,26.7613,27.235472,29.944351,28.2452,27.39308,25.166384,24.949898,23.519958,18.419958,22.129774,18.564074,21.142294,25.95373,22.02427,22.538677,23.771746,20.648495,18.60057,14.367196,15.086592,12.110051,17.168865,15.812081,11.601241,12.786601,13.634379,15.665886,14.574044,18.56941,15.3876505,20.127024,20.550053,24.103022
21,12.823144,10.247331,12.167435,7.276496,9.099425,12.237199,11.846083,17.522512,17.856024,21.947386,23.905264,28.857903,27.658792,25.438513,22.347729,18.639574,15.676091,12.893945,10.810844,5.77027,3.755001,0.0,4.7432933,6.6891212,8.916921,7.874434,6.5998945,7.1216226,10.148114,13.159403,16.279383,19.427235,22.626057,26.272434,27.909792,32.1275,30.114862,28.569332,22.619528,22.508467,18.456345,18.324362,13.269467,12.607,11.386785,10.920929,12.362415,13.923606,14.060419,15.939713,15.345879,14.388361,18.949316,18.211842,19.646206,23.941593,25.975288,23.10732,27.076885,23.616066,25.40307,20.22258,22.132128,19.09444,21.44378,19.787418,19.31042,22.091276,24.155737,22.748844,23.758104,20.099066,23.411097,19.501766,24.2304,20.509024,26.608194,24.036907,27.01093,28.972515,28.88448,31.83462,29.7833,28.489511,26.13471,25.734947,23.575306,19.040909,22.223305,18.40547,20.418201,25.41243,21.710175,21.383097,22.18752,18.877333,16.251251,12.959009,12.657601,9.612685,15.244278,15.10257,11.509714,12.148676,13.067127,16.00805,15.031949,19.86204,17.062468,21.936516,22.844255,26.024942
22,13.3607645,12.1485615,14.550665,10.367234,13.065356,15.606057,15.773482,20.878824,20.981867,25.233372,26.720337,31.84835,29.946335,27.288767,24.656597,20.865816,17.887934,15.568267,12.79178,9.28954,5.6924443,4.7432933,0.0,4.6386657,7.7042985,5.393866,7.9059343,6.01934,11.685513,13.5819025,17.134119,20.410614,23.507938,26.999989,28.012245,32.11518,30.21173,28.14811,22.59221,22.289324,17.873707,18.244793,12.283178,12.496272,10.100783,11.052868,9.991097,12.859362,14.199771,14.544785,14.385881,12.153694,16.613066,16.039099,18.656317,23.056143,25.507057,23.323456,27.950857,24.88412,27.345545,22.431984,25.244349,22.50346,25.454348,23.84642,23.830746,26.445547,28.397697,26.757833,27.45089,23.267994,26.018278,21.671337,25.880001,21.512238,27.0817,23.716732,26.302471,27.742146,27.18898,29.62535,27.06117,26.010906,24.207872,24.38966,22.416643,18.925459,22.691374,19.47893,21.292257,26.507673,23.816103,23.650646,24.109056,20.911743,18.05112,15.050163,15.467541,13.561024,19.030224,18.512003,15.229485,16.693325,17.780724,20.484278,19.225258,23.795195,20.257725,25.009195,25.21635,28.444105
23,15.939953,14.17069,17.563417,13.425893,15.660804,18.878475,18.391077,24.122032,23.992174,28.232685,29.596642,34.731262,33.28826,30.78128,28.345547,24.212868,21.609377,18.59783,16.755735,11.832703,9.32991,6.6891212,4.6386657,0.0,3.9930434,5.13979,8.831245,9.1207695,14.051457,17.6144,20.38969,24.426558,26.935425,31.011292,31.73893,35.954735,34.357254,32.22069,26.859602,26.142782,21.975475,21.649153,15.589987,14.849792,11.706269,11.514418,8.2559805,10.076534,12.269645,13.179369,14.802476,13.330771,18.032103,18.720451,21.150452,25.885134,27.664148,25.75239,29.7169,27.015245,28.863533,24.251734,26.691553,23.540691,26.621717,23.95428,24.372526,26.396515,28.802656,26.912966,28.028498,23.647198,26.70766,22.685493,26.737171,22.965069,28.084715,25.25968,27.462132,29.547064,28.259258,31.01429,28.086596,26.415184,24.455488,24.38727,21.538813,19.03433,22.081062,18.845053,19.844728,25.156164,23.11291,22.069975,21.903646,18.67478,15.223886,13.64529,13.309635,12.406788,17.695763,18.173916,15.905897,17.315895,18.692898,21.876368,20.4988,25.723312,22.274284,27.04838,27.599073,30.332747
24,19.743235,17.619055,20.737204,16.154089,17.766148,20.86302,19.562897,25.555761,24.67193,28.947906,29.739178,34.913437,33.690273,31.236217,29.411512,24.784916,22.850891,19.202755,18.591429,12.903681,11.42042,8.916921,7.7042985,3.9930434,0.0,4.822281,8.225539,9.97366,13.865851,18.840408,20.56505,25.521242,27.118858,31.908808,32.145912,36.467472,35.36402,33.142002,28.173716,26.812302,23.106367,21.863539,15.984374,14.334797,10.875336,9.728009,5.726299,6.234678,8.707425,10.008528,12.683494,12.216149,16.89888,18.609646,20.492432,25.42116,26.471302,24.835213,28.15906,25.897549,27.323599,23.17585,25.619083,22.412046,25.97461,22.748234,23.9997,25.42062,27.830837,25.593235,26.65168,21.916367,24.816338,20.986797,24.653002,21.32907,25.911348,23.57566,25.463032,28.12718,26.39037,29.54061,26.616697,24.411095,22.143183,21.737482,18.373123,16.4313,18.949734,15.879139,16.38182,21.684944,20.280775,18.984629,18.512074,15.435985,12.006107,10.9561,11.134183,11.854676,16.172901,16.45044,15.134056,17.313326,19.273565,22.164217,20.31703,25.730606,21.897396,26.476738,27.019402,29.23985
25,18.736143,17.204369,19.40827,14.657513,16.553003,18.823353,17.863146,23.271727,22.144865,26.55051,27.038662,32.330208,30.46714,27.714764,26.158407,21.550932,19.601807,16.381895,15.424169,10.887371,8.788048,7.874434,5.393866,5.13979,4.822281,0.0,6.0960836,5.704726,10.748403,14.710578,16.671663,21.509333,23.153206,27.717978,27.765612,32.01093,30.898268,28.528257,23.727236,22.311287,18.521938,17.534952,11.41048,10.405874,6.7569866,7.25713,4.7757072,7.9293995,9.50576,9.178232,9.874854,8.229506,12.991327,14.00639,16.266516,21.100082,22.706596,21.110731,25.212862,22.829565,25.068161,20.789543,24.04978,21.3667,25.2348,23.055574,24.251944,26.13981,27.986942,25.822226,26.238832,21.365746,23.648003,19.25404,22.831358,18.633408,23.438425,20.293875,22.40837,24.423347,23.158316,25.988152,23.265203,21.619528,19.56142,19.561049,17.198387,14.462636,18.106464,15.330725,16.776066,22.043139,20.348448,20.241821,20.430405,17.514942,14.925337,11.992861,13.632594,13.646635,18.0451,16.825024,14.587413,17.445211,19.398394,21.627378,19.59003,24.352602,19.924692,24.428705,24.333838,26.939678
26,19.111534,16.701038,17.681818,12.373218,12.96204,14.822793,12.811275,18.443005,16.778484,21.119257,21.565079,26.786495,25.496557,23.117239,21.540495,16.67996,15.24431,11.215545,11.977675,6.2513905,6.7478127,6.5998945,7.9059343,8.831245,8.225539,6.0960836,0.0,5.088351,5.748877,11.936121,12.837717,18.040396,19.367332,24.394876,24.95343,29.373537,28.304173,26.503971,21.421206,19.951977,16.786995,14.849456,10.037801,7.569564,6.375781,4.4673753,9.117622,10.12856,8.83099,10.688309,9.261707,9.757702,14.211617,14.491933,14.826132,19.461594,20.54301,17.955536,21.362028,18.431602,20.08178,15.426363,18.15379,15.362929,19.15604,17.31748,18.578587,20.567373,22.11729,20.037132,20.320374,15.675963,18.25745,14.01049,18.277355,14.549494,20.28668,18.047867,20.876375,23.466068,23.181173,26.670296,24.962694,23.234041,20.39938,19.582693,17.492876,12.484561,15.717385,12.082009,14.438838,19.370949,16.074959,16.520296,17.593975,14.652522,13.025004,8.301908,10.577354,9.992752,13.693984,11.428661,8.651284,12.086147,14.391945,15.963155,13.647345,18.368958,13.985892,18.570503,18.942072,21.520002
27,17.256918,15.953473,16.587843,11.747613,13.423345,14.559768,13.901014,18.515308,17.303883,21.717695,22.21273,27.498974,25.229887,22.365267,20.704506,16.291334,14.182228,11.498509,10.235318,7.3788276,5.351509,7.1216226,6.01934,9.1207695,9.97366,5.704726,5.088351,0.0,6.5421467,9.012653,11.520569,15.841978,17.975023,22.157377,22.626022,26.868538,25.469381,23.329052,18.202133,17.088226,13.192974,12.5431595,6.630766,6.5311394,5.0430207,6.9116564,9.608265,12.55907,12.42689,12.219507,9.888308,7.971897,12.123432,11.111407,12.865092,17.292412,19.592363,17.304373,22.080101,19.072063,21.94242,17.220066,20.83294,18.698984,22.362345,21.542303,22.269646,24.778673,26.005022,24.17631,24.053177,19.572102,21.48533,16.79615,20.684515,15.872495,21.50041,17.949333,20.793901,22.18792,22.194239,24.867935,22.980915,22.06124,19.94763,19.974428,18.823309,14.250333,18.54546,15.668445,18.246458,23.121445,20.260374,21.269365,22.348381,19.528297,17.789192,13.257368,15.502947,14.293671,18.5746,16.13517,12.70464,15.689756,17.388765,18.781334,16.801895,20.647585,16.075209,20.497496,20.04615,23.242014
28,20.77393,18.697721,17.999811,12.97113,12.800916,12.83822,10.569704,14.88909,12.205342,16.58192,16.36833,21.685635,19.956202,17.451141,16.421316,11.265721,10.609792,6.5407877,9.07034,6.159329,8.089962,10.148114,11.685513,14.051457,13.865851,10.748403,5.748877,6.5421467,0.0,7.781769,7.285965,12.851235,13.71344,18.947062,19.602594,24.047598,23.085861,21.573734,16.657534,14.975639,12.556141,9.908893,7.116469,4.464332,7.031675,6.4516034,13.508571,14.857024,12.629872,13.735829,9.790133,10.541776,13.651572,12.520374,11.379615,15.320202,16.583239,13.243509,17.013165,13.4999075,15.822917,10.811469,14.340853,12.541468,16.505312,16.47682,17.695253,20.05899,20.59437,18.774778,18.066551,13.779787,15.393648,10.774376,15.105377,10.750865,17.209967,14.816359,18.306744,20.424438,21.404514,24.821524,24.094717,22.950546,20.057598,19.193031,18.4551,11.98847,15.656134,12.482085,15.895243,19.972473,15.846237,17.852844,19.822758,17.406242,17.01769,11.326514,14.455992,13.396237,15.945859,11.856101,8.291458,12.3187685,14.483069,14.40645,11.813073,14.975639,9.77464,14.042848,13.737422,16.820053
29,19.045002,18.403059,16.258673,12.719772,13.357391,11.495001,11.741597,13.155776,11.704861,15.630171,15.920617,20.894096,17.575354,14.426165,12.7321615,9.245275,7.017365,7.331725,5.761438,9.612263,9.5058155,13.159403,13.5819025,17.6144,18.840408,14.710578,11.936121,9.012653,7.781769,0.0,5.6800876,6.9426994,10.625808,13.431872,14.974854,19.049614,17.003225,15.493652,9.667806,9.553031,5.868629,6.7542577,5.9407926,8.18133,11.008984,13.027342,18.188755,20.910128,19.630707,19.416718,14.909898,13.456453,15.217954,11.385708,11.377252,13.622213,17.061138,13.739313,19.299162,15.448364,19.358376,14.552761,18.44209,17.813065,20.636936,22.355852,22.307386,25.517254,25.536983,24.42543,23.312862,20.048603,20.917467,16.473583,20.110968,15.01128,21.019093,17.244074,20.856205,20.921532,23.069231,25.167332,24.782492,25.011923,23.099546,23.19234,23.740664,17.765026,22.164637,19.71925,23.249313,27.115978,23.115,25.54274,27.596405,25.170828,24.511156,18.995785,21.59474,19.407503,22.781612,19.037603,14.802681,17.294054,18.265705,17.81222,16.263517,17.470785,13.259277,16.613958,15.225889,19.385315
30,24.190516,22.960072,20.836798,16.84645,16.528559,14.504533,13.137205,14.290374,10.686498,14.383509,12.792763,17.914688,14.666494,11.479426,12.017599,7.1388326,8.17087,7.057856,9.839761,11.768668,13.151913,16.279383,17.134119,20.38969,20.56505,16.671663,12.837717,11.520569,7.285965,5.6800876,0.0,6.9704843,6.5848293,11.987913,12.353544,16.793999,16.03567,14.685684,10.4951315,8.185031,7.537993,3.8221505,6.969885,7.0458207,11.244991,12.399839,19.123098,21.08613,18.8277,18.707249,13.38199,13.491388,14.3308325,11.268054,8.588508,10.341345,12.561028,8.586112,13.694715,9.777359,13.949337,9.670167,14.392656,14.622759,18.178093,20.30523,21.300407,23.883535,23.265665,21.896935,20.015266,16.65026,16.422445,12.086498,15.020074,10.002267,15.895421,12.730734,16.615448,17.197172,19.910833,22.598915,23.071545,23.01574,20.616737,20.169056,21.24521,14.669096,18.648075,16.753891,20.56065,23.618536,19.627863,22.922781,25.354153,23.48624,23.79689,17.945862,21.463707,20.24706,22.203888,17.285843,13.916898,17.476997,19.083405,17.54633,15.260334,15.658043,10.397755,12.765381,10.473971,14.296141
31,23.681953,23.198473,19.752876,17.34404,16.98885,13.522839,13.888735,12.032741,10.054549,12.458402,11.993753,16.12336,11.7595,8.423223,7.502327,6.2005453,6.054041,9.317485,9.578961,14.909472,15.822249,19.427235,20.410614,24.426558,25.521242,21.509333,18.040396,15.841978,12.851235,6.9426994,6.9704843,0.0,6.452411,6.8970504,10.126886,13.777032,11.278575,11.063611,5.4592953,6.649116,6.580436,7.631478,11.569221,13.343183,17.058668,18.673779,24.717888,27.130772,25.231447,25.152405,20.001133,19.205656,19.80892,15.509062,13.890623,13.770761,17.135647,13.389016,18.372627,14.342381,18.44572,14.467358,17.917173,18.691807,20.618124,24.065828,23.707813,27.000917,26.042238,25.482868,23.620432,21.563448,21.463585,17.873032,20.758759,16.372993,21.787792,18.59617,22.346457,21.686941,25.20495,26.973341,27.760462,28.514172,26.663633,26.611698,28.03837,21.622395,25.564043,23.555546,27.377338,30.361813,25.876335,29.082718,31.654377,29.620525,29.6885,23.903763,26.671375,24.341776,26.764694,22.402157,18.413296,20.490324,21.06294,19.192621,18.019577,16.811611,13.58589,15.075365,12.898571,17.309572
32,29.16922,28.255592,25.290016,22.087685,21.386726,18.347925,17.307775,16.09741,12.13464,14.12889,10.97767,14.969362,10.418169,6.8591013,10.325556,7.5739293,10.566468,11.595088,14.436464,17.803497,19.338,22.626057,23.507938,26.935425,27.118858,23.153206,19.367332,17.975023,13.71344,10.625808,6.5848293,6.452411,0.0,6.915733,6.8218927,11.058709,11.010406,10.564594,8.694239,6.004377,9.201443,6.479157,12.588655,13.192165,17.368357,18.588816,25.344357,27.260614,24.748356,24.375723,18.737942,18.991163,18.515919,15.011152,11.413997,10.015098,12.043428,8.197201,12.537064,9.027046,13.696582,11.271139,15.594173,17.39944,20.209475,23.750273,24.653442,27.131004,25.606134,24.660307,21.98538,19.732714,18.19506,14.979106,16.404509,12.416905,16.6423,14.01096,17.645418,17.070175,21.224823,23.293308,24.994581,25.625933,23.55949,23.176863,25.325005,18.97592,22.439596,21.344614,25.197222,27.277308,23.331598,27.336378,30.100502,28.682127,29.578686,23.69759,27.358786,26.140049,27.412565,22.084982,19.13313,22.321224,23.615059,21.066582,19.099447,17.415056,13.165258,13.176812,9.50105,13.089476
33,29.961233,29.797157,26.01208,24.092073,23.588005,19.773598,20.099604,16.931854,14.659009,15.380026,13.450779,15.863096,10.269556,7.1583366,9.603878,10.64468,12.259512,15.538921,16.403711,21.692417,22.656542,26.272434,26.999989,31.011292,31.908808,27.717978,24.394876,22.157377,18.947062,13.431872,11.987913,6.8970504,6.915733,0.0,5.6698823,7.793359,5.2690334,6.885859,6.0648227,7.077282,10.470907,11.264773,16.859747,18.680126,22.550468,24.330025,30.467564,32.900036,30.799906,30.264774,24.725515,24.080448,23.483181,19.043976,16.72858,14.425112,17.556137,14.559339,18.799664,15.653061,19.94437,17.606352,20.978992,22.882755,24.551346,28.827265,28.709848,31.72487,30.066017,29.700287,27.172247,25.710081,24.466381,21.564598,23.13367,19.331076,23.247875,20.302038,23.633406,21.885431,26.409689,27.46913,29.279165,30.67854,29.213514,29.309715,31.69871,25.591187,29.289583,28.057901,31.922382,34.16684,30.007679,33.843864,36.622776,34.990013,35.55518,29.67626,32.85307,30.844006,32.684956,27.827713,24.322887,26.557632,27.122086,24.567236,23.417051,20.888073,18.136044,17.886185,14.751796,18.425795
34,33.038006,32.871967,29.707878,27.101078,26.895887,23.586763,23.363588,21.3361,18.173079,19.462818,16.364754,19.043573,13.606993,10.399896,14.39292,13.658313,15.840432,17.895102,19.341665,23.63392,24.390776,27.909792,28.012245,31.73893,32.145912,27.765612,24.95343,22.626022,19.602594,14.974854,12.353544,10.126886,6.8218927,5.6698823,0.0,4.469765,5.8780966,5.113134,8.208951,5.9081573,10.821309,10.294962,16.421337,18.133808,21.828585,23.894203,29.732685,32.19792,30.125666,28.835142,23.143942,22.595295,20.930859,16.850433,14.036615,10.41732,13.380019,11.570824,15.992241,14.021727,18.927616,17.666176,22.008257,24.122755,26.791338,30.542885,31.356764,33.88806,32.20694,31.347061,28.48955,26.326471,24.278585,21.22377,21.68305,17.68559,20.220888,16.876795,19.662563,17.13005,22.003222,22.649853,25.00078,26.700014,25.55868,25.877031,28.978884,23.59622,27.324587,26.938026,30.660427,32.55355,29.359415,33.549923,36.195427,34.87942,35.695133,29.862295,33.696648,32.50894,34.099323,28.772045,25.79108,28.943151,30.072634,27.610783,25.832924,23.834023,19.957615,19.532753,15.595252,18.477942
35,36.438526,36.550877,33.139595,30.939936,30.758121,27.216269,27.280632,24.61045,21.776917,22.46282,19.362953,21.104727,15.579815,13.011353,17.130318,17.444986,19.557634,22.065172,23.202448,27.901716,28.541092,32.1275,32.11518,35.954735,36.467472,32.01093,29.373537,26.868538,24.047598,19.049614,16.793999,13.777032,11.058709,7.793359,4.469765,0.0,4.8387623,5.4252567,10.9417095,9.835402,14.483668,14.658722,20.612103,22.528719,26.112003,28.309317,33.945705,36.522488,34.51514,33.042667,27.369036,26.666668,24.647755,20.520315,18.001253,13.864769,16.577782,15.468525,19.200417,17.776363,22.403765,21.687763,25.723818,28.12407,30.479496,34.566357,35.2425,37.79266,35.89394,35.205143,32.205402,30.382723,28.082613,25.348915,25.421137,21.780449,23.617725,20.460348,22.814823,19.632887,24.738062,24.7109,27.461332,29.599625,28.83683,29.34209,32.7935,27.72729,31.352827,31.20454,34.88711,36.549015,33.491882,37.80425,40.4902,39.26323,40.147644,34.31785,38.1539,36.890694,38.454914,33.106247,30.142202,33.131054,34.106865,31.489525,29.888012,27.42748,23.994911,23.121912,19.177334,21.709795
