,0,1,2,3,4,5,6,7,8,9,10,11,12,13,14,15,16,17,18,19,20,21,22,23,24,25,26,27,28,29,30,31,32,33,34,35,36,37,38,39,40,41,42,43,44,45,46,47,48,49,50,51,52,53,54,55,56,57,58,59,60,61,62,63,64,65,66,67,68,69,70,71,72,73,74,75,76,77,78,79,80,81,82,83,84,85,86,87,88,89,90,91,92,93,94,95,96,97,98,99,100
0,0.0,4.3322525,6.4132442,9.293279,12.19401,14.14237,17.52286,21.277843,24.239681,26.65302,30.153288,32.48185,36.062138,37.56629,32.04029,29.815617,27.046343,24.962568,22.08996,20.438692,17.173664,18.093357,19.406544,22.846395,24.97316,25.406359,28.026798,30.347456,31.561548,35.193382,34.245655,40.37344,39.025593,42.410255,38.291943,34.40846,35.881565,38.439487,33.731064,31.073744,34.66404,33.906113,29.493168,29.355556,33.467125,30.175129,25.540888,28.659296,30.994524,34.189556,34.91825,29.159199,35.478256,37.8036,35.308537,34.33016,32.607605,34.634987,38.50158,38.537033,36.643547,41.45772,44.892635,46.53325,42.894917,41.212337,45.637005,45.051136,39.803978,42.10845,44.176647,41.658173,37.849525,40.5988,38.218357,41.472473,38.398933,35.002388,36.149696,32.65469,30.919903,30.127897,26.568558,27.306019,28.393553,23.695698,23.638332,20.685211,19.993784,16.134926,15.747722,19.43358,17.792604,21.396954,19.849886,25.486814,26.634119,24.743362,25.43119,21.451578,23.12949
1,4.3322525,0.0,5.325085,6.288559,8.939338,12.259977,14.384842,18.914394,21.610895,24.186733,27.739416,29.966831,33.473156,34.67934,28.995712,26.649029,23.77022,21.429148,18.719166,16.514791,13.178348,14.037678,15.19325,18.57357,20.807444,21.478535,24.081947,26.597948,27.945145,31.624508,30.955105,37.086994,36.332584,39.537952,35.19202,31.528694,33.301956,35.525414,30.649696,28.275858,32.075607,30.744678,26.367336,26.808025,30.798376,26.96674,22.547258,26.373943,28.449648,31.757246,31.90801,26.17781,32.50956,34.70246,31.86045,30.55581,28.958588,30.726599,34.67893,35.09306,33.01401,37.652428,41.085068,42.907352,39.443188,37.643837,41.88969,41.343575,36.041718,38.11711,40.203407,37.7998,33.86063,36.42063,34.100082,37.234158,34.117317,30.759445,31.840916,28.441359,26.682076,26.05046,22.346836,23.093777,24.388065,19.8113,19.484413,17.000849,16.609531,12.853799,13.344207,17.439106,16.693863,20.550825,19.849365,25.34542,26.52237,23.953854,23.952555,20.137966,20.908016
2,6.4132442,5.325085,0.0,5.404734,6.90048,8.289521,12.065505,15.156106,18.522041,20.488329,24.143873,26.265837,29.962456,31.467129,25.913761,24.088465,21.156162,19.653942,16.22407,15.632774,12.557435,14.185961,17.095142,19.055193,20.568577,20.309572,23.106045,24.91844,26.243366,29.553305,28.91669,34.74485,33.243134,36.950092,33.04283,29.035282,30.794035,33.69212,29.028515,26.269354,30.365519,29.98697,25.367317,25.581385,30.07839,27.181723,22.397053,26.052847,28.911947,31.681143,32.019802,27.273918,33.605293,35.305637,32.825977,31.503658,29.146856,31.026602,35.43281,35.253242,32.533802,37.61627,40.709427,42.49177,38.560772,36.50506,40.846348,39.910423,34.810177,37.6561,39.273754,36.39936,33.018166,36.145115,34.015568,37.559437,34.534843,31.298021,33.209747,29.72561,28.516914,28.506596,24.351229,24.21202,25.477953,21.913538,20.29659,16.99091,17.683268,14.056928,13.789761,17.354536,16.061237,19.722414,18.03979,23.560856,23.990831,21.290789,21.836164,17.035654,18.367506
3,9.293279,6.288559,5.404734,0.0,3.780041,6.854558,8.461373,13.202494,15.473738,18.43198,21.75771,24.238857,27.561375,28.886206,23.495153,20.753143,18.275095,15.800706,13.931592,11.7981415,9.768112,12.18281,14.564116,15.567715,17.257502,17.403898,19.22468,21.56316,22.397013,26.228125,24.984488,31.19989,30.184313,33.34132,29.079233,25.322302,27.025581,29.387346,24.584461,22.06969,25.980259,25.036997,20.516401,20.92279,25.17345,21.886127,17.19596,21.177305,23.752333,26.669853,26.780733,21.915636,28.24407,29.964905,27.441774,26.233824,23.956707,26.004908,30.2255,30.014772,27.615812,32.62996,35.894672,37.555874,33.778877,31.971334,36.43291,35.833294,30.615973,33.17234,35.22947,32.71885,28.95316,32.15165,29.565104,33.230827,30.432684,26.892288,28.973854,25.039034,24.036133,23.889935,19.887184,19.552189,20.40337,16.853209,15.564906,11.846197,12.283326,8.708136,8.828238,12.67446,12.351615,16.194178,15.843935,21.01221,21.860968,18.636189,18.252592,14.3584385,14.673686
4,12.19401,8.939338,6.90048,3.780041,0.0,5.4138813,5.613718,10.369264,12.958131,15.447895,19.02583,21.161068,24.614458,25.742323,20.107763,17.795843,14.912008,12.893882,10.23235,8.855339,6.7615576,9.647417,13.1568575,13.133429,14.341003,14.027845,16.281664,18.282604,19.48845,23.006294,22.411978,28.337303,27.562887,30.95004,26.743834,23.012474,25.165117,27.625532,22.776667,20.376558,24.80407,23.823196,19.22019,20.27803,24.65634,21.376598,16.878084,21.50104,24.183779,26.827322,26.364695,22.259472,28.431349,29.683304,26.962717,25.28094,22.72006,24.382341,29.023373,28.999645,25.867575,30.903921,33.903423,35.826218,31.976505,29.77186,34.002213,33.11299,27.961264,30.761486,32.417587,29.652925,26.157244,29.413952,27.187832,30.88191,28.004887,24.71418,27.131718,23.486303,22.736425,23.231941,18.828531,17.97814,19.245905,16.683659,13.975777,10.65742,12.582912,9.719928,10.526369,13.995939,14.251839,17.868938,17.602705,22.410002,22.771805,19.003466,18.327902,14.019719,13.531655
5,14.14237,12.259977,8.289521,6.854558,5.4138813,0.0,5.957446,7.322884,10.517449,12.690201,16.05757,18.537167,22.04075,23.833319,18.818878,16.692291,14.434705,13.351719,11.044776,11.68962,11.029863,14.263425,18.334412,17.209988,17.664503,16.405018,18.017569,19.16315,19.709097,22.9625,21.562286,27.27765,25.14619,28.96221,25.376019,21.147373,22.806026,26.135124,21.76339,18.71245,23.028452,23.566116,18.86918,18.964766,23.826384,22.122238,17.2442,20.780455,24.367088,26.326427,26.617146,23.537266,29.508785,30.407944,28.50324,27.327929,24.014587,26.162563,30.863344,29.762468,26.487932,32.024994,34.71862,36.25919,31.86516,29.741165,34.30032,33.184692,28.364628,32.01311,33.410713,30.313324,27.431501,31.450985,29.115765,33.318146,30.808743,27.51781,30.74875,26.791126,26.652147,27.325182,23.01521,21.444983,22.108194,20.326841,17.404493,12.85087,14.941417,12.411685,11.531806,13.7217045,12.9388895,15.97004,14.556053,19.159796,18.788858,15.102822,15.296102,9.909943,10.767385
6,17.52286,14.384842,12.065505,8.461373,5.613718,5.957446,0.0,6.2681837,7.6259885,10.680276,13.907708,16.245317,19.398914,20.504011,15.193123,12.318991,9.957283,7.7691784,6.9267807,6.1284676,7.398233,11.117854,14.947366,12.188483,12.358898,11.273991,12.189868,13.804301,14.356569,18.005087,16.88412,22.854721,22.044712,25.339397,21.161743,17.413548,19.72075,22.222456,17.439268,15.045218,19.784658,19.085016,14.442067,15.889581,20.372532,17.72883,13.423097,18.28063,21.255938,23.303148,22.49247,19.780865,25.530424,26.107296,23.693558,21.997248,18.728485,20.476248,25.377329,24.813189,21.149065,26.476234,29.191576,31.01569,26.8963,24.579271,28.931211,27.950233,22.924112,26.241222,27.784706,24.920225,21.687902,25.595493,23.188381,27.366259,24.908428,21.59038,25.033928,21.081625,21.236444,22.315878,17.93776,15.863817,16.640722,15.83139,11.945699,7.8456554,11.329902,9.995277,10.660826,12.773341,13.886469,16.803692,17.186165,20.96748,20.90296,16.466774,15.043086,11.16349,9.10552
7,21.277843,18.914394,15.156106,13.202494,10.369264,7.322884,6.2681837,0.0,4.626299,5.3868504,9.033257,11.241331,14.819511,16.573502,11.763663,10.250809,8.302094,9.070801,7.4837403,10.681204,12.168703,15.528836,20.192518,16.709816,15.800007,13.354584,14.165867,13.951324,14.219365,16.69836,15.64328,20.625563,18.328405,22.570007,19.406513,15.140619,17.404676,21.104502,17.122068,14.2209425,19.200754,20.303688,15.881705,16.793945,21.594143,20.780033,16.690828,20.493649,24.231394,25.30043,24.816973,23.766727,28.95822,28.832678,27.12917,25.586895,21.588142,23.294065,28.3836,26.98706,22.60074,28.208958,30.20549,31.868101,27.202171,24.5667,28.846455,27.236715,22.865923,27.31143,27.987175,24.472492,22.479853,27.053844,25.129274,29.613129,27.487682,24.65611,28.88165,25.21378,25.9804,27.585659,23.211433,20.490711,21.11294,21.4798,16.980259,13.034236,16.753925,15.780092,15.47404,16.42886,16.746038,18.818663,18.108246,21.172447,19.946985,15.491026,14.869272,10.00642,8.640534
8,24.239681,21.610895,18.522041,15.473738,12.958131,10.517449,7.6259885,4.626299,0.0,4.8058515,6.617416,9.716036,12.357666,14.071743,10.187786,6.8962245,6.945337,6.9220486,9.027061,10.861349,13.910665,17.395994,21.395098,16.865778,15.706437,13.4549,12.362712,12.149911,11.073649,14.061702,11.530856,17.002443,14.790135,18.498352,15.071301,10.775451,12.997993,16.500809,12.538942,9.621961,14.705807,15.953985,11.733334,12.814878,17.429647,17.196678,13.601013,17.195524,20.878405,21.506958,20.820019,20.784796,25.443737,24.9126,23.574583,22.29018,17.94999,19.895481,24.805708,22.872566,18.505922,24.260191,26.178099,27.570322,22.773344,20.347742,24.911972,23.549736,19.237614,23.841518,24.828035,21.609118,19.560747,24.56929,22.16378,26.963774,25.347122,22.356306,27.100962,23.073385,24.423271,26.084545,22.12316,18.863867,18.776808,20.109715,15.735212,11.624702,15.418933,15.486559,15.171909,15.139708,16.250076,17.685102,18.009476,20.052637,18.930006,14.152073,12.474443,9.33664,5.957314
9,26.65302,24.186733,20.488329,18.43198,15.447895,12.690201,10.680276,5.3868504,4.8058515,0.0,4.167448,5.863355,9.4985285,11.356581,7.306573,7.0008273,6.415605,9.296257,9.212837,13.269002,15.751273,18.808569,23.427898,18.775942,17.01109,13.968139,13.792535,12.162173,11.89123,13.196124,12.390043,16.212776,13.490658,18.188295,15.717389,11.59277,14.27844,18.268831,15.062269,12.55229,17.600763,19.338634,15.599432,16.928465,21.287928,21.412949,18.224972,21.716501,25.401339,25.706118,24.772469,25.329962,29.711912,28.815836,27.443663,25.786903,21.426867,22.747702,27.869495,26.150105,21.078176,26.542284,27.838854,29.487282,24.654112,21.680918,25.620958,23.570303,19.846762,24.974401,24.963554,21.139181,20.17492,25.152617,23.61897,28.223692,26.560764,24.215313,29.09062,25.745108,27.177391,29.326385,25.149836,21.78836,22.24296,24.018827,18.939596,15.73271,19.886116,19.770864,19.620295,19.82784,20.577648,21.974665,21.60285,23.588371,21.865112,17.356539,16.35242,12.653648,10.344967
10,30.153288,27.739416,24.143873,21.75771,19.02583,16.05757,13.907708,9.033257,6.617416,4.167448,0.0,3.9253879,6.1589856,8.750209,7.2579236,6.634558,8.470267,11.117595,12.819536,16.208559,19.30737,22.41014,26.716616,21.554157,19.605707,16.66089,15.263663,13.242206,11.7625065,12.587113,10.475908,13.557414,9.618028,14.477612,12.724527,8.582785,10.921178,15.31944,13.057193,10.681211,15.205389,17.91666,14.874887,15.870992,19.806366,21.113789,18.52075,21.187717,24.921394,24.531235,23.691336,25.475231,29.1636,27.777245,27.025776,25.72983,21.09953,22.551205,27.348345,24.916283,19.87706,25.308157,26.183502,27.439774,22.386265,19.597658,23.60265,21.528267,18.417707,23.971367,23.85319,20.155363,19.790676,25.158285,23.459574,28.257559,27.165407,24.914991,30.224285,26.75366,28.680382,30.885454,27.0785,23.372347,23.268118,25.752325,20.906542,17.651016,21.58686,22.019165,21.602808,21.015913,21.921461,22.63945,22.56763,23.559769,21.566734,17.201385,15.952729,13.508775,10.921973
11,32.48185,29.966831,26.265837,24.238857,21.161068,18.537167,16.245317,11.241331,9.716036,5.863355,3.9253879,0.0,4.1653004,6.2125893,5.217284,7.658327,8.868277,12.7267275,13.470062,17.691841,20.578152,23.27038,27.757633,22.408752,20.041016,16.748205,15.832626,12.916906,12.174901,11.445495,11.38246,12.663781,9.336798,14.623518,13.559051,10.320626,13.182011,17.144005,15.307226,13.658632,18.103897,20.396803,17.71262,19.307058,22.903254,23.918549,21.71002,24.74545,28.222647,27.796206,26.454718,28.49448,31.98434,30.353018,29.344116,27.609324,23.133186,23.93701,28.864386,26.91477,21.337004,26.302542,26.684586,28.285809,23.458202,20.178013,23.407288,20.785011,18.211315,23.918575,22.956013,18.860207,19.392977,24.51968,23.604599,28.09422,26.987041,25.323221,30.634598,27.796333,29.785084,32.392864,28.49514,24.730696,25.06931,27.968534,22.595282,20.174526,24.461187,24.913588,24.879341,24.608267,25.604008,26.491161,26.31596,27.431053,25.327148,21.046911,19.876657,17.235832,14.680764
12,36.062138,33.473156,29.962456,27.561375,24.614458,22.04075,19.398914,14.819511,12.357666,9.4985285,6.1589856,4.1653004,0.0,3.6022108,7.1463404,8.887759,11.526809,14.857759,16.87897,20.4504,23.828268,26.519718,30.659794,24.877851,22.38275,19.29601,17.375006,14.291978,12.601938,11.211069,10.296705,9.855953,5.549767,10.966203,11.0295725,8.722365,11.224462,14.900558,14.250051,13.262105,16.866726,19.595238,17.803738,19.340818,22.235413,24.05098,22.577179,25.03586,28.300928,27.303131,25.824768,28.962416,31.696592,29.578558,29.041773,27.540575,23.006168,23.724142,28.242023,25.842354,20.316854,24.942394,24.78325,26.068523,21.22909,18.083925,21.061127,18.367968,16.670952,22.618126,21.437649,17.584265,18.84668,24.140253,23.190575,27.697803,27.183737,25.727308,31.331652,28.523405,30.945982,33.632576,30.127079,26.11395,26.02409,29.592209,24.427727,22.202719,26.314436,27.262089,27.175777,26.377516,27.634834,28.055555,28.289272,28.647455,26.487766,22.3746,20.875074,19.34783,16.480421
13,37.56629,34.67934,31.467129,28.886206,25.742323,23.833319,20.504011,16.573502,14.071743,11.356581,8.750209,6.2125893,3.6022108,0.0,6.3650947,8.955267,11.452609,14.909217,17.075678,20.485584,23.999666,26.349108,30.23297,24.1463,21.384935,18.359064,16.24981,12.737902,11.316249,8.700724,9.549152,7.4972434,6.2538505,10.645168,10.505327,9.45729,12.637478,15.165824,14.527674,14.408013,18.040205,19.72434,18.332916,20.671648,23.109749,24.30143,23.389067,26.363615,29.145195,28.248775,26.061598,29.382477,31.827442,29.505972,28.613619,26.689457,22.427244,22.494287,27.008575,25.214634,19.283167,23.338562,22.82061,24.504557,20.055136,16.458181,18.688368,15.639996,14.287572,20.172258,18.431902,14.419537,16.314423,21.360538,20.93957,25.151247,24.761084,23.774408,29.36276,27.065992,29.628258,32.617123,29.244287,25.168226,25.30945,29.400629,23.973242,22.636238,26.948767,28.168522,28.56782,27.98595,29.655241,30.266417,30.886997,31.389473,29.480251,25.19565,23.295958,21.945993,18.546152
14,32.04029,28.995712,25.913761,23.495153,20.107763,18.818878,15.193123,11.763663,10.187786,7.306573,7.2579236,5.217284,7.1463404,6.3650947,0.0,5.5150313,5.6572556,9.996888,10.856361,14.808121,17.91811,20.146013,24.288506,18.522137,15.80641,12.500552,11.592152,8.122721,8.406426,7.0418506,9.619441,11.101772,11.132593,15.398199,13.123838,10.7651205,14.6910925,17.31088,14.696277,13.956248,18.849792,19.345894,16.737041,19.606125,22.837074,22.451479,20.74746,24.870459,27.66595,27.71458,25.40603,27.082443,30.554043,28.941626,27.149088,24.711601,20.648739,20.662712,25.841284,24.97687,18.902472,23.409334,23.857733,26.124517,21.804352,17.995117,20.691711,17.978662,14.870884,20.16907,19.0171,14.756652,15.025355,19.801903,19.344246,23.53984,22.177782,20.829466,25.992664,23.683432,25.6403,28.595572,24.692461,20.920898,21.773418,25.115177,19.260523,18.130423,22.79146,23.542934,24.358894,24.618738,26.282825,27.643116,28.127003,29.714048,28.1759,23.547533,21.691025,19.22071,15.727234
15,29.815617,26.649029,24.088465,20.753143,17.795843,16.692291,12.318991,10.250809,6.8962245,7.0008273,6.634558,7.658327,8.887759,8.955267,5.5150313,0.0,4.4509525,6.155602,10.189618,12.117051,16.127907,18.900373,22.437916,16.48591,14.29291,11.758499,9.036112,7.1970983,5.187703,7.3120875,5.886602,10.671759,10.741763,13.985101,10.243831,7.1940126,11.140701,13.396602,9.824295,8.910634,14.085904,14.162129,11.2470665,14.260769,17.51207,17.033318,15.330701,19.441444,22.151167,22.292612,20.07325,21.675718,25.195175,23.739792,22.104319,20.07774,15.736749,16.483038,21.576872,20.206276,14.563085,19.746706,20.910727,22.80122,18.229542,14.959518,18.818716,17.014578,12.934362,18.012747,18.299961,14.860743,13.52622,18.821846,16.96833,21.745499,20.577282,18.29066,23.65812,20.3539,22.466026,24.965982,21.332485,17.395359,17.471363,20.806074,15.541914,13.689818,18.073101,19.272825,19.97095,19.798742,21.883017,23.057034,24.254711,25.587648,24.516193,19.750328,17.233511,15.726258,11.423866
16,27.046343,23.77022,21.156162,18.275095,14.912008,14.434705,9.957283,8.302094,6.945337,6.415605,8.470267,8.868277,11.526809,11.452609,5.6572556,4.4509525,0.0,4.780604,5.9873414,9.211537,12.559476,15.104011,19.139166,13.554626,11.281275,8.221803,7.6426606,5.9173093,6.8819323,8.686932,9.954917,14.217224,14.64687,18.264648,14.586745,11.61504,15.414017,17.704685,13.704319,12.5391655,17.910036,17.341192,13.838702,16.95954,20.603706,18.957706,16.641518,21.5401,24.199366,25.017637,22.764242,23.032627,27.25288,26.308235,23.98297,21.4563,17.595043,17.969034,23.38903,22.965418,17.360018,22.279325,23.725376,26.07133,21.87011,18.419832,21.829391,19.888165,15.52053,19.96269,20.03056,16.344423,14.650916,19.202234,17.93048,22.258362,20.316107,18.149134,22.918213,20.038933,21.505821,24.100216,19.923763,16.407103,17.448345,19.988646,14.1566925,12.799392,17.562874,18.10766,19.248392,20.032621,21.898136,23.759062,24.532938,26.795633,25.844059,21.035013,18.936642,16.190062,12.397196
17,24.962568,21.429148,19.653942,15.800706,12.893882,13.351719,7.7691784,9.070801,6.9220486,9.296257,11.117595,12.7267275,14.857759,14.909217,9.996888,6.155602,4.780604,0.0,6.6855893,6.143788,10.554181,13.44538,16.593065,10.931036,9.433554,7.754837,5.577462,6.75711,6.6247163,10.631109,9.987107,15.79474,16.722845,19.350716,14.779847,11.95928,15.295599,16.775124,11.981582,10.929173,16.093437,14.354803,10.463098,13.946163,17.46844,14.784116,12.357082,17.836954,20.101511,21.429081,19.07318,18.510395,23.038551,22.510653,19.90153,17.489075,13.776811,14.627971,19.97234,19.693157,14.767502,19.892935,22.108776,24.297903,20.300007,17.413874,21.378334,20.257145,15.224491,18.80161,20.08043,17.23397,14.11666,18.50683,16.184422,20.677805,18.698212,15.693362,20.271395,16.58071,17.928041,20.0736,16.025537,12.508667,13.127601,15.383707,9.908731,8.183761,12.945164,13.911907,15.397969,16.22215,18.67436,20.670105,22.232662,24.57742,24.288342,19.448496,16.757116,14.825667,10.453669
18,22.08996,18.719166,16.22407,13.931592,10.23235,11.044776,6.9267807,7.4837403,9.027061,9.212837,12.819536,13.470062,16.87897,17.075678,10.856361,10.189618,5.9873414,6.6855893,0.0,5.9925256,7.3441377,9.821305,14.60417,10.462701,9.015042,6.248452,9.17613,9.30358,11.689462,13.845042,15.507003,20.111366,20.440033,24.157589,20.272305,17.083454,20.505888,22.846365,18.328695,16.753956,22.09506,20.99445,16.892838,19.688055,23.725245,20.915209,17.772701,23.20053,25.787169,27.454372,25.499342,23.934317,29.036913,28.90454,25.985403,23.270632,20.070852,20.480032,25.91109,26.248749,21.241695,26.009624,28.027111,30.56773,26.679653,23.42922,26.791925,25.082878,20.363276,23.894632,24.277065,20.810526,18.382065,21.926884,20.815231,24.580751,21.834478,19.497326,23.12303,20.445951,20.839697,23.062601,18.360552,15.8443365,17.76597,18.581833,12.865323,11.688337,16.251755,15.700329,17.257393,19.270773,20.726711,23.412416,23.715118,27.125437,26.532784,21.893772,20.326548,16.447336,13.662126
19,20.438692,16.514791,15.632774,11.7981415,8.855339,11.68962,6.1284676,10.681204,10.861349,13.269002,16.208559,17.691841,20.4504,20.485584,14.808121,12.117051,9.211537,6.143788,5.9925256,0.0,4.746964,7.6383266,10.7183895,6.282959,6.3661885,6.2902684,7.598828,10.282215,11.883859,15.506407,15.959019,21.606625,22.798847,25.47036,20.773201,18.02852,21.10721,22.398651,17.368711,16.23005,21.049883,18.502811,14.447799,17.576118,21.110073,16.878088,13.921888,19.980762,21.7725,24.121372,21.896646,19.139822,24.483574,24.894985,21.475107,18.740856,16.212696,16.801645,21.917969,22.817709,18.72655,23.253117,26.009966,28.471195,25.065393,22.384941,26.012697,25.13531,19.880417,22.262306,23.819878,21.285776,17.502176,20.558813,18.51564,22.159105,19.32739,16.198475,19.251007,15.870252,15.854462,17.539133,12.871915,10.701277,12.581097,12.634332,7.200596,6.640984,11.033331,10.9041195,13.447258,15.841559,18.132881,21.051586,22.447605,25.920267,26.188374,21.604286,19.328066,16.630964,13.315032
20,17.173664,13.178348,12.557435,9.768112,6.7615576,11.029863,7.398233,12.168703,13.910665,15.751273,19.30737,20.578152,23.828268,23.999666,17.91811,16.127907,12.559476,10.554181,7.3441377,4.746964,0.0,3.7317605,8.081258,6.8663483,8.030179,8.318528,11.705031,13.996561,16.296131,19.398602,20.489712,25.882326,26.782528,29.854122,25.32708,22.359873,25.379282,27.010092,21.99206,20.56327,25.386175,23.051237,18.87664,21.527313,25.275206,20.870386,17.53435,23.37688,25.211338,27.90648,26.033146,22.365316,28.063246,28.914886,25.32189,22.5812,20.529789,21.014791,25.946434,27.209877,23.367273,27.68553,30.500223,33.076893,29.788774,27.07226,30.511946,29.50612,24.314207,26.477474,27.81155,25.16053,21.52443,23.970778,22.419394,25.528456,22.276323,19.461637,21.50351,18.748835,17.846066,19.166187,14.3510065,13.462951,15.928869,14.466141,10.065769,9.854498,13.121133,11.700912,14.311823,17.627024,19.220917,22.637695,23.359447,27.597048,27.941425,23.65626,22.030422,18.472815,16.235193
21,18.093357,14.037678,14.185961,12.18281,9.647417,14.263425,11.117854,15.528836,17.395994,18.808569,22.41014,23.27038,26.519718,26.349108,20.146013,18.900373,15.104011,13.44538,9.821305,7.6383266,3.7317605,0.0,5.4852915,6.4169197,8.020991,9.073792,13.288762,15.56109,18.46135,21.126059,23.102293,28.09768,29.600683,32.60045,28.039083,25.378204,28.611025,29.964506,24.9559,23.844658,28.659718,25.841494,21.91492,24.880783,28.362204,23.456484,20.541063,26.558815,27.991848,30.871843,28.642323,24.710186,30.255955,31.194977,27.195461,24.074492,22.601482,22.514954,27.313265,29.335016,25.47524,29.258318,32.031555,34.908543,32.009876,29.151398,32.114246,31.07873,25.958935,27.577671,28.722366,26.202438,22.557312,24.18303,23.17906,25.62653,22.03898,19.669292,20.82305,18.934254,17.470884,18.885914,14.114249,14.017108,17.164568,15.50781,11.359769,12.730202,15.60411,14.237755,17.239511,20.802729,22.451485,25.981739,26.73527,31.122078,31.567883,27.343708,25.709595,22.17157,19.945635
22,19.406544,15.19325,17.095142,14.564116,13.1568575,18.334412,14.947366,20.192518,21.395098,23.427898,26.716616,27.757633,30.659794,30.23297,24.288506,22.437916,19.139166,16.593065,14.60417,10.7183895,8.081258,5.4852915,0.0,6.69079,9.590027,12.245281,15.31889,18.389357,20.996363,23.975023,25.729282,30.870874,33.138924,35.479053,30.564598,28.397253,31.501762,32.069065,27.001194,26.376322,30.704832,26.870882,23.421875,26.585913,29.392462,23.526333,21.30504,27.391504,27.91113,31.245342,28.675207,23.918875,29.201105,30.562521,26.081375,22.837708,22.472292,22.055708,26.165625,29.077164,26.027576,29.04706,32.162285,35.090397,32.87229,30.37938,33.08693,32.581497,27.389435,27.86623,29.599932,27.841007,23.574083,24.240387,23.046457,24.747972,21.068302,18.649054,18.357275,16.852966,14.44387,15.209386,10.948677,12.459443,15.84566,13.239402,10.794124,13.822993,15.4647,14.512383,18.188257,21.889164,24.021042,27.56874,29.049667,33.359394,34.36857,30.292027,28.26388,25.567486,23.103598
23,22.846395,18.57357,19.055193,15.567715,13.133429,17.209988,12.188483,16.709816,16.865778,18.775942,21.554157,22.408752,24.877851,24.1463,18.522137,16.48591,13.554626,10.931036,10.462701,6.282959,6.8663483,6.4169197,6.69079,0.0,3.2733972,6.5117564,8.688541,11.916657,14.458338,17.430183,19.359295,24.278673,27.008266,29.110174,24.212624,22.387642,25.754658,26.073677,21.138489,20.923817,25.403173,21.483442,18.253706,22.096676,24.738924,19.23736,17.52944,23.930643,24.603481,27.34904,24.20766,20.942095,25.78017,26.34305,21.989841,18.383575,17.3139,16.571514,21.30668,23.957148,20.081045,23.282732,26.09913,29.13288,26.7267,23.949215,26.600134,25.949339,20.762264,21.632954,23.208559,21.299429,17.058165,18.358793,17.027891,19.397203,15.916413,13.29112,14.734027,12.66388,11.64208,13.774779,8.938298,8.028176,11.612195,11.655748,6.381836,10.3067255,13.563817,13.878745,17.427956,20.216309,22.93065,25.991215,27.856276,31.414251,32.040825,27.536211,24.98558,22.761164,19.304691
24,24.97316,20.807444,20.568577,17.257502,14.341003,17.664503,12.358898,15.800007,15.706437,17.01109,19.605707,20.041016,22.38275,21.384935,15.80641,14.29291,11.281275,9.433554,9.015042,6.3661885,8.030179,8.020991,9.590027,3.2733972,0.0,3.6733234,6.3283663,8.986814,12.057344,14.5015135,17.22615,21.637226,24.636087,26.84594,22.140306,20.480543,24.139946,24.52493,19.783878,19.74641,24.445541,20.776619,17.682138,21.82476,24.483297,19.509634,18.026766,24.394228,25.300486,27.614506,24.240774,21.983385,26.488914,26.540537,22.367586,18.582315,17.039042,15.954122,21.041159,23.526356,18.929728,22.16343,24.562403,27.767946,25.22724,22.070826,24.466162,23.466658,18.426193,19.724627,20.75712,18.490475,14.645115,16.223703,15.360641,17.936274,14.512998,12.3085785,14.661186,12.95379,12.753957,15.554854,10.940818,8.948992,12.369709,13.818303,7.7572885,11.277525,15.253329,15.851206,19.067291,21.449102,24.159237,26.997128,28.73377,32.01325,32.29426,27.61975,25.022532,22.725368,18.967947
25,25.406359,21.478535,20.309572,17.403898,14.027845,16.405018,11.273991,13.354584,13.4549,13.968139,16.66089,16.748205,19.29601,18.359064,12.500552,11.758499,8.221803,7.754837,6.248452,6.2902684,8.318528,9.073792,12.245281,6.5117564,3.6733234,0.0,5.6154947,6.705293,10.357065,12.230992,15.485849,19.553537,22.060698,24.808151,20.462954,18.494238,22.344358,23.326326,18.767988,18.433413,23.483536,20.693481,17.386702,21.365936,24.424568,20.363293,18.524853,24.641844,26.150843,28.04509,24.926985,23.419075,27.932774,27.642773,23.929329,20.360687,18.046432,17.211521,22.597155,24.349371,19.155598,22.86562,24.853848,27.989782,24.962894,21.486496,23.96844,22.465548,17.623657,19.951468,20.33206,17.361122,14.32501,16.73754,16.195553,19.240498,16.110964,14.2252655,17.427696,15.67689,16.034174,18.92653,14.36191,11.825645,14.665457,16.509571,10.183931,12.118217,16.657337,17.043665,19.700895,21.817057,24.18971,26.884863,28.154367,31.326965,31.168716,26.411583,24.068075,21.307219,17.62419
26,28.026798,24.081947,23.106045,19.22468,16.281664,18.017569,12.189868,14.165867,12.362712,13.792535,15.263663,15.832626,17.375006,16.24981,11.592152,9.036112,7.6426606,5.577462,9.17613,7.598828,11.705031,13.288762,15.31889,8.688541,6.3283663,5.6154947,0.0,4.1510143,5.8401384,9.107551,10.979226,15.601573,18.819063,20.615948,15.843582,14.52159,18.277489,18.395483,13.883102,14.307855,18.936237,15.519353,12.816827,17.361698,19.738127,15.821157,14.944339,20.898584,22.039133,23.545406,19.959822,19.545841,23.363428,22.601093,19.110937,15.62011,12.901737,12.040111,17.540546,18.928034,13.550438,17.426544,19.503595,22.466204,19.40838,16.092388,18.941933,17.888283,12.70187,15.100162,16.243063,13.772546,9.952549,13.435573,11.684274,15.65468,13.323263,10.729492,15.312451,12.5420475,14.10341,17.075771,13.211458,9.442243,11.082254,14.674315,8.531739,10.406712,14.896464,16.474686,18.944235,20.088015,23.086557,25.18316,27.263588,29.5696,29.544903,24.72914,21.691185,20.30112,15.770372
27,30.347456,26.597948,24.91844,21.56316,18.282604,19.16315,13.804301,13.951324,12.149911,12.162173,13.242206,12.916906,14.291978,12.737902,8.122721,7.1970983,5.9173093,6.75711,9.30358,10.282215,13.996561,15.56109,18.389357,11.916657,8.986814,6.705293,4.1510143,0.0,4.443427,5.6167564,9.594668,12.900394,16.224285,18.517965,14.378747,13.165353,17.321056,17.911127,14.041611,14.467281,19.295,16.899557,14.456877,18.795874,21.296253,18.531385,17.660051,23.11547,24.691013,25.626915,22.149378,22.773674,26.244083,24.987942,21.980429,18.629852,15.50321,14.488435,19.921911,20.808994,14.755231,18.569193,19.806849,22.837646,19.497911,15.632255,18.026999,16.1708,11.561478,15.106661,14.992147,11.570392,9.318016,13.380792,12.672326,16.619537,14.642054,13.039131,17.944456,15.896482,17.74096,20.974146,17.211056,13.456416,14.9465685,18.79263,12.65359,13.776148,18.457294,19.821981,21.857735,22.738655,25.396788,27.27738,28.900263,30.969893,30.434814,25.57894,22.803686,21.074755,16.650936
28,31.561548,27.945145,26.243366,22.397013,19.48845,19.709097,14.356569,14.219365,11.073649,11.89123,11.7625065,12.174901,12.601938,11.316249,8.406426,5.187703,6.8819323,6.6247163,11.689462,11.883859,16.296131,18.46135,20.996363,14.458338,12.057344,10.357065,5.8401384,4.443427,0.0,4.931165,5.3728156,9.95397,13.204376,14.8096485,10.230368,9.281329,13.310375,13.49399,9.707434,10.597798,15.100014,12.87967,10.899172,15.269999,17.393513,15.498143,15.116609,19.945122,21.54859,21.97027,18.53553,20.252335,23.203136,21.555525,19.19399,16.430277,12.634413,12.261689,17.497066,17.295681,11.142288,15.615874,16.860685,19.380348,15.542554,11.884039,15.188895,13.710834,8.86894,13.243402,13.879251,10.922685,8.530087,13.778908,11.809597,16.559698,15.502619,13.346527,18.902962,15.946718,18.426497,21.305752,18.081074,13.920941,14.127098,18.56362,13.17484,13.258314,17.574959,19.4927,21.04609,21.085802,23.936602,25.256908,27.283691,28.623129,28.094393,23.306587,20.161924,19.473637,14.671081
29,35.193382,31.624508,29.553305,26.228125,23.006294,22.9625,18.005087,16.69836,14.061702,13.196124,12.587113,11.445495,11.211069,8.700724,7.0418506,7.3120875,8.686932,10.631109,13.845042,15.506407,19.398602,21.126059,23.975023,17.430183,14.5015135,12.230992,9.107551,5.6167564,4.931165,0.0,7.1801267,7.7093463,12.219863,14.071486,10.814372,10.824269,15.030567,15.324059,12.876858,14.0126505,18.178425,16.666864,15.35009,19.44992,21.33488,20.071283,19.961613,24.460587,26.102734,26.131628,22.568998,24.971487,27.442966,25.377789,23.174284,20.217314,16.740444,15.606929,20.502695,20.549276,14.076259,17.487112,17.576883,20.404501,16.877846,12.6119,14.416187,11.805325,8.338318,13.314198,12.045918,7.966946,8.195551,13.13557,12.856426,16.921543,16.137383,15.285612,20.75415,18.958973,21.53412,24.868229,21.708529,17.665005,18.335524,23.041164,17.363914,17.965315,22.417866,24.157648,25.70426,25.801579,28.42255,29.679102,31.327272,32.5488,31.611326,26.8737,24.035929,22.994556,18.496931
30,34.245655,30.955105,28.91669,24.984488,22.411978,21.562286,16.88412,15.64328,11.530856,12.390043,10.475908,11.38246,10.296705,9.549152,9.619441,5.886602,9.954917,9.987107,15.507003,15.959019,20.489712,23.102293,25.729282,19.359295,17.22615,15.485849,10.979226,9.594668,5.3728156,7.1801267,0.0,6.802693,8.924019,9.777306,4.994239,4.4947033,8.371753,8.524971,5.898487,7.3348837,11.020228,10.5068445,9.573147,13.029603,14.68199,15.041125,15.085139,18.369175,20.323227,19.70427,16.79653,20.26328,22.38355,20.116974,19.072697,17.40182,12.985282,13.580169,17.95074,15.903837,10.08954,15.026311,15.715151,17.229645,12.5121155,9.299972,13.572931,12.263804,8.528261,13.917332,14.695451,12.178157,11.06483,16.75096,14.251429,19.24371,19.166588,16.992363,22.795372,19.381205,22.276308,24.764729,22.060202,17.822283,16.913116,21.47505,17.018137,15.800139,19.49303,21.653479,22.374878,21.374388,24.046793,24.54438,26.647747,26.946554,26.114794,21.58254,18.342045,18.759808,14.049377
31,40.37344,37.086994,34.74485,31.19989,28.337303,27.27765,22.854721,20.625563,17.002443,16.212776,13.557414,12.663781,9.855953,7.4972434,11.101772,10.671759,14.217224,15.79474,20.111366,21.606625,25.882326,28.09768,30.870874,24.278673,21.637226,19.553537,15.601573,12.900394,9.95397,7.7093463,6.802693,0.0,7.3345795,7.0167522,5.9058137,8.429718,11.341708,10.931092,11.325346,13.198054,15.497613,15.692222,15.998632,19.058096,19.907742,21.00792,21.716164,24.46562,26.17294,24.933344,21.790976,26.330126,27.484266,24.554918,23.85856,22.031845,18.183718,17.727009,21.393806,19.606384,13.787576,16.827717,15.687634,17.274345,13.218346,9.499634,11.335611,8.579924,8.056699,13.889337,12.567425,9.760847,11.821416,16.933018,15.96193,20.132969,20.793585,19.95602,25.744358,23.481775,26.67616,29.650034,27.206182,22.953053,22.378565,27.536318,22.796738,22.364567,26.185741,28.353363,29.137447,28.100826,30.62099,30.912693,32.738525,32.64021,31.366718,27.070587,24.162954,24.498669,20.184288
32,39.025593,36.332584,33.243134,30.184313,27.562887,25.14619,22.044712,18.328405,14.790135,13.490658,9.618028,9.336798,5.549767,6.2538505,11.132593,10.741763,14.64687,16.722845,20.440033,22.798847,26.782528,29.600683,33.138924,27.008266,24.636087,22.060698,18.819063,16.224285,13.204376,12.219863,8.924019,7.3345795,0.0,5.5358725,7.0702453,6.4669814,7.7621193,10.612022,11.683719,11.639198,13.702782,16.911026,16.384647,17.653418,19.464922,22.333733,21.826864,23.373995,26.247917,24.553787,23.027773,27.460773,29.180178,26.550117,26.752987,25.806416,21.276764,22.177254,25.936893,22.740475,17.75354,22.029354,21.47024,22.06734,17.14227,14.623994,17.772131,15.570354,14.709109,20.589388,19.855734,16.859615,18.23664,23.699814,22.168556,26.780993,27.042107,25.500862,31.338184,28.254978,31.14485,33.664642,30.788471,26.59107,25.733719,29.893847,25.381464,23.189363,26.80308,28.391882,28.18656,26.66732,28.31626,28.129316,29.101612,28.51189,26.560476,22.681091,20.592506,20.725946,17.44013
33,42.410255,39.537952,36.950092,33.34132,30.95004,28.96221,25.339397,22.570007,18.498352,18.188295,14.477612,14.623518,10.966203,10.645168,15.398199,13.985101,18.264648,19.350716,24.157589,25.47036,29.854122,32.60045,35.479053,29.110174,26.84594,24.808151,20.615948,18.517965,14.8096485,14.071486,9.777306,7.0167522,5.5358725,0.0,5.3481083,8.027289,7.933881,7.876288,11.037797,12.451915,12.618084,15.365998,16.422523,17.735622,18.054655,21.499027,22.21895,23.097216,25.202492,22.936205,21.029493,26.694832,27.200703,24.0081,24.81622,24.298056,20.10797,20.882746,23.661064,19.972591,15.702936,19.075888,17.929646,17.819382,13.126562,11.439569,14.325088,12.86452,13.19162,18.450623,18.151676,16.3274,17.794888,23.00052,21.08454,25.503105,26.56882,25.139017,30.98527,27.897696,31.188797,33.586563,31.423573,27.177252,25.718449,30.480791,26.616568,24.875189,27.995962,30.197865,30.109447,28.134758,30.260307,29.673334,31.434246,30.177418,28.62182,24.975464,22.297703,23.788202,20.11963
34,38.291943,35.19202,33.04283,29.079233,26.743834,25.376019,21.161743,19.406513,15.071301,15.717389,12.724527,13.559051,11.0295725,10.505327,13.123838,10.243831,14.586745,14.779847,20.272305,20.773201,25.32708,28.039083,30.564598,24.212624,22.140306,20.462954,15.843582,14.378747,10.230368,10.814372,4.994239,5.9058137,7.0702453,5.3481083,0.0,4.6214375,6.259216,5.1333547,6.2516227,8.410449,9.677984,10.791755,11.558667,13.833733,14.357012,16.650076,17.446115,19.198431,21.051865,19.41059,16.87312,21.943851,22.917494,20.004663,20.140041,19.305824,14.983231,15.844487,19.089363,15.79756,10.920198,15.14844,14.956199,15.434783,10.33859,8.020762,12.332103,11.34046,9.59271,14.897762,15.57718,13.794759,13.808881,19.290497,16.727531,21.509634,22.259777,20.350142,26.189919,22.778742,25.99578,28.303377,26.1284,21.898527,20.38238,25.16091,21.371084,19.854763,22.979122,25.361237,25.624413,23.903399,26.450565,26.243156,28.463682,27.777119,26.74008,22.654491,19.435608,20.916115,16.595812
35,34.40846,31.528694,29.035282,25.322302,23.012474,21.147373,17.413548,15.140619,10.775451,11.59277,8.582785,10.320626,8.722365,9.45729,10.7651205,7.1940126,11.61504,11.95928,17.083454,18.02852,22.359873,25.378204,28.397253,22.387642,20.480543,18.494238,14.52159,13.165353,9.281329,10.824269,4.4947033,8.429718,6.4669814,8.027289,4.6214375,0.0,4.289277,6.923928,5.635841,5.4050336,8.642985,11.001417,9.931303,11.620267,13.7306,15.988924,15.390794,17.343784,20.09865,18.870506,17.191153,21.065113,23.199066,20.953213,20.884752,20.09556,15.37638,16.927448,20.849329,17.552923,12.77757,18.00162,18.618837,19.258112,14.036244,11.818274,16.454325,15.247903,12.454234,17.867157,18.647764,16.14955,15.520316,21.206299,18.557201,23.59038,23.601368,21.222513,26.966623,23.153343,25.92513,28.040321,25.290741,21.167046,19.883331,23.787994,19.796139,17.273664,20.579254,22.443605,22.345615,20.742125,22.86538,22.823198,24.5311,24.220837,22.971376,18.695807,15.791171,16.56514,12.42528
36,35.881565,33.301956,30.794035,27.025581,25.165117,22.806026,19.72075,17.404676,12.997993,14.27844,10.921178,13.182011,11.224462,12.637478,14.6910925,11.140701,15.414017,15.295599,20.505888,21.10721,25.379282,28.611025,31.501762,25.754658,24.139946,22.344358,18.277489,17.321056,13.310375,15.030567,8.371753,11.341708,7.7621193,7.933881,6.259216,4.289277,0.0,5.39584,6.410333,5.698449,6.102392,10.925128,10.654764,10.557564,12.138035,16.261854,15.800278,16.079449,19.084978,17.084341,16.43898,21.06254,22.649282,20.290571,21.285122,21.431812,16.723337,18.968386,22.119759,17.683136,14.227801,19.340498,19.946608,19.653687,14.285933,13.319704,18.227121,17.577509,15.424627,20.448545,21.653154,19.66989,19.042425,24.65376,21.584763,26.625105,26.967619,24.371172,30.045507,25.85028,28.672165,30.377514,27.963219,23.96078,22.088196,25.68026,22.50597,19.311207,21.872963,23.78856,23.068502,20.720604,22.571232,21.7963,23.587355,22.319302,20.966002,17.214392,14.376688,16.400364,12.918759
37,38.439487,35.525414,33.69212,29.387346,27.625532,26.135124,22.222456,21.104502,16.500809,18.268831,15.31944,17.144005,14.900558,15.165824,17.31088,13.396602,17.704685,16.775124,22.846365,22.398651,27.010092,29.964506,32.069065,26.073677,24.52493,23.326326,18.395483,17.911127,13.49399,15.324059,8.524971,10.931092,10.612022,7.876288,5.1333547,6.923928,5.39584,0.0,5.139761,7.473192,5.6821012,8.008463,10.036348,10.955856,10.294563,14.263637,15.562738,15.781913,17.45381,15.122409,13.288704,19.253798,19.531017,16.502295,17.793348,18.161367,13.880308,15.83986,18.065536,13.284543,10.401621,14.776198,15.205151,14.425211,9.096451,9.100966,14.198453,14.519657,12.756878,16.868856,18.776575,17.891459,16.971346,22.200136,18.710255,23.528345,24.54127,22.048883,27.644735,23.535725,26.743427,28.397766,26.739233,22.724712,20.34598,24.725588,22.12753,19.93014,22.08229,24.722542,24.516584,22.059711,24.658733,23.824163,26.57429,25.103706,24.418255,20.780626,17.255495,20.195566,16.14093
38,33.731064,30.649696,29.028515,24.584461,22.776667,21.76339,17.439268,17.122068,12.538942,15.062269,13.057193,15.307226,14.250051,14.527674,14.696277,9.824295,13.704319,11.981582,18.328695,17.368711,21.99206,24.9559,27.001194,21.138489,19.783878,18.767988,13.883102,14.041611,9.707434,12.876858,5.898487,11.325346,11.683719,11.037797,6.2516227,5.635841,6.410333,5.139761,0.0,3.8459687,5.627591,5.3705015,5.424514,7.9701724,8.861666,10.733739,11.285073,13.1667385,15.067994,13.956499,11.62482,15.935463,17.612885,15.343962,15.373459,15.083375,10.353892,12.644018,15.986157,12.187186,8.283479,13.944818,15.502823,15.776742,10.689438,9.590566,15.094197,15.215051,11.669952,15.728288,18.047285,16.724573,14.594848,19.931175,16.16329,21.260246,21.546423,18.55953,24.071487,19.645277,22.54631,24.172678,22.098282,18.103725,15.931393,20.019114,17.149115,14.839981,17.288889,19.874525,20.005259,18.047415,20.925764,20.743464,23.587708,23.091442,22.731806,18.543188,14.737531,16.967167,12.329383
39,31.073744,28.275858,26.269354,22.06969,20.376558,18.71245,15.045218,14.2209425,9.621961,12.55229,10.681211,13.658632,13.262105,14.408013,13.956248,8.910634,12.5391655,10.929173,16.753956,16.23005,20.56327,23.844658,26.376322,20.923817,19.74641,18.433413,14.307855,14.467281,10.597798,14.0126505,7.3348837,13.198054,11.639198,12.451915,8.410449,5.4050336,5.698449,7.473192,3.8459687,0.0,5.4138265,7.6496406,5.4277253,6.289806,9.245442,11.565716,10.378353,12.014933,15.064311,14.194812,13.184223,16.278402,18.965563,17.343761,17.441303,17.341614,12.526837,15.278612,18.93958,15.152614,11.7112255,17.560852,19.311136,19.580942,14.47233,13.328298,18.727823,18.457117,14.76949,19.126837,21.166338,19.268717,17.16296,22.595816,19.00374,24.155676,23.945387,20.750607,26.110489,21.475117,23.944221,25.360909,22.806002,18.99212,17.065914,20.145802,17.213224,13.704542,16.187796,18.193138,17.754356,15.703959,18.067781,17.878042,20.22041,19.88859,19.276121,14.942164,11.367134,13.237068,8.785298
