,0,1,2,3,4,5,6,7,8,9,10,11,12,13,14,15,16,17,18,19,20,21,22,23,24,25,26,27,28,29,30,31,32,33,34,35,36,37,38,39,40,41,42,43,44,45,46,47,48,49,50,51,52,53,54,55,56,57,58,59,60,61,62,63,64,65,66,67,68,69,70,71,72,73,74,75,76,77,78,79,80,81,82,83,84,85,86,87,88,89,90,91,92,93,94,95,96,97,98,99,100,101,102,103,104,105,106,107,108,109,110,111,112
0,0.0,4.2787547,5.5763397,9.209056,11.649916,13.259684,17.007734,19.073565,21.39103,24.69582,27.196917,30.215487,31.675722,34.92142,32.197556,27.166466,27.903942,23.54503,27.785316,22.135593,24.10327,22.5737,27.201597,24.589197,21.40987,24.077908,22.056122,25.987427,26.27377,30.148615,30.053492,35.816566,39.20259,40.943188,37.52673,33.33247,37.276096,38.978146,34.22104,33.27627,38.80854,35.96413,32.230923,35.872246,39.484074,34.571518,31.977669,38.37276,40.09675,43.436543,39.939804,36.257698,40.39873,40.82181,35.80995,31.637585,32.01012,29.609999,34.061787,38.003365,34.02493,34.187325,37.31927,41.07703,39.202778,35.75669,37.544254,36.32703,31.8004,31.724506,32.50777,30.882011,27.061201,26.108234,24.786173,25.433107,21.503113,20.125217,17.793354,17.64973,14.126834,12.635536,11.394027,15.364548,15.708877,10.9182825,15.820997,18.216349,15.5410795,14.537197,18.613607,20.095638,21.557976,25.284864,27.714535,30.373884,29.856443,28.53447,29.16672,26.029886,28.45481,24.479715,29.874872,25.153973,28.49541,30.330181,26.484398,24.50001,20.644014,19.876532,14.531382,15.353077,10.908754
1,4.2787547,0.0,5.391632,6.3666334,9.077551,11.838631,15.271151,16.560236,19.599848,22.315033,25.162487,27.947718,29.806305,33.355522,31.102898,26.158861,27.568607,23.42618,28.448238,23.157019,25.809607,24.691013,29.663336,26.688488,23.329813,25.638699,22.750507,26.575027,26.123201,30.237286,29.07507,35.299694,38.21869,39.608246,36.054546,32.06419,36.20464,38.12324,33.671204,32.808956,38.47252,35.97723,32.385475,36.12463,39.807426,35.37293,32.886936,39.215652,41.27523,44.339508,40.82052,37.77497,41.8836,41.961456,37.087406,32.88441,32.707664,30.291796,35.00878,38.63295,34.051712,34.374645,37.26845,40.99743,38.825268,35.108646,36.713234,35.07606,30.810476,31.271412,31.371529,29.28982,26.024189,25.397354,24.476954,25.489649,21.511293,20.311413,18.90418,18.712666,15.734972,15.214364,12.706764,16.373142,17.63732,12.532074,15.835942,19.400982,17.217972,15.412217,19.243729,21.475872,22.93985,26.729513,29.49737,32.673447,31.694149,29.978508,30.215794,26.863424,28.656635,24.272493,29.277214,24.025736,26.761286,28.234186,24.103872,22.574928,18.013853,18.481003,12.998079,14.466474,10.489145
2,5.5763397,5.391632,0.0,5.3051324,6.7366204,8.089554,11.509519,13.937151,15.994948,19.542011,22.080303,24.966295,26.516666,29.920607,27.495033,22.127625,23.120653,18.835577,23.599867,18.267307,20.784489,19.955595,24.956226,21.531124,18.099344,20.306314,17.458672,21.361237,21.137205,25.206787,24.607214,30.564589,33.80828,35.414043,32.061172,27.952793,31.996603,33.585842,28.929125,28.156277,33.7168,30.892399,27.309328,31.16642,34.69462,30.047482,27.662771,34.113277,36.010582,39.06313,35.471985,32.459885,36.498016,36.57987,31.710814,27.535488,27.375755,25.040422,29.797312,33.363266,28.968554,29.438442,32.50546,36.165695,34.005093,30.469137,32.42511,31.09633,26.499113,26.847666,27.595057,25.734915,21.888912,21.567665,19.919468,21.266428,17.400558,15.540951,14.501386,13.511895,10.708423,10.533909,7.3806553,10.9996,12.5540085,8.276404,11.224952,14.665272,13.20247,12.097449,15.799092,17.825033,20.111477,23.365608,25.992851,29.076067,27.432524,25.699368,25.708664,22.762901,24.501438,20.517347,25.618181,20.54494,23.882528,25.616453,21.871885,19.868559,16.088974,14.858681,9.583406,9.898037,5.601167
3,9.209056,6.3666334,5.3051324,0.0,3.824266,6.153035,9.382346,11.405039,14.574642,17.339727,20.551218,22.838972,25.160612,29.114552,27.54976,22.128347,24.04113,20.17298,25.77214,21.08745,24.143219,23.899675,29.027744,24.998354,21.446133,23.110043,19.390469,23.080378,21.798822,26.18165,23.994652,30.58623,33.16876,34.092567,30.784437,27.120638,31.480837,33.050606,28.877048,28.475855,34.07298,31.412153,28.276533,32.412937,35.774734,31.598125,29.668655,36.055794,38.15694,40.756573,36.959503,34.965416,38.623127,38.164738,33.485336,29.261868,28.574175,25.989637,30.84924,34.170147,29.063023,29.364687,31.985619,35.665306,33.346302,29.439064,30.831554,28.96592,24.897825,25.724077,25.39318,23.064653,20.110003,19.87616,19.181181,20.6711,16.824743,15.704124,15.724742,15.3789625,13.497908,14.679043,10.853895,13.724605,16.430647,12.726039,13.301264,17.97385,17.34796,15.676915,18.861023,21.552149,23.897177,27.049166,29.91624,33.37927,31.165213,29.069845,28.534805,25.592411,26.42986,22.162235,26.5527,20.774698,23.213343,24.313322,20.21907,18.977379,14.083219,14.6131115,9.539686,10.122753,7.5166783
4,11.649916,9.077551,6.7366204,3.824266,0.0,5.4840946,6.7560887,7.7541075,10.893376,13.653509,16.761843,19.1918,21.381184,25.303686,23.793034,18.450867,20.60766,16.948763,22.896038,18.652212,22.203245,22.29508,27.573305,23.59041,20.112843,21.407183,17.089243,20.47557,18.822277,23.177254,20.662453,27.301304,29.738525,30.782797,27.268064,23.534643,27.874195,29.712105,25.633472,25.079702,30.734632,28.52951,25.316538,29.29263,32.808533,29.148163,27.077791,33.22797,35.64655,38.113914,34.565487,32.826134,36.699795,36.16394,31.71605,27.6873,26.42804,24.288507,29.422743,32.16347,26.797705,27.784372,30.423237,33.87269,31.096369,27.199112,29.077616,27.096436,22.852276,24.368544,24.152237,21.427206,18.46158,19.297367,17.960093,20.368511,16.806274,14.932319,16.229229,14.680553,13.5637245,15.023679,10.449512,12.288309,15.366749,11.837257,10.618872,15.871944,15.846934,13.886832,16.495941,19.544071,22.039932,24.914513,27.908634,31.681015,29.016436,26.6575,25.820068,22.852661,23.226784,18.890781,22.985062,17.081755,19.420332,20.52772,16.506172,15.201371,10.468399,10.89813,6.0757895,7.152312,5.8043256
5,13.259684,11.838631,8.089554,6.153035,5.4840946,0.0,4.7108397,9.810024,11.448908,15.136766,18.12537,20.024992,22.304264,26.284445,25.004631,18.948524,20.612719,16.921356,22.251335,18.084715,20.87158,21.390484,26.254272,21.280577,17.724787,18.808167,14.909494,18.514574,16.972809,21.44069,19.249243,25.730478,28.483349,29.269508,26.47483,22.981691,27.344774,28.164228,23.94859,24.074762,29.411655,26.080126,23.380445,27.941618,30.796856,26.39134,25.09195,31.61919,33.403366,35.711006,31.572508,30.25524,33.3709,32.59083,27.998571,23.763657,22.97824,20.155304,24.98647,28.272026,23.11251,23.229612,25.836702,29.5207,27.321693,23.46125,24.88888,23.27928,19.002308,19.650497,19.741571,17.697968,14.190867,14.197774,13.055098,14.969361,11.334778,9.847515,11.260793,10.52577,9.999516,12.731329,8.594812,10.16605,13.907451,12.707644,11.273781,15.80569,16.737427,16.044428,18.514193,20.898329,24.13642,26.417389,29.013931,32.26794,29.06151,26.928717,25.844902,23.709564,24.020906,20.486738,24.45245,18.844204,21.621073,22.711863,19.235516,17.775455,13.918661,12.572041,8.985456,6.805705,6.449169
6,17.007734,15.271151,11.509519,9.382346,6.7560887,4.7108397,0.0,6.2511463,7.0967817,10.779029,13.711203,15.394528,17.75197,21.855198,21.01857,14.981321,17.192545,14.087408,19.903124,16.727154,20.123322,21.246977,26.153982,21.171743,17.834206,18.183931,13.357886,16.293537,13.803972,18.306248,15.04516,21.82334,24.186422,24.877096,21.910437,18.51251,22.967237,23.987427,20.05644,20.219643,25.5812,22.81547,20.255188,24.731197,27.64084,24.079634,22.83898,28.980251,31.179443,33.133537,29.24632,28.652414,31.85164,30.788748,26.62463,22.716938,20.96755,18.729914,23.87674,26.227808,20.498283,21.535942,23.982647,27.315252,24.438784,20.475155,22.42208,20.494654,16.122711,17.996645,17.92299,15.15817,11.947864,13.812718,12.000043,15.353493,12.511642,10.259462,13.750816,11.6196785,12.447779,15.388545,10.834424,10.668058,14.809086,14.107784,10.216691,15.246805,17.13004,16.175472,17.69125,20.437862,23.805138,25.613922,28.315592,31.92237,28.049065,25.560535,23.928692,21.941298,21.351078,17.930199,21.095938,15.344879,17.69312,18.543348,15.364674,14.098048,10.826619,9.277038,7.619581,5.143349,7.7854776
7,19.073565,16.560236,13.937151,11.405039,7.7541075,9.810024,6.2511463,0.0,4.601051,5.93623,9.366112,11.483359,13.984651,18.236628,17.687935,12.726287,16.071087,13.72381,20.287418,17.873959,22.20029,23.247551,28.424091,24.405436,21.331285,21.517475,16.136038,18.272827,15.220934,19.305992,14.946293,21.825752,23.365896,24.154789,20.2992,16.872879,21.286728,23.611624,20.270306,19.72114,25.272144,24.216595,21.367382,25.010067,28.542328,26.399416,24.512138,29.845314,32.893604,34.712837,31.622078,31.120087,34.975803,33.97228,30.277857,26.822248,24.217045,22.969324,28.325134,29.642195,23.59268,25.819885,28.073822,30.906012,27.203867,23.288578,25.763205,23.318066,19.313105,22.49291,21.90532,18.274746,16.204494,19.20808,17.330894,21.23933,18.67399,16.20744,19.816593,16.979834,17.591122,19.72179,14.82623,14.42141,17.988327,15.7915325,10.937985,16.514654,18.053833,15.900801,16.695715,20.231966,22.890694,24.858036,27.958662,32.23115,28.480059,25.579136,23.827148,21.168558,19.89241,15.770989,18.176836,11.923167,13.002858,13.473439,9.666602,9.054054,4.771812,6.4607835,6.3429523,7.456392,10.201523
8,21.39103,19.599848,15.994948,14.574642,10.893376,11.448908,7.0967817,4.601051,0.0,4.8571186,6.792762,9.259931,10.918098,14.907243,14.178818,8.583874,11.8515005,9.944929,16.363594,14.823594,19.14867,20.725378,25.609758,21.534517,18.794497,18.408308,12.83401,14.304455,10.895483,14.81934,10.526188,17.292458,19.130487,20.366993,16.504923,12.710117,17.08978,19.307835,15.746116,15.147305,20.716158,19.734394,16.851908,20.46173,23.96111,22.118395,20.280308,25.40882,28.52779,30.215488,27.283096,27.050285,30.91883,29.882925,26.461143,23.325813,20.273127,19.600075,24.99345,25.735065,19.75429,22.704927,25.078617,27.607885,23.61168,19.97442,23.209501,21.111952,16.710938,20.232765,20.456911,17.028633,14.462469,18.38282,15.51259,20.071655,18.098951,14.944411,19.343264,15.586442,17.051023,19.337046,14.704814,13.009279,16.530468,15.774326,9.561772,14.416949,17.01084,15.523319,15.418131,18.601055,21.693533,22.870535,25.72937,29.88671,25.491846,22.517174,20.33542,18.252989,16.407854,13.00271,14.882961,8.993666,10.752192,11.630997,9.084639,7.646604,6.903099,4.313269,7.4782214,6.956851,11.066219
9,24.69582,22.315033,19.542011,17.339727,13.653509,15.136766,10.779029,5.93623,4.8571186,0.0,3.9547029,5.6599894,8.345701,12.852859,13.417284,9.556875,13.799064,13.1624155,19.411083,18.747189,23.279547,24.898779,29.728642,26.003973,23.438606,22.868208,17.281208,18.119637,14.290755,17.555601,11.863169,18.346588,18.914856,19.593803,15.325674,12.284269,16.528484,19.473803,17.036402,16.375814,21.564571,21.829042,19.391562,22.38432,25.869623,25.233646,23.487854,27.797407,31.331692,32.59313,30.090593,30.50773,34.326187,33.05443,30.11206,27.304829,23.76385,23.442738,28.686914,28.74605,22.503853,25.792692,27.695309,29.852121,25.444715,21.802307,24.852276,22.228733,18.636208,22.962013,22.321732,18.31766,17.082893,21.418322,19.158861,23.782438,22.023493,19.292063,23.854664,20.371365,21.801458,24.038925,19.303104,17.81501,21.197876,19.838701,13.757854,18.550798,20.887531,18.833727,18.33803,21.839735,24.397789,25.564844,28.57335,33.043526,28.657034,25.484766,23.123005,20.891027,18.301115,14.852319,15.283395,9.558444,8.801853,8.374882,5.62702,6.2097673,5.8360295,7.294498,10.724828,11.498224,15.152201
10,27.196917,25.162487,22.080303,20.551218,16.761843,18.12537,13.711203,9.366112,6.792762,3.9547029,0.0,4.1006856,4.734282,8.969692,9.625808,6.812428,11.274562,11.803566,17.463425,17.887686,22.439152,24.282097,28.807117,25.583023,23.44795,22.520033,17.088634,17.075954,13.275165,15.705445,10.2566395,15.838174,16.187954,17.468313,12.766072,9.458002,13.276802,16.940287,14.789347,13.609315,18.61912,19.916431,17.412006,19.683956,23.359411,23.641117,21.673336,25.23478,29.119007,30.232126,28.31281,28.849922,32.898525,31.722797,29.217579,26.891735,22.9267,23.40219,28.546984,27.860514,21.892384,25.992216,27.924463,29.638382,24.871082,21.677607,25.408394,23.056965,19.416191,24.028482,23.950623,20.124563,18.760983,23.586164,20.724308,25.650558,24.235882,21.084888,25.86521,21.77377,23.495344,25.510263,21.006342,18.893682,21.854004,20.982285,14.4648695,18.396822,21.101303,19.23684,17.88906,21.17136,23.616907,24.186537,27.04968,31.559095,26.8947,23.622316,20.99432,19.04209,15.763667,12.938408,12.115637,7.270851,5.63232,5.267638,4.7795463,5.011641,8.235245,7.9483647,12.727449,13.399808,17.252638
11,30.215487,27.947718,24.966295,22.838972,19.1918,20.024992,15.394528,11.483359,9.259931,5.6599894,4.1006856,0.0,4.35441,9.029919,11.640372,9.620193,13.911432,15.011968,20.216696,21.148844,25.446604,27.577993,31.89361,28.268982,26.184305,24.954237,19.567125,19.261957,14.99332,17.142817,10.365543,15.707215,14.892295,15.090065,10.654041,8.799818,12.559912,15.765729,14.744456,14.375981,18.63824,20.084347,18.515131,20.850487,23.865261,24.705608,23.470991,26.658182,30.40454,30.94588,28.92385,30.494244,33.91849,32.281353,30.160631,28.023832,23.791145,24.196636,29.04216,27.940218,21.719099,25.712416,27.108341,28.539217,23.638723,20.418709,23.758154,21.075352,18.232544,23.348778,22.616808,18.573204,18.27625,23.418327,21.090506,26.02033,25.041552,22.355307,27.53711,23.85509,25.929754,28.379072,23.885464,21.737282,25.008015,24.537638,17.97695,21.930037,24.88354,23.168472,21.909048,25.094725,27.655334,28.05363,30.799145,35.197594,30.236866,26.992853,24.106544,22.613546,18.980553,16.731611,15.152361,11.131677,8.706312,6.9308147,7.448325,8.905416,11.053355,11.603844,16.013903,16.204247,20.258093
12,31.675722,29.806305,26.516666,25.160612,21.381184,22.304264,17.75197,13.984651,10.918098,8.345701,4.734282,4.35441,0.0,4.7740474,7.5778365,7.3746557,11.275073,13.4542265,17.792585,19.681757,23.907312,26.131958,30.112165,27.155237,25.51521,24.060965,18.99073,17.948956,14.076834,15.254257,9.623458,13.467818,12.712436,14.112168,9.127641,6.6029034,9.484278,13.792599,12.865497,11.647458,15.709464,18.351255,16.496906,17.890524,21.244242,22.942575,21.291584,23.677734,27.796076,28.338024,27.01986,28.378557,32.19296,30.831083,29.073702,27.405947,22.920628,24.151583,28.904915,27.196856,21.49879,26.270733,27.881367,28.941732,23.80787,21.166716,25.283611,23.093805,19.943584,24.97464,25.081844,21.409304,20.51759,25.84311,22.797846,27.909403,27.072031,23.876108,29.023033,24.711212,26.88546,28.966137,24.735321,22.111025,24.84329,24.713207,17.9889,21.032698,24.178434,22.665442,20.678352,23.553644,25.93853,25.768484,28.320686,32.692257,27.593779,24.318758,21.284481,20.066578,15.926232,14.443456,11.67595,9.203616,6.4616528,5.2371516,8.0290365,8.601138,12.853754,11.985961,17.155071,17.39863,21.45586
13,34.92142,33.355522,29.920607,29.114552,25.303686,26.284445,21.855198,18.236628,14.907243,12.852859,8.969692,9.029919,4.7740474,0.0,5.195682,8.727625,11.224713,14.593543,17.410585,20.474203,24.399437,26.697432,30.141275,27.9879,26.897896,25.194609,20.69015,18.847324,15.624087,15.47373,11.55987,12.830872,11.662292,14.08008,9.242577,7.3237414,7.6551785,13.015821,12.862568,10.864284,13.804886,18.125168,16.34053,16.274363,19.724735,22.73988,20.827585,21.855011,26.35263,26.681223,26.339146,27.704788,31.748087,30.617987,29.470436,28.4465,23.751919,25.831423,30.265442,27.78668,22.815977,28.217493,29.842678,30.385891,25.101574,23.172523,27.793915,26.016441,22.939169,27.886124,28.55298,25.19718,24.124506,29.563416,26.093422,31.260561,30.646584,27.16293,32.2506,27.525167,29.78701,31.536486,27.628819,24.653526,26.817562,27.019913,20.400188,22.415745,25.641737,24.354074,21.673315,24.098835,26.148989,25.28793,27.523373,31.776247,26.585987,23.363527,20.203615,19.46666,14.787471,14.555053,10.106803,10.462101,7.691167,7.1375303,11.250038,11.362353,16.629185,15.074655,20.479904,20.7812,24.71045
14,32.197556,31.102898,27.495033,27.54976,23.793034,25.004631,21.01857,17.687935,14.178818,13.417284,9.625808,11.640372,7.5778365,5.195682,0.0,6.4043355,7.6545625,11.052135,13.4044485,16.431192,20.400625,22.408854,25.840038,24.412033,23.5066,22.053877,17.89184,16.068378,13.815434,13.511425,11.958936,13.130185,13.8833475,17.391335,12.750706,9.24192,9.741853,14.859793,13.069865,9.936061,13.7659445,17.682095,14.691341,14.244129,18.636852,20.935709,18.023302,19.313684,24.0143,25.137894,25.012009,24.976654,29.827303,29.33759,27.797241,26.684555,22.370056,24.656555,29.27808,27.246681,22.780739,28.24855,30.46254,31.305037,26.277012,24.426916,29.421492,28.032936,24.157875,28.487766,29.90055,26.825705,24.723396,29.789371,25.763256,30.829075,29.886913,25.958591,30.520391,25.372087,27.303398,28.475937,24.867743,21.813686,23.329916,23.469173,17.219027,18.418882,21.448635,20.316359,17.217249,19.354532,21.238308,20.165365,22.374651,26.689432,21.710445,18.447456,15.489918,14.456727,9.804343,9.818757,4.922664,7.1112623,6.37204,8.066983,11.320794,9.959611,15.836849,12.95364,18.273958,18.76457,22.269142
15,27.166466,26.158861,22.127625,22.128347,18.450867,18.948524,14.981321,12.726287,8.583874,9.556875,6.812428,9.620193,7.3746557,8.727625,6.4043355,0.0,4.4640374,6.1393714,10.797749,12.330058,16.597054,18.766672,22.791473,20.069103,18.55031,17.238188,12.367822,11.361904,8.391123,9.861219,7.598529,11.609228,13.763884,16.76805,12.394743,7.699049,10.662273,14.186787,10.675953,8.359597,13.906879,15.137101,11.685784,13.532559,17.766268,17.91009,15.284055,18.765724,22.758701,24.287636,22.745176,22.517889,27.093683,26.417196,23.994434,22.080206,18.084465,19.491959,24.53258,23.538975,18.472847,23.309824,25.798111,27.302357,22.622972,20.166887,24.911041,23.539635,19.105736,23.039646,24.56351,21.625347,18.920956,23.702995,19.630919,24.633842,23.523859,19.599234,24.205677,19.200771,21.254816,22.837944,19.077637,15.977332,18.111399,18.674889,11.961003,13.97264,17.481066,16.649868,14.405691,16.787071,19.674162,19.250004,21.660316,25.827751,20.651724,17.429033,14.491985,13.280891,9.6440735,8.259639,7.424396,4.618415,7.0564237,9.089688,10.02472,7.7412176,12.312763,7.825598,13.207362,12.808313,16.677546
16,27.903942,27.568607,23.120653,24.04113,20.60766,20.612719,17.192545,16.071087,11.8515005,13.799064,11.274562,13.911432,11.275073,11.224713,7.6545625,4.4640374,0.0,4.4749417,6.534645,9.47098,13.175175,15.5905075,19.047295,16.88516,16.006916,14.406576,10.49675,8.4936495,7.1582513,7.1066346,8.851894,10.587842,14.020133,17.913162,14.202147,9.602976,11.249916,14.132223,9.912394,6.8345532,12.127656,13.132865,8.896726,10.090607,14.787899,14.715311,11.388273,14.769615,18.823723,20.774557,19.602772,18.572758,23.62243,23.423147,21.092833,19.578735,15.750665,17.897419,22.653898,21.478992,17.410622,22.548119,25.364777,26.688541,22.26951,20.454922,25.63937,24.936985,20.223492,23.481895,25.962866,23.660679,20.298603,24.786095,20.137964,24.932781,24.049145,19.799656,24.025919,18.605595,20.768322,21.935287,18.92872,15.326062,16.600727,18.252914,12.094425,12.160346,16.095608,16.164198,13.406734,14.780025,17.894537,16.61691,18.527586,22.300377,16.718327,13.604025,10.379881,10.115323,6.3674426,7.184544,6.7241597,7.063439,10.571116,13.011433,14.170411,11.475826,15.943042,10.390968,15.128772,14.167745,17.626064
17,23.54503,23.42618,18.835577,20.17298,16.948763,16.921356,14.087408,13.72381,9.944929,13.1624155,11.803566,15.011968,13.4542265,14.593543,11.052135,6.1393714,4.4749417,0.0,6.6159186,6.2406197,10.717547,12.704082,17.01176,14.342081,12.774088,11.881031,7.3895245,7.1589293,6.558775,8.558703,10.383661,13.772886,17.539364,20.931665,17.308027,12.573439,15.142319,17.455172,12.67915,10.4294615,15.885043,15.246721,10.751007,13.154814,17.578928,15.621516,12.126763,17.04042,20.437918,22.962484,21.022934,19.003983,24.156742,24.178518,20.961664,18.6366,15.645964,16.812874,21.93885,22.017038,17.833618,22.088114,25.248053,27.211393,23.283985,21.014486,25.763542,25.036417,19.924063,22.531605,25.047901,22.851696,18.88907,22.684973,18.043756,22.526344,21.104744,16.73099,20.409271,14.938051,16.66623,17.64342,14.543286,11.076855,12.402086,13.848204,7.7290497,8.079328,12.076785,12.262449,10.159453,11.753555,15.36223,14.902531,17.126791,20.940756,15.883251,12.887381,10.442707,9.136621,7.542997,6.2511992,9.149791,7.090959,11.786473,14.456573,14.199547,11.033384,14.144043,7.776792,11.51767,10.320029,13.394966
18,27.785316,28.448238,23.599867,25.77214,22.896038,22.251335,19.903124,20.287418,16.363594,19.411083,17.463425,20.216696,17.792585,17.410585,13.4044485,10.797749,6.534645,6.6159186,0.0,5.8977294,7.641873,10.323427,12.822736,11.588816,11.795892,10.093514,8.723987,6.1191545,8.68151,7.315283,13.331137,13.321301,17.92515,22.183964,19.407442,15.170871,16.03949,17.559769,12.835741,10.2459135,13.99111,13.377224,8.611178,9.193541,13.692759,11.810099,7.112395,11.324089,14.705951,17.805845,16.788647,13.514113,19.429316,20.234968,17.590069,16.38502,13.687537,16.314705,20.475735,19.812822,17.519682,22.228823,25.550076,26.914898,23.34117,22.226038,27.487164,27.62753,22.600485,24.519506,28.12708,26.719355,22.475376,26.058958,20.937342,25.021122,24.26068,19.80463,22.971127,17.333923,19.312134,19.69841,18.075218,14.196066,13.921317,17.16382,12.760371,9.847404,13.944606,15.544007,12.776228,12.27326,15.751505,13.488028,14.414179,17.201092,11.140153,8.561408,5.3434453,7.2628293,6.278002,9.211999,10.767503,12.309198,16.583792,19.318914,20.05244,16.958439,20.67869,14.370335,17.64788,16.039484,18.496006
19,22.135593,23.157019,18.267307,21.08745,18.652212,18.084715,16.727154,17.873959,14.823594,18.747189,17.887686,21.148844,19.681757,20.474203,16.431192,12.330058,9.47098,6.2406197,5.8977294,0.0,4.89518,6.465686,11.030648,8.998144,7.8643804,7.794996,6.107218,6.8111897,9.655612,10.820262,15.376314,17.558516,22.11765,25.77882,22.745705,18.174368,20.213676,21.717146,16.584614,14.565365,19.123974,17.273129,12.608394,14.704772,18.762102,15.06887,10.935914,16.521786,18.97656,22.452703,20.447489,16.318306,21.985388,22.927532,19.145374,16.724258,15.265656,16.305857,20.918713,21.956161,19.255833,22.741436,26.370928,28.543434,25.482147,23.682768,28.296026,28.24377,22.887089,24.134102,27.544779,26.159237,21.41156,24.058231,19.153757,22.707365,21.171707,16.687271,18.847864,13.240853,14.347404,14.176397,12.667824,9.14607,8.267592,11.430633,8.197467,4.076741,8.430746,10.592333,8.9098215,8.341524,12.567268,11.720505,13.239094,16.188778,11.447691,9.211098,8.060909,7.3665895,9.106936,9.078807,13.31821,12.57741,17.540127,20.431005,19.840593,16.47372,18.694984,12.2952795,13.841345,12.178684,13.592041
20,24.10327,25.809607,20.784489,24.143219,22.203245,20.87158,20.123322,22.20029,19.14867,23.279547,22.439152,25.446604,23.907312,24.399437,20.400625,16.597054,13.175175,10.717547,7.641873,4.89518,0.0,3.5201557,6.5687914,4.778879,5.5017085,5.4022374,7.7387624,7.9305663,12.176273,12.337732,18.370163,19.360476,24.339214,28.11977,25.740877,21.469557,23.016428,23.672504,18.542091,16.91791,20.49525,17.736965,13.511168,15.284907,18.5284,13.73553,9.801099,15.384728,16.711687,20.681673,18.628502,13.1554165,18.871355,20.478666,16.557163,14.474965,14.240605,15.470347,19.18362,20.597479,19.360426,22.335726,26.126503,28.187798,25.827967,24.641724,29.183891,29.769047,24.471043,24.78229,28.931406,28.272299,23.22081,25.237946,20.216726,23.055433,21.931444,17.643063,18.943857,13.678388,14.80727,14.162852,14.307992,10.926265,8.738286,13.683559,12.2590885,7.2219415,10.524008,13.803615,12.56692,10.565853,14.509771,12.922895,13.203794,14.600309,9.845128,8.984995,8.66245,9.834208,12.296375,13.524664,17.261446,17.325449,22.215826,25.072605,24.662992,21.3288,23.418247,16.998487,18.052763,15.853994,16.729298
21,22.5737,24.691013,19.955595,23.899675,22.29508,21.390484,21.246977,23.247551,20.725378,24.898779,24.282097,27.577993,26.131958,26.697432,22.408854,18.766672,15.5905075,12.704082,10.323427,6.465686,3.5201557,0.0,5.446793,6.0175767,6.4793997,7.911286,10.211652,11.198814,15.159319,15.6852255,21.314447,22.685345,27.578371,31.36929,28.749874,24.325493,26.002674,26.98921,21.850077,20.039112,23.773834,21.24803,16.957634,18.505465,21.892878,17.15571,13.194629,18.327154,19.56413,23.725922,21.8762,15.862574,21.57612,23.489182,19.457897,17.256216,17.544584,18.365282,21.965664,23.832731,22.668615,25.274174,29.11916,31.366278,29.16211,27.82954,32.174675,32.665627,27.309683,27.429247,31.436165,30.728037,25.58565,27.171854,22.370983,24.84077,23.308384,19.155525,19.560637,14.633244,14.815809,13.179189,13.930383,11.358495,8.038432,12.288399,12.584583,6.977427,8.684542,12.404865,11.602237,8.836868,12.442422,11.25666,11.384527,12.481627,9.13821,8.885387,9.912313,10.129444,13.732693,14.375145,18.778183,18.71985,23.712673,26.712147,25.958294,22.528233,24.234518,18.113934,18.347645,16.646076,16.606607
22,27.201597,29.663336,24.956226,29.027744,27.573305,26.254272,26.153982,28.424091,25.609758,29.728642,28.807117,31.89361,30.112165,30.141275,25.840038,22.791473,19.047295,17.01176,12.822736,11.030648,6.5687914,5.446793,0.0,6.6287713,9.322804,9.946815,14.034126,14.0028,18.491299,17.920296,24.622055,24.632648,29.703266,33.72151,31.63769,27.523966,28.526978,28.9552,24.070824,22.404585,25.05959,22.346876,18.593596,19.298555,21.899694,17.066767,13.504836,17.401402,17.575548,22.039639,20.75626,13.605795,19.203545,21.919132,18.390886,17.174833,18.269266,19.673885,22.103825,23.716946,24.068151,26.528408,30.3279,32.17381,30.471888,29.869738,34.292416,35.331947,30.158974,29.771648,34.35528,34.169285,28.983315,30.3768,25.495998,27.541702,26.566011,22.647028,22.708857,18.233934,18.672197,16.94946,18.64606,16.09192,12.720374,17.428883,17.948576,12.382183,13.83887,17.604874,16.543316,13.255571,16.037813,13.80581,12.4777,11.414275,8.458957,9.951697,11.435233,13.282735,16.74349,18.624453,22.221956,23.201347,28.069391,31.06661,30.769987,27.357052,29.469404,23.20544,23.74121,21.795235,21.84443
23,24.589197,26.688488,21.531124,24.998354,23.59041,21.280577,21.171743,24.405436,21.534517,26.003973,25.583023,28.268982,27.155237,27.9879,24.412033,20.069103,16.88516,14.342081,11.588816,8.998144,4.778879,6.0175767,6.6287713,0.0,3.5920887,3.8242862,8.959149,9.72121,14.034718,14.345783,20.387243,21.299236,26.420454,29.81932,28.061985,24.102259,25.766092,25.497467,20.38399,19.547594,22.659456,18.565643,15.157342,17.568228,19.733007,13.572169,11.085585,16.96715,16.923315,20.856024,17.953072,12.302396,16.903456,18.638254,14.153946,11.725631,13.128917,13.551096,16.44341,18.934319,18.63086,20.448908,24.31947,26.578684,25.101826,24.1646,28.199574,29.264723,24.11179,23.338318,27.940826,28.006264,22.735266,23.85817,19.021564,20.94466,20.164797,16.322157,16.747684,12.238225,13.492151,12.978292,14.417565,11.3817425,9.088412,15.2916565,14.859369,10.404578,13.207036,16.854656,16.496449,14.465374,18.35028,17.07404,16.963993,17.314611,13.254677,13.220455,13.074079,14.603676,16.896183,18.010609,21.69143,21.267883,26.110884,28.779844,28.140612,24.928127,26.360655,20.026125,20.435001,17.515965,18.049442
24,21.40987,23.329813,18.099344,21.446133,20.112843,17.724787,17.834206,21.331285,18.794497,23.438606,23.44795,26.184305,25.51521,26.897896,23.5066,18.55031,16.006916,12.774088,11.795892,7.8643804,5.5017085,6.4793997,9.322804,3.5920887,0.0,3.316765,6.7566366,8.978495,12.622501,14.05503,18.98065,21.078724,26.018917,29.09158,27.065357,22.964201,25.218716,25.171598,19.914461,19.192518,23.012917,18.841667,15.277892,18.440998,20.931406,14.816004,12.439848,18.92327,19.383175,23.025372,19.693537,15.015303,19.314398,20.453335,15.664844,12.408075,13.421312,12.925686,16.640482,19.609486,18.18308,19.7212,23.609049,26.27996,24.635824,23.10133,26.86581,27.566532,22.293058,21.633137,25.81795,25.634432,20.301336,21.268766,16.564394,18.574854,17.315012,13.348668,13.77724,8.96294,10.093632,9.892643,10.899003,7.8481183,5.9246225,12.384851,11.963041,8.284539,11.176253,14.5893755,14.82567,13.481376,17.619709,17.159172,17.744741,18.87552,15.005729,14.355758,14.014346,14.560799,16.704697,16.825333,20.966778,19.545124,24.393993,26.968517,25.871674,22.725763,23.543163,17.414373,17.30849,14.2312,14.60748
25,24.077908,25.638699,20.306314,23.110043,21.407183,18.808167,18.183931,21.517475,18.408308,22.868208,22.520033,24.954237,24.060965,25.194609,22.053877,17.238188,14.406576,11.881031,10.093514,7.794996,5.4022374,7.911286,9.946815,3.8242862,3.316765,0.0,5.5922923,6.5197845,10.52106,11.318919,16.842665,18.242188,23.275932,26.41185,24.694178,20.813803,22.76654,22.336403,17.156956,16.649517,20.083149,15.66241,12.296659,15.56016,17.737234,11.510447,9.424424,16.076609,16.473225,19.91649,16.463745,12.2861395,16.538834,17.455957,12.823648,9.805311,10.287664,10.482158,14.245221,16.58951,15.323615,17.404293,21.26939,23.636824,21.827003,20.59732,24.698692,25.590382,20.384254,19.943302,24.411613,24.316357,19.106333,20.657862,15.646888,18.12062,17.469622,13.401801,14.947069,9.96073,12.134992,12.7579565,13.101583,9.446835,8.64933,14.837562,12.965105,9.628082,13.366617,16.472322,16.06684,14.9218445,19.146105,18.107847,18.58749,19.780369,15.022905,14.169904,13.090511,14.428422,15.741231,16.558443,19.925468,18.937592,23.599318,26.050806,25.422369,22.378126,23.759293,17.413786,18.249874,14.930711,16.223059
26,22.056122,22.750507,17.458672,19.390469,17.089243,14.909494,13.357886,16.136038,12.83401,17.281208,17.088634,19.567125,18.99073,20.69015,17.89184,12.367822,10.49675,7.3895245,8.723987,6.107218,7.7387624,10.211652,14.034126,8.959149,6.7566366,5.5922923,0.0,4.115274,6.136972,8.808695,12.369811,15.486456,20.081572,22.936853,20.589735,16.43229,19.12402,19.38416,14.101087,13.47841,18.058405,14.387518,10.575147,14.602794,17.568857,12.682777,10.401496,17.11088,18.78269,21.616554,18.210814,15.741001,19.988647,20.03266,15.775865,12.522662,11.000631,10.883666,15.966908,17.670078,14.252766,17.057178,20.689678,23.226946,20.477642,18.365541,22.587261,22.669256,17.270754,18.091251,21.65193,20.652214,15.674968,18.194012,13.160279,16.820496,15.683163,11.197233,14.33246,8.734657,11.270095,12.826321,11.02243,6.8390617,8.302997,12.85804,8.765879,7.6711874,12.09698,14.0215025,13.550352,13.844626,18.180119,17.79419,19.245049,21.739122,16.749521,14.815292,12.9964075,13.131202,13.335164,12.988041,16.312721,14.140792,18.626225,20.901024,20.040222,17.132446,18.395905,12.09232,13.5057125,10.128005,12.500008
27,25.987427,26.575027,21.361237,23.080378,20.47557,18.514574,16.293537,18.272827,14.304455,18.119637,17.075954,19.261957,17.948956,18.847324,16.068378,11.361904,8.4936495,7.1589293,6.1191545,6.8111897,7.9305663,11.198814,14.0028,9.72121,8.978495,6.5197845,4.115274,0.0,4.6124835,5.1421285,10.791163,12.19627,17.109127,20.469868,18.375364,14.395976,16.298931,16.34741,11.072247,10.246005,14.3106365,10.912789,6.7302265,10.528531,13.546497,9.2778,6.637999,13.161981,15.173576,17.829296,14.86821,12.865295,17.3935,17.398094,13.849132,11.582821,8.891208,10.52622,15.222874,15.52562,12.529325,16.552002,20.033092,21.906113,18.74948,17.270494,22.165287,22.505058,17.310722,18.62968,22.4974,21.545782,16.95926,20.227095,15.028337,19.017479,18.574934,14.242783,17.861923,12.454274,15.271503,16.721678,15.103581,10.918725,11.851662,16.331417,11.69232,10.004925,14.666409,16.542173,15.106542,15.118649,19.27122,17.974207,19.07028,21.441566,15.6862545,13.661686,11.091467,12.383766,11.617411,12.718923,14.76341,13.968624,18.16654,20.410658,20.456938,17.630222,20.054226,13.65423,16.3244,13.338307,16.19859
28,26.27377,26.123201,21.137205,21.798822,18.822277,16.972809,13.803972,15.220934,10.895483,14.290755,13.275165,14.99332,14.076834,15.624087,13.815434,8.391123,7.1582513,6.558775,8.68151,9.655612,12.176273,15.159319,18.491299,14.034718,12.622501,10.52106,6.136972,4.6124835,0.0,4.5128293,6.400575,9.792838,14.061978,16.881582,14.4834,10.482164,13.215356,13.454748,8.25809,7.9878564,12.909194,10.023704,6.5210953,11.063087,14.008339,11.239263,9.772283,15.332199,17.844437,19.615723,16.520191,16.397968,20.14587,19.292633,16.173073,13.817071,10.098655,11.161164,16.266329,16.066656,11.330817,15.747702,18.775686,20.658985,16.799597,14.622467,19.529139,19.23921,14.119801,16.611141,19.649683,18.05036,14.021611,18.213242,13.323427,18.05246,17.649124,13.547842,18.269838,13.2246065,16.299252,18.49868,15.816273,11.897235,14.16188,17.48805,11.591069,12.097339,16.64102,17.557531,16.219069,17.303984,21.304653,20.48885,22.122068,25.11059,19.384295,16.899796,13.968654,14.481919,12.454738,12.628824,13.797856,11.873568,15.334354,17.084059,17.169697,14.797817,17.17247,11.305874,14.799906,11.8598175,15.6676
29,30.148615,30.237286,25.206787,26.18165,23.177254,21.44069,18.306248,19.305992,14.81934,17.555601,15.705445,17.142817,15.254257,15.47373,13.511425,9.861219,7.1066346,8.558703,7.315283,10.820262,12.337732,15.6852255,17.920296,14.345783,14.05503,11.318919,8.808695,5.1421285,4.5128293,0.0,7.707173,7.1217337,12.134548,15.843653,13.987557,10.467508,11.582818,11.373849,6.2158465,5.462946,9.260584,6.7871585,2.260051,6.62475,9.661725,8.058879,6.47617,11.025907,13.859474,15.427527,13.055517,13.351829,17.294725,16.58713,14.389424,13.273414,8.922867,11.833246,16.025082,14.3868065,10.911778,16.330976,19.200497,20.264307,16.253004,15.18799,20.659561,20.899162,16.22306,18.649393,22.196957,20.971724,17.287575,21.579885,16.612717,21.11887,21.263233,17.257313,21.7507,16.660093,19.804794,21.630747,19.531155,15.420013,16.82494,20.66171,15.072336,14.262538,18.899696,20.168894,18.126656,18.563658,22.35642,20.628397,21.717852,24.30663,18.094984,15.798506,12.44084,14.235076,11.666286,13.604743,13.518084,13.651034,16.808252,18.602627,19.659025,17.322088,20.700048,14.838509,18.770016,16.148787,19.754541
30,30.053492,29.07507,24.607214,23.994652,20.662453,19.249243,15.04516,14.946293,10.526188,11.863169,10.2566395,10.365543,9.623458,11.55987,11.958936,7.598529,8.851894,10.383661,13.331137,15.376314,18.370163,21.314447,24.622055,20.387243,18.98065,16.842665,12.369811,10.791163,6.400575,7.707173,0.0,7.1057363,9.287959,11.224312,8.415834,4.9263763,8.609725,9.070257,5.4767623,6.46252,11.012238,10.074871,8.746022,12.338041,14.635344,14.526037,14.156038,17.859901,20.85314,21.393385,18.732553,20.73138,23.63346,21.928118,19.897715,18.15619,13.604676,14.744149,19.31295,17.792862,11.966684,16.87869,18.8299,20.081036,15.234593,12.716364,17.5984,16.47167,12.313784,16.658428,18.326183,15.862616,13.620695,18.996702,15.093789,20.222437,20.235651,16.91052,22.411474,18.10601,21.2477,23.911518,20.548141,17.117163,19.991617,22.264545,15.671566,17.562384,21.806606,21.834063,20.28882,22.12456,25.704586,24.975262,26.879133,30.29587,24.445395,21.656067,18.33791,18.62332,15.206126,15.126217,14.203427,12.052969,13.397582,13.9973345,14.937787,13.728211,16.535666,12.434697,16.947243,14.73506,19.15299
31,35.816566,35.299694,30.564589,30.58623,27.301304,25.730478,21.82334,21.825752,17.292458,18.346588,15.838174,15.707215,13.467818,12.830872,13.130185,11.609228,10.587842,13.772886,13.321301,17.558516,19.360476,22.685345,24.632648,21.299236,21.078724,18.242188,15.486456,12.19627,9.792838,7.1217337,7.1057363,0.0,5.1875243,9.314699,8.402787,7.062967,6.146845,4.339171,1.8376309,3.8613906,4.1699986,5.5031037,6.2421765,7.433424,8.442634,11.367007,11.8160095,12.90599,15.990692,15.559789,14.109031,17.468977,19.928064,18.1728,17.740831,17.670378,12.62163,15.714725,18.926064,15.339277,11.498435,17.576843,19.209517,19.100275,14.111703,13.667638,19.262362,19.21978,15.897718,19.616379,22.272482,20.741428,18.705297,23.86331,19.664423,24.398142,25.172976,21.799091,27.021341,22.474043,25.877993,28.174406,25.5997,21.682934,23.638077,26.900888,20.653254,20.84455,25.365093,26.020266,23.712835,24.663824,28.079222,26.215187,27.37122,30.150156,23.81802,21.397758,17.739918,19.544155,15.670085,17.738976,15.369092,16.081205,17.266134,17.99999,20.233536,18.924397,22.864367,18.32586,23.080431,20.851513,25.013714
32,39.20259,38.21869,33.80828,33.16876,29.738525,28.483349,24.186422,23.365896,19.130487,18.914856,16.187954,14.892295,12.712436,11.662292,13.8833475,13.763884,14.020133,17.539364,17.92515,22.11765,24.339214,27.578371,29.703266,26.420454,26.018917,23.275932,20.081572,17.109127,14.061978,12.134548,9.287959,5.1875243,0.0,4.9887767,4.8937254,6.7964077,4.246077,1.7080978,6.144222,7.7200103,6.3394504,9.809988,11.4285755,11.750931,12.043951,16.192694,16.92799,17.037125,20.17371,18.916811,18.026533,22.275763,24.169939,22.000904,22.186153,22.279024,17.21522,19.917133,22.832088,18.80153,14.735296,20.431883,21.23758,20.591846,15.283735,14.886621,19.890032,19.30339,17.159557,21.667963,23.28996,21.340496,20.583624,26.089796,22.577396,27.370043,28.274214,25.29619,30.835876,26.597944,29.992773,32.51482,29.527431,25.829493,28.14116,30.818817,24.236448,25.158052,29.52202,29.68235,27.321608,28.709951,31.86349,30.142813,31.496603,34.556957,28.310516,25.730434,22.036205,23.471867,19.098795,20.78027,17.411087,18.058237,17.789124,17.627748,20.47888,20.01262,24.044735,20.684788,25.727106,23.918364,28.296103
33,40.943188,39.608246,35.414043,34.092567,30.782797,29.269508,24.877096,24.154789,20.366993,19.593803,17.468313,15.090065,14.112168,14.08008,17.391335,16.76805,17.913162,20.931665,22.183964,25.77882,28.11977,31.36929,33.72151,29.81932,29.09158,26.41185,22.936853,20.469868,16.881582,15.843653,11.224312,9.314699,4.9887767,0.0,5.037024,9.121135,8.167489,5.326714,9.652433,12.066134,11.07334,12.886076,15.242852,16.417583,16.02997,19.517668,20.95965,21.530527,24.148745,22.490883,20.980047,26.021807,27.069088,24.3271,24.582922,24.466118,19.561432,21.463812,24.072323,20.179346,15.628815,20.447447,20.425713,19.570248,14.30238,13.674862,17.689388,16.647438,15.810362,20.709152,21.329842,19.29704,19.800583,25.31867,22.672174,27.250233,28.453764,26.125175,31.888178,28.297327,31.798649,34.761585,31.568804,28.148983,30.96424,33.48233,26.831482,28.478436,32.80299,32.76296,30.789799,32.50558,35.772457,34.413506,35.959805,39.121624,32.89464,30.272451,26.609152,27.77094,23.469152,24.50606,21.368238,21.001379,20.119625,19.257757,21.801779,21.978205,25.216217,22.76186,27.529503,25.61732,30.107952
34,37.52673,36.054546,32.061172,30.784437,27.268064,26.47483,21.910437,20.2992,16.504923,15.325674,12.766072,10.654041,9.127641,9.242577,12.750706,12.394743,14.202147,17.308027,19.407442,22.745705,25.740877,28.749874,31.63769,28.061985,27.065357,24.694178,20.589735,18.375364,14.4834,13.987557,8.415834,8.402787,4.8937254,5.037024,0.0,4.774015,4.9072595,6.068982,8.421749,9.556896,10.594569,13.321729,14.017979,15.214667,16.430264,19.536108,19.77822,20.92553,24.30435,23.479454,22.12733,25.82286,28.0495,25.851751,25.347284,24.681116,19.705671,21.552242,25.110472,21.92563,16.750357,21.893429,22.618494,22.548042,17.160955,15.612083,19.972654,18.429682,16.454916,21.65264,22.18905,19.42481,19.325514,25.030367,22.046064,27.01053,27.507883,24.737436,30.438025,26.434969,29.588367,32.275368,28.721155,25.421732,28.214573,29.99975,23.193375,25.181211,29.25569,28.81091,26.731411,28.759903,31.785212,30.687817,32.528446,36.10118,30.12085,27.236856,23.653067,24.17636,19.734148,20.246485,16.975605,16.340431,15.116372,14.250595,16.95886,17.157705,20.779757,18.557142,23.589407,22.242607,26.711113
35,33.33247,32.06419,27.952793,27.120638,23.534643,22.981691,18.51251,16.872879,12.710117,12.284269,9.458002,8.799818,6.6029034,7.3237414,9.24192,7.699049,9.602976,12.573439,15.170871,18.174368,21.469557,24.325493,27.523966,24.102259,22.964201,20.813803,16.43229,14.395976,10.482164,10.467508,4.9263763,7.062967,6.7964077,9.121135,4.774015,0.0,4.600912,7.5109897,6.486364,6.338869,9.880241,12.02388,11.109041,12.798073,15.278888,17.305527,16.610872,18.70344,22.379286,22.441187,20.89232,23.269716,26.374678,24.69544,23.4325,22.300787,17.47098,19.275635,23.497528,21.060764,15.702448,21.0101,22.523993,23.125906,17.88796,15.883062,20.687172,19.261908,16.015974,20.867344,21.964165,19.11632,17.840944,23.41255,19.846182,24.981064,24.971424,21.710873,27.1836,22.766985,25.691494,28.09141,24.509418,21.164595,23.791643,25.408438,18.602173,20.50529,24.52101,24.079222,21.970793,24.012112,27.076956,26.113447,28.073872,31.774263,25.93842,22.957838,19.476889,19.661196,15.388969,15.611355,12.899347,11.886149,11.578243,11.553722,13.8704195,13.324388,17.264032,14.208039,19.373947,18.107658,22.496344
