,0,1,2,3,4,5,6,7,8,9,10,11,12,13,14,15,16,17,18,19,20,21,22,23,24,25,26,27,28,29,30,31,32,33,34,35,36,37,38,39,40,41,42,43,44,45,46,47,48,49,50,51,52,53,54,55,56,57,58,59,60,61,62,63,64,65,66,67,68,69,70,71,72,73,74,75,76,77,78,79,80,81,82,83,84,85,86,87,88,89,90,91,92,93,94,95,96,97,98,99,100,101,102,103,104,105,106,107,108,109,110
0,0.0,4.253357,6.5010796,9.830281,12.239687,14.836924,18.142689,21.46275,25.313026,27.511078,31.807884,32.055077,28.398708,27.891354,22.85599,24.330248,19.307766,21.011744,18.813715,19.448683,22.118242,18.761185,24.283564,27.036026,28.153744,26.827248,31.579573,31.54723,29.034641,30.827118,30.784204,32.721825,36.152393,34.38704,38.822147,39.787342,42.969875,43.196922,39.419243,36.30572,39.313835,36.476128,35.445335,33.731792,36.550934,32.811756,34.945854,33.66272,36.489937,39.840042,40.621536,44.87744,47.396343,48.330784,44.341026,46.48491,42.043133,42.043148,43.5413,46.279484,42.945034,47.12555,43.804478,44.697052,43.903805,42.405083,44.25904,41.099274,40.423237,37.55172,35.366302,35.621616,35.859795,39.817417,40.22589,39.40862,41.702896,39.419548,40.172882,40.576416,37.98904,34.541424,31.148268,28.60122,27.19203,25.156778,24.414307,23.45477,24.185478,25.696169,26.314295,25.38429,27.791422,30.088175,32.286274,35.36616,35.635452,37.73647,36.035763,33.35505,30.925114,29.764563,25.864975,24.089788,22.719366,21.52632,19.246374,25.792496,25.740858,28.571215,30.53588
1,4.253357,0.0,5.289476,6.578885,8.844368,12.400137,14.703886,18.92224,22.214975,24.771269,29.0042,29.516178,26.177265,25.49067,20.420761,21.360703,16.391275,17.455097,15.595653,15.641064,18.594997,15.526182,21.196888,23.472385,24.706232,23.100199,27.727549,27.6713,24.880384,26.83744,26.686382,28.927326,32.4753,31.085005,35.363422,36.60528,39.77354,39.7467,36.027084,32.827557,35.559593,32.553005,31.445595,29.569645,32.445107,28.65042,30.882528,29.665602,32.570423,35.897305,36.618824,40.903484,43.31262,44.294033,40.389263,42.663376,38.213596,38.39654,39.93536,42.479115,39.10754,43.10039,39.689873,40.50907,39.664772,38.156944,40.012676,36.87411,36.25262,33.39849,31.16347,31.368988,31.65375,35.61635,36.17421,35.425972,37.889854,35.77909,36.748703,37.368267,34.956345,31.35805,28.20664,25.396965,23.615978,21.594189,20.425825,19.298216,19.940533,21.541603,22.151983,21.394209,23.636675,26.09569,28.30693,31.450348,31.630436,33.71744,32.293224,29.56793,27.187677,25.765434,21.97347,20.27347,18.619337,17.288097,15.129111,21.697405,21.944042,24.852299,27.046827
2,6.5010796,5.289476,0.0,5.2975035,6.8027554,8.650142,12.383065,15.025325,19.135315,21.087566,25.477047,25.573744,21.913935,21.543934,16.49235,18.389277,13.764189,15.978189,14.936799,16.367134,19.69926,17.592196,23.258848,25.309612,27.543903,26.08278,30.137465,29.434444,25.792152,27.114737,26.503876,28.209137,30.667433,28.828169,33.180904,33.88307,37.29046,37.68503,34.1403,31.36909,34.19953,32.07149,30.703644,29.769184,33.19644,29.929895,32.6269,31.935852,35.076756,38.16939,38.41236,42.81397,44.84778,45.42752,41.37175,43.31319,38.539326,38.626385,39.625652,42.17972,38.724285,43.013523,40.005627,40.70483,40.630497,38.694405,40.965523,37.687912,37.796947,34.454456,31.557158,32.14892,31.704369,35.94855,35.510822,34.965954,36.854904,34.524986,35.289387,35.424416,33.15158,29.90805,25.976332,23.745579,22.246439,21.033382,19.93826,20.479202,21.324123,23.744923,24.033579,22.993492,24.273811,26.632023,28.084232,30.78241,30.817827,32.760273,30.675493,27.953709,26.038301,25.25255,21.862947,20.892536,19.494669,18.557602,15.128141,21.236267,20.58332,23.012655,24.782097
3,9.830281,6.578885,5.2975035,0.0,3.7890408,6.376494,8.880431,13.013464,15.993127,18.916828,22.696753,23.635418,20.331345,19.237411,14.258073,14.823784,9.817357,11.214673,9.929283,11.089126,14.522908,12.895822,18.492464,20.211834,22.820293,21.503168,25.22142,24.277893,20.733253,21.909376,21.607027,23.193195,26.35881,24.623774,29.007282,30.108377,33.26781,33.386417,29.676907,26.644184,29.546717,27.045467,25.946594,24.84485,28.052969,24.919615,27.588507,27.073454,30.267492,33.230465,33.318672,37.73247,39.76418,40.224823,36.110065,38.024837,33.277542,33.378803,34.482513,37.045074,33.62116,37.939762,34.9302,35.83667,35.849377,34.165455,36.534996,33.49577,33.718697,30.64658,27.469442,27.605747,27.205936,31.085743,30.809685,29.993143,32.03172,29.729036,30.574512,30.998375,28.694578,25.223906,21.768486,19.121368,17.455141,15.89864,15.015407,15.472266,16.768707,19.422174,20.119036,19.918112,20.550383,23.508162,24.844196,27.600285,27.142662,28.806871,27.534206,24.544085,23.259241,21.799862,19.013985,18.426538,16.140377,14.469481,11.235429,17.0816,17.349442,19.479807,21.98232
4,12.239687,8.844368,6.8027554,3.7890408,0.0,5.371225,5.941056,10.579239,13.48369,16.091303,20.396988,20.944569,17.985447,17.32754,12.316433,13.209924,9.133984,10.107872,10.84035,11.538815,15.53965,14.820195,20.214748,21.07514,23.854969,21.991621,25.350546,24.337828,19.737238,21.086407,19.953955,22.115765,24.302929,23.149736,27.172358,28.276054,31.754948,31.760433,28.419918,25.649687,27.885612,25.779236,24.096947,23.258844,27.060324,23.966227,27.037745,26.730173,30.038319,32.925224,32.86135,37.29998,38.956795,39.48161,35.576817,37.641373,32.767048,33.19584,34.062862,36.20181,32.64698,36.6427,33.614254,34.100468,34.229755,32.099438,34.532494,31.25582,31.783234,28.301338,25.01671,25.692352,24.99797,29.386042,28.832928,28.542347,30.557802,28.520466,29.677666,30.086996,28.269577,24.876076,21.197456,18.651867,16.365358,15.710828,13.498336,14.7598095,15.463378,18.47944,18.53975,17.76321,18.049772,20.68391,21.7506,24.366749,24.132303,25.988764,24.210289,21.364939,19.797007,18.721296,15.870545,15.578623,13.708101,12.764199,8.71786,14.484621,14.026298,16.410934,18.563185
5,14.836924,12.400137,8.650142,6.376494,5.371225,0.0,6.0468802,7.075675,10.94228,13.312755,17.040485,17.742254,14.125106,13.141601,8.111736,9.839976,5.8224044,9.108824,9.976376,12.864731,16.363235,16.433804,21.333654,22.397787,26.124998,24.99111,27.704798,25.94677,21.383352,21.557035,20.585167,21.304535,22.796986,20.504715,24.90364,25.332888,28.79074,29.403877,25.99868,23.623411,26.525927,25.327354,23.896292,24.204248,28.045729,25.816559,29.00222,29.239574,32.614643,35.147594,34.575325,39.017685,40.471077,40.38208,36.183533,37.633034,32.55408,32.58782,32.91273,35.361065,31.879375,36.475933,34.07997,34.811615,35.897404,33.72029,36.613876,33.52992,34.75102,31.205666,27.17565,27.73084,26.323938,30.38682,28.7304,28.204018,29.407099,26.88239,27.495623,27.301388,25.335924,22.406645,17.937677,16.187237,14.89502,14.872844,14.08296,17.06212,18.528088,22.035162,22.325176,21.974518,21.115046,23.917894,24.08575,26.101498,25.262636,26.557405,24.650547,21.647377,21.41808,20.714037,18.963686,19.554882,17.57403,16.464025,12.07607,16.188375,15.362128,16.378435,18.426128
6,18.142689,14.703886,12.383065,8.880431,5.941056,6.0468802,0.0,6.6385427,7.8446164,10.979163,14.9693,15.913713,13.651771,12.749869,8.327942,8.30679,6.3431716,6.2569942,9.987459,10.8670635,14.885114,16.018652,20.47168,20.19255,23.846994,21.999935,24.17399,22.484243,16.799154,17.469904,15.564889,17.535522,18.594965,17.772356,21.49082,22.622038,26.264473,26.186882,23.166126,20.743574,22.484407,21.095463,19.010769,19.10108,23.469048,21.130713,24.675974,25.094297,28.531542,30.965092,30.309052,34.729034,35.817585,35.971195,32.135426,33.99786,28.92456,29.54552,29.91012,31.685724,28.05443,31.987968,29.306366,29.585503,30.497791,28.01752,30.876158,27.65768,29.07345,25.340292,21.234888,22.113531,20.6167,25.115288,23.683746,23.709286,25.363226,23.442928,24.786737,25.11985,23.855879,20.665567,16.847775,14.541049,11.744208,12.546167,9.434092,12.987483,13.77119,17.582073,17.35747,16.948296,15.35465,18.143826,18.091446,20.137367,19.324625,20.812887,19.062157,16.029076,15.640296,14.680756,13.300023,14.458739,12.384178,11.706576,7.0174093,10.272939,9.430253,10.83587,13.264255
7,21.46275,18.92224,15.025325,13.013464,10.579239,7.075675,6.6385427,0.0,5.370863,6.315684,10.613433,10.707117,7.427635,7.161337,2.5898216,6.3419805,7.3281035,9.763767,13.506391,16.15137,19.58843,21.137974,25.224947,25.124735,29.434175,28.06155,29.706951,27.445461,21.682838,21.218641,19.084738,19.54725,18.422266,16.483418,20.201471,20.07474,24.067978,24.8898,22.294168,20.880753,22.851934,23.19568,21.023312,22.751432,27.332434,25.970037,29.658249,30.588259,34.03001,36.097275,34.9426,39.27814,39.949318,39.51029,35.57168,36.788162,31.53608,31.857319,31.387451,33.214386,29.683584,34.00467,32.146275,32.351055,34.364754,31.535498,34.81401,31.662788,33.893993,29.871382,25.218801,26.444149,24.035059,28.409512,25.43501,25.665457,26.120932,23.830168,24.60537,23.963238,22.975111,20.714508,15.666431,14.958172,13.421456,15.565339,13.795796,18.76637,19.812675,23.808681,23.436375,22.802345,20.47459,22.75688,21.619059,22.672209,21.582441,22.548952,19.823786,17.0572,17.932825,18.21831,17.80975,19.644073,18.26529,18.050528,13.366726,14.762929,12.540818,12.140703,13.238779
8,25.313026,22.214975,19.135315,15.993127,13.48369,10.94228,7.8446164,5.370863,0.0,4.688924,7.166093,8.935735,7.775957,6.349254,5.1989975,4.12383,8.26217,8.412607,13.477678,15.379649,18.401348,21.054262,24.224669,23.171452,27.777403,26.433924,27.145851,24.53733,18.396555,17.40329,14.834437,15.064122,13.078926,11.774659,15.098277,15.438954,19.47835,19.89002,17.522293,16.280603,17.620274,18.384886,15.998699,18.405298,23.12699,22.424603,26.241734,27.655603,31.042095,32.712456,31.179054,35.381435,35.66176,35.000015,31.21565,32.34541,27.094187,27.649649,26.92065,28.351551,24.80637,28.929647,27.289125,27.401142,29.905838,27.032125,30.542501,27.640627,30.399857,26.524443,21.410854,22.487764,19.61256,23.727884,20.250738,20.649355,20.945688,18.890047,19.998755,19.592804,19.201466,16.990585,12.464321,11.777031,9.666312,13.030039,10.81063,16.744785,17.809004,21.9466,21.572086,21.56087,18.036253,20.506285,18.653355,19.255707,17.428377,17.8439,15.859038,12.841244,15.249695,15.164574,16.263489,18.887062,17.163273,16.860733,12.886769,11.773133,10.10366,8.031808,9.873321
9,27.511078,24.771269,21.087566,18.916828,16.091303,13.312755,10.979163,6.315684,4.688924,0.0,5.928383,4.971796,4.49526,5.6363974,6.343381,8.04199,12.07956,12.984559,17.854242,19.891436,23.050081,25.510292,28.874468,27.833454,32.359318,30.806274,31.522326,28.983364,22.542368,21.637312,18.583654,18.9272,15.10357,14.14314,16.553085,15.988296,20.433931,21.248999,19.736183,19.376106,20.00946,21.825918,18.997585,21.935879,26.929848,26.383947,30.323708,31.795834,35.163063,36.768745,35.159737,39.269577,39.215973,38.518097,34.971447,36.01759,30.805353,31.460953,30.342014,31.421652,27.956142,31.744867,30.40047,30.052076,32.836266,29.492294,33.015724,29.927607,33.02042,28.752316,23.733646,25.499222,22.28353,26.727509,22.653078,23.70262,23.486204,21.681677,22.729355,21.82925,21.994295,20.442299,15.636533,15.808045,14.074422,17.674252,15.20451,21.042637,21.65168,25.73081,24.870272,24.14604,20.665869,22.346506,20.012455,19.986132,18.617773,19.13195,15.75663,13.463544,15.709881,16.893185,17.978209,20.759579,19.903881,20.345167,16.134771,14.945204,11.899129,9.7907,9.481087
10,31.807884,29.0042,25.477047,22.696753,20.396988,17.040485,14.9693,10.613433,7.166093,5.928383,0.0,4.7941837,6.360938,5.152004,9.234155,8.663183,14.00619,14.550922,19.111555,21.507694,23.808008,27.030066,29.408272,28.074015,33.107616,32.17586,32.011612,28.901258,23.004864,20.93446,18.347755,16.923214,11.925351,9.871085,11.933554,10.484813,14.878262,16.240387,15.043628,15.601525,16.448727,19.547907,17.317566,21.440853,25.929457,26.517159,30.262527,32.285053,35.506035,36.576633,34.440384,38.31087,37.9458,36.573906,32.960075,33.314472,28.187294,28.557817,26.783686,27.870224,24.68575,28.81382,28.337276,28.321886,32.1259,29.087002,32.951214,30.45475,34.110058,30.296776,24.812834,25.967287,22.28555,25.659952,20.529516,21.21402,19.907806,17.824602,18.355324,16.874361,17.538046,16.885231,12.276634,13.726319,13.149418,17.358421,16.316294,22.631704,23.806711,27.896849,27.46964,27.609364,23.325136,25.365177,22.496132,21.911657,19.533049,18.903784,16.833393,14.549311,18.742655,19.412207,21.742233,24.881813,23.481426,23.371742,19.778772,17.223816,15.360548,11.779407,12.105568
11,32.055077,29.516178,25.573744,23.635418,20.944569,17.742254,15.913713,10.707117,8.935735,4.971796,4.7941837,0.0,4.5995564,6.6348825,10.021395,11.524813,16.211662,17.25615,21.974308,24.287931,27.108423,29.884554,32.86075,31.661064,36.430584,35.07129,35.314297,32.506897,26.140404,24.68894,21.584337,21.13256,15.691425,14.568507,15.999201,14.3340845,18.835976,20.206518,19.575018,20.268885,20.485449,23.601477,20.817905,24.6614,29.553333,29.703253,33.624004,35.433083,38.71453,39.986897,38.041225,41.954506,41.493282,40.40913,37.010487,37.631123,32.51861,33.097015,31.378927,32.192368,28.965776,32.641148,31.976488,31.473572,34.98983,31.494543,35.19337,32.318546,35.94938,31.682272,26.50303,28.383001,24.711796,28.774408,23.782034,25.088417,23.974411,22.261562,22.998642,21.490631,22.298048,21.651814,16.893621,18.11605,17.095423,21.13246,19.20674,25.313908,25.972643,30.040773,29.118813,28.440712,24.542437,25.911219,22.974178,22.181337,20.590504,20.529713,16.95538,15.303748,18.488642,20.172638,21.956224,25.01337,24.376554,24.937346,20.9334,18.94435,15.874799,12.999703,11.777656
12,28.398708,26.177265,21.913935,20.331345,17.985447,14.125106,13.651771,7.427635,7.775957,4.49526,6.360938,4.5995564,0.0,3.8783855,6.4179277,9.429297,13.2315855,15.35646,19.405228,22.359295,25.278713,27.552671,30.94032,30.411541,35.188618,34.034805,34.84634,32.104286,26.118708,24.767859,22.227095,21.595379,17.7874,15.521584,18.230934,16.697826,20.946093,22.546738,21.00603,21.036928,22.440643,24.7316,22.382141,25.651829,30.362066,30.068071,33.88374,35.40522,38.777645,40.339417,38.6255,42.732113,42.752586,41.746174,37.98511,38.614193,33.383488,33.641174,32.245453,33.68979,30.391602,34.630215,33.695145,33.62363,36.76439,33.570976,37.2003,34.245518,37.393764,33.20349,28.11261,29.670813,26.396784,30.474695,26.014133,26.705673,25.905838,23.669458,24.068802,22.526888,22.439503,21.4415,16.076834,17.09648,16.454897,19.841606,18.552608,24.425676,25.438301,29.553701,28.94212,28.289595,25.009598,26.78494,24.50467,24.394974,22.940933,23.191677,19.872112,17.73046,20.130844,21.380909,22.2799,24.858004,23.934126,24.118738,19.711788,19.130318,16.292854,14.189515,13.818627
13,27.891354,25.49067,21.543934,19.237411,17.32754,13.141601,12.749869,7.161337,6.349254,5.6363974,5.152004,6.6348825,3.8783855,0.0,5.102405,6.4967666,10.832072,12.919191,16.661736,19.928038,22.430775,24.983383,27.964947,27.49178,32.506927,31.758253,32.35064,29.374414,23.872475,22.053764,20.079546,18.649527,15.706649,12.49804,15.93957,14.591266,18.528936,20.183239,18.058947,17.811203,19.994501,22.045038,20.248604,23.563211,27.888058,27.85009,31.491276,33.124676,36.45965,37.908825,36.088665,40.18321,40.3623,39.141754,35.159714,35.565617,30.330154,30.338734,28.96911,30.760248,27.518568,32.180645,31.358036,31.730488,35.014633,32.226254,35.953465,33.283573,36.376694,32.551666,27.26266,28.221306,25.025684,28.561707,24.136862,24.238762,23.361576,20.757135,20.875832,19.335255,18.856672,17.782059,12.293741,13.470914,13.388473,16.698282,16.365091,22.353043,23.867678,28.00645,27.848778,27.852676,24.36468,26.703196,24.550766,24.656656,22.665525,22.557213,20.29481,17.700314,20.725494,21.192394,22.3982,24.980942,23.410265,22.986012,18.848001,18.071394,16.209816,13.71597,14.489804
14,22.85599,20.420761,16.49235,14.258073,12.316433,8.111736,8.327942,2.5898216,5.1989975,6.343381,9.234155,10.021395,6.4179277,5.102405,0.0,4.9777064,6.974241,9.827787,13.299681,16.51487,19.548851,21.396074,25.119469,25.085552,29.715385,28.717701,30.075077,27.51997,22.056211,21.030336,19.216578,18.818071,17.62539,14.936174,18.902414,18.466948,22.311047,23.429148,20.72198,19.476074,21.897938,22.582191,20.743958,22.905275,27.269432,26.329218,29.935549,31.07373,34.489384,36.37832,35.01879,39.30922,39.945923,39.207977,35.13251,36.027718,30.758558,30.85128,30.163536,32.17979,28.747196,33.374428,31.838411,32.275227,34.686115,32.01423,35.456192,32.521248,34.95424,31.09969,26.199429,27.136738,24.54564,28.512352,25.151255,25.10229,25.16465,22.606682,23.04975,22.13559,21.0339,19.0335,13.715706,13.503125,12.655448,14.982376,14.154304,19.468765,20.909101,24.967112,24.859169,24.627907,21.962454,24.463652,23.101944,23.961767,22.465023,23.030273,20.69177,17.834948,19.50058,19.621326,19.721113,21.727673,20.066572,19.525743,15.051913,15.899912,14.11519,12.979389,14.300168
15,24.330248,21.360703,18.389277,14.823784,13.209924,9.839976,8.30679,6.3419805,4.12383,8.04199,8.663183,11.524813,9.429297,6.4967666,4.9777064,0.0,5.476431,6.5128098,10.568536,13.498666,15.994671,18.700933,21.623985,21.086153,26.029562,25.338587,26.086117,23.210869,18.008057,16.411776,15.011122,13.941283,13.747397,10.822285,15.22171,15.526222,18.975775,19.67712,16.502592,14.775199,17.56525,17.840813,16.453278,18.68387,22.717361,22.18904,25.68167,27.092594,30.448252,32.09338,30.52533,34.75828,35.395218,34.467506,30.294939,31.08213,25.816011,25.874275,25.252335,27.358734,23.934153,28.749514,27.26608,28.043505,30.630173,28.341206,31.89168,29.325586,31.843653,28.434752,23.282192,23.566391,20.979568,24.324724,21.037767,20.50471,20.674305,17.990847,18.503803,17.991405,16.76556,14.373554,9.475304,8.71187,7.761998,10.486141,10.361757,16.118761,18.03756,22.124117,22.446371,23.124947,19.829927,22.898027,21.450489,22.358324,20.164307,20.235376,19.256638,16.02145,18.653738,17.838652,18.795427,21.059504,18.6606,17.481325,13.764497,13.366073,13.008537,11.099247,13.708937
16,19.307766,16.391275,13.764189,9.817357,9.133984,5.8224044,6.3431716,7.3281035,8.26217,12.07956,14.00619,16.211662,13.2315855,10.832072,6.974241,5.476431,0.0,4.6254506,6.362874,10.083693,12.921465,14.512761,18.311512,18.791328,23.336117,22.76019,24.506235,22.08223,17.718655,16.894283,16.401945,15.981643,18.072979,15.256806,19.943937,20.63713,23.696829,24.213612,20.51078,17.95925,21.352587,20.178925,19.27779,20.074688,23.602713,22.141403,25.28956,26.062462,29.424446,31.53918,30.513008,34.889053,36.192673,35.651722,31.283558,32.3681,27.23649,27.09782,27.233917,29.829819,26.427935,31.359512,29.31442,30.42262,32.0993,30.239685,33.42789,30.788038,32.44644,29.284927,24.690174,24.607082,22.897758,26.223976,24.186253,23.167183,24.109694,21.350456,21.790491,21.690947,19.61363,16.590004,12.320295,10.36713,9.4652,9.6800375,10.245441,14.349123,16.61421,20.414762,21.193022,21.946074,19.860174,23.259481,22.875084,24.599602,22.862823,23.451715,22.672848,19.344397,20.628002,19.268467,18.916609,20.249727,17.473728,15.6682415,11.92608,14.010213,14.345628,14.0425,17.007479
17,21.011744,17.455097,15.978189,11.214673,10.107872,9.108824,6.2569942,9.763767,8.412607,12.984559,14.550922,17.25615,15.35646,12.919191,9.827787,6.5128098,4.6254506,0.0,5.6311407,7.0896873,10.12476,12.676787,15.940127,15.394619,19.933352,19.043861,20.368683,17.937052,13.126761,12.557943,11.972276,12.357699,15.4333105,13.786661,18.056286,19.658886,22.542679,22.312506,18.622986,15.600204,18.380775,16.368996,15.4006605,15.596441,19.160278,17.552057,20.80467,21.670681,25.060232,27.12518,26.090117,30.483189,31.729794,31.38367,27.16037,28.601622,23.505327,23.751886,24.197493,26.457134,22.952667,27.510695,25.111088,26.173155,27.559772,25.827162,28.941288,26.406343,27.995863,25.057901,20.469225,20.085857,18.586315,21.82387,20.367815,19.343206,20.92575,18.577724,19.615948,20.245995,18.495855,14.957392,11.91751,8.860698,6.3085546,6.3687587,5.655789,10.095534,12.44023,16.335466,17.220558,18.553421,16.003765,19.740786,19.437315,21.336426,19.37359,19.917942,20.021519,16.57454,17.978947,15.864194,16.004562,17.517471,14.2547865,12.094579,9.168586,10.153957,11.761742,11.496808,15.240872
18,18.813715,15.595653,14.936799,9.929283,10.84035,9.976376,9.987459,13.506391,13.477678,17.854242,19.111555,21.974308,19.405228,16.661736,13.299681,10.568536,6.362874,5.6311407,0.0,5.1819134,6.9783335,8.4492,12.013463,13.113678,17.563017,17.664782,19.664692,17.398737,14.818139,14.193735,15.382229,14.875955,19.814026,17.27512,21.971464,23.510822,25.745321,25.696558,21.4357,17.946737,21.877707,19.019848,19.197641,18.590366,20.873404,19.024689,21.448088,21.842672,25.025597,27.27256,26.582693,30.9248,32.87669,32.504868,27.948208,29.175806,24.386694,24.011244,25.01634,28.063847,24.865196,29.871635,27.440405,29.199202,30.157236,29.211996,32.06425,29.877928,30.7841,28.491632,24.373207,23.20448,22.448698,24.816856,24.144629,22.228092,23.93629,21.211143,21.6358,22.338446,19.605412,15.894359,13.54359,10.303927,9.62331,6.7455797,9.445075,11.028636,14.229837,17.361288,19.187634,21.105768,19.589546,23.612568,24.031242,26.306324,24.372967,24.84536,25.482668,22.02899,23.1164,20.617512,20.1313,20.842484,17.20082,14.170781,12.171208,14.666394,16.891214,17.058352,20.838282
19,19.448683,15.641064,16.367134,11.089126,11.538815,12.864731,10.8670635,16.15137,15.379649,19.891436,21.507694,24.287931,22.359295,19.928038,16.51487,13.498666,10.083693,7.0896873,5.1819134,0.0,4.2774844,6.069736,9.695029,9.682704,13.452335,12.782092,15.119494,13.44734,10.85606,11.611756,12.918373,14.14017,19.94201,18.886538,22.895601,25.206585,27.380198,26.577814,22.547796,18.72798,21.639345,17.646164,17.678679,15.642598,17.675995,14.912316,17.218664,17.18269,20.401592,22.94994,22.677551,27.073442,29.21527,29.436983,25.186798,27.134544,22.601683,22.790115,24.435186,26.987518,23.74273,27.98609,24.865915,26.459045,26.481033,25.765545,28.215155,26.042957,26.360981,24.404907,20.857035,19.383883,19.425606,21.797655,22.425295,20.667095,23.344336,21.311813,22.455278,23.919405,21.628695,17.559626,16.418789,12.563746,10.437101,7.0401564,7.537092,6.299444,9.605394,12.3350315,14.506817,16.996496,15.893709,20.10372,21.159407,23.86814,22.169188,22.93031,24.198627,20.87487,21.270836,18.08901,17.382772,17.69077,13.654358,10.060934,9.701271,12.211655,15.52423,16.447332,20.487251
20,22.118242,18.594997,19.69926,14.522908,15.53965,16.363235,14.885114,19.58843,18.401348,23.050081,23.808008,27.108423,25.278713,22.430775,19.548851,15.994671,12.921465,10.12476,6.9783335,4.2774844,0.0,4.790761,5.8656116,6.2025747,10.705438,11.497127,13.202585,11.150983,10.999393,10.929501,13.797503,13.819286,20.937836,19.54074,23.520557,26.017498,27.512005,26.601341,22.297523,18.196234,21.679834,17.106432,18.221087,15.942591,16.625423,14.383788,15.838642,15.879662,18.796503,21.078377,20.741232,24.976292,27.484524,27.441765,22.95109,24.602196,20.388077,20.150093,22.204643,25.200783,22.287518,26.783398,23.84011,26.085127,26.13106,26.188395,28.563204,26.986887,27.149061,25.944635,22.503157,20.171103,20.522203,21.690788,22.7168,20.16351,22.849693,20.692307,21.499466,23.241549,20.556877,16.448101,16.517653,12.622705,11.50593,7.0631924,9.977935,7.9332204,11.714506,13.6292095,16.528053,19.842539,18.587387,22.95527,23.97406,26.565903,24.457912,24.745209,26.898832,23.561377,24.558796,21.05389,20.891766,21.2329,17.033651,13.189306,13.725179,15.238393,19.078577,19.470135,23.72027
21,18.761185,15.526182,17.592196,12.895822,14.820195,16.433804,16.018652,21.137974,21.054262,25.510292,27.030066,29.884554,27.552671,24.983383,21.396074,18.700933,14.512761,12.676787,8.4492,6.069736,4.790761,0.0,5.738918,8.574058,10.910373,11.601872,14.96181,14.078397,14.528539,15.393642,17.897007,18.545862,25.343512,23.83491,28.001581,30.301674,31.994701,31.248867,26.91929,22.871197,26.378952,21.79779,22.658457,19.985138,20.636858,17.673727,18.744066,17.94174,20.618402,23.36401,23.699087,27.816559,30.73747,31.117868,26.795273,28.645933,24.744686,24.444548,26.737389,29.806734,26.971905,31.283993,28.099436,30.227427,29.614979,29.717508,31.726595,29.955416,29.444818,28.265564,25.443842,23.3529,24.163742,25.689508,27.161303,24.79863,27.613424,25.464624,26.191994,27.77557,24.880936,20.858425,20.413479,16.69199,15.642799,11.385786,13.424818,10.330305,13.408877,14.604997,17.549809,20.408127,20.46961,24.617083,26.315445,29.286446,27.713156,28.454782,30.090158,26.818045,26.897884,23.531197,22.321257,21.878136,17.881205,14.053585,14.627994,17.88275,21.319986,22.498812,26.51112
22,24.283564,21.196888,23.258848,18.492464,20.214748,21.333654,20.47168,25.224947,24.224669,28.874468,29.408272,32.86075,30.94032,27.964947,25.119469,21.623985,18.311512,15.940127,12.013463,9.695029,5.8656116,5.738918,0.0,5.006492,7.548633,10.468869,12.309927,11.090661,14.318929,14.399544,18.195951,17.877903,25.765417,24.310047,28.117561,30.751291,31.65575,30.61158,26.206987,21.993952,25.678873,20.518982,22.43713,19.50018,18.600307,16.409954,16.392721,15.791643,17.930447,20.157635,20.369852,24.143051,27.405872,27.493486,23.068226,24.614239,21.319563,20.658327,23.466074,26.787626,24.439144,28.721054,25.756666,28.537285,27.93294,28.937824,30.826853,29.820448,29.240025,28.967962,26.241516,23.219944,24.338331,24.44826,26.442982,23.343199,26.215067,24.185162,24.700428,26.714312,23.690887,19.780386,20.89439,17.24001,16.827805,12.251419,15.538794,12.112097,15.457257,15.9725895,19.477194,23.28869,22.756735,27.06657,28.553808,31.306448,29.221697,29.395384,32.142532,28.899883,29.748209,25.964397,25.63713,25.498796,21.28948,17.296402,18.746487,20.439293,24.571955,25.109549,29.397099
23,27.036026,23.472385,25.309612,20.211834,21.07514,22.397787,20.19255,25.124735,23.171452,27.833454,28.074015,31.661064,30.411541,27.49178,25.085552,21.086153,18.791328,15.394619,13.113678,9.682704,6.2025747,8.574058,5.006492,0.0,5.6613646,7.980925,8.067669,6.146707,10.048201,10.281153,14.342745,14.576583,22.672506,22.208881,25.346624,28.45612,29.259094,27.680574,23.611502,19.381844,22.180454,16.527615,18.502356,15.050525,13.704677,11.578823,11.48302,11.298939,13.656298,15.698504,15.629654,19.603918,22.636044,22.83475,18.529243,20.536926,17.191067,17.134172,20.13545,22.873262,20.448761,24.199364,20.960241,23.672459,22.944109,24.100506,25.968452,25.188143,24.768871,24.767921,22.04412,18.649864,19.951042,19.622707,22.136333,19.099407,22.434292,20.954065,22.022118,24.525398,22.127577,18.132242,19.976614,16.152414,15.012534,10.952579,13.283976,9.4639,12.633464,12.982286,16.52472,20.867647,19.627079,23.941206,25.20046,27.781267,25.498468,25.467882,28.870598,25.7891,26.920616,22.862953,23.242405,23.46937,19.215136,15.334286,17.525042,17.748209,22.36697,22.658787,27.010624
24,28.153744,24.706232,27.543903,22.820293,23.854969,26.124998,23.846994,29.434175,27.777403,32.359318,33.107616,36.430584,35.188618,32.506927,29.715385,26.029562,23.336117,19.933352,17.563017,13.452335,10.705438,10.910373,7.548633,5.6613646,0.0,4.7708282,6.2019,7.5060916,12.817162,14.5037565,18.079538,19.4797,27.379505,27.541994,30.367905,33.684307,34.49961,32.63738,28.803423,24.61993,26.767563,20.75688,22.489939,18.069115,16.062254,13.008692,11.604343,9.830095,11.265558,13.911967,15.178581,18.657377,22.370451,23.509205,19.956926,22.621695,20.271532,20.571373,24.097824,26.366165,24.2464,26.985416,23.239548,25.735708,23.605553,25.325174,26.34375,25.778507,24.17652,24.968946,23.496912,19.935946,22.295986,21.779314,25.613888,22.887598,26.731997,25.776773,27.108892,29.841045,27.603136,23.663118,25.601566,21.730976,20.218948,16.30974,17.452095,12.123817,14.09358,12.717398,16.49683,20.987356,20.969397,24.919668,26.983889,29.916649,28.153118,28.487286,32.024513,29.202553,29.44612,25.202599,24.96974,24.46528,20.450182,16.722143,19.949417,20.753786,25.456266,26.453587,30.646847
25,26.827248,23.100199,26.08278,21.503168,21.991621,24.99111,21.999935,28.06155,26.433924,30.806274,32.17586,35.07129,34.034805,31.758253,28.717701,25.338587,22.76019,19.043861,17.664782,12.782092,11.497127,11.601872,10.468869,7.980925,4.7708282,0.0,5.49968,8.062169,10.960854,14.102355,16.528059,19.474829,26.57762,27.527725,30.088377,33.515213,34.83265,32.788017,29.28328,25.228786,26.524078,20.595387,21.393124,16.461126,15.424411,11.172089,10.495947,7.995048,10.048557,13.46373,15.117398,18.853638,22.156664,23.953999,20.881542,24.205275,21.562963,22.55563,25.829878,27.446898,24.97378,27.099243,22.84544,24.571896,21.7959,22.947481,23.709679,22.631252,20.639288,21.130213,20.167492,17.07458,19.822157,20.254854,24.478746,22.555025,26.776993,26.213446,28.079641,30.829561,29.044321,24.982286,26.345394,22.335695,19.929615,16.592737,15.922216,9.802941,10.60646,8.385162,12.100075,16.539719,17.08875,20.782043,23.282043,26.456408,25.198158,26.018637,29.20827,26.60222,26.05975,21.815947,21.163773,20.347176,16.550293,13.116776,17.019068,17.949873,22.55554,24.14243,28.086737
26,31.579573,27.727549,30.137465,25.22142,25.350546,27.704798,24.17399,29.706951,27.145851,31.522326,32.011612,35.314297,34.84634,32.35064,30.075077,26.086117,24.506235,20.368683,19.664692,15.119494,13.202585,14.96181,12.309927,8.067669,6.2019,5.49968,0.0,4.167321,9.481475,11.828363,14.836655,17.2619,24.582693,26.028084,27.903173,31.644106,32.405,29.96314,26.760935,22.847559,23.602303,17.38268,18.820969,13.743397,11.15311,7.8579264,5.661227,3.7054608,5.72626,8.499613,9.710074,13.550085,16.856655,18.489836,15.510301,19.024006,16.854221,18.164925,21.654161,22.849258,20.71076,22.30587,18.092438,20.200588,17.512783,19.46876,20.265854,20.02763,18.485098,19.790928,18.610357,14.600399,17.449442,16.378922,21.14485,18.87568,23.23943,23.149195,25.157356,28.292202,26.910484,23.111898,25.52603,21.736818,19.5121,16.654764,16.35162,11.240979,12.180118,10.344544,13.719703,18.662544,17.770176,21.443626,23.207783,25.852612,23.989416,24.136457,28.380968,25.920662,26.36618,21.941824,22.57984,22.52988,18.752552,15.583908,19.46773,18.478863,23.43852,24.189358,28.21673
27,31.54723,27.6713,29.434444,24.277893,24.337828,25.94677,22.484243,27.445461,24.53733,28.983364,28.901258,32.506897,32.104286,29.374414,27.51997,23.210869,22.08223,17.937052,17.398737,13.44734,11.150983,14.078397,11.090661,6.146707,7.5060916,8.062169,4.167321,0.0,7.4815407,8.333373,12.184137,13.50295,21.243307,22.302803,24.266281,27.949095,28.513836,26.183676,22.815315,18.851318,20.029757,13.812292,15.79666,11.366744,8.607601,6.6150584,5.458609,6.1415005,8.522131,10.072973,9.67519,13.8777075,16.675406,17.284521,13.460452,16.41161,13.512756,14.576974,17.879398,19.455795,17.16443,19.599358,15.813517,18.403288,17.06944,18.785645,20.367474,20.150414,19.721132,20.485174,18.168941,14.064133,15.982959,14.583801,18.404245,15.601789,19.675196,19.269964,21.098999,24.209673,22.771484,19.01824,21.722721,18.06282,16.184135,13.419452,13.996457,10.129116,12.032235,11.608371,14.831094,19.689726,17.732086,21.729858,22.761036,25.054436,22.624996,22.309364,26.709995,24.03529,25.3816,21.04899,22.331276,22.896524,18.907555,15.592641,18.720257,17.059736,22.05152,22.107555,26.308987
28,29.034641,24.880384,25.792152,20.733253,19.737238,21.383352,16.799154,21.682838,18.396555,22.542368,23.004864,26.140404,26.118708,23.872475,22.056211,18.008057,17.718655,13.126761,14.818139,10.85606,10.999393,14.528539,14.318929,10.048201,12.817162,10.960854,9.481475,7.4815407,0.0,4.777704,5.6250434,9.861741,15.8835,17.91601,19.692484,23.339388,24.904997,22.605429,19.659956,16.045732,16.118841,10.678938,10.531681,5.9396,7.6814017,4.452776,7.9998393,9.327792,12.663384,14.442707,13.534145,17.94105,19.246775,19.88641,16.435946,19.446922,15.291972,17.04467,18.993177,19.824514,16.59568,18.983862,15.013256,16.174347,15.625346,15.251529,17.638947,16.079527,16.809782,15.750535,12.178887,9.22755,10.076099,11.381703,14.007836,12.676198,16.839417,16.60298,19.161734,21.891945,21.180325,17.36238,18.61402,14.959296,11.588985,10.480946,7.9243426,5.6069846,6.667118,8.345356,10.229759,14.417551,11.123923,15.296681,15.758725,18.011108,15.625547,15.733259,19.464075,16.722624,17.969894,13.710575,15.439715,16.700775,12.8646345,10.173039,12.78906,9.743239,14.74018,14.843554,18.939232
29,30.827118,26.83744,27.114737,21.909376,21.086407,21.557035,17.469904,21.218641,17.40329,21.637312,20.93446,24.68894,24.767859,22.053764,21.030336,16.411776,16.894283,12.557943,14.193735,11.611756,10.929501,15.393642,14.399544,10.281153,14.5037565,14.102355,11.828363,8.333373,4.777704,0.0,4.955808,5.560987,13.006968,14.284411,16.1832,19.834312,20.885792,18.691252,15.392611,11.58134,12.495986,6.8628697,8.226769,5.8142376,6.838348,7.085361,9.849865,12.176664,15.126436,16.034225,14.147229,18.361279,19.35397,18.838184,14.703426,16.72939,11.949671,13.241744,14.731555,16.098656,12.766687,16.399912,13.353788,15.352147,16.557503,16.417097,19.436193,18.434849,20.096384,19.122133,14.772719,11.754044,11.210232,11.183703,12.068799,9.535179,13.102021,12.289703,14.559959,17.363499,16.566832,12.834613,14.867441,11.483055,8.941931,8.223236,8.088525,8.623339,10.835072,13.019279,14.875694,18.738644,14.8171,18.888504,18.412258,19.952229,16.771929,15.928363,20.021275,17.076702,19.83158,15.997105,18.516415,20.340677,16.559925,13.892683,15.279446,11.68497,16.239014,15.034254,19.277664
30,30.784204,26.686382,26.503876,21.607027,19.953955,20.585167,15.564889,19.084738,14.834437,18.583654,18.347755,21.584337,22.227095,20.079546,19.216578,15.011122,16.401945,11.972276,15.382229,12.918373,13.797503,17.897007,18.195951,14.342745,18.079538,16.528059,14.836655,12.184137,5.6250434,4.955808,0.0,6.4560738,10.406859,13.276298,14.47356,18.151545,20.039068,17.719753,15.242609,12.23352,11.312195,7.2481546,5.4426966,3.7317374,8.532117,8.232331,12.106439,14.2854185,17.364807,18.40917,16.61607,20.7123,20.925484,20.76859,17.393606,19.703547,14.940202,16.810436,17.505762,17.863682,14.249111,16.937134,13.782449,14.337952,15.778507,14.167738,17.525122,15.700384,18.126137,16.066284,10.996866,9.301699,7.490826,9.860317,9.7443075,9.247121,12.750523,12.596516,15.537374,17.962717,18.052896,14.693259,15.462105,12.488423,8.737429,10.0421715,6.6802764,9.053382,9.821033,12.684951,13.254719,16.2196,11.363053,15.06341,13.891658,15.154614,11.918999,11.321268,15.099956,12.207138,15.079512,11.414131,14.662565,17.09498,13.8717985,12.248419,13.147099,7.885698,12.1161785,10.716434,14.751748
31,32.721825,28.927326,28.209137,23.193195,22.115765,21.304535,17.535522,19.54725,15.064122,18.9272,16.923214,21.13256,21.595379,18.649527,18.818071,13.941283,15.981643,12.357699,14.875955,14.14017,13.819286,18.545862,17.877903,14.576583,19.4797,19.474829,17.2619,13.50295,9.861741,5.560987,6.4560738,0.0,8.47323,9.002737,10.911696,14.451022,15.375768,13.445215,9.914107,6.1907387,7.8878384,4.3831754,6.15113,8.165995,10.119718,12.097834,14.865466,17.552929,20.315376,20.70375,18.202143,21.993132,22.220177,20.72036,16.531948,17.302078,12.040661,12.802174,12.64714,14.178386,10.611312,15.446453,13.917963,15.829684,18.976927,18.19916,21.853687,20.880955,23.651184,22.117174,16.960787,14.824455,12.627099,12.633291,10.325258,7.587857,9.24603,7.411948,9.573607,12.04902,11.736291,8.43354,10.538619,8.163897,6.563307,8.247897,9.247234,12.770027,14.99493,17.892805,19.178555,22.306993,17.662548,21.374474,19.802233,20.472155,16.720892,15.078419,18.830118,15.82932,20.075104,17.076185,20.353724,22.872995,19.479355,17.341665,17.331184,13.043716,16.459738,13.824491,17.783558
32,36.152393,32.4753,30.667433,26.35881,24.302929,22.796986,18.594965,18.422266,13.078926,15.10357,11.925351,15.691425,17.7874,15.706649,17.62539,13.747397,18.072979,15.4333105,19.814026,19.94201,20.937836,25.343512,25.765417,22.672506,27.379505,26.57762,24.582693,21.243307,15.8835,13.006968,10.406859,8.47323,0.0,6.1524425,4.5393434,8.172072,10.608806,8.68346,7.818966,7.943238,5.0708494,8.832383,6.5782557,12.025468,15.780793,17.927855,21.302979,24.089672,26.835283,27.027746,24.323978,27.70786,26.728376,25.095505,21.94358,22.429409,17.58783,18.797606,17.028711,16.903208,13.594,16.973024,16.62805,16.71067,21.248259,18.803583,22.891747,21.424694,25.561499,22.913832,17.230284,17.103941,13.153344,14.703971,8.9039955,9.608858,8.530358,7.8632226,10.405698,11.254612,13.353884,12.173118,11.98625,11.929594,10.270182,14.425713,13.144981,18.416183,19.464231,22.826187,22.78934,24.523218,19.06988,21.54822,18.408352,17.56225,13.579338,11.178522,13.670072,11.305355,17.241554,15.933944,20.267822,23.695677,21.503597,20.828974,19.634474,14.124649,15.207123,10.992043,13.321573
33,34.38704,31.085005,28.828169,24.623774,23.149736,20.504715,17.772356,16.483418,11.774659,14.14314,9.871085,14.568507,15.521584,12.49804,14.936174,10.822285,15.256806,13.786661,17.27512,18.886538,19.54074,23.83491,24.310047,22.208881,27.541994,27.527725,26.028084,22.302803,17.91601,14.284411,13.276298,9.002737,6.1524425,0.0,5.201616,6.4964457,8.760665,8.992852,5.8201036,5.7834263,8.293572,11.332454,11.038437,15.680567,18.69432,20.684458,23.777037,26.390072,29.253834,29.633286,26.97933,30.532148,30.181479,28.127125,24.228912,23.950294,18.916489,18.96474,16.962334,18.425888,15.394892,20.39162,20.481283,21.583418,26.028265,24.18965,28.219042,26.810743,30.471102,27.92399,22.24644,21.66207,18.209583,19.378775,14.196662,13.16714,11.31018,8.349356,8.627692,7.950305,8.787737,7.9994397,6.336626,7.838243,8.471216,12.500405,13.627385,19.331524,21.352852,25.002062,25.567465,27.441574,22.544815,25.564003,22.937092,22.615574,18.93268,17.028086,18.558966,15.794236,21.182753,19.912416,23.316553,26.416906,23.80239,22.49011,20.556335,16.615335,17.604475,13.60357,16.209635
34,38.822147,35.363422,33.180904,29.007282,27.172358,24.90364,21.49082,20.201471,15.098277,16.553085,11.933554,15.999201,18.230934,15.93957,18.902414,15.22171,19.943937,18.056286,21.971464,22.895601,23.520557,28.001581,28.117561,25.346624,30.367905,30.088377,27.903173,24.266281,19.692484,16.1832,14.47356,10.911696,4.5393434,5.201616,0.0,4.2297826,6.090023,4.8878794,4.92625,7.3830357,5.74563,11.251586,10.417696,15.944918,18.88309,21.63871,24.681812,27.63832,30.246733,30.14592,27.170303,30.28948,29.167274,26.900497,23.677397,23.273222,18.662323,19.269106,16.64683,16.758379,14.020158,17.917227,18.745695,19.22978,24.466494,22.357838,26.47598,25.395887,29.68996,27.248512,21.611496,21.292233,17.379038,18.04414,11.762721,11.765462,8.746113,7.294896,8.467739,8.073115,11.092868,11.379184,11.332887,12.70765,12.592656,16.672836,16.734373,22.161507,23.603846,26.997744,27.177309,28.974419,23.577652,26.042284,22.788229,21.676798,17.731531,15.081153,17.187714,15.157505,21.271223,20.330309,24.57177,28.010841,25.79997,24.971079,23.475246,18.39991,19.169094,14.779894,16.60651
35,39.787342,36.60528,33.88307,30.108377,28.276054,25.332888,22.622038,20.07474,15.438954,15.988296,10.484813,14.3340845,16.697826,14.591266,18.466948,15.526222,20.63713,19.658886,23.510822,25.206585,26.017498,30.301674,30.751291,28.45612,33.684307,33.515213,31.644106,27.949095,23.339388,19.834312,18.151545,14.451022,8.172072,6.4964457,4.2297826,0.0,4.6230807,6.2771025,7.012914,10.170212,9.890744,15.326852,14.489374,19.957394,23.012583,25.601656,28.701323,31.574078,34.26371,34.25165,31.29491,34.426517,33.326843,30.917511,27.64024,26.90849,22.381712,22.598886,19.678709,20.104609,17.692533,21.70975,22.87585,23.31453,28.638939,26.36802,30.486385,29.25261,33.615627,30.896368,25.224337,25.250181,21.248274,22.2399,15.863086,15.953995,12.597415,10.794486,10.7576,8.816576,11.770529,13.0048685,11.730817,14.1798,14.795205,18.979986,19.399487,25.22724,26.776276,30.388607,30.486824,31.928143,26.666616,28.980236,25.59511,24.313047,20.650171,18.223488,19.17235,17.32888,23.36185,23.029778,26.990398,30.46485,28.461445,27.767218,25.660606,21.125154,21.142506,16.669683,17.840004
