,0,1,2,3,4,5,6,7,8,9,10,11,12,13,14,15,16,17,18,19,20,21,22,23,24,25,26,27,28,29,30,31,32,33,34,35,36,37,38,39,40,41,42,43,44,45,46,47,48,49,50,51,52,53,54,55,56,57,58,59,60,61,62,63,64,65,66,67,68,69,70,71,72,73,74,75,76,77,78,79,80,81,82,83,84,85,86,87,88,89,90,91,92,93,94,95,96,97,98,99,100,101,102,103,104,105,106,107,108,109,110,111,112,113,114
0,0.0,4.3360696,6.407566,9.910503,12.3443365,14.944275,18.095087,22.088043,25.655472,28.463696,32.83787,33.129055,32.358437,32.52491,28.73539,28.770857,26.468,24.963703,25.99616,23.286135,26.587893,24.9735,29.164253,29.120342,27.858189,28.695063,25.722727,25.433062,24.274908,24.914827,24.339727,27.062475,26.629622,32.33525,30.15889,33.966885,35.31619,31.868341,32.259174,31.103598,26.095266,24.719881,23.005236,21.062115,24.369085,24.917103,26.293823,29.489588,32.885784,33.919395,33.619526,37.71088,37.06398,40.593224,38.2516,42.03122,37.986233,40.223114,42.508484,40.373615,37.03204,38.332405,35.263832,33.837807,34.399746,30.52923,32.844208,28.644833,29.199081,24.380196,23.012491,27.024672,25.699081,31.838814,31.24538,34.358555,36.93504,37.460938,40.524227,41.1389,42.25577,40.722424,36.417145,34.989567,31.44885,32.01471,27.497568,27.115372,24.16077,25.839113,24.1523,25.602589,26.990524,27.391312,26.488884,26.385942,23.029667,20.29462,16.841022,16.26041,16.97713,11.429501,9.64319,10.654505,12.401396,15.621299,16.691294,19.85334,20.481253,18.53463,22.675653,21.865602,22.590857,25.51059,25.777323
1,4.3360696,0.0,5.287822,6.6381907,8.946945,12.3817005,14.832626,19.50986,22.49117,25.734032,29.719828,30.415035,29.586988,29.359585,25.64489,25.195068,22.853333,21.008263,22.05361,19.089748,22.40704,21.080656,25.136963,24.956882,23.984446,24.660742,21.781448,21.393223,19.967478,20.812319,20.209658,23.291174,23.399412,29.009895,27.326473,31.20075,32.75298,29.470396,29.338453,27.782434,23.1649,21.133703,19.300209,16.947153,20.356457,20.707191,22.300858,25.435598,28.83877,29.977388,29.73993,33.935753,33.5852,36.973064,34.480946,38.276157,34.310543,36.471153,38.963142,37.101208,33.68409,35.233772,31.955503,30.88517,31.346977,27.852459,30.343964,26.285347,26.743738,21.939604,20.048054,23.650461,22.302414,28.259163,27.914513,30.727623,33.547657,33.999287,37.09339,37.89799,38.808735,37.063705,32.805546,31.158112,27.597834,27.918692,23.47015,22.84886,19.969624,21.758856,20.28538,22.081638,23.623676,24.483023,23.990458,24.334574,21.236887,18.586515,15.413366,13.911644,14.321615,9.3568,6.1956806,6.801304,8.21962,11.314035,12.721728,16.099323,16.7561,14.622498,19.188545,17.99179,19.241882,22.054268,22.834063
2,6.407566,5.287822,0.0,5.309492,6.953766,8.906934,12.219659,15.803542,19.561262,22.153257,26.758747,27.029465,26.635147,26.97707,23.608511,23.648365,22.228067,20.636003,22.886843,20.449135,24.336815,23.761349,27.94345,27.56932,27.408718,27.498991,24.375519,23.13254,20.846664,20.722847,19.765692,21.83535,20.567156,26.302206,23.853449,27.631683,28.957314,25.543215,26.111347,25.293459,20.104015,19.5239,17.57749,16.840534,21.104826,22.138508,24.077126,27.639158,30.756182,31.588331,30.725977,34.93702,34.09538,37.13385,34.250572,37.640656,33.182194,35.169106,37.11618,35.011208,31.658598,33.469296,30.791782,29.648136,31.164656,27.245579,30.145397,26.127304,27.613764,22.50832,19.934519,23.774038,21.526918,27.763498,26.172935,29.332201,31.502893,31.78933,34.711426,35.09418,36.294605,34.985718,30.647625,29.534393,26.121616,27.18504,22.848356,23.667555,21.205658,23.7396,23.030176,24.629112,27.125769,27.840433,27.946459,28.61496,25.491535,22.778828,19.396,17.033184,16.2895,11.441467,8.239739,7.6078367,11.560085,12.733872,15.034996,18.51674,17.957819,15.349775,18.558722,16.98684,17.113716,19.749292,19.618832
3,9.910503,6.6381907,5.309492,0.0,3.9279838,6.0878925,9.286045,13.233761,16.276022,19.465794,23.258411,23.834164,22.958246,22.788559,19.194042,18.912487,17.095026,15.478968,17.588535,15.351375,19.37674,19.02686,23.350431,23.17019,23.747486,23.866545,21.325125,20.02148,16.543373,17.043474,15.343534,18.475893,17.239424,23.06011,21.349455,25.015503,26.996468,24.021425,23.917082,22.62758,18.159685,16.774221,14.020289,13.0444975,18.073242,18.479956,21.067928,24.260866,27.399557,28.558956,27.9037,32.308655,32.114906,34.805183,31.533802,34.84446,30.43164,32.090954,34.328243,32.84539,29.338217,31.877905,28.958437,28.550983,30.009977,26.78968,29.944456,26.233032,27.504654,22.592566,19.225285,22.165218,19.735962,25.513674,24.093605,26.5818,29.055338,28.945797,31.781418,32.30341,32.98085,31.317247,26.779991,25.511852,22.329,22.820847,19.129622,19.62077,17.632729,20.453875,20.197681,22.578966,24.922876,26.508284,26.955801,28.021456,25.350468,22.890305,20.085413,17.17526,16.286118,12.675578,8.1762085,6.191248,8.49598,8.183812,10.357372,13.781746,12.803379,10.077033,13.445834,12.125679,12.720951,15.750316,16.413595
4,12.3443365,8.946945,6.953766,3.9279838,0.0,5.31333,5.8949223,11.190448,13.638032,17.055105,21.063875,22.165491,21.944502,21.623392,18.7402,17.756237,16.93989,14.550437,17.680065,15.004274,19.090265,19.669437,23.319366,22.499937,23.29676,22.700682,19.724447,17.79177,14.496052,14.060298,12.879531,15.070752,14.519059,20.09343,18.462147,22.398779,24.011488,20.914661,20.530275,19.085882,14.541369,13.073505,10.757269,10.185136,15.222603,16.302238,18.804312,22.376614,25.23071,26.055208,24.991276,29.329548,28.824251,31.39832,28.07956,31.30992,26.806221,28.58387,30.729519,29.057463,25.577976,27.981865,25.146187,24.71354,26.459354,23.205347,26.527966,22.950367,24.625479,19.70687,15.892283,18.779572,16.0326,21.905191,20.250143,22.929867,25.336903,25.430115,28.381704,29.02366,29.953587,28.380173,24.132015,22.737158,19.263277,20.243423,16.006578,17.255085,15.302424,18.456892,18.703024,20.689335,23.844995,25.191614,26.236769,27.690512,25.133913,22.729622,19.985714,16.23879,14.488498,11.792872,7.6370864,5.0170064,9.280653,7.7671947,11.5736265,15.115138,13.913083,10.678581,13.767048,10.555578,11.4424715,13.486604,14.211531
5,14.944275,12.3817005,8.906934,6.0878925,5.31333,0.0,6.0429606,7.354296,11.293724,13.782142,18.03799,18.209227,17.811716,18.195772,15.226782,15.44547,15.185404,13.994909,17.751999,16.503754,20.87874,21.623497,25.745424,25.3574,27.037943,26.483585,24.000198,21.801071,17.117043,16.500252,14.056552,15.9215355,12.387485,18.380667,15.976591,19.412725,21.499775,18.669287,19.142145,18.702349,14.029157,14.532012,11.269075,12.964892,18.862757,19.81765,22.848562,26.200502,28.849873,29.72135,28.429096,32.770725,32.28978,34.305363,30.447012,33.100574,28.17793,29.376595,30.98701,29.563566,26.131737,29.398575,27.222301,27.155985,29.832918,26.605028,30.235962,26.886301,29.129147,24.230192,19.9843,22.526224,19.047323,24.566902,21.62108,24.085867,25.750784,25.16454,27.655287,27.65919,28.436852,27.211514,22.516623,21.984243,19.259743,20.54359,17.59294,19.909441,18.846296,22.41722,23.182419,25.455225,28.631727,30.276857,31.406067,32.878498,30.356121,27.950933,25.168703,21.54477,19.710964,16.870281,12.766501,10.265278,13.53951,11.135596,13.827222,16.759705,14.310346,11.380437,12.006824,10.0835905,8.703425,11.4313965,10.965336
6,18.095087,14.832626,12.219659,9.286045,5.8949223,6.0429606,0.0,6.921393,8.080724,11.714789,15.733231,17.368929,17.92368,17.499294,15.769096,14.181196,15.161794,12.432201,17.162636,15.02724,19.141542,21.05073,24.035347,22.76384,24.641329,23.192434,20.347168,17.451242,13.133632,11.258107,9.708524,10.200117,8.873265,14.279079,12.730037,16.776707,18.353416,15.463986,14.727276,13.402833,9.008778,8.503102,5.7679067,8.265553,13.876963,15.549606,18.415466,22.032516,24.241966,24.725103,23.015253,27.234888,26.568256,28.39138,24.49325,27.133724,22.229918,23.6395,25.409822,23.887653,20.40475,23.540417,21.2178,21.363838,24.155308,21.26788,25.055264,22.082518,24.55686,19.969788,15.151476,17.082462,13.285452,18.600182,15.662402,18.160427,20.072008,19.843237,22.65795,23.15841,24.165453,22.791498,18.649532,17.522438,14.15773,15.9616785,12.110962,15.3227005,14.455738,18.299007,19.754002,21.58645,25.57219,27.061693,28.946365,30.933111,28.74755,26.569454,24.151907,19.687443,17.037027,15.899093,12.448985,9.808375,13.634926,10.226026,14.414365,17.39764,15.229976,11.91162,12.994158,7.9549904,8.176821,8.5284605,9.123486
7,22.088043,19.50986,15.803542,13.233761,11.190448,7.354296,6.921393,0.0,5.3689737,6.48911,11.375125,11.537094,12.439679,13.266589,12.193353,12.330442,14.717839,13.7491455,19.021103,18.651777,22.84006,24.872208,28.264736,27.486313,30.228882,28.87227,26.580965,23.56063,18.121485,16.246193,13.444715,13.121065,6.4975076,12.139325,8.993773,12.123645,14.4449415,12.101193,12.945878,13.615862,9.583681,12.58887,9.408345,14.048197,19.853022,21.279232,24.519403,27.791553,29.703161,30.194605,28.245033,32.295437,31.60677,32.664585,28.220575,29.935997,24.62716,25.139065,25.954636,24.797997,21.5816,25.800356,24.589514,25.169521,29.077234,26.277992,30.278307,27.650167,30.722942,26.239971,21.279247,22.8489,18.528618,22.999266,18.442015,20.48936,21.0622,19.803122,21.754616,21.171412,22.022652,21.350101,16.712465,17.145271,15.231104,17.545755,15.8830385,20.16113,20.285658,24.321161,26.169565,28.229033,32.153294,33.88179,35.791847,37.75633,35.54671,33.319286,30.774214,26.479694,23.860529,22.248583,18.634064,15.987701,19.383572,15.69296,18.700243,21.02922,17.748102,15.021663,13.120323,10.122263,6.8260493,7.0514436,4.3093486
8,25.655472,22.49117,19.561262,16.276022,13.638032,11.293724,8.080724,5.3689737,0.0,4.643254,7.6977797,9.938278,11.443268,10.993575,11.41123,9.685949,13.47418,11.734671,17.57166,17.217709,20.931421,23.894648,26.392025,25.205,28.534563,26.639153,24.669577,21.304777,15.586782,13.205599,10.395515,9.006668,1.1593053,7.153904,5.8865404,9.25183,11.984587,10.491938,9.412379,9.205574,7.3167224,9.654874,6.648154,12.235432,17.46962,18.860708,22.174799,25.118645,26.519274,26.882835,24.76301,28.62697,28.22825,28.703,23.950235,25.299204,20.038235,20.167227,21.107258,20.53698,17.276169,22.18279,20.991787,22.36634,26.342274,24.389507,28.446932,26.420193,29.423464,25.50377,20.211674,20.611454,16.231112,19.5078,14.855661,16.018553,16.62994,14.979172,16.90457,16.66703,17.170824,16.159925,11.58557,11.805535,10.081751,12.706115,11.933148,16.973389,17.958174,22.055885,24.599663,26.640232,30.786942,32.763546,35.19664,37.547302,35.7708,33.8308,31.75349,27.081394,24.186161,23.819088,20.428148,17.738953,20.498556,16.076374,19.279467,21.19538,17.933266,15.365932,13.169519,8.763837,6.637408,3.294458,2.500691
9,28.463696,25.734032,22.153257,19.465794,17.055105,13.782142,11.714789,6.48911,4.643254,0.0,6.023699,6.8708115,9.880079,10.762762,12.345642,11.966996,16.372347,15.579114,21.311438,21.53737,25.222374,28.135662,30.758049,29.684513,33.15139,31.2238,29.23881,25.780409,20.172728,17.59248,14.939176,12.743718,4.719466,7.2710648,3.545923,5.66128,8.730101,7.8252707,8.553317,10.535089,8.919196,13.344677,11.103202,16.805174,21.816793,23.404295,26.611599,29.581446,30.789392,30.972687,28.59908,32.215965,31.486462,31.590826,26.75988,27.474483,22.083088,21.771826,21.758291,21.12226,18.304707,23.432896,23.17511,24.491545,29.189175,27.073837,31.17634,29.322472,32.809193,28.907267,23.68051,24.20858,19.63841,22.61289,17.036026,18.231905,17.631485,15.550991,16.707682,15.473129,16.261814,16.218487,11.9281435,13.551649,12.930191,16.011703,15.9775505,21.387486,22.49452,26.581177,29.173025,31.041811,35.34416,37.1617,39.628986,41.950096,40.058983,38.03059,35.763535,31.103281,28.088556,27.419626,24.132946,21.485847,24.662394,20.411291,23.42408,25.263597,21.727068,19.342085,16.29849,13.038341,9.87484,7.2379436,3.6215196
10,32.83787,29.719828,26.758747,23.258411,21.063875,18.03799,15.733231,11.375125,7.6977797,6.023699,0.0,4.6652393,7.4269576,6.943317,10.682423,9.664949,15.068592,14.862357,20.239752,21.407475,24.432022,27.839869,29.918037,29.007595,33.27698,31.277256,30.126436,26.751997,20.52582,18.482393,15.33323,13.699525,7.0819464,5.964022,6.7269974,5.553115,10.112959,11.413717,10.401851,11.53342,12.813539,15.639881,13.294699,18.57345,23.171349,24.082535,27.530867,29.749273,30.554455,30.928217,28.763811,32.166534,32.16462,31.536312,26.38163,26.472073,21.494669,20.209267,20.208391,20.967613,18.408749,24.433142,24.237207,26.507383,30.942812,29.811539,33.839764,32.482365,35.60749,32.185482,26.8326,26.323702,22.052725,23.6329,18.555904,18.192877,17.522545,14.428946,14.673635,13.342404,12.578481,12.165243,7.432138,10.181511,11.576449,13.798538,16.213596,21.325356,23.40556,27.336535,30.388708,32.629547,36.611057,38.98638,41.66733,44.200497,42.718285,40.946404,39.10632,34.409588,31.51195,31.44647,27.9675,25.2389,27.297895,22.55424,24.894331,25.952461,22.219355,20.495918,16.430693,14.009107,11.364751,8.18571,7.1890397
11,33.129055,30.415035,27.029465,23.834164,22.165491,18.209227,17.368929,11.537094,9.938278,6.8708115,4.6652393,0.0,4.6559834,6.7724433,10.119246,11.326082,16.11646,16.994621,22.028269,23.730183,27.021185,29.901297,32.623993,32.144962,36.353302,34.725903,33.567356,30.352226,23.875496,22.160507,18.642538,17.629683,9.817487,10.257544,8.955362,6.9874387,11.507718,12.755292,13.446995,15.474241,15.513533,19.112255,16.322575,21.611431,26.78378,27.618631,31.20672,33.53351,34.619648,35.133503,33.058235,36.59514,36.49093,36.042118,30.928186,31.057545,26.001665,24.76239,24.467457,24.984442,22.541784,28.382374,28.377687,30.312038,34.92924,33.353394,37.43525,35.791172,39.05903,35.299294,29.992006,30.03832,25.633333,27.824648,22.50857,22.602604,21.700216,18.685703,18.689219,16.781668,16.166983,16.294989,11.833749,14.773365,16.082924,18.08226,20.245928,25.106144,26.902706,30.910368,33.681767,36.087887,39.91008,42.298958,44.6965,47.028526,45.315292,43.37583,41.274044,36.785683,34.041344,33.25464,29.54128,26.785063,28.952837,24.43581,26.367767,27.394869,23.374832,21.825268,17.104074,16.08047,12.367081,10.644725,8.259487
12,32.358437,29.586988,26.635147,22.958246,21.944502,17.811716,17.92368,12.439679,11.443268,9.880079,7.4269576,4.6559834,0.0,3.9303212,6.3676043,9.118996,13.064907,15.067858,19.325014,21.81454,24.987915,27.458235,30.548565,30.628672,35.016666,33.880066,33.215656,30.403751,23.393383,22.628359,18.452175,19.060242,11.531379,13.159701,12.567411,11.410835,16.026299,16.906464,17.199839,18.381351,18.201385,20.698164,17.15987,21.72308,27.273687,27.453955,31.33088,33.302395,34.66612,35.603775,33.996517,37.76152,38.19135,37.94046,32.811348,33.277054,28.418016,27.190353,27.494268,28.363462,25.689892,31.590025,31.011026,33.047882,37.120663,35.646835,39.693512,37.81826,40.63295,36.747345,31.466011,31.533583,27.358105,29.746696,25.140297,25.004858,24.8164,21.78872,21.974047,20.473635,19.215078,18.632551,13.704748,16.126451,17.51352,18.413774,21.079906,25.004047,26.853926,30.752956,33.322506,36.226795,39.473637,42.27969,44.378002,46.571865,44.919834,43.019276,41.02677,36.837017,34.492355,33.427578,29.334232,26.54918,27.819351,23.326939,24.39478,24.936964,20.741106,19.75053,14.294781,15.015039,11.187893,10.915787,9.572308
13,32.52491,29.359585,26.97707,22.788559,21.623392,18.195772,17.499294,13.266589,10.993575,10.762762,6.943317,6.7724433,3.9303212,0.0,5.063533,6.0346174,10.558888,12.371124,16.508839,19.15177,21.951048,24.771902,27.42537,27.456991,32.12073,30.910751,30.60948,27.886747,20.734123,20.301506,16.011497,17.142529,10.85283,12.008658,12.910376,12.177591,16.87402,17.830006,16.99768,17.235039,17.893713,19.255512,15.699678,19.800161,25.025166,24.849648,28.781414,30.3888,31.613716,32.675484,31.266607,34.98719,35.827618,35.44775,30.297611,30.80873,26.231686,24.883589,25.65261,26.978056,24.221485,30.250011,29.314682,31.700111,35.351788,34.353485,38.31556,36.61563,39.08941,35.467976,30.173347,29.738146,25.829222,27.705946,23.712404,23.016232,23.305964,20.211653,20.502224,19.541967,17.752705,16.475914,11.386463,13.334677,15.028887,15.21348,18.641153,22.154322,24.370909,28.124374,30.872309,33.922894,36.985085,40.037926,42.253452,44.573627,43.1829,41.46364,39.77552,35.542538,33.26118,32.708042,28.62666,25.842972,26.517681,21.779928,22.705446,22.931227,18.849127,18.071384,12.648471,13.153986,10.257929,9.545039,9.815475
14,28.73539,25.64489,23.608511,19.194042,18.7402,15.226782,15.769096,12.193353,11.41123,12.345642,10.682423,10.119246,6.3676043,5.063533,0.0,5.017701,6.93715,9.84247,13.308473,16.232359,19.371477,21.40991,24.860102,25.390049,29.728163,29.108967,28.870077,26.586977,19.251448,19.668846,14.974044,17.69472,11.702891,14.903608,15.130205,15.551536,20.05501,20.09628,19.492647,19.268549,18.71511,19.3257,15.114452,18.311497,24.072437,23.499804,27.583687,29.207512,30.975073,32.37966,31.374807,35.431675,36.434975,36.67427,31.730947,32.937046,28.358957,27.557478,28.886454,29.826483,26.738089,32.348698,30.799568,32.808735,35.942055,34.60318,38.50089,36.339478,38.439125,34.505142,29.396734,29.470398,25.772362,28.47958,25.090265,24.885359,25.897573,23.27151,24.173254,23.574873,22.10289,20.48511,15.183604,16.133902,16.742485,16.354193,18.815266,21.342842,23.033886,26.702864,28.93816,32.32739,34.90065,38.09499,39.857212,41.907955,40.382347,38.589294,36.83355,32.98342,31.131775,30.020144,25.647436,22.91307,22.99636,18.550735,18.784348,18.900974,14.668193,14.161946,8.290371,10.74602,7.6785874,9.316048,10.067555
15,28.770857,25.195068,23.648365,18.912487,17.756237,15.44547,14.181196,12.330442,9.685949,11.966996,9.664949,11.326082,9.118996,6.0346174,5.017701,0.0,5.548408,6.370813,10.8725395,13.14535,16.01467,18.949926,21.559942,21.545536,26.113546,25.04008,24.886164,22.4371,15.087464,15.440435,10.799379,13.702637,9.632808,12.189133,13.840953,14.846094,19.07728,19.10055,17.3034,16.046316,16.440657,15.834882,11.891976,14.765365,19.985535,19.315512,23.370672,24.81195,26.319908,27.663052,26.658794,30.63086,31.854982,31.95921,27.025644,28.305277,23.95976,23.198406,24.987135,26.164238,23.009192,28.583326,26.721792,29.038895,31.825089,30.984144,34.786484,32.914078,34.78985,31.228052,26.087692,25.540022,22.082539,24.169226,21.354116,20.667856,22.1655,19.675297,20.860079,20.91499,19.30725,17.086073,11.8969345,11.89878,12.329622,11.408302,14.341192,16.79973,18.921831,22.542282,25.147455,28.450315,31.180767,34.43384,36.538197,38.847076,37.600643,36.005913,34.56757,30.452,28.432007,28.179483,24.074183,21.3634,21.26419,16.41435,17.216633,17.366755,13.511061,12.706875,7.9482036,7.9425993,6.766026,6.7685676,9.4709215
16,26.468,22.853333,22.228067,17.095026,16.93989,15.185404,15.161794,14.717839,13.47418,16.372347,15.068592,16.11646,13.064907,10.558888,6.93715,5.548408,0.0,4.6105924,6.375516,9.790187,12.630563,14.542746,18.01851,18.8763,23.244503,23.055927,23.425976,21.7891,14.396678,16.334797,11.570491,16.51147,13.723996,17.262749,18.54911,20.045267,24.157064,23.674183,21.997515,20.296177,19.905796,18.17435,13.939314,14.891981,20.188112,18.638607,22.800436,23.836927,25.906713,27.787268,27.496704,31.696203,33.38674,34.04459,29.464165,31.377115,27.380932,27.028257,29.39189,30.462145,27.140999,32.235596,29.72109,31.77576,33.728012,32.81757,36.407967,34.17307,35.377365,31.6945,26.930124,26.68429,23.794664,26.370497,24.622358,24.141104,26.372627,24.296274,25.823807,26.19653,24.590694,22.076622,17.097614,16.375977,16.104645,14.178349,16.284487,16.798256,18.413868,21.598852,23.554476,27.410358,29.215721,32.860237,34.40589,36.419514,35.214138,33.67917,32.401398,28.863014,27.526632,26.876926,22.501137,19.976137,18.436441,14.01777,13.3031225,12.712067,8.728851,9.0071,3.9200184,7.7616735,7.9940925,10.354502,13.238679
17,24.963703,21.008263,20.636003,15.478968,14.550437,13.994909,12.432201,13.7491455,11.734671,15.579114,14.862357,16.994621,15.067858,12.371124,9.84247,6.370813,4.6105924,0.0,5.8833637,6.829854,10.161803,13.011222,15.813739,15.796858,20.002422,19.272715,19.23412,17.318693,9.884884,11.771431,7.0802026,12.609941,11.870823,15.395884,17.105032,19.336088,22.908888,22.05745,19.759449,17.316643,17.051723,14.230274,10.287372,10.519199,15.600028,14.161522,18.322945,19.601345,21.655031,23.392357,22.996338,27.257181,28.859007,29.701414,25.260609,27.499493,23.579128,23.635069,26.357512,27.169888,23.751604,28.44468,25.597073,27.593063,29.241762,28.459574,31.96803,29.814888,30.900152,27.379827,22.632208,22.160034,19.461872,21.978054,20.757647,20.346165,23.060736,21.45258,23.448177,24.33066,23.098318,20.366129,15.717041,14.074971,12.822246,10.819874,11.954571,12.297964,13.889561,17.21995,19.403923,23.076225,25.270277,28.749403,30.590534,32.809044,31.67934,30.208023,29.045147,25.196243,23.63302,23.618406,19.542618,17.05119,15.756993,10.943258,11.437746,11.566866,8.30232,7.395198,5.4895716,4.479008,7.1976023,8.525924,12.340994
18,25.99616,22.05361,22.886843,17.588535,17.680065,17.751999,17.162636,19.021103,17.57166,21.311438,20.239752,22.028269,19.325014,16.508839,13.308473,10.8725395,6.375516,5.8833637,0.0,5.029603,6.647684,8.382201,11.748424,13.114179,17.486818,17.889334,19.112816,18.400204,11.679959,15.292096,11.414008,17.654907,17.746962,21.06528,22.96768,25.019253,28.729156,27.937506,25.57371,22.880701,22.703192,19.166088,15.559462,14.039453,18.06586,15.398846,19.362686,19.559486,21.911413,24.29815,24.849665,29.03073,31.413256,32.46299,28.43134,30.95042,27.711021,27.783134,30.945936,32.095776,28.735853,33.155807,29.865524,31.89551,32.62366,32.20384,35.36675,33.158184,33.409126,30.14223,25.9466,25.334082,23.465849,25.692411,25.628168,24.89963,28.068605,26.563587,28.50109,29.60565,27.97046,24.92579,20.595112,18.710308,17.754555,14.693908,16.114597,14.144463,15.528819,17.81641,19.338675,23.629366,24.439068,28.565437,29.858227,31.821487,31.037937,29.853106,29.183105,26.091833,25.37008,25.327291,21.253454,19.17461,15.879708,12.050618,10.1060505,8.321136,5.971417,7.5764904,7.244295,9.595266,12.328075,14.376925,18.010008
19,23.286135,19.089748,20.449135,15.351375,15.004274,16.503754,15.02724,18.651777,17.217709,21.53737,21.407475,23.730183,21.81454,19.15177,16.232359,13.14535,9.790187,6.829854,5.029603,0.0,4.3931675,6.77218,9.7064495,9.964143,13.592432,13.697715,14.316493,13.69257,7.5355635,11.745945,8.928754,15.430759,17.407495,20.93936,22.747465,25.50663,28.611647,27.292295,24.66709,21.465244,20.925,16.38713,13.415247,10.274416,13.6687975,10.837972,14.693064,15.237426,17.9673,20.307243,20.944221,25.262985,27.474411,29.052494,25.4243,28.50606,25.408909,26.132566,29.610647,30.240368,26.808945,30.475344,26.758352,28.422134,28.5909,28.098906,31.05664,28.74099,28.671572,25.478622,21.581404,21.05688,19.677816,22.1927,22.938635,22.616703,26.28075,25.448942,27.897152,29.40846,28.327417,25.26017,21.281267,18.73612,16.669212,13.905781,13.413863,10.387778,10.96691,13.118626,14.414863,18.685902,19.672457,23.635798,25.021519,27.086716,26.280682,25.113377,24.5353,21.308722,20.611479,21.045052,17.33088,15.488443,11.990668,8.236078,7.2908287,6.680841,6.1565804,6.1935368,9.327979,8.676237,12.734239,14.359548,18.188318
20,26.587893,22.40704,24.336815,19.37674,19.090265,20.87874,19.141542,22.84006,20.931421,25.222374,24.432022,27.021185,24.987915,21.951048,19.371477,16.01467,12.630563,10.161803,6.647684,4.3931675,0.0,4.8724546,5.653842,6.493066,11.041189,11.56719,13.681354,13.916975,9.098806,13.818576,11.852553,18.05541,20.972967,23.7605,26.188766,28.736639,31.845839,30.786411,27.740908,24.185837,24.37738,19.3222,16.907972,13.307657,15.047613,11.387159,14.718886,13.927351,16.439629,19.212065,20.572,24.572554,27.5347,28.95635,25.66262,28.755575,26.402632,27.005903,30.834723,31.911556,28.653137,32.15162,28.202011,30.156855,29.614271,29.824566,32.448574,30.471682,29.788235,27.208717,23.724253,22.523182,21.86142,23.412527,25.116037,24.1782,28.13379,27.354023,29.689089,31.515223,30.08278,26.718472,23.261139,20.385817,18.680534,15.128117,15.376532,10.940419,11.967615,12.928385,14.150093,18.62069,18.637121,23.13336,24.493942,26.625494,26.40839,25.68913,25.769135,22.917261,22.587189,23.695122,20.427937,18.934677,14.713277,11.828705,10.228795,8.463023,9.296886,10.288916,12.996944,12.742264,16.789043,17.984558,22.022211
21,24.9735,21.080656,23.761349,19.02686,19.669437,21.623497,21.05073,24.872208,23.894648,28.135662,27.839869,29.901297,27.458235,24.771902,21.40991,18.949926,14.542746,13.011222,8.382201,6.77218,4.8724546,0.0,5.6950393,8.45559,11.016179,13.183472,15.3569975,16.504274,12.686584,17.451572,15.49161,21.885767,24.130024,27.627064,29.488165,32.160976,35.367035,34.034286,31.418829,28.095716,27.525333,22.673779,20.011995,16.097466,18.063784,14.444001,17.317963,16.537348,19.511883,22.427595,24.130285,28.127422,31.012115,32.894207,29.910324,33.25373,30.867775,31.673374,35.47195,36.289093,32.946472,36.214302,32.14386,33.692333,32.872234,32.687668,35.14795,32.79078,31.754189,28.963156,25.952026,25.42694,24.975607,27.20872,28.97603,28.493862,32.460617,31.772493,34.19014,35.867054,34.538292,31.274424,27.515848,24.868683,23.035004,19.762764,19.452454,14.947399,14.969627,15.43049,15.42062,20.022758,18.950338,23.503666,23.973995,25.553066,25.232103,24.510992,24.644783,22.65948,23.11417,23.477516,20.153484,19.02427,13.659573,12.166429,8.761144,5.8604274,8.503081,10.426387,14.029418,15.210128,18.897469,21.007689,24.706148
22,29.164253,25.136963,27.94345,23.350431,23.319366,25.745424,24.035347,28.264736,26.392025,30.758049,29.918037,32.623993,30.548565,27.42537,24.860102,21.559942,18.01851,15.813739,11.748424,9.7064495,5.653842,5.6950393,0.0,4.1215215,7.6801786,9.679602,13.38309,15.103868,12.88917,17.678396,16.791903,22.605268,26.406311,28.932571,31.559515,34.167492,37.118694,36.014835,32.750698,28.907478,29.26668,23.700237,21.871832,17.51875,17.626137,13.523915,15.622886,13.447451,15.879953,19.056295,21.399586,24.903313,28.493113,30.137291,27.62082,30.957417,29.460022,30.25367,34.413097,35.594376,32.50519,35.402992,31.112074,32.985153,31.400274,32.116714,34.188454,32.393894,30.801811,28.872068,26.226862,24.739897,25.063183,26.05016,28.912043,27.78385,32.067944,31.616234,34.00212,36.143433,34.642147,31.120752,28.161594,25.010185,23.282331,19.505892,19.500118,13.91935,14.438327,13.725177,14.007649,18.40642,16.744034,21.676514,22.592932,24.544655,25.009447,24.856236,25.745337,23.706652,24.101124,25.714968,23.091825,22.173246,17.116016,15.621913,13.487527,11.301304,13.64696,15.010714,18.316828,18.231009,22.369743,23.526434,27.586592
23,29.120342,24.956882,27.56932,23.17019,22.499937,25.3574,22.76384,27.486313,25.205,29.684513,29.007595,32.144962,30.628672,27.456991,25.390049,21.545536,18.8763,15.796858,13.114179,9.964143,6.493066,8.45559,4.1215215,0.0,5.7479424,6.030072,9.891285,11.4952545,10.447628,14.932066,15.025504,20.189074,25.11875,27.23551,30.056948,32.848457,35.40061,34.222187,30.66543,26.544617,27.184114,21.212479,20.071697,15.398294,14.345521,10.19776,11.888378,9.404761,11.773491,14.936912,17.323288,20.796627,24.410675,26.108519,23.79754,27.301544,26.051466,27.100569,31.395054,32.427628,29.436998,31.926525,27.510038,29.382128,27.512009,28.519583,30.458761,28.90845,27.237152,25.642796,23.095137,21.175573,21.864885,22.392805,25.79905,24.610838,29.074982,28.970474,31.518852,33.923363,32.67661,29.166668,26.641203,23.159172,21.056992,17.465631,16.809958,10.752347,11.262779,10.059836,10.835553,15.012616,13.955641,18.790169,20.362896,22.7441,23.32564,23.248133,24.236193,21.724209,21.741337,24.129877,21.943996,21.081858,16.745102,15.04471,14.263506,13.063851,15.123692,15.622845,19.192116,17.64274,22.09241,22.580442,26.716215
24,27.858189,23.984446,27.408718,23.747486,23.29676,27.037943,24.641329,30.228882,28.534563,33.15139,33.27698,36.353302,35.016666,32.12073,29.728163,26.113546,23.244503,20.002422,17.486818,13.592432,11.041189,11.016179,7.6801786,5.7479424,0.0,4.3655934,7.9474773,11.317203,13.256198,17.302,18.377466,23.114563,28.561453,31.103003,33.461903,36.67652,38.84902,37.197807,33.810062,29.636545,29.598608,23.378195,22.766506,17.314054,15.16492,11.445737,11.484695,8.976659,11.919852,14.916497,17.825129,21.003687,24.345257,26.90872,25.535198,29.57114,28.625519,30.301046,34.663223,35.094833,32.143314,33.667786,28.943655,30.112337,27.306831,28.114573,29.468845,27.707668,25.169794,23.90236,22.482512,21.060577,22.673601,23.639614,27.831161,27.279514,31.935743,32.41806,35.284767,37.82048,37.035637,33.665764,31.222612,27.635752,24.923916,21.920471,19.820002,13.591242,12.454203,9.824559,8.43948,12.2027235,9.286584,14.301676,15.203456,17.363934,18.297615,18.612558,20.22438,18.577261,19.43563,22.10807,20.803251,20.682392,16.0048,15.997399,15.339086,14.739755,17.839008,18.054304,22.78719,20.961008,25.490166,26.22932,30.12403
25,28.695063,24.660742,27.498991,23.866545,22.700682,26.483585,23.192434,28.87227,26.639153,31.2238,31.277256,34.725903,33.880066,30.910751,29.108967,25.04008,23.055927,19.272715,17.889334,13.697715,11.56719,13.183472,9.679602,6.030072,4.3655934,0.0,4.9686584,7.8883047,11.060605,14.424143,16.331676,20.216135,26.533598,28.487387,31.116587,34.338196,36.184353,34.616043,30.931358,26.563189,27.0044,20.565805,20.602003,15.258836,11.963169,8.406862,7.837232,4.6626034,7.625818,10.620898,13.48865,16.710659,20.119772,22.557116,21.222225,25.29654,24.557222,26.35384,30.768385,31.173033,28.357012,29.650352,24.902273,26.236507,23.345783,24.566118,25.92621,24.534607,22.164656,21.237669,19.624987,17.514496,19.357176,19.634674,24.225866,23.473936,28.197716,28.903387,31.81312,34.54257,33.913498,30.588472,28.603157,24.822487,21.957418,19.169186,16.749063,10.465537,9.544092,6.350261,6.252012,9.626453,8.4731245,13.137479,15.285791,18.077038,18.976198,19.21357,20.650646,18.11375,18.1621,21.645077,20.583647,20.278519,16.721567,15.9423685,16.53557,16.514154,18.87639,18.491947,22.87431,19.920908,24.540133,24.549473,28.478712
26,25.722727,21.781448,24.375519,21.325125,19.724447,24.000198,20.347168,26.580965,24.669577,29.23881,30.126436,33.567356,33.215656,30.60948,28.870077,24.886164,23.425976,19.23412,19.112816,14.316493,13.681354,15.3569975,13.38309,9.891285,7.9474773,4.9686584,0.0,4.1065245,9.88303,12.059721,14.943818,17.924984,24.626316,26.84345,28.94187,32.528137,33.898537,31.917849,28.450602,24.175377,23.988266,17.544188,18.204485,12.62446,8.411231,6.0694556,4.0226145,4.1795573,7.7172194,9.567922,11.47106,15.128753,17.403824,20.548782,19.350027,23.786871,22.58592,24.942833,29.142458,28.793324,25.917627,26.61033,21.785175,22.485193,19.57815,20.181168,21.565882,19.831278,17.569502,16.318127,14.889013,13.237556,15.386801,16.489578,21.125822,21.194965,25.878315,27.048502,30.26051,32.94205,32.920338,29.915524,27.900036,24.180094,20.648764,18.839418,14.831971,9.38111,6.818132,3.0476286,1.7816677,5.1617513,6.6766477,10.210733,12.981101,16.025484,16.283472,16.122257,17.10701,13.891185,13.475512,17.46118,16.951199,16.863144,14.4766245,14.032441,15.96731,17.063023,19.150015,17.92408,22.701977,18.743418,23.250881,23.07206,26.638493
27,25.433062,21.393223,23.13254,20.02148,17.79177,21.801071,17.451242,23.56063,21.304777,25.780409,26.751997,30.352226,30.403751,27.886747,26.586977,22.4371,21.7891,17.318693,18.400204,13.69257,13.916975,16.504274,15.103868,11.4952545,11.317203,7.8883047,4.1065245,0.0,7.4728403,8.356659,11.954401,14.054138,21.183569,23.108192,25.228376,28.833231,29.996391,28.043173,24.475067,20.165693,20.161537,13.6541195,14.765204,9.54715,4.426826,3.2036264,1.1260322,5.0709305,7.6728077,8.684382,9.186061,13.440759,15.111334,18.0161,16.177567,20.565145,18.845701,21.278534,25.34144,24.834343,21.888983,22.765461,18.016293,18.879982,16.70536,17.162374,19.090675,17.420334,16.120632,14.465029,11.995106,9.88695,11.532445,12.70694,17.039255,17.208836,21.849417,23.074823,26.355574,29.012959,29.194761,26.34173,24.429432,20.73749,16.973349,15.69665,11.054279,6.440382,3.5745294,1.5576445,4.68065,6.383377,10.291935,12.729713,15.965162,19.065361,18.847824,18.266262,18.541573,14.402354,12.8363905,16.898067,16.134539,15.590915,14.530466,13.038932,16.003359,17.53334,18.746223,16.997128,21.195587,16.353909,20.708986,19.961697,23.420103
28,24.274908,19.967478,20.846664,16.543373,14.496052,17.117043,13.133632,18.121485,15.586782,20.172728,20.52582,23.875496,23.393383,20.734123,19.251448,15.087464,14.396678,9.884884,11.679959,7.5355635,9.098806,12.686584,12.88917,10.447628,13.256198,11.060605,9.88303,7.4728403,0.0,4.8677387,5.297686,10.120489,15.494881,17.9782,20.23898,23.50471,25.599533,24.04636,20.670174,16.686895,16.763746,10.850301,9.800432,5.3048034,6.4800606,4.2938333,8.448373,10.205203,12.471928,14.042604,13.903116,18.353119,20.094208,21.782658,18.282005,21.72586,18.741358,20.122377,23.85664,24.018368,20.662027,23.557798,19.528631,21.180536,21.113882,20.979094,23.898417,21.987324,22.093853,19.338737,15.241489,13.847805,12.784063,14.754304,16.392452,16.137438,20.296038,20.287397,23.221762,25.326975,24.912611,21.917635,18.932396,15.593763,12.305018,10.345391,7.221557,3.4102516,4.1255565,7.470713,10.260782,13.518447,16.370275,19.553793,22.064798,24.757988,24.063313,22.986002,22.489859,18.25913,16.52324,18.616121,15.977988,14.289168,12.968769,9.1960945,11.846551,13.032851,12.847939,11.096012,14.166103,9.485412,14.002686,13.539515,17.439848
29,24.914827,20.812319,20.722847,17.043474,14.060298,16.500252,11.258107,16.246193,13.205599,17.59248,18.482393,22.160507,22.628359,20.301506,19.668846,15.440435,16.334797,11.771431,15.292096,11.745945,13.818576,17.451572,17.678396,14.932066,17.302,14.424143,12.059721,8.356659,4.8677387,0.0,4.827756,5.947071,12.962225,14.846759,16.990242,20.50258,21.922565,20.204418,16.618227,12.453667,12.698974,6.372266,6.9271817,4.0118923,4.8076725,6.1714525,9.121353,12.099136,13.531392,13.994023,12.490257,16.848587,17.509777,19.018389,15.168608,18.477524,14.837832,16.570768,19.996979,19.593697,16.176088,18.946815,15.111036,16.715967,17.543459,17.123407,20.426321,18.699049,19.749805,16.90509,12.156609,10.5486965,8.474819,10.711977,11.57153,11.820661,15.882985,16.273972,19.486109,21.647327,21.86273,19.251831,16.684074,13.38014,9.282489,9.130126,3.3442247,4.752576,5.294513,9.177655,12.347804,14.199749,18.450441,20.638494,23.65542,26.501484,25.562092,24.307442,23.42577,18.59946,15.924588,18.335817,16.161524,14.353672,15.135669,11.342808,15.226691,17.067589,16.267149,13.852825,16.09562,10.010325,13.755509,12.028587,15.4457035
30,24.339727,20.209658,19.765692,15.343534,12.879531,14.056552,9.708524,13.444715,10.395515,14.939176,15.33323,18.642538,18.452175,16.011497,14.974044,10.799379,11.570491,7.0802026,11.414008,8.928754,11.852553,15.49161,16.791903,15.025504,18.377466,16.331676,14.943818,11.954401,5.297686,4.827756,0.0,6.517117,10.264778,13.088157,15.147548,18.330206,20.689404,19.285315,16.143442,12.632018,12.614405,7.914728,5.391577,4.6568327,9.190362,9.04022,12.884988,15.146947,16.881203,17.921017,16.828157,21.142519,22.143648,23.232456,18.94526,21.629187,17.614967,18.481916,21.524399,21.652296,18.136927,22.056414,18.831064,20.661022,22.175785,21.470621,24.968582,23.027695,24.291885,21.023087,16.117783,15.215749,12.510428,15.009288,14.316498,14.279594,17.617516,16.960402,19.708866,21.287018,20.940992,18.254385,14.589291,11.827862,8.56767,7.7212644,5.271106,7.0129533,8.415693,12.34559,15.161432,17.92514,21.376307,24.134743,26.667898,29.26434,28.162643,26.738182,25.617067,21.078543,18.771513,19.969704,16.782099,14.469491,14.68801,9.958211,13.072681,14.53981,12.75378,10.473223,11.5376835,5.599628,9.5142565,8.305138,12.260212
31,27.062475,23.291174,21.83535,18.475893,15.070752,15.9215355,10.200117,13.121065,9.006668,12.743718,13.699525,17.629683,19.060242,17.142529,17.69472,13.702637,16.51147,12.609941,17.654907,15.430759,18.05541,21.885767,22.605268,20.189074,23.114563,20.216135,17.924984,14.054138,10.120489,5.947071,6.517117,0.0,8.437983,9.2528105,11.478269,14.9129925,16.048538,14.577497,10.727157,6.6016464,7.8237433,3.4480648,4.7046843,7.6440134,10.025865,12.089524,14.681952,17.633837,18.406,18.294127,15.868275,19.630632,19.382387,19.923876,15.3077965,17.398535,12.548494,13.66873,16.081213,15.49269,11.912426,15.982178,13.428325,15.401747,18.32336,17.503271,21.333937,19.942953,22.346746,19.361036,14.095224,12.803416,8.973834,10.905609,8.154625,8.638294,11.447645,11.256944,14.418787,16.145836,16.786215,14.740537,12.114629,9.514952,5.114099,7.909525,3.7406564,9.954287,11.225309,14.99558,18.193026,19.553236,24.218716,25.988863,29.124817,31.938845,30.745115,29.269878,27.925291,22.88262,19.684649,21.436214,19.107002,16.921904,19.12583,14.8999815,18.921408,20.84718,18.953022,16.331648,16.661469,10.271306,12.228716,8.863605,11.486231
32,26.629622,23.399412,20.567156,17.239424,14.519059,12.387485,8.873265,6.4975076,1.1593053,4.719466,7.0819464,9.817487,11.531379,10.85283,11.702891,9.632808,13.723996,11.870823,17.746962,17.407495,20.972967,24.130024,26.406311,25.11875,28.561453,26.533598,24.626316,21.183569,15.494881,12.962225,10.264778,8.437983,0.0,6.0379505,5.390241,8.686264,11.432376,10.193998,8.669414,8.308881,7.147314,9.404871,6.690742,12.350242,17.325966,18.73772,22.020884,24.887506,26.139326,26.443117,24.256762,28.041208,27.672321,27.981485,23.159834,24.371601,19.11423,19.124199,20.032187,19.593397,16.354088,21.428808,20.312214,21.866434,25.901041,24.137827,28.195496,26.327862,29.346539,25.57283,20.245766,20.383379,16.005539,18.938747,14.208865,15.142361,15.676034,13.90649,15.7933235,15.607662,16.058313,15.014165,10.500178,10.727383,9.112891,11.912537,11.42102,16.67284,17.860321,21.939116,24.633745,26.626629,30.834913,32.831673,35.381973,37.81055,36.121494,34.241177,32.25243,27.513422,24.555367,24.4345,21.132017,18.463778,21.13782,16.635632,19.859695,21.686058,18.454899,15.949102,13.711733,9.160803,7.362729,3.435943,3.2784245
33,32.33525,29.009895,26.302206,23.06011,20.09343,18.380667,14.279079,12.139325,7.153904,7.2710648,5.964022,10.257544,13.159701,12.008658,14.903608,12.189133,17.262749,15.395884,21.06528,20.93936,23.7605,27.627064,28.932571,27.23551,31.103003,28.487387,26.84345,23.108192,17.9782,14.846759,13.088157,9.2528105,6.0379505,0.0,5.180491,6.3900795,8.595718,9.244395,5.8551855,5.746816,8.860256,11.285883,10.514846,15.78805,19.246569,20.828627,23.744137,26.21739,26.63739,26.523228,23.926626,27.07216,26.651798,25.939482,20.859358,20.960142,15.78331,14.866572,14.996225,15.299685,12.531946,18.510067,18.319721,20.704533,25.260048,24.380772,28.350769,27.358728,30.610065,27.594095,22.306786,21.336922,17.112383,18.086628,12.765304,12.382822,11.6697645,8.909652,10.062462,9.724242,10.068842,9.396853,5.84901,7.0861893,7.1836023,10.931386,12.148724,18.076511,20.087591,23.896917,27.182587,28.790075,33.294235,35.234768,38.301098,41.040123,39.696735,38.054043,36.378002,31.399096,28.1539,28.940231,26.093985,23.558043,26.10831,21.47255,24.712616,26.184116,23.06562,20.86149,18.338478,13.84322,12.747073,8.314978,8.454205
34,30.15889,27.326473,23.853449,21.349455,18.462147,15.976591,12.730037,8.993773,5.8865404,3.545923,6.7269974,8.955362,12.567411,12.910376,15.130205,13.840953,18.54911,17.105032,22.96768,22.747465,26.188766,29.488165,31.559515,30.056948,33.461903,31.116587,28.94187,25.228376,20.23898,16.990242,15.147548,11.478269,5.390241,5.180491,0.0,4.3558216,6.0986495,5.2776446,5.0481815,7.6858253,7.164954,12.147719,11.079905,16.88084,21.084362,23.07518,25.950136,28.983898,29.826714,29.669518,26.974245,30.296242,29.269526,29.095186,24.294912,24.698256,19.265882,18.939713,18.580042,17.729458,15.05935,20.217684,20.365747,21.79838,26.832016,24.929098,29.011522,27.532259,31.250057,27.68503,22.477509,22.625904,18.029482,20.399185,14.37347,15.540226,14.406573,12.415847,13.61305,12.432163,13.8262825,14.096699,10.644817,12.17971,11.437387,15.243656,14.973028,20.923983,22.15175,26.145895,28.977657,30.437708,35.093353,36.664474,39.44248,41.93466,40.167164,38.237267,36.088722,31.209429,27.915165,27.84753,24.990883,22.459068,25.915365,21.657862,25.111624,27.04713,23.770676,21.249208,18.730537,14.543929,12.269906,8.681202,6.305119
