,0,1,2,3,4,5,6,7,8,9,10,11,12,13,14,15,16,17,18,19,20,21,22,23,24,25,26,27,28,29,30,31,32,33,34,35,36,37,38,39,40,41,42,43,44,45,46,47,48,49,50,51,52,53,54,55,56,57,58,59,60,61,62,63,64,65,66,67,68,69,70,71,72,73,74,75,76,77,78,79,80,81,82,83,84,85,86,87,88,89,90,91,92,93,94,95,96,97,98,99,100,101,102,103,104,105,106,107,108
0,0.0,4.213828,6.064952,9.411412,11.915589,13.658099,17.045027,20.15715,23.238811,25.628775,29.208364,31.036049,33.471268,30.942726,32.528923,28.471601,27.209486,26.469534,23.891825,27.096136,26.968462,29.403147,33.441288,35.894592,35.21488,34.865303,34.23111,36.17682,34.47243,38.66337,32.9209,39.42864,35.467052,37.305367,34.504326,31.103565,29.781628,31.416925,28.69477,26.15526,25.663328,26.80567,24.579782,20.739697,22.640108,23.32137,17.583698,16.617064,19.092566,20.64735,24.870665,21.330273,24.55635,27.106785,27.940666,30.30945,28.234148,32.36,33.82444,30.26147,31.66761,36.01763,39.070427,40.149532,35.548023,34.472454,39.714108,39.48474,34.79248,37.732197,40.492283,38.703354,34.607735,38.236416,34.19288,37.203705,33.934483,29.97451,29.742538,25.27541,22.831253,20.485338,18.336868,21.326511,23.897243,25.829271,28.357914,33.748856,35.305748,39.190166,40.806168,43.875248,46.802742,46.386086,43.44209,42.35434,38.6253,35.95177,32.915497,29.846468,25.43814,22.262394,22.368532,25.31036,24.023527,28.431232,29.816635,31.84936,34.958866
1,4.213828,0.0,5.2152123,6.2652493,8.97857,12.041897,14.145483,18.230637,20.752695,23.524092,27.026304,28.817936,30.887869,28.21346,29.157522,25.162476,23.568005,22.73239,19.863148,23.003832,22.76246,25.194426,29.26592,31.691044,31.061764,30.796312,30.283909,32.367477,30.874788,35.154198,29.746016,36.462124,32.900642,34.963535,31.871523,28.271217,27.413296,29.277458,26.103077,23.393461,23.6604,24.584068,21.823334,18.359045,20.965843,21.070877,14.763786,14.828162,17.774809,19.671701,23.329405,19.402107,23.481125,25.893612,26.163313,27.999348,25.66004,29.643358,31.64539,28.347813,28.959358,33.547817,36.41621,37.874435,33.399723,31.95072,36.99633,36.60356,31.784845,34.69037,37.259495,35.35273,31.205217,34.726368,30.919567,33.863857,30.51839,26.782845,26.434376,22.287275,19.642565,17.618155,14.880095,17.754196,20.43113,22.12426,24.753635,30.02148,31.499014,35.396896,36.877712,40.00489,43.003838,42.480736,39.49872,38.36972,34.80714,31.901247,29.062622,25.792194,21.362152,18.18674,18.175648,21.16723,20.067625,24.537651,26.084251,28.317135,31.533371
2,6.064952,5.2152123,0.0,5.447354,6.5648828,8.0968685,11.467771,14.21402,17.554777,19.650959,23.360168,25.033955,27.556988,25.03194,27.071552,23.16051,22.193243,21.979198,19.819168,23.67239,24.26896,26.779167,31.335457,32.877842,31.630547,30.765356,30.070967,31.511993,29.70356,33.59965,27.788986,34.210815,29.836302,31.990004,29.545212,25.963907,24.463993,26.662897,24.205933,21.326586,20.906069,23.13335,20.714165,16.445734,18.989521,20.844328,14.82923,13.564161,17.265009,18.024326,22.268223,20.032291,23.44192,25.180689,26.357637,28.490685,25.648624,29.835386,31.672598,27.474796,28.155123,32.766243,35.479794,36.746838,31.87981,30.395224,35.581165,34.973648,30.51579,34.153355,36.444862,34.28785,30.68707,34.862026,30.954674,34.52452,31.522724,27.517857,28.171368,23.682198,21.739986,20.455221,17.214375,19.256788,20.864258,23.618986,24.90398,30.729385,31.749176,35.695393,37.146008,40.05396,43.156292,43.17029,40.408485,39.770103,36.177975,33.15756,30.784042,26.912888,23.139896,20.269707,19.43459,21.947111,19.75319,23.965128,24.879482,26.620083,29.528263
3,9.411412,6.2652493,5.447354,0.0,3.7762463,6.8872266,8.278485,12.698381,14.649167,17.828312,21.06266,23.07959,24.974068,22.48942,23.515684,19.186184,18.08405,17.164318,15.410512,18.586212,19.46992,22.295074,26.816467,28.039911,26.816664,26.220558,25.157005,26.928751,25.076033,29.273064,23.59137,30.23504,26.695126,28.73735,25.653603,22.018087,21.193794,23.22274,20.04402,17.188656,17.684044,19.043573,16.07773,12.439205,15.679656,16.451464,9.920765,10.04762,14.056153,15.445662,18.757362,15.958916,20.267517,21.909414,22.333977,23.904749,20.894796,24.92986,27.229471,23.474257,23.464355,28.240753,30.872034,32.47296,27.854477,26.110998,31.123722,30.552202,25.850397,29.196692,31.52376,29.470587,25.599577,29.56941,25.741997,29.194094,26.141376,22.253847,22.889458,18.59201,16.668777,15.905467,12.182725,13.8889065,15.490735,18.19778,19.570751,25.313187,26.449833,30.38361,31.92846,34.87669,37.901768,37.823174,35.045208,34.406364,30.740898,27.858269,25.387098,21.63163,17.940468,15.182384,14.649322,17.025986,15.72858,19.365845,20.998695,22.691313,26.040867
4,11.915589,8.97857,6.5648828,3.7762463,0.0,5.492578,5.259963,9.79673,12.093951,14.768505,18.314976,19.940058,21.927647,19.24689,20.647423,16.745626,15.631144,15.585218,13.682572,17.801264,18.992647,21.5865,26.434929,27.160868,25.549858,24.450003,23.70391,24.980906,23.27768,27.138811,21.630884,28.276726,24.262178,26.833477,24.16867,20.238882,19.315939,22.106644,19.209944,15.915411,16.688395,19.190931,16.013508,12.169533,16.038286,17.775862,11.422071,11.455731,16.057835,16.715187,19.909386,18.178524,22.390947,23.438751,24.08821,25.392294,21.87287,25.797098,28.417591,24.300447,23.543043,28.506775,30.764818,32.573143,27.800179,25.637053,30.489231,29.48454,25.03244,29.009392,30.791805,28.30614,24.963472,29.331219,25.811638,29.616709,26.777243,23.077211,24.224617,20.242178,18.620073,18.535915,14.297491,15.173636,15.948639,19.020147,19.371456,25.281778,25.849829,29.813118,31.044296,33.888485,37.135464,37.317177,34.660828,34.29688,30.962317,27.588202,25.878462,21.356659,18.233868,15.819098,14.163976,16.176538,13.624371,17.50039,18.401518,20.090525,23.11808
5,13.658099,12.041897,8.0968685,6.8872266,5.492578,0.0,6.1013293,6.91664,10.027616,12.382339,15.665538,17.846474,20.403618,18.433563,21.229342,16.850971,17.203556,17.024942,17.112904,20.670486,22.83767,25.715624,30.593176,30.472687,28.414207,27.060268,25.450104,26.221706,23.711866,27.255028,20.833834,26.7842,22.104902,24.014717,21.910185,18.521704,16.552315,18.890089,17.015463,14.120608,13.180524,16.67429,14.615559,9.7935705,12.604543,16.318945,11.426511,9.1394005,13.796296,13.150811,17.045599,17.214865,20.113813,20.583105,22.370346,24.348747,20.791801,24.947824,26.799898,21.792898,22.024878,26.603413,28.985794,30.183126,25.058651,23.39001,28.569017,27.789177,23.763256,28.076384,30.048094,27.796034,24.834558,29.649704,25.691656,29.94888,27.563076,23.390804,25.503561,20.908298,20.233824,20.415676,16.729103,17.133518,16.899117,21.023962,20.261778,26.53924,27.052998,30.881882,32.482933,34.99218,38.000153,38.74429,36.378063,36.485447,32.74688,30.049608,28.152754,23.986849,21.51922,19.4498,18.168545,19.541918,17.152872,19.616272,20.44575,20.985281,23.908543
6,17.045027,14.145483,11.467771,8.278485,5.259963,6.1013293,0.0,6.078702,7.1048045,10.130653,13.39613,15.0683565,16.780977,14.210996,15.790154,11.743122,11.318747,11.733688,11.383118,15.537866,17.853712,20.493536,25.526367,24.991165,22.743767,21.15517,20.00686,20.692904,18.722227,22.286531,16.66219,23.213469,19.082634,21.929384,19.460077,15.346294,14.533947,17.934607,15.216855,11.588979,12.995054,16.40037,13.077718,9.540061,14.072815,16.591387,11.240798,11.4550295,16.288532,16.201117,18.5698,18.310553,22.335781,22.483498,23.207836,24.039862,19.948568,23.597055,26.541615,22.151585,20.390392,25.440105,27.222866,29.257797,24.454039,21.821316,26.406635,25.022573,20.883669,25.470135,26.711874,23.915327,21.183777,26.011303,22.766647,27.01978,24.63457,21.121367,23.212597,19.594852,18.798725,19.844952,15.354237,14.822569,14.076256,17.88291,16.518303,22.60035,22.558613,26.440334,27.556822,30.137875,33.446247,34.105392,31.726492,31.892488,28.709818,25.282087,24.285515,19.289114,17.374449,15.776764,13.44111,14.350994,11.272148,13.836483,14.4136505,15.381378,18.387049
7,20.15715,18.230637,14.21402,12.698381,9.79673,6.91664,6.078702,0.0,4.910661,5.524113,9.249429,10.991661,13.8135805,11.988856,16.070082,12.473118,13.835904,15.000062,16.217611,20.189987,23.155554,25.695532,30.751259,29.37595,26.59761,24.447748,22.895803,22.559965,20.02521,22.654436,16.469732,21.874422,16.27511,19.006552,17.92459,14.321114,11.968865,15.767423,14.859084,11.5734005,11.067246,16.594511,14.597174,10.495277,13.779659,18.594818,14.902074,13.250576,17.84557,16.237434,19.00393,20.953009,23.59961,22.91497,24.826899,26.13845,21.923313,25.563251,27.850586,22.51121,21.295782,25.864624,27.408863,28.905817,23.737967,21.363014,25.978905,24.44647,21.2183,26.535278,27.457138,24.597008,22.885483,28.261074,24.949093,29.7019,27.92649,24.23321,27.279093,23.390757,23.391258,24.64404,20.529654,19.665167,17.972866,22.50761,19.826431,25.991728,25.51077,29.1293,30.298101,32.39834,35.57972,36.947216,34.972195,35.71914,32.491642,29.4205,28.734917,23.8167,22.700153,21.452467,19.083572,19.400494,15.869993,17.202774,16.831089,16.459507,18.661789
8,23.238811,20.752695,17.554777,14.649167,12.093951,10.027616,7.1048045,4.910661,0.0,4.8378005,6.611422,9.180824,10.818264,9.398981,12.506576,8.1639595,10.546108,11.273101,14.222946,17.197105,20.879425,23.52043,28.386034,26.175707,23.140154,20.998816,18.783678,18.290436,15.376119,18.056477,11.605061,17.210108,12.291965,15.049129,13.38548,9.508233,7.822218,12.063306,10.700054,7.2154975,8.224267,13.533375,11.275779,8.520686,12.250652,16.46118,13.7853,13.14781,17.354593,15.888541,17.257462,19.63302,22.47416,21.292318,22.654684,23.277864,18.80025,21.992949,24.689016,19.67621,17.319815,21.948584,23.111954,24.980701,20.047827,17.167095,21.463903,19.728344,16.522558,22.025084,22.6473,19.703648,18.241913,23.727474,20.675829,25.54616,24.099155,20.721552,24.249718,20.897425,21.44756,23.469234,19.415398,17.639948,15.002233,19.690008,15.960675,21.930092,21.163727,24.62858,25.84411,27.770649,30.867895,32.44829,30.654112,31.699358,28.522627,25.692501,25.324791,20.508871,20.291313,19.69209,17.422516,16.934277,14.194815,13.773967,13.873043,12.639613,15.269289
9,25.628775,23.524092,19.650959,17.828312,14.768505,12.382339,10.130653,5.524113,4.8378005,0.0,4.355247,5.472147,8.533328,7.2988105,12.789113,10.346519,12.858951,14.901342,17.259333,20.924805,24.433338,26.668358,31.615227,29.183104,25.89912,23.21436,21.584871,20.241295,17.688505,19.259232,13.582388,17.999651,11.655054,15.154163,15.184296,11.76078,9.313552,14.151657,14.258911,11.249361,11.290407,17.507956,15.839338,13.001286,16.010744,21.012377,18.445974,17.245003,21.458279,19.440983,21.191473,24.18994,26.558908,25.119833,26.991087,27.759602,23.2915,26.332882,28.831587,23.526602,21.249603,25.519129,26.292234,27.980412,23.0391,20.19974,24.05266,21.923475,19.629967,25.517534,25.516123,22.2765,21.791996,27.385408,24.725376,29.679035,28.493973,25.31412,28.971384,25.72354,26.255964,28.186628,24.031298,22.374786,19.75435,24.32243,20.315203,26.00475,24.756683,28.01076,28.84212,30.485134,33.678192,35.585945,34.016666,35.310387,32.516426,29.386938,29.605534,24.452303,24.478737,23.917341,21.107924,20.55495,16.753462,16.634453,15.3543625,13.820612,15.160403
10,29.208364,27.026304,23.360168,21.06266,18.314976,15.665538,13.39613,9.249429,6.611422,4.355247,0.0,3.8784852,5.978463,6.7687397,12.15704,9.91291,13.598584,15.229461,18.999985,21.664507,25.708662,27.984211,32.674965,29.443161,25.908655,23.187996,20.876535,19.038319,16.009562,16.908094,11.147571,14.305708,7.560332,10.941842,11.746215,9.058435,6.3150926,11.315067,12.4417305,10.271749,10.25788,16.436714,15.447893,13.684669,15.992188,21.036785,19.80223,18.692486,22.322048,19.994184,20.825249,24.774284,26.650677,24.596804,26.491198,26.95875,22.498219,25.052734,27.416565,22.176771,19.474983,23.250368,23.547104,25.164026,20.450718,17.520298,20.85952,18.555922,17.062914,23.140263,22.735128,19.579233,19.915915,25.557716,23.160873,28.20744,27.57868,24.65616,28.87353,25.956686,27.1065,29.506357,25.64105,23.438421,20.113186,24.79694,19.886145,25.139843,23.597467,26.457838,27.37404,28.586645,31.522657,33.89616,32.689987,34.42589,31.65853,29.031628,29.49115,24.714348,25.542448,25.464844,22.922054,21.787195,18.726744,17.072453,16.01236,13.285676,14.389647
11,31.036049,28.817936,25.033955,23.07959,19.940058,17.846474,15.0683565,10.991661,9.180824,5.472147,3.8784852,0.0,4.0491595,4.7411456,11.336278,10.954978,14.091135,16.749163,19.75368,22.984951,26.754847,28.609505,33.313705,29.986801,26.335098,23.213364,21.673315,19.300285,16.992592,17.112776,12.757181,15.41023,8.50268,12.92135,14.444327,11.728463,9.809024,14.871856,15.928132,13.584663,14.112785,20.17176,18.850613,17.109945,19.758234,24.60878,22.854704,21.995876,25.878267,23.666716,24.641106,28.270689,30.412394,28.447342,30.213453,30.500458,25.972961,28.378685,31.00825,25.942366,22.81265,26.602234,26.570543,28.408758,23.921091,20.772343,23.574306,20.86464,19.75393,25.894407,24.896551,21.36575,22.235197,27.769129,25.88722,30.831701,30.217918,27.625235,31.657196,29.044262,29.943495,32.338352,28.208492,26.034868,22.849957,27.215582,22.308493,27.26929,25.31658,28.073265,28.488081,29.600843,32.74191,35.156956,34.0332,35.828423,33.55839,30.413904,31.498306,26.27894,27.270674,27.268888,24.18179,22.968296,19.1296,17.811878,15.685159,13.084667,13.05394
12,33.471268,30.887869,27.556988,24.974068,21.927647,20.403618,16.780977,13.8135805,10.818264,8.533328,5.978463,4.0491595,0.0,3.7317586,8.653433,9.441479,12.828932,15.527471,19.126503,21.66424,25.623346,27.270733,31.677935,27.72608,23.908545,20.68128,19.0404,16.169884,14.062013,13.446545,10.216734,12.249911,6.1659837,11.427871,12.843632,10.284217,9.791055,14.762818,15.501364,13.477303,15.149971,20.36538,18.858904,18.17459,20.987331,25.021215,23.681007,23.54676,27.209602,25.293713,25.466808,28.960602,31.350637,29.226128,30.441767,30.126173,25.580471,27.442081,30.448103,25.949799,21.847885,25.491842,24.928621,27.189117,23.206146,19.629383,21.630081,18.51211,17.831387,23.911789,22.256084,18.484413,20.038916,25.36117,24.125555,28.904137,28.593094,26.561089,30.66726,28.711025,29.798317,32.59405,28.518112,25.900196,22.372736,26.38307,20.980457,25.273294,22.885426,25.31441,25.449484,26.303095,29.436651,32.02637,31.127588,33.17304,31.277481,28.143408,29.798145,24.643953,26.362242,26.845646,23.727966,21.980001,18.604769,16.152063,13.916129,10.545338,10.015093
13,30.942726,28.21346,25.03194,22.48942,19.24689,18.433563,14.210996,11.988856,9.398981,7.2988105,6.7687397,4.7411456,3.7317586,0.0,6.8404927,7.838624,10.2573805,13.6550255,16.207043,19.504364,23.078096,24.594597,29.193432,25.759537,22.083103,18.78598,17.839302,15.360548,13.804242,14.003167,10.824277,14.5887375,9.2244425,14.414017,14.749946,11.235851,11.045021,16.339684,16.059729,13.2837105,15.531049,20.65581,18.41994,17.340363,20.859274,24.525045,22.202087,22.413744,26.467592,24.95659,25.524317,28.140041,31.122482,29.457754,30.409817,30.105518,25.48053,27.620975,30.95486,26.555307,22.406616,26.580393,26.350683,28.856411,24.711723,21.004587,23.429394,20.401695,18.850986,24.818733,23.438602,19.495415,20.281105,25.564423,24.23793,28.922277,28.141867,26.054268,29.682587,27.695795,28.293285,30.873852,26.526165,24.155842,21.075214,24.85011,20.030401,24.581825,22.321552,25.114159,25.083292,26.370989,29.80838,31.927956,30.686207,32.3475,30.54018,26.840244,28.49822,22.902363,24.18399,24.456524,20.985323,19.484495,15.460288,13.94061,11.220169,8.79182,8.542997
14,32.528923,29.157522,27.071552,23.515684,20.647423,21.229342,15.790154,16.070082,12.506576,12.789113,12.15704,11.336278,8.653433,6.8404927,0.0,5.6935716,6.44431,10.0210705,12.678963,14.816434,18.334478,19.402163,23.530409,19.440392,15.628656,12.182766,11.655096,8.905476,8.702323,9.089043,8.7039585,13.34489,11.532475,16.35276,15.053665,11.368974,13.560606,18.144753,16.327293,13.749988,17.899658,21.112621,18.054903,18.50182,22.552086,24.2823,21.970734,23.691826,27.44728,26.849401,26.436163,27.875364,31.694677,30.274012,30.013407,28.724022,24.2123,25.623825,29.800337,26.639233,21.11961,25.414663,24.773415,28.11893,24.78335,20.532316,22.075045,18.811993,16.884693,22.121008,20.152098,15.877503,16.658617,21.222048,20.939913,25.01986,24.241816,23.157824,26.268929,25.488665,25.946127,28.962261,24.68807,21.828148,18.730453,21.385687,16.534794,19.898813,17.112709,19.710432,19.059542,20.491385,24.220995,25.977234,24.67971,26.289158,25.165298,20.983013,23.570303,17.835754,20.053574,21.07081,17.512499,15.203617,12.161763,8.874326,5.8780107,2.505038,2.8397803
15,28.471601,25.162476,23.16051,19.186184,16.745626,16.850971,11.743122,12.473118,8.1639595,10.346519,9.91291,10.954978,9.441479,7.838624,5.6935716,0.0,4.5173826,6.086501,10.650146,12.329587,16.528105,18.610828,23.040632,19.532766,16.028847,13.528421,11.262784,10.179837,7.8213453,10.604847,6.0812674,12.764803,10.619678,14.405929,11.815767,7.4085097,9.606722,13.860579,11.2468815,8.285431,12.801992,15.67112,12.446125,12.88863,16.99478,18.654497,16.526207,18.165707,21.782751,21.266262,20.822617,22.270819,26.019592,24.696064,24.516874,23.538927,18.953371,20.846075,24.814774,21.36288,16.337244,21.015892,21.068308,24.162527,20.366684,16.319017,18.9563,16.324469,13.258632,18.639387,17.868763,14.085479,13.411972,18.570814,17.08184,21.581982,20.487213,18.57955,21.979067,20.470358,21.133564,24.112255,19.981823,17.093994,13.746566,17.211693,12.266288,16.898418,14.987328,18.195969,18.64635,20.485184,23.933846,25.524666,23.896826,25.253275,22.999914,19.533339,20.731335,15.376064,16.941366,17.611197,14.783115,12.791284,10.777297,7.30356,7.3342137,4.875684,8.455955
16,27.209486,23.568005,22.193243,18.08405,15.631144,17.203556,11.318747,13.835904,10.546108,12.858951,13.598584,14.091135,12.828932,10.2573805,6.44431,4.5173826,0.0,4.706317,6.5783563,9.364617,12.8512745,14.594872,19.24456,16.378334,13.141911,10.640342,9.898561,9.763919,9.18712,12.415337,9.888485,16.558424,14.97048,18.892904,16.030409,11.674034,13.885435,17.93734,14.614972,11.426292,16.131468,18.321936,14.356233,14.650739,19.33061,19.9771,16.610035,19.102123,22.943937,23.139238,22.963081,22.977037,27.530006,26.827642,26.078146,24.890087,20.471188,22.384405,26.778412,23.884298,18.802208,23.737816,23.973864,27.343496,23.756763,19.735172,22.30419,19.79821,16.271935,20.891409,20.223398,16.460789,15.055571,19.49144,18.353365,22.2729,20.601912,19.060234,21.441301,20.365187,20.215086,22.953857,18.511847,15.916519,13.50017,15.926236,12.277339,16.542242,14.755197,18.217535,18.176409,20.534138,24.300528,25.154032,23.118917,23.890566,22.077667,17.644741,19.1711,13.091227,14.213436,14.82736,11.260701,9.303604,6.4925313,4.005961,3.8356023,4.892136,8.623491
17,26.469534,22.73239,21.979198,17.164318,15.585218,17.024942,11.733688,15.000062,11.273101,14.901342,15.229461,16.749163,15.527471,13.6550255,10.0210705,6.086501,4.706317,0.0,6.7154956,6.5073314,11.000033,13.628161,17.95449,15.121684,12.275039,11.037421,8.429709,9.91456,8.299905,12.8385,9.406115,16.335136,15.985466,18.746408,14.749989,10.783036,13.544316,16.390642,12.104971,9.442909,14.6302185,15.137023,10.88405,12.349433,16.815039,16.151024,13.405785,16.630281,19.850113,20.546867,19.660326,19.14613,23.888844,23.315235,21.977169,20.467428,16.184845,17.967556,22.538433,20.219547,14.998337,20.03102,20.588749,24.031885,20.69696,16.836586,19.601215,17.679216,13.373388,17.25642,17.367775,14.210141,11.497234,15.760488,14.123492,17.963919,16.065264,14.383813,16.79831,15.835499,15.968544,19.066702,14.995911,11.884467,9.034066,11.509504,7.6236963,12.380858,11.300691,15.098726,15.8571415,18.48728,21.941061,22.544703,20.299486,20.898428,18.320713,14.603399,15.1588745,9.621347,10.882029,11.802512,9.51601,7.2302623,7.892469,3.8261218,7.6773543,7.9258094,12.19999
18,23.891825,19.863148,19.819168,15.410512,13.682572,17.112904,11.383118,16.217611,14.222946,17.259333,18.999985,19.75368,19.126503,16.207043,12.678963,10.650146,6.5783563,6.7154956,0.0,6.176546,7.580255,9.5429125,14.635055,13.95661,12.089627,11.028774,11.620859,13.528261,13.827374,17.757692,15.5633745,22.445766,21.266365,24.741163,21.194593,16.93892,18.969717,22.34769,18.151917,14.984207,19.48387,20.417528,15.867653,15.9505625,20.879045,19.968807,15.155379,18.71742,22.457869,23.750391,23.90993,21.805435,27.273117,27.558975,26.081621,24.869602,20.959488,23.083752,27.658798,25.493523,21.024559,26.157188,27.017319,30.415781,26.979643,23.339794,26.274136,24.36618,20.04219,23.474695,23.664803,20.498144,17.651907,21.025595,19.676115,22.714613,20.10121,18.643951,19.376677,18.517532,17.10887,19.1909,14.572321,12.810236,12.340848,13.162249,12.451654,16.359772,15.688414,19.421658,19.427788,22.47583,26.197788,25.905863,23.215548,22.864607,21.037186,16.02918,16.7629,10.520838,9.617691,9.560807,5.1487284,4.432713,1.9781464,5.669788,7.608066,10.981589,14.309665
19,27.096136,23.003832,23.67239,18.586212,17.801264,20.670486,15.537866,20.189987,17.197105,20.924805,21.664507,22.984951,21.66424,19.504364,14.816434,12.329587,9.364617,6.5073314,6.176546,0.0,4.8847947,7.8379707,11.7808485,10.071608,8.640078,9.357263,8.221216,11.769431,12.03152,16.522491,15.100648,21.468487,22.226559,24.778095,20.375475,16.881289,19.869814,22.092333,17.301437,15.173329,20.199663,19.196075,14.754703,16.684029,20.999819,18.309555,15.03972,19.511276,22.17548,23.979708,22.827757,20.223425,25.798208,26.027636,23.513823,21.351011,17.89871,19.089977,24.097767,23.2557,18.084482,22.828201,23.508343,27.240208,24.679663,21.098627,23.341812,21.83827,17.328817,19.389097,19.774725,17.249298,13.676192,15.868415,15.053213,17.268661,14.589328,14.105459,14.3780775,14.960308,13.992192,16.926945,13.211964,10.390009,9.5402565,8.6465225,8.259239,10.618625,10.405759,14.0830765,14.443144,17.756004,21.17501,20.43082,17.541792,16.99134,14.886273,10.126562,10.703911,4.3644414,5.413984,7.4117966,5.7427654,2.4880478,7.987852,5.957806,10.394446,12.469282,16.242975
20,26.968462,22.76246,24.26896,19.46992,18.992647,22.83767,17.853712,23.155554,20.879425,24.433338,25.708662,26.754847,25.623346,23.078096,18.334478,16.528105,12.8512745,11.000033,7.580255,4.8847947,0.0,3.6992862,7.895412,8.977554,9.319493,10.867511,11.754027,15.355052,16.49177,20.642218,19.835209,26.176144,26.778313,29.570688,25.241915,21.646551,24.434637,26.779808,21.937553,19.659336,24.445639,23.374449,18.871336,20.315277,24.70144,21.563335,17.495338,22.204756,24.846302,27.132677,26.359922,22.642658,28.592993,29.394812,26.584064,24.466255,21.495361,22.682787,27.623621,27.18537,22.455616,27.100931,27.935535,31.648111,29.211468,25.798624,28.028234,26.61787,22.107126,23.684544,24.158567,21.793745,18.180735,19.542303,19.035603,20.407263,17.368301,17.300192,16.108517,17.153196,15.143799,17.257633,13.751857,12.061109,12.918302,10.555263,12.52492,13.787654,14.010121,17.219831,17.087017,20.54394,23.899273,22.335875,19.17069,17.693205,16.355778,11.044119,11.597589,6.3865705,4.9607844,6.465577,4.859773,3.972178,8.979672,9.701333,13.034018,16.141867,19.427685
21,29.403147,25.194426,26.779167,22.295074,21.5865,25.715624,20.493536,25.695532,23.52043,26.668358,27.984211,28.609505,27.270733,24.594597,19.402163,18.610828,14.594872,13.628161,9.5429125,7.8379707,3.6992862,0.0,5.1595073,7.4281907,8.63212,10.3542385,12.818076,16.1195,18.151876,21.758305,22.011578,28.076797,28.83658,31.968779,27.870817,24.239252,27.156885,29.800983,25.096024,22.739985,27.649664,26.863249,22.358606,23.74064,28.236298,25.247427,21.113516,25.740232,28.503506,30.743114,30.018873,26.321898,32.286854,33.073845,30.213427,27.947794,25.029316,25.977112,31.018593,30.725937,25.712992,30.258251,30.807178,34.68746,32.421116,28.844532,30.699453,29.045834,24.834562,26.379616,26.356829,23.816778,20.719036,21.707087,21.875269,22.915213,20.088562,20.567127,19.158766,20.676235,18.599077,20.530516,17.178856,15.711277,16.553669,13.997182,15.725458,16.167559,15.90287,18.649893,17.78211,21.1423,24.599625,22.733883,19.631628,17.945488,17.715996,11.840672,13.630221,8.871432,8.394194,9.809317,7.826389,7.0344243,10.371124,11.441504,13.805417,17.334108,20.01394
22,33.441288,29.26592,31.335457,26.816467,26.434929,30.593176,25.526367,30.751259,28.386034,31.615227,32.674965,33.313705,31.677935,29.193432,23.530409,23.040632,19.24456,17.95449,14.635055,11.7808485,7.895412,5.1595073,0.0,6.616746,9.864838,12.735331,15.288901,18.793137,21.259008,24.547152,25.720545,31.237427,32.866592,35.744083,31.46311,28.201323,31.442207,33.71262,28.90308,26.946934,31.962437,30.479298,26.14822,28.067327,32.29442,28.549667,25.000847,29.885492,32.165257,34.69867,33.51315,29.37798,35.337315,36.243893,32.820168,30.07885,27.711739,28.015285,33.108025,33.711994,28.537594,32.63279,32.978035,36.995876,35.36285,31.89157,33.16417,31.68517,27.688993,28.290876,28.150742,26.054008,23.030952,22.782665,23.731527,23.697355,21.031166,22.50109,20.249592,22.894688,20.82239,22.685526,20.201256,18.81291,19.888975,16.293644,18.641779,17.380474,17.331919,19.219828,17.981094,21.205238,24.242064,21.548157,18.419764,15.986995,16.89296,11.361928,13.631515,10.980666,11.19732,13.047394,12.455658,11.63301,15.49557,15.749411,18.174564,21.39031,23.813381
23,35.894592,31.691044,32.877842,28.039911,27.160868,30.472687,24.991165,29.37595,26.175707,29.183104,29.443161,29.986801,27.72608,25.759537,19.440392,19.532766,16.378334,15.121684,13.95661,10.071608,8.977554,7.4281907,6.616746,0.0,3.9787397,7.609828,9.841085,13.122058,16.04991,18.774632,21.127222,25.832373,28.343346,31.094028,27.008492,24.153654,27.865578,30.074636,25.597488,24.00847,29.3392,27.986813,23.924753,26.512323,30.598589,27.318874,24.818321,29.479584,31.765848,33.72854,31.938631,29.11381,34.632557,34.778473,31.520935,28.391365,25.662283,25.429754,30.726282,31.280296,25.213417,29.027803,28.692144,32.961678,31.666895,27.888718,28.382172,26.566275,23.18961,23.898758,22.88366,20.575924,18.458195,18.135197,20.002949,20.223724,18.381134,20.382286,19.46236,22.399492,21.44168,24.29738,21.59123,19.064821,18.562881,15.774141,15.815455,13.746432,12.455714,13.874211,11.941162,15.0085945,18.35258,16.22399,13.411639,12.105789,13.598192,7.3895216,12.101448,8.774097,11.922045,14.717966,13.558532,11.085943,14.88099,12.559735,14.994081,17.22506,19.409048
24,35.21488,31.061764,31.630547,26.816664,25.549858,28.414207,22.743767,26.59761,23.140154,25.89912,25.908655,26.335098,23.908545,22.083103,15.628656,16.028847,13.141911,12.275039,12.089627,8.640078,9.319493,8.63212,9.864838,3.9787397,0.0,3.8954644,6.2631516,9.212784,12.358402,14.939364,17.495943,22.147423,24.538929,27.464361,23.633707,20.725792,24.483694,26.950104,22.749205,21.086445,26.481188,25.687342,21.694208,24.227196,28.369566,25.819813,23.480886,27.794209,30.34023,31.858076,30.109978,28.1367,33.41021,33.16969,30.353651,27.38453,24.199718,24.128815,29.423084,29.389858,23.04411,26.992365,26.451836,30.741013,29.193562,25.190199,25.667246,23.517412,20.347324,21.80552,20.378553,17.572096,15.991011,16.566458,18.342934,19.412466,17.885332,19.45008,19.59733,21.93788,21.426115,24.58255,21.443378,18.531557,17.202381,15.494022,14.005537,12.758003,10.578923,12.380081,10.349759,13.327058,17.128994,15.990559,13.519197,13.33013,14.184557,8.099145,12.92985,8.3303385,12.182804,14.924113,13.0278015,9.951192,12.903966,9.427849,11.621571,13.422804,15.561871
25,34.865303,30.796312,30.765356,26.220558,24.450003,27.060268,21.15517,24.447748,20.998816,23.21436,23.187996,23.213364,20.68128,18.78598,12.182766,13.528421,10.640342,11.037421,11.028774,9.357263,10.867511,10.3542385,12.735331,7.609828,3.8954644,0.0,5.588734,6.841778,10.532001,12.560651,15.423803,20.089405,21.868286,25.314278,22.021456,18.858986,22.454662,25.505377,21.730692,19.748407,25.089193,25.265558,21.300898,23.3776,27.699741,26.137348,23.569601,27.414547,30.398632,31.454723,30.046455,28.813133,33.896988,33.382786,31.135479,28.505562,24.875082,25.160887,30.344088,29.545979,23.141188,27.28604,26.605316,30.82061,28.861433,24.640213,25.239761,22.651142,19.78284,22.259624,20.409668,16.97475,16.161484,17.826859,19.314322,21.225521,19.910326,20.867521,21.803526,23.395447,23.036358,26.191156,22.56535,19.620468,17.817947,17.207315,14.655881,14.654903,11.905398,13.957486,11.884046,14.399286,18.465984,18.19954,16.15916,16.636478,17.209267,11.474211,15.92982,10.53283,14.015971,16.32722,13.485366,10.347223,11.38506,7.5906315,8.413536,10.190303,11.853607
26,34.23111,30.283909,30.070967,25.157005,23.70391,25.450104,20.00686,22.895803,18.783678,21.584871,20.876535,21.673315,19.0404,17.839302,11.655096,11.262784,9.898561,8.429709,11.620859,8.221216,11.754027,12.818076,15.288901,9.841085,6.2631516,5.588734,0.0,4.353055,6.216686,9.528681,11.461615,16.054499,18.752174,21.31332,17.440119,14.799313,18.79312,21.043528,17.153954,15.84922,21.24475,20.649538,17.064964,19.969015,23.762377,21.94869,20.602163,24.338251,26.801775,27.71095,25.655167,25.031551,29.671488,28.805613,26.500652,23.678707,20.059137,20.016157,25.15003,24.528025,17.857807,21.789291,21.027704,25.267702,23.52155,19.346489,19.800007,17.439922,14.400212,16.676537,14.991682,11.721062,10.586393,12.581779,13.939602,16.236029,15.310176,16.207794,18.037615,19.579462,20.06348,23.704557,20.472666,16.936995,14.1758,14.165565,10.159959,10.084233,6.8997393,9.410413,8.452409,11.078612,14.995187,15.413764,13.477328,14.674467,13.926879,9.534743,13.165582,8.461941,12.8944235,15.471178,13.681171,10.203996,12.600247,6.6503334,9.526917,9.276957,12.129009
27,36.17682,32.367477,31.511993,26.928751,24.980906,26.221706,20.692904,22.559965,18.290436,20.241295,19.038319,19.300285,16.169884,15.360548,8.905476,10.179837,9.763919,9.91456,13.528261,11.769431,15.355052,16.1195,18.793137,13.122058,9.212784,6.841778,4.353055,0.0,4.5288434,5.8065844,9.7243595,13.35698,16.061558,19.105528,16.11927,13.631788,17.582254,20.348066,17.33121,16.006777,21.179762,21.643559,18.456308,21.004665,24.71225,24.031336,22.872128,25.968798,28.71332,29.01406,27.11777,27.54406,31.743025,30.42705,28.720716,26.141592,22.247725,22.26702,27.121359,25.879238,19.100914,22.813965,21.560415,25.70344,23.833847,19.44791,19.476698,16.46863,14.458172,17.700853,15.059512,11.088476,11.871424,14.597788,16.11478,18.933989,18.601257,19.226019,21.773668,22.855515,23.622644,27.2647,23.793966,20.261606,17.048393,17.951746,13.078229,13.585434,9.973654,11.71521,10.330166,11.839448,15.7781515,17.18982,15.990525,17.881632,17.528055,13.58178,17.38136,12.726971,16.84505,19.125355,16.727064,13.374031,14.003323,8.0015745,8.763759,7.0054636,8.781875
28,34.47243,30.874788,29.70356,25.076033,23.27768,23.711866,18.722227,20.02521,15.376119,17.688505,16.009562,16.992592,14.062013,13.804242,8.702323,7.8213453,9.18712,8.299905,13.827374,12.03152,16.49177,18.151876,21.259008,16.04991,12.358402,10.532001,6.216686,4.5288434,0.0,4.950903,5.596997,10.002194,12.756207,15.179258,11.718345,9.383513,13.548516,15.900162,12.968787,12.040359,17.083315,17.463982,14.685083,17.479185,20.764982,20.480934,20.090708,22.732521,25.245733,25.220783,23.127033,24.33699,28.044437,26.416712,25.06232,22.732132,18.664755,18.863766,23.422808,21.73137,15.035347,18.798792,17.686203,21.640648,19.448324,15.036094,15.487516,12.530145,10.202141,14.249187,12.030636,7.881648,8.568595,12.644487,13.147495,16.835955,16.701437,16.56377,20.010265,20.380281,21.709627,25.459986,22.145819,18.449812,14.581673,16.554792,10.6639185,12.377508,9.206597,11.411043,11.4999275,12.844119,16.256937,18.21925,17.08782,19.181078,17.588417,14.784606,17.232843,13.036129,16.789112,18.783594,16.888695,13.7558155,14.544253,8.279261,9.937006,6.872312,9.708362
29,38.66337,35.154198,33.59965,29.273064,27.138811,27.255028,22.286531,22.654436,18.056477,19.259232,16.908094,17.112776,13.446545,14.003167,9.089043,10.604847,12.415337,12.8385,17.757692,16.522491,20.642218,21.758305,24.547152,18.774632,14.939364,12.560651,9.528681,5.8065844,4.950903,0.0,7.4046316,8.169936,11.979377,14.640634,12.694818,11.360085,15.184066,17.694506,16.035324,15.441188,19.880133,20.9788,18.815998,21.372072,24.341042,24.770746,24.701546,26.907415,29.462412,28.984875,26.867512,28.841555,32.108494,30.083895,29.06582,26.72644,22.758005,22.605145,26.847786,25.07531,18.38798,21.386381,19.500734,23.326225,21.559868,17.192062,16.46611,12.887763,12.5563135,16.591822,13.080884,8.809174,11.944233,15.35831,16.737434,20.130056,20.672466,20.933376,24.553358,25.114079,26.614386,30.395142,27.075575,23.39521,19.461569,21.427689,15.479041,16.393976,12.79232,13.788078,13.05199,13.224905,16.416716,19.172644,18.82722,21.521982,20.78127,18.160952,21.392464,17.443764,21.467659,23.539967,21.31318,18.134521,18.103558,12.1795845,12.157433,8.353788,8.908128
30,32.9209,29.746016,27.788986,23.59137,21.630884,20.833834,16.66219,16.469732,11.605061,13.582388,11.147571,12.757181,10.216734,10.824277,8.7039585,6.0812674,9.888485,9.406115,15.5633745,15.100648,19.835209,22.011578,25.720545,21.127222,17.495943,15.423803,11.461615,9.7243595,5.596997,7.4046316,0.0,7.0944877,7.762404,10.08733,6.914979,4.076471,8.124768,10.887168,9.053784,8.2334795,12.479397,14.238195,12.303536,14.383365,17.139254,18.557487,18.676495,20.105343,22.716524,21.838198,20.109026,22.807432,25.66912,23.560194,23.29781,21.82283,17.45009,18.374329,22.101328,19.062674,13.237103,17.02023,16.22919,19.44093,16.284885,11.958344,13.485432,10.466382,8.43851,14.178441,12.677024,8.892908,9.840069,15.162411,14.125059,18.762589,18.746153,17.322714,21.651283,20.675058,22.403656,25.924921,22.559757,19.09233,14.836048,18.335043,12.080918,15.558556,13.26647,15.60333,16.509691,17.515665,20.379911,22.829607,21.858335,24.007849,21.603369,19.49746,20.77363,16.73631,19.477106,20.773613,18.921028,16.404688,16.102432,10.947357,11.903242,7.969475,10.593419
31,39.42864,36.462124,34.210815,30.23504,28.276726,26.7842,23.213469,21.874422,17.210108,17.999651,14.305708,15.41023,12.249911,14.5887375,13.34489,12.764803,16.558424,16.335136,22.445766,21.468487,26.176144,28.076797,31.237427,25.832373,22.147423,20.089405,16.054499,13.35698,10.002194,8.169936,7.0944877,0.0,7.306416,7.313006,6.8668084,8.429704,11.154,12.216987,12.830787,13.682362,16.29496,17.825972,17.460606,19.878536,21.350967,23.17644,24.743437,25.605316,27.55913,26.091497,23.712664,27.7032,29.465168,26.5906,26.659992,24.994389,21.171022,21.098696,24.049154,21.372002,15.747891,17.614222,15.4597,18.254614,16.270317,12.441314,11.444864,7.6894927,9.731311,14.638995,11.601391,8.571823,12.600022,16.823631,16.844685,20.972536,22.197285,21.455427,26.240593,25.731258,28.112072,31.83561,28.955753,25.328154,20.823597,24.10465,17.567913,19.497149,16.838253,17.692245,18.448404,18.071955,20.029102,23.59935,23.656069,26.650208,24.697662,23.662851,25.39738,22.348932,25.780815,27.399452,25.788774,23.04631,22.906446,17.418697,17.78183,13.346824,14.142469
32,35.467052,32.900642,29.836302,26.695126,24.262178,22.104902,19.082634,16.27511,12.291965,11.655054,7.560332,8.50268,6.1659837,9.2244425,11.532475,10.619678,14.97048,15.985466,21.266365,22.226559,26.778313,28.83658,32.866592,28.343346,24.538929,21.868286,18.752174,16.061558,12.756207,11.979377,7.762404,7.306416,0.0,5.4194193,7.53179,6.97618,6.903904,10.366769,12.122625,11.642751,12.949412,17.181969,16.730928,17.217817,18.941545,22.727753,23.123121,22.908142,25.67486,23.545252,22.644138,27.087112,28.728405,26.015114,27.223482,26.689783,22.408743,23.707777,26.27223,21.994848,17.813444,20.631641,19.673466,21.677515,18.062067,14.628389,16.074121,13.045078,13.370455,19.353209,17.668707,14.484585,16.700962,21.939196,20.644243,25.446226,25.797394,23.86212,28.59071,26.795359,28.67892,31.841866,28.391342,25.34971,21.200941,25.397602,19.320107,23.131327,20.886927,22.82212,23.57345,23.95508,26.471075,29.55606,29.031462,31.48982,29.167673,27.216516,28.458637,24.335188,26.611847,27.443235,25.204153,23.118435,21.297548,17.406021,16.682936,12.499253,12.997634
33,37.305367,34.963535,31.990004,28.73735,26.833477,24.014717,21.929384,19.006552,15.049129,15.154163,10.941842,12.92135,11.427871,14.414017,16.35276,14.405929,18.892904,18.746408,24.741163,24.778095,29.570688,31.968779,35.744083,31.094028,27.464361,25.314278,21.31332,19.105528,15.179258,14.640634,10.08733,7.313006,5.4194193,0.0,5.4183755,8.108403,7.562434,7.7963853,11.200844,12.410616,12.434633,15.587314,16.547115,17.661564,17.978481,21.775806,23.742199,23.094393,24.929453,22.464453,20.817055,26.285954,26.893328,23.628168,25.149433,24.732338,20.924625,21.820189,23.518702,19.268282,15.838521,17.463165,16.323608,17.552961,14.209482,11.545453,12.608109,10.288446,11.861141,17.248367,16.024477,14.028751,16.415144,21.306976,19.6747,24.371876,25.277073,23.231514,28.406519,26.502016,29.030256,32.2728,29.471064,26.341585,21.951353,26.305794,20.12088,23.57142,21.78122,23.276773,24.689789,24.707026,26.504257,29.909056,29.675714,32.350502,29.535192,28.733871,29.324677,26.22742,28.597666,29.495794,28.027689,25.950312,25.1015,20.791822,21.033545,16.835901,17.875843
34,34.504326,31.871523,29.545212,25.653603,24.16867,21.910185,19.460077,17.92459,13.38548,15.184296,11.746215,14.444327,12.843632,14.749946,15.053665,11.815767,16.030409,14.749989,21.194593,20.375475,25.241915,27.870817,31.46311,27.008492,23.633707,22.021456,17.440119,16.11927,11.718345,12.694818,6.914979,6.8668084,7.53179,5.4183755,0.0,4.560744,6.214764,5.490188,6.6451583,8.509069,9.981753,11.379028,11.908904,14.128545,14.776831,17.247343,19.495295,19.631575,21.218039,19.452019,17.110626,21.827,23.023727,20.029654,20.721004,19.83719,15.89948,16.698353,18.974716,15.203535,10.739007,13.107683,12.318695,14.356914,10.803104,7.119468,9.158638,7.0082493,6.710494,12.480876,11.975323,10.075572,11.326717,16.430351,14.374631,19.203415,19.914192,17.828588,23.001022,21.289896,23.920015,27.335777,24.746555,21.42414,16.919228,21.120815,14.931152,18.404213,16.995146,18.741152,20.6092,21.033712,22.872116,25.860512,25.305769,27.722656,24.522867,23.99642,24.129179,21.429926,23.803999,24.828434,23.866879,21.74173,21.903122,17.220638,18.577381,14.731711,16.939043
35,31.103565,28.271217,25.963907,22.018087,20.238882,18.521704,15.346294,14.321114,9.508233,11.76078,9.058435,11.728463,10.284217,11.235851,11.368974,7.4085097,11.674034,10.783036,16.93892,16.881289,21.646551,24.239252,28.201323,24.153654,20.725792,18.858986,14.799313,13.631788,9.383513,11.360085,4.076471,8.429704,6.97618,8.108403,4.560744,0.0,4.3595977,7.0263033,5.848302,5.3899837,8.627797,11.168748,10.039041,11.586356,13.703871,16.201271,16.849539,17.385962,19.856884,18.461199,16.953058,20.581732,22.8016,20.454437,20.925472,20.143066,15.715255,17.248972,20.265114,16.302217,11.576371,15.380869,15.227691,17.713913,13.738564,9.808979,12.694722,10.379817,8.091237,14.198049,13.831126,10.947054,11.066661,16.680517,14.471379,19.481794,19.370243,17.037655,21.743855,19.822388,21.801287,25.070978,21.880522,18.682312,14.387405,18.719381,12.721965,17.136255,15.638108,18.153854,19.669487,20.733143,23.25743,25.70789,24.658123,26.65418,23.586952,22.01762,22.310774,18.641129,20.616137,21.425478,19.9524,17.957981,17.52551,13.290443,14.465768,10.954048,13.6496525
36,29.781628,27.413296,24.463993,21.193794,19.315939,16.552315,14.533947,11.968865,7.822218,9.313552,6.3150926,9.809024,9.791055,11.045021,13.560606,9.606722,13.885435,13.544316,18.969717,19.869814,24.434637,27.156885,31.442207,27.865578,24.483694,22.454662,18.79312,17.582254,13.548516,15.184066,8.124768,11.154,6.903904,7.562434,6.214764,4.3595977,0.0,5.345809,6.5671215,5.885974,6.060997,10.990116,10.797933,10.650059,12.070809,16.424295,16.971827,16.208635,18.856426,16.65203,16.07624,20.649706,22.141724,19.645159,21.212929,21.370934,17.033426,19.24051,21.40931,16.381744,13.446693,16.961426,17.342546,18.90271,14.204837,11.227074,14.932591,13.150478,11.371405,17.28104,17.469007,15.011561,14.970833,20.563757,17.762375,22.859095,22.592304,19.603994,24.329988,21.535604,23.435072,26.245874,23.036745,20.351208,16.410152,21.265528,15.861009,20.874342,19.74457,22.380129,24.000862,25.082542,27.525843,30.004665,28.913107,30.790316,27.477741,25.932753,25.766312,22.030775,23.272306,23.54582,22.019876,20.561863,19.345936,16.265518,16.911165,13.703359,15.980203
