,0,1,2,3,4,5,6,7,8,9,10,11,12,13,14,15,16,17,18,19,20,21,22,23,24,25,26,27,28,29,30,31,32,33,34,35,36,37,38,39,40,41,42,43,44,45,46,47,48,49,50,51,52,53,54,55,56,57,58,59,60,61,62,63,64,65,66,67,68,69,70,71,72,73,74,75,76,77,78,79,80,81,82,83,84,85,86,87,88,89,90,91,92,93,94,95,96,97,98,99,100,101,102,103,104,105,106,107,108,109,110
0,0.0,4.2934794,6.323405,9.533029,12.391442,14.097876,17.541893,20.479483,23.546997,25.976055,29.287312,31.480797,33.649063,30.165678,32.88112,29.04595,27.979866,28.46991,24.953909,30.125498,29.244162,31.066671,33.313206,34.16074,35.896534,35.559372,35.70093,36.990875,34.74794,39.24598,33.442432,40.089813,36.765594,38.361897,35.39863,31.859604,30.640156,32.264828,29.444498,26.908571,26.51973,27.549368,25.218187,21.47655,23.410913,23.793224,17.930029,17.322435,19.585833,21.333046,25.434233,21.52798,25.155222,27.796728,28.45181,30.72248,28.671932,32.68512,34.385983,30.985155,32.487896,36.394184,38.63402,39.672215,35.926865,35.876976,41.241062,41.385296,36.817867,39.334843,42.715523,40.6817,36.90898,39.325134,34.85667,36.3331,32.717712,28.584263,27.628849,22.931524,20.382399,17.039387,17.253628,20.798143,23.911802,25.091516,29.10707,32.9331,36.17439,39.867214,42.04379,44.998425,45.656998,45.53632,46.325695,42.281517,42.15983,41.42474,36.4964,37.329,31.126455,32.465366,28.192816,25.127213,27.075073,29.83336,30.782494,33.645786,36.607296,38.076004,41.72935
1,4.2934794,0.0,5.2233973,6.324043,9.314411,12.453923,14.536959,18.380743,21.075474,23.713757,27.127161,29.137306,31.024147,27.39157,29.522257,25.953152,24.450428,25.125896,21.140848,26.49657,25.564898,27.208393,29.770666,30.53065,32.159863,31.722734,32.217484,33.50335,31.571697,36.099762,30.727747,37.58941,34.490158,36.46949,33.349068,29.512466,28.75665,30.737696,27.48655,24.719227,25.145779,26.102299,23.176409,19.798735,22.517212,22.384577,15.918157,16.383505,19.186785,21.229534,24.786366,20.524982,25.010763,27.48923,27.55448,29.235525,26.893784,30.720333,33.0188,29.924217,30.549,34.650696,37.18136,38.51847,34.64772,34.090797,39.311066,39.16362,34.47767,37.10346,40.14181,37.856388,34.23198,36.500324,32.23768,33.598686,29.96417,26.135761,24.831438,20.49303,17.45062,14.079369,13.779918,17.499077,20.96437,21.73313,26.069414,29.741503,32.957928,36.642334,38.633995,41.66642,42.452507,42.149536,42.73607,38.595417,38.31089,37.3952,32.4524,33.18212,26.881142,28.300438,23.953985,20.88585,23.007208,25.745615,27.053757,29.792906,32.910267,34.50702,38.24173
2,6.323405,5.2233973,0.0,5.4668775,6.841138,8.22716,11.871577,14.292499,17.676779,19.76581,23.239916,25.262915,27.573643,24.117247,27.339928,23.723421,22.956253,24.003397,21.163128,26.648926,26.606369,28.569921,31.469057,31.146461,32.416218,31.548481,31.456163,32.22903,29.863419,34.105724,28.236797,34.81789,31.00626,32.969936,30.364336,26.560957,25.225145,27.487013,24.866398,21.942049,21.755735,23.862389,21.226171,17.102009,19.80282,21.261232,14.832232,14.211638,17.804735,18.854406,22.948053,20.22913,24.189392,26.036552,26.912548,28.862032,25.989523,30.042805,32.251823,28.287914,28.881744,33.335583,35.520187,36.441914,32.18368,31.736944,37.157524,36.904346,32.593266,35.772892,38.648792,36.32576,33.097656,36.11364,31.77628,33.89801,30.463987,26.386703,26.033726,21.29342,18.748478,16.242857,14.654685,17.794607,20.420305,22.323889,25.52367,30.024395,32.738026,36.62892,38.444504,41.632397,42.728714,42.82006,43.300156,39.667164,38.93339,38.312653,33.438007,33.610214,27.892744,28.380388,24.358763,21.311953,22.431885,25.21396,25.333645,28.546616,31.111128,32.590015,36.063072
3,9.533029,6.324043,5.4668775,0.0,3.8411887,7.4598002,8.457543,12.893383,14.967256,18.044077,21.218367,23.38323,24.993273,21.379877,23.450788,19.678957,18.446896,19.135342,15.8886795,21.294899,21.141476,23.153671,26.04143,25.715874,27.073498,26.39592,26.440437,27.524221,25.39107,29.866503,24.412788,31.285929,28.3002,30.362719,27.19653,23.248585,22.699545,24.893187,21.492502,18.55695,19.4726,20.690561,17.400875,14.099383,17.549154,17.703548,10.779224,11.862042,15.607647,17.381279,20.439579,16.950247,21.882229,23.690247,23.654417,24.918564,21.937542,25.735088,28.487299,25.158607,24.960155,29.407257,31.971518,33.348305,29.211582,28.2836,33.46759,33.094963,28.495708,31.473598,34.221718,31.809887,28.44984,31.12951,26.92664,28.814297,25.349308,21.525242,20.88906,16.457924,13.611819,11.388213,9.22785,12.428383,15.394424,16.918537,20.47305,24.721478,27.545734,31.386204,33.21843,36.377254,37.434288,37.41541,37.892036,34.208405,33.562702,33.02191,28.153704,28.604725,23.039125,23.660482,19.862885,17.033234,18.607094,21.046305,21.996277,24.331524,27.412563,28.649424,32.386795
4,12.391442,9.314411,6.841138,3.8411887,0.0,5.478229,5.369257,9.5867,12.02815,14.623527,18.098942,19.948439,21.739746,18.087812,20.648369,17.283133,16.210632,17.665651,14.977208,20.656492,21.19792,23.145308,26.58924,25.377674,26.268545,25.057268,25.059198,25.605179,23.47119,27.664228,22.268185,29.079659,25.558096,28.071636,25.315256,21.073046,20.442509,23.32617,20.18263,16.853304,18.041243,20.30272,16.808962,13.308586,17.353493,18.456244,11.569537,12.569856,17.006857,18.086905,21.056131,18.658989,23.487246,24.697968,24.880358,25.890831,22.372665,26.076717,29.163387,25.473713,24.513096,29.342678,31.8175,33.064938,28.560389,27.292782,32.4593,31.707918,27.387413,30.929253,33.169067,30.471968,27.674221,30.798128,26.813498,29.145138,25.89385,22.292133,22.047052,17.895794,15.164938,13.720291,10.2951,12.807895,15.216405,17.192694,19.984053,24.662727,26.984425,30.930222,32.38395,35.72951,37.15319,37.231087,37.39596,34.005444,32.822853,32.245907,27.468485,27.251383,22.037361,21.940453,18.288013,15.463551,16.168442,18.722229,18.848568,21.73753,24.402248,25.815975,29.37704
5,14.097876,12.453923,8.22716,7.4598002,5.478229,0.0,6.2030067,6.6997485,9.898317,12.172033,15.229311,17.652405,19.910128,16.709175,20.732063,16.803907,17.190857,18.322311,17.573923,22.581228,23.866762,26.29714,29.408514,27.46468,28.230648,26.961714,25.884214,26.10872,23.190191,27.07697,20.75049,27.00477,22.892557,24.812342,22.50046,18.710638,17.087399,19.728918,17.516571,14.388513,14.122773,17.47658,14.894139,10.345527,13.718793,16.77263,10.913449,9.863979,14.644224,14.511259,18.113386,17.570562,21.281736,21.895952,23.148516,24.76695,21.055445,25.045664,27.523798,22.872192,22.59292,27.495428,29.411375,30.079453,25.359022,24.626312,30.070894,29.558477,25.681843,29.50854,31.976254,29.605259,26.96022,30.817616,26.61232,29.683277,26.707952,22.672764,23.650599,18.955475,17.331915,16.644918,13.341819,14.867409,15.836015,19.216873,20.455252,25.856665,27.73062,31.760382,33.308617,36.6012,38.08442,38.730106,39.09291,36.333405,35.08459,35.10954,30.548155,30.218353,25.928354,25.064335,22.14999,19.678982,19.558786,21.758543,20.695808,23.459476,25.541399,26.354284,29.593914
6,17.541893,14.536959,11.871577,8.457543,5.369257,6.2030067,0.0,6.148749,7.0118957,10.187263,13.312672,15.223883,16.598406,12.936619,15.485889,12.039092,11.451392,13.252569,12.064448,17.383808,18.96718,21.118011,24.803698,22.352,22.775845,21.182968,20.667513,20.788595,18.464706,22.466286,17.084131,23.87641,20.402334,23.188444,20.500948,16.028461,15.762702,19.13073,15.933256,12.318508,14.415727,17.180676,13.366741,10.4213085,15.193384,16.69065,10.562071,12.097745,16.806656,17.359951,19.412725,18.22395,22.99518,23.394733,23.445368,23.877203,19.796194,23.186096,26.716152,22.94909,20.840155,25.96904,28.411331,29.673082,24.935307,23.138498,28.119658,27.002512,22.917482,26.924076,28.64088,25.742807,23.474398,27.05284,23.349945,26.224695,23.351973,20.090334,20.586506,16.921461,14.810102,14.839615,10.315097,11.176222,12.280183,15.045912,16.39558,21.568419,23.217552,27.230791,28.373074,31.829355,33.582798,33.940723,33.918156,31.110874,29.481804,29.284014,24.77697,24.119772,20.062191,18.896984,16.21544,14.022477,13.69117,15.649262,15.061673,17.435226,19.894922,20.882015,24.39267
7,20.479483,18.380743,14.292499,12.893383,9.5867,6.6997485,6.148749,0.0,4.881942,5.5229754,9.078376,11.031877,13.568095,10.499577,15.716303,12.689128,13.916171,16.103916,16.968622,21.560724,23.952232,26.231985,29.89809,26.566832,26.531693,24.501812,23.136377,22.368494,19.447025,22.563131,16.529705,22.34272,17.336143,20.141775,18.689472,14.489129,12.8271475,16.898882,15.328505,11.734908,12.324296,17.312809,14.597146,10.85018,14.837953,18.735756,13.962223,13.5713005,18.400862,17.465746,20.000633,21.00119,24.54128,24.128624,25.331078,26.209644,21.846016,25.293324,28.330837,23.52948,21.62365,26.921516,28.65905,29.175737,24.01121,22.513195,27.614079,26.366875,23.186764,27.870993,29.282833,26.49572,25.016333,29.48777,25.892801,29.56951,27.129642,23.757566,25.284159,21.42332,20.100925,20.46154,16.126932,16.416122,16.210236,19.9622,19.63822,25.365385,26.229685,30.23585,31.101242,34.57327,36.623154,37.47534,37.3577,35.275,33.231865,33.3816,29.233276,27.939962,24.840857,22.713785,20.695755,18.783676,17.156996,18.92918,16.258858,19.329481,20.451641,21.175465,23.950607
8,23.546997,21.075474,17.676779,14.967256,12.02815,9.898317,7.0118957,4.881942,0.0,4.834586,6.5223985,9.147104,10.360476,7.2484097,11.665186,8.01266,10.074108,11.9092,14.246717,17.925585,20.91219,23.33883,26.838398,22.828856,22.584444,20.55946,18.642124,17.799984,14.647138,17.808247,11.694231,17.795946,13.547111,16.446749,14.4592705,9.944195,9.2298155,13.517613,11.373637,7.609425,9.867395,14.348906,11.297926,8.98265,13.3592415,16.55193,12.847672,13.425888,17.840397,17.057425,18.267328,19.63597,23.298326,22.433533,23.06104,23.2502,18.660864,21.643454,25.087727,20.70558,17.68291,23.054165,24.929663,25.709538,20.574358,18.468145,23.30036,21.811543,18.60521,23.441963,24.526886,21.644798,20.403454,25.013817,21.691341,25.59233,23.487085,20.536726,22.493435,19.254675,18.472706,19.795813,15.260843,14.382241,13.09978,17.137798,15.652818,21.45689,21.857788,25.80904,26.557655,30.00503,32.160854,33.201588,33.071644,31.412663,29.280554,29.849874,25.998266,24.765371,22.699757,20.090971,19.055641,17.831005,16.07068,16.996801,14.591129,16.183905,17.511696,17.439127,20.377647
9,25.976055,23.713757,19.76581,18.044077,14.623527,12.172033,10.187263,5.5229754,4.834586,0.0,4.347679,5.510736,8.345226,5.8400126,12.464812,10.705345,12.944753,15.667238,18.09457,21.786549,24.98943,27.125921,30.968416,26.598755,25.906975,23.362976,21.60349,19.930676,17.049063,19.159338,13.687669,18.59476,12.805835,16.448479,15.983675,11.775508,10.274901,15.357146,14.610988,11.221349,12.481516,18.10648,15.67341,13.1666565,16.899998,21.028831,17.466822,17.399393,21.890364,20.518396,22.113966,24.168026,27.39428,26.253288,27.379019,27.69185,23.06621,25.899664,29.198196,24.483799,21.400183,26.7221,28.208786,28.566643,23.266441,21.185,25.72466,23.870058,21.524061,26.753983,27.204262,24.189974,23.840746,28.71208,25.763292,29.843487,27.964485,25.22447,27.211636,24.084011,23.16545,24.25131,19.61121,18.993853,17.825485,21.654974,19.951017,25.631113,25.563105,29.381739,29.66443,33.1642,35.63036,36.717453,36.25385,34.885162,32.270523,32.65604,29.03616,27.049192,25.283045,22.144295,21.204674,19.992514,17.298296,18.357992,14.356256,17.153006,17.180292,17.513939,19.670168
10,29.287312,27.127161,23.239916,21.218367,18.098942,15.229311,13.312672,9.078376,6.5223985,4.347679,0.0,3.9189556,5.7380943,5.0820785,11.679055,9.906872,13.38279,15.393565,19.30863,21.898539,25.583399,27.897268,31.369173,26.42482,25.53678,23.067492,20.445326,18.475716,15.158701,16.587534,10.909627,14.785148,8.614166,12.174745,12.2789135,8.597349,6.8387203,12.182906,12.341924,9.666938,10.819871,16.56762,14.841085,13.27774,16.293842,20.656445,18.516855,18.322811,22.27509,20.500832,21.291542,24.40274,27.036743,25.281534,26.502739,26.585674,21.943407,24.361307,27.491282,22.757973,19.247507,24.384483,25.507294,25.625816,20.33764,18.110312,22.316,20.3239,18.651316,24.088493,24.213224,21.40752,21.614893,26.8541,24.201052,28.668673,27.263039,24.77581,27.442154,24.630478,24.405066,26.109068,21.608181,20.265913,18.128458,22.32195,19.339651,25.009037,24.327324,27.954185,28.124432,31.464937,34.012928,35.508045,35.116783,34.414932,31.756184,32.692028,29.493822,27.558243,26.867744,23.32269,23.264917,22.555391,19.79273,20.176847,16.168169,17.646708,17.30591,16.577026,18.318016
11,31.480797,29.137306,25.262915,23.38323,19.948439,17.652405,15.223883,11.031877,9.147104,5.510736,3.9189556,0.0,4.068787,4.457829,11.283783,11.410424,14.319355,17.152332,20.76517,23.421534,27.203592,29.14964,33.010395,27.821373,26.528141,23.601261,21.488152,18.918077,16.288105,16.949001,12.722852,15.86083,9.308716,13.879725,14.813196,11.25457,10.235584,15.576004,15.811657,13.160479,14.724218,20.317411,18.355288,16.95398,20.187231,24.309929,21.789602,21.890232,26.008068,24.342342,25.17092,28.011826,30.880873,29.166136,30.222473,30.062325,25.389414,27.563457,30.956661,26.468378,22.491367,27.564955,28.72528,28.88931,23.684195,21.148884,24.845104,22.40276,21.15121,26.694885,26.109152,22.991571,23.891766,28.982592,26.778276,31.110468,29.81969,27.71818,30.059004,27.600855,27.0415,28.635517,23.913132,22.680862,20.833086,24.542358,21.725294,27.076292,26.10519,29.583858,29.265327,32.680935,35.510914,36.83263,36.041126,35.44374,32.335094,32.972504,29.99211,27.408506,27.016687,23.07912,23.211088,22.669172,19.267536,19.571878,14.637304,16.765446,15.441176,15.175077,16.29696
12,33.649063,31.024147,27.573643,24.993273,21.739746,19.910128,16.598406,13.568095,10.360476,8.345226,5.7380943,4.068787,0.0,3.8275695,8.39989,9.456724,12.650097,15.201807,19.61801,21.335709,25.43894,27.29398,31.003918,25.361212,23.772417,20.783386,18.38924,15.472891,13.031804,13.078132,9.85041,12.535228,6.83932,12.081083,12.784521,9.3481655,9.823974,14.868864,14.754557,12.550155,15.170058,19.809042,17.756397,17.505543,20.751009,24.03162,22.169588,22.905912,26.684746,25.291168,25.264341,28.04305,31.027506,29.131088,29.64227,28.890888,24.26055,25.85964,29.552414,25.6795,20.812399,25.675896,26.94945,27.389881,22.429249,19.309002,22.378885,19.537647,18.54071,24.088894,22.8808,19.588955,21.08255,26.074228,24.391727,28.699448,27.779184,26.249516,28.684263,26.894588,26.603624,28.686596,24.000238,22.18415,19.865084,23.305552,19.803225,24.751602,23.26744,26.50811,25.89065,29.242468,32.22065,33.622883,32.70217,32.51947,29.254992,30.163702,27.588076,24.94118,25.533493,21.257471,22.249615,22.2789,18.872036,18.452421,13.908877,14.530074,13.071342,11.887433,12.912862
13,30.165678,27.39157,24.117247,21.379877,18.087812,16.709175,12.936619,10.499577,7.2484097,5.8400126,5.0820785,4.457829,3.8275695,0.0,7.18194,7.317712,9.908751,12.976137,16.551262,19.08335,22.884686,24.744015,28.670246,23.47269,22.170702,19.237343,17.384518,15.000847,12.595647,13.96051,9.969629,14.582023,9.619752,14.366061,13.860898,9.467189,10.012051,15.217701,14.046749,11.076484,14.183365,18.677767,15.941946,15.262062,19.141481,22.06081,19.31714,20.364183,24.438942,23.444376,23.7794,25.731855,29.243874,27.802322,28.108526,27.468369,22.786423,24.761257,28.663137,24.819387,20.198946,25.348522,27.03531,27.781837,22.72601,19.685331,23.332157,20.77607,18.795296,24.184092,23.567583,20.131065,20.756788,25.501905,23.383184,27.430202,26.065504,24.265535,26.259302,24.237692,23.539417,25.345078,20.560516,19.049288,17.249147,20.549961,17.891615,23.031765,22.162012,25.692451,25.37468,28.891556,31.701815,32.792965,31.959253,31.122366,28.046795,28.613146,25.552822,23.104086,22.766201,18.842926,19.193562,18.90046,15.6912155,15.670796,11.441852,12.748001,12.255776,11.903119,13.969342
14,32.88112,29.522257,27.339928,23.450788,20.648369,20.732063,15.485889,15.716303,11.665186,12.464812,11.679055,11.283783,8.39989,7.18194,0.0,5.554963,6.222449,9.262892,13.212583,14.144888,18.272873,19.626926,23.59085,17.813011,15.900584,12.595862,11.278538,8.433444,7.6708994,9.078859,8.610907,13.475297,12.1237335,16.58619,14.842117,10.790904,13.758779,17.78438,15.217277,12.917048,17.716677,19.94304,16.56761,17.762167,21.862896,22.596262,20.341494,22.863798,26.379753,26.307219,25.459534,26.275114,30.450466,29.189732,28.177195,26.392157,21.99757,22.951653,27.649746,25.35224,19.375631,24.026098,26.345732,27.946375,23.574026,19.645657,22.195543,19.17448,16.841125,21.644363,20.0933,16.078854,17.211998,21.012157,19.892694,23.274988,22.311937,21.791279,23.187943,22.68784,22.004372,24.416304,19.843803,17.543562,15.60063,17.494282,14.561313,18.407999,16.969679,20.122053,19.19477,22.793402,25.847282,26.584244,25.337551,24.663244,21.214708,21.820353,19.262157,16.585888,17.79475,13.344673,15.317443,16.22506,13.292843,11.74518,9.409395,6.9058075,7.517539,5.9334702,9.417321
15,29.04595,25.953152,23.723421,19.678957,17.283133,16.803907,12.039092,12.689128,8.01266,10.705345,9.906872,11.410424,9.456724,7.317712,5.554963,0.0,4.512717,5.8064303,10.826269,12.196489,16.211985,18.427586,21.825232,16.572182,15.648557,13.395274,10.935554,9.798984,6.852166,10.4374485,6.060448,12.919032,11.626754,14.899529,11.896084,7.320906,10.227796,13.722498,10.324931,7.7177315,12.85996,14.635319,11.060716,12.358409,16.453176,17.109425,15.095148,17.519493,20.86554,20.851988,19.96555,20.8466,24.924864,23.740583,22.863388,21.442831,16.906979,18.432379,22.91796,20.223593,14.795102,19.81895,22.235464,23.842005,19.307087,15.766884,19.303434,17.030256,13.683335,18.482517,18.348406,14.832845,14.387829,18.680267,16.428614,20.21326,18.81366,17.381588,19.336071,18.025568,17.754827,20.33346,15.915084,13.391255,10.861398,13.921111,10.655499,15.724813,15.074517,18.794518,18.97551,22.501791,25.005823,26.05063,25.6034,24.547632,22.032848,23.083485,19.8921,18.57159,18.553974,15.164918,16.115896,16.332432,14.533736,13.744629,12.558304,10.773354,12.764447,11.292057,14.752815
16,27.979866,24.450428,22.956253,18.446896,16.210632,17.190857,11.451392,13.916171,10.074108,12.944753,13.38279,14.319355,12.650097,9.908751,6.222449,4.512717,0.0,4.6613827,7.1668525,9.461816,13.085932,14.836686,18.878248,14.033946,13.127689,10.641718,10.027507,9.557434,8.454177,12.39126,10.056326,16.702328,15.87856,19.358328,16.190704,11.768014,14.569686,17.89691,13.917832,11.205091,16.374002,17.403332,13.16409,14.376382,18.941921,18.408815,15.299592,18.648329,22.077736,22.830505,22.113466,21.460987,26.358543,25.809938,24.276728,22.56912,18.324404,19.754332,24.639193,22.673439,17.339733,22.110878,25.013659,27.066149,22.839308,19.290987,22.602074,20.381521,16.58272,20.672749,20.514229,16.795252,15.931566,19.110645,17.05004,19.887173,18.10975,17.103111,17.80653,17.070734,15.944825,18.256603,13.748296,11.457341,10.2004795,11.676288,10.266648,14.452984,14.453038,18.147917,18.223312,21.890297,24.332644,24.681122,23.97093,22.10352,19.512531,19.855297,16.232409,14.847844,14.093803,10.931856,11.665059,12.08766,10.703164,9.719809,10.196768,7.9830847,11.388094,10.980481,15.043919
17,28.46991,25.125896,24.003397,19.135342,17.665651,18.322311,13.252569,16.103916,11.9092,15.667238,15.393565,17.152332,15.201807,12.976137,9.262892,5.8064303,4.6613827,0.0,6.6809134,6.5853486,10.598406,13.103758,16.101076,11.130348,10.889763,9.690341,7.5860085,8.79262,6.959222,11.817382,9.175132,15.781046,16.576538,18.888227,14.756284,11.147311,14.43838,16.403605,11.735542,10.003008,15.338535,14.577744,10.418101,13.08608,17.043037,15.203928,13.479093,17.225208,19.796448,20.895319,19.254387,18.409403,23.194265,22.599384,20.47516,18.307148,14.268594,15.298958,20.348173,19.092485,13.530876,17.968424,21.146484,23.567186,19.824049,16.28103,19.422174,17.663185,13.22345,16.645935,17.116661,13.78762,11.86486,14.83986,12.448277,15.354966,13.621642,12.736895,13.978058,13.686518,13.491137,16.619648,12.834887,9.522655,6.9068933,8.639099,5.655025,10.247589,10.4582815,14.391114,15.198345,18.69244,20.750143,21.408714,21.29805,19.581165,17.753319,18.944132,15.461076,15.46154,15.280713,12.972051,14.119797,14.723761,14.490866,13.302556,14.769186,11.468077,15.096444,13.648224,17.612822
18,24.953909,21.140848,21.163128,15.8886795,14.977208,17.573923,12.064448,16.968622,14.246717,18.09457,19.30863,20.76517,19.61801,16.551262,13.212583,10.826269,7.1668525,6.6809134,0.0,6.094434,7.3676558,9.267853,13.364305,10.708008,11.371893,10.609076,11.720034,13.508059,13.198194,17.762016,15.627195,22.378563,22.416382,25.12038,21.091776,17.127443,19.687004,21.940205,17.080582,14.75664,19.494059,18.667686,14.055988,15.444114,19.86948,17.12919,13.252272,17.813606,20.599527,22.651512,21.895708,18.823109,24.631346,25.142237,22.614748,20.747406,17.340868,18.837952,23.76917,22.911518,18.592476,22.718575,26.212185,28.839214,25.266811,22.221226,25.607374,24.159485,19.440392,22.068611,23.007393,19.827658,17.297716,18.793604,16.2718,17.536716,14.850609,13.860873,12.632749,12.441634,10.274654,12.385198,8.59776,6.4512124,7.676252,6.091838,9.018288,11.648383,13.69893,17.271715,18.27811,21.638548,23.228996,22.801893,22.5845,19.22056,17.856577,17.633825,13.054326,13.6617565,10.526095,10.191271,9.384516,9.469453,11.107198,10.647364,14.323924,12.209484,16.74887,16.922455,21.145863
19,30.125498,26.49657,26.648926,21.294899,20.656492,22.581228,17.383808,21.560724,17.925585,21.786549,21.898539,23.421534,21.335709,19.08335,14.144888,12.196489,9.461816,6.5853486,6.094434,0.0,4.5497403,6.8658752,9.671654,5.0180306,5.946587,6.7754254,7.3490314,10.587827,11.105058,15.392542,15.005739,20.71766,22.728226,24.79354,20.374317,17.405647,20.852173,22.143785,17.19235,16.05151,21.115736,18.852724,14.835497,17.93491,21.547781,17.687607,16.151525,20.776434,22.55421,24.654753,22.546175,19.819605,25.138203,25.243336,21.869799,18.877346,16.036234,16.089321,21.380564,21.954035,16.698174,19.860964,23.567673,26.672712,23.90597,20.466703,22.702662,21.254692,16.628914,18.24296,18.718723,15.749672,13.187586,13.463214,11.958484,12.5447035,10.623563,11.543729,10.599706,12.717065,12.182232,15.46175,12.987231,9.6820965,8.741104,6.1285806,6.372652,6.3293433,8.011066,11.287103,12.410339,15.633416,17.14227,16.786959,16.74193,13.834948,12.787795,13.750916,10.00059,11.863103,11.829362,11.2342,12.851343,14.201143,15.5382805,13.849213,17.682682,13.357527,17.856817,16.755562,20.776337
20,29.244162,25.564898,26.606369,21.141476,21.19792,23.866762,18.96718,23.952232,20.91219,24.98943,25.583399,27.203592,25.43894,22.884686,18.272873,16.211985,13.085932,10.598406,7.3676558,4.5497403,0.0,3.516262,6.035045,5.320235,7.829441,9.760439,11.523909,14.929665,15.642585,19.890572,19.348448,25.144371,27.069548,29.008198,24.417501,21.470516,24.627132,25.686724,20.560259,19.404491,24.100641,21.299282,17.305922,20.082539,23.549635,18.786032,16.861927,21.801765,23.18123,25.930147,23.987095,19.874964,25.549679,26.339228,22.493488,19.551321,17.497858,17.605,22.588577,23.785513,19.456408,22.112793,25.985184,29.27855,26.876324,23.842432,26.134222,25.095722,20.267048,21.091581,22.141323,19.6011,16.440735,15.574044,13.975866,13.066548,10.561183,11.688805,8.696629,11.760764,10.593269,13.4384575,12.183117,9.595271,10.323892,5.575064,9.262005,7.424064,10.608912,13.088934,14.694273,17.350502,18.092518,16.9848,17.273607,13.097715,13.268567,13.515445,9.336259,12.6904,11.121801,12.497659,13.143999,14.272415,16.835499,15.53587,20.336123,16.550404,21.295914,20.734468,24.786268
21,31.066671,27.208393,28.569921,23.153671,23.145308,26.29714,21.118011,26.231985,23.33883,27.125921,27.897268,29.14964,27.29398,24.744015,19.626926,18.427586,14.836686,13.103758,9.267853,6.8658752,3.516262,0.0,5.3490744,5.9709563,7.8567643,9.716936,12.928594,16.074348,17.616459,21.451591,21.79174,27.39407,29.35791,31.638542,27.234417,24.167805,27.450087,28.807951,23.745005,22.436867,27.28384,24.744635,20.68314,23.293133,26.941,22.274881,20.021032,24.987919,26.508558,29.309021,27.488487,23.20191,28.946854,29.829945,25.90864,22.87629,20.972578,20.869682,25.854376,27.264088,22.757977,25.285057,29.162281,32.517723,30.17181,26.970585,28.974329,27.703737,23.099997,23.865467,24.389746,21.696754,19.066628,17.696348,16.824566,15.38711,13.30112,15.00254,11.564113,14.949511,13.354609,15.592017,14.488942,12.484896,13.675623,8.907203,12.505597,9.979876,12.568283,14.35198,15.333608,17.82239,18.605806,16.783829,16.548344,11.715734,11.764972,11.029466,6.650242,10.623278,9.045842,11.336842,12.247236,13.868452,16.69808,15.150326,20.607983,16.678442,21.444937,21.258236,25.19505
22,33.313206,29.770666,31.469057,26.04143,26.58924,29.408514,24.803698,29.89809,26.838398,30.968416,31.369173,33.010395,31.003918,28.670246,23.59085,21.825232,18.878248,16.101076,13.364305,9.671654,6.035045,5.3490744,0.0,6.677196,9.669311,12.955502,15.000062,18.791,20.07993,23.813091,24.211226,29.267694,32.134266,33.667763,28.909424,26.551668,29.894657,30.347563,25.258394,24.664286,29.181398,25.461493,21.997028,25.20591,28.097725,22.41656,21.507996,26.415396,26.970016,30.085531,27.59826,22.908508,28.216324,29.25673,24.697027,21.240114,20.409605,19.566553,24.115791,26.728073,22.759085,24.203314,28.128721,31.757334,30.246151,27.37579,28.84736,28.130907,23.519354,23.01292,24.053133,22.156294,18.896646,16.148878,15.641835,12.7067,10.95001,13.718244,9.757044,14.603068,14.099435,16.668612,16.912785,14.685167,15.362032,10.511415,13.593435,9.134506,12.2645035,13.006335,14.854061,16.400345,16.099508,14.070539,14.874035,9.831484,12.075967,12.495996,9.751867,14.674324,14.17406,16.485823,17.576305,19.026762,21.97062,20.432646,25.689781,21.39681,26.058462,25.277826,29.082413
23,34.16074,30.53065,31.146461,25.715874,25.377674,27.46468,22.352,26.566832,22.828856,26.598755,26.42482,27.821373,25.361212,23.47269,17.813011,16.572182,14.033946,11.130348,10.708008,5.0180306,5.320235,5.9709563,6.677196,0.0,3.4232717,6.957858,8.380324,12.186742,13.781002,17.217623,18.392979,23.06207,26.220701,27.955647,23.477669,21.182215,24.930727,25.690546,20.852547,20.317701,25.30564,22.243889,18.725384,22.351582,25.489082,20.847467,20.268385,24.95343,26.097666,28.43888,25.726164,22.695131,27.740623,27.886978,23.858648,20.195269,18.282942,17.231625,22.404108,24.296652,18.956331,20.980545,24.771227,28.232782,26.274532,22.784136,23.98865,22.647165,18.372221,18.728079,18.756413,16.23894,13.8855505,12.095677,12.130978,10.925773,9.948901,12.83443,11.186768,15.106017,15.068312,18.391,16.92547,13.760784,12.886442,9.439497,9.5302105,5.5555444,6.87972,8.463083,9.549632,12.185311,13.267587,12.208213,12.221759,8.900094,8.740406,10.415675,7.7893167,11.27502,12.985809,13.111927,15.597867,17.521942,19.165783,17.021015,21.398514,16.275423,20.629873,19.204847,22.87975
24,35.896534,32.159863,32.416218,27.073498,26.268545,28.230648,22.775845,26.531693,22.584444,25.906975,25.53678,26.528141,23.772417,22.170702,15.900584,15.648557,13.127689,10.889763,11.371893,5.946587,7.829441,7.8567643,9.669311,3.4232717,0.0,4.001109,6.388884,9.681558,12.185715,14.996493,17.304712,21.548454,24.79769,26.906725,22.813534,20.461533,24.437567,25.60895,21.055595,20.403233,25.640675,23.229689,19.686905,23.260555,26.616482,22.683702,21.959467,26.479671,28.012625,29.983921,27.336277,25.00066,29.933727,29.734499,26.023136,22.370087,20.043453,18.929325,24.214598,25.738398,19.769735,22.039429,25.643608,28.954193,26.774023,22.91763,23.815634,21.952448,18.163578,19.078861,18.121868,15.125561,13.941867,12.678325,13.419771,12.977547,12.574143,15.355223,14.338192,17.788488,17.61595,20.8685,18.757454,15.580507,14.394429,11.676897,10.690619,7.799023,7.206863,8.5582695,8.188386,11.312655,13.287064,12.322941,11.379742,9.006481,6.998356,8.827104,6.87101,9.068635,12.477601,11.50934,14.962946,17.307817,18.233644,15.638479,19.68656,14.005152,18.070534,16.46334,19.944042
25,35.559372,31.722734,31.548481,26.39592,25.057268,26.961714,21.182968,24.501812,20.55946,23.362976,23.067492,23.601261,20.783386,19.237343,12.595862,13.395274,10.641718,9.690341,10.609076,6.7754254,9.760439,9.716936,12.955502,6.957858,4.001109,0.0,5.459418,7.1863666,10.362647,12.855761,15.577783,19.95548,22.501749,25.276337,21.677374,18.856714,22.817795,24.743734,20.464336,19.32945,24.745832,23.40415,19.63598,22.730642,26.506372,23.55628,22.142118,26.449162,28.61042,30.200863,27.998894,26.221323,31.221245,30.816107,27.65094,24.349598,21.384186,20.756725,26.12103,26.762192,20.474283,23.44311,26.842154,29.836433,27.079569,22.99238,24.164,21.793705,18.32423,20.31426,18.800081,15.187261,14.955437,15.022519,15.497765,16.113783,15.549702,17.542986,16.923918,19.45759,18.846178,21.840403,18.912075,15.938951,14.775692,12.856816,11.549979,10.636631,9.503248,11.4010105,10.194961,13.681752,16.300919,15.613832,14.059602,12.284264,8.960768,9.766808,7.600693,7.1930537,11.179586,8.71496,12.803169,15.341634,15.40298,12.514663,16.09051,10.136747,14.094657,12.672707,16.236298
26,35.70093,32.217484,31.456163,26.440437,25.059198,25.884214,20.667513,23.136377,18.642124,21.60349,20.445326,21.488152,18.38924,17.384518,11.278538,10.935554,10.027507,7.5860085,11.720034,7.3490314,11.523909,12.928594,15.000062,8.380324,6.388884,5.459418,0.0,4.149198,5.963727,8.840164,11.271288,15.177899,18.631918,20.653917,16.812124,14.700075,18.899977,20.150534,16.11944,15.716857,20.982035,19.294495,16.136885,19.869968,23.044659,20.4232,20.320267,24.13232,25.947563,27.075344,24.346128,23.747793,28.035255,27.052372,24.150568,20.792063,17.637836,16.702383,21.95284,22.421356,15.710473,18.613121,21.791073,24.664343,21.985563,17.778936,18.720322,16.353157,12.945216,15.183497,13.596722,9.898674,9.838485,11.089428,11.473512,13.436092,13.413823,15.117103,16.155285,18.168407,18.615465,22.168583,19.179146,15.614286,12.948499,12.701127,8.650538,8.935455,6.305921,8.967011,8.283031,11.960225,14.726853,15.431484,14.704977,14.392725,11.872312,14.227532,12.5502205,12.604101,15.961677,13.193785,16.650747,18.579243,18.190626,15.690018,17.74315,12.044596,15.238473,12.492727,15.83495
27,36.990875,33.50335,32.22903,27.524221,25.605179,26.10872,20.788595,22.368494,17.799984,19.930676,18.475716,18.918077,15.472891,15.000847,8.433444,9.798984,9.557434,8.79262,13.508059,10.587827,14.929665,16.074348,18.791,12.186742,9.681558,7.1863666,4.149198,0.0,4.475234,5.6802845,9.775849,13.018752,16.032291,18.74472,15.751988,13.464153,17.683357,19.671516,16.35277,15.658517,20.896904,20.437658,17.407467,20.6301,23.982533,22.539766,22.084982,25.459936,27.768774,28.370522,25.992868,26.218653,30.304647,28.990416,26.699242,23.675556,20.104504,19.472155,24.53269,24.215145,17.294014,20.603865,23.339417,25.763563,22.646435,18.229342,19.09426,16.070335,13.611849,16.885,14.384151,10.220486,11.886286,14.194458,14.686215,17.267246,17.337673,18.57286,19.917223,21.305143,21.510458,24.827028,21.259388,17.945318,15.262973,15.7781925,11.614806,13.006682,10.195425,12.460848,10.918942,14.451862,17.681503,18.5409,17.269562,17.537624,14.193154,16.109877,14.759148,13.301679,17.116829,13.282621,17.035505,19.00121,17.591652,14.950158,15.711897,9.949778,12.092292,8.727437,11.804178
28,34.74794,31.571697,29.863419,25.39107,23.47119,23.190191,18.464706,19.447025,14.647138,17.049063,15.158701,16.288105,13.031804,12.595647,7.6708994,6.852166,8.454177,6.959222,13.198194,11.105058,15.642585,17.616459,20.07993,13.781002,12.185715,10.362647,5.963727,4.475234,0.0,4.940911,5.501688,9.958213,12.677971,14.931816,11.50377,9.155318,13.4417715,15.211644,11.949013,11.463548,16.563133,16.289303,13.556602,16.813002,19.875277,19.070408,19.0775,21.938269,24.204962,24.425394,22.064884,23.099144,26.76405,25.171883,23.38687,20.787182,16.851963,16.682356,21.484703,20.387667,13.558199,17.419071,19.941746,22.072474,18.54348,14.197814,15.836051,12.9939375,10.127758,14.321379,12.699494,8.702663,9.703477,13.609613,12.950882,16.620316,16.432962,16.661057,18.963308,19.375904,20.013016,23.410433,19.741968,16.339966,12.947359,14.88472,9.7092085,12.886591,10.476659,13.489079,13.044881,16.41639,19.240917,20.698559,20.151901,20.324474,17.68725,19.802893,17.825752,16.882013,19.352123,15.765305,18.528473,19.820644,18.39106,16.410965,16.339333,11.829931,13.76406,10.444261,13.469449
29,39.24598,36.099762,34.105724,29.866503,27.664228,27.07697,22.466286,22.563131,17.808247,19.159338,16.587534,16.949001,13.078132,13.96051,9.078859,10.4374485,12.39126,11.817382,17.762016,15.392542,19.890572,21.451591,23.813091,17.217623,14.996493,12.855761,8.840164,5.6802845,4.940911,0.0,7.3796697,7.815124,11.783806,14.124428,12.087716,10.956723,15.067782,16.834713,14.889431,14.857883,19.381248,19.672651,17.660437,20.781567,23.459715,23.292805,23.728413,26.19629,28.434183,28.216486,25.718727,27.54638,30.706024,28.67963,27.16387,24.472757,20.732256,20.060389,24.491915,23.462755,16.482946,19.704325,21.618174,23.386559,20.141424,15.653046,15.968725,12.3590975,11.552657,15.697319,12.38819,8.394717,11.895778,15.617974,16.138985,19.752096,20.280891,21.00731,23.487856,24.176712,24.939468,28.344395,24.609224,21.266415,17.854492,19.703716,14.387976,16.743872,13.444996,15.429511,13.961698,16.917303,20.179853,21.934738,20.930382,22.24173,19.070658,21.418608,20.410099,18.750217,22.481075,18.331755,21.754639,23.355345,21.291626,18.995241,18.023731,13.331265,13.733249,9.469793,11.045847
30,33.442432,30.727747,28.236797,24.412788,22.268185,20.75049,17.084131,16.529705,11.694231,13.687669,10.909627,12.722852,9.85041,9.969629,8.610907,6.060448,10.056326,9.175132,15.627195,15.005739,19.348448,21.79174,24.211226,18.392979,17.304712,15.577783,11.271288,9.775849,5.501688,7.3796697,0.0,7.129248,8.03643,9.968336,6.6323156,3.7781775,8.097464,10.2040415,8.002472,7.6563454,12.027525,13.195198,11.307762,13.833997,16.40057,17.427975,17.783081,19.469519,21.91674,21.248854,19.295116,21.871418,24.732908,22.641203,22.008633,20.322584,15.975511,16.65123,20.651121,18.029715,11.883318,16.419209,18.189415,19.47552,15.13735,11.125875,13.927322,11.293128,8.996835,14.399808,13.680506,10.554944,11.278629,16.500217,14.815462,19.378082,18.952578,17.913029,21.124119,20.172379,21.095104,24.250135,20.39167,17.323929,13.572108,17.114758,11.776953,16.431164,14.573807,17.765882,17.874617,20.960516,23.506971,25.416605,25.251917,25.473934,23.11491,25.187529,22.85608,21.830719,23.299086,19.712969,21.5582,22.139711,20.3259,19.095308,17.585989,14.839838,15.871178,12.840825,15.239513
31,40.089813,37.58941,34.81789,31.285929,29.079659,27.00477,23.87641,22.34272,17.795946,18.59476,14.785148,15.86083,12.535228,14.582023,13.475297,12.919032,16.702328,15.781046,22.378563,20.71766,25.144371,27.39407,29.267694,23.06207,21.548454,19.95548,15.177899,13.018752,9.958213,7.815124,7.129248,0.0,7.2822886,7.0476203,6.4699616,8.340973,11.196433,11.704068,12.195678,13.400464,16.03718,17.083988,16.8431,19.564634,20.865025,22.389582,24.122845,25.184559,27.026176,25.734943,23.185295,27.079432,28.778946,25.916252,25.646034,23.783459,20.053827,19.708874,22.835796,20.576296,14.551443,17.547653,18.116524,18.6802,15.179739,11.248555,11.509824,7.9169517,9.527101,14.423139,11.925301,9.826747,13.086826,18.191723,17.859507,22.496557,23.139498,22.798498,26.56514,26.109295,27.60689,30.993568,27.374767,24.146461,20.08763,23.453428,17.420158,20.94389,17.973482,20.050497,19.528725,21.883562,24.587585,27.190517,26.949196,28.608376,26.100035,28.812168,27.506056,26.244585,29.10098,25.118303,27.729904,28.67131,26.468752,24.862852,22.743881,19.596273,19.36486,15.454697,16.134306
32,36.765594,34.490158,31.00626,28.3002,25.558096,22.892557,20.402334,17.336143,13.547111,12.805835,8.614166,9.308716,6.83932,9.619752,12.1237335,11.626754,15.87856,16.576538,22.416382,22.728226,27.069548,29.35791,32.134266,26.220701,24.79769,22.501749,18.631918,16.032291,12.677971,11.783806,8.03643,7.2822886,0.0,5.4247,7.527989,6.8505874,7.3281074,10.610816,12.139408,11.7723675,13.436745,17.33239,16.74855,17.544388,19.348366,22.798056,22.99364,23.231352,26.049595,24.158743,23.130718,27.310604,29.163456,26.506952,27.289232,26.46437,22.14434,23.175615,26.171211,22.316832,17.479364,21.659565,22.168213,22.107103,17.450232,14.457587,16.852873,14.097742,14.46622,19.963326,18.67128,16.239996,18.245247,23.69905,22.257845,27.053288,26.787561,25.369127,28.84008,27.194956,27.969555,30.65722,26.479673,24.021769,20.621822,24.620987,19.66393,24.46029,22.38283,25.242882,24.872635,27.746376,30.521627,32.676426,32.232075,32.957924,30.131754,32.007523,29.901325,27.975885,29.473404,25.323385,26.923388,27.200964,24.375666,23.552582,19.959526,18.951162,17.958963,15.252247,15.842043
33,38.361897,36.46949,32.969936,30.362719,28.071636,24.812342,23.188444,20.141775,16.446749,16.448479,12.174745,13.879725,12.081083,14.366061,16.58619,14.899529,19.358328,18.888227,25.12038,24.79354,29.008198,31.638542,33.667763,27.955647,26.906725,25.276337,20.653917,18.74472,14.931816,14.124428,9.968336,7.0476203,5.4247,0.0,5.2384944,8.086334,7.7487717,7.9428096,11.230163,12.466868,12.668806,15.6672,16.552326,17.816704,18.194172,21.839514,23.582552,23.224892,25.164557,22.858236,21.201729,26.4866,27.23148,24.027786,25.238043,24.6389,20.772272,21.524498,23.582975,19.586155,15.5287,18.908575,18.564785,17.835882,13.493697,11.222484,13.247677,11.239573,12.732333,17.716566,17.021696,15.7798195,17.50361,23.108532,21.579119,26.60991,26.69761,25.122326,29.311337,27.544712,29.075134,32.004154,28.34724,25.672209,21.75956,26.132963,20.580328,25.22878,23.090693,25.675188,25.781612,28.197292,30.57387,33.250137,33.338814,34.487396,32.218327,34.668255,32.701782,31.448034,33.075733,29.250679,30.885748,31.120262,28.773441,27.941523,24.912992,23.4273,22.928251,19.832607,20.470312
34,35.39863,33.349068,30.364336,27.19653,25.315256,22.50046,20.500948,18.689472,14.4592705,15.983675,12.2789135,14.813196,12.784521,13.860898,14.842117,11.896084,16.190704,14.756284,21.091776,20.374317,24.417501,27.234417,28.909424,23.477669,22.813534,21.677374,16.812124,15.751988,11.50377,12.087716,6.6323156,6.4699616,7.527989,5.2384944,0.0,4.900995,6.3544526,5.2680883,6.648224,8.655854,9.9846115,11.295335,11.937284,14.210392,14.7431965,17.208134,19.395926,19.631979,21.253214,19.555075,17.235266,21.928528,23.088337,20.103271,20.617508,19.664755,15.717287,16.416601,18.888845,15.278042,10.47332,14.306082,14.670015,14.772928,10.160969,6.937661,10.15032,8.434514,8.077729,13.323984,13.530294,12.213813,12.791952,18.490534,16.516428,21.580042,21.534397,19.903807,24.178225,22.56231,24.341755,27.502453,24.147053,21.201292,17.035925,21.384514,15.653324,20.321178,18.48745,21.271646,21.891493,24.351273,26.450619,29.064713,29.47704,30.273743,28.449759,31.03023,28.858318,28.253805,29.62987,26.26855,27.836226,28.102137,26.394245,25.488495,23.529451,21.381208,21.954483,18.798727,20.404505
35,31.859604,29.512466,26.560957,23.248585,21.073046,18.710638,16.028461,14.489129,9.944195,11.775508,8.597349,11.25457,9.3481655,9.467189,10.790904,7.320906,11.768014,11.147311,17.127443,17.405647,21.470516,24.167805,26.551668,21.182215,20.461533,18.856714,14.700075,13.464153,9.155318,10.956723,3.7781775,8.340973,6.8505874,8.086334,4.900995,0.0,4.354852,7.029638,5.8328457,5.387384,8.683332,11.225668,10.016643,11.612146,13.756009,16.179546,16.602785,17.36867,19.936092,18.67102,17.215057,20.688961,23.021482,20.732075,20.958258,20.05601,15.571056,16.9878,20.324167,16.599506,11.570114,16.429436,17.720526,18.39468,13.491854,10.232271,14.110697,12.128751,10.060788,15.547132,15.770987,13.332388,13.379586,18.892536,16.506248,21.317541,20.595695,18.712477,22.273872,20.405256,21.42197,24.291443,20.445213,17.750013,14.053736,18.381155,13.425027,18.718956,17.403358,20.749887,21.260391,24.246643,26.549519,28.58021,28.67135,28.68892,26.56958,28.543678,25.882801,24.954947,25.636095,22.25613,23.415516,23.49733,21.66827,20.988934,18.93682,17.33285,18.15517,15.615706,17.823853
