,0,1,2,3,4,5,6,7,8,9,10,11,12,13,14,15,16,17,18,19,20,21,22,23,24,25,26,27,28,29,30,31,32,33,34,35,36,37,38,39,40,41,42,43,44,45,46,47,48,49,50,51,52,53,54,55,56,57,58,59,60,61,62,63,64,65,66,67,68,69,70,71,72,73,74,75,76,77,78,79,80,81,82,83,84,85,86,87,88,89,90,91,92,93,94,95,96,97,98,99,100,101,102,103,104,105,106,107
0,0.0,4.3078675,6.0981574,9.610953,11.412861,15.986259,17.602106,21.958698,24.28269,27.100658,30.80133,33.711502,34.318527,35.386456,32.02118,31.045904,31.53958,29.294035,32.839127,30.451485,34.880672,35.957367,40.178493,34.29935,31.87061,28.150826,27.889084,23.848164,23.460241,21.150639,22.207092,21.338264,19.444185,23.82209,26.413908,24.6093,25.660719,29.868553,30.419098,28.779692,31.435852,35.664776,33.718792,34.046757,37.281956,40.016056,38.462345,39.53374,43.179264,41.72652,41.20948,43.60085,47.035095,44.842785,45.197495,43.661324,39.34463,39.80329,43.581936,40.77944,34.852543,37.697033,35.843105,38.89394,36.60813,32.644142,32.085026,28.180447,29.17563,33.92532,30.283703,26.244762,29.540968,32.641045,34.11112,37.491295,37.726734,37.678757,39.789528,40.362186,40.41537,43.30919,38.795914,36.53401,34.439007,35.736076,31.791082,33.28659,29.515684,30.583578,27.580978,23.321377,21.370876,19.12157,15.64364,17.915743,15.647817,21.38651,21.360298,24.952385,28.15625,27.951126,25.091333,27.803148,24.82422,25.146236,26.706274,26.392904
1,4.3078675,0.0,5.2698436,6.1695533,9.076859,12.992828,15.230023,19.155622,21.607372,24.504976,28.036226,30.914976,31.116793,32.162132,28.320976,27.77153,28.00807,26.089674,29.28125,27.299244,31.762213,32.63942,37.084538,31.47612,29.029982,25.203487,25.243519,21.497402,21.107433,19.535524,20.159159,20.675522,18.364058,23.262156,25.245375,22.730553,23.879986,28.471542,28.455685,26.403524,29.360485,33.58816,31.225256,31.365784,34.971306,37.480854,35.382294,36.667217,40.512264,39.31554,39.021557,40.87465,44.676716,42.786938,42.975014,41.490826,37.077057,37.79233,41.799282,39.00364,33.007988,36.313824,34.78401,38.026703,35.423313,31.306015,31.27776,27.424328,27.615595,32.509724,29.221653,25.002527,27.62575,30.946358,32.10335,35.480167,35.354282,35.17216,36.92734,37.44554,37.18435,39.88619,35.3104,33.232353,31.458548,32.56424,29.12029,30.789122,27.333174,28.834187,26.13942,21.925596,20.603304,18.678959,15.28409,16.35425,13.068452,18.478605,18.20352,21.593742,24.727089,24.217506,21.46594,23.881172,21.415615,21.469088,23.447058,23.090681
2,6.0981574,5.2698436,0.0,5.27343,5.9548216,10.381863,12.29039,16.223383,18.919008,21.311075,25.206263,27.965637,28.803873,30.119349,27.359478,26.438408,27.498339,25.569973,29.703,27.986958,32.64421,33.946236,38.30908,32.785423,30.713713,27.161402,26.235361,22.481995,21.039015,19.6029,18.701878,18.667847,15.004849,19.725094,22.478085,20.31727,20.698204,25.23434,26.016317,24.135002,26.287853,31.11932,29.274488,29.023487,32.19123,35.53465,33.78391,34.39151,38.1759,36.497623,36.429058,39.04352,42.28766,40.146233,40.93388,39.879044,35.42391,36.397045,39.938168,36.546947,31.149654,34.270844,32.902256,35.69781,32.753796,28.894432,29.210459,25.436146,25.929005,31.232712,28.222113,24.03086,26.85012,30.789198,31.413837,35.318863,35.18036,34.41666,36.76966,36.603355,36.618046,39.350765,34.654633,32.649193,30.562292,32.525246,28.670628,31.143328,27.822044,29.558628,27.10898,23.15921,21.620956,20.325512,16.366198,17.558678,14.173027,20.749832,19.22914,23.407162,26.660685,25.614084,22.55561,24.295143,21.016973,20.712967,21.8135,21.059185
3,9.610953,6.1695533,5.27343,0.0,4.1622553,6.863453,9.889906,13.09199,15.905152,18.525078,22.0942,24.8554,25.050722,26.275126,22.76434,22.416506,23.082006,21.600628,25.233368,24.068531,28.729395,29.768908,34.38141,29.248297,27.187216,23.571737,23.024591,19.757275,18.337303,17.968088,16.53702,18.502188,14.634079,19.904459,21.596077,18.435398,19.058992,24.058558,23.923592,21.46342,24.139843,28.829996,26.368383,25.920042,29.63944,32.547726,30.053852,31.034355,35.075825,33.811935,33.984917,35.789036,39.57426,37.863495,38.341606,37.300495,32.748478,34.01896,37.885666,34.611473,29.087023,32.80248,31.845654,34.91723,31.653904,27.604425,28.560661,24.91997,24.300095,29.666079,27.132504,22.80007,24.649536,28.772762,29.020601,32.841026,32.241608,31.349531,33.19003,33.002113,32.593872,35.083847,30.31732,28.539444,26.8992,28.558552,25.410942,28.058306,25.193953,27.447859,25.428972,21.646717,20.940052,20.052492,16.440695,16.10348,11.560338,17.430876,15.476091,19.344019,22.452274,20.97506,18.0688,19.354036,16.766212,16.073992,17.82334,17.070847
4,11.412861,9.076859,5.9548216,4.1622553,0.0,5.296186,6.456444,10.619295,13.01574,15.706139,19.407146,22.305468,23.071096,24.233757,21.722874,20.5698,21.899345,20.085188,24.600124,23.315228,28.044806,29.534197,33.896133,28.737034,27.019346,23.749483,22.266584,18.962555,16.724407,16.342747,13.825452,15.3444395,10.682435,15.902424,17.929756,15.076981,15.356836,20.250015,20.614363,18.42873,20.692396,25.583496,23.559301,23.124464,26.451874,29.778683,27.86381,28.455433,32.289764,30.719507,30.777664,33.201992,36.54904,34.58017,35.364895,34.5018,29.968302,31.279404,34.82154,31.261997,26.037642,29.544817,28.63589,31.442772,28.051136,24.144907,25.241774,21.671076,21.290096,26.871178,24.508564,20.25208,22.308575,26.795286,26.73438,30.899828,30.40693,29.189995,31.584963,31.014933,30.997265,33.671062,28.94225,27.018038,24.947266,27.255957,23.555328,26.679544,23.849018,26.165508,24.335077,20.850426,19.982788,19.664433,15.786508,15.502683,11.33359,18.026735,15.209465,19.74478,22.933168,21.32174,18.142057,19.320213,15.6085415,15.185051,15.918989,15.324218
5,15.986259,12.992828,10.381863,6.863453,5.296186,0.0,5.598741,6.387183,10.056396,11.873587,15.629031,18.162134,18.596102,20.168806,17.669363,17.450127,19.02768,18.21261,22.539932,22.490704,27.167181,28.479092,33.05175,28.651567,27.210863,24.131054,22.724813,20.2455,17.559258,18.576672,14.495887,17.858294,12.182873,17.251963,18.603502,14.906221,14.414506,19.730913,19.673624,16.799032,18.680687,24.08596,21.732061,20.334269,24.002146,27.656078,24.816935,25.139364,29.376947,27.884003,28.732685,30.6891,34.232048,32.687008,33.692917,33.331177,28.703806,30.68734,34.157993,30.203905,25.599995,29.632025,29.424128,32.077366,28.036005,24.293219,26.486885,23.319344,21.851562,27.607006,26.120525,21.962807,22.851627,27.81254,26.886276,31.200006,30.097689,28.240234,30.313473,29.073883,28.595781,30.788576,25.855913,24.529789,23.003092,25.580551,22.798594,26.684832,24.665466,27.622053,26.449415,23.410656,23.249186,23.419804,19.863394,18.477505,13.671102,19.2372,15.518316,19.635593,22.462048,19.901937,17.010206,16.497726,13.641429,11.713492,12.509328,10.893199
6,17.602106,15.230023,12.29039,9.889906,6.456444,5.598741,0.0,5.955609,6.7681623,10.073498,13.387596,16.559036,17.60463,18.456467,17.033756,14.991989,17.11361,15.286446,20.671318,19.875694,24.521029,26.42885,30.513765,25.888458,24.814768,22.2131,19.697279,17.154425,13.702993,14.653058,9.559261,12.748267,6.9515204,11.981246,13.010038,9.491981,9.283326,14.48476,14.585961,12.198229,14.298778,19.341785,17.404604,16.75221,19.997923,23.54328,21.840954,22.16416,25.892962,24.272598,24.387121,26.965788,30.148233,28.225508,29.18293,28.653244,24.084335,25.8073,29.106747,25.211529,20.46509,24.24293,23.928776,26.521595,22.592684,18.812805,20.932993,17.834118,16.518223,22.363476,20.966074,16.950922,18.063726,23.221167,22.17393,26.730728,25.915037,23.993021,26.74033,25.472256,25.671272,28.363676,23.696663,21.80172,19.501257,22.606321,18.851482,22.939505,20.825169,23.689837,22.718897,20.13077,19.90782,20.77694,17.299805,15.771365,11.881241,17.907917,13.606101,18.378584,21.289877,19.109503,15.90455,16.251705,11.516548,11.19706,10.465543,10.383146
7,21.958698,19.155622,16.223383,13.09199,10.619295,6.387183,5.955609,0.0,4.855969,5.5176053,9.321726,11.833638,12.719251,14.410322,13.624792,12.964076,15.672592,15.409585,20.379034,21.220034,25.62101,27.264523,31.50311,27.879103,27.12795,24.77616,22.512285,20.908062,17.305557,19.435541,13.426598,17.794397,11.595931,15.552144,16.060184,12.126587,10.458799,15.650769,15.4961,12.360461,13.267858,19.145407,17.011698,14.701662,18.209991,22.494295,19.579483,19.205786,23.498041,21.811108,23.19579,25.32401,28.553774,27.16194,28.608618,28.8774,24.303743,26.905266,29.900444,25.42164,21.862099,26.065557,26.614397,28.812023,24.163445,20.868816,24.207989,21.724731,19.426613,25.19419,24.819937,21.13398,20.998241,26.461761,24.449749,29.064604,27.568926,24.83712,27.182915,24.939695,24.561813,26.53171,21.640385,20.681372,19.16671,22.67986,20.232695,25.115992,23.982244,27.383112,27.039759,24.861506,25.167524,26.227545,22.968227,20.860872,16.5357,21.3356,16.558374,20.54918,22.941217,19.762058,17.099737,15.204301,11.950497,9.386024,8.139541,5.8456
8,24.28269,21.607372,18.919008,15.905152,13.01574,10.056396,6.7681623,4.855969,0.0,4.81667,6.815537,10.252294,11.313328,11.895173,12.037962,9.482382,12.766692,11.869449,17.585667,18.154638,22.346634,24.405802,28.203815,24.725813,24.405464,22.61665,19.586338,18.430523,14.3504305,17.004747,10.207189,15.248014,10.092553,13.138511,12.32631,8.123692,6.6667166,11.643073,10.757049,7.5110044,8.99647,14.398018,12.22573,10.395811,13.968458,17.88331,15.653516,15.517809,19.472012,17.944618,18.719147,20.961065,24.193697,22.700537,23.903214,24.052546,19.478958,22.082617,25.054272,20.695608,17.069744,21.377459,22.156586,24.370836,19.6861,16.38582,20.102608,18.004515,15.12006,20.749733,20.902647,17.573275,16.855825,22.447548,20.012203,24.733742,23.225128,20.267014,22.983171,20.584415,20.657053,22.987318,18.338621,16.955324,14.917079,18.921076,16.069519,21.289839,20.503895,23.992777,24.124521,22.591444,23.19953,24.894777,22.045591,19.46486,15.925264,20.159958,14.993061,18.998106,21.198591,18.219465,15.565632,14.091292,9.610344,8.518798,5.3865776,5.677009
9,27.100658,24.504976,21.311075,18.525078,15.706139,11.873587,10.073498,5.5176053,4.81667,0.0,4.453232,6.7485485,8.89282,10.686296,12.703121,11.391699,15.186807,15.404315,20.656237,22.126167,26.047962,27.973885,31.718832,28.832045,28.69148,27.018768,24.105745,23.190615,19.104021,21.773062,14.854811,19.26049,13.322983,15.614586,15.441258,12.035731,9.156931,13.284621,13.325116,10.4286,9.444775,15.759175,14.264041,10.838755,13.696244,18.909193,16.253757,14.758999,18.949135,16.85501,18.912046,21.478521,24.088768,22.783775,24.859262,25.874075,21.520317,24.672976,26.966957,21.926691,19.795715,23.875923,25.140913,26.712736,21.58541,19.01041,23.295296,21.598242,18.844711,24.304747,24.946499,21.906675,21.017252,26.655851,23.751278,28.508116,26.771933,23.269016,25.931757,22.693132,22.555119,24.258787,19.658722,19.113533,17.591984,21.96483,19.839603,25.375158,25.000233,28.559313,28.853151,27.399828,27.935991,29.571562,26.55625,24.196491,20.474869,24.70861,19.542904,23.255274,25.23698,21.838064,19.514284,16.847473,13.580791,11.187358,7.9653835,5.900979
10,30.80133,28.036226,25.206263,22.0942,19.407146,15.629031,13.387596,9.321726,6.815537,4.453232,0.0,3.6436894,5.6935706,6.6810875,10.624651,8.846312,13.051773,13.850015,18.781816,20.878372,24.260475,26.23959,29.6036,27.482914,27.804056,26.701666,23.589113,23.461561,19.357494,22.68255,15.672315,20.709858,15.865426,17.3588,15.935664,12.606745,10.12521,13.025903,12.005814,9.129217,7.758149,13.099165,11.449476,7.1439557,10.212188,15.207049,12.186359,10.357388,14.702858,12.941024,15.414854,17.376726,20.146757,19.30028,21.278625,22.642603,18.477005,22.06199,24.16108,19.182487,17.825596,22.079897,23.953953,25.375591,20.125809,17.955061,22.838465,21.775694,18.22429,23.089453,24.573536,22.053152,20.155907,25.649107,22.109093,26.677067,24.582968,20.627735,23.107784,19.277044,19.086855,20.519693,16.187296,16.014635,14.800067,19.459494,18.080694,23.881884,24.293873,28.028309,28.922836,28.092134,29.081335,31.129702,28.547455,25.656734,22.303308,25.518143,20.2252,23.350634,24.8495,21.324127,19.455353,16.259644,13.443721,11.404539,7.449965,6.720414
11,33.711502,30.914976,27.965637,24.8554,22.305468,18.162134,16.559036,11.833638,10.252294,6.7485485,3.6436894,0.0,4.3150873,6.3841696,11.77759,11.195246,15.197796,16.720192,21.028046,23.733946,26.818502,28.631086,31.888315,30.30926,30.770285,29.79303,26.832253,26.933586,22.895878,26.310865,19.306265,24.208206,19.155941,20.36739,19.12834,16.120476,13.355041,15.656353,14.94491,12.410762,10.136151,15.057701,13.835951,8.953538,11.057641,16.372383,12.959937,10.082021,14.420249,12.496769,16.10917,17.830206,20.136425,19.70527,22.164438,24.151478,20.333313,24.222012,25.847542,20.66643,20.391312,24.44488,26.65418,27.694109,22.322561,20.67426,25.796238,25.009531,21.452454,26.04426,27.858334,25.530865,23.430586,28.828772,25.02679,29.460478,27.174547,22.954916,25.183037,20.861776,20.41774,21.208994,17.158798,17.730255,17.083748,21.68737,20.995792,26.835024,27.5801,31.365515,32.41528,31.677065,32.717793,34.760838,32.153427,29.260809,25.787268,28.829899,23.560469,26.404776,27.689734,23.939526,22.364948,18.506256,16.56066,13.996864,10.475986,8.97912
12,34.318527,31.116793,28.803873,25.050722,23.071096,18.596102,17.60463,12.719251,11.313328,8.89282,5.6935706,4.3150873,0.0,3.6255958,8.223787,9.326859,12.591836,15.138898,18.356335,21.868196,24.698715,26.099167,29.52222,28.472374,28.929451,28.00716,25.60972,26.190744,22.570484,26.46169,19.908878,25.707073,21.129324,22.9607,21.168137,17.514973,15.624403,18.30536,16.452417,13.402157,12.671128,16.484726,14.19527,9.543593,12.812953,16.4625,11.429088,9.792985,14.6192,13.940551,17.436321,17.371677,20.79242,21.079758,22.67235,24.35947,20.545986,24.499897,26.672531,22.161573,21.314034,25.81944,28.08525,29.578411,24.418356,22.452522,27.489614,26.62663,22.47854,26.818302,28.692715,26.28027,23.580414,28.729704,24.931473,28.981335,26.312181,22.235046,23.587337,19.435904,18.206154,18.495039,14.242018,15.429438,15.724251,19.642399,20.094542,25.730862,26.873947,30.857836,32.095253,31.419516,32.868275,34.864437,32.531254,29.158155,25.46042,27.538336,22.416939,24.543594,25.441969,21.418892,20.337673,15.70299,15.118218,12.092839,9.41248,8.065507
13,35.386456,32.162132,30.119349,26.275126,24.233757,20.168806,18.456467,14.410322,11.895173,10.686296,6.6810875,6.3841696,3.6255958,0.0,7.261119,7.125472,10.346868,12.95185,15.945942,19.54492,21.964916,23.492403,26.561565,25.878807,26.644701,26.157396,23.55555,24.613735,21.084991,25.256876,18.939291,24.983637,21.338997,22.822638,20.241562,16.681383,15.406814,17.472887,14.788438,11.9400625,11.817715,14.205103,11.570163,7.2357087,10.837587,13.281962,7.830795,6.9160905,11.809324,11.925751,14.935204,14.023006,17.997017,18.568026,19.590666,21.13152,17.43323,21.446829,23.723799,19.65285,18.817698,23.40664,25.872427,27.46117,22.505905,20.624916,25.715763,25.173332,20.60951,24.426115,26.692997,24.632198,21.367188,26.247465,22.210436,26.024055,23.203293,19.015158,20.218714,15.894837,14.697668,15.070864,10.965225,12.162085,12.603655,16.572351,17.416376,23.018585,24.604248,28.593506,30.185642,29.949112,31.667458,33.93842,31.964378,28.298325,25.050674,26.467947,21.397202,23.17622,23.787027,19.95625,19.113005,14.7619705,14.058094,12.00522,9.077854,9.398073
14,32.02118,28.320976,27.359478,22.76434,21.722874,17.669363,17.033756,13.624792,12.037962,12.703121,10.624651,11.77759,8.223787,7.261119,0.0,5.8094053,5.9982715,9.842317,11.118403,15.360044,18.114613,18.880243,22.868425,21.928457,22.105017,21.08169,19.714193,20.897238,18.279858,22.68417,17.610872,24.539164,21.408514,24.260437,21.646,17.134314,17.207815,20.54523,17.05751,13.485732,15.863202,18.031685,14.03961,11.637838,16.421785,17.089376,10.980581,13.006911,17.528856,18.41033,20.17793,18.085745,23.321886,23.939613,23.67741,23.9371,19.943012,23.242735,26.789036,23.779293,20.809702,25.900553,27.672377,30.245293,25.83278,22.955793,27.18214,25.910496,21.165586,25.095451,26.4913,23.824812,20.543917,25.034101,21.873896,25.198874,22.251694,19.141645,19.11589,16.480356,14.218755,14.731698,9.775163,10.671614,12.070718,14.08876,15.830029,20.597061,21.932198,26.050117,27.348219,26.671545,28.740437,30.585049,28.877153,24.780478,21.048307,21.306904,16.692987,17.58016,17.968943,13.732404,13.347398,8.003525,9.712557,6.964136,7.0143127,7.8938055
15,31.045904,27.77153,26.438408,22.416506,20.5698,17.450127,14.991989,12.964076,9.482382,11.391699,8.846312,11.195246,9.326859,7.125472,5.8094053,0.0,4.4010487,5.874516,10.005994,12.683057,15.68626,17.478144,20.913193,19.253885,19.782377,19.168163,16.461462,17.571384,14.292115,18.72966,13.195917,19.947847,17.687336,19.766207,16.480846,12.290392,12.839514,15.47625,11.474092,8.127184,11.2835245,12.603309,8.404979,7.10219,12.068151,12.423464,7.847025,10.322203,14.322037,14.991117,15.577818,14.41865,19.470291,19.452477,19.038877,18.955486,14.667846,17.839096,21.432573,18.424372,15.026763,20.12299,21.874836,24.453714,20.145975,17.21914,21.487654,20.469276,15.568357,19.44426,21.095533,18.737398,15.289461,20.054108,16.590382,20.361706,17.688667,14.269917,15.449345,12.634224,11.667517,13.633733,8.874788,7.878961,7.3656044,10.992534,11.049084,16.498863,17.750837,21.8074,23.29908,23.053719,25.02039,27.33729,25.743685,21.721508,18.835817,19.625082,14.62531,16.37184,17.135,13.692029,12.541787,9.54802,7.5178328,7.491748,4.9860034,8.359453
16,31.53958,28.00807,27.498339,23.082006,21.899345,19.02768,17.11361,15.672592,12.766692,15.186807,13.051773,15.197796,12.591836,10.346868,5.9982715,4.4010487,0.0,4.5502734,5.8506765,9.650577,12.340171,13.5946865,17.403263,16.14587,16.602098,16.11127,14.276838,16.122383,13.842346,18.570442,14.475765,21.555918,20.21114,22.705135,19.16432,14.872986,16.319197,19.000072,14.524101,11.456962,15.391741,15.698267,11.152149,11.085358,15.838249,14.5264,9.628534,13.431673,16.982584,18.45636,18.583937,16.024496,21.784435,22.201649,20.811438,20.029087,16.046373,18.686848,22.89552,20.957485,16.841694,21.973278,23.483528,26.53758,22.816221,19.676117,23.32356,22.206783,17.115898,20.31805,21.748999,19.421755,15.530019,19.488499,16.496153,19.449934,16.491625,13.892348,13.658867,12.080402,10.175707,12.042183,7.3103733,6.1033816,7.123207,8.369297,10.197008,14.651549,16.317492,20.436152,22.095085,21.98225,24.437923,26.647806,25.563105,21.081232,18.30899,17.4844,13.063268,13.491071,13.615109,10.045775,9.75574,6.6278358,6.8327966,7.674842,7.6646733,10.983533
17,29.294035,26.089674,25.569973,21.600628,20.085188,18.21261,15.286446,15.409585,11.869449,15.404315,13.850015,16.720192,15.138898,12.95185,9.842317,5.874516,4.5502734,0.0,6.459996,7.0432262,10.644362,12.794009,16.380215,13.698919,14.065527,13.543802,10.612879,12.155227,9.5279045,14.292248,10.557641,17.51017,17.240877,19.519299,15.665351,11.596293,13.998416,16.4229,11.743271,9.148148,14.089407,13.869277,9.406466,11.058463,15.446968,13.943422,11.14165,14.829404,17.785362,18.87346,17.86747,16.395544,21.753939,21.454464,19.8324,18.32824,14.107973,16.016975,20.60807,18.987282,13.670557,18.730793,19.724854,23.13031,19.81888,16.277452,19.331053,18.031948,13.017654,16.30209,17.32585,14.921487,11.128933,15.278243,12.643356,15.972221,13.52084,11.418163,12.260313,11.65312,11.127546,14.194754,10.217522,7.2936115,5.7620864,7.4203596,6.4005795,11.148876,12.177914,16.292177,17.840843,17.82399,20.214214,22.658152,21.707327,17.25008,15.174522,14.69322,10.112,11.4038,12.147804,9.661378,8.360152,8.331793,5.0381556,8.527423,7.9934864,12.116834
18,32.839127,29.28125,29.703,25.233368,24.600124,22.539932,20.671318,20.379034,17.585667,20.656237,18.781816,21.028046,18.356335,15.945942,11.118403,10.005994,5.8506765,6.459996,0.0,5.711804,7.2141314,7.8161526,11.997285,11.168652,11.7274885,11.90615,11.159109,14.197918,13.533804,18.172482,16.302324,23.097471,23.341969,25.862146,21.91241,17.978743,20.432299,22.733,17.838743,15.44957,20.068764,19.032572,14.521685,15.959002,20.268074,17.222624,13.361427,18.015429,20.681694,22.80736,21.983994,18.439342,24.5419,25.172087,22.59828,20.76457,17.388672,18.974297,23.790836,23.340792,18.408607,23.22333,24.314995,27.87846,25.11546,21.857117,24.52248,23.460918,18.40214,20.376333,21.529352,19.582169,15.304249,17.73203,15.607665,17.18607,14.1445875,13.136212,11.155634,12.023569,9.83416,11.941939,8.908547,6.9116945,8.5421715,5.6775613,9.416434,11.541053,13.804618,17.667347,19.65413,20.04444,23.10429,25.30363,25.11278,20.235062,18.33102,15.212238,12.209756,10.549805,9.42929,6.9162307,8.2037115,7.6809077,9.190716,11.628365,12.810639,16.257147
19,30.451485,27.299244,27.986958,24.068531,23.315228,22.490704,19.875694,21.220034,18.154638,22.126167,20.878372,23.733946,21.868196,19.54492,15.360044,12.683057,9.650577,7.0432262,5.711804,0.0,4.7358894,6.8667283,10.672766,6.914625,7.112143,7.432056,5.516661,9.0709715,9.331439,13.5546665,13.540206,19.537268,21.35246,23.672504,19.60833,16.264032,19.650055,21.62049,16.84216,15.199851,20.439096,18.911789,14.823994,17.631775,21.508709,18.321484,16.402748,20.857437,23.01716,24.745905,22.834482,20.391483,25.97836,25.87563,22.997992,20.251472,16.911976,17.288988,22.520515,22.734903,16.560646,20.912886,21.168053,25.202663,23.25438,19.653757,21.138893,19.840652,15.294657,16.773146,17.09285,15.21218,11.300759,12.91207,12.039739,13.335928,11.152943,11.718951,10.663823,13.26384,12.681877,15.860864,13.4458275,10.231641,9.597002,6.6491113,6.7701583,6.9094763,8.322498,12.084801,13.986941,14.642254,17.889917,20.281267,20.609467,15.699449,15.027445,11.35644,9.129175,7.586471,7.042358,7.161457,7.2766657,10.6059265,9.387129,13.570861,14.54373,18.431908
20,34.880672,31.762213,32.64421,28.729395,28.044806,27.167181,24.521029,25.62101,22.346634,26.047962,24.260475,26.818502,24.698715,21.964916,18.114613,15.68626,12.340171,10.644362,7.2141314,4.7358894,0.0,3.5230758,5.9957695,4.489778,6.492453,9.017587,8.123918,12.451944,13.371273,17.188519,17.72096,23.264774,25.65504,27.489885,23.031357,20.153835,23.505037,24.79742,19.766605,18.585785,23.53731,20.855423,16.999863,20.12471,23.5537,19.05044,17.50944,22.387238,23.834482,26.22145,23.979057,20.425127,26.124466,26.517567,22.833113,19.707756,17.270918,17.188503,22.349588,23.677885,18.076492,21.963804,22.451254,26.377668,25.007309,21.91107,23.218126,22.550714,17.932766,17.968597,18.934048,18.01607,13.560464,13.562793,12.690421,12.273578,9.703487,11.259868,8.313749,12.401332,11.694603,14.583107,13.683878,10.752726,11.004346,6.1494975,8.72312,6.633805,9.864286,12.810108,15.533003,17.197227,20.715746,23.247213,24.204987,19.362457,19.36549,14.763891,13.583024,11.0025835,9.175097,10.145006,11.402747,13.996842,13.841196,17.65764,18.461063,22.363995
21,35.957367,32.63942,33.946236,29.768908,29.534197,28.479092,26.42885,27.264523,24.405802,27.973885,26.23959,28.631086,26.099167,23.492403,18.880243,17.478144,13.5946865,12.794009,7.8161526,6.8667283,3.5230758,0.0,5.180517,5.7203374,6.8997607,9.208133,10.241767,14.406999,15.869095,19.576685,20.38624,26.118654,28.217958,30.439423,26.166689,22.997887,26.246166,27.904362,22.881979,21.368652,26.31242,23.966091,19.924902,22.583906,26.273354,21.81371,19.49909,24.48574,26.155975,28.733446,26.868118,22.796375,28.726212,29.430302,25.712673,22.745872,20.438965,20.525723,25.603907,26.939367,21.51665,25.464712,25.969065,29.897663,28.46745,25.338541,26.674208,25.859314,21.297249,21.464828,22.237593,21.137117,16.925255,16.783058,16.198391,15.46179,12.950849,14.517252,10.887103,14.818845,13.31914,15.407698,14.703203,12.496724,13.646424,8.50877,12.051191,9.946817,12.717318,15.344946,17.756683,19.115713,22.718544,24.882702,25.973713,21.075174,20.767303,15.323324,14.8279295,11.185268,8.49053,9.680103,11.862666,14.117368,15.379054,18.684914,20.136267,23.747765
22,40.178493,37.084538,38.30908,34.38141,33.896133,33.05175,30.513765,31.50311,28.203815,31.718832,29.6036,31.888315,29.52222,26.561565,22.868425,20.913193,17.403263,16.380215,11.997285,10.672766,5.9957695,5.180517,0.0,6.5487957,9.07557,12.652861,12.983777,17.364618,18.93817,22.274967,23.490643,28.58113,31.480667,33.026264,28.366077,25.856937,29.201365,30.029982,24.930647,24.085138,28.773687,25.281412,21.761024,24.980345,27.98342,22.500963,21.305344,26.345896,27.111912,30.063833,27.600952,23.078753,28.646687,29.55293,25.152246,21.751644,20.460846,19.83722,24.601395,27.080084,22.18438,25.40619,25.97858,29.718113,29.032719,26.432314,27.390945,27.207518,22.783537,21.580097,22.869389,22.739883,18.262047,16.759867,16.301819,14.069685,11.771378,14.283958,9.877509,14.862674,14.02406,16.008503,16.822866,14.636483,15.628332,10.360552,13.881002,10.46931,14.047091,15.766633,18.826097,21.173267,24.822111,27.286318,28.879805,24.180323,24.72698,19.268238,19.098068,15.740062,13.180643,14.8207855,16.760994,19.01684,19.723665,23.253458,24.13169,27.948376
23,34.29935,31.47612,32.785423,29.248297,28.737034,28.651567,25.888458,27.879103,24.725813,28.832045,27.482914,30.30926,28.472374,25.878807,21.928457,19.253885,16.14587,13.698919,11.168652,6.914625,4.489778,5.7203374,6.5487957,0.0,3.2297392,7.0749803,6.8438783,11.075596,13.3161545,16.10431,18.44228,23.012129,26.454613,28.238245,23.935009,21.532963,25.319263,26.489094,21.745117,20.96472,26.11581,23.34492,19.850426,23.442474,26.669134,22.244154,21.501883,26.221315,27.486345,29.649597,26.915056,23.960545,29.284199,29.297724,25.46038,21.81431,19.64548,18.650167,23.858702,25.748156,19.57787,22.853916,22.616768,26.806917,26.200592,22.98672,23.219091,22.38467,18.520103,17.917582,18.017658,17.345856,13.697119,12.2023115,13.020451,11.6205635,10.313864,13.393532,11.120325,15.915079,15.845908,18.879957,18.117973,14.9969425,14.542902,10.259916,10.766173,6.2592454,8.240602,9.993619,12.586724,14.64859,18.313007,20.739645,22.391336,17.770626,18.83531,13.49368,13.77494,10.916481,9.236742,11.935254,12.864197,16.896685,16.14998,20.40631,21.406631,25.337364
24,31.87061,29.029982,30.713713,27.187216,27.019346,27.210863,24.814768,27.12795,24.405464,28.69148,27.804056,30.770285,28.929451,26.644701,22.105017,19.782377,16.602098,14.065527,11.7274885,7.112143,6.492453,6.8997607,9.07557,3.2297392,0.0,4.0719147,5.765888,9.416209,12.4555435,14.848271,17.904692,22.391743,25.739834,28.006739,24.115688,21.485178,25.358734,27.04825,22.542406,21.482063,26.816055,24.771473,21.141174,24.484114,28.023167,24.237467,23.09817,27.691807,29.387814,31.281542,28.763735,26.19657,31.572443,31.398548,27.883331,24.35076,21.809858,20.936691,26.213644,27.670462,21.116554,24.526146,23.965097,28.301394,27.56543,24.024097,24.027468,22.68492,19.172289,19.234419,18.566319,17.298922,14.418905,13.2922125,14.711188,13.884346,12.938121,15.784678,13.963015,18.354733,18.061455,21.032497,19.666052,16.60652,16.08404,12.166608,12.079952,8.104489,8.411588,10.017009,11.661177,12.936316,16.620117,18.630121,20.33593,15.69968,16.69692,10.715737,11.88508,8.549575,7.003008,10.550563,11.3430195,16.134375,15.506028,19.727448,21.242151,24.973406
25,28.150826,25.203487,27.161402,23.571737,23.749483,24.131054,22.2131,24.77616,22.61665,27.018768,26.701666,29.79303,28.00716,26.157396,21.08169,19.168163,16.11127,13.543802,11.90615,7.432056,9.017587,9.208133,12.652861,7.0749803,4.0719147,0.0,5.3285055,7.4216022,10.8851595,13.013237,16.314617,20.910732,23.728182,26.62936,23.309612,20.296928,24.109694,26.496319,22.337702,20.857502,26.283314,25.274927,21.495224,24.375864,28.279055,25.442379,23.773039,28.082613,30.349567,31.843407,29.716461,27.700914,33.10472,32.703377,29.728119,26.498743,23.411522,22.91213,28.213457,28.898598,22.0564,25.755941,24.994333,29.39061,28.240576,24.337185,24.377468,22.426895,19.215105,20.37545,19.032532,16.89475,14.864097,14.799963,16.329235,16.541826,15.687799,17.879528,16.693394,20.33666,19.81661,22.744553,20.528934,17.580002,16.923038,13.767714,12.999334,10.37866,9.252834,11.152771,11.56327,11.386196,14.855363,16.327108,17.650314,12.929361,13.319723,6.810519,8.725194,5.025368,4.439132,8.481695,8.714945,14.274068,13.619092,17.650225,19.704832,23.108385
26,27.889084,25.243519,26.235361,23.024591,22.266584,22.724813,19.697279,22.512285,19.586338,24.105745,23.589113,26.832253,25.60972,23.55555,19.714193,16.461462,14.276838,10.612879,11.159109,5.516661,8.123918,10.241767,12.983777,6.8438783,5.765888,5.3285055,0.0,4.4136443,6.731074,9.489002,12.215006,16.710125,20.056074,22.260925,18.51406,15.944822,19.951866,21.727474,17.558277,16.61001,21.988619,20.515522,17.106174,20.550926,23.997927,21.223532,20.58928,24.61392,26.520405,27.749643,25.181364,23.908167,28.862732,28.080677,25.256838,21.974955,18.767405,18.085514,23.327986,23.902742,16.89311,20.484016,19.698986,24.081892,22.95891,19.091444,19.133484,17.383654,13.983853,15.114884,13.986103,11.9871025,9.538726,9.992783,11.259532,12.28745,11.677537,13.604559,13.729013,16.981718,17.352991,20.897669,18.622581,15.108208,13.355243,11.304723,8.4967575,6.2848125,4.3660393,7.503168,8.650898,9.2785015,12.709479,15.198688,16.11736,11.347942,12.30294,8.462422,7.8531013,7.2336774,7.968408,10.128277,9.136595,14.349809,11.620108,16.342209,17.245176,21.07363
27,23.848164,21.497402,22.481995,19.757275,18.962555,20.2455,17.154425,20.908062,18.430523,23.190615,23.461561,26.933586,26.190744,24.613735,20.897238,17.571384,16.122383,12.155227,14.197918,9.0709715,12.451944,14.406999,17.364618,11.075596,9.416209,7.4216022,4.4136443,0.0,4.552136,5.61621,10.004875,13.573334,17.170399,19.745167,16.77037,14.384394,18.48576,20.674952,17.312162,16.40347,21.6704,21.185944,18.143154,21.342375,24.740286,23.100185,22.6671,26.110828,28.30274,28.906105,26.426891,26.247257,30.788803,29.4984,27.29342,24.208338,20.685726,19.99618,24.985565,24.920559,17.644167,20.994871,19.628883,24.009813,22.841585,18.671555,18.143005,15.6327305,13.301994,15.425848,13.0526085,10.096814,9.746195,10.975351,12.9195,14.793044,14.859809,16.408157,17.511093,20.127438,20.716127,24.33462,21.497967,18.013884,15.747108,14.871425,10.868218,9.820705,6.0994444,8.171852,7.31571,5.9886365,8.95214,11.2477865,11.755975,6.9589095,8.490017,6.4326606,6.0664244,7.754736,9.955799,11.840929,9.76208,15.393054,11.617684,16.217432,17.148417,20.621004
28,23.460241,21.107433,21.039015,18.337303,16.724407,17.559258,13.702993,17.305557,14.3504305,19.104021,19.357494,22.895878,22.570484,21.084991,18.279858,14.292115,13.842346,9.5279045,13.533804,9.331439,13.371273,15.869095,18.93817,13.3161545,12.4555435,10.8851595,6.731074,4.552136,0.0,4.8039713,5.641622,10.514469,13.336934,15.763398,12.576923,9.865078,13.969462,16.232347,12.961389,12.006138,17.189825,17.16719,14.282906,17.314266,20.594713,19.73844,19.513996,22.430359,24.726582,24.926455,22.621307,23.17879,27.40168,25.869823,24.25431,21.66014,17.720472,17.594341,22.319748,21.379236,14.249214,17.971634,16.949415,21.093187,19.195017,14.887613,15.18766,12.577487,9.698371,13.180978,11.343222,7.740969,7.2088423,10.733168,11.233622,14.544805,14.29628,14.557676,16.693983,18.10767,18.983734,22.69974,19.455893,15.977561,13.108225,13.791374,8.766425,10.195973,7.2113223,10.183803,9.951953,8.892528,10.774794,13.372819,12.625714,8.33875,8.447607,9.499256,6.2347317,9.815744,12.208746,12.525633,9.826909,14.222429,9.008724,13.616441,13.622068,17.17996
29,21.150639,19.535524,19.6029,17.968088,16.342747,18.576672,14.653058,19.435541,17.004747,21.773062,22.68255,26.310865,26.46169,25.256876,22.68417,18.72966,18.570442,14.292248,18.172482,13.5546665,17.188519,19.576685,22.274967,16.10431,14.848271,13.013237,9.489002,5.61621,4.8039713,0.0,7.2185245,8.295307,12.912471,15.118262,12.935234,11.562547,15.615419,17.580887,15.456404,15.185229,19.830246,20.056347,17.946405,21.068268,23.852146,23.440989,23.920876,26.469059,28.565886,28.372206,25.755684,27.121548,30.7947,28.797852,27.37713,24.589571,20.922773,20.143948,24.518824,23.73526,16.551737,19.265028,17.298227,21.41796,20.278732,16.028957,14.786725,11.555103,10.882696,13.983862,10.516145,6.6368685,9.225569,11.498523,13.50147,16.42806,17.175251,18.078426,20.576237,22.307379,23.532001,27.352337,24.224056,20.693743,17.61631,18.298607,12.92226,13.181543,9.025049,10.160484,8.249638,5.921804,6.4544344,9.122561,8.322959,4.9571376,7.572468,10.173788,8.807613,12.528854,15.212447,16.299301,13.522043,18.382833,13.189091,17.391253,17.424759,20.53762
30,22.207092,20.159159,18.701878,16.53702,13.825452,14.495887,9.559261,13.426598,10.207189,14.854811,15.672315,19.306265,19.908878,18.939291,17.610872,13.195917,14.475765,10.557641,16.302324,13.540206,17.72096,20.38624,23.490643,18.44228,17.904692,16.314617,12.215006,10.004875,5.641622,7.2185245,0.0,7.1667643,8.03864,10.503225,7.8485885,4.6399965,8.632865,11.424003,9.350437,8.435496,12.871016,14.415749,12.337076,14.576222,17.431698,18.449564,18.591084,20.28576,22.78487,22.061451,20.18066,22.275415,25.688305,23.627747,23.19344,21.457388,17.163069,17.746876,21.65087,19.263264,12.87049,16.546837,15.754324,19.22165,16.357447,11.9891405,13.195237,10.217498,7.898445,13.299354,11.803072,7.8418045,8.630175,13.692756,13.007016,17.457811,17.181995,16.058178,19.30526,19.167133,20.344595,23.935305,20.221718,17.10247,13.749056,16.37092,10.99693,14.382763,11.99981,14.716674,14.341284,12.985216,13.518509,15.866913,13.778657,10.939106,9.871522,13.92906,9.713103,14.304973,16.903715,16.061184,12.9811125,15.614975,9.360736,12.780498,11.43383,14.447987
31,21.338264,20.675522,18.667847,18.502188,15.3444395,17.858294,12.748267,17.794397,15.248014,19.26049,20.709858,24.208206,25.707073,24.983637,24.539164,19.947847,21.555918,17.51017,23.097471,19.537268,23.264774,26.118654,28.58113,23.012129,22.391743,20.910732,16.710125,13.573334,10.514469,8.295307,7.1667643,0.0,7.317789,7.495081,7.0592093,8.371096,11.192095,12.18166,12.607965,13.4863,16.236465,17.57021,17.176197,19.71893,21.217073,22.768576,24.453144,25.468723,27.259918,25.888306,23.350275,26.888575,29.08752,26.210117,26.203682,24.30766,20.633041,20.211481,23.212137,21.004807,15.095462,16.760233,14.609596,17.588419,15.943121,12.104511,10.750592,6.8632636,9.104022,13.552697,10.3926735,7.0250297,11.420855,15.059855,15.701981,19.81816,20.79247,20.314728,24.297121,24.450624,26.357298,30.171383,26.84683,23.56616,19.807953,22.46486,16.389042,18.528517,15.205634,16.23931,14.849603,13.334234,12.04261,14.2080965,11.800524,11.549645,12.633634,17.842867,15.1205845,19.740519,22.518852,22.507006,19.386366,22.627811,16.445179,19.554823,17.989508,20.37345
32,19.444185,18.364058,15.004849,14.634079,10.682435,12.182873,6.9515204,11.595931,10.092553,13.322983,15.865426,19.155941,21.129324,21.338997,21.408514,17.687336,20.21114,17.240877,23.341969,21.35246,25.65504,28.217958,31.480667,26.454613,25.739834,23.728182,20.056074,17.170399,13.336934,12.912471,8.03864,7.317789,0.0,5.3625913,7.7353144,6.901782,7.0470395,10.468251,12.117049,11.639387,13.092516,17.208874,16.66374,17.27049,19.11321,22.646624,23.035257,23.053238,25.73496,23.69563,22.652918,26.581934,28.735117,26.018795,27.146116,26.375252,22.169804,23.142153,25.828201,22.039303,17.363905,19.983353,19.03989,21.259512,17.886806,14.315225,15.472304,12.269448,12.716182,18.40456,16.614622,13.072916,15.610398,20.530382,19.81107,24.536798,24.546648,22.83867,26.640394,25.520084,26.784634,30.048002,25.978577,23.450129,20.15932,23.718678,18.553177,22.29388,19.720675,21.837334,20.750546,18.666971,17.718346,19.134195,15.728489,15.216316,13.541772,19.904911,16.013287,21.076187,24.013582,22.700665,19.401459,20.91447,15.006359,16.333933,14.396775,15.450267
33,23.82209,23.262156,19.725094,19.904459,15.902424,17.251963,11.981246,15.552144,13.138511,15.614586,17.3588,20.36739,22.9607,22.822638,24.260437,19.766207,22.705135,19.519299,25.862146,23.672504,27.489885,30.439423,33.026264,28.238245,28.006739,26.62936,22.260925,19.745167,15.763398,15.118262,10.503225,7.495081,5.3625913,0.0,5.278241,7.9339604,7.4302807,7.7002435,11.063798,12.236157,12.327887,15.507705,16.388268,17.486847,17.918827,21.629093,23.528921,23.0024,24.781137,22.35532,20.675484,25.700785,26.768478,23.505955,25.04769,24.462965,20.748049,21.391296,23.151886,19.198359,15.509742,16.935272,15.889589,17.272726,14.102572,11.318437,12.195415,9.709691,11.493427,16.53506,15.220072,12.82412,15.625531,20.233973,19.237118,24.005325,24.426012,22.52424,27.029915,25.600586,27.567362,30.978415,27.436768,24.787235,21.062366,25.09557,19.495344,23.217096,20.90511,22.59684,21.873945,20.617617,19.505402,21.441206,18.493956,18.321634,17.831802,23.65228,19.834608,24.691694,27.394068,26.296959,23.155127,24.662672,18.507366,20.203596,17.440805,18.812483
34,26.413908,25.245375,22.478085,21.596077,17.929756,18.603502,13.010038,16.060184,12.32631,15.441258,15.935664,19.12834,21.168137,20.241562,21.646,16.480846,19.16432,15.665351,21.91241,19.60833,23.031357,26.166689,28.366077,23.935009,24.115688,23.309612,18.51406,16.77037,12.576923,12.935234,7.8485885,7.0592093,7.7353144,5.278241,0.0,4.8901434,6.308406,5.2258277,6.584727,8.595178,9.89885,11.21015,11.9038925,14.114334,14.645643,17.084526,19.490398,19.615604,21.018173,19.225367,16.785196,21.24293,22.725576,19.657167,20.447533,19.458212,15.690365,16.207335,18.378601,14.901477,10.340789,12.315641,11.612661,13.673188,10.280906,6.625722,8.473369,6.437915,6.4443393,11.719834,11.2810755,9.257343,10.883187,15.717102,14.143677,19.012465,19.293118,17.298075,21.92699,20.61383,22.842045,26.432142,23.277952,20.368607,16.427416,20.428701,14.703621,18.535294,16.765224,18.715685,18.742481,18.322481,18.038584,20.684313,18.494705,17.13876,17.048662,21.54637,17.530396,21.905155,24.221722,23.249712,20.395464,22.03234,15.813322,18.310896,15.318457,17.722975
35,24.6093,22.730553,20.31727,18.435398,15.076981,14.906221,9.491981,12.126587,8.123692,12.035731,12.606745,16.120476,17.514973,16.681383,17.134314,12.290392,14.872986,11.596293,17.978743,16.264032,20.153835,22.997887,25.856937,21.532963,21.485178,20.296928,15.944822,14.384394,9.865078,11.562547,4.6399965,8.371096,6.901782,7.9339604,4.8901434,0.0,4.2799034,7.010495,5.8130865,5.3240438,8.567646,11.098626,9.959864,11.5394945,13.685717,16.048115,16.744074,17.38649,19.75833,18.393854,16.800467,20.009659,22.668222,20.30347,20.769745,19.839674,15.476012,16.751776,19.821728,16.312597,11.138426,14.755169,14.665233,17.304583,13.463079,9.45504,12.185345,9.900548,7.479012,13.38354,13.080436,10.014864,10.279517,15.815756,13.922392,18.870108,18.373041,16.143076,20.046745,18.658876,20.136593,23.537766,19.819841,17.074677,13.512744,17.436726,12.296073,16.79854,15.275087,18.065214,18.179863,17.306297,17.62577,20.055801,17.71541,15.425409,14.092944,18.370817,13.765951,18.170597,20.510801,19.011618,16.113657,17.296745,11.111832,13.426871,10.626315,13.240479
36,25.660719,23.879986,20.698204,19.058992,15.356836,14.414506,9.283326,10.458799,6.6667166,9.156931,10.12521,13.355041,15.624403,15.406814,17.207815,12.839514,16.319197,13.998416,20.432299,19.650055,23.505037,26.246166,29.201365,25.319263,25.358734,24.109694,19.951866,18.48576,13.969462,15.615419,8.632865,11.192095,7.0470395,7.4302807,6.308406,4.2799034,0.0,5.365176,6.559297,5.8603897,6.05678,10.979138,10.717141,10.593985,12.126129,16.34525,16.841206,16.238457,18.829372,16.668995,16.027246,20.128477,22.093914,19.593992,21.148073,21.148375,16.858389,18.82121,21.075346,16.481813,13.055723,16.362234,16.823511,18.552553,13.942701,10.82185,14.417179,12.616898,10.797951,16.468449,16.676311,13.97626,14.198595,19.752876,17.35943,22.397387,21.670399,18.769627,22.747877,20.416714,21.760647,24.739527,20.851639,18.723036,15.477182,20.048073,15.584415,20.589518,19.436632,22.29584,22.444263,21.451563,21.53862,23.733603,20.99473,19.121746,17.188215,21.960983,17.120306,21.548841,23.858622,21.79126,18.955696,18.973995,13.275659,14.1930895,10.675548,12.151612
