,0,1,2,3,4,5,6,7,8,9,10,11,12,13,14,15,16,17,18,19,20,21,22,23,24,25,26,27,28,29,30,31,32,33,34,35,36,37,38,39,40,41,42,43,44,45,46,47,48,49,50,51,52,53,54,55,56,57,58,59,60,61,62,63,64,65,66,67,68,69,70,71,72,73,74,75,76,77,78,79,80,81,82,83,84,85,86,87,88,89,90,91,92,93,94,95,96,97,98,99,100,101,102,103,104,105,106,107,108,109,110
0,0.0,4.318023,6.498369,9.366161,12.065127,14.252418,17.515852,21.62811,24.619198,27.445171,31.594643,29.837713,27.641457,26.354317,21.585438,21.924036,16.705288,17.951233,15.161755,15.342435,17.549799,14.834905,20.625042,21.238201,25.469805,25.335629,28.669823,27.535742,22.2547,22.84907,22.181932,21.617935,26.33519,22.336369,27.319618,27.421715,29.926168,30.97149,26.722544,23.788584,29.126488,26.432093,26.56756,27.997396,27.274326,28.91797,27.215652,29.880142,27.478401,33.022713,30.200497,32.97268,34.555553,34.570404,29.367607,31.683979,27.889145,31.119469,31.264973,31.121069,28.03061,34.222,32.564266,34.981247,39.10164,36.8635,34.879402,35.91679,40.434116,37.9095,34.120728,36.357132,32.834747,38.39616,35.383133,34.887012,37.82606,36.22955,36.940105,38.87395,35.661568,32.3461,31.398647,27.672321,26.716331,22.602453,23.944345,18.704784,19.82273,19.236092,19.727003,21.218128,21.301983,24.29182,19.878689,17.100275,13.673385,13.957921,10.407242,12.3222475,13.506807,15.398173,19.005291,20.42383,23.876268,23.744267,28.692423,29.012749,33.11906,34.2003,38.30838
1,4.318023,0.0,5.292377,6.466105,8.686941,12.112542,14.177183,19.134914,21.559093,24.534088,28.57883,27.37003,25.574306,24.16727,19.529902,19.133804,14.029417,14.432432,11.891359,11.242928,13.715613,11.267102,17.1648,17.981712,21.83657,21.537842,24.579384,23.414955,17.985138,18.845211,18.166422,18.15819,23.265394,19.957947,24.774775,25.437994,28.00941,28.582432,24.387138,21.16685,26.080635,22.925653,22.844215,24.084713,23.201773,24.668444,22.898582,25.582407,23.263199,28.879673,26.251923,29.139338,30.931005,31.092201,25.928473,28.19934,24.12883,27.248938,27.614435,27.149893,23.92144,30.014788,28.321426,30.680254,34.896683,32.607883,30.721655,31.824858,36.381596,34.074463,30.42883,32.62243,28.981396,34.75855,31.648563,31.490715,34.489243,33.040646,34.024853,36.016533,33.08419,29.69105,28.39289,24.571386,23.16229,19.308535,19.977587,14.575951,15.739635,15.156101,16.110437,17.910866,18.432922,21.51336,17.740005,14.748777,11.8635645,10.771027,7.9899845,8.70892,10.888938,12.020893,16.242712,18.353207,21.06437,20.48202,25.580587,25.255777,29.49615,30.361662,34.475815
2,6.498369,5.292377,0.0,5.234591,6.7725587,8.369983,11.891755,15.403873,18.848272,21.260477,25.791101,24.090624,21.745222,20.9014,15.956824,16.685324,11.9978285,13.28822,12.34436,12.673701,16.126492,15.0412,20.569817,22.068441,25.514845,25.052181,27.281294,25.770956,19.328598,20.308157,18.318144,18.923035,22.121037,18.909504,23.434605,23.499323,26.712105,27.676697,23.944181,21.35225,25.82232,23.730778,22.864016,25.215456,23.32205,25.839142,23.97301,27.033598,24.968987,30.479807,28.314072,30.8012,33.238552,32.71243,27.540525,29.118587,24.822868,27.6375,27.111158,26.894632,23.895819,30.154892,28.279896,31.176802,34.680832,33.31009,31.273705,31.598465,36.389526,33.947445,29.651781,31.368004,27.750093,32.867863,29.70871,28.896566,31.679592,29.970541,30.543894,32.49563,29.226528,25.89503,25.216125,21.485449,20.887547,16.661623,18.945784,14.443319,16.54177,17.188547,18.360785,21.480381,21.714464,25.440414,21.85831,18.61919,16.244425,14.479554,10.872136,10.131265,11.278656,10.859655,14.419576,15.260804,18.57469,18.580473,22.971014,23.77185,27.665115,28.788649,32.979424
3,9.366161,6.466105,5.234591,0.0,3.7325196,6.211841,8.528346,13.235377,15.439087,18.685728,22.40222,20.983301,19.32995,17.733828,13.21548,12.725993,7.6151013,8.698759,7.123513,8.296102,11.6441765,11.639766,16.471441,18.655325,22.009249,22.130306,23.739351,21.727213,15.332606,15.574638,13.732704,13.719648,17.307625,14.167674,18.76272,19.339499,22.295607,22.901041,19.06408,16.261467,20.712189,18.54006,17.892403,20.297829,18.832745,21.64894,20.41957,23.786394,22.342756,28.121275,26.502426,29.430204,32.04604,32.13498,27.155571,28.762175,23.952948,26.415125,26.373312,25.231255,21.757141,27.524864,25.023808,27.553068,30.866879,29.142227,26.803204,27.307034,31.853188,29.142546,25.004745,27.136116,23.78057,29.203049,26.659605,25.97644,29.253742,28.06854,29.007084,31.363056,28.487896,24.878664,24.339115,20.30805,18.877277,15.4552965,16.57949,12.025496,14.923288,15.452498,17.771067,20.55901,21.764153,24.94265,22.235357,19.137875,17.068523,14.342665,12.531461,10.46305,13.185047,11.0844145,15.635393,17.180618,19.20309,18.420782,22.591866,22.137463,26.242054,26.57087,30.97693
4,12.065127,8.686941,6.7725587,3.7325196,0.0,5.3091016,5.533644,10.85804,13.006651,15.890178,20.03739,19.19684,17.690413,16.514828,12.056792,11.270161,7.1938257,6.8639517,7.7848825,7.546259,11.697317,12.488274,16.956825,19.226841,21.76681,21.349941,22.393948,20.454807,13.460779,14.529111,11.786709,13.488871,16.367458,14.563573,18.507256,19.450169,22.78336,23.008038,19.619562,16.897102,20.315113,18.032906,16.512812,19.140057,16.67726,19.632566,17.99513,21.40875,19.997953,25.589396,24.25263,26.90789,29.914612,29.663404,24.78634,25.995386,21.04245,23.285667,22.96329,21.836527,18.481575,24.341883,21.961765,24.821455,28.028355,26.809336,24.692764,24.843409,29.6693,27.352034,23.069305,24.719334,21.042747,26.400572,23.387444,22.881754,25.964361,24.665138,25.70107,27.957903,25.208458,21.631187,20.751713,16.720634,15.2279215,11.759467,13.041588,8.8829565,12.212348,13.523209,16.034002,19.69134,20.818844,24.357473,22.16378,18.96382,17.629114,14.067184,12.506805,9.1381855,11.7164955,8.181291,12.6807165,14.35662,15.794131,14.859301,18.921434,18.455772,22.522953,22.958132,27.33678
5,14.252418,12.112542,8.369983,6.211841,5.3091016,0.0,5.8925524,7.5754285,11.027399,13.628554,17.753775,15.733986,13.521591,12.580743,7.655773,8.772899,5.362857,7.8170066,9.60065,11.656175,15.397788,16.836266,20.75893,23.520744,26.188713,26.163311,26.66938,24.287537,17.207975,17.477169,14.024215,14.935018,15.198422,12.829473,16.457546,16.354399,20.204287,21.131163,18.255564,16.549263,19.774357,19.228794,17.446737,21.258978,18.524092,22.662476,21.540552,25.24279,24.348888,29.78289,28.916231,31.391342,34.714493,34.1986,29.429827,30.20428,25.179655,27.031826,26.064278,24.932608,21.782694,27.290667,24.448982,27.481304,29.651829,29.143585,26.631445,26.067661,30.740698,27.88973,22.994287,24.442019,21.298712,25.699202,23.36369,21.75782,24.885803,23.578667,24.082466,26.567274,23.450289,19.81556,20.32774,16.40403,15.875073,12.607979,15.540027,12.929013,16.795982,18.577967,21.146711,24.99361,26.047686,29.663843,27.334255,24.096273,22.508759,19.269527,17.141579,14.1044855,15.94028,12.03826,15.440398,15.55705,17.39347,17.058304,19.792364,20.342726,23.857332,24.1776,28.64907
6,17.515852,14.177183,11.891755,8.528346,5.533644,5.8925524,0.0,6.6695185,7.6134486,10.645089,14.599568,14.311328,13.409671,12.332319,8.703477,6.9515443,5.706105,3.9348278,8.645889,8.891325,12.762529,15.305933,18.256054,21.1694,22.768526,22.425953,22.0524,19.641544,12.339641,13.2408285,8.994931,12.021739,12.463489,12.487139,15.168322,16.470781,20.165054,19.97881,17.466904,15.360729,17.151318,15.749308,13.072986,16.743282,13.127043,17.275677,16.04948,19.820885,19.328833,24.570436,24.274668,26.727964,30.363468,30.010138,25.59496,26.104666,20.814732,22.210018,21.535402,19.746803,16.421223,21.575968,18.571516,21.62971,23.859097,23.459408,21.159693,20.53216,25.42358,23.091417,18.385466,19.598923,16.001324,20.99736,18.265257,17.470016,20.763088,19.770182,20.952019,23.519796,21.098616,17.373217,16.954344,12.832176,11.046066,8.745372,10.113265,8.338409,12.724263,14.964892,18.169582,22.28922,23.781715,27.219954,25.953114,22.871557,22.1816,17.965376,17.203758,12.978102,15.367615,10.1477,13.723085,14.935708,14.914622,13.61561,16.27233,15.343504,19.087269,18.893356,23.438206
7,21.62811,19.134914,15.403873,13.235377,10.85804,7.5754285,6.6695185,0.0,5.437613,6.3126683,11.136038,9.54689,7.5053334,8.052965,4.8272114,6.454228,8.582662,9.327526,13.966942,15.438481,19.042084,21.78489,24.490845,27.64402,29.150227,28.850132,27.930656,25.33858,18.219711,18.763336,14.037987,16.616457,13.3840685,13.87885,15.157518,15.202333,19.639288,20.087116,18.792212,18.116823,18.850292,19.577559,16.343437,21.108498,16.8778,21.975836,21.029232,24.78785,24.716955,29.386723,29.614786,31.545513,35.59827,34.63537,30.458155,30.25424,25.13463,25.97648,24.252388,22.800503,20.187067,24.72873,21.589804,24.989809,25.703527,26.72044,24.290615,22.453564,27.151217,24.602383,19.187244,19.434874,16.532995,19.53883,17.363419,14.892647,17.833427,16.609818,16.920073,19.687864,16.783657,13.048167,14.682308,11.086455,11.312004,9.661702,13.570625,14.010857,18.275417,21.086433,23.997995,28.608969,29.767628,33.52367,32.115173,28.92006,28.158096,24.135698,22.60174,18.553911,19.980326,14.591146,16.50413,15.787717,15.929091,15.576508,16.003101,16.900991,19.449743,19.371433,23.737638
8,24.619198,21.559093,18.848272,15.439087,13.006651,11.027399,7.6134486,5.437613,0.0,4.6170206,7.033915,7.309701,7.9462814,7.096796,6.898814,4.6189885,9.193947,8.379317,13.5371,14.86988,17.66875,21.358501,22.746183,26.2172,27.059067,27.088915,25.234562,22.305344,15.856846,15.829247,11.004168,13.845496,9.228889,11.978671,11.879933,13.131749,17.14436,16.651003,15.982909,15.497232,14.663022,15.707208,11.9418335,17.019537,12.630543,18.26024,18.115715,21.95039,22.743292,27.18942,28.156681,30.29377,34.450092,34.028416,30.282934,30.022327,24.713842,25.005816,23.857035,21.405237,18.557434,21.987434,18.149752,21.087917,21.167574,22.193707,19.518417,17.454546,21.914341,19.232397,13.7705965,14.132885,11.533802,14.858857,13.625552,11.423765,15.247304,15.065071,16.164385,19.372147,17.512321,13.799055,15.138232,11.681743,10.352595,10.886786,12.390668,13.83081,18.183344,20.830301,24.358208,28.547394,30.325182,33.539303,32.951115,30.00037,29.592789,25.1535,24.738983,20.310673,22.440172,16.726725,19.066694,19.30986,18.13267,16.892313,16.941935,15.894953,18.391848,17.078394,21.525322
9,27.445171,24.534088,21.260477,18.685728,15.890178,13.628554,10.645089,6.3126683,4.6170206,0.0,6.0769796,7.076024,7.3592634,8.740652,9.162512,8.8847065,13.191741,12.468423,17.82916,18.65012,21.751362,25.25136,26.862635,30.156109,30.6598,30.216671,28.147543,25.506073,19.049278,19.720964,14.725714,18.329384,13.299016,16.32821,15.666233,16.414423,20.576073,20.199774,20.15301,20.008577,18.605217,19.899435,15.788978,20.675505,15.600028,20.950563,20.336681,23.869925,24.614557,28.43395,29.646217,31.193085,35.655067,34.606106,31.114948,30.249184,25.218784,25.112606,23.16651,21.171524,19.077093,22.204195,18.834501,22.22602,21.570875,23.841106,21.629427,18.773348,23.281973,21.250034,15.80632,14.776128,12.23275,13.778097,11.888495,8.717671,11.7707405,11.11436,11.765432,14.988797,13.047546,9.413765,11.676623,8.946496,9.10419,10.316005,13.151932,15.919086,19.945938,23.114494,26.263756,31.023024,32.411873,35.97922,35.449474,32.433617,32.299374,27.786098,27.017765,22.468,23.899038,18.021338,19.162615,18.570787,16.968761,16.200863,14.705232,14.863232,16.359251,15.417768,19.525578
10,31.594643,28.57883,25.791101,22.40222,20.03739,17.753775,14.599568,11.136038,7.033915,6.0769796,0.0,5.147445,8.515414,8.639239,11.787607,10.326254,15.653164,14.937081,19.77107,21.180662,23.351965,27.509806,27.90799,31.545132,31.707779,31.877563,29.00556,25.949883,20.612415,20.220373,15.784138,18.355412,11.316821,15.824301,13.269797,14.390515,17.851158,16.898136,18.158953,18.935331,15.799106,18.529676,14.516448,19.611744,15.215283,20.946646,21.525518,25.005589,26.673838,30.210838,32.120293,33.899433,38.340836,37.864975,34.76952,33.925117,28.837553,28.26974,26.86499,24.050047,21.856892,23.535812,19.450289,21.966944,19.914642,22.391136,19.758991,16.414001,19.926304,17.354055,11.917228,10.679624,10.0835,9.986081,11.197073,7.44571,11.407855,12.54562,13.533644,17.098969,16.34921,13.3923435,16.021336,14.015094,13.271499,15.6651745,16.728739,19.708073,23.732132,26.527035,30.136711,34.324734,36.255272,39.281628,39.247616,36.42129,36.297813,31.680956,31.560934,26.977135,28.960022,23.073072,24.692238,24.516167,22.53054,21.340752,19.588936,18.398926,19.478504,17.232182,20.985321
11,29.837713,27.37003,24.090624,20.983301,19.19684,15.733986,14.311328,9.54689,7.309701,7.076024,5.147445,0.0,4.1053405,4.3175406,8.514334,8.845945,13.9766035,14.806027,19.038769,21.509525,23.889378,27.719542,28.708475,32.45651,33.437893,33.899532,31.684393,28.479418,22.645662,21.818678,17.448225,18.758167,11.374517,13.991291,11.862218,11.444756,15.486796,15.694498,16.793066,18.084871,16.190752,19.706982,16.395386,21.870974,18.155182,24.110922,24.642601,28.391575,29.642702,33.756927,35.132114,37.12821,41.422543,40.899403,37.343464,36.78995,31.592293,31.53398,29.981873,27.573204,25.13197,27.697847,23.65506,26.263834,24.76051,26.627007,23.683186,20.84897,24.259937,21.002731,15.468717,15.247012,14.713546,15.029821,16.098646,12.110174,15.551035,15.986616,16.137642,19.612577,17.905996,14.79786,18.310299,15.963593,15.957428,16.985569,19.250809,21.128914,25.468248,28.133335,31.651384,35.81091,37.601383,40.80113,40.093666,37.09872,36.43066,32.190876,31.422829,27.215788,29.123386,23.496628,25.362206,24.64491,23.748648,23.04011,21.754057,21.617094,23.047169,21.447237,25.379265
12,27.641457,25.574306,21.745222,19.32995,17.690413,13.521591,13.409671,7.5053334,7.9462814,7.3592634,8.515414,4.1053405,0.0,3.9684627,6.2903028,8.8489275,13.024028,14.674316,18.748291,21.375418,24.250946,27.571344,29.384308,32.979176,34.419434,34.691048,33.073956,30.028423,23.598553,23.108536,18.587717,19.893469,13.542629,14.601374,13.7612095,12.523828,16.99079,17.936106,18.290327,19.287523,18.680225,21.720072,18.59742,24.037022,20.230972,26.050974,26.058756,29.871675,30.582561,34.947834,35.83938,37.759983,41.999153,41.16081,37.296787,36.81091,31.68015,31.985939,30.110188,28.264708,25.867348,29.24346,25.546873,28.53666,27.648771,29.383102,26.546106,23.948463,27.75427,24.58872,18.986513,18.870474,17.656828,18.433434,18.437164,14.451462,17.389118,16.995632,16.627972,19.825813,17.303717,14.111044,17.90081,15.412339,16.175156,16.110569,19.559893,20.881256,25.240955,27.992392,31.192764,35.58796,37.02614,40.550163,39.318096,36.17464,35.26231,31.29209,29.874607,25.9325,27.4624,22.08803,23.736433,22.46171,22.346012,22.131557,21.075745,22.016872,23.59278,22.74771,26.765583
13,26.354317,24.16727,20.9014,17.733828,16.514828,12.580743,12.332319,8.052965,7.096796,8.740652,8.639239,4.3175406,3.9684627,0.0,5.0492997,6.2555056,10.6563225,12.565041,16.039288,19.222872,21.619856,25.133244,26.523563,30.275036,31.887518,32.601074,31.000874,27.731333,21.650702,20.477772,16.382011,16.678274,10.084114,10.793596,9.880376,8.714189,13.22993,14.157408,14.3282795,15.462538,15.055334,18.405773,15.758741,21.238066,18.18677,24.089428,24.5924,28.520868,29.41324,34.07451,34.936455,37.256374,41.28687,40.960304,37.027977,36.918205,31.609676,32.057674,30.759186,28.47805,25.63922,28.939838,24.885489,27.451447,26.825966,27.789299,24.626865,22.506062,26.069315,22.401144,16.906857,17.711271,16.741442,18.411634,19.001156,15.538721,19.15446,19.210632,19.393194,22.74582,20.5083,17.103994,20.191006,17.221998,17.003956,16.964537,19.38409,20.055065,24.524529,26.860954,30.353998,34.23738,36.029865,39.187897,38.03914,35.00254,33.927876,30.011414,28.994448,25.149986,27.232342,21.979124,24.419378,23.827532,23.716352,23.072662,22.805515,22.747223,24.853485,23.571606,27.811516
14,21.585438,19.529902,15.956824,13.21548,12.056792,7.655773,8.703477,4.8272114,6.898814,9.162512,11.787607,8.514334,6.2903028,5.0492997,0.0,4.8877993,7.0842547,9.7518215,13.068089,16.108719,19.117287,21.972971,24.362514,27.820026,29.875551,30.291632,29.473547,26.492163,19.779772,19.161182,15.012129,15.617506,11.532285,10.578064,11.995219,11.095803,15.6142645,16.732822,15.442048,15.420088,16.72714,18.560377,16.111492,21.195574,18.056501,23.505196,23.320074,27.263832,27.459833,32.46976,32.679874,35.027344,38.86541,38.371662,34.08262,34.238724,28.989199,29.959915,28.639292,26.847273,23.885832,28.177225,24.554886,27.456024,27.943077,28.41529,25.47254,23.894901,28.06169,24.700823,19.277973,20.314627,18.258553,21.140415,20.300434,17.45087,20.858736,20.17953,20.38237,23.4138,20.596031,16.959993,19.253473,15.777855,15.656414,14.262097,17.329542,16.961159,21.375439,23.64361,26.815544,30.807604,32.286335,35.694035,34.06207,30.916243,29.644058,25.965084,24.459232,20.866005,22.764336,17.851473,20.479275,19.888212,20.54011,20.115934,20.813309,21.256653,23.912056,23.354155,27.784008
15,21.924036,19.133804,16.685324,12.725993,11.270161,8.772899,6.9515443,6.454228,4.6189885,8.8847065,10.326254,8.845945,8.8489275,6.2555056,4.8877993,0.0,5.416599,6.3438725,10.229406,13.000399,15.48789,19.030087,20.550455,24.194485,25.825428,26.455082,25.190392,22.02303,15.690234,14.663171,10.566502,11.244855,7.234649,7.770521,9.005968,9.9130945,13.929081,13.976963,12.442353,11.851056,12.565932,13.855232,11.225239,16.33996,13.39439,18.937979,19.21633,23.21243,23.821047,28.85598,29.362194,31.98536,35.75525,35.775906,31.698404,32.01795,26.615084,27.412169,26.737772,24.271875,20.969666,24.791014,20.813627,23.301651,23.967415,23.894333,20.81236,19.582478,23.683746,20.269917,15.041963,16.662575,14.524043,18.424719,17.842386,15.819326,19.78842,19.66811,20.631004,23.826303,21.676767,17.919825,19.29,15.572245,14.099745,13.572476,14.781186,14.448445,18.911999,20.912798,24.550293,28.131828,30.105396,33.06627,32.0498,29.106676,28.140978,24.098162,23.586063,19.651262,22.23032,17.08598,20.330954,20.81488,20.560305,19.362923,20.469973,19.343868,22.357925,21.119375,25.657373
16,16.705288,14.029417,11.9978285,7.6151013,7.1938257,5.362857,5.706105,8.582662,9.193947,13.191741,15.653164,13.9766035,13.024028,10.6563225,7.0842547,5.416599,0.0,4.5347977,6.035387,9.610921,12.397741,15.01089,17.613213,20.967205,23.488396,24.199867,24.0803,21.169106,14.662961,13.679308,10.559479,10.099486,10.299144,7.7623925,11.609253,12.258276,15.689833,16.172709,13.111223,11.280811,14.507448,14.204913,12.82197,16.855719,14.929665,19.468344,19.326412,23.237013,23.088575,28.652344,28.301613,31.226583,34.513878,34.72517,30.221394,31.15905,25.852003,27.372723,27.074505,25.00155,21.419966,26.13155,22.591679,25.001,26.903286,25.835909,22.893576,22.622458,26.850948,23.518559,18.840872,21.02058,18.40096,23.191292,21.88405,20.477253,24.256659,23.712194,24.67662,27.583134,25.054583,21.26037,21.87158,17.83667,16.240774,14.312306,15.401741,12.990551,17.174376,18.527676,21.895838,25.02862,26.886316,29.806831,28.160183,25.184568,23.714079,20.156595,19.33534,16.028845,18.86912,14.653372,18.698217,19.637533,20.370506,19.264252,21.798897,20.814732,24.46537,23.803156,28.40222
17,17.951233,14.432432,13.28822,8.698759,6.8639517,7.8170066,3.9348278,9.327526,8.379317,12.468423,14.937081,14.806027,14.674316,12.565041,9.7518215,6.3438725,4.5347977,0.0,5.6072288,6.7481136,9.797325,13.08895,15.189483,18.493685,20.214643,20.55166,19.99381,17.170076,10.362211,10.045718,6.3206425,8.105523,9.785398,9.644165,12.625836,14.572285,17.675262,17.13537,14.247892,11.725388,13.83209,12.019778,9.927492,13.495096,10.930612,15.1772,14.810788,18.72853,18.69476,24.189705,24.057322,26.999168,30.383137,30.734423,26.44145,27.321978,21.93596,23.278305,23.340418,20.907513,17.178583,21.748688,18.249731,20.628443,22.969917,21.721455,19.04339,18.995348,23.50635,20.744558,16.382788,18.455488,15.272117,20.827538,18.959183,18.46474,22.237633,21.823822,23.30608,26.108221,24.053915,20.296438,19.932163,15.860622,13.332906,11.985156,11.513596,9.21828,13.460862,14.918677,18.633705,21.870687,23.973759,26.777157,25.822817,22.971077,22.153221,17.971983,18.070576,14.101,17.2681,12.588447,16.76741,18.556349,18.281458,16.559069,19.361088,17.280832,21.177866,20.278177,24.848337
18,15.161755,11.891359,12.34436,7.123513,7.7848825,9.60065,8.645889,13.966942,13.5371,17.82916,19.77107,19.038769,18.748291,16.039288,13.068089,10.229406,6.035387,5.6072288,0.0,5.2817144,6.818762,9.347291,11.773477,15.085775,18.054588,19.250586,19.769169,16.95869,11.408849,9.765244,8.857269,6.70647,11.856977,9.162436,13.606391,15.369673,17.48316,17.237234,13.192746,9.769568,14.195472,11.563833,11.708682,13.915561,13.731918,16.808619,16.924213,20.545631,20.21479,26.076065,25.311594,28.777706,31.444847,32.461662,27.974846,29.620193,24.446077,26.305592,27.044567,24.662815,20.712267,25.30608,21.945549,23.628504,26.62323,24.15893,21.339228,22.317644,26.267658,23.119425,19.506552,22.460241,19.725126,25.567741,24.163649,23.84051,27.741224,27.424404,28.89246,31.693535,29.523188,25.755085,25.338772,21.232876,18.670918,16.881052,15.929235,12.053563,15.383396,15.488315,19.027466,20.91791,23.318596,25.480206,24.07407,21.44373,19.905025,16.520771,16.913134,14.134853,17.864416,14.754013,19.617682,21.81659,22.311598,20.638475,24.266523,22.023556,26.182692,25.308092,29.799088
19,15.342435,11.242928,12.673701,8.296102,7.546259,11.656175,8.891325,15.438481,14.86988,18.65012,21.180662,21.509525,21.375418,19.222872,16.108719,13.000399,9.610921,6.7481136,5.2817144,0.0,4.365723,6.615793,9.710828,12.329443,14.535196,14.791463,15.6335945,13.4360075,7.4053135,7.7627487,7.335996,8.392691,14.65822,13.766859,17.459888,19.810106,22.000536,21.143343,17.414192,13.708732,16.926708,12.640848,12.184948,12.984065,12.21509,13.799657,12.941929,16.24308,15.329151,21.26157,20.157568,23.64147,26.20464,27.26289,22.79466,24.615553,19.555685,21.612787,22.801725,20.499428,16.53031,21.41479,18.702488,20.441113,24.420729,21.694654,19.562984,20.955362,25.275766,23.099598,19.994085,22.517551,19.064348,25.449194,23.026472,23.663885,27.202343,26.70028,28.502386,30.957785,29.062054,25.462276,23.90088,19.91797,16.842615,15.054929,12.771077,8.025338,10.548382,10.260102,13.947221,15.940901,18.437613,20.668253,19.753363,17.178185,16.38081,12.289582,13.693844,10.412313,14.465268,11.621644,16.577684,19.721813,19.617237,17.52682,21.854626,18.93737,23.35821,22.741068,27.004198
20,17.549799,13.715613,16.126492,11.6441765,11.697317,15.397788,12.762529,19.042084,17.66875,21.751362,23.351965,23.889378,24.250946,21.619856,19.117287,15.48789,12.397741,9.797325,6.818762,4.365723,0.0,4.809804,5.5141892,8.741105,11.241364,12.656683,13.552446,11.089888,7.4374924,5.910115,8.352771,7.1592283,15.197298,14.29001,17.794392,20.589638,21.903337,20.633732,16.706223,12.624561,15.991127,10.720573,11.743171,10.9991455,12.320227,12.840709,13.0304165,15.952257,15.522878,21.351543,20.372843,24.29868,26.35872,28.264776,24.140963,26.334967,21.48872,23.404572,25.313269,22.545105,18.48212,22.47221,19.59488,20.40644,24.59458,20.839127,18.597282,20.843801,24.50087,22.198233,19.980337,23.132143,20.187046,26.782324,25.021326,25.993961,29.74434,29.655277,31.67934,34.252956,32.655384,29.057285,27.483984,23.582035,20.133366,18.964855,15.767272,11.460723,13.157675,11.842355,15.575051,16.020592,19.205606,20.351759,20.016466,18.00116,17.214817,13.608659,16.112112,13.59616,17.816694,15.637963,20.54899,23.949589,23.590855,21.265392,25.527046,21.846209,26.227283,25.100107,29.206343
21,14.834905,11.267102,15.0412,11.639766,12.488274,16.836266,15.305933,21.78489,21.358501,25.25136,27.509806,27.719542,27.571344,25.133244,21.972971,19.030087,15.01089,13.08895,9.347291,6.615793,4.809804,0.0,6.0137596,7.074989,11.044701,12.094597,14.923381,13.532339,10.7378845,10.420637,12.727463,11.676804,19.634308,17.807995,21.886534,24.231558,25.55052,24.688509,20.43153,16.322182,20.471767,15.308558,16.549433,15.465983,16.790773,16.478748,15.918059,18.199432,16.786186,22.543978,20.556568,24.49413,25.867231,27.839994,23.452166,26.220009,21.871416,24.40333,26.480976,24.36488,20.513523,25.033205,22.876757,23.767769,28.539387,24.611547,22.77889,25.228502,28.931318,26.875772,24.762093,27.790155,24.611334,31.23401,28.973242,30.001942,33.539017,33.101574,35.00058,37.355415,35.49194,31.946417,30.05869,26.16485,23.008932,21.077864,18.296299,13.085536,13.681278,11.413573,14.134296,13.529987,16.474312,17.392797,16.2668,14.391401,13.074209,10.370302,13.11715,11.995843,16.13434,15.63423,20.565697,24.195072,24.51834,22.450077,27.416643,24.229431,28.737724,28.191093,32.162712
22,20.625042,17.1648,20.569817,16.471441,16.956825,20.75893,18.256054,24.490845,22.746183,26.862635,27.90799,28.708475,29.384308,26.523563,24.362514,20.550455,17.613213,15.189483,11.773477,9.710828,5.5141892,6.0137596,0.0,4.091541,7.212778,10.262458,11.871455,9.935533,10.315016,8.30167,12.61683,10.478085,18.971233,18.124115,21.293236,24.344595,24.788473,23.161768,19.236864,15.1171,18.293661,12.339447,14.695912,11.94059,15.219086,13.903818,14.782742,16.686798,16.435486,21.73674,20.603912,24.873383,26.056698,28.93218,25.276276,27.980255,23.677563,25.56798,28.285639,25.321259,21.391525,24.491941,21.930365,21.726437,26.348457,21.47968,19.556704,22.7876,25.614504,23.582312,22.595133,26.109907,23.585596,30.26158,28.85255,30.313473,34.070316,34.24369,36.481823,39.02303,37.699364,34.17084,32.316845,28.5526,24.833847,23.998175,20.049786,15.928116,16.504057,14.135596,17.358036,15.830953,19.563704,19.265692,19.664799,18.504112,17.89676,15.158939,18.751068,17.1876,21.368088,20.152277,24.936651,28.721647,28.192598,25.686073,30.11676,25.82191,30.147589,28.763973,32.540356
23,21.238201,17.981712,22.068441,18.655325,19.226841,23.520744,21.1694,27.64402,26.2172,30.156109,31.545132,32.45651,32.979176,30.275036,27.820026,24.194485,20.967205,18.493685,15.085775,12.329443,8.741105,7.074989,4.091541,0.0,5.352383,8.328156,11.630138,11.016475,12.595451,11.72203,15.935698,14.519241,22.991617,22.06541,25.367844,28.350508,28.801247,27.218626,23.250269,19.128492,22.33637,16.26988,18.47659,15.25954,18.360659,16.01703,16.322794,17.4158,16.544188,21.440947,19.652954,23.957424,24.39312,27.649782,24.143652,27.29623,23.569004,25.728418,28.849306,26.208393,22.52431,25.606894,23.730322,23.352585,28.547338,23.412512,22.052158,25.567932,28.332415,26.805735,26.160072,29.490316,26.763456,33.52163,31.69151,33.47965,37.028484,37.04635,39.338207,41.67738,40.36735,36.933414,34.633904,30.9727,27.259161,26.207205,22.065025,17.664999,17.239738,14.144646,16.559052,13.680986,17.485237,16.337154,17.007908,16.452276,16.082188,14.080155,18.307245,17.561409,21.506115,21.31632,25.892696,29.994593,29.54809,27.052877,31.886139,27.56047,31.911491,30.814562,34.335423
24,25.469805,21.83657,25.514845,22.009249,21.76681,26.188713,22.768526,29.150227,27.059067,30.6598,31.707779,33.437893,34.419434,31.887518,29.875551,25.825428,23.488396,20.214643,18.054588,14.535196,11.241364,11.044701,7.212778,5.352383,0.0,4.6048822,6.964679,7.438638,11.803174,11.71701,16.139847,16.126247,24.03007,24.46508,26.970877,30.445515,30.905836,28.743404,25.348425,21.39069,23.175425,16.709555,18.39915,14.125163,17.179829,13.266463,13.692188,13.769202,13.386137,17.44269,16.203913,20.55375,20.845049,24.66471,21.92772,24.90754,21.513779,23.13561,26.821844,23.798101,20.406858,22.349463,20.878675,19.807644,25.327446,19.80338,19.152493,23.08327,25.51829,24.886774,25.068186,28.061337,25.37455,32.066097,30.136696,32.61953,35.91583,36.16559,38.751873,40.929436,40.13859,36.923847,34.143646,30.823906,26.76591,26.489946,21.364397,17.973156,16.909218,13.851777,16.296188,13.246192,17.37527,15.665099,18.02917,17.871294,18.67074,16.02421,20.847475,19.441668,23.17334,22.55074,26.62968,31.011253,29.67037,26.835377,31.324312,26.189407,30.263432,28.851732,31.907928
25,25.335629,21.537842,25.052181,22.130306,21.349941,26.163311,22.425953,28.850132,27.088915,30.216671,31.877563,33.899532,34.691048,32.601074,30.291632,26.455082,24.199867,20.55166,19.250586,14.791463,12.656683,12.094597,10.262458,8.328156,4.6048822,0.0,5.678681,7.925726,11.3211565,13.048574,16.498215,18.132233,25.57762,26.40044,28.932684,32.361126,33.383774,31.278114,27.982683,24.017962,25.552328,19.125942,19.799446,15.945422,17.498577,13.094804,12.094753,11.419321,9.972122,13.789699,11.872185,16.195023,16.391306,20.113161,17.412945,20.506481,17.483912,19.255327,23.15869,20.520086,17.49056,19.664417,19.089346,18.422562,24.498318,19.523588,19.563858,23.147535,26.122776,26.177147,26.079878,28.436531,25.210817,31.86461,29.087841,31.909618,34.789375,34.74422,37.35204,39.20315,38.479885,35.475315,32.128517,29.059837,25.087133,24.725477,19.42036,16.214512,14.140171,10.870644,12.699479,9.578615,13.667565,12.118187,15.235431,15.167657,16.859413,13.860285,18.960917,17.451672,20.730024,20.452436,23.97761,28.588228,26.973639,24.119408,28.774101,23.672108,27.66379,26.698235,29.455887
26,28.669823,24.579384,27.281294,23.739351,22.393948,26.66938,22.0524,27.930656,25.234562,28.147543,29.00556,31.684393,33.073956,31.000874,29.473547,25.190392,24.0803,19.99381,19.769169,15.6335945,13.552446,14.923381,11.871455,11.630138,6.964679,5.678681,0.0,3.8896298,9.77073,11.329431,14.648958,17.010078,23.35405,25.454153,27.020224,30.838007,31.747412,29.139053,26.539665,22.953335,23.039228,16.766193,16.93227,12.540567,14.007116,8.577108,8.543867,7.3443108,8.074006,11.271977,11.501703,15.634474,16.829773,20.490839,18.520601,20.679165,17.281332,17.963099,21.918392,18.353678,15.351341,15.952562,14.901075,13.398725,19.312937,14.006538,14.367081,18.18491,20.79742,21.38411,21.939125,24.07759,21.198582,27.61585,25.286451,28.494951,31.339634,31.757067,34.60147,36.530422,36.33011,33.45364,30.194357,27.386003,23.094322,23.817247,17.814907,16.156574,14.758281,12.665697,15.395436,14.01607,17.850391,16.937695,20.337067,19.908804,21.695362,17.932375,22.618698,20.030909,23.347126,21.686226,24.95775,29.353575,26.887854,23.743542,27.482687,21.574799,25.18906,23.451153,25.99912
27,27.535742,23.414955,25.770956,21.727213,20.454807,24.287537,19.641544,25.33858,22.305344,25.506073,25.949883,28.479418,30.028423,27.731333,26.492163,22.02303,21.169106,17.170076,16.95869,13.4360075,11.089888,13.532339,9.935533,11.016475,7.438638,7.925726,3.8896298,0.0,7.4373393,7.8403,11.548091,13.439333,19.662588,21.881504,23.255291,27.139534,27.928291,25.2645,22.748222,19.261736,19.15669,12.892127,13.2124,8.691828,10.805377,5.9617705,7.4258313,7.985464,9.583407,13.634936,14.32355,18.365055,20.176678,23.340355,20.952028,22.821926,18.745197,19.347626,22.744053,18.860283,15.392125,16.261509,14.034911,12.681472,17.930185,12.550298,11.900972,15.743013,18.4252,18.275135,18.58514,21.137138,18.496157,25.038683,23.287445,26.11042,29.317696,29.928064,32.718204,34.939034,34.641224,31.585451,28.866879,25.83555,21.490982,22.353714,16.55315,14.9531145,14.66852,13.092564,16.59871,15.998347,19.861208,19.521713,22.149124,21.253124,22.460829,18.44083,22.678644,19.705612,23.34745,20.968153,24.62681,28.720968,26.388094,23.267395,26.732645,20.900023,24.617996,22.520723,25.51624
28,22.2547,17.985138,19.328598,15.332606,13.460779,17.207975,12.339641,18.219711,15.856846,19.049278,20.612415,22.645662,23.598553,21.650702,19.779772,15.690234,14.662961,10.362211,11.408849,7.4053135,7.4374924,10.7378845,10.315016,12.595451,11.803174,11.3211565,9.77073,7.4373393,0.0,4.8097773,5.454581,9.788002,15.328243,17.219141,19.178314,22.564137,24.40936,22.4138,19.663965,16.198208,16.82353,11.422829,10.025673,8.815851,7.382154,6.7062593,5.730704,9.146143,9.377675,14.991,15.093256,18.670311,21.591892,23.1669,19.623655,21.038351,15.968863,17.06868,19.1601,15.736903,11.66245,15.063827,12.254751,13.314464,17.932783,14.705052,13.216839,15.182308,19.473969,18.486107,16.52677,18.659985,15.0453005,21.818726,19.228598,21.251648,24.5612,24.603676,27.06316,29.361904,28.456324,25.183678,22.74251,19.306995,15.205712,15.35549,10.262154,7.9811525,9.234148,9.066132,13.362025,15.194362,18.314224,19.866512,20.95791,18.999168,19.703524,14.9707575,17.930855,14.0517025,17.690176,14.275642,18.181053,21.897724,19.940573,17.020533,20.668472,15.737068,19.939003,18.458519,22.274294
29,22.84907,18.845211,20.308157,15.574638,14.529111,17.477169,13.2408285,18.763336,15.829247,19.720964,20.220373,21.818678,23.108536,20.477772,19.161182,14.663171,13.679308,10.045718,9.765244,7.7627487,5.910115,10.420637,8.30167,11.72203,11.71701,13.048574,11.329431,7.8403,4.8097773,0.0,5.067915,5.826032,12.556225,14.132204,15.985034,19.614212,20.766893,18.582127,15.667897,12.086601,12.888867,6.9521394,7.0940046,5.4097548,6.9831023,7.661654,9.254087,12.506742,13.579591,18.880987,19.254452,23.040152,25.655685,27.68261,24.239132,25.79292,20.77005,21.747663,23.779778,20.145203,16.09447,18.709333,15.135378,15.413104,19.090645,15.239294,12.738972,15.100185,18.598381,16.511175,14.774242,17.954145,15.29058,21.966333,20.742386,22.20925,26.036566,26.515665,28.890799,31.570261,30.625484,27.166647,25.571054,21.971066,17.991314,18.283907,13.935464,11.6991415,13.705564,13.226509,17.475473,18.453463,21.879652,22.881908,23.729168,21.879242,21.918535,17.682266,20.49581,17.042135,21.007751,17.60098,21.931686,25.261356,23.728844,20.992426,24.26418,19.539608,23.5543,21.556187,25.509182
30,22.181932,18.166422,18.318144,13.732704,11.786709,14.024215,8.994931,14.037987,11.004168,14.725714,15.784138,17.448225,18.587717,16.382011,15.012129,10.566502,10.559479,6.3206425,8.857269,7.335996,8.352771,12.727463,12.61683,15.935698,16.139847,16.498215,14.648958,11.548091,5.454581,5.067915,0.0,6.56993,10.065051,12.46733,14.021626,17.341976,19.496126,17.655104,15.231944,12.302094,12.489219,8.583414,5.9148326,7.9438834,5.137232,8.9162035,9.323864,13.282626,14.190785,19.427801,20.046457,23.247427,26.60419,27.66314,24.010828,24.903072,19.54474,20.31905,21.373283,17.936146,13.956522,17.260355,13.385438,14.954443,17.802279,15.665503,13.090516,13.845605,18.266426,16.127491,12.873705,15.27108,11.966937,18.514662,16.794199,17.764536,21.589237,21.835548,24.053694,26.784086,25.667658,22.156996,20.842083,17.16133,13.356367,13.754879,10.134699,8.917084,12.203819,13.1780205,17.44245,19.996313,22.797606,24.818832,25.200977,22.850368,22.889565,18.2554,20.024458,15.830321,19.356922,14.840672,18.796677,21.555601,19.880537,17.309824,20.00052,15.832363,19.759935,17.92538,22.220366
31,21.617935,18.15819,18.923035,13.719648,13.488871,14.935018,12.021739,16.616457,13.845496,18.329384,18.355412,18.758167,19.893469,16.678274,15.617506,11.244855,10.099486,8.105523,6.70647,8.392691,7.1592283,11.676804,10.478085,14.519241,16.126247,18.132233,17.010078,13.439333,9.788002,5.826032,6.56993,0.0,8.532651,8.559655,11.010702,14.34169,15.335218,13.642988,10.161759,6.432703,8.888117,4.864353,6.2144303,7.922514,9.549377,12.739299,14.52527,18.092907,19.089281,24.496008,24.77448,28.452646,31.191504,32.89668,29.101404,30.55947,25.324785,26.428137,27.75788,24.37396,20.331875,23.332756,19.283447,19.949364,22.377924,19.273088,16.005146,17.465244,20.629519,17.168962,14.4182625,18.145016,16.23846,22.246096,22.01846,22.241547,26.467146,26.998142,28.944899,31.97583,30.6005,26.92459,26.490644,22.653,19.3007,19.170254,16.517435,14.165917,17.289772,17.25259,21.398417,22.683695,25.832527,27.170515,27.068546,24.90122,24.060957,20.26504,21.982634,18.759064,22.704468,19.01755,23.60379,26.138086,25.395144,23.13068,26.015186,22.328419,26.209352,24.238178,28.534529
32,26.33519,23.265394,22.121037,17.307625,16.367458,15.198422,12.463489,13.3840685,9.228889,13.299016,11.316821,11.374517,13.542629,10.084114,11.532285,7.234649,10.299144,9.785398,11.856977,14.65822,15.197298,19.634308,18.971233,22.991617,24.03007,25.57762,23.35405,19.662588,15.328243,12.556225,10.065051,8.532651,0.0,6.3004994,4.3618345,8.158146,10.172375,8.364803,7.674621,7.7475047,5.5229673,8.618957,6.7197375,11.970486,10.930219,16.504465,18.442015,22.260677,23.945826,28.697388,29.903755,32.94076,36.48598,37.4253,33.855667,34.371967,28.95401,29.30656,29.536106,26.089478,22.557808,24.84827,20.182241,21.38491,21.402565,20.441021,16.74733,16.019033,18.921854,14.596018,10.036825,13.241977,12.669053,16.78078,18.18611,16.908897,21.369534,22.397917,23.951792,27.36151,26.15729,22.613108,23.73316,20.331451,17.806087,18.702332,17.641611,17.615139,21.656792,22.95895,27.111553,29.657787,32.40988,34.43514,34.27249,31.756931,30.991335,26.869581,27.607706,23.72998,27.002346,22.058378,25.721157,26.99814,25.9364,24.0808,25.098755,22.257532,25.167645,22.732853,27.023388
33,22.336369,19.957947,18.909504,14.167674,14.563573,12.829473,12.487139,13.87885,11.978671,16.32821,15.824301,13.991291,14.601374,10.793596,10.578064,7.770521,7.7623925,9.644165,9.162436,13.766859,14.29001,17.807995,18.124115,22.06541,24.46508,26.40044,25.454153,21.881504,17.219141,14.132204,12.46733,8.559655,6.3004994,0.0,5.1784353,6.443703,8.429369,8.776984,5.4368973,5.115847,8.502922,10.802872,10.97183,15.201073,15.286081,20.171202,21.68659,25.566822,26.483486,31.863106,32.203026,35.520645,38.67195,39.67007,35.562794,36.601765,31.192307,32.25434,32.49872,29.565937,25.802784,29.163788,24.831774,26.200773,27.127804,25.5099,21.872389,21.831146,24.78006,20.35727,16.23717,19.524078,18.552055,22.804125,23.607561,22.001734,26.31909,26.77365,27.914145,31.243105,29.30613,25.589422,26.903324,23.134966,21.079056,20.557013,20.411695,18.729063,22.777489,23.594498,27.46528,29.614029,32.197662,34.240585,33.181778,30.582457,29.037779,25.639145,25.752903,22.678837,26.01518,21.881584,26.05661,27.164108,27.308796,25.838854,27.730942,25.721552,29.082321,27.337152,31.83267
34,27.319618,24.774775,23.434605,18.76272,18.507256,16.457546,15.168322,15.157518,11.879933,15.666233,13.269797,11.862218,13.7612095,9.880376,11.995219,9.005968,11.609253,12.625836,13.606391,17.459888,17.794392,21.886534,21.293236,25.367844,26.970877,28.932684,27.020224,23.255291,19.178314,15.985034,14.021626,11.010702,4.3618345,5.1784353,0.0,4.3063936,5.86398,4.9715652,5.0318813,7.3022037,6.078073,11.1338825,10.616583,15.361952,15.188465,20.561346,22.652287,26.457527,28.070505,32.945534,34.007088,37.140995,40.581356,41.572456,37.85618,38.48618,33.050106,33.54221,33.65584,30.347303,26.814924,29.204441,24.522083,25.61893,25.33425,24.350727,20.529676,19.816729,22.101862,17.312653,13.125101,16.331858,16.509544,19.671646,21.761076,19.838453,24.230577,25.286959,26.4617,29.962034,28.533295,25.02908,26.853832,23.498873,21.4675,22.003622,21.647879,21.256704,25.390385,26.552042,30.628122,32.983322,35.715855,37.6916,37.161232,34.613796,33.430656,29.674517,30.056597,26.541697,29.787466,25.075397,28.824871,29.726154,29.194378,27.617168,28.55179,26.255749,29.063108,26.728333,31.001865
35,27.421715,25.437994,23.499323,19.339499,19.450169,16.354399,16.470781,15.202333,13.131749,16.414423,14.390515,11.444756,12.523828,8.714189,11.095803,9.9130945,12.258276,14.572285,15.369673,19.810106,20.589638,24.231558,24.344595,28.350508,30.445515,32.361126,30.838007,27.139534,22.564137,19.614212,17.341976,14.34169,8.158146,6.443703,4.3063936,0.0,4.6155853,6.6589026,7.0738626,9.964648,10.198826,15.182769,14.692774,19.523527,19.039095,24.541594,26.295969,30.194164,31.519608,36.53479,37.36973,40.41451,43.91296,44.61957,40.67654,41.262634,35.81533,36.46733,36.185734,33.23261,29.796537,32.609875,28.041166,29.479654,29.056877,28.463646,24.693611,23.688093,26.043139,21.261786,16.85917,19.532627,19.73494,22.162691,24.230247,21.590012,25.761845,26.556105,27.236082,30.727123,28.905426,25.465271,27.986225,24.70418,23.365974,23.414974,24.130562,23.589636,27.893023,29.213001,33.09325,35.681618,38.152122,40.408134,39.374508,36.66668,35.146217,31.666529,31.394358,28.124794,31.084438,26.488241,30.061014,30.372227,30.421865,29.261885,30.000847,28.592297,31.261127,29.282295,33.593616
