,0,1,2,3,4,5,6,7,8,9,10,11,12,13,14,15,16,17,18,19,20,21,22,23,24,25,26,27,28,29,30,31,32,33,34,35,36,37,38,39,40,41,42,43,44,45,46,47,48,49,50,51,52,53,54,55,56,57,58,59,60,61,62,63,64,65,66,67,68,69,70,71,72,73,74,75,76,77,78,79,80,81,82,83,84,85,86,87,88,89,90,91,92,93,94,95,96,97,98,99,100,101,102,103,104,105,106,107,108,109
0,0.0,4.3865867,6.4489746,9.433833,12.119648,15.102859,17.399193,21.833351,24.883,27.331703,31.186083,33.379272,36.515545,35.25347,39.06962,33.711838,35.374012,32.70566,36.099415,34.065876,34.671543,37.689133,36.73347,37.551445,39.580814,40.569355,37.354504,39.770103,36.84195,41.045166,34.80887,41.251442,37.696194,39.22735,36.264584,32.84959,30.764961,33.26291,31.42502,28.419207,27.543917,30.613277,28.386719,23.873407,26.20349,28.711685,22.620317,21.247227,24.713167,24.99992,29.711441,27.785828,30.845861,32.519363,34.18389,36.582523,33.86163,38.114964,39.776093,35.380325,35.931377,41.56559,42.726864,42.792492,38.625175,39.190506,44.865227,44.827587,41.823013,47.337578,45.93504,45.449516,41.12061,43.420605,39.073822,40.88232,37.379204,32.786774,32.57266,27.568972,25.40487,22.214834,21.293482,24.510874,26.583267,29.51857,31.521957,36.840473,39.356537,43.381973,45.81173,49.179707,49.81894,46.801693,45.337673,41.8927,40.451336,36.659218,32.80046,27.943817,27.116514,23.380531,20.432703,20.307587,23.439255,22.986177,26.505497,28.330017,30.478472,33.624397
1,4.3865867,0.0,5.3583627,6.1263776,8.837331,12.465061,14.105132,19.026728,21.515154,24.358625,27.986034,30.259586,33.144257,31.7451,35.194687,29.71989,31.240202,28.439161,31.810438,29.684595,30.345098,33.40692,32.540382,33.20032,35.201206,36.18948,33.002266,35.47877,32.653446,36.93124,30.885773,37.49177,34.304203,35.90565,32.648212,29.171795,27.39173,29.850443,27.620281,24.590496,24.12142,26.842775,24.347734,20.026495,22.70173,24.76957,18.455748,17.539183,21.220678,21.809496,26.1967,23.992508,27.491236,29.164585,30.467005,32.611336,29.814768,34.01511,35.912857,31.731194,31.983776,37.63629,38.989574,39.284122,35.105324,35.461224,41.127113,41.029472,37.832256,43.309143,41.757404,41.168907,36.900066,39.100864,34.800114,36.576115,33.072582,28.501131,28.338223,23.312864,21.16537,18.156265,17.027634,20.161695,22.227146,25.183546,27.20664,32.499306,35.089302,39.0829,41.587944,44.929253,45.6137,42.628654,41.201294,37.698063,36.390476,32.523407,28.784958,23.920965,23.04168,19.349497,16.450727,16.58844,19.585741,19.7079,22.653492,24.886467,26.886362,30.265234
2,6.4489746,5.3583627,0.0,5.3442984,6.561315,9.578477,11.5167,15.661742,19.023796,21.076666,25.07714,27.14952,30.449461,29.323883,33.580013,28.486418,30.531141,28.32438,32.21053,30.783257,32.038425,35.171852,35.039314,35.01676,36.61819,37.0728,33.57234,35.486095,32.262238,36.15687,29.685678,35.85366,31.779566,33.5638,30.97757,27.390085,25.211336,28.25747,26.681395,23.439787,22.753546,26.722107,24.358316,19.764051,22.629862,25.926916,19.88352,18.554167,22.808403,22.523026,26.93033,26.103273,29.283434,30.25754,31.988102,34.021893,30.70293,34.88546,36.952396,32.203014,32.035152,37.854218,38.98541,38.98756,34.410828,34.612156,40.22458,39.863518,37.266815,42.899853,41.488853,41.35783,37.35387,40.118607,36.011383,38.314068,35.007153,30.375645,30.88766,25.728783,23.856829,21.50187,19.394913,21.803852,22.93524,26.540352,27.463846,33.101833,35.087006,39.187706,41.26482,44.676823,45.37473,42.372616,41.1668,37.977314,36.132072,33.159294,28.579723,24.815836,23.007378,20.103117,17.644156,16.345533,19.185122,17.632648,21.325144,22.609774,24.686026,27.609976
3,9.433833,6.1263776,5.3442984,0.0,4.037503,6.480716,8.826059,13.289153,15.795097,18.849506,22.323675,24.900013,27.722244,26.686424,30.270342,24.831095,26.936253,24.250366,28.552717,26.553867,28.078999,31.378923,31.11684,30.59446,32.20582,32.822384,29.041437,31.12187,27.86445,31.950674,25.49095,31.864023,28.530712,29.91836,26.834007,23.477312,21.41945,23.928936,22.05476,19.026318,18.242558,21.63929,19.364286,14.732095,17.511217,20.609438,14.706757,13.216235,17.532406,17.384794,21.661997,20.83532,24.041782,25.008451,26.645771,28.713783,25.465836,29.693258,31.639883,26.965298,26.970224,32.7336,33.892662,33.99881,29.573921,29.89602,35.555912,35.423428,32.566116,38.141716,36.882137,36.700638,32.41524,35.23579,30.99577,33.44201,30.223225,25.470531,26.380846,21.050188,19.674181,17.69321,15.796581,17.914892,18.785261,22.72229,23.439327,29.166035,31.366014,35.33099,37.618214,40.918175,41.923233,39.062183,38.076077,34.72778,33.259697,30.159681,25.89132,22.246561,20.175482,17.602613,15.378804,14.697474,17.029696,16.450474,18.563902,20.624643,21.96701,25.389112
4,12.119648,8.837331,6.561315,4.037503,0.0,5.467556,5.30859,10.372972,12.894179,15.524216,19.211964,21.449476,24.429169,23.214336,27.148264,21.955832,24.09176,21.911348,26.158264,24.885443,26.627518,29.85648,30.240673,29.490845,30.80374,30.988945,27.319347,29.037344,25.753956,29.604607,23.206982,29.491514,25.719841,27.669079,24.813755,21.062622,19.254595,22.496216,20.512985,17.109798,17.11673,21.068882,18.316158,13.992334,17.616095,20.744215,14.751036,14.0802555,18.836245,18.58996,22.23004,21.762854,25.361275,25.933487,27.233908,28.7495,25.073494,29.105791,31.614254,27.00375,26.104256,31.99541,33.331367,33.586163,28.842516,28.607805,34.17402,33.61369,30.955399,36.59246,35.032642,34.96217,31.163294,34.062706,30.147776,32.685047,29.54916,24.9861,26.038977,20.912807,19.431667,18.024715,15.12017,16.62732,16.956337,21.050615,21.220171,27.013865,28.81031,32.881645,34.896748,38.279095,39.123314,36.19713,35.218674,32.077396,30.250957,27.648796,22.887362,19.908777,17.338987,15.268086,13.449684,11.759864,13.930595,12.575399,15.159832,16.821178,18.48186,21.72728
5,15.102859,12.465061,9.578477,6.480716,5.467556,0.0,5.6934457,7.578967,10.795767,13.534097,16.95414,19.8068,22.751047,22.367504,26.469942,21.439978,24.415133,22.275097,27.57424,26.099674,28.593039,31.988657,32.528988,30.739956,31.76829,31.785711,27.403246,28.73329,24.905663,28.465742,21.440056,27.145037,23.166012,24.32954,21.90242,18.735453,16.023212,18.890102,18.001112,15.0112095,13.55379,18.49228,16.77587,11.990663,14.6328335,19.421871,14.816186,12.651578,17.256285,15.82503,19.686428,21.0543,23.521603,23.387726,25.55158,27.44493,23.655298,27.730244,29.689943,24.351175,23.935915,29.721806,30.500046,30.213493,25.402565,25.648087,31.186394,30.907969,28.806,34.470627,33.64469,34.120354,30.028849,33.671814,29.70195,32.94601,30.196707,25.47628,27.573444,22.279207,21.770018,20.949776,18.379211,19.15874,18.409029,23.23506,22.145277,28.177814,29.6334,33.499527,35.318073,38.542305,39.853592,37.16254,36.721657,33.748024,31.930126,30.049902,25.112885,23.27163,19.891327,18.92108,17.668858,15.841159,17.189394,15.139393,16.471142,17.638525,18.113777,21.202248
6,17.399193,14.105132,11.5167,8.826059,5.30859,5.6934457,0.0,5.786505,7.756547,10.342107,13.941517,16.184067,19.127085,18.02913,22.209555,17.275375,19.86061,18.220882,23.011242,22.385607,24.82617,28.045544,29.228489,27.560015,28.357658,27.983738,24.075697,25.196598,21.660408,25.129585,18.606087,24.611473,20.518381,22.784237,20.180187,16.2062,14.5529175,18.421223,16.554556,12.925243,13.614272,18.239052,15.341776,11.547231,15.719655,19.20228,14.039451,13.830059,18.725863,18.062075,20.766134,21.386074,24.925926,24.780685,25.899765,26.85778,22.712275,26.44529,29.364405,24.701645,22.893135,28.795216,30.152891,30.451265,25.415625,24.661165,30.056536,29.138412,26.851402,32.515358,30.919216,31.187937,27.816856,31.106506,27.575756,30.53579,27.748066,23.40676,25.207827,20.36089,19.445951,19.171482,15.567929,15.723003,14.6369295,19.286505,18.001894,23.9398,25.116486,29.149763,30.806023,34.16834,35.1351,32.298546,31.668081,28.823387,26.714264,25.080084,19.798595,18.45061,14.749366,14.276248,13.578076,10.94923,11.894781,9.535724,11.086379,12.259929,13.415034,16.619013
7,21.833351,19.026728,15.661742,13.289153,10.372972,7.578967,5.786505,0.0,4.812542,6.016957,9.728973,12.348361,15.56541,15.492182,20.376192,16.253508,19.820774,18.932446,24.525806,24.369331,27.574135,30.763144,32.48462,29.774057,30.036312,29.141632,24.739758,25.011164,20.955189,23.637926,16.6261,21.497341,16.435848,18.44368,16.89994,13.304002,10.735055,15.144894,14.761566,11.519222,11.366255,17.42403,15.497655,12.120893,15.43286,20.267927,16.800932,15.821439,20.340637,18.618416,20.83408,23.3824,25.944767,24.867,26.544596,27.431763,23.024992,26.453043,29.153889,23.963957,21.918957,27.582436,28.432178,28.241232,22.954355,22.16882,27.26738,26.21032,24.920324,30.546906,29.535425,30.546616,27.42638,31.491161,28.298674,31.94455,29.690203,25.518703,28.276007,23.626585,23.490328,23.868353,20.322956,19.65023,17.352352,22.391628,19.491179,25.367989,25.72388,29.488764,30.5894,33.781197,35.078148,32.497944,32.473907,30.10385,27.716908,27.380291,21.756638,22.167074,17.668568,18.600288,18.58356,15.582826,15.614618,12.055256,12.470914,12.093409,11.85403,14.272822
8,24.883,21.515154,19.023796,15.795097,12.894179,10.795767,7.756547,4.812542,0.0,4.825339,6.7059183,9.841273,12.134785,11.874187,15.963237,11.580865,15.329021,14.492644,20.3938,20.3603,23.93119,27.052818,29.120413,25.847143,25.816628,24.702127,20.221907,20.26537,16.184282,18.845085,11.911392,17.166275,12.830105,15.115344,12.861253,8.838083,7.228904,11.948487,10.71963,7.292731,8.873091,14.217371,11.889459,9.815333,13.567481,17.469702,14.802307,14.792247,18.96259,17.613272,18.621748,21.188719,24.018103,22.717167,23.71392,23.957865,19.388653,22.46021,25.608252,20.91332,17.977203,23.581295,24.749012,24.974806,19.670095,18.254827,23.283567,21.997751,20.455244,26.06841,24.807215,25.796818,22.925175,26.999294,24.088978,27.822344,25.819471,21.970222,25.090813,20.904335,21.218843,22.399565,18.78063,17.206104,14.054398,19.128248,15.36534,21.106842,21.267935,24.900553,26.003803,29.12878,30.597147,28.132984,28.336262,26.006144,23.823105,23.80817,18.43587,19.747574,14.913658,16.886927,17.59536,14.996001,14.032993,11.6369,9.518194,9.77461,8.165747,11.275358
9,27.331703,24.358625,21.076666,18.849506,15.524216,13.534097,10.342107,6.016957,4.825339,0.0,4.470082,6.3497076,9.859749,10.016311,15.621528,12.798651,16.62811,17.09279,22.469233,23.51178,27.09475,29.955662,32.569443,29.274519,28.898827,27.25755,23.129904,22.443703,18.493128,20.178131,13.8162155,17.577044,11.61159,14.841853,14.208184,10.356803,8.911308,14.2543545,14.062434,11.127455,12.624626,18.282095,16.233307,14.582601,17.995714,22.083172,19.565603,19.55591,23.713524,22.111845,23.035267,25.959848,28.632383,27.06274,28.13405,28.133099,23.505968,26.181425,29.467691,24.822084,21.459448,26.696321,27.703518,27.752073,22.378984,20.571775,24.986612,23.154095,22.551163,27.904821,26.594345,27.970451,25.909288,30.060703,27.67995,31.421476,29.627647,26.127663,29.173262,25.283655,25.381683,26.569181,22.594662,20.937548,17.703554,22.386673,18.213842,23.492266,22.828072,26.360785,26.774982,29.875896,31.098936,28.662582,29.000643,27.24041,24.434416,25.498857,19.619707,21.995588,16.98577,19.424028,20.35527,16.951656,15.864222,11.8644705,10.938175,8.876295,7.5185246,8.7979
10,31.186083,27.986034,25.07714,22.323675,19.211964,16.95414,13.941517,9.728973,6.7059183,4.470082,0.0,3.9899569,6.0567255,7.3140845,12.31352,10.398109,14.6324625,15.620417,21.21006,22.474367,26.475481,29.178795,32.133976,28.100485,27.28792,25.302889,21.062517,19.724476,15.713505,16.641691,10.616961,13.31917,7.1499634,10.769992,10.572719,7.1016784,6.625905,11.81455,12.004408,9.954732,12.01023,16.952106,15.353533,14.994959,17.88063,21.53589,20.309706,20.56681,24.14113,22.49077,22.397081,25.918396,28.26265,26.241158,27.029446,26.543835,21.936413,24.02487,27.396078,23.103342,19.119322,23.854115,24.80699,24.937393,19.663454,17.32698,21.236244,19.097845,19.001553,24.117123,22.969347,24.736403,23.129229,27.535948,25.640974,29.632874,28.33276,25.279606,28.838203,25.465364,26.131777,27.943123,24.142286,21.828287,17.92214,22.423225,17.282547,22.01513,20.797504,23.89842,23.984728,26.83822,28.388603,26.26518,27.124493,25.684319,23.050545,24.912165,19.451937,22.936188,17.803415,21.100748,22.527433,19.537264,17.789612,14.734639,11.938036,10.069104,6.7022085,7.348582
11,33.379272,30.259586,27.14952,24.900013,21.449476,19.8068,16.184067,12.348361,9.841273,6.3497076,3.9899569,0.0,4.2332425,5.2243953,11.405616,11.114216,14.7540455,16.820297,21.509792,23.75295,27.574133,29.966654,33.39714,29.547815,28.488644,26.093967,22.47595,20.688753,17.189793,17.402666,12.705752,14.372644,7.8058996,12.5626135,13.195913,9.932472,10.422727,15.356762,15.349157,13.339762,15.941335,20.50965,18.589977,18.545,21.715004,24.894102,23.399042,24.106884,27.782955,26.342396,26.121628,29.265022,31.914967,29.954313,30.414068,29.553196,24.962381,26.707361,30.427095,26.559566,22.098791,26.52811,27.66156,27.984774,22.8551,20.058907,23.35772,20.681295,20.95255,25.669989,24.06754,25.841757,25.10505,29.177082,27.791765,31.500809,30.290264,27.63309,30.879444,27.884724,28.259346,30.148045,26.031656,23.58249,19.719011,23.684649,18.485353,22.62123,20.77102,23.772823,23.296242,26.145517,27.303587,25.164257,26.016434,25.078394,21.95941,24.669527,19.007387,23.341806,18.27559,21.950293,23.655905,20.287798,18.308472,14.753039,12.468705,9.2938175,6.5057807,4.676343
12,36.515545,33.144257,30.449461,27.722244,24.429169,22.751047,19.127085,15.56541,12.134785,9.859749,6.0567255,4.2332425,0.0,3.744468,8.074148,9.374644,12.877677,15.487501,19.989607,22.46004,26.512512,28.67382,32.384636,27.985992,26.52871,23.825346,20.339237,17.93554,14.70525,14.002334,10.545865,10.823305,5.041479,10.383577,11.174085,8.7164345,10.605341,14.597039,14.470247,13.318405,16.443554,19.88613,18.217016,19.281637,22.093302,24.52055,23.996458,25.074175,28.230856,26.951794,25.867487,29.150396,31.651245,29.461632,29.477194,28.09107,23.660975,24.761963,28.624332,25.37505,20.352392,24.146967,25.380136,25.964523,21.15217,17.79173,20.394827,17.327116,17.930044,22.217274,20.535778,22.555544,22.461277,26.52306,25.705696,29.454119,28.703335,26.584614,30.11609,27.710987,28.511793,30.91247,27.004496,24.049976,19.786808,23.355242,17.534685,20.879284,18.499743,20.983273,20.164488,22.744675,24.185898,22.374662,23.723307,23.112574,20.270168,23.663515,18.659023,23.819239,18.875452,23.132027,25.214016,22.331968,19.880835,17.39806,13.711679,11.305438,7.479553,5.54882
13,35.25347,31.7451,29.323883,26.686424,23.214336,22.367504,18.02913,15.492182,11.874187,10.016311,7.3140845,5.2243953,3.744468,0.0,6.6067743,7.4881606,10.293514,13.321643,17.15242,20.136406,23.887115,25.928122,29.801031,25.869919,24.49665,21.75288,18.771378,16.636019,13.843041,13.683,10.748453,12.566372,8.238443,13.45309,13.006318,9.651417,12.098607,16.33048,15.008942,13.266927,17.26743,20.283749,17.795801,18.940536,22.421968,24.099188,22.860085,24.58289,27.945791,27.179203,26.181786,28.487455,31.658457,29.895805,29.43874,27.838669,23.39558,24.572275,28.886686,26.023666,20.75209,24.827047,26.554718,27.571737,22.777475,19.263292,22.16885,19.07644,18.75322,23.126703,20.643883,22.043339,22.130957,25.606302,24.799923,28.087877,27.074175,25.078913,28.0911,25.885319,26.305124,28.709593,24.59454,21.579275,17.492916,20.644953,15.110658,18.342829,15.983436,18.848661,18.193335,21.109522,22.114058,19.946596,20.865406,20.123724,17.023321,20.332188,15.12148,20.513424,15.683799,20.120516,22.40362,19.531506,16.858713,14.758202,10.849449,8.399694,4.957541,2.8467734
14,39.06962,35.194687,33.580013,30.270342,27.148264,26.469942,22.209555,20.376192,15.963237,15.621528,12.31352,11.405616,8.074148,6.6067743,0.0,5.942883,6.862042,10.736351,13.586388,16.881773,20.789873,22.349556,26.589916,21.94622,19.955877,16.741758,14.337132,11.276283,9.648978,8.110786,8.985338,9.692709,9.870737,13.919118,12.473308,10.475952,14.416565,16.900425,14.7199955,14.205783,18.851429,19.654148,17.309296,20.095444,23.102459,23.08321,23.143,25.608387,28.094496,27.877949,25.662783,27.53214,30.701473,28.908304,27.476484,24.959198,20.995674,21.080618,25.764372,24.288004,18.278028,21.282986,23.50359,25.244045,21.228949,17.02304,18.937778,15.51194,14.693596,18.218685,14.932604,16.154991,17.457611,20.39661,20.582012,23.584473,23.253263,22.317972,25.489035,24.451101,25.45833,28.6139,25.021248,21.335209,16.962307,19.028484,12.936106,14.305509,11.098638,13.064267,12.102798,14.77875,16.296135,14.554985,16.229748,15.802116,13.572703,17.62663,14.172514,20.384615,16.259945,21.217976,23.955378,22.155266,18.980318,18.907473,13.399843,12.915849,9.41841,9.130078
15,33.711838,29.71989,28.486418,24.831095,21.955832,21.439978,17.275375,16.253508,11.580865,12.798651,10.398109,11.114216,9.374644,7.4881606,5.942883,0.0,4.5069976,6.1254644,11.259517,13.091001,17.237364,19.53715,23.067505,18.663416,17.404814,15.050817,11.4651375,10.011565,6.9890027,8.752364,5.892683,10.899504,10.616536,14.024405,10.751816,7.365758,11.167274,13.858834,10.440984,9.122116,14.305959,15.0397,11.95299,14.499586,17.973299,17.856579,17.269604,19.859314,22.55813,22.581945,20.789076,22.144669,25.70264,24.299559,22.980436,20.951439,16.66363,17.718855,22.432777,20.389767,14.786499,19.040104,21.443836,23.183086,18.764713,15.162791,18.67006,16.168764,13.857806,18.601704,15.563967,16.120226,15.433806,18.625525,17.474798,20.687246,19.610283,17.718124,20.942633,19.130558,20.095041,23.070358,19.539803,15.980067,11.463087,14.467457,8.306669,11.864583,10.503416,13.703156,14.467209,17.550621,19.148445,16.920238,17.726473,15.880436,14.115654,15.816427,11.82255,16.46687,11.985966,16.541262,19.005774,17.564558,14.586846,15.229635,8.993238,10.237379,6.66188,9.154268
16,35.374012,31.240202,30.531141,26.936253,24.09176,24.415133,19.86061,19.820774,15.329021,16.62811,14.6324625,14.7540455,12.877677,10.293514,6.862042,4.5069976,0.0,4.6911235,7.164031,10.386906,14.106885,15.903178,19.988377,15.893401,14.375642,11.631444,9.4966545,8.151842,7.3183565,8.982101,9.366735,13.670428,14.593288,17.993208,14.604371,11.717223,15.5720625,17.822348,13.837409,12.698073,18.059002,17.66754,14.154134,17.17655,20.815607,19.258198,18.464102,21.933865,24.361818,25.088726,22.994576,23.066917,27.212774,26.26106,24.089006,21.449757,17.637917,18.131243,23.309422,22.398535,16.602848,20.279558,23.222801,25.530283,21.65429,17.884432,20.855661,18.280756,15.344893,19.320189,15.251593,14.837094,15.146526,17.008831,16.513353,18.761675,17.710869,16.715641,19.147661,18.37895,19.07446,22.379993,18.937815,15.050706,10.939502,12.24038,6.391546,8.073848,6.222603,9.8390465,10.959997,14.320656,15.470565,12.970182,13.425456,11.379079,9.891904,11.706339,8.740228,14.207687,10.643441,15.529581,18.422253,17.594126,14.2787895,16.27114,9.973136,11.867312,9.637681,11.702735
17,32.70566,28.439161,28.32438,24.250366,21.911348,22.275097,18.220882,18.932446,14.492644,17.09279,15.620417,16.820297,15.487501,13.321643,10.736351,6.1254644,4.6911235,0.0,6.76203,7.01714,11.26092,13.818204,17.009504,12.732551,11.899976,10.283577,6.817712,7.584844,6.195366,10.071287,8.98633,14.877005,16.302069,18.755926,14.336347,11.539314,14.917347,16.44485,11.644359,10.542475,15.7702055,14.365736,10.450632,13.769313,17.340664,14.940873,14.168395,17.962755,20.09166,21.23957,19.114676,18.495003,22.906809,22.320557,19.939575,17.496752,13.702184,14.739363,19.881666,18.988672,13.690868,17.890495,20.999535,23.41618,19.66742,16.501392,20.222202,18.467327,14.506628,18.923319,15.261613,14.3141985,12.923974,14.79533,13.168549,15.559676,13.972109,12.276724,14.981178,13.825266,14.8897505,18.34968,15.375652,11.393061,7.0604343,8.943127,2.5610847,6.794358,7.717736,11.301478,13.693357,16.791458,18.28913,15.918077,16.01984,13.027166,12.680167,11.981812,9.795255,12.827356,9.60099,13.634292,16.183142,16.245993,13.292723,16.338,9.888517,13.292292,11.2605095,14.489346
18,36.099415,31.810438,32.21053,28.552717,26.158264,27.57424,23.011242,24.525806,20.3938,22.469233,21.21006,21.509792,19.989607,17.15242,13.586388,11.259517,7.164031,6.76203,0.0,5.8375926,7.861449,8.957823,13.524868,10.553806,9.339431,7.166806,8.215711,9.1782675,10.957905,13.363329,15.114851,19.729563,21.632221,24.568308,20.524145,17.906685,21.48834,23.09136,18.317572,17.264677,22.477528,20.582539,16.654587,19.874008,23.528812,19.945654,18.720173,23.241735,25.099333,26.949633,24.710789,22.56302,27.534101,27.519796,24.251492,21.159601,18.346128,18.487701,23.843262,24.359238,19.121775,22.253357,25.781721,28.707273,25.586182,22.200901,25.042774,23.022774,18.992636,22.144758,17.43061,15.299994,15.765168,15.239486,14.996763,15.257982,13.778268,14.008358,14.639681,15.547957,15.770917,19.39272,16.64602,12.6947155,10.216292,8.079147,5.8643727,2.4355462,4.263461,7.819566,10.810413,13.919463,14.269579,11.565454,10.555368,6.844427,7.7691584,5.899283,7.278577,10.942119,10.133118,13.990836,16.999666,17.775665,14.636924,18.868565,13.270861,16.45295,15.669855,18.085672
19,34.065876,29.684595,30.783257,26.553867,24.885443,26.099674,22.385607,24.369331,20.3603,23.51178,22.474367,23.75295,22.46004,20.136406,16.881773,13.091001,10.386906,7.01714,5.8375926,0.0,4.636577,7.4219317,10.101218,6.05549,6.17706,6.568219,5.9085793,9.364647,10.679903,14.422994,15.125948,20.578384,23.111725,25.030443,20.20594,18.037838,21.11795,21.733713,16.581152,15.95675,20.524317,17.333,13.576372,17.044502,20.109003,15.313144,14.659887,19.39173,20.48898,22.869595,20.41832,17.32168,22.422987,22.859999,19.194677,16.216,13.909839,14.359305,19.446497,20.34472,15.994234,19.189476,22.80452,25.83113,23.13467,20.500378,23.820305,22.710024,17.84679,21.183872,17.161697,14.611082,13.111425,12.328672,10.677956,10.794822,8.489214,8.241559,9.128813,10.26431,11.376922,15.42657,13.798989,9.890117,7.933946,5.583324,5.405263,4.365795,8.668555,11.135847,14.855959,17.407696,18.559717,16.402514,15.704033,11.85259,13.569158,9.975999,11.482436,11.904944,11.563518,13.979949,16.30502,18.15674,15.63495,20.47898,14.862351,18.97829,17.878302,21.137777
20,34.671543,30.345098,32.038425,28.078999,26.627518,28.593039,24.82617,27.574135,23.93119,27.09475,26.475481,27.574133,26.512512,23.887115,20.789873,17.237364,14.106885,11.26092,7.861449,4.636577,0.0,3.5410361,5.921948,5.1979275,6.695314,8.340862,10.017144,13.407054,15.258426,18.73498,19.716246,25.13794,27.53126,29.630041,24.814503,22.487062,25.417164,26.160286,20.95559,20.095926,24.50282,21.24605,17.434397,20.378752,23.515457,18.214249,16.807358,21.817766,22.754122,25.670069,23.549807,19.145918,24.633167,25.717133,21.726448,18.863934,17.316805,17.7137,22.44925,23.881147,20.110971,22.998045,26.677814,29.819342,27.401033,24.96893,28.188148,27.167408,22.22359,25.149519,20.97343,17.941696,16.804972,14.748914,13.409209,11.75853,9.041329,9.804495,7.8596272,10.590977,10.662633,14.455329,13.484365,10.266329,10.352218,5.69166,9.214501,6.94185,11.318793,13.275171,17.09547,19.419024,19.888409,17.70975,16.197393,12.136685,14.505967,9.151651,12.544096,11.188245,12.832665,14.079064,16.18435,18.863493,16.696665,22.286379,17.502235,21.74141,21.403545,24.606253
21,37.689133,33.40692,35.171852,31.378923,29.85648,31.988657,28.045544,30.763144,27.052818,29.955662,29.178795,29.966654,28.67382,25.928122,22.349556,19.53715,15.903178,13.818204,8.957823,7.4219317,3.5410361,0.0,5.255574,6.1280017,6.9719176,8.446867,11.882608,14.785907,17.409262,20.283518,22.259851,27.139498,29.859434,32.092224,27.434399,25.24144,28.415758,29.146873,23.999178,23.272968,27.813915,24.431372,20.753046,23.865719,26.93645,21.470284,20.322372,25.331251,26.1119,29.090363,26.766766,22.27642,27.628988,28.732216,24.471954,21.290808,20.138365,19.97198,24.685137,26.713354,22.794695,25.10935,28.889816,32.221474,30.083298,27.449326,30.193256,29.0233,24.172544,26.499989,22.011395,18.656305,18.468061,15.510256,15.1531725,12.573241,10.566236,12.579374,10.119098,13.757064,13.663352,17.212315,16.441978,13.478285,13.71146,8.834209,11.987941,8.118298,11.880437,12.985697,16.712648,18.66374,18.68894,16.728058,14.911443,11.081073,14.197708,8.839928,13.776447,12.9275875,15.184977,16.509628,18.714798,21.388798,19.14735,24.764517,20.109886,24.070711,23.840431,26.704985
22,36.73347,32.540382,35.039314,31.11684,30.240673,32.528988,29.228489,32.48462,29.120413,32.569443,32.133976,33.39714,32.384636,29.801031,26.589916,23.067505,19.988377,17.009504,13.524868,10.101218,5.921948,5.255574,0.0,6.6327214,9.213699,12.196279,14.6265135,18.257349,20.450943,23.853823,25.089092,30.404442,33.20439,34.95998,29.958925,27.915678,30.635927,30.910866,25.714174,25.087126,28.998987,25.058027,21.657936,24.392338,26.999838,20.880886,19.718328,24.637278,24.786085,28.283403,26.180637,20.506285,25.891996,27.675665,23.222523,20.498062,20.180323,20.313164,24.293188,26.635683,23.822351,26.035683,29.70426,32.988613,31.235413,29.261875,32.2788,31.70294,26.513777,28.854414,24.92544,21.44351,20.136496,16.896652,15.666495,12.3318,9.706534,11.630423,7.311598,11.96327,11.825609,14.965034,15.683272,13.677105,15.157022,10.439324,14.974248,12.453307,16.63786,17.721977,21.602926,23.360891,23.659128,21.880613,20.134417,16.335567,19.336021,13.514548,17.835997,15.076584,17.861721,17.873299,19.313133,22.810635,21.214529,27.158154,22.93993,27.319506,27.19315,30.481562
23,37.551445,33.20032,35.01676,30.59446,29.490845,30.739956,27.560015,29.774057,25.847143,29.274519,28.100485,29.547815,27.985992,25.869919,21.94622,18.663416,15.893401,12.732551,10.553806,6.05549,5.1979275,6.1280017,6.6327214,0.0,3.2783213,6.925285,8.545522,12.293851,14.694443,17.925016,19.749983,24.51701,28.134262,29.399511,24.40521,23.00243,26.007887,25.6901,20.649809,20.730331,24.685844,20.185719,17.260036,20.978748,23.106556,16.955109,17.532312,22.190771,22.06855,25.04886,22.026695,17.786032,22.555527,23.510967,18.915922,15.449925,14.913456,14.341676,18.778324,21.401249,17.972916,19.75231,23.512337,26.929329,25.345758,23.146832,25.803392,25.280966,20.06553,22.228197,18.422216,14.994218,13.546373,10.472842,9.389102,6.6878395,4.505427,7.5757036,6.8190684,10.939074,12.6716175,16.71553,16.7442,13.598712,13.02649,9.765297,11.411114,8.561088,12.5954895,13.301436,17.324608,18.948427,20.20524,18.743835,18.06456,14.42578,17.453602,13.3444605,16.747194,16.180191,17.077938,18.56998,20.466509,23.13279,20.968992,26.210873,20.834686,25.02656,23.847658,27.052677
24,39.580814,35.201206,36.61819,32.20582,30.80374,31.76829,28.357658,30.036312,25.816628,28.898827,27.28792,28.488644,26.52871,24.49665,19.955877,17.404814,14.375642,11.899976,9.339431,6.17706,6.695314,6.9719176,9.213699,3.2783213,0.0,3.9199333,6.795795,9.881523,13.0199375,15.603046,18.493101,22.5687,26.626225,27.943308,23.187706,22.040165,25.409178,25.06431,20.192398,20.534128,24.756712,20.340433,17.583027,21.731524,23.837599,18.066547,19.169842,23.676302,23.678053,26.276546,22.889389,19.62,24.007557,24.439964,19.904228,16.008406,15.222029,13.983892,18.758236,21.553726,17.423233,18.750837,22.590595,26.129866,24.598772,21.957262,24.099981,23.275915,18.256968,20.011267,15.828391,12.2623005,11.903156,8.539833,8.812353,6.604522,6.1185837,9.425886,9.939436,13.476791,15.320708,19.451883,18.93395,15.402417,13.954728,11.093298,11.101913,7.057534,10.366975,10.391411,14.380679,15.797206,17.266607,16.050508,15.808152,12.5175495,15.746304,12.800142,16.276592,17.141397,17.492933,19.800663,22.043674,24.20436,21.686657,26.549099,20.77984,24.59973,23.065145,25.921556
25,40.569355,36.18948,37.0728,32.822384,30.988945,31.785711,27.983738,29.141632,24.702127,27.25755,25.302889,26.093967,23.825346,21.75288,16.741758,15.050817,11.631444,10.283577,7.166806,6.568219,8.340862,8.446867,12.196279,6.925285,3.9199333,0.0,5.614884,7.189083,10.995587,12.798996,16.6304,20.095407,24.160786,25.855566,21.494017,20.305616,24.047186,24.077356,19.409187,19.710909,24.343182,20.564571,17.71935,22.014841,24.413269,19.46003,20.463629,24.843904,25.34234,27.468132,24.052904,21.800993,26.036871,25.949274,21.793123,17.813663,16.30594,14.910439,20.052074,22.373543,17.390942,18.765013,22.56484,26.038944,24.171398,20.948109,22.760452,21.341507,16.762648,18.468945,13.71051,10.385548,11.504049,8.988548,10.263147,9.4776,9.555863,12.018782,13.239524,15.914841,17.521736,21.647295,20.311852,16.430838,14.142056,11.787482,10.055699,4.923248,6.8824096,6.4951267,10.484765,12.100948,13.649939,12.386931,12.567424,9.635797,12.713953,11.319374,14.438498,16.96162,16.643402,19.837286,22.459005,23.941961,21.055393,25.397724,19.377035,22.677023,20.927309,23.331486
26,37.354504,33.002266,33.57234,29.041437,27.319347,27.403246,24.075697,24.739758,20.221907,23.129904,21.062517,22.47595,20.339237,18.771378,14.337132,11.4651375,9.4966545,6.817712,8.215711,5.9085793,10.017144,11.882608,14.6265135,8.545522,6.795795,5.614884,0.0,4.237901,6.268628,9.49795,11.746181,15.988089,19.983803,21.155386,16.419407,15.417335,18.933521,18.600252,13.89826,14.5222435,18.904587,15.026472,12.393442,16.970938,19.07696,14.640774,16.314545,20.199032,20.73742,22.415524,18.9124,17.75346,21.617046,21.081028,17.451086,13.7880125,11.369061,10.534105,15.925082,17.248613,12.011236,14.289604,17.9728,21.18517,18.853907,15.777985,18.364946,17.238789,12.319127,15.298055,11.310662,9.003443,7.678367,8.058192,7.311671,9.390126,9.02191,9.39519,12.701852,13.61141,15.923236,20.002449,18.492239,14.542963,11.241973,11.090066,7.3858604,6.184387,8.019461,9.21577,12.552384,14.59193,16.89387,15.460208,16.144539,13.224233,14.897045,13.838002,14.625293,16.997667,15.314761,18.616219,20.979446,22.0736,19.319233,23.020012,16.663399,20.059134,17.642197,20.48112
27,39.770103,35.47877,35.486095,31.12187,29.037344,28.73329,25.196598,25.011164,20.26537,22.443703,19.724476,20.688753,17.93554,16.636019,11.276283,10.011565,8.151842,7.584844,9.1782675,9.364647,13.407054,14.785907,18.257349,12.293851,9.881523,7.189083,4.237901,0.0,4.538057,5.7333956,10.203895,12.921581,17.487679,18.827427,14.725824,14.14963,18.134985,17.942593,13.905513,14.824719,19.358591,16.199747,14.029738,18.649279,20.686935,17.335453,19.262297,22.700727,23.49928,24.56909,20.931303,21.04545,24.35337,23.192247,20.0194,16.321354,13.641127,12.299354,17.533752,18.576773,12.627962,14.326494,17.765572,20.855368,18.41483,14.623386,16.390387,14.518811,10.331023,12.96802,8.37846,6.9120717,7.8576665,9.27166,10.037679,12.532123,12.95708,13.495812,16.92543,17.612055,19.764982,23.746601,21.7411,17.688662,13.83698,14.1953,9.180069,7.725254,6.9410524,7.3796873,9.69474,11.633194,14.400598,13.28281,14.82387,12.826464,13.9668,14.903435,15.09578,19.071335,16.724506,20.778221,23.391626,23.766357,20.729174,23.590197,17.054102,19.579655,16.617739,18.731602
28,36.84195,32.653446,32.262238,27.86445,25.753956,24.905663,21.660408,20.955189,16.184282,18.493128,15.713505,17.189793,14.70525,13.843041,9.648978,6.9890027,7.3183565,6.195366,10.957905,10.679903,15.258426,17.409262,20.450943,14.694443,13.0199375,10.995587,6.268628,4.538057,0.0,4.801787,5.7845726,9.964704,13.80055,14.981624,10.516435,9.727972,13.621317,13.56176,9.5373125,10.503453,14.9967165,12.573921,10.4860115,14.928293,16.976124,14.874785,16.732786,19.550032,20.75164,21.24317,17.944252,19.185349,22.200054,20.661795,18.372074,15.4382925,11.792487,11.558634,16.53092,16.011837,9.867651,12.985593,15.971211,18.497509,15.167132,11.380016,14.294931,12.472247,8.448278,12.834356,9.60595,9.725652,8.475211,11.98772,11.174096,14.862486,14.673436,13.646293,17.783323,17.046692,19.248652,22.899933,20.583136,16.721672,12.327623,14.388977,8.474665,10.054615,9.534438,11.2548,12.9786415,15.252486,17.920088,16.4868,17.898985,15.789602,15.906317,16.777538,15.274445,18.993973,15.676812,19.69006,22.046461,21.918724,19.069433,21.135048,14.616369,16.966461,13.495896,15.9414425
29,41.045166,36.93124,36.15687,31.950674,29.604607,28.465742,25.129585,23.637926,18.845085,20.178131,16.641691,17.402666,14.002334,13.683,8.110786,8.752364,8.982101,10.071287,13.363329,14.422994,18.73498,20.283518,23.853823,17.925016,15.603046,12.798996,9.49795,5.7333956,4.801787,0.0,7.412358,7.4852605,12.786108,13.923651,10.803541,11.134615,15.276149,15.089939,12.420552,13.812994,17.925371,16.000935,14.728537,19.013607,20.685036,19.143057,21.427551,23.927853,25.033363,25.13714,21.580063,23.578573,26.018518,24.023525,21.876572,18.686457,15.486139,14.310532,18.86659,18.746927,12.502119,14.042203,16.641945,19.07527,16.18017,11.773646,12.8891535,10.044927,7.596319,10.658406,7.0673113,8.559145,9.88055,13.283547,14.012568,17.490686,18.118279,17.915207,21.961063,21.717947,23.898262,27.605232,25.149166,21.217108,16.799932,18.472076,12.448388,12.625609,10.459501,10.864484,11.173837,12.823645,15.922413,15.137084,17.434706,16.399658,16.32786,18.881857,17.543661,22.466305,19.069378,23.539183,26.1077,25.562141,22.509144,23.928997,17.534077,18.855623,15.009196,16.261173
30,34.80887,30.885773,29.685678,25.49095,23.206982,21.440056,18.606087,16.6261,11.911392,13.8162155,10.616961,12.705752,10.545865,10.748453,8.985338,5.892683,9.366735,8.98633,15.114851,15.125948,19.716246,22.259851,25.089092,19.749983,18.493101,16.6304,11.746181,10.203895,5.7845726,7.412358,0.0,7.0935693,8.792117,9.920045,5.4232044,4.0525575,8.075177,8.778661,5.9053698,6.7739067,10.845086,10.824007,9.42699,12.672433,14.630977,15.160368,16.60902,18.167982,20.058802,19.448782,16.939825,19.976898,22.3011,20.167505,19.375465,17.609873,13.304586,14.226943,18.218184,15.635266,10.058315,14.214981,16.083216,17.478071,12.965044,9.349472,13.27529,11.329231,9.140693,14.510329,12.9660225,14.462652,12.553715,17.144855,15.632731,19.905325,19.374733,17.202963,21.604515,19.508121,21.474676,24.510002,21.74738,18.370548,13.764826,17.410757,11.343939,14.838128,13.999628,16.234962,17.14912,19.545746,22.068548,20.491642,21.931293,20.092703,19.132004,20.474861,17.262005,20.944757,16.613668,20.50048,22.499727,21.43056,18.904549,19.340515,13.410684,14.737619,10.5206785,12.829346
31,41.251442,37.49177,35.85366,31.864023,29.491514,27.145037,24.611473,21.497341,17.166275,17.577044,13.31917,14.372644,10.823305,12.566372,9.692709,10.899504,13.670428,14.877005,19.729563,20.578384,25.13794,27.139498,30.404442,24.51701,22.5687,20.095407,15.988089,12.921581,9.964704,7.4852605,7.0935693,0.0,7.3155384,6.880947,6.062762,8.469992,11.573932,11.097145,11.239795,13.117658,15.631119,15.665249,15.80647,19.018877,19.886698,20.83122,23.3876,24.440826,25.800901,24.650055,21.580368,25.740007,26.997953,24.144323,23.571018,21.46717,17.889414,17.461317,20.709684,18.734402,13.355343,15.058731,16.049965,17.021118,13.393785,9.164581,10.006495,6.57358,8.139266,11.701933,11.404378,14.539733,14.515316,19.29695,19.221094,23.5624,24.045208,22.805462,27.440628,26.00741,28.246109,31.461819,28.771307,25.26522,20.629768,23.71848,17.420904,19.348076,17.230043,18.101845,17.68277,19.1345,22.116299,21.410051,23.821447,23.093145,22.096447,25.060238,22.244774,27.095833,22.791971,27.101618,29.294466,27.89742,25.204021,24.920841,19.310648,19.378761,14.841152,15.253047
32,37.696194,34.304203,31.779566,28.530712,25.719841,23.166012,20.518381,16.435848,12.830105,11.61159,7.1499634,7.8058996,5.041479,8.238443,9.870737,10.616536,14.593288,16.302069,21.632221,23.111725,27.53126,29.859434,33.20439,28.134262,26.626225,24.160786,19.983803,17.487679,13.80055,12.786108,8.792117,7.3155384,0.0,5.3550086,7.178783,6.749961,8.319309,10.910026,12.047676,12.132888,14.237196,17.308685,16.794666,18.230185,19.95177,22.757397,23.53537,24.0138,26.54775,24.85014,23.282616,27.617798,29.238161,26.556858,26.934286,25.712635,21.468197,22.350412,25.590128,22.119339,17.426819,20.731047,21.41957,21.611761,16.918375,13.730641,16.07119,13.284217,14.67721,18.923233,18.34314,20.967073,20.357037,25.085966,24.184788,28.467186,28.098158,25.923817,30.14055,27.676727,29.141018,31.698112,28.302946,25.29612,20.815287,24.718245,18.615757,21.98334,19.891518,21.907042,21.31967,23.490202,25.65215,24.259962,26.058668,25.279118,23.118969,26.157997,21.740118,26.46679,21.540516,25.624956,27.53984,25.125034,22.791067,20.808874,16.55686,15.160498,10.8039055,10.2803755
33,39.22735,35.90565,33.5638,29.91836,27.669079,24.32954,22.784237,18.44368,15.115344,14.841853,10.769992,12.5626135,10.383577,13.45309,13.919118,14.024405,17.993208,18.755926,24.568308,25.030443,29.630041,32.092224,34.95998,29.399511,27.943308,25.855566,21.155386,18.827427,14.981624,13.923651,9.920045,6.880947,5.3550086,0.0,5.3899183,8.171993,8.52018,8.3634615,11.374068,12.865478,13.313544,15.768008,16.744751,18.340279,18.648108,21.901388,24.022575,23.746902,25.509317,23.326391,21.328588,26.809456,27.31441,24.10086,25.0196,24.13864,20.289106,20.95733,23.21966,19.451044,15.598211,18.126068,17.951439,17.461428,13.042786,10.516048,12.397318,10.444586,12.887229,16.817425,17.765926,20.897276,19.58745,24.882044,23.828302,28.559725,28.55938,26.320562,31.106539,28.572735,30.633919,33.222908,30.405077,27.495638,23.030323,27.143965,21.11563,24.44163,22.770628,24.339556,24.038246,25.77614,28.504425,27.48717,29.576025,28.624708,27.062984,29.658218,25.75696,29.929508,25.126312,28.89448,30.573967,28.584452,26.453104,24.83541,20.404099,19.710299,15.286719,15.459156
34,36.264584,32.648212,30.97757,26.834007,24.813755,21.90242,20.180187,16.89994,12.861253,14.208184,10.572719,13.195913,11.174085,13.006318,12.473308,10.751816,14.604371,14.336347,20.524145,20.20594,24.814503,27.434399,29.958925,24.40521,23.187706,21.494017,16.419407,14.725824,10.516435,10.803541,5.4232044,6.062762,7.178783,5.3899183,0.0,4.6499786,6.2920585,5.1248493,6.285712,8.425059,9.744535,10.881239,11.589626,13.916389,14.395132,16.750223,19.121227,19.302235,20.861057,19.204325,16.783747,21.698185,22.646786,19.727974,20.121803,19.088766,15.051373,15.984341,18.660625,15.013865,10.614885,14.072565,14.618545,14.869168,9.980329,6.924313,10.778502,9.33816,9.353986,14.44142,14.811689,17.314058,15.0574255,20.382927,18.810667,23.576117,23.369812,20.964584,25.809744,23.300678,25.55037,28.279663,25.754332,22.765482,18.329645,22.42148,16.59675,20.150723,19.19344,21.005114,21.504389,23.480274,26.301123,25.068134,26.858032,25.310362,24.242186,25.88756,22.425926,25.934603,21.39773,24.96031,26.612915,25.233286,23.072113,22.526903,17.38443,17.91564,13.491182,15.05125
35,32.84959,29.171795,27.390085,23.477312,21.062622,18.735453,16.2062,13.304002,8.838083,10.356803,7.1016784,9.932472,8.7164345,9.651417,10.475952,7.365758,11.717223,11.539314,17.906685,18.037838,22.487062,25.24144,27.915678,23.00243,22.040165,20.305616,15.417335,14.14963,9.727972,11.134615,4.0525575,8.469992,6.749961,8.171993,4.6499786,0.0,4.3011327,6.95105,5.765105,5.495699,8.685604,11.181394,10.085003,11.743294,13.817482,16.183584,16.843842,17.53659,20.04046,18.756939,17.203335,20.97439,23.019104,20.747803,20.92515,19.968704,15.47406,17.132906,20.542534,16.795576,12.204525,16.800074,18.010017,18.621319,13.52682,10.710409,15.031437,13.273836,12.200593,17.610975,16.706337,18.461607,16.264874,21.019266,19.095436,23.448463,22.585125,19.802715,24.086382,21.214397,22.842785,25.359625,22.315899,19.406849,14.983885,19.347345,13.623841,17.974527,17.177965,19.785872,20.466932,23.012674,25.294914,23.533371,24.791481,22.993086,21.458614,22.806383,18.665873,22.023493,17.258104,20.814285,22.482613,20.789785,18.629911,17.883087,12.840369,13.367997,9.071872,11.274225
36,30.764961,27.39173,25.211336,21.41945,19.254595,16.023212,14.5529175,10.735055,7.228904,8.911308,6.625905,10.422727,10.605341,12.098607,14.416565,11.167274,15.5720625,14.917347,21.48834,21.11795,25.417164,28.415758,30.635927,26.007887,25.409178,24.047186,18.933521,18.134985,13.621317,15.276149,8.075177,11.573932,8.319309,8.52018,6.2920585,4.3011327,0.0,5.38445,6.5302844,5.833881,6.1371384,11.010542,10.766559,10.709849,12.210145,16.425152,16.78159,16.260798,19.024292,16.972504,16.380783,21.010477,22.448334,20.03341,21.276175,21.246052,16.797129,19.11612,21.713661,16.875202,13.680296,18.52579,19.055935,18.873238,13.499128,11.9815,16.686642,15.620501,15.035566,20.461123,20.319267,22.18859,19.299892,24.281908,21.809326,26.324781,25.221552,21.84802,26.152935,22.56474,24.09735,26.06156,23.139174,20.84319,16.847599,21.74764,16.66157,21.594112,21.191439,23.965315,24.748167,27.312971,29.570518,27.737558,28.84511,26.898006,25.232235,26.149305,21.621975,24.13761,19.300886,22.143318,23.28054,21.347004,19.786053,18.235811,14.37022,14.593232,10.877443,13.036474
