,0,1,2,3,4,5,6,7,8,9,10,11,12,13,14,15,16,17,18,19,20,21,22,23,24,25,26,27,28,29,30,31,32,33,34,35,36,37,38,39,40,41,42,43,44,45,46,47,48,49,50,51,52,53,54,55,56,57,58,59,60,61,62,63,64,65,66,67,68,69,70,71,72,73,74,75,76,77,78,79,80,81,82,83,84,85,86,87,88,89,90,91,92,93,94,95,96,97,98,99,100,101,102,103,104,105,106,107,108,109,110,111
0,0.0,4.164411,5.7173343,9.230283,11.950458,13.209262,17.35902,19.920788,22.694513,26.145792,28.507395,32.073708,33.742027,33.699173,35.11218,29.548956,31.01227,26.696869,31.274769,25.993166,27.901468,28.584888,31.770931,26.15975,22.672848,23.711727,21.40108,25.107475,24.084093,28.166796,27.593208,33.216473,33.20218,37.685154,38.39783,35.396175,39.644466,39.811646,35.5807,35.96291,40.917366,37.138958,34.514477,38.970287,41.41226,36.17332,35.089077,41.511276,42.132755,44.4301,40.842445,38.201397,42.27405,42.13493,37.642822,33.18279,32.6847,30.17345,34.56022,38.52359,33.936344,33.199665,36.477222,40.062,37.89467,34.00113,34.472324,32.41379,28.662054,28.96586,28.366528,25.9405,23.534237,22.564335,23.213318,23.202063,19.12268,19.190325,17.501188,18.352364,15.276513,16.126678,12.563377,13.995032,16.761917,17.477922,19.339437,23.569286,24.81927,27.404602,29.408089,28.71748,32.80928,31.918936,33.25314,32.924217,33.654026,29.181871,30.761509,32.121944,28.030313,32.626205,27.618965,30.36842,31.902285,27.800976,26.036888,21.457779,21.341404,15.923425,16.7867,12.452619
1,4.164411,0.0,5.329374,6.4450245,9.353579,11.86717,15.607583,17.231714,20.571651,23.495316,26.081516,29.695723,31.484686,31.79464,33.64805,28.238829,30.25175,26.145916,31.297382,26.435583,28.943928,29.893282,33.49026,27.907125,24.407005,25.244572,22.129427,25.603346,23.86249,28.13856,26.347942,32.462025,31.794598,36.582165,37.167145,34.125774,38.482327,39.014336,34.99659,35.246872,40.359894,37.151237,34.429043,38.79701,41.47636,36.798584,35.50994,41.818645,42.842266,44.85105,41.401306,39.279682,43.404305,43.011673,38.8086,34.443394,33.391582,31.10787,35.805645,39.21091,34.222977,33.902637,37.09881,40.487488,37.87103,33.892933,34.44463,31.995668,28.500193,29.510191,28.3289,25.359804,23.629847,23.36861,24.135796,24.70294,20.730015,20.821527,20.123827,20.715946,18.157425,19.406988,15.324997,15.770831,17.706705,18.489468,19.06702,23.745745,24.439545,27.265862,29.764101,29.46468,33.57297,33.08225,34.066257,33.35684,33.885117,28.98994,30.107458,31.144623,26.725416,30.615862,25.703371,27.889368,29.170633,24.883419,23.465204,18.453808,19.386211,13.999808,15.579937,11.676908
2,5.7173343,5.329374,0.0,5.182494,6.8556795,7.931572,11.78059,14.597869,17.085041,20.756376,23.111248,26.557379,28.341377,28.134792,29.849625,24.181755,25.856842,21.669954,26.516655,21.736893,24.04895,25.264816,28.723461,22.932453,19.47872,20.074272,16.915764,20.326405,18.776197,22.986353,21.94919,27.704914,27.661005,32.14724,32.73456,29.72584,34.00325,34.270096,30.116163,30.49331,35.49104,32.00035,29.357515,33.831432,36.344486,31.534212,30.41774,36.754288,37.626583,39.641716,36.11661,34.03809,38.0858,37.688084,33.485226,29.140862,28.080984,25.840712,30.598356,33.964195,29.0741,28.894007,32.22598,35.589188,32.999886,29.123602,30.03994,27.850367,23.922235,24.953053,24.384743,21.55169,19.146364,19.295876,19.372702,20.45332,16.494387,15.959638,16.032486,15.943947,13.904563,15.730071,11.294206,11.112684,12.637775,14.29181,14.65166,19.6792,20.949406,23.995142,26.407118,26.433128,30.198383,29.225447,29.97113,29.62404,29.612192,24.983208,26.582672,27.405584,23.388401,27.652979,22.537298,25.33806,26.81365,22.82174,21.015165,16.559109,15.966386,10.616694,11.1253805,6.906082
3,9.230283,6.4450245,5.182494,0.0,3.8540049,6.2169805,9.543022,11.538501,14.981486,17.916239,20.88113,24.182766,26.432281,26.551445,29.269285,23.756453,26.227066,22.479862,27.888521,23.948137,26.773552,28.432196,32.09965,26.268265,22.96338,23.060986,19.16458,21.855179,19.295889,23.44771,20.496502,26.902672,25.63207,30.606882,31.364271,28.586636,32.994583,33.481243,29.828632,30.280798,35.311325,32.45326,29.987753,34.438725,37.006844,32.99884,31.947308,38.036186,39.24813,40.775417,37.254093,36.14085,39.931755,39.055832,35.26269,31.02773,29.355762,27.219324,32.14594,34.855618,29.462427,29.492159,32.522408,35.64572,32.62065,28.59588,29.256742,26.508871,23.239515,25.040758,23.415632,19.942097,18.810833,19.633844,20.304783,21.800251,18.209673,18.230732,19.28191,19.531816,18.208607,20.539629,16.092482,15.277782,15.656668,17.797014,16.343147,21.986227,22.688646,26.060905,29.011803,29.561588,33.193516,32.51406,32.77518,32.13121,31.610281,26.634258,27.742796,27.887888,23.609661,26.601696,21.602486,23.478462,24.391373,20.099766,19.005816,13.634292,14.758423,9.764644,10.774553,8.016439
4,11.950458,9.353579,6.8556795,3.8540049,0.0,5.4237337,6.954602,8.025519,11.334077,14.357174,17.13321,20.531998,22.642954,22.80514,25.462185,20.025068,22.674627,19.08653,24.744946,21.186632,24.411377,26.23323,30.173452,24.627846,21.453419,21.475967,17.010916,19.531303,16.591549,20.929392,17.617222,24.115505,23.054811,27.938526,28.244938,25.21742,29.631977,30.48089,26.774622,26.963415,32.123974,29.70317,26.999506,31.256857,34.077778,30.44864,29.090141,35.038265,36.576797,37.978203,34.743504,33.78387,37.75514,36.86869,33.342827,29.353397,27.241898,25.586405,30.768324,32.910053,27.426065,28.189987,31.324602,34.18722,30.77303,26.90123,28.214819,25.466988,21.932138,24.408459,23.103554,19.359308,18.108017,19.977304,19.851126,22.219908,18.848389,18.109983,20.139751,19.407064,18.602272,20.962385,16.299181,14.492625,13.946854,16.009987,13.419527,19.20787,19.647444,23.170956,26.36104,27.31449,30.729763,30.216331,30.13888,29.32803,28.541796,23.437323,24.361835,24.259418,19.975653,22.77451,17.770567,19.70306,20.714272,16.526146,15.252894,10.136635,10.919443,6.076196,7.5765986,5.8456044
5,13.209262,11.86717,7.931572,6.2169805,5.4237337,0.0,4.692926,9.748701,11.691277,15.539183,18.407822,21.127092,23.680767,22.990326,26.070833,20.27148,22.48626,18.95915,23.857323,20.63358,23.10335,25.344288,28.605227,22.519957,19.5613,18.874468,14.891405,16.726286,13.961876,17.718138,15.020364,21.13328,20.146227,24.91627,26.046267,23.633802,27.958986,27.878954,24.33931,25.23979,29.974388,26.778591,24.746588,29.440767,31.57946,27.695612,27.193174,33.1529,34.119038,35.407986,31.625256,31.14587,34.48638,33.313995,29.682983,25.496561,23.63906,21.429754,26.36959,28.840311,23.35851,23.40943,26.414001,29.46075,26.409845,22.391214,23.248848,20.640703,17.092464,19.159193,17.86137,14.38024,12.8606615,14.5840435,14.700999,17.033848,13.915839,13.589212,16.212206,16.050753,16.03506,19.21787,15.076101,13.533274,12.594541,16.370111,13.910628,19.992949,21.369614,24.990866,27.827873,28.908588,31.912395,30.597687,30.378302,30.25208,28.715755,24.241737,25.90723,25.401394,21.851202,24.708105,19.618431,21.943825,22.803513,19.035696,17.791973,13.295293,12.53697,8.703652,7.022731,5.952341
6,17.35902,15.607583,11.78059,9.543022,6.954602,4.692926,0.0,6.265568,7.313656,11.21877,14.082787,16.541481,19.265808,18.504747,22.098743,16.464386,19.141907,16.176117,21.32107,19.142355,22.081322,24.685629,28.164036,22.510529,19.913675,18.897297,14.209377,15.2010145,11.488326,15.210013,10.974613,17.536444,16.23774,21.116884,21.869421,19.363232,23.750174,24.068752,20.742207,21.477219,26.294071,23.854538,21.739328,26.210497,28.55866,25.531841,24.822273,30.420605,31.840446,32.72969,29.258675,29.475471,32.80039,31.383549,28.30495,24.540268,21.902836,20.375746,25.565784,26.9955,21.237152,22.312206,25.23982,27.80068,24.102158,20.261873,21.862638,19.073954,15.553544,18.859098,17.59761,13.633034,12.66128,16.032993,15.330313,18.793076,16.349243,15.35991,19.191813,18.10607,18.84121,22.018356,17.86865,15.371461,13.149866,16.899883,12.720144,18.841719,19.833677,23.616207,26.758018,28.451204,31.040876,29.923264,29.125715,28.81631,26.662338,22.147099,23.51108,22.318478,18.98115,20.934261,16.035643,18.053656,18.699062,15.239071,14.175739,10.330305,9.192789,7.3131933,5.052776,7.2035165
7,19.920788,17.231714,14.597869,11.538501,8.025519,9.748701,6.265568,0.0,4.5807366,6.378219,9.580006,12.727762,15.221597,15.645023,19.434275,14.604149,18.276388,15.934645,21.904682,20.289665,24.163847,26.557035,30.712729,25.871265,23.333494,22.764008,17.516579,18.613117,14.497749,18.386547,12.676698,19.418201,17.592976,22.490181,22.098366,19.000822,23.38936,25.047548,21.957642,21.786104,26.94096,25.999681,23.279522,26.9766,30.09378,28.057842,26.427057,31.587336,33.86902,34.525528,31.853647,32.15049,35.940903,34.61254,32.052784,28.77884,25.557304,24.906609,30.265217,30.779768,25.017893,27.166761,30.021402,32.083015,27.783386,24.308338,26.495121,23.504301,20.384083,24.41511,22.97983,18.724764,18.458393,22.222977,21.30788,25.015335,22.551123,21.23806,24.956017,23.289755,23.682606,26.29702,21.77843,18.79787,16.434532,18.631681,13.417281,18.94341,18.5944,22.321938,26.028315,28.056967,30.683964,30.507631,29.426731,28.29542,26.42464,21.310047,21.527245,20.081755,16.124626,16.708357,12.180553,12.973667,13.362754,9.379155,8.816606,4.2205586,6.125877,6.2959085,7.448317,10.110205
8,22.694513,20.571651,17.085041,14.981486,11.334077,11.691277,7.313656,4.5807366,0.0,4.8391414,6.839482,9.598695,12.001155,11.650186,15.49304,10.467366,14.159601,12.322592,18.01554,17.349928,21.205175,23.884453,27.902918,23.470499,21.384975,20.50264,15.193398,15.512267,11.182859,14.751053,9.074759,15.410672,14.458225,18.836039,17.935635,14.5657425,18.95484,20.75337,17.544691,17.222147,22.407475,21.748741,18.948074,22.491787,25.666813,24.050611,22.356901,27.248339,29.686182,30.166378,27.714474,28.32539,32.063118,30.694592,28.482742,25.594898,22.001434,21.930239,27.290312,27.174376,21.542984,24.451235,27.341381,29.075096,24.547539,21.433447,24.41101,21.777033,18.332739,22.764574,22.084536,18.105347,17.392612,21.898258,20.08967,24.434814,22.433353,20.482523,24.931442,22.533516,23.599678,26.256018,22.057184,18.572592,15.35275,17.78442,11.759809,16.858202,16.712038,20.438318,24.030804,26.519388,28.557549,28.152468,26.616564,25.69357,23.100485,18.38177,18.80983,16.747623,13.551612,13.961238,9.472628,11.005091,11.675944,8.930366,7.7270927,6.7246222,4.338054,7.6241636,7.0855856,11.160206
9,26.145792,23.495316,20.756376,17.916239,14.357174,15.539183,11.21877,6.378219,4.8391414,0.0,3.9845214,6.5528035,9.388844,10.281215,15.115126,11.615076,15.962808,15.204074,20.794586,20.955786,25.06446,27.678406,31.842272,27.860933,25.917175,25.07478,19.76282,19.788609,15.41216,18.406286,11.566249,17.407824,15.305592,19.627287,18.215446,15.022247,19.103924,21.74025,19.356739,18.644655,23.581625,24.213873,21.50763,24.346695,27.72104,27.197826,25.273932,29.473925,32.398533,32.433064,30.468859,31.6683,35.287846,33.731586,32.067013,29.55777,25.632484,25.938684,31.165249,30.326513,24.720846,28.012938,30.57434,31.878214,27.014078,24.171324,27.125343,24.23897,21.555449,26.414062,25.196613,21.017616,21.235975,25.915215,24.396797,28.76433,26.909681,25.188786,29.654722,27.371578,28.371792,30.950117,26.643608,23.153057,20.010302,21.90929,15.73605,20.14966,19.173832,22.663538,26.505714,29.241932,31.133057,31.272903,29.462444,28.088924,25.47351,20.714949,20.237488,17.658352,14.507325,12.51508,9.324967,8.395877,7.876067,5.1728816,5.9053707,6.2078567,7.250968,11.109978,11.720203,15.441842
10,28.507395,26.081516,23.111248,20.88113,17.13321,18.407822,14.082787,9.580006,6.839482,3.9845214,0.0,4.113078,5.6649375,7.037191,11.381374,8.79892,13.282562,13.357405,18.65161,19.566515,23.830072,26.343218,30.594078,27.350126,25.73094,25.007278,19.783348,19.60671,15.547797,18.26394,12.379019,17.068878,16.090067,19.507076,17.04619,13.294566,17.041922,20.450045,17.980919,16.558481,21.533783,22.942884,19.86547,22.02955,25.806374,25.81364,23.376696,27.125011,30.47335,30.44073,29.08671,30.172676,34.024475,32.6763,31.35886,29.306158,25.183983,26.149137,31.315603,29.955315,24.729353,28.728165,31.364723,32.369793,27.384901,25.00497,28.619967,26.0985,23.1501,28.081066,27.51333,23.597727,23.33605,28.243876,26.109015,30.753857,29.010248,26.76981,31.40195,28.48693,29.642246,31.941757,27.787962,23.980072,20.549961,21.856447,15.469479,18.831331,17.44402,20.641167,24.455227,27.522192,28.98296,29.384596,27.249855,25.678207,22.883604,18.340153,17.431236,14.425689,11.80054,8.752344,6.422573,5.1485596,5.1597447,4.788543,4.676467,8.556185,7.7313304,12.75698,13.3760395,17.275503
11,32.073708,29.695723,26.557379,24.182766,20.531998,21.127092,16.541481,12.727762,9.598695,6.5528035,4.113078,0.0,4.0697308,4.8488255,10.922728,9.746911,13.942271,15.109699,19.452227,21.516134,25.451145,28.199226,32.096413,29.115646,27.875677,26.776117,21.807701,20.797497,16.755117,18.494993,12.134033,15.67974,14.247658,17.068192,14.243719,11.006254,14.297747,18.03319,16.489307,15.122703,19.489603,21.826612,19.274464,20.956474,24.453346,25.543385,23.433933,26.389822,29.861217,29.258966,28.140055,30.184702,33.514233,31.826305,31.131075,29.528349,25.112598,26.42549,31.279634,29.11949,24.055885,28.41957,30.67863,31.18695,26.00154,24.050331,27.826698,25.39789,23.003939,28.249588,27.639803,23.904488,24.125315,29.37528,27.16674,32.008453,30.740294,28.568005,33.59408,30.704912,32.28835,34.78919,30.846933,27.007725,23.297407,24.997866,18.529917,21.573889,20.379406,23.385765,26.997017,30.321863,31.297077,31.526423,29.019293,27.653965,24.19555,20.337812,19.467365,15.775965,14.337645,9.96751,9.3293705,7.38105,6.1331058,7.817364,8.620839,12.254019,11.398779,16.438261,16.372581,20.555153
12,33.742027,31.484686,28.341377,26.432281,22.642954,23.680767,19.265808,15.221597,12.001155,9.388844,5.6649375,4.0697308,0.0,3.8860428,7.8609047,8.618902,12.479295,14.364507,18.3182,20.79949,24.881683,27.337889,31.385344,29.171846,28.136013,27.338226,22.507544,21.66946,18.113726,19.850521,14.8785,17.505512,17.333055,19.317217,15.580446,11.810377,14.419747,18.9233,17.133432,14.909891,19.251797,22.251621,19.203306,20.062202,24.068544,25.46235,22.687437,25.213097,29.1293,28.622375,28.207863,29.769583,33.483795,32.17114,31.671951,30.428423,26.016836,27.836435,32.643707,30.260305,25.65671,30.472809,32.89032,33.26801,28.130892,26.523537,30.743263,28.619366,25.8693,30.966484,30.888887,27.315622,27.003695,32.225616,29.592861,34.520546,33.151764,30.560116,35.49171,32.089874,33.58998,35.717495,31.859196,27.831594,24.101843,25.017103,18.678453,20.60517,18.893932,21.445848,24.979744,28.497686,29.137508,29.788586,27.087862,25.398186,22.075373,18.42452,16.941242,13.053296,12.226701,6.597887,7.8992214,5.6990285,5.3456993,8.747829,8.829591,13.995565,12.472668,17.830957,18.14554,22.176146
13,33.699173,31.79464,28.134792,26.551445,22.80514,22.990326,18.504747,15.645023,11.650186,10.281215,7.037191,4.8488255,3.8860428,0.0,6.732121,6.8042507,10.215404,12.550941,15.771624,18.910652,22.576763,25.312521,28.971476,26.755062,26.018,24.883293,20.341856,18.876522,15.489948,16.582697,12.2136965,13.882695,14.5329075,15.960563,12.020219,7.9891233,10.784064,15.139175,13.262614,11.126026,15.504407,18.425379,15.58291,16.568945,20.361126,21.92643,19.493969,21.925795,25.671677,25.023159,24.450665,26.41183,29.842453,28.389107,28.045425,26.981995,22.474894,24.488024,29.118187,26.476097,22.013248,27.03874,29.394432,29.63447,24.525736,23.148474,27.647448,25.83162,22.9881,28.047348,28.389292,25.149462,24.598793,29.958849,27.01969,32.080082,31.046509,28.32688,33.529278,30.025269,31.929062,34.21204,30.656458,26.614397,22.612404,24.06565,17.746618,19.679707,18.678482,21.311779,24.536001,28.133612,28.47114,28.535036,25.669374,24.518286,20.507755,17.430403,16.74703,12.554179,12.612246,8.646595,8.93826,8.754384,8.8982115,11.351473,10.860006,15.408445,12.59549,17.942934,17.326466,21.598543
14,35.11218,33.64805,29.849625,29.269285,25.462185,26.070833,22.098743,19.434275,15.49304,15.115126,11.381374,10.922728,7.8609047,6.732121,0.0,5.9763136,6.9269896,10.510024,12.37244,16.124943,19.771702,21.897118,25.681644,24.876541,24.561018,24.00502,20.02804,19.010382,16.881645,18.020716,16.634182,17.131983,19.88742,20.340908,15.757802,11.341835,12.825612,17.422276,14.634442,11.229652,15.478248,18.589598,14.770131,14.399186,19.091953,20.47045,16.784184,18.744385,23.07837,22.983412,23.50999,24.04844,28.299952,27.733503,27.437925,26.891169,22.718811,25.426394,29.87705,27.298882,23.803251,29.230236,31.946835,32.199066,27.488329,26.547798,31.581234,30.337278,26.755116,31.240429,32.578156,29.701376,28.080389,33.14132,29.518562,34.536186,33.319756,29.909395,34.768078,30.433342,32.181458,33.763386,30.55629,26.344442,22.452616,22.604275,17.019516,16.73241,15.27638,16.960474,19.720194,23.582512,23.213074,23.723503,20.551214,19.083876,15.154343,12.809362,11.548757,7.0194674,9.334436,6.724444,8.793688,10.391444,12.107545,14.850856,13.154491,18.628832,14.5899315,19.743393,19.447128,23.210682
15,29.548956,28.238829,24.181755,23.756453,20.025068,20.27148,16.464386,14.604149,10.467366,11.615076,8.79892,9.746911,8.618902,6.8042507,5.9763136,0.0,4.48383,5.85615,10.054089,12.268068,16.262789,18.784174,22.796242,20.680368,19.852633,19.18393,14.682531,14.022366,11.3938875,13.474016,12.081008,14.067871,16.819715,18.378407,14.952719,10.211868,13.377629,16.66404,12.780187,10.350909,15.743091,16.712852,12.675139,14.401357,18.742184,18.304579,15.080435,18.909561,22.419807,22.886675,22.07515,22.178352,26.591944,25.911234,24.64812,23.193865,19.16893,21.129526,26.063053,24.511478,20.288836,25.107828,28.143118,29.031511,24.440777,22.784275,27.496937,26.076485,22.054358,26.351027,27.614265,24.644154,22.687885,27.560291,24.058575,28.974415,27.534285,24.204157,29.005531,24.882963,26.568575,28.402971,25.03359,20.86078,16.886625,17.725035,11.710538,12.943159,12.329227,15.07853,18.165218,21.658846,22.149199,21.978935,19.358328,18.34124,14.591153,10.988892,11.126592,7.5712295,7.4969745,8.212905,6.1463203,9.77287,11.854664,12.746942,10.363057,14.616218,9.485841,14.382257,13.59322,17.422548
16,31.01227,30.25175,25.856842,26.227066,22.674627,22.48626,19.141907,18.276388,14.159601,15.962808,13.282562,13.942271,12.479295,10.215404,6.9269896,4.48383,0.0,4.489054,5.8836336,9.5492,12.988387,15.425742,19.135826,17.964182,17.77205,17.175562,13.578438,12.619447,11.455541,12.742649,14.167308,14.448006,18.800858,19.348663,15.7593775,11.247215,13.469961,16.274687,11.858048,9.010494,14.034364,14.559592,10.014399,11.181441,15.805218,14.99286,11.127701,14.969722,18.558273,19.426699,19.050594,18.3615,23.145403,22.966295,21.768385,20.787941,17.015303,19.574913,24.145924,22.525864,19.17251,24.254906,27.410461,28.204128,24.023573,22.859182,27.945513,27.138975,22.771801,26.52018,28.674498,26.272728,23.597168,28.2301,24.15673,29.017908,27.794035,24.009708,28.71432,24.054081,25.986984,27.486292,24.706226,20.544445,16.541426,17.017319,12.001111,11.467787,11.579953,13.639502,15.9154415,19.545097,19.301487,18.677063,15.717191,15.226089,10.694178,8.405382,9.60152,6.3710465,8.593179,11.09321,9.788447,13.809658,16.081263,17.126438,14.514014,18.558353,12.827015,16.974998,15.693928,19.092052
17,26.696869,26.145916,21.669954,22.479862,19.08653,18.95915,16.176117,15.934645,12.322592,15.204074,13.357405,15.109699,14.364507,12.550941,10.510024,5.85615,4.489054,0.0,6.3199315,6.4645023,10.695139,13.132242,17.364262,15.128726,14.261735,14.005782,9.851159,10.123128,9.020958,11.701187,13.571797,15.286074,19.30989,20.77506,18.116264,13.713363,16.707815,18.703865,13.822043,11.937642,17.15485,16.055092,11.571415,14.10469,18.216,15.641917,12.115689,17.327606,20.120113,21.62911,20.38063,18.720554,23.818874,23.817568,21.64223,19.780975,16.510805,18.22172,23.193804,22.803816,19.042068,23.319307,26.817543,28.249197,24.349031,22.558279,27.203384,26.245394,21.454763,24.781693,26.89729,24.415518,21.275133,25.459621,21.508215,26.103277,24.439104,20.597425,24.936897,20.268208,21.86034,23.296583,20.324013,16.135132,12.211448,12.660186,7.5641446,7.8364406,8.741343,11.5568075,14.073051,17.231657,17.881386,16.98342,14.776489,14.387015,10.92281,7.1810765,9.382792,7.9480557,7.8760614,12.55007,9.45384,14.285889,16.826704,16.67893,13.629001,16.536003,10.293201,13.448673,12.097923,15.028022
18,31.274769,31.297382,26.516655,27.888521,24.744946,23.857323,21.32107,21.904682,18.01554,20.794586,18.65161,19.452227,18.3182,15.771624,12.37244,10.054089,5.8836336,6.3199315,0.0,6.2878804,7.9440303,10.460836,13.510522,13.215598,13.893183,13.343225,11.424261,10.303566,11.441452,11.863522,16.640898,15.66769,21.352797,21.233025,18.3148,14.564915,16.127172,17.439472,12.538711,10.477813,14.35156,12.8562155,8.24243,9.616162,13.629115,10.837311,6.348947,11.447447,14.236157,16.167889,15.656936,13.180956,18.604065,19.215126,17.520916,16.784428,13.825775,16.692741,20.733665,19.7377,17.522093,22.28959,25.654097,26.635462,23.296196,22.482407,27.62799,27.556181,22.753904,25.466366,28.674595,27.046448,23.424295,27.425774,22.812243,27.335897,26.34982,22.13154,26.488684,21.339228,23.55752,24.67521,22.8008,18.923098,15.152971,15.541675,12.452053,10.442229,12.231535,13.534226,14.402662,17.628595,16.75331,14.856852,11.892255,12.854107,7.655573,7.94098,11.147763,9.91384,12.509929,16.651726,14.956277,19.429947,21.825357,22.419878,19.557514,22.768066,16.525522,19.424646,17.455128,20.081612
19,25.993166,26.435583,21.736893,23.948137,21.186632,20.63358,19.142355,20.289665,17.349928,20.955786,19.566515,21.516134,20.79949,18.910652,16.124943,12.268068,9.5492,6.4645023,6.2878804,0.0,4.7885327,6.779829,11.318678,9.533787,9.040801,9.718885,7.6084657,9.185564,10.875761,13.08523,17.875296,18.772772,23.713722,24.766443,22.676851,18.78459,21.268898,22.21948,17.029325,15.68982,20.009808,17.232504,13.012959,15.58511,18.98809,14.333449,10.825797,16.785593,18.490225,21.160484,19.731236,15.779822,21.525976,22.498367,19.455029,17.436205,15.548815,17.000862,21.45374,22.327305,19.65921,23.13885,26.925814,28.766684,25.83283,24.202835,28.64337,28.325665,23.06784,25.089043,28.181854,26.442383,22.234962,25.379347,21.024734,24.9525,23.216267,18.871988,22.322659,16.971436,18.435543,19.075338,17.080914,13.234922,10.006498,9.4234295,8.02955,5.359661,8.765114,10.410666,11.207307,13.554308,14.036981,11.823254,10.352334,11.29156,8.721215,6.869544,10.934661,11.775387,12.2171,18.297207,15.27145,20.310825,23.042099,22.497683,19.232115,21.235155,14.976256,16.229548,14.556177,15.970946
20,27.901468,28.943928,24.04895,26.773552,24.411377,23.10335,22.081322,24.163847,21.205175,25.06446,23.830072,25.451145,24.881683,22.576763,19.771702,16.262789,12.988387,10.695139,7.9440303,4.7885327,0.0,3.6206255,6.7901173,5.8064766,7.002548,7.557221,8.451559,9.294936,12.669849,13.610551,20.210287,19.93934,25.5826,25.9875,24.324234,21.029028,22.987543,23.023779,17.941422,17.148727,20.497166,16.621128,13.124561,15.59834,18.025429,12.170978,9.462651,15.383605,15.934224,19.237364,17.590143,12.324443,18.16117,19.73032,16.288467,14.505999,13.71199,15.211924,18.836002,20.270195,18.727198,21.733738,25.492195,27.370468,25.212387,23.995989,28.356178,28.677801,23.373264,24.498161,28.393604,27.397352,22.6987,25.270878,20.583683,24.0904,22.810558,18.284645,21.388304,15.801926,17.729979,18.09077,17.306044,14.145915,11.503846,11.459027,11.945639,9.350925,13.04602,13.907525,13.416624,15.060047,14.798546,11.174849,10.091615,12.591642,9.975374,10.617855,14.84961,15.764926,16.881824,22.74372,19.904778,24.886318,27.507654,27.014648,23.833038,25.544281,19.271128,20.06563,17.816689,18.810715
21,28.584888,29.893282,25.264816,28.432196,26.23323,25.344288,24.685629,26.557035,23.884453,27.678406,26.343218,28.199226,27.337889,25.312521,21.897118,18.784174,15.425742,13.132242,10.460836,6.779829,3.6206255,0.0,5.199274,6.6789594,7.929776,9.64539,11.153165,12.726985,16.035728,17.21296,23.639086,23.533552,29.140125,29.567928,27.74239,24.317629,26.162693,26.410742,21.36739,20.325361,23.541431,19.894588,16.400003,18.281971,20.753391,14.965839,12.053328,17.290033,17.730183,21.378923,20.22076,14.055863,20.027952,22.149488,18.695482,17.146402,16.938831,18.316294,21.532385,23.274658,22.149427,24.895916,28.648048,30.584906,28.664993,27.497553,31.74045,32.109848,26.766603,27.600199,31.556126,30.599056,25.769627,27.934229,23.372654,26.461288,24.969027,20.458368,22.769915,17.122562,18.449041,17.978945,17.648273,14.8684435,13.103741,11.655977,13.589161,9.715409,13.245544,13.210127,11.729651,12.700715,12.205927,8.066737,7.882009,10.845595,9.773273,11.087473,15.179646,17.003693,18.135853,24.476051,21.83846,26.886658,29.705946,29.19463,25.866777,27.627369,21.490978,21.931532,20.16199,20.605253
22,31.770931,33.49026,28.723461,32.09965,30.173452,28.605227,28.164036,30.712729,27.902918,31.842272,30.594078,32.096413,31.385344,28.971476,25.681644,22.796242,19.135826,17.364262,13.510522,11.318678,6.7901173,5.199274,0.0,6.657419,9.572968,10.574508,14.00479,14.629506,18.713692,18.78631,26.310904,25.154936,31.23382,31.016169,29.580938,26.765057,28.097221,27.533007,22.822645,22.277666,24.486176,20.103891,17.56163,19.158096,20.498547,14.172431,12.562421,16.878054,15.954126,20.034355,18.797096,11.627443,17.095425,19.874432,16.30371,15.37377,16.392746,17.781761,19.737638,21.854853,22.025026,24.236076,27.748096,29.576912,28.489523,27.83077,31.915129,32.906635,27.7219,27.751625,32.36164,32.121857,27.055387,28.724386,24.005074,26.617476,25.733364,21.303743,23.276663,17.827085,19.628387,19.024746,19.8872,17.856308,16.449326,15.869544,18.168898,14.872984,18.431713,18.231716,16.279814,16.821316,15.619248,10.877207,10.929146,14.671856,13.260417,15.841726,19.905819,21.385443,23.01088,28.998886,26.49403,31.48277,34.16598,33.763264,30.537218,32.163616,25.957626,26.298212,24.023415,24.388615
23,26.15975,27.907125,22.932453,26.268265,24.627846,22.519957,22.510529,25.871265,23.470499,27.860933,27.350126,29.115646,29.171846,26.755062,24.876541,20.680368,17.964182,15.128726,13.215598,9.533787,5.8064766,6.6789594,6.657419,0.0,3.5242047,4.0934796,8.458346,9.758142,13.927176,14.604744,21.863945,21.762827,27.119343,27.760092,27.149609,24.424427,26.580717,25.616077,20.720636,20.88122,23.848778,18.654518,16.263008,19.509312,20.808935,13.885622,13.188451,18.976341,18.122187,21.611395,18.859535,13.369512,18.191963,19.80156,15.293602,12.519894,13.442318,13.452137,16.448233,19.687368,18.514925,19.897572,23.699306,26.178436,24.948116,23.488459,27.026613,27.682508,22.360516,22.195498,26.491955,26.16118,20.95393,22.339699,17.794863,20.347988,19.17986,14.72033,16.926115,11.388547,13.571357,13.860988,14.305027,12.276821,10.779528,11.883258,14.17416,13.104526,17.199453,18.282377,17.599546,18.198622,18.562214,14.3834095,14.555258,17.37007,15.622778,15.962583,20.155115,21.198278,21.60711,27.563152,24.09253,29.044662,31.508347,30.39677,27.316893,27.885412,21.93038,21.494677,18.745983,18.79644
24,22.672848,24.407005,19.47872,22.96338,21.453419,19.5613,19.913675,23.333494,21.384975,25.917175,25.73094,27.875677,28.136013,26.018,24.561018,19.852633,17.77205,14.261735,13.893183,9.040801,7.002548,7.929776,9.572968,3.5242047,0.0,3.4022732,6.4651437,9.283133,12.774467,14.501482,20.79132,21.80234,26.496664,27.842665,27.36503,24.397665,27.062078,26.372307,21.358046,21.499859,25.085098,20.099247,17.420134,21.09043,22.804352,16.152475,15.162943,21.338108,20.954756,24.192339,21.25374,16.426487,21.19854,22.39516,17.828342,14.476745,14.916895,14.30775,18.001818,21.466377,19.376638,20.502136,24.425795,27.197098,25.651493,23.645346,26.88152,27.080158,21.674673,21.691925,25.436172,24.708927,19.543465,20.794445,16.608032,19.090681,17.292524,12.862705,14.849867,9.202126,10.840459,11.280537,11.012458,8.756415,7.5275674,8.836294,11.684881,11.527054,15.644125,17.154305,16.994465,17.404484,18.634468,14.986206,15.471782,17.637453,16.41491,15.515148,19.51236,20.729465,20.311098,26.457767,22.551773,27.478344,29.945974,28.407307,25.319729,25.35527,19.670275,18.61152,16.044924,15.610514
25,23.711727,25.244572,20.074272,23.060986,21.475967,18.874468,18.897297,22.764008,20.50264,25.07478,25.007278,26.776117,27.338226,24.883293,24.00502,19.18393,17.175562,14.005782,13.343225,9.718885,7.557221,9.64539,10.574508,4.0934796,3.4022732,0.0,5.3999767,6.757277,10.73487,11.724817,18.600664,19.103802,23.919107,25.047173,24.939621,22.372286,24.954514,23.765572,18.922583,19.543398,22.849934,17.430796,15.259893,19.33082,20.5724,13.863694,13.721627,19.892946,19.230042,22.167362,18.72271,14.728562,18.964579,19.716812,15.077802,11.406681,11.771539,10.913619,14.782254,18.268011,16.076399,17.114204,21.039452,23.799559,22.313023,20.360325,23.633017,24.013592,18.640963,18.60876,22.613914,22.139313,16.932768,18.465921,13.93903,16.819407,15.549261,11.023468,14.070267,8.630701,11.437758,12.8942795,12.555847,10.28701,8.170956,11.115422,12.406254,13.186047,17.219683,19.097656,19.2718,20.164627,21.082384,17.379065,17.252567,19.526493,17.32359,16.57042,20.59127,21.085947,20.898294,26.432058,22.521257,27.278763,29.499098,28.06443,25.188662,25.184626,19.44756,18.76869,15.563525,15.741455
26,21.40108,22.129427,16.915764,19.16458,17.010916,14.891405,14.209377,17.516579,15.193398,19.76282,19.783348,21.807701,22.507544,20.341856,20.02804,14.682531,13.578438,9.851159,11.424261,7.6084657,8.451559,11.153165,14.00479,8.458346,6.4651437,5.3999767,0.0,4.570484,6.557743,9.462878,14.492567,16.425226,20.493631,22.413578,21.973515,18.884686,22.086689,21.693106,16.69876,16.971731,21.241245,16.842201,13.920456,18.287857,20.446636,14.909823,13.821032,20.253635,20.770456,23.100761,19.907036,17.202187,21.676367,21.77933,17.806803,14.242664,12.796261,12.275311,17.288963,19.62163,15.967212,17.901903,21.837505,24.441385,21.871492,19.397776,22.910269,22.454147,17.038347,18.433016,21.365591,19.850676,15.216055,17.873274,13.694592,17.488907,15.646376,11.381182,15.358153,10.485414,12.623864,14.637743,12.412239,8.871394,4.945225,8.839343,7.670531,10.247255,13.793317,16.485357,17.77395,19.256737,20.70461,17.992294,17.375486,18.629967,16.224882,13.8844,17.420618,17.482306,16.529154,21.757065,17.514475,22.153452,24.313543,22.70178,19.863365,19.831068,14.058358,13.686909,10.479398,11.4105
27,25.107475,25.603346,20.326405,21.855179,19.531303,16.726286,15.2010145,18.613117,15.512267,19.788609,19.60671,20.797497,21.66946,18.876522,19.010382,14.022366,12.619447,10.123128,10.303566,9.185564,9.294936,12.726985,14.629506,9.758142,9.283133,6.757277,4.570484,0.0,4.5706825,5.263188,12.172482,12.537231,17.410059,18.57007,18.327694,15.788504,18.625135,17.5775,12.71318,13.582327,17.335047,12.474341,10.127847,14.916702,16.491629,11.2476635,11.123798,17.247028,17.56845,19.415312,15.853506,14.442021,18.263695,17.817535,14.235055,10.935474,8.568586,8.650562,13.869842,15.338731,11.566724,14.271636,18.118202,20.352869,17.614775,15.519413,19.605268,19.527111,14.189312,15.965402,19.371645,18.230228,13.788646,17.248785,12.56452,17.042606,16.21241,12.134479,17.113304,12.696441,15.760905,18.189766,16.442354,13.226992,9.349465,13.287174,10.93633,13.191636,16.433565,19.066584,20.32356,22.32828,23.030699,20.09892,18.760363,20.33436,16.700508,15.233263,18.742426,17.81856,17.765064,21.928421,18.16712,22.482191,24.306055,23.24348,20.733232,21.216139,15.382538,16.161777,12.426978,14.463067
28,24.084093,23.86249,18.776197,19.295889,16.591549,13.961876,11.488326,14.497749,11.182859,15.41216,15.547797,16.755117,18.113726,15.489948,16.881645,11.3938875,11.455541,9.020958,11.441452,10.875761,12.669849,16.035728,18.713692,13.927176,12.774467,10.73487,6.557743,4.5706825,0.0,4.7332554,8.0437975,10.349005,13.99033,16.15703,15.913983,13.107492,16.687937,16.245073,11.631322,12.455132,16.94763,13.323231,10.856444,15.677423,17.760118,14.08354,13.562968,19.270765,20.379232,21.528873,18.167086,18.07886,21.615038,20.55803,17.634129,14.514096,11.284103,11.243919,16.689184,17.320316,12.350154,15.374436,18.932337,21.000477,17.387585,14.738235,18.738646,17.798258,12.706405,15.835518,17.988077,15.901186,12.384212,16.781292,12.814637,17.71346,16.615221,13.222102,18.546598,14.913973,17.525257,20.329693,17.64078,14.15256,9.994379,14.130592,9.904177,13.700418,16.092743,19.29601,21.398989,23.716429,24.805882,22.607206,21.050201,21.855549,18.19422,15.570128,18.322977,16.744696,15.94798,19.144457,15.109223,18.950136,20.461357,19.19962,16.992477,17.255867,11.746468,13.101087,9.242651,12.350172
29,28.166796,28.13856,22.986353,23.44771,20.929392,17.718138,15.210013,18.386547,14.751053,18.406286,18.26394,18.494993,19.850521,16.582697,18.020716,13.474016,12.742649,11.701187,11.863522,13.08523,13.610551,17.21296,18.78631,14.604744,14.501482,11.724817,9.462878,5.263188,4.7332554,0.0,8.564278,7.3975353,12.649773,13.352062,13.572887,11.843835,14.584702,12.869468,8.5027075,10.449012,13.783525,9.165128,8.017212,13.133854,14.118835,10.792363,11.709259,16.67787,17.231026,17.911438,14.063832,15.339307,17.89891,16.309198,13.858653,11.256202,7.2984195,8.004063,13.087147,12.759366,7.800193,11.780322,15.157931,16.782566,13.187851,11.202924,15.941218,15.79574,10.920588,13.969794,16.992924,15.80936,12.421072,17.008844,12.603717,17.65762,17.647373,14.400956,20.061865,16.600351,19.933168,22.838211,20.906473,17.764648,13.77508,17.954405,14.26851,17.048893,19.607828,22.440247,24.097021,26.578093,26.98062,24.32031,22.401161,23.759434,19.305182,17.94129,20.882797,18.827652,19.116516,21.61157,18.3132,21.834188,23.05861,22.427357,20.522783,21.242498,15.92587,17.729664,13.793632,16.850088
30,27.593208,26.347942,21.94919,20.496502,17.617222,15.020364,10.974613,12.676698,9.074759,11.566249,12.379019,12.134033,14.8785,12.2136965,16.634182,12.081008,14.167308,13.571797,16.640898,17.875296,20.210287,23.639086,26.310904,21.863945,20.79132,18.600664,14.492567,12.172482,8.0437975,8.564278,0.0,6.9240384,6.6212187,10.492013,11.036871,9.325497,13.41633,13.204791,10.665734,12.127525,16.15824,14.683421,13.542023,17.644575,19.388065,18.452318,18.46261,22.650951,24.31423,24.0747,20.905571,23.380907,25.71207,23.51636,21.926357,19.475859,15.444289,15.520255,20.320383,19.231462,13.407718,16.698874,19.112644,20.346577,15.589638,12.743027,16.396563,14.313431,11.017032,16.150703,16.226343,13.167878,12.576156,18.09353,15.573399,20.560919,20.070307,18.141294,23.739677,21.456009,23.979944,27.263445,24.129202,20.865616,16.99423,21.036512,15.602304,19.994837,21.188145,24.636162,27.425568,30.186504,31.237606,29.652735,27.611698,27.844755,23.71646,20.747044,22.31678,19.433138,18.427555,18.588022,15.255616,17.08973,17.29438,16.339588,15.557953,15.66761,12.263962,14.93898,11.733397,15.841057
31,33.216473,32.462025,27.704914,26.902672,24.115505,21.13328,17.536444,19.418201,15.410672,17.407824,17.068878,15.67974,17.505512,13.882695,17.131983,14.067871,14.448006,15.286074,15.66769,18.772772,19.93934,23.533552,25.154936,21.762827,21.80234,19.103802,16.425226,12.537231,10.349005,7.3975353,6.9240384,0.0,6.908555,6.12485,6.6863704,6.9576435,9.226399,6.909089,5.122691,8.236343,10.383395,8.799197,9.428404,13.039414,13.527687,14.069582,15.20647,17.98769,19.285416,18.269516,15.13464,19.296898,20.532116,17.825136,17.40919,16.21688,11.710779,13.135242,16.847826,13.873605,8.836754,13.774494,15.6519165,15.771076,10.722325,9.603402,14.768768,14.188014,11.381826,16.02216,17.634228,16.135782,15.120529,20.483068,17.106096,22.160135,22.72593,20.414356,26.274534,23.536442,26.812971,29.951273,27.664124,24.419044,20.324839,24.280266,19.398779,22.32194,23.92344,26.820683,28.941652,31.95822,32.04915,29.940638,27.41162,28.295723,23.234272,21.885809,23.859545,20.585436,21.266365,21.26177,19.06443,21.105652,21.384705,21.626532,20.712194,22.046314,17.88973,20.988516,17.538445,21.440102
32,33.20218,31.794598,27.661005,25.63207,23.054811,20.146227,16.23774,17.592976,14.458225,15.305592,16.090067,14.247658,17.333055,14.5329075,19.88742,16.819715,18.800858,19.30989,21.352797,23.713722,25.5826,29.140125,31.23382,27.119343,26.496664,23.919107,20.493631,17.410059,13.99033,12.649773,6.6212187,6.908555,0.0,5.5779743,8.407097,9.749439,12.449965,11.141791,11.467619,13.783525,15.907657,15.575019,16.149307,19.433846,20.061981,20.933666,21.891787,24.685022,26.15095,24.868803,21.760242,26.133688,27.116018,24.091663,23.640528,21.955961,17.837517,18.097424,21.751644,19.303534,13.915143,17.050068,18.151958,18.315409,13.190462,11.133599,14.296821,12.137594,11.353791,16.81479,16.076454,13.624433,14.98144,20.44626,18.606989,23.285233,23.749634,22.551222,28.258528,26.598043,29.476252,33.00335,30.159157,27.141623,23.341549,27.573788,22.185726,26.274647,27.343636,30.647436,33.36963,36.337997,37.008682,35.33005,32.96661,33.344078,28.680792,26.330599,27.673294,24.208258,23.829657,22.491163,20.203808,20.87178,20.193695,19.985596,20.132812,20.412006,18.170986,21.058987,18.057081,22.031097
33,37.685154,36.582165,32.14724,30.606882,27.938526,24.91627,21.116884,22.490181,18.836039,19.627287,19.507076,17.068192,19.317217,15.960563,20.340908,18.378407,19.348663,20.77506,21.233025,24.766443,25.9875,29.567928,31.016169,27.760092,27.842665,25.047173,22.413578,18.57007,16.15703,13.352062,10.492013,6.12485,5.5779743,0.0,5.3412757,9.018231,9.681626,6.725206,9.226745,12.041153,12.209974,12.6754,14.489533,16.837767,16.491879,18.85079,20.405243,21.868134,23.149397,21.146166,18.422392,24.012917,24.117031,20.753962,21.421988,20.822832,16.600548,17.806326,20.481274,16.525211,12.32957,16.389427,16.882633,15.892622,10.65581,10.51576,14.6217575,13.845835,13.422469,18.232325,18.69223,17.386074,18.121853,23.401709,20.918354,25.612576,26.67,25.09904,30.943863,28.857626,32.16812,35.536102,33.184917,30.080584,26.077469,30.148228,24.981625,28.116037,29.356447,32.279427,34.580437,37.749466,37.7464,35.813343,33.10068,33.834923,28.609783,27.316593,28.820848,25.09594,25.8242,24.347437,22.851097,23.720673,23.186783,23.843235,23.772123,25.026606,22.031925,25.355852,22.177032,26.191744
34,38.39783,37.167145,32.73456,31.364271,28.244938,26.046267,21.869421,22.098366,17.935635,18.215446,17.04619,14.243719,15.580446,12.020219,15.757802,14.952719,15.7593775,18.116264,18.3148,22.676851,24.324234,27.74239,29.580938,27.149609,27.36503,24.939621,21.973515,18.327694,15.913983,13.572887,11.036871,6.6863704,8.407097,5.3412757,0.0,4.7577915,4.480014,4.4599204,6.883354,8.214924,8.714068,11.601817,12.260849,13.487455,14.257258,17.65307,18.060862,18.969313,21.260763,19.1814,17.659967,22.773478,23.71895,20.90104,21.890543,21.758915,17.146149,19.358435,22.456589,18.10881,14.377499,19.574745,20.677063,19.689302,14.539452,14.649946,19.4169,18.664705,17.211477,22.077555,23.000341,21.239305,21.256458,26.731627,23.680132,28.691378,29.248133,27.01045,32.85888,29.980684,33.104065,36.082302,33.538948,30.005342,25.773565,29.04867,23.535673,25.845755,26.59496,29.22507,31.536812,34.9898,34.654682,33.15776,30.119291,30.522047,25.182947,24.076866,25.129517,21.086678,22.416105,20.364412,19.723644,20.491354,20.135124,21.62781,21.38205,23.881191,20.49559,24.654823,21.984184,26.265362
35,35.396175,34.125774,29.72584,28.586636,25.21742,23.633802,19.363232,19.000822,14.5657425,15.022247,13.294566,11.006254,11.810377,7.9891233,11.341835,10.211868,11.247215,13.713363,14.564915,18.78459,21.029028,24.317629,26.765057,24.424427,24.397665,22.372286,18.884686,15.788504,13.107492,11.843835,9.325497,6.9576435,9.749439,9.018231,4.7577915,0.0,4.436421,7.2711186,6.026866,5.5138016,8.896296,11.523207,10.264473,11.764113,14.112422,16.47433,15.671499,17.501959,20.416697,19.108332,17.856745,21.490032,23.673853,21.541641,21.799423,21.252829,16.541456,18.887857,22.789356,19.251091,15.13609,20.559309,22.464844,22.175537,17.08836,16.465559,21.45988,20.426365,17.862564,22.758675,23.869465,21.595028,20.89552,26.400534,23.056965,28.225138,28.157629,25.485718,31.184412,27.836885,30.629185,33.324623,30.523905,26.743591,22.461397,25.194014,19.467587,21.531435,22.002323,24.63058,27.100231,30.603695,30.41358,29.23697,26.223948,26.295755,21.188915,19.613108,20.48113,16.4406,17.662216,15.923538,15.161748,16.385885,16.52317,18.03948,17.33831,20.384933,16.501554,20.994253,18.683437,23.018461
