,0,1,2,3,4,5,6,7,8,9,10,11,12,13,14,15,16,17,18,19,20,21,22,23,24,25,26,27,28,29,30,31,32,33,34,35,36,37,38,39,40,41,42,43,44,45,46,47,48,49,50,51,52,53,54,55,56,57,58,59,60,61,62,63,64,65,66,67,68,69,70,71,72,73,74,75,76,77,78,79,80,81,82,83,84,85,86,87,88,89,90,91,92,93,94,95,96,97,98,99,100,101,102,103,104,105,106,107,108,109,110
0,0.0,4.2974358,6.3389425,9.44603,12.288386,14.429668,17.62183,20.07058,23.089016,26.339384,27.906939,32.261955,29.674269,27.8891,22.54992,22.606735,18.298908,20.109968,15.755866,18.73961,18.15589,18.864565,21.394266,24.034136,27.488317,26.400076,25.203405,23.465237,24.785671,21.665413,26.084393,23.037153,29.161451,27.806572,32.639774,35.1519,30.93258,31.578758,25.340778,28.7583,25.355165,28.147722,26.553535,27.987103,28.550386,29.383696,31.205233,33.5998,33.653133,35.51384,33.882805,31.695936,30.197178,34.922943,32.576447,36.299587,34.817234,34.50848,40.74377,40.78475,40.628716,35.581192,37.324524,35.0577,38.320522,35.20677,37.44366,36.762936,36.335693,33.37076,32.819977,29.974472,33.366535,31.067781,36.13716,33.457394,39.976826,37.683464,41.547768,39.287243,36.783226,42.316296,39.280277,35.14453,32.633694,32.617775,28.757177,28.046736,21.994944,21.975124,18.199545,17.82829,14.209932,20.111986,18.156599,22.440413,22.852041,22.429169,26.128283,28.150656,27.970474,26.18181,27.541525,27.719349,27.910904,27.331692,29.550304,27.727407,32.020645,31.876844,36.398643
1,4.2974358,0.0,5.2628994,6.476255,9.086574,12.224837,14.625421,18.011396,20.845182,24.073694,26.349121,30.390038,28.340706,26.989435,21.595463,21.104267,17.01905,17.927067,14.307857,15.9852,15.928023,16.147144,19.333042,21.481676,24.637377,23.9895,22.330965,21.356678,22.249302,20.38648,24.456682,22.383598,28.11121,27.706223,32.351017,35.269016,31.386822,31.884348,25.431023,28.279806,24.83847,26.916426,24.994123,25.849043,26.33514,26.647263,28.633324,30.60142,30.473623,32.7954,31.450624,29.60298,28.558064,33.177746,31.150766,35.228462,33.448254,32.657257,38.86872,38.638824,38.114887,33.05043,34.283188,31.805021,34.84148,31.480753,33.581284,32.72999,32.410988,29.356043,28.8849,26.465397,29.90474,28.029076,33.081795,30.933987,37.46223,35.714794,39.696564,37.84879,35.06567,40.68356,37.897522,33.55849,30.775751,30.382326,26.650705,25.341068,19.104443,18.588615,14.712593,13.880612,10.195151,16.19949,14.220654,18.601624,19.093307,18.314363,21.94598,24.269547,24.274487,22.330095,23.386456,23.466412,23.811764,23.3661,25.825138,24.342257,28.639532,28.923117,33.378094
2,6.3389425,5.2628994,0.0,5.3874264,6.9392004,8.41786,12.035278,13.811856,17.224785,20.18808,21.917578,26.422787,24.245459,22.939266,17.28261,17.832418,14.035749,15.944105,13.167654,15.99413,17.093048,18.1818,21.66219,24.295696,27.156944,25.944683,23.43577,22.32828,21.973303,19.3855,22.829407,19.79745,25.426004,24.395802,29.44768,32.082794,28.212698,29.249138,23.11356,26.140274,23.444668,25.368519,24.729725,25.643301,26.969809,27.30777,30.586271,32.449932,31.675604,34.0057,31.945402,30.566006,29.005177,32.986656,30.359032,34.326733,31.94555,31.515982,37.654327,38.007576,37.169666,32.557415,33.910698,31.94598,34.692696,32.256325,33.61795,33.314594,33.41446,30.29532,29.188154,26.53951,29.434164,27.302057,32.08773,29.5629,35.911472,33.848953,37.789993,35.86467,32.656258,37.990578,34.71449,30.59734,27.759304,28.077375,23.732224,23.55643,17.420929,17.761005,14.435009,13.87122,11.54713,17.88573,17.306463,21.386484,21.14364,19.742786,23.957787,26.606405,25.85074,23.032747,24.267805,24.253704,23.625053,23.2021,24.439274,23.030836,27.016361,26.821146,31.388136
3,9.44603,6.476255,5.3874264,0.0,3.7753866,6.611852,8.490701,12.612758,14.642232,18.16591,20.635887,24.231068,22.34249,21.244738,16.038548,14.992755,11.239444,11.720289,9.35842,10.809487,12.347097,13.303357,17.197937,19.644897,22.200853,21.03844,18.175817,17.517456,16.93219,15.50178,18.79364,17.17944,22.389091,22.720524,27.203047,30.407875,26.971058,27.478895,21.072159,23.33248,20.353672,21.609142,20.36208,20.821014,22.020515,22.071695,25.539467,27.20648,26.309801,28.769073,26.850777,25.674963,24.461061,28.402084,26.159113,30.425598,28.007887,27.09968,33.23851,33.248062,32.33377,27.570118,28.743567,26.635786,29.485792,26.960482,28.582548,28.335266,28.250683,25.241594,24.147734,21.25937,24.320889,22.231026,27.143543,24.885242,31.335197,29.665285,33.689297,32.0705,28.924532,34.4845,31.734264,27.335258,24.417162,24.032324,20.222721,19.03527,12.783505,12.722286,9.179924,9.117168,6.779985,12.848447,13.198645,16.78358,16.074919,14.927378,19.50029,21.719292,20.58828,17.825981,19.51573,19.95295,19.302944,18.436592,20.316938,18.327084,22.57756,22.564505,27.065847
4,12.288386,9.086574,6.9392004,3.7753866,0.0,4.455304,5.6916275,9.765951,12.279515,15.314533,18.31734,21.98646,20.774399,20.304201,14.957289,14.325935,11.467915,11.536245,11.173146,11.616569,14.368648,15.1268215,19.453032,21.472298,23.505945,22.63216,18.99024,19.141344,17.349785,16.916607,19.22077,17.960325,22.476707,23.173962,27.680325,30.918074,27.807104,28.577911,22.442862,24.308193,21.893024,22.384125,21.689487,21.580442,23.141987,22.628044,26.801495,27.91016,26.4979,29.451563,27.514376,26.959686,25.943842,29.332516,27.091242,31.498796,28.492638,27.36476,33.316284,33.421192,31.900152,27.500952,28.088375,26.073883,28.346235,26.091526,26.93013,26.753384,27.162477,23.976816,22.592445,20.352846,23.01264,21.420095,26.020943,24.237005,30.46698,29.233082,33.300705,32.07645,28.363483,33.71512,30.85883,26.486841,23.227612,22.998789,18.854164,17.877825,11.567514,11.428403,8.484463,7.478804,7.001819,12.756917,13.751628,17.115221,16.262545,14.056367,18.604609,21.55499,20.405231,16.866032,17.968922,17.992998,16.866894,16.427553,17.525488,16.423153,20.342672,20.63169,25.116024
5,14.429668,12.224837,8.41786,6.611852,4.455304,0.0,4.621476,6.0627093,8.8563385,11.953863,14.232936,18.288702,16.736698,16.230993,10.67905,10.993569,8.685838,9.957407,10.676907,12.482679,15.798688,17.398645,21.459656,23.985207,25.851885,24.333067,20.315702,20.034796,17.326782,15.916534,17.50138,15.305575,19.577852,19.74559,24.50382,27.490366,24.475872,25.653088,19.94786,21.868809,20.227934,20.586452,21.189068,21.28333,23.58936,23.32274,28.436808,29.62426,27.77707,30.427961,27.779383,27.541304,25.96584,28.719152,25.909378,30.072546,26.624672,25.952154,31.760155,32.461327,30.822706,26.908703,27.842329,26.462208,28.579899,27.387974,27.70858,28.18662,28.810371,25.78213,23.828686,21.074255,23.10635,21.03274,25.279953,22.905983,28.88216,27.176134,31.138927,29.75286,25.766243,30.83916,27.536694,23.394417,20.173264,20.709772,15.985596,16.402985,10.64594,11.863235,10.064508,10.152021,10.793971,15.785347,17.716658,20.60536,19.142658,17.010187,21.822672,24.5245,22.60119,18.66507,20.241388,20.422028,18.36637,17.693422,17.487675,15.990914,19.494467,18.979895,23.538477
6,17.62183,14.625421,12.035278,8.490701,5.6916275,4.621476,0.0,6.5777097,7.194418,10.379796,13.9912405,16.849176,16.263044,16.480354,11.843352,10.555205,9.402789,8.322394,11.059803,10.450563,14.687629,15.840854,20.206331,22.134691,23.364216,22.200048,17.550966,18.29944,14.680982,15.339527,16.02099,15.715616,18.890451,20.619783,24.658123,28.101665,25.70095,26.48082,20.871546,21.81435,20.230286,19.498817,19.732922,18.973751,21.26385,20.311523,25.83487,26.447968,24.218077,27.308876,24.908787,25.239735,24.21175,26.583666,24.264301,28.723644,24.999044,23.675102,29.290373,29.647911,27.539679,23.723194,23.993673,22.496288,24.27427,23.126745,23.142975,23.686317,24.474598,21.454857,19.334269,16.906286,18.785318,17.217588,21.34804,19.70705,25.607012,24.686768,28.736362,27.948574,23.719902,28.845856,26.080458,21.713783,18.198666,17.996275,13.731394,13.001989,7.1364207,7.8086343,6.9312706,6.992118,9.427633,12.892136,15.883452,17.984968,16.125004,13.596163,18.425152,21.130053,18.952705,14.600339,16.131124,16.451628,14.009063,13.193501,12.987249,11.586046,15.149175,15.171756,19.667847
7,20.07058,18.011396,13.811856,12.612758,9.765951,6.0627093,6.5777097,0.0,5.364783,6.5810833,9.003841,13.51238,13.012274,13.716628,8.663511,10.607236,10.817585,11.941315,14.949479,16.198997,20.32579,22.015831,26.12254,28.449156,29.71748,28.173489,23.458181,23.709496,19.580631,18.811928,18.688425,16.637222,19.284517,19.601511,24.17893,26.884077,24.567423,26.2619,21.574091,22.861446,22.477669,21.832972,23.77098,23.37537,26.338902,25.65999,31.784403,32.432743,29.86874,32.73703,29.734455,30.345196,28.724277,30.38043,27.357832,31.336243,27.055044,26.455734,31.66326,32.86642,30.470013,27.522243,27.9608,27.215092,28.444126,28.393124,27.431574,28.470543,29.761686,26.812857,24.244051,22.039865,22.982115,21.304255,24.590984,22.52043,27.67665,26.2646,30.032913,29.10434,24.339375,28.682478,24.998585,21.289093,17.79299,19.196497,13.902724,15.865598,11.652418,13.49609,13.415373,13.350864,15.564416,19.43769,22.168026,24.48579,22.66228,19.867502,24.43125,27.479958,25.168299,20.537745,21.711203,21.57947,18.486286,18.180561,15.867184,15.404277,17.657484,16.865227,21.131552
8,23.089016,20.845182,17.224785,14.642232,12.279515,8.8563385,7.194418,5.364783,0.0,4.405981,7.26574,9.732793,9.393232,10.555881,7.234713,7.03184,9.148605,9.010381,13.80942,14.286876,18.818186,20.77241,24.5618,26.876379,27.634062,25.742414,20.699745,21.109003,16.057592,16.009365,14.589656,13.796419,15.062276,16.79946,20.554144,23.661522,22.048048,23.337933,19.049973,19.325321,19.446596,17.797068,20.268175,19.488712,22.860392,22.088013,28.90416,29.385069,26.43013,29.039541,25.673285,26.797768,25.151329,26.052673,23.073038,27.011501,22.387045,21.642494,26.573513,27.908987,25.34082,22.777,23.312431,23.073107,24.239622,25.120062,24.05435,25.745626,26.925692,24.375996,21.422392,18.528868,18.907686,16.847918,19.75396,17.451208,22.383741,21.024187,24.773186,24.098448,19.164139,23.544638,20.174513,16.267494,12.6240835,13.871218,8.607377,10.997722,8.325789,11.024848,12.3514,13.473281,16.365807,18.74005,22.586414,23.973879,21.452929,19.18382,23.885635,26.104439,22.942938,18.351597,20.344606,20.872765,17.232569,16.145218,13.488443,11.633551,13.568767,11.947284,16.23368
9,26.339384,24.073694,20.18808,18.16591,15.314533,11.953863,10.379796,6.5810833,4.405981,0.0,5.2180276,7.741101,9.404968,11.866438,9.517081,10.745132,13.365145,13.312746,18.204994,18.397903,23.05813,24.797882,28.713346,30.764515,31.263412,29.628445,24.373438,25.20278,19.806723,20.23026,18.240679,17.51096,17.842484,19.41527,22.94423,25.672415,24.51045,26.156517,22.568886,22.619259,23.329468,21.313444,24.204964,23.135864,26.59632,25.48566,32.50763,32.58069,29.316414,32.19731,28.90411,30.465528,28.972082,29.347807,26.430378,30.185047,25.203014,24.441795,28.775993,30.317556,27.179274,25.355356,25.275822,25.316269,25.672827,27.0556,25.002083,26.84367,28.565878,26.019495,22.852997,20.888266,20.559664,19.232832,21.260994,19.63852,23.671055,22.825167,26.295973,26.091742,20.707273,24.261198,20.706547,17.401484,13.706777,15.540733,10.467597,13.549052,12.011107,14.243216,15.92878,16.371729,19.68979,21.887224,25.68736,27.006874,24.602316,21.774323,26.052284,28.746456,25.760588,20.86752,22.134226,22.196749,18.177622,17.707373,13.622179,13.430164,14.0350895,12.695353,16.321072
10,27.906939,26.349121,21.917578,20.635887,18.31734,14.232936,13.9912405,9.003841,7.26574,5.2180276,0.0,5.844867,5.9968066,8.562249,7.549066,10.704497,13.848896,15.184454,19.550598,21.140167,25.428625,27.72755,31.238796,33.836784,34.563698,32.344948,27.368889,27.377335,22.15549,21.016552,18.804823,16.658031,16.561075,16.75903,20.424387,22.432928,21.41853,23.632467,21.027658,21.315027,22.901766,21.255028,25.289085,24.84246,28.664532,28.16587,35.36124,35.85185,32.63541,34.90241,31.031038,32.44919,30.312227,30.310816,26.793139,29.942558,24.906181,25.011562,29.047297,31.308765,28.54575,27.173124,27.892612,28.492983,29.088188,31.103317,29.224184,31.411129,32.951504,30.606565,27.353422,24.682829,24.174128,22.113312,23.847248,21.245422,24.77496,22.925562,26.002592,25.275568,20.030024,22.937372,18.592358,16.057474,13.036699,16.25259,11.062638,15.96909,15.205889,18.117386,19.60384,20.573963,23.350494,25.995417,29.737225,31.21953,28.681118,26.296953,30.822199,33.173584,29.864069,25.214073,26.981419,27.252695,23.257072,22.505808,18.541748,17.487406,17.925592,15.526226,18.77284
11,32.261955,30.390038,26.422787,24.231068,21.98646,18.288702,16.849176,13.51238,9.732793,7.741101,5.844867,0.0,5.229216,9.13463,11.119201,11.979203,16.191673,16.267912,21.574919,22.15609,26.571066,28.821245,32.01817,34.341976,34.45102,32.15945,27.00816,27.415829,21.534763,21.510511,17.924767,17.483778,15.219289,17.15495,19.270266,21.49711,21.696363,23.408882,21.703758,20.68635,22.959978,20.11884,24.591387,23.594326,27.619476,26.855333,34.490658,34.57964,30.950623,33.018044,28.98962,31.119347,29.176283,28.09035,24.862682,27.733505,22.299868,22.202085,25.300066,27.77435,24.544827,24.193466,24.635801,25.950806,26.001957,29.181707,26.811596,29.636469,31.24204,29.398901,25.862913,23.141022,21.698286,19.77949,20.336002,18.024244,20.325853,18.949701,21.647263,21.636856,16.042833,18.173153,14.233748,12.122898,9.210334,12.664727,8.732697,14.067682,15.686733,18.59757,21.09271,22.523127,25.812826,27.15401,31.610392,32.267223,29.306751,27.22251,31.498886,33.251812,29.414652,24.939861,26.999535,27.638824,23.302206,22.181751,17.75427,16.25544,15.469014,12.375523,14.5826
12,29.674269,28.340706,24.245459,22.34249,20.774399,16.736698,16.263044,13.012274,9.393232,9.404968,5.9968066,5.229216,0.0,3.9279869,7.3559203,8.719164,12.887801,14.133437,18.589815,20.498718,24.392067,27.138794,29.950321,32.85949,33.43585,30.595459,25.919128,25.344128,20.094376,18.303516,15.178854,13.206517,11.464446,12.132627,14.8877945,16.979452,16.677372,18.626083,16.993954,16.499912,18.989214,16.937815,21.951468,21.79321,25.92879,25.941374,33.34808,34.127525,30.904654,32.364635,27.937399,29.434082,26.860529,26.146296,22.327972,24.931929,19.82903,20.523825,24.172398,26.952145,24.662767,23.722622,25.324753,26.582832,27.586208,30.408583,29.050062,31.75583,32.82418,30.962858,27.626932,23.861135,23.097282,20.135544,21.506723,17.857573,20.924465,18.121944,20.901695,19.77797,14.790795,17.574427,12.977834,10.598288,8.320439,12.399661,7.9451623,14.016233,15.012202,18.472015,20.362112,22.358006,24.90454,26.84763,31.081451,32.047024,29.05671,27.568419,32.291058,33.645756,29.650578,25.546831,28.280312,29.238382,25.243282,23.697048,20.34257,17.538456,17.935997,14.333609,17.186539
13,27.8891,26.989435,22.939266,21.244738,20.304201,16.230993,16.480354,13.716628,10.555881,11.866438,8.562249,9.13463,3.9279869,0.0,5.90131,7.2956667,10.924076,13.131271,16.582605,19.532232,22.86677,25.95092,28.391691,31.71469,32.643368,29.424467,25.221458,23.876522,19.31471,16.07949,13.562241,10.145504,9.2308855,8.410336,11.957772,13.995293,13.043775,15.143498,13.430369,13.518201,16.072006,14.861157,20.126217,20.676449,24.77237,25.393726,32.467144,33.76545,30.909342,31.898935,27.266125,28.217892,25.196453,24.85704,20.659788,23.032093,18.379057,19.663662,23.712332,26.596651,25.075836,23.651403,26.05015,27.200678,28.87218,31.355118,30.742792,33.315426,33.983482,32.137054,29.005829,24.591291,24.34553,20.755705,22.693668,18.264393,21.840715,18.148886,20.93612,18.972692,14.763207,18.02749,13.349505,10.857379,9.366205,13.189302,8.995376,14.701994,15.147037,18.806524,20.16675,22.54482,24.449408,26.755663,30.750525,31.907501,28.942091,27.94989,32.905483,33.924667,29.877546,26.147684,29.315392,30.497536,26.823591,25.00647,22.479773,18.911333,20.066559,16.345572,19.486715
14,22.54992,21.595463,17.28261,16.038548,14.957289,10.67905,11.843352,8.663511,7.234713,9.517081,7.549066,11.119201,7.3559203,5.90131,0.0,5.5956984,7.4284744,10.629741,13.372421,16.75054,20.197834,23.05222,26.063654,29.344954,30.720625,27.922262,23.692682,22.478853,18.416489,15.112913,14.288644,10.202272,12.431342,11.251384,16.083355,18.375216,16.089016,18.123547,14.429453,15.828929,16.702795,16.44046,20.255835,20.846807,24.503803,24.935846,31.51962,32.900135,30.358723,31.93594,27.84212,28.284729,25.566034,26.495882,22.564348,25.686052,21.44342,22.097622,27.055975,29.21067,27.648594,25.178905,27.16111,27.41123,29.301773,30.538925,30.183332,32.08641,32.800438,30.462505,27.62142,23.635122,24.20122,20.972569,23.929323,20.041819,24.79038,21.710987,25.064367,23.187044,18.98234,23.073557,18.79222,15.547748,13.083301,15.758939,10.562656,14.829753,12.755775,16.123001,16.56838,18.407583,19.947182,23.273367,26.63631,28.460014,25.938993,24.535343,29.575796,31.23078,27.815302,23.854118,26.564161,27.383059,24.073635,22.637756,20.575735,17.64765,19.726444,16.975885,20.96808
15,22.606735,21.104267,17.832418,14.992755,14.325935,10.993569,10.555205,10.607236,7.03184,10.745132,10.704497,11.979203,8.719164,7.2956667,5.5956984,0.0,4.5764394,5.8721523,9.904364,12.286359,15.840722,18.763481,21.521921,24.69399,25.76741,22.807228,18.513456,17.3745,12.9697075,10.32858,8.930033,6.816712,8.831026,10.465544,14.22625,17.640047,15.74061,16.584099,12.081421,12.414204,12.6790285,11.572008,14.979444,15.284854,19.008598,19.437128,26.17181,27.545181,24.999805,26.380182,22.246618,22.7826,20.213999,21.137215,17.467625,21.033102,16.823353,16.969862,22.302944,24.049265,22.679602,19.77488,22.006136,22.20352,24.51641,25.7492,25.984753,27.997974,28.304388,26.246078,23.48416,18.802029,19.552711,15.850573,19.161919,14.990122,20.317556,17.330187,21.008745,19.239819,15.287309,20.268944,16.908709,12.788493,10.19748,11.521518,6.9991126,9.988486,8.47506,12.118098,13.076409,15.809222,17.478191,19.620964,23.588903,24.725086,21.816605,21.083275,26.157282,27.025574,23.168936,19.616781,23.027863,24.427755,21.265429,19.174559,18.043058,13.734145,16.311527,13.373676,17.492777
16,18.298908,17.01905,14.035749,11.239444,11.467915,8.685838,9.402789,10.817585,9.148605,13.365145,13.848896,16.191673,12.887801,10.924076,7.4284744,4.5764394,0.0,4.89172,5.9779596,10.066846,12.902682,15.964076,18.736755,22.229622,23.937101,20.992046,17.29465,15.523707,12.586167,8.605408,9.86172,6.646289,11.445032,11.895482,16.223171,19.54096,16.682539,17.309551,11.552851,13.185593,11.872233,12.397793,14.28735,15.254534,18.321917,19.14955,24.952969,26.81713,24.904398,26.233564,22.48111,22.139067,19.542452,21.722164,18.212065,21.94757,18.65155,18.762,24.616407,25.876211,25.099115,21.329575,23.782015,23.295456,26.190033,26.302979,27.341734,28.77023,28.731037,26.461779,24.18453,19.4289,21.120264,17.411226,21.54784,17.486494,23.423136,20.409206,24.170551,22.042036,18.83316,24.138279,21.005049,16.859713,14.528729,15.14395,11.176597,12.392667,8.771087,11.782718,11.288098,14.050286,14.603089,17.653236,20.885672,22.57613,20.0442,19.648075,24.846342,25.711962,22.32514,19.180979,22.605776,23.986723,21.516645,19.479944,19.515543,15.275751,18.745043,16.52841,20.875467
17,20.109968,17.927067,15.944105,11.720289,11.536245,9.957407,8.322394,11.941315,9.010381,13.312746,15.184454,16.267912,14.133437,13.131271,10.629741,5.8721523,4.89172,0.0,6.1258287,6.4395394,10.405988,13.026389,16.114714,19.001625,20.119255,17.475737,13.091317,12.365202,8.281114,7.4932566,7.818926,8.702086,11.7191105,14.64073,17.728611,21.65835,19.561768,19.481737,13.841523,14.013198,12.269279,11.228257,11.875106,11.691047,14.699514,14.826813,21.05899,22.453848,20.26493,21.996664,18.531769,18.670366,16.791016,18.875473,16.118105,20.4735,17.019949,16.063248,22.00545,22.62278,21.474731,17.381132,19.314804,18.541622,21.457243,21.415668,22.605976,24.042383,23.897568,21.744211,19.467182,14.5419655,16.384422,12.79063,17.24976,13.779035,20.092632,17.994873,22.011284,20.581137,17.251131,22.904419,20.639225,16.05428,13.3757515,12.549582,9.5232115,8.390823,4.4297543,7.4220805,7.84505,11.249689,12.599858,14.059675,18.144835,19.034515,16.097368,15.867018,20.985277,21.480528,17.760212,14.602843,18.377512,20.118538,17.656988,15.214162,15.887033,10.959408,14.801456,13.022833,17.359358
18,15.755866,14.307857,13.167654,9.35842,11.173146,10.676907,11.059803,14.949479,13.80942,18.204994,19.550598,21.574919,18.589815,16.582605,13.372421,9.904364,5.9779596,6.1258287,0.0,6.4573274,7.470218,10.745376,13.160198,16.94266,19.199722,16.215725,13.519923,10.993859,10.403175,6.2510123,10.364098,9.133464,14.46962,15.588354,19.119534,22.708275,19.61339,19.265627,12.726414,14.44553,11.075917,12.610769,11.675274,13.087834,14.971644,16.245756,20.653828,23.075514,22.019659,23.08295,19.972927,18.623512,16.341757,19.976667,17.222654,21.237759,19.190063,18.807446,25.027227,25.389025,25.368952,20.606153,23.285042,22.026659,25.705698,24.584585,26.898165,27.728561,26.995935,24.819891,23.26664,18.220808,20.954836,17.239908,22.113476,18.363617,24.792217,22.077278,25.885002,23.682356,21.48155,27.231697,24.94854,20.597189,18.563757,17.848724,15.206451,14.06483,9.751101,11.315074,9.482573,12.661066,11.700861,14.408162,17.026089,18.676989,16.39691,17.153912,22.202005,22.307125,19.265068,17.244694,21.03496,22.788448,21.351904,19.037558,20.914635,16.273216,20.501236,19.02214,23.249916
19,18.73961,15.9852,15.99413,10.809487,11.616569,12.482679,10.450563,16.198997,14.286876,18.397903,21.140167,22.15609,20.498718,19.532232,16.75054,12.286359,10.066846,6.4395394,6.4573274,0.0,4.921136,6.693731,10.317994,12.763698,14.148513,12.033295,8.035708,7.900635,6.3122563,8.386831,10.778413,13.287106,16.618979,19.883865,22.42576,26.53664,24.2789,23.492474,17.388206,17.544823,14.240817,13.738372,10.968006,10.374535,11.525908,11.373238,16.034248,17.63106,16.303503,18.312086,16.07549,15.365664,14.592577,18.189987,16.77594,21.464355,19.252327,17.43789,23.481808,22.853485,22.230879,17.070847,18.62765,16.609032,20.249243,18.34398,21.000837,21.521296,20.622812,18.468363,17.170479,12.296055,15.60913,12.642656,17.86456,15.51724,22.087934,20.852,24.83897,23.666294,21.247293,27.127169,25.76389,21.099361,18.658737,16.533457,14.961306,11.302071,6.9775143,6.587905,5.1332693,8.922161,8.949685,8.9166975,12.831543,13.305675,10.44443,11.5428915,16.461336,16.15246,12.850529,10.951814,15.089854,17.275206,16.196907,13.524435,16.65351,11.8978615,16.441706,16.043867,19.978922
20,18.15589,15.928023,17.093048,12.347097,14.368648,15.798688,14.687629,20.32579,18.818186,23.05813,25.428625,26.571066,24.392067,22.86677,20.197834,15.840722,12.902682,10.405988,7.470218,4.921136,0.0,3.7455032,5.947356,9.47873,11.906349,9.223282,7.7242975,5.4299393,8.334773,8.709459,12.728966,14.883261,18.808945,21.562593,23.811089,27.802904,25.244408,23.964397,17.725405,18.24957,13.974198,14.70944,10.295156,10.809246,10.484393,11.524696,13.946687,16.61408,16.520197,17.563992,15.801994,13.695223,12.9049,17.770052,16.787586,21.129139,20.19919,18.647844,24.66409,23.656466,24.0762,18.497305,20.751225,18.509996,22.798502,20.245918,23.990536,24.15259,22.565351,20.761091,20.163212,15.163727,18.864859,15.746585,20.934025,18.34179,24.761831,23.147223,26.878096,25.263948,23.868406,29.798525,28.729588,24.215431,22.315557,20.054436,19.054422,15.434804,11.838005,11.302011,9.254303,12.376111,10.691275,10.471007,12.915211,13.3267,11.064515,13.716919,18.00752,16.64036,13.854051,13.70667,17.870165,20.231373,20.010023,17.348825,21.221079,16.437809,20.911674,20.461235,24.114542
21,18.864565,16.147144,18.1818,13.303357,15.1268215,17.398645,15.840854,22.015831,20.77241,24.797882,27.72755,28.821245,27.138794,25.95092,23.05222,18.763481,15.964076,13.026389,10.745376,6.693731,3.7455032,0.0,4.7610936,6.647661,9.219235,7.9587574,7.013443,6.8060017,10.022743,12.297512,15.781576,18.479042,22.100445,25.178408,27.348433,31.417948,28.958023,27.646107,21.45776,21.796322,17.561325,17.8967,12.971418,12.677819,11.393361,11.529068,12.524548,14.793644,15.1853895,16.836452,16.230476,14.158826,14.52884,19.483843,19.28494,23.697895,22.901125,20.834547,26.591671,25.015732,25.227848,19.533901,20.989075,18.109484,22.274117,18.664892,22.826414,22.378195,20.570242,18.72401,18.737349,14.533461,18.650097,16.400045,21.548922,19.925219,26.202364,25.33626,29.064764,27.878376,26.423397,32.319458,31.536108,26.951078,24.853752,22.210234,21.420486,17.086746,13.380961,11.787112,9.515596,11.822381,9.82822,8.160731,10.0419235,9.946747,8.086713,11.46783,15.148793,13.447413,11.41518,12.109305,15.84555,18.223427,18.786867,16.317678,21.033516,16.886333,21.35002,21.65691,25.107058
22,21.394266,19.333042,21.66219,17.197937,19.453032,21.459656,20.206331,26.12254,24.5618,28.713346,31.238796,32.01817,29.950321,28.391691,26.063654,21.521921,18.736755,16.114714,13.160198,10.317994,5.947356,4.7610936,0.0,4.6578584,7.931641,5.4512053,8.010434,5.955666,11.686308,13.105665,16.896599,19.827131,23.250736,26.308449,27.822319,31.807657,29.439417,27.585802,21.749784,21.907885,17.304443,18.128716,12.249883,12.654212,10.190373,11.518921,10.237834,13.698289,15.178441,15.395181,15.088293,11.854489,12.340686,17.955608,18.319365,22.215925,22.56296,20.700125,26.140425,24.258705,25.450842,19.655634,21.862665,19.175465,23.835234,20.375645,25.279482,24.942827,22.556189,21.347778,21.65663,17.019045,20.999842,18.36809,23.224665,21.25468,27.166208,25.978704,29.35697,27.889538,27.420193,33.228767,32.887486,28.515694,26.986734,24.136818,24.089512,19.768833,17.068375,15.875644,14.052391,16.573177,14.431595,12.518193,13.7862015,13.052788,11.496149,15.643974,18.641144,15.72868,13.655017,15.612891,19.6016,22.239145,22.967745,20.279766,25.09465,20.437468,24.68571,24.633009,27.726322
23,24.034136,21.481676,24.295696,19.644897,21.472298,23.985207,22.134691,28.449156,26.876379,30.764515,33.836784,34.341976,32.85949,31.71469,29.344954,24.69399,22.229622,19.001625,16.94266,12.763698,9.47873,6.647661,4.6578584,0.0,4.0734887,4.9668355,8.27237,8.9067,13.692797,17.00962,20.050507,23.761068,26.657537,30.298689,31.618967,35.753727,33.64608,31.752161,26.034939,25.791348,21.412643,21.509266,15.448706,14.802718,11.647578,11.669679,8.272335,10.922209,13.182096,14.052403,15.344603,12.592924,14.583277,19.726616,20.996248,24.954006,25.2727,22.783918,27.759428,25.217325,26.094233,20.370184,21.565552,18.276896,22.668901,18.176233,23.564032,22.624184,19.88647,18.928734,19.976137,16.334711,20.48419,18.86922,23.4201,22.59746,28.151033,27.90062,31.215893,30.34577,29.78829,35.482723,35.558743,31.140865,29.437403,26.126135,26.456005,21.405098,18.96585,16.970089,15.416588,17.264341,15.408959,11.855838,12.682544,10.666169,9.67049,14.425921,16.219698,12.399361,11.220809,14.466633,17.8838,20.582466,22.057264,19.553371,25.044743,21.009802,25.012665,25.694443,28.397877
24,27.488317,24.637377,27.156944,22.200853,23.505945,25.851885,23.364216,29.71748,27.634062,31.263412,34.563698,34.45102,33.43585,32.643368,30.720625,25.76741,23.937101,20.119255,19.199722,14.148513,11.906349,9.219235,7.931641,4.0734887,0.0,4.7935843,7.6072235,10.004659,13.659408,18.523129,20.556002,25.246897,27.251474,31.648813,32.48075,36.765903,35.136066,33.110985,27.746351,26.830471,22.85156,22.044926,16.011675,14.434387,10.9488735,9.902865,5.513203,7.0418515,9.663801,10.9196005,13.2740965,11.343384,14.420927,18.743486,20.75857,24.722612,24.923874,21.90887,26.324093,23.296635,23.924412,18.424204,18.93458,15.424211,19.668064,14.950793,20.721563,19.768047,16.683998,16.279615,17.607336,14.318792,18.25708,17.254719,21.283789,21.290169,26.304916,26.807022,29.955242,29.642664,29.135067,34.601677,35.192486,30.860563,29.206844,25.450504,26.453222,20.881943,19.40512,17.152143,16.457537,18.265903,17.320866,12.492952,14.208651,10.957937,9.494353,14.330131,15.412823,10.596226,8.968286,13.194162,16.610613,19.59374,21.098331,18.463688,24.097612,20.156713,23.692188,24.678127,26.830433
25,26.400076,23.9895,25.944683,21.03844,22.63216,24.333067,22.200048,28.173489,25.742414,29.628445,32.344948,32.15945,30.595459,29.424467,27.922262,22.807228,20.992046,17.475737,16.215725,12.033295,9.223282,7.9587574,5.4512053,4.9668355,4.7935843,0.0,5.6623483,5.8365517,10.690319,14.528479,16.761204,21.375164,23.361427,27.606897,28.193726,32.40508,30.793928,28.592161,23.408417,22.423107,18.36176,17.817204,11.543047,10.611434,6.9389544,7.5493636,4.9196343,8.544583,10.285388,10.014391,10.557317,7.6531396,9.923018,14.824158,16.45555,20.335157,20.824022,18.227255,22.964357,20.364403,21.610426,15.8965435,17.78035,15.025301,19.845274,16.584024,22.004086,21.919897,19.08912,18.643145,19.09542,14.319142,18.010979,15.70982,19.965197,18.73137,23.972841,23.575342,26.68012,25.845736,25.737204,31.28218,31.767117,27.537971,26.245918,22.686703,23.807587,18.719164,17.62254,16.207392,15.6431465,18.328424,17.364267,13.623339,16.072828,13.764258,11.505272,16.038576,18.38486,14.270264,11.291848,14.310084,18.651295,21.75067,22.373821,19.346916,24.304987,19.389326,23.070526,23.174154,25.518097
26,25.203405,22.330965,23.43577,18.175817,18.99024,20.315702,17.550966,23.458181,20.699745,24.373438,27.368889,27.00816,25.919128,25.221458,23.692682,18.513456,17.29465,13.091317,13.519923,8.035708,7.7242975,7.013443,8.010434,8.27237,7.6072235,5.6623483,0.0,5.2244678,6.11048,12.178962,13.339372,18.461374,20.017084,24.753872,25.679104,30.06049,28.63184,26.901144,21.598782,20.371288,16.941479,15.346136,10.201552,7.9194875,6.2272053,4.6737967,8.333555,9.657156,8.826503,10.612722,9.8162565,9.163157,10.687409,14.35363,15.187191,19.777596,18.719213,15.731134,20.891233,18.761766,18.716393,13.02258,14.206524,11.378771,15.931169,13.199308,17.730158,18.087202,15.935562,14.94963,14.585645,9.238805,13.056122,10.690481,15.436658,14.436947,20.187012,20.17053,23.70133,23.270916,22.060793,27.706095,27.87687,23.434704,21.646103,18.049593,18.873022,13.449889,12.413997,10.864191,11.107786,14.035608,14.253977,10.239478,14.320826,12.140558,8.778981,12.30874,15.516029,12.476081,8.185212,9.56863,14.445471,17.597612,17.444153,14.212668,18.78754,13.728635,17.493435,17.714851,20.290537
27,23.465237,21.356678,22.32828,17.517456,19.141344,20.034796,18.29944,23.709496,21.109003,25.20278,27.377335,27.415829,25.344128,23.876522,22.478853,17.3745,15.523707,12.365202,10.993859,7.900635,5.4299393,6.8060017,5.955666,8.9067,10.004659,5.8365517,5.2244678,0.0,6.455035,8.694298,11.395846,15.548542,17.924667,21.838308,22.770405,26.960985,25.152725,23.177477,17.748566,16.993587,12.886586,12.606639,6.6904044,6.749058,5.2304053,7.3159866,9.898787,12.990293,12.961546,12.827569,10.712681,8.294029,7.7866936,12.811388,12.757184,17.04264,16.78631,14.819599,20.44338,18.946236,20.022339,14.302362,17.215193,15.302855,20.101809,18.232664,22.568861,23.220472,21.12006,20.135218,19.544758,13.756561,17.110716,13.558967,18.292282,15.606152,21.52113,20.040268,23.440495,22.006535,21.507793,27.289183,27.114174,22.811905,21.52657,18.52869,19.061075,14.811692,13.486691,13.125854,12.617304,16.07717,15.349308,13.267101,16.51566,15.448785,12.583339,16.041765,19.768877,17.02881,13.25287,14.197921,19.03879,21.963448,21.563606,18.389467,22.316174,16.743647,20.683529,19.91168,22.825016
28,24.785671,22.249302,21.973303,16.93219,17.349785,17.326782,14.680982,19.580631,16.057592,19.806723,22.15549,21.534763,20.094376,19.31471,18.416489,12.9697075,12.586167,8.281114,10.403175,6.3122563,8.334773,10.022743,11.686308,13.692797,13.659408,10.690319,6.11048,6.455035,0.0,7.8158593,7.488778,13.07867,14.054204,19.077251,20.028439,24.44548,23.222467,21.767307,16.711796,15.151845,12.527723,10.084314,6.9978776,4.6047716,6.8797665,6.598066,13.336414,14.652014,12.54027,13.729873,10.461337,10.846544,10.139385,12.456274,11.56924,16.437294,14.107902,11.577239,17.414917,16.557161,16.091616,10.821247,13.128458,11.855349,15.9809675,15.611316,18.492598,19.974413,18.722494,17.515852,15.833137,9.554361,12.0847845,7.9217196,12.899589,10.04627,16.462204,15.40189,19.242922,18.44606,16.608627,22.436644,22.076216,17.553705,15.7664385,12.541305,13.117292,8.378796,8.333041,8.639595,9.979762,13.7369585,14.833232,12.727028,17.472864,16.392633,12.804572,14.635485,18.880281,17.202099,12.516254,11.410034,16.430677,19.268347,17.65875,14.293101,17.019936,10.925827,14.613222,13.480292,16.531862
29,21.665413,20.38648,19.3855,15.50178,16.916607,15.916534,15.339527,18.811928,16.009365,20.23026,21.016552,21.510511,18.303516,16.07949,15.112913,10.32858,8.605408,7.4932566,6.2510123,8.386831,8.709459,12.297512,13.105665,17.00962,18.523129,14.528479,12.178962,8.694298,7.8158593,0.0,5.511551,6.9026136,10.554645,13.293605,15.1087475,19.126713,16.86932,15.493994,9.568029,9.60081,5.8563085,6.7871227,6.0510283,8.385898,10.984135,13.20308,18.2436,20.914923,19.682966,19.58831,15.569501,14.36409,11.219664,14.179187,11.05916,14.98762,13.255959,13.166853,19.330471,19.875158,20.595556,16.002407,19.80963,19.335394,23.404474,23.419975,26.063837,27.582455,26.4608,25.012012,23.269598,17.210535,19.383785,14.771638,19.141787,14.463808,20.504314,17.145844,20.675083,18.161442,16.961008,22.745079,21.214764,17.045843,15.955893,14.650546,13.762698,12.390598,11.052529,13.062367,12.867452,16.713493,16.534575,17.214956,20.753025,21.14212,18.178509,19.836288,24.634804,23.510767,19.471827,18.171707,22.817606,25.195835,23.446232,20.490906,22.277895,16.449572,20.124208,17.827776,21.373821
30,26.084393,24.456682,22.829407,18.79364,19.22077,17.50138,16.02099,18.688425,14.589656,18.240679,18.804823,17.924767,15.178854,13.562241,14.288644,8.930033,9.86172,7.818926,10.364098,10.778413,12.728966,15.781576,16.896599,20.050507,20.556002,16.761204,13.339372,11.395846,7.488778,5.511551,0.0,7.0092216,6.70363,11.968523,12.559321,16.975239,16.004494,14.663906,10.372046,8.115596,7.2469754,3.6820593,6.7974534,7.3138056,11.376316,12.7723055,19.41069,21.228844,19.001236,18.989841,14.262187,14.683915,11.736438,12.260103,8.694439,12.789351,9.282958,8.973676,14.996097,16.182165,16.184017,12.501816,16.367664,16.902075,20.386808,21.931898,23.691505,25.97371,25.21251,24.08281,21.746866,15.586308,16.572033,11.6302,15.073104,9.733794,15.430765,11.866736,15.553271,13.434199,11.562002,17.427498,16.174002,11.885574,10.998932,9.383579,9.606348,8.710729,10.249513,12.870477,14.296345,18.125422,19.255156,19.074402,23.536829,23.30641,19.8738,21.009462,25.679844,24.585356,19.912268,18.072191,22.762535,25.211622,22.704609,19.603085,20.319288,14.158847,16.890638,13.814097,16.866049
31,23.037153,22.383598,19.79745,17.17944,17.960325,15.305575,15.715616,16.637222,13.796419,17.51096,16.658031,17.483778,13.206517,10.145504,10.202272,6.816712,6.646289,8.702086,9.133464,13.287106,14.883261,18.479042,19.827131,23.761068,25.246897,21.375164,18.461374,15.548542,13.07867,6.9026136,7.0092216,0.0,6.450826,6.7098393,10.106751,13.667555,11.056366,10.933847,5.426989,6.6489344,6.5193887,7.6261888,11.633817,13.672772,17.1655,19.032341,24.887129,27.23007,25.403648,25.449596,20.867655,20.422821,16.848043,18.121,13.816283,16.622574,13.672608,15.058097,20.5457,22.505838,22.710457,19.46394,23.23782,23.638279,26.922623,28.094412,29.531952,31.559444,31.096899,29.462433,27.096895,21.393812,22.591856,17.974333,21.445206,16.139742,21.3423,16.977057,20.202162,17.155924,15.16084,20.275099,17.375507,13.749872,12.960793,13.80413,11.519071,13.487313,12.75619,15.986553,16.246363,19.659029,20.081644,22.019693,25.602919,26.586033,23.651701,24.24243,29.323448,29.0907,25.003328,22.648521,26.847013,28.768263,26.190107,23.607336,23.661901,18.360706,21.252275,18.01044,21.608871
32,29.161451,28.11121,25.426004,22.389091,22.476707,19.577852,18.890451,19.284517,15.062276,17.842484,16.561075,15.219289,11.464446,9.2308855,12.431342,8.831026,11.445032,11.7191105,14.46962,16.618979,18.808945,22.100445,23.250736,26.657537,27.251474,23.361427,20.017084,17.924667,14.054204,10.554645,6.70363,6.450826,0.0,6.8373437,6.7025695,10.973296,10.852432,10.294085,8.529622,5.670579,8.899223,6.2988677,12.536952,13.547799,17.660847,19.120747,25.855453,27.59445,25.094841,24.835981,19.743446,20.509989,17.067501,16.11311,11.665146,13.809452,9.403994,11.317612,15.719749,18.568848,18.401737,16.603012,20.491386,22.003511,24.690477,27.407068,28.16721,30.946108,30.66402,29.542362,26.763994,21.02922,21.03276,16.346529,18.375088,12.665253,16.451767,11.476946,14.325874,11.364373,9.010122,13.848588,11.187841,7.75661,8.259396,9.501779,9.066006,12.064883,14.365281,17.727705,19.335358,22.820368,24.228582,24.952303,29.348932,29.526045,26.145699,26.664688,31.474453,30.89209,26.208227,23.796068,28.113008,30.22449,27.093391,24.319195,23.519222,17.997438,19.65562,15.609754,18.18465
33,27.806572,27.706223,24.395802,22.720524,23.173962,19.74559,20.619783,19.601511,16.79946,19.41527,16.75903,17.15495,12.132627,8.410336,11.251384,10.465544,11.895482,14.64073,15.588354,19.883865,21.562593,25.178408,26.308449,30.298689,31.648813,27.606897,24.753872,21.838308,19.077251,13.293605,11.968523,6.7098393,6.8373437,0.0,5.6981416,7.793449,5.312376,6.9677606,6.21271,7.182021,10.465536,11.266847,16.905792,18.970844,22.717953,24.678976,30.776657,33.0509,30.968973,30.638216,25.639198,25.574717,21.651972,21.607746,16.865395,18.127525,14.988061,17.679115,21.830832,24.903757,25.157368,23.23183,27.211676,28.426256,31.230469,33.435745,34.232433,36.73073,36.536648,35.052914,32.35487,26.781906,27.198095,22.608381,25.01847,19.423279,23.150156,17.975225,20.262648,16.712805,15.003851,18.587528,14.769636,12.751964,13.266616,15.812549,13.693877,17.704985,18.19635,21.739134,22.40691,25.576637,26.300087,28.477173,32.131096,33.175694,30.176865,30.48397,35.570076,35.487633,31.217054,28.619463,32.678543,34.453262,31.410772,28.981342,27.971302,23.041355,25.017145,21.116114,24.094847
34,32.639774,32.351017,29.44768,27.203047,27.680325,24.50382,24.658123,24.17893,20.554144,22.94423,20.424387,19.270266,14.8877945,11.957772,16.083355,14.22625,16.223171,17.728611,19.119534,22.42576,23.811089,27.348433,27.822319,31.618967,32.48075,28.193726,25.679104,22.770405,20.028439,15.1087475,12.559321,10.106751,6.7025695,5.6981416,0.0,4.4706817,5.84205,5.0771813,8.275598,6.0646033,10.955673,10.530051,16.740679,18.69254,22.4201,24.587982,30.642477,32.844334,30.693121,29.622103,24.340225,24.633278,20.601759,19.215042,14.526205,14.4961815,11.602693,15.167734,18.074238,21.697304,22.526535,21.503826,25.983456,27.877304,30.64096,33.663246,34.565506,37.466084,37.044277,36.085487,33.35915,27.495754,27.41395,22.654951,24.198524,18.368599,20.816866,15.057141,16.419073,12.368134,12.189677,14.917361,12.028809,11.113673,13.228163,15.299281,15.156821,18.720291,20.849794,24.249817,25.486593,28.971079,29.923677,31.09981,35.168137,35.547157,32.263084,33.046688,37.915257,37.133205,32.449604,30.338358,34.742992,36.86387,33.760406,31.011576,30.081442,24.681715,26.117626,21.892527,23.98003
35,35.1519,35.269016,32.082794,30.407875,30.918074,27.490366,28.101665,26.884077,23.661522,25.672415,22.432928,21.49711,16.979452,13.995293,18.375216,17.640047,19.54096,21.65835,22.708275,26.53664,27.802904,31.417948,31.807657,35.753727,36.765903,32.40508,30.06049,26.960985,24.44548,19.126713,16.975239,13.667555,10.973296,7.793449,4.4706817,0.0,4.8228245,5.474805,10.982149,10.00693,14.626564,14.9020405,20.945778,23.092926,26.722633,29.015152,34.90326,37.219044,35.127132,33.908253,28.606968,28.783482,24.62837,23.14543,18.532206,17.7491,15.46197,19.28075,21.477634,25.384731,26.346207,25.740807,30.224142,32.264492,34.900948,38.091618,38.833313,41.800606,41.461826,40.47862,37.69213,31.911037,31.721594,27.033575,28.354277,22.601784,24.496975,18.70859,19.440466,15.386842,15.597403,17.031544,13.85633,14.202894,16.582827,19.225409,18.814814,22.91935,24.88314,28.375357,29.477884,32.8419,33.686348,35.255608,39.16048,39.75626,36.544956,37.230797,42.16606,41.515675,36.879597,34.68505,39.002964,41.015682,37.819633,35.187477,33.94749,28.798643,30.057106,25.747423,27.686888
