,0,1,2,3,4,5,6,7,8,9,10,11,12,13,14,15,16,17,18,19,20,21,22,23,24,25,26,27,28,29,30,31,32,33,34,35,36,37,38,39,40,41,42,43,44,45,46,47,48,49,50,51,52,53,54,55,56,57,58,59,60,61,62,63,64,65,66,67,68,69,70,71,72,73,74,75,76,77,78,79,80,81,82,83,84,85,86,87,88,89,90,91,92,93,94,95,96,97,98,99,100,101,102,103,104,105,106,107,108,109,110,111,112
0,0.0,4.151529,6.3025475,9.748385,12.09532,14.732065,17.808716,21.610008,24.913483,27.057482,31.993006,32.459885,29.221388,27.295784,22.91969,22.288277,16.884384,17.873999,12.827782,14.57139,13.636213,9.902788,13.601559,18.070208,19.559668,22.097717,25.952906,26.160013,25.081135,27.328844,28.60297,30.155727,37.178776,36.458057,40.770573,42.309925,44.519337,44.554764,40.149517,35.961094,40.01159,35.001026,35.29158,32.771587,33.18618,30.83382,28.558813,29.31011,28.10759,26.940065,26.211706,25.89629,23.040712,27.731153,30.715336,34.862328,34.741577,37.060425,41.634613,40.537724,36.953934,41.14393,39.62459,38.59154,42.131702,37.526897,40.14491,38.143658,37.07435,33.26798,28.647013,27.234118,25.302143,21.11816,24.929056,26.052816,27.79062,30.4533,33.040134,34.52296,37.65072,35.375576,32.439636,31.573895,28.582716,27.248377,25.615105,21.155804,22.730211,19.892876,21.182184,24.011204,22.48997,22.341578,25.4514,26.395483,28.741922,28.154356,27.404587,24.26029,25.781834,24.367321,23.677567,25.271389,24.32151,27.866156,27.315031,26.36499,31.751741,29.332367,32.028904,33.274693,35.42324
1,4.151529,0.0,5.2186923,6.756986,8.896075,12.542822,14.64637,19.344257,21.981129,24.586592,29.082684,29.987957,27.124153,24.915665,20.770397,19.383133,14.140237,14.330869,9.303675,10.460798,9.612937,5.9893575,10.402972,14.412913,16.476524,18.712023,22.2823,22.254887,20.993292,23.177338,24.520864,26.089802,33.19074,32.639786,36.83831,38.526493,40.710037,40.618694,36.256374,32.025562,35.92894,30.900389,31.142792,28.66308,29.071474,26.861847,24.685753,25.651049,24.687635,23.599531,22.700417,22.81569,19.931437,24.827667,27.362667,31.407642,31.005453,33.454464,37.921516,36.765945,33.149048,37.220375,35.5671,34.549892,38.01095,33.482197,36.143585,34.19082,33.298634,29.504128,24.874685,23.209274,21.343184,16.995058,21.021538,22.087355,24.109802,26.926714,29.604065,31.318838,34.248714,31.775505,28.878199,27.762388,24.73646,23.260841,21.628181,17.024645,18.700788,16.0179,17.689322,20.845915,19.774912,19.833399,23.280762,24.024591,25.974342,25.361332,24.209448,21.026104,22.787546,20.933706,20.88902,22.146757,21.834372,25.866205,24.97802,23.624907,28.969778,26.00809,28.929256,29.85803,32.232372
2,6.3025475,5.2186923,0.0,5.315809,6.728362,8.749362,12.055498,15.348797,18.877344,20.794,25.88001,26.228828,23.009853,21.238287,16.728666,16.406359,10.975363,12.651546,8.362995,11.425939,12.117055,9.760532,14.771641,18.025345,20.859312,22.531912,25.668964,25.121477,22.592674,24.326078,25.162155,26.055937,32.764824,31.404552,36.003315,37.157566,39.39712,39.788025,35.339935,31.368708,35.958294,31.452644,31.94066,30.336407,30.590279,29.388025,27.385456,28.905056,28.248064,26.904781,25.40025,25.536095,21.895128,26.59684,29.170889,32.9388,32.8447,35.687992,39.955967,39.215626,35.633186,39.666313,37.500713,36.68063,39.458214,35.22217,37.683937,35.349743,34.75461,31.525997,26.538675,24.708035,21.976759,17.973562,20.319973,21.696125,22.773336,25.039173,27.618294,28.797834,32.129074,30.161331,26.980812,26.588346,23.708235,22.906553,21.536833,18.192045,20.51687,18.63898,20.830145,24.854898,23.888391,24.399208,27.766277,28.106754,29.871456,28.87079,27.24464,23.669214,24.71254,22.068779,21.741531,21.861864,21.011944,24.790348,23.178991,22.10005,26.919678,24.42731,26.633718,27.9072,29.657389
3,9.748385,6.756986,5.315809,0.0,3.8640213,6.3804445,9.040982,13.384966,15.854879,18.696854,23.108131,23.738487,20.890755,18.385155,14.565661,12.914062,7.7641306,8.804923,3.4621441,7.710309,8.291655,8.147808,12.377978,14.686984,18.718195,20.275753,22.619244,21.38463,19.09522,20.10694,21.556725,21.709967,29.01993,27.507666,32.055714,33.453693,35.32181,35.47901,30.931719,26.825396,31.433857,26.722616,27.628798,25.894196,26.6933,25.604897,24.177404,25.95118,25.835411,25.000118,23.470406,24.525122,21.181326,26.114857,27.73768,31.244724,30.386425,33.403423,37.383408,36.27905,32.62913,36.06942,33.612885,32.463814,34.942734,30.509903,32.767605,30.266653,29.589254,26.557686,21.462265,19.86174,16.910984,13.492994,15.992036,18.018679,19.713343,22.002678,24.956524,26.399267,29.452887,27.22197,23.664942,22.89555,19.523422,19.101774,16.778206,13.752218,15.862005,14.319837,16.628042,21.422853,20.565308,21.700281,24.93678,24.751982,26.15323,24.843828,22.805506,19.05884,19.86776,16.856314,16.803297,16.662916,16.274752,20.492344,18.78835,17.354246,22.4111,19.646465,22.324688,23.556046,25.832132
4,12.09532,8.896075,6.728362,3.8640213,0.0,5.439927,5.7715573,10.976875,13.107429,15.893703,20.189049,21.285639,18.817793,16.57121,12.595021,10.751094,5.7280006,5.9438505,3.2316146,6.475411,9.000988,9.10813,13.936524,15.32119,19.26925,19.99227,22.098837,20.802744,17.251116,18.403332,19.090042,19.487446,26.182503,24.706345,29.302677,30.513748,32.706364,33.063076,28.635323,24.69272,29.360123,25.111538,25.671713,24.666939,24.86158,24.548594,22.961748,25.117743,25.10862,23.898024,21.869818,22.858662,19.061773,23.769548,25.34411,28.645384,28.107643,31.327919,35.197258,34.52183,30.96772,34.630863,31.982168,31.276157,33.498405,29.598162,31.988451,29.57308,29.478886,26.652794,21.609991,19.234829,16.131428,12.204616,13.637159,15.181318,16.344868,18.64077,21.43618,22.869123,25.972761,23.813725,20.486383,19.922752,16.981716,16.35253,15.103507,12.559928,15.475697,14.702245,17.741562,22.489956,22.37089,23.384525,26.977493,26.814342,27.769005,26.595423,24.137657,20.510778,21.540676,17.72897,18.59224,17.32608,17.629599,22.101227,19.510544,17.70452,22.037252,18.572172,20.904146,21.64022,23.603022
5,14.732065,12.542822,8.749362,6.3804445,5.439927,0.0,6.1252227,7.3926764,10.964683,13.020536,18.051085,17.931265,14.7145405,12.564479,8.36838,8.120121,3.104423,7.4878263,6.355725,11.132703,13.258929,14.009147,18.303131,19.665112,24.159004,25.033081,26.714682,24.890884,21.225523,21.430265,22.187872,21.188013,27.708735,25.018372,30.007092,30.671387,32.48729,33.27359,28.690084,25.06991,30.512321,26.705498,27.973284,27.512846,28.13344,28.424274,27.35314,29.73461,30.039322,29.013103,26.874096,28.06737,24.14262,28.662704,30.023958,33.001118,32.364643,35.802204,39.36458,38.730553,35.217155,38.408997,35.31875,34.427605,35.874207,31.98873,33.886383,30.956905,30.772602,28.665686,23.413298,21.64991,17.741247,15.346555,14.930134,17.438898,17.743176,19.022415,21.860775,22.544962,26.015228,24.50038,20.484058,20.749624,17.6515,18.43923,16.519749,15.832293,18.521952,18.247902,20.979315,26.382803,25.806034,27.333916,30.456436,29.841312,30.87437,29.202614,26.615059,22.685112,22.6143,18.640957,18.502125,16.405457,15.579379,19.34682,16.276646,15.115979,18.972965,16.816826,18.31458,19.989958,21.372267
6,17.808716,14.64637,12.055498,9.040982,5.7715573,6.1252227,0.0,6.863799,7.5249233,10.68995,14.477162,16.010107,14.232388,12.006903,8.666516,5.923158,3.5671256,2.6809182,6.737164,8.702012,12.298146,13.829119,18.025286,17.976954,22.39923,22.221462,23.295868,21.32506,16.41828,16.631432,16.599598,15.950663,21.902185,19.670395,24.527248,25.318762,27.546124,28.27192,23.881235,20.296219,25.460567,22.060806,22.784565,23.06318,23.00328,24.152245,23.054562,25.854877,26.433065,25.206324,22.610647,24.07927,20.062357,24.236734,25.024294,27.610353,26.998934,30.618687,33.92868,33.62704,30.257278,33.5278,30.26835,29.86236,31.107176,27.877108,30.013678,27.386086,27.97196,25.966532,21.003666,18.184668,14.452373,11.484874,9.807841,11.620577,11.692261,13.342795,16.211048,17.40205,20.59515,18.722857,15.06049,15.064378,12.41212,12.68192,12.167235,12.0483465,15.492591,16.212343,19.720604,24.872612,25.351511,26.73626,30.290464,29.700735,30.025385,28.642809,25.538359,21.967836,22.554062,17.72893,19.320042,16.231543,17.200092,21.664057,17.866669,15.714228,18.703598,14.696147,16.328493,16.660862,18.187504
7,21.610008,19.344257,15.348797,13.384966,10.976875,7.3926764,6.863799,0.0,5.413372,5.7347436,11.343413,10.901363,7.9884605,6.8183484,2.325041,4.9227705,5.9849973,9.117117,12.138646,15.411912,18.608032,19.959095,24.25906,24.516117,29.138142,29.078884,29.99664,27.756893,22.6631,22.188904,21.846134,19.955086,24.743484,21.011747,26.218739,25.982979,27.926481,29.447935,25.122469,22.333069,28.281042,25.871845,27.14519,28.298595,28.373209,30.271362,29.501545,32.468002,33.19714,31.936054,29.183704,30.524767,26.249718,30.034367,30.883427,33.074844,32.72449,36.50832,39.467743,39.474014,36.25801,39.20088,35.542763,35.17724,35.506016,32.622456,34.239944,31.169546,31.853277,30.696568,25.698513,23.415705,19.127504,17.60417,14.064768,16.327213,14.749011,14.596015,16.974794,16.719336,20.510387,19.909826,15.768214,17.360012,15.2642,17.118786,16.572523,18.225645,21.392168,22.400494,25.624096,31.173098,31.273796,32.960026,36.202587,35.324574,35.758476,33.996227,30.826262,27.051176,26.67048,21.804667,22.426203,18.443647,18.232243,21.569193,17.004492,15.744418,17.163269,14.960357,14.661624,16.034271,15.988524
8,24.913483,21.981129,18.877344,15.854879,13.107429,10.964683,7.5249233,5.413372,0.0,4.596347,7.2794976,8.755609,8.213826,6.193948,5.8744993,3.7086787,8.28689,8.681065,13.519494,15.402865,18.823774,21.12642,24.743801,23.877655,28.694586,28.03637,28.102604,25.44771,19.971498,18.750238,18.164135,15.455803,19.732557,15.661646,20.888578,20.681122,22.543806,24.038559,19.750357,17.132538,23.142973,21.276583,22.625828,24.503792,24.515978,27.230438,26.931288,30.19647,31.38547,30.338371,27.429712,29.331718,25.375067,28.843157,28.780563,30.41484,29.635864,33.54718,36.01543,36.04618,33.00164,35.45205,31.48414,31.24381,30.967777,28.579103,30.036022,27.008759,28.219582,27.557072,22.92681,20.3431,16.110868,15.444362,10.214685,12.553319,10.643246,9.896106,12.581673,12.615779,16.001738,15.2031555,10.662639,12.328431,10.438742,13.056299,12.926364,16.103645,19.225624,21.151115,24.559553,30.066147,30.746796,32.60413,35.83577,34.716896,34.56479,32.81814,29.247211,25.779623,25.455782,20.096056,21.737305,16.86268,17.933828,21.576403,16.558521,14.57287,14.923484,11.373548,10.915029,11.206642,11.3525
9,27.057482,24.586592,20.794,18.696854,15.893703,13.020536,10.68995,5.7347436,4.596347,0.0,6.128749,5.9958057,5.246925,5.8394756,5.736366,7.387533,11.056283,12.516804,16.920813,19.19153,22.745832,24.501846,28.59368,28.076866,32.69076,31.99377,32.284527,29.799047,23.985405,22.996124,21.875431,19.384853,22.372719,17.925587,23.057325,22.053015,24.074345,26.168766,22.247057,20.335522,26.361408,25.215816,26.405523,28.762962,28.42829,31.464485,30.98615,34.283695,35.340557,34.010136,30.933832,32.446518,28.177948,31.312346,31.595936,33.075466,32.83611,36.7754,39.15767,39.607025,36.69836,39.321407,35.311836,35.35433,34.80861,32.81092,34.1861,31.152012,32.518616,32.068306,27.483,24.894402,20.688755,19.874811,14.5681095,16.309332,13.3764,11.767865,13.4688425,12.276701,16.138514,16.425312,12.437009,15.168356,14.271879,16.809044,17.414934,20.527012,23.766005,25.574102,29.003883,34.481804,35.08571,36.851765,40.144573,39.100174,39.068344,37.306416,33.786385,30.255009,29.785326,24.51011,25.763329,20.851389,21.307096,24.36361,19.180567,17.774582,17.254385,14.874932,13.134459,13.714174,12.236439
10,31.993006,29.082684,25.88001,23.108131,20.189049,18.051085,14.477162,11.343413,7.2794976,6.128749,0.0,5.0679502,8.475559,8.748962,11.147167,10.709494,15.529364,15.48234,20.699518,21.941141,25.511095,27.955627,31.417543,29.949083,34.61799,33.350258,32.77372,29.939795,23.912943,22.143911,20.621666,17.254192,18.45649,13.25684,18.12592,16.544638,18.394773,20.869648,17.372412,16.416817,22.290636,22.430626,23.668013,27.09552,26.613806,30.665709,30.733006,34.275055,35.79386,34.673725,31.476555,33.45841,29.582138,32.181053,31.513868,32.209763,31.627539,35.627575,37.284096,37.899162,35.326633,37.283825,32.935963,33.21969,31.713669,30.588604,31.61619,28.69077,30.717455,31.03632,27.085136,24.372889,20.50738,20.739855,14.193728,15.530235,12.039825,8.974488,10.073427,8.336667,11.472662,12.382581,8.441111,11.981443,12.284809,15.56511,16.860687,21.377974,24.344116,26.962511,30.413534,35.72439,36.845596,38.764553,41.967842,40.677307,40.073723,38.321636,34.476917,31.340693,30.819452,25.301666,27.325333,21.740303,23.163116,26.128073,20.713148,18.942448,16.856054,13.88833,11.2759075,10.310601,7.6443205
11,32.459885,29.987957,26.228828,23.738487,21.285639,17.931265,16.010107,10.901363,8.755609,5.9958057,5.0679502,0.0,4.6032615,6.4071856,9.8092575,11.300676,15.982201,17.402466,21.82146,24.142874,27.435661,29.732931,33.351986,32.44154,37.3804,36.602932,36.313503,33.40984,27.803839,25.980377,25.001331,21.334114,23.280779,17.785799,22.603264,20.856659,22.065973,24.659199,21.091946,20.181547,26.349283,26.203827,27.957155,30.943056,30.961607,34.590836,34.700977,38.139473,39.572945,38.528404,35.453003,37.342155,33.300556,36.222466,35.928413,36.90591,36.317093,40.31231,42.136658,42.565273,39.85727,41.74538,37.38232,37.320114,35.788933,34.21968,34.989773,31.719372,33.272213,33.739304,29.50957,27.40775,23.151531,23.674883,17.590782,19.672056,16.606588,13.893648,15.081412,13.037702,16.209152,17.42845,13.409577,16.705631,16.220469,19.804613,19.972408,24.335598,27.134584,29.41212,32.606503,38.285797,38.870083,40.983246,43.95655,42.53379,42.254425,40.22734,36.5321,33.117863,32.024696,26.765974,27.845362,22.301733,22.677622,24.845762,19.397572,18.41113,15.852378,14.841633,11.392404,12.25944,9.076065
12,29.221388,27.124153,23.009853,20.890755,18.817793,14.7145405,14.232388,7.9884605,8.213826,5.246925,8.475559,4.6032615,0.0,3.9493089,6.3606257,9.590659,13.362894,15.973421,19.493055,22.6458,25.709723,27.641497,31.50132,31.251074,36.22755,35.936966,36.162865,33.420437,28.171055,26.709377,26.172102,22.860338,26.103964,20.958765,26.025612,24.732428,25.983807,28.258127,24.32001,22.72814,29.056757,28.00206,29.86218,32.070045,32.35364,35.250206,35.1122,38.358932,39.532696,38.462532,35.546974,37.223278,33.02801,36.372055,36.617,38.11674,37.597843,41.545235,43.829,44.029186,41.076,43.27947,39.113914,38.77788,37.842915,35.599262,36.525536,33.12481,34.14342,34.155342,29.515673,27.677303,23.188152,23.28038,18.09905,20.60288,18.072832,16.159443,17.837963,16.219284,19.78843,20.5098,16.22343,19.02257,17.695583,20.973003,20.40937,23.941391,26.752457,28.472076,31.517017,37.351486,37.478054,39.56823,42.47945,41.15128,41.28415,39.18336,35.74305,32.06105,30.852478,25.870983,26.24044,21.205004,20.72703,22.753378,17.535494,16.982481,15.537353,15.23005,12.492382,14.457834,12.369567
13,27.295784,24.915665,21.238287,18.385155,16.57121,12.564479,12.006903,6.8183484,6.193948,5.8394756,8.748962,6.4071856,3.9493089,0.0,4.9638658,6.5367575,10.88817,13.304859,16.703514,19.873941,22.653564,25.017368,28.447596,28.030891,33.22777,33.08999,33.15144,30.244799,25.468422,23.747204,23.775608,20.143969,24.404085,19.389591,24.54063,23.821205,24.817724,26.639421,22.366728,20.271513,26.66748,25.040415,27.192991,28.945776,29.660362,32.221413,32.29262,35.46896,36.751545,35.9621,33.23468,35.217636,31.281857,34.92055,34.92361,36.56069,35.586452,39.493576,41.835964,41.64918,38.58416,40.565704,36.427086,35.771,34.98961,32.351833,33.234707,29.744831,30.515268,30.456215,25.757586,24.17697,19.608374,20.093204,15.184626,18.266212,16.539644,15.103463,17.430489,16.553259,19.875048,19.881502,15.118128,17.228006,15.120356,18.601486,17.136936,20.750149,23.30052,25.03639,27.925747,33.8595,33.9035,36.142082,38.90122,37.448593,37.541927,35.367695,31.922888,28.24296,26.934536,21.971962,22.349781,17.257868,16.947393,19.27825,13.995296,13.156384,12.239272,11.62022,9.535404,11.920907,11.03808
14,22.91969,20.770397,16.728666,14.565661,12.595021,8.36838,8.666516,2.325041,5.8744993,5.736366,11.147167,9.8092575,6.3606257,4.9638658,0.0,5.162683,7.1865544,10.630293,13.382674,16.970396,19.900625,21.506783,25.555523,25.791508,30.639978,30.70958,31.460398,29.021103,24.161936,23.315968,23.220089,20.76447,25.590225,21.423422,26.661846,26.283611,27.898273,29.507917,25.144611,22.5053,28.65298,26.355055,27.978287,29.173769,29.551044,31.510624,30.98956,33.975662,34.835682,33.74329,31.050232,32.559944,28.376144,32.199944,32.884033,34.989334,34.441444,38.254036,41.089455,40.98033,37.76669,40.429367,36.642147,36.105804,36.15715,33.21014,34.587143,31.329203,31.90434,31.038267,26.039854,24.108501,19.653484,18.770576,14.990077,17.661503,16.124838,15.603133,18.004843,17.50402,21.23099,20.841288,16.434834,18.184399,15.940118,18.334291,17.257944,19.403728,22.326544,23.425909,26.464338,32.209644,32.13229,34.021973,37.057465,35.99206,36.43488,34.490913,31.302414,27.474752,26.698652,21.895947,22.165981,17.959196,17.384584,20.304836,15.589727,14.644823,15.637775,14.212885,13.480525,15.393803,15.144334
15,22.288277,19.383133,16.406359,12.914062,10.751094,8.120121,5.923158,4.9227705,3.7086787,7.387533,10.709494,11.300676,9.590659,6.5367575,5.162683,0.0,5.4354935,6.80281,10.661387,13.364331,16.304016,18.758146,22.174526,21.673492,26.74721,26.605276,26.891977,24.205471,19.525467,18.321787,18.619955,15.901673,21.558722,17.805136,22.965855,23.243504,24.76535,25.854052,21.305428,18.164572,24.143555,21.394419,23.088947,24.053123,24.656454,26.560612,26.304129,29.346075,30.451374,29.647556,27.04539,29.043173,25.247824,29.197418,29.298147,31.333855,30.242107,34.039284,36.781033,36.363922,33.11504,35.51208,31.708649,31.015099,31.162268,28.072851,29.520046,26.344168,26.97704,26.008831,21.077444,18.98664,14.545571,13.947457,10.017209,13.176574,12.569635,12.665744,15.687099,16.133085,19.335463,18.104675,13.458563,14.272288,11.333409,13.7755375,12.108292,14.596573,17.43079,18.919838,22.063856,27.806742,28.060987,30.054943,33.10074,31.922312,32.031647,30.148632,26.75286,23.082031,22.566067,17.436861,18.553787,14.070081,14.703653,18.513336,13.815373,11.872039,13.527281,10.350897,10.965378,12.158719,13.297685
16,16.884384,14.140237,10.975363,7.7641306,5.7280006,3.104423,3.5671256,5.9849973,8.28689,11.056283,15.529364,15.982201,13.362894,10.88817,7.1865544,5.4354935,0.0,4.9483895,6.2147074,10.126696,12.844561,14.362861,18.408993,18.961222,23.68155,24.100424,25.310413,23.217978,19.089552,18.97247,19.56438,18.27506,24.667454,21.91596,26.90414,27.590466,29.42109,30.197111,25.636465,22.047676,27.522753,23.919218,25.17961,25.096695,25.621155,26.391464,25.511257,28.140759,28.707237,27.722683,25.389124,26.888414,22.990702,27.3731,28.285063,30.994953,30.196995,33.75921,37.10273,36.53767,33.087692,36.109444,32.82708,32.04424,33.210903,29.57334,31.445862,28.523382,28.652863,26.76308,21.58394,19.507673,15.462806,13.273064,11.999612,14.607045,14.8369055,16.060314,19.008133,19.83346,23.166006,21.551544,17.460377,17.66997,14.580821,15.552959,13.808348,13.824104,16.743095,17.08297,20.132015,25.640842,25.501894,27.14009,30.360235,29.600437,30.247185,28.579687,25.65701,21.824484,21.82614,17.319378,17.916853,15.04267,15.030726,19.146294,15.530693,13.864057,17.290337,14.391127,15.934906,17.208776,18.708775
17,17.873999,14.330869,12.651546,8.804923,5.9438505,7.4878263,2.6809182,9.117117,8.681065,12.516804,15.48234,17.402466,15.973421,13.304859,10.630293,6.80281,4.9483895,0.0,5.7572007,6.756469,10.297042,12.540345,16.167194,15.662519,20.310585,20.105612,20.92449,18.789097,14.193106,14.251546,14.711392,14.057315,20.67881,18.836462,23.500345,24.706316,26.778,27.152899,22.716822,18.85455,23.755087,19.941034,20.717384,20.606077,20.798872,21.688776,20.75299,23.539402,24.259274,23.285398,20.82956,22.663443,18.994144,23.328117,23.74301,26.351496,25.314936,28.888193,32.18625,31.595737,28.161732,31.255709,28.035376,27.440994,28.854822,25.408646,27.59762,25.037535,25.53392,23.367393,18.42683,15.564783,11.9442425,8.845556,7.9430213,10.035484,11.164013,13.280922,16.38034,18.031708,20.82946,18.526882,14.883813,14.18553,11.087599,11.070361,9.913625,9.412599,12.813205,13.650797,17.214714,22.396652,23.012506,24.482225,28.01024,27.346624,27.519669,26.163849,22.985508,19.498852,20.280787,15.409683,17.438065,14.527601,16.06796,20.830643,17.30824,14.839477,18.203278,13.696583,16.027935,16.094465,18.267372
18,12.827782,9.303675,8.362995,3.4621441,3.2316146,6.355725,6.737164,12.138646,13.519494,16.920813,20.699518,21.82146,19.493055,16.703514,13.382674,10.661387,6.2147074,5.7572007,0.0,5.3060746,6.9140987,8.447832,12.229881,13.312574,17.896051,18.902914,20.637064,18.988407,16.240965,16.895494,18.372355,18.260258,25.652397,24.175432,28.662111,30.16407,31.990408,32.064037,27.534794,23.399483,27.976028,23.3304,24.269001,22.78088,23.583658,22.918959,21.74049,23.832226,24.071308,23.342106,21.585077,23.108313,19.802132,24.678593,25.73319,28.979288,27.840366,31.017458,34.77734,33.673462,30.0458,33.269283,30.583197,29.477354,31.703053,27.426094,29.669668,27.153538,26.749434,23.892517,18.776373,16.839796,13.712288,10.319932,12.5542345,14.723334,16.656921,19.014204,22.089207,23.736124,26.575003,24.180721,20.588825,19.59955,16.135363,15.758117,13.341615,10.651909,13.06059,12.1864805,15.005812,20.140797,19.823494,21.193287,24.547081,24.113926,25.024696,23.664064,21.156984,17.432966,18.318682,14.6018095,15.419415,14.482089,14.970674,19.628593,17.412365,15.473141,20.280413,16.830225,19.714151,20.565365,23.068445
19,14.57139,10.460798,11.425939,7.710309,6.475411,11.132703,8.702012,15.411912,15.402865,19.19153,21.941141,24.142874,22.6458,19.873941,16.970396,13.364331,10.126696,6.756469,5.3060746,0.0,4.267991,6.489612,9.742857,9.510624,13.727536,14.001356,15.681488,14.35192,11.424742,12.986718,14.358991,15.6665745,22.916943,22.69694,26.609997,28.622963,30.739323,30.391394,26.164438,21.89498,25.522991,20.668291,20.80928,18.974619,19.24521,18.236437,16.653872,18.738678,18.919024,18.091936,16.304247,18.050081,15.092011,20.022865,20.75412,24.089638,22.807112,25.848576,29.734564,28.592989,24.956703,28.50843,26.138119,25.301569,28.121635,24.063986,26.783875,24.86521,24.81966,21.443468,16.801224,13.923067,11.939852,6.8444114,11.049897,11.936146,14.832159,17.984783,20.892292,23.220491,25.487976,22.521765,19.73493,17.90828,14.849576,13.016666,11.597151,6.9752297,9.7849245,8.915345,12.447771,16.769466,17.494114,18.383905,22.278807,22.177319,22.585499,21.792864,19.16055,16.033821,18.131346,14.395569,16.765568,16.065954,17.93691,22.959291,20.812788,18.308067,22.818617,18.175764,21.500933,21.296967,24.181479
20,13.636213,9.612937,12.117055,8.291655,9.000988,13.258929,12.298146,18.608032,18.823774,22.745832,25.511095,27.435661,25.709723,22.653564,19.900625,16.304016,12.844561,10.297042,6.9140987,4.267991,0.0,4.8180532,5.932418,6.4771457,11.155439,12.621854,14.574771,13.42984,12.84662,14.263589,16.696676,17.863527,25.663866,25.654856,29.317093,31.651215,33.403355,32.699802,28.450197,24.012114,27.253159,21.804182,22.232632,19.255367,20.314241,18.018106,16.655855,18.073576,18.112072,17.932182,16.987984,18.899977,16.83441,21.901226,22.550543,26.078793,24.308044,26.955166,30.937181,29.171206,25.453724,28.676632,26.702898,25.290138,28.614222,23.898056,26.543167,24.717072,23.957062,20.09752,15.578102,13.661908,12.394281,8.165716,13.86577,15.143582,18.610357,21.755558,24.772535,27.1832,29.291124,26.184282,23.297173,21.149881,17.731564,16.043724,13.427097,8.036966,9.110291,6.599661,9.222681,13.509136,13.591663,14.570441,18.292458,18.243078,19.029612,18.257467,16.10212,12.9987955,15.446974,12.841472,14.743946,15.609216,17.27422,22.147892,21.021582,18.71406,23.907646,19.748028,23.56057,23.673046,26.983788
21,9.902788,5.9893575,9.760532,8.147808,9.10813,14.009147,13.829119,19.959095,21.12642,24.501846,27.955627,29.732931,27.641497,25.017368,21.506783,18.758146,14.362861,12.540345,8.447832,6.489612,4.8180532,0.0,5.7363863,8.761723,11.12701,12.995402,16.324066,16.316462,15.506945,17.934624,19.57583,21.673002,28.873745,29.097403,32.820675,34.97852,37.125412,36.609013,32.442375,28.095984,31.295448,26.0536,25.976013,23.115004,23.485535,20.933495,18.755703,19.71385,18.928284,18.094807,17.299063,18.073046,15.744749,20.84187,22.607784,26.58258,25.628973,28.005394,32.40051,30.974186,27.325556,31.284327,29.763767,28.7357,32.48444,28.011312,30.88324,29.296854,28.594767,24.52165,20.233442,18.149094,17.064484,12.254352,17.482815,18.091885,20.982801,24.24609,26.980295,29.258696,31.631163,28.665915,26.122795,24.28472,21.30303,19.173819,17.637411,12.1265,13.5578785,10.757726,12.832889,15.704068,15.5539255,15.543917,19.528786,20.251913,21.569138,21.253069,19.762814,16.950794,19.566631,17.496147,18.78836,19.977388,20.979979,25.611973,24.571411,22.559101,27.805017,23.856462,27.319832,27.524204,30.428091
22,13.601559,10.402972,14.771641,12.377978,13.936524,18.303131,18.025286,24.25906,24.743801,28.59368,31.417543,33.351986,31.50132,28.447596,25.555523,22.174526,18.408993,16.167194,12.229881,9.742857,5.932418,5.7363863,0.0,5.0648446,7.278629,10.549792,13.564865,13.726312,15.600272,17.66134,20.391962,22.3674,30.01041,30.735947,33.94812,36.621655,38.32921,37.25777,33.21395,28.733622,31.1694,25.384361,25.47833,21.42589,22.618622,18.741241,17.05253,17.234493,16.536066,16.805077,17.06103,18.542124,17.68396,22.607595,23.553175,27.420366,25.560616,27.469557,31.730692,29.476578,25.81938,29.134254,28.07964,26.421757,30.6934,25.67967,28.475676,27.217522,25.911177,21.361258,17.716894,16.519691,16.613577,12.802123,19.278063,20.068666,23.84581,27.219961,30.099012,32.699684,34.61077,31.305021,28.795467,26.331785,23.072437,20.89738,18.398977,12.440178,12.118889,8.289495,8.712773,10.497542,9.966329,9.844584,13.803498,14.665744,16.10538,16.09098,15.207432,13.043173,16.376154,15.697403,17.111692,19.662529,21.091053,25.562952,25.463408,23.401861,28.941185,25.051363,29.107712,29.211252,32.72906
23,18.070208,14.412913,18.025345,14.686984,15.32119,19.665112,17.976954,24.516117,23.877655,28.076866,29.949083,32.44154,31.251074,28.030891,25.791508,21.673492,18.961222,15.662519,13.312574,9.510624,6.4771457,8.761723,5.0648446,0.0,5.864057,7.688976,9.215241,8.73333,11.520404,13.29727,16.471344,18.542587,26.08057,27.33322,30.06365,33.05453,34.626045,33.232174,29.422855,24.97911,26.770489,20.916893,20.832697,16.479223,17.837286,13.774425,12.500503,12.9491625,12.969829,13.823807,14.034515,16.580454,16.285406,20.950085,20.775766,24.22395,21.65441,23.625282,27.571384,25.048225,21.362381,24.28478,23.110407,21.359922,25.685734,20.741474,23.68112,22.70771,21.709385,17.04649,13.807762,12.132969,13.191946,9.682029,16.607674,17.074978,21.396648,24.849598,27.68516,30.594254,31.988436,28.424107,26.20974,23.25336,20.148375,17.68748,15.233257,9.148388,8.037747,4.444042,5.576733,7.45933,8.883196,9.272823,13.419002,13.751651,13.941061,14.058628,12.317802,10.671836,14.665508,13.456699,16.338655,18.232664,20.797,25.53442,25.072594,22.555784,27.592329,23.032766,27.301214,26.788315,30.595984
24,19.559668,16.476524,20.859312,18.718195,19.26925,24.159004,22.39923,29.138142,28.694586,32.69076,34.61799,37.3804,36.22755,33.22777,30.639978,26.74721,23.68155,20.310585,17.896051,13.727536,11.155439,11.12701,7.278629,5.864057,0.0,4.4120812,8.099691,10.219169,13.882098,16.812279,19.220097,22.629229,29.226072,31.392529,33.65454,36.802536,38.693226,37.131847,33.696854,29.401043,30.38032,24.76373,23.797327,19.219496,19.692667,14.678432,12.370239,11.33755,9.953527,10.754294,12.243368,13.899303,14.9592705,19.078651,19.34822,23.105955,20.945154,22.044628,26.367851,23.804123,20.346931,23.962599,23.920465,22.617374,27.853823,23.40575,26.68241,26.501707,25.642414,20.66486,18.500547,16.654043,18.50284,14.588226,21.354996,20.868986,25.041428,28.754927,31.230429,34.311775,35.51736,31.831673,30.325806,27.246286,24.731043,21.516045,20.247234,14.014406,13.132812,10.077194,10.23409,7.961902,10.129497,8.212781,12.84958,14.549732,14.824437,16.181267,15.564151,15.125745,19.513386,19.060331,21.816803,24.069021,26.546495,31.183676,30.888361,28.407843,33.417862,28.681345,32.86994,32.067593,35.75761
25,22.097717,18.712023,22.531912,20.275753,19.99227,25.033081,22.221462,29.078884,28.03637,31.99377,33.350258,36.602932,35.936966,33.08999,30.70958,26.605276,24.100424,20.105612,18.902914,14.001356,12.621854,12.995402,10.549792,7.688976,4.4120812,0.0,4.943166,8.029862,10.971871,14.500342,16.21693,20.466562,26.189095,29.009144,30.860682,34.086327,36.218147,34.596302,31.495419,27.408476,27.842968,22.648458,20.96922,16.832975,16.372782,11.64619,8.584939,7.674326,6.126377,6.539114,7.976301,10.214647,11.878964,15.553676,15.184804,18.793201,16.57358,17.661354,22.044132,19.729826,16.270184,20.427725,20.47297,19.792587,25.134377,21.405804,24.985739,25.191427,25.054419,20.274773,18.497307,15.709324,17.966925,13.7814245,20.038729,18.718443,22.839216,26.6396,28.810558,32.076305,32.92046,29.12871,28.225767,24.971292,23.04963,19.286543,19.137522,13.187805,12.758537,10.891325,12.068658,10.010656,13.3590355,11.798786,16.236574,17.631023,17.054356,18.486017,17.208063,16.982851,21.408262,20.131815,23.710352,25.029789,28.073757,32.94105,32.03686,29.267223,33.726322,28.416311,32.43096,31.054956,34.619015
26,25.952906,22.2823,25.668964,22.619244,22.098837,26.714682,23.295868,29.99664,28.102604,32.284527,32.77372,36.313503,36.162865,33.15144,31.460398,26.891977,25.310413,20.92449,20.637064,15.681488,14.574771,16.324066,13.564865,9.215241,8.099691,4.943166,0.0,4.166366,9.229525,11.815872,14.054459,17.986029,23.39655,26.651756,27.894156,31.442865,33.2345,31.228493,28.438448,24.515884,24.125206,18.96793,17.162542,12.554566,12.424542,6.933421,4.6941895,3.7455807,4.678887,7.0469656,8.322851,12.0815325,14.135043,17.135532,15.133221,17.824533,14.335844,15.454473,19.182335,16.202286,12.642816,15.940529,15.884455,14.914712,20.415142,16.783348,20.431053,21.058907,21.199194,16.563158,15.707619,12.850409,16.09637,13.131604,18.953377,17.56745,22.044346,25.66487,27.797113,31.238073,31.544704,27.597057,26.882912,23.229612,21.46423,17.80225,17.513824,12.491903,11.247293,10.655371,11.65815,9.4808445,13.746561,12.989204,16.767399,17.447279,15.817141,17.209639,15.390903,15.840518,20.234138,18.856194,23.146795,24.055876,27.754427,32.562607,31.580074,28.613832,32.56096,27.026314,31.129717,29.338835,33.142597
27,26.160013,22.254887,25.121477,21.38463,20.802744,24.890884,21.32506,27.756893,25.44771,29.799047,29.939795,33.40984,33.420437,30.244799,29.021103,24.205471,23.217978,18.789097,18.988407,14.35192,13.42984,16.316462,13.726312,8.73333,10.219169,8.029862,4.166366,0.0,7.3640065,8.477499,11.780266,14.6062355,20.726963,23.51409,24.878994,28.47359,29.922121,27.867905,24.883577,20.854784,20.713707,15.207947,14.02987,9.067297,10.105431,5.061205,5.1135826,6.393972,8.58018,10.575768,10.724531,14.901009,15.969379,19.26091,16.85932,19.106562,15.137733,16.969881,20.11378,17.076267,13.441683,15.643426,14.455889,12.848343,17.694342,13.485307,17.01215,17.203455,17.379185,12.902902,11.770271,8.726003,12.260656,10.272714,15.862275,15.031292,19.777563,23.165722,25.530529,28.922672,29.177633,25.243578,24.107605,20.351833,18.242813,15.089829,13.974915,9.637824,7.783465,8.3032055,9.645863,9.349336,13.3617115,13.752818,17.147762,16.981703,15.045267,15.706936,13.047429,13.203154,17.246143,15.375395,20.055132,20.49676,24.507076,29.272905,28.165411,25.12261,28.817404,23.290503,27.471148,25.672977,29.659882
28,25.081135,20.993292,22.592674,19.09522,17.251116,21.225523,16.41828,22.6631,19.971498,23.985405,23.912943,27.803839,28.171055,25.468422,24.161936,19.525467,19.089552,14.193106,16.240965,11.424742,12.84662,15.506945,15.600272,11.520404,13.882098,10.971871,9.229525,7.3640065,0.0,4.7118897,5.3415966,9.908718,15.407041,18.081594,20.031296,23.135542,25.396103,24.051748,20.928102,17.023733,17.906914,13.440452,11.498216,9.867908,8.27125,8.390891,7.002635,10.404599,11.982957,11.613103,9.302645,13.112073,12.215032,15.475299,13.188866,15.29579,12.408943,15.621737,18.865852,17.57237,14.034379,17.473078,15.0442705,15.093698,18.34501,15.645693,19.12434,18.657015,20.093054,16.832724,14.400423,9.6124,10.975715,7.258662,10.742951,8.458597,12.855323,16.454847,18.585999,22.016111,22.417435,18.521166,17.736908,14.207219,12.864436,8.720321,10.299455,6.922154,8.402506,10.392743,13.788,15.690147,18.976341,19.471321,23.364029,23.18929,21.744759,21.818176,18.595997,17.407211,20.552269,16.78818,21.559435,20.126513,24.087683,29.142696,26.727259,23.506832,26.438435,20.298513,23.74542,21.473684,24.789536
29,27.328844,23.177338,24.326078,20.10694,18.403332,21.430265,16.631432,22.188904,18.750238,22.996124,22.143911,25.980377,26.709377,23.747204,23.315968,18.321787,18.97247,14.251546,16.895494,12.986718,14.263589,17.934624,17.66134,13.29727,16.812279,14.500342,11.815872,8.477499,4.7118897,0.0,4.9186873,6.1872554,13.020849,15.098493,16.988665,20.317144,21.930195,20.343988,17.013338,12.924602,13.947334,8.953006,8.045414,6.7336693,6.915104,8.614439,9.486312,12.905001,15.247181,15.671561,13.720036,17.729092,16.840506,19.911104,17.13584,18.44873,14.898639,18.19358,20.500174,18.842777,15.527402,17.32551,13.92448,13.246292,15.296904,12.264301,15.337096,14.364171,16.086979,13.5765915,11.17585,6.2097178,7.6547294,6.7228093,8.612537,7.5139556,12.236766,15.195576,17.619148,20.961885,21.061604,17.193626,15.829206,11.971302,10.100442,7.143693,7.1156597,6.54446,7.1367393,10.610167,13.690341,16.533686,19.54539,20.831259,24.131346,23.260866,21.458858,20.9872,17.252611,16.036888,18.457846,14.272595,19.408432,17.26786,21.704838,26.548725,24.035608,20.716612,23.080761,16.887976,20.460052,17.987856,21.694824
30,28.60297,24.520864,25.162155,21.556725,19.090042,22.187872,16.599598,21.846134,18.164135,21.875431,20.621666,25.001331,26.172102,23.775608,23.220089,18.619955,19.56438,14.711392,18.372355,14.358991,16.696676,19.57583,20.391962,16.471344,19.220097,16.21693,14.054459,11.780266,5.3415966,4.9186873,0.0,6.319381,10.144943,13.1804905,14.900942,17.921766,20.443295,19.304869,16.44149,13.004697,13.862853,10.808685,8.325417,9.85173,7.126101,10.962991,10.699981,14.382555,16.345505,15.758355,12.938628,16.403946,14.962085,17.224323,14.254848,15.039397,12.335755,16.135906,18.337246,17.897312,14.919906,17.662573,14.1982355,15.038507,16.570099,15.279836,18.373522,17.745955,20.210814,18.186409,16.005882,11.070174,11.593693,9.523011,9.105556,5.620927,9.315366,12.458094,14.211193,17.772856,17.597618,13.611426,13.422478,9.674573,9.625148,5.246661,9.393698,9.519677,11.483726,14.513431,17.980854,20.47467,23.670755,24.517204,28.185522,27.65282,25.940895,25.688442,22.065004,20.76507,23.161524,18.663609,23.58527,20.820791,25.012478,29.891542,26.721107,23.409893,25.12212,18.693514,21.431013,18.40971,21.306768
31,30.155727,26.089802,26.055937,21.709967,19.487446,21.188013,15.950663,19.955086,15.455803,19.384853,17.254192,21.334114,22.860338,20.143969,20.76447,15.901673,18.27506,14.057315,18.260258,15.6665745,17.863527,21.673002,22.3674,18.542587,22.629229,20.466562,17.986029,14.6062355,9.908718,6.1872554,6.319381,0.0,8.635712,9.097918,11.674285,14.640459,16.142994,15.052709,11.300072,7.2123027,10.00371,6.798675,7.2142906,9.900527,9.894703,14.036255,15.254931,18.806925,21.196655,21.266077,18.802689,22.426647,20.714773,23.370008,20.564512,21.07445,18.070122,21.749157,23.207731,22.341028,19.56019,20.61751,16.31003,16.077513,15.680363,13.966502,15.9816675,14.164804,16.792664,16.101942,13.568044,9.497613,8.557333,9.737564,6.275876,5.8267016,8.994605,10.682211,13.118713,16.19973,16.003927,12.400933,10.545604,6.6214476,5.18888,4.605315,5.746614,9.985646,11.393065,15.239778,18.376974,22.150635,24.679707,26.391748,29.458618,28.189777,26.418163,25.408962,21.372318,19.704994,20.893776,15.8670635,20.653526,16.76397,21.176208,25.6513,22.186296,18.870358,19.658445,13.257088,15.922075,12.686026,16.096512
32,37.178776,33.19074,32.764824,29.01993,26.182503,27.708735,21.902185,24.743484,19.732557,22.372719,18.45649,23.280779,26.103964,24.404085,25.590225,21.558722,24.667454,20.67881,25.652397,22.916943,25.663866,28.873745,30.01041,26.08057,29.226072,26.189095,23.39655,20.726963,15.407041,13.020849,10.144943,8.635712,0.0,6.224933,5.1898894,8.383692,11.216982,10.387978,9.125643,8.555116,8.151392,10.610902,8.696693,14.547414,12.195131,18.390247,19.439314,22.975344,25.38298,24.949574,22.102308,25.243168,23.709394,24.677158,21.072214,19.832909,17.561493,21.138052,21.085983,21.695448,20.08255,20.762104,16.287104,17.925745,15.7607355,17.410902,19.037573,18.333838,22.213154,22.518377,21.308403,17.373756,17.147636,17.77593,13.4960165,11.140404,11.018764,11.021313,11.087704,14.038534,11.695446,8.36788,10.171938,7.4079814,10.660191,9.980786,14.178291,17.98777,19.593702,23.323982,26.482126,29.403881,32.48744,33.818092,37.020058,35.93778,33.78567,33.120323,29.143623,27.974556,29.237206,24.344622,29.103981,24.777979,29.052696,33.180477,29.181925,26.03682,25.273388,19.300522,20.278408,16.011559,17.658098
33,36.458057,32.639786,31.404552,27.507666,24.706345,25.018372,19.670395,21.011747,15.661646,17.925587,13.25684,17.785799,20.958765,19.389591,21.423422,17.805136,21.91596,18.836462,24.175432,22.69694,25.654856,29.097403,30.735947,27.33322,31.392529,29.009144,26.651756,23.51409,18.081594,15.098493,13.1804905,9.097918,6.224933,0.0,5.2389636,6.108416,8.347668,9.159796,6.095294,5.978565,9.706107,11.977237,12.415712,17.584982,16.6462,22.192047,23.343504,26.981512,29.32863,28.912474,25.977755,29.033785,26.73675,28.440685,25.618988,25.008774,23.020622,26.78234,27.148176,27.509735,25.554459,26.13639,21.469154,22.208914,19.573542,20.148748,21.078684,19.183952,22.623596,23.558664,21.486776,18.20788,16.478928,17.98636,11.957706,11.383306,10.035738,8.240148,8.869449,10.794489,9.12943,6.9535933,6.1380506,5.155357,8.16365,10.315007,13.074086,18.385237,20.257204,24.02667,27.22066,31.240055,33.636795,35.44137,38.46896,37.04982,35.249065,34.01725,29.890438,28.078259,28.433092,23.152674,27.224058,22.04647,25.820297,29.48997,25.001097,22.123907,20.364689,14.943276,14.883228,10.504228,11.537692
34,40.770573,36.83831,36.003315,32.055714,29.302677,30.007092,24.527248,26.218739,20.888578,23.057325,18.12592,22.603264,26.025612,24.54063,26.661846,22.965855,26.90414,23.500345,28.662111,26.609997,29.317093,32.820675,33.94812,30.06365,33.65454,30.860682,27.894156,24.878994,20.031296,16.988665,14.900942,11.674285,5.1898894,5.2389636,0.0,4.1927705,6.089256,5.6508355,5.648962,7.774916,7.48205,12.153138,11.782137,17.73848,16.394758,22.516226,24.076754,27.561401,30.152273,29.952177,27.196962,30.411072,28.778538,29.801254,26.225657,24.78969,22.481838,25.889704,25.298887,25.825335,24.492777,24.22753,19.558622,20.798296,17.191416,19.336956,19.983786,18.90367,22.965631,24.366266,23.396353,20.216873,19.549868,21.315224,16.177767,14.939704,14.150738,12.806557,12.55587,14.474298,11.531359,9.644588,10.966154,9.553934,12.646105,13.731183,16.693256,21.596386,22.948404,26.863697,29.803432,33.127003,35.948723,37.633232,40.52304,39.09404,36.859188,35.87,31.78181,30.571222,31.153765,26.244825,30.683146,25.802391,29.929993,33.49896,29.311697,26.402098,24.4446,19.205427,19.290785,14.831941,15.8294735
35,42.309925,38.526493,37.157566,33.453693,30.513748,30.671387,25.318762,25.982979,20.681122,22.053015,16.544638,20.856659,24.732428,23.821205,26.283611,23.243504,27.590466,24.706316,30.16407,28.622963,31.651215,34.97852,36.621655,33.05453,36.802536,34.086327,31.442865,28.47359,23.135542,20.317144,17.921766,14.640459,8.383692,6.108416,4.1927705,0.0,4.634531,6.842724,7.3814745,10.3153925,11.371002,15.944264,15.84654,21.719082,20.288734,26.390835,27.68555,31.244616,33.682285,33.205353,30.23523,33.141453,31.063707,31.985458,28.789906,27.315155,25.624432,29.10975,28.536907,29.491695,28.221073,28.24003,23.637243,24.984512,21.304626,23.415281,23.898598,22.534653,26.452814,28.028662,26.68877,23.575254,22.30122,23.91075,18.038113,16.998661,15.058131,12.720004,11.734425,12.648039,9.313721,8.966707,10.5756445,10.777578,14.260648,15.943632,19.09126,24.271631,25.99657,29.836672,32.941727,36.612736,39.248425,40.981697,43.95818,42.51557,40.45726,39.324097,35.196526,33.687122,33.987,28.865265,32.942997,27.655783,31.375616,34.685726,30.115644,27.440287,24.796852,20.113071,19.20648,14.868307,14.579442
