,0,1,2,3,4,5,6,7,8,9,10,11,12,13,14,15,16,17,18,19,20,21,22,23,24,25,26,27,28,29,30,31,32,33,34,35,36,37,38,39,40,41,42,43,44,45,46,47,48,49,50,51,52,53,54,55,56,57,58,59,60,61,62,63,64,65,66,67,68,69,70,71,72,73,74,75,76,77,78,79,80,81,82,83,84,85,86,87,88,89,90,91,92,93,94,95,96,97,98,99,100,101,102,103,104,105,106,107,108,109,110,111,112,113,114,115
0,0.0,3.9339585,7.03558,10.136819,12.482914,15.672816,18.263426,22.071026,25.333748,27.010235,31.87747,32.206684,29.926456,30.531767,25.952984,27.913486,25.048613,25.170929,27.158344,26.028412,29.860344,28.257841,33.564724,33.22536,33.678684,31.073944,33.863384,34.99679,30.285912,33.949146,31.743269,36.588554,38.56929,39.569748,42.70973,44.042645,47.816242,47.404766,44.534805,41.514748,43.289062,39.97844,37.64419,35.552055,38.760372,34.71771,37.242645,36.119915,39.35313,42.349503,43.282585,47.629845,49.697254,51.34256,47.780437,50.827003,46.272156,47.677822,48.716156,48.138775,44.609947,45.984753,42.033165,40.528805,39.55618,35.688465,36.880394,32.543804,33.060913,27.960537,25.706736,29.220345,28.522474,32.219513,33.180687,33.27365,36.20641,37.04557,39.56564,41.972046,39.80895,36.25221,34.161423,31.73811,30.407135,28.999428,26.727428,25.505613,23.485996,24.753813,21.998589,23.567556,23.331343,19.623116,17.365702,14.294197,14.900958,17.903788,13.28576,17.406347,17.011833,20.20362,21.950586,24.51418,27.544819,30.101906,33.249508,36.4366,40.096157,39.34697,36.4909,38.653866,32.58416,32.33727,29.743574,27.90841
1,3.9339585,0.0,4.797441,7.4539437,9.07141,13.065208,14.766003,19.19069,22.041996,23.848587,28.682205,29.280691,27.279325,27.73851,23.294018,24.864725,22.299921,21.97958,24.429672,23.024323,26.97044,25.846872,30.986532,30.29793,31.110708,28.416521,30.850115,31.751343,26.687082,30.260578,27.900295,32.791264,34.656757,35.7733,38.83274,40.238388,44.00109,43.52393,40.70376,37.70752,39.381554,36.137047,33.739983,31.757835,35.130383,31.198599,33.89898,32.99777,36.287933,39.197414,39.94564,44.34347,46.247265,47.815315,44.208725,47.192146,42.577976,44.025814,44.971622,44.305637,40.78664,42.141594,38.260998,36.745205,35.99991,32.052437,33.430744,29.10806,29.967539,24.78425,22.242182,25.75778,24.80468,28.741713,29.455267,29.77107,32.680145,33.484318,36.07628,38.426758,36.407276,32.827103,30.615465,28.147188,26.637579,25.42669,22.90954,21.99309,19.979097,21.550566,19.02078,20.891743,21.188904,17.826628,15.918931,12.664879,12.383163,14.840134,9.845697,13.581574,13.132784,16.317831,18.12364,20.800385,23.770891,26.548477,29.510714,32.827023,36.468163,35.637104,32.774513,34.856953,28.73198,28.639551,26.006004,24.39279
2,7.03558,4.797441,0.0,5.250931,6.44663,9.270986,11.869111,15.14439,18.64858,20.047354,25.029558,25.200304,23.056324,23.865189,19.509718,21.748873,19.63764,19.961971,22.879076,22.318357,26.467684,25.73448,31.043194,30.5667,32.186283,29.869112,32.139336,32.389606,26.982979,29.963692,27.453573,31.730522,33.110203,33.636253,36.947983,37.900387,41.77723,41.693478,38.847717,36.14014,38.114788,35.475136,33.07838,31.859524,35.585957,32.067055,34.99232,34.54348,37.82164,40.587795,40.910305,45.384247,47.080753,48.240948,44.294647,46.881546,42.016674,43.15368,43.755146,43.337215,39.7662,41.725227,38.165215,36.91844,36.906387,32.92615,34.829746,30.609781,32.09922,26.888197,23.680527,26.748873,24.986507,28.832388,28.526953,28.699003,31.004383,31.352283,33.65708,35.850277,33.449238,30.051794,27.670263,25.569319,24.703285,23.509619,21.90819,21.710043,20.510452,22.801577,21.040817,23.439697,24.011753,21.168312,19.073608,16.12104,14.568422,15.671006,11.423362,13.4047985,13.490845,14.786027,17.393173,18.839052,22.150055,23.973179,27.22325,30.4233,34.082493,33.766193,31.158115,33.96142,27.962187,28.41279,26.219265,25.07438
3,10.136819,7.4539437,5.250931,0.0,3.9848003,6.221884,9.298124,13.103263,15.862228,18.343744,22.49539,23.360605,20.84752,20.863396,16.195595,17.8165,14.999832,15.306222,17.74905,17.317617,21.422302,20.594893,25.983377,25.790953,27.609411,25.658195,28.173828,28.210228,23.344753,26.195625,24.31301,28.135387,30.563435,30.615572,34.304237,35.428104,38.98742,38.91702,35.66928,32.65985,35.190952,32.174,30.318314,28.982874,32.252285,28.82759,31.487053,31.094898,34.235058,37.00438,37.23727,41.68249,43.593723,44.522415,40.40873,42.928272,38.130558,39.06922,39.921074,39.872223,36.256226,38.60063,34.89735,34.138573,33.965252,30.515198,32.603382,28.526869,29.843884,24.878206,21.19663,23.444258,21.703915,24.721317,24.686558,24.293253,26.736126,27.388485,29.73427,32.2233,29.930906,26.36465,24.748178,22.19819,21.41396,19.490002,18.509949,17.509792,16.827179,19.146141,17.975958,20.691721,21.032341,18.823324,16.418247,14.114041,11.363221,11.522885,8.968944,10.552781,12.190477,13.112163,16.873407,18.368856,21.496157,23.58808,26.069195,29.868761,33.42044,33.11848,30.637,33.10073,26.854074,27.985777,25.356367,24.991919
4,12.482914,9.07141,6.44663,3.9848003,0.0,5.384482,5.831274,10.660414,13.00619,15.248149,19.719105,20.69052,18.808187,18.9634,14.752558,16.025492,14.27623,13.889376,17.497332,16.759686,21.005241,21.087008,26.049715,25.255022,27.609024,25.494907,27.302725,26.96607,21.338402,23.91001,21.49319,25.408043,27.107557,27.408081,30.883337,31.961681,35.674286,35.571934,32.55558,29.761364,31.969933,29.341072,27.167912,26.236406,29.987116,26.818892,29.845762,29.832123,33.04927,35.633293,35.577755,40.073143,41.619522,42.47425,38.337692,40.72052,35.7768,36.806435,37.349773,37.05438,33.46233,35.72591,32.26334,31.341656,31.711313,27.968807,30.316837,26.309,28.25579,23.240097,19.320824,21.694199,19.359777,23.02892,22.21676,22.4025,24.595718,24.954163,27.34743,29.595175,27.402376,23.891026,21.690437,19.313759,18.34507,17.078007,15.685398,15.829812,15.254459,18.167652,17.38204,20.32984,21.480198,19.665468,17.97336,15.530456,12.29166,11.429991,8.547258,8.115912,9.449763,9.336776,13.207368,14.391355,17.551764,19.642838,22.161367,25.91691,29.479914,29.153423,26.677853,29.293083,23.132952,24.370413,22.003223,21.820108
5,15.672816,13.065208,9.270986,6.221884,5.384482,0.0,6.150699,7.2264333,10.646088,12.912195,16.856003,17.417793,14.660364,14.880001,10.304969,12.788197,11.03039,12.3278,15.669091,16.573915,20.69083,20.784847,25.94346,25.897905,28.875824,27.489996,29.506357,28.581198,23.441555,25.228107,23.270908,25.94842,27.747917,26.865002,30.898401,31.419405,35.014503,35.47445,32.18451,29.606833,32.57142,30.447155,28.723639,28.508427,32.116077,29.430979,32.303654,32.584892,35.59951,38.062405,37.673992,42.1118,43.66837,44.007374,39.506393,41.413044,36.358917,36.84223,37.19366,37.50591,33.890305,37.054802,33.88984,33.570393,34.411816,31.083145,33.811005,30.056328,32.152702,27.403217,23.098103,24.547949,21.763414,24.439835,22.839787,22.25524,23.661058,23.612198,25.50339,27.752674,24.982239,21.692575,19.97921,17.951872,18.24111,16.347801,17.034054,17.259878,17.920958,21.045866,21.035292,24.177681,24.985544,23.563974,21.366804,19.465742,15.82843,14.146553,13.106562,11.879625,14.080648,12.061678,16.738611,16.384113,19.614086,20.355286,22.78991,26.511713,29.937925,30.31766,28.29665,31.50506,25.62537,27.588322,25.561663,25.97525
6,18.263426,14.766003,11.869111,9.298124,5.831274,6.150699,0.0,6.6331563,7.4680667,10.010308,14.198365,15.633608,14.39718,14.317714,10.935055,11.462278,11.426304,10.493834,15.434822,15.069797,19.204117,20.539024,24.841793,23.695406,27.104172,25.340918,26.332195,25.081524,18.995533,20.547606,17.886213,20.965382,22.04995,21.893745,25.506247,26.326406,30.06848,30.195593,27.204208,24.712498,27.068556,25.143839,22.997831,23.06092,27.182571,24.76594,28.052488,28.750591,31.840612,34.061768,33.395973,37.863026,38.978645,39.36415,34.973392,36.87472,31.721619,32.52093,32.619316,32.42379,28.848001,31.620514,28.637306,28.029703,29.375303,25.746893,28.706285,25.109488,27.876478,23.231606,18.769419,20.30394,16.908777,20.511112,18.165596,18.620836,20.03416,19.852747,22.098763,24.097132,21.872803,18.476624,15.90377,13.744152,13.151,12.388004,11.840715,13.642221,14.259244,17.94691,18.403358,21.67588,23.491135,22.639212,21.458696,19.47817,15.463448,12.804679,11.711154,8.057966,9.955005,6.2027383,11.184173,10.683266,13.684574,15.106565,17.133831,21.12848,24.559765,24.563538,22.427696,25.392954,19.494053,21.644495,19.740707,20.56945
7,22.071026,19.19069,15.14439,13.103263,10.660414,7.2264333,6.6331563,0.0,5.1569333,5.9242563,10.188769,10.283885,8.260614,9.256376,6.442271,9.370615,10.965712,12.173644,16.827314,18.330746,22.102716,23.584532,27.869577,27.405699,31.449936,30.346792,31.372587,29.50572,23.836363,24.349756,21.963114,23.44256,23.673515,22.068419,26.100231,25.866196,29.628933,30.61321,27.631468,25.845964,28.78147,28.02832,26.183268,27.395645,31.550266,29.807459,33.022354,34.092438,36.974606,38.980648,37.893612,42.242176,43.151024,42.950676,38.234104,39.442665,34.163414,34.31911,33.872723,34.251465,30.77216,34.502567,32.16718,32.07392,34.21274,30.859886,34.175014,30.88967,33.94874,29.525724,24.924654,25.819998,21.985624,24.738184,21.163048,21.04001,21.04434,19.887835,21.21638,22.803062,19.644955,16.91403,14.295548,13.432098,14.90154,14.084398,16.039974,18.339705,19.963915,23.72189,24.641369,27.980764,29.552994,28.791006,27.182451,25.37053,21.311203,18.505901,18.0103,14.609717,16.471056,11.771978,16.283257,13.657579,16.595287,15.51348,17.826805,21.186522,24.376127,25.500814,24.072506,28.092205,23.011066,25.713154,24.632582,25.795979
8,25.333748,22.041996,18.64858,15.862228,13.00619,10.646088,7.4680667,5.1569333,0.0,4.6769705,6.8261485,9.027396,8.359508,7.6917396,6.561791,6.277958,9.672061,9.458431,14.755255,15.920343,19.291674,21.714914,25.17265,24.2594,28.816133,27.902784,28.295542,25.912596,20.290096,20.078014,17.846918,18.581848,18.943924,17.020954,21.23229,21.177969,24.76699,25.677776,22.538084,20.713863,23.835665,23.243736,21.666796,23.32537,27.398945,26.183397,29.384148,30.862171,33.565563,35.298656,33.870743,38.11544,38.80164,38.3447,33.55889,34.540638,29.236668,29.31686,28.745071,29.173244,25.717781,29.690348,27.574741,27.794178,30.33348,27.329699,30.9081,28.02985,31.367943,27.423166,22.675999,22.810684,18.596853,20.966087,16.600008,16.668865,16.233809,14.876403,16.325254,17.911861,15.082221,12.129997,9.449446,8.279684,10.037742,9.559812,12.304602,15.381919,17.677982,21.576078,23.267235,26.64499,28.595795,28.56598,27.444244,26.010975,21.577349,17.898342,18.49736,13.953569,16.146898,10.694632,15.182913,12.325427,14.433896,13.636816,14.585537,18.51214,21.425676,22.427515,21.217247,24.795204,19.894365,23.260223,22.169518,24.138126
9,27.010235,23.848587,20.047354,18.343744,15.248149,12.912195,10.010308,5.9242563,4.6769705,0.0,5.930648,6.0288687,7.072417,8.423359,8.940869,10.077053,13.937828,14.1258955,19.338972,20.57364,23.90278,26.390932,29.78208,28.722559,33.32504,32.266594,32.37194,29.926867,23.89534,23.446323,20.638395,21.25947,19.775877,17.925318,21.609945,20.8125,24.778336,26.043848,23.549704,22.551477,25.064533,25.539246,23.487614,25.838133,30.395739,29.43934,32.895805,34.55018,37.29812,38.890182,37.300556,41.500904,41.801823,41.278667,36.571415,37.278145,31.927017,31.985117,30.845247,31.027412,27.76372,31.637547,30.058725,30.001875,33.156696,29.789019,33.443554,30.636513,34.39961,30.366795,25.794142,26.35454,21.925377,24.868633,19.91515,20.55446,19.53637,17.49196,18.42382,19.2056,16.114435,14.050532,10.063193,10.652574,12.717121,13.492164,15.672557,19.559011,21.541801,25.529902,26.991493,30.316792,32.510807,32.221794,31.191393,29.415869,25.22012,21.892319,21.59315,17.08646,18.431164,12.565672,16.087858,11.914902,14.03945,11.392433,13.232252,16.19749,19.09898,20.746534,19.861122,24.370264,20.205936,23.409903,23.174187,24.928038
10,31.87747,28.682205,25.029558,22.49539,19.719105,16.856003,14.198365,10.188769,6.8261485,5.930648,0.0,4.397219,6.3846555,5.734186,9.136021,8.481671,13.655331,13.950385,18.463009,20.390059,22.902824,25.956928,28.542812,27.717464,32.87568,32.480656,32.301327,29.210968,24.063631,22.532242,20.59054,19.349075,18.243595,14.709788,18.95454,17.640587,21.017555,22.86244,20.022419,19.39049,22.749294,23.834743,22.665192,25.712133,29.71034,29.533436,32.64272,34.69369,37.059566,38.32384,36.30169,40.230736,40.39467,39.253864,34.33747,34.398556,29.154284,28.598522,27.1749,28.041273,24.957016,29.734373,28.666553,29.4191,32.993,30.426313,34.329994,32.072163,35.849895,32.43121,27.737215,27.180021,22.641504,24.25783,18.573483,18.621082,16.3453,13.61137,13.67761,14.152646,10.604899,9.23295,6.1855607,8.023132,11.776074,12.284283,16.385328,20.13627,23.02635,26.871332,29.11208,32.44554,34.562553,34.929928,33.93336,32.680897,28.158625,24.191162,25.200611,20.362204,22.329136,16.451178,20.046099,16.001226,17.17731,14.409826,14.355661,17.352047,19.423006,21.49134,21.318996,25.396679,21.900702,25.84098,25.628347,28.168232
11,32.206684,29.280691,25.200304,23.360605,20.69052,17.417793,15.633608,10.283885,9.027396,6.0288687,4.397219,0.0,4.6665783,6.730989,10.165769,11.524071,16.200327,17.285736,21.708971,23.931873,26.694824,29.373333,32.374657,31.753424,36.776962,36.274605,36.300896,33.375835,27.987513,26.713272,24.456957,23.57834,21.700092,18.417759,22.227642,20.394701,23.940977,26.05562,23.66209,23.44797,26.441582,27.909773,26.421566,29.54525,33.800964,33.47802,36.71832,38.67345,41.152493,42.492966,40.53847,44.51018,44.617565,43.528164,38.65156,38.66355,33.42292,32.851444,31.235075,32.016476,29.03189,33.677242,32.746788,33.25924,36.92887,34.04392,37.899887,35.46829,39.328938,35.625874,30.979921,30.89943,26.361427,28.388428,22.817337,22.933287,20.726831,17.936352,17.73105,17.841904,14.093724,13.3630905,10.203796,12.339354,15.800419,16.393032,20.041233,23.809704,26.400812,30.317795,32.195183,35.553513,37.604515,37.569977,36.360897,34.827225,30.481102,26.902071,27.2215,22.727352,24.348577,18.440681,21.829504,17.301485,18.849627,15.042103,16.069775,18.145355,20.2356,22.820305,22.784893,27.559433,24.348856,27.942352,28.11965,30.242281
12,29.926456,27.279325,23.056324,20.84752,18.808187,14.660364,14.39718,8.260614,8.359508,7.072417,6.3846555,4.6665783,0.0,3.9297035,6.4771514,9.438196,13.222039,15.426431,19.208332,22.09058,24.961235,27.021622,30.537073,30.539143,35.34837,35.044125,35.734634,33.042313,28.100746,27.266954,25.477121,24.85217,24.432516,21.021353,25.337408,23.93261,27.234467,29.215849,26.275364,25.414751,29.012718,29.597849,28.424234,30.872566,34.76048,34.0097,37.012703,38.63606,41.13704,42.732388,41.045948,45.099987,45.6754,44.67149,39.679237,39.93583,34.728615,34.061844,32.965343,34.104996,30.932653,35.739567,34.287663,34.967907,37.989983,35.261642,38.977745,36.276234,39.659447,35.773575,31.009336,30.884817,26.665348,28.235872,23.425884,22.750757,21.002144,18.759312,18.719093,19.579853,15.593301,14.255998,12.451704,13.398877,16.875408,16.191494,20.33742,23.05449,25.711483,29.477528,31.200783,34.598106,36.15281,35.94815,34.284737,32.889957,28.555763,25.151194,25.740091,21.859447,23.98575,18.58746,22.746693,18.93416,21.029428,18.10345,19.42678,22.060692,24.431568,26.672272,26.263517,30.744936,26.80729,30.282871,29.85621,31.7639
13,30.531767,27.73851,23.865189,20.863396,18.9634,14.880001,14.317714,9.256376,7.6917396,8.423359,5.734186,6.730989,3.9297035,0.0,4.992083,6.2659984,10.500353,12.678534,16.03274,19.190569,21.696484,23.950619,27.138258,27.296062,32.26143,32.27264,32.968872,30.095839,25.727474,24.638653,23.442928,22.272526,22.910038,19.054525,23.75744,22.677738,25.584757,27.477112,24.091625,22.876755,27.016523,27.213106,26.560291,28.863247,32.295555,31.691732,34.427044,36.095184,38.4218,39.95827,38.214252,42.175816,42.896885,41.737873,36.666355,36.867367,31.75075,30.90694,30.053751,31.528526,28.328386,33.419403,31.855677,32.921143,35.752075,33.481876,37.2176,34.692257,37.869648,34.27879,29.444193,28.73366,24.632439,25.441051,20.744864,19.55293,17.660898,15.597835,15.533087,16.82386,12.870349,11.193517,10.70488,11.050042,14.828453,13.455613,18.437565,20.68022,23.759604,27.37297,29.479046,32.863503,34.297832,34.49038,32.864006,31.84034,27.307161,23.521505,24.9937,20.973616,23.594818,18.368095,22.835186,19.516245,21.332245,19.167858,19.644804,22.85537,25.096466,27.047064,26.622126,30.511051,26.398172,30.169647,29.361765,31.62976
14,25.952984,23.294018,19.509718,16.195595,14.752558,10.304969,10.935055,6.442271,6.561791,8.940869,9.136021,10.165769,6.4771514,4.992083,0.0,5.137033,7.0136003,10.003724,13.295521,16.395166,19.458488,20.960495,24.95765,25.341732,29.801691,29.580711,30.889143,28.558828,24.164593,23.982424,22.80147,22.771938,24.394299,21.380838,26.109365,25.711168,28.775894,30.151045,26.555904,24.623257,28.684288,27.825144,27.014267,28.380617,31.711576,30.397303,33.073914,34.275192,36.787292,38.67133,37.37458,41.51743,42.665268,41.939354,36.94845,37.744648,32.62999,32.143837,31.88095,33.149525,29.723675,34.355877,32.11,32.897327,34.952858,32.497833,35.958187,33.02851,35.757458,31.840237,27.027887,26.718863,23.020882,24.052729,20.459244,19.039429,18.37417,17.238337,17.994743,19.955969,16.43961,13.839659,13.348591,12.307399,15.02016,12.786591,17.052574,18.328695,21.014683,24.496525,26.15967,29.535738,30.624376,30.475964,28.549349,27.479383,23.060705,19.622412,20.956848,17.620382,20.499626,16.035208,20.981918,18.576387,20.932695,19.822987,20.884443,24.545837,27.26154,28.658546,27.657476,31.264471,26.355675,29.71307,28.336376,30.160574
15,27.913486,24.864725,21.748873,17.8165,16.025492,12.788197,11.462278,9.370615,6.277958,10.077053,8.481671,11.524071,9.438196,6.2659984,5.137033,0.0,5.346302,6.485706,10.1958275,12.949456,15.554946,17.956045,21.14719,21.154493,26.02984,26.017765,26.86248,24.1403,20.109287,19.395718,18.736433,18.029959,20.568283,17.343039,22.267406,22.332926,25.025389,26.145506,22.230421,19.939878,24.341375,23.180372,22.848804,24.242867,27.20689,26.253736,28.76097,30.216537,32.534275,34.224247,32.719906,36.760727,37.85725,36.965622,31.930185,32.65476,27.581648,27.049732,26.939102,28.33294,24.898905,29.692709,27.445013,28.588646,30.68029,28.698997,32.260773,29.687677,32.43099,29.001472,24.147947,23.063332,19.297928,19.623018,15.756254,14.086111,13.250697,12.344423,13.42411,15.80506,12.832366,9.62653,10.240206,8.247405,11.003684,8.171021,13.468924,14.72918,18.032467,21.449942,23.784863,27.12836,28.450254,28.988888,27.511992,26.842983,22.158674,18.011692,20.413658,16.390726,19.600813,15.118595,19.957317,17.940035,19.618221,19.271513,19.149841,23.309406,25.767351,26.796022,25.85864,28.721554,23.871323,27.618265,25.99957,28.404263
16,25.048613,22.299921,19.63764,14.999832,14.27623,11.03039,11.426304,10.965712,9.672061,13.937828,13.655331,16.200327,13.222039,10.500353,7.0136003,5.346302,0.0,4.7279296,6.3752594,9.876916,12.804908,13.963494,18.132269,18.913868,23.136797,23.235237,25.05589,22.95869,19.719439,19.982977,19.93515,20.094166,24.070349,21.438372,26.300282,26.913742,29.424295,30.159426,26.007893,23.065346,27.547007,25.21213,25.115992,25.35089,27.703121,26.043297,28.140724,28.988028,31.329405,33.385853,32.407253,36.49737,38.21206,37.652737,32.73039,33.98356,29.160477,28.797989,29.454817,30.927532,27.410913,31.833178,28.894753,30.008997,31.024235,29.245285,32.4038,29.534634,31.480734,27.930857,23.18585,22.149462,19.229649,19.011137,17.016706,14.553533,15.173441,15.523708,17.036781,19.94646,17.417723,14.021837,15.213885,12.469878,13.939979,9.990404,14.310843,13.427676,16.434513,19.327969,21.322563,24.573902,25.174673,25.558508,23.588406,23.244047,18.6527,14.797275,17.864634,15.057855,18.809855,15.79207,20.95521,20.1754,22.194176,22.857653,23.07459,27.48601,30.187073,30.777212,29.4272,31.817465,26.352594,29.67517,27.365917,29.369598
17,25.170929,21.97958,19.961971,15.306222,13.889376,12.3278,10.493834,12.173644,9.458431,14.1258955,13.950385,17.285736,15.426431,12.678534,10.003724,6.485706,4.7279296,0.0,5.7407904,6.7093587,10.022534,12.316992,15.849528,15.538681,19.996943,19.712187,20.942623,18.724886,15.034145,15.373277,15.316032,15.915035,20.42522,18.53017,23.123882,24.356321,26.835947,27.050146,22.925991,19.597853,23.757858,20.90164,20.760717,20.677254,23.04672,21.35987,23.592844,24.581936,26.995152,28.9985,27.977835,32.15519,33.76766,33.396534,28.569302,30.101759,25.2231,25.26534,26.08545,27.14252,23.559027,27.553364,24.399431,25.38386,26.313055,24.543905,27.721348,24.959507,27.027367,23.669256,18.891073,17.594389,14.549722,14.499561,12.582421,10.523846,12.007149,12.947461,15.236759,18.272352,16.57278,12.761197,13.685107,10.142289,10.318816,6.096622,9.842499,8.908994,12.232789,15.304791,17.73103,21.004175,22.129734,22.965172,21.660366,21.381441,16.631926,12.160747,15.708821,12.1172285,15.927147,13.112308,17.947422,17.771275,19.30598,20.906448,20.520967,25.23551,27.884706,27.941866,26.42054,28.149033,22.575283,25.921747,23.362402,25.63345
18,27.158344,24.429672,22.879076,17.74905,17.497332,15.669091,15.434822,16.827314,14.755255,19.338972,18.463009,21.708971,19.208332,16.03274,13.295521,10.1958275,6.3752594,5.7407904,0.0,5.1884165,6.863752,7.9615126,11.806938,13.158121,17.282536,18.030958,20.229239,18.22835,16.842682,17.255148,18.66458,18.57818,24.56038,22.24725,26.933819,28.321728,30.14196,30.342989,25.865131,22.213266,26.940042,23.408102,24.20401,23.474157,24.55956,22.83427,24.128052,24.708767,26.687544,28.778666,28.025621,31.913952,34.138084,33.6164,28.827082,30.393585,26.050869,25.721407,27.259764,28.98692,25.576023,29.756475,26.349798,27.926775,27.97526,27.149847,29.967314,27.4347,28.577318,25.745167,21.30268,19.185467,17.297556,15.213529,15.130833,11.540875,13.414278,15.254656,17.185188,20.611544,19.196566,15.702651,18.170078,14.707565,15.058904,10.419123,14.161763,11.005488,14.317511,16.181862,18.755394,21.663263,21.786413,23.038383,21.294296,21.888346,17.402712,13.274097,18.116072,15.900258,19.973694,18.298061,23.026987,23.379858,24.845348,26.625809,26.009651,30.75454,33.240932,33.253544,31.795835,33.05943,27.525518,30.813635,27.873978,30.137022
19,26.028412,23.024323,22.318357,17.317617,16.759686,16.573915,15.069797,18.330746,15.920343,20.57364,20.390059,23.931873,22.09058,19.190569,16.395166,12.949456,9.876916,6.7093587,5.1884165,0.0,4.257155,6.3190713,9.786928,9.532177,13.432183,13.412136,15.421814,13.808877,12.230078,13.553146,15.093899,16.221325,22.753193,21.663078,25.795797,27.884813,29.750256,29.28267,25.004412,20.941103,24.96352,20.538631,21.169243,19.489307,20.365612,18.120611,19.422405,19.777267,21.963654,24.239664,23.780289,27.849491,30.191795,30.18321,25.673265,27.886196,23.625101,23.994076,25.903759,26.964895,23.52485,26.78427,22.868904,24.067856,23.462534,22.610868,25.163115,22.571194,23.446415,20.734587,16.446552,14.184283,12.877519,10.8631735,12.371377,9.469828,13.013848,15.5795765,18.25288,21.625776,20.975893,17.24574,19.004652,15.103503,13.897741,9.786284,11.197598,6.521394,9.573623,11.072902,13.936632,16.770412,17.231386,18.914629,17.843113,18.582747,14.140556,9.683709,15.1323595,12.963452,16.907537,16.316717,20.412844,21.792831,22.90501,25.777313,24.913464,29.809843,32.335438,31.696817,29.919079,30.407398,24.67346,27.606216,24.235998,26.442385
20,29.860344,26.97044,26.467684,21.422302,21.005241,20.69083,19.204117,22.102716,19.291674,23.90278,22.902824,26.694824,24.961235,21.696484,19.458488,15.554946,12.804908,10.022534,6.863752,4.257155,0.0,4.8595037,5.898492,6.299424,10.794942,11.989558,13.936808,11.949338,12.736042,13.357132,16.20005,16.2264,23.747433,22.37801,26.39494,28.680439,29.914137,29.332998,24.885717,20.648382,24.978617,20.1969,21.726273,19.876978,19.589914,17.84647,18.298534,18.705318,20.316465,22.376297,21.834082,25.567331,28.18776,27.894262,23.409384,25.529427,21.743628,21.84658,24.27605,25.783712,22.584906,25.9685,22.072863,23.911684,22.923807,23.093029,25.48008,23.470459,23.894552,22.061478,18.198687,14.854549,14.267547,10.1912,12.714845,8.9096155,12.505946,15.691573,18.162107,21.642048,21.56962,18.153936,20.86712,17.048777,15.942821,11.903986,13.718812,8.929848,11.991894,12.474215,15.822737,18.148104,18.290247,20.708786,19.89118,21.240688,17.171005,13.03175,18.80332,16.815489,20.598982,20.108719,23.89209,25.280514,26.01521,28.912031,27.48208,32.371162,34.593708,33.886955,32.30725,32.280594,26.920593,30.008364,26.584692,29.106781
21,28.257841,25.846872,25.73448,20.594893,21.087008,20.784847,20.539024,23.584532,21.714914,26.390932,25.956928,29.373333,27.021622,23.950619,20.960495,17.956045,13.963494,12.316992,7.9615126,6.3190713,4.8595037,0.0,5.8626695,8.456002,10.513786,11.90076,15.469734,14.758429,16.0713,17.61251,20.187761,20.936247,28.291157,27.026464,31.109816,33.322548,34.694126,34.158115,29.719707,25.495625,29.732658,24.772797,26.093557,23.736107,23.262293,20.892895,20.992395,20.590113,22.178492,24.594748,24.709135,28.305616,31.39938,31.437653,27.268106,29.653996,26.197577,26.344814,28.983343,30.504301,27.350212,30.441683,26.312544,27.888811,26.174177,26.267784,28.194008,25.86581,25.519466,23.477013,19.962593,17.268925,17.4763,13.945371,17.288565,13.73029,17.242935,20.253893,22.57006,26.095974,25.639135,22.187975,24.763788,20.957096,19.987562,15.784106,17.200306,11.781153,13.770059,13.505576,15.901518,17.911022,16.914114,18.996563,17.489048,19.312788,15.718523,12.527701,18.43783,17.883438,21.733295,22.143484,26.094645,27.909714,29.063416,32.079422,31.1948,36.097305,38.557415,37.843784,36.056137,36.16197,30.474098,33.180878,29.508316,31.506575
22,33.564724,30.986532,31.043194,25.983377,26.049715,25.94346,24.841793,27.869577,25.17265,29.78208,28.542812,32.374657,30.537073,27.138258,24.95765,21.14719,18.132269,15.849528,11.806938,9.786928,5.898492,5.8626695,0.0,4.9519663,7.3228407,10.420493,13.054657,11.831356,15.694095,16.36593,20.13813,19.845356,28.0124,26.777527,30.450846,33.00791,33.650528,32.816517,28.386984,24.052433,28.272383,22.958206,25.19711,22.675974,20.885468,19.280266,18.401258,18.226185,19.002762,20.97872,20.909267,24.000616,27.302385,27.036404,23.061344,25.380043,22.64275,22.657526,25.872137,27.660065,24.905073,27.82253,23.81014,26.027296,23.956375,25.259115,27.002878,25.517153,24.859545,24.01498,21.018015,17.106798,17.924274,12.5951,16.78786,13.026142,16.481295,20.0154,22.208654,25.640247,26.072836,23.003466,26.240625,22.518156,21.304243,17.522278,18.867601,13.687364,15.859704,14.893849,18.01974,19.464802,18.734922,21.79923,21.152952,23.33043,20.040218,16.746778,22.737223,21.640615,25.23102,25.520985,28.952805,30.789839,31.333956,34.534946,32.851437,37.72109,39.772713,38.845146,37.281475,36.624924,31.489061,34.367535,30.700586,33.177658
23,33.22536,30.29793,30.5667,25.790953,25.255022,25.897905,23.695406,27.405699,24.2594,28.722559,27.717464,31.753424,30.539143,27.296062,25.341732,21.154493,18.913868,15.538681,13.158121,9.532177,6.299424,8.456002,4.9519663,0.0,5.722177,7.6084805,8.697884,6.933505,11.217777,12.033007,16.012304,16.236496,24.465982,24.08492,27.236593,30.21242,30.908781,29.617943,25.461388,20.989597,24.548998,18.794506,20.942183,17.985405,16.014069,14.352916,13.546716,13.663488,14.667928,16.651894,16.44904,19.92124,23.025772,23.081318,19.150467,21.942526,19.0279,19.70488,22.95308,24.0689,21.29521,23.524145,19.253712,21.248184,19.014967,20.388037,22.127443,20.842588,20.38863,19.870506,17.025787,12.625628,13.755244,8.026857,13.273279,10.459767,14.650048,18.37173,21.00971,24.231375,25.158928,22.008207,24.636147,20.848421,18.805153,15.786941,15.8327465,10.883369,12.749358,11.566949,15.218891,16.581861,16.797832,20.254017,20.47319,22.360783,19.049007,15.4993,21.202068,19.559252,22.740248,23.199472,25.976915,28.119791,28.236504,31.908419,29.906567,34.723766,36.667927,35.356567,33.71269,32.523636,27.55982,30.297398,26.586643,29.219944
24,33.678684,31.110708,32.186283,27.609411,27.609024,28.875824,27.104172,31.449936,28.816133,33.32504,32.87568,36.776962,35.34837,32.26143,29.801691,26.02984,23.136797,19.996943,17.282536,13.432183,10.794942,10.513786,7.3228407,5.722177,0.0,4.2749257,7.510557,8.751643,14.153041,16.128418,19.823391,21.066942,29.117254,29.372166,32.188652,35.404415,36.102028,34.508835,30.57933,26.086971,29.058245,22.873997,24.819548,20.886965,18.17089,15.755961,13.943132,12.591011,13.180579,15.630187,16.70629,19.719856,23.564503,24.398046,21.423527,24.832333,22.759653,23.84154,27.455414,28.212646,25.7115,26.901957,22.329254,23.837706,20.167864,21.898275,22.633322,21.38708,19.485052,19.55852,17.849106,13.967021,16.682072,11.830433,18.161745,15.97735,20.31812,24.036255,26.721584,29.912764,30.857367,27.642057,30.005014,26.136581,23.763603,20.889708,19.933561,14.481211,14.871515,12.212132,14.816977,15.075823,14.231193,18.11953,18.658054,21.224823,18.973434,16.65733,22.151749,21.83419,24.66546,26.398018,28.761604,31.69883,31.88674,36.100536,34.354702,39.15179,41.2138,39.55704,37.644936,36.008034,30.930723,33.03187,28.961521,31.057579
25,31.073944,28.416521,29.869112,25.658195,25.494907,27.489996,25.340918,30.346792,27.902784,32.266594,32.480656,36.274605,35.044125,32.27264,29.580711,26.017765,23.235237,19.712187,18.030958,13.412136,11.989558,11.90076,10.420493,7.6084805,4.2749257,0.0,5.2842045,8.105718,11.998594,15.060433,17.992203,20.514074,27.983753,29.010706,31.543434,34.916985,36.0099,34.188663,30.537983,26.061321,28.38611,22.061481,23.30348,18.83149,16.642267,13.33132,12.009178,10.071796,11.556358,14.522323,16.019394,19.495007,23.120358,24.589205,21.828354,25.64902,23.26109,24.899801,28.240538,28.316944,25.686287,26.19165,21.348612,22.075989,18.044786,19.086784,19.541054,17.875904,15.7277975,15.509826,14.121988,10.815074,14.212639,10.777166,17.471657,16.255861,20.967798,24.517149,27.507784,30.58037,31.449568,28.037697,29.622887,25.711061,22.805979,20.413872,18.203505,12.838878,12.114203,8.794934,10.995337,10.93344,10.517889,14.600296,15.783067,18.131695,16.177607,14.25585,19.207575,19.179754,21.566166,23.985912,25.845884,29.293568,29.448322,34.09355,32.58152,37.307384,39.51113,37.57195,35.40792,33.614677,28.366083,30.016844,25.77927,27.535511
26,33.863384,30.850115,32.139336,28.173828,27.302725,29.506357,26.332195,31.372587,28.295542,32.37194,32.301327,36.300896,35.734634,32.968872,30.889143,26.86248,25.05589,20.942623,20.229239,15.421814,13.936808,15.469734,13.054657,8.697884,7.510557,5.2842045,0.0,4.4924355,9.465688,11.991123,15.199183,17.60013,24.873402,26.543926,28.37935,32.081192,32.89969,30.671242,27.402578,23.036047,24.620241,18.101,19.539852,14.759426,11.732423,8.768018,6.7771287,5.2856946,6.881945,9.716213,10.940477,14.723794,18.05914,19.734901,17.213373,21.333345,19.158289,21.31562,24.642365,24.171206,21.814713,21.510412,16.643185,17.331532,12.971894,14.782386,15.191799,14.364575,12.580568,13.579079,12.652565,8.27974,12.077072,8.4394245,15.283424,15.134662,19.660543,23.156372,26.206291,28.919142,30.397795,27.239378,28.587536,24.891964,21.543009,20.065073,17.188883,13.047669,12.387999,9.463969,12.342204,12.193191,13.422093,17.539303,19.48443,21.276136,19.159716,16.755873,21.150816,20.059269,21.945454,23.933256,25.05087,28.404568,27.921608,32.739414,30.630896,35.156723,37.017372,34.779415,32.75458,30.262646,25.61891,27.282436,23.217892,25.431408
27,34.99679,31.751343,32.389606,28.210228,26.96607,28.581198,25.081524,29.50572,25.912596,29.926867,29.210968,33.375835,33.042313,30.095839,28.558828,24.1403,22.95869,18.724886,18.22835,13.808877,11.949338,14.758429,11.831356,6.933505,8.751643,8.105718,4.4924355,0.0,7.5580993,8.450955,12.575371,13.69077,21.467798,22.628393,24.603144,28.225536,28.813059,26.730488,23.263605,18.856058,20.905388,14.484559,16.54191,12.580498,9.544219,7.965313,6.6829886,7.6334496,8.793098,10.559001,10.132432,14.164903,16.930437,17.68738,14.243932,17.920732,15.220816,17.12632,20.387497,20.255598,17.773075,18.304987,13.619684,15.169954,12.183039,14.225811,15.693254,15.183647,14.888284,15.547072,13.587393,8.401945,10.576393,5.135193,11.618621,11.293831,15.543436,19.079592,22.029408,24.675993,26.380209,23.417263,25.110971,21.545925,18.42367,17.019146,14.956539,11.478448,12.1647,10.559331,14.340398,15.100975,16.727722,20.544054,22.050821,23.530973,20.638784,17.318449,21.986706,19.812002,22.016447,22.82837,24.27301,26.876274,26.214186,30.554453,28.024317,32.56869,34.218555,32.24823,30.53592,28.252167,23.867275,26.21177,22.50687,25.356993
28,30.285912,26.687082,26.982979,23.344753,21.338402,23.441555,18.995533,23.836363,20.290096,23.89534,24.063631,27.987513,28.100746,25.727474,24.164593,20.109287,19.719439,15.034145,16.842682,12.230078,12.736042,16.0713,15.694095,11.217777,14.153041,11.998594,9.465688,7.5580993,0.0,4.8169346,6.0323706,10.1590605,16.34038,18.411646,20.377346,23.876524,25.53265,23.54084,20.386585,16.221094,17.599602,11.783664,11.777042,7.969094,9.077467,6.3510494,9.187781,10.707242,13.428391,15.224568,14.421374,18.911642,20.33995,21.271183,17.530931,20.745998,16.630833,18.819439,20.702694,19.695185,16.566744,17.152443,12.553443,12.559955,11.577253,10.453233,13.193988,11.278326,13.242398,11.802316,8.229933,3.9830935,3.0356505,3.8337064,7.454317,9.522315,13.722348,16.375746,19.727884,22.09087,23.25185,19.988676,20.13071,16.629482,12.720799,12.440648,8.257329,6.7421184,6.9185863,7.5529537,11.279998,13.148997,16.187582,18.905056,20.43824,20.752848,17.363903,13.6502285,17.041082,13.699924,15.416451,15.779207,16.824286,19.449308,18.745272,23.36111,21.172155,25.739626,27.72023,25.66503,23.646393,21.894308,16.830456,19.222603,15.5115385,18.463125
29,33.949146,30.260578,29.963692,26.195625,23.91001,25.228107,20.547606,24.349756,20.078014,23.446323,22.532242,26.713272,27.266954,24.638653,23.982424,19.395718,19.982977,15.373277,17.255148,13.553146,13.357132,17.61251,16.36593,12.033007,16.128418,15.060433,11.991123,8.450955,4.8169346,0.0,4.9896774,5.7620096,13.119685,14.632923,16.5411,20.126793,21.278715,19.300165,15.940463,11.653257,13.50129,7.6493216,8.922248,6.9445376,7.8521276,7.9472914,10.336473,13.024908,14.918875,15.842317,13.891738,18.074516,18.855234,18.846327,14.488994,16.979322,12.371606,14.332215,15.952933,15.185904,11.934857,13.518307,9.412304,10.748173,11.621882,11.500851,14.878653,14.080789,16.672039,15.984089,12.654456,8.516527,6.2910504,4.4254274,4.0880775,7.0493464,10.260726,12.846892,16.04114,18.151451,19.916573,17.085882,17.757023,14.603253,11.036579,11.300366,8.86233,9.145135,10.961292,12.141807,16.020512,17.933966,20.796072,23.605501,24.897697,25.234745,21.53225,17.379827,20.928238,16.838457,18.698324,17.597422,18.803457,20.254654,19.111135,22.935946,19.915817,24.369925,25.870312,24.093761,22.63069,20.849815,16.662624,19.890942,16.957134,20.627787
30,31.743269,27.900295,27.453573,24.31301,21.49319,23.270908,17.886213,21.963114,17.846918,20.638395,20.59054,24.456957,25.477121,23.442928,22.80147,18.736433,19.93515,15.316032,18.66458,15.093899,16.20005,20.187761,20.13813,16.012304,19.823391,17.992203,15.199183,12.575371,6.0323706,4.9896774,0.0,6.5442348,10.513156,13.382296,14.88114,18.35766,20.443121,18.461514,15.750542,12.157659,12.736074,8.28454,6.690725,5.5867867,9.885547,9.330236,13.018735,15.4577,17.911438,18.957384,17.236576,21.46528,21.65768,22.031422,18.065994,20.367025,15.549248,17.674665,18.27454,16.680918,13.379232,14.339951,10.839781,10.417282,12.567449,10.199288,14.075824,12.566006,16.397284,14.691172,11.033059,8.913556,4.7823915,8.2020855,5.417682,9.825625,12.232449,13.6554365,16.88935,18.529032,19.825588,16.939354,15.991856,13.1669445,8.8673,10.768205,6.2876086,9.37989,10.355389,12.589525,15.711392,17.894884,21.367641,23.460114,24.856544,24.479137,20.809786,16.868052,19.077751,14.380902,15.462919,13.915203,14.357415,15.743641,14.314802,18.509357,15.666804,20.081175,21.833303,19.818056,18.038681,16.527893,11.808088,15.106455,12.348523,16.16902
31,36.588554,32.791264,31.730522,28.135387,25.408043,25.94842,20.965382,23.44256,18.581848,21.25947,19.349075,23.57834,24.85217,22.272526,22.771938,18.029959,20.094166,15.915035,18.57818,16.221325,16.2264,20.936247,19.845356,16.236496,21.066942,20.514074,17.60013,13.69077,10.1590605,5.7620096,6.5442348,0.0,8.50588,9.061786,11.127367,14.554091,15.59982,13.934014,10.307403,6.086068,8.827008,5.219616,6.8711443,9.002697,11.170663,12.867082,15.326433,18.422497,19.97546,20.310982,17.629992,21.260204,21.062937,20.071295,15.3688755,16.339376,11.027859,12.200601,12.31594,11.749012,8.127855,11.768136,9.631277,11.599787,15.008384,14.610073,18.481663,18.082571,21.547958,20.699322,17.184772,13.881506,10.452421,9.750794,3.977957,7.589918,7.679197,8.870935,11.714138,13.118888,15.3656,13.190505,13.755468,11.475526,8.667859,10.345665,9.905214,12.586225,15.16085,17.239285,20.96974,23.198727,26.145388,28.622946,29.607042,29.603256,25.555725,21.104292,24.20472,19.29243,21.049427,18.284506,19.559534,19.463963,17.948349,20.522285,16.756704,20.920433,21.929955,20.697304,19.925255,18.748806,15.591811,19.688492,17.907679,22.0477
32,38.56929,34.656757,33.110203,30.563435,27.107557,27.747917,22.04995,23.673515,18.943924,19.775877,18.243595,21.700092,24.432516,22.910038,24.394299,20.568283,24.070349,20.42522,24.56038,22.753193,23.747433,28.291157,28.0124,24.465982,29.117254,27.983753,24.873402,21.467798,16.34038,13.119685,10.513156,8.50588,0.0,6.107984,4.8911977,8.374451,10.968144,9.192421,8.087641,7.70652,5.894323,8.820714,6.5820117,12.015414,16.283949,18.195839,21.463646,24.637833,26.419735,26.473259,23.687366,26.991503,25.582987,24.671124,20.775866,20.932083,16.033566,17.222452,15.19055,13.108379,10.573413,12.880018,13.208018,13.338384,18.857655,16.87261,20.896317,20.612974,25.319529,24.048264,20.855001,19.31843,15.220007,17.367132,11.310546,15.241188,13.907616,12.625592,14.3295145,13.782146,15.754924,14.736083,12.494698,12.423347,10.257111,14.426832,13.333603,18.390503,20.209208,22.972036,25.935379,28.239826,31.791752,33.58561,34.722878,33.933815,30.016731,25.899157,27.344664,21.870111,22.433014,18.506632,18.37624,16.712034,14.183559,15.461045,10.714439,13.719603,13.972478,12.727028,12.712414,12.096593,11.091231,15.592282,15.845187,20.093191
33,39.569748,35.7733,33.636253,30.615572,27.408081,26.865002,21.893745,22.068419,17.020954,17.925318,14.709788,18.417759,21.021353,19.054525,21.380838,17.343039,21.438372,18.53017,22.24725,21.663078,22.37801,27.026464,26.777527,24.08492,29.372166,29.010706,26.543926,22.628393,18.411646,14.632923,13.382296,9.061786,6.107984,0.0,5.1447296,6.3026385,8.522631,8.8508835,5.6464806,5.8502593,8.397285,11.46781,11.316171,16.17289,19.482395,21.436314,24.223276,27.367344,28.955965,29.08766,26.134066,29.344109,28.337376,26.663998,22.151365,21.497873,16.460184,16.29024,13.889512,13.7786255,11.133438,15.953065,16.394018,17.850843,22.850918,21.594484,25.672407,25.180754,29.433159,27.955946,24.170704,22.018187,17.743929,18.371174,11.560866,13.847647,10.745737,8.167851,8.862638,7.772309,9.8690405,9.589726,8.579703,9.331599,9.397849,12.629262,14.402375,18.924946,21.775396,24.759628,28.085306,30.722788,33.753975,35.588253,36.107323,35.524086,31.18324,26.668936,28.80992,23.26306,24.68937,19.99151,21.303108,18.811792,17.162182,16.970121,12.643566,15.736564,15.946335,16.258024,16.79448,17.648458,16.23879,20.921202,20.929276,25.012323
34,42.70973,38.83274,36.947983,34.304237,30.883337,30.898401,25.506247,26.100231,21.23229,21.609945,18.95454,22.227642,25.337408,23.75744,26.109365,22.267406,26.300282,23.123882,26.933819,25.795797,26.39494,31.109816,30.450846,27.236593,32.188652,31.543434,28.37935,24.603144,20.377346,16.5411,14.88114,11.127367,4.8911977,5.1447296,0.0,4.2975063,6.099753,4.820675,4.7711096,7.2240205,5.5994735,11.159152,10.469107,16.064764,19.454756,22.057743,24.885025,28.2712,29.676285,29.37674,26.218473,29.04701,27.266685,25.62237,21.74864,20.82455,16.29419,16.656496,13.560217,12.01793,10.33556,13.715992,15.4457,16.417545,22.238245,21.009651,24.936747,25.092413,29.67981,28.73354,25.560255,23.610138,19.62445,20.772331,14.457927,17.587662,15.021348,12.978695,13.547785,11.872344,14.45614,14.681557,13.079581,14.088444,13.309626,17.083117,17.427805,22.223228,24.501928,27.231726,30.420378,32.757496,36.159008,38.092052,39.073204,38.396484,34.319843,30.014874,31.74426,26.196102,26.987879,22.633924,22.818277,20.472553,18.056608,18.011518,13.1263,15.075477,14.312671,14.040761,15.126362,14.947372,15.39126,19.768555,20.51625,24.715761
