,0,1,2,3,4,5,6,7,8,9,10,11,12,13,14,15,16,17,18,19,20,21,22,23,24,25,26,27,28,29,30,31,32,33,34,35,36,37,38,39,40,41,42,43,44,45,46,47,48,49,50,51,52,53,54,55,56,57,58,59,60,61,62,63,64,65,66,67,68,69,70,71,72,73,74,75,76,77,78,79,80,81,82,83,84,85,86,87,88,89,90,91,92,93,94,95,96,97,98,99,100,101,102,103,104,105,106,107,108,109
0,0.0,4.2648644,6.4342866,9.637494,12.281192,14.268855,17.408054,20.972921,23.642048,26.127432,29.954426,31.13293,32.680412,29.807463,30.3777,27.707783,26.359413,26.697708,23.811134,27.214495,24.968756,27.261955,25.0472,25.42754,28.371157,27.777882,30.171188,30.953201,31.409893,34.283337,32.450787,38.91782,36.471565,40.124763,36.63714,32.567673,33.1945,35.49288,31.35648,28.59295,30.60464,30.40272,26.708982,24.8357,28.079046,25.60256,19.554688,21.828342,23.334713,27.265457,28.700106,21.855497,27.718567,30.97393,29.512981,30.334555,29.24761,32.668667,34.891434,33.79508,33.681915,37.537243,41.63494,42.31246,39.725887,39.435593,43.57985,44.49575,39.1772,39.38706,43.220146,43.104614,37.797287,39.134674,35.248234,35.18304,31.536491,28.258684,25.597696,22.462658,19.24198,15.110616,17.070873,21.07084,24.734343,24.502623,30.116585,32.70547,36.45895,39.729965,42.078243,41.82138,46.771503,47.171204,46.322308,42.55131,42.295837,45.725304,46.614502,43.2807,39.44486,43.299793,45.269016,42.63451,40.5125,40.998806,37.86871,36.429237,36.910564,34.277588
1,4.2648644,0.0,5.1060247,6.6003866,9.058229,12.374117,14.219338,18.570446,20.905508,23.409273,27.163876,28.191853,29.37438,26.391691,26.486181,24.025505,22.372292,22.862886,19.641426,23.278778,21.084839,23.350395,21.567455,21.502274,24.33761,23.614985,26.19273,26.902618,27.6096,30.378803,29.008776,35.44485,33.37863,37.194897,33.723167,29.607891,30.661356,33.119534,28.767817,25.932844,28.565794,28.320333,24.281303,22.863638,26.574385,23.905134,17.694983,20.728878,22.753166,26.663767,27.521349,20.947296,27.176926,30.10646,28.191622,28.491446,27.087282,30.288471,33.067425,32.132244,31.207596,35.24957,39.315292,40.24139,37.410583,36.720844,40.85752,41.494198,36.091457,36.62219,40.196423,39.807316,34.525913,36.033455,32.28536,32.36974,28.749424,25.622015,22.897427,20.023611,16.421919,12.384795,13.763332,17.781315,21.613922,21.137365,26.826763,29.317932,32.940586,36.2566,38.50743,38.1145,43.12139,43.32304,42.544876,38.98807,38.515156,41.936848,43.111496,39.908867,35.888016,39.644306,41.5314,38.733418,36.6801,36.942142,34.02158,32.41875,33.063164,30.338057
2,6.4342866,5.1060247,0.0,5.441437,6.6966624,8.436871,11.631353,14.77368,17.868431,19.917318,23.89325,24.89798,26.663748,23.825562,25.113098,22.60613,21.749147,22.692533,20.349813,24.517788,23.19909,25.768,24.840271,23.392885,25.958971,24.677757,26.702671,26.758284,26.926874,29.404789,27.495184,33.508728,30.662653,34.572475,31.53813,27.241497,27.713985,30.579214,26.702003,23.548595,25.660353,26.479853,22.56886,20.19509,24.020023,22.6894,15.97047,18.011847,20.739037,24.20813,25.880865,20.111792,26.322596,28.9962,27.852453,28.670004,26.610432,30.311382,32.98091,31.081017,30.27819,34.80785,38.675808,39.12382,35.941452,35.55675,40.142395,40.836113,35.570705,36.601753,40.269127,39.742386,34.678097,36.863064,32.761368,33.587322,30.001253,26.304684,24.54806,20.78122,17.53499,13.848265,13.971784,18.08731,21.411682,22.143604,27.066832,30.459219,33.772858,37.39782,39.28777,38.45585,43.301907,43.457108,42.14414,38.604145,37.943573,41.072826,42.157455,38.903976,34.754753,38.287045,40.106754,37.679283,35.72844,36.71153,33.93992,32.818714,33.862827,31.636946
3,9.637494,6.6003866,5.441437,0.0,3.7736409,6.756928,8.2334795,12.642523,14.453424,17.3884,20.90222,22.296894,23.516275,20.821436,21.31324,18.182186,17.280994,17.620779,15.795968,19.44855,18.430649,21.28278,20.651844,18.551975,21.168636,20.061596,21.655256,22.062819,22.06009,24.96548,22.837679,29.299032,27.031057,30.678444,27.200375,23.079847,24.075548,26.559513,22.270102,19.34937,22.071394,22.118437,17.964474,16.462368,20.49066,18.348898,11.779636,15.060164,17.846596,21.442656,22.114285,16.4667,22.91018,25.28796,23.555498,23.878614,21.706768,25.18464,28.205627,26.655535,25.323202,29.805197,33.704292,34.435432,31.275484,30.614601,35.036797,35.657745,30.331755,31.312305,34.906017,34.393654,29.280836,31.43188,27.363274,28.25078,24.692524,21.030622,19.396532,15.6671715,12.321149,8.94764,8.530683,12.647311,16.048721,16.7346,21.64661,25.050005,28.365757,31.998032,33.89882,33.161278,38.0067,38.315792,37.111176,33.411552,32.991066,36.301445,37.191376,33.901157,29.92017,33.723625,35.733906,33.27596,31.091228,32.04005,28.853237,27.83197,28.64012,26.572361
4,12.281192,9.058229,6.6966624,3.7736409,0.0,5.5073547,5.225985,9.88627,12.174819,14.412305,18.174772,19.144571,20.4243,17.561356,18.503252,15.9397745,15.173666,16.3984,14.539351,19.047558,18.599972,21.343452,21.645308,18.542141,20.700745,18.981918,20.622515,20.296999,20.377565,22.721909,21.036713,26.975344,24.505209,28.57703,25.6013,21.226606,22.259262,25.385406,21.317545,18.007269,21.031977,22.016699,17.669682,15.906512,20.455511,19.284681,12.574641,15.547563,19.174267,22.26849,23.060286,18.419743,24.79992,26.729586,25.173779,25.349297,22.555857,26.016932,29.42358,27.455347,25.41194,30.338224,34.01348,34.663296,31.037231,30.154541,34.84316,35.163692,29.883512,31.573801,34.874306,33.93338,29.059502,31.790758,27.767345,29.1976,25.778975,22.1116,20.962435,17.280369,13.986626,11.346512,9.293291,13.0814085,16.138367,17.280783,21.61358,25.337587,28.22839,32.03086,33.577267,32.37749,37.17164,37.12368,35.66372,32.351448,31.41325,34.45076,35.763374,32.64858,28.266806,31.667072,33.43758,30.984507,29.065409,30.15852,27.562027,26.5737,27.95205,26.020622
5,14.268855,12.374117,8.436871,6.756928,5.5073547,0.0,6.0853405,7.0414653,9.972019,12.380134,16.073824,17.688147,19.847685,17.631672,20.05914,16.737946,17.408747,18.244595,18.196606,22.085283,22.370932,25.431818,25.82268,22.190367,24.267893,22.531464,23.059204,22.53105,21.530502,23.962755,20.790693,26.478329,22.988485,26.614458,23.79732,19.500149,19.474178,22.528872,19.107126,15.746276,17.500656,19.349234,15.596964,12.434772,16.638454,16.93693,10.125224,11.346801,15.431606,18.032606,19.852774,16.086416,22.048616,23.814857,23.310465,24.367828,21.25535,25.333096,28.072498,25.076027,23.934679,29.034563,32.51476,32.500484,28.850412,28.69358,33.70869,34.428093,29.45973,31.15279,34.80403,34.135895,29.511873,32.587543,28.133108,30.088022,26.759958,22.471941,22.415794,17.74786,15.457764,13.310506,11.214808,14.514105,16.555595,19.136713,22.40824,27.000114,29.715149,33.655407,34.97923,33.64979,38.109173,38.416084,36.432846,32.765087,32.169113,34.990288,35.60152,32.259872,28.255165,31.70562,33.6494,31.872887,29.819307,31.923954,28.91892,28.743788,30.027327,28.831997
6,17.408054,14.219338,11.631353,8.2334795,5.225985,6.0853405,0.0,5.9383664,7.313995,9.543201,13.08124,14.1469965,15.333109,12.680801,14.181774,11.345655,11.558471,13.167067,12.864947,17.367645,18.186523,21.045748,22.507128,17.821232,19.370499,17.159243,17.848671,16.827345,16.299803,18.357033,16.330011,21.924358,19.287857,23.471584,20.783455,16.288374,17.450249,20.96987,17.117603,13.5563345,17.01965,18.745497,14.332011,12.6634865,17.638807,17.461447,11.305754,14.063938,18.406366,20.74972,21.210125,18.215576,24.21905,25.382948,23.998446,23.978859,20.41551,23.814589,27.557335,25.085424,22.221933,27.578157,30.908907,31.42896,27.34771,26.281033,31.223627,31.313658,26.202389,28.625906,31.657969,30.379768,25.884058,29.33535,25.27093,27.517765,24.384357,20.60073,20.54708,16.747286,14.109803,12.907013,9.104967,11.700197,13.694043,15.935467,18.921602,23.310904,25.59965,29.600105,30.658905,28.978752,33.54303,33.380424,31.499603,28.348845,27.167908,29.94613,31.275663,28.238806,23.694958,26.876553,28.610758,26.435074,24.563278,26.263037,23.825203,23.35099,25.125196,23.850819
7,20.972921,18.570446,14.77368,12.642523,9.88627,7.0414653,5.9383664,0.0,4.8065705,5.417936,9.367845,10.744548,13.342738,11.553842,15.516563,12.756284,14.718568,16.436684,17.70597,21.8164,23.37429,26.291286,28.077873,22.874949,24.080751,21.653696,21.375507,19.68668,18.14124,19.590311,16.41594,20.814825,16.669939,20.755722,18.945953,14.411348,14.167778,18.358124,15.739667,11.885785,13.945597,17.691284,14.111093,10.811986,15.526446,17.778627,12.235335,12.699276,17.688456,18.9191,20.435349,19.165142,24.409565,25.06325,24.849482,25.559734,21.468853,25.286013,28.505833,24.811247,22.412563,28.088108,30.950897,30.704771,26.293943,25.841883,31.22514,31.478926,26.883831,29.785603,32.867188,31.568987,27.65167,31.723928,27.411686,30.397493,27.516373,23.332094,24.415203,20.002447,18.288614,17.508255,13.778615,15.685034,16.411097,19.957973,21.494305,26.657497,28.436453,32.544373,33.12751,31.03344,35.099724,35.01121,32.42437,29.323841,28.088291,30.297836,31.22715,28.181599,23.821154,26.548035,28.188257,26.841738,25.150463,28.005713,25.755976,26.139587,28.160809,27.690752
8,23.642048,20.905508,17.868431,14.453424,12.174819,9.972019,7.313995,4.8065705,0.0,4.7780323,6.7530603,9.318785,11.013945,9.95896,13.146104,9.236484,12.16262,13.10719,15.967478,19.087208,21.37832,24.377888,26.586943,20.735569,21.65866,19.388483,18.090557,16.515682,14.20626,16.052832,11.887874,16.77753,13.068324,16.75124,14.367003,9.837487,10.228909,14.165159,11.1813,7.2870226,10.418322,13.778542,10.124191,7.9054847,12.790765,14.891648,10.678916,11.729987,16.507711,17.382053,17.770082,17.61525,22.407217,22.463516,21.935205,22.219606,17.796196,21.318356,24.79704,21.180027,18.037432,23.81109,26.505981,26.403929,21.84588,21.137138,26.516857,26.688383,22.152126,25.278841,28.223618,26.886253,23.149572,27.459913,23.184063,26.558756,23.94779,19.86042,21.666092,17.483454,16.443336,16.775675,12.546196,13.195945,12.885711,17.030512,17.463577,22.904943,24.347197,28.4589,28.841984,26.691555,30.58834,30.708712,28.023628,24.708708,23.751856,26.055138,26.599607,23.454268,19.293114,22.336931,24.271374,23.121912,21.115335,24.34773,21.607187,22.476053,24.31491,24.394041
9,26.127432,23.409273,19.917318,17.3884,14.412305,12.380134,9.543201,5.417936,4.7780323,0.0,4.35581,5.3829856,8.289543,7.3399467,12.581927,10.620871,13.626198,15.809359,18.124329,21.955833,24.397926,27.081987,29.796486,23.690582,24.173738,21.399715,20.403679,17.878626,15.910389,16.358173,13.399811,16.291103,11.725449,16.283348,15.498757,11.011312,10.8824835,15.909645,14.124868,10.357675,12.795908,17.502645,14.369603,11.90784,16.32568,19.427858,15.308515,15.635376,20.584145,20.97362,21.87987,22.200712,26.809292,26.678057,26.481224,26.775066,22.213478,25.53321,29.079939,25.184204,21.740822,27.583517,29.875223,29.57063,24.687723,23.859388,29.319756,29.117014,24.950129,28.756172,31.236227,29.425865,26.21173,30.927576,26.920197,30.56532,28.132975,24.27311,26.069672,22.138462,20.88264,20.990616,16.646246,17.42869,17.15083,21.03017,21.14331,26.43287,27.391947,31.486454,31.46279,28.808184,32.457836,32.04171,29.021982,26.49018,24.729837,26.376055,27.59149,24.892683,20.3157,22.320412,23.675714,22.72584,21.375008,24.819761,23.260576,24.12127,26.649902,26.805473
10,29.954426,27.163876,23.89325,20.90222,18.174772,16.073824,13.08124,9.367845,6.7530603,4.35581,0.0,3.847595,6.2074404,7.280381,12.359989,10.3182535,14.230578,15.911992,19.483397,22.433878,25.527952,28.147043,31.277779,24.697742,24.780153,22.088223,20.143984,17.430967,14.703501,14.773779,11.069965,12.741352,7.5625324,11.993264,11.842885,7.744101,7.435991,12.777846,11.916295,8.743342,10.98858,16.104755,13.740422,12.071236,15.750242,19.433056,16.771746,16.826853,21.451387,21.147896,21.496426,23.198944,27.05621,26.266275,26.20545,26.318174,21.526222,24.460186,27.977915,23.882898,19.946377,25.729464,27.504974,27.04281,21.93558,21.022837,26.482428,26.111393,22.44135,26.73053,28.862968,26.88908,24.313034,29.40765,25.582088,29.723322,27.710768,24.053999,26.597582,22.932394,22.33217,23.178928,18.704586,18.565092,17.313742,21.580193,20.360653,25.78567,26.134157,30.133417,29.668541,26.745272,29.907145,29.553707,26.147911,23.756073,22.019258,23.276676,24.16102,21.588371,17.270294,18.950867,20.34874,20.046371,18.705065,22.916817,21.38026,22.935944,25.479605,26.357565
11,31.13293,28.191853,24.89798,22.296894,19.144571,17.688147,14.1469965,10.744548,9.318785,5.3829856,3.847595,0.0,4.141913,5.168373,11.332379,11.1848,14.526504,17.172672,19.905748,23.481258,26.51274,28.82466,32.30925,25.661829,25.441664,22.394098,20.990831,17.660246,15.661107,14.6283245,12.800142,13.088738,8.318822,13.540669,14.4277935,10.629344,10.821761,16.177418,15.438158,12.34239,14.809601,19.840378,17.263453,15.709003,19.563467,23.019258,19.886806,20.210485,24.978949,24.839617,25.282091,26.588823,30.728722,30.04943,29.807686,29.698996,24.938318,27.657227,31.454422,27.588108,23.28337,29.030266,30.719555,30.427683,25.241278,23.969362,29.272024,28.50739,24.915485,29.546019,31.278757,28.899218,26.515438,31.70509,28.179356,32.268932,30.286278,26.894857,29.07336,25.718262,24.696999,25.312635,20.700003,20.77449,19.901968,23.65649,22.686317,27.743633,27.877352,31.824903,31.186172,27.973415,31.11681,30.203701,26.80314,25.172924,22.675186,23.526005,25.315908,23.213774,18.430262,19.237568,20.016832,19.493464,18.794806,22.658451,22.23243,23.418959,26.507492,27.165447
12,32.680412,29.37438,26.663748,23.516275,20.4243,19.847685,15.333109,13.342738,11.013945,8.289543,6.2074404,4.141913,0.0,3.5864546,8.201875,9.148852,12.369409,15.140396,18.100199,21.26785,24.65187,26.668823,30.65106,23.713116,23.013603,19.908342,18.254519,14.558966,12.752454,10.901302,10.43494,9.893609,6.856183,12.418898,13.308987,9.939072,11.626507,16.452646,15.363634,12.76142,16.219917,20.260803,17.572338,17.237991,21.08888,23.685902,21.079718,22.206772,26.734093,26.762121,26.350437,27.689724,31.797287,30.93713,30.106413,29.371159,24.661173,26.75468,30.993052,27.736763,22.547237,28.102598,29.642948,29.81711,24.606104,22.6377,27.609856,26.36785,22.82414,27.818872,29.01351,26.236856,24.12748,29.414043,26.338194,30.478004,28.764751,25.898281,28.052658,25.392017,24.416662,25.490221,20.720913,20.180483,19.066618,22.360851,20.897644,25.510777,25.19676,29.00948,28.124413,24.687521,27.76624,26.518318,23.190224,22.053638,19.075144,19.820118,22.22333,20.454077,15.297275,15.724089,16.320099,15.468557,14.960338,18.67369,18.806854,19.95281,23.33057,24.152493
13,29.807463,26.391691,23.825562,20.821436,17.561356,17.631672,12.680801,11.553842,9.95896,7.3399467,7.280381,5.168373,3.5864546,0.0,6.4919605,7.9716864,10.305399,13.795388,15.647484,19.614601,22.55288,24.539572,28.36812,21.68337,21.180801,17.907139,17.116966,13.448753,12.484016,11.011009,11.3843155,12.524073,10.1252,15.609762,15.63179,11.701446,13.628103,18.454931,16.497396,13.414987,17.367641,21.004442,17.655964,17.156858,21.556381,23.49096,20.008497,21.646425,26.304918,26.88889,26.60058,26.919073,31.598282,31.186083,30.053253,29.262218,24.71887,26.97628,31.394915,28.445995,23.380224,29.005991,30.986809,31.40842,26.331196,24.29533,29.259844,28.102806,24.056889,28.69458,30.117474,27.428972,24.730846,29.704315,26.548496,30.27643,28.254568,25.354214,26.868425,24.227102,22.715166,23.375826,18.624668,18.575075,18.182241,21.006311,20.568254,24.97623,25.129675,29.02242,28.518467,25.31564,28.89212,27.56222,24.68434,23.403296,20.41449,21.642883,24.358036,22.446945,17.039082,17.952162,18.594147,16.9537,16.34918,19.127264,19.230824,19.637901,23.065098,23.204748
14,30.3777,26.486181,25.113098,21.31324,18.503252,20.05914,14.181774,15.516563,13.146104,12.581927,12.359989,11.332379,8.201875,6.4919605,0.0,5.7267694,5.8526177,9.728144,11.131867,14.534457,17.743946,19.22085,23.687105,16.78359,15.612478,12.248255,11.620252,7.4941754,8.102281,6.063654,9.867053,11.96519,12.817599,17.499704,16.469984,13.244483,16.714828,20.38086,17.44084,15.105193,20.151138,21.869467,18.199705,19.37774,23.738022,23.881203,20.972967,23.937634,28.044165,29.163528,27.704962,27.442583,32.208588,31.831263,29.647152,27.896423,23.782303,25.098099,30.134417,28.45049,22.481703,27.582602,29.678478,30.975872,26.224764,23.283195,27.522406,25.872263,21.551573,26.105446,26.948278,23.926998,21.100603,25.714268,23.262854,26.57531,24.787367,22.81159,23.776533,22.407475,20.768549,21.98695,17.345655,16.465452,16.174505,17.643536,17.214869,20.503424,20.393173,24.061747,23.610544,20.470945,24.430384,22.730198,20.605125,19.702047,16.358286,18.177185,21.6918,20.075165,14.381419,15.592014,16.286543,13.311115,12.543603,13.733731,14.243487,13.754948,17.504719,17.284925
15,27.707783,24.025505,22.60613,18.182186,15.9397745,16.737946,11.345655,12.756284,9.236484,10.620871,10.3182535,11.1848,9.148852,7.9716864,5.7267694,0.0,4.4429517,6.0507865,10.009491,12.395679,15.832106,18.165125,21.877346,14.892297,14.562531,11.9133835,9.964777,7.4599752,5.605676,7.2806025,6.210651,11.670341,11.716919,15.629117,13.027111,9.404258,13.065128,16.101068,12.381864,10.057345,15.4289665,16.390678,12.544567,14.165178,18.416138,18.167477,15.680777,18.794632,22.615648,23.781683,22.049284,21.909567,26.510138,26.120256,23.96151,22.4039,18.186363,19.873898,24.734499,22.899128,17.253994,22.554884,24.989489,26.169035,21.55818,18.989212,23.54892,22.532927,17.75589,21.781929,23.4404,21.092054,17.573513,22.152561,18.957644,22.4086,20.361088,17.76493,19.252903,17.265863,16.109089,17.737469,13.028686,11.698643,10.852469,13.350582,12.719895,17.071218,17.596922,21.6095,21.601357,18.995617,23.193123,22.576178,20.374905,17.89112,15.9914875,18.62703,20.507011,17.962547,12.82932,15.781811,17.569536,15.274672,13.221903,15.397022,13.263705,13.594946,16.166964,16.299791
16,26.359413,22.372292,21.749147,17.280994,15.173666,17.408747,11.558471,14.718568,12.16262,13.626198,14.230578,14.526504,12.369409,10.305399,5.8526177,4.4429517,0.0,4.695776,5.890634,9.382517,12.351112,14.359768,18.333527,11.431575,10.968334,7.925366,7.6588664,5.360175,6.4888225,8.097425,9.808403,14.979658,15.866329,19.823158,17.13251,13.767061,17.454227,20.25606,16.136066,13.93234,19.36041,19.544764,15.354349,17.194777,21.61151,20.20327,17.169939,21.093445,24.694542,26.490011,24.573778,23.216524,28.279196,28.334518,25.545223,23.5509,19.901758,21.20964,26.348577,25.384817,19.75033,24.60895,27.341564,29.021742,24.76962,21.903591,25.944075,24.757475,19.74277,23.267925,24.729044,22.329031,18.426394,22.303566,19.560705,22.204226,19.994553,17.994492,18.283108,17.146992,15.220524,16.562937,12.125419,11.0464,11.435135,12.115359,13.024132,16.145567,17.05964,20.886242,21.291685,19.023489,23.68065,22.727787,21.335285,19.21926,17.110626,20.063532,22.622145,20.357498,15.228553,18.059675,19.574997,16.409737,14.592659,14.999923,13.350573,12.222576,14.909906,13.874277
17,26.697708,22.862886,22.692533,17.620779,16.3984,18.244595,13.167067,16.436684,13.10719,15.809359,15.911992,17.172672,15.140396,13.795388,9.728144,6.0507865,4.695776,0.0,6.5223846,6.5897093,10.310348,12.822181,16.39278,9.336192,9.250047,7.590259,5.100927,5.660137,5.2210073,9.251061,8.868392,15.404235,16.86159,19.70601,15.928295,13.265974,17.171732,18.746515,14.121652,12.814902,18.22302,16.839417,12.865332,15.921947,19.719948,17.173088,15.380371,19.726204,22.579432,24.450607,21.700478,20.471928,25.091597,25.010288,21.743128,19.314358,15.953873,16.798916,22.064856,21.749628,16.010023,20.453827,23.379309,25.395168,21.5806,18.62219,22.295206,21.367872,16.083672,18.98467,20.719305,18.765783,14.33968,17.897394,14.985669,17.541025,15.337509,13.4850445,14.09619,13.420047,12.209163,14.556854,10.529729,7.999436,7.5549774,8.005015,8.388184,11.714827,13.02316,16.986732,17.771194,16.087812,20.930943,20.768011,19.6908,16.582632,15.682737,19.292675,20.779774,18.100042,13.8057785,17.717514,19.883232,17.00943,14.402067,14.908904,11.260883,10.581588,11.973556,11.32114
18,23.811134,19.641426,20.349813,15.795968,14.539351,18.196606,12.864947,17.70597,15.967478,18.124329,19.483397,19.905748,18.100199,15.647484,11.131867,10.009491,5.890634,6.5223846,0.0,6.2058325,7.259637,9.188776,12.807934,6.5705557,6.9471927,4.4595156,7.5464134,8.006267,10.609082,12.873851,14.795225,20.473896,21.663189,25.343681,22.069233,18.879135,22.463821,24.724482,20.049051,18.070877,23.368372,22.376892,17.978931,20.07246,24.39344,21.43259,18.062551,22.831415,25.822815,28.409155,26.240393,23.309181,28.744455,29.433279,25.92745,23.568254,20.874792,21.855665,26.987288,27.106468,22.006012,26.176897,29.38848,31.554789,27.939526,25.068104,28.509186,27.50857,22.233616,24.60399,26.218796,24.261541,19.741446,22.303907,19.923834,21.227068,18.691078,17.334208,15.895349,15.818013,13.03942,13.940177,10.596911,9.963599,11.989409,10.197604,13.56767,15.045234,16.96708,20.380545,21.663132,20.356447,25.423584,24.635843,24.276516,21.992617,20.46027,23.885086,26.371666,24.102852,19.533773,22.717884,24.283335,20.67854,18.802069,17.681684,15.673015,13.233284,14.922282,12.235952
19,27.214495,23.278778,24.517788,19.44855,19.047558,22.085283,17.367645,21.8164,19.087208,21.955833,22.433878,23.481258,21.26785,19.614601,14.534457,12.395679,9.382517,6.5897093,6.2058325,0.0,4.5655556,6.6016912,10.533287,3.4960074,3.2813451,4.496027,4.5275035,8.261354,10.204238,13.567512,14.834416,20.814348,23.175999,25.69932,21.711584,19.606031,23.552055,24.507912,19.705967,18.897469,24.089094,21.47326,17.732363,21.20651,24.64353,20.513775,19.053686,24.07711,26.126503,28.610807,25.307373,22.8518,27.414787,27.762737,23.549772,20.318808,18.353321,18.09153,23.384163,24.732643,19.342558,22.459587,25.59865,28.390474,25.451313,22.218048,24.685064,23.647654,18.474323,20.055433,21.358168,19.711731,15.022548,16.685713,14.972989,15.686497,13.56697,13.499256,12.019503,13.774692,12.1805,14.580517,12.203321,9.654033,10.515268,7.003201,9.57487,9.228604,11.379971,14.502752,16.256144,15.782618,20.954037,20.8009,21.187414,18.389257,17.959276,21.927334,23.623285,21.35061,17.859636,21.666891,23.673193,20.208897,17.766212,16.131996,12.563479,10.057331,10.009529,7.1415
20,24.968756,21.084839,23.19909,18.430649,18.599972,22.370932,18.186523,23.37429,21.37832,24.397926,25.527952,26.51274,24.65187,22.55288,17.743946,15.832106,12.351112,10.310348,7.259637,4.5655556,0.0,3.4909747,6.1798077,1.1093955,4.2167387,6.4644303,8.984884,12.249303,14.550879,17.71878,19.010387,25.175508,27.132856,29.894932,25.80676,23.400558,27.084173,28.133085,23.132416,22.071404,27.07532,24.27826,20.365696,23.419456,26.92735,22.188896,20.09124,25.389153,27.15246,30.170816,27.103418,23.401644,28.303398,29.24872,24.820375,21.71303,20.454006,20.373371,25.292227,27.057095,22.470955,25.271658,28.7267,31.565569,28.969425,26.030203,28.350803,27.587769,22.394423,23.187872,24.772371,23.554617,18.687477,19.359402,17.778938,17.334616,14.873975,15.015436,11.888273,14.143994,11.750439,13.291825,12.1607,10.6626005,12.855234,8.300738,12.906148,11.744479,14.653797,17.176407,19.503942,19.6534,24.78222,24.681887,25.468586,22.705267,22.411297,26.366629,28.090372,25.797218,22.417616,26.198242,28.113226,24.497217,22.217163,20.158474,16.967731,14.082545,13.652065,9.931516
21,27.261955,23.350395,25.768,21.28278,21.343452,25.431818,21.045748,26.291286,24.377888,27.081987,28.147043,28.82466,26.668823,24.539572,19.22085,18.165125,14.359768,12.822181,9.188776,6.6016912,3.4909747,0.0,5.5514665,3.9034948,4.284673,7.061693,10.343815,13.434912,16.413614,18.979868,21.294516,26.893042,29.350124,32.16081,28.300806,26.054865,29.919176,31.019844,26.123741,25.12565,30.248177,27.48615,23.649765,26.782602,30.312412,25.583376,23.574389,28.86414,30.63383,33.64129,30.475191,26.814283,31.606707,32.509552,27.94643,24.614317,23.556072,23.060991,28.010445,30.115965,25.29819,27.800837,31.069468,34.134743,31.622313,28.416739,30.363873,29.298218,24.34178,25.171314,26.212849,24.7773,20.287409,20.580105,19.760147,18.959532,16.949392,17.82823,14.555594,17.412575,15.122072,16.489204,15.544629,14.140038,16.13614,11.521234,15.439633,13.2438545,15.614386,17.527061,19.806124,20.084711,25.08986,24.618422,25.918295,23.764746,23.19129,27.017626,29.205738,27.300234,23.958292,27.346453,28.996317,25.10995,23.128672,20.1946,17.76864,14.270131,13.858779,9.518951
22,25.0472,21.567455,24.840271,20.651844,21.645308,25.82268,22.507128,28.077873,26.586943,29.796486,31.277779,32.30925,30.65106,28.36812,23.687105,21.877346,18.333527,16.39278,12.807934,10.533287,6.1798077,5.5514665,0.0,7.2484574,9.387391,12.069038,14.90877,18.295433,20.681244,23.813332,25.057423,31.311432,33.240692,35.906803,31.606916,29.263672,32.771465,33.549366,28.447023,27.49565,32.195953,28.851704,25.121195,28.04005,31.257887,25.744896,23.69816,29.081207,30.179613,33.64208,30.560175,25.822062,30.560919,32.02999,27.28493,24.155437,24.003767,23.652864,27.967033,30.574656,26.857437,28.860918,32.487957,35.53744,33.577282,30.854376,32.62909,32.114647,27.101152,26.849863,28.496233,27.827908,22.97955,22.291403,21.275217,19.381117,17.022808,17.951057,13.424369,16.660055,14.22466,14.954414,15.685925,14.9189005,17.569237,12.499474,17.63741,15.2365885,18.5214,20.083931,22.996586,24.019495,28.937578,29.060135,30.481789,27.72185,27.841536,31.85308,33.394367,31.156368,28.228819,32.06262,33.969154,30.271767,28.04607,25.471725,22.351974,19.252739,18.073927,14.036848
23,25.42754,21.502274,23.392885,18.551975,18.542141,22.190367,17.821232,22.874949,20.735569,23.690582,24.697742,25.661829,23.713116,21.68337,16.78359,14.892297,11.431575,9.336192,6.5705557,3.4960074,1.1093955,3.9034948,7.2484574,0.0,3.3956106,5.5401382,7.882839,11.159899,13.472597,16.62542,17.997719,24.09457,26.134123,28.888172,24.854443,22.482075,26.230986,27.309357,22.352333,21.30788,26.379967,23.67799,19.769089,22.889843,26.425957,21.859404,19.8378,25.085205,26.960485,29.860064,26.763897,23.338278,28.203573,29.014788,24.645452,21.516966,20.05999,19.96395,24.990805,26.628866,21.834816,24.746082,28.128372,30.949242,28.244482,25.229647,27.60776,26.763906,21.570585,22.583685,24.090755,22.74438,17.92644,18.851086,17.241426,17.079937,14.685907,14.758643,12.001147,14.10907,11.839419,13.563387,12.0606165,10.34816,12.306097,7.954025,12.196929,11.224253,13.955235,16.61864,18.801731,18.779558,23.92622,23.767332,24.461998,21.737333,21.353844,25.293627,27.069633,24.798512,21.348778,25.098173,27.006317,23.3977,21.11281,19.110392,15.924603,13.066091,12.788165,9.165414
24,28.371157,24.33761,25.958971,21.168636,20.700745,24.267893,19.370499,24.080751,21.65866,24.173738,24.780153,25.441664,23.013603,21.180801,15.612478,14.562531,10.968334,9.250047,6.9471927,3.2813451,4.2167387,4.284673,9.387391,3.3956106,0.0,3.6379735,6.1232367,9.287586,12.271787,14.79587,17.311491,22.668459,25.383604,28.109524,24.424301,22.331093,26.37302,27.526358,22.818254,21.91288,27.190699,24.73863,20.973097,24.309858,27.871752,23.735361,22.030252,27.108953,29.21193,31.802666,28.552103,25.834724,30.481352,30.931314,26.60466,23.25293,21.53062,21.029512,26.295664,27.918797,22.468334,25.350216,28.370794,31.328432,28.45203,25.035843,27.20978,25.904594,20.950827,22.538336,23.373932,21.512419,17.18487,18.42794,17.413229,17.649757,15.815696,16.358234,14.314013,16.60502,14.723961,16.692352,14.642664,12.58608,13.775541,9.9603,12.565444,11.11919,12.84123,15.345221,17.079865,16.691372,21.78976,21.163088,22.050148,19.95287,19.094257,22.896214,25.197786,23.326561,19.758495,23.080097,24.751762,20.928823,18.874529,16.228937,13.7037,10.30732,10.497562,6.5276012
25,27.777882,23.614985,24.677757,20.061596,18.981918,22.531464,17.159243,21.653696,19.388483,21.399715,22.088223,22.394098,19.908342,17.907139,12.248255,11.9133835,7.925366,7.590259,4.4595156,4.496027,6.4644303,7.061693,12.069038,5.5401382,3.6379735,0.0,5.2993665,6.735286,10.350701,12.2362,15.449278,20.456573,22.885864,26.118633,22.893175,20.412802,24.436453,26.220463,21.683573,20.326115,25.754902,24.201689,20.194323,23.05914,27.015162,23.710705,21.369583,26.204298,28.87964,31.293324,28.491276,26.053852,30.997246,31.367683,27.464901,24.480045,22.094627,22.136812,27.501131,28.333403,22.644386,26.214163,29.129732,31.752356,28.359617,24.96495,27.714867,26.27319,21.275196,23.67668,24.536234,22.277208,18.143852,20.358475,18.905502,19.967236,18.01752,17.78272,16.351513,17.582943,15.412285,17.027588,14.129586,12.498244,13.687666,11.03264,13.272541,13.242018,14.500604,17.458908,18.617485,17.40173,22.454128,21.378994,21.652285,19.902185,18.261986,21.76501,24.601812,22.782064,18.511168,21.45098,22.884796,18.95652,17.17513,14.865037,13.201965,9.914822,11.557991,8.341115
26,30.171188,26.19273,26.702671,21.655256,20.622515,23.059204,17.848671,21.375507,18.090557,20.403679,20.143984,20.990831,18.254519,17.116966,11.620252,9.964777,7.6588664,5.100927,7.5464134,4.5275035,8.984884,10.343815,14.90877,7.882839,6.1232367,5.2993665,0.0,4.441185,6.3558536,9.377785,11.47876,16.694155,19.721148,22.128933,18.579887,16.828743,21.086542,22.161957,17.817444,17.19617,22.544212,20.522982,17.066479,20.695694,24.096413,20.971897,19.973648,24.493332,26.93401,28.814548,25.475126,24.310287,28.52029,28.280443,24.45959,21.26351,18.584143,18.168415,23.660982,24.437447,18.204056,21.662071,24.263872,26.934177,23.531754,19.908453,22.530752,20.992985,16.049906,18.839275,19.5315,17.147175,13.117188,16.049852,14.50035,16.476082,14.970785,14.767912,14.828908,15.97964,14.996309,17.654322,14.396978,11.520701,11.018014,9.421266,9.04589,9.690621,10.16219,13.634179,14.359344,12.810776,17.883778,17.308002,17.18772,14.805555,13.70595,17.544878,19.649828,17.625732,13.720229,17.229706,19.155445,15.6993,13.248788,11.891943,8.475928,6.283895,7.6338086,6.414911
27,30.953201,26.902618,26.758284,22.062819,20.296999,22.53105,16.827345,19.68668,16.515682,17.878626,17.430967,17.660246,14.558966,13.448753,7.4941754,7.4599752,5.360175,5.660137,8.006267,8.261354,12.249303,13.434912,18.295433,11.159899,9.287586,6.735286,4.441185,0.0,4.5068083,5.5573497,9.71166,13.78322,16.749151,19.850304,17.214314,15.091551,19.372381,21.331335,17.4903,16.339518,21.793442,21.121101,17.569597,20.510809,24.300478,22.428282,20.805052,24.825994,27.94197,29.486088,26.719967,26.065224,30.46824,30.068419,26.826227,24.083893,20.739668,20.87108,26.301773,26.148088,19.688078,23.819838,26.097124,28.319984,24.303442,20.699062,23.902054,22.08206,17.428173,21.263538,21.736437,18.809004,15.51342,19.371647,17.644646,20.336561,18.877134,18.055683,18.611588,18.819458,17.584839,19.766994,15.791348,13.553642,12.978198,12.758499,11.970499,13.756783,13.537527,17.014473,16.950062,14.391342,19.018452,17.684025,16.744751,15.262742,12.792437,15.956411,19.025959,17.315876,12.385442,14.985012,16.440004,12.77704,10.8600025,10.046321,8.653546,6.991967,10.308838,9.823733
28,31.409893,27.6096,26.926874,22.06009,20.377565,21.530502,16.299803,18.14124,14.20626,15.910389,14.703501,15.661107,12.752454,12.484016,8.102281,5.605676,6.4888225,5.2210073,10.609082,10.204238,14.550879,16.413614,20.681244,13.472597,12.271787,10.350701,6.3558536,4.5068083,0.0,4.8198667,5.3919215,10.632449,13.395772,15.901195,12.809117,10.976768,15.370306,16.924175,13.237597,12.509212,17.822926,17.143219,14.01353,17.239727,20.619476,19.300709,18.50576,22.018764,25.048098,26.110714,23.225897,23.610678,27.499662,26.685078,23.839329,21.355818,17.56302,17.88596,23.14823,22.413412,15.800508,20.26457,22.358347,24.2591,20.012852,16.536304,20.192959,18.601095,13.902352,18.183681,19.00634,16.237452,13.016879,17.677597,15.309245,18.875185,17.519869,16.082462,17.87137,17.330584,16.895428,19.49987,15.321471,12.6268015,10.819618,12.251632,9.7692585,13.131634,12.695901,16.540537,16.192522,13.431812,17.731323,17.137907,15.324038,12.826953,11.060688,14.330947,16.234734,13.925037,8.993542,12.52814,14.672419,12.007808,9.287982,10.874933,7.693681,8.436708,10.894966,11.904833
29,34.283337,30.378803,29.404789,24.96548,22.721909,23.962755,18.357033,19.590311,16.052832,16.358173,14.773779,14.6283245,10.901302,11.011009,6.063654,7.2806025,8.097425,9.251061,12.873851,13.567512,17.71878,18.979868,23.813332,16.62542,14.79587,12.2362,9.377785,5.5573497,4.8198667,0.0,7.3028007,8.651068,12.283751,15.4050665,13.97945,12.328297,16.544163,18.871815,16.156456,15.152766,20.207474,20.737255,17.82885,20.377762,23.905882,23.546429,22.360773,25.443092,28.908691,29.679785,27.207037,27.937607,31.86175,30.900614,28.379911,26.022726,22.079746,22.376652,27.546852,26.467854,19.736015,24.192663,25.769758,27.469217,22.93461,19.344183,22.899462,20.754242,16.854023,21.817873,21.879805,18.470308,16.389618,21.250591,19.470808,23.140013,22.078135,20.875092,22.56495,22.055552,21.340038,23.57904,19.180225,16.997126,15.502603,16.830158,14.443122,17.197655,16.006863,19.411623,18.362226,14.849336,18.49014,16.803665,14.560331,13.85308,10.303142,12.410941,15.947079,14.617005,8.987494,10.392503,11.557623,8.355605,6.77253,8.4892025,8.627656,9.184533,12.9837475,14.085282
30,32.450787,29.008776,27.495184,22.837679,21.036713,20.790693,16.330011,16.41594,11.887874,13.399811,11.069965,12.800142,10.43494,11.3843155,9.867053,6.210651,9.808403,8.868392,14.795225,14.834416,19.010387,21.294516,25.057423,17.997719,17.311491,15.449278,11.47876,9.71166,5.3919215,7.3028007,0.0,7.486163,8.911884,10.893754,7.5903716,5.7610974,10.222447,11.818109,8.880108,8.431973,13.268821,13.63404,11.275615,14.08774,16.982374,17.274591,17.139547,19.495298,22.681293,22.933857,20.405388,22.26678,25.547235,24.226051,22.3307,20.605421,16.163166,17.156948,21.807432,19.767477,13.381068,18.47998,20.156696,21.213385,16.40434,13.497711,18.084951,16.906303,12.672887,17.51002,18.791252,16.335823,13.77465,19.094069,16.037096,20.434443,19.172712,16.843704,19.843668,18.109068,18.362782,20.941025,16.61748,14.137971,11.414019,14.791017,11.291048,16.057508,15.499046,19.345667,18.626669,15.711539,19.09688,19.07645,16.159014,13.108997,11.954535,14.449548,15.021814,12.163795,7.498767,11.237971,13.795122,12.735457,9.955955,13.960594,10.690052,13.010213,14.95254,16.789408
31,38.91782,35.44485,33.508728,29.299032,26.975344,26.478329,21.924358,20.814825,16.77753,16.291103,12.741352,13.088738,9.893609,12.524073,11.96519,11.670341,14.979658,15.404235,20.473896,20.814348,25.175508,26.893042,31.311432,24.09457,22.668459,20.456573,16.694155,13.78322,10.632449,8.651068,7.486163,0.0,6.263161,7.4975505,8.476587,8.916368,12.03607,13.968411,13.735781,13.695877,17.02567,18.937933,17.700743,19.696564,22.030762,23.793997,23.921717,25.376734,28.774918,28.23803,26.107695,29.087685,31.804876,29.947945,28.663746,27.057281,22.61922,23.152422,27.402357,24.962202,18.615643,23.090563,23.527802,24.141104,19.15105,16.192959,20.168695,18.121902,15.816498,21.599216,21.533092,18.26579,17.857235,23.48298,21.398977,26.115564,25.540447,23.753902,26.993326,25.531176,25.83128,28.296549,23.825737,21.557573,18.874691,21.98029,17.891705,21.801615,19.993864,23.190742,21.33424,17.498888,19.344822,18.36996,14.357236,13.606003,10.785062,10.856221,12.510902,11.2772,6.7143903,6.290309,7.8590417,8.692916,7.483938,13.15012,12.769305,15.698605,18.483707,21.046223
32,36.471565,33.37863,30.662653,27.031057,24.505209,22.988485,19.287857,16.669939,13.068324,11.725449,7.5625324,8.318822,6.856183,10.1252,12.817599,11.716919,15.866329,16.86159,21.663189,23.175999,27.132856,29.350124,33.240692,26.134123,25.383604,22.885864,19.721148,16.749151,13.395772,12.283751,8.911884,6.263161,0.0,5.570649,7.7224455,6.3698444,7.5271454,11.330425,11.950386,10.892191,13.142366,17.133669,15.948736,16.30772,18.74625,22.094854,21.465588,21.851892,25.727732,24.82619,23.878904,27.05093,29.903234,28.217278,27.865475,27.240126,22.442947,24.168844,27.863596,24.190117,19.022398,24.216494,24.973684,24.681244,19.395359,17.718252,22.652882,21.535694,18.944313,24.203833,25.219093,22.656673,21.501099,27.081663,24.056992,28.79152,27.63983,24.832605,28.14934,25.483896,25.623167,27.4809,22.933485,21.494251,19.115334,23.16691,19.965096,24.90443,23.989088,27.58498,26.240564,22.774918,24.948051,24.404915,20.427164,18.833971,16.765095,17.071478,17.834707,15.913279,11.9672785,12.420171,13.691095,14.579932,13.513415,18.799696,17.860367,20.419947,23.080635,25.08645
33,40.124763,37.194897,34.572475,30.678444,28.57703,26.614458,23.471584,20.755722,16.75124,16.283348,11.993264,13.540669,12.418898,15.609762,17.499704,15.629117,19.823158,19.70601,25.343681,25.69932,29.894932,32.16081,35.906803,28.888172,28.109524,26.118633,22.128933,19.850304,15.901195,15.4050665,10.893754,7.4975505,5.570649,0.0,5.5489655,7.7915697,7.9747806,9.057089,11.563588,12.268663,13.052303,16.284296,16.60988,17.611511,18.600716,22.232826,23.259287,23.142445,26.245975,24.637672,23.172659,27.732191,29.415522,27.04875,27.077513,26.515667,21.912062,23.135012,26.1861,22.347689,17.451702,21.915655,21.807741,21.07119,15.930213,14.632431,19.207354,18.242887,16.875156,22.102509,22.848433,20.608097,20.477236,26.021868,23.229912,28.266512,27.664856,25.089163,29.18005,26.689169,27.656641,30.025585,25.813875,23.804651,20.671894,24.964245,20.603903,25.4466,24.056576,27.275057,25.582039,22.278547,23.49644,23.633152,19.321676,17.405874,16.431149,16.31214,15.258901,13.335798,11.381596,11.804642,13.568943,15.80768,14.419944,20.299232,18.595407,22.036163,23.969452,26.779388
34,36.63714,33.723167,31.53813,27.200375,25.6013,23.79732,20.783455,18.945953,14.367003,15.498757,11.842885,14.4277935,13.308987,15.63179,16.469984,13.027111,17.13251,15.928295,22.069233,21.711584,25.80676,28.300806,31.606916,24.854443,24.424301,22.893175,18.579887,17.214314,12.809117,13.97945,7.5903716,8.476587,7.7224455,5.5489655,0.0,4.6562285,6.4027786,5.712887,6.591501,8.2994995,9.936659,11.372839,11.6912,13.802127,14.6814375,17.204557,18.89249,19.35422,22.016134,20.806948,18.531965,22.889856,24.557735,22.263048,21.795137,21.012823,16.424374,17.634348,20.86219,17.339636,12.025639,16.812836,17.308628,16.989943,11.718936,10.137322,15.311804,14.847545,12.417941,17.248348,18.71854,16.985334,15.939706,21.32343,18.088888,23.07067,22.333035,19.623354,23.885916,21.433424,22.748596,25.422787,21.50959,19.127172,15.660801,20.085964,15.544045,20.66123,19.724432,23.110312,21.925232,19.176338,21.042465,21.895185,18.11644,14.718538,14.910064,16.194525,14.339513,11.217731,9.427164,12.291258,15.04713,16.250883,13.785612,19.19204,15.809798,19.266142,20.45886,23.19021
35,32.567673,29.607891,27.241497,23.079847,21.226606,19.500149,16.288374,14.411348,9.837487,11.011312,7.744101,10.629344,9.939072,11.701446,13.244483,9.404258,13.767061,13.265974,18.879135,19.606031,23.400558,26.054865,29.263672,22.482075,22.331093,20.412802,16.828743,15.091551,10.976768,12.328297,5.7610974,8.916368,6.3698444,7.7915697,4.6562285,0.0,4.463118,7.1636167,5.7801228,4.983924,8.361202,11.031016,9.669173,10.906114,13.256954,15.819946,15.856396,16.611258,20.052214,19.442055,17.869196,20.963888,23.740435,22.141817,21.533718,20.963823,16.1339,18.194931,21.8256,18.203867,13.161364,18.70741,20.122414,19.984423,14.797098,13.366836,18.76234,18.40298,14.891131,19.363739,21.343304,19.557194,17.36649,22.627445,18.951204,23.560823,22.145939,18.919355,22.506044,19.530052,20.130741,22.291002,18.07102,16.294264,13.485795,18.073246,14.857338,20.364594,20.164062,23.966711,23.273415,20.54868,23.319073,23.732077,20.28069,17.0047,16.434126,18.150326,17.60722,14.517664,11.132444,14.113502,16.537205,16.724966,14.384795,19.223127,16.136744,18.751102,20.416986,22.309345
36,33.1945,30.661356,27.713985,24.075548,22.259262,19.474178,17.450249,14.167778,10.228909,10.8824835,7.435991,10.821761,11.626507,13.628103,16.714828,13.065128,17.454227,17.171732,22.463821,23.552055,27.084173,29.919176,32.771465,26.230986,26.37302,24.436453,21.086542,19.372381,15.370306,16.544163,10.222447,12.03607,7.5271454,7.9747806,6.4027786,4.463118,0.0,5.442937,6.620471,5.7909446,5.7097936,10.829311,10.565226,10.028145,11.515017,16.019548,16.135832,15.401279,18.899897,17.508617,16.98138,20.92439,23.192717,21.44742,21.933022,22.2691,17.450415,20.135902,22.877022,18.209623,14.672445,20.104486,21.28201,20.233807,15.120996,14.982635,20.524014,20.730396,17.816618,21.82111,24.172777,22.834356,20.875942,25.957787,22.01821,26.603724,25.111738,21.442871,25.23553,21.572052,22.346966,24.128248,20.161398,18.933586,16.288437,21.287304,18.38574,24.114967,24.125029,27.870035,27.215832,24.624811,27.06469,27.69984,24.02895,20.712793,20.421515,21.73207,20.633362,17.575045,14.974848,17.445946,19.667757,20.457994,18.38408,23.49154,20.505768,23.210392,24.754671,26.640585
