,0,1,2,3,4,5,6,7,8,9,10,11,12,13,14,15,16,17,18,19,20,21,22,23,24,25,26,27,28,29,30,31,32,33,34,35,36,37,38,39,40,41,42,43,44,45,46,47,48,49,50,51,52,53,54,55,56,57,58,59,60,61,62,63,64,65,66,67,68,69,70,71,72,73,74,75,76,77,78,79,80,81,82,83,84,85,86,87,88,89,90,91,92,93,94,95,96,97,98,99,100,101,102,103,104,105,106,107,108,109,110,111
0,0.0,4.354352,6.5414467,9.863296,12.25596,14.903175,17.894379,22.144035,25.04381,27.6712,31.906284,29.097471,27.333681,26.078794,21.316185,21.480043,16.204435,17.126936,13.879634,14.522033,14.72024,10.572344,15.787977,18.741692,19.360239,22.428028,22.974066,25.296598,22.323984,25.825815,25.110071,28.919247,33.06696,34.108852,37.91086,38.42132,42.134407,42.197933,39.122437,35.833797,37.805458,34.27353,32.539932,31.230808,29.72507,29.182295,25.653463,27.880762,24.876951,27.377617,26.21378,27.87652,29.894463,28.167265,23.194908,24.798237,22.82215,26.391312,25.928383,27.12947,24.665665,30.574663,30.238066,32.454254,36.17792,34.44398,37.958607,35.079433,40.753426,38.525986,33.29892,35.09674,32.367485,34.700127,33.082172,29.782354,32.032333,32.15524,32.490917,35.604824,32.93425,29.735905,30.741575,27.696148,28.087492,23.598536,26.079428,21.07375,23.533068,22.558186,24.005493,24.95832,23.844252,21.754793,18.210117,15.787002,12.061801,12.009747,11.073193,14.231678,10.358057,15.671142,13.688131,18.259699,20.14865,22.88103,22.654642,28.098372,26.58688,30.917639,32.059124,36.13498
1,4.354352,0.0,5.3670764,6.4653826,8.800743,12.266055,14.420013,19.41058,21.656216,24.649706,28.509073,25.925737,24.612886,23.056417,18.560293,17.990742,12.793812,13.118691,9.824643,10.182426,10.583672,6.920994,12.480143,15.184505,16.53484,19.153368,19.797476,21.59874,18.374043,21.638977,21.074398,24.634663,29.100723,30.012445,33.90064,34.528137,38.112156,38.09934,34.92724,31.564777,33.65183,30.017206,28.448486,27.173134,25.858215,25.477833,22.200998,24.749718,22.104645,24.96837,24.073908,26.275557,28.539984,27.359411,22.216042,23.945227,21.115074,24.661386,24.33563,24.80799,21.898129,27.628738,26.875462,28.884966,32.33963,30.500235,33.902115,30.891373,36.565636,34.398182,29.132889,30.877811,28.052551,30.503304,28.794939,25.605051,27.956005,28.086868,28.610962,31.752083,29.26565,25.90035,26.845455,23.6605,23.843863,19.396366,21.748129,16.779325,19.390783,18.716734,20.483007,21.814817,21.104773,19.559244,16.518557,14.742808,10.955908,10.01725,8.489551,11.345925,8.672031,13.084209,12.787979,16.90349,19.513689,21.298634,20.47425,25.82106,23.555935,28.04268,28.731476,32.964684
2,6.5414467,5.3670764,0.0,5.212337,6.864291,8.641584,12.124197,15.695917,18.979322,21.339663,25.787811,22.964525,21.01309,20.101404,15.17614,15.868931,10.9983635,12.383431,10.893153,11.94981,13.913231,11.43407,16.968481,19.016682,20.255928,22.107224,21.509056,23.322256,18.725544,22.334078,20.570072,24.848799,27.749725,29.201595,32.627983,32.967293,36.90513,37.102192,34.399124,31.487387,33.051617,30.292356,28.057346,27.726265,25.426254,25.988752,22.616081,25.571484,23.140059,25.854256,25.75243,27.157652,30.107376,28.207014,23.21087,24.026203,21.086918,24.16222,22.820517,23.800844,21.011646,27.22613,26.21141,28.885017,31.908384,30.96231,34.395473,31.857468,37.571728,36.10773,31.053797,33.06817,29.780333,32.83532,30.147566,27.46914,29.263342,28.687826,28.840364,31.603527,28.605019,25.632008,25.813765,23.132696,24.243134,19.548044,23.261963,19.031763,22.03631,22.164162,23.947632,25.815556,24.970808,23.433628,20.764805,19.031878,14.806937,13.064202,10.707849,12.091232,7.794795,11.308141,9.443205,12.777011,14.658697,17.008783,16.758839,21.889774,20.844793,25.022053,26.4008,30.454224
3,9.863296,6.4653826,5.212337,0.0,3.8639402,6.215631,8.874704,13.444072,15.598142,18.820448,22.406677,19.526556,18.258934,16.591345,12.170993,11.646487,6.439011,7.675759,5.8678517,7.9549775,10.288026,9.540422,14.636127,16.403059,18.900751,20.16018,19.986795,20.74713,15.6345625,18.504675,16.881565,20.37434,23.686577,24.520807,28.331537,28.642235,32.447994,32.745018,29.75771,26.74268,28.872883,26.0641,24.248896,24.233099,22.31035,23.378725,20.602533,24.067966,22.279753,25.464993,25.613503,27.796762,30.839577,29.728865,24.647373,25.728073,21.890247,24.86918,23.774227,23.680468,20.242126,26.025913,24.225126,26.49831,28.83756,27.734407,30.855026,27.958338,33.634483,32.251926,27.091972,28.729425,25.213371,28.042929,25.091063,22.416111,24.071611,23.48421,23.694977,26.529228,23.696966,20.566397,21.018305,18.161255,19.169443,14.497216,18.385492,14.635262,18.13683,18.78144,21.251606,23.470146,23.408512,22.687967,20.581781,19.559238,15.768822,13.609368,11.013888,11.753288,9.757887,11.233418,12.042133,14.130898,16.644983,17.592255,16.473494,21.071371,19.021782,23.370895,23.976059,28.335514
4,12.25596,8.800743,6.864291,3.8639402,0.0,5.2471447,5.6593304,11.00663,12.978499,15.891921,19.84174,17.667213,16.601728,15.370014,11.043546,10.271181,6.3735332,5.9889874,7.2229676,7.257175,10.788421,10.761285,15.229084,16.062645,18.129688,18.638103,17.5594,18.327745,12.634246,15.940639,13.813255,18.130486,21.000029,22.644396,25.955873,26.54157,30.339876,30.35032,27.686342,24.800238,26.18805,23.550367,21.27026,21.364737,18.969666,20.240313,17.400143,21.031927,19.477978,22.62421,23.2908,25.241188,28.658339,27.516544,22.583334,23.308628,19.088436,21.76607,20.469763,20.154406,16.648148,22.474682,20.590208,23.101376,25.476143,24.703047,27.949509,25.456474,31.137974,30.087461,25.19309,27.31082,23.753553,27.422491,24.250341,22.205112,24.020437,23.157293,23.64749,26.252369,23.517738,20.349863,19.815357,17.045803,18.081594,13.411859,17.440151,13.896249,17.074928,18.206215,20.271519,22.898592,22.60884,21.992933,20.46227,19.778034,15.910675,13.064983,10.102294,9.484641,8.261868,7.8707957,9.917806,11.300163,14.491519,14.542029,13.008919,17.7613,15.294367,19.721552,20.359322,24.668299
5,14.903175,12.266055,8.641584,6.215631,5.2471447,0.0,5.912764,7.6329126,10.923474,13.530342,17.54144,14.352675,12.464933,11.536459,6.611441,7.9113183,4.785837,7.462205,9.474307,11.54807,14.966824,15.311503,19.902676,20.865276,23.30932,23.592924,22.231934,22.58724,16.06336,18.787846,15.652143,19.597435,20.565405,21.989054,25.120113,25.032625,29.215405,29.802414,27.455301,25.139732,26.62272,25.121948,22.614912,24.032206,21.034525,23.533266,21.084595,25.033237,23.865528,26.900673,28.010284,29.567686,33.282032,31.784048,27.012833,27.214863,23.052168,25.270359,23.173939,23.10888,19.712715,25.522709,23.079021,25.922771,27.279093,27.345818,30.264767,27.973755,33.484047,33.07684,28.363314,30.18167,26.188251,29.663898,25.525896,23.759247,24.606161,23.064978,22.847942,25.019629,21.671618,19.18009,18.361591,16.387217,18.65771,14.113042,19.539791,17.275528,20.929087,22.536781,24.984446,27.745714,27.717178,27.226273,25.656,24.844763,20.874947,18.159071,15.186893,14.387934,12.315637,11.26673,11.833399,11.290306,12.995653,13.349625,12.458027,16.013422,15.253461,19.060816,20.205948,24.369658
6,17.894379,14.420013,12.124197,8.874704,5.6593304,5.912764,0.0,6.7439075,7.497493,10.541617,14.297017,12.759524,12.309889,11.349443,8.04518,6.5593038,6.34321,4.7494583,9.755209,9.461487,13.556192,15.128552,18.478485,18.275282,20.628683,19.859848,17.918318,17.682375,10.668509,13.3462305,9.846662,14.465277,15.739659,18.005167,20.763283,21.355173,25.249147,25.25182,23.012545,20.577354,21.376244,19.657578,16.893332,18.268057,15.122271,17.882824,15.806013,20.017538,19.498861,22.647814,24.266338,26.093807,29.997274,29.08826,24.551628,24.736032,19.888792,21.747656,19.983536,18.86329,15.093193,20.353352,17.473705,20.1606,21.38706,21.493628,24.435015,22.38777,27.870108,27.695827,23.281322,25.520683,21.589249,25.955902,21.864565,20.848526,22.177923,20.615505,21.1235,23.187698,20.460463,17.585579,15.70374,13.459011,15.134028,10.8376045,15.795893,13.943722,17.063501,19.28467,21.397429,24.593147,24.655416,24.6696,24.007067,23.900688,20.3188,17.07055,14.1059885,11.978259,12.25855,8.783256,12.298628,11.125889,14.3269,12.48991,10.144449,13.65286,10.645024,14.910031,15.214255,19.61803
7,22.144035,19.41058,15.695917,13.444072,11.00663,7.6329126,6.7439075,0.0,5.331859,6.1687098,10.885598,8.536111,6.606436,7.618363,4.908072,7.126388,9.523274,10.443242,15.079727,16.034752,19.997202,21.408705,25.103024,24.997883,27.286114,26.330679,23.81185,23.488089,16.201279,18.301872,13.806198,17.936232,15.765782,18.410912,20.14545,19.894682,24.267427,24.87997,23.558788,22.21812,22.393948,22.548788,19.264711,22.288109,18.240128,22.30783,20.641556,24.865355,24.710989,27.467522,29.668808,30.726236,35.021267,33.533916,29.348906,28.74335,24.167149,25.29819,22.470644,21.868427,18.667356,23.666449,20.41953,23.62048,23.591812,25.091751,27.602144,26.25507,31.272036,32.067173,28.199438,30.302876,26.08316,30.44583,25.372059,25.000011,25.250422,22.818342,22.551172,23.759428,20.40925,18.683199,15.743442,15.057027,18.188461,14.624687,20.56285,19.992126,23.225807,25.77258,27.945658,31.239159,31.29324,31.243523,30.535175,30.22376,26.387678,23.160048,20.109404,17.867655,16.996838,13.283716,14.870829,11.36562,12.5503,10.341022,9.007119,9.837932,10.186202,12.857529,14.3204,18.087315
8,25.04381,21.656216,18.979322,15.598142,12.978499,10.923474,7.497493,5.331859,0.0,4.6748104,6.8716483,5.9733524,7.0485663,6.7587667,7.218069,5.946319,10.557335,9.890331,15.276913,15.680945,19.487642,22.009205,24.6743,23.936369,26.70346,25.028673,22.687628,21.323286,14.057884,14.89647,10.290453,13.38049,10.51546,13.209935,14.9249,14.92941,19.175684,19.656527,18.241112,16.992006,17.207949,17.715155,14.65499,18.446068,14.693457,19.537233,18.83525,23.265295,23.90555,26.844498,29.271057,30.898468,35.11921,34.3934,30.34119,30.0029,24.924559,25.855404,23.576382,21.83346,18.285242,22.206099,18.166649,20.750708,19.66235,21.258038,23.288706,21.8997,26.649935,27.817652,24.26244,26.154142,21.846573,26.377316,20.997038,21.340878,21.438082,18.796822,18.869596,19.815807,16.982035,15.201725,11.344836,10.904138,13.997465,11.312304,17.015657,17.715248,20.694748,23.797897,26.109293,29.622982,30.19399,30.802221,30.71939,30.96928,27.601908,24.267925,21.377443,18.770613,19.45089,15.023481,18.347097,15.191242,17.22671,13.957145,11.58811,11.435857,9.267728,11.771109,11.494309,15.609449
9,27.6712,24.649706,21.339663,18.820448,15.891921,13.530342,10.541617,6.1687098,4.6748104,0.0,6.043788,6.983302,7.2095823,9.160031,9.7866535,10.28582,14.44096,13.999048,19.431099,19.474037,23.472809,25.60001,28.427952,27.509792,29.663986,27.778412,24.657263,23.664213,16.558605,17.778254,12.859591,16.549955,11.793114,15.745807,15.894189,15.860084,20.05985,20.391691,20.048868,19.553291,18.334976,19.856358,16.108406,20.290653,15.755389,20.873854,20.144732,24.320717,25.101269,27.590775,30.495642,31.389927,35.904087,34.756096,31.113592,30.145134,25.306509,25.609684,22.705898,21.293041,18.352377,22.01502,18.128372,21.231607,19.867397,22.482828,24.490164,24.00117,28.382666,30.119762,27.12648,29.412834,25.279346,30.259,24.85801,25.647451,25.676186,22.851185,22.854053,23.329494,20.513262,19.26408,14.799535,15.067718,18.148203,15.8380375,21.194376,21.832233,24.439585,27.539818,29.397484,32.972088,33.15815,33.54821,33.57914,33.747173,30.21865,26.754784,23.832369,20.839933,21.178288,16.248085,18.920147,14.645306,15.98561,11.958317,9.984629,7.6557765,7.5659156,8.443516,9.405697,12.730547
10,31.906284,28.509073,25.787811,22.406677,19.84174,17.54144,14.297017,10.885598,6.8716483,6.043788,0.0,5.392948,8.492962,9.282752,12.509747,11.676802,16.959538,16.29235,21.567022,21.907516,25.495298,28.484472,30.595749,29.407269,32.237835,29.918823,27.30193,25.267645,18.553371,18.166965,13.754142,15.063445,8.113382,11.264694,10.687316,10.048266,14.34025,15.193849,15.198854,15.59851,14.658793,17.591564,14.613745,19.997501,16.240593,22.077538,22.463634,26.697035,28.170807,30.816502,33.7801,35.22733,39.58371,39.07632,35.492996,34.809826,29.679882,29.899925,27.45739,25.248709,22.127848,24.635284,20.063568,22.256498,19.182648,22.060083,23.091188,22.570473,26.237804,28.617237,26.128082,27.750494,23.52936,28.086123,22.13476,23.751045,22.99226,19.731495,19.600435,19.285284,16.93982,16.460297,11.163512,12.742537,16.052937,15.273815,20.246214,22.49153,25.002382,28.536812,30.752817,34.407745,35.252625,36.265423,36.671597,37.21689,34.049603,30.64079,27.83899,24.907993,25.9964,21.079844,24.46107,20.544039,21.974642,17.97954,15.841633,13.012029,11.800168,11.737701,10.5848675,13.371354
11,29.097471,25.925737,22.964525,19.526556,17.667213,14.352675,12.759524,8.536111,5.9733524,6.983302,5.392948,0.0,4.0690975,4.1110764,8.277694,8.431202,13.620933,14.323462,18.903803,20.468645,23.927813,26.628727,29.383549,28.908125,32.160107,30.5396,28.489489,26.765629,19.651619,19.681501,15.382724,16.70295,11.8068,12.934276,14.249815,12.817011,17.371538,18.951836,18.002428,17.807636,18.594406,20.56802,18.08241,22.843695,19.392002,24.744423,24.51315,28.943417,29.797766,32.718483,35.20756,36.82392,41.075867,40.300915,36.2658,35.82388,30.81754,31.609987,29.069218,27.436016,24.051254,27.606125,23.301516,25.658587,23.398478,25.496136,26.824368,25.496214,29.64946,31.365229,28.11636,29.329664,24.846485,28.588556,22.48291,23.159275,22.02257,18.726805,17.87401,17.894722,14.607269,14.27903,10.132715,11.571702,15.70849,14.094165,20.090982,21.908657,25.168217,28.41836,31.149601,34.626602,35.5718,36.357704,36.1659,36.352554,32.95605,29.756035,26.835794,24.519196,24.721771,20.695576,23.262575,19.70058,20.619995,17.758049,16.13254,14.269416,14.069126,15.073483,14.838712,18.086834
12,27.333681,24.612886,21.01309,18.258934,16.601728,12.464933,12.309889,6.606436,7.0485663,7.2095823,8.492962,4.0690975,0.0,3.9278722,6.2307878,8.730805,12.873528,14.548921,18.77855,20.733122,24.334274,26.36615,29.798882,29.727903,32.70388,31.52282,29.323437,28.233078,20.920355,21.78917,17.31204,19.632118,15.39038,16.851835,18.229837,16.84034,21.394176,22.931824,22.01758,21.612886,22.273317,23.86117,21.057878,25.35394,21.556122,26.544397,25.688759,30.064209,30.437014,33.26244,35.637856,36.885654,41.20793,39.92877,35.81372,35.185177,30.491043,31.388288,28.478594,27.540127,24.343615,28.596653,24.716908,27.540686,26.004292,28.066864,29.801334,28.4894,32.93733,34.388172,30.863138,32.291027,27.813683,31.54842,25.646788,25.780788,24.83149,21.72443,20.674915,20.992212,17.316992,16.894613,13.567644,14.467572,18.584488,16.146803,22.475075,23.41302,26.89321,29.828932,32.494846,35.865623,36.475754,36.839134,36.240112,36.061844,32.3587,29.228003,26.206425,24.11003,23.389477,19.812744,21.319613,17.56868,17.743166,15.606739,14.685882,13.03495,14.386683,15.520771,16.421083,19.584734
13,26.078794,23.056417,20.101404,16.591345,15.370014,11.536459,11.349443,7.618363,6.7587667,9.160031,9.282752,4.1110764,3.9278722,0.0,5.102707,6.015465,10.535302,12.319199,16.112305,18.533829,21.797592,24.205921,27.38207,27.443365,30.924164,29.86228,28.296053,26.852549,19.69292,20.084944,16.100975,17.547146,14.519687,14.769675,17.24889,15.832134,20.311413,21.993523,20.33167,19.491001,21.238447,22.256296,20.081846,24.14262,21.000753,25.793434,25.099869,29.57282,29.944305,33.046528,35.105328,36.90131,40.986317,40.096695,35.747684,35.57794,30.702648,31.965578,29.529173,28.246883,24.6865,28.904316,24.882095,27.274015,25.757488,27.181353,28.800472,26.903706,31.448616,32.55208,28.740334,29.74903,25.202435,28.404478,22.497707,22.328894,21.223307,18.194965,17.038416,17.647787,13.867232,13.200025,10.5652075,11.194654,15.429108,13.017598,19.45653,20.669724,24.377016,27.300547,30.323984,33.606964,34.581764,35.180557,34.55486,34.49015,30.998312,28.013372,25.08289,23.305862,22.945557,19.75591,21.81,18.877811,19.68031,17.786837,16.425566,15.799951,15.664494,17.543499,17.634872,21.28154
14,21.316185,18.560293,15.17614,12.170993,11.043546,6.611441,8.04518,4.908072,7.218069,9.7866535,12.509747,8.277694,6.2307878,5.102707,0.0,4.869904,6.9610066,9.648829,13.077842,15.588091,19.036797,20.624165,24.48596,24.9496,28.011873,27.50176,25.905907,25.251404,18.086344,19.5873,15.679646,18.503319,17.125599,18.11156,20.870512,20.063492,24.486197,25.674742,23.745714,22.22975,23.782696,23.726635,21.236061,24.262304,20.963297,24.932875,23.424995,27.764511,27.481487,30.548899,32.28759,33.882084,37.892612,36.63335,32.115726,31.991652,27.416132,29.018988,26.546616,25.871735,22.377995,27.416138,24.014784,26.765867,26.50201,27.45749,29.714512,27.678707,32.73314,33.221622,28.96756,30.384306,25.987335,29.38713,24.138205,23.212397,22.935886,20.509615,19.704151,21.078665,17.351149,15.7940235,14.048141,13.34734,16.8838,13.237388,19.641687,19.352516,23.168999,25.596453,28.41592,31.525156,32.050034,32.155586,31.103548,30.686546,26.93557,24.037373,21.046673,19.587776,18.436432,15.915163,17.220718,14.805833,15.657299,14.66876,13.622062,14.629844,14.665474,17.429379,18.262653,22.20006
15,21.480043,17.990742,15.868931,11.646487,10.271181,7.9113183,6.5593038,7.126388,5.946319,10.28582,11.676802,8.431202,8.730805,6.015465,4.869904,0.0,5.493103,6.336323,10.478935,12.532054,15.832593,18.376404,21.391506,21.460579,25.000172,24.138496,22.998562,21.66769,14.694535,15.433613,12.011349,13.988526,13.979217,14.3789835,17.871075,17.513222,21.640232,22.558409,20.0427,18.019655,20.181803,19.488132,17.531343,20.338411,17.720312,21.608992,20.569262,25.00441,25.066864,28.385546,30.01767,32.254906,36.056816,35.4802,30.921595,31.241732,26.283686,28.018333,26.209152,24.721422,20.848633,25.341698,21.633522,23.784843,23.358377,23.749487,25.836535,23.382538,28.46182,28.740074,24.388,25.593285,21.173784,24.533388,19.35654,18.48306,18.473698,16.223549,15.923024,17.656061,14.428617,12.092806,10.480629,8.935652,12.110097,8.385332,14.81213,15.01746,18.828363,21.52447,24.550356,27.748924,28.693396,29.281544,28.63265,28.661184,25.337328,22.40129,19.572935,17.99576,18.19073,15.332686,18.234806,16.51723,18.556763,16.807404,14.818718,16.238333,14.106301,17.371508,17.013626,21.339956
16,16.204435,12.793812,10.9983635,6.439011,6.3735332,4.785837,6.34321,9.523274,10.557335,14.44096,16.959538,13.620933,12.873528,10.535302,6.9610066,5.493103,0.0,4.598082,6.1455526,9.405513,12.387651,13.966081,17.843428,18.781218,22.223911,22.345694,21.836458,21.309149,14.968037,16.647882,14.155735,16.713036,18.716953,18.988638,22.8899,22.769226,26.72021,27.44493,24.537777,21.929068,24.418056,22.571554,20.838356,22.27316,20.093946,22.69164,20.847733,24.97518,24.19602,27.576172,28.49704,30.843538,34.298996,33.53028,28.649288,29.373726,24.827208,27.202963,25.702162,24.81437,20.993093,26.20724,23.281698,25.463345,26.318457,25.878153,28.439287,25.573168,31.012226,30.412268,25.508179,26.744549,22.641869,25.501606,21.312443,19.28141,19.984207,18.610048,18.428928,20.876577,17.750322,14.931077,14.969563,12.563,14.600179,10.06472,15.57904,13.885467,17.947704,19.774593,22.843878,25.623457,26.30423,26.410925,25.080357,24.675781,21.198912,18.626558,15.870237,15.291701,14.612408,13.493214,15.565065,15.417824,17.610935,17.23713,15.659726,18.7196,16.668919,20.599707,20.710533,25.151905
17,17.126936,13.118691,12.383431,7.675759,5.9889874,7.462205,4.7494583,10.443242,9.890331,13.999048,16.29235,14.323462,14.548921,12.319199,9.648829,6.336323,4.598082,0.0,5.720758,6.2367115,9.850288,12.362904,15.260554,15.359058,18.768185,18.295458,17.688469,16.804386,10.494312,12.144934,10.066615,12.934969,16.251616,17.025911,20.843262,21.420736,25.016953,25.149343,22.125969,19.13402,21.27942,18.721231,17.040985,17.86253,16.010609,18.245825,16.570557,20.728533,20.22816,23.72661,24.742874,27.430037,30.841171,30.567854,25.799906,26.712366,21.820744,24.142326,23.149387,21.591482,17.565792,22.334852,19.36331,21.210838,22.350311,21.503607,24.187395,21.277138,26.823668,26.059507,21.16807,22.759195,18.797705,22.336277,18.550373,16.833838,18.355352,17.291092,17.95025,20.52798,18.10646,14.731519,14.212343,11.175079,12.128432,7.451968,12.1715975,10.122967,13.871992,16.01122,18.852173,21.89402,22.612478,23.044548,22.30667,22.405035,19.259647,16.381248,13.722138,12.496563,13.500554,11.420623,15.2317,15.30559,18.531836,17.177954,14.837843,18.21857,14.554022,18.824875,18.25161,22.820723
18,13.879634,9.824643,10.893153,5.8678517,7.2229676,9.474307,9.755209,15.079727,15.276913,19.431099,21.567022,18.903803,18.77855,16.112305,13.077842,10.478935,6.1455526,5.720758,0.0,5.3006344,6.724322,8.657246,12.11749,13.621598,17.60531,18.40241,19.273535,18.762732,14.05835,15.528548,14.883245,16.665533,21.286797,20.97837,25.452679,25.85805,29.249264,29.568174,26.024101,22.673048,25.7933,22.522263,21.651918,21.544895,20.658224,21.807318,19.889,23.538044,22.403555,25.95893,26.028471,29.149288,31.927765,31.79541,26.747889,28.323685,23.947685,26.896704,26.41856,25.24542,21.358154,26.245672,23.842697,25.294104,26.999195,25.311926,27.97242,24.446829,29.971224,28.353355,23.011494,23.967472,20.40163,22.533592,19.739868,16.717344,18.489355,18.31932,18.820103,21.965157,19.688639,16.160744,17.51409,14.182122,14.40218,10.041895,13.225111,9.900858,13.9301605,14.903398,18.241032,20.565117,21.529394,21.76649,20.252117,20.007383,17.118599,15.088049,12.933839,13.465917,13.796387,14.141392,16.878067,18.46826,21.440636,21.28441,19.408606,23.3532,20.029531,24.406738,23.912863,28.482283
19,14.522033,10.182426,11.94981,7.9549775,7.257175,11.54807,9.461487,16.034752,15.680945,19.474037,21.907516,20.468645,20.733122,18.533829,15.588091,12.532054,9.405513,6.2367115,5.3006344,0.0,4.177214,6.796176,9.12931,9.467523,12.939672,13.290449,13.9888525,13.692552,9.741412,11.868606,12.076565,14.683374,20.361801,21.029074,25.005156,26.136408,29.202993,28.815023,25.421877,21.816109,24.06146,20.015045,18.987032,17.712185,17.137114,17.237265,15.074744,18.454176,17.250736,20.848316,20.864693,24.225353,26.932621,27.172733,22.238413,24.01714,19.466787,22.454561,22.575644,20.990417,17.131193,21.684732,19.726873,20.932568,23.498272,21.323685,24.348791,21.004492,26.655088,24.720781,19.43486,21.161163,18.045391,21.21164,19.239576,16.711004,19.52703,19.660933,20.9739,24.057959,22.344986,18.52804,18.94782,15.359195,14.5616,10.493237,11.960561,7.1543207,10.225273,11.102092,13.732868,16.356604,16.915142,17.211771,16.288195,16.54164,13.882539,11.365978,9.345411,9.270253,11.514916,11.264482,15.398616,17.413912,21.268795,20.440641,18.100378,22.544434,18.10478,22.688448,21.892862,26.365417
20,14.72024,10.583672,13.913231,10.288026,10.788421,14.966824,13.556192,19.997202,19.487642,23.472809,25.495298,23.927813,24.334274,21.797592,19.036797,15.832593,12.387651,9.850288,6.724322,4.177214,0.0,4.8578763,5.6354475,7.0230503,11.449255,12.677055,14.985541,14.570068,12.509554,13.843914,15.219056,16.64651,23.315636,23.24059,27.593307,28.759407,31.509357,31.110498,27.342896,23.46675,26.35172,21.729994,21.48062,19.50187,19.916819,19.231071,17.318441,20.127071,18.758385,22.316814,21.587149,25.491186,27.53618,28.268944,23.343058,25.720308,21.545729,24.80836,25.518742,23.876553,20.176847,24.254908,22.606586,23.224651,25.97849,23.089762,25.914837,22.10703,27.548717,24.917765,19.434254,20.59113,18.008764,20.087976,19.21857,15.961216,19.201332,20.111183,21.586632,24.963701,23.670473,19.739948,21.128622,17.361128,15.816634,12.400175,12.180292,6.7096715,9.290005,8.922606,12.025987,13.976009,15.052288,15.578596,14.405987,14.824132,13.00951,11.43457,10.388224,11.532506,13.874803,14.776535,18.510002,21.169754,24.963959,24.465471,22.202799,26.720015,22.142128,26.708492,25.654535,30.103493
21,10.572344,6.920994,11.43407,9.540422,10.761285,15.311503,15.128552,21.408705,22.009205,25.60001,28.484472,26.628727,26.36615,24.205921,20.624165,18.376404,13.966081,12.362904,8.657246,6.796176,4.8578763,0.0,5.624129,8.549947,11.034978,13.700554,15.838348,16.850344,15.204363,17.59566,18.541573,20.980179,27.138134,27.55364,31.716215,32.812115,35.80808,35.41563,31.838787,28.054523,30.530748,25.991796,25.274466,23.039524,22.992043,21.78323,19.09132,21.39214,19.143703,22.361452,21.070463,24.51487,26.290657,26.457201,21.381685,23.910656,20.49753,24.131182,24.863216,24.09343,20.837929,25.510105,24.634645,25.673094,29.196177,26.41284,29.591312,26.103605,31.596252,28.817797,23.4484,24.9305,22.626919,24.71739,24.074549,20.721104,23.849138,24.698517,25.911152,29.292133,27.64389,23.84313,25.164373,21.516708,20.434105,16.651855,17.016932,11.439609,13.355881,12.071766,14.0563755,15.251584,15.232716,14.541918,12.143632,11.561891,9.179745,8.303638,7.7131815,10.44812,11.446463,14.267271,16.648397,20.37162,23.94744,24.368357,22.61393,27.763893,23.84932,28.503626,28.117365,32.46881
22,15.787977,12.480143,16.968481,14.636127,15.229084,19.902676,18.478485,25.103024,24.6743,28.427952,30.595749,29.383549,29.798882,27.38207,24.48596,21.391506,17.843428,15.260554,12.11749,9.12931,5.6354475,5.624129,0.0,4.090988,7.7305136,10.490397,14.367757,14.666721,15.2906885,16.65319,19.054787,20.357327,27.750042,27.815468,32.00961,33.512066,35.912388,35.14408,31.331581,27.276018,29.923014,24.622847,24.729393,21.481653,22.701946,20.520582,18.49294,20.156939,18.293482,21.499453,19.714645,24.059484,25.150927,26.465872,21.766197,24.871323,21.427258,24.960684,26.580912,25.015238,21.820929,25.292982,24.57467,24.661806,28.31674,24.660679,27.566896,23.764723,28.88063,25.405779,20.115076,21.323938,19.872149,21.46567,22.232204,18.871017,22.718193,24.281643,26.089827,29.54709,28.691862,24.709906,26.259027,22.434668,20.244255,17.448965,15.63027,9.965776,10.235467,7.649523,9.454675,10.0347805,10.833137,11.166792,9.754938,10.602883,10.354962,10.105536,10.670216,12.776479,15.617921,17.532784,21.002058,24.535551,28.530184,28.254286,26.050734,30.976894,26.100145,30.67518,29.547918,33.795147
23,18.741692,15.184505,19.016682,16.403059,16.062645,20.865276,18.275282,24.997883,23.936369,27.509792,29.407269,28.908125,29.727903,27.443365,24.9496,21.460579,18.781218,15.359058,13.621598,9.467523,7.0230503,8.549947,4.090988,0.0,5.5778866,6.8652983,11.173153,10.897569,12.769201,13.761341,16.845684,17.997864,25.732351,26.158485,29.980816,31.852066,33.948822,32.80071,29.136116,25.063824,27.217434,21.620983,21.84881,18.008142,19.712132,16.989187,15.335826,16.763895,15.358972,18.629747,17.077522,21.795162,22.953035,24.82327,20.412039,23.482811,19.681942,22.915384,24.88417,22.695436,19.519938,22.213848,21.522974,21.161438,24.944527,20.986359,23.886633,20.199165,25.215569,21.642733,16.50265,18.178757,17.060879,19.427155,20.512104,17.810078,22.020855,23.557415,25.776157,29.051392,28.535963,24.501347,25.45284,21.660975,19.024662,16.718937,14.001066,8.505273,7.263942,4.4770627,5.568906,7.0983233,8.16962,9.517594,9.765932,11.623187,11.717821,10.758472,11.271723,12.199274,16.336372,17.049372,21.46301,24.531845,28.868715,27.872822,25.327913,30.009962,24.515171,28.937277,27.406866,31.477472
24,19.360239,16.53484,20.255928,18.900751,18.129688,23.30932,20.628683,27.286114,26.70346,29.663986,32.237835,32.160107,32.70388,30.924164,28.011873,25.000172,22.223911,18.768185,17.60531,12.939672,11.449255,11.034978,7.7305136,5.5778866,0.0,4.6365023,8.835583,10.679924,14.254419,16.259722,19.168064,21.439735,28.706131,30.072803,33.29818,35.44826,37.543816,36.023094,32.779736,28.854057,29.970545,24.35752,24.0274,19.443546,20.874687,16.908712,14.572201,14.648199,12.338992,14.97161,12.498433,17.234852,17.799887,19.877367,15.747554,19.246038,16.240183,19.586096,22.286293,20.466455,18.103157,20.45988,21.052084,20.756346,25.726467,21.739874,25.054756,22.151579,26.940628,23.266428,18.822178,21.35123,20.837152,23.888865,25.252327,23.014189,27.299034,28.672497,30.953032,34.106853,33.477516,29.462208,29.803658,26.116457,23.666075,21.196516,18.783693,13.422975,11.522163,8.909781,6.6472692,7.017103,4.7434816,4.362663,5.566263,8.14386,9.187747,8.688852,10.36185,11.329705,15.741797,16.89625,20.913372,24.51866,28.990925,28.123884,25.765572,30.84492,25.428106,29.72892,28.56232,32.257027
25,22.428028,19.153368,22.107224,20.16018,18.638103,23.592924,19.859848,26.330679,25.028673,27.778412,29.918823,30.5396,31.52282,29.86228,27.50176,24.138496,22.345694,18.295458,18.40241,13.290449,12.677055,13.700554,10.490397,6.8652983,4.6365023,0.0,5.5575566,6.3192186,11.465252,12.933649,16.330204,18.39509,25.642061,27.351948,30.117891,32.569412,34.359596,32.51617,29.507994,25.698275,26.2402,20.544706,20.259575,15.229022,17.087616,12.653576,10.921464,10.860974,9.553904,12.471681,10.93286,16.033478,17.123587,19.727402,16.03641,19.057253,15.300392,18.024715,20.845343,18.10911,15.632049,16.956795,17.324617,16.501709,21.449091,17.263523,20.56795,17.913502,22.594484,19.084995,14.953825,18.085394,17.741148,21.680029,22.956814,21.516558,25.856947,27.038914,29.59255,32.475292,32.127083,28.17797,27.89793,24.383972,21.693415,19.765036,16.87884,12.348702,9.543038,8.076942,4.8541884,7.0274167,5.6433177,7.2169495,9.931007,12.5484085,13.028026,11.522604,12.3499565,11.729999,17.078463,16.584044,21.587675,24.315138,29.002073,27.282438,24.552137,29.112942,23.121943,27.149233,25.497879,28.97987
26,22.974066,19.797476,21.509056,19.986795,17.5594,22.231934,17.918318,23.81185,22.687628,24.657263,27.30193,28.489489,29.323437,28.296053,25.905907,22.998562,21.836458,17.688469,19.273535,13.9888525,14.985541,15.838348,14.367757,11.173153,8.835583,5.5575566,0.0,4.8887434,9.07775,11.810374,14.076568,17.675526,23.528555,26.425592,28.381098,30.957624,32.94532,30.906204,28.56173,25.178705,24.452148,19.459305,18.012554,13.292148,13.8034725,9.130558,6.232198,5.975615,4.3329396,7.814664,7.9609933,12.244275,14.668692,16.579552,13.051498,15.171319,10.70412,12.936292,15.644544,12.589964,10.302876,11.652448,12.557044,12.459536,18.154346,14.870878,18.734127,17.190996,21.993685,19.548712,16.069748,20.061909,19.177862,24.342531,24.48482,23.779272,27.726543,28.195944,30.612171,33.152737,32.463238,28.705845,27.368563,24.205853,22.16897,19.967989,18.33077,14.3745,12.325059,12.370986,9.957864,12.521525,10.617747,10.933257,13.223669,15.130167,14.418836,11.926837,11.982656,9.707453,15.318512,13.430726,18.743107,20.792948,25.555233,23.316744,20.554794,24.965302,19.01225,22.764626,21.432499,24.57338
27,25.296598,21.59874,23.322256,20.74713,18.327745,22.58724,17.682375,23.488089,21.323286,23.664213,25.267645,26.765629,28.233078,26.852549,25.251404,21.66769,21.309149,16.804386,18.762732,13.692552,14.570068,16.850344,14.666721,10.897569,10.679924,6.3192186,4.8887434,0.0,7.3424025,8.067489,11.580409,13.764323,20.36071,22.759277,24.789034,27.528105,29.113852,26.966072,24.4134,20.924904,20.488625,15.054352,14.35186,9.132263,11.038991,6.472727,5.9228735,7.060414,8.121968,11.373957,12.13994,16.506203,18.801094,21.171318,17.898596,19.799204,15.029664,16.706816,18.939367,15.10102,12.20355,12.449278,11.7437105,10.514234,15.133262,11.115958,14.666819,12.521758,17.459818,14.950282,11.248425,15.329604,14.469582,19.924854,20.152353,19.938,23.908823,24.461348,27.137468,29.53435,29.310146,25.602528,24.263027,21.164818,18.603058,17.238482,14.644909,11.806084,9.115429,10.241883,8.490497,11.825805,11.594516,13.37838,15.991359,18.25233,17.725473,15.227416,14.887073,12.559047,18.215403,15.572017,21.503761,22.805445,27.538519,24.743855,21.60444,25.258047,18.712297,22.301708,20.065327,23.332823
28,22.323984,18.374043,18.725544,15.6345625,12.634246,16.06336,10.668509,16.201279,14.057884,16.558605,18.553371,19.651619,20.920355,19.69292,18.086344,14.694535,14.968037,10.494312,14.05835,9.741412,12.509554,15.204363,15.2906885,12.769201,14.254419,11.465252,9.07775,7.3424025,0.0,4.8328056,5.2000885,9.868933,15.032357,17.884058,20.112825,22.331787,24.796309,23.292625,20.842285,17.621754,17.382761,13.270014,11.123647,9.095403,7.833484,7.8834257,6.4117613,10.664887,11.307756,14.803806,16.546465,19.62145,23.055208,23.876568,19.926363,20.894264,15.464369,17.105387,17.473083,14.152351,10.090204,12.950343,10.27337,11.267643,14.113423,12.271167,15.774406,13.65632,19.28265,18.313047,14.166448,17.572556,14.774728,20.485394,18.370262,18.173721,21.204168,20.76474,22.846489,25.07136,24.045416,20.521233,18.543242,15.624646,14.337216,11.924989,12.151884,9.864654,10.086622,12.619754,13.265018,16.89284,16.978937,17.992863,19.147324,20.438587,18.356968,15.080567,13.312569,10.188974,14.815166,10.8069315,17.019955,17.216908,21.720375,18.689566,15.410448,18.840302,12.468713,16.545656,14.683931,18.70954
29,25.825815,21.638977,22.334078,18.504675,15.940639,18.787846,13.3462305,18.301872,14.89647,17.778254,18.166965,19.681501,21.78917,20.084944,19.5873,15.433613,16.647882,12.144934,15.528548,11.868606,13.843914,17.59566,16.65319,13.761341,16.259722,12.933649,11.810374,8.067489,4.8328056,0.0,4.946585,5.865477,12.811053,14.75275,17.19365,19.688158,21.538973,19.858902,17.005835,13.496601,13.858098,8.933632,8.113639,6.02568,6.9900317,7.962774,8.991498,12.747809,14.435713,17.799046,19.49206,23.06688,26.141884,27.659025,23.979105,25.142643,19.750067,21.10198,21.698582,17.850548,14.0015335,15.204506,11.730142,11.27479,12.354888,9.8412485,12.5345545,9.533611,15.240906,14.397478,10.164997,13.25017,10.191796,16.278849,14.133837,14.690588,17.746668,17.456417,19.962645,22.016232,21.709967,18.236675,16.33501,13.492298,11.234419,10.372877,8.924957,8.828379,8.481187,11.969707,13.176925,16.902435,18.043734,19.979195,21.614552,23.339653,21.817575,18.850319,17.330828,14.681429,19.299263,15.4690895,21.60597,21.446144,25.73416,22.394135,18.991978,21.424,14.8314495,18.299025,15.359832,19.246897
30,25.110071,21.074398,20.570072,16.881565,13.813255,15.652143,9.846662,13.806198,10.290453,12.859591,13.754142,15.382724,17.31204,16.100975,15.679646,12.011349,14.155735,10.066615,14.883245,12.076565,15.219056,18.541573,19.054787,16.845684,19.168064,16.330204,14.076568,11.580409,5.2000885,4.946585,0.0,6.455863,9.885319,13.11106,15.077605,17.197592,19.841433,18.560001,16.316557,13.522451,13.123656,10.31599,7.4979424,8.647416,6.0849276,9.838392,9.994101,14.398649,15.826699,19.02506,21.321888,23.995949,27.712534,28.337645,24.56631,25.026594,19.520748,20.565506,20.075634,16.669403,12.675091,14.99673,10.858049,12.036312,12.289571,11.930765,14.616644,12.739378,18.117767,18.398401,14.737724,17.58378,13.980819,19.843826,16.263243,16.966211,19.054333,17.810194,19.668377,21.363869,20.279152,17.170557,14.200158,11.8883095,11.357992,9.579403,11.251598,11.400518,12.538666,15.90174,17.33877,21.055622,21.727282,23.03186,24.107094,25.30018,22.981003,19.651897,17.50352,14.3840885,18.008053,13.288012,19.121996,17.920652,21.878914,18.197424,14.7752285,16.690836,10.306158,13.852571,11.26556,15.563249
31,28.919247,24.634663,24.848799,20.37434,18.130486,19.597435,14.465277,17.936232,13.38049,16.549955,15.063445,16.70295,19.632118,17.547146,18.503319,13.988526,16.713036,12.934969,16.665533,14.683374,16.64651,20.980179,20.357327,17.997864,21.439735,18.39509,17.675526,13.764323,9.868933,5.865477,6.455863,0.0,8.636527,9.081644,12.10732,14.422174,16.113478,14.854273,11.49044,7.8646965,9.760211,5.9959173,6.468904,8.436865,9.102211,12.570579,14.344761,18.163834,20.162743,23.411745,25.321243,28.740145,31.939829,33.350124,29.651756,30.58112,25.106619,26.215588,26.206556,22.41162,18.560726,19.578754,15.239759,14.77076,13.041559,11.843765,12.898827,9.706374,14.599127,15.02768,11.4435835,12.934012,8.763368,14.351425,10.228504,12.039177,13.861634,12.79986,15.272637,16.793375,16.853973,13.80643,11.402368,9.166647,6.9053283,8.091148,7.4350834,10.799304,11.6320715,15.534197,17.717388,21.281328,23.118868,25.316961,26.732647,28.344896,26.661148,23.72944,21.911486,19.446526,23.293005,19.258787,25.01714,23.991928,27.71957,24.142591,20.799519,21.917027,15.9094305,18.643526,15.136503,18.9523
32,33.06696,29.100723,27.749725,23.686577,21.000029,20.565405,15.739659,15.765782,10.51546,11.793114,8.113382,11.8068,15.39038,14.519687,17.125599,13.979217,18.716953,16.251616,21.286797,20.361801,23.315636,27.138134,27.750042,25.732351,28.706131,25.642061,23.528555,20.36071,15.032357,12.811053,9.885319,8.636527,0.0,6.1719317,5.5030403,7.69077,10.433707,9.655682,8.691525,8.412416,6.9016905,9.675827,7.4869127,13.375015,11.073824,16.89007,18.589554,22.564707,24.839382,27.596125,30.45164,32.734253,36.64623,37.24241,33.865536,33.780846,28.337976,28.584602,27.323486,23.877253,20.511147,21.450212,16.469597,17.189257,13.127447,15.328915,15.6698885,14.920652,18.264559,20.819351,18.84795,20.369602,16.46455,21.511087,16.07421,18.705097,18.636404,15.954887,17.145643,17.074657,16.397478,15.028885,9.877948,10.519702,11.664157,12.642039,15.220007,18.547823,20.021532,23.860981,25.831064,29.505249,30.838526,32.582516,33.78501,35.01533,32.631027,29.318504,26.971697,23.918383,26.685953,21.639301,26.594946,23.777487,26.523083,22.189829,19.16345,17.834513,13.35175,14.127479,10.446176,13.497903
33,34.108852,30.012445,29.201595,24.520807,22.644396,21.989054,18.005167,18.410912,13.209935,15.745807,11.264694,12.934276,16.851835,14.769675,18.11156,14.3789835,18.988638,17.025911,20.97837,21.029074,23.24059,27.55364,27.815468,26.158485,30.072803,27.351948,26.425592,22.759277,17.884058,14.75275,13.11106,9.081644,6.1719317,0.0,5.535458,6.1480675,8.364207,9.109571,5.81396,5.2168055,8.784722,10.8041935,11.220405,16.195374,15.538182,20.593328,22.431847,26.428879,28.536814,31.632595,33.9402,36.87447,40.44148,41.38316,37.660583,38.089474,32.585632,33.3421,32.38763,28.957672,25.272882,26.440254,21.555765,21.652966,17.658445,18.601269,18.269531,16.256113,19.183264,21.279135,18.981136,19.03766,14.884722,18.250309,12.022286,14.908242,13.668462,10.59817,11.6317215,11.147968,11.272855,10.3358345,5.8860455,7.415859,8.430483,11.197191,13.311484,18.021214,19.895885,23.724688,26.47539,29.910982,31.994886,34.117603,35.14628,36.438126,34.306263,31.303946,29.064322,26.651497,29.3384,25.067564,29.934635,27.656424,30.291574,26.585049,23.692047,22.767996,18.650246,19.912342,16.532835,19.610355
34,37.91086,33.90064,32.627983,28.331537,25.955873,25.120113,20.763283,20.14545,14.9249,15.894189,10.687316,14.249815,18.229837,17.24889,20.870512,17.871075,22.8899,20.843262,25.452679,25.005156,27.593307,31.716215,32.00961,29.980816,33.29818,30.117891,28.381098,24.789034,20.112825,17.19365,15.077605,12.10732,5.5030403,5.535458,0.0,3.6412523,4.950912,4.8116074,5.0747166,7.5045905,6.5261803,11.542471,11.086505,16.960665,15.658803,21.233093,23.493876,27.220102,29.79809,32.48016,35.342308,37.766453,41.558903,42.41485,39.15745,39.10796,33.66801,33.77943,32.57003,28.984118,25.773512,26.075998,21.079952,21.20223,16.004402,18.369125,17.494091,16.975073,18.887415,22.182192,21.072098,21.693815,18.079958,22.148146,16.458002,19.924519,18.86087,15.892583,16.809717,15.638375,15.83049,15.597184,10.596882,12.587099,13.666533,16.018932,17.942505,22.334724,23.68095,27.587713,29.753199,33.314564,35.07198,37.150772,38.506996,39.882812,37.67969,34.46386,32.17702,29.260492,32.038624,27.102741,31.95529,28.97823,31.408758,27.08478,24.242756,22.176779,18.443916,18.42475,14.727043,16.667707
35,38.42132,34.528137,32.967293,28.642235,26.54157,25.032625,21.355173,19.894682,14.92941,15.860084,10.048266,12.817011,16.84034,15.832134,20.063492,17.513222,22.769226,21.420736,25.85805,26.136408,28.759407,32.812115,33.512066,31.852066,35.44826,32.569412,30.957624,27.528105,22.331787,19.688158,17.197592,14.422174,7.69077,6.1480675,3.6412523,0.0,4.5550675,6.881332,7.1262984,9.694056,10.145914,14.799318,14.320132,20.175503,18.609844,24.299078,26.222725,30.14971,32.477867,35.266056,38.06081,40.42475,44.31106,44.91353,41.46027,41.35924,35.93181,36.171757,34.65586,31.394104,28.101788,28.963434,23.963776,24.435448,19.458351,21.832827,21.092905,20.318653,22.331747,25.454227,24.033136,24.312885,20.476732,23.874332,17.741066,20.876148,19.079792,15.689571,15.856752,14.155305,13.954741,14.554151,9.534129,12.455976,14.458303,16.660353,19.424166,23.883041,25.74349,29.607159,32.118366,35.650105,37.483185,39.451077,40.50102,41.678566,39.26886,36.079014,33.644714,30.910082,33.175564,28.436981,32.846157,29.664837,31.65521,27.608938,25.04707,22.62786,19.809341,19.679293,16.566269,18.512772
