,0,1,2,3,4,5,6,7,8,9,10,11,12,13,14,15,16,17,18,19,20,21,22,23,24,25,26,27,28,29,30,31,32,33,34,35,36,37,38,39,40,41,42,43,44,45,46,47,48,49,50,51,52,53,54,55,56,57,58,59,60,61,62,63,64,65,66,67,68,69,70,71,72,73,74,75,76,77,78,79,80,81,82,83,84,85,86,87,88,89,90,91,92,93,94,95,96,97,98,99,100,101,102,103,104,105,106,107,108,109,110,111,112
0,0.0,4.656722,6.59674,9.681679,12.461016,14.817604,18.002626,19.60839,23.721443,25.930452,29.957214,33.037178,30.330444,29.012304,23.897736,23.64549,18.141327,20.399914,15.315708,17.606743,13.782431,13.050813,12.872561,16.796362,17.521439,20.275076,19.8532,23.947874,23.16029,28.1053,29.880978,34.54429,34.298546,38.15172,39.646732,40.495846,42.494263,43.70303,38.262856,37.293346,33.533016,33.441956,28.218859,29.822298,24.702003,28.98548,24.733383,26.654877,26.968832,30.29282,30.841682,32.778362,36.926773,36.148064,39.71945,37.577045,36.471706,37.852936,41.79832,38.585167,44.40779,38.630363,41.91011,41.89765,44.813843,44.22906,45.982327,45.801903,43.02717,41.396805,39.174282,41.456085,40.815655,36.80849,39.625233,36.058678,40.949894,35.7964,41.636948,39.943867,39.639732,35.80013,33.335403,30.792574,28.444572,29.471039,24.702763,28.303658,24.504963,27.471413,27.004917,29.653442,31.117817,33.244373,31.717127,30.513767,29.103653,26.603596,24.205025,25.315071,23.415987,28.397036,28.759693,31.049541,33.546104,35.98442,38.357475,35.7515,40.315628,34.667805,37.457355,35.49499,37.45144
1,4.656722,0.0,4.8856683,5.8511147,8.442659,11.716244,14.273227,16.969595,20.444403,23.10811,26.92835,30.439896,28.124832,26.80589,21.81737,20.931158,15.77598,17.059576,12.843938,13.775223,10.249992,8.730568,9.427106,12.826925,13.209568,15.945883,15.220787,19.32284,18.680984,23.545946,25.778929,30.372158,30.501692,34.209896,35.95017,36.895554,39.069817,40.615723,35.15419,34.080383,30.17196,29.934975,24.544092,25.830683,20.7009,24.646988,20.44562,22.130445,22.51433,25.693695,26.186836,28.149931,32.275017,31.581535,35.087738,32.986546,31.955091,33.425026,37.423115,34.324417,40.283573,34.602364,38.180695,38.376488,41.493874,41.10502,43.159283,43.176907,40.337845,38.70072,36.17491,38.554302,37.635284,33.365803,35.993057,32.242188,36.98242,31.622414,37.394726,35.583385,35.533047,31.447626,29.24834,26.58698,24.437267,25.547375,20.900745,24.755045,21.047312,24.35594,24.016415,27.08342,28.464188,30.938625,29.949926,28.779554,26.947042,24.694324,21.834711,23.100147,20.562456,25.585096,25.471071,27.665136,29.972567,32.249004,34.743595,32.289703,36.982033,31.407047,34.52156,32.618103,35.012684
2,6.59674,4.8856683,0.0,5.159689,6.9305873,8.473288,11.835625,13.105807,17.360605,19.397423,23.63172,26.580431,24.226686,23.209572,17.900848,17.917704,12.753211,15.170141,11.109105,13.599064,11.753257,10.7108135,12.824559,16.02811,16.099281,18.574425,16.32303,20.004663,18.37522,23.574715,24.197721,29.384214,28.431236,32.858612,34.00995,35.242283,36.9991,38.2583,32.751,32.117695,27.955574,28.593113,23.156992,25.34942,20.325525,25.04574,22.092953,23.664171,24.666227,27.12256,26.957361,28.693157,32.634773,31.18239,35.315834,33.50874,32.085022,33.90733,37.710484,34.589264,40.26908,34.17654,37.70042,37.454933,40.711197,39.49772,41.83994,41.412296,38.417133,37.093548,34.910297,37.680756,37.084156,32.918148,35.95588,32.502514,37.582615,32.70736,38.354218,36.841244,37.507977,33.24144,31.659327,28.428778,26.23084,26.684143,22.23152,24.88834,20.691732,23.51231,22.421856,25.31979,26.082256,28.866192,27.782185,27.210155,25.719404,24.053692,21.425127,23.445406,21.477592,26.56504,27.486048,28.871227,31.709105,34.043987,36.07934,33.45951,37.58706,31.597517,34.50685,32.024986,34.393448
3,9.681679,5.8511147,5.159689,0.0,3.723435,6.5148015,8.945006,11.982553,14.873981,17.901731,21.301567,25.168938,22.85604,21.432882,16.710894,15.299621,10.496003,11.28061,7.9401555,8.631144,7.113499,6.0266123,9.103871,11.8447075,12.151048,14.194571,11.731327,15.366232,13.81626,18.960917,20.22302,24.915195,24.736794,28.565557,30.150045,31.157137,33.254482,34.82636,29.351812,28.344458,24.336306,24.318556,18.852299,20.539274,15.443965,20.01017,17.028898,18.838455,20.18924,22.58879,22.551521,24.076591,28.306328,26.997694,30.837252,28.761408,27.314243,28.931839,32.751484,29.57952,35.32736,29.372097,32.964005,32.971943,36.249317,35.53697,37.883232,37.809982,34.871544,33.3672,30.8307,33.479866,32.598934,28.265438,31.095488,27.50226,32.489075,27.55747,33.229774,31.76749,32.440094,28.26915,26.761967,23.368052,21.130367,21.542437,17.138449,20.010723,15.989866,19.186516,18.5342,21.799513,22.893908,25.698122,25.112137,24.25796,22.263113,20.616308,17.548174,19.49694,16.965506,22.010035,22.636297,23.925684,26.674015,28.956001,31.006174,28.461103,32.70819,26.85009,29.999025,27.741346,30.417795
4,12.461016,8.442659,6.9305873,3.723435,0.0,4.7259073,5.912213,9.917145,12.436465,15.429759,19.115038,22.880379,21.317053,20.334696,15.558679,14.284678,10.446818,10.5241785,9.336051,8.752554,9.20383,7.1826534,11.286833,12.706058,12.013492,13.883489,10.173948,13.423953,11.555194,16.74548,17.73816,22.938318,22.487486,26.758738,28.263098,29.705711,31.715479,33.538155,28.035378,27.272444,22.833033,23.346062,17.636538,19.420328,14.515379,18.753227,16.57169,17.600586,19.04862,20.829712,20.301342,21.932098,25.801435,24.253578,28.435638,26.75711,25.328535,27.388893,31.202229,28.286118,34.094303,28.110706,32.127113,32.167576,35.769123,34.786587,37.663597,37.52906,34.443443,33.164673,30.527145,33.48878,32.47015,27.923445,30.668194,27.011251,31.84422,26.824562,32.24273,30.647102,31.943638,27.311127,26.434443,22.876156,21.08469,21.416939,17.480286,20.052452,16.05777,19.292002,18.307137,21.884727,22.356724,25.757801,25.674728,25.254257,23.131084,22.09589,18.867214,21.194384,18.399958,23.25086,23.609598,24.517054,27.089079,29.101957,31.160295,28.816074,32.933983,27.10542,30.470407,28.038109,31.10984
5,14.817604,11.716244,8.473288,6.5148015,4.7259073,0.0,4.1790724,5.4887366,8.914248,11.458325,15.311329,18.765718,16.80738,15.912146,10.901553,10.321349,6.6568274,8.161577,7.6680083,9.26809,11.376732,10.762364,14.78571,16.51533,16.166307,17.571579,13.1247835,15.46175,12.420294,17.623775,16.284826,21.854895,20.12926,25.019588,25.82036,27.385197,28.938257,30.345146,24.814325,24.461018,19.913464,21.298624,15.770485,18.711168,14.191131,19.414038,18.737526,19.99594,22.158018,23.231884,22.14841,23.238214,26.990965,24.572939,29.24486,27.7179,25.757761,27.947176,31.392828,28.369806,33.647243,27.265047,30.939194,30.429352,34.03187,32.213734,35.229877,34.643166,31.448612,30.457275,28.248472,31.530659,30.934784,26.668941,29.890245,26.730902,31.938217,27.751158,32.974197,31.90384,33.750977,29.317076,28.919668,24.86861,22.878391,22.364023,18.758085,19.691458,15.29725,17.694782,15.870072,19.114082,18.98337,22.600004,22.41427,22.585396,20.860353,20.474785,17.656086,20.668062,18.741892,23.427248,25.088425,25.106075,28.299698,30.43289,31.845476,29.285378,32.649067,26.460455,29.43131,26.425594,29.32844
6,18.002626,14.273227,11.835625,8.945006,5.912213,4.1790724,0.0,5.965222,6.749208,10.040081,13.472567,17.398804,16.470749,15.8578615,11.606689,10.167789,8.632565,7.6236196,9.984572,8.939733,12.394617,11.192317,15.679324,16.17927,15.2183695,16.14078,10.866004,12.372495,9.025526,14.01179,12.694989,18.541754,17.073595,22.037525,23.075209,24.9637,26.665667,28.563622,23.083035,22.727219,17.866016,19.341597,13.634555,16.219898,12.067007,16.574856,16.73471,17.290873,19.638084,20.037273,18.54579,19.586395,23.072136,20.512417,25.334824,24.074804,22.159777,24.66709,28.105457,25.353083,30.727846,24.483309,28.633373,28.36639,32.26935,30.585754,34.077244,33.694225,30.441036,29.545677,27.01584,30.445816,29.514181,24.977081,27.894304,24.592796,29.483486,25.171696,30.098001,28.897028,31.265198,26.514378,26.716454,22.574488,21.062061,20.523014,17.529306,18.363747,14.361853,16.959259,15.224425,18.907635,18.396631,22.496756,23.09545,23.414135,21.309866,21.3942,18.291716,21.333797,18.878738,23.193348,24.259825,23.989475,26.826017,28.629354,30.100086,27.835457,31.173319,25.239573,28.531572,25.61893,29.020706
7,19.60839,16.969595,13.105807,11.982553,9.917145,5.4887366,5.965222,0.0,5.4581795,6.346324,10.8975725,13.512905,11.908972,11.811761,6.6406217,7.8987303,7.0422792,9.055466,10.765405,12.811884,16.19253,15.903781,20.037464,21.424475,20.864935,21.891266,16.748169,18.002554,14.22543,18.813478,14.946735,20.954021,17.565996,23.368053,23.2382,25.285479,26.172838,27.268282,21.840218,22.235939,17.384153,20.223434,15.184647,19.128372,15.612095,20.937634,21.964863,22.868025,25.482342,25.613478,23.812605,24.453453,27.65216,24.329617,29.54535,28.51619,26.163944,28.706305,31.682695,28.854326,33.494785,26.916155,30.435085,29.401083,33.148678,30.27324,33.787453,32.67496,29.319141,28.861864,27.116749,30.86182,30.611935,26.632172,30.128704,27.517155,32.771152,29.403389,34.113483,33.441895,36.108986,31.662283,32.0332,27.646055,25.849401,24.660936,21.787859,21.167633,16.854998,18.233068,15.460483,18.257545,16.85886,21.03374,21.14517,22.290068,21.001976,21.680965,19.35568,22.939356,21.669254,25.859493,28.305403,27.416235,30.886131,32.88959,33.73314,31.195282,33.710625,27.434553,30.0676,26.50873,29.40626
8,23.721443,20.444403,17.360605,14.873981,12.436465,8.914248,6.749208,5.4581795,0.0,4.4208994,6.7313066,10.979539,10.367291,10.207401,7.4320726,6.277662,8.861022,7.799475,12.504728,12.447724,17.208082,17.031376,21.323427,21.736822,21.047121,21.318626,15.759484,15.718924,11.552596,15.188403,9.800418,15.828604,12.144141,18.100918,17.988884,20.28321,21.267109,22.827555,17.425917,17.821012,12.645942,15.827408,10.978805,15.014707,12.544964,17.327549,19.912657,20.469141,23.595499,22.83556,20.602043,20.664711,23.627174,19.82335,25.102732,24.224524,21.6095,24.278275,26.939768,24.30139,28.63361,22.107698,25.818485,24.836489,28.839897,25.95803,29.971146,29.05403,25.64711,25.32014,23.302881,27.241024,26.749464,22.66842,25.976828,23.53919,28.551516,25.65421,29.878315,29.462288,32.760464,28.387499,29.484064,24.882076,23.427471,21.77502,19.842854,18.266073,14.532545,15.570214,12.732589,15.81975,13.854033,18.578049,19.760288,21.11053,19.431347,20.858997,18.424032,22.093517,20.633272,24.132057,26.484638,24.885958,28.202093,29.904125,30.427168,28.13667,30.209599,24.207493,26.95974,23.391127,26.76242
9,25.930452,23.10811,19.397423,17.901731,15.429759,11.458325,10.040081,6.346324,4.4208994,0.0,5.6816993,7.5167503,7.940756,9.291591,6.7145524,8.392015,11.320719,11.748215,15.659565,16.648792,21.116648,20.87607,25.18462,25.831104,24.990147,25.453863,19.82187,19.76373,15.678948,18.97649,12.704572,18.667356,13.651673,20.221052,19.156898,21.877817,22.095089,23.1834,18.090218,19.309477,14.19959,18.53286,14.46546,18.805794,16.822874,21.428225,24.290112,24.62956,27.646955,26.647442,24.130302,24.183441,26.58751,22.398289,27.954496,27.548187,24.889559,27.775572,30.130123,27.72722,31.578701,25.116667,28.587057,27.202314,31.167294,27.407726,31.66073,30.220375,26.755852,26.911613,25.45477,29.610777,29.47784,25.769112,29.20997,27.168264,32.102325,29.62038,33.51993,33.233776,36.846268,32.42518,33.757484,29.15934,27.795382,26.029686,24.221605,22.247139,18.564829,19.04459,15.777628,18.161882,15.3573885,20.132126,21.154411,23.163477,22.033997,23.841604,21.842682,25.682611,24.668327,28.088863,30.804598,29.010597,32.43074,34.097645,34.405933,32.11927,33.75407,27.768967,30.182245,26.321165,29.431824
10,29.957214,26.92835,23.63172,21.301567,19.115038,15.311329,13.472567,10.8975725,6.7313066,5.6816993,0.0,5.7727895,6.258763,7.1218176,8.446269,8.147553,13.229382,12.300236,17.422573,17.75345,22.89824,23.253405,27.351112,27.646078,27.12496,26.968552,21.457933,20.504768,16.357084,18.516788,10.638704,15.301832,9.268627,15.692145,13.933626,16.645063,16.51988,17.546581,12.572628,14.13928,9.186613,14.367226,11.718768,16.294094,15.808305,20.029024,24.265316,24.776958,28.315458,26.725588,24.070368,23.312845,25.604456,20.973885,26.226225,25.752146,22.672092,25.274279,26.975765,24.63473,27.588575,21.206036,24.15513,22.403389,26.327766,22.107143,26.653595,25.132357,21.662832,22.102175,20.82444,25.136976,25.150295,21.856718,25.323778,23.961685,28.7505,27.392967,30.70602,31.061256,35.08157,31.219002,33.036705,28.260239,26.94906,24.496351,23.596212,20.181608,17.246923,16.697315,13.302785,15.099934,11.497925,16.430325,18.328218,20.72472,19.63198,22.286541,20.685837,24.543201,23.976131,26.511032,29.773167,27.11679,30.648289,32.16492,31.79562,29.612452,30.343569,24.659817,26.69399,22.686544,25.834673
11,33.037178,30.439896,26.580431,25.168938,22.880379,18.765718,17.398804,13.512905,10.979539,7.5167503,5.7727895,0.0,5.7565746,8.947429,10.4873905,12.596176,17.082413,17.411863,21.718534,22.920568,27.763016,27.939169,32.135166,32.67179,31.944853,32.054676,26.39885,25.594961,21.501844,23.644169,15.71506,20.266867,13.638336,20.04942,17.34906,20.397196,19.270845,19.548355,15.531601,18.015345,13.790014,19.47972,17.43466,21.977844,21.542355,25.639132,29.834358,30.10015,33.45182,31.719452,28.8248,28.204006,29.901945,25.0431,30.497587,30.556362,27.567558,30.396181,31.828009,29.80293,32.27962,26.175043,28.837679,26.73869,30.478941,25.367226,30.030195,27.88843,24.500206,25.538435,24.993916,29.369839,29.776157,26.950064,30.432558,29.417328,34.02806,32.946396,35.951412,36.341003,40.617214,36.632713,38.623608,33.891724,32.67601,30.26206,29.312183,25.8758,22.878035,22.102676,18.51984,19.643408,15.586352,20.085155,21.593605,24.581478,24.111511,26.943457,25.72131,29.674871,29.432762,32.030525,35.5105,32.824936,36.400013,37.883545,37.402508,35.24316,35.632587,30.045895,31.737888,27.552372,30.316809
12,30.330444,28.124832,24.226686,22.85604,21.317053,16.80738,16.470749,11.908972,10.367291,7.940756,6.258763,5.7565746,0.0,3.6375759,6.4624605,9.01689,13.390367,14.69441,18.093119,20.51557,25.020763,25.91237,29.719757,30.937067,30.837694,31.041006,25.750666,25.505077,21.265694,24.115007,16.611181,20.845766,14.821075,20.549814,18.131872,20.168861,19.302197,18.887299,14.409801,16.436644,12.7373705,17.814064,15.804814,20.84563,19.926939,25.05056,28.67392,29.803095,33.32228,32.252586,29.846895,29.189035,31.757736,27.201933,32.381744,31.687551,28.517832,30.801722,32.393852,29.776522,32.31666,25.857872,27.873024,25.501186,28.817505,23.780323,27.628675,25.331099,21.969276,22.686954,22.456161,26.65438,27.476027,24.928102,28.883886,28.004375,33.171856,32.25455,35.79351,36.428185,40.060966,36.52419,37.873222,33.037056,31.227818,28.618881,27.209866,23.461304,20.130844,18.912067,15.107323,15.615452,11.836114,15.881865,16.621103,19.681055,19.6433,22.387077,21.616213,25.623556,26.06995,28.728893,33.043247,30.370003,34.44243,36.320477,35.645718,33.097492,33.430794,27.463491,28.763851,24.393383,26.618423
13,29.012304,26.80589,23.209572,21.432882,20.334696,15.912146,15.8578615,11.811761,10.207401,9.291591,7.1218176,8.947429,3.6375759,0.0,5.6919355,6.71877,11.315335,12.510023,15.726759,18.35782,22.794258,24.153666,27.66902,29.057846,29.34793,29.430351,24.46174,24.332834,20.137114,23.09999,16.0227,19.733917,14.420304,19.430164,17.417204,18.782118,18.315805,17.81205,13.023146,14.456743,11.155011,15.49625,13.636875,18.760727,17.779121,23.262617,26.699236,28.30417,31.954178,31.165348,29.06971,28.283686,31.317545,27.002771,31.867561,30.713705,27.463257,29.3554,30.990435,28.070808,30.62602,24.064999,25.739576,23.340294,26.44676,21.762121,25.154333,23.018764,19.682577,20.04262,19.74858,23.800264,24.711775,22.248537,26.380579,25.561884,30.953684,30.180037,33.934345,34.73522,38.00736,34.81618,35.866432,31.010107,28.924091,26.163433,24.675856,20.648438,17.319742,15.786706,11.962196,12.176079,8.69171,12.575874,13.134156,16.071089,16.045856,18.807018,18.215734,22.207178,22.970188,25.497232,30.196901,27.45387,31.729078,33.76732,32.95887,30.253443,30.552416,24.460518,25.60824,21.21647,23.277964
14,23.897736,21.81737,17.900848,16.710894,15.558679,10.901553,11.606689,6.6406217,7.4320726,6.7145524,8.446269,10.4873905,6.4624605,5.6919355,0.0,5.196032,7.3890934,10.153427,12.217569,15.557969,19.406313,20.308935,23.98973,25.716564,25.804478,26.403967,21.413021,22.083473,17.955858,21.898647,16.099438,21.096292,16.521456,22.102686,20.960203,22.60534,22.786976,22.927603,17.761705,18.642416,14.509853,18.114647,14.490179,19.378937,16.953186,22.812643,24.993525,26.502968,29.720276,29.50649,27.59929,27.483751,30.735928,26.83222,31.941698,30.75638,27.858347,30.021051,32.345947,29.335869,32.933838,26.21129,28.685808,26.861462,30.20923,26.355234,29.62593,27.902748,24.575912,24.474106,23.567947,27.44354,27.917772,24.751856,28.748173,27.07005,32.59689,30.589516,34.961533,35.106495,37.98353,34.246754,34.825474,30.124233,27.988169,25.90439,23.540348,21.02878,16.932878,16.707296,13.165207,14.618437,12.404044,16.303257,16.160494,18.19238,17.72994,19.352343,18.045465,21.996395,22.064323,25.558247,29.527021,27.685532,31.784435,33.9475,33.88985,31.119959,32.500576,26.12117,27.89831,23.806114,26.105007
15,23.64549,20.931158,17.917704,15.299621,14.284678,10.321349,10.167789,7.8987303,6.277662,8.392015,8.147553,12.596176,9.01689,6.71877,5.196032,0.0,5.6887364,5.832153,9.7224045,11.6692505,16.215633,17.49546,21.051027,22.340014,22.70354,22.83115,18.049522,18.355984,14.270473,17.945263,12.605576,16.924023,13.478711,18.199211,17.835043,18.984299,19.894344,20.57372,15.119842,15.12567,11.031458,13.521653,9.556857,14.388278,12.045069,18.052912,20.500559,22.316725,25.814337,25.579363,23.905266,23.491594,27.141695,23.492165,28.165457,26.545647,23.574566,25.38381,27.748653,24.539635,28.278393,21.535656,24.052319,22.525522,25.92873,22.888515,26.049263,24.915472,21.619076,21.04409,19.49778,23.24518,23.356344,19.88327,23.806335,21.961842,27.551842,25.565016,30.028696,30.287432,33.01093,29.550976,30.099936,25.335447,23.11641,20.82585,18.695795,15.849202,11.849341,11.673883,8.253638,10.520197,9.033773,13.172121,13.716849,15.094551,13.827968,15.475938,13.723929,17.676598,17.453918,20.706593,24.609058,22.564493,26.655943,28.805563,28.693888,25.938131,27.440231,21.063362,23.10476,19.194765,21.90227
16,18.141327,15.77598,12.753211,10.496003,10.446818,6.6568274,8.632565,7.0422792,8.861022,11.320719,13.229382,17.082413,13.390367,11.315335,7.3890934,5.6887364,0.0,5.393672,4.8350763,9.2287245,12.255413,13.704604,16.93698,19.157183,19.849794,20.588804,16.454557,18.055603,14.483877,19.168062,16.086678,20.641356,18.37933,22.72534,23.027754,23.903376,25.204323,25.911837,20.49474,20.044718,16.273865,17.533152,12.909345,16.800966,12.950439,19.271736,19.708914,21.966152,24.929459,25.743624,24.679829,24.90232,29.003942,26.089357,30.557652,28.606426,26.043774,27.670567,30.58902,27.17295,31.618185,24.987288,27.631147,26.512764,29.672218,27.435213,29.929852,29.061075,25.964464,24.941557,23.234797,26.46157,26.444155,22.801361,26.583359,24.176092,29.863562,26.939955,32.065083,31.85435,33.6982,30.141348,29.776352,25.324575,22.750477,21.198433,17.902483,16.822615,12.254126,13.2910385,10.90182,13.334394,13.457988,16.510572,15.887355,16.22729,14.932332,15.002301,12.88922,16.455797,15.950552,20.169226,23.676016,22.731161,26.763897,29.209923,29.717913,26.779663,29.217604,22.723223,24.96472,21.521263,23.883684
17,20.399914,17.059576,15.170141,11.28061,10.5241785,8.161577,7.6236196,9.055466,7.799475,11.748215,12.300236,17.411863,14.69441,12.510023,10.153427,5.832153,5.393672,0.0,6.382852,5.8772135,10.829734,12.093431,15.600276,16.591175,17.138805,17.165598,12.789522,13.563298,9.91045,14.163871,11.684238,15.724706,14.68506,18.314713,19.407042,20.178282,22.102848,23.5679,18.124454,17.084642,13.198777,13.472876,8.2162485,11.574126,7.616811,13.916179,15.071521,17.22883,20.571388,20.971676,19.890558,19.811018,24.066942,21.308012,25.461235,23.32648,20.746231,22.284315,25.26779,21.867952,26.568977,20.027472,23.131384,22.495964,25.943258,24.469696,27.274672,27.009209,23.925331,22.6741,20.209433,23.409979,22.778444,18.602774,22.037329,19.271847,24.80391,21.682043,26.746758,26.499546,28.574423,24.97688,24.971329,20.362207,18.003819,16.283121,13.479737,12.261952,7.8269005,9.66198,7.893937,11.567764,12.025704,15.46781,16.076313,16.016975,13.719876,14.054755,11.11633,14.558354,13.020195,16.900164,19.71478,18.467196,22.221867,24.43523,25.024897,22.31105,24.96805,18.654036,21.488699,18.360493,21.507181
18,15.315708,12.843938,11.109105,7.9401555,9.336051,7.6680083,9.984572,10.765405,12.504728,15.659565,17.422573,21.718534,18.093119,15.726759,12.217569,9.7224045,4.8350763,6.382852,0.0,6.621429,7.966663,10.239394,12.697472,15.476212,16.835344,17.662054,14.645076,16.941164,14.192015,18.979591,17.947926,21.810951,21.013342,24.382284,25.466026,25.834745,27.692879,28.637514,23.31489,22.1845,18.922657,18.724705,14.055151,16.774189,12.261703,18.354408,17.25739,20.131102,22.77844,24.41141,24.054869,24.486383,29.048845,26.900644,30.762657,28.320648,26.071995,27.219208,30.435007,26.831026,31.675455,25.345787,27.931871,27.29229,30.181368,29.01709,30.913025,30.580208,27.736355,26.201143,24.1078,26.745527,26.429077,22.667,26.143969,23.344728,28.955656,25.495527,31.032965,30.603281,31.59304,28.31136,27.17245,23.045465,20.143116,19.09271,15.098928,15.37251,10.90404,12.861452,11.80184,14.414825,15.916363,18.120667,17.225151,16.396685,14.655796,13.382134,10.770452,13.59486,12.602014,17.327263,20.374996,20.249788,24.132662,26.773817,27.685375,24.674406,27.827888,21.491604,23.939127,21.14451,23.37767
19,17.606743,13.775223,13.599064,8.631144,8.752554,9.26809,8.939733,12.811884,12.447724,16.648792,17.75345,22.920568,20.51557,18.35782,15.557969,11.6692505,9.2287245,5.8772135,6.621429,0.0,5.5727663,6.889443,10.044958,10.818766,11.855359,11.904174,8.748413,10.681995,8.579058,13.037121,14.28691,17.524296,18.542225,21.025988,23.168169,23.568916,26.139973,28.03657,22.797752,21.12874,17.738005,16.421585,11.261941,12.234206,7.145783,12.322763,10.765204,13.523032,16.332966,17.888035,17.785076,18.256527,23.024778,21.502028,24.838926,22.196016,20.281708,21.367298,24.926851,21.476618,26.975424,21.039722,24.435081,24.640804,27.880432,27.808847,30.10103,30.520275,27.723032,25.972755,22.969152,25.455763,24.244139,19.756098,22.468082,18.906202,24.0479,19.678211,25.31656,24.441236,25.47532,21.832314,20.86894,16.705507,14.131579,13.54873,9.587839,11.458429,7.5804377,11.269521,11.460266,15.1912,16.856182,19.485641,19.883959,18.71909,15.933968,14.804552,11.154128,13.287511,10.145095,14.719011,15.836967,16.020224,19.140898,21.433344,22.945608,20.354143,24.30013,18.442602,21.841778,19.750029,22.934778
20,13.782431,10.249992,11.753257,7.113499,9.20383,11.376732,12.394617,16.19253,17.208082,21.116648,22.89824,27.763016,25.020763,22.794258,19.406313,16.215633,12.255413,10.829734,7.966663,5.5727663,0.0,4.011737,5.044018,7.8189244,10.031407,10.913143,10.230898,13.479328,12.771255,17.041529,19.680061,22.67521,24.105406,26.288034,28.614431,28.755264,31.425207,33.17038,28.005133,26.180979,23.127142,21.397535,16.61362,16.99541,12.067632,16.120813,12.134101,15.290039,16.995502,19.87826,20.643711,21.639196,26.51031,25.797398,28.619402,25.743183,24.339087,25.024727,28.789658,25.335323,31.013823,25.529919,28.64812,29.0855,31.92419,32.413704,34.07752,34.664032,32.080574,30.065437,27.138327,29.091497,27.891214,23.653229,26.084885,22.38777,27.225393,22.361824,28.260841,27.039185,26.883467,23.56251,21.395988,18.092484,15.274223,15.782276,11.007854,14.810348,11.605822,15.230723,15.975091,19.175764,21.468063,23.397789,23.056395,21.245955,18.686937,16.334833,12.930498,13.841521,10.545851,15.517756,15.74208,17.469755,20.146538,22.636732,24.725237,22.12328,26.746645,21.28672,24.522816,23.030304,25.645613
21,13.050813,8.730568,10.7108135,6.0266123,7.1826534,10.762364,11.192317,15.903781,17.031376,20.87607,23.253405,27.939169,25.91237,24.153666,20.308935,17.49546,13.704604,12.093431,10.239394,6.889443,4.011737,0.0,4.569303,5.966621,6.894746,8.546874,7.664192,11.591525,11.457931,15.832345,19.356508,22.89592,24.401352,26.994995,29.440592,30.056465,32.744766,34.82647,29.561079,27.940092,24.362284,23.062742,17.839125,17.990166,12.990649,16.177465,11.763178,13.859878,14.933445,17.961952,18.690289,20.251736,24.81795,24.397099,27.335896,24.810926,23.777971,24.906124,28.918995,25.803959,31.869116,26.518211,30.264956,30.932167,34.11109,34.53802,36.687897,37.28381,34.557514,32.704784,29.60355,31.79089,30.34555,25.791965,27.953432,23.944532,28.415545,22.898647,28.673704,26.916636,26.996521,22.971516,21.011644,17.978931,15.833209,16.97421,12.495751,16.975792,13.898871,17.825737,18.3084,21.894125,23.645191,26.164143,26.137718,24.660877,22.025175,20.036205,16.498173,17.576693,13.867038,18.614773,17.682335,19.680408,21.70507,23.814474,26.37852,24.132162,29.03215,23.789635,27.368616,25.888908,28.875864
22,12.872561,9.427106,12.824559,9.103871,11.286833,14.78571,15.679324,20.037464,21.323427,25.18462,27.351112,32.135166,29.719757,27.66902,23.98973,21.051027,16.93698,15.600276,12.697472,10.044958,5.044018,4.569303,0.0,4.838877,7.61725,9.178408,10.8976965,14.65914,15.267371,19.02563,23.237114,26.052713,28.14649,30.063108,32.76344,32.933617,35.81174,37.803658,32.693882,30.756563,27.696835,25.692652,20.946505,20.550228,15.813081,18.439308,12.848597,15.533284,15.984439,19.816437,21.279762,22.813425,27.533398,27.692114,29.969921,27.075792,26.301226,26.83967,30.839653,27.643291,33.644756,28.7204,32.054077,32.93074,35.70089,36.773666,38.32297,39.191063,36.71208,34.573677,31.451488,33.112053,31.622171,27.326086,29.220713,25.21891,29.431477,23.854513,29.728445,27.938877,26.982172,23.62772,20.70696,18.403366,15.998426,17.678688,12.993724,18.307627,15.855552,19.694962,20.800428,24.025822,26.421173,28.274948,27.920702,25.866762,23.2654,20.543695,17.240068,17.32289,13.622363,18.12947,16.550325,19.522635,21.190506,23.433758,26.26186,24.032639,29.304382,24.505033,27.913237,27.005539,29.58928
23,16.796362,12.826925,16.02811,11.8447075,12.706058,16.51533,16.17927,21.424475,21.736822,25.831104,27.646078,32.67179,30.937067,29.057846,25.716564,22.340014,19.157183,16.591175,15.476212,10.818766,7.8189244,5.966621,4.838877,0.0,3.7478297,4.5288615,8.0981245,11.462182,13.283471,16.066236,21.772724,24.07151,27.070383,28.476358,31.64741,31.925983,35.071033,37.55875,32.605667,30.532093,27.436127,25.111975,20.45617,19.077034,14.809666,15.765621,9.439964,11.420088,11.294977,15.42665,17.29835,19.035063,23.615664,24.422415,26.160446,23.286913,22.980295,23.498001,27.646997,24.796776,31.080233,26.68107,30.48213,31.852156,34.814198,36.3841,38.255367,39.467213,37.0071,34.87481,31.360518,32.983757,31.016682,26.436602,27.727177,23.388704,26.94859,20.751516,26.42934,24.174349,23.22562,19.463554,16.623243,14.6772995,12.973943,15.427779,11.379592,17.588024,15.932922,20.096457,21.526676,25.102573,27.311861,29.468302,29.786003,27.814135,24.830563,22.521036,18.932272,18.924208,14.450547,18.303997,15.088955,18.286367,19.012722,20.75606,24.102388,22.383997,28.011412,23.79151,27.647703,27.110653,30.198866
24,17.521439,13.209568,16.099281,12.151048,12.013492,16.166307,15.2183695,20.864935,21.047121,24.990147,27.12496,31.944853,30.837694,29.34793,25.804478,22.70354,19.849794,17.138805,16.835344,11.855359,10.031407,6.894746,7.61725,3.7478297,0.0,3.1274216,6.2550616,9.747238,12.058091,14.670719,20.83727,23.594206,26.483759,28.2972,31.451712,32.18257,35.257698,37.99151,32.983383,31.15114,27.618998,25.80015,20.849571,19.49114,15.327685,15.697305,9.901403,10.33053,9.57509,13.527303,15.166339,17.419964,21.572268,22.530312,24.46575,22.05434,22.021528,23.069006,27.339108,24.848045,31.335958,26.980585,31.304056,32.7499,36.046734,37.356636,39.731194,40.85711,38.240864,36.316166,32.723812,34.65811,32.569378,27.75688,28.941622,24.473598,27.784561,21.266167,26.659903,24.019783,23.674685,19.148588,16.98091,15.109852,14.208532,16.761566,13.263359,19.195896,17.43368,21.672443,22.7369,26.588123,28.270342,30.953054,31.555851,29.959272,26.939217,25.063099,21.349598,21.801254,17.258703,21.065252,17.654963,20.477201,20.913486,22.27103,25.75537,24.310091,29.860523,25.675602,29.74077,29.004494,32.42298
25,20.275076,15.945883,18.574425,14.194571,13.883489,17.571579,16.14078,21.891266,21.318626,25.453863,26.968552,32.054676,31.041006,29.430351,26.403967,22.83115,20.588804,17.165598,17.662054,11.904174,10.913143,8.546874,9.178408,4.5288615,3.1274216,0.0,5.823253,8.204319,11.175143,12.855545,19.726015,21.715322,25.2923,26.44191,29.893803,30.430494,33.691635,36.604023,31.805279,29.766373,26.527899,24.234451,19.657845,17.62016,13.971966,13.331499,7.184503,7.5448833,6.9135585,11.042215,13.068088,15.067605,19.407366,20.665977,22.10569,19.43434,19.521978,20.286129,24.549625,22.119656,28.618399,24.60006,28.932146,30.631374,33.873306,35.594574,37.932636,39.30829,36.80439,34.810383,31.041843,32.803104,30.493765,25.66833,26.510157,21.968184,24.95542,18.30814,23.641079,20.954556,20.55801,16.052156,13.920794,12.023583,11.376738,14.189135,11.211803,17.368961,16.26528,20.490416,21.917347,25.76415,27.557978,30.12161,31.050045,29.362019,26.156487,24.433342,20.690924,20.941385,16.17293,19.444672,15.434317,18.193686,18.23015,19.384037,22.977116,21.749456,27.374344,23.564987,27.753525,27.308733,30.87561
26,19.8532,15.220787,16.32303,11.731327,10.173948,13.1247835,10.866004,16.748169,15.759484,19.82187,21.457933,26.39885,25.750666,24.46174,21.413021,18.049522,16.454557,12.789522,14.645076,8.748413,10.230898,7.664192,10.8976965,8.0981245,6.2550616,5.823253,0.0,4.226022,5.842952,9.0034485,14.629493,17.813034,20.361311,22.564354,25.536646,26.6219,29.550247,32.42169,27.413767,25.8161,21.95897,20.665445,15.5070305,14.446486,10.43753,11.065264,7.7993007,7.557427,9.041992,10.861206,11.118302,12.967318,17.267916,17.181463,19.999834,17.85035,17.200262,18.904953,23.082653,20.578989,26.99294,22.11658,26.807705,28.012983,31.70243,32.393463,35.36831,36.278458,33.48133,31.855963,28.272032,30.699228,28.64803,23.642628,25.087095,20.742796,24.401213,18.320318,23.545002,21.281023,22.475498,17.428144,16.85628,13.585278,12.835888,14.201785,11.385474,15.740268,13.715632,17.788876,18.362335,22.461338,23.48036,26.718876,27.88358,26.867533,23.78402,22.843805,19.048561,20.393484,16.041311,19.71543,17.4633,18.739973,19.802137,21.067081,23.874449,22.352467,27.19935,22.591995,26.753935,25.451721,29.29716
27,23.947874,19.32284,20.004663,15.366232,13.423953,15.46175,12.372495,18.002554,15.718924,19.76373,20.504768,25.594961,25.505077,24.332834,22.083473,18.355984,18.055603,13.563298,16.941164,10.681995,13.479328,11.591525,14.65914,11.462182,9.747238,8.204319,4.226022,0.0,4.24075,4.9663067,12.011945,14.422855,17.76544,19.381876,22.664526,23.847662,26.907133,30.147427,25.43919,23.794624,20.072645,18.619806,13.94148,12.072778,9.327214,8.013627,7.043024,5.2272396,7.9088483,7.8247957,7.349674,8.832714,13.2466135,13.115797,15.829968,13.737515,13.073283,15.064787,19.220413,17.010586,23.449697,18.853256,23.916698,25.370998,29.243208,30.101988,33.41608,34.50892,31.7547,30.249609,26.477545,28.952394,26.633238,21.539553,22.581007,18.238531,21.437649,15.419158,20.19377,17.910751,19.984592,14.620561,15.21741,11.6005125,11.65171,12.616954,11.2460575,14.670384,13.482715,17.223267,17.902235,22.013712,22.710201,26.103683,27.889393,27.087425,23.857788,23.511404,19.788744,21.219965,16.909216,19.771011,17.342136,17.831148,18.528982,19.329185,21.93562,20.78983,25.293205,21.111393,25.41488,24.219847,28.409456
28,23.16029,18.680984,18.37522,13.81626,11.555194,12.420294,9.025526,14.22543,11.552596,15.678948,16.357084,21.501844,21.265694,20.137114,17.955858,14.270473,14.483877,9.91045,14.192015,8.579058,12.771255,11.457931,15.267371,13.283471,12.058091,11.175143,5.842952,4.24075,0.0,5.28951,8.79058,12.554027,14.540777,17.201038,19.888731,21.31587,24.049854,27.013454,22.042852,20.703157,16.557343,15.905384,10.677652,10.224112,6.956737,8.278457,9.358966,8.971125,12.105609,11.605477,10.207443,10.871421,15.042593,13.371473,17.20894,15.383403,13.782579,16.101248,19.887299,17.349493,23.354303,17.884712,22.773632,23.606024,27.633959,27.604881,31.146633,31.805906,28.857933,27.567438,24.079002,26.990746,25.071575,20.037222,21.810904,17.86456,21.871569,16.811584,21.576357,20.00835,22.61305,17.643904,18.491125,14.283586,13.607991,13.381319,11.739825,13.450321,11.3293495,14.713716,14.657757,18.82313,19.06495,22.804974,24.569777,24.187881,21.161863,21.275482,17.683441,19.821892,16.120708,19.29124,18.478346,18.118738,19.840752,21.01185,22.88004,21.285677,25.11,20.188683,24.222734,22.327955,26.475498
29,28.1053,23.545946,23.574715,18.960917,16.74548,17.623775,14.01179,18.813478,15.188403,18.97649,18.516788,23.644169,24.115007,23.09999,21.898647,17.945263,19.168062,14.163871,18.979591,13.037121,17.041529,15.832345,19.02563,16.066236,14.670719,12.855545,9.0034485,4.9663067,5.28951,0.0,8.533246,9.912807,13.927009,14.984801,18.438107,19.815264,22.88696,26.4545,22.121502,20.556143,17.000854,15.664548,11.789275,9.437769,8.805773,5.893574,9.33376,7.307384,10.738776,8.285733,6.1377854,5.7716546,10.081355,8.808869,11.99628,10.129957,8.741298,11.418601,15.259758,13.326606,19.487846,14.895825,20.32686,21.811037,25.935936,26.622198,30.409601,31.538372,28.80046,27.550581,23.730896,26.396639,23.958084,18.90335,19.717432,15.70547,18.5926,13.420052,17.378393,15.576468,19.054474,13.831633,15.967349,11.933341,12.510684,12.278841,12.574302,13.869548,13.4335575,16.33867,16.84685,20.770166,20.903305,24.476564,26.927824,26.536724,23.317972,23.80574,20.358416,22.081526,18.249033,20.25072,18.477293,17.67282,18.409674,18.812756,20.68185,19.813314,23.421955,19.553211,23.77351,22.44345,26.919365
30,29.880978,25.778929,24.197721,20.22302,17.73816,16.284826,12.694989,14.946735,9.800418,12.704572,10.638704,15.71506,16.611181,16.0227,16.099438,12.605576,16.086678,11.684238,17.947926,14.28691,19.680061,19.356508,23.237114,21.772724,20.83727,19.726015,14.629493,12.011945,8.79058,8.533246,0.0,6.575611,5.940681,10.093496,11.767806,14.188669,16.303255,19.500069,14.867448,14.310748,9.732874,11.105861,7.5078206,8.778394,9.412894,10.65109,15.960092,15.471744,19.1304,16.724966,13.967221,12.767792,15.312144,11.084286,15.980759,15.191049,12.273701,15.208511,17.531473,15.437982,19.760761,13.792947,18.559164,18.556562,23.03663,21.519571,26.13743,26.294533,23.170082,22.672312,19.607336,23.268513,21.716597,17.187235,19.292875,16.70053,20.613077,18.030153,21.220692,20.938322,25.26385,20.995775,23.432941,18.874731,18.49284,16.508968,16.747473,14.573144,13.143604,14.210411,12.959173,16.360355,14.827003,19.222204,22.056023,22.87196,20.291115,22.144012,19.410812,22.305288,19.990953,21.95457,22.937778,20.591036,22.85718,23.703436,24.054173,22.602348,24.384972,19.612648,22.942919,20.236559,24.547483
31,34.54429,30.372158,29.384214,24.915195,22.938318,21.854895,18.541754,20.954021,15.828604,18.667356,15.301832,20.266867,20.845766,19.733917,21.096292,16.924023,20.641356,15.724706,21.810951,17.524296,22.67521,22.89592,26.052713,24.07151,23.594206,21.715322,17.813034,14.422855,12.554027,9.912807,6.575611,0.0,6.9373603,5.0842085,8.950701,10.1713705,13.299537,17.22156,13.804262,12.252947,9.952918,8.693643,8.5096,6.8607583,10.75645,9.2779875,16.1609,15.828199,19.730242,16.707285,14.386118,11.786408,14.100616,10.372898,13.301496,11.922508,8.375515,10.350829,11.676607,9.662734,13.235612,7.520072,12.661243,13.355609,17.870148,17.619652,22.174578,23.146381,20.491806,19.790516,16.22901,19.332436,17.169487,12.821836,13.91519,11.832439,14.857537,13.754792,15.792465,16.417267,21.291693,18.084606,21.25029,16.87683,16.930538,14.268809,16.370201,12.997733,13.73009,13.955291,13.955667,16.606586,15.717065,19.022247,22.57769,23.00912,20.211079,22.34836,19.982145,22.171158,20.043028,20.456839,21.200481,17.95811,19.67003,19.972994,19.569338,18.67455,19.562408,16.008553,19.235239,17.288631,21.823294
32,34.298546,30.501692,28.431236,24.736794,22.487486,20.12926,17.073595,17.565996,12.144141,13.651673,9.268627,13.638336,14.821075,14.420304,16.521456,13.478711,18.37933,14.68506,21.013342,18.542225,24.105406,24.401352,28.14649,27.070383,26.483759,25.2923,20.361311,17.76544,14.540777,13.927009,5.940681,6.9373603,0.0,6.8685293,6.4071345,9.638221,10.867568,14.01753,9.836085,10.118423,5.9195967,9.3046,8.709002,10.932901,13.21619,14.664441,20.785986,20.702852,24.547087,21.84275,19.043215,17.183483,18.986298,14.220606,18.61531,18.16417,14.821125,17.251034,18.253649,16.42233,18.841883,12.961875,16.593866,15.621655,20.073322,17.20316,22.416306,22.094296,18.934797,19.099062,16.671495,20.706186,19.69335,16.09036,18.47396,17.27465,21.02181,20.42959,22.616735,23.348217,28.12256,24.694605,27.51644,22.914297,22.402662,19.616043,20.533451,16.499315,15.6038265,14.999093,13.187516,15.322791,12.646943,16.93316,20.364391,21.94443,19.90707,22.765455,20.853355,23.956078,22.69144,23.86115,26.050816,22.72625,25.379206,26.170763,25.482368,24.035658,24.304043,19.824179,22.268566,19.099096,23.114004
33,38.15172,34.209896,32.858612,28.565557,26.758738,25.019588,22.037525,23.368053,18.100918,20.221052,15.692145,20.04942,20.549814,19.430164,22.102686,18.199211,22.72534,18.314713,24.382284,21.025988,26.288034,26.994995,30.063108,28.476358,28.2972,26.44191,22.564354,19.381876,17.201038,14.984801,10.093496,5.0842085,6.8685293,0.0,4.669669,5.3795533,8.501075,12.662061,10.318438,8.921639,8.435245,7.6328044,10.355018,9.857731,14.294394,13.65493,20.546951,20.659307,24.618906,21.595911,19.331425,16.536428,18.25565,14.341505,16.723993,15.671111,12.165271,13.267567,13.0166,11.370649,12.288979,6.9498153,10.27612,9.940267,14.491603,13.277312,18.355093,19.1297,16.602917,16.38683,13.300786,16.580784,14.859381,11.646223,12.907899,12.593002,15.29922,16.46129,17.427862,19.118345,24.082573,21.840883,25.0922,20.81418,20.628515,17.381054,19.81483,14.990573,16.074398,14.916746,14.603251,16.069263,14.601048,17.360249,21.375425,22.290937,19.964958,22.866522,21.250431,23.519913,22.350906,22.055933,23.92832,19.901201,21.976006,22.27244,20.818693,19.92597,19.196455,16.115671,18.334578,16.095852,20.27511
34,39.646732,35.95017,34.00995,30.150045,28.263098,25.82036,23.075209,23.2382,17.988884,19.156898,13.933626,17.34906,18.131872,17.417204,20.960203,17.835043,23.027754,19.407042,25.466026,23.168169,28.614431,29.440592,32.76344,31.64741,31.451712,29.893803,25.536646,22.664526,19.888731,18.438107,11.767806,8.950701,6.4071345,4.669669,0.0,4.2586102,4.989439,9.023289,7.079934,7.2991786,7.094317,9.067077,12.068225,13.29625,17.083,17.682882,24.376503,24.605015,28.586544,25.622608,23.08655,20.533768,21.932953,17.477924,20.492857,19.954214,16.501701,17.888132,17.411665,15.981103,16.032187,11.19983,13.033997,11.35376,15.508899,12.06603,17.753876,17.5572,14.799028,15.445744,13.449328,17.240353,16.456078,14.187718,16.121635,16.534082,19.452583,21.048147,21.948404,23.762264,28.726755,26.460638,29.621992,25.224827,24.779764,21.41235,23.351437,18.06283,18.433243,16.62774,15.374867,16.102821,13.499903,16.421368,20.485464,22.20396,20.502386,23.966846,22.817417,25.526249,25.002213,24.93246,27.69057,23.521477,26.083042,26.601254,24.87104,23.725504,22.386185,19.00982,20.503607,17.578825,21.219341
35,40.495846,36.895554,35.242283,31.157137,29.705711,27.385197,24.9637,25.285479,20.28321,21.877817,16.645063,20.397196,20.168861,18.782118,22.60534,18.984299,23.903376,20.178282,25.834745,23.568916,28.755264,30.056465,32.933617,31.925983,32.18257,30.430494,26.6219,23.847662,21.31587,19.815264,14.188669,10.1713705,9.638221,5.3795533,4.2586102,0.0,3.9619575,7.7524176,6.8905773,5.4469037,8.120279,7.6178985,12.372567,12.961398,17.256287,17.758059,24.326674,25.128736,29.21652,26.55196,24.496775,21.712444,23.588293,19.70151,21.887327,20.68188,17.205406,17.614044,16.714212,14.922301,14.003914,9.44099,9.578905,7.2753925,11.283567,8.222966,13.743361,14.074616,11.625308,11.924556,9.718146,13.204439,12.453727,10.92948,12.841257,14.185038,17.061722,19.792751,20.506674,22.949247,27.457573,26.047813,28.930002,24.628168,23.92471,20.210405,22.532745,16.575834,17.716438,15.289413,14.709005,14.719706,12.963583,14.666557,18.915668,20.251095,18.571896,22.117002,21.385706,23.68135,23.616917,22.781208,25.994583,21.414291,24.08722,24.655539,22.31732,21.139236,18.989305,16.06471,16.981998,14.301542,17.733341
