,0,1,2,3,4,5,6,7,8,9,10,11,12,13,14,15,16,17,18,19,20,21,22,23,24,25,26,27,28,29,30,31,32,33,34,35,36,37,38,39,40,41,42,43,44,45,46,47,48,49,50,51,52,53,54,55,56,57,58,59,60,61,62,63,64,65,66,67,68,69,70,71,72,73,74,75,76,77,78,79,80,81,82,83,84,85,86,87,88,89,90,91,92,93,94,95,96,97,98,99,100,101,102,103,104,105,106,107,108
0,0.0,4.4452934,6.812824,9.768284,12.812621,14.212715,17.747023,21.33389,23.740147,27.02534,32.43511,34.632217,34.783504,33.232952,28.89881,27.030716,23.417294,22.2747,18.84813,16.723469,16.444262,12.44,15.245946,18.793589,19.394938,17.213825,22.19049,22.21556,24.102661,23.656767,27.835684,26.085783,32.938637,30.15589,34.580368,36.374165,36.89782,36.700512,32.1151,28.261606,33.279915,29.367561,31.559357,29.560661,27.331982,26.831911,26.607866,25.06444,27.190805,31.523952,34.09626,33.358524,35.52923,38.1417,35.65092,38.53295,37.5656,39.090588,44.142063,41.420242,37.937447,39.911064,37.11738,39.369328,36.601776,41.527023,39.905277,38.129787,33.682312,32.795536,31.40458,33.94004,35.087753,38.28049,38.250565,42.153122,43.053654,46.332317,48.532974,48.351616,42.63258,39.691154,36.19053,33.962597,32.527958,27.176615,25.557772,21.19353,20.885975,17.954237,21.31988,22.99199,19.573654,23.789732,26.672577,27.284063,25.789839,28.902588,31.898565,31.767992,30.267172,29.05853,28.544952,29.897701,29.139309,30.036821,33.690445,33.53097,37.737457
1,4.4452934,0.0,4.82323,6.910268,9.3582535,12.148595,14.420949,19.02532,20.743021,24.84084,29.707983,32.00787,32.62708,31.224873,27.2249,25.00648,21.867481,20.094208,17.223513,14.389108,15.372745,10.370272,14.518159,17.72398,17.994915,14.921499,19.598482,19.683641,21.011559,21.450802,24.887398,24.055508,30.684038,28.39183,32.75467,34.68637,35.68776,35.293438,30.806116,26.855217,31.39527,27.368355,29.048552,26.667048,25.015709,23.980417,24.268074,22.060572,24.67879,28.931345,31.542896,30.355654,33.163696,35.35614,33.14841,36.121784,34.679653,36.267796,41.23239,38.16944,34.69839,36.34422,33.524918,35.55685,32.91335,37.551395,35.932213,33.9368,29.394445,28.596872,27.07178,29.727745,31.113602,34.258366,34.50036,38.370678,39.493885,42.824383,45.16451,45.2585,39.619644,36.512665,33.251766,30.688787,29.02135,23.966005,21.6825,17.534634,16.781448,13.772541,16.971142,18.638666,15.267598,19.357811,22.230833,23.016926,21.535149,24.505438,27.466917,27.493372,26.09969,25.051125,24.718079,25.89601,25.598516,26.196537,30.034971,29.99546,34.25685
2,6.812824,4.82323,0.0,4.992122,6.8715243,8.133554,11.263136,14.838763,17.182999,20.48568,25.933565,27.927507,28.398956,27.12462,22.819258,21.06061,17.801073,16.62325,14.125986,12.273309,13.592296,10.055435,14.600218,18.17396,19.52806,16.969563,21.075855,20.028868,20.74328,20.690514,23.488855,21.985811,28.003887,25.016998,29.670006,31.170116,32.285797,32.298183,27.740799,24.013315,29.157753,25.74617,27.244226,25.797241,24.816484,24.068623,25.186737,23.247427,26.413683,30.712011,32.786446,30.998909,33.61685,35.220177,32.57538,35.171722,33.62856,34.71484,39.658264,36.64884,33.1887,35.5328,33.199062,35.515324,33.677162,38.13164,37.10441,34.96758,30.19159,28.761518,26.701824,28.782316,29.947296,32.710617,32.575573,36.286118,36.983727,40.39972,42.407326,42.518906,36.9733,33.7401,30.383589,28.223412,26.603085,21.533842,20.097359,16.221401,16.33398,14.2806635,17.513435,18.098722,14.702762,19.732042,22.177305,21.684422,20.867596,24.70311,27.140741,26.20474,25.04885,24.060987,22.88362,24.03545,22.71549,23.60008,27.091814,26.876379,31.037645
3,9.768284,6.910268,4.992122,0.0,3.7696621,6.0930014,8.720193,13.020114,14.59753,19.056555,23.345945,26.180782,26.394327,24.725641,21.134968,18.40311,15.464518,13.268736,10.576369,7.6867104,9.719302,5.5951414,10.879834,14.038417,15.517654,13.062505,16.627337,15.165964,15.795502,15.793523,18.659037,17.484428,23.831448,21.568623,25.906212,27.876614,29.05402,28.605333,24.174206,20.24241,24.785519,21.07506,22.546028,20.847403,19.876095,19.118332,20.459719,18.652945,22.014853,26.293043,28.098309,26.163097,28.71457,30.234907,27.599306,30.250113,28.727427,29.952148,34.928524,32.00685,28.52969,30.861834,28.491434,31.005825,29.220217,33.94108,33.199745,31.476591,26.860992,24.907375,23.313417,25.173662,25.869564,28.979752,28.630888,32.54327,33.34489,36.582355,38.801006,38.62865,32.938683,29.95083,26.52089,24.197083,22.796526,17.415432,16.161173,11.78839,12.410305,10.681396,14.412856,15.15171,13.666612,17.886335,19.782385,19.730272,19.916529,23.09116,24.887701,24.39718,24.191128,23.846888,22.711407,23.124113,22.15132,21.667303,25.4995,24.672705,28.91938
4,12.812621,9.3582535,6.8715243,3.7696621,0.0,5.3224277,5.2384877,10.676997,11.536197,16.564735,20.547747,23.206234,23.983006,22.657167,19.290455,16.563276,14.30287,11.775296,10.483513,7.6573887,11.340896,7.9221745,13.4636965,16.100435,17.49885,14.625251,17.356312,15.594331,15.116358,16.001656,17.369389,17.04099,22.523844,20.438349,24.808823,26.609531,28.355421,27.971655,23.70056,19.933855,24.172482,20.792881,21.496246,19.896095,20.018026,18.794685,21.025888,18.665352,22.607525,26.65475,28.281904,25.677092,28.79413,29.582397,27.113995,29.635569,27.53547,28.549393,33.367386,30.069418,26.634174,28.908276,26.777126,29.108662,27.870188,32.064686,31.551344,29.455242,24.648706,22.583254,20.446245,22.157972,23.120953,25.901407,25.733969,29.496126,30.337946,33.723248,35.908543,36.12434,30.608843,27.306831,24.150116,21.635645,19.899166,14.985456,13.239231,9.534021,10.047644,9.115874,12.294568,12.164985,10.7334385,15.261459,16.870932,16.18311,16.718216,20.219465,21.736443,20.8337,20.782751,20.59813,19.236235,19.481962,18.493135,17.915602,21.769625,21.085777,25.356674
5,14.212715,12.148595,8.133554,6.0930014,5.3224277,0.0,6.083984,7.3598223,10.155623,13.305852,18.33755,20.882559,20.716135,19.139223,15.167835,12.959804,9.843788,8.619343,7.0482645,6.908789,9.464836,9.22238,13.459223,16.541477,19.202068,17.615582,20.119526,17.309074,16.929768,16.148096,17.663319,15.408232,20.439522,17.070559,21.847502,23.140535,24.551996,24.712513,20.236279,16.748762,22.136185,19.585583,20.657097,20.583586,20.743715,20.471287,22.892323,21.583427,25.391354,29.493082,30.527355,27.865765,30.041496,30.655268,27.46993,29.461409,27.826805,28.2406,33.084503,30.31684,26.940504,30.29297,28.722088,31.577791,30.973915,35.305264,35.38064,33.552803,28.82494,26.083824,23.87337,24.761526,25.013887,27.477232,26.494137,30.103045,30.223269,33.524853,35.23162,35.032455,29.512161,26.395767,22.818584,21.22571,20.006815,14.723281,15.235243,11.80817,13.878134,13.839112,17.02087,16.217049,15.173876,19.981659,21.125597,19.33805,20.60613,24.604742,25.555513,23.802402,24.094896,23.947474,21.729399,21.926292,19.495152,19.123184,22.310085,21.022953,25.036676
6,17.747023,14.420949,11.263136,8.720193,5.2384877,6.083984,0.0,6.768592,6.499365,12.098244,15.602649,18.125244,19.330162,18.377396,15.416211,12.774824,11.621336,9.019851,10.051043,8.587063,13.189151,11.709211,16.718899,18.864433,20.683226,18.114267,19.648895,17.061668,15.25972,16.443998,15.742773,15.841061,19.67619,17.537416,21.916092,23.305452,25.711575,25.55983,21.579601,18.276014,22.276033,19.781174,19.532158,18.826544,20.42786,19.122387,22.496105,20.11639,24.560692,28.248484,29.279877,25.834146,29.125685,28.845137,26.302858,28.356306,25.725086,26.152172,30.70028,27.175661,23.873297,26.591448,25.132408,27.486586,27.38431,30.910904,31.096792,28.77098,23.897505,21.218119,18.388111,19.259722,20.096544,22.221693,21.832249,25.307018,25.848003,29.374735,31.31048,31.839188,26.575783,22.948,20.022133,17.654385,15.693134,11.423876,10.2786045,8.249101,9.698805,10.762962,12.817564,10.922323,10.592323,15.058986,15.678999,13.348013,15.228676,19.203049,19.728975,17.769289,18.449766,18.714495,16.520159,16.23418,14.429513,13.361307,16.968573,15.992277,20.221746
7,21.33389,19.02532,14.838763,13.020114,10.676997,7.3598223,6.768592,0.0,4.6954584,6.0617013,11.423934,13.553853,13.611963,12.611131,8.80917,7.266618,6.1540556,6.120156,8.9256525,10.760046,14.030187,15.399691,19.12159,21.431227,24.369228,22.960167,24.172108,20.584084,18.735249,18.273172,17.101124,15.183336,17.253145,13.369592,18.207346,18.558586,20.969715,21.70269,17.757578,15.296486,20.371284,19.419268,19.170176,20.603294,22.607967,22.296814,25.984957,24.665287,28.975235,32.6001,32.900356,29.269936,31.553127,30.770464,27.489222,28.717527,26.491886,25.95941,30.30087,27.408525,24.34541,28.407146,27.848104,30.712154,31.583334,35.00829,35.975296,33.91692,29.233725,25.840343,22.927181,22.623629,22.549295,23.936993,22.46289,25.463778,24.901382,28.307991,29.449886,29.60578,24.566158,21.088186,17.807838,16.929834,15.69979,11.726095,13.848826,12.734925,15.520569,17.17772,19.219486,16.8061,16.7813,21.289406,21.359423,17.774603,20.432875,24.810558,24.578102,21.51941,22.650772,22.989904,19.766697,19.363573,15.580219,14.843856,17.02578,15.141067,18.733696
8,23.740147,20.743021,17.182999,14.59753,11.536197,10.155623,6.499365,4.6954584,0.0,7.132965,9.104638,12.006192,13.160823,12.457762,10.557078,7.9088264,8.976747,6.9661636,10.853717,11.474804,15.735332,16.426271,20.38915,21.99208,24.41112,22.62526,23.005215,19.491213,16.730312,17.451082,14.644831,14.579528,15.731785,13.427991,17.57815,18.316242,21.44235,21.62975,18.215412,15.835744,19.40948,18.419275,17.157713,18.176184,21.20348,20.29718,24.59533,22.793842,27.390137,30.63404,30.785065,26.64938,29.53953,28.098,25.280302,26.51948,23.616972,23.100159,27.214159,23.816927,20.820639,24.505363,24.11736,26.725079,28.065178,30.979599,32.194656,30.039215,25.460882,21.867939,18.786749,18.123404,18.094519,19.281849,18.008533,21.01228,20.762608,24.295748,25.731976,26.291967,21.325731,17.511387,14.681042,13.102656,11.377469,8.249113,9.929341,10.290207,12.977674,15.517242,16.770159,13.747175,15.113519,18.66154,18.037205,14.245217,17.820423,21.677542,20.7624,17.733265,19.668133,20.580332,17.503197,16.35936,13.25001,10.939977,13.503511,11.232712,15.112983
9,27.02534,24.84084,20.48568,19.056555,16.564735,13.305852,12.098244,6.0617013,7.132965,0.0,7.7445316,8.185684,8.285778,8.563236,5.018052,6.568749,8.111293,9.823244,13.734552,16.299936,19.250536,21.32639,24.66504,26.717289,29.846712,28.645061,29.33405,25.446568,23.045166,22.552155,20.046305,18.183939,17.611715,13.334166,17.666548,16.722063,19.773674,21.262833,18.10717,16.95171,21.566996,22.060581,21.032385,23.641266,26.563288,26.383036,30.568583,29.395018,33.811996,37.12672,36.960384,32.879993,35.01609,33.364975,30.035528,30.577269,28.14364,26.791695,30.495974,27.753725,25.152859,29.71691,30.010696,32.8025,34.706276,37.406567,38.9814,36.794075,32.270485,28.60416,25.302197,24.10237,23.771069,24.05355,22.155464,24.301018,22.912466,26.266098,26.615522,27.084606,22.818224,19.219322,16.488512,16.735218,15.745718,13.720113,16.828577,17.225044,20.057024,22.320086,23.717531,20.58553,20.82863,25.034508,24.513891,19.835402,23.088795,27.629936,26.661472,22.630272,24.156311,24.70086,20.817533,20.140114,15.223141,14.7322445,15.265427,12.993721,15.541563
10,32.43511,29.707983,25.933565,23.345945,20.547747,18.33755,15.602649,11.423934,9.104638,7.7445316,0.0,5.4933157,5.871316,6.310481,8.702918,7.8291135,11.980092,11.894251,16.702528,18.727467,22.061596,24.354542,27.22481,28.214659,31.061214,30.083887,29.403786,25.281137,21.954477,22.06267,17.433247,17.14126,13.687814,11.775638,14.285835,13.438437,17.66126,18.472923,16.687397,16.39703,18.507658,19.993267,17.520468,20.774782,25.058197,24.727182,29.60188,28.560715,33.006275,35.603905,34.723537,30.0578,32.20173,29.352837,26.398249,26.327616,23.355604,21.373829,24.31296,21.515814,19.451923,24.239523,25.452852,28.171251,31.25602,33.225693,35.67363,33.882915,29.972773,25.654425,22.724852,20.28099,18.993359,18.516872,15.859032,17.447016,15.504414,18.675299,18.89952,19.436771,15.496558,11.748057,9.721048,10.71351,10.314274,10.946218,15.151883,17.27695,20.328354,23.587732,24.224966,20.723707,23.15528,25.7508,24.107634,19.580301,24.180735,27.53479,25.213387,21.44634,24.510433,25.997791,22.418232,20.538992,16.676332,13.536677,13.482134,9.487629,11.033168
11,34.632217,32.00787,27.927507,26.180782,23.206234,20.882559,18.125244,13.553853,12.006192,8.185684,5.4933157,0.0,5.573585,8.654707,9.903262,11.528861,15.050658,15.956362,20.586958,22.746239,26.12195,28.105774,31.414026,32.8233,35.670353,34.34851,34.087654,30.163967,26.871033,27.173344,22.73904,22.354103,18.985504,16.38695,18.982876,17.252024,21.339682,22.838783,21.166035,21.149858,23.772585,25.391993,23.013407,26.115229,30.357317,29.853325,34.701744,33.32189,37.8975,40.581085,39.912045,35.177807,37.60274,34.679115,31.853575,31.74088,28.64918,26.558111,29.116875,26.221535,24.412157,28.847538,30.17357,32.501102,35.737232,37.156322,39.488342,37.170666,33.108112,29.251837,25.683163,23.350317,22.809563,21.512678,19.456947,20.183252,18.009727,21.231407,20.7156,22.168402,19.367807,15.54272,14.544377,15.595167,14.703623,15.948376,19.067,21.395275,23.921492,26.974085,27.323896,23.48713,24.769667,27.807346,26.317598,20.92971,25.056786,29.018875,26.857027,22.170818,24.627945,25.803167,21.743563,20.243334,15.404939,13.999323,12.344462,9.487242,9.725713
12,34.783504,32.62708,28.398956,26.394327,23.983006,20.716135,19.330162,13.611963,13.160823,8.285778,5.871316,5.573585,0.0,3.8047028,6.767642,9.014642,12.686816,14.532192,18.915518,21.988157,24.446222,27.60764,30.02991,31.365414,34.737247,34.21054,33.890724,29.518204,26.658302,25.783012,21.969648,20.122826,16.14205,12.601845,14.98919,12.523237,16.307396,18.327475,16.87383,17.593386,20.595808,22.997246,21.134333,25.28395,29.07112,29.336412,33.939636,33.41005,37.679737,40.44229,39.406788,34.977623,36.42317,33.73135,30.328215,29.816086,27.513372,25.093458,27.758055,25.773884,23.989185,29.29685,30.747791,33.674355,36.810474,38.926327,41.471756,39.7516,35.8155,31.501911,28.562119,26.129135,24.725187,24.051785,21.124136,22.197058,19.539404,22.199148,21.454159,21.531013,18.372301,15.494163,13.528675,15.780401,15.974819,16.067764,20.720703,22.20133,25.469538,28.423853,29.444809,26.042807,27.679873,30.923126,29.56605,24.751188,28.956568,32.81253,30.72815,26.569544,29.164614,30.307764,26.347525,24.921288,20.158625,18.381075,17.500778,14.092831,14.596347
13,33.232952,31.224873,27.12462,24.725641,22.657167,19.139223,18.377396,12.611131,12.457762,8.563236,6.310481,8.654707,3.8047028,0.0,5.565162,6.432921,10.228401,12.07036,16.238417,19.598438,21.605007,25.30626,27.197115,28.367453,31.924156,31.82705,31.40465,26.844402,24.25736,22.78664,19.411314,16.833157,12.919158,8.878026,11.466647,9.192114,12.859423,14.769394,13.081976,13.880804,17.107035,19.634993,18.139423,22.65237,26.090864,26.739723,31.150938,31.074743,35.13425,37.9324,36.75464,32.560898,33.522606,31.111923,27.41966,26.872494,25.006313,22.64505,25.639082,24.040571,22.08696,27.740604,29.037361,32.31406,35.17204,37.829556,40.371845,39.0483,35.193825,30.652483,28.193684,25.854662,24.000387,23.984571,20.70965,22.330027,19.815613,22.276142,21.911688,21.137863,17.25128,14.856003,11.991271,14.461191,15.187101,14.256113,19.65696,20.5478,24.207838,27.083605,28.492384,25.465967,27.519354,30.69569,29.41873,25.191128,29.46098,33.073486,31.078884,27.47367,30.216564,31.411238,27.689444,26.211578,21.832493,19.495382,19.435541,15.692281,16.834087
14,28.89881,27.2249,22.819258,21.134968,19.290455,15.167835,15.416211,8.80917,10.557078,5.018052,8.702918,9.903262,6.767642,5.565162,0.0,5.042861,6.7700095,10.022206,13.585879,17.242212,19.077234,22.521997,24.810963,26.715685,30.379162,30.021399,30.51265,26.181347,24.132618,22.491833,20.428007,17.158033,15.77169,10.430353,14.6280155,12.984632,15.544402,17.61884,14.644356,14.331288,19.372969,20.778267,20.180273,23.889591,26.493315,27.07017,31.066635,30.742912,34.842075,38.125095,37.520245,33.662663,34.8592,33.266617,29.454855,29.517035,27.781906,26.031126,29.645123,27.72783,25.298525,30.598011,31.190575,34.431664,36.483437,39.5701,41.48194,39.81884,35.52741,31.42944,28.658749,27.110815,25.977253,26.429062,23.771544,25.875816,23.92801,26.804232,26.79207,26.35506,22.094069,19.28215,16.092318,17.466034,17.446129,15.060022,19.601551,19.540071,22.999111,25.265648,27.095522,24.288162,25.078285,29.146547,28.53861,24.254007,27.73697,32.00475,30.831812,27.097006,28.95827,29.614492,25.798475,24.98797,20.173796,19.149132,19.544086,16.628159,18.614365
15,27.030716,25.00648,21.06061,18.40311,16.563276,12.959804,12.774824,7.266618,7.9088264,6.568749,7.8291135,11.528861,9.014642,6.432921,5.042861,0.0,4.416072,5.7230964,9.938551,13.265107,15.436047,18.91022,21.03018,22.483976,26.0079,25.759523,25.827639,21.389416,19.232876,17.62716,15.412338,12.330047,11.597907,6.8642163,11.516862,11.336563,14.07015,15.058008,11.669113,10.471146,15.172985,16.015404,15.37245,18.865713,21.512114,22.070091,26.14357,25.919834,29.979584,33.170723,32.487793,28.646086,29.850758,28.349024,24.5678,24.862211,23.090038,21.661875,25.642693,23.6224,20.945673,26.182173,26.529009,29.932453,31.757784,35.173332,37.075733,35.750423,31.61414,27.303911,25.02922,23.536192,22.048117,23.146685,20.388872,23.083202,21.599003,24.440046,25.100842,24.309631,19.318552,16.603603,12.848993,13.644983,13.827259,10.476457,15.562796,15.236393,19.039202,21.48602,23.432364,20.919683,22.72167,26.211163,25.441833,21.917494,25.723606,29.366169,28.05407,25.076887,27.399672,28.362812,25.019829,23.832808,19.97484,17.66874,19.034552,15.669064,18.300827
16,23.417294,21.867481,17.801073,15.464518,14.30287,9.843788,11.621336,6.1540556,8.976747,8.111293,11.980092,15.050658,12.686816,10.228401,6.7700095,4.416072,0.0,4.554573,6.900218,10.961795,12.317988,16.111357,18.066866,20.10673,23.881847,23.792187,24.62827,20.345245,19.040146,16.773403,16.373026,12.193875,13.899001,8.641991,13.727256,13.946972,15.513879,16.52806,12.34369,10.265622,16.370792,16.301754,16.82566,19.705309,21.182173,21.995384,25.404518,25.357288,29.185648,32.760643,32.44638,29.147783,30.125246,29.508322,25.542606,26.240534,24.966782,24.039354,28.416912,26.536394,23.609232,28.608967,28.380514,31.871052,32.896786,36.885475,38.302597,37.001316,32.68573,28.684294,26.552223,25.726536,24.543926,26.198936,23.752476,26.797812,25.643827,28.516415,29.380785,28.435118,23.216944,20.65992,16.710178,17.026844,17.019466,12.473159,16.780869,15.130749,18.850943,20.561296,23.136263,21.201982,22.165987,26.225454,26.069237,23.00797,26.096285,29.980244,29.367739,26.687689,28.380814,28.947033,25.775215,25.087626,21.289553,19.757597,21.621317,18.802168,21.849205
17,22.2747,20.094208,16.62325,13.268736,11.775296,8.619343,9.019851,6.120156,6.9661636,9.823244,11.894251,15.956362,14.532192,12.07036,10.022206,5.7230964,4.554573,0.0,4.8232775,7.5451975,10.222921,13.241682,15.60164,17.158499,20.512495,20.109003,20.528044,16.266731,14.610356,12.990697,12.227189,9.131601,12.10489,8.763243,13.432732,14.85567,16.794786,16.749258,12.633253,9.594194,14.550991,13.398041,13.640191,15.616398,17.318592,17.711397,21.366348,20.999716,24.9967,28.4934,28.271338,24.835741,26.278683,25.666468,21.990932,23.114351,21.47092,21.030123,25.653107,23.364834,20.211847,24.757137,24.188381,27.623888,28.40968,32.5146,33.822735,32.635536,28.400154,24.353935,22.523863,21.879549,20.675257,22.830126,20.633804,24.097876,23.53006,26.451786,27.90607,27.055136,21.478584,18.814167,14.849898,14.165744,13.952598,8.597344,12.649366,10.732555,14.657094,16.603136,19.128613,17.386978,19.26628,22.690586,22.36995,19.973969,23.276457,26.573017,25.857126,23.823732,25.846447,26.68382,23.979445,22.968418,20.12818,17.640465,20.25074,17.364048,20.847992
18,18.84813,17.223513,14.125986,10.576369,10.483513,7.0482645,10.051043,8.9256525,10.853717,13.734552,16.702528,20.586958,18.915518,16.238417,13.585879,9.938551,6.900218,4.8232775,0.0,4.712603,5.6078467,9.603927,11.246308,13.340525,17.061321,17.162958,18.35159,14.291759,14.024208,11.289664,13.26347,9.014496,14.542937,11.354451,15.75841,17.647919,18.495571,18.192915,13.674032,9.911218,15.495065,13.217101,14.938384,16.086042,16.048449,16.923275,19.514988,19.646162,23.12948,26.992348,27.104673,24.487452,25.420364,25.936316,22.11332,23.663816,22.7766,22.932064,27.854559,25.926151,22.641088,26.849167,25.66605,29.21447,29.033087,33.860947,34.67538,33.782433,29.586452,25.863853,24.56811,24.583654,23.475471,26.264866,24.27751,28.036577,27.758982,30.533813,32.207558,31.004034,25.229824,22.966833,18.861631,17.971376,17.865635,11.920481,14.944456,11.447904,15.091307,15.995209,19.315622,18.595814,19.941788,23.52105,23.804306,22.360832,24.913437,28.041578,27.983257,26.60894,28.14619,28.68452,26.39576,25.759947,23.331753,21.278347,24.30682,21.770224,25.44873
19,16.723469,14.389108,12.273309,7.6867104,7.6573887,6.908789,8.587063,10.760046,11.474804,16.299936,18.727467,22.746239,21.988157,19.598438,17.242212,13.265107,10.961795,7.5451975,4.712603,0.0,5.117465,5.8269997,8.92352,10.800996,13.633416,12.861799,14.261208,10.741166,10.672277,9.262829,11.860087,9.805271,16.366148,14.744389,18.63044,21.086683,22.2217,21.312782,17.075129,13.028241,17.10568,13.533341,15.070761,14.31323,13.860184,13.900345,16.272614,15.646662,19.297676,23.304134,23.959036,21.470892,23.19978,24.121655,20.896133,23.140371,21.877178,22.783705,27.820696,25.396646,21.95069,25.171568,23.325312,26.563822,25.652893,30.659346,30.971199,30.036337,25.82666,22.497276,21.504417,22.194498,21.531132,24.829727,23.503069,27.547892,27.971743,30.828665,33.015045,32.13079,26.258509,23.830868,20.047956,18.1345,17.553473,11.508809,12.596081,8.105209,11.211856,11.60656,15.190569,15.177186,16.819519,19.86554,20.383013,19.967472,22.123379,24.683868,24.97464,24.413366,25.810366,26.374401,24.735765,24.086433,22.724672,20.397501,24.071165,21.95218,25.95895
20,16.444262,15.372745,13.592296,9.719302,11.340896,9.464836,13.189151,14.030187,15.735332,19.250536,22.061596,26.12195,24.446222,21.605007,19.077234,15.436047,12.317988,10.222921,5.6078467,5.117465,0.0,6.2764683,5.7852297,8.332959,12.341432,13.285522,15.144342,11.657444,13.195882,9.602217,14.419767,10.305109,17.606724,15.504917,19.117184,21.642447,21.696941,20.79474,16.420967,12.376337,17.095137,13.507301,16.429861,16.258993,14.178883,15.473298,16.556364,17.333889,19.979267,24.103727,24.595665,23.03169,23.42637,25.24035,21.550058,23.64799,23.503147,24.434895,29.528141,27.919178,24.583107,28.14539,26.276686,29.830275,28.545994,34.097897,34.379154,33.96884,30.038132,26.697533,26.217531,26.858604,25.764112,29.232624,27.510715,31.567722,31.721556,34.285675,36.32626,34.800407,28.855707,27.017826,22.922087,21.648293,21.650805,15.48939,17.43197,12.883018,15.853309,15.65631,19.543083,20.05984,21.371037,24.479757,25.211542,25.058678,26.980968,29.481445,29.937424,29.525377,30.801306,31.211021,29.561508,29.086746,27.44172,25.350143,28.841122,26.51812,30.367899
21,12.44,10.370272,10.055435,5.5951414,7.9221745,9.22238,11.709211,15.399691,16.426271,21.32639,24.354542,28.105774,27.60764,25.30626,22.521997,18.91022,16.111357,13.241682,9.603927,5.8269997,6.2764683,0.0,5.6990566,8.461964,10.227251,8.871825,12.186453,10.442681,12.221842,11.253872,15.726622,14.28,21.605473,20.261044,23.938145,26.581797,27.268087,26.18851,21.945972,17.797573,21.563759,17.21119,19.379938,17.2675,15.131518,14.930341,15.541253,14.696659,17.540709,21.913198,23.479416,22.088787,23.886341,26.037313,23.290682,26.106071,25.222975,26.818302,31.896992,29.492853,26.033422,28.346352,25.758245,28.643663,26.456837,31.901245,31.32345,30.481873,26.372921,23.95072,23.443806,25.081318,24.957754,28.668024,27.922491,32.103348,32.97768,35.816166,38.272976,37.43643,31.52804,29.184677,25.540922,23.260988,22.472834,16.640375,16.114492,11.075083,12.4121685,10.869826,15.010278,16.458626,17.054451,19.89833,21.276428,22.134195,23.067768,25.199522,26.449505,26.746403,27.381382,27.543364,26.638977,26.462786,25.864712,24.134663,28.149048,26.620552,30.800823
22,15.245946,14.518159,14.600218,10.879834,13.4636965,13.459223,16.718899,19.12159,20.38915,24.66504,27.22481,31.414026,30.02991,27.197115,24.810963,21.03018,18.066866,15.60164,11.246308,8.92352,5.7852297,5.6990566,0.0,4.0926776,7.486085,9.269688,12.017019,10.076743,13.34755,10.24409,16.604445,13.83866,21.700962,20.659477,23.669407,26.646503,26.431906,25.015684,20.987984,16.961172,20.370722,15.838027,19.145552,17.39775,13.631035,14.805169,14.031124,15.124934,16.67992,20.973497,22.103487,21.712124,21.935486,25.002401,21.882824,24.58785,24.854002,26.585201,31.663511,30.133263,26.82357,29.419598,26.848057,30.144289,27.69439,33.75048,33.371605,33.375507,29.799513,27.055714,27.352194,28.654121,27.759062,31.75377,30.479473,34.734486,35.406036,37.82797,40.264164,38.6699,32.669373,31.056545,27.152288,25.370539,25.28811,19.269007,19.927868,14.952193,16.841831,15.567872,19.61425,21.322235,22.631603,24.98296,26.102413,27.249193,28.522339,30.237856,31.18563,31.768862,32.78715,33.110428,32.177433,31.809423,31.058916,28.890835,32.791412,30.75459,34.7603
23,18.793589,17.72398,18.17396,14.038417,16.100435,16.541477,18.864433,21.431227,21.99208,26.717289,28.214659,32.8233,31.365414,28.367453,26.715685,22.483976,20.10673,17.158499,13.340525,10.800996,8.332959,8.461964,4.0926776,0.0,4.6832085,8.244287,9.455403,7.5608573,11.576792,8.232091,15.178051,13.165091,21.00663,21.125484,23.364305,26.800508,26.520086,24.529459,20.984497,17.07681,19.065176,14.083888,17.530842,15.163308,10.4842415,12.044985,10.437674,12.525433,13.423742,17.523483,18.369019,18.420652,18.127142,21.647282,18.727825,21.626328,22.253515,24.362728,29.32714,28.07597,24.905956,27.142376,24.423403,27.786272,25.093369,31.43122,31.171362,31.767504,28.671497,25.762493,26.780989,27.945795,26.634686,30.902536,29.561728,33.867027,34.72267,36.833355,39.48633,37.614906,31.644163,30.460402,26.704521,24.814417,25.028912,19.286934,19.97748,15.263155,17.135431,16.168604,19.899168,21.863123,24.237545,25.689514,26.426208,28.126648,29.759636,30.763094,31.333195,32.451363,33.945736,34.59297,33.88994,33.16068,32.848133,29.970554,33.95867,31.671593,35.56654
24,19.394938,17.994915,19.52806,15.517654,17.49885,19.202068,20.683226,24.369228,24.41112,29.846712,31.061214,35.670353,34.737247,31.924156,30.379162,26.0079,23.881847,20.512495,17.061321,13.633416,12.341432,10.227251,7.486085,4.6832085,0.0,5.152913,6.4137144,7.2914176,11.753745,10.482956,16.771042,16.515184,24.123386,24.939325,26.98538,30.605488,30.610598,28.370636,25.050503,21.144796,22.271769,16.96154,19.849098,16.111662,11.191755,11.6386595,8.582955,10.051785,9.96863,14.182164,15.928609,16.763298,17.18117,21.307173,19.364311,22.763048,23.117046,25.816305,30.596243,29.046066,25.951448,27.088089,23.80147,26.655289,23.029516,29.488836,28.607302,29.410467,26.658834,24.395327,25.968174,27.680254,26.736534,31.257826,30.4885,34.837173,36.205612,38.282734,41.270634,39.65565,33.774513,32.537888,29.132761,26.69191,26.628746,21.317627,20.733128,16.165886,16.956465,15.384327,18.760103,21.506472,24.034126,24.600697,25.493465,28.194714,29.375168,29.600529,30.454079,32.380455,33.727257,34.390537,34.296963,33.56535,34.076286,31.089233,35.341267,33.379986,37.355007
25,17.213825,14.921499,16.969563,13.062505,14.625251,17.615582,18.114267,22.960167,22.62526,28.645061,30.083887,34.34851,34.21054,31.82705,30.021399,25.759523,23.792187,20.109003,17.162958,12.861799,13.285522,8.871825,9.269688,8.244287,5.152913,0.0,5.2391086,7.6327214,10.9212475,11.971332,16.8,17.865204,25.20248,25.903355,28.43238,31.862366,32.540154,30.514273,26.986458,22.910666,24.307657,19.009974,20.989147,16.584581,13.086117,11.880781,10.110364,8.649318,9.982374,14.350512,16.973976,16.954294,19.253271,22.594835,21.216665,24.817244,24.098263,26.840677,31.604273,29.21609,25.99574,26.52217,22.970356,25.253798,21.403158,27.40951,25.99065,26.064081,22.919449,21.295622,22.49205,24.820307,24.706972,29.135159,29.042368,33.3616,35.089096,37.49742,40.617065,39.6892,33.889206,32.056286,28.949215,25.945765,25.242176,20.2459,18.203228,13.70646,13.347215,11.040141,14.291009,17.492075,19.623793,19.914373,21.147821,24.283958,24.909424,24.970442,26.277887,28.45457,29.40092,29.935501,30.222725,29.648607,30.71132,28.023762,32.454357,31.035564,35.151287
26,22.19049,19.598482,21.075855,16.627337,17.356312,20.119526,19.648895,24.172108,23.005215,29.33405,29.403786,34.087654,33.890724,31.40465,30.51265,25.827639,24.62827,20.528044,18.35159,14.261208,15.144342,12.186453,12.017019,9.455403,6.4137144,5.2391086,0.0,4.9300394,7.954703,10.049135,14.00652,16.45837,23.110128,25.068853,26.777946,30.55453,31.38839,28.863728,25.931534,22.123209,21.97402,16.595432,18.079576,12.867984,9.3824625,7.5482473,5.4082,3.7925735,5.4013996,9.760149,11.957485,11.739655,14.341471,17.596455,16.74805,20.535633,19.749407,22.861052,27.374485,25.109373,22.092745,22.095104,18.405718,20.774258,16.842989,23.191595,22.219666,23.057478,20.534227,18.343927,20.47118,22.349447,21.59801,26.26271,26.057556,30.354544,32.27003,34.30385,37.63689,36.496082,30.847086,29.455385,26.6567,23.536417,23.170647,18.788904,16.941935,13.250288,13.1813545,12.130298,14.50795,17.444292,21.265436,20.462952,20.799746,24.228745,25.70642,24.973522,25.386541,27.99627,29.796028,30.8735,31.19805,30.035454,31.415787,27.750084,32.11849,30.305534,34.167667
27,22.21556,19.683641,20.028868,15.165964,15.594331,17.309074,17.061668,20.584084,19.491213,25.446568,25.281137,30.163967,29.518204,26.844402,26.181347,21.389416,20.345245,16.266731,14.291759,10.741166,11.657444,10.442681,10.076743,7.5608573,7.2914176,7.6327214,4.9300394,0.0,4.5552487,5.1613345,9.781815,11.529291,18.33604,20.198284,21.888422,25.655127,26.466825,23.994583,21.017818,17.229849,17.235806,11.883168,13.580477,9.148792,5.764477,4.963776,5.5964923,6.0120754,8.8866415,12.726445,13.372359,11.867529,13.606186,15.991045,13.9541025,17.396566,16.679092,19.294481,24.12235,22.067053,18.87396,20.165842,17.137362,20.307707,17.761385,23.957088,23.969885,24.636364,21.752596,18.497051,20.039455,21.086008,19.6714,24.177364,23.242897,27.584951,29.004326,31.044563,34.119453,32.687687,26.873981,25.563549,22.427877,19.70634,19.704147,14.843679,14.443414,10.58284,12.093105,12.169627,14.945481,16.798843,20.954771,20.99068,20.92195,23.18019,25.461483,25.514442,25.356468,27.068502,29.289608,30.500881,30.131998,28.791252,29.36189,25.461018,29.592466,27.284256,31.05352
28,24.102661,21.011559,20.74328,15.795502,15.116358,16.929768,15.25972,18.735249,16.730312,23.045166,21.954477,26.871033,26.658302,24.25736,24.132618,19.232876,19.040146,14.610356,14.024208,10.672277,13.195882,12.221842,13.34755,11.576792,11.753745,10.9212475,7.954703,4.5552487,0.0,5.907277,6.300958,10.462876,15.946794,18.412457,19.975927,23.640463,25.17789,22.73423,20.01747,16.47588,15.873675,11.057715,11.166276,6.2089453,6.5090027,3.8853974,8.168725,6.8297048,11.066607,14.096231,14.226182,10.947145,14.018447,14.600382,12.78772,16.010239,14.048287,16.439049,21.206467,18.470829,15.158574,16.461525,13.679635,16.909935,15.392906,21.011274,21.594059,21.885221,18.801456,14.905843,16.178274,16.76586,15.182329,19.6394,18.74732,23.094967,24.637014,26.781422,29.937067,28.864223,23.144434,21.551594,18.733358,15.60511,15.417772,11.11723,10.429956,7.5885844,9.461584,10.944102,12.90234,13.885119,19.028534,18.685001,17.93757,19.79686,22.766407,22.728674,21.899746,23.40697,26.157318,27.705555,27.193207,25.472408,26.163094,21.709085,25.750032,23.328884,26.968683
29,23.656767,21.450802,20.690514,15.793523,16.001656,16.148096,16.443998,18.273172,17.451082,22.552155,22.06267,27.173344,25.783012,22.78664,22.491833,17.62716,16.773403,12.990697,11.289664,9.262829,9.602217,11.253872,10.24409,8.232091,10.482956,11.971332,10.049135,5.1613345,5.907277,0.0,7.1280065,6.563432,13.719411,15.454731,16.955141,20.763186,21.351377,18.882082,15.897889,12.191403,12.346428,7.0577097,9.524649,7.3400803,4.7987156,6.621186,8.874188,10.634939,13.32304,16.613194,16.056108,13.930738,14.224137,15.6546955,12.238621,14.888074,14.636862,16.435808,21.494919,20.00504,16.788713,19.671007,17.614098,21.459412,20.294304,26.149868,27.050997,27.696415,24.703856,20.662006,21.665396,21.756525,19.579004,23.690321,21.831148,26.070112,26.79539,28.714321,31.402739,29.47663,23.533989,22.518257,18.936092,17.01533,17.662807,12.391593,14.289244,10.796251,13.865694,14.904137,17.760042,18.511559,22.689142,23.519508,23.094599,24.105812,27.10315,27.885265,27.189081,27.963549,30.55764,31.864584,30.785147,29.300232,28.921238,24.871597,28.57358,25.675056,29.20991
30,27.835684,24.887398,23.488855,18.659037,17.369389,17.663319,15.742773,17.101124,14.644831,20.046305,17.433247,22.73904,21.969648,19.411314,20.428007,15.412338,16.373026,12.227189,13.26347,11.860087,14.419767,15.726622,16.604445,15.178051,16.771042,16.8,14.00652,9.781815,6.300958,7.1280065,0.0,6.989686,9.993472,13.522808,14.327312,18.012861,19.966162,17.438875,15.3138685,12.498657,10.741131,7.3280187,5.4583673,3.599614,8.090818,7.6359425,12.630105,12.647786,16.398954,18.661278,17.448235,13.281233,15.128538,13.669967,10.767033,12.714192,10.239681,11.394098,16.35088,13.814858,10.386078,13.851661,12.7225685,16.693417,17.453043,22.132603,24.047241,24.346764,21.411377,16.531075,17.158396,16.08839,13.184469,16.969938,14.75966,18.962782,19.746319,21.690577,24.528234,23.013288,17.151873,15.857226,12.779326,10.254625,11.087516,7.16332,9.921374,9.111687,12.486571,15.245242,16.727785,16.109236,21.549316,21.697292,20.199778,20.436739,24.529182,25.062567,23.210384,23.59018,27.102526,28.968212,27.663164,25.522177,25.281847,20.227613,23.561928,20.284307,23.410662
31,26.085783,24.055508,21.985811,17.484428,17.04099,15.408232,15.841061,15.183336,14.579528,18.183939,17.14126,22.354103,20.122826,16.833157,17.158033,12.330047,12.193875,9.131601,9.014496,9.805271,10.305109,14.28,13.83866,13.165091,16.515184,17.865204,16.45837,11.529291,10.462876,6.563432,6.989686,0.0,7.909444,8.96673,10.596161,14.242868,15.015374,12.871058,9.643264,6.0589695,7.3670354,4.3430815,6.425416,9.040592,9.834416,11.786561,15.099972,16.619465,19.665134,22.584896,21.35237,18.411116,18.20812,17.95874,13.681646,14.762318,14.410789,14.537771,19.527351,18.434814,15.362953,20.089497,19.391289,23.53978,24.026451,29.044748,30.794292,31.065418,27.837496,23.197104,23.265993,22.29991,19.600428,22.802114,19.968262,23.823397,23.568783,25.473951,27.507101,25.258566,19.295877,18.361702,14.250697,13.630183,14.963361,9.739815,14.428196,12.1568985,16.282913,18.267239,20.8664,20.278608,24.227224,25.892326,25.06928,24.464354,28.19428,29.854736,28.571732,28.087618,31.014082,32.40385,30.473059,28.848238,27.295694,23.25303,26.209959,22.705315,25.81397
32,32.938637,30.684038,28.003887,23.831448,22.523844,20.439522,19.67619,17.253145,15.731785,17.611715,13.687814,18.985504,16.14205,12.919158,15.77169,11.597907,13.899001,12.10489,14.542937,16.366148,17.606724,21.605473,21.700962,21.00663,24.123386,25.20248,23.110128,18.33604,15.946794,13.719411,9.993472,7.909444,0.0,6.3532147,4.582119,8.370712,10.601627,8.277827,7.5045977,7.5282617,4.98864,8.158182,6.0546494,11.988337,15.381264,16.876009,21.048077,22.315557,25.520937,27.603884,25.522078,21.697762,21.375132,18.952303,14.882333,14.066785,13.087378,11.024473,15.010479,14.503329,12.283348,18.461979,19.532223,23.632614,26.063484,29.80946,32.68594,32.946705,30.087278,24.897724,24.60648,22.234745,18.678268,20.563213,16.613575,19.553413,18.20001,19.545744,20.909723,18.065216,12.342138,12.243075,8.161908,9.820854,12.503011,10.231847,16.465256,16.573156,20.660807,23.62023,25.27711,23.577211,28.06438,29.430954,27.764812,26.037472,30.706608,32.382565,30.017223,28.734995,32.45697,34.27616,31.831022,29.675217,27.588913,22.942533,24.761774,20.528673,22.51027
33,30.15589,28.39183,25.016998,21.568623,20.438349,17.070559,17.537416,13.369592,13.427991,13.334166,11.775638,16.38695,12.601845,8.878026,10.430353,6.8642163,8.641991,8.763243,11.354451,14.744389,15.504917,20.261044,20.659477,21.125484,24.939325,25.903355,25.068853,20.198284,18.412457,15.454731,13.522808,8.96673,6.3532147,0.0,5.086266,6.3563385,8.302262,8.365896,5.0972705,5.151627,9.042536,11.411764,11.219875,16.288914,18.606234,20.212109,24.004414,25.056957,28.4756,31.270685,29.795633,26.286543,26.106924,24.559223,20.26104,19.860882,19.159203,17.362427,21.292156,20.54509,18.15402,24.114126,24.796595,28.755468,30.717844,34.621677,37.01287,36.657413,33.14577,28.29891,27.146927,25.231462,22.538347,24.133615,20.535297,23.341429,21.621412,23.568,24.300402,22.03595,16.749058,15.6424,11.365151,13.235666,14.94591,11.54094,17.83226,17.180567,21.449638,23.982975,26.160887,24.251915,27.322294,29.960575,28.873455,26.320648,30.516325,33.276077,31.535069,29.412582,32.39338,33.71377,30.752035,29.161125,25.996754,22.602858,24.149817,20.186953,22.380085
34,34.580368,32.75467,29.670006,25.906212,24.808823,21.847502,21.916092,18.207346,17.57815,17.666548,14.285835,18.982876,14.98919,11.466647,14.6280155,11.516862,13.727256,13.432732,15.75841,18.63044,19.117184,23.938145,23.669407,23.364305,26.98538,28.43238,26.777946,21.888422,19.975927,16.955141,14.327312,10.596161,4.582119,5.086266,0.0,4.2947288,6.0731144,4.503442,4.6721673,7.1478815,6.60394,11.092305,10.265593,16.316816,18.980547,20.945616,24.722736,26.352852,29.384047,31.60598,29.45311,25.94577,24.987988,22.811525,18.497437,17.169374,17.006199,14.5178,17.79405,18.103622,16.349838,22.690245,24.008219,28.101486,30.61632,34.326546,37.263664,37.46874,34.50812,29.3525,28.781874,26.337614,22.896334,24.333006,20.206797,22.639538,20.603231,21.73979,22.312695,19.073265,14.0581875,14.373238,10.505225,13.339549,15.958587,13.8225565,20.278833,20.166023,24.387657,27.177116,29.082321,27.245432,31.128036,33.079033,31.576708,29.327974,33.91438,36.092632,33.827415,32.02819,35.548088,37.191406,34.36839,32.40962,29.592653,25.521532,26.827875,22.534554,24.131289
35,36.374165,34.68637,31.170116,27.876614,26.609531,23.140535,23.305452,18.558586,18.316242,16.722063,13.438437,17.252024,12.523237,9.192114,12.984632,11.336563,13.946972,14.85567,17.647919,21.086683,21.642447,26.581797,26.646503,26.800508,30.605488,31.862366,30.55453,25.655127,23.640463,20.763186,18.012861,14.242868,8.370712,6.3563385,4.2947288,0.0,4.6175823,6.0283875,6.749361,9.920525,10.856794,15.277952,14.349446,20.295298,23.116644,24.927662,28.808792,30.19806,33.41792,35.745647,33.680748,30.04158,29.26406,26.901814,22.699648,21.201796,20.837446,18.008707,20.693481,20.966475,19.492477,25.876423,27.500736,31.412672,34.270046,37.59946,40.62946,40.505627,37.369213,32.26972,31.182644,28.553555,25.358894,26.14253,21.97307,23.844572,21.218287,22.384874,22.200716,19.17987,14.987133,15.092492,11.69617,15.243239,17.626457,16.145864,22.616484,22.831541,27.015163,29.861849,31.684795,29.451878,32.811825,35.195206,33.702705,30.746906,35.34087,37.993065,35.68407,33.23483,36.617485,38.15151,34.94509,33.10178,29.636335,26.087023,26.733267,22.464815,23.555498
36,36.89782,35.68776,32.285797,29.05402,28.355421,24.551996,25.711575,20.969715,21.44235,19.773674,17.66126,21.339682,16.307396,12.859423,15.544402,14.07015,15.513879,16.794786,18.495571,22.2217,21.696941,27.268087,26.431906,26.520086,30.610598,32.540154,31.38839,26.466825,25.17789,21.351377,19.966162,15.015374,10.601627,8.302262,6.0731144,4.6175823,0.0,4.0026684,5.577821,9.679691,11.0339985,15.589313,15.874124,21.869537,23.647522,26.112148,29.334044,31.42268,34.163586,36.549957,34.359615,31.318678,29.627848,27.927263,23.38524,21.739521,22.445171,19.850956,22.584387,23.644453,22.196074,28.57515,29.95701,34.099487,36.50161,40.353775,43.265415,43.485554,40.422604,35.326393,34.59241,32.20962,28.891548,30.102644,25.919762,27.99364,25.491095,26.404045,26.261044,22.72506,18.64702,19.30574,15.814453,19.092493,21.562218,19.279778,25.735386,25.203848,29.50271,31.990671,34.233574,32.419113,35.621178,38.178463,36.935482,34.33436,38.70122,41.365635,39.319508,37.123684,40.33429,41.73172,38.58862,36.921013,33.421246,30.080082,30.971567,26.783758,28.0674
