,0,1,2,3,4,5,6,7,8,9,10,11,12,13,14,15,16,17,18,19,20,21,22,23,24,25,26,27,28,29,30,31,32,33,34,35,36,37,38,39,40,41,42,43,44,45,46,47,48,49,50,51,52,53,54,55,56,57,58,59,60,61,62,63,64,65,66,67,68,69,70,71,72,73,74,75,76,77,78,79,80,81,82,83,84,85,86,87,88,89,90,91,92,93,94,95,96,97,98,99,100,101,102,103,104,105,106,107,108,109
0,0.0,4.3008003,6.454299,9.423256,12.018401,14.519956,17.308462,21.674295,24.829403,27.073023,30.614588,32.560074,36.11459,37.048737,31.45164,30.617594,26.829218,26.73637,22.003305,21.65056,17.316223,15.068167,14.491878,20.39773,21.788403,23.06441,26.060253,29.509806,31.630833,35.36937,35.625942,41.826065,43.134937,45.295235,40.6145,37.37429,39.83941,41.32968,36.159977,34.3531,38.33721,35.77987,31.803406,33.04235,36.543343,31.558403,27.78238,32.442207,33.766613,37.386086,36.656807,30.315882,36.24936,38.43156,34.37073,32.230824,31.270765,31.74553,35.93086,37.513832,34.298424,37.98613,39.12101,42.55662,41.28258,38.815964,40.6535,40.40633,35.57624,34.92985,36.619965,35.91884,31.340878,30.58654,29.54009,27.586084,24.91498,26.267075,21.238062,24.202711,21.342236,20.641207,21.795876,22.26362,25.236551,20.352303,25.631952,23.292938,26.184319,27.818476,29.745419,29.847324,31.996151,31.318386,30.27643,31.046427,26.546076,27.989443,32.785664,30.15724,34.320976,36.08429,37.616264,40.6763,38.933464,44.13836,38.959248,43.39599,41.377193,44.744217
1,4.3008003,0.0,5.3025413,6.3026533,8.654623,12.214198,13.963678,18.97503,21.906792,24.288828,27.860565,29.781416,33.17126,33.853523,28.10753,27.110516,23.22604,22.933727,18.121078,17.590578,13.294837,10.830321,10.815779,16.309074,17.541252,18.778181,21.903505,25.291748,27.566357,31.175821,31.733225,37.825386,39.301098,41.584652,36.978897,33.703117,36.350197,38.02543,32.871235,31.004538,35.275402,32.941986,28.815884,30.251266,33.98508,29.243185,25.489008,30.295588,31.92703,35.295506,34.39979,28.58101,34.635765,36.437904,32.459194,30.099445,28.709974,29.098309,33.614487,35.000717,31.201382,35.0136,35.904037,39.54083,38.239292,35.51245,37.167778,36.69693,31.974436,31.55783,32.925877,32.021923,27.631344,26.977365,26.171795,24.457205,21.886942,23.419369,18.696064,21.951752,19.278929,19.283066,19.691317,19.625372,22.18273,17.289644,22.154572,19.667128,22.274937,24.002129,25.722824,25.641699,27.814919,27.03335,25.986084,26.819237,22.43501,23.974434,28.717974,26.4382,30.405586,32.457706,34.159832,37.006283,35.107628,40.21714,34.884335,39.24778,37.156277,40.482777
2,6.454299,5.3025413,0.0,5.3183928,6.6412234,8.643134,11.550393,15.348692,18.755701,20.728819,24.315714,26.186275,29.816517,30.860636,25.411797,24.860367,21.138176,21.618551,16.86753,17.659494,13.9414,12.307407,13.637049,18.188236,19.16066,19.614262,22.28153,25.477888,27.187416,31.202435,30.693731,37.292828,37.876514,40.173023,35.69322,32.20169,34.30597,36.050087,30.991077,28.877151,32.653805,30.66955,26.53524,27.237995,30.953176,26.585861,22.073423,26.607138,28.402344,31.829178,31.58677,25.46452,31.622356,33.73032,30.191017,28.522816,26.95134,28.101364,32.358994,33.02361,29.943132,34.097996,35.4549,38.829624,36.901985,34.31654,36.725323,36.31261,31.256985,31.418684,33.22889,32.115486,27.458405,27.76356,26.074997,25.119663,22.007221,22.41073,17.751265,19.72865,16.392708,15.562452,15.926767,16.747393,20.140625,15.616293,21.335238,20.276295,23.264618,25.686993,27.493574,27.085255,29.959343,28.563131,26.831104,27.639347,23.310951,23.807695,28.326742,25.131819,29.170113,30.474916,31.746151,34.991367,33.520687,38.799046,34.04092,38.69559,37.058994,40.715126
3,9.423256,6.3026533,5.3183928,0.0,3.8964367,6.4115705,8.594987,13.552363,15.97865,18.883074,22.137283,24.431684,27.609066,28.552162,23.076433,21.499962,17.969501,17.517809,13.447271,12.929071,8.956124,7.9701996,9.108367,13.347587,14.677978,15.592412,17.599367,21.172441,22.708027,26.825104,26.398127,32.740257,33.889523,35.909603,31.230701,27.982788,30.45945,31.943563,26.783344,24.964237,29.090534,26.69193,22.572485,24.021309,27.690712,23.017328,19.279226,24.152622,25.81157,29.084658,28.162733,22.561174,28.681124,30.334484,26.557707,24.388689,22.681906,23.43892,27.97218,28.909155,25.275505,29.302063,30.441708,33.952553,32.300705,29.634829,31.717611,31.35566,26.394024,26.286507,28.03309,27.093498,22.394018,22.464073,20.91304,19.880535,16.862486,17.652388,13.112001,15.885587,13.1707735,13.644698,13.687843,13.341383,15.961764,11.1171055,16.433636,14.979289,18.071737,20.489027,22.482533,22.362318,25.531677,24.534893,23.014767,24.367966,20.654617,21.318508,25.46757,23.174328,26.3215,28.208029,29.638319,32.405106,30.727118,35.543285,30.494162,35.02196,33.019005,36.544964
4,12.018401,8.654623,6.6412234,3.8964367,0.0,5.358082,5.334295,10.531398,13.393364,15.743707,19.299965,21.235422,24.534071,25.254524,19.618189,18.644762,14.815888,15.072053,10.302972,11.344178,8.349076,7.433898,10.73901,13.129697,13.639481,13.568611,15.932187,18.978943,20.60184,24.630877,24.144146,30.739285,31.37334,33.813366,29.452698,25.858541,28.153603,30.183187,25.165882,22.902933,27.085186,25.545301,21.159962,22.093601,26.19712,22.393091,17.874355,22.586294,24.927593,27.851479,27.39529,22.316149,28.560032,29.999462,26.759108,24.90303,22.519186,23.724472,28.40918,28.526285,24.630917,29.068872,30.141363,33.742077,31.607912,28.634169,30.958006,30.209906,25.23512,25.99585,27.420057,25.914778,21.486717,22.39437,20.764988,20.617527,17.570265,17.804693,14.04,15.993457,13.043217,13.634469,12.295454,12.0566635,14.75101,10.475923,15.575959,15.03252,17.615746,20.507284,21.997728,21.18726,24.489605,22.750566,20.724474,21.796524,17.989952,18.092005,22.242691,19.501337,22.921165,24.576195,26.007185,28.922237,27.30239,32.375114,27.504818,32.147633,30.483053,34.182835
5,14.519956,12.214198,8.643134,6.4115705,5.358082,0.0,5.704574,8.132654,10.627183,13.476518,16.476164,18.98919,22.244978,23.712921,18.813477,17.373468,14.411053,14.813067,11.721166,12.881323,10.706926,11.404665,13.78566,15.907426,16.770079,16.631115,17.455166,20.591345,21.077162,25.667957,23.65068,30.492884,30.523527,32.421875,27.929626,24.501917,26.258902,27.741848,22.755234,20.676395,24.1499,22.204756,18.086664,18.645298,22.31474,18.242271,13.497926,18.15765,20.142515,23.364836,23.168938,17.514956,23.791498,25.60425,22.532677,21.297253,19.119028,20.97158,25.1416,24.92688,22.170635,26.634022,28.334944,31.459682,28.960333,26.474642,29.531223,29.244644,23.95565,24.720318,26.990786,25.797306,20.9089,22.41568,19.677143,19.964493,16.422714,15.37531,11.611679,12.035022,8.445903,8.351721,7.507961,8.17307,11.973264,8.176516,14.352096,15.357645,18.664434,21.889015,23.87484,23.377583,27.39641,25.764862,23.478476,24.941301,21.80133,21.069824,24.467318,21.42001,24.02374,25.024492,25.841133,28.891727,27.787342,32.516117,28.290745,33.07481,31.615906,35.469738
6,17.308462,13.963678,11.550393,8.594987,5.334295,5.704574,0.0,6.0630884,8.396048,10.815289,14.261945,16.233406,19.33131,20.019022,14.481964,13.373241,9.636071,10.418904,6.1487894,8.937446,8.247421,9.049881,13.272607,13.123389,12.979906,11.831013,13.1290245,15.635091,16.58323,20.83596,19.505693,26.389751,26.407312,28.960503,24.836477,21.020136,23.056753,25.393158,20.549215,17.96045,22.120182,21.315334,16.769308,17.312704,21.736849,18.889471,13.9453335,18.444391,21.383482,23.79467,23.61908,19.488811,25.638449,26.654718,24.077318,22.60353,19.459314,21.210161,25.899277,25.036716,21.01801,25.831614,26.949049,30.48364,27.78413,24.61571,27.355824,26.369467,21.336397,23.052807,24.401175,22.446238,18.200304,20.324844,18.210129,19.325216,16.237421,15.4552,13.066096,13.742694,11.049998,12.360064,9.247036,8.520826,10.87138,7.9441886,12.359908,13.620471,15.81473,19.346401,20.534882,19.227388,23.170765,20.864857,18.220392,19.481781,16.510605,15.437557,18.770042,15.906499,18.548853,19.929903,21.148085,24.00768,22.59347,27.527483,23.036896,27.82201,26.474878,30.383575
7,21.674295,18.97503,15.348692,13.552363,10.531398,8.132654,6.0630884,0.0,4.537276,5.4461503,9.036765,10.988304,14.483588,15.849242,11.188438,11.079867,8.482402,11.087474,8.961363,13.144532,13.742726,15.051399,19.08516,18.413015,18.02874,16.202574,16.426352,18.030605,17.810736,22.165995,19.111977,26.3127,24.796381,27.318169,23.684027,19.674858,20.575943,23.099918,18.758003,15.7307415,18.801514,19.082855,14.744163,13.575258,18.092587,16.676126,10.359037,13.9534855,17.635813,19.693775,20.732346,17.00695,22.926624,24.069857,22.577799,22.28154,18.795792,21.64179,25.653341,23.449762,20.645206,25.721169,27.374298,30.366394,26.766481,23.879711,27.619196,26.684097,21.569176,24.23757,25.993471,23.813946,19.751078,23.12164,20.091263,22.263645,19.001196,16.651806,15.329682,13.62372,10.679988,11.097436,6.4985394,7.466605,10.560302,10.074048,14.064049,17.38623,19.52446,23.380865,24.48556,22.914488,27.254473,24.456533,21.24668,22.345978,20.010801,17.58166,19.855658,15.989894,18.04685,17.950317,18.246298,21.607264,21.045801,25.917576,22.691357,27.628271,27.085707,31.245117
8,24.829403,21.906792,18.755701,15.97865,13.393364,10.627183,8.396048,4.537276,0.0,4.7953553,6.437724,9.48692,11.963846,13.594186,9.736115,7.692941,6.6945157,8.493387,9.261548,12.381774,14.084398,16.303993,19.92123,18.202908,17.88733,16.14739,14.8574915,16.299059,15.035407,19.61733,15.52299,22.65716,21.07682,23.152235,19.397636,15.549267,16.372377,18.605478,14.253778,11.296095,14.4135065,14.680598,10.321066,9.295263,13.96373,13.003578,7.228867,10.790194,14.585261,16.177725,16.844112,14.26788,19.82082,20.400688,19.247599,19.046947,15.131668,18.190716,22.062521,19.362806,16.512468,21.643534,23.35269,26.19174,22.37923,19.51163,23.49769,22.660587,17.549965,20.565619,22.480759,20.369938,16.394396,20.381018,16.958027,19.86507,16.808044,13.792353,13.864067,11.375591,9.621555,11.236194,6.3347063,5.6401243,7.1892858,8.815758,11.1883335,15.710294,17.648888,21.593725,22.747976,21.354895,26.105947,23.573462,20.426346,22.053156,20.768097,18.14558,19.381712,16.540123,16.896269,16.990433,17.059153,19.79098,19.357529,23.418037,20.436802,25.24407,24.600657,28.698854
9,27.073023,24.288828,20.728819,18.883074,15.743707,13.476518,10.815289,5.4461503,4.7953553,0.0,4.2325315,5.559251,9.12453,10.646877,7.0316267,8.195038,7.3629756,11.119516,11.025386,15.716477,17.611874,19.269178,23.52372,21.633574,20.773258,18.310242,17.738407,18.207277,17.161404,21.10551,17.036463,24.099384,21.297594,24.048702,21.208754,17.044437,16.999685,20.127478,16.627983,13.131316,15.386935,17.46717,13.522202,10.884524,15.60887,16.44324,10.173914,12.037223,16.617598,17.540895,19.4278,17.485098,22.60332,23.183683,22.887539,23.262455,19.252005,22.56635,26.142975,22.688704,20.2282,25.368843,27.006712,29.687016,25.425571,22.499866,26.662876,25.424957,20.697746,24.473352,25.958757,23.336508,20.058186,24.4384,21.26181,24.436474,21.505932,18.48959,18.617205,15.908661,13.851796,14.5080385,9.55336,10.19063,11.832229,13.455888,15.561334,20.006994,21.443129,25.416002,26.067818,24.068933,28.522379,25.26336,21.682714,22.636076,21.259314,17.846535,18.773998,14.8145,15.646963,14.425603,13.960675,17.404259,17.517982,22.092695,20.010595,24.858904,25.043089,29.283049
10,30.614588,27.860565,24.315714,22.137283,19.299965,16.476164,14.261945,9.036765,6.437724,4.2325315,0.0,3.8979025,6.0044255,8.61956,7.5585,7.638253,9.122748,12.114995,13.944365,17.81485,20.199503,22.339142,26.230213,23.901293,23.147093,20.795696,19.195099,19.38567,17.37587,21.235802,15.966587,22.65736,19.136482,21.374374,18.852634,14.999801,14.079702,16.947504,14.082889,10.704197,11.781239,14.694167,11.433695,7.6677847,12.124507,14.46248,8.941636,9.21855,14.074249,14.175633,16.516254,15.931664,20.231209,20.411575,20.966003,21.924084,17.80038,21.463907,24.44225,20.180008,18.497936,23.457102,25.305578,27.521355,22.845974,20.240477,24.856518,23.78747,19.303524,23.45508,25.161589,22.664852,19.70276,24.581734,21.029287,24.752449,22.017632,18.372147,19.512495,15.94381,14.707795,15.595646,10.948231,11.273228,11.947816,14.953554,15.968335,21.199253,22.517351,26.4515,27.15213,25.324047,30.016193,26.949615,23.4313,24.673061,24.084383,20.491877,20.470295,17.219421,16.564487,14.944001,13.7909565,16.684593,17.370369,20.96013,19.796236,24.370613,24.783255,28.9217
11,32.560074,29.781416,26.186275,24.431684,21.235422,18.98919,16.233406,10.988304,9.48692,5.559251,3.8979025,0.0,4.229437,6.2169805,6.198078,9.024742,10.275715,14.093992,15.288482,19.963146,22.527773,24.314272,28.656567,26.061342,24.895033,22.069626,20.99913,20.492704,18.802185,22.025703,17.191843,23.598822,19.304684,22.211332,20.523129,16.510777,15.158636,18.81528,16.659828,13.070062,13.808396,17.879604,14.852914,10.928101,15.070568,18.224495,12.784742,12.500355,17.421215,17.041487,19.85121,19.683397,23.710585,23.77716,24.700253,25.73676,21.532001,25.11472,28.099333,23.58126,21.741745,26.658339,28.259863,30.496624,25.692217,22.924788,27.370134,25.897346,21.817566,26.431822,27.639168,24.725407,22.34561,27.373764,24.182987,28.019085,25.41205,21.999758,23.085009,19.768303,18.329931,18.954454,14.220118,14.787156,15.497298,18.224566,19.087223,24.09043,24.98062,28.905348,29.176281,26.883396,31.266857,27.687193,23.92657,24.64749,24.106768,20.046864,19.668667,15.867882,15.393068,12.708443,11.0343485,14.430233,15.588867,19.524792,19.116404,23.586784,24.65437,28.821625
12,36.11459,33.17126,29.816517,27.609066,24.534071,22.244978,19.33131,14.483588,11.963846,9.12453,6.0044255,4.229437,0.0,3.7539985,7.440538,9.115019,11.920084,14.971158,17.56301,21.585804,24.700941,26.825573,30.97695,27.725641,26.500534,23.686262,21.82799,20.83721,18.442152,21.215088,15.677343,21.345846,16.267073,18.948086,17.97809,14.327874,12.098274,15.92637,14.815297,11.463252,11.156746,16.473389,14.254937,10.139421,13.601396,18.155365,14.042432,12.754909,17.441181,16.06008,18.84337,20.287544,23.42145,22.821188,24.440042,25.68145,21.352243,24.893793,27.470379,22.367908,20.746504,25.341043,26.811392,28.722998,23.685835,21.042278,25.538532,23.9784,20.48107,25.55547,26.56791,23.611767,21.92075,27.315292,24.157022,28.464106,26.230007,22.630642,24.617203,21.086523,20.409277,21.494455,16.927845,16.90244,16.582653,20.153513,19.790493,25.157724,25.639278,29.430555,29.523165,27.251482,31.673626,28.210764,24.554045,25.465828,25.793991,21.634275,20.250036,17.466377,15.399644,12.583336,10.38417,12.712359,14.412443,17.119738,17.751192,21.768154,23.141449,27.117628
13,37.048737,33.853523,30.860636,28.552162,25.254524,23.712921,20.019022,15.849242,13.594186,10.646877,8.61956,6.2169805,3.7539985,0.0,6.1249056,8.979468,11.575092,14.754692,17.206017,21.436962,24.91136,26.847488,31.27453,27.450958,25.83429,22.690079,21.08147,19.380636,17.285982,19.322454,14.54917,19.8461,14.54685,18.116201,17.747446,13.905025,11.9932785,16.684147,15.84482,12.357038,12.867988,18.505495,16.113962,12.762992,16.416231,20.811468,16.88787,16.169586,20.808607,19.37938,21.671343,23.335571,26.587576,25.701742,27.124752,27.9269,23.40056,26.562243,29.47824,24.548346,22.020096,26.587364,27.551271,29.75291,24.907701,21.835114,25.772331,23.689835,20.650673,26.080408,26.381657,22.98785,21.976954,27.392584,24.81829,29.20456,27.252594,24.122375,26.1998,23.277971,22.648949,24.045486,19.250345,18.83157,18.123692,21.477646,20.54302,25.54186,25.421043,29.100744,28.699837,26.022306,30.093369,26.294872,22.561792,23.150991,23.877453,19.508839,17.513006,15.075059,12.421333,9.207463,6.825397,8.986769,10.853305,13.799015,14.756303,18.657633,20.443985,24.403635
14,31.45164,28.10753,25.411797,23.076433,19.618189,18.813477,14.481964,11.188438,9.736115,7.0316267,7.5585,6.198078,7.440538,6.1249056,0.0,5.923746,6.2103524,10.336143,11.366176,16.252148,19.473175,21.075272,25.772217,22.180426,20.460321,17.197027,16.458935,15.174952,14.1323395,16.782753,13.361445,19.82497,16.382736,20.269947,18.571678,14.120731,14.062869,18.608612,16.102968,12.260489,14.9562435,18.852705,15.229905,13.007498,17.729637,20.068085,15.2812805,16.41193,21.090656,20.842981,22.354006,22.384321,26.812098,26.384537,26.574162,26.57134,22.036703,24.834972,28.607405,24.725964,21.06162,26.048185,26.844027,29.759298,25.472027,21.915812,25.40416,23.254086,19.499231,24.37366,24.580196,21.105095,19.377106,24.265831,22.030972,25.851498,23.695473,21.225609,22.435274,20.451,19.297367,20.849865,15.849215,15.199946,14.929177,17.195267,16.971167,21.245857,21.23834,25.02438,24.657856,21.85112,25.857489,21.928709,18.067593,18.592438,18.472376,14.26399,13.490146,10.266791,9.322904,7.599203,7.3333445,10.490992,10.51536,15.362852,13.687163,18.425375,19.29162,23.54004
15,30.617594,27.110516,24.860367,21.499962,18.644762,17.373468,13.373241,11.079867,7.692941,8.195038,7.638253,9.024742,9.115019,8.979468,5.923746,0.0,4.487266,5.971022,10.0456,12.899133,16.585287,19.016602,22.935461,18.943935,17.723724,15.189655,12.747459,12.17378,9.882337,13.600422,8.864059,15.912528,13.722187,16.63073,13.745995,9.323613,10.321119,14.097218,10.726541,7.008089,11.089514,13.774701,9.959931,9.246772,13.951833,15.485996,12.140928,13.8958025,17.905386,17.76825,18.030529,18.553673,22.817469,21.974773,21.747747,21.29495,16.657755,19.163815,23.03975,19.481827,15.226459,20.216429,20.984629,24.006058,19.951576,16.283167,19.765266,17.90915,13.754074,18.499237,19.030027,15.896958,13.753122,18.864744,16.340273,20.45274,18.508932,15.916031,17.969765,16.10104,15.933009,18.435404,13.814065,11.913283,10.146526,13.336377,11.710859,16.563543,16.631092,20.42233,20.477776,18.315605,22.9389,19.921822,16.551037,18.225239,18.745111,15.435671,14.58902,13.428322,11.037104,11.561749,11.801015,13.240717,12.6434355,15.924965,13.20136,17.853777,17.569311,21.69355
16,26.829218,23.22604,21.138176,17.969501,14.815888,14.411053,9.636071,8.482402,6.6945157,7.3629756,9.122748,10.275715,11.920084,11.575092,6.2103524,4.487266,0.0,4.707073,5.8378177,10.110777,13.393962,15.316956,19.74993,16.143085,14.724093,11.914397,10.92063,10.864538,10.268621,14.101462,11.469124,18.55738,17.30323,20.551554,17.410458,13.038634,14.680197,18.284962,14.387936,10.952875,15.321741,17.005644,12.652692,12.395922,17.324732,17.473845,13.16843,16.02953,20.02446,20.693895,20.88685,19.906088,24.973196,24.676876,23.662876,22.739323,18.351746,20.54181,24.960032,22.266083,17.599705,22.679245,23.329107,26.753603,23.189583,19.424583,22.404984,20.524841,16.13334,20.101156,20.481558,17.355446,14.692099,18.97405,16.908865,20.222948,18.008318,16.179018,16.985193,16.070656,15.081542,17.378304,12.682405,10.942492,10.243404,11.693037,11.45529,15.192625,15.4479685,19.323536,19.351675,16.958422,21.32176,18.025051,14.502152,15.858553,15.306185,12.197871,12.759742,10.753241,10.453207,11.623625,12.675447,14.850852,13.616148,18.108765,14.314693,19.221586,18.624956,22.81015
17,26.73637,22.933727,21.618551,17.517809,15.072053,14.813067,10.418904,11.087474,8.493387,11.119516,12.114995,14.093992,14.971158,14.754692,10.336143,5.971022,4.707073,0.0,6.2799025,7.060452,11.115842,13.768217,17.380346,13.010461,11.951921,9.958079,7.114603,7.9900484,6.7744055,11.449889,9.108697,15.992514,16.399778,18.927229,14.982089,11.107499,13.951241,16.696775,12.281997,9.710635,14.93173,15.190527,10.918406,12.565458,16.963936,16.034481,13.432475,16.793995,19.957893,20.749592,19.712189,19.048563,23.900143,23.22702,21.612268,19.927893,15.612442,17.029898,21.77801,19.855726,14.204257,19.071518,19.359533,23.103199,20.159773,16.224539,18.57014,16.817163,12.285698,15.757709,16.04102,13.162776,10.1305685,14.273259,12.462388,15.839195,14.023355,12.750633,14.213616,14.200538,14.218801,17.417452,13.448027,10.487274,8.1097,9.69424,7.4201627,11.062805,11.0159645,14.898815,15.152946,13.269563,18.082277,15.66485,12.78524,15.130206,15.293915,13.294616,13.664399,13.627565,12.243855,14.731427,16.077137,17.21935,15.529709,18.921904,14.292426,18.814121,17.193293,21.084942
18,22.003305,18.121078,16.86753,13.447271,10.302972,11.721166,6.1487894,8.961363,9.261548,11.025386,13.944365,15.288482,17.56301,17.206017,11.366176,10.0456,5.8378177,6.2799025,0.0,6.201699,8.530631,9.753802,14.623145,11.503223,10.042908,7.429807,8.626356,9.982046,11.43513,15.152274,14.819668,21.444601,21.734272,24.871408,21.206337,17.196167,19.69399,22.778288,18.319918,15.48789,20.318598,20.575045,16.014729,16.866756,21.612019,20.00641,15.834941,19.78783,23.210789,24.700981,24.25609,21.921326,27.565807,27.67406,25.580355,23.83014,19.982695,21.37917,26.343801,24.992949,19.742739,24.588285,24.965109,28.831118,26.119623,22.327524,24.479004,22.741627,18.2795,20.94297,21.147606,18.395884,15.224108,17.971115,16.737667,18.743181,16.48581,16.064486,15.400858,16.27671,14.8255205,17.136122,13.233225,11.314891,11.318764,10.166747,11.182864,12.635045,13.097661,16.742874,16.897966,14.658703,18.574286,15.571385,12.4977255,13.8147335,11.791549,10.194763,12.903997,11.191268,12.976115,15.316327,17.132576,19.298508,17.367231,22.182331,17.208847,21.898308,20.503294,24.412132
19,21.65056,17.590578,17.659494,12.929071,11.344178,12.881323,8.937446,13.144532,12.381774,15.716477,17.81485,19.963146,21.585804,21.436962,16.252148,12.899133,10.110777,7.060452,6.201699,0.0,4.6197004,7.3520503,10.556272,6.1515746,5.734005,5.64518,4.7399287,8.579582,10.06836,14.015876,14.54173,20.252182,22.396618,24.6087,20.201351,17.077332,20.513428,22.49353,17.694538,15.991692,21.233603,19.809093,15.636044,18.243673,22.268053,19.270771,17.048107,21.45148,23.841805,25.572344,23.797226,21.537958,26.882517,26.708563,23.754519,20.997637,17.665348,17.847645,23.130299,23.116205,17.09806,21.304443,21.248537,25.411238,23.747097,20.06303,21.210045,19.875128,15.549653,16.72803,16.894766,14.953477,11.281028,12.539135,12.091611,13.20191,11.464205,12.549733,12.003841,14.640623,14.364116,17.608335,14.934296,11.853584,10.419535,8.439347,7.6880164,6.8014836,7.2547417,10.799786,11.626483,10.5405245,14.872022,13.542517,11.832334,14.385997,13.2350645,13.456275,15.745367,16.149635,16.583656,19.91695,21.864695,23.14269,20.88442,24.56377,18.926775,23.028366,20.499748,23.859295
20,17.316223,13.294837,13.9414,8.956124,8.349076,10.706926,8.247421,13.742726,14.084398,17.611874,20.199503,22.527773,24.700941,24.91136,19.473175,16.585287,13.393962,11.115842,8.530631,4.6197004,0.0,3.6030684,6.379601,5.2162004,6.447369,7.9381943,8.9341135,12.891482,14.649297,18.46826,19.048134,24.710014,26.9171,28.932194,24.296005,21.307774,24.589102,26.20728,21.173685,19.625076,24.60284,22.441727,18.296001,20.866812,24.717136,20.69359,18.258284,23.083687,25.05977,27.435043,25.627996,22.098507,27.76712,28.178995,24.609238,21.66942,19.077364,19.062954,24.275038,25.078342,19.679049,23.632263,23.87184,27.912447,26.601475,23.316994,24.47754,23.616127,19.152784,19.290133,20.022402,18.765148,14.633137,14.624632,14.126391,13.729592,11.569401,13.351395,10.931493,14.601298,13.718851,16.466248,14.820922,12.263428,12.130129,8.254019,10.065929,7.4943085,9.467895,12.177207,13.749453,13.489475,17.0867,16.37289,15.176876,17.335773,15.031092,16.019457,19.270086,18.964563,20.501213,23.566956,25.468761,27.187643,24.996544,29.017902,23.383017,27.504013,24.93757,28.179594
21,15.068167,10.830321,12.307407,7.9701996,7.433898,11.404665,9.049881,15.051399,16.303993,19.269178,22.339142,24.314272,26.825573,26.847488,21.075272,19.016602,15.316956,13.768217,9.753802,7.3520503,3.6030684,0.0,5.4435897,6.191996,6.9101677,8.338856,11.201432,14.661862,17.172249,20.51112,21.81965,27.424875,29.577276,31.951862,27.509136,24.350933,27.584858,29.52612,24.547209,22.7651,27.75057,25.894686,21.64725,23.864338,27.906073,23.970858,21.001333,25.843122,27.997719,30.488577,28.956652,25.061245,30.902502,31.524961,27.918947,25.031816,22.57,22.570412,27.746284,28.618963,23.276209,27.212868,27.36359,31.450891,30.18726,26.842678,27.874962,26.848099,22.544846,22.719038,23.152489,21.750528,17.964708,17.655464,17.60264,16.833899,14.845799,16.834389,13.909069,17.629604,16.218826,18.374882,16.851208,14.885133,15.397288,11.278651,13.643627,10.752934,12.206109,14.3652,15.506134,14.961523,17.689575,16.776089,15.7325,17.28796,14.063007,15.698951,19.69338,19.078222,21.580276,24.646149,26.747892,28.684362,26.362944,30.806114,25.031033,29.119106,26.648458,29.832851
22,14.491878,10.815779,13.637049,9.108367,10.73901,13.78566,13.272607,19.08516,19.92123,23.52372,26.230213,28.656567,30.97695,31.27453,25.772217,22.935461,19.74993,17.380346,14.623145,10.556272,6.379601,5.4435897,0.0,6.7389064,9.262173,12.278265,13.89599,17.913092,20.05894,23.363752,24.73435,29.72439,32.69921,34.39992,29.571358,27.03113,30.514935,31.651714,26.580143,25.489742,30.371902,27.386362,23.598766,26.547932,29.987036,25.03981,23.252682,28.232485,29.550692,32.353268,30.102846,25.880882,31.390844,32.0958,27.821997,24.37519,22.824738,21.977602,26.941772,29.025106,23.902927,27.08208,27.159678,31.134836,30.718845,27.816326,28.291231,27.834927,23.751684,22.522654,23.292833,22.861683,18.873789,17.012323,17.39045,15.089323,13.547491,16.688892,13.187646,18.076345,17.29512,19.555311,19.298576,17.128178,17.340631,12.859195,14.947582,10.444637,12.4937725,13.46591,15.497229,16.354605,18.699396,19.270805,19.177591,21.161053,18.449997,20.64321,24.346521,24.333782,26.31213,29.608604,31.661242,33.343845,30.983007,34.923717,29.007744,32.80064,29.839228,32.640816
23,20.39773,16.309074,18.188236,13.347587,13.129697,15.907426,13.123389,18.413015,18.202908,21.633574,23.901293,26.061342,27.725641,27.450958,22.180426,18.943935,16.143085,13.010461,11.503223,6.1515746,5.2162004,6.191996,6.7389064,0.0,3.2469473,6.9503655,7.7360163,11.5902815,14.044075,16.845491,19.100063,23.563805,26.984991,28.907042,24.404629,21.925524,25.766161,27.28239,22.553398,21.449932,26.7143,24.492321,20.719414,23.91949,27.555527,23.691471,22.266222,26.897108,28.71608,30.745344,28.35562,25.706251,30.90238,30.785038,27.11819,23.614557,21.152514,20.20131,25.482275,26.820345,20.598516,23.89689,23.307459,27.627626,27.091557,23.636606,23.59771,22.498188,18.904907,18.485,18.160894,17.06694,13.927098,12.540993,13.869265,12.873373,12.146708,15.237865,13.827795,18.123564,18.095644,21.231213,19.629044,16.647295,15.366022,12.349907,11.685167,7.147223,6.967883,8.376079,9.452925,9.683403,12.572046,12.980307,12.999903,15.521295,14.102394,16.21329,19.025211,20.309032,21.145737,25.039637,27.327135,28.319265,25.701204,29.111628,22.979265,26.453787,23.274847,25.942709
24,21.788403,17.541252,19.16066,14.677978,13.639481,16.770079,12.979906,18.02874,17.88733,20.773258,23.147093,24.895033,26.500534,25.83429,20.460321,17.723724,14.724093,11.951921,10.042908,5.734005,6.447369,6.9101677,9.262173,3.2469473,0.0,3.9752667,6.248537,9.297026,12.514848,14.830796,17.790642,22.265375,25.461773,27.897524,23.791706,21.019165,24.83286,26.92917,22.424667,20.9512,26.334137,24.935394,21.002672,23.820848,27.776209,24.671957,22.756405,27.183842,29.48502,31.209646,29.164227,26.94394,32.18866,31.905685,28.657724,25.410524,22.47672,21.860691,27.184967,27.880182,21.398478,24.970451,24.206432,28.609602,27.723547,23.950138,23.940962,22.333519,18.944788,19.431421,18.511837,16.69245,14.217959,13.708241,15.172494,15.069008,14.393003,16.920963,16.00103,19.67819,19.4454,22.521128,20.24764,17.35712,16.007416,13.540698,12.498042,9.097264,7.7977724,9.544396,9.354212,8.174785,10.908758,10.2811775,9.966146,12.311225,10.95658,13.161211,15.972129,17.562325,18.473671,22.558447,25.048872,25.937834,23.16272,26.744156,20.492336,23.947655,20.920715,23.675898
25,23.06441,18.778181,19.614262,15.592412,13.568611,16.631115,11.831013,16.202574,16.14739,18.310242,20.795696,22.069626,23.686262,22.690079,17.197027,15.189655,11.914397,9.958079,7.429807,5.64518,7.9381943,8.338856,12.278265,6.9503655,3.9752667,0.0,5.5366297,7.1037846,10.823062,12.987575,15.938885,20.878185,23.25885,26.306002,22.65074,19.381437,22.915451,25.707123,21.431778,19.404497,24.76175,24.376955,20.233135,22.377296,26.703434,24.51936,21.86383,25.9872,28.862225,30.271238,28.798775,26.937996,32.26214,31.908281,29.220102,26.454681,22.987417,23.009146,28.295996,28.08754,21.647497,25.68133,25.019772,29.368948,27.82732,23.797375,24.26353,22.212904,18.776604,20.45358,19.335535,16.714787,14.6409,15.555771,16.478937,17.454622,16.456692,18.020046,17.510956,20.239244,19.669535,22.566975,19.517536,16.874516,15.662306,13.889845,12.8802,11.256444,9.785371,12.256247,11.387653,8.81078,11.7134495,9.228573,7.4644685,9.40426,7.899825,9.319825,12.213061,13.602308,14.72842,18.768576,21.363958,22.361055,19.561739,23.571352,17.404173,21.146187,18.616816,21.757889
26,26.060253,21.903505,22.28153,17.599367,15.932187,17.455166,13.1290245,16.426352,14.8574915,17.738407,19.195099,20.99913,21.82799,21.08147,16.458935,12.747459,10.92063,7.114603,8.626356,4.7399287,8.9341135,11.201432,13.89599,7.7360163,6.248537,5.5366297,0.0,4.441821,6.373434,9.598442,11.573242,16.353413,19.342728,21.668018,17.625065,14.8155775,18.72754,20.91,16.680515,15.252834,20.683382,19.84342,16.115793,19.01573,22.849531,20.758018,19.379755,23.212275,25.685762,26.745287,24.689518,23.819462,28.55615,27.696459,25.165735,22.288937,18.678545,18.434603,23.620768,23.337957,16.550232,20.389896,19.564466,23.920685,22.478682,18.427372,18.72875,16.77372,13.31094,15.082842,13.963084,11.364603,9.165569,10.778402,11.564924,13.468965,12.892915,14.1644535,15.126884,17.48023,17.95028,21.496824,18.50165,15.157995,12.548443,12.134202,8.769387,8.10043,5.794509,9.043382,8.544282,6.545109,11.342147,9.954033,8.480825,11.720318,12.377668,12.616342,13.555268,15.717326,14.649299,18.719456,20.915634,21.280197,18.698605,21.572464,15.588903,19.189127,16.223171,19.340649
27,29.509806,25.291748,25.477888,21.172441,18.978943,20.591345,15.635091,18.030605,16.299059,18.207277,19.38567,20.492704,20.83721,19.380636,15.174952,12.17378,10.864538,7.9900484,9.982046,8.579582,12.891482,14.661862,17.913092,11.5902815,9.297026,7.1037846,4.441821,0.0,4.5277467,5.9534273,9.658218,13.886528,16.6335,19.717615,16.5882,13.599418,17.397387,20.390177,16.944845,15.198012,20.487444,20.977888,17.463888,19.753761,23.708511,22.906116,21.310274,24.530643,27.47647,27.932255,26.27514,26.32704,30.777002,29.56113,27.712227,25.203503,21.219147,21.258469,26.183912,25.098217,18.240986,22.04639,20.874659,25.129375,23.345572,19.012608,19.139889,16.412113,13.833196,16.859592,14.782082,11.185604,10.884626,13.423036,14.471248,17.108343,16.833986,17.568794,19.126743,20.764639,21.189362,24.6057,21.01528,17.899557,15.173225,15.678427,11.986162,12.36737,9.475259,12.04784,10.257221,6.812027,10.848921,7.9816847,5.5671973,8.7970705,11.053135,10.5397005,9.997128,13.426719,11.219126,15.770257,18.22069,17.96285,15.098064,17.725554,11.475332,14.919103,12.06943,15.381206
28,31.630833,27.566357,27.187416,22.708027,20.60184,21.077162,16.58323,17.810736,15.035407,17.161404,17.37587,18.802185,18.442152,17.285982,14.1323395,9.882337,10.268621,6.7744055,11.43513,10.06836,14.649297,17.172249,20.05894,14.044075,12.514848,10.823062,6.373434,4.5277467,0.0,5.024798,5.4133143,10.404532,12.998363,15.544128,12.105486,9.195983,13.210134,15.90908,12.655101,11.23908,16.424822,17.007593,13.936085,16.43594,19.969048,19.735088,18.950144,21.633373,24.37698,24.408136,22.580784,23.591629,27.476456,25.880182,24.489925,22.279072,18.082495,18.34002,22.910334,21.256098,14.479713,18.30665,17.251913,21.294962,19.12437,14.736871,15.284599,12.526568,9.751389,13.7372675,11.969919,8.071702,7.975561,12.072858,12.201812,15.92028,15.682956,15.497966,18.173761,18.916254,19.940447,23.554968,19.939474,16.639242,13.148402,15.034232,10.22098,12.358402,9.911767,12.775375,11.68924,9.3395815,13.928622,11.9157715,9.815115,12.856666,15.301601,13.942601,12.465453,15.370032,11.776694,15.617593,17.42657,16.805756,14.480912,16.094595,10.666011,14.131615,11.459032,14.915273
29,35.36937,31.175821,31.202435,26.825104,24.630877,25.667957,20.83596,22.165995,19.61733,21.10551,21.235802,22.025703,21.215088,19.322454,16.782753,13.600422,14.101462,11.449889,15.152274,14.015876,18.46826,20.51112,23.363752,16.845491,14.830796,12.987575,9.598442,5.9534273,5.024798,0.0,7.2352166,8.672646,12.347702,15.414019,13.397593,11.322632,15.085631,18.101038,16.03395,14.894221,19.537487,20.8804,18.348269,20.584345,23.878616,24.323662,23.733107,26.043486,28.880836,28.493038,26.69982,28.369808,31.90157,29.959644,28.867685,26.607767,22.5132,22.417398,26.725956,25.034945,18.208403,21.308893,19.51858,23.454773,21.697388,17.325735,16.718258,13.244173,12.476884,16.435299,13.255356,9.012844,11.449249,14.640666,15.976157,19.416138,19.847513,20.133358,22.917223,23.884321,24.958797,28.547258,24.820723,21.616459,18.159626,19.941076,15.034389,16.287153,12.911071,14.7007,12.372534,9.358714,12.4851465,10.199181,8.719487,11.40116,15.403266,14.307518,11.475145,16.115637,11.571493,15.968505,18.111486,16.409775,13.663531,14.11617,8.285258,10.386389,6.8859963,10.041769
30,35.625942,31.733225,30.693731,26.398127,24.144146,23.65068,19.505693,19.111977,15.52299,17.036463,15.966587,17.191843,15.677343,14.54917,13.361445,8.864059,11.469124,9.108697,14.819668,14.54173,19.048134,21.81965,24.73435,19.100063,17.790642,15.938885,11.573242,9.658218,5.4133143,7.2352166,0.0,7.206115,7.984757,10.4260435,7.507773,4.2141085,8.096733,11.233985,9.220131,7.976697,12.318786,14.300146,12.178912,14.00737,16.928484,18.417582,18.24243,19.712894,22.489777,21.622328,20.118864,22.687433,25.683294,23.562635,23.272186,21.869507,17.427872,18.31471,22.032969,19.084066,13.127797,16.81281,16.010689,19.351543,16.27507,11.944857,13.396872,10.42585,8.273636,13.857658,12.5003,8.651193,9.56571,14.790022,13.862423,18.481167,18.197056,16.758759,20.393856,19.756,21.140423,24.606672,20.792168,17.768177,14.010083,17.379139,12.411316,16.161024,14.323833,17.08382,16.28252,14.345624,18.680866,16.648216,14.3943615,16.935354,19.714191,17.426764,14.842672,17.254679,12.292637,14.890013,15.826422,14.530339,13.067735,13.18115,9.654381,12.7631,11.14763,14.601443
31,41.826065,37.825386,37.292828,32.740257,30.739285,30.492884,26.389751,26.3127,22.65716,24.099384,22.65736,23.598822,21.345846,19.8461,19.82497,15.912528,18.55738,15.992514,21.444601,20.252182,24.710014,27.424875,29.72439,23.563805,22.265375,20.878185,16.353413,13.886528,10.404532,8.672646,7.206115,0.0,7.037474,7.7719955,7.4438167,8.287891,11.094123,12.768496,13.150345,13.573821,16.351397,18.212568,17.6005,19.776295,21.475811,23.408287,24.614632,25.533674,27.702845,26.223398,24.133265,28.015667,29.92056,27.04816,27.134018,25.53664,21.636993,21.588358,24.50672,21.87662,16.146713,17.94499,15.882355,18.700893,16.71731,12.928902,11.969442,8.155635,10.205379,14.980281,11.938163,8.585709,12.745548,16.722618,17.135815,21.484402,22.341042,21.534384,25.777128,25.502132,27.500492,31.17313,27.68177,24.486265,20.339905,23.690117,17.922174,20.647194,17.890924,19.365767,17.876207,16.383982,19.561728,18.478851,17.389711,19.884672,23.92395,22.18822,18.631844,22.526455,16.71772,19.513115,20.436632,17.696655,16.276842,13.544588,11.313161,11.447912,9.281009,10.806606
32,43.134937,39.301098,37.876514,33.889523,31.37334,30.523527,26.407312,24.796381,21.07682,21.297594,19.136482,19.304684,16.267073,14.54685,16.382736,13.722187,17.30323,16.399778,21.734272,22.396618,26.9171,29.577276,32.69921,26.984991,25.461773,23.25885,19.342728,16.6335,12.998363,12.347702,7.984757,7.037474,0.0,5.399005,7.812555,7.152753,6.9581714,10.60067,12.315971,11.695601,12.908517,17.272923,16.790012,17.114676,18.828777,22.699776,22.930428,22.739614,25.55347,23.380718,22.681534,27.071753,28.78334,26.036077,27.264725,26.809628,22.511086,23.766024,26.267048,22.068972,17.811846,20.432707,19.546862,21.624487,18.032515,14.623681,16.050192,12.97319,13.398895,19.16382,17.525032,14.162543,16.593554,21.66048,20.713516,25.557117,25.50323,23.494995,27.597534,26.027157,27.50448,30.608353,26.600327,24.120132,20.616644,24.64096,19.91817,24.01576,22.071459,24.430496,23.242153,21.167852,24.698616,22.40987,20.199993,21.97788,25.478777,22.528872,18.570467,21.045763,14.9013405,15.8865795,15.798001,12.835205,12.700168,9.264149,10.15753,10.990197,11.553561,14.02637
33,45.295235,41.584652,40.173023,35.909603,33.813366,32.421875,28.960503,27.318169,23.152235,24.048702,21.374374,22.211332,18.948086,18.116201,20.269947,16.63073,20.551554,18.927229,24.871408,24.6087,28.932194,31.951862,34.39992,28.907042,27.897524,26.306002,21.668018,19.717615,15.544128,15.414019,10.4260435,7.7719955,5.399005,0.0,5.471023,7.9719014,7.352448,7.8332076,11.1945505,12.259045,12.220895,15.531662,16.455477,17.418417,17.73211,21.620934,23.433943,22.80274,24.671045,22.154564,20.726656,26.18092,26.817047,23.530838,25.126005,24.823503,21.020283,21.950274,23.530062,19.28889,15.913909,17.362715,16.440617,17.655672,14.208669,11.644266,12.885568,10.567689,12.181858,17.33288,16.184431,13.961024,16.560867,21.324411,20.093597,24.959248,25.262697,23.038303,27.759926,25.936008,28.093105,31.338379,27.913248,25.267794,21.361631,25.768972,20.590364,24.806023,23.133793,25.139505,24.451975,23.234123,26.965162,25.581125,23.852333,26.12026,29.602144,27.007912,23.39895,25.866634,19.940907,20.955961,20.628035,17.968174,18.037004,14.445902,15.246987,15.640246,15.423957,17.075659
34,40.6145,36.978897,35.69322,31.230701,29.452698,27.929626,24.836477,23.684027,19.397636,21.208754,18.852634,20.523129,17.97809,17.747446,18.571678,13.745995,17.410458,14.982089,21.206337,20.201351,24.296005,27.509136,29.571358,24.404629,23.791706,22.65074,17.625065,16.5882,12.105486,13.397593,7.507773,7.4438167,7.812555,5.471023,0.0,4.516988,6.2321258,5.5487986,6.6623087,8.474123,9.917472,11.323757,11.892069,14.056506,14.650419,17.134893,19.375792,19.52792,21.094208,19.29195,17.045904,21.816275,22.96244,19.883028,20.617577,19.80939,15.925564,16.660158,18.74828,15.044806,10.639881,12.658548,11.954979,13.953537,10.4028845,6.848397,8.887771,6.8728104,6.877486,12.249605,11.845432,9.913754,11.475918,16.402557,14.717688,19.635893,19.840258,17.624504,22.428522,20.859528,23.258041,26.737713,23.650434,20.68858,16.493174,20.8254,15.4298,19.709103,18.433271,20.587614,20.47876,19.750874,24.042383,23.081367,21.440126,24.185963,27.122135,24.922728,22.185106,24.384373,19.15627,20.772142,20.801285,19.058247,18.60335,16.705587,15.514451,17.144873,15.845226,18.086176
35,37.37429,33.703117,32.20169,27.982788,25.858541,24.501917,21.020136,19.674858,15.549267,17.044437,14.999801,16.510777,14.327874,13.905025,14.120731,9.323613,13.038634,11.107499,17.196167,17.077332,21.307774,24.350933,27.03113,21.925524,21.019165,19.381437,14.8155775,13.599418,9.195983,11.322632,4.2141085,8.287891,7.152753,7.9719014,4.516988,0.0,4.4143925,7.0647655,5.842114,5.359417,8.569803,11.082591,9.981999,11.508504,13.56641,16.049765,16.70129,17.282976,19.736902,18.325628,16.869408,20.502897,22.73666,20.296162,20.734558,19.97788,15.550939,16.945757,19.891418,16.057625,11.172348,14.721872,14.525067,17.139666,13.262857,9.289252,12.064124,9.793899,7.5582337,13.480007,13.2088375,10.291854,10.684139,16.217916,14.261461,19.23486,18.776285,16.407902,20.599434,18.965601,20.708582,24.034698,20.423616,17.613403,13.766499,18.007023,13.200532,17.882507,16.783033,19.58275,19.373024,17.997686,22.521873,20.783625,18.540092,21.051058,23.551014,20.996628,18.485338,20.109709,15.182963,16.684801,16.812473,15.610723,15.04074,14.445379,12.638741,15.39391,14.408989,17.537529
36,39.83941,36.350197,34.30597,30.45945,28.153603,26.258902,23.056753,20.575943,16.372377,16.999685,14.079702,15.158636,12.098274,11.9932785,14.062869,10.321119,14.680197,13.951241,19.69399,20.513428,24.589102,27.584858,30.514935,25.766161,24.83286,22.915451,18.72754,17.397387,13.210134,15.085631,8.096733,11.094123,6.9581714,7.352448,6.2321258,4.4143925,0.0,5.3916373,6.6215496,5.900285,5.963707,10.936724,10.748005,10.521104,11.881778,16.26189,16.716217,16.019297,18.653648,16.431183,15.980078,20.49164,22.066404,19.527498,21.079609,21.298027,16.947683,19.089514,21.234236,16.290628,13.254933,16.580038,17.005756,18.71691,14.038939,11.010437,14.705052,12.93477,11.17073,16.849606,17.114517,14.535501,14.758198,20.316298,17.831957,22.845732,22.067188,18.996836,23.14709,20.546026,22.091785,24.940693,21.216288,19.02198,15.737382,20.392149,16.410515,21.61471,20.934355,23.873434,23.761839,22.274063,26.745481,24.663092,22.107224,24.245407,26.57656,23.470802,20.726,21.558723,16.575865,16.777868,16.041584,14.860294,15.292038,14.202884,14.310302,16.862377,16.946758,20.024769
