,0,1,2,3,4,5,6,7,8,9,10,11,12,13,14,15,16,17,18,19,20,21,22,23,24,25,26,27,28,29,30,31,32,33,34,35,36,37,38,39,40,41,42,43,44,45,46,47,48,49,50,51,52,53,54,55,56,57,58,59,60,61,62,63,64,65,66,67,68,69,70,71,72,73,74,75,76,77,78,79,80,81,82,83,84,85,86,87,88,89,90,91,92,93,94,95,96,97,98,99,100,101,102,103,104,105,106,107,108
0,0.0,4.295791,6.5528493,9.399125,12.1647835,14.632324,17.721937,21.908289,25.042252,27.502848,32.300167,30.57379,29.160292,27.792084,23.257164,22.80763,17.671179,17.986643,14.511051,13.792033,14.742437,10.688479,15.907719,15.425003,19.70664,22.40854,23.358553,23.706821,19.373386,21.79706,21.505287,22.94874,28.390808,25.821966,31.035948,30.898842,33.98687,35.08796,31.445484,28.333735,33.23852,29.564121,29.901932,29.516825,29.83007,29.892023,29.582922,32.122025,30.869543,36.543415,34.26366,37.90993,39.25189,39.7594,34.640034,36.108585,32.910934,35.524982,34.05887,31.91634,33.07561,32.598347,30.929499,33.95313,32.708458,37.372135,36.119034,33.886253,38.158924,40.490223,36.346893,39.460934,35.510315,42.201035,38.08564,39.526684,41.470837,39.388077,40.871433,42.08465,39.354275,36.28019,33.954906,30.641054,29.756681,25.650661,25.904377,20.357634,20.95856,20.118689,21.159395,23.15539,20.856316,24.55848,27.25401,26.544384,27.233969,25.263847,23.402405,24.413822,21.459276,22.683735,25.068192,24.512522,30.604212,29.59572,32.817795,35.04084,36.32814
1,4.295791,0.0,5.2722216,6.594224,8.725291,12.352136,14.273609,19.248915,21.88061,24.506367,29.161736,27.957794,26.959517,25.617128,21.30191,20.28876,15.53,14.893058,12.089931,10.1882105,11.543462,7.6076555,13.339683,13.096464,16.844633,19.0258,19.460978,19.839941,15.329721,18.197279,17.858013,19.99384,25.542759,23.742018,28.739803,29.030502,32.123272,32.855675,29.270884,25.949104,30.347433,26.358232,26.450788,25.88066,25.9517,25.81239,25.340631,27.874014,26.599125,32.306595,30.131847,33.773426,35.28094,35.782944,30.704405,32.182537,28.813272,31.467861,30.21257,28.024525,29.029325,28.907587,27.143888,30.375025,29.503735,33.817627,32.334785,30.10592,34.545643,36.64706,32.297077,35.38211,31.424463,38.088383,34.005985,35.31224,37.34797,35.35506,36.8987,38.251633,35.589367,32.396915,30.12676,26.670515,25.596651,21.570934,21.631474,16.086887,16.910624,16.376257,17.83999,20.371044,18.506132,22.53389,24.609024,23.595997,24.07106,21.63243,19.961014,20.426996,17.693514,19.43872,21.324492,20.53637,26.683279,25.39128,28.645502,30.784107,32.08143
2,6.5528493,5.2722216,0.0,5.305705,7.003067,8.701471,12.298842,15.6914835,19.290789,21.29622,26.409246,24.738104,23.140856,22.218744,17.518555,17.563772,12.755291,13.183006,11.410681,10.794898,13.543759,10.974537,16.883396,17.55022,21.16408,22.763971,22.4475,22.216154,16.338923,18.929874,17.247484,19.657618,23.624527,21.783287,26.53419,26.33461,29.887533,31.02648,27.919603,25.105545,29.239527,26.190865,25.687035,26.177504,25.496006,26.560383,26.07463,29.165768,28.07638,33.995296,32.32334,35.71665,37.828194,37.8593,32.769802,33.72635,29.860378,32.017467,30.339195,27.639294,28.562166,27.378363,25.42571,28.082785,26.404444,31.359028,30.426794,28.2244,32.29032,34.86175,31.226181,34.499306,30.77152,37.620754,34.04645,35.81615,38.06507,36.327225,38.21499,39.46682,37.26771,34.168407,31.157368,27.878922,26.421589,22.863264,22.25697,16.686453,16.209084,15.218937,15.401334,17.610497,14.874651,18.91796,21.438993,20.472483,21.647058,19.723759,18.40348,19.993477,17.82361,19.79103,22.38771,21.224346,27.268284,25.835052,29.5998,31.434954,33.40092
3,9.399125,6.594224,5.305705,0.0,3.7790945,6.333868,8.657567,13.305454,15.808193,18.71478,23.097145,21.542755,20.660769,19.089224,14.945031,13.714411,8.971798,8.602213,6.3519793,5.7895727,8.759621,7.584351,13.036425,14.695859,18.05883,19.178293,18.80208,17.84793,11.853431,13.805741,12.48561,14.438802,19.156845,17.398573,22.260187,22.530275,25.75717,26.539059,23.20797,20.1334,24.327772,20.999714,20.81478,21.109684,20.985003,22.055882,22.169308,25.337944,24.843878,30.662422,29.483658,33.122936,35.34366,35.884617,31.064066,32.314766,28.072168,30.410698,29.441122,26.527851,26.763527,26.345112,23.639616,26.472172,24.655527,29.331778,28.11835,25.341896,29.335304,32.073944,28.12694,31.027695,27.015009,33.705376,29.692741,31.74525,33.638565,31.69788,33.51901,34.562183,32.38681,29.466618,26.23273,23.172703,22.138977,18.411734,18.735153,13.640099,13.99834,14.392671,14.922196,18.506773,16.116516,20.736197,22.213161,20.381964,21.68548,18.510153,18.320467,18.55903,17.44279,20.553146,21.901436,20.121193,26.202059,23.586159,27.495548,28.786413,30.617088
4,12.1647835,8.725291,7.003067,3.7790945,0.0,5.309351,5.6203814,10.886383,13.208762,15.859392,20.461233,19.557938,18.897583,17.78609,13.809264,12.4695425,8.782441,7.1003103,7.669277,5.5386386,9.644995,9.379956,14.485544,16.159683,18.638475,19.000563,17.668657,16.766264,10.044676,12.774057,10.450685,14.009007,17.790537,17.312672,21.558859,22.132126,25.564726,26.06619,23.130308,20.106136,23.314213,20.016096,19.058914,19.58628,18.51534,19.810474,19.452969,22.80953,22.170193,28.080925,27.081663,30.484667,33.055767,33.248146,28.464542,29.425497,24.95853,27.075874,26.02745,22.950996,23.130966,22.584745,19.874767,22.75714,21.251574,25.737967,24.46769,21.874363,26.04385,28.567865,24.663208,27.74006,23.884909,30.693258,27.072218,29.001392,31.230446,29.59331,31.635496,32.907696,30.99495,27.913597,24.601788,21.361124,19.72355,16.467054,15.817203,10.659912,10.376424,10.818533,11.313715,15.266947,13.25725,17.995897,18.9374,16.913975,18.11213,14.743935,14.792259,14.999353,14.33302,17.85289,19.067104,17.015436,22.96349,20.264513,24.348038,25.559195,27.694971
5,14.632324,12.352136,8.701471,6.333868,5.309351,0.0,5.996485,7.456539,11.126622,13.30204,18.094158,16.059465,14.644075,13.608808,9.080824,9.115334,5.153773,6.3136754,7.8141637,8.92783,12.794219,13.342928,18.051062,20.342106,23.135405,23.40598,22.045305,20.413553,13.385585,14.66877,11.321618,13.823522,15.537294,14.409992,18.481724,18.334291,22.186035,23.276762,20.822792,18.551146,21.782274,19.888071,18.661276,20.49698,19.188335,21.94012,22.078802,25.834827,25.715214,31.523802,31.137302,34.37906,37.330006,37.381233,32.764328,33.413998,28.596594,30.267233,29.059605,25.536314,25.378035,23.880373,20.679255,22.673948,19.69724,25.048304,24.505106,21.62642,24.993547,28.370773,25.401838,28.379923,24.7445,31.468313,28.212757,30.858337,32.95707,31.431366,33.674305,34.58016,33.127853,30.416098,26.32012,23.652317,22.13625,19.384476,18.84112,14.479662,13.21838,13.583785,12.355893,16.002893,12.933314,17.563969,18.773327,16.533155,18.825636,15.891832,16.858232,17.920124,18.086077,21.63453,23.2183,20.908276,26.4784,23.422293,27.831526,28.512217,31.110926
6,17.721937,14.273609,12.298842,8.657567,5.6203814,5.996485,0.0,6.870351,7.7568493,10.81851,14.970249,14.602481,14.661705,13.648001,10.654957,8.458216,7.314945,3.930585,8.610298,7.2089033,11.257148,13.063911,16.740164,19.164745,20.714294,19.970865,17.682386,15.890863,8.6472,10.512955,6.359891,11.1927395,13.072481,14.205159,17.452168,18.488035,21.951159,22.06787,19.727097,17.008463,18.913399,16.193707,14.312076,15.735215,13.714592,16.242342,16.143206,19.978197,20.010159,25.730465,25.69459,28.854069,32.03095,32.152977,27.815104,28.493034,23.438217,25.139946,24.502773,20.93086,20.26304,19.711985,16.104984,18.663185,16.685215,21.050695,19.845268,16.78308,20.686964,23.547287,19.928516,22.83175,19.033892,25.813986,22.498875,24.925735,27.175245,25.804413,28.14942,29.310081,27.989008,25.112978,21.127089,18.246613,16.316761,13.980471,13.003546,9.322268,8.3307085,10.184075,9.869317,14.750589,13.15397,17.855812,17.541946,14.621463,16.279453,11.990889,13.913106,13.364534,14.680722,19.089735,19.419765,16.61893,21.879028,18.011642,22.467485,22.7942,25.392323
7,21.908289,19.248915,15.6914835,13.305454,10.886383,7.456539,6.870351,0.0,5.323942,5.977929,11.1805935,9.611464,8.440257,8.725601,5.6308894,6.4776807,7.8783693,7.9482746,12.808394,13.531516,17.400587,19.243418,23.018763,25.695473,27.486805,26.669462,24.197775,22.062965,15.046061,15.733637,10.860587,14.316078,11.903341,13.412647,15.291936,15.410734,19.581896,20.341518,19.259933,17.883286,18.803495,18.380178,15.616941,18.925564,15.936894,20.299788,20.338247,24.443403,24.804798,30.20978,30.829237,33.493828,37.186573,36.796387,32.700012,32.745968,27.437738,28.320995,27.239746,23.20726,22.292524,20.0837,16.167555,17.10986,12.961346,18.625826,18.69675,15.671289,18.246908,22.17378,20.32631,23.209988,20.192766,26.64457,24.464592,27.563328,29.886812,28.987696,31.650427,32.512604,31.960272,29.499613,24.794994,22.639084,20.541834,19.310623,17.75904,15.171243,12.671186,13.58772,10.977432,14.765477,12.283554,16.296028,15.959665,12.842023,15.938821,12.884723,15.774656,16.778687,18.825499,22.888851,23.916443,21.043217,25.493624,21.753239,26.406467,26.182579,29.47593
8,25.042252,21.88061,19.290789,15.808193,13.208762,11.126622,7.7568493,5.323942,0.0,4.5970416,7.3039894,7.386559,8.778073,8.292477,8.142323,5.966156,9.805835,8.0859995,13.705378,13.971551,17.19975,20.096704,22.675694,25.679365,26.674662,25.128489,22.269056,19.610386,13.399571,13.174246,8.225197,11.815825,8.09526,11.924653,12.631079,13.961526,17.486181,17.314775,16.512741,15.098361,14.558905,14.202677,10.755357,14.491533,11.057482,16.111195,16.656548,20.776196,21.841263,26.780249,28.110283,30.718447,34.57521,34.52154,30.926197,31.107218,25.606398,26.471508,26.211475,22.163622,20.398346,19.2797,14.630499,15.686797,11.943464,16.42406,15.99053,12.139735,14.566273,18.61818,16.462297,18.807133,15.596607,21.800863,19.462011,22.919693,24.989168,24.154093,26.885773,27.620918,27.414707,25.195835,20.228888,18.510246,16.559277,16.074638,14.977118,14.081054,12.33778,14.619163,12.888677,17.347378,15.980893,19.844177,18.328262,14.6866455,17.220592,13.016852,16.96923,16.306314,19.457792,24.088087,23.894945,20.64837,24.525738,19.713095,24.264128,23.275568,26.478554
9,27.502848,24.506367,21.29622,18.71478,15.859392,13.30204,10.81851,5.977929,4.5970416,0.0,6.0496707,6.832208,7.3560815,9.02743,9.150307,9.315342,12.9710655,12.038867,17.585472,17.750008,21.332125,23.787678,26.855934,29.636047,30.62042,29.03687,25.851683,23.536274,17.254265,17.60349,12.570029,16.378746,11.42582,15.362048,15.126455,15.87251,19.667555,19.763758,19.82426,19.048943,17.74135,18.275255,14.366997,18.402435,14.066497,19.306528,19.179426,23.257305,23.999664,28.778254,30.210026,32.31974,36.489113,35.809097,32.29786,31.915405,26.416208,26.650928,25.885174,21.666874,20.011505,17.617579,13.181773,13.055537,8.064629,13.454942,13.984399,10.826056,12.516891,16.85289,16.076324,18.72347,16.45199,22.378681,21.305107,24.591978,27.07646,26.790367,29.716448,30.597385,30.790112,28.568565,23.693956,22.022665,19.524714,19.697533,17.446333,16.665876,13.825406,15.224353,12.454143,15.92423,14.657163,17.703012,15.8055,12.200341,15.2743635,12.1887665,16.419758,16.833101,20.21854,24.466093,24.771027,21.623735,24.862175,20.641624,25.182037,24.1449,27.840084
10,32.300167,29.161736,26.409246,23.097145,20.461233,18.094158,14.970249,11.1805935,7.3039894,6.0496707,0.0,5.332861,8.671386,9.6037035,12.402158,11.375791,16.33895,15.173908,20.57347,21.036367,23.898243,27.16232,29.159044,32.30755,32.77841,30.664934,27.37952,24.493372,19.394049,18.49773,14.171394,16.68647,9.649662,15.168139,12.887198,14.42607,17.26625,16.561012,17.685259,17.668526,14.336865,16.28371,11.971643,16.73502,12.431095,18.433239,19.125168,22.93836,24.603334,28.5144,30.877804,32.801666,37.11706,36.800003,33.97312,33.672104,28.115414,28.170189,28.24134,24.130203,21.59567,20.158295,15.344704,14.646232,9.961653,13.203196,13.758555,9.858128,9.430732,14.614125,14.6749115,16.080885,14.247784,18.939838,18.270424,22.252232,24.152569,24.091297,27.045412,27.484371,28.39545,26.813105,21.591599,20.95061,18.992851,20.12949,18.729195,19.625147,17.631996,19.867168,17.721725,21.3384,20.553957,23.366232,20.870007,17.200294,19.821663,16.34164,21.088163,20.314241,24.414564,28.947266,28.326359,24.970837,27.472286,22.381653,26.580595,24.575466,28.118109
11,30.57379,27.957794,24.738104,21.542755,19.557938,16.059465,14.602481,9.611464,7.386559,6.832208,5.332861,0.0,4.184344,4.571003,8.413444,8.493429,13.554445,13.919294,18.620382,20.335373,23.179579,26.305593,28.587337,31.958134,33.197227,31.66189,29.016262,25.906961,20.251902,18.85448,14.5753765,15.674498,8.093107,11.773363,9.6767235,10.058745,13.630693,13.996449,15.112636,15.655816,13.8161,16.552994,13.255046,18.281992,15.361676,21.30337,22.501982,26.465034,28.10616,32.443832,34.441467,36.78011,40.857006,40.7768,37.56465,37.506176,31.940014,32.325134,32.090958,27.917341,25.800856,23.968752,19.288822,18.755117,13.232959,17.790869,18.63681,14.866184,14.62609,19.882828,19.77318,21.262398,19.01051,23.841759,22.417807,26.631857,28.160877,27.586329,30.339453,30.42518,30.993214,29.5368,24.044096,23.450825,22.073559,22.219189,21.64354,21.415731,19.527592,21.454062,18.957941,22.535591,20.717598,23.817276,22.343294,18.875711,22.086094,18.88096,23.117313,23.03952,26.437536,30.885183,30.900738,27.63838,30.963104,26.070156,30.491188,28.89239,32.276882
12,29.160292,26.959517,23.140856,20.660769,18.897583,14.644075,14.661705,8.440257,8.778073,7.3560815,8.671386,4.184344,0.0,3.998369,6.229567,8.746824,12.749569,14.211301,18.509314,20.608866,23.81146,26.364193,29.354345,32.56898,34.327366,33.230194,30.78197,27.932482,21.645931,20.748594,16.237839,17.485271,10.994117,12.825529,11.864064,10.965423,15.172958,16.450499,17.263866,17.794828,17.2117,19.641861,16.696585,21.466152,18.627613,24.304016,25.167955,29.246569,30.458755,35.181557,36.750977,39.139885,43.168182,42.844345,39.28925,39.1166,33.60938,33.977676,33.200485,28.982506,27.359777,24.75214,20.45454,19.773153,13.781684,19.311256,20.551416,17.275387,17.338129,22.487072,22.541033,24.507929,22.292822,27.496069,26.139456,30.1311,31.90167,31.27519,34.025055,34.227684,34.540905,32.871883,27.475153,26.506948,24.943432,24.611448,23.698423,22.52421,20.17765,21.403141,18.380453,21.389915,18.941404,21.84177,21.081945,17.984762,21.606808,19.154089,22.875578,23.77886,26.621632,30.722252,31.486126,28.416784,32.07164,27.77446,32.336708,31.193205,34.709255
13,27.792084,25.617128,22.218744,19.089224,17.78609,13.608808,13.648001,8.725601,8.292477,9.02743,9.6037035,4.571003,3.998369,0.0,5.01374,6.0310106,10.445658,12.174447,15.904826,18.592491,21.313879,24.20188,26.696857,30.148249,32.01462,31.023575,28.978203,25.821762,19.857498,18.23083,14.258015,14.263112,7.983613,8.859573,8.351032,7.4853516,11.832724,13.203927,13.494545,13.9928465,14.194628,16.633854,14.396516,19.05607,17.261656,22.76593,24.238392,28.25033,29.769186,34.487503,36.049183,38.777916,42.56379,42.73358,39.169376,39.39946,33.896008,34.66983,34.260723,30.12915,28.381947,26.554056,22.011122,21.976896,16.506102,21.664894,22.3295,18.534767,18.9661,24.064417,23.330574,25.013329,22.255783,27.461016,25.263428,29.46217,30.797798,29.758154,32.30933,32.255894,32.34473,30.847029,25.352425,24.591125,23.629128,22.866364,22.951406,21.77335,20.183035,21.907133,19.470274,23.121117,20.589659,24.074934,23.495232,20.24841,23.615276,20.43506,24.074656,24.323072,27.019566,31.363297,31.794352,28.667562,32.711594,28.000122,32.53731,31.36396,34.52308
14,23.257164,21.30191,17.518555,14.945031,13.809264,9.080824,10.654957,5.6308894,8.142323,9.150307,12.402158,8.413444,6.229567,5.01374,0.0,4.9445457,6.897926,9.570841,12.916339,15.60618,18.8053,20.933945,24.298632,27.421095,29.757965,29.263422,27.435055,24.750814,18.103794,17.410498,13.245125,14.122437,10.66514,10.096833,12.038974,11.019528,15.45282,17.05745,16.19017,15.674728,17.4015,18.29599,16.34607,20.214132,18.422411,23.221043,24.17594,28.251955,29.155443,34.390026,35.26295,38.155773,41.736343,41.747356,37.734417,38.008667,32.66285,33.657898,32.785458,28.74106,27.606087,25.484198,21.367205,21.85831,16.805227,22.576712,23.035074,19.599655,21.12712,25.76343,24.39865,26.725676,23.667015,29.619005,27.129208,30.84178,32.555344,31.36312,33.875206,34.175156,33.71936,31.748222,26.611584,25.112885,23.848284,22.364552,22.07228,19.681284,17.872065,18.984016,16.475779,19.946558,16.894821,20.668854,20.888369,17.98053,21.352432,18.492567,21.336926,22.256493,24.151457,28.17619,29.239862,26.370031,30.966423,26.895184,31.524227,31.026289,34.1474
15,22.80763,20.28876,17.563772,13.714411,12.4695425,9.115334,8.458216,6.4776807,5.966156,9.315342,11.375791,8.493429,8.746824,6.0310106,4.9445457,0.0,5.373399,6.238585,10.176061,12.607748,15.310283,18.26041,20.751263,24.142637,26.03995,25.21708,23.414085,20.37961,14.211464,12.784825,8.92102,9.321224,6.792533,6.9675207,9.621148,10.091673,13.863803,14.575437,12.935257,11.589295,13.459443,13.490273,11.832552,15.393309,14.260254,18.825207,20.289454,24.255505,25.537546,30.60288,31.642904,34.751404,38.17651,38.66166,34.841442,35.480618,30.126396,31.453869,31.20065,27.290485,25.794138,24.810934,20.353027,21.523628,17.331142,22.24041,21.949308,18.0053,19.983452,24.339815,22.086441,24.076733,20.53202,26.441065,23.228397,26.997225,28.394129,26.925549,29.302464,29.527098,28.916115,27.00716,21.86304,20.468811,19.624962,17.99286,18.571196,16.748907,15.894557,17.96993,16.427088,20.805647,18.433678,22.672247,22.291527,19.003735,21.786346,17.835716,20.968906,20.595345,22.799603,27.273415,27.46577,24.41882,29.056843,24.32969,28.83128,28.10791,30.86263
16,17.671179,15.53,12.755291,8.971798,8.782441,5.153773,7.314945,7.8783693,9.805835,12.9710655,16.33895,13.554445,12.749569,10.445658,6.897926,5.373399,0.0,4.690483,6.0570116,9.405617,12.266898,14.269426,17.624043,20.728285,23.432995,23.44122,22.344444,19.814213,13.335556,12.737812,9.76215,10.060111,11.514,9.334143,13.805166,13.704523,17.285503,18.414438,15.789106,13.701318,17.423893,16.128366,15.473388,17.742455,17.376408,20.69785,21.856512,25.649591,26.359436,31.835163,32.064846,35.48232,38.47031,39.04482,34.77703,35.67587,30.632206,32.370186,31.783392,28.126007,27.28675,26.32399,22.41698,24.177567,20.561373,25.743254,25.21465,21.635904,24.371136,28.284533,25.419891,27.79614,23.973907,30.279175,26.610273,29.875572,31.372246,29.59342,31.736475,32.146133,30.870014,28.639446,24.044703,22.06046,21.318754,18.629742,19.404875,16.131464,15.643633,17.108013,16.003914,20.176758,17.324675,21.88273,22.495962,19.72541,22.252771,18.609484,20.568188,20.653143,21.652193,25.70868,26.48561,23.830364,29.191027,25.151928,29.579634,29.605469,32.056835
17,17.986643,14.893058,13.183006,8.602213,7.1003103,6.3136754,3.930585,7.9482746,8.0859995,12.038867,15.173908,13.919294,14.211301,12.174447,9.570841,6.238585,4.690483,0.0,5.7715883,6.4778657,9.716825,12.396765,15.335144,18.383114,20.28428,19.715137,18.08192,15.578132,8.854549,8.814566,5.358036,7.902361,10.769206,10.73652,14.64334,15.686186,18.864471,19.072233,16.310345,13.473039,16.307709,13.700448,12.6842575,14.220592,13.547956,16.309027,17.258732,21.013058,21.680925,27.160196,27.395872,30.82718,33.82224,34.474712,30.311533,31.317293,26.26804,28.155502,27.915627,24.38366,23.384735,23.20243,19.254622,21.598476,19.00959,23.417414,22.282345,18.692192,22.061892,25.38656,21.811516,24.202892,20.163328,26.607718,22.72114,25.642925,27.293549,25.540741,27.703228,28.417389,27.025772,24.517403,20.178686,17.803654,16.802616,14.08142,14.765925,11.736319,11.801432,14.020322,13.759003,18.562157,16.610647,21.324583,21.188536,18.172396,20.078152,15.687027,17.83141,16.896482,18.248457,22.6794,22.721504,19.90622,25.170944,20.811169,25.151503,25.142624,27.443521
18,14.511051,12.089931,11.410681,6.3519793,7.669277,7.8141637,8.610298,12.808394,13.705378,17.585472,20.57347,18.620382,18.509314,15.904826,12.916339,10.176061,6.0570116,5.7715883,0.0,5.1997294,6.6704216,8.78043,11.695218,14.869788,17.891415,18.426498,18.256298,15.942257,10.482993,9.919915,9.375087,8.77031,14.419116,11.878021,17.048843,17.658142,20.29396,20.861885,17.182058,13.966812,18.77754,15.620802,16.2647,16.700865,17.798777,19.377806,20.74078,23.994781,24.572178,29.997036,29.669172,33.51234,35.857754,37.035664,32.697853,34.208668,29.592684,31.963894,31.77267,28.605993,27.956491,28.13312,24.52622,27.136038,24.671978,29.148798,27.895887,24.338652,27.74474,30.99435,27.081625,29.310566,25.049852,31.284424,26.739439,29.48265,30.673746,28.410255,30.1121,30.593988,28.582472,26.200926,22.366531,20.058342,19.975658,16.254192,18.259687,14.60587,15.719144,17.525627,17.864716,22.296131,19.988575,24.771679,25.455193,22.865723,24.570402,20.458033,21.661453,20.77484,20.9993,24.935766,25.18952,22.832546,28.578547,24.61965,28.620535,29.038198,30.736736
19,13.792033,10.1882105,10.794898,5.7895727,5.5386386,8.92783,7.2089033,13.531516,13.971551,17.750008,21.036367,20.335373,20.608866,18.592491,15.60618,12.607748,9.405617,6.4778657,5.1997294,0.0,4.3273764,6.134203,9.6767235,12.169941,14.405774,14.5945015,13.857861,12.287132,6.4299746,8.227195,8.026354,10.234908,16.317846,15.610257,20.126682,21.34221,23.998373,23.980967,20.451918,16.849981,20.53759,16.262415,16.363335,15.794681,16.265675,16.644611,17.201406,20.217422,20.213568,25.810955,25.013512,28.85771,31.07871,32.141922,27.681097,29.277754,24.875355,27.463417,27.338528,24.487713,24.093681,24.874054,21.717508,24.933792,23.69242,27.492374,25.72283,22.586727,26.713486,29.147675,24.59738,27.065687,22.777237,29.187666,24.674326,26.669088,28.266739,26.14334,27.842072,28.874819,26.611353,23.701578,20.576471,17.503468,16.841541,12.85979,14.241011,10.009564,11.854462,13.808457,15.216161,19.773035,18.323637,23.080278,23.375034,20.922583,21.842379,17.509436,18.189104,16.643068,16.518242,20.48119,20.310219,18.077864,23.911425,20.250826,24.02578,24.854286,26.338358
20,14.742437,11.543462,13.543759,8.759621,9.644995,12.794219,11.257148,17.400587,17.19975,21.332125,23.898243,23.179579,23.81146,21.313879,18.8053,15.310283,12.266898,9.716825,6.6704216,4.3273764,0.0,4.6783776,5.6301985,8.847048,11.262718,11.872724,12.413986,10.638849,7.431052,7.8133373,10.073639,10.225542,17.904613,16.616198,21.31749,22.781477,24.761345,24.487875,20.468803,16.532122,20.832531,15.885612,17.14717,15.5022,17.471474,16.817837,18.024464,20.446806,20.766762,25.921444,25.022915,29.172249,30.863014,32.61613,28.38431,30.491648,26.433098,29.375225,29.754894,27.23457,26.692093,28.227798,25.059551,28.445873,27.41456,30.83174,28.800547,25.493202,29.536589,31.828337,26.92109,28.956173,24.487814,30.431772,25.30239,27.170633,28.200994,25.651468,26.908623,27.719625,25.007448,22.297232,19.678988,16.850658,17.202953,12.701786,15.702931,12.307731,15.1885605,17.445496,19.298262,23.860895,22.577217,27.304363,27.548527,25.078106,25.788328,21.24986,21.879555,19.660625,19.401476,23.204731,22.431496,20.398533,26.080637,22.230967,25.543192,26.302532,27.134985
21,10.688479,7.6076555,10.974537,7.584351,9.379956,13.342928,13.063911,19.243418,20.096704,23.787678,27.16232,26.305593,26.364193,24.20188,20.933945,18.26041,14.269426,12.396765,8.78043,6.134203,4.6783776,0.0,5.9638495,7.117572,10.827648,12.750719,13.875064,13.472344,10.429202,12.230106,13.755879,14.663661,21.87689,20.224146,25.19719,26.246977,28.548014,28.625671,24.614025,20.815102,25.332695,20.53715,21.54029,19.976692,21.415264,20.485323,20.954891,23.171234,22.719856,28.039518,26.360264,30.456152,31.79076,33.283165,28.687292,30.795856,27.196053,30.248732,30.134422,27.916151,28.035442,29.25958,26.705692,30.232246,29.475166,33.1259,31.146788,28.266113,32.606915,34.686802,29.758879,32.174118,27.832819,34.00964,29.124437,30.563126,31.91406,29.483065,30.689383,31.755594,28.842539,25.903736,23.814266,20.65456,20.5674,16.050568,18.048605,13.6242285,16.181374,17.466234,19.55497,23.470436,22.106438,26.649448,27.542295,25.618446,26.067024,22.18191,21.771814,20.25482,18.796865,21.799082,21.758148,20.331388,26.311623,23.52689,26.633062,28.097551,28.836235
22,15.907719,13.339683,16.883396,13.036425,14.485544,18.051062,16.740164,23.018763,22.675694,26.855934,29.159044,28.587337,29.354345,26.696857,24.298632,20.751263,17.624043,15.335144,11.695218,9.6767235,5.6301985,5.9638495,0.0,4.090399,7.0861163,9.179887,11.899389,11.072106,11.342995,11.565928,15.095344,14.43613,22.733664,21.130428,25.841373,27.42234,28.86113,28.389482,24.060904,20.004969,24.561869,19.09775,21.173008,18.428736,21.361712,19.340303,20.631758,22.120207,22.30324,26.84606,25.388132,29.753138,30.562647,32.978592,28.938395,31.610018,28.283007,31.631792,32.358944,30.416628,30.051558,32.304028,29.495022,33.170017,32.67265,35.67836,33.33967,30.170998,34.341206,36.219604,30.900604,32.671974,28.178104,33.633465,28.103651,29.409372,30.009634,27.142504,27.801924,28.576632,25.24345,22.655376,21.249994,18.559778,19.665815,14.960066,18.743616,15.833081,19.409292,21.526169,23.976599,28.288115,27.287533,31.885887,32.23822,29.988783,30.267206,25.800806,25.904161,23.258047,22.379745,25.617285,24.418907,22.924427,28.397375,24.959076,27.538359,28.5899,28.582985
23,15.425003,13.096464,17.55022,14.695859,16.159683,20.342106,19.164745,25.695473,25.679365,29.636047,32.30755,31.958134,32.56898,30.148249,27.421095,24.142637,20.728285,18.383114,14.869788,12.169941,8.847048,7.117572,4.090399,0.0,5.0541186,8.684392,12.099052,12.691771,13.646453,14.9127,18.190022,18.32581,26.4679,25.03511,29.774313,31.304117,32.88638,32.43814,28.138456,24.076628,28.465567,22.84661,24.685932,21.702415,24.26572,21.638596,22.313963,23.361942,22.92258,27.322641,25.151714,29.470783,29.757368,32.169304,28.020964,30.866201,28.137934,31.667364,32.273373,30.779806,30.848486,33.27814,31.000626,34.899494,34.939056,37.771725,35.285183,32.482777,36.95132,38.427006,32.905476,34.84644,30.461794,35.91591,30.519035,31.256243,32.05394,29.286243,29.794401,30.869764,27.306595,24.499836,23.860464,20.86914,21.67755,17.040348,20.190605,16.988245,20.641775,22.283665,25.155703,29.043293,28.32394,32.7001,33.239548,31.347517,31.207132,27.084215,26.483873,23.909355,22.26792,24.84153,23.70514,22.768936,28.164417,25.529423,27.653496,29.240236,28.882292
24,19.70664,16.844633,21.16408,18.05883,18.638475,23.135405,20.714294,27.486805,26.674662,30.62042,32.77841,33.197227,34.327366,32.01462,29.757965,26.03995,23.432995,20.28428,17.891415,14.405774,11.262718,10.827648,7.0861163,5.0541186,0.0,4.278807,8.578383,10.133417,13.5316725,14.9839,18.755339,19.444405,27.43803,27.02742,31.197435,33.230408,34.5792,33.599327,29.480457,25.320417,28.766817,22.679724,24.412481,20.640175,23.238876,19.47611,19.946981,20.189806,19.701956,23.449713,21.1279,25.479897,25.364532,28.232903,24.499317,27.684708,25.364786,29.068472,30.270105,29.20037,29.083654,32.39328,30.30815,34.414593,35.22322,37.223633,34.35454,31.754602,36.319607,37.17651,31.315691,32.952274,28.701714,33.614338,28.178503,28.275555,28.947493,26.211748,26.432243,27.77909,24.010471,21.061726,21.44089,18.36825,19.33726,15.032445,18.403105,16.371552,20.588196,22.632107,25.994074,29.98004,29.943827,34.177742,34.07517,32.0847,31.476683,27.10554,26.64404,23.150337,21.86272,24.483374,22.273413,21.422583,26.131826,23.397774,24.859026,26.367393,25.385935
25,22.40854,19.0258,22.763971,19.178293,19.000563,23.40598,19.970865,26.669462,25.128489,29.03687,30.664934,31.66189,33.230194,31.023575,29.263422,25.21708,23.44122,19.715137,18.426498,14.5945015,11.872724,12.750719,9.179887,8.684392,4.278807,0.0,4.876342,6.674386,11.820074,13.194612,17.118027,18.283749,25.808985,26.326841,29.912958,32.32536,33.546963,32.170048,28.33566,24.20006,26.722515,20.45735,21.92059,17.748808,20.218536,15.831584,16.293743,16.162933,15.952175,19.41408,17.467606,21.88645,22.008093,25.08341,21.68491,24.920248,22.424389,26.10441,27.799433,26.749786,26.235725,30.076546,27.885143,32.006733,33.18091,34.591152,31.51896,28.955599,33.456573,33.992912,28.002632,29.368536,25.203077,29.760271,24.32331,24.17584,24.803541,22.129066,22.340977,23.88482,20.166885,17.025246,17.756086,14.586695,15.618425,11.64647,15.320419,14.488432,18.985512,21.545307,25.009481,29.226599,29.591188,33.771545,33.05995,30.834059,30.078178,25.394604,25.427082,21.23042,20.720057,23.78138,20.770317,19.592234,23.776241,20.456276,21.722784,22.832315,21.667873
26,23.358553,19.460978,22.4475,18.80208,17.668657,22.045305,17.682386,24.197775,22.269056,25.851683,27.37952,29.016262,30.78197,28.978203,27.435055,23.414085,22.344444,18.08192,18.256298,13.857861,12.413986,13.875064,11.899389,12.099052,8.578383,4.876342,0.0,4.309453,9.335033,11.653927,14.726057,17.335394,23.786995,25.401964,28.43376,31.030003,32.5257,30.976673,27.608408,23.611246,25.087145,18.956778,19.44408,15.4752445,16.743864,12.095507,11.748879,11.695411,11.2104645,15.236535,13.530457,17.933891,18.857918,21.439003,17.93805,20.893751,17.912418,21.489967,23.333473,22.180557,21.463648,25.549482,23.41789,27.580582,29.22519,30.169764,26.963697,24.641718,29.267761,29.446491,23.38505,24.868954,20.8381,25.536478,20.479704,20.072256,21.291603,19.035479,19.725666,21.743227,18.49243,14.844523,15.309814,11.518611,11.503858,7.9740453,10.715108,10.749772,15.288871,18.13305,21.691616,25.9395,26.769888,30.76159,29.510317,27.19277,26.218882,21.425411,21.756748,17.059732,17.22438,20.684052,17.130556,15.576132,19.4323,15.685963,17.063032,18.022839,17.146156
27,23.706821,19.839941,22.216154,17.84793,16.766264,20.413553,15.890863,22.062965,19.610386,23.536274,24.493372,25.906961,27.932482,25.821762,24.750814,20.37961,19.814213,15.578132,15.942257,12.287132,10.638849,13.472344,11.072106,12.691771,10.133417,6.674386,4.309453,0.0,7.2647405,7.949261,11.732776,13.511859,20.066574,21.695751,24.533916,27.273756,28.50655,26.831964,23.463312,19.491148,20.914906,14.715295,15.571742,11.431723,13.574028,9.353982,10.482407,11.243891,12.1624775,16.210117,15.787047,20.082064,21.580534,24.183886,20.961964,23.605732,19.934841,23.171762,25.089657,23.326899,22.025694,25.790329,22.897202,26.75563,27.640299,28.838264,25.814165,22.896923,27.133924,27.901077,22.042452,23.218882,18.89894,23.61704,18.092272,18.63203,19.40059,16.803204,17.663176,19.192446,16.107206,12.744955,11.99916,8.442062,9.371518,5.1153255,10.067936,10.694704,15.093392,18.507044,21.47438,26.195559,26.591513,30.845154,29.49907,26.768822,26.368252,21.165693,22.366644,17.757998,18.785818,22.872927,19.620956,17.45468,21.448553,16.668928,18.740902,18.83663,18.492586
28,19.373386,15.329721,16.338923,11.853431,10.044676,13.385585,8.6472,15.046061,13.399571,17.254265,19.394049,20.251902,21.645931,19.857498,18.103794,14.211464,13.335556,8.854549,10.482993,6.4299746,7.431052,10.429202,11.342995,13.646453,13.5316725,11.820074,9.335033,7.2647405,0.0,5.055552,5.841443,10.012528,15.651982,17.183212,20.429495,22.614307,24.812187,23.841158,20.70707,16.958872,18.794237,13.62064,13.153166,11.408595,11.450052,10.52333,10.9015665,13.807375,14.129925,19.565676,19.252716,23.082106,25.55247,26.82715,22.819546,24.536182,19.958994,22.638445,23.372047,20.687143,19.659016,21.767653,18.47469,22.0877,22.015272,24.448824,22.009703,18.907276,23.307571,24.95116,19.726,21.851608,17.459568,23.588839,18.892105,20.446318,22.13426,20.130081,21.895418,23.300089,21.12983,17.920815,15.118915,11.575972,10.529621,6.5679455,8.358682,6.03624,9.486679,12.8624115,15.113456,20.073965,19.870188,24.34417,23.357288,20.535383,20.773495,15.625159,17.065514,13.626566,14.801598,19.383429,17.56393,14.881936,19.95597,15.283071,18.828077,19.14899,20.39799
29,21.79706,18.197279,18.929874,13.805741,12.774057,14.66877,10.512955,15.733637,13.174246,17.60349,18.49773,18.85448,20.748594,18.23083,17.410498,12.784825,12.737812,8.814566,9.919915,8.227195,7.8133373,12.230106,11.565928,14.9127,14.9839,13.194612,11.653927,7.949261,5.055552,0.0,5.118249,5.766215,12.625548,13.799108,16.90813,19.425701,20.948847,19.692705,16.2905,12.378243,14.552997,9.025633,9.816926,7.7905054,10.055003,9.932111,12.274874,15.092965,16.692945,21.370499,21.92127,25.801403,28.24053,30.066849,26.572172,28.424814,23.757582,26.293905,27.457808,24.605017,22.980755,25.119745,21.201338,24.313772,23.361307,25.851301,23.617762,19.846476,23.449436,25.715872,20.823032,22.201033,17.650734,23.160543,17.85188,20.317495,21.091717,18.62933,20.229422,20.899122,18.855515,16.342768,12.607354,10.171928,10.808616,7.1236086,11.305571,10.750272,13.642736,17.21672,18.747913,23.896858,23.22922,27.818933,26.773415,23.605354,24.403582,19.078577,21.29994,17.92704,19.67638,24.363922,22.433392,19.6126,24.266441,18.919935,22.375685,21.888456,22.988998
30,21.505287,17.858013,17.247484,12.48561,10.450685,11.321618,6.359891,10.860587,8.225197,12.570029,14.171394,14.5753765,16.237839,14.258015,13.245125,8.92102,9.76215,5.358036,9.375087,8.026354,10.073639,13.755879,15.095344,18.190022,18.755339,17.118027,14.726057,11.732776,5.841443,5.118249,0.0,6.506456,9.956521,12.211701,14.908375,17.106388,19.528116,18.67414,16.0433,12.815681,14.091208,10.244924,8.807425,9.420955,8.62461,10.971673,12.294422,16.014647,17.221127,22.36545,23.110693,26.532526,29.62753,30.589458,26.874645,28.051113,22.923897,24.905087,25.455553,22.080872,20.466942,21.525997,17.328377,20.06857,18.528208,21.621637,19.806498,15.992576,19.615082,22.347778,18.0593,20.021973,15.696473,21.93725,17.62745,20.453386,21.989424,20.211966,22.403887,23.265724,21.953093,19.367155,15.029823,12.563343,11.564071,9.1968355,10.526793,9.35693,10.55946,14.0060835,14.650021,19.83754,18.987978,23.498056,22.321775,18.99391,20.23844,15.026961,17.800621,15.222351,17.528532,22.394827,21.144615,18.039183,22.692665,17.44269,21.556747,21.00805,23.059576
31,22.94874,19.99384,19.657618,14.438802,14.009007,13.823522,11.1927395,14.316078,11.815825,16.378746,16.68647,15.674498,17.485271,14.263112,14.122437,9.321224,10.060111,7.902361,8.77031,10.234908,10.225542,14.663661,14.43613,18.32581,19.444405,18.283749,17.335394,13.511859,10.012528,5.766215,6.506456,0.0,8.556291,8.239959,11.756923,14.076281,15.433273,14.549826,10.878714,7.02897,10.686841,6.876283,8.454058,8.9317255,11.567423,13.796354,16.696415,19.834438,21.84217,26.329285,27.36314,31.074123,33.74503,35.46119,32.026016,33.622402,28.682707,30.855164,31.751059,28.472368,26.654894,27.863684,23.456545,25.79495,23.388544,26.668547,25.129185,20.89332,23.52093,26.848412,22.944788,24.08483,19.745544,24.989063,19.977955,23.46049,23.81836,21.394112,23.077045,22.989859,21.549515,19.866772,15.142986,14.061827,15.05102,12.359016,15.98396,15.231524,16.95985,20.21896,20.640938,25.728916,24.247507,28.881645,28.141016,24.791813,26.444605,21.380463,24.130322,21.678097,23.66518,28.394878,27.134981,24.171696,28.876394,23.419361,27.226933,26.365484,27.902891
32,28.390808,25.542759,23.624527,19.156845,17.790537,15.537294,13.072481,11.903341,8.09526,11.42582,9.649662,8.093107,10.994117,7.983613,10.66514,6.792533,11.514,10.769206,14.419116,16.317846,17.904613,21.87689,22.733664,26.4679,27.43803,25.808985,23.786995,20.066574,15.651982,12.625548,9.956521,8.556291,0.0,6.4576516,5.47982,8.365406,10.459075,9.531324,8.713049,8.062195,6.9727154,8.779904,6.832364,11.524899,11.078539,16.324982,18.84619,22.493242,24.79989,28.9475,30.95377,33.917915,37.448,38.395214,35.303623,36.076523,30.656029,31.870605,32.50561,28.678482,26.326077,26.33693,21.42623,22.350866,18.481112,21.945082,21.394245,16.912477,17.865143,22.317879,20.22899,21.084324,17.639269,22.3911,18.98327,23.420816,24.04349,22.57028,24.890194,24.573362,24.6056,23.416044,17.793802,17.621939,17.570032,16.985546,18.60063,18.822275,18.726316,21.719542,20.670063,25.338345,23.7457,27.764935,26.41313,22.75858,25.203505,20.654427,24.599243,22.94712,26.10394,30.961538,30.04114,26.724003,30.564692,24.884172,29.041887,27.371523,29.8744
33,25.821966,23.742018,21.783287,17.398573,17.312672,14.409992,14.205159,13.412647,11.924653,15.362048,15.168139,11.773363,12.825529,8.859573,10.096833,6.9675207,9.334143,10.73652,11.878021,15.610257,16.616198,20.224146,21.130428,25.03511,27.02742,26.326841,25.401964,21.695751,17.183212,13.799108,12.211701,8.239959,6.4576516,0.0,5.600634,6.302288,8.459828,9.340037,6.627868,6.019787,9.980203,11.294768,11.81479,15.069887,16.333176,20.526833,23.250093,26.786003,28.85046,33.352352,34.759052,38.160095,41.25349,42.51204,39.020718,40.128574,34.86696,36.483612,36.837395,33.077557,31.207968,30.99066,26.306286,27.469181,23.234268,27.547995,27.131445,22.783794,24.006252,28.543114,26.248608,27.342297,23.653633,28.578756,24.623598,28.884,29.217184,27.224169,29.14821,28.556517,27.954273,26.86036,21.525892,21.229391,21.81945,19.985493,22.443989,21.356174,21.61184,24.175882,23.143465,27.68192,25.27505,29.572104,29.249914,25.912735,28.5974,24.323288,27.51201,26.422064,28.621933,33.223907,32.89525,29.828718,34.471645,29.182182,33.402878,32.28214,34.497902
34,31.035948,28.739803,26.53419,22.260187,21.558859,18.481724,17.452168,15.291936,12.631079,15.126455,12.887198,9.6767235,11.864064,8.351032,12.038974,9.621148,13.805166,14.64334,17.048843,20.126682,21.31749,25.19719,25.841373,29.774313,31.197435,29.912958,28.43376,24.533916,20.429495,16.90813,14.908375,11.756923,5.47982,5.600634,0.0,3.797829,5.021755,5.0883727,5.6631894,7.6969624,7.388897,11.689635,11.237858,15.616525,16.168352,21.238949,24.113455,27.602163,30.109398,34.05972,36.18718,39.203125,42.64944,43.768063,40.727764,41.549755,36.133297,37.310402,37.893997,34.006,31.649794,31.322052,26.407665,26.86169,22.24992,25.986963,25.937637,21.52452,21.542406,26.411425,25.058577,25.557617,22.459692,26.473976,23.248867,27.959541,28.061304,26.484339,28.563406,27.671627,27.910229,27.304728,21.63139,22.116999,22.637098,21.924948,24.017471,24.031593,23.901096,26.647398,25.250933,29.654654,27.562178,31.458813,30.491783,26.954176,29.78218,25.596643,29.477861,28.240602,31.21693,35.980923,35.33909,32.062496,36.004753,30.360779,34.509125,32.745747,35.193607
35,30.898842,29.030502,26.33461,22.530275,22.132126,18.334291,18.488035,15.410734,13.961526,15.87251,14.42607,10.058745,10.965423,7.4853516,11.019528,10.091673,13.704523,15.686186,17.658142,21.34221,22.781477,26.246977,27.42234,31.304117,33.230408,32.32536,31.030003,27.273756,22.614307,19.425701,17.106388,14.076281,8.365406,6.302288,3.797829,0.0,4.5296474,7.0188813,7.8336535,10.187675,11.127916,15.186652,14.756399,19.10604,19.416367,24.552652,27.179064,30.818014,33.07229,37.297123,39.204556,42.24465,45.715862,46.655354,43.382027,44.09893,38.649765,39.765892,39.98243,35.989956,33.880386,32.950916,28.156834,28.352337,23.181997,27.548761,27.90325,23.673805,23.552608,28.67522,27.707329,28.49454,25.524351,29.760328,26.794748,31.459175,31.742542,30.208595,32.316044,31.457119,31.612783,30.918385,25.278482,25.535881,25.861292,24.883858,26.673342,26.056454,25.550997,27.870054,26.062283,30.124102,27.576488,31.327852,30.821047,27.484877,30.640707,26.910229,30.580297,30.007067,32.69129,37.265488,37.153378,33.961353,38.132324,32.805317,37.116577,35.57914,38.203117
36,33.98687,32.123272,29.887533,25.75717,25.564726,22.186035,21.951159,19.581896,17.486181,19.667555,17.26625,13.630693,15.172958,11.832724,15.45282,13.863803,17.285503,18.864471,20.29396,23.998373,24.761345,28.548014,28.86113,32.88638,34.5792,33.546963,32.5257,28.50655,24.812187,20.948847,19.528116,15.433273,10.459075,8.459828,5.021755,4.5296474,0.0,3.794655,5.9142127,9.687164,10.144275,15.093508,15.585517,19.518545,20.811563,25.61599,28.781977,32.102547,34.78604,38.548813,40.757587,43.848682,47.17131,48.50774,45.532516,46.46022,41.074036,42.289032,42.91519,39.02468,36.647694,36.246006,31.335135,31.58708,26.675743,30.44999,30.624666,26.255512,25.780844,30.770838,29.762056,29.973715,27.048838,30.506735,27.296803,32.127285,31.779364,30.075886,31.89572,30.553122,30.891026,30.759869,25.180983,26.135181,27.126947,26.296043,28.840374,28.784168,28.776161,31.433802,29.9418,34.21143,31.83573,35.664806,34.967728,31.52455,34.52102,30.497007,34.29925,33.205406,36.040432,40.753395,40.216877,36.974052,41.002926,35.33102,39.431892,37.598614,39.920647
