,0,1,2,3,4,5,6,7,8,9,10,11,12,13,14,15,16,17,18,19,20,21,22,23,24,25,26,27,28,29,30,31,32,33,34,35,36,37,38,39,40,41,42,43,44,45,46,47,48,49,50,51,52,53,54,55,56,57,58,59,60,61,62,63,64,65,66,67,68,69,70,71,72,73,74,75,76,77,78,79,80,81,82,83,84,85,86,87,88,89,90,91,92,93,94,95,96,97,98,99,100,101,102,103,104,105,106,107,108,109,110
0,0.0,4.2453175,6.320963,9.853567,12.29115,14.590126,17.879105,21.3155,24.43083,27.319006,30.203737,31.466318,28.040985,26.76434,21.94081,22.199327,16.826502,17.629192,14.167232,14.6977215,15.0665655,10.840121,15.457657,17.697763,17.55728,15.380881,21.26263,23.548893,20.694677,25.074743,23.649895,29.12408,32.002335,34.55538,36.432316,38.612297,42.117268,41.056667,38.50175,35.41809,35.70455,32.535255,29.848183,29.55715,25.997099,25.219185,21.27696,22.609184,20.789507,18.050674,16.96882,14.469875,10.972464,14.218268,18.627476,22.3767,24.614723,25.713823,30.493298,30.582956,27.630842,33.307156,32.939705,33.428226,37.804283,34.736294,38.102615,37.37874,37.64227,33.554886,29.279295,30.214663,28.896027,28.573967,30.663671,26.636002,29.90068,30.589275,31.888536,35.253967,33.234715,29.883844,32.237026,28.852581,28.932991,24.392115,26.790918,21.691904,23.858118,23.307566,25.001692,26.231052,27.195538,29.825113,33.311207,33.948597,35.96598,35.447746,39.500195,37.73962,43.700035,40.566345,45.64138,48.571774,47.65248,44.311806,45.87031,39.53314,41.75688,38.34314,40.183334
1,4.2453175,0.0,5.2900143,6.4586673,9.197064,12.184762,14.831238,19.009827,21.429434,24.755468,27.234917,28.981192,25.806244,24.128866,19.5558,19.050325,13.715628,13.948873,10.237327,10.526212,10.8972645,6.972889,11.940992,13.870826,14.680893,12.473352,18.494358,20.342226,17.181238,21.347063,20.152176,25.289885,28.730766,30.952696,33.08363,35.330864,38.680786,37.652805,34.85581,31.613337,32.272366,28.895298,26.50278,26.14045,22.955965,22.414122,18.665989,20.520689,19.204947,16.681452,15.049152,13.5259695,9.370337,13.548955,17.117731,21.044588,22.653372,24.213425,28.965492,28.873169,25.678846,31.065159,30.239971,30.494732,34.629066,31.317402,34.561417,33.606663,33.779236,29.808788,25.405651,26.155155,24.725708,24.398533,26.42682,22.436436,25.806364,26.567226,28.032875,31.433722,29.635553,26.150969,28.58539,25.064302,24.893488,20.44315,22.639006,17.545124,19.901266,19.536573,21.59428,22.940664,24.32437,27.138636,30.401129,30.741182,32.53271,31.818153,35.80112,33.751965,39.761448,36.473747,41.558247,44.50489,43.51157,40.149017,41.741783,35.38319,37.63298,34.306282,36.21522
2,6.320963,5.2900143,0.0,5.2316194,6.897092,8.492128,12.080749,15.02374,18.385508,21.057903,24.172209,25.250826,21.93254,20.87238,15.94027,16.535988,11.494008,12.564039,10.686111,11.609683,13.65026,11.062133,16.052109,16.58774,17.756142,14.252712,19.928545,21.325254,16.809584,21.109928,18.773172,24.457922,26.33025,29.03969,30.751461,32.732174,36.420567,35.504375,33.174236,30.404282,30.51049,28.050493,25.014496,25.64591,21.5107,22.043982,18.30314,20.266045,19.016039,15.797402,13.609615,11.228521,6.722423,9.336569,13.656621,17.106747,19.662405,21.292503,25.747414,26.458199,23.67759,29.46484,28.597866,29.577866,33.374073,30.9285,34.20171,33.583755,34.37149,30.829187,26.304276,27.762411,25.704147,26.557402,27.437836,23.68082,26.604713,26.61153,27.782469,30.91519,28.510853,25.195871,26.933426,23.766146,24.39362,19.684038,22.978472,18.854124,21.29185,21.790752,23.6819,25.799953,27.245161,29.77409,33.04197,33.425583,34.861317,34.235188,37.385696,35.41981,40.901684,37.317158,42.346436,45.0864,43.89373,40.631763,41.579754,35.39515,37.390778,33.684155,35.456635
3,9.853567,6.4586673,5.2316194,0.0,3.8455148,6.254542,8.893386,12.954627,15.062037,18.55316,20.780386,22.661499,19.660109,17.846157,13.415821,12.6406355,7.4777822,7.810608,5.609943,6.9567957,9.472593,8.438227,13.179442,13.094263,15.854793,12.593566,18.06928,18.65984,13.460825,17.240347,15.133996,20.153458,22.881958,24.898098,27.15604,29.144129,32.646603,31.882132,29.10956,26.080355,26.944403,24.239998,21.710878,22.370806,18.877998,19.97441,16.69434,19.418926,18.951174,16.222324,13.343261,12.631318,7.812222,11.258448,13.833434,17.29986,18.836018,21.19582,25.461025,25.943754,22.87166,28.112513,26.49147,27.118387,30.421959,27.622791,30.64998,29.606848,30.25066,26.98202,22.236898,23.29493,20.913412,21.71123,22.261242,18.483534,21.399277,21.466251,22.78844,25.992376,23.868137,20.38526,22.407793,19.039421,19.418951,14.749001,18.080399,14.256065,17.162584,18.101221,20.608353,22.812914,24.864412,27.62404,30.48433,30.39315,31.471632,30.503044,33.555653,31.036371,36.60623,32.6946,37.73549,40.50351,39.11213,35.7957,36.704678,30.467907,32.383545,28.764788,30.536526
4,12.29115,9.197064,6.897092,3.8455148,0.0,5.3838267,5.664546,10.677737,12.588716,15.86117,18.815708,20.638962,18.154348,16.702,12.314833,11.500168,7.530434,6.514205,7.410865,6.9253435,10.596821,10.633426,14.495641,12.950454,15.51949,11.445238,16.24297,16.46277,10.624497,14.590914,11.971699,17.585892,19.742954,22.39915,24.150364,26.359468,29.834692,28.826147,26.362183,23.53273,23.747066,21.285997,18.371822,19.327711,15.358466,16.895964,13.742829,16.60422,16.423975,13.620098,10.320399,10.118445,5.7944646,8.825811,10.322896,13.767944,15.023838,17.513775,21.690863,22.226831,19.225454,24.490677,22.852201,23.738153,27.016928,24.606276,27.716303,27.003868,28.014858,24.900127,20.25587,22.074867,19.603973,21.575172,21.736698,18.581894,21.572687,21.205833,22.745674,25.712156,23.518965,19.912231,20.98073,17.632277,18.013765,13.388852,16.615877,13.287185,15.735533,17.180243,19.24772,22.045467,24.006998,26.444174,29.274912,29.291344,30.134773,29.378414,31.769928,29.650444,34.740395,30.942673,35.907776,38.53648,37.284477,34.092625,34.914337,28.812616,30.951414,27.241846,29.312992
5,14.590126,12.184762,8.492128,6.254542,5.3838267,0.0,6.080155,7.071158,10.369253,13.144103,15.7488165,16.908638,13.695695,12.469825,7.6112137,8.416381,4.5996094,6.8736625,8.628271,10.728028,14.267101,14.458645,18.77752,17.573133,20.764137,16.809193,21.387684,21.158234,14.488294,17.660784,14.064908,19.043282,19.483635,21.6892,23.642675,25.052664,29.003342,28.610872,26.33362,23.997206,24.528652,23.269167,20.19488,22.391256,18.10626,20.994202,18.234453,21.171299,21.110691,18.044579,14.588411,13.733539,9.659538,10.207881,12.19498,14.352078,16.73728,19.552708,22.9867,24.57742,22.109535,27.377644,25.319723,26.776438,29.166758,27.513641,30.321001,29.521275,30.890905,28.461147,23.695084,25.326082,22.0989,24.202019,23.024843,19.766882,21.712143,20.686722,21.450926,24.139763,21.225294,18.154907,19.203968,16.541317,18.236668,13.55108,18.512299,16.666985,19.596563,21.591784,23.99285,26.86062,29.08233,31.554306,34.196243,33.973343,34.504356,33.505497,35.485027,32.83894,37.65191,33.256382,38.094498,40.546207,38.759758,35.61639,35.522198,29.67029,31.021055,26.96342,28.373363
6,17.879105,14.831238,12.080749,8.893386,5.664546,6.080155,0.0,6.69143,7.2604046,10.582118,13.762028,15.760721,14.111593,12.8388815,9.304789,7.990871,7.13601,5.042086,9.882219,9.325682,13.520881,15.16736,18.100813,15.207323,18.49842,14.302718,17.531628,16.492989,9.286767,12.077111,8.0870285,13.545443,14.285304,17.163618,18.675064,20.770086,24.356806,23.459164,21.229342,18.810171,18.806936,17.34137,14.138748,16.451925,12.170312,15.711484,13.623399,16.915537,17.628977,15.149401,11.379731,12.314921,9.614588,10.45314,9.455473,11.562028,12.177131,15.481699,18.743752,19.830328,17.188295,21.917326,19.480204,20.839012,23.103306,21.513975,24.32674,23.73227,25.358334,23.130184,18.555094,20.927383,17.744091,21.197552,19.86354,17.594398,19.955633,18.708088,20.176916,22.641003,20.23161,16.73729,16.537374,13.532011,14.501534,10.1631365,14.20359,13.059835,15.299857,17.901028,19.879038,23.290731,25.54643,27.674452,30.039896,29.770872,29.926788,29.097078,30.325096,28.08902,32.37994,28.21178,32.957367,35.301445,33.801056,30.78736,30.932028,25.165716,27.081352,23.136889,25.236006
7,21.3155,19.009827,15.02374,12.954627,10.677737,7.071158,6.69143,0.0,5.3502483,6.3217344,10.114225,10.4368925,8.06929,8.152291,4.5407696,6.8082023,8.379007,9.470079,14.012749,15.290199,19.288391,20.597578,24.153149,21.701942,25.111273,20.81827,24.02368,22.847422,15.542512,17.500809,12.854751,17.073044,14.570549,17.193785,18.39899,19.269764,23.539268,23.407366,21.882124,20.518072,20.37514,20.875872,17.42206,21.180948,16.557806,21.204685,19.454218,22.455187,23.063139,20.216255,16.569216,16.431664,13.992848,12.516362,12.126765,12.160459,14.434954,17.707592,19.735628,22.301825,20.613487,25.274813,22.65608,24.881475,26.038939,25.758812,28.170362,27.742455,29.897066,28.494701,24.067415,26.389751,22.626581,26.275177,23.577768,21.450308,22.556595,20.42979,20.888554,22.715641,19.341799,16.806509,15.853697,14.250744,16.993458,13.174106,18.687647,19.004873,21.44505,24.349707,26.402401,29.876991,32.193954,34.24147,36.510937,36.149765,36.031635,35.096027,35.72818,33.212345,36.917786,32.28089,36.711327,38.722885,36.69843,33.889275,32.832676,27.662012,28.597368,24.277391,25.540005
8,24.43083,21.429434,18.385508,15.062037,12.588716,10.369253,7.2604046,5.3502483,0.0,4.624769,6.5749607,8.995357,8.616723,7.440838,6.8809986,5.4105344,9.558978,8.800498,14.371543,14.961518,18.817421,21.303808,23.891869,20.700296,24.772135,20.92479,23.198446,21.174948,13.84882,14.387966,9.918696,12.51965,10.056162,11.938128,13.710179,14.711785,18.783943,18.76069,16.780922,15.324314,15.896893,16.61986,13.794559,17.96738,14.343091,19.710522,18.855326,22.214317,23.523605,21.356169,17.634783,18.792143,16.621347,16.133705,14.2922325,14.314173,14.68474,18.406824,19.956598,21.987085,20.160633,23.77546,20.326214,22.178871,22.461697,22.129084,24.106234,23.3677,25.600767,24.842993,20.565239,22.777124,18.703068,22.988056,19.489073,18.173685,18.94991,16.444511,17.158468,18.674501,15.690375,13.002871,11.079167,9.501065,12.311584,9.308509,14.711437,16.565264,18.811184,22.24608,24.418156,27.976242,30.616163,32.59075,34.351994,33.61034,33.008602,31.877901,31.94248,29.122461,32.436943,27.551804,31.815908,33.717045,31.526598,28.785305,27.515657,22.482626,23.369957,19.05664,20.519213
9,27.319006,24.755468,21.057903,18.55316,15.86117,13.144103,10.582118,6.3217344,4.624769,0.0,6.1482253,6.165675,7.1075964,8.122948,8.473792,9.222829,13.309667,13.1764555,18.6296,19.211353,23.200369,25.395815,28.160673,24.846895,28.47668,24.30693,26.249636,24.230534,17.114677,17.567768,12.879034,15.313035,10.031767,12.737726,13.11675,13.436599,17.85932,17.994217,17.15687,16.82494,16.211569,18.425714,15.163243,20.055895,15.974181,21.77162,21.158457,24.154898,25.435831,23.150494,19.606943,20.405685,18.946442,17.20844,15.007241,13.668095,14.569494,18.042313,18.55777,21.479187,20.433603,23.883282,20.58299,23.163822,22.879812,23.753538,25.570522,25.367487,28.09386,27.752375,23.86097,26.540436,22.541521,27.289694,23.492018,22.566961,23.009464,20.16181,20.521675,21.453033,18.178598,16.22798,13.205369,12.818778,15.967636,13.661287,18.680357,20.836586,22.710945,26.200605,27.97202,31.7459,34.16968,35.86207,37.644123,37.063995,36.329353,35.403908,34.84299,32.4215,35.03492,30.291052,34.208447,35.78117,33.58592,31.15477,29.301872,24.941652,25.537365,21.21809,22.436512
10,30.203737,27.234917,24.172209,20.780386,18.815708,15.7488165,13.762028,10.114225,6.5749607,6.1482253,0.0,4.6425185,6.6781945,5.784474,9.439607,8.626475,14.078859,14.220293,19.237104,20.566946,24.026054,26.846977,29.285563,26.195137,30.749014,27.203415,29.166126,26.714397,19.653177,19.084528,15.155424,15.294861,10.948244,10.366877,12.586571,11.620955,15.94825,17.251722,15.57542,15.298714,16.830482,19.223053,17.274948,22.074068,19.337309,25.192905,24.907488,28.263508,29.806656,27.78106,24.102766,25.250225,23.072554,22.21608,20.392225,19.601166,19.945074,23.59839,24.073986,26.57545,25.285374,28.042582,24.09415,26.054176,24.829006,25.313877,26.473047,25.498941,27.946804,28.318167,24.409534,26.122454,21.652079,25.917025,20.964037,20.358866,19.599829,16.244806,15.897271,16.197962,12.728637,11.662299,8.2361555,9.33505,13.457315,12.323713,17.767105,21.228144,23.511194,27.217234,29.596155,33.04703,35.95126,37.902042,39.23181,38.117382,37.031532,35.619095,35.00099,31.63174,34.19519,28.803661,32.483315,33.96098,31.095707,28.67713,26.0262,22.001707,21.559153,17.174715,17.501757
11,31.466318,28.981192,25.250826,22.661499,20.638962,16.908638,15.760721,10.4368925,8.995357,6.165675,4.6425185,0.0,4.609711,6.646954,9.994981,11.348613,16.204987,17.135849,22.026793,23.612389,27.29912,29.596926,32.530056,29.592175,33.75874,29.822758,31.98211,29.79935,22.626736,22.574995,18.216381,19.204538,13.488948,13.978259,14.925935,13.416521,17.937197,19.322538,18.658775,19.06101,19.512362,22.595575,20.064827,25.163406,21.710623,27.65471,27.169365,30.26013,31.558786,29.218273,25.626291,26.171978,24.269657,22.449577,20.904486,19.357449,20.593178,23.94624,23.918713,27.16901,26.397253,29.436659,25.863401,28.401663,27.18528,28.39307,29.660957,29.12661,31.845034,32.167423,28.328058,30.396603,26.023144,30.359035,25.575062,24.774046,24.045588,20.711658,20.08086,20.214802,16.450241,15.878489,12.667624,13.95846,18.053616,16.566393,22.10922,25.110409,27.346693,30.964844,33.129807,36.725357,39.426746,41.273285,42.82601,41.940056,40.960567,39.728127,38.98003,35.938927,38.27934,33.053272,36.609684,37.929623,35.12598,32.876244,29.961796,26.312933,25.735985,21.422195,21.494484
12,28.040985,25.806244,21.93254,19.660109,18.154348,13.695695,14.111593,8.06929,8.616723,7.1075964,6.6781945,4.609711,0.0,3.9356744,6.3286376,9.186893,13.162461,15.178325,19.355562,21.670074,25.272707,27.027723,30.505472,28.204807,32.345417,28.379745,31.343363,29.634003,22.240969,22.990086,18.515709,20.521046,16.200657,16.901333,18.455858,17.496155,22.013126,23.167778,21.983572,21.644737,22.406544,24.50974,21.747356,26.37697,22.50817,27.965296,26.824665,29.947886,30.848616,28.15069,24.499636,24.443089,21.952227,20.206158,19.764091,18.777084,20.881737,24.189123,24.962027,28.171888,27.056662,30.886986,27.64329,30.057777,29.693695,30.22115,31.881598,31.173265,33.565205,33.24895,28.997433,30.791658,26.441465,30.038471,25.773123,24.120516,23.61987,20.65371,19.895388,20.650236,16.582172,15.70905,14.081455,14.559803,18.683712,16.205841,22.367456,24.405975,27.089989,30.40299,32.82756,36.229084,38.918144,41.027523,42.87992,42.09286,41.485703,40.194565,40.22312,37.008358,40.105473,34.833134,38.768955,40.395878,37.62717,35.08752,32.632004,28.37046,27.940868,23.540035,23.55954
13,26.76434,24.128866,20.87238,17.846157,16.702,12.469825,12.8388815,8.152291,7.440838,8.122948,5.784474,6.646954,3.9356744,0.0,5.098595,6.17533,10.701405,12.667855,16.583504,19.174637,22.486246,24.567429,27.819542,25.678648,30.262066,26.679604,29.764153,27.951548,20.594198,21.12127,17.046522,18.548008,15.7394285,15.531839,18.097437,17.40343,21.705008,22.90622,20.933561,19.99033,21.742907,23.119818,20.858288,25.088179,21.773823,27.013128,25.868067,29.241575,30.247326,27.722754,23.969273,24.262306,21.275656,20.473547,20.12535,19.901258,21.46048,25.0003,26.27912,28.917543,27.333414,31.065231,27.572432,29.483597,29.216122,29.031929,30.630741,29.48056,31.522837,31.14023,26.72987,28.006948,23.560984,26.685713,22.342804,20.501183,19.83914,16.964083,16.16339,17.196098,13.154757,12.032039,11.2986765,11.445028,15.61747,13.10512,19.486671,21.632015,24.586836,27.871025,30.635487,33.805832,36.71263,39.02132,40.73309,39.730263,39.114517,37.602528,37.968727,34.337124,37.80639,32.34978,36.413048,38.209713,35.324265,32.61183,30.369621,25.792109,25.315908,20.93633,20.897541
14,21.94081,19.5558,15.94027,13.415821,12.314833,7.6112137,9.304789,4.5407696,6.8809986,8.473792,9.439607,9.994981,6.3286376,5.098595,0.0,4.930409,7.030166,9.776099,13.338566,15.986655,19.514072,20.874094,24.64992,22.84138,26.907522,23.060513,26.728155,25.507263,18.147991,19.770569,15.51951,18.713043,16.827576,17.98125,20.152508,20.371794,24.685837,25.181566,23.191734,21.712448,22.763592,23.22893,20.391666,24.067682,20.068966,24.648756,22.858068,26.069157,26.650883,23.816278,20.123516,19.864563,16.625343,15.809497,16.282612,16.63491,18.869816,22.197239,24.231926,26.730705,24.902212,29.395355,26.47638,28.400604,29.204693,28.587585,30.740189,29.80919,31.691519,30.480555,25.848251,27.388739,23.3107,26.159597,22.981045,20.454615,20.849667,18.653412,18.47605,20.297934,16.589306,14.511903,14.590212,13.3705845,16.71652,12.979759,19.251505,19.890942,22.910042,25.790451,28.413626,31.555836,34.19158,36.552692,38.6808,38.01869,37.857864,36.568317,37.533844,34.314735,38.32588,33.24751,37.676514,39.739586,37.288998,34.382526,32.969532,27.806498,28.102184,23.750547,24.3448
15,22.199327,19.050325,16.535988,12.6406355,11.500168,8.416381,7.990871,6.8082023,5.4105344,9.222829,8.626475,11.348613,9.186893,6.17533,4.930409,0.0,5.5633516,6.5668244,10.806609,13.044364,16.365732,18.685892,21.699078,19.52516,24.21833,20.87295,24.150747,22.496372,15.253978,16.18282,12.522398,14.770446,14.636651,14.91314,17.93624,18.580738,22.481941,22.888315,20.150587,18.054878,20.056614,19.785122,17.654158,20.92301,17.85101,22.347927,20.930077,24.461613,25.443481,23.111889,19.348486,20.062008,16.698885,17.177652,16.85822,17.844957,18.757269,22.370005,24.621927,26.35203,24.08801,28.029928,24.679682,25.98222,26.64132,25.34977,27.32106,25.949854,27.528223,26.4155,21.72669,22.846935,18.635483,21.420008,18.050968,15.651226,16.128513,14.004492,14.279747,16.411919,13.223934,10.396648,10.996148,8.949681,11.956925,8.1553335,14.57177,15.740009,18.889484,21.954432,24.863821,27.87793,30.79822,33.256733,35.06712,34.107918,33.76221,32.261547,33.286602,29.716633,33.8979,28.690905,33.185394,35.36596,32.8875,29.865444,28.756094,23.323961,23.80375,19.557194,20.434662
16,16.826502,13.715628,11.494008,7.4777822,7.530434,4.5996094,7.13601,8.379007,9.558978,13.309667,14.078859,16.204987,13.162461,10.701405,7.030166,5.5633516,0.0,4.631638,6.3252783,9.648468,12.761927,14.033917,17.859112,16.705965,21.016432,17.760117,22.118908,21.344267,14.565748,16.82294,13.695156,17.332413,18.725252,19.670288,22.520094,23.69459,27.47062,27.449749,24.587324,21.971521,23.683798,22.24448,19.932518,22.109278,18.769478,21.960545,19.667633,23.010944,23.392042,20.787907,17.21726,17.251251,13.055889,14.489134,15.646233,17.735733,19.20823,22.42179,25.627708,26.951296,24.286633,28.943735,26.258461,27.280226,29.099075,27.042942,29.492098,28.13337,29.236332,27.155487,22.246767,23.120825,19.516432,21.12688,19.381115,15.927858,17.432936,16.435493,17.053946,19.880144,17.129448,14.011815,15.930418,13.163498,14.925311,10.322029,15.816455,14.707194,18.161697,20.414663,23.43028,26.060347,28.763832,31.478025,33.722725,33.03802,33.303585,31.903782,33.96673,30.599573,35.58869,30.778362,35.594448,38.0914,35.972645,32.744328,32.491848,26.594488,27.593786,23.609894,24.736431
17,17.629192,13.948873,12.564039,7.810608,6.514205,6.8736625,5.042086,9.470079,8.800498,13.1764555,14.220293,17.135849,15.178325,12.667855,9.776099,6.5668244,4.631638,0.0,5.8448944,6.5565476,10.236105,12.660018,15.431698,13.150845,17.692774,14.501733,18.182653,17.002264,10.204216,12.256868,9.574897,13.305584,16.074585,17.275467,20.035353,21.890488,25.242823,24.752136,21.67499,18.660364,20.288471,18.099642,16.036186,17.699692,14.844657,17.846777,15.890049,19.44263,20.24046,18.146086,14.5578,15.711001,12.076913,14.307366,14.142319,16.584837,16.799265,20.11615,23.442652,24.08626,21.132809,25.354954,22.531677,23.14315,25.13669,22.651785,25.157639,23.774069,24.779938,22.552216,17.65341,18.796986,15.339521,17.598652,16.248613,13.2616005,15.610672,14.829809,16.332823,19.22959,17.180532,13.463187,14.809327,11.330116,11.930538,7.176472,11.733139,10.442724,13.687156,16.198639,19.108974,21.95614,24.724155,27.32301,29.415596,28.68978,28.831509,27.511251,29.41026,26.274183,31.227192,26.65592,31.543612,34.10325,32.29712,29.057503,29.344454,23.270157,24.92437,21.13374,22.95566
18,14.167232,10.237327,10.686111,5.609943,7.410865,8.628271,9.882219,14.012749,14.371543,18.6296,19.237104,22.026793,19.355562,16.583504,13.338566,10.806609,6.3252783,5.8448944,0.0,5.141823,6.847858,8.208445,11.816899,11.651653,16.218243,14.0495615,18.873058,18.604605,13.310911,15.8495035,14.434259,17.836693,21.779745,22.483547,25.626146,27.430647,30.640581,30.22,26.815565,23.447989,25.593729,22.613655,21.0152,21.60211,19.286377,20.8391,18.292225,21.534405,21.75173,19.67427,16.602669,17.10188,12.647319,16.116243,17.478367,20.645405,21.25704,24.14478,28.053577,28.311228,25.06964,29.529507,27.139704,27.260162,29.858032,26.57969,29.163374,27.452343,27.734241,24.873987,19.9646,20.014519,17.239925,17.263351,17.413034,13.278835,16.020481,16.430862,17.809261,21.19954,19.56119,16.014652,18.951357,15.432632,15.444661,11.080553,14.411086,11.205023,14.869209,16.153536,19.532143,21.432072,24.176262,27.232868,29.516094,28.792427,29.495493,28.00134,31.161705,27.74722,33.565,29.197077,34.217613,37.05373,35.323936,31.907846,32.75861,26.466824,28.092173,24.680782,26.235949
19,14.6977215,10.526212,11.609683,6.9567957,6.9253435,10.728028,9.325682,15.290199,14.961518,19.211353,20.566946,23.612389,21.670074,19.174637,15.986655,13.044364,9.648468,6.5565476,5.141823,0.0,4.212366,6.9253407,8.989101,7.095744,11.634711,9.365372,13.790401,13.53018,9.010844,11.94181,11.530268,15.35514,20.380949,21.756037,24.380804,26.884506,29.674784,28.640532,25.308352,21.703882,23.235243,19.400806,17.916967,17.514202,15.621293,16.206741,13.720023,16.951115,17.391144,15.87212,13.05916,14.584293,10.992972,15.217812,15.506307,19.073057,18.626225,21.275824,25.416872,24.893967,21.38107,25.52958,23.397009,23.079752,26.263004,22.522757,25.339792,23.8407,23.976307,20.590815,15.812704,16.416586,14.355453,15.061208,16.374514,13.0010805,16.795616,17.434181,19.611391,22.899773,21.791143,17.878284,19.908031,16.010456,14.874101,10.874809,12.116118,7.4042096,10.463629,11.521949,14.569474,16.74696,19.35245,22.270876,24.645765,24.124735,24.941124,23.748322,26.915478,24.173906,29.975105,26.209064,31.29136,34.192287,33.024197,29.659761,31.256165,24.889236,27.355335,24.22716,26.539598
20,15.0665655,10.8972645,13.65026,9.472593,10.596821,14.267101,13.520881,19.288391,18.817421,23.200369,24.026054,27.29912,25.272707,22.486246,19.514072,16.365732,12.761927,10.236105,6.847858,4.212366,0.0,4.8011303,5.3781233,5.480704,10.399498,10.016404,14.376637,14.526788,11.899378,14.264326,14.960627,17.839458,23.845608,24.654547,27.610453,30.136257,32.641296,31.634533,27.9846,24.105207,26.181324,21.76579,20.955082,19.737753,18.782671,18.424118,16.056993,18.961727,19.256084,18.211216,15.984211,17.48677,13.967937,18.660078,19.292366,23.047934,22.418272,24.85604,29.134518,28.190668,24.527008,28.346771,26.340122,25.468578,28.802488,24.416311,27.079977,25.228933,24.699282,21.002937,16.479784,15.967768,14.673644,13.508574,16.232859,12.521718,16.648464,18.170046,20.456,23.922703,23.38305,19.569477,22.3508,18.421082,16.690592,13.333859,13.3612385,7.8306,10.736701,10.569634,14.045057,15.170615,17.894655,21.17787,23.42887,22.735147,23.87485,22.470032,26.577938,23.583796,29.958187,26.445894,31.517574,34.601257,33.555786,30.115599,32.252796,25.841751,28.380726,25.699015,27.950092
21,10.840121,6.972889,11.062133,8.438227,10.633426,14.458645,15.16736,20.597578,21.303808,25.395815,26.846977,29.596926,27.027723,24.567429,20.874094,18.685892,14.033917,12.660018,8.208445,6.9253407,4.8011303,0.0,5.3494844,8.154439,10.550541,10.108587,15.566102,16.861135,14.689265,17.956734,18.151697,21.984196,27.268251,28.614883,31.300474,33.78898,36.57818,35.512764,32.120827,28.391975,29.948719,25.692188,24.339542,23.118925,21.425974,20.476889,17.399323,19.734406,19.228163,17.782192,16.032955,16.449429,12.691633,17.638165,19.473005,23.518929,23.665253,25.657661,30.303799,29.46402,25.85632,30.294863,28.907688,28.291965,32.1848,27.975483,30.913883,29.386583,28.92138,24.882246,20.549084,20.343515,19.373924,17.994518,20.96808,17.048248,20.920553,22.403027,24.36518,27.895487,26.980156,23.292704,26.182295,22.347227,21.114271,17.336914,18.017553,12.34833,14.764627,13.912833,16.670242,17.426413,19.420635,22.655409,25.428211,25.242949,26.928156,25.84325,30.331974,27.820227,34.23696,31.030937,36.096718,39.193596,38.28534,34.86157,37.02062,30.608225,33.097885,30.284666,32.401623
22,15.457657,11.940992,16.052109,13.179442,14.495641,18.77752,18.100813,24.153149,23.891869,28.160673,29.285563,32.530056,30.505472,27.819542,24.64992,21.699078,17.859112,15.431698,11.816899,8.989101,5.3781233,5.3494844,0.0,5.4027123,7.667236,9.678946,13.632684,14.849287,14.799901,17.216057,18.833368,21.640457,28.205257,29.229893,31.949972,34.772167,36.990025,35.672237,32.0468,28.040962,29.838264,24.788494,24.261938,21.956366,21.59325,19.664371,17.230415,19.35602,19.24769,18.842592,17.613756,19.077154,16.233242,21.358147,22.187902,26.258194,25.3644,27.24141,31.81037,30.202,26.407103,29.989548,28.607893,27.213264,31.208878,26.280272,29.023668,27.265429,26.15922,21.81258,18.006454,17.123873,17.261793,14.97713,19.429926,16.127731,20.496315,22.568262,25.02259,28.48946,28.347889,24.576454,27.395151,23.430304,21.196047,18.315004,17.05585,10.915408,12.383063,10.35288,13.107805,12.90317,15.026005,18.485102,20.947937,20.573397,22.453829,21.317709,26.435051,24.082836,30.761011,28.138613,33.0851,36.294403,35.791336,32.417175,35.362732,29.051714,32.002563,29.780605,32.24789
23,17.697763,13.870826,16.58774,13.094263,12.950454,17.573133,15.207323,21.701942,20.700296,24.846895,26.195137,29.592175,28.204807,25.678648,22.84138,19.52516,16.705965,13.150845,11.651653,7.095744,5.480704,8.154439,5.4027123,0.0,5.999655,6.8856673,9.60381,9.854533,9.915026,11.991537,14.1474495,16.824059,23.616634,24.949846,27.296936,30.401157,32.383892,30.795197,27.321571,23.35894,24.757776,19.541298,19.098776,16.562458,16.552237,14.71041,12.794579,15.327665,15.947537,15.924532,14.417132,16.952587,14.806682,19.604214,19.14574,22.966856,21.252203,23.269539,27.558199,25.72928,21.91185,25.049007,23.418367,21.908949,25.814713,20.897917,23.701008,22.107908,21.274977,16.927393,12.941139,12.977543,13.0691,12.645581,16.633518,14.215347,18.842398,20.405785,23.230555,26.445711,26.340736,22.382162,24.262077,20.25188,17.647858,15.07374,12.919628,6.5610514,7.296545,5.7926745,8.72258,9.955755,12.55553,15.74624,18.080696,17.63237,18.992065,18.006847,22.239075,20.204388,26.475777,23.86315,28.857212,31.966824,31.617416,28.32832,31.286667,25.030565,28.372406,26.115435,29.019365
24,17.55728,14.680893,17.756142,15.854793,15.51949,20.764137,18.49842,25.111273,24.772135,28.47668,30.749014,33.75874,32.345417,30.262066,26.907522,24.21833,21.016432,17.692774,16.218243,11.634711,10.399498,10.550541,7.667236,5.999655,0.0,4.9962487,6.8011413,9.411124,12.40149,15.132854,17.411476,20.871254,27.156736,29.385136,30.99141,34.42822,36.31202,34.253128,31.257017,27.497852,27.79748,22.406261,21.598434,18.229044,18.029879,14.223516,11.913382,13.023244,12.874169,13.61586,13.585349,15.928883,15.088248,19.940096,19.601011,23.647152,21.820053,22.903574,27.509281,25.001633,21.201794,24.35175,23.887222,22.200146,27.151709,22.247995,25.38774,24.498585,23.597559,18.605993,15.691353,16.56539,17.75327,17.604176,22.177006,20.128084,24.789965,26.31786,29.176285,32.343884,32.13313,28.1366,29.597124,25.613214,23.04925,20.435585,18.060265,11.952466,11.139085,8.396373,8.451114,8.991127,9.68138,12.49466,15.781313,16.465837,18.755875,18.717411,23.227728,22.744774,28.63716,27.169523,31.92359,34.969982,35.306477,32.230137,35.698677,29.671957,33.423176,31.304314,34.47189
25,15.380881,12.473352,14.252712,12.593566,11.445238,16.809193,14.302718,20.81827,20.92479,24.30693,27.203415,29.822758,28.379745,26.679604,23.060513,20.87295,17.760117,14.501733,14.0495615,9.365372,10.016404,10.108587,9.678946,6.8856673,4.9962487,0.0,6.024696,8.400281,9.061172,12.913259,14.015794,18.68575,23.798454,26.687004,27.927498,31.290255,33.557796,31.50914,28.879015,25.428308,25.100609,20.378832,18.644056,16.189604,14.544097,11.4944,8.259127,9.914079,9.627108,9.392936,8.740533,11.151544,10.462514,15.104695,14.615933,18.702047,17.210787,18.378574,23.116735,21.099453,17.339237,21.339325,20.864813,19.974258,24.946024,20.83712,24.266222,23.780392,23.70024,19.086666,15.603914,17.588848,17.697626,18.994478,22.220188,20.055914,24.47552,25.32562,27.98871,31.064692,30.267017,26.250332,27.180195,23.295128,21.379574,18.193014,16.997599,11.331993,11.071092,10.023168,10.237304,12.474869,13.357868,15.59966,18.930063,19.67403,21.41036,21.4252,24.821583,24.299812,29.696096,27.696306,32.55225,35.428223,35.480186,32.41604,35.18695,29.12096,32.674984,30.037008,33.148693
26,21.26263,18.494358,19.928545,18.06928,16.24297,21.387684,17.531628,24.02368,23.198446,26.249636,29.166126,31.98211,31.343363,29.764153,26.728155,24.150747,22.118908,18.182653,18.873058,13.790401,14.376637,15.566102,13.632684,9.60381,6.8011413,6.024696,0.0,4.1072726,9.525512,11.833067,14.3703785,17.960417,23.490866,26.584942,27.187973,30.990702,32.551346,29.983574,27.62865,24.300158,23.292835,18.035475,16.93823,13.048222,12.985173,7.923663,6.483013,7.0948896,8.15617,10.157902,10.558705,14.226378,15.10138,18.857176,16.769337,20.232143,17.235323,17.939528,22.138016,19.008167,15.256449,17.745956,17.647778,15.863439,21.296019,16.797874,20.229778,20.196394,19.95598,15.058761,12.832432,15.692968,16.927753,19.170683,22.683725,21.737219,26.209711,27.00607,30.02554,32.76659,32.4391,28.438366,28.571371,24.831984,22.245161,20.096891,17.23686,12.540845,10.280699,8.961631,6.6905413,9.6268425,9.695947,10.935683,14.172453,15.324472,16.921524,17.624907,20.310375,21.097958,25.759634,24.787325,29.285849,32.01777,32.761227,30.005856,33.386955,27.785763,31.927393,29.798037,33.39738
27,23.548893,20.342226,21.325254,18.65984,16.46277,21.158234,16.492989,22.847422,21.174948,24.230534,26.714397,29.79935,29.634003,27.951548,25.507263,22.496372,21.344267,17.002264,18.604605,13.53018,14.526788,16.861135,14.849287,9.854533,9.411124,8.400281,4.1072726,0.0,7.417123,8.3217125,11.662587,14.31342,20.281183,23.091425,23.701605,27.576431,28.85846,26.26838,23.80213,20.444695,19.593672,14.084299,13.487466,9.226874,10.286026,5.949623,6.3089137,8.15017,10.389785,12.160094,11.623222,15.8288965,16.418577,19.789337,16.902012,19.895895,16.248922,17.517548,21.161133,18.1067,14.38012,16.069944,15.035166,12.901557,17.821184,13.013535,16.367767,16.157866,16.074074,11.403134,8.991853,12.529974,13.599088,16.879711,19.747337,19.4623,23.732523,24.293205,27.415533,29.909365,29.784378,25.859625,25.572945,21.968832,19.120003,17.577854,14.06854,10.4699955,7.5333447,7.4782505,5.3757505,9.465094,10.568443,11.705281,13.996251,14.436278,15.136833,15.561457,17.357649,17.87282,22.250177,20.993004,25.50289,28.175995,28.82406,26.105715,29.392914,23.908175,28.142328,26.122993,29.860447
28,20.694677,17.181238,16.809584,13.460825,10.624497,14.488294,9.286767,15.542512,13.84882,17.114677,19.653177,22.626736,22.240969,20.594198,18.147991,15.253978,14.565748,10.204216,13.310911,9.010844,11.899378,14.689265,14.799901,9.915026,12.40149,9.061172,9.525512,7.417123,0.0,4.736159,5.1024942,10.027872,14.846241,17.815361,18.88247,22.31207,24.499426,22.506767,19.914003,16.664469,16.240122,12.045892,9.984373,9.022155,6.9133325,7.858816,6.7645645,10.514816,12.36915,11.900184,9.173504,12.936298,12.238363,15.009583,12.111899,14.938431,12.175142,14.77551,18.39554,17.059258,13.484127,16.772446,14.4821,14.112901,17.656624,14.266616,17.491737,16.951893,17.945528,14.706592,10.487489,13.824999,12.245668,16.430534,17.108175,16.106825,19.813921,19.557741,22.255009,24.75306,23.848415,19.929268,19.48105,15.880528,14.097627,11.4719305,10.463874,7.8970323,7.720141,10.202915,11.144553,15.029751,17.116508,18.882626,21.01289,20.842836,20.984865,20.557465,21.785992,20.571577,24.935427,21.907402,26.71389,29.269846,28.79363,25.838947,27.659885,21.803677,25.197168,22.235968,25.51451
29,25.074743,21.347063,21.109928,17.240347,14.590914,17.660784,12.077111,17.500809,14.387966,17.567768,19.084528,22.574995,22.990086,21.12127,19.770569,16.18282,16.82294,12.256868,15.8495035,11.94181,14.264326,17.956734,17.216057,11.991537,15.132854,12.913259,11.833067,8.3217125,4.736159,0.0,4.882791,6.1386805,12.720607,14.86444,16.076818,19.710989,21.233154,19.149965,16.191475,12.6747265,12.843038,7.83682,7.293325,5.9081817,6.7674785,8.833203,9.823051,13.237351,15.744615,15.952802,13.511603,17.459723,16.869028,19.271467,15.816971,17.846882,14.291626,17.078966,19.734364,18.198349,14.941468,16.582882,13.286681,12.229833,14.59366,10.730739,13.492587,12.475019,13.58362,11.106054,6.861237,10.691179,8.84454,14.417881,14.320869,14.616006,17.979952,17.55449,20.505524,22.593954,22.275301,18.521505,17.474632,14.109639,11.496139,10.490465,7.555835,7.6996107,6.5598397,10.124183,11.089781,14.992799,17.495779,19.013367,20.273916,19.52112,18.839025,18.14924,18.371552,16.82257,20.693367,17.401594,22.135347,24.618254,24.10502,21.21575,23.11765,17.416695,21.10947,18.492636,22.116117
30,23.649895,20.152176,18.773172,15.133996,11.971699,14.064908,8.0870285,12.854751,9.918696,12.879034,15.155424,18.216381,18.515709,17.046522,15.51951,12.522398,13.695156,9.574897,14.434259,11.530268,14.960627,18.151697,18.833368,14.1474495,17.411476,14.015794,14.3703785,11.662587,5.1024942,4.882791,0.0,6.586439,9.840652,13.015572,13.990779,17.276897,19.711105,17.963638,15.483383,12.620814,12.147903,9.407382,6.661538,8.645916,5.8510776,10.4369755,10.461936,14.035832,16.135021,15.293079,12.121362,15.405359,14.573577,15.990658,12.431131,13.970817,11.162507,14.553785,17.075035,16.737053,13.828761,16.645681,13.251431,13.760477,15.636582,13.542575,16.25799,15.724899,17.5875,15.776892,11.661518,15.0974865,12.270644,17.618969,16.28,15.885608,18.621836,17.425535,19.819712,21.82297,20.59848,16.945057,15.3853035,12.243049,11.231881,9.028555,9.467841,10.086691,10.545506,14.005949,15.251756,19.18153,21.537775,23.120653,24.768715,24.23903,23.693565,23.017363,23.066696,21.343143,24.846077,21.06761,25.644657,27.878141,26.86283,24.042738,24.813437,19.248709,22.148207,18.77497,21.91704
31,29.12408,25.289885,24.457922,20.153458,17.585892,19.043282,13.545443,17.073044,12.51965,15.313035,15.294861,19.204538,20.521046,18.548008,18.713043,14.770446,17.332413,13.305584,17.836693,15.35514,17.839458,21.984196,21.640457,16.824059,20.871254,18.68575,17.960417,14.31342,10.027872,6.1386805,6.586439,0.0,8.5809965,9.031684,11.013399,14.342878,15.65596,14.115607,10.512465,6.768237,8.81399,5.5917444,6.507122,8.472061,9.713193,13.994274,15.417297,18.770271,21.358786,21.224766,18.380348,21.914911,20.914177,22.491594,18.882294,19.87004,16.571983,19.865332,21.338514,20.734047,18.225328,19.055334,14.67033,14.2170105,13.862102,11.460883,12.829057,11.18246,13.112075,13.034195,9.515914,12.210489,8.753794,15.204172,12.348243,13.814586,15.707232,14.249656,16.919651,18.24824,18.051262,14.794266,12.516321,9.916888,7.5059395,8.561504,6.523124,10.948245,10.909847,14.884488,16.408186,19.930069,22.783754,24.246998,24.851067,23.531778,22.042078,20.862003,19.80619,17.180433,19.952415,15.42102,19.795992,21.90018,20.48112,17.685078,18.230646,12.758595,15.87282,12.900924,16.536512
32,32.002335,28.730766,26.33025,22.881958,19.742954,19.483635,14.285304,14.570549,10.056162,10.031767,10.948244,13.488948,16.200657,15.7394285,16.827576,14.636651,18.725252,16.074585,21.779745,20.380949,23.845608,27.268251,28.205257,23.616634,27.156736,23.798454,23.490866,20.281183,14.846241,12.720607,9.840652,8.5809965,0.0,6.045915,4.549756,7.741473,10.52998,9.228113,8.120736,8.072265,6.233454,9.681272,7.639096,13.054904,11.41298,17.578434,18.86295,21.79662,24.16634,23.314564,20.268648,22.975769,22.549185,22.12739,17.994816,17.063337,14.466746,17.852781,17.58939,18.77888,17.65095,18.587029,14.082777,15.893514,13.920323,15.238246,16.268885,16.217035,19.438868,20.262318,17.503927,20.745312,17.249887,23.46673,19.549013,20.622488,21.359936,18.669493,20.136574,20.556711,19.01902,16.763763,12.224435,11.700107,12.554988,12.845962,14.443948,18.381346,18.774006,22.650816,23.720654,27.629595,30.054878,31.15895,32.07916,31.194504,29.672808,28.887419,26.844616,24.959263,26.227146,21.900589,25.299536,26.55283,24.796364,22.742472,21.258425,17.47808,19.08188,15.472336,18.086397
33,34.55538,30.952696,29.03969,24.898098,22.39915,21.6892,17.163618,17.193785,11.938128,12.737726,10.366877,13.978259,16.901333,15.531839,17.98125,14.91314,19.670288,17.275467,22.483547,21.756037,24.654547,28.614883,29.229893,24.949846,29.385136,26.687004,26.584942,23.091425,17.815361,14.86444,13.015572,9.031684,6.045915,0.0,5.133209,6.180643,8.277301,8.827509,5.5077996,5.3551183,8.500774,11.403896,11.647331,16.052477,15.983993,21.661673,22.992426,26.235054,28.684109,27.933477,24.72481,27.479177,26.25236,26.443876,22.93747,22.453653,20.166912,23.677639,23.631931,24.61126,23.222012,23.773558,19.007523,19.913797,17.101105,17.58795,17.674856,16.433224,19.133793,20.88272,18.169407,20.089964,16.08985,21.77778,16.542494,18.302645,17.86485,14.765175,15.89011,15.577327,14.642594,13.090443,7.93268,8.709836,9.738519,11.904264,13.424336,18.841589,19.675613,23.68101,25.43646,28.88345,31.80732,33.210182,33.6279,32.141262,30.24222,28.878416,26.809435,23.732317,24.9198,19.720413,22.829508,23.984118,21.335653,19.247562,16.712357,13.216416,13.721285,9.903104,12.14155
34,36.432316,33.08363,30.751461,27.15604,24.150364,23.642675,18.675064,18.39899,13.710179,13.11675,12.586571,14.925935,18.455858,18.097437,20.152508,17.93624,22.520094,20.035353,25.626146,24.380804,27.610453,31.300474,31.949972,27.296936,30.99141,27.927498,27.187973,23.701605,18.88247,16.076818,13.990779,11.013399,4.549756,5.133209,0.0,4.2067,6.0089326,5.0534844,4.914038,7.2123837,5.780539,11.120539,10.593973,15.602594,15.148022,21.05564,22.826698,25.61493,28.167727,27.5707,24.658558,27.463175,27.095867,26.601122,22.40364,21.154734,18.4407,21.565737,20.543804,21.72031,21.032988,20.890312,16.204353,17.79463,14.224691,16.427828,16.43776,16.348114,19.772903,21.715082,19.668205,22.579788,19.15666,25.440056,20.854147,22.703455,22.751047,19.798285,20.998838,20.65082,19.518911,18.012087,12.745701,13.402945,14.24474,15.775845,16.817043,21.641699,21.827486,25.757902,26.770042,30.538286,33.034557,33.96418,34.439888,33.310093,31.346434,30.471134,27.605097,25.636732,25.855095,21.483242,24.130402,24.875095,22.843445,21.27652,18.856747,16.324995,17.33455,14.159995,16.526573
35,38.612297,35.330864,32.732174,29.144129,26.359468,25.052664,20.770086,19.269764,14.711785,13.436599,11.620955,13.416521,17.496155,17.40343,20.371794,18.580738,23.69459,21.890488,27.430647,26.884506,30.136257,33.78898,34.772167,30.401157,34.42822,31.290255,30.990702,27.576431,22.31207,19.710989,17.276897,14.342878,7.741473,6.180643,4.2067,0.0,4.575536,6.387525,6.938878,9.898679,9.874678,15.141141,14.670419,19.72907,19.008339,25.05439,26.573414,29.44929,31.868742,30.991638,27.90479,30.346146,29.653896,28.839916,25.028906,23.476606,21.473917,24.646946,23.360193,25.124744,24.66498,24.744478,20.178001,21.955969,18.153805,20.543093,20.29892,19.986584,23.264809,25.488777,23.324087,25.773829,22.03179,27.913721,22.651047,24.412457,23.698864,20.354038,20.888287,19.957788,18.533367,17.86474,12.214249,14.063007,15.844478,17.522465,19.464016,24.577787,25.201132,29.188995,30.519753,34.19831,36.851353,37.930214,38.380108,37.11471,35.090004,34.01958,31.180399,28.769634,28.867508,24.166346,26.489841,26.995031,24.43609,23.06227,19.589544,17.790085,17.632242,14.389319,15.7257
