,0,1,2,3,4,5,6,7,8,9,10,11,12,13,14,15,16,17,18,19,20,21,22,23,24,25,26,27,28,29,30,31,32,33,34,35,36,37,38,39,40,41,42,43,44,45,46,47,48,49,50,51,52,53,54,55,56,57,58,59,60,61,62,63,64,65,66,67,68,69,70,71,72,73,74,75,76,77,78,79,80,81,82,83,84,85,86,87,88,89,90,91,92,93,94,95,96,97,98,99,100,101,102,103,104,105,106,107,108,109,110,111
0,0.0,4.411554,7.2128973,7.8023953,11.073679,12.579482,15.846601,18.9827,20.89209,24.22053,26.501282,27.365116,31.02321,29.697302,33.169006,30.687162,35.22642,33.240063,37.552017,37.61211,39.053505,43.228672,42.089138,45.972748,44.40057,43.685287,40.142258,37.7514,34.807755,33.89275,30.724422,33.136337,27.451061,33.51342,29.512325,31.727612,33.13281,30.294044,33.085583,34.098618,28.04874,29.874544,26.461502,27.783813,32.60787,32.2867,34.531776,36.59628,36.33501,36.46146,35.091366,37.95662,39.593388,37.666428,33.04085,30.381996,27.208645,26.268385,22.505758,24.135689,23.646292,28.174297,30.826176,32.615837,38.609367,37.715096,41.498867,41.572628,46.028713,44.517483,39.506767,38.077854,34.468193,33.302605,28.436966,26.25384,23.392378,19.920578,17.57137,15.652014,13.161366,16.501873,16.030508,19.703276,23.671892,24.492071,29.510792,33.707302,36.75049,39.997925,41.89687,43.261208,44.201508,41.61128,37.567543,36.354374,31.618402,32.12723,27.111326,32.36981,33.631783,38.73367,39.807194,44.316322,47.07937,44.481007,41.68576,38.48174,34.142277,32.523308,28.127962,26.688814
1,4.411554,0.0,5.2531886,6.377149,8.573768,11.812238,13.95867,17.833683,19.805593,22.66673,25.760431,26.72952,29.93301,28.232765,31.308392,28.246246,32.594982,30.266869,34.380203,34.188484,35.3821,39.567463,38.13136,41.980328,40.278896,39.70122,35.973362,33.573402,31.002684,30.02158,27.120329,29.543833,24.511868,30.707722,26.859583,29.526167,30.790703,27.67758,30.143986,30.829985,24.74058,26.058548,22.812279,23.772959,28.384254,28.165417,30.269865,32.390266,32.19092,32.498714,31.318945,34.32835,36.208057,34.56066,29.721865,27.298313,23.782463,22.69228,19.168644,21.375082,20.563602,25.687738,27.950018,30.094296,35.80872,35.208805,39.03033,39.052624,43.249092,41.801918,36.69658,35.047832,31.710493,30.056551,25.80241,23.124636,20.750647,17.214178,14.881735,13.740231,10.375118,13.268846,13.536819,16.753057,21.035852,21.201508,26.685703,30.374063,33.49942,36.638412,38.615047,39.877518,41.113388,38.644978,34.72281,33.855503,29.001133,30.061192,25.37703,30.64782,31.461826,36.86615,37.498234,42.16609,44.93239,42.60669,39.81002,36.975513,32.289093,31.252083,26.699,25.896338
2,7.2128973,5.2531886,0.0,5.42649,6.557877,8.528978,12.185932,14.318258,17.411795,19.68933,22.574608,24.380665,27.369469,25.285713,28.745428,25.738218,30.08851,28.281214,32.002377,32.54155,33.583675,37.99732,36.606544,40.660812,39.57595,39.466827,35.828327,32.976967,30.140705,28.481058,25.707138,27.127867,21.288168,27.260017,22.986143,25.375303,26.351818,23.348974,26.29285,27.53061,21.30687,23.68931,20.66747,22.741224,27.470715,27.87678,30.229916,32.75348,33.129684,33.87948,32.756935,36.26692,38.002907,36.995396,32.139866,30.329361,26.233736,25.406082,22.25997,24.594753,23.077896,28.410376,29.976723,31.876575,37.36822,36.348633,40.342373,39.79615,44.00101,41.980434,36.613903,35.47386,32.05375,30.909225,26.897728,24.245235,22.652487,19.066328,17.471273,16.839529,13.202638,15.046313,13.80145,16.995392,21.197332,21.277561,26.515957,30.374636,33.13783,36.554005,38.007004,38.863983,40.01528,37.044117,33.2272,32.13701,27.55405,28.52892,24.312021,29.98222,31.134682,36.325657,37.214336,41.47388,43.94784,41.51318,38.95994,35.60915,31.527712,30.522783,26.019299,25.59877
3,7.8023953,6.377149,5.42649,0.0,3.6761487,5.858409,8.109541,11.782766,13.511179,16.604584,19.457022,20.383274,23.673079,22.124975,25.441042,22.89075,27.453121,25.62119,30.010885,30.32965,32.017685,36.183037,35.54425,39.496243,38.42277,37.696102,34.64219,32.025734,28.22224,27.252575,23.726892,26.127398,20.061075,26.081093,22.359587,24.58153,26.473845,23.800825,26.207722,27.08713,21.407133,23.420088,19.599522,21.61363,27.018444,26.619925,29.451218,31.669373,31.909494,32.18936,30.529549,33.954975,35.086502,33.926983,29.442362,27.707617,23.75145,23.573486,20.173735,21.55292,19.95983,24.621628,26.318382,27.715733,33.482143,32.070312,36.05285,35.52991,40.018143,37.97701,32.759357,31.80194,28.050308,27.528236,22.722591,20.696825,18.63835,15.105958,13.833773,12.812192,9.887214,11.813767,9.429679,13.209022,17.045311,18.034315,22.677698,27.208187,29.94122,33.44842,34.945034,36.151237,36.89911,34.06989,30.02739,28.697071,24.051493,24.56977,19.834183,25.359573,26.711384,31.776947,32.916004,37.199535,39.80294,37.221603,34.548683,31.23125,27.033573,25.70446,21.219034,20.443676
4,11.073679,8.573768,6.557877,3.6761487,0.0,5.425194,5.858304,9.896304,11.845989,14.215981,17.820126,19.021528,21.76229,19.787306,22.829172,19.81594,24.260332,22.326603,26.527996,26.90321,28.459187,32.692436,31.992851,35.98906,35.084167,34.543343,31.516008,28.743664,24.893753,23.707071,20.274155,22.466768,16.5323,22.640558,19.011328,21.523296,23.396112,20.601957,22.752764,23.474497,17.829454,19.775532,15.953723,18.221342,23.68741,23.471592,26.418823,28.787254,29.314949,29.837576,28.256676,31.976406,33.108868,32.436073,27.904987,26.67521,22.29858,22.271856,19.29973,20.946596,18.797642,23.782623,24.82708,26.294994,31.710752,30.302694,34.357864,33.554367,37.856716,35.627033,30.255327,29.37663,25.78141,25.200815,20.953972,18.657299,17.407581,13.953392,13.260745,13.179886,9.875352,10.513768,7.733658,10.936846,14.882875,15.369085,20.16038,24.434755,27.055338,30.611979,31.945591,32.954597,33.840977,30.921688,26.980766,25.819324,21.16675,22.091438,17.845028,23.482391,24.593933,29.786297,30.681952,34.919678,37.420605,35.013103,32.429146,29.24897,24.998503,24.186697,19.642223,19.620998
5,12.579482,11.812238,8.528978,5.858409,5.425194,0.0,6.293505,6.4294324,9.3663225,12.081962,14.251395,16.013445,19.239178,17.528378,21.461315,19.514997,24.165665,23.221811,27.384718,28.631916,30.48416,34.71625,34.602055,38.682793,38.408466,37.9395,35.362644,32.398987,27.85242,26.428612,22.752615,24.255255,16.94289,22.417242,18.491936,19.969194,22.113474,19.992432,22.733976,24.22329,18.954962,22.214214,18.41022,21.7878,27.435747,27.388815,30.638363,33.09828,33.897877,34.433117,32.640648,36.46483,37.137833,36.608658,32.392067,31.328554,27.023643,27.331467,24.312935,25.413292,23.232231,27.562887,28.530798,29.33402,34.81,32.710476,36.78758,35.591927,40.17305,37.429554,32.082737,31.933043,27.989525,28.501587,23.759604,22.246708,20.975447,17.746851,17.478184,16.857971,14.368622,15.124815,10.87974,14.271121,17.289642,18.665771,22.269693,27.255926,29.397423,33.224724,34.024086,34.87867,35.230625,31.826641,27.86134,26.023453,21.900871,21.860655,17.634754,23.46501,25.463903,29.959578,31.645267,35.272793,37.508907,34.677734,32.319927,28.257105,25.047028,23.495792,19.29715,18.812319
6,15.846601,13.95867,12.185932,8.109541,5.858304,6.293505,0.0,6.744811,6.521499,9.242757,13.097216,13.595134,16.217546,14.57721,17.4578,15.025015,19.666134,18.09195,22.820185,23.412554,25.673788,29.632034,29.949175,33.849663,33.418247,32.471977,30.333101,27.636248,22.495277,21.775486,17.58433,20.269897,13.865849,19.530819,16.690466,18.736416,21.601503,19.458323,20.934496,21.421005,16.892385,18.84267,14.412457,17.26677,23.26868,22.49767,26.058136,28.224648,28.991829,29.269354,27.175938,31.03307,31.318054,31.037468,27.108269,26.542648,22.151548,23.049267,20.38993,20.990639,18.356693,22.350328,22.789003,23.393097,28.67916,26.513811,30.60942,29.350895,33.885826,31.200516,25.863255,25.65435,21.698532,22.368345,17.649576,16.33616,15.52111,12.655207,13.315754,13.515335,11.587705,10.936566,5.7142677,8.454906,11.049956,12.698545,15.997322,21.130222,23.301435,27.109821,28.046175,29.158392,29.47515,26.403173,22.307766,20.706917,16.230846,16.542505,12.158062,17.922445,19.465145,24.323217,25.635231,29.56596,31.988317,29.394096,26.862307,23.44464,19.457602,18.48979,14.021341,14.305273
7,18.9827,17.833683,14.318258,11.782766,9.896304,6.4294324,6.744811,0.0,5.145192,6.1351423,8.3798685,11.071748,13.529867,11.386603,15.617824,14.213139,18.788147,18.73097,22.642576,24.684177,26.792597,30.886015,31.497612,35.552593,36.067936,35.718624,33.85063,30.712378,25.353699,23.738905,19.925587,20.738283,12.671149,17.248236,13.730235,14.457093,17.355947,16.005959,18.361467,20.049744,15.923956,19.840458,16.094925,20.503975,26.210112,26.266151,29.91485,32.43331,33.762802,34.46506,32.520176,36.66027,36.776295,37.014103,33.224606,33.015133,28.45415,29.352821,26.914534,27.67283,24.888666,28.74131,28.740936,28.949928,33.809204,31.121456,35.187424,33.280846,37.762524,34.359325,28.995167,29.667091,25.739668,27.267534,23.004143,22.051888,21.858372,19.243773,20.058424,20.133327,18.102503,17.546373,12.4215555,14.538417,16.250992,17.791834,19.9497,25.071398,26.486303,30.50671,30.569517,31.074236,31.016258,27.158901,23.374853,21.137468,17.710453,17.241278,14.110491,19.886538,22.25307,26.11426,28.111551,31.04088,32.875843,29.974962,27.978872,23.472284,21.207066,19.88742,16.18535,16.632593
8,20.89209,19.805593,17.411795,13.511179,11.845989,9.3663225,6.521499,5.145192,0.0,4.5709963,6.896465,7.207765,10.168681,9.12435,12.846799,12.310623,17.002327,16.878311,21.573425,23.159058,25.981024,29.622242,31.032255,34.835484,35.2693,34.254604,33.035572,30.277098,24.132442,23.432108,18.979519,21.01242,13.729167,17.882545,15.659249,16.270449,20.000565,19.01805,20.331839,21.25335,18.122644,20.962679,16.706495,20.524971,26.500116,25.716488,29.642418,31.74585,32.88477,33.119442,30.731909,34.664467,34.158962,34.32555,31.063353,31.046265,26.806599,28.272942,25.880434,25.765802,22.985682,25.871235,25.777842,25.348251,30.234077,27.103565,31.086195,29.140442,33.8661,30.431747,25.302378,26.261402,22.041914,24.400608,19.547562,19.501305,19.161484,17.093395,18.502136,18.537436,17.53743,16.62866,11.033399,12.711809,13.1733885,15.774912,16.640608,22.411541,23.667448,27.696396,27.785412,28.706,28.163334,24.575647,20.557947,18.00737,14.605052,13.319605,9.476804,15.147407,17.885557,21.50646,23.84288,26.767952,28.770868,25.695295,23.531057,19.03854,16.62139,14.887457,11.220689,11.557611
9,24.22053,22.66673,19.68933,16.604584,14.215981,12.081962,9.242757,6.1351423,4.5709963,0.0,5.492829,7.4345927,8.22763,5.609793,9.494044,8.698367,13.246074,13.817501,17.903582,20.222534,22.874456,26.549744,28.11215,31.942509,32.953648,32.353928,31.366478,28.374878,22.141954,20.941727,16.825201,17.812107,10.279873,13.5919895,11.723102,11.990075,16.012657,15.4492235,16.367073,17.407095,15.121975,18.38901,14.608252,19.126762,24.761608,24.424559,28.39673,30.675184,32.277138,32.880844,30.689526,34.898937,34.361073,35.201748,32.012535,32.57145,28.051226,29.581036,27.710882,27.9203,24.762037,27.827848,26.961996,26.544348,30.709055,27.542517,31.485592,29.032503,33.37979,29.52154,24.285694,25.666462,21.82159,24.34626,20.59085,20.376184,21.10393,19.330946,21.089071,21.753626,20.405676,18.811216,13.622521,14.234324,14.264245,16.04206,16.35128,21.508406,22.223894,26.300438,25.808796,26.215216,25.681866,21.656784,17.95168,15.360084,12.581775,11.624272,9.832564,15.107068,17.594358,20.880896,23.010756,25.429594,27.029945,24.160484,22.382381,17.825083,16.111801,15.312696,12.238657,13.927089
10,26.501282,25.760431,22.574608,19.457022,17.820126,14.251395,13.097216,8.3798685,6.896465,5.492829,0.0,4.866564,6.4563556,5.6889534,10.614853,12.337738,16.188534,17.900696,21.569464,24.44311,27.266699,30.65225,32.71783,36.432377,37.826744,37.175346,36.546562,33.584984,27.145414,25.986528,21.947708,22.50893,14.893971,16.815388,15.100108,13.800603,17.868902,18.273977,19.63189,21.296442,19.561975,23.434793,19.934898,24.58042,30.127943,29.806372,33.810936,36.038544,37.640903,38.124184,35.77887,39.869396,39.001587,39.718575,36.800793,37.242245,32.94302,34.572643,32.462093,32.306385,29.363718,31.903566,31.284838,30.36473,34.594658,30.938374,34.712337,32.10106,36.634975,32.508232,27.666208,29.609554,25.597795,28.890827,24.656584,25.067707,25.341198,23.633148,25.284492,25.388918,24.407742,23.342293,17.829477,18.99572,18.702112,21.10248,20.639961,26.100351,26.453262,30.496834,29.642006,30.009775,28.86428,24.677105,21.230383,18.026134,16.36557,14.057695,12.537393,16.94683,20.322628,22.37889,25.411127,26.966429,28.202272,24.858076,23.452463,17.94247,17.962187,16.05857,14.0585165,14.767537
11,27.365116,26.72952,24.380665,20.383274,19.021528,16.013445,13.595134,11.071748,7.207765,7.4345927,4.866564,0.0,4.648094,6.603832,10.065244,12.701936,16.439064,17.819689,22.19489,24.373095,27.76393,30.711216,33.335464,36.794495,37.923473,36.627037,36.45949,33.89877,27.000277,26.707067,22.212109,23.973928,17.2425,19.250446,18.377855,17.514914,21.867828,22.132328,22.83045,23.768578,22.374619,25.261854,21.345493,25.270006,30.98778,29.935574,34.06263,35.897003,37.211636,37.235302,34.536713,38.324615,36.96352,37.462017,35.02241,35.48668,31.600084,33.606606,31.470558,30.594898,27.827332,29.459978,28.929094,27.45437,31.73301,27.729286,31.347498,28.829786,33.613815,29.59149,25.102928,27.218994,22.975494,26.922153,22.137085,23.35875,23.315683,22.086832,24.022957,23.96949,23.812782,22.696474,17.199005,18.133543,16.941109,20.13455,18.654081,24.558506,24.854385,28.795324,28.106264,28.967505,27.393473,23.653522,20.005117,16.580822,15.006366,11.750016,9.591648,13.259857,17.115494,18.728308,22.212267,23.775755,25.253742,21.660797,20.01981,14.4466095,14.464775,11.760199,10.261886,10.514482
12,31.02321,29.93301,27.369469,23.673079,21.76229,19.239178,16.217546,13.529867,10.168681,8.22763,6.4563556,4.648094,0.0,3.9961376,6.0759625,10.126775,12.947481,15.203036,18.983706,21.613129,25.059843,27.676666,30.790443,34.062294,35.710793,34.561615,34.898785,32.33925,25.26598,24.928137,20.732506,21.947649,16.04096,16.639801,16.873482,15.590875,20.152588,20.948456,20.862383,21.535221,21.399525,24.070532,20.62511,24.657074,29.948008,29.011124,33.1592,34.954018,36.59298,36.787792,34.16515,38.071564,36.480976,37.5972,35.433395,36.4802,32.490685,34.68372,33.04275,32.24199,29.182043,30.693895,29.421429,27.786219,31.258242,27.129232,30.592995,27.557497,31.954098,27.506517,23.143982,25.82351,21.979074,26.327845,22.536823,23.86113,24.71189,23.893076,26.215881,26.705992,26.444118,24.710062,19.52461,19.57178,17.775337,20.447208,18.02701,23.3141,22.94849,26.804436,25.505014,25.99911,24.151402,20.153954,16.921108,13.282173,12.926578,9.434607,9.834932,12.320502,15.912814,16.770258,20.169779,20.99367,22.01026,18.55524,17.38643,11.67134,12.905332,11.319403,10.880799,12.637775
13,29.697302,28.232765,25.285713,22.124975,19.787306,17.528378,14.57721,11.386603,9.12435,5.609793,5.6889534,6.603832,3.9961376,0.0,5.017725,7.3914514,10.709361,12.941322,16.40942,19.424986,22.455538,25.50236,28.0956,31.597013,33.324223,32.638397,32.567547,29.722038,22.971645,22.029713,18.108053,18.610548,12.253537,12.956047,12.882351,11.769128,16.335737,16.979511,16.943613,17.798998,17.522936,20.550861,17.339172,21.802917,26.972086,26.507538,30.578844,32.646034,34.503513,35.05507,32.721813,36.884132,35.73094,37.069542,34.503716,35.616207,31.277359,33.215824,31.719046,31.492632,28.225843,30.490187,29.033833,27.944296,31.349394,27.644396,31.293491,28.254114,32.402225,27.987175,23.185154,25.527567,21.907465,25.538372,22.326221,22.910027,24.181442,23.076994,25.300661,26.113728,25.252077,23.313667,18.275873,18.172277,16.95118,18.877934,17.3017,22.162926,21.938705,25.90064,24.599634,24.737385,23.450212,19.134226,15.907758,12.655928,11.77034,9.580548,10.277822,13.795862,16.669172,18.463272,21.104916,22.352312,23.376144,20.35903,19.163792,14.067831,14.2857065,13.696867,12.268295,14.591378
14,33.169006,31.308392,28.745428,25.441042,22.829172,21.461315,17.4578,15.617824,12.846799,9.494044,10.614853,10.065244,6.0759625,5.017725,0.0,5.4570684,6.9820013,9.838904,13.095599,15.947875,19.372417,21.785425,25.155733,28.28432,30.278786,29.354557,30.027792,27.477343,20.406563,20.028847,16.269815,17.077168,12.901862,12.253929,14.051039,13.314861,17.809761,18.590788,17.22699,17.039282,18.259724,20.055847,17.204609,21.00862,25.670187,24.855444,28.92893,30.678724,32.66409,33.13073,30.736725,34.807972,33.23209,35.0842,33.039665,34.74459,30.58221,32.8562,31.90092,31.417776,28.01346,29.70745,27.546343,26.139362,28.657475,24.840635,28.233301,24.797579,28.561867,23.874556,19.324713,22.19126,19.022942,23.16697,20.928293,21.915117,23.946617,23.533794,26.202087,27.482195,26.943937,24.418514,19.986956,18.864925,16.667925,18.256657,15.270112,19.391989,18.456398,22.214193,20.428726,20.458433,18.78875,14.465837,11.525161,8.059597,8.723641,6.4444785,9.951683,11.576405,13.794116,14.915802,17.206825,17.967258,18.759687,16.068434,15.132936,10.72203,11.376893,12.2090645,11.824417,15.223454
15,30.687162,28.246246,25.738218,22.89075,19.81594,19.514997,15.025015,14.213139,12.310623,8.698367,12.337738,12.701936,10.126775,7.3914514,5.4570684,0.0,4.755104,5.6309266,9.623164,12.130648,15.184621,18.34605,20.82075,24.3092,25.93619,25.34361,25.34821,22.54429,15.7458515,14.914271,11.133013,11.981507,8.182796,8.781734,10.502798,11.417924,15.482459,15.295618,13.538189,12.707846,13.493141,14.69088,11.801051,15.664127,20.328928,19.778202,23.813347,25.799013,27.91129,28.697525,26.611887,30.938095,29.957455,31.956049,29.408962,31.168934,26.672632,28.674414,27.976967,28.111015,24.508133,27.035006,24.677422,24.062193,26.58388,23.515287,27.161983,24.011662,27.50779,23.224554,18.03053,19.999454,17.115946,19.9826,18.515905,18.488329,21.081057,20.476732,23.061918,24.839201,23.761177,20.859415,17.070236,15.40293,13.795782,14.236894,12.475973,15.94511,15.525751,19.439016,18.115599,17.993345,17.454575,13.170547,9.837903,7.7656436,6.17764,7.149689,9.8802395,12.721666,13.628053,16.56429,17.518505,19.519655,20.755789,18.790668,17.409967,14.394857,12.636973,14.452969,12.615384,16.40106
16,35.22642,32.594982,30.08851,27.453121,24.260332,24.165665,19.666134,18.788147,17.002327,13.246074,16.188534,16.439064,12.947481,10.709361,6.9820013,4.755104,0.0,4.601075,6.1258597,9.544568,12.612126,15.06162,18.390217,21.480682,23.863415,23.47672,24.282585,21.643538,14.95989,14.22558,11.524254,11.3505,10.592836,8.400948,12.152337,12.684471,16.271353,16.661674,13.705405,12.072985,15.031837,15.370544,13.695864,16.93652,20.473131,20.04476,23.85207,25.631811,28.078209,29.022938,27.114775,31.378765,30.125889,32.797955,30.720194,33.070976,28.725737,30.871782,30.73448,30.845848,27.17327,29.323145,26.306547,25.52421,26.934738,23.937416,27.19022,23.60103,26.36777,21.769361,17.02197,19.548218,17.563454,20.618937,20.55172,20.702127,23.973297,23.863495,26.638235,28.715113,27.733728,24.52448,21.27732,19.08081,17.012001,16.864965,14.130487,16.02225,14.56542,18.023033,15.784629,14.945753,14.183053,9.474932,7.3334327,5.990641,7.33873,8.82219,13.355888,14.457334,14.587491,16.46865,16.80386,17.881824,18.494516,17.21281,16.48799,14.465698,13.691918,16.491089,15.704492,19.831453
17,33.240063,30.266869,28.281214,25.62119,22.326603,23.221811,18.09195,18.73097,16.878311,13.817501,17.900696,17.819689,15.203036,12.941322,9.838904,5.6309266,4.601075,0.0,5.6891265,6.593889,10.072613,12.985721,15.728374,18.997297,20.54261,19.829731,20.261068,17.712185,10.708433,10.556145,7.2172723,9.001925,9.872307,9.834551,12.878067,14.786523,17.985378,17.365173,14.364182,11.862218,13.898348,12.692356,10.636496,12.886467,16.573217,15.664834,19.579319,21.265167,23.58124,24.467497,22.569159,26.893534,25.877071,28.536076,26.283821,28.706604,24.335281,26.470049,26.57302,26.808666,23.095167,25.430391,22.249268,21.895355,23.302198,20.833553,24.242445,21.013588,23.732533,19.640686,14.420002,16.086775,14.255496,16.435417,16.942423,16.619658,20.287933,20.355082,23.165852,25.583256,24.600002,21.097225,18.631248,15.836528,13.777559,12.872835,10.532975,11.794498,10.847335,14.50654,13.041843,12.669398,12.865403,8.98627,5.942737,6.361579,5.1144943,8.82804,12.4222765,13.745175,12.813598,16.086857,15.433465,17.826643,19.132317,18.234919,16.873903,15.883934,13.126792,16.453825,14.910936,19.163393
18,37.552017,34.380203,32.002377,30.010885,26.527996,27.384718,22.820185,22.642576,21.573425,17.903582,21.569464,22.19489,18.983706,16.40942,13.095599,9.623164,6.1258597,5.6891265,0.0,5.2135854,6.8897057,9.572121,12.523541,15.625684,18.46451,18.870676,19.682182,16.955523,11.332639,9.991088,9.4304695,7.638175,11.583323,8.703674,13.197925,14.802893,17.013117,16.894396,12.780787,9.561523,14.067976,12.556597,12.619145,14.73648,16.576725,16.726437,19.992691,21.786987,24.68458,26.15835,24.877571,29.201982,28.402138,31.746328,29.638351,32.47251,28.096268,29.990252,30.598356,31.286133,27.541327,30.072737,26.48922,26.372713,26.792154,24.760744,27.745518,24.285614,25.997349,21.84225,17.30474,19.100115,18.419876,20.006989,21.896076,21.225376,25.303185,25.398403,28.07519,30.695463,29.362925,25.775743,23.680103,20.8603,19.18264,17.572447,15.624261,15.071395,13.356247,16.045332,13.6179285,11.702959,12.480115,8.429715,8.192787,9.647416,10.575349,13.746319,17.952248,18.823559,17.672318,19.992603,18.86452,20.205215,20.683876,20.544298,19.965883,19.45646,17.879938,21.440868,20.38751,24.66599
19,37.61211,34.188484,32.54155,30.32965,26.90321,28.631916,23.412554,24.684177,23.159058,20.222534,24.44311,24.373095,21.613129,19.424986,15.947875,12.130648,9.544568,6.593889,5.2135854,0.0,4.3857665,6.5174847,9.771657,12.574114,14.437236,14.026819,15.235088,13.0759,6.952624,7.5925765,7.319427,8.491227,14.122217,13.106993,16.839758,19.179344,21.340286,20.528322,16.583794,12.826551,16.217749,12.772625,12.655362,12.698313,13.919847,13.02795,16.212908,17.462397,20.213118,21.458746,20.153584,24.324476,23.4397,27.0517,25.23236,28.430113,24.364681,26.42192,27.531174,28.06099,24.412182,26.562645,22.570984,22.662498,22.409088,20.992825,23.788544,20.612059,21.863909,18.268967,13.77076,14.804345,14.961258,15.703829,18.872124,18.092234,22.6246,23.269981,26.045933,28.983143,27.97024,24.106531,22.991585,19.545378,17.5428,15.323535,13.156035,10.803972,8.957919,11.204098,9.26625,7.659265,9.703806,7.3900824,7.2205133,10.282955,10.351239,14.394744,18.149708,18.354673,16.064657,18.9697,16.685747,18.915615,19.92238,20.382147,19.392374,20.233088,17.346937,21.482372,20.323595,24.65312
20,39.053505,35.3821,33.583675,32.017685,28.459187,30.48416,25.673788,26.792597,25.981024,22.874456,27.266699,27.76393,25.059843,22.455538,19.372417,15.184621,12.612126,10.072613,6.8897057,4.3857665,0.0,4.7010894,5.7946014,9.175461,11.646073,12.733776,13.322195,10.750645,7.155228,6.064928,8.642421,7.4480257,15.081652,13.6896515,17.310505,19.963976,21.209967,20.181349,15.922198,11.751478,15.675894,11.480691,12.968905,12.544676,11.956837,12.251923,14.6277485,16.157124,19.369734,21.285486,20.732132,24.924809,24.719675,28.59941,26.520327,29.788757,25.638506,27.249247,28.717096,29.87494,26.259192,28.972002,24.952663,25.63539,25.08068,24.346556,26.982729,24.06699,24.723713,21.587696,17.452572,17.862066,18.57133,18.154045,22.020563,20.534561,25.198198,25.638008,28.126976,31.243303,29.790178,25.920221,25.312017,21.901327,20.584747,17.67099,16.710566,13.579236,12.187461,13.587567,11.946021,9.609114,12.622317,10.917575,11.5316725,14.471284,14.371662,18.500214,21.96731,22.625925,20.317295,23.330679,20.853634,22.976276,23.764648,24.493593,23.671364,24.494036,21.690605,25.738125,24.314873,28.566406
21,43.228672,39.567463,37.99732,36.183037,32.692436,34.71625,29.632034,30.886015,29.622242,26.549744,30.65225,30.711216,27.676666,25.50236,21.785425,18.34605,15.06162,12.985721,9.572121,6.5174847,4.7010894,0.0,6.002971,6.9909997,10.383438,11.039919,13.524413,12.182246,9.5582075,10.186782,12.516583,12.124413,19.483532,17.486832,21.567009,23.807825,25.151833,24.492268,20.051619,15.952329,20.326164,16.107979,17.5079,16.49892,15.210878,14.857663,16.639664,17.313282,20.388273,22.011093,21.491867,25.16884,24.418152,28.806578,27.543146,31.275509,27.650213,29.516068,31.363426,32.12264,28.658367,30.567074,26.143034,26.46742,24.78288,24.208843,26.230812,23.159927,22.88148,19.879435,16.782675,17.466711,19.146204,18.996206,23.715967,22.777925,27.595922,28.547558,31.210836,34.381947,33.32098,29.35805,28.934944,25.306654,23.417904,20.71782,18.720709,14.662921,12.382341,12.525716,10.144683,6.961452,10.351021,10.159111,12.27714,15.7172165,16.668432,20.485523,24.518814,24.10347,21.357965,23.517149,20.475416,21.955162,22.373026,23.863441,23.421694,25.257345,22.855238,27.285042,26.522888,30.87725
22,42.089138,38.13136,36.606544,35.54425,31.992851,34.602055,29.949175,31.497612,31.032255,28.11215,32.71783,33.335464,30.790443,28.0956,25.155733,20.82075,18.390217,15.728374,12.523541,9.771657,5.7946014,6.002971,0.0,4.2691927,6.916753,9.992347,10.158143,8.08369,9.206709,8.2980385,12.594269,11.205896,19.580383,18.445368,21.631266,24.57275,25.041355,23.687885,19.471815,15.256532,18.835754,13.697874,16.319984,14.451082,11.211402,12.191811,12.855723,14.018339,17.497456,19.969526,20.378466,24.176458,24.631613,28.89551,26.914282,30.42445,26.607864,27.80044,29.941141,31.559158,28.183052,31.0288,26.856153,28.131233,26.787329,27.069084,29.273884,26.823961,26.528393,24.266085,20.836155,20.370106,22.037859,20.25932,25.286045,23.280909,28.086428,28.66188,30.870256,34.224995,32.609898,28.719501,29.065,25.514465,24.60161,21.054213,20.86572,16.46569,15.427403,15.521219,14.540741,12.093644,15.965783,15.616377,16.787956,20.024555,19.749365,24.0342,27.181,27.76371,25.018953,28.135225,25.056517,27.290531,28.041004,29.291908,28.51268,29.929964,26.82931,31.013493,29.471281,33.637074
23,45.972748,41.980328,40.660812,39.496243,35.98906,38.682793,33.849663,35.552593,34.835484,31.942509,36.432377,36.794495,34.062294,31.597013,28.28432,24.3092,21.480682,18.997297,15.625684,12.574114,9.175461,6.9909997,4.2691927,0.0,5.3643084,8.830166,10.568046,10.035576,12.161446,12.318618,16.313475,15.39874,23.716194,22.230072,25.701157,28.437462,28.904087,27.752031,23.415333,19.228136,23.081684,17.938421,20.477285,18.211164,14.520314,14.984153,14.925865,15.222383,18.468784,20.751316,21.404364,24.624737,24.845982,29.503345,28.163103,32.01336,28.689915,29.97222,32.485146,33.889862,30.691772,32.98417,28.548717,29.695038,27.44064,28.074474,29.743639,27.362133,26.213192,24.356155,21.812881,21.3044,23.724333,21.873928,27.584988,25.864725,30.758364,31.693876,33.967907,37.387817,36.020935,32.075592,32.674423,28.961971,27.734385,24.253012,23.52512,18.459637,17.018444,16.112005,14.999197,12.378389,16.337511,17.046618,18.96285,22.468164,22.719683,26.87264,30.311344,30.246902,27.179968,29.801931,26.302975,28.164906,28.685457,30.481955,29.936106,32.05341,29.133814,33.559444,32.392292,36.613174
24,44.40057,40.278896,39.57595,38.42277,35.084167,38.408466,33.418247,36.067936,35.2693,32.953648,37.826744,37.923473,35.710793,33.324223,30.278786,25.93619,23.863415,20.54261,18.46451,14.437236,11.646073,10.383438,6.916753,5.3643084,0.0,5.1223435,5.7686553,6.8367395,11.291126,12.49433,16.309977,16.942047,25.021454,24.830696,27.657288,30.899744,31.499096,29.776697,25.85637,21.664345,24.233591,18.374514,20.51864,16.921612,12.55589,12.244523,11.162234,10.644935,13.642794,15.971865,17.128658,20.023027,20.829334,25.420326,24.03739,27.913143,24.964417,26.036844,28.959032,30.485884,27.58725,29.841204,25.48911,27.186531,24.775282,26.286076,27.838303,26.174631,24.876085,23.967407,21.489689,19.846542,22.605354,19.452255,25.706617,23.591797,28.391647,29.511066,31.552565,35.08794,33.842945,29.939688,31.421162,27.576933,26.598726,22.758081,22.746618,17.041172,16.466696,15.042547,15.381017,13.875712,18.155222,19.460682,20.617577,24.219944,23.558596,27.948063,30.588142,30.626673,27.189245,30.462372,26.599283,29.32552,30.405268,32.152733,31.141363,33.55583,29.7091,34.071415,32.53697,36.515137
25,43.685287,39.70122,39.466827,37.696102,34.543343,37.9395,32.471977,35.718624,34.254604,32.353928,37.175346,36.627037,34.561615,32.638397,29.354557,25.34361,23.47672,19.829731,18.870676,14.026819,12.733776,11.039919,9.992347,8.830166,5.1223435,0.0,5.729477,8.244168,10.398183,13.457369,15.910615,18.349566,25.69819,25.991877,28.873138,32.062023,33.337887,31.636011,27.83784,23.654139,25.853725,20.024847,21.055386,17.06946,13.991898,11.8821335,11.481165,9.883745,12.044764,13.267057,13.724784,16.27941,16.288115,21.118538,20.426247,24.631407,22.18042,23.77299,26.774668,27.587013,24.852148,26.193598,21.599876,22.997713,19.988876,21.744726,22.995182,21.572973,20.024223,19.626657,17.607363,15.514988,18.811903,15.556613,22.284771,20.704088,25.475832,27.121845,29.365969,32.86161,32.20959,28.262257,29.888569,25.847828,24.296778,20.793665,20.017282,13.793697,13.201103,10.944649,12.124474,11.674283,15.780194,17.982561,18.887012,22.58623,21.843801,26.054562,28.51363,27.88402,24.07209,27.246208,23.023548,26.065691,27.461962,29.344345,28.126593,31.155697,26.938152,31.377563,30.093466,33.954456
26,40.142258,35.973362,35.828327,34.64219,31.516008,35.362644,30.333101,33.85063,33.035572,31.366478,36.546562,36.45949,34.898785,32.567547,30.027792,25.34821,24.282585,20.261068,19.682182,15.235088,13.322195,13.524413,10.158143,10.568046,5.7686553,5.729477,0.0,4.002748,9.650603,11.611799,14.629074,16.859797,24.034815,25.290833,27.297045,30.97271,31.808361,29.542358,26.222517,22.229486,23.282328,17.1107,18.48532,13.78734,9.574632,8.04568,6.2035055,4.9128923,7.9370403,10.505779,11.965707,15.123937,16.773117,20.861845,18.858961,22.505459,19.563076,20.414484,23.500189,25.228931,22.52455,25.080866,21.04391,23.394888,21.620409,23.690308,25.524694,24.545506,23.853569,23.518192,20.55398,17.887474,20.310541,15.910491,22.081575,19.408852,23.968939,25.069435,26.831491,30.41197,29.213535,25.415283,27.64123,23.808432,23.254862,19.129038,20.184496,14.515013,15.21837,14.107495,15.888179,15.567695,19.723278,20.88066,20.910498,24.277962,22.49142,26.989334,28.590548,29.075525,25.564777,29.680931,25.860926,29.55223,31.257061,32.57165,31.008945,33.227333,28.480932,32.527863,30.458689,34.0778
27,37.7514,33.573402,32.976967,32.025734,28.743664,32.398987,27.636248,30.712378,30.277098,28.374878,33.584984,33.89877,32.33925,29.722038,27.477343,22.54429,21.643538,17.712185,16.955523,13.0759,10.750645,12.182246,8.08369,10.035576,6.8367395,8.244168,4.002748,0.0,7.491199,8.087456,11.720904,13.1922455,20.46005,21.767221,23.564152,27.31894,27.965567,25.625324,22.373154,18.450127,19.383318,13.197654,14.962726,10.623506,6.0007253,5.7896757,4.9153795,6.1263733,9.709483,12.624142,13.673481,17.542847,19.209131,22.92725,20.254906,23.493767,19.811268,20.528214,23.110357,25.189743,22.15242,25.457174,21.654566,23.976492,23.107592,24.514578,26.861921,25.505056,25.508505,24.438807,20.730705,18.554321,20.196953,16.298752,21.646109,18.687359,23.263317,23.867395,25.608839,29.145493,27.52728,23.726206,25.496584,21.835625,21.638166,17.384306,18.95175,14.056987,14.844231,14.772485,16.029074,15.323965,19.393572,19.604183,19.333736,22.451756,20.463268,25.050344,26.637196,27.747995,24.64651,28.980488,25.625753,29.268549,30.906582,31.845074,30.290514,31.813072,27.243343,31.115488,28.790022,32.465126
28,34.807755,31.002684,30.140705,28.22224,24.893753,27.85242,22.495277,25.353699,24.132442,22.141954,27.145414,27.000277,25.26598,22.971645,20.406563,15.7458515,14.95989,10.708433,11.332639,6.952624,7.155228,9.5582075,9.206709,12.161446,11.291126,10.398183,9.650603,7.491199,0.0,4.8201,5.521311,9.502897,15.609157,16.968094,19.21354,22.591469,24.314484,22.415806,19.119715,15.290025,16.496878,11.238518,11.068534,8.089794,8.455755,6.276043,9.575965,10.777161,13.415256,14.858591,13.924462,18.344545,18.466898,21.91521,19.459076,22.63906,18.526009,20.24166,21.881706,22.953854,19.438276,22.20626,18.243067,19.542618,19.441107,19.432158,22.330666,20.260818,21.366884,19.20252,14.604812,13.352524,13.999711,11.859135,16.210508,14.115728,18.925549,19.654398,22.069227,25.397217,24.234388,20.23591,20.711727,16.877758,15.68791,12.093244,12.170583,8.005576,8.4536295,10.029482,10.801074,10.632606,13.899358,13.31905,12.192764,15.130714,13.032588,17.601677,19.534409,20.402185,17.474485,21.80012,18.869783,22.571817,24.358835,24.83839,23.157524,24.360212,19.849106,23.758198,21.657423,25.55326
29,33.89275,30.02158,28.481058,27.252575,23.707071,26.428612,21.775486,23.738905,23.432108,20.941727,25.986528,26.707067,24.928137,22.029713,20.028847,14.914271,14.22558,10.556145,9.991088,7.5925765,6.064928,10.186782,8.2980385,12.318618,12.49433,13.457369,11.611799,8.087456,4.8201,0.0,5.0051384,5.387557,12.655208,13.807262,15.746369,19.364874,20.43299,18.358368,14.994551,11.107432,12.420058,6.901396,8.246697,6.6481457,6.6196003,7.393964,10.309565,12.702861,15.783714,17.973705,17.593948,22.152678,22.873142,26.068516,23.031963,25.737309,21.176521,22.320068,23.616264,25.395113,21.78505,25.484474,22.002987,23.515985,24.044613,23.796162,26.900583,24.679064,26.003717,23.463245,18.651009,17.905104,17.944872,16.148073,19.457884,16.911856,21.355177,21.3149,23.404654,26.61405,24.736654,20.936464,20.973337,17.63876,17.347345,13.671615,14.887431,12.238122,12.632057,14.615854,14.62579,13.587087,16.682648,14.94919,13.874349,16.265825,14.172683,18.66617,20.584793,22.449942,20.253971,24.559088,22.274218,25.562687,27.038715,27.19503,25.71615,25.968384,22.023342,25.558962,23.132023,26.988914
30,30.724422,27.120329,25.707138,23.726892,20.274155,22.752615,17.58433,19.925587,18.979519,16.825201,21.947708,22.212109,20.732506,18.108053,16.269815,11.133013,11.524254,7.2172723,9.4304695,7.319427,8.642421,12.516583,12.594269,16.313475,16.309977,15.910615,14.629074,11.720904,5.521311,5.0051384,0.0,6.5333834,10.346963,12.741646,14.2946825,17.759342,19.819881,17.830648,15.078452,11.865602,12.05424,8.092648,6.305779,5.9413395,9.679336,8.714291,12.696738,14.764746,17.124363,18.48058,17.158175,21.786438,21.933844,24.53736,21.466682,23.829662,19.137655,20.73393,21.354893,22.532389,18.78301,22.25406,19.059788,20.125298,21.592707,20.622793,24.120682,21.847328,24.105007,21.261246,15.919089,15.457274,14.373558,13.519862,15.389876,13.236844,17.453835,17.357977,19.744978,22.756844,21.214235,17.391848,16.726875,13.330904,12.612969,9.432719,10.359342,9.4535675,10.343318,13.44498,13.709544,13.617247,15.748671,13.5306425,11.123451,12.855255,9.751015,14.23134,15.647904,17.799782,15.89257,20.606974,18.84275,22.533703,24.373608,23.962362,22.134033,21.93646,17.58547,20.838581,18.193253,21.993921
31,33.136337,29.543833,27.127867,26.127398,22.466768,24.255255,20.269897,20.738283,21.01242,17.812107,22.50893,23.973928,21.947649,18.610548,17.077168,11.981507,11.3505,9.001925,7.638175,8.491227,7.4480257,12.124413,11.205896,15.39874,16.942047,18.349566,16.859797,13.1922455,9.502897,5.387557,6.5333834,0.0,8.442735,8.653581,10.723727,14.194332,15.117837,13.334207,9.696697,5.831887,8.242127,5.0078526,6.7788405,9.03437,10.591816,12.283498,15.237464,17.932865,20.95828,23.124847,22.53197,27.1695,27.684986,30.616674,27.425594,29.742323,24.906168,25.98772,26.602974,28.398546,24.677713,28.630621,25.540237,26.644037,27.834154,26.778418,30.129316,27.481426,29.334318,26.062487,20.992594,21.203188,20.403664,19.884321,21.805958,19.595121,23.546715,22.93642,24.978325,27.804258,25.60343,22.11825,20.918802,18.271357,18.22617,15.349451,16.39619,15.576146,15.564528,18.257822,17.395601,15.9468,18.152517,15.060161,13.794932,15.211112,13.510525,17.4323,19.632414,22.191362,20.953997,24.86196,23.51177,26.164886,27.28513,26.919674,25.705526,24.820452,21.832754,24.888453,22.471918,26.30322
32,27.451061,24.511868,21.288168,20.061075,16.5323,16.94289,13.865849,12.671149,13.729167,10.279873,14.893971,17.2425,16.04096,12.253537,12.901862,8.182796,10.592836,9.872307,11.583323,14.122217,15.081652,19.483532,19.580383,23.716194,25.021454,25.69819,24.034815,20.46005,15.609157,12.655208,10.346963,8.442735,0.0,6.2749667,4.494443,8.223871,10.5086775,8.565296,7.6602945,7.682901,5.505692,8.770716,6.6645966,12.156074,16.504925,17.622267,21.128466,23.947369,26.324415,27.948248,26.705215,31.356436,31.682272,33.57469,29.976397,31.307032,26.260525,27.297781,26.601496,28.141006,24.519701,28.739403,26.758053,27.45724,30.308334,28.323343,32.15998,29.56411,32.694496,29.031471,23.533066,24.23825,21.819841,22.497187,21.653227,19.847254,22.415092,20.865976,22.622091,24.609444,22.198997,19.506073,16.501865,15.3204155,16.00333,14.75953,16.377071,18.694918,19.257702,22.914297,22.225882,21.572203,22.50159,18.4836,15.778954,15.126386,12.496794,14.817921,15.522097,19.765745,20.16796,24.161081,24.401114,27.054564,28.369562,26.77715,25.311226,22.520788,20.01626,21.559671,18.561419,21.658857
33,33.51342,30.707722,27.260017,26.081093,22.640558,22.417242,19.530819,17.248236,17.882545,13.5919895,16.815388,19.250446,16.639801,12.956047,12.253929,8.781734,8.400948,9.834551,8.703674,13.106993,13.6896515,17.486832,18.445368,22.230072,24.830696,25.991877,25.290833,21.767221,16.968094,13.807262,12.741646,8.653581,6.2749667,0.0,5.0987425,6.325152,8.4516535,8.696499,5.3867397,5.3047853,8.648018,11.402011,11.316557,16.067268,19.00975,20.435656,23.72477,26.378277,29.216343,31.028675,29.89591,34.522038,34.415436,36.999138,33.94789,35.87665,30.970562,32.271732,32.011242,33.320133,29.59671,33.247234,30.645697,30.883942,32.799305,30.527472,34.038036,30.842009,33.434837,29.242865,24.196192,25.757753,23.90842,25.338533,25.399889,24.164667,27.274189,26.21818,28.305038,30.38381,28.252405,25.373499,22.283451,20.776737,20.518448,19.377575,19.348215,20.835829,20.2566,23.589619,21.804365,20.296293,20.850414,16.360878,14.863289,14.271568,13.794143,15.758826,18.407753,21.428307,21.805054,24.559525,24.801565,26.257969,26.796474,25.537823,24.820383,22.15052,21.149303,23.183271,21.273859,24.820461
34,29.512325,26.859583,22.986143,22.359587,19.011328,18.491936,16.690466,13.730235,15.659249,11.723102,15.100108,18.377855,16.873482,12.882351,14.051039,10.502798,12.152337,12.878067,13.197925,16.839758,17.310505,21.567009,21.631266,25.701157,27.657288,28.873138,27.297045,23.564152,19.21354,15.746369,14.2946825,10.723727,4.494443,5.0987425,0.0,4.351611,6.0308027,4.795103,4.743137,7.151652,6.089992,11.236429,10.567748,16.044666,19.634329,21.379446,24.605516,27.56759,30.159868,32.018147,30.953588,35.63113,35.985165,38.014267,34.420403,35.742916,30.665977,31.564539,30.8119,32.491653,28.911095,33.18714,31.23746,31.83245,34.58035,32.42784,36.20444,33.382267,36.41646,32.47707,27.12725,28.214134,25.869236,26.83616,26.008966,24.328892,26.77936,25.088373,26.69254,28.455875,25.867838,23.492699,20.19227,19.491608,20.249619,19.236904,20.569534,22.83598,23.024513,26.591072,25.426449,24.323463,25.059156,20.686478,18.508717,17.555855,15.879268,17.559378,18.683313,22.855621,23.680027,27.056519,27.645452,29.654758,30.547222,28.866135,27.788391,24.4923,23.023167,24.287859,21.648369,24.573923
35,31.727612,29.526167,25.375303,24.58153,21.523296,19.969194,18.736416,14.457093,16.270449,11.990075,13.800603,17.514914,15.590875,11.769128,13.314861,11.417924,12.684471,14.786523,14.802893,19.179344,19.963976,23.807825,24.57275,28.437462,30.899744,32.062023,30.97271,27.31894,22.591469,19.364874,17.759342,14.194332,8.223871,6.325152,4.351611,0.0,4.6001496,6.3143573,6.884193,9.971316,10.326659,15.4213915,14.7096405,20.165583,23.750723,25.351381,28.668869,31.529768,34.160393,35.907413,34.66575,39.30891,39.319984,41.38255,38.017883,39.36685,34.36696,35.44446,34.528053,35.898476,32.3402,36.257515,34.337463,34.504307,37.249687,34.642418,38.350357,35.257347,38.405006,34.108955,28.967957,30.63406,28.117826,29.85712,28.656773,27.496637,29.756277,28.10981,29.80802,31.284187,28.920359,26.756048,22.861052,22.483189,22.85393,22.483082,23.010782,25.71649,25.500813,29.120512,27.504963,26.279835,26.424807,21.741486,19.796467,18.236118,17.453,18.174192,19.703814,23.602657,25.005222,27.591633,28.762596,30.064243,30.584257,28.644787,27.922178,24.01989,23.705051,24.561468,22.465258,25.21806
