,0,1,2,3,4,5,6,7,8,9,10,11,12,13,14,15,16,17,18,19,20,21,22,23,24,25,26,27,28,29,30,31,32,33,34,35,36,37,38,39,40,41,42,43,44,45,46,47,48,49,50,51,52,53,54,55,56,57,58,59,60,61,62,63,64,65,66,67,68,69,70,71,72,73,74,75,76,77,78,79,80,81,82,83,84,85,86,87,88,89,90,91,92,93,94,95,96,97,98,99,100,101,102,103,104,105,106,107
0,0.0,4.052185,6.035896,9.562417,11.623419,13.737176,16.725693,19.86348,23.391697,25.002754,28.866692,30.28531,33.41575,31.443129,36.22895,31.51169,32.60835,32.658363,32.923454,36.313618,36.649258,38.58282,40.897583,41.3961,41.620945,40.307663,39.38723,39.9239,37.202255,40.725533,34.32763,39.739197,34.76835,35.744236,34.317608,31.59773,29.05384,30.115772,28.972301,26.918774,24.48363,26.767843,26.054052,21.372252,21.55374,24.716091,20.896334,17.291147,19.106737,18.71261,23.985746,23.099348,24.001616,25.778097,28.533913,32.13497,30.057806,34.420994,34.70529,29.770805,32.94239,36.550003,39.753536,39.570652,34.74993,34.63247,40.191067,40.299007,36.375523,39.66281,42.696247,41.20259,37.795666,42.081985,37.33826,40.855095,38.276157,33.684135,34.61687,29.214659,28.00046,25.894005,24.761242,27.296938,28.272886,31.844687,33.58923,38.85657,41.334866,45.137245,46.84634,45.850197,48.812737,50.690098,49.88579,45.38636,44.674877,44.4196,39.54413,40.31814,40.092747,35.870163,34.425957,29.142803,28.199453,24.925592,22.064447,20.472294
1,4.052185,0.0,5.106433,6.2475,8.713975,11.96589,13.791341,17.87382,20.864563,22.879221,26.611479,28.072351,30.928566,28.721079,33.12911,28.245602,29.05481,29.040096,29.024164,32.447716,32.666557,34.555553,36.888084,37.467827,37.717735,36.462883,35.701733,36.388145,33.84714,37.527508,31.342733,37.11212,32.452095,33.67558,31.866764,28.8628,26.71006,27.956367,26.25791,24.023489,22.197287,24.167547,22.96352,18.411203,19.190758,21.745642,17.332788,14.252665,16.516268,16.6685,21.711536,20.166096,21.906832,23.823383,26.036125,29.307707,27.06567,31.420273,32.14331,27.445414,30.102291,33.99972,37.169724,37.344707,32.577995,32.13925,37.63469,37.64266,33.469078,36.694214,39.6788,38.108574,34.521294,38.707577,34.05235,37.471596,34.74417,30.254457,30.958426,25.663645,24.214754,22.083893,20.793182,23.421965,24.615316,27.98294,29.995516,35.150406,37.71266,41.527912,43.281124,42.337543,45.312054,47.13704,46.485657,41.89289,41.2899,40.71897,35.987087,36.563995,36.234062,32.06488,30.713667,25.354496,24.547213,21.353233,18.475332,17.285162
2,6.035896,5.106433,0.0,5.421936,6.40097,7.7507854,11.192118,13.875902,17.47207,19.124712,22.910126,24.49564,27.60142,25.82003,30.685902,26.062363,27.591719,27.723354,28.754217,32.024387,32.94997,35.097492,37.731205,37.40133,37.380154,35.851074,34.54865,34.76951,31.823576,35.144577,28.613789,33.83318,28.756218,29.756645,28.47976,25.766413,23.085543,24.356443,23.415148,21.279556,18.7242,21.715742,20.99558,16.073782,16.516973,20.614481,16.92777,12.915322,15.63101,14.519595,19.779018,20.06585,21.137135,22.181633,25.115393,28.451588,25.802458,30.169563,30.759565,25.397215,27.98671,31.778889,34.725258,34.694263,29.66871,29.265375,34.80159,34.697784,30.957993,34.659042,37.401085,35.74145,32.67867,37.284523,32.645184,36.5415,34.172863,29.62818,31.161358,25.787115,24.907398,23.573458,21.682749,23.5501,23.876347,27.982431,28.889584,34.467415,36.555996,40.37363,41.849857,40.66291,43.56548,45.52685,44.54026,40.196877,39.537586,39.718166,34.789646,36.079624,36.210537,32.100647,30.256182,25.589466,23.659195,20.77102,17.493185,15.944145
3,9.562417,6.2475,5.421936,0.0,3.7672582,7.197257,8.114261,12.788598,15.102886,17.777159,21.141727,22.977003,25.500292,23.380165,27.415318,22.301466,23.395359,23.151094,23.876156,26.984608,27.695192,29.880964,32.360416,32.221287,32.362762,31.063824,29.876818,30.489452,27.75447,31.465532,25.178007,30.992796,26.658642,27.846752,25.766205,22.715473,20.770563,22.040756,20.074556,17.798416,16.249792,18.25694,16.824842,12.197586,13.483284,16.298273,11.795731,8.528675,11.862461,11.843158,16.58097,15.678973,17.954258,19.32271,21.348154,24.244154,21.494675,25.853481,26.976164,22.110409,24.127157,28.262255,31.26248,31.701702,26.871359,26.115099,31.563522,31.46117,27.26016,30.656282,33.495384,31.871332,28.375988,32.72504,28.122236,31.790583,29.204472,24.738514,25.940363,20.651276,19.545914,18.233574,16.27037,18.23036,18.85587,22.7109,24.079487,29.460714,31.802206,35.620995,37.285084,36.3208,39.352264,41.320187,40.67472,36.169548,35.87035,35.39802,30.840277,31.77524,31.68877,27.749481,26.069866,21.324707,19.45472,16.946167,13.374041,12.99899
4,11.623419,8.713975,6.40097,3.7672582,0.0,5.4534554,5.1442046,9.628417,12.246553,14.387875,17.99661,19.53554,22.250576,20.116209,24.62233,19.936514,21.24105,21.596325,22.55284,26.025002,27.17179,29.270296,32.271286,31.535757,31.292892,29.586111,28.437954,28.564697,25.834787,29.192814,22.997183,28.722813,23.884315,25.532776,23.880869,20.539467,18.427654,20.456358,18.741457,16.02735,14.691774,17.919235,16.175858,11.262442,13.405722,17.072374,12.373874,9.4345255,13.667649,13.009395,17.436464,17.477058,19.935871,20.664612,22.737427,25.24227,21.926825,26.200172,27.754091,22.597303,23.726095,28.147194,30.781971,31.45756,26.417747,25.20116,30.558578,30.038275,26.050352,30.059862,32.407196,30.384796,27.346521,32.071953,27.728512,31.735266,29.247694,24.999268,26.493227,21.47785,20.350698,19.552351,16.723917,18.192253,18.428976,22.504822,23.256191,28.883232,30.773502,34.654896,35.97118,34.62349,37.423645,39.269775,38.319393,33.89794,33.2376,33.320324,28.41182,29.742567,29.974611,25.93839,23.9664,19.6009,17.282396,14.6108,11.134851,9.977889
5,13.737176,11.96589,7.7507854,7.197257,5.4534554,0.0,6.1157837,6.937149,10.3140745,12.4746475,15.785186,17.976355,20.842033,19.549917,24.245546,19.686832,22.062979,22.064144,24.5677,27.2762,29.107582,31.609789,34.472153,32.914692,32.61324,30.90591,28.842285,28.649488,25.261028,28.288233,21.458313,26.252184,21.228462,22.011608,20.84699,18.33842,15.410025,16.768208,16.240364,14.194735,11.212017,15.352673,14.871484,9.843251,10.492493,16.097828,13.444101,9.201489,12.810163,10.492811,14.986572,17.37927,18.41453,18.168179,21.229134,24.030237,20.668722,24.8549,25.775705,19.935581,21.620712,25.521809,28.053476,28.189665,22.952885,22.184689,27.642519,27.314592,23.918541,28.127226,30.48169,28.706963,26.193926,31.18145,26.728296,31.113958,29.19483,24.820604,27.327332,22.221914,22.09759,22.08065,19.417933,19.973522,19.055605,23.917965,23.32712,29.237242,30.713764,34.456806,35.62943,34.274105,37.14908,39.32332,38.143467,34.109657,33.750423,34.507328,29.751963,31.824718,32.471714,28.77091,26.373001,22.997553,19.388609,17.658571,13.7606735,12.946457
6,16.725693,13.791341,11.192118,8.114261,5.1442046,6.1157837,0.0,6.1762304,7.3940334,10.126188,13.306263,15.056035,17.407408,15.296232,19.584013,14.909103,16.595678,17.10805,18.87706,22.181276,23.963833,26.195963,29.510681,27.905243,27.366901,25.429684,23.966955,23.762869,20.910995,24.106678,17.942778,23.748283,19.024185,21.006618,19.26777,15.605555,13.776455,16.419855,14.469442,11.349016,10.888876,14.772867,12.503451,7.7922435,11.249058,15.098323,10.691337,8.783728,13.5994215,12.705569,15.944929,16.866316,19.728512,19.70869,21.37527,23.152597,19.230965,23.251888,25.41441,20.275246,20.101898,24.841436,27.05118,28.154451,23.098148,21.261232,26.396584,25.509111,21.607548,26.062998,27.951462,25.641535,22.953926,27.953262,23.91083,28.20996,25.91903,21.983244,23.943544,19.381767,18.556913,18.754608,15.152636,15.5644,15.006181,19.425613,19.21254,25.036615,26.456518,30.335667,31.382236,29.821945,32.535812,34.42178,33.35098,29.041033,28.482521,28.887043,24.02054,25.843327,26.438288,22.669424,20.300583,16.94351,13.355904,11.5912285,7.6670017,7.342133
7,19.86348,17.87382,13.875902,12.788598,9.628417,6.937149,6.1762304,0.0,4.7605815,5.5514665,9.087447,11.06161,14.10411,13.111394,18.402756,14.89112,17.880716,18.808,22.037867,24.893534,27.531183,29.886187,33.422592,30.734825,29.789837,27.487944,25.33063,24.224386,20.84624,23.05362,16.559845,20.959913,15.111384,16.90088,16.569853,13.55325,10.408414,13.606159,13.592967,10.887195,8.984543,15.108949,14.011056,9.809915,12.0665655,17.775793,15.276434,12.707432,16.860094,14.511853,17.311636,20.568014,22.198475,21.050451,23.553886,25.294638,21.136942,24.80143,26.620579,20.852768,20.394657,24.67676,26.32095,27.084906,21.782291,19.94493,24.878605,23.677305,20.835861,26.045326,27.322052,24.83699,23.350153,28.824043,25.091177,29.892166,28.268295,24.56474,27.483175,23.217066,23.154858,24.051405,20.381765,19.900572,18.2023,23.095842,21.21036,27.22204,27.755713,31.44909,31.94835,29.960085,32.385887,34.383255,32.70194,28.973421,28.185974,29.968298,24.934427,27.829641,29.100567,25.633394,22.740656,20.768787,16.12186,15.094073,11.840732,10.688192
8,23.391697,20.864563,17.47207,15.102886,12.246553,10.3140745,7.3940334,4.7605815,0.0,4.757919,6.3035665,9.057606,10.953372,9.883147,14.183949,10.301799,13.657488,14.407915,18.356363,20.75378,23.780745,26.229753,29.789703,26.56202,25.500246,23.198418,20.745253,19.563402,16.093218,18.403057,11.882518,16.82565,11.655318,13.875113,12.780583,9.116583,6.8216577,10.804477,9.891895,6.710438,6.874325,12.614109,10.827504,7.9329176,11.203867,15.824032,13.745798,12.593729,16.637901,14.831693,16.22251,19.382256,21.596626,20.180397,21.841425,22.762518,18.28247,21.55374,24.031528,18.77662,16.90367,21.51386,22.805412,24.165237,19.091331,16.529047,21.152336,19.645023,16.616186,22.024559,22.966547,20.269451,18.882198,24.42253,21.007841,25.863796,24.355206,21.056786,24.141285,20.473873,20.620047,22.206718,18.296278,16.997894,14.732192,19.568932,16.977818,22.930655,23.167288,26.821783,27.21596,25.206953,27.67991,29.765335,28.211206,24.483526,24.097898,25.73643,21.074081,24.162775,25.58043,22.557043,19.524473,18.510841,13.048996,13.346783,10.181257,10.590078
9,25.002754,22.879221,19.124712,17.777159,14.387875,12.4746475,10.126188,5.5514665,4.757919,0.0,4.3192935,5.5120597,8.80314,8.214536,14.122582,12.195865,15.5242,17.383001,20.972933,23.8468,27.034513,29.1455,33.148254,29.620863,28.12889,25.348747,23.257639,21.298328,18.160082,19.39566,13.741637,17.547195,11.0101595,14.168084,14.714948,11.318498,8.655651,13.4228115,13.714265,10.814037,10.688855,16.993683,15.455712,12.640472,15.54355,20.565987,18.261755,16.903965,21.067142,18.938274,20.654568,24.067972,26.0847,24.52211,26.475317,27.38478,22.87552,25.943016,28.419685,23.066135,20.948812,25.331783,26.16829,27.492353,22.450954,19.778479,23.909597,21.916983,19.703915,25.506815,25.747147,22.649378,22.170824,27.811308,24.888008,29.799622,28.435198,25.457813,28.4877,25.066343,24.993692,26.456331,22.281706,21.104237,19.003056,23.499018,20.718712,26.465374,26.15424,29.689112,29.55656,27.004812,28.920748,30.676874,28.535387,25.14913,23.900606,26.658993,21.472258,25.074518,26.887201,23.768332,20.552975,20.030132,14.85421,14.645051,12.558514,11.41591
10,28.866692,26.611479,22.910126,21.141727,17.99661,15.785186,13.306263,9.087447,6.3035665,4.3192935,0.0,3.8789208,5.5610166,6.441878,11.290414,10.262883,14.230094,15.927787,20.475958,22.576933,26.263186,28.46159,32.38973,28.127188,26.453468,23.657778,21.032227,18.640484,15.298209,15.876786,10.458811,13.405079,6.730948,10.476484,11.408257,8.271999,6.178707,11.410566,12.096567,9.777784,10.573657,16.399271,15.059441,13.618604,16.312794,20.819855,19.49141,18.74381,22.474487,20.376396,21.012196,24.919518,26.834045,24.80025,26.395933,26.707296,22.126356,24.603235,27.298733,22.334509,19.198463,23.346672,23.586637,25.186993,20.474566,17.365932,20.834017,18.45117,16.854185,22.886078,22.507826,19.24589,19.570736,25.222443,22.827126,27.790087,26.860085,24.390509,27.796295,24.998405,25.358269,27.43341,23.293417,21.389858,18.66036,23.01568,19.210032,24.659012,23.721481,26.999392,26.526684,23.82815,25.604086,27.496237,25.202877,22.229715,21.338396,24.572666,19.900536,24.016909,26.153637,23.667002,20.306639,21.024036,15.278048,16.310568,14.50354,14.372366
11,30.28531,28.072351,24.49564,22.977003,19.53554,17.976355,15.056035,11.06161,9.057606,5.5120597,3.8789208,0.0,4.0789313,4.8621273,10.897454,11.5393095,14.812765,17.491325,21.208275,23.899176,27.507532,29.306547,33.638332,29.356817,27.345459,24.163227,22.223158,19.376205,16.739313,16.636097,12.641714,15.251722,8.536781,13.165777,14.642823,11.375311,9.974028,15.215181,15.712768,13.116544,14.318082,20.093004,18.342024,16.735785,19.837605,24.15456,22.114523,21.598122,25.655287,23.716476,24.645618,28.080189,30.340195,28.498869,29.970839,30.169554,25.528475,27.95296,30.924366,26.104416,22.676203,26.931015,26.970982,28.784597,24.210972,20.926102,24.008701,21.28954,19.891027,25.9534,25.111845,21.49405,22.141571,27.68163,25.69448,30.520622,29.45919,27.271168,30.301306,27.739859,27.676851,29.575033,25.147652,23.431944,21.097414,24.98135,21.492504,26.66674,25.48404,28.71105,27.887426,24.77555,26.02688,27.457096,24.79111,21.938936,20.149384,24.068594,18.933596,23.24515,25.607895,23.038311,19.649265,20.733889,15.486307,16.154444,15.308788,14.402478
12,33.41575,30.928566,27.60142,25.500292,22.250576,20.842033,17.407408,14.10411,10.953372,8.80314,5.5610166,4.0789313,0.0,3.6901875,7.4512773,9.619344,12.890637,15.605007,19.719732,21.82327,25.737545,27.47041,31.773561,26.950708,24.730854,21.499773,19.38178,16.123049,13.719863,12.900168,10.08997,12.241306,6.6189275,11.971369,13.154545,9.944673,10.053249,15.108945,15.213105,12.977654,15.317233,20.16619,18.222038,17.73377,20.95653,24.388275,22.79263,23.03759,26.841413,25.217875,25.328909,28.62145,31.112915,29.12569,30.018408,29.587294,24.943892,26.819561,30.18558,25.984926,21.56207,25.728493,25.278147,27.556284,23.461203,19.72447,22.040396,18.929314,17.851034,23.858248,22.387894,18.509274,19.746338,25.082308,23.740246,28.400454,27.578068,25.992338,29.036028,27.177933,27.276836,29.61374,25.204945,22.960234,20.351215,23.76984,19.709661,24.368437,22.650867,25.633015,24.471836,21.162098,22.18093,23.59231,20.829016,18.224483,16.663954,20.922237,16.294458,20.977118,23.594414,21.668255,18.252378,20.506786,15.0397215,16.799435,16.33919,16.364927
13,31.443129,28.721079,25.82003,23.380165,20.116209,19.549917,15.296232,13.111394,9.883147,8.214536,6.441878,4.8621273,3.6901875,0.0,6.706199,7.910309,10.432054,13.744993,16.939665,19.785667,23.368095,24.91836,29.435925,25.094484,22.899527,19.553194,18.114023,15.208427,13.238267,13.348804,10.4921055,14.464739,9.494417,14.626845,14.744581,10.592121,10.997977,16.223028,15.26808,12.324676,15.265508,19.869205,17.209627,16.402315,20.281168,23.234102,20.734005,21.374872,25.49113,24.309332,24.74215,27.128191,30.204166,28.682325,29.288275,28.889292,24.197496,26.357813,30.0163,25.917341,21.576012,26.225164,26.17501,28.64778,24.430447,20.634491,23.377254,20.44614,18.455389,24.278467,23.20436,19.27034,19.618582,24.898817,23.330095,27.846249,26.542524,24.836458,27.35183,25.41142,25.019075,27.078033,22.487661,20.539968,18.451897,21.599174,18.354322,23.111992,21.863352,25.133047,24.262712,21.043695,22.226007,23.438753,21.01181,17.690416,15.837391,19.327232,14.105313,18.403318,20.814474,18.468372,15.052861,16.92876,11.655569,13.20838,13.154537,13.183351
14,36.22895,33.12911,30.685902,27.415318,24.62233,24.245546,19.584013,18.402756,14.183949,14.122582,11.290414,10.897454,7.4512773,6.706199,0.0,6.138868,7.567956,10.603055,14.279394,15.760959,19.800909,21.215021,25.554348,20.316185,17.782043,14.415849,12.715689,9.093878,8.082053,7.2400618,7.885241,11.677293,10.470118,15.132814,14.098699,10.409576,13.129532,17.307655,15.442892,13.346943,17.727005,20.393227,17.458029,18.528664,22.364422,23.581486,21.879578,23.77213,27.283075,26.726154,25.881891,27.743015,31.193295,29.588482,29.125973,27.65682,23.160954,24.319775,28.634708,25.806486,20.022182,24.448858,23.725746,26.98968,23.73465,19.405548,20.834978,17.524538,15.72611,20.94555,18.96303,14.697581,15.66324,20.276045,19.915163,23.89226,22.909088,22.371675,24.683613,24.107439,23.964806,26.713663,22.3932,19.598116,17.218103,19.195858,15.193955,18.701847,16.582737,19.442732,18.090784,14.589834,15.538255,16.771576,14.535414,11.130684,10.238116,13.6313505,9.742674,14.515815,17.24973,16.33331,13.127312,17.06698,11.927557,15.376113,15.799828,17.417345
15,31.51169,28.245602,26.062363,22.301466,19.936514,19.686832,14.909103,14.89112,10.301799,12.195865,10.262883,11.5393095,9.619344,7.910309,6.138868,0.0,4.529776,6.027175,10.960156,12.481008,16.377485,18.511656,22.454874,17.939667,16.204844,13.524938,11.095951,9.368373,6.7060165,9.445913,5.754131,12.497073,11.088871,14.616369,11.951347,7.330863,10.211749,13.881684,10.70312,8.107797,13.126907,15.045975,11.599946,12.804742,16.86656,17.595337,15.791401,17.908321,21.294691,21.071346,20.218737,21.634228,25.282152,23.978058,23.397364,22.204023,17.621838,19.353354,23.625023,20.612875,15.35404,20.341871,20.500793,23.580229,19.920359,15.827604,18.479265,15.972079,12.591255,17.710152,17.184017,13.508268,12.456968,17.56034,15.863365,20.15894,18.675352,17.24032,19.675179,18.358181,18.297707,21.03374,16.82402,13.983114,11.383061,14.217878,10.470388,15.287008,14.475932,18.049477,17.9161,15.496865,17.79777,19.69666,18.550169,14.447292,14.841352,15.748747,12.054145,15.417538,17.218025,15.563548,12.466935,14.518608,8.51075,12.210787,11.313892,14.021182
16,32.60835,29.05481,27.591719,23.395359,21.24105,22.062979,16.595678,17.880716,13.657488,15.5242,14.230094,14.812765,12.890637,10.432054,7.567956,4.529776,0.0,4.68583,6.9502225,9.490477,12.995027,14.607337,19.022303,14.848277,12.87576,9.864976,9.086812,8.017221,7.60245,10.647911,9.563195,16.04258,15.361114,19.029104,16.125181,11.705239,14.646679,18.073431,14.27024,11.649271,16.832619,17.883507,13.8022375,15.134928,19.60049,19.067556,16.313541,19.420439,22.837624,23.372002,22.565647,22.502493,26.956247,26.237516,24.938663,23.37303,19.056377,20.600174,25.35602,23.1053,17.722569,22.810476,23.067514,26.499748,23.237408,19.166164,21.477371,19.077436,15.350287,19.532991,18.992212,15.379437,13.6668625,17.847862,16.652927,20.160887,18.12566,17.273567,18.510191,17.930426,17.063791,19.609608,15.280732,12.593497,11.129216,12.285387,10.093138,13.8827,13.437749,17.058111,17.057629,14.727735,16.841393,18.20423,17.599915,12.860046,13.117454,12.489861,8.773991,11.2326975,12.764212,11.217065,8.327491,11.134107,6.0357113,10.581684,10.972563,14.145996
17,32.658363,29.040096,27.723354,23.151094,21.596325,22.064144,17.10805,18.808,14.407915,17.383001,15.927787,17.491325,15.605007,13.744993,10.603055,6.027175,4.68583,0.0,6.8366213,6.689514,10.653313,13.212216,16.653463,12.31891,11.172551,9.452104,6.8638043,7.723211,6.321995,10.903678,8.9676485,15.581077,16.260386,18.725891,14.760916,11.028411,14.432337,16.542578,12.00777,10.285666,15.635913,14.943812,10.900849,13.585775,17.496157,15.6922,14.074926,17.69576,20.31152,21.21947,19.554358,19.240425,23.652449,22.927147,21.043211,19.042582,14.916939,16.120146,21.056122,19.477293,13.857627,18.883953,19.358368,22.906382,20.047924,16.147436,18.41264,16.593185,12.19823,15.552447,15.708134,12.750222,9.771527,13.772714,12.150723,15.617082,13.526315,12.6601715,14.218243,13.945402,13.750566,16.941446,13.265177,9.757338,7.4472938,8.653658,5.407489,9.756095,10.002892,13.892461,14.72532,13.41579,16.45801,18.509611,18.682878,14.174422,15.98372,14.212467,12.302458,13.895607,14.758061,13.846829,11.683123,13.527688,8.812106,13.197671,12.3699045,16.359455
18,32.923454,29.024164,28.754217,23.876156,22.55284,24.5677,18.87706,22.037867,18.356363,20.972933,20.475958,21.208275,19.719732,16.939665,14.279394,10.960156,6.9502225,6.8366213,0.0,5.781171,7.080272,8.2660675,12.912972,10.578093,9.4477415,7.6581497,9.396113,11.05977,12.119452,15.875172,15.40492,21.963339,22.019014,25.140152,21.463,17.361378,20.24409,22.821095,18.141546,15.813299,20.832874,20.204863,15.698574,17.314156,21.742027,19.145763,15.575676,19.972086,22.870726,24.617945,23.723658,21.363092,26.76115,27.010897,24.652876,22.75308,19.190786,20.58773,25.613605,24.516062,19.698719,24.703714,25.520164,29.083601,26.330381,22.695124,25.005453,23.303452,18.856361,21.378757,21.685099,18.906778,15.6710825,18.247417,17.048925,19.179016,16.19597,15.762721,14.941049,15.248834,13.216783,15.328067,11.48602,9.3127365,10.102974,8.251729,9.950609,11.934595,13.256312,16.744528,17.7751,16.660076,19.023863,20.032053,20.717846,15.754876,16.638552,12.923535,10.985991,9.997302,9.527898,8.203802,7.3796144,8.615781,7.3029747,11.153414,12.088738,16.03807
19,36.313618,32.447716,32.024387,26.984608,26.025002,27.2762,22.181276,24.893534,20.75378,23.8468,22.576933,23.899176,21.82327,19.785667,15.760959,12.481008,9.490477,6.689514,5.781171,0.0,4.5423517,7.1885214,10.159305,5.8630323,5.531547,5.905803,5.688635,9.311939,10.561959,14.610261,14.97234,20.724726,22.603157,24.81105,20.507282,17.397251,20.959135,22.422577,17.586409,16.425596,21.559422,19.396631,15.442388,18.592226,22.194036,18.424475,16.812805,21.46566,23.352806,25.250431,23.126595,20.93384,25.968792,25.925058,22.790302,19.938038,16.905312,17.138865,22.449665,22.619028,17.109303,21.476347,21.949993,25.846193,24.032988,20.478817,21.856083,20.503838,16.165607,17.328527,17.614233,15.515204,11.868264,13.128089,12.741913,14.016671,11.262744,12.18219,11.386008,13.457278,12.629168,15.828682,13.250964,9.93463,9.575249,6.350473,6.8035274,6.3722725,8.063983,11.377684,13.06407,13.046217,16.05706,17.657143,19.215227,14.759025,17.427807,12.939672,13.42902,12.692307,12.292762,12.877098,12.3234215,14.371425,12.31843,16.482649,16.496572,20.784006
20,36.649258,32.666557,32.94997,27.695192,27.17179,29.107582,23.963833,27.531183,23.780745,27.034513,26.263186,27.507532,25.737545,23.368095,19.800909,16.377485,12.995027,10.653313,7.080272,4.5423517,0.0,3.5939455,6.1489296,5.306183,6.5861435,8.234267,9.890328,13.5693865,15.09844,19.074945,19.32441,25.231695,26.866314,29.070404,24.65413,21.468847,24.755295,26.098186,21.05757,19.787601,24.642477,22.052319,18.026863,20.823835,24.382002,19.808643,17.595367,22.650436,24.266336,26.789753,24.895393,21.31268,26.79512,27.423574,23.840004,21.041002,18.672352,18.975775,24.098583,24.792295,20.084156,24.273008,25.152958,28.892296,27.236769,24.052216,25.606657,24.61347,20.09158,20.542252,21.357273,19.715418,15.67053,16.008007,15.479316,15.684687,12.379141,13.390487,10.704431,13.370371,11.599368,14.107481,12.347158,10.001805,11.354881,6.4061728,10.156415,8.620554,11.432006,14.057036,16.194006,16.740513,19.499054,20.681477,22.66066,18.245928,20.631235,15.21438,16.013943,13.83903,12.304114,12.984814,13.526089,14.433286,14.188634,17.63095,17.93764,22.252459
21,38.58282,34.555553,35.097492,29.880964,29.270296,31.609789,26.195963,29.886187,26.229753,29.1455,28.46159,29.306547,27.47041,24.91836,21.215021,18.511656,14.607337,13.212216,8.2660675,7.1885214,3.5939455,0.0,5.3415184,6.162931,6.866801,8.386833,11.760753,15.03544,17.340624,20.824501,21.862936,27.676296,29.203411,31.800852,27.60836,24.223423,27.525772,29.244751,24.274387,22.749071,27.696728,25.483702,21.335548,23.806366,27.604036,23.19986,20.465542,25.519583,27.359274,29.943607,28.312412,24.473679,30.105894,30.88553,27.307882,24.545881,22.250061,22.528362,27.642893,28.368977,23.608034,27.790518,28.521294,32.353004,30.727571,27.424946,28.810646,27.601551,23.271002,23.80768,24.238543,22.39537,18.773764,18.869474,18.854725,18.759504,15.601062,16.924715,13.870533,16.650442,14.438417,16.308872,14.562253,12.880367,14.661216,9.817097,13.526521,11.596371,13.793156,15.952272,17.68791,18.033468,20.207077,20.772976,22.911297,18.5593,20.54009,14.484038,15.746606,12.522194,10.328503,11.698157,13.089653,14.32564,15.350582,18.517416,19.588537,23.604317
22,40.897583,36.888084,37.731205,32.360416,32.271286,34.472153,29.510681,33.422592,29.789703,33.148254,32.38973,33.638332,31.773561,29.435925,25.554348,22.454874,19.022303,16.653463,12.912972,10.159305,6.1489296,5.3415184,0.0,6.7164493,9.313701,12.330396,14.529404,18.457842,20.47098,24.12167,25.036465,30.488293,32.739914,34.686733,30.08858,27.275354,30.645666,31.564909,26.489693,25.574419,30.2451,26.913708,23.22607,26.21263,29.365236,23.925762,22.151905,27.346325,28.30514,31.305431,29.1248,24.623177,30.05875,31.10382,26.858765,23.691032,22.381361,22.00424,26.825703,28.687847,24.381227,27.860163,28.729813,32.459686,31.538767,28.707088,29.732397,29.108288,24.801527,24.016588,24.962439,24.004158,19.967361,18.687403,18.898972,17.439598,14.342377,16.401844,12.2775545,16.314955,14.56309,16.40955,16.218407,14.663236,16.511475,11.089077,15.256499,11.7966385,14.769218,16.088999,18.572859,20.04666,22.489496,23.316406,26.058445,22.180294,24.913567,18.614399,20.721596,17.59419,15.364446,16.980576,18.405384,19.125006,20.00328,23.058899,23.547977,27.800133
23,41.3961,37.467827,37.40133,32.221287,31.535757,32.914692,27.905243,30.734825,26.56202,29.620863,28.127188,29.356817,26.950708,25.094484,20.316185,17.939667,14.848277,12.31891,10.578093,5.8630323,5.306183,6.162931,6.7164493,0.0,3.3648593,7.0935044,8.29504,12.28825,14.6356535,17.860825,19.728828,24.522577,27.480488,29.412384,25.00806,22.487474,26.298613,27.313017,22.558228,21.901676,26.95042,24.028788,20.475897,24.030062,27.240528,22.614017,21.624895,26.510128,27.807167,30.065586,27.442333,24.640743,29.608852,29.742115,25.887766,22.368181,20.29964,19.495192,24.745607,26.256052,20.69694,24.195091,24.31948,28.42492,27.59222,24.25971,24.633556,23.531767,19.720476,19.359049,19.33365,17.972385,14.696352,13.605418,14.80469,14.047022,11.676691,14.442362,12.325422,16.313257,15.625038,18.651669,17.239536,14.335755,14.48714,10.030566,11.207407,7.0293803,8.586912,10.022367,12.085024,13.333574,15.918729,17.0982,19.785055,16.08229,19.503633,13.648894,16.394796,14.515071,13.465752,15.630198,16.076654,18.584745,17.7056,21.710373,22.08957,26.351137
24,41.620945,37.717735,37.380154,32.362762,31.292892,32.61324,27.366901,29.789837,25.500246,28.12889,26.453468,27.345459,24.730854,22.899527,17.782043,16.204844,12.87576,11.172551,9.4477415,5.531547,6.5861435,6.866801,9.313701,3.3648593,0.0,3.9486053,6.4022098,9.760601,12.831895,15.544115,18.206034,22.87463,25.686026,28.063639,24.028463,21.275482,25.180962,26.72215,22.190062,21.248978,26.51436,24.369293,20.66221,23.986284,27.526169,23.656878,22.314306,26.996874,28.78483,30.693312,28.304157,26.108631,31.05069,30.919748,27.479223,24.13339,21.53724,20.957243,26.310518,27.223057,21.22725,24.992907,24.803986,29.023096,27.907864,24.217566,24.510391,22.901909,19.37065,19.855087,19.127382,17.096241,14.578425,14.283187,15.74506,15.788752,13.730308,16.183142,14.823121,18.16157,17.366365,20.37719,18.217749,15.219606,15.039344,11.306725,11.432964,8.294003,8.339606,10.019942,11.061671,11.330875,13.499599,14.377656,16.82714,12.936207,16.188532,10.296362,13.284687,11.651888,11.100576,13.623089,13.844506,17.331995,16.232164,20.451748,21.245153,25.25181
25,40.307663,36.462883,35.851074,31.063824,29.586111,30.90591,25.429684,27.487944,23.198418,25.348747,23.657778,24.163227,21.499773,19.553194,14.415849,13.524938,9.864976,9.452104,7.6581497,5.905803,8.234267,8.386833,12.330396,7.0935044,3.9486053,0.0,5.4978137,7.3373604,10.881005,13.2055,16.13853,21.009247,23.13926,26.108429,22.536875,19.331303,23.14017,25.37525,21.088005,19.663425,25.0489,23.920048,20.001087,22.816734,26.75347,23.833822,21.901337,26.270798,28.65516,30.182936,28.251701,26.627172,31.567818,31.246387,28.376444,25.435062,22.234705,22.184786,27.542076,27.568222,21.418335,25.619255,25.338926,29.510384,27.834534,23.841066,24.439241,22.337297,18.932219,20.6036,19.465439,16.651054,14.757285,15.798247,16.886614,18.00077,15.997238,17.674824,17.01018,19.357527,18.34228,21.20662,18.21758,15.285078,14.880649,12.166758,11.554302,10.337344,9.56125,11.85872,11.960597,10.786271,12.506807,13.0999,14.714677,10.216737,12.711475,7.212007,9.3581505,8.313046,8.600223,10.877302,10.567028,14.949414,13.502566,17.838219,19.047281,22.701466
26,39.38723,35.701733,34.54865,29.876818,28.437954,28.842285,23.966955,25.33063,20.745253,23.257639,21.032227,22.223158,19.38178,18.114023,12.715689,11.095951,9.086812,6.8638043,9.396113,5.688635,9.890328,11.760753,14.529404,8.29504,6.4022098,5.4978137,0.0,4.3402042,6.522731,9.628921,12.015144,16.498016,19.552053,21.73303,17.812803,15.290564,19.39712,20.919796,16.801691,16.130192,21.41663,19.812235,16.452559,20.011831,23.355377,20.59438,20.03512,24.01657,25.984484,27.121235,24.572176,24.036707,28.309507,27.432806,24.708536,21.591278,18.27535,17.838804,23.119686,23.163567,16.567076,20.507439,19.959492,24.178684,22.701754,18.67742,18.964697,16.941872,13.616627,15.278068,14.028902,11.2606325,9.381803,10.949311,12.082916,13.897569,12.568159,14.208591,15.043691,17.157518,17.300585,20.852188,18.035532,14.350764,12.479308,11.1043,7.7461457,7.0997286,5.0557632,8.223425,8.539108,7.5743213,10.721392,12.79912,14.1351595,10.096782,13.754388,10.428601,11.83463,12.812292,13.714357,15.026088,13.716377,17.483282,14.158352,18.798319,18.844383,22.714977
27,39.9239,36.388145,34.76951,30.489452,28.564697,28.649488,23.762869,24.224386,19.563402,21.298328,18.640484,19.376205,16.123049,15.208427,9.093878,9.368373,8.017221,7.723211,11.05977,9.311939,13.5693865,15.03544,18.457842,12.28825,9.760601,7.3373604,4.3402042,0.0,4.543593,5.89952,9.992995,13.8364935,16.672806,19.464928,16.353151,13.703601,17.813358,20.049902,16.662127,15.725144,20.971521,20.624733,17.432665,20.486294,23.993069,22.486418,21.737394,25.13249,27.588215,28.134192,25.919538,26.35602,30.323614,29.057665,27.0041,24.238886,20.491941,20.335327,25.381958,24.623951,17.840004,21.822811,20.84062,24.963572,23.13242,18.791008,18.927347,16.170404,13.685811,16.637186,14.444725,10.730277,10.718149,13.38101,14.5732355,17.14883,16.27901,17.442787,18.940928,20.343262,20.481203,23.890482,20.505121,16.952456,14.719963,14.49272,10.404852,11.172455,8.295053,10.831394,9.666179,6.7656927,8.974825,10.913191,11.051532,6.8493543,10.190048,8.979267,9.546587,12.166037,14.071453,15.171787,13.205776,17.828518,13.863726,18.491602,18.831059,22.106493
28,37.202255,33.84714,31.823576,27.75447,25.834787,25.261028,20.910995,20.84624,16.093218,18.160082,15.298209,16.739313,13.719863,13.238267,8.082053,6.7060165,7.60245,6.321995,12.119452,10.561959,15.09844,17.340624,20.47098,14.6356535,12.831895,10.881005,6.522731,4.543593,0.0,4.8940883,5.70089,10.372522,13.074341,15.35625,11.902198,9.351752,13.582166,15.521236,12.295404,11.692104,16.759293,16.559708,13.776602,16.946085,20.078218,19.229187,19.158161,21.967318,24.308619,24.423891,22.123167,23.511444,26.939129,25.311237,23.75734,21.35026,17.308311,17.46513,22.179575,20.765041,14.04606,18.183043,17.342674,21.206276,18.926758,14.526254,15.223136,12.465859,9.664154,13.673596,11.925509,7.9823246,7.916336,12.210795,12.242088,15.922591,15.296456,15.495417,18.117182,18.555243,19.286228,22.828445,19.434849,15.738091,12.6223955,13.998858,8.596794,11.334229,8.953427,11.987312,11.42267,9.122679,11.951365,14.532605,14.119896,10.57937,13.271339,13.323599,12.447546,15.5684805,17.396034,17.504278,15.039073,18.5471,13.448573,17.866564,17.218704,20.47593
29,40.725533,37.527508,35.144577,31.465532,29.192814,28.288233,24.106678,23.05362,18.403057,19.39566,15.876786,16.636097,12.900168,13.348804,7.2400618,9.445913,10.647911,10.903678,15.875172,14.610261,19.074945,20.824501,24.12167,17.860825,15.544115,13.2055,9.628921,5.89952,4.8940883,0.0,7.3151903,8.593848,12.204331,14.86614,12.805002,11.102845,15.063628,17.347376,15.380469,14.946077,19.508867,20.193949,17.936878,20.747797,23.703634,23.644253,23.700459,26.09178,28.583832,28.256414,26.02264,28.112785,31.173378,29.18446,27.974464,25.559511,21.593122,21.435694,25.862764,24.357847,17.553024,21.01253,19.37899,23.175665,21.206602,16.758844,16.378473,12.904593,12.057689,16.179747,13.043278,8.735934,11.265701,14.89852,15.979086,19.383701,19.372639,20.028563,22.744314,23.405022,24.169205,27.67204,24.136497,20.540232,17.473192,18.757298,13.4035225,15.268847,11.878832,13.817223,11.891869,8.426695,9.820893,12.196148,10.687658,8.381967,10.920108,13.064636,12.579687,16.610605,19.07643,19.647245,17.069666,21.521656,16.538834,20.783113,20.616777,23.224686
30,34.32763,31.342733,28.613789,25.178007,22.997183,21.458313,17.942778,16.559845,11.882518,13.741637,10.458811,12.641714,10.08997,10.4921055,7.885241,5.754131,9.563195,8.9676485,15.40492,14.97234,19.32441,21.862936,25.036465,19.728828,18.206034,16.13853,12.015144,9.992995,5.70089,7.3151903,0.0,7.116391,7.9256763,10.056749,6.950128,3.886654,8.086173,10.47925,8.42263,7.905833,12.19838,13.575485,11.654721,14.009382,16.671541,17.750074,18.105413,19.605335,22.136747,21.31881,19.45132,22.445492,24.998184,22.840792,22.479923,20.995594,16.587564,17.526646,21.357693,18.477575,12.568897,16.733313,16.116318,19.17087,15.873598,11.521574,13.381063,10.5071945,8.179771,13.943124,12.785638,9.121518,9.705454,15.150496,13.809456,18.471306,18.08795,16.961683,20.579039,19.564108,20.675514,23.964773,20.405624,17.051565,13.393383,16.659248,11.086884,15.487018,13.762795,16.743109,16.310616,14.092353,16.605932,19.23024,17.955175,14.980955,16.515108,18.152388,15.812175,19.592663,21.586456,20.698656,17.728527,20.176193,14.195772,17.776628,16.219513,18.779749
31,39.739197,37.11212,33.83318,30.992796,28.722813,26.252184,23.748283,20.959913,16.82565,17.547195,13.405079,15.251722,12.241306,14.464739,11.677293,12.497073,16.04258,15.581077,21.963339,20.724726,25.231695,27.676296,30.488293,24.522577,22.87463,21.009247,16.498016,13.8364935,10.372522,8.593848,7.116391,0.0,7.2805676,7.2303476,6.7249093,8.300972,10.948235,11.874572,12.533414,13.513773,16.041357,17.516758,17.180096,19.642403,21.09047,22.815691,24.440874,25.289465,27.277407,25.804142,23.428713,27.752602,29.205044,26.28045,26.339687,24.687408,20.821138,20.80868,23.825031,21.26088,15.466584,17.75577,15.726217,18.397663,16.093557,12.157901,11.640795,7.9256406,9.703337,14.814044,12.022819,8.880376,12.660737,17.08706,16.98335,21.26219,22.088465,21.654116,25.820946,25.285192,27.01475,30.531836,27.285114,23.783852,19.866425,22.937307,16.771595,19.927155,17.106936,18.850174,17.49826,15.181012,16.85415,19.664965,17.787045,16.736147,18.580923,21.622847,20.233276,24.55997,26.957527,26.69645,23.724741,26.905373,20.994911,24.466413,23.006031,25.031874
32,34.76835,32.452095,28.756218,26.658642,23.884315,21.228462,19.024185,15.111384,11.655318,11.0101595,6.730948,8.536781,6.6189275,9.494417,10.470118,11.088871,15.361114,16.260386,22.019014,22.603157,26.866314,29.203411,32.739914,27.480488,25.686026,23.13926,19.552053,16.672806,13.074341,12.204331,7.9256763,7.2805676,0.0,5.421373,7.581587,6.7469316,6.735207,10.301371,11.901309,11.364204,12.805729,17.020388,16.427694,16.929457,18.807608,22.423666,22.7324,22.573011,25.449219,23.37743,22.519888,27.130445,28.601109,25.899872,27.034506,26.51428,22.148996,23.518848,26.242422,22.087355,17.722511,20.976294,20.114477,21.984285,18.130255,14.628002,16.521832,13.541913,13.624961,19.63235,18.152973,14.8981,16.910793,22.247187,20.832796,25.6755,25.630394,24.026981,28.002401,26.177845,27.286282,30.1299,26.324936,23.554272,20.052774,24.01753,18.792843,23.394789,21.445084,24.057333,23.037941,20.295633,21.839655,24.072462,21.625774,19.686424,19.751644,23.538992,20.19469,24.793413,27.261663,25.844189,22.516203,24.700897,18.657257,21.004292,19.41316,20.27819
33,35.744236,33.67558,29.756645,27.846752,25.532776,22.011608,21.006618,16.90088,13.875113,14.168084,10.476484,13.165777,11.971369,14.626845,15.132814,14.616369,19.029104,18.725891,25.140152,24.81105,29.070404,31.800852,34.686733,29.412384,28.063639,26.108429,21.73303,19.464928,15.35625,14.86614,10.056749,7.2303476,5.421373,0.0,5.244588,8.002453,7.311468,7.6730795,11.096349,12.239931,12.219421,15.527577,16.402786,17.436405,17.869188,21.67731,23.522804,22.846018,24.816307,22.345161,20.81037,26.51319,26.912554,23.640907,25.16012,24.77977,20.88285,21.879002,23.697372,19.522593,15.863855,17.934868,16.85863,17.959383,14.306356,11.55284,13.165702,10.859031,12.182087,17.645979,16.569447,14.421733,16.681097,21.69685,20.039787,24.86331,25.434284,23.679836,28.29599,26.353548,28.215044,31.25323,28.044666,25.122211,21.192356,25.502462,19.842789,24.282633,22.448103,24.70518,23.995745,21.953112,23.901627,26.634573,24.572968,23.051271,24.024683,27.293766,24.648855,29.011486,31.275808,30.037922,26.823353,28.66717,22.488173,24.896896,22.600271,23.802706
34,34.317608,31.866764,28.47976,25.766205,23.880869,20.84699,19.26777,16.569853,12.780583,14.714948,11.408257,14.642823,13.154545,14.744581,14.098699,11.951347,16.125181,14.760916,21.463,20.507282,24.65413,27.60836,30.08858,25.00806,24.028463,22.536875,17.812803,16.353151,11.902198,12.805002,6.950128,6.7249093,7.581587,5.244588,0.0,4.9125004,6.268475,5.2438173,6.7320323,8.7391205,9.9462595,11.371426,12.028649,14.218894,14.773786,17.274027,19.597128,19.642122,21.247818,19.416225,17.096807,22.222141,23.042723,19.956352,20.706495,19.88292,15.930208,16.772808,19.03854,15.338241,10.803987,13.455156,12.707349,14.497,10.737551,7.0728583,9.510021,7.4532986,7.1735163,12.874983,12.508338,10.570936,11.796335,16.948782,14.87589,19.779104,20.25538,18.46317,23.14786,21.396833,23.486818,26.751554,23.857386,20.684385,16.56887,20.786936,15.006501,19.45285,18.027777,20.461916,20.331991,18.865145,21.507032,24.544073,23.219982,21.112015,22.886496,24.874441,22.726307,26.52413,28.41331,27.342012,24.359219,25.991539,19.86536,22.731462,20.174185,22.298193
35,31.59773,28.8628,25.766413,22.715473,20.539467,18.33842,15.605555,13.55325,9.116583,11.318498,8.271999,11.375311,9.944673,10.592121,10.409576,7.330863,11.705239,11.028411,17.361378,17.397251,21.468847,24.223423,27.275354,22.487474,21.275482,19.331303,15.290564,13.703601,9.351752,11.102845,3.886654,8.300972,6.7469316,8.002453,4.9125004,0.0,4.3270445,6.990612,5.7718616,5.3575068,8.60007,11.11697,9.936665,11.508868,13.665682,16.040045,16.694817,17.23328,19.767723,18.377369,16.894371,20.806473,22.759151,20.379002,20.833117,20.104927,15.612616,17.213945,20.3269,16.437572,11.683182,15.833901,15.775614,18.058636,13.951019,10.044879,13.2063875,10.943817,8.606432,14.640891,14.438731,11.5295105,11.561764,17.21362,14.88022,19.879736,19.453579,17.425455,21.445568,19.459776,20.774818,23.790733,20.324667,17.336483,13.572061,17.82194,12.633219,17.770689,16.708088,19.791994,19.73482,17.825893,20.444687,23.109638,21.734276,18.787014,19.92969,21.707878,18.785389,22.485224,24.327616,22.851704,19.789461,21.216383,15.052522,17.875797,15.54736,17.715755
36,29.05384,26.71006,23.085543,20.770563,18.427654,15.410025,13.776455,10.408414,6.8216577,8.655651,6.178707,9.974028,10.053249,10.997977,13.129532,10.211749,14.646679,14.432337,20.24409,20.959135,24.755295,27.525772,30.645666,26.298613,25.180962,23.14017,19.39712,17.813358,13.582166,15.063628,8.086173,10.948235,6.735207,7.311468,6.268475,4.3270445,0.0,5.3455215,6.5375886,5.8460975,6.0766397,11.000576,10.746402,10.603345,12.108768,16.364063,16.89474,16.122747,18.842958,16.645136,16.097603,20.915197,22.170074,19.63955,21.185062,21.393862,16.993382,19.240501,21.507736,16.55899,13.54406,17.339594,17.751392,19.098063,14.302935,11.357469,15.330369,13.59387,11.790185,17.609852,17.936934,15.46347,15.392168,21.007303,18.12689,23.214235,22.707302,20.014023,24.132753,21.285116,22.554794,25.103926,21.652678,19.247126,15.746258,20.584255,16.042809,21.552,20.866562,24.003489,24.043736,22.1249,24.623857,27.187733,25.534485,22.642277,23.190002,25.401545,21.819906,25.576109,27.393002,25.357307,22.195477,22.778946,16.683,18.511856,15.698974,16.98763
