,0,1,2,3,4,5,6,7,8,9,10,11,12,13,14,15,16,17,18,19,20,21,22,23,24,25,26,27,28,29,30,31,32,33,34,35,36,37,38,39,40,41,42,43,44,45,46,47,48,49,50,51,52,53,54,55,56,57,58,59,60,61,62,63,64,65,66,67,68,69,70,71,72,73,74,75,76,77,78,79,80,81,82,83,84,85,86,87,88,89,90,91,92,93,94,95,96,97,98,99,100,101,102,103,104,105,106,107,108,109,110,111
0,0.0,4.710735,6.773963,9.872924,13.054455,14.5080385,17.918919,21.490643,23.84572,27.439201,32.259228,35.13761,33.07488,31.538298,26.702309,25.958302,22.3337,22.447752,19.518335,18.699392,18.935677,13.210843,15.726065,18.44334,17.583492,20.06667,22.232601,24.381756,24.180384,28.850897,29.356947,33.627995,38.892822,40.093864,42.914524,45.85317,48.023937,46.329643,42.880287,38.650063,39.898556,35.2826,35.116688,29.852688,29.641325,26.07497,27.166792,21.62037,24.351984,23.637537,26.995825,25.815187,31.677355,32.627644,34.9148,36.364635,31.897713,34.238735,35.238377,30.176357,29.01599,25.20082,24.215246,21.646507,24.883528,19.1965,21.882965,22.586542,22.508064,26.359509,23.42466,26.999708,27.957825,28.570688,30.84461,29.177855,32.2081,31.042837,34.689617,34.542675,35.901497,38.784023,38.11243,34.189873,33.632122,28.678795,28.599344,23.935165,24.924875,23.423409,26.117989,28.708784,30.098139,29.93934,35.167507,37.204304,39.258404,36.960835,36.102684,42.691227,40.111122,35.625446,38.057987,42.649334,45.65097,45.610233,42.40485,45.45293,39.125496,42.0536,39.56573,41.24519
1,4.710735,0.0,5.19684,6.5074954,9.303479,12.198644,14.249382,18.8604,20.531929,24.85151,29.364077,32.321938,30.821268,29.34702,24.774782,23.51982,20.3585,19.73469,17.37051,15.865366,17.285814,11.882189,14.050371,15.709531,14.285172,16.478144,18.094194,20.210684,20.026466,24.809652,25.424164,29.83827,35.078156,36.710594,39.20211,42.344326,44.44446,42.519875,39.26111,35.034924,35.84672,31.166502,30.997719,25.528103,25.214441,21.60477,22.638683,17.041578,19.739265,19.042107,22.3597,21.20006,27.0742,28.17059,30.456057,31.979944,27.683416,30.240616,31.502296,26.485006,25.24527,21.046907,19.792576,17.024014,20.221645,14.622789,17.675112,18.830286,19.381382,23.346321,20.652077,24.656317,25.195404,26.467224,28.421427,27.202057,30.129831,28.802603,32.77773,32.477734,33.12103,35.919632,34.872158,30.94561,30.501518,25.392447,25.15629,20.593164,21.351486,20.152029,22.637888,24.81602,26.331945,25.910381,31.12426,32.79877,35.169567,32.983135,31.905237,38.633682,36.365486,31.905424,34.297367,38.8614,41.7576,41.84374,38.751045,41.939743,35.727707,38.988842,36.615616,38.67019
2,6.773963,5.19684,0.0,5.1561885,7.3224864,8.280965,11.7786255,14.907886,17.486156,20.756197,25.905863,28.497675,26.645353,25.371256,20.48517,19.99579,16.782274,17.114199,15.213246,14.868794,16.539621,11.653224,15.5289135,17.221857,16.994534,17.780376,20.213148,21.177214,19.863161,25.123802,24.262558,29.277393,33.654167,35.227985,37.843113,40.69693,43.25409,41.5371,38.347664,34.331192,35.1036,30.891298,30.04461,24.941765,25.846014,21.973942,24.080826,18.52736,21.772663,20.999783,23.518942,21.152237,27.156654,27.420498,29.4253,30.70261,26.00854,28.119951,28.76541,23.761232,22.86191,19.275633,19.02582,17.057016,21.481544,16.890556,20.480024,21.805485,22.071774,25.512041,22.223932,25.762865,25.518753,26.338034,27.697924,25.889975,28.325928,26.525692,30.192158,29.30302,30.390053,33.576363,32.750347,29.005474,28.995388,23.742899,24.83848,20.5062,22.328989,21.906265,24.85659,26.75606,29.01475,28.927246,33.54955,34.838894,37.225468,34.866455,33.14799,39.95203,38.140606,33.409225,34.946667,39.742886,42.60698,42.180363,39.089638,41.56427,35.34822,38.33642,35.468773,37.44337
3,9.872924,6.5074954,5.1561885,0.0,3.7409382,6.3739357,8.427869,12.938482,14.364868,19.077805,23.021435,26.30598,24.74542,23.090277,18.790586,17.108202,14.125369,13.269554,11.385973,10.150019,12.672326,8.453302,11.850944,12.645617,12.687182,12.766822,15.540183,16.162626,14.923234,20.041222,19.613886,24.312498,29.119017,30.619171,33.23156,36.20639,38.53419,36.771366,33.503952,29.40159,30.334747,25.976767,25.437378,20.3864,21.049528,17.293306,19.55942,14.186634,18.03621,18.084957,20.644686,18.012701,24.260756,24.728865,26.142557,27.188915,22.495499,24.631037,25.984325,20.758062,19.299543,15.950157,14.993319,13.396016,17.355026,13.118311,16.354141,17.487194,17.610365,20.79243,17.497717,21.138845,20.629356,21.856182,23.109373,21.742464,24.286247,22.635532,26.651417,26.11772,26.635006,29.516802,28.520247,24.641405,24.3976,19.18306,19.78531,15.428122,17.212864,17.027145,20.050192,21.845545,24.407494,24.749258,28.895493,30.367008,32.4063,29.932323,28.167917,34.9077,33.113346,28.330238,29.794369,34.595078,37.47483,37.051754,33.95235,36.552525,30.336973,33.461967,30.777203,32.915623
4,13.054455,9.303479,7.3224864,3.7409382,0.0,5.3981047,4.955539,10.328027,11.282498,16.229671,20.30152,23.315994,22.304562,20.96259,16.856146,15.150323,12.982833,11.806175,11.365015,10.122915,13.998291,11.029648,14.218867,13.947017,13.86746,12.880885,15.053484,14.913699,12.913105,18.44907,17.13946,22.464888,26.619827,28.684107,30.917305,33.97176,36.486156,34.552128,31.595339,27.655647,27.938137,23.805326,22.793978,17.64882,18.997168,15.040889,17.840757,12.6425705,16.46173,16.315111,18.197323,14.909342,21.135128,21.263422,22.639875,23.706291,18.98807,21.190252,22.412283,17.271534,16.013826,12.346567,11.826786,10.508273,15.31135,12.159551,15.9968,17.737179,18.483643,21.404684,18.329088,21.996058,20.714918,22.363974,22.926313,21.769781,23.830908,21.745277,25.837845,24.741934,24.66786,27.689856,26.356339,22.631062,22.849197,17.397839,18.682817,14.807672,16.813932,17.41431,20.20114,21.279785,24.181267,24.243107,28.089754,28.858057,31.345516,29.0031,26.696333,33.568504,32.374485,27.606949,28.598703,33.41024,36.113735,35.610516,32.681263,35.060005,29.0468,32.378963,29.585503,32.072433
5,14.5080385,12.198644,8.280965,6.3739357,5.3981047,0.0,6.20976,7.211995,10.003382,13.344846,17.807825,20.81033,18.733131,17.212755,12.583924,11.719673,8.794819,9.445443,8.959647,9.928986,12.832387,10.700714,15.315438,15.843629,17.271242,15.575216,19.043447,18.02429,15.246329,20.554792,17.912336,23.24047,26.648952,27.992899,30.749914,33.26924,36.189335,34.753704,31.629171,27.927053,28.827578,25.295671,23.82083,19.64911,22.040718,18.26158,21.84786,17.145746,21.341114,21.439264,22.873714,18.801329,24.85807,24.195288,24.901258,25.432858,20.275455,21.572603,22.167156,16.968346,15.895457,14.082554,14.6694765,14.697646,19.698982,17.22025,20.623383,21.819862,21.605196,23.871311,20.113134,22.855562,21.189812,21.79516,21.998245,19.914783,21.55011,19.163824,22.719946,21.289385,22.311535,25.705133,25.022688,21.478754,21.902008,16.659744,19.342962,15.770744,18.952154,19.88698,23.228884,24.52142,27.89877,28.679655,31.857689,32.83082,34.741497,32.110558,29.55973,36.144894,35.01725,30.044449,30.251282,35.219975,37.981937,36.852993,33.834858,35.370365,29.30879,31.9854,28.663145,30.69687
6,17.918919,14.249382,11.7786255,8.427869,4.955539,6.20976,0.0,6.802917,6.5119824,12.094884,15.715974,18.676922,18.21124,17.085545,13.57828,11.566514,10.7332535,9.117377,10.768634,10.01375,14.905114,13.770067,16.846067,15.634311,16.144108,13.600231,15.642216,14.0023155,10.700839,16.374321,13.399776,19.38957,22.49857,24.970062,26.909609,29.892458,32.695885,30.738077,28.085222,24.446976,24.213827,20.617691,18.897009,14.16656,16.879128,12.960937,16.835604,12.607182,16.533195,16.663689,17.388205,12.835587,18.817629,18.17638,18.821344,19.520824,14.532117,16.414234,17.556875,12.347926,11.143399,8.070358,8.598673,9.022792,14.432441,13.431818,17.185804,19.121742,19.992416,22.145475,19.16074,22.375065,20.035885,21.873308,21.443472,20.429922,21.73564,19.135376,23.169252,21.43439,20.70323,23.871763,22.274494,18.805727,19.624739,14.075902,16.619349,13.703236,16.343254,18.045307,20.69961,20.978918,24.496252,24.742918,27.65259,27.760887,30.318382,27.99577,24.958605,31.730915,31.288809,26.515392,26.556078,31.385336,33.883163,33.026833,30.289583,32.08362,26.360085,29.702732,26.681507,29.45832
7,21.490643,18.8604,14.907886,12.938482,10.328027,7.211995,6.802917,0.0,4.755146,6.1987057,11.274078,13.657666,12.106157,11.281587,7.1066947,7.0423203,7.102075,8.24663,11.176382,12.830144,16.676527,16.636347,20.7583,20.169098,21.855755,18.757463,21.71056,19.231384,15.196428,20.223196,15.2118435,21.216768,22.517593,24.415056,26.669407,28.88181,32.375668,30.995266,28.464909,25.418991,25.46928,23.040686,20.400173,17.315271,21.472702,17.988033,22.536432,19.009819,22.96065,23.072569,23.10647,17.865742,23.072783,21.228874,21.040144,21.015034,15.7525835,16.1202,15.8529415,10.99977,10.69253,10.8800335,13.287725,15.056086,20.47059,20.183784,23.692036,25.276821,25.433464,26.90972,23.41259,25.605688,22.647045,23.418089,22.17423,20.211626,20.473839,17.179476,20.278217,17.39299,17.69065,21.53278,20.609339,17.763401,19.330654,14.311697,19.03287,16.989422,20.733685,22.881187,25.914371,26.18669,30.152222,30.935528,33.083874,33.068035,35.203716,32.705338,29.238443,35.55346,35.512985,30.654251,29.560116,34.429745,36.824493,35.184456,32.526752,33.05363,27.597263,30.132761,26.416603,28.779465
8,23.84572,20.531929,17.486156,14.364868,11.282498,10.003382,6.5119824,4.755146,0.0,7.100021,9.241355,12.454937,12.343607,11.37655,9.227703,6.8644557,8.646623,7.3105044,11.4595175,12.057429,16.792847,17.641434,20.760899,19.132076,20.646948,16.84169,19.214033,16.03546,11.637564,16.327011,10.738391,17.019402,18.122486,20.611488,22.444328,24.973555,28.32384,26.663591,24.331676,21.324451,20.865389,18.50665,15.701824,12.7616205,17.376085,14.192607,19.038406,16.406845,20.258242,20.853374,20.432777,14.925521,19.82834,18.005371,17.081003,16.77552,11.462113,11.86747,12.587214,7.2814536,6.149142,7.296403,9.658908,12.50675,17.329597,18.323755,21.447615,23.108519,23.564638,24.623625,21.602007,23.783642,20.313519,21.792456,20.055994,18.921188,18.963928,15.675137,19.194893,16.46426,15.188399,18.698729,17.098898,14.21629,16.008642,10.901662,15.701603,14.441677,17.962065,20.687872,23.309376,22.957487,27.110012,27.940796,29.472134,29.113947,31.241928,28.849272,25.076368,31.282688,31.666838,26.956522,25.530241,30.28975,32.5268,30.937853,28.444492,29.03649,23.805635,26.705435,23.218224,26.070826
9,27.439201,24.85151,20.756197,19.077805,16.229671,13.344846,12.094884,6.1987057,7.100021,0.0,7.613975,7.9337435,7.1564293,8.078224,5.91801,7.921651,10.563564,12.045358,16.006386,17.955242,21.745108,22.522846,26.495447,25.538843,27.33732,23.715218,26.279268,23.110792,18.657537,22.986227,16.56353,22.47585,21.541817,23.782143,25.457071,27.147898,31.163054,29.960106,28.113022,25.884506,25.182528,24.002634,20.436863,18.741507,23.97222,20.98372,25.84273,23.239405,26.766958,26.775852,25.830973,20.153637,24.172905,21.316189,20.361006,19.771255,14.964958,14.059414,12.261187,8.931876,10.080519,12.466772,16.008875,18.642324,23.91366,24.896685,28.37273,30.136486,30.469873,31.459019,28.177052,29.91044,26.296593,26.989878,24.828337,22.940248,22.07877,18.33036,20.505793,16.335674,16.129944,20.215235,19.254646,17.516535,20.059189,15.965895,21.816801,20.966127,24.825487,27.548937,30.323313,29.97959,34.185173,34.930244,36.35486,35.604225,37.865654,35.535103,31.504162,37.37505,38.17135,33.53878,31.468063,36.085403,38.110405,36.04243,33.773697,33.320328,28.6312,30.825865,26.873068,29.305286
10,32.259228,29.364077,25.905863,23.021435,20.30152,17.807825,15.715974,11.274078,9.241355,7.613975,0.0,5.5505767,5.891064,5.4698367,8.551831,7.416895,11.860141,11.882645,16.552088,18.347832,21.91764,24.472082,27.507418,25.788,28.22644,23.688871,26.398228,22.254814,17.779676,20.423777,13.317425,17.834778,15.341314,16.981953,18.685898,19.86668,24.066673,23.278341,21.577406,20.033266,19.672384,19.6821,15.937233,16.52993,22.166006,20.259563,25.325531,24.176308,27.835268,28.850777,27.63831,21.924469,25.301027,22.497093,19.780529,18.043741,13.821988,11.345056,10.830752,8.558535,8.516051,14.100745,16.80566,20.638132,24.473257,26.717041,29.146862,30.354332,30.20708,30.083313,27.119923,27.889206,23.541904,24.16269,20.966152,19.647825,17.703665,13.925103,15.556129,11.10925,9.157858,13.087516,12.120267,11.316165,14.470499,12.0329895,18.530474,19.311373,23.269398,26.625362,29.138586,28.340014,32.897163,34.447296,34.419647,33.765926,35.060688,32.640545,28.364721,33.300907,34.580105,30.21729,27.006697,31.307781,33.093502,30.437277,28.423857,26.986517,22.967474,24.644192,20.620258,23.110376
11,35.13761,32.321938,28.497675,26.30598,23.315994,20.81033,18.676922,13.657666,12.454937,7.9337435,5.5505767,0.0,5.4281116,8.047501,10.758406,11.870028,15.978056,16.726824,21.312706,23.166521,26.894548,28.866491,32.25986,30.659649,32.711422,28.39082,30.611654,26.628733,22.080626,24.995098,17.720171,22.508987,18.835701,21.183723,21.992132,22.862148,27.30032,26.436495,25.524487,24.518112,23.117186,23.692713,19.455135,20.040113,25.954582,23.955114,28.918676,27.721952,30.894253,31.29966,29.512794,23.736467,26.298515,22.789017,20.319458,18.671446,15.16499,12.386377,9.623515,9.665361,11.374357,16.180506,19.737051,23.310871,27.624092,30.081217,33.016613,34.67319,34.99081,35.15015,32.278152,33.30925,28.992826,29.701183,26.50552,25.120245,23.041624,19.253138,20.315208,15.364582,13.697738,17.333088,16.271229,16.296547,19.696663,17.398533,23.761183,24.465244,28.236908,31.585669,33.955696,32.90283,37.3448,38.35927,38.528004,37.170868,39.105434,36.96254,32.442715,37.358784,39.124874,34.941265,31.63902,35.722813,37.22421,34.61239,32.921314,31.201515,27.766665,29.420475,25.486013,27.972319
12,33.07488,30.821268,26.645353,24.74542,22.304562,18.733131,18.21124,12.106157,12.343607,7.1564293,5.891064,5.4281116,0.0,3.667339,6.7221904,9.138362,12.701969,14.703651,18.704287,21.4038,24.255009,26.345089,30.189365,29.25589,31.8971,27.74354,30.9002,27.119896,22.636347,25.808455,18.90761,23.47214,20.987371,21.996914,23.956114,24.534342,28.917795,28.54687,26.863062,25.49273,25.469004,25.531727,21.825216,22.067785,27.61926,25.329985,30.394508,28.546314,32.31191,32.880867,31.793924,26.017424,29.55372,26.447268,24.33801,22.868116,18.658932,16.321585,14.383017,12.719105,13.525366,18.076672,21.263361,24.586176,29.148975,30.648796,33.505432,34.74819,34.399418,34.55684,31.162197,31.845463,27.801199,27.70087,24.77584,22.595615,20.548655,16.74645,17.33306,12.25144,12.83948,16.889038,16.94018,16.441034,19.30749,16.951773,23.497828,23.68117,27.939554,30.967445,33.841686,33.460194,37.973717,39.46327,39.882584,39.347214,40.7458,38.24614,34.08912,39.109753,40.176094,35.681046,32.598156,36.961525,38.814377,36.009747,33.93499,32.185116,28.177217,29.324982,25.056715,26.888252
13,31.538298,29.34702,25.371256,23.090277,20.96259,17.212755,17.085545,11.281587,11.37655,8.078224,5.4698367,8.047501,3.667339,0.0,5.3480144,6.446279,9.996183,11.979105,15.777165,18.688091,21.13835,23.693838,27.38165,26.521433,29.532213,25.30186,28.91005,25.105782,20.774303,23.718925,17.19314,21.323034,19.675861,19.940338,22.557112,23.167608,27.353607,27.156656,24.960712,23.311634,24.130774,23.878876,20.621885,20.894697,26.112339,23.90328,28.956598,27.091106,31.181082,32.132824,31.455038,25.779833,29.788305,27.106703,24.87465,23.35773,18.861427,16.717186,15.81961,13.216136,13.1010275,17.81629,20.403969,23.77731,28.011164,29.246706,31.740507,32.61667,31.844854,31.789583,28.260174,28.648441,24.659693,24.266027,21.386772,19.025928,17.005205,13.223909,13.905047,9.036532,10.4115,14.56198,15.036395,14.078877,16.545528,14.302071,20.793657,20.942194,25.368769,28.310297,31.340487,31.230173,35.78869,37.683674,37.97461,37.96906,38.875195,36.18022,32.261127,37.203915,37.88961,33.294754,30.28756,34.75068,36.78977,33.919556,31.636295,29.987764,25.64694,26.621548,22.275547,23.89461
14,26.702309,24.774782,20.48517,18.790586,16.856146,12.583924,13.57828,7.1066947,9.227703,5.91801,8.551831,10.758406,6.7221904,5.3480144,0.0,5.085114,6.7744217,10.025973,13.159878,16.27321,18.74914,20.186172,24.481041,24.188932,26.922478,23.301497,27.036703,23.896994,19.680744,23.650797,17.749514,22.738096,22.585657,23.269936,26.017715,27.226343,31.161306,30.586538,28.067366,25.714827,26.52724,25.241535,22.275497,21.035542,25.806948,22.935448,27.824635,24.997252,29.180676,29.721483,29.501698,23.992537,28.668776,26.278599,25.03672,24.184034,19.172134,18.03881,17.102823,13.39457,13.30823,16.273197,18.867872,21.473959,26.3598,26.585413,29.541372,30.588312,29.94342,30.590694,26.793226,27.814331,24.40495,24.079214,22.072632,19.371828,18.435627,14.813296,16.423521,12.536602,14.417582,18.565815,18.736418,16.77731,18.703316,15.109721,21.044365,19.988409,24.388092,26.837711,30.112415,30.443949,34.771767,36.314526,37.54552,37.749023,39.082783,36.359825,32.72198,38.325035,38.489365,33.65241,31.534204,36.287773,38.591343,36.173157,33.604862,32.854923,27.831663,29.303982,25.080761,26.760872
15,25.958302,23.51982,19.99579,17.108202,15.150323,11.719673,11.566514,7.0423203,6.8644557,7.921651,7.416895,11.870028,9.138362,6.446279,5.085114,0.0,4.461814,5.6243334,9.658135,12.323148,15.237649,17.554117,21.107334,20.20483,23.141577,19.069376,22.921026,19.459839,15.313802,18.84921,13.221335,17.86838,18.580069,19.06847,22.082281,23.643517,27.241323,26.54156,23.688574,21.005812,22.24998,20.626448,18.09462,16.95927,21.44998,18.861965,23.764277,21.386082,25.777916,26.928097,26.898518,21.523823,26.375092,24.474043,22.787321,21.77184,16.700642,15.754153,16.215366,11.811558,10.504649,13.948251,15.672799,18.670273,22.797743,23.361086,25.743637,26.491915,25.659588,25.942335,22.28943,23.17998,19.52689,19.526459,17.35819,15.105539,14.370156,10.748805,13.405781,10.388209,11.226647,15.1182575,14.997793,12.379622,13.956718,10.080759,15.978052,15.182375,19.63583,22.30113,25.493479,25.748259,30.180037,32.07904,32.904293,33.4084,34.32023,31.504314,27.964247,33.459114,33.4886,28.647863,26.526726,31.315718,33.70445,31.354713,28.682693,28.240805,22.972368,24.683058,20.605928,22.55799
16,22.3337,20.3585,16.782274,14.125369,12.982833,8.794819,10.7332535,7.102075,8.646623,10.563564,11.860141,15.978056,12.701969,9.996183,6.7744217,4.461814,0.0,4.6340427,6.4356313,9.950245,11.976801,13.771715,17.867094,17.785025,20.964695,17.511572,21.997406,19.255138,15.650558,19.575771,15.290265,19.68131,21.838024,21.873526,25.306868,26.996557,30.25565,29.592237,26.30602,23.169123,25.065065,22.700611,20.850397,18.863514,22.45391,19.549833,24.077639,20.92786,25.587688,26.70188,27.395226,22.436983,27.914875,26.515194,25.459581,24.84149,19.611345,19.329445,19.994402,15.15321,13.648115,15.570658,16.648771,18.81575,23.002829,22.358158,24.708624,25.16555,23.912191,24.56973,20.512089,21.538303,18.63036,18.1622,16.975609,14.156566,14.470244,11.4919815,14.386995,12.599492,14.594071,18.130991,18.348415,15.238766,15.892683,11.724891,16.391876,14.436063,18.909765,20.891806,24.464382,25.438026,29.626377,31.634445,33.06434,34.211082,34.957718,31.987627,28.977245,34.69615,33.99866,28.988314,27.632847,32.56647,35.236404,33.13176,30.172039,30.304152,24.549833,26.230389,22.312582,23.865122
17,22.447752,19.73469,17.114199,13.269554,11.806175,9.445443,9.117377,8.24663,7.3105044,12.045358,11.882645,16.726824,14.703651,11.979105,10.025973,5.6243334,4.6340427,0.0,4.8602448,6.7363167,10.260664,12.73075,15.712896,14.583432,17.646608,13.609856,17.919987,14.8183775,11.223939,14.947384,11.137218,15.433508,18.52991,18.881124,22.168034,24.355303,27.23655,26.235966,22.846071,19.363092,21.224354,18.397621,16.973707,14.751293,17.985014,15.28253,19.793863,17.111582,21.841955,23.444445,24.174786,19.409128,24.869677,23.906673,22.590265,21.954454,16.875923,16.973858,18.696115,13.602457,11.269044,13.03902,13.205971,15.668426,19.103603,18.97263,20.872534,21.246557,20.132315,20.571033,16.807241,18.082066,14.832612,15.266193,13.969045,12.130926,12.8854265,10.169969,14.164683,13.162545,13.463452,16.480455,16.028355,12.373261,12.645826,7.800521,11.972342,10.074152,14.530129,16.867846,20.239902,20.946669,25.23643,27.360535,28.502344,29.698582,30.327173,27.36618,24.355562,30.131262,29.444752,24.443521,23.211716,28.176609,30.87053,29.001726,26.012115,26.662893,20.739323,22.975468,19.395206,21.479885
18,19.518335,17.37051,15.213246,11.385973,11.365015,8.959647,10.768634,11.176382,11.4595175,16.006386,16.552088,21.312706,18.704287,15.777165,13.159878,9.658135,6.4356313,4.8602448,0.0,4.2611017,5.7535386,8.353702,11.650128,11.596041,15.297997,12.111936,17.356768,15.267619,12.84674,16.338072,14.5289955,17.812307,22.222813,21.848955,25.569666,27.728245,30.174612,29.338728,25.518604,21.71888,24.437555,21.044834,20.502943,17.843082,19.782242,17.070618,20.8399,17.562828,22.488972,24.229578,25.816137,21.740992,27.622377,27.238941,26.395956,26.03804,21.034153,21.538488,23.410112,18.19552,15.825828,16.496685,15.8600025,17.324894,20.296762,18.779095,20.231468,19.963388,18.03213,18.721863,14.44066,15.656528,13.534975,13.228094,13.356108,11.011294,13.114884,11.537735,15.416404,15.721394,17.06852,19.623264,19.652166,15.829436,15.093645,10.877706,12.899599,9.7059555,13.896614,15.17728,19.0133,20.70748,24.613638,27.076202,28.700687,30.80412,30.96171,27.818008,25.586021,31.316032,29.72456,24.646414,24.289446,29.259218,32.2359,30.609213,27.347574,28.54711,22.279472,24.283392,21.019169,22.5116
19,18.699392,15.865366,14.868794,10.150019,10.122915,9.928986,10.01375,12.830144,12.057429,17.955242,18.347832,23.166521,21.4038,18.688091,16.27321,12.323148,9.950245,6.7363167,4.2611017,0.0,5.560018,7.4953127,9.195858,7.9346986,11.30601,7.8696303,13.134956,11.367998,9.682015,13.187277,12.956783,16.002968,21.501137,21.658674,24.994408,27.663599,29.666895,28.40702,24.610422,20.469324,22.90096,18.827492,18.917625,15.535873,16.445309,13.769344,17.03998,13.766708,18.7123,20.783894,22.696062,19.190275,25.101282,25.324354,24.686514,24.590183,19.895489,21.024961,23.544697,18.286047,15.603509,15.235215,13.548328,14.558033,16.704298,15.018067,16.062374,15.714666,13.996996,14.989427,10.9379,13.12516,11.293562,12.316789,12.99612,11.965246,14.631615,13.533595,17.899502,18.544888,18.711065,20.817219,20.204624,16.138113,15.038807,10.563947,10.661771,6.515935,10.106278,11.221098,14.97846,16.716703,20.485353,22.853703,24.71377,26.979609,27.23797,24.159832,22.18778,28.165396,26.350672,21.283104,21.642233,26.595182,29.624557,28.510078,25.22463,27.284449,20.915152,23.588514,20.897903,22.84736
20,18.935677,17.285814,16.539621,12.672326,13.998291,12.832387,14.905114,16.676527,16.792847,21.745108,21.91764,26.894548,24.255009,21.13835,18.74914,15.237649,11.976801,10.260664,5.7535386,5.560018,0.0,5.7672896,7.179644,8.178901,12.777474,10.68837,16.536983,15.508047,14.727268,17.087505,17.613977,19.342396,25.134487,24.037811,28.036646,30.238916,31.979507,31.267773,27.051752,22.994057,26.61226,22.723125,23.308582,20.596174,20.978535,18.76682,21.471756,18.322828,23.157248,25.376629,27.746313,24.600018,30.542244,30.87787,30.17276,29.937887,25.259422,26.078203,28.493998,23.284578,20.62322,20.731201,19.087326,19.850035,21.534208,19.09938,19.381971,18.052965,14.928946,15.44185,10.865593,11.654505,11.22587,10.265318,12.325958,10.400449,13.915887,13.928197,17.611233,19.420153,20.896713,22.635368,22.894333,18.984892,17.188332,13.991455,13.389033,9.599509,12.653797,12.570992,16.62431,19.348246,22.688377,25.774973,27.471745,30.688208,29.99528,26.691866,25.471401,30.797485,28.192892,23.239496,23.850874,28.608414,31.82883,30.546417,27.074612,28.98676,22.575182,24.377323,21.810114,22.7695
21,13.210843,11.882189,11.653224,8.453302,11.029648,10.700714,13.770067,16.636347,17.641434,22.522846,24.472082,28.866491,26.345089,23.693838,20.186172,17.554117,13.771715,12.73075,8.353702,7.4953127,5.7672896,0.0,5.444053,8.351761,11.248685,11.172408,16.2233,16.56667,16.120024,19.60691,20.347845,23.148806,28.973225,28.767147,32.34691,34.880123,36.746067,35.642925,31.661346,27.457634,30.223808,25.896425,26.287086,22.412859,22.43608,19.578045,21.742983,17.430107,21.937262,23.416986,26.308731,23.70934,29.928373,30.547602,30.830853,31.18954,26.432394,27.881117,29.92133,24.531956,22.270111,20.833242,19.206518,18.751814,21.002626,17.09991,18.13033,17.316166,14.986503,17.080202,12.893221,15.22637,15.693231,15.550116,17.877636,16.142471,19.500254,19.02609,22.745474,23.804098,25.257849,27.461618,27.335365,23.327991,21.982454,17.914488,17.352278,12.830333,14.932974,13.982354,17.794767,20.75418,23.434559,25.536884,28.607023,31.609299,31.823105,28.798693,27.780838,33.69225,30.949656,26.075874,27.5576,32.306187,35.5048,34.735287,31.31663,33.782444,27.34193,29.636318,27.15446,28.400753
22,15.726065,14.050371,15.5289135,11.850944,14.218867,15.315438,16.846067,20.7583,20.760899,26.495447,27.507418,32.25986,30.189365,27.38165,24.481041,21.107334,17.867094,15.712896,11.650128,9.195858,7.179644,5.444053,0.0,4.6221085,7.731001,8.85821,13.6925745,14.892408,15.922591,18.147238,20.820845,22.354063,29.177542,28.773735,32.24225,34.98621,36.190086,34.978336,30.878704,26.520752,29.620241,24.91571,26.256079,22.449976,21.091938,18.930115,20.037033,16.429358,20.604162,22.769527,26.096859,24.372309,30.29581,31.581007,31.726788,32.10583,27.840584,29.538418,32.285645,27.01493,24.375414,22.760338,20.179453,19.481524,20.07744,16.0698,15.589841,13.730361,10.464714,12.540465,8.726929,11.426563,13.270756,13.739676,16.97268,16.378304,20.2506,20.58099,24.487032,26.347967,27.113678,28.629675,28.302555,24.244183,22.261045,18.84207,16.299202,11.838623,12.362218,10.193365,13.757239,17.359442,19.437902,22.03631,24.971626,28.781166,28.324507,25.295202,25.111362,30.619446,27.211975,22.608295,24.97305,29.397564,32.674023,32.372047,28.92956,32.155483,25.820522,28.285042,26.558529,27.802526
23,18.44334,15.709531,17.221857,12.645617,13.947017,15.843629,15.634311,20.169098,19.132076,25.538843,25.788,30.659649,29.25589,26.521433,24.188932,20.20483,17.785025,14.583432,11.596041,7.9346986,8.178901,8.351761,4.6221085,0.0,5.0137267,4.532176,9.632719,10.516371,12.1284485,13.757994,17.283463,18.415092,25.563833,25.540255,28.634768,31.64774,32.627457,31.142742,27.19306,22.766645,25.55461,20.668638,22.34097,18.555058,16.6926,14.898476,15.821647,12.917406,17.149925,19.886198,22.96742,21.328335,26.949018,28.419643,28.247726,28.54952,24.643223,26.456203,29.668196,24.604233,21.748064,20.169357,17.068007,16.659042,16.359335,13.266917,12.142198,10.137634,6.9436655,8.825959,5.0702934,9.045197,10.212123,12.18414,14.911727,15.345976,19.013014,19.279163,23.549736,25.333763,25.086658,26.300905,25.498203,21.44866,19.40823,16.070253,12.57966,8.215321,7.847755,5.769514,9.514437,12.85157,15.330972,18.15959,20.644613,24.343735,23.872458,20.833387,20.498234,26.124355,22.94268,18.25342,20.69097,25.132109,28.356386,28.237587,24.869678,28.431091,22.186684,25.151676,23.720945,25.482157
24,17.583492,14.285172,16.994534,12.687182,13.86746,17.271242,16.144108,21.855755,20.646948,27.33732,28.22644,32.711422,31.8971,29.532213,26.922478,23.141577,20.964695,17.646608,15.297997,11.30601,12.777474,11.248685,7.731001,5.0137267,0.0,5.165986,6.770168,9.885839,12.556676,14.422788,18.722849,20.266369,27.424543,28.324266,30.753084,34.16219,34.991077,33.019505,29.461876,25.023785,26.795017,21.55458,23.35066,18.713575,15.843252,13.974586,13.547133,10.238012,13.617606,16.189306,19.824938,19.322182,24.688341,26.801636,27.343342,28.164167,24.707262,27.160572,30.432076,25.53864,22.904213,20.042488,16.47712,14.914987,13.765079,9.604571,7.997292,6.2369647,5.135385,9.212052,7.765818,12.580506,13.926507,16.733904,19.219217,20.063307,23.531948,23.510086,27.955217,29.30507,28.47053,29.76005,28.415625,24.409163,22.684053,18.995169,15.243378,11.16929,9.220775,6.5687275,8.568974,11.619521,13.017558,14.614517,18.483143,21.922892,22.37778,19.82565,19.841784,25.828566,22.675755,18.400333,21.799152,25.927252,28.966316,29.56393,26.435957,30.678875,24.731794,28.278542,27.187567,29.38144
25,20.06667,16.478144,17.780376,12.766822,12.880885,15.575216,13.600231,18.757463,16.84169,23.715218,23.688871,28.39082,27.74354,25.30186,23.301497,19.069376,17.511572,13.609856,12.111936,7.8696303,10.68837,11.172408,8.85821,4.532176,5.165986,0.0,5.8890805,6.0467663,8.035897,9.88016,13.776399,15.318611,22.377794,23.238358,25.728004,29.085764,30.099592,28.19384,24.60464,20.169538,22.042494,16.95351,18.562971,14.360704,12.26442,10.406018,11.440766,8.878917,13.288036,16.331696,19.009016,17.296604,22.687012,24.24505,23.966446,24.330006,20.714561,22.780647,26.258242,21.424347,18.538141,16.645573,13.127916,12.896601,12.078824,10.094422,9.078532,7.9703307,6.759419,8.626353,6.2278113,10.63009,10.197593,13.5175705,15.087923,16.163754,19.23134,18.981602,23.534626,24.740131,23.483732,24.693083,23.258055,19.266418,17.609905,13.9159565,10.243527,6.1618624,4.918018,4.5634336,7.66867,9.74112,12.894789,15.242477,17.604828,20.540138,20.76485,17.880621,16.88509,23.060354,20.591238,15.802447,18.043749,22.591896,25.641706,25.695192,22.513664,26.250038,20.171762,23.7953,22.427479,24.879723
26,22.232601,18.094194,20.213148,15.540183,15.053484,19.043447,15.642216,21.71056,19.214033,26.279268,26.398228,30.611654,30.9002,28.91005,27.036703,22.921026,21.997406,17.919987,17.356768,13.134956,16.536983,16.2233,13.6925745,9.632719,6.770168,5.8890805,0.0,4.886224,8.793442,9.833482,14.977194,16.432856,23.26035,25.263569,26.70978,30.525688,31.177307,28.648453,25.706182,21.450872,21.890928,16.5242,18.487602,13.600256,9.651787,8.372681,6.8344126,5.253856,8.205906,11.862509,14.757833,14.584864,19.150835,21.611431,21.850107,22.725122,20.09339,22.858805,26.61356,22.343575,19.718533,16.633877,12.424727,11.151358,7.859938,6.562611,3.7731972,4.172165,7.125607,9.706151,10.068015,14.609863,14.296483,18.41286,19.601408,21.352058,24.06033,23.637463,28.247839,29.067007,26.850773,27.870869,25.725946,22.035643,20.740356,17.191833,13.140576,10.525475,7.3822417,7.0604596,6.814975,7.0424113,9.1633215,9.88309,13.373189,15.670417,17.13007,14.932132,14.163404,20.728697,18.631834,14.523584,17.758207,21.718113,24.407253,25.383974,22.650862,27.19313,21.801922,26.100609,25.342897,28.326677
27,24.381756,20.210684,21.177214,16.162626,14.913699,18.02429,14.0023155,19.231384,16.03546,23.110792,22.254814,26.628733,27.119896,25.105782,23.896994,19.459839,19.255138,14.8183775,15.267619,11.367998,15.508047,16.56667,14.892408,10.516371,9.885839,6.0467663,4.886224,0.0,4.568631,5.250256,10.210249,11.7370405,18.424347,20.52251,21.956621,25.751522,26.630583,24.142756,21.196188,16.958784,17.353046,12.056379,13.801167,9.288147,6.2279553,4.9954133,6.2025814,6.2233863,10.025029,13.673292,15.257774,13.508481,18.020164,19.723541,18.942974,19.247417,16.42713,18.75082,22.76546,18.611725,15.726291,13.812415,9.717348,10.283051,7.790697,9.322647,8.271767,8.6914835,9.945635,10.710153,10.30579,13.906382,11.975806,16.283772,16.428703,18.355333,20.483614,19.798597,24.378653,24.980854,22.282608,23.20395,20.905397,17.299751,16.193413,12.739768,8.975359,7.364244,5.1893206,7.5844345,8.146251,7.0825725,11.076369,12.702981,14.0634985,15.631358,16.720728,14.172967,12.011432,18.784147,17.56915,12.973021,14.64105,19.078148,21.751846,22.071041,19.30372,23.227524,17.752947,22.14589,21.099277,24.36195
28,24.180384,20.026466,19.863161,14.923234,12.913105,15.246329,10.700839,15.196428,11.637564,18.657537,17.779676,22.080626,22.636347,20.774303,19.680744,15.313802,15.650558,11.223939,12.84674,9.682015,14.727268,16.120024,15.922591,12.1284485,12.556676,8.035897,8.793442,4.568631,0.0,5.7453046,6.551909,10.381773,15.873609,18.353607,19.889626,23.540215,25.157429,22.784462,19.944351,15.875532,15.8860655,11.160573,11.391243,6.562263,7.104566,4.35975,8.679222,7.7302938,11.9617605,14.721588,15.424938,12.003829,16.922438,17.618557,16.45143,16.466242,12.832086,14.863246,18.631096,14.22883,11.275583,9.989686,6.5150704,8.698105,8.875133,10.974622,11.788589,12.839032,13.721601,14.368202,12.823668,15.824408,12.83098,16.490665,15.725375,16.97733,18.47998,17.035738,21.595085,21.443455,18.675201,20.14365,17.771715,14.116134,13.770745,9.401718,8.1503725,6.8393927,7.677237,10.810723,12.344076,11.362643,15.567469,16.911009,17.989689,18.591461,20.069864,17.56622,14.420011,21.08682,20.705172,16.012215,16.109644,20.833399,23.357891,22.920546,20.20784,23.022953,17.44678,21.623186,19.764997,23.168085
29,28.850897,24.809652,25.123802,20.041222,18.44907,20.554792,16.374321,20.223196,16.327011,22.986227,20.423777,24.995098,25.808455,23.718925,23.650797,18.84921,19.575771,14.947384,16.338072,13.187277,17.087505,19.60691,18.147238,13.757994,14.422788,9.88016,9.833482,5.250256,5.7453046,0.0,7.3256993,6.667197,13.71338,15.656225,16.906075,20.721525,21.405767,18.937765,15.972569,11.789648,12.396848,7.1366453,9.607369,7.24349,5.2396445,6.4386253,8.701273,10.849387,13.947283,17.613535,18.127132,15.679606,19.224413,20.302355,18.151592,17.5895,15.235389,16.706577,21.196537,17.657873,14.5281515,14.621062,11.19162,13.438926,11.104046,14.307371,13.133006,13.081675,13.429526,12.383329,12.183179,14.143898,10.826284,15.228088,14.122322,16.747858,18.06449,17.494986,21.787928,22.51677,18.980127,19.224388,16.695057,13.476329,12.267669,10.147169,5.9280434,7.5251393,6.39755,10.127883,10.398404,8.254987,12.8464,15.369202,14.320605,15.496537,15.4919405,12.720125,9.428834,15.640356,15.357967,10.718392,10.397171,15.092911,17.68025,17.39247,14.672874,18.15507,12.877019,17.482756,16.618881,20.232027
30,29.356947,25.424164,24.262558,19.613886,17.13946,17.912336,13.399776,15.2118435,10.738391,16.56353,13.317425,17.720171,18.90761,17.19314,17.749514,13.221335,15.290265,11.137218,14.5289955,12.956783,17.613977,20.347845,20.820845,17.283463,18.722849,13.776399,14.977194,10.210249,6.551909,7.3256993,0.0,6.6636524,9.706086,12.760316,13.999699,17.504059,19.707613,17.468042,14.9668045,11.530115,10.946573,7.839595,6.1197386,4.815582,9.25544,8.441921,13.112118,13.764602,17.211842,19.700687,19.09132,14.681424,18.274542,17.68187,14.756693,13.492965,9.957033,10.362752,14.53964,10.971503,7.7332926,10.25321,8.931864,12.964861,13.691069,17.189117,18.014072,18.889366,19.273438,18.73679,17.153843,18.668524,14.382947,17.408081,14.921174,16.230642,16.20791,14.201056,18.2193,17.395292,13.334076,14.595363,11.68557,8.543193,9.380784,5.917247,7.95336,9.745722,11.86236,15.714676,17.120815,15.455645,19.985909,21.746847,21.122131,20.886536,21.849392,19.422245,15.247786,20.85714,21.788706,17.423176,15.146694,19.717686,21.819006,20.346142,17.997862,19.199171,14.23373,18.103434,15.727071,19.530933
31,33.627995,29.83827,29.277393,24.312498,22.464888,23.24047,19.38957,21.216768,17.019402,22.47585,17.834778,22.508987,23.47214,21.323034,22.738096,17.86838,19.68131,15.433508,17.812307,16.002968,19.342396,23.148806,22.354063,18.415092,20.266369,15.318611,16.432856,11.7370405,10.381773,6.667197,6.6636524,0.0,7.92527,9.041117,10.536944,14.144531,15.023711,12.941723,9.638309,5.5115333,7.4609475,4.4194965,6.444401,8.908721,10.188388,11.712047,14.746215,17.055899,20.09118,23.450024,23.137964,19.787247,22.576519,22.591522,19.074114,17.373999,15.359921,15.216787,19.72331,17.076828,13.987146,16.748114,14.721666,18.192722,16.90402,20.604519,19.794643,19.559175,19.111954,17.045868,16.40043,16.556664,12.047994,15.332643,12.407117,15.257389,15.070149,14.471145,17.993734,18.700348,14.223849,13.516491,10.821003,8.431972,7.3311768,8.071678,6.238583,10.573687,11.429498,15.299383,15.940502,13.937281,18.39206,21.381882,18.825993,19.487448,18.45474,15.76841,11.902276,15.958516,16.928604,12.929227,9.188334,13.675501,15.878267,13.973314,11.445993,12.860139,7.8061132,12.204185,10.97712,15.063817
32,38.892822,35.078156,33.654167,29.119017,26.619827,26.648952,22.49857,22.517593,18.122486,21.541817,15.341314,18.835701,20.987371,19.675861,22.585657,18.580069,21.838024,18.52991,22.222813,21.501137,25.134487,28.973225,29.177542,25.563833,27.424543,22.377794,23.26035,18.424347,15.873609,13.71338,9.706086,7.92527,0.0,6.233543,4.645773,8.325385,10.83585,8.617732,7.635002,7.27549,4.9327345,8.079837,5.7661095,11.634575,15.349199,16.619198,20.184792,22.57709,25.120014,27.772533,26.254314,22.158993,23.630419,22.359255,17.690344,14.932647,14.013375,12.051218,15.988152,15.398313,13.315624,17.982891,17.661573,21.85927,21.635221,26.21179,26.30516,26.767399,26.809404,24.962084,24.103886,24.069748,19.309923,21.669407,17.806269,19.785852,17.97677,16.443773,18.646574,17.783375,11.845744,10.769553,6.9127226,7.7562013,9.519914,11.39676,13.4547615,17.424568,19.06698,23.021288,23.699228,21.297419,25.566534,27.817984,24.954313,24.013235,23.76624,21.79623,17.284433,20.033295,22.729677,19.708189,14.810331,17.834126,18.817167,16.00254,14.914443,13.293226,11.309528,14.091312,12.27781,16.3827
33,40.093864,36.710594,35.227985,30.619171,28.684107,27.992899,24.970062,24.415056,20.611488,23.782143,16.981953,21.183723,21.996914,19.940338,23.269936,19.06847,21.873526,18.881124,21.848955,21.658674,24.037811,28.767147,28.773735,25.540255,28.324266,23.238358,25.263569,20.52251,18.353607,15.656225,12.760316,9.041117,6.233543,0.0,5.119243,6.2774787,8.432064,8.538567,5.255159,5.602428,8.991379,11.383121,10.938229,16.005466,18.869251,20.125937,23.602463,25.64238,28.800486,31.836151,30.988085,26.911877,29.154371,28.079771,23.655348,21.01154,19.403004,17.342234,20.813437,19.559391,17.172338,22.177202,21.623259,25.696962,25.431698,29.15426,28.718754,28.356646,27.272112,24.693815,23.522717,22.242825,17.481623,18.739775,14.414711,16.46529,14.021996,13.43762,14.703594,15.211037,10.02232,7.046122,5.1264024,6.7451305,6.8910193,11.505973,13.140761,17.496067,19.539404,23.221193,24.292454,22.655136,26.980225,30.265348,26.982988,27.356993,25.647882,23.189732,19.5112,21.257256,23.03215,19.976097,14.602294,17.498236,18.807783,15.021364,13.52832,10.278775,8.177441,9.004689,6.5713854,10.371972
34,42.914524,39.20211,37.843113,33.23156,30.917305,30.749914,26.909609,26.669407,22.444328,25.457071,18.685898,21.992132,23.956114,22.557112,26.017715,22.082281,25.306868,22.168034,25.569666,24.994408,28.036646,32.34691,32.24225,28.634768,30.753084,25.728004,26.70978,21.956621,19.889626,16.906075,13.999699,10.536944,4.645773,5.119243,0.0,4.2561398,6.2323136,4.6129675,4.641791,7.0996804,6.3079886,10.821917,9.914097,15.933933,18.848259,20.638079,23.752388,26.567322,29.001194,31.888876,30.407795,26.591301,27.725368,26.543161,21.682734,18.78258,18.46848,16.284275,19.873755,19.774725,17.825056,22.628185,22.194056,26.31462,25.624498,30.230064,29.843824,29.912786,29.580013,27.143751,26.569365,25.803465,21.125896,23.093822,18.99503,21.291573,19.047113,18.157219,19.506655,19.2452,13.441107,10.961614,8.026697,10.242206,11.2650795,14.749233,16.107433,20.526901,21.930775,25.748356,26.203302,23.794724,27.855467,30.5395,26.815504,26.11842,24.921934,23.059048,18.9482,20.091562,23.094389,20.756496,15.126913,17.142336,17.62971,14.09819,13.6774435,10.339044,10.506661,12.091999,11.099097,14.839135
35,45.85317,42.344326,40.69693,36.20639,33.97176,33.26924,29.892458,28.88181,24.973555,27.147898,19.86668,22.862148,24.534342,23.167608,27.226343,23.643517,26.996557,24.355303,27.728245,27.663599,30.238916,34.880123,34.98621,31.64774,34.16219,29.085764,30.525688,25.751522,23.540215,20.721525,17.504059,14.144531,8.325385,6.2774787,4.2561398,0.0,4.638844,5.919707,6.579238,10.036364,10.526958,14.977637,13.959104,19.896185,22.999481,24.634157,27.894619,30.498238,33.12296,35.97674,34.495026,30.472988,31.648272,30.181288,25.235926,22.190802,21.805927,19.145443,22.101616,22.350395,20.642563,25.958635,25.873367,30.091976,29.715443,34.124714,33.775925,33.67834,32.98483,30.33609,29.538149,28.25468,23.581524,24.84901,20.502415,22.459543,19.606863,18.887726,19.211153,18.986233,13.572831,10.3717785,8.697982,12.002361,13.054419,17.246058,19.132885,23.543032,25.299297,29.039726,29.711773,27.563728,31.640974,34.580204,30.69786,30.205904,28.629137,26.723886,22.86815,23.381256,26.281023,24.12812,18.302242,19.894384,20.181454,16.164219,16.032715,11.224718,12.553376,12.453962,11.357476,14.18675
