,0,1,2,3,4,5,6,7,8,9,10,11,12,13,14,15,16,17,18,19,20,21,22,23,24,25,26,27,28,29,30,31,32,33,34,35,36,37,38,39,40,41,42,43,44,45,46,47,48,49,50,51,52,53,54,55,56,57,58,59,60,61,62,63,64,65,66,67,68,69,70,71,72,73,74,75,76,77,78,79,80,81,82,83,84,85,86,87,88,89,90,91,92,93,94,95,96,97,98,99,100,101,102,103,104,105,106,107,108,109,110
0,0.0,4.290284,6.143061,9.436491,11.8290825,14.101515,17.1415,21.522427,24.279575,26.728674,30.983633,28.136362,26.270445,25.331738,20.476807,20.62008,15.681035,16.15931,13.863194,13.935764,14.386765,10.245329,15.229779,17.046238,16.250195,19.344408,18.27748,21.880491,19.340845,23.698725,22.677322,27.47794,31.28928,33.32243,35.711662,37.660107,41.11928,40.33269,37.444366,34.067856,35.190643,31.427547,29.237375,27.902773,25.542074,24.117085,19.872507,20.531403,16.720499,17.866995,16.498478,17.347885,18.499165,17.138636,11.955483,13.607804,12.354609,15.992964,16.69246,18.523214,17.426687,22.777039,23.945644,26.436356,31.154741,30.514822,34.24931,34.574764,37.16845,38.631107,35.41151,38.306194,34.525787,40.50104,35.22733,37.626198,37.90088,36.02695,36.404213,38.322105,35.21729,32.141045,30.865717,27.78464,27.499758,23.05339,25.24713,20.327694,22.906694,22.889706,25.17245,28.739128,31.87649,35.07,37.31999,37.473248,37.820324,35.718693,35.004757,30.44534,30.776337,27.927277,25.63585,26.943974,24.460747,24.94293,27.322773,28.541782,28.321281,31.77617,30.281864
1,4.290284,0.0,5.317799,6.3659587,8.662619,11.985812,14.141025,19.293003,21.330019,24.14332,28.004652,25.368818,24.011095,22.73095,18.17533,17.48137,12.677229,12.385278,10.14338,9.654342,10.36604,6.7429614,12.031213,13.372157,13.650464,16.16702,15.207569,18.262125,15.373362,19.577995,18.771292,23.31701,27.575636,29.441216,31.931831,34.01178,37.298023,36.456078,33.433624,29.96165,31.268463,27.352747,25.388735,24.053543,21.924978,20.668818,16.549797,17.747154,14.158646,16.055584,14.869784,16.80757,18.34026,17.877111,12.660403,14.526151,11.675161,15.516655,16.204859,16.972452,15.017427,20.499445,21.05965,23.358225,27.822691,26.974577,30.760965,30.851068,33.258823,34.610996,31.27806,34.081398,30.2662,36.234802,31.026958,33.417786,33.81919,32.044483,32.594566,34.6165,31.700953,28.449598,27.288105,24.029457,23.44415,19.11008,20.993221,16.045527,18.701431,18.879827,21.31959,25.053925,28.03132,31.32968,33.471363,33.452446,33.76306,31.525078,30.853693,26.203302,26.714048,23.775045,21.738049,23.460196,20.78782,20.998224,23.658628,24.499865,24.554178,27.925941,26.727968
2,6.143061,5.317799,0.0,5.2067337,6.6420836,8.336546,11.453664,15.455912,18.486277,20.681635,25.138773,22.43308,20.46116,19.898783,15.004396,15.543851,11.308675,11.95465,11.678523,11.869995,14.094534,11.535763,16.72359,17.054106,17.384256,19.192518,16.61561,19.831503,15.760378,20.244532,18.195478,23.55658,26.155695,28.658127,30.660088,32.495094,36.167572,35.41269,32.89768,29.851967,30.473465,27.388092,24.630333,24.145372,20.95539,20.532103,16.390083,17.897724,14.767785,16.348558,16.484114,17.06879,19.698784,17.957153,12.907707,13.188783,10.074423,13.145032,12.492686,14.202854,12.715468,18.786867,19.31122,22.382586,26.456976,26.617977,30.147652,30.905766,33.64164,34.624657,32.071373,34.81762,31.125769,37.14913,31.802715,34.79354,34.741196,32.4846,32.852962,34.364605,31.33414,28.457096,26.334314,23.51817,23.734835,19.073914,22.182236,18.143293,20.845716,21.792757,23.882473,27.63981,31.064137,34.34591,35.97405,35.758152,35.564194,33.307186,33.253967,28.296633,29.67246,26.608503,25.377434,27.728813,24.62949,24.301723,26.701187,26.568493,26.355284,29.17991,27.495203
3,9.436491,6.3659587,5.2067337,0.0,3.7611873,6.0937476,8.770897,13.435026,15.312671,18.464378,22.02235,19.072165,17.757141,16.365341,11.874035,11.240602,6.6076617,7.045219,6.785512,7.867274,10.761576,9.742685,14.909653,14.943637,17.059668,18.088192,16.016376,17.997717,12.759231,16.701342,14.581197,19.287169,22.293957,24.12373,26.613983,28.326658,31.899036,31.363997,28.511414,25.364923,26.698982,23.673761,21.272638,21.34806,18.339563,18.801287,15.06984,17.658371,15.096298,17.632542,17.85089,19.70021,22.373428,21.622206,16.640886,17.33558,13.101795,16.1255,15.256612,15.607391,12.773212,19.063028,18.315735,21.208122,24.449953,24.505098,28.05143,28.408457,30.698362,31.177927,28.487394,30.752216,26.788626,32.523346,26.938148,29.854385,29.64453,27.387613,27.719467,29.345455,26.333609,23.350664,21.556902,18.595497,18.775537,14.111518,17.488821,14.050298,17.237179,18.70111,21.262638,25.292807,28.072105,31.559694,33.087353,32.45884,32.264633,29.54475,29.48041,24.264383,26.001446,22.368845,21.653105,24.32705,20.665834,20.005152,22.054491,21.580315,21.245977,23.984396,22.32764
4,11.8290825,8.662619,6.6420836,3.7611873,0.0,5.296877,5.4871507,11.106735,12.787268,15.545324,19.420664,17.200306,16.139215,15.195802,11.020606,10.087918,7.1818266,6.120681,8.554904,7.9466114,11.668039,11.515631,15.791592,14.657507,16.75656,16.995382,13.925467,15.7682295,10.089579,14.2656,11.687659,17.092936,19.597498,22.162973,24.095274,26.100334,29.637781,28.80349,26.282812,23.2793,23.876118,20.974255,18.188797,18.320852,14.930097,15.588077,11.957314,14.845295,12.853697,15.481772,16.513815,18.20144,21.458855,20.749159,16.204443,16.44409,11.50003,13.987638,12.885294,12.491584,9.2930765,15.622638,14.623234,17.678616,20.848627,21.174864,24.62821,25.266205,27.777582,28.310778,25.990614,28.495066,24.826914,30.838104,25.583765,28.888094,28.842188,26.533743,27.163788,28.594828,25.925035,22.918613,20.448294,17.516905,17.584314,12.993259,16.26292,13.118182,15.837464,17.688955,19.722765,23.628046,26.861639,30.219814,31.343807,30.705303,30.172264,27.671913,28.057188,22.861126,25.072218,21.888403,21.701052,24.982338,21.536552,20.4129,23.058176,21.60702,21.80985,24.04616,22.737612
5,14.101515,11.985812,8.336546,6.0937476,5.296877,0.0,5.900102,7.803946,10.830402,13.479999,17.42825,14.20799,12.194505,11.630546,6.7605066,8.119063,5.851079,7.830483,10.6042595,12.165483,15.878077,15.700617,20.504461,19.710669,21.997383,22.263107,18.976248,20.581852,14.178842,17.733984,14.056246,19.18282,19.682953,22.089338,23.99067,25.224182,29.25445,28.962563,26.76258,24.302277,24.92642,23.247494,20.017591,21.550884,17.377178,19.37732,16.187359,19.296083,17.661703,19.973766,21.387491,22.3199,25.846003,24.32581,19.802458,19.261673,14.863405,16.621542,14.128581,14.776663,12.168041,18.588243,17.141115,20.779282,22.866314,24.245987,27.305326,28.338385,30.77568,30.539236,28.906511,30.821692,27.06552,32.55256,26.89544,30.471056,29.618433,26.78694,26.85087,27.738497,24.684006,22.325644,19.262453,17.108559,18.493433,13.815272,18.693401,16.975012,19.988285,22.292692,24.445738,28.380596,31.351444,34.772705,35.656483,34.685738,33.90382,31.090645,31.762342,26.331308,29.090702,25.352066,25.679531,28.950499,24.92743,23.662897,25.239365,23.510015,22.852943,24.6546,22.468424
6,17.1415,14.141025,11.453664,8.770897,5.4871507,5.900102,0.0,6.709543,7.685103,10.166282,14.138249,12.613008,11.979365,11.614289,8.5149765,7.470789,8.099505,6.702526,11.71011,11.096213,15.286624,16.31713,19.808517,17.677887,20.289986,19.411562,15.479875,16.293732,9.561885,12.856486,8.756104,14.556125,15.007552,18.356375,19.582397,21.53571,25.243765,24.371239,22.414293,19.954657,19.72897,17.90433,14.397258,15.931484,11.515181,14.001128,11.431174,15.098198,14.543951,17.15496,19.28885,20.650257,24.541445,23.753147,19.873585,19.360077,14.1042,15.303427,13.187821,11.866052,8.319764,14.10648,11.734998,15.250104,17.003555,18.444407,21.423265,22.550983,25.095898,24.976122,23.6197,25.844778,22.495909,28.363106,23.324091,27.241043,26.895033,24.261723,24.973364,25.856705,23.53122,20.868238,17.285812,14.876096,15.5261,11.296044,15.303209,14.026911,16.270521,18.992317,20.494558,24.179916,27.462555,30.681984,31.073896,30.065914,28.932919,26.397324,27.556232,22.289467,25.535633,22.48341,23.452291,27.424072,23.821508,22.01359,24.535917,21.655313,22.01373,23.254879,21.995255
7,21.522427,19.293003,15.455912,13.435026,11.106735,7.803946,6.709543,0.0,5.167075,6.075378,10.591165,8.314257,6.2156963,7.811367,5.771341,7.9911647,10.753808,11.607268,16.412352,17.23332,21.395163,22.305038,26.24998,24.322622,26.943485,26.066076,21.838493,22.51246,15.704498,18.086798,13.247624,18.101667,15.195477,18.654469,19.2459,20.121159,24.415127,24.156404,23.04656,21.632019,20.917015,21.055208,17.048494,20.286324,15.225236,19.064075,17.220953,20.744696,20.594614,22.742321,25.33152,25.823322,30.053755,28.43817,24.770906,23.404556,18.76324,19.035639,15.555548,15.259651,12.933175,17.932512,15.2501955,19.169083,19.246807,22.185848,24.370024,26.128925,28.578436,27.490324,27.31772,28.81978,25.697836,30.771463,25.636974,29.925922,28.669907,25.44939,25.571783,25.535282,23.059092,21.425251,16.762323,15.778369,18.024471,14.323502,19.599329,19.86231,22.158426,25.23193,26.666233,30.219357,33.314194,36.47855,36.45428,35.108845,33.5791,30.878113,32.50907,27.196692,31.057285,27.675076,29.23979,33.2685,29.226868,27.232456,28.792004,25.40981,25.01742,25.467958,23.41582
8,24.279575,21.330019,18.486277,15.312671,12.787268,10.830402,7.685103,5.167075,0.0,4.7819953,6.725738,5.362618,6.3598547,6.481198,7.3367524,6.550564,11.324133,10.957267,16.319168,16.782734,20.888575,22.86381,26.008797,23.597828,27.062685,25.460012,21.650555,21.142462,14.130307,15.201588,10.258496,13.925407,10.171536,13.54037,14.154377,15.144867,19.354248,19.119513,17.895796,16.632965,16.120615,16.79766,13.039551,17.265085,12.543168,17.471197,16.590334,20.64813,21.166767,23.764639,26.331606,27.653564,31.764046,30.958338,27.37405,26.480936,21.337528,21.786926,18.920197,17.376457,14.283881,18.437231,14.613554,17.863249,16.633297,19.539366,21.479069,22.87295,24.824348,23.12857,23.185225,24.182926,21.12056,25.868076,20.889938,25.340094,24.049753,20.843693,21.21079,21.093502,19.097336,17.412,12.41,11.580309,13.836898,10.989867,16.062065,17.704952,19.696964,23.181177,24.528936,27.940859,30.512608,33.615715,33.25677,31.55514,29.853151,26.929197,28.82526,23.589762,27.940388,24.579342,26.888569,31.24033,27.19276,24.786839,26.277216,22.034613,21.968954,21.759436,20.191814
9,26.728674,24.14332,20.681635,18.464378,15.545324,13.479999,10.166282,6.075378,4.7819953,0.0,5.930684,7.225207,7.4549837,9.7034445,10.613417,11.168335,15.45635,15.083023,20.536493,20.488897,24.672922,26.334513,29.409792,26.671324,29.498384,27.742773,23.208614,22.989998,16.637804,17.803703,12.908202,16.900103,11.567667,16.111656,15.212324,16.21787,20.326126,19.748226,19.638779,19.072077,16.956423,18.457129,14.142089,18.416208,13.289626,18.208784,17.719446,21.307533,22.30404,24.37169,27.540066,28.08414,32.545643,31.31348,28.298737,26.781923,21.958044,21.520205,18.205257,16.687521,14.510938,17.595596,13.946979,17.412952,15.612407,19.556118,20.899755,23.081669,25.418047,23.785822,24.757195,26.020754,23.654387,28.38832,24.118664,28.770672,27.590809,24.419117,24.910788,24.366156,22.772484,21.468792,16.082277,15.7954,17.907915,15.4815035,19.93105,21.384325,22.867743,26.271729,27.038933,30.108131,33.20315,36.041054,35.308228,33.753815,31.692461,29.26254,31.58762,26.66657,31.140636,28.357182,30.713232,35.214245,31.448301,29.001585,30.850693,26.396988,26.58348,26.12614,24.705048
10,30.983633,28.004652,25.138773,22.02235,19.420664,17.42825,14.138249,10.591165,6.725738,5.930684,0.0,5.4734015,8.477506,9.542341,12.872241,12.300807,17.626942,17.136564,22.438122,22.752386,26.711779,29.162691,31.792797,28.957367,32.627438,30.42599,26.531828,25.27037,18.874943,18.60913,14.093596,15.804511,8.381757,11.953345,10.680884,10.719674,15.014121,15.086739,15.337474,15.701729,14.004971,17.129461,13.585882,19.130611,14.863892,20.634672,20.983112,24.932579,26.278002,28.715336,31.684654,32.894947,37.17947,36.466576,33.327297,32.17173,27.08893,26.942099,23.918299,21.967926,19.314997,21.922697,17.556911,20.169489,16.710724,20.618414,21.393059,23.095129,24.569342,21.751646,23.34687,23.476267,21.286783,24.884401,20.844187,25.54808,23.84167,20.538868,20.901428,19.766539,18.754786,18.111141,12.417168,13.3132925,15.92749,14.952276,19.20089,22.322945,23.663733,27.391909,28.2481,31.15947,33.40651,36.178432,35.08802,33.01598,30.779835,27.976944,30.564447,25.830244,30.796629,27.815748,30.967083,35.581524,31.642376,28.875753,30.060131,24.889261,24.959162,23.54542,22.297255
11,28.136362,25.368818,22.43308,19.072165,17.200306,14.20799,12.613008,8.314257,5.362618,7.225207,5.4734015,0.0,4.1214366,4.207363,8.381503,8.659021,13.870176,14.612034,19.32529,20.81436,24.721281,26.842804,30.180798,28.077826,31.93319,30.369755,26.866283,26.0709,18.986776,19.404646,14.708832,16.77274,11.368867,13.194739,13.946822,13.351355,17.932941,18.717022,17.846,17.48648,17.598063,19.669786,16.411266,21.4716,17.110558,22.45356,21.850595,25.967459,26.484392,29.112852,31.600471,32.912895,37.008068,36.04079,32.30949,31.324984,26.34533,26.772665,23.56652,22.449024,19.564846,23.606312,19.657253,22.736813,20.5145,23.767025,25.233263,26.5504,27.99927,25.397724,26.00832,26.033613,23.000525,26.575802,21.457348,25.843826,23.641891,20.03772,19.706482,18.782747,16.664577,16.099062,10.663454,11.528102,15.070869,13.157835,18.720917,21.489105,23.673597,27.307755,28.889372,32.286987,34.2752,37.401173,36.889153,34.820297,33.03765,29.772825,31.760038,26.566996,31.187737,27.372684,30.106884,34.334675,29.904549,27.417063,27.852983,23.406378,22.593134,21.660973,19.471268
12,26.270445,24.011095,20.46116,17.757141,16.139215,12.194505,11.979365,6.2156963,6.3598547,7.4549837,8.477506,4.1214366,0.0,4.020397,6.319455,8.919333,13.0852,14.768472,19.174932,21.048203,25.036404,26.458923,30.409489,28.66679,32.02597,30.964396,27.191185,27.153776,20.00563,21.327862,16.459042,19.61008,14.955046,17.13299,17.912401,17.443151,22.028446,22.707792,21.850657,21.231075,21.172245,22.718613,19.124855,23.614542,18.848629,23.653296,22.405916,26.264456,26.332941,28.705002,31.18156,31.968586,36.12497,34.60016,30.782244,29.501509,24.8986,25.243387,21.652191,21.36716,18.929571,23.53168,20.215418,23.789951,22.419043,25.747482,27.448793,29.035948,30.880428,28.730597,29.116858,29.567173,26.409184,30.353544,25.033474,29.31641,27.161339,23.553009,23.034529,22.257906,19.683737,19.078691,14.051076,14.497394,17.971634,15.185876,21.11293,22.92056,25.399181,28.813425,30.514177,34.077133,36.440895,39.658585,39.408085,37.578297,35.921844,32.768135,34.557,29.214775,33.523483,29.6095,31.81644,35.830368,31.330305,29.129538,29.579506,25.784277,24.68314,24.325943,21.699257
13,25.331738,22.73095,19.898783,16.365341,15.195802,11.630546,11.614289,7.811367,6.481198,9.7034445,9.542341,4.207363,4.020397,0.0,5.0773964,6.177127,10.6912155,12.494977,16.4855,18.847979,22.604307,24.38997,28.214943,26.715322,30.606646,29.567808,26.448696,26.041101,18.722279,19.706219,15.167671,17.546549,14.040257,15.031811,16.902233,16.371796,20.859154,21.797007,20.180016,19.165245,20.282434,21.385303,18.375345,22.80133,18.54311,23.313383,22.02039,26.129503,26.001558,28.735104,30.774515,32.206745,36.06202,34.992607,30.852694,30.097301,25.258099,26.189297,23.055912,22.500341,19.478546,24.42294,20.895584,24.162348,22.923702,25.596205,27.566465,28.594847,30.074944,27.815456,27.642756,27.779654,24.220201,27.945848,22.209534,26.23918,23.940762,20.33066,19.646236,19.180216,16.27469,15.461092,10.886435,11.140964,14.855898,12.095375,18.302576,20.46239,23.217457,26.645042,28.72194,32.42342,34.267754,37.615673,37.57583,35.6019,34.195946,30.707558,32.193096,26.75437,30.955164,26.647633,28.902933,32.764618,28.071283,25.885105,25.893555,22.225048,20.837978,20.547792,17.74942
14,20.476807,18.17533,15.004396,11.874035,11.020606,6.7605066,8.5149765,5.771341,7.3367524,10.613417,12.872241,8.381503,6.319455,5.0773964,0.0,4.913675,7.071007,9.765078,13.386601,15.890303,19.694984,20.688166,25.07531,23.971674,27.289156,26.844938,23.651655,24.090706,16.882277,19.018223,14.598221,18.35283,16.630522,18.284586,20.279737,20.52627,24.881098,25.312477,23.38056,21.656738,22.642736,22.510277,19.29179,22.60007,18.18639,21.955301,19.806217,23.60026,22.82363,25.400316,27.187603,28.366032,32.09954,30.743196,26.406324,25.676432,21.084488,22.305994,19.246647,19.325119,16.4669,22.18357,19.449532,23.035097,23.206,25.42988,27.916174,28.987703,30.91587,29.49796,28.658892,29.557268,25.795362,30.334187,24.454826,28.29706,26.542221,23.207743,22.753088,22.934566,19.776917,18.241814,14.444534,13.447948,16.280731,12.314719,18.432161,18.98767,22.035635,25.062147,27.284868,31.175219,33.477287,36.923252,37.320477,35.746708,34.622566,31.339708,32.445786,26.88624,30.50517,26.257307,27.685108,31.27611,26.704407,24.921238,25.416151,22.668428,21.383495,22.128992,19.354134
15,20.62008,17.48137,15.543851,11.240602,10.087918,8.119063,7.470789,7.9911647,6.550564,11.168335,12.300807,8.659021,8.919333,6.177127,4.913675,0.0,5.5265546,6.3474717,10.673971,12.68307,16.451315,18.416292,22.050173,20.604248,24.63962,23.71809,21.090187,20.71713,13.405208,14.846067,10.784911,13.783654,13.4613,14.55252,17.181622,17.928186,21.91852,22.160984,19.625221,17.411581,19.104574,18.389025,15.743313,18.953474,15.188661,19.067457,17.304888,21.448093,20.940872,23.962177,25.514618,27.569191,31.066357,30.558033,26.227253,26.10275,21.007597,22.605745,20.304167,19.319494,15.706361,21.080675,17.814674,20.798935,20.805191,22.347807,24.986801,25.501472,27.070055,25.635403,24.339544,25.11754,21.157322,25.784067,19.843422,23.606977,22.16765,19.052578,18.994837,19.67425,16.783825,14.533146,11.143652,9.218715,11.509823,7.405323,13.548868,14.635635,17.664207,20.874407,23.20731,27.095999,28.988054,32.459038,32.84987,31.1392,30.120724,26.66215,27.66873,22.093561,25.796524,21.490646,23.235159,27.039442,22.498743,20.455624,21.18749,17.988367,17.139889,17.860971,15.681893
16,15.681035,12.677229,11.308675,6.6076617,7.1818266,5.851079,8.099505,10.753808,11.324133,15.45635,17.626942,13.870176,13.0852,10.6912155,7.071007,5.5265546,0.0,4.5484796,6.353433,9.652925,13.021684,14.020501,18.488731,18.049353,21.691036,21.728374,19.72442,20.22866,13.5032015,16.0438,12.985146,16.502615,18.29041,19.170563,22.165525,23.176037,26.947258,27.04118,24.09453,21.308588,23.399755,21.478542,19.173332,20.963148,17.65471,20.04684,17.30107,20.942015,19.40319,22.367847,23.136488,25.297712,28.298307,27.731482,22.951307,23.297249,18.610378,20.982847,19.208876,18.9636,15.510614,21.616816,19.376152,22.34896,23.834242,24.56268,27.720245,27.980692,29.72678,29.062616,26.88011,28.140001,23.916174,28.874792,22.790688,25.926315,24.884792,22.17478,22.062183,23.35805,20.12035,17.495785,15.526098,12.987892,14.267247,9.61323,14.785861,13.810503,17.38974,19.857788,22.68084,26.804441,28.759508,32.37997,33.455933,32.13296,31.64846,28.280163,28.571455,23.007097,25.720877,21.242193,21.807306,24.93411,20.40083,19.065084,19.841713,18.300999,17.197945,19.216946,16.914747
17,16.15931,12.385278,11.95465,7.045219,6.120681,7.830483,6.702526,11.607268,10.957267,15.083023,17.136564,14.612034,14.768472,12.494977,9.765078,6.3474717,4.5484796,0.0,5.650568,6.3598614,10.275538,12.304133,15.746622,14.4277,18.465996,17.861797,15.931003,15.884501,9.117072,11.587997,9.041185,12.7384815,15.965146,17.214008,20.039047,21.794851,25.142773,24.702322,21.60253,18.426575,20.324146,17.604029,15.576336,16.710129,13.915995,15.951792,13.440524,17.2787,16.109802,19.377907,20.195705,22.956535,25.921858,26.06422,21.587076,22.264511,17.11112,19.516993,18.410746,17.090687,13.146792,18.69214,16.21834,18.675903,20.384428,20.510687,23.826183,23.807024,25.53274,25.24626,22.729465,24.375908,20.25948,25.73583,20.047411,23.235558,22.9043,20.57712,21.149376,22.77929,20.150454,16.948631,15.067857,11.8265915,11.801893,7.1202226,11.117248,9.617498,12.990806,15.611974,18.250568,22.340511,24.446466,28.013638,28.998762,27.758358,27.26033,24.059954,24.402403,18.887524,21.644575,17.601103,18.32203,21.935022,17.79589,16.139772,18.088634,15.95197,15.970633,17.961563,16.740475
18,13.863194,10.14338,11.678523,6.785512,8.554904,10.6042595,11.71011,16.412352,16.319168,20.536493,22.438122,19.32529,19.174932,16.4855,13.386601,10.673971,6.353433,5.650568,0.0,5.3221927,7.2521253,8.69641,12.790352,13.208208,17.326159,17.796131,17.451656,17.776926,12.496787,14.893665,13.823971,16.385834,20.956503,21.179852,24.67985,26.236786,29.346212,29.136963,25.533417,22.043352,24.906126,21.574373,20.344238,20.619303,18.739454,19.678812,16.773191,19.947025,17.876564,21.079504,20.721008,23.95365,26.04269,26.48331,21.59391,23.057821,18.572145,21.764156,21.306692,20.602558,16.970854,22.607244,20.854124,22.955282,25.342451,24.698896,28.249395,27.72037,29.1642,29.193716,25.873243,27.397049,22.995325,28.087322,22.225569,24.478981,24.26949,22.372036,22.66662,24.837242,21.88169,18.555296,18.243801,14.896427,14.435375,10.345351,13.020583,10.218635,14.066565,15.652649,19.056726,23.238894,24.671211,28.3776,30.11666,29.068125,29.24781,25.919878,25.354906,20.07152,21.64117,17.122475,16.613367,19.146467,14.785705,14.055229,15.362613,15.343291,14.765526,17.955812,16.587755
19,13.935764,9.654342,11.869995,7.867274,7.9466114,12.165483,11.096213,17.23332,16.782734,20.488897,22.752386,20.81436,21.048203,18.847979,15.890303,12.68307,9.652925,6.3598614,5.3221927,0.0,4.215554,6.8194494,9.401924,8.4213295,12.702806,12.6133995,12.341243,12.572024,8.281556,11.134161,11.250158,14.289741,20.049501,21.109041,23.998314,26.35186,29.06076,28.15393,24.68406,20.933678,23.03061,18.75549,17.715748,16.658175,15.485852,15.219366,12.286992,15.177087,13.229574,16.62297,16.199032,20.003881,22.021309,23.178802,18.740488,20.52841,15.7569275,18.94801,19.341217,17.732931,13.999586,18.808615,17.3758,18.860395,21.999826,20.60336,24.354664,23.663464,25.327614,26.154095,22.489477,24.81491,20.802034,26.635628,21.548796,23.878922,24.603619,23.147,24.187893,26.504856,24.207947,20.521067,19.878819,16.174072,14.52779,10.859006,11.414047,6.5918384,9.868979,11.120322,14.183967,18.342287,20.452868,24.042871,25.777454,25.105116,25.2963,22.492811,21.959972,16.93199,18.201187,14.744928,13.919894,17.044659,13.707324,12.77912,16.143257,15.545098,16.499744,19.469788,19.254261
20,14.386765,10.36604,14.094534,10.761576,11.668039,15.878077,15.286624,21.395163,20.888575,24.672922,26.711779,24.721281,25.036404,22.604307,19.694984,16.451315,13.021684,10.275538,7.2521253,4.215554,0.0,4.7360682,5.825377,6.4715195,11.093618,11.694336,13.34892,13.4725685,11.235684,13.39279,14.691682,16.674835,23.402674,23.88109,27.064217,29.460623,31.828524,30.917099,27.14323,23.18288,25.800066,21.015844,20.714722,18.91964,18.704733,17.618307,14.860868,17.026867,14.7456045,17.95585,16.510061,20.913073,22.027834,23.853153,19.490852,21.985897,17.81266,21.344042,22.378595,20.85119,17.388575,21.6876,20.668398,21.60352,25.064041,22.947512,26.761559,25.567614,26.911821,28.096909,23.802038,26.109098,22.103922,27.64871,22.82849,24.389,25.526035,24.591446,25.689974,28.397934,26.188877,22.370502,22.664484,18.872604,16.700891,13.735994,12.924574,7.4385867,10.22901,10.131661,13.663439,17.64617,19.101316,22.690277,25.043068,24.621098,25.404043,22.692669,21.397108,16.893553,16.922096,13.609568,11.47551,13.70316,10.816059,10.778856,14.466312,15.366256,16.510607,20.064865,20.271248
21,10.245329,6.7429614,11.535763,9.742685,11.515631,15.700617,16.31713,22.305038,22.86381,26.334513,29.162691,26.842804,26.458923,24.38997,20.688166,18.416292,14.020501,12.304133,8.69641,6.8194494,4.7360682,0.0,5.811186,8.28636,10.321937,12.612789,13.9704485,15.656222,13.909615,17.048084,17.78611,20.791935,26.85361,27.811777,30.807579,33.129356,35.80808,34.893444,31.322947,27.462908,29.644995,24.967766,24.132917,22.143627,21.40265,19.764133,16.298412,17.691877,14.511627,17.129097,15.105377,18.935293,19.645304,21.000875,16.338701,19.108665,15.769368,19.655815,20.979708,20.336197,17.540268,22.178854,22.082806,23.394533,27.611816,25.706434,29.605177,28.796568,30.562288,32.061523,27.922436,30.538174,26.637083,32.324112,27.434128,29.087011,30.058912,28.93383,29.800814,32.368755,29.834028,26.18728,26.155027,22.498579,20.859577,17.348295,17.429623,11.870792,14.372502,13.807574,16.84143,20.583199,22.618387,26.006195,28.576958,28.542746,29.374634,27.004875,25.680056,21.394878,21.068768,18.173058,15.461382,16.771486,14.449853,15.067084,18.244345,19.835468,20.474566,24.215714,23.887333
22,15.229779,12.031213,16.72359,14.909653,15.791592,20.504461,19.808517,26.24998,26.008797,29.409792,31.792797,30.180798,30.409489,28.214943,25.07531,22.050173,18.488731,15.746622,12.790352,9.401924,5.825377,5.811186,0.0,4.7784348,7.24164,9.2289095,12.943308,13.676388,14.442874,16.547155,18.851774,20.7453,28.044731,28.7849,31.67541,34.42442,36.463566,35.18678,31.469603,27.409906,29.656345,24.235477,24.319155,21.211948,21.887878,19.263498,16.560389,17.315248,14.639443,17.21213,14.497147,19.40663,19.266876,22.064434,18.301548,21.602633,18.408815,22.08315,24.187263,22.633574,19.819693,23.097168,23.066296,23.320206,27.69007,24.741505,28.609118,27.140387,28.527752,30.634222,25.87883,28.7424,25.22635,30.83243,26.811785,27.85092,29.678669,29.260126,30.630728,33.53306,31.58092,27.673811,28.19225,24.347847,21.720121,19.200354,17.23626,11.233952,12.373229,10.358052,13.18736,16.41381,18.013206,21.185394,24.198668,24.557611,25.891287,23.966742,22.071806,18.697203,17.134369,15.422727,11.727099,12.5518055,11.9355,12.959866,17.399225,19.265734,20.9615,24.652023,25.3838
23,17.046238,13.372157,17.054106,14.943637,14.657507,19.710669,17.677887,24.322622,23.597828,26.671324,28.957367,28.077826,28.66679,26.715322,23.971674,20.604248,18.049353,14.4277,13.208208,8.4213295,6.4715195,8.28636,4.7784348,0.0,5.9879985,5.4776487,9.051868,8.955012,10.63354,12.471494,15.322003,17.269882,24.653847,25.906862,28.289677,31.387737,33.229187,31.596378,28.138744,24.138899,25.747856,20.121418,20.242907,16.647535,17.732527,14.749121,12.494954,13.358697,11.440861,14.383654,12.429588,17.66634,18.22264,21.2734,17.9734,20.858837,16.97727,20.17865,22.302942,19.904778,16.894793,19.39608,19.102577,18.91763,23.24521,20.051138,23.901672,22.417965,23.935575,26.280281,21.638512,24.905638,21.720358,27.753172,24.188362,25.641994,27.766127,27.352222,29.10639,31.84509,30.29201,26.321894,26.2947,22.44032,19.481457,17.249077,14.609007,8.429026,8.542029,6.5324736,8.867517,12.361608,14.875626,18.070267,20.588455,20.941662,21.902378,20.233171,18.84462,15.398231,14.434197,13.48255,10.776347,13.246197,12.733943,12.6509,18.009813,18.291328,20.713108,23.783665,24.927477
24,16.250195,13.650464,17.384256,17.059668,16.75656,21.997383,20.289986,26.943485,27.062685,29.498384,32.627438,31.93319,32.02597,30.606646,27.289156,24.63962,21.691036,18.465996,17.326159,12.702806,11.093618,10.321937,7.24164,5.9879985,0.0,4.5582757,8.238011,10.576796,14.08428,16.746246,19.2503,22.19544,28.949816,30.980715,32.848186,36.133415,38.084064,36.1614,33.090508,29.231459,29.957739,24.313292,23.96089,19.65303,20.557491,16.283165,13.605001,12.548958,9.798014,11.435553,8.062903,13.387301,12.851688,16.57031,14.051329,17.472116,14.866089,18.007334,21.151173,19.14339,17.267956,18.907116,20.12858,19.806814,25.28827,21.995237,25.792456,24.739637,26.81896,29.93873,25.55444,29.434355,26.741718,33.006042,29.810074,31.379368,33.62985,33.16348,34.93465,37.552124,35.92001,32.003113,31.52192,27.727825,25.015932,22.42248,20.24749,14.089202,13.749195,11.413371,12.057561,14.349188,17.96581,20.424969,23.054337,24.21091,25.18825,24.435255,23.136864,20.429153,18.97758,19.095634,15.996474,17.537642,17.996353,18.383787,23.655272,24.27667,26.597015,29.73348,30.68675
25,19.344408,16.16702,19.192518,18.088192,16.995382,22.263107,19.411562,26.066076,25.460012,27.742773,30.42599,30.369755,30.964396,29.567808,26.844938,23.71809,21.728374,17.861797,17.796131,12.6133995,11.694336,12.612789,9.2289095,5.4776487,4.5582757,0.0,5.934783,6.495108,11.581977,13.408264,16.605835,19.0193,25.962667,28.113852,29.641445,33.174114,34.780415,32.6034,29.679247,25.89644,26.28322,20.456284,20.452755,15.663203,17.332312,12.769178,11.010819,10.162947,8.838543,11.038588,9.026796,14.512145,14.836932,18.680183,16.60486,19.415482,15.986207,18.54536,21.438818,18.480146,16.217762,16.93198,17.553858,16.539888,21.697702,17.955086,21.685205,20.367163,22.343302,25.646988,21.25651,25.346792,23.012417,29.374506,26.723692,28.403421,30.9512,30.648136,32.7371,35.282402,34.082596,30.145721,29.516577,25.774813,22.70067,20.683157,17.708363,12.02395,10.603856,8.285566,7.9028473,10.130178,14.387161,16.81132,19.005444,20.111681,20.850151,20.326872,19.365604,16.867256,15.76628,16.619732,14.343521,16.877579,17.442059,17.141163,22.899984,22.490839,25.381456,28.004507,29.427748
26,18.27748,15.207569,16.61561,16.016376,13.925467,18.976248,15.479875,21.838493,21.650555,23.208614,26.531828,26.866283,27.191185,26.448696,23.651655,21.090187,19.72442,15.931003,17.451656,12.341243,13.34892,13.9704485,12.943308,9.051868,8.238011,5.934783,0.0,5.0435557,8.764805,11.804454,13.658365,17.681835,23.045116,26.287117,27.10918,30.673927,32.680897,30.370167,28.056976,24.652092,23.888414,18.718956,17.486832,13.069812,13.383079,8.526389,5.869229,4.492121,3.4678748,6.375074,6.839939,11.177377,13.362777,15.991638,14.033691,15.7848215,11.646057,13.506425,16.16394,12.743822,10.706647,11.059096,12.117018,11.63957,17.443783,14.612038,18.385208,18.147848,20.997478,24.099077,20.75811,25.094658,22.919224,29.688377,26.813278,29.400217,31.456566,30.556328,32.555065,34.600758,33.31263,29.611559,27.867237,24.390326,21.964273,19.414675,17.733538,12.721573,11.736009,11.298689,10.530282,12.923086,18.028473,20.38991,21.562677,22.325693,22.118504,21.601847,21.74355,18.54548,19.065702,19.36625,18.281288,21.626282,21.10714,20.173357,25.57255,24.06276,26.652344,28.806404,29.725487
27,21.880491,18.262125,19.831503,17.997717,15.7682295,20.581852,16.293732,22.51246,21.142462,22.989998,25.27037,26.0709,27.153776,26.041101,24.090706,20.71713,20.22866,15.884501,17.776926,12.572024,13.4725685,15.656222,13.676388,8.955012,10.576796,6.495108,5.0435557,0.0,7.3401365,8.279815,11.6268425,14.10637,20.367537,23.143908,23.972301,27.741905,29.215374,26.759138,24.28033,20.798573,20.264557,14.602286,14.339516,9.26365,11.25929,6.6329746,6.3804574,6.9719014,8.207321,11.038301,11.619187,16.057993,18.014776,20.975458,19.032845,20.710112,16.218887,17.84806,19.871122,15.8989315,13.110985,12.932461,12.289805,10.751338,15.322301,11.565588,15.376289,14.267526,16.586859,19.708395,15.934152,20.301151,18.3274,25.036253,22.711811,25.124996,27.561651,27.023893,29.34793,31.490088,30.697374,26.9362,25.543835,22.075642,19.038591,17.462442,14.452438,10.284605,8.016531,7.9072704,6.276111,8.81511,13.796532,16.246181,17.03959,17.485485,17.16717,16.571505,16.8916,13.878518,14.742724,15.602837,15.349895,19.312979,18.95781,17.514784,23.163795,20.930298,24.098082,25.80775,27.365711
28,19.340845,15.373362,15.760378,12.759231,10.089579,14.178842,9.561885,15.704498,14.130307,16.637804,18.874943,18.986776,20.00563,18.722279,16.882277,13.405208,13.5032015,9.117072,12.496787,8.281556,11.235684,13.909615,14.442874,10.63354,14.08428,11.581977,8.764805,7.3401365,0.0,4.7662516,5.205708,9.743892,14.981674,17.793102,19.135887,22.38728,24.704323,22.892916,20.241402,16.812784,16.868773,12.325132,10.65623,8.801842,7.583026,7.2719436,5.56608,9.627649,10.038719,13.525338,14.928644,18.393723,21.387861,22.79368,19.612823,20.547129,15.130371,16.90086,17.269186,13.821561,9.787748,12.57758,10.108463,10.924359,13.869251,12.404921,16.146044,15.853013,18.087927,19.301004,16.378483,19.599607,16.540709,23.196177,19.329897,22.565075,23.846165,22.429937,24.251648,26.056246,24.739393,21.170431,19.119986,15.713654,13.565569,10.971816,10.228374,7.1805716,7.5912356,10.130228,11.010587,14.630065,18.092545,21.197754,21.710173,21.024889,20.234337,18.138384,18.957748,14.197373,16.86165,15.196908,16.037445,20.459938,18.138317,16.14949,20.56855,17.565884,19.800522,21.282867,21.93607
29,23.698725,19.577995,20.244532,16.701342,14.2656,17.733984,12.856486,18.086798,15.201588,17.803703,18.60913,19.404646,21.327862,19.706219,19.018223,14.846067,16.0438,11.587997,14.893665,11.134161,13.39279,17.048084,16.547155,12.471494,16.746246,13.408264,11.804454,8.279815,4.7662516,0.0,4.988341,5.9158206,12.780159,14.914261,16.256495,19.80461,21.42746,19.419312,16.510319,12.904582,13.347329,8.086508,7.8928823,6.05461,7.061394,7.9883432,8.767883,12.493193,13.84033,17.194397,18.51488,22.335043,25.079193,26.996292,24.097834,25.130869,19.765484,21.293962,21.592978,17.783125,13.856802,15.392711,12.042605,11.685802,12.8051405,10.687589,14.09362,12.9183855,14.339771,15.149536,11.86036,14.873994,11.856627,18.596762,15.289213,18.49224,20.202095,19.197796,21.476578,23.372204,22.735949,19.123444,17.506393,14.198493,11.148326,10.2954645,7.4174895,6.8239083,5.7424364,9.183345,9.658507,12.883019,15.448793,18.482105,18.4542,17.224693,16.180641,13.714082,14.958259,10.156521,13.768577,12.450488,14.557804,19.44674,17.32305,14.767326,19.226027,15.192575,18.139248,18.920267,20.407215
30,22.677322,18.771292,18.195478,14.581197,11.687659,14.056246,8.756104,13.247624,10.258496,12.908202,14.093596,14.708832,16.459042,15.167671,14.598221,10.784911,12.985146,9.041185,13.823971,11.250158,14.691682,17.78611,18.851774,15.322003,19.2503,16.605835,13.658365,11.6268425,5.205708,4.988341,0.0,6.413031,9.8330965,13.005892,14.11717,17.26082,19.800879,18.178993,15.73291,12.698003,12.545535,9.353957,6.7725563,8.207576,5.406233,9.128694,9.065217,13.448947,14.578167,17.800013,19.798136,22.698288,26.114544,27.029194,23.830847,24.168022,18.6034,19.78027,19.056513,15.651716,11.569927,14.276544,10.251287,11.548509,11.871977,11.9382925,14.97972,15.038953,16.914251,16.721012,14.902996,17.226175,14.091309,20.389977,16.256231,20.20343,20.83545,18.943441,20.699076,22.00577,20.913723,17.690332,14.807377,11.847683,10.315709,8.245839,8.874351,9.333643,10.036876,13.538999,14.398546,17.701254,20.424534,23.459385,23.259169,21.86893,20.47471,17.855673,19.47123,14.420165,18.426798,16.176435,18.368492,23.112923,20.141258,17.582981,21.026665,16.723946,18.641058,19.118395,19.582415
31,27.47794,23.31701,23.55658,19.287169,17.092936,19.18282,14.556125,18.101667,13.925407,16.900103,15.804511,16.77274,19.61008,17.546549,18.35283,13.783654,16.502615,12.7384815,16.385834,14.289741,16.674835,20.791935,20.7453,17.269882,22.19544,19.0193,17.681835,14.10637,9.743892,5.9158206,6.413031,0.0,8.669446,9.263024,11.28289,14.565715,15.978917,14.441507,10.963561,7.1832924,9.342202,5.6693377,6.571935,8.84068,9.226057,12.800032,14.064373,18.058374,19.499651,22.840302,24.321198,27.946386,30.871164,32.488743,29.327335,30.097158,24.577808,25.951902,25.45255,21.895664,17.870062,19.730406,15.485069,15.480431,14.030565,13.209903,15.521496,14.229773,14.467916,13.110907,10.74189,11.717358,7.9504085,14.047643,10.052524,13.994719,15.040908,13.741293,16.13966,17.783567,17.632574,14.2691765,12.675551,9.838539,6.617857,7.990759,5.390034,9.609886,9.468154,13.237296,14.17373,16.976624,17.980942,20.93105,20.330448,18.130085,16.698515,13.204548,15.053332,10.044171,15.025393,12.651973,16.308428,21.235691,18.36627,15.271798,18.25986,12.757764,15.44139,14.934754,16.621878
32,31.28928,27.575636,26.155695,22.293957,19.597498,19.682953,15.007552,15.195477,10.171536,11.567667,8.381757,11.368867,14.955046,14.040257,16.630522,13.4613,18.29041,15.965146,20.956503,20.049501,23.402674,26.85361,28.044731,24.653847,28.949816,25.962667,23.045116,20.367537,14.981674,12.780159,9.8330965,8.669446,0.0,6.018937,4.668809,7.780039,10.586908,9.377238,8.270975,7.818755,6.27348,9.197482,6.940318,12.947628,10.576384,16.39213,17.879984,21.96188,23.85503,26.721899,29.259558,31.64834,35.418575,35.965088,32.978413,32.688286,27.201405,27.587725,25.801994,22.594896,19.169292,20.797054,15.877562,16.92048,12.860241,15.236647,16.073856,16.576103,17.220121,14.090317,15.234174,15.129284,13.011272,17.006147,13.6026125,18.39112,17.722692,15.204454,16.798458,16.591667,16.702984,14.946173,10.552513,10.196735,10.570893,11.501283,13.134049,17.312574,17.714098,21.505735,22.023407,24.52233,26.101463,28.67625,27.318014,24.993671,22.718422,19.790785,22.575497,18.234514,23.462038,21.109304,24.866497,29.716335,26.373684,23.297077,25.148975,19.279726,20.610668,18.888523,19.276625
33,33.32243,29.441216,28.658127,24.12373,22.162973,22.089338,18.356375,18.654469,13.54037,16.111656,11.953345,13.194739,17.13299,15.031811,18.284586,14.55252,19.170563,17.214008,21.179852,21.109041,23.88109,27.811777,28.7849,25.906862,30.980715,28.113852,26.287117,23.143908,17.793102,14.914261,13.005892,9.263024,6.018937,0.0,5.1063714,6.0979767,8.1963005,8.745894,5.4341393,5.060163,8.53186,11.154671,11.185059,16.431126,15.273793,20.550203,21.835249,26.059387,27.54708,30.749432,32.685535,35.692066,39.085247,39.963028,36.552357,36.710045,31.150114,32.108646,30.451918,27.481651,23.70245,25.951654,21.137915,21.927,18.20762,19.553185,20.48074,19.97383,19.51618,15.655535,16.052332,14.231497,11.391439,13.519467,9.17011,13.80175,12.20414,9.41462,10.962252,10.773057,11.485487,9.948706,6.8396077,7.3597302,7.8745036,10.848141,12.068605,17.704403,18.445513,22.19707,23.354553,25.918926,26.175003,28.873522,27.713068,24.88372,23.014896,19.281803,21.609274,17.353422,22.581379,19.462471,23.738127,28.27174,24.610813,21.4476,22.085985,15.891673,16.800385,14.13829,14.836099
34,35.711662,31.931831,30.660088,26.613983,24.095274,23.99067,19.582397,19.2459,14.154377,15.212324,10.680884,13.946822,17.912401,16.902233,20.279737,17.181622,22.165525,20.039047,24.67985,23.998314,27.064217,30.807579,31.67541,28.289677,32.848186,29.641445,27.10918,23.972301,19.135887,16.256495,14.11717,11.28289,4.668809,5.1063714,0.0,4.2712507,5.9659343,5.0432596,4.928866,6.891778,5.657323,10.778497,10.12307,15.915071,14.564973,20.156445,22.103342,26.059397,28.160622,31.028301,33.516174,36.060238,39.748856,40.48285,37.564465,37.321785,31.833967,32.172516,30.378279,27.107527,23.76421,24.963806,20.009403,20.556606,15.627964,17.879173,17.929813,18.076036,17.79267,13.492296,15.624567,14.118419,12.79519,14.952344,12.600416,17.208849,16.18465,13.877661,15.541108,14.716435,15.913415,14.927016,11.107859,11.907949,12.335529,14.616139,15.542798,20.599556,20.717962,24.447147,24.843529,26.9496,27.816904,30.122004,28.351954,25.6535,23.191572,20.208044,23.265888,19.573479,24.965508,22.794636,27.073208,31.849672,28.602877,25.395731,26.712637,20.449787,21.761059,19.14931,19.925608
35,37.660107,34.01178,32.495094,28.326658,26.100334,25.224182,21.53571,20.121159,15.144867,16.21787,10.719674,13.351355,17.443151,16.371796,20.52627,17.928186,23.176037,21.794851,26.236786,26.35186,29.460623,33.129356,34.42442,31.387737,36.133415,33.174114,30.673927,27.741905,22.38728,19.80461,17.26082,14.565715,7.780039,6.0979767,4.2712507,0.0,4.607374,6.5272164,6.944116,9.6133175,9.844856,14.877575,14.155971,20.03397,18.291843,24.04023,25.63635,29.729116,31.573496,34.485954,36.942436,39.371357,43.13913,43.59095,40.425976,40.060493,34.599735,34.978428,32.795074,29.948996,26.636833,28.368763,23.440771,24.403816,19.506348,22.069767,22.077833,22.32827,21.919338,17.360373,19.53995,17.40166,15.916997,16.790462,14.09061,18.390203,16.310843,13.547601,14.395954,12.6286,13.9592,14.064994,10.102895,12.247224,13.845342,16.168352,18.048708,23.410036,24.002909,27.783749,28.543375,30.831127,31.393051,33.80096,32.134903,29.280901,26.945932,23.711905,26.561573,22.796375,28.14197,25.422886,29.758123,34.339462,30.705341,27.54552,27.991653,21.822231,22.365221,19.297773,19.469234
