,0,1,2,3,4,5,6,7,8,9,10,11,12,13,14,15,16,17,18,19,20,21,22,23,24,25,26,27,28,29,30,31,32,33,34,35,36,37,38,39,40,41,42,43,44,45,46,47,48,49,50,51,52,53,54,55,56,57,58,59,60,61,62,63,64,65,66,67,68,69,70,71,72,73,74,75,76,77,78,79,80,81,82,83,84,85,86,87,88,89,90,91,92,93,94,95,96,97,98,99,100,101,102,103,104,105,106,107,108,109,110
0,0.0,3.7241435,6.8922315,9.671661,13.236521,15.929519,17.620527,21.557451,24.290094,25.817835,29.590439,30.260693,32.958744,29.987846,34.33496,30.395119,31.17683,31.40251,31.494835,34.28266,34.087112,35.00147,38.562202,38.686306,38.352707,36.554752,37.102936,37.444843,36.170425,39.230045,34.24202,40.155468,34.930065,37.098663,35.520206,32.237408,29.979462,32.113323,30.602343,27.909292,26.378471,29.35053,27.67109,22.964922,24.548107,27.447449,22.028826,19.765863,22.897156,22.813656,27.811062,26.365877,28.621948,30.351307,32.304607,35.019016,32.3382,36.601597,37.94004,33.320667,34.648537,39.018574,41.69037,42.734997,37.659103,36.429527,41.71929,41.082478,36.95764,40.766636,43.09414,40.932224,37.69099,41.798107,37.529476,40.55551,37.31034,33.11971,33.05288,28.355959,26.026745,23.56346,21.946018,25.069677,27.397486,29.551075,32.46681,37.106735,40.00767,43.868042,45.451977,47.64148,50.1669,49.20969,46.08255,48.51023,42.647953,43.542625,42.571384,42.003376,37.82576,33.647915,34.87064,35.443375,30.990599,29.723799,25.90592,25.367682,21.204472,21.078257,17.028702
1,3.7241435,0.0,5.0819526,6.4271927,9.684843,12.87421,14.015708,18.257296,20.730318,22.427341,26.118683,26.828873,29.40026,26.3898,30.635414,26.671116,27.49628,27.759413,28.021513,30.850706,30.867302,31.8789,35.581203,35.355484,34.92382,33.03973,33.479507,33.75582,32.46343,35.506653,30.56543,36.53688,31.426495,33.71346,32.043064,28.649895,26.520569,28.848124,27.193516,24.37043,23.111258,26.23669,24.338247,19.634893,21.618435,24.592142,18.976482,16.908607,20.51396,20.392641,25.188927,23.914013,26.542355,28.030813,29.836319,32.299324,29.348585,33.56509,35.171368,30.506641,31.39085,35.89414,38.4202,39.64296,34.568268,33.114315,38.3228,37.564987,33.43946,37.37257,39.55058,37.298363,34.140995,38.338535,34.15468,37.303455,34.117023,29.97835,30.081512,25.447481,23.165667,21.053259,18.936668,21.844637,24.005756,26.310244,28.98366,33.747143,36.51117,40.392147,41.933563,44.05325,46.57448,45.54359,42.40061,44.86744,38.96996,39.92165,39.060547,38.499943,34.307014,30.136925,31.538816,32.227573,27.762444,26.318922,22.668774,21.758657,17.697805,17.491034,13.383701
2,6.8922315,5.0819526,0.0,4.4778833,8.221858,9.571799,12.481553,15.341932,18.677582,19.879822,23.688692,24.603996,27.582186,25.030031,30.094027,26.105833,27.735779,27.98254,29.352343,31.945904,32.621475,34.02036,37.78556,36.777782,36.20411,34.133488,33.833717,33.79937,31.952946,34.715603,29.251083,34.637043,28.991428,30.926525,29.846756,26.842813,24.088785,26.211367,25.411133,22.86598,20.655113,24.540411,23.346025,18.345327,19.61669,23.905848,19.243021,16.126589,19.649755,18.480263,23.51922,23.769249,25.462149,26.342903,28.956434,31.741587,28.691334,32.941505,34.110073,28.83083,30.160059,34.36142,36.842564,37.672268,32.389065,31.204151,36.50015,35.79035,32.087933,36.361748,38.487743,36.30709,33.532047,38.136272,33.85921,37.480003,34.610767,30.231596,31.206635,26.247969,24.67836,23.211279,20.860483,23.136042,24.415016,27.595928,29.219025,34.465565,36.89899,40.76715,42.48112,44.212685,46.918575,45.595722,42.371307,45.18704,39.025173,40.05191,39.868706,38.79509,34.417698,30.764496,32.914627,34.059017,29.727858,27.766544,24.862366,22.648014,19.213043,18.193653,14.12868
3,9.671661,6.4271927,4.4778833,0.0,3.9590242,7.141002,8.30847,11.954609,14.8672695,16.153452,19.9486,20.694113,23.49349,20.759005,25.716925,21.87933,23.441277,23.984106,25.325768,28.209354,29.099747,30.459492,34.48019,33.074512,32.284492,30.01687,29.791756,29.563295,27.87011,30.505842,25.34386,30.882252,25.355633,27.740334,26.565027,23.227142,20.74498,23.465635,22.367905,19.45475,17.936218,22.209053,20.483448,15.568187,17.766298,22.006037,16.943949,14.490561,18.75262,17.667654,22.18033,22.498625,24.914955,25.47603,27.676388,29.930878,26.445805,30.549612,32.27534,27.05306,27.431889,31.91935,34.090057,35.31874,30.070087,28.38442,33.475536,32.447872,28.737022,33.270638,35.03431,32.585705,30.00512,34.7276,30.696377,34.437824,31.629614,27.47927,28.52494,23.89135,22.252743,21.265055,18.164017,20.073261,21.17053,24.365484,25.709066,31.0466,33.228695,37.127655,38.64203,40.31938,42.91235,41.440403,38.18816,40.845448,34.6634,35.596893,35.447945,34.3206,29.944427,26.316301,28.595852,29.87548,25.63384,23.511763,21.025515,18.464157,15.290481,14.475049,10.376545
4,13.236521,9.684843,8.221858,3.9590242,0.0,5.3844447,4.4148726,8.877056,11.120821,12.867387,16.446924,17.356127,19.893002,17.116169,21.880074,17.944286,19.66792,20.216162,21.960758,24.780058,26.01855,27.53391,31.63419,29.738565,28.834127,26.486586,26.015804,25.702295,23.929853,26.564741,21.415508,27.062422,21.761452,24.30235,22.932508,19.422962,17.176226,20.205952,18.864117,15.751124,14.757936,19.232607,17.194542,12.436217,15.297345,19.517426,14.511955,12.563677,17.23386,16.139572,20.033875,20.63973,23.449465,23.647898,25.54892,27.381624,23.587175,27.531223,29.604168,24.435265,24.122082,28.750137,30.692911,32.171772,26.9875,24.974213,29.912996,28.723917,25.015749,29.70159,31.254707,28.699184,26.247284,31.076166,27.194849,31.081451,28.409245,24.404106,25.724575,21.324854,19.90585,19.561415,15.936786,17.247286,17.89022,21.32332,22.150995,27.623842,29.575548,33.46862,34.939842,36.505024,39.10287,37.555954,34.29418,37.054512,30.841446,31.916945,31.958536,30.892462,26.524567,22.949133,25.5331,26.972092,22.810425,20.417019,18.348194,15.010414,12.3522215,11.189305,7.39304
5,15.929519,12.87421,9.571799,7.141002,5.3844447,0.0,6.0361123,6.6302986,9.933517,11.680724,14.970076,16.755419,19.551424,17.629261,22.818613,18.592375,21.303598,21.230963,24.41199,26.322401,28.128637,30.167793,33.905163,31.471151,30.702663,28.524343,26.989218,26.673805,24.070156,26.639633,20.564438,25.461603,19.846125,21.402594,20.430984,17.721733,14.640891,16.781418,16.496145,14.153256,11.426329,16.450436,15.654896,10.725943,12.048832,17.755417,14.507929,11.164731,15.1793375,12.878128,16.927782,19.289907,20.8003,20.359652,23.170471,25.484356,21.8602,25.824045,27.12717,21.355352,22.011486,26.088024,28.176508,29.027588,23.64475,22.230953,27.399994,26.581264,23.294773,28.014006,29.837034,27.701235,25.455889,30.505867,26.3866,30.625189,28.34496,24.020247,26.30476,21.508213,21.102833,21.293524,18.175894,18.833439,18.419626,22.755886,22.467224,28.228413,29.983017,33.7317,35.60408,36.768166,39.680897,38.082954,34.84776,38.275455,31.975927,33.47436,34.245678,33.01406,28.635717,25.609959,28.830975,30.522203,26.527397,23.80493,22.123016,17.71887,15.894359,13.40029,10.618438
6,17.620527,14.015708,12.481553,8.30847,4.4148726,6.0361123,0.0,5.7670493,6.8672967,9.024454,12.2888365,13.366728,15.642929,12.936321,17.736397,13.821182,16.011278,16.725119,19.226597,21.969172,23.80707,25.514412,29.712875,27.024677,25.886065,23.348473,22.428978,21.813854,19.849022,22.281372,17.13459,22.719198,17.519999,20.327509,18.959978,15.263292,13.209473,16.804941,15.427781,12.072685,11.769741,16.772293,14.503266,10.230235,13.741173,18.076363,13.665181,12.388004,17.156717,15.871106,18.795666,20.104954,23.09636,22.692749,24.344,25.637682,21.470947,25.09762,27.53176,22.38205,21.13277,25.82786,27.368567,29.10897,24.012152,21.568872,26.22263,24.742329,21.229254,26.2628,27.40422,24.65162,22.595234,27.666954,24.07135,28.236128,25.865808,22.127615,23.953407,19.982534,19.014774,19.579435,15.458415,15.754087,15.505411,19.306736,19.101828,24.78245,26.256039,30.106415,31.485888,32.78649,35.378853,33.607018,30.311533,33.18865,26.883377,28.060583,28.524408,27.321627,22.947994,19.695557,22.836357,24.596298,20.724634,17.918917,16.82512,12.260167,10.865658,9.271108,6.786594
7,21.557451,18.257296,15.341932,11.954609,8.877056,6.6302986,5.7670493,0.0,4.8088617,5.1003523,8.501203,10.2168045,13.180234,11.758591,17.704966,14.283829,17.709024,18.39521,22.313215,24.490402,27.094448,29.138948,33.177895,29.600386,28.298794,25.64941,23.68169,22.529417,19.78273,21.458246,15.739407,19.929003,13.734273,16.107565,15.988825,13.085379,9.7849,13.463297,13.873118,11.2635765,9.438749,15.924613,14.919838,11.148764,13.288764,19.088732,16.609425,14.525844,18.576946,16.10875,18.533335,21.889223,23.673702,22.293154,24.738995,26.1522,21.966894,25.286837,27.179356,21.4376,20.41768,24.474827,25.68026,26.937231,21.689657,19.481873,23.965925,22.410208,19.86309,25.399664,26.208338,23.561056,22.413774,27.909334,24.491112,29.166273,27.424763,23.714994,26.589937,22.652908,22.634167,23.832153,19.94665,19.45494,17.968554,22.487143,20.685518,26.607391,27.403748,31.025204,32.530933,33.174713,35.911243,33.714176,30.412214,33.67389,27.24021,28.466825,29.971098,28.05716,23.681892,21.579313,25.560429,27.806093,24.474653,21.296526,21.35013,15.829046,15.716656,13.529332,12.105453
8,24.290094,20.730318,18.677582,14.8672695,11.120821,9.933517,6.8672967,4.8088617,0.0,4.804767,6.1594424,8.577644,10.235857,8.655888,13.460673,9.640867,13.345516,13.843902,18.307966,20.17211,23.122406,25.294998,29.24518,25.225748,23.8596,21.257322,18.963808,17.836668,14.987692,16.909678,11.121755,16.037199,10.786041,13.575089,12.453963,8.849033,6.620591,11.115543,10.417378,7.289795,7.6844316,13.52959,11.758698,9.204988,12.370777,16.982555,14.776112,14.014903,18.001453,16.176964,17.357796,20.337187,22.836754,21.312057,22.873085,23.489115,19.027317,21.945192,24.49773,19.321085,16.93726,21.287973,22.134783,23.98772,19.057646,16.154278,20.304615,18.470102,15.659757,21.307743,21.823996,18.979963,17.866959,23.387413,20.261364,24.9596,23.377575,20.082003,23.078785,19.791378,20.002193,21.872572,17.788153,16.482132,14.379779,18.848913,16.362204,22.23667,22.747776,26.335133,27.766935,28.373709,31.104067,28.958456,25.66975,29.105965,22.728336,24.32739,25.90696,24.44606,20.254776,18.092573,22.227558,24.469841,21.351124,18.057398,18.565111,12.455017,13.473244,11.066655,11.189405
9,25.817835,22.427341,19.879822,16.153452,12.867387,11.680724,9.024454,5.1003523,4.804767,0.0,4.179112,5.121578,8.341136,7.500443,14.158587,12.023538,15.734479,17.26467,21.35259,23.82642,26.895794,28.787441,33.01909,28.687826,26.93672,23.914316,21.825788,19.885061,17.29705,17.939474,13.151379,16.510445,9.931237,13.557123,14.281206,11.231208,8.508115,13.41497,14.12245,11.503367,11.228913,17.64545,16.358932,13.849549,16.424902,21.609373,19.480011,18.34576,22.321493,20.036783,21.46519,24.981781,27.06439,25.280045,27.264225,27.95081,23.52008,26.221392,28.614681,23.246162,20.865805,24.805647,25.210316,26.886719,22.033934,19.173628,22.750233,20.482027,18.67588,24.663486,24.47886,21.339596,21.237717,26.866856,24.219858,29.013363,27.685888,24.651485,27.685156,24.572964,24.665,26.396248,22.127151,20.976732,18.979237,23.205473,20.485632,26.20975,26.196297,29.631508,30.698475,30.941076,33.405975,30.692364,27.371275,30.279274,23.823116,24.651875,26.72562,24.174664,19.871656,18.718817,23.209305,25.86602,23.233374,19.84381,21.367485,15.483391,16.690237,15.152332,14.689192
10,29.590439,26.118683,23.688692,19.9486,16.446924,14.970076,12.2888365,8.501203,6.1594424,4.179112,0.0,3.876663,5.536769,6.385579,12.0242,10.469309,14.647793,15.97732,20.82768,22.702057,26.243185,28.310246,32.292286,27.34558,25.514917,22.579351,19.790865,17.584648,14.617698,14.715401,10.005599,12.429525,5.787122,9.925849,10.995946,8.31298,6.247632,11.400203,12.432569,10.420342,11.005993,16.824646,15.751784,14.515533,16.877352,21.523018,20.378836,19.763987,23.287582,21.074791,21.4629,25.384573,27.380505,25.163729,26.81242,26.967262,22.530216,24.644787,27.175709,22.171827,18.983364,22.566446,22.411407,24.260283,19.806103,16.631231,19.511343,16.924997,15.78117,21.907051,21.179352,17.988594,18.63854,24.281029,22.127743,27.009216,26.172743,23.601103,27.051167,24.510075,25.102835,27.40966,23.245436,21.406115,18.689081,22.90044,19.140875,24.621006,24.005877,27.164785,28.186512,28.008102,30.482525,27.587006,24.341244,27.537275,21.207785,22.334131,25.041395,22.52512,18.550964,18.101385,22.913288,25.692432,23.541327,20.075645,22.248753,16.02015,18.195404,16.429441,16.973642
11,30.260693,26.828873,24.603996,20.694113,17.356127,16.755419,13.366728,10.2168045,8.577644,5.121578,3.876663,0.0,4.0010114,4.8061476,11.531225,11.447292,14.986568,17.344196,21.287006,23.974758,27.375183,29.03775,33.360104,28.393663,26.218784,22.897896,20.814684,18.050844,15.877767,15.13973,12.109583,14.114325,7.856441,12.7732725,14.299791,11.462226,10.070399,15.24263,16.024742,13.674927,14.670718,20.482565,18.987593,17.553593,20.348763,24.841078,22.986841,22.589838,26.45972,24.387398,25.077951,28.555933,30.891659,28.857866,30.384167,30.419296,25.899775,27.966959,30.783703,25.92768,22.41809,26.112957,25.728687,27.79989,23.528467,20.177128,22.628603,19.687721,18.756914,24.876078,23.640099,20.063435,21.100418,26.60812,24.855751,29.5774,28.672586,26.384792,29.42515,27.147635,27.300196,29.421553,24.948845,23.305645,21.001877,24.727583,21.316399,26.57057,25.733469,28.868856,29.412626,29.228107,31.31831,28.067139,24.796085,27.180563,20.8487,21.125652,23.840763,20.5568,16.478977,16.626654,21.497017,24.514967,22.755898,19.326101,22.268333,16.473408,18.770128,17.896074,18.169039
12,32.958744,29.40026,27.582186,23.49349,19.893002,19.551424,15.642929,13.180234,10.235857,8.341136,5.536769,4.0010114,0.0,3.8283799,8.295607,9.440039,12.812545,15.311846,19.387016,21.795618,25.45447,27.09008,31.258978,25.859474,23.53075,20.216854,17.896976,14.780991,12.788721,11.360585,9.582337,11.193031,6.59938,11.977816,12.994965,10.162158,10.333261,15.330892,15.536691,13.412979,15.633067,20.49752,18.71052,18.294395,21.328915,24.892712,23.375689,23.727686,27.39635,25.709337,25.650795,28.832302,31.502447,29.390257,30.305788,29.728632,25.206545,26.746046,29.972557,25.745716,21.28929,24.885086,24.008812,26.526718,22.797264,19.030443,20.694996,17.377855,16.742834,22.722221,20.871094,17.040758,18.65896,23.94167,22.817112,27.372335,26.770216,25.089663,28.111088,26.551662,26.866371,29.38969,24.94756,22.797878,20.172848,23.485222,19.52206,24.310574,22.945969,25.848913,26.130154,25.726324,27.65795,24.240078,21.007805,23.356194,17.110956,17.51804,20.63257,17.488588,13.732384,14.462503,19.493082,22.563175,21.3247,17.932957,21.53476,15.7648325,18.910452,18.171175,19.305435
13,29.987846,26.3898,25.030031,20.759005,17.116169,17.629261,12.936321,11.758591,8.655888,7.500443,6.385579,4.8061476,3.8283799,0.0,7.280277,7.5834165,10.469685,13.447716,16.752861,19.845646,23.127626,24.563105,29.014843,24.092047,21.77135,18.3057,16.77395,13.950006,12.4966135,12.111067,10.105072,13.730191,9.457453,14.58474,14.518093,10.757804,10.957429,16.23661,15.479444,12.5852,15.218913,20.051544,17.593779,16.678102,20.363132,23.640188,21.158546,21.774946,25.822758,24.500235,24.894724,27.248016,30.459269,28.814886,29.524479,29.043005,24.422731,26.338373,29.833412,25.62541,21.250187,25.424282,24.986795,27.701824,23.72085,19.880627,22.156458,19.052849,17.388533,23.245039,21.87386,17.955818,18.627903,23.865051,22.385826,26.778418,25.675713,23.811487,26.294935,24.606785,24.411343,26.635933,22.002048,20.173506,18.11863,21.169476,18.078617,23.011585,22.182438,25.419767,25.671003,25.840864,27.748531,24.65034,21.307621,23.39119,16.950891,17.270758,19.450459,16.699715,12.474021,11.974577,16.846836,19.810074,18.126122,14.694037,18.059353,12.444983,15.392628,15.122784,16.09707
14,34.33496,30.635414,30.094027,25.716925,21.880074,22.818613,17.736397,17.704966,13.460673,14.158587,12.0242,11.531225,8.295607,7.280277,0.0,5.4470196,6.1141305,9.474871,12.35559,14.907563,18.50353,19.775856,23.896338,18.295828,15.656463,12.186146,10.59718,7.071451,7.110782,6.2506065,8.197932,12.134206,12.107954,16.470993,14.842935,11.321493,13.978892,18.248867,16.084288,13.702706,18.159502,20.836786,17.730614,18.623064,22.61516,23.817677,21.766054,23.849215,27.406889,26.986559,26.202213,27.50218,31.441778,29.933683,29.365738,27.757208,23.3183,24.27237,28.590565,25.812212,19.951988,24.015045,22.940008,26.509312,23.620453,19.276615,20.266762,16.898693,15.153439,20.059355,17.853825,13.594416,14.664586,19.001108,18.758718,22.44917,21.72087,21.182562,23.191416,23.073751,23.00471,25.842577,21.495726,18.831696,16.52066,18.230103,14.581326,18.187904,16.512291,19.395334,19.025682,19.18889,20.747599,17.6469,14.302031,16.265057,9.784595,10.876614,13.135384,11.778546,8.504069,8.157147,12.860297,15.613134,14.937547,11.872002,16.235031,11.418585,15.769708,15.898844,18.425377
15,30.395119,26.671116,26.105833,21.87933,17.944286,18.592375,13.821182,14.283829,9.640867,12.023538,10.469309,11.447292,9.440039,7.5834165,5.4470196,0.0,4.4917397,5.951037,10.676947,12.549374,16.156301,18.095932,22.084146,17.02197,15.091445,12.203736,9.868109,8.265887,6.39645,8.873209,6.1061,12.54875,11.590546,15.15267,12.337434,8.087496,10.6417675,14.624217,11.618578,8.759307,13.552599,15.909872,12.502513,13.275602,17.43198,18.529339,16.39127,18.457455,21.972864,21.695013,21.018452,22.146006,26.134272,24.823957,24.318748,23.056332,18.504389,20.039595,24.218681,21.118162,15.751014,20.344149,20.060295,23.427086,19.983105,15.816255,18.059065,15.369097,12.261181,17.335423,16.485235,12.731071,12.032388,16.966047,15.403476,19.487577,18.234648,16.781847,19.06602,18.153511,18.23273,21.092394,16.837112,14.121952,11.548512,14.174608,10.621126,15.435029,14.900393,18.389473,19.023674,19.749702,22.060934,19.871847,16.542889,19.702171,13.432288,15.597028,16.93893,16.686272,13.227641,10.890445,14.977505,17.137213,14.997587,11.774756,14.080583,8.113239,12.09721,11.123244,13.95555
16,31.17683,27.49628,27.735779,23.441277,19.66792,21.303598,16.011278,17.709024,13.345516,15.734479,14.647793,14.986568,12.812545,10.469685,6.1141305,4.4917397,0.0,4.6611114,6.6219177,9.713276,12.894151,14.282682,18.617125,13.747041,11.482014,8.192398,7.678652,6.4502974,7.185476,9.826852,9.72836,15.802814,15.817746,19.425022,16.31937,12.290429,15.059677,18.75272,15.130043,12.305741,17.340454,18.82407,14.831367,15.813865,20.35191,20.252796,17.309671,20.27554,23.821428,24.251259,23.578571,23.368904,28.10218,27.307194,26.087755,24.400888,20.057293,21.355963,26.039333,23.737398,18.065983,22.75966,22.45416,26.195944,23.207663,19.025164,20.861118,18.25909,14.897887,18.961077,17.992558,14.26326,13.113629,16.97491,15.987838,19.183153,17.616062,16.927227,18.02238,18.057753,17.444342,20.167412,15.8973255,13.234093,11.627634,12.519343,10.26238,13.9120035,13.508841,17.014915,17.042345,18.40412,20.253954,18.392405,15.174289,17.490705,11.585074,13.60446,13.675593,14.542794,11.5381565,8.011441,11.192086,12.967211,10.962662,8.040531,10.884184,6.311707,10.910658,11.27472,14.508888
17,31.40251,27.759413,27.98254,23.984106,20.216162,21.230963,16.725119,18.39521,13.843902,17.26467,15.97732,17.344196,15.311846,13.447716,9.474871,5.951037,4.6611114,0.0,6.719197,6.7270603,10.520136,12.919635,16.417574,11.501916,10.169494,8.334393,5.876792,7.0913253,6.3656425,10.836178,9.128834,15.630191,16.534481,18.977438,14.8094225,11.258461,14.469235,16.975536,12.550006,10.357336,15.701254,15.588506,11.481307,13.604891,17.791866,16.502697,14.425574,17.895576,20.77021,21.615473,20.238914,19.656837,24.455248,23.728926,21.978489,19.966383,15.769101,16.871899,21.706703,19.976358,14.153121,18.895525,18.89379,22.70082,19.983625,15.992,18.00744,16.059723,11.907872,15.171987,15.066626,12.034057,9.440395,13.138822,11.571136,14.769913,13.068052,12.319571,13.748567,14.019669,14.067329,17.367067,13.739383,10.329303,7.8285217,8.924951,5.603516,9.796143,10.055513,13.873091,14.808878,16.453878,18.94711,17.94968,14.959751,18.541067,13.278274,16.488861,16.580599,18.40691,15.872353,12.489044,14.951918,16.030508,13.652512,11.312239,12.039507,7.6183167,11.460348,10.412223,14.377237
18,31.494835,28.021513,29.352343,25.325768,21.960758,24.41199,19.226597,22.313215,18.307966,21.35259,20.82768,21.287006,19.387016,16.752861,12.35559,10.676947,6.6219177,6.719197,0.0,5.8862104,7.1521673,7.8316526,12.592233,9.129045,7.3648734,5.149284,8.131312,9.52348,11.632697,14.947777,15.328884,21.491707,22.183739,25.296545,21.442911,17.666943,20.490088,23.43494,18.95247,16.352905,21.381592,21.35557,16.889236,18.152273,22.782837,20.837637,17.128513,21.21437,24.394777,25.924469,25.203936,22.964727,28.569118,28.636543,26.416557,24.34457,20.585482,21.731524,26.767784,25.598728,20.177544,24.910137,25.03,28.956625,26.441998,22.588408,24.431875,22.468716,18.450241,20.882336,20.642595,17.677263,15.184169,17.27481,16.410334,18.069921,15.776881,15.848159,14.931311,16.18564,14.619105,16.995918,13.352191,10.983996,11.16697,9.138394,10.074575,11.57636,12.474823,15.872786,15.680077,18.299232,19.79675,19.263865,16.64952,18.326113,14.045464,16.204685,14.128209,17.150057,15.19619,10.562753,10.663229,10.5667095,7.9696116,7.022378,7.327292,7.1106462,10.359674,11.7526655,15.332857
19,34.28266,30.850706,31.945904,28.209354,24.780058,26.322401,21.969172,24.490402,20.17211,23.82642,22.702057,23.974758,21.795618,19.845646,14.907563,12.549374,9.713276,6.7270603,5.8862104,0.0,4.3950143,7.2332854,9.810385,5.1872787,5.2420983,6.2469163,6.2304244,9.8471775,11.0585375,15.237901,15.164904,20.919245,22.98632,24.970018,20.327057,17.417421,20.793713,22.473312,17.57648,16.03421,21.17032,19.345224,15.221586,17.949741,21.829603,18.397444,16.356607,20.885216,23.001577,24.931374,23.103193,20.558064,26.032434,26.039738,22.999151,20.17518,16.954748,17.249598,22.491648,22.520462,16.814772,21.040554,21.146608,25.19539,23.492846,19.945116,21.28786,19.991892,15.782424,16.649199,16.969284,14.978038,11.545797,12.263503,11.642641,12.421568,10.238597,11.415752,10.457748,13.182057,12.77571,16.073494,13.720978,10.362729,9.462764,6.5080023,6.462475,5.7677803,7.409882,10.840044,11.542627,14.543535,16.654583,17.222164,15.063403,18.151705,14.815541,18.326694,16.901878,20.674528,19.263315,15.481962,15.901984,15.595399,13.622501,12.885473,12.20827,11.226971,14.041937,13.767935,17.905182
20,34.087112,30.867302,32.621475,29.099747,26.01855,28.128637,23.80707,27.094448,23.122406,26.895794,26.243185,27.375183,25.45447,23.127626,18.50353,16.156301,12.894151,10.520136,7.1521673,4.3950143,0.0,3.5518746,6.1318636,5.0383286,6.3950295,8.31781,10.334301,13.735661,15.375238,19.396866,19.366041,25.289083,27.034481,29.111525,24.420551,21.387241,24.46515,26.118542,21.070349,19.369877,24.212864,22.131124,17.907534,20.171156,24.088646,20.028755,17.225554,22.08227,24.078758,26.571953,25.096087,21.299381,27.195402,27.846516,24.452036,21.73422,19.02709,19.502407,24.59461,25.03059,20.006468,24.19092,24.673973,28.579395,26.918484,23.663054,25.24606,24.21017,19.84057,20.200802,20.948658,19.26162,15.574418,15.519267,14.77037,14.480277,11.756181,13.047414,10.195657,13.480132,12.081909,14.652379,13.012323,10.514202,11.340016,6.6455154,9.867281,8.034421,10.6585655,13.403497,13.838867,17.373672,19.01908,20.199184,18.415274,20.70318,18.07283,21.118795,18.697653,22.987139,21.776428,17.483885,16.722618,15.549423,13.371597,13.6485815,11.537062,12.77695,14.512072,14.923463,18.750376
21,35.00147,31.8789,34.02036,30.459492,27.53391,30.167793,25.514412,29.138948,25.294998,28.787441,28.310246,29.03775,27.09008,24.563105,19.775856,18.095932,14.282682,12.919635,7.8316526,7.2332854,3.5518746,0.0,5.2440267,6.1682606,6.928115,8.658583,12.30397,15.195609,17.586168,21.112684,21.851852,27.698656,29.33407,31.816484,27.350212,24.104898,27.13437,29.180754,24.216263,22.242655,27.111069,25.45259,21.121159,22.987173,27.1326,23.292164,19.917143,24.732534,26.981844,29.518263,28.365402,24.336197,30.362171,31.175879,27.824018,25.187397,22.52685,23.039461,28.117798,28.520834,23.493923,27.702345,28.066143,32.03883,30.366129,27.000391,28.464327,27.201826,23.001602,23.514122,23.896519,21.973038,18.707268,18.525492,18.196129,17.687298,15.1192,16.558083,13.3450165,16.56049,14.592619,16.483717,14.795055,12.988185,14.42992,9.735866,13.216506,11.276291,13.313608,15.647064,15.311529,18.954737,19.96858,21.13648,19.529402,20.782162,18.671307,21.108673,17.873198,22.51431,21.6668,17.275276,15.499132,13.691009,11.957295,13.116218,11.123666,13.919408,15.454566,16.785826,20.280277
22,38.562202,35.581203,37.78556,34.48019,31.63419,33.905163,29.712875,33.177895,29.24518,33.01909,32.292286,33.360104,31.258978,29.014843,23.896338,22.084146,18.617125,16.417574,12.592233,9.810385,6.1318636,5.2440267,0.0,6.642412,9.140468,12.332162,14.893629,18.403774,20.530136,24.188091,24.943062,30.372627,32.791786,34.665066,29.835112,27.133858,30.38171,31.688978,26.590166,25.230022,29.994593,27.230589,23.276197,25.793623,29.382904,24.48282,22.111973,27.107687,28.532988,31.478184,29.722513,25.108978,30.985058,32.002785,27.958693,24.83768,23.037079,22.848848,27.770058,29.331,24.528229,28.093967,28.484543,32.391953,31.463055,28.491844,29.509474,28.769855,24.673222,23.856394,24.607458,23.516163,19.973629,18.315277,18.46337,16.51895,14.239228,16.732944,12.737576,17.223032,15.833903,17.78073,17.458311,15.584268,16.817623,11.728504,15.1244545,11.272181,13.604747,14.898269,14.804644,18.716763,19.629633,21.910673,20.981049,22.535734,21.55561,24.476856,21.364815,26.534721,26.136593,22.118261,20.329683,18.367588,17.105927,18.323092,16.121561,18.631357,19.961378,20.658205,24.266949
23,38.686306,35.355484,36.777782,33.074512,29.738565,31.471151,27.024677,29.600386,25.225748,28.687826,27.34558,28.393663,25.859474,24.092047,18.295828,17.02197,13.747041,11.501916,9.129045,5.1872787,5.0383286,6.1682606,6.642412,0.0,3.2744777,7.063171,8.550887,12.150483,14.391594,17.791945,19.220629,24.140636,27.147472,29.041153,24.413267,21.888481,25.547462,27.02556,22.19784,20.98959,26.159782,23.860445,19.984013,23.00868,26.678373,22.607248,20.947159,25.666798,27.410143,29.632406,27.464027,24.418297,29.906397,30.060215,26.450975,23.089298,20.560274,20.036327,25.303852,26.374136,20.53217,24.094427,23.813137,28.022038,27.14636,23.72239,24.170656,22.970348,19.310871,19.000238,18.860216,17.340078,14.49129,13.258187,14.1819725,13.227229,11.719025,14.523308,12.533967,16.687954,16.24678,19.26228,17.690033,14.702393,14.283059,10.417541,10.905515,7.156517,7.839769,9.608555,9.206663,12.923719,14.201375,15.82894,14.55029,16.799742,15.35359,18.811274,16.63837,21.561312,21.19801,17.869987,17.186028,16.152409,15.343126,15.571736,15.252564,15.72734,18.43141,18.684286,22.719584
24,38.352707,34.92382,36.20411,32.284492,28.834127,30.702663,25.886065,28.298794,23.8596,26.93672,25.514917,26.218784,23.53075,21.77135,15.656463,15.091445,11.482014,10.169494,7.3648734,5.2420983,6.3950295,6.928115,9.140468,3.2744777,0.0,3.9803848,6.6820397,9.606915,12.556425,15.458417,17.653564,22.47226,25.342125,27.69659,23.437998,20.66344,24.357222,26.380033,21.79195,20.273266,25.604292,24.114836,20.121437,22.856525,26.821598,23.548178,21.533606,26.025429,28.241695,30.094282,28.172108,25.732807,31.164845,31.060879,27.885447,24.722755,21.725142,21.42116,26.737144,27.18363,21.015285,24.791616,24.22954,28.531752,27.376797,23.623388,23.99366,22.290035,18.895761,19.459883,18.643671,16.451544,14.337253,14.007023,15.098639,15.046152,13.746849,16.06885,14.758638,18.222666,17.627068,20.609589,18.290747,15.295815,14.6561575,11.4706335,11.161896,8.818466,8.372662,10.450349,9.315149,12.564633,13.555918,14.271897,12.610953,14.354672,12.460017,15.662246,13.443758,18.289103,17.997257,14.869242,14.2884865,13.542483,13.1731415,13.220821,14.068533,14.235436,17.484104,18.12203,22.076624
25,36.554752,33.03973,34.133488,30.01687,26.486586,28.524343,23.348473,25.64941,21.257322,23.914316,22.579351,22.897896,20.216854,18.3057,12.186146,12.203736,8.192398,8.334393,5.149284,6.2469163,8.31781,8.658583,12.332162,7.063171,3.9803848,0.0,5.6500587,7.0557885,10.574187,13.023168,15.538795,20.539295,22.743496,25.69775,21.915411,18.710743,22.22166,24.937468,20.65725,18.657387,24.011568,23.589178,19.46787,21.6275,25.925913,23.686543,21.120684,25.241817,28.03265,29.44999,27.986996,26.190626,31.541065,31.224102,28.658031,25.91676,22.381851,22.576529,27.825918,27.367636,21.135017,25.271849,24.635416,28.88949,27.174162,23.136505,23.7879,21.582367,18.322914,20.120142,18.892649,15.922839,14.425785,15.517734,16.195103,17.27914,15.907282,17.330479,16.693241,19.127752,18.296688,21.137968,17.981428,15.124749,14.3653345,12.164397,11.319085,11.01866,10.222358,12.841235,11.643292,14.112975,15.070852,14.511478,12.174035,13.465507,10.146212,12.809678,10.711773,14.893985,14.173928,10.912321,10.817131,10.725392,10.383855,9.872917,12.05886,11.594459,15.366927,16.410444,20.14145
26,37.102936,33.479507,33.833717,29.791756,26.015804,26.989218,22.428978,23.68169,18.963808,21.825788,19.790865,20.814684,17.896976,16.77395,10.59718,9.868109,7.678652,5.876792,8.131312,6.2304244,10.334301,12.30397,14.893629,8.550887,6.6820397,5.6500587,0.0,4.159147,5.947791,9.368158,11.171501,15.821557,18.935215,21.110136,17.012878,14.437956,18.39918,20.441597,16.31024,15.0547495,20.462294,19.555347,15.966359,18.992579,22.700153,20.587534,19.50807,23.272236,25.594353,26.620632,24.448893,23.746044,28.443928,27.539724,25.107327,22.174374,18.5584,18.306797,23.456852,23.016161,16.346315,20.143131,19.178675,23.476082,22.014507,17.935469,18.18585,16.03102,12.926407,14.733348,13.298365,10.3385725,8.98644,10.6978035,11.538901,13.483545,12.862857,14.237667,15.228163,17.374058,17.770071,21.316319,18.340279,14.755633,12.371913,11.737318,7.952453,8.459244,6.3963375,9.485025,9.417943,11.005836,13.160972,12.341652,9.602358,13.373499,9.285766,13.401279,13.520958,16.61902,15.498614,13.230432,14.972075,15.730488,14.932963,13.360158,15.278387,12.465123,16.54738,16.105783,20.113565
27,37.444843,33.75582,33.79937,29.563295,25.702295,26.673805,21.813854,22.529417,17.836668,19.885061,17.584648,18.050844,14.780991,13.950006,7.071451,8.265887,6.4502974,7.0913253,9.52348,9.8471775,13.735661,15.195609,18.403774,12.150483,9.606915,7.0557885,4.159147,0.0,4.4803514,5.992258,9.669855,13.677846,16.560898,19.450735,16.223442,13.454543,17.310768,20.127623,16.734894,15.174815,20.456589,20.812166,17.41386,19.863153,23.700203,22.781734,21.45658,24.680775,27.458595,27.928917,26.106548,26.258358,30.671183,29.434526,27.630322,25.035915,21.101316,21.08851,25.99292,24.80161,18.113,21.871265,20.541868,24.71865,22.95082,18.618681,18.674776,15.800745,13.547293,16.572489,14.232601,10.410947,10.824033,13.541416,14.471925,17.07357,16.692715,17.565748,19.005424,20.477293,20.731167,24.0874,20.534296,17.19226,14.73102,14.931776,10.943433,12.540324,10.114342,12.687836,12.010824,12.600757,14.242971,12.004438,8.743193,11.818626,6.2520657,10.015108,11.218672,13.162369,11.887398,10.621184,13.316227,14.8775425,14.64336,12.578458,15.999321,12.5274,17.049046,16.957342,20.564693
28,36.170425,32.46343,31.952946,27.87011,23.929853,24.070156,19.849022,19.78273,14.987692,17.29705,14.617698,15.877767,12.788721,12.4966135,7.110782,6.39645,7.185476,6.3656425,11.632697,11.0585375,15.375238,17.586168,20.530136,14.391594,12.556425,10.574187,5.947791,4.4803514,0.0,4.953917,5.5025196,10.15131,13.0725565,15.354822,11.787742,9.250274,13.348658,15.763445,12.576938,11.470007,16.60731,16.957819,14.05519,16.786709,20.14269,19.743834,19.307142,22.000769,24.52907,24.59021,22.519413,23.624321,27.448847,25.814219,24.42383,22.078259,17.988005,18.08842,22.644524,20.964373,14.325887,18.040401,16.755299,20.738987,18.673008,14.293839,14.6595335,11.766039,9.348484,13.289153,11.238686,7.2148695,7.726218,11.937971,12.020804,15.665338,15.49757,15.58274,18.183924,18.834455,19.773613,23.34814,19.891321,16.364594,13.010418,14.662814,9.349307,12.39548,10.24682,13.081753,13.606561,13.689087,16.185072,14.0548115,10.846737,15.210542,9.682774,13.423248,15.461537,16.434427,14.44194,13.28723,16.764795,18.54931,17.514227,14.945707,17.547338,12.739586,16.999767,15.803887,19.345264
29,39.230045,35.506653,34.715603,30.505842,26.564741,26.639633,22.281372,21.458246,16.909678,17.939474,14.715401,15.13973,11.360585,12.111067,6.2506065,8.873209,9.826852,10.836178,14.947777,15.237901,19.396866,21.112684,24.188091,17.791945,15.458417,13.023168,9.368158,5.992258,4.953917,0.0,7.1955514,8.462214,12.181769,15.045998,13.035781,11.14866,14.884865,17.763145,15.806772,14.828849,19.412031,20.716644,18.302465,20.625044,23.812223,24.230726,23.83979,26.122074,28.83116,28.441488,26.49116,28.274378,31.751268,29.779364,28.772484,26.480118,22.445982,22.311226,26.583172,24.712431,18.15038,21.220041,19.253794,23.057455,21.280914,16.925661,16.273474,12.681118,12.20783,16.304983,12.958913,8.689736,11.562649,15.244556,16.248587,19.70429,20.034384,20.41459,23.052073,23.77145,24.630249,28.094292,24.390474,21.042852,17.833923,19.434114,14.2897,16.780373,13.851824,15.845322,15.503617,14.602382,16.35879,12.972507,9.755893,13.266938,7.5629907,10.550446,14.110428,13.8146,12.318782,13.129601,17.061562,19.360247,19.296597,16.6907,20.59653,15.913561,20.376049,19.669624,22.795357
30,34.24202,30.56543,29.251083,25.34386,21.415508,20.564438,17.13459,15.739407,11.121755,13.151379,10.005599,12.109583,9.582337,10.105072,8.197932,6.1061,9.72836,9.128834,15.328884,15.164904,19.366041,21.851852,24.943062,19.220629,17.653564,15.538795,11.171501,9.669855,5.5025196,7.1955514,0.0,7.0126367,8.07088,10.178844,6.947826,4.038536,8.099382,10.843912,8.831241,7.963476,12.270368,13.972764,12.016744,14.10956,16.848236,18.180874,18.338886,19.829853,22.398426,21.564789,19.769012,22.453527,25.350506,23.177692,22.890673,21.377386,17.053974,17.786669,21.468328,18.452467,12.661893,16.28802,15.273882,18.511436,15.48396,11.155723,12.541684,9.513013,7.530511,13.286366,11.87344,8.280678,9.143733,14.5829935,13.3935175,18.016434,17.8437,16.612276,20.22935,19.44442,20.776691,24.17328,20.597553,17.385958,13.600136,16.938568,11.461944,15.965924,14.513927,17.353733,18.528528,18.207874,20.98133,18.627476,15.51659,19.94417,14.157833,17.142206,19.834648,19.440302,16.631374,15.823021,20.09278,22.294958,20.673601,17.60113,19.808924,13.865063,17.508005,15.436756,18.272398
31,40.155468,36.53688,34.637043,30.882252,27.062422,25.461603,22.719198,19.929003,16.037199,16.510445,12.429525,14.114325,11.193031,13.730191,12.134206,12.54875,15.802814,15.630191,21.491707,20.919245,25.289083,27.698656,30.372627,24.140636,22.47226,20.539295,15.821557,13.677846,10.15131,8.462214,7.0126367,0.0,7.269524,7.6271152,7.307716,8.377386,11.134297,12.564326,13.008414,13.623674,16.352057,18.075623,17.555323,19.85831,21.455908,23.298725,24.682564,25.617502,27.648447,26.224451,23.895744,27.804283,29.67203,26.774927,26.87235,25.210573,21.437218,21.248535,24.159494,21.439663,15.968826,17.708645,15.403128,18.091074,16.190838,12.451858,11.333513,7.541038,9.776379,14.665359,11.631205,8.75252,12.575441,17.02791,17.14609,21.468868,22.391161,21.804598,25.897762,25.476732,27.315994,30.873592,27.514572,24.208324,20.188837,23.409096,17.395102,20.842445,18.299717,20.005026,20.892015,19.227512,21.711697,18.656515,16.083858,20.536898,15.725909,18.37693,22.45942,21.231688,19.213297,20.234528,24.729918,27.215487,26.43224,23.411392,26.430573,20.614662,24.373661,22.348932,24.908606
32,34.930065,31.426495,28.991428,25.355633,21.761452,19.846125,17.519999,13.734273,10.786041,9.931237,5.787122,7.856441,6.59938,9.457453,12.107954,11.590546,15.817746,16.534481,22.183739,22.98632,27.034481,29.33407,32.791786,27.147472,25.342125,22.743496,18.935215,16.560898,13.0725565,12.181769,8.07088,7.269524,0.0,5.3847804,7.65955,6.9823503,6.7337217,10.293284,12.054638,11.543899,12.723847,17.074356,16.653307,17.05399,18.718166,22.564697,22.899044,22.723658,25.468018,23.31017,22.396246,26.886015,28.491686,25.705847,26.989756,26.50126,22.313787,23.478462,25.931711,21.578136,17.604067,20.242405,19.18277,21.075928,17.45653,14.133239,15.585187,12.597598,13.050812,19.021614,17.4515,14.478268,16.489285,21.87948,20.53949,25.398264,25.385252,23.50719,27.51435,25.72528,27.034668,29.961685,26.140734,23.584612,20.074373,24.138178,19.115705,23.959826,22.481682,25.049915,26.076525,25.159178,27.664728,24.569962,21.579376,25.295425,19.467655,21.10707,24.716372,22.389223,19.172266,19.719896,24.647375,27.445982,25.938213,22.551628,25.255585,18.966185,21.941286,19.89409,21.338297
33,37.098663,33.71346,30.926525,27.740334,24.30235,21.402594,20.327509,16.107565,13.575089,13.557123,9.925849,12.7732725,11.977816,14.58474,16.470993,15.15267,19.425022,18.977438,25.296545,24.970018,29.111525,31.816484,34.665066,29.041153,27.69659,25.69775,21.110136,19.450735,15.354822,15.045998,10.178844,7.6271152,5.3847804,0.0,5.4521008,8.006759,7.448185,7.739262,11.1149435,12.313283,12.297815,15.497534,16.460163,17.54858,17.823399,21.63792,23.555866,22.970245,24.759974,22.303679,20.603544,26.08585,26.661766,23.331133,24.917603,24.539297,20.875244,21.628468,23.194187,18.886473,15.716739,17.128487,15.957264,17.009428,13.64236,11.171588,12.293969,10.139175,11.768149,17.074396,16.008312,14.25911,16.300468,21.351868,19.8537,24.711695,25.19301,23.215199,27.86212,25.945646,28.000387,31.130724,27.926462,25.188967,21.224936,25.627184,20.127525,24.72034,23.276316,25.456886,27.064339,25.817812,28.695696,26.026573,23.367098,27.902088,22.599731,24.93734,28.677803,26.916826,24.012732,24.388973,29.162672,31.74709,30.072313,26.761768,28.82522,22.457438,25.181246,22.381706,23.962908
34,35.520206,32.043064,29.846756,26.565027,22.932508,20.430984,18.959978,15.988825,12.453963,14.281206,10.995946,14.299791,12.994965,14.518093,14.842935,12.337434,16.31937,14.8094225,21.442911,20.327057,24.420551,27.350212,29.835112,24.413267,23.437998,21.915411,17.012878,16.223442,11.787742,13.035781,6.947826,7.307716,7.65955,5.4521008,0.0,4.5155582,6.2133627,5.457694,6.542463,8.43215,9.886132,11.2562685,11.8152275,14.03778,14.625739,17.07951,19.357302,19.528767,21.046038,19.307005,16.885893,21.62315,22.793728,19.72192,20.451456,19.582184,15.792186,16.412743,18.540493,14.733412,10.510261,12.600524,11.705617,13.611133,10.066045,6.506273,8.585752,6.665396,6.5344634,12.137749,11.832448,10.286237,11.213013,16.383228,14.471158,19.38766,19.774937,17.823368,22.53803,20.884453,23.180553,26.560331,23.682995,20.64352,16.432306,20.734972,15.053972,19.566534,18.451866,20.780369,22.788673,21.955894,25.163725,23.151508,20.484398,25.583761,20.36405,23.48813,26.596817,25.954659,23.141878,22.591932,26.95269,29.132973,27.186167,24.069227,25.459093,19.278734,22.038633,18.913843,21.162966
35,32.237408,28.649895,26.842813,23.227142,19.422962,17.721733,15.263292,13.085379,8.849033,11.231208,8.31298,11.462226,10.162158,10.757804,11.321493,8.087496,12.290429,11.258461,17.666943,17.417421,21.387241,24.104898,27.133858,21.888481,20.66344,18.710743,14.437956,13.454543,9.250274,11.14866,4.038536,8.377386,6.9823503,8.006759,4.5155582,0.0,4.3465,7.000942,5.786953,5.345916,8.536635,11.090531,10.003922,11.538591,13.591186,16.078682,16.756258,17.337856,19.75788,18.367025,16.789127,20.457567,22.665682,20.232351,20.718977,19.922838,15.578957,16.91691,19.850863,15.865909,11.223223,14.834873,14.492305,16.97436,13.054142,9.126217,11.964356,9.685943,7.5087223,13.608997,13.346381,10.698157,10.710013,16.366209,14.1341715,19.105139,18.743183,16.558903,20.671211,18.867207,20.478107,23.668087,20.269205,17.376688,13.496017,17.776318,12.630641,17.788645,17.059717,20.002565,21.696815,21.469885,24.49965,22.400162,19.381527,23.970324,18.18071,21.014208,23.60252,22.942617,19.74722,18.628365,22.965393,25.155508,22.978817,19.790867,21.191326,14.91117,17.7438,14.924329,17.21145
