,0,1,2,3,4,5,6,7,8,9,10,11,12,13,14,15,16,17,18,19,20,21,22,23,24,25,26,27,28,29,30,31,32,33,34,35,36,37,38,39,40,41,42,43,44,45,46,47,48,49,50,51,52,53,54,55,56,57,58,59,60,61,62,63,64,65,66,67,68,69,70,71,72,73,74,75,76,77,78,79,80,81,82,83,84,85,86,87,88,89,90,91,92,93,94,95,96,97,98,99,100,101,102,103,104,105,106,107,108,109,110,111
0,0.0,4.2766156,6.4958596,9.455483,12.0107,14.056158,17.4278,20.761202,24.21718,26.322002,30.626354,33.720528,33.946373,34.23636,30.335814,30.929663,28.77318,27.56045,29.40839,26.350773,29.48318,27.03266,31.871063,30.111513,31.579052,28.5266,32.59315,33.804657,29.166752,32.913345,31.087065,35.074192,37.85049,37.54818,40.973434,42.216053,45.777565,45.518852,42.265594,39.178066,41.834408,38.483646,36.79379,34.82195,38.005722,33.313065,35.721348,34.076565,36.679787,38.66136,38.54624,41.918163,40.76319,43.93055,41.972565,45.454884,41.27014,43.587013,44.21175,42.927032,39.57897,39.720726,36.098877,33.89198,32.342346,28.670832,29.462955,25.156982,25.30864,20.377087,19.592154,23.881393,23.591429,29.021763,29.774092,32.16972,35.333473,36.156883,39.269123,41.004898,40.794945,37.560448,34.335384,31.997726,29.061132,28.4358,24.57793,23.907455,20.669546,21.545364,18.628168,16.222996,14.706082,11.724367,14.399871,17.414713,18.24619,21.718775,18.747154,23.734125,23.80901,28.93196,30.22069,33.5367,36.99832,35.677475,32.340656,34.011776,28.052586,27.641972,25.109945,23.262875
1,4.2766156,0.0,5.24834,6.5605273,8.753084,12.03236,14.289638,18.666899,21.431725,24.043442,28.284052,31.098497,31.33258,31.286722,27.527172,27.602734,25.591585,23.950026,26.012543,22.66418,25.863403,23.787754,28.451786,26.429007,28.240868,25.035378,28.815094,29.936594,25.09678,28.924768,26.981344,31.214233,34.02389,34.046337,37.30025,38.773243,42.290154,41.821323,38.644585,35.51919,37.93648,34.45227,32.69536,30.61496,33.83744,29.15935,31.664248,30.130205,32.752613,34.63856,34.397316,37.797718,36.645782,39.727932,37.70825,41.180504,37.00687,39.348568,40.029804,38.749275,35.40266,35.562145,31.880573,29.78155,28.294765,24.697683,25.68366,21.386671,21.75076,16.74758,15.516813,19.6943,19.43247,24.77088,25.7212,28.021118,31.31328,32.228146,35.374454,37.24996,37.07952,33.72815,30.810322,28.270363,25.168604,24.552534,20.468912,19.735704,16.438168,17.427652,14.721193,12.525337,10.592243,8.25919,10.687107,13.905095,14.356749,17.915762,14.82065,20.071098,20.18916,25.59902,26.776787,30.37556,33.847298,32.49527,29.134497,30.663002,24.51229,24.438375,21.616005,20.250088
2,6.4958596,5.24834,0.0,5.3092923,6.505131,8.39328,11.46225,14.638949,18.218708,20.082848,24.672918,27.657413,28.300842,28.78415,25.289196,25.948072,24.61433,23.41794,26.24256,23.594427,27.321457,25.74116,30.75139,28.96701,31.539877,28.518225,31.829672,32.44304,26.70772,30.14901,27.569012,31.694643,33.27063,33.28868,36.36803,37.392883,41.251762,41.05681,38.185894,35.49109,37.686615,35.015965,32.77598,31.457554,35.28181,31.003088,33.98966,32.905,35.6126,37.209,36.479828,39.87368,38.37708,41.04664,38.796146,41.855125,37.380165,39.559128,39.686287,38.378513,35.017597,35.523758,32.36714,30.24837,29.86579,25.80466,27.389048,23.086277,24.556076,19.326036,17.037666,21.316545,19.933794,25.63606,25.227541,27.600992,30.379354,30.846767,33.84501,35.345795,35.048733,32.038662,28.393158,26.371763,23.728643,23.302189,19.952106,20.248022,17.79514,19.786901,17.813126,16.325966,13.228066,11.897977,12.64362,15.141017,14.664842,17.435337,13.970506,18.194262,18.09736,22.82896,24.288387,27.343071,30.81864,29.735434,26.458279,28.765759,22.9158,22.919062,20.94145,19.579906
3,9.455483,6.5605273,5.3092923,0.0,3.8377693,5.992505,8.744578,12.666774,15.22296,18.030056,21.92126,24.818386,24.836468,24.87846,21.065891,21.49577,19.659475,18.485163,20.993502,18.444551,22.192589,20.640621,25.791803,24.314627,27.20251,24.576778,27.788704,28.021278,22.160513,25.337818,23.004492,26.71501,28.724806,28.400118,31.727665,32.837395,36.513798,36.343906,33.255116,30.438704,32.96498,30.271154,28.332125,27.186434,30.960506,26.869791,29.958021,29.108797,32.05226,33.81806,33.03377,36.72772,35.677486,38.084435,35.389782,38.3732,33.74556,35.677197,36.020584,35.21394,31.71652,32.88502,29.533566,28.036179,27.735348,24.16875,26.131119,21.998302,23.395824,18.431747,15.306959,18.76109,17.619835,22.639437,22.918316,24.5512,27.794273,28.081556,31.01475,32.883934,32.163944,28.904915,25.670517,23.228178,20.779282,19.53693,16.741606,16.011423,13.84193,15.9660425,14.188731,13.524978,9.736594,8.652069,7.998203,10.001552,9.826421,12.733145,10.193681,14.868753,15.755975,20.480354,22.52343,25.911697,29.48729,28.824717,25.592482,28.192099,21.99689,23.018545,20.644304,20.396626
4,12.0107,8.753084,6.505131,3.8377693,0.0,5.4340115,5.537422,10.700598,12.840113,15.667398,19.965364,22.524279,23.09893,23.111223,19.861624,19.870914,18.95944,17.330076,20.763008,18.175104,22.188559,21.46371,26.282406,24.4468,27.864328,25.013332,27.588383,27.661085,21.267656,24.42827,21.465677,25.675987,26.843994,27.198427,30.03819,31.223312,35.092476,34.736206,32.028503,29.446886,31.324766,28.866505,26.42505,25.440058,29.568197,25.660439,29.008793,28.41343,31.230692,32.61978,31.486202,35.008038,33.583687,35.80185,33.168144,35.96634,31.304234,33.31738,33.355938,32.278263,28.844355,29.873823,26.820463,25.170685,25.493923,21.632727,23.933378,19.88401,22.078018,17.102283,13.3229685,16.824518,14.927731,20.244274,19.684614,21.568298,24.493437,24.768784,27.72473,29.43326,28.923155,25.769754,22.39021,20.098331,17.523605,16.817657,13.8282995,14.247789,12.545746,15.350346,14.401053,14.136467,9.917505,10.593074,9.125688,10.805,8.984938,11.201679,7.5763893,11.814506,12.181049,17.073042,18.834738,22.243212,25.800795,25.019114,21.7718,24.416119,18.288942,19.416023,17.308008,17.32153
5,14.056158,12.03236,8.39328,5.992505,5.4340115,0.0,6.082964,6.9639287,10.559026,12.555562,16.5742,19.769339,20.057337,20.760447,17.23711,18.595484,17.655188,17.347569,20.655119,19.362644,23.525276,22.677805,28.003235,26.99918,30.669096,28.462019,31.045832,30.592075,23.945854,26.353369,23.429787,26.601501,27.006563,26.46988,29.606335,30.05498,34.082317,34.33895,31.62749,29.43541,31.766678,30.256487,27.881,27.87239,32.22992,28.844172,32.3972,32.14626,35.164486,36.6286,35.3111,39.00831,37.75227,39.539078,36.46569,38.845398,33.887344,35.450058,35.15519,34.56476,31.076054,32.957417,30.284622,29.063974,30.059649,26.299646,28.924166,25.01212,27.374685,22.48188,18.45146,21.481655,19.27042,24.09964,22.947792,24.249777,26.879572,26.436176,29.038149,30.519173,29.392609,26.578814,22.531885,20.745956,19.259714,17.901508,16.770557,17.051792,16.326021,19.331558,18.482967,18.590988,14.279814,14.1280365,12.075,12.561366,11.327312,12.4684725,10.398608,12.808409,13.933816,17.154337,19.981745,22.58902,26.147667,26.153492,23.17556,26.935219,21.268625,22.81293,21.451057,21.652185
6,17.4278,14.289638,11.46225,8.744578,5.537422,6.082964,0.0,6.8601565,7.646715,10.749079,15.023186,17.231647,18.192036,18.248753,15.6613,15.556532,15.884789,14.358006,18.835714,17.103153,21.410892,21.73937,26.32518,24.70539,28.969683,26.471668,28.146902,27.523634,20.402658,22.835413,19.190166,23.177568,22.838934,23.52133,25.903242,26.824081,30.949677,30.679495,28.429186,26.373745,27.720707,26.185902,23.235664,23.217154,27.886213,24.738132,28.526752,28.598082,31.416512,32.415092,30.705637,34.187214,32.609554,34.14146,31.131664,33.34047,28.412304,30.113018,29.614843,28.719355,25.29509,27.02124,24.596258,23.38244,25.05345,21.259754,24.311146,20.743752,23.882233,19.368662,14.60593,17.087725,14.1624155,18.86078,17.006857,18.386082,20.834242,20.496317,23.211851,24.739534,23.923138,20.997496,17.185843,15.203098,13.316477,12.563613,11.127689,12.729418,12.765591,16.40278,16.686703,17.435389,12.931956,14.781781,11.930088,12.131587,8.93394,8.956648,5.730748,7.151825,7.872375,11.804583,14.231921,17.358953,20.950836,20.739304,17.700283,21.29304,15.545994,17.691025,16.392725,17.487146
7,20.761202,18.666899,14.638949,12.666774,10.700598,6.9639287,6.8601565,0.0,5.309024,5.6577044,10.159729,13.3356495,14.429223,15.832745,13.45755,15.38223,16.274979,16.551628,20.854898,20.753782,25.06398,25.346321,30.312428,29.540165,34.0063,32.10595,33.756508,32.628418,25.379124,26.915447,23.3228,26.017397,24.286602,24.01531,26.465979,26.278507,30.663048,31.199205,29.211071,27.877804,29.498985,29.36003,26.412165,27.628769,32.49935,30.02827,33.975925,34.40582,37.350075,38.33898,36.408615,39.94712,38.430264,39.44548,36.073593,37.683975,32.535366,33.678825,32.610996,32.201065,28.876797,31.457306,29.700119,28.865047,31.311548,27.565426,30.833235,27.406637,30.725142,26.193508,21.44224,23.709074,20.550072,24.721045,22.011843,22.818493,24.533752,23.25805,25.347229,26.319366,24.796192,22.630785,17.813622,16.995121,16.831078,15.638035,16.56917,18.144983,18.973227,22.6085,22.831858,23.668005,19.122822,20.086866,17.131609,16.593039,14.232826,13.28722,11.983606,10.872028,12.021782,12.636193,16.267305,17.769173,21.149529,22.029871,19.555883,24.491394,19.821222,22.09216,21.879015,22.857473
8,24.21718,21.431725,18.218708,15.22296,12.840113,10.559026,7.646715,5.309024,0.0,4.6614523,7.52204,9.697233,10.697821,11.307921,9.617154,10.591389,12.645925,12.635031,17.536955,17.868439,22.079397,23.268957,27.66697,26.944977,31.884829,30.259895,31.168236,29.58083,22.173319,23.119724,19.278214,21.709764,19.167871,19.31415,21.365541,21.306465,25.74481,26.104153,24.379774,23.301025,24.466274,24.773413,21.645052,23.440746,28.444624,26.583307,30.672724,31.560202,34.451202,35.21064,32.985218,36.501804,35.12776,35.654743,31.988764,33.23674,28.01312,28.876589,27.676893,27.609734,24.297169,27.511032,26.016876,25.789427,28.815416,25.564445,29.188297,26.262703,29.817034,25.866735,20.698023,21.898392,18.63211,21.714859,18.902227,18.872967,20.53269,18.879013,20.751049,21.949444,20.035088,17.764141,13.240637,12.230801,12.81212,11.076332,13.596728,15.269713,17.21572,21.004993,22.061884,23.621803,19.142109,21.0298,17.342213,16.033499,13.053677,10.69593,10.660213,7.3992963,9.508878,8.783242,13.148001,14.826637,18.146185,19.514605,17.315641,22.393158,17.957222,21.187765,20.94624,22.941504
9,26.322002,24.043442,20.082848,18.030056,15.667398,12.555562,10.749079,5.6577044,4.6614523,0.0,5.543759,8.160139,10.429503,12.400104,11.764692,13.757727,16.343054,16.941484,21.695087,22.430025,26.592115,27.736792,32.20735,31.592302,36.5341,34.895412,35.79317,34.180176,26.75218,27.542883,23.603636,25.787224,22.281115,22.367373,24.013464,23.30722,27.879023,28.586014,27.333248,26.790413,27.666243,28.686281,25.375835,27.56176,32.65452,31.004986,35.130257,36.082333,38.90227,39.507355,37.14328,40.489597,38.844517,39.193233,35.626514,36.553036,31.381464,32.11571,30.427027,30.235455,27.158886,30.323997,29.373896,28.966745,32.452408,28.934687,32.586227,29.666279,33.520325,29.421824,24.35265,25.879158,22.282137,25.5929,21.902205,22.124657,22.99058,20.992437,22.478758,22.989439,21.063326,19.597466,14.338661,14.577089,15.7954445,14.811668,17.473833,19.782642,21.649643,25.483994,26.42664,27.74122,23.20988,24.823627,21.425303,20.342941,17.503597,15.346036,14.8236885,11.337912,12.396152,10.101072,14.270135,14.535834,17.53284,19.356016,17.564287,23.26748,19.725264,22.59016,23.175909,24.821281
10,30.626354,28.284052,24.672918,21.92126,19.965364,16.5742,15.023186,10.159729,7.52204,5.543759,0.0,4.0207157,5.2692013,8.178943,8.658835,11.62778,14.735898,16.445894,20.625988,22.596436,26.37028,27.865118,32.06306,32.118084,37.25816,36.275646,36.813602,34.652843,27.446182,27.295012,23.709013,24.541918,20.170162,19.43232,20.976994,19.452763,23.956772,25.240007,24.226515,24.333801,25.368713,27.497074,24.524208,27.666546,32.615643,31.74255,35.86114,37.230602,40.11687,40.730274,38.23058,41.672535,40.43625,40.241257,36.235382,36.653637,31.440153,31.53717,29.70736,30.339552,27.382797,31.522385,30.861595,31.213518,35.00237,32.049843,35.87865,33.27828,37.01589,33.26283,28.030184,28.804203,25.457071,27.707014,24.363518,23.561949,24.339468,21.751383,22.589489,23.14416,20.323618,19.254585,14.556826,15.106577,17.571749,15.68614,19.974981,21.524832,24.097412,27.77751,29.012175,30.799028,26.363758,27.966467,24.140903,22.309988,19.862223,17.016066,18.007616,13.9468,15.8724375,12.295217,16.889002,16.617388,19.065107,21.785568,20.592072,26.440132,23.361904,26.79264,27.32692,29.493666
11,33.720528,31.098497,27.657413,24.818386,22.524279,19.769339,17.231647,13.3356495,9.697233,8.160139,4.0207157,0.0,4.6476154,6.9555373,9.671132,11.38421,15.639352,16.963753,21.348522,23.466103,27.002207,29.130377,32.76315,32.719753,38.081104,37.163986,37.12209,34.73881,27.601032,27.04705,23.281132,23.948307,18.38668,18.366318,18.9684,17.305763,21.858648,23.0054,22.686136,23.340773,23.522339,26.320955,23.10127,26.736956,31.699833,31.385298,35.51992,37.201797,39.90986,40.209553,37.45175,40.671448,39.355038,38.720066,34.68188,34.637047,29.544144,29.384151,27.167313,27.92665,25.232618,29.658785,29.542103,30.202755,34.54762,31.865265,35.84426,33.656837,37.64886,34.28696,28.980745,29.23173,25.75345,27.315693,23.55103,22.33293,22.533657,19.570795,19.908707,20.210665,17.115381,16.584333,12.121599,13.37576,16.647566,15.077908,20.08841,22.054728,25.121267,28.805737,30.509165,32.548,28.228323,30.336916,26.355234,24.400066,21.601475,18.294527,19.468847,14.549841,16.229656,11.426361,15.74732,14.860983,16.793966,20.020061,19.358788,25.214567,22.892937,26.636002,27.47424,30.073807
12,33.946373,31.33258,28.300842,24.836468,23.09893,20.057337,18.192036,14.429223,10.697821,10.429503,5.2692013,4.6476154,0.0,3.7809026,6.2208214,9.122493,12.649528,15.024111,18.494587,21.429295,24.656315,26.618862,30.278801,30.852306,36.116203,35.72794,35.811665,33.176228,26.373655,25.340195,22.206577,21.776281,16.833736,15.3766,16.797127,14.691882,19.065702,20.739782,19.871595,20.517836,21.66004,24.654274,22.122805,26.001871,30.662865,30.532455,34.54585,36.29253,39.175728,39.783295,37.212482,40.711464,39.937805,39.28345,34.91343,34.94138,29.784237,29.314293,27.561766,29.006329,26.16381,31.109024,30.565767,31.660189,35.532406,33.23853,37.1528,34.921467,38.449318,35.160366,29.865547,29.822786,26.856184,27.98268,25.27808,23.51397,24.417576,21.532331,21.883749,22.758968,19.2419,18.248188,14.758794,15.081049,18.271631,15.581905,20.986639,21.721685,24.883978,28.289423,29.87573,32.13191,27.939861,29.717651,25.557203,23.120615,20.969805,17.602367,19.857304,15.590871,18.164177,14.288562,18.871243,18.737589,20.79711,23.895174,23.030169,28.594337,25.67384,29.610704,29.8521,32.55326
13,34.23636,31.286722,28.78415,24.87846,23.111223,20.760447,18.248753,15.832745,11.307921,12.400104,8.178943,6.9555373,3.7809026,0.0,5.006777,6.0532427,10.233116,12.317565,15.698638,18.787075,21.730478,24.139912,27.33365,27.928669,33.28707,33.075764,32.810947,29.991182,23.386274,21.993166,18.997568,18.205027,13.10759,11.723232,13.108298,11.341959,15.811418,17.214718,16.227318,16.844784,17.895979,20.959581,18.559444,22.650217,27.178675,27.353294,31.304874,33.225735,36.06202,36.633648,34.041656,37.557896,37.024986,36.221912,31.707325,31.682945,26.5484,25.922443,24.388483,26.165821,23.294226,28.54576,27.899426,29.380657,33.168133,31.302353,35.21645,33.24658,36.61436,33.69947,28.429726,27.82478,25.146498,25.557426,23.395432,21.103294,22.284576,19.447964,19.759583,21.091738,17.40276,16.011663,13.507807,13.206603,16.492548,13.318167,19.178743,19.455582,22.959768,26.170687,28.064512,30.609568,26.651674,28.751427,24.43169,21.750185,19.577051,15.902423,18.791672,14.488989,17.398886,13.841978,18.242779,18.690514,20.731945,23.671238,22.78162,27.889992,24.831442,29.056696,28.947493,32.005905
14,30.335814,27.527172,25.289196,21.065891,19.861624,17.23711,15.6613,13.45755,9.617154,11.764692,8.658835,9.671132,6.2208214,5.006777,0.0,5.0893598,6.6325803,9.710811,12.6095085,15.693811,18.90761,20.525614,24.440104,25.253294,30.341045,30.167147,30.613285,28.029598,21.432117,20.506197,17.933271,17.258919,14.504627,12.009789,15.055628,13.953984,18.01686,19.376429,17.182917,16.689383,19.157404,20.934301,19.048794,22.312138,26.703339,26.134352,30.010727,31.535484,34.623367,35.659325,33.460693,37.3044,37.012978,36.786793,32.294067,32.941345,27.702915,27.438305,26.580736,28.209696,24.993828,29.866768,28.409359,29.621723,32.553356,30.555008,34.245075,31.853245,34.737854,31.509811,26.369978,26.144857,23.867584,24.8463,23.597435,21.67,23.745224,21.468197,22.445963,24.186682,20.893135,18.749903,16.096834,14.822978,16.979168,13.190131,18.13173,17.390324,20.361748,23.421375,24.80017,27.206465,23.238783,24.790237,20.51502,17.701792,16.160978,12.9326515,16.228922,13.262966,16.730137,14.8568125,19.45747,20.781713,23.398085,25.75178,24.248293,29.154358,25.108124,29.08099,28.376982,31.076172
15,30.929663,27.602734,25.948072,21.49577,19.870914,18.595484,15.556532,15.38223,10.591389,13.757727,11.62778,11.38421,9.122493,6.0532427,5.0893598,0.0,5.433861,6.3254876,10.272344,12.845126,15.888583,18.50362,21.590103,21.928,27.315935,27.032495,26.803782,24.068531,17.403452,16.23166,13.303223,12.966307,9.831517,8.735125,11.312362,11.485155,15.579104,15.994273,13.858578,13.058535,14.761602,16.216093,14.009187,17.412,21.90274,21.6376,25.569954,27.345741,30.281824,31.078281,28.71235,32.46477,32.224174,31.816326,27.263256,27.86798,22.639883,22.389698,21.69834,23.40759,20.159096,25.188374,23.709566,25.287544,28.330427,26.784157,30.527748,28.56898,31.484497,28.812635,23.68443,22.680704,20.573687,20.618975,19.734148,17.242346,19.53142,17.40285,18.4311,20.638994,17.45796,14.802376,13.326869,11.280035,13.3843,9.201855,14.743442,13.8980875,17.500906,20.452251,22.483416,25.253756,21.591974,23.949745,19.543694,16.679255,14.566469,10.750378,14.499828,11.106799,14.650178,13.069427,17.107086,19.038282,21.539629,23.602453,22.141071,26.392002,22.40757,26.696411,25.732925,28.933804
16,28.77318,25.591585,24.61433,19.659475,18.95944,17.655188,15.884789,16.274979,12.645925,16.343054,14.735898,15.639352,12.649528,10.233116,6.6325803,5.433861,0.0,4.609494,6.0038958,9.431759,12.352584,14.046779,17.816673,18.852573,23.849022,24.01757,24.532843,21.888119,15.7694235,14.733992,13.106818,11.960419,12.419416,9.405763,13.721115,14.189875,17.369474,17.970888,14.55448,12.5595,16.246405,16.358616,15.435935,17.84236,21.675947,20.830946,24.4421,25.840635,29.06333,30.48041,28.672367,32.790154,33.11812,33.208904,28.638838,29.846096,24.752718,24.639486,24.82217,26.685692,23.294977,27.999422,25.688372,27.216629,29.106157,27.770893,31.13795,28.882008,30.977188,28.208563,23.426163,22.548346,21.301674,21.507288,22.13658,19.848085,23.01392,21.4853,22.886566,25.416021,22.48176,19.458138,18.252317,15.652256,16.617456,12.096401,16.099667,13.372158,16.244726,18.593245,20.022194,22.802958,19.4384,21.058592,16.70415,13.37504,12.630191,9.656193,14.318215,13.097794,16.993982,17.087936,21.021633,23.542067,26.330688,27.974028,26.106611,29.983702,25.210524,29.193176,27.51988,30.369217
17,27.56045,23.950026,23.41794,18.485163,17.330076,17.347569,14.358006,16.551628,12.635031,16.941484,16.445894,16.963753,15.024111,12.317565,9.710811,6.3254876,4.609494,0.0,5.693902,6.6091175,10.099815,12.632219,15.8853035,15.876006,21.192305,20.782602,20.933287,18.463915,11.7382965,11.315949,8.905068,9.614611,10.930339,10.146211,13.577223,15.274133,18.410576,17.996817,14.792978,12.197504,14.8617935,13.633346,12.179608,13.7951565,17.93675,16.68605,20.489937,21.8583,25.006214,26.262672,24.37519,28.461292,28.629698,28.91153,24.489235,26.029337,20.932043,21.270172,21.717184,23.145971,19.640821,23.916542,21.302223,22.77313,24.505947,23.305773,26.65667,24.58249,26.71904,24.252306,19.48892,18.174604,17.075539,16.926653,18.02078,15.72507,19.306196,18.27975,20.059849,22.891348,20.49962,16.990225,16.39695,13.126846,13.212423,8.6933775,12.057172,8.990025,12.287927,14.700276,16.684229,19.681574,16.494207,18.944551,14.574319,11.501935,9.892397,6.51751,11.369829,10.439015,14.180228,15.250718,18.480108,21.652243,24.479263,25.574968,23.549093,26.738695,21.784351,25.784775,23.790674,26.865576
18,29.40839,26.012543,26.24256,20.993502,20.763008,20.655119,18.835714,20.854898,17.536955,21.695087,20.625988,21.348522,18.494587,15.698638,12.6095085,10.272344,6.0038958,5.693902,0.0,5.2009873,6.660053,8.79678,11.897148,13.434529,18.277245,19.07093,19.492638,16.676111,11.699777,10.243666,10.48997,8.341904,12.844976,9.982999,14.486553,16.18855,18.15999,18.016333,13.806689,10.388363,15.038115,13.244237,13.7941,15.032905,17.805233,16.855465,19.94888,21.258902,24.559134,26.3744,25.03765,29.348885,30.415583,30.73254,26.170502,27.833652,23.148808,23.091076,24.315922,26.427122,23.107365,27.509869,24.53077,26.426521,27.230152,26.750778,29.674711,27.736721,28.937445,26.860424,22.69729,21.0313,20.98732,20.146366,22.642738,20.054373,23.93453,23.099966,24.666584,27.69828,25.125679,21.682293,21.751228,18.507885,18.57561,14.120086,16.799593,12.330197,14.789336,15.944245,17.44312,20.575918,18.213434,19.848598,15.805257,12.300581,12.641246,10.629341,15.64679,15.924333,19.63075,20.93184,24.121613,27.297216,30.037167,31.175362,29.175114,32.09184,27.025684,30.893538,28.482853,31.420391
19,26.350773,22.66418,23.594427,18.444551,18.175104,19.362644,17.103153,20.753782,17.868439,22.430025,22.596436,23.466103,21.429295,18.787075,15.693811,12.845126,9.431759,6.6091175,5.2009873,0.0,4.35394,6.483307,9.812201,9.694548,14.739139,14.592866,15.379395,13.2201,7.565697,8.140196,8.235339,9.163861,14.792197,13.8778515,17.529734,19.954247,22.056131,21.16933,17.291157,13.512543,16.986786,13.333074,13.508235,12.831862,15.564554,13.2505045,16.380463,17.139296,20.5389,22.524597,21.46113,25.851463,26.7784,27.759214,23.614878,26.026815,21.501806,22.217485,23.853344,25.193169,21.779303,25.174845,21.558653,23.002075,22.96398,22.49654,25.111439,23.089159,23.915606,21.97024,18.145117,16.373228,16.95784,16.275795,19.751663,17.741686,22.13029,22.066942,24.170681,27.357876,25.51631,21.68713,21.888306,18.199348,17.01776,13.153788,13.827424,8.432694,10.146176,10.812711,12.439137,15.718831,13.765109,15.887666,12.081655,8.988478,9.30375,8.338379,12.788869,14.499033,17.744665,20.475168,22.935844,26.747282,29.641235,30.062126,27.741863,29.884422,24.402542,27.90176,24.96522,27.738379
20,29.48318,25.863403,27.321457,22.192589,22.188559,23.525276,21.410892,25.06398,22.079397,26.592115,26.37028,27.002207,24.656315,21.730478,18.90761,15.888583,12.352584,10.099815,6.660053,4.35394,0.0,4.847663,5.791542,6.827889,11.745114,12.802238,13.091643,10.406784,7.2226315,6.485847,9.137241,8.230323,15.736316,14.53626,18.066069,20.8213,22.041794,20.916857,16.780693,12.620636,16.51607,12.089009,13.735881,12.606019,13.88927,12.1191,14.435897,15.335789,18.698864,20.981709,20.312103,24.743553,26.441362,27.296038,23.110739,25.543835,21.528767,21.951525,24.230639,26.035006,22.89185,26.321548,22.584143,24.527498,23.91225,24.312065,26.573069,25.03194,25.195831,24.009375,20.798939,18.359331,19.708946,17.934782,22.349695,19.92189,24.359509,24.464993,26.33681,29.706175,27.843182,24.055174,25.05825,21.346964,20.272926,16.52079,17.191545,11.636203,13.043953,12.534275,14.149939,17.492796,16.545393,18.420467,15.182042,12.32261,13.289877,12.628951,16.882334,18.56741,21.68384,24.270298,26.503195,30.317526,33.018,33.436054,31.259855,32.999836,27.72603,31.225746,28.08999,30.970047
21,27.03266,23.787754,25.74116,20.640621,21.46371,22.677805,21.73937,25.346321,23.268957,27.736792,27.865118,29.130377,26.618862,24.139912,20.525614,18.50362,14.046779,12.632219,8.79678,6.483307,4.847663,0.0,5.9000287,7.7502785,10.853607,12.11207,14.256342,12.625324,10.546536,11.102666,13.443054,12.948941,20.109549,18.157202,22.226448,24.524227,25.833418,25.151573,20.783716,16.697878,21.146805,16.914719,18.488209,17.036182,18.069483,15.513484,17.293173,17.30892,20.73591,23.523558,23.440239,27.882208,29.612892,31.017405,27.160639,29.938917,26.016785,26.661703,28.943977,30.493334,27.263382,30.282495,26.261297,27.67241,26.350983,26.39822,28.282055,26.24953,25.791733,24.184439,21.44041,19.834547,21.49816,20.779503,25.31249,23.521488,28.08317,28.300583,30.40206,33.675903,31.858667,28.032103,28.368477,24.67876,23.3097,19.602125,19.52139,13.782148,13.880459,12.863844,13.10823,15.9462595,15.393592,16.06374,13.421525,10.738917,13.242794,13.804648,17.65031,20.468987,23.58774,26.758085,29.195667,33.103497,36.06239,36.342857,33.894726,35.74242,30.023748,33.12282,29.753197,32.066227
22,31.871063,28.451786,30.75139,25.791803,26.282406,28.003235,26.32518,30.312428,27.66697,32.20735,32.06306,32.76315,30.278801,27.33365,24.440104,21.590103,17.816673,15.8853035,11.897148,9.812201,5.791542,5.9000287,0.0,4.763612,7.2608624,10.212499,10.753223,8.488686,9.950633,9.435854,13.517562,12.2126,20.453741,19.158104,22.459784,25.365797,25.80448,24.507357,20.328577,16.131092,20.032204,14.904724,17.641294,15.5209465,14.841967,13.074569,13.697776,13.993096,17.126425,20.029327,20.321882,24.620646,27.168846,28.33019,24.568459,27.32878,24.1578,24.584345,27.556265,29.434862,26.61008,29.482075,25.44001,27.454721,25.673786,26.842976,28.395378,27.191168,26.245674,25.81294,23.63721,20.947376,23.27602,21.02833,26.470745,24.162882,28.690271,29.197067,31.049139,34.52852,32.880363,29.08673,30.531351,26.757746,25.38762,21.955894,21.864807,16.166826,16.579012,14.7388735,15.72676,18.720587,19.112215,20.389097,18.145226,15.855958,17.669683,17.835365,21.59498,23.949379,26.823557,29.81814,31.743792,35.72277,38.370403,38.542587,36.32655,37.505833,32.20741,35.40012,31.881025,34.54879
23,30.111513,26.429007,28.96701,24.314627,24.4468,26.99918,24.70539,29.540165,26.944977,31.592302,32.118084,32.719753,30.852306,27.928669,25.253294,21.928,18.852573,15.876006,13.434529,9.694548,6.827889,7.7502785,4.763612,0.0,5.6126285,6.5000873,6.6464667,5.1007795,6.7968326,8.230118,11.684607,12.679634,20.517918,20.562246,23.28546,26.592155,27.462742,25.674517,21.93922,17.776735,20.494127,14.559532,16.51239,13.11007,12.465907,9.365757,9.995434,9.764821,13.105525,16.048607,16.433083,20.774876,23.050625,24.693623,21.324993,24.61169,21.583565,22.646633,25.720285,26.910976,24.10793,26.151363,21.794437,23.479906,21.168581,22.484558,23.800184,22.759394,21.649387,21.595798,19.77318,16.757261,19.544033,17.11276,23.094208,21.196001,25.826727,26.84356,28.969543,32.458687,31.359064,27.427212,29.005318,25.102718,23.073261,20.282034,19.058681,13.546647,13.452907,11.034695,12.483446,15.553762,16.401337,18.399763,16.455109,14.819594,15.986764,16.495092,19.47057,22.181936,24.54353,28.135359,29.443577,33.691216,36.313293,36.0159,33.70826,34.268925,28.974798,31.894217,28.164791,30.799574
24,31.579052,28.240868,31.539877,27.20251,27.864328,30.669096,28.969683,34.0063,31.884829,36.5341,37.25816,38.081104,36.116203,33.28707,30.341045,27.315935,23.849022,21.192305,18.277245,14.739139,11.745114,10.853607,7.2608624,5.6126285,0.0,4.7811513,6.692454,7.510006,12.087951,13.570672,17.202589,17.912235,25.966349,25.726583,28.537424,31.81035,32.339737,30.576767,26.761658,22.596804,25.485996,19.439926,21.791998,18.023552,16.294897,13.231349,12.17308,10.722921,13.361166,16.907784,18.442934,22.353378,25.166216,27.30822,24.619295,28.197668,25.887403,27.049932,30.463234,31.523159,28.947311,30.363045,25.819992,27.236015,23.814318,25.525494,26.030954,25.13523,22.849684,23.357332,22.695724,19.96908,23.421444,21.19829,27.634743,26.113985,30.735264,32.043274,34.23059,37.72386,36.812428,32.87411,34.479725,30.556665,28.27256,25.696081,23.86267,18.448408,17.433903,14.221787,14.569545,16.81892,18.904554,20.046164,19.211098,18.181122,20.092573,21.315086,23.833643,27.202055,29.377048,33.385223,34.53266,38.9029,41.56476,41.021133,38.60443,38.764473,33.380966,35.864616,31.838865,34.04314
25,28.5266,25.035378,28.518225,24.576778,25.013332,28.462019,26.471668,32.10595,30.259895,34.895412,36.275646,37.163986,35.72794,33.075764,30.167147,27.032495,24.01757,20.782602,19.07093,14.592866,12.802238,12.11207,10.212499,6.5000873,4.7811513,0.0,5.380568,7.960499,10.919813,13.920591,16.40743,18.828419,26.205666,26.742002,29.327913,32.708332,33.793232,31.85488,28.295778,24.173845,26.42592,20.186813,21.58832,17.186752,16.143969,11.864408,11.184191,8.827229,11.570597,15.037171,16.577667,20.434948,22.575094,25.331617,23.0925,27.096497,24.711569,26.471594,29.675371,30.003143,27.362524,27.995771,23.22436,23.998796,20.06696,21.499832,21.727592,20.680538,18.152227,18.72729,18.51801,15.956236,19.745716,18.025583,24.576965,23.722794,28.348434,30.025562,32.50789,35.893406,35.428154,31.417803,32.77025,28.83172,25.9864,23.996037,21.102928,16.125408,14.338899,10.671083,10.932147,12.937563,15.526676,17.120548,16.733007,16.444372,17.885767,19.571941,21.192858,25.009296,26.694809,31.268103,31.97142,36.513153,39.221684,38.266956,35.70553,35.459427,29.986162,32.078888,27.888874,29.849247
26,32.59315,28.815094,31.829672,27.788704,27.588383,31.045832,28.146902,33.756508,31.168236,35.79317,36.813602,37.12209,35.811665,32.810947,30.613285,26.803782,24.532843,20.933287,19.492638,15.379395,13.091643,14.256342,10.753223,6.6464667,6.692454,5.380568,0.0,4.053609,9.544827,11.716428,14.563641,16.892044,24.065786,25.429281,27.20593,30.969362,31.676624,29.246004,26.163363,22.2689,23.542048,16.995821,18.66801,13.858153,11.654039,8.00618,6.103148,4.0362835,6.9382887,10.362926,11.8561125,15.75457,18.48575,20.777231,18.481443,22.397087,20.56073,22.213654,25.770935,26.26118,23.994999,24.59554,20.02167,21.511417,17.846216,20.32067,20.704111,20.633156,18.615992,20.140839,19.645445,15.916316,19.622894,16.254396,23.101988,21.624853,26.013609,27.803257,29.985409,33.454536,33.124344,29.249617,31.488855,27.61111,24.982178,23.237637,20.830618,16.290546,15.603063,12.40536,14.129559,16.606583,18.619825,21.137684,20.069502,19.375261,19.883991,20.652351,22.534054,25.336142,26.89134,30.902191,31.228495,35.65536,38.008755,37.100994,34.87336,34.235313,29.38512,31.801178,27.815405,30.385757
27,33.804657,29.936594,32.44304,28.021278,27.661085,30.592075,27.523634,32.628418,29.58083,34.180176,34.652843,34.73881,33.176228,29.991182,28.029598,24.068531,21.888119,18.463915,16.676111,13.2201,10.406784,12.625324,8.488686,5.1007795,7.510006,7.960499,4.053609,0.0,7.5032034,8.259044,11.889942,13.213533,20.645994,21.833275,23.540407,27.31752,27.796295,25.37591,22.257433,18.390587,19.7646,13.262833,15.46621,11.205569,8.829419,6.3355894,5.3551254,5.865594,8.835547,11.555387,12.053876,16.24883,19.096682,20.510721,17.370424,20.748095,18.525007,19.652435,23.222767,24.355648,22.024967,23.599737,19.345253,21.508228,18.982027,21.355293,22.427448,22.333017,21.170498,22.241007,20.818897,16.880577,19.934795,16.08172,22.523397,20.318169,24.672813,26.037352,27.94749,31.494356,30.762138,26.95775,29.440979,25.606976,23.527546,21.324673,20.006868,15.257625,15.602801,13.132591,15.3740225,18.362865,19.510387,22.18027,20.339237,18.961464,19.291826,19.343792,21.9754,24.047365,25.984722,29.33559,30.00642,34.226208,36.493225,36.005783,33.96391,33.81243,29.120644,32.04835,28.36552,31.337446
28,29.166752,25.09678,26.70772,22.160513,21.267656,23.945854,20.402658,25.379124,22.173319,26.75218,27.446182,27.601032,26.373655,23.386274,21.432117,17.403452,15.7694235,11.7382965,11.699777,7.565697,7.2226315,10.546536,9.950633,6.7968326,12.087951,10.919813,9.544827,7.5032034,0.0,4.698706,5.490749,9.421827,15.591154,17.172016,19.116325,22.639772,24.23074,22.120878,19.048264,15.292832,16.585972,10.845874,11.0702915,7.4586115,9.258473,5.7730637,9.128396,10.125401,13.346378,15.025881,13.921088,18.330091,19.496393,20.71504,16.913054,19.98752,16.148048,17.539429,20.041761,20.833063,17.775412,20.049738,15.882435,17.676924,16.760365,17.588774,19.797255,18.825151,19.249416,18.857615,15.877551,12.330184,14.163537,11.203873,16.629591,14.454409,19.08472,20.064022,22.27739,25.737135,24.814821,20.836704,22.529844,18.61814,16.4966,14.0215435,12.944787,7.9789042,9.418092,8.566757,11.724676,15.194381,14.676308,18.050356,15.198965,13.493203,12.72131,12.133085,14.916629,16.568014,18.684752,21.975136,22.966154,27.184855,29.677383,29.372074,27.19836,27.807772,22.781487,26.079102,22.715336,25.893969
29,32.913345,28.924768,30.14901,25.337818,24.42827,26.353369,22.835413,26.915447,23.119724,27.542883,27.295012,27.04705,25.340195,21.993166,20.506197,16.23166,14.733992,11.315949,10.243666,8.140196,6.485847,11.102666,9.435854,8.230118,13.570672,13.920591,11.716428,8.259044,4.698706,0.0,4.910579,5.303546,12.585912,13.821988,15.583551,19.263964,20.25486,18.056751,14.871163,11.061869,12.564035,6.7137938,8.397578,6.449752,7.720686,7.2692285,10.177344,12.303885,15.206894,16.597555,15.160982,19.42764,21.111109,21.334541,16.894257,19.099955,15.228204,15.634873,18.26926,20.143204,17.278688,20.754461,17.27497,19.963064,19.94548,21.156828,23.607191,22.997002,23.683071,23.438532,20.204203,16.569433,17.83126,14.220273,18.852654,15.685782,19.900013,20.270123,21.888792,25.42303,23.928085,20.18321,22.487158,18.779058,17.709711,14.658399,15.506295,10.988246,13.464647,13.135482,16.103235,19.617489,18.794498,21.880043,18.62992,16.264704,15.612978,14.082595,17.769981,18.238348,20.778578,22.890347,24.27761,28.06115,30.296263,30.560587,28.758314,29.789396,25.281202,29.029068,26.08982,29.590229
30,31.087065,26.981344,27.569012,23.004492,21.465677,23.429787,19.190166,23.3228,19.278214,23.603636,23.709013,23.281132,22.206577,18.997568,17.933271,13.303223,13.106818,8.905068,10.48997,8.235339,9.137241,13.443054,13.517562,11.684607,17.202589,16.40743,14.563641,11.889942,5.490749,4.910579,0.0,6.505051,10.397472,13.02484,14.254171,17.83752,19.804024,17.608767,15.078848,11.951513,12.196098,7.7022157,6.2502847,5.0363216,9.32675,8.359853,12.347396,14.342028,17.076513,17.821226,15.661232,19.699295,20.24908,20.404522,15.946837,17.97746,13.290363,14.156787,15.875179,17.1173,13.838416,17.480284,14.243954,16.637802,17.790356,18.176836,21.221664,20.398746,22.119314,21.35775,17.41736,14.004984,14.2032175,10.956529,14.430775,11.2014675,15.452654,15.696078,17.56905,21.042591,19.69023,15.788959,17.801327,14.01552,12.805305,9.928564,11.067168,7.5793943,11.1042185,12.083323,15.480421,18.894632,17.22376,20.881115,17.29718,15.135194,13.225714,10.981328,14.239903,13.857088,16.18835,18.142172,19.374275,23.18053,25.448692,25.674362,23.86421,25.1042,20.657654,24.608423,22.006424,25.71115
31,35.074192,31.214233,31.694643,26.71501,25.675987,26.601501,23.177568,26.017397,21.709764,25.787224,24.541918,23.948307,21.776281,18.205027,17.258919,12.966307,11.960419,9.614611,8.341904,9.163861,8.230323,12.948941,12.2126,12.679634,17.912235,18.828419,16.892044,13.213533,9.421827,5.303546,6.505051,0.0,8.36631,8.69599,10.6406555,14.159419,15.048807,13.176592,9.686033,5.89451,8.310155,4.9313297,6.8716016,8.75363,10.864151,12.087026,15.0155115,17.473791,20.186264,21.225029,19.349564,23.320547,24.782253,24.192446,19.320347,20.408598,16.137926,15.518577,17.371847,20.163591,17.330688,22.125578,19.567677,22.580826,23.818169,24.612188,27.54606,26.8126,28.158327,27.432945,23.557117,20.323198,20.605377,17.361565,20.434448,16.691843,20.280045,19.69816,20.732025,24.112247,21.81329,18.432877,20.696787,17.397419,17.62436,13.921238,16.880396,13.113449,16.472435,17.10972,19.928366,23.438917,21.81671,24.678059,20.877968,17.952505,17.095705,14.561802,18.931751,18.065783,21.063036,21.793808,23.8593,27.022259,29.08859,30.090633,28.621668,30.524292,26.429724,30.615553,28.280468,31.974945
32,37.85049,34.02389,33.27063,28.724806,26.843994,27.006563,22.838934,24.286602,19.167871,22.281115,20.170162,18.38668,16.833736,13.10759,14.504627,9.831517,12.419416,10.930339,12.844976,14.792197,15.736316,20.109549,20.453741,20.517918,25.966349,26.205666,24.065786,20.645994,15.591154,12.585912,10.397472,8.36631,0.0,6.181884,4.312933,7.989533,10.359412,8.394568,7.532735,7.605684,5.425912,8.711492,6.6079407,11.912269,15.549957,17.533258,20.985529,23.739883,26.037386,26.125881,23.335114,26.60376,26.943045,25.37522,20.444294,20.042038,15.29037,13.917615,13.58103,16.746145,14.139547,20.197752,19.368744,22.449461,25.823082,25.913206,29.532492,28.930922,31.626505,30.515793,25.913141,23.084923,21.77666,18.929712,19.115473,14.944993,16.86421,14.9339905,14.957498,17.861107,14.726091,12.129308,14.702831,12.487743,14.685457,11.48568,16.8064,15.715377,19.942066,21.906412,25.003222,28.314352,25.721622,28.982632,24.788975,21.986155,19.818758,16.134205,19.859905,16.506943,19.14187,17.493551,19.691319,21.70332,23.1715,25.026062,24.291702,27.008902,24.175165,28.800718,27.657526,31.69949
33,37.54818,34.046337,33.28868,28.400118,27.198427,26.46988,23.52133,24.01531,19.31415,22.367373,19.43232,18.366318,15.3766,11.723232,12.009789,8.735125,9.405763,10.146211,9.982999,13.8778515,14.53626,18.157202,19.158104,20.562246,25.726583,26.742002,25.429281,21.833275,17.172016,13.821988,13.02484,8.69599,6.181884,0.0,5.1136007,6.3783755,8.412056,8.665528,5.3196344,5.2182865,8.190112,11.362033,11.330104,15.81074,18.811678,20.363544,23.58085,26.053896,28.754604,29.530134,27.253311,30.93145,31.784298,30.582113,25.576805,25.519424,20.913712,19.476513,19.582724,22.894945,20.210814,26.093908,24.745996,27.589905,30.262558,30.150322,33.64236,32.509777,34.738644,33.15061,28.508034,26.170925,25.142826,23.05951,23.794138,20.030504,22.423403,20.43635,20.64316,23.313578,19.806316,17.421696,18.613197,16.500875,18.703928,14.611382,19.934132,17.66136,21.503979,23.308643,25.762945,29.0526,26.351398,28.772726,24.474905,21.180748,20.015717,16.550552,21.09576,18.444923,21.809324,20.33145,23.519224,25.425276,27.25168,29.415678,28.427032,31.804358,28.336727,32.860516,31.507524,35.183357
34,40.973434,37.30025,36.36803,31.727665,30.03819,29.606335,25.903242,26.465979,21.365541,24.013464,20.976994,18.9684,16.797127,13.108298,15.055628,11.312362,13.721115,13.577223,14.486553,17.529734,18.066069,22.226448,22.459784,23.28546,28.537424,29.327913,27.20593,23.540407,19.116325,15.583551,14.254171,10.6406555,4.312933,5.1136007,0.0,4.2834506,6.065113,4.7941155,4.74562,7.1263313,5.503311,11.076309,10.297179,15.657583,18.59683,21.097822,24.248755,27.12241,29.397102,29.552595,26.847445,30.025743,30.645838,28.742615,23.763227,22.847744,18.522345,16.504229,15.961705,19.719252,17.567795,23.840628,23.373207,26.600292,30.036049,30.219433,33.8298,33.23183,35.858315,34.699158,30.060131,27.31994,26.016573,23.22765,23.276802,19.106794,20.617281,18.338203,17.806227,20.302277,16.680124,14.9142475,17.25714,15.725436,18.504105,15.241058,20.889637,19.646578,23.807787,25.707458,28.622494,31.957853,29.309954,32.253235,27.975048,24.927681,23.128822,19.415462,23.412045,19.905716,22.702602,20.372639,22.931416,24.351286,25.567741,27.914999,27.46015,30.550552,28.022459,32.68687,31.752611,35.75805
35,42.216053,38.773243,37.392883,32.837395,31.223312,30.05498,26.824081,26.278507,21.306465,23.30722,19.452763,17.305763,14.691882,11.341959,13.953984,11.485155,14.189875,15.274133,16.18855,19.954247,20.8213,24.524227,25.365797,26.592155,31.81035,32.708332,30.969362,27.31752,22.639772,19.263964,17.83752,14.159419,7.989533,6.3783755,4.2834506,0.0,4.6336966,6.274455,6.841233,9.932047,9.6015625,15.236068,14.413284,19.737906,22.821913,25.103418,28.336023,31.10603,33.50074,33.753628,31.06275,34.261486,34.743946,32.828,27.892836,26.82112,22.491661,20.439651,19.405512,23.036621,20.962639,27.268734,27.050484,30.042717,33.73078,33.52824,37.263287,36.401443,39.21605,37.66246,32.809044,30.505175,28.859007,26.688036,26.097055,22.193422,23.350206,20.646603,19.8828,21.86612,17.82631,16.70902,18.08355,17.2413,20.591816,17.280815,23.360794,22.393745,26.505186,28.691029,31.350323,34.57543,31.591997,34.21751,29.839127,26.687555,24.987791,21.184244,25.166643,21.306017,24.204702,21.11698,24.18837,24.977985,26.104553,28.954062,28.665035,32.413498,30.052725,34.7137,34.121376,37.97557
