,0,1,2,3,4,5,6,7,8,9,10,11,12,13,14,15,16,17,18,19,20,21,22,23,24,25,26,27,28,29,30,31,32,33,34,35,36,37,38,39,40,41,42,43,44,45,46,47,48,49,50,51,52,53,54,55,56,57,58,59,60,61,62,63,64,65,66,67,68,69,70,71,72,73,74,75,76,77,78,79,80,81,82,83,84,85,86,87,88,89,90,91,92,93,94,95,96,97,98,99,100,101,102,103,104,105,106,107,108,109
0,0.0,4.188202,6.5507874,9.858803,12.142512,14.69235,17.657228,21.441147,24.52659,27.173082,31.469168,31.658203,29.007696,28.415714,23.37739,24.321407,19.480665,20.415884,18.560678,18.59639,20.643114,16.964432,22.807617,21.475456,24.779116,26.555006,26.955185,28.195889,26.083582,29.432993,29.631834,32.98153,38.588524,38.471874,42.372047,44.195854,46.78282,46.62919,42.562656,38.7435,41.37284,37.50018,36.6811,36.33295,34.65319,33.099808,30.803972,33.839886,37.192722,39.989723,40.489464,44.993332,46.315525,47.773895,44.622063,47.99783,43.64376,45.873222,45.553066,44.2847,40.660957,42.49907,38.10092,37.44691,37.219143,32.867268,34.201965,29.949049,30.072367,25.195127,24.14739,25.90845,26.372065,26.751299,29.918222,27.191877,31.50865,33.18727,35.70347,39.026352,38.353786,34.33195,35.626842,31.746647,30.366444,26.637602,26.422974,21.506496,20.794754,20.034695,18.912777,19.850922,19.96753,18.529732,17.180843,13.963345,14.3435,11.991065,14.071189,15.051546,17.07622,20.24199,22.001093,25.398033,28.459301,32.20405,33.404896,36.722733,39.094894,42.645638
1,4.188202,0.0,5.213559,6.6805654,8.75001,12.263266,14.288743,18.926579,21.38627,24.377079,28.329151,28.954203,26.68762,25.816793,20.935968,21.259134,16.546541,16.827116,15.297774,14.718883,17.043798,13.764337,19.62014,18.6465,21.707216,23.193256,23.35975,24.336063,21.95916,25.261189,25.471184,28.81971,34.494926,34.46694,38.306957,40.23664,42.778095,42.530823,38.485085,34.650383,37.196953,33.32789,32.504215,32.22131,30.590565,29.217882,27.071857,30.300253,33.61367,36.33718,36.66194,41.145462,42.320618,43.721138,40.50684,43.847816,39.485897,41.754345,41.45069,40.121075,36.5035,38.31487,33.930176,33.338078,33.2515,28.935432,30.470947,26.280159,26.602468,21.600386,20.219088,21.908352,22.208162,22.82962,25.891857,23.348883,27.768341,29.426813,32.081696,35.33724,34.83233,30.783398,31.979403,28.050695,26.42866,22.852514,22.337843,17.337551,16.634306,15.978492,15.159443,16.67177,17.02384,16.224493,14.851784,11.606533,10.987681,8.457707,9.923128,11.201298,13.108113,16.54824,18.834328,21.831682,24.870464,28.912409,29.639364,33.1539,35.34539,38.974354
2,6.5507874,5.213559,0.0,5.2497263,6.631084,8.447982,11.747646,14.931696,18.294596,20.705194,25.190722,25.27103,22.680548,22.35129,17.320711,18.668165,14.367698,15.540891,15.06783,15.597668,18.648792,16.212818,22.300922,22.149263,25.45029,26.776953,26.73996,27.021564,23.629282,26.43746,26.052061,29.031054,34.02288,33.48123,37.54538,38.97974,41.772892,41.982166,37.978905,34.39726,37.357967,34.176983,33.37233,33.860413,32.265366,31.798622,29.934443,33.599102,36.835243,39.361664,39.30886,43.683746,44.340416,45.572365,42.01579,44.974003,40.28734,42.402637,41.538273,40.21406,36.545033,38.98573,35.005314,34.62164,35.42078,30.929365,32.926266,28.96205,29.996746,24.86529,22.700624,24.235237,23.482967,24.372902,26.208076,23.156666,27.178352,28.34387,30.660553,33.9435,32.82445,28.819212,29.882824,26.137169,25.256212,21.355577,21.904919,17.95782,17.702599,18.192232,17.726175,20.546783,20.152122,20.470543,19.49512,16.229141,15.129211,11.837044,11.849864,12.513301,12.528239,15.664422,16.682524,20.51958,23.437298,26.511667,28.157705,31.249254,33.659042,37.271954
3,9.858803,6.6805654,5.2497263,0.0,3.87492,6.2083793,8.793891,13.067641,15.251074,18.570135,22.140556,22.570427,20.322412,19.20221,14.399587,14.608737,9.966747,10.6649885,9.925398,10.49728,13.650686,11.821685,17.787706,18.288033,21.667784,22.952152,23.167215,22.832735,19.73424,22.049484,22.178696,24.501907,30.116184,29.219135,33.4387,34.96004,37.43812,37.602192,33.42186,29.72296,33.018757,29.605623,29.238205,29.54036,28.55418,28.088217,26.72332,30.385904,33.43383,35.906605,35.55587,39.90311,40.434628,41.338707,37.56806,40.39376,35.603508,37.550064,36.717823,35.69066,32.029285,34.759285,30.769173,30.839369,31.693789,27.664324,30.016031,26.210375,27.09879,21.974306,19.401785,20.04893,19.051199,19.40349,21.197508,18.035131,22.115286,23.526724,25.940672,29.264538,28.49654,24.480988,25.995407,22.10689,21.048546,17.003252,17.795391,13.512825,14.039494,14.7565155,15.463229,18.60624,19.27279,19.885296,18.511436,15.628976,12.951449,10.758717,8.789019,10.700255,9.080845,13.50437,15.488598,18.493816,21.240078,24.60673,25.22474,28.773237,30.615015,34.57138
4,12.142512,8.75001,6.631084,3.87492,0.0,5.3865323,5.5578084,10.725763,12.70075,15.772516,19.633574,20.555826,18.800783,18.025686,13.4677725,13.624351,10.127646,9.864508,11.175572,10.794883,14.683883,13.859034,19.34686,20.16125,22.854132,23.521387,22.978048,22.448341,18.159567,20.511848,19.846533,22.614265,27.4376,26.877567,30.914375,32.39093,35.193665,35.373363,31.426546,27.91332,30.85604,27.982649,27.179943,28.11943,26.66552,26.940145,25.54154,29.58132,32.61585,34.87802,34.381268,38.602646,38.80785,39.863747,36.109303,38.843956,34.057964,36.18628,35.15724,33.707893,30.038109,32.65684,28.895535,28.725595,30.138464,25.758478,28.268637,24.657232,26.287933,21.17461,18.137701,19.35348,17.71396,19.26907,20.191555,17.362015,21.377537,22.256012,24.742811,27.885849,26.890724,22.827572,23.59736,19.78313,18.665564,14.940446,15.335386,11.958844,12.075191,13.585227,14.060856,18.259085,18.00627,19.71658,18.952433,16.140123,13.563786,10.448455,7.9032035,8.621971,6.1938334,9.950488,11.616712,14.799808,17.576218,20.91201,21.849924,25.226643,27.32976,31.120888
5,14.69235,12.263266,8.447982,6.2083793,5.3865323,0.0,6.0836687,7.2579226,10.512097,13.20008,17.231882,16.988214,14.441838,13.926479,8.958136,10.619161,7.3938465,9.368352,10.995343,12.842574,16.503124,16.138565,21.569803,22.985508,26.280912,27.232029,27.1358,25.968979,21.7988,23.24326,22.618746,24.19535,28.72167,27.064562,31.51672,32.342052,35.076622,35.84628,31.79454,28.53912,32.33564,29.950415,29.665913,30.96303,30.123772,30.824991,29.902218,33.95788,36.80694,38.96295,38.1212,42.22085,42.063408,42.699604,38.5536,40.799076,35.68638,37.378643,35.81143,34.826073,31.192429,34.72815,31.403189,31.80416,33.772644,29.734901,32.608837,29.24335,30.920088,25.878004,22.542753,22.917482,20.612764,21.352016,21.236767,17.605076,20.829454,21.409517,23.279757,26.544483,24.951456,21.062256,22.384193,18.840288,18.93579,14.590578,17.071636,14.829734,15.989371,18.036127,19.134762,23.38691,23.35298,25.024569,24.054102,21.228989,18.395594,15.733852,12.866261,13.829701,9.830435,13.266328,13.48413,17.074564,19.372475,21.258472,22.821913,25.802284,27.722172,31.682343
6,17.657228,14.288743,11.747646,8.793891,5.5578084,6.0836687,0.0,6.8120885,7.4241323,10.652873,14.245929,15.699528,14.727772,14.039267,10.336522,10.018508,8.814151,7.604765,11.620172,11.246042,15.50004,16.351664,20.89286,22.61545,24.824974,24.922548,23.92361,22.479628,17.125336,18.52647,17.112383,19.272669,23.142063,22.203281,26.308558,27.422634,30.436918,30.923967,27.139994,23.973156,27.097971,25.126778,24.321384,26.191814,24.891594,26.356783,25.5273,29.899807,32.63618,34.51283,33.48808,37.407322,36.934597,37.74712,33.710747,35.956833,30.975136,32.985916,31.43466,29.860384,26.225952,29.37465,26.209593,26.340614,28.809183,24.571846,27.636822,24.62079,27.019794,22.186977,18.362173,19.176844,16.213762,18.488592,17.560787,14.810166,18.198086,18.276388,20.584438,23.51825,22.14019,18.120533,18.338614,14.679197,14.034005,10.412961,11.662661,10.576177,11.364278,14.27887,15.50574,20.696005,20.145178,22.989716,22.5651,20.149178,17.064726,14.234111,10.508212,10.558877,5.215614,7.6800747,8.346717,11.170566,13.441328,16.02024,17.02913,20.25736,22.233852,26.132675
7,21.441147,18.926579,14.931696,13.067641,10.725763,7.2579226,6.8120885,0.0,5.230305,6.1493797,10.97672,10.640734,8.82512,9.572338,6.21982,8.79603,9.784962,10.876061,15.036953,16.52785,20.425293,21.487732,26.01713,28.140022,30.820223,31.116709,30.36648,28.4747,23.10989,23.657888,21.96715,22.929235,25.568775,23.462605,27.805605,27.887878,31.033913,32.35537,28.748537,26.20879,30.0336,29.080618,28.621302,31.138687,30.233578,32.339314,31.85861,36.278767,38.842205,40.535595,39.186607,42.872276,41.89994,42.35931,38.00728,39.605812,34.37701,35.92074,33.610615,32.377304,28.915396,32.981487,30.567665,31.136435,34.35047,30.350367,33.667114,30.96975,33.590813,28.863602,24.88367,25.239033,21.716022,23.430647,21.19074,17.875298,19.92917,19.196434,20.484797,23.301455,20.79251,17.217821,17.480833,14.662029,16.006754,12.278123,15.874203,16.452436,17.794943,20.955727,22.27177,27.499447,26.71602,29.602337,29.165503,26.57231,23.609106,20.660044,17.20346,17.175606,11.982072,13.199735,11.36521,14.723261,16.103611,16.006142,18.59463,20.703344,22.7058,26.473305
8,24.52659,21.38627,18.294596,15.251074,12.70075,10.512097,7.4241323,5.230305,0.0,4.6291623,6.9531093,8.519839,8.766531,8.223502,7.119022,6.6175704,9.782817,9.081317,14.389836,15.158365,18.873192,21.049992,24.559412,27.2046,29.31687,29.173382,28.214563,25.719267,20.20163,19.924463,18.155874,18.322775,20.696096,18.259464,22.680593,22.76175,25.8256,27.147417,23.547318,21.131615,25.080587,24.50024,24.242159,27.083235,26.567411,29.199049,29.243391,33.65688,35.91127,37.34128,35.642605,39.084618,37.76404,37.969387,33.485626,34.79705,29.532053,30.98118,28.512266,27.289066,23.886343,28.23872,26.165049,27.094343,30.744022,27.2024,30.824736,28.601152,31.408825,27.055397,22.770182,22.560545,18.43582,20.391998,17.054234,14.17268,15.7066555,14.47107,15.842587,18.466757,16.112053,12.4272175,12.402009,9.439834,10.999377,7.609435,11.884144,13.959022,15.811423,19.401482,21.408663,26.83905,26.43435,29.757015,29.348833,27.197435,23.676558,21.378696,17.17579,17.29571,11.372433,12.216272,11.122665,12.684521,13.379042,13.288378,14.493465,16.99991,18.312172,22.434036
9,27.173082,24.377079,20.705194,18.570135,15.772516,13.20008,10.652873,6.1493797,4.6291623,0.0,5.928329,6.814164,7.7311053,9.173068,9.199433,10.365668,13.806421,13.678303,18.844416,19.703388,23.487349,25.5206,29.173046,31.744944,33.794952,33.527287,32.277477,29.853035,23.86159,23.588823,21.151722,21.46848,22.235294,19.873413,23.888466,23.351343,26.81367,28.51895,25.446575,23.652527,27.254795,27.592659,26.999651,30.44332,29.565483,32.75363,32.711555,37.264397,39.495148,40.75299,38.99074,42.23292,40.59045,40.87641,36.462597,37.485226,32.321568,33.737774,30.896872,29.411257,26.224905,30.568533,29.032885,29.755516,33.903774,30.163408,33.758316,31.74506,34.99222,30.717098,26.403996,26.641281,22.376755,24.80871,21.034332,18.454369,19.421309,17.557356,18.351614,20.483763,17.387524,14.35046,13.151034,11.390781,13.737424,11.444968,15.26588,18.10393,19.491108,23.201344,24.740486,30.412884,29.306124,32.982872,32.885597,30.61173,27.489801,24.656069,20.853636,20.351124,14.920693,14.52422,11.821353,13.759037,13.914872,11.806724,14.828648,16.052565,17.873186,21.443098
10,31.469168,28.329151,25.190722,22.140556,19.633574,17.231882,14.245929,10.97672,6.9531093,5.928329,0.0,4.861445,8.500137,8.481276,11.147896,10.315979,15.267914,14.471531,19.734087,20.551956,23.73165,26.696648,29.259636,32.39463,34.11474,33.609184,32.472134,29.345226,23.787912,22.339106,20.215944,18.872805,19.045654,15.474117,19.643772,18.533504,21.661499,23.79605,20.79679,19.526514,23.678637,24.704533,24.745522,28.434345,28.410666,32.036766,32.72245,37.076363,38.869343,39.82521,37.609573,40.481762,38.38533,38.129414,33.478718,33.86915,28.65057,29.601883,26.324514,25.275051,22.372007,27.450432,26.609568,28.053385,32.641087,29.754992,33.65145,32.206337,35.39083,31.588383,27.128172,26.426188,21.731623,23.718874,18.707785,16.576685,16.167048,13.501506,13.601176,15.215271,11.780837,9.308046,7.8640995,7.2718863,11.011969,9.870717,14.571637,18.644083,20.698364,24.517801,26.81635,32.367832,31.90841,35.684135,35.42504,33.532562,29.845903,27.807543,23.436344,23.388735,17.551039,17.368242,15.6572,15.843965,15.10863,12.556812,13.512279,14.739896,15.071827,19.026575
11,31.658203,28.954203,25.27103,22.570427,20.555826,16.988214,15.699528,10.640734,8.519839,6.814164,4.861445,0.0,4.4046764,5.666909,9.339197,10.255885,15.110991,15.783228,20.365011,22.313278,25.375975,27.928755,30.927896,34.048153,36.394947,36.345127,35.676434,32.62121,27.490288,26.184242,24.494902,22.97528,23.754253,19.72215,24.036575,22.600386,25.355349,27.809155,24.69126,23.41867,28.086447,28.810596,29.197203,32.537815,32.764904,35.98416,36.59355,40.892715,42.79424,43.927826,41.780533,44.78872,42.837788,42.43773,37.666092,37.988487,32.661945,33.312355,29.944265,29.427263,26.575212,31.94352,30.985752,32.591,36.923237,34.03257,37.8932,36.162636,39.053432,34.9827,30.604267,29.718866,25.250025,26.41145,21.81449,18.917841,18.337536,16.069345,15.561418,17.42451,13.592459,11.602063,11.824477,11.352314,15.221144,13.06628,18.494318,21.614677,23.890932,27.533108,29.810755,35.20376,34.893974,38.260998,37.76055,35.600628,31.935251,29.807508,25.564117,25.813131,19.866066,20.400238,18.396126,19.613022,19.281483,16.5203,18.288622,19.243263,19.71556,23.439865
12,29.007696,26.68762,22.680548,20.322412,18.800783,14.441838,14.727772,8.82512,8.766531,7.7311053,8.500137,4.4046764,0.0,3.9490259,6.38017,9.224433,13.08495,14.983322,18.824226,21.549402,24.61247,26.546944,30.134333,33.026783,35.91708,36.302067,36.01346,33.249054,28.466692,27.625835,26.317902,25.178083,27.0242,23.126745,27.681366,26.561245,29.171684,31.457367,28.005661,26.277678,31.161736,31.14172,31.614685,34.458496,34.66642,37.280407,37.622498,41.876713,44.00033,45.41349,43.501938,46.800293,45.23035,44.920334,40.135876,40.77954,35.35805,36.046604,32.942898,32.619423,29.57712,34.860485,33.384426,34.90552,38.750404,35.64788,39.37738,37.21425,39.758617,35.367764,31.155804,30.312891,26.229332,26.844923,23.117617,19.573616,19.575556,18.051676,17.771412,20.163351,16.662924,14.3065195,15.528469,14.250539,17.614725,14.420069,20.00434,21.923128,24.234314,27.600857,29.742594,34.890297,34.727844,37.606365,36.883995,34.48375,30.93972,28.726496,24.728088,25.25293,19.421211,20.724657,18.816242,20.962996,21.253069,19.172401,21.313854,22.635777,23.491453,27.29451
13,28.415714,25.816793,22.35129,19.20221,18.025686,13.926479,14.039267,9.572338,8.223502,9.173068,8.481276,5.666909,3.9490259,0.0,5.106029,6.143717,10.608916,12.37417,15.952449,18.882393,21.560493,23.82825,26.962381,30.080679,32.978382,33.43556,33.446754,30.45913,26.263687,25.093966,24.383532,22.651592,25.404,21.147892,25.97129,25.112803,27.299364,29.436996,25.646444,23.648335,28.942997,28.462921,29.381512,31.822166,32.539104,34.84681,35.444527,39.502953,41.507862,42.9546,40.97682,44.293446,42.836594,42.309624,37.42998,38.08187,32.59948,33.12988,30.176208,30.23634,27.161615,32.63437,30.99972,32.855537,36.43624,33.732143,37.519478,35.380188,37.575874,33.295815,29.128927,27.700977,23.691162,23.649319,19.944489,16.20222,16.004158,14.806699,14.561209,17.273054,14.223744,11.602528,14.025821,12.329523,15.546205,12.026185,18.061453,19.68292,22.444,25.66209,28.265158,33.143085,33.605835,36.24371,35.267265,33.059803,29.137611,27.520689,23.20106,24.238075,18.179502,20.177835,19.212425,20.824202,21.183767,19.959217,20.874718,22.871561,23.184399,27.371927
14,23.37739,20.935968,17.320711,14.399587,13.4677725,8.958136,10.336522,6.21982,7.119022,9.199433,11.147896,9.339197,6.38017,5.106029,0.0,4.9871454,6.923405,9.707413,12.836625,15.969579,19.021257,20.46422,24.477541,27.11706,30.331875,31.061577,31.153625,28.72474,24.555597,24.260597,23.650808,23.03893,26.691128,23.301868,28.135885,27.932142,30.337416,31.974016,27.969286,25.383982,30.294054,28.997147,29.554356,31.552603,31.789392,33.49113,33.581818,37.665302,39.9923,41.734173,40.144306,43.801666,42.832447,42.694275,38.002968,39.262707,33.82088,34.764896,32.31856,32.049526,28.689423,33.568123,31.235516,32.63287,35.64309,32.450718,35.978554,33.35348,35.330055,30.711843,26.765394,25.824781,22.324162,22.360628,19.935856,15.8748665,17.107351,16.751299,17.432823,20.540998,18.10863,14.798383,16.955643,14.268994,16.335552,11.996387,17.257381,17.475515,19.919292,22.82853,25.056385,29.74705,30.134895,32.399876,31.353249,28.919529,25.265316,23.385765,19.413256,20.5425,14.820512,17.462557,16.780312,19.243063,20.337784,20.188456,21.475794,23.928915,24.90849,29.117395
15,24.321407,21.259134,18.668165,14.608737,13.624351,10.619161,10.018508,8.79603,6.6175704,10.365668,10.315979,10.255885,9.224433,6.143717,4.9871454,0.0,5.445753,6.2987995,10.162138,12.752179,15.495037,17.887535,20.992073,24.06025,26.863588,27.346544,27.475876,24.621445,20.818922,19.953722,19.835522,18.522394,22.895424,19.326874,24.286118,24.43254,26.490023,27.86499,23.62937,20.800209,25.925734,24.325758,25.25171,27.023708,27.757313,29.425522,29.915457,33.84879,35.95495,37.59865,35.83271,39.40146,38.39706,38.05199,33.287945,34.51509,29.057356,29.939413,27.649803,27.56874,24.195475,29.174128,26.796505,28.53524,31.468094,28.763115,32.425655,30.040092,31.852654,27.517801,23.487846,21.878157,18.19216,17.894043,15.063761,10.987683,12.169079,12.057929,13.158655,16.459484,14.743821,11.074896,13.919037,10.7712965,12.376812,7.865429,13.54687,13.978032,16.992115,19.93091,22.808567,27.379374,28.369318,30.713442,29.556118,27.527023,23.351427,22.230793,17.684685,19.217535,13.160078,16.141655,16.592178,17.844776,18.73803,19.393208,19.111645,22.210442,22.521347,27.041304
16,19.480665,16.546541,14.367698,9.966747,10.127646,7.3938465,8.814151,9.784962,9.782817,13.806421,15.267914,15.110991,13.08495,10.608916,6.923405,5.445753,0.0,4.6443624,5.9498267,9.615995,12.369002,13.582636,17.701107,20.232021,23.656664,24.702099,25.313032,23.115517,20.078047,20.169226,20.674736,20.343348,25.915056,23.11798,27.96377,28.70396,30.670662,31.562313,27.134445,23.77745,28.555136,25.867975,26.678665,27.564934,28.088657,28.692194,28.707047,32.43688,34.84112,36.871548,35.564518,39.49924,39.154877,39.08595,34.556065,36.390095,31.081068,32.21378,30.57388,30.464344,26.944715,31.27124,28.127724,29.520134,31.504208,28.557722,31.84461,28.88753,30.071478,25.41522,21.851534,20.430115,17.750584,16.79394,16.085608,11.775018,14.431307,15.54037,17.220663,20.697514,19.658861,15.908418,18.760412,15.181812,15.534681,10.779887,14.825269,12.829231,15.612561,17.756763,20.407112,24.32808,25.74641,27.265965,25.75453,23.546238,19.460367,18.562832,14.396312,16.59783,11.301656,15.617603,16.934628,18.84026,20.505577,22.358942,22.14846,25.655922,26.37587,30.857653
17,20.415884,16.827116,15.540891,10.6649885,9.864508,9.368352,7.604765,10.876061,9.081317,13.678303,14.471531,15.783228,14.983322,12.37417,9.707413,6.2987995,4.6443624,0.0,5.6755085,6.597534,9.955089,12.27694,15.636619,18.389776,20.97142,21.425259,21.526003,19.085072,15.59956,15.579667,16.067514,15.955379,21.825596,19.59355,24.245218,25.456055,27.467037,27.950274,23.55169,19.98831,24.341553,21.493814,22.106106,23.050522,23.459122,24.279034,24.420214,28.259329,30.586206,32.49593,31.10352,34.993816,34.58387,34.627007,30.17471,32.167057,26.940054,28.36269,26.948263,26.472645,22.880775,26.853868,23.57909,24.881516,26.930046,24.014032,27.39835,24.628876,26.038486,21.548767,17.73913,16.25757,13.21784,13.0231905,12.068999,8.237824,11.733983,12.887957,15.299563,18.618425,18.149437,14.168396,16.441349,12.528139,11.80131,7.3156333,10.391525,8.415847,11.509268,13.961379,17.018068,21.229301,22.711222,24.727503,23.437399,21.596579,17.217136,16.60344,11.86834,13.987583,8.374782,12.595797,14.817707,15.6672125,17.237616,19.912205,18.693987,22.6362,23.15777,27.674446
18,18.560678,15.297774,15.06783,9.925398,11.175572,10.995343,11.620172,15.036953,14.389836,18.844416,19.734087,20.365011,18.824226,15.952449,12.836625,10.162138,5.9498267,5.6755085,0.0,5.2898602,6.7725854,7.9599166,11.815694,14.379623,18.001232,19.404188,20.704361,18.690155,17.302027,17.620216,19.39202,19.125792,26.144388,23.899958,28.507734,29.963745,31.426035,31.677296,27.055605,23.211138,27.69958,23.811266,24.954302,24.649693,25.612637,25.062675,25.129784,28.347025,30.718832,32.98169,31.919714,36.026546,36.260612,36.177887,31.867304,34.149696,29.11095,30.325697,29.480734,29.601078,26.115543,29.828299,26.075335,27.523079,28.437767,25.985094,28.972298,25.843128,26.10578,21.61976,18.618479,16.444984,14.904327,12.516522,13.960972,10.050439,13.709698,16.064781,18.346273,21.783073,21.928185,18.253618,21.411802,17.613253,16.654978,12.49399,14.76039,10.752617,13.719365,14.725438,17.876575,20.679949,23.333212,24.025753,22.007414,20.250345,15.678212,16.278093,12.168218,15.438107,11.422086,16.525448,19.35633,20.450996,22.325064,25.464447,24.016575,28.137209,28.505548,33.052467
19,18.59639,14.718883,15.597668,10.49728,10.794883,12.842574,11.246042,16.52785,15.158365,19.703388,20.551956,22.313278,21.549402,18.882393,15.969579,12.752179,9.615995,6.597534,5.2898602,0.0,4.3043685,6.5249557,9.724522,12.057422,14.487907,15.175498,15.778914,13.9289055,12.232374,13.209262,15.119692,15.918955,23.213861,22.123806,26.236187,28.330631,29.929497,29.579117,25.14475,21.084972,24.597593,20.281506,20.888897,20.33279,20.792717,20.03546,19.893728,23.241024,25.726141,28.009731,27.102058,31.313757,31.736198,32.03374,28.026495,30.769257,26.012962,27.75864,27.408867,26.905012,23.372688,26.173542,22.013615,22.995358,23.557072,20.888418,23.746744,20.559546,20.908289,16.406128,13.334352,11.413849,10.236653,8.974542,11.55521,9.062992,13.68234,16.003223,18.969612,22.0748,22.721853,18.936071,21.128994,17.184523,14.951036,11.750394,11.616065,6.244736,8.962316,9.5792465,13.092744,15.962741,18.791172,19.840183,18.06178,16.717913,11.857784,12.921184,8.446584,11.816777,8.730378,13.579954,17.445715,17.64613,19.612982,23.800276,21.607061,26.048227,26.467312,30.830965
20,20.643114,17.043798,18.648792,13.650686,14.683883,16.503124,15.50004,20.425293,18.873192,23.487349,23.73165,25.375975,24.61247,21.560493,19.021257,15.495037,12.369002,9.955089,6.7725854,4.3043685,0.0,4.7912664,5.6923957,8.780429,11.5491705,12.807592,14.613286,12.601293,13.35641,13.8031225,16.93321,16.866941,24.911037,23.64166,27.62691,29.8968,30.892618,30.322035,25.777353,21.606941,25.247053,20.214695,21.5322,19.920502,21.301693,19.57288,19.850512,22.46299,24.683353,27.079088,26.2185,30.41721,31.200928,31.176828,27.242968,30.045307,25.506798,26.967201,27.09833,27.187445,23.87517,26.551535,22.242682,23.638966,23.382189,21.643055,24.273922,21.229067,20.568514,16.6041,14.289365,11.024676,11.082305,7.2505546,11.649547,9.652099,13.855793,16.915897,19.776005,22.771858,24.083012,20.645504,23.458231,19.715002,17.387615,14.6139,14.432714,9.208599,11.851108,11.419963,15.193596,16.676067,20.64219,20.84632,18.569181,17.776852,12.772942,15.2684765,11.491989,15.154953,12.916713,17.58976,21.652866,21.490305,23.28548,27.560926,24.73808,29.308605,29.257755,33.671867
21,16.964432,13.764337,16.212818,11.821685,13.859034,16.138565,16.351664,21.487732,21.049992,25.5206,26.696648,27.928755,26.546944,23.82825,20.46422,17.887535,13.582636,12.27694,7.9599166,6.5249557,4.7912664,0.0,6.167893,6.9473987,11.106981,13.336213,15.566244,14.938952,15.972534,17.511227,20.285799,21.189068,29.010828,28.062582,32.026787,34.3174,35.524952,34.937027,30.444008,26.267496,29.618055,24.491337,25.388836,23.557095,24.309893,21.897932,21.419773,23.79214,26.350035,29.058199,28.750614,33.138214,34.40919,34.73298,31.139378,34.245224,29.917936,31.52118,31.814066,31.740776,28.400429,30.678047,26.13607,27.01089,26.181223,23.98796,26.093128,22.533297,21.382772,17.12481,15.614837,13.520636,14.566846,11.530865,16.34552,14.186338,18.418943,21.380325,24.147528,27.279057,28.280783,24.69525,27.411198,23.525913,21.320074,18.158308,17.854189,11.938303,13.56968,12.282694,15.039365,15.534902,19.676203,18.78832,16.075476,14.984307,10.373935,13.221062,10.670212,14.632988,13.756627,18.721394,22.747885,23.353594,25.58869,30.063128,27.951984,32.430714,32.87382,37.18225
22,22.807617,19.62014,22.300922,17.787706,19.34686,21.569803,20.89286,26.01713,24.559412,29.173046,29.259636,30.927896,30.134333,26.962381,24.477541,20.992073,17.701107,15.636619,11.815694,9.724522,5.6923957,6.167893,0.0,4.1780987,7.1965775,9.590503,13.078312,11.835561,15.548893,16.126003,20.11875,20.001053,28.391315,27.511147,31.067024,33.68144,34.170334,33.16208,28.732769,24.547869,27.67768,21.886908,23.526304,20.568838,22.473103,19.240345,19.607,21.060719,23.040522,25.667398,25.224356,29.420605,30.952448,30.847855,27.414745,30.535246,26.634195,27.978476,28.93462,29.37643,26.404924,28.311853,23.750576,25.13514,23.50599,22.677946,24.640444,21.66155,19.579714,16.458094,15.575935,11.761698,13.817184,8.869371,14.943488,14.061345,17.659174,21.088434,23.855139,26.573378,28.4925,25.383457,28.350212,24.781437,22.15698,19.931622,19.046053,13.713045,15.589713,13.856072,17.26114,16.750334,21.88618,20.871698,18.092672,18.107918,13.516647,17.475672,14.904841,18.625622,17.799675,22.231073,26.644682,26.206251,28.01014,32.686657,29.395082,34.070118,33.79056,38.086006
23,21.475456,18.6465,22.149263,18.288033,20.16125,22.985508,22.61545,28.140022,27.2046,31.744944,32.39463,34.048153,33.026783,30.080679,27.11706,24.06025,20.232021,18.389776,14.379623,12.057422,8.780429,6.9473987,4.1780987,0.0,5.2681174,8.726507,12.601599,12.880834,17.004925,18.50685,22.270409,23.080317,31.291107,30.960323,34.326675,37.12807,37.77889,36.576187,32.277855,28.072664,30.66002,24.725424,25.886524,22.62357,23.900162,19.913702,19.6049,20.617674,22.839947,25.737076,25.890886,30.210964,32.28482,32.583214,29.633223,33.122448,29.58256,31.175974,32.428146,32.575016,29.624012,30.891771,26.08905,26.911211,24.573582,23.492508,24.844069,21.53413,18.802794,15.769182,15.889432,13.094841,16.10683,12.21214,18.57305,17.844006,21.681461,25.005054,27.86487,30.60098,32.41997,29.17515,31.866629,28.179068,25.367706,23.115412,21.673744,15.845319,16.875854,14.326481,16.887306,15.070131,20.590998,18.564661,15.461803,15.775337,11.844642,16.431753,15.046859,18.68502,19.152851,23.472672,28.030478,27.826637,29.896315,34.937275,31.913815,36.578262,36.624466,40.766777
24,24.779116,21.707216,25.45029,21.667784,22.854132,26.280912,24.824974,30.820223,29.31687,33.794952,34.11474,36.394947,35.91708,32.978382,30.331875,26.863588,23.656664,20.97142,18.001232,14.487907,11.5491705,11.106981,7.1965775,5.2681174,0.0,3.8553262,8.385702,9.463825,15.170384,16.781988,20.797798,21.98324,29.943066,30.466526,33.178303,36.40694,36.911682,35.1846,31.245676,27.135513,28.704758,22.505913,23.400028,19.438583,20.632261,15.814433,15.581523,15.839587,17.881996,20.82879,21.260891,25.54649,28.030464,28.565199,26.174118,30.023195,27.120613,29.010618,30.870335,30.68753,28.008331,28.239933,23.314932,23.80339,20.570547,20.093039,20.938223,17.973928,14.484821,12.521767,13.638666,10.786576,14.955923,11.925591,18.556261,19.11553,22.822983,25.969229,29.032806,31.364798,33.595787,30.51134,32.635044,29.133602,25.743233,24.406277,21.748549,16.381119,16.765202,13.682134,16.07395,13.342771,19.259445,17.403927,14.712245,16.037663,12.573343,17.489716,16.399078,19.443989,20.63073,24.114155,28.99246,27.971767,29.81746,35.279064,31.59101,36.283974,36.13434,39.987495
25,26.555006,23.193256,26.776953,22.952152,23.521387,27.232029,24.922548,31.116709,29.173382,33.527287,33.609184,36.345127,36.302067,33.43556,31.061577,27.346544,24.702099,21.425259,19.404188,15.175498,12.807592,13.336213,9.590503,8.726507,3.8553262,0.0,4.86541,6.315036,12.713161,14.359546,18.347643,19.87471,27.456318,28.59936,30.856735,34.327625,34.85694,32.83115,29.177448,25.179693,26.008375,19.816536,20.362782,16.189505,17.149952,12.040852,11.943803,12.102661,14.134352,17.057657,17.48047,21.824627,24.33987,25.10729,22.957949,27.025484,24.421467,26.61821,28.7114,28.127653,25.579504,25.153858,20.1778,20.38314,16.817919,16.57719,17.29089,14.623596,11.0365,9.733535,11.156692,8.315228,13.005656,11.169046,17.447002,18.855707,22.468071,25.314976,28.511404,30.554365,32.931953,29.94067,31.531635,28.197063,24.455105,23.796396,20.321423,15.548694,15.517,12.396254,14.785041,12.195942,17.898129,16.828695,14.758284,16.446978,13.127662,17.719326,16.48756,18.998274,20.36534,23.147034,28.124887,26.497993,28.119164,33.76003,29.661695,34.312717,34.051052,37.678276
26,26.955185,23.35975,26.73996,23.167215,22.978048,27.1358,23.92361,30.36648,28.214563,32.277477,32.472134,35.676434,36.01346,33.446754,31.153625,27.475876,25.313032,21.526003,20.704361,15.778914,14.613286,15.566244,13.078312,12.601599,8.385702,4.86541,0.0,4.6596985,9.571358,12.057986,15.267752,18.008003,24.717342,26.807678,28.580069,32.269855,33.182793,30.923914,27.653069,23.821716,23.65666,17.865944,17.36955,13.628002,13.2237625,8.102234,7.200279,8.273971,10.953001,13.862262,14.410465,18.945852,21.316147,22.752438,20.896387,25.23703,22.834846,25.59016,27.642788,26.218946,23.668123,22.428288,17.363462,16.696886,13.057418,12.045835,12.55804,9.759599,6.569384,5.379014,7.3503194,6.2117825,11.101353,11.8985,17.128233,19.14384,22.851812,25.131433,28.49738,30.319836,32.52387,29.479193,30.204676,26.986519,22.892975,22.875322,18.343805,14.256304,13.272409,10.106913,11.951149,9.788545,14.729933,14.830641,13.719003,15.584886,12.739259,16.522913,15.434877,17.04282,18.979458,20.727995,25.715128,23.567518,25.055223,30.959425,26.764982,31.271912,31.206827,34.484562
27,28.195889,24.336063,27.021564,22.832735,22.448341,25.968979,22.479628,28.4747,25.719267,29.853035,29.345226,32.62121,33.249054,30.45913,28.72474,24.621445,23.115517,19.085072,18.690155,13.9289055,12.601293,14.938952,11.835561,12.880834,9.463825,6.315036,4.6596985,0.0,7.552699,8.35209,12.516031,13.961788,21.240269,22.773647,24.714178,28.313059,28.964529,26.817652,23.348085,19.449638,19.81825,13.779716,14.067094,10.252506,11.325214,7.41843,8.557206,10.349159,12.17356,14.480231,13.8258295,18.200623,19.740698,20.470509,17.77177,21.774927,18.829462,21.39042,23.250605,22.153788,19.539896,19.023003,13.999303,14.364964,11.764621,11.511461,13.332085,11.337547,9.75258,8.400146,7.8289104,3.419326,7.774294,7.9925323,12.8281355,15.327222,18.64043,20.918034,24.220558,25.899952,28.327583,25.494202,26.434278,23.390259,19.347816,19.62271,15.422504,12.078931,12.152328,10.122323,13.308715,13.050815,17.428541,18.401033,17.236176,18.481293,14.716084,18.06304,15.67925,17.545998,17.92956,19.843391,24.688759,22.211134,23.338753,28.84137,24.13978,28.74797,28.183336,31.70797
28,26.083582,21.95916,23.629282,19.73424,18.159567,21.7988,17.125336,23.10989,20.20163,23.86159,23.787912,27.490288,28.466692,26.263687,24.555597,20.818922,20.078047,15.59956,17.302027,12.232374,13.35641,15.972534,15.548893,17.004925,15.170384,12.713161,9.571358,7.552699,0.0,4.7706895,6.060058,10.318582,16.3174,18.535187,20.596548,24.028057,25.775742,23.998915,20.699001,16.960445,17.050287,12.624289,11.083484,10.6066,8.931269,9.252175,9.188893,13.472921,15.771954,17.455503,16.407455,20.493555,20.744186,22.028702,18.901134,22.464022,18.79502,21.846294,22.52479,20.238644,17.07318,16.98441,12.245912,11.638383,12.043138,8.685561,11.900215,9.588088,11.685044,8.587996,4.5205727,4.6525793,3.7303634,9.627011,11.247368,13.459491,17.087978,18.244524,21.699604,23.413733,24.940874,21.7545,21.469978,18.352581,14.073874,14.769357,9.255265,7.306669,6.2167177,6.224928,9.345083,12.427428,14.33753,17.46662,17.305132,17.61324,14.020705,15.191917,12.106891,12.677633,12.540109,13.070337,17.719173,14.787813,15.862322,21.559809,17.214647,21.766754,21.829967,25.264687
29,29.432993,25.261189,26.43746,22.049484,20.511848,23.24326,18.52647,23.657888,19.924463,23.588823,22.339106,26.184242,27.625835,25.093966,24.260597,19.953722,20.169226,15.579667,17.620216,13.209262,13.8031225,17.511227,16.126003,18.50685,16.781988,14.359546,12.057986,8.35209,4.7706895,0.0,5.0350227,6.053153,13.200448,14.774417,16.874063,20.347574,21.591547,19.783321,16.276615,12.431409,13.026848,8.236593,7.895112,7.7242904,8.379462,10.000544,11.70681,15.3121395,16.742605,17.897902,15.938374,19.555113,19.047842,19.48605,15.60843,18.656717,14.479294,17.314322,17.83558,15.899602,12.691864,13.456469,8.918787,10.001207,11.566901,10.13732,13.903793,12.87219,14.68649,12.631414,9.109367,6.4484878,3.1441183,8.108726,7.656497,11.094639,13.763323,14.77191,18.126652,19.462606,21.490837,18.739765,18.68429,15.98158,11.681337,13.2612505,8.394,8.618311,9.408587,10.396498,13.974671,16.948736,19.103386,22.116571,21.70058,21.983711,17.964981,19.310843,15.573001,16.509516,14.79972,15.492212,19.601885,16.26515,16.60994,21.49476,16.209215,20.802687,19.918888,23.600851
30,29.631834,25.471184,26.052061,22.178696,19.846533,22.618746,17.112383,21.96715,18.155874,21.151722,20.215944,24.494902,26.317902,24.383532,23.650808,19.835522,20.674736,16.067514,19.39202,15.119692,16.93321,20.285799,20.11875,22.270409,20.797798,18.347643,15.267752,12.516031,6.060058,5.0350227,0.0,6.5231194,10.47112,13.322411,15.022307,18.405848,20.617905,18.989729,16.07462,12.866955,12.453434,10.031527,7.5673575,10.289923,8.437694,12.283973,13.11244,17.410719,19.019022,19.822927,17.9286,21.182062,20.03059,21.031979,17.44128,20.137182,16.08947,19.216587,19.019476,15.978731,12.700977,13.173819,9.552537,9.264243,12.756267,9.6516905,13.675915,12.901789,16.346872,14.0772705,10.067131,10.082945,6.3188176,12.497597,10.517692,13.258442,15.716342,15.614329,18.824896,19.95354,21.197924,18.368319,16.896866,14.425632,10.02356,12.443216,6.418686,9.190013,8.885809,11.086844,13.6402235,17.856873,18.370926,22.473618,22.74214,22.690405,19.226107,19.292799,15.691655,15.458262,13.688943,12.687441,16.21108,12.156213,12.079756,17.120792,11.819964,16.310076,15.939505,19.350609
31,32.98153,28.81971,29.031054,24.501907,22.614265,24.19535,19.272669,22.929235,18.322775,21.46848,18.872805,22.97528,25.178083,22.651592,23.03893,18.522394,20.343348,15.955379,19.125792,15.918955,16.866941,21.189068,20.001053,23.080317,21.98324,19.87471,18.008003,13.961788,10.318582,6.053153,6.5231194,0.0,8.523913,8.822041,11.308158,14.512935,15.7044325,14.317007,10.525523,6.723156,8.700215,6.182938,7.063744,9.697927,11.401787,14.917805,17.142008,20.574848,21.43473,21.946585,19.278193,21.99211,20.202782,19.801256,15.17401,16.770943,11.726717,14.056175,13.247692,11.303958,7.6982656,10.937007,8.387142,11.027562,14.832145,14.174584,18.213982,18.02873,20.40653,18.583197,14.830943,12.315855,8.088697,11.22434,6.4572577,10.263784,10.95076,10.634147,13.611217,14.267959,16.37354,14.219495,13.693546,11.842257,7.918665,11.13191,7.8696647,11.491404,13.192596,15.411816,18.91777,22.661083,24.186,27.659002,27.322819,27.247438,23.079227,23.77555,19.493528,20.201431,16.937735,17.115023,20.083223,16.436043,15.811256,19.216146,13.253803,17.539879,15.642971,19.594767
32,38.588524,34.494926,34.02288,30.116184,27.4376,28.72167,23.142063,25.568775,20.696096,22.235294,19.045654,23.754253,27.0242,25.404,26.691128,22.895424,25.915056,21.825596,26.144388,23.213861,24.911037,29.010828,28.391315,31.291107,29.943066,27.456318,24.717342,21.240269,16.3174,13.200448,10.47112,8.523913,0.0,6.2998033,5.0663714,8.656208,11.333261,9.856015,8.70462,8.393551,6.280667,10.328833,8.783247,14.217014,14.104303,19.73078,21.698975,25.239902,25.709007,25.349161,22.430794,23.946985,20.751295,20.618454,16.711782,16.949848,13.026927,15.392445,13.424052,9.268641,7.0347347,9.266135,10.394456,11.777912,17.707672,16.841534,20.623299,21.62019,25.318321,24.109024,20.42058,19.566422,15.455163,19.703394,14.562673,17.574078,17.169245,15.064785,16.862598,16.1209,17.25394,16.233252,12.844841,13.104883,10.544466,15.270924,12.359064,17.95006,18.650692,21.422125,23.885334,28.285004,28.288385,32.78164,33.19884,33.043327,29.504,29.18206,25.237072,24.773888,21.622055,19.79922,21.198248,16.712847,14.620486,16.22972,9.633831,12.241448,9.171174,12.100247
33,38.471874,34.46694,33.48123,29.219135,26.877567,27.064562,22.203281,23.462605,18.259464,19.873413,15.474117,19.72215,23.126745,21.147892,23.301868,19.326874,23.11798,19.59355,23.899958,22.123806,23.64166,28.062582,27.511147,30.960323,30.466526,28.59936,26.807678,22.773647,18.535187,14.774417,13.322411,8.822041,6.2998033,0.0,5.0713544,6.258412,8.386209,8.904341,5.803901,5.653044,8.801274,11.926168,12.702842,17.002392,18.41913,23.113077,25.341465,28.823189,29.370874,29.338978,26.292322,28.033834,25.021069,24.021229,19.38894,18.897444,14.049577,15.053923,11.757479,9.869417,7.4247627,13.052268,13.95257,16.62404,21.88211,21.335714,25.344376,25.725117,28.78717,26.974821,22.982443,21.030424,16.459648,18.994848,12.648917,14.770386,12.9571705,10.077807,11.090258,9.968182,11.10087,10.684749,8.043422,9.147194,8.237184,12.625673,12.468546,18.070953,19.944307,23.015774,26.137686,30.66955,31.286661,35.332905,35.225708,34.72881,30.63813,30.436016,25.917513,26.124813,21.728455,21.005499,22.076603,18.53259,16.684536,17.085539,11.398113,13.933897,10.409409,14.354852
34,42.372047,38.306957,37.54538,33.4387,30.914375,31.51672,26.308558,27.805605,22.680593,23.888466,19.643772,24.036575,27.681366,25.97129,28.135885,24.286118,27.96377,24.245218,28.507734,26.236187,27.62691,32.026787,31.067024,34.326675,33.178303,30.856735,28.580069,24.714178,20.596548,16.874063,15.022307,11.308158,5.0663714,5.0713544,0.0,4.2301693,6.3236527,5.43791,5.4643145,7.6234865,6.721248,12.228517,12.273546,17.10762,18.208563,23.559177,25.98221,29.16729,29.273489,28.69878,25.469494,26.459839,22.813969,21.810614,17.715187,16.590178,12.769577,13.971525,10.856166,7.463624,6.638516,10.618912,13.232262,15.581112,21.282864,21.332619,25.054327,26.261293,29.608028,28.554379,24.893385,23.317745,19.156206,22.27499,16.413372,19.250381,17.563253,14.941851,15.7616825,14.007922,15.34653,15.561857,12.317595,13.895207,12.660229,17.313631,15.975273,21.620832,22.90253,25.72963,28.51748,32.83937,33.16038,37.488163,37.69553,37.49943,33.6885,33.52917,29.312565,29.15213,25.410038,23.98481,24.992147,20.856754,18.597996,18.89161,12.856579,14.430959,10.285812,12.824744
35,44.195854,40.23664,38.97974,34.96004,32.39093,32.342052,27.422634,27.887878,22.76175,23.351343,18.533504,22.600386,26.561245,25.112803,27.932142,24.43254,28.70396,25.456055,29.963745,28.330631,29.8968,34.3174,33.68144,37.12807,36.40694,34.327625,32.269855,28.313059,24.028057,20.347574,18.405848,14.512935,8.656208,6.258412,4.2301693,0.0,4.6262183,6.497883,7.1996264,10.11469,10.773178,16.062595,16.42342,21.15972,22.333252,27.628124,29.97597,33.271065,33.44641,32.914265,29.670279,30.603203,26.861057,25.651913,21.544178,19.916672,16.180796,16.639303,12.786085,10.620699,10.239837,14.697799,17.404062,19.776844,25.494108,25.356514,29.127045,30.165546,33.572014,32.22808,28.374744,26.754892,22.334824,25.071436,18.77405,20.913742,18.605259,15.42449,15.373399,13.121178,13.680775,14.750138,11.136786,13.828383,13.945468,18.268782,18.20511,24.091274,25.636765,28.752583,31.560781,36.177563,36.338768,40.726154,40.8838,40.44131,36.550068,36.10476,31.729084,31.561796,27.295437,25.883015,26.215397,22.503428,20.064903,19.036428,13.9466915,14.539785,10.093915,12.374865
36,46.78282,42.778095,41.772892,37.43812,35.193665,35.076622,30.436918,31.033913,25.8256,26.81367,21.661499,25.355349,29.171684,27.299364,30.337416,26.490023,30.670662,27.467037,31.426035,29.929497,30.892618,35.524952,34.170334,37.77889,36.911682,34.85694,33.182793,28.964529,25.775742,21.591547,20.617905,15.7044325,11.333261,8.386209,6.3236527,4.6262183,0.0,4.0090923,5.740796,9.784219,10.819843,15.934839,17.369738,21.308739,23.540138,28.392902,31.22344,34.030144,33.816338,33.126694,29.669395,30.23535,26.391285,24.464685,20.301208,17.864492,14.454319,13.924727,9.702791,9.028998,9.843692,14.588674,17.789143,20.882519,26.104183,26.952156,30.635798,31.909742,34.790348,33.82759,30.213718,27.871523,23.780598,25.580153,19.36773,21.81817,18.850233,16.020494,15.541691,12.645764,14.301878,16.117422,13.899884,16.47871,16.529942,20.627226,20.782358,26.168962,28.033813,30.839241,33.994682,38.16722,38.93896,42.994118,42.908157,42.671253,38.54616,38.642082,34.157738,34.40115,30.110214,29.254562,30.036398,26.33551,24.09902,23.476673,18.153038,19.116148,14.685884,16.787308
