,0,1,2,3,4,5,6,7,8,9,10,11,12,13,14,15,16,17,18,19,20,21,22,23,24,25,26,27,28,29,30,31,32,33,34,35,36,37,38,39,40,41,42,43,44,45,46,47,48,49,50,51,52,53,54,55,56,57,58,59,60,61,62,63,64,65,66,67,68,69,70,71,72,73,74,75,76,77,78,79,80,81,82,83,84,85,86,87,88,89,90,91,92,93,94,95,96,97,98,99,100,101,102,103,104,105,106,107,108,109
0,0.0,4.2954993,5.747412,9.374906,11.597497,15.197832,18.959314,20.133797,24.228836,24.569946,28.811724,30.959883,33.107006,35.12907,35.079258,34.297905,36.959373,35.461193,40.651085,39.511482,44.134155,45.378693,49.699234,44.106552,42.30566,38.939075,37.260117,33.58383,31.114248,30.111507,26.96542,26.097033,20.59097,23.363811,27.75154,27.00933,25.13626,28.721405,31.584114,30.271236,29.884033,35.9799,35.62793,34.15721,35.828278,41.275154,40.161545,38.938797,42.442654,39.46539,40.374245,45.007492,46.378075,43.685463,46.133987,46.3785,42.07647,43.727074,45.906025,40.897396,37.84396,40.293186,39.12397,40.519844,37.05928,34.305653,35.185764,32.05007,33.356163,39.196022,36.793327,33.4362,36.3852,41.287537,40.78106,45.265327,44.989895,43.345238,46.54686,44.890102,45.07758,47.22673,42.52373,41.01004,38.651085,42.109432,38.341053,41.815357,39.140453,41.056843,38.83652,38.580788,38.40819,34.57459,30.098152,29.980429,30.344742,31.185017,27.629686,24.591082,25.530237,28.036062,30.794489,31.859999,29.056505,32.943874,28.651611,29.257038,28.945395,28.326591
1,4.2954993,0.0,5.2701354,6.1666946,9.459425,13.113062,16.393019,16.696001,20.787441,21.24881,25.350689,27.528038,29.419949,31.554869,31.214075,30.797842,33.350048,32.137592,37.0911,36.30366,40.909786,42.040825,46.51003,41.142605,39.407497,35.98072,34.575783,31.114723,28.66649,28.215559,24.628496,24.85273,18.820486,22.3004,26.098125,24.721945,22.86259,26.971125,29.31551,27.587467,27.487286,33.718025,32.95225,31.258865,33.348755,38.656498,37.003105,35.949493,39.721394,36.957336,38.106483,42.253304,44.037266,41.612263,43.875565,44.119316,39.69016,41.54901,44.00401,38.974464,35.781567,38.695778,37.74825,39.41864,35.682186,32.676136,33.959606,30.738222,31.426891,37.428677,35.186295,31.58465,34.100864,39.117016,38.457287,42.905796,42.345974,40.63192,43.53816,41.852676,41.765408,43.74902,38.974968,37.628788,35.556404,38.859474,35.50208,39.0739,36.635826,38.815968,36.66624,36.20422,36.327717,32.9055,27.702093,27.554117,27.22898,28.149794,25.147966,22.072943,22.270885,24.67309,27.352596,28.167454,25.424118,29.089169,25.12159,25.433678,25.406712,24.620178
2,5.747412,5.2701354,0.0,5.2819858,6.062732,9.645767,13.454738,15.513741,19.361193,19.955887,24.198694,26.636751,28.825012,30.506752,30.686558,29.34805,32.17615,30.450407,35.964596,34.709232,39.33755,40.84079,44.955547,39.362343,37.75892,34.60837,32.48485,28.953714,26.108803,25.337812,21.634127,20.869835,15.01889,17.751446,22.061314,21.389826,19.454296,22.988134,25.883238,24.711468,24.314907,30.293413,30.046017,28.767153,30.33909,35.68678,34.89107,33.71489,37.065617,34.125393,34.78583,39.503452,40.832478,38.083416,40.449383,40.65934,36.386852,38.025215,40.15903,35.17326,32.126553,34.583115,33.510784,34.91398,31.359997,28.584826,29.64442,26.582565,27.751862,33.626408,31.449167,28.158651,30.947598,35.962906,35.25336,39.83002,39.573296,37.821266,41.203808,39.47896,39.878918,42.18388,37.58329,35.902447,33.32708,36.980167,32.9957,36.658413,34.10723,36.137226,34.22472,34.340733,34.42652,30.54436,26.00363,26.509415,26.480425,28.119984,24.766088,21.070631,21.778568,25.09681,28.155727,28.718401,25.606575,29.128258,24.236126,24.981033,24.123203,23.749865
3,9.374906,6.1666946,5.2819858,0.0,4.117771,7.3452,10.309547,10.809702,14.865935,15.433868,19.574099,21.999357,23.950346,25.829002,25.857147,25.00026,27.81864,26.57909,31.845531,31.214134,35.826256,37.230206,41.535175,36.315662,34.882923,31.701012,29.890316,26.764065,23.834316,24.019712,19.405195,20.42085,13.7030325,17.348207,20.649517,19.000809,16.882727,21.173643,23.34544,21.533617,21.365396,27.64333,26.857859,25.104422,27.2147,32.50597,30.92608,29.850725,33.58532,30.881113,32.00067,36.08919,37.916565,35.561558,37.775894,38.101067,33.663364,35.6897,38.12052,33.009037,29.960587,33.084,32.433285,34.125443,30.108717,27.069765,28.863855,25.791239,25.95887,32.064095,30.2667,26.68432,28.70281,33.942547,32.874176,37.45122,36.744816,34.768475,37.772545,35.861217,35.879765,37.90887,33.199955,31.81855,29.675474,33.21939,29.860365,33.81289,31.701637,34.171284,32.46471,32.363346,32.936234,29.669262,24.098097,24.681162,23.463572,25.39774,22.981596,19.180794,18.571325,21.889755,24.838478,24.857513,21.788198,24.749443,20.242874,20.382074,19.773733,18.992529
4,11.597497,9.459425,6.062732,4.117771,0.0,3.9239142,7.3995595,10.087352,13.583722,14.486295,18.610823,21.343367,23.438227,24.823847,25.193047,23.478283,26.482054,24.759233,30.481081,29.427008,34.034874,35.745625,39.7351,34.34942,33.041656,30.118788,27.70681,24.572487,21.289454,21.304514,16.467562,16.85398,10.076547,13.292641,16.88442,15.741507,13.5823345,17.514692,20.068232,18.714876,18.41719,24.452633,24.043167,22.727873,24.466316,29.696007,28.843678,27.76227,31.144163,28.358952,28.992708,33.489864,35.027866,32.41885,34.629936,34.869545,30.532,32.36851,34.609676,29.565598,26.52638,29.352526,28.614758,30.174622,26.266598,23.323616,24.99614,22.026613,22.480465,28.522053,26.80151,23.443047,25.62845,30.882523,29.763313,34.442245,33.971573,31.983673,35.36802,33.469475,33.900337,36.22522,31.683926,29.980688,27.390514,31.20318,27.308397,31.32642,29.142773,31.511501,30.03524,30.416607,31.004719,27.443321,22.392107,23.569052,22.539824,25.099453,22.499973,18.232273,18.000706,22.057158,25.261562,25.057022,21.731777,24.511211,19.231497,19.818306,18.438904,18.158768
5,15.197832,13.113062,9.645767,7.3452,3.9239142,0.0,4.3221884,8.1436205,11.238777,11.763839,15.83921,18.563368,20.907904,22.011703,23.15658,20.930983,24.301512,22.608932,28.615824,27.77002,32.295094,34.28702,38.031258,32.861607,31.892096,29.296959,26.462027,23.741793,19.998955,20.572973,14.771495,15.628529,8.510825,10.993147,14.177737,13.099924,10.265201,14.015914,16.78433,15.572518,14.692155,20.86408,20.738092,19.27591,20.695034,26.160429,25.594923,24.238785,27.44438,24.543516,25.203117,29.920292,31.224966,28.597342,30.989363,31.466312,27.195372,29.236988,31.227676,25.955326,23.397402,26.250998,25.869654,27.21729,22.991877,20.24747,22.514849,19.892632,19.930481,25.980148,24.841312,21.710218,23.360558,28.801796,27.18382,32.022602,31.454082,29.104862,32.692017,30.431286,31.052048,33.375153,28.981993,27.310793,24.633358,28.792799,24.876892,29.328169,27.520063,30.099909,29.121061,29.912691,30.842134,27.417694,22.408022,24.18645,22.518719,25.79718,23.719097,19.170132,18.35111,22.880226,26.106197,25.289179,21.875738,23.815813,18.259323,18.550838,16.41494,16.03079
6,18.959314,16.393019,13.454738,10.309547,7.3995595,4.3221884,0.0,6.019041,7.538693,9.130467,12.62395,15.837835,17.72382,18.423805,19.287598,16.722925,20.086342,18.345032,24.420744,23.699112,28.175467,30.251461,33.92829,28.946936,28.176222,25.75675,22.85611,20.552896,16.63549,18.013878,11.435224,13.90884,6.862429,9.969119,11.496122,9.452101,6.658215,11.316703,13.109,11.454757,11.2767725,17.348497,16.719397,15.372524,17.333862,22.34824,21.532883,20.584473,23.936462,21.412844,21.935165,26.119343,27.930326,25.533752,27.501905,27.812967,23.408638,25.575045,27.912645,22.796207,19.882933,23.260555,23.128944,24.847378,20.443037,17.341244,20.079449,17.492466,16.628103,22.763037,21.93421,18.681717,19.68229,25.23337,23.385977,28.203344,27.410833,24.994383,28.44043,26.210049,26.769577,29.154589,24.772856,23.00722,20.3362,24.486074,20.71987,25.34631,23.849094,26.694595,26.014212,26.875837,28.189217,25.227015,19.870142,22.036276,19.596508,23.435808,22.076685,17.454165,15.859084,20.673197,23.84328,22.49396,19.068499,20.360989,14.6398535,14.895747,12.324683,12.314305
7,20.133797,16.696001,15.513741,10.809702,10.087352,8.1436205,6.019041,0.0,4.6999993,4.992368,8.818412,11.680685,13.393553,15.038033,15.940885,14.962469,18.356747,17.984966,23.247093,23.892796,28.249489,29.952435,34.054394,29.782469,29.162914,26.57773,24.600021,22.862606,19.35262,21.69942,14.989273,19.16211,12.392381,15.846711,16.384262,13.257505,10.575793,15.411362,15.987634,13.187998,13.016243,19.41736,17.927841,15.208973,18.036572,23.148788,20.596766,19.502457,23.650173,21.404394,23.183533,26.252125,28.696854,27.049105,29.0204,29.723322,25.227758,28.035334,30.610027,25.329327,22.885077,26.973637,27.403313,29.256292,24.483738,21.42115,24.843468,22.398705,20.470963,26.49819,26.082952,22.603477,22.578043,28.13128,25.91228,30.519217,29.018684,26.276342,28.892612,26.25445,25.941925,27.586966,22.918507,22.017721,20.484346,24.28194,21.98515,26.87027,26.043388,29.348316,28.726053,28.968777,30.680424,28.543125,22.094522,23.741682,20.003107,23.544329,23.29947,19.189117,15.986174,19.984856,22.68576,20.792059,17.74291,18.087387,13.78172,12.28632,10.645002,8.808962
8,24.228836,20.787441,19.361193,14.865935,13.583722,11.238777,7.538693,4.6999993,0.0,4.907185,6.395826,10.19152,10.85989,11.661571,11.942935,10.338954,13.776536,13.40056,18.742918,19.573307,23.814344,25.643581,29.602783,25.591705,25.249233,22.96649,20.927668,19.815958,16.296328,19.4777,12.521385,18.013186,12.353925,15.688312,14.619674,10.754141,8.913006,13.754554,12.8789,9.509683,10.573315,16.19019,13.954599,11.448452,15.101178,19.301825,16.376291,16.010515,20.288158,18.666666,20.128752,22.375862,25.469975,24.125053,25.46539,25.895325,21.334976,24.205114,27.15901,22.275879,19.450207,23.990486,24.659811,26.857513,22.141394,18.851322,22.550161,20.293312,17.469343,23.239265,23.192743,19.76833,18.910574,24.377096,21.94566,26.39807,24.648907,21.879581,24.265055,21.717873,21.322899,23.100391,18.42359,17.3486,15.8692045,19.602148,17.60357,22.619982,22.230373,25.767101,25.53574,25.894606,28.002928,26.412569,19.922483,21.994127,17.505121,21.673378,22.227812,18.22638,14.371961,18.546928,21.099472,18.55559,15.587543,14.8778715,10.463709,8.740823,6.172791,4.8167715
9,24.569946,21.24881,19.955887,15.433868,14.486295,11.763839,9.130467,4.992368,4.907185,0.0,4.4213533,6.9102182,9.2874365,10.890491,13.781288,12.702519,16.668642,17.08852,22.146416,23.682653,27.670216,29.591204,33.36927,29.806469,29.733025,27.643864,25.504332,24.566967,20.86361,23.947788,16.718725,21.465523,15.308701,17.684866,17.192198,14.065816,10.992787,14.903268,14.95557,12.046348,10.839507,17.118326,15.704384,11.929076,14.602698,20.02905,17.055014,15.287493,19.55694,17.311226,19.87942,22.620865,24.96712,23.740915,25.967426,27.243872,22.946491,26.30046,28.514582,22.974623,21.63638,25.894419,27.038149,28.575651,23.444744,20.870535,25.152182,23.347313,20.614923,26.240408,26.765553,23.698633,22.590181,28.125904,25.138737,29.722454,27.836756,24.462202,26.953503,23.554588,23.145151,24.365004,19.913986,19.584644,18.558685,22.639652,21.094475,26.523067,26.513905,30.106169,30.147295,30.698381,32.83663,31.107037,24.775322,26.825037,22.352196,26.371893,26.867636,22.83029,19.054556,22.986109,25.403048,22.778002,20.007824,18.81795,15.166251,12.656392,10.248744,7.263471
10,28.811724,25.350689,24.198694,19.574099,18.610823,15.83921,12.62395,8.818412,6.395826,4.4213533,0.0,3.963177,5.2318177,6.470785,10.323651,9.538214,13.564973,14.86244,19.281635,21.665888,25.244389,27.16075,30.758463,27.905947,28.23271,26.516436,24.606388,24.442892,20.95164,24.734905,17.604202,23.213198,17.924322,20.11331,18.448349,14.980868,12.612778,15.960895,14.713027,11.495414,10.841369,15.947475,13.876935,9.556389,12.927772,17.501781,13.465704,11.950591,16.611158,15.089248,18.051853,19.535172,22.529486,21.965487,23.74095,25.106012,20.93695,24.601316,26.969767,21.750307,20.690025,25.315731,26.90884,28.583948,23.465618,20.984102,25.636108,24.174131,20.610083,25.707298,26.791553,23.920023,21.82795,27.087902,23.728456,27.999626,25.674072,22.059021,24.00491,20.310377,19.495493,20.317942,15.936394,16.13052,15.864139,19.71093,19.214106,24.754547,25.466269,29.282633,29.760756,30.304728,32.83077,31.74251,25.36472,27.565943,22.38499,26.641788,27.988974,24.250757,19.868946,23.490976,25.541069,22.306925,19.92205,17.415163,14.724384,11.484181,8.996604,5.502071
11,30.959883,27.528038,26.636751,21.999357,21.343367,18.563368,15.837835,11.680685,10.19152,6.9102182,3.963177,0.0,4.1795154,6.293567,12.036202,12.11221,15.936899,17.922985,21.688221,24.714352,27.954151,29.8155,33.251995,30.950644,31.502684,29.953226,28.17269,28.249374,24.789352,28.64194,21.472502,26.907194,21.51254,23.322407,21.781898,18.612753,15.951071,18.681158,17.674747,14.778534,13.219343,17.955458,16.28969,11.448918,13.972808,18.744997,14.398203,11.96943,16.492199,14.908783,18.848825,20.020853,22.624292,22.502777,24.690016,26.645042,22.832586,26.79435,28.702877,23.319435,23.294153,27.75297,29.710022,31.02496,25.770817,23.776787,28.72508,27.565638,23.926836,28.740635,30.220438,27.562592,25.174171,30.307459,26.631723,30.78038,28.26046,24.327711,26.017706,21.80974,20.770342,20.892982,16.926895,17.929148,18.31722,22.024445,22.204887,27.820528,28.905462,32.773907,33.45267,34.014194,36.6359,35.66206,29.27343,31.414005,26.072311,30.201565,31.743284,28.092846,23.57416,26.914265,28.75812,25.385847,23.256966,20.298693,18.360226,14.721308,12.665964,8.953449
12,33.107006,29.419949,28.825012,23.950346,23.438227,20.907904,17.72382,13.393553,10.85989,9.2874365,5.2318177,4.1795154,0.0,3.5791485,8.417883,9.792169,12.92666,15.72201,18.518005,22.202662,25.145594,26.736668,30.264214,28.458084,29.122707,27.668447,26.443321,26.973898,23.969257,28.223372,21.497292,27.662886,22.794825,25.082195,22.88974,19.23401,17.408768,20.394514,18.347769,15.081526,14.884421,18.659344,16.074526,11.636011,15.152576,18.450378,12.90883,11.793343,16.617605,16.09115,19.694622,19.386152,23.024517,23.407248,24.729029,26.263199,22.44393,26.342852,28.802872,24.057762,23.404388,28.237732,30.193432,31.954964,26.94522,24.631134,29.429205,28.186031,24.082518,28.59601,30.05115,27.294918,24.45044,29.242064,25.704151,29.428719,26.584223,22.89185,23.800259,19.902725,18.193733,17.969353,13.831888,15.279923,16.499664,19.469873,20.645544,25.933435,27.369932,31.336988,32.068348,32.319683,35.155785,34.78565,28.199669,30.194471,24.369839,28.394968,30.638826,27.40672,22.419924,25.255316,26.715796,22.996613,21.288805,17.505365,16.684225,12.610997,11.284017,7.724293
13,35.12907,31.554869,30.506752,25.829002,24.823847,22.011703,18.423805,15.038033,11.661571,10.890491,6.470785,6.293567,3.5791485,0.0,7.5307984,7.5940943,10.819283,13.634517,16.387182,20.116354,22.764374,24.615507,27.739565,26.197348,27.175955,26.1466,24.646414,25.624954,22.622831,27.104172,20.532589,26.799969,22.709074,24.5696,21.688656,18.15858,16.782793,19.15041,16.45783,13.409185,13.541988,16.165846,13.373838,9.133723,12.821414,15.210799,9.377486,8.735512,13.581507,13.662003,16.943731,15.970317,19.991724,20.608438,21.508533,22.966473,19.286127,23.241144,25.718195,21.306133,20.786575,25.647299,27.822844,29.603949,24.750027,22.573313,27.467554,26.546686,22.09906,26.118093,27.973871,25.53773,22.172527,26.711027,22.928062,26.484665,23.537067,19.679457,20.539751,16.42435,14.818855,14.708754,10.699608,12.163956,13.526276,16.577078,18.015839,23.37033,25.199192,29.175291,30.3027,30.847261,33.84449,33.663586,27.49978,29.833094,23.981995,28.361382,30.758186,27.521023,22.66265,25.702324,27.17067,23.27209,21.583231,17.398167,16.402187,12.762417,10.780227,8.28867
14,35.079258,31.214075,30.686558,25.857147,25.193047,23.15658,19.287598,15.940885,11.942935,13.781288,10.323651,12.036202,8.417883,7.5307984,0.0,5.528849,5.725889,9.52368,10.6464205,14.8650465,17.590237,18.710829,22.638035,21.054539,21.665329,20.267027,20.013683,21.219028,19.26611,23.97086,18.682886,25.761679,22.389633,25.457138,22.260302,17.988401,18.094734,21.481445,17.85386,14.289909,16.95423,19.049555,14.967525,12.744469,17.592558,18.148909,12.015814,14.181511,18.69664,19.547314,21.380407,19.37577,24.604412,25.13848,24.687857,24.76672,20.796827,23.939583,27.689045,24.406343,21.714087,26.987198,28.447296,31.208029,26.99716,23.881092,27.80901,26.22577,21.687231,25.628439,26.54896,23.573345,20.359169,24.363953,21.644186,24.53969,21.45563,18.865671,18.556467,16.309074,13.77961,14.10078,9.325452,10.0908785,12.066673,13.255051,15.58708,19.78116,21.417776,25.377577,25.99056,25.668423,28.761795,29.40669,22.796293,24.58712,18.230167,22.166481,25.472076,23.057678,17.698942,19.766315,20.684246,16.493986,15.426462,10.359135,11.304526,7.498629,7.8638325,7.1919003
15,34.297905,30.797842,29.34805,25.00026,23.478283,20.930983,16.722925,14.962469,10.338954,12.702519,9.538214,12.11221,9.792169,7.5940943,5.528849,0.0,4.443344,6.0603533,10.055592,12.739522,15.872698,17.940987,21.270731,18.901789,19.709936,18.706814,17.068876,18.294746,15.644428,20.41512,14.7239,21.57734,18.921782,21.218184,17.450155,13.470111,13.905108,16.599413,12.551814,9.221789,12.370843,13.708531,9.496203,8.037373,13.0219,13.32389,8.292539,10.844838,14.998527,15.711193,16.620333,15.376772,20.396845,20.434738,19.90691,19.802675,15.594755,18.726692,22.432978,19.096262,16.206827,21.47117,22.999113,25.687456,21.51928,18.448763,22.512955,21.224842,16.50157,20.376684,21.658968,19.00657,15.511152,19.851437,16.69888,20.104843,17.28218,14.26526,15.161496,12.560193,11.264592,12.975324,8.257501,7.2016053,7.3912225,10.306707,11.069767,16.15359,17.751354,21.74718,22.798103,23.323132,26.40004,26.527184,20.660107,23.24273,17.469286,22.234798,24.771404,21.755539,17.170864,20.405169,21.974068,18.121727,16.308292,12.292462,10.491282,8.330337,5.8074136,6.9188213
16,36.959373,33.350048,32.17615,27.81864,26.482054,24.301512,20.086342,18.356747,13.776536,16.668642,13.564973,15.936899,12.92666,10.819283,5.725889,4.443344,0.0,4.606542,5.7726583,9.602695,12.238055,13.90768,17.477663,15.7027235,16.659897,15.888229,15.2205305,17.199291,15.576269,20.536997,16.18636,23.259638,21.48101,24.114033,20.036495,16.014097,17.337023,20.008894,15.478572,12.457293,16.376755,16.68401,12.141063,11.932141,16.721428,15.410512,10.265957,14.044129,17.69801,19.180168,19.578533,17.005936,22.693745,23.115726,21.6256,20.796816,16.91107,19.46121,23.758055,21.505686,17.882027,23.133833,24.43697,27.575842,24.004799,20.752731,24.186089,22.823547,17.984795,21.098701,22.124155,19.494158,15.6924305,19.092335,16.56345,19.03016,15.903852,13.8187475,13.284191,12.047851,9.865885,11.545618,7.0417175,5.7001686,7.307038,7.7011595,10.337731,14.168298,16.220217,20.174519,21.24329,21.289146,24.60612,25.617579,19.845682,22.156792,16.070374,20.541817,23.91398,21.63204,16.898272,19.273062,20.277075,16.172808,15.075991,10.188971,10.27453,8.700277,8.075115,10.004715
17,35.461193,32.137592,30.450407,26.57909,24.759233,22.608932,18.345032,17.984966,13.40056,17.08852,14.86244,17.922985,15.72201,13.634517,9.52368,6.0603533,4.606542,0.0,6.5343614,6.916933,10.621309,12.92752,16.33351,13.062594,13.725927,12.918083,11.167614,13.008071,11.1664,16.160162,12.271982,19.185768,18.386263,20.838823,16.478855,12.646554,14.888169,17.338293,12.608419,10.026085,14.901515,14.716364,10.215301,11.629954,16.128443,14.610685,11.419303,15.181508,18.296804,19.431898,18.71911,17.186058,22.472889,22.201588,20.488092,18.977858,14.834594,16.707151,21.372648,19.445044,14.6334305,19.80021,20.60615,24.072432,20.894812,17.282824,20.130789,18.59761,13.870685,17.039804,17.646122,14.932651,11.299276,14.927298,12.806343,15.633175,13.040648,11.5237875,12.11909,11.83477,11.078048,14.010301,10.159751,7.0592194,5.5949764,6.7827373,6.5317993,10.590397,11.99894,15.99471,17.038462,17.526495,20.758623,21.420162,16.14782,18.959242,13.5128145,18.485449,21.212505,18.68555,14.75891,17.826223,19.310951,15.748599,14.102458,10.752955,8.615575,9.154265,7.583609,11.014962
18,40.651085,37.0911,35.964596,31.845531,30.481081,28.615824,24.420744,23.247093,18.742918,22.146416,19.281635,21.688221,18.518005,16.387182,10.6464205,10.055592,5.7726583,6.5343614,0.0,5.9160113,7.106257,8.257602,12.021491,11.049436,12.337449,12.303001,12.858045,15.906104,15.744816,20.53549,18.187508,24.969446,24.582012,27.267233,22.83456,19.107706,21.394325,23.747618,18.83769,16.425243,20.996782,20.099726,15.56188,16.740967,21.160229,18.270226,14.08521,18.642996,21.498142,23.591368,23.112118,19.59045,25.611156,26.22588,23.642994,21.81633,18.506336,20.02838,24.884928,24.069515,19.606031,24.51997,25.440157,29.04761,26.382984,23.03446,25.518606,24.196058,19.473783,21.369307,22.049006,19.724518,15.776033,17.576153,16.127275,17.134373,13.948961,13.557671,11.342481,12.568692,10.207481,12.134543,9.363626,7.4534316,9.157909,5.9253626,10.169324,11.427502,13.994599,17.56632,18.766184,18.36939,21.912806,24.058382,19.087568,21.15224,15.378545,19.321077,23.410742,22.079662,17.843338,19.241673,19.597141,15.65451,15.457194,10.681851,12.266484,12.231299,12.629636,15.280345
19,39.511482,36.30366,34.709232,31.214134,29.427008,27.77002,23.699112,23.892796,19.573307,23.682653,21.665888,24.714352,22.202662,20.116354,14.8650465,12.739522,9.602695,6.916933,5.9160113,0.0,4.6305585,6.783527,10.349026,6.360662,7.124365,7.3282957,7.076714,10.652297,11.302309,15.694541,15.086397,21.137999,22.222277,24.729275,20.209,17.002037,20.25285,22.301336,17.485106,15.794473,21.013311,19.629307,15.462209,18.050932,22.066118,19.00912,16.755503,21.190722,23.55259,25.267252,23.66933,21.25011,26.742643,26.615898,23.74318,21.03662,17.705557,18.084064,23.342812,23.201027,17.42227,21.871386,21.984846,26.03554,24.15424,20.492846,21.822176,20.28224,16.101835,17.511488,17.33263,15.055268,11.685794,12.751302,12.676752,13.403099,11.150418,12.33803,11.234799,13.980569,13.257309,16.333488,13.935684,10.718534,9.78503,7.051231,7.5856895,6.7124705,8.351911,11.786636,12.8696995,12.751165,16.333725,18.539253,14.582004,17.063305,12.438735,16.627417,20.047318,18.832474,15.870487,17.657366,18.418596,15.369095,14.73969,12.100755,11.694975,13.750703,13.656328,17.349876
20,44.134155,40.909786,39.33755,35.826256,34.034874,32.295094,28.175467,28.249489,23.814344,27.670216,25.244389,27.954151,25.145594,22.764374,17.590237,15.872698,12.238055,10.621309,7.106257,4.6305585,0.0,3.548867,5.8130064,4.5335116,6.9944506,9.12637,9.8406725,14.054463,15.30624,19.317654,19.385899,25.037132,26.639803,28.802807,24.012241,21.132147,24.384394,25.921236,20.89226,19.53965,24.528965,22.207205,18.181267,20.974104,24.675621,20.471025,18.36623,23.208086,25.011112,27.351624,25.53742,21.984385,27.684242,28.05466,24.460512,21.412228,18.896494,18.848448,24.057117,24.94624,19.603558,23.642298,23.959145,27.941675,26.579632,23.332924,24.474325,23.437843,19.221922,19.334482,19.64455,18.15634,14.353162,13.784813,13.958266,13.045732,10.544988,12.693882,9.849114,13.9352865,12.99527,15.7373,14.654776,11.854209,11.896514,7.4610357,10.019754,7.207166,10.184924,12.742465,14.528767,14.413331,18.019093,21.088034,18.228193,20.458782,16.280867,19.799446,23.597797,22.91827,20.142677,21.310272,21.548298,18.526707,18.534702,15.423073,16.127203,17.75656,17.799284,21.205143
21,45.378693,42.040825,40.84079,37.230206,35.745625,34.28702,30.251461,29.952435,25.643581,29.591204,27.16075,29.8155,26.736668,24.615507,18.710829,17.940987,13.90768,12.92752,8.257602,6.783527,3.548867,0.0,5.2616215,5.6589255,7.2276034,9.037335,11.53253,15.467366,17.375742,21.139109,21.682583,27.40601,28.837698,31.429022,26.872412,23.780188,27.006594,28.946396,24.000107,22.370384,27.430378,25.52928,21.372677,23.808693,27.762579,23.76002,21.092657,25.939877,28.001118,30.380064,28.852453,25.083622,30.933998,31.44279,27.873154,24.883375,22.404057,22.38386,27.582878,28.452284,23.071894,27.123686,27.294092,31.354736,30.010935,26.642662,27.626692,26.349386,22.333765,22.61168,22.513939,20.805523,17.479069,16.760834,17.392336,16.23891,13.9369545,16.198605,12.968256,16.989586,15.492258,17.63114,16.570107,14.325136,14.971002,10.420183,13.366424,10.371852,12.628656,14.717246,15.850853,14.800859,18.283016,21.990416,18.983576,20.564339,16.399857,19.098707,23.462498,23.45142,20.585707,20.861565,20.53617,17.642475,18.31501,15.21718,17.131418,18.696617,19.522425,22.786964
22,49.699234,46.51003,44.955547,41.535175,39.7351,38.031258,33.92829,34.054394,29.602783,33.36927,30.758463,33.251995,30.264214,27.739565,22.638035,21.270731,17.477663,16.33351,12.021491,10.349026,5.8130064,5.2616215,0.0,6.5614805,9.259823,12.516402,13.984039,18.31596,20.244333,23.677355,24.72027,29.817503,32.08533,33.997757,29.081951,26.56188,29.93437,31.064566,25.996298,24.994856,29.839394,26.792017,23.058231,26.06885,29.41137,24.34904,22.66339,27.658588,28.876766,31.677984,29.571718,25.23022,30.849133,31.58865,27.344946,23.921953,22.369335,21.674667,26.625587,28.64889,23.651033,27.033566,27.31856,31.22002,30.577856,27.710693,28.363686,27.71326,23.767208,22.659473,23.11224,22.353632,18.653997,16.499321,17.33648,14.753998,12.74307,15.880099,11.952928,16.983038,16.09254,18.250793,18.512693,16.253017,16.784916,11.931214,14.899845,10.770887,13.774241,15.000495,17.085205,16.84681,20.146528,24.052639,22.48485,24.370068,20.938705,23.664215,27.645884,27.60555,25.24695,25.787329,25.540606,22.83585,23.392895,20.354458,21.74086,23.333452,23.564497,26.848206
23,44.106552,41.142605,39.362343,36.315662,34.34942,32.861607,28.946936,29.782469,25.591705,29.806469,27.905947,30.950644,28.458084,26.197348,21.054539,18.901789,15.7027235,13.062594,11.049436,6.360662,4.5335116,5.6589255,6.5614805,0.0,3.299217,6.850791,7.518503,11.823291,14.079891,17.199146,18.96851,23.69579,26.365236,28.4192,23.792921,21.39994,25.143114,26.508673,21.772738,20.889338,26.092194,23.64856,20.01133,23.404562,26.846523,22.7527,21.650854,26.301353,27.892555,29.94091,27.542318,24.7644,30.02009,29.911728,26.224907,22.66474,20.289045,19.36616,24.650377,26.046116,19.98529,23.427174,23.034649,27.272356,26.622889,23.257122,23.349392,22.16505,18.693281,18.236053,17.682009,16.430496,13.573516,11.817085,13.608751,12.067424,10.856694,14.230139,12.380314,16.953682,16.81013,19.91408,18.780306,15.590873,14.554742,10.976119,11.169556,6.3012195,7.748116,9.190465,10.791452,10.713962,14.190361,17.664745,16.173729,18.391214,15.570922,18.700743,21.945831,21.64104,19.964993,21.065594,21.412224,19.184042,19.092192,17.355808,17.260042,19.865063,19.85344,23.66078
24,42.30566,39.407497,37.75892,34.882923,33.041656,31.892096,28.176222,29.162914,25.249233,29.733025,28.23271,31.502684,29.122707,27.175955,21.665329,19.709936,16.659897,13.725927,12.337449,7.124365,6.9944506,7.2276034,9.259823,3.299217,0.0,3.998585,6.0062947,9.724424,12.791204,15.397284,18.01806,22.501638,25.258783,27.700344,23.479433,21.032345,24.911232,26.685015,22.264347,21.252623,26.615501,24.819466,21.19736,24.473455,28.091341,24.657946,23.465393,27.904888,29.820831,31.51964,29.198914,27.032803,32.174934,31.764822,28.40364,24.893644,22.19337,21.253214,26.562544,27.592182,21.110874,24.534685,23.699713,28.082052,27.434418,23.771679,23.45545,21.791069,18.82849,18.935726,17.50165,15.769898,13.950685,12.564029,15.002748,14.011763,13.295152,16.517784,15.287939,19.487673,19.30314,22.419937,20.736576,17.50912,16.176994,13.180085,12.487266,8.003732,7.538767,8.549335,8.829494,7.7767825,11.269978,15.048234,13.537469,15.428128,13.19477,15.899554,19.014368,19.089972,17.879808,18.67639,19.011766,17.299603,17.23702,16.465767,16.207243,19.34829,19.700787,23.646776
25,38.939075,35.98072,34.60837,31.701012,30.118788,29.296959,25.75675,26.57773,22.96649,27.643864,26.516436,29.953226,27.668447,26.1466,20.267027,18.706814,15.888229,12.918083,12.303001,7.3282957,9.12637,9.037335,12.516402,6.850791,3.998585,0.0,5.3602104,7.634877,11.011359,13.557929,16.102951,20.86724,22.984251,26.062042,22.353458,19.534927,23.299324,25.764599,21.67985,20.241915,25.674557,24.913794,21.168356,23.958866,27.906618,25.439514,23.743599,27.86758,30.327467,31.610487,29.696215,28.12475,33.24909,32.61579,29.814547,26.658192,23.415388,22.918322,28.216322,28.405294,21.750828,25.496641,24.494242,28.898472,27.783585,23.77742,23.57694,21.327566,18.612793,19.922915,17.900593,15.307422,14.318417,14.276509,16.485922,16.590328,15.795836,18.270382,17.579618,20.99809,20.547684,23.561441,21.09793,17.98374,16.567625,14.302349,13.148703,10.143232,8.5964365,10.097924,8.908562,6.61131,10.01526,13.409772,10.347472,11.855156,9.305328,11.941326,15.219892,15.436485,14.14176,14.713005,15.147349,13.698937,13.543479,13.655109,13.283599,16.798996,17.64822,21.589201
26,37.260117,34.575783,32.48485,29.890316,27.70681,26.462027,22.85611,24.600021,20.927668,25.504332,24.606388,28.17269,26.443321,24.646414,20.013683,17.068876,15.2205305,11.167614,12.858045,7.076714,9.8406725,11.53253,13.984039,7.518503,6.0062947,5.3602104,0.0,4.448502,6.856757,9.758851,12.186296,16.53056,19.434027,21.738981,17.674433,15.410641,19.47041,21.24542,17.24688,16.471706,21.82128,20.553686,17.293781,20.732948,24.13086,21.723368,21.227533,25.0375,27.065449,28.066885,25.607538,24.874191,29.43891,28.374508,25.716864,22.472569,19.168173,18.377455,23.556454,23.72799,16.824274,20.31931,19.164057,23.576775,22.609138,18.6433,18.243412,16.154724,13.445738,14.652211,12.62381,10.130062,9.124052,9.482958,11.759217,12.644956,12.421953,14.709604,15.436919,18.459002,18.97744,22.575945,20.110594,16.448265,13.802091,12.79724,9.435516,6.8772783,3.8146799,6.3151693,6.080037,6.735973,10.038409,11.650132,9.406374,12.529182,10.545668,14.559244,16.304821,15.107483,14.370602,16.685158,18.09604,16.53127,15.257007,15.426133,12.844972,16.59127,16.08445,20.258675
27,33.58383,31.114723,28.953714,26.764065,24.572487,23.741793,20.552896,22.862606,19.815958,24.566967,24.442892,28.249374,26.973898,25.624954,21.219028,18.294746,17.199291,13.008071,15.906104,10.652297,14.054463,15.467366,18.31596,11.823291,9.724424,7.634877,4.448502,0.0,4.490911,5.9315286,9.830128,13.389131,16.437115,19.165237,15.951978,13.874702,17.965723,20.187004,17.056248,16.303331,21.472849,21.24788,18.3885,21.519257,24.833376,23.590672,23.269663,26.481369,28.782902,29.153288,26.81459,27.186735,31.30279,29.750639,27.748539,24.777977,21.162106,20.467884,25.329567,24.80883,17.750092,20.998644,19.291908,23.629124,22.556128,18.330767,17.41381,14.56607,12.992539,15.34049,12.157199,8.767105,10.093831,11.582443,13.976482,15.752323,15.995812,17.741629,19.267948,21.610353,22.245005,25.836079,22.830975,19.237658,16.211151,16.261034,12.061481,10.862614,6.9646215,8.365033,6.151127,6.443909,8.561361,8.434386,5.353575,9.040128,8.578888,12.488377,12.85941,11.253989,11.747522,14.5564575,16.54661,15.80831,13.966919,15.767961,12.024186,16.381348,15.911058,20.045969
28,31.114248,28.66649,26.108803,23.834316,21.289454,19.998955,16.63549,19.35262,16.296328,20.86361,20.95164,24.789352,23.969257,22.622831,19.26611,15.644428,15.576269,11.1664,15.744816,11.302309,15.30624,17.375742,20.244333,14.079891,12.791204,11.011359,6.856757,4.490911,0.0,4.9968567,5.5262637,10.159731,12.613778,15.1033325,11.632537,9.394578,13.536523,15.732702,12.785824,12.129876,17.136559,17.314428,14.74255,17.756104,20.840387,20.359293,20.385582,23.047638,25.367086,25.32289,23.078476,24.257626,27.96986,26.147762,24.720694,22.221312,18.25707,18.061167,22.608624,21.247187,14.386181,17.919907,16.477247,20.579119,18.833345,14.468383,14.282461,11.276633,9.277579,13.019151,10.351878,6.2661853,7.6196623,11.188259,12.201655,15.320943,15.378461,15.973155,18.477173,19.73774,20.704348,24.36643,21.073204,17.476156,13.900295,15.339797,10.208529,11.224146,8.0272,10.393906,9.487287,10.853879,12.762923,11.281591,7.5166802,11.519793,10.017543,14.770351,14.650465,11.616441,11.464414,15.567709,18.098372,16.857058,14.313784,15.670286,10.526287,14.544622,13.047034,17.084969
29,30.111507,28.215559,25.337812,24.019712,21.304514,20.572973,18.013878,21.69942,19.4777,23.947788,24.734905,28.64194,28.223372,27.104172,23.97086,20.41512,20.536997,16.160162,20.53549,15.694541,19.317654,21.139109,23.677355,17.199146,15.397284,13.557929,9.758851,5.9315286,4.9968567,0.0,7.4698806,7.981803,12.466351,14.593466,12.381158,11.606019,15.592858,17.378826,15.656959,15.711499,20.085848,20.434221,18.668097,21.787544,24.317896,24.216356,24.977451,27.295383,29.364079,28.955942,26.364248,28.322535,31.445911,29.171833,27.938828,25.270061,21.62023,20.786488,24.91072,23.803656,16.919674,19.311533,16.928722,20.909744,19.993698,15.8285475,14.0042515,10.5118885,10.952997,14.121519,9.960768,6.2530866,10.474544,12.906981,15.048992,17.798195,18.761202,19.857769,22.667105,24.18768,25.47191,29.232916,26.036945,22.396872,18.642029,20.080812,14.646491,14.72532,10.623408,11.269563,9.193362,10.799992,11.246179,7.82224,6.720022,10.519872,11.944562,15.541477,13.681794,10.792742,13.033827,16.899584,19.608707,19.443285,16.879637,19.542074,14.322416,18.595177,17.26714,21.079832
30,26.96542,24.628496,21.634127,19.405195,16.467562,14.771495,11.435224,14.989273,12.521385,16.718725,17.604202,21.472502,21.497292,20.532589,18.682886,14.7239,16.18636,12.271982,18.187508,15.086397,19.385899,21.682583,24.72027,18.96851,18.01806,16.102951,12.186296,9.830128,5.5262637,7.4698806,0.0,7.218559,7.4300933,10.121191,7.2414937,4.5233865,8.38367,11.203302,9.525744,8.847197,13.004738,14.793128,12.993843,15.136223,17.80341,19.13975,19.40833,20.914043,23.437864,22.519167,20.740942,23.35183,26.303753,24.030584,23.76083,22.160337,17.859459,18.466946,22.207361,19.391151,13.425689,16.981968,15.844442,19.220415,16.434431,12.053788,12.929825,9.634281,8.084907,13.740997,11.766354,7.8257155,9.517827,14.54451,14.090137,18.337631,18.22745,17.431562,20.811222,20.616465,21.76399,25.223078,21.49941,18.27435,14.487753,17.501019,12.20833,15.261531,12.850662,15.3402405,14.733364,16.220982,17.726383,15.1441,10.935997,14.487209,12.757491,17.508486,16.553308,12.338669,11.905001,16.961967,20.001076,18.681261,15.507355,16.939085,10.642668,13.797372,11.273741,14.633218
31,26.097033,24.85273,20.869835,20.42085,16.85398,15.628529,13.90884,19.16211,18.013186,21.465523,23.213198,26.907194,27.662886,26.799969,25.761679,21.57734,23.259638,19.185768,24.969446,21.137999,25.037132,27.40601,29.817503,23.69579,22.501638,20.86724,16.53056,13.389131,10.159731,7.981803,7.218559,0.0,7.2582173,7.21265,7.031629,8.733044,11.417913,12.191098,12.945665,14.036592,16.515259,17.878252,17.74309,20.27983,21.543804,23.253216,25.122046,26.015772,27.750269,26.267876,23.740993,27.710373,29.42111,26.371866,26.503845,24.773579,21.123932,20.768496,23.541212,21.0784,15.531056,16.98976,14.589116,17.354347,15.80916,12.150979,10.507092,6.7042193,9.555031,14.067439,10.88808,8.326322,12.7365465,16.568403,17.049397,21.043001,22.117533,21.791775,25.869858,25.890417,27.758488,31.450052,28.093739,24.715185,20.51033,23.615175,17.600073,19.685463,16.444523,17.462553,16.498405,18.72559,19.014,14.734403,13.650971,16.932169,17.805538,21.62115,18.895668,14.784696,16.802351,21.628595,24.84853,24.490646,21.302439,23.747967,17.456463,20.739758,18.201456,21.10033
32,20.59097,18.820486,15.01889,13.7030325,10.076547,8.510825,6.862429,12.392381,12.353925,15.308701,17.924322,21.51254,22.794825,22.709074,22.389633,18.921782,21.48101,18.386263,24.582012,22.222277,26.639803,28.837698,32.08533,26.365236,25.258783,22.984251,19.434027,16.437115,12.613778,12.466351,7.4300933,7.2582173,0.0,5.504682,7.5956597,7.081939,7.2171435,10.491088,12.229438,11.901275,13.306373,17.365456,16.972263,17.657864,19.338697,22.919933,23.444777,23.444319,26.069801,23.962603,22.903446,27.19979,28.979229,26.131958,27.299913,26.626104,22.415783,23.442001,26.045837,21.983896,17.635462,20.250793,19.04822,21.222904,17.931555,14.368155,15.338357,12.104404,12.766703,18.660076,16.731356,13.524298,16.124443,21.175488,20.388546,24.985209,25.045536,23.591585,27.4319,26.291529,27.489613,30.602743,26.578613,23.907814,20.332932,24.09354,19.032736,22.601124,20.14114,22.240856,21.234688,22.552673,23.325798,19.622992,15.7234125,18.335926,17.599466,21.44083,19.069174,14.324923,14.763089,19.891024,23.2877,22.609537,19.112537,21.421402,14.992138,17.145174,14.594093,16.382856
33,23.363811,22.3004,17.751446,17.348207,13.292641,10.993147,9.969119,15.846711,15.688312,17.684866,20.11331,23.322407,25.082195,24.5696,25.457138,21.218184,24.114033,20.838823,27.267233,24.729275,28.802807,31.429022,33.997757,28.4192,27.700344,26.062042,21.738981,19.165237,15.1033325,14.593466,10.121191,7.21265,5.504682,0.0,5.492709,8.203196,7.789503,7.838097,11.309173,12.615367,12.614701,15.677191,16.723581,17.911518,18.157146,21.864248,23.921946,23.393534,25.085875,22.631542,20.881483,26.241055,26.913097,23.537828,25.130547,24.671753,20.969027,21.690563,23.324915,19.18221,15.782121,17.166086,15.911977,17.19204,14.074025,11.384078,12.1466055,9.792416,11.649382,16.864393,15.597723,13.641405,16.261116,21.037485,19.8709,24.59584,25.12389,23.409687,27.95048,26.498112,28.4184,31.700174,28.183407,25.397322,21.40065,25.61339,20.041866,23.742973,21.49714,23.25942,22.925957,25.122282,25.835644,21.81541,19.455347,22.530178,22.105143,26.217892,23.778051,19.148167,19.88471,25.068972,28.425688,27.554226,24.105568,25.833633,19.364267,21.305676,18.01889,19.670784
34,27.75154,26.098125,22.061314,20.649517,16.88442,14.177737,11.496122,16.384262,14.619674,17.192198,18.448349,21.781898,22.88974,21.688656,22.260302,17.450155,20.036495,16.478855,22.83456,20.209,24.012241,26.872412,29.081951,23.792921,23.479433,22.353458,17.674433,15.951978,11.632537,12.381158,7.2414937,7.031629,7.5956597,5.492709,0.0,4.545759,6.217054,5.3075323,6.5626945,8.547637,9.916428,11.257519,11.917208,14.163595,14.705807,17.13053,19.5002,19.685917,21.138962,19.373295,16.971952,21.595127,22.84291,19.73257,20.51115,19.618694,15.778874,16.429867,18.611874,14.908053,10.527136,12.685407,11.801498,13.89265,10.497338,6.779115,8.588105,6.4518723,6.3902793,11.997685,11.50594,9.653134,11.120861,16.12004,14.481232,19.314743,19.701427,17.937899,22.545424,21.264532,23.394066,26.877327,23.681164,20.628078,16.394253,20.564762,14.832029,18.697964,16.940506,19.016872,19.401834,21.964485,23.25604,20.012615,17.628975,21.265373,19.99614,24.710081,23.268274,18.849014,18.792091,23.981148,27.101133,25.632006,22.38694,23.169737,16.90884,18.933903,15.271513,17.576689
35,27.00933,24.721945,21.389826,19.000809,15.741507,13.099924,9.452101,13.257505,10.754141,14.065816,14.980868,18.612753,19.23401,18.15858,17.988401,13.470111,16.014097,12.646554,19.107706,17.002037,21.132147,23.780188,26.56188,21.39994,21.032345,19.534927,15.410641,13.874702,9.394578,11.606019,4.5233865,8.733044,7.081939,8.203196,4.545759,0.0,4.3182373,6.9183736,5.7398424,5.4550586,8.649397,11.125859,10.100158,11.74725,13.7809725,16.17492,16.95415,17.59484,19.951944,18.544603,16.970215,20.479906,22.815598,20.337494,20.813286,19.956076,15.575215,16.8985,19.927523,16.096642,11.276431,14.959176,14.615763,17.260807,13.490728,9.416242,11.989604,9.545109,7.321686,13.472534,12.961537,9.986401,10.364648,15.927993,14.096866,18.929781,18.555574,16.639463,20.601696,19.265219,20.711805,24.006058,20.340929,17.422613,13.544203,17.62831,12.492027,16.853462,15.396642,18.173012,18.354256,20.23877,21.958378,19.399403,15.423409,18.906227,16.533508,21.44441,20.722776,16.324556,15.168797,20.331823,23.34742,21.534225,18.309162,18.757668,12.538884,14.389152,10.781936,13.332742
36,25.13626,22.86259,19.454296,16.882727,13.5823345,10.265201,6.658215,10.575793,8.913006,10.992787,12.612778,15.951071,17.408768,16.782793,18.094734,13.905108,17.337023,14.888169,21.394325,20.25285,24.384394,27.006594,29.93437,25.143114,24.911232,23.299324,19.47041,17.965723,13.536523,15.592858,8.38367,11.417913,7.2171435,7.789503,6.217054,4.3182373,0.0,5.355203,6.530152,5.87577,6.116804,11.017089,10.820374,10.751447,12.200215,16.445524,16.978796,16.401659,18.98216,16.783274,16.156767,20.549225,22.236834,19.650852,21.208977,21.294342,16.972898,19.02318,21.266129,16.337214,13.284017,16.731735,16.962236,18.7221,14.163631,10.949098,14.453682,12.529999,10.749344,16.688387,16.764372,14.147146,14.254172,19.857718,17.423424,22.403456,21.752518,19.100933,23.10952,20.818613,22.110855,24.95678,21.12876,18.833845,15.437186,20.033148,15.614309,20.570957,19.53062,22.432632,22.652115,24.383791,26.082699,23.381744,19.00637,22.151218,19.462957,24.199022,23.400225,18.805231,17.21914,22.37555,25.435936,23.500093,20.186975,20.383186,14.365521,15.078386,11.203397,12.39948
