,0,1,2,3,4,5,6,7,8,9,10,11,12,13,14,15,16,17,18,19,20,21,22,23,24,25,26,27,28,29,30,31,32,33,34,35,36,37,38,39,40,41,42,43,44,45,46,47,48,49,50,51,52,53,54,55,56,57,58,59,60,61,62,63,64,65,66,67,68,69,70,71,72,73,74,75,76,77,78,79,80,81,82,83,84,85,86,87,88,89,90,91,92,93,94,95,96,97,98,99,100,101,102,103,104,105,106,107,108,109
0,0.0,4.3093653,6.351731,9.4458,12.073987,14.234912,17.371593,21.773565,24.68344,27.215143,30.527035,32.833588,36.20621,37.141632,31.493073,30.48335,26.95306,26.481478,21.811838,21.34155,16.980564,15.028142,13.390364,19.55918,21.826006,24.18352,26.355928,30.221693,32.07536,36.160183,35.716938,41.749058,42.889076,44.606495,39.7672,36.746193,39.330566,40.438526,35.23788,33.76111,37.758644,34.644287,30.897411,32.577053,35.82853,30.377836,27.427128,32.107754,33.016167,36.703526,35.579422,29.333471,35.038647,37.129066,32.800022,30.435745,29.740808,29.94513,33.991253,36.131626,32.845093,36.220303,37.36176,40.740856,39.687065,37.37226,39.0543,38.899826,34.219547,33.207123,34.977493,34.474655,29.830652,28.80411,27.572348,25.081936,22.891724,24.746826,19.737566,23.217026,20.793123,20.524868,21.852022,21.88531,24.481142,19.506248,23.93322,21.512617,24.682741,26.02344,28.062458,30.788673,31.765284,30.82764,31.679653,31.40457,32.584366,29.010168,32.98399,33.94791,31.743681,31.98453,31.521704,34.51774,34.2752,38.688934,35.596058,40.264538,39.74306,43.85867
1,4.3093653,0.0,5.3644824,6.1916556,8.832014,12.107178,14.199832,19.27977,21.916784,24.66791,28.020212,30.34212,33.53875,34.24568,28.452831,27.176262,23.578762,22.800797,18.168158,17.293152,12.863054,10.800195,9.22755,15.295353,17.51872,19.927896,22.165827,25.998524,27.989632,31.971714,31.829435,37.753635,39.10469,40.943935,36.131958,33.094532,35.884884,37.157402,31.967016,30.457766,34.754475,31.83275,27.943907,29.86842,33.33987,28.111368,25.241423,30.070858,31.267656,34.693558,33.364716,27.656734,33.49155,35.179726,30.937786,28.312527,27.191452,27.253166,31.660666,33.607838,29.726337,33.210514,34.08973,37.688988,36.63486,34.054348,35.520885,35.14745,30.587753,29.775064,31.213715,30.516653,26.05976,25.088123,24.111752,21.829794,19.76545,21.876507,17.207687,21.062475,18.901058,19.389864,19.983013,19.436052,21.537727,16.566202,20.27934,17.795853,20.687967,22.10906,23.985497,26.587526,27.469002,26.530409,27.416222,27.253685,28.553877,25.130459,29.262432,30.231062,28.059267,28.720293,28.57212,31.405022,30.86668,35.38712,31.937984,36.636543,36.017128,40.059696
2,6.351731,5.3644824,0.0,5.3425107,6.6848536,8.332054,11.583713,15.522739,18.708162,20.953255,24.356106,26.54333,30.001518,30.95223,25.38726,24.713848,21.172771,21.268562,16.44217,17.097597,13.322346,11.692443,12.160711,16.96367,18.973759,20.613987,22.56263,26.267233,27.769659,32.009277,30.917307,37.370678,37.75941,39.66441,35.056652,31.735382,33.977978,35.40658,30.274023,28.439226,32.28786,29.786825,25.809278,26.95692,30.492533,25.650415,21.852777,26.489864,27.927977,31.430487,30.816399,24.74115,30.758219,32.790974,28.98616,27.076492,25.685688,26.590502,30.806181,31.97646,28.727293,32.649925,34.01216,37.380913,35.622566,33.137943,35.406754,35.03823,30.100924,29.965881,31.8395,30.885803,26.108528,26.200138,24.288752,22.824518,20.05861,20.965252,16.197748,18.782194,15.825149,15.490966,16.02541,16.342556,19.378983,14.599906,19.577566,18.443197,21.706081,23.91413,26.013466,28.447016,28.937473,27.449963,28.243269,27.233334,28.724413,24.90926,29.023561,29.179874,26.682451,26.661568,25.980585,28.75354,28.70087,32.7966,30.057043,34.650696,34.303432,38.50532
3,9.4458,6.1916556,5.3425107,0.0,3.8860714,6.5824394,8.631222,13.706767,15.888079,19.006123,22.114777,24.667551,27.6712,28.556036,22.951408,21.282711,17.95482,17.118607,13.042417,12.35804,8.390308,7.5906706,7.8854327,12.113051,14.432059,16.431976,17.718071,21.683447,23.035393,27.386492,26.378258,32.56307,33.490704,35.18639,30.410192,27.30897,29.909573,31.143011,25.956326,24.390398,28.586628,25.790989,21.822208,23.680677,27.200016,22.204687,19.198292,24.068945,25.448975,28.706161,27.450033,22.039806,28.014158,29.515291,25.579592,23.172153,21.549843,22.05626,26.595997,27.914423,24.063997,27.891455,28.996548,32.533066,31.010506,28.38992,30.325315,29.949213,25.128918,24.820251,26.556608,25.701487,20.941854,20.865967,19.11978,17.675037,15.034591,16.377005,11.918049,15.345903,13.163264,14.231521,14.240527,13.327512,15.391177,10.444782,14.655254,13.122536,16.40874,18.62604,20.846169,23.4087,24.174234,22.886118,24.154297,23.409056,25.545815,22.148558,26.697687,26.609898,24.012754,24.920725,24.780851,26.991137,26.374193,30.304768,26.76004,31.381819,30.541586,34.672966
4,12.073987,8.832014,6.6848536,3.8860714,0.0,5.38104,5.398296,10.715331,13.421678,15.987228,19.461384,21.651459,24.814283,25.4169,19.634209,18.58615,14.899019,14.763765,9.856211,10.690389,7.5645366,6.488255,9.302707,11.773808,13.395165,14.50384,16.245005,19.790878,21.234608,25.437857,24.39597,30.911386,31.262558,33.413445,28.94183,25.453505,27.859606,29.672808,24.595272,22.53892,26.800575,24.885895,20.604317,21.906279,25.89783,21.757229,17.81117,22.592197,24.680937,27.623686,26.88703,21.89698,28.054623,29.403688,26.023354,23.969406,21.651718,22.652939,27.357952,27.802097,23.714977,28.003769,29.07285,32.702488,30.653002,27.720758,29.93937,29.162786,24.300665,24.920408,26.353527,24.90249,20.370865,21.209852,19.315998,18.826145,16.056913,16.732456,12.992497,15.489083,12.92945,13.996605,12.713289,11.989195,14.260897,9.777571,13.702576,13.491672,16.252596,19.063564,20.914042,22.944506,23.037046,21.248825,22.11024,20.82515,22.780863,19.12546,23.579788,23.217268,20.561548,21.16472,20.920956,23.220615,22.741737,26.811655,23.600092,28.23773,27.77144,31.932354
5,14.234912,12.107178,8.332054,6.5824394,5.38104,0.0,5.746227,8.167111,10.669221,13.452102,16.38849,19.007006,22.18734,23.529474,18.414232,17.212751,14.311842,14.618022,11.169128,12.633577,10.650898,11.0837,13.364454,15.215193,17.012178,17.846321,18.221888,21.808823,22.197088,26.828806,24.323315,31.045786,30.6831,32.31105,27.856691,24.48742,26.275274,27.606081,22.57773,20.63756,24.135084,21.911638,17.879416,18.667755,22.252838,17.906618,13.591407,18.27781,20.063143,23.320824,22.970793,17.334787,23.544071,25.334267,22.150787,20.802164,18.659996,20.421957,24.590359,24.657944,21.734562,26.101152,27.843668,30.9728,28.479635,26.042032,29.073256,28.74525,23.531754,24.217253,26.526625,25.396036,20.371902,21.8728,18.846006,18.803295,15.403114,14.672345,10.749617,11.650029,8.316038,8.688805,7.9416466,8.096824,11.611778,7.4506807,13.445472,14.29063,17.750051,20.858452,23.266153,25.498386,25.814537,23.92202,25.200577,23.37748,25.993357,22.411205,26.89373,25.479717,22.41762,22.698353,21.991512,23.660568,23.552727,26.530544,23.800629,28.153013,27.48372,31.773705
6,17.371593,14.199832,11.583713,8.631222,5.398296,5.746227,0.0,6.068422,8.382684,10.918045,14.371411,16.52187,19.531622,20.070488,14.341122,13.277794,9.612084,10.086462,5.482466,8.295371,7.7195697,8.302352,12.445576,12.053349,12.956812,12.867293,13.707938,16.782753,17.560333,21.860725,19.990242,26.841639,26.442438,28.751772,24.57603,20.808634,22.884422,25.069145,20.16309,17.70424,21.907444,20.829088,16.341146,17.13354,21.494694,18.39256,13.799336,18.383158,21.144829,23.57307,23.233791,19.12852,25.248718,26.22858,23.600845,22.017466,18.884083,20.524652,25.234388,24.559603,20.408638,25.147875,26.311987,29.859556,27.148876,24.019545,26.744009,25.707706,20.75198,22.448992,23.840574,21.911366,17.519005,19.723108,17.248108,18.160002,15.1968975,14.655028,12.306345,13.327305,10.906876,12.563786,9.525684,8.411905,10.434614,7.297012,10.634454,12.579521,14.865092,18.418018,20.144241,21.674658,21.265593,18.97207,19.889738,17.774193,20.355486,16.829355,21.366362,19.814892,16.771662,17.488245,17.252537,18.81769,18.301447,21.791155,18.671665,23.209703,22.757736,26.991861
7,21.773565,19.27977,15.522739,13.706767,10.715331,8.167111,6.068422,0.0,4.599164,5.442034,9.079343,11.088882,14.504005,15.560584,10.54352,10.686721,7.9683843,10.531704,8.093734,12.48445,13.332936,14.31522,18.417328,17.436888,17.98356,17.049034,16.999798,19.29152,19.004705,23.226019,19.829205,26.958496,25.016838,27.275616,23.688116,19.718424,20.642633,23.033401,18.597227,15.662478,18.782581,18.796726,14.477623,13.51799,18.00577,16.301207,10.099843,13.941564,17.479109,19.595755,20.51602,16.709606,22.64757,23.819822,22.260813,21.873339,18.38909,21.164072,25.209425,23.200745,20.24458,25.276611,27.001616,30.000177,26.367178,23.536324,27.283466,26.31117,21.24862,23.888113,25.726706,23.635813,19.36473,22.78912,19.4208,21.357573,18.092388,15.874115,14.463343,12.960616,10.094305,10.813653,6.194212,6.8144183,9.871415,9.150414,12.876409,16.492651,18.68974,22.54872,24.345055,25.556883,24.808931,22.144695,22.953926,19.920174,22.69578,19.25404,23.275137,20.38805,17.044554,16.795284,15.787153,16.538126,16.800411,18.89451,17.126259,21.118536,21.017435,25.311516
8,24.68344,21.916784,18.708162,15.888079,13.421678,10.669221,8.382684,4.599164,0.0,4.772992,6.465994,9.544321,11.934192,13.406392,9.169781,7.244558,6.2163415,7.9252405,8.731038,11.827273,13.809414,15.789159,19.508844,17.400705,17.907904,16.913813,15.402495,17.538946,16.272753,20.68746,16.299116,23.294195,21.28783,23.068417,19.405396,15.618694,16.423365,18.491808,14.057173,11.214777,14.324632,14.308229,9.974871,9.142506,13.757738,12.5278635,6.84202,10.645225,14.289838,15.932275,16.49693,13.828837,19.419123,20.030724,18.862473,18.600317,14.679882,17.689213,21.579739,19.015703,16.075495,21.170046,22.977251,25.800514,21.933174,19.144451,23.170609,22.320095,17.251831,20.240316,22.272789,20.297682,16.091879,20.138111,16.378307,19.093801,15.967094,12.981026,13.042418,10.672324,9.09365,11.023792,6.2524185,5.077959,6.38742,8.015257,10.3539715,14.925814,16.849218,20.762758,22.667793,23.81606,23.279533,20.758562,22.136627,19.111862,22.74345,19.983593,24.148941,20.638323,17.191664,17.888092,17.399548,16.984478,16.69946,17.669174,15.213301,18.903214,18.037909,22.316973
9,27.215143,24.66791,20.953255,19.006123,15.987228,13.452102,10.918045,5.442034,4.772992,0.0,4.288417,5.6768847,9.145836,10.310517,6.289676,7.729503,6.841089,10.631861,10.583644,15.193624,17.314348,18.683426,22.998693,20.849663,20.869455,19.165792,18.390732,19.69026,18.579683,22.333431,17.984728,24.992247,21.759655,24.165565,21.386192,17.296934,17.214977,20.128546,16.504059,13.104585,15.311827,17.081516,13.160617,10.599586,15.290662,15.843178,9.387656,11.567233,16.067343,17.09393,18.957323,16.820229,21.98945,22.681705,22.370457,22.734335,18.756512,22.057531,25.62304,22.295614,19.836823,24.944042,26.728695,29.36467,25.035683,22.240599,26.482962,25.281086,20.566065,24.276678,25.954401,23.516283,19.936022,24.359804,20.79555,23.749619,20.705687,17.66563,17.713043,14.982763,12.960472,13.745008,8.760058,9.33051,11.019167,12.600526,14.635059,19.359589,20.863214,24.854187,26.376581,27.044012,25.860107,22.946875,23.635046,19.99579,22.990955,20.063866,23.550972,19.514563,16.138279,15.661533,14.52868,13.866201,14.419023,14.861699,14.122738,17.375385,17.535852,21.69178
10,30.527035,28.020212,24.356106,22.114777,19.461384,16.38849,14.371411,9.079343,6.465994,4.288417,0.0,3.8827076,5.960465,8.437159,7.127717,7.3769126,8.895449,11.870603,13.792253,17.497702,20.055353,21.929996,25.902061,23.338003,23.410013,21.732685,19.970499,21.020657,19.016987,22.6858,17.253393,23.831018,19.954428,21.75035,19.343777,15.631201,14.65799,17.180948,14.175803,10.971131,11.870566,14.344593,11.157379,7.3481092,11.695741,13.739021,7.8707814,8.363888,13.20889,13.462848,15.8883705,14.999208,19.36002,19.73548,20.30815,21.326916,17.286087,20.980955,23.898369,19.747507,18.212538,23.123404,25.179201,27.304205,22.557508,20.164036,24.897377,23.94017,19.432983,23.42792,25.410501,23.198853,19.85571,24.707798,20.77858,24.238989,21.306948,17.55738,18.575293,14.8657255,13.668977,14.596279,10.070472,10.408929,11.156819,14.159641,15.591584,20.699268,22.096891,25.998821,27.642427,28.271503,27.268435,24.504787,25.559063,21.912642,25.393288,22.985357,26.373186,21.820057,18.50544,18.410954,17.460976,15.784387,16.201214,14.959826,14.470209,16.854319,16.506596,20.440748
11,32.833588,30.34212,26.54333,24.667551,21.651459,19.007006,16.52187,11.088882,9.544321,5.6768847,3.8827076,0.0,4.16527,5.8271017,5.9233675,8.849879,10.16972,13.957713,15.337523,19.762445,22.484339,24.007454,28.388676,25.629633,25.317137,23.146019,21.906729,22.326,20.547766,23.594778,18.517994,24.918007,20.231638,22.649029,21.030481,17.157986,15.692066,18.978994,16.687275,13.226728,13.707449,17.442354,14.511373,10.429505,14.451953,17.439507,11.679989,11.459636,16.385387,16.091763,19.080051,18.663456,22.682478,22.957548,23.964012,25.115458,21.006516,24.647026,27.531742,23.058645,21.459026,26.330242,28.176054,30.287638,25.376593,22.857187,27.47395,26.147078,22.02349,26.499775,28.037886,25.425678,22.625193,27.665668,24.032608,27.63581,24.815536,21.251278,22.232433,18.710543,17.288126,17.86303,13.245581,13.941638,14.779284,17.526457,18.590128,23.782694,24.801514,28.752943,30.04906,30.274889,28.767195,25.752321,26.278328,22.276949,25.23293,22.865091,25.63958,20.752087,17.65954,16.813368,15.543759,13.431102,14.440143,12.49789,13.604557,15.405719,16.00326,19.662325
12,36.20621,33.53875,30.001518,27.6712,24.814283,22.18734,19.531622,14.504005,11.934192,9.145836,5.960465,4.16527,0.0,3.8294122,7.528132,9.081575,11.917003,14.927756,17.738363,21.443684,24.673235,26.568316,30.780327,27.390425,26.94024,24.65381,22.68694,22.632273,20.195492,22.83499,17.142336,22.849997,17.480663,19.584654,18.673916,15.1988125,12.851418,16.177576,14.904607,11.695058,10.990503,15.981244,13.889741,9.466477,12.761742,17.28035,12.8635645,11.464411,16.183367,14.814491,17.886715,19.107738,22.200762,21.827265,23.60667,25.016596,20.80772,24.432442,26.877108,21.74579,20.50249,25.053938,26.816856,28.568321,23.406206,21.071245,25.784548,24.435259,20.848356,25.737324,27.147938,24.559208,22.37259,27.74917,24.152035,28.230474,25.719587,21.910809,23.795418,20.013767,19.375591,20.383606,16.010302,16.12024,15.919075,19.531301,19.54429,24.97302,25.578716,29.389196,30.56307,30.546642,29.037825,26.15279,26.886747,22.9265,26.237286,24.496302,27.09975,21.81579,18.915863,18.697922,17.90031,14.876776,15.424316,11.915263,13.082603,13.78855,13.944727,17.175816
13,37.141632,34.24568,30.95223,28.556036,25.4169,23.529474,20.070488,15.560584,13.406392,10.310517,8.437159,5.8271017,3.8294122,0.0,6.1786814,9.090284,11.537041,14.824851,17.382797,21.350655,24.86432,26.53002,31.046722,27.208872,26.3211,23.582073,22.043932,21.326532,19.226206,21.191034,16.255375,21.81822,16.155922,19.216045,18.80268,15.045217,12.936997,17.228924,16.192507,12.708402,12.840269,18.301992,15.940889,12.194393,15.811187,20.185543,15.793332,15.03018,19.757084,18.363062,21.000416,22.359808,25.64596,25.023964,26.617311,27.601429,23.175367,26.452868,29.275944,24.263092,22.139267,26.730085,28.01316,30.076921,25.06555,22.275358,26.483282,24.601646,21.412834,26.706772,27.430752,24.35652,22.78604,28.229673,25.156422,29.339794,27.063995,23.70714,25.626572,22.448448,21.747864,22.986996,18.28754,18.12029,17.668108,21.009459,20.239449,25.676409,25.73117,29.529222,30.251837,29.775589,27.76727,24.703243,24.967768,20.81407,23.728148,22.250683,24.35646,18.855108,16.23773,15.951465,15.402085,11.810683,12.2925625,8.152089,10.257197,10.534872,11.602398,14.672251
14,31.493073,28.452831,25.38726,22.951408,19.634209,18.414232,14.341122,10.54352,9.169781,6.289676,7.127717,5.9233675,7.528132,6.1786814,0.0,5.825893,6.0072327,10.197563,11.405958,15.973546,19.223482,20.585428,25.300938,21.731184,20.854288,18.16868,17.41054,17.23515,16.058926,18.688284,14.800308,21.461609,17.445238,20.890375,19.101042,14.713085,14.39835,18.65424,15.98385,12.135326,14.560616,18.268991,14.650224,12.142503,16.905407,19.135904,13.953898,15.18139,19.908545,19.73658,21.449646,21.212246,25.70813,25.484028,25.795275,25.933054,21.465967,24.37186,28.061447,24.120964,20.78243,25.791624,26.884724,29.676882,25.21626,21.892015,25.6528,23.657839,19.797596,24.60198,25.203445,21.991812,19.771421,24.757652,21.945604,25.605549,23.198414,20.516777,21.635948,19.424004,18.226618,19.70208,14.700444,14.241845,14.189667,16.48885,15.981574,21.11802,21.324749,25.25734,25.982323,25.724688,23.716154,20.508953,20.643612,16.512114,19.340065,17.166557,19.92407,14.993836,11.84479,11.7549095,11.325933,9.014978,9.087682,8.668984,8.353649,11.285422,12.213771,16.180304
15,30.48335,27.176262,24.713848,21.282711,18.58615,17.212751,13.277794,10.686721,7.244558,7.729503,7.3769126,8.849879,9.081575,9.090284,5.825893,0.0,4.439606,5.9516673,10.224456,12.764454,16.52261,18.765535,22.783434,18.65558,18.108244,15.992684,13.619107,13.96986,11.792852,15.314193,10.3150625,17.269728,14.384236,16.96271,14.150175,9.81384,10.427053,14.016068,10.584123,6.8164744,10.606956,13.259174,9.452388,8.4214735,13.227903,14.79556,11.216567,12.979909,17.032701,16.883175,17.299225,17.703407,22.024517,21.291098,21.252764,20.928436,16.320448,18.912428,22.707952,19.007212,15.063302,20.063154,21.081404,23.98005,19.736652,16.266901,19.99148,18.227863,14.07265,18.809954,19.640013,16.740488,14.246631,19.441631,16.44334,20.44293,18.277065,15.488151,17.548298,15.521646,15.410884,17.923336,13.348791,11.506253,9.769202,13.057077,11.185124,16.621788,16.720928,20.566269,21.579649,21.627516,20.300173,17.527742,18.746452,15.258964,19.366161,17.749409,21.363699,16.847916,13.6195135,15.4117155,15.835908,13.761946,12.562071,12.216146,8.81997,12.075541,10.8064375,15.0748625
16,26.95306,23.578762,21.172771,17.95482,14.899019,14.311842,9.612084,7.9683843,6.2163415,6.841089,8.895449,10.16972,11.917003,11.537041,6.0072327,4.439606,0.0,4.693555,6.074553,10.007973,13.3704605,15.080028,19.555344,15.843813,15.226977,13.029733,12.028979,12.8888855,12.144549,15.815157,12.569043,19.717194,17.710901,20.718754,17.58233,13.20827,14.59171,18.09281,14.151737,10.679665,14.877595,16.510092,12.17164,11.744257,16.720833,16.84907,12.371404,15.283827,19.288107,19.954449,20.257463,19.185362,24.294044,24.0803,23.222889,22.402658,18.022812,20.284197,24.632637,21.833986,17.38236,22.47039,23.329134,26.657852,22.910902,19.285868,22.479258,20.6245,16.253263,20.307878,20.92376,17.914162,14.990714,19.46393,16.869133,20.11814,17.771446,15.792499,16.646633,15.60553,14.668468,16.99413,12.26977,10.581704,9.914902,11.467132,10.378876,15.259974,15.5781765,19.556765,20.478918,20.655151,19.14136,16.151274,16.91126,13.397854,16.961676,14.5754175,18.51367,14.660177,11.2382555,12.775953,13.144378,12.304143,11.178852,13.019161,9.596189,13.853235,13.420183,17.707125
17,26.481478,22.800797,21.268562,17.118607,14.763765,14.618022,10.086462,10.531704,7.9252405,10.631861,11.870603,13.957713,14.927756,14.824851,10.197563,5.9516673,4.693555,0.0,6.442979,6.9491596,11.049068,13.578531,17.286524,12.756521,12.321163,10.713923,8.10153,9.695239,8.517586,13.002695,9.927897,16.905499,16.50366,18.903837,14.952345,10.9883175,13.608152,16.339775,11.901342,9.244455,14.3884115,14.664199,10.381249,11.922738,16.37761,15.494215,12.8645525,16.185247,19.346634,20.094313,19.130579,18.45425,23.353388,22.704512,21.285208,19.69894,15.360236,16.841774,21.529125,19.431744,13.981917,18.87689,19.346699,23.009266,19.862333,16.00957,18.572983,16.783249,12.296907,15.97086,16.424046,13.575897,10.395201,14.79872,12.474013,15.872993,13.955111,12.54005,14.134343,14.048497,14.158484,17.388823,13.410777,10.492835,8.077554,9.792499,6.270235,11.27906,11.146707,15.090752,16.122948,16.524187,15.591335,13.047591,14.788603,12.16393,16.632278,14.926699,19.360592,16.148504,13.029195,15.893324,16.91829,16.09405,14.220692,16.069592,11.108834,15.287407,13.608317,17.723537
18,21.811838,18.168158,16.44217,13.042417,9.856211,11.169128,5.482466,8.093734,8.731038,10.583644,13.792253,15.337523,17.738363,17.382797,11.405958,10.224456,6.074553,6.442979,0.0,6.032524,8.210794,9.204576,14.048813,11.028333,10.611844,9.035706,9.987338,12.089478,13.150245,16.971113,15.773659,22.594763,22.177973,25.130241,21.359316,17.313778,19.66619,22.644587,18.118261,15.295442,20.034367,20.136703,15.584967,16.410065,21.159761,19.399237,15.195444,19.224524,22.57739,24.120949,23.715687,21.238306,26.943983,27.133884,25.111649,23.417093,19.593288,21.034916,25.953722,24.590946,19.495659,24.3451,24.90704,28.713385,25.856796,22.164911,24.495186,22.753866,18.293116,21.041533,21.441994,18.704897,15.304122,18.283972,16.47059,18.398502,16.105236,15.642659,14.993245,15.860231,14.43519,16.778873,12.844509,10.968275,11.054914,9.864622,9.4889555,12.55441,13.193108,16.983215,17.88424,18.504457,17.255611,14.493927,15.078174,12.492541,15.361255,12.187171,16.81649,14.806947,11.730796,13.4266,14.008439,15.00828,13.767712,17.609537,13.80158,18.479746,18.129524,22.230072
19,21.34155,17.293152,17.097597,12.35804,10.690389,12.633577,8.295371,12.48445,11.827273,15.193624,17.497702,19.762445,21.443684,21.350655,15.973546,12.764454,10.007973,6.9491596,6.032524,0.0,4.572199,7.317852,10.566174,5.9474306,6.2074833,6.480839,5.661982,9.505582,10.767447,15.034223,14.678689,20.638348,22.094374,24.287685,19.814468,16.576176,19.932709,21.950905,17.178423,15.440358,20.664116,19.288279,15.132998,17.71339,21.772257,18.85728,16.748415,21.04075,23.425259,25.076782,23.338602,21.181759,26.539024,26.314766,23.553442,20.872484,17.458729,17.688913,22.928982,22.743036,16.790672,21.026508,21.056313,25.199266,23.34595,19.64184,20.92326,19.43048,15.178726,16.700592,16.844551,14.657091,11.009309,12.77266,11.820876,13.14208,11.55292,12.571277,12.359118,14.901517,14.742475,18.026028,15.20907,12.157879,10.604594,8.951476,5.897045,7.1662517,7.3308244,10.999633,12.145581,13.411524,13.243124,11.393185,13.300467,12.343697,16.043968,13.956344,18.926657,17.760893,15.166401,18.17649,19.396704,20.038765,18.099087,21.618307,16.511549,21.001602,19.530504,23.337471
20,16.980564,12.863054,13.322346,8.390308,7.5645366,10.650898,7.7195697,13.332936,13.809414,17.314348,20.055353,22.484339,24.673235,24.86432,19.223482,16.52261,13.3704605,11.049068,8.210794,4.572199,0.0,3.5972066,6.2738104,4.5908976,6.587466,8.628068,9.422212,13.447206,15.133475,19.245237,19.1685,24.938122,26.619844,28.59864,23.918688,20.871408,24.144514,25.783117,20.79371,19.263418,24.260372,22.111626,18.01043,20.632008,24.499763,20.531994,18.33014,23.032303,24.984175,27.269924,25.44237,22.086489,27.727411,28.040401,24.607634,21.674858,18.995445,18.953627,24.151829,24.892052,19.418257,23.350115,23.584295,27.654875,26.2361,22.89774,24.067575,23.02105,18.688662,19.069752,19.6563,18.155376,14.117788,14.4167185,13.630017,13.320269,11.525854,13.46541,11.489728,15.159901,14.474143,17.324741,15.468444,12.852872,12.461214,8.954624,8.654672,7.353908,9.020508,11.796178,13.385312,15.421332,15.883576,14.568208,16.215572,15.833453,18.691652,16.12297,21.032051,20.755953,18.313303,20.702278,21.579586,22.994804,21.421494,25.392746,20.694885,25.289347,24.024563,27.875965
21,15.028142,10.800195,11.692443,7.5906706,6.488255,11.0837,8.302352,14.31522,15.789159,18.683426,21.929996,24.007454,26.568316,26.53002,20.585428,18.765535,15.080028,13.578531,9.204576,7.317852,3.5972066,0.0,5.3004556,5.954071,7.334783,9.205912,11.787631,15.304385,17.669605,21.337229,21.899488,27.710953,29.234732,31.60026,27.10533,23.852983,27.034292,29.022415,24.079859,22.272423,27.254728,25.446878,21.218098,23.422316,27.507765,23.639578,20.792782,25.538431,27.702204,30.117064,28.621622,24.861805,30.697971,31.253664,27.796873,24.964293,22.391533,22.442455,27.596336,28.360065,22.98617,26.946466,27.13852,31.23734,29.806398,26.41641,27.531364,26.32101,22.116001,22.587183,22.9248,21.243898,17.536993,17.620821,17.17791,16.54319,14.846416,16.8712,14.314354,17.954096,16.658056,18.910572,17.103046,15.1069975,15.476741,11.629184,12.135584,10.772084,12.110937,14.451595,15.556208,17.307169,17.365175,15.956603,16.847603,16.564484,18.453064,15.455591,20.110413,20.613663,18.449936,20.34657,21.105951,23.202288,21.845997,26.463907,22.175657,26.868982,26.103775,29.930964
22,13.390364,9.22755,12.160711,7.8854327,9.302707,13.364454,12.445576,18.417328,19.508844,22.998693,25.902061,28.388676,30.780327,31.046722,25.300938,22.783434,19.555344,17.286524,14.048813,10.566174,6.2738104,5.3004556,0.0,6.5803585,9.186024,12.500101,14.167176,18.095781,20.32372,24.006777,24.799885,29.946226,32.390244,34.15295,29.299244,26.640787,30.1126,31.357061,26.341595,25.202383,30.1238,27.252968,23.456156,26.380493,29.905413,25.084625,23.406324,28.254883,29.631649,32.343468,30.146927,26.09572,31.629421,32.235126,28.119488,24.723732,23.007038,22.22068,27.194038,29.14387,23.908092,27.13155,27.17824,31.21566,30.640978,27.622488,28.121279,27.412169,23.454367,22.554766,23.079607,22.28516,18.491982,16.954185,17.150923,15.014461,13.925541,17.158585,14.1033535,18.89123,18.161972,20.50191,19.863808,17.660889,17.733595,13.49661,14.042311,10.538877,12.302311,13.327818,14.83741,17.423674,18.627542,18.187035,19.65774,20.313908,22.320742,19.85893,24.41736,25.356543,23.354805,25.554047,26.399477,28.414982,26.917053,31.348225,26.675663,31.284275,30.040024,33.7483
23,19.55918,15.295353,16.96367,12.113051,11.773808,15.215193,12.053349,17.436888,17.400705,20.849663,23.338003,25.629633,27.390425,27.208872,21.731184,18.65558,15.843813,12.756521,11.028333,5.9474306,4.5908976,5.954071,6.5803585,0.0,3.1963205,6.8406734,7.788767,11.623235,14.044862,17.480978,18.873219,23.698383,26.47453,28.463314,23.83949,21.213345,24.997458,26.590868,21.898914,20.742907,26.001366,23.86614,20.09057,23.244019,26.935183,23.177814,21.84672,26.34657,28.18474,30.136885,27.806522,25.262465,30.49928,30.321373,26.85441,23.446552,20.860826,20.004599,25.262178,26.379517,20.216743,23.590021,23.071922,27.401844,26.643925,23.11932,23.226873,21.92119,18.379833,18.371038,17.948555,16.445684,13.41281,12.614188,13.46907,12.83447,12.335845,15.298098,14.264058,18.38881,18.405493,21.570946,19.721478,16.769825,15.420854,12.687573,10.11464,7.5367055,7.1238837,8.874016,9.6155405,11.54845,12.319932,11.72704,13.642264,14.473988,17.250196,15.570398,20.320915,20.74841,18.836195,22.02273,23.490995,24.734077,22.643293,26.798525,21.490837,25.911692,24.387115,27.836494
24,21.826006,17.51872,18.973759,14.432059,13.395165,17.012178,12.956812,17.98356,17.907904,20.869455,23.410013,25.317137,26.94024,26.3211,20.854288,18.108244,15.226977,12.321163,10.611844,6.2074833,6.587466,7.334783,9.186024,3.1963205,0.0,3.975374,6.396248,9.373522,12.554311,15.372969,17.661224,22.342789,25.08375,27.549719,23.2874,20.488508,24.319246,26.429054,22.020815,20.599682,25.982935,24.615038,20.77445,23.65713,27.590673,24.575932,22.932295,27.220005,29.470697,31.07614,28.973457,26.969566,32.16426,31.752552,28.683197,25.439707,22.46037,21.765509,27.043762,27.617315,21.14906,24.647953,23.844152,28.268166,27.310724,23.490429,23.429993,21.619173,18.459713,19.22653,18.093756,15.927956,13.759189,13.603245,14.82487,14.970381,14.670043,17.221603,16.763332,20.376942,20.331076,23.495066,21.063362,18.155678,16.613691,14.50057,11.096004,9.719851,8.063987,9.910037,9.541735,10.344508,10.08456,9.094918,10.565659,11.584896,14.156781,12.789715,17.435692,18.081202,16.468174,19.976309,21.77435,22.945133,20.624714,25.031181,19.645964,23.997406,22.700949,25.96017
25,24.18352,19.927896,20.613987,16.431976,14.50384,17.846321,12.867293,17.049034,16.913813,19.165792,21.732685,23.146019,24.65381,23.582073,18.16868,15.992684,13.029733,10.713923,9.035706,6.480839,8.628068,9.205912,12.500101,6.8406734,3.975374,0.0,5.603175,7.0059557,10.712085,13.034054,15.645766,20.622343,22.677725,25.771727,22.00915,18.79595,22.411963,25.227646,21.133276,19.219734,24.59464,24.284464,20.308151,22.59284,26.85027,24.823109,22.561937,26.524609,29.331001,30.540697,28.935534,27.450678,32.64166,32.076275,29.595295,26.776884,23.270218,23.100151,28.334606,28.015186,21.49939,25.36836,24.558542,28.941164,27.405298,23.315155,23.568657,21.251703,18.230076,20.195385,18.722658,15.746291,14.198298,15.399509,16.238625,17.453285,16.901434,18.567259,18.629528,21.358906,21.107605,24.170313,21.000288,18.273739,16.707935,15.380533,11.601279,12.037355,10.011098,12.468299,11.627766,11.24765,9.450232,7.185263,7.722463,7.833015,10.525842,9.15093,13.893572,14.148462,12.603237,16.38019,18.443682,19.407438,16.919312,21.500538,16.210407,20.54261,19.652206,22.851564
26,26.355928,22.165827,22.56263,17.718071,16.245005,18.221888,13.707938,16.999798,15.402495,18.390732,19.970499,21.906729,22.68694,22.043932,17.41054,13.619107,12.028979,8.10153,9.987338,5.661982,9.422212,11.787631,14.167176,7.788767,6.396248,5.603175,0.0,4.4660277,6.285516,9.956743,11.333163,16.170332,18.847256,21.154516,16.96447,14.224668,18.212013,20.358547,16.304337,15.030535,20.431364,19.618164,16.089619,19.10892,22.833279,20.881447,19.90672,23.543964,25.91265,26.799747,24.616123,24.060055,28.676159,27.633202,25.32197,22.416504,18.814714,18.37706,23.481934,23.068968,16.297714,19.958185,19.0142,23.390928,21.950825,17.8585,17.976788,15.783274,12.694837,14.757297,13.323397,10.369479,8.688651,10.652034,11.331047,13.509219,13.296942,14.624988,16.068796,18.430275,19.163845,22.79717,19.780704,16.430641,13.60047,13.519812,7.7976093,8.99133,6.03534,9.076185,8.787887,8.748723,8.054115,6.31621,9.247407,9.208064,13.734617,13.2690525,17.849012,16.65995,14.664934,18.869825,20.861933,20.716883,18.028904,21.154587,15.16682,19.144466,17.114296,20.30805
27,30.221693,25.998524,26.267233,21.683447,19.790878,21.808823,16.782753,19.29152,17.538946,19.69026,21.020657,22.326,22.632273,21.326532,17.23515,13.96986,12.8888855,9.695239,12.089478,9.505582,13.447206,15.304385,18.095781,11.623235,9.373522,7.0059557,4.4660277,0.0,4.4860864,6.112628,9.6267395,13.730775,16.407646,19.459082,16.142954,13.386673,17.293715,20.17021,16.97388,15.491136,20.701555,21.143654,17.900927,20.387861,24.156643,23.420208,22.296385,25.376593,28.149408,28.439003,26.569136,26.932816,31.232527,29.817139,28.152779,25.547659,21.65311,21.382816,26.212385,25.070518,18.259705,21.762323,20.398277,24.660774,23.007305,18.68475,18.452284,15.489563,13.511389,16.676344,14.223374,10.35686,10.806841,13.413694,14.497497,17.273848,17.344809,18.218462,20.193584,21.952923,22.680471,26.222073,22.703882,19.541023,16.589294,17.280035,11.422541,13.334671,9.960383,12.285532,10.892547,9.117604,6.499868,3.6043181,6.1794324,5.951071,10.931814,11.702437,15.581115,14.086403,12.664942,17.459711,19.93922,19.252716,16.143198,19.08965,12.896935,16.390356,14.502981,17.160297
28,32.07536,27.989632,27.769659,23.035393,21.234608,22.197088,17.560333,19.004705,16.272753,18.579683,19.016987,20.547766,20.195492,19.226206,16.058926,11.792852,12.144549,8.517586,13.150245,10.767447,15.133475,17.669605,20.32372,14.044862,12.554311,10.712085,6.285516,4.4860864,0.0,5.055748,5.4309077,10.149246,12.716945,15.230838,11.673133,9.053197,13.16239,15.748972,12.822731,11.709845,16.735863,17.312014,14.55385,17.19172,20.516504,20.38344,20.018785,22.546274,25.12477,24.98583,22.97021,24.267658,28.011953,26.22782,25.048391,22.752375,18.672493,18.605803,23.068968,21.32853,14.647834,18.13613,16.874489,20.916618,18.8754,14.504461,14.654493,11.609364,9.543908,13.688527,11.529254,7.3848124,8.165901,12.236949,12.472792,16.267744,16.277784,16.246452,19.233665,20.148943,21.424534,25.130503,21.622822,18.306505,14.685585,16.598316,10.265825,13.287852,10.249546,12.80411,12.178736,10.90014,9.427858,7.5531545,10.33111,9.292314,14.534241,15.207217,18.946266,16.292824,14.439612,19.00702,21.203554,19.692593,16.695852,18.170887,11.834812,14.788754,11.9045,14.6413555
29,36.160183,31.971714,32.009277,27.386492,25.437857,26.828806,21.860725,23.226019,20.68746,22.333431,22.6858,23.594778,22.83499,21.191034,18.688284,15.314193,15.815157,13.002695,16.971113,15.034223,19.245237,21.337229,24.006777,17.480978,15.372969,13.034054,9.956743,6.112628,5.055748,0.0,7.146352,8.576697,11.9424305,15.178196,13.111746,11.260592,14.905049,17.921604,16.249035,15.262402,19.67411,21.196487,18.922392,21.13166,24.268042,24.953213,24.608341,26.72597,29.478962,28.882944,27.02497,28.985685,32.393097,30.289211,29.5128,27.283989,23.258976,22.998981,27.15399,25.191881,18.660324,21.50995,19.634214,23.456387,21.704107,17.416681,16.609732,12.937127,12.844749,17.029943,13.704229,9.391126,12.3583765,15.667165,16.845114,20.460354,20.950178,21.155125,24.231682,25.168003,26.416851,30.049196,26.335983,23.171988,19.642056,21.57728,15.283954,17.83081,14.231599,15.950887,14.261665,11.645854,8.981637,7.4381695,9.1985655,8.800341,13.35131,15.435978,18.095163,15.661326,14.79571,19.71777,22.385813,20.532385,17.197224,18.474613,12.34154,14.18837,11.54838,12.941895
30,35.716938,31.829435,30.917307,26.378258,24.39597,24.323315,19.990242,19.829205,16.299116,17.984728,17.253393,18.517994,17.142336,16.255375,14.800308,10.3150625,12.569043,9.927897,15.773659,14.678689,19.1685,21.899488,24.799885,18.873219,17.661224,15.645766,11.333163,9.6267395,5.4309077,7.146352,0.0,7.166567,7.6568837,10.157527,7.221143,4.1810255,8.024398,11.129387,9.439893,8.412728,12.540714,14.575254,12.67489,14.541255,17.319893,18.899815,18.921131,20.3104,22.9839,21.985643,20.376759,23.091917,26.037102,23.808891,23.736012,22.28154,17.939726,18.582842,22.23915,19.139502,13.365199,16.81107,15.919012,19.219345,16.187397,11.925482,13.137122,9.977408,8.412114,14.078952,12.580913,8.810988,10.022243,15.176884,14.267592,18.885494,18.601324,17.231583,21.025694,20.546429,22.092482,25.633326,21.918587,18.874733,15.041266,18.340767,12.622642,16.740898,14.450571,17.057606,16.8982,15.744239,14.434018,12.655927,14.861351,12.933887,17.956388,18.663616,21.882837,18.02845,16.031004,20.084276,21.976713,19.42566,16.684809,16.162104,10.386659,12.0110445,8.104728,10.701142
31,41.749058,37.753635,37.370678,32.56307,30.911386,31.045786,26.841639,26.958496,23.294195,24.992247,23.831018,24.918007,22.849997,21.81822,21.461609,17.269728,19.717194,16.905499,22.594763,20.638348,24.938122,27.710953,29.946226,23.698383,22.342789,20.622343,16.170332,13.730775,10.149246,8.576697,7.166567,0.0,7.1888795,7.853778,7.312365,8.539515,11.159552,12.6138,13.326138,13.937976,16.468544,18.326473,17.941963,20.12891,21.641724,23.673029,25.098778,25.894224,27.921377,26.315546,24.110394,28.141388,29.963741,26.981483,27.328194,25.729786,21.974377,21.72382,24.503895,21.642918,16.329597,17.854925,15.758558,18.42642,16.53369,12.942969,11.783345,8.04633,10.600022,15.296791,12.328732,9.315897,13.445467,17.320887,17.712221,22.108171,22.855026,21.989223,26.385225,26.16489,28.318653,32.035816,28.66813,25.47316,21.272724,24.632786,18.41295,21.456865,18.413954,19.749853,18.885359,17.000149,16.001785,15.455663,17.745457,17.057348,21.60937,23.507095,26.015976,22.599018,21.411854,25.787607,28.021835,25.141756,22.190424,21.007471,15.770953,15.701552,11.595964,11.5032
32,42.889076,39.10469,37.75941,33.490704,31.262558,30.6831,26.442438,25.016838,21.28783,21.759655,19.954428,20.231638,17.480663,16.155922,17.445238,14.384236,17.710901,16.50366,22.177973,22.094374,26.619844,29.234732,32.390244,26.47453,25.08375,22.677725,18.847256,16.407646,12.716945,11.9424305,7.6568837,7.1888795,0.0,5.463754,7.698188,7.15135,6.808784,10.409984,12.236482,11.674743,12.77151,17.166424,16.76992,17.10079,18.74594,22.657627,22.919037,22.73198,25.482645,23.231781,22.465366,26.877838,28.608381,25.833252,27.257713,26.775618,22.553144,23.655005,26.138144,21.73974,17.73368,20.25887,19.42286,21.439907,17.83896,14.559747,15.950167,12.941555,13.519906,19.279192,17.766287,14.632587,16.882221,21.93109,20.884985,25.724154,25.48347,23.4097,27.600534,26.085567,27.687891,30.85495,26.95446,24.448631,20.873003,24.88752,19.826561,24.195763,21.997995,24.327972,23.948555,22.323484,20.656057,18.995129,20.43445,18.194351,22.415833,23.702888,25.806812,21.169088,19.728634,23.149984,24.902431,21.234947,18.833397,15.864979,12.161659,10.604099,6.4829836,5.9794955
33,44.606495,40.943935,39.66441,35.18639,33.413445,32.31105,28.751772,27.275616,23.068417,24.165565,21.75035,22.649029,19.584654,19.216045,20.890375,16.96271,20.718754,18.903837,25.130241,24.287685,28.59864,31.60026,34.15295,28.463314,27.549719,25.771727,21.154516,19.459082,15.230838,15.178196,10.157527,7.853778,5.463754,0.0,5.387912,7.964515,7.093741,7.3984118,10.96761,12.098764,11.838374,15.210217,16.250671,17.15351,17.348064,21.34314,23.196495,22.493326,24.285017,21.67862,20.210007,25.694826,26.33572,23.024738,24.863844,24.583689,20.870077,21.695719,23.226717,18.702045,15.718049,17.09133,16.288862,17.39624,13.891767,11.518962,12.846755,10.739399,12.316931,17.407982,16.483936,14.55877,16.848927,21.566633,20.271152,25.122437,25.15637,22.814547,27.585821,25.784355,28.053,31.33361,28.050663,25.392073,21.432732,25.833063,20.845175,24.871225,22.954685,24.868109,24.927244,23.793844,23.056252,21.996176,24.15403,22.407988,27.012047,28.186785,30.71228,26.246223,24.561668,27.991385,29.554432,25.981436,23.745098,20.61084,16.99018,15.752283,11.578063,11.208028
34,39.7672,36.131958,35.056652,30.410192,28.94183,27.856691,24.57603,23.688116,19.405396,21.386192,19.343777,21.030481,18.673916,18.80268,19.101042,14.150175,17.58233,14.952345,21.359316,19.814468,23.918688,27.10533,29.299244,23.83949,23.2874,22.00915,16.96447,16.142954,11.673133,13.111746,7.221143,7.312365,7.698188,5.387912,0.0,4.5193396,6.2018046,5.52529,6.7404537,8.566243,9.968981,11.3918705,11.991027,14.150116,14.726977,17.22984,19.504375,19.63551,21.152958,19.309475,16.994112,21.723265,22.953854,19.85132,20.752457,19.882786,16.080446,16.625282,18.743938,14.861987,10.676795,12.595667,11.884673,13.883198,10.381177,6.920414,8.800974,6.775957,6.9895153,12.3192005,11.927328,10.208924,11.659816,16.488003,14.899884,19.769724,19.783636,17.586126,22.422766,21.026356,23.519102,27.064352,24.089312,21.077305,16.810528,21.04237,15.876645,19.683603,18.003984,19.970299,20.466017,19.918837,19.780582,18.854126,21.58681,20.092382,25.128609,25.84901,29.08027,25.017256,22.932354,26.577261,28.098076,25.131653,22.807312,20.804789,16.17279,16.480879,12.081351,13.396581
35,36.746193,33.094532,31.735382,27.30897,25.453505,24.48742,20.808634,19.718424,15.618694,17.296934,15.631201,17.157986,15.1988125,15.045217,14.713085,9.81384,13.20827,10.9883175,17.313778,16.576176,20.871408,23.852983,26.640787,21.213345,20.488508,18.79595,14.224668,13.386673,9.053197,11.260592,4.1810255,8.539515,7.15135,7.964515,4.5193396,0.0,4.410913,7.054963,5.864614,5.4416084,8.6357355,11.106498,10.045454,11.620257,13.6662445,16.116404,16.810112,17.42025,19.817776,18.37189,16.833405,20.424559,22.738682,20.281292,20.85721,20.023975,15.662261,16.862007,19.850363,15.899442,11.125329,14.595309,14.406338,17.03612,13.166602,9.244218,11.921194,9.588266,7.547741,13.4978485,13.244665,10.498888,10.777259,16.270802,14.294571,19.215153,18.610579,16.276007,20.529316,19.076777,20.935156,24.347065,20.844185,17.973228,14.034258,18.169598,13.235084,17.776388,16.294916,18.986502,19.490627,18.921583,18.18689,16.55487,18.901348,16.755424,21.745325,22.033289,25.343252,21.074066,18.760258,22.210997,23.636765,20.778635,18.518833,16.868443,12.043379,13.0550585,8.904565,11.470677
36,39.330566,35.884884,33.977978,29.909573,27.859606,26.275274,22.884422,20.642633,16.423365,17.214977,14.65799,15.692066,12.851418,12.936997,14.39835,10.427053,14.59171,13.608152,19.66619,19.932709,24.144514,27.034292,30.1126,24.997458,24.319246,22.411963,18.212013,17.293715,13.16239,14.905049,8.024398,11.159552,6.808784,7.093741,6.2018046,4.410913,0.0,5.3866735,6.580616,5.882528,5.993368,10.924943,10.746806,10.579394,11.949946,16.284763,16.716034,16.102278,18.702618,16.449959,15.912949,20.366148,22.027685,19.48875,21.16161,21.291582,16.986195,18.94928,21.153286,16.10497,13.126892,16.39924,16.845358,18.563822,13.8828745,10.918667,14.540348,12.758783,11.114524,16.796858,17.119299,14.749931,14.799861,20.317535,17.807428,22.742395,21.779911,18.709059,22.90498,20.447968,22.120428,25.076426,21.46689,19.17677,15.752618,20.347212,16.469162,21.373981,20.366093,23.201725,23.86148,23.313929,22.400553,20.552757,22.513502,19.868118,24.541405,24.654922,27.616306,22.768938,20.417715,23.16819,24.20521,20.814642,19.054544,15.981991,12.649969,12.501107,8.705415,10.825093
