,0,1,2,3,4,5,6,7,8,9,10,11,12,13,14,15,16,17,18,19,20,21,22,23,24,25,26,27,28,29,30,31,32,33,34,35,36,37,38,39,40,41,42,43,44,45,46,47,48,49,50,51,52,53,54,55,56,57,58,59,60,61,62,63,64,65,66,67,68,69,70,71,72,73,74,75,76,77,78,79,80,81,82,83,84,85,86,87,88,89,90,91,92,93,94,95,96,97,98,99,100,101,102,103,104,105,106,107,108,109,110,111
0,0.0,4.292207,5.5991797,9.523871,11.840749,13.055653,17.144638,20.029724,22.35112,25.882732,28.492128,31.043732,33.39533,32.51591,32.90376,27.12812,27.185347,23.443811,25.048683,22.252508,20.082405,22.338522,20.778975,16.254602,16.312817,14.238747,16.474442,14.329341,18.32102,16.444653,24.89074,22.635395,28.841002,26.997421,25.530031,21.8563,22.289858,24.186913,19.96815,17.276117,19.683964,19.464346,15.464542,13.982415,17.863728,15.9215355,10.883503,12.738699,15.988705,18.519386,20.360998,16.584455,21.966402,23.992435,23.828276,24.208393,22.441767,25.204988,28.621561,27.754595,26.453747,30.351887,34.25698,35.66298,32.629574,31.782785,36.13365,36.350048,30.992512,32.277603,35.703556,34.6138,29.851326,32.33612,29.173298,31.815905,28.500845,25.489649,25.1105,21.645887,18.515575,16.356155,14.125026,15.834122,19.108227,18.2156,22.271479,24.092306,27.254112,27.81841,29.007318,27.049658,28.805658,30.308777,30.184175,28.989279,32.279324,28.331964,34.051804,35.45279,35.93279,31.282309,28.934856,32.218243,33.659157,29.603188,27.837872,23.623497,21.51098,17.036098,16.662071,12.498536
1,4.292207,0.0,5.262745,6.5110955,9.526238,11.40287,15.206511,17.970343,20.826054,23.945518,26.968367,29.166792,31.898216,30.847235,31.96214,26.238571,26.532248,23.259245,25.01245,22.97996,20.806128,23.395765,21.641327,17.530722,18.289772,16.178804,17.27307,15.240409,18.71673,16.919762,24.945694,22.464249,28.616253,26.52302,24.341444,20.372738,20.719532,23.510874,19.580942,16.332415,19.090626,20.14732,15.916557,14.039894,18.577185,17.8762,12.631446,14.14438,18.219332,19.973839,21.998213,19.482517,24.497787,25.971996,26.241352,26.711401,24.257793,27.263975,30.880764,29.310888,27.655783,32.067318,35.835682,36.921547,33.451477,32.656055,37.34738,37.364223,32.13634,34.06926,37.275097,35.809505,31.384548,34.458076,31.247553,34.368145,31.204536,28.148394,28.388779,24.810463,21.946009,20.163296,17.491001,18.500605,21.190012,20.591555,23.673435,25.638386,28.413298,29.04698,30.525383,28.40685,29.645714,31.26968,30.446299,29.392214,32.236107,28.309332,33.66508,34.64847,35.83922,31.404028,28.476973,31.249971,32.296783,28.14506,26.793121,22.032228,20.784634,16.382608,16.133614,12.607158
2,5.5991797,5.262745,0.0,5.2305527,6.8940077,7.5848274,11.592821,14.826607,16.877548,20.57401,23.15809,25.587433,27.92831,26.9398,27.428226,21.66577,21.83064,18.275562,20.322893,17.920687,16.176725,18.992342,18.05111,13.107371,13.659657,11.332179,12.02957,10.107248,13.770767,12.585261,20.804893,19.22433,25.056843,23.828987,22.117884,17.955994,19.2706,21.548342,16.970665,14.221239,17.950867,17.670338,13.082542,12.911841,17.417728,15.224365,10.090761,13.900255,17.330551,19.462397,20.141197,17.47667,22.969019,24.195467,23.633953,23.33361,20.743797,23.246698,27.400167,26.275015,23.827,27.897354,31.729767,33.112003,29.507345,28.259092,32.777393,32.570812,27.292551,29.392317,32.321236,30.709635,26.321255,29.48879,26.474735,29.707174,26.55724,23.695087,24.31135,21.039358,18.317675,17.36349,13.852478,14.206377,16.661995,15.774595,18.588408,20.42292,23.151337,23.830128,25.426872,23.469078,24.707497,26.13274,25.396465,24.21953,27.211273,23.30727,28.853636,30.20704,31.050081,26.571936,23.968086,27.19972,28.568933,24.675814,22.888302,18.854277,16.41188,12.253453,11.369473,7.652697
3,9.523871,6.5110955,5.2305527,0.0,3.8719835,5.8785625,8.966866,11.998397,14.838204,17.864677,21.03966,22.919088,25.792152,24.562544,26.117025,20.52081,21.075668,18.343975,20.629168,19.415865,17.835245,20.972069,19.892527,15.770689,17.124804,14.970195,14.052391,12.500283,14.980051,14.043203,21.147356,19.386736,24.91707,23.461836,20.815939,16.272734,17.619297,21.060299,17.002861,13.664104,17.849592,19.139505,14.546633,14.022007,19.011816,18.346178,13.403021,16.465603,20.576605,21.829155,22.670305,21.448305,26.400877,26.996246,26.944132,26.774147,23.459553,26.17601,30.452229,28.50393,25.656298,30.26511,33.840256,34.794567,30.680876,29.509346,34.382084,33.908775,28.921932,31.821995,34.404854,32.330723,28.503405,32.35373,29.344585,33.094776,30.21084,27.358883,28.667263,25.32455,22.971182,22.322632,18.635489,18.310572,19.935501,19.499836,20.904774,22.87417,24.960346,25.732435,27.683271,25.602633,26.100128,27.615047,25.911835,24.936573,27.207527,23.413765,28.308374,29.044764,30.884407,26.798954,23.421955,25.864405,26.656748,22.69345,21.52416,16.800549,15.70075,11.960821,11.302625,9.240551
4,11.840749,9.526238,6.8940077,3.8719835,0.0,5.3465114,6.761036,8.455351,11.52115,14.419488,17.515738,19.685045,22.499178,21.639572,23.410137,17.642414,18.837164,16.058823,19.556747,18.19235,17.573019,20.996891,20.835045,16.107164,17.085693,14.684008,12.603329,10.545025,12.094073,11.053896,17.515333,15.847814,21.16699,19.898922,17.271126,12.629059,14.460056,17.81985,13.712895,10.541746,15.295054,16.47322,11.95159,12.244484,17.118444,16.60918,12.246515,15.803385,19.703346,20.595495,20.743929,20.474237,25.089773,25.142143,25.04189,24.718828,20.96113,23.67135,28.037966,25.764582,22.556993,27.353836,30.760914,31.534878,27.23288,26.106176,31.11376,30.62953,25.812578,29.010717,31.540886,29.427511,25.85499,30.077467,26.900827,31.010983,28.457117,25.48505,27.509806,24.008307,22.19072,22.078842,18.18028,17.048323,17.868853,18.165188,18.47364,21.115484,22.782953,23.985172,26.343187,24.67503,24.973818,26.005014,23.995743,22.552227,24.587116,20.461498,25.173553,25.587,27.466415,23.409826,19.835613,22.128532,22.949987,18.911448,17.73098,12.975264,12.120732,8.358115,8.4114485,7.088389
5,13.055653,11.40287,7.5848274,5.8785625,5.3465114,0.0,4.5604267,9.847712,10.928412,14.886801,17.496351,19.244207,21.658613,20.086134,20.82267,15.402396,15.397539,12.802704,14.834116,14.045591,12.802424,16.184864,15.882062,11.8306465,13.617525,11.841784,9.57412,9.572505,11.521661,12.418223,18.810368,18.701212,23.304998,23.210102,21.023745,16.302292,18.966436,21.904219,17.399706,14.881825,19.959623,19.90186,15.281481,16.614655,21.224224,19.128345,14.859688,19.568335,22.893112,24.480005,24.018204,22.61809,27.874477,28.241657,27.254267,26.10992,22.75398,24.578907,29.498772,28.179127,24.219025,28.190733,31.735437,33.07545,28.716364,26.774921,31.30782,30.283604,25.37582,28.755634,30.592724,28.029762,24.544462,28.571867,26.17722,29.98995,27.141953,24.887182,26.557478,24.027166,21.879824,22.225258,17.88065,16.793137,17.856306,16.675425,17.22062,18.303312,20.048916,20.575054,22.598932,20.458117,20.555439,22.12412,20.168552,19.522465,21.738214,18.407787,23.342789,24.700855,26.456005,22.581182,19.53487,22.473194,23.51997,20.173243,18.542444,15.101218,12.201081,9.870439,7.2065363,6.974426
6,17.144638,15.206511,11.592821,8.966866,6.761036,4.5604267,0.0,6.2180505,6.8263817,10.550039,13.270377,14.751322,17.348585,15.775913,17.269854,11.917878,12.711498,10.953712,14.231841,14.278771,14.238316,17.781609,18.320398,14.555286,16.233664,14.536838,10.702716,10.8253145,10.91062,12.369067,16.807594,17.242708,20.954662,21.311453,18.86635,14.140052,17.413609,20.5664,16.49591,14.320706,19.715044,19.992125,15.768074,17.662916,22.044325,20.519255,16.958973,21.627289,24.892496,25.935528,24.941828,24.713226,29.467127,29.185905,28.265718,26.954702,23.075327,24.757452,29.779171,27.996162,23.46893,27.584787,30.779665,31.819366,27.080925,25.062471,29.71243,28.405775,23.937168,28.02711,29.425428,26.497437,23.719738,28.352,26.012716,30.28443,27.895472,25.713488,28.232697,25.720457,24.176872,25.059,20.598612,18.71234,18.723951,18.242743,17.039026,18.4977,19.336325,20.22096,22.74608,20.976871,20.36992,21.501373,18.62562,17.789194,19.193739,15.864657,20.069082,20.895792,23.343103,19.898005,16.324335,18.69023,19.427235,16.28922,14.954112,11.774594,9.416427,8.589586,6.1911974,8.510199
7,20.029724,17.970343,14.826607,11.998397,8.455351,9.847712,6.2180505,0.0,4.6331005,6.0039043,9.355855,11.484989,14.493017,14.146904,17.15493,11.785803,14.576036,13.106656,18.42973,18.058174,19.242851,22.845098,24.079199,19.64787,20.53954,18.409382,14.066301,12.701414,11.032423,11.32091,13.269385,13.035019,16.203928,16.173346,13.248256,8.68049,12.307663,15.664721,12.52095,10.757272,15.965125,17.127285,13.784618,15.79615,19.618076,19.566408,17.01245,20.857304,24.066929,24.145918,22.850338,24.501322,28.201862,27.0541,26.749203,25.845448,21.302435,23.419586,27.994225,25.124329,20.68603,25.485943,28.184093,28.473183,23.493326,22.146742,27.247156,26.237368,22.31989,26.740265,28.387815,25.689058,23.448954,28.61504,25.668558,30.485764,28.778942,26.111486,29.582909,26.413683,25.687504,26.74199,22.578522,20.04205,18.967958,20.200329,17.519405,20.635357,20.766008,22.561726,25.662416,24.690361,23.972597,24.173634,20.91655,19.026777,19.688343,15.562915,18.814161,18.130816,21.066273,17.81838,13.353682,14.474435,14.795485,10.967881,10.344513,5.879462,6.9449167,6.7450213,7.7206903,10.45508
8,22.35112,20.826054,16.877548,14.838204,11.52115,10.928412,6.8263817,4.6331005,0.0,4.8007812,6.579186,8.859019,11.092494,10.530693,12.6497755,7.153338,10.204532,9.223536,15.01347,15.0266075,16.999847,20.466724,22.451447,18.349129,19.216478,17.50768,12.452964,12.261975,9.650329,11.688669,12.253227,14.032904,15.884916,17.423193,15.4404745,11.48759,15.681304,18.014399,14.658715,13.858198,19.0935,18.87747,15.760835,18.802303,22.197485,20.922693,18.888062,23.598639,26.1989,26.667269,24.556221,25.789259,29.67361,28.506659,27.434086,25.774136,21.436447,22.659563,27.622135,25.46251,20.204575,24.189844,26.785109,27.460081,22.385332,20.258701,24.911598,23.353075,19.624636,24.479118,25.371447,22.217583,20.466097,25.766352,23.420229,28.214489,26.654827,24.559134,28.275505,25.830046,25.326277,27.02136,22.644175,19.706238,18.148289,18.900417,15.260713,17.675062,17.191557,18.928057,22.156614,21.403522,20.28118,20.22622,16.626623,14.784466,15.122254,11.295644,14.444471,14.384029,17.264503,14.263441,10.066039,11.901231,12.691052,9.927216,8.459983,7.128065,4.847106,7.638182,6.929098,11.116904
9,25.882732,23.945518,20.57401,17.864677,14.419488,14.886801,10.550039,6.0039043,4.8007812,0.0,3.9690232,5.678353,8.858393,9.147328,13.385089,9.347878,13.210648,13.301947,19.070269,19.52195,21.678217,25.087595,27.060205,23.138903,23.9891,22.206259,17.16832,16.550781,13.532696,14.783073,13.165472,14.509312,15.153204,16.507362,13.967954,10.761601,14.763638,17.413244,15.335039,14.788073,19.448004,20.254377,17.86177,20.525793,23.5831,23.517927,21.897469,25.838549,28.56309,28.352955,26.289646,28.678885,31.87221,30.15521,29.60469,28.271925,23.601852,25.04604,29.588924,26.648493,21.551907,25.845171,27.890413,27.903267,22.655703,21.045603,25.814106,24.292011,21.375378,26.525932,27.26604,24.130793,23.14609,28.695887,26.20585,31.233892,30.136625,27.908876,32.0719,29.36367,29.229687,30.906713,26.710594,23.623512,21.63761,23.111403,18.861176,21.76019,20.748817,22.750307,26.139736,25.664478,24.235382,23.859276,19.832485,17.856855,17.168497,13.649939,14.983742,13.212641,17.268255,15.184955,10.341278,9.873374,9.470099,6.6458883,6.947798,5.709593,7.7967434,10.690613,11.397079,15.212771
10,28.492128,26.968367,23.15809,21.03966,17.515738,17.496351,13.270377,9.355855,6.579186,3.9690232,0.0,4.053684,5.6113935,7.1730886,10.870535,7.742448,12.140886,12.700871,18.845078,19.256075,22.15893,25.35714,27.982845,24.098745,24.644516,23.063047,17.797247,17.518368,13.801234,15.644741,12.123624,14.83816,13.935389,16.572905,14.999756,12.693824,16.857365,18.465464,16.577671,16.885176,21.286373,21.162645,19.301569,22.61827,25.113577,24.495567,23.567766,27.830359,30.007122,29.863037,27.127092,29.641846,32.605568,30.670174,29.698858,27.937576,23.400398,24.212107,28.746723,26.12928,20.590368,24.244894,25.934782,26.001272,20.743488,18.766155,23.13445,21.288958,18.95229,24.399914,24.57095,21.262571,21.005789,26.644537,24.491337,29.530697,28.839125,26.952265,31.490503,29.18348,29.473646,31.617136,27.474615,24.042429,21.486301,23.090508,17.946365,20.739368,19.058365,21.270966,24.800825,24.823063,23.18999,22.250107,18.11991,15.815726,14.502863,11.222587,11.479315,9.261584,13.514704,12.023073,7.314595,6.363149,6.3213716,5.1005087,4.8668127,7.4752975,8.102062,12.2767725,12.797112,16.929672
11,31.043732,29.166792,25.587433,22.919088,19.685045,19.244207,14.751322,11.484989,8.859019,5.678353,4.053684,0.0,3.985341,4.5016584,10.193529,8.945881,12.726611,14.55084,19.65765,21.098888,23.738302,26.80058,29.203932,26.076893,27.069057,25.72801,20.42712,20.686483,17.260717,19.3505,16.156572,18.735672,17.631348,20.125362,18.14509,15.823878,19.74621,21.884106,20.254622,20.20847,24.638735,25.02218,22.98732,26.002836,28.762465,28.329727,27.064756,31.278313,33.719864,33.54785,31.034334,33.457317,36.55046,34.645393,33.734245,31.94923,27.439663,28.178196,32.755222,30.147278,24.601522,28.08603,29.632895,29.651693,24.415722,22.357565,26.403831,24.245497,22.313711,27.90032,27.570127,23.949062,24.157442,29.74171,27.990002,32.92159,32.203716,30.584478,35.00632,32.928577,33.051693,35.168137,30.894821,27.585012,25.217922,26.38322,21.358912,23.415756,21.523392,23.328615,26.704145,26.495592,24.369295,23.700785,19.063837,17.54582,15.463379,13.443932,12.418634,9.909354,15.2477,14.809704,10.623827,8.788279,7.4832797,7.8616962,8.702257,10.667025,11.688759,15.669573,15.627306,19.903666
12,33.39533,31.898216,27.92831,25.792152,22.499178,21.658613,17.348585,14.493017,11.092494,8.858393,5.6113935,3.985341,0.0,3.9405293,7.980284,8.558099,12.233028,14.487848,19.57226,20.977642,24.205885,26.991665,29.959839,26.941711,27.66657,26.553413,21.191103,21.788717,17.981533,20.535082,16.233082,19.813305,17.6552,21.122303,19.967585,18.169764,22.22063,23.557783,21.940401,22.467735,26.76038,26.316154,24.633102,28.155977,30.507668,29.497868,28.750105,33.277508,35.25055,35.215343,32.162357,34.525043,37.48547,35.47858,34.1435,31.953762,27.68459,27.803774,32.34979,30.187641,24.339018,27.071405,28.29533,28.462816,23.37498,20.924335,24.351734,21.824419,20.540648,26.256094,25.264118,21.467813,22.446318,27.942656,26.656988,31.454622,31.090147,29.883587,34.522415,32.905563,33.3559,35.86616,31.662514,28.12766,25.372736,26.507988,20.893398,22.61895,20.134766,22.002823,25.39641,25.647913,23.334576,22.151333,17.510603,15.855524,13.053998,11.799728,9.206751,6.3110995,12.0104,12.578813,9.339025,7.3845706,6.610484,8.944344,9.135805,13.020294,12.869984,17.465502,17.205627,21.616013
13,32.51591,30.847235,26.9398,24.562544,21.639572,20.086134,15.775913,14.146904,10.530693,9.147328,7.1730886,4.5016584,3.9405293,0.0,6.436538,7.5195885,10.215227,13.289475,17.273237,19.53595,22.281244,24.976177,27.604975,25.265043,26.465685,25.595583,20.303387,21.513391,18.23163,21.181599,18.360928,21.772818,20.561445,23.684536,22.112965,19.566256,23.68943,25.619535,23.474781,23.442879,28.167505,27.873333,25.577251,28.914404,31.791592,30.488834,29.119705,33.894646,36.16458,36.428642,33.689903,35.384563,38.880802,37.23606,35.793385,33.526993,29.35349,29.50904,34.377815,32.495438,26.585287,29.338114,30.93919,31.44149,26.33796,23.625246,27.047138,24.370718,22.578867,28.233776,27.16161,23.110966,23.715506,29.068102,28.061466,32.684586,31.894756,30.872974,35.081783,33.68218,33.68881,36.06663,31.659658,28.387527,26.119705,26.510094,21.476696,22.350992,20.114244,21.411179,24.555326,24.289276,21.689482,21.117374,16.156256,15.43868,12.718072,12.220536,10.415451,9.314819,14.531517,14.73527,11.641691,10.908542,10.311676,11.674487,11.607433,14.303238,13.43278,17.773758,16.654799,21.1656
14,32.90376,31.96214,27.428226,26.117025,23.410137,20.82267,17.269854,17.15493,12.6497755,13.385089,10.870535,10.193529,7.980284,6.436538,0.0,6.041118,6.615844,10.423167,13.446586,15.769707,19.158289,21.263031,24.676939,22.766321,23.685926,23.384947,18.340546,20.512642,17.31948,21.199764,18.64421,23.176817,21.854786,25.85075,25.231573,22.651396,27.023478,28.138317,25.286787,25.642916,30.501503,28.812044,26.487158,30.459333,33.09572,30.405241,29.354374,34.843563,36.49618,37.38084,34.104416,34.8336,38.65391,37.349194,35.064312,32.103096,28.581802,27.806185,32.907524,32.200245,25.947723,27.500307,29.198973,30.472626,25.76202,22.208765,24.689398,21.515167,19.748049,25.186607,23.291624,18.89029,19.843826,24.71054,24.660526,28.75689,27.977621,27.764505,31.724272,31.280079,31.35938,34.199272,29.84621,26.550814,24.241587,23.829996,18.709509,18.184362,15.419987,16.254597,19.172962,19.260386,16.37205,15.399484,10.399271,10.211813,6.81776,8.51762,6.4897933,8.923486,11.946875,12.355272,11.364329,12.794834,13.699954,15.322638,13.866908,17.570993,14.199388,18.78564,16.705418,21.133505
15,27.12812,26.238571,21.66577,20.52081,17.642414,15.402396,11.917878,11.785803,7.153338,9.347878,7.742448,8.945881,8.558099,7.5195885,6.041118,0.0,4.518003,5.963469,11.480571,12.454961,15.706437,18.51506,21.656824,18.548702,19.305422,18.480524,13.188133,14.804836,11.626802,15.380089,14.0758095,18.079576,18.04229,21.388126,20.574991,17.491495,21.880302,23.136976,19.809702,19.918665,24.93954,23.293928,20.643286,24.525375,27.352715,24.724457,23.408014,28.861376,30.676723,31.600458,28.601065,29.231415,33.21329,32.07319,30.020308,27.37759,23.630507,23.446867,28.68825,27.684359,21.63563,24.02014,26.284172,27.552681,22.664463,19.41586,22.883358,20.365355,17.31775,22.606787,21.99003,18.049118,17.473158,22.677425,21.631058,26.0899,24.863575,23.902369,27.78808,26.639345,26.485754,29.01222,24.591122,21.337875,19.249678,19.12566,14.349274,14.952605,13.132001,14.531071,17.818264,17.567242,15.585079,14.944166,10.580828,9.081334,8.265713,6.033328,8.366313,10.24025,12.666974,10.713907,8.313668,11.113509,12.567695,12.294123,10.161225,12.714573,8.42522,12.804867,10.72301,15.193899
16,27.185347,26.532248,21.83064,21.075668,18.837164,15.397539,12.711498,14.576036,10.204532,13.210648,12.140886,12.726611,12.233028,10.215227,6.615844,4.518003,0.0,4.650686,7.3713818,9.62513,12.638159,15.010922,18.264883,16.195044,17.35837,17.19624,12.371357,15.26516,13.068891,17.342075,17.482592,21.51218,21.975487,25.293112,24.542316,21.12847,25.447369,26.79625,22.998926,22.82117,28.017,26.002949,22.947775,26.775787,29.84855,26.443304,24.743626,30.582336,32.336452,33.77369,30.886377,30.469511,34.990402,34.332787,31.871395,28.921759,25.68371,25.119112,30.571505,30.323566,24.298944,26.08872,28.60818,30.392653,25.791992,22.171608,25.088453,22.351873,19.092073,23.952705,22.936028,18.823162,18.02524,22.596544,22.310814,26.190207,24.551146,24.199156,27.400854,26.973297,26.39713,28.960844,24.459373,21.586115,20.096458,18.715868,14.876055,13.57483,11.985721,12.25518,15.018786,14.215042,11.768587,11.8599415,7.238109,7.5973015,7.44986,7.4187117,10.238199,13.566184,15.172289,13.384669,12.211988,15.450891,16.948364,16.794127,14.580705,16.638996,11.59017,15.175974,11.918247,15.991657
17,23.443811,23.259245,18.275562,18.343975,16.058823,12.802704,10.953712,13.106656,9.223536,13.301947,12.700871,14.55084,14.487848,13.289475,10.423167,5.963469,4.650686,0.0,7.2015796,6.613181,10.090809,12.9437475,16.386599,12.899066,13.48093,12.969307,7.9602046,10.7955,8.835518,13.288276,14.728206,18.50146,19.847555,22.843872,22.423754,18.925522,23.095821,24.062134,19.814312,19.701658,24.805048,22.226423,19.066324,23.040188,25.98703,22.08998,20.457293,26.470001,27.989605,29.662842,26.756575,25.930727,30.594147,30.168077,27.586218,24.658463,21.577387,21.119152,26.645857,26.619938,20.821356,22.735298,25.662884,27.656544,23.239912,19.736588,22.948994,20.710941,16.5976,20.983572,20.817581,17.21505,15.212557,19.72874,18.880928,22.812042,20.84896,20.11091,23.185303,22.481955,21.809832,24.331686,19.837301,16.93976,15.604966,14.17742,10.711126,9.968872,9.328193,10.110189,13.128142,12.369254,11.150311,11.1178055,8.123699,6.89704,9.074502,6.664046,11.869461,15.130818,15.627864,12.467327,11.407392,15.655943,17.700409,16.587275,13.807975,15.20166,9.043094,11.846162,8.31827,11.980497
18,25.048683,25.01245,20.322893,20.629168,19.556747,14.834116,14.231841,18.42973,15.01347,19.070269,18.845078,19.65765,19.57226,17.273237,13.446586,11.480571,7.3713818,7.2015796,0.0,5.3887935,6.5520086,8.066203,11.372836,10.910037,12.707996,13.661753,10.644498,14.94485,14.787752,19.070807,21.802938,25.329306,27.027355,29.87604,29.226028,25.360209,29.363832,30.746885,26.2299,25.594666,30.810793,28.274122,24.662891,28.166403,31.51064,27.02865,24.71643,30.865978,32.471523,34.724754,32.242348,30.073515,35.381374,35.6166,32.711685,29.585897,27.222273,26.432535,31.984179,32.75641,27.192926,28.450642,31.52784,33.982708,29.899734,26.14018,28.64104,26.138317,22.186953,25.903173,25.128115,21.443949,19.512924,22.760855,23.09357,25.937855,23.4105,23.639341,25.357178,25.772707,24.334892,26.631044,22.220161,20.29847,20.13838,16.863985,15.563156,11.87667,11.984711,10.347818,11.539377,9.072619,6.971011,9.451889,7.3691382,9.832326,11.968929,12.502622,16.535194,20.599066,21.05479,18.664467,18.296682,22.276031,24.02792,23.268793,20.763277,21.730858,15.899657,17.806519,13.506394,16.079405
19,22.252508,22.97996,17.920687,19.415865,18.19235,14.045591,14.278771,18.058174,15.0266075,19.52195,19.256075,21.098888,20.977642,19.53595,15.769707,12.454961,9.62513,6.613181,5.3887935,0.0,4.7763367,6.845488,11.121865,8.066221,8.4469795,9.273657,6.6777062,11.059198,11.372066,15.538921,19.019526,22.427794,24.562685,27.298668,27.246979,23.640686,27.433472,28.111622,23.348848,23.059135,27.922247,24.541924,21.144009,24.904194,27.796843,22.621704,20.757936,27.072172,28.123968,30.643997,27.92394,25.298239,30.606749,31.04538,27.846605,24.592474,22.64669,21.667665,27.164658,28.411217,23.156433,24.131845,27.479452,30.197954,26.503338,22.839787,25.294987,23.268332,18.745195,21.752335,21.676292,18.605583,15.625093,18.536032,18.50335,21.20551,18.402483,18.450405,20.016556,20.427803,19.037085,21.53215,17.222815,15.224583,15.179976,11.558367,10.970609,7.0458755,8.486614,7.2380733,8.734559,6.732871,6.9873023,8.393107,8.473588,8.848565,12.5963545,11.564754,16.947567,21.037552,20.347664,17.027424,17.171286,21.867733,24.155104,22.886534,19.91244,20.77753,14.302419,15.478118,11.435079,13.088936
20,20.082405,20.806128,16.176725,17.835245,17.573019,12.802424,14.238316,19.242851,16.999847,21.678217,22.15893,23.738302,24.205885,22.281244,19.158289,15.706437,12.638159,10.090809,6.5520086,4.7763367,0.0,3.6188958,6.5286856,4.4967194,6.7055817,8.237797,7.694874,12.081454,13.853646,17.36471,22.369474,24.945763,27.940485,29.99426,29.47043,25.442122,28.924164,30.156532,25.197857,24.249472,29.147495,26.277945,22.376598,25.417719,28.794037,23.716593,20.972483,27.07036,28.512505,31.30956,29.33138,25.91593,31.688017,32.6307,29.678352,26.803585,25.045692,24.558453,29.934534,31.136662,26.362436,27.719275,31.306458,34.005722,30.353355,26.961239,29.651924,27.840658,23.108875,25.753662,26.07919,23.240534,19.913433,22.351244,22.17435,24.485155,21.206131,21.1016,21.629093,21.950678,19.72795,21.472837,17.220257,16.243195,17.395844,13.098275,14.503991,10.8276825,13.050708,11.386586,11.740617,8.554855,9.285365,12.0316305,12.33398,13.497711,16.924145,15.981761,21.25912,25.10643,24.921339,21.529179,21.122423,25.592974,27.610641,25.914343,23.174973,22.981407,16.961985,17.095781,12.771146,13.418298
21,22.338522,23.395765,18.992342,20.972069,20.996891,16.184864,17.781609,22.845098,20.466724,25.087595,25.35714,26.80058,26.991665,24.976177,21.263031,18.51506,15.010922,12.9437475,8.066203,6.845488,3.6188958,0.0,5.0869994,6.126193,7.8361664,10.241981,10.859196,15.164394,17.015142,20.52335,25.382294,28.168505,30.993204,33.244682,32.92338,28.978884,32.445705,33.50229,28.512596,27.668818,32.447544,29.265772,25.488205,28.527475,31.738392,26.267302,23.69743,29.764383,30.907639,33.959496,31.92655,27.967913,33.799427,34.99169,31.73815,28.650373,27.39851,26.507055,31.762907,33.531315,28.850819,29.61763,33.172657,36.14825,32.777584,29.209753,31.395243,29.491455,24.932438,27.15078,27.136572,24.401045,21.192482,22.855873,23.3497,24.974,21.581938,22.127214,21.97386,23.112278,20.78415,22.57621,18.70295,18.132547,19.50804,14.674104,16.624678,11.905263,14.179382,11.733021,10.937802,7.249556,8.482285,11.792916,13.172419,14.995536,18.460676,18.29087,23.296824,27.546139,26.97268,23.824818,23.953999,28.531782,30.637135,29.198675,26.385931,26.501347,20.35115,20.58296,16.321527,16.750572
22,20.778975,21.641327,18.05111,19.892527,20.835045,15.882062,18.320398,24.079199,22.451447,27.060205,27.982845,29.203932,29.959839,27.604975,24.676939,21.656824,18.264883,16.386599,11.372836,11.121865,6.5286856,5.0869994,0.0,6.580485,9.482183,11.6785555,13.2918005,17.09634,19.741493,22.656343,28.543264,30.578749,34.09934,35.705666,34.88682,30.614206,33.74982,35.371643,30.331123,28.89107,33.634106,31.126373,26.969097,29.246372,32.89246,27.834282,24.49239,30.104338,31.718477,34.863216,33.60221,29.22385,35.320385,36.865376,34.015766,31.404152,30.126907,29.810133,34.940563,36.41491,32.12905,33.434765,37.16241,39.9911,36.536186,33.25177,35.824528,34.09988,29.335472,31.497072,31.894327,29.254684,25.804523,27.47717,27.593107,29.186714,25.55321,25.715002,24.976181,25.696928,22.772562,23.725952,20.036318,20.276712,22.42064,17.590954,20.470074,16.475344,19.012669,16.772505,15.9568615,12.247196,13.2556,16.789545,17.664642,19.609083,22.82634,22.40929,27.422737,31.319693,31.318748,28.043552,27.555225,31.877836,33.70538,31.866106,29.313517,28.497257,22.919144,22.387976,18.143265,17.895304
23,16.254602,17.530722,13.107371,15.770689,16.107164,11.8306465,14.555286,19.64787,18.349129,23.138903,24.098745,26.076893,26.941711,25.265043,22.766321,18.548702,16.195044,12.899066,10.910037,8.066221,4.4967194,6.126193,6.580485,0.0,3.7031248,5.1891527,7.3800964,10.740272,13.837903,16.368135,22.777454,24.469503,28.333069,29.684362,29.153114,25.09739,28.091179,29.281769,24.17864,22.962189,27.505268,24.641392,20.592756,23.10284,26.501417,21.29349,18.156483,24.005585,25.43622,28.517563,27.05227,22.91068,28.933586,30.331938,27.56219,25.088558,23.643291,23.614761,28.718199,29.949396,25.875835,27.529902,31.38052,34.057858,30.665228,27.70318,30.651947,29.366964,24.256853,26.265886,27.441217,25.185173,21.132528,23.209255,22.411474,24.508133,20.874454,20.228958,20.01483,19.857393,17.03782,18.11415,14.01204,13.901708,16.088247,11.570539,14.844877,12.2035055,15.323815,14.139959,14.358638,11.486965,13.208132,15.583866,16.37472,16.790846,20.527197,18.71009,24.439133,27.922743,27.58503,23.677588,23.02852,27.556301,29.62298,27.320889,24.581892,23.529634,17.833485,16.701937,12.818773,11.890845
24,16.312817,18.289772,13.659657,17.124804,17.085693,13.617525,16.233664,20.53954,19.216478,23.9891,24.644516,27.069057,27.66657,26.465685,23.685926,19.305422,17.35837,13.48093,12.707996,8.4469795,6.7055817,7.8361664,9.482183,3.7031248,0.0,2.9714282,6.9478917,9.640179,12.860345,15.117748,21.509735,23.2566,27.081224,28.524292,28.545513,24.872395,27.747463,28.270136,23.149977,22.387987,26.5469,22.914223,19.25716,22.075409,24.909224,19.05862,16.582777,22.552736,23.327995,26.62015,24.791033,20.279436,26.230646,27.749163,24.6314,21.959963,20.990292,20.659338,25.614542,27.33611,23.523373,24.744154,28.660326,31.53018,28.52384,25.628523,28.318201,27.32226,22.114307,23.49714,25.006994,23.230616,18.772945,20.368906,19.442635,21.241879,17.487146,16.804712,16.325655,16.329996,13.544292,14.951032,10.949868,10.865315,13.252121,8.305936,12.615447,10.192813,13.856918,13.006154,13.183224,11.050929,13.572576,15.190507,16.760044,16.44835,20.587212,18.388445,24.373554,27.917368,26.865038,22.707005,22.556643,27.360329,29.728128,27.398876,24.42176,23.682741,17.74602,16.447462,13.101315,11.649442
25,14.238747,16.178804,11.332179,14.970195,14.684008,11.841784,14.536838,18.409382,17.50768,22.206259,23.063047,25.72801,26.553413,25.595583,23.384947,18.480524,17.19624,12.969307,13.661753,9.273657,8.237797,10.241981,11.6785555,5.1891527,2.9714282,0.0,5.362953,6.969038,10.664415,12.410049,19.327892,20.623966,24.802412,25.90203,25.862616,22.220263,24.94082,25.454103,20.324312,19.507816,23.596542,20.07435,16.328026,19.108576,21.992077,16.327156,13.6911125,19.734716,20.674831,23.830254,22.082403,17.885132,23.833586,25.221294,22.379738,19.991852,18.661978,18.815224,23.765182,25.018534,21.348673,23.12046,27.097858,29.722868,26.60759,24.01261,27.125631,26.376228,21.020977,22.515127,24.511024,22.867527,18.233149,20.310791,18.666328,20.96887,17.358341,15.932399,15.9931,15.017829,12.292441,13.522159,9.13397,8.738439,11.229033,7.003119,11.330083,10.48661,14.056692,13.949666,14.798397,13.079189,15.313426,16.512712,17.535395,16.59723,20.63759,17.726835,23.844551,26.939005,26.050196,21.639843,21.093395,25.776028,28.105446,25.456226,22.539585,21.39693,15.743764,13.914321,10.968625,8.937134
26,16.474442,17.27307,12.02957,14.052391,12.603329,9.57412,10.702716,14.066301,12.452964,17.16832,17.797247,20.42712,21.191103,20.303387,18.340546,13.188133,12.371357,7.9602046,10.644498,6.6777062,7.694874,10.859196,13.2918005,7.3800964,6.9478917,5.362953,0.0,4.543928,6.5034604,9.688851,15.416335,17.44458,20.976439,22.603264,22.341707,18.587397,21.919014,22.670588,17.662613,17.039158,21.75696,18.621967,14.849355,18.330498,21.416054,16.554287,14.201324,20.4677,21.841202,24.25445,21.987171,19.536535,24.954319,25.445736,22.834951,20.297789,17.865147,18.048897,23.436493,23.875118,19.23743,21.498827,25.210245,27.498991,23.717115,20.88215,24.397621,23.233871,18.049019,20.786074,22.298136,19.975927,15.97665,19.383064,17.599121,20.962498,18.001528,16.453465,18.239735,16.905968,15.236293,17.091145,12.464539,10.354408,10.834526,8.246088,8.819022,8.873333,11.2902,11.879806,13.906114,12.543806,13.6041975,14.316694,13.969372,12.583475,16.189884,12.891023,18.932522,21.779808,21.413195,17.121208,16.107216,20.681248,22.921352,20.469912,17.55915,16.876577,10.8257675,10.079407,6.4452524,6.6045904
27,14.329341,15.240409,10.107248,12.500283,10.545025,9.572505,10.8253145,12.701414,12.261975,16.550781,17.518368,20.686483,21.788717,21.513391,20.512642,14.804836,15.26516,10.7955,14.94485,11.059198,12.081454,15.164394,17.09634,10.740272,9.640179,6.969038,4.543928,0.0,4.5051994,5.6350884,12.9548025,13.823621,18.244616,19.0811,18.918493,15.376921,18.263857,18.719866,13.614187,13.037964,17.444624,14.219059,10.358415,13.916382,16.872229,12.250473,9.925763,16.178375,17.603065,19.795856,17.616564,15.706462,20.926712,21.263666,19.10388,17.13639,14.261382,15.355449,20.474615,20.239218,16.142553,19.281782,23.087736,24.995083,21.276705,19.157267,23.24804,22.7369,17.404951,19.816685,22.315897,20.605692,16.27578,19.862995,16.979965,20.723043,17.997194,15.390583,17.583536,14.9197645,13.499652,14.952,10.443714,7.9557624,8.323664,7.869226,8.552733,11.333033,13.64952,15.118591,17.41271,16.598837,17.852152,18.029217,17.586618,15.339871,18.69465,14.404127,20.35677,22.3372,21.946505,17.25567,15.739809,20.017336,22.245926,19.139736,16.336794,14.795093,9.601359,7.161922,5.487936,3.4703667
28,18.32102,18.71673,13.770767,14.980051,12.094073,11.521661,10.91062,11.032423,9.650329,13.532696,13.801234,17.260717,17.981533,18.23163,17.31948,11.626802,13.068891,8.835518,14.787752,11.372066,13.853646,17.015142,19.741493,13.837903,12.860345,10.664415,6.5034604,4.5051994,0.0,4.5839806,8.993001,11.173236,14.497971,16.244965,16.391123,13.22708,16.74639,16.809433,12.052402,12.357198,16.921974,13.570099,10.504602,14.895548,17.32891,13.385605,12.331156,18.20108,19.412216,20.92062,17.935884,17.639584,21.98745,21.467505,19.292303,17.019238,13.435448,14.163861,19.47453,18.761852,13.702806,16.978016,20.428001,22.089989,17.897543,15.527619,19.863272,19.102835,14.022632,17.371098,19.495243,17.457802,13.779946,18.291637,15.310726,19.780613,17.791578,15.265125,18.756426,16.201769,15.8464,17.959908,13.729711,10.328235,8.566153,9.684437,6.744492,10.834692,11.850342,14.12064,17.123165,16.992165,17.597857,16.989542,15.823085,12.814238,15.614229,10.75844,16.442575,18.069626,17.67545,12.973119,11.284665,15.648095,18.053284,15.231029,12.187098,11.774569,5.8889422,5.4460845,4.7421618,6.1477017
29,16.444653,16.919762,12.585261,14.043203,11.053896,12.418223,12.369067,11.32091,11.688669,14.783073,15.644741,19.3505,20.535082,21.181599,21.199764,15.380089,17.342075,13.288276,19.070807,15.538921,17.36471,20.52335,22.656343,16.368135,15.117748,12.410049,9.688851,5.6350884,4.5839806,0.0,8.564177,8.255434,13.241366,13.523387,13.705682,10.8417,13.535342,13.245627,8.211916,8.570641,12.651937,9.221012,5.929162,10.492383,12.752365,9.445159,8.597941,13.976482,15.305783,16.469,13.742187,14.235782,18.23056,17.572672,16.126581,14.78438,10.7092285,12.848998,17.53422,15.894658,11.882595,16.31339,19.818632,20.973618,17.025694,15.776126,20.59537,20.656898,15.656934,18.236773,21.395382,20.134245,16.20617,20.372494,16.511297,20.950329,19.092009,15.676303,19.06282,15.301363,15.065321,16.477041,12.760493,9.63025,8.132605,10.969516,9.422803,14.4914,15.850162,18.269863,21.103025,21.010624,21.96106,21.365013,20.39856,17.246595,19.88786,14.776883,20.019917,20.795002,20.472143,15.694732,13.587428,17.177544,19.356833,15.792721,13.195148,11.32609,7.7822027,4.5819755,6.9443216,5.9531264
30,24.89074,24.945694,20.804893,21.147356,17.515333,18.810368,16.807594,13.269385,12.253227,13.165472,12.123624,16.156572,16.233082,18.360928,18.64421,14.0758095,17.482592,14.728206,21.802938,19.019526,22.369474,25.382294,28.543264,22.777454,21.509735,19.327892,15.416335,12.9548025,8.993001,8.564177,0.0,5.767253,5.6513767,9.083056,10.944321,10.436573,13.705274,11.769513,9.195271,11.874962,14.755592,11.427251,11.393503,15.948077,16.461306,14.771621,16.15286,20.201933,20.718458,20.66706,16.612473,19.703909,21.69604,19.472372,18.048937,16.275991,11.705216,12.629116,16.72295,14.144451,8.492865,12.875947,15.05461,15.318103,10.344634,9.119574,14.527124,14.483566,10.9001045,14.846823,17.285488,15.964352,13.973358,19.080252,15.280461,20.470715,20.213697,17.269094,22.329227,19.172634,20.528032,22.86343,19.701159,15.873758,12.247754,16.167944,11.020495,16.680159,15.995875,19.316784,22.780895,23.79498,23.939684,22.109255,20.407225,16.340792,17.50254,12.266227,15.4734535,14.848149,14.086453,9.858398,7.836017,10.530907,13.145179,10.539616,7.774328,9.544584,7.780971,9.255489,11.992395,13.715586
31,22.635395,22.464249,19.22433,19.386736,15.847814,18.701212,17.242708,13.035019,14.032904,14.509312,14.83816,18.735672,19.813305,21.772818,23.176817,18.079576,21.51218,18.50146,25.329306,22.427794,24.945763,28.168505,30.578749,24.469503,23.2566,20.623966,17.44458,13.823621,11.173236,8.255434,5.767253,0.0,6.4913387,5.278621,6.7746663,6.95506,8.846848,6.301642,3.8208323,7.300489,9.094431,6.9120283,7.6962023,11.327231,11.50872,12.025947,13.401397,15.995264,16.97092,16.089033,12.7997675,17.260292,18.628136,16.13395,16.155306,15.886914,10.882867,13.757815,16.835312,12.651781,9.226954,15.118521,17.346579,16.812048,12.488709,13.126947,18.618011,19.40291,15.87678,18.690107,22.081018,21.34882,18.778511,23.355627,18.946701,23.839424,23.299994,19.599672,24.0821,19.838108,20.905708,22.30104,19.582584,16.355255,13.588902,18.05465,14.662649,20.61251,20.745895,23.862032,27.136662,27.72133,28.1786,26.826485,25.185894,21.389194,22.774008,17.444118,20.804853,19.609346,19.605265,15.5807295,12.866003,14.327213,16.060558,12.2896185,10.737404,9.210476,10.194197,9.016534,13.178839,13.538349
32,28.841002,28.616253,25.056843,24.91707,21.16699,23.304998,20.954662,16.203928,15.884916,15.153204,13.935389,17.631348,17.6552,20.561445,21.854786,18.04229,21.975487,19.847555,27.027355,24.562685,27.940485,30.993204,34.09934,28.333069,27.081224,24.802412,20.976439,18.244616,14.497971,13.241366,5.6513767,6.4913387,0.0,5.6456366,8.804973,10.8018055,12.975445,9.905928,10.075003,13.387256,14.629854,12.494922,14.064431,17.748976,17.251574,17.487509,19.557716,22.240782,22.6053,21.518372,17.514454,22.374796,22.940176,19.822899,19.387548,18.452114,13.892148,15.22715,17.809105,13.770367,9.507844,14.098757,14.956576,13.652685,8.687999,9.637755,14.911716,15.553693,13.686537,17.148972,19.629805,18.890022,17.91049,22.742945,18.806108,23.847807,24.299398,21.222893,26.501339,23.01857,24.84603,26.954624,24.303135,20.622059,16.937273,21.418304,16.367235,22.082077,21.056002,24.494179,28.000881,29.23846,29.212864,27.143978,25.186415,21.064562,21.453701,16.595486,18.201946,16.040257,15.630959,12.690835,10.626263,10.723819,12.6031475,10.3134,9.093058,10.956174,12.256183,13.541162,16.958027,18.551466
33,26.997421,26.52302,23.828987,23.461836,19.898922,23.210102,21.311453,16.173346,17.423193,16.507362,16.572905,20.125362,21.122303,23.684536,25.85075,21.388126,25.293112,22.843872,29.87604,27.298668,29.99426,33.244682,35.705666,29.684362,28.524292,25.90203,22.603264,19.0811,16.244965,13.523387,9.083056,5.278621,5.6456366,0.0,4.7578726,8.38214,8.679689,4.577647,7.032781,10.302816,9.931911,9.727212,11.97675,14.324557,13.443825,15.864387,17.757687,18.973562,19.78248,17.853106,14.824255,20.769684,20.741238,17.423988,18.411318,18.8073,14.06766,16.894506,18.722878,13.399826,11.315133,16.982174,18.116287,16.341713,12.332427,14.347314,19.60352,20.77145,18.446976,21.135544,24.407595,23.97889,22.241163,26.777807,22.34792,27.195053,27.256819,23.575678,28.315405,23.987526,25.473703,26.77333,24.463419,21.312704,18.364817,23.113218,19.336678,25.334997,25.019258,28.304293,31.697912,32.512554,32.74597,31.13406,29.19913,25.281948,26.01653,20.89963,23.074652,20.768621,21.070343,17.902273,15.138671,14.914286,16.001093,12.590747,12.2392845,11.160523,14.231088,13.730503,17.972265,18.602377
34,25.530031,24.341444,22.117884,20.815939,17.271126,21.023745,18.86635,13.248256,15.4404745,13.967954,14.999756,18.14509,19.967585,22.112965,25.231573,20.574991,24.542316,22.423754,29.226028,27.246979,29.47043,32.92338,34.88682,29.153114,28.545513,25.862616,22.341707,18.918493,16.391123,13.705682,10.944321,6.7746663,8.804973,4.7578726,0.0,4.8296785,4.714546,4.2751055,6.6847878,8.273762,8.760954,11.228984,12.003879,13.411918,13.930236,17.204287,17.73291,18.76055,20.71752,18.708452,16.857426,22.33142,23.00906,20.132742,21.486906,22.051203,17.138874,20.29225,22.67208,17.494879,15.205481,21.047382,22.532267,20.999716,16.712723,18.073149,23.504763,24.155083,21.488462,24.76133,27.73352,26.692638,24.854736,29.725782,25.46739,30.442963,30.03247,26.37222,30.803919,26.399626,27.242702,28.182402,25.467344,22.566223,20.197462,24.34235,20.902834,26.505476,26.321226,29.335073,32.75637,33.065533,33.028587,31.896002,29.43449,25.94626,26.47845,21.43859,23.606998,21.05077,22.57624,19.503176,15.729809,14.981999,15.3152275,11.180325,11.650107,8.531042,13.389275,12.5078945,16.822899,17.626022
35,21.8563,20.372738,17.955994,16.272734,12.629059,16.302292,14.140052,8.68049,11.48759,10.761601,12.693824,15.823878,18.169764,19.566256,22.651396,17.491495,21.12847,18.925522,25.360209,23.640686,25.442122,28.978884,30.614206,25.09739,24.872395,22.220263,18.587397,15.376921,13.22708,10.8417,10.436573,6.95506,10.8018055,8.38214,4.8296785,0.0,4.4027205,7.174645,5.889133,5.5348864,8.901276,11.291297,10.062521,11.639579,13.841458,16.104479,15.323851,17.313316,19.996077,18.756947,17.30044,21.370584,23.324137,21.20154,22.028114,22.17859,17.23593,20.323847,23.629488,19.261122,16.15768,21.935858,24.100725,23.352663,18.73901,19.064373,24.60033,24.73357,21.312656,24.950197,27.701517,26.132605,23.860899,28.86767,24.867455,29.850227,28.856274,25.346956,29.392761,25.18382,25.386028,26.223927,22.99721,20.25087,18.419716,21.768217,18.786865,23.8576,23.976152,26.647818,29.968452,29.819582,29.715431,29.053177,26.453756,23.380121,24.165083,19.16025,22.02321,20.143616,22.094524,18.639677,14.427678,14.547249,14.984578,10.35692,10.32916,5.2685175,10.02602,8.513879,12.671727,13.598655
