,0,1,2,3,4,5,6,7,8,9,10,11,12,13,14,15,16,17,18,19,20,21,22,23,24,25,26,27,28,29,30,31,32,33,34,35,36,37,38,39,40,41,42,43,44,45,46,47,48,49,50,51,52,53,54,55,56,57,58,59,60,61,62,63,64,65,66,67,68,69,70,71,72,73,74,75,76,77,78,79,80,81,82,83,84,85,86,87,88,89,90,91,92,93,94,95,96,97,98,99,100,101,102,103,104,105,106,107,108,109,110
0,0.0,4.2563605,6.5679555,9.664468,12.408693,14.771142,17.686192,21.107574,24.075058,26.539745,29.902258,32.157124,34.777653,32.87498,36.973816,32.25179,33.816708,31.909098,35.03012,35.621098,36.226883,39.32075,40.027897,40.60917,42.25681,40.725883,39.992588,40.902393,37.387493,41.254864,34.409542,40.238216,35.849667,36.987106,34.896507,31.772285,29.492172,31.293898,29.78055,27.229856,25.571415,28.253529,26.685846,22.03063,23.397514,26.224907,20.960947,18.537006,21.364395,21.390139,26.417767,24.816465,27.177395,28.962257,30.955997,33.79906,31.425379,35.72824,36.849007,32.353954,33.852345,38.651207,41.62857,40.973602,36.43848,36.518936,42.124317,42.16265,38.263393,41.344025,44.80679,42.717426,39.81257,42.947063,38.659992,41.0896,37.743736,33.28007,33.49428,28.528769,26.585552,24.385017,22.387356,24.836864,26.422476,29.404095,30.929392,36.34112,37.733593,41.686573,43.503403,46.529037,47.419624,46.655743,47.655895,45.082962,42.77201,40.80042,37.326294,33.45009,28.815262,27.675812,24.035929,21.037952,20.75608,23.766642,22.614328,26.652924,28.450214,30.40362,33.795334
1,4.2563605,0.0,5.1011376,6.496269,9.1215515,12.710877,14.3678875,18.570368,21.061642,23.780155,27.140747,29.196571,31.637417,29.46993,33.303307,28.66912,29.972446,28.192005,31.024801,31.897205,32.51108,35.526127,36.505093,37.103935,38.67252,37.02181,36.53385,37.366604,33.988575,37.904873,31.27542,37.37278,33.10197,34.646755,32.331272,28.897888,26.998955,29.18265,27.21384,24.38608,23.444181,26.107384,23.970013,19.475618,21.630224,24.046059,18.160297,16.48451,19.913462,20.276138,24.936604,22.935127,26.119873,27.836777,29.308119,31.684704,29.029741,33.24685,34.903038,30.62863,31.426497,36.49775,39.543175,39.281464,34.68097,34.309444,39.857277,39.64438,35.57913,38.778206,41.994278,39.665134,36.879055,39.843906,35.73418,38.037037,34.6531,30.376463,30.463774,25.73037,23.575089,21.61198,19.048698,21.37819,23.000427,25.818663,27.431437,32.699165,33.99237,37.97256,39.66752,42.83064,43.60065,42.672073,43.685246,41.043774,38.799835,36.686146,33.286,29.29488,24.722692,23.557415,19.919504,16.964153,16.521143,19.57458,18.604855,22.746511,24.607246,26.783236,30.19577
2,6.5679555,5.1011376,0.0,5.494724,6.720128,8.757561,11.82459,14.7448435,18.054825,20.130991,23.666752,25.788563,28.610306,26.826807,31.469707,27.014711,28.948727,27.582155,31.16158,32.270123,33.599327,36.72984,38.19747,37.934143,39.129185,37.14153,36.120316,36.459373,32.708817,36.211277,29.285574,34.82675,29.936312,31.437801,29.781597,26.46552,24.031712,26.503237,25.28532,22.416569,20.929848,24.742437,22.957972,18.10158,20.147266,23.94946,18.587526,16.196842,20.067974,19.400726,24.202272,23.73289,26.409946,27.39415,29.480177,31.922613,28.819326,33.074074,34.70843,29.766489,30.388777,35.597733,38.221256,37.77856,32.870277,32.432564,37.963,37.558136,33.959583,37.66479,40.57365,38.208645,35.92237,39.483707,35.479755,38.357822,35.24608,30.911852,31.821024,26.944576,25.381027,24.149294,21.140862,22.698261,23.332394,26.889715,27.314692,32.88577,33.624237,37.488026,38.93932,41.840694,42.46428,42.103657,43.46242,40.95318,39.097622,36.748714,34.15919,29.604794,26.139404,23.986734,21.249683,18.756659,17.263086,19.896566,17.494774,21.64247,22.893007,24.71742,27.867981
3,9.664468,6.496269,5.494724,0.0,3.8339415,7.256242,8.501827,12.859041,14.867101,18.023138,21.039228,23.354836,25.56784,23.578508,27.386087,22.595974,24.323305,22.530386,26.161266,26.923914,28.227333,31.429586,32.83256,32.46858,33.71551,31.839687,30.875757,31.463842,27.865278,31.651266,24.878857,30.888865,26.719364,28.223738,25.853521,22.411297,20.541243,22.853611,20.869892,17.955412,17.161436,20.233389,17.983648,13.359501,16.01967,19.015934,13.253369,11.51326,15.782727,15.6992,19.988146,18.942852,22.33318,23.379982,24.854506,26.9293,23.74951,27.943102,29.898638,25.335592,25.565258,30.866117,33.703114,33.604,28.82442,28.144447,33.653576,33.275856,29.324146,32.813736,35.8029,33.42773,30.89032,34.208347,30.199936,32.931984,29.78073,25.495846,26.379383,21.576805,20.060587,19.169619,15.942775,17.266167,17.865095,21.450953,21.961555,27.529043,28.494986,32.394047,34.088203,37.01062,37.878986,37.380535,38.53553,36.090256,34.009197,32.003593,29.135332,24.922031,21.367956,19.17981,16.519142,14.150373,13.086048,15.4696865,14.155267,17.285423,19.35305,20.92213,24.53384
4,12.408693,9.1215515,6.720128,3.8339415,0.0,5.5114036,5.3202662,9.787833,12.036815,14.757817,18.105495,20.089788,22.541805,20.481419,24.812735,20.39844,22.264465,21.133617,24.802385,26.235674,27.972517,31.059715,33.071022,32.30332,33.20341,30.949821,29.972168,30.050222,26.357855,29.821947,23.11553,28.938005,24.254387,26.301035,24.338583,20.60042,18.73131,21.823193,20.026592,16.738066,16.419752,20.399303,17.851963,13.346545,16.680294,20.129286,14.420867,13.175151,17.86008,17.39355,21.254007,20.853416,24.420366,24.96818,26.367249,28.030281,24.391794,28.416428,30.816658,26.120653,25.538143,31.113415,33.670647,33.79946,28.808107,27.635492,32.999332,32.187836,28.477001,32.460148,34.906605,32.223515,30.258915,33.77222,30.097223,33.016373,30.037355,26.02573,27.201927,22.736584,21.348572,21.044495,17.19852,17.874962,17.838966,21.549305,21.35482,26.831018,27.211002,31.037407,32.314465,35.24793,35.76873,35.44912,36.906506,34.430428,32.770557,30.303768,28.170298,23.348759,20.728601,17.87982,15.956601,14.1025,11.836855,13.91183,11.248979,14.949268,16.324577,18.098616,21.404537
5,14.771142,12.710877,8.757561,7.256242,5.5114036,0.0,6.166248,6.732702,10.159287,12.301224,15.364511,18.001417,20.71094,19.526794,24.523623,20.105785,22.94664,21.857695,26.663069,27.653028,30.054195,33.322468,35.38379,33.657387,34.27105,31.940357,30.076836,29.85204,25.708908,28.709017,21.547434,26.488453,21.38721,22.743456,21.472254,18.325014,15.500883,18.328152,17.737957,14.886497,13.124054,18.260614,16.767445,11.964137,14.2836075,19.443516,15.298271,12.743543,17.153337,15.393471,19.347626,20.92035,23.32858,23.079792,25.37726,27.382101,23.592403,27.626823,29.521593,24.066317,23.865513,29.244307,31.306442,30.972818,25.772827,24.913357,30.279596,29.57166,26.472393,30.740742,33.154213,30.777422,29.126766,33.35402,29.64181,33.233402,30.649158,26.475489,28.645815,23.930323,23.469748,23.713379,20.226627,20.238882,19.129093,23.643312,22.106703,27.899261,27.936184,31.498228,32.81049,35.19153,35.884468,36.35928,38.006973,35.873684,34.425858,32.216198,30.6983,25.8954,24.297186,20.743086,19.794798,18.39938,16.104315,17.39436,14.104701,16.37607,17.39649,17.959488,21.110203
6,17.686192,14.3678875,11.82459,8.501827,5.3202662,6.166248,0.0,6.0298996,6.9344373,10.059217,13.149078,15.040197,17.275116,15.194646,19.67012,15.427976,17.647335,17.030596,21.178629,22.950634,25.381872,28.409115,31.025412,29.420706,29.862782,27.257164,26.018557,25.589252,21.778639,24.926483,18.321726,24.025803,19.24695,21.772503,19.912313,15.888408,14.352176,18.160152,16.304092,12.697147,13.362178,17.89765,15.003896,11.145725,15.258317,18.801582,13.733508,13.30214,18.150925,17.423628,20.240387,20.651419,24.396637,24.261639,25.342136,26.351347,22.21317,25.893837,28.82314,24.181364,22.493366,28.277647,30.505276,31.015282,25.9362,24.115112,29.206045,27.952295,24.455503,28.87503,30.727959,27.785978,26.406996,30.137907,26.873539,30.061993,27.416357,23.784393,25.557915,21.57904,20.731121,21.469273,17.201172,16.694126,15.469799,19.4887,18.022583,23.392914,23.126635,26.780731,27.770958,30.544128,30.917316,30.965609,32.668865,30.337492,29.065157,26.453276,25.202799,20.029974,18.95447,15.080782,14.697266,13.922197,10.8508215,11.648228,8.055156,10.552629,11.609684,12.908988,16.228727
7,21.107574,18.570368,14.7448435,12.859041,9.787833,6.732702,6.0298996,0.0,4.904168,5.5817957,9.020951,11.340709,14.359426,13.451286,19.295273,15.736807,19.045868,19.108135,24.115498,25.851263,29.022877,32.03981,34.949852,32.34988,32.3071,29.455946,27.383171,26.24837,22.015848,24.220854,17.40249,21.64258,15.738109,18.089342,17.63854,14.167066,11.487028,15.788501,15.644732,12.497811,11.998057,18.13511,16.333721,12.729437,15.8011465,20.899994,17.473133,16.10485,20.547146,18.630024,21.198507,23.581816,26.241673,25.20064,27.05958,28.181038,23.82339,27.281565,29.875425,24.564758,22.811485,28.37458,29.834549,30.009445,24.695494,22.869162,27.690512,26.19023,23.690565,28.685194,30.027708,27.221804,26.693203,31.190683,28.207611,32.069843,29.964085,26.443851,29.160398,25.218155,25.167807,26.386,22.36665,21.292175,19.055586,23.559443,20.622269,25.9439,24.936708,28.125517,28.767197,30.904377,31.127867,32.148506,34.25293,32.284637,31.57564,28.932108,28.804596,23.479286,23.824154,19.344538,20.025629,19.682894,16.429049,16.56015,12.015567,13.253274,12.928487,12.835605,15.280669
8,24.075058,21.061642,18.054825,14.867101,12.036815,10.159287,6.9344373,4.904168,0.0,4.8017244,6.4374223,8.910273,10.811292,9.557764,14.6592455,10.853664,14.334216,14.500954,19.758446,21.46312,24.95482,27.885176,31.041153,28.014267,27.7413,24.778027,22.659084,21.375593,17.189054,19.462952,12.779248,17.586645,12.341629,15.23791,14.005582,9.970381,8.424507,13.245948,12.194976,8.747363,10.1625595,15.594714,13.186742,10.82287,14.6001625,18.636726,15.65936,15.463851,19.730259,18.297789,19.708193,21.872145,25.010685,23.787024,24.873821,25.268911,20.706444,23.762203,26.919102,22.172546,19.355444,25.044973,26.50241,27.245209,22.106602,19.61218,24.184269,22.387262,19.651329,24.733763,25.737442,22.68631,22.343773,26.70111,24.033627,27.840588,25.92513,22.819098,25.716095,22.348833,22.589998,24.472353,20.378813,18.55905,15.663704,20.049656,16.412031,21.457512,20.17571,23.267784,23.907082,26.014969,26.339104,27.404854,29.475695,27.62372,26.971222,24.51361,24.7044,19.5747,20.80933,15.980048,17.66479,18.047523,14.977021,14.1493,10.524169,9.414378,9.509283,8.393328,11.425192
9,26.539745,23.780155,20.130991,18.023138,14.757817,12.301224,10.059217,5.5817957,4.8017244,0.0,4.3283143,5.805291,9.218228,8.835344,15.460311,13.187082,16.763464,17.975574,22.884098,25.161253,28.880823,31.583174,35.109367,31.816969,31.19616,27.977867,25.76715,23.8046,19.681885,20.947384,14.915559,18.120111,11.587515,15.093121,15.52893,12.047771,10.085595,15.27168,15.49782,12.569322,13.356739,19.392572,17.514034,15.296969,18.500278,23.104282,20.427776,19.883657,24.083015,22.197786,23.69143,26.484774,29.229527,27.68718,29.121614,29.515049,24.918333,27.732141,30.801332,25.861044,22.918747,28.35922,29.258955,29.894503,24.733095,22.132938,26.20546,24.003807,22.179739,27.608442,27.910332,24.78187,25.34224,29.909538,27.687016,31.64254,30.023895,27.191866,30.246494,27.065596,27.344511,29.225199,25.033924,23.22667,20.274263,24.469141,20.520147,25.097544,23.168852,25.852694,25.83124,27.646982,27.417429,28.986813,31.477005,29.735613,29.731943,26.812168,27.97185,22.47254,24.516705,19.563402,21.551605,22.024744,18.42923,17.606266,12.814773,12.587873,10.862,9.744684,10.977193
10,29.902258,27.140747,23.666752,21.039228,18.105495,15.364511,13.149078,9.020951,6.4374223,4.3283143,0.0,3.9404361,6.039737,7.1256332,13.132946,11.313632,15.391795,16.718586,22.068897,23.918896,28.047132,30.678669,34.271343,30.26075,29.30691,26.074316,23.333364,21.028765,16.846552,17.482376,11.737382,13.96662,7.2642536,11.065572,11.9274435,8.918778,7.4131284,12.6378355,13.336218,11.106282,12.336964,17.940702,16.478376,15.38467,18.15343,22.464603,20.962803,20.683214,24.377563,22.398108,22.952822,26.378405,28.805592,26.788538,28.039938,28.034782,23.422611,25.740278,28.842617,24.130407,20.627665,25.750742,26.200123,27.022789,22.057814,19.098764,22.660904,20.188929,18.89836,24.485546,24.30761,21.24962,22.373756,27.160816,25.321304,29.503202,28.345295,25.880474,29.442776,26.667955,27.521826,29.926409,25.996836,23.639154,20.050259,24.23747,19.38958,23.570786,21.271992,23.496029,23.437813,24.707952,24.65696,26.844416,29.372017,28.022999,28.216316,25.730976,27.41902,22.407055,25.306873,20.208567,22.931618,23.830864,20.620499,19.20921,15.3587265,13.212987,11.78413,8.9762335,9.846654
11,32.157124,29.196571,25.788563,23.354836,20.089788,18.001417,15.040197,11.340709,8.910273,5.805291,3.9404361,0.0,4.154736,5.227884,11.985481,11.75871,15.228692,17.591927,22.085215,24.739202,28.886972,31.179653,35.219387,31.266947,30.047356,26.556023,24.26745,21.45886,17.72825,17.765175,13.302887,14.953584,8.3941965,13.2392025,14.491074,11.462913,10.984329,16.134665,16.50924,14.180978,16.119865,21.370289,19.4973,18.671959,21.824423,25.658161,23.755007,23.945868,27.808773,26.078926,26.560537,29.53393,32.33731,30.419071,31.335701,30.980307,26.333805,28.377014,31.855598,27.525694,23.503376,28.579401,28.912159,30.076803,25.316204,22.005856,25.048208,22.143581,21.104628,26.710636,25.843916,22.441004,24.194836,28.616888,27.303211,31.194784,30.139765,28.12387,31.405285,29.0836,29.6844,32.14614,27.95812,25.53466,22.061165,25.73217,20.982391,24.494995,21.662216,23.622744,22.85478,24.203518,23.475933,25.690125,28.538197,27.139372,27.904411,24.868183,27.373808,22.052198,25.733547,20.618143,23.743994,24.93784,21.351631,19.708998,15.458186,13.618002,10.936599,8.526399,7.6065636
12,34.777653,31.637417,28.610306,25.56784,22.541805,20.71094,17.275116,14.359426,10.811292,9.218228,6.039737,4.154736,0.0,3.788115,8.631273,9.453758,12.842807,15.526282,19.92838,22.385614,26.772007,28.862698,33.032635,28.611267,27.075659,23.54231,21.105846,17.935677,14.470022,13.908642,10.5289,11.618031,6.243371,11.667891,12.500549,9.770818,10.781782,15.433143,15.395741,13.577552,16.436367,20.650597,18.729795,19.0011,22.102936,25.067879,23.837568,24.621675,28.112814,26.666193,26.32113,29.209969,32.091805,30.018827,30.402832,29.482706,24.90655,26.38485,30.13992,26.428497,21.694607,26.481503,26.611523,28.23211,23.863554,20.09134,22.506937,19.267698,18.420174,23.947634,22.49699,18.9317,21.227789,25.451828,24.668423,28.455433,27.769196,26.301552,29.730026,28.020754,28.93399,31.825272,27.83094,24.960567,21.133907,24.434387,19.171432,21.9648,18.730879,20.229351,19.280235,20.295517,19.607283,22.204128,25.075518,23.975412,24.96229,22.260424,25.292719,20.50417,25.004803,19.933586,23.717724,25.35778,22.167456,19.982555,16.824545,13.396163,11.172599,7.570969,6.114441
13,32.87498,29.46993,26.826807,23.578508,20.481419,19.526794,15.194646,13.451286,9.557764,8.835344,7.1256332,5.227884,3.788115,0.0,7.118996,7.5228724,10.309417,13.342128,17.177828,20.251638,24.381393,26.418858,30.725183,26.860374,25.526075,21.90127,20.17046,17.277803,14.001761,14.376376,10.828492,13.835396,9.305781,14.519951,14.162152,10.474431,11.851892,16.762245,15.6324215,13.117477,16.677502,20.628374,17.928566,18.014982,21.798792,24.21105,22.098211,23.375952,27.161077,26.18238,26.089066,28.033869,31.555159,29.933859,29.949934,28.944555,24.33455,26.01219,30.121243,26.649591,21.835024,27.003027,27.687954,29.506876,25.082066,21.281172,24.116226,21.037655,19.297523,24.623756,23.527891,19.679659,21.388168,25.13821,24.189709,27.577387,26.507078,25.024397,27.91004,26.284931,26.734524,29.475367,25.24306,22.496948,19.021141,21.989021,17.309628,20.10562,17.00381,18.980808,18.01834,19.817,18.969042,20.710632,23.524048,21.984653,22.806759,19.650389,22.43043,17.225904,21.650398,16.59778,20.401833,22.144295,18.822037,16.542097,13.460575,10.095793,7.464962,4.250176,2.8079634
14,36.973816,33.303307,31.469707,27.386087,24.812735,24.523623,19.67012,19.295273,14.6592455,15.460311,13.132946,11.985481,8.631273,7.118996,0.0,5.55373,5.9735894,9.918446,12.53732,15.482832,19.815304,21.299189,25.907736,21.504957,19.63636,15.877815,14.549838,11.117421,9.151076,9.117234,9.074286,12.216207,11.75836,16.177923,14.369706,11.393953,14.800144,18.341536,16.006323,14.358371,19.168734,20.902933,17.894028,19.752531,23.463896,23.897715,22.62428,25.084898,28.177963,27.965805,26.65481,27.782253,31.665783,30.118212,28.961748,26.890087,22.639267,23.255455,27.977015,25.981535,20.125055,24.691387,25.39765,28.106535,24.579987,20.2463,22.040802,18.737007,16.718334,21.26888,19.368382,15.130937,17.320808,19.972752,20.089878,22.76522,22.209503,21.956802,24.613102,24.370617,25.112934,28.466393,24.685917,21.318882,17.649313,19.34246,14.346309,15.1535015,11.229596,12.411301,10.962463,12.838997,12.028555,13.782704,16.558716,15.345736,16.507454,13.910237,17.670807,13.786392,19.68829,15.218163,20.017076,22.528227,20.199785,17.126965,16.553698,11.076235,10.205717,6.920071,6.1935925
15,32.25179,28.66912,27.014711,22.595974,20.39844,20.105785,15.427976,15.736807,10.853664,13.187082,11.313632,11.75871,9.453758,7.5228724,5.55373,0.0,4.474369,6.0733585,11.158096,13.042835,17.375456,19.676134,23.644423,19.525656,18.394178,14.970944,13.125374,11.065058,7.612815,10.097492,6.2277446,12.255463,11.246525,14.839959,11.766107,7.852969,11.188556,14.606954,11.41764,9.262443,14.396287,15.948032,12.571694,14.285538,18.178827,18.6067,17.134804,19.54523,22.663935,22.559052,21.45351,22.419884,26.393457,25.052004,24.041424,22.390413,17.9495,19.268242,23.855309,21.39876,15.999901,21.203028,22.552351,24.910582,20.969742,16.995577,19.979282,17.370735,14.183305,18.833721,18.424042,14.501219,15.028664,18.268444,17.094198,20.200178,19.008059,17.769129,20.630224,19.556885,20.34983,23.602568,19.859926,16.529694,12.632963,15.238974,10.010964,12.749471,10.090387,12.693867,13.066476,15.295602,15.794364,16.801533,18.794558,17.278519,16.980043,15.0603695,16.611952,12.610857,16.820663,12.038787,16.303339,18.453768,16.486853,13.646396,13.603353,7.373349,8.568444,4.8970547,7.7765994
16,33.816708,29.972446,28.948727,24.323305,22.264465,22.94664,17.647335,19.045868,14.334216,16.763464,15.391795,15.228692,12.842807,10.309417,5.9735894,4.474369,0.0,4.6836,7.1040497,10.274302,14.344044,16.151974,20.62269,16.96658,15.74913,12.102967,11.786694,9.950624,8.252416,10.99405,9.689725,15.362296,15.351191,18.98998,15.664513,12.096314,15.574619,18.645945,14.869945,12.824092,18.1755,18.764116,14.890546,16.954006,21.11404,20.257574,18.284025,21.5748,24.575722,25.164598,23.890326,23.584293,28.197433,27.31649,25.526026,23.33585,19.255362,20.136389,25.180796,23.70123,18.074389,22.980165,24.646862,27.446842,23.98988,19.976274,22.53187,19.969952,16.474798,20.284891,19.649027,15.562277,15.895482,17.768995,17.16483,19.217636,17.912283,17.49412,19.39189,19.31098,19.61675,22.92718,19.191133,15.795633,12.534387,13.57595,9.378863,10.36231,7.3337154,10.175341,10.211776,13.432489,13.633704,13.414099,15.24165,13.296801,12.98099,10.642084,12.513812,8.647553,14.001345,9.75206,14.665814,17.381214,15.816391,12.536131,13.933106,7.6316395,9.13359,7.2840734,9.3093405
17,31.909098,28.192005,27.582155,22.530386,21.133617,21.857695,17.030596,19.108135,14.500954,17.975574,16.718586,17.591927,15.526282,13.342128,9.918446,6.0733585,4.6836,0.0,6.68908,7.241166,11.41672,14.015726,17.675743,13.992052,13.448396,10.400759,9.608269,9.510174,7.463933,11.790896,9.301273,15.959448,16.62734,19.167824,14.837072,11.535878,14.935955,17.00552,12.410403,10.706742,16.055561,15.328763,11.223456,13.929856,17.859697,15.990855,14.417908,18.100302,20.619333,21.633167,20.018335,19.170206,23.909111,23.267294,21.117285,18.883823,14.917284,15.975804,21.043398,19.856667,14.510145,19.504951,21.755999,24.476374,21.166353,17.540674,20.5847,18.742538,14.360491,17.553104,18.09929,14.509835,13.264575,15.07639,13.53152,15.642963,13.860899,12.927372,14.97523,14.683972,15.299258,18.847397,15.542029,11.857307,8.22701,9.544984,4.702279,7.2136793,6.1199555,9.911922,11.783739,14.741718,16.154814,15.660026,16.573048,14.799317,13.053369,12.29719,11.752684,9.2921,12.523529,8.746329,12.956814,15.430917,14.928039,11.924413,14.6491,8.209517,11.584607,9.826354,13.04177
18,35.03012,31.024801,31.16158,26.161266,24.802385,26.663069,21.178629,24.115498,19.758446,22.884098,22.068897,22.085215,19.92838,17.177828,12.53732,11.158096,7.1040497,6.68908,0.0,5.8274074,8.315628,9.517204,14.346714,12.1595,11.593568,8.530469,11.161381,11.396353,11.912975,15.33603,15.309806,21.151892,22.186417,25.259819,21.171167,17.959606,21.421036,23.676094,19.049772,17.297968,22.587135,21.521837,17.272642,19.7444,23.866499,20.97777,18.613745,23.001568,25.436852,27.146038,25.608347,23.25281,28.61935,28.582197,25.655716,22.89561,19.703537,20.116102,25.422861,25.405235,20.122288,24.443512,26.840178,29.975641,27.235289,23.602793,25.979559,24.04075,19.843164,22.074291,22.045494,18.415718,17.43229,17.167469,16.762247,16.92476,15.10939,15.697432,15.684664,17.120195,16.672913,19.907133,16.747194,13.523323,11.835309,9.944801,8.937683,7.011248,6.1744404,9.309675,10.322376,14.405202,15.087592,12.450245,12.778815,10.149965,8.004772,6.54828,5.4579115,4.392003,9.5534315,7.8681626,12.392774,15.569676,15.606831,12.363843,16.4815,11.218734,13.873093,13.71359,15.823143
19,35.621098,31.897205,32.270123,26.923914,26.235674,27.653028,22.950634,25.851263,21.46312,25.161253,23.918896,24.739202,22.385614,20.251638,15.482832,13.042835,10.274302,7.241166,5.8274074,0.0,4.7200966,7.1986794,10.68236,7.094456,7.2031765,5.2972918,7.5377374,9.960994,10.888455,14.988851,15.024337,20.800907,23.106634,25.001,20.180696,17.8349,21.39601,22.327692,17.378521,16.617014,21.563015,18.792652,15.04414,18.547518,21.80025,17.561697,16.757776,21.327736,22.718557,24.793337,22.378357,19.711437,24.773367,24.783302,21.196133,17.918467,15.365892,15.126265,20.42586,21.43079,16.363493,19.961267,22.708868,25.95837,23.895327,20.668232,22.834015,21.624449,16.985987,17.982372,18.827011,15.952456,13.592414,12.491483,11.691617,11.285684,9.304521,10.499712,10.632186,12.997592,13.520785,17.348759,15.395138,11.782873,9.840695,7.3010855,6.2422585,1.8294104,5.228349,8.206518,11.394268,14.444203,16.655819,14.5902,13.860245,12.287848,8.699616,10.653085,7.560121,9.7411175,11.839553,11.017679,14.346721,17.024176,18.199497,15.389498,19.988407,14.326124,17.87445,16.810816,19.549463
20,36.226883,32.51108,33.599327,28.227333,27.972517,30.054195,25.381872,29.022877,24.95482,28.880823,28.047132,28.886972,26.772007,24.381393,19.815304,17.375456,14.344044,11.41672,8.315628,4.7200966,0.0,3.643217,6.3688164,5.9738245,7.7716117,7.823025,11.307347,14.254378,15.565801,19.58335,19.61865,25.472546,27.6978,29.52659,24.580757,22.20156,25.511778,26.283707,21.178982,20.350506,24.98952,21.747913,18.001902,21.168785,24.315287,19.213793,17.96172,22.868849,23.89684,26.61672,24.3599,20.307802,25.706404,26.405647,22.3053,19.010832,17.347443,17.054224,21.999533,23.748823,19.476353,22.596498,25.733051,28.899628,27.185753,24.39715,26.598467,25.777338,21.008408,21.22269,22.53551,20.088383,17.198135,15.052843,14.173862,12.260836,9.7645235,11.410826,9.195745,12.763323,12.418196,15.77341,14.604683,11.713556,11.571285,7.0777335,9.652197,6.0365396,9.650972,11.901412,14.870223,17.987383,20.090736,17.106794,15.648394,13.924025,9.614585,12.151005,6.6471934,11.0129595,10.978304,12.247206,14.328109,16.820814,18.970518,16.580456,22.079544,17.299803,21.032593,20.69617,23.50261
21,39.32075,35.526127,36.72984,31.429586,31.059715,33.322468,28.409115,32.03981,27.885176,31.583174,30.678669,31.179653,28.862698,26.418858,21.299189,19.676134,16.151974,14.015726,9.517204,7.1986794,3.643217,0.0,5.386078,6.3592877,7.6586432,8.204186,12.797006,15.460346,17.588133,21.0754,22.12822,27.552599,30.087482,32.12732,27.32352,25.014952,28.532806,29.423594,24.402359,23.595995,28.391617,25.206055,21.512617,24.724953,27.918447,22.789518,21.5562,26.484709,27.50097,30.255322,27.91228,23.80233,29.134714,29.84386,25.575665,22.051682,20.66071,19.929363,24.839945,27.023869,22.563688,25.300661,28.230774,31.624582,30.203327,27.268635,28.98975,28.004654,23.519642,23.469345,24.220634,21.770159,19.372404,16.448679,16.500341,13.846826,12.041142,14.561077,12.026576,16.149149,15.644817,18.694958,17.691328,15.091601,15.14785,10.57657,12.958631,8.349774,11.079503,12.398944,14.824786,17.937086,19.771986,16.099497,14.10727,12.462306,8.048982,11.2786665,5.9649487,11.892326,12.581095,14.432893,16.649197,19.299133,21.370844,18.89654,24.408213,19.761055,23.080908,22.902592,25.249292
22,40.027897,36.505093,38.19747,32.83256,33.071022,35.38379,31.025412,34.949852,31.041153,35.109367,34.271343,35.219387,33.032635,30.725183,25.907736,23.644423,20.62269,17.675743,14.346714,10.68236,6.3688164,5.386078,0.0,6.7573185,9.590319,11.781272,15.469426,18.999619,20.973192,24.702343,25.348045,30.793669,33.639545,35.045685,29.92128,27.988394,31.258295,31.427113,26.340408,25.942612,30.197954,26.067099,22.835136,26.12115,28.665352,22.612337,22.025717,26.907564,27.072163,30.306223,27.724136,22.757221,27.821312,29.016321,24.255714,20.703924,20.432312,19.44073,23.673174,26.764597,23.27364,25.21836,28.509695,31.69943,30.848232,28.55994,30.274878,29.976793,25.318256,24.253944,25.88326,24.18753,20.852476,17.333084,16.885195,13.242998,11.224008,13.926384,10.010141,15.020596,14.592026,17.233437,17.686552,15.697155,16.59024,11.742965,15.313125,11.470105,15.19205,16.38986,19.420258,21.982208,24.362518,20.964373,18.60608,17.446363,13.010608,16.65928,11.023901,16.60446,15.395593,17.942692,18.991753,21.037838,23.971575,22.011587,27.883936,23.518768,27.30184,27.063776,29.822645
23,40.60917,37.103935,37.934143,32.46858,32.30332,33.657387,29.420706,32.34988,28.014267,31.816969,30.26075,31.266947,28.611267,26.860374,21.504957,19.525656,16.96658,13.992052,12.1595,7.094456,5.9738245,6.3592877,6.7573185,0.0,3.3839402,6.273868,9.088004,12.92293,15.280139,18.661129,20.119328,24.82673,28.508766,29.556837,24.502586,23.170124,26.804426,26.613615,21.806807,22.001467,26.42416,22.157679,19.346096,23.453037,25.705568,20.095621,20.863207,25.42393,25.581308,28.134445,24.835857,21.541935,25.987995,26.228987,21.658567,17.550047,16.751537,14.9676,19.708292,22.79261,18.344402,20.023563,22.829172,26.37573,25.70683,23.032515,24.128944,23.65148,19.305302,18.142565,19.250101,17.608788,14.550322,10.76742,11.106315,7.664516,6.7344446,10.715153,9.535823,14.275388,15.424738,19.142397,18.939634,15.828323,14.780475,11.328752,11.796763,6.812294,10.286515,10.776539,14.458535,16.294306,19.33428,17.004759,14.842215,14.4110155,10.2383,14.683919,11.131003,15.841098,16.8991,17.513023,19.94139,22.301586,24.357122,21.861197,26.887037,21.370558,24.958889,23.669712,26.230946
24,42.25681,38.67252,39.129185,33.71551,33.20341,34.27105,29.862782,32.3071,27.7413,31.19616,29.30691,30.047356,27.075659,25.526075,19.63636,18.394178,15.74913,13.448396,11.593568,7.2031765,7.7716117,7.6586432,9.590319,3.3839402,0.0,3.8510299,7.036144,10.411245,13.502263,16.270237,18.802925,22.887217,26.984322,28.1724,23.371964,22.224808,26.145212,26.104618,21.550917,21.84612,26.508118,22.618153,19.89154,24.18491,26.528349,21.493492,22.442324,26.842943,27.258266,29.419037,25.988377,23.537674,27.764843,27.548948,23.247974,19.036486,17.812101,15.748658,20.673048,23.528547,18.416784,20.04534,22.328188,26.136332,25.494864,22.408123,22.971895,22.078234,18.1639,17.244947,17.393475,15.496505,13.344686,9.375138,10.974017,8.137994,8.395644,12.44482,12.389248,16.629856,17.99222,21.873034,21.173111,17.772089,16.023966,13.1784935,12.188913,6.474114,8.560425,7.9869633,11.579354,13.07841,16.224253,14.15344,11.967359,12.006921,8.333189,13.145684,11.244843,15.629804,18.110516,18.05932,21.215773,23.827406,25.328953,22.535496,27.078665,21.184437,24.338644,22.698997,24.822716
25,40.725883,37.02181,37.14153,31.839687,30.949821,31.940357,27.257164,29.455946,24.778027,27.977867,26.074316,26.556023,23.54231,21.90127,15.877815,14.970944,12.102967,10.400759,8.530469,5.2972918,7.823025,8.204186,11.781272,6.273868,3.8510299,0.0,5.240874,7.5366497,10.597867,13.387235,15.960855,20.243357,23.901243,25.608501,21.04861,19.50589,23.546976,24.121712,19.636118,19.543602,24.53579,21.508005,18.425888,22.496984,25.306042,21.105278,21.4429,25.755613,26.797457,28.607601,25.534704,23.62802,28.05792,27.59964,23.813883,19.926262,17.808912,16.334558,21.581991,23.422373,17.779852,20.28977,22.355562,26.11981,24.8209,21.290798,22.144938,20.676817,16.809675,17.092337,16.678896,13.942462,12.62916,10.079603,11.463923,10.278993,10.128766,13.106712,13.751614,17.039244,18.187246,22.13039,20.586153,16.959297,14.670649,12.438077,10.317868,4.4905686,4.9140196,4.6410456,8.232625,10.472224,13.249627,11.308125,9.885673,9.453642,6.2276864,10.174115,9.536225,12.783008,16.43609,15.576566,19.37402,22.194155,23.072575,20.046438,24.120398,18.058567,20.879534,19.17699,21.085304
26,39.992588,36.53385,36.120316,30.875757,29.972168,30.076836,26.018557,27.383171,22.659084,25.76715,23.333364,24.26745,21.105846,20.17046,14.549838,13.125374,11.786694,9.608269,11.161381,7.5377374,11.307347,12.797006,15.469426,9.088004,7.036144,5.240874,0.0,4.391622,6.817394,9.716291,12.169714,15.897395,20.26823,21.210949,16.541643,15.780236,19.864717,19.762232,15.655768,16.327589,20.985725,17.728674,15.393177,19.933138,22.10734,18.457361,20.061087,23.7293,24.50469,25.745861,22.22795,21.722193,25.346994,24.227507,20.876425,17.04745,14.585125,12.819911,17.977545,19.431822,13.388485,15.745986,17.430166,21.22926,19.953516,16.294462,16.913437,15.488446,11.658593,12.10357,11.686585,8.976144,7.5030737,6.3250866,7.651008,8.613565,9.251785,11.489332,14.141478,16.372799,18.506325,22.690641,21.193882,17.31932,13.958127,13.499627,9.169361,5.7796106,5.33282,4.9357047,9.070247,9.810545,13.401517,13.512683,12.946097,13.098242,10.975996,13.896139,13.899202,15.513451,19.06233,17.083899,20.918646,23.42677,23.959555,21.024004,24.251722,17.762548,20.578222,17.89758,19.985756
27,40.902393,37.366604,36.459373,31.463842,30.050222,29.85204,25.589252,26.24837,21.375593,23.8046,21.028765,21.45886,17.935677,17.277803,11.117421,11.065058,9.950624,9.510174,11.396353,9.960994,14.254378,15.460346,18.999619,12.92293,10.411245,7.5366497,4.391622,0.0,4.5585513,5.900134,10.182903,12.986911,17.425158,18.97276,15.013081,14.188382,18.514229,19.112268,15.633446,16.043728,20.899696,18.902864,16.575489,20.732384,23.20627,20.79319,21.959053,25.277225,26.630245,27.322308,24.136013,24.508207,28.01304,26.507076,23.812025,20.352846,17.312523,15.962297,20.946152,21.465538,15.045895,17.79271,18.707958,22.440302,20.72777,16.535053,16.819145,14.430293,11.549186,13.436716,11.442584,7.647021,8.892093,9.375384,11.104076,12.845712,13.569864,15.221957,18.10686,19.731945,21.635618,25.736477,23.578297,19.662329,15.914604,16.129292,10.996451,8.548836,5.3982134,3.8963294,6.3187685,6.593645,9.839127,11.183284,11.69051,12.002275,11.401876,13.070986,15.063509,15.408279,20.284815,17.509636,21.960419,24.627632,24.346703,21.19974,23.474718,16.876984,18.796747,15.694604,17.008827
28,37.387493,33.988575,32.708817,27.865278,26.357855,25.708908,21.778639,22.015848,17.189054,19.681885,16.846552,17.72825,14.470022,14.001761,9.151076,7.612815,8.252416,7.463933,11.912975,10.888455,15.565801,17.588133,20.973192,15.280139,13.502263,10.597867,6.817394,4.5585513,0.0,4.852204,5.700726,9.970052,13.514492,15.061551,10.866184,9.6515,13.966106,14.82129,11.404591,11.688344,16.518436,15.265533,12.970038,16.836838,19.347658,17.971233,19.022839,21.807615,23.485168,23.712606,20.89096,22.068943,25.38125,23.640455,21.680334,18.90093,15.151661,14.7529745,19.541748,18.750154,12.363694,16.176619,17.153482,20.373259,17.750622,13.4270115,14.828903,12.31634,8.955844,12.511684,11.404589,7.386948,8.241867,11.17997,11.148341,14.32502,14.361268,14.502552,18.120893,18.420534,20.406788,24.370516,21.850014,17.986723,13.724263,15.36516,9.25386,9.607688,6.8832045,7.789012,9.657894,10.34876,12.740916,14.490199,15.595526,15.291915,14.569855,15.112818,16.580961,15.420282,19.7435,16.141752,20.400059,22.743431,22.058294,19.113583,20.629269,14.048288,16.026281,12.432584,14.308831
29,41.254864,37.904873,36.211277,31.651266,29.821947,28.709017,24.926483,24.220854,19.462952,20.947384,17.482376,17.765175,13.908642,14.376376,9.117234,10.097492,10.99405,11.790896,15.33603,14.988851,19.58335,21.0754,24.702343,18.661129,16.270237,13.387235,9.716291,5.900134,4.852204,0.0,7.383205,7.546078,12.551707,14.118558,11.304084,11.220349,15.418061,16.285475,14.226276,14.868753,19.181032,18.591728,17.012684,20.654991,22.823519,22.159952,23.568201,25.951738,27.624681,27.397749,24.469177,26.46895,29.254513,27.071587,25.4391,22.629383,19.08524,18.20694,22.557137,21.770166,15.403935,18.29965,18.173124,21.469563,19.241873,14.716213,14.642704,11.255582,10.061352,13.687667,10.57698,6.379728,10.196087,13.043234,14.301781,17.380096,18.213255,18.879389,22.61191,23.142883,25.24469,29.221169,26.652569,22.8058,18.5287,20.113552,14.094128,13.682038,10.225932,9.381379,9.65028,8.611102,10.603206,14.011129,15.642585,16.062744,16.536077,16.901625,19.86164,18.635744,23.85396,20.105095,24.658588,27.097605,25.974558,22.939669,23.667973,17.28963,18.177652,14.180504,14.707445
30,34.409542,31.27542,29.285574,24.878857,23.11553,21.547434,18.321726,17.40249,12.779248,14.915559,11.737382,13.302887,10.5289,10.828492,9.074286,6.2277446,9.689725,9.301273,15.309806,15.024337,19.61865,22.12822,25.348045,20.119328,18.802925,15.960855,12.169714,10.182903,5.700726,7.383205,0.0,7.163364,8.491768,10.081961,6.0796146,4.064009,8.411983,10.024679,7.6306925,7.681868,11.995415,12.697269,10.974397,13.802213,16.151865,16.921837,17.798534,19.420502,21.582525,20.877815,18.762867,21.411007,24.128746,21.95563,21.302774,19.633438,15.297308,16.088596,20.07678,17.427334,11.765113,16.413513,17.044949,19.312538,15.524836,11.2736025,13.9245205,11.280193,8.538673,13.80917,13.378021,9.979397,10.89719,15.501707,14.272287,18.42862,18.034756,16.72273,20.877758,19.647566,21.616056,25.187784,22.273506,18.750832,14.223627,17.490862,11.198235,14.017162,11.778037,13.3601675,14.567753,15.180137,16.793442,19.087952,20.741423,20.134422,19.638756,19.174444,20.513344,17.857372,21.52312,17.107296,20.893417,22.702017,21.304901,18.793484,18.765657,12.817268,14.253145,10.00517,12.189319
31,40.238216,37.37278,34.82675,30.888865,28.938005,26.488453,24.025803,21.64258,17.586645,18.120111,13.96662,14.953584,11.618031,13.835396,12.216207,12.255463,15.362296,15.959448,21.151892,20.800907,25.472546,27.552599,30.793669,24.82673,22.887217,20.243357,15.897395,12.986911,9.970052,7.546078,7.163364,0.0,7.211276,7.0547967,6.4287405,8.492566,11.315816,11.710019,12.217976,13.515034,16.062542,17.043554,16.917032,19.655344,20.844885,22.3356,24.353165,25.297321,26.981451,25.597128,23.052107,27.049547,28.624119,25.695354,25.539896,23.812761,20.01781,19.889948,23.022205,20.533125,15.219836,18.052515,16.916342,19.048403,16.072847,11.856466,11.984956,8.208474,9.406329,14.415904,11.925301,9.40213,12.964735,17.724474,17.78015,22.064434,22.751417,22.132654,26.710835,25.859552,28.285952,31.966368,29.317335,25.765568,21.193066,24.262135,17.862988,19.514067,16.692747,16.692455,17.046377,15.875988,17.279732,21.178139,23.108234,23.374308,23.792414,23.612843,26.191141,23.885378,28.354013,23.935215,27.952301,29.807138,28.149622,25.61489,24.833649,19.266771,19.574293,15.025523,15.435729
32,35.849667,33.10197,29.936312,26.719364,24.254387,21.38721,19.24695,15.738109,12.341629,11.587515,7.2642536,8.3941965,6.243371,9.305781,11.75836,11.246525,15.351191,16.62734,22.186417,23.106634,27.6978,30.087482,33.639545,28.508766,26.984322,23.901243,20.26823,17.425158,13.514492,12.551707,8.491768,7.211276,0.0,5.447976,7.4548984,6.918149,7.551161,10.746155,12.183585,11.861745,13.623359,17.412634,16.840895,17.723122,19.525991,22.866816,23.323061,23.497425,26.187828,24.244728,23.209618,27.393587,29.215618,26.520721,27.327536,26.5732,22.217026,23.427155,26.46502,22.501833,18.118076,22.244047,21.74351,22.9827,18.731815,15.156824,17.264292,14.195563,14.302129,19.910347,18.63616,15.861575,18.229774,23.229265,22.268995,26.68348,26.452993,24.808352,29.066975,27.140408,28.879574,31.999708,28.644602,25.589657,21.292543,25.124844,19.171892,22.261343,19.466225,20.609844,20.527176,20.573914,20.967243,24.272491,26.7207,26.181921,26.69021,25.166702,27.617722,23.75494,27.749395,22.7867,26.35688,27.794502,25.263964,23.18891,20.767212,16.597775,15.845962,11.598767,11.749877
33,36.987106,34.646755,31.437801,28.223738,26.301035,22.743456,21.772503,18.089342,15.23791,15.093121,11.065572,13.2392025,11.667891,14.519951,16.177923,14.839959,18.98998,19.167824,25.259819,25.001,29.52659,32.12732,35.045685,29.556837,28.1724,25.608501,21.210949,18.97276,15.061551,14.118558,10.081961,7.0547967,5.447976,0.0,5.4261436,8.087413,7.74828,7.957677,11.222384,12.466617,12.648699,15.676217,16.597847,17.82929,18.187492,21.830975,23.76232,23.296652,25.135576,22.749168,21.156143,26.486582,27.17983,23.94581,25.26242,24.8149,20.872051,21.86278,23.955456,19.734722,16.1695,19.368538,18.211744,18.82076,14.740903,11.774659,13.556457,11.108003,12.347937,17.584255,16.817976,15.216203,17.225023,22.716633,21.490759,26.318584,26.43542,24.583914,29.401203,27.24124,29.602667,32.76109,30.03071,26.997416,22.575333,26.713346,20.610382,23.889992,21.697092,22.606857,23.252573,22.662342,23.870075,27.43927,29.47319,29.30054,29.367737,28.70254,30.550056,27.382425,30.78049,26.042086,29.257198,30.446867,28.446526,26.570278,24.637928,20.312191,20.406706,16.13772,16.983084
34,34.896507,32.331272,29.781597,25.853521,24.338583,21.472254,19.912313,17.63854,14.005582,15.52893,11.9274435,14.491074,12.500549,14.162152,14.369706,11.766107,15.664513,14.837072,21.171167,20.180696,24.580757,27.32352,29.92128,24.502586,23.371964,21.04861,16.541643,15.013081,10.866184,11.304084,6.0796146,6.4287405,7.4548984,5.4261436,0.0,4.6094437,6.2533064,5.359836,6.484315,8.451242,9.878363,11.206746,11.793513,14.052186,14.632857,17.048216,19.348625,19.537851,21.096361,19.354908,17.111149,21.781176,22.95288,19.968786,20.548128,19.720778,15.669058,16.634745,19.191683,15.3836155,11.049878,14.885871,14.552946,15.766388,11.504714,7.7442245,10.740376,8.613484,7.7094374,13.223378,13.398829,11.571643,12.415312,17.986061,16.291943,21.151638,21.087063,19.161196,24.012459,21.999878,24.52729,27.86375,25.40823,22.209028,17.706951,21.726734,15.603487,19.01138,17.377073,18.608812,20.028988,19.806528,21.676567,24.610603,26.18849,25.911394,25.339706,25.217104,26.26125,23.683723,26.620735,22.202702,25.334122,26.60435,25.220428,23.223711,22.456186,17.377762,18.597137,14.343325,16.294342
35,31.772285,28.897888,26.46552,22.411297,20.60042,18.325014,15.888408,14.167066,9.970381,12.047771,8.918778,11.462913,9.770818,10.474431,11.393953,7.852969,12.096314,11.535878,17.959606,17.8349,22.20156,25.014952,27.988394,23.170124,22.224808,19.50589,15.780236,14.188382,9.6515,11.220349,4.064009,8.492566,6.918149,8.087413,4.6094437,0.0,4.350643,6.9910827,5.7573366,5.354382,8.624806,11.15363,9.995593,11.597014,13.70133,16.118254,16.76737,17.40878,19.869366,18.508163,17.108017,20.632555,22.900223,20.568869,20.878391,20.10004,15.590206,17.24407,20.549053,16.670275,12.124215,17.12786,17.753164,19.176552,14.618843,10.980128,14.669122,12.495944,10.147188,15.641313,16.00866,13.236371,13.600878,18.662956,16.677681,21.157738,20.408773,18.213446,22.490774,20.271904,22.145508,25.319845,22.27844,19.156763,14.76022,18.89366,12.999583,16.997421,15.256533,17.253338,18.455126,19.202215,20.589659,22.848682,24.610762,23.781826,23.167564,22.327095,23.226757,19.926943,22.766823,18.110134,21.25753,22.562477,20.852993,18.83452,17.869408,12.854609,14.090516,10.000077,12.540298
