,0,1,2,3,4,5,6,7,8,9,10,11,12,13,14,15,16,17,18,19,20,21,22,23,24,25,26,27,28,29,30,31,32,33,34,35,36,37,38,39,40,41,42,43,44,45,46,47,48,49,50,51,52,53,54,55,56,57,58,59,60,61,62,63,64,65,66,67,68,69,70,71,72,73,74,75,76,77,78,79,80,81,82,83,84,85,86,87,88,89,90,91,92,93,94,95,96,97,98,99,100,101,102,103,104,105,106,107,108
0,0.0,3.389612,7.2050157,10.163141,12.681922,14.564554,18.12404,21.40025,24.854567,27.389887,31.377851,29.82804,26.625896,25.712318,20.809011,21.762896,16.534962,18.187296,15.709088,16.661833,18.960186,16.215271,21.614658,23.697834,25.495398,25.93932,29.644587,29.989782,27.291496,28.666077,28.84244,29.797308,35.416794,33.709324,38.781338,39.026352,41.92133,42.444744,38.198242,34.571995,38.98068,35.23443,34.840576,34.50922,33.368614,33.947384,31.556385,36.04541,33.93394,38.59635,39.182133,38.53473,37.89772,39.831932,36.048553,36.834236,33.59446,36.92241,35.960247,36.82729,33.354855,39.30735,37.099087,38.462814,41.36305,38.974747,42.29235,40.95789,43.37905,40.13008,35.190807,35.523136,32.125595,33.227497,31.452486,27.828943,29.906471,29.72252,30.334307,33.25252,30.37437,27.160563,27.23113,24.5209,24.85295,21.658173,22.705559,20.110239,19.601313,21.210297,19.590801,24.99927,21.954687,24.312086,23.00535,23.091131,22.79448,21.182411,17.837982,20.83023,19.370438,16.081673,20.504778,22.100508,25.764423,25.769478,29.957445,31.03388,35.172478
1,3.389612,0.0,4.3682246,6.9602184,9.720511,11.295334,15.030896,18.270027,21.611246,24.275936,28.096699,26.5413,23.424229,22.37689,17.509861,18.410744,13.187096,15.096483,12.82794,14.352087,16.946085,14.8874655,20.305725,22.043255,24.555666,24.986458,28.331833,28.248781,25.168722,26.209988,26.258907,26.919037,32.367252,30.464437,35.5779,35.73966,38.633507,39.248745,35.00439,31.456305,35.987034,32.46839,32.118504,32.1488,30.964884,31.961504,29.827118,34.5724,32.761482,37.447224,37.785725,37.518055,37.293346,39.09119,35.307896,35.8617,32.2542,35.450916,34.27326,34.93506,31.445995,37.290833,34.816204,36.276207,38.815872,36.648808,39.88268,38.459637,41.069706,38.091953,33.13912,33.363716,29.745302,30.933184,28.70304,25.223711,27.090946,26.682741,27.247345,30.073961,27.147448,23.97051,23.88104,21.264404,21.730783,18.702528,19.892279,17.95755,17.726849,19.864353,18.79942,24.34683,22.037994,24.712637,23.040964,23.16013,22.367378,20.193605,16.925234,18.964153,17.838924,14.72273,18.574581,20.01786,23.355673,23.171043,27.30608,28.14439,32.34643
2,7.2050157,4.3682246,0.0,5.1008935,6.572332,7.6416373,11.51631,14.22346,17.909153,20.219238,24.395237,22.876255,19.68078,18.994627,13.959696,15.263681,10.542645,12.495108,11.8636,13.44216,16.856005,15.96345,21.157938,21.89201,24.98422,24.896944,27.559975,27.137863,23.051605,24.14048,23.47322,24.47402,29.124273,27.46287,32.40369,32.444553,35.62405,36.33989,32.31997,28.973654,33.233326,30.193079,29.423779,30.083498,28.349596,30.003523,27.840052,32.996666,31.346914,36.02732,35.791092,35.604893,35.81134,37.12645,33.144855,33.299976,29.536987,32.4879,30.906338,31.715591,28.428036,34.34013,31.872375,33.717365,36.077343,34.445065,37.69791,36.502396,39.45521,36.788418,31.913397,32.458523,28.496769,30.402798,27.414078,24.476269,26.184858,25.271643,25.909637,28.428135,25.438898,22.378946,21.34439,19.09799,19.347807,17.182617,17.503252,16.609388,16.070187,18.74483,17.93986,23.406181,22.093527,24.552155,22.026752,21.807945,20.326015,18.096395,14.703151,15.804534,14.430661,11.245396,14.522688,16.070084,19.051414,19.181667,23.134941,24.15458,28.274542
3,10.163141,6.9602184,5.1008935,0.0,3.797071,6.203387,8.579809,12.940089,15.271385,18.510054,21.807352,20.883009,18.361786,16.75812,12.110433,11.882008,6.604574,8.166303,6.7667665,8.98915,12.280638,12.187573,17.040815,17.631746,21.42964,21.689138,24.143816,23.246403,19.564209,19.977715,19.917986,20.116354,25.526478,23.552715,28.671762,28.94786,31.768847,32.30002,28.070494,24.532486,29.074736,25.7693,25.485773,25.99193,24.820633,26.439837,24.861202,29.93583,28.758137,33.378864,33.331223,33.874912,34.434845,36.079376,32.520042,32.73958,28.424593,31.37824,30.042927,30.057943,26.474073,31.925327,28.952328,30.436705,32.396397,30.50828,33.593967,32.07395,34.960793,32.430164,27.524654,27.703978,23.72673,25.377707,22.38844,19.37705,21.159399,20.416851,21.26678,23.973415,21.314907,17.93069,17.3677,14.613253,14.810606,12.178448,13.217325,12.559532,12.9696045,16.059797,16.328917,21.751854,21.066154,24.311802,22.229471,22.63604,21.069313,17.59743,15.0568,14.850836,15.161202,13.407954,15.6341,16.141523,19.157032,17.783562,22.00389,22.13126,26.48566
4,12.681922,9.720511,6.572332,3.797071,0.0,5.3557777,5.551573,10.588384,12.8003235,15.756788,19.487812,19.096313,16.747585,15.490566,10.825455,10.364962,6.180311,6.3015556,7.653395,8.53321,12.591324,13.476067,17.811266,17.254675,21.17571,20.771225,22.576452,21.566036,16.957634,17.747625,16.97708,17.987724,22.811924,21.5233,26.347088,26.744684,29.84088,30.237906,26.279625,22.826866,26.787378,23.699272,22.852789,23.684866,21.930609,23.933094,22.162323,27.52944,26.38622,30.978434,30.48227,30.992579,31.837812,33.12145,29.45848,29.432045,25.031076,27.843592,26.338892,26.435406,22.965965,28.525324,25.68871,27.464258,29.560051,28.021732,31.219944,30.065002,33.16904,30.751892,25.96516,26.702616,22.529432,25.140293,21.738335,19.390312,21.349503,20.301271,21.490896,23.920086,21.494883,18.122074,16.507437,13.967509,13.314664,11.776057,11.0181675,11.034742,10.790338,14.213064,14.626568,19.783316,19.980007,22.932585,20.240644,20.460648,18.426163,14.817866,12.442626,11.306263,11.870441,10.816691,12.356056,12.491855,15.727085,14.077342,18.423101,18.743605,23.050272
5,14.564554,11.295334,7.6416373,6.203387,5.3557777,0.0,6.004118,7.2046666,10.666154,13.237679,16.938452,15.32403,12.396403,11.414599,6.3944483,8.03307,4.793492,7.8989053,9.827932,12.7245655,16.36077,17.565977,21.799318,21.418964,25.901205,25.710623,27.1774,25.654305,20.590853,20.59766,19.264017,19.35534,22.83334,20.59947,25.544424,25.217777,28.504543,29.57736,25.70955,22.802963,27.258566,25.23139,24.47013,26.427221,24.46451,27.43394,26.09051,31.677408,30.886442,35.365852,34.418747,35.16653,36.386326,37.23823,33.408497,32.921085,28.447807,30.819803,28.622612,28.894257,25.815235,31.158398,28.049137,30.221617,31.41066,30.64183,33.55047,32.209824,35.683163,33.914642,29.258854,29.56463,25.136232,27.35171,22.997568,20.919807,21.758083,19.965055,20.400976,22.34167,19.247446,16.602427,14.426354,13.007155,13.700098,13.020108,13.315962,15.319765,15.555641,19.237375,19.87143,24.87282,25.302452,28.083237,25.022234,24.837898,22.40799,19.265318,16.684313,14.702072,14.474484,12.645528,12.935085,13.754813,14.882148,14.560348,17.914398,18.135452,22.326622
6,18.12404,15.030896,11.51631,8.579809,5.551573,6.004118,0.0,6.7240334,7.4552336,10.698409,14.119646,14.408572,12.785185,11.42018,7.6673326,6.0802226,5.2978663,4.0209517,9.004026,10.054553,13.915315,16.429277,19.633814,17.890625,22.61346,21.901394,22.485476,20.630335,14.976499,15.001921,13.281339,13.993384,17.627447,16.395739,21.052288,21.348663,24.646519,25.15113,21.443762,18.325777,22.059265,19.82116,18.674011,20.68446,18.47938,21.689976,20.532547,26.216335,25.761316,30.0808,28.883717,30.06288,31.730719,32.51883,29.00876,28.429073,23.568985,25.826077,23.84432,23.513514,20.29625,25.359762,22.094948,24.232723,25.491161,24.772772,27.74763,26.67456,30.24177,28.55547,24.067636,24.889793,20.363573,23.642036,19.135674,17.865923,19.283503,17.520647,18.81755,20.662539,18.488426,15.448455,12.454969,10.627552,9.48947,10.076415,8.006847,11.140572,11.301315,15.229878,16.694126,21.01303,22.679165,25.560165,22.432178,22.571918,19.869118,15.888402,14.405791,10.662591,12.284196,12.586908,11.643206,10.828478,12.630504,10.017167,13.993513,13.605258,17.999796
7,21.40025,18.270027,14.22346,12.940089,10.588384,7.2046666,6.7240334,0.0,5.3713474,6.2272716,10.780637,9.383539,6.7603106,7.181065,3.9903622,6.5439644,8.7535515,10.042202,14.5167465,16.65356,20.326117,22.761322,26.088495,24.417067,29.297491,28.493406,28.689558,26.58116,20.324465,20.013445,17.23153,17.600395,18.317816,16.568607,20.75585,19.98822,23.853985,25.237309,22.129179,20.084103,23.678347,23.164265,21.647589,25.094278,22.240732,26.547897,25.55884,31.410608,31.153164,35.258396,33.315308,34.41859,36.460297,36.45739,32.629528,31.378725,26.758455,28.320456,25.340843,25.619621,23.248129,28.065636,24.91923,27.765322,28.12076,28.673338,31.321384,30.411858,34.414173,33.490776,29.356478,30.075392,25.411983,28.604628,23.174938,22.516918,22.769379,20.11719,20.57744,21.480833,18.691736,16.913177,12.577825,12.891301,13.067807,14.974174,13.514128,17.750454,17.731188,21.580307,22.752691,26.846497,28.70779,31.06176,27.25501,26.718529,23.520523,20.54848,18.665443,14.586497,14.642374,14.135947,11.480862,11.658316,10.011731,10.219809,12.059213,12.131762,15.966227
8,24.854567,21.611246,17.909153,15.271385,12.8003235,10.666154,7.4552336,5.3713474,0.0,4.5913396,6.694147,7.615985,7.632333,6.3962784,6.446105,4.8777184,9.646603,9.347642,14.406819,16.172104,19.248903,22.635757,24.942621,22.605,27.891829,27.127563,26.583109,23.868616,17.749073,16.487146,13.695831,13.083368,13.210617,11.222427,15.480548,14.94167,18.694416,19.9089,16.798098,14.881439,18.416716,18.356384,17.03895,21.067184,18.49362,23.297035,23.127424,28.790361,29.198948,32.987488,30.944649,32.861996,35.413116,35.50754,32.205746,30.897102,25.845419,27.140831,24.384777,23.688723,21.27718,25.201412,21.479584,24.112755,23.626194,24.457458,26.779459,25.71441,29.859114,29.461468,25.63902,26.197,21.529448,24.939878,19.067442,19.274359,19.269897,16.379606,17.179,17.714783,15.68324,14.002097,8.894393,9.714096,9.284494,12.672104,10.825314,16.442858,17.072227,20.93158,23.009586,26.497225,29.161293,31.867348,28.39203,28.301445,25.096388,21.357874,20.42945,15.289673,16.946823,17.724434,14.657924,13.532282,11.945814,9.620999,11.108651,9.236615,13.275008
9,27.389887,24.275936,20.219238,18.510054,15.756788,13.237679,10.698409,6.2272716,4.5913396,0.0,5.9045615,6.604279,6.70869,7.86027,8.663513,9.171158,13.526762,13.444996,18.657455,20.12957,23.470196,26.724817,29.168268,26.57881,31.623064,30.455875,29.587082,27.000374,20.318602,19.562794,15.883771,16.272736,14.123541,13.187195,16.192875,15.163548,19.445995,20.929617,18.724897,17.62092,20.05199,20.992447,18.930035,23.553066,20.2095,25.476353,25.047737,30.784561,31.133354,34.73958,32.085236,33.7044,36.465103,35.893238,32.37398,30.588327,25.85868,26.632738,23.240774,23.120491,21.436945,25.277538,22.041111,25.262325,24.664413,26.384115,28.639782,28.09939,32.421036,32.302418,28.799288,29.791151,25.181059,29.041826,23.067488,23.66865,23.548794,20.488688,21.117992,21.143877,19.119942,18.050995,12.616045,14.134936,13.615329,17.223198,14.67644,20.098417,20.100256,23.786386,25.508425,28.672491,31.6287,33.792435,29.7711,29.218609,25.684433,22.676788,21.68738,16.34995,17.213737,18.043802,13.930408,13.033128,9.45473,8.893975,8.384161,7.299254,10.523647
10,31.377851,28.096699,24.395237,21.807352,19.487812,16.938452,14.119646,10.780637,6.694147,5.9045615,0.0,5.116422,8.411864,7.983011,11.4005785,10.381109,15.772787,15.534224,20.286362,22.11649,24.666355,28.492058,30.12635,27.411798,32.874775,32.070858,30.738455,27.534575,21.559662,19.541903,16.425741,14.898228,11.255462,8.846907,11.51177,9.775042,13.941,15.953455,14.002146,13.869104,16.50984,18.71972,17.409906,22.733095,20.152231,25.77389,26.397078,31.721748,32.79607,36.03366,33.42395,35.912888,39.08661,38.692062,35.712574,33.926632,28.914125,29.40362,26.271957,25.195993,23.595764,26.192818,22.323137,25.120586,23.039217,25.230307,26.795565,25.821014,30.243202,30.987278,27.936047,28.292183,23.853374,27.212652,20.763208,22.190796,21.169945,17.742983,18.104557,17.271408,15.894928,15.750589,10.130762,12.907833,12.892169,17.26036,15.66907,21.891125,22.730711,26.394047,28.824743,31.684402,34.98693,37.585407,33.992775,33.826168,30.407692,26.8287,26.331198,20.668922,22.419596,23.548285,19.634333,18.32631,15.041361,13.214582,12.206845,9.094655,11.363516
11,29.82804,26.5413,22.876255,20.883009,19.096313,15.32403,14.408572,9.383539,7.615985,6.604279,5.116422,0.0,4.1439357,4.731061,9.040006,10.063151,14.969554,16.194456,20.361774,23.142601,25.893066,29.178226,31.508028,29.5343,35.06557,34.54625,33.873554,30.87972,24.93981,23.123604,20.297457,18.660145,16.259235,12.983936,16.174839,13.968517,17.726784,20.248158,17.991194,17.699163,21.244413,23.033617,22.051216,26.990887,24.527475,29.865292,30.131887,35.662655,36.3812,39.93003,37.518955,39.619884,42.46052,42.130943,38.779617,37.056065,32.197823,32.927963,29.587852,29.106033,27.3986,30.633411,26.916136,29.757486,28.016554,29.862404,31.560501,30.342487,34.67092,35.155514,31.750908,31.769732,27.228336,29.886673,23.459417,24.088236,22.698046,19.159723,18.763474,18.013018,15.551139,15.840884,10.61828,13.687284,14.974955,18.416965,17.978458,23.809729,24.660841,28.53872,30.560658,34.0751,36.696384,39.304333,35.602734,35.21102,31.821903,28.566975,27.353582,22.333029,23.15575,23.24842,19.68801,19.288094,15.565501,15.410209,14.633487,12.747181,15.113454
12,26.625896,23.424229,19.68078,18.361786,16.747585,12.396403,12.785185,6.7603106,7.632333,6.70869,8.411864,4.1439357,0.0,3.963564,6.322291,9.2854,13.132616,15.132978,19.06106,22.076735,25.195854,27.939425,30.910076,29.348848,34.67955,34.165,34.01832,31.395168,25.31401,24.062668,21.261131,20.26214,19.035355,16.056787,19.72931,17.842125,21.63047,23.943293,21.331676,20.427063,24.244173,25.23066,24.108122,28.54156,25.910069,30.896582,30.611803,36.34185,36.60291,40.44063,38.19633,39.791367,42.2561,41.98706,38.305824,36.70848,32.037632,33.067963,29.68555,29.744318,27.862822,31.838161,28.383799,31.319057,30.354187,31.752535,33.81766,32.649185,36.881508,36.83005,33.06151,33.20989,28.569286,31.169983,25.041784,24.955935,23.945818,20.641191,20.217493,20.070988,17.023474,16.78326,12.0283375,14.2972975,15.745662,18.371105,18.06104,23.245113,23.796747,27.719929,29.260448,33.193718,35.284317,37.749878,33.932262,33.341816,30.018871,27.111712,25.372835,20.977041,21.047365,20.425354,17.265577,17.531,13.981883,14.902329,14.748434,13.94267,16.751337
13,25.712318,22.37689,18.994627,16.75812,15.490566,11.414599,11.42018,7.181065,6.3962784,7.86027,7.983011,4.731061,3.963564,0.0,5.093166,6.4537888,10.769505,12.809883,16.299212,19.66837,22.363337,25.299185,27.965418,26.583673,32.127903,31.964846,31.917316,29.103476,23.591417,21.797556,19.68047,17.723242,17.609339,13.744269,18.125343,16.482386,19.823517,22.021837,18.850925,17.608358,22.175573,22.751772,22.258722,26.405098,24.410164,29.144632,29.232412,34.795128,35.249218,39.09966,37.242767,39.208054,41.642624,41.822563,38.40368,37.089424,32.13553,33.411182,30.44559,29.949963,27.658703,31.441837,27.589247,30.090738,28.933249,29.861311,31.819767,30.24052,34.34055,34.282234,30.433695,30.145897,25.556067,27.661943,21.542452,21.320318,20.09672,16.794073,16.296194,16.32831,13.216174,12.822119,8.241279,10.590835,12.616112,15.06601,15.676414,21.006737,22.13254,26.10511,28.022636,32.038246,34.04549,36.94558,33.579956,33.38095,30.275835,26.776222,25.244537,20.83086,21.638329,21.216587,18.602459,18.468458,15.985753,15.471231,16.150969,14.519237,17.825785
14,20.809011,17.509861,13.959696,12.110433,10.825455,6.3944483,7.6673326,3.9903622,6.446105,8.663513,11.4005785,9.040006,6.322291,5.093166,0.0,4.9288173,6.976662,9.71418,13.078685,16.365093,19.577827,21.904652,25.263765,24.213753,29.388937,29.146763,29.690348,27.397528,21.828047,20.850687,18.87011,17.952394,19.457127,16.455551,21.18454,20.189148,23.627077,25.282516,21.764547,19.666883,24.193222,23.574001,22.829468,26.123676,23.977568,28.08693,27.49264,33.190853,33.090378,37.250164,35.693604,37.096447,39.04918,39.434856,35.762154,34.731632,29.95719,31.684391,28.931519,28.860785,26.237682,30.830463,27.304775,29.782446,29.722664,29.957928,32.406414,30.980703,34.87804,34.04727,29.792118,29.83863,25.210793,27.504425,22.02091,20.966976,20.682482,17.96675,17.926743,18.91907,15.686082,14.083536,10.405885,10.85595,12.313842,13.581781,13.912109,18.174587,18.88831,22.841545,24.239853,28.667385,30.106377,32.900417,29.540155,29.2718,26.3465,23.035887,21.050892,17.403719,17.712065,16.738611,14.952401,15.264049,13.9947605,13.772974,15.687181,15.045921,18.92189
15,21.762896,18.410744,15.263681,11.882008,10.364962,8.03307,6.0802226,6.5439644,4.8777184,9.171158,10.381109,10.063151,9.2854,6.4537888,4.9288173,0.0,5.4729414,6.4326687,10.334762,13.268603,16.02782,19.121887,21.702782,20.227402,25.701794,25.589855,25.816187,23.184309,18.045336,16.43117,15.028049,13.2856045,15.945774,12.7634,17.90402,17.52011,20.560278,21.738024,17.836939,15.244814,20.055685,18.932243,18.624662,21.675749,20.080395,24.041471,23.95682,29.438467,29.705275,33.73535,32.42686,34.377193,36.502613,37.248783,34.022697,33.19989,28.085114,29.902086,27.639101,26.780518,23.825207,27.951061,24.02247,26.050661,25.788258,25.638617,27.988327,26.318611,30.126942,29.336784,25.10981,24.978163,20.353336,22.701733,17.15548,16.333845,16.265884,13.649416,14.210073,15.50074,12.955119,10.598652,6.844644,6.3749933,7.3908715,9.171163,9.646499,14.615245,15.983529,19.951992,22.066715,26.169039,28.03718,31.252312,28.356941,28.59831,25.829527,21.725035,20.469725,16.277517,17.986673,18.055477,16.354883,15.6399555,15.368793,13.012972,15.530454,13.821211,18.005953
16,16.534962,13.187096,10.542645,6.604574,6.180311,4.793492,5.2978663,8.7535515,9.646603,13.526762,15.772787,14.969554,13.132616,10.769505,6.976662,5.4729414,0.0,4.547543,6.15443,9.909028,12.931456,14.9702,18.505396,18.051025,23.094816,23.325546,24.61347,22.63491,18.246548,17.36788,16.86704,15.755539,20.285606,17.500181,22.765125,22.731428,25.516447,26.376198,22.16727,18.976679,23.930483,21.553343,21.480345,23.211185,22.009672,24.835922,24.168245,29.51159,29.185371,33.543404,32.904617,34.3366,35.775707,37.034996,33.679756,33.36571,28.487827,30.894003,29.08496,28.531116,25.15508,29.923496,26.30251,27.9865,28.722376,27.594952,30.284246,28.52035,31.874752,30.24869,25.588064,25.392893,20.990448,22.766525,18.37195,16.198957,16.97917,15.329765,15.973091,18.200663,15.45961,12.336905,10.8780365,8.645112,9.575431,8.375909,10.008095,12.603205,13.938074,17.760653,19.305458,24.101904,24.878206,28.280731,25.814034,26.20967,23.947763,19.898787,18.096241,15.444032,16.715425,15.963721,15.967131,15.798802,17.150492,15.134421,18.684616,17.810062,22.185843
17,18.187296,15.096483,12.495108,8.166303,6.3015556,7.8989053,4.0209517,10.042202,9.347642,13.444996,15.534224,16.194456,15.132978,12.809883,9.71418,6.4326687,4.547543,0.0,5.6518416,6.9919524,10.331853,13.318285,16.106882,14.583369,19.69695,19.53123,20.349936,18.273697,13.7051935,12.985365,12.63421,12.120115,17.500578,15.739295,20.737885,21.376547,24.080273,24.31557,20.181034,16.608015,20.917612,17.91056,17.613764,18.902905,17.705757,20.306046,19.66203,24.98442,24.773182,29.070963,28.453829,30.091675,31.674904,33.045563,29.964594,29.755444,24.710068,27.17777,25.75809,24.773928,21.190786,25.80436,22.167103,23.641857,24.746435,23.318005,26.171576,24.618568,27.912298,26.076273,21.416147,21.710482,17.266298,19.966516,15.807525,14.067485,15.787696,14.498753,16.071611,18.386042,16.56967,13.010186,11.2549305,8.298926,7.024241,6.246168,5.6428313,8.552862,9.984914,13.901707,16.012873,20.358349,21.839586,25.33987,22.994457,23.703363,21.450127,16.841213,15.833327,12.527926,15.038758,15.5507555,15.293815,14.1767435,16.42657,12.925274,16.993681,15.8315325,20.2566
18,15.709088,12.82794,11.8636,6.7667665,7.653395,9.827932,9.004026,14.5167465,14.406819,18.657455,20.286362,20.361774,19.06106,16.299212,13.078685,10.334762,6.15443,5.6518416,0.0,5.271814,7.1783094,9.065576,12.480839,12.8265915,17.73155,18.65414,20.669565,18.994759,16.42995,15.504281,16.730072,15.305627,22.006014,19.554094,24.800104,25.490652,27.587166,27.767464,23.240398,19.404621,24.373621,20.587738,21.273445,21.38796,21.345467,22.74391,22.231659,26.899498,26.500021,30.86104,31.163334,32.756565,33.758034,35.853714,33.001526,33.33696,28.475437,31.329832,30.427412,29.328712,25.467407,29.981867,26.343033,27.143475,28.413698,26.068361,28.799564,26.710903,29.39965,27.100832,22.21591,21.65386,17.744507,18.755123,15.8935795,12.632512,14.64018,14.392715,15.703364,18.766747,16.89692,12.993826,13.629861,9.938175,9.986718,5.9929748,9.202752,9.039141,11.3987465,14.61256,16.490671,21.279858,21.450024,25.51567,24.188534,25.33044,23.824718,19.198675,17.970112,16.353394,18.56162,18.315687,19.428616,18.775015,21.565477,18.406784,22.60685,21.450172,25.865572
19,16.661833,14.352087,13.44216,8.98915,8.53321,12.7245655,10.054553,16.65356,16.172104,20.12957,22.11649,23.142601,22.076735,19.66837,16.365093,13.268603,9.909028,6.9919524,5.271814,0.0,4.3173575,6.8412137,9.714925,8.817993,13.2740555,13.628709,15.7341175,14.566845,12.414283,12.537898,14.229253,14.267074,21.609612,20.565374,25.273836,26.603104,28.703016,28.219862,23.958185,19.854937,23.727879,19.091698,19.353771,18.32856,18.318039,18.71554,17.745548,22.192406,21.497707,25.92484,26.533346,27.946724,28.727036,31.110973,28.509047,29.182606,24.444029,27.553373,27.280645,26.002811,21.929354,26.477373,23.228386,23.689455,25.93441,22.978222,26.044598,24.399406,26.768261,23.802382,18.842035,19.167402,15.532651,17.702116,15.905807,13.057003,16.388187,16.70786,18.822844,21.847527,20.717564,16.666418,16.770092,12.938553,11.119781,7.801294,7.8178463,4.298826,6.6523786,9.450527,11.638849,16.159376,16.61708,20.823368,19.853785,21.411707,20.228386,15.232555,14.791485,13.579283,16.625345,17.383516,18.78487,17.524326,21.472319,17.502928,22.145838,21.215057,25.48552
20,18.960186,16.946085,16.856005,12.280638,12.591324,16.36077,13.915315,20.326117,19.248903,23.470196,24.666355,25.893066,25.195854,22.363337,19.577827,16.02782,12.931456,10.331853,7.1783094,4.3173575,0.0,4.799793,5.7754498,5.916263,10.737502,12.279185,14.771824,13.527514,13.596457,12.926843,15.96049,14.91951,23.07864,21.7485,26.37606,27.947233,29.427761,28.678877,24.276297,20.04734,24.080727,18.89121,20.05779,18.126272,19.333096,18.848259,18.572468,22.149252,21.78931,25.930492,27.233326,29.100998,29.759613,32.686638,30.63336,31.615698,26.889864,30.02473,30.209213,28.415632,24.245602,28.115456,24.687214,24.426533,26.430187,22.791601,25.554363,23.439661,25.249176,22.089535,17.147743,16.67697,13.671067,14.61627,14.183642,10.706071,14.569277,15.836257,18.114443,21.41112,20.848995,16.74377,18.076927,13.997845,12.416206,8.3044815,9.982446,6.0613136,9.303085,10.917453,13.535711,17.365065,17.522083,22.174122,22.18029,24.192108,23.45346,18.345762,18.376211,17.401632,20.74038,21.59825,23.073175,21.674404,25.548801,21.214857,25.726522,24.33034,28.506329
21,16.215271,14.8874655,15.96345,12.187573,13.476067,17.565977,16.429277,22.761322,22.635757,26.724817,28.492058,29.178226,27.939425,25.299185,21.904652,19.121887,14.9702,13.318285,9.065576,6.8412137,4.799793,0.0,5.430308,8.477466,10.927484,12.975306,16.791553,16.617125,17.21339,17.337612,20.158411,19.659708,27.684471,26.291769,31.044184,32.476994,34.06477,33.4318,28.983267,24.775442,28.871447,23.624891,24.657276,22.395681,23.484373,22.434675,21.556396,24.778381,23.776144,28.003616,29.785208,30.981953,30.924011,34.162357,31.989319,33.331356,29.053625,32.48121,32.84259,31.499414,27.309372,31.589748,28.570484,28.299871,30.832151,26.96641,29.83081,27.827518,29.298883,25.721806,20.86702,20.422688,17.987429,18.226625,18.607536,14.702962,18.317244,19.7807,21.662514,25.124886,24.177622,20.132984,21.81041,17.76755,16.741266,12.321992,14.202182,9.434673,11.474647,12.247077,13.565131,17.820627,16.321037,21.010252,21.66539,23.753096,23.63577,19.084238,18.612665,19.20286,21.769547,21.936443,24.441002,23.55412,27.894398,24.210102,28.926554,28.044872,32.295216
22,21.614658,20.305725,21.157938,17.040815,17.811266,21.799318,19.633814,26.088495,24.942621,29.168268,30.12635,31.508028,30.910076,27.965418,25.263765,21.702782,18.505396,16.106882,12.480839,9.714925,5.7754498,5.430308,0.0,5.3338156,7.415286,10.649186,14.153508,13.814931,16.589348,16.096428,20.01011,18.934208,27.4378,26.332705,30.638859,32.511917,33.486794,32.35589,28.03926,23.813221,27.454062,21.700447,23.387697,20.133507,22.356205,20.379215,20.320642,22.515776,22.08257,25.810417,28.176842,30.057457,30.144712,33.818924,32.398148,33.942135,29.590107,32.894737,33.788494,31.719385,27.49822,30.8393,27.69798,26.638575,28.975485,24.467419,26.988499,24.729269,25.538136,21.767418,17.179893,16.2492,14.782812,14.314551,16.392471,12.755273,16.938725,19.203856,21.515444,24.936556,24.900614,20.921818,23.094503,19.009604,17.51043,13.399586,15.183515,10.429414,13.074457,13.004114,15.264849,18.128931,17.379951,22.289202,23.677584,26.216415,26.261223,21.362165,21.830626,21.80155,25.19362,26.12806,28.108784,26.66513,30.955063,26.458275,31.020046,29.584925,33.61333
23,23.697834,22.043255,21.89201,17.631746,17.254675,21.418964,17.890625,24.417067,22.605,26.57881,27.411798,29.5343,29.348848,26.583673,24.213753,20.227402,18.051025,14.583369,12.8265915,8.817993,5.916263,8.477466,5.3338156,0.0,5.9427896,7.595655,9.638552,8.639073,11.580023,11.211904,15.349523,14.929975,23.309769,23.136395,26.935892,29.154682,30.214674,28.719501,24.737082,20.518171,23.267637,17.307655,18.604168,14.999515,17.19962,15.053169,15.196168,17.5581,17.493885,21.216204,23.221626,25.513956,26.138422,29.571676,28.341078,29.694077,25.134579,28.246931,29.273928,26.840689,22.65374,25.631868,22.486029,21.313124,23.853981,19.30556,22.022245,20.130627,21.171247,17.311375,12.521725,12.65689,10.776117,12.536102,14.055842,11.68585,16.29311,18.153496,21.006638,24.06083,24.414936,20.44276,21.599827,17.690065,15.094467,12.191566,11.980118,7.245991,9.90612,9.6709795,12.993283,14.9990835,15.990646,20.705751,21.568457,24.120644,23.781628,18.53861,19.779388,18.764091,22.867765,24.697277,25.920353,23.91291,28.168535,23.06785,27.47392,25.878082,29.64479
24,25.495398,24.555666,24.98422,21.42964,21.17571,25.901205,22.61346,29.297491,27.891829,31.623064,32.874775,35.06557,34.67955,32.127903,29.388937,25.701794,23.094816,19.69695,17.73155,13.2740555,10.737502,10.927484,7.415286,5.9427896,0.0,4.152181,8.247927,9.769958,14.556396,15.493071,19.45047,20.118628,28.1813,28.676529,32.11418,34.55121,35.570858,33.771458,30.064905,25.926598,27.912174,21.738789,22.707304,18.056961,20.345657,16.604519,16.075497,16.853184,16.0384,19.397966,22.553692,24.209936,23.886225,28.070843,27.404846,29.445614,25.637371,28.996548,30.832241,28.520153,24.42557,27.211924,24.92217,23.237452,26.793766,21.661436,24.40511,23.049318,23.163519,18.459074,14.4217415,15.302743,14.924751,16.44054,19.35723,17.152521,21.782387,23.932838,26.770193,29.858921,30.286024,26.309744,27.501162,23.58182,20.895319,18.018469,17.261406,11.628062,12.786783,10.6196,12.784111,13.380198,13.340884,17.983465,20.289124,23.326258,23.919167,19.26506,20.95287,21.31443,25.180035,27.129864,29.009617,27.043215,31.979607,27.015982,31.546698,30.387945,33.954533
25,25.93932,24.986458,24.896944,21.689138,20.771225,25.710623,21.901394,28.493406,27.127563,30.455875,32.070858,34.54625,34.165,31.964846,29.146763,25.589855,23.325546,19.53123,18.65414,13.628709,12.279185,12.975306,10.649186,7.595655,4.152181,0.0,5.175021,7.9330497,12.157079,14.234385,17.563408,19.497782,26.937403,28.256477,31.335468,33.88918,35.219055,33.287106,29.904606,25.86828,27.101952,21.07132,21.22677,16.502436,18.066736,13.987769,12.66772,13.499271,12.165678,15.827407,18.820639,20.150986,19.82835,23.934305,23.277086,25.370405,21.717718,25.111008,27.186594,24.9668,20.955183,23.84661,22.043587,20.489822,24.782177,19.817728,22.90657,22.251535,22.594376,17.759346,13.870945,16.086983,15.380779,18.429121,20.55238,18.989637,23.624784,25.316309,28.305956,31.179031,31.542538,27.571524,27.932837,24.202536,20.987885,18.862543,16.657215,11.00944,11.051433,8.016187,10.13457,9.585098,10.73568,15.032581,17.089468,20.170382,20.738771,16.19765,18.459757,18.802412,22.808966,25.282824,26.945412,24.754356,29.906254,24.892574,29.350464,28.496458,31.821518
26,29.644587,28.331833,27.559975,24.143816,22.576452,27.1774,22.485476,28.689558,26.583109,29.587082,30.738455,33.873554,34.01832,31.917316,29.690348,25.816187,24.61347,20.349936,20.669565,15.7341175,14.771824,16.791553,14.153508,9.638552,8.247927,5.175021,0.0,4.2006545,9.60436,11.741269,14.99444,17.409977,24.076727,26.274046,28.578194,31.448685,32.612484,30.29391,27.439617,23.700598,23.798122,17.894367,17.702133,12.431115,14.19673,9.264569,8.56553,8.631655,8.33345,11.680448,14.438831,16.80864,17.458118,21.270758,21.186872,22.989344,19.105642,22.059795,24.4088,21.502958,17.686378,19.54959,17.80769,15.748629,20.230093,15.126382,18.231998,18.1156,18.407982,13.576963,10.185661,13.704669,13.266489,17.692116,19.496782,19.146086,23.619976,25.059528,28.293604,30.743715,31.568464,27.831291,27.61917,24.273388,20.519152,19.543964,16.266996,12.06873,12.008001,9.356816,12.283879,10.242024,13.75519,17.19973,18.467905,21.339376,21.370817,16.727894,19.706669,18.729685,23.309326,26.52983,27.237568,24.529932,29.252577,23.72012,27.706831,26.532518,29.384153
27,29.989782,28.248781,27.137863,23.246403,21.566036,25.654305,20.630335,26.58116,23.868616,27.000374,27.534575,30.87972,31.395168,29.103476,27.397528,23.184309,22.63491,18.273697,18.994759,14.566845,13.527514,16.617125,13.814931,8.639073,9.769958,7.9330497,4.2006545,0.0,7.392737,8.088058,12.022026,13.581635,20.427483,22.442608,24.681337,27.601398,28.564146,26.220013,23.328264,19.618309,19.783619,13.771166,13.990216,8.692388,11.222869,7.014343,8.067735,9.335767,10.480336,13.546118,15.268364,18.586308,20.138403,23.318207,23.026228,24.242083,19.733025,22.320602,24.112158,20.77981,16.920292,18.396233,15.716007,13.626384,17.12432,12.012676,15.0601845,14.451238,15.265678,10.913219,6.741588,10.316571,9.290488,14.434229,15.660134,15.891631,20.164549,21.461365,24.771362,27.020075,28.098166,24.527588,24.26769,21.1072,17.26438,16.792238,13.558228,10.698334,11.552588,10.239341,14.015657,13.033439,16.850332,20.471003,20.945753,23.502943,22.889015,17.81832,20.552801,18.371477,23.266165,26.5072,26.587238,23.725338,27.814075,21.951433,25.699774,23.960197,26.82573
28,27.291496,25.168722,23.051605,19.564209,16.957634,20.590853,14.976499,20.324465,17.749073,20.318602,21.559662,24.93981,25.31401,23.591417,21.828047,18.045336,18.246548,13.7051935,16.42995,12.414283,13.596457,17.21339,16.589348,11.580023,14.556396,12.157079,9.60436,7.392737,0.0,4.8510885,5.6588736,9.966132,15.527899,18.133862,20.522228,23.0794,25.055145,23.238962,20.456373,16.907143,17.06958,12.248654,10.47332,8.29267,6.948175,6.985915,6.152376,11.425922,11.909352,15.735988,15.093137,17.744081,20.044477,21.787262,20.188864,20.45586,15.222495,17.676077,18.31593,15.474069,11.367365,14.531905,11.418087,11.457007,15.015988,12.06041,15.7246065,15.764426,18.356007,15.520744,11.579589,14.907129,11.71441,17.786427,16.059847,16.601847,20.169477,20.173382,23.25447,25.13957,25.513052,22.086613,20.27091,17.639215,13.38327,14.334108,8.863432,8.225633,7.8429823,8.466985,12.151631,12.389199,17.03519,20.01858,18.51201,20.212685,18.485218,13.303109,15.799665,12.01893,17.102808,20.696947,19.884945,16.794989,20.548086,14.619183,18.359993,16.937649,19.92593
29,28.666077,26.209988,24.14048,19.977715,17.747625,20.59766,15.001921,20.013445,16.487146,19.562794,19.541903,23.123604,24.062668,21.797556,20.850687,16.43117,17.36788,12.985365,15.504281,12.537898,12.926843,17.337612,16.096428,11.211904,15.493071,14.234385,11.741269,8.088058,4.8510885,0.0,5.073546,5.7758985,12.786169,14.551707,17.13209,19.805182,21.238066,19.365973,16.23837,12.49387,13.304235,7.9624743,7.605479,6.0208516,6.7138433,8.177957,9.823509,14.033946,15.542206,18.779224,18.266607,21.763006,24.350447,26.11503,24.781845,24.831942,19.483591,21.470577,21.6908,18.428085,14.685806,16.676666,12.500515,12.130264,13.555573,10.621255,13.676278,12.609464,15.635615,13.643423,9.508387,11.671058,7.7399063,13.9213295,11.464249,12.744414,15.957141,15.956598,19.162012,20.881918,21.74309,18.508064,17.099123,14.580691,10.334739,11.794555,7.383393,8.952044,10.445793,11.922926,15.949986,16.785557,20.892054,24.343952,23.061905,24.755587,22.912378,17.618702,19.567118,15.299919,20.241953,23.375809,22.193722,19.228884,21.988598,15.902491,19.191677,16.731815,19.812063
30,28.84244,26.258907,23.47322,19.917986,16.97708,19.264017,13.281339,17.23153,13.695831,15.883771,16.425741,20.297457,21.261131,19.68047,18.87011,15.028049,16.86704,12.63421,16.730072,14.229253,15.96049,20.158411,20.01011,15.349523,19.45047,17.563408,14.99444,12.022026,5.6588736,5.073546,0.0,6.4246974,10.062706,13.093638,15.23014,17.64772,19.974773,18.43979,15.896542,12.803419,12.763799,9.498887,6.6625957,8.360832,5.223969,9.658241,10.145135,15.396289,16.568066,19.824312,17.997108,21.009699,24.042133,24.804901,22.889278,22.2448,16.74088,18.28378,17.666676,14.726865,11.277841,13.97069,9.767063,11.16543,12.614301,11.748558,14.925928,14.865083,18.538868,17.249695,13.837268,16.413698,12.473665,18.564653,14.924008,16.434431,18.90242,17.945053,20.79273,22.016897,22.384811,19.505623,16.625525,14.933486,10.624998,13.476262,7.6068544,10.906132,11.09989,13.169507,16.554512,17.458868,22.033773,24.779531,22.411629,23.473696,20.97241,16.133713,17.955217,12.601218,17.37019,20.857584,18.731472,15.521849,17.66905,11.453435,14.342149,12.024091,14.965998
31,29.797308,26.919037,24.47402,20.116354,17.987724,19.35534,13.993384,17.600395,13.083368,16.272736,14.898228,18.660145,20.26214,17.723242,17.952394,13.2856045,15.755539,12.120115,15.305627,14.267074,14.91951,19.659708,18.934208,14.929975,20.118628,19.497782,17.409977,13.581635,9.966132,5.7758985,6.4246974,0.0,8.587169,8.897328,12.076854,14.466576,15.8820095,14.511021,10.900031,7.0584383,9.464412,5.8763304,6.4816236,9.015464,9.178224,12.967341,15.009743,19.286524,21.076323,24.074411,22.95077,26.609371,29.558802,30.777681,29.139872,28.627636,23.133146,24.585203,23.835922,20.723927,17.544367,19.194347,14.421181,14.867257,13.844602,12.816479,14.866516,13.071029,16.943789,16.606342,13.120124,13.661501,9.217808,14.11874,9.149124,11.473404,13.081254,11.974607,14.929191,16.010742,17.002918,14.347995,12.324449,10.720824,6.787045,10.222027,7.172556,12.009991,14.0419655,16.569967,20.385235,22.008709,25.822157,29.297235,27.478424,28.757328,26.420177,21.29007,22.517593,17.444336,21.874578,24.50667,22.532726,19.808584,21.042322,15.278338,17.705236,14.303397,17.415497
32,35.416794,32.367252,29.124273,25.526478,22.811924,22.83334,17.627447,18.317816,13.210617,14.123541,11.255462,16.259235,19.035355,17.609339,19.457127,15.945774,20.285606,17.500578,22.006014,21.609612,23.07864,27.684471,27.4378,23.309769,28.1813,26.937403,24.076727,20.427483,15.527899,12.786169,10.062706,8.587169,0.0,6.2167954,5.4812,8.097572,10.577016,9.432384,8.362191,8.026294,6.3485565,9.296228,7.229631,13.32315,11.224771,17.030458,19.013294,23.25594,25.386297,27.683247,25.026,28.731508,32.524723,32.412624,30.690529,29.164904,23.923656,24.07254,22.250694,19.216787,17.583443,17.932331,13.372455,15.2743635,11.988589,14.687598,15.790027,15.317609,19.840366,21.201395,19.236242,20.358412,16.648577,21.479174,15.980254,19.16775,19.32517,17.057302,19.086208,18.558828,19.549799,18.428461,14.43487,15.236852,12.491709,17.268702,13.803845,19.42527,20.419662,23.033278,26.376364,27.486868,32.037155,34.722588,31.936958,32.538425,29.523397,25.229042,26.437378,20.374393,24.12551,27.031862,23.474646,20.666279,19.682123,14.685564,14.5438795,10.258208,11.511516
33,33.709324,30.464437,27.46287,23.552715,21.5233,20.59947,16.395739,16.568607,11.222427,13.187195,8.846907,12.983936,16.056787,13.744269,16.455551,12.7634,17.500181,15.739295,19.554094,20.565374,21.7485,26.291769,26.332705,23.136395,28.676529,28.256477,26.274046,22.442608,18.133862,14.551707,13.093638,8.897328,6.2167954,0.0,5.5197096,6.219743,8.387395,8.985127,5.61488,5.1728697,8.684099,11.054879,11.3399315,16.506304,15.645888,20.814129,22.84276,27.254217,29.203297,31.935822,29.937014,33.56441,36.96533,37.32535,35.318813,34.0353,28.644527,29.281206,27.309872,24.692015,22.577456,23.728958,19.024168,20.516363,17.24859,18.842022,19.728848,17.981766,22.28076,23.636494,21.096165,20.808691,16.8036,19.945765,13.52935,16.327915,15.2297,12.258059,13.6213455,12.688898,13.5346155,13.002174,9.123514,10.857029,9.712157,14.456373,13.315073,19.50383,21.329292,24.48908,27.885515,29.995451,33.732037,36.946087,34.353653,35.015354,32.07873,27.518127,28.017447,22.29356,25.659538,27.645506,24.495232,22.293915,20.986687,16.694378,17.004143,12.742954,14.945446
34,38.781338,35.5779,32.40369,28.671762,26.347088,25.544424,21.052288,20.75585,15.480548,16.192875,11.51177,16.174839,19.72931,18.125343,21.18454,17.90402,22.765125,20.737885,24.800104,25.273836,26.37606,31.044184,30.638859,26.935892,32.11418,31.335468,28.578194,24.681337,20.522228,17.13209,15.23014,12.076854,5.4812,5.5197096,0.0,3.6038554,5.139701,4.8774104,5.206866,7.7094216,6.6521077,11.835742,11.48945,17.284985,16.206282,21.664448,24.130285,27.988539,30.409979,32.483616,29.939732,33.924618,37.806625,37.696774,36.097267,34.48466,29.314848,29.260077,27.266417,24.271748,22.941574,22.721788,18.250366,19.752312,15.167448,18.24134,18.350914,17.246021,21.610735,23.948551,22.454348,22.593662,19.221876,22.82808,16.952595,20.555332,19.489021,16.834566,18.183584,16.649382,18.140089,18.160742,14.472695,16.361023,14.864093,19.621529,17.67458,23.605484,25.089397,27.875536,31.332924,32.680397,37.03409,39.935776,37.22981,37.82405,34.771156,30.452457,31.403109,25.366085,28.834959,31.315086,27.629763,25.149273,23.33195,19.098085,18.296556,13.886796,14.476706
35,39.026352,35.73966,32.444553,28.94786,26.744684,25.217777,21.348663,19.98822,14.94167,15.163548,9.775042,13.968517,17.842125,16.482386,20.189148,17.52011,22.731428,21.376547,25.490652,26.603104,27.947233,32.476994,32.511917,29.154682,34.55121,33.88918,31.448685,27.601398,23.0794,19.805182,17.64772,14.466576,8.097572,6.219743,3.6038554,0.0,4.532014,6.7310047,7.05599,9.810905,10.196503,15.087395,14.753332,20.58685,19.248716,24.855112,27.027681,31.188772,33.40614,35.679077,33.039383,36.77308,40.593933,40.321465,38.414295,36.646046,31.52052,31.43207,29.01256,26.474756,25.270842,25.489563,21.170368,23.018803,18.625109,21.768286,21.954344,20.770527,25.102777,27.398155,25.684837,25.58492,22.026812,25.165842,18.940807,22.16919,20.557642,17.467337,18.187674,16.217302,17.223875,17.886833,13.820062,16.502514,15.828765,20.595713,19.183798,25.409538,26.885622,29.965475,33.241795,35.0023,39.121655,42.002304,39.044903,39.424404,36.218273,32.081318,32.635693,26.59502,29.58594,31.655132,27.780981,25.648535,23.09423,19.6624,18.383646,14.116634,14.565845
36,41.92133,38.633507,35.62405,31.768847,29.84088,28.504543,24.646519,23.853985,18.694416,19.445995,13.941,17.726784,21.63047,19.823517,23.627077,20.560278,25.516447,24.080273,27.587166,28.703016,29.427761,34.06477,33.486794,30.214674,35.570858,35.219055,32.612484,28.564146,25.055145,21.238066,19.974773,15.8820095,10.577016,8.387395,5.139701,4.532014,0.0,3.8698835,5.6930523,9.760426,9.79919,15.15386,15.905605,21.229134,20.906065,26.009699,28.80676,32.372803,34.985973,36.931324,34.59782,38.79893,42.68826,42.69503,41.200367,39.60559,34.44173,34.34961,32.32769,29.323702,28.054935,27.556438,23.097887,24.241592,19.070692,22.026384,21.488155,19.837894,23.833443,26.789162,25.619759,24.914026,21.93058,24.319483,18.475063,22.190735,20.122116,17.360985,17.985765,15.576578,17.570555,18.656073,15.750847,18.26092,17.795877,22.200426,21.489376,27.450794,29.332026,32.20894,35.767784,37.31675,41.457813,44.58677,42.02708,42.67439,39.64696,35.239586,36.008,30.067196,33.38988,35.525635,31.89495,29.662212,27.463467,23.689621,22.703276,18.356256,18.748041
