,0,1,2,3,4,5,6,7,8,9,10,11,12,13,14,15,16,17,18,19,20,21,22,23,24,25,26,27,28,29,30,31,32,33,34,35,36,37,38,39,40,41,42,43,44,45,46,47,48,49,50,51,52,53,54,55,56,57,58,59,60,61,62,63,64,65,66,67,68,69,70,71,72,73,74,75,76,77,78,79,80,81,82,83,84,85,86,87,88,89,90,91,92,93,94,95,96,97,98,99,100,101,102,103,104,105,106,107,108,109
0,0.0,4.2995677,6.4799905,9.374137,12.103953,14.161782,17.54495,21.705738,24.533562,27.060123,30.637127,32.514957,35.815266,36.38636,30.932827,29.437403,26.10041,25.288227,21.230196,20.936155,16.881441,16.40743,16.107872,21.532091,23.276844,23.884926,27.048946,29.581308,31.088554,34.85218,34.677677,41.444912,41.48455,44.1917,39.668533,36.200756,38.284824,40.01457,34.97841,32.918068,36.649246,34.6522,30.559767,31.141354,34.755867,30.224554,25.695621,30.17917,31.654964,35.306316,35.1208,28.495024,34.52609,36.959953,33.354305,31.794075,30.854942,32.00958,35.892082,36.919155,34.433796,38.63001,41.138363,43.962727,41.753574,39.40062,42.11187,41.493637,36.378906,36.69652,38.914066,37.22529,32.924698,32.94531,30.747967,29.452045,26.313866,26.281487,21.475077,22.882778,19.31348,17.721712,18.538792,20.076448,23.954351,19.655512,25.69231,24.40884,27.69659,29.70653,31.58571,31.62107,34.03941,33.70879,32.198143,33.612503,29.981712,30.330381,35.30491,32.57144,36.679077,37.849827,38.90099,41.793346,40.35441,44.73917,39.80506,43.957287,41.649002,45.519062
1,4.2995677,0.0,5.302557,6.2868996,8.819104,12.098729,14.355228,19.198051,21.880587,24.337906,27.978727,29.64581,32.82658,33.10401,27.426373,26.12018,22.536995,21.804522,17.346766,17.256113,13.1043215,12.329537,12.777792,17.80129,19.297184,19.770092,23.246073,25.655123,27.459007,31.008526,31.33488,37.942192,38.1495,41.058,36.615257,33.097347,35.441826,37.396687,32.350887,30.232803,34.35185,32.56735,28.286642,29.149378,33.049927,28.726208,24.230877,28.9447,30.789503,34.184303,33.75613,27.694872,33.850456,35.8702,32.227875,30.343613,28.97009,29.958092,34.256508,35.181263,32.04334,36.383186,38.59495,41.657482,39.39088,36.71026,39.215286,38.32382,33.33979,33.915405,35.714638,33.775223,29.747755,29.890652,27.963005,26.906275,23.922762,24.170147,19.652655,21.41477,17.991434,17.182804,17.069029,17.98009,21.450417,17.06304,22.69128,21.32008,24.304699,26.463505,28.051855,27.781586,30.203,29.611713,28.018328,29.347046,25.684694,26.068361,31.066916,28.50257,32.59562,33.956375,35.17808,37.977142,36.40158,40.86384,35.791092,39.948357,37.66505,41.50916
2,6.4799905,5.302557,0.0,5.387992,6.6581864,8.369198,11.720134,15.400367,18.578163,20.76224,24.43768,26.217484,29.649248,30.331356,25.107916,23.87596,20.629448,20.442434,16.392279,17.31184,14.070985,14.2836895,15.855925,19.56058,20.717842,20.416403,23.399738,25.345165,26.57634,30.292229,29.680069,36.579765,35.924248,38.861,34.629887,30.87119,32.664043,34.819347,29.94995,27.505526,31.17414,29.985054,25.677656,25.724503,29.710907,26.050127,20.74228,25.073877,27.25863,30.55165,30.84519,24.764767,31.05787,33.219315,30.178192,28.986267,27.240658,28.979168,33.077164,33.10994,30.457315,35.221592,37.69594,40.39407,37.59114,35.09404,38.25866,37.40304,32.287888,33.45937,35.584003,33.49349,29.415024,30.46452,27.817368,27.56137,24.237757,23.42561,19.418005,19.765882,15.868066,14.307664,13.705222,15.534791,19.559816,15.98483,21.917925,21.978916,25.192997,27.896496,29.64253,29.169605,32.294724,31.197231,29.065723,30.46972,26.93171,26.386396,31.131735,27.714735,31.814478,32.45542,33.206127,36.28313,35.148605,39.597652,35.128265,39.498672,37.61854,41.764313
3,9.374137,6.2868996,5.387992,0.0,3.858273,6.494777,8.74726,13.647496,15.819565,18.716297,22.105,24.056719,27.03437,27.508896,22.004107,20.149673,16.890081,15.929078,12.249829,12.106803,8.79275,9.549056,11.251317,14.325418,15.615545,15.597585,18.276539,20.581507,21.835281,25.674637,25.334333,32.10789,32.166805,34.913277,30.455433,26.931973,29.214016,31.118212,26.08796,23.953995,28.097015,26.416595,22.063255,22.993376,26.977846,22.90562,18.370722,23.2037,25.28422,28.445755,27.938595,22.391308,28.620514,30.316963,26.903408,25.122934,23.242725,24.53384,28.981005,29.380457,26.106457,30.734562,32.9661,35.925793,33.378334,30.669338,33.451336,32.554585,27.493486,28.474974,30.417002,28.388077,24.297077,25.159027,22.730602,22.446598,19.26079,18.873386,14.99342,16.107908,12.676919,12.516587,11.378575,11.905647,15.324862,11.260469,16.95382,16.650837,19.810587,22.526707,24.288876,23.925467,27.180166,26.28819,24.30484,26.050215,23.011738,22.585728,27.190397,24.584642,28.06666,29.279135,30.281174,32.888763,31.476885,35.57004,30.799877,34.959103,32.792187,36.84899
4,12.103953,8.819104,6.6581864,3.858273,0.0,5.337818,5.5587106,10.66811,13.362068,15.597003,19.270609,20.849,24.014338,24.349113,18.828987,17.656378,14.136411,14.132606,9.749477,11.48419,9.1039,9.824022,13.17138,14.7600355,15.261753,14.300555,17.26938,18.839142,20.209148,23.728737,23.50102,30.25262,29.730976,32.899487,28.795525,24.944126,27.079048,29.557224,24.71944,22.16505,26.406307,25.625814,21.063452,21.530718,25.933187,22.794912,17.669819,22.246475,25.008993,27.754278,27.65877,22.77693,29.062319,30.475534,27.548544,25.999256,23.465258,25.082958,29.710384,29.36784,25.781351,30.817345,32.860714,35.804916,32.820705,29.870327,32.860764,31.619093,26.694777,28.448406,30.02701,27.541586,23.892464,25.499722,23.032732,23.523659,20.444939,19.712048,16.687069,17.127302,13.732275,13.729029,11.211643,11.720012,14.863326,11.684396,16.66151,17.304243,20.022213,23.157272,24.527273,23.561026,27.058752,25.433704,22.971033,24.433199,21.21646,20.202427,24.739964,21.475985,25.25839,26.06678,26.947086,29.819185,28.57688,32.98061,28.473526,32.870846,31.108194,35.319756
5,14.161782,12.098729,8.369198,6.494777,5.337818,0.0,5.804304,8.150487,10.527233,13.488544,16.684238,19.032091,22.153133,23.263992,18.551294,16.425165,14.026759,13.671939,11.567909,12.639728,11.558009,13.573452,16.129347,17.070866,17.796417,16.78398,18.233015,19.792494,19.97411,24.02068,22.173464,29.252851,28.246357,30.88282,26.690193,22.93143,24.472908,26.547628,21.771877,19.244932,22.805035,21.901672,17.51721,17.409447,21.562656,18.492739,12.868769,17.319767,19.986952,22.877169,23.186811,17.998558,24.338589,26.000664,23.469395,22.615545,20.083263,22.411669,26.545816,25.6329,22.955334,28.12135,30.631884,33.070763,29.814009,27.360563,31.00257,30.183313,25.039625,26.859655,29.205376,27.053005,23.00666,25.169146,21.808935,22.77655,19.338919,17.39775,14.826009,13.654917,9.899602,9.249957,6.2825494,8.029833,12.0706005,9.925044,15.408395,17.414879,20.634087,23.94422,25.850065,25.289625,29.383404,27.948761,25.38571,27.289087,24.777605,23.134642,27.068258,23.670877,26.704115,27.021624,27.356087,30.107498,29.296185,33.088074,29.233154,33.51375,31.875078,36.24295
6,17.54495,14.355228,11.720134,8.74726,5.5587106,5.804304,0.0,5.9861536,8.20755,10.297991,13.884875,15.432165,18.476229,18.866634,13.519695,12.320211,9.002991,9.796771,6.3488703,9.750701,9.80323,11.482137,15.657238,14.785509,14.48101,12.4681,14.472528,15.172361,15.986382,19.412066,18.631842,25.418205,24.356682,27.68413,23.865534,19.790117,21.774439,24.648016,20.046795,17.170717,21.52879,21.584948,16.916203,17.120932,21.849861,19.801252,14.566979,18.804165,22.194736,24.2877,24.351418,20.719753,26.780638,27.627438,25.307129,24.016392,20.684978,22.677124,27.389086,26.127356,22.224321,27.64599,29.485882,32.298763,28.842766,25.713148,29.003052,27.513035,22.749954,25.390972,26.74778,23.916468,20.701647,23.396048,20.645008,22.292864,19.387749,17.994215,16.469557,15.919593,13.126143,13.922483,9.818157,9.5598955,11.726804,10.314311,13.815486,16.142677,18.38586,22.02356,23.174353,21.787209,25.91681,23.677406,20.701395,22.269339,19.717678,17.622925,21.47194,17.866737,21.07694,21.447996,22.019865,24.837599,23.874878,28.088549,24.099546,28.58798,27.235815,31.65254
7,21.705738,19.198051,15.400367,13.647496,10.66811,8.150487,5.9861536,0.0,4.5533137,5.459618,9.100614,11.0200205,14.462209,15.736209,11.873105,10.846978,9.294956,11.215729,10.41197,14.020669,15.235246,17.308523,21.279755,19.759254,19.22954,16.782179,17.494545,17.293608,16.8796,20.136698,17.670057,24.455166,21.922352,25.187412,21.9325,17.613077,18.451445,21.715334,17.715183,14.278566,17.691183,19.141441,14.710348,13.245221,18.169699,17.851095,11.755608,14.791725,18.971645,20.446795,21.626957,18.844925,24.58275,25.318935,24.13547,23.883043,20.08687,23.010977,27.14236,24.504944,21.430542,27.18378,29.22692,31.39254,27.225107,24.46452,28.596844,27.201698,22.605007,26.0526,27.727858,24.878002,21.954958,25.703573,22.278048,24.870747,21.92419,19.329262,18.955196,16.627417,14.0766535,14.343595,9.560546,10.202997,12.105611,12.963317,15.558592,19.577335,21.73084,25.566807,26.810352,25.369513,29.94199,27.376932,24.077524,25.62654,23.617832,20.591366,23.487617,19.11659,21.728567,20.864807,20.515045,23.546246,23.410894,27.237028,24.51804,29.00215,28.336025,32.916435
8,24.533562,21.880587,18.578163,15.819565,13.362068,10.527233,8.20755,4.5533137,0.0,4.8002114,6.5536337,9.477339,11.926909,13.502817,10.181169,7.3491344,7.449877,8.50138,10.4567175,12.8886385,15.322638,17.95193,21.565783,18.922035,18.319422,15.956958,15.233096,14.921999,13.519416,17.045202,13.558256,20.453188,18.191336,21.004747,17.508034,13.316329,14.298983,17.278427,13.173679,9.7871685,13.5680895,14.902102,10.456725,9.497926,14.495371,14.481494,9.399348,12.367419,16.474977,17.504625,18.088524,16.476896,21.749971,21.909685,20.878614,20.569534,16.398914,19.355612,23.445007,20.498951,17.171926,22.975029,24.910488,26.998856,22.748508,19.95144,24.19314,22.879086,18.322323,22.018465,23.777107,21.059212,18.21877,22.442993,18.818872,22.008543,19.31713,16.399582,17.188124,14.522971,13.026871,14.338413,9.505696,8.744206,9.013564,11.442567,12.457886,17.393236,19.280981,23.140383,24.460903,23.202707,28.088501,25.70467,22.501312,24.467785,23.393549,20.185305,22.351667,18.877419,20.186499,19.59058,19.151817,21.466803,21.348322,24.329676,21.855125,26.016441,25.27259,29.83737
9,27.060123,24.337906,20.76224,18.716297,15.597003,13.488544,10.297991,5.459618,4.8002114,0.0,4.221106,5.569,9.097989,10.580184,8.100593,8.090673,8.228492,11.34653,12.173234,16.20412,18.57045,20.653694,24.936546,22.108185,20.96291,17.973389,17.838657,16.45977,15.443662,17.846077,14.890362,21.03322,17.402584,21.047459,18.643017,14.12733,14.368486,18.487095,15.382313,11.549604,14.679195,17.85274,13.876902,11.812244,16.766796,18.363008,13.167863,14.842222,19.501207,19.819216,21.242132,20.410223,25.331078,25.294058,24.946602,24.949862,20.592432,23.600616,27.558193,23.990667,20.68856,26.489897,28.075117,30.011818,25.398436,22.4901,26.74477,24.988716,21.045279,25.443575,26.575638,23.404139,21.451931,26.04504,22.774504,26.24829,23.784222,21.023052,21.929338,19.290768,17.66484,18.516083,13.654507,13.455066,13.6733265,16.011332,16.552214,21.409864,22.772053,26.6938,27.510538,25.656055,30.392063,27.293913,23.720715,25.079653,23.769115,19.98493,21.755432,17.215458,18.905642,17.192028,16.222841,19.187576,19.622255,23.136003,21.44966,25.852165,25.893763,30.478657
10,30.637127,27.978727,24.43768,22.105,19.270609,16.684238,13.884875,9.100614,6.5536337,4.221106,0.0,3.919922,6.019297,8.618542,8.5135355,7.6210914,9.88043,12.354714,14.962112,18.153122,21.172054,23.560526,27.546856,24.083084,22.894384,19.993355,18.74884,17.067444,15.066886,17.21199,12.975643,18.622007,14.300373,17.544378,15.5746355,11.239033,10.588427,14.88862,12.551283,8.688645,11.036506,15.305592,12.029531,9.461433,14.025942,16.99017,12.867347,13.387847,18.038893,17.513159,19.023235,19.669306,23.775074,23.19997,23.547058,23.924776,19.365751,22.54071,26.050247,21.762716,18.78584,24.449661,25.906557,27.434927,22.52878,19.845861,24.384764,22.72112,19.193947,23.995188,25.167973,22.16722,20.626656,25.714243,22.29368,26.315918,24.12972,20.996511,22.86901,19.73874,18.88179,20.069746,15.431347,14.82972,14.048679,17.49606,16.847042,22.334734,23.41569,27.251148,28.087929,26.367435,31.286776,28.269575,24.775421,26.332787,25.807926,21.81523,22.703749,18.786121,19.180819,17.198462,15.728688,18.021345,18.906464,21.40042,20.659431,24.640215,24.978102,29.473852
11,32.514957,29.64581,26.217484,24.056719,20.849,19.032091,15.432165,11.0200205,9.477339,5.569,3.919922,0.0,4.1334577,5.9201345,7.0123186,8.785133,10.530413,14.050475,15.793881,19.875916,22.87853,24.845034,29.297686,25.582035,23.965466,20.672205,19.926167,17.518238,16.089426,17.203032,14.111651,18.840937,13.78345,17.915058,16.888622,12.534213,11.856875,16.880407,15.225812,11.501719,13.759232,18.631525,15.545941,13.210508,17.518044,20.809332,16.749275,17.16215,21.858479,21.081188,22.676355,23.588682,27.605682,26.865515,27.300701,27.517735,22.877884,25.785976,29.44436,25.148909,21.783194,27.327774,28.357111,30.003796,25.089321,22.14123,26.294333,24.170597,21.198654,26.35952,26.832905,23.431192,22.632778,27.791569,24.851698,28.94427,26.980042,24.239042,26.05039,23.322357,22.34609,23.509912,18.734087,18.117674,17.28418,20.382303,19.429678,24.617172,25.23115,29.072905,29.436039,27.21977,31.912495,28.355612,24.64882,25.691582,25.067446,20.752361,21.229166,16.745878,17.282448,14.480308,12.623455,15.415661,16.68456,19.712729,19.485605,23.618956,24.553383,28.97987
12,35.815266,32.82658,29.649248,27.03437,24.014338,22.153133,18.476229,14.462209,11.926909,9.097989,6.019297,4.1334577,0.0,3.6514378,7.8519955,9.010947,12.018037,14.924651,17.866795,21.261393,24.811314,26.916004,31.164452,26.759727,25.003092,21.795616,20.175388,17.39948,15.339625,15.7861,12.180102,15.774268,10.006033,14.158388,13.938708,10.006033,8.807252,14.16239,13.5410595,10.331534,12.081113,17.557213,15.244437,13.365491,16.940214,20.947277,18.153765,18.065138,22.412764,20.99626,22.174694,24.375843,27.649258,26.303898,27.09502,27.305756,22.57246,25.246506,28.637604,24.04332,20.577633,25.75746,26.361874,27.811918,22.84685,19.901144,23.87477,21.619,19.369307,24.881727,24.997171,21.651186,21.58153,27.038065,24.314425,28.80583,27.268692,24.568872,27.144121,24.436497,24.131893,25.7561,21.13737,19.976576,18.238062,21.913843,19.772236,25.161135,25.288818,28.960411,29.146603,26.941246,31.647707,28.111986,24.537327,25.67717,25.878645,21.477295,20.998724,17.465239,16.524815,13.694689,11.507998,13.234268,14.891937,16.789158,17.551764,21.17784,22.479963,26.721796
13,36.38636,33.10401,30.331356,27.508896,24.349113,23.263992,18.866634,15.736209,13.502817,10.580184,8.618542,5.9201345,3.6514378,0.0,6.192235,9.096107,11.465541,14.803012,17.202402,20.949684,24.553404,26.301643,30.800568,26.045513,23.926182,20.512701,19.217785,15.886947,14.480591,13.94922,12.009813,14.826881,9.415305,14.482537,14.585388,10.75632,10.668858,16.042854,15.349599,12.399184,14.942702,19.903084,17.405638,16.311375,19.994417,23.43504,20.74671,21.23173,25.507769,24.2711,24.983826,27.047083,30.49515,29.043776,29.43708,29.1533,24.395967,26.59661,30.346613,26.212448,22.015297,27.04981,27.205933,29.053333,24.377514,20.989433,24.282303,21.55228,19.700695,25.308466,24.674862,20.946852,21.510374,26.82373,24.70211,29.117386,27.854551,25.728346,28.198523,26.1349,25.816818,27.682903,22.952688,21.474203,19.535625,22.781282,20.240702,25.147322,24.77065,28.369175,28.085262,25.464708,29.894638,25.97434,22.313433,23.074028,23.38816,18.861605,17.92073,14.4594965,13.215021,10.096297,7.886417,9.771835,11.440817,14.011478,14.727865,18.553553,20.186575,24.366314
14,30.932827,27.426373,25.107916,22.004107,18.828987,18.551294,13.519695,11.873105,10.181169,8.100593,8.5135355,7.0123186,7.8519955,6.192235,0.0,5.6727066,5.815305,9.960025,11.144214,15.445358,18.748945,20.255095,24.9555,20.462784,18.308416,14.752049,14.403283,11.348927,11.138349,11.519537,11.188614,15.857797,12.882906,17.70358,16.018131,11.6709585,13.3728075,18.10869,15.621121,12.446053,16.68314,19.920912,16.332705,16.173677,20.642138,22.21505,18.875607,20.831287,25.031355,24.830599,24.974022,25.488064,29.871628,28.927124,28.227509,27.249079,22.648323,24.513454,28.981031,25.914402,20.994917,26.329798,26.72809,29.289915,25.06835,21.257444,24.241167,21.509483,18.659348,23.662882,23.11622,19.180393,18.916065,23.639486,21.698498,25.509438,24.0176,22.462473,24.078985,22.826307,22.067059,24.049011,19.265789,17.569508,16.02775,18.232742,16.35183,20.567713,20.385773,24.131678,23.86568,21.133429,25.528305,21.629667,17.829748,18.69466,18.242289,13.890227,14.362583,10.442038,10.909724,9.440798,9.115272,11.70879,11.640917,15.773213,13.772417,18.395023,18.91912,23.412853
15,29.437403,26.12018,23.87596,20.149673,17.656378,16.425165,12.320211,10.846978,7.3491344,8.090673,7.6210914,8.785133,9.010947,9.096107,5.6727066,0.0,4.481518,5.960825,10.22271,12.425294,16.328804,18.659931,22.52732,17.864372,16.31244,13.472509,11.46724,9.541562,7.580142,10.083665,7.255146,13.701062,12.080101,15.560109,12.382696,8.005921,10.532249,14.195211,10.693773,7.760959,12.8352785,14.744632,10.988485,11.901467,16.186945,16.942999,14.505695,16.8591,20.516764,20.546944,19.929054,20.529474,24.752373,23.719141,22.714596,21.599583,16.99829,18.874786,23.325268,20.468578,15.467861,20.931692,21.68176,24.252365,20.141054,16.409101,19.746738,17.531967,13.86656,18.61743,18.903297,15.45463,14.201617,19.13938,16.562992,20.586506,18.99314,17.057692,19.21525,17.736637,17.594887,20.097416,15.620811,13.260189,10.86581,13.864034,11.300163,16.288485,16.531715,20.330564,20.752872,18.831684,23.745354,20.807579,17.46317,19.40125,19.585138,15.924364,16.692207,14.501346,13.964555,13.933957,13.836352,15.1182165,14.67561,17.169641,14.656023,18.705523,18.22093,22.79594
16,26.10041,22.536995,20.629448,16.890081,14.136411,14.026759,9.002991,9.294956,7.449877,8.228492,9.88043,10.530413,12.018037,11.465541,5.815305,4.481518,0.0,4.7334604,6.0146055,9.773806,13.095714,14.961872,19.384094,15.162398,13.438598,10.220706,10.032336,8.4307165,8.625209,11.108132,10.782166,16.966812,15.938281,19.763117,16.523273,12.338081,15.002127,18.566557,14.679391,11.826522,16.933472,18.194475,13.95068,14.909388,19.540867,19.221888,15.858094,19.076374,22.773773,23.4793,22.9128,22.15575,27.093163,26.569267,24.919348,23.395329,19.119816,20.701925,25.577644,23.519756,18.350275,23.76297,24.588545,27.54846,23.82228,20.000734,22.872925,20.589281,16.701002,20.758656,20.856041,17.261496,15.64824,19.723658,17.569002,20.784195,18.96239,17.709295,18.67742,18.037567,17.13866,19.419586,14.874867,12.707677,11.353762,12.702261,11.486727,15.296794,15.720213,19.603033,19.850224,17.616606,22.23371,19.07697,15.563853,17.207031,16.37888,12.926199,14.944363,12.123359,13.283309,13.768699,14.371662,16.387966,15.383895,19.133823,15.502815,19.996632,19.182316,23.74626
17,25.288227,21.804522,20.442434,15.929078,14.132606,13.671939,9.796771,11.215729,8.50138,11.34653,12.354714,14.050475,14.924651,14.803012,9.960025,5.960825,4.7334604,0.0,6.5061064,6.543449,10.713929,13.290913,16.716446,12.058357,10.919267,8.742907,6.7597766,7.0012336,6.32827,10.481498,9.591467,16.2055,16.829311,19.570408,15.338732,11.891156,15.236968,17.506956,12.940868,11.061196,16.448196,15.908576,11.718122,14.1814375,18.26144,16.53324,14.404833,18.234198,21.101217,22.187098,20.611107,19.647799,24.439945,23.861536,21.531456,19.426867,15.418846,16.461664,21.566587,20.361355,14.848703,20.01966,20.976246,24.20293,21.022402,17.236553,19.793797,17.936167,13.4818,16.732756,17.318434,14.217252,11.60281,15.343359,12.986219,16.066042,14.263419,13.280457,14.509597,14.459209,14.260855,17.286219,13.372469,10.217763,7.8208647,9.090666,6.8086,10.781481,11.483277,15.407968,16.199194,14.712986,19.640667,17.459122,14.563936,17.097742,16.958145,14.436667,16.486565,15.387984,15.610036,17.159805,18.027443,19.163391,17.768904,20.459843,16.256418,20.132498,18.374634,22.7949
18,21.230196,17.346766,16.392279,12.249829,9.749477,11.567909,6.3488703,10.41197,10.4567175,12.173234,14.962112,15.793881,17.866795,17.202402,11.144214,10.22271,6.0146055,6.5061064,0.0,6.2281127,7.968051,9.201742,14.087338,10.902516,9.459425,6.5584226,9.192248,9.45516,11.490793,14.2600155,15.460619,21.528688,21.609121,25.197979,21.464771,17.670645,20.654663,23.61913,19.161633,16.72647,21.904394,21.858675,17.364372,18.845097,23.429932,21.462296,17.786598,22.000359,25.232695,26.824127,25.920046,23.568043,29.1061,29.172916,26.573565,24.443327,20.874586,21.894506,27.097263,26.300116,21.10096,26.185587,27.196636,30.566755,27.500206,23.736443,26.048513,24.000586,19.7684,22.567404,22.77852,19.498173,17.130993,19.695415,18.047937,19.889051,17.827465,17.609737,16.928028,17.682364,16.103373,18.204725,14.283446,12.270651,12.181515,10.961598,11.735502,13.320068,14.244134,17.899027,18.230955,16.166807,20.20394,17.50298,14.386708,15.964993,13.839347,11.765898,15.588671,13.2021885,15.890026,17.400951,18.741112,20.922846,19.281599,23.530228,18.7485,23.155874,21.564398,25.849585
19,20.936155,17.256113,17.31184,12.106803,11.48419,12.639728,9.750701,14.020669,12.8886385,16.20412,18.153122,19.875916,21.261393,20.949684,15.445358,12.425294,9.773806,6.543449,6.2281127,0.0,4.5913925,7.34893,10.196527,6.038621,6.0001655,5.7713513,6.2226768,9.2448,10.622329,14.435613,15.280884,21.265203,23.014565,25.479788,20.91023,18.045998,21.563353,23.171429,18.292208,16.975452,22.167265,20.219254,16.120842,19.05538,22.843262,19.271759,17.24254,21.966295,24.108633,26.110289,24.033813,21.406292,26.61389,26.643772,23.171303,20.23611,17.374874,17.44693,22.78338,23.312893,17.975616,22.353073,23.447346,27.09721,24.900824,21.3454,23.0224,21.553959,17.004904,18.363243,19.080286,16.637676,13.215768,14.540449,13.044568,14.003443,11.997332,12.772292,11.8375435,14.041913,13.390973,16.432552,13.696637,10.597159,9.661667,7.161978,7.4757447,7.2303724,8.833123,12.357683,13.50386,12.65077,16.884125,15.752261,13.721587,16.417551,15.456594,14.686524,18.076363,17.777311,19.023174,21.518394,23.028763,24.25667,22.269754,25.314434,20.053118,23.657372,21.030064,24.980501
20,16.881441,13.1043215,14.070985,8.79275,9.1039,11.558009,9.80323,15.235246,15.322638,18.57045,21.172054,22.87853,24.811314,24.553404,18.748945,16.328804,13.095714,10.713929,7.968051,4.5913925,0.0,3.5647223,6.4208736,5.7221317,6.9743867,7.829953,10.285704,13.306904,15.173585,18.740864,19.823387,25.840616,27.419394,29.9987,25.40548,22.437687,25.746191,27.37491,22.368948,20.90214,25.900179,23.741451,19.558153,22.10839,25.949219,21.790867,19.14978,24.164665,26.137327,28.663,26.82001,23.017702,28.60111,29.20237,25.385447,22.451242,20.215832,20.277195,25.42412,26.47037,21.671408,25.852476,27.219982,30.832027,28.846386,25.53068,27.194004,25.931032,21.316221,22.069696,23.033226,20.880877,17.258112,17.607008,16.31111,16.058313,13.757243,14.935639,12.282142,15.179882,13.674291,15.998269,14.02529,11.806808,12.461029,8.373606,11.201457,9.385383,11.61249,14.365575,15.661335,15.147219,18.479479,17.797258,16.172203,18.434795,16.437586,16.520166,20.710657,20.026308,22.273369,24.720505,26.339273,27.979933,25.939537,29.458422,24.002443,27.68623,24.984934,28.750723
21,16.40743,12.329537,14.2836895,9.549056,9.824022,13.573452,11.482137,17.308523,17.95193,20.653694,23.560526,24.845034,26.916004,26.301643,20.255095,18.659931,14.961872,13.290913,9.201742,7.34893,3.5647223,0.0,5.511323,6.2492337,7.06072,8.091546,12.005915,14.664203,17.323792,20.264723,22.318903,27.981737,29.617191,32.531467,28.151117,25.109125,28.510395,30.433447,25.529163,23.93306,29.04554,27.17352,22.94822,25.351185,29.347271,25.341404,22.4666,27.449764,29.573729,32.09769,30.36382,26.488508,32.131058,32.766953,28.915462,25.892702,23.732662,23.613756,28.784393,29.970476,25.00325,29.06845,30.202953,33.96456,32.08001,28.610386,29.966362,28.474373,24.133377,24.88537,25.345284,23.022228,19.871246,19.832003,19.19766,18.609596,16.670444,18.321962,15.464635,18.638609,16.948343,18.911516,17.01867,15.162481,15.962983,11.917777,14.45465,12.008129,13.527015,15.829,16.52689,15.637854,18.159338,17.328026,15.890628,17.612713,14.891378,15.728488,20.36438,19.775341,22.609243,25.26428,27.169706,28.94939,26.708185,30.655975,24.915495,28.636547,25.958141,29.524912
22,16.107872,12.777792,15.855925,11.251317,13.17138,16.129347,15.657238,21.279755,21.565783,24.936546,27.546856,29.297686,31.164452,30.800568,24.9555,22.52732,19.384094,16.716446,14.087338,10.196527,6.4208736,5.511323,0.0,6.7308826,9.343739,12.020558,14.510741,18.06446,20.22027,23.492409,25.192682,30.682327,33.10455,35.351048,30.571009,28.083035,31.593739,32.702213,27.668716,26.682644,31.569996,28.565357,24.75806,27.721281,31.124971,26.067059,24.153637,29.29911,30.582445,33.490616,31.153479,26.770494,32.080566,32.926975,28.463797,25.019846,23.841574,23.050323,27.87815,30.207993,25.6686,28.935799,30.215956,33.993515,32.85886,29.777134,30.683525,29.741327,25.37879,24.854229,25.778425,24.305346,20.629366,19.185598,18.881956,16.868645,15.105247,17.65917,13.931532,18.29707,17.077381,19.127832,18.583813,16.658566,17.475286,12.783818,15.614487,11.457833,13.466455,14.63492,16.023724,16.45615,18.309282,19.0551,18.65214,20.793543,18.772182,20.29484,24.599722,24.863789,27.101599,30.117823,32.055977,33.45482,31.090033,34.42883,28.539122,31.743217,28.519342,31.700916
23,21.532091,17.80129,19.56058,14.325418,14.7600355,17.070866,14.785509,19.759254,18.922035,22.108185,24.083084,25.582035,26.759727,26.045513,20.462784,17.864372,15.162398,12.058357,10.902516,6.038621,5.7221317,6.2492337,6.7308826,0.0,3.2489674,6.678957,8.11868,11.826118,14.145699,17.076351,19.458807,24.372417,27.335457,29.553719,24.96411,22.744875,26.636114,27.797838,23.05802,22.318922,27.502007,24.844448,21.193985,24.66865,28.05696,23.767405,22.574759,27.430468,29.02612,31.236044,28.542242,25.711935,30.602036,30.62549,26.521544,22.857912,20.897753,19.80025,25.03488,26.898218,21.411366,24.719667,25.36097,29.402578,28.182375,24.65316,25.129528,23.747894,19.778656,19.804602,19.88391,17.975979,14.931061,14.011547,14.301863,13.433523,12.415195,15.196465,13.480546,17.47141,17.207,20.257446,18.554718,15.560927,14.656733,11.298413,11.261509,7.1931496,7.676419,9.631194,10.373606,10.133505,13.007492,13.213566,12.580946,15.29524,14.488156,15.553949,19.0987,20.33165,21.45855,24.89286,26.956406,27.758615,25.236336,28.098608,22.140213,25.120842,21.813168,25.040947
24,23.276844,19.297184,20.717842,15.615545,15.261753,17.796417,14.48101,19.22954,18.319422,20.96291,22.894384,23.965466,25.003092,23.926182,18.308416,16.31244,13.438598,10.919267,9.459425,6.0001655,6.9743867,7.06072,9.343739,3.2489674,0.0,3.8466763,6.3400755,9.343023,12.401568,14.701375,17.964413,22.55494,25.401802,28.01529,23.773495,21.398886,25.388565,27.006958,22.50555,21.552753,26.91148,24.952242,21.219402,24.519388,28.147709,24.590012,23.160969,27.802467,29.825104,31.683512,29.18902,26.955482,31.83055,31.580296,27.84437,24.335018,21.855127,20.936163,26.292446,27.586582,21.699053,25.252502,25.548439,29.653019,28.147406,24.304743,24.714506,22.866049,19.220383,20.017681,19.395706,16.882832,14.637336,14.487733,15.045181,15.071862,14.331733,16.746698,15.770839,19.160826,18.862059,21.923008,19.561968,16.51253,15.234597,12.647075,11.659733,8.790699,8.104572,10.482942,10.21186,8.669329,11.803036,10.843096,9.636325,12.230334,11.472353,12.3710375,15.859648,17.307243,18.373112,21.96151,24.18635,24.941488,22.307543,25.411768,19.333939,22.476551,19.377468,22.710873
25,23.884926,19.770092,20.416403,15.597585,14.300555,16.78398,12.4681,16.782179,15.956958,17.973389,19.993355,20.672205,21.795616,20.512701,14.752049,13.472509,10.220706,8.742907,6.5584226,5.7713513,7.829953,8.091546,12.020558,6.678957,3.8466763,0.0,5.559608,6.9571433,10.555808,12.513134,15.990998,20.767153,22.817142,25.98932,22.12036,19.263573,23.103567,25.386192,21.0655,19.61262,25.057423,24.04836,20.084524,22.854038,26.85355,24.177618,22.1045,26.47934,29.05969,30.605373,28.618647,26.772402,31.78763,31.426691,28.21344,25.144545,22.044836,21.740963,27.148949,27.527447,21.537363,25.671019,25.939604,29.885439,27.762453,23.71771,24.610552,22.377872,18.779285,20.67959,19.851852,16.67805,14.940807,16.154331,16.166956,17.26861,16.270504,17.763939,17.294802,19.704037,19.10561,21.978962,18.863794,15.985184,14.683816,12.910733,11.71582,10.824736,10.142516,13.183316,12.6312065,10.163086,13.746359,11.294837,8.773167,10.921883,9.712191,9.364093,13.059191,13.675509,15.110259,18.372704,20.545052,21.61336,19.109734,22.753143,16.861256,20.564644,18.067207,21.819134
26,27.048946,23.246073,23.399738,18.276539,17.26938,18.233015,14.472528,17.494545,15.233096,17.838657,18.74884,19.926167,20.175388,19.217785,14.403283,11.46724,10.032336,6.7597766,9.192248,6.2226768,10.285704,12.005915,14.510741,8.11868,6.3400755,5.559608,0.0,4.2862597,6.1643786,9.103738,11.731616,16.36449,19.38595,21.71446,17.474857,15.315449,19.476881,20.968384,16.768263,16.107244,21.452341,19.834188,16.432869,20.011536,23.378952,20.73404,20.073397,24.111488,26.245108,27.427233,24.794266,24.01815,28.315557,27.425982,24.314638,21.087282,17.875534,17.17741,22.519619,22.91538,16.598473,20.424881,20.45087,24.447363,22.524666,18.44548,19.07292,16.957998,13.336875,15.236285,14.410584,11.331791,9.430574,11.338754,11.259148,13.319614,12.835978,14.191331,15.261637,17.357683,17.878414,21.410336,18.426805,14.843141,12.048425,11.687968,7.8377295,7.9809756,6.3933206,9.967471,9.8252535,7.976235,12.895192,11.217623,9.11942,12.405878,13.39929,12.376293,14.21208,15.813522,15.174176,18.519,20.344559,20.503656,18.133486,20.339012,14.760238,17.846273,14.912184,18.785275
27,29.581308,25.655123,25.345165,20.581507,18.839142,19.792494,15.172361,17.293608,14.921999,16.45977,17.067444,17.518238,17.39948,15.886947,11.348927,9.541562,8.4307165,7.0012336,9.45516,9.2448,13.306904,14.664203,18.06446,11.826118,9.343023,6.9571433,4.2862597,0.0,4.4767423,5.6081405,9.828826,13.867291,16.322071,19.384151,15.908834,13.424648,17.554007,19.868189,16.298174,15.232591,20.575304,20.278154,16.947523,19.92766,23.521322,22.167755,21.132223,24.618517,27.308426,27.934874,25.774391,25.825779,29.986412,28.791256,26.361605,23.587194,19.837406,19.602257,24.762573,24.196089,17.7652,21.85914,21.496851,25.299013,22.848251,18.493944,19.255896,16.474728,13.581058,16.822584,15.189981,11.264233,11.035829,14.134284,14.07477,16.9642,16.607412,17.294622,18.890785,20.153109,20.514296,23.82748,20.210396,16.878712,13.974965,14.616113,10.566748,12.134978,10.288052,13.5717,12.663424,9.798759,14.402266,11.280597,8.151962,10.790485,12.19179,9.946231,10.789213,12.3613825,11.011518,14.348056,16.245148,16.266922,13.854198,16.402029,10.8430195,14.482775,12.28411,16.558395
28,31.088554,27.459007,26.57634,21.835281,20.209148,19.97411,15.986382,16.8796,13.519416,15.443662,15.066886,16.089426,15.339625,14.480591,11.138349,7.580142,8.625209,6.32827,11.490793,10.622329,15.173585,17.323792,20.22027,14.145699,12.401568,10.555808,6.1643786,4.4767423,0.0,4.9004765,5.6823273,10.6913395,13.289668,15.622889,11.656604,9.421723,13.719326,15.516224,11.995206,11.41025,16.593042,16.138454,13.238369,16.539083,19.667292,18.725622,18.532917,21.531284,23.993023,24.256664,21.889286,22.831316,26.452145,24.913914,22.87304,20.393301,16.36974,16.378311,21.266191,20.140392,13.717114,17.976551,17.706179,21.253174,18.489382,14.136461,15.429557,12.803774,9.524981,13.552781,12.504603,8.67451,8.187233,12.721237,11.694417,15.620938,15.245616,15.037762,17.746553,18.130905,19.104107,22.600224,19.034504,15.527784,11.808669,13.878535,8.670198,12.031422,10.618013,13.983765,13.85125,11.985393,16.976316,14.640551,12.028835,14.850093,16.646976,14.104183,14.197782,15.289115,13.033996,15.48661,16.627384,16.215288,14.4396515,15.659881,11.322759,14.438023,12.429332,16.810684
29,34.85218,31.008526,30.292229,25.674637,23.728737,24.02068,19.412066,20.136698,17.045202,17.846077,17.21199,17.203032,15.7861,13.94922,11.519537,10.083665,11.108132,10.481498,14.2600155,14.435613,18.740864,20.264723,23.492409,17.076351,14.701375,12.513134,9.103738,5.6081405,4.9004765,0.0,7.195823,8.762413,11.911349,14.877313,12.364128,10.71712,14.8312845,17.147255,14.878204,14.351284,19.072685,19.650902,17.256983,20.099699,23.097624,23.070175,22.899218,25.442722,28.13666,27.922518,25.725965,27.386906,30.682182,28.799217,27.147854,24.726608,20.71519,20.486286,25.086689,23.740116,17.308214,20.94256,19.824305,23.324415,20.704948,16.223574,16.568926,13.143219,11.785912,16.128141,13.503709,9.129506,11.218322,15.330655,15.476258,19.293762,19.515383,19.711668,22.490993,23.021128,23.955826,27.361647,23.590622,20.245478,16.650414,18.629116,13.479847,16.050468,13.697195,16.451107,15.214979,12.45608,16.715334,13.443542,10.678627,12.779838,15.5519285,12.713308,11.0749,13.427271,9.501852,12.552544,14.075203,12.699888,10.469695,11.330435,6.473847,9.687718,8.238992,12.820222
30,34.677677,31.33488,29.680069,25.334333,23.50102,22.173464,18.631842,17.670057,13.558256,14.890362,12.975643,14.111651,12.180102,12.009813,11.188614,7.255146,10.782166,9.591467,15.460619,15.280884,19.823387,22.318903,25.192682,19.458807,17.964413,15.990998,11.731616,9.828826,5.6823273,7.195823,0.0,7.1428967,8.498368,10.229207,6.274376,3.9518754,8.370013,10.209067,7.7753267,7.6231446,12.015994,12.815125,10.944997,13.682567,16.13974,17.013758,17.521818,19.224907,21.74305,21.066383,19.007673,21.650879,24.377666,22.26743,21.397251,19.843533,15.406673,16.196125,20.196255,17.536814,11.741342,16.142458,15.839461,18.534204,14.845004,10.600262,13.0574665,10.456924,7.8207674,13.383063,12.86195,9.562407,9.892885,15.463439,13.544334,18.335388,17.925827,16.43285,20.178509,19.125011,20.491915,23.774944,20.092575,16.932936,12.919686,16.595572,11.38273,16.158533,15.213738,18.313612,18.514172,17.066399,21.955198,19.672705,17.100033,19.586697,21.601646,18.429537,17.591887,17.949583,14.83919,15.875347,15.959427,15.044317,14.357078,14.068039,12.139574,14.630633,13.794256,18.00224
31,41.444912,37.942192,36.579765,32.10789,30.25262,29.252851,25.418205,24.455166,20.453188,21.03322,18.622007,18.840937,15.774268,14.826881,15.857797,13.701062,16.966812,16.2055,21.528688,21.265203,25.840616,27.981737,30.682327,24.372417,22.55494,20.767153,16.36449,13.867291,10.6913395,8.762413,7.1428967,0.0,7.0703807,7.215915,6.5559835,8.190903,11.055776,11.902552,12.364165,13.382947,15.992631,17.251749,16.91844,19.494396,20.852856,22.566921,24.119017,25.09901,27.241436,25.8253,23.468142,27.504505,29.121801,26.277039,25.940653,24.345713,20.384768,20.336695,23.494478,20.925303,15.527242,17.998789,16.116035,18.479555,15.58926,11.654099,11.828967,8.254297,9.791965,14.968325,12.441245,9.498793,12.967523,17.841421,17.40283,22.104574,22.741598,21.906294,26.13973,25.453382,27.279724,30.704996,27.184227,23.953081,19.733746,23.27419,17.432438,21.199224,19.131891,21.321947,20.66661,19.056545,23.120337,20.804047,18.819878,20.864668,24.161825,21.153122,18.552458,20.487076,15.50651,16.74481,16.825068,13.992694,13.44194,10.034083,10.284742,10.37937,10.554919,13.747412
32,41.48455,38.1495,35.924248,32.166805,29.730976,28.246357,24.356682,21.922352,18.191336,17.402584,14.300373,13.78345,10.006033,9.415305,12.882906,12.080101,15.938281,16.829311,21.609121,23.014565,27.419394,29.617191,33.10455,27.335457,25.401802,22.817142,19.38595,16.322071,13.289668,11.911349,8.498368,7.0703807,0.0,5.523344,7.479932,6.7193747,7.027901,10.506627,11.942013,11.448961,13.016547,17.01961,16.414253,17.053059,18.835035,22.42835,22.621613,22.652855,25.660915,23.692106,22.87908,27.063496,28.921156,26.338524,27.01942,26.48349,22.006832,23.323278,26.299168,22.21392,17.896927,21.53312,20.65647,22.146442,17.912565,14.616834,16.966059,14.139715,14.252898,20.005062,18.735516,15.681874,17.733387,23.20455,21.624205,26.54825,26.294485,24.407967,28.32278,26.491636,27.625534,30.379583,26.32385,23.86366,20.368214,24.421282,19.760086,24.628832,23.41847,26.31463,25.957882,23.9609,28.337206,25.255892,22.439463,23.935266,26.154427,22.243313,19.909935,19.605982,15.472581,14.459749,13.17539,11.187188,12.338687,10.157391,12.571738,14.185633,15.820747,19.334719
33,44.1917,41.058,38.861,34.913277,32.899487,30.88282,27.68413,25.187412,21.004747,21.047459,17.544378,17.915058,14.158388,14.482537,17.70358,15.560109,19.763117,19.570408,25.197979,25.479788,29.9987,32.531467,35.351048,29.553719,28.01529,25.98932,21.71446,19.384151,15.622889,14.877313,10.229207,7.215915,5.523344,0.0,5.4148088,8.000224,7.5068154,7.76788,11.072341,12.266191,12.286164,15.367181,16.288712,17.432404,17.718416,21.507288,23.294588,22.747913,24.84605,22.422207,20.964277,26.369335,27.03869,23.88665,25.04713,24.762636,20.721025,21.769741,23.78134,19.49175,16.029778,18.513956,17.324688,18.029922,13.963166,11.479529,13.659238,11.587997,12.864752,18.106236,17.257618,15.364231,17.512491,22.799553,21.114489,26.132774,26.238,24.145662,28.737066,26.671537,28.516813,31.449974,27.953833,25.341482,21.439884,25.894854,20.765036,25.647606,24.469032,26.918518,26.920706,25.655193,30.01936,27.73807,25.461088,27.425983,30.144213,26.609646,24.262354,24.689514,20.27356,19.823975,18.668476,16.310108,17.230894,13.65605,16.187761,16.514261,17.5886,20.446348
34,39.668533,36.615257,34.629887,30.455433,28.795525,26.690193,23.865534,21.9325,17.508034,18.643017,15.5746355,16.888622,13.938708,14.585388,16.018131,12.382696,16.523273,15.338732,21.464771,20.91023,25.40548,28.151117,30.571009,24.96411,23.773495,22.12036,17.474857,15.908834,11.656604,12.364128,6.274376,6.5559835,7.479932,5.4148088,0.0,4.5987806,6.3236356,5.4564257,6.526948,8.4859,9.925681,11.147422,11.687017,14.002755,14.567868,16.98566,19.147408,19.388315,21.203762,19.473618,17.226433,21.965546,23.087431,20.150755,20.4932,19.751009,15.62059,16.550602,19.063408,15.28121,10.917311,14.089284,13.414204,14.858691,10.631253,7.1440706,10.287864,8.443605,7.9125767,13.380939,13.368284,11.568614,12.589483,18.02714,15.874576,20.921955,20.871553,18.74287,23.37871,21.501722,23.548292,26.719896,23.48424,20.581419,16.432568,20.856695,15.58302,20.5369,19.684032,22.218027,22.686543,21.855484,26.533579,24.75159,22.598299,25.091017,27.59009,24.401283,22.907671,23.43813,19.630947,19.999052,19.383492,17.69179,17.821823,15.4708,15.782849,16.807232,16.568052,19.949406
35,36.200756,33.097347,30.87119,26.931973,24.944126,22.93143,19.790117,17.613077,13.316329,14.12733,11.239033,12.534213,10.006033,10.75632,11.6709585,8.005921,12.338081,11.891156,17.670645,18.045998,22.437687,25.109125,28.083035,22.744875,21.398886,19.263573,15.315449,13.424648,9.421723,10.71712,3.9518754,8.190903,6.7193747,8.000224,4.5987806,0.0,4.4240475,7.059909,5.7747087,5.36384,8.644029,11.083696,9.880624,11.499216,13.583135,16.017336,16.515614,17.190842,19.897034,18.581997,17.17358,20.693027,22.966177,20.691423,20.763985,20.08339,15.486856,17.100367,20.400463,16.53981,11.884068,16.440657,16.51472,18.335316,13.845405,10.243136,13.89557,11.820942,9.594401,15.258962,15.4641,12.765579,12.884285,18.558361,16.001986,20.944307,20.236061,17.896105,21.853855,19.806187,21.131142,24.044104,20.292137,17.61914,13.903166,18.25651,13.722851,19.118715,18.685509,21.814056,22.290932,20.99355,25.902487,23.571716,20.873598,23.167028,24.92197,21.406096,20.486519,19.97567,17.022818,16.953281,16.24479,15.509168,15.696828,15.010586,14.629371,16.963076,16.862574,20.8932
36,38.284824,35.441826,32.664043,29.214016,27.079048,24.472908,21.774439,18.451445,14.298983,14.368486,10.588427,11.856875,8.807252,10.668858,13.3728075,10.532249,15.002127,15.236968,20.654663,21.563353,25.746191,28.510395,31.593739,26.636114,25.388565,23.103567,19.476881,17.554007,13.719326,14.8312845,8.370013,11.055776,7.027901,7.5068154,6.3236356,4.4240475,0.0,5.429009,6.5732503,5.8205204,6.0026727,10.928786,10.651092,10.475173,11.88679,16.235022,16.563305,15.906295,18.801361,16.685902,16.310804,20.676075,22.37669,20.012964,21.201704,21.494177,16.960642,19.29942,21.793463,16.815088,13.756786,18.133575,18.561827,19.416903,14.34497,11.845645,16.224964,14.702717,12.982722,18.388176,19.103962,16.835928,16.8468,22.48892,19.516775,24.46175,23.50114,20.506638,24.48913,21.567596,22.74842,25.163843,21.424576,19.385693,16.200298,20.913427,17.145313,22.87101,22.824678,25.97605,26.636028,25.405994,30.324213,27.90216,25.079292,27.177221,28.682617,24.884745,23.900513,22.609436,19.896261,18.804192,17.339563,16.861204,17.88502,16.939837,17.8961,20.07749,20.602108,24.447338
