,0,1,2,3,4,5,6,7,8,9,10,11,12,13,14,15,16,17,18,19,20,21,22,23,24,25,26,27,28,29,30,31,32,33,34,35,36,37,38,39,40,41,42,43,44,45,46,47,48,49,50,51,52,53,54,55,56,57,58,59,60,61,62,63,64,65,66,67,68,69,70,71,72,73,74,75,76,77,78,79,80,81,82,83,84,85,86,87,88,89,90,91,92,93,94,95,96,97,98,99,100,101,102,103,104,105,106,107,108
0,0.0,4.700485,7.0156813,9.673581,12.693975,14.47664,17.809834,21.470041,23.870281,28.082998,31.47377,34.99882,32.215923,30.347975,25.461012,24.796389,20.716389,21.094847,17.588892,16.904358,16.379004,10.734803,13.485511,17.214872,16.3092,19.644176,20.89766,21.598372,25.28516,22.521576,28.853312,25.928041,33.71846,32.257927,35.10548,37.692577,36.683685,35.68374,31.724298,28.204441,31.929092,27.62992,31.198261,29.723213,25.559048,26.679667,24.973276,24.321787,26.88972,30.336311,32.198532,31.520632,33.901943,37.49879,34.122253,36.20713,36.675243,37.919735,42.95369,41.82661,38.660458,40.062176,37.067318,39.44614,37.934036,41.815624,40.65119,36.481194,36.67983,33.963276,33.193577,35.379597,32.608654,36.75188,35.22654,39.54497,40.22135,42.620335,44.20821,46.182423,41.754765,38.414383,35.949215,32.152798,32.243267,27.294024,25.323193,21.023441,20.35862,17.550865,16.966705,15.797276,19.035149,14.993381,12.536603,15.760303,16.296818,20.671125,20.530798,25.746864,29.049282,32.018826,33.65421,30.631992,34.788452,29.169537,30.38483,28.956083,28.611897
1,4.700485,0.0,5.1221933,6.641753,9.029463,12.268196,14.217322,18.849571,20.638798,25.346363,28.91621,32.273163,30.10874,28.444006,23.527689,22.578112,18.877674,18.53082,15.562491,14.06312,14.955486,8.661675,12.987056,15.64563,15.375439,17.942766,18.069195,18.632645,21.905273,19.696505,25.479227,23.06396,30.883347,29.302114,32.517887,35.045883,34.532806,33.614853,29.429247,25.68661,29.675724,25.283077,28.433695,26.806505,23.271135,23.875723,22.742369,21.256887,24.417547,27.578596,29.59899,28.365211,31.469435,34.649673,31.574522,33.773876,33.67953,34.99953,40.11265,38.537575,35.30863,36.518456,33.549892,35.73807,34.619984,38.028057,36.974483,32.9733,32.75608,29.818327,29.176872,31.0989,28.499958,32.55723,31.198967,35.545647,36.380623,38.943,40.678352,42.477905,38.328392,34.869503,32.56968,28.62935,28.631027,23.73142,21.454035,17.454393,16.472998,14.092007,13.394172,13.082391,16.073704,11.05254,8.512123,11.275733,12.134532,16.226545,16.535166,21.474857,24.938267,28.008009,29.358866,26.256927,30.275097,24.80667,25.924288,24.781961,24.442778
2,7.0156813,5.1221933,0.0,5.027557,6.726554,8.3284235,11.290037,14.730291,17.394245,21.205952,25.133854,28.291147,25.75959,24.241238,19.129646,18.898947,15.211404,15.8235655,13.448967,13.141991,14.29599,9.040164,13.901987,16.802362,17.97464,20.22495,20.513405,19.846754,22.683613,19.57096,25.073711,21.526932,28.999231,26.618942,29.974693,32.1033,31.251995,30.768751,26.48755,23.037079,27.82481,24.072874,27.40826,26.863441,23.754505,24.886059,24.422335,23.305473,26.865486,30.275797,31.70608,29.779148,32.885063,35.39891,31.953087,33.66564,33.50464,34.24995,39.25925,37.868176,34.62275,36.651436,34.14667,36.677155,36.273106,39.554924,39.122383,35.57711,35.233814,31.816795,30.74806,32.070965,29.077055,32.6514,30.693636,34.963116,35.197968,37.81499,39.154583,40.55962,36.092896,32.534523,30.45509,26.515768,27.210814,21.762135,21.00165,17.057175,17.103344,15.465458,16.005543,16.406282,19.897345,14.35015,11.270379,13.318362,12.353113,16.674158,15.326517,20.98399,23.535095,26.324833,28.321167,25.572565,30.370338,25.254034,27.124939,26.473162,26.780348
3,9.673581,6.641753,5.027557,0.0,3.8060105,6.2423368,8.811383,13.031264,14.520992,19.6996,22.519014,26.218346,24.039545,22.169348,17.521145,16.057892,12.4455385,11.899546,9.241596,8.198981,10.013258,4.925265,10.524544,12.476412,14.538247,16.096256,16.182484,14.985071,17.752813,14.556051,20.156668,16.866278,24.550781,22.779835,25.953257,28.437948,27.89804,27.026802,22.797737,19.083248,23.396727,19.351786,22.580027,21.840258,18.841063,19.93961,19.752766,18.719833,22.433338,25.93683,27.05195,24.919064,28.021881,30.387693,26.951475,28.702906,28.511417,29.362766,34.407394,33.021725,29.790812,31.753468,29.23641,31.894142,31.504814,34.972485,34.751686,31.399399,31.375679,27.88685,26.394258,27.851093,24.56894,28.250374,26.220633,30.487799,30.8247,33.294876,34.747086,36.546684,32.114037,28.741484,26.33798,22.493856,22.770765,17.644444,16.351847,12.178511,12.417333,10.795052,12.101114,12.92296,16.8454,11.596368,8.156697,10.330815,8.034287,12.803612,11.178751,16.87706,19.672283,22.514668,24.522835,21.750475,26.581182,21.114252,23.36337,22.38833,23.205872
4,12.693975,9.029463,6.726554,3.8060105,0.0,5.4392867,5.285033,10.478698,11.645869,16.812563,20.255669,23.499548,21.876518,20.44147,15.693638,14.491964,11.639326,10.771203,9.697667,8.4290085,11.933391,7.9594393,13.617101,14.637902,17.25877,18.103748,17.192827,15.507482,17.389051,14.633671,19.099329,15.92207,23.252031,20.809698,24.531273,26.652489,26.486624,26.008228,21.521212,17.797718,22.839132,19.172623,21.902077,21.55086,19.564556,20.265858,20.908106,19.188759,23.435127,26.58105,27.681953,24.818571,28.59047,30.25118,27.06377,28.692444,27.865028,28.51598,33.536507,31.740143,28.455555,30.552843,28.301311,30.82273,31.149796,33.96504,34.05306,31.062103,30.481104,26.647139,25.241688,26.06165,22.907717,26.184847,24.095463,28.342525,28.564156,31.283476,32.70077,34.025223,29.770615,26.16034,24.149727,20.099754,20.720356,15.299262,14.61629,11.142578,11.550258,11.19065,12.731282,14.55932,17.909138,12.065064,9.03529,9.612738,6.749143,10.781331,8.657276,14.402365,16.813608,19.641504,21.627365,18.943918,23.997206,19.03552,21.441599,21.15102,22.139524
5,14.47664,12.268196,8.3284235,6.2423368,5.4392867,0.0,6.2858934,7.4039173,10.055236,14.18618,17.005825,20.653038,17.995663,16.178692,11.3575,10.57196,7.051944,8.129242,7.3068542,8.72971,10.873063,9.294304,13.755614,15.395078,18.908962,19.863535,20.05363,17.42253,19.239386,15.07307,19.66852,14.803993,21.591352,18.696768,22.008415,23.92411,22.960712,22.691183,18.336815,15.105011,20.5731,17.711903,21.003138,21.936773,19.860592,21.5682,22.355143,21.843145,25.79863,29.403091,29.714998,26.751532,29.73075,31.055103,27.260479,28.253199,27.934818,27.929968,32.701828,31.605177,28.440863,31.515203,29.736849,32.78806,33.364624,36.582096,37.194023,34.537132,34.409115,30.462315,28.429033,29.066729,25.346125,28.203854,25.366465,29.364061,28.825108,31.275427,32.139412,33.442627,28.58823,25.174538,23.054914,19.352007,20.63778,14.937451,16.197363,12.637451,14.462775,14.163465,16.679083,18.105625,22.122808,16.882442,13.59583,14.6893015,10.687648,14.71835,10.6851225,16.787579,17.959616,20.201164,23.158432,21.067492,26.77775,22.021816,25.20924,24.848724,26.472046
6,17.809834,14.217322,11.290037,8.811383,5.285033,6.2858934,0.0,6.4991207,6.832324,12.010209,15.834031,18.60008,17.651007,16.72128,12.216623,11.265501,9.921374,8.842486,10.286765,9.659386,14.158915,12.189273,17.341864,17.511023,21.066643,21.096909,19.589386,16.912106,17.516489,14.886763,17.57933,14.07927,20.386305,16.930168,21.218021,22.759792,22.951767,23.039482,18.360739,14.888878,20.8468,18.10318,20.207863,20.9047,20.298107,20.889072,22.627403,20.718122,25.33738,28.19992,28.835283,25.039034,29.213802,29.758694,26.70898,27.883698,26.421373,26.525614,31.335865,29.287897,26.032026,28.71031,27.082102,29.647818,31.042772,33.18237,33.97584,31.70852,30.721804,26.453016,24.780668,24.637556,21.384825,23.808218,21.27278,25.303596,25.015173,27.919619,29.055437,29.762403,25.54087,21.718193,20.212105,16.063984,17.434677,11.620274,12.870035,10.728019,12.091239,13.3538,15.614102,18.216995,21.214579,15.512964,13.016634,12.226326,8.364453,10.569497,6.5804944,12.0460825,13.034859,15.496823,17.946913,15.779002,21.45096,17.420597,20.494738,21.047085,22.682362
7,21.470041,18.849571,14.730291,13.031264,10.478698,7.4039173,6.4991207,0.0,4.938444,6.7860723,10.848316,13.562451,11.548622,10.766214,5.8888774,6.8223343,6.846432,8.280351,11.2074585,12.852093,16.126612,16.026443,20.244152,20.817322,25.07149,25.138235,24.451452,20.971678,21.275398,17.575453,19.669453,14.535945,19.22937,14.53072,18.623861,19.356358,18.729912,19.622988,15.061084,12.653566,19.509392,18.294275,20.582527,22.976418,22.729708,24.16711,26.216644,25.30759,29.684261,32.84759,32.71458,28.669077,32.161613,32.035683,28.519032,28.866037,27.693235,26.866573,31.194952,29.80761,26.777138,30.644032,29.759075,32.773884,34.71984,36.964302,38.420124,36.64966,35.927788,31.523323,29.313581,28.718699,25.055147,26.670269,23.315844,26.826239,25.462643,28.106201,28.429472,28.659756,23.835768,20.170412,18.994371,15.407131,18.001581,12.1171255,16.199877,14.50282,17.034765,18.367079,21.291712,23.608486,27.093056,21.698927,18.926695,18.598116,14.186832,16.319942,11.148173,16.010057,15.036447,16.370012,19.963692,18.81172,25.004356,21.718832,25.474281,26.173464,28.374678
8,23.870281,20.638798,17.394245,14.520992,11.645869,10.055236,6.832324,4.938444,0.0,7.24183,9.272428,12.312263,12.014936,11.243788,8.273791,6.650193,8.290069,7.069463,11.223806,11.88279,16.073307,16.696672,20.680294,20.074066,24.654795,23.898323,22.498543,18.640205,18.01438,15.049264,15.6446295,11.26363,15.43356,10.772873,15.394374,16.296185,16.723995,17.37428,12.691045,9.904161,16.656511,15.550344,16.97188,19.432455,20.256794,21.195503,23.948261,22.683691,27.200012,29.989283,29.644926,25.1005,28.961706,28.2005,25.069988,25.396162,23.62885,22.801117,27.12385,25.312412,22.265467,26.068878,25.404106,28.328358,30.760635,32.61709,34.40505,33.079594,32.2811,27.779234,25.347536,24.38776,20.678524,21.933285,18.471783,21.910772,20.582067,23.319984,23.816269,24.138449,19.521809,15.747362,14.517539,10.679367,13.249307,7.401333,12.218975,11.6941,14.444983,16.68367,19.86473,22.676239,25.756313,20.874067,18.573832,17.567423,12.845604,13.75567,8.315954,11.965158,10.285906,11.478865,15.217351,14.3018875,20.58179,17.627457,21.7296,22.624937,25.271063
9,28.082998,25.346363,21.205952,19.6996,16.812563,14.18618,12.010209,6.7860723,7.24183,0.0,7.4448447,7.5481324,7.174033,8.627038,6.4449844,9.020628,11.76885,12.94438,16.970875,18.588749,22.05682,22.611504,26.623552,26.685781,31.254175,30.833141,29.688725,25.83021,25.141531,22.00113,22.123232,17.401306,19.48547,13.486445,17.80187,17.002348,16.794018,18.957245,14.871865,13.923697,20.918932,21.247961,22.517906,25.935387,26.997185,28.212004,31.008938,29.922424,34.409992,37.196594,36.719204,32.025738,35.72842,34.4644,31.299274,31.078156,29.281624,27.742254,31.39926,29.850794,27.135769,31.565163,31.529558,34.398693,37.41459,38.799854,40.93429,39.931263,38.7813,34.166027,31.89133,30.297089,26.88634,27.267054,23.637173,26.388617,24.214035,26.876808,26.562878,25.55297,20.994097,17.32328,17.457829,14.579528,18.247831,13.326747,19.129,18.929276,21.631765,23.775036,26.798553,29.516981,32.630898,27.316069,24.900103,23.872427,19.579695,20.418133,15.342866,18.38282,15.546323,15.599237,19.466259,19.446747,25.526196,23.826591,27.787508,29.274946,31.81847
10,31.47377,28.91621,25.133854,22.519014,20.255669,17.005825,15.834031,10.848316,9.272428,7.4448447,0.0,5.4902663,5.1042614,4.8462086,7.629248,7.2375317,11.61629,12.154106,16.634768,18.780462,21.451868,24.022104,26.730352,26.06904,31.231081,30.197403,29.520866,24.969727,23.764751,20.2924,19.371521,14.29256,13.852379,7.8439317,11.089872,9.862207,9.387882,11.8629875,8.394667,9.14825,15.286467,17.212551,18.014248,22.666838,24.397839,26.075916,29.26268,29.153822,33.13421,36.005093,34.582623,29.820147,32.610973,30.621265,27.277472,26.284939,24.82353,22.550215,25.584085,24.857357,22.534445,27.830164,28.447855,31.768105,34.988262,36.783386,39.53887,39.104618,38.732983,34.26512,31.176418,29.663754,25.706856,25.62934,21.378859,23.467714,20.526976,22.431993,21.478003,21.097132,15.78106,13.011847,12.5727625,11.1381855,14.951238,11.644735,18.36518,18.676476,22.098654,24.353895,28.034136,30.595299,33.970478,29.673548,27.269245,26.568262,21.533606,22.273628,16.785828,18.960995,15.422823,14.511591,19.033087,19.733913,25.70359,23.990227,28.598104,29.541534,32.845875
11,34.99882,32.273163,28.291147,26.218346,23.499548,20.653038,18.60008,13.562451,12.312263,7.5481324,5.4902663,0.0,5.5663347,8.303959,10.752453,12.143936,16.261936,16.968067,21.508852,23.33832,26.469814,28.366383,31.603827,31.009867,36.04091,35.01404,33.865925,29.475271,27.953955,25.06552,23.46367,19.151543,18.016851,11.821914,15.105455,12.616123,12.834214,16.102053,13.380249,14.391178,20.229813,22.345997,22.61146,27.166275,29.370943,30.65333,34.060825,33.40614,37.624603,40.18421,38.96704,33.89519,37.167416,34.743195,31.826172,30.802994,28.785753,26.382835,28.999706,27.82415,25.704195,30.868042,31.831032,34.766136,38.59687,39.576485,42.51874,42.38692,41.41568,36.81868,34.076412,31.88649,28.444529,27.668427,23.645952,25.281258,22.088675,24.19616,22.944448,21.124434,16.638346,13.803898,14.978268,13.886407,18.037106,15.168127,21.946478,22.825573,25.917606,28.505999,31.913698,34.75145,37.794888,33.1136,30.886003,29.698196,25.078243,25.22989,20.127775,21.636404,17.47826,16.062553,20.163868,21.381992,27.007551,26.43951,30.779211,32.418262,35.56707
12,32.215923,30.10874,25.75959,24.039545,21.876518,17.995663,17.651007,11.548622,12.014936,7.174033,5.1042614,5.5663347,0.0,3.7244256,6.7938485,9.405796,13.03311,15.090283,19.059196,21.744446,23.977644,26.101673,28.976625,29.085028,34.07659,33.563957,33.240532,28.868696,28.138216,24.264997,24.161406,18.655476,18.675781,12.880321,15.504529,13.817736,12.196263,15.202348,12.36371,13.403559,19.48554,21.3925,22.719643,27.330803,28.475323,30.428587,33.26066,33.263645,37.271984,40.356388,39.08583,34.514107,37.18769,35.495132,31.940006,30.911297,29.76215,27.437769,30.324694,29.855515,27.598293,32.931034,33.485466,36.807724,39.899204,41.76218,44.384422,43.737408,43.24259,38.725353,35.83153,34.340363,30.477419,30.49196,26.32841,28.438093,25.439054,27.3415,26.173239,25.30431,20.183662,17.561144,17.560219,16.153305,20.005108,16.246904,22.76564,22.520947,25.851418,27.754925,31.294022,33.66435,37.25351,32.48764,29.826351,29.35818,24.487766,25.728685,20.17899,23.087072,19.768787,19.04621,23.438114,24.019943,30.065876,28.36975,32.80473,33.859528,36.901783
13,30.347975,28.444006,24.241238,22.169348,20.44147,16.178692,16.72128,10.766214,11.243788,8.627038,4.8462086,8.303959,3.7244256,0.0,5.41031,6.7560735,10.307807,12.565661,16.258413,19.306862,20.984632,23.694498,26.059637,26.19005,31.257818,30.775564,30.88442,26.430677,25.976288,21.6643,22.129253,16.144178,16.583456,11.423315,13.50914,12.670916,10.350224,12.706637,9.7141075,10.722019,16.61728,18.446312,20.22012,24.872036,25.597258,27.892061,30.50106,30.983555,34.74673,38.0534,36.601692,32.315483,34.538555,33.153423,29.305624,28.248053,27.582245,25.329485,28.369957,28.302212,25.998947,31.384924,31.7461,35.306396,37.962864,40.37737,42.88751,42.067463,42.011116,37.622772,34.500317,33.466423,29.308262,29.73636,25.481253,27.776995,24.929829,26.617023,25.582031,25.555927,20.056087,17.639587,16.760063,15.345359,18.796486,14.988738,21.201935,20.50795,24.030737,25.617218,29.330044,31.441536,35.279102,30.843245,28.055742,27.986094,22.872976,24.555906,18.84794,22.159813,19.312977,18.869627,23.396421,23.699745,29.838545,27.469307,32.030888,32.60067,35.734867
14,25.461012,23.527689,19.129646,17.521145,15.693638,11.3575,12.216623,5.8888774,8.273791,6.4449844,7.629248,10.752453,6.7938485,5.41031,0.0,5.043817,7.0035205,10.039697,13.286879,16.18778,18.231531,19.735764,22.855875,23.529427,28.220827,28.210844,28.219595,24.216581,24.346407,19.98342,21.636091,15.609808,18.4601,13.389414,16.530344,16.58975,14.879431,16.408367,12.459342,11.5953455,18.296928,18.559967,20.922754,24.565742,24.52468,26.634165,28.818727,28.831295,32.84732,36.24289,35.414806,31.347721,34.04749,33.442696,29.570793,29.184422,28.463583,26.891163,30.63699,30.049822,27.346598,32.09118,31.787937,35.179222,37.37294,39.87663,41.82748,40.438404,40.136158,35.737167,33.0286,32.30167,28.293447,29.396164,25.498987,28.464455,26.29586,28.460615,28.063662,28.185833,22.880411,19.776543,18.678968,16.087938,19.236588,14.144366,19.517054,18.073988,21.237831,22.501045,25.88215,27.933794,31.77869,26.834505,23.913208,23.954144,19.132072,21.315434,15.729634,20.056774,18.110863,18.54706,22.77398,22.343508,28.63738,25.691803,29.902046,30.455082,33.11332
15,24.796389,22.578112,18.898947,16.057892,14.491964,10.57196,11.265501,6.8223343,6.650193,9.020628,7.2375317,12.143936,9.405796,6.7560735,5.043817,0.0,4.425028,5.831696,9.735042,12.555707,14.640402,17.214613,19.766293,19.6801,24.706327,24.207151,24.235489,19.917421,19.86214,15.361856,16.922764,10.663789,13.976609,9.770707,12.728634,13.8647375,12.565677,13.040724,8.643792,6.833674,13.554584,13.526217,15.956735,19.617844,19.704578,21.89143,24.24703,24.551384,28.394978,31.802145,30.682064,26.636251,29.103476,28.475573,24.53819,24.17328,23.579866,22.141243,26.085806,25.60137,22.846117,27.542221,27.145805,30.70591,32.698032,35.536457,37.541058,36.231297,36.34834,32.07809,29.026423,28.60859,24.315897,25.645779,21.664148,24.708744,22.74429,24.704151,24.557186,25.53636,20.078598,17.189392,15.211507,12.615724,15.179576,10.346652,15.484463,14.052936,17.556988,18.904858,22.632833,24.68934,28.567144,24.290846,21.498663,21.624357,16.382399,18.480621,12.7556095,16.830671,15.171367,15.729356,20.011368,19.468895,25.682901,22.257612,26.703978,26.804113,29.777676
16,20.716389,18.877674,15.211404,12.4455385,11.639326,7.051944,9.921374,6.846432,8.290069,11.76885,11.61629,16.261936,13.03311,10.307807,7.0035205,4.425028,0.0,4.583794,6.4245152,9.934416,11.2497425,13.46197,15.988245,16.658875,21.38813,21.482803,22.090794,18.196259,19.124676,14.109715,17.521734,11.213779,16.433592,13.377022,15.9448395,17.75444,16.20452,15.974457,11.833557,9.296916,15.048271,13.660401,16.996563,19.667513,18.44962,20.908491,22.478811,23.019876,26.700966,30.434507,29.63466,26.208715,28.440884,28.786377,24.602612,24.693264,24.648628,23.77701,28.07536,27.70425,24.80785,28.974102,27.967768,31.53671,32.71713,36.107483,37.56904,35.67121,36.029522,31.953018,29.078054,29.329678,25.028482,27.144072,23.502218,26.957651,25.551497,27.525398,27.756557,29.210957,23.833517,20.931133,18.564064,15.645405,17.45171,12.292623,15.727194,13.020179,16.235157,16.699015,20.25806,21.8353,26.05423,21.732906,18.642002,19.46703,14.372457,17.525335,12.135506,17.313814,16.938677,18.229973,22.109505,20.900822,26.997086,22.718842,26.83112,26.44131,29.029839
17,21.094847,18.53082,15.8235655,11.899546,10.771203,8.129242,8.842486,8.280351,7.069463,12.94438,12.154106,16.968067,15.090283,12.565661,10.039697,5.831696,4.583794,0.0,4.761231,6.7956347,9.595279,12.165366,14.750489,14.149063,19.156801,18.51163,18.439383,14.24559,14.698283,10.004394,13.061229,7.128549,13.491995,11.293932,14.165935,16.62325,16.13251,15.279166,10.925604,7.2313213,12.632129,10.32101,13.296137,15.460644,14.751758,16.759869,18.801304,18.953527,22.825163,26.329462,25.519941,21.808123,24.448906,24.640793,20.715897,21.112574,20.652563,20.149117,24.754736,23.939058,20.900175,24.682379,23.506693,27.006367,28.228523,31.528381,33.010384,31.228033,31.617113,27.553432,24.552418,24.873482,20.507795,22.792236,19.282127,22.899979,21.905104,23.93909,24.593977,26.464792,21.372068,18.45235,15.694781,12.503796,13.581653,8.562245,11.225792,8.687513,12.164953,13.155466,16.975563,18.950855,22.871626,18.985443,16.260395,16.662508,11.278089,13.874097,8.4941845,13.223826,13.264532,14.831312,18.424376,17.02778,22.936766,18.414598,22.631193,22.095766,24.912373
18,17.588892,15.562491,13.448967,9.241596,9.697667,7.3068542,10.286765,11.2074585,11.223806,16.970875,16.634768,21.508852,19.059196,16.258413,13.286879,9.735042,6.4245152,4.761231,0.0,4.3214335,5.099562,8.182813,10.109974,10.253179,15.057364,15.0720005,16.04056,12.424729,14.310887,9.014162,14.454162,9.238305,16.505991,15.5677185,17.668447,20.609104,19.723822,18.274775,14.46588,10.912938,14.528268,10.989467,14.828348,15.714867,13.176752,15.653226,16.514408,17.30974,20.713745,24.666245,24.092583,21.345577,23.363945,24.757526,20.567814,21.423761,21.801277,21.901718,26.660625,26.184267,23.16677,26.323404,24.528585,28.03367,28.179094,32.241924,33.11718,30.706734,31.597672,27.917025,25.048162,26.261217,21.941608,25.025433,21.964085,25.775778,25.306282,27.145449,28.07817,30.503084,25.492842,22.793905,19.706438,16.655024,16.93102,12.454171,12.865179,8.869309,11.663218,11.12086,14.766115,15.900214,20.345636,16.86784,13.843565,15.3734865,10.400115,14.253641,10.051811,15.284902,16.661013,18.68145,21.757654,19.839108,25.289707,19.936201,23.654545,22.352764,24.738802
19,16.904358,14.06312,13.141991,8.198981,8.4290085,8.72971,9.659386,12.852093,11.88279,18.588749,18.780462,23.33832,21.744446,19.306862,16.18778,12.555707,9.934416,6.7956347,4.3214335,0.0,5.480613,6.595732,9.410575,8.269513,12.810057,12.318683,12.23284,8.858438,10.937984,6.6172185,12.4446,9.125489,17.034111,16.630903,19.124554,22.24844,22.176884,20.572556,16.685843,12.708113,15.787153,11.339989,14.456599,13.874104,11.387605,12.870436,13.777679,13.554306,17.384174,21.08411,21.042782,18.24505,21.03966,22.734371,19.065548,20.596607,20.454607,21.242231,26.279066,25.141567,21.987028,24.252214,21.979916,25.138464,25.038185,28.928822,29.449038,26.801447,27.525236,23.908646,21.286154,22.781216,18.706026,22.270878,19.774326,23.848303,24.075756,26.110033,27.572392,30.132454,25.642107,22.813911,19.738379,16.38692,15.897666,11.766884,10.017085,5.430233,7.51988,6.879422,10.612553,12.201506,16.347767,12.980248,10.282874,11.535803,6.6239314,10.464237,7.450945,12.3398695,14.863902,17.387537,19.70235,17.303104,22.254072,16.485903,19.82825,18.318417,20.508232
20,16.379004,14.955486,14.29599,10.013258,11.933391,10.873063,14.158915,16.126612,16.073307,22.05682,21.451868,26.469814,23.977644,20.984632,18.231531,14.640402,11.2497425,9.595279,5.099562,5.480613,0.0,6.3966055,5.504733,5.736034,10.440211,10.854685,13.214856,10.400318,13.578283,8.448872,15.361008,11.578179,18.931353,19.422592,20.767408,24.224497,23.339058,21.213793,18.049145,14.619075,16.223665,11.7542,15.811616,15.23372,10.946612,13.771202,13.248243,15.037154,17.566927,21.89936,21.393488,19.810053,20.940115,23.533815,19.268036,20.61535,21.81862,22.59432,27.366741,27.212,24.327408,26.710936,24.360838,27.81318,26.807394,31.668297,31.987896,29.09237,30.698877,27.573687,24.733622,26.874588,22.658659,26.387598,23.826433,27.642935,27.726818,29.250635,30.497688,33.608246,28.808245,26.46121,22.997849,20.241798,19.617804,16.101786,14.591266,10.136306,11.896605,9.814698,13.037356,13.02184,17.816772,15.653623,12.82208,15.359826,11.382993,15.527526,12.9194975,17.522064,19.883446,22.118654,24.642725,22.412132,27.146433,21.183472,24.377546,22.186617,24.254316
21,10.734803,8.661675,9.040164,4.925265,7.9594393,9.294304,12.189273,16.026443,16.696672,22.611504,24.022104,28.366383,26.101673,23.694498,19.735764,17.214613,13.46197,12.165366,8.182813,6.595732,6.3966055,0.0,5.7774343,7.7688828,9.8565855,11.569426,12.752822,11.740744,15.314515,11.847411,18.435637,15.591757,23.466003,22.963707,25.368492,28.437817,27.86178,26.298716,22.519356,18.751104,21.653135,17.051353,20.52883,19.11397,15.1525,16.58805,15.649693,15.551332,18.623734,22.519444,23.36464,21.936626,24.239563,27.244892,23.647898,25.579494,26.027946,27.212183,32.233124,31.257387,28.151222,29.818056,27.036638,29.86611,28.720621,32.96334,32.57968,29.060446,29.879137,26.77787,24.901274,27.080442,23.550856,27.633686,25.695442,29.886366,30.455343,32.528294,34.115757,36.66657,32.20531,29.267742,26.30569,22.843805,22.396343,18.09313,15.747122,11.099034,11.250915,8.434415,10.068362,9.912622,14.580021,11.007146,7.7094293,10.970228,8.545252,13.412647,12.241323,17.354525,20.584677,23.391941,25.310198,22.510878,26.971727,20.935455,23.226105,21.347355,22.37691
22,13.485511,12.987056,13.901987,10.524544,13.617101,13.755614,17.341864,20.244152,20.680294,26.623552,26.730352,31.603827,28.976625,26.059637,22.855875,19.766293,15.988245,14.750489,10.109974,9.410575,5.504733,5.7774343,0.0,4.887956,6.453797,8.879968,12.500996,11.779218,15.965277,12.133286,19.32071,16.681643,24.084766,24.8399,26.171036,29.704723,28.788937,26.564817,23.537247,20.113262,21.279737,16.538437,20.365786,18.586748,13.354347,15.634254,13.469658,15.339557,16.985699,21.387756,21.623032,21.349564,22.064535,25.87467,21.947613,23.838797,25.388071,26.745173,31.504951,31.317492,28.490774,30.03894,27.147558,30.229986,28.191423,33.40107,32.90641,29.30774,31.184958,28.621025,26.31387,29.16092,25.401825,29.661293,27.706745,31.631079,32.22684,33.751884,35.286457,38.571915,33.989414,31.610554,28.152494,25.288588,24.336838,20.95046,18.284178,13.702191,14.07665,10.677782,12.336317,10.743857,15.661298,14.403163,11.8170185,15.394032,13.147255,17.536974,16.431034,20.873333,24.056955,26.611727,28.611925,25.991438,30.128382,23.829872,26.177721,23.49219,24.734303
23,17.214872,15.64563,16.802362,12.476412,14.637902,15.395078,17.511023,20.817322,20.074066,26.685781,26.06904,31.009867,29.085028,26.19005,23.529427,19.6801,16.658875,14.149063,10.253179,8.269513,5.736034,7.7688828,4.887956,0.0,5.415162,5.141465,8.541419,7.279939,11.524183,8.336613,15.333443,14.003191,21.192696,22.823555,23.95755,27.759607,27.467873,24.913275,22.066404,18.506165,18.728758,13.545441,16.792994,14.151334,8.833529,10.791878,8.703275,10.845212,12.527871,16.988762,16.914162,16.489191,17.318798,21.10915,17.406897,19.622465,20.989162,22.725965,27.527111,27.128317,24.360752,25.455051,22.42794,25.48291,23.339497,28.671986,28.302853,24.92455,27.097706,24.61508,21.988821,25.03603,21.228987,25.573376,23.840797,27.635555,28.548443,29.904781,31.687292,35.31789,31.087315,28.961344,25.338442,22.720407,21.101765,18.653227,14.997435,10.874397,11.042418,7.822355,10.045299,8.982893,13.578661,13.411543,11.529433,14.347696,11.883028,15.336448,14.756442,18.054686,21.44873,23.930817,25.561981,22.998201,26.64994,20.29493,22.691809,19.652664,21.305502
24,16.3092,15.375439,17.97464,14.538247,17.25877,18.908962,21.066643,25.07149,24.654795,31.254175,31.231081,36.04091,34.07659,31.257818,28.220827,24.706327,21.38813,19.156801,15.057364,12.810057,10.440211,9.8565855,6.453797,5.415162,0.0,4.234544,8.629641,10.313087,14.78674,13.169088,19.704287,19.246952,26.383059,28.112873,29.315775,33.139637,32.878914,30.288582,27.479794,23.88985,23.967552,18.743614,21.683092,18.188524,12.77316,13.736538,10.178142,11.854848,12.2326565,16.400864,17.345499,18.413143,18.903008,23.752768,20.678667,23.34574,24.851898,27.083292,31.781458,31.261978,28.596546,28.813,25.333296,27.847809,24.693771,30.172785,28.901688,24.81979,27.2332,25.466557,23.532907,27.215317,24.048382,28.766838,27.699099,31.50937,32.914024,34.28117,36.332733,40.055733,36.09743,33.93284,30.37815,27.66445,25.823097,23.477985,19.04739,15.1196165,14.110813,10.230335,10.269752,7.2889743,11.368818,12.860002,11.752845,15.14988,14.567873,17.849178,18.61809,21.610298,25.618307,28.33385,29.43284,26.568592,29.5092,23.055256,24.47255,21.026354,21.704102
25,19.644176,17.942766,20.22495,16.096256,18.103748,19.863535,21.096909,25.138235,23.898323,30.833141,30.197403,35.01404,33.563957,30.775564,28.210844,24.207151,21.482803,18.51163,15.0720005,12.318683,10.854685,11.569426,8.879968,5.141465,4.234544,0.0,5.5512033,7.0927134,11.295488,10.652371,16.460743,17.1171,23.775295,26.139603,27.141953,31.091984,31.288404,28.503307,25.896284,22.324846,21.69157,16.37873,18.692474,14.5542,9.401931,9.74912,6.0093727,8.087535,8.306156,12.712194,13.269193,14.226204,14.806313,19.616795,16.810436,19.72505,21.037195,23.54751,28.198519,27.521881,24.951036,24.799461,21.247574,23.747374,20.5266,26.148075,25.07666,21.266586,23.997025,22.261051,19.954218,23.774698,20.556013,25.261408,24.361172,27.987434,29.602144,30.794945,33.00108,36.965347,33.30926,31.393383,27.761284,25.325222,23.00923,21.494576,16.494642,13.215285,12.113065,8.785891,9.342198,7.3525424,10.742323,13.048746,12.464826,14.975407,14.023161,16.394947,17.415636,19.392054,23.394346,25.956066,26.786543,24.061916,26.59461,20.20898,21.724127,17.996563,19.159918
26,20.89766,18.069195,20.513405,16.182484,17.192827,20.05363,19.589386,24.451452,22.498543,29.688725,29.520866,33.865925,33.240532,30.88442,28.219595,24.235489,22.090794,18.439383,16.04056,12.23284,13.214856,12.752822,12.500996,8.541419,8.629641,5.5512033,0.0,4.955033,8.128194,10.075931,14.252336,16.481098,23.016487,25.091618,26.759365,30.48044,31.419691,28.934072,25.97063,22.158583,22.116547,16.824118,18.109238,13.322912,10.152847,8.264771,6.5246243,3.7345362,6.5303664,9.82845,11.575561,11.28482,14.2251,18.214981,16.41428,19.708006,19.646921,22.481895,27.299574,25.598694,22.8784,21.974657,18.165907,20.071321,17.302742,22.023788,20.784113,16.87855,18.886475,16.89799,14.941445,18.782343,16.051214,20.966919,20.70702,24.447735,26.598494,28.132463,30.720713,34.35144,31.277975,29.14593,25.8715,23.20613,20.595657,19.426863,13.346849,11.061974,8.670537,6.2427344,5.819371,5.7698145,7.40589,10.024602,10.558978,11.662294,11.570814,12.446646,14.913293,15.56969,20.088455,22.817709,22.875263,19.939808,21.760685,15.438266,16.383783,12.584511,13.616108
27,21.598372,18.632645,19.846754,14.985071,15.507482,17.42253,16.912106,20.971678,18.640205,25.83021,24.969727,29.475271,28.868696,26.430677,24.216581,19.917421,18.196259,14.24559,12.424729,8.858438,10.400318,11.740744,11.779218,7.279939,10.313087,7.0927134,4.955033,0.0,4.5103073,5.1783204,9.842788,11.565913,18.146202,20.273151,21.816742,25.564281,26.486126,23.99901,21.06169,17.304798,17.250427,11.987349,13.380201,9.230694,6.389962,5.28213,5.9506083,4.9263487,8.7211485,12.2902355,12.329208,10.19701,13.251087,16.040648,13.387598,16.212595,16.042519,18.382826,23.375914,21.868809,18.99032,19.169943,15.87214,18.603724,17.039364,21.736202,21.650599,18.719088,20.53654,17.749424,14.811457,17.806814,14.068109,18.591448,17.410181,21.207222,22.78361,24.280224,26.583519,30.226593,26.78217,24.713093,21.26809,18.716686,16.212872,15.055712,9.5240345,7.0798903,6.1720138,5.016716,7.705971,8.999832,11.730366,12.099924,11.525702,12.273653,9.955206,11.003766,11.77143,12.674426,16.523914,19.007973,19.744081,17.147726,19.955475,13.631828,16.022327,12.820519,15.18417
28,25.28516,21.905273,22.683613,17.752813,17.389051,19.239386,17.516489,21.275398,18.01438,25.141531,23.764751,27.953955,28.138216,25.976288,24.346407,19.86214,19.124676,14.698283,14.310887,10.937984,13.578283,15.314515,15.965277,11.524183,14.78674,11.295488,8.128194,4.5103073,0.0,5.8277216,6.268397,10.353652,15.661978,18.160282,19.744696,23.346346,24.98144,22.583942,19.81203,16.255505,15.8683815,11.21307,11.052373,6.5214496,7.205265,4.436134,8.077747,5.8899536,9.94729,12.266948,11.717281,7.5909057,12.144122,13.275498,11.332291,14.093483,12.686207,15.152177,20.14534,17.97762,15.044531,14.9691515,11.798815,14.597307,14.143822,18.186327,18.854832,16.81645,18.296398,15.103698,11.517217,13.969996,9.860076,14.206165,13.07192,16.767769,18.583021,20.085234,22.607857,26.27466,23.289698,21.405895,18.086662,15.843095,12.756246,12.917807,6.8094735,6.910392,6.3969464,7.889056,10.446797,12.681574,14.329539,14.529954,14.372629,13.890281,11.336504,10.575004,11.368733,10.204851,13.66423,15.822003,16.1372,13.853507,16.248041,10.286565,13.243359,10.350944,13.737306
29,22.521576,19.696505,19.57096,14.556051,14.633671,15.07307,14.886763,17.575453,15.049264,22.00113,20.2924,25.06552,24.264997,21.6643,19.98342,15.361856,14.109715,10.004394,9.014162,6.6172185,8.448872,11.847411,12.133286,8.336613,13.169088,10.652371,10.075931,5.1783204,5.8277216,0.0,7.1931243,6.5879593,13.587995,15.550989,16.916235,20.694035,21.36836,18.907495,15.9291525,12.226841,12.416703,7.193045,9.329971,7.3686852,5.47779,6.8272114,9.0842285,9.70258,13.085123,16.632761,15.545137,12.370665,14.806281,16.144178,12.490067,14.271109,14.192443,15.516823,20.59329,19.556168,16.559734,18.3875,16.014486,19.496157,19.205477,23.643831,24.568993,22.473248,24.046717,20.732708,17.250433,19.158571,14.682488,18.319878,15.9369955,19.643726,20.25916,21.69297,23.460474,26.99893,22.929356,20.900291,17.243155,14.82187,12.825598,11.292262,7.776256,5.099154,7.2240086,7.564089,11.495728,13.113015,16.470778,15.370845,13.8688135,14.486706,10.32507,11.814871,10.022449,11.746923,14.231196,16.27346,18.095142,16.068802,20.085548,14.27199,17.907307,15.619072,18.696285
30,28.853312,25.479227,25.073711,20.156668,19.099329,19.66852,17.57933,19.669453,15.6446295,22.123232,19.371521,23.46367,24.161406,22.129253,21.636091,16.922764,17.521734,13.061229,14.454162,12.4446,15.361008,18.435637,19.32071,15.333443,19.704287,16.460743,14.252336,9.842788,6.268397,7.1931243,0.0,6.730793,9.725607,12.7407675,13.999736,17.484116,19.610786,17.321608,14.888026,11.907884,11.111153,7.992257,5.997313,4.7146645,9.104655,8.227443,12.734577,12.039792,15.401239,17.40742,15.637046,10.493357,14.172094,12.628146,10.281679,11.515902,9.015933,10.191568,15.29213,13.070022,9.870792,11.946855,10.449734,14.107716,15.863838,19.008268,21.202536,20.601765,21.694403,18.065416,13.932666,14.514062,9.688164,12.099454,9.235793,12.576822,13.302273,14.664555,16.773561,20.508598,17.190624,15.629419,12.061496,10.508426,7.074215,9.003983,5.8115444,8.145999,9.977176,12.559341,15.872191,18.374836,20.394323,19.555998,18.829554,17.976591,14.150418,13.081709,11.593104,9.724102,10.68663,11.740496,13.020271,11.960503,15.3000965,10.90759,15.248582,13.813234,17.9079
31,25.928041,23.06396,21.526932,16.866278,15.92207,14.803993,14.07927,14.535945,11.26363,17.401306,14.29256,19.151543,18.655476,16.144178,15.609808,10.663789,11.213779,7.128549,9.238305,9.125489,11.578179,15.591757,16.681643,14.003191,19.246952,17.1171,16.481098,11.565913,10.353652,6.5879593,6.730793,0.0,7.9270945,9.039676,10.617119,14.191655,15.00573,12.925744,9.606376,5.9420724,7.6224766,4.6227098,6.2959385,8.964272,10.231944,11.87634,15.127413,15.6509905,19.107286,22.186972,20.489067,16.257284,18.657034,17.898018,14.135625,14.348361,13.539088,13.1320505,17.925371,17.075794,14.065847,17.90202,16.977865,20.789461,22.271095,25.737185,27.767534,26.689068,27.674213,23.834276,20.08247,20.483215,15.728733,17.775751,14.102836,17.358557,16.591663,18.06497,19.043888,22.063679,17.3249,15.267636,11.546658,9.367859,8.521459,6.741528,7.9601245,7.4863753,11.111591,12.918527,16.981205,19.139091,22.434355,20.213808,18.357803,18.28607,13.217602,14.097726,10.037954,11.568942,11.468016,12.468701,15.613137,14.67071,19.739643,15.329755,19.928549,18.897108,22.523783
32,33.71846,30.883347,28.999231,24.550781,23.252031,21.591352,20.386305,19.22937,15.43356,19.48547,13.852379,18.016851,18.675781,16.583456,18.4601,13.976609,16.433592,13.491995,16.505991,17.034111,18.931353,23.466003,24.084766,21.192696,26.383059,23.775295,23.016487,18.146202,15.661978,13.587995,9.725607,7.9270945,0.0,6.3132215,4.6034255,8.391804,10.632648,8.285315,7.400491,7.27794,5.059518,8.094759,5.7725573,11.444045,15.159504,16.465603,20.391518,21.277334,24.07165,26.445522,23.750807,19.074512,20.66527,17.591587,14.528706,12.921127,11.419846,8.777878,12.19871,12.07995,9.897099,15.648207,16.656927,20.546988,23.456314,26.107944,29.358805,29.659431,30.722391,27.000942,22.82966,22.173664,17.663277,17.683151,13.39093,14.7757,12.438543,12.7784395,12.614995,16.0689,11.067171,10.705456,6.6319456,7.9584594,7.3963313,9.874427,13.150576,14.780841,18.02549,20.359701,24.253199,26.525635,29.370872,27.618729,26.057756,25.522745,20.645292,20.44451,16.580233,16.08793,13.803733,12.786564,16.101355,16.8566,21.165962,18.764555,23.553717,23.076057,27.237862
33,32.257927,29.302114,26.618942,22.779835,20.809698,18.696768,16.930168,14.53072,10.772873,13.486445,7.8439317,11.821914,12.880321,11.423315,13.389414,9.770707,13.377022,11.293932,15.5677185,16.630903,19.422592,22.963707,24.8399,22.823555,28.112873,26.139603,25.091618,20.273151,18.160282,15.550989,12.7407675,9.039676,6.3132215,0.0,5.1184664,6.2423973,8.409944,8.5343075,5.240919,5.299453,9.286779,11.551863,10.914944,15.882017,18.838774,20.102118,23.879564,23.925323,27.544037,30.047676,28.111425,23.14387,25.754011,23.117065,20.111551,18.993963,17.11783,14.791466,18.012276,17.09848,14.732675,20.176716,21.026016,24.503922,27.84784,29.769037,32.841877,32.860775,33.0051,28.785688,25.16904,23.825129,19.582787,19.356253,14.884614,16.74114,13.897669,15.421418,14.869205,16.105083,10.527459,8.305405,5.737195,5.2112675,8.0644655,7.391969,13.475902,14.906005,18.362228,21.006207,24.863222,27.50708,30.50272,27.42789,25.54201,24.680456,19.612665,19.527563,14.723367,15.125946,11.657042,10.360914,14.713469,15.641341,21.019367,19.13805,24.011433,24.44805,28.286644
34,35.10548,32.517887,29.974693,25.953257,24.531273,22.008415,21.218021,18.623861,15.394374,17.80187,11.089872,15.105455,15.504529,13.50914,16.530344,12.728634,15.9448395,14.165935,17.668447,19.124554,20.767408,25.368492,26.171036,23.95755,29.315775,27.141953,26.759365,21.816742,19.744696,16.916235,13.999736,10.617119,4.6034255,5.1184664,0.0,4.284605,6.087292,4.4940834,4.555723,6.962762,6.6371355,11.016242,10.002935,15.83243,18.863337,20.645012,24.295029,25.358215,28.258728,30.855955,28.190516,23.622366,24.999706,21.982681,18.754013,16.771265,15.748616,12.6462755,14.962341,15.490495,13.802252,19.82672,21.153355,24.949087,28.045567,30.509764,33.86381,34.18267,35.04285,31.163408,27.129799,26.154074,21.754936,21.410099,16.957914,18.039438,14.912972,15.220665,14.033589,16.35452,10.693935,10.493752,7.4610996,9.221273,10.539322,11.644888,16.523054,17.728878,21.263615,23.49738,27.50982,29.751236,32.920185,30.575281,28.667866,28.237658,23.088854,23.286163,18.696512,18.98355,15.964017,14.540424,18.45994,19.55297,24.324833,22.339321,27.213476,27.093842,31.160645
35,37.692577,35.045883,32.1033,28.437948,26.652489,23.92411,22.759792,19.356358,16.296185,17.002348,9.862207,12.616123,13.817736,12.670916,16.58975,13.8647375,17.75444,16.62325,20.609104,22.24844,24.224497,28.437817,29.704723,27.759607,33.139637,31.091984,30.48044,25.564281,23.346346,20.694035,17.484116,14.191655,8.391804,6.2423973,4.284605,0.0,4.5923004,6.0104175,6.5849156,9.72617,10.872087,15.1849785,14.077912,19.786066,23.01904,24.615828,28.383888,29.09242,32.22338,34.667374,32.12612,27.317108,29.016924,25.629,22.745487,20.664995,19.225794,15.898498,17.447529,17.722391,16.368504,22.448132,24.209482,27.718449,31.39251,33.205452,36.80169,37.394566,37.823936,33.784126,29.942135,28.37192,24.280111,23.26331,18.796854,19.393833,15.652687,16.046482,14.125331,15.003591,9.298656,9.332621,8.027758,10.297312,12.677455,13.571747,19.328611,20.84003,24.338903,26.829165,30.776005,33.229458,36.32166,33.53041,31.587881,30.880587,25.76145,25.720413,20.955997,21.090714,17.279642,15.280196,19.302736,20.925316,25.70336,24.584044,29.427605,29.861359,33.888035
36,36.683685,34.532806,31.251995,27.89804,26.486624,22.960712,22.951767,18.729912,16.723995,16.794018,9.387882,12.834214,12.196263,10.350224,14.879431,12.565677,16.20452,16.13251,19.723822,22.176884,23.339058,27.86178,28.788937,27.467873,32.878914,31.288404,31.419691,26.486126,24.98144,21.36836,19.610786,15.00573,10.632648,8.409944,6.087292,4.5923004,0.0,4.0496206,5.552603,9.606669,11.050132,15.493274,15.621944,21.441963,23.624594,25.9155,29.161442,30.470108,33.448555,36.36989,33.78199,29.415712,30.549347,27.837097,24.321045,22.155487,21.684988,18.445395,20.09397,21.161396,19.751036,25.845364,27.238464,31.015224,34.08226,36.55773,39.882538,40.054264,40.770668,36.74537,32.86449,31.752138,27.40977,26.984348,22.480333,23.500443,19.983437,20.338959,18.489628,19.547373,13.884033,13.649337,12.073804,13.428869,15.883697,15.521379,21.331226,21.886795,25.614288,27.571743,31.64424,33.74132,37.307175,34.335636,32.021584,31.833935,26.500576,27.29096,22.082958,23.386671,20.02938,18.532686,22.838314,24.022497,29.237963,27.415966,32.308643,32.432003,36.32947
