,0,1,2,3,4,5,6,7,8,9,10,11,12,13,14,15,16,17,18,19,20,21,22,23,24,25,26,27,28,29,30,31,32,33,34,35,36,37,38,39,40,41,42,43,44,45,46,47,48,49,50,51,52,53,54,55,56,57,58,59,60,61,62,63,64,65,66,67,68,69,70,71,72,73,74,75,76,77,78,79,80,81,82,83,84,85,86,87,88,89,90,91,92,93,94,95,96,97,98,99,100,101,102,103,104,105,106,107,108
0,0.0,4.5287867,7.357659,9.448677,13.3124895,15.318068,18.445631,21.741774,24.583628,28.437134,33.053703,36.463757,34.62304,31.764837,29.045078,25.6291,22.39078,21.364647,16.730751,15.928903,11.184,11.6529,7.7756996,9.715905,13.995467,16.336964,20.366957,21.571102,22.043901,25.10778,26.620327,29.536358,35.60926,35.95234,39.20911,42.008053,43.817146,42.352043,38.588146,34.40488,36.555927,31.926855,32.538383,28.402988,27.354954,24.862907,26.228,23.31005,27.215546,30.45033,33.762596,35.433163,38.151695,39.597534,38.964565,40.481113,37.44757,41.635765,43.987354,42.098614,38.723328,39.333298,35.511906,37.558704,36.75719,37.485397,34.979782,34.8726,34.707085,36.54614,32.782013,36.023533,33.53852,36.57572,35.685997,37.630295,39.84806,38.186207,42.69051,41.629578,38.121883,38.35936,35.423603,31.676573,30.608955,26.452251,24.412374,19.154528,19.616028,15.933747,18.23806,22.298481,22.637938,24.94941,26.921474,26.425995,25.474703,23.818813,21.484901,21.581976,19.369913,19.612679,24.099342,24.265532,28.270203,28.1178,32.269848,33.16794,36.7512
1,4.5287867,0.0,5.21902,6.1608505,9.733026,12.411197,15.052977,19.052809,21.408281,25.963041,29.925245,33.690773,32.329113,29.56611,27.323895,23.40059,20.683113,19.116009,14.8437395,13.903891,9.547431,11.382384,7.1522646,8.954326,12.810669,14.011957,18.524178,19.125475,19.850267,22.10579,24.126083,26.24181,32.675835,32.53349,36.006195,38.72888,40.29472,38.978245,35.021435,30.797333,33.49756,28.895159,29.867573,26.252703,24.97462,22.949514,24.474062,22.301842,26.481794,29.799292,32.78187,33.979496,36.67766,37.790207,36.629417,37.919525,34.49486,38.53107,40.584473,38.508526,35.263794,35.522667,31.614063,33.628407,32.969288,33.51441,30.865574,30.548525,30.22938,32.092583,28.299692,31.616621,29.308239,32.375763,31.732122,33.737663,36.161755,34.762913,39.342728,38.67525,35.373825,35.431004,32.65871,28.735357,27.277788,23.633125,20.868084,15.799066,16.025503,12.2652445,14.515595,19.20386,19.186981,21.819977,23.415789,22.860762,21.551487,19.874416,17.263674,17.291668,14.848433,15.21278,19.5832,19.749609,23.819866,23.844994,27.943474,29.081116,32.57165
2,7.357659,5.21902,0.0,5.4162593,7.8505197,8.371651,12.725898,15.155146,18.275833,21.751366,26.258577,29.856024,27.977331,25.009743,22.923512,19.284908,16.631807,15.935771,11.546084,12.142249,6.9694963,11.0792055,9.254606,12.193525,16.274912,16.90033,20.846731,20.320549,19.986012,22.511436,23.210972,25.555946,31.223028,30.691986,34.47706,36.80604,38.7887,37.835796,33.826015,29.774837,32.7513,28.676716,29.058945,25.985012,25.835304,23.558401,26.07116,23.880186,27.967428,31.504435,34.135155,35.188858,37.323822,37.87936,36.68242,37.581482,34.28323,38.142242,39.87617,38.38847,35.259823,35.93719,32.20298,34.721325,34.743416,35.37274,32.732635,31.894073,30.73157,32.12319,27.969934,30.624857,28.014742,30.49491,29.563337,31.072771,33.300446,31.545004,36.008915,34.989235,31.979378,32.572216,29.991522,26.200438,24.792257,21.320671,19.520262,14.829921,16.23967,13.246127,16.513624,21.485294,21.988525,24.967636,25.960325,24.791325,23.419157,20.622807,18.628906,16.920656,15.013596,16.046162,19.745462,19.435574,24.247509,23.177755,27.379126,28.246513,31.362303
3,9.448677,6.1608505,5.4162593,0.0,3.9952853,7.5885267,9.084105,13.47747,15.511142,20.498447,24.292475,27.926605,26.904839,24.421076,22.063639,17.855062,15.320541,13.167484,9.2757435,8.165192,4.8088627,8.239435,6.4949584,8.905668,12.250943,12.078351,15.797018,14.954561,14.851024,17.169767,18.402447,20.644455,26.719803,26.600693,30.076685,32.73453,34.508533,33.24667,29.349052,25.203226,27.855919,23.538858,24.181755,20.987545,20.483902,18.4083,20.875685,19.10535,23.295517,26.819834,29.252872,30.075771,32.293232,32.865147,31.521616,32.52434,29.156872,33.111496,35.069725,33.431236,30.190912,31.012014,27.337536,29.935808,29.983438,31.022444,28.86615,28.499298,27.532898,28.554127,24.677668,27.3716,24.450047,27.504917,26.348019,28.460585,30.596506,29.066103,33.62384,32.87775,29.34989,29.31025,26.500685,22.591152,21.26759,17.476406,15.068855,9.981161,11.055761,8.052838,11.683745,16.340652,17.43709,20.419659,21.272346,19.795338,18.858458,15.750433,14.426496,12.941979,12.200884,14.534826,17.463081,16.65325,20.683233,19.26948,23.543354,24.051987,27.593525
4,13.3124895,9.733026,7.8505197,3.9952853,0.0,5.110619,5.340915,10.257399,11.785618,17.27835,20.530146,24.373644,23.727736,21.394976,19.516102,14.93799,13.144572,10.579485,7.7192035,7.212458,5.9221783,10.333044,9.968861,12.003396,14.521002,13.208756,16.44982,14.425379,13.890729,15.418572,16.296156,17.8393,23.77384,23.08999,26.858809,29.291697,31.063465,30.065575,26.015963,21.934902,25.137308,21.182333,21.814545,19.483868,19.434166,17.752222,20.779892,19.736652,23.846914,27.385403,29.302868,29.65268,31.51906,31.535511,29.75945,30.367361,26.786732,30.493681,32.06619,30.606764,27.539366,28.371195,24.795765,27.67432,28.251307,29.288662,27.200476,26.499777,24.964083,25.571371,21.558542,23.855059,20.771576,23.646894,22.424887,24.469505,26.628319,25.16266,29.746683,29.193436,25.869593,25.81911,23.216661,19.2141,17.576063,14.348979,11.709505,7.19631,8.973422,7.132399,11.112451,15.92536,17.14094,20.36893,20.509182,18.584805,17.4835,13.578007,12.822301,9.912269,10.08805,13.400244,15.23182,13.878513,18.103743,15.912576,20.211937,20.612217,23.948511
5,15.318068,12.411197,8.371651,7.5885267,5.110619,0.0,6.213812,6.989125,10.179055,13.692498,17.888597,21.565996,20.067404,17.3173,15.780932,11.543414,10.000446,9.150229,6.456614,8.855485,6.892035,12.569821,13.465367,16.188482,19.21748,18.1871,21.035883,18.558388,17.075838,18.884739,18.167965,19.924837,24.632515,23.38446,27.520262,29.368267,31.626028,31.130882,27.080942,23.347979,26.836887,23.645002,23.552296,21.887707,22.997896,21.074312,24.752752,23.503841,27.362398,30.981743,32.678474,33.01418,34.342434,33.87618,32.17565,32.374,29.042713,32.45115,33.60375,32.802616,29.964819,31.11824,27.798885,30.991283,32.09459,33.019363,30.809753,29.540606,27.269545,27.56276,23.250856,24.772034,21.57496,23.50208,22.045013,23.268663,25.207684,23.253857,27.672562,26.638935,23.830156,24.61525,22.353674,18.615725,17.033009,14.301017,13.345171,10.163032,12.989679,12.034185,15.992051,20.71731,21.98456,25.279692,25.124744,22.990538,21.74877,17.394133,16.924845,12.768343,12.973863,15.948669,17.378893,15.870451,20.790283,17.790716,21.924227,22.150085,24.809277
6,18.445631,15.052977,12.725898,9.084105,5.340915,6.213812,0.0,6.7151265,6.7185154,13.225882,15.722994,19.499811,19.524263,17.697065,16.073849,11.1633,10.45125,6.950419,6.849557,6.8837633,8.94107,12.787278,14.071382,15.809563,17.476444,15.287947,17.232965,13.784489,12.248335,13.079891,12.6663885,13.741441,18.97616,17.967577,21.890554,24.116165,26.09567,25.299429,21.272247,17.387346,20.798498,17.506927,17.740509,16.546167,17.543987,16.208378,20.039307,19.748466,23.469936,26.941572,28.122711,27.947155,29.183458,28.467257,26.356718,26.474075,22.921524,26.33317,27.590897,26.678556,23.77302,25.147411,21.98831,25.428753,26.830153,28.238775,26.690443,25.872778,23.65289,23.261427,19.333408,20.657671,16.912424,19.589708,17.741413,19.862827,21.679522,20.118021,24.677828,24.162008,20.701408,20.506844,17.994093,13.951986,12.254436,9.342566,7.201367,4.486322,7.794628,8.590592,12.4050665,16.237688,18.191725,21.383411,20.699749,18.02393,17.313927,12.190138,13.214793,8.527787,11.177837,15.599009,15.567679,13.252855,16.920403,12.910856,17.112677,16.68581,19.86169
7,21.741774,19.052809,15.155146,13.47747,10.257399,6.989125,6.7151265,0.0,4.7503085,7.0437107,11.574586,14.745164,13.485881,11.230816,9.784487,4.9507217,5.4978724,5.0947013,6.8469205,10.044954,11.395706,15.8591,18.451376,20.926594,23.247074,21.57363,23.060276,19.383316,16.714159,18.21351,15.393745,17.103033,19.860323,18.349401,22.500463,23.816538,26.643873,26.51526,22.782887,19.675543,22.962986,20.97835,19.93949,19.636887,22.282661,20.53298,25.05217,24.35337,27.609947,31.110914,31.977673,31.849667,32.270557,30.914282,29.107042,28.680315,25.783112,28.70372,29.463715,29.681211,27.129728,29.167696,26.554472,30.360935,32.39173,33.798565,32.280113,30.945415,27.943207,27.01422,22.942509,23.034916,19.083666,20.293941,17.802656,18.668846,19.77248,17.252626,21.454668,19.940609,16.953964,18.109743,16.071754,12.732452,11.614823,9.466697,11.141177,10.56382,14.241831,15.232942,19.119392,22.742088,24.868174,28.048058,27.182083,24.319143,23.634504,18.281788,19.541796,14.176911,16.506622,20.44001,20.111065,17.718895,21.841383,16.947178,20.61628,19.678007,21.809242
8,24.583628,21.408281,18.275833,15.511142,11.785618,10.179055,6.7185154,4.7503085,0.0,7.68876,9.119604,12.818749,13.450534,12.268631,11.663578,6.8851924,8.8595,6.464513,9.835235,11.434301,14.2561245,18.006437,20.360275,22.2229,23.684122,21.23578,22.216875,17.932621,15.415155,15.583444,12.919879,13.20684,15.901543,13.7810135,18.160143,19.47768,22.049894,22.002213,18.131586,15.090831,18.884716,17.299044,16.547665,17.365982,19.951508,18.969316,23.452835,23.68737,26.765562,30.058832,30.418121,29.733433,29.989244,28.219893,25.839252,25.081938,21.876389,24.498178,24.94096,25.161726,22.79803,24.824133,22.459396,26.41952,28.854443,30.40331,29.27129,28.004303,24.809904,23.283293,19.514673,19.119442,14.828933,16.219807,13.400008,14.80628,15.909708,13.792842,18.232838,17.457844,14.2753525,14.602847,12.680084,8.9341135,7.0678945,6.360191,7.613566,9.306473,12.5891285,14.723408,18.001528,20.984528,23.20325,26.264246,24.85644,21.731691,21.2102,15.619405,17.750128,12.094554,15.659717,20.136332,18.643682,15.796528,18.991858,13.30403,16.64466,15.22281,17.307728
9,28.437134,25.963041,21.751366,20.498447,17.27835,13.692498,13.225882,7.0437107,7.68876,0.0,6.963588,8.589898,6.4575872,4.634289,5.3602214,3.5562692,7.848392,9.603056,12.905355,16.176073,18.01912,22.018562,25.230331,27.720785,29.869446,28.020725,28.852919,24.693125,21.470837,22.583147,18.35347,19.608105,19.705984,17.523525,21.54064,21.696201,25.13662,25.786053,22.599054,20.620552,23.727587,23.323622,21.413322,22.595716,26.361147,24.843843,29.717747,29.33876,32.019463,35.319954,35.53175,35.062164,34.603756,32.392105,30.567684,29.410904,27.120306,29.215992,29.241495,30.600828,28.619602,31.201344,29.339167,33.433773,36.205708,37.7157,36.535416,34.88319,31.205336,29.43868,25.666359,24.349459,20.32812,20.088331,16.953337,16.556555,16.481226,13.112455,16.48096,13.979483,11.830916,14.39282,13.441067,11.601416,11.23461,11.317675,15.078762,16.432981,20.024487,21.746105,25.371635,28.45095,30.786596,33.87244,32.542603,29.395279,28.873478,23.306932,25.226425,19.463291,22.28367,26.194794,24.943724,22.315575,25.973978,20.262987,23.032076,21.411963,22.37907
10,33.053703,29.925245,26.258577,24.292475,20.530146,17.888597,15.722994,11.574586,9.119604,6.963588,0.0,5.117113,7.8968983,8.636113,11.518323,9.823323,14.060498,13.993325,17.919102,20.19988,22.796951,26.68979,29.36402,31.334206,32.734394,30.08429,30.680689,26.052238,23.297375,22.698465,19.122826,18.105362,17.358635,13.356287,17.759829,17.000044,19.991972,21.464226,18.226372,17.07348,21.19043,21.857368,20.464802,23.340176,26.76886,26.301016,30.910168,31.641165,34.170666,37.18936,36.79731,35.581024,34.891754,32.04663,29.351398,27.524763,24.861992,26.042955,25.00026,26.552912,25.288883,27.450455,26.118883,30.16247,33.541252,34.868526,33.97438,32.038628,27.861858,25.336136,22.08349,19.611462,15.820327,14.500724,11.178244,10.051126,9.567696,6.2551785,10.033133,9.025013,8.456636,10.51035,11.129572,9.849519,8.390138,12.131728,14.783522,18.129393,20.982351,23.514778,26.317614,28.930689,30.924952,33.873272,31.841064,28.629457,27.987278,22.650019,25.030603,19.200651,22.6313,26.650934,24.012644,21.143246,23.769566,17.701515,19.320868,17.456635,17.236969
11,36.463757,33.690773,29.856024,27.926605,24.373644,21.565996,19.499811,14.745164,12.818749,8.589898,5.117113,0.0,5.5553627,8.32897,11.000218,11.405088,15.51764,16.163284,20.442738,22.8237,25.763165,29.142183,32.484493,34.53591,35.93239,33.461082,33.473316,28.764118,25.496805,25.387358,20.6963,20.443214,17.703766,14.582932,17.934608,16.537584,20.228765,21.84158,19.559418,19.245222,22.074846,23.614912,21.344429,24.549006,28.811712,28.134575,32.95052,33.53324,35.57439,38.436813,37.70566,36.494392,35.182873,31.958649,29.699091,27.611383,25.846724,26.65228,25.595211,28.12336,27.03844,30.003809,29.22587,33.435173,37.03128,38.729717,38.25608,36.546326,32.40422,29.501322,26.599606,23.729956,19.831543,18.306786,14.554532,13.20211,11.138265,7.2689943,8.874404,5.4579167,4.952909,8.710207,10.098279,10.727143,11.0350275,14.110951,18.260332,21.609118,24.646385,27.345259,30.310589,32.421165,34.915913,37.72008,35.71369,32.305393,32.103416,26.5963,29.444708,23.720581,27.424618,31.582773,29.020344,26.087704,28.408875,22.087627,23.477022,20.974337,20.599335
12,34.62304,32.329113,27.977331,26.904839,23.727736,20.067404,19.524263,13.485881,13.450534,6.4575872,7.8968983,5.5553627,0.0,3.6195722,6.9919147,9.270515,13.076425,15.302534,18.89465,22.096312,24.171364,27.813463,31.410099,33.905914,35.9489,34.045834,34.415104,30.04325,26.527575,27.474934,22.489305,23.516861,21.52576,19.180359,22.56941,21.64874,25.491856,26.758175,24.33302,23.430532,26.015888,26.836748,24.32565,26.431314,30.866228,29.491192,34.490902,34.27967,36.48047,39.570175,39.29579,38.614117,37.459133,34.64402,32.949856,31.267714,29.660027,31.013563,30.481567,32.805565,31.332472,34.336872,33.12441,37.3347,40.58001,42.19845,41.327103,39.535378,35.49711,33.15652,29.762932,27.4958,23.632519,22.3506,18.942041,17.520475,16.143555,12.319768,13.94159,10.055691,9.491535,13.4631815,13.839431,13.901264,14.372903,15.677549,20.23424,22.369045,25.86302,27.930113,31.418894,34.088223,36.60222,39.583126,37.99624,34.68997,34.344124,28.733675,31.049328,25.21994,28.27709,32.152924,30.42329,27.715858,30.948647,24.920897,26.975428,24.898548,24.984003
13,31.764837,29.56611,25.009743,24.421076,21.394976,17.3173,17.697065,11.230816,12.268631,4.634289,8.636113,8.32897,3.6195722,0.0,5.428201,7.3502793,10.969635,13.779139,16.709078,20.319967,21.698807,25.747906,29.126991,31.814898,34.195724,32.52252,33.348915,29.225386,25.856552,27.108679,22.533033,23.837881,22.992193,20.647997,24.426785,23.938425,27.595472,28.656816,25.80575,24.339779,27.291086,27.421013,25.197132,26.639648,30.733957,29.126749,34.081287,33.55104,36.062176,39.32611,39.438778,39.00312,38.230038,35.79004,34.137894,32.754925,30.820599,32.57296,32.279552,34.105423,32.383907,35.068207,33.43359,37.542248,40.49344,41.91379,40.67978,38.78692,34.85159,32.97984,29.252615,27.50624,23.758327,22.745434,19.705015,18.419962,17.803974,14.165131,16.482409,13.176266,12.426234,15.997425,15.8222065,14.990463,14.963079,15.5823145,19.6334,21.040321,24.64804,26.263378,29.929073,33.084465,35.370514,38.480274,37.11603,33.97664,33.381115,27.858566,29.66654,23.841274,26.3714,29.987919,28.734304,26.221636,30.01147,24.3509,26.805672,25.198341,25.58859
14,29.045078,27.323895,22.923512,22.063639,19.516102,15.780932,16.073849,9.784487,11.663578,5.3602214,11.518323,11.000218,6.9919147,5.428201,0.0,5.00994,7.028481,10.531167,13.356925,16.90425,18.59006,21.857008,25.873648,28.602795,31.045433,29.789883,30.215843,26.342588,22.59821,24.861559,19.671537,22.42525,21.667706,20.776552,24.01553,24.27823,28.199017,28.534798,25.91624,24.10363,25.97115,25.632656,22.960915,23.46197,27.900696,25.735914,30.775053,29.70133,32.011116,35.28705,35.574818,35.53088,34.764053,32.688118,31.665659,30.721098,29.221447,31.499016,32.029682,33.851,31.670437,34.922882,33.20474,37.415226,40.062027,41.915356,40.932014,39.58473,36.146133,34.388393,30.667616,29.465475,25.238018,25.204552,21.771193,21.464518,20.817713,17.15567,19.79792,16.22032,13.445023,16.410847,15.074254,14.08404,15.001852,13.509416,18.45778,19.001225,22.82612,24.28233,28.247477,31.024961,33.865173,36.840054,35.859627,32.63671,32.51602,26.842112,28.916065,23.44749,26.20997,30.104404,29.43873,26.881197,30.574484,24.84294,27.80521,25.841837,27.117077
15,25.6291,23.40059,19.284908,17.855062,14.93799,11.543414,11.1633,4.9507217,6.8851924,3.5562692,9.823323,11.405088,9.270515,7.3502793,5.00994,0.0,4.3544726,6.4455414,9.632928,13.004255,14.940781,18.648455,22.143444,24.694939,26.958652,25.399271,26.158705,22.223417,18.8503,20.685432,16.324171,18.58343,19.305069,18.075274,21.826595,22.616081,26.075104,26.188128,23.015837,20.613375,23.157528,22.14417,20.145014,20.452995,24.215855,22.296062,27.19111,26.41069,29.133474,32.513668,32.979626,32.80862,32.54819,30.71832,29.239136,28.477877,26.289042,28.856417,29.477139,30.60513,28.25399,31.035866,28.969831,33.06008,35.51055,37.22375,36.09307,34.78549,31.510523,29.99361,26.166288,25.42371,21.195486,21.732243,18.552595,18.86111,18.977228,15.769383,19.352373,16.845423,13.688704,15.674127,13.871358,11.578499,11.62913,9.819229,13.85152,14.264901,18.054949,19.521643,23.405552,26.408224,29.01677,32.057262,31.047302,27.912537,27.616138,22.003174,23.922678,18.451962,21.261637,25.28532,24.585289,22.010439,25.729116,20.175087,23.399002,21.734468,23.400898
16,22.39078,20.683113,16.631807,15.320541,13.144572,10.000446,10.45125,5.4978724,8.8595,7.848392,14.060498,15.51764,13.076425,10.969635,7.028481,4.3544726,0.0,4.703852,6.360845,10.095847,11.647462,14.931777,18.84863,21.592241,24.182507,23.207705,23.98406,20.56644,17.095566,20.031513,15.741525,19.271612,20.728306,20.542835,23.90851,25.287804,28.712631,28.29372,25.202261,22.409378,24.263815,22.514303,20.475502,19.49743,23.118818,20.588482,25.397295,23.90356,26.688347,30.177368,31.078209,31.398947,31.42752,30.17349,29.227043,28.992937,26.996525,30.076311,31.351164,32.196117,29.464228,32.379414,30.06791,34.057507,36.05112,37.922535,36.7683,35.81776,33.033745,31.910473,28.025383,27.94921,23.678192,24.886324,21.816885,22.620623,22.926813,19.856647,23.513996,20.934334,17.218676,18.791922,16.351068,13.860163,14.277245,10.643176,14.444901,13.312721,17.191431,18.044437,22.235626,25.21662,28.063808,31.030186,30.513824,27.506512,27.42461,21.94993,23.635353,18.736704,21.192053,25.100224,25.236998,22.8781,26.735249,21.637148,25.292759,23.73559,26.045004
17,21.364647,19.116009,15.935771,13.167484,10.579485,9.150229,6.950419,5.0947013,6.464513,9.603056,13.993325,16.163284,15.302534,13.779139,10.531167,6.4455414,4.703852,0.0,4.805115,6.8358855,10.209182,12.980482,16.60223,18.824898,20.774847,19.28567,19.826178,16.103464,12.737022,15.341096,11.476741,14.900025,17.39038,17.51191,20.812317,22.75783,25.790842,24.985651,21.737144,18.574717,20.417948,18.152279,16.554178,15.402078,18.618599,16.355131,21.123434,20.111654,23.065159,26.542963,27.36735,27.455969,27.771235,26.6395,25.364294,25.299145,22.929178,26.246794,27.770096,28.173395,25.265488,28.090162,25.685585,29.640106,31.526201,33.56568,32.646313,32.02724,29.538717,28.361065,24.68576,24.915253,20.501842,22.45437,19.410814,21.03329,21.625465,19.066126,23.1056,21.277046,17.008036,17.490622,14.597545,11.372642,11.548413,6.9195595,10.101439,8.910254,12.774057,14.108936,18.139675,20.73742,23.785122,26.662682,26.047564,22.9408,23.088577,17.536232,19.660158,15.000903,18.118896,22.46793,22.309343,19.785599,23.050655,17.91753,21.682766,19.994022,22.828777
18,16.730751,14.8437395,11.546084,9.2757435,7.7192035,6.456614,6.849557,6.8469205,9.835235,12.905355,17.919102,20.442738,18.89465,16.709078,13.356925,9.632928,6.360845,4.805115,0.0,4.413417,5.59236,9.17905,12.582685,15.284931,18.022537,17.308563,18.690994,15.951651,13.235036,16.601793,14.119081,17.833826,21.495005,21.756685,25.074371,27.266615,30.045757,29.050295,25.630777,22.095434,24.00028,20.931618,19.86416,17.500849,19.73066,17.030962,21.276838,19.462286,22.84316,26.48134,28.028889,28.646778,29.570593,29.159515,28.180382,28.601713,26.09064,29.757624,31.577158,31.413128,28.29324,30.640493,27.778673,31.378633,32.644936,34.43398,33.083168,32.531185,30.483152,30.054987,26.1595,27.20535,23.187132,25.44419,22.960617,24.606674,25.678822,23.268642,27.445864,25.687794,21.701857,22.275967,19.368721,16.025377,15.802278,11.179692,12.48716,9.133116,12.673252,12.564557,16.913086,20.183947,22.871773,25.808722,25.800817,23.145134,23.03097,18.046076,19.108864,15.194638,17.082525,20.844845,21.853083,19.84573,23.684797,19.621265,23.747297,22.765572,25.887466
19,15.928903,13.903891,12.142249,8.165192,7.212458,8.855485,6.8837633,10.044954,11.434301,16.176073,20.19988,22.8237,22.096312,20.319967,16.90425,13.004255,10.095847,6.8358855,4.413417,0.0,5.5391016,6.7203503,10.041069,12.058047,14.143867,13.280323,14.303114,11.7457,9.298494,13.13248,11.615152,15.68443,20.263247,21.283728,24.123817,26.88315,29.290401,27.780334,24.480942,20.703646,22.030771,18.27931,17.666172,14.410949,15.883105,13.081011,17.037987,15.218752,18.8006,22.447252,24.168308,24.856356,26.20128,26.247154,25.327326,26.176569,23.591854,27.586208,29.896124,29.28806,25.922554,28.25689,25.317902,28.745516,29.648706,31.717285,30.681181,30.695427,29.221962,28.868618,25.315073,26.80873,22.783772,25.776793,23.372232,25.699436,26.872133,24.859808,29.131927,27.775303,23.321636,23.089195,19.845392,16.3451,16.21568,11.00869,11.143497,6.7551684,9.676625,9.509295,13.727648,16.32387,19.45371,22.15775,22.386007,19.748852,20.107826,15.360272,16.74718,13.845818,16.111322,20.08595,21.152355,19.179016,22.227272,18.55162,22.711214,21.632948,25.32484
20,11.184,9.547431,6.9694963,4.8088627,5.9221783,6.892035,8.94107,11.395706,14.2561245,18.01912,22.796951,25.763165,24.171364,21.698807,18.59006,14.940781,11.647462,10.209182,5.59236,5.5391016,0.0,5.8319345,7.5889654,10.740455,14.310464,14.516442,16.999588,15.643564,14.189445,17.719809,17.107159,20.611898,25.543484,25.931028,29.202953,31.738556,34.088642,32.828835,29.240417,25.340122,27.319668,23.432945,23.133017,19.798433,20.598038,17.820873,21.080141,18.70387,22.5239,26.172691,28.460707,29.508757,31.201962,31.57496,30.727339,31.652384,28.878803,32.853508,34.96805,34.05898,30.756857,32.45939,29.14816,32.224537,32.717,34.2089,32.46119,32.123383,30.761246,31.16839,27.251438,29.24404,25.74052,28.46818,26.615881,28.501461,30.085855,28.023314,32.38401,30.964014,27.11614,27.445763,24.47376,20.898575,20.273676,15.740176,15.21919,10.390644,12.731552,10.868418,15.042588,18.854174,20.939863,23.80412,24.509241,22.507011,22.133347,18.156778,17.979164,15.48347,15.906069,18.791327,21.10642,19.793589,23.814964,21.177618,25.485619,25.239824,28.699114
21,11.6529,11.382384,11.0792055,8.239435,10.333044,12.569821,12.787278,15.8591,18.006437,22.018562,26.68979,29.142183,27.813463,25.747906,21.857008,18.648455,14.931777,12.980482,9.17905,6.7203503,5.8319345,0.0,5.4812446,7.9217916,11.150095,12.480961,13.866216,13.64442,12.306515,17.046753,16.553465,21.175936,25.981228,27.66455,30.09035,33.118244,35.43549,33.57319,30.494997,26.642889,27.269987,23.022423,22.574,18.003386,18.476677,15.088997,17.750721,14.37693,17.956532,21.530573,24.259415,25.899265,27.86168,28.966007,28.871544,30.395206,28.203972,32.50302,35.36038,34.413048,30.838963,33.017,29.89726,32.84467,32.928997,34.961113,33.793045,34.24243,33.53033,33.831738,30.36411,32.52291,28.813143,32.06275,29.917646,32.29703,33.57937,31.543917,35.789246,34.22305,29.664349,29.497908,26.102627,22.823238,22.90189,17.506243,17.305765,12.274386,13.807175,11.945124,15.55265,17.831234,20.737764,23.001623,24.279503,22.354092,22.877022,19.327446,19.723701,18.4457,19.374525,22.319857,24.718525,23.412243,26.471413,23.976768,28.187975,27.482681,31.425177
22,7.7756996,7.1522646,9.254606,6.4949584,9.968861,13.465367,14.071382,18.451376,20.360275,25.230331,29.36402,32.484493,31.410099,29.126991,25.873648,22.143444,18.84863,16.60223,12.582685,10.041069,7.5889654,5.4812446,0.0,3.5519407,7.969357,9.997147,13.160547,14.146821,14.500367,18.03087,19.510443,22.915571,28.895464,30.041937,32.731087,35.866863,37.6511,35.792786,32.380337,28.255764,29.569212,24.827673,25.349728,20.849426,19.788378,17.128456,18.627682,15.714968,19.721714,23.08311,26.184547,27.738714,30.389168,31.850851,31.324675,32.99523,30.209711,34.527077,37.262756,35.53048,31.992598,33.21846,29.681828,32.038273,31.475763,32.99425,31.349154,31.853487,31.705753,32.766422,29.348537,32.27147,29.187878,32.710686,31.266289,33.781418,35.624184,34.018322,38.487007,37.470818,33.269398,32.90103,29.662636,26.017488,25.399925,20.650595,18.751045,13.34944,13.6538105,10.460652,13.199302,16.167284,17.935438,20.154888,21.939081,20.78617,20.774519,18.420837,17.498657,17.555994,17.176731,19.178719,22.431213,21.779911,24.822401,23.725227,27.899256,28.005613,32.021946
23,9.715905,8.954326,12.193525,8.905668,12.003396,16.188482,15.809563,20.926594,22.2229,27.720785,31.334206,34.53591,33.905914,31.814898,28.602795,24.694939,21.592241,18.824898,15.284931,12.058047,10.740455,7.9217916,3.5519407,0.0,4.596783,7.446509,10.793198,12.845453,14.178059,17.258482,19.771208,22.827774,29.208483,30.626905,33.009613,36.38774,37.836063,35.723965,32.43134,28.280891,29.312218,24.284863,25.265848,20.518595,18.50989,16.204336,16.758934,14.039626,18.07819,21.20331,24.488459,26.06225,29.127295,30.967941,30.426395,32.361263,29.522219,33.899162,36.846405,34.731388,31.150969,32.134335,28.581898,30.595987,29.609695,31.206993,29.766602,30.72897,31.116213,32.312607,29.248503,32.46658,29.559221,33.434227,32.14604,34.985462,36.903214,35.571705,40.059444,39.325806,34.97964,34.2014,30.902634,27.24856,26.603323,21.940859,19.417448,14.172072,13.5352745,10.258433,11.934134,14.0758705,15.772286,17.582323,19.764656,18.962315,19.240252,17.660912,16.683321,17.856812,17.521048,19.380716,22.576162,22.074959,24.384068,23.854168,27.83784,28.010155,32.233368
24,13.995467,12.810669,16.274912,12.250943,14.521002,19.21748,17.476444,23.247074,23.684122,29.869446,32.734394,35.93239,35.9489,34.195724,31.045433,26.958652,24.182507,20.774847,18.022537,14.143867,14.310464,11.150095,7.969357,4.596783,0.0,4.344187,7.237942,10.6090765,13.145717,15.426627,19.11182,21.642857,28.313078,30.113451,32.014164,35.662216,36.6906,34.261448,31.213142,27.13429,27.695513,22.436554,23.95682,19.089628,15.928631,14.2578125,13.573918,11.509088,15.48604,18.254065,21.54319,22.961365,26.458345,28.645916,28.015408,30.22267,27.362606,31.747263,34.94153,32.43774,28.837997,29.641514,26.200453,27.86282,26.483677,28.355047,27.40765,29.004606,29.947329,31.058989,28.535408,31.90744,29.127611,33.393333,32.190483,35.43569,37.333275,36.342617,40.778145,40.393085,35.856045,34.526257,31.190315,27.618923,27.016785,22.544699,19.4437,14.751647,13.079544,10.356841,10.570027,10.942441,12.951454,14.106518,16.621174,16.071287,16.983086,16.216167,15.665124,17.957159,18.160612,20.19249,22.82362,22.291615,23.475412,23.341396,26.980814,27.040876,31.479776
25,16.336964,14.011957,16.90033,12.078351,13.208756,18.1871,15.287947,21.57363,21.23578,28.020725,30.08429,33.461082,34.045834,32.52252,29.789883,25.399271,23.207705,19.28567,17.308563,13.280323,14.516442,12.480961,9.997147,7.446509,4.344187,0.0,5.2462997,7.533423,10.882377,11.79611,16.475943,17.99712,25.106062,26.575653,28.530792,32.171852,32.907566,30.536148,27.366642,23.260118,24.21104,18.892057,20.934347,16.692614,13.005095,12.177981,11.665306,11.14736,15.309406,18.096836,20.731657,21.415915,24.820875,26.54601,25.251444,27.216312,23.901724,28.16302,31.124413,28.39697,24.869932,25.40321,21.891228,23.59924,22.413143,24.35716,23.546808,25.159737,26.00017,26.892416,24.535769,27.870636,25.156885,29.568441,28.496391,31.918446,33.89472,33.200535,37.623577,37.626392,33.229576,31.606188,28.427515,24.774982,23.898163,19.971867,16.098436,11.968656,9.520105,7.3562694,6.7378674,6.752785,9.2339735,10.789934,12.767065,11.849455,12.861413,12.001299,11.887517,14.446096,15.296854,17.88812,19.699766,18.92467,19.54629,19.379965,22.857933,22.925117,27.394102
26,20.366957,18.524178,20.846731,15.797018,16.44982,21.035883,17.232965,23.060276,22.216875,28.852919,30.680689,33.473316,34.415104,33.348915,30.215843,26.158705,23.98406,19.826178,18.690994,14.303114,16.999588,13.866216,13.160547,10.793198,7.237942,5.2462997,0.0,4.967038,8.553104,9.906823,14.268278,16.4821,22.82046,25.40941,26.467154,30.390465,31.157148,28.325531,25.817608,22.052744,21.53503,16.256119,18.037169,13.197766,9.037906,8.182091,6.565215,6.4719434,10.370885,13.02119,15.500515,16.239153,19.76214,21.844503,21.00974,23.376251,20.698505,25.103344,28.65991,26.243088,22.561522,24.003914,21.106522,23.038853,22.07614,24.91015,25.142149,27.297087,28.143105,28.271858,26.402876,29.173027,26.029854,30.555979,28.947704,32.633507,34.0971,33.3617,37.52206,37.37828,32.49057,30.44894,27.07721,23.883875,23.704243,19.426895,16.46049,13.225325,11.038961,10.648577,10.252893,7.209245,11.587483,12.188275,13.776569,12.192888,14.643883,13.30472,14.983969,17.026207,19.16393,22.36989,23.3545,22.094616,21.89081,20.798586,23.941984,23.090206,27.719925
27,21.571102,19.125475,20.320549,14.954561,14.425379,18.558388,13.784489,19.383316,17.932621,24.693125,26.052238,28.764118,30.04325,29.225386,26.342588,22.223417,20.56644,16.103464,15.951651,11.7457,15.643564,13.64442,14.146821,12.845453,10.6090765,7.533423,4.967038,0.0,4.4780717,5.2089014,9.600957,11.648815,18.0747,20.489866,21.72754,25.570831,26.514034,23.844273,21.17334,17.36299,17.122948,11.879117,13.553515,9.283962,5.90377,5.2586317,6.59203,7.838651,11.503205,14.458347,15.858741,15.788209,18.46131,19.489801,18.016079,19.852306,16.823795,21.23416,24.525393,22.512188,18.798332,20.753485,17.965677,20.653969,20.668583,23.676355,24.009974,25.693539,25.746983,25.224197,23.203783,25.381601,21.827013,26.221943,24.297344,27.985573,29.269114,28.510054,32.611385,32.515625,27.653614,25.528416,22.215357,18.994926,18.83147,14.728534,11.843004,9.433865,7.578196,8.895435,9.399805,7.0251684,11.999482,13.394904,13.675657,10.915855,13.346287,10.272558,13.306416,13.930649,17.224382,21.243893,21.320595,19.485077,19.328558,17.01056,20.19785,18.827028,23.42687
28,22.043901,19.850267,19.986012,14.851024,13.890729,17.075838,12.248335,16.714159,15.415155,21.470837,23.297375,25.496805,26.527575,25.856552,22.59821,18.8503,17.095566,12.737022,13.235036,9.298494,14.189445,12.306515,14.500367,14.178059,13.145717,10.882377,8.553104,4.4780717,0.0,5.879315,6.103732,10.477779,15.603625,18.488417,19.712784,23.410734,25.067698,22.52715,20.028702,16.42691,15.691088,11.0845995,11.206011,6.4883647,6.690284,4.0125833,8.399227,8.446646,11.587945,14.884642,15.880322,15.944938,17.63825,18.044489,16.98339,18.502457,16.068745,20.486961,23.769426,22.758472,19.062819,22.038076,19.659552,22.988693,23.752274,26.859272,27.207645,28.443993,27.783339,26.750902,24.415487,25.86025,21.73197,25.675026,23.094173,26.514048,27.33186,26.089476,30.056494,29.420698,24.256073,22.3891,18.856005,15.840241,16.34258,11.410176,10.4537,8.358856,8.450709,10.383222,12.377417,11.250406,16.015545,17.71703,17.664398,14.538354,16.671898,12.380313,15.848753,14.778332,18.600513,23.031242,22.921066,20.691465,21.219784,17.591047,20.946314,18.914673,23.287657
29,25.10778,22.10579,22.511436,17.169767,15.418572,18.884739,13.079891,18.21351,15.583444,22.583147,22.698465,25.387358,27.474934,27.108679,24.861559,20.685432,20.031513,15.341096,16.601793,13.13248,17.719809,17.046753,18.03087,17.258482,15.426627,11.79611,9.906823,5.2089014,5.879315,0.0,7.0038495,6.6029153,13.606192,15.606988,16.8703,20.685068,21.397318,18.83848,15.998329,12.182067,12.439929,7.194986,9.649759,7.6438384,5.264293,6.8259087,9.239698,11.951993,14.709365,17.273825,17.460989,16.26944,18.0847,17.885956,15.273519,16.34862,12.569017,16.76794,19.631393,17.728252,14.072183,16.324965,13.792149,17.138552,18.180414,21.376081,22.079556,23.459946,22.877554,21.536812,19.7692,21.250721,17.453745,21.830555,19.74337,23.624073,24.75902,24.32316,28.272741,28.609404,23.943605,21.392931,18.366264,15.220026,14.852628,11.88702,8.520594,8.745043,7.087158,10.374755,10.724868,8.627803,13.048345,14.652429,13.541037,9.943932,12.350198,8.129228,12.728918,12.218017,16.711872,21.2575,20.021511,17.668938,16.829742,13.409045,16.142982,14.105547,18.669119
30,26.620327,24.126083,23.210972,18.402447,16.296156,18.167965,12.6663885,15.393745,12.919879,18.35347,19.122826,20.6963,22.489305,22.533033,19.671537,16.324171,15.741525,11.476741,14.119081,11.615152,17.107159,16.553465,19.510443,19.771208,19.11182,16.475943,14.268278,9.600957,6.103732,7.0038495,0.0,6.7374077,9.764776,13.087363,14.063413,17.614677,19.742218,17.393326,15.150805,12.093173,10.895297,7.7280293,6.095713,4.454212,8.524852,7.560513,12.32314,13.452558,15.366063,18.159216,17.802008,16.906012,17.124098,15.874875,14.144147,14.604656,12.334044,16.330042,19.201954,19.309307,15.899096,19.91279,18.323486,22.337732,24.251547,27.522314,28.249504,29.058363,27.551804,25.522861,23.356924,23.58713,18.963005,22.35056,19.062857,22.379292,22.53243,21.198906,24.806183,24.131376,18.779488,16.553852,13.008278,10.423087,11.701454,7.230424,8.548532,9.651347,10.830732,14.072161,16.162605,15.254076,19.706835,21.530058,20.500006,16.860462,18.855532,13.712798,18.143019,15.5604925,20.37509,25.26625,24.001732,21.227034,21.507547,16.382298,19.18356,16.094992,19.967833
31,29.536358,26.24181,25.555946,20.644455,17.8393,19.924837,13.741441,17.103033,13.20684,19.608105,18.105362,20.443214,23.516861,23.837881,22.42525,18.58343,19.271612,14.900025,17.833826,15.68443,20.611898,21.175936,22.915571,22.827774,21.642857,17.99712,16.4821,11.648815,10.477779,6.6029153,6.7374077,0.0,7.9556475,9.04363,10.623804,14.22185,15.086342,12.954521,9.73239,5.955682,7.5111513,4.3702664,6.3520474,8.985691,9.947923,11.600992,14.821613,17.615984,19.670328,21.982937,21.15211,19.196672,19.594484,17.7141,14.116473,13.643292,9.368647,12.681998,14.4949665,13.662284,10.468546,13.705183,12.134132,16.416286,19.051964,22.13735,23.092207,23.712526,21.947632,19.356934,17.767788,17.665138,13.261049,17.056042,14.280577,18.204699,18.811747,18.590916,22.219482,22.918152,18.510485,15.488366,12.94853,10.151334,9.7455225,9.004126,6.8426657,10.730434,10.581114,14.603967,15.407972,14.378096,17.833456,19.630459,17.524122,13.7561865,15.396458,10.487028,15.536726,13.056348,18.392744,23.268566,20.713072,17.786894,16.742392,11.418802,13.269131,9.771143,13.784353
32,35.60926,32.675835,31.223028,26.719803,23.77384,24.632515,18.97616,19.860323,15.901543,19.705984,17.358635,17.703766,21.52576,22.992193,21.667706,19.305069,20.728306,17.39038,21.495005,20.263247,25.543484,25.981228,28.895464,29.208483,28.313078,25.106062,22.82046,18.0747,15.603625,13.606192,9.764776,7.9556475,0.0,6.2433834,4.569665,8.212257,10.651902,8.507694,7.6858616,7.559611,4.7734137,7.951778,5.363425,11.158245,14.879118,15.935885,19.573854,22.039566,22.898197,24.747154,22.850473,20.557993,19.098398,15.568213,12.285234,10.167176,8.354394,9.862037,11.235586,13.622047,11.569597,16.77955,17.104382,21.423857,24.826603,28.1735,29.727118,30.170176,27.840137,24.315292,23.181992,21.449055,16.891417,19.081133,15.168919,18.28911,17.136175,16.516516,18.85238,19.003065,14.122187,10.261936,8.04407,8.133712,10.113454,10.6374235,12.797375,16.999735,17.95237,21.871006,23.209644,21.956997,25.694471,27.259258,25.092808,21.352636,23.180681,18.385645,23.354862,20.141201,25.515095,30.462152,27.576437,24.454401,23.554068,17.550343,18.415047,13.980739,16.195374
33,35.95234,32.53349,30.691986,26.600693,23.08999,23.38446,17.967577,18.349401,13.7810135,17.523525,13.356287,14.582932,19.180359,20.647997,20.776552,18.075274,20.542835,17.51191,21.756685,21.283728,25.931028,27.66455,30.041937,30.626905,30.113451,26.575653,25.40941,20.489866,18.488417,15.606988,13.087363,9.04363,6.2433834,0.0,5.1291647,6.3674693,8.358005,8.479078,5.2078886,5.3460445,8.676008,11.147818,10.556611,15.7882395,18.516432,19.794289,23.438124,25.971697,27.57724,29.727222,28.222654,25.906658,24.943384,21.572636,17.769491,15.428564,12.353172,12.81227,11.820977,13.631451,12.502265,15.924358,15.947703,20.265728,24.176342,26.688612,27.626846,27.182213,24.034842,20.219244,18.90366,16.309351,11.821325,13.151887,9.101645,12.168402,11.239479,11.320826,13.989574,15.329887,11.89052,8.191096,7.7401137,7.0766864,6.8251305,10.840185,11.74813,16.9601,17.996758,21.910137,23.160923,23.057144,25.802444,27.780668,25.147694,21.578232,22.386675,17.595486,22.020374,18.043884,23.226686,27.962551,24.366753,21.18527,20.455812,14.1271515,14.334319,10.0086775,10.975957
34,39.20911,36.006195,34.47706,30.076685,26.858809,27.520262,21.890554,22.500463,18.160143,21.54064,17.759829,17.934608,22.56941,24.426785,24.01553,21.826595,23.90851,20.812317,25.074371,24.123817,29.202953,30.09035,32.731087,33.009613,32.014164,28.530792,26.467154,21.72754,19.712784,16.8703,14.063413,10.623804,4.569665,5.1291647,0.0,4.1942625,6.1241584,4.6440253,4.834234,7.260499,6.0496616,10.657218,9.446175,15.436837,18.40818,20.027517,23.25179,26.15208,26.973104,28.598095,26.426481,23.72945,22.10169,18.187943,14.333334,11.392415,9.4802265,8.862761,8.158111,11.57185,10.785618,15.591975,16.739943,20.87376,24.824892,27.933569,29.703821,29.89413,27.246803,23.176285,22.62248,20.068546,15.9764385,17.458805,13.733531,16.638966,15.084443,15.278885,16.876293,17.958946,14.144443,9.827827,9.331589,10.25242,11.413961,13.939408,15.376174,20.21035,20.914993,24.934267,25.891342,24.68654,27.900085,29.386404,26.782536,23.188501,24.733753,20.35691,25.224817,21.98162,27.315004,32.104576,28.569857,25.449697,24.001982,18.107143,17.93274,13.361968,14.392227
35,42.008053,38.72888,36.80604,32.73453,29.291697,29.368267,24.116165,23.816538,19.47768,21.696201,17.000044,16.537584,21.64874,23.938425,24.27823,22.616081,25.287804,22.75783,27.266615,26.88315,31.738556,33.118244,35.866863,36.38774,35.662216,32.171852,30.390465,25.570831,23.410734,20.685068,17.614677,14.22185,8.212257,6.3674693,4.1942625,0.0,4.598861,5.9957223,6.7717524,10.0317335,10.200207,14.765771,13.438904,19.351198,22.530376,24.000227,27.387447,30.14891,31.012741,32.67669,30.456167,27.763887,25.880266,21.724863,18.06604,14.845655,13.440163,11.937583,9.706981,13.79267,13.938658,18.023384,19.432014,23.399475,27.641525,30.388647,31.998056,31.729723,28.599909,24.255457,23.770565,20.433233,16.68649,16.982496,13.222566,15.235746,12.883024,13.32179,13.905309,15.381648,12.605534,8.406724,9.586961,11.484313,12.456628,16.13976,17.99281,23.061308,24.056208,28.029148,29.131205,28.375292,31.300144,32.929493,30.166555,26.6458,27.818237,23.428799,28.030392,24.335554,29.511326,34.18318,30.345285,27.210264,25.966478,19.973476,19.346273,14.989178,14.743637
36,43.817146,40.29472,38.7887,34.508533,31.063465,31.626028,26.09567,26.643873,22.049894,25.13662,19.991972,20.228765,25.491856,27.595472,28.199017,26.075104,28.712631,25.790842,30.045757,29.290401,34.088642,35.43549,37.6511,37.836063,36.6906,32.907566,31.157148,26.514034,25.067698,21.397318,19.742218,15.086342,10.651902,8.358005,6.1241584,4.598861,0.0,3.984707,5.6115465,9.85675,10.638994,15.1849375,15.144521,21.11085,23.210411,25.38424,28.114939,31.472647,32.335598,33.746418,31.388536,28.319862,26.731527,22.699793,18.411263,15.137331,13.100348,10.562019,6.7238975,10.547483,11.773199,15.015828,17.115128,20.626652,25.07422,27.695831,29.681063,29.543402,26.611599,21.98824,22.339226,18.876282,15.905473,16.364445,13.54596,15.927899,14.1961,15.74218,16.272821,18.769949,16.757553,12.695804,13.804502,14.918305,15.038267,19.010386,19.450844,24.67027,25.000666,29.012846,29.450459,28.315918,30.795828,32.14327,29.080969,25.814827,26.949055,23.311478,27.848003,24.803436,29.876377,34.32008,30.073465,27.098234,24.930714,19.645777,18.118755,13.956812,13.189611
