,0,1,2,3,4,5,6,7,8,9,10,11,12,13,14,15,16,17,18,19,20,21,22,23,24,25,26,27,28,29,30,31,32,33,34,35,36,37,38,39,40,41,42,43,44,45,46,47,48,49,50,51,52,53,54,55,56,57,58,59,60,61,62,63,64,65,66,67,68,69,70,71,72,73,74,75,76,77,78,79,80,81,82,83,84,85,86,87,88,89,90,91,92,93,94,95,96,97,98,99,100,101,102,103,104,105,106,107,108,109,110,111
0,0.0,4.1982355,6.754669,9.947878,12.400568,14.654694,18.20663,20.725443,24.623968,26.75037,30.145903,32.268047,29.916779,28.946167,24.054491,24.4353,19.239212,19.53933,16.67139,15.448518,15.864821,11.257131,15.773919,18.166689,17.143847,17.212385,21.720497,21.914135,21.142761,22.726505,25.520954,25.220974,31.762753,29.838375,34.172245,36.07829,37.730743,37.427704,32.894913,28.922903,33.39887,28.89273,29.997349,27.493216,28.179699,24.537367,25.475027,24.204403,26.464926,29.985493,31.317736,35.51725,37.075825,39.75164,36.416573,39.6563,36.089985,36.804234,39.338535,40.683994,37.429386,40.21274,35.9315,36.537685,34.238216,33.705418,35.06784,31.978413,31.150568,28.203268,26.89967,26.305607,27.374325,30.919321,33.115063,33.80679,37.954563,38.394234,41.07794,43.53005,42.156494,38.36096,36.62161,33.308636,31.078209,28.392544,26.062265,22.123009,19.84868,18.505413,16.369251,19.662125,18.09466,21.78469,23.111351,26.979187,27.62985,26.17311,28.41918,31.343874,30.942469,29.828665,31.707735,34.49379,36.03334,35.22628,34.12779,33.604862,31.438074,35.071102,33.06612,37.203056
1,4.1982355,0.0,5.1287456,6.918186,8.830457,12.136965,14.689733,18.15213,21.514105,24.01654,27.354849,29.7231,27.806938,26.714485,21.979265,21.770681,16.881628,16.37838,14.146929,11.976615,12.868862,8.729015,13.640295,15.620116,14.750944,14.064124,18.489151,18.725853,17.319271,19.336666,21.795137,22.186287,28.58168,27.256653,31.314766,33.450275,35.303165,34.750153,30.388454,26.39255,30.39403,25.687525,26.474005,23.739536,24.691645,20.805138,22.006866,20.754496,23.106178,26.600819,27.743963,31.942225,33.237267,35.987667,32.648315,35.953743,32.304222,33.208942,35.693108,36.80472,33.531685,36.12799,31.813234,32.348675,30.111813,29.545774,30.996214,27.948717,27.320662,24.37127,22.813154,22.135977,23.213514,26.732124,29.003809,29.725365,33.9044,34.46295,37.199863,39.69887,38.483932,34.623764,33.09873,29.652067,27.274847,24.651321,22.104767,17.98018,15.707071,14.340456,12.37948,15.92187,14.793692,18.229712,20.180729,24.266224,24.670135,22.860367,25.00718,28.229914,27.61064,26.121857,28.017427,31.097118,32.870663,32.10985,30.745182,30.542284,27.91126,31.679106,29.65823,33.77477
2,6.754669,5.1287456,0.0,5.243341,6.8487916,8.338976,12.15326,14.044263,18.172491,20.038889,23.713709,25.635672,23.443037,22.715996,17.77772,18.432514,13.555784,14.021142,12.467685,11.661675,13.735375,10.409936,16.135645,18.647665,18.834959,17.914726,21.774862,21.394876,18.375792,20.01446,21.880613,21.827486,27.266088,25.33927,29.710167,31.296045,33.552753,33.48289,29.108501,25.401546,29.691458,25.84204,26.139362,24.291048,26.138964,22.57458,24.553251,23.759163,26.394184,29.652071,30.27176,34.538174,35.367004,37.94684,34.219425,37.195415,33.02504,33.787643,35.73483,36.839542,33.332027,36.277103,32.292213,32.646725,31.331614,30.144636,32.127945,28.839794,29.118824,25.523989,23.102411,22.945908,23.04461,27.072334,28.139769,29.006662,32.801853,32.999462,35.672688,37.86133,36.478718,32.824707,30.562643,27.478031,25.260883,22.810785,20.605852,17.783028,15.516958,15.378324,13.257235,16.021091,13.375397,16.354471,17.864164,21.097166,22.415018,21.15241,22.488909,25.643875,26.021116,24.90999,26.014013,28.710978,30.169672,28.968313,27.943827,27.00851,25.137003,28.624874,26.781843,30.986776
3,9.947878,6.918186,5.243341,0.0,3.8357959,5.85852,9.034984,12.2302475,15.226778,18.098402,20.748058,23.423342,21.509666,20.066362,15.545785,14.910204,10.061808,9.60759,7.7267733,6.4700413,8.815004,6.6321898,12.33034,14.8227415,16.099081,15.314743,18.194113,17.15361,13.610844,14.863053,16.819262,16.614193,22.279636,20.688334,24.85916,26.765295,28.896505,28.558754,24.247618,20.45389,24.542603,20.599926,20.98225,19.283094,21.204275,18.018772,20.31514,20.040226,23.007662,25.88551,26.114462,30.468227,31.359072,33.543,29.546303,32.29516,28.064413,28.662367,30.619217,31.939249,28.484247,31.78019,27.94872,28.75098,27.796858,27.064234,29.327608,26.474918,27.063276,23.926168,20.70912,19.853216,19.970266,23.187489,24.615694,24.861431,28.870789,28.937582,31.481487,33.902245,32.314472,28.57929,26.829317,23.541008,21.70161,18.69146,17.303902,13.914495,12.609735,12.7217455,11.880053,15.243852,13.58836,15.3427,18.359016,21.434246,22.725824,20.881535,21.291418,25.305984,25.64139,23.611374,24.191324,27.64534,29.54388,28.019722,26.44371,25.452456,22.610228,25.87152,23.445356,27.470337
4,12.400568,8.830457,6.8487916,3.8357959,0.0,5.289618,5.870941,10.23621,12.813765,15.697204,18.916084,21.467941,20.176826,19.060541,14.718342,13.881086,10.02809,8.4902525,9.053756,6.652101,10.259965,9.370959,14.568828,16.295368,17.308647,15.478238,18.252762,17.539734,12.767727,14.861231,15.754606,16.847218,21.624378,20.794401,24.586472,26.527582,29.133118,28.6617,24.684465,21.09283,24.441252,20.549837,20.124271,18.251526,20.858557,17.278664,19.987373,19.608036,22.430723,25.290474,25.308765,29.499132,29.80121,32.26131,28.388395,31.253695,26.837505,27.812437,29.511827,30.289217,26.718597,29.560955,25.693922,26.039053,25.2799,24.029749,26.422071,23.358814,24.377188,20.870598,17.39059,16.998238,16.694239,20.516138,21.430769,22.160028,25.990498,26.245958,28.960842,31.247551,30.017021,26.257612,24.366135,21.034607,18.703606,16.19493,13.965693,11.131824,9.342063,10.108447,9.122236,11.943853,10.150806,11.526975,14.831189,18.003988,19.096157,17.134474,17.546926,21.59866,21.85836,19.800348,20.428001,23.875332,25.841494,24.476448,22.82905,22.260721,19.303541,22.901302,20.83661,24.982513
5,14.654694,12.136965,8.338976,5.85852,5.289618,0.0,6.200349,6.5938377,10.344443,12.620427,15.495497,17.791939,15.741294,14.62779,9.924413,10.129907,5.738742,6.6715055,7.408247,8.421917,11.939924,11.573924,16.771551,19.269958,21.259605,20.104576,22.282137,20.777489,15.538138,16.300282,17.015175,16.53747,20.282986,18.205011,22.530035,23.721228,26.509838,26.714787,22.62905,19.434587,23.452583,20.836145,20.330753,19.904913,22.96384,20.335281,23.416737,23.630585,26.70438,29.19531,28.789513,33.026657,33.260468,35.19968,30.88285,33.15432,28.387733,28.857979,30.017313,31.194616,27.524975,31.127638,27.852774,28.395462,28.678135,27.23981,30.104435,27.138653,28.815763,25.152662,20.963123,20.717884,19.56212,23.144533,22.928986,23.295357,26.673298,26.256443,28.667883,30.66655,28.901197,25.476448,22.818773,20.043547,18.518486,15.811257,15.170035,13.976276,13.064418,14.750658,14.0624895,16.172844,13.324008,13.679445,16.472883,18.131466,20.507872,19.231508,18.162416,22.26663,23.828276,22.063187,21.405396,24.500471,26.11003,23.936102,22.63077,20.666773,18.574175,21.340057,19.064362,23.151964
6,18.20663,14.689733,12.15326,9.034984,5.870941,6.200349,0.0,6.6391697,7.361105,10.709566,13.803696,16.473646,16.053114,15.041531,11.556359,9.98364,8.480429,5.738977,9.890944,8.273546,12.550008,13.675904,17.974577,19.263771,21.009851,18.729876,20.31835,19.185345,12.642495,14.541031,13.699773,15.546604,18.242151,18.082329,21.347305,23.044664,26.292126,25.879726,22.459507,19.47554,21.920559,18.988188,17.374544,16.421312,20.246815,17.213242,20.731232,20.924051,23.758923,26.025322,25.274227,29.202387,28.699245,30.901728,26.822268,29.259192,24.389614,25.449133,26.39413,26.76148,23.020052,25.895918,22.54635,22.615965,23.172228,21.322678,24.380306,21.441938,23.715494,20.005453,15.236435,15.250065,13.547416,17.482111,16.876421,17.700834,21.036173,21.027977,23.726896,25.76307,24.603775,20.973001,18.6817,15.495473,13.121905,10.963912,9.054834,8.632538,7.88186,10.650362,10.740018,12.017958,10.156978,8.836362,13.049279,14.962602,16.56471,14.629376,13.169476,17.871368,18.917465,16.459793,15.754257,19.456856,21.561699,19.686333,17.76843,16.92031,13.585868,17.049562,15.030608,19.225487
7,20.725443,18.15213,14.044263,12.2302475,10.23621,6.5938377,6.6391697,0.0,5.4154105,6.126274,10.165374,11.657715,10.260434,10.157831,6.102374,7.432339,7.0802674,7.9739885,11.828325,13.029414,16.966612,17.714348,22.424438,24.496473,26.689672,24.91711,26.548431,24.979677,18.49678,19.272635,18.397352,18.570282,19.664053,17.955141,21.725157,22.184181,25.830505,26.395681,23.01864,20.730097,23.82132,22.50521,20.782938,21.348131,25.43893,23.16645,26.812002,27.293068,30.251165,32.37376,31.405941,35.322704,34.70014,36.535915,32.179054,34.048325,28.90962,29.492983,29.743238,30.373568,26.591896,30.017653,27.390905,27.385685,28.911781,26.623045,29.97408,26.959301,29.745968,25.668314,20.760677,21.321922,18.851652,22.786789,20.596983,21.381643,23.762163,22.968388,25.264797,26.63648,25.00702,22.036106,18.29267,16.276749,14.872476,13.259121,13.064177,14.799929,14.25348,17.182013,16.714083,17.278208,13.854198,12.285761,14.594571,14.278358,17.67869,17.076353,14.155425,18.178772,21.05547,19.643951,17.544563,20.059523,21.330727,18.482231,17.482447,14.537198,13.482594,15.717051,14.065061,18.199854
8,24.623968,21.514105,18.172491,15.226778,12.813765,10.344443,7.361105,5.4154105,0.0,4.657973,6.581829,9.345934,9.810352,9.005291,7.5679235,5.845973,8.781622,7.6327553,12.992197,13.642087,17.468964,19.535675,23.285204,24.74361,27.351395,25.33738,25.976854,24.173628,17.05516,17.644863,15.573384,16.52626,15.89021,15.459561,18.252346,18.878956,22.894379,23.128258,20.437086,18.662369,20.495203,19.760994,17.189568,18.364435,23.015734,21.300943,25.271332,26.177471,29.068377,30.638424,29.133402,32.74922,31.671103,33.166496,28.766182,30.257513,24.996548,25.63159,25.377085,25.701265,21.937098,25.375084,23.254025,23.286343,25.737896,23.46954,27.17633,24.647596,28.079561,24.414608,18.81212,19.154034,16.102766,19.239872,16.30045,16.699955,18.723461,17.675678,19.880875,21.251783,19.620876,16.643507,12.963217,10.873489,9.8487835,8.360818,9.615654,12.804933,13.492009,16.94283,17.52562,17.752052,15.522808,12.425768,15.838289,15.111425,18.02755,16.950172,12.645992,17.392796,20.19983,17.935808,14.787817,18.008417,19.754976,16.595041,14.833119,11.979737,9.3586235,11.152739,8.858605,13.0329275
9,26.75037,24.01654,20.038889,18.098402,15.697204,12.620427,10.709566,6.126274,4.657973,0.0,6.220072,6.3986173,7.1914124,8.344133,7.497604,8.489823,11.511649,11.751967,16.602673,17.71181,21.624699,23.167868,27.36261,29.045822,31.453434,29.3325,30.348541,28.696337,21.60811,22.26848,20.198391,20.916227,19.604116,18.631561,21.410046,21.250607,25.505062,26.253317,23.779354,22.41641,24.34942,24.206783,21.537794,22.94683,27.656912,25.869593,29.822126,30.580812,33.390568,35.073982,33.605724,37.13435,35.80557,37.408264,33.112427,34.511997,29.228758,29.86993,29.263998,29.364723,25.660368,28.822195,26.99034,26.56977,29.290874,26.45818,30.163013,27.378803,31.070168,26.977163,21.605911,22.640661,19.22163,22.898539,18.978165,19.952925,21.13767,19.918123,21.936512,22.60494,21.152905,18.821795,14.105523,13.200871,12.271462,12.125105,12.80263,16.85541,16.927975,20.449818,20.426153,19.977875,16.870827,13.767505,15.689411,13.440081,17.317017,17.223005,12.358354,16.128918,20.09096,18.830465,15.129803,17.054604,18.042038,14.37713,13.553004,9.281512,9.435989,10.451467,9.663143,13.513884
10,30.145903,27.354849,23.713709,20.748058,18.916084,15.495497,13.803696,10.165374,6.581829,6.220072,0.0,4.4953227,6.044285,5.0510416,7.889683,6.8176417,12.002853,12.278725,16.835747,18.800056,22.04316,24.550209,27.800808,29.461206,32.71363,31.113998,31.1319,28.7943,21.8176,21.30874,18.946648,18.624838,15.375538,14.260658,16.396935,15.6247425,20.070642,21.104208,19.231655,18.780336,20.173603,21.515642,18.729301,21.560913,26.301056,25.716578,29.775135,31.201359,34.16836,35.2294,33.264275,36.660522,35.430603,36.196796,31.57808,32.17769,26.878332,26.913315,25.717405,26.326036,22.841272,26.882418,25.909483,26.215544,29.839413,27.67596,31.647402,29.582745,33.485714,30.077272,24.21811,24.446497,21.062109,23.14187,19.233555,18.850473,19.677635,17.571686,18.84903,19.511347,17.079226,15.21896,10.517825,10.464528,11.808443,10.870755,14.491309,18.36711,19.72063,23.197554,24.051798,24.16101,21.88092,18.487822,21.326069,19.260225,22.757837,22.218636,16.838402,20.995464,24.70615,22.646072,18.28141,20.819237,22.101862,18.11314,16.760141,12.191046,11.121784,9.83301,7.2001987,9.914305
11,32.268047,29.7231,25.635672,23.423342,21.467941,17.791939,16.473646,11.657715,9.345934,6.3986173,4.4953227,0.0,4.541208,6.4959054,9.428343,10.46668,15.004386,15.904124,20.354645,22.39203,25.859999,27.91406,31.611252,33.411423,36.41709,34.633827,35.03315,32.898357,25.836678,25.61721,23.252344,23.061245,19.725357,18.348686,20.430954,19.108103,23.573507,24.971231,23.28866,23.038881,24.503965,26.010645,23.158709,25.858358,30.665754,29.825588,33.889572,35.123672,38.016518,39.233818,37.33999,40.677414,39.207573,40.16327,35.68418,36.315716,31.024248,31.17632,29.777956,30.08428,26.660368,30.281292,29.441,29.281652,33.022125,30.34145,34.288,31.969877,36.0757,32.28775,26.623196,27.436913,23.762794,26.437254,21.802513,22.053297,22.239143,20.157524,21.325008,21.302391,19.251106,18.027454,12.664542,13.542011,14.467761,14.596094,17.228909,21.730148,22.54288,26.131105,26.514488,26.095495,23.21636,19.827417,21.607162,18.488913,22.53825,22.735317,17.09791,20.338827,24.852211,23.596508,18.916351,20.33733,20.935429,16.629007,16.140503,10.55564,11.950959,10.035214,9.313581,11.434312
12,29.916779,27.806938,23.443037,21.509666,20.176826,15.741294,16.053114,10.260434,9.810352,7.1914124,6.044285,4.541208,0.0,3.8636265,6.2569046,9.041453,12.657764,14.830084,18.328056,21.207016,24.463444,26.059156,29.992838,32.283783,35.406628,34.077625,34.780655,32.472687,25.805988,25.226772,23.670465,22.43155,20.143322,17.422964,20.464413,18.952972,23.049809,24.835411,22.51475,21.99906,24.585985,25.968369,23.810474,26.500902,30.959146,30.117039,34.04665,35.257423,38.34114,39.773045,38.112694,41.756073,40.79375,41.727814,37.041092,37.769997,32.475964,32.349316,31.338844,32.24071,28.750154,32.87202,31.684423,31.890276,35.11202,32.737545,36.583492,34.09849,37.76407,33.899014,28.372242,28.92592,25.664646,28.47488,24.655773,24.67619,25.539309,23.506912,24.736734,25.098686,22.661772,21.148062,16.199846,16.464674,17.33281,16.443003,19.066305,22.54015,23.126747,26.446447,26.554354,26.69144,23.385187,20.766022,22.439026,19.789642,24.111792,24.323284,19.382523,22.70594,27.097595,25.94978,21.877886,23.443066,23.996412,19.868242,19.53846,14.096186,15.299913,14.211148,12.796764,15.245896
13,28.946167,26.714485,22.715996,20.066362,19.060541,14.62779,15.041531,10.157831,9.005291,8.344133,5.0510416,6.4959054,3.8636265,0.0,5.070104,6.21071,10.408587,12.545315,15.714917,18.950125,21.831604,23.84667,27.299278,29.592169,33.082092,32.08099,32.377575,29.764421,23.32744,22.221327,20.857306,18.993446,16.687567,13.593505,16.83373,15.432552,19.415863,21.161667,18.68528,18.195347,20.950466,22.537378,20.64327,23.675434,27.948296,27.535921,31.420118,32.883503,36.069016,37.303417,35.55106,39.241367,38.55865,39.18679,34.340874,34.891216,29.649641,29.250172,28.341003,29.66721,26.233496,30.830904,29.684357,30.381172,33.57576,31.721657,35.586483,33.384327,36.873264,33.385345,27.701876,27.697195,24.73073,26.879745,23.707891,23.075523,24.345642,22.186298,23.30538,24.100033,21.232758,19.475903,15.166732,15.013817,16.425182,14.643526,18.188938,20.973751,22.074373,25.235762,25.768585,26.437809,23.631329,21.055061,23.562595,21.667473,25.589252,25.248554,20.444342,24.414572,28.255608,26.480759,22.570507,24.912354,25.936354,21.933681,21.009966,16.073975,15.776273,14.765881,12.209496,14.591913
14,24.054491,21.979265,17.77772,15.545785,14.718342,9.924413,11.556359,6.102374,7.5679235,7.497604,7.889683,9.428343,6.2569046,5.070104,0.0,5.042608,6.592756,9.632191,12.367187,15.574063,18.711243,19.961327,24.074287,26.61029,29.685122,28.680096,29.659338,27.342855,21.13177,20.524776,19.853868,18.17601,18.046164,14.829392,18.915747,18.381792,21.96262,23.316423,20.023558,18.475702,22.082428,22.28476,20.862026,22.863434,26.865726,25.709978,29.419254,30.48671,33.69037,35.39198,34.084427,38.03189,37.647594,38.754528,33.99957,35.152752,29.94818,29.820175,29.616455,30.938578,27.315214,31.668709,29.744154,30.335035,32.615208,30.748957,34.35786,31.7712,34.75466,31.030712,25.740356,25.801756,23.248741,26.125603,23.71213,23.541384,25.559067,23.973427,25.634144,26.82448,24.341301,21.921051,17.922731,16.749613,16.984783,14.824629,16.980352,18.82412,19.233839,22.110285,22.146332,23.10929,19.927176,18.157213,20.49524,19.369162,23.21139,22.799606,18.991898,22.98144,26.426357,24.851746,21.857962,24.297989,25.380283,21.834284,20.96482,16.677818,16.147406,16.643452,14.270641,17.614676
15,24.4353,21.770681,18.432514,14.910204,13.881086,10.129907,9.98364,7.432339,5.845973,8.489823,6.8176417,10.46668,9.041453,6.21071,5.042608,0.0,5.4952755,6.443083,10.130852,12.877282,15.8118105,18.154608,21.42853,23.507164,26.959831,25.955305,26.17389,23.598793,17.196924,16.245487,15.172112,13.64105,13.185263,10.778146,14.572509,14.788627,18.424257,19.184456,15.979351,14.312457,17.347624,17.479603,15.844714,18.12475,22.247665,21.520615,25.344454,26.742155,29.965157,31.30286,29.724543,33.57557,33.201523,34.022713,29.183868,30.176012,24.975023,24.785316,24.602434,26.034346,22.441591,27.043598,25.221542,26.20685,28.670443,27.28388,30.968464,28.826588,31.845436,28.656958,23.068005,22.534485,20.132082,22.106977,20.189749,19.349367,21.69732,20.085941,21.715239,23.35469,20.71789,17.945257,14.81163,13.019245,13.689769,10.673873,13.994581,15.4474325,16.776567,19.65886,20.527737,21.80325,19.680222,17.40698,20.935596,20.480598,23.579634,22.432976,18.47631,23.187826,25.928648,23.474773,20.458134,23.8073,25.495398,22.111534,20.44903,16.937433,14.568269,15.118136,11.731221,14.992863
16,19.239212,16.881628,13.555784,10.061808,10.02809,5.738742,8.480429,7.0802674,8.781622,11.511649,12.002853,15.004386,12.657764,10.408587,6.592756,5.4952755,0.0,4.675996,5.7967663,9.399871,12.210756,13.521588,17.484598,20.122662,23.31108,22.721151,23.677992,21.259775,15.710203,14.950617,15.377755,13.319169,15.876548,12.892146,17.469393,18.254412,21.050442,21.617502,17.575562,14.841334,19.131365,17.823397,17.313732,18.412367,21.736986,20.388449,23.791256,24.810848,28.125582,29.960115,28.962677,33.145294,33.399143,34.55751,29.803484,31.331114,26.38602,26.252281,26.929123,28.650583,25.065062,29.541967,26.976507,28.092167,29.390133,28.316473,31.599241,29.17629,31.376749,28.144497,23.178205,22.428183,20.866426,23.282581,22.655355,22.057844,25.173815,24.081434,26.013613,27.996029,25.559114,22.4188,19.799541,17.405561,17.187998,13.818487,15.566138,15.099059,15.668884,17.809551,18.167694,20.24555,17.925776,17.008568,20.387089,21.038298,23.863678,22.565262,20.011036,24.589432,26.728302,24.455215,22.61422,26.014765,27.718645,24.840958,23.304659,20.400862,18.045248,19.63959,16.547321,20.13862
17,19.53933,16.37838,14.021142,9.60759,8.4902525,6.6715055,5.738977,7.9739885,7.6327553,11.751967,12.278725,15.904124,14.830084,12.545315,9.632191,6.443083,4.675996,0.0,5.6705484,6.5633883,10.011065,12.375592,15.803309,17.61765,20.689869,19.541117,20.083704,17.824768,11.544863,11.441311,11.209874,10.81878,13.756094,12.661764,16.403046,18.108904,20.998041,20.742483,17.01132,13.981296,17.148832,14.871119,13.864596,14.2453,17.900248,16.214529,19.8376,20.865767,24.104038,25.831839,24.708744,28.803896,28.842323,30.160614,25.524595,27.304302,22.34813,22.61295,23.489567,24.826769,21.185822,25.303617,22.478264,23.575575,24.72455,23.797953,27.062515,24.81892,27.050465,24.099392,18.986334,17.938047,16.512938,18.66401,18.539164,17.89294,21.392466,20.68832,22.8721,25.172255,23.118622,19.581373,17.716417,14.634405,13.90507,10.241932,11.635818,10.567844,11.685109,13.940353,14.981725,17.101007,15.786193,14.396113,18.694635,19.981165,22.012642,20.104925,17.73715,22.721272,24.117392,21.228363,19.698755,23.714685,25.8761,23.378965,21.290396,19.418121,15.778666,17.966862,14.731484,18.420034
18,16.67139,14.146929,12.467685,7.7267733,9.053756,7.408247,9.890944,11.828325,12.992197,16.602673,16.835747,20.354645,18.328056,15.714917,12.367187,10.130852,5.7967663,5.6705484,0.0,5.32188,6.7268524,8.423135,11.750828,14.563728,18.07303,18.187506,18.913769,16.265587,12.016022,10.805537,12.836874,10.209493,15.585797,13.190536,17.590824,19.425861,21.261967,21.083588,16.649307,12.962725,17.613617,14.785523,15.510666,15.600119,17.826595,16.485638,19.366928,20.411207,23.823807,25.693724,25.020435,29.380299,30.365622,31.442928,26.75835,28.551626,24.061722,23.834124,25.369076,27.506763,24.155941,28.659157,25.652626,27.331316,27.687572,27.530577,30.400675,28.305004,29.670504,27.13037,22.680065,21.054214,20.618927,22.227814,23.35997,22.282719,26.165974,25.477842,27.467957,30.009333,27.631641,24.129526,22.755875,19.715729,19.332031,15.33776,16.736992,13.984914,14.837517,15.879886,16.712772,19.852095,18.670567,18.531916,22.53043,24.408888,26.344524,24.396235,22.875998,27.671146,28.73484,25.936138,25.035522,29.032196,31.14281,28.77056,26.812332,24.852076,21.444895,23.521564,20.095734,23.521992
19,15.448518,11.976615,11.661675,6.4700413,6.652101,8.421917,8.273546,13.029414,13.642087,17.71181,18.800056,22.39203,21.207016,18.950125,15.574063,12.877282,9.399871,6.5633883,5.32188,0.0,4.2811184,6.4982376,9.821902,11.478718,14.202326,13.407956,14.406938,12.437797,7.7580433,8.514182,10.454635,10.634891,16.679295,16.214687,19.696257,22.265476,24.217989,23.273735,19.253178,15.37019,18.659073,14.28649,14.668101,12.922847,15.024733,12.396922,15.236672,15.783144,19.077822,21.282696,20.892513,25.262218,26.144567,27.809654,23.514408,25.999672,21.717611,22.200294,24.227512,25.724808,22.381924,26.009668,22.372316,23.791855,23.283306,23.25262,25.785294,23.65408,24.599174,22.266382,18.242865,16.37635,16.6222,18.384924,20.496883,19.8287,24.13595,24.14361,26.509964,29.279596,27.560085,23.704006,22.944971,19.345701,18.011818,14.326138,14.127795,9.85411,10.460038,10.850463,12.072508,15.588504,15.500331,15.652555,20.11953,22.962591,23.927761,21.442865,20.880665,25.675135,25.736555,22.623997,22.663393,26.974585,29.398947,27.68502,25.417095,24.676817,20.519283,23.439358,20.350592,23.947212
20,15.864821,12.868862,13.735375,8.815004,10.259965,11.939924,12.550008,16.966612,17.468964,21.624699,22.04316,25.859999,24.463444,21.831604,18.711243,15.8118105,12.210756,10.011065,6.7268524,4.2811184,0.0,4.822186,5.843601,7.912622,11.597645,12.172711,12.487439,9.871767,7.794293,7.1623416,10.872159,9.769615,17.19036,16.619877,19.928324,22.823723,23.978153,22.762081,18.613947,14.463475,18.014004,13.062906,14.737855,12.761022,13.407315,11.463717,13.49459,14.32469,17.730188,19.732016,19.56163,24.0246,25.697325,26.956364,22.668888,25.05413,21.296572,21.388704,23.94376,26.014532,23.030731,26.91122,23.313795,25.339037,24.39472,25.221016,27.44442,25.77515,26.119404,24.513695,20.939869,18.426004,19.396805,20.111807,23.21177,21.947058,26.469278,26.465569,28.604544,31.618622,29.688366,25.861864,25.754745,22.137823,21.248278,17.256512,17.64946,12.697131,13.716192,13.2411785,14.77946,18.734232,19.198185,19.660131,24.144936,27.198082,27.983093,25.352896,24.997858,29.819143,29.582285,26.273403,26.504738,30.990181,33.518684,31.841534,29.456583,28.7372,24.348095,27.029722,23.634737,26.90585
21,11.257131,8.729015,10.409936,6.6321898,9.370959,11.573924,13.675904,17.714348,19.535675,23.167868,24.550209,27.91406,26.059156,23.84667,19.961327,18.154608,13.521588,12.375592,8.423135,6.4982376,4.822186,0.0,5.8091865,8.826843,10.857319,11.785466,13.907891,12.373446,11.539767,11.876482,15.430184,14.430738,21.714209,20.455921,24.237713,26.791447,27.967047,27.086226,22.713879,18.56606,22.650984,17.84031,19.520262,17.273705,17.621956,14.991646,16.342728,16.299433,19.389742,22.04089,22.56118,27.009203,28.865025,30.588976,26.65811,29.371021,25.808853,26.062168,28.719706,30.640884,27.613722,31.14991,27.261864,28.891645,27.31804,27.838154,29.73146,27.609526,27.410124,25.449013,22.62712,20.59486,21.787247,23.440472,26.451107,25.800644,30.29221,30.442854,32.76311,35.643837,33.84277,29.998522,29.37589,25.809687,24.472605,20.807364,20.240013,15.295405,15.069514,14.030905,14.402695,18.60575,18.554508,20.152138,23.880598,27.337557,28.0933,25.707981,26.215416,30.5904,30.24997,27.514902,28.340717,32.413597,34.697548,33.255856,31.219917,30.521902,26.748224,29.788969,26.750507,30.35714
22,15.773919,13.640295,16.135645,12.33034,14.568828,16.771551,17.974577,22.424438,23.285204,27.36261,27.800808,31.611252,29.992838,27.299278,24.074287,21.42853,17.484598,15.803309,11.750828,9.821902,5.843601,5.8091865,0.0,4.148416,7.9922843,10.804712,11.098304,8.814741,11.206896,10.452924,14.959409,13.538891,21.518572,20.91348,23.95108,27.031548,27.385248,25.932638,21.837763,17.68977,21.202991,15.80697,18.545317,15.954328,14.648631,13.023207,13.269193,13.712058,16.763062,18.840185,19.473743,23.831203,26.509127,27.64981,23.861408,26.401058,23.602211,23.52572,26.735683,29.10896,26.595375,30.211546,26.468596,28.792507,26.878916,28.469852,30.061232,28.700851,28.021235,27.136402,24.567282,21.689499,23.566477,23.744873,27.872221,26.470655,31.167715,31.382757,33.43713,36.630756,34.730263,30.909988,31.28294,27.612883,26.721935,22.765049,22.882198,17.283014,17.987919,16.446646,17.785261,22.123608,23.10469,24.320591,28.55315,32.131077,32.53002,29.778496,30.17354,34.80342,34.025593,30.745512,31.613438,36.117363,38.694626,37.299126,34.900913,34.459286,30.001732,32.79033,29.376926,32.523975
23,18.166689,15.620116,18.647665,14.8227415,16.295368,19.269958,19.263771,24.496473,24.74361,29.045822,29.461206,33.411423,32.283783,29.592169,26.61029,23.507164,20.122662,17.61765,14.563728,11.478718,7.912622,8.826843,4.148416,0.0,5.252813,8.203122,7.260173,5.2504663,9.999003,10.023922,14.235879,14.284738,22.062246,22.587765,24.911596,28.40235,28.728405,26.758787,23.122927,19.10117,21.482428,15.425473,18.060991,14.496919,12.319894,10.369568,9.672975,9.932087,12.832027,14.839024,15.748389,20.017757,22.952179,24.215485,20.833263,23.713623,21.438314,21.709797,25.28841,27.342936,25.108805,28.12615,24.209106,26.606792,24.10561,26.230785,27.443308,26.481724,25.371805,25.175358,23.072962,19.803038,22.286787,21.80863,26.751509,25.296703,30.097713,30.674522,32.75941,36.098175,34.539738,30.65211,31.64163,27.801384,26.703676,22.972271,22.705217,16.640863,17.573185,15.521096,17.395845,21.654865,23.556808,24.622787,29.101843,32.987034,32.816265,29.753838,30.45809,35.070114,33.69274,30.117903,31.375885,36.07649,38.865376,37.797314,35.15991,35.35505,30.420284,33.384438,30.068298,33.048405
24,17.143847,14.750944,18.834959,16.099081,17.308647,21.259605,21.009851,26.689672,27.351395,31.453434,32.71363,36.41709,35.406628,33.082092,29.685122,26.959831,23.31108,20.689869,18.07303,14.202326,11.597645,10.857319,7.9922843,5.252813,0.0,4.826859,6.3890753,7.6588955,12.636679,14.244857,17.755323,19.031176,26.559244,27.346945,29.698986,33.202187,33.7847,31.772472,28.196348,24.1592,26.303661,20.041203,22.156992,17.819248,15.668487,12.484152,10.880572,9.397833,11.298102,14.276894,16.263248,20.182865,23.135368,25.244116,22.727015,26.239641,24.380424,25.245869,28.95798,30.387049,28.202145,30.279898,25.919199,27.747807,24.152023,26.196081,26.721592,25.564314,23.50157,23.525532,22.682833,19.692854,22.814646,22.927395,28.242495,27.480959,32.291344,33.33814,35.69069,38.980076,37.89074,33.891575,34.79572,30.822653,29.056974,25.824041,24.310461,17.990135,17.984228,15.055968,16.34422,20.563347,22.979017,24.80631,28.811424,33.31236,32.512394,29.38791,31.172226,35.31895,33.248436,29.96836,32.154114,36.61864,39.369045,38.858963,36.324368,37.171364,32.353344,35.843376,32.963924,36.177048
25,17.212385,14.064124,17.914726,15.314743,15.478238,20.104576,18.729876,24.91711,25.33738,29.3325,31.113998,34.633827,34.077625,32.08099,28.680096,25.955305,22.721151,19.541117,18.187506,13.407956,12.172711,11.785466,10.804712,8.203122,4.826859,0.0,5.4201336,8.212492,11.049906,14.173172,16.575277,19.404743,26.228436,27.629457,29.817406,33.328773,34.49927,32.432396,29.0494,25.090357,26.693327,20.373459,21.520151,16.663677,15.469132,11.028228,10.04827,7.625781,9.314199,13.000842,14.945852,18.792244,20.875149,23.761648,21.485346,25.431744,23.274181,24.774305,28.244038,28.924812,26.554735,27.91953,23.255253,24.460697,20.520208,22.109245,22.49655,21.04713,18.920761,18.749079,18.26684,15.515206,18.85662,19.540752,24.80063,24.645966,29.359924,30.750717,33.342293,36.508293,35.87763,31.817669,32.618164,28.580309,26.261047,23.570564,21.093136,14.806335,14.323399,10.993302,12.352886,16.30903,19.336031,21.11647,25.080784,29.7982,28.529415,25.271652,27.480503,31.398857,28.918085,25.65711,28.279787,32.646385,35.43286,35.27734,32.72469,34.150894,29.294233,33.12316,30.66289,33.97718
26,21.720497,18.489151,21.774862,18.194113,18.252762,22.282137,20.31835,26.548431,25.976854,30.348541,31.1319,35.03315,34.780655,32.377575,29.659338,26.17389,23.677992,20.083704,18.913769,14.406938,12.487439,13.907891,11.098304,7.260173,6.3890753,5.4201336,0.0,4.210336,9.426571,11.7897625,14.104769,17.173838,23.723305,25.92182,27.316086,31.16976,31.940357,29.418112,26.528082,22.834875,23.485525,16.983929,18.433455,13.340269,10.966643,7.292818,4.9515905,3.044902,5.690191,8.44156,10.067171,14.128289,16.803648,19.023338,16.652815,20.476063,18.840422,20.22232,23.99086,24.874447,22.940432,24.387835,20.003246,21.97026,18.252716,20.919027,21.395494,20.925404,19.115738,19.964354,18.860065,15.239644,18.710218,17.606506,23.612316,22.584698,27.348352,28.68547,30.967012,34.349087,33.625977,29.669498,31.329927,27.308954,25.552053,22.635551,21.180841,14.871029,15.786951,13.034933,15.595558,19.228153,22.588736,23.356308,27.96439,32.260605,31.071384,27.604807,28.957281,33.28444,30.87781,26.998789,29.040771,33.834232,36.873913,36.491013,33.584763,34.983944,29.532654,32.908154,30.091,32.89629
27,21.914135,18.725853,21.394876,17.15361,17.539734,20.777489,19.185345,24.979677,24.173628,28.696337,28.7943,32.898357,32.472687,29.764421,27.342855,23.598793,21.259775,17.824768,16.265587,12.437797,9.871767,12.373446,8.814741,5.2504663,7.6588955,8.212492,4.210336,0.0,7.4046564,8.241486,11.343861,13.375475,20.246735,22.215174,23.598299,27.463207,27.982243,25.486708,22.521008,18.828476,19.667688,13.185827,15.219231,10.713846,8.011189,5.663953,4.478529,5.630996,8.876416,10.275604,10.664505,15.042557,17.775957,19.051264,15.73288,18.912333,16.832949,17.58709,21.330585,22.907553,20.895098,23.362589,19.399723,21.95859,19.366615,22.013992,23.153728,22.761715,21.814001,22.283842,20.077639,16.32476,19.099756,17.558426,23.146189,21.455194,26.253035,27.122763,29.168945,32.615456,31.41611,27.53166,29.232628,25.311323,24.166595,20.73466,20.43224,14.332217,16.01004,14.037777,16.842283,20.610989,23.35341,23.653301,28.56062,32.36817,31.77344,28.421482,28.903776,33.60571,31.853617,27.821728,29.056154,34.011326,37.041653,36.15681,33.209095,33.96887,28.478436,31.403917,28.175955,30.816467
28,21.142761,17.319271,18.375792,13.610844,12.767727,15.538138,12.642495,18.49678,17.05516,21.60811,21.8176,25.836678,25.805988,23.32744,21.13177,17.196924,15.710203,11.544863,12.016022,7.7580433,7.794293,11.539767,11.206896,9.999003,12.636679,11.049906,9.426571,7.4046564,0.0,4.7832603,5.6182985,9.758978,15.418332,17.680502,19.29102,22.864092,24.472261,22.357279,19.365374,15.808173,16.566671,10.745761,10.8097925,6.5954885,8.275576,4.817823,8.367286,9.570483,12.836692,14.297848,13.377589,17.655258,18.472986,20.0714,15.936188,18.843098,14.985028,16.110004,18.767601,19.785822,16.851639,19.74183,15.770726,17.765478,16.714449,17.94196,20.188251,19.111975,19.81247,18.946875,15.092689,11.793736,13.222464,12.654605,16.876574,15.467658,20.247684,20.90413,23.221495,26.461405,25.285933,21.271654,22.306915,18.324734,16.94868,13.514756,13.252213,7.505349,10.036428,9.59457,12.831608,16.0056,18.166254,17.444231,22.686588,25.867718,25.692173,22.471836,22.043015,26.996056,25.90421,21.79847,22.247719,27.240356,30.229036,29.028719,26.076262,26.60906,21.119297,24.051048,20.920216,23.793367
29,22.726505,19.336666,20.01446,14.863053,14.861231,16.300282,14.541031,19.272635,17.644863,22.26848,21.30874,25.61721,25.226772,22.221327,20.524776,16.245487,14.950617,11.441311,10.805537,8.514182,7.1623416,11.876482,10.452924,10.023922,14.244857,14.173172,11.7897625,8.241486,4.7832603,0.0,4.7849994,5.487628,12.34167,14.1568165,15.736301,19.44243,20.456863,18.301245,15.118342,11.446139,12.621113,6.694136,8.261281,5.997957,7.0213532,6.9718647,9.9646435,12.239018,15.615473,16.295916,14.935582,19.147522,20.488384,20.958113,16.236723,18.157372,14.239001,14.238997,16.873465,19.04318,16.301123,20.477243,17.340046,20.122246,19.993576,21.588688,24.064611,23.365137,24.296171,23.601074,19.410465,16.124884,17.01271,15.619207,19.293001,16.912775,21.475746,21.451954,23.263145,26.577957,24.686821,20.899673,22.147198,18.45782,18.232647,14.115652,15.8359785,11.192127,14.083716,14.136176,17.088799,20.335152,21.837404,20.891546,26.120953,28.738802,29.1935,26.202078,24.95032,30.126322,29.680408,25.577267,25.209942,30.214672,33.11759,31.379332,28.456434,28.141026,22.771406,24.909784,21.187521,23.658133
30,25.520954,21.795137,21.880613,16.819262,15.754606,17.015175,13.699773,18.397352,15.573384,20.198391,18.946648,23.252344,23.670465,20.857306,19.853868,15.172112,15.377755,11.209874,12.836874,10.454635,10.872159,15.430184,14.959409,14.235879,17.755323,16.575277,14.104769,11.343861,5.6182985,4.7849994,0.0,6.773124,10.224871,13.72173,14.343033,18.08315,19.835812,17.514109,15.162,12.307224,11.696579,6.7938275,5.3381166,3.0529208,7.4932723,7.4423923,11.349591,13.612345,16.613607,16.904972,14.822492,18.579977,18.764893,19.28114,14.431362,16.182175,11.467337,12.074457,13.959227,15.342039,12.1915655,16.315346,13.368628,16.010826,16.962948,18.149727,21.095104,20.572863,22.400534,21.618694,16.765608,13.638155,13.739904,11.778349,14.864117,12.184961,16.699944,16.716211,18.610731,21.944813,20.331089,16.448961,18.064552,14.282169,14.079744,10.221613,12.421384,8.940584,12.674247,13.622777,16.935495,19.300867,20.991215,19.060457,24.488228,26.637001,26.978127,23.952858,22.045626,27.285313,26.918869,22.552279,21.66109,26.789898,29.809317,28.057508,24.921322,24.911928,19.144772,21.115849,17.505644,19.702723
31,25.220974,22.186287,21.827486,16.614193,16.847218,16.53747,15.546604,18.570282,16.52626,20.916227,18.624838,23.061245,22.43155,18.993446,18.17601,13.64105,13.319169,10.81878,10.209493,10.634891,9.769615,14.430738,13.538891,14.284738,19.031176,19.404743,17.173838,13.375475,9.758978,5.487628,6.773124,0.0,8.028252,8.877655,10.684513,14.234253,15.100484,13.292495,9.742396,6.0562563,8.264336,4.7282696,6.640407,8.529206,10.39035,12.067148,15.052376,17.615904,20.928617,21.185661,19.366278,23.248474,24.332598,24.00693,18.89503,19.611801,15.318216,14.241696,15.850684,18.87339,16.119738,21.505262,19.42789,22.416306,23.654284,24.89037,27.8592,27.195372,28.83923,27.799158,22.93129,20.055807,19.93643,18.480219,20.682598,17.724081,21.665539,20.75797,22.033762,25.147825,22.465673,19.082895,20.042303,16.931831,17.95661,13.463809,17.15128,14.242101,17.347948,18.302557,20.962078,23.873388,24.496422,22.994526,28.087648,29.785858,31.04069,28.436111,26.058641,31.369213,31.862207,27.894924,26.428358,31.259119,33.959644,31.563082,28.782362,27.427208,22.46486,23.609644,19.420437,21.434542
32,31.762753,28.58168,27.266088,22.279636,21.624378,20.282986,18.242151,19.664053,15.89021,19.604116,15.375538,19.725357,20.143322,16.687567,18.046164,13.185263,15.876548,13.756094,15.585797,16.679295,17.19036,21.714209,21.518572,22.062246,26.559244,26.228436,23.723305,20.246735,15.418332,12.34167,10.224871,8.028252,0.0,6.2460833,4.3605,8.112187,10.251655,8.410033,7.2430954,7.301567,4.979225,8.122403,6.117714,11.504317,14.85056,17.237144,20.654589,23.41147,26.37871,25.98553,23.336273,26.423397,26.319866,25.314133,20.177847,19.547314,14.799125,13.302491,12.528064,15.420833,12.731203,18.88653,18.533056,21.378677,24.708254,25.365616,28.919455,28.632887,31.489138,30.334183,24.71562,22.407972,20.979347,18.903124,18.956596,15.285489,17.790062,15.812512,16.179146,18.938787,15.554623,12.903198,14.300511,12.290781,15.159391,11.3577385,17.1847,17.060928,20.632614,22.660538,25.425459,27.261055,27.582468,24.783419,29.740477,30.13267,31.807999,29.551193,25.648485,30.877432,32.174126,28.175278,25.25669,29.829464,32.397583,29.469278,26.653429,24.732012,19.94734,19.511929,15.1212435,15.711181
33,29.838375,27.256653,25.33927,20.688334,20.794401,18.205011,18.082329,17.955141,15.459561,18.631561,14.260658,18.348686,17.422964,13.593505,14.829392,10.778146,12.892146,12.661764,13.190536,16.214687,16.619877,20.455921,20.91348,22.587765,27.346945,27.629457,25.92182,22.215174,17.680502,14.1568165,13.72173,8.877655,6.2460833,0.0,5.1540813,6.3719597,8.369924,8.80431,5.2522287,5.1856823,8.271825,11.342425,11.186626,15.732351,18.569153,20.48126,23.770761,26.306738,29.585814,29.731945,27.56,31.096344,31.504034,30.728815,25.51612,25.128767,20.545609,18.839928,18.463076,21.646791,18.944616,25.01349,24.27057,26.8687,29.742193,30.059862,33.62618,32.75697,35.40707,33.65927,28.05703,26.050451,24.564316,23.688313,23.426033,20.430094,22.933601,20.77914,21.244766,23.52678,19.805061,17.51435,17.158531,15.625232,18.31666,14.303764,19.819649,19.590166,22.480867,24.52828,26.6424,28.815529,28.156628,25.901342,30.38004,30.506659,32.933395,31.098156,27.187042,32.306145,34.270836,30.809193,27.811853,31.969303,34.15442,30.831818,28.525028,25.523876,21.844202,21.275833,16.877735,18.023
34,34.172245,31.314766,29.710167,24.85916,24.586472,22.530035,21.347305,21.725157,18.252346,21.410046,16.396935,20.430954,20.464413,16.83373,18.915747,14.572509,17.469393,16.403046,17.590824,19.696257,19.928324,24.237713,23.95108,24.911596,29.698986,29.817406,27.316086,23.598299,19.29102,15.736301,14.343033,10.684513,4.3605,5.1540813,0.0,4.269745,5.9426336,4.9154506,4.6377993,7.0922146,5.494338,10.965728,10.116171,15.561884,18.307983,21.131079,24.320337,27.193893,30.21343,29.704763,27.05466,30.057106,30.1626,28.732761,23.617338,22.411232,18.098495,15.98246,14.74473,18.154531,15.999206,22.29168,22.480206,25.396387,28.951525,29.623302,33.209347,32.94934,35.849297,34.632706,28.96062,26.742973,25.205044,23.1986,22.873112,19.192167,21.137814,18.72718,18.52109,20.846415,16.918392,15.145587,16.138344,15.059936,18.491856,14.9437895,21.017723,21.18172,24.594578,26.667913,29.251259,31.156252,31.077497,28.320639,33.0451,33.027363,35.1325,33.127094,28.890558,34.01711,35.77674,31.975674,28.692644,32.99021,35.34005,32.077347,29.50093,26.886433,22.760262,21.607338,17.230003,17.245068
35,36.07829,33.450275,31.296045,26.765295,26.527582,23.721228,23.044664,22.184181,18.878956,21.250607,15.6247425,19.108103,18.952972,15.432552,18.381792,14.788627,18.254412,18.108904,19.425861,22.265476,22.823723,26.791447,27.031548,28.40235,33.202187,33.328773,31.16976,27.463207,22.864092,19.44243,18.08315,14.234253,8.112187,6.3719597,4.269745,0.0,4.635718,6.444651,6.8336916,9.920297,9.6257515,15.1303835,14.166574,19.562037,22.508795,25.09149,28.388762,31.164667,34.246048,33.876602,31.255806,34.2668,34.213528,32.814644,27.74168,26.406027,22.09818,20.008427,18.327188,21.469788,19.367563,25.504797,25.982355,28.581448,32.498505,32.742825,36.489834,36.022266,39.203026,37.625736,31.782068,29.943306,27.988443,26.492579,25.286,21.912695,23.250914,20.44999,19.952072,21.668129,17.418264,16.388916,16.388264,16.234985,20.035067,16.919071,23.14459,24.085592,27.238523,29.609007,31.89105,33.580795,32.939434,30.057291,34.395065,33.75574,36.355335,34.729485,30.02881,34.93731,37.31694,33.855766,30.077555,33.942703,35.98118,32.362556,30.120188,26.766146,23.495762,21.633596,17.459742,17.065586
