,0,1,2,3,4,5,6,7,8,9,10,11,12,13,14,15,16,17,18,19,20,21,22,23,24,25,26,27,28,29,30,31,32,33,34,35,36,37,38,39,40,41,42,43,44,45,46,47,48,49,50,51,52,53,54,55,56,57,58,59,60,61,62,63,64,65,66,67,68,69,70,71,72,73,74,75,76,77,78,79,80,81,82,83,84,85,86,87,88,89,90,91,92,93,94,95,96,97,98,99,100,101,102,103,104,105,106,107,108,109,110,111
0,0.0,4.141632,6.804969,10.112539,12.592239,15.09784,18.248514,22.112576,24.466896,26.796051,29.383575,32.444614,32.739273,34.049614,31.03199,35.66379,36.229572,40.31266,42.026783,45.184063,49.308525,50.550766,54.58154,53.77542,52.946995,52.230503,47.316795,46.80548,43.206356,44.914295,38.271877,41.486916,39.09145,36.900234,32.612415,31.423553,28.323992,32.285404,33.31953,30.38139,28.77781,35.225353,33.792793,29.38019,31.581833,37.316833,34.625793,30.50495,34.659462,33.344418,37.64108,39.168285,42.544273,42.855225,44.953693,46.795692,42.870777,46.5732,50.20299,46.302326,44.71079,50.23255,53.054127,53.515736,48.67706,47.828636,52.605736,50.977867,48.001545,52.493423,49.4639,50.99345,45.104145,47.348278,43.72418,45.11561,41.487087,37.94451,34.757816,32.972958,29.610502,25.730927,28.472456,30.366121,34.230053,33.74322,39.34472,41.302776,44.886383,48.323185,49.56336,52.62459,53.046555,53.059822,52.892918,47.801254,46.893368,42.972717,43.054848,38.809338,40.17838,33.043537,36.226177,31.77397,29.278522,32.86781,35.12408,39.550964,39.653477,44.14059,45.9492,49.821735
1,4.141632,0.0,5.093696,6.493311,9.267207,12.772807,15.381767,18.748018,21.080198,23.189602,25.99662,29.06677,29.628674,31.189665,28.290636,33.14548,34.028687,37.923668,40.200165,43.041004,47.288586,48.67857,52.827595,51.56493,50.571026,49.76555,44.72485,44.31305,40.544235,42.417534,35.472454,39.012074,36.279858,34.437214,30.283403,28.795612,26.02493,30.413355,31.278801,28.224375,27.209644,33.723907,32.03021,27.977924,30.60208,36.12182,33.272476,29.782312,34.219536,33.01474,36.84078,38.469666,42.028576,42.15777,43.899193,45.39283,41.303543,44.735977,48.646973,44.92495,42.83466,48.242367,50.974754,51.56568,46.615143,45.473858,50.02783,48.179016,45.23183,49.592907,46.31128,47.700428,41.83068,43.826557,40.316826,41.471363,37.821674,34.477474,31.049341,29.602621,26.079529,22.285892,25.283089,27.526459,31.345287,31.3744,36.64922,39.04261,42.54184,46.03102,47.432774,50.380783,51.04657,51.19389,51.311626,46.127884,45.19641,41.047466,40.87465,36.679184,37.625237,30.477188,33.317234,28.754217,26.099379,29.433653,31.830133,35.928005,36.322784,40.68015,42.574146,46.445316
2,6.804969,5.093696,0.0,5.402602,6.4568214,8.584588,11.543372,15.721171,18.440653,20.651766,23.091473,26.008574,26.276579,27.625006,25.329836,29.69626,30.661982,34.790497,36.76593,40.03475,44.077118,45.635513,49.514584,48.396004,47.665874,46.68148,41.769268,40.950455,37.209263,38.68862,31.911768,34.850838,32.34872,30.116623,25.933949,24.899141,21.733122,25.80644,27.071865,24.280533,22.706738,29.373266,28.127853,24.028751,26.227877,32.146988,29.785593,26.04837,30.340103,28.751856,32.49418,34.756836,37.84865,37.733288,39.70132,41.36088,37.150642,40.73657,44.41694,40.398006,38.47527,44.033436,46.685635,47.074406,42.141888,41.234116,45.96601,44.306934,41.496502,46.097824,43.042233,44.821148,39.01216,41.495796,38.0588,39.69478,36.179817,32.619286,29.853828,28.048994,24.938614,21.31095,23.529585,25.633476,29.249521,29.187262,34.43701,36.52385,40.305035,43.671764,45.348618,48.421482,49.179405,48.821682,49.11587,43.636604,43.12412,38.75013,39.094555,34.80419,36.039207,29.273424,31.920458,27.80288,25.417559,28.928946,30.951483,35.093967,34.839996,39.387188,40.785706,44.902542
3,10.112539,6.493311,5.402602,0.0,3.6938565,7.639781,9.654807,12.483946,14.589461,16.85852,19.547136,22.702799,23.238323,24.890436,22.155516,27.080843,28.293247,32.03313,34.808548,37.423134,41.710823,43.313114,47.478752,45.788765,44.72501,43.776447,38.671898,38.240005,34.345078,36.302223,29.18245,33.032707,30.190388,28.733782,24.564274,22.700281,20.321352,25.117765,25.659613,22.514805,22.216045,28.649685,26.699835,23.16109,26.233692,31.402557,28.513597,25.862854,30.541824,29.467178,32.57391,34.404644,38.06295,37.940933,39.224895,40.311794,36.061485,39.18982,43.357048,39.877247,37.281517,42.532295,45.197628,45.95731,40.958496,39.5469,43.924797,41.96309,38.956593,43.22291,39.864433,41.21161,35.35051,37.37347,33.910072,35.15972,31.552624,28.183542,24.964878,23.50785,20.097647,16.462978,19.227905,21.741842,25.398474,25.935028,30.818596,33.51677,37.04044,40.51314,42.21768,45.09862,46.07381,46.111225,46.637962,41.23421,40.48757,35.988956,35.79816,31.634518,32.268433,25.377426,27.720486,23.341404,20.722057,23.953701,26.20527,30.10754,30.304203,34.683968,36.375412,40.371693
4,12.592239,9.267207,6.4568214,3.6938565,0.0,5.530509,6.343525,9.585033,12.546977,14.31328,17.062227,19.95305,20.646526,22.429653,20.68986,25.235031,26.850756,30.640705,33.530956,36.321644,40.47037,42.327606,46.289284,44.427887,43.498226,42.30218,37.23852,36.46387,32.440445,34.08388,26.82152,30.178835,27.118828,25.475927,21.582146,20.081928,17.541174,22.325514,23.339207,20.473078,19.994965,26.611156,25.038048,21.788624,24.574772,30.002201,27.57339,25.071417,29.641373,28.216076,30.956947,33.505157,36.715965,36.226204,37.578865,38.63661,34.15893,37.24669,41.3262,37.602066,34.836617,40.17507,42.629314,43.198734,38.10571,36.728764,41.089645,39.093918,36.37415,40.805595,37.373993,39.0335,33.28117,35.500393,32.304886,33.70584,30.21719,26.947102,24.05728,22.76329,19.599562,16.360867,18.599321,21.31188,24.656565,25.5667,30.077778,32.8229,36.501366,39.876736,41.913155,44.800064,45.99699,45.705757,46.534595,40.878258,40.470016,35.69573,35.769657,31.616123,32.17466,25.704199,27.552822,23.531195,21.047628,24.051535,26.112514,29.597893,29.590809,33.94641,35.280994,39.47831
5,15.09784,12.772807,8.584588,7.639781,5.530509,0.0,4.5567675,8.936923,11.169637,14.009235,15.495243,18.432981,18.092392,19.158495,17.285648,21.281475,22.540768,26.678017,28.893377,32.196404,36.13491,37.97119,41.710655,40.30083,39.671165,38.481915,33.625126,32.55602,28.773876,30.12233,23.396967,26.408943,24.187946,22.170914,17.644142,16.357084,13.298247,17.705645,18.637411,15.836646,14.76971,21.421772,20.075382,16.531939,19.091944,24.724512,22.58435,19.771088,24.233425,22.70238,25.477108,28.197016,31.22241,30.751286,32.24349,33.522404,29.10764,32.46756,36.32711,32.500256,30.14296,35.60896,38.244408,38.79437,33.85625,32.79228,37.511864,35.928005,32.97234,37.60468,34.757965,36.69599,30.929783,33.859787,30.430294,32.618973,29.321299,25.503162,23.73762,21.44279,19.088795,16.024744,16.917646,18.884226,22.050505,22.281815,27.08356,29.130268,33.092617,36.320713,38.426838,41.49834,42.575813,41.795822,42.5776,36.758507,36.695866,31.901905,32.601936,28.354418,29.539259,23.543646,25.547441,22.193823,20.296968,23.770857,25.169777,29.209541,28.09895,32.7719,33.566765,37.896954
6,18.248514,15.381767,11.543372,9.654807,6.343525,4.5567675,0.0,5.0215154,8.614239,10.217418,12.1417055,14.712589,15.058926,16.718899,16.331482,20.088665,22.176378,25.992846,28.942665,31.9544,35.84271,38.023006,41.663956,39.6295,38.92939,37.43263,32.513603,31.257936,27.170633,28.380718,21.137613,23.946577,20.945244,19.150278,15.292529,14.111682,11.437456,16.292906,17.625591,15.157512,14.743121,21.313538,20.14755,17.579466,20.09302,25.481583,23.69883,21.805395,26.15048,24.465313,26.360443,29.727858,32.409466,31.444195,32.65336,33.539818,28.826323,31.779589,35.781784,31.931522,28.893614,34.260895,36.53189,36.99087,31.84879,30.491772,34.89491,32.985317,30.42898,35.064644,31.787159,33.87106,28.261448,31.01355,28.045393,29.99791,26.79864,23.434584,21.620047,20.080967,17.78025,15.381043,16.141396,18.724373,21.41281,22.663778,26.561836,29.15439,33.03824,36.194782,38.68638,41.583076,43.059605,42.22195,43.4852,37.515026,37.65131,32.54311,33.1091,29.049355,29.626095,24.099987,25.222742,22.093435,20.149645,22.92638,24.353958,27.475681,26.671812,31.060854,31.679874,36.136063
7,22.112576,18.748018,15.721171,12.483946,9.585033,8.936923,5.0215154,0.0,4.7373877,5.212709,7.683772,10.369145,11.431468,13.780858,13.980082,17.920319,20.64944,23.836819,27.782959,30.05409,34.043434,36.412163,40.17309,37.397537,36.413124,34.789734,29.734446,28.703568,24.372093,25.922745,18.200571,21.805597,18.156958,17.45808,14.162864,12.071773,10.95617,16.306782,16.907274,14.438133,15.718084,21.468208,19.795948,18.384008,21.450964,25.797249,23.830511,23.313248,27.698044,26.434792,27.391546,30.55233,33.458263,32.32255,32.804134,33.011288,28.249653,30.53267,34.94533,31.653765,27.785358,32.704987,34.79423,35.552765,30.360834,28.413008,32.281017,29.964884,27.413265,31.714592,27.98078,29.766832,24.18795,26.507704,23.766579,25.35812,22.1695,19.197342,17.216846,16.390383,14.165536,12.606027,13.228503,16.39794,18.61207,20.952324,23.86502,27.177982,30.770348,33.9092,36.62583,39.26239,41.105255,40.494713,42.177914,36.2495,36.349873,31.054144,31.191689,27.419373,27.214607,22.154297,22.387241,19.467665,17.543026,19.536095,20.957012,23.252783,22.81294,26.89614,27.536852,31.993284
8,24.466896,21.080198,18.440653,14.589461,12.546977,11.169637,8.614239,4.7373877,0.0,4.8338447,5.3804264,9.02825,9.20115,11.275333,9.94666,14.571345,17.187937,19.996525,24.430357,26.129349,30.319332,32.58229,36.597004,33.599796,32.37131,30.926338,25.740309,25.175648,20.890247,23.07324,15.434615,20.439472,17.336912,17.642242,13.935952,10.454535,10.776395,16.198229,15.291172,12.366223,15.219658,19.986015,17.416105,16.62738,20.468433,23.639128,21.105536,21.661736,26.146626,25.586962,26.072798,28.35634,31.866264,30.993645,30.794802,30.530327,26.017603,27.912497,32.71391,30.180914,26.043581,30.52839,32.881992,34.16432,29.183697,26.887787,30.55952,28.254911,25.06323,28.971256,25.3839,26.632202,20.81082,23.05888,19.817389,21.579103,18.289896,14.8675,13.190717,11.744169,9.866816,8.777916,8.607881,11.853502,13.956563,16.64214,19.299908,22.903915,26.315056,29.51697,32.177544,34.728226,36.62946,36.250244,38.00802,32.203697,32.144043,26.845491,26.69981,23.052153,22.56638,17.726124,17.67881,14.982519,13.340614,15.298091,16.408587,19.04175,18.214964,22.477966,23.194416,27.60583
9,26.796051,23.189602,20.651766,16.85852,14.31328,14.009235,10.217418,5.212709,4.8338447,0.0,4.1866283,6.4342356,8.749157,11.8583,13.126294,16.737947,20.097143,22.401165,27.298527,28.72774,32.686478,35.256046,39.02889,35.468964,34.21621,32.42839,27.345438,26.527006,22.025448,23.85085,15.887661,20.153687,15.87607,16.558886,14.296126,11.553422,12.320686,17.414879,17.320034,15.1906185,17.870462,22.470907,20.48793,20.328806,23.634674,26.860708,24.897621,25.687155,29.917805,29.010021,29.029728,32.01971,34.98066,33.65021,33.42419,32.936333,28.22998,29.72401,34.436867,31.763426,27.11829,31.421623,33.225155,34.262844,29.126364,26.578272,29.728912,26.976328,24.545055,28.380987,24.13454,25.5848,20.171116,21.925951,19.614435,20.736708,17.661348,15.378506,13.397802,13.719758,11.953961,11.907425,12.056865,15.573355,16.912334,20.43469,21.96051,25.961794,29.140972,32.152924,35.12455,37.42788,39.677895,39.251614,41.405167,35.589577,35.718445,30.314651,30.04687,26.721098,25.651707,21.463886,20.547066,18.169664,16.479307,17.287615,18.542332,19.544388,19.524038,23.078257,23.626852,28.057396
10,29.383575,25.99662,23.091473,19.547136,17.062227,15.495243,12.1417055,7.683772,5.3804264,4.1866283,0.0,3.7268698,4.717686,7.7874384,9.897351,12.804664,16.424147,18.508427,23.522676,24.884205,28.7072,31.389082,35.033367,31.40264,30.245434,28.367058,23.352665,22.37574,17.86768,19.680723,11.725787,16.476849,12.68667,13.951949,11.531854,8.138976,10.140585,14.837565,14.005622,12.140349,15.646938,19.304531,17.215961,17.88011,21.17759,23.651834,21.906776,23.456493,27.414532,26.72608,26.096968,29.031576,31.903164,30.492706,29.892002,29.125725,24.477762,25.709555,30.507212,28.15006,23.300154,27.399607,29.277525,30.522284,25.49806,22.82098,26.006145,23.396801,20.607767,24.483955,20.528591,22.098467,16.548351,18.950727,16.43841,18.355566,15.555511,12.82017,12.420794,11.917991,11.462084,12.196493,10.70251,13.549365,14.137237,17.768654,18.726635,22.525826,25.756931,28.601057,31.778503,34.08484,36.435,35.71016,38.063797,32.1719,32.585705,27.099216,27.133112,23.969719,22.980186,19.698454,18.33694,16.912415,15.9318495,16.70807,17.174572,18.271807,17.162588,20.84806,20.7782,25.364258
11,32.444614,29.06677,26.008574,22.702799,19.95305,18.432981,14.712589,10.369145,9.02825,6.4342356,3.7268698,0.0,4.1186433,7.5294514,12.105981,13.528903,17.602407,19.19008,24.31999,25.539518,28.981466,31.931513,35.212784,31.223309,30.18799,27.983917,23.244621,21.874401,17.342167,18.610567,10.788533,14.571236,9.964564,11.925128,11.03985,8.57095,11.149646,14.916872,14.550007,13.61997,16.981474,19.973198,18.477255,19.849083,22.5829,24.795948,23.69289,25.580679,29.148663,28.256123,27.021948,30.503365,32.80067,30.991877,30.269632,29.26706,24.560316,25.365618,29.98267,27.618599,22.376614,26.193224,27.58695,28.653316,23.597265,20.715895,23.46767,20.585026,18.412342,22.298967,18.00222,19.99398,14.932722,17.3736,15.760402,17.627445,15.383438,13.521072,13.866075,14.121115,14.260566,15.578294,13.837519,16.393106,16.234125,20.148176,20.142921,23.883818,26.950855,29.489296,32.963852,35.09066,37.697304,36.714622,39.418438,33.51635,34.252007,28.733387,28.923288,26.084507,24.866138,22.462868,20.495008,19.710901,18.992302,19.174059,19.36765,19.412128,18.306562,21.389454,20.759304,25.340288
12,32.739273,29.628674,26.276579,23.238323,20.646526,18.092392,15.058926,11.431468,9.20115,8.749157,4.717686,4.1186433,0.0,3.4613037,8.85988,9.500818,13.60384,15.407997,20.269419,21.796211,25.20166,28.13576,31.380224,27.720518,26.873392,24.726007,19.993761,18.420324,13.924034,15.199844,7.2454906,11.873197,8.66908,10.567794,8.515188,5.078276,8.710621,12.07465,10.771013,9.93981,13.898458,16.166082,14.496731,16.324224,19.078432,20.78615,19.787004,22.053085,25.42753,24.75179,23.222507,26.52394,28.871592,27.156986,26.256777,25.231276,20.557173,21.47328,26.181871,23.967876,18.833063,22.776148,24.567387,25.858744,20.898872,18.148428,21.448402,19.056059,16.102747,20.284012,16.775671,18.916136,13.529182,17.005404,14.69581,17.64976,15.559575,12.732282,14.358526,13.16971,14.121602,15.366639,12.55604,14.228355,13.744278,17.120852,17.239717,20.414001,23.73778,26.206867,29.717218,32.023308,34.49824,33.19257,35.8349,29.818588,30.7707,25.233017,25.875795,22.991024,22.269905,20.324783,18.526463,18.357197,18.165668,18.880957,18.490524,19.454466,17.123865,20.663973,19.599224,24.271223
13,34.049614,31.189665,27.625006,24.890436,22.429653,19.158495,16.718899,13.780858,11.275333,11.8583,7.7874384,7.5294514,3.4613037,0.0,7.593978,6.4260783,10.618691,12.506498,17.007133,18.8433,22.071348,25.048286,28.141106,24.755396,24.152752,21.996,17.412373,15.502035,11.136266,12.203431,4.453947,9.672706,8.274051,10.082421,7.428733,3.721765,8.161568,10.376002,8.001303,7.7216086,12.165874,13.235717,11.555568,14.133799,16.686256,17.685564,17.006144,19.770893,22.785517,22.30417,20.290867,23.511616,25.749292,24.037786,22.899431,21.776382,17.138006,18.048904,22.800901,20.773422,15.678102,19.64922,21.737724,23.218372,18.419207,15.806085,19.512835,17.621841,14.084111,18.474186,15.814243,18.13427,12.818479,17.108423,14.495918,18.264902,16.522686,13.249823,15.944522,13.821638,15.478645,16.703905,13.149544,13.8239565,12.860582,15.562491,15.556985,17.99651,21.503675,23.784475,27.375788,29.79947,32.187702,30.493784,33.150253,27.045511,28.302467,22.788084,23.940756,21.13887,20.888445,19.660103,17.94694,18.498735,18.826786,19.844507,18.921762,20.41249,17.11435,20.796831,19.23978,23.862064
14,31.03199,28.290636,25.329836,22.155516,20.68986,17.285648,16.331482,13.980082,9.94666,13.126294,9.897351,12.105981,8.85988,7.593978,0.0,5.848923,7.5921464,10.213054,14.767858,16.212246,20.462816,22.638983,26.739233,23.978065,22.862791,21.670229,16.565714,16.239563,12.513339,15.370774,9.617024,16.15621,15.85633,17.090982,12.805764,8.290723,10.802417,14.073616,10.066018,7.1711497,12.554973,13.911976,9.916156,11.30004,15.699282,15.971128,13.072927,16.187588,20.033724,20.69982,19.76957,20.691355,24.743252,24.236616,22.816917,21.825268,17.917551,19.293077,24.477762,23.28449,19.254229,22.961002,25.991215,28.096811,23.871584,21.553064,25.316338,23.827866,19.31261,22.783588,20.73629,21.61706,15.782862,19.29423,15.058653,18.688568,16.209621,11.4896755,13.612508,9.357707,11.111503,11.701586,7.3660483,6.6810193,6.6840034,8.48644,10.631853,13.287851,17.038073,20.047579,22.903833,25.640059,27.516481,26.582361,28.538742,22.573553,22.976225,17.501083,18.134691,14.694526,14.902181,12.431746,11.840896,12.001042,12.686046,14.806664,13.707167,17.434017,13.600875,18.329208,17.850197,22.194101
15,35.66379,33.14548,29.69626,27.080843,25.235031,21.281475,20.088665,17.920319,14.571345,16.737947,12.804664,13.528903,9.500818,6.4260783,5.848923,0.0,4.309946,6.4964795,10.817946,12.789202,16.300682,19.014305,22.43635,19.631361,19.101355,17.426603,12.804385,11.283602,7.672567,9.76472,5.7767034,11.665377,13.192932,14.709947,11.225517,7.8560066,11.189504,12.134536,7.2492285,6.7084136,12.026157,10.6165495,7.35256,11.215081,14.252614,12.970181,11.710555,16.027308,18.66621,19.27528,16.787882,18.39011,21.456877,20.42532,18.42879,16.91962,12.892744,13.735996,18.96662,18.109156,13.703672,17.121317,20.192638,22.442444,18.504824,16.258095,20.15406,19.218147,14.439692,18.143253,17.128853,18.655357,13.500448,18.161991,14.542869,19.146648,17.676498,13.563913,17.367622,13.645298,16.274416,17.427794,12.96164,11.646587,9.9276,10.972762,10.995361,12.066256,15.909454,18.127068,21.582361,24.271711,26.363922,24.399672,26.876694,20.701128,22.123096,16.664852,18.43997,15.744287,16.344826,16.308353,14.9626255,16.708536,17.984137,19.503096,17.732815,20.477493,15.7527685,19.76456,17.934576,22.18996
16,36.229572,34.028687,30.661982,28.293247,26.850756,22.540768,22.176378,20.64944,17.187937,20.097143,16.424147,17.602407,13.60384,10.618691,7.5921464,4.309946,0.0,4.7053523,7.257886,9.958247,13.683809,15.922058,19.618786,17.776861,17.422281,16.350767,12.090326,11.08599,8.96859,11.139681,9.785689,14.707139,17.149117,18.194159,14.285699,11.326872,13.699483,14.083889,8.787985,8.032077,12.633833,9.97741,5.7437024,9.78346,12.964628,10.063981,8.052114,13.411506,15.724409,17.17341,14.70231,14.80825,18.652685,18.312706,15.936668,14.481831,11.197363,12.405583,17.581785,17.375387,14.12229,17.183676,20.83732,23.346222,20.054764,18.351316,22.35975,22.036434,16.983727,20.200397,20.130333,21.250101,16.460474,20.977032,16.992138,21.685772,20.281454,15.883752,19.716623,15.254829,17.986904,18.754827,14.216366,11.754138,10.153367,9.039332,9.965114,9.17817,13.429492,15.617635,18.701063,21.715498,23.34779,21.145548,23.221678,16.940214,18.458607,13.127014,15.636405,12.861857,14.607789,15.105114,14.571327,16.760403,18.474714,20.498642,18.42518,22.099356,16.872198,21.007359,19.285095,23.09809
17,40.31266,37.923668,34.790497,32.03313,30.640705,26.678017,25.992846,23.836819,19.996525,22.401165,18.508427,19.19008,15.407997,12.506498,10.213054,6.4964795,4.7053523,0.0,6.651474,6.421521,10.359724,12.880805,16.77759,13.809662,13.028822,11.940882,7.4327807,7.2934923,6.076089,9.366967,10.204331,15.487738,18.232012,20.300337,17.36068,14.342134,17.499695,17.709538,12.5118685,12.292821,17.084703,13.6668005,10.113507,14.430828,17.275217,13.118931,11.471693,17.542942,19.276701,21.120771,17.937862,17.25812,20.946634,20.615992,17.210577,14.550815,12.294488,11.635612,17.1103,18.444983,14.715019,16.151579,19.67372,22.821703,20.15718,17.949602,20.958162,20.656647,15.26207,17.354574,17.826088,18.184834,14.01664,18.317482,14.456075,19.336441,18.61162,14.75345,19.532133,15.460073,18.974625,20.573565,15.869298,13.179519,10.246944,9.938341,7.71771,6.6377134,10.105709,11.833106,15.441064,18.087921,20.221336,18.02947,20.82145,14.824358,16.544767,11.322642,13.545412,11.973136,12.782482,15.502576,13.762156,17.217623,19.460588,20.585682,17.934042,20.7707,15.075496,18.46496,16.121881,19.534191
18,42.026783,40.200165,36.76593,34.808548,33.530956,28.893377,28.942665,27.782959,24.430357,27.298527,23.522676,24.31999,20.269419,17.007133,14.767858,10.817946,7.257886,6.651474,0.0,5.863769,7.821491,9.6744995,12.820498,12.6903925,13.365994,12.926043,10.802986,9.752937,10.836065,11.8035345,14.868608,17.815184,21.884762,22.859858,19.662409,17.756268,19.81358,18.599878,13.670412,14.193709,17.290726,12.0493355,9.579631,13.682225,15.10985,8.806193,8.544704,14.842176,14.980339,17.435669,13.673191,11.70014,15.184822,15.448129,11.500094,8.982758,8.298803,8.433411,12.962086,14.891364,13.377968,14.5808,18.72505,21.708548,19.99119,19.064451,22.64494,23.471937,18.406166,20.60627,22.434872,23.324757,19.94483,24.513695,20.957012,25.883781,25.257273,21.31536,25.82006,21.344791,24.488796,25.378513,20.829607,17.715391,15.641356,13.216703,12.898658,8.825884,12.096771,12.766327,15.561463,18.611614,19.755335,16.183044,18.255154,12.094035,14.94404,10.822227,15.001707,13.656707,16.396828,19.161657,18.734413,21.971891,24.235352,26.091763,23.49946,27.053,21.284563,24.65256,22.288265,25.198172
19,45.184063,43.041004,40.03475,37.423134,36.321644,32.196404,31.9544,30.05409,26.129349,28.72774,24.884205,25.539518,21.796211,18.8433,16.212246,12.789202,9.958247,6.421521,5.863769,0.0,4.769374,6.58377,11.042808,8.849358,8.298956,8.595232,6.5575914,7.95875,10.144932,12.483309,16.102688,20.218903,23.82741,25.868336,23.165947,20.561512,23.428644,22.94875,17.804045,17.910965,22.002937,17.361732,14.333743,18.423084,20.619087,14.617743,13.325706,19.866282,20.420876,23.143421,19.535616,16.870493,20.626635,21.005007,16.582342,13.144037,13.29233,11.501985,16.102602,19.389538,17.004519,16.644436,20.355118,23.986237,22.677423,20.95824,23.289433,23.780287,18.467388,19.205484,21.176949,20.85176,18.066904,21.831942,18.31013,22.968973,22.864264,19.477112,24.45386,20.340517,24.051859,25.658731,21.07275,17.758139,14.771642,13.086761,10.247909,5.8747807,7.3267565,7.256991,10.688967,13.33172,15.148263,12.022498,15.119991,9.458048,12.080733,8.168014,11.495327,11.70446,13.225671,18.062122,16.605352,20.862865,23.593199,24.587782,21.525492,24.398022,18.466593,21.002466,18.422531,20.59762
20,49.308525,47.288586,44.077118,41.710823,40.47037,36.13491,35.84271,34.043434,30.319332,32.686478,28.7072,28.981466,25.20166,22.071348,20.462816,16.300682,13.683809,10.359724,7.821491,4.769374,0.0,3.6063082,6.539663,5.1531487,6.44808,6.974579,8.1874,8.62983,12.342813,13.286381,18.81116,21.493513,25.851715,27.82168,25.70232,23.74762,26.54609,25.211866,20.40141,21.219538,24.747936,19.172253,17.150152,21.473894,22.741684,16.082825,16.104033,22.418121,21.976248,24.665209,20.36091,17.71086,20.309988,20.573233,15.588108,11.504807,13.210611,10.300137,13.716622,18.328669,16.738888,14.918884,18.45738,22.253479,22.020021,20.766207,22.587248,23.795723,18.888502,18.978699,22.13551,21.977968,20.340864,24.177425,21.364637,26.040812,26.438362,23.4938,28.73564,24.873686,28.658236,30.339876,25.715145,22.48625,19.450968,17.803444,14.826053,10.480388,10.82549,9.150352,12.09779,14.103897,15.716831,11.323793,14.775391,10.147634,13.730628,11.448982,15.047165,15.946167,17.514908,22.751583,21.223522,25.600016,28.346918,29.205317,26.07851,28.494139,22.593296,24.569738,21.515383,23.207575
21,50.550766,48.67857,45.635513,43.313114,42.327606,37.97119,38.023006,36.412163,32.58229,35.256046,31.389082,31.931513,28.13576,25.048286,22.638983,19.014305,15.922058,12.880805,9.6744995,6.58377,3.6063082,0.0,5.2586946,6.5124035,7.531964,9.3497305,10.931566,12.122073,15.6685295,16.86075,22.037973,24.951904,29.269075,31.107992,28.674799,26.581259,29.171482,27.960274,23.071901,23.59833,26.96485,21.452862,19.24011,23.085773,24.412155,17.465166,17.078344,23.249962,22.549574,25.702911,21.764647,17.89849,20.91547,21.811539,16.827633,13.116877,15.580798,13.179596,15.896306,20.709238,19.836378,18.018772,21.564869,25.297077,25.325827,24.272638,26.083355,27.367752,22.48007,22.364985,25.54035,25.060791,23.42774,26.944757,23.928225,28.396463,28.727846,25.69481,30.739439,26.667208,30.389183,31.906647,27.40907,23.886385,21.052946,18.744137,16.171589,11.212922,10.773221,8.542842,10.301461,12.303469,13.197608,8.257806,11.432396,7.4861593,11.350909,10.491285,14.2438345,15.713862,17.718683,23.263391,22.17282,26.603012,29.487541,30.479837,27.293665,30.08516,24.205233,26.114668,23.382061,24.622652
22,54.58154,52.827595,49.514584,47.478752,46.289284,41.710655,41.663956,40.17309,36.597004,39.02889,35.033367,35.212784,31.380224,28.141106,26.739233,22.43635,19.618786,16.77759,12.820498,11.042808,6.539663,5.2586946,0.0,6.774206,9.574434,10.862996,14.133203,14.2478695,18.386581,18.37307,24.777363,26.298296,31.21008,32.868767,31.005495,29.573652,32.05315,30.039267,25.590225,26.766766,29.566566,23.368635,22.146723,26.175274,26.59194,19.4542,20.331264,26.077179,24.507019,27.382526,22.862469,19.527506,21.005901,21.632008,16.456148,12.5667925,16.2455,13.23212,14.140853,19.912092,19.967907,16.968216,20.075617,23.687286,24.8097,24.344988,25.720844,27.69482,23.409227,22.92972,27.01501,26.911278,26.16853,29.861021,27.46806,32.010258,32.68815,29.943691,35.213627,31.329426,35.090244,36.646645,32.06234,28.687416,25.810171,23.66712,21.051064,16.284794,15.896401,13.331647,14.82819,16.134195,16.803703,11.394559,14.214153,11.817076,15.818175,15.648543,19.438828,20.934664,22.925875,28.434002,27.245092,31.669395,34.492847,35.438835,32.254887,34.677715,28.811495,30.432657,27.293747,28.37329
23,53.77542,51.56493,48.396004,45.788765,44.427887,40.30083,39.6295,37.397537,33.599796,35.468964,31.40264,31.223309,27.720518,24.755396,23.978065,19.631361,17.776861,13.809662,12.6903925,8.849358,5.1531487,6.5124035,6.774206,0.0,3.579882,4.262626,8.677349,9.550602,13.941218,14.556503,20.969288,23.225012,27.541939,30.084578,28.763086,26.908062,30.12018,28.702215,24.097439,25.1716,28.92887,23.302525,21.564354,26.16528,27.34838,20.84731,21.134584,27.45669,26.95549,29.454365,24.819544,22.630957,24.58624,24.493599,19.371128,14.936148,16.86472,12.914993,15.546601,20.918287,18.938873,15.6394,18.304365,22.38562,22.9201,21.392576,21.896948,23.221613,18.783024,17.426682,21.310135,20.589022,20.35839,23.611599,21.655697,25.990797,27.10116,25.000576,30.559597,27.338387,31.372833,33.539356,28.929903,25.935589,22.471346,21.667305,17.47491,14.060701,13.139889,10.51788,13.418502,14.169085,16.370079,12.208921,16.4232,13.377642,16.663506,15.159547,17.798052,19.519022,20.06304,26.101858,23.81484,28.559584,31.391556,31.575466,28.296616,29.67362,23.994343,24.970215,21.432144,22.381994
24,52.946995,50.571026,47.665874,44.72501,43.498226,39.671165,38.92939,36.413124,32.37131,34.21621,30.245434,30.18799,26.873392,24.152752,22.862791,19.101355,17.422281,13.028822,13.365994,8.298956,6.44808,7.531964,9.574434,3.579882,0.0,3.3569875,6.9547772,9.467598,13.34647,15.015386,20.49492,23.797375,27.515295,30.427176,28.956886,26.591717,30.045534,29.269047,24.444553,25.068798,29.333881,24.290798,21.9294,26.41798,28.237825,22.027122,21.507652,28.009636,28.09262,30.70701,26.430025,24.01693,26.7112,26.74187,21.747416,17.436295,18.710627,15.046394,18.43972,23.342424,20.72019,17.941418,20.569803,24.70155,24.691654,22.651932,23.003798,23.739525,19.057613,17.41675,20.622684,19.182648,18.766129,21.465885,19.320004,23.377357,24.541851,22.628878,28.140274,25.098043,29.220175,31.598633,27.104094,24.127214,20.49014,20.061638,15.2131815,12.415357,10.716613,7.9965854,11.190854,11.611306,14.403358,11.251612,15.786002,12.852406,15.438987,13.766726,15.527672,17.624561,17.4591,23.915794,21.278858,26.210743,29.12955,28.980003,25.61909,26.755806,21.18344,21.844019,18.42372,19.067427
25,52.230503,49.76555,46.68148,43.776447,42.30218,38.481915,37.43263,34.789734,30.926338,32.42839,28.367058,27.983917,24.726007,21.996,21.670229,17.426603,16.350767,11.940882,12.926043,8.595232,6.974579,9.3497305,10.862996,4.262626,3.3569875,0.0,5.342522,6.8166986,10.912606,12.131093,18.067844,20.909134,24.670542,27.70745,26.664719,24.548532,28.143436,27.176579,22.583975,23.534758,27.792814,22.747318,20.729692,25.508385,27.136532,21.29936,21.231266,27.642199,27.812008,30.00562,25.470232,24.043232,26.252302,25.78384,20.920729,16.521389,17.210913,13.218134,16.829096,21.452486,18.275051,15.353237,17.743551,21.888292,21.743088,19.518148,19.687508,20.390862,15.778908,14.123803,17.520042,16.462648,16.27894,19.368889,17.607603,21.892244,23.176956,21.424192,27.104265,24.323542,28.444925,30.933043,26.364613,23.724909,19.9958,20.151814,15.178472,13.044387,12.223398,10.253613,13.952903,14.608263,17.539349,14.401023,18.821962,15.229192,17.937933,15.431108,17.300484,18.784119,18.432571,24.371716,21.4536,26.210361,28.943829,28.712057,25.466871,26.211779,20.694546,21.410793,17.620216,18.78896
26,47.316795,44.72485,41.769268,38.671898,37.23852,33.625126,32.513603,29.734446,25.740309,27.345438,23.352665,23.244621,19.993761,17.412373,16.565714,12.804385,12.090326,7.4327807,10.802986,6.5575914,8.1874,10.931566,14.133203,8.677349,6.9547772,5.342522,0.0,4.5152187,6.8478565,9.840632,13.840851,18.19612,21.212732,24.33755,22.786669,20.096708,23.828888,23.628515,18.814842,19.227575,23.984228,19.843788,17.123941,21.738758,24.071316,19.030607,18.139328,24.503231,25.526342,27.568478,23.589024,22.49609,25.479551,24.997854,20.638948,16.7394,16.021467,13.025536,17.872963,21.158125,17.180267,15.967987,18.744001,22.618925,21.182476,18.497717,19.536465,19.412361,14.1887665,13.783544,15.556362,14.566754,12.614236,16.047821,13.334936,17.958868,18.667164,16.382898,21.996038,19.045628,23.137295,25.620794,21.055813,18.553595,14.772661,15.458305,10.300596,9.318898,9.512814,9.211707,13.442423,14.829098,17.879356,15.63335,19.64904,14.966994,17.009071,13.133247,14.535549,15.166585,14.4468,19.699833,16.6227,21.181904,23.797722,23.647081,20.503172,21.55882,15.895342,17.335606,13.810712,15.988689
27,46.80548,44.31305,40.950455,38.240005,36.46387,32.55602,31.257936,28.703568,25.175648,26.527006,22.37574,21.874401,18.420324,15.502035,16.239563,11.283602,11.08599,7.2934923,9.752937,7.95875,8.62983,12.122073,14.2478695,9.550602,9.467598,6.8166986,4.5152187,0.0,4.5476823,5.6701627,11.496853,14.376535,18.151552,20.977259,19.867142,17.936256,21.544592,20.528849,16.095844,17.319515,21.57191,16.91526,15.121836,20.130697,21.70598,16.919086,17.177689,23.189829,23.857912,25.349579,20.88626,21.055168,23.049208,21.967392,17.799692,13.932884,12.663632,9.355769,14.276948,17.15128,12.8399315,11.658464,14.474553,18.232533,16.689882,14.169112,15.67335,15.964055,10.720636,11.349683,13.700317,14.165911,12.312075,16.806946,14.653534,19.60672,20.21677,17.832731,23.39253,20.487736,24.326302,26.56924,21.91334,19.756159,16.299112,16.97511,12.926664,11.752976,13.173522,13.007542,17.150831,18.83212,21.573664,18.550161,22.360905,17.221838,19.845514,15.715658,17.966639,17.841967,17.805243,22.002853,19.268301,23.275743,25.562994,25.769312,22.920174,23.997763,18.490221,20.330952,16.670305,19.422482
28,43.206356,40.544235,37.209263,34.345078,32.440445,28.773876,27.170633,24.372093,20.890247,22.025448,17.86768,17.342167,13.924034,11.136266,12.513339,7.672567,8.96859,6.076089,10.836065,10.144932,12.342813,15.6685295,18.386581,13.941218,13.34647,10.912606,6.8478565,4.5476823,0.0,4.640649,7.173226,11.635455,14.445554,17.506557,16.228365,13.87555,17.789536,17.4858,13.128452,14.0357485,18.74285,15.272667,13.143369,17.9569,20.038677,16.606459,16.380133,21.918228,23.397629,24.43714,20.522045,21.544222,23.837486,22.53636,19.132769,15.994258,13.2962055,11.297305,16.596136,17.897884,12.744208,13.36212,15.9627695,19.16015,16.373154,13.349569,15.494994,14.830314,9.394245,11.470842,11.887875,12.836196,9.346707,14.34602,11.794734,16.885582,16.975069,14.313815,19.66247,16.940525,20.574585,22.833826,18.262138,16.667767,13.374842,15.0143385,11.415203,11.922064,14.178977,15.097928,19.226858,21.140102,23.931993,21.559,25.08399,19.52204,21.58366,16.71324,18.41771,17.437168,17.014471,19.937466,17.08276,20.480164,22.40749,22.618954,20.094826,21.098434,15.896264,18.280125,14.959131,18.56506
29,44.914295,42.417534,38.68862,36.302223,34.08388,30.12233,28.380718,25.922745,23.07324,23.85085,19.680723,18.610567,15.199844,12.203431,15.370774,9.76472,11.139681,9.366967,11.8035345,12.483309,13.286381,16.86075,18.37307,14.556503,15.015386,12.131093,9.840632,5.6701627,4.640649,0.0,7.96965,8.793325,13.083545,15.6984,15.364345,14.37645,17.902199,16.259964,12.710582,14.811846,18.497389,14.179422,13.586502,18.631884,19.53864,16.226875,17.463772,22.502586,23.27281,23.770887,19.202957,21.425201,22.389143,20.429785,17.195711,14.110838,11.222314,8.7738085,13.42924,14.396591,8.834963,9.163501,11.500557,14.540328,11.834401,8.996788,11.615013,11.759382,6.610089,9.809864,11.427187,13.820478,11.610471,16.908714,15.3894005,20.324495,20.64755,18.316736,23.462109,20.954308,24.299013,26.311419,21.819902,20.453894,17.529202,18.768028,15.862833,15.549915,17.924059,18.331095,22.435478,24.34342,26.98029,23.857744,27.385973,21.834417,24.486843,19.893341,22.288277,21.270948,21.39271,24.096949,21.561228,24.692398,26.421795,26.841387,24.49726,25.354784,20.379599,22.609251,19.074581,22.546469
30,38.271877,35.472454,31.911768,29.18245,26.82152,23.396967,21.137613,18.200571,15.434615,15.887661,11.725787,10.788533,7.2454906,4.453947,9.617024,5.7767034,9.785689,10.204331,14.868608,16.102688,18.81116,22.037973,24.777363,20.969288,20.49492,18.067844,13.840851,11.496853,7.173226,7.96965,0.0,7.5991225,8.227882,11.188493,9.8884735,7.4922385,11.7606,12.274506,9.104493,9.979716,14.51294,13.372608,11.87184,15.755526,17.857246,17.19147,17.060457,20.95183,23.262728,23.177843,20.132494,23.022867,24.947706,23.105772,21.168777,19.30297,15.048897,14.902909,19.78233,18.681087,13.057952,16.069897,18.090338,20.047222,15.679934,12.619646,15.899631,14.233845,10.029872,14.256607,12.290015,14.716051,9.907261,14.939136,12.677091,17.110132,16.215797,13.369334,17.414394,15.285215,17.873833,19.69429,15.641884,15.489553,13.405109,15.989705,14.449526,16.354336,19.485872,21.23992,25.129656,27.32914,29.94692,27.899324,30.968674,25.003939,26.675417,21.314629,22.733837,20.584843,20.186703,20.586908,18.221064,19.949493,20.902695,21.447252,19.873507,20.828396,16.806377,19.905964,17.477741,21.885143
31,41.486916,39.012074,34.850838,33.032707,30.178835,26.408943,23.946577,21.805597,20.439472,20.153687,16.476849,14.571236,11.873197,9.672706,16.15621,11.665377,14.707139,15.487738,17.815184,20.218903,21.493513,24.951904,26.298296,23.225012,23.797375,20.909134,18.19612,14.376535,11.635455,8.793325,7.5991225,0.0,5.882046,7.3334703,9.12313,10.530738,13.205085,10.813573,10.249998,13.217236,15.257392,13.147443,14.40934,18.257671,18.243643,18.203487,20.150993,23.083279,24.269363,23.173246,19.358646,24.202366,24.039822,21.140223,19.93952,18.586609,14.163443,14.110225,17.331406,14.862084,9.124359,12.671424,13.494689,14.133917,9.065978,6.6128535,11.172076,10.3907175,8.409381,13.867945,13.113326,17.327688,14.637291,19.744362,18.94542,23.147186,22.813381,20.664274,24.471247,22.72418,24.930805,26.361156,22.604235,22.571594,20.792707,22.626156,21.401981,22.11726,25.279413,26.368988,30.368351,32.551735,35.063805,32.07828,35.218037,29.2636,31.69232,26.653488,28.945995,26.923494,27.154276,27.743868,25.695671,27.352642,28.136969,28.88077,27.449043,28.110785,24.264671,26.952566,24.04297,28.174526
32,39.09145,36.279858,32.34872,30.190388,27.118828,24.187946,20.945244,18.156958,17.336912,15.87607,12.68667,9.964564,8.66908,8.274051,15.85633,13.192932,17.149117,18.232012,21.884762,23.82741,25.851715,29.269075,31.21008,27.541939,27.515295,24.670542,21.212732,18.151552,14.445554,13.083545,8.227882,5.882046,0.0,4.979366,8.183778,9.258818,12.0281,11.665511,12.164278,14.001067,16.254051,16.548141,17.107183,20.04225,20.808485,22.11139,23.131247,25.499075,27.577696,26.22208,23.370945,28.230335,28.678362,25.93767,25.15121,23.999666,19.341822,19.582815,23.152103,20.441814,14.912754,18.439548,18.934916,19.327053,14.197235,11.518419,14.5998745,12.289261,11.325432,16.294193,13.387811,17.42667,14.160274,18.394949,17.988682,21.284967,20.563519,18.952063,21.733501,21.0179,22.55289,24.0309,20.984312,22.003332,20.677568,23.53562,22.518738,24.54079,27.680098,29.264822,33.240902,35.338734,38.040207,35.72926,38.868336,32.860584,34.754906,29.418383,30.941324,28.625402,28.183105,27.75994,25.528873,26.361725,26.566406,26.949654,26.107086,26.08954,23.336618,25.92917,23.596897,27.97144
33,36.900234,34.437214,30.116623,28.733782,25.475927,22.170914,19.150278,17.45808,17.642242,16.558886,13.951949,11.925128,10.567794,10.082421,17.090982,14.709947,18.194159,20.300337,22.859858,25.868336,27.82168,31.107992,32.868767,30.084578,30.427176,27.70745,24.33755,20.977259,17.506557,15.6984,11.188493,7.3334703,4.979366,0.0,5.6123548,9.086008,9.943286,8.449805,11.031795,13.251923,13.7126255,14.885398,16.52037,18.593708,18.467285,21.110718,22.683298,23.844044,25.739685,23.680222,21.333153,27.131714,26.952497,24.000761,24.213156,23.963264,19.041626,20.342295,23.275461,19.311943,14.783257,19.39449,20.023455,19.628178,14.279863,12.965864,17.109531,15.641335,14.9913,20.300762,18.08626,22.2509,18.835312,23.218233,22.37314,25.77991,24.6757,22.50696,24.77172,23.563374,24.579481,25.298498,22.5216,23.553616,22.894644,24.996098,25.133583,26.604977,30.19683,31.893476,35.705463,38.12319,40.49278,37.890236,40.6531,34.456173,36.456924,31.145176,33.120773,30.386124,30.64733,29.489336,28.022074,28.358526,28.316475,29.395588,28.805431,29.604467,26.788742,29.900124,27.813477,32.293083
34,32.612415,30.283403,25.933949,24.564274,21.582146,17.644142,15.292529,14.162864,13.935952,14.296126,11.531854,11.03985,8.515188,7.428733,12.805764,11.225517,14.285699,17.36068,19.662409,23.165947,25.70232,28.674799,31.005495,28.763086,28.956886,26.664719,22.786669,19.867142,16.228365,15.364345,9.8884735,9.12313,8.183778,5.6123548,0.0,4.7107024,4.5893235,4.1422596,6.4326096,7.9913216,8.435858,10.922205,11.919241,13.267992,13.75064,17.063107,17.973005,18.690224,21.127197,19.253225,17.661762,22.963787,23.670135,21.298107,21.693192,21.8489,16.750425,18.960028,22.442358,18.465977,14.493651,19.818419,21.558516,21.762619,16.56676,15.416713,20.245388,19.077822,16.874964,22.156748,20.185772,23.651129,19.174274,23.72955,21.702003,25.402952,23.712349,20.572226,22.57048,20.421753,21.228329,21.37198,18.514326,19.274979,19.191305,20.609285,21.89212,23.15592,27.116016,29.186033,32.681335,35.407734,37.430214,35.026886,37.332775,31.022966,32.73064,27.39287,29.423075,26.267923,27.042278,25.167084,24.428537,24.405994,24.334469,26.110638,25.57809,27.533937,24.40942,28.218994,26.595606,31.183863
35,31.423553,28.795612,24.899141,22.700281,20.081928,16.357084,14.111682,12.071773,10.454535,11.553422,8.138976,8.57095,5.078276,3.721765,8.290723,7.8560066,11.326872,14.342134,17.756268,20.561512,23.74762,26.581259,29.573652,26.908062,26.591717,24.548532,20.096708,17.936256,13.87555,14.37645,7.4922385,10.530738,9.258818,9.086008,4.7107024,0.0,4.448557,7.3438535,6.0636225,5.58722,8.93418,11.463645,10.418078,11.956395,14.156095,16.553331,16.13069,17.716513,20.860228,19.851116,18.46726,22.349125,24.332047,22.58004,22.228863,21.857145,16.951275,18.801313,23.150534,20.220156,15.831921,20.6339,22.844965,23.854767,18.869864,16.965328,21.350584,19.806957,16.629227,21.421265,19.064344,21.709297,16.516384,20.802944,18.118517,21.770433,19.765856,16.238052,18.189438,15.746859,16.696768,17.051472,13.917432,14.698596,14.621547,16.455858,17.754745,19.656212,23.542082,25.930328,29.319841,32.00661,34.083508,32.207165,34.498085,28.249254,29.53108,24.060745,25.56822,22.350658,22.76827,20.684309,19.822132,19.741411,19.741535,21.45797,20.875353,23.06784,19.922403,23.94586,22.6671,27.288774
