,0,1,2,3,4,5,6,7,8,9,10,11,12,13,14,15,16,17,18,19,20,21,22,23,24,25,26,27,28,29,30,31,32,33,34,35,36,37,38,39,40,41,42,43,44,45,46,47,48,49,50,51,52,53,54,55,56,57,58,59,60,61,62,63,64,65,66,67,68,69,70,71,72,73,74,75,76,77,78,79,80,81,82,83,84,85,86,87,88,89,90,91,92,93,94,95,96,97,98,99,100,101,102,103,104,105,106,107,108,109,110
0,0.0,3.9975846,7.4878097,9.909288,12.633288,15.088393,17.574293,21.104172,23.86009,25.940744,29.644627,30.104038,30.314642,26.475592,27.54837,28.01906,26.700056,29.227015,26.601149,31.23635,30.165628,30.101007,33.030693,35.086372,34.869728,33.4563,35.28648,36.251034,35.755554,38.998684,35.513332,42.290752,38.775124,41.03624,38.33088,34.558487,33.871685,35.501736,32.24727,29.711525,29.931892,30.229485,27.66619,24.511927,26.532677,25.875795,20.127192,20.188648,21.95179,24.38012,27.918236,22.821547,26.64407,29.727644,29.720366,31.783339,30.152863,33.989418,35.653156,32.898613,34.307766,38.50583,41.596035,42.818325,38.62735,37.572678,42.623783,42.626465,37.731594,39.90364,42.958733,41.357384,37.059223,40.310986,36.01309,37.800266,34.177567,30.425055,28.80902,24.607388,21.693966,17.9924,18.395012,22.30943,26.189667,26.142834,31.056355,34.210693,37.663033,40.887894,43.213413,42.613926,47.336163,45.664627,49.381416,51.594406,52.671284,50.493565,51.01033,49.068993,44.722,40.597393,40.46597,39.095768,35.696133,37.17787,31.96475,35.80369,34.565678,35.445095,36.289997
1,3.9975846,0.0,5.1957307,6.1326294,8.901901,12.086816,13.811117,17.82533,20.265429,22.513422,26.146627,26.621655,26.594385,22.715366,23.583298,24.06293,22.721605,25.338379,22.82066,27.581987,26.785286,26.82758,30.043251,31.633724,31.27435,29.711002,31.477879,32.321335,31.838932,35.022034,31.650747,38.448395,35.023525,37.43058,34.714226,30.812624,30.280857,32.131638,28.756075,26.06906,26.623055,27.097054,24.24935,21.142351,23.619926,23.032513,16.870417,17.298843,19.64312,22.033207,25.378532,20.466734,24.792925,27.576866,27.441338,29.225739,27.199034,31.039503,33.064655,30.187862,31.043566,35.452915,38.37616,39.81896,35.575775,34.239193,39.212017,39.0385,34.13752,36.522198,39.37738,37.622135,33.418945,36.817352,32.609566,34.594482,31.002806,27.251656,25.794397,21.602293,18.554026,15.105544,14.82533,18.719416,22.589865,22.668694,27.454855,30.813095,34.110813,37.459946,39.64267,38.875565,43.595135,41.810333,45.493237,47.689026,48.713425,46.521,47.10935,45.14148,40.77999,36.682053,36.6862,35.42603,31.949905,33.324306,28.11718,31.828556,30.651627,31.501228,32.45196
2,7.4878097,5.1957307,0.0,5.433437,6.5149956,7.991842,11.1421585,13.789049,17.020594,18.703459,22.479038,22.941381,23.572048,19.850235,22.149498,22.42716,22.041441,24.678293,23.42991,28.096848,28.027456,28.598303,32.00918,32.71359,32.203648,30.346397,31.41001,31.82478,30.763735,33.714752,29.677647,36.154697,32.04492,34.269455,32.002007,28.284472,27.111507,28.963463,26.216349,23.526836,23.259968,24.597473,22.208141,18.32133,20.464804,21.333382,15.415951,14.439722,17.244543,18.778616,22.841942,19.29459,22.907797,25.24308,26.044939,28.32808,25.94734,30.09364,31.768644,28.021395,29.298851,33.63738,36.575283,37.70268,33.083805,31.898228,37.12035,36.906498,32.28488,35.20648,38.00183,36.135136,32.341198,36.314137,31.930979,34.563328,31.1934,26.992514,26.546572,21.754663,19.320814,16.615156,15.432586,18.854216,21.984413,23.235418,27.032072,31.217361,34.207214,37.755592,39.62993,38.53169,43.291878,41.020004,44.5213,47.076744,47.93576,45.75138,46.921707,44.64928,40.13167,36.39653,37.10524,36.299156,32.495476,33.367992,27.885067,30.871862,29.306673,29.625128,30.130219
3,9.909288,6.1326294,5.433437,0.0,3.8013291,7.2322493,8.203631,12.587019,14.364715,17.123133,20.486979,21.33447,21.178942,17.252274,18.39023,18.231794,17.348677,19.75617,18.20524,22.753555,22.594336,23.208567,26.63937,27.294783,26.851934,25.153633,26.271936,26.976475,26.103497,29.333155,25.612768,32.382904,29.060587,31.370174,28.58713,24.69443,24.238369,26.121683,22.68276,19.939415,20.697824,21.327646,18.30326,15.1628,18.076172,17.795965,11.272,11.936583,15.087879,17.263796,20.321217,16.094772,20.805595,23.024153,22.93635,24.511246,21.924923,25.855526,28.1441,24.92138,25.291885,29.870008,32.63838,34.204033,29.851812,28.294285,33.25496,32.974842,28.126371,30.805103,33.52023,31.67693,27.63902,31.37012,27.130667,29.578276,26.140701,22.163914,21.43179,16.936832,14.173757,11.63837,10.038344,13.56743,17.010056,17.880169,21.984741,25.939903,28.979555,32.50234,34.445095,33.463966,38.22078,36.191032,39.813248,42.25667,43.309464,41.273388,42.221752,40.300396,35.895515,31.933855,32.477806,31.555054,27.968859,28.92039,23.8566,26.747623,25.780502,26.147783,27.28514
4,12.633288,8.901901,6.5149956,3.8013291,0.0,5.5180383,4.947886,9.406086,11.590502,13.763858,17.342346,17.82881,17.774197,13.896078,15.694613,16.018806,15.644597,18.518703,17.64518,22.470985,23.029871,23.787306,27.648846,27.394995,26.580597,24.425022,25.351448,25.472015,24.476322,27.270218,23.556875,30.111633,26.246744,28.866072,26.548828,22.484804,21.738375,24.17141,21.110184,18.018667,18.688671,20.454557,17.370268,13.6883545,17.053576,18.030355,11.463367,11.531485,15.593383,16.929161,20.227167,17.286938,21.760735,23.369476,23.756567,25.289299,22.140192,26.134642,28.585918,24.770401,24.687744,29.443935,31.96142,33.598938,28.966753,27.121618,32.092148,31.471376,26.840258,30.196592,32.510414,30.301786,26.737955,30.96231,26.871122,29.842606,26.609806,22.581825,22.468952,18.01127,15.485338,13.795285,10.926888,13.833313,16.700827,18.260744,21.589306,26.115286,28.704693,32.452682,34.01485,32.579803,37.29205,34.823986,38.253227,40.719486,41.47183,39.24877,40.50901,38.207554,33.68506,30.006948,30.968254,30.388859,26.494259,27.127226,21.729012,24.395208,22.980286,23.246334,24.029398
5,15.088393,12.086816,7.991842,7.2322493,5.5180383,0.0,6.212213,6.6966424,9.665512,11.760413,15.141473,16.36194,17.386084,13.860606,17.569374,16.615118,17.586987,19.597548,20.393393,24.267174,25.175385,26.60204,30.004349,29.41409,28.864262,26.914238,26.73438,26.846718,24.9351,27.819191,22.88364,29.013338,24.732843,26.529463,24.381794,20.960903,19.40796,21.080982,18.735304,16.16431,15.336093,17.364113,15.3350115,10.837328,13.010976,15.422715,10.107108,7.761178,11.802544,12.244683,16.366396,14.878306,18.121801,19.407595,20.848505,23.162779,20.113392,24.400394,26.008223,21.433643,22.556301,26.873304,29.651592,30.653742,25.75834,24.523571,29.851738,29.594784,25.27476,28.692436,31.34424,29.453726,26.130886,30.64651,26.199677,29.581913,26.638412,22.097164,23.077084,17.93707,16.583899,15.537992,13.119848,15.183078,16.878311,19.693703,21.8289,26.905931,29.38559,33.060547,34.514603,33.12346,37.84939,35.152805,38.45417,41.503483,42.38535,40.503853,42.347805,40.123505,35.59418,32.267574,33.896896,33.666004,29.799732,29.93134,24.815022,26.216679,24.853342,24.15532,24.680016
6,17.574293,13.811117,11.1421585,8.203631,4.947886,6.212213,0.0,5.95804,7.019455,9.360055,12.684106,13.279874,12.989737,9.085023,11.575089,11.607095,12.117788,15.01686,15.49735,20.036806,21.482836,22.65972,26.72906,25.330843,24.255611,21.80237,22.096163,21.722382,20.38158,22.88026,18.995619,25.368689,21.327978,24.13205,22.042227,17.838554,17.072372,19.988132,17.108902,13.712019,14.722996,17.383705,14.129429,10.349151,14.442707,16.345901,10.239092,10.319282,15.095996,15.649333,18.452978,16.983109,21.33763,22.092405,22.639496,23.80966,20.031488,23.903183,26.655169,22.453766,21.518867,26.434954,28.583107,30.40658,25.646513,23.392435,28.225891,27.272497,22.864157,26.826242,28.69911,26.19369,23.123209,27.799334,23.92524,27.445475,24.548729,20.566156,21.300413,17.077597,15.123853,14.773694,10.771471,12.356074,14.129074,16.62248,18.701946,23.825132,25.851814,29.76732,30.898315,29.054771,33.69413,30.831005,34.07594,36.687305,37.28812,35.08789,36.749596,34.312473,29.74594,26.375357,27.957104,27.827398,23.805828,23.907406,18.631742,20.35973,18.91065,18.682438,19.459862
7,21.104172,17.82533,13.789049,12.587019,9.406086,6.6966424,5.95804,0.0,4.8852544,5.1137524,8.786012,9.702042,11.225814,8.271767,13.80445,13.091774,15.388603,17.578356,19.864382,23.543297,25.579102,27.266352,31.079493,29.02225,27.974466,25.492731,24.714123,23.866825,21.612846,23.63315,18.652542,24.082674,18.912146,21.157341,19.934103,16.382833,14.216591,16.97925,15.563037,12.525599,11.496295,15.902862,13.961976,9.137092,12.057323,16.49851,12.203764,9.859652,14.563309,13.427075,16.955456,17.873114,20.6922,20.64392,22.52055,24.340586,20.44925,24.46134,26.427452,21.16735,21.068214,25.517138,27.640753,28.838547,23.648067,21.804033,26.89293,25.987488,22.265522,26.80138,28.598392,26.133379,23.855194,29.051641,25.088688,29.23427,26.812422,22.507141,24.457699,19.87504,19.007608,19.221432,15.550253,16.292076,16.636078,20.369879,20.86326,26.60044,28.169376,32.05703,32.79532,30.689333,35.189137,31.80294,34.6763,37.80157,38.227467,36.194736,38.63339,35.947266,31.372105,28.700363,31.13954,31.553007,27.459667,26.902662,21.820839,22.141497,20.289265,18.984035,18.923843
8,23.86009,20.265429,17.020594,14.364715,11.590502,9.665512,7.019455,4.8852544,0.0,4.793098,6.4752126,8.676917,9.013974,6.171241,11.021985,8.830332,11.848878,13.303959,16.678299,19.590675,22.064077,24.08758,27.751303,25.086784,24.064737,21.70502,20.311155,19.486017,16.9082,19.129726,13.863811,19.577925,15.11852,17.351858,15.550011,11.735736,10.225588,13.221095,11.160908,7.802362,8.124865,12.416267,9.946267,5.91829,9.994937,13.906863,10.357801,9.354469,13.945808,12.977117,14.990361,16.377356,19.582094,18.993576,20.226511,21.299784,17.009144,20.68645,23.168463,18.19116,16.878365,21.554907,23.361197,24.975113,19.953848,17.580187,22.44687,21.372856,17.53543,22.233944,23.805706,21.265123,19.063486,24.361376,20.594433,24.93234,22.7573,18.68977,21.09675,17.038153,16.650537,17.868721,13.872547,13.449939,12.782241,16.982895,16.50835,22.413637,23.65131,27.537819,28.09497,25.919525,30.388746,26.99563,29.900072,33.145264,33.75401,31.975521,34.488895,32.144836,27.68802,25.023209,27.706018,28.270313,24.439356,23.607656,19.251726,18.592905,17.489916,15.65956,16.356613
9,25.940744,22.513422,18.703459,17.123133,13.763858,11.760413,9.360055,5.1137524,4.793098,0.0,4.127557,4.6853485,6.7821465,5.26754,12.027966,11.431667,14.733391,16.75153,20.14187,23.354246,26.154879,28.001001,31.950071,28.850058,27.478058,24.712696,23.412615,21.813282,19.327215,20.497974,15.679925,20.253084,14.399602,17.123516,16.790327,13.245492,10.676191,14.5107,13.991292,10.833486,10.031802,15.895626,14.148558,10.143702,13.166407,18.256697,15.008126,13.192303,17.68683,15.913145,18.509972,20.746935,23.300402,22.407757,24.325264,25.624895,21.320461,24.876797,27.109573,21.695915,20.485168,24.85558,26.331959,27.7315,22.550867,20.192648,24.810999,23.338999,20.266508,25.5474,26.548668,23.658817,22.360586,27.900234,24.49614,29.063246,27.127563,23.221033,25.76339,21.826347,21.336437,22.34205,18.193127,17.984154,17.305613,21.415113,20.609217,26.553862,27.345484,31.272118,31.42241,28.798674,33.005516,29.129816,31.594398,34.7458,34.815964,32.722107,35.63414,32.661438,28.141058,26.092766,29.181377,30.119724,26.016392,24.869547,20.157053,19.32205,17.218998,15.240762,14.690203
10,29.644627,26.146627,22.479038,20.486979,17.342346,15.141473,12.684106,8.786012,6.4752126,4.127557,0.0,3.9280157,5.9505467,6.483228,12.566642,10.9719,15.059192,16.201248,20.71047,22.992395,26.238708,28.396084,32.09727,28.353975,26.99771,24.350533,22.251457,20.393465,17.394184,18.172472,12.944109,16.656134,10.52509,13.049587,13.199418,10.084469,6.993235,11.294151,11.655886,8.960588,8.073551,14.537607,13.336222,10.38448,12.908351,18.237236,16.317259,14.74125,18.731943,16.554995,18.187067,21.537054,23.657482,22.07837,24.010439,24.952213,20.520416,23.63816,25.849174,20.413927,18.583857,22.65003,23.678247,25.090815,20.012783,17.43857,21.689428,19.98593,17.512535,23.145702,23.71274,20.762587,20.21143,25.886028,22.838114,27.671486,26.219444,22.594173,25.769848,22.282984,22.401104,24.081099,19.959473,18.930187,17.247097,21.740433,19.702208,25.69808,25.94064,29.74053,29.502066,26.68771,30.649088,26.523813,28.698591,32.111107,32.159492,30.33993,33.67738,30.840788,26.507975,24.928932,28.53161,29.818907,25.976183,24.364416,20.46142,18.273191,16.610474,13.710309,13.22932
11,30.104038,26.621655,22.941381,21.33447,17.82881,16.36194,13.279874,9.702042,8.676917,4.6853485,3.9280157,0.0,4.1450677,5.836442,12.088811,12.283839,15.902904,17.909908,21.745218,24.691492,28.013678,29.813656,33.91576,30.035618,28.32126,25.273323,23.78495,21.41586,19.025394,19.072926,15.065273,18.359089,11.750843,15.25154,16.168182,12.834193,10.1952305,14.9194975,15.311754,12.349367,11.998233,18.3828,16.80825,13.697183,16.561775,21.736437,19.002232,17.565704,21.89301,19.857267,21.9015,24.750902,27.163107,25.80702,27.698807,28.596687,24.11013,27.214357,29.653679,24.304045,22.21936,26.396152,27.233274,28.813488,23.818247,21.065073,25.000269,22.93767,20.647879,26.443903,26.592958,23.285265,23.004272,28.66148,25.906057,30.665123,29.1264,25.685175,28.455929,25.109213,24.716227,26.084627,21.667728,21.002125,19.834223,23.881903,22.286255,28.14328,28.245634,32.14597,31.751152,28.638268,32.45527,28.145782,30.114758,33.106304,32.68111,30.395815,33.70825,30.311468,25.885756,24.571205,28.174417,29.593533,25.49707,23.857418,19.49224,17.792318,15.212046,12.788062,11.285072
12,30.314642,26.594385,23.572048,21.178942,17.774197,17.386084,12.989737,11.225814,9.013974,6.7821465,5.9505467,4.1450677,0.0,3.9511635,8.427882,9.323864,12.6759815,14.939545,18.592728,21.59018,25.099598,26.720034,30.995104,26.80194,24.84757,21.61387,20.409472,17.759947,15.857778,15.649859,12.699906,16.482752,10.726779,15.17236,15.540627,11.488276,10.280007,15.503174,14.925781,11.589709,13.050681,18.627138,16.251114,13.999293,17.699886,21.737467,18.636759,18.349405,22.800283,21.398659,22.790276,24.891888,28.048573,26.822151,27.929752,28.186676,23.552011,26.335876,29.437101,24.699486,21.50074,26.002008,26.537937,28.71872,24.055372,20.722805,24.222076,21.80684,19.263767,25.059446,24.807478,21.172821,20.873049,26.391758,24.04159,28.635386,27.09671,24.116098,26.53669,23.821886,23.169376,24.775532,20.106615,19.135286,17.986786,21.560675,19.982328,25.564417,25.43852,29.390583,28.886896,25.60135,29.372477,25.104248,27.153759,29.791508,29.298048,26.811165,29.872309,26.457584,21.957077,20.479841,24.039505,25.498795,21.420916,19.720123,15.493627,13.682045,11.147006,8.856093,7.9116774
13,26.475592,22.715366,19.850235,17.252274,13.896078,13.860606,9.085023,8.271767,6.171241,5.26754,6.483228,5.836442,3.9511635,0.0,6.878505,7.712588,10.539638,13.321976,16.239923,19.853617,22.910833,24.430285,28.765083,25.25046,23.47981,20.354553,19.633072,17.639267,15.915098,16.75911,13.3948965,18.499775,13.469951,17.390919,16.689844,12.249989,11.311063,16.00057,14.410903,10.667197,12.367873,17.297567,14.395914,11.630639,15.849167,19.35691,15.396033,15.340025,20.019594,19.124733,20.841387,22.006126,25.61445,24.895351,25.77429,26.19913,21.659735,24.79436,27.951664,23.33317,20.570782,25.388012,26.4208,28.606155,23.840387,20.689898,24.703573,22.70736,19.371485,24.726875,25.139511,21.771513,20.472713,25.862274,23.007969,27.370354,25.3888,22.096869,24.075693,20.989716,19.97582,21.224178,16.554344,16.041567,15.569161,18.965694,18.364565,23.98208,24.492071,28.535799,28.536688,25.643446,29.78479,25.941093,28.471771,31.093529,30.987743,28.559258,31.111856,28.016043,23.411499,21.147936,24.079468,25.033371,20.849833,19.718685,14.904067,14.382876,12.1982355,10.805621,10.840481
14,27.54837,23.583298,22.149498,18.39023,15.694613,17.569374,11.575089,13.80445,11.021985,12.027966,12.566642,12.088811,8.427882,6.878505,0.0,5.6141553,5.6613393,9.586263,11.025216,15.128917,18.303568,19.25895,23.99478,20.13229,17.874426,14.335637,14.797035,12.598535,12.508321,13.277068,12.624242,18.263645,15.486411,19.933392,18.401115,13.568224,14.796594,19.32993,16.458673,12.80815,16.646944,19.768654,15.843496,14.866571,19.698532,21.017921,16.64135,18.588163,23.005777,23.177418,23.863111,23.56552,28.249437,27.849216,27.401855,26.750017,22.271362,24.70839,28.863028,25.521276,21.242476,26.332375,26.918955,29.966578,25.947598,22.172773,25.305094,22.973328,19.28834,24.073603,23.929985,20.28666,18.681532,23.372667,21.318663,25.022953,22.96376,20.703815,21.645042,19.95285,18.305365,19.826881,14.983307,14.029417,14.017826,15.82963,15.837217,20.46922,20.734133,24.779793,24.757643,21.7753,25.810984,22.396412,25.158428,26.940735,26.844185,24.107328,25.796307,22.889555,18.266718,15.215408,17.51858,18.245844,14.020373,13.176471,8.291269,8.913718,7.588255,8.086436,10.093576
15,28.01906,24.06293,22.42716,18.231794,16.018806,16.615118,11.607095,13.091774,8.830332,11.431667,10.9719,12.283839,9.323864,7.712588,5.6141553,0.0,4.504099,5.696531,10.089719,12.415128,15.866205,17.777502,21.776655,17.780169,16.187048,13.459672,12.085742,10.7763195,8.994844,11.32461,8.331842,14.985494,13.106325,16.484192,13.866581,9.0855055,11.002006,14.702904,11.170429,7.741511,12.396984,14.531254,10.58918,10.7234125,15.349014,16.189604,13.063242,15.274407,19.13848,19.293468,19.088081,19.355402,23.756495,23.009724,22.367905,21.510246,16.946217,19.26987,23.377542,20.1585,15.628871,20.726175,21.42483,24.441908,20.51048,16.755238,20.079365,18.11369,14.01543,18.702152,19.03844,15.755107,13.65851,18.671995,16.153545,20.218859,18.32257,15.767072,17.609568,15.799697,15.138502,17.535141,13.041338,10.933051,9.431593,12.482644,11.101992,16.46388,16.827333,20.891254,21.023836,18.371159,22.752222,19.44946,22.54134,25.166574,25.808594,23.923498,25.952618,23.97063,19.63421,16.562572,19.202248,19.88844,16.414595,15.346026,12.257794,10.681848,11.233979,9.7649765,12.498561
16,26.700056,22.721605,22.041441,17.348677,15.644597,17.586987,12.117788,15.388603,11.848878,14.733391,15.059192,15.902904,12.6759815,10.539638,5.6613393,4.504099,0.0,4.678256,5.933426,9.761173,12.7783375,14.074024,18.570017,15.008571,13.177587,10.202782,10.564818,9.902155,9.913711,12.547994,11.575419,18.18661,17.213243,20.697357,17.779627,13.172566,15.461089,18.83195,14.752575,11.605817,16.348593,17.421766,12.998091,13.452375,18.25586,17.67952,13.624947,16.918041,20.668795,21.663069,21.408363,20.095663,25.282803,25.145819,23.73777,22.487646,18.267519,20.36538,24.91799,22.548204,17.880579,23.045355,23.807047,27.129599,23.617699,19.903488,22.909525,21.0724,16.677626,20.43392,20.842867,17.73231,14.932314,19.03915,16.793676,19.99788,17.669334,15.679658,16.141161,15.062955,13.4557905,15.55891,11.045005,9.2066555,9.181985,10.273014,10.806534,15.0976,15.905298,19.951382,20.49174,18.161308,22.576998,19.956259,23.335907,25.269218,26.033674,23.944822,25.053326,23.31864,19.060516,15.159435,16.69635,16.745655,13.279848,13.032923,9.833765,10.266217,11.369539,11.527849,14.650559
17,29.227015,25.338379,24.678293,19.75617,18.518703,19.597548,15.01686,17.578356,13.303959,16.75153,16.201248,17.909908,14.939545,13.321976,9.586263,5.696531,4.678256,0.0,6.5433645,6.824501,10.509882,12.784597,16.373196,12.19529,10.956886,9.008842,7.213811,7.763453,6.741714,10.769188,9.202815,15.894773,16.51069,19.065117,15.314038,11.352879,14.54908,16.892859,12.351285,10.183595,15.450848,15.068292,10.826085,13.032367,17.221403,15.631278,13.290567,16.984295,19.902863,20.979101,19.566364,18.62575,23.550964,23.056501,21.097254,19.171658,15.032535,16.450968,21.288843,19.63199,14.1466875,19.13518,19.666674,23.247526,20.280397,16.479425,19.00866,17.404432,12.811901,15.986209,16.49156,13.732559,10.409084,14.382686,12.206306,15.495427,13.474661,11.906517,13.052457,12.823968,12.350115,15.501542,11.799026,8.54883,6.5136404,8.042786,6.4143863,10.9955015,11.575329,15.656729,16.237318,14.183793,18.819456,16.500126,20.16111,22.56858,23.973211,22.635563,23.856205,23.02447,19.205254,15.446667,17.20774,17.331541,14.841556,14.261851,13.001681,11.551396,13.954689,13.11081,16.710382
18,26.601149,22.82066,23.42991,18.20524,17.64518,20.393393,15.49735,19.864382,16.678299,20.14187,20.71047,21.745218,18.592728,16.239923,11.025216,10.089719,5.933426,6.5433645,0.0,6.1684484,7.7471848,8.314954,13.140902,10.628576,9.0933,6.9568725,9.390754,10.704485,12.125425,15.402245,15.570858,22.023975,22.411036,25.437702,21.839588,17.720442,20.523718,23.068644,18.361372,15.902087,20.759914,20.124681,15.587189,16.978897,21.445293,18.875874,14.886944,19.335741,22.314524,24.289139,23.453152,20.460112,26.257952,26.720491,24.19298,22.266623,18.797062,20.27935,25.208414,24.22525,19.477177,24.388763,25.230951,28.819874,26.056747,22.56866,25.093262,23.693037,19.030489,21.225897,21.967201,19.523432,15.801859,18.328806,16.439922,18.21067,15.464038,14.510316,13.098723,13.548037,11.244654,13.269289,9.867749,8.0300865,9.3946,7.192221,10.22873,12.2876215,13.903545,17.554636,18.858221,17.474867,21.817848,20.474306,24.216751,25.555029,26.880089,25.099224,25.03809,24.283308,20.595142,15.98391,15.837031,14.760544,12.346354,13.339203,11.648449,13.403685,15.512946,16.46346,19.917725
19,31.23635,27.581987,28.096848,22.753555,22.470985,24.267174,20.036806,23.543297,19.590675,23.354246,22.992395,24.691492,21.59018,19.853617,15.128917,12.415128,9.761173,6.824501,6.1684484,0.0,4.416692,6.884962,9.874742,5.514842,5.0594096,5.5342975,5.2717924,8.835688,10.017074,14.002329,14.499914,20.19941,22.482971,24.583414,20.366657,17.238245,20.855598,22.359789,17.522638,16.247137,21.388298,19.304922,15.323591,18.406033,22.089582,18.451246,16.647646,21.304306,23.313753,25.294563,23.119188,20.626123,25.951283,25.958487,22.680416,19.714,16.696234,16.870049,22.153551,22.432808,16.747477,21.016493,21.342407,25.289751,23.539692,20.063547,21.525856,20.400705,15.985994,16.842676,17.414661,15.647477,11.614099,12.78001,11.770447,12.762089,10.562691,11.264428,10.134426,12.716829,12.050298,15.317171,13.186777,9.932901,9.037117,6.3521304,6.7044454,6.5945683,7.871367,11.393867,12.912492,12.2152815,16.587944,16.1214,20.113506,21.67463,23.816204,22.996336,22.831339,23.348818,20.387518,16.088736,16.129683,15.237744,14.36742,14.764949,15.44661,14.973703,18.358227,18.403175,22.336563
20,30.165628,26.785286,28.027456,22.594336,23.029871,25.175385,21.482836,25.579102,22.064077,26.154879,26.238708,28.013678,25.099598,22.910833,18.303568,15.866205,12.7783375,10.509882,7.7471848,4.416692,0.0,3.5470355,5.9120955,5.0560465,6.307299,8.199863,9.371447,13.105802,14.380676,18.401115,18.614662,24.410957,26.618946,28.507294,24.046984,21.041847,24.429632,25.54229,20.481573,19.34552,24.150429,21.30436,17.404999,20.401077,23.831593,19.158129,17.2063,22.25089,23.746346,26.369007,24.167532,20.384235,25.986132,26.597685,22.744644,19.676048,17.47194,17.52766,22.623917,23.680103,18.801636,22.771389,23.50918,27.24798,25.787668,22.796303,24.386736,23.779982,19.221563,19.070526,20.328737,19.229286,14.713367,14.77612,13.529658,13.124572,10.347843,11.493368,8.335383,11.896111,10.760248,13.564946,12.729931,10.130117,10.575627,5.9672008,9.110595,6.949677,9.746074,12.253525,14.727346,15.161593,19.198101,19.623314,23.63361,24.926037,27.325357,26.658567,25.896175,26.797535,24.072582,19.578905,18.70824,17.107801,16.704529,17.822203,18.325888,18.906933,22.07286,22.478037,26.317602
21,30.101007,26.82758,28.598303,23.208567,23.787306,26.60204,22.65972,27.266352,24.08758,28.001001,28.396084,29.813656,26.720034,24.430285,19.25895,17.777502,14.074024,12.784597,8.314954,6.884962,3.5470355,0.0,5.2658706,6.1467505,6.7151995,8.406559,11.3780775,14.666993,16.739899,20.287094,21.264833,27.037827,29.058512,31.35112,27.099503,23.823591,27.149597,28.64796,23.611877,22.1464,26.98339,24.511341,20.439693,22.982834,26.670803,22.118212,19.437742,24.523626,26.239264,29.018238,27.187767,22.926268,28.755068,29.645008,25.8045,22.888222,20.79397,20.980274,26.001192,27.03292,22.294214,26.316216,27.028479,30.792767,29.283005,26.229422,27.806835,27.028368,22.538683,22.539795,23.549097,22.255196,18.008205,17.934458,17.031635,16.355312,13.676722,14.893592,11.204722,14.540788,12.624649,14.5682335,13.864902,12.103279,13.470898,8.629059,12.50465,10.2382145,12.593151,14.722462,17.065722,17.429749,21.095547,21.71976,25.596254,26.274755,28.45203,27.48261,26.12617,26.983257,24.387695,19.696352,17.954878,15.808147,15.719098,17.460642,18.046822,19.651709,22.677158,23.730028,27.507225
22,33.030693,30.043251,32.00918,26.63937,27.648846,30.004349,26.72906,31.079493,27.751303,31.950071,32.09727,33.91576,30.995104,28.765083,23.99478,21.776655,18.570017,16.373196,13.140902,9.874742,5.9120955,5.2658706,0.0,6.692895,9.152455,12.298389,13.898264,17.852911,19.519032,23.301233,24.040428,29.349989,32.19458,33.810284,29.182041,26.57321,30.066265,30.757982,25.695576,24.936604,29.581009,26.017796,22.48818,25.701195,28.726387,23.231314,21.806091,26.949818,27.792778,30.831852,28.292791,23.777866,29.20211,30.156836,25.66554,22.20335,21.093,20.393093,25.159544,27.427448,22.931885,26.15441,26.813099,30.480406,29.809494,27.202099,28.220798,27.985142,23.741217,22.343418,23.686068,23.305117,18.88671,17.282574,16.858303,14.6413355,12.347767,14.837495,10.540032,15.282008,14.330304,16.443954,17.040668,15.070913,15.84254,10.997798,14.059857,9.722311,12.370964,13.097458,16.1313,17.785118,20.940222,22.652058,26.49435,27.201988,29.98111,29.734493,28.120487,29.87961,27.824423,23.398096,21.590254,19.437294,20.170881,21.732637,23.02837,23.944803,27.331585,27.99887,31.910685
23,35.086372,31.633724,32.71359,27.294783,27.394995,29.41409,25.330843,29.02225,25.086784,28.850058,28.353975,30.035618,26.80194,25.25046,20.13229,17.780169,15.008571,12.19529,10.628576,5.514842,5.0560465,6.1467505,6.692895,0.0,3.2927275,7.0921063,7.6658263,11.626251,13.659179,17.01979,18.7513,23.459028,26.852486,28.671137,24.374016,21.828457,25.726662,26.830702,22.093792,21.318811,26.424448,23.667276,20.075794,23.585333,26.915531,22.52518,21.374325,26.21876,27.701817,29.961544,27.280552,24.382025,29.570435,29.673418,25.75005,22.140686,19.993607,19.138369,24.390522,25.917181,20.101397,23.560797,23.464426,27.581337,26.800447,23.52434,23.984167,23.05901,19.224277,18.671465,18.867193,17.816755,14.178968,13.055983,13.623696,12.634103,11.172842,13.852684,11.665628,15.967561,15.530908,18.577505,17.493412,14.54217,13.867652,10.28903,10.668644,6.8122897,7.4058604,9.147977,11.104382,11.698763,15.079442,16.255598,20.088934,20.81803,23.457972,23.187258,21.9796,23.6797,21.653278,17.496273,16.434189,15.011122,15.783072,16.561827,18.804146,18.397038,22.283491,22.629723,26.700184
24,34.869728,31.27435,32.203648,26.851934,26.580597,28.864262,24.255611,27.974466,24.064737,27.478058,26.99771,28.32126,24.84757,23.47981,17.874426,16.187048,13.177587,10.956886,9.0933,5.0594096,6.307299,6.7151995,9.152455,3.2927275,0.0,3.991127,6.095826,9.318396,12.177476,14.994208,17.564062,22.25958,25.343414,27.698238,23.790318,20.861359,24.756298,26.484587,21.909367,20.696665,25.98247,24.072948,20.22428,23.326353,27.062256,23.411627,21.62387,26.3141,28.345287,30.348896,28.065819,25.496382,30.813993,30.801943,27.29392,23.969824,21.29167,20.851898,26.183607,27.013508,20.940958,24.771732,24.531063,28.734205,27.544384,23.92599,24.500443,23.082226,19.331472,19.753191,19.41154,17.646383,14.546958,14.385782,14.989104,14.92952,13.493531,15.507221,13.776947,17.306257,16.437592,19.323515,17.467379,14.6466875,14.095241,10.948926,11.21663,8.955436,8.770598,11.15341,12.218527,11.64468,15.040373,15.477604,19.18794,19.598633,21.749044,20.952839,19.730639,20.947865,18.7157,14.389283,13.2592,11.921457,12.52439,13.284292,15.756984,15.495056,19.404495,20.079153,24.136967
25,33.4563,29.711002,30.346397,25.153633,24.425022,26.914238,21.80237,25.492731,21.70502,24.712696,24.350533,25.273323,21.61387,20.354553,14.335637,13.459672,10.202782,9.008842,6.9568725,5.5342975,8.199863,8.406559,12.298389,7.0921063,3.991127,0.0,5.5511947,7.0667624,10.528325,12.8146,15.781119,20.74066,23.01205,25.995245,22.551426,19.082607,22.77542,25.22875,20.855852,19.06085,24.402874,23.532774,19.41997,21.872707,26.03682,23.322657,20.757475,25.152658,27.807367,29.49829,27.790089,25.59181,31.003487,30.90764,27.971748,25.126898,21.86138,22.071106,27.374567,27.269709,21.200113,25.503534,25.313793,29.459766,27.632887,23.741142,24.75441,22.893072,19.101423,20.738417,20.137552,17.604424,14.942148,16.167625,16.294449,17.345776,15.719591,16.713293,15.53488,17.936113,16.62626,19.274483,16.511734,13.942032,13.597702,11.243388,11.5528145,11.351565,11.023936,14.111,14.582486,12.875726,16.46027,15.708433,19.249502,19.670135,21.12076,19.5817,18.772638,18.94331,16.073982,11.45009,10.7107935,9.715547,9.148398,9.790177,11.779835,11.860318,15.567016,16.594837,20.568546
26,35.28648,31.477879,31.41001,26.271936,25.351448,26.73438,22.096163,24.714123,20.311155,23.412615,22.251457,23.78495,20.409472,19.633072,14.797035,12.085742,10.564818,7.213811,9.390754,5.2717924,9.371447,11.3780775,13.898264,7.6658263,6.095826,5.5511947,0.0,4.341741,6.159516,9.421748,11.649996,16.18848,19.472843,21.678267,17.918272,15.154197,19.251389,21.042498,16.872885,15.847172,21.200382,19.892763,16.341013,19.638655,23.234669,20.685652,19.610895,23.645721,25.896576,27.13909,24.743328,23.75661,28.485834,27.759096,24.945335,21.847378,18.458145,18.160429,23.419952,23.377733,16.722876,20.692245,20.100103,24.350801,22.82855,18.849236,19.356962,17.49291,13.937185,15.524812,14.6066475,12.107553,9.645521,11.196462,11.687066,13.477487,12.618901,13.757366,14.21173,16.594994,16.570553,20.042624,17.324049,13.854483,11.685078,10.941335,8.116803,8.619683,6.963001,10.578736,10.455469,8.217216,12.509849,11.232014,15.103518,16.701622,18.695658,17.978792,18.330011,18.909132,16.149418,12.443222,13.588995,13.720211,13.138038,12.401734,14.484697,11.985446,16.078773,15.608698,19.723328
27,36.251034,32.321335,31.82478,26.976475,25.472015,26.846718,21.722382,23.866825,19.486017,21.813282,20.393465,21.41586,17.759947,17.639267,12.598535,10.7763195,9.902155,7.763453,10.704485,8.835688,13.105802,14.666993,17.852911,11.626251,9.318396,7.0667624,4.341741,0.0,4.5226297,5.7878275,9.942157,13.89444,16.754812,19.714815,16.820206,13.729971,17.719553,20.384783,16.883848,15.4041195,20.713644,20.78262,17.286697,19.909883,23.770317,22.500631,21.005093,24.473415,27.301914,28.001171,26.094744,25.898596,30.4505,29.438896,27.30314,24.627571,20.777119,20.891161,25.941162,25.010134,18.291862,22.396042,21.52615,25.68877,23.720413,19.421576,19.925114,17.34166,14.386565,17.358822,15.626303,12.167107,11.280321,13.96378,14.530142,17.132547,16.477392,16.968117,17.971966,19.508226,19.25963,22.495903,19.04591,15.867621,13.702282,13.943032,10.959821,12.797938,10.794953,14.229221,13.217545,9.795128,13.453754,10.736366,14.005259,15.435663,16.520119,15.065136,16.121803,15.678342,12.4128275,9.027471,11.489487,12.576926,11.298979,9.587558,11.841922,8.0061655,12.323244,11.758861,15.891683
28,35.755554,31.838932,30.763735,26.103497,24.476322,24.9351,20.38158,21.612846,16.9082,19.327215,17.394184,19.025394,15.857778,15.915098,12.508321,8.994844,9.913711,6.741714,12.125425,10.017074,14.380676,16.739899,19.519032,13.659179,12.177476,10.528325,6.159516,4.5226297,0.0,4.848804,5.7187943,10.406642,13.348429,15.670821,12.38478,9.534695,13.738269,15.978257,12.639425,11.6118355,16.791641,16.83399,13.80466,16.729246,20.139652,19.378939,18.788633,21.732485,24.340631,24.615149,22.475409,23.275011,27.245134,25.819986,24.089714,21.64283,17.572441,17.804848,22.54645,21.136143,14.376249,18.468578,17.62344,21.619282,19.389013,15.029257,15.807186,13.2227335,10.087941,13.87204,12.359822,8.646733,7.924773,12.0349045,11.87059,15.521973,15.091915,14.833682,17.102354,17.878208,18.38337,21.913673,18.467415,14.987771,11.784607,13.589184,9.052473,12.438336,10.554441,14.184061,13.162852,9.793386,13.88751,10.4752245,13.778928,16.58947,17.914522,17.032396,19.126966,18.597912,15.275471,12.736588,15.855249,17.061901,15.382735,13.51339,14.466089,9.919033,13.4248705,11.42946,15.307536
29,38.998684,35.022034,33.714752,29.333155,27.270218,27.819191,22.88026,23.63315,19.129726,20.497974,18.172472,19.072926,15.649859,16.75911,13.277068,11.32461,12.547994,10.769188,15.402245,14.002329,18.401115,20.287094,23.301233,17.01979,14.994208,12.8146,9.421748,5.7878275,4.848804,0.0,7.1799936,8.844543,12.071391,15.172226,13.394197,10.92852,14.747057,17.72642,15.5669,14.408885,19.121496,20.386316,17.712072,20.009686,23.42586,23.648209,22.854815,25.325903,28.281715,28.096342,26.283386,27.689169,31.426506,29.736551,28.452347,26.156126,22.02177,22.203022,26.706696,24.941534,18.226868,21.908434,20.503298,24.391304,22.224644,17.768093,17.838894,14.515973,12.908155,17.178051,14.494634,10.2941065,11.769598,15.461017,16.16639,19.708273,19.681955,19.63974,21.889172,22.641542,22.933603,26.26031,22.469362,19.287086,16.375565,18.13621,13.899184,16.829832,14.298886,17.435946,15.554974,11.436178,14.277589,9.876431,12.020458,14.344044,14.639676,13.18916,16.114882,14.817256,11.484847,10.243313,14.476677,16.561945,14.9276705,12.205067,13.953597,7.868671,11.433522,9.1421175,12.837707
30,35.513332,31.650747,29.677647,25.612768,23.556875,22.88364,18.995619,18.652542,13.863811,15.679925,12.944109,15.065273,12.699906,13.3948965,12.624242,8.331842,11.575419,9.202815,15.570858,14.499914,18.614662,21.264833,24.040428,18.7513,17.564062,15.781119,11.649996,9.942157,5.7187943,7.1799936,0.0,7.054549,8.294888,10.263348,7.1788516,3.9771,8.231706,10.731633,8.493273,7.7068057,12.146557,13.556336,11.471076,13.766509,16.594608,17.639837,17.731745,19.385391,22.066994,21.40426,19.576931,22.050444,25.088789,23.08588,22.492596,20.891174,16.483898,17.3758,21.239529,18.44991,12.401447,16.405128,15.745476,19.052414,15.917672,11.537623,13.23365,10.445693,7.7292376,13.382138,12.265229,8.5016985,8.936932,14.361282,13.105057,17.786217,17.46152,15.916675,19.39743,18.721292,19.733614,23.127062,19.473005,16.258577,12.5722885,16.158997,11.251467,16.093529,14.7147045,18.180199,17.149965,13.993551,17.745724,13.6854515,16.20435,19.894657,20.82021,20.014254,23.161476,21.939178,18.396534,16.747911,20.56316,22.068613,19.73068,17.593788,17.137321,12.251686,14.223424,10.80909,13.690341
31,42.290752,38.448395,36.154697,32.382904,30.111633,29.013338,25.368689,24.082674,19.577925,20.253084,16.656134,18.359089,16.482752,18.499775,18.263645,14.985494,18.18661,15.894773,22.023975,20.19941,24.410957,27.037827,29.349989,23.459028,22.25958,20.74066,16.18848,13.89444,10.406642,8.844543,7.054549,0.0,7.2632217,7.6042657,7.258208,8.192038,10.9651,12.492289,12.873501,13.402416,16.204323,17.98703,17.31059,19.597862,21.400604,23.156681,24.304922,25.344055,27.646948,26.313736,24.139975,27.88305,29.958069,27.249214,27.083338,25.34759,21.384354,21.409277,24.590132,22.0119,16.076523,18.377293,16.380003,19.35844,17.212833,13.18152,12.493073,8.681868,9.9083605,15.050826,12.032578,8.4234495,12.350696,16.628834,16.929436,21.30683,22.086153,21.327482,25.223465,25.047316,26.490715,30.035273,26.510796,23.210596,19.285809,22.701897,17.116903,20.898142,18.38949,20.94689,18.797012,15.269447,17.412552,12.668349,13.429976,17.599676,18.016388,17.931528,22.227201,21.129768,18.523077,18.663588,23.191038,25.390995,23.651232,20.85807,21.608955,15.473245,17.392967,13.431694,15.391709
32,38.775124,35.023525,32.04492,29.060587,26.246744,24.732843,21.327978,18.912146,15.11852,14.399602,10.52509,11.750843,10.726779,13.469951,15.486411,13.106325,17.213243,16.51069,22.411036,22.482971,26.618946,29.058512,32.19458,26.852486,25.343414,23.01205,19.472843,16.754812,13.348429,12.071391,8.294888,7.2632217,0.0,5.400843,7.7287006,6.783006,6.6000495,10.4228,11.986451,11.244132,12.63042,17.054329,16.380564,16.705675,18.676796,22.405178,22.470129,22.358438,25.398062,23.400976,22.69231,26.866686,28.779657,26.222399,27.214897,26.64974,22.263105,23.644402,26.361933,22.177246,17.80191,20.86582,20.035892,22.16446,18.44866,14.868247,16.524426,13.461164,13.319401,19.371428,17.805878,14.325691,16.500431,21.78721,20.617798,25.499372,25.38292,23.314526,27.153921,25.543121,26.467747,29.364218,25.332111,22.822292,19.578249,23.715836,19.281158,24.358826,22.852165,26.084646,24.580467,21.089075,23.936964,19.17802,20.257725,23.904299,23.651043,22.462284,26.734388,24.310703,20.80672,20.716555,25.33139,27.475897,24.62823,21.97875,20.695929,15.500664,15.441432,11.0839,11.401679
33,41.03624,37.43058,34.269455,31.370174,28.866072,26.529463,24.13205,21.157341,17.351858,17.123516,13.049587,15.25154,15.17236,17.390919,19.933392,16.484192,20.697357,19.065117,25.437702,24.583414,28.507294,31.35112,33.810284,28.671137,27.698238,25.995245,21.678267,19.714815,15.670821,15.172226,10.263348,7.6042657,5.400843,0.0,5.2568574,7.89593,7.1697755,7.827342,11.129376,12.120224,12.189909,15.636648,16.38894,17.350386,17.921276,21.73516,23.394037,22.842932,24.973413,22.581244,21.151602,26.452072,27.307169,24.166924,25.497383,25.030174,21.099815,22.054462,23.919561,19.751698,16.01717,17.884161,16.802866,18.216795,14.795788,11.894253,13.069021,10.531055,11.817842,17.343254,16.021734,13.564664,16.233652,21.162298,19.949839,24.835884,25.234602,23.156904,27.678085,26.029919,27.737303,30.882374,27.400726,24.634954,20.821459,25.32719,20.186749,25.06782,23.522228,26.284168,24.7688,21.796373,24.383932,19.94009,20.799168,25.143904,25.444242,25.151985,29.58719,27.905064,24.849934,24.808569,29.35157,31.393625,28.910793,26.317987,25.45107,20.122688,20.608093,16.268494,16.801498
34,38.33088,34.714226,32.002007,28.58713,26.548828,24.381794,22.042227,19.934103,15.550011,16.790327,13.199418,16.168182,15.540627,16.689844,18.401115,13.866581,17.779627,15.314038,21.839588,20.366657,24.046984,27.099503,29.182041,24.374016,23.790318,22.551426,17.918272,16.820206,12.38478,13.394197,7.1788516,7.258208,7.7287006,5.2568574,0.0,4.860742,6.2291555,5.3929987,6.777058,8.655316,9.955052,11.479823,12.047104,14.193475,14.866611,17.35976,19.54569,19.710716,21.45177,19.692612,17.432007,22.195484,23.42464,20.443579,21.009193,20.092754,16.143896,16.901762,19.164272,15.505141,10.908512,13.252324,12.427104,14.476793,10.965581,7.250195,9.18718,6.9742885,6.74635,12.456926,11.889439,9.716393,11.390287,16.453049,14.796683,19.732162,20.065554,17.991537,22.633615,21.214157,23.228106,26.622301,23.521736,20.440817,16.297503,20.77988,15.367538,20.197151,18.948776,21.7183,20.627518,18.128437,21.260778,17.340515,19.05388,23.62199,24.707382,24.696733,28.52388,27.519508,24.38721,23.474607,27.533503,29.150928,26.896812,24.660587,23.988298,19.007528,20.295265,16.284142,17.927454
35,34.558487,30.812624,28.284472,24.69443,22.484804,20.960903,17.838554,16.382833,11.735736,13.245492,10.084469,12.834193,11.488276,12.249989,13.568224,9.0855055,13.172566,11.352879,17.720442,17.238245,21.041847,23.823591,26.57321,21.828457,20.861359,19.082607,15.154197,13.729971,9.534695,10.92852,3.9771,8.192038,6.783006,7.89593,4.860742,0.0,4.381871,7.0912933,5.8586183,5.303321,8.577082,11.15625,9.933815,11.457257,13.682822,16.077755,16.594326,17.232775,19.873148,18.577782,17.11258,20.625807,22.980988,20.696718,20.962275,20.118353,15.640781,17.153912,20.245329,16.422173,11.539316,15.420091,15.281994,17.822332,13.8709135,9.87644,12.772848,10.488013,7.99767,14.041584,13.770664,10.698894,10.955749,16.600792,14.487466,19.477251,19.014019,16.600685,20.585089,18.903093,20.173203,23.334463,19.728561,16.858149,13.182823,17.609615,13.0044,18.437271,17.61654,21.021223,20.265038,17.467255,21.205118,17.19576,19.47913,23.462706,24.303833,23.531511,26.94646,25.453505,21.78984,20.29216,24.156502,25.612358,22.924734,20.883492,19.524263,15.1139765,16.124931,12.390453,14.339407
