,0,1,2,3,4,5,6,7,8,9,10,11,12,13,14,15,16,17,18,19,20,21,22,23,24,25,26,27,28,29,30,31,32,33,34,35,36,37,38,39,40,41,42,43,44,45,46,47,48,49,50,51,52,53,54,55,56,57,58,59,60,61,62,63,64,65,66,67,68,69,70,71,72,73,74,75,76,77,78,79,80,81,82,83,84,85,86,87,88,89,90,91,92,93,94,95,96,97,98,99,100,101,102,103,104,105,106,107,108,109,110
0,0.0,4.2735596,6.0050263,9.42443,11.623168,14.107094,16.929466,20.932117,24.293114,26.182007,31.095778,28.614336,26.846897,26.329983,21.35312,21.914715,17.011099,17.69528,15.258608,14.1422415,15.589499,11.575592,17.003786,13.945931,18.396444,20.240429,17.953522,19.830551,21.537352,22.345924,26.06733,25.896214,33.896057,33.99886,37.05863,39.907494,41.30892,39.775333,36.003227,31.838533,34.259922,28.278738,29.572027,25.888105,27.837067,25.360615,23.237001,24.20449,21.84287,24.154833,20.84307,25.345518,24.68991,26.684748,22.766033,26.628696,24.743294,28.451494,31.114716,29.511211,27.138262,29.794548,29.561277,29.561033,33.40504,29.817858,33.58909,33.13309,31.486296,30.262602,24.77675,26.645208,24.607513,28.327158,27.884825,26.684498,30.620897,31.466587,33.702328,36.877174,35.701397,31.869371,32.700623,28.605787,26.56229,24.037006,21.06875,16.659576,14.365274,13.066506,9.46193,11.937255,12.173111,16.516466,18.156992,19.414835,24.7825,25.838734,29.250628,27.547745,26.098164,30.075993,32.688267,34.738735,35.35774,33.310368,35.481567,31.679525,36.078785,34.60276,38.973312
1,4.2735596,0.0,5.2480793,6.4064484,8.498648,12.062667,13.875347,18.817904,21.53345,23.641344,28.31923,25.971718,24.69842,23.824957,19.0325,18.798834,13.951175,13.9578285,11.447185,9.902762,11.402847,7.699558,13.46466,11.368204,15.679211,16.89557,14.670082,15.898546,17.688065,18.191584,22.135809,21.81379,29.87131,30.110056,32.991386,35.96399,37.27696,35.62994,31.949856,27.814003,30.047455,24.034899,25.39664,21.693932,23.821398,21.48767,19.664228,20.946405,19.021523,21.676805,18.83599,23.700844,23.554909,25.822323,21.794762,25.486097,22.84592,26.405056,28.946688,26.813658,24.191875,26.554087,25.962542,25.779406,29.344315,25.720129,29.449692,28.932793,27.40739,26.160208,20.633835,22.607233,20.473948,24.54394,23.953669,23.121346,27.073195,27.835375,30.233986,33.308475,32.345867,28.41915,29.21145,25.078781,22.960838,20.319387,17.547007,12.633924,10.727347,9.47199,6.5434136,10.067117,10.79441,14.968133,16.755648,16.816448,22.715858,23.276192,27.009642,24.901989,23.032402,26.938425,29.944471,32.470383,32.772453,30.483934,32.871346,28.577528,33.018555,31.455816,35.695816
2,6.0050263,5.2480793,0.0,5.1667776,6.56573,8.308575,11.470279,14.943307,18.486734,20.343931,25.264492,22.796707,20.94425,20.676588,15.692039,16.681995,12.263449,13.249341,12.406928,11.518482,14.480512,11.932149,17.783573,16.31315,20.165983,20.729969,17.28054,18.913036,18.754477,19.255945,22.518103,21.895914,29.76253,29.324488,32.840992,35.3154,36.951775,35.82334,31.802338,27.604704,30.705488,25.063263,26.326117,23.684008,25.08083,23.841002,21.714413,23.733273,21.594437,24.495842,22.001522,26.484396,26.917429,28.340557,23.773891,27.154829,24.34075,28.121784,30.003542,28.307821,25.301823,28.690168,27.578966,28.016272,31.040628,28.065674,31.756044,31.342396,30.453424,28.989012,23.392122,24.881207,21.99177,25.657003,24.088242,22.774828,26.259724,26.75929,28.67985,31.845236,30.317999,26.617853,27.417402,23.401379,21.647823,19.183489,16.42285,13.16988,11.118923,11.499113,8.9621525,12.010933,9.928243,15.011265,14.538506,16.338106,21.115564,21.562693,25.37935,24.326834,22.763695,26.001106,28.918604,31.056986,31.021168,28.908966,30.448746,26.621098,30.835476,29.15449,33.583237
3,9.42443,6.4064484,5.1667776,0.0,3.788962,6.2497435,8.625311,13.298372,15.656765,18.368225,22.635351,19.8029,18.576674,17.465918,12.718493,12.549769,7.695151,8.572259,7.3414245,7.5271373,10.837245,9.5958185,15.4822235,15.452117,19.152807,18.9827,16.165543,16.214365,16.18881,15.574827,19.374805,17.669744,25.903572,25.155863,28.617823,31.20209,32.473537,31.266752,27.196026,22.997257,26.282114,20.614773,22.435566,19.978657,21.926733,21.167276,19.824053,22.29566,20.993105,24.228207,22.339926,27.192602,27.970343,29.891153,25.4392,28.625582,25.031263,28.503937,30.240437,27.788334,24.458208,27.2213,25.464502,25.460348,27.707685,24.602905,28.06599,27.273756,26.477169,24.573261,19.027895,20.05055,17.039827,20.508461,19.054443,17.737144,21.395567,22.106339,24.282326,27.49119,26.402828,22.557817,23.872532,19.73887,18.35297,15.179735,13.664013,9.765443,9.24739,10.320006,9.465026,13.345873,12.045447,16.563791,16.041353,16.206308,21.453232,20.942324,25.310507,23.83255,21.579714,24.397995,28.057587,30.909761,30.196476,27.689476,29.23781,24.517164,28.644173,26.512218,30.708584
4,11.623168,8.498648,6.56573,3.788962,0.0,5.362558,5.396594,10.766249,13.091935,15.250013,19.821465,17.719753,16.762238,16.069813,11.550406,11.215104,7.6357317,7.1514006,8.422914,6.946044,11.0496645,10.754812,15.849416,16.361444,19.215366,18.356865,14.559014,15.143414,13.569639,13.417713,16.515648,15.449002,23.26894,22.782804,26.299076,28.755512,30.455809,29.381212,25.373604,21.192076,24.375233,18.971493,20.203222,18.338667,19.476135,19.307407,17.644573,20.576818,19.213236,22.607557,21.20529,25.765036,27.16645,28.588707,23.89144,26.709671,22.760971,26.204582,27.50162,25.164227,21.626106,24.928429,22.908989,23.390055,25.51504,22.976976,26.48309,26.08317,25.856918,24.352283,18.883892,20.287806,16.760347,20.912306,18.27568,17.607018,20.731586,20.783663,22.768328,25.74513,24.305239,20.49618,21.092567,17.016388,15.22307,12.656218,10.228138,7.40832,6.5621023,8.806509,8.847626,12.204181,9.980054,14.18682,12.908715,12.942822,17.877996,17.188429,21.615923,20.328602,18.135508,20.760935,24.380415,27.214878,26.41765,23.934692,25.505365,20.911116,25.118929,23.230824,27.520584
5,14.107094,12.062667,8.308575,6.2497435,5.362558,0.0,5.9418736,7.59748,10.7806425,13.458422,17.738997,14.637545,12.773864,12.3868885,7.4106684,9.18512,6.231759,8.524077,10.565968,11.379409,15.476378,15.387241,20.780458,21.303524,24.464186,23.597847,19.81531,20.087564,17.832293,17.045826,19.65389,17.408548,24.91113,23.158184,27.390882,29.22147,30.862616,30.393574,25.98464,21.881832,26.2502,21.43429,23.067268,22.213312,23.178375,23.911959,22.453865,25.684124,24.382679,27.806898,26.461329,30.881374,32.329247,33.485165,28.624329,31.330982,27.429682,30.922354,31.811865,29.712854,25.987774,29.655603,27.202099,27.851196,29.174349,27.019192,30.241087,29.581448,29.654308,27.587185,22.322502,22.714958,18.91661,21.678123,18.748936,16.96921,19.61391,19.810272,21.224865,24.46306,22.63519,19.178928,20.568214,16.734615,16.14713,13.29131,12.484452,11.655237,11.525256,14.144322,13.90992,17.087254,13.772074,18.300253,15.225285,16.74353,20.271809,19.168236,23.660593,23.456234,21.471464,23.0599,26.738718,29.282824,27.843414,25.48869,25.803225,21.496918,25.133688,22.692154,27.00107
6,16.929466,13.875347,11.470279,8.625311,5.396594,5.9418736,0.0,6.7037964,7.975179,10.084938,14.484396,12.882829,12.508314,12.042633,8.4240055,7.6989746,7.085748,5.7418485,10.30503,9.245332,13.515615,14.798715,18.867527,20.442293,22.448019,20.60687,16.37613,16.50662,12.729912,12.074413,13.923146,12.341525,19.417599,18.378386,22.334274,24.317516,26.363468,25.759954,21.622427,17.55856,21.346378,16.789865,17.733734,17.524347,17.725296,19.207706,17.821838,21.55062,20.662607,24.228727,23.728464,27.88038,30.05979,31.01149,26.182009,28.361029,23.82591,26.969915,27.409842,25.017458,21.076263,24.779287,21.881277,22.812551,23.783758,22.214724,25.370737,25.118418,25.82227,24.303524,19.304258,20.29334,16.088024,20.06371,15.855178,15.573808,17.67952,16.957952,18.499304,21.260738,19.391396,15.736557,15.964309,12.0093,10.541456,8.343791,6.564216,7.4482775,8.041953,11.624541,12.992157,15.628916,12.591067,15.839369,12.797695,12.554527,16.074327,14.247348,19.019806,18.414358,16.082516,17.388334,21.410755,24.449682,22.758717,20.150816,21.028809,16.164972,20.112799,17.961298,22.26604
7,20.932117,18.817904,14.943307,13.298372,10.766249,7.59748,6.7037964,0.0,5.06884,6.3524737,10.904292,8.96241,7.150478,8.660149,5.970733,8.625459,10.298119,11.142737,15.753431,15.824707,20.095982,21.156574,25.543789,26.851742,29.010185,27.203587,22.5895,23.090206,18.482777,17.86103,18.499313,16.529053,22.058279,19.727755,24.439444,25.339842,27.70001,28.027632,23.666433,20.01838,24.84664,21.436214,22.256987,23.313074,22.800665,25.197521,23.68541,27.596035,26.503113,29.989141,29.561794,33.30734,35.69062,36.008347,30.939241,32.826084,28.486063,31.671839,31.448446,29.691448,25.691095,30.121592,26.951115,28.398924,28.671043,27.882784,30.723083,30.506939,31.70174,29.94919,25.273508,25.556911,21.164217,23.874506,19.036852,17.931208,18.827662,17.717981,18.056005,20.751476,17.862629,15.117371,15.508654,12.509987,12.582126,11.358056,10.989327,14.043201,14.321635,17.909712,18.701973,20.943602,16.597042,19.956608,14.784637,16.675676,17.764542,15.684675,20.02703,21.19893,19.589005,19.434967,22.980703,25.236462,22.843164,20.704012,19.637522,15.955165,18.88096,16.373346,20.74437
8,24.293114,21.53345,18.486734,15.656765,13.091935,10.7806425,7.975179,5.06884,0.0,4.64209,7.074972,5.1367173,5.8923836,6.1385465,6.2612996,6.4312787,10.5325575,10.444706,15.773195,16.184576,20.08871,22.204882,25.81444,28.048943,29.73017,27.308788,23.191626,22.663563,17.667978,16.144701,16.296131,13.293904,18.011854,14.979188,19.886358,20.530361,22.794283,23.360952,18.97303,15.570577,20.790968,18.200422,19.163895,21.255432,20.645702,23.980104,23.189783,27.399551,27.02733,30.590052,30.768415,34.5242,37.22305,37.771862,32.895145,34.503883,29.675438,32.445118,31.942556,29.666897,25.529406,29.387325,25.59886,26.84197,26.014454,25.674736,28.040174,27.67559,29.365665,27.475979,23.399324,23.231022,18.725069,21.056017,15.4394045,14.851344,14.838358,13.143347,13.251542,15.759717,12.886689,10.082833,10.736015,7.876569,9.191771,7.9621134,9.98508,13.959547,15.448276,19.217527,20.92008,23.267052,19.653465,22.340271,17.69571,17.951315,19.001448,15.927613,20.438566,21.263819,19.152477,18.049688,22.226545,25.13493,21.920218,19.434347,18.181253,13.470427,15.931651,12.683663,16.732393
9,26.182007,23.641344,20.343931,18.368225,15.250013,13.458422,10.084938,6.3524737,4.64209,0.0,5.6893044,7.415649,8.019041,9.951333,10.284969,10.967713,14.570038,13.857317,19.372032,18.729969,22.685806,24.651972,27.927631,29.986345,31.191885,28.60558,23.810913,24.17449,18.175161,17.655685,16.535606,15.194738,18.341936,16.055544,20.695395,20.926722,23.951323,24.74916,20.797438,17.79358,22.295387,20.26883,20.200596,22.75314,21.056475,24.709898,23.418776,27.678291,27.03503,30.44438,30.908241,34.095615,37.190422,37.0809,32.131355,33.288815,28.546373,31.203842,30.133003,28.413883,24.348492,28.895603,25.175293,27.105448,26.41642,26.806208,29.188982,29.397367,31.473001,30.176277,26.21004,26.617374,22.081345,25.044252,19.029968,19.111418,18.705994,16.390371,16.031136,17.785023,14.263711,12.241572,10.778768,9.002909,9.366652,10.377317,10.420746,15.773522,16.545853,20.372265,22.094559,23.711142,19.554468,21.548227,16.077341,16.87763,16.264793,13.079419,17.094017,18.89363,17.425282,15.593645,19.146343,21.516285,18.141699,16.016836,14.059841,10.433906,12.710582,10.220005,14.639943
10,31.095778,28.31923,25.264492,22.635351,19.821465,17.738997,14.484396,10.904292,7.074972,5.6893044,0.0,5.6593876,8.381295,9.709115,12.538981,12.4659195,17.330332,16.706713,22.21898,22.298485,25.898184,28.51057,31.370516,34.044308,35.05396,32.091923,27.839191,27.312098,21.312262,19.942902,18.36203,15.938065,17.183765,13.559512,18.39385,17.611605,20.53402,22.109291,18.29438,16.1485,21.145683,20.56879,20.704994,24.412998,22.678255,27.199474,26.624367,31.026302,30.977152,34.384937,35.269207,38.43463,41.713238,41.749737,36.961605,37.897385,32.8996,35.186993,33.8013,31.77978,27.713593,31.688208,27.44626,29.160004,27.179844,28.154535,29.874392,29.860098,32.44294,30.886621,27.683739,27.368416,22.943079,24.865805,18.460066,18.683187,16.90487,14.013898,12.594618,13.626791,9.573794,8.932936,7.6263113,7.9451847,10.4537325,11.65856,14.014083,19.410011,20.993673,24.81615,26.94168,28.743202,24.974236,26.73484,21.542023,21.59112,20.707775,16.977112,20.597334,22.401518,20.72931,17.73765,21.478899,24.091394,19.771076,17.65716,14.6594715,10.950008,11.286096,7.5154257,10.923835
11,28.614336,25.971718,22.796707,19.8029,17.719753,14.637545,12.882829,8.96241,5.1367173,7.415649,5.6593876,0.0,4.022786,4.146083,8.021011,8.634507,13.583069,14.274088,19.192575,20.509289,24.174273,26.536522,30.110619,32.59456,34.355072,31.823502,28.03889,26.994106,22.10584,20.028666,19.936537,16.039766,19.431122,15.036077,20.209469,19.943033,21.863678,23.185875,18.763142,16.06733,22.011969,20.52277,21.837635,24.697521,24.16255,28.034624,27.668236,31.952044,31.860191,35.425133,35.75345,39.508945,42.261692,42.84276,37.988056,39.499653,34.596077,37.223396,36.484142,34.154263,30.004675,33.63981,29.53668,30.652763,28.939949,28.943907,30.82561,30.180618,32.147484,29.866194,26.337763,25.347748,20.998579,21.920458,16.273115,15.129687,13.784589,11.954894,10.832873,13.188114,9.886127,8.367925,10.441433,9.174265,12.245259,11.123994,14.649842,18.574026,20.427235,24.151817,25.869987,28.358458,24.722294,27.443184,22.543663,22.927826,23.405836,20.05807,24.254078,25.498857,23.436872,21.494612,25.627913,28.43891,24.5784,22.251614,19.898018,15.616051,16.706682,12.76651,15.918811
12,26.846897,24.69842,20.94425,18.576674,16.762238,12.773864,12.508314,7.150478,5.8923836,8.019041,8.381295,4.022786,0.0,4.0091043,6.3111043,9.234863,13.069965,14.7573595,19.2618,20.75055,24.700266,26.401943,30.63766,32.52986,34.748474,32.649914,28.601397,28.077456,23.470566,21.78017,22.133017,18.590187,22.862202,18.81631,23.970522,23.896296,25.810627,26.982529,22.473528,19.493164,25.387068,23.220257,24.613634,26.801535,26.44734,29.762642,28.980822,33.125904,32.5867,36.147125,36.031494,39.859222,42.3563,42.83629,37.8322,39.574768,34.982487,37.917778,37.373146,35.353844,31.237457,35.25611,31.486698,32.695065,31.650219,31.27807,33.493088,32.84635,34.441097,32.087166,28.089157,27.215,22.882465,23.817219,18.77736,16.93503,16.36453,15.203589,14.36632,16.991892,13.818887,12.24428,14.191397,12.460406,14.769329,13.334603,15.798737,19.210697,20.48602,24.131006,25.239182,27.785618,23.702196,26.949774,21.677069,23.12865,23.605566,20.796856,24.947964,26.511547,24.724674,23.311893,27.12404,29.501553,26.066895,23.956322,21.507137,17.86685,19.284082,15.74999,19.237923
13,26.329983,23.824957,20.676588,17.465918,16.069813,12.3868885,12.042633,8.660149,6.1385465,9.951333,9.709115,4.146083,4.0091043,0.0,5.038984,6.4562716,10.810491,12.668716,16.806467,19.016264,22.639078,24.689222,28.762905,31.00931,33.308758,31.167032,27.764027,26.442362,22.50719,20.101938,21.074997,16.542826,21.38962,16.992605,22.092884,22.333015,23.656128,24.609886,19.94453,16.863815,23.040756,20.753756,22.775742,24.811743,25.1141,28.344719,28.064833,32.160126,31.996767,35.611443,35.512257,39.641983,41.97352,42.942207,38.09939,40.014492,35.251297,38.09517,37.84317,35.340145,31.203833,34.582348,30.694786,31.407148,30.067219,29.340263,31.38899,30.361963,31.784546,29.073526,25.259912,23.912325,19.729797,20.055199,15.328778,13.087445,12.607941,11.955447,11.534788,14.649938,12.283206,10.157812,13.452759,11.310291,14.080112,11.590995,15.349872,17.91423,19.832193,23.333288,24.683287,27.616186,24.20777,27.538218,23.061726,23.60985,25.054096,22.065094,26.545815,27.350035,25.081778,23.932411,28.233429,31.15695,27.692745,25.24046,23.423435,18.830826,20.461796,16.569847,19.781105
14,21.35312,19.0325,15.692039,12.718493,11.550406,7.4106684,8.4240055,5.970733,6.2612996,10.284969,12.538981,8.021011,6.3111043,5.038984,0.0,4.985892,6.989377,9.694097,13.379559,15.46003,19.351116,20.707981,25.360287,27.01749,29.711195,28.041285,24.506893,23.673666,20.336414,18.392956,20.14601,16.251215,22.584108,19.21973,24.07027,25.057259,26.491415,26.805067,22.129335,18.450682,24.06063,20.556753,22.573133,23.448877,24.105759,26.408915,25.703903,29.536888,28.957045,32.546715,31.959215,36.254436,38.23692,39.308014,34.431633,36.67616,32.20621,35.333748,35.53285,33.149715,29.107758,32.629257,29.238054,29.901804,29.595903,28.22379,30.780268,29.830387,30.68519,28.107298,23.611233,22.826782,18.670046,19.894695,15.891317,13.533392,14.708547,14.618114,15.201417,18.50722,16.43394,13.518934,16.052683,12.882694,14.250862,11.228416,13.466956,14.870931,16.234936,19.527735,20.357012,23.440208,20.026125,23.847118,19.735014,20.701416,22.956272,20.610407,25.241941,25.692213,23.472494,23.394957,27.55998,30.374914,27.666956,25.200872,24.206713,19.599571,22.191402,18.832077,22.659946
15,21.914715,18.798834,16.681995,12.549769,11.215104,9.18512,7.6989746,8.625459,6.4312787,10.967713,12.4659195,8.634507,9.234863,6.4562716,4.985892,0.0,5.4131765,6.3479753,10.632139,12.790872,16.232689,18.55086,22.385784,24.861229,27.099186,24.984419,22.078064,20.276718,17.195223,14.442589,16.516676,11.748986,18.507875,15.29214,19.85525,21.315136,22.431133,22.352703,17.698975,13.840225,19.343384,15.7483835,18.138378,19.129951,20.17624,22.693962,22.619238,26.514938,26.542803,30.163788,29.974297,34.382675,36.487495,37.947063,33.335087,35.47742,30.65693,33.460255,33.742695,30.792244,26.741364,29.512222,25.859837,26.104137,25.323769,23.853392,26.192045,25.053982,26.008406,23.35685,19.13275,18.21268,13.942784,15.4707155,11.023982,9.316456,10.794926,10.677999,12.112425,15.448357,14.180633,10.566355,13.409582,9.7913,11.220832,7.227736,11.083027,12.054792,14.484378,17.725191,19.390562,22.587706,20.15142,23.395765,20.291487,19.60709,22.611368,19.838457,24.678368,24.248459,21.484787,21.441313,26.109245,29.590666,26.752882,23.922478,23.703531,18.112906,20.90838,17.431513,20.961092
16,17.011099,13.951175,12.263449,7.695151,7.6357317,6.231759,7.085748,10.298119,10.5325575,14.570038,17.330332,13.583069,13.069965,10.810491,6.989377,5.4131765,0.0,4.653941,6.437967,9.475399,12.931667,14.294026,19.002476,20.77742,23.75094,22.391058,19.865618,18.241978,16.7813,14.401388,17.77949,13.756066,21.74037,19.50632,23.527683,25.615974,26.513342,25.826303,21.359375,17.269611,21.900517,17.092968,19.712763,19.00142,20.917274,22.004814,21.6707,25.031738,24.703203,28.241245,27.352015,32.116898,33.593815,35.45914,30.948792,33.600956,29.192987,32.27184,33.25598,30.31403,26.492374,29.038824,26.072556,25.961683,26.33343,23.879581,26.673115,25.400799,25.425688,22.716244,17.795088,17.27792,13.510185,15.5187025,13.033724,10.926861,14.110052,14.949836,16.960432,20.36391,19.492468,15.753526,18.265308,14.309089,14.487802,10.315178,12.12599,10.389646,12.271083,14.805579,15.726139,19.39994,17.53792,21.41125,19.350004,18.864136,23.0872,21.147375,25.984884,24.979582,22.235178,23.473976,27.921616,31.293636,29.273783,26.47576,27.042562,21.596079,25.019814,21.990515,25.773994
17,17.69528,13.9578285,13.249341,8.572259,7.1514006,8.524077,5.7418485,11.142737,10.444706,13.857317,16.706713,14.274088,14.7573595,12.668716,9.694097,6.3479753,4.653941,0.0,5.6932263,6.4768505,10.012804,12.454503,16.09615,18.619133,20.754818,18.765291,16.168905,14.240389,12.306347,9.75815,13.255235,9.666421,17.943867,16.70567,20.232815,22.762936,23.908823,22.8218,18.65649,14.454908,18.223967,13.084096,15.31752,14.520424,16.272558,17.492897,17.309456,20.85423,20.859932,24.442612,24.044573,28.686064,30.529982,32.389435,28.018288,30.399128,25.674301,28.483727,29.37789,26.151175,22.312473,24.588356,21.482666,21.36008,21.757488,19.404718,22.296349,21.315638,21.609999,19.419619,14.452032,14.804173,10.681892,14.499062,11.1447115,10.883961,13.904687,14.018693,16.414307,19.372345,18.66784,14.653897,16.128134,11.978826,11.165668,7.118464,8.42749,6.281065,9.093431,11.846711,13.8353195,17.180315,15.938256,18.934381,17.568989,15.667674,20.29081,18.1485,22.993698,21.34467,18.306082,19.74356,24.352509,28.089224,26.185139,23.221853,24.568272,18.740885,22.49872,19.859766,23.577648
18,15.258608,11.447185,12.406928,7.3414245,8.422914,10.565968,10.30503,15.753431,15.773195,19.372032,22.21898,19.192575,19.2618,16.806467,13.379559,10.632139,6.437967,5.6932263,0.0,5.3932743,7.243114,8.926675,13.205216,15.358919,18.410755,17.337559,16.282795,13.60501,14.666775,12.078215,16.807457,13.375917,21.91179,21.003603,23.917257,26.869415,27.33185,25.744566,21.840147,17.794373,20.858234,15.106478,18.017496,15.515785,18.712297,18.348167,18.5272,21.178724,21.250227,24.585709,23.514555,28.614841,29.599007,32.26592,28.305147,31.213512,26.950985,29.793877,31.49085,28.042742,24.620077,25.964874,23.553082,22.598598,23.68429,20.177958,23.124933,21.605068,20.69215,18.043335,12.74673,12.906514,10.069982,13.34275,12.840313,11.898932,16.102179,17.361809,20.183151,23.284317,23.274467,19.285349,21.36747,17.30424,16.48604,12.371864,13.295678,8.525605,10.770936,11.848012,13.048331,16.976675,17.143278,20.47196,20.596699,18.581985,24.221706,22.699463,27.380007,25.098616,22.02285,24.330994,28.783598,32.536972,31.147549,28.189625,30.012293,24.188679,28.050566,25.454527,29.01932
19,14.1422415,9.902762,11.518482,7.5271373,6.946044,11.379409,9.245332,15.824707,16.184576,18.729969,22.298485,20.509289,20.75055,19.016264,15.46003,12.790872,9.475399,6.4768505,5.3932743,0.0,4.3320684,6.306538,9.940464,12.177522,14.412075,12.951029,10.983848,9.2041645,10.058529,8.809263,13.440818,12.210185,20.412352,20.879036,23.33167,26.550253,27.660378,25.811901,22.328293,18.290197,20.157373,14.13823,15.793925,12.57903,15.124593,14.063888,13.545305,16.185192,15.960827,19.35862,18.425596,23.406624,24.715366,27.13416,23.137814,25.908813,21.569883,24.405766,26.173336,22.799799,19.475271,21.050066,19.017326,18.41646,20.548536,17.134184,20.606117,19.889793,19.154451,17.726778,12.179763,14.268728,11.3577585,16.622654,15.005143,15.532643,19.161713,19.489033,22.234282,24.915348,24.51844,20.466654,21.112541,17.039103,14.891604,11.942836,10.434187,4.256161,5.959994,6.6684203,8.791792,12.296757,13.081966,15.637421,16.7348,13.804987,19.979424,18.894762,23.291737,20.481756,17.491358,20.575247,24.671211,28.360514,27.585804,24.721771,27.37198,21.85476,26.153315,24.310047,28.044172
20,15.589499,11.402847,14.480512,10.837245,11.0496645,15.476378,13.515615,20.095982,20.08871,22.685806,25.898184,24.174273,24.700266,22.639078,19.351116,16.232689,12.931667,10.012804,7.243114,4.3320684,0.0,4.685225,6.21968,9.550509,11.507755,10.174613,10.434194,6.9738793,10.938336,9.478682,14.585384,13.622498,21.426981,22.516422,24.169125,27.792297,28.459173,26.106115,23.118586,19.379055,20.1596,13.979538,15.82364,11.298006,14.981584,12.655469,12.959998,14.720441,15.148722,18.204475,17.272356,22.42825,23.303253,26.45824,23.105913,25.953012,21.807163,24.244741,26.507906,22.708786,19.856897,20.100658,18.539007,17.052614,19.542173,15.292872,18.694193,17.71352,16.138836,14.861074,9.340615,12.174414,10.547119,16.072954,15.834454,16.853008,20.724344,21.363966,24.425863,26.91541,27.099943,23.064821,23.773478,19.88009,17.67558,14.824218,13.708089,7.4029603,9.001571,8.017735,10.1912155,13.326845,15.719069,17.5418,19.966063,16.195936,22.759327,21.827774,25.946047,22.416883,19.28998,22.734608,26.759037,30.666958,30.153528,27.238234,30.439077,24.761398,29.031336,27.316793,30.726717
21,11.575592,7.699558,11.932149,9.5958185,10.754812,15.387241,14.798715,21.156574,22.204882,24.651972,28.51057,26.536522,26.401943,24.689222,20.707981,18.55086,14.294026,12.454503,8.926675,6.306538,4.685225,0.0,6.2216434,6.525611,10.282962,10.7734165,10.801816,9.537816,13.754098,13.464116,18.201609,17.822819,25.70258,26.715778,28.638193,32.154903,32.981625,30.730946,27.617882,23.764076,24.7874,18.611427,20.186375,15.508394,18.730715,15.665248,15.031365,16.012316,15.428962,18.15897,16.126295,21.444517,21.539345,24.823847,21.484406,24.854118,21.465757,24.28919,27.04965,23.798618,21.29206,21.95967,21.239609,20.043,23.451256,19.163677,22.7274,21.952003,19.96774,18.903412,13.557107,16.22142,14.911918,19.775455,19.938894,20.23377,24.341032,25.165483,28.093904,30.81426,30.68377,26.62285,27.3502,23.31188,20.984076,18.21169,16.20193,9.860198,9.669585,7.483759,7.6657677,11.060281,14.039723,16.398743,19.47581,16.719154,23.475735,23.320633,27.203312,23.857922,21.211645,25.219536,28.756723,32.17029,32.22139,29.540066,32.7385,27.555712,32.00596,30.439573,34.166218
22,17.003786,13.46466,17.783573,15.4822235,15.849416,20.780458,18.867527,25.543789,25.81444,27.927631,31.370516,30.110619,30.63766,28.762905,25.360287,22.385784,19.002476,16.09615,13.205216,9.940464,6.21968,6.2216434,0.0,5.2220173,5.77875,5.6789823,9.122564,6.2339835,13.059526,13.070092,17.505177,18.22896,24.952217,27.146555,27.948427,31.869673,32.51916,29.717974,27.442678,24.087067,23.43447,17.570118,18.555609,12.847247,16.497498,12.035603,12.303389,12.054468,12.618411,14.779336,13.460693,18.600092,18.700043,22.674173,20.302586,23.26045,19.852259,21.83252,24.92315,21.087608,19.244047,18.157751,18.07098,16.00871,20.00398,15.21922,18.653454,18.131664,15.576043,15.661913,11.230564,15.208497,15.041428,20.599144,21.113249,22.601059,26.41915,26.989082,30.121603,32.33962,32.671196,28.694319,28.83898,25.14809,22.400192,20.282526,18.199955,12.1587925,12.442153,9.6506605,11.195408,12.978573,17.327013,17.940779,22.291906,17.9341,24.776985,24.603205,28.011475,23.714018,20.92397,25.205196,28.549429,32.27753,32.634327,29.923227,33.96658,28.691801,33.097042,31.962925,35.23669
23,13.945931,11.368204,16.31315,15.452117,16.361444,21.303524,20.442293,26.851742,28.048943,29.986345,34.044308,32.59456,32.52986,31.00931,27.01749,24.861229,20.77742,18.619133,15.358919,12.177522,9.550509,6.525611,5.2220173,0.0,5.2097955,8.247091,10.453258,10.414101,16.27924,17.14646,21.325336,22.404993,29.404263,31.437847,32.62527,36.41535,37.290573,34.646637,32.138702,28.575462,28.361141,22.402166,23.224068,17.69456,20.726255,16.055782,15.200806,14.2972145,13.490802,15.10226,12.337266,17.5044,16.519176,20.647446,18.39631,21.94302,19.568344,21.959377,25.55438,22.482967,21.043106,20.645529,21.3845,19.871809,24.573107,20.025906,23.569653,23.273264,20.625038,20.737787,16.273956,19.864508,19.545809,24.708094,25.315659,26.174469,30.213974,30.899366,33.912346,36.37522,36.34943,32.314728,32.454193,28.587925,25.71819,23.626392,20.776508,14.735248,13.722642,10.206051,9.795407,11.124012,16.107058,17.005959,22.018404,18.749428,25.592768,26.203634,29.324537,25.304008,23.065771,27.819233,30.64092,33.800804,34.740498,32.291904,36.291008,31.53512,36.114365,35.124832,38.736958
24,18.396444,15.679211,20.165983,19.152807,19.215366,24.464186,22.448019,29.010185,29.73017,31.191885,35.05396,34.355072,34.748474,33.308758,29.711195,27.099186,23.75094,20.754818,18.410755,14.412075,11.507755,10.282962,5.77875,5.2097955,0.0,4.48186,8.639913,8.86374,15.114624,16.66588,20.080528,22.371185,28.232307,31.20959,31.67286,35.610863,36.631954,33.738052,31.835812,28.631662,27.28241,21.791359,21.768847,16.02409,18.55741,13.08605,12.360741,10.247342,10.039561,10.975863,8.959121,13.816134,13.2258625,17.66131,16.145658,19.131922,16.691298,18.347519,22.12006,18.762156,17.961618,16.46263,17.948484,16.223438,21.597988,17.236288,20.692904,21.018385,18.496536,19.797224,16.144402,20.533297,20.444805,26.24561,26.403515,28.136124,31.788418,32.03404,35.047054,37.091652,37.158638,33.2364,32.66546,29.117434,25.822365,24.479628,21.232092,15.821427,14.916344,11.365133,12.164736,12.135773,17.591398,16.942158,22.703812,18.2862,24.901222,25.578384,28.172783,23.532564,21.380846,26.315107,28.764917,32.009453,33.289135,30.929684,35.561367,30.991236,35.514114,35.016636,38.32845
25,20.240429,16.89557,20.729969,18.9827,18.356865,23.597847,20.60687,27.203587,27.308788,28.60558,32.091923,31.823502,32.649914,31.167032,28.041285,24.984419,22.391058,18.765291,17.337559,12.951029,10.174613,10.7734165,5.6789823,8.247091,4.48186,0.0,6.2832646,5.1464458,11.437714,12.999861,16.050674,18.759867,24.027405,27.362991,27.531433,31.4909,32.609596,29.686844,28.005144,24.986563,23.198673,17.970604,17.529985,11.853506,14.171193,8.614875,8.381571,6.727661,7.83954,9.57251,9.325715,13.947429,14.8436985,18.573736,16.65475,18.988697,15.458968,16.81567,19.995996,16.001152,14.7829895,12.917638,13.773978,11.878166,17.14559,12.921472,16.514135,17.132912,15.20696,16.909529,13.423038,18.168797,17.772348,24.034496,23.504631,25.826105,29.082945,28.971546,31.931074,33.69581,33.82418,30.013329,29.096369,25.778053,22.37755,21.41482,18.306604,13.440321,13.172367,10.277322,12.513275,12.593131,17.359562,16.278597,21.481266,16.14993,22.604158,22.754639,25.42599,20.548805,18.050299,22.702293,25.405678,29.031385,29.956024,27.460815,32.21513,27.452656,31.853664,31.446953,34.52067
26,17.953522,14.670082,17.28054,16.165543,14.559014,19.81531,16.37613,22.5895,23.191626,23.810913,27.839191,28.03889,28.601397,27.764027,24.506893,22.078064,19.865618,16.168905,16.282795,10.983848,10.434194,10.801816,9.122564,10.453258,8.639913,6.2832646,0.0,6.0564556,7.711835,11.020791,13.120162,16.819288,22.171837,25.302284,26.235842,29.772503,31.655067,29.280228,27.113962,23.779425,22.89498,17.712034,16.613506,12.275746,12.71675,8.725307,5.749666,6.4680576,5.0135617,8.409972,8.17058,12.712601,14.863434,16.966255,13.523359,15.801538,11.444355,13.846713,16.390766,13.007908,10.808204,11.917874,12.139253,12.212311,17.394558,14.490429,18.439928,19.559303,18.911264,20.224436,15.961632,20.321335,18.4852,25.028635,22.966877,25.076843,27.989399,27.345804,29.906883,31.728462,31.08688,27.333939,25.809868,22.456978,18.644144,18.346746,13.833006,10.033294,8.47737,5.94634,8.736766,8.037359,11.869356,10.350932,15.30354,9.935965,16.483126,16.965183,19.626842,15.111071,12.890908,17.919275,20.375315,23.665007,24.74531,22.409554,27.009737,22.781832,27.37096,27.253555,30.72241
27,19.830551,15.898546,18.913036,16.214365,15.143414,20.087564,16.50662,23.090206,22.663563,24.17449,27.312098,26.994106,28.077456,26.442362,23.673666,20.276718,18.241978,14.240389,13.60501,9.2041645,6.9738793,9.537816,6.2339835,10.414101,8.86374,5.1464458,6.0564556,0.0,7.361395,7.944336,11.620606,13.652277,19.448013,22.37559,22.878593,26.77013,27.908812,25.173208,23.15141,19.967829,18.70979,13.189048,13.074206,7.598795,10.377217,6.1981688,6.7104845,8.026385,9.514068,12.422411,12.813651,17.390661,19.100935,22.072205,19.251457,21.374413,16.893927,18.569546,20.811821,16.544415,14.143683,13.289058,12.224771,10.530097,14.410298,10.2691345,14.121049,14.401075,13.311887,14.213304,9.987758,14.552497,13.312956,19.870089,18.60694,21.093931,24.135145,23.872711,26.798695,28.567741,28.69531,24.881279,24.117039,20.76178,17.55133,16.384281,13.863009,9.077321,9.959253,8.331086,11.728877,12.855219,16.2236,15.854658,19.566986,14.037892,20.441761,19.744776,23.068615,18.530748,15.436023,19.434832,22.920582,26.97465,27.057554,24.27051,28.57486,23.28971,27.612207,26.834257,29.890728
28,21.537352,17.688065,18.754477,16.18881,13.569639,17.832293,12.729912,18.482777,17.667978,18.175161,21.312262,22.10584,23.470566,22.50719,20.336414,17.195223,16.7813,12.306347,14.666775,10.058529,10.938336,13.754098,13.059526,16.27924,15.114624,11.437714,7.711835,7.361395,0.0,4.7363095,5.5088444,9.813646,14.665471,17.754805,18.84541,22.19179,24.346272,22.293438,20.00684,16.7788,16.179407,11.553094,9.883691,7.806741,6.6677623,6.9155097,5.5826306,9.870323,10.527164,13.976563,15.329729,18.910261,21.979242,23.315784,19.561712,20.866787,15.508582,17.383604,18.062567,14.205569,10.489849,12.392236,9.472557,10.212418,12.735887,11.183143,14.831703,15.942985,16.942467,17.74017,13.802535,17.398565,14.473242,21.032902,17.349407,20.144022,22.14097,20.815308,23.12764,24.57547,23.890343,20.33109,18.35947,15.300574,11.387394,11.795954,7.86527,6.731005,7.6722507,8.741308,12.7203,13.34456,14.241995,13.423857,15.0480385,9.025538,14.319785,12.815076,16.39384,12.302387,8.801934,12.255665,16.143276,20.394068,19.918076,17.034958,21.21429,16.061192,20.474205,20.072487,23.293718
29,22.345924,18.191584,19.255945,15.574827,13.417713,17.045826,12.074413,17.86103,16.144701,17.655685,19.942902,20.028666,21.78017,20.101938,18.392956,14.442589,14.401388,9.75815,12.078215,8.809263,9.478682,13.464116,13.070092,17.14646,16.66588,12.999861,11.020791,7.944336,4.7363095,0.0,5.2947383,5.9083276,12.413029,14.659612,15.901656,19.472292,20.991879,18.826906,16.199137,12.759901,12.695581,7.307927,7.2375565,5.514058,6.7057014,8.318596,9.195197,13.071883,14.460282,17.836548,18.974789,22.967571,25.627527,27.517979,23.890282,25.426287,20.143356,21.908655,22.609993,18.503153,14.894798,15.738459,12.201196,11.748159,12.281936,10.151328,13.360761,13.448771,14.544556,14.318378,10.31639,13.1879835,9.937455,16.410591,12.743377,15.800617,17.838846,16.793251,19.42646,20.992968,20.891727,17.18283,16.196707,12.952489,9.9426,8.993142,7.89545,6.1169653,9.193171,10.74279,14.643693,16.3771,17.100876,17.37429,18.200249,12.980902,17.966187,15.702129,19.785444,16.269299,12.583509,14.630039,19.239504,23.77705,22.392319,19.240969,22.620312,16.587725,20.616718,19.320827,22.272816
30,26.06733,22.135809,22.518103,19.374805,16.515648,19.65389,13.923146,18.499313,16.296131,16.535606,18.36203,19.936537,22.133017,21.074997,20.14601,16.516676,17.77949,13.255235,16.807457,13.440818,14.585384,18.201609,17.505177,21.325336,20.080528,16.050674,13.120162,11.620606,5.5088444,5.2947383,0.0,6.7062645,9.266631,12.876829,13.651152,16.849957,19.302387,17.486498,15.450295,12.723654,11.812156,8.756019,5.889064,7.737263,4.5234838,9.142781,9.493035,13.775453,15.19417,18.321014,20.357653,23.393347,26.858028,27.881159,24.247396,24.960476,19.409939,20.694534,20.332771,16.455013,12.648998,14.2526,9.815065,10.834617,10.319313,10.679586,13.306421,14.504145,16.895523,17.526457,14.675371,17.37444,14.106646,20.093096,15.235496,18.760815,19.657661,17.612709,19.592594,20.412212,19.832357,16.680006,14.003807,11.717624,7.9627323,9.676082,7.7875056,9.771598,11.858392,13.859852,17.772362,18.604593,18.577814,17.830645,17.872381,12.336461,15.552634,12.681489,16.264534,12.874566,9.168593,9.9761915,14.725016,19.531563,17.789337,14.602084,18.359667,12.547163,16.429821,15.927811,18.561565
31,25.896214,21.81379,21.895914,17.669744,15.449002,17.408548,12.341525,16.529053,13.293904,15.194738,15.938065,16.039766,18.590187,16.542826,16.251215,11.748986,13.756066,9.666421,13.375917,12.210185,13.622498,17.822819,18.22896,22.404993,22.371185,18.759867,16.819288,13.652277,9.813646,5.9083276,6.7062645,0.0,8.545853,9.040144,11.17802,14.384442,15.800892,14.208442,10.85697,7.1362696,9.055463,5.1089664,6.395804,8.94666,9.342782,13.279049,14.58785,18.624063,20.131346,23.47761,24.798923,28.6154,31.465736,33.108643,29.299173,30.611057,25.181736,26.847015,26.851128,22.9275,19.122797,20.24383,15.9114485,15.697978,13.707269,12.988549,14.918379,14.413452,16.5516,15.331866,12.369185,13.210319,9.209702,14.142284,8.625022,12.219626,13.010188,11.304051,13.767437,15.110349,15.223711,11.637256,11.114378,8.173504,6.7355685,5.364856,8.4436655,9.6347885,13.191107,15.696664,19.278421,21.383787,20.966099,21.772066,20.911556,16.634413,20.14663,16.86393,21.177153,18.76992,15.171017,15.105027,20.241241,24.894173,22.251022,18.963348,21.064278,14.446099,17.649303,15.461568,17.962193
32,33.896057,29.87131,29.76253,25.903572,23.26894,24.91113,19.417599,22.058279,18.011854,18.341936,17.183765,19.431122,22.862202,21.38962,22.584108,18.507875,21.74037,17.943867,21.91179,20.412352,21.426981,25.70258,24.952217,29.404263,28.232307,24.027405,22.171837,19.448013,14.665471,12.413029,9.266631,8.545853,0.0,6.0745153,4.7072678,7.798667,10.492155,9.227849,8.241004,7.9362607,6.143901,8.969389,6.818772,12.823183,10.507452,16.297495,18.039064,21.871965,23.993721,26.807274,29.269823,32.01434,35.616257,36.63616,33.24322,33.547997,27.986763,28.675894,27.529701,23.740892,20.367031,20.958532,16.01316,16.421642,11.72175,14.2337475,14.370327,14.913806,18.827158,18.809685,18.104126,18.879452,15.955952,19.710773,14.007235,18.256666,17.028585,14.054329,15.218733,14.432692,14.781035,13.031748,10.023529,10.4048195,9.670631,11.796718,14.123706,17.283674,20.195084,22.606398,26.44169,27.70594,27.153593,26.757904,25.563745,20.893017,22.337551,18.492628,21.572546,19.52147,16.419708,14.049583,18.674986,23.475233,19.989779,16.927341,18.89557,12.939658,14.381423,13.16981,13.58509
33,33.99886,30.110056,29.324488,25.155863,22.782804,23.158184,18.378386,19.727755,14.979188,16.055544,13.559512,15.036077,18.81631,16.992605,19.21973,15.29214,19.50632,16.70567,21.003603,20.879036,22.516422,26.715778,27.146555,31.437847,31.20959,27.362991,25.302284,22.37559,17.754805,14.659612,12.876829,9.040144,6.0745153,0.0,5.1785655,6.126677,8.251414,8.722054,5.31759,4.8463874,8.307041,10.684522,11.01185,16.323147,15.245616,20.631964,22.1595,26.242311,27.977797,31.12216,33.011528,36.262478,39.59714,40.72885,36.90894,37.623936,32.06884,33.295322,32.274334,28.694681,24.989904,26.22719,21.339083,21.62755,17.296947,18.786953,19.068632,18.622974,22.02901,20.705942,19.60784,18.9966,15.610844,17.624367,11.23978,14.658721,12.294943,8.806823,9.323115,8.409673,8.943535,7.4946175,6.13559,7.289714,9.297181,10.157164,14.72443,18.184446,21.41701,24.353563,27.82095,29.738861,28.435698,29.064585,26.789017,23.258862,24.58109,20.471397,24.118141,23.049583,20.021978,17.354412,22.185806,26.622274,22.507402,19.503857,19.760984,13.638851,14.353071,11.460648,11.819755
34,37.05863,32.991386,32.840992,28.617823,26.299076,27.390882,22.334274,24.439444,19.886358,20.695395,18.39385,20.209469,23.970522,22.092884,24.07027,19.85525,23.527683,20.232815,23.917257,23.33167,24.169125,28.638193,27.948427,32.62527,31.67286,27.531433,26.235842,22.878593,18.84541,15.901656,13.651152,11.17802,4.7072678,5.1785655,0.0,4.2630887,5.8208795,4.89666,4.8665204,6.9969077,5.579052,10.643029,10.069352,15.834834,14.550648,20.037819,22.241993,25.917149,28.266932,31.065088,33.470642,36.37414,39.826153,41.093838,37.765816,38.15612,32.598415,33.23512,32.129555,28.251087,24.978107,25.11235,20.220154,20.102493,14.645074,16.970324,16.26029,16.041786,20.050732,19.409964,19.603956,19.303328,16.827946,19.052448,13.670621,17.875782,15.733464,12.776127,13.585581,11.965195,13.421529,12.541157,10.778133,12.069513,12.885382,14.126598,17.832724,20.675966,23.938261,26.3865,30.15834,31.770037,31.200323,31.163671,29.748314,25.344063,26.7819,22.805828,25.925741,24.165958,21.103806,18.482368,22.99086,27.65761,23.785797,20.862904,21.98965,16.248966,16.69588,14.85167,14.179037
35,39.907494,35.96399,35.3154,31.20209,28.755512,29.22147,24.317516,25.339842,20.530361,20.926722,17.611605,19.943033,23.896296,22.333015,25.057259,21.315136,25.615974,22.762936,26.869415,26.550253,27.792297,32.154903,31.869673,36.41535,35.610863,31.4909,29.772503,26.77013,22.19179,19.472292,16.849957,14.384442,7.798667,6.126677,4.2630887,0.0,4.568277,6.5363245,6.8049088,9.540589,9.77005,14.648158,14.066796,19.930744,18.248259,23.936192,25.825489,29.639952,31.778654,34.603542,37.035164,39.793137,43.410683,44.369858,40.880077,41.116337,35.561726,36.221172,34.72443,31.18733,27.871405,28.510687,23.57598,23.88296,18.415777,21.11884,20.34387,20.21946,24.2664,23.491684,23.643974,23.00351,20.358454,21.85045,16.212563,19.822586,16.843262,13.503409,13.21878,10.662629,11.846977,12.293176,10.2571125,12.878543,14.535024,16.183897,20.109493,23.740433,26.86599,29.619297,33.272408,34.866158,33.746544,33.802605,31.650928,27.806435,28.384026,24.208702,27.074083,26.090153,23.37057,19.925587,24.117151,28.430878,24.021645,21.378199,21.449179,16.386976,15.644391,13.681332,11.854676
