,0,1,2,3,4,5,6,7,8,9,10,11,12,13,14,15,16,17,18,19,20,21,22,23,24,25,26,27,28,29,30,31,32,33,34,35,36,37,38,39,40,41,42,43,44,45,46,47,48,49,50,51,52,53,54,55,56,57,58,59,60,61,62,63,64,65,66,67,68,69,70,71,72,73,74,75,76,77,78,79,80,81,82,83,84,85,86,87,88,89,90,91,92,93,94,95,96,97,98,99,100,101,102,103,104,105,106,107
0,0.0,3.708524,7.9379992,9.223503,12.362833,15.54995,17.535688,21.155186,24.247704,26.733204,30.345621,32.379517,35.040535,33.952724,32.368244,28.790613,26.434994,25.012589,22.171144,21.570002,18.79333,19.844505,16.178415,18.553207,21.110554,23.016178,26.536654,29.30741,31.008694,34.67866,33.868324,39.432575,36.337105,38.259644,35.96049,32.443493,30.65497,32.431835,30.251566,27.749554,26.639984,28.435255,26.51643,22.29822,23.86425,25.438055,19.906324,18.201317,20.655981,21.570719,26.31193,23.402365,26.30482,28.560379,30.026241,32.73023,30.414156,34.66264,36.097054,32.045246,33.553535,38.011627,40.84804,42.190685,37.41954,36.04395,41.208633,40.677753,36.204144,39.56178,42.175987,40.0792,36.59801,40.947002,36.63291,39.43986,36.020382,31.610561,31.976389,26.893005,25.369854,23.54439,21.243128,24.000841,26.432606,28.73336,32.050396,36.514416,39.139416,42.84661,45.342674,49.025555,49.805054,46.977364,45.223816,40.970196,39.49178,35.61219,34.120525,29.246975,26.289942,28.69524,31.39029,33.639317,35.007835,38.41183,39.206833,43.237236
1,3.708524,0.0,5.173946,5.8441806,8.695324,12.185298,13.9562435,17.508688,20.655499,23.057108,26.711174,28.691643,31.347733,30.251749,28.777996,25.228434,22.939817,21.725342,18.920586,18.773308,16.25228,17.822443,14.714534,15.831522,18.299889,19.898455,23.424429,25.994656,27.650688,31.213478,30.46091,35.878464,32.752975,34.835476,32.68878,29.071642,27.27376,29.353449,27.218403,24.532024,23.558155,25.824924,23.730015,19.355333,21.320309,23.351938,17.555452,15.858666,18.984934,19.597136,24.301756,21.910078,25.06937,26.923819,28.437088,30.94788,28.229582,32.490547,34.16449,29.84954,30.9045,35.494747,38.14999,39.626556,34.763714,33.152462,38.236393,37.510746,33.148422,36.79985,39.158894,36.883457,33.63671,38.184917,33.969624,37.066044,33.778275,29.29227,30.117775,25.033348,23.80568,22.543604,19.662895,21.992527,23.985313,26.685614,29.461178,34.13859,36.614296,40.3399,42.831024,46.39399,47.37734,44.733856,43.052452,38.846928,37.199368,33.6188,31.689878,26.97494,24.067528,26.21075,28.833954,30.75657,32.08115,35.34082,36.03815,40.01068
2,7.9379992,5.173946,0.0,5.462371,6.814613,8.064957,11.760872,14.149628,17.476862,19.82503,23.26675,25.500628,28.444813,27.805664,27.189314,23.170652,21.701982,20.508768,18.869732,18.985802,17.624672,19.90688,18.006208,17.326536,19.124788,20.164686,23.030632,25.305325,26.283062,29.808504,28.274916,33.314148,29.466486,31.243338,29.518845,26.205065,23.801971,25.7397,24.346876,21.854753,19.997042,23.054401,21.583967,16.75865,18.149126,21.587769,16.61362,13.70904,17.013956,16.546047,21.616085,20.834044,23.140085,24.351223,26.662554,29.483135,26.557526,30.912153,32.17875,27.210302,28.664051,33.031586,35.676704,36.80491,31.700014,30.298508,35.51103,34.8142,30.834019,34.85217,37.142056,34.877907,32.08922,37.014687,32.70949,36.154583,33.09415,28.371912,30.0226,24.725649,24.34304,23.754774,20.844803,22.508879,23.600348,27.106825,29.14546,33.665863,36.228256,39.768524,42.499332,45.768467,47.263542,44.567245,43.30705,38.903976,37.49093,34.016434,31.949936,27.722149,25.127901,27.211285,29.430435,31.131657,31.748888,34.917694,35.01629,38.913822
3,9.223503,5.8441806,5.462371,0.0,3.8905687,7.849511,8.403914,12.853376,15.291188,18.242039,21.624098,23.85794,26.219282,25.30421,23.643467,19.667597,17.637403,16.076212,14.120061,13.726059,12.203235,14.509742,13.185506,12.204145,13.827884,15.2428665,18.140295,20.78147,22.0527,25.80009,24.678576,30.230453,27.299095,29.314655,26.96443,23.296005,21.7124,23.885145,21.51791,18.730883,18.128012,20.473736,18.109966,13.735416,16.294176,18.477392,12.462023,11.009767,14.97334,15.462455,19.74146,17.840176,21.451426,22.811611,24.126791,26.279924,23.12971,27.351019,29.330292,24.89102,25.357857,30.073238,32.556206,34.21159,29.360826,27.505201,32.49554,31.692524,27.33749,31.127337,33.359467,31.060097,27.90493,32.59657,28.416367,31.755468,28.622602,24.060495,25.451271,20.395449,19.695335,19.31079,15.874823,17.474628,18.793789,22.047024,24.204138,28.933031,31.355495,35.024338,37.598503,41.012054,42.266033,39.685757,38.213165,33.96149,32.3308,28.968145,26.759802,22.384623,19.715282,21.82524,24.11544,26.056458,26.805853,30.113245,30.50221,34.494095
4,12.362833,8.695324,6.814613,3.8905687,0.0,5.399626,5.4596972,9.150639,12.06082,14.548538,18.139753,20.169176,22.692974,21.736435,20.546507,16.770224,14.949979,14.145429,12.222469,13.218549,12.304625,15.244903,14.631418,11.734476,13.141166,13.634459,16.566101,18.56099,19.774788,23.144331,22.228397,27.312407,24.129913,26.503588,24.659588,20.847563,19.078667,21.892292,19.879301,16.770859,16.256834,19.707024,17.24082,12.660372,15.727747,18.877377,13.054889,11.591694,16.150742,15.893139,19.96306,19.197266,22.700954,23.394026,24.912907,26.810379,23.178797,27.29733,29.48666,24.664131,24.493351,29.284794,31.435707,33.207157,28.221642,26.042076,30.850487,29.682999,25.661642,29.999863,31.72633,29.082598,26.486986,31.500952,27.57217,31.349895,28.507452,23.950176,26.031227,21.196999,20.974564,21.306074,17.402397,18.238401,18.710833,22.468138,23.60973,28.59354,30.697723,34.340187,36.85365,40.031677,41.58564,39.34767,37.980556,33.900627,32.00335,29.21312,26.332026,22.353687,19.868017,21.319271,23.461712,24.614157,25.425701,28.33442,28.577942,32.39417
5,15.54995,12.185298,8.064957,7.849511,5.399626,0.0,6.0731454,6.8942547,9.711139,12.3768215,15.408857,18.006351,20.879555,20.72733,20.749865,16.235325,15.869495,14.862637,15.045033,15.765589,16.274326,19.406445,19.635965,16.14228,16.616663,16.631897,18.26797,19.922445,20.010195,23.34834,21.112234,25.702158,21.493689,23.236519,21.869558,18.627476,15.911605,18.314127,17.412815,14.792465,12.735313,17.20801,15.845905,10.826086,12.729826,17.684557,13.548244,10.5026245,14.766056,13.112078,17.44167,18.716019,20.933105,20.857067,23.342382,25.664576,22.004597,26.156422,27.660564,22.127037,22.701735,27.055285,29.264782,30.48431,25.23008,23.470476,28.484262,27.493246,23.98987,28.619455,30.398005,27.93817,25.8795,31.214035,27.153233,31.173523,28.617367,23.882534,26.774889,21.8035,22.53694,23.370876,19.945086,20.185808,19.692923,24.144606,24.61033,29.083803,31.374651,34.681686,37.500557,40.315277,42.419876,40.00719,39.186558,34.86113,33.440464,30.63886,27.957954,24.663254,22.66665,24.224323,25.770853,26.892157,26.641779,29.48347,28.903553,32.596508
6,17.535688,13.9562435,11.760872,8.403914,5.4596972,6.0731454,0.0,6.1267705,7.2102847,10.509792,13.602371,15.89835,17.936468,17.208332,15.820054,11.471368,10.21233,9.230028,9.079077,10.288407,11.246505,14.648199,15.989014,11.117604,10.97166,10.663659,12.317387,14.042391,14.628869,18.102085,16.781067,21.933777,19.039495,21.475813,19.481813,15.503802,14.110286,17.334335,15.0747,11.66835,12.039182,15.850957,12.994374,8.799716,12.852464,16.136515,10.866259,10.256277,15.140856,14.611262,17.55424,17.685324,21.393944,21.35666,22.530928,23.798481,19.675701,23.512674,26.105354,21.272871,20.043915,24.931252,26.711279,28.757673,23.863993,21.25382,25.792093,24.397223,20.496239,25.133183,26.508757,23.725565,21.438423,26.652626,22.932856,27.052498,24.548737,20.093328,22.9387,18.548182,19.052328,20.446383,16.278833,15.929245,15.185655,19.514097,19.48387,24.474247,26.34756,29.862444,32.399654,35.325363,37.21258,35.16943,34.05492,30.068085,28.139297,25.85225,22.535809,19.277388,17.31929,18.385448,19.95319,20.83338,20.923397,23.71115,23.539436,27.303896
7,21.155186,17.508688,14.149628,12.853376,9.150639,6.8942547,6.1267705,0.0,4.8549085,5.6758585,9.375605,11.36169,14.382882,14.030337,14.899176,11.213914,11.479508,12.311444,12.738145,15.534434,16.776535,20.269073,21.440687,15.995217,15.926485,14.45428,15.736616,15.914689,15.918757,18.203249,16.796675,20.282885,16.028114,18.873375,18.499033,14.875023,12.347395,16.441181,15.905585,12.682268,11.958115,17.784777,15.878149,11.815899,14.886851,19.919615,16.064905,14.496069,19.039026,17.213781,20.159718,22.210258,24.846539,23.954414,25.965612,27.339724,23.031374,26.6166,28.83727,23.351625,22.065023,26.498852,27.835978,29.56692,24.467335,21.845638,26.054607,24.21816,21.413584,26.816858,27.424658,24.276646,23.320095,28.900227,25.618738,30.187754,28.223423,23.910694,27.553066,23.434544,24.529306,26.269598,22.200176,21.418652,19.835783,24.501171,23.286491,28.08682,29.582275,32.80003,35.296486,37.69408,40.12811,38.486168,37.707993,33.94132,31.94151,30.32653,26.529997,24.03385,22.438759,22.75216,23.974073,23.640354,23.628727,25.562952,24.881155,28.108849
8,24.247704,20.655499,17.476862,15.291188,12.06082,9.711139,7.2102847,4.8549085,0.0,4.861842,6.599664,9.58164,11.604067,11.909007,12.347359,7.479329,9.204086,9.35172,12.144535,14.066458,16.623264,20.030052,22.422775,16.523388,15.281088,13.666626,13.219261,13.307988,12.170516,14.758318,12.211754,16.05868,12.104264,14.679873,13.773001,10.030095,7.853629,12.273377,11.458032,8.184145,8.4123125,14.179037,12.211545,9.189025,12.533746,17.200825,14.415287,13.567743,17.763807,15.991484,17.687918,20.293253,22.948,21.566284,23.144245,23.973623,19.480322,22.69559,25.127592,19.848059,17.745287,22.120975,23.19088,25.111794,20.177893,17.25045,21.263273,19.374739,16.622551,22.140257,22.621912,19.54368,18.77377,24.420742,21.2619,25.96099,24.307104,20.198483,24.340778,20.715515,22.390987,24.791832,20.914536,19.35802,16.8893,21.767351,19.747217,24.179564,25.597164,28.583641,31.171364,33.35394,36.048077,34.398045,33.924484,30.16913,28.395693,27.033161,23.270504,21.523981,20.505163,20.789658,21.355804,21.208685,20.130896,22.117367,20.858526,24.093899
9,26.733204,23.057108,19.82503,18.242039,14.548538,12.3768215,10.509792,5.6758585,4.861842,0.0,4.3288198,5.6964116,8.843564,8.864696,11.324986,8.646213,10.475104,12.577199,14.095226,17.563984,19.608511,23.06236,25.074673,18.771128,17.983433,15.621259,15.784891,14.582221,13.882424,14.913383,13.757735,15.6678,11.182222,14.872954,15.633458,12.200836,10.001685,15.069336,15.211101,12.172207,12.40187,18.572058,16.775146,14.044815,17.10787,22.01103,19.12803,18.25902,22.50737,20.484196,22.2932,25.15387,27.67122,26.104027,27.849962,28.553005,24.008402,26.944517,29.435715,24.137257,21.642076,25.736475,26.293877,28.243153,23.47607,20.389622,23.686432,21.23667,19.406855,25.236135,24.834026,21.296453,21.564285,27.160572,24.638884,29.495726,28.17847,24.386421,28.623987,25.310583,26.86726,29.276245,25.143267,23.57094,21.065886,25.749454,23.140232,27.711359,28.583935,31.47734,33.752316,35.620663,38.457703,37.382385,36.86037,33.5447,31.360703,30.694399,26.336287,24.849737,23.838455,23.32849,23.96103,22.582874,22.227098,23.291681,22.169353,24.81241
10,30.345621,26.711174,23.26675,21.624098,18.139753,15.408857,13.602371,9.375605,6.599664,4.3288198,0.0,3.9172032,6.1922793,7.916534,11.325218,8.564641,11.927443,13.592296,16.633429,19.405102,22.214855,25.557869,28.21745,21.793526,20.363485,17.971846,16.859522,15.343944,13.457473,14.047345,11.67392,12.42935,7.071035,10.708293,12.281838,9.583273,7.3305182,12.479158,13.490849,11.20313,11.503548,17.561373,16.372469,14.662013,17.112255,22.007772,20.400505,19.63551,23.350174,21.065153,21.971302,25.723463,27.753036,25.61541,27.333632,27.722069,23.220001,25.66536,27.985992,22.795517,19.913456,23.463955,23.591206,25.410131,20.887972,17.78066,20.537247,17.939625,16.96799,22.910637,22.093771,18.655544,19.7695,25.3103,23.134378,28.053984,27.22108,23.761585,28.46633,25.627033,27.727657,30.571882,26.751804,24.676407,21.500814,26.253868,22.896456,26.834953,27.55121,30.017027,32.346725,33.77115,37.02139,36.031773,35.94566,32.72279,30.847733,30.516718,26.28944,25.62511,25.140259,24.58099,24.599077,23.193966,21.837383,22.62176,20.738321,23.024141
11,32.379517,28.691643,25.500628,23.85794,20.169176,18.006351,15.89835,11.36169,9.58164,5.6964116,3.9172032,0.0,4.0745974,5.2376547,10.327987,9.827456,12.694069,15.52809,17.591448,21.319775,23.774817,27.079199,29.585146,22.89378,21.696703,18.839024,18.153133,15.784265,14.483709,13.788473,13.169328,12.417823,7.917456,12.538079,14.89997,12.29367,10.8913965,16.035463,16.927057,14.515884,15.379991,21.252504,19.735542,18.15148,20.930317,25.5602,23.50187,23.05372,26.98099,24.83682,25.801046,29.229313,31.544708,29.476074,31.011015,31.160767,26.591917,28.839317,31.4492,26.484272,23.085907,26.601019,26.337204,28.391775,24.172836,20.843674,22.933962,19.907495,19.39976,25.332378,23.822222,20.019999,21.71039,27.030466,25.418665,30.359324,29.719198,26.555378,31.158213,28.613382,30.487211,33.34285,29.25375,27.153286,24.044556,28.535622,24.817621,28.96102,29.182339,31.638504,33.611877,34.855343,38.066845,37.61363,37.364857,34.58427,32.27863,32.542038,27.810196,27.29285,26.803684,25.601257,25.691036,23.33731,22.700962,22.728153,21.174564,22.94379
12,35.040535,31.347733,28.444813,26.219282,22.692974,20.879555,17.936468,14.382882,11.604067,8.843564,6.1922793,4.0745974,0.0,3.576762,8.504995,9.122603,12.466026,15.333219,18.033232,21.48346,24.375677,27.460358,30.578362,23.717117,21.992455,18.994915,17.41606,14.523724,12.703388,11.061309,10.826648,8.719609,5.852588,11.063516,13.386585,11.051902,11.077494,16.007486,16.522839,14.4191885,16.371727,21.376442,19.681423,19.121677,22.052586,25.856407,24.231544,24.477116,28.184984,26.347927,26.527477,29.809566,32.33876,30.132599,31.100595,30.64799,26.094164,27.791182,30.739454,26.356194,22.024717,25.314817,24.50722,26.923235,23.255795,19.586363,20.799944,17.402937,17.405333,23.17505,20.990992,17.012526,19.379446,24.369297,23.398235,28.280453,28.058062,25.439064,30.120287,28.266764,30.27733,33.474136,29.473463,26.946434,23.458754,27.64884,23.22291,27.036736,26.800547,28.995855,30.740402,31.674955,35.012787,34.924114,34.79572,32.393795,30.016663,30.893991,25.994938,26.193293,26.147158,24.56743,24.186007,21.462975,20.408957,19.89742,18.061087,19.388924
13,33.952724,30.251749,27.805664,25.30421,21.736435,20.72733,17.208332,14.030337,11.909007,8.864696,7.916534,5.2376547,3.576762,0.0,6.1105337,8.563368,10.768369,14.544955,16.054234,20.280025,22.691925,25.707586,28.61072,21.659998,20.208353,16.93595,16.048862,12.717279,11.987248,9.85613,11.714954,10.496913,9.152857,14.381812,15.960419,12.920479,13.295766,18.483658,18.202946,15.53003,18.001942,22.888577,20.54397,19.736227,23.282152,26.704807,24.188515,24.815628,28.870155,27.395266,27.893637,30.367546,33.475468,31.649237,32.346195,31.815405,27.169395,29.013145,32.356228,28.124023,23.558962,27.284698,26.579432,29.326124,25.641968,21.760983,23.09848,19.642946,19.024736,24.681164,22.499065,18.276232,20.156517,25.036392,24.141361,28.976063,28.541494,25.936691,30.250078,28.409191,29.97772,33.006634,28.7052,26.342539,23.215887,27.134533,22.874313,27.210674,26.764439,29.269695,30.756971,31.955822,34.921318,35.073994,34.523983,32.338898,29.485243,30.541103,25.243475,25.110565,24.84197,22.83861,22.78588,19.484486,19.47881,18.725939,17.697262,19.093758
14,32.368244,28.777996,27.189314,23.643467,20.546507,20.749865,15.820054,14.899176,12.347359,11.324986,11.325218,10.327987,8.504995,6.1105337,0.0,6.016294,6.5434484,10.630173,11.800836,15.839148,18.323227,20.956322,24.42844,17.510054,15.558243,12.21666,10.858557,6.9533415,7.2468796,4.9300947,9.476085,10.810624,12.075668,16.730118,16.304775,12.504312,14.339364,19.174784,17.20063,14.168869,18.117456,21.61832,18.295639,18.175707,22.477474,24.360672,21.248743,23.054527,27.104275,26.533745,26.655806,27.743605,31.754164,30.43911,30.198862,29.132528,24.522379,26.201921,30.255499,26.811005,21.495718,25.71255,25.084692,28.475407,25.113974,20.880892,22.206202,18.877295,17.099346,22.190273,20.223095,15.9137335,16.705965,21.236393,20.46164,25.059788,24.424938,22.142282,25.88996,24.549244,25.674395,28.742813,24.349371,21.836443,18.92013,22.215284,17.915579,22.66595,21.95787,24.827065,26.077139,27.750896,30.186344,30.407522,29.39157,27.40432,24.113941,25.391724,19.756907,19.600168,19.441233,16.996393,16.91598,13.383231,13.933085,13.311945,13.173128,15.193073
15,28.790613,25.228434,23.170652,19.667597,16.770224,16.235325,11.471368,11.213914,7.479329,8.646213,8.564641,9.827456,9.122603,8.563368,6.016294,0.0,4.4497666,6.23385,10.0480585,12.459876,15.789864,18.74499,22.417368,15.772036,13.408942,10.890466,8.603607,6.9954123,5.2396455,7.317276,6.601689,10.943552,10.310262,13.924,12.3291025,7.9125195,9.363958,13.998318,11.657853,8.309655,12.270244,15.794767,12.588897,12.264133,16.464607,18.675207,15.993042,17.40938,21.30386,20.58567,20.69227,22.194414,25.882227,24.505651,24.563936,23.931116,19.250765,21.426565,25.092178,21.17734,16.54482,21.051348,21.108543,24.145771,20.221436,16.224815,18.739138,16.03278,13.297945,18.73035,18.011774,14.21859,13.899444,19.236229,17.191936,22.007372,20.91726,17.830795,21.975588,19.87288,21.446775,24.554338,20.43723,17.922924,14.718538,18.887753,15.204211,19.872677,20.245378,23.232132,25.284117,27.299082,29.92382,29.065046,28.390503,25.405678,22.940382,22.920012,18.144016,17.489029,17.20187,16.196335,16.08682,14.814451,13.631619,14.892016,13.796081,16.89584
16,26.434994,22.939817,21.701982,17.637403,14.949979,15.869495,10.21233,11.479508,9.204086,10.475104,11.927443,12.694069,12.466026,10.768369,6.5434484,4.4497666,0.0,4.9010134,5.875284,9.620658,12.158584,15.0710335,18.549215,11.723149,9.588856,6.6373963,5.8768916,4.4520073,5.997812,8.316575,10.058516,14.679024,14.647068,18.368916,16.447054,11.955537,13.281942,17.659819,14.61024,10.950671,14.91283,17.892107,13.953182,13.13327,17.964287,19.389202,15.226879,17.288492,21.541904,21.48655,22.114,22.19154,26.673069,25.973793,25.65528,25.034536,20.453096,22.87759,26.895044,23.30436,18.83705,23.723494,24.063154,27.311066,23.441633,19.509855,22.19943,19.68206,16.315449,21.147717,20.742867,17.031107,15.752522,20.643208,18.524544,22.992851,21.43646,18.32914,21.620758,19.404364,20.134312,22.834091,18.273119,16.176662,13.886245,17.509764,14.653587,20.08661,20.397429,23.853632,25.627602,28.140959,30.118532,29.341337,28.04393,25.202238,22.19391,22.04998,16.943304,15.328968,14.461286,13.085747,13.780605,12.328505,12.87583,14.390958,14.644499,17.989922
17,25.012589,21.725342,20.508768,16.076212,14.145429,14.862637,9.230028,12.311444,9.35172,12.577199,13.592296,15.52809,15.333219,14.544955,10.630173,6.23385,4.9010134,0.0,6.577217,6.40033,10.371755,13.128565,17.287937,11.320496,8.273367,7.118728,4.194796,6.404628,6.139845,10.5984745,9.65506,15.886784,15.784266,18.282763,15.052066,10.743723,12.299757,15.498515,11.476403,8.009033,12.365418,13.896326,9.561086,9.359137,14.266505,14.680464,10.749332,13.427467,17.282148,17.707537,17.863882,17.459833,22.129677,21.624908,20.936125,20.303057,15.790585,18.439833,22.44646,19.10027,14.929449,20.044022,20.916412,24.073954,20.19632,16.543898,19.853592,18.06099,13.772018,18.058155,18.76176,15.7810955,13.167283,18.111269,15.097911,19.398388,17.404205,13.840079,17.133638,14.576617,15.571409,18.473799,14.226981,11.849941,9.253034,13.4083,11.220675,16.527315,17.669544,21.209402,23.482178,26.323153,28.236181,26.64729,25.531551,22.007828,19.666672,18.487116,14.242724,12.314933,11.560614,11.668673,12.051851,12.9290085,11.798921,14.774291,14.510649,18.47429
18,22.171144,18.920586,18.869732,14.120061,12.222469,15.045033,9.079077,12.738145,12.144535,14.095226,16.633429,17.591448,18.033232,16.054234,11.800836,10.0480585,5.875284,6.577217,0.0,6.261297,6.7874384,9.785283,12.737812,5.8538165,4.4176826,1.7310225,6.0082197,7.4017415,10.483838,13.304533,15.189808,20.430166,20.268902,23.67406,21.20533,16.726368,17.64399,21.441212,17.81211,14.145867,17.540344,19.717955,15.386381,13.838796,18.875206,19.383118,13.574698,16.14128,20.549404,21.34004,22.691317,21.007233,26.215868,26.440796,25.83686,25.531557,21.309475,24.181524,28.232498,24.932304,21.304619,26.476284,27.421194,30.617252,26.675522,23.105923,26.347208,24.334017,20.224033,24.302153,24.738302,21.480099,18.985653,23.35149,20.7426,24.588669,22.309355,18.982252,21.028059,18.311443,17.890451,19.723185,14.788545,13.723102,13.170687,16.016542,15.190446,21.027983,21.76002,25.628048,27.320963,30.471352,31.66801,30.54452,28.645363,25.651178,22.491255,21.49913,16.835875,13.545213,11.550509,10.718084,12.805692,12.547593,14.613827,16.914513,18.231117,21.867737
19,21.570002,18.773308,18.985802,13.726059,13.218549,15.765589,10.288407,15.534434,14.066458,17.563984,19.405102,21.319775,21.48346,20.280025,15.839148,12.459876,9.620658,6.40033,6.261297,0.0,4.77334,7.009207,11.602602,7.190159,3.819286,5.984435,5.850155,9.95408,11.450821,15.688328,15.597182,22.025127,22.158257,24.396048,20.677053,16.66825,17.961514,20.344446,15.831293,12.892737,16.384632,16.409435,11.8810215,11.324984,16.013638,14.544343,8.685772,12.6613,16.252428,18.039898,18.682678,15.646191,21.379328,22.094368,20.703577,20.22965,16.42918,19.366457,23.437763,20.895758,17.734032,22.891167,24.370409,27.47294,23.83616,20.727,24.31813,23.13922,18.26591,21.23293,22.834454,20.499155,16.643877,20.517097,17.144487,20.355146,17.512304,13.960311,15.294098,12.305452,11.632118,13.613021,8.801605,7.494748,7.6594677,10.376082,11.245835,16.720625,18.35773,22.273504,24.392082,27.946974,28.884455,26.849148,25.050722,21.362041,18.976084,16.64449,13.269918,9.205094,7.032339,8.763462,10.483485,13.296694,13.472044,17.215345,18.102058,22.238577
20,18.79333,16.25228,17.624672,12.203235,12.304625,16.274326,11.246505,16.776535,16.623264,19.608511,22.214855,23.774817,24.375677,22.691925,18.323227,15.789864,12.158584,10.371755,6.7874384,4.77334,0.0,3.5049634,6.973848,3.3992949,2.9423618,6.3575096,9.357364,12.708907,15.293598,18.922302,19.846394,25.935719,25.826342,28.466549,25.10685,20.942997,21.799515,24.478527,20.239931,17.12598,20.002111,20.496847,16.18417,14.713182,19.231453,18.017532,11.3400545,14.695722,18.429157,20.436407,21.965092,18.144136,23.98392,25.25776,24.058435,23.980263,20.52341,23.623333,27.499825,24.925444,22.350874,27.48769,29.10008,32.11672,28.365126,25.380114,29.076092,27.825691,23.015203,25.956846,27.507132,25.046394,21.284395,24.902306,21.693697,24.579884,21.58019,18.201647,18.65036,15.532229,13.790574,14.465046,9.516815,10.001071,11.804927,13.350305,15.275375,20.700262,22.176645,26.183949,27.99041,31.723858,32.186855,30.321974,28.073645,24.69006,21.995716,19.617928,16.417034,11.62272,8.589422,9.970966,12.8036585,15.085776,16.9262,20.265041,21.879873,25.84121
21,19.844505,17.822443,19.90688,14.509742,15.244903,19.406445,14.648199,20.269073,20.030052,23.06236,25.557869,27.079199,27.460358,25.707586,20.956322,18.74499,15.0710335,13.128565,9.785283,7.009207,3.5049634,0.0,5.6291146,5.6828976,5.500762,8.927033,11.385763,14.839112,17.53615,21.077456,22.249353,28.430622,28.819141,31.335846,27.677778,23.650082,24.819363,27.196556,22.68215,19.835918,22.882088,22.602043,18.287956,17.360216,21.621675,19.405434,13.005552,16.812187,19.961727,22.508982,23.739649,18.96357,25.073774,26.73891,24.980806,24.632137,21.625046,24.441242,28.439314,26.548609,23.965994,28.963257,30.60144,33.722225,30.316856,27.430212,30.929243,29.85712,24.912148,27.21076,28.929338,26.74214,22.617605,25.578794,22.534788,24.817533,21.69526,18.79663,18.255127,15.682454,13.146307,13.241128,8.650661,9.763191,12.575846,12.746709,15.636055,20.715542,22.143532,26.14832,27.724083,31.678518,31.622524,29.708178,27.13472,23.953465,21.230213,18.661154,15.998798,10.835838,7.589652,9.401226,12.470183,15.45337,17.588669,21.03645,23.05382,26.961939
22,16.178415,14.714534,18.006208,13.185506,14.631418,19.635965,15.989014,21.440687,22.422775,25.074673,28.21745,29.585146,30.578362,28.61072,24.42844,22.417368,18.549215,17.287937,12.737812,11.602602,6.973848,5.6291146,0.0,6.9760056,9.474009,12.298195,16.120293,19.095404,22.121616,25.403166,26.796915,32.756397,32.44683,35.191982,31.931458,27.781294,28.28092,30.856972,26.761305,23.738432,25.960724,26.353725,22.366547,20.40791,24.368801,22.933525,16.112276,18.779629,22.023685,24.45248,26.698057,21.7983,27.547556,29.603266,28.43958,28.782675,25.959631,29.15689,32.706608,30.37934,28.632877,33.652153,35.545235,38.39813,34.642483,31.959505,35.83089,34.737507,29.842833,32.44349,34.242462,31.91434,27.960253,31.147163,27.951164,30.261204,27.017721,23.867434,23.177052,20.045395,17.258839,16.216036,12.273448,14.500559,17.653147,17.99345,21.221495,26.236984,27.764517,31.76091,33.306828,37.281193,37.10495,35.19511,32.514297,29.379787,26.706959,23.977358,21.588154,16.398058,13.158358,14.61203,17.889807,20.145016,22.972528,26.115004,28.27827,32.10192
23,18.553207,15.831522,17.326536,12.204145,11.734476,16.14228,11.117604,15.995217,16.523388,18.771128,21.793526,22.89378,23.717117,21.659998,17.510054,15.772036,11.723149,11.320496,5.8538165,7.190159,3.3992949,5.6828976,6.9760056,0.0,3.9132345,5.6077495,10.284577,12.646473,15.865555,18.853638,20.632706,26.197592,25.905973,29.054485,26.24666,21.878782,22.505285,25.775438,21.902647,18.467667,21.222868,22.653698,18.377005,16.411106,21.091988,20.76093,14.001341,16.702702,20.837963,22.40412,24.35532,21.087051,26.704075,27.809956,26.990236,27.02981,23.364656,26.498259,30.378864,27.433796,24.705627,29.902384,31.32677,34.384174,30.456333,27.28206,30.88647,29.288994,24.757996,28.175611,29.264927,26.411087,23.165384,26.998571,24.074326,27.240267,24.433956,21.092524,21.84903,18.793467,17.183838,17.790924,12.878879,13.335955,14.724897,16.444016,17.673723,23.335794,24.439774,28.466045,30.070307,33.66637,34.18387,32.73074,30.381048,27.314816,24.240862,22.433178,18.650051,14.127101,11.196048,11.3701935,14.434623,15.384039,18.204111,20.92581,22.815205,26.547846
24,21.110554,18.299889,19.124788,13.827884,13.141166,16.616663,10.97166,15.926485,15.281088,17.983433,20.363485,21.696703,21.992455,20.208353,15.558243,13.408942,9.588856,8.273367,4.4176826,3.819286,2.9423618,5.500762,9.474009,3.9132345,0.0,3.6251547,6.713588,9.808084,12.651374,16.065207,17.469248,23.361147,23.614023,26.491034,23.27976,19.014566,20.206533,23.2286,18.991314,15.720436,19.152067,19.960825,15.45443,14.373512,19.206034,18.261147,12.025077,15.5001135,19.412752,21.073675,22.22229,19.102036,24.854822,25.687826,24.450113,24.017296,20.242435,23.091991,27.246424,24.632729,21.31928,26.491695,27.755783,30.987919,27.321072,24.019415,27.383516,25.842424,21.2191,24.419104,25.506626,22.781744,19.349678,23.089947,20.214697,23.405811,20.705297,17.508684,18.508757,15.85186,14.627746,16.029772,11.047765,10.489805,11.221464,13.094143,13.797448,19.512865,20.592682,24.604553,26.296114,29.86256,30.523191,29.000807,26.808659,23.65352,20.643486,18.941065,14.970317,10.695819,8.062224,8.331833,11.003026,12.55569,14.546314,17.62315,19.278528,23.158644
25,23.016178,19.898455,20.164686,15.2428665,13.634459,16.631897,10.663659,14.45428,13.666626,15.621259,17.971846,18.839024,18.994915,16.93595,12.21666,10.890466,6.6373963,7.118728,1.7310225,5.984435,6.3575096,8.927033,12.298195,5.6077495,3.6251547,0.0,5.4552903,7.055131,10.511064,13.249863,15.545998,20.84234,21.193348,24.572168,21.911587,17.480795,18.750847,22.41848,18.547445,15.000343,18.705353,20.423973,15.94847,14.840766,19.881767,19.823044,14.045505,17.052925,21.27986,22.337433,23.435335,21.348337,26.777317,27.109882,26.170326,25.61106,21.48479,24.165197,28.417028,25.4704,21.579187,26.735397,27.595905,30.949038,27.222822,23.59319,26.628172,24.626232,20.441645,24.227867,24.618822,21.416437,18.751642,22.810862,20.382187,24.037867,21.76346,18.700146,20.444242,18.077553,17.433155,19.281225,14.345003,13.202086,12.827743,15.19305,14.409459,20.296276,20.86264,24.784817,26.3196,29.56064,30.550581,29.5282,27.46015,24.635387,21.294544,20.46068,15.677799,12.319206,10.317059,9.132137,11.390158,11.164258,13.633027,15.959981,17.61696,21.247883
26,26.536654,23.424429,23.030632,18.140295,16.566101,18.26797,12.317387,15.736616,13.219261,15.784891,16.859522,18.153133,17.41606,16.048862,10.858557,8.603607,5.8768916,4.194796,6.0082197,5.850155,9.357364,11.385763,16.120293,10.284577,6.713588,5.4552903,0.0,4.377143,6.1657543,9.992904,11.207629,17.129263,18.409634,21.184101,17.85035,13.710274,16.000555,19.110184,14.772431,11.695559,16.415247,17.099867,12.523809,13.073616,17.928158,17.083187,12.844451,16.453392,20.063221,21.116201,20.969862,19.421925,24.685015,24.534983,23.076118,21.821804,17.592026,19.69441,24.26426,21.83376,16.995213,22.01036,22.554823,26.159628,22.878845,19.058489,21.64017,19.719313,15.422456,18.93173,19.260506,16.2398,13.326325,17.397139,15.075063,18.909842,16.963379,14.22069,16.626604,15.060706,15.31525,18.191183,13.784619,11.264765,9.237124,11.980573,9.572475,15.380938,15.868965,19.675085,21.434113,24.530128,25.90494,24.7445,23.091614,20.107319,17.03318,16.501993,11.493514,9.452187,8.802602,7.767923,8.300361,8.973925,8.957867,11.979513,12.859292,16.823635
27,29.30741,25.994656,25.305325,20.78147,18.56099,19.922445,14.042391,15.914689,13.307988,14.582221,15.343944,15.784265,14.523724,12.717279,6.9533415,6.9954123,4.4520073,6.404628,7.4017415,9.95408,12.708907,14.839112,19.095404,12.646473,9.808084,7.055131,4.377143,0.0,4.50992,6.320363,9.924302,14.52197,16.40796,19.938534,17.507175,13.345927,15.856532,19.7296,16.084272,12.929897,17.746307,19.443714,15.207433,15.680011,20.474731,20.530182,16.724405,19.773834,23.59518,24.093838,23.950449,23.311758,28.210716,27.618713,26.456772,25.067484,20.67752,22.425291,27.002443,24.36818,18.961777,23.701145,23.617868,27.356426,24.18915,20.029335,21.892466,19.294811,15.892528,19.964577,19.135141,15.434956,13.95759,18.074001,16.714312,20.845356,19.565535,17.311218,20.17337,19.056385,19.574553,22.548958,18.145174,15.589343,13.185825,15.80761,12.173457,17.621342,17.233133,20.732325,22.069458,24.640295,26.320908,25.97909,24.419239,22.123037,18.62636,19.328205,13.657007,12.783777,12.534924,10.138734,10.273082,8.036726,8.933339,10.182536,11.207576,14.584011
28,31.008694,27.650688,26.283062,22.0527,19.774788,20.010195,14.628869,15.918757,12.170516,13.882424,13.457473,14.483709,12.703388,11.987248,7.2468796,5.2396455,5.997812,6.139845,10.483838,11.450821,15.293598,17.53615,22.121616,15.865555,12.651374,10.511064,6.1657543,4.50992,0.0,4.929256,5.529416,10.991232,13.122989,16.018736,13.203735,9.3015585,12.505561,15.965944,12.416244,9.779604,14.960628,16.352154,12.570111,13.956631,18.227844,18.443121,16.11513,18.866987,22.2283,22.353016,21.483683,21.905472,26.192453,25.048151,23.967081,22.393936,17.918316,19.334864,23.74934,21.084091,15.255028,19.736929,19.410185,23.119564,20.065384,15.795572,17.444386,14.802828,11.539439,15.9944515,15.03847,11.289319,10.218246,14.961047,13.5125885,18.074963,17.210146,14.97338,18.750597,17.82809,19.26581,22.743603,18.859722,15.768824,12.261705,15.541588,10.908038,15.586149,15.402495,18.493797,20.288431,22.471798,24.845219,24.195599,23.338785,20.696815,17.92755,18.5588,13.399947,13.648553,14.106913,12.627194,11.70774,10.615614,8.429392,9.988824,9.067796,12.676859
29,34.67866,31.213478,29.808504,25.80009,23.144331,23.34834,18.102085,18.203249,14.758318,14.913383,14.047345,13.788473,11.061309,9.85613,4.9300947,7.317276,8.316575,10.5984745,13.304533,15.688328,18.922302,21.077456,25.403166,18.853638,16.065207,13.249863,9.992904,6.320363,4.929256,0.0,7.0773005,9.030067,12.647051,16.362665,14.892803,11.578497,14.778667,18.717766,16.08397,13.711069,18.526619,20.580614,17.18905,18.427725,22.551104,23.224066,20.977499,23.509518,26.998001,26.833729,25.98886,26.806606,30.924116,29.53417,28.56267,26.793072,22.390282,23.357843,27.760927,25.199684,19.030783,22.962202,21.914852,25.710058,23.066074,18.668116,19.188377,15.871011,14.073138,18.486567,16.13154,11.848129,12.721559,16.710184,16.60111,20.986471,20.784962,19.255098,22.96448,22.572474,23.923735,27.394077,23.420504,20.365294,16.978859,19.738844,14.578878,18.748634,17.572803,20.20218,21.312819,22.844837,25.374842,25.746428,24.89372,23.177366,19.94747,21.8188,16.193884,17.169329,17.795803,15.257886,14.21559,10.93747,9.900825,8.965108,8.257066,10.461969
30,33.868324,30.46091,28.274916,24.678576,22.228397,21.112234,16.781067,16.796675,12.211754,13.757735,11.67392,13.169328,10.826648,11.714954,9.476085,6.601689,10.058516,9.65506,15.189808,15.597182,19.846394,22.249353,26.796915,20.632706,17.469248,15.545998,11.207629,9.924302,5.529416,7.0773005,0.0,6.883643,8.979112,10.898773,8.059079,4.996773,9.108099,12.02467,9.553966,8.198589,12.910902,14.449451,12.00883,14.070059,17.194927,18.233759,17.822256,19.688795,22.462229,21.828995,20.25561,22.429068,25.578264,23.599432,22.991133,21.42126,17.00983,17.94938,21.736176,18.789677,12.784226,16.470856,15.624134,19.052578,16.082886,11.714808,12.833009,9.813826,7.6815057,13.084535,11.58024,7.721621,8.611276,13.872641,12.593707,17.4688,17.342209,15.254504,19.992336,19.186663,21.587727,25.361198,22.085796,18.779617,14.5579405,18.31477,13.237091,16.33026,16.344666,18.534489,20.735538,22.112215,25.384857,24.54792,24.633963,21.81492,20.024006,20.641438,16.401907,17.593384,18.474922,17.633373,16.170555,15.499102,11.723508,12.782371,9.83385,12.679978
31,39.432575,35.878464,33.314148,30.230453,27.312407,25.702158,21.933777,20.282885,16.05868,15.6678,12.42935,12.417823,8.719609,10.496913,10.810624,10.943552,14.679024,15.886784,20.430166,22.025127,25.935719,28.430622,32.756397,26.197592,23.361147,20.84234,17.129263,14.52197,10.991232,9.030067,6.883643,0.0,6.6947913,9.158521,9.7072525,9.039182,11.968699,14.956839,14.630315,13.948746,17.383959,19.84611,18.332256,20.043459,22.59665,24.50561,24.493038,25.822481,28.589025,27.352646,25.772743,28.901552,31.419016,28.924074,28.747292,27.12115,22.96491,23.32315,26.6241,23.70696,17.88292,20.267433,18.38046,21.402143,19.15711,15.154966,14.331464,10.459405,11.754687,16.612936,13.229028,9.3097,13.281057,17.315912,17.580936,22.07697,22.832373,21.47554,26.271973,25.896074,28.405426,32.226326,28.924402,25.609787,21.381166,24.85918,19.299986,21.639545,20.793238,22.126911,23.723248,23.957785,27.764988,27.921278,28.411106,26.471304,24.598677,26.302752,21.867266,23.744232,24.778896,23.203657,21.59542,19.429852,16.242512,15.345714,12.029544,12.639884
32,36.337105,32.752975,29.466486,27.299095,24.129913,21.493689,19.039495,16.028114,12.104264,11.182222,7.071035,7.917456,5.852588,9.152857,12.075668,10.310262,14.647068,15.784266,20.268902,22.158257,25.826342,28.819141,32.44683,25.905973,23.614023,21.193348,18.409634,16.40796,13.122989,12.647051,8.979112,6.6947913,0.0,5.2401786,8.194369,7.4809675,7.6036944,11.384582,12.847916,12.027832,13.520042,17.85268,17.167885,17.501091,19.412918,23.169569,23.152178,23.162518,26.082859,23.989904,23.27754,27.529003,29.266047,26.538027,27.596407,27.062576,22.778366,24.072987,26.476667,22.1788,18.039143,20.573277,19.611027,21.609262,18.105392,14.730011,15.718856,12.576269,13.419292,19.108122,17.15658,13.842558,16.638361,21.612864,20.47436,25.26054,25.369425,22.881784,27.98523,26.329256,28.999165,32.47232,29.099722,26.271648,22.27294,26.643816,22.06281,24.864092,25.012863,26.694176,28.869755,29.498425,33.292255,32.686592,33.20463,30.443304,28.915167,29.44179,25.363249,26.139267,26.532104,25.6687,24.7178,23.138674,20.40487,20.499928,17.534813,18.97401
33,38.259644,34.835476,31.243338,29.314655,26.503588,23.236519,21.475813,18.873375,14.679873,14.872954,10.708293,12.538079,11.063516,14.381812,16.730118,13.924,18.368916,18.282763,23.67406,24.396048,28.466549,31.335846,35.191982,29.054485,26.491034,24.572168,21.184101,19.938534,16.018736,16.362665,10.898773,9.158521,5.2401786,0.0,5.5774045,7.8841524,7.6808114,8.730227,11.635018,12.437504,12.899121,16.21001,16.82636,17.861284,18.486904,22.188223,23.740313,23.381344,25.417309,23.0467,21.532532,26.761415,27.52067,24.276545,25.554708,25.063799,21.25421,22.112112,23.69425,19.51005,16.047167,17.433205,16.365213,17.58261,14.3292,11.726676,12.405148,10.020399,12.019845,17.101126,15.626848,13.494498,16.433853,21.045788,19.74572,24.191494,24.612122,22.306036,27.628046,26.128832,29.330767,32.914753,30.194777,27.254942,23.018867,27.40472,22.966984,24.69085,25.249487,26.365124,28.898462,29.202751,33.338753,32.23604,33.36759,30.312904,29.641495,29.77593,26.60532,27.777771,28.471157,28.237888,26.923214,26.271904,22.44319,23.01716,19.371153,20.775642
34,35.96049,32.68878,29.518845,26.96443,24.659588,21.869558,19.481813,18.499033,13.773001,15.633458,12.281838,14.89997,13.386585,15.960419,16.304775,12.3291025,16.447054,15.052066,21.20533,20.677053,25.10685,27.677778,31.931458,26.24666,23.27976,21.911587,17.85035,17.507175,13.203735,14.892803,8.059079,9.7072525,8.194369,5.5774045,0.0,4.5303497,6.3702564,5.9065604,6.8864336,8.563801,10.207849,11.612596,12.066282,14.252348,14.952332,17.359928,19.484486,19.771217,21.402548,19.670279,17.363565,22.028568,23.1578,20.10222,20.628248,19.728895,15.88433,16.607798,18.587688,14.823702,10.542848,12.427081,11.698669,13.583264,10.061215,6.5846896,8.34246,6.448818,6.768649,12.033608,11.616306,9.961236,11.618164,16.420681,14.483802,18.918367,19.154654,16.818672,22.157467,20.873623,24.233145,27.947226,25.585,22.475573,18.108646,22.351505,18.113913,19.471449,20.467173,21.679087,24.549023,25.281181,29.218657,27.546516,28.68172,25.240854,24.936739,24.590921,21.965857,23.231153,24.145302,24.425446,22.885813,23.286867,18.707397,20.160435,16.414328,18.589525
35,32.443493,29.071642,26.205065,23.296005,20.847563,18.627476,15.503802,14.875023,10.030095,12.200836,9.583273,12.29367,11.051902,12.920479,12.504312,7.9125195,11.955537,10.743723,16.726368,16.66825,20.942997,23.650082,27.781294,21.878782,19.014566,17.480795,13.710274,13.345927,9.3015585,11.578497,4.996773,9.039182,7.4809675,7.8841524,4.5303497,0.0,4.476274,7.1575704,5.8888745,5.2981615,8.59537,11.102872,9.946048,11.456523,13.567539,16.037916,16.577492,17.24447,19.73024,18.337833,16.881716,20.48212,22.644863,20.209324,20.563087,19.807001,15.405021,16.91451,19.694254,15.646703,11.011379,14.495614,14.336348,16.82626,12.881015,8.957727,11.617806,9.357414,7.4054036,13.332323,13.049882,10.298321,10.841588,16.359306,14.0155525,18.861988,18.451176,15.552941,20.702385,18.949726,21.831354,25.41913,22.46572,19.477842,15.298411,19.7907,15.698544,18.34695,19.31406,21.31083,24.04204,25.388601,28.863028,27.321033,27.791052,24.310608,23.290623,22.857721,19.523426,20.107895,20.651266,20.730791,19.595385,19.766973,15.945257,17.626572,14.573221,17.367012
36,30.65497,27.27376,23.801971,21.7124,19.078667,15.911605,14.110286,12.347395,7.853629,10.001685,7.3305182,10.8913965,11.077494,13.295766,14.339364,9.363958,13.281942,12.299757,17.64399,17.961514,21.799515,24.819363,28.28092,22.505285,20.206533,18.750847,16.000555,15.856532,12.505561,14.778667,9.108099,11.968699,7.6036944,7.6808114,6.3702564,4.476274,0.0,5.3809686,6.6149187,5.8903737,5.922323,10.896831,10.740714,10.501002,11.835146,16.235516,16.673645,16.008423,18.638905,16.398182,15.894841,20.476797,21.896475,19.296621,20.80988,21.052094,16.76066,18.975542,20.870592,15.7353525,13.069892,16.316729,16.813597,18.351559,13.628613,10.729029,14.321997,12.627356,11.13149,16.78998,17.056463,14.635984,15.02936,20.552916,17.73843,22.453445,21.691217,18.195244,23.258865,20.587067,23.437399,26.617085,23.647806,21.186508,17.464222,22.357792,19.131248,21.979258,23.371368,25.458294,28.333197,29.756731,33.208218,31.417564,31.881037,28.109098,27.228636,26.217583,23.119766,22.968084,23.011951,23.449505,22.81904,23.050718,19.854347,21.654545,18.88749,21.656446
