,0,1,2,3,4,5,6,7,8,9,10,11,12,13,14,15,16,17,18,19,20,21,22,23,24,25,26,27,28,29,30,31,32,33,34,35,36,37,38,39,40,41,42,43,44,45,46,47,48,49,50,51,52,53,54,55,56,57,58,59,60,61,62,63,64,65,66,67,68,69,70,71,72,73,74,75,76,77,78,79,80,81,82,83,84,85,86,87,88,89,90,91,92,93,94,95,96,97,98,99,100,101,102,103,104,105,106
0,0.0,4.335129,6.3172154,9.672804,12.256543,14.437268,17.868061,21.390152,24.786856,26.974413,31.575424,29.128073,26.356106,26.527733,21.505896,23.332067,19.451551,20.60227,20.307066,20.47624,23.573925,20.975943,26.380428,27.888037,27.370165,28.91041,28.01988,29.433746,24.312778,28.414768,25.634426,30.693499,32.076534,34.301327,36.735714,37.255196,41.32899,41.10531,39.10428,36.695187,37.11058,34.830765,31.80322,32.465496,28.702618,29.702644,26.184803,27.897127,27.959917,26.894066,24.704395,23.115128,21.257626,19.96516,19.035213,20.578499,21.728655,25.007698,26.844433,29.531063,27.25175,33.457222,32.538456,34.783054,38.199493,36.692055,40.082348,38.145138,42.945656,39.96952,35.491497,37.519886,34.943886,38.382275,36.594128,34.187347,36.40432,36.045517,36.050926,38.384403,35.462162,32.654133,30.583921,29.232094,30.043665,27.476112,29.371984,26.587734,26.651031,27.848885,25.778225,22.779003,18.453766,17.592485,13.780457,13.623822,16.302025,14.935272,10.894627,11.391829,12.502782,13.618606,17.033737,19.780272,20.227411,24.526634,25.078352
1,4.335129,0.0,5.3021398,6.640888,8.968367,12.193963,14.649416,19.107082,21.848837,24.445377,28.8236,26.563477,24.21532,23.96681,18.95413,20.065916,16.03378,16.668331,16.379389,16.189774,19.365982,17.002254,22.373686,23.693745,23.428493,24.787138,24.110676,25.352413,20.20583,24.253252,21.701483,26.62769,28.604553,30.661535,33.3471,34.021515,37.949818,37.639015,35.400356,32.79761,33.442024,30.857988,28.04923,28.553879,25.035645,26.0227,22.615326,24.562723,24.789488,24.196424,22.30694,21.120714,19.888395,19.123404,17.741493,19.250051,19.423985,22.905537,24.974474,27.151703,24.510283,30.574606,29.288412,31.292133,34.639214,32.862595,36.135498,34.038006,38.814816,35.828445,31.280771,33.208168,30.64214,34.063656,32.38103,29.986586,32.358547,32.12858,32.329033,34.785603,32.085854,29.072557,27.113735,25.487198,26.027021,23.435984,25.11538,22.263596,22.348011,23.651886,21.749952,18.96217,14.752612,13.42491,10.042176,9.836669,12.380026,10.694862,6.5747786,7.911008,8.78416,9.58035,13.751468,16.070246,17.15787,21.248003,22.317509
2,6.3172154,5.3021398,0.0,5.262888,6.8829846,8.677221,12.093803,15.2920265,18.893312,20.774342,25.576805,23.502829,20.848219,21.373766,16.509424,18.495306,15.627824,16.53481,17.853662,17.93716,21.760412,20.380877,25.641953,26.326973,26.400555,26.97523,25.637873,26.267937,20.26521,24.12971,20.675741,25.992113,26.402683,29.160887,31.090315,31.711775,35.784725,35.4325,33.792667,31.685673,31.5476,29.812151,26.446087,27.756037,23.558554,25.406975,22.245058,24.389547,25.152588,24.10247,21.77224,21.24992,19.617311,17.767591,15.453159,16.08627,16.62206,20.103779,21.340656,24.249105,22.199524,28.206085,27.100996,29.732391,32.745556,31.896292,35.31592,33.568386,38.554916,36.06035,31.702438,34.128574,31.203941,35.34252,32.91866,31.158104,33.190197,32.409847,32.573975,34.58008,31.853575,29.189608,26.293156,25.349138,25.991861,24.278118,25.670956,23.921364,23.820044,25.688395,23.669895,21.017508,17.630226,16.192684,13.990465,11.905316,12.8834715,11.477292,9.35704,12.283552,10.978758,10.667536,13.754906,15.076571,15.0915985,19.255123,19.273972
3,9.672804,6.640888,5.262888,0.0,3.8346736,5.889894,8.879285,12.821667,15.450559,18.260546,22.369,19.927187,17.641888,17.376232,12.39708,13.75593,10.423414,11.537215,12.805576,13.524862,17.429089,16.628763,21.903927,22.644482,23.715887,24.024137,23.500275,23.566545,17.15553,20.488153,17.122824,21.746302,22.636839,24.673002,27.148848,27.62292,31.682106,31.567688,29.54591,27.302729,27.896696,26.117296,23.199945,24.876942,21.02751,23.47315,20.76279,23.47207,24.62216,24.397434,22.57405,22.67261,21.867668,20.658846,17.811537,18.095213,17.05528,20.813574,21.909458,24.233837,21.803427,27.345873,25.368258,27.772589,30.189884,29.223356,32.28114,30.001797,35.109905,32.870842,28.273645,30.235552,27.033314,30.8489,28.108576,26.255476,28.073935,27.254421,27.346128,29.415293,26.693903,23.957798,21.270044,20.184883,21.026442,19.172188,21.077307,19.671698,20.19486,22.51856,21.213396,19.239658,16.183825,13.454511,12.420462,10.9578,11.009379,7.781072,6.600076,9.890721,6.656412,5.9038057,8.560148,10.284249,10.634187,14.862636,15.763251
4,12.256543,8.968367,6.8829846,3.8346736,0.0,5.287811,5.692,10.834643,13.101649,15.693326,20.093367,18.473907,16.695044,16.597437,12.015102,12.69667,10.485451,10.269037,12.962278,12.607008,16.83381,16.779821,21.52018,21.47754,22.407806,22.12232,21.01583,20.782349,14.121872,17.557968,13.924672,19.120295,19.881577,22.59148,24.71352,25.589994,29.465609,28.97141,27.106615,24.862047,24.882042,23.021282,19.831104,21.441294,17.381666,19.937931,17.343298,20.159105,21.601627,21.386883,19.597656,20.251019,19.729126,18.55836,15.245053,15.232061,13.5364485,17.320578,18.468954,20.52858,18.042213,23.51762,21.56501,24.026968,26.566557,25.697796,28.892914,26.909931,32.004536,29.826193,25.412325,27.817636,24.6537,29.07828,26.37305,25.011953,27.064714,26.21041,26.706074,28.685959,26.392075,23.563597,20.403118,19.313055,19.485662,18.327774,19.15254,18.157555,18.114777,20.6052,19.081734,17.228247,14.987637,12.530626,12.596949,9.690476,8.404246,6.130296,7.3134727,11.824878,8.621053,6.349349,9.544479,8.609686,9.514764,13.144756,13.852197
5,14.437268,12.193963,8.677221,5.889894,5.287811,0.0,6.020816,7.1771116,10.706064,12.957046,17.234709,14.829779,12.292743,12.846426,8.244738,10.774179,9.842809,11.299642,14.601485,15.7768345,19.958427,20.414347,25.202942,25.263842,26.962759,26.366362,25.488533,24.638805,17.485966,20.003931,15.672792,20.111635,18.852999,21.457462,23.070116,23.35704,27.588076,27.564827,26.21487,24.666079,24.55471,24.03324,20.703571,23.667297,19.294237,23.096918,21.096151,24.138847,25.991985,25.661112,23.707365,24.729948,23.928633,22.050735,18.245342,17.284586,15.770662,19.379538,19.16972,21.985031,20.239134,25.145298,22.934002,25.966946,27.495892,27.738686,30.695358,28.646288,33.95073,32.51421,28.18768,30.46147,26.80498,31.20996,27.485498,26.483603,27.68925,26.15285,26.161499,27.575665,24.918674,22.744556,18.910616,18.841324,19.885859,19.323917,20.952335,21.194984,21.723862,24.700033,23.62236,22.15602,20.155258,17.273314,17.464397,14.972131,13.355823,10.54986,11.727162,15.391877,11.081574,9.375446,9.237541,8.927356,7.148074,11.242617,10.753594
6,17.868061,14.649416,12.093803,8.879285,5.692,6.020816,0.0,6.811343,7.776388,10.473879,14.707682,13.86527,12.937656,12.8873625,9.427147,9.254247,9.632716,8.468363,13.279657,12.886068,17.14715,18.600657,22.46785,21.55109,23.261417,21.900099,20.669607,19.287178,11.9975815,14.332009,9.814157,14.876995,14.352156,17.655949,19.243246,20.322144,24.100037,23.4469,21.896349,20.001549,19.487041,18.361692,14.918193,17.652653,13.311131,17.330198,15.760476,19.067122,21.322432,21.483301,19.989405,21.792656,21.804995,20.593266,16.512447,15.421307,12.251497,15.791715,15.993634,17.684278,15.475172,19.98424,17.346674,20.118084,21.759512,21.724922,24.721247,22.823725,28.082964,26.647758,22.48193,25.126892,21.57965,26.604725,23.159569,22.706982,24.40063,23.076775,23.809423,25.337803,23.487608,20.929413,16.901112,16.358206,16.151215,16.40502,16.405071,17.131767,17.047901,20.224154,19.188469,18.240631,17.477192,14.738768,16.490934,13.131018,9.9411335,8.218686,11.783939,16.27487,12.223423,9.248555,10.275708,5.947438,6.431951,8.650552,8.96518
7,21.390152,19.107082,15.2920265,12.821667,10.834643,7.1771116,6.811343,0.0,5.1879287,5.960217,10.542289,9.201995,7.4165797,9.225717,7.3130536,9.523791,12.222341,12.817901,17.759106,18.71273,22.778189,24.54302,28.439676,27.588413,29.819569,28.178085,26.95268,25.05559,17.784658,18.985634,14.053851,17.752766,13.688251,17.270657,17.46204,17.79268,21.966871,21.815681,21.400822,20.77361,19.532682,20.612354,16.97641,21.360573,16.792524,21.99535,21.133135,24.388498,26.983467,26.785624,25.014273,27.131794,26.69826,24.604958,20.102339,17.938463,15.416931,18.359955,16.626167,19.35118,18.454706,21.936922,19.321846,22.869123,23.104874,24.822863,27.486252,25.840885,31.141132,30.728394,26.966024,29.56762,25.621246,30.654985,26.093466,26.299673,26.934801,24.735456,24.93353,25.534267,23.4435,21.919659,16.904303,17.94149,18.662355,19.900162,20.542112,22.630642,22.96599,26.438534,25.686954,24.947046,24.269749,21.419584,22.897284,19.670595,16.663414,14.747356,17.63339,21.663565,16.986664,14.623914,13.227947,10.026036,6.997584,8.326942,5.1425843
8,24.786856,21.848837,18.893312,15.450559,13.101649,10.706064,7.776388,5.1879287,0.0,4.586089,7.058464,6.6844172,7.426179,7.558982,7.5967636,7.059337,11.431303,10.961151,16.398132,17.16387,20.804098,23.47282,26.560282,25.25499,28.128714,25.944952,25.173185,22.587341,15.584697,15.561474,10.86589,13.237725,8.670773,12.156273,12.555926,13.15977,17.202833,16.988152,16.254087,15.618299,14.702642,16.069998,12.927283,17.969685,14.063846,19.876192,19.846663,23.359617,26.259735,26.773363,25.579739,28.16772,28.42374,26.980019,22.492428,20.426508,16.75133,19.447653,17.929142,19.417711,18.208971,20.627337,17.081718,20.184875,19.516117,21.312443,23.475592,21.491796,26.797987,26.87111,23.219387,25.542025,21.420046,26.438423,21.532719,22.276999,22.694843,20.355536,20.85431,21.300034,19.783003,18.269604,13.0065775,14.167434,14.42235,16.609217,16.695936,19.850801,20.390833,24.14459,24.027721,24.070967,24.199913,21.031319,23.554195,20.578272,16.949286,14.9867735,18.845934,22.764088,17.943401,15.276959,13.404205,8.620089,6.530613,4.662755,2.1181357
9,26.974413,24.445377,20.774342,18.260546,15.693326,12.957046,10.473879,5.960217,4.586089,0.0,5.729329,7.610996,8.337171,10.199123,11.025045,11.521337,15.833546,15.378308,20.882408,21.297606,25.02677,27.636631,30.666378,29.061491,31.522638,29.106619,27.632835,24.987667,18.259785,18.25298,13.482569,16.131327,9.742777,14.467642,13.032616,13.8227415,17.542496,16.941322,17.451162,17.641647,15.096399,17.568447,13.885312,19.20072,14.931433,20.899696,21.113966,24.344612,27.406971,27.454943,26.035238,28.92463,28.94833,27.022495,22.334768,19.635994,16.294685,18.3723,15.772149,17.710644,17.466461,19.245117,16.245987,19.94894,18.935135,21.890018,24.177324,23.012447,28.084225,28.533045,25.44315,28.284067,24.350147,29.805588,24.924862,26.183287,26.53962,24.05002,24.628302,24.644928,23.383324,22.274155,16.800066,18.368046,18.373573,20.995975,20.437576,23.750721,23.781868,27.407522,26.920673,26.79658,27.17607,24.515173,26.867077,23.279802,19.544024,18.412117,22.17924,26.408585,21.762281,19.052847,17.577993,12.92783,10.664233,9.140928,5.1460915
10,31.575424,28.8236,25.576805,22.369,20.093367,17.234709,14.707682,10.542289,7.058464,5.729329,0.0,5.387091,8.593209,9.390822,12.562231,12.062362,17.344982,16.996937,22.215342,23.162786,26.309381,29.55579,31.995111,30.294567,33.56271,30.817318,30.041504,26.811134,20.592474,19.25414,15.23142,15.488873,7.465706,10.89758,8.410347,8.496857,12.275325,12.321323,13.367225,14.61957,12.532793,16.607843,14.098139,20.163244,17.00579,23.313246,24.305346,27.66244,30.899075,31.497448,30.488323,33.599174,33.990257,32.380028,27.734009,25.098484,21.358019,23.206923,20.583033,21.73706,21.499296,22.023582,18.325315,21.458145,18.816273,22.363943,23.718615,22.179127,27.025414,28.428564,25.633146,27.825174,23.687046,28.60786,23.012794,24.903662,24.383083,21.411766,21.83142,21.103882,20.31861,19.980478,14.418271,16.84837,17.083445,20.576302,20.209919,24.643017,25.223795,29.062086,29.323477,29.872711,30.636469,27.53761,30.425503,27.36514,23.482697,21.856941,25.86741,29.675432,24.737743,22.173273,19.618073,15.125,12.865346,9.640588,6.7690187
11,29.128073,26.563477,23.502829,19.927187,18.473907,14.829779,13.86527,9.201995,6.6844172,7.610996,5.387091,0.0,4.073221,4.305608,8.416797,9.002379,14.1123705,15.117992,19.687109,21.772629,24.923481,27.789354,30.800028,29.85542,33.48345,31.30026,31.16511,28.283552,21.562262,20.676073,16.558043,16.815186,10.5713415,11.819247,11.462643,10.210863,14.70254,15.855354,15.858735,16.565138,16.374685,19.525959,17.329834,23.066927,19.808598,25.902336,26.278643,29.819975,32.799183,33.41066,32.227642,34.82341,34.955376,33.266655,28.711157,26.402468,23.075258,25.558207,23.316357,25.059788,24.367413,25.976814,22.26551,25.306896,23.266592,25.935356,27.349453,25.096418,30.184818,31.160412,27.72912,29.345306,24.959309,29.143782,23.282593,24.329758,23.42022,20.297665,19.962488,19.345274,17.56149,17.425932,11.899522,14.745951,16.318306,18.903013,20.22394,24.205017,25.515236,29.429031,29.877518,30.220564,30.195318,26.579485,28.983744,26.614023,23.254646,20.56901,23.933208,27.176407,21.937923,19.873417,16.223642,13.269252,9.961876,7.552018,4.950742
12,26.356106,24.21532,20.848219,17.641888,16.695044,12.292743,12.937656,7.4165797,7.426179,8.337171,8.593209,4.073221,0.0,3.9988344,6.3815236,9.18358,13.278969,15.199538,19.448542,21.893764,25.349293,27.602913,31.2547,30.740988,34.072834,32.32394,32.06416,29.634422,22.537956,22.46803,18.02061,19.330921,13.884853,15.398373,15.454146,14.266321,18.767424,19.879528,19.763283,20.09986,19.920504,22.48296,19.864166,25.233433,21.469551,27.292004,27.079239,30.561913,33.33076,33.586296,32.074062,34.29373,34.017506,32.006706,27.518517,25.285137,22.6146,25.35348,23.13085,25.577549,24.89846,27.330631,24.04203,27.348974,26.037361,28.420254,30.235779,28.021366,33.251175,33.75246,30.044647,31.782194,27.426086,31.58315,25.964594,26.423027,25.736551,22.7936,22.188345,21.895744,19.481537,19.166035,13.948808,16.460024,18.463747,20.171919,22.113617,25.316206,26.643711,30.447176,30.565273,30.429483,29.780575,26.191364,27.924717,25.630178,22.718039,19.762321,22.461779,25.582745,20.32681,18.5708,14.813925,13.033098,8.899434,8.501361,5.353654
13,26.527733,23.96681,21.373766,17.376232,16.597437,12.846426,12.8873625,9.225717,7.558982,10.199123,9.390822,4.305608,3.9988344,0.0,5.0527062,6.3213696,10.750357,12.788545,16.617147,19.48365,22.554771,25.062168,28.447971,28.08803,31.89697,30.19391,30.574776,28.035557,21.15245,20.671017,16.719334,17.083965,12.8160715,12.902047,14.216908,12.816231,17.351068,18.78518,17.835388,17.778086,18.81859,20.902779,18.954351,24.163818,20.971989,26.672352,26.578403,30.198847,32.91307,33.62636,32.42034,34.583042,34.637096,33.096542,28.749868,26.879028,23.750547,26.682108,25.033415,26.910551,25.712675,28.106556,24.355598,27.176022,25.7487,27.536377,29.041243,26.285603,31.50746,31.985939,28.07635,29.274052,24.833868,28.44876,22.703934,22.945143,22.019648,19.06378,18.30107,18.153511,15.595589,15.195181,10.0998535,12.695769,15.134285,16.70348,19.239916,22.603125,24.411568,28.274029,28.861124,29.071066,28.479395,24.520088,26.586624,24.869417,21.988192,18.537308,21.365314,24.080954,18.734306,17.094349,12.695922,11.162422,7.4508214,6.2829823,5.631832
14,21.505896,18.95413,16.509424,12.39708,12.015102,8.244738,9.427147,7.3130536,7.5967636,11.025045,12.562231,8.416797,6.3815236,5.0527062,0.0,4.910783,7.1514063,9.924931,13.5107765,16.384375,19.868551,21.65339,25.702682,25.72553,29.034077,27.851027,28.107103,26.180128,19.030966,19.630531,15.5174885,17.343557,14.855021,15.657365,17.652288,16.959358,21.411352,22.324095,20.871477,19.92726,20.972326,21.733381,19.362764,23.727722,20.14939,25.213814,24.383884,27.918903,30.29886,30.804752,29.411972,31.09944,30.93449,29.421629,25.317278,23.879875,21.162718,24.478905,23.477116,25.6293,24.029016,27.468964,24.08378,26.903423,26.640463,27.58458,29.615988,26.858631,32.221317,31.860022,27.56974,28.965078,24.7131,28.425308,23.407715,22.851944,22.748379,20.416271,19.831005,20.568632,17.697573,16.334452,11.965622,13.174209,15.42534,15.738899,18.547756,20.652052,22.323547,25.959713,26.137083,25.835468,24.61383,20.705847,22.188175,20.609,18.21779,14.432431,16.702763,19.420929,14.094576,12.580702,8.440518,7.9632654,3.6514623,6.033443,6.3112016
15,23.332067,20.065916,18.495306,13.75593,12.69667,10.774179,9.254247,9.523791,7.059337,11.521337,12.062362,9.002379,9.18358,6.3213696,4.910783,0.0,5.4567423,6.505636,10.689321,13.181613,16.299223,18.903555,22.206743,21.842583,25.627941,24.093294,24.811628,22.503695,15.7202425,15.565237,12.044964,12.818037,11.836224,11.807885,14.869404,14.609943,18.716885,19.435661,17.20054,15.665664,17.559494,17.658728,15.960145,20.123465,17.287712,22.27912,21.887331,25.549223,28.019629,29.129955,28.2352,30.181293,30.62002,29.757301,25.749985,24.542633,20.981632,24.206766,23.717924,24.904184,22.847248,25.801426,21.892118,24.107738,23.642282,24.02815,25.724756,22.571709,27.881475,27.559704,23.211752,24.274357,19.962818,23.552216,18.512472,18.071198,18.124067,15.939795,15.808348,16.901829,14.566089,12.575592,8.177762,8.710564,10.534816,11.245216,13.789954,16.463545,18.36745,22.164751,22.861433,23.177372,22.608896,18.480902,20.948801,19.574638,16.723866,12.996114,16.227665,18.95124,13.789398,11.817927,8.033588,5.324719,3.6380963,2.7965925,6.6415153
16,19.451551,16.03378,15.627824,10.423414,10.485451,9.842809,9.632716,12.222341,11.431303,15.833546,17.344982,14.1123705,13.278969,10.750357,7.1514063,5.4567423,0.0,4.631413,6.3951526,9.959553,13.110235,14.689337,18.822386,19.388586,22.946411,22.316097,23.532084,22.05877,15.550173,16.483274,13.654578,15.212598,16.55766,16.265327,19.96541,19.832634,23.755005,24.39908,21.653736,19.418575,21.860445,20.633728,19.091085,21.98007,19.30296,23.156507,21.96552,25.448975,27.361862,28.488274,27.575237,28.790096,29.119234,28.573647,25.105541,24.64816,21.592669,25.164413,25.548836,26.811836,24.236889,28.117083,24.550526,26.437239,27.004814,26.287544,28.23057,24.859558,30.060955,28.86606,24.100918,24.828375,20.880865,23.768867,19.718428,17.990786,18.695591,17.371267,17.085787,19.054573,16.285255,13.584818,11.172468,10.094113,12.051119,10.369484,14.112627,14.796058,17.069326,20.434849,21.035616,20.933434,19.403437,14.959683,16.732958,16.429882,14.62523,9.901555,11.979346,13.893336,8.706676,7.425742,2.830172,4.728315,5.34343,7.8647165,11.272787
17,20.60227,16.668331,16.53481,11.537215,10.269037,11.299642,8.468363,12.817901,10.961151,15.378308,16.996937,15.117992,15.199538,12.788545,9.924931,6.505636,4.631413,0.0,5.6893306,6.7319694,10.256146,12.7346735,16.12435,15.811795,19.289581,18.152683,19.21258,17.492916,11.072773,11.932834,9.525382,11.39908,14.402903,14.6216755,18.460648,19.119291,22.57867,22.581879,19.53354,16.726404,19.00623,16.800554,15.40316,17.630827,15.34132,18.837997,17.848747,21.373669,23.372696,24.865608,24.31616,25.83753,26.66861,26.618036,23.221222,22.904047,19.214668,22.60547,23.47822,23.962925,21.045567,24.676075,20.985367,22.425896,23.32486,22.014898,24.01193,20.673677,25.828896,24.362673,19.5728,20.566704,16.74437,20.229855,16.704355,15.234044,16.844492,15.996275,16.633018,18.909754,17.054667,13.792507,11.418485,9.3704195,9.50792,8.229097,10.192396,10.861911,12.702312,16.244678,16.889563,17.163431,16.468454,12.160085,15.112541,14.253874,11.694971,7.7049346,11.356122,14.049593,9.684719,7.2833495,6.402248,2.82365,6.77624,7.6614037,11.614308
18,20.307066,16.379389,17.853662,12.805576,12.962278,14.601485,13.279657,17.759106,16.398132,20.882408,22.215342,19.687109,19.448542,16.617147,13.5107765,10.689321,6.3951526,5.6893306,0.0,5.304473,7.190859,8.707045,12.628579,13.84296,17.758318,17.739738,20.127726,19.160086,14.148839,15.161527,14.219712,15.102882,19.495403,18.462461,23.025017,23.344704,26.61016,26.968401,23.394106,20.262913,23.639017,20.802238,20.200197,21.486765,19.983215,22.395367,21.056034,24.26374,25.653046,27.429905,27.101604,27.91101,28.80018,29.22665,26.462856,26.790688,23.531986,27.017569,28.43643,28.841389,25.618042,29.51524,25.933426,26.857693,28.041718,25.8896,27.59764,23.822784,28.57401,26.633736,21.64118,21.574936,18.228733,20.014126,17.396664,14.476094,16.215069,16.217186,16.42832,19.378508,17.200855,13.6063175,13.459585,10.530476,11.366377,7.502889,11.574521,10.171179,13.148459,15.953021,17.178644,17.492285,15.9202,11.1288185,13.487972,14.761125,13.719408,9.164496,10.751326,11.313139,7.868757,7.305637,6.542149,8.110729,11.178433,12.642429,16.73906
19,20.47624,16.189774,17.93716,13.524862,12.607008,15.7768345,12.886068,18.71273,17.16387,21.297606,23.162786,21.772629,21.893764,19.48365,16.384375,13.181613,9.959553,6.7319694,5.304473,0.0,4.328243,6.513058,9.740671,9.792255,13.003273,12.745953,14.846001,14.175407,9.852063,11.611722,11.640456,13.472604,19.270142,19.221006,23.472044,24.577612,27.431076,27.041073,23.428938,19.84789,22.560339,18.56556,17.931688,17.85906,16.775784,18.033064,16.504969,19.49458,20.679813,22.749664,22.781149,23.640165,25.000053,26.022648,23.594685,24.287048,20.765198,23.998789,26.131407,25.841053,22.261345,26.169416,22.869411,23.272663,25.301813,22.287691,24.273186,20.826393,25.35098,22.705566,17.706907,18.172783,15.4040365,17.963121,16.657835,14.009608,17.081087,17.723598,18.885199,21.96055,20.618477,16.774036,16.306875,13.029779,11.949896,8.835173,9.682934,6.429537,8.351313,10.967433,11.883913,12.324567,11.445808,6.8563833,10.704216,11.418881,10.068735,6.996671,9.6775,11.246754,9.389035,7.790865,10.231993,9.008251,13.22851,14.240437,18.116232
20,23.573925,19.365982,21.760412,17.429089,16.83381,19.958427,17.14715,22.778189,20.804098,25.02677,26.309381,24.923481,25.349293,22.554771,19.868551,16.299223,13.110235,10.256146,7.190859,4.328243,0.0,4.7299576,5.9109044,6.7193503,11.147429,11.367329,15.029409,14.531484,12.230822,13.088847,14.50431,14.859146,21.773186,20.785418,25.495855,26.561296,28.987825,28.69273,24.644547,20.79448,24.336697,19.84816,20.155462,19.411366,19.393955,19.955408,18.764856,21.440552,22.307938,24.884243,25.378513,26.067757,27.77688,29.293222,27.225433,28.14623,24.544085,27.588993,29.947578,29.222662,25.509054,28.986347,25.564505,25.335535,27.210752,23.561623,25.0127,21.202726,25.177786,22.345299,17.417183,16.76397,14.573524,15.595857,15.403029,11.933319,15.423544,16.93025,18.229095,21.667921,20.713335,16.736084,17.6259,13.856305,12.533603,8.654101,9.63897,4.9049883,8.021147,9.774691,11.905651,13.17577,12.696139,8.608515,12.423214,14.334756,13.565724,11.09208,12.918176,13.148919,12.360261,11.568376,13.407487,12.859493,16.949024,17.479311,21.69133
21,20.975943,17.002254,20.380877,16.628763,16.779821,20.414347,18.600657,24.54302,23.47282,27.636631,29.55579,27.789354,27.602913,25.062168,21.65339,18.903555,14.689337,12.7346735,8.707045,6.513058,4.7299576,0.0,5.698502,8.5685215,10.996736,12.875517,16.233616,16.941599,14.886802,16.846836,17.817965,19.210987,25.65085,25.03428,29.624212,30.581762,33.289513,33.039227,29.13158,25.358908,28.593578,24.103523,23.942163,22.903402,22.440426,22.402033,20.452076,22.732983,22.996819,25.206734,25.499222,25.39029,26.797459,28.447855,26.945593,28.378967,25.48788,28.659233,31.39135,31.01916,27.233023,31.412378,28.478474,28.406351,30.922768,27.120924,28.921774,25.406279,29.271656,25.985012,21.154615,20.721302,18.986414,19.767542,20.05829,16.355785,19.667852,21.199661,22.118488,25.59788,24.180067,20.296602,21.241594,17.658182,16.944918,12.753167,14.299391,9.193912,11.1414795,11.706713,12.84952,13.017258,10.961603,7.1922483,9.351214,12.855952,13.616217,11.174217,11.089588,9.890384,10.92107,11.146376,14.045955,15.014883,18.860344,20.368023,24.277828
22,26.380428,22.373686,25.641953,21.903927,21.52018,25.202942,22.46785,28.439676,26.560282,30.666378,31.995111,30.800028,31.2547,28.447971,25.702682,22.206743,18.822386,16.12435,12.628579,9.740671,5.9109044,5.698502,0.0,4.5787387,8.117524,10.031684,14.903614,15.519772,15.815821,16.744158,19.212889,19.342094,26.9912,25.858706,30.617065,31.849833,33.88586,33.41765,29.17797,25.129244,28.794678,23.625135,24.431488,22.440935,23.272995,22.398733,21.105965,23.03279,23.127579,26.055573,27.046547,27.183182,29.241877,31.49637,30.200735,31.67654,28.320763,31.097548,34.06178,32.88101,28.961494,32.332817,29.264221,28.347515,30.729588,26.172821,27.376,23.721777,26.781301,23.2617,18.792215,17.388197,16.653196,16.131927,18.117332,14.291163,18.218922,20.623108,22.088291,25.716227,25.155685,21.228527,22.963749,19.044558,17.427563,13.620468,13.753094,8.161749,9.968366,9.310966,11.831479,13.380742,13.075422,10.578034,13.650441,16.67252,16.917208,15.5259905,16.321014,15.439902,16.479124,16.274492,18.776495,18.648788,22.781275,23.355246,27.535704
23,27.888037,23.693745,26.326973,22.644482,21.47754,25.263842,21.55109,27.588413,25.25499,29.061491,30.294567,29.85542,30.740988,28.08803,25.72553,21.842583,19.388586,15.811795,13.84296,9.792255,6.7193503,8.5685215,4.5787387,0.0,5.9388566,5.9841805,11.228585,11.319607,12.816904,13.278481,16.550486,16.525064,24.624914,23.934843,28.350195,30.015238,31.687813,30.780663,26.630499,22.483492,25.699139,20.085497,21.124947,18.472616,19.917852,18.58421,17.774261,19.625189,19.934855,23.23144,24.566338,25.249592,27.711077,30.124344,28.687857,29.980345,26.202085,28.638245,31.65181,29.920748,25.99744,28.80077,25.726175,24.397175,26.848711,21.959148,23.08641,19.625359,22.475601,18.753372,14.367123,13.258498,12.930566,13.2926855,15.869323,12.889766,17.382391,19.779804,21.856443,25.291403,25.296625,21.3607,22.50893,18.648478,16.053524,13.355728,11.351054,5.7734723,6.250261,5.1470747,8.555449,11.164824,12.559747,10.652207,14.836592,16.469835,15.785649,15.379786,17.349981,17.727142,18.160082,17.121986,19.839705,18.16191,22.522396,22.460821,26.493048
24,27.370165,23.428493,26.400555,23.715887,22.407806,26.962759,23.261417,29.819569,28.128714,31.522638,33.56271,33.48345,34.072834,31.89697,29.034077,25.627941,22.946411,19.289581,17.758318,13.003273,11.147429,10.996736,8.117524,5.9388566,0.0,4.4458885,8.3243265,10.675265,13.876443,15.667325,18.807444,20.277317,28.02332,28.386587,32.27564,34.277096,35.995335,34.653606,30.846941,26.747684,28.926365,22.974072,23.392887,19.622734,20.92576,17.959383,16.418934,17.254827,16.572233,19.816252,21.450453,21.499851,24.209702,27.272732,26.697166,28.594006,25.370941,27.447262,31.182257,29.203625,25.172998,28.337421,26.160452,24.586191,28.228046,22.817091,24.505617,21.997467,24.363907,19.768526,16.034124,16.098843,16.734213,17.924345,21.105738,18.615326,23.19637,25.484953,27.633097,30.99629,30.90959,26.948025,27.536898,23.828142,21.112822,18.689192,16.091974,10.590705,8.726665,5.2852798,6.012145,7.8475013,9.753099,10.33706,13.673434,15.092518,15.278292,16.470413,17.768902,18.270008,19.96727,18.948162,22.982357,21.189577,25.606762,26.042322,29.581459
25,28.91041,24.787138,26.97523,24.024137,22.12232,26.366362,21.900099,28.178085,25.944952,29.106619,30.817318,31.30026,32.32394,30.19391,27.851027,24.093294,22.316097,18.152683,17.739738,12.745953,11.367329,12.875517,10.031684,5.9841805,4.4458885,0.0,5.71249,6.683613,11.083221,12.075474,15.855506,16.904125,24.79591,25.3538,28.944525,31.203323,32.598248,30.994389,27.291689,23.220951,25.093975,18.958706,19.654854,15.534255,17.454088,14.446415,13.69833,14.785891,14.774325,18.429733,20.290182,21.230576,24.198278,27.069689,25.990297,27.426727,23.624384,25.45236,28.932716,26.517363,22.559822,25.010096,22.574398,20.683851,24.081434,18.536776,20.08098,17.64177,19.970581,15.395863,11.618952,12.150394,12.925452,15.077032,18.21098,16.545074,21.213762,23.33359,25.840591,28.961327,29.295004,25.436134,25.616554,22.070915,18.765682,17.3024,13.36942,8.886673,5.8640933,1.9422625,4.223509,7.8303013,11.372258,11.479075,15.773607,15.899643,14.816369,16.329552,18.804615,20.248333,20.894337,19.251863,22.86419,19.920404,24.343803,24.099897,27.535278
26,28.01988,24.110676,25.637873,23.500275,21.01583,25.488533,20.669607,26.95268,25.173185,27.632835,30.041504,31.16511,32.06416,30.574776,28.107103,24.811628,23.532084,19.21258,20.127726,14.846001,15.029409,16.233616,14.903614,11.228585,8.3243265,5.71249,0.0,4.3945155,9.618765,11.790695,14.854586,17.56524,24.33324,26.272226,28.967375,31.593454,33.054123,30.9615,27.90799,24.150005,24.518602,18.525494,18.20366,13.361569,14.739617,10.303605,9.010342,9.315154,9.086557,12.8613,14.97388,16.27831,19.528036,22.550745,21.675676,23.177956,19.535883,20.845491,24.710835,21.956978,18.025036,20.593744,18.995455,17.106768,21.621603,16.11044,18.563232,17.369432,19.746695,14.930898,11.845325,14.487552,15.138094,19.027763,21.400845,20.57366,25.059956,26.606699,29.183228,31.987919,32.23442,28.484783,27.591705,24.494888,21.05802,20.386793,15.833724,12.428825,8.303789,6.2472777,3.391959,5.570781,10.524657,12.142116,16.017889,14.403315,12.894075,16.058731,18.828535,21.322313,21.899408,19.784628,24.046099,20.267586,24.464361,24.345621,27.003044
27,29.433746,25.352413,26.267937,23.566545,20.782349,24.638805,19.287178,25.05559,22.587341,24.987667,26.811134,28.283552,29.634422,28.035557,26.180128,22.503695,22.05877,17.492916,19.160086,14.175407,14.531484,16.941599,15.519772,11.319607,10.675265,6.683613,4.3945155,0.0,7.3498454,8.028903,11.811648,13.7116,20.633167,22.472963,25.028925,27.77219,28.961473,26.778711,23.72534,20.005203,20.341606,14.226783,14.322672,9.382493,11.577893,7.9380927,8.231332,9.647747,10.877317,14.614958,16.536032,18.728487,21.827866,24.270473,22.60348,23.41496,19.073582,20.369179,23.586271,20.61168,16.82222,18.523172,16.130623,14.032117,17.831167,12.292931,14.532307,13.030193,15.7867155,11.354658,7.7785535,11.06646,11.3038435,16.0854,17.910498,17.804209,22.091988,23.401573,26.169264,28.721182,29.295294,25.720451,24.600573,21.702036,17.905416,18.085104,12.710297,10.798433,6.638318,6.3761263,5.7788086,8.67058,13.2546015,13.496032,18.037676,16.063496,13.449666,16.003155,19.683554,22.56158,22.109158,19.644321,23.068617,18.51755,22.603497,21.752808,24.447971
28,24.312778,20.20583,20.26521,17.15553,14.121872,17.485966,11.9975815,17.784658,15.584697,18.259785,20.592474,21.562262,22.537956,21.15245,19.030966,15.7202425,15.550173,11.072773,14.148839,9.852063,12.230822,14.886802,15.815821,12.816904,13.876443,11.083221,9.618765,7.3498454,0.0,4.8123097,5.460328,9.909821,15.41861,17.885674,20.419807,22.805721,24.923464,23.177635,20.386612,16.970543,17.115,12.26253,10.65735,8.89537,7.7501383,8.261284,7.4855757,10.924766,13.173037,15.486502,15.968801,18.342323,20.437006,21.635525,18.866076,19.045258,14.426713,16.715601,19.140013,17.457191,13.723469,16.782534,13.669971,13.63892,16.693762,13.326819,16.19575,14.129927,18.666605,15.826772,11.474951,14.592075,12.338835,17.88763,17.041267,16.821735,20.332579,20.621752,22.84064,25.161453,24.953192,21.503386,19.312801,16.896942,13.827829,14.192024,10.035096,9.407124,6.816518,9.606054,8.823655,9.759039,12.244055,10.704127,15.157768,12.299996,8.431769,10.064569,14.636769,18.373688,16.602297,13.666451,16.672918,11.534482,15.432362,14.912569,17.415493
29,28.414768,24.253252,24.12971,20.488153,17.557968,20.003931,14.332009,18.985634,15.561474,18.25298,19.25414,20.676073,22.46803,20.671017,19.630531,15.565237,16.483274,11.932834,15.161527,11.611722,13.088847,16.846836,16.744158,13.278481,15.667325,12.075474,11.790695,8.028903,4.8123097,0.0,5.010306,5.91173,12.873339,14.557739,17.25962,19.832293,21.34133,19.502508,16.361559,12.71954,13.448673,7.9870167,7.888908,6.5167413,7.444246,9.240998,10.478605,13.716944,16.287191,19.012928,19.84215,22.615164,24.888376,26.02534,23.023054,22.731216,17.744814,19.662962,21.364359,19.240751,15.938587,17.35056,13.32838,12.673992,14.168154,10.80664,12.757583,9.844369,14.704254,12.7011,8.221197,11.074277,8.170837,14.338256,13.018007,13.783469,17.06017,17.290579,19.898266,21.976007,22.453938,19.21199,17.205574,14.875376,11.038474,12.686189,7.111278,9.010205,7.268743,10.565014,11.382068,13.507361,16.413559,14.398792,19.176859,16.89658,13.065225,13.678282,18.41796,21.784285,19.450844,16.583761,18.23648,12.701586,16.31413,14.475242,17.317766
30,25.634426,21.701483,20.675741,17.122824,13.924672,15.672792,9.814157,14.053851,10.86589,13.482569,15.23142,16.558043,18.02061,16.719334,15.5174885,12.044964,13.654578,9.525382,14.219712,11.640456,14.50431,17.817965,19.212889,16.550486,18.807444,15.855506,14.854586,11.811648,5.460328,5.010306,0.0,6.5120177,10.039926,13.119429,15.191328,17.553726,19.889305,18.260437,15.824658,12.9224205,12.591215,9.21381,6.71198,8.496798,5.969651,10.378677,10.843866,14.508141,17.384535,19.159412,19.151817,22.011744,23.617563,23.902256,20.288525,19.457695,14.495554,16.835838,17.821812,16.662445,13.700867,15.93054,11.866509,12.929927,14.17619,12.803409,15.346928,13.086628,18.316814,17.003868,12.969867,15.929871,12.5374155,18.491558,15.74988,16.454784,18.914492,18.239212,20.265394,21.96346,21.754557,18.801666,15.546288,14.022642,11.205581,13.106466,9.4276,11.701246,10.683967,14.21527,14.172632,15.131503,16.990671,14.604086,18.722809,15.696385,11.41495,11.546499,16.545952,20.540062,17.395191,14.233754,15.473936,9.239777,12.227355,10.556309,12.748952
31,30.693499,26.62769,25.992113,21.746302,19.120295,20.111635,14.876995,17.752766,13.237725,16.131327,15.488873,16.815186,19.330921,17.083965,17.343557,12.818037,15.212598,11.39908,15.102882,13.472604,14.859146,19.210987,19.342094,16.525064,20.277317,16.904125,17.56524,13.7116,9.909821,5.91173,6.5120177,0.0,8.603031,8.77284,12.07936,14.380228,15.82562,14.494381,10.894485,7.177902,9.509052,5.867338,7.0506864,9.584527,10.095762,14.132057,15.798915,19.17404,21.985828,24.441492,24.948175,27.86379,29.786875,30.332605,26.78732,25.872496,20.831594,22.87742,23.41453,21.853489,19.2419,19.879343,15.160997,15.194893,14.206919,12.916438,13.649626,9.884369,15.114828,15.085973,11.218721,12.57912,8.336362,13.803581,9.880877,11.779772,13.589319,12.810289,15.338431,16.821287,17.60055,14.887717,12.431126,10.818022,6.9245434,10.603826,6.0557294,11.207659,11.570155,15.253421,16.838451,18.968372,21.197369,18.248272,22.8337,20.918236,17.020947,16.143305,20.920803,24.050531,20.652725,17.918383,17.614424,12.079228,14.698893,11.510121,14.610554
32,32.076534,28.604553,26.402683,22.636839,19.881577,18.852999,14.352156,13.688251,8.670773,9.742777,7.465706,10.5713415,13.884853,12.8160715,14.855021,11.836224,16.55766,14.402903,19.495403,19.270142,21.773186,25.65085,26.9912,24.624914,28.02332,24.79591,24.33324,20.633167,15.41861,12.873339,10.039926,8.603031,0.0,6.272953,5.4381022,8.049562,10.469927,9.143866,8.2031,8.033143,6.1978045,9.251076,7.636705,13.69239,11.857462,17.936918,19.645868,23.039614,26.320974,27.743202,27.46795,30.797955,31.992296,31.359041,27.062185,25.02564,20.309057,22.056776,20.718586,20.216167,19.029846,18.944183,14.33983,16.29158,13.448208,15.92457,16.880543,14.830792,19.776344,21.160675,18.421106,20.50995,16.489485,21.714699,16.58076,19.008417,19.16239,16.80242,18.274384,18.195654,18.485554,17.235697,12.489184,13.551218,11.983708,16.222517,14.099611,19.069427,19.368658,23.12864,23.860636,25.145699,26.81364,23.865002,27.672668,24.82502,20.61656,19.541136,24.236282,27.989437,23.595673,20.733978,19.155008,13.449728,13.475567,9.305154,9.720606
33,34.301327,30.661535,29.160887,24.673002,22.59148,21.457462,17.655949,17.270657,12.156273,14.467642,10.89758,11.819247,15.398373,12.902047,15.657365,11.807885,16.265327,14.6216755,18.462461,19.221006,20.785418,25.03428,25.858706,23.934843,28.386587,25.3538,26.272226,22.472963,17.885674,14.557739,13.119429,8.77284,6.272953,0.0,5.5141206,6.2128925,8.267115,8.83391,5.575077,5.1901355,8.663999,11.023538,11.842283,16.905165,16.397453,21.804188,23.525679,27.009003,30.059542,32.019695,32.02528,35.056995,36.435112,36.13538,32.006927,30.32864,25.614082,27.696905,26.733839,26.17733,24.579582,24.611996,19.804628,20.911901,17.705542,19.164179,19.07146,15.777154,20.355803,22.137987,19.172323,19.667253,15.366365,18.93478,12.776653,15.337681,14.233298,11.31853,12.563906,12.0692425,12.919171,12.153009,8.204747,9.679119,8.722651,13.423525,12.625967,18.311361,19.805914,23.619267,25.336113,27.155716,28.633549,25.040339,29.03278,27.26328,23.4369,21.362808,25.752611,28.642008,24.14301,21.772825,19.090994,14.6044235,14.77811,10.322369,12.438637
34,36.735714,33.3471,31.090315,27.148848,24.71352,23.070116,19.243246,17.46204,12.555926,13.032616,8.410347,11.462643,15.454146,14.216908,17.652288,14.869404,19.96541,18.460648,23.025017,23.472044,25.495855,29.624212,30.617065,28.350195,32.27564,28.944525,28.967375,25.028925,20.419807,17.25962,15.191328,12.07936,5.4381022,5.5141206,0.0,3.6174755,5.078164,4.6719475,5.137773,7.702339,6.7533903,11.991081,11.931641,17.74767,16.794142,22.65707,24.75079,28.044535,31.359596,32.920063,32.751545,36.170933,37.39338,36.685623,32.323124,30.103712,25.496357,27.037754,25.234453,24.736668,23.96313,23.03037,18.48845,20.107426,15.881631,19.125704,19.038029,16.947502,21.177418,23.669716,21.521841,22.850515,18.894438,23.175808,17.407763,20.479128,19.480251,16.56624,17.702652,16.552979,17.474525,17.336157,12.896885,14.951126,14.00489,18.685371,17.178612,22.765501,23.55277,27.296997,28.509678,30.116528,31.850899,28.667599,32.54232,30.021584,25.896059,24.445194,28.993088,32.415478,27.790932,25.177895,22.70867,17.742792,17.158665,12.702563,12.850737
35,37.255196,34.021515,31.711775,27.62292,25.589994,23.35704,20.322144,17.79268,13.15977,13.8227415,8.496857,10.210863,14.266321,12.816231,16.959358,14.609943,19.832634,19.119291,23.344704,24.577612,26.561296,30.581762,31.849833,30.015238,34.277096,31.203323,31.593454,27.77219,22.805721,19.832293,17.553726,14.380228,8.049562,6.2128925,3.6174755,0.0,4.5528464,6.6682944,7.1315384,9.851288,10.3230505,15.217213,15.195801,21.024128,19.849598,25.800217,27.62271,31.033297,34.288284,35.78445,35.458862,38.701843,39.73083,38.834507,34.393032,32.138397,27.762514,29.546827,27.550678,27.544357,26.807468,26.26549,21.795616,23.600653,19.4885,22.637342,22.504375,20.122585,24.324108,26.812773,24.428932,25.320446,21.194168,24.822893,18.611822,21.354647,19.65509,16.315092,16.767334,15.072854,15.65052,16.234097,11.749242,14.601165,14.698397,19.100649,18.765188,24.331295,25.62869,29.47375,30.842669,32.363262,33.691044,30.173122,33.81387,31.61063,27.685719,25.648504,29.898048,33.026165,28.143646,25.80231,22.564323,18.396679,17.1693,12.826617,12.865711
36,41.32899,37.949818,35.784725,31.682106,29.465609,27.588076,24.100037,21.966871,17.202833,17.542496,12.275325,14.70254,18.767424,17.351068,21.411352,18.716885,23.755005,22.57867,26.61016,27.431076,28.987825,33.289513,33.88586,31.687813,35.995335,32.598248,33.054123,28.961473,24.923464,21.34133,19.889305,15.82562,10.469927,8.267115,5.078164,4.5528464,0.0,3.9155395,5.6891093,9.669097,9.937072,15.345242,16.291368,21.681433,21.42249,27.008688,29.376364,32.58716,35.892754,37.638023,37.61876,41.090866,42.407284,41.74823,37.386806,35.120533,30.525417,31.94462,29.98458,29.36908,28.757263,27.27831,22.792353,24.015823,19.06747,22.476303,21.566557,19.446257,22.872364,26.146456,24.503109,25.131523,21.406326,24.697247,18.753826,22.221367,20.33304,17.20931,18.049282,15.994059,17.635754,18.452795,14.882484,17.328096,16.75289,21.486055,20.35929,26.219355,27.339611,30.996452,32.61231,34.512867,36.35025,33.018177,36.993732,34.77577,30.716873,29.04539,33.497112,36.619347,31.929836,29.514643,26.54541,22.122824,21.37582,16.91541,17.158625
37,41.10531,37.639015,35.4325,31.567688,28.97141,27.564827,23.4469,21.815681,16.988152,16.941322,12.321323,15.855354,19.879528,18.78518,22.324095,19.435661,24.39908,22.581879,26.968401,27.041073,28.69273,33.039227,33.41765,30.780663,34.653606,30.994389,30.9615,26.778711,23.177635,19.502508,18.260437,14.494381,9.143866,8.83391,4.6719475,6.6682944,3.9155395,0.0,4.753225,8.643554,6.7877207,12.732108,13.639501,18.843054,18.834883,24.227718,26.897411,29.91194,33.276924,35.014324,35.128902,38.797382,40.26851,39.738094,35.461487,33.177788,28.44545,29.522984,27.654108,26.562897,26.05975,24.016106,19.603212,20.628202,15.37983,19.158096,18.221191,16.671938,19.957253,23.368275,22.150333,23.330326,19.887793,23.89917,18.53228,22.304886,21.16447,18.47884,19.918198,18.406118,20.184671,20.344782,16.637281,18.4772,17.029291,21.932877,19.685833,25.461397,25.99255,29.499958,30.878683,32.814644,35.05599,32.12196,36.26262,33.665253,29.428127,28.391058,33.08721,36.53243,32.08395,29.411613,27.16798,22.05129,21.757656,17.290205,17.396688
