,0,1,2,3,4,5,6,7,8,9,10,11,12,13,14,15,16,17,18,19,20,21,22,23,24,25,26,27,28,29,30,31,32,33,34,35,36,37,38,39,40,41,42,43,44,45,46,47,48,49,50,51,52,53,54,55,56,57,58,59,60,61,62,63,64,65,66,67,68,69,70,71,72,73,74,75,76,77,78,79,80,81,82,83,84,85,86,87,88,89,90,91,92,93,94,95,96,97,98,99,100,101,102,103,104,105,106,107,108,109
0,0.0,4.0092583,6.5213842,9.969765,12.197504,15.189577,17.455462,21.59894,24.457846,26.575663,30.496082,31.755945,32.76363,29.298717,31.293303,28.639647,25.990818,27.973825,23.678276,29.072622,28.160673,30.545906,30.498898,33.557213,36.605198,37.967358,38.03132,38.25234,36.695515,41.08113,36.32494,43.224274,40.372257,42.703957,38.94928,35.007133,34.792183,37.238102,33.542408,30.541197,31.987709,32.75595,29.184538,26.568096,29.882391,28.849318,23.178802,23.91792,26.557005,28.97194,31.958118,26.673367,31.894165,34.5895,33.947628,34.984932,33.032227,36.537006,39.118637,36.928524,36.707577,41.650604,44.243416,44.81147,42.123356,42.020798,47.079987,46.956608,42.094433,46.11617,43.56927,43.247124,37.863953,38.39746,34.159748,35.025223,31.296879,28.53466,25.740187,22.76323,19.276033,15.332402,16.628885,20.711693,24.759235,24.346268,29.85234,32.15546,35.523914,38.94087,40.395947,37.98409,39.209824,37.93821,36.653046,38.27675,36.08111,31.148361,32.19711,26.63434,28.930033,26.168798,25.40452,28.781525,30.269506,34.160954,31.690826,35.177803,36.54059,38.04581
1,4.0092583,0.0,5.0187216,6.5434675,8.972476,12.815816,14.148764,18.849943,21.277649,23.587955,27.384733,28.666615,29.363527,25.834574,27.476433,24.816406,22.032846,24.046137,19.734928,25.226416,24.550127,26.994041,27.308355,30.079414,33.02988,34.322697,34.211224,34.40096,32.884537,37.219257,32.611217,39.518547,36.765537,39.262558,35.462555,31.447824,31.490904,34.05608,30.189062,27.132929,28.999123,29.73263,25.912495,23.577105,27.243008,26.059235,20.20063,21.512207,24.44913,26.86419,29.488287,24.33207,29.890013,32.33282,31.4589,32.16551,29.972252,33.364727,36.285336,34.176384,33.491688,38.484287,41.20887,41.904617,39.0359,38.67346,43.701866,43.403675,38.583282,42.6647,39.94512,39.746338,34.416542,35.032093,30.869034,31.883429,28.077396,25.417109,22.784464,19.7957,16.110142,12.380083,13.039085,17.01054,21.092459,20.557253,26.031555,28.30698,31.596685,35.059124,36.454666,34.055058,35.368008,34.2103,32.918777,34.432915,32.206413,27.492716,28.42964,23.148235,25.26728,22.786636,22.22947,25.37271,26.665194,30.43331,27.760698,31.270655,32.55191,34.106167
2,6.5213842,5.0187216,0.0,5.4937806,6.4628344,8.82443,11.538246,15.15995,18.294466,20.259996,24.209866,25.545633,26.866817,23.53795,26.300522,23.543907,21.577883,23.872831,20.814405,26.300667,26.399096,29.20589,29.824787,31.621584,34.403152,35.228004,34.724293,34.339287,32.206974,36.485714,31.120691,37.82843,34.611996,36.763096,33.25565,29.318327,28.73312,31.328106,27.982096,24.84627,25.964342,27.442778,23.993002,20.85056,24.300121,24.296333,18.577381,18.588568,21.907398,23.745747,27.035242,22.787136,27.858349,30.04818,29.95278,31.189425,28.674793,32.444767,35.070827,32.13702,31.790897,37.078186,39.437847,39.696945,36.693623,36.748615,42.021156,41.958035,37.351627,41.74888,39.48012,39.711258,34.076748,35.438198,30.9575,32.70637,29.054682,25.776384,24.135372,20.163797,16.962784,13.228443,13.078463,17.124193,20.599855,21.33048,25.951096,29.19152,32.312393,35.942673,37.41321,35.284897,37.04368,36.31111,34.92155,35.929604,33.36014,29.111933,29.027338,23.886003,25.071257,22.239502,21.03493,23.985647,25.530909,29.957336,27.603134,31.52566,32.847603,35.028755
3,9.969765,6.5434675,5.4937806,0.0,3.782618,7.41951,8.361127,13.183038,15.038992,17.894205,21.393469,23.080101,23.76777,20.327168,22.23636,18.937841,16.745424,18.613752,15.560106,20.881319,21.101345,24.037397,24.822662,26.237633,28.960691,29.739704,29.258509,28.972025,27.024887,31.389273,26.385622,33.285084,30.653843,32.884007,29.014057,25.096205,25.08586,27.519663,23.674656,20.637089,22.503592,23.313437,19.477894,17.078476,20.93666,20.07999,14.119741,15.493692,18.883806,21.054571,23.492905,19.00318,24.627926,26.626595,25.922937,26.622301,24.005522,27.548359,30.566614,28.076315,27.197895,32.38103,35.007988,35.599255,32.570267,32.24076,37.360474,37.129467,32.405754,36.69387,34.20737,34.370316,28.827509,30.09799,25.71758,27.495884,23.79865,20.658495,19.171452,15.252652,11.912415,8.62155,7.643135,11.649019,15.266992,15.848603,20.553213,23.74565,26.948729,30.535543,32.158672,30.193142,32.07729,31.443996,30.372553,31.343235,28.924551,25.324743,25.263384,21.017582,21.799767,19.825008,19.163624,21.403585,22.373638,26.434423,23.301134,27.291353,28.158764,30.369526
4,12.197504,8.972476,6.4628344,3.782618,0.0,5.4459496,5.25854,10.0273905,12.42593,14.642778,18.419287,19.794971,20.707176,17.299799,19.904034,17.145777,15.383978,17.995306,15.82271,21.317896,22.336878,25.286964,26.729223,27.505928,29.934664,30.400608,29.338406,28.609064,26.267044,30.370144,24.95076,31.573376,28.281116,30.684729,27.24122,23.13102,22.811352,25.767586,22.310905,18.957783,20.708824,22.563885,18.7474,15.847002,20.028631,20.34076,14.471203,15.120914,19.20331,20.660887,23.373417,20.020021,25.362925,26.854197,26.623198,27.372482,24.232435,27.87037,31.04419,27.95298,26.735853,32.232212,34.689175,35.01999,31.569809,31.243244,36.553818,36.210884,31.818933,36.47345,34.04375,34.72906,29.145767,30.991072,26.626207,28.955053,25.327991,22.116066,21.350266,17.168667,14.118068,11.478365,9.069701,12.387344,15.325608,16.545614,20.398874,24.020039,26.795021,30.554316,31.879742,29.906368,31.995703,31.683992,30.228817,30.76615,28.005713,24.490448,23.646198,19.297129,19.539934,17.18318,16.104181,18.34751,19.588932,24.073683,21.52719,25.666588,26.869526,29.425964
5,15.189577,12.815816,8.82443,7.41951,5.4459496,0.0,5.9184403,7.2067924,10.272412,12.644473,16.215874,18.177675,19.965979,17.064133,20.905144,17.486042,17.101898,19.222818,18.71241,23.44298,24.880775,28.14643,29.35496,29.206823,31.507215,31.485256,30.355608,29.095522,26.144922,30.252026,24.056541,30.427866,27.097136,28.632627,25.30686,21.638489,20.465885,22.895332,20.085424,16.98929,17.375603,19.661583,16.656559,12.709164,16.164833,17.759274,12.55693,11.148394,15.420725,16.253647,19.767855,17.435438,21.931847,23.241867,23.933573,25.454008,22.274717,26.328972,28.811256,24.894796,24.519413,30.123688,32.07582,31.910257,28.618715,28.995123,34.463463,34.620197,30.379822,35.13805,33.467594,34.386574,28.52692,31.044937,26.355148,29.3024,26.064774,22.16143,22.45663,17.423079,15.424643,13.010567,10.892773,13.833424,15.662249,18.456944,21.147644,25.77394,28.502405,32.1934,33.88251,32.450924,34.966587,35.011925,33.85756,34.019295,31.189203,28.549019,26.93116,23.325966,22.484798,20.273413,18.695992,20.170958,21.374668,26.290712,23.73356,28.210903,29.028784,32.17531
6,17.455462,14.148764,11.538246,8.361127,5.25854,5.9184403,0.0,5.862947,7.430793,9.680212,13.2757225,14.731433,15.557456,12.226765,15.37748,12.636495,11.830934,14.813784,14.483563,19.494625,21.60175,24.646019,26.772676,26.321589,28.291157,28.22863,26.518896,25.202957,22.386787,26.203596,20.388615,26.735714,23.115774,25.578674,22.39485,18.176443,17.76341,21.119104,17.92027,14.333045,16.306221,18.987888,15.160704,12.186837,16.82699,18.11754,12.735733,13.204584,17.841953,18.53024,20.894459,19.02849,24.03955,24.738697,24.772526,25.315884,21.57336,25.141294,28.568546,25.02021,23.178543,28.897905,31.217768,31.392153,27.504128,27.032057,32.440845,31.958534,27.936424,32.914707,30.596983,31.879803,26.335007,28.902582,24.64778,27.703463,24.324347,21.083612,21.497723,17.12694,14.809435,13.4550705,9.581787,11.325203,12.872474,15.169765,17.47563,21.777674,24.033094,27.87371,29.069496,27.413671,29.929699,30.161913,28.657608,28.55664,25.558784,23.052713,21.078552,17.819395,16.61982,14.74575,13.520405,14.657106,15.644195,20.419462,17.94361,22.37987,23.451242,26.599949
7,21.59894,18.849943,15.15995,13.183038,10.0273905,7.2067924,5.862947,0.0,4.793162,5.5029883,9.304783,11.032978,13.273864,10.863456,16.043787,13.539959,14.650933,17.413065,18.968407,23.144775,25.871319,29.03229,31.24187,29.819536,31.453583,30.8048,28.688084,26.625628,23.056557,26.4566,19.743334,25.289154,20.96917,22.696362,20.228453,16.397095,14.650699,18.090088,16.19338,12.71679,12.971614,17.340437,14.608147,10.4246025,14.353028,17.940283,13.844462,12.015069,16.902977,16.22673,19.285,19.461409,23.244919,23.261904,24.462305,25.632215,21.598997,25.408737,28.260883,23.600811,22.209293,28.105488,29.756054,29.233192,25.12879,25.31039,30.921076,30.78796,27.340946,32.60987,31.066227,32.944134,27.32285,30.786781,26.443066,30.233349,27.311178,23.650505,25.170305,20.296217,18.9056,17.81143,14.194397,15.345264,15.4742775,19.11175,19.767715,24.906664,26.71153,30.459936,31.692207,30.530773,33.4369,34.143276,32.65832,31.980095,28.796616,27.12009,24.086899,21.532013,19.132254,17.214096,15.260283,15.474691,16.61496,21.8689,20.123835,24.682188,25.646547,29.424603
8,24.457846,21.277649,18.294466,15.038992,12.42593,10.272412,7.430793,4.793162,0.0,4.7696943,6.6344647,9.361724,10.582057,8.339406,12.773105,9.406863,11.499509,13.662969,16.600376,19.865479,23.103296,26.250696,28.698751,26.449749,27.757914,26.789293,24.436405,22.11951,18.388912,21.731312,14.961389,20.664574,16.857,18.578411,15.687934,11.764773,10.531198,14.016056,11.671733,8.037244,9.369782,13.56704,10.580984,7.254196,11.764005,15.060505,11.670331,10.96594,15.624794,14.891503,16.726803,17.586544,21.35711,20.836288,21.620121,22.238276,17.90212,21.408667,24.620407,20.17636,17.989382,23.887775,25.688335,25.399572,21.076399,20.83757,26.403679,26.097485,22.688269,28.021088,26.419783,28.516706,23.03971,26.791063,22.67717,26.778307,24.11592,20.676634,22.913363,18.340271,17.566626,17.546125,13.469303,13.274089,12.190455,16.358456,15.782509,21.217688,22.757652,26.390316,27.74358,26.973059,30.128885,31.129566,29.98656,29.044813,26.013227,25.422018,22.110117,20.94904,17.78335,17.06596,15.778676,14.74204,14.978174,19.69304,17.205719,21.832062,22.173443,26.21007
9,26.575663,23.587955,20.259996,17.894205,14.642778,12.644473,9.680212,5.5029883,4.7696943,0.0,4.365516,5.542137,8.101056,6.543749,12.752972,11.540377,13.894403,16.8754,19.869144,23.31848,26.853714,29.787264,32.66548,30.394531,31.466385,30.385933,27.551271,24.946983,21.075312,23.682795,16.909056,21.464231,16.277784,18.376654,16.824041,12.928869,10.907837,15.384421,14.37267,10.892464,11.436561,17.031277,14.661533,11.348689,15.123976,19.44896,16.40616,14.986986,19.648615,18.24437,20.449074,22.105467,25.39522,24.536787,25.819529,26.514925,22.057865,25.378292,28.535154,23.70153,21.347544,27.17595,28.633768,27.963215,23.279093,23.087399,28.596981,28.103657,25.430521,30.948439,29.426342,32.00967,26.821249,30.815983,26.954573,31.160645,28.541565,25.298882,27.50033,23.044577,22.037579,21.758018,17.582458,17.545914,16.543936,20.315016,19.404865,24.544563,25.506372,29.156544,29.954021,29.040909,32.165886,33.374336,31.696648,30.367939,27.022524,26.280863,22.235209,20.878283,17.250153,15.970823,14.053272,12.7738495,13.572953,18.738712,17.749435,22.129776,23.137217,27.308666
10,30.496082,27.384733,24.209866,21.393469,18.419287,16.215874,13.2757225,9.304783,6.6344647,4.365516,0.0,3.7926476,6.0819106,6.4027686,12.067862,10.929521,14.477478,16.7244,21.022888,23.439205,27.409803,30.264788,33.294777,30.175781,30.828726,29.305372,26.153471,23.088295,18.91563,20.965776,14.054985,17.738491,12.408117,14.106227,13.048654,9.574696,6.9787207,11.8281555,11.753938,8.838188,9.081681,15.196554,13.57425,11.132218,14.188841,18.958355,17.159937,15.834552,19.98705,18.067822,19.46187,22.376286,25.003386,23.456308,24.87077,25.341837,20.75147,23.685877,26.769665,21.804916,19.019882,24.62811,25.802456,24.969137,20.026651,19.752022,25.136105,24.60708,22.50378,28.080256,26.90284,29.937874,25.074505,29.540588,26.01156,30.573603,28.39289,25.32584,28.264051,24.037245,23.666813,24.04234,19.821178,18.961031,16.941528,21.096056,18.80784,24.111183,24.578386,27.963194,28.776085,28.383844,31.761694,33.357903,31.94728,30.211021,26.99277,27.38351,22.884365,22.843277,18.470661,18.14515,16.636272,14.21418,14.241179,18.716722,17.63516,21.818018,22.28093,26.771498
11,31.755945,28.666615,25.545633,23.080101,19.794971,18.177675,14.731433,11.032978,9.361724,5.542137,3.7926476,0.0,4.277616,5.605456,11.69794,12.441991,15.619964,18.532505,22.512367,25.18815,29.292257,31.922167,35.330894,32.39216,32.913242,31.457243,27.99384,24.93223,20.945774,22.467207,16.091196,18.961302,12.678121,15.229096,15.2094755,11.730265,9.593009,14.775717,15.011004,12.13625,12.754109,18.851574,17.081978,14.809834,17.973911,22.640001,20.524817,19.365204,23.663504,21.760765,23.252258,26.01427,28.785452,27.238281,28.59936,28.89775,24.264751,26.994987,30.288431,25.445658,22.346025,27.815456,28.988613,28.14867,23.058075,22.504614,27.661438,26.785841,25.12556,30.711243,29.278528,32.52483,27.944904,32.316566,29.024755,33.472687,31.185602,28.392014,31.058678,27.034252,26.305601,26.54016,22.129442,21.352196,19.618946,23.226135,21.044697,25.867504,25.934544,29.345034,29.623573,28.976858,32.215195,33.897976,32.023693,30.052095,26.627258,26.820333,21.888235,21.769344,17.17131,16.597284,14.870655,12.163004,12.502408,17.059454,17.231833,21.060354,22.14137,26.55881
12,32.76363,29.363527,26.866817,23.76777,20.707176,19.965979,15.557456,13.273864,10.582057,8.101056,6.0819106,4.277616,0.0,3.6465173,7.9371676,9.954956,13.197752,16.07106,20.395603,22.569765,26.940779,29.284365,33.070366,29.921818,30.15082,28.666817,24.902697,21.862516,18.15603,19.278137,13.629764,16.352793,10.051222,13.902895,13.766224,9.9385605,9.415394,14.803519,14.388349,11.615735,13.822315,18.997583,16.775953,15.699715,19.240826,22.86441,20.789515,20.824451,24.968851,23.495455,24.138931,26.558567,29.713867,28.096264,28.757006,28.367361,23.691866,25.892736,29.729874,25.582756,21.579733,26.798424,28.338999,27.975014,22.762337,21.38439,26.241674,24.811882,23.274792,28.785284,26.822985,30.188852,26.034143,30.221418,27.392035,31.690643,29.458992,27.228996,29.868359,26.45099,25.726576,26.47528,21.84355,20.39813,18.381842,21.420013,18.71698,22.992233,22.576921,25.89871,25.84022,25.200964,28.434044,30.295235,28.389698,26.182493,22.799683,23.628065,18.450832,19.416733,14.339505,14.826868,13.878936,10.194665,9.566679,13.395548,13.517325,17.113586,18.098156,22.558168
13,29.298717,25.834574,23.53795,20.327168,17.299799,17.064133,12.226765,10.863456,8.339406,6.543749,6.4027686,5.605456,3.6465173,0.0,6.6101336,7.958592,10.425311,13.885204,17.43935,20.302277,24.41053,26.84905,30.529263,27.937796,28.503578,27.369925,23.909492,21.283613,17.805931,19.68606,13.981528,18.0777,12.594671,16.417234,15.175494,10.765348,10.690183,15.900272,14.372725,10.999516,13.865461,18.544235,15.5807085,14.278589,18.478678,21.460915,18.569094,19.039246,23.418509,22.464817,23.332687,24.758926,28.52405,27.388186,27.719595,27.325829,22.707264,25.161812,29.194004,25.290321,21.428171,26.892847,28.802116,28.711882,23.682667,22.278736,27.33689,25.962767,23.69355,29.173908,26.849934,29.761457,25.277536,29.06978,25.976519,30.006754,27.439642,25.144331,27.297314,23.844152,22.742163,23.284883,18.604477,17.414257,15.947453,18.69866,16.911827,21.156946,21.243015,24.833092,24.926453,23.892769,26.986895,28.510572,26.543922,24.752104,21.31188,21.346102,16.633186,16.758635,12.121298,12.240764,11.319938,8.225801,7.8782763,12.512114,11.894744,15.997966,17.20767,21.453436
14,31.293303,27.476433,26.300522,22.23636,19.904034,20.905144,15.37748,16.043787,12.773105,12.752972,12.067862,11.69794,7.9371676,6.6101336,0.0,5.9903364,7.395703,10.438101,14.270706,16.030745,20.485952,22.340305,26.62953,23.80401,23.903786,22.856209,19.02561,16.739828,14.191281,15.576298,11.964501,16.023142,12.095363,16.955355,15.220395,11.004987,13.277859,17.759993,15.235607,12.538943,17.0816,19.896828,16.434156,17.061998,21.365719,22.503817,19.825876,22.085947,25.94401,25.688879,25.330616,26.031298,30.268236,29.145391,28.345493,26.874344,22.468721,23.959293,28.734587,26.160934,21.202234,25.99098,28.499062,29.210644,24.329802,21.786142,26.133825,23.977467,21.729338,26.786278,23.502007,26.331833,22.659159,25.835604,23.610271,27.150114,24.687832,23.495163,25.423166,23.215214,22.167612,23.5902,18.89404,16.583698,14.815511,16.101734,13.626833,16.45108,15.726859,19.2016,18.725527,17.566673,20.642164,22.406404,20.46968,18.379198,15.052337,16.362434,11.519737,14.030942,8.980995,11.629374,12.522647,8.758059,6.204811,8.018077,5.7246423,9.763793,10.599788,14.913469
15,28.639647,24.816406,23.543907,18.937841,17.145777,17.486042,12.636495,13.539959,9.406863,11.540377,10.929521,12.441991,9.954956,7.958592,5.9903364,0.0,4.6048346,6.1605926,11.283405,12.817225,17.14532,19.681608,23.218967,20.088902,20.62758,19.503109,16.324533,14.042495,10.939074,13.95981,8.984639,15.177319,12.8188505,16.218304,12.777644,8.414551,10.921293,14.394339,10.645519,7.8057804,12.966435,14.608217,10.706603,11.855926,16.2173,16.59589,14.033372,16.786192,20.313595,20.42814,19.761702,20.09686,24.437822,23.521814,22.502958,21.152344,16.758005,18.63392,23.31598,20.804253,16.186968,21.300661,24.005817,24.869371,20.345278,18.122847,22.8779,21.317873,18.010199,23.13069,20.138466,22.48229,17.985096,21.324778,18.431238,22.24991,19.756247,17.971134,20.339874,17.698187,17.157671,18.897232,14.374297,11.676121,9.192781,11.710859,8.970197,13.451483,13.983307,17.632113,18.52201,17.876017,21.22307,22.65917,21.737537,20.372913,17.606255,18.79786,15.366089,16.959019,13.080804,14.974128,15.50279,12.901431,11.171694,13.605088,9.314362,13.723734,13.110398,17.271135
16,25.990818,22.032846,21.577883,16.745424,15.383978,17.101898,11.830934,14.650933,11.499509,13.894403,14.477478,15.619964,13.197752,10.425311,7.395703,4.6048346,0.0,4.745664,7.238094,10.169002,14.067691,16.47186,20.202911,18.19201,19.140947,18.777811,16.08393,14.881587,12.981589,16.280659,12.748934,19.011429,17.029985,20.717361,17.165619,12.959135,15.438866,18.736082,14.532729,11.713803,16.781311,17.689096,13.235469,14.304846,19.006838,18.191105,14.534824,18.220148,21.75712,22.643843,22.141987,20.898195,26.040932,25.785746,24.15465,22.563066,18.595583,20.385378,25.302708,23.526035,19.131594,23.995304,27.09648,28.336279,24.162615,21.816822,26.313522,24.623215,20.902128,25.567766,21.951168,23.569235,19.19659,21.463444,18.650568,21.60858,18.576895,17.266861,18.421488,16.37742,14.994221,16.646076,12.122834,9.475382,8.520206,8.958596,8.574304,11.660823,12.7957325,16.705488,17.403301,15.907749,18.801111,19.6891,18.53057,17.798624,15.060529,15.152323,12.78126,13.69716,11.008579,13.000475,14.167712,12.541859,10.946984,12.933525,7.8850093,12.228068,12.070392,15.393739
17,27.973825,24.046137,23.872831,18.613752,17.995306,19.222818,14.813784,17.413065,13.662969,16.8754,16.7244,18.532505,16.07106,13.885204,10.438101,6.1605926,4.745664,0.0,6.6983104,6.7377667,11.079733,13.678762,17.113773,14.058279,14.871388,14.267089,11.847661,10.871278,9.431494,13.393694,10.86407,17.485579,17.336567,20.28205,15.972593,12.602286,15.775233,17.805874,13.036738,11.282736,16.572748,15.681702,11.371318,14.020956,18.0565,15.813355,13.1932535,17.831593,20.46641,21.717598,20.159824,18.724428,23.724333,23.401276,21.05137,18.825064,15.183208,16.357212,21.513088,20.6755,16.007189,20.301256,23.721336,25.446367,21.754696,19.094196,23.15678,21.503927,17.32903,21.56114,17.751513,18.984821,14.665557,16.725868,14.113921,17.091635,14.3269825,13.436495,15.229064,13.89849,13.503204,16.19975,12.329578,8.505545,6.0769324,6.3821716,3.8586354,7.6846857,9.409669,13.163899,14.821389,14.12495,17.289076,18.25839,18.25219,17.70687,15.7782345,17.225641,15.625768,17.598814,15.160636,17.624521,18.910261,17.077873,15.171863,16.257744,10.461235,14.0446415,12.318939,15.413705
18,23.678276,19.734928,20.814405,15.560106,15.82271,18.71241,14.483563,18.968407,16.600376,19.869144,21.022888,22.512367,20.395603,17.43935,14.270706,11.283405,7.238094,6.6983104,0.0,6.0721674,7.8954887,10.424168,13.690466,13.502778,15.356253,16.248587,15.187242,15.801718,15.60603,19.441895,17.560131,24.107409,23.543507,26.794191,22.550125,18.925268,21.603046,23.886368,18.984982,16.796926,21.65528,20.676922,16.060867,17.733574,22.079088,18.992802,14.874442,19.995451,22.672623,24.78554,23.905085,20.433668,26.311722,26.98063,24.220892,22.170074,19.295774,20.686043,25.597921,25.299831,21.488008,25.583948,29.197199,31.087482,27.788826,25.394705,29.350134,27.797224,23.322128,26.987413,22.881752,23.051756,18.958689,19.372454,16.768293,18.110422,14.494911,14.121482,13.320981,12.896114,10.83842,13.029237,9.778596,6.9469852,8.345024,4.3152547,8.691333,9.049789,11.920749,15.448794,16.773455,14.781104,16.78434,16.497229,16.196392,17.030989,15.382511,14.469058,15.044545,15.211493,15.023634,16.843037,18.518955,18.193241,16.880684,17.890236,12.440779,15.395081,14.688039,16.189701
19,29.072622,25.226416,26.300667,20.881319,21.317896,23.44298,19.494625,23.144775,19.865479,23.31848,23.439205,25.18815,22.569765,20.302277,16.030745,12.817225,10.169002,6.7377667,6.0721674,0.0,4.8403745,7.014377,10.777797,8.303461,9.509248,10.267353,9.482582,10.996551,12.20041,15.781266,15.927491,21.878162,23.070984,25.893814,21.410421,18.737703,22.19155,23.505781,18.545456,17.48037,22.55765,20.21939,16.195381,19.406794,22.96469,18.874449,16.486732,22.11239,23.874027,25.996078,23.83764,20.844702,26.138334,26.39901,22.888557,19.841145,17.500425,17.606646,22.803555,23.784729,19.392479,22.367437,26.249414,28.714405,25.879457,22.901323,25.953512,24.14183,19.71505,22.563639,18.002539,17.760218,14.597247,14.291569,12.857687,13.790093,10.826171,12.074658,12.23898,13.512617,13.123609,16.513102,14.033188,10.191453,9.397605,5.4357076,6.1343417,3.1857023,6.896893,9.911652,12.140941,11.176071,13.511544,13.628586,14.88458,15.532953,14.933055,16.530775,17.143324,19.438288,18.526417,21.362734,23.27089,22.01615,20.031485,19.87664,13.848139,15.888585,13.514992,14.66586
20,28.160673,24.550127,26.399096,21.101345,22.336878,24.880775,21.60175,25.871319,23.103296,26.853714,27.409803,29.292257,26.940779,24.41053,20.485952,17.14532,14.067691,11.079733,7.8954887,4.8403745,0.0,3.5632997,6.1668854,6.474151,8.968596,11.12749,12.226613,14.692764,16.412762,20.030802,20.400776,26.406483,27.828148,30.434774,25.73934,23.179487,26.419975,27.422495,22.311954,21.320044,26.067913,23.111166,19.179132,22.202436,25.531384,20.520975,17.933228,23.86438,25.125402,27.87046,25.749544,21.476816,27.00014,27.90287,23.906652,20.852848,19.418907,19.43431,24.192741,25.927902,22.288857,24.791567,28.77007,31.452385,29.185863,26.456335,29.250185,27.708046,23.002783,25.156412,20.706766,19.391817,16.575306,14.774077,13.567208,12.779733,9.491994,11.652799,9.827551,12.7562,12.14879,15.560439,14.395911,11.270992,11.853686,6.8675585,10.145245,6.771953,10.51617,12.416965,14.833861,13.661743,14.934532,13.991543,15.891965,17.607912,17.64358,18.26971,20.20685,21.667746,21.828117,24.27626,26.233248,25.634619,23.923025,23.813124,17.97042,19.67914,17.564037,17.78011
21,30.545906,26.994041,29.20589,24.037397,25.286964,28.14643,24.646019,29.03229,26.250696,29.787264,30.264788,31.922167,29.284365,26.84905,22.340305,19.681608,16.47186,13.678762,10.424168,7.014377,3.5632997,0.0,5.209979,6.7288384,8.52027,11.309268,12.682865,15.76959,18.228432,21.259695,22.62642,28.126272,29.820442,32.64856,28.144247,25.7038,29.181812,30.246649,25.22807,24.331442,29.235495,26.277122,22.439894,25.608484,28.9354,23.891161,21.487133,27.417433,28.63392,31.368608,29.081612,24.877586,30.27412,31.118288,26.946667,23.619701,22.416065,21.960316,26.729609,28.90187,25.034832,27.088833,31.119078,33.99296,31.802876,28.791082,31.153763,29.334219,24.928837,26.634237,21.877958,20.345705,18.49141,16.025616,15.827777,14.30171,11.621828,14.621772,12.544903,16.107038,15.458552,18.70271,17.687677,14.713791,15.267756,10.264238,12.822885,8.033125,10.783852,11.858168,13.796938,12.419537,12.880637,11.4258795,13.942221,16.134584,16.883942,17.82337,20.490353,22.450583,22.983932,25.75831,28.020317,27.39283,25.533714,24.707916,19.066504,19.962988,17.737125,17.02981
22,30.498898,27.308355,29.824787,24.822662,26.729223,29.35496,26.772676,31.24187,28.698751,32.66548,33.294777,35.330894,33.070366,30.529263,26.62953,23.218967,20.202911,17.113773,13.690466,10.777797,6.1668854,5.209979,0.0,6.754764,9.520049,12.703246,15.541716,18.8037,21.22527,24.590523,25.729359,31.434647,33.539867,35.81148,30.955685,28.80617,32.03642,32.492313,27.379942,26.774364,31.206274,27.431602,23.929716,27.087912,29.887653,23.996897,21.935778,27.936033,28.40423,31.62586,29.206104,24.104923,29.333433,30.69687,26.13491,22.899738,22.661007,22.121168,26.219395,29.098248,26.125948,27.662771,31.666824,34.68691,33.188457,30.568424,32.7131,31.378183,26.626667,27.703981,23.436195,20.95745,19.171854,15.68985,15.491764,12.56216,10.122832,13.5650015,10.274077,15.102452,14.932275,18.175823,18.484043,16.048365,17.01248,12.365538,15.609331,11.768751,15.0065975,15.5535555,18.14821,17.312775,17.584578,15.876791,18.746662,21.191536,22.072725,22.567003,25.444096,26.731836,27.527567,29.880856,31.90799,31.598381,29.946524,29.589346,23.858046,25.07365,22.802607,22.207386
23,33.557213,30.079414,31.621584,26.237633,27.505928,29.206823,26.321589,29.819536,26.449749,30.394531,30.175781,32.39216,29.921818,27.937796,23.80401,20.088902,18.19201,14.058279,13.502778,8.303461,6.474151,6.7288384,6.754764,0.0,3.4516191,6.096821,9.403752,12.717019,15.501131,18.623835,20.519394,25.664047,28.685102,30.482534,25.64749,24.18425,27.707691,27.581785,22.708485,22.809044,27.252369,23.021154,20.049124,24.073606,26.402805,20.621729,19.890568,25.816658,26.061897,28.755716,25.525583,21.836737,26.37878,26.933786,22.31449,18.448908,18.054317,16.686018,21.13597,24.328852,20.737103,21.714983,25.758018,28.953842,27.517202,24.58415,26.274687,24.836803,20.25426,21.082838,16.70908,14.327959,12.9194765,9.520589,10.189039,8.033713,6.534407,10.754916,10.50931,14.528453,15.656564,19.610653,18.934168,15.421335,14.528557,11.202115,11.436198,7.566991,10.493424,10.523381,14.138171,14.650951,16.044691,15.635199,18.866228,20.15428,20.910328,23.228737,24.711958,27.29731,26.723604,29.618465,31.526228,30.287035,28.22949,27.719511,21.706974,23.057163,19.901066,20.11538
24,36.605198,33.02988,34.403152,28.960691,29.934664,31.507215,28.291157,31.453583,27.757914,31.466385,30.828726,32.913242,30.15082,28.503578,23.903786,20.62758,19.140947,14.871388,15.356253,9.509248,8.968596,8.52027,9.520049,3.4516191,0.0,3.455056,7.1876173,10.977498,14.508438,16.875967,19.941122,24.305017,27.904606,29.67557,25.095694,24.0253,27.824566,27.567678,22.970404,23.392805,27.93846,23.730877,21.061693,25.425531,27.612616,22.143703,21.95676,27.721537,27.976969,30.339426,26.766188,23.90418,28.023663,28.12155,23.55165,19.36988,18.905079,16.895056,21.446419,24.882288,20.788107,21.207493,25.215866,28.562643,27.130548,23.820282,24.94006,23.168327,19.064438,19.449448,14.744128,12.44549,12.306533,8.857461,10.927731,9.206823,8.909333,13.07595,13.723822,17.386164,18.681013,22.675901,21.594421,17.812105,16.288977,13.399518,12.104573,7.6239743,9.180389,8.067437,11.875713,13.163031,14.632612,14.730742,18.330013,19.195208,20.283854,23.608809,24.794395,28.219913,27.25129,30.554884,32.584965,30.919825,28.604183,27.567974,21.668318,22.546972,18.951645,19.01546
25,37.967358,34.322697,35.228004,29.739704,30.400608,31.485256,28.22863,30.8048,26.789293,30.385933,29.305372,31.457243,28.666817,27.369925,22.856209,19.503109,18.777811,14.267089,16.248587,10.267353,11.12749,11.309268,12.703246,6.096821,3.455056,0.0,4.6993575,8.203429,11.8935375,13.967293,17.476671,21.36777,25.481052,26.91254,22.416643,21.810991,25.679842,25.085955,20.76838,21.608614,26.01644,21.711252,19.466995,24.132639,26.003849,20.87523,21.389818,26.855417,27.032833,29.019192,25.134499,23.205345,26.83551,26.456738,22.067625,17.732277,17.074625,14.635809,19.294142,22.692757,18.260792,18.355566,22.310387,25.685665,24.243462,20.76661,21.61917,19.770042,15.832019,16.13319,11.314366,9.342682,9.588897,6.9172115,9.543115,9.141464,9.550179,13.090789,15.051047,17.924313,19.63395,23.695168,22.231405,18.21562,15.879997,14.046342,11.115238,7.6926613,8.420895,7.0324903,11.280438,13.390662,15.512306,16.320864,19.66559,19.85366,20.68349,24.651985,25.035082,28.880846,27.246174,30.670582,32.552464,30.471699,28.029917,27.038212,21.196424,22.215532,18.31058,18.994322
26,38.03132,34.211224,34.724293,29.258509,29.338406,30.355608,26.518896,28.688084,24.436405,27.551271,26.153471,27.99384,24.902697,23.909492,19.02561,16.324533,16.08393,11.847661,15.187242,9.482582,12.226613,12.682865,15.541716,9.403752,7.1876173,4.6993575,0.0,4.0538945,8.263314,9.7945385,13.88172,17.418392,21.317356,23.19104,19.07566,18.341671,22.463148,22.388708,18.330603,19.015003,23.736534,20.371874,17.983099,22.568312,24.794666,20.779043,21.068045,26.16646,26.999895,28.426712,24.78681,23.861908,27.511707,26.638535,22.889948,18.815823,17.058115,14.985922,20.105522,22.3855,17.087952,17.916718,21.721882,24.763042,22.494286,18.616459,19.826532,17.397717,13.951301,15.359776,10.08898,10.256152,9.952935,9.844617,11.406525,12.779065,12.529156,14.935003,17.419262,19.171024,20.490828,24.35151,22.000692,17.79423,14.921977,13.690804,9.214662,6.3351574,5.071211,4.2247787,8.24582,10.72759,13.671071,15.314758,17.915636,17.251497,17.640337,22.281977,21.77853,26.234653,23.958605,27.64879,29.533857,27.005981,24.37682,23.12035,17.498556,18.415567,14.308814,15.601093
27,38.25234,34.40096,34.339287,28.972025,28.609064,29.095522,25.202957,26.625628,22.11951,24.946983,23.088295,24.93223,21.862516,21.283613,16.739828,14.042495,14.881587,10.871278,15.801718,10.996551,14.692764,15.76959,18.8037,12.717019,10.977498,8.203429,4.0538945,0.0,4.5134025,5.9346466,10.095201,13.3968935,17.472723,19.158627,15.159175,14.719565,18.896698,18.769361,15.087761,16.029362,20.628187,17.733223,15.68287,20.274357,22.34731,19.273602,19.950733,24.450317,25.499619,26.36948,22.765718,22.978344,26.227552,24.851103,21.708109,17.944437,15.486856,13.648865,18.819307,20.202467,14.426164,15.700812,19.26251,21.977543,19.209501,15.162646,16.72484,14.12186,10.89449,13.353413,8.370352,10.320221,9.183093,11.237795,11.911659,14.701453,14.426539,15.693995,19.0306,19.672195,21.100471,24.76686,21.926294,17.7215,14.166227,14.310499,8.451131,8.2078705,6.5773087,7.058771,9.924958,12.401522,15.865439,17.949402,19.806475,18.479858,18.187824,22.974049,21.405092,25.959858,22.91564,26.53237,28.131193,25.192217,22.528038,21.59892,16.256216,17.62407,13.573201,15.972001
28,36.695515,32.884537,32.206974,27.024887,26.267044,26.144922,22.386787,23.056557,18.388912,21.075312,18.91563,20.945774,18.15603,17.805931,14.191281,10.939074,12.981589,9.431494,15.60603,12.20041,16.412762,18.228432,21.22527,15.501131,14.508438,11.8935375,8.263314,4.5134025,0.0,4.8200665,5.680996,10.253357,13.733926,15.181709,10.853135,10.298342,14.414616,14.359707,10.750001,11.779147,16.278212,14.004649,12.09404,16.506453,18.541876,16.545824,17.355604,21.152737,22.520792,22.877115,19.57184,20.740631,23.755888,22.048878,19.670551,16.559671,13.207282,12.280644,17.37773,17.365486,11.321553,13.872127,17.124525,19.258604,15.779633,11.916274,14.709391,12.438563,8.951747,13.114633,9.383996,12.30435,9.42503,13.222105,12.378384,16.351833,15.703297,15.585239,19.514057,18.85371,20.284077,23.601881,20.356535,16.356436,12.279171,14.012613,7.514297,10.258074,9.435875,11.13959,13.426228,15.246618,18.95035,21.043636,22.155823,20.575146,19.471058,23.64441,21.187376,25.19383,21.563498,24.756266,25.90511,22.793137,20.309616,20.277546,15.219349,17.512999,14.06487,17.513294
29,41.08113,37.219257,36.485714,31.389273,30.370144,30.252026,26.203596,26.4566,21.731312,23.682795,20.965776,22.467207,19.278137,19.68606,15.576298,13.95981,16.280659,13.393694,19.441895,15.781266,20.030802,21.259695,24.590523,18.623835,16.875967,13.967293,9.7945385,5.9346466,4.8200665,0.0,7.2873254,7.8066654,12.73209,14.199627,11.258086,11.7997265,15.953293,15.868322,13.601861,14.950384,19.016344,17.390718,16.201117,20.37322,22.097427,20.807247,21.984163,25.357452,26.727274,26.647783,23.218742,25.195759,27.662733,25.50468,23.39863,20.205229,17.126284,15.578532,20.197771,20.31312,14.157076,15.575909,18.279112,20.32008,16.815165,12.451081,13.928944,10.666815,9.398473,12.848946,9.235206,13.202975,12.316973,15.891861,16.200052,19.819717,19.701155,20.096842,23.991905,23.638243,25.03217,28.336586,24.947092,20.963243,16.98144,18.39256,12.00903,13.392785,11.10662,11.736237,13.034967,15.548798,19.192938,21.842625,22.913136,20.679995,19.821594,25.04512,22.131773,27.110712,23.0648,26.681704,27.955679,24.318865,21.566256,20.631086,16.398361,17.720987,13.970378,17.30496
30,36.32494,32.611217,31.120691,26.385622,24.95076,24.056541,20.388615,19.743334,14.961389,16.909056,14.054985,16.091196,13.629764,13.981528,11.964501,8.984639,12.748934,10.86407,17.560131,15.927491,20.400776,22.62642,25.729359,20.519394,19.941122,17.476671,13.88172,10.095201,5.680996,7.2873254,0.0,7.161402,8.785113,10.087804,5.7122927,4.7819495,8.945556,9.560028,6.92857,7.8631635,11.9344425,11.727005,10.356046,13.72548,15.706358,16.026546,16.806599,19.139765,21.130875,20.515432,17.973036,20.67054,23.179111,20.97731,19.963509,17.974794,13.795399,14.150395,18.512007,16.446205,10.627008,14.561466,16.875776,17.890505,13.308537,10.052058,14.247929,12.437516,9.981425,15.338485,13.249011,16.824722,13.296778,17.980366,16.16278,20.767447,19.823177,18.498346,22.644054,20.628597,21.801744,24.452726,20.705269,17.293869,13.1362505,16.358288,10.434137,14.765994,14.110954,16.352722,17.89994,19.190947,22.978193,25.17845,25.440931,23.46314,21.56954,25.13046,21.548145,24.98085,20.584816,23.201632,23.730337,20.28074,18.079937,19.04977,15.051453,18.049498,15.589071,19.880064
31,43.224274,39.518547,37.82843,33.285084,31.573376,30.427866,26.735714,25.289154,20.664574,21.464231,17.738491,18.961302,16.352793,18.0777,16.023142,15.177319,19.011429,17.485579,24.107409,21.878162,26.406483,28.126272,31.434647,25.664047,24.305017,21.36777,17.418392,13.3968935,10.253357,7.8066654,7.161402,0.0,7.0904474,6.9011817,6.420318,8.923876,11.805809,11.571343,12.019487,13.746117,16.151573,16.551085,16.683872,19.693295,20.673765,21.875992,23.563509,25.167723,26.824911,25.507816,22.691164,26.710308,28.108309,25.169296,24.65397,22.614033,18.984478,18.36636,21.86911,19.962555,14.4062,16.432768,17.631636,18.22088,13.758672,10.158765,12.318565,9.64223,10.799875,15.186085,14.18221,18.776846,17.176174,21.929071,21.296955,25.746063,25.5631,24.75661,29.173723,27.507254,28.896168,31.605919,27.845217,24.433088,20.271492,23.183575,16.96502,20.096964,18.23264,19.41351,20.206947,22.237715,25.927187,28.695395,28.97298,26.287085,24.655483,29.332212,25.148827,29.5956,24.661623,27.615076,28.12944,24.032354,21.645403,21.656515,19.008654,20.865309,18.249731,22.379282
32,40.372257,36.765537,34.611996,30.653843,28.281116,27.097136,23.115774,20.96917,16.857,16.277784,12.408117,12.678121,10.051222,12.594671,12.095363,12.8188505,17.029985,17.336567,23.543507,23.070984,27.828148,29.820442,33.539867,28.685102,27.904606,25.481052,21.317356,17.472723,13.733926,12.73209,8.785113,7.0904474,0.0,5.538449,7.2489047,6.857494,8.335682,11.130054,12.170147,12.130512,14.257528,17.440475,16.833113,18.145721,20.013891,22.876076,23.208054,23.901962,26.663046,24.915808,23.565535,27.526217,29.45412,26.791075,27.096428,25.880756,21.562347,22.285955,25.890734,22.558378,17.580004,21.273588,22.35658,22.167501,16.993433,14.652166,18.278774,16.324533,16.549559,21.61206,20.331177,24.585136,21.81002,26.567703,24.937254,29.538424,28.481047,26.983923,30.862213,28.319294,28.891386,30.845694,26.563902,23.824938,20.26257,23.478365,18.28228,22.116932,20.586325,22.778326,22.936163,23.854153,27.474144,30.077677,29.277445,26.466276,23.96472,27.463642,22.432243,25.98417,20.635866,22.892523,22.886871,18.640526,16.67659,17.65754,16.480991,18.886292,17.757057,22.360092
33,42.703957,39.262558,36.763096,32.884007,30.684729,28.632627,25.578674,22.696362,18.578411,18.376654,14.106227,15.229096,13.902895,16.417234,16.955355,16.218304,20.717361,20.28205,26.794191,25.893814,30.434774,32.64856,35.81148,30.482534,29.67557,26.91254,23.19104,19.158627,15.181709,14.199627,10.087804,6.9011817,5.538449,0.0,5.395265,8.169874,8.19933,8.295795,11.358058,12.727485,13.04374,15.761577,16.702263,18.090172,18.514683,21.943079,23.580841,23.509312,25.517519,23.230148,21.502945,26.719921,27.459625,24.245497,25.170918,24.364943,20.379257,20.972822,23.593557,19.828428,15.59301,18.654669,18.827736,17.991932,12.941736,11.414761,14.817,13.744079,14.786431,19.595774,19.731485,24.09884,21.4212,26.660042,24.995476,29.897009,29.373476,27.527834,32.037262,29.244684,30.462372,32.484875,28.598747,25.925713,21.997105,25.92341,20.410973,24.75633,23.564693,25.392511,26.221193,27.687033,31.417545,34.00846,33.72791,31.073065,28.823751,32.444637,27.664217,30.966616,25.740562,27.704472,27.411871,23.423025,21.719557,23.108704,21.47834,24.076944,22.495195,27.034607
34,38.94928,35.462555,33.25565,29.014057,27.24122,25.30686,22.39485,20.228453,15.687934,16.824041,13.048654,15.2094755,13.766224,15.175494,15.220395,12.777644,17.165619,15.972593,22.550125,21.410421,25.73934,28.144247,30.955685,25.64749,25.095694,22.416643,19.07566,15.159175,10.853135,11.258086,5.7122927,6.420318,7.2489047,5.395265,0.0,4.6580925,6.270266,5.264795,6.408076,8.47231,9.821128,11.038522,11.6898155,13.957186,14.559425,16.936018,18.72632,19.365868,21.129929,19.414928,17.145735,21.771729,22.939535,19.995838,20.313953,19.260082,15.145388,15.868277,18.911514,15.43554,10.63298,14.417141,15.374418,15.196922,10.003737,7.878054,12.546914,11.667524,10.792563,16.167543,15.9122,19.868961,16.482233,21.757996,19.742233,24.705366,24.115904,22.153086,26.746063,24.022911,25.470272,27.72141,24.07443,21.206553,17.081203,21.167305,15.617054,20.356546,19.764795,21.758005,23.253916,24.716637,28.508343,30.816584,30.936089,28.748047,26.665953,30.061207,25.93143,28.970484,24.18277,26.224815,26.144363,22.549799,20.753473,22.37619,19.43567,22.510637,20.494791,24.968428
35,35.007133,31.447824,29.318327,25.096205,23.13102,21.638489,18.176443,16.397095,11.764773,12.928869,9.574696,11.730265,9.9385605,10.765348,11.004987,8.414551,12.959135,12.602286,18.925268,18.737703,23.179487,25.7038,28.80617,24.18425,24.0253,21.810991,18.341671,14.719565,10.298342,11.7997265,4.7819495,8.923876,6.857494,8.169874,4.6580925,0.0,4.344254,7.0093403,5.7408366,5.419092,8.665016,11.144139,9.994596,11.615604,13.777733,16.140623,16.402817,17.372078,20.040094,18.712881,17.28908,20.718441,23.027506,20.748196,20.839449,19.863026,15.322927,16.794146,20.523623,16.956707,12.154867,16.981207,18.609488,18.6804,13.567613,11.611928,16.583485,15.431056,13.466845,19.035015,17.69364,21.210302,17.143246,21.988482,19.449472,24.24157,22.920294,20.794401,24.773567,21.79547,22.588028,24.550755,20.529118,17.840036,14.087627,18.07672,13.197856,18.22395,17.938631,20.616034,21.84997,22.594454,26.323202,28.409775,28.055922,26.02225,23.576088,26.232868,22.0587,24.56313,19.856327,21.685562,21.585459,18.148417,16.45684,18.587494,15.596204,19.15571,17.714323,22.312986
36,34.792183,31.490904,28.73312,25.08586,22.811352,20.465885,17.76341,14.650699,10.531198,10.907837,6.9787207,9.593009,9.415394,10.690183,13.277859,10.921293,15.438866,15.775233,21.603046,22.19155,26.419975,29.181812,32.03642,27.707691,27.824566,25.679842,22.463148,18.896698,14.414616,15.953293,8.945556,11.805809,8.335682,8.19933,6.270266,4.344254,0.0,5.4045615,6.528988,5.8437824,6.092849,10.977776,10.737554,10.607495,12.159222,16.400213,16.724747,16.139652,19.027924,16.916513,16.452637,20.766945,22.46563,20.041574,21.210394,21.164272,16.633694,18.802162,21.717573,17.000174,13.485898,18.58479,19.506725,18.733248,13.555725,12.9825115,18.246387,17.829311,16.174055,21.702597,21.147238,24.583277,20.192339,25.217497,22.212164,27.152464,25.763817,23.010572,27.001713,23.308863,24.04035,25.438894,21.512283,19.531134,16.153599,20.711506,16.584137,22.01567,22.076662,24.86328,26.138035,26.714014,30.3994,32.375217,31.793997,29.815102,27.130102,29.139143,24.750769,26.391342,21.675148,22.684607,21.94709,18.785454,17.724579,20.768038,18.534819,22.344397,21.458769,26.112843
