,0,1,2,3,4,5,6,7,8,9,10,11,12,13,14,15,16,17,18,19,20,21,22,23,24,25,26,27,28,29,30,31,32,33,34,35,36,37,38,39,40,41,42,43,44,45,46,47,48,49,50,51,52,53,54,55,56,57,58,59,60,61,62,63,64,65,66,67,68,69,70,71,72,73,74,75,76,77,78,79,80,81,82,83,84,85,86,87,88,89,90,91,92,93,94,95,96,97,98,99,100,101,102,103,104,105,106,107,108,109
0,0.0,4.1064134,6.1750393,9.517619,12.456541,14.388735,17.398481,20.349815,23.701786,25.31088,29.067087,30.454807,33.780685,33.01096,33.546158,29.933887,29.31087,28.58368,27.29999,29.116903,28.263258,30.112532,32.83596,34.590637,34.934795,33.86022,34.319565,35.453552,34.53034,38.371643,34.116077,40.490448,36.511555,39.292862,36.663044,32.590195,31.871723,34.796524,31.682957,28.406519,29.391544,31.285387,27.945076,24.512003,27.935804,28.262285,21.669874,22.219852,25.658007,27.286474,30.848217,26.892838,31.600132,33.7706,33.886005,35.29736,32.773785,36.540688,39.122196,35.940994,35.549828,41.116104,43.83019,45.162296,40.67774,38.907257,43.771866,42.83529,38.167534,41.351097,43.764015,41.412956,37.840652,41.133945,37.442154,40.149693,36.68659,33.491764,32.407204,28.80301,25.539347,22.914446,20.507902,23.67294,26.66498,27.257978,30.92262,34.606777,37.401253,41.012287,42.79065,41.939693,45.68023,45.466324,47.499897,47.436832,44.752594,41.53205,37.93879,40.37951,35.668064,37.483044,38.053734,33.25952,32.128853,26.987396,27.162483,22.543436,22.601244,18.367676
1,4.1064134,0.0,5.1393514,5.9622817,9.461764,12.539441,14.390946,18.238052,21.082321,23.035686,26.74405,28.176123,31.244568,30.304213,30.269438,26.637493,25.746302,24.865189,23.383215,25.091173,24.159477,26.019878,28.796696,30.495657,30.857613,29.854612,30.418583,31.69885,30.961079,34.890675,30.908258,37.47223,33.935715,36.82121,33.89024,29.749233,29.467867,32.41677,28.93701,25.647913,27.237053,28.761248,25.093935,22.145145,25.946594,25.704252,18.993177,20.347193,23.910118,25.786497,28.797258,24.63809,29.798773,31.852514,31.512632,32.49467,29.850456,33.433178,36.374763,33.491074,32.584007,38.231808,40.80058,42.41336,38.05299,36.01185,40.67363,39.624096,34.884422,38.02083,40.269314,37.849575,34.269604,37.46017,33.95975,36.59245,33.06565,30.096514,28.936394,25.631205,22.262686,19.925047,17.135695,20.118992,23.169779,23.481474,27.17933,30.682245,33.453415,37.022682,38.813004,38.023148,41.784542,41.6381,43.81362,43.863926,41.322247,37.91418,34.285416,36.499157,31.745537,33.43381,33.95855,29.161774,28.078718,22.891232,23.271538,18.633125,19.018375,14.846699
2,6.1750393,5.1393514,0.0,5.474739,6.9485497,8.393572,11.6636915,14.179059,17.673056,19.166185,22.907948,24.333515,27.680964,27.050549,27.942074,24.29459,24.078835,23.630629,23.052359,25.220966,25.225174,27.43729,30.72424,31.348883,31.258043,29.769344,29.791235,30.474186,29.262466,32.898514,28.478565,34.643307,30.417444,33.30478,30.899368,26.760862,25.933119,29.15781,26.250498,22.802576,23.859396,26.40043,23.008179,19.384468,23.177454,24.27709,17.709885,18.053173,22.187551,23.27583,26.723747,23.835629,28.498087,30.045979,30.428278,31.757154,28.674469,32.530285,35.28002,31.60326,30.849443,36.5055,38.982933,40.28473,35.586746,33.658092,38.55203,37.4527,33.04242,36.67021,38.834396,36.332035,33.09861,36.899258,33.161144,36.39188,33.15838,29.85061,29.602484,25.734756,22.943682,21.12233,17.801245,20.274673,22.531033,23.963963,26.61773,30.940445,33.334152,37.15384,38.591164,37.371536,40.998543,40.63526,42.30834,42.15965,39.256454,36.319004,32.91416,35.75335,31.194372,33.611683,34.595993,29.927496,28.289066,23.737728,22.691332,18.264063,17.767416,13.364899
3,9.517619,5.9622817,5.474739,0.0,3.9416876,8.198731,8.596521,13.151256,15.4294615,17.721584,21.276173,22.836788,25.659468,24.7344,24.474766,20.693659,19.953012,19.06703,18.145859,19.966099,19.776478,22.030647,25.273994,25.932087,25.964388,24.692974,24.883457,25.95267,25.064894,28.964346,24.978155,31.559006,28.220337,31.193258,28.168736,23.952858,23.949139,27.061823,23.444609,20.048399,22.172342,23.81063,19.87183,17.228998,21.5401,21.412735,14.730203,16.586838,20.642855,22.281244,24.74103,21.29544,26.644129,28.138021,27.688608,28.319275,25.17928,28.69796,31.986124,28.95115,27.429407,33.18656,35.4937,37.261005,32.847187,30.52018,35.071175,33.849613,29.225718,32.649143,34.6371,32.07948,28.710869,32.230705,28.789503,31.788643,28.410147,25.478209,24.970757,21.642092,18.64571,17.250051,13.435693,15.620451,18.08208,18.935547,21.82268,25.771793,28.234152,31.965647,33.51809,32.501812,36.224464,36.050285,38.01678,38.146637,35.519444,32.180504,28.69573,31.028355,26.33148,28.441858,29.268917,24.569944,23.072699,18.311247,17.726439,13.159545,13.273593,8.944327
4,12.456541,9.461764,6.9485497,3.9416876,0.0,5.468009,4.978723,9.302305,11.786602,13.797658,17.437277,18.91863,21.829716,20.983032,21.204567,17.499233,17.151945,16.765312,16.478975,18.864216,19.521122,21.95961,25.699566,25.349575,24.912134,23.173847,23.036211,23.542322,22.41795,26.027061,21.94752,28.283287,24.566082,27.749897,25.045612,20.713017,20.575048,24.09729,20.772465,17.15587,19.366089,21.78507,17.858139,15.04581,19.650633,20.407812,14.055048,15.526959,20.056774,21.071167,23.443235,21.147532,26.207384,27.126604,27.010838,27.609072,23.996284,27.555552,30.93063,27.420675,25.585997,31.381136,33.43778,35.14385,30.515678,28.039978,32.612305,31.193945,26.88085,30.784876,32.47606,29.724947,26.771727,30.800327,27.367199,30.847809,27.728968,24.755342,25.035583,21.566853,19.130854,18.483818,14.164589,15.469334,17.012152,18.696356,20.408905,24.92531,26.914078,30.806816,31.981493,30.553608,34.116535,33.71683,35.36469,35.286118,32.436295,29.408157,26.060797,28.896627,24.400425,27.108261,28.351236,23.841274,21.864933,17.901382,16.011944,11.811184,11.342122,6.774117
5,14.388735,12.539441,8.393572,8.198731,5.468009,0.0,6.1909537,6.692928,9.878266,11.916345,15.114032,17.182814,20.353416,20.35261,21.747997,17.611752,18.618248,18.164587,19.654259,21.56292,23.101854,25.943108,29.49346,28.382776,27.801605,25.943594,24.751518,24.8637,22.807503,26.243486,21.076986,26.851328,22.407637,25.004337,22.810377,18.795084,17.609552,20.934431,18.435795,14.916913,15.725517,19.141655,16.007315,11.995571,16.074474,18.51418,12.751984,12.346878,17.189537,17.30368,20.427359,19.488882,23.613949,24.172009,25.061222,26.40892,22.695803,26.65869,29.330519,24.925255,23.963934,29.551357,31.794558,32.873894,27.93077,26.010773,31.032764,29.937881,25.901558,29.985508,32.047188,29.607332,26.760042,31.199017,27.253153,31.186205,28.487833,24.902979,26.0471,21.743166,20.07797,19.549273,15.588967,16.718412,17.46035,20.486544,21.409374,26.720526,28.578363,32.616325,33.64452,32.076523,35.566177,35.23426,36.112347,36.21928,32.94138,30.509659,27.717205,30.86519,26.656984,29.933838,31.417114,27.199743,24.865055,21.408485,18.242811,14.664376,12.488793,8.865628
6,17.398481,14.390946,11.6636915,8.596521,4.978723,6.1909537,0.0,5.9742312,7.1374655,9.566624,12.902176,14.5393715,17.122976,16.3616,16.517149,12.630956,12.788729,12.670606,13.566782,16.116982,17.8673,20.563887,24.606335,23.003164,22.099997,19.98604,19.263578,19.27003,17.844269,21.264048,17.127249,23.357208,19.73032,23.076643,20.402039,15.960882,16.12459,19.958536,16.671808,12.915623,15.789989,18.563732,14.541861,12.26916,17.213394,18.375536,12.922244,14.530112,19.182302,19.693144,21.340261,20.24674,25.04493,25.251595,25.143509,25.387035,21.29751,24.664227,28.28081,24.583605,22.075115,27.848164,29.529009,31.338203,26.655859,23.869831,28.281088,26.63165,22.609894,26.92877,28.235743,25.310812,22.785925,27.256437,23.961695,27.872635,25.08913,22.254076,23.404139,20.085133,18.400421,18.825407,14.147392,14.122844,14.407377,16.897478,17.105618,22.122986,23.554806,27.560484,28.352346,26.583477,30.00659,29.518854,30.812286,30.765718,27.753471,24.93993,21.865334,24.967745,20.716648,24.019112,25.658846,21.51164,19.032394,16.143747,12.664119,9.328437,8.031343,4.2273564
7,20.349815,18.238052,14.179059,13.151256,9.302305,6.692928,5.9742312,0.0,4.828855,5.241512,8.753345,10.49736,13.801378,13.893987,16.27117,12.789669,14.522753,15.302364,17.550436,20.313745,22.873028,25.624409,29.78803,27.310019,25.96993,23.42773,21.971478,20.978323,18.787865,21.342014,16.564514,21.592045,16.484125,19.837038,18.389544,14.15301,12.957788,17.419037,15.604663,11.833347,13.288369,18.063025,15.063833,11.829013,16.139124,19.541529,15.218979,14.913408,19.754578,18.95471,21.126516,22.020243,25.669504,25.154758,26.167053,26.980623,22.620298,26.1763,29.198303,24.45936,22.450499,27.877611,29.370218,30.55815,25.453468,23.017637,27.681892,26.032068,22.821276,27.705517,28.86428,25.98437,24.189716,29.291985,25.80473,30.30036,28.0915,24.946388,27.099337,23.286493,22.410925,23.055521,18.664999,18.324804,17.56945,21.20053,20.087215,25.722204,26.575535,30.637058,30.922752,28.646984,31.677496,30.877314,31.29124,30.905956,27.36548,25.543894,23.07307,26.997377,23.40257,27.446703,29.533384,25.858288,22.972513,21.145138,16.45087,14.254657,11.878856,9.562992
8,23.701786,21.082321,17.673056,15.4294615,11.786602,9.878266,7.1374655,4.828855,0.0,4.810187,6.3256454,9.081211,11.204731,11.571862,12.911216,8.636253,11.22334,11.527998,15.23702,17.233435,20.508133,23.464478,27.405277,24.138441,22.679443,20.2081,17.983418,16.921919,14.262534,16.985188,11.795429,17.158041,12.866077,16.05589,13.9505625,9.554636,9.186176,13.621198,11.3222275,7.513849,10.293923,14.523423,11.391648,9.452515,13.881993,16.770632,13.60615,13.997358,18.389538,17.61742,18.600199,20.065285,23.626959,22.648674,23.247164,23.540476,18.963024,22.180737,25.4594,20.969168,18.225273,23.605827,24.833244,26.269596,21.304394,18.514484,22.990831,21.256384,18.05202,23.054699,24.054214,21.195827,19.521069,24.766287,21.403135,26.063143,24.138306,21.196388,23.90284,20.425997,20.17501,21.631304,17.300095,15.973996,14.2388,18.290226,16.099422,21.917648,22.46581,26.511488,26.671455,24.411089,27.451483,26.898846,27.043106,27.165064,23.625832,21.747679,19.692501,23.263391,19.854286,24.090525,26.26381,22.996933,19.933725,18.830639,13.286258,12.202667,9.165751,8.859751
9,25.31088,23.035686,19.166185,17.721584,13.797658,11.916345,9.566624,5.241512,4.810187,0.0,4.2937603,5.289385,8.654399,8.8789835,12.394298,9.999487,12.417293,14.324642,17.11384,20.29928,23.530745,26.095478,30.536201,27.05483,25.15073,22.15587,20.496874,18.520168,16.313704,17.823586,13.757451,17.748243,12.146034,16.315443,15.663899,11.503613,10.60104,15.815921,14.741239,11.285562,13.274938,18.504023,15.865814,13.784036,17.734213,21.3873,18.294632,18.181282,22.677631,21.427198,22.726845,24.72768,27.974747,26.75131,27.728466,28.067326,23.427393,26.46646,29.686556,24.950777,22.132124,27.182898,27.969147,29.264797,24.236464,21.400564,25.50998,23.378317,21.059322,26.43577,26.74151,23.545067,22.783731,28.242657,25.293098,30.063095,28.316687,25.664215,28.465569,25.189173,24.882277,26.258844,21.803965,20.55672,18.821697,22.611006,19.99584,25.563208,25.543558,29.476934,29.121042,26.29258,28.832134,27.63825,27.600409,26.788115,23.04124,21.857086,19.815317,24.32631,21.449942,26.013718,28.537287,25.473274,22.267979,21.883583,16.326017,15.53736,13.3578005,12.434438
10,29.067087,26.74405,22.907948,21.276173,17.437277,15.114032,12.902176,8.753345,6.3256454,4.2937603,0.0,3.8503168,5.7892294,7.5344048,11.479315,9.242097,12.825928,14.523877,18.565063,21.028511,24.840355,27.524828,31.697886,27.4915,25.441027,22.493324,20.000673,17.62252,14.771088,15.678585,11.21741,14.078084,7.998059,12.100309,12.054407,8.416869,7.1939893,12.568121,12.437315,9.708787,11.351076,16.79263,14.9426985,13.595181,16.758535,20.821495,19.08669,18.687618,22.675377,20.952154,21.589426,24.739023,27.299417,25.470161,26.64965,26.888731,22.204718,24.937567,27.904184,23.018393,20.072502,24.617323,25.044373,26.129755,21.141483,18.355818,22.257341,20.117504,18.492502,24.029222,24.111423,21.098001,20.907753,26.553583,23.70936,28.690733,27.474962,24.908703,28.38681,25.217487,25.606117,27.46805,23.291563,21.4936,18.959084,23.211426,19.5935,25.255548,24.800741,28.60755,27.953714,25.006151,27.2772,26.18417,25.39598,24.885298,20.910587,20.35527,19.151747,23.550468,21.26485,26.081627,28.746334,26.234299,22.896435,23.276114,17.141611,17.325941,14.644913,14.954303
11,30.454807,28.176123,24.333515,22.836788,18.91863,17.182814,14.5393715,10.49736,9.081211,5.289385,3.8503168,0.0,4.0663342,5.0690136,10.683865,10.318843,13.164765,15.954423,19.021473,22.358654,26.033033,28.349401,32.900547,28.600977,26.227285,22.918589,21.098806,18.149221,16.031359,16.026018,13.173575,15.154981,8.948156,13.910499,14.629745,11.257397,10.5933075,15.893621,15.932386,13.296679,15.168994,20.514727,18.512905,17.307192,20.604086,24.497854,22.46448,22.291697,26.41572,24.749172,25.425043,28.387783,31.120152,29.301283,30.365345,30.389877,25.673635,28.18114,31.3747,26.675722,23.37981,27.790737,27.84703,29.09703,24.288843,21.28463,24.643278,22.101141,20.99695,26.64887,26.074797,22.706343,23.14067,28.768652,26.406378,31.312586,30.093006,27.90724,31.23898,28.41327,28.597042,30.458221,26.077663,24.26347,21.85,25.67122,21.89659,27.18225,26.319948,29.986937,28.961695,25.614416,27.48019,25.84359,25.152475,23.78341,19.802929,19.663473,18.353003,23.389627,21.509256,26.429325,29.316208,26.966946,23.59477,24.520662,18.555113,18.933598,16.999046,16.96034
12,33.780685,31.244568,27.680964,25.659468,21.829716,20.353416,17.122976,13.801378,11.204731,8.654399,5.7892294,4.0663342,0.0,3.4455605,8.680723,9.393513,12.565912,15.409665,19.033615,21.914692,25.960081,28.187899,32.559505,27.622507,25.03533,21.726973,19.51439,16.088463,13.919771,12.951961,11.029762,11.696223,6.064046,11.511747,12.536652,9.879572,10.196483,14.992226,15.293529,13.411835,15.712656,20.350801,18.662315,18.49972,21.433079,24.882528,23.75002,23.920053,27.614933,25.949553,25.808355,29.176847,31.682915,29.506664,30.291117,29.868843,25.184711,27.14452,30.427834,26.102724,22.244219,26.165377,25.668797,27.09263,22.651218,19.380692,22.023468,19.184492,18.83695,24.516798,23.32059,19.892248,21.103073,26.70435,24.839298,29.723774,28.913452,27.1713,30.851517,28.517801,29.129984,31.46789,27.244429,24.887756,21.930729,25.688156,21.060064,26.016874,24.5867,28.003372,26.585917,23.037827,24.519346,22.82562,21.636316,20.336123,16.235615,16.636559,16.07159,21.013998,19.830982,24.873653,27.903305,26.165459,22.747492,24.588892,18.38784,19.74047,17.885399,18.801144
13,33.01096,30.304213,27.050549,24.7344,20.983032,20.35261,16.3616,13.893987,11.571862,8.8789835,7.5344048,5.0690136,3.4455605,0.0,6.4764442,8.528934,10.596493,14.225666,16.80778,20.382711,24.167528,26.08783,30.73806,25.94454,23.199772,19.661835,18.239481,14.6630535,13.403547,12.375144,11.790937,13.324177,9.003957,14.498173,14.786316,11.653576,12.722219,17.581232,17.039013,14.796584,17.889233,22.089542,19.771345,19.769346,23.256073,26.035048,24.304905,25.07417,28.964191,27.724348,27.576544,30.170835,33.244026,31.36238,31.701525,30.973078,26.27175,28.123571,31.853117,27.934828,23.644325,27.844233,27.310019,29.162859,24.87864,21.263258,23.667286,20.567593,19.898947,25.515429,24.0167,20.217382,21.412075,26.843521,25.319258,29.992687,28.906666,27.500511,30.76263,28.799011,29.043211,31.347443,26.927933,24.57939,21.912132,25.09142,20.659294,25.218998,23.684095,27.05096,25.565924,21.86516,23.316656,21.302525,20.79484,18.953947,15.085352,14.99049,13.770726,19.11271,17.857542,22.84331,25.945354,24.149105,20.76985,22.845224,16.978674,18.393595,17.296606,17.98959
14,33.546158,30.269438,27.942074,24.474766,21.204567,21.747997,16.517149,16.27117,12.911216,12.394298,11.479315,10.683865,8.680723,6.4764442,0.0,5.485997,5.812647,9.629786,12.026999,15.105875,19.02451,20.709055,25.158691,19.938972,17.015568,13.472225,12.224338,8.401439,8.343319,7.4512873,9.28775,12.250758,11.464801,16.163057,14.601741,11.530864,14.490647,18.401417,16.418383,14.570916,19.079597,21.37101,18.476578,19.903849,23.634617,24.599003,23.149893,25.196894,28.649685,28.212446,27.118208,28.743164,32.377728,30.722685,29.974415,28.35945,23.860085,25.00882,29.414835,26.683533,21.405542,25.609167,24.82069,27.521416,23.90352,19.681446,21.304428,17.913355,16.766441,21.951048,19.932367,15.747161,16.978626,21.940796,21.193367,25.394857,24.228716,23.667038,26.581522,25.648386,25.8942,28.654686,24.406563,21.49299,18.70789,20.947565,16.10159,19.743938,17.789753,20.966736,19.395123,15.674505,17.359545,15.530705,15.909416,14.697274,11.3915825,9.553697,7.737306,12.761879,11.433768,16.445024,19.595242,18.20207,14.852558,17.940342,12.348289,15.03363,14.855048,16.666592
15,29.933887,26.637493,24.29459,20.693659,17.499233,17.611752,12.630956,12.789669,8.636253,9.999487,9.242097,10.318843,9.393513,8.528934,5.485997,0.0,4.459609,6.024663,10.723797,12.597023,16.805197,19.296242,23.349606,18.55497,16.305195,13.387619,10.876666,8.635191,6.5138326,8.748207,6.2504683,11.9608,10.753312,14.636611,11.790505,7.8327804,10.9310665,14.652505,11.764105,9.507151,14.441959,16.376225,13.141851,14.570735,18.456303,19.234663,17.708803,19.802393,23.197033,22.934023,21.905418,23.30722,27.039633,25.587904,24.866364,23.549717,18.95145,20.633257,24.942572,21.947838,17.011942,21.833714,21.799698,24.343315,20.331911,16.285524,19.016453,16.243912,13.71073,18.953146,18.244078,14.517876,14.165363,19.446388,17.61192,22.108065,20.626339,19.274965,22.289404,20.687435,20.983114,23.666704,19.475712,16.610674,13.719818,16.687624,12.167263,16.9845,16.072445,19.827595,19.17595,16.309727,19.02269,18.273634,18.601004,18.821388,15.587349,13.207191,11.406793,14.875099,12.129969,16.885784,19.54269,17.340069,13.952143,15.466259,9.112923,11.252085,9.9402685,12.262336
16,29.31087,25.746302,24.078835,19.953012,17.151945,18.618248,12.788729,14.522753,11.22334,12.417293,12.825928,13.164765,12.565912,10.596493,5.812647,4.459609,0.0,4.685042,6.6754317,9.883581,13.61646,15.633453,20.151756,15.628734,13.1664715,9.866031,9.079646,7.1934443,7.56441,9.843557,9.85934,15.399219,14.883077,18.939457,15.953304,12.178433,15.314004,18.905071,15.498279,13.149843,18.32002,19.614706,15.824315,17.370087,21.65584,21.413467,19.114504,22.036362,25.488668,25.831598,24.819162,25.022364,29.434137,28.444899,27.104874,25.368956,21.017288,22.413427,27.191124,24.931711,19.714897,24.61656,24.54858,27.537605,23.903606,19.706945,21.946642,19.046368,16.265953,20.93091,19.881868,15.908659,15.394188,19.962511,18.779177,22.646225,20.714066,20.023195,22.13902,21.294155,20.955494,23.535011,19.21059,16.424036,14.277332,15.842428,12.03974,15.744482,14.796747,18.407055,17.828823,14.9838295,17.813168,16.843197,18.402716,18.223314,15.681523,12.2689705,9.195205,12.54135,9.099178,13.631311,16.31619,13.820319,10.441907,12.375203,6.796151,9.342959,9.953497,11.9205065
17,28.58368,24.865189,23.630629,19.06703,16.765312,18.164587,12.670606,15.302364,11.527998,14.324642,14.523877,15.954423,15.409665,14.225666,9.629786,6.024663,4.685042,0.0,6.667999,6.659362,10.99798,13.771231,17.469702,12.993984,11.27186,9.100721,6.7205114,7.1511426,6.4863653,10.734908,9.170569,15.759241,16.240099,19.194424,15.130794,11.663809,15.074576,17.612238,13.314643,11.400355,16.812773,16.625746,12.596216,15.006239,19.083786,17.626238,15.747576,19.301292,22.2096,23.05229,21.526012,21.108751,25.69753,24.93923,23.064087,21.067547,16.910717,18.215109,23.157198,21.45315,16.19316,21.275665,21.62592,24.781391,21.397346,17.324871,19.772064,17.410381,13.589333,17.64178,17.437853,13.97861,12.090505,16.374357,14.742443,18.47024,16.270205,15.43552,17.467175,16.738426,16.57098,19.458464,15.456381,12.236617,9.839302,11.352527,7.46158,11.71257,11.607108,15.562603,15.817628,13.95156,17.538494,17.634357,19.177507,20.316326,18.057035,14.274208,11.824008,13.19831,9.053966,12.794986,14.841247,12.046016,8.868238,9.713077,3.309894,6.866658,6.973016,10.414003
18,27.29999,23.383215,23.052359,18.145859,16.478975,19.654259,13.566782,17.550436,15.23702,17.11384,18.565063,19.021473,19.033615,16.80778,12.026999,10.723797,6.6754317,6.667999,0.0,6.1039357,7.926314,9.445892,14.476566,11.428178,9.601709,7.002367,9.195564,9.948223,11.910458,14.910393,15.385089,21.396547,21.434084,25.15997,21.544828,17.82807,20.896795,24.021149,19.777319,17.39462,22.638283,22.78055,18.41501,20.041775,24.591902,22.757038,19.499115,23.51335,26.750732,28.083075,27.119497,25.39415,30.686956,30.53365,28.335848,26.230747,22.476173,23.679026,28.812243,27.568764,22.480392,27.544846,27.875664,31.242281,28.027596,23.947905,26.05463,23.500557,19.914417,23.45529,22.816801,19.1838,17.585995,20.784138,19.966982,22.714754,19.972433,19.868721,20.34081,20.399584,19.033333,21.217686,17.059565,14.723362,14.134421,13.415295,11.994094,13.86876,13.917232,17.198523,17.534657,15.766969,19.041515,18.545128,21.55462,21.647547,20.155634,15.779402,11.953389,13.245145,8.59331,10.937587,12.734097,8.929093,6.2652373,6.7993913,5.0098605,6.676869,10.117307,11.46898
19,29.116903,25.091173,25.220966,19.966099,18.864216,21.56292,16.116982,20.313745,17.233435,20.29928,21.028511,22.358654,21.914692,20.382711,15.105875,12.597023,9.883581,6.659362,6.1039357,0.0,4.712268,7.630788,10.813917,7.0095367,6.460081,6.3470693,6.417165,9.763504,11.121701,15.154518,15.02395,21.264719,22.743776,25.324884,20.827694,17.869366,21.319868,23.148384,18.356815,16.891106,22.121367,20.435076,16.291258,19.128544,23.01884,19.608751,17.500969,22.166035,24.418764,26.279362,24.396772,22.07388,27.324194,27.31862,24.303068,21.576553,18.403658,18.949812,24.247274,24.126331,18.93242,23.649992,24.161787,27.797808,25.265797,21.383236,23.13572,21.149681,16.941744,19.291714,19.25685,16.356636,13.633063,15.773521,15.085199,17.121492,14.156761,14.603954,14.692662,15.733655,14.780135,17.638462,14.335516,11.223352,10.433913,8.433419,7.2884574,7.9489355,9.035747,12.445557,13.8410225,13.451176,17.41732,18.239677,21.08362,22.73813,21.588053,16.967098,14.212382,13.225354,8.483,9.377558,10.1048565,6.35733,4.4017224,3.9819796,3.98712,7.072212,9.699919,12.749121
20,28.263258,24.159477,25.225174,19.776478,19.521122,23.101854,17.8673,22.873028,20.508133,23.530745,24.840355,26.033033,25.960081,24.167528,19.02451,16.805197,13.61646,10.99798,7.926314,4.712268,0.0,3.6424398,7.021532,6.4327254,7.40137,8.494917,10.569288,13.95532,15.791678,19.603851,19.69022,25.964775,27.228731,29.936571,25.42329,22.335,25.56024,27.443396,22.513887,20.865276,25.906595,24.043583,19.775402,22.197634,26.17724,22.202074,19.373499,24.375273,26.52459,28.898125,27.308033,23.80524,29.479856,30.059937,26.71199,23.988976,21.375393,21.901997,27.095577,27.452526,22.689207,27.35389,28.110422,31.772564,29.407543,25.716202,27.464417,25.650454,21.323114,23.096943,23.279736,20.642925,17.708946,18.884514,18.430687,19.522188,16.147,16.911222,15.475783,17.117329,15.235588,17.395683,14.51948,12.337865,13.1061735,9.448245,11.049003,9.997986,11.865362,14.373852,16.301502,16.574085,20.348995,21.20028,24.6831,26.128498,25.39619,20.58184,17.470692,16.047365,11.499114,10.576392,10.100616,5.4672427,5.982944,1.7345307,7.8662186,8.724823,12.373735,14.334483
21,30.112532,26.019878,27.43729,22.030647,21.95961,25.943108,20.563887,25.624409,23.464478,26.095478,27.524828,28.349401,28.187899,26.08783,20.709055,19.296242,15.633453,13.771231,9.445892,7.630788,3.6424398,0.0,5.5095377,6.46014,7.4637575,8.887645,12.435459,15.540646,18.137154,21.394886,22.434736,28.369883,29.812368,32.766823,28.406681,25.338923,28.680195,30.73295,25.892654,24.222471,29.35309,27.607805,23.360214,25.75198,29.795437,25.817535,22.931383,27.93167,30.1146,32.525032,30.936121,27.320477,33.021004,33.642807,30.173153,27.284431,24.831886,25.082634,30.317131,30.940422,26.024881,30.481615,30.991196,34.808517,32.63875,28.832176,30.193756,28.200214,24.195227,25.821707,25.52366,22.79026,20.33616,21.063679,21.274324,21.923424,18.703526,20.042088,18.275814,20.443727,18.468088,20.408222,17.763573,15.855466,16.726095,12.851982,14.281652,12.225302,13.474964,15.203876,16.910416,17.262001,20.630444,21.292322,25.339201,26.460104,26.219662,21.288822,18.030552,16.181288,12.127405,9.996087,8.95958,4.6670165,6.714292,5.069677,10.835547,11.796603,15.752932,17.316944
22,32.83596,28.796696,30.72424,25.273994,25.699566,29.49346,24.606335,29.78803,27.405277,30.536201,31.697886,32.900547,32.559505,30.73806,25.158691,23.349606,20.151756,17.469702,14.476566,10.813917,7.021532,5.5095377,0.0,6.6906576,9.578224,12.559218,15.01341,18.869083,21.158754,24.613272,25.467655,31.266945,33.46517,35.780205,31.033796,28.464964,31.892534,33.175674,28.169651,27.048567,31.957891,29.111113,25.217196,28.10056,31.59496,26.560938,24.42682,29.681606,31.057951,33.915474,31.826433,27.51493,33.066883,33.991528,29.88459,26.598492,25.047064,24.667332,29.683481,31.404682,26.785666,30.659002,31.296913,35.20949,33.720387,30.241156,31.201744,29.70069,25.553667,25.983923,26.096058,24.136356,21.191904,20.474308,21.118881,20.478392,17.252613,19.348314,16.489017,19.87485,18.025734,19.960909,18.57137,16.782463,17.996222,13.11117,15.613275,11.771321,13.7906685,14.458469,17.062164,18.732113,22.096035,23.59167,27.573498,29.54181,29.665749,24.720818,22.07376,19.057957,15.578719,12.334754,9.921909,7.5789895,10.491153,8.700526,14.567784,15.54927,18.910618,20.908466
23,34.590637,30.495657,31.348883,25.932087,25.349575,28.382776,23.003164,27.310019,24.138441,27.05483,27.4915,28.600977,27.622507,25.94454,19.938972,18.55497,15.628734,12.993984,11.428178,7.0095367,6.4327254,6.46014,6.6906576,0.0,3.4485283,7.127217,8.83363,12.736755,15.271912,18.34269,19.977242,25.19651,28.081451,30.284363,25.68516,23.496975,27.31756,28.511227,23.803535,23.045385,28.208403,25.529795,21.885742,25.383493,28.756153,24.329361,23.148695,28.094986,29.613396,31.83238,29.240505,26.428387,31.479605,31.584087,27.749458,24.183195,22.013784,21.267866,26.584063,28.003544,22.595705,26.245209,26.257006,30.350845,28.933176,25.114357,25.548016,23.69381,20.059223,20.870325,20.156532,17.848303,15.6139,15.388641,16.638723,16.745653,14.13467,16.620882,15.579051,18.77384,18.064228,21.042807,18.959547,15.965371,15.48352,11.851212,11.332416,7.2756753,7.6781507,8.7824335,10.824337,12.102067,15.65384,17.269913,20.98382,23.261604,23.352337,18.476156,16.355362,12.864736,9.61623,6.606322,4.8421817,3.4905427,5.6437726,7.688518,10.90695,13.776398,16.513084,19.524046
24,34.934795,30.857613,31.258043,25.964388,24.912134,27.801605,22.099997,25.96993,22.679443,25.15073,25.441027,26.227285,25.03533,23.199772,17.015568,16.305195,13.1664715,11.27186,9.601709,6.460081,7.40137,7.4637575,9.578224,3.4485283,0.0,3.8910372,6.6066713,9.85881,13.023351,15.5760355,18.011255,22.916039,25.758314,28.301271,24.024311,21.758295,25.699581,27.27368,22.833832,21.94491,27.272284,25.24151,21.579905,24.987947,28.543419,24.856823,23.62882,28.292236,30.193327,32.009274,29.519987,27.462664,32.378544,32.122482,28.678522,25.245668,22.564217,21.967001,27.359615,28.212656,22.462912,26.201466,25.865376,29.959648,28.302809,24.211872,24.535608,22.246708,19.053566,20.596073,19.208456,16.318066,14.911232,15.583894,16.942333,17.833239,15.594473,17.808146,17.676468,20.27346,19.770525,22.859293,20.209877,17.01199,15.9313755,13.282055,11.284189,8.49035,7.344541,8.926779,9.734155,9.818583,13.266036,14.354642,18.21082,20.06386,20.122444,15.196937,12.950926,9.61835,6.259334,3.5878556,3.7113812,2.8878965,3.3390026,8.181617,9.738505,13.30961,16.01338,19.033607
25,33.86022,29.854612,29.769344,24.692974,23.173847,25.943594,19.98604,23.42773,20.2081,22.15587,22.493324,22.918589,21.726973,19.661835,13.472225,13.387619,9.866031,9.100721,7.002367,6.3470693,8.494917,8.887645,12.559218,7.127217,3.8910372,0.0,5.528095,7.2419024,10.936032,13.07153,15.91474,20.76019,23.009626,26.092983,22.234255,19.62396,23.50546,25.69437,21.537012,20.270973,25.694225,24.605892,20.823708,23.821432,27.677416,24.92603,23.310585,27.6089,30.032503,31.440924,29.322636,27.904598,32.77576,32.269012,29.368378,26.306934,23.048042,22.931362,28.304667,28.305622,22.450827,26.517805,26.059992,29.981558,27.813358,23.518326,24.134987,21.4353,18.540607,21.102152,19.378252,15.851699,15.101275,17.05108,17.946419,19.79727,17.693539,19.206207,19.78687,21.483332,20.95968,23.9528,20.658907,17.486671,16.06585,14.47987,11.600772,10.7896595,9.148076,11.445409,11.231566,9.700625,12.890016,12.9811125,16.735409,17.733418,17.376408,12.436055,9.539877,7.6539593,3.2415771,4.067197,6.504366,5.0537643,2.518676,8.60614,8.184734,12.05302,14.733289,17.471357
26,34.319565,30.418583,29.791235,24.883457,23.036211,24.751518,19.263578,21.971478,17.983418,20.496874,20.000673,21.098806,19.51439,18.239481,12.224338,10.876666,9.079646,6.7205114,9.195564,6.417165,10.569288,12.435459,15.01341,8.83363,6.6066713,5.528095,0.0,4.4650955,6.5076733,9.705902,11.494696,16.447712,19.463692,21.727985,17.463629,15.426744,19.528736,20.96765,16.845379,16.261635,21.554258,19.88409,16.577316,20.246048,23.532804,20.80349,20.381062,24.372086,26.372091,27.503536,24.856323,24.291914,28.581884,27.65677,24.8598,21.734928,18.341553,18.0192,23.31102,23.252604,17.201565,21.078474,20.557241,24.45559,22.375074,18.09528,18.686895,16.160994,13.036056,15.694811,14.200861,10.745575,9.65004,12.369574,12.887333,15.449236,13.819815,15.029614,16.8291,18.147758,18.57298,22.091682,19.032276,15.278906,12.679967,12.372411,7.4393516,8.011757,5.8400764,9.32938,9.181321,7.6621737,11.626084,12.6124325,14.853665,17.121952,16.074392,11.598482,10.113319,8.341292,4.8385754,7.568013,9.579588,8.779069,6.180708,10.266364,7.1665993,11.785935,12.793912,16.591055
27,35.453552,31.69885,30.474186,25.95267,23.542322,24.8637,19.27003,20.978323,16.921919,18.520168,17.62252,18.149221,16.088463,14.6630535,8.401439,8.635191,7.1934443,7.1511426,9.948223,9.763504,13.95532,15.540646,18.869083,12.736755,9.85881,7.2419024,4.4650955,0.0,4.5155025,5.887495,9.566901,13.574966,16.408821,19.269478,15.792789,13.726937,17.863113,19.931025,16.582516,15.833066,21.04643,20.578768,17.535225,20.76155,24.118044,22.665314,22.203905,25.54478,27.981441,28.489359,26.12064,26.609165,30.54174,29.169765,27.044987,24.28777,20.457064,20.404175,25.420622,24.527029,18.413465,22.167557,21.174685,24.82135,22.394472,17.909657,18.367508,15.20091,13.211764,16.958893,14.589571,10.418553,11.153204,14.902315,15.380573,18.61855,17.512754,18.288225,20.759083,21.406712,21.967405,25.371744,21.88836,18.255175,15.298831,16.071398,10.637671,12.353585,9.647714,12.588355,11.155474,7.9075756,10.799439,10.544813,12.198983,13.564071,11.969026,7.6823606,6.3711896,6.71901,4.7038803,9.4031,12.301512,11.891942,8.871907,13.414747,9.015602,13.477094,14.079529,17.472729
28,34.53034,30.961079,29.262466,25.064894,22.41795,22.807503,17.844269,18.787865,14.262534,16.313704,14.771088,16.031359,13.919771,13.403547,8.343319,6.5138326,7.56441,6.4863653,11.910458,11.121701,15.791678,18.137154,21.158754,15.271912,13.023351,10.936032,6.5076733,4.5155025,0.0,4.9663606,5.2391715,10.238918,13.047382,15.308964,11.418269,9.509456,13.762365,15.452563,12.199201,11.8264675,16.849346,16.405872,13.763596,17.14155,20.102638,19.20079,19.407484,22.206678,24.497475,24.633657,22.167778,23.509518,26.941774,25.249249,23.566483,21.178516,17.058622,17.355719,22.048336,20.5141,14.523595,18.449112,17.670208,20.994555,18.142195,13.670755,14.828054,11.822724,9.4254,14.014087,12.389184,8.397416,8.673659,13.660124,12.982457,17.113857,16.28445,16.127468,19.498384,19.252241,20.34974,23.825674,20.422253,16.719044,13.089989,15.277151,9.181282,12.735481,10.756081,14.165234,13.200857,10.533604,13.468535,13.689103,13.811977,15.733019,13.25976,10.2384615,9.866204,10.906207,8.999098,13.360547,15.8654175,14.973769,11.892687,14.945475,9.321912,13.295124,12.412235,16.185764
29,38.371643,34.890675,32.898514,28.964346,26.027061,26.243486,21.264048,21.342014,16.985188,17.823586,15.678585,16.026018,12.951961,12.375144,7.4512873,8.748207,9.843557,10.734908,14.910393,15.154518,19.603851,21.394886,24.613272,18.34269,15.5760355,13.07153,9.705902,5.887495,4.9663606,0.0,7.14602,8.272891,12.086445,14.662033,12.202304,11.226499,15.238678,17.11868,15.177379,15.079866,19.542662,19.890287,17.88464,20.962742,23.640127,23.53111,24.011717,26.345251,28.715006,28.379652,25.913544,28.051882,31.024061,28.917213,27.58497,25.206139,21.174028,21.111153,25.461449,23.814743,17.868914,20.87812,19.230846,22.39574,19.87895,15.446925,15.431267,11.757349,11.660946,16.215649,13.128872,8.8849,11.657559,16.222683,16.503664,20.412678,20.224941,20.516743,24.077188,24.049887,25.297272,28.790195,25.335678,21.675932,18.024288,20.139277,13.970184,16.642544,13.689968,16.244282,14.115727,10.42553,11.839996,11.078112,10.096778,11.377131,8.495912,6.600067,7.9959292,9.941357,10.224969,14.763668,17.694294,17.753576,14.753379,18.901815,13.570358,17.568327,16.922417,20.256927
30,34.116077,30.908258,28.478565,24.978155,21.94752,21.076986,17.127249,16.564514,11.795429,13.757451,11.21741,13.173575,11.029762,11.790937,9.28775,6.2504683,9.85934,9.170569,15.385089,15.02395,19.69022,22.434736,25.467655,19.977242,18.011255,15.91474,11.494696,9.566901,5.2391715,7.14602,0.0,7.0518556,8.646586,10.393405,6.4490094,4.470666,8.770583,10.490888,8.139643,8.118923,12.441601,13.110453,11.334037,14.167676,16.57604,17.29828,18.070538,19.68957,22.046017,21.372799,19.184664,22.000502,24.61847,22.418526,21.768764,20.234858,15.772567,16.805824,20.66512,17.784534,12.495409,16.475529,15.960018,18.42,14.686475,10.448183,12.866477,10.169793,8.16612,13.776423,13.082354,9.918205,10.142305,15.810667,13.879474,18.7509,18.280972,16.932985,21.092773,19.583685,21.100092,24.345184,20.951908,17.567839,13.601507,17.325565,11.546919,16.406437,15.100395,18.54281,17.73729,15.240783,17.750757,17.834377,16.722494,18.411856,15.114994,13.594812,13.719409,15.78806,14.11328,18.57347,21.012985,19.763382,16.617445,18.576473,12.340833,15.154515,12.789356,16.223902
31,40.490448,37.47223,34.643307,31.559006,28.283287,26.851328,23.357208,21.592045,17.158041,17.748243,14.078084,15.154981,11.696223,13.324177,12.250758,11.9608,15.399219,15.759241,21.396547,21.264719,25.964775,28.369883,31.266945,25.19651,22.916039,20.76019,16.447712,13.574966,10.238918,8.272891,7.0518556,0.0,7.1657534,7.1605535,6.452332,8.360993,11.067401,11.633981,12.238455,13.431403,15.874049,17.035944,16.88996,19.50279,20.724096,22.412369,24.28946,25.07387,26.998808,25.55382,23.057365,27.33752,28.766426,25.789698,25.741228,24.26842,20.26115,20.52673,23.464397,20.566708,15.790001,17.702162,15.831764,17.646133,14.6876745,11.063637,11.391861,8.186117,10.315001,15.278332,13.118176,10.636889,13.506455,18.530375,17.612324,22.18381,22.825571,21.987873,26.65516,25.438099,27.507984,30.895016,27.782059,24.346252,20.182476,23.867796,17.688313,21.616526,19.356064,21.931421,20.165878,17.24879,18.288523,18.018368,14.981209,16.59437,13.051312,13.891349,15.884542,18.040318,18.210253,22.63304,25.292253,25.07929,22.029966,25.020147,18.967766,22.083036,19.805832,23.011093
32,36.511555,33.935715,30.417444,28.220337,24.566082,22.407637,19.73032,16.484125,12.866077,12.146034,7.998059,8.948156,6.064046,9.003957,11.464801,10.753312,14.883077,16.240099,21.434084,22.743776,27.228731,29.812368,33.46517,28.081451,25.758314,23.009626,19.463692,16.408821,13.047382,12.086445,8.646586,7.1657534,0.0,5.505139,7.361021,6.7498636,7.0019956,10.292033,11.842259,11.474042,12.935027,16.901402,16.431252,17.099707,18.812302,22.38973,22.910633,22.709248,25.563032,23.534344,22.563747,27.067879,28.632744,25.872875,26.872086,26.46866,22.004599,23.611534,26.291634,21.907328,18.284302,21.36488,20.617098,21.614399,17.31216,14.377405,16.880627,14.418911,14.872249,20.37726,19.425488,16.741934,18.20486,23.776054,21.748178,26.74307,26.606512,24.747263,29.13296,26.750235,28.195242,30.90539,27.255032,24.534483,20.909735,25.218878,19.973976,25.034718,23.540518,26.780407,25.406752,22.254555,23.716494,22.770655,20.541338,20.613054,16.497398,17.301615,17.914963,21.708426,20.877073,25.7868,28.62165,27.345522,23.999575,25.941286,19.481438,21.350483,18.66325,20.6228
33,39.292862,36.82121,33.30478,31.193258,27.749897,25.004337,23.076643,19.837038,16.05589,16.315443,12.100309,13.910499,11.511747,14.498173,16.163057,14.636611,18.939457,19.194424,25.15997,25.324884,29.936571,32.766823,35.780205,30.284363,28.301271,26.092983,21.727985,19.269478,15.308964,14.662033,10.393405,7.1605535,5.505139,0.0,5.3522944,8.032469,7.4887204,7.503303,10.920484,12.220614,12.1129465,15.158936,16.2109,17.33692,17.550993,21.3549,23.393013,22.625452,24.555948,22.112658,20.50761,26.143295,26.568989,23.253922,24.681774,24.521053,20.501356,21.80743,23.539148,19.00862,16.205454,18.087116,17.211414,17.36739,13.230438,11.277122,13.683486,12.172898,13.520527,18.33136,17.960287,16.44154,17.859112,23.056416,20.785978,25.697687,26.20815,24.143753,29.040428,26.512365,28.654896,31.506336,28.4863,25.685701,21.742937,26.417799,21.081186,26.072815,24.722752,27.709614,26.511879,23.909197,25.329521,25.066113,22.105848,23.267857,19.417374,20.459465,21.758368,24.581121,23.952974,28.55019,31.1158,30.135263,26.959005,28.722013,22.359362,24.319221,21.062313,23.521677
34,36.663044,33.89024,30.899368,28.168736,25.045612,22.810377,20.402039,18.389544,13.9505625,15.663899,12.054407,14.629745,12.536652,14.786316,14.601741,11.790505,15.953304,15.130794,21.544828,20.827694,25.42329,28.406681,31.033796,25.68516,24.024311,22.234255,17.463629,15.792789,11.418269,12.202304,6.4490094,6.452332,7.361021,5.3522944,0.0,4.5922484,6.244823,5.3015423,6.4180665,8.421398,9.777564,11.018887,11.635581,13.905833,14.450527,16.887867,19.210972,19.275383,20.96115,19.22935,16.902681,21.801949,22.801146,19.761543,20.348299,19.705288,15.539153,16.772566,19.096312,15.051765,11.28736,14.012484,13.546303,14.580082,10.196884,7.0524187,10.453088,8.973156,8.619009,13.739254,14.021931,12.504412,12.910418,18.219303,15.59875,20.600313,20.917257,18.81892,23.703674,21.366753,23.615143,26.683144,23.847101,20.804132,16.69865,21.304161,15.960871,21.005947,20.012577,23.145527,22.421328,20.310406,22.385279,22.718834,20.404392,22.41467,18.883425,18.678364,19.59858,21.606474,20.402962,24.688274,26.962225,25.851711,22.830727,24.266464,18.114103,20.232435,16.904182,20.002445
35,32.590195,29.749233,26.760862,23.952858,20.713017,18.795084,15.960882,14.15301,9.554636,11.503613,8.416869,11.257397,9.879572,11.653576,11.530864,7.8327804,12.178433,11.663809,17.82807,17.869366,22.335,25.338923,28.464964,23.496975,21.758295,19.62396,15.426744,13.726937,9.509456,11.226499,4.470666,8.360993,6.7498636,8.032469,4.5922484,0.0,4.3134584,6.941317,5.6749616,5.291671,8.501311,10.968442,9.843932,11.428787,13.502906,15.93869,16.653378,17.123161,19.723118,18.36757,16.88753,20.649612,22.736382,20.349686,20.720428,20.161083,15.556347,17.495903,20.5531,16.393368,12.400076,16.575468,16.719303,18.21216,13.585015,10.18399,14.017047,12.119268,10.18663,15.704154,16.06296,13.637486,13.261334,18.90739,16.043259,21.135128,20.59693,18.286291,22.599436,20.007862,21.532034,24.335203,20.925014,18.08449,14.333044,18.922304,14.021742,19.586128,18.943153,22.53263,22.024668,19.691868,22.196344,22.169512,20.790222,22.12057,18.474363,17.529196,17.437548,20.084421,18.112259,22.610968,24.974174,23.221441,20.046833,21.016634,14.66432,16.330933,13.055814,15.782778
36,31.871723,29.467867,25.933119,23.949139,20.575048,17.609552,16.12459,12.957788,9.186176,10.60104,7.1939893,10.5933075,10.196483,12.722219,14.490647,10.9310665,15.314004,15.074576,20.896795,21.319868,25.56024,28.680195,31.892534,27.31756,25.699581,23.50546,19.528736,17.863113,13.762365,15.238678,8.770583,11.067401,7.0019956,7.4887204,6.244823,4.3134584,0.0,5.3749228,6.5060835,5.7965446,5.9611845,10.87359,10.660254,10.478775,11.907624,16.232061,16.792948,15.925077,18.722603,16.57056,16.06023,20.691895,22.124996,19.602312,21.05895,21.445774,16.964361,19.53604,21.751917,16.569143,14.128655,18.08034,18.697655,19.257343,14.121687,11.893638,16.370491,15.094282,13.499525,18.652376,19.597723,17.61744,17.04773,22.55804,19.205334,24.305443,23.749695,20.826763,25.121334,21.741924,23.197016,25.509794,22.167097,19.93002,16.5794,21.581886,17.450487,23.29652,23.025078,26.672926,26.29843,24.003828,26.446733,26.285309,24.697788,25.700037,21.835155,21.350475,21.156286,24.227503,22.143997,26.683338,29.023966,26.960327,23.78145,24.117575,17.854212,18.64192,14.916193,16.751995
