,0,1,2,3,4,5,6,7,8,9,10,11,12,13,14,15,16,17,18,19,20,21,22,23,24,25,26,27,28,29,30,31,32,33,34,35,36,37,38,39,40,41,42,43,44,45,46,47,48,49,50,51,52,53,54,55,56,57,58,59,60,61,62,63,64,65,66,67,68,69,70,71,72,73,74,75,76,77,78,79,80,81,82,83,84,85,86,87,88,89,90,91,92,93,94,95,96,97,98,99,100,101,102,103,104,105,106,107,108,109,110
0,0.0,4.295151,6.417305,9.672745,12.334688,14.632802,17.9924,21.46063,24.88389,27.432459,31.616835,31.208048,28.615356,27.658215,22.683792,22.880024,17.442112,18.426905,14.7199135,15.212051,14.220184,9.647917,13.88186,16.181509,16.151882,15.578818,21.502213,23.633106,21.418776,25.697998,25.0514,30.327969,34.281567,36.606632,38.727848,41.07198,44.330578,43.143116,40.424755,37.07888,37.721127,33.903717,31.649183,29.831474,27.523754,25.838264,21.957504,22.620478,20.600063,18.48645,17.750189,16.608633,13.7729225,17.827957,21.42896,25.728872,26.431837,27.546997,32.500988,31.947985,28.587227,33.546,32.926533,32.950413,37.66485,34.311043,37.791565,37.512295,38.862297,34.019737,30.663641,32.32682,31.407263,32.186268,33.949352,30.6047,34.47268,35.459946,36.82039,40.09412,38.114323,34.381607,34.84725,31.142567,30.353514,26.060415,27.477497,21.960331,23.622534,22.448229,25.639845,24.663322,24.845179,26.53924,30.237574,29.801643,29.1089,28.694765,25.287373,25.383978,20.541967,22.649563,18.041502,15.729906,19.4861,21.7874,26.029482,28.51281,31.548027,34.50039,37.3804
1,4.295151,0.0,5.309218,6.550733,8.930524,12.307622,14.664167,19.090265,21.87711,24.77472,28.65692,28.755062,26.612623,25.40626,20.582827,20.083931,14.741863,14.899105,11.283979,11.038874,10.111635,5.7881474,10.382084,12.131372,12.969626,12.067033,18.091934,19.874952,17.495907,21.614012,21.212128,26.233397,30.620943,32.73967,34.995827,37.435406,40.52972,39.321186,36.451233,33.001057,33.848827,29.863623,27.834244,25.977764,23.916698,22.333504,18.624834,19.69836,18.135546,16.24455,15.121122,14.95803,11.943048,16.646713,19.39541,23.70001,23.750679,25.167707,30.04427,29.261965,25.733854,30.384157,29.396774,29.24419,33.75785,30.268578,33.694252,33.287724,34.679676,29.900965,26.444767,28.063606,27.115763,28.010824,29.795437,26.581799,30.579502,31.618046,33.16814,36.43299,34.672142,30.841715,31.263681,27.449984,26.373827,22.212322,23.27092,17.675816,19.354517,18.289314,21.750326,20.983885,21.522758,23.32151,26.618185,26.185314,25.274796,24.786226,21.356524,21.19267,16.452261,18.492064,14.065088,12.4545145,16.151075,18.13586,22.88844,24.733683,28.029463,30.757221,33.745716
2,6.417305,5.309218,0.0,5.23967,7.005053,8.572112,12.200325,15.100978,18.764332,21.080454,25.451931,24.981697,22.408594,21.700722,16.65468,17.238235,12.083208,13.323379,11.112801,11.76483,12.641878,9.523201,14.76411,15.302232,16.823328,14.444031,20.400618,21.570707,17.559118,21.837423,20.250704,25.813087,28.824339,31.280499,33.280018,35.375362,38.885704,37.88763,35.377476,32.32589,32.859924,29.734777,27.093039,26.299809,23.270384,22.9018,19.00097,20.49266,18.78914,16.02675,14.12818,12.964004,8.7961,12.864863,16.475603,20.623426,21.675894,23.348106,28.062954,28.14418,24.860413,30.130129,29.059359,29.683886,33.887505,31.217821,34.781338,34.34235,36.386692,31.959244,28.122128,29.823477,28.066475,29.419737,30.029837,26.74277,30.257185,30.731277,31.864511,34.97454,32.660793,29.068583,29.17945,25.672655,25.454258,20.909004,23.3922,18.710258,20.937666,20.82701,24.616081,24.646942,25.36831,27.53894,30.31631,29.992958,28.688354,27.915783,24.269949,22.959906,18.116018,18.807861,13.70845,10.86993,13.788975,16.39238,20.042376,23.214731,25.784853,29.085205,31.686506
3,9.672745,6.550733,5.23967,0.0,3.9292681,6.276494,9.077133,13.243387,15.772442,19.002707,22.465033,22.456863,20.4795,18.985807,14.319061,13.539892,8.203482,8.7881565,5.8978252,7.2553205,8.481236,6.8551908,12.242331,12.483489,15.761218,13.498302,19.208822,19.665697,15.119971,18.766972,17.473188,22.223196,26.00786,27.635471,30.236746,32.219864,35.56904,34.804607,31.853727,28.586826,29.963177,26.663658,24.567768,24.000921,21.454508,21.567608,18.155666,20.362719,19.459986,17.182013,14.6992,15.008865,10.639128,15.0902,17.43361,21.359154,21.544018,23.82531,28.26539,28.12391,24.638056,29.302399,27.44696,27.737894,31.32551,28.338245,31.674238,30.709179,32.79169,28.566204,24.487862,25.54944,23.711226,24.53871,25.20536,21.719032,25.26734,25.988056,27.22022,30.460705,28.444313,24.712467,25.37112,21.671339,21.122965,16.750048,18.9982,14.435239,17.183954,17.308424,21.848644,21.813211,23.344795,25.1922,27.315575,26.658949,24.886068,23.730825,19.869846,18.250656,13.236126,14.065594,8.988787,6.099581,10.072401,12.40577,16.696606,19.096474,22.177559,25.02325,28.086933
4,12.334688,8.930524,7.005053,3.9292681,0.0,5.364779,5.737696,10.840098,13.039861,16.068998,19.830322,20.333864,18.726572,17.591354,13.044768,12.2177725,7.776155,6.978524,6.9128957,6.0746064,9.030403,8.889865,13.284794,11.883482,15.327219,11.979659,17.223108,17.16461,11.792678,15.562897,13.808958,18.99098,22.354956,24.423235,26.691938,28.826242,32.180256,31.261559,28.528131,25.40605,26.348375,23.281855,20.89297,20.653284,17.749454,18.394938,15.058335,17.616613,16.979279,14.6135435,11.653659,12.469903,8.229082,12.592519,14.0790825,17.855106,17.7785,20.248152,24.542442,24.498865,21.060963,25.757936,23.80972,24.394215,27.894962,25.335684,28.775183,27.998182,30.41416,26.3873,22.21573,23.742807,21.497297,23.26322,23.281916,20.242195,23.760674,24.08161,25.434494,28.47319,26.400135,22.678333,22.595959,18.935537,18.489223,13.980853,16.532522,12.445554,15.103859,15.924808,20.279072,21.087908,22.557158,24.866814,26.520874,26.22306,24.363832,23.309326,19.690216,17.200108,12.808198,12.21821,7.1072598,5.6266713,7.420584,9.585721,14.084442,16.368732,19.255875,22.318552,25.051527
5,14.632802,12.307622,8.572112,6.276494,5.364779,0.0,6.037932,7.285478,10.723995,13.446143,17.2189,16.602863,14.318693,13.251721,8.328611,8.849426,4.4984274,6.9429502,8.050437,10.034518,13.0804405,12.899204,17.871424,16.929293,20.655655,17.301231,22.37743,21.953825,15.711946,18.93187,16.17201,21.028181,22.928637,24.668318,27.065123,28.4752,32.295753,31.921597,29.373434,26.68781,27.887775,25.835342,23.204008,24.190205,20.713972,22.570166,19.388744,22.139282,21.435215,18.631233,15.344516,15.210534,10.291597,13.129252,15.423965,18.628395,19.678305,22.485497,26.347128,27.215137,24.117352,29.075928,26.869637,28.016066,30.843784,28.925064,32.241123,31.12001,33.982063,30.40415,25.99002,26.974327,24.14008,25.487856,24.474659,21.076038,23.756424,23.646746,24.28362,27.24352,24.54827,21.191458,21.480244,18.286236,18.997646,14.350456,18.579445,15.879703,19.112371,20.432514,25.12097,25.97509,27.741875,29.886215,31.254986,30.7199,28.509335,27.047564,23.185392,20.180891,15.699191,14.4319105,9.386033,5.341945,6.561172,9.731227,11.937792,16.198414,18.179157,21.679216,24.2484
6,17.9924,14.664167,12.200325,9.077133,5.737696,6.037932,0.0,6.7934494,7.5521593,10.794924,14.279234,15.360794,14.5118475,13.485165,9.771735,8.46507,6.7260747,4.534908,8.922094,7.960864,12.174886,13.77682,17.294008,14.675066,18.848404,14.877141,18.798838,17.499887,10.539684,13.235851,10.2036915,15.085987,17.278465,19.23161,21.50456,23.335197,26.895554,26.24821,23.655844,20.89476,21.932142,19.819197,17.234741,18.52168,15.129253,17.682247,15.124441,18.417345,18.50244,16.226768,12.606836,14.025763,10.2734375,13.0451765,13.022308,15.773998,15.486922,18.693592,22.18384,22.71653,19.57713,23.952536,21.279114,22.422394,24.891285,23.203352,26.485434,25.43,28.55633,25.289541,20.833319,22.179085,18.99391,21.406488,19.883158,17.208956,20.098364,19.716127,20.869904,23.629696,21.312853,17.749239,17.094173,13.637422,13.914343,9.214382,13.356281,11.467677,14.496901,16.64299,21.088892,22.80968,24.712082,27.155434,27.743162,27.546337,25.208153,23.863543,20.440992,16.52152,13.179124,10.219893,6.1062217,6.0251904,2.6190152,4.7059083,8.595795,11.311866,13.659765,17.0496,19.494661
7,21.46063,19.090265,15.100978,13.243387,10.840098,7.285478,6.7934494,0.0,5.259987,6.3633857,10.900141,10.190752,8.285758,8.524667,4.812978,7.0505123,8.007796,9.148164,13.507752,14.405393,18.386475,19.3548,23.60168,21.397604,25.322395,21.148695,25.050138,23.651484,16.380123,18.610985,14.518139,18.954082,18.25623,20.293478,22.116104,22.923176,27.14958,27.11182,25.224049,23.399748,24.103945,23.65883,20.551655,23.29192,19.100164,22.832031,20.352268,23.518942,23.304335,20.455576,16.738842,16.77045,12.788019,13.313436,14.093727,15.734146,17.245918,20.565023,23.322874,25.192892,22.727934,27.502182,24.910519,26.947664,28.724855,28.178015,31.32717,30.19328,33.831333,31.126696,26.63264,27.724247,23.97801,26.273775,23.412436,20.747597,22.365507,21.113657,21.221018,23.532902,20.211477,17.488518,16.577581,14.319317,16.530527,12.234765,18.075846,17.741444,20.87088,23.314495,27.704596,29.58147,31.463848,33.948723,34.423313,34.178905,31.669025,30.100967,26.58938,22.337725,19.096975,15.743866,12.182963,10.106432,6.5333166,8.734968,6.993488,13.137263,13.24034,17.483543,19.023714
8,24.88389,21.87711,18.764332,15.772442,13.039861,10.723995,7.5521593,5.259987,0.0,4.642155,6.7980022,8.172867,8.687752,7.8971334,7.0349736,6.0387464,9.515337,8.702979,14.222616,14.491386,18.642986,20.823412,24.186691,21.372236,25.936314,21.872225,24.861723,22.702042,15.324985,16.213326,12.175694,15.084343,14.267019,15.361096,17.727041,18.32579,22.446222,22.694477,20.498158,18.737558,20.171627,20.112028,17.557093,21.032885,17.391108,21.896471,20.273106,23.832134,24.344765,22.093845,18.328144,19.507772,16.149681,17.007774,16.243336,17.251894,17.463,21.14737,23.24526,24.83252,22.43624,26.2496,22.900328,24.767714,25.544603,25.198578,27.981733,26.428743,30.316046,28.212921,23.691023,24.322788,20.197224,22.59967,18.895042,16.653614,17.794422,16.170319,16.333044,18.502853,15.350543,12.533692,11.375257,9.104802,11.749689,8.006116,14.359127,15.687315,18.813667,21.826569,26.235441,28.43703,30.756098,33.080395,32.732162,32.442528,29.628548,27.87518,24.660114,19.766691,17.563965,13.198114,11.34635,11.063722,6.1427298,6.2594604,1.871428,8.25487,8.046798,12.226554,13.972674
9,27.432459,24.77472,21.080454,19.002707,16.068998,13.446143,10.794924,6.3633857,4.642155,0.0,5.9905567,6.7491965,7.3442173,8.744301,8.740908,9.899368,13.257845,13.0138855,18.389816,18.418684,22.673899,24.483028,27.990929,24.941452,28.985355,24.5157,27.228975,25.037718,17.657307,18.593594,13.992643,17.165573,13.9468565,16.063576,17.233889,17.43651,21.902845,22.180693,20.9352,20.023073,20.311508,21.418419,18.243021,22.436172,18.166832,23.261925,21.72073,25.088923,25.466778,22.989601,19.28858,19.900614,17.082071,16.542215,15.485671,15.452324,16.542768,20.122465,21.55228,23.985624,22.171494,26.191135,23.171711,25.762535,26.34097,26.991323,29.79413,28.635632,32.806477,30.997128,26.655598,27.752647,23.458101,26.506659,22.255697,20.586834,21.246704,19.03138,18.81959,20.30823,16.74293,14.810721,12.315796,11.367947,14.734215,11.657583,17.852512,19.54141,22.276003,25.440094,29.388628,31.994272,33.983845,36.616856,36.26937,36.258923,33.572956,31.987968,28.94585,23.949251,21.975222,17.416452,15.554245,15.081496,10.168606,10.460334,5.6917095,11.388373,9.282413,13.8660965,14.098276
10,31.616835,28.65692,25.451931,22.465033,19.830322,17.2189,14.279234,10.900141,6.7980022,5.9905567,0.0,4.823296,8.445343,8.371323,11.133297,10.541995,15.495403,14.880601,20.330929,20.73733,24.78326,27.364523,30.410088,27.358671,32.082333,27.998991,30.23975,27.537659,20.382828,20.039858,16.038013,16.878036,13.430301,13.247215,15.370261,14.409487,18.812714,20.042973,18.45344,17.953718,19.624691,21.420734,19.264286,24.056814,20.68366,26.148325,25.293648,28.907255,29.777166,27.72395,24.028011,25.264122,22.386623,22.370115,20.956787,20.710958,20.92336,24.626863,25.463821,27.61887,25.899628,28.90197,25.163412,27.40284,26.696732,27.47229,29.670252,27.808796,32.13376,31.090597,26.786877,26.912043,22.371115,24.74864,19.51449,18.167103,17.564577,14.781978,13.877721,14.895437,11.052353,9.894729,7.741378,8.252128,12.573612,11.16549,17.206102,20.482788,23.329601,26.763037,30.90806,33.457394,36.0,38.23427,37.15127,36.86075,33.800694,31.86636,29.019993,23.69849,22.545397,17.703787,17.299988,17.379105,12.727974,11.965164,5.9620485,9.633211,6.007605,9.76018,9.952451
11,31.208048,28.755062,24.981697,22.456863,20.333864,16.602863,15.360794,10.190752,8.172867,6.7491965,4.823296,0.0,4.251428,5.1600013,8.980069,10.158294,15.049253,15.915804,20.797129,22.218687,26.14797,28.09495,31.853117,29.39224,34.044132,29.976324,32.95263,30.656662,23.289783,23.687267,19.514835,21.217474,17.958399,18.063725,20.030355,18.857164,23.324865,24.669569,23.257908,22.742285,24.280533,25.912294,23.470236,27.97598,24.220171,29.391266,27.981808,31.470768,31.893963,29.406403,25.65355,26.12555,22.720503,22.373669,22.040361,21.995363,23.250734,26.830158,27.970339,30.519938,28.780031,32.437885,29.042517,31.409071,31.175959,31.776741,34.156384,32.32472,36.537697,35.168232,30.733849,30.788095,26.382586,28.197315,23.355673,21.345764,20.715286,18.240152,16.83692,18.006886,13.800296,13.017046,12.254689,12.555851,16.679,14.582306,20.925396,23.349064,26.533401,29.671919,34.131237,36.33248,38.82589,41.019615,40.391365,39.932117,36.882366,34.845345,31.631193,26.619894,24.64879,20.399628,18.982115,17.711449,13.799094,14.107368,7.984508,13.499656,10.649185,14.205345,14.569067
12,28.615356,26.612623,22.408594,20.4795,18.726572,14.318693,14.5118475,8.285758,8.687752,7.3442173,8.445343,4.251428,0.0,4.0354834,6.383495,9.534049,13.409623,15.364743,19.640831,21.589664,25.399462,26.656738,30.968594,28.96042,33.328255,29.268482,32.872482,31.041805,23.622597,24.83482,20.5635,23.35079,20.6554,21.458668,23.3044,22.562483,27.08505,28.10664,26.674168,25.826487,27.044567,28.138016,25.33426,29.319696,25.21952,29.907757,27.940727,31.238556,31.223566,28.392408,24.675993,24.49907,20.720846,20.225693,20.880785,21.267773,23.272255,26.673384,28.33655,30.997648,29.114475,33.4262,30.439934,32.839428,33.358433,33.62954,36.31673,34.691914,38.732624,36.847313,32.32141,32.621864,28.423624,30.103941,25.93259,23.417524,23.367762,21.338903,20.129658,21.704983,17.578224,16.34978,15.95739,15.507596,19.199211,16.235588,22.672546,24.015154,27.350441,30.152998,34.744263,36.671364,38.958633,41.2077,41.13613,40.644318,37.747524,35.778065,32.281605,27.640793,24.901407,21.21214,18.756313,16.464918,13.243428,14.503933,9.234669,15.786431,13.802315,17.680668,18.397482
13,27.658215,25.40626,21.700722,18.985807,17.591354,13.251721,13.485165,8.524667,7.8971334,8.744301,8.371323,5.1600013,4.0354834,0.0,5.111513,6.5659266,11.154071,13.156638,17.156773,19.617601,23.173525,24.75188,28.907452,27.18215,31.989199,28.324156,32.024357,30.151827,22.86024,23.82317,20.026968,22.233353,20.816208,20.698378,23.385998,22.714005,27.01108,28.168133,26.096571,24.81414,26.943716,27.47101,25.198647,28.865908,25.27675,29.685646,27.790157,31.23425,31.385391,28.767193,25.011637,25.291544,21.179811,21.630428,22.29577,23.213314,24.550552,28.100609,30.069944,32.205746,29.979965,34.0191,30.704056,32.62021,33.037697,32.716263,35.263058,33.25641,37.102547,35.180763,30.586325,30.3412,26.28192,27.227297,23.311626,20.396635,20.298304,18.640844,17.4073,19.405872,15.49344,13.882033,14.774484,13.855354,17.208717,14.350833,20.593441,21.934155,25.51114,28.185547,33.0952,34.679096,37.289185,39.211433,39.018467,38.25005,35.202354,33.03237,29.447855,24.934637,22.152655,18.781158,16.605328,14.260112,11.639995,12.747891,7.8781724,13.930631,12.781712,16.115696,17.771723
14,22.683792,20.582827,16.65468,14.319061,13.044768,8.328611,9.771735,4.812978,7.0349736,8.740908,11.133297,8.980069,6.383495,5.111513,0.0,4.9669843,7.1822925,10.017606,13.534651,16.04347,19.563292,20.510519,25.058043,23.586966,28.00421,24.337011,28.56253,27.188364,20.017025,21.887093,18.16394,21.648909,21.248306,22.106752,24.610426,24.789616,29.046774,29.570032,27.373814,25.555468,27.197613,26.837181,24.225859,27.06536,23.270512,26.946348,24.51659,27.745401,27.533281,24.722439,21.050522,20.993881,16.561161,17.41683,18.80381,20.46747,22.022867,25.373734,28.050875,29.920977,27.407318,31.979177,29.099604,30.887642,32.262012,31.443996,34.362034,32.721706,36.29329,33.71684,29.106277,29.388718,25.663351,26.858997,23.93253,20.715492,21.758253,20.662483,20.18489,22.639078,19.114943,16.665579,17.167831,15.190003,17.69181,13.784224,19.766071,19.677515,23.241781,25.52294,30.405542,31.786509,34.07262,36.13349,36.544872,35.877823,33.114544,31.18292,27.417122,23.332802,19.805897,16.993196,13.599685,10.424375,8.437605,10.648922,7.93322,14.310349,14.369019,18.123507,20.123959
15,22.880024,20.083931,17.238235,13.539892,12.2177725,8.849426,8.46507,7.0505123,6.0387464,9.899368,10.541995,10.158294,9.534049,6.5659266,4.9669843,0.0,5.5232973,6.8069673,10.840307,13.274333,16.700953,18.626692,22.493423,20.88287,25.939703,22.668242,26.525637,24.834122,17.892359,19.075512,16.017561,18.466087,19.49828,19.35993,22.664307,23.02502,26.902,27.47544,24.632872,22.364275,24.948214,24.032713,22.144707,24.738049,21.712147,25.241175,23.230492,26.695503,26.951294,24.6527,20.989302,21.92158,17.641844,19.516918,20.08402,21.960743,22.33423,25.867857,28.565197,29.770426,26.987263,30.889975,27.523108,28.743402,29.76772,28.414312,31.08693,29.036936,32.44589,29.987642,25.345638,25.064962,21.416195,22.081842,19.323849,15.869525,17.080736,16.391777,16.263565,19.116909,16.15257,13.098106,14.513952,11.895145,13.731404,10.036251,15.654527,15.927396,19.682941,22.030794,27.160318,28.3922,31.102167,32.84939,32.832436,31.957512,28.979645,26.853937,23.137793,18.904173,15.700909,12.792234,10.254695,8.072188,6.1213126,7.4251647,5.9439783,10.652912,11.905124,14.898898,17.815748
16,17.442112,14.741863,12.083208,8.203482,7.776155,4.4984274,6.7260747,8.007796,9.515337,13.257845,15.495403,15.049253,13.409623,11.154071,7.1822925,5.5232973,0.0,4.7246304,6.3767624,9.724636,12.683858,13.676079,18.17671,17.330065,22.016678,19.100779,23.788445,22.8718,16.517569,18.799,16.332659,19.930662,22.314686,22.916344,26.032583,27.088308,30.794075,30.829538,27.85594,25.06873,27.2704,25.27392,23.263561,24.604908,21.669012,23.939817,21.285383,24.389095,24.187803,21.787241,18.397062,19.021013,14.336939,17.213484,18.73215,21.566015,22.015179,25.168379,28.676254,29.410933,26.269222,30.619547,27.784859,28.640541,30.740574,28.620888,31.609007,29.902374,32.793804,29.549246,24.993666,25.11974,22.160042,22.665075,21.453222,17.683134,20.046286,20.139782,20.616385,23.750994,21.225277,17.816568,19.091793,15.852888,16.52457,12.226433,16.58098,14.652014,18.358158,19.891607,25.075787,25.735981,28.136051,29.852657,30.66398,29.757843,27.13966,25.260088,21.274485,17.996065,13.629577,12.289939,7.9626274,3.5197842,5.4477353,8.1245775,10.09335,13.83713,16.15882,19.11022,22.22439
17,18.426905,14.899105,13.323379,8.7881565,6.978524,6.9429502,4.534908,9.148164,8.702979,13.0138855,14.880601,15.915804,15.364743,13.156638,10.017606,6.8069673,4.7246304,0.0,5.751062,6.5045905,10.234501,12.618803,15.982331,14.08175,19.184345,16.147404,20.136719,18.773039,12.43736,14.271663,12.2759695,15.538383,19.00154,19.54362,22.761354,24.30178,27.637989,27.370825,24.1536,21.046144,23.363012,20.861761,19.191677,20.252623,17.807753,20.024618,17.813631,21.149393,21.471106,19.595364,16.219706,17.922737,13.96882,17.262268,17.499334,20.258213,19.597506,22.834497,26.233377,26.423794,23.153112,26.931143,23.824883,24.349014,26.34826,23.986656,26.92847,25.22122,28.08295,24.86756,20.295856,20.583313,17.597761,18.662186,17.604002,14.192882,17.185661,17.424643,18.591005,21.739311,19.778402,15.984956,16.779413,13.042431,12.778129,8.414115,12.044645,10.082163,13.797105,15.684631,20.832813,21.876987,24.422224,26.248396,26.610952,25.881489,23.20236,21.420984,17.677132,13.878433,10.057327,7.7881,3.6256514,3.2527525,3.0353727,4.33046,8.949468,10.534979,13.805653,16.347605,19.677689
18,14.7199135,11.283979,11.112801,5.8978252,6.9128957,8.050437,8.922094,13.507752,14.222616,18.389816,20.330929,20.797129,19.640831,17.156773,13.534651,10.840307,6.3767624,5.751062,0.0,5.445378,6.7685375,8.223266,12.21598,12.219659,17.198385,15.443992,20.275475,19.858435,15.053084,17.4047,16.569788,19.753464,24.355873,24.693045,28.104603,29.79607,32.902203,32.535812,29.047955,25.585882,28.156487,24.809704,23.533535,23.375801,21.55279,22.302732,19.69969,22.490812,22.409227,20.691275,17.906363,19.289528,15.128848,19.335773,20.5893,24.029358,23.446356,26.245295,30.204184,29.9043,26.369991,30.206131,27.49403,27.396568,30.03478,26.749027,29.660109,27.945848,30.04388,26.23234,21.939316,21.886938,19.954773,19.722664,20.437752,16.545027,20.01469,21.151014,22.42774,25.848518,24.263468,20.435379,22.068027,18.255157,17.30158,13.464828,15.319555,11.425505,14.8888855,15.360529,20.695784,20.487246,23.022089,24.290922,25.481905,24.321474,21.909979,20.1483,16.026283,13.977926,8.805867,9.973754,5.741956,3.4055686,8.460813,9.903041,14.501666,15.665968,19.33097,21.384964,25.069365
19,15.212051,11.038874,11.76483,7.2553205,6.0746064,10.034518,7.960864,14.405393,14.491386,18.418684,20.73733,22.218687,21.589664,19.617601,16.04347,13.274333,9.724636,6.5045905,5.445378,0.0,4.3326344,7.404556,9.70534,7.6888404,12.8835535,10.625244,14.975794,14.413097,10.061102,12.66767,12.608276,16.14457,21.577374,22.560928,25.51375,27.874084,30.6133,29.678137,26.27771,22.613821,24.572361,20.578112,19.355967,18.384092,16.963594,17.055428,14.6270275,17.438707,17.724466,16.538464,13.9806,16.357718,13.259039,17.75214,17.871918,21.327837,19.788898,22.37127,26.371836,25.45862,21.804657,25.272436,22.703068,22.304768,25.394146,21.871895,24.966078,23.713198,25.685589,21.588326,17.40496,18.299417,16.588715,17.702122,18.799583,15.787747,19.912651,20.956226,22.886202,26.091711,24.886778,20.895006,21.432621,17.408646,15.639499,11.946232,12.358194,7.225494,10.122561,10.655111,15.706277,16.14071,18.413494,20.22446,21.305555,20.68755,18.538048,17.298044,13.643862,11.301277,6.894684,7.4611893,3.673604,6.2784624,8.522942,8.870003,14.832534,14.539134,18.566338,20.495808,23.89599
20,14.220184,10.111635,12.641878,8.481236,9.030403,13.0804405,12.174886,18.386475,18.642986,22.673899,24.78326,26.14797,25.399462,23.173525,19.563292,16.700953,12.683858,10.234501,6.7685375,4.3326344,0.0,4.7774463,5.863332,5.912439,11.082149,10.647465,15.087354,15.288554,12.906355,15.291089,16.232067,19.153872,25.382698,26.025309,29.162912,31.618153,34.07844,33.08279,29.452461,25.556854,27.806715,23.232445,22.53721,20.668043,20.039608,18.991488,16.645628,18.875364,19.039001,18.313799,16.451534,18.74932,15.930442,20.783525,21.267708,24.96334,23.276623,25.512926,29.708416,28.325441,24.575752,27.71346,25.388657,24.371908,27.727907,23.476719,26.367498,25.080116,26.315693,21.854034,18.116085,18.627794,17.946152,18.0153,20.528322,17.415672,21.793596,23.447138,25.523882,28.859636,28.034945,24.013712,25.082634,21.01957,18.773626,15.61478,14.8135,8.960378,11.049329,10.031141,14.964211,14.116691,16.467815,17.649498,19.35309,18.358034,16.50549,15.393493,11.640008,11.200238,6.501574,9.860078,7.516044,9.200488,12.630203,12.979471,18.88558,18.143599,22.443218,23.921913,27.585304
21,9.647917,5.7881474,9.523201,6.8551908,8.889865,12.899204,13.77682,19.3548,20.823412,24.483028,27.364523,28.09495,26.656738,24.75188,20.510519,18.626692,13.676079,12.618803,8.223266,7.404556,4.7774463,0.0,5.6998863,8.029751,10.914975,10.880782,16.348537,17.552626,15.51331,18.787218,19.256098,23.12885,28.713074,29.94473,32.77127,35.231674,37.95572,36.868984,33.50329,29.740582,31.449106,26.997013,25.77675,23.712587,22.561098,20.998966,17.971247,19.584305,18.94306,17.817846,16.379133,17.69369,14.738881,19.740965,21.286055,25.367918,24.39664,26.246445,30.843643,29.609833,25.882256,29.670567,27.981522,27.211298,31.192938,27.095737,30.203,29.306711,30.433094,25.720453,22.225822,23.165146,22.58377,22.758186,25.21952,21.97459,26.19992,27.710943,29.545115,32.912758,31.71196,27.74587,28.703133,24.701199,22.92943,19.304724,19.271236,13.394018,15.164643,13.766854,17.891085,16.655443,18.100172,19.364603,22.130283,21.276114,20.01921,19.267218,15.695823,15.931907,11.193738,14.288369,10.811079,10.561667,14.69088,15.908043,21.405134,21.860674,25.801538,27.800379,31.263866
22,13.88186,10.382084,14.76411,12.242331,13.284794,17.871424,17.294008,23.60168,24.186691,27.990929,30.410088,31.853117,30.968594,28.907452,25.058043,22.493423,18.17671,15.982331,12.21598,9.70534,5.863332,5.6998863,0.0,5.2629466,7.565946,9.848074,13.840525,15.35071,15.652808,18.160845,20.03321,22.917234,29.666353,30.618877,33.454586,36.288177,38.410892,37.03406,33.458057,29.43331,31.270243,26.046673,25.622025,22.465714,22.592365,19.89033,17.611126,18.788197,18.708273,18.722286,18.005415,20.253176,18.426739,23.442589,24.011799,27.921568,25.9485,27.510489,31.945509,29.872599,26.104244,28.87476,27.2517,25.611723,29.685036,24.828688,27.623922,26.853771,27.16758,22.201105,19.388506,20.347883,20.868786,20.860065,24.580221,21.941376,26.534754,28.473778,30.80144,34.08824,33.564796,29.531118,30.417366,26.344727,23.694101,20.883926,19.014523,12.766852,13.228583,10.543202,13.826943,11.608625,13.059743,13.830985,16.926622,16.054525,15.334018,15.152768,12.302747,14.08574,10.73602,14.770634,13.151019,14.752261,18.160732,18.484001,24.524775,23.444569,27.813356,29.117191,32.67969
23,16.181509,12.131372,15.302232,12.483489,11.883482,16.929293,14.675066,21.397604,21.372236,24.941452,27.358671,29.39224,28.96042,27.18215,23.586966,20.88287,17.330065,14.08175,12.219659,7.6888404,5.912439,8.029751,5.2629466,0.0,5.98084,6.2911816,9.575726,10.346731,10.693129,13.068229,15.285987,18.193913,24.990559,26.296951,28.77887,31.862148,33.829937,32.213894,28.81421,24.851675,26.253695,20.96304,20.49027,17.205355,17.47937,14.837575,12.890638,14.495865,15.040984,15.371975,14.448309,17.566435,16.344004,21.087458,20.578428,24.150099,21.548666,23.187817,27.35999,25.122877,21.36011,23.829168,22.025152,20.403833,24.492014,19.816458,22.811798,22.295168,22.99136,18.047186,14.9759655,16.805483,16.927038,18.340822,21.41343,19.414608,24.085371,25.62667,28.176458,31.220907,30.750435,26.738384,26.850191,22.838858,20.01463,17.379366,15.076282,8.816481,8.609071,6.386923,9.894217,9.4309,11.012041,12.988298,15.054129,14.917471,13.902667,13.895516,11.401362,11.577764,9.234643,11.678081,10.763201,13.847857,15.759842,15.472596,21.685505,19.956139,24.233679,25.521526,28.746216
24,16.151882,12.969626,16.823328,15.761218,15.327219,20.655655,18.848404,25.322395,25.936314,28.985355,32.082333,34.044132,33.328255,31.989199,28.00421,25.939703,22.016678,19.184345,17.198385,12.8835535,11.082149,10.914975,7.565946,5.98084,0.0,5.1132283,7.495272,10.476101,13.472852,16.333462,18.714735,22.192835,28.572237,30.693346,32.489296,35.922665,37.73997,35.66788,32.69419,28.890915,29.274008,23.803335,23.066282,18.73904,19.212313,14.860549,12.736222,12.692512,12.633802,13.772401,14.370985,17.12242,17.280354,21.792728,21.368673,25.038248,22.419035,23.112232,27.513407,24.710043,21.101582,23.495651,22.887522,21.059727,26.15524,21.518415,24.597273,25.034847,25.136797,19.898857,17.89486,20.70296,21.413559,23.406368,26.71575,25.13634,29.820576,31.241951,33.861862,36.784565,36.260445,32.2862,31.855255,27.94503,25.199783,22.531767,20.180578,14.216241,12.952374,10.293912,10.677963,9.961002,8.991957,11.698596,15.321415,16.03457,16.402575,17.41737,15.925176,16.981554,15.175265,17.393318,16.141869,18.66204,20.450827,20.447111,26.501049,25.112513,29.095663,30.624058,33.44339
25,15.578818,12.067033,14.444031,13.498302,11.979659,17.301231,14.877141,21.148695,21.872225,24.5157,27.998991,29.976324,29.268482,28.324156,24.337011,22.668242,19.100779,16.147404,15.443992,10.625244,10.647465,10.880782,9.848074,6.2911816,5.1132283,0.0,6.0637946,8.210015,9.255615,12.991303,14.501665,18.970224,24.434307,27.168156,28.595495,32.002815,34.12503,32.03464,29.394691,25.855377,25.677101,20.742664,19.223427,15.558795,14.949564,11.308169,8.354142,9.058726,8.937077,9.407041,9.407681,12.561536,12.885182,17.172037,16.33856,19.962177,17.431435,18.326387,22.820776,20.441885,16.739946,19.927994,19.223904,18.198421,23.375433,19.568884,23.070242,23.634119,24.651022,19.724365,17.035292,20.361244,20.002155,23.003536,25.055096,23.547407,28.01109,28.871803,31.32332,34.096176,33.179646,29.29655,28.266665,24.486849,22.230822,19.17441,17.779593,12.2705145,11.464735,10.342087,11.550087,12.685837,12.274091,15.580015,18.077045,18.982685,18.64084,19.208391,17.2823,16.633015,14.584586,15.247246,13.428362,16.015856,16.799019,16.857264,22.604788,21.73801,25.29218,27.297337,29.729567
26,21.502213,18.091934,20.400618,19.208822,17.223108,22.37743,18.798838,25.050138,24.861723,27.228975,30.23975,32.95263,32.872482,32.024357,28.56253,26.525637,23.788445,20.136719,20.275475,14.975794,15.087354,16.348537,13.840525,9.575726,7.495272,6.0637946,0.0,4.0675797,9.88197,11.95659,14.850914,18.052324,23.893372,26.725445,27.607113,31.445293,32.83433,30.264454,27.839327,24.392492,23.597742,18.162596,17.345888,12.2598505,13.393267,7.951009,7.1822033,6.818532,8.505141,11.012357,11.930199,15.839148,17.438036,20.914036,18.65164,21.41893,17.64196,17.992735,21.744656,18.290201,14.861717,16.263702,15.925989,13.926667,19.491465,15.398237,18.731768,20.101877,20.57324,15.684781,14.103757,18.435547,18.749187,22.693068,24.951017,24.52704,28.945896,29.750216,32.562473,34.976048,34.5925,30.866234,29.24195,25.726683,22.937462,20.891075,18.091341,13.641031,11.115898,10.025589,8.207431,10.873328,9.441496,13.473908,15.116398,16.998627,17.25305,18.565702,17.932072,17.361582,17.178232,17.255682,17.100355,20.72978,20.56006,19.79116,25.382408,23.193956,26.642378,28.04245,30.079287
27,23.633106,19.874952,21.570707,19.665697,17.16461,21.953825,17.499887,23.651484,22.702042,25.037718,27.537659,30.656662,31.041805,30.151827,27.188364,24.834122,22.8718,18.773039,19.858435,14.413097,15.288554,17.552626,15.35071,10.346731,10.476101,8.210015,4.0675797,0.0,7.4326015,8.289609,11.758037,14.221048,20.292942,22.930487,23.805069,27.687296,28.8964,26.328297,23.833027,20.391226,19.682331,14.124031,13.605025,8.454394,10.261459,5.501699,6.2800565,7.5443745,10.179488,12.305612,12.284288,16.675867,17.952015,21.132229,18.143833,20.4116,16.090672,16.973911,20.181263,16.809086,13.390555,14.134803,12.807042,10.624626,15.760878,11.641835,15.134232,16.362803,17.35561,12.776808,10.759384,15.425554,15.299659,19.940422,21.613594,21.648914,25.872456,26.474495,29.359848,31.575317,31.360783,27.756607,25.879509,22.520697,19.592228,18.035856,14.8490505,11.419657,8.516273,8.689564,7.216471,11.206506,10.976193,14.722867,14.930141,16.768322,16.384298,17.386576,16.87486,15.293366,15.932456,14.999682,15.73927,19.977356,19.000158,17.680874,23.031502,20.141464,23.49528,24.59873,26.499643
28,21.418776,17.495907,17.559118,15.119971,11.792678,15.711946,10.539684,16.380123,15.324985,17.657307,20.382828,23.289783,23.622597,22.86024,20.017025,17.892359,16.517569,12.43736,15.053084,10.061102,12.906355,15.51331,15.652808,10.693129,13.472852,9.255615,9.88197,7.4326015,0.0,4.7628036,5.3162494,10.247057,15.204104,18.093283,19.354916,22.757946,24.937872,22.95791,20.410255,17.120148,16.834621,12.592593,10.555794,8.894158,7.1540565,7.6139216,6.3050404,9.978528,11.660038,11.509745,9.219717,13.424962,13.242439,16.19578,13.273719,15.599922,12.010147,14.354439,17.741081,16.082096,12.483204,15.275669,12.711023,12.673364,16.413307,13.866495,17.532162,17.632843,20.215221,16.501404,12.737061,16.181675,14.003734,18.661072,18.48377,17.774355,21.608536,21.606218,24.028048,26.336214,25.388111,21.772907,19.76385,16.302496,14.2712,11.6397915,10.77374,8.108887,7.848382,10.229828,12.505635,15.775192,16.90448,20.111057,20.136183,21.028162,19.43686,19.219772,17.319834,13.836896,13.202131,10.380328,10.1413765,14.166905,12.0301,10.724788,15.768871,13.859093,16.931704,18.869114,20.800549
29,25.697998,21.614012,21.837423,18.766972,15.562897,18.93187,13.235851,18.610985,16.213326,18.593594,20.039858,23.687267,24.83482,23.82317,21.887093,19.075512,18.799,14.271663,17.4047,12.66767,15.291089,18.787218,18.160845,13.068229,16.333462,12.991303,11.95659,8.289609,4.7628036,0.0,4.852254,6.1826096,12.764962,14.8063345,16.277931,19.869902,21.423746,19.3801,16.458578,12.912064,13.210291,8.293568,7.6047845,6.26086,6.6795874,8.419929,9.392238,12.801801,15.223076,15.698426,13.663134,17.912367,17.769966,20.345755,16.85982,18.32692,14.098963,16.574785,18.872921,16.969467,13.831408,14.804485,11.073698,10.392534,12.733378,9.995643,13.396899,13.080311,16.085459,13.065714,9.127187,12.591998,10.036092,15.636453,15.012137,15.334098,18.932549,18.871634,21.617065,23.60957,23.292519,19.859768,17.646452,14.443507,11.646342,10.599943,7.8892407,7.7433004,6.6012683,10.044767,11.865928,15.71664,17.415949,20.27259,19.012987,19.94168,18.020063,17.696274,16.462393,12.330698,13.503431,9.888114,11.89624,16.615395,13.966964,11.664822,16.154459,12.30954,15.458693,16.36417,18.244354
30,25.0514,21.212128,20.250704,17.473188,13.808958,16.17201,10.2036915,14.518139,12.175694,13.992643,16.038013,19.514835,20.5635,20.026968,18.16394,16.017561,16.332659,12.2759695,16.569788,12.608276,16.232067,19.256098,20.03321,15.285987,18.714735,14.501665,14.850914,11.758037,5.3162494,4.852254,0.0,6.6692786,10.0264,13.170618,14.302456,17.54008,20.0042,18.274393,15.887939,13.024338,12.686391,9.927294,7.172005,8.9242935,5.9881816,10.327792,10.15836,13.886201,15.681624,15.088296,12.227423,15.850263,15.255152,17.073902,13.493709,14.612223,11.08397,14.27837,16.515402,15.865979,12.922361,15.333295,11.696588,12.788833,14.707709,13.738258,17.067392,16.698061,20.294579,17.769238,13.765991,16.574125,13.143741,18.33448,16.258982,16.046045,19.020763,18.208109,20.382673,22.28341,21.13791,17.85191,14.992276,11.956846,10.629149,8.431432,9.091427,9.761041,10.358957,13.804671,16.336365,19.88276,21.483622,24.458435,23.627558,24.366753,22.262217,21.583319,19.691551,15.043245,15.011231,10.451711,11.045176,14.875952,11.020224,8.926934,12.372781,10.006125,12.237059,14.325084,15.715721
31,30.327969,26.233397,25.813087,22.223196,18.99098,21.028181,15.085987,18.954082,15.084343,17.165573,16.878036,21.217474,23.35079,22.233353,21.648909,18.466087,19.930662,15.538383,19.753464,16.14457,19.153872,23.12885,22.917234,18.193913,22.192835,18.970224,18.052324,14.221048,10.247057,6.1826096,6.6692786,0.0,8.4984455,8.861967,11.059028,14.365778,15.700625,14.155267,10.655464,6.9641595,9.002754,5.8158565,6.5095987,9.206816,9.539587,13.589959,15.043439,18.481447,20.923744,21.070148,18.594126,22.44282,21.77294,23.675243,19.972658,20.485939,16.56821,19.543636,20.61732,19.567852,17.2031,17.332598,12.625816,12.639936,11.80759,10.82133,13.04937,11.489804,15.676065,14.559749,10.722511,12.431984,8.334325,14.239701,11.178958,12.64556,15.027225,14.188804,16.893059,18.317076,18.35423,15.399344,12.64534,10.160734,7.321929,8.577909,6.2140675,10.572827,10.530155,14.404109,16.564034,20.229525,22.54306,24.881718,22.618977,23.185944,20.6634,19.735365,18.662786,13.538215,15.654596,10.807888,14.057522,18.529146,14.898544,11.884266,14.440337,8.960371,11.357715,11.14198,12.734608
32,34.281567,30.620943,28.824339,26.00786,22.354956,22.928637,17.278465,18.25623,14.267019,13.9468565,13.430301,17.958399,20.6554,20.816208,21.248306,19.49828,22.314686,19.00154,24.355873,21.577374,25.382698,28.713074,29.666353,24.990559,28.572237,24.434307,23.893372,20.292942,15.204104,12.764962,10.0264,8.4984455,0.0,6.2065988,4.6478252,7.908665,10.640243,9.247891,8.340984,8.27773,6.470871,9.747353,7.618416,13.609478,11.443145,17.537054,18.721336,21.991331,24.029009,23.447868,20.68421,23.570824,23.159636,23.279148,19.053738,17.845764,14.909811,18.051882,17.464045,18.256056,17.172462,17.741428,13.443156,15.842093,13.881384,16.354113,18.272654,17.566631,22.225992,22.069885,18.822418,20.65312,16.398182,21.785791,16.935904,18.36853,19.038517,16.568542,17.980955,18.248188,17.153927,15.525405,10.282961,10.214558,10.981845,11.818718,13.575539,17.88097,18.460665,22.31799,24.293856,28.231352,30.070269,32.825096,30.818754,31.592001,29.15133,28.185741,26.842482,21.492481,22.668333,17.263706,18.978146,22.104324,17.104652,14.687317,13.824508,10.874817,9.312246,10.404198,8.662324
33,36.606632,32.73967,31.280499,27.635471,24.423235,24.668318,19.23161,20.293478,15.361096,16.063576,13.247215,18.063725,21.458668,20.698378,22.106752,19.35993,22.916344,19.54362,24.693045,22.560928,26.025309,29.94473,30.618877,26.296951,30.693346,27.168156,26.725445,22.930487,18.093283,14.8063345,13.170618,8.861967,6.2065988,0.0,5.185245,6.3098154,8.262868,8.702503,5.4350896,5.264612,8.555598,11.265019,11.568929,16.73401,15.96332,21.405537,22.739153,26.20835,28.420017,27.985239,25.074907,28.171919,27.023632,27.814058,24.164293,23.481337,20.653748,23.921114,23.612272,24.03475,22.662956,22.667828,17.940939,19.204351,16.066364,17.624329,18.628002,16.551617,21.195007,21.829523,18.557217,18.763885,14.305605,18.561592,12.637066,14.720361,14.226794,11.43394,12.870697,12.677079,12.570592,11.373661,6.807564,7.7249503,8.158362,11.239225,12.235536,18.003315,18.92372,22.804716,25.287977,28.756945,31.31729,33.43051,30.762331,31.029957,28.13921,26.706131,25.51131,20.00875,21.929846,16.620687,19.527374,22.795872,18.267435,15.40938,14.199201,9.34905,7.9359217,6.033362,4.8160048
34,38.727848,34.995827,33.280018,30.236746,26.691938,27.065123,21.50456,22.116104,17.727041,17.233889,15.370261,20.030355,23.3044,23.385998,24.610426,22.664307,26.032583,22.761354,28.104603,25.51375,29.162912,32.77127,33.454586,28.77887,32.489296,28.595495,27.607113,23.805069,19.354916,16.277931,14.302456,11.059028,4.6478252,5.185245,0.0,4.273069,6.017243,5.0011644,5.091616,7.358648,6.008746,11.228041,10.652737,16.474697,15.319628,21.146147,22.829763,25.97093,28.217253,27.87254,25.23592,28.175287,27.796335,27.820518,23.547483,22.011103,19.09377,21.973194,20.654552,21.421467,20.818342,20.338617,15.979984,18.078081,14.515104,17.777632,18.792324,17.787184,22.528164,23.436417,20.68281,21.929447,17.763527,22.88097,17.396599,19.65739,19.40313,16.580698,17.765764,17.143976,16.682457,15.985063,10.638331,11.953746,12.770764,14.926219,16.022896,21.176033,21.567213,25.443035,27.155113,31.12677,33.137062,35.66442,33.080887,33.822296,31.284018,30.246742,29.286491,23.909021,25.755316,20.379433,22.7521,25.95596,21.030888,18.446508,16.97719,13.397907,11.220795,10.727448,7.696444
35,41.07198,37.435406,35.375362,32.219864,28.826242,28.4752,23.335197,22.923176,18.32579,17.43651,14.409487,18.857164,22.562483,22.714005,24.789616,23.02502,27.088308,24.30178,29.79607,27.874084,31.618153,35.231674,36.288177,31.862148,35.922665,32.002815,31.445293,27.687296,22.757946,19.869902,17.54008,14.365778,7.908665,6.3098154,4.273069,0.0,4.6357884,6.4326973,7.103668,10.040694,10.150078,15.277834,14.789007,20.637323,19.229391,25.184597,26.59398,29.846127,31.933186,31.30022,28.433563,31.05441,30.24008,30.03385,26.135952,24.442772,22.21809,25.232117,23.781092,25.091927,24.59873,24.433224,20.184923,22.34838,18.619802,21.797651,22.570345,21.142197,25.849655,27.016983,24.149078,24.73815,20.421587,24.744183,18.615452,20.70663,19.500992,16.187012,16.589705,15.277719,14.595953,14.908888,9.60267,12.275968,14.11108,16.490952,18.419334,23.904404,24.761808,28.671093,30.813416,34.56641,36.82298,39.189022,36.538097,37.029346,34.264637,32.943886,31.793575,26.283255,27.950169,22.524202,24.79243,27.491964,22.506475,20.07398,17.387314,14.450125,11.202644,10.306618,6.039743
