,0,1,2,3,4,5,6,7,8,9,10,11,12,13,14,15,16,17,18,19,20,21,22,23,24,25,26,27,28,29,30,31,32,33,34,35,36,37,38,39,40,41,42,43,44,45,46,47,48,49,50,51,52,53,54,55,56,57,58,59,60,61,62,63,64,65,66,67,68,69,70,71,72,73,74,75,76,77,78,79,80,81,82,83,84,85,86,87,88,89,90,91,92,93,94,95,96,97,98,99,100,101,102,103,104,105,106,107,108,109,110,111,112,113,114,115,116,117,118,119,120,121,122,123,124,125,126,127,128,129,130,131,132,133,134,135,136,137,138,139,140,141,142,143,144,145,146,147,148,149,150,151,152,153,154,155,156,157,158,159,160,161,162,163,164,165,166,167,168,169,170,171,172,173,174,175,176,177,178,179,180,181,182,183,184,185,186,187,188,189,190,191,192,193,194,195,196,197,198,199,200,201,202,203,204,205,206,207,208,209,210,211
0,0.0,3.3621557,7.406132,10.519174,12.699681,15.526906,18.20872,20.99309,24.776579,25.832233,30.256214,33.713898,33.025772,32.830997,27.979979,28.426374,24.350435,23.781282,22.416647,20.672005,22.056812,18.42322,22.467495,24.957525,25.66583,28.735504,30.079332,31.155813,26.146177,30.403347,27.875359,32.784374,35.705696,35.87433,38.7617,40.152397,43.84878,43.608017,40.556896,37.283295,39.85556,35.68576,34.446495,33.777287,33.67304,30.316473,28.136032,27.719166,26.769388,26.464127,26.283243,26.860598,24.182539,29.755766,30.223463,31.394325,31.782272,30.675425,34.91158,35.31468,32.8468,38.601112,36.668022,40.23115,41.055096,43.579926,47.273495,46.60563,48.276333,43.982826,40.506165,37.553192,34.304337,31.975471,27.525887,25.916151,21.904146,21.170294,17.926971,18.443016,15.495302,16.455383,20.698618,21.0568,24.770597,23.36201,29.299368,31.226732,35.22837,37.77324,41.14613,44.14856,48.02608,50.15041,50.74152,50.85704,48.63445,48.160862,48.672825,49.220352,49.843235,50.310112,50.98167,49.572826,50.543087,52.978653,50.974426,54.284657,53.87088,54.79723,56.323196,55.489227,56.252365,55.998394,54.280968,56.196415,51.45276,54.144123,51.21985,52.748173,50.657528,48.815807,52.97065,48.781887,46.9612,50.060658,51.16839,48.719265,45.99384,49.47754,45.232124,48.154034,42.851627,47.489243,44.76798,44.52546,45.759434,41.562393,40.23983,40.100903,40.46515,41.447346,41.066853,45.452538,43.267834,49.304295,49.312847,52.12579,53.831455,57.00037,58.57513,56.850822,60.975376,61.245903,62.763683,58.104294,61.198975,57.265846,59.54683,61.110226,57.91678,56.11075,52.025692,49.82661,45.892326,44.920048,40.481884,37.624622,35.61659,32.54507,35.391037,39.41537,37.18438,40.229134,38.155125,40.3384,43.436737,43.99963,42.880054,45.18188,44.117718,48.374985,48.68871,50.20826,49.443935,46.175987,49.44178,45.143955,47.39128,47.652027,47.230736,51.47887,52.685154,56.73742,57.55214,56.363705,54.86843,53.625973,54.736732,53.573883,52.843285,54.192245,50.094154,53.07992,53.94185,49.71211,47.52102,44.13192,41.70704,37.638786,36.24617,31.977852
1,3.3621557,0.0,4.0942073,7.7085295,9.561887,12.40888,14.951875,17.70641,21.442524,22.505432,26.934027,30.36509,29.754194,29.625153,24.838362,25.336102,21.46534,20.955442,20.067005,18.490261,20.401743,17.302843,21.71346,24.367046,25.176092,27.991892,28.959715,29.702837,24.250076,28.379786,25.46653,30.469202,32.87117,33.18173,35.86856,37.21809,41.003586,40.78705,37.911583,34.8069,37.27515,33.444237,32.044388,31.794119,31.551075,28.648409,26.374937,26.272202,25.314547,24.668686,24.090664,24.581408,21.616343,27.158674,27.608204,29.03513,29.56548,28.758932,33.119392,33.608147,31.063143,36.56597,34.332916,37.839123,38.414616,40.90045,44.606445,43.758778,45.340134,40.966896,37.54843,34.535583,31.441202,28.88395,24.669546,22.817873,18.987558,18.606863,15.590349,16.600187,13.9388075,14.379333,19.054054,18.871466,22.310127,20.614273,26.539757,28.17652,32.21216,34.635292,38.01594,40.948215,44.890923,47.102684,47.792805,48.02152,45.90974,45.57035,46.2617,46.820232,47.733154,48.331493,49.205128,48.089634,49.16848,51.677185,49.98681,53.261562,53.21147,54.19362,55.951813,55.397274,56.20342,55.985435,54.099945,55.770287,50.932163,53.337322,50.310333,51.572895,49.316048,47.281242,51.290188,46.89772,45.179375,48.0094,49.283142,46.811813,44.27668,48.16381,44.05222,47.22807,42.123142,46.95413,44.599148,44.240654,45.76564,41.68883,40.076443,39.916374,40.083595,40.861404,40.082104,44.42483,41.932957,48.009705,47.628338,50.43494,51.992382,55.173717,56.912357,55.359413,59.571655,59.918804,61.612034,56.933037,59.974026,55.904854,58.02676,59.64306,56.268288,54.41787,50.36899,48.414413,44.375034,43.77788,39.137146,36.485645,34.29366,31.381817,33.82083,37.93171,35.8488,39.16869,37.135284,39.763565,42.701813,43.63542,42.771965,45.260967,44.439224,48.66974,48.705322,50.183712,49.18495,45.712425,48.85742,44.290436,46.253384,46.29077,45.640602,49.806408,50.816456,54.942787,55.959736,54.94373,53.58822,52.580227,53.663567,52.84848,52.243412,53.87001,49.900658,53.11852,54.199284,50.062042,47.70465,44.658844,41.765827,37.91856,36.242237,32.007534
2,7.406132,4.0942073,0.0,5.0270543,6.386715,8.593772,11.347712,13.631717,17.498907,18.4297,22.8676,26.318127,25.67955,25.639881,20.901176,21.632782,17.968307,17.77875,17.450758,16.436674,18.992502,16.727373,21.522167,24.394302,25.487358,27.992245,28.579107,28.794868,22.736155,26.53322,23.101954,28.02311,29.706963,30.025845,32.508713,33.694572,37.629417,37.5422,34.884335,32.037296,34.5025,31.211052,29.710682,30.062874,29.769194,27.595413,25.325865,25.719015,24.851273,23.785925,22.602514,23.017614,19.641521,25.03278,25.397768,27.264614,27.948013,27.624208,32.12716,32.660385,29.991858,35.05839,32.38128,35.730103,35.983913,38.305744,42.043243,40.891834,42.37397,37.874367,34.515553,31.475388,28.669447,25.74767,22.045382,19.668037,16.333529,16.69397,14.213624,16.009228,13.880289,13.39151,18.42698,17.378956,20.320784,18.045475,23.94097,24.943222,29.0074,31.209736,34.544643,37.384285,41.407345,43.766434,44.55835,44.979595,43.006985,42.924698,43.843346,44.508595,45.789314,46.622936,47.767876,47.038433,48.32238,50.95943,49.67724,52.95308,53.341103,54.448322,56.464333,56.261684,57.16537,56.944206,54.851364,56.25028,51.33094,53.367428,50.267838,51.143406,48.72819,46.42086,50.192272,45.547626,44.041306,46.48759,48.02484,45.572285,43.330765,47.74201,43.84121,47.34069,42.511887,47.568443,45.659508,45.17793,47.030693,43.11961,41.189938,41.00286,40.925323,41.46411,40.180767,44.43678,41.556824,47.642273,46.72862,49.498833,50.84552,54.027126,55.984867,54.66996,58.980297,59.40887,61.345013,56.6695,59.63587,55.41003,57.308056,58.994812,55.384785,53.47873,49.50258,47.897034,43.74083,43.652206,38.780746,36.43239,34.018143,31.346577,33.189884,37.35647,35.455414,39.110123,37.070835,40.264717,42.941044,44.32379,43.788834,46.46894,45.938324,50.12156,49.840412,51.308823,50.02875,46.34146,49.292233,44.444992,45.99031,45.75769,44.78597,48.823505,49.543533,53.76165,55.050247,54.250324,53.105347,52.400642,53.483604,53.109417,52.69238,54.62881,50.84597,54.323414,55.64491,51.635475,49.104523,46.43737,43.040146,39.473057,37.465355,33.33338
3,10.519174,7.7085295,5.0270543,0.0,4.102837,5.7196794,9.167187,11.849701,15.43737,17.172539,21.68782,24.649345,23.49435,22.79703,17.92481,18.000477,13.876574,13.4186325,12.529696,11.600846,14.14605,12.323744,17.31078,20.379204,22.001307,24.430342,25.217083,24.954557,18.530525,22.045443,18.731293,23.283451,25.578817,25.52409,28.379503,29.644249,33.401375,33.32168,30.375422,27.3504,30.150917,26.707403,25.617058,25.860098,26.140522,24.275555,22.546637,23.426205,23.194984,22.451704,20.996273,22.312555,19.33565,24.666786,24.022299,26.352495,26.205185,26.156027,30.86701,30.707445,27.681858,32.518642,29.73267,32.778656,33.599213,35.3132,39.20248,38.066856,40.02575,35.641617,31.81918,29.385637,26.377895,24.279789,20.575504,17.779606,15.014351,16.01424,13.929844,16.408503,13.821698,12.008273,16.353292,14.761127,17.862,14.986273,21.255169,21.9959,25.923195,28.39684,31.489325,34.677933,38.38427,40.561695,40.986996,41.305912,39.100346,39.088802,39.791683,40.80039,41.83863,42.8849,44.032284,43.31097,44.928432,47.810196,46.646645,50.2412,50.71245,52.22353,54.262215,54.357506,55.64729,55.12057,52.80478,54.232758,49.354565,51.19269,48.36321,48.801975,46.687786,44.111008,47.682304,43.063896,42.07529,44.590824,46.511562,44.59032,42.56324,47.09098,43.40117,47.37847,42.487015,48.256298,46.331787,46.27575,48.322483,44.643517,42.703014,41.99905,41.417393,42.43127,40.41656,44.75104,41.61587,47.61469,46.448975,48.89642,50.32314,53.416935,55.358692,54.05363,58.33966,58.47844,60.809586,56.346275,59.485447,55.424755,57.253685,59.33395,55.69863,53.505135,49.99868,48.42879,44.21099,44.622406,39.25401,37.31961,34.504463,31.53797,32.87174,36.671062,34.32749,38.154556,35.387924,39.102726,41.297283,42.927784,42.73971,45.45305,45.20882,49.40449,48.930645,50.845238,49.28144,45.592365,48.151,43.446648,44.410946,44.315002,43.082462,47.155663,47.693146,51.97919,53.30595,52.38062,51.4843,50.834675,52.32238,52.098198,52.129627,53.984367,50.47687,54.16421,55.573746,51.719425,49.094757,46.42897,42.701454,39.335693,36.85008,32.98392
4,12.699681,9.561887,6.386715,4.102837,0.0,5.4275618,5.699804,10.06696,12.668896,14.931217,19.394493,22.121506,21.620556,21.12188,16.642788,16.284641,13.228942,12.043639,12.948206,11.350912,14.745031,13.834938,18.46829,21.200712,22.18209,24.050608,23.995073,23.669233,17.243841,20.811043,17.028358,22.245335,23.56412,24.442495,26.620562,28.163311,31.923353,31.551085,29.014847,26.246782,28.30131,25.202538,23.471502,24.216692,23.780357,22.263012,20.10455,21.097582,20.571362,19.32185,17.54922,18.536182,15.360109,20.613762,20.114773,22.48775,22.682482,22.8305,27.51089,27.700497,24.814999,29.43994,26.479074,29.643375,30.02296,32.06228,35.860786,34.69716,36.415176,31.996466,28.380636,25.657228,22.698265,20.369316,16.598593,13.937843,10.983655,12.149939,10.444514,13.319066,11.497744,9.300127,14.071453,12.004721,14.537348,11.777894,17.79101,18.74426,22.771809,25.185205,28.491602,31.52686,35.37898,37.592625,38.289894,38.632404,36.646507,36.546326,37.528988,38.197773,39.643993,40.596394,41.92252,41.515057,42.962097,45.71578,44.851456,48.147614,49.002186,50.313557,52.607067,52.884556,54.001545,53.695614,51.318184,52.4006,47.43797,49.02172,45.961304,46.329483,43.902744,41.287254,44.796886,40.009045,38.870102,41.121834,43.01514,40.9244,39.00295,43.81019,40.226948,44.29028,39.67109,45.414665,43.890743,43.649128,45.93704,42.411716,40.21238,39.556896,38.867386,39.58393,37.323723,41.546547,38.2166,44.204533,42.781376,45.27447,46.56998,49.67719,51.73042,50.562283,54.903614,55.189568,57.548134,53.039936,56.0762,51.896954,53.607346,55.661194,51.923954,49.74411,46.23384,44.8417,40.586365,41.25058,35.8204,34.05756,31.164436,28.453274,29.454943,33.358013,31.331865,35.326694,32.944824,36.885826,39.065006,41.00049,40.97459,43.861168,43.802143,47.891106,47.159237,48.820526,47.108498,43.23511,45.774296,40.776855,41.65229,41.273468,39.934837,43.888878,44.331665,48.629795,50.104546,49.395897,48.5333,48.103394,49.38951,49.471794,49.480118,51.646973,48.228542,52.068737,53.6891,49.93922,47.182858,44.973003,40.85617,37.75835,35.160805,31.34834
5,15.526906,12.40888,8.593772,5.7196794,5.4275618,0.0,6.171589,6.3237495,10.46449,11.764498,16.226625,19.23866,17.861015,17.342548,12.462599,13.315351,9.590508,10.380403,10.87444,11.751712,15.196378,15.092165,20.040556,23.189524,25.120548,26.997519,27.19684,26.142618,19.09269,21.70125,17.53926,21.581697,22.293192,22.1017,24.55181,25.363562,29.463629,29.727034,27.240957,24.809607,27.650274,25.395403,24.193535,25.579102,25.778843,25.260984,23.617561,25.17463,25.020273,23.661095,21.367512,22.377527,18.913511,23.572405,22.893776,25.842897,26.044704,26.766607,31.468493,31.467127,28.405127,32.360416,28.901318,31.582344,31.75805,33.14796,37.02443,35.31924,37.03376,32.4525,28.833616,26.384058,24.076363,21.265568,18.863722,15.090557,13.801371,16.105013,15.202166,18.363243,16.85834,14.287005,18.563496,15.815959,17.644194,13.833467,19.548927,18.79545,22.6719,24.594349,27.528795,30.485388,34.344284,36.827545,37.455708,38.170364,36.257637,36.763474,37.88425,39.086838,40.769386,42.206882,43.790276,43.705143,45.60438,48.6222,48.07961,51.594196,52.68073,54.30506,56.67119,57.20382,58.557716,58.07275,55.536575,56.57623,51.646576,52.965717,50.041107,49.96072,47.609196,44.692993,47.853306,42.906982,42.22349,44.06516,46.33133,44.399345,42.838383,48.05123,44.699333,48.978107,44.5659,50.399345,49.092323,48.78379,51.17855,47.698746,45.394012,44.788525,44.01391,44.593555,42.089317,46.200752,42.6225,48.536076,46.640564,49.04558,50.110485,53.1757,55.434505,54.5063,58.892048,59.198616,61.796917,57.350323,60.313522,56.038334,57.523506,59.6107,55.667866,53.472458,50.03872,49.009384,44.707157,45.74577,40.26479,38.72403,35.75869,33.281754,33.809822,37.63469,35.694935,39.871628,37.277462,41.603542,43.46492,45.638123,45.82935,48.73776,48.814,52.89367,52.05545,53.855625,51.993134,48.072998,50.392155,45.356403,45.793644,45.28211,43.621258,47.418247,47.513386,51.874786,53.60268,53.035976,52.43495,52.232365,53.638996,54.021755,54.237946,56.505417,53.23975,57.18408,58.871845,55.186954,52.39248,50.226036,45.99422,42.991325,40.240414,36.540775
6,18.20872,14.951875,11.347712,9.167187,5.699804,6.171589,0.0,6.4973764,7.252168,10.32152,14.527366,16.781673,16.724129,16.360214,12.514339,11.875989,10.516951,9.265373,12.544122,11.721071,15.901153,16.663881,20.906582,23.452934,24.376915,25.4723,24.535004,23.486298,16.789179,19.490334,14.883889,20.013613,19.45877,21.020447,22.346233,23.855865,27.751167,27.350018,25.44269,23.300507,24.78586,22.837738,20.629362,22.590452,21.691637,21.602785,19.432877,21.122559,20.648615,18.696264,15.980274,16.65483,13.150236,17.523108,16.809946,19.851057,20.371672,21.38553,25.9688,26.34995,23.515022,27.13241,23.513514,26.370684,26.033104,27.924042,31.670826,30.062178,31.5261,26.94935,23.530487,20.693039,18.283676,15.37782,12.714799,9.078286,7.797711,10.658912,10.763402,14.285881,13.906598,10.936361,15.031381,11.739206,12.447078,8.879635,14.007982,13.791012,17.85983,19.877039,23.21966,26.051954,30.068808,32.485188,33.46361,34.07827,32.428936,32.643284,34.092068,34.7133,36.86999,38.077873,39.838135,40.112648,41.707577,44.5044,44.319286,47.40529,48.959187,50.30334,52.97633,53.739014,54.871475,54.665062,52.065308,52.655235,47.656162,48.645794,45.457047,45.296658,42.578823,39.645615,42.73265,37.62298,36.743076,38.297836,40.515217,38.44414,37.021282,42.51726,39.34727,43.7597,39.71171,45.581417,44.767094,44.331352,47.03283,43.839413,41.2534,40.589443,39.588207,39.903145,36.98282,40.927963,37.116524,42.945595,40.752403,43.14552,44.09277,47.14989,49.49885,48.70934,53.13015,53.565216,56.216877,51.76913,54.63283,50.283836,51.636864,53.76481,49.747837,47.515217,44.19678,43.34497,39.025967,40.44528,34.83802,33.619946,30.516994,28.342337,28.340267,32.16754,30.593971,34.93463,32.80109,37.390087,39.169277,41.719574,42.144073,45.242474,45.583862,49.483513,48.304367,49.81351,47.750614,43.640617,45.87365,40.539734,40.819057,39.97913,38.197094,41.836773,41.836025,46.19116,48.063976,47.73975,47.180878,47.239624,48.418972,49.176067,49.407825,52.029556,48.935448,53.06272,55.012882,51.51473,48.568104,47.005318,42.28491,39.69645,36.7855,33.265923
7,20.99309,17.70641,13.631717,11.849701,10.06696,6.3237495,6.4973764,0.0,5.2978945,5.4547896,9.903384,13.073417,12.052083,12.303638,8.091425,10.174449,8.893674,10.650092,13.425777,15.12402,19.06064,20.16954,24.752209,27.69999,29.45208,30.69527,30.07786,28.50036,21.414932,23.16428,18.338589,21.960716,20.236376,20.556242,21.884224,22.260891,26.685509,27.159708,25.591284,24.098753,26.355078,25.627052,23.967754,26.627111,26.289974,27.085598,25.318401,27.31756,27.005547,24.935253,21.95226,22.272528,18.430843,21.953045,21.57447,24.934721,25.811289,27.27249,31.71571,32.15007,29.301626,32.233246,28.177315,30.508488,29.642624,30.948666,34.63204,32.31615,33.47158,28.697824,25.651022,22.94118,21.670094,17.757408,17.176088,12.7346115,13.318257,16.602829,16.97972,20.385267,20.13291,17.363056,21.429638,17.979105,18.225164,14.175243,18.35964,16.011368,19.675335,20.686592,23.530836,25.939184,30.104143,32.983227,34.08309,35.266987,33.890644,34.873726,36.598267,37.71842,40.265633,41.959713,44.0122,44.66027,46.635586,49.62311,49.753902,52.955994,54.728325,56.268555,59.006084,59.93424,61.185593,60.892914,58.203194,58.74188,53.770798,54.545902,51.416744,50.9238,48.187496,45.040176,47.775154,42.514614,41.960968,42.970272,45.44626,43.347904,42.280655,48.1626,45.189007,49.626183,45.84791,51.51276,50.94742,50.26687,53.008373,49.771786,47.07506,46.673027,45.783806,45.759857,42.882668,46.65093,42.683826,48.42488,45.786064,48.19729,48.812084,51.832676,54.432415,53.942715,58.405598,58.994232,61.754974,57.307377,59.992313,55.470905,56.565075,58.54754,54.301975,52.194305,48.7837,48.375927,44.057743,45.701694,40.28677,39.1516,36.16172,34.367413,34.08959,37.946434,36.65054,41.08287,38.99495,43.762775,45.38938,48.080147,48.594067,51.699966,52.068066,55.96912,54.756096,56.253326,54.138924,49.98539,52.1293,46.71619,46.743813,45.706486,43.67741,47.0845,46.743217,51.107468,53.261456,53.166973,52.81523,53.115257,54.261463,55.300224,55.585762,58.348858,55.316135,59.474987,61.464897,57.971653,55.018,53.481354,48.768982,46.176994,43.2824,39.751053
8,24.776579,21.442524,17.498907,15.43737,12.668896,10.46449,7.252168,5.2978945,0.0,4.6569276,7.8849845,9.57948,9.763697,9.946959,7.498352,7.857015,9.547363,10.004565,14.639765,15.704839,19.876417,21.884861,25.846762,28.368984,29.649893,30.207773,28.79663,26.902952,20.206837,21.40305,16.343616,20.038181,16.684587,18.30427,18.481539,19.258144,23.523169,23.585999,22.679808,21.712957,22.925432,23.015696,20.779858,24.22217,23.286251,25.003687,23.221605,25.55652,25.277447,22.866562,19.456572,19.659359,16.146368,18.628914,17.868708,21.53917,22.469044,24.474195,28.65083,29.164722,26.485107,28.588305,24.235655,26.300406,24.932922,26.186037,29.745764,27.246078,28.240063,23.449667,20.557577,17.827745,16.983612,12.983167,13.487548,8.80334,11.169964,15.017486,16.494095,19.990982,20.506788,17.416416,20.68273,16.8259,15.766813,11.896457,14.498996,11.307667,14.817353,15.5315695,18.511175,20.800268,25.073755,27.986746,29.340744,30.592558,29.50283,30.516157,32.585594,33.446827,36.498283,38.219803,40.530827,41.65418,43.580914,46.485153,47.097557,50.027115,52.30388,53.787327,56.79543,58.07308,59.292564,59.109955,56.286846,56.41919,51.468765,51.797745,48.592266,47.75318,44.82802,41.52562,43.945717,38.55184,38.161293,38.703884,41.364777,39.383884,38.683365,44.914165,42.300964,46.982815,43.641777,49.458458,49.382133,48.692177,51.734142,48.845238,45.925133,45.36668,44.153645,43.984337,40.538452,44.069466,39.813633,45.32147,42.199097,44.43572,44.857334,47.78932,50.522564,50.26499,54.720917,55.35074,58.32892,54.00601,56.59273,52.06269,52.919468,55.042393,50.68869,48.48327,45.388252,45.297283,41.00303,43.231045,37.664925,37.028114,33.872185,32.405666,31.369051,34.982258,33.976944,38.547497,36.65955,41.806404,43.102364,46.213047,47.0703,50.304844,50.99828,54.702602,53.13748,54.523476,52.14568,47.87212,49.73677,44.171753,43.748516,42.413673,40.11024,43.25158,42.624687,46.96904,49.34986,49.507504,49.36767,50.003193,51.07856,52.58645,53.06912,56.12086,53.3904,57.74335,59.978065,56.733795,53.651634,52.644253,47.480286,45.342857,42.212994,38.992126
9,25.832233,22.505432,18.4297,17.172539,14.931217,11.764498,10.32152,5.4547896,4.6569276,0.0,4.523189,8.099594,8.126809,9.777272,7.718721,10.555118,11.829668,13.710323,17.506668,19.380575,23.422852,25.098734,29.409256,32.17285,33.717808,34.521534,33.315445,31.461071,24.636631,25.77903,20.749222,23.933182,20.21392,21.112463,21.223238,21.193855,25.71639,26.323265,25.718111,25.119781,26.668049,27.231474,25.202229,28.745058,27.914337,29.630684,27.769611,29.977669,29.502707,26.945465,23.596834,23.264215,19.342916,21.60163,21.622442,25.11565,26.6148,28.59772,32.663235,33.510773,30.953417,32.990826,28.57747,30.56839,28.715418,29.998028,33.377377,30.54795,31.055187,26.192228,23.908583,20.951666,20.820606,15.932791,17.249454,12.816073,14.889678,18.492786,19.733513,23.054333,23.681435,20.98444,24.7758,21.083359,20.198362,16.446068,18.931604,15.398163,18.53731,18.480719,21.142723,22.80052,27.237505,30.474411,32.082203,33.691975,32.88886,34.25043,36.50175,37.456383,40.733486,42.574677,44.984272,46.222908,48.185482,51.079792,51.74317,54.620285,56.927208,58.342186,61.36034,62.5733,63.696655,63.59114,60.815678,60.940693,55.96958,56.314606,53.01861,52.236835,49.178566,45.909554,48.27215,42.818024,42.323772,42.586468,45.165997,42.898746,42.26218,48.62431,45.994835,50.47024,47.274433,52.68137,52.73889,51.73239,54.72137,51.705933,48.719418,48.517544,47.576584,47.025723,43.92729,47.34506,43.124638,48.640343,45.40976,47.82202,48.023174,50.97688,53.85273,53.751526,58.24113,59.09569,61.938065,57.509254,59.91545,55.207176,55.953205,57.793705,53.320774,51.336452,47.949257,48.094913,43.828705,45.941357,40.705692,39.910896,36.988716,35.821526,34.92027,38.74648,38.049088,42.594242,41.01312,46.017353,47.478775,50.53176,51.2681,54.5017,55.076187,58.80641,57.316025,58.52078,56.240692,51.936012,53.948612,48.272804,48.015373,46.539593,44.255516,47.27635,46.581898,50.886196,53.381313,53.70558,53.543026,54.257286,55.13445,56.699574,57.00201,60.159813,57.321262,61.608173,63.826035,60.50124,57.4467,56.42807,51.394848,49.13837,46.19466,42.81634
10,30.256214,26.934027,22.8676,21.68782,19.394493,16.226625,14.527366,9.903384,7.8849845,4.523189,0.0,4.4603457,5.725112,8.768399,9.175255,12.179746,14.785654,16.831375,20.908554,23.06679,27.04856,29.125591,33.23719,35.902412,37.435925,37.958523,36.452118,34.33425,27.73573,28.322708,23.319448,25.87176,20.836594,21.885508,21.1065,20.58012,25.0469,25.8774,26.052406,26.206318,27.335825,28.946165,26.85435,30.962288,29.97037,32.38959,30.622688,33.008434,32.5387,29.773249,26.239424,25.618708,21.863846,23.110838,23.25246,26.793043,28.552635,30.904596,34.64525,35.649994,33.28184,34.564342,29.944906,31.522451,29.03486,30.063017,33.144184,29.881432,29.906046,25.109293,23.495245,20.646034,21.52206,16.319386,19.119661,14.959648,17.933908,21.608265,23.311708,26.547438,27.580896,24.875967,28.361835,24.547773,23.025425,19.490208,20.775377,16.380457,18.770424,17.737036,19.934076,20.852345,25.338177,28.840967,30.780914,32.773033,32.44024,34.191597,36.799164,37.740593,41.51569,43.535755,46.209057,47.899994,49.929615,52.79098,53.87366,56.5638,59.25984,60.66091,63.862915,65.32314,66.42198,66.3907,63.530426,63.37277,58.44161,58.43812,55.09966,54.021427,50.812313,47.42659,49.425453,43.886177,43.56566,43.23594,45.952248,43.68193,43.437527,50.116764,47.806297,52.33472,49.57924,54.84505,55.337276,54.15657,57.315903,54.489132,51.326664,51.21487,50.194126,49.33471,46.02753,49.164623,44.768856,50.039963,46.34255,48.6743,48.549282,51.401417,54.476112,54.691803,59.162815,60.17157,63.127052,58.777534,60.97509,56.179058,56.62825,58.398026,53.770668,51.862965,48.598618,49.191616,45.006863,47.51528,42.418743,41.93014,39.053963,38.306446,36.920315,40.60802,40.283237,44.87584,43.549583,48.74557,50.002594,53.31872,54.25105,57.552654,58.29798,61.89993,60.20584,61.269897,58.84891,54.468784,56.313904,50.521034,49.960564,48.198296,45.695507,48.386265,47.37596,51.601402,54.35824,54.984726,55.020546,56.053368,56.795128,58.764805,59.148106,62.556377,59.91002,64.29046,66.66533,63.488003,60.36971,59.6946,54.441868,52.43834,49.426502,46.200535
11,33.713898,30.36509,26.318127,24.649345,22.121506,19.23866,16.781673,13.073417,9.57948,8.099594,4.4603457,0.0,4.6951094,7.4873147,10.1277485,11.88086,15.896827,17.46417,22.04566,24.120584,28.001495,30.6758,34.33798,36.74847,38.167526,38.25554,36.38584,33.93901,27.746069,27.684109,22.841352,24.802074,18.597942,20.167757,18.423101,17.841087,22.045242,22.77953,23.640299,24.42466,24.916813,27.433771,25.27463,29.873833,28.770523,31.95739,30.454556,33.107876,32.846638,30.060936,26.359774,25.89864,22.672201,23.055391,22.678942,26.367975,27.87854,30.615347,34.06605,34.90007,32.635696,33.098206,28.340918,29.409325,26.66407,27.21071,30.087427,26.542997,26.470922,21.82908,20.47731,18.127596,19.7037,15.040915,18.911581,15.038423,18.961863,22.76178,24.965376,28.219439,29.462955,26.503143,29.303658,25.33173,23.152563,19.831831,19.877693,14.7190895,16.251646,14.502773,16.220522,16.768341,21.175867,24.768902,26.84412,29.034744,29.007286,31.01026,33.85573,34.799583,38.918877,41.094376,43.975197,46.06777,48.192654,51.05002,52.545074,55.11533,58.17889,59.66867,63.02842,64.8083,65.99976,65.94221,62.95164,62.530594,57.689423,57.299946,54.04542,52.565346,49.365227,45.815773,47.42032,41.875107,41.907734,41.154293,44.126232,42.160225,42.311054,49.18934,47.249683,52.00602,49.578022,55.047554,55.842644,54.771317,58.127823,55.586273,52.325214,52.001842,50.678837,49.852837,46.054314,48.992577,44.40035,49.38255,45.28324,47.34579,47.058212,49.76285,52.92298,53.348904,57.7545,58.708748,61.923386,57.776283,59.912888,55.20025,55.421745,57.3777,52.69624,50.669174,47.822258,48.68653,44.57625,47.591778,42.370804,42.32691,39.314686,38.732727,36.75685,40.080177,39.862072,44.493603,43.12945,48.622337,49.49716,53.112003,54.34719,57.69449,58.706364,62.155827,60.20821,61.315517,58.672806,54.268707,55.78878,50.017227,48.966152,47.04551,44.283504,46.70097,45.379723,49.539722,52.482838,53.280403,53.576103,54.878532,55.68004,58.01996,58.666084,62.21245,59.87025,64.38866,66.92066,63.963802,60.77179,60.41597,54.86976,53.206272,49.98014,47.045414
12,33.025772,29.754194,25.67955,23.49435,21.620556,17.861015,16.724129,12.052083,9.763697,8.126809,5.725112,4.6951094,0.0,3.7035806,6.75986,9.668013,13.1556015,15.732736,19.50589,22.49732,26.060686,28.837328,32.551113,35.167553,37.164963,37.50427,36.189545,33.51523,26.978897,26.636292,21.933235,23.064657,17.609522,17.68851,16.871777,15.607632,20.134714,21.507732,21.801437,22.44271,24.048018,26.42599,25.022905,29.354982,29.096878,32.200954,31.124414,33.91998,34.028473,31.633907,27.999847,28.189075,24.975603,26.12167,25.202545,29.077782,29.93932,32.544235,36.32143,36.611786,33.991127,34.74087,30.027319,30.964159,29.065989,28.990963,32.14265,28.680866,29.289078,24.786095,22.696108,21.057856,22.039026,18.226831,21.232134,16.85845,20.47176,24.407976,26.192497,29.660194,30.243492,27.014372,29.812069,25.770243,24.184479,20.274836,21.286123,15.953156,17.57426,16.377821,17.647408,18.876516,22.75081,26.163017,27.589787,29.738949,29.279612,31.521214,33.99381,35.553104,39.197735,41.636463,44.403103,46.266006,48.73781,51.85771,53.166763,56.15856,58.959312,60.79242,63.97719,65.73333,67.21698,66.86703,63.818707,63.694088,58.886467,58.645454,55.654156,54.06837,51.234837,47.575596,49.210743,43.77223,44.134136,43.75854,46.919643,45.296806,45.328514,52.02268,49.9594,54.859333,52.048786,57.873184,58.267643,57.47501,60.715076,58.02821,54.937912,54.41935,53.03716,52.629765,48.804184,51.98803,47.449394,52.55824,48.66848,50.619404,50.553833,53.255775,56.290615,56.53957,60.927944,61.62696,64.972374,60.8888,63.231556,58.654587,59.01985,61.161667,56.562927,54.3943,51.65151,52.259853,48.085236,50.959328,45.509617,45.333057,42.184338,41.15154,39.419334,42.674145,41.944393,46.59216,44.60896,50.178577,50.949642,54.439056,55.661545,58.929173,59.89013,63.4772,61.661057,63.13768,60.50381,56.191833,57.643166,52.08643,50.94015,49.32832,46.56002,49.189877,47.920216,52.149147,54.96192,55.48276,55.82597,56.93422,58.085506,60.191475,61.005722,64.27919,61.90031,66.408066,68.811554,65.76807,62.615658,61.868282,56.46007,54.59324,51.263355,48.277775
13,32.830997,29.625153,25.639881,22.79703,21.12188,17.342548,16.360214,12.303638,9.946959,9.777272,8.768399,7.4873147,3.7035806,0.0,5.113698,6.929003,10.827559,13.373551,16.963295,20.198334,23.483805,26.626926,30.035625,32.573074,34.768814,35.025124,33.8774,30.9658,24.489153,23.736996,19.256546,19.741951,14.559174,14.057292,13.6474285,12.3495035,16.985756,18.45346,18.364132,18.91441,20.943602,23.307076,22.32879,26.566818,26.795862,30.060827,29.392303,32.362373,32.833057,30.764048,27.174122,27.972784,25.127409,26.504623,24.88244,28.893702,29.077126,31.681536,35.558277,35.339622,32.518856,33.217987,28.573467,29.29336,28.07426,27.469994,30.803865,27.499279,28.73038,24.40275,21.668383,20.722504,21.25782,18.518826,21.01859,16.57876,20.24529,24.223,25.939491,29.509266,29.725077,26.20726,28.535772,24.447763,22.995695,18.90237,20.052876,14.60356,16.037735,15.332223,16.320768,18.23901,21.672232,24.801094,25.70862,27.675823,26.855724,29.133541,31.335487,33.238426,36.555504,39.13589,41.830326,43.595814,46.27954,49.55026,50.82257,54.04887,56.758503,58.840748,61.943382,63.785576,65.500305,64.939476,61.81594,61.805714,57.06976,56.815773,54.055435,52.29008,49.750786,45.990498,47.56402,42.24322,42.9351,42.80693,46.159008,44.94248,44.96905,51.507362,49.478745,54.576786,51.5767,57.79736,57.97318,57.505283,60.73301,58.096214,55.122795,54.29542,52.700314,52.703228,48.62282,51.929684,47.38719,52.470875,48.677925,50.418015,50.544575,53.193977,56.098396,56.217503,60.551174,60.984688,64.51337,60.57214,63.09548,58.710346,59.16028,61.571365,57.076336,54.70735,52.251343,52.66368,48.474842,51.416973,45.699272,45.618107,42.288143,40.93029,39.151,42.156982,41.036285,45.673256,43.2026,48.911186,49.445957,52.940346,54.277096,57.49109,58.5355,62.135345,60.309605,62.084034,59.371662,55.144035,56.403263,51.057648,49.668655,48.271156,45.443977,48.17125,46.89586,51.1503,53.864616,54.18323,54.6237,55.640846,57.094788,59.115612,60.16568,63.251602,60.981796,65.525185,67.88913,64.89605,61.75118,60.863922,55.436707,53.599747,50.09971,47.24958
14,27.979979,24.838362,20.901176,17.92481,16.642788,12.462599,12.514339,8.091425,7.498352,7.718721,9.175255,10.1277485,6.75986,5.113698,0.0,5.1069336,6.545401,9.945001,12.925864,16.379698,19.759409,22.385628,26.224789,29.03391,31.411951,32.14137,31.480991,28.903141,21.943977,21.952906,17.332819,18.643408,15.502487,14.532422,15.682851,15.057439,19.682009,20.897215,19.678028,19.079025,21.880953,22.751535,21.902191,25.381012,25.868841,28.186062,27.37485,30.106953,30.534752,28.690737,25.333387,26.351534,23.243437,25.66377,24.14316,28.050943,28.11347,30.263306,34.51453,34.22348,31.19067,32.865376,28.44924,29.739033,29.099913,28.975285,32.618362,29.780098,31.32591,26.832434,23.578606,22.204193,21.733076,18.927513,19.985489,15.261996,17.88632,21.721605,22.837227,26.449455,26.154737,22.694372,25.469946,21.534805,20.9472,16.503271,19.238476,14.822484,17.295876,17.655567,19.365711,21.857887,25.42011,28.322092,28.996908,30.540894,29.22154,31.003866,32.791912,34.668697,37.40353,39.74855,42.119328,43.306995,45.897053,49.202374,49.932228,53.379627,55.59574,57.660557,60.53708,62.03324,63.738293,63.117115,60.11799,60.467327,55.659298,55.86546,53.10737,51.760235,49.340683,45.74777,47.79266,42.540977,42.92921,43.443676,46.568195,45.20468,44.76545,50.974552,48.542953,53.496796,50.01811,56.25604,55.96004,55.58882,58.591854,55.693127,52.91101,52.097534,50.691017,50.929478,47.221947,50.8214,46.502193,51.886333,48.615402,50.53805,50.971027,53.763557,56.487865,56.280205,60.657707,61.005043,64.32683,60.234383,62.937454,58.578133,59.345863,61.717495,57.35542,54.990532,52.254044,52.22984,47.955,50.38678,44.631943,44.13934,40.83936,39.08792,37.927067,41.18005,39.71475,44.29171,41.61054,47.03856,47.89601,51.041477,52.088673,55.221676,56.010258,59.78449,58.239803,60.121918,57.62011,53.469635,54.999454,49.74714,48.810287,47.711834,45.171803,48.275917,47.385277,51.72912,54.159317,54.168476,54.3348,54.979496,56.513725,58.050686,58.923504,61.744644,59.191696,63.596596,65.76158,62.556274,59.499195,58.183884,53.071133,50.880222,47.521103,44.431103
15,28.426374,25.336102,21.632782,18.000477,16.284641,13.315351,11.875989,10.174449,7.857015,10.555118,12.179746,11.88086,9.668013,6.929003,5.1069336,0.0,5.517056,6.5886517,10.874255,13.458188,16.809298,20.145353,23.32882,25.752941,27.843586,28.1276,27.153322,24.328136,17.650908,17.23053,12.618229,13.955638,10.727676,10.6796,11.787632,12.308633,16.583761,17.08785,15.563709,14.656247,17.056887,17.753614,16.808376,20.42549,20.95905,23.657568,23.171444,26.14514,26.912786,25.305166,21.939926,23.574705,21.174286,23.40428,21.00073,25.002247,24.330196,26.591911,30.780079,30.029543,26.908838,28.31486,23.963642,25.06259,24.999271,24.540287,28.323534,25.780582,27.886217,23.613894,19.746618,18.998116,17.998104,16.6067,17.21259,12.788834,15.781666,19.583384,20.990038,24.606087,24.266018,20.468983,22.30534,18.265493,17.327898,12.965562,15.214367,10.824919,13.142434,14.262774,16.013073,19.204128,22.422737,24.923439,25.261147,26.436302,24.808096,26.312727,27.934368,29.805243,32.366444,34.68216,37.020916,38.21877,40.847496,44.187798,45.003773,48.488464,50.78868,52.968456,55.877693,57.546333,59.38225,58.669823,55.582237,55.856937,51.114845,51.175175,48.56065,47.0111,44.7635,41.08548,43.0423,37.880875,38.532894,39.208515,42.488926,41.53646,41.162888,47.244114,44.965816,50.148064,46.659786,53.29581,52.97097,52.927067,56.016796,53.342377,50.61078,49.417984,47.677868,48.2774,44.135258,47.744846,43.377087,48.61335,45.35629,47.00937,47.605625,50.31152,52.902714,52.60565,56.904182,57.010628,60.528133,56.620975,59.464226,55.325356,56.127636,58.801437,54.563797,51.976913,49.650322,49.486095,45.24852,47.90721,41.87897,41.669643,38.162533,36.209156,34.752335,37.62391,35.88503,40.44856,37.43196,43.072132,43.61355,46.899788,48.167706,51.297447,52.289204,55.969734,54.276196,56.346584,53.69007,49.58925,50.852184,45.758446,44.48747,43.49988,40.86802,43.99029,43.07143,47.412773,49.770477,49.655273,49.93286,50.57784,52.33425,53.921093,55.054325,57.79762,55.46074,59.950104,62.170517,59.128212,56.03814,54.843266,49.542076,47.593628,44.0057,41.19939
16,24.350435,21.46534,17.968307,13.876574,13.228942,9.590508,10.516951,8.893674,9.547363,11.829668,14.785654,15.896827,13.1556015,10.827559,6.545401,5.517056,0.0,4.721485,6.388295,10.186671,13.29883,15.988112,19.744963,22.63492,25.301813,26.312895,26.268206,23.803907,16.63615,17.029753,12.790202,14.418715,14.366999,12.854362,15.744826,16.163704,20.210516,20.901016,18.31209,16.313179,19.93228,18.990915,18.717325,21.060904,22.306448,23.750978,23.334913,25.973406,26.82364,25.683115,22.762854,24.733702,22.142843,25.50236,23.275328,27.016924,26.117006,27.763222,32.300667,31.33484,27.97187,30.433352,26.504772,28.042759,28.70496,28.502102,32.45258,30.34055,32.7043,28.4449,24.313454,23.363203,21.579918,20.216103,19.381765,14.996974,16.40001,19.772251,20.224482,23.79949,22.582314,18.886305,21.174538,17.511179,17.993055,13.388291,17.600004,14.7218075,17.582987,19.329634,21.262417,24.624754,27.741922,30.041666,30.054285,30.927767,28.864405,30.041939,31.10537,33.150463,34.922985,37.07735,39.00651,39.51658,42.15909,45.58772,45.772766,49.607105,51.273735,53.554394,56.132347,57.42027,59.34929,58.461697,55.5056,56.268703,51.516212,52.100918,49.620926,48.46835,46.502747,43.012825,45.389496,40.42896,40.885487,42.238197,45.302536,44.30063,43.470898,49.104862,46.423943,51.425896,47.387573,54.049747,53.12739,53.25019,56.04007,53.059376,50.6031,49.400978,47.876396,48.817707,45.127323,49.047512,44.976482,50.47396,47.799984,49.589622,50.496513,53.303505,55.685425,55.055042,59.350662,59.31768,62.639492,58.633213,61.66649,57.608494,58.726925,61.36234,57.28745,54.71656,52.147068,51.537464,47.252815,49.3365,43.320213,42.650177,39.213043,36.777775,36.076492,39.133766,36.93648,41.352375,37.96094,43.230312,44.06811,46.89152,47.828403,50.80672,51.491344,55.38248,54.054092,56.351036,53.944542,49.99932,51.507076,46.64454,45.82303,45.244442,42.935787,46.422558,45.88546,50.261158,52.294376,51.81038,51.838665,52.05193,53.9746,54.991955,55.984386,58.346565,55.72294,60.024937,61.976368,58.698956,55.741207,53.953796,49.096302,46.703022,43.275482,40.216095
17,23.781282,20.955442,17.77875,13.4186325,12.043639,10.380403,9.265373,10.650092,10.004565,13.710323,16.831375,17.46417,15.732736,13.373551,9.945001,6.5886517,4.721485,0.0,5.7326546,6.9019203,10.550741,13.718453,16.962164,19.457306,21.542171,22.200048,21.758621,19.334337,12.1722975,12.92088,8.396696,11.515801,12.335522,12.401751,15.004209,16.612482,20.104893,19.905334,17.116894,14.557486,17.351282,15.466576,14.721151,16.805197,17.78169,19.049427,18.648714,21.364296,22.374407,21.42103,18.596985,21.06151,19.066381,22.465734,19.683662,23.323704,21.894888,23.440123,27.981876,26.763893,23.342262,25.966944,22.235842,23.950972,25.094255,25.071074,29.104557,27.455345,30.122684,26.041504,21.557207,20.752668,18.248236,17.936476,16.173803,12.345433,13.4437685,16.555006,17.140337,20.645302,19.41111,15.470607,17.001219,13.270784,13.707931,9.216414,13.662567,11.894645,14.924356,17.479284,19.735327,23.453445,26.427475,28.364544,28.279665,28.718975,26.440872,27.0573,27.951757,29.670746,31.231955,33.113033,34.913532,35.277035,37.7403,41.095097,41.201874,44.977795,46.633976,48.8535,51.45702,52.768482,54.678482,53.820335,50.852867,51.564014,46.803818,47.392513,44.912838,43.810932,41.88542,38.44072,40.941376,36.05426,36.465122,38.09909,41.11118,40.27788,39.348476,44.784718,42.11481,47.201473,43.101093,49.990086,49.011494,49.351257,52.178677,49.34903,46.94181,45.48253,43.75647,44.953564,41.040096,44.99739,40.963398,46.39966,43.887005,45.554005,46.64369,49.423794,51.657158,50.885838,55.13019,54.956875,58.308094,54.37825,57.51984,53.616394,54.83396,57.633354,53.69998,51.004074,48.647015,47.83567,43.58789,45.70484,39.531452,38.99047,35.436634,32.81092,32.029232,34.873226,32.46314,36.843704,33.295822,38.627182,39.374634,42.242527,43.264294,46.2592,47.046997,50.882603,49.4712,51.823906,49.354706,45.43152,46.852695,42.064133,41.183666,40.708282,38.45123,42.0335,41.62241,45.994637,47.893204,47.28415,47.271378,47.40685,49.41332,50.37,51.448063,53.754463,51.212994,55.550976,57.533787,54.342808,51.36295,49.67688,44.693302,42.450222,38.89787,35.998524
18,22.416647,20.067005,17.450758,12.529696,12.948206,10.87444,12.544122,13.425777,14.639765,17.506668,20.908554,22.04566,19.50589,16.963295,12.925864,10.874255,6.388295,5.7326546,0.0,5.441123,7.287787,10.108356,13.602081,16.629587,19.823198,21.252245,22.14998,19.896053,12.896361,13.756892,10.8305,12.3962345,16.021664,14.092764,18.162666,19.294111,22.472837,22.709053,19.045883,15.800223,20.013342,17.088299,17.671757,18.338541,20.563612,20.841799,21.027359,23.418419,24.783789,24.557096,22.325855,25.195787,23.316818,27.322168,24.552763,27.912035,26.053915,27.079975,31.721931,30.02151,26.417131,29.612436,26.398277,28.066183,30.013754,29.677135,33.751038,32.372673,35.39453,31.501001,26.820343,26.338789,23.577194,23.55981,21.23689,17.662722,17.785244,20.29858,19.983072,23.22686,20.99429,17.316608,18.734528,15.786664,17.553225,13.473386,18.598127,17.464296,20.234974,22.895647,24.804276,28.649355,31.262547,32.981155,32.38953,32.642216,29.962267,30.539984,30.801338,32.99982,33.672523,35.592133,36.986164,36.720966,39.412437,42.943497,42.51618,46.76526,47.788773,50.323982,52.532543,53.588234,55.78317,54.57624,51.682537,52.917816,48.28777,49.27968,47.167118,46.21412,44.80338,41.475414,44.134544,39.598625,40.159176,42.3317,45.294147,44.70391,43.518665,48.460938,45.581337,50.56261,45.999615,53.024094,51.447823,52.103928,54.632797,51.604843,49.53248,47.928684,46.29349,47.977245,44.358665,48.539215,44.79196,50.297268,48.252728,49.86444,51.21963,53.99069,56.005226,54.968086,59.12323,58.692772,61.996735,58.13498,61.470856,57.768005,59.212017,62.08645,58.33426,55.59093,53.23565,52.07439,47.85293,49.5691,43.399334,42.57355,39.07486,35.98757,35.77957,38.527596,35.590714,39.719112,35.574047,40.56699,41.340816,43.75609,44.565914,47.32444,47.88883,51.87673,50.805553,53.566307,51.283936,47.622242,49.065113,44.719486,44.007523,44.008297,41.977486,45.786907,45.605827,49.93458,51.534996,50.539955,50.44097,50.19517,52.52832,52.984615,54.11458,55.946415,53.285812,57.434208,59.132545,55.80902,52.991806,50.683067,46.17339,43.58247,40.116814,37.15713
