,0,1,2,3,4,5,6,7,8,9,10,11,12,13,14,15,16,17,18,19,20,21,22,23,24,25,26,27,28,29,30,31,32,33,34,35,36,37,38,39,40,41,42,43,44,45,46,47,48,49,50,51,52,53,54,55,56,57,58,59,60,61,62,63,64,65,66,67,68,69,70,71,72,73,74,75,76,77,78,79,80,81,82,83,84,85,86,87,88,89,90,91,92,93,94,95,96,97,98,99,100,101,102,103,104,105,106,107,108,109,110,111,112,113
0,0.0,4.281799,6.5846972,9.112235,11.956698,14.063263,17.49993,20.992517,24.476036,27.020939,30.854773,33.24089,31.982656,30.58352,25.919788,24.13213,19.898684,18.765448,15.865276,13.397346,14.111045,9.703633,14.467521,17.29924,16.522259,19.893677,17.9686,21.107653,19.343088,21.297499,22.2391,23.836182,30.27334,29.126198,33.12512,34.89794,37.474785,37.039474,33.11751,29.262587,32.868446,27.69919,27.564816,26.415476,25.958471,24.437378,21.67965,21.887875,18.313898,21.92533,18.100512,21.904963,20.08179,25.084288,25.48329,28.856407,27.424706,28.986538,33.15964,31.485285,27.880405,32.86556,31.141739,31.808077,36.594326,31.86398,33.99538,32.943623,38.082687,35.77255,31.264395,32.566704,28.169521,32.155926,26.434065,29.305613,27.51539,24.97109,25.981447,25.588442,24.79208,24.306034,19.15607,22.342405,21.255482,26.040878,24.289104,30.206852,31.284801,34.47272,36.806118,41.574192,41.521324,45.27034,47.695263,49.44484,46.955006,45.027374,43.685047,42.16551,38.389797,36.201252,34.047028,30.095682,30.508083,25.142338,24.030396,19.880219,17.80319,21.763903,24.086662,27.739513,30.222197,33.880947
1,4.281799,0.0,5.268817,6.6106257,8.68474,12.075598,14.28692,18.711454,21.657503,24.42815,28.189785,30.666843,29.91443,28.53035,24.110554,21.889124,18.191196,16.243515,14.351994,10.791566,12.065004,8.257574,13.179084,15.354368,14.432297,17.08404,14.300765,18.004549,15.940346,18.55939,19.17837,21.725086,27.825108,27.499426,31.044085,33.13242,35.795094,35.038525,31.429344,27.641357,30.561821,25.338682,24.698524,23.562693,22.53215,20.894386,17.804281,17.93195,14.211324,17.974983,14.174574,18.042477,16.741508,21.564651,21.638748,24.92584,23.231613,24.819408,28.92588,27.261393,23.680706,28.826292,27.184626,28.113754,32.97838,28.536024,30.822126,29.661453,34.851795,32.500336,27.834568,28.7721,24.30402,28.012001,22.209883,25.043081,23.270031,20.815662,22.012379,21.793375,21.285414,20.700459,15.403577,18.39521,17.168856,21.934164,20.2913,26.131733,27.430471,30.628527,33.169205,37.899353,38.106728,41.739178,44.061016,45.69149,43.080135,41.21604,39.750454,38.458775,34.58877,32.586006,30.3561,26.47784,27.03327,21.71986,21.030315,16.648418,14.895428,19.275192,20.849669,24.69082,27.075369,30.64817
2,6.5846972,5.268817,0.0,5.2874937,6.8715005,8.434628,11.948066,14.885563,18.729671,20.823515,25.165207,27.168333,26.08393,25.097546,20.31984,19.092613,15.048132,14.044375,12.634676,10.497843,13.191564,10.49285,16.054928,18.670603,18.848831,20.881924,17.233269,20.598328,16.658802,19.188177,18.695974,21.197954,26.209833,25.506804,29.16934,30.699871,33.815857,33.532036,30.040773,26.582565,29.698343,25.3847,24.387943,24.429798,22.755144,22.487993,19.316011,20.282211,16.605188,21.015287,17.243813,20.7223,19.73648,24.154205,23.153095,26.709572,24.585176,26.745867,30.360775,28.906536,25.379013,30.812847,28.665806,30.080137,34.40279,29.874783,31.72202,29.887447,34.771217,31.76284,27.005178,28.326021,24.267096,28.426912,22.957836,25.393133,23.984552,21.433392,22.30817,22.648853,21.305542,19.95453,14.851357,17.649324,16.525963,21.301222,19.500662,25.670612,26.592789,30.088663,32.170414,37.39791,36.975243,40.865288,43.26918,44.846733,42.245975,40.0004,38.596172,36.78228,32.87346,30.538849,28.205982,24.28028,24.424706,19.093847,17.97242,13.834872,11.411247,15.194861,17.996777,21.385736,24.118532,27.64846
3,9.112235,6.6106257,5.2874937,0.0,3.7668998,5.9933662,8.784211,12.778232,15.576706,18.59796,21.934116,24.619745,23.646332,22.032469,17.72852,15.322293,11.6299305,9.756951,8.165999,5.212906,8.234241,6.8773565,12.143004,14.60613,15.902643,17.214159,13.529552,16.029163,11.70013,13.918557,13.675697,16.071768,21.549868,21.128292,24.654646,26.599037,29.426348,28.828085,25.333687,21.758724,24.68728,20.13602,19.26425,19.190748,17.84111,17.76114,15.057024,16.641718,13.57886,18.863266,16.003963,19.911734,20.089918,24.196663,23.00454,26.05325,23.052126,24.791456,28.221497,26.069618,22.27815,27.145452,24.512144,25.640974,29.685411,24.891546,26.603636,24.87069,29.792316,27.037842,22.471712,24.12394,20.035173,24.79085,19.726742,22.83565,22.207075,20.335003,21.969654,22.820292,22.259794,20.567154,15.227333,17.017006,14.63196,19.566088,16.408854,22.35991,22.818014,26.037146,28.025698,33.004147,32.610306,36.478584,38.97056,40.773212,38.42971,36.385654,35.326183,33.45932,30.038807,27.592146,26.146637,21.879171,23.267824,18.315851,18.588158,13.857405,10.933215,14.95139,15.799207,19.79503,21.664413,25.640097
4,11.956698,8.68474,6.8715005,3.7668998,0.0,5.233931,5.613195,10.603889,13.023239,15.953483,19.61061,22.102612,21.704422,20.40913,16.307753,13.932994,11.090346,8.462511,9.265124,5.963296,9.948776,9.801237,14.450757,16.149828,17.250854,17.688976,12.950096,15.963197,10.603724,13.748429,12.376658,16.144861,20.427307,20.941473,23.857452,25.894512,29.00651,28.2457,25.246523,21.990747,24.072783,19.956184,18.231115,18.706348,16.208319,16.590782,13.384047,15.131611,12.018306,17.340271,14.624393,18.084782,18.77879,22.364174,20.474861,23.504164,20.215998,22.258648,25.373125,23.473007,19.846266,25.062634,22.459063,24.16665,28.10265,23.76831,25.512491,23.372808,28.195042,25.088676,20.227425,21.458424,17.457605,21.915337,16.855171,19.592684,19.058706,17.218409,18.82178,20.043468,19.414211,17.368109,12.181746,13.529799,11.062293,15.959328,13.007262,19.110004,19.797634,23.236921,25.346975,30.53385,30.236763,34.05764,36.431553,38.019352,35.46516,33.312763,32.040627,30.275393,26.595062,24.271156,22.506714,18.333185,19.580729,14.635017,15.227001,10.38787,7.700599,12.049183,12.415551,16.472393,18.49572,22.28255
5,14.063263,12.075598,8.434628,5.9933662,5.233931,0.0,5.945907,7.098385,10.8652725,13.231097,17.002518,19.267918,17.96556,16.704288,12.069789,10.748997,6.892293,6.4358597,7.014937,7.293929,11.37658,11.94598,16.59957,18.978909,21.1363,21.61145,17.272387,19.131786,12.907121,14.754204,12.730387,15.125683,18.481142,17.905003,21.281515,22.587326,26.007433,25.902296,22.796478,19.861675,22.63344,19.597893,18.097351,19.738064,17.47939,19.321705,16.833717,19.331778,16.750385,22.313116,19.821575,23.167622,23.883135,27.364576,25.072395,28.11629,24.531622,26.71757,29.378056,27.390938,23.811514,28.667475,25.453896,27.126417,30.272951,25.602814,26.663082,24.07493,28.407045,24.855778,20.33108,22.5,19.20607,24.433258,20.229519,22.81215,22.919786,21.285877,22.707476,24.303635,23.172567,20.60605,15.928854,16.826626,14.309409,18.803928,15.154339,21.048399,20.81249,24.240234,25.52323,30.998741,29.805462,33.93483,36.50351,38.250732,36.005596,33.55417,32.68731,30.156942,26.908854,24.022232,22.83876,18.486013,19.865759,15.375683,15.902525,11.659722,7.7293487,10.362911,11.763561,15.241467,17.12351,21.184853
6,17.49993,14.28692,11.948066,8.784211,5.613195,5.945907,0.0,6.6020355,7.6346855,10.819693,14.255862,16.765303,16.899986,15.742218,12.273606,9.7611685,8.696073,5.5112214,9.6833105,8.03263,12.242058,13.976925,17.640614,18.795296,20.694872,19.931038,14.673887,16.8118,9.852925,12.923517,9.655023,14.388994,16.431965,17.940012,20.016628,22.007404,25.441074,24.632168,22.334011,19.728594,20.813768,17.921652,15.216506,17.13076,13.382138,15.572161,12.704665,15.41727,13.32224,18.743755,17.02859,19.809315,21.557785,24.169424,21.22408,23.824274,19.66057,21.862131,24.03262,22.075165,18.7029,23.62346,20.443184,22.711956,25.74179,21.769255,23.009905,20.105751,24.436504,20.71208,15.753562,17.151985,13.835826,18.69046,14.705214,17.084417,17.673815,16.550709,18.317553,20.461065,19.863798,16.996538,12.766959,12.390906,9.123388,13.326566,9.227622,15.133016,15.186877,18.782732,20.471321,25.999989,25.30866,29.235188,31.611216,33.12549,30.612173,28.236536,27.118822,24.983728,21.488543,18.904064,17.63196,13.229594,15.277716,11.113483,13.148498,8.719569,5.889811,9.021105,7.203746,11.509473,12.995047,16.978218
7,20.992517,18.711454,14.885563,12.778232,10.603889,7.098385,6.6020355,0.0,5.342731,6.2363086,10.805486,12.354908,11.3859625,10.943603,6.6204844,7.184666,6.381508,7.0453944,11.097383,12.450525,16.507101,18.358883,22.24346,24.020727,26.572746,26.007278,21.069185,22.470327,15.194703,16.899433,13.052487,16.01063,15.7347765,16.145958,18.321424,19.047115,23.13566,23.284567,21.264893,19.47934,20.994705,19.97338,17.397696,20.772213,17.232208,20.86294,18.672873,21.7526,19.907475,25.272394,23.464802,26.018402,27.527155,30.04191,26.638514,29.348661,25.176754,27.658573,29.246244,27.533636,24.45801,29.0493,25.45822,27.808914,29.86931,25.860983,26.277514,22.781427,26.187637,21.768305,17.430166,19.728386,17.719875,22.840603,20.017881,21.726025,22.785456,21.722708,22.96083,25.38567,24.01302,20.653942,17.304716,16.728724,14.231403,17.409405,13.581313,18.559689,17.576061,21.06861,21.54017,27.429453,25.507513,29.742407,32.244293,33.766685,31.564842,28.69538,27.980556,24.834333,21.816721,18.560472,17.79362,13.600589,15.189883,12.09429,13.647018,10.822091,7.4046035,6.6310444,7.0049553,9.299272,10.84986,14.880519
8,24.476036,21.657503,18.729671,15.576706,13.023239,10.8652725,7.6346855,5.342731,0.0,4.602654,6.6477737,9.384973,9.844678,8.782276,7.0267577,5.3532333,8.172506,7.2353272,12.655893,13.604377,17.161558,20.089827,22.923407,23.937252,26.833551,25.32072,20.376263,21.028711,13.66394,15.127563,10.464528,14.132356,11.914066,14.17615,14.982568,16.327696,20.280302,19.836176,18.62353,17.357838,17.37349,17.125772,13.766951,17.864233,13.649397,18.236864,16.661068,20.13271,19.26223,24.474487,23.648033,25.90966,28.310764,30.174562,26.490448,28.55812,23.773956,25.902477,26.839087,24.796703,21.950848,25.801062,21.874758,24.367569,25.681517,22.111547,22.196632,18.34246,21.332941,16.687557,12.428687,14.865967,13.617682,18.89213,17.290977,19.00644,21.062233,20.868557,22.567938,25.433798,24.750122,21.279285,18.434198,16.71045,13.504365,15.760428,10.907921,14.658498,12.873888,16.112316,16.259998,22.151648,20.1806,24.401556,26.90548,28.479671,26.402267,23.613167,23.186224,19.93721,17.43583,14.029537,14.550502,10.158494,13.630839,11.979405,15.22509,12.678044,10.378355,9.751229,5.4635625,7.9676166,7.2630887,11.859201
9,27.020939,24.42815,20.823515,18.59796,15.953483,13.231097,10.819693,6.2363086,4.602654,0.0,6.230531,6.471723,7.194187,8.113449,6.6928453,8.418887,10.821929,11.2247305,16.1879,17.509296,21.311096,23.831718,27.113329,28.32956,31.025099,29.668053,24.505041,25.529749,18.154455,19.714418,15.056912,18.33058,14.957893,16.782112,17.263666,17.626617,21.978367,22.104952,21.37684,20.703648,20.65985,21.323206,17.962292,22.34564,17.975998,22.633286,20.839987,24.105328,22.982721,27.897188,26.785284,28.659897,30.827644,32.476192,28.370466,30.584463,26.045166,28.558867,29.128822,27.667538,25.196306,29.261919,25.544542,28.37075,29.41897,26.272669,26.177975,22.09815,24.460432,19.470682,15.645786,17.698084,17.169212,21.664562,20.38646,21.221045,23.146093,22.766663,23.894567,26.885954,25.600029,21.867853,19.823366,18.028112,15.721995,17.25918,13.691746,16.937191,15.269974,18.498295,18.144062,24.15835,21.694168,25.842056,28.172132,29.40248,27.249756,24.052803,23.499702,19.842997,17.205505,13.683902,13.673401,10.076546,12.185548,11.492689,14.214242,13.065243,11.239167,8.551187,6.174239,5.654911,5.594948,9.419534
10,30.854773,28.189785,25.165207,21.934116,19.61061,17.002518,14.255862,10.805486,6.6477737,6.230531,0.0,4.478616,5.9388213,5.107704,7.8886385,7.963479,12.457653,12.7554655,17.570166,19.437483,22.423325,25.896605,28.089466,28.9099,32.335976,30.35023,25.76967,25.494078,18.530094,18.921854,14.281088,16.478333,10.535386,13.430474,12.332176,12.764417,16.907358,16.815933,17.073011,17.378963,16.115479,18.432983,15.052915,20.23412,16.31221,21.908768,21.292656,24.978111,24.86425,29.823105,29.58524,31.55276,34.360916,35.750336,31.742796,33.36427,28.305311,30.2206,30.288666,28.198317,25.84628,28.645079,24.394789,26.8332,26.667025,23.694885,22.794147,18.511412,19.835749,14.759201,12.193264,15.206371,15.9874525,20.866262,21.165117,22.388409,25.303694,25.751833,27.4204,30.609018,30.01215,26.3652,24.313135,21.984745,18.952381,19.985815,15.311982,16.808186,13.728643,15.881539,14.291186,19.87333,16.581093,20.86519,23.405252,25.028692,23.5859,20.567402,21.027575,16.775312,15.89662,12.057554,14.812817,11.569454,15.660206,16.196724,19.775373,18.366875,16.548073,14.642026,10.397092,10.267954,6.9776316,10.561439
11,33.24089,30.666843,27.168333,24.619745,22.102612,19.267918,16.765303,12.354908,9.384973,6.471723,4.478616,0.0,4.6599054,6.8323355,9.45337,11.55672,15.339898,16.141973,20.945377,22.825308,26.162647,29.269873,31.924955,32.884796,36.039616,34.179188,29.282831,29.5051,22.395802,23.179005,18.451185,20.83356,14.825156,17.188013,16.04552,15.606834,19.887554,20.277794,20.884119,21.495699,20.298613,22.90733,19.492743,24.632889,20.420313,25.86846,24.868845,28.351223,27.948391,32.663376,32.16613,33.787354,36.4152,37.590096,33.22172,34.95286,30.131626,32.390274,32.15705,30.628838,28.602726,31.709122,27.742027,30.536327,30.324287,27.78218,26.911121,22.544312,23.472929,18.29245,15.93766,18.226961,19.33186,23.415974,23.800606,24.260881,26.99342,27.273018,28.461336,31.73792,30.675934,26.863216,25.496197,23.10073,20.77132,21.257586,17.662182,18.948162,16.26823,18.496542,16.7328,22.262627,18.770151,22.764748,25.001558,26.15627,24.572098,21.183722,21.410461,16.904808,15.843614,12.117163,14.2334385,11.987626,14.757259,16.199373,19.328543,19.00161,17.63097,14.609663,11.563267,9.581742,6.750325,8.678138
12,31.982656,29.91443,26.08393,23.646332,21.704422,17.96556,16.899986,11.3859625,9.844678,7.194187,5.9388213,4.6599054,0.0,3.9228802,6.440446,10.118196,13.2094555,15.269485,19.173468,22.010033,25.218115,28.180433,30.993568,32.471104,35.97084,34.588585,30.010044,29.983496,22.805046,23.015415,18.677107,19.830235,14.414647,14.990736,14.864203,13.545629,18.087345,19.26187,19.224274,19.80343,19.86481,22.523552,19.852541,24.979088,21.594864,27.008589,26.132383,29.772053,29.097803,34.276375,33.412567,35.52389,37.778942,39.52427,35.46882,37.527836,32.78249,35.045715,35.32169,33.524426,31.083485,34.313404,30.122293,32.50089,32.482117,29.196606,28.205647,24.0425,25.206602,20.260271,18.035042,21.13015,21.669447,26.546968,26.321632,27.359758,29.80682,29.740648,30.976698,34.034786,32.766136,29.00445,26.982292,25.192034,22.695337,24.052105,19.986803,22.20338,19.469912,21.75696,20.005867,25.411983,21.647106,25.832846,28.311892,29.824648,28.563055,25.328566,25.800598,21.2516,20.346432,16.556555,18.43091,15.6311245,18.116127,18.46267,20.924845,20.10433,17.89476,14.862789,13.266055,12.041287,10.30863,12.920637
13,30.58352,28.53035,25.097546,22.032469,20.40913,16.704288,15.742218,10.943603,8.782276,8.113449,5.107704,6.8323355,3.9228802,0.0,5.1908507,7.2935796,10.968306,13.0055685,16.578175,19.725367,22.5002,25.822815,28.158974,29.593012,33.451477,32.006554,27.840393,27.23273,20.293926,19.897318,15.845526,16.236034,10.791936,11.090912,11.165665,10.158597,14.716716,15.754053,15.380976,15.883457,16.169464,18.872477,16.548742,21.700891,18.912687,24.413248,23.993681,27.807207,27.407293,32.805023,32.170902,34.60949,37.000614,38.94783,35.222008,37.1718,32.24047,34.182816,34.682987,32.403915,29.710512,32.563328,28.127909,30.088566,29.983164,26.299623,25.159397,21.17201,22.480482,17.80352,15.78203,19.515423,19.859236,25.331911,25.119722,26.78568,29.393824,29.483446,31.109234,34.087315,33.20465,29.585503,27.006693,25.29597,22.24483,24.028048,19.147573,21.434519,18.379578,20.427082,18.678104,23.873623,20.14127,24.475851,27.18645,29.099155,28.089203,25.167866,25.941334,21.51135,20.95175,17.104418,19.589912,16.227077,19.650623,19.449596,22.254372,20.593285,17.97453,15.874292,13.450355,13.492218,11.328656,14.802801
14,25.919788,24.110554,20.31984,17.72852,16.307753,12.069789,12.273606,6.6204844,7.0267577,6.6928453,7.8886385,9.45337,6.440446,5.1908507,0.0,5.449816,6.9406314,9.828991,13.020695,16.258753,19.474089,22.137152,25.223099,27.11631,30.631418,29.80597,25.479582,25.568155,18.40926,18.55169,14.71956,15.522843,12.86505,12.136965,14.060771,13.589614,17.980429,18.946087,17.33917,16.617483,18.260784,19.217857,17.122242,21.556637,18.795446,23.5587,22.464739,26.06214,24.954641,30.530392,29.249163,31.926588,33.769737,36.180874,32.70354,35.100967,30.52758,32.71635,33.837555,31.719744,28.71683,32.366074,28.181131,30.165182,31.071278,26.917944,26.405764,22.67921,25.046669,20.509653,17.418097,20.84567,20.01538,25.666079,24.171074,26.02545,27.91006,27.397547,28.842915,31.514135,30.305683,26.806993,23.747675,22.723642,19.886208,22.474268,17.869852,21.558414,19.302572,22.054804,21.24773,26.8238,23.773,28.163136,30.86565,32.700237,31.22488,28.291483,28.45916,24.467112,22.805635,19.066578,20.1017,16.227802,18.783392,17.244305,19.266315,17.156898,13.991319,12.151044,11.404094,12.222928,11.773008,15.723603
15,24.13213,21.889124,19.092613,15.322293,13.932994,10.748997,9.7611685,7.184666,5.3532333,8.418887,7.963479,11.55672,10.118196,7.2935796,5.449816,0.0,4.98245,5.8627005,9.739315,12.498203,15.257789,18.654991,20.971237,22.428833,26.204073,24.98435,20.954773,20.456076,13.463635,13.244093,9.402724,10.427179,8.804993,9.216641,11.231889,12.43005,16.212128,16.158422,14.141833,12.683656,14.027656,14.0284195,11.834255,16.111534,13.592524,18.364836,17.717398,21.498655,20.883018,26.569323,25.80876,28.71228,30.960434,33.354034,30.233274,32.306084,27.474873,29.193642,30.478668,27.8214,24.603512,27.800598,23.445187,25.073858,26.079893,21.638317,21.248095,17.745653,20.669323,16.53473,13.186163,16.931746,15.639765,21.80351,20.326246,22.891539,25.025385,24.87171,26.869556,29.484676,28.989532,25.74253,22.208477,21.013174,17.424261,20.294977,14.740142,18.345314,15.94676,18.483883,18.109053,23.427374,20.969675,25.340326,28.152058,30.263786,28.83124,26.329868,26.591116,23.071035,21.55074,18.001259,19.55687,15.207144,18.97868,17.08278,19.887085,16.80306,13.657759,13.5232115,10.644569,13.106723,11.959106,16.515013
16,19.898684,18.191196,15.048132,11.6299305,11.090346,6.892293,8.696073,6.381508,8.172506,10.821929,12.457653,15.339898,13.2094555,10.968306,6.9406314,4.98245,0.0,4.550383,6.1068983,9.780556,12.792338,15.314366,18.459572,20.678894,24.241821,23.934826,20.113384,20.158098,13.448637,13.43381,10.749817,11.179867,12.796512,11.377655,14.9022665,15.800604,19.30765,19.587107,16.590757,14.234159,17.210934,15.7601,14.498813,17.558357,15.804891,19.379934,18.216246,21.636227,20.244686,26.125221,24.624207,27.941166,29.472239,32.517704,29.86578,32.3983,28.041739,29.898563,31.875273,29.326405,25.801022,29.58642,25.53941,26.926271,28.797642,23.884556,23.98045,21.016605,24.566885,20.850113,17.195679,20.60169,18.368279,24.48857,21.819403,24.629663,25.956978,25.163029,26.977823,29.143635,28.343542,25.357054,21.192257,20.958597,17.671576,21.425493,16.361021,21.106462,19.464636,22.327133,22.529612,27.835522,25.731812,30.058338,32.859215,34.958584,33.348026,30.876883,30.819231,27.556227,25.457531,22.04998,22.581755,18.099297,20.891657,17.81343,19.572876,15.971694,12.151973,12.787227,12.128462,15.041846,15.268281,19.758114
17,18.765448,16.243515,14.044375,9.756951,8.462511,6.4358597,5.5112214,7.0453944,7.2353272,11.2247305,12.7554655,16.141973,15.269485,13.0055685,9.828991,5.8627005,4.550383,0.0,5.678513,6.8058925,10.178022,13.184296,16.010206,17.567755,20.842764,20.05443,15.875039,16.160679,9.124567,10.025787,6.9570813,9.607475,12.262384,12.7324,15.464666,17.45378,20.619505,19.99977,17.22371,14.468364,16.399279,13.762764,11.855547,14.332439,11.956805,15.124038,13.6973095,17.126743,15.894248,21.764616,20.595318,23.871786,25.780663,28.616592,26.051481,28.354439,23.875107,25.533714,27.596352,24.905052,21.31093,25.146164,21.233036,22.713486,25.012299,20.240074,20.817177,17.990011,22.11453,18.622051,14.392135,17.253902,14.406348,20.450865,17.468815,20.566113,21.895159,21.29245,23.415386,25.573303,25.271086,22.459572,18.156511,17.68,13.973238,17.856192,12.490832,17.400097,16.170181,19.118652,20.012712,25.229124,23.894094,28.041288,30.730743,32.749813,30.879505,28.648392,28.31879,25.628094,23.217775,20.165709,20.486965,15.879261,19.104013,15.799125,18.128065,14.0088215,10.663511,12.561039,10.299998,14.178726,14.3116,18.855764
18,15.865276,14.351994,12.634676,8.165999,9.265124,7.014937,9.6833105,11.097383,12.655893,16.1879,17.570166,20.945377,19.173468,16.578175,13.020695,9.739315,6.1068983,5.678513,0.0,5.296873,7.142653,9.645642,12.52663,15.151487,18.8916,19.17867,16.31208,16.040247,10.70475,10.189458,9.804879,9.360965,14.925661,13.281646,17.34451,19.110628,21.637129,21.332762,17.524267,14.002225,17.786076,14.130622,14.059818,15.173413,14.93845,16.834541,15.878221,18.88439,17.408897,23.337658,21.800596,25.702295,26.945993,30.51797,28.810326,31.298353,27.254389,28.620396,31.302137,28.350964,24.472603,28.060505,24.277939,24.901657,27.555397,22.100466,22.742647,20.764736,25.084848,22.368704,18.710983,21.857622,18.670635,24.785225,21.340206,24.930895,25.776716,24.865484,27.007992,28.625141,28.348404,25.98876,21.08223,21.521442,18.02956,22.433979,17.335266,22.364239,21.254885,23.886232,24.800402,29.544706,28.239388,32.336464,35.139194,37.428566,35.82249,33.81019,33.66542,31.017008,28.812649,25.773327,26.11887,21.514748,24.441086,20.629564,22.178127,17.753235,14.067804,16.452387,15.672064,19.468012,19.86172,24.409336
19,13.397346,10.791566,10.497843,5.212906,5.963296,7.293929,8.03263,12.450525,13.604377,17.509296,19.437483,22.825308,22.010033,19.725367,16.258753,12.498203,9.780556,6.8058925,5.296873,0.0,4.388416,6.5260353,9.871369,11.817336,14.603625,14.807148,11.363858,12.263755,7.313557,8.768965,8.946429,11.094896,17.168335,17.162823,20.418064,22.863789,25.291456,24.301352,20.850891,17.175085,19.794342,14.955851,14.264633,14.084991,13.251563,13.585046,11.779552,14.22321,12.325295,18.182358,16.56426,20.567879,21.845884,25.441448,24.079182,26.507921,22.71639,23.942272,27.0139,24.145498,20.19072,24.19328,20.966902,21.713253,25.292244,20.170324,21.647581,20.028542,24.955282,22.53259,18.301603,20.406784,16.425053,21.856895,17.554962,21.307674,21.619642,20.579958,22.86315,24.178154,24.316683,22.37941,17.238747,17.92351,14.466254,19.1218,14.570006,19.883654,19.69501,22.472395,24.272467,28.889414,28.502443,32.32168,34.907368,36.965637,34.95239,33.153755,32.5214,30.596382,27.82358,25.293568,24.922768,20.449572,23.131645,18.881155,20.42961,15.614134,12.650495,16.283222,15.028312,19.360283,20.143799,24.451199
20,14.111045,12.065004,13.191564,8.234241,9.948776,11.37658,12.242058,16.507101,17.161558,21.311096,22.423325,26.162647,25.218115,22.5002,19.474089,15.257789,12.792338,10.178022,7.142653,4.388416,0.0,4.7967463,5.8355923,8.076788,11.868776,12.368266,10.739396,10.155103,7.861708,7.5963287,10.107761,10.486623,18.12981,17.748753,21.130373,23.884483,25.592834,24.345028,20.558535,16.51831,19.503286,13.740834,14.27042,12.671961,13.697993,12.919368,12.1939125,14.298489,13.098969,18.6055,17.520018,21.800629,23.087801,26.81617,26.168365,28.265411,24.595121,25.208088,28.483349,25.152115,21.106285,24.258724,21.080395,20.914251,24.567934,19.056564,20.607264,19.844873,24.870296,23.30335,19.665152,21.915417,17.891783,23.29586,19.250738,23.480995,23.865574,23.105925,25.657574,26.704039,27.33243,25.763805,20.561832,21.30349,17.739351,22.231499,17.512156,22.189047,21.859095,24.09374,25.918474,29.881153,29.754808,33.375805,35.99433,38.29162,36.566986,35.13237,34.76076,33.02547,30.675913,28.256796,28.382456,23.941277,27.049585,22.961256,24.653337,19.796612,17.000353,20.661549,19.020588,23.403048,23.758825,28.13205
21,9.703633,8.257574,10.49285,6.8773565,9.801237,11.94598,13.976925,18.358883,20.089827,23.831718,25.896605,29.269873,28.180433,25.822815,22.137152,18.654991,15.314366,13.184296,9.645642,6.5260353,4.7967463,0.0,5.601971,8.802909,10.7274885,12.956211,11.715464,12.730764,11.5176,12.245548,14.441438,15.158045,22.644192,21.85913,25.565498,28.02157,29.911636,28.915384,24.974329,20.903053,24.243858,18.502203,18.99542,17.187902,17.930336,16.360645,14.841991,15.955391,13.75908,18.670803,16.622267,21.068739,21.33629,25.67074,25.641869,28.129276,25.243044,26.025217,29.817408,26.932583,22.940533,26.689037,24.15737,24.082354,28.34684,23.094393,24.985435,24.36583,29.495869,27.85835,23.942152,25.784056,21.479666,26.309004,21.4797,25.420275,24.948269,23.568981,25.742706,26.211855,26.571722,25.461685,20.039091,21.699282,18.858751,23.635225,19.912268,25.101803,25.371094,27.9036,30.016068,34.14922,34.17598,37.79261,40.33843,42.48138,40.506184,38.98476,38.27475,36.70218,33.851604,31.54356,30.881962,26.539978,28.808468,24.142496,24.955101,20.093517,17.45187,21.507755,21.156055,25.470642,26.568768,30.779818
22,14.467521,13.179084,16.054928,12.143004,14.450757,16.59957,17.640614,22.24346,22.923407,27.113329,28.089466,31.924955,30.993568,28.158974,25.223099,20.971237,18.459572,16.010206,12.52663,9.871369,5.8355923,5.601971,0.0,4.1337605,7.9719915,9.949304,11.23253,10.055159,11.8146925,11.115313,14.942902,14.552427,22.83037,22.267303,25.61983,28.553242,29.63899,28.163298,24.21846,20.036053,23.097128,16.673893,18.126205,14.933243,17.347366,14.782044,14.638306,15.514497,14.629877,18.975956,18.136572,22.556826,23.390295,27.370913,27.84797,29.685474,26.650883,26.645813,30.365192,26.876493,22.909855,25.399595,22.888811,21.803463,25.931227,20.515842,22.451176,22.788107,27.866835,27.219852,24.007126,25.881796,21.69862,26.41051,22.22339,26.642563,26.587528,25.831509,28.44316,28.894104,29.980188,29.070286,23.820404,24.98996,21.741566,26.122978,21.940569,26.200493,26.222265,28.06936,30.192678,33.489197,33.897778,37.189743,39.709335,42.081432,40.453983,39.40138,39.018864,37.718597,35.439137,33.304745,33.3732,29.079351,32.11306,27.880865,29.335133,24.432367,21.989023,25.99374,24.491678,28.947458,29.340733,33.623608
23,17.29924,15.354368,18.670603,14.60613,16.149828,18.978909,18.795296,24.020727,23.937252,28.32956,28.9099,32.884796,32.471104,29.593012,27.11631,22.428833,20.678894,17.567755,15.151487,11.817336,8.076788,8.802909,4.1337605,0.0,5.581062,6.234921,9.044409,6.9524097,11.196163,10.725136,14.934085,15.274476,23.234854,23.6385,26.308022,29.677933,30.520191,28.538265,25.007505,20.976835,23.02381,16.286203,17.544973,13.4213295,16.065882,12.331514,12.707051,13.016588,13.00804,16.661856,16.750595,20.934328,22.317036,25.819693,26.54634,27.867651,24.818533,24.284561,27.938028,24.207638,20.374477,22.201065,20.021696,18.508411,22.90494,17.8331,20.174498,21.067785,26.20847,26.109112,23.092102,24.427145,20.219585,24.312313,20.389315,24.937983,24.99117,24.656273,27.517702,27.925613,29.592157,28.90307,23.940836,24.735367,21.408092,25.34601,21.314966,24.856169,25.09899,26.564783,28.995052,31.75849,32.75208,35.698784,38.05056,40.363514,38.73149,38.008926,37.587013,36.751812,34.592598,32.810806,33.01735,28.950272,32.257923,28.329927,30.192177,25.354935,23.400322,27.53522,25.196562,29.716509,29.816532,33.9187
24,16.522259,14.432297,18.848831,15.902643,17.250854,21.1363,20.694872,26.572746,26.833551,31.025099,32.335976,36.039616,35.97084,33.451477,30.631418,26.204073,24.241821,20.842764,18.8916,14.603625,11.868776,10.7274885,7.9719915,5.581062,0.0,4.842061,8.496696,9.264264,14.07035,15.144954,18.64474,20.26134,27.790258,28.621222,31.175648,34.570545,35.691105,33.640415,30.281319,26.29424,27.984192,21.287977,21.872522,17.733543,19.307547,14.597234,13.875753,12.571128,11.90327,13.883096,13.685088,17.682821,18.429098,22.06538,23.750204,25.01392,22.938795,22.205313,26.382536,23.166595,19.619724,21.916534,20.918118,19.674099,24.929728,20.766397,23.693972,24.664219,29.928604,29.78284,26.362614,26.813625,22.297287,25.208921,20.552977,24.69367,23.814005,23.140314,25.75235,25.475254,27.41585,27.447289,22.69353,24.005836,21.430922,25.192423,22.436075,26.027521,27.153841,28.807638,31.800182,34.564384,36.111378,38.85238,40.968266,42.96097,40.930122,40.27621,39.348553,39.055336,36.327644,34.951866,34.325558,30.57219,33.1804,28.974665,30.349377,25.670027,24.388906,28.931017,27.037018,31.534054,32.170044,35.93994
25,19.893677,17.08404,20.881924,17.214159,17.688976,21.61145,19.931038,26.007278,25.32072,29.668053,30.35023,34.179188,34.588585,32.006554,29.80597,24.98435,23.934826,20.05443,19.17867,14.807148,12.368266,12.956211,9.949304,6.234921,4.842061,0.0,6.0312757,5.538334,11.842246,13.027422,16.425755,18.67514,25.48403,27.253036,29.076311,32.80092,33.77291,31.314295,28.465723,24.759737,25.411425,18.824875,18.989286,14.515221,15.912579,10.544795,10.479999,9.003312,9.867406,11.6975155,13.0161915,16.584227,18.594084,21.328331,22.495436,23.156761,20.454058,19.2735,23.030777,19.356184,15.856658,17.396763,16.340586,14.86598,20.192978,16.374454,19.544258,20.736414,25.93141,26.116533,22.940731,22.998878,18.654697,21.173904,17.134167,21.460829,21.173906,21.201763,24.192677,24.333443,26.75299,26.571203,22.21503,22.694555,19.740005,22.925102,19.907394,22.60752,23.685764,24.923403,28.036692,30.355768,32.284096,34.74708,36.73313,38.685474,36.714363,36.309673,35.46628,35.456375,33.020466,31.89363,31.683567,28.134193,31.255293,27.620855,29.691942,25.148476,24.152815,28.503565,25.523264,29.97484,30.094887,33.703667
26,17.9686,14.300765,17.233269,13.529552,12.950096,17.272387,14.673887,21.069185,20.376263,24.505041,25.76967,29.282831,30.010044,27.840393,25.479582,20.954773,20.113384,15.875039,16.31208,11.363858,10.739396,11.715464,11.23253,9.044409,8.496696,6.0312757,0.0,5.751895,7.897504,11.1334,12.871415,16.932047,22.662882,24.97502,26.633928,30.184435,31.870926,29.59943,27.026077,23.518787,23.84283,17.859087,16.697702,13.632041,12.738359,8.260074,5.8249416,4.624787,4.1583357,8.312584,9.013642,12.779278,15.336612,17.98797,17.985811,19.117432,15.783586,15.453768,19.182562,15.855882,11.962286,15.405599,13.913966,14.130845,19.507305,15.854252,18.964657,18.88257,24.232359,23.328053,19.31591,19.06266,14.384768,17.06514,12.135279,16.376007,16.013853,15.8049345,18.822113,19.398487,21.514254,20.918406,16.552979,16.776302,13.71477,17.081896,14.21361,17.588474,19.037241,20.944836,24.234087,27.418652,29.109459,31.863235,33.852417,35.541428,33.156902,32.308064,31.112337,30.951958,27.976122,26.813326,26.05885,22.519257,25.3222,21.622314,23.75894,19.305244,18.61107,22.940186,19.895174,24.288015,24.71027,28.156866
27,21.107653,18.004549,20.598328,16.029163,15.963197,19.131786,16.8118,22.470327,21.028711,25.529749,25.494078,29.5051,29.983496,27.23273,25.568155,20.456076,20.158098,16.160679,16.040247,12.263755,10.155103,12.730764,10.055159,6.9524097,9.264264,5.538334,5.751895,0.0,7.405469,8.02616,11.418624,13.822359,20.119345,22.344137,23.766232,27.6121,28.564058,25.987873,23.398865,19.906332,20.04187,13.624801,13.485184,9.119287,10.5615015,5.619807,6.8598504,7.548152,9.432213,13.0684,14.671089,18.151888,20.963093,23.324581,23.233086,23.89515,20.067823,19.210096,22.219973,18.08902,14.313703,15.599211,13.086589,11.803494,16.419405,11.7810755,14.665409,15.432546,20.707659,20.706207,17.655775,18.212399,14.070666,17.662561,14.432866,19.131268,19.934847,20.442932,23.690046,24.64583,26.835876,25.89206,21.594864,21.282425,17.585394,20.660873,16.45019,18.841665,19.17591,20.254946,23.02085,25.45469,27.031155,29.670519,31.820929,33.953415,32.19374,31.686163,31.19799,30.794792,28.798765,27.419945,27.946892,24.233973,28.063786,24.918026,27.65168,23.133675,21.82583,25.70368,21.888453,26.2857,25.813377,29.566277
28,19.343088,15.940346,16.658802,11.70013,10.603724,12.907121,9.852925,15.194703,13.66394,18.154455,18.530094,22.395802,22.805046,20.293926,18.40926,13.463635,13.448637,9.124567,10.70475,7.313557,7.861708,11.5176,11.8146925,11.196163,14.07035,11.842246,7.897504,7.405469,0.0,4.8030005,5.0027113,9.82233,14.895702,17.303854,18.877113,22.330769,24.238924,22.182852,19.68033,16.408161,16.72349,11.453671,9.645789,8.559111,6.698017,6.4799414,5.372492,8.875092,9.091383,14.697652,15.020526,18.442015,21.238913,23.680801,22.082258,23.487171,18.930382,19.390366,21.88946,18.315771,14.379882,17.40945,13.812711,14.541162,18.055504,13.258291,15.148629,13.729701,18.977184,17.161674,13.008133,14.380391,10.116814,15.478939,12.011077,16.411346,17.714893,17.881695,20.890038,22.617853,23.862953,21.9801,17.598358,16.87504,12.657601,16.23237,10.899435,14.644578,14.420418,16.529722,18.850863,22.765118,23.276794,26.646227,29.048128,31.092697,29.10607,27.81624,27.272156,26.008501,23.669407,21.681581,22.103155,17.948212,21.832651,18.66328,21.607332,17.117577,15.354535,18.76513,14.805575,19.223927,18.842451,22.862392
29,21.297499,18.55939,19.188177,13.918557,13.748429,14.754204,12.923517,16.899433,15.127563,19.714418,18.921854,23.179005,23.015415,19.897318,18.55169,13.244093,13.43381,10.025787,10.189458,8.768965,7.5963287,12.245548,11.115313,10.725136,15.144954,13.027422,11.1334,8.02616,4.8030005,0.0,4.924081,5.9436665,12.679877,14.353076,16.15051,19.779394,21.002804,18.856518,15.946052,12.402903,13.26817,7.2130933,7.118171,5.3575807,6.939903,7.744511,9.133311,12.496865,13.391428,18.700567,19.300983,22.884716,25.590702,28.165928,26.802279,28.04639,23.432318,23.558405,25.828562,21.868435,18.056332,19.794617,15.708145,15.3604965,17.84893,12.139205,13.220178,12.296734,17.304338,16.144218,13.115345,15.692465,12.315907,18.219063,15.95487,20.43185,22.195929,22.603363,25.65205,27.40849,28.645176,26.680004,22.249638,21.527172,17.23582,20.62723,14.821173,17.76992,16.53475,17.91556,19.448341,22.786726,22.824558,26.232363,28.85821,31.34162,29.979345,28.887337,29.013155,27.358852,25.910942,23.633234,25.08917,20.851639,25.286213,22.471825,25.52302,21.06661,18.746035,21.669428,17.698833,21.897345,20.870502,25.141558
30,22.2391,19.17837,18.695974,13.675697,12.376658,12.730387,9.655023,13.052487,10.464528,15.056912,14.281088,18.451185,18.677107,15.845526,14.71956,9.402724,10.749817,6.9570813,9.804879,8.946429,10.107761,14.441438,14.942902,14.934085,18.64474,16.425755,12.871415,11.418624,5.0027113,4.924081,0.0,6.59497,9.957268,12.79484,14.000916,17.428787,19.510132,17.580637,15.343828,12.535466,12.491303,8.600078,5.8833847,7.7875404,5.2519484,9.055607,9.209277,13.159142,13.670892,19.176357,19.534704,22.648962,25.574457,27.770105,25.50397,26.889214,21.920479,22.641712,24.368937,20.831589,17.235073,19.689548,15.331889,16.270483,18.22643,13.291765,13.964236,11.478354,16.160069,13.6037655,9.639896,12.492269,9.427954,15.895112,13.973352,17.894903,20.079746,20.534645,23.390915,25.640017,26.483568,24.012932,20.015985,18.71819,14.332885,17.40373,11.177891,14.312575,12.681352,14.6464205,15.942357,20.21671,19.765224,23.51712,26.168358,28.434618,26.814573,25.269194,25.266388,23.232883,21.567348,19.042744,20.51924,16.194033,20.794342,18.388369,21.804619,17.715057,15.488857,17.787169,13.173083,17.190115,15.957494,20.248182
31,23.836182,21.725086,21.197954,16.071768,16.144861,15.125683,14.388994,16.01063,14.132356,18.33058,16.478333,20.83356,19.830235,16.236034,15.522843,10.427179,11.179867,9.607475,9.360965,11.094896,10.486623,15.158045,14.552427,15.274476,20.26134,18.67514,16.932047,13.822359,9.82233,5.9436665,6.59497,0.0,8.571973,8.633459,11.112134,14.420838,15.513977,13.895981,10.394785,6.68615,9.141562,4.9168315,6.276994,7.9326215,9.814827,13.014354,14.544779,18.206383,18.865065,24.397484,24.676975,28.244343,30.798124,33.467815,31.656021,33.09869,28.263622,28.717453,30.561245,26.711227,23.085508,24.589863,20.04757,19.784355,20.828514,15.104622,14.692457,13.065812,16.887344,15.258066,13.225648,17.244465,15.144035,21.636206,20.300962,24.367357,26.587673,26.975304,29.814638,31.894493,32.61911,30.179873,25.853224,24.983767,20.682482,23.955381,17.709204,20.46444,18.137491,19.327782,19.581793,23.048857,21.78567,25.559086,28.471191,31.254253,30.445505,29.088385,29.848007,27.296915,26.603992,23.741772,26.07517,21.738567,26.438993,24.09283,27.17511,23.03126,20.080751,21.957893,18.265448,21.88263,20.311012,24.786348
32,30.27334,27.825108,26.209833,21.549868,20.427307,18.481142,16.431965,15.7347765,11.914066,14.957893,10.535386,14.825156,14.414647,10.791936,12.86505,8.804993,12.796512,12.262384,14.925661,17.168335,18.12981,22.644192,22.83037,23.234854,27.790258,25.48403,22.662882,20.119345,14.895702,12.679877,9.957268,8.571973,0.0,6.310754,4.341412,8.13414,10.126653,8.389788,7.7470355,7.8584023,5.732579,8.94807,7.1207232,12.424238,11.4595995,17.04889,18.45578,22.444143,23.453636,28.683159,29.302351,32.085136,35.205967,37.04866,34.15714,35.32327,30.001976,30.782475,31.403702,27.93321,25.022345,26.138044,21.245415,21.972477,21.148094,16.900925,15.172112,11.765761,13.312939,10.016882,9.370019,14.291243,14.576481,20.737072,21.375185,24.368517,27.586996,28.521301,31.128973,33.912346,34.370224,31.315067,28.056631,26.130554,21.991796,23.945602,17.717258,18.814138,15.1608,15.77511,14.270018,17.978119,15.157675,19.299852,22.345257,25.129017,24.753567,23.029417,24.476532,21.041922,21.522945,18.334492,22.156155,18.422945,23.711739,23.076895,26.870403,23.842737,21.330967,21.532299,16.758986,18.958744,15.943221,19.898163
33,29.126198,27.499426,25.506804,21.128292,20.941473,17.905003,17.940012,16.145958,14.17615,16.782112,13.430474,17.188013,14.990736,11.090912,12.136965,9.216641,11.377655,12.7324,13.281646,17.162823,17.748753,21.85913,22.267303,23.6385,28.621222,27.253036,24.97502,22.344137,17.303854,14.353076,12.79484,8.633459,6.310754,0.0,5.1834846,6.425427,8.366233,8.785786,5.476375,5.1150265,8.35079,10.770434,11.275097,15.379544,15.92098,20.692575,21.917347,25.838179,26.230635,31.902107,31.863028,35.170956,37.662838,40.204174,37.639618,39.282433,34.2204,35.17858,36.37654,32.904045,29.625896,31.172445,26.346512,26.639887,26.323137,21.352497,19.733067,17.114384,18.808872,16.173172,15.47066,20.325596,19.881413,26.349895,26.033728,29.290415,31.977228,32.356575,34.81095,37.336185,37.383625,34.350784,30.536394,29.33678,25.319027,28.08125,21.90315,24.185015,20.884861,21.922325,20.529335,24.196175,21.106337,25.189522,28.261972,31.124584,30.923796,29.077042,30.517704,26.805983,27.050392,23.589602,26.838757,22.818106,27.426054,26.056526,29.082386,25.81634,22.556868,22.65979,19.549555,21.76277,19.53304,23.736603
34,33.12512,31.044085,29.16934,24.654646,23.857452,21.281515,20.016628,18.321424,14.982568,17.263666,12.332176,16.04552,14.864203,11.165665,14.060771,11.231889,14.9022665,15.464666,17.34451,20.418064,21.130373,25.565498,25.61983,26.308022,31.175648,29.076311,26.633928,23.766232,18.877113,16.15051,14.000916,11.112134,4.341412,5.1834846,0.0,4.340632,5.8254485,4.985093,5.123956,7.396411,5.9993024,11.291017,10.821963,15.678453,15.608793,21.017109,22.657038,26.633015,27.62676,32.926422,33.47234,36.355976,39.37244,41.33228,38.433556,39.64835,34.32519,35.110138,35.645313,32.160828,29.307125,30.143843,25.215662,25.661886,24.282372,20.125217,17.872463,14.860094,15.24501,12.510362,13.152515,18.048323,18.791883,24.775871,25.69183,28.590595,31.86966,32.777634,35.31063,38.122517,38.42257,35.27256,32.016865,30.169897,26.11626,28.057335,21.912022,22.867563,19.022814,19.308006,17.134426,20.215025,16.647991,20.597862,23.66728,26.61512,26.823233,25.131384,27.061218,23.246855,24.406898,21.114794,25.336554,21.83063,26.957428,26.569342,30.18865,27.356264,24.620396,24.354149,20.140923,21.829966,18.684301,22.383707
