,0,1,2,3,4,5,6,7,8,9,10,11,12,13,14,15,16,17,18,19,20,21,22,23,24,25,26,27,28,29,30,31,32,33,34,35,36,37,38,39,40,41,42,43,44,45,46,47,48,49,50,51,52,53,54,55,56,57,58,59,60,61,62,63,64,65,66,67,68,69,70,71,72,73,74,75,76,77,78,79,80,81,82,83,84,85,86,87,88,89,90,91,92,93,94,95,96,97,98,99,100,101,102,103,104,105,106,107,108,109,110
0,0.0,4.1705513,6.64,9.715867,12.522335,14.564642,18.12594,21.726635,24.535078,27.569935,30.57124,33.811306,35.969666,36.223816,37.969067,33.094746,35.604866,31.699434,36.94141,32.270447,34.265972,35.391308,38.392277,32.022507,28.94368,28.720106,26.735844,29.129292,27.086433,30.488,26.913221,32.08918,29.587427,34.45081,36.055195,34.215134,38.492367,38.418983,35.583717,36.71615,41.304783,38.2581,36.62706,41.54641,43.492638,39.73699,39.68617,45.720963,46.81466,48.084644,43.55316,43.97963,46.428364,44.77174,40.87041,36.27431,35.633915,31.978996,35.506138,39.47274,34.49636,32.482384,35.45461,38.617958,35.524506,31.27224,31.635523,27.813547,26.889225,26.790247,23.682697,25.023108,22.129473,21.365644,20.448053,18.92727,15.579918,16.985119,13.792255,17.492188,17.48832,20.045517,21.748371,24.087343,24.310333,27.263695,26.646872,30.69932,28.83157,32.364914,34.174786,36.39384,38.04594,37.689327,39.211983,40.936115,36.845814,38.67754,39.181988,35.86488,39.241833,33.62482,35.149673,35.21631,31.091064,30.95793,25.24261,27.150742,24.53871,23.496302,24.021938
1,4.1705513,0.0,5.238302,6.260949,9.13887,12.167019,14.806433,19.142061,21.477798,24.832428,27.739624,30.918406,33.14514,33.090782,35.02891,29.931503,32.376884,28.497505,33.665375,29.200151,31.131876,32.54077,35.43732,28.94207,26.001001,25.434578,23.400944,25.469522,23.37269,26.56533,23.17657,28.107332,25.865269,30.67223,32.3777,30.661108,34.889774,34.55919,31.727325,33.038326,37.49091,34.261887,32.802795,37.79723,39.559807,35.816338,35.988594,41.947845,42.932667,44.114643,39.51096,40.160908,42.43967,40.691765,36.86974,32.31359,31.61956,27.934946,31.447441,35.33327,30.368006,28.321602,31.305052,34.457363,31.395592,27.140127,27.569887,23.794031,22.726795,22.754292,19.589628,21.209003,18.278526,17.958632,17.145435,16.183575,12.841427,14.178114,12.277268,15.396462,16.17416,19.36655,20.22363,22.013529,21.59733,25.052334,23.640371,27.953226,26.376326,30.051294,31.93872,34.317524,35.78761,35.023567,37.198853,38.474003,34.42506,36.535793,36.727226,33.759148,36.812393,31.3527,32.935757,32.973648,29.098246,28.911747,23.527367,24.889898,22.829786,21.374529,22.53639
2,6.64,5.238302,0.0,5.5393558,6.9033628,8.658668,12.152121,15.381425,18.585693,21.229082,24.490826,27.543282,29.933666,30.338652,32.748528,28.000648,31.01629,27.537556,33.281677,29.321592,31.975231,33.5151,36.974262,30.659725,27.569939,26.979916,23.956692,25.939823,23.079296,26.453228,21.780245,27.056704,23.875088,28.811989,30.264158,28.49716,32.746075,33.00778,30.521557,31.537916,36.092228,33.772,32.17338,36.8541,38.930515,36.024925,35.859104,41.48995,43.01812,43.907814,39.70002,40.77233,43.284008,41.374065,37.932735,33.59269,32.15534,28.926662,32.91633,35.97035,30.470697,29.258467,32.252926,34.941616,31.231718,27.170614,28.37819,24.681948,23.573532,24.745638,21.236073,23.586401,19.685104,20.499512,18.582571,18.780533,15.0124235,14.681626,12.631969,14.19137,14.057287,16.785763,17.327213,19.76498,19.987717,23.769733,23.053339,27.973679,26.941774,30.767622,33.18844,35.134632,36.123158,35.091293,36.694294,37.430424,33.088036,34.745007,34.657852,31.274723,33.851597,28.36793,29.36102,29.127502,25.120176,25.340544,19.66988,22.135715,20.232023,19.72636,21.254393
3,9.715867,6.260949,5.5393558,0.0,3.8132758,6.6652894,8.930646,13.36347,15.282958,18.881292,21.589306,24.832228,26.96392,26.845222,28.855453,23.759274,26.39496,22.714455,28.198425,24.201117,26.668852,28.375643,31.699553,25.338572,22.360744,21.564993,18.589964,20.474472,17.813519,21.216433,17.207384,22.698725,20.457907,25.379745,26.554298,24.567247,28.851854,28.863564,25.92581,27.012476,31.615858,28.831112,27.134472,31.971031,33.991703,30.70015,30.580992,36.366196,37.72292,38.788254,34.50843,35.319958,37.902225,36.13903,32.55047,28.16925,26.824802,23.588541,27.715647,30.913967,25.538773,24.454624,27.673962,30.458311,26.943005,22.918755,24.451488,20.99159,19.030556,20.210604,16.200405,18.36805,14.18682,15.294781,13.233686,14.055468,10.41753,9.864586,9.667489,10.642778,11.980436,15.650807,15.274038,16.593658,15.822925,19.90241,18.195032,23.125782,22.23916,26.132853,28.526152,30.666101,31.579725,30.271685,32.623425,33.161583,28.99688,31.122185,30.928364,28.112267,30.781082,25.449488,27.028875,27.10216,23.430758,23.153564,18.157488,19.089796,17.674412,16.176924,18.244442
4,12.522335,9.13887,6.9033628,3.8132758,0.0,5.4041038,5.7146196,10.626254,12.785694,16.02464,19.086536,22.01041,24.521578,24.406647,27.264034,22.206718,25.254387,22.017614,27.749054,24.456785,27.22245,29.27672,32.689922,26.43497,23.64975,22.4671,18.979872,20.220312,16.921276,19.953573,15.054271,20.158886,17.21887,22.171698,23.576668,21.925488,26.132416,26.15631,23.699762,24.910301,29.299715,26.976145,25.580477,30.269014,32.16601,29.586182,29.644562,35.007633,36.54938,37.215168,33.069828,34.61507,36.966873,34.897682,31.750864,27.634,25.764217,22.787897,26.981281,29.474781,23.786325,23.059996,26.11298,28.539541,24.619696,20.705654,22.603094,19.21462,17.534868,19.61585,15.799499,18.896017,14.498414,16.820732,14.580247,16.475859,13.100392,11.662873,12.509387,11.87624,13.105156,16.595375,15.241817,16.45819,15.477091,20.271055,18.220898,23.72731,23.502365,27.476908,30.13765,32.146717,32.631516,30.806408,33.37196,33.12313,28.854918,30.885857,30.13644,27.39287,29.201874,24.107204,25.107357,24.803125,21.371881,21.515356,16.757824,18.130947,17.581085,16.531595,19.365767
5,14.564642,12.167019,8.658668,6.6652894,5.4041038,0.0,5.9991527,7.422837,10.351976,13.189728,16.060795,19.388666,21.447815,21.97384,24.220762,19.721638,23.066416,20.023323,26.190887,23.006727,26.477873,28.236307,32.310562,26.53587,23.464476,22.805939,18.529325,20.349825,16.793764,20.521847,14.8770485,21.21572,18.10816,23.09501,23.324287,20.881395,25.211771,26.324705,23.614733,23.99684,28.874174,27.476156,25.319008,29.539183,32.184967,30.013605,29.158667,34.46203,36.635334,37.445183,33.91455,34.943283,38.04671,36.285763,33.195698,29.240353,26.913406,24.595911,29.367054,31.364481,25.464497,25.894047,29.153196,31.219812,26.97699,23.510757,26.34659,23.34672,20.925308,23.494993,19.059038,21.640919,16.386778,18.74206,15.216669,17.493504,13.910557,10.957028,10.984273,8.709086,8.796476,11.776296,10.173708,12.099296,12.303013,16.718813,16.22517,21.76441,21.748482,25.657722,28.73761,30.162746,30.338491,28.694899,30.174015,29.937578,25.441732,26.93678,26.389587,23.077343,25.235312,19.839577,20.880617,20.819977,16.95296,16.944918,11.708923,13.759794,12.770403,12.658757,15.420974
6,18.12594,14.806433,12.152121,8.930646,5.7146196,5.9991527,0.0,6.173952,7.439952,10.711893,13.705241,16.437279,19.086983,18.8596,22.35043,17.41637,20.871502,18.290339,24.247257,21.996769,25.262484,27.658646,31.32165,25.541445,23.016993,21.53709,17.227322,17.7515,13.679906,16.442907,10.306646,15.665332,12.3061,17.321522,18.164083,16.407907,20.610193,21.05101,18.817919,19.820866,24.190248,22.684679,21.248241,25.568718,27.635187,25.982386,25.844421,30.676453,32.654354,32.987587,29.312551,31.357956,33.824055,31.640089,29.027187,25.377918,22.667723,20.471893,25.053843,26.40975,20.347496,20.900776,23.928015,25.695766,21.240267,17.87259,21.016617,18.284472,16.004547,19.430586,15.424935,19.034533,14.06287,17.821913,14.876638,18.281382,15.425956,12.588659,14.970751,12.077869,13.5021,16.688171,13.754159,14.130646,12.636612,18.108912,15.671844,21.690418,22.467417,26.402155,29.45652,31.129389,30.927994,28.428104,31.196468,29.867474,25.579977,27.525011,26.08301,23.656178,24.470089,19.814243,20.416327,19.91521,17.027596,17.33129,13.611632,14.559476,15.471249,14.757701,18.593071
7,21.726635,19.142061,15.381425,13.36347,10.626254,7.422837,6.173952,0.0,4.8707314,5.8859887,9.368555,12.248274,14.771045,15.615808,19.247507,15.389166,19.541851,17.818527,24.176256,22.675549,26.73053,28.907558,33.192802,28.115965,25.486362,24.42588,19.38048,20.119816,15.765311,18.754835,11.713438,17.547039,13.550361,18.13187,17.573809,15.17924,19.263203,21.216497,19.296284,19.25382,23.854782,24.012676,21.991861,25.393873,28.201159,27.652027,26.602833,30.865473,33.672565,33.853783,31.08676,33.012825,36.06768,34.06589,31.875864,28.672506,25.31568,24.060974,29.000402,29.40561,23.222227,25.1014,28.059055,29.177063,24.330366,21.727043,25.704517,23.449621,20.947247,24.88263,20.705746,23.987173,18.56667,22.361004,18.52448,22.200155,19.267736,15.413601,17.043055,12.765196,12.831268,14.696727,10.930607,11.797543,11.729103,16.73421,16.070906,22.039345,23.37703,27.101267,30.61556,31.560068,30.790771,28.25405,29.815592,27.936363,23.419392,24.516712,22.817118,19.770018,19.979406,15.299118,15.049706,14.312514,11.106621,11.938487,8.293811,10.862423,12.439174,13.450296,17.371227
8,24.535078,21.477798,18.585693,15.282958,12.785694,10.351976,7.439952,4.8707314,0.0,4.8731813,6.4688163,9.716978,11.794196,11.756837,15.2344265,10.873645,14.973414,13.503343,19.708689,18.83911,22.901583,25.319683,29.494415,24.792852,22.514584,21.220049,16.03507,16.200323,11.746859,14.485801,7.484204,13.800314,11.051812,15.3238535,13.886516,10.866279,15.138795,17.16076,14.729265,14.494371,19.307766,19.454395,17.201576,20.549372,23.473984,23.0026,21.827747,25.998144,28.86723,29.099401,26.507532,28.347435,31.533623,29.664791,27.59615,24.659763,21.034788,20.299686,25.3749,25.36987,19.289303,21.93317,24.958286,25.846743,21.118523,18.971176,23.555227,21.890163,18.627928,22.82981,18.55935,21.610943,16.232872,20.543236,16.666643,21.063614,18.830446,14.742205,17.81899,12.946404,14.099039,16.276302,11.817798,10.8083935,9.24829,14.568076,12.749436,18.721872,20.69063,24.261812,27.792154,28.723011,27.620981,24.578728,26.906033,24.383772,20.093657,21.65164,19.510248,17.35414,17.200941,13.020449,13.475271,13.190695,11.075288,11.056019,9.670826,9.1658535,12.176704,12.220435,16.727064
9,27.569935,24.832428,21.229082,18.881292,16.02464,13.189728,10.711893,5.8859887,4.8731813,0.0,4.2627864,6.4001303,9.309977,10.409534,15.258538,12.397089,16.915554,16.588959,22.567053,22.564892,26.84478,29.219358,33.52069,29.223227,27.037626,25.793839,20.534521,20.45754,16.02075,18.142662,11.087329,15.798999,11.918613,15.438697,13.583542,11.061042,14.645195,17.594046,16.347836,15.686752,19.90307,21.560904,19.596619,22.0038,24.985174,25.820517,24.506842,27.732506,31.056046,30.786057,28.840544,31.257795,34.32435,32.29461,30.85723,28.392504,24.374062,24.14857,29.044634,28.173832,22.126383,25.25427,27.909828,28.219475,23.180773,21.563263,26.333366,24.871214,22.182083,26.782513,22.892168,26.243458,21.005733,25.406923,21.521181,25.860462,23.476458,19.310543,21.76001,16.775282,17.02789,18.300222,13.779714,13.428965,12.982919,17.590242,16.79342,22.452044,24.72727,28.096802,31.780874,32.33218,30.858812,27.707783,29.350014,26.177877,21.92103,22.709087,20.04094,17.624468,15.898479,12.444483,11.009776,9.682304,8.112615,9.47847,9.2083645,10.585308,14.074231,15.432331,19.6781
10,30.57124,27.739624,24.490826,21.589306,19.086536,16.060795,13.705241,9.368555,6.4688163,4.2627864,0.0,4.020325,5.4690766,6.5956984,11.078797,8.934183,13.467689,13.973265,19.566359,20.371931,24.788532,27.103537,31.47232,27.862488,25.930046,24.80107,19.499102,19.22749,15.131839,17.041456,10.912538,15.529562,13.094523,15.786471,12.482869,9.006922,12.297679,16.111801,14.491027,12.945762,17.344006,19.700714,17.22891,18.949238,22.416786,23.642756,21.740562,24.595503,28.293503,28.126175,26.785536,28.78985,32.25467,30.55053,29.294046,27.213318,22.992714,23.47861,28.452671,27.127272,21.418781,25.364656,28.039968,28.064135,23.256334,22.222637,27.415443,26.44616,23.16871,27.77254,23.772861,26.624659,21.450071,25.863308,21.813745,26.42653,24.506174,20.121735,23.05588,17.663614,18.179354,19.198648,14.38224,12.927994,12.189652,16.058397,15.381383,20.46046,23.266665,26.276897,30.024384,30.246323,28.348204,24.94074,26.53465,22.714272,18.687271,19.389261,16.274399,14.453161,12.018654,9.294504,8.15417,7.4855347,7.3963757,7.7569404,10.072485,9.241653,13.701821,14.8983135,19.142685
11,33.811306,30.918406,27.543282,24.832228,22.01041,19.388666,16.437279,12.248274,9.716978,6.4001303,4.020325,0.0,4.1077647,5.400545,11.842278,10.926966,15.147669,16.579988,21.495163,23.178942,27.423613,29.897312,34.041668,30.731121,29.09086,27.733791,22.597486,21.736605,17.712582,18.733908,12.941919,15.701983,13.002095,14.567518,10.874923,8.378957,10.468475,14.786053,14.430053,12.863183,16.203533,19.741417,17.905745,18.802366,21.923033,24.368467,22.74818,24.553333,28.411058,27.656912,26.818499,29.604792,32.651142,30.720654,30.150005,28.599398,24.08806,25.022387,29.654573,27.469059,21.974056,26.301277,28.558838,28.011505,23.110596,22.687584,28.01218,27.423553,24.557455,29.492683,25.976473,29.141102,24.307652,29.008036,25.228943,29.977833,28.159285,23.890661,26.963276,21.632486,22.11977,23.023869,18.252432,16.891851,16.0644,19.767202,18.813433,23.64509,26.726768,29.57432,33.2724,33.421814,31.265152,27.561707,29.323494,24.822262,21.178444,21.651169,17.963596,16.753923,12.590647,11.596115,9.051732,7.327458,9.155873,10.323007,13.365431,13.032888,17.557978,18.867964,23.07059
12,35.969666,33.14514,29.933666,26.96392,24.521578,21.447815,19.086983,14.771045,11.794196,9.309977,5.4690766,4.1077647,0.0,3.7557797,8.408436,9.234468,13.010249,15.191798,19.56632,21.79242,26.156454,28.372343,32.654816,30.031681,28.5103,27.456661,22.355774,21.665781,18.137123,19.277567,14.501382,17.622204,16.14001,17.370148,12.795497,9.49997,10.980712,15.950753,14.983351,12.448192,15.9489975,19.966719,17.461012,17.577377,21.329527,23.872866,21.475384,23.007668,27.262394,26.79931,26.59977,28.59683,32.19764,30.733444,30.155464,28.843967,24.354414,25.783396,30.508944,28.223106,23.13544,27.929586,30.300592,29.692968,25.122791,24.982937,30.475185,30.09983,26.719675,31.445456,27.689835,30.272125,25.407972,29.849384,25.845137,30.600622,29.058792,24.61965,27.72806,22.177382,22.63061,23.146544,18.37869,16.446213,15.815049,18.468527,18.16002,22.20239,25.566902,28.009604,31.74423,31.48004,28.980736,25.279404,26.549675,21.626293,18.25444,18.3678,14.401231,13.658085,8.687206,8.940203,6.6917815,6.129724,9.090645,9.217517,13.867514,12.246215,17.006523,18.375267,22.258041
13,36.223816,33.090782,30.338652,26.845222,24.406647,21.97384,18.8596,15.615808,11.756837,10.409534,6.5956984,5.400545,3.7557797,0.0,7.456298,7.3875594,10.788811,13.315705,17.17923,19.915962,23.948132,26.438688,30.363247,27.839859,26.659973,25.30488,20.478907,19.17868,15.860247,16.311441,12.387541,14.642667,14.229955,14.962227,9.931499,6.3295207,7.6088805,12.553571,11.40363,8.755301,12.251989,16.28198,13.9301605,13.983833,17.601618,20.318714,18.191105,19.552801,23.689943,23.128891,22.872849,25.141083,28.5375,27.019695,26.60705,25.534672,20.950893,22.679361,27.2192,24.641916,19.77281,24.846947,27.108337,26.354946,21.989815,22.177107,27.766928,27.743042,24.201845,28.926208,25.424807,27.93987,23.470888,28.095879,24.449785,29.397333,28.236258,24.027098,27.80589,22.385796,23.483646,24.557096,19.711452,17.204239,15.57842,18.51402,16.965328,20.88279,24.464365,26.849743,30.40645,30.398205,27.882866,23.795898,26.137373,20.94051,17.889975,18.762535,14.606035,14.910754,10.405947,10.86359,10.015585,9.840031,12.24997,11.944225,16.043793,13.386225,18.264116,18.73667,22.858635
14,37.969067,35.02891,32.748528,28.855453,27.264034,24.220762,22.35043,19.247507,15.2344265,15.258538,11.078797,11.842278,8.408436,7.456298,0.0,5.692861,6.553281,10.099805,12.649563,15.904314,20.067633,21.871384,26.102407,24.79916,23.750498,23.1612,18.654808,18.11333,16.108095,17.260176,15.433475,19.008568,20.125412,21.19217,16.07731,11.864562,12.973769,17.316504,14.475005,10.85657,14.860521,17.989769,14.131781,13.449634,18.23814,19.71094,15.89912,17.724339,22.235085,22.852629,23.256216,23.20164,27.890957,27.468227,26.454765,25.42763,21.398872,23.54066,28.24482,26.320805,22.267277,27.460611,30.099821,29.72869,26.131733,26.26065,31.743422,31.762192,27.353994,31.313,27.286303,28.494793,24.043432,27.787708,23.835964,28.468985,27.853619,23.589418,27.261068,21.85164,23.002573,23.593964,19.166382,15.720148,14.357283,14.954204,14.614321,16.580383,20.462317,22.015995,25.54622,24.830954,21.832596,17.903423,19.438854,13.741487,11.18656,11.9389,7.529529,9.580524,6.5571804,8.310871,10.428985,12.386223,14.305186,12.225255,17.148348,12.3139515,16.71879,16.773756,19.996534
15,33.094746,29.931503,28.000648,23.759274,22.206718,19.721638,17.41637,15.389166,10.873645,12.397089,8.934183,10.926966,9.234468,7.3875594,5.692861,0.0,4.551421,6.021166,10.738513,12.642078,16.92376,19.233414,23.442968,20.922178,19.622381,18.644503,13.808867,13.17632,10.587351,12.229005,10.03527,14.663992,15.961171,17.85107,13.543103,8.929778,11.645422,14.888075,11.055021,8.282966,13.59445,14.87635,10.875966,12.38961,16.771542,16.825327,13.736346,17.269083,21.04108,21.854483,20.8474,21.113792,25.534094,24.73745,23.061058,21.288097,17.32223,18.738878,23.756056,22.615028,17.94676,22.621145,25.549242,25.705425,21.986612,21.497911,26.816528,26.546923,22.012566,25.872732,21.693327,23.070578,18.471237,22.438524,18.580574,23.399721,22.743307,18.6155,22.791042,17.550137,19.340588,20.803722,16.2647,12.613999,10.024982,12.227641,10.069452,13.502332,17.164743,19.479721,23.022167,23.117317,20.796028,16.783045,19.711155,15.279234,11.935996,14.043692,10.841666,11.560527,10.858225,9.375861,12.0013,13.489195,13.984606,11.988758,15.118439,9.919996,14.283369,13.34412,17.268824
16,35.604866,32.376884,31.01629,26.39496,25.254387,23.066416,20.871502,19.541851,14.973414,16.915554,13.467689,15.147669,13.010249,10.788811,6.553281,4.551421,0.0,4.572104,6.5631213,9.97816,13.817821,16.028513,19.977783,18.495485,17.784948,16.97101,12.956916,12.047803,11.075027,12.079927,12.596665,16.311512,19.018402,20.367737,15.981522,11.7574215,13.529859,16.118254,11.755283,8.774641,13.4534,14.055679,9.4472,10.282456,15.010046,14.35056,10.30601,14.075285,17.851816,19.326294,18.743916,17.716022,22.741701,22.609798,20.805943,19.430975,15.843423,17.908487,22.621565,21.519041,17.859577,22.722288,25.601482,25.747293,22.80079,22.701492,27.852015,27.98348,23.074139,26.389956,22.372887,22.860783,18.93398,22.39668,18.926413,23.560287,23.637514,19.912287,24.415865,19.577393,21.756695,23.26931,19.134148,15.017816,12.101403,12.836617,10.169627,11.539816,15.6253,17.200758,20.440327,20.381514,17.727335,13.274619,17.173765,12.286487,10.008505,12.926498,10.027791,12.479565,12.609846,12.196252,15.514118,17.391092,18.109999,15.7425,18.981365,13.091216,16.808855,15.09882,18.38465
17,31.699434,28.497505,27.537556,22.714455,22.017614,20.023323,18.290339,17.818527,13.503343,16.588959,13.973265,16.579988,15.191798,13.315705,10.099805,6.021166,4.572104,0.0,6.4442368,6.651559,11.039435,13.325909,17.641294,15.049728,13.796319,13.108069,8.6410265,8.681026,7.8638754,10.3003845,10.970865,16.087996,18.65743,20.914896,17.438965,13.206429,15.991554,17.790339,12.868663,10.981518,16.116617,14.979908,10.39206,13.081828,17.198277,14.710831,11.2122345,16.593496,19.501024,21.428001,19.700449,18.167215,23.196295,23.042017,20.2857,17.936161,14.943186,15.948388,21.024187,21.251095,17.246286,21.179766,24.46607,25.347015,22.464045,21.564047,26.309671,25.96868,20.843971,23.659592,19.205988,19.308872,15.069058,18.158726,14.489647,19.032385,19.158226,15.555741,20.210651,15.710043,18.317135,20.286531,16.511316,12.275905,8.69494,9.688018,5.7055573,7.8673115,11.670538,13.888325,17.243353,17.725657,15.781066,11.765631,16.114061,13.004761,10.043767,13.586414,12.030647,13.206336,15.194919,13.015451,16.903036,18.814125,18.404852,15.876879,17.687765,11.593303,14.432501,11.763112,15.051942
18,36.94141,33.665375,33.281677,28.198425,27.749054,26.190887,24.247257,24.176256,19.708689,22.567053,19.566359,21.495163,19.56632,17.17923,12.649563,10.738513,6.5631213,6.4442368,0.0,6.052722,8.224614,10.366524,13.7267,13.489491,13.713612,13.180295,11.060168,10.129776,11.799385,12.319544,15.884692,19.001034,23.00575,24.260595,20.5537,16.892813,18.396173,19.573618,14.705361,12.730126,16.370438,14.729987,10.185195,11.373473,15.273365,12.022778,7.2647986,12.586479,15.159097,18.000694,17.10401,13.549886,19.385815,20.280632,17.633745,16.303785,14.047765,16.23532,20.359182,20.26746,18.063757,22.262337,25.174726,25.77515,24.018763,23.928852,28.402267,28.787407,23.497274,25.654171,21.876604,20.911123,18.154226,20.506285,17.889744,21.897375,23.0479,20.24328,25.060942,21.212255,24.005455,25.86752,22.481176,18.132975,14.784505,14.270181,10.664684,8.875701,12.792879,13.320091,15.7491665,15.990233,13.4683,8.5985,14.952283,11.262905,10.772486,14.73191,13.472576,16.55301,18.303076,17.73314,21.685051,23.77995,24.074438,21.42193,23.888449,17.58687,20.15044,17.268068,19.634907
19,32.270447,29.200151,29.321592,24.201117,24.456785,23.006727,21.996769,22.675549,18.83911,22.564892,20.371931,23.178942,21.79242,19.915962,15.904314,12.642078,9.97816,6.651559,6.052722,0.0,4.8497586,6.7421937,11.323915,9.188112,8.300059,8.593616,6.4727273,7.8728685,10.205243,12.467576,15.597138,20.24997,23.65276,25.961458,23.08725,19.257238,21.819183,22.683598,17.474209,16.243673,20.647594,17.842901,13.538273,16.394753,19.82528,15.117442,11.638203,17.950294,19.654585,22.697481,20.564466,16.772655,22.278381,23.045141,19.262514,16.546423,15.284647,15.808405,20.29572,22.017277,19.287416,22.144562,25.53618,27.056692,25.24874,24.130209,28.02077,27.696207,22.290482,23.676996,19.317406,17.612867,14.523736,15.79981,12.938132,16.391418,17.737993,15.3131895,19.934507,16.847702,19.937054,22.111876,19.485424,15.3205185,11.933092,10.915573,6.9213557,3.56797,6.9726963,8.27955,11.028605,12.087219,10.814143,7.202993,13.512359,12.679172,11.172962,15.376428,15.54392,17.084,20.649134,18.408192,22.870779,25.063412,24.22052,21.407505,22.416176,16.245487,17.479494,13.720511,15.470383
20,34.265972,31.131876,31.975231,26.668852,27.22245,26.477873,25.262484,26.73053,22.901583,26.84478,24.788532,27.423613,26.156454,23.948132,20.067633,16.92376,13.817821,11.039435,8.224614,4.8497586,0.0,3.5673916,6.694337,5.5637007,6.5886655,6.9370947,8.251542,8.85834,12.713467,13.886275,18.665878,22.232187,26.413229,28.387129,25.927916,22.575727,24.778673,24.823467,19.659813,18.959522,22.580412,18.714897,15.046356,17.844305,20.416403,14.4882765,11.730537,18.030077,18.577375,22.18613,19.770176,14.700284,20.103281,21.478607,17.212059,14.611787,14.717623,15.174196,18.719437,21.167807,19.690739,21.8764,25.06251,26.81199,25.941177,24.981604,28.231882,28.216928,22.823284,23.272474,19.52577,16.734781,15.229502,15.505406,14.074248,16.676758,18.97898,17.668188,22.372227,20.236547,23.602692,26.02139,23.788437,19.789227,16.309198,15.302493,11.123837,7.1901326,8.612592,8.551115,9.520351,11.452678,10.932399,7.973053,15.469139,15.422574,15.077346,19.292448,19.688513,21.678802,25.141764,23.212666,27.627539,29.75842,28.991615,26.234663,27.056623,21.00762,21.972223,17.950462,19.238306
21,35.391308,32.54077,33.5151,28.375643,29.27672,28.236307,27.658646,28.907558,25.319683,29.219358,27.103537,29.897312,28.372343,26.438688,21.871384,19.233414,16.028513,13.325909,10.366524,6.7421937,3.5673916,0.0,5.3272715,6.3912926,7.231868,8.969891,10.677953,12.158172,15.80497,17.36965,21.729456,25.693945,29.66204,31.782074,29.171072,25.619032,27.850676,28.192019,23.02053,22.057205,25.748114,22.169304,18.383633,20.786318,23.542662,17.742716,14.6825285,20.586983,21.151684,24.98738,22.925821,17.223629,22.762459,24.51082,20.232801,17.77387,18.208672,18.573153,21.893332,24.555677,23.250027,25.268272,28.455378,30.291245,29.495333,28.452831,31.575163,31.425032,26.057533,26.209433,22.392817,19.21372,17.770025,17.218367,15.752847,17.53899,19.992432,18.895342,22.968529,21.217442,24.339504,26.426039,24.693134,20.786858,17.860598,15.767695,12.897871,7.629216,7.9797664,6.337833,6.431932,8.211952,8.133939,6.5565567,13.53528,14.838702,15.070436,19.082611,20.270355,22.214363,26.40925,24.46966,29.174528,31.554811,30.641777,27.670595,28.453438,22.344387,22.750166,18.768982,19.20955
22,38.392277,35.43732,36.974262,31.699553,32.689922,32.310562,31.32165,33.192802,29.494415,33.52069,31.47232,34.041668,32.654816,30.363247,26.102407,23.442968,19.977783,17.641294,13.7267,11.323915,6.694337,5.3272715,0.0,6.673179,9.477508,10.5481,14.108726,14.613878,18.911825,19.471819,24.989208,27.83998,32.46979,34.174137,31.935608,28.870039,30.724413,30.320383,25.341242,24.84332,27.742151,23.393995,20.356188,22.582155,24.419386,17.95306,15.876943,21.20256,20.57312,24.733036,22.53298,15.970045,20.91107,23.24433,18.812376,16.845715,18.527489,18.92947,21.011875,24.104416,24.101643,25.513605,28.3184,30.23318,30.371758,29.600822,32.089806,32.329464,27.146778,26.507355,23.526833,19.650568,19.771082,18.647917,18.549435,19.721573,22.812841,22.565886,26.78005,25.625284,28.973923,31.31572,29.67075,25.832333,22.636425,20.9945,17.517534,12.814995,12.744104,10.911919,9.214301,11.422203,11.949361,10.931869,17.87338,19.104223,19.986431,23.97307,24.961676,27.309189,31.079212,29.46096,34.024723,36.28124,35.538933,32.674267,33.42552,27.381304,27.88417,23.771551,24.243519
23,32.022507,28.94207,30.659725,25.338572,26.43497,26.53587,25.541445,28.115965,24.792852,29.223227,27.862488,30.731121,30.031681,27.839859,24.79916,20.922178,18.495485,15.049728,13.489491,9.188112,5.5637007,6.3912926,6.673179,0.0,3.6126971,4.139052,8.778609,9.8946705,14.096258,15.320685,20.313498,23.743284,27.830303,30.151968,28.626688,25.65812,28.1972,27.510384,22.438288,22.53762,26.06618,21.152153,18.262617,21.87125,23.67106,16.906713,15.648052,22.043854,21.658031,25.21295,21.812853,17.053967,21.376007,22.580135,17.615332,14.172375,15.701571,14.726663,17.589214,21.646963,20.486649,21.101171,24.317614,26.799417,26.433363,24.890566,27.14619,26.82722,21.680552,20.899786,17.466253,13.53595,13.369817,11.992722,12.108279,13.37582,16.50176,16.601358,21.133738,20.35803,24.020864,26.9108,25.32231,21.839758,18.331806,17.863604,13.385136,10.433398,9.684957,10.016838,9.58702,12.925496,14.038184,12.617789,19.317904,20.499907,19.81513,23.944138,24.641502,25.973555,29.771538,27.150816,31.487247,33.424877,32.120155,29.539194,29.317389,23.837116,24.080524,19.672028,20.60561
24,28.94368,26.001001,27.569939,22.360744,23.64975,23.464476,23.016993,25.486362,22.514584,27.037626,25.930046,29.09086,28.5103,26.659973,23.750498,19.622381,17.784948,13.796319,13.713612,8.300059,6.5886655,7.231868,9.477508,3.6126971,0.0,3.4273708,6.6976113,9.320251,12.775918,15.059568,18.870026,23.29679,26.679546,29.510113,28.010242,24.776989,27.7527,27.459152,22.318521,22.29717,26.408325,21.88012,18.67864,22.600657,24.851856,18.524506,16.95064,23.60813,23.810213,27.105513,23.6481,19.570059,23.996101,24.78779,19.905783,16.07591,16.914665,15.504804,19.09793,23.14266,21.027441,21.6303,25.118055,27.725824,26.734224,24.757393,27.189486,26.38613,21.243147,20.758291,16.670074,13.138822,11.721965,10.148407,9.267132,10.53065,13.370991,13.2595215,17.605135,16.919737,20.540058,23.439747,22.084713,18.812346,15.542564,15.041636,10.929204,8.502731,6.9397287,8.370483,8.84987,12.18677,13.540826,12.469076,18.225546,19.837585,18.460306,22.431446,23.358946,24.02021,28.246058,25.069338,29.448114,31.397375,29.706493,27.124449,26.437134,21.20055,20.99985,16.524506,17.291843
25,28.720106,25.434578,26.979916,21.564993,22.4671,22.805939,21.53709,24.42588,21.220049,25.793839,24.80107,27.733791,27.456661,25.30488,23.1612,18.644503,16.97101,13.108069,13.180295,8.593616,6.9370947,8.969891,10.5481,4.139052,3.4273708,0.0,5.4348125,6.7196164,10.556128,12.213391,16.686487,20.434689,24.14179,26.770359,25.595564,22.722942,25.602085,24.820898,19.796053,20.221375,24.061026,19.081549,16.31099,20.597689,22.407265,15.94002,15.109807,21.783094,21.730373,24.764606,20.893518,17.52715,21.480602,21.912788,17.0058,12.929632,13.787733,12.107527,15.75916,19.885437,17.774292,18.217495,21.691614,24.323616,23.438007,21.50452,23.884197,23.262447,18.075407,17.665295,13.747406,10.339783,9.306225,8.681396,8.432308,10.699182,13.42856,13.288901,18.322119,17.328512,21.176899,24.399221,22.55687,19.254969,15.453805,16.098433,10.795863,9.8296995,9.409869,11.289542,12.044941,15.216043,16.05253,14.074677,20.465277,21.064255,19.508278,23.59313,23.856289,24.67311,28.131802,25.08788,29.12048,30.793066,29.295424,26.966593,26.335348,21.24262,21.626534,17.207212,18.790554
26,26.735844,23.400944,23.956692,18.589964,18.979872,18.529325,17.227322,19.38048,16.03507,20.534521,19.499102,22.597486,22.355774,20.478907,18.654808,13.808867,12.956916,8.6410265,11.060168,6.4727273,8.251542,10.677953,14.108726,8.778609,6.6976113,5.4348125,0.0,4.3829746,6.3168454,9.625283,12.266629,17.371304,20.276505,23.2983,21.699009,18.372467,21.666483,21.657665,16.56888,16.581598,21.179062,17.259583,13.866577,18.295774,20.88676,15.689056,14.123574,20.790163,21.86458,24.356627,20.855068,18.662884,22.948446,22.81034,18.56233,14.663325,13.671121,12.388201,17.258272,20.151367,16.57068,18.086231,21.781227,24.001219,21.97129,19.922533,23.25701,22.344793,17.054752,18.139038,13.385752,11.942332,8.15402,9.820428,6.857579,11.068862,12.248856,10.279506,15.693819,13.29481,17.048117,20.191538,17.731369,14.25941,10.195402,11.678739,5.6418676,7.2840466,8.19807,11.345382,13.701523,15.9741335,15.98622,13.36422,18.851816,18.59723,16.073822,19.939257,19.793312,20.078175,23.316448,19.944323,23.830208,25.441216,23.866472,21.592861,21.043224,15.937626,16.722805,12.490092,14.934988
27,29.129292,25.469522,25.939823,20.474472,20.220312,20.349825,17.7515,20.119816,16.200323,20.45754,19.22749,21.736605,21.665781,19.17868,18.11333,13.17632,12.047803,8.681026,10.129776,7.8728685,8.85834,12.158172,14.613878,9.8946705,9.320251,6.7196164,4.3829746,0.0,4.573305,5.7789617,10.6357155,14.110059,18.049957,20.383448,18.90101,16.099073,18.927595,18.204498,13.145919,13.692553,17.692612,13.121721,10.178183,14.956551,16.94933,11.610709,10.9084,17.426628,18.188549,20.404144,16.610317,15.2059765,19.038328,18.59105,14.565239,10.850524,9.322274,8.491975,13.528506,15.844058,12.431737,14.480195,18.035503,19.962555,18.164547,16.613104,20.196928,19.905676,14.481303,16.010534,11.881772,11.0294895,8.2570505,11.311063,9.650398,14.09968,15.360434,13.592831,19.29108,16.613708,20.335806,23.549316,20.518719,16.964603,12.5393715,14.835391,8.310868,10.176158,12.032437,14.59069,16.63383,18.865637,18.3787,14.896564,21.2982,19.81712,17.661146,21.618782,20.61529,21.594553,23.58756,20.94279,24.338377,25.639538,24.686316,22.70852,22.768984,17.724552,19.48917,15.660703,18.70958
28,27.086433,23.37269,23.079296,17.813519,16.921276,16.793764,13.679906,15.765311,11.746859,16.02075,15.131839,17.712582,18.137123,15.860247,16.108095,10.587351,11.075027,7.8638754,11.799385,10.205243,12.713467,15.80497,18.911825,14.096258,12.775918,10.556128,6.3168454,4.573305,0.0,4.713706,6.222553,11.221884,14.092654,16.99354,15.568455,12.60319,16.05037,15.78025,10.957253,11.585034,16.208443,12.691326,9.849896,14.80532,17.110466,13.454843,12.79038,18.642908,20.15754,21.583033,17.961819,18.149897,21.599194,20.44234,17.16416,13.691194,10.938381,10.004729,15.413378,16.804617,11.914043,14.411111,18.003897,19.655163,16.718143,14.826404,19.050108,18.353603,13.175248,15.974243,11.469232,12.498965,8.164738,12.57908,9.896001,14.95174,15.032958,12.344174,17.941534,14.475214,17.933142,21.160719,17.630945,14.385268,9.904614,13.705845,7.391828,11.747996,13.868829,17.035637,19.710869,21.57489,20.836222,17.289032,22.632818,20.604351,17.624735,21.113268,19.588202,19.844345,21.19622,18.156916,20.984282,21.930244,20.843496,19.236193,19.068314,14.639691,16.888779,13.6366825,17.476429
29,30.488,26.56533,26.453228,21.216433,19.953573,20.521847,16.442907,18.754835,14.485801,18.142662,17.041456,18.733908,19.277567,16.311441,17.260176,12.229005,12.079927,10.3003845,12.319544,12.467576,13.886275,17.36965,19.471819,15.320685,15.059568,12.213391,9.625283,5.7789617,4.713706,0.0,7.338222,8.480534,13.212501,14.87645,13.73845,11.810534,14.315766,12.761359,8.045288,9.76492,13.162692,8.413883,6.7358108,12.067936,13.277765,9.646819,10.482816,15.66405,16.619389,17.622875,13.581847,14.980509,17.594679,16.009903,13.198402,10.285249,6.6796956,6.633785,11.805232,12.207974,7.4370813,10.903929,14.194792,15.408381,12.880535,11.828352,16.29764,16.539518,11.385227,14.512823,11.253174,12.61779,10.148076,14.752338,13.415635,18.203897,18.754965,16.665688,22.355345,19.107313,22.541634,25.765984,22.050884,18.792486,14.358072,17.973177,11.650388,14.931274,17.367311,20.013485,22.262024,24.226458,23.24815,19.206282,25.411314,22.61221,20.266352,23.849236,21.746323,22.817917,23.065784,20.982155,23.321468,23.97039,23.61177,22.289839,22.753027,18.452797,21.24697,18.217468,22.085382
30,26.913221,23.17657,21.780245,17.207384,15.054271,14.8770485,10.306646,11.713438,7.484204,11.087329,10.912538,12.941919,14.501382,12.387541,15.433475,10.03527,12.596665,10.970865,15.884692,15.597138,18.665878,21.729456,24.989208,20.313498,18.870026,16.686487,12.266629,10.6357155,6.222553,7.338222,0.0,7.547449,8.289366,11.802288,10.73536,8.222286,12.259808,12.322129,8.847488,9.951788,14.425384,12.684626,10.993516,15.340286,17.40823,16.166817,16.038118,20.428577,22.522371,22.782413,19.504112,21.765673,24.396393,22.371624,20.263445,17.433983,13.701234,13.065594,18.047735,17.936657,11.914844,14.89779,17.999762,18.933607,14.656392,12.768661,17.720667,16.850407,12.709003,17.077335,13.203593,16.246494,11.811013,16.913658,14.162885,19.133957,18.131311,14.949621,19.816689,15.7187805,18.387705,21.381687,17.220566,14.818676,11.10461,16.20585,11.372331,16.794197,19.132574,22.48283,25.499311,27.02516,25.950981,22.237467,26.672472,23.76278,20.28046,22.991638,20.580544,20.198824,19.87212,16.914303,18.267248,18.327856,17.476135,16.831736,16.651806,13.82511,16.971159,15.115024,19.624352
31,32.08918,28.107332,27.056704,22.698725,20.158886,21.21572,15.665332,17.547039,13.800314,15.798999,15.529562,15.701983,17.622204,14.642667,19.008568,14.663992,16.311512,16.087996,19.001034,20.24997,22.232187,25.693945,27.83998,23.743284,23.29679,20.434689,17.371304,14.110059,11.221884,8.480534,7.547449,0.0,6.3081594,6.5231223,7.3504558,8.369842,10.122606,7.013476,5.9854007,9.440525,10.889176,8.644362,10.135826,13.797873,13.713646,14.145644,16.052034,18.588823,19.907104,18.927204,15.399521,20.15406,20.971666,17.973265,17.33276,15.762445,11.599729,11.825372,15.2106495,13.002994,7.0925975,10.968967,12.871009,12.556103,7.803553,7.6004987,13.237866,13.890642,10.819865,15.88011,14.218543,17.90182,15.602823,20.854427,19.591227,24.349854,23.926014,21.57569,26.678118,23.060131,25.807655,28.855253,24.644564,22.27117,18.515427,23.26887,17.905539,22.383196,24.999615,27.932093,30.495844,32.232445,30.953476,26.706371,32.165573,28.399834,25.657806,28.480736,25.383583,25.99353,24.13404,22.581293,23.071274,22.540365,22.814735,22.71744,23.283531,20.806898,24.36864,22.587137,27.05856
32,29.587427,25.865269,23.875088,20.457907,17.21887,18.10816,12.3061,13.550361,11.051812,11.918613,13.094523,13.002095,16.14001,14.229955,20.125412,15.961171,19.018402,18.65743,23.00575,23.65276,26.413229,29.66204,32.46979,27.830303,26.679546,24.14179,20.276505,18.049957,14.092654,13.212501,8.289366,6.3081594,0.0,5.016253,7.533286,8.914525,11.440634,10.226157,10.640459,12.916552,14.943956,14.650634,15.383457,18.621452,19.22115,20.224022,21.422415,23.98958,25.872381,24.719175,21.61148,26.242182,27.276548,24.220097,23.548765,21.584534,17.634138,17.131525,20.707659,19.050201,13.131404,15.572153,17.336527,17.199614,11.927578,10.613428,15.447158,14.885012,13.212742,18.529905,16.559319,21.03647,17.77926,23.039816,21.174389,25.75572,24.366411,21.66043,25.867256,22.119947,24.134153,26.92536,22.726366,21.357569,18.48684,23.848663,19.60313,25.045055,27.404633,30.761137,33.709568,35.28139,34.0823,30.146965,34.520153,30.928484,27.506668,29.708893,26.582806,26.082178,23.859392,21.71945,21.14878,19.891598,19.755827,20.520512,20.311554,19.620253,23.0525,22.223658,26.82094
33,34.45081,30.67223,28.811989,25.379745,22.171698,23.09501,17.321522,18.13187,15.3238535,15.438697,15.786471,14.567518,17.370148,14.962227,21.19217,17.85107,20.367737,20.914896,24.260595,25.961458,28.387129,31.782074,34.174137,30.151968,29.510113,26.770359,23.2983,20.383448,16.99354,14.87645,11.802288,6.5231223,5.016253,0.0,5.573961,9.334884,9.791427,7.2290816,10.018305,12.618941,12.668887,13.337245,15.292631,17.481289,17.129028,19.63613,21.395052,22.584433,24.325247,22.382778,19.814974,25.553757,25.813784,22.443214,22.873697,21.899897,17.727118,18.137415,20.85787,17.703411,12.677776,15.848803,16.674969,15.343134,10.20525,10.790057,15.653463,16.27686,15.151735,20.449978,19.413364,23.72231,21.240368,26.545261,25.040836,29.732042,28.728079,26.109875,30.600601,26.73064,28.819185,31.484766,27.096243,25.390753,22.369745,27.39203,22.916325,27.833155,30.58027,33.62992,36.45571,37.941193,36.429585,32.12748,36.901836,32.618195,29.66603,31.853838,28.263287,28.48205,25.279985,24.22031,23.290972,21.874704,22.68992,23.528189,24.277863,23.220163,27.096325,26.277676,30.90796
34,36.055195,32.3777,30.264158,26.554298,23.576668,23.324287,18.164083,17.573809,13.886516,13.583542,12.482869,10.874923,12.795497,9.931499,16.07731,13.543103,15.981522,17.438965,20.5537,23.08725,25.927916,29.171072,31.935608,28.626688,28.010242,25.595564,21.699009,18.90101,15.568455,13.73845,10.73536,7.3504558,7.533286,5.573961,0.0,4.6519575,4.2949414,4.4761934,6.9332314,8.124201,8.6217165,11.458835,12.254524,13.44476,14.229253,17.617952,18.220392,18.994629,21.66626,19.90948,18.395176,23.35434,24.63972,21.8711,22.3325,21.65834,16.984516,18.410223,21.808985,18.260698,13.349042,18.058174,19.395172,17.964521,13.267998,14.248169,19.700644,20.394106,17.991018,23.171972,21.21947,24.791811,21.675638,26.940784,24.719221,29.71779,28.838041,25.613466,30.188177,25.651735,27.60181,29.835726,25.14729,22.929682,20.0368,24.442932,20.479134,24.972137,28.208435,30.955025,33.984715,34.988316,33.022945,28.563482,32.930458,28.091515,25.341122,27.28286,23.391766,24.04267,20.305466,20.007702,19.158125,18.060894,19.591522,20.060629,22.049917,20.17392,24.558245,23.960598,28.54382
35,34.215134,30.661108,28.49716,24.567247,21.925488,20.881395,16.407907,15.17924,10.866279,11.061042,9.006922,8.378957,9.49997,6.3295207,11.864562,8.929778,11.7574215,13.206429,16.892813,19.257238,22.575727,25.619032,28.870039,25.65812,24.776989,22.722942,18.372467,16.099073,12.60319,11.810534,8.222286,8.369842,8.914525,9.334884,4.6519575,0.0,4.390055,7.2223125,6.094414,5.511165,8.875262,11.432488,10.3227415,11.875913,14.201283,16.554316,15.960936,17.736103,20.948233,20.052568,18.62762,22.127108,24.563372,22.413233,22.05726,20.894503,16.208666,17.64069,21.860159,19.162214,13.943622,18.87639,20.956766,20.19465,15.689137,15.933351,21.54688,21.78087,18.43771,23.35481,20.452541,23.46338,19.647713,24.712162,21.877937,26.951212,26.047613,22.442673,26.950066,22.095165,23.993805,26.03886,21.287144,18.737228,15.896424,19.991776,16.42148,20.874416,24.219288,26.928715,30.144787,30.911776,28.864622,24.522963,28.47217,23.755219,20.800514,22.725758,18.968826,19.514301,16.327059,15.677231,15.502429,14.996427,16.289251,16.187605,18.517857,15.885587,20.38126,19.76933,24.279778
