,0,1,2,3,4,5,6,7,8,9,10,11,12,13,14,15,16,17,18,19,20,21,22,23,24,25,26,27,28,29,30,31,32,33,34,35,36,37,38,39,40,41,42,43,44,45,46,47,48,49,50,51,52,53,54,55,56,57,58,59,60,61,62,63,64,65,66,67,68,69,70,71,72,73,74,75,76,77,78,79,80,81,82,83,84,85,86,87,88,89,90,91,92,93,94,95,96,97,98,99,100,101,102,103,104,105,106,107,108,109,110,111,112,113
0,0.0,4.3128633,6.0283775,10.01205,12.554093,15.41992,17.99104,21.171015,23.943462,26.211096,28.947062,31.906631,32.027405,34.17949,29.349274,35.059032,34.84022,38.800175,39.84696,43.001415,46.966545,47.76319,51.7896,51.463253,50.519394,50.13036,45.66215,44.940044,42.182705,43.553177,38.385277,40.859425,40.124947,38.05003,33.108685,31.343607,28.787113,33.139183,33.308403,29.99015,29.376886,35.443256,33.26398,29.096436,32.121773,37.017952,33.567226,30.316761,34.844353,34.27421,38.175396,38.60543,42.66698,43.060837,44.712673,46.345387,42.74406,46.597813,50.00336,46.163372,45.185352,50.961693,53.281403,54.71013,49.818104,48.546158,53.02347,51.122955,48.24768,52.501194,49.495876,50.46851,44.575657,46.515507,42.599743,43.899998,40.2899,36.625538,33.60159,31.597906,28.224037,24.313845,26.84201,28.658426,32.54929,31.890812,37.632977,39.790546,43.206314,46.532345,48.578266,51.763992,52.951622,55.405758,54.432236,50.70925,54.108013,47.448643,44.570755,41.93122,41.594604,37.08687,38.65476,31.51639,34.791115,30.487442,28.156973,31.853708,34.0301,38.635353,38.573048,43.081963,44.908634,48.826557
1,4.3128633,0.0,5.195328,6.707575,9.838012,12.424459,15.043837,18.335861,20.712185,23.416275,25.766594,28.94539,28.641205,30.574816,25.638012,31.24569,30.901361,34.99145,35.81862,39.192284,43.048508,43.912796,47.821934,47.57084,46.76042,46.295643,41.926426,41.024544,38.359993,39.562466,34.676067,36.958305,36.54831,34.362736,29.301022,27.569393,24.913929,29.122341,29.209671,25.918776,25.178595,31.18425,29.068247,24.82368,27.8117,32.747658,29.402622,26.070581,30.61537,30.01414,33.86479,34.407837,38.40143,38.75565,40.421326,42.10311,38.507812,42.42287,45.74426,41.884556,41.016457,46.79778,49.195995,50.598557,45.764618,44.594334,49.191742,47.44501,44.495914,48.84068,46.061054,47.19278,41.275795,43.55392,39.576637,41.251904,37.72563,33.824604,31.322216,28.925196,25.866564,22.058496,23.995003,25.59351,29.364408,28.543615,34.33305,36.255684,39.837467,43.03779,45.249176,48.416973,49.798462,52.145447,51.38542,47.68273,50.985233,44.317085,41.334736,38.54802,38.4757,33.860943,35.65908,28.76441,31.974901,28.00279,25.908283,29.79414,31.660748,36.429504,35.846226,40.507305,42.025124,46.059753
2,6.0283775,5.195328,0.0,5.4257784,7.6627674,9.842542,12.953142,15.421876,18.632019,20.467838,23.376698,26.226364,26.636831,29.064137,24.90436,30.685427,31.041086,34.997414,36.712875,39.79705,43.857506,45.027637,49.103745,48.138676,47.09967,46.443665,41.759254,40.95292,37.83633,39.222248,33.45235,35.996674,34.773262,32.886227,28.138561,26.400457,23.981892,28.651482,29.043291,25.805643,25.521334,31.837908,29.72606,26.015,29.185928,34.201576,30.969921,28.296797,33.02069,32.21027,35.47169,36.619766,40.524258,40.44249,41.919395,43.259796,39.27779,42.949604,46.566906,42.599117,41.081528,46.87965,48.886883,50.295124,45.247467,43.768288,48.036514,45.926857,43.31856,47.573875,44.28367,45.361877,39.569378,41.42978,37.768894,38.992504,35.44268,31.994867,28.982985,27.375439,23.939915,20.279617,22.780512,25.134684,28.81062,28.961,34.14997,36.822216,40.219543,43.50459,45.77397,48.600765,50.14651,52.812325,52.156097,48.468517,52.334774,45.630417,42.658134,39.874474,39.3936,34.714287,35.82476,28.853695,31.461348,27.241491,24.783361,28.137379,30.346815,34.3891,34.465363,38.86946,40.524273,44.602238
3,10.01205,6.707575,5.4257784,0.0,3.971554,5.8913174,8.71385,11.65166,14.11264,16.722242,19.094477,22.245,22.067762,24.197592,19.768257,25.484932,25.726933,29.796324,31.384457,34.629242,38.605015,39.865486,43.853756,42.88996,41.95999,41.231518,36.631012,35.674534,32.648037,33.92924,28.457586,30.980577,30.157967,28.276825,23.278708,21.373009,18.976515,23.642265,23.736412,20.442083,20.308708,26.493143,24.301317,20.659971,23.990547,28.857912,25.676392,23.231792,28.02605,27.294035,30.267624,31.478792,35.40617,35.263096,36.58802,37.85389,33.858364,37.52959,41.156376,37.275677,35.747948,41.52717,43.618168,45.08833,40.123672,38.679665,43.058983,41.114277,38.322094,42.64559,39.631824,40.837444,34.98516,37.252087,33.469387,35.17303,31.726969,27.948315,25.647604,23.4849,20.508455,17.042582,18.681128,20.774313,24.274837,24.313364,29.483372,31.940136,35.497158,38.642986,41.092964,43.8746,45.640495,48.20136,47.79394,44.14353,47.943108,41.25415,38.179745,35.245323,35.017487,30.2329,31.541239,24.926033,27.381124,23.618052,21.498053,25.061852,26.833675,31.091272,30.47709,35.068832,36.34759,40.552937
4,12.554093,9.838012,7.6627674,3.971554,0.0,5.432583,5.4471574,9.506132,11.614849,14.144701,16.857555,19.681673,19.892492,22.138231,17.568552,23.412462,23.937998,27.667278,29.941004,32.6552,36.857746,38.167294,42.402046,40.9784,39.775963,39.105408,34.30351,33.70191,30.509148,32.235687,26.396091,29.732334,28.557978,27.319532,22.341415,19.81717,18.165064,23.259842,22.819862,19.362597,20.300852,26.120691,23.447445,20.455366,24.331724,28.505732,25.036789,23.606892,28.540543,28.161022,30.49505,31.441837,35.710537,35.50821,36.296135,37.07683,33.012054,36.332027,40.35355,36.84949,34.751152,40.362656,42.271225,44.025215,39.096928,37.283764,41.3448,39.186806,36.25938,40.316154,37.08708,37.964252,32.107655,34.02279,30.219482,31.644358,28.124758,24.467695,21.847277,19.907507,16.72054,13.235993,15.257643,17.733744,21.27308,21.853811,26.681658,29.652084,32.96209,36.23735,38.577934,41.21134,42.91947,45.694084,45.23119,41.59109,45.764317,39.085365,36.08789,33.26371,32.62606,27.891497,28.693377,21.986706,24.16364,20.20199,17.902548,21.269567,23.19253,27.283,26.973219,31.460253,32.94598,37.07944
5,15.41992,12.424459,9.842542,5.8913174,5.432583,0.0,6.117529,6.1697984,9.510807,11.39701,13.792533,16.929201,17.012207,19.536562,16.490694,22.061567,23.149057,27.18855,29.508467,32.722775,36.65629,38.38972,42.27824,40.607056,39.651848,38.53977,33.77757,32.58939,29.130491,30.260685,24.047844,26.392027,24.9372,23.17618,18.522816,16.874743,14.570429,19.552994,20.164146,17.20399,17.36318,23.746502,21.908707,19.071411,22.233593,27.216476,24.620565,22.907728,27.599792,26.475122,28.559933,30.809385,34.262577,33.48669,34.68357,35.650143,31.224957,34.655376,38.397552,34.296608,32.173985,37.956272,39.637604,40.983143,35.826042,34.20115,38.357277,36.192307,33.838673,38.234833,34.90862,36.38981,30.72345,33.020107,29.65928,31.381279,28.123762,24.678726,22.707357,21.10574,18.371206,15.7043295,16.807858,19.459372,22.347517,23.449984,27.636297,30.573189,34.071785,37.028522,39.764423,42.051453,44.285744,47.00556,47.034103,43.503136,47.69468,41.10725,37.979267,34.92113,34.642326,29.807804,30.59367,24.61468,26.038502,22.731577,20.685394,23.578423,25.195938,28.538021,27.959871,32.333187,33.22786,37.629524
6,17.99104,15.043837,12.953142,8.71385,5.4471574,6.117529,0.0,5.90084,6.4909606,9.455788,11.93088,14.628304,14.80242,17.036116,12.693637,18.516695,19.551132,23.05149,26.046967,28.451927,32.72002,34.30688,38.58722,36.580986,35.255497,34.423923,29.473747,28.93874,25.514235,27.44947,21.265507,25.16717,23.785624,23.138874,18.239569,15.163291,14.354798,19.719229,18.805742,15.382648,17.440449,22.744041,19.834257,17.8227,21.99796,25.506655,22.17263,21.935268,26.805208,26.567335,27.921926,29.100227,33.351017,32.845085,33.12439,33.40762,29.161882,32.109486,36.428307,33.188385,30.479567,35.921974,37.596756,39.534393,34.645164,32.53391,36.339413,34.0628,31.077454,35.009014,31.691673,32.520134,26.676,28.63462,24.883718,26.464441,23.037283,19.348917,17.198534,15.244645,12.429378,9.672174,10.828193,13.700715,16.783098,18.228487,22.270456,25.66699,28.866585,32.043896,34.541485,36.83296,38.836136,41.738987,41.57843,38.034863,42.53946,35.963028,32.952934,30.07869,29.320377,24.5825,24.921013,18.805998,20.124327,16.64786,14.583632,17.544601,19.134941,22.815973,22.22727,26.681232,27.88381,32.145325
7,21.171015,18.335861,15.421876,11.65166,9.506132,6.1697984,5.90084,0.0,4.787124,5.2375984,8.101065,10.878565,11.6470375,14.654571,13.050982,18.258884,20.311518,23.864384,27.28239,29.938787,33.930714,36.02975,39.971115,37.42024,36.241142,34.893238,29.916977,28.864454,24.973717,26.370977,19.300194,22.321096,20.015066,19.15022,14.95427,12.848796,11.774516,17.146347,17.509916,14.880274,16.42004,22.099869,20.157194,18.742126,22.074001,26.216303,23.908499,23.658138,28.172152,27.176607,28.004002,30.61835,33.95882,32.738773,33.310272,33.59757,28.909372,31.750496,35.87261,32.066147,28.999475,34.51824,35.71158,37.236683,32.046196,29.93344,33.57901,31.064774,28.91302,33.093575,29.360914,30.778114,25.282568,27.33873,24.341702,25.905474,22.81911,19.809248,18.112383,17.230637,14.882782,13.408937,13.911131,17.08245,19.189575,21.559334,24.439108,28.050589,31.221075,34.04749,36.880783,38.628498,41.164635,44.116848,44.450596,41.077084,45.757454,39.37028,36.3213,33.32142,32.732635,28.051956,28.043833,22.847963,23.102991,20.317507,18.4352,20.400047,21.81669,24.109072,23.6966,27.716219,28.367174,32.836414
8,23.943462,20.712185,18.632019,14.11264,11.614849,9.510807,6.4909606,4.787124,0.0,4.660544,5.6084557,8.657531,8.323204,10.773279,8.356551,13.616303,15.71523,19.11058,22.7862,25.217455,29.246708,31.376783,35.373413,32.688175,31.461718,30.153595,25.161713,24.22386,20.388975,22.065474,15.222731,19.097816,17.343771,17.098082,12.52594,9.254992,9.39895,14.813202,13.983987,11.162288,14.04637,18.774158,16.294758,15.665709,19.426542,22.573608,20.129082,20.89997,25.310585,24.783577,24.938684,27.129286,30.732466,29.586275,29.599817,29.500385,24.893215,27.488157,31.87556,28.560217,25.209902,30.55944,31.853193,33.716705,28.735903,26.434584,30.071571,27.692411,24.993536,29.076233,25.652927,26.923676,21.21809,23.646671,20.30502,22.412735,19.413853,15.909964,15.216407,13.557684,12.10565,11.388067,10.402072,13.16752,14.79973,17.343245,19.851402,23.42359,26.584126,29.325113,32.225487,33.920918,36.55868,39.460236,39.93395,36.619232,41.297707,35.007275,31.961885,28.949621,28.42048,23.800838,23.763226,19.186852,19.065763,16.96657,15.650495,17.602661,18.397593,20.934263,19.698692,23.903967,24.23962,28.774607
9,26.211096,23.416275,20.467838,16.722242,14.144701,11.39701,9.455788,5.2375984,4.660544,0.0,4.1330943,5.813489,7.7508793,11.18123,11.544228,15.793471,18.731037,21.597946,25.953556,27.991096,31.93693,34.329712,38.247334,34.92559,33.55433,32.004253,26.916906,26.031395,21.808037,23.46465,15.7120075,19.462313,16.325163,16.613714,13.228493,10.738129,11.350009,16.412374,16.399754,14.353885,17.0537,21.622513,19.666924,19.61522,22.89575,26.07305,24.103048,25.087767,29.281141,28.455383,28.20761,30.999758,34.178135,32.63057,32.611774,32.265175,27.476486,29.669428,34.072838,30.662943,26.774937,31.898039,32.60968,34.317627,29.20334,26.623884,29.686613,26.84735,24.887108,28.77942,24.66673,25.993822,20.720808,22.522491,19.954386,21.37675,18.554794,16.107313,14.945976,14.888289,13.290788,13.310896,13.001646,16.292986,17.402544,20.852736,22.307693,26.423515,29.195251,31.821415,34.699585,35.909595,38.704502,41.82244,42.4438,39.264782,44.30503,38.199047,35.276955,32.393776,31.559978,27.162199,26.436176,22.24056,21.353384,19.299656,17.764904,18.686861,19.753227,20.861046,20.549063,24.09828,24.43173,28.91824
10,28.947062,25.766594,23.376698,19.094477,16.857555,13.792533,11.93088,8.101065,5.6084557,4.1330943,0.0,3.8067853,3.7527373,7.2508698,9.373267,12.62683,15.918483,18.774101,23.06293,25.303787,28.95218,31.572762,35.201496,31.78468,30.630163,28.831944,23.914087,22.620005,18.358091,19.633614,11.854871,15.336645,12.400671,12.82236,9.523689,7.0106697,8.466385,13.020543,12.923229,11.491068,14.464825,18.323267,16.728045,17.41946,20.300007,23.125778,21.737602,23.148869,26.943832,26.041693,25.16682,28.380665,31.157633,29.351278,29.210321,28.748747,23.875517,25.947916,30.258387,26.829857,22.777296,27.870058,28.532207,30.187479,25.072193,22.51616,25.728542,23.045364,21.07275,25.22533,21.403471,23.196081,17.96205,20.54007,18.09717,20.3131,17.938602,15.330181,15.701558,15.101437,14.634655,15.275337,13.652623,16.194185,16.505043,19.910484,20.76617,24.480043,27.342173,29.606247,32.737362,33.741966,36.88356,39.811684,40.808983,37.770546,42.621086,36.713,33.754524,30.770292,30.316456,26.022602,25.481277,22.252863,20.948624,19.86019,18.956211,19.81138,20.165514,21.15363,19.885185,23.398329,22.989553,27.592989
11,31.906631,28.94539,26.226364,22.245,19.681673,16.929201,14.628304,10.878565,8.657531,5.813489,3.8067853,0.0,4.430589,7.6951985,11.365394,13.502526,17.31304,19.326721,24.352842,25.873106,29.490665,32.247692,35.8949,31.840874,30.440311,28.555605,23.571459,22.624279,18.15089,19.772541,11.554496,15.71957,11.756165,13.529082,11.574984,9.254715,11.665718,15.491328,15.183786,14.229795,17.650335,20.672777,19.065516,20.474424,23.303019,25.431808,24.160599,26.24434,29.85192,29.104307,27.689585,30.823717,33.53954,31.59072,31.026041,30.07107,25.267122,26.710478,31.20642,28.20252,23.545334,28.1242,28.276907,30.082489,25.123417,22.123426,24.560104,21.4551,19.81266,23.491354,19.098421,20.643805,15.761093,17.70788,15.869216,17.575281,15.475213,13.7872925,14.264102,14.7668295,14.64835,16.133074,14.590591,17.266113,16.979977,21.141571,20.899094,25.098608,27.467999,29.62594,32.641003,33.189796,36.40182,39.52415,40.62591,37.74843,42.93486,37.274284,34.49239,31.711359,30.90218,26.928406,25.697332,23.065258,21.000254,20.231237,19.409882,19.357813,19.648157,19.431864,18.687243,21.559328,21.069353,25.557737
12,32.027405,28.641205,26.636831,22.067762,19.892492,17.012207,14.80242,11.6470375,8.323204,7.7508793,3.7527373,4.430589,0.0,3.6558707,8.32899,9.870515,13.61907,16.0862,20.55223,22.662523,26.051353,28.873865,32.289677,28.616852,27.558704,25.564968,20.779839,19.273912,14.943328,16.076887,8.151019,12.044735,9.347019,10.594041,7.7910914,4.9498243,8.119325,11.51677,10.787529,10.152359,13.740135,16.272615,14.84394,16.580603,19.159702,21.132328,20.217299,22.386145,25.730425,24.975098,23.313887,26.630133,29.150253,27.165098,26.638977,25.8336,20.968376,22.675985,27.049135,23.902952,19.461704,24.33782,24.880661,26.667604,21.665546,18.93546,22.102854,19.50838,17.346691,21.590336,18.019104,20.078526,14.9049835,18.119219,15.820053,18.694397,16.809376,14.221454,15.962787,15.06564,15.640643,16.93072,14.36367,16.172697,15.593275,19.070175,19.044928,22.478056,25.23838,27.151487,30.435625,31.16291,34.580574,37.38268,38.701736,35.835564,40.592793,34.95072,32.038933,29.064363,28.820475,24.771206,24.19851,22.039618,20.20899,20.067661,19.747175,20.334127,20.049694,20.749939,18.71842,22.03314,20.966732,25.582928
13,34.17949,30.574816,29.064137,24.197592,22.138231,19.536562,17.036116,14.654571,10.773279,11.18123,7.2508698,7.6951985,3.6558707,0.0,7.4793286,6.8939095,10.860604,13.061758,17.438852,19.575176,22.703365,25.65379,28.872154,25.16848,24.277573,22.158737,17.554005,15.744551,11.473158,12.428293,4.6932917,9.358757,8.066918,9.800366,7.214483,4.081464,8.387695,10.395576,8.538376,8.667001,12.808558,13.824245,12.42025,15.1285925,17.461397,18.463919,17.93651,20.807322,23.702564,23.198826,20.865936,24.069256,26.45075,24.426867,23.501678,22.415659,17.60761,19.07899,23.543499,20.736044,16.069086,20.835012,21.51883,23.524832,18.712193,15.929695,19.324913,17.086834,14.333553,18.760809,15.858732,18.127829,12.934095,17.00314,14.583051,18.264809,16.808792,13.97144,16.929098,15.3716545,16.813646,18.390709,15.026142,15.933946,14.63918,17.773712,17.171555,20.037653,22.817604,24.386623,27.832815,28.454466,32.085934,34.67449,36.257915,33.52373,38.044594,32.62119,29.726654,26.732073,26.81742,22.985218,22.627268,21.444103,19.387129,20.123343,20.377583,20.993912,20.09822,20.970493,18.006454,21.286537,19.616753,24.18859
14,29.349274,25.638012,24.90436,19.768257,17.568552,16.490694,12.693637,13.050982,8.356551,11.544228,9.373267,11.365394,8.32899,7.4793286,0.0,5.8549204,7.413595,10.86539,14.558364,16.936745,20.893215,23.074173,27.034143,24.424776,23.34133,22.103655,17.295609,16.297344,12.948278,14.945475,10.010834,14.9654455,15.356688,15.888157,11.262987,6.6720147,9.142194,12.634597,8.9734955,6.168702,11.515198,13.25283,9.629,11.031774,15.178785,15.910589,13.375249,16.289886,20.089659,20.514427,19.35477,20.586493,24.554335,23.646744,22.61711,21.883364,17.587112,19.830118,24.576801,22.27283,18.776302,23.75077,25.499233,27.935688,23.576246,21.250225,25.077547,23.37197,19.475138,23.424192,21.24372,22.394907,16.514124,20.131525,16.158829,19.762514,17.378458,12.955999,15.118615,11.585128,12.755402,13.385971,9.464384,9.563247,9.411988,11.342601,13.085643,15.764803,19.188835,21.551264,24.740723,26.470623,29.39717,31.95531,32.818626,29.650526,33.97583,27.927145,24.828182,21.683731,21.726973,17.293848,17.761824,15.196611,14.503933,14.606891,14.962033,16.927448,16.073877,19.245056,15.763253,20.234121,19.565382,24.071064
15,35.059032,31.24569,30.685427,25.484932,23.412462,22.061567,18.516695,18.258884,13.616303,15.793471,12.62683,13.502526,9.870515,6.8939095,5.8549204,0.0,4.281403,6.394101,10.888042,12.88855,16.329678,19.035042,22.59927,19.351635,18.452211,16.784716,12.148604,10.629829,7.164833,9.271479,6.1617007,11.617077,13.269803,14.748191,11.545405,7.8876023,11.505379,12.661525,8.02551,7.6085844,12.924773,11.589507,8.448022,12.330151,15.336743,13.950027,12.672651,17.174694,19.772598,20.465248,17.697435,19.028498,22.380674,21.141035,19.186815,17.572144,13.352435,14.678655,19.745506,18.263037,14.018283,18.402163,20.048805,22.847502,18.961826,16.431099,20.062374,18.769533,14.302946,18.163858,16.88215,18.271048,12.809975,17.403883,13.823643,18.383774,17.006634,13.101888,17.172329,13.910017,16.440296,18.044846,13.616523,12.66218,10.5379,12.419282,11.641014,13.429599,16.5476,18.052721,21.606724,22.721373,26.245764,28.54539,30.088503,27.307377,31.449856,26.018692,23.071442,20.012537,20.505743,16.829247,17.131136,17.11366,15.276923,17.206104,18.41851,19.538597,17.75635,19.968996,15.442551,19.20626,17.302588,21.637335
16,34.84022,30.901361,31.041086,25.726933,23.937998,23.149057,19.551132,20.311518,15.71523,18.731037,15.918483,17.31304,13.61907,10.860604,7.413595,4.281403,0.0,4.7791696,7.2346344,10.1837845,13.703814,15.997559,19.689089,17.493193,16.898285,15.709861,11.649339,10.151023,8.417646,10.139065,10.053711,14.163844,16.923214,17.701948,14.071044,10.732112,13.315012,14.014846,8.782565,7.9702907,12.794202,10.437325,6.2749643,10.266003,13.5097,10.835442,8.837396,14.136568,16.53154,17.947989,15.310149,15.315318,19.37307,18.789549,16.547594,15.09384,11.448207,13.266181,18.226566,17.2404,14.096462,18.347628,20.765984,23.65527,20.284056,18.350662,22.308773,21.655258,16.834118,20.428457,20.08191,21.21649,16.009024,20.55077,16.636162,21.25131,19.810545,15.503304,19.441559,15.321268,17.890858,18.997828,14.407237,12.365803,10.478774,10.355355,10.68068,10.786871,14.5434675,16.005754,19.594513,21.366667,24.64448,26.546785,27.958813,25.082369,28.633608,23.070473,19.96984,16.704144,17.871899,14.133545,15.58423,15.87921,14.920107,17.15082,18.740093,20.518963,18.4987,21.783691,16.732178,20.768703,19.013456,23.00575
17,38.800175,34.99145,34.997414,29.796324,27.667278,27.18855,23.05149,23.864384,19.11058,21.597946,18.774101,19.326721,16.0862,13.061758,10.86539,6.394101,4.7791696,0.0,6.590644,6.5822997,10.416425,12.931205,16.91356,13.630273,12.51505,11.45308,7.0437336,6.7539554,5.945509,9.125651,10.84381,15.72862,18.378195,20.21118,17.49822,14.199204,17.452538,17.855135,12.73908,12.525782,17.361963,14.061149,10.524783,14.836781,17.683907,13.567936,11.952312,18.032705,19.760386,21.637007,18.272806,17.389141,21.348955,20.883663,17.568552,14.891659,12.204971,12.261705,17.693762,18.2828,14.524728,17.366732,19.463247,22.973682,20.40128,18.049704,21.058685,20.519897,15.174714,17.72409,17.987505,18.385906,13.702575,18.082767,14.273686,19.071033,18.260143,14.446694,19.274755,15.439128,18.844807,20.709604,15.978978,13.504931,10.373733,10.715736,8.209227,7.940572,10.868809,11.859269,15.553505,16.844622,20.395563,22.375408,24.097822,21.481743,25.314926,20.239267,17.444407,14.572057,15.441586,12.681445,13.298212,15.752613,13.723319,17.226135,19.39037,20.35232,17.707642,20.308222,14.719785,18.071308,15.7543745,19.318562
18,39.84696,35.81862,36.712875,31.384457,29.941004,29.508467,26.046967,27.28239,22.7862,25.953556,23.06293,24.352842,20.55223,17.438852,14.558364,10.888042,7.2346344,6.590644,0.0,5.850429,7.6946254,9.614417,12.813994,12.221387,12.633146,12.008228,10.267214,8.644531,10.394877,10.975027,15.353678,17.834583,21.971594,22.614357,19.728868,17.324438,19.41228,18.639578,13.61045,13.81226,17.075771,12.232666,9.33063,13.244065,15.009507,8.90714,8.038778,14.440304,14.856622,17.45083,13.875171,11.437214,15.583825,15.889999,12.160968,9.868243,8.5837145,9.562953,14.022074,15.143288,13.561033,16.185724,19.440039,22.562527,20.680508,19.567575,23.32696,23.825993,18.694006,21.430983,22.91577,23.832691,19.756912,24.394808,20.798008,25.610868,24.79873,20.802149,25.245697,20.885817,23.879927,24.969854,20.348173,17.350662,15.139696,13.103555,12.740307,9.263797,12.735689,12.765204,16.388779,18.424166,21.673464,22.51556,24.368689,21.916067,24.084742,19.2966,16.370565,13.226441,15.963061,13.623894,16.274698,18.77788,18.167439,21.438293,23.65871,25.452187,22.878235,26.353477,20.66465,24.092934,21.835539,24.92105
19,43.001415,39.192284,39.79705,34.629242,32.6552,32.722775,28.451927,29.938787,25.217455,27.991096,25.303787,25.873106,22.662523,19.575176,16.936745,12.88855,10.1837845,6.5822997,5.850429,0.0,4.7599163,6.500638,11.044719,8.660015,7.7751865,8.180945,6.625435,7.758932,10.353153,12.547727,16.930655,20.806038,24.211456,25.938395,23.461061,20.503542,23.376556,23.161558,18.014639,17.991737,22.10963,17.635012,14.471469,18.439783,20.726562,14.742118,13.31559,19.834776,20.426275,23.254139,19.632545,16.589466,20.740482,21.166046,16.809479,13.412128,13.090513,12.007448,16.769606,19.366,16.84261,18.00119,20.562016,24.343754,23.131067,21.347343,23.879656,24.181246,18.691507,20.052738,21.793844,21.592249,18.099117,21.99652,18.474289,23.00483,22.66029,19.191246,24.042963,19.988546,23.602705,25.354448,20.726915,17.424877,14.353166,12.851645,10.027472,5.8136215,7.727079,7.0421185,10.803883,12.58111,15.955039,17.030544,19.062119,16.797104,19.598986,15.2241535,12.724979,10.2582245,12.276144,11.34656,12.871446,17.50989,15.969086,20.261982,22.971312,23.963213,20.892517,23.802017,17.901802,20.5555,18.137358,20.481163
20,46.966545,43.048508,43.857506,38.605015,36.857746,36.65629,32.72002,33.930714,29.246708,31.93693,28.95218,29.490665,26.051353,22.703365,20.893215,16.329678,13.703814,10.416425,7.6946254,4.7599163,0.0,3.5970078,6.6159954,4.898774,5.9613466,6.4385843,8.218874,8.428111,12.436038,13.28923,19.496433,22.098557,26.17136,27.76188,25.893476,23.58583,26.29278,25.17496,20.322613,20.987103,24.429136,18.947577,16.784615,20.915642,22.212313,15.445227,15.3641405,21.60821,21.094965,23.961779,19.721413,16.53973,19.620432,20.099552,15.149452,11.142704,12.478041,10.2744465,14.063579,18.024279,16.290522,16.063425,18.827118,22.554058,22.369091,21.160557,23.431477,24.499075,19.264664,20.166138,23.056862,23.128328,20.610605,24.683184,21.797388,26.40203,26.514057,23.420778,28.5122,24.640997,28.29734,30.065048,25.412216,22.147514,19.09098,17.457811,14.653978,10.164693,11.054056,8.742594,11.985444,13.033394,16.572851,16.581047,19.364143,17.852383,19.361279,16.345577,14.402207,12.533826,15.299196,15.324819,17.038887,22.105906,20.600557,24.992088,27.727068,28.640226,25.504557,28.043976,22.154552,24.283644,21.412174,23.2494
21,47.76319,43.912796,45.027637,39.865486,38.167294,38.38972,34.30688,36.02975,31.376783,34.329712,31.572762,32.247692,28.873865,25.65379,23.074173,19.035042,15.997559,12.931205,9.614417,6.500638,3.5970078,0.0,5.2188144,6.427225,7.319275,9.070005,11.107955,11.944667,15.764494,16.81535,22.721624,25.48687,29.561794,31.017412,28.829731,26.339321,28.857758,27.946556,23.004269,23.322731,26.653046,21.337458,18.925377,22.529493,23.964516,17.007576,16.406313,22.468527,21.786282,25.116137,21.337458,16.935087,20.455582,21.598143,16.669273,13.086477,15.114408,13.329044,16.44012,20.621277,19.531687,19.221498,22.108189,25.741856,25.766298,24.709839,26.958143,28.063026,22.815998,23.496687,26.382769,26.124405,23.590134,27.332329,24.239185,28.609142,28.60082,25.395845,30.221035,26.11949,29.709812,31.281704,26.760971,23.18276,20.376757,17.995665,15.6931305,10.4284725,10.842611,8.308182,10.732665,12.513723,15.251986,14.634386,17.159739,15.747392,16.361229,13.6774845,11.994916,10.579209,13.859637,14.692968,16.897915,22.262445,21.258396,25.659243,28.529894,29.622301,26.446495,29.4253,23.559046,25.67972,23.177229,24.62232
22,51.7896,47.821934,49.103745,43.853756,42.402046,42.27824,38.58722,39.971115,35.373413,38.247334,35.201496,35.8949,32.289677,28.872154,27.034143,22.59927,19.689089,16.91356,12.813994,11.044719,6.6159954,5.2188144,0.0,6.7856636,9.503464,10.66558,14.334987,14.24975,18.59058,18.511114,25.565842,27.10295,31.717655,32.939713,31.313396,29.459229,31.772566,30.041872,25.497492,26.413078,29.064344,23.025019,21.598358,25.258644,25.720337,18.471289,19.15742,24.66613,22.9573,26.114677,21.886448,17.7586,19.794851,20.929117,15.77916,12.116845,15.621378,13.206119,14.607958,19.858158,19.77033,18.224148,21.205631,24.488302,25.51384,25.135904,27.183157,28.991724,24.196762,24.62539,28.375515,28.516645,26.723425,30.691462,28.118496,32.606995,32.91529,29.938364,34.979954,31.004025,34.60374,36.171036,31.58424,28.110289,25.30056,22.97768,20.72139,15.599365,15.88031,12.894939,14.811662,15.71624,18.415186,16.840733,19.91139,19.29143,18.543335,17.395065,16.263014,15.269176,18.773237,19.82323,22.087828,27.43476,26.41324,30.806887,33.63207,34.713028,31.531563,34.216927,28.349339,30.189499,27.309784,28.531319
23,51.463253,47.57084,48.138676,42.88996,40.9784,40.607056,36.580986,37.42024,32.688175,34.92559,31.78468,31.840874,28.616852,25.16848,24.424776,19.351635,17.493193,13.630273,12.221387,8.660015,4.898774,6.427225,6.7856636,0.0,3.5471396,4.09814,8.774764,9.587566,13.948186,14.613407,21.376078,23.747631,27.6332,29.763124,28.675442,26.608032,29.654867,28.245634,23.65151,24.72047,28.235085,22.49419,20.817652,25.282946,26.282356,19.575766,20.053799,26.232233,25.456318,28.084688,23.388752,20.804718,22.989513,23.09882,17.945126,13.44824,15.244776,11.69403,14.794648,19.758625,17.64419,15.777442,17.783484,21.719698,22.513182,21.218184,22.374653,23.758848,18.836472,18.522945,22.261711,22.012754,20.77028,24.469614,22.396227,26.779978,27.558138,25.22542,30.648666,27.340069,31.255878,33.451603,28.812859,25.735434,22.28533,21.381298,17.431555,13.645977,13.17257,9.884326,12.408715,11.8046055,15.730303,15.336995,18.935684,18.285345,19.638594,18.084642,16.90511,15.85309,18.025541,18.89347,19.67501,25.54673,23.360825,28.10611,30.92438,31.225403,27.926516,29.517218,23.793774,24.991798,21.627325,22.739536
24,50.519394,46.76042,47.09967,41.95999,39.775963,39.651848,35.255497,36.241142,31.461718,33.55433,30.630163,30.440311,27.558704,24.277573,23.34133,18.452211,16.898285,12.51505,12.633146,7.7751865,5.9613466,7.319275,9.503464,3.5471396,0.0,3.3562531,6.912709,9.357186,13.127167,14.895072,20.6115,24.02744,27.289839,29.839409,28.575277,26.052149,29.3986,28.594254,23.816761,24.516079,28.584728,23.409271,21.151804,25.61293,27.24092,20.86922,20.592,27.015108,26.865286,29.54069,25.10448,22.45763,25.313566,25.413263,20.409132,16.006313,16.976135,13.7124195,17.578043,21.978611,19.122095,17.78892,19.397203,23.548841,23.865982,21.99177,22.843323,23.660814,18.519997,17.856852,21.026308,20.123064,18.76492,21.980396,19.780846,23.918205,24.745928,22.607006,27.998812,24.884007,28.921354,31.336872,26.799294,23.754923,20.113966,19.634745,14.963229,11.768034,10.518088,7.1765,9.706061,8.688603,12.945134,13.298198,16.760899,15.943671,18.339493,16.474115,15.380501,14.535655,15.890243,16.974075,17.008856,23.27111,20.703636,25.624908,28.513344,28.481768,25.10306,26.438637,20.80087,21.724941,18.447971,19.346527
25,50.13036,46.295643,46.443665,41.231518,39.105408,38.53977,34.423923,34.893238,30.153595,32.004253,28.831944,28.555605,25.564968,22.158737,22.103655,16.784716,15.709861,11.45308,12.008228,8.180945,6.4385843,9.070005,10.66558,4.09814,3.3562531,0.0,5.3407636,6.770727,10.731214,12.017135,18.187569,21.137959,24.47678,27.082651,26.237202,24.055307,27.465471,26.325407,21.797394,22.903255,26.846382,21.521997,19.717487,24.486319,25.797836,19.712547,20.02821,26.335764,26.153759,28.406532,23.643469,22.007957,24.30821,23.887896,19.011932,14.493397,14.966331,11.322988,15.407171,19.577934,16.26671,14.77987,16.173126,20.374853,20.626848,18.692608,19.51103,20.429218,15.352618,14.883453,18.309717,17.94536,16.743446,20.44481,18.582966,23.002144,23.954542,21.928,27.520912,24.623278,28.622059,31.11583,26.497934,23.783216,20.0687,20.119026,15.42319,12.895375,12.402068,9.675965,12.648792,11.448485,15.9289055,16.548376,20.00904,19.07692,21.66881,19.484621,18.082779,16.779482,18.167324,18.50022,18.46553,24.150091,21.352833,26.09588,28.793491,28.714123,25.453686,26.432978,20.845812,21.8382,18.188356,19.567875
26,45.66215,41.926426,41.759254,36.631012,34.30351,33.77757,29.473747,29.916977,25.161713,26.916906,23.914087,23.571459,20.779839,17.554005,17.295609,12.148604,11.649339,7.0437336,10.267214,6.625435,8.218874,11.107955,14.334987,8.774764,6.912709,5.3407636,0.0,4.474092,6.6276064,9.7052555,13.929856,18.28484,20.897556,23.723024,22.402302,19.675364,23.350422,23.00474,18.307657,18.948788,23.50555,19.152203,16.658535,21.38549,23.450771,18.282686,17.764196,24.10034,24.882692,26.9066,22.613247,21.487017,24.546394,23.937517,19.635937,15.651821,14.453423,11.993633,17.173048,19.763046,15.5494375,15.875335,17.168497,21.31301,20.18595,17.574055,18.904005,18.838722,13.346173,13.829166,15.6589155,15.199766,12.552236,16.479595,13.897289,18.563211,19.09217,16.73523,22.315731,19.439032,23.412968,25.997993,21.405052,18.963528,15.141938,15.996713,10.988157,10.018842,10.250039,9.180362,12.696237,12.208018,16.57124,18.331882,21.008791,19.283447,23.096071,19.556479,17.614782,15.764519,16.387291,15.641598,15.066353,19.969519,16.858456,21.386423,23.918108,23.784636,20.649569,21.678644,16.058073,17.602417,14.120634,16.471052
27,44.940044,41.024544,40.95292,35.674534,33.70191,32.58939,28.93874,28.864454,24.22386,26.031395,22.620005,22.624279,19.273912,15.744551,16.297344,10.629829,10.151023,6.7539554,8.644531,7.758932,8.428111,11.944667,14.24975,9.587566,9.357186,6.770727,4.474092,0.0,4.534903,5.664384,11.8087635,14.7079315,18.203304,20.495659,19.469421,17.449587,20.82355,19.639479,15.203319,16.560888,20.506166,15.541412,13.894075,18.926666,20.236603,15.193559,15.763548,21.733473,22.12694,23.696785,19.00538,18.972534,21.21891,20.126923,16.049904,12.208217,10.423568,7.9612064,13.334544,15.39946,11.085174,11.863136,13.589847,17.517136,16.120153,13.89096,16.127138,16.529118,11.125039,12.948047,15.144283,16.068941,13.30247,18.148674,15.8479,20.83085,21.179237,18.562857,24.042658,21.054625,24.69134,26.950098,22.269762,20.086752,16.650732,17.275778,13.550883,12.267605,13.706168,12.716136,16.450588,16.288748,20.642786,21.970201,24.77524,23.015133,26.204481,22.527418,20.279657,17.951077,19.343979,17.904345,18.188477,22.051647,19.425016,23.419634,25.657326,25.982832,23.138334,24.397892,18.898655,20.926716,17.430946,20.274183
28,42.182705,38.359993,37.83633,32.648037,30.509148,29.130491,25.514235,24.973717,20.388975,21.808037,18.358091,18.15089,14.943328,11.473158,12.948278,7.164833,8.417646,5.945509,10.394877,10.353153,12.436038,15.764494,18.59058,13.948186,13.127167,10.731214,6.6276064,4.534903,0.0,4.678476,7.5016513,11.869522,14.40909,17.108698,15.9993725,13.680478,17.466318,16.919529,12.668397,13.859776,18.304647,14.546278,12.671349,17.609007,19.401628,15.833702,15.947396,21.477102,22.712763,23.756588,19.517872,20.498642,22.940546,21.47046,18.218124,15.114447,11.92424,10.756229,16.132217,16.582916,11.398621,13.654443,14.762077,18.346415,15.725276,12.784543,15.245158,14.616191,9.230552,12.104995,12.590474,13.862783,9.960941,15.160939,12.700037,17.766453,17.830282,15.197216,20.562012,17.968426,21.402946,23.783117,19.238186,17.729052,14.386592,16.169397,12.612621,13.200034,15.015658,15.064358,18.742428,18.663301,22.87739,24.844173,27.25568,25.162926,29.09215,24.804567,22.34962,19.807203,20.527735,18.288038,18.00627,20.707863,17.798891,21.235428,23.09454,23.253277,20.730598,21.62036,16.537018,18.847654,15.543185,19.123837
29,43.553177,39.562466,39.222248,33.92924,32.235687,30.260685,27.44947,26.370977,22.065474,23.46465,19.633614,19.772541,16.076887,12.428293,14.945475,9.271479,10.139065,9.125651,10.975027,12.547727,13.28923,16.81535,18.511114,14.613407,14.895072,12.017135,9.7052555,5.664384,4.678476,0.0,8.260556,9.174371,13.277682,15.197517,14.903638,13.931495,17.09261,15.091169,11.521715,13.876748,17.123981,12.330824,12.061672,17.153358,17.683573,14.2062845,15.861103,20.762154,21.230934,21.743998,16.909906,19.14941,20.311111,18.236246,15.263721,12.415272,8.863937,7.6474295,12.45964,12.332136,6.8035603,9.468186,10.90914,14.128053,11.381658,9.0631485,12.614643,12.924135,8.158197,12.072627,13.551085,16.068865,13.125184,18.564657,16.795574,21.786592,21.959806,19.430933,24.576223,21.98826,25.095367,27.13535,22.640324,21.254879,18.320139,19.518082,16.828209,16.497202,18.642242,18.173216,21.958542,21.839468,26.198359,27.632105,30.37512,28.472172,31.69643,27.693466,25.1908,22.506187,23.95392,21.687052,22.107445,24.553295,22.095167,25.269835,26.966242,27.458366,25.104334,26.087683,21.137566,23.446344,20.021112,23.471304
30,38.385277,34.676067,33.45235,28.457586,26.396091,24.047844,21.265507,19.300194,15.222731,15.7120075,11.854871,11.554496,8.151019,4.6932917,10.010834,6.1617007,10.053711,10.84381,15.353678,16.930655,19.496433,22.721624,25.565842,21.376078,20.6115,18.187569,13.929856,11.8087635,7.5016513,8.260556,0.0,7.404013,7.7172966,10.663677,9.726662,7.75471,11.896923,12.053843,9.356977,10.673426,14.844646,13.562672,12.468481,16.45413,18.230457,17.59434,17.76161,21.652964,23.764141,23.611221,20.219315,23.197435,25.199398,23.042376,21.352865,19.547075,15.022635,15.526934,20.150106,18.186789,12.81238,16.849947,17.299257,19.714233,15.36401,12.179546,15.300219,13.36421,9.877902,14.353952,12.239492,14.793913,10.078858,15.038845,13.048398,17.433462,16.833551,14.393577,18.631235,16.960817,19.331665,21.431692,17.532396,17.585907,15.283361,18.22096,16.230383,18.456417,20.842731,21.76461,25.329485,25.45803,29.436821,31.809294,33.84204,31.42799,35.772278,30.871035,28.15302,25.313547,25.640638,22.39768,21.92754,22.323023,19.677828,21.554132,22.431673,22.65294,21.087666,21.506842,17.780758,20.484886,17.927193,22.231773
31,40.859425,36.958305,35.996674,30.980577,29.732334,26.392027,25.16717,22.321096,19.097816,19.462313,15.336645,15.71957,12.044735,9.358757,14.9654455,11.617077,14.163844,15.72862,17.834583,20.806038,22.098557,25.48687,27.10295,23.747631,24.02744,21.137959,18.28484,14.7079315,11.869522,9.174371,7.404013,0.0,5.9110904,6.2872567,8.198552,10.010602,12.143188,9.137564,9.053841,12.322977,13.763359,11.665486,13.387016,17.043854,16.668003,17.038612,19.18876,21.773685,22.838041,21.593092,17.74753,22.822302,22.87811,19.766031,19.160845,18.269665,13.585356,14.625452,17.551256,13.9384775,9.166287,13.797782,14.105902,15.027567,9.771845,7.933589,12.700291,11.9165535,10.55567,15.876806,15.064452,19.05832,15.986833,21.03831,19.981295,24.254791,23.960585,21.762112,25.705206,24.002274,25.95347,27.497616,23.788284,23.828108,21.943033,23.937553,22.665224,23.65098,26.362154,26.639812,30.423973,30.468996,34.72418,36.501152,38.976974,36.777912,40.32611,35.745285,32.957993,29.944632,31.145157,27.934465,28.299353,28.693155,26.580097,28.327482,29.072382,29.732079,28.301302,28.871376,25.150223,27.747417,24.87502,28.93123
32,40.124947,36.54831,34.773262,30.157967,28.557978,24.9372,23.785624,20.015066,17.343771,16.325163,12.400671,11.756165,9.347019,8.066918,15.356688,13.269803,16.923214,18.378195,21.971594,24.211456,26.17136,29.561794,31.717655,27.6332,27.289839,24.47678,20.897556,18.203304,14.40909,13.277682,7.7172966,5.9110904,0.0,5.1313105,8.296457,9.855417,12.365443,11.38115,12.179241,14.357888,16.318872,16.308754,17.16557,20.234333,20.70895,21.945717,23.18196,25.603144,27.460146,26.10128,22.94246,27.817059,28.420406,25.419657,24.907223,23.859354,19.127922,19.908476,23.232323,19.842451,14.889555,18.88739,18.319693,19.231993,14.094455,11.441815,14.318674,11.903349,11.820474,16.597363,13.789064,17.710045,14.685332,18.795515,18.39832,21.80743,21.467012,20.07562,23.309618,22.747236,24.2412,26.02016,22.9472,23.92388,22.241951,25.347635,23.833977,26.121107,28.528795,29.262945,32.849976,32.65155,36.791683,39.095184,41.341972,39.048725,43.31257,38.528584,35.790623,32.883,33.33736,29.960262,29.503168,29.240131,26.731733,27.889975,28.16345,28.249565,27.28894,26.886969,24.238712,26.468203,23.97319,28.1409
33,38.05003,34.362736,32.886227,28.276825,27.319532,23.17618,23.138874,19.15022,17.098082,16.613714,12.82236,13.529082,10.594041,9.800366,15.888157,14.748191,17.701948,20.21118,22.614357,25.938395,27.76188,31.017412,32.939713,29.763124,29.839409,27.082651,23.723024,20.495659,17.108698,15.197517,10.663677,6.2872567,5.1313105,0.0,5.551692,9.380585,9.987362,7.766801,10.624529,13.107933,13.280605,14.211787,16.097542,18.235466,17.86705,20.52139,22.219772,23.389107,25.124409,23.07311,20.520044,26.315254,26.350164,23.164303,23.694948,23.623749,18.735847,20.558311,23.159447,18.574427,14.896779,19.738615,19.832878,19.985552,14.502624,13.208548,17.249222,15.704241,15.674842,20.797352,18.670279,22.656086,19.319061,23.628658,22.696835,26.244785,25.463749,23.42971,26.200806,25.090307,26.095251,27.158323,24.260723,25.23753,24.174389,26.53701,26.182795,27.93177,30.894003,31.710388,35.43594,35.716145,39.79177,41.858906,44.021526,41.565662,45.411106,40.37824,37.437614,34.28592,35.19859,31.475163,31.754744,30.80232,29.038141,29.753098,29.824986,30.61964,29.883833,30.351795,27.562326,30.371244,28.114431,32.437237
34,33.108685,29.301022,28.138561,23.278708,22.341415,18.522816,18.239569,14.95427,12.52594,13.228493,9.523689,11.574984,7.7910914,7.214483,11.262987,11.545405,14.071044,17.49822,19.728868,23.461061,25.893476,28.829731,31.313396,28.675442,28.575277,26.237202,22.402302,19.469421,15.9993725,14.903638,9.726662,8.198552,8.296457,5.551692,0.0,4.72507,4.510875,4.1722536,6.549702,8.045741,8.547558,11.138771,12.0449,13.410794,13.978318,17.30623,18.06533,18.89185,21.38354,19.604511,17.89875,22.98914,24.071674,21.503702,22.1114,22.355951,17.302912,19.958044,23.132408,18.598654,15.393691,21.003824,22.039558,22.841492,17.500208,16.129606,20.682169,19.191122,17.621855,22.779285,20.626392,23.884405,19.388239,23.74555,21.703516,25.38295,23.921953,21.00132,23.34712,21.51053,22.203976,22.7507,19.860722,20.7695,20.284445,22.181604,22.912577,24.671213,28.04398,29.345783,33.015907,33.93533,37.674118,39.810104,41.543797,38.78455,42.60295,37.119064,34.0221,30.737242,31.63103,27.535646,28.21301,26.44897,25.334684,25.59474,25.554735,26.96694,26.384798,27.881895,24.931814,28.442738,26.719742,31.25263
