,0,1,2,3,4,5,6,7,8,9,10,11,12,13,14,15,16,17,18,19,20,21,22,23,24,25,26,27,28,29,30,31,32,33,34,35,36,37,38,39,40,41,42,43,44,45,46,47,48,49,50,51,52,53,54,55,56,57,58,59,60,61,62,63,64,65,66,67,68,69,70,71,72,73,74,75,76,77,78,79,80,81,82,83,84,85,86,87,88,89,90,91,92,93,94,95,96,97,98,99,100,101,102,103,104,105,106,107,108,109,110,111,112,113,114,115,116,117,118,119,120,121,122,123,124,125,126,127,128,129,130,131,132,133,134,135,136,137,138,139,140,141,142,143,144,145,146,147,148,149,150,151,152,153,154,155,156,157,158,159,160,161,162,163,164,165,166,167,168,169,170,171,172,173,174,175,176,177,178,179,180,181,182,183,184,185,186,187,188,189,190,191,192,193,194,195,196,197,198,199,200,201,202,203,204,205,206,207,208,209,210,211
0,0.0,3.8949237,7.5364976,10.001896,12.567567,16.329626,19.307198,22.097136,25.360126,27.423597,31.759521,35.289017,34.401413,33.389774,28.452608,26.237738,22.386871,21.269484,19.548117,16.953854,16.808321,12.851581,14.097634,18.146557,19.227592,21.665237,23.66736,22.752527,24.378939,25.360287,27.384285,33.113567,32.80805,37.390587,37.660843,42.129807,44.046936,47.468746,42.94339,43.03873,37.927303,39.10288,33.947258,33.875404,31.167265,30.65671,28.339275,26.113968,24.597376,26.636658,27.188377,30.28304,33.538326,33.195396,37.95478,38.82175,36.668728,39.44266,39.847137,40.568012,38.53415,34.412304,30.470922,29.44779,26.865788,30.436848,25.351274,27.964922,30.20441,33.714096,33.746105,37.591087,39.482033,39.202854,43.141617,42.74554,47.969486,48.301224,52.272205,54.06806,57.31483,57.08993,52.649914,51.38268,49.75402,45.907185,48.882977,42.70117,44.194355,41.178196,40.87883,38.71366,39.947796,35.575424,33.791397,36.443893,37.81675,30.765118,32.804955,35.423973,34.203922,34.079914,38.343616,38.487247,40.96526,41.157185,44.672768,44.680492,49.40843,50.767696,54.163593,58.866592,60.74057,56.918007,55.815563,50.33142,49.442833,48.321106,45.90211,46.965897,46.522297,51.172558,51.415592,54.502037,51.084896,47.841885,48.182884,47.251125,51.10007,50.083057,55.150066,53.931114,58.9985,56.953156,60.939247,59.688076,61.0483,60.305073,59.1057,55.196354,55.617733,52.16805,54.615158,49.977364,53.4866,48.743645,54.32539,50.411964,54.02998,55.441086,58.790833,60.525963,61.616425,66.79175,68.09477,69.72753,67.43945,66.5917,69.00226,72.76941,73.016396,69.422516,66.76691,68.42341,67.150444,69.522545,67.67517,66.44957,65.34092,66.04856,64.00895,62.929054,62.158188,63.70873,60.768272,64.2861,62.341255,66.64779,65.79529,64.67737,67.94935,65.768974,62.430645,58.285355,55.251587,53.945942,54.399773,51.452217,53.147995,51.712646,52.718376,53.29972,55.56006,56.727528,60.140297,60.79213,58.116028,61.949127,64.20198,62.843437,62.30065,60.950306,55.56578,56.06884,55.340076,51.104023,51.70813,45.75691,48.925323,45.11485,46.547848,44.033627
1,3.8949237,0.0,3.7137184,7.135544,10.474182,13.94818,17.211605,19.292244,23.04903,24.647259,29.212578,32.492954,31.871592,31.133537,25.969994,24.246412,20.403122,19.892908,18.106342,16.515537,17.115492,13.469137,15.417002,19.603165,20.849651,23.053274,24.343517,22.86991,24.012478,24.904552,25.94147,31.7011,30.822906,35.657585,35.389427,40.229973,41.87199,45.226982,40.792812,41.141933,35.977913,37.607388,32.58023,32.907833,30.378485,30.24692,28.635826,26.518192,25.483337,26.979671,27.023521,29.89681,33.261982,32.361355,37.45745,38.076458,35.657143,38.1251,38.498993,38.872314,36.62819,32.910393,28.974134,28.466429,26.0412,30.329838,25.581133,28.554615,31.131626,34.272163,33.98599,37.770893,39.345963,38.688065,42.545074,41.764996,47.057415,46.803837,51.008396,52.56446,55.85115,55.39371,50.845493,49.852173,48.455936,44.735733,47.99976,41.993153,43.833054,41.125824,41.172718,39.143635,40.31294,36.238567,34.126305,36.408386,38.132698,31.16241,32.53497,35.099327,33.39701,32.796535,37.034092,36.69121,39.413643,39.479668,43.114056,42.99401,47.970394,49.01473,52.307762,57.021126,59.141163,55.555172,54.649754,49.141644,48.56759,47.800224,45.449062,46.875263,46.661564,51.454647,51.902363,55.084766,51.631218,48.41042,48.52349,47.336735,51.023457,49.685047,54.8134,53.005016,58.186974,55.675125,59.748344,58.117104,59.624268,58.62655,57.160847,53.50608,54.145607,50.782265,53.524822,49.13007,52.871174,48.29792,54.105675,50.609135,54.255886,55.875694,58.98832,60.49366,61.44076,66.68913,67.73658,69.478874,67.00765,66.04894,68.273994,72.10395,72.13968,68.402725,66.01698,67.79464,66.7478,69.25968,67.6843,66.57105,65.62163,66.470795,64.328285,63.169422,62.277122,63.61164,60.41804,63.87854,61.676716,65.9496,64.68567,63.698383,66.74405,64.417946,60.921158,56.715275,53.832905,52.801357,53.45947,50.67963,52.6213,51.497437,52.69141,53.52715,55.855263,57.07623,60.330555,60.778263,57.809925,61.5054,63.65254,62.019424,61.261005,59.643055,54.325077,54.490143,53.543434,49.40496,50.24503,44.283283,47.90965,44.290905,45.969288,43.724247
2,7.5364976,3.7137184,0.0,4.910548,8.912545,11.722764,15.120496,16.336292,20.53779,21.67982,26.447147,29.44225,28.992775,28.485054,23.157314,21.92929,18.139933,18.26874,16.454895,15.932803,17.22252,14.076169,16.57071,20.679264,22.032103,23.960985,24.545378,22.583841,23.226944,24.035578,24.090391,29.821768,28.404745,33.44562,32.687313,37.830578,39.222157,42.499496,38.15808,38.72584,33.54615,35.573116,30.706186,31.407892,29.072863,29.314796,28.389107,26.428236,25.887333,26.869907,26.449099,29.053173,32.53356,31.143171,36.484592,36.821785,34.177013,36.346394,36.754177,36.79042,34.33059,31.023033,27.2163,27.193443,25.06334,29.93002,25.530294,28.760397,31.584196,34.295162,33.673073,37.35292,38.634945,37.596798,41.364677,40.221027,45.553284,44.764065,49.14841,50.511013,53.791412,53.116253,48.482166,47.723545,46.546425,42.9609,46.473488,40.65984,42.81957,40.41584,40.799744,38.90205,39.988518,36.23921,33.843605,35.740234,37.786846,30.981024,31.700033,34.20567,32.049187,31.033964,35.21938,34.442097,37.334366,37.27212,40.988995,40.751904,45.924038,46.687813,49.879612,54.587467,56.913692,53.545532,52.817486,47.31155,47.02509,46.59148,44.313892,46.07223,46.075413,50.978245,51.615654,54.87717,51.413116,48.22789,48.12806,46.69647,50.209007,48.577,53.736404,51.395103,56.661003,53.73891,57.880753,55.917545,57.56056,56.34298,54.65857,51.235924,52.067795,48.778603,51.78435,47.620632,51.55791,47.162174,53.147972,50.063,53.711555,55.520046,58.395374,59.677696,60.48992,65.78971,66.59453,68.44051,65.81107,64.74765,66.79945,70.6722,70.51795,66.66216,64.52289,66.40332,65.566216,68.20142,66.88236,65.87952,65.0818,66.0634,63.83475,62.611927,61.617317,62.750473,59.33935,62.749012,60.324444,64.57402,62.947212,62.11187,64.95131,62.526566,58.907227,54.645416,51.883465,51.112286,51.92794,49.342762,51.45504,50.64512,51.9838,53.068214,55.429996,56.669235,59.77779,60.046356,56.807484,60.3422,62.416958,60.533287,59.586098,57.71043,52.486107,52.354633,51.217506,47.189953,48.23565,42.29526,46.299866,42.896824,44.766876,42.807903
3,10.001896,7.135544,4.910548,0.0,4.1558867,6.9261713,10.277862,12.308357,15.988545,17.581888,22.079275,25.458378,25.052195,24.516968,19.498241,17.727522,14.657642,14.0655155,13.603992,12.593965,15.263261,12.422651,15.904978,19.220804,20.06449,21.99788,21.73657,19.21963,19.993507,20.056128,20.263586,25.542011,24.64556,29.22818,28.917795,33.77237,35.34039,38.848915,34.70454,35.057133,30.048471,31.748112,27.153883,27.497982,25.698769,25.408442,25.247461,22.938143,22.559954,22.895973,22.105452,24.618584,27.91456,26.327375,31.748907,32.144638,29.472391,31.618263,31.893202,32.01777,29.713345,26.265898,22.328487,22.331974,20.245676,25.315027,21.19565,24.610212,27.664778,30.152016,29.499868,33.142925,34.17915,33.1907,36.81896,35.7052,40.975548,40.259502,44.678,45.925285,49.373604,48.896194,44.3873,43.71181,42.391285,38.79055,42.245667,36.557484,38.64438,36.447254,36.86185,35.273933,36.67444,33.074387,30.309849,32.3878,34.982807,28.448227,28.880457,31.835144,29.184973,28.570702,32.89684,32.18497,34.54122,34.107002,37.73538,37.16223,42.201893,42.967438,46.253357,51.06097,53.47295,50.07803,49.25622,43.787247,43.487076,43.357143,40.73672,42.88464,42.5726,47.38496,48.286922,51.400406,47.750248,44.68269,44.35991,43.1144,46.562546,44.88791,50.108757,47.70668,53.17342,50.118343,54.586643,52.495174,54.530327,53.29449,51.756245,48.37421,49.26668,45.646275,48.89781,44.554073,48.559063,44.148148,50.08785,47.210926,50.60723,52.337517,55.20202,56.342026,57.25618,62.591576,63.202286,65.35941,62.793457,61.548737,63.622818,67.34889,67.189285,63.327446,61.113907,62.726257,61.96868,64.447914,63.46691,62.234955,61.658405,62.846016,60.826412,59.780666,58.95039,60.12416,56.773827,60.369686,57.984325,62.474392,60.850742,60.37941,63.22919,61.03436,57.48672,53.09868,50.127472,49.49352,50.074707,47.827232,49.477467,48.95942,50.048946,51.3562,53.491817,54.364563,57.656708,58.048885,54.630283,57.84217,60.31755,58.327625,57.39843,55.18662,50.207962,50.110256,48.93573,45.05978,46.10989,40.22968,44.03935,40.926643,42.515244,40.899097
4,12.567567,10.474182,8.912545,4.1558867,0.0,3.9878488,7.0471106,10.815806,13.369616,15.57666,19.47774,23.416056,23.262766,22.75426,18.30827,15.800025,13.945319,12.12942,13.594584,11.571234,15.43425,12.852774,16.85919,19.282612,19.450638,21.5086,20.61999,17.695492,18.871756,17.92088,18.729454,23.231634,23.179873,27.014984,27.35075,31.750559,33.540062,37.31405,33.464672,33.54246,28.815693,30.028748,25.821918,25.59252,24.458536,23.321232,23.872204,21.042694,20.581758,20.24865,19.13445,21.641615,24.475847,22.748615,28.217522,28.893654,26.269083,28.43975,28.368862,28.726765,26.78267,23.07142,18.728586,18.637726,16.22162,21.436472,17.684635,21.28506,24.587408,27.068369,26.622526,30.260338,31.049404,30.344324,33.762886,32.836292,37.9695,37.48725,41.918068,42.991184,46.70517,46.537716,42.231014,41.655544,40.114925,36.487595,39.779133,34.240692,36.09327,34.071564,34.360783,33.14829,34.988747,31.449993,28.371826,30.840952,33.9319,27.720552,28.076923,31.495296,28.49044,28.419275,32.824997,32.255997,34.003883,33.18437,36.657955,35.70867,40.515957,41.31079,44.69637,49.595634,52.079266,48.642258,47.68351,42.291466,41.911514,42.04689,39.01327,41.499767,40.72633,45.355736,46.50137,49.384033,45.51035,42.59086,42.077152,41.18777,44.606667,42.99148,48.25325,45.940746,51.600525,48.489563,53.302086,51.124584,53.56882,52.34626,50.98967,47.65523,48.582226,44.618137,48.06766,43.506092,47.50969,43.060562,48.858406,46.090023,49.18212,50.74013,53.67314,54.723106,55.796394,61.137627,61.599342,64.07051,61.62747,60.215015,62.350204,65.89056,65.76939,61.937775,59.593063,60.85989,60.14038,62.385757,61.72739,60.182983,59.818233,61.19429,59.452724,58.630257,58.015778,59.291542,56.081665,59.86697,57.586563,62.30072,60.758858,60.608868,63.491028,61.531338,58.08125,53.610676,50.451084,49.90761,50.235798,48.279686,49.440727,49.1261,49.925423,51.3676,53.25797,53.746788,57.26044,57.829136,54.32418,57.235653,60.121094,58.091915,57.22251,54.73164,50.01315,49.992504,48.809258,45.10026,46.12037,40.348583,43.86452,41.018345,42.267414,40.929432
5,16.329626,13.94818,11.722764,6.9261713,3.9878488,0.0,3.549567,7.0735908,9.519288,11.603074,15.534096,19.429825,19.433968,19.14464,14.8387785,12.531178,11.573978,10.080458,12.519907,11.660989,16.288326,14.609992,18.79597,20.765968,20.896568,22.55069,20.763462,17.314543,17.921656,16.530266,16.226181,20.268229,19.949366,23.676735,23.768267,28.275503,29.908983,33.710518,30.067713,30.235867,25.63791,27.050406,23.231249,23.207468,22.596125,21.632355,23.239618,20.588755,20.767551,19.63803,17.860178,19.875498,22.712696,20.34952,26.048277,26.388458,23.522572,25.33092,25.283037,25.299095,23.170958,19.856739,15.681086,16.25176,14.4514675,20.281502,17.249853,20.99692,24.481365,26.276342,25.428469,28.837545,29.204605,28.09438,31.3263,30.024488,35.14674,34.15285,38.756966,39.61281,43.36302,43.06566,38.73751,38.412075,37.02739,33.546978,37.04098,31.797367,33.932816,32.333084,32.98657,32.038918,33.863926,30.789503,27.3768,29.449623,32.996212,27.23067,26.827496,30.283073,26.712563,26.454292,30.767048,29.859234,31.45058,30.33675,33.798313,32.58658,37.478764,38.01219,41.333588,46.25145,48.937943,45.69744,44.865448,39.527863,39.41423,39.985836,36.921738,39.846657,39.17835,43.829243,45.23294,48.11618,44.218185,41.40592,40.614647,39.552486,42.739,40.839394,46.1074,43.287674,49.06628,45.54905,50.52796,48.019062,50.72996,49.31904,47.849586,44.74907,45.860462,41.848095,45.607174,41.21991,45.389698,41.143642,47.02628,44.743034,47.71431,49.408592,52.089165,52.875534,53.852455,59.219547,59.392784,62.052097,59.504196,57.94106,59.920834,63.43086,63.14214,59.219578,57.07452,58.333458,57.83491,60.132244,59.822563,58.316963,58.165607,59.7211,57.97876,57.163044,56.51772,57.619846,54.2645,58.047943,55.607548,60.362816,58.530266,58.651936,61.351692,59.41978,55.927834,51.396263,48.273144,48.006927,48.364197,46.73102,47.83594,47.90621,48.725826,50.44805,52.266266,52.637104,56.055485,56.50889,52.73426,55.36079,58.315765,56.048283,55.033848,52.206646,47.707306,47.453217,46.10621,42.59357,43.77607,38.123188,41.827873,39.332848,40.61119,39.683746
6,19.307198,17.211605,15.120496,10.277862,7.0471106,3.549567,0.0,6.0720496,6.509113,9.487589,12.756984,16.992687,16.837357,16.444891,12.830753,9.877815,10.372363,8.104358,12.1767645,11.303622,16.506798,15.535792,19.793596,21.011333,20.815842,22.22153,19.700603,15.916624,16.42201,14.278725,13.8934145,17.161245,17.424,20.550623,21.138454,25.243265,27.04916,31.005825,27.569117,27.514238,23.181128,24.231895,20.806047,20.461658,20.46144,19.091026,21.54694,18.821863,19.347536,17.498571,15.244322,16.926165,19.612314,16.960613,22.723036,22.973305,20.054338,21.799904,21.752161,21.808214,19.763834,16.321161,12.183049,12.910656,11.633166,17.62872,15.142736,18.894037,22.458479,23.760527,22.738066,25.983646,26.071804,24.883514,27.966457,26.622486,31.68861,30.721737,35.32692,36.1357,39.960323,39.8018,35.585598,35.29914,33.813248,30.351194,33.795544,28.721846,30.836174,29.486856,30.250343,29.59032,31.586895,28.802858,25.131336,27.182524,31.137024,25.850319,25.090935,28.778316,24.865799,24.953075,29.21588,28.403568,29.465868,28.05193,31.358082,29.88183,34.59442,35.13929,38.514664,43.469936,46.18072,42.933903,42.036873,36.77918,36.669212,37.50161,34.222008,37.45366,36.597454,41.146477,42.757587,45.527077,41.54739,38.85829,37.87046,36.896736,39.964172,38.007668,43.2737,40.384003,46.269524,42.67077,47.854324,45.279976,48.256344,46.856964,45.53554,42.476215,43.611153,39.383503,43.28969,38.825836,43.00673,38.821766,44.61167,42.566814,45.317703,46.972237,49.577923,50.226257,51.249798,56.609776,56.624897,59.491306,56.990932,55.303238,57.277763,60.6698,60.372387,56.46302,54.283882,55.359024,54.932976,57.130543,57.0748,55.44515,55.462494,57.165005,55.560745,54.863773,54.325756,55.42555,52.12588,56.006607,53.606476,58.494907,56.679104,57.0677,59.75505,58.01578,54.620205,50.049408,46.80041,46.635918,46.808636,45.459827,46.204983,46.51185,47.147198,49.031723,50.666542,50.77339,54.26701,54.786716,50.901543,53.253902,56.470325,54.138836,53.146435,50.098034,45.835377,45.62211,44.2779,40.92944,42.084797,36.586006,40.05904,37.84921,38.88978,38.269978
7,22.097136,19.292244,16.336292,12.308357,10.815806,7.0735908,6.0720496,0.0,5.3545766,5.4974957,10.487367,13.2407255,13.014325,13.191986,8.54145,8.157722,8.384626,9.508444,11.711599,13.938039,18.509417,18.270302,22.203552,23.832424,24.333054,25.145088,22.311455,18.486786,17.592123,16.415678,12.995988,16.580399,14.558932,18.854862,17.597416,22.830862,23.873077,27.439997,23.931204,24.573368,20.011904,22.381868,19.144646,20.212631,20.106026,20.429281,23.397367,21.706306,23.103592,21.246454,18.733732,19.629435,22.836752,19.596207,25.311913,24.589514,21.309214,22.246317,22.785765,21.77911,18.793571,16.887054,14.203509,16.131052,16.257307,22.302643,20.26862,23.80413,27.176273,27.645594,25.845747,28.669277,28.467089,26.246197,29.234997,26.972912,32.111816,29.821087,34.683685,35.32353,38.777878,37.88254,33.317333,33.385212,32.573,29.47987,33.516167,28.831333,31.755735,30.87561,32.374393,31.605696,32.932316,30.812162,27.14709,27.9727,31.899803,26.941532,25.065886,28.090841,23.724356,22.584284,26.519676,24.76269,26.495953,25.095541,28.640078,27.240091,32.502197,32.46155,35.541245,40.395172,43.40527,40.610775,40.17118,34.91678,35.43828,36.66244,33.974472,37.437756,37.42658,42.219776,43.891926,46.954617,43.27657,40.580284,39.43392,37.693558,40.384087,37.87231,43.0459,39.13132,44.91916,40.654663,45.622307,42.53917,45.409477,43.616943,41.776875,39.108658,40.56106,36.769787,40.96877,37.173363,41.645947,37.90212,44.01557,42.65197,45.61087,47.715755,49.798576,50.128803,50.758633,56.13359,55.863358,58.60255,55.75212,54.04333,55.648712,59.247265,58.595016,54.481327,52.860725,54.417336,54.325935,56.933483,57.017803,55.89271,55.969513,57.698746,55.719803,54.729057,53.842194,54.501286,50.758907,54.35863,51.526222,56.16242,53.696182,54.118183,56.42281,54.387638,50.76092,46.183926,43.281506,43.513916,44.11431,42.939014,44.287327,44.985924,46.06187,48.228115,50.0737,50.512135,53.52962,53.60757,49.38595,51.66041,54.409046,51.70613,50.35904,47.08928,42.849247,42.062866,40.39831,37.172794,38.704426,33.26106,37.55524,35.61331,37.20477,36.922073
8,25.360126,23.04903,20.53779,15.988545,13.369616,9.519288,6.509113,5.3545766,0.0,4.3717327,6.8171983,10.827226,10.518967,10.518459,8.069636,5.8604374,9.507367,8.715957,13.332696,14.47231,19.59871,19.857758,23.879293,24.48517,24.34378,25.026728,21.4213,17.335304,16.67526,14.142285,11.208551,12.766645,12.416827,15.046376,15.172025,19.354479,20.87112,24.870806,21.867617,21.932941,18.020206,19.393978,17.031895,17.176096,18.31117,17.528816,21.734331,19.73618,21.34301,18.494514,15.38806,15.710402,18.315374,14.606956,20.32882,19.63724,16.31051,17.12425,17.445034,16.611752,13.937667,11.675354,8.998504,11.380168,12.358928,18.230509,17.239536,20.60704,24.013762,23.908722,22.078459,24.623089,23.934195,21.822878,24.456356,22.279446,27.2583,25.21233,30.093172,30.584965,34.34378,33.88373,29.608313,29.748653,28.603699,25.488514,29.311708,24.932682,27.619766,27.13614,28.631134,28.4227,30.204975,28.427076,24.413511,25.488953,30.045853,25.860132,23.756592,27.26847,22.524624,22.301964,26.144283,24.795246,25.39088,23.411743,26.57792,24.609486,29.403963,29.466417,32.707066,37.664616,40.690243,37.80607,37.15055,32.06049,32.461132,34.084198,30.8734,34.815083,34.250698,38.758266,40.766426,43.526432,39.641964,37.188164,35.746727,34.388863,36.94069,34.47225,39.644684,35.838047,41.848274,37.561848,42.973915,39.855377,43.26287,41.564945,40.095306,37.451057,38.88474,34.612556,39.01424,34.94583,39.35,35.62834,41.46293,40.33734,42.84511,44.744186,46.834145,47.007057,47.821514,53.1658,52.68851,55.82409,53.152615,51.23079,52.913376,56.2444,55.65946,51.617687,49.809055,50.905025,50.86818,53.181084,53.69114,52.20667,52.567566,54.538986,52.90954,52.205585,51.598732,52.37127,48.852825,52.676414,50.03124,54.93784,52.66478,53.520947,55.887974,54.244473,50.843494,46.22786,43.05624,43.36213,43.55069,42.8015,43.40165,44.37203,45.026222,47.355877,48.841667,48.761215,52.0194,52.32653,48.03549,49.863075,53.158875,50.452,49.232025,45.63935,41.826473,41.2385,39.64995,36.71189,38.10629,32.9632,36.631523,35.121414,36.162506,36.298084
9,27.423597,24.647259,21.67982,17.581888,15.57666,11.603074,9.487589,5.4974957,4.3717327,0.0,5.29337,7.893018,8.92885,10.211485,7.52637,8.202568,11.3150215,12.267161,15.585051,17.920366,22.73079,22.97635,26.911058,27.94792,28.132246,28.709015,25.167776,21.138126,19.963875,17.974894,13.663644,14.982398,12.93416,15.9837055,14.3858185,19.418154,20.089499,23.777885,21.092808,21.80839,18.0112,20.440233,18.583397,19.64452,20.811989,20.936308,25.289854,23.704073,25.509743,22.736246,19.595638,19.620558,22.111315,18.029696,23.58699,22.511524,19.061419,19.060562,19.310911,17.62205,14.536806,13.960805,12.03425,15.144689,16.159924,22.182,21.553482,24.927792,28.336983,28.034353,26.017647,28.30897,27.33717,24.796398,27.114391,24.385069,29.16394,26.019377,31.145947,31.168573,34.840343,33.883022,29.468428,30.15953,29.566248,26.873333,31.044178,27.205008,30.31268,30.241234,32.09203,31.93098,33.410805,31.990835,28.011549,28.476608,32.992172,28.998697,26.348146,29.404093,24.430794,23.334784,26.826294,24.652342,25.730711,23.654009,26.907804,24.824177,29.944668,29.3642,32.28485,37.141766,40.546528,38.15235,37.881542,32.91256,33.84688,35.87287,33.02511,37.176273,37.060436,41.613056,43.709484,46.558834,42.820415,40.433403,38.855766,37.151722,39.402603,36.58155,41.633068,37.053318,43.007866,38.10169,43.44559,39.774857,43.280388,41.18337,39.23644,37.09677,38.86678,34.931713,39.64503,36.14402,40.73698,37.39749,43.372562,42.759666,45.319916,47.455196,49.198914,49.11515,49.68259,55.001766,54.245453,57.379253,54.48443,52.49583,53.873756,57.283394,56.400356,52.207584,50.860153,52.193813,52.46181,54.974907,55.735996,54.50536,54.989464,57.028347,55.23135,54.3829,53.58097,54.048416,50.2453,53.862946,50.9034,55.615135,52.79583,53.741734,55.75171,53.875053,50.2801,45.672817,42.83304,43.518387,44.048702,43.477695,44.51321,45.78679,46.734997,49.249462,50.856762,50.963505,53.9052,53.916653,49.38996,51.08844,54.06785,51.05672,49.543736,45.688164,42.007843,40.884502,38.968433,36.246666,37.99782,32.993065,37.304844,36.06988,37.49595,37.89687
10,31.759521,29.212578,26.447147,22.079275,19.47774,15.534096,12.756984,10.487367,6.8171983,5.29337,0.0,5.181325,7.843916,9.762741,10.161732,10.253602,15.019962,14.999068,19.399002,21.08634,26.122952,26.6308,30.595493,30.979212,30.706953,31.191132,27.144852,23.060377,22.041622,19.144722,15.238014,14.046119,13.323961,14.039443,13.340171,17.08368,17.783237,21.748163,20.104816,20.44615,17.782455,19.434134,19.01176,19.407124,21.833767,21.165638,26.566275,24.845062,26.774694,23.209373,19.654535,18.962887,20.403677,15.716101,20.870502,19.734169,16.325794,15.474195,15.10269,12.986506,10.298553,10.86705,9.667022,13.60239,15.332686,20.849218,21.632256,24.7059,28.060593,27.149137,25.169834,26.951168,25.254005,22.777508,24.316269,21.469069,25.73078,22.234955,27.505898,26.911821,30.998363,30.35607,26.335262,27.52079,26.834156,24.453209,28.437931,25.432451,28.353401,28.982664,30.916248,31.431978,33.272022,32.363937,28.152506,28.657333,33.685516,30.58538,27.636032,30.911724,25.64703,25.139614,28.287233,26.241224,26.324453,23.630882,26.366238,23.57522,28.136414,27.29369,30.162512,35.01837,38.64051,36.456657,36.139088,31.533854,32.591263,35.251556,32.025745,36.73806,36.184055,40.340443,42.83527,45.329357,41.452396,39.416542,37.461945,36.1029,38.013565,35.125763,40.034866,35.25147,41.37079,36.152344,41.947918,37.956852,42.141937,39.958557,38.209595,36.42237,38.325794,34.072277,39.108406,35.63593,40.165794,37.08413,42.715496,42.597126,44.643143,46.61614,48.202682,47.82085,48.48503,53.708656,52.576794,56.156956,53.38561,51.12977,52.433468,55.537052,54.584103,50.427666,49.109135,49.98611,50.479748,52.707283,54.108612,52.56912,53.449646,55.787167,54.33661,53.75831,53.1921,53.648067,50.000233,53.73821,50.86586,55.741962,52.89695,54.345737,56.237972,54.68145,51.262657,46.666008,43.734722,44.660675,44.910458,44.85783,45.30092,46.961697,47.587868,50.314243,51.586464,51.22336,54.266518,54.398273,49.739716,50.879337,54.285625,51.156265,49.657326,45.352028,42.259262,41.10433,39.13266,36.881496,38.628548,34.096516,37.963814,37.31273,38.313854,39.235065
11,35.289017,32.492954,29.44225,25.458378,23.416056,19.429825,16.992687,13.2407255,10.827226,7.893018,5.181325,0.0,5.678789,8.941559,10.365796,12.552813,16.906132,18.229317,21.564898,24.4351,29.051027,29.949524,33.694168,34.188046,34.251904,34.383217,30.191732,26.221441,24.491562,22.239904,16.92105,15.403228,12.91893,13.777029,10.987568,15.3289175,14.884793,18.313742,17.203882,18.242496,16.08453,18.768818,19.156288,20.571564,23.036877,23.506994,29.087568,28.06241,30.444525,26.984371,23.474596,22.353527,24.056639,19.439116,23.993702,22.0956,18.749048,17.08842,17.385017,14.303945,10.930358,13.593137,14.145147,18.020731,20.322903,25.486338,26.291714,29.168505,32.307278,30.875368,28.432274,29.790104,27.911146,24.724665,25.977337,22.42406,26.379383,21.552517,26.877813,25.993,29.595951,28.207687,23.996614,25.730795,25.801514,24.03031,28.38451,26.102036,29.578701,30.693962,33.15743,33.64941,34.960857,34.662586,30.5752,30.147875,35.068695,32.49637,28.79989,31.477514,26.018694,24.724463,27.249716,24.464676,24.72669,21.893652,24.52313,21.632698,26.41047,24.829014,27.265835,31.932325,35.907093,34.304607,34.450268,30.088514,31.784554,34.91401,32.236057,37.135307,37.225517,41.405193,43.96812,46.59633,43.032356,41.091812,38.99857,37.08604,38.54501,35.22401,39.88147,34.185455,40.11584,34.243267,39.85744,35.299755,39.55237,36.964695,34.76825,33.559814,35.808834,31.967367,37.300194,34.563343,39.23429,36.707775,42.400208,43.001003,45.063873,47.35099,48.424488,47.700176,48.021805,53.160275,51.692116,55.22299,52.19765,49.8794,50.80168,53.98322,52.686485,48.387444,47.628944,48.83666,49.69216,52.20667,53.855778,52.727036,53.727535,56.118805,54.435543,53.672066,52.86795,52.927803,48.980194,52.450943,49.252834,53.893734,50.477318,52.116158,53.59949,51.906,48.3804,43.839462,41.239113,42.611446,43.139168,43.432587,44.190613,46.285553,47.17519,50.154186,51.48827,51.28429,53.9071,53.6922,48.768387,49.653774,52.72676,49.262615,47.46116,42.84407,40.03703,38.33538,36.05293,34.170723,36.248,32.085182,36.439163,36.26589,37.57504,38.93225
12,34.401413,31.871592,28.992775,25.052195,23.262766,19.433968,16.837357,13.014325,10.518967,8.92885,7.843916,5.678789,0.0,3.4754121,6.687903,9.324146,13.602318,15.468584,18.190018,21.655273,25.741798,27.318775,30.699108,30.831404,31.081608,30.751234,26.361065,22.617632,20.299316,18.63308,12.412262,11.009073,7.376957,9.250912,5.824485,11.145502,11.234931,14.851011,12.521652,13.392133,10.546277,13.518017,13.659919,15.649925,17.906168,19.220676,24.723791,24.382364,27.234518,24.047491,20.785295,19.395803,21.981758,18.027754,22.212164,19.644854,16.352821,15.158732,16.984867,14.208352,9.946256,11.991784,14.033053,17.112514,20.32303,24.797956,24.912243,27.423616,30.154976,28.274227,25.291794,26.49749,25.006605,21.218777,22.997824,19.207476,23.644106,19.127125,24.172564,24.369333,27.269953,25.660069,20.997732,21.904167,21.950016,19.88154,24.47709,21.6942,25.555107,26.457592,29.221209,29.35108,30.170921,30.137402,26.245842,25.184353,29.917442,27.642143,23.564184,26.002718,20.509369,19.193666,21.653889,19.130455,19.158789,16.400684,19.224775,16.665245,21.806942,20.703993,23.453667,28.269474,31.833529,29.789467,29.828508,25.155912,26.741814,29.596525,27.193472,31.89208,32.40634,36.810608,39.180187,42.06343,38.750282,36.658882,34.715965,32.33218,33.821873,30.4224,35.131607,29.516415,35.365303,29.835009,35.20787,31.112856,34.913063,32.609,30.666296,28.8503,30.858217,26.940197,32.07228,29.183167,33.887436,31.273243,37.116684,37.66192,39.929893,42.3895,43.398872,42.775055,43.00346,48.19955,46.96164,50.224964,47.147053,44.980606,46.014633,49.38502,48.2204,43.93276,43.008224,44.52281,45.1828,47.93951,49.129738,48.290146,49.03872,51.25949,49.33797,48.41817,47.491955,47.541412,43.54713,47.02045,43.85794,48.53779,45.354694,46.84653,48.55884,46.954967,43.526577,38.94567,36.106403,37.26523,37.665874,37.888332,38.562885,40.611156,41.50888,44.490738,45.857437,45.75767,48.315464,48.07464,43.182922,44.23345,47.26936,43.91804,42.22552,37.84965,34.773113,33.37461,31.322046,29.154089,31.030134,26.713568,30.885506,30.62879,31.905096,33.268307
13,33.389774,31.133537,28.485054,24.516968,22.75426,19.14464,16.444891,13.191986,10.518459,10.211485,9.762741,8.941559,3.4754121,0.0,5.725523,7.4738283,11.719522,13.457459,16.04538,19.490074,23.288727,25.236382,28.405489,28.208893,28.461462,27.903732,23.391808,19.795374,17.260122,15.809533,9.344188,8.011132,4.0253396,6.899297,4.7045736,9.777012,10.837118,14.587706,11.361247,11.653838,8.096855,10.644613,10.235705,12.287811,14.45367,16.021555,21.474836,21.429794,24.493052,21.460058,18.393297,16.902468,19.99642,16.589603,20.535097,17.747423,14.562147,13.969556,16.56585,14.335609,10.038207,10.942561,13.57638,15.94738,19.562641,23.498957,23.189829,25.440538,27.91033,25.843966,22.626318,23.815931,22.642452,18.662798,20.877016,17.19054,21.988361,18.200357,22.947876,23.898836,26.497828,25.047382,20.284763,20.436512,20.165228,17.684858,22.267307,18.899067,22.83347,23.443214,26.25594,26.160849,26.815735,26.800055,22.99358,21.764282,26.447393,24.254494,20.111486,22.6262,17.125294,16.18159,18.84213,16.892399,16.569473,13.918113,16.876377,14.613308,19.813904,19.360199,22.435278,27.33973,30.478836,27.954199,27.74032,22.804667,24.056408,26.564228,24.129932,28.653109,29.220774,33.760807,35.99548,38.993637,35.74203,33.53111,31.720114,29.204887,30.858139,27.553947,32.379974,27.157253,33.00849,27.963705,33.23566,29.66822,33.157722,31.204517,29.6296,27.235825,28.9347,24.80932,29.67472,26.39882,31.06437,28.191309,34.104725,34.38121,36.761368,39.225563,40.35924,39.905388,40.195602,45.452114,44.461716,47.588337,44.5741,42.517162,43.752125,47.19296,46.230515,42.015366,40.790417,42.360737,42.77992,45.577614,46.417553,45.614662,46.177605,48.28367,46.30048,45.354134,44.441322,44.621822,40.712578,44.288643,41.275707,46.068684,43.24906,44.603462,46.598225,45.126324,41.82485,37.22325,34.11259,34.968636,35.158146,35.23452,35.694206,37.573956,38.361465,41.27091,42.619347,42.506573,45.176506,45.04755,40.263695,41.48326,44.63726,41.479614,39.975,35.863068,32.550438,31.57339,29.808704,27.357098,28.94744,24.436594,28.22971,27.762964,28.865585,30.100986
14,28.452608,25.969994,23.157314,19.498241,18.30827,14.8387785,12.830753,8.54145,8.069636,7.52637,10.161732,10.365796,6.687903,5.725523,0.0,5.076237,7.2321606,10.427934,11.839604,16.075937,19.820362,21.31526,24.583405,25.22275,25.913134,25.64873,21.790417,18.124472,15.639757,15.049657,8.418037,11.0876255,6.5919733,12.044212,9.571592,15.301849,16.13232,19.40652,15.497613,16.298079,11.60047,14.773442,12.12268,14.5458,14.919766,16.944935,21.030434,20.759428,23.437853,21.192217,18.482357,18.03569,21.81214,18.652557,23.433311,21.310015,18.035967,18.331968,20.39974,18.646496,14.643181,14.126268,14.669084,16.774824,19.261316,24.06921,22.600996,25.347622,28.087076,26.992344,24.09003,26.045263,25.564384,22.067286,24.94699,21.794125,26.917551,23.76822,28.435568,29.529947,32.16485,30.680964,25.832243,25.724104,25.400667,22.623072,27.080519,22.853588,26.580883,26.313265,28.717237,27.981213,28.533995,27.623713,24.003687,23.232347,27.332386,23.735678,20.273195,22.717299,17.660627,15.966932,19.340303,17.19415,18.470678,16.7938,20.33857,18.980095,24.49402,24.288338,27.28287,32.070736,35.0282,32.369484,32.16709,26.966839,27.942772,29.61701,27.443668,31.242226,32.00465,36.876507,38.686577,41.94524,38.68946,36.121346,34.737522,32.184856,34.331852,31.295656,36.268528,31.54774,37.194138,32.586662,37.385128,34.15874,36.963047,35.089725,33.253086,30.602438,32.15283,28.448183,32.861057,29.501356,34.145927,30.889246,37.09945,36.61893,39.5259,42.02321,43.485268,43.42779,43.718887,49.047596,48.48537,51.188248,48.12265,46.349297,47.698708,51.3806,50.524284,46.3229,45.025253,46.910206,47.06602,50.002026,50.23382,49.575,49.75379,51.558746,49.32915,48.171024,47.080803,47.36461,43.368168,46.83349,43.778168,48.380905,45.620308,46.367207,48.49288,46.614975,43.074142,38.461826,35.503193,36.047718,36.600166,35.963158,37.16341,38.4753,39.6168,42.203716,43.944344,44.33816,46.9912,46.796688,42.23222,44.128265,46.824295,43.84611,42.344933,38.780273,34.793686,33.837975,32.113148,29.100155,30.716158,25.560858,29.940481,28.625713,30.252417,30.702774
15,26.237738,24.246412,21.92929,17.727522,15.800025,12.531178,9.877815,8.157722,5.8604374,8.202568,10.253602,12.552813,9.324146,7.4738283,5.076237,0.0,5.743964,6.148088,9.896897,12.367754,16.742624,18.169104,21.66624,21.75346,21.936264,21.889263,17.83395,13.913692,12.1511,10.508851,5.52071,8.599139,7.585102,11.540581,11.95001,16.077362,18.001991,21.790138,17.963614,17.785387,13.342843,14.617946,11.41443,12.117689,12.717753,13.124789,17.331203,16.343662,18.793873,16.297514,13.51638,13.375126,17.261896,14.468185,19.458942,17.874146,14.69675,15.927987,17.82871,17.028536,13.677312,11.230583,11.058181,12.325307,14.819497,19.294308,17.562849,20.280273,23.055788,22.199217,19.555635,21.86258,21.627886,18.736189,21.944386,19.517488,24.853682,23.046097,27.524448,28.932596,31.930986,31.20652,26.671768,26.084438,24.968317,21.651585,25.61565,20.745071,23.851261,23.114485,25.020544,24.342186,25.480982,24.03578,20.208954,20.444412,24.814756,20.88367,18.218555,21.530437,16.699907,16.532656,20.432665,19.516775,19.927998,18.240263,21.51532,20.073168,24.98888,25.52753,28.90568,33.822067,36.418274,33.21238,32.486633,27.198399,27.456455,28.723885,25.86252,29.53787,29.507324,34.285084,36.081303,39.14978,35.58402,32.96268,31.67747,29.722223,32.28162,29.719105,34.894646,31.176222,36.99634,33.093025,38.146538,35.500996,38.40221,36.984264,35.754623,32.629143,33.79881,29.571407,33.665432,29.506037,33.89876,30.112564,36.098167,34.949398,37.699707,39.825047,41.78604,42.02957,42.704987,48.0757,47.7947,50.63517,47.89402,46.1332,47.872726,51.374115,50.879787,46.871265,44.979027,46.408764,46.222122,48.80287,48.879993,47.75786,47.87435,49.672253,47.760624,46.867455,46.102665,46.818462,43.23387,47.016083,44.391994,49.28489,47.20842,47.92755,50.46587,48.913174,45.630737,41.030712,37.680164,37.7807,37.85395,37.04013,37.576176,38.51203,39.199142,41.554993,43.088425,43.141773,46.285713,46.52742,42.255756,44.233818,47.440315,44.836456,43.71279,40.386436,36.36065,36.065353,34.722687,31.563908,32.7308,27.498344,30.929405,29.307354,30.326117,30.448563
16,22.386871,20.403122,18.139933,14.657642,13.945319,11.573978,10.372363,8.384626,9.507367,11.3150215,15.019962,16.906132,13.602318,11.719522,7.2321606,5.743964,0.0,5.3633633,4.6811714,9.333573,12.7033825,14.18859,17.35953,18.254496,19.243181,19.11774,15.945431,12.518748,10.331487,11.014788,6.5916452,12.774834,10.525554,16.024374,15.530936,20.209398,21.904547,25.146954,20.570078,20.74712,15.602974,17.498455,12.799548,14.3386135,12.691475,14.498027,16.45512,16.00769,18.235682,17.22782,15.488592,16.22725,20.856033,18.995525,23.809586,22.381248,19.511902,21.222548,23.343885,22.735363,19.34096,16.725016,16.042202,16.543095,18.13455,22.480701,19.322441,22.016994,24.540264,24.36213,21.80195,24.483797,25.109226,22.34919,26.098316,23.94409,29.402224,27.940279,32.09742,33.98592,36.52003,35.51292,30.776848,29.72757,28.769537,25.356625,29.258375,23.811935,26.915144,25.39298,27.106813,25.56715,26.08089,24.051605,20.85477,20.908886,24.225183,19.157116,17.09503,19.869236,15.878418,14.940921,19.203878,18.454702,20.108643,19.462,23.080645,22.641155,27.794674,28.625542,31.906597,36.637875,38.874893,35.497692,34.82571,29.350615,29.411278,29.78093,27.562296,30.297085,30.863039,35.952324,37.179913,40.6146,37.35592,34.390556,33.62921,31.290628,34.156635,31.788132,36.920822,33.614784,39.022896,35.658825,40.02393,37.882595,39.90131,38.67992,37.33693,33.829437,34.7398,31.02579,34.51213,30.422268,34.701084,30.70006,36.90443,35.135437,38.473637,40.753056,42.85405,43.463135,44.00709,49.378544,49.566067,51.816334,48.989292,47.590843,49.405273,53.198063,52.815636,48.852642,46.933205,48.85471,48.397892,51.25924,50.56902,49.844143,49.47949,50.877216,48.570816,47.35911,46.319096,47.052,43.365562,46.944595,44.297485,48.928543,47.003765,47.08237,49.794224,47.929153,44.532696,40.00391,36.759075,36.463436,36.821686,35.318047,36.541115,36.907043,37.971767,39.99281,41.9288,42.579735,45.555046,45.66335,41.65742,44.31572,46.96943,44.60049,43.527626,40.869328,36.203686,36.06483,34.9058,31.224764,32.267677,26.583145,30.326412,27.91244,29.417988,28.776247
17,21.269484,19.892908,18.26874,14.0655155,12.12942,10.080458,8.104358,9.508444,8.715957,12.267161,14.999068,18.229317,15.468584,13.457459,10.427934,6.148088,5.3633633,0.0,6.4217834,6.3441043,11.220926,12.306017,15.964454,16.03142,16.10478,16.466028,13.002558,9.054197,8.517422,7.194146,6.847481,11.858474,12.563074,16.211658,17.681746,21.130936,23.53594,27.267092,23.096395,22.54763,17.966959,18.317411,13.937412,13.515199,12.589101,11.913036,14.01809,12.248873,13.955572,12.495584,10.680724,12.056708,16.463793,15.0612135,19.956629,19.3005,16.678392,19.110893,20.749382,21.010555,18.426207,14.447187,12.836188,12.306455,13.503494,17.427692,13.972438,16.7429,19.432966,19.685678,17.635593,20.726377,21.502316,19.625343,23.443508,22.094198,27.500948,27.188868,31.194136,33.113983,36.104683,35.8406,31.494379,30.274187,28.637037,24.894602,28.23626,22.505915,24.82264,22.977736,24.046862,22.771885,24.14043,21.532461,18.040848,19.481691,23.199678,17.994139,16.99311,20.730133,17.015312,17.736698,22.127087,22.256891,22.853788,21.878345,25.095392,24.269503,28.77496,30.051872,33.602734,38.453514,40.52817,36.807777,35.69313,30.295006,29.788252,30.016048,27.005535,29.774778,29.32525,34.14524,35.472946,38.562332,34.910698,32.001415,31.253351,29.734692,32.92022,31.038675,36.292297,33.86858,39.478867,36.5978,41.351154,39.53311,41.908417,40.986237,40.138668,36.440296,37.137245,32.889874,36.257465,31.517189,35.526398,31.151253,36.973785,34.698383,37.683006,39.49604,42.07174,42.887302,43.844822,49.208004,49.532864,52.06777,49.593796,48.113003,50.247982,53.761852,53.673435,49.891804,47.467407,48.802227,48.108208,50.51612,49.901173,48.59848,48.30474,49.790142,47.9368,47.08976,46.45877,47.607258,44.375645,48.274525,46.048885,50.976944,49.61196,49.850197,52.842823,51.342308,48.201588,43.68817,40.131744,39.595417,39.467533,38.014385,38.445385,38.596886,39.114548,40.958088,42.5698,42.72405,46.21148,46.781975,43.02691,45.554672,48.80525,46.722595,45.968224,43.327076,38.86512,39.200806,38.27606,34.686806,35.41923,29.890055,32.71308,30.294022,31.08925,30.33516
18,19.548117,18.106342,16.454895,13.603992,13.594584,12.519907,12.1767645,11.711599,13.332696,15.585051,19.399002,21.564898,18.190018,16.04538,11.839604,9.896897,4.6811714,6.4217834,0.0,6.4087706,8.358742,10.140118,12.885554,14.049144,15.520375,15.339414,13.018499,10.311971,8.414687,10.719944,8.860695,15.633141,14.192864,19.49121,19.565762,23.770023,25.733664,28.807205,23.93843,23.890488,18.725218,20.070343,14.687354,15.801317,12.832664,14.678983,14.554763,14.316485,16.134483,16.404617,15.677883,17.081524,22.029173,21.13576,25.59511,24.483694,22.008278,24.311903,26.544819,26.429163,23.299881,20.033276,19.07445,18.678907,19.762606,23.42307,19.244501,21.636328,23.770088,24.13873,21.818224,24.781397,26.141945,23.813921,27.942917,26.339174,31.81419,31.187368,34.952953,37.31068,39.623672,38.77571,34.10989,32.546085,31.358932,27.740025,31.268297,25.318785,28.030146,25.77544,27.0645,24.93077,25.201721,22.5251,19.910538,20.306185,22.74451,16.771067,15.869986,18.514505,15.674488,15.164961,19.592348,19.708921,21.575104,21.613495,25.134579,25.30128,30.164246,31.515205,34.854057,39.454956,41.23263,37.514355,36.63112,31.11361,30.686409,30.203985,28.182625,30.07124,30.677288,35.832848,36.59689,40.1596,37.053463,33.86138,33.56487,31.270319,34.488754,32.548813,37.629967,35.17603,40.274307,37.6974,41.6424,40.17879,41.61551,40.787643,39.714615,35.760883,36.27715,32.71874,35.54262,31.187304,35.142845,30.814793,36.909233,34.37188,38.003223,40.173695,42.59291,43.613323,44.24587,49.570396,50.240154,52.107502,49.41789,48.303265,50.353195,54.222992,54.112587,50.32161,48.097343,50.12233,49.303352,52.165634,50.840004,50.19249,49.442986,50.523617,48.107758,46.81013,45.75003,46.71412,43.225178,46.78131,44.39064,48.939186,47.530243,47.15037,50.189877,48.327232,45.05386,40.649097,37.3016,36.48171,36.748108,34.690758,35.98765,35.718235,36.77858,38.38782,40.475227,41.3731,44.44877,44.698475,41.10474,44.255524,46.76182,44.79944,43.9895,41.96422,36.924267,37.265453,36.466854,32.44732,33.125477,27.274618,30.562855,27.492006,28.947088,27.570293
