,0,1,2,3,4,5,6,7,8,9,10,11,12,13,14,15,16,17,18,19,20,21,22,23,24,25,26,27,28,29,30,31,32,33,34,35,36,37,38,39,40,41,42,43,44,45,46,47,48,49,50,51,52,53,54,55,56,57,58,59,60,61,62,63,64,65,66,67,68,69,70,71,72,73,74,75,76,77,78,79,80,81,82,83,84,85,86,87,88,89,90,91,92,93,94,95,96,97,98,99,100,101,102,103,104,105,106,107,108,109
0,0.0,4.334173,6.4790573,9.613471,12.257803,14.129411,17.47826,20.280739,23.49161,25.52159,28.933098,30.841242,33.303574,30.49985,34.760517,30.376915,31.381952,30.694736,31.736597,34.8082,35.613304,39.034027,38.689613,38.643005,41.146294,40.144318,37.367916,39.471462,36.375835,40.207863,33.886253,39.68391,37.330753,37.022186,33.521206,30.955742,28.423098,29.777542,28.559044,26.287539,24.142765,26.67954,25.55586,20.854546,21.633944,24.756153,20.589125,17.075565,19.381075,19.224531,24.473166,23.059027,25.27686,26.903904,29.283022,32.28127,30.01891,34.388786,35.095882,30.643831,32.622128,37.68629,38.692677,37.572117,36.104076,37.87783,43.075695,44.326065,39.980686,43.97574,43.43466,43.97179,37.97476,40.139282,35.31716,37.44926,34.80191,30.128302,30.501106,25.41298,24.869497,22.116402,22.67177,25.587605,26.580557,30.162748,32.270023,37.75636,40.256447,43.703724,47.162037,49.191643,52.374733,52.758266,51.024006,49.117077,46.289272,43.189423,40.160522,38.696766,34.57119,31.395634,28.634457,28.837837,31.318937,30.939018,33.114178,35.976955,36.870792,40.64794
1,4.334173,0.0,5.234644,6.4630003,8.961507,12.195192,14.23772,18.01257,20.741446,23.093918,26.544495,28.317987,30.486526,27.437243,31.255823,26.94325,27.589685,27.025753,27.673134,31.020842,31.794949,35.16394,34.98581,35.170547,37.68331,36.85456,34.016514,36.311466,33.26308,37.267727,31.093422,37.241302,34.91937,35.115993,31.4109,28.460052,26.360167,28.115295,26.307974,23.730125,22.388193,24.8119,23.011614,18.478586,20.1361,22.65409,17.695766,15.034199,17.991161,18.375145,23.24741,21.135628,24.343681,26.042114,27.772024,30.28311,27.82664,32.13412,33.406834,29.318434,30.66799,35.88055,37.28534,36.511147,34.715,36.023674,41.294613,42.208168,37.726727,41.82265,40.829754,41.380226,35.34062,37.381622,32.600323,34.565308,31.673576,27.07277,27.167503,22.03338,21.095304,18.197144,18.539034,21.611805,22.890602,26.247828,28.663006,34.050144,36.61743,40.13891,43.495262,45.49085,48.73586,48.95716,47.109524,45.183216,42.37399,39.087273,36.148937,34.516712,30.51654,27.182714,24.372404,24.758492,27.29044,27.320812,29.467379,32.50675,33.599392,37.463066
2,6.4790573,5.234644,0.0,5.396036,6.6828833,8.166263,11.607154,13.921239,17.405794,19.116018,22.66363,24.421946,27.004398,24.270655,28.973925,24.897635,26.286179,26.114727,27.764296,31.086,32.645306,36.088974,36.563717,35.95815,38.04139,36.89151,33.494167,35.247276,31.723724,35.381844,28.731567,34.37497,31.44436,31.47641,28.299454,25.43805,22.821884,24.890862,23.810335,21.169102,19.286375,22.927395,21.463184,16.533218,18.157585,22.156853,17.738308,14.313257,17.917557,17.178246,22.185156,21.71309,24.464037,25.33591,27.581175,30.04362,27.011253,31.322897,32.761585,27.951324,28.926235,34.430344,35.579945,34.426266,32.18795,33.67453,39.127502,40.058475,36.001877,40.47578,39.718346,40.840134,34.86367,37.605534,32.874954,35.500584,32.73391,28.006397,28.923008,23.485416,22.816631,20.490078,19.684925,22.11464,22.51783,26.63281,27.930346,33.781364,35.85583,39.432877,42.812912,44.549778,47.75859,48.000946,46.538536,44.40985,41.41349,38.900143,35.251007,34.45909,29.713423,26.961601,24.423004,23.847921,26.221552,25.078722,27.562893,30.050592,31.022894,34.63617
3,9.613471,6.4630003,5.396036,0.0,3.7858124,6.718434,8.416892,12.431827,14.573107,17.44504,20.552788,22.626638,24.53202,21.585007,25.328241,20.789448,21.862892,21.229053,22.806307,25.865822,27.322792,30.793968,31.242739,30.567366,32.69596,31.611917,28.35924,30.344444,27.066,30.960035,24.663462,30.794271,28.5572,28.841742,25.049122,22.013083,20.06903,21.994371,20.000431,17.294827,16.280853,19.00384,16.934845,12.309831,14.666703,17.579023,12.562939,9.969424,14.033628,14.127125,18.534857,17.181137,20.828085,21.895142,23.38584,25.440292,22.418276,26.677534,28.470737,24.224442,24.842758,30.307882,31.865479,31.187708,28.93168,29.971613,35.35381,36.073994,31.716537,36.073616,34.991264,35.92524,29.910295,32.450825,27.736359,30.23857,27.393063,22.69638,23.625885,18.155327,17.584446,15.6004095,14.69746,16.931654,17.364483,21.416111,22.916435,28.631866,30.892073,34.419273,37.835186,39.73445,42.929733,43.281445,41.697514,39.72391,36.846954,34.1318,30.850924,29.823112,25.382685,22.722328,20.320019,20.213854,22.302696,22.029255,23.618395,26.677807,27.422894,31.321726
4,12.257803,8.961507,6.6828833,3.7858124,0.0,5.5281014,5.312466,9.666591,11.9807,14.433262,17.878937,19.537876,21.552568,18.476965,22.575186,18.535364,19.666708,19.76712,21.38496,24.978357,26.885403,30.259954,31.29745,30.57695,32.439117,31.405994,27.716358,29.537453,25.952179,29.758942,23.264708,29.34381,26.45686,27.285894,23.8491,20.376736,18.518013,21.300852,19.332275,16.16277,15.783007,19.391008,16.85646,12.348316,15.599885,18.806736,13.568902,11.755711,16.369469,16.195936,20.136614,19.21607,23.181288,23.826853,25.077496,26.62469,23.137684,27.219084,29.611996,25.326408,25.068861,30.782719,32.493805,31.847729,29.01121,29.717724,35.249325,35.628765,31.50867,36.196526,34.808224,36.133488,30.199528,32.99028,28.439249,31.059708,28.055746,23.51143,24.45906,19.004261,17.986006,16.101908,14.132804,16.167213,16.433878,20.588165,21.734734,27.607113,29.570713,33.25203,36.502598,38.123474,41.391556,41.465446,39.9894,37.79638,34.77762,32.329388,28.57194,27.914753,23.042545,20.458187,18.102259,17.366745,19.59233,18.758482,21.017933,23.735933,24.86044,28.611134
5,14.129411,12.195192,8.166263,6.718434,5.5281014,0.0,6.191615,6.607076,9.7821455,11.881391,14.895287,17.19623,19.59859,17.252531,22.216291,18.033237,20.361765,20.250614,23.4211,26.158482,28.709059,32.161274,33.487682,31.667171,33.097343,31.55411,27.577957,28.663446,24.74265,28.013882,21.087809,26.378126,23.328918,23.344334,20.29533,17.425848,14.67705,17.144646,16.29379,13.545663,11.706177,16.47018,15.011084,10.104168,12.417838,17.460752,13.905251,10.67568,15.154781,13.595902,17.59374,18.805384,21.592186,21.359022,23.414534,25.221758,21.42749,25.497694,27.548702,22.418055,22.288294,28.08359,29.284323,28.120342,25.153347,26.365381,31.964157,32.667114,28.99322,33.852177,33.116364,34.87966,29.112818,32.620808,28.149645,31.524878,28.987701,24.356104,26.424532,20.942862,20.858965,19.864672,17.610266,18.5784,17.515722,22.47884,22.095987,28.294102,29.742456,33.242664,36.65127,38.16975,41.248512,41.686726,40.695885,38.496536,35.416546,33.9234,29.73221,29.99571,24.642426,23.098717,21.320055,19.840815,21.421951,19.404287,21.138775,23.337442,23.704344,27.220139
6,17.47826,14.23772,11.607154,8.416892,5.312466,6.191615,0.0,6.1357975,7.0252433,9.91459,13.101619,14.715681,16.380276,13.24651,17.375925,13.514322,15.070425,15.68752,18.112312,21.674314,24.348352,27.618244,29.44036,28.101887,29.462442,28.31377,24.116701,25.564323,21.668488,25.29126,18.705471,24.729662,21.554544,22.94861,19.678862,15.7869005,14.383358,17.936043,15.736936,12.162924,12.979674,17.09568,14.0394945,10.231355,14.487624,17.640125,12.802522,12.154453,17.055393,16.690557,19.501915,19.29503,23.505707,23.5092,24.268156,25.040815,21.023573,24.732893,27.855925,23.724506,22.26806,28.128738,30.067287,29.606636,26.133757,26.298933,31.883596,31.84243,28.008371,32.99861,31.309265,33.11777,27.399488,30.596663,26.3563,29.303543,26.335558,22.06605,23.537561,18.282686,17.347847,16.42741,13.120484,13.958763,13.264846,17.81498,17.846643,23.914412,25.394413,29.126417,32.27054,33.634735,36.888466,36.88914,35.676273,33.341022,30.214909,28.407972,24.142063,24.240953,18.830616,17.048338,15.282029,13.657586,15.387114,13.908323,15.98823,18.518572,19.590847,23.30199
7,20.280739,18.01257,13.921239,12.431827,9.666591,6.607076,6.1357975,0.0,4.8655443,5.3109603,8.799719,10.653605,13.36446,11.273456,17.22632,14.154986,17.14164,18.182905,21.992298,24.934978,28.347189,31.531258,33.84156,31.567759,32.3457,30.754463,26.113281,26.582285,22.175554,24.934004,17.811918,22.502094,18.224625,19.164696,17.049868,13.597629,10.985456,15.163043,14.686222,11.474772,11.040732,17.017195,15.125341,11.4530735,14.6875105,19.628704,16.52123,14.779746,19.361368,17.666393,20.291739,22.245827,25.276466,24.306082,25.82558,26.674818,22.273123,25.737783,28.694191,23.726116,21.953266,27.88112,29.25631,28.184265,24.215399,24.751446,30.419764,30.507658,27.502394,32.82838,31.715578,34.2311,28.871508,32.865265,28.879173,32.524227,29.983755,25.801744,28.156715,23.015999,22.672354,22.26814,18.773893,18.80296,16.95887,21.95435,20.282427,26.502003,27.155575,30.706457,33.806175,34.786194,37.840313,37.978676,37.3994,34.90044,31.642292,31.110725,26.09786,27.455698,21.443964,20.831142,19.699306,16.953896,18.065987,14.46714,16.78281,17.961672,18.533031,21.59788
8,23.49161,20.741446,17.405794,14.573107,11.9807,9.7821455,7.0252433,4.8655443,0.0,4.763605,6.3712344,8.800302,10.157827,7.86859,12.8777,9.401663,12.772548,13.784465,18.218954,20.728537,24.512117,27.566936,30.258585,27.58769,28.05475,26.438004,21.618065,21.944483,17.486526,20.28196,13.2864065,18.439571,14.61982,16.2479,13.608528,9.535916,8.185633,12.8165245,11.317372,7.761337,9.476148,14.6275425,12.047494,9.775821,13.754176,17.50415,14.754392,14.444277,18.830242,17.653244,19.02653,20.759794,24.224928,23.093206,23.77441,23.849642,19.277706,22.31529,25.900747,21.600332,18.811762,24.670563,26.470324,25.900782,21.62686,21.418066,27.01271,26.669817,23.6173,29.006107,27.473692,30.134323,24.9612,29.012291,25.3291,29.008886,26.532164,22.713509,25.319437,20.595026,20.423748,20.801706,16.850187,15.901868,13.349502,18.32688,15.844005,21.99588,22.410028,25.925793,28.996355,29.954678,32.985897,33.199135,32.692116,30.245556,27.024109,26.785227,21.784748,23.490137,17.487455,17.667063,17.157528,14.363215,14.674673,11.415434,12.366642,13.91291,14.042055,17.442032
9,25.52159,23.093918,19.116018,17.44504,14.433262,11.881391,9.91459,5.3109603,4.763605,0.0,4.3293924,5.345145,8.359437,6.9096994,13.7077,12.110374,15.571758,17.507648,21.738003,24.550882,28.552645,31.417606,34.444168,31.783783,31.98507,30.370028,25.351786,25.230453,20.60317,22.730713,15.851222,19.660831,14.343315,16.299023,15.230081,11.531919,9.623648,14.818582,14.653695,11.587712,12.493113,18.440605,16.43136,14.156506,17.535425,21.984732,19.457298,18.665016,23.047419,21.372053,22.977077,25.329266,28.405376,26.977198,28.038864,28.149874,23.506628,26.319427,29.859632,25.248882,22.293188,28.026604,29.51351,28.593838,23.992352,23.88662,29.383118,28.924597,26.588257,32.12208,30.727535,33.79927,28.947325,33.217022,29.745892,33.5133,31.082224,27.393906,29.946342,25.269169,24.857485,24.97312,20.863834,20.10559,17.714607,22.387005,19.626617,25.52082,25.421106,28.87077,31.635769,32.128174,35.083942,35.005997,34.834404,32.13873,28.799889,29.22761,23.642561,26.01645,19.698944,20.12551,19.723896,16.124289,16.532188,11.58091,14.04673,13.99476,14.616351,17.087446
10,28.933098,26.544495,22.66363,20.552788,17.878937,14.895287,13.101619,8.799719,6.3712344,4.3293924,0.0,3.8940344,5.6988287,6.0862107,12.12101,10.926403,15.052187,16.763653,21.839201,23.76224,28.15066,30.847445,34.174637,30.80576,30.529394,28.67338,23.544582,22.758387,18.062634,19.511103,12.836338,15.6811075,10.051287,12.232417,11.753207,8.373893,7.0058045,12.35152,12.648916,10.28709,11.7184305,17.24108,15.650006,14.571887,17.510616,21.65642,20.239742,19.830715,23.732035,21.938574,22.572449,25.615328,28.317297,26.405828,27.232758,26.894503,22.1939,24.452972,28.151566,23.766102,20.11295,25.538956,26.960451,26.109901,21.185318,20.735134,26.034279,25.367126,23.557257,29.140154,27.86143,31.318256,26.930637,31.52345,28.4696,32.51206,30.434149,27.101603,30.17976,25.913515,25.956373,26.73497,22.542513,21.001194,17.884533,22.48611,18.571371,24.151009,23.475492,26.623323,29.325357,29.647991,32.380432,32.55888,32.80083,30.183107,26.924969,28.226822,22.59455,25.696064,19.509626,20.98476,21.21668,17.61624,17.153875,12.222627,13.024448,12.406443,11.884079,14.006096
11,30.841242,28.317987,24.421946,22.626638,19.537876,17.19623,14.715681,10.653605,8.800302,5.345145,3.8940344,0.0,4.0632873,4.9636006,11.573821,12.125217,15.678307,18.316536,22.717035,25.21071,29.643902,32.114887,35.75705,32.754967,32.371967,30.763147,25.544374,24.788084,20.164282,21.438856,15.348307,17.750023,11.42386,14.617343,14.930546,11.520249,10.810773,16.104,16.257044,13.752687,15.565212,20.980528,19.035475,17.960167,21.227169,25.126991,23.176683,23.055857,27.183605,25.550524,26.331728,28.959745,31.987938,30.206339,30.862986,30.329147,25.634281,27.738382,31.697725,27.546448,23.648823,28.950739,30.49191,29.74688,24.711805,23.963827,29.061304,28.039219,26.505466,32.072365,30.440899,34.00704,29.802975,34.234,31.347345,35.149155,32.893898,29.751852,32.4378,28.285824,27.861765,28.420252,23.971762,22.581161,19.841484,23.958616,20.275309,25.515318,24.60142,27.799124,30.12124,30.052862,32.82301,32.52148,32.83631,29.983229,26.64098,28.179466,22.166956,25.595139,19.290184,20.823223,21.174192,17.063438,16.660946,10.805466,12.959691,11.1590805,11.712969,13.065895
12,33.303574,30.486526,27.004398,24.53202,21.552568,19.59859,16.380276,13.36446,10.157827,8.359437,5.6988287,4.0632873,0.0,3.8068645,8.221139,9.87406,13.332047,16.142714,20.668524,22.713156,27.351946,29.552353,33.52188,30.299622,29.57604,28.02915,22.780878,21.789434,17.308533,18.296452,12.96111,15.178477,9.167044,13.536425,13.732044,10.22962,11.10472,16.085978,15.566507,13.349502,16.32751,20.70941,18.465801,18.448738,21.887812,24.787703,23.139757,23.871817,27.754562,26.51249,26.532753,28.855465,32.114716,30.304094,30.327488,29.193264,24.578363,26.15854,30.531319,27.085518,22.503016,27.458223,29.317957,29.026539,23.884188,22.43026,27.226805,25.719866,24.335457,29.807947,27.759779,31.448647,27.623775,31.962532,29.49235,33.16927,31.021763,28.349455,31.069427,27.432114,27.077595,28.123774,23.543415,21.553638,18.549553,22.160927,17.897135,22.597511,21.269468,24.318348,26.434563,26.184956,28.89879,28.562931,29.029278,26.18164,22.879543,24.928705,18.895857,22.839693,16.765062,19.156796,20.111156,16.104975,14.902589,9.513699,10.11872,7.711099,7.7921844,9.043972
13,30.49985,27.437243,24.270655,21.585007,18.476965,17.252531,13.24651,11.273456,7.86859,6.9096994,6.0862107,4.9636006,3.8068645,0.0,7.1359053,7.86447,10.887259,13.998066,17.951077,20.731045,25.113695,27.469118,31.239763,28.585264,28.279577,26.970137,21.779154,21.515686,17.068708,18.977388,13.272284,17.102869,11.960678,15.967206,14.9544325,10.700413,11.485812,16.650938,15.234903,12.29945,15.645908,19.956017,17.056318,16.591686,20.617294,23.213675,20.68532,21.668737,25.839224,24.973242,25.395588,26.885284,30.681728,29.320333,29.202517,28.20916,23.618532,25.598356,30.04794,26.676348,22.421144,27.693554,29.823236,29.691555,24.787182,23.418556,28.473734,27.085691,24.960377,30.407278,28.072252,31.339123,27.036978,31.034487,28.227781,31.617897,29.135944,26.259485,28.541092,24.710592,23.998255,24.753271,20.11825,18.44776,15.881434,19.495125,16.076782,21.151651,20.442213,23.860792,26.138874,26.207117,29.201803,28.706707,28.638325,25.773304,22.388292,23.40302,17.453135,20.653471,14.332457,16.003998,16.629337,12.601875,11.818231,6.376636,8.144655,7.1097865,8.473234,10.94944
14,34.760517,31.255823,28.973925,25.328241,22.575186,22.216291,17.375925,17.22632,12.8777,13.7077,12.12101,11.573821,8.221139,7.1359053,0.0,5.7655563,6.7331433,10.433116,13.808397,15.896116,20.484575,22.215902,26.603289,23.904848,23.089725,22.164576,17.10843,16.903921,13.190385,15.053708,11.704347,15.751743,12.831901,17.669542,16.034878,12.114273,15.020345,19.080046,16.337692,14.051921,18.898537,21.061295,17.560455,18.85896,23.037846,23.52498,21.300217,23.890856,27.502459,27.511307,26.781755,27.226534,31.553188,30.406834,29.056635,27.006525,22.837933,23.869253,28.996777,27.157103,22.057495,26.519941,29.313622,30.095963,25.369287,22.854954,27.18617,24.98352,22.802158,27.774673,24.428839,27.56035,23.918062,27.330341,25.314892,28.119993,25.714142,23.871885,25.83928,23.195488,22.437258,24.026789,19.383108,16.687473,14.077118,16.033873,12.0224285,15.617554,14.327458,17.653557,19.483322,19.346151,22.44613,21.694046,21.530691,18.638367,15.252779,16.720284,10.7146225,14.783178,9.084667,12.666999,14.6184435,11.406798,8.780677,6.7444897,2.8281817,2.2776573,4.010009,7.351266
15,30.376915,26.94325,24.897635,20.789448,18.535364,18.033237,13.514322,14.154986,9.401663,12.110374,10.926403,12.125217,9.87406,7.86447,5.7655563,0.0,4.5385456,6.2867517,11.405305,13.092139,17.612757,20.0713,23.756907,20.74468,20.49994,19.225746,14.110043,14.496454,10.368286,13.521705,8.583179,14.691294,12.908459,16.393108,13.176871,8.87854,11.692615,15.235117,11.616884,9.004419,14.180526,15.796316,11.959073,13.331104,17.602997,17.842001,15.621139,18.28199,21.765982,21.948526,21.223087,21.49404,25.866293,24.893784,23.59922,21.876823,17.610395,19.218723,24.147604,22.07253,17.465368,22.388857,25.235657,25.992138,21.620468,19.533777,24.337168,22.756496,19.613497,24.686872,21.696854,24.409624,19.932917,23.492731,20.800512,23.920374,21.450607,18.967098,21.368483,18.200438,17.941187,19.720903,15.310174,12.429475,9.098831,12.41501,8.228499,13.576867,13.4129305,17.035004,19.82398,20.681839,23.830797,23.890621,23.291212,20.890575,17.732355,17.853622,12.979498,15.37906,9.786587,12.134757,13.344356,11.094809,9.153934,8.617697,4.305058,7.881352,7.30102,11.607253
16,31.381952,27.589685,26.286179,21.862892,19.666708,20.361765,15.070425,17.14164,12.772548,15.571758,15.052187,15.678307,13.332047,10.887259,6.7331433,4.5385456,0.0,4.6394134,7.38534,10.200596,14.43537,16.632746,20.554834,18.477898,18.469072,17.892227,13.194498,14.611614,11.529829,15.1259,11.911077,18.05147,16.945557,20.6716,17.308033,13.239689,16.116451,19.357048,15.20407,12.670429,17.899544,18.638536,14.276995,15.805257,20.347809,19.321522,16.263296,19.904318,23.28641,24.220703,23.47489,22.308565,27.391861,27.000612,25.042688,22.97826,19.206144,20.598886,25.740265,24.551275,20.094706,24.60402,27.841158,29.05627,25.043,22.646563,27.06865,25.216312,21.748482,26.321993,22.630896,24.764753,20.394203,23.029211,20.54363,22.780704,19.920082,17.956408,19.345972,16.810318,15.843591,17.683783,13.224584,10.151446,7.949048,9.373647,6.715073,11.120813,11.584782,15.477428,17.955524,18.941101,22.338997,21.92693,20.676004,18.272419,15.168428,14.021654,9.52104,10.997435,5.5363536,8.065229,9.864247,8.535888,5.94229,8.662521,3.9536524,8.770901,9.465489,13.46385
17,30.694736,27.025753,26.114727,21.229053,19.76712,20.250614,15.68752,18.182905,13.784465,17.507648,16.763653,18.316536,16.142714,13.998066,10.433116,6.2867517,4.6394134,0.0,6.568944,7.0642214,11.423715,14.112752,17.527197,14.682484,14.914248,14.025781,9.439969,11.497712,8.889367,13.241857,10.52152,17.253271,17.728611,20.490612,16.229946,12.80032,15.841606,17.889288,13.07705,11.215222,16.4348,15.5951805,11.163068,13.688458,17.7881,15.513626,13.145415,17.404568,20.092468,21.449955,20.0567,18.466763,23.544752,23.299288,20.861006,18.5697,15.082158,16.384796,21.511131,20.901356,16.675886,20.911646,24.345366,25.875963,22.388624,19.987625,24.24117,22.659103,18.557846,22.809988,19.165606,20.829586,16.106274,18.629578,15.934318,18.304405,15.549154,13.526004,15.506159,13.209845,13.138949,15.811773,12.032935,8.148226,4.7931056,6.5963774,2.5006638,8.380709,9.811736,13.571666,16.7357,18.509647,21.744532,22.13442,20.727211,18.930103,16.281109,14.675007,11.847742,12.264417,8.7613125,10.572686,11.932134,11.994848,9.961176,12.968084,8.021092,12.671351,11.9588585,16.094294
18,31.736597,27.673134,27.764296,22.806307,21.38496,23.4211,18.112312,21.992298,18.218954,21.738003,21.839201,22.717035,20.668524,17.951077,13.808397,11.405305,7.38534,6.568944,0.0,6.0737157,8.301073,10.5447035,13.968703,13.746799,14.815461,15.355152,12.341314,15.600055,14.444704,18.602243,17.002129,23.466791,23.72459,26.910534,22.785044,19.180647,21.940668,24.24906,19.365416,17.210873,22.114185,21.161636,16.520433,18.290342,22.63357,19.521576,15.756722,20.64919,23.31981,25.476336,24.578402,21.143862,27.006641,27.626003,24.721737,22.428661,19.778046,21.020977,25.931145,26.08141,22.466307,26.262695,29.905489,31.724579,28.628933,26.18929,30.091745,28.352623,24.105183,27.672337,23.475641,24.22543,19.82871,20.735,18.329525,18.981962,15.549406,14.349711,13.909256,12.710894,10.961649,13.259534,9.840477,6.5833654,7.285535,3.8198795,7.1050344,8.800866,11.496975,15.0511055,17.383127,19.228794,22.631563,22.204428,19.754519,18.090494,15.8053,11.591451,10.516252,7.818558,6.8939133,6.624285,8.146868,10.462443,8.890202,14.539504,11.07939,15.646833,16.39813,20.136906
19,34.8082,31.020842,31.086,25.865822,24.978357,26.158482,21.674314,24.934978,20.728537,24.550882,23.76224,25.21071,22.713156,20.731045,15.896116,13.092139,10.200596,7.0642214,6.0737157,0.0,4.915751,7.1808634,10.97536,8.41901,8.906418,9.300541,6.8931804,10.745778,11.163571,15.106441,15.470157,21.347982,23.396473,25.982512,21.568947,18.970175,22.300705,23.398394,18.347225,17.356153,22.270555,19.663073,15.6250925,18.871096,22.30781,17.891712,16.104069,21.31931,22.906977,25.227411,23.062256,19.823841,25.116917,25.514097,21.82112,18.67316,16.718525,16.874065,21.897005,23.319073,19.458847,22.169956,26.043955,28.427092,25.831726,22.948586,26.055546,24.18774,19.843529,22.66411,18.168463,18.495045,14.623483,15.093443,13.4637575,14.005364,11.158542,11.274703,11.951134,12.387993,12.445342,16.01237,13.685466,9.729558,8.692281,5.1724696,5.3618627,3.5912824,7.4357514,10.330389,13.21368,15.839756,18.8995,19.488607,17.189774,16.33088,14.714205,11.374849,11.9964695,10.247767,10.921948,12.471871,14.209216,16.078205,13.936473,18.703903,13.574856,17.944965,17.187046,20.726995
20,35.613304,31.794949,32.645306,27.322792,26.885403,28.709059,24.348352,28.347189,24.512117,28.552645,28.15066,29.643902,27.351946,25.113695,20.484575,17.612757,14.43537,11.423715,8.301073,4.915751,0.0,3.590976,6.1740108,6.1358895,8.296333,9.960944,10.067389,14.297764,15.569194,19.374193,20.04972,25.919546,28.22662,30.57508,25.929665,23.450474,26.521479,27.312897,22.154274,21.222754,25.741209,22.545826,18.641495,21.60942,24.785221,19.47177,17.417458,22.919289,23.968481,26.933786,24.844545,20.267027,25.779318,26.871502,22.748339,19.698578,18.741825,18.859432,23.269022,25.454638,22.439333,24.616722,28.524542,31.139685,29.183056,26.493685,29.246166,27.600485,22.9981,25.016457,20.56537,19.763336,16.185272,15.009583,13.6174965,12.386285,9.184206,10.471355,9.140985,11.467198,11.300642,14.950563,13.992043,10.836214,11.465528,6.617119,9.955753,7.2847033,11.267537,13.148925,15.474433,18.409912,21.178291,21.739117,18.824577,18.575682,17.614511,12.899967,15.281731,11.848813,14.225062,14.5246,15.763123,18.715158,17.10668,22.551643,18.024359,22.472095,22.029125,25.534277
21,39.034027,35.16394,36.088974,30.793968,30.259954,32.161274,27.618244,31.531258,27.566936,31.417606,30.847445,32.114887,29.552353,27.469118,22.215902,20.0713,16.632746,14.112752,10.5447035,7.1808634,3.590976,0.0,5.20948,6.490008,7.895677,10.486183,11.56424,15.485792,17.428162,20.729687,22.363047,27.730549,30.293543,32.877094,28.457561,26.10087,29.423811,30.224573,25.127851,24.321848,28.996426,25.717825,21.93033,25.08146,28.217707,22.796179,20.998363,26.499254,27.441742,30.424894,28.126045,23.58328,28.919012,29.980753,25.63642,22.290493,21.644173,21.234518,25.625473,28.329103,25.100277,26.76645,30.734814,33.579247,31.678242,28.690739,30.982178,29.033468,24.753174,26.306728,21.535477,20.507853,17.873396,16.033432,15.6469965,13.684419,11.107071,13.44529,11.752679,14.832349,14.49987,17.927315,17.095503,14.117023,14.810016,9.807178,12.539563,8.23014,11.6339655,12.719528,14.2355585,17.13257,19.670546,20.047335,16.793713,17.004416,16.650505,11.592001,15.39672,11.679857,15.490302,16.154001,17.74607,20.753838,18.913946,24.5848,19.92113,24.05151,23.65879,26.795372
22,38.689613,34.98581,36.563717,31.242739,31.29745,33.487682,29.44036,33.84156,30.258585,34.444168,34.174637,35.75705,33.52188,31.239763,26.603289,23.756907,20.554834,17.527197,13.968703,10.97536,6.1740108,5.20948,0.0,6.750121,9.738812,12.304847,14.632884,18.733746,20.886715,24.337671,25.69601,31.273962,34.11869,36.178993,31.386623,29.231544,32.196518,32.512524,27.365911,26.722586,30.851814,26.946115,23.456255,26.367113,29.029898,22.915434,21.227493,26.695982,26.954006,30.433607,28.19118,22.652046,27.87986,29.560097,24.991234,21.984488,22.247297,21.988989,25.555027,28.758627,26.53779,27.824343,31.680994,34.605885,33.405167,30.816639,32.933533,31.462664,26.814928,27.767263,23.467665,21.474337,18.787537,15.81235,15.295131,11.970387,9.481013,12.458274,9.336186,13.883864,13.901063,17.226242,17.819593,15.585587,16.954992,12.183073,15.984579,12.579472,16.224133,17.00299,18.664495,21.786943,24.005512,24.724747,21.440655,21.98594,21.822432,16.624641,20.43027,16.286543,19.845526,19.587118,20.490686,24.03497,22.72724,28.467863,24.148697,28.545801,28.107193,31.482847
23,38.643005,35.170547,35.95815,30.567366,30.57695,31.667171,28.101887,31.567759,27.58769,31.783783,30.80576,32.754967,30.299622,28.585264,23.904848,20.74468,18.477898,14.682484,13.746799,8.41901,6.1358895,6.490008,6.750121,0.0,3.8128788,5.6715455,8.861609,12.669864,15.462168,18.506086,20.672388,25.621326,29.337797,30.9185,26.171957,24.716366,27.940712,27.589912,22.633444,22.731583,26.835823,22.305248,19.37551,23.210949,25.333769,19.11424,19.092945,24.37083,24.297472,27.300346,24.149853,19.937395,24.441238,25.361885,20.590597,16.872902,17.14128,16.061697,19.95119,23.56554,20.835777,21.565311,25.482655,28.597475,27.44146,24.609,26.346281,24.838737,20.279955,21.056656,16.723616,14.856782,12.300896,9.668538,9.731212,7.47932,5.889825,9.592433,9.80977,13.475869,14.976401,19.03399,18.719963,15.419278,14.945901,11.511322,12.516842,8.778633,11.999737,12.284792,14.768908,18.236341,20.253115,21.943682,19.472843,20.061613,19.754923,16.399748,19.244106,16.862457,19.154987,20.243916,21.578133,24.12891,22.251865,27.058073,21.764029,25.978596,24.542953,27.811129
24,41.146294,37.68331,38.04139,32.69596,32.439117,33.097343,29.462442,32.3457,28.05475,31.98507,30.529394,32.371967,29.57604,28.279577,23.089725,20.49994,18.469072,14.914248,14.815461,8.906418,8.296333,7.895677,9.738812,3.8128788,0.0,3.2807584,7.2894993,10.32494,13.885844,16.197495,19.55634,23.705662,27.885544,29.577612,25.18856,24.066513,27.65204,27.217884,22.483458,22.895033,27.224566,22.744545,20.059181,24.332384,26.383839,20.527224,21.124994,26.22479,26.253107,28.854366,25.312738,22.092867,26.158459,26.524872,21.786842,17.63129,17.682032,15.856949,20.082895,23.894583,20.44306,20.692644,24.647747,27.927872,26.562153,23.27719,24.537159,22.591005,18.54015,19.101145,14.309892,12.823413,11.3928995,9.22394,10.57326,9.31267,8.847701,12.273428,13.416094,16.496714,18.015488,22.092052,21.164648,17.484083,16.276571,13.226006,12.523757,7.6621647,9.788953,9.11381,11.472069,15.018967,16.766058,18.840254,16.737255,17.57518,17.546957,15.317022,18.219574,16.796339,19.127441,21.131804,22.928192,24.95625,22.635462,27.07189,21.27818,25.06716,23.229036,26.095804
25,40.144318,36.85456,36.89151,31.611917,31.405994,31.55411,28.31377,30.754463,26.438004,30.370028,28.67338,30.763147,28.02915,26.970137,22.164576,19.225746,17.892227,14.025781,15.355152,9.300541,9.960944,10.486183,12.304847,5.6715455,3.2807584,0.0,5.248418,7.7900805,11.540686,13.699523,17.145748,21.052895,25.600704,26.891691,22.460344,21.72935,25.280449,24.456205,19.890223,20.692652,24.817936,20.088959,17.799896,22.361631,24.058685,18.34891,19.732008,24.522732,24.39501,26.706192,22.857023,20.395458,24.019272,24.011305,19.363607,15.040634,14.971853,12.817378,17.19997,20.982431,17.364809,17.457699,21.417007,24.700363,23.352215,20.061611,21.29842,19.473648,15.292768,15.977108,11.272106,10.081214,8.261951,7.1035743,8.413989,8.669005,8.722336,11.455066,13.905832,16.230625,18.271547,22.418613,21.27122,17.42403,15.477318,13.508911,11.537857,7.7968717,9.376174,8.785218,11.856178,15.326655,17.010557,19.512035,17.989027,18.57751,18.223095,16.88925,18.791693,18.145847,19.449335,21.71876,23.453054,25.038939,22.681038,26.48934,20.513065,24.20414,21.896362,24.795618
26,37.367916,34.016514,33.494167,28.35924,27.716358,27.577957,24.116701,26.113281,21.618065,25.351786,23.544582,25.544374,22.780878,21.779154,17.10843,14.110043,13.194498,9.439969,12.341314,6.8931804,10.067389,11.56424,14.632884,8.861609,7.2894993,5.248418,0.0,4.318638,6.6849456,9.778368,12.269452,16.838705,20.703577,22.404013,18.03152,16.8323,20.54915,20.348627,15.703727,16.161036,20.735397,16.961916,14.17832,18.699125,20.96061,16.372732,17.21309,21.788322,22.516094,24.29452,20.868132,19.3191,23.25657,22.790277,18.87017,14.927968,13.2219,11.886076,17.154158,19.34708,14.812403,16.38082,20.321735,23.079811,20.72055,17.347067,19.674494,17.662424,13.446291,15.925467,11.298879,12.158457,8.847832,10.597776,10.013238,12.127691,11.05034,11.706076,14.76373,15.326833,16.991266,20.895319,18.75398,14.628785,11.803463,10.988188,6.972129,5.073652,6.082155,7.3737,11.236621,14.16536,16.522331,18.54334,17.391043,17.04312,15.792365,15.152604,15.3336735,15.701122,15.525793,18.247704,20.088106,20.949226,18.453382,21.632557,15.5525255,19.186775,16.785618,19.897228
27,39.471462,36.311466,35.247276,30.344444,29.537453,28.663446,25.564323,26.582285,21.944483,25.230453,22.758387,24.788084,21.789434,21.515686,16.903921,14.496454,14.611614,11.497712,15.600055,10.745778,14.297764,15.485792,18.733746,12.669864,10.32494,7.7900805,4.318638,0.0,4.6970115,5.924339,10.415767,13.425527,18.186285,19.65167,15.8100815,15.447992,19.427475,18.8422,14.88141,16.015932,20.407757,16.810318,14.851777,19.638601,21.438808,17.69678,19.503721,23.416073,24.093464,25.230381,21.424332,21.347462,24.434166,23.241106,19.698536,15.655047,13.687422,11.598411,16.857918,18.860073,13.557709,14.567347,18.319967,21.067368,18.386538,14.509261,16.37918,13.882421,10.398517,13.167011,8.46544,10.869429,8.78061,11.87756,12.038125,14.953004,14.653976,15.151008,18.79931,18.971607,20.815172,24.598648,22.124277,17.982616,14.535285,14.706418,9.385944,8.270948,6.9390836,7.1702275,10.866457,13.245027,15.144222,17.704172,17.515182,17.136557,15.9088955,17.057974,16.493675,18.200977,17.386911,20.825201,22.86212,22.968712,20.223522,22.34515,16.008305,18.802364,15.575069,18.105776
28,36.375835,33.26308,31.723724,27.066,25.952179,24.74265,21.668488,22.175554,17.486526,20.60317,18.062634,20.164282,17.308533,17.068708,13.190385,10.368286,11.529829,8.889367,14.444704,11.163571,15.569194,17.428162,20.886715,15.462168,13.885844,11.540686,6.6849456,4.6970115,0.0,4.622007,5.906146,10.397256,14.077335,15.847476,11.861672,10.881828,14.959389,15.048662,11.072921,11.8239355,16.504028,14.098346,11.817035,16.245222,18.468285,16.083397,17.343006,20.735172,22.132473,22.739061,19.540436,20.25592,23.479773,22.007679,19.322008,16.019716,12.791264,11.974562,17.358538,17.633204,11.929983,14.676576,18.111668,20.104889,16.523113,12.98303,16.280975,14.097068,10.657727,15.020403,11.439898,14.486,11.167043,15.202765,14.011072,17.608171,16.629168,15.762722,19.59235,18.42346,19.970158,23.320564,20.24141,16.24537,12.22563,13.872853,7.5543714,9.544879,8.273284,10.173012,13.716509,15.426154,17.767048,19.636374,19.590479,18.42361,16.390568,17.713505,15.472215,17.819317,15.370064,18.788263,20.628265,20.011665,17.406855,18.55897,12.460727,15.148443,11.752414,14.742881
29,40.207863,37.267727,35.381844,30.960035,29.758942,28.013882,25.29126,24.934004,20.28196,22.730713,19.511103,21.438856,18.296452,18.977388,15.053708,13.521705,15.1259,13.241857,18.602243,15.106441,19.374193,20.729687,24.337671,18.506086,16.197495,13.699523,9.778368,5.924339,4.622007,0.0,7.221346,7.7829146,13.051246,14.543045,11.752641,12.151302,16.289257,15.851097,13.118369,14.602677,18.704287,16.4522,15.2286,19.654045,21.254118,19.398237,21.489578,24.398174,25.534206,25.692135,22.10128,23.818611,26.223242,24.209728,21.721668,18.258966,15.391573,13.653997,18.576855,19.08071,13.029537,14.536908,17.562744,19.589764,15.86405,11.708365,13.942087,10.964537,9.207702,13.349667,10.067424,14.175794,12.596407,16.862219,16.687027,20.357645,20.059244,19.701921,23.723711,22.866962,24.55693,27.940758,24.825134,20.8371,16.80202,18.326012,11.999689,12.76767,10.290566,10.811344,13.673202,14.749949,16.38881,18.756638,19.633417,18.66158,16.967972,19.823587,17.589573,20.818,18.57665,22.54898,24.633497,23.60693,20.779873,21.180326,15.113856,16.598843,12.494,14.264992
30,33.886253,31.093422,28.731567,24.663462,23.264708,21.087809,18.705471,17.811918,13.2864065,15.851222,12.836338,15.348307,12.96111,13.272284,11.704347,8.583179,11.911077,10.52152,17.002129,15.470157,20.04972,22.363047,25.69601,20.672388,19.55634,17.145748,12.269452,10.415767,5.906146,7.221346,0.0,7.1470165,9.038823,10.535126,6.4566894,5.125748,9.328372,10.043016,7.031669,7.7616434,12.084691,11.741604,10.109296,13.559772,15.677258,15.742128,16.943552,18.934128,20.957474,20.50322,18.030983,20.4515,23.092594,21.014778,19.726414,17.535105,13.341348,13.742043,18.444876,16.571564,10.886653,15.106228,17.663494,18.510855,13.930324,11.230779,15.871036,14.366695,11.722056,17.13599,15.124936,18.70678,15.00043,19.789581,17.785889,22.025188,20.86662,18.832697,22.926153,20.421825,21.830513,24.511896,20.999584,17.569782,13.201993,16.650583,10.5348,14.632324,13.45295,15.716541,18.94479,20.030613,22.36066,23.859524,24.203278,22.511084,19.973282,21.716825,17.976679,20.957546,16.826908,19.911613,21.296453,19.61655,17.467411,16.599358,11.670624,13.419788,9.695556,12.737233
31,39.68391,37.241302,34.37497,30.794271,29.34381,26.378126,24.729662,22.502094,18.439571,19.660831,15.6811075,17.750023,15.178477,17.102869,15.751743,14.691294,18.05147,17.253271,23.466791,21.347982,25.919546,27.730549,31.273962,25.621326,23.705662,21.052895,16.838705,13.425527,10.397256,7.7829146,7.1470165,0.0,7.0231867,7.215589,6.803682,9.064532,12.250272,11.746324,11.679496,13.5430355,16.184988,16.057257,16.144009,19.43444,20.379072,21.130665,23.520576,24.821608,26.338156,25.208824,22.233452,26.050625,27.438742,24.578049,23.690178,21.373987,17.783564,16.992445,20.878504,19.177963,13.4108305,15.759777,17.333496,17.854147,12.976407,9.78509,12.955974,10.858825,11.258157,16.215628,15.320044,19.86593,18.038378,23.107605,22.197584,26.599281,26.231478,24.815321,29.238968,27.18047,28.840467,31.633265,28.13755,24.66119,20.309591,23.37115,16.976358,19.63224,17.304647,18.33261,20.839281,21.1692,22.620205,24.56728,26.02172,24.529192,22.378769,25.859617,22.137506,26.127449,22.3225,26.0838,27.782768,25.643057,23.238308,21.397762,16.773727,16.72931,12.278013,13.06249
32,37.330753,34.91937,31.44436,28.5572,26.45686,23.328918,21.554544,18.224625,14.61982,14.343315,10.051287,11.42386,9.167044,11.960678,12.831901,12.908459,16.945557,17.728611,23.72459,23.396473,28.22662,30.293543,34.11869,29.337797,27.885544,25.600704,20.703577,18.186285,14.077335,13.051246,9.038823,7.0231867,0.0,5.4946437,7.516916,7.4079823,9.420898,11.722105,12.554124,12.773262,15.130615,17.831303,17.270634,18.94799,20.720049,23.214144,24.091959,24.705957,27.319778,25.700943,24.14497,28.013176,29.908058,27.2091,27.159157,25.602266,21.324821,21.791435,25.725399,22.648928,17.47807,21.288107,22.619287,22.3001,17.001614,15.153796,19.242434,17.70633,17.646439,22.930874,21.846033,26.160553,23.399836,28.395233,26.686636,31.011473,29.886662,27.726177,31.645569,28.661732,29.564718,31.600819,27.54516,24.664572,20.608568,24.300152,18.423439,22.307993,20.211296,22.190556,24.504835,24.376163,26.334772,27.255089,28.54839,26.347351,23.5938,26.91941,21.877747,26.238365,21.200603,24.586824,25.990103,22.886728,20.927664,17.320854,14.555752,13.149505,9.569516,9.889716
33,37.022186,35.115993,31.47641,28.841742,27.285894,23.344334,22.94861,19.164696,16.2479,16.299023,12.232417,14.617343,13.536425,15.967206,17.669542,16.393108,20.6716,20.490612,26.910534,25.982512,30.57508,32.877094,36.178993,30.9185,29.577612,26.891691,22.404013,19.65167,15.847476,14.543045,10.535126,7.215589,5.4946437,0.0,5.464105,8.329274,8.7947035,8.7173395,11.510519,12.9926605,13.557645,15.952193,16.897024,18.505064,18.91232,22.079096,24.187054,23.936468,25.874952,23.682556,21.849558,26.964058,27.699537,24.483755,25.116453,24.067368,20.028801,20.484869,23.453209,19.745346,15.268487,18.704163,19.166346,18.15359,12.900511,12.066545,16.152102,15.621576,16.034195,21.140608,21.361921,25.63542,22.990993,28.33332,26.535841,31.291147,30.62689,28.23974,32.723835,29.60883,31.129776,33.234886,29.635033,26.864166,22.613457,26.78203,20.934711,25.00187,23.2207,24.88507,27.548641,27.820448,29.50469,31.050348,32.386333,30.518011,27.968128,31.046368,26.451832,30.376144,25.467678,28.499914,29.596565,26.803873,25.113241,21.70866,18.953064,18.275047,14.644633,15.316504
34,33.521206,31.4109,28.299454,25.049122,23.8491,20.29533,19.678862,17.049868,13.608528,15.230081,11.753207,14.930546,13.732044,14.9544325,16.034878,13.176871,17.308033,16.229946,22.785044,21.568947,25.929665,28.457561,31.386623,26.171957,25.18856,22.460344,18.03152,15.8100815,11.861672,11.752641,6.4566894,6.803682,7.516916,5.464105,0.0,4.6552906,6.1884236,5.0739,6.2222247,8.319514,9.611462,10.8431425,11.566214,13.792536,14.330158,16.743639,19.015657,19.185543,20.945127,19.219847,17.034338,21.661184,22.78287,19.847298,20.057592,18.940407,14.720102,15.53511,18.814505,15.199612,10.420491,14.759047,15.907379,15.40809,10.18894,9.086013,14.296551,13.997262,12.603376,18.077911,17.94797,21.766003,18.325523,23.629457,21.415987,26.200638,25.436281,22.865658,27.42879,24.317163,26.0743,28.35006,25.043276,22.187128,17.8636,22.153696,16.522892,20.937664,19.799229,21.722164,24.872519,25.773186,27.748312,29.474237,30.229893,28.533638,25.995785,28.103695,24.00818,27.157225,22.498644,25.160084,26.092117,23.92412,22.304506,19.989029,16.536596,17.269651,13.646301,15.744483
35,30.955742,28.460052,25.43805,22.013083,20.376736,17.425848,15.7869005,13.597629,9.535916,11.531919,8.373893,11.520249,10.22962,10.700413,12.114273,8.87854,13.239689,12.80032,19.180647,18.970175,23.450474,26.10087,29.231544,24.716366,24.066513,21.72935,16.8323,15.447992,10.881828,12.151302,5.125748,9.064532,7.4079823,8.329274,4.6552906,0.0,4.3572054,7.0115957,5.7222166,5.3878922,8.639123,11.14666,10.014951,11.627138,13.759386,16.127605,16.74776,17.382833,20.058857,18.754015,17.418737,20.79813,23.111475,20.836153,20.780228,19.674646,15.083755,16.599188,20.54472,17.017532,12.343566,17.460403,19.247995,19.05977,14.122293,12.86111,18.176893,17.454752,15.210632,20.788136,19.625837,23.127657,18.994625,23.901865,21.247532,25.661196,24.227087,21.375032,25.362095,21.885208,23.032265,25.006178,21.31221,18.612894,14.454787,18.92732,13.654572,18.78782,17.978302,20.595175,23.74423,24.621586,27.063267,28.20678,28.544796,26.528109,23.685656,25.208109,20.683199,23.651796,18.521927,20.897488,21.715994,19.356184,17.890034,15.474282,12.403504,13.470627,10.513196,13.436696
36,28.423098,26.360167,22.821884,20.06903,18.518013,14.67705,14.383358,10.985456,8.185633,9.623648,7.0058045,10.810773,11.10472,11.485812,15.020345,11.692615,16.116451,15.841606,21.940668,22.300705,26.521479,29.423811,32.196518,27.940712,27.65204,25.280449,20.54915,19.427475,14.959389,16.289257,9.328372,12.250272,9.420898,8.7947035,6.1884236,4.3572054,0.0,5.3943386,6.5150833,5.8222766,6.0505285,10.968391,10.757331,10.614434,12.131072,16.39108,16.891573,16.134398,19.03212,16.940489,16.582363,20.816292,22.555964,20.136105,21.15469,20.992191,16.385244,18.611538,21.738264,17.03644,13.625079,19.058235,20.179388,19.178055,14.406647,14.479614,20.011034,20.034372,17.90542,23.39125,22.941652,26.256304,21.841413,26.795004,23.699795,28.246218,26.758259,23.358416,27.33624,23.252241,24.393036,25.835539,22.327824,20.29707,16.470032,21.486597,16.975525,22.54876,22.096706,24.815228,28.038506,28.959375,31.420378,32.515865,32.79475,30.703884,27.771473,28.981548,24.268618,26.953455,21.461464,23.131998,23.413656,20.861526,20.048265,16.891682,15.300854,16.124296,13.887024,16.556604
