,0,1,2,3,4,5,6,7,8,9,10,11,12,13,14,15,16,17,18,19,20,21,22,23,24,25,26,27,28,29,30,31,32,33,34,35,36,37,38,39,40,41,42,43,44,45,46,47,48,49,50,51,52,53,54,55,56,57,58,59,60,61,62,63,64,65,66,67,68,69,70,71,72,73,74,75,76,77,78,79,80,81,82,83,84,85,86,87,88,89,90,91,92,93,94,95,96,97,98,99,100,101,102,103,104,105,106,107,108,109
0,0.0,3.987194,6.230686,9.359664,12.451465,15.027019,17.430376,21.39996,24.78258,25.851913,29.911297,30.86122,34.69291,35.19528,35.80722,32.40357,32.63874,32.408638,31.966288,34.27845,33.89649,35.31919,38.489624,38.87115,39.371994,37.931557,38.408928,39.1708,37.904842,41.2726,35.97975,42.12491,36.946922,39.411003,37.75576,34.19192,32.076603,34.76555,33.031456,29.985126,29.050488,32.33454,30.112473,25.5523,27.8285,30.526073,24.41402,22.932617,26.44553,26.66193,31.409595,29.438435,32.59129,34.3125,35.81767,38.13796,35.10822,39.23563,41.271366,36.828224,37.37136,42.069645,44.45697,45.9802,40.93858,39.159702,44.19949,43.136284,38.962395,42.886395,44.891987,42.38594,39.267582,43.215332,39.257275,41.899982,38.503952,34.81315,34.177143,30.107035,27.326658,25.159937,22.487644,25.444529,28.137075,29.8248,32.790726,37.36347,39.232887,43.04337,44.767776,48.56966,49.332714,47.300636,44.5382,42.60758,39.974476,35.942455,32.155815,29.982971,25.951777,22.003904,18.901169,18.45296,21.6504,20.779987,25.56802,26.308641,29.025436,31.665462
1,3.987194,0.0,5.1087694,5.9206705,9.503688,13.014836,14.556196,19.191004,22.07632,23.601873,27.52496,28.657192,32.32995,32.807022,32.93729,29.272999,29.43998,28.89205,28.632597,30.60472,30.274822,31.867107,34.9158,35.224983,35.82286,34.52879,34.831303,35.80792,34.509743,38.086437,32.787796,39.148533,34.362106,36.800816,34.765778,31.121548,29.317654,31.971722,29.844294,26.76167,26.23421,29.147333,26.662943,22.297915,24.894775,27.11904,20.775232,19.735971,23.410011,23.955727,28.413437,26.079054,29.66278,31.420416,32.558964,34.637093,31.56426,35.61875,37.866352,33.66108,33.91226,38.696644,41.05743,42.7452,37.830875,35.940083,40.907326,39.87857,35.5519,39.29909,41.345287,38.89224,35.614548,39.414158,35.48737,38.020664,34.605446,31.008253,30.270044,26.331312,23.471184,21.417612,18.568521,21.518984,24.319403,25.86769,28.960983,33.442753,35.395985,39.186134,40.972485,44.785442,45.498825,43.426434,40.61338,38.64047,36.064304,31.960875,28.239681,26.015394,22.027832,18.033468,14.92787,14.645353,17.858582,17.604876,22.097076,23.187073,25.947586,28.814047
2,6.230686,5.1087694,0.0,5.184189,6.89873,8.8934555,11.618022,15.194969,18.713778,19.75661,23.785025,24.890343,28.720985,29.44081,30.39696,26.914896,27.617985,27.56617,27.807835,30.287634,30.587996,32.28619,35.862965,35.297558,35.456223,33.672554,33.769703,34.197754,32.63982,35.820717,30.289057,36.19715,30.844019,33.251484,31.799038,28.313145,25.99422,28.79016,27.34257,24.287882,23.154345,26.99222,24.912212,20.167818,22.521395,25.985565,20.15039,18.305784,22.278425,21.929485,26.593664,25.637241,28.644928,29.798756,31.59491,33.853336,30.480337,34.610054,36.65115,31.82656,32.154915,36.82614,39.06186,40.54731,35.39411,33.525875,38.5477,37.395916,33.437893,37.701324,39.547836,37.000484,34.170845,38.502785,34.521496,37.624664,34.43378,30.542524,30.696432,26.370798,24.155521,22.769154,19.484606,21.800182,23.720879,26.205772,28.30246,33.25781,34.78857,38.626705,40.314507,43.954742,45.149525,43.452194,40.82619,39.08483,36.332596,32.800102,28.494371,27.198437,22.250868,19.156773,16.501333,15.513647,18.224705,16.721819,20.935701,21.876066,23.988665,26.832438
3,9.359664,5.9206705,5.184189,0.0,3.8553529,8.401749,8.806953,13.885444,16.327784,18.222536,21.972315,23.337528,26.858027,27.456034,27.471409,23.557177,24.025524,23.393854,23.808859,25.702843,25.975897,27.897589,31.212234,30.691006,31.065683,29.583796,29.480211,30.335365,28.797308,32.38065,26.905745,33.267143,28.641993,31.051474,28.888142,25.209965,23.517246,26.271664,24.038176,20.875029,20.59198,23.677107,21.043354,16.675547,19.697151,22.167652,15.809695,14.909083,19.14815,19.490623,23.591965,21.834707,25.640617,26.937828,28.021206,29.840572,26.41765,30.420383,32.865074,28.524765,28.315645,33.17505,35.378403,37.18197,32.26679,30.18469,35.07834,33.97583,29.697756,33.624977,35.54841,33.06697,29.911728,33.94191,30.022596,32.87771,29.614557,25.92267,25.787302,21.747736,19.318285,18.10969,14.501923,16.816477,19.012953,21.171732,23.579084,28.355856,30.072172,33.8924,35.674076,39.383312,40.401512,38.57059,35.844803,34.01541,31.347307,27.648462,23.481144,22.019571,17.199722,13.981286,11.371068,10.597803,13.33231,13.009175,16.755646,18.296549,20.60516,23.800694
4,12.451465,9.503688,6.89873,3.8553529,0.0,5.393034,5.0876966,10.049494,12.582501,14.398554,18.148054,19.589088,23.123827,23.872717,24.23895,20.336872,21.212013,20.864243,21.80079,23.966465,24.80829,26.857843,30.523144,29.23895,29.274897,27.455658,27.116234,27.60332,25.860771,29.217375,23.586674,29.73897,24.887075,27.342041,25.41785,21.754227,19.863005,22.84353,20.900658,17.659359,17.25881,21.003887,18.47645,13.944626,17.139927,20.385666,14.436717,13.255608,17.869425,17.621668,21.533924,20.819914,24.403845,25.138504,26.484634,28.208134,24.465904,28.425354,30.890507,26.21032,25.715475,30.559826,32.58198,34.375122,29.352297,27.13646,31.988136,30.743275,26.691826,31.001902,32.70852,30.127886,27.310585,31.71432,27.830885,31.116272,28.07963,24.272503,24.881508,20.73333,18.906622,18.492754,14.474482,15.966009,17.255722,20.174713,21.591528,26.714516,28.046997,31.88579,33.563858,37.13618,38.49968,36.968174,34.417107,32.81184,30.003553,26.881966,22.243565,21.68674,16.112753,13.974266,12.099119,10.656992,12.595291,11.362642,14.462816,16.059147,17.757568,21.05828
5,15.027019,13.014836,8.8934555,8.401749,5.393034,0.0,5.8657813,7.1736784,10.702497,12.337138,15.942876,17.838903,21.462402,22.869942,24.4185,20.546228,22.43187,22.376284,24.378487,26.588434,28.182081,30.428041,34.278152,32.151703,31.82421,29.640577,28.696583,28.652657,26.328262,29.238457,23.007843,28.330872,22.817142,24.686409,23.48227,20.407812,17.588053,20.137598,19.333467,16.573545,14.626116,19.292002,17.849215,12.874366,14.861908,19.75884,15.23579,12.493134,16.758581,15.256235,19.594006,20.658035,22.98407,23.118282,25.485033,27.737072,24.028454,28.102545,29.863287,24.44112,24.785994,29.194897,31.297499,32.522923,27.21107,25.434805,30.52022,29.448477,25.875175,30.503532,32.304665,29.949228,27.504158,32.370087,28.27521,32.044415,29.272682,25.033342,26.586494,21.886162,20.966835,20.909283,17.367878,18.319471,18.625353,22.437784,23.103653,28.432798,29.495306,33.211796,35.010864,38.221344,40.22189,39.110245,36.654675,35.124966,32.498158,29.664766,25.005785,25.0948,19.175148,17.958471,16.465313,15.382234,16.673222,15.016993,16.881727,18.615608,19.130432,22.472702
6,17.430376,14.556196,11.618022,8.806953,5.0876966,5.8657813,0.0,5.9544296,7.671356,9.696949,13.22788,14.832774,18.196434,19.065838,19.520473,15.531946,16.898958,16.813416,18.52362,20.852602,22.441353,24.657318,28.630344,26.376062,26.006857,23.841661,23.147518,23.234924,21.26525,24.401863,18.671236,24.69794,19.84067,22.461311,20.616087,16.845852,15.002948,18.43948,16.60094,13.161469,13.178412,17.60057,14.982598,10.686391,14.438338,18.205318,13.009531,12.127188,16.979391,16.22747,19.323706,19.760277,23.265652,23.244213,24.567781,25.86312,21.70354,25.41354,28.102125,23.266855,21.973701,26.835962,28.502392,30.455427,25.44702,22.885935,27.520388,26.027475,22.2267,26.968475,28.298466,25.557442,23.187553,27.965694,24.270735,28.02414,25.348743,21.616941,23.119968,19.193325,18.173061,18.897743,14.516862,14.706359,14.636349,18.356441,18.290844,23.728455,24.507221,28.32035,29.815351,33.209904,34.938667,33.7768,31.486036,30.213545,27.243328,24.992916,19.84483,20.544641,14.2890835,13.839039,13.150819,11.092865,11.630364,9.604618,11.048739,12.856429,13.557267,17.070328
7,21.39996,19.191004,15.194969,13.885444,10.049494,7.1736784,5.9544296,0.0,4.6734557,5.2391067,8.808624,10.767072,14.317384,15.923574,18.09398,14.665117,17.21658,17.964376,20.58091,23.267776,25.64954,27.8505,32.125935,28.870338,27.91562,25.201582,24.064314,23.219822,20.781406,23.003702,16.974092,21.752918,15.845306,18.257526,17.641052,14.463408,11.421444,15.092805,14.913208,11.976621,10.526547,16.635582,15.209447,11.085836,13.640693,19.144194,15.850148,13.926149,18.227121,16.125196,18.955023,21.59379,23.848719,22.848097,25.075113,26.552902,22.291813,25.808813,27.94949,22.408716,21.337013,25.660927,27.04158,28.548136,23.315453,20.917467,25.46551,23.83974,20.934942,26.320585,27.29374,24.585318,23.143414,28.500048,24.925797,29.307415,27.16198,23.286732,25.94478,21.87568,21.876183,23.155144,19.141665,18.59246,17.203262,21.728466,20.220896,25.77592,25.877522,29.467411,30.789034,33.708336,36.134228,35.57419,33.63052,32.703655,29.76933,28.36651,23.073124,24.795631,18.365025,19.024847,18.766846,16.743877,16.653246,13.775936,13.873277,15.19217,14.225688,17.328266
8,24.78258,22.07632,18.713778,16.327784,12.582501,10.702497,7.671356,4.6734557,0.0,4.7904644,6.4034595,9.313749,11.950674,13.724341,14.99288,10.8549,13.988707,14.246666,17.984013,19.983442,22.937986,25.41821,29.484095,25.628319,24.59085,21.96249,20.140854,19.36929,16.526268,18.97873,12.535516,17.650883,12.513181,14.797021,13.373772,9.940155,7.421647,11.412181,10.589961,7.45946,7.222884,13.103562,11.382114,8.265761,11.394524,16.258795,13.795112,12.77881,16.817032,14.991357,16.544388,19.428448,21.928083,20.556116,22.219418,23.102896,18.645119,21.819805,24.286346,19.067389,17.076323,21.489618,22.640959,24.452969,19.412395,16.623287,21.009039,19.326757,16.293533,21.743773,22.62391,19.955366,18.535995,23.96724,20.513454,25.048813,23.168247,19.498484,22.652744,19.021852,19.61252,21.654427,17.734655,16.279299,13.929195,18.702168,16.278152,21.764889,21.622238,25.09631,26.463709,29.228195,31.863068,31.48788,29.621653,28.812683,26.003748,25.043139,19.820473,22.241096,15.923288,17.734543,18.270718,16.477345,15.488476,13.546019,11.535863,13.601523,11.678553,15.195466
9,25.851913,23.601873,19.75661,18.222536,14.398554,12.337138,9.696949,5.2391067,4.7904644,0.0,4.241975,5.5399456,9.161484,10.741092,13.627826,11.161669,14.033965,15.787896,18.432825,21.643553,24.433891,26.395609,30.954163,26.99315,25.513077,22.368279,21.363155,19.726845,17.487568,18.869223,13.57597,17.716114,11.449903,14.872166,14.958689,11.669153,8.940788,13.793942,14.076584,11.196109,10.974719,17.321896,15.825732,13.049572,15.82958,20.974808,18.461023,17.386196,21.459497,19.325747,20.99098,24.214663,26.51439,24.916649,26.802502,27.57217,23.070656,25.94919,28.454988,23.192183,20.808258,24.939358,25.567427,27.407494,22.509377,19.534485,23.26133,21.013681,18.867548,24.758276,24.808828,21.692867,21.318722,26.869873,23.979889,28.650253,27.054379,23.748167,26.945272,23.632559,24.06974,26.054228,21.846891,20.47701,18.159166,22.728437,19.631542,25.083965,24.328808,27.731274,28.483402,31.170582,33.785786,33.647667,32.211433,31.847237,28.631056,28.471855,22.822527,25.662188,19.264944,21.035282,21.494379,18.887522,17.982758,14.2895155,13.24412,13.715226,11.498255,13.912124
10,29.911297,27.52496,23.785025,21.972315,18.148054,15.942876,13.22788,8.808624,6.4034595,4.241975,0.0,3.8799505,5.940246,8.436578,11.753036,9.62245,13.334269,15.125795,18.710642,21.440294,24.810562,26.875555,31.28236,26.605862,24.839882,21.608883,19.963078,17.876986,15.231006,15.984109,10.667445,13.75911,7.243531,10.791653,11.410097,8.644724,5.947475,11.071906,12.08341,9.953278,10.072211,16.13439,15.153488,13.57233,15.82639,20.75863,19.517303,18.697323,22.209806,19.915556,20.568407,24.578678,26.483912,24.324966,26.11089,26.495659,22.032413,24.389902,26.80246,21.717318,18.79531,22.45742,22.62721,24.446419,19.821037,16.704258,19.89756,17.464193,16.051083,22.12875,21.762564,18.73216,19.097439,24.754232,22.218779,27.102335,26.01276,22.985315,26.805883,23.88152,24.970043,27.479303,23.551147,21.561916,18.440681,23.12044,19.031841,24.159723,22.90157,25.967012,26.585125,28.838238,31.889393,32.18778,31.025822,30.931656,27.891459,28.417427,22.969833,26.496038,20.392319,22.99991,23.941145,21.572912,20.125536,17.012783,14.530643,15.211322,11.888584,13.999704
11,30.86122,28.657192,24.890343,23.337528,19.589088,17.838903,14.832774,10.767072,9.313749,5.5399456,3.8799505,0.0,4.0586658,5.6025453,10.230134,9.9291315,12.825092,15.726067,18.12773,21.755833,24.844017,26.437119,31.161276,26.547058,24.49178,20.940443,20.170616,17.530256,15.723487,15.674629,12.007814,14.571975,8.108844,12.777842,14.035245,11.216218,9.44896,14.608412,15.499503,13.192941,13.919579,19.821426,18.48196,16.967703,19.594059,24.286598,22.542572,22.015163,25.78303,23.620306,24.374174,28.052752,30.247297,28.163794,29.776672,29.929218,25.394073,27.549719,30.257477,25.40658,21.967016,25.621141,25.40443,27.47418,23.144133,19.7897,22.334879,19.449474,18.479328,24.612244,23.574434,20.12422,21.127087,26.640385,24.624006,29.423302,28.460892,25.821373,29.425194,26.862091,27.66575,30.1498,25.914892,23.973854,21.01445,25.392353,20.969395,26.007393,24.353075,27.385157,27.446556,29.746433,32.549496,32.92595,32.107903,32.368114,28.958942,30.093155,24.331615,28.106405,22.034712,24.61419,25.585863,22.63275,21.166794,17.044607,15.181632,14.668194,11.338292,12.29836
12,34.69291,32.32995,28.720985,26.858027,23.123827,21.462402,18.196434,14.317384,11.950674,9.161484,5.940246,4.0586658,0.0,3.381964,8.482746,9.367609,12.483784,15.4841175,18.35892,21.559072,25.031519,26.59151,31.130882,25.941183,23.594286,19.997232,18.84554,15.680967,13.849055,12.780334,10.188279,11.194442,5.258511,10.510178,12.27229,10.160899,9.471434,14.18273,15.320524,13.695984,15.02959,20.170546,19.06597,18.586342,20.964525,25.124352,24.218277,24.073124,27.448769,25.345497,25.268356,29.258121,31.299053,28.868465,30.188013,29.86418,25.430399,26.98881,29.743263,25.338007,21.233118,24.401081,23.599548,25.79454,22.010149,18.486885,20.103184,16.89803,16.829111,22.897758,21.199123,17.734167,19.666618,25.032293,23.608213,28.428837,27.98097,25.811857,29.772833,27.743223,28.97147,31.865307,27.824905,25.411898,21.928614,26.16349,20.919151,25.466768,23.265276,25.894377,25.635351,27.503288,30.58582,31.38774,30.942348,31.557377,28.261528,30.178339,24.642948,29.003052,23.33927,26.563278,27.944403,25.122446,23.222057,19.583168,16.70228,16.243105,12.229862,12.597521
13,35.19528,32.807022,29.44081,27.456034,23.872717,22.869942,19.065838,15.923574,13.724341,10.741092,8.436578,5.6025453,3.381964,0.0,6.325795,8.989602,10.991962,14.751201,16.548988,20.324547,23.505548,24.674877,29.371313,24.294285,21.765368,17.992256,17.659386,14.192476,13.309079,11.838897,10.959223,12.35061,7.9631395,13.349643,14.594388,12.057751,12.16893,17.040033,17.481905,15.504033,17.59376,22.45145,20.788689,20.423597,23.342167,27.010042,25.560919,25.890387,29.51046,27.73495,27.670082,31.052095,33.58802,31.364426,32.2976,31.673409,27.165146,28.57089,31.753233,27.705893,23.039364,26.408829,25.393618,27.979641,24.464031,20.65907,21.86794,18.386898,18.239756,24.150637,22.006245,18.167883,20.33587,25.414167,24.434734,29.042414,28.63463,26.874256,30.502136,28.899956,29.838978,32.750156,28.490715,26.06301,22.753502,26.597477,21.162457,25.545862,23.08839,25.709694,24.980633,27.003363,29.692135,30.448885,30.262327,31.154663,27.550669,29.960648,24.244951,28.782354,23.313425,26.583168,28.095362,24.902462,22.8814,18.817581,16.164778,14.883382,10.964102,10.267043
14,35.80722,32.93729,30.39696,27.471409,24.23895,24.4185,19.520473,18.09398,14.99288,13.627826,11.753036,10.230134,8.482746,6.325795,0.0,5.5513735,5.734414,9.709096,11.261581,14.588604,17.876144,19.01838,23.471771,18.129417,15.503357,11.760541,11.591179,8.068373,8.218784,7.3738317,8.519321,11.784826,10.694857,15.539369,14.696357,11.521092,13.598501,18.135248,16.851267,14.697209,18.521732,21.86723,19.284456,19.926538,23.56238,25.590933,23.899197,25.432596,28.981045,28.081238,27.379827,29.541958,32.923473,31.057343,30.914782,29.513535,25.05368,25.965822,29.926771,26.913328,21.1131,24.799734,23.551256,26.927862,24.019268,19.735731,20.386023,16.762236,15.922918,21.201677,18.691433,14.433124,16.477444,20.927454,20.61428,24.741491,24.475945,23.559462,26.719389,26.135319,26.935526,30.151236,25.96884,23.149607,19.819687,22.824669,16.90067,20.685308,17.885567,20.446516,19.310127,21.660158,23.846642,24.440105,24.421837,25.586866,21.78408,24.91234,19.326023,24.321259,19.65042,23.516682,25.61308,22.513632,19.897417,16.84496,12.976006,11.746339,7.609614,6.45101
15,32.40357,29.272999,26.914896,23.557177,20.336872,20.546228,15.531946,14.665117,10.8549,11.161669,9.62245,9.9291315,9.367609,8.989602,5.5513735,0.0,4.4406114,6.128914,10.330321,12.385056,16.14063,18.22176,22.362055,17.19128,15.301857,12.20443,10.428735,8.661508,6.6206136,8.90585,5.41395,11.630688,10.119385,14.094287,11.746577,7.63856,9.994352,14.369249,12.097303,9.51573,13.887787,16.80307,13.871559,14.563655,18.40769,20.13796,18.391844,20.050108,23.526562,22.86861,22.15623,24.009659,27.543009,25.900394,25.662775,24.4617,19.900534,21.250721,25.22993,22.050701,16.520218,20.773504,20.214731,23.550823,20.160656,15.906846,17.70438,14.641568,12.319437,17.756466,16.445543,12.489444,12.869348,17.861357,16.484049,20.837223,20.058624,18.531656,21.761824,20.733503,21.61992,24.860428,20.82082,17.91635,14.433809,17.840446,12.227411,16.748556,14.726861,17.851555,17.816513,20.566925,22.94708,23.068895,22.212608,22.632591,19.125422,21.015276,15.398228,20.08271,15.002369,18.98735,21.100353,18.566149,15.890587,14.040513,9.072056,9.804004,5.4972878,7.766649
16,32.63874,29.43998,27.617985,24.025524,21.212013,22.43187,16.898958,17.21658,13.988707,14.033965,13.334269,12.825092,12.483784,10.991962,5.734414,4.4406114,0.0,4.7057786,6.1738577,9.387527,12.602389,14.206205,18.651781,13.744227,11.72266,8.370497,8.354025,6.9126735,7.2657614,9.627784,9.057077,14.853915,14.122688,18.336624,15.910224,11.91276,14.369904,18.687122,15.907532,13.131644,17.78727,20.25251,16.72171,17.399618,21.744408,22.689308,20.065544,22.395842,26.0908,25.956678,25.380068,26.158562,30.357729,29.132055,28.35946,26.819391,22.356989,23.512426,27.973835,25.380104,19.504467,23.890982,23.20955,26.907578,23.891024,19.56364,20.919882,17.801746,15.367007,20.056816,18.406572,14.251357,14.522791,18.612999,17.892027,21.57502,20.730192,19.91929,22.27756,21.992327,22.266611,25.383436,21.136992,18.364388,15.536915,17.922829,12.519737,16.513214,14.342559,17.499813,16.81777,20.02957,21.505371,21.275352,20.656446,21.390715,17.338728,19.844786,13.983096,18.79512,14.309875,18.232382,20.559273,17.573887,14.687265,12.644029,7.9900107,7.360411,3.8354962,4.8107185
17,32.408638,28.89205,27.56617,23.393854,20.864243,22.376284,16.813416,17.964376,14.246666,15.787896,15.125795,15.726067,15.4841175,14.751201,9.709096,6.128914,4.7057786,0.0,6.689693,6.466934,10.516617,13.138314,16.724417,11.720112,10.5300255,8.497764,6.3351784,7.367798,6.500525,10.827987,8.896451,15.518527,15.814511,18.973202,15.308976,11.440682,14.48414,17.838108,13.986227,11.460904,16.704172,17.680782,13.732067,15.24594,19.627005,19.273447,16.871933,19.924622,23.2041,23.676348,22.603935,22.571852,27.114208,26.172647,24.752195,22.88196,18.581612,19.594713,24.345701,22.387106,16.336578,20.930643,20.569046,24.445917,21.665316,17.452787,19.036718,16.503399,13.065662,16.929028,16.040392,12.356431,11.136616,14.883126,13.823795,17.226841,16.148958,15.534756,17.670538,17.836008,18.24286,21.632833,17.787561,14.616304,11.615988,13.532873,7.8971214,11.907528,10.206104,13.730109,13.834582,17.382017,18.802773,18.173882,16.937895,17.194752,13.38248,15.355273,9.645984,14.731425,10.753454,15.328778,18.072737,15.950072,12.7076235,12.952138,6.9669647,8.76936,6.631033,9.15249
18,31.966288,28.632597,27.807835,23.808859,21.80079,24.378487,18.52362,20.58091,17.984013,18.432825,18.710642,18.12773,18.35892,16.548988,11.261581,10.330321,6.1738577,6.689693,0.0,6.068396,7.2804265,8.317092,13.176212,9.618744,8.36149,6.0444026,8.807339,9.551211,11.475464,14.307236,14.614947,20.58518,20.272726,24.34767,21.422676,17.35858,19.801342,23.874475,20.326038,17.34093,22.165634,23.880665,19.696737,20.252308,25.05846,24.874779,21.118313,24.265347,28.073624,28.743753,28.411943,27.572268,32.61689,32.10265,30.643053,28.856289,24.662159,25.786047,30.6873,28.78659,22.946198,27.576899,27.131723,31.091785,28.330824,24.10286,25.475008,22.675508,19.65543,23.285488,21.94019,18.070145,17.3844,20.182625,19.784693,22.367895,21.13752,21.01989,21.919933,22.455547,21.784836,24.508863,20.236097,17.892118,16.333654,17.135672,13.127397,16.218994,14.678615,17.845669,16.916302,20.752722,20.784513,19.644365,18.906824,19.603397,15.092516,17.526287,11.759057,15.955855,12.738143,16.099905,18.602747,15.417383,12.452244,11.253424,7.8937597,6.358127,7.003189,7.0870886
19,34.27845,30.60472,30.287634,25.702843,23.966465,26.588434,20.852602,23.267776,19.983442,21.643553,21.440294,21.755833,21.559072,20.324547,14.588604,12.385056,9.387527,6.466934,6.068396,0.0,4.579286,7.5742087,10.343444,5.744556,5.9365926,6.3818965,6.237138,9.593625,10.8625555,14.797485,14.869865,20.875822,22.100506,25.149656,21.182812,17.645485,20.838991,23.79452,19.44483,17.153755,22.430382,22.338507,18.051144,19.836803,24.342644,22.486933,19.516928,23.49563,26.536901,27.878883,26.676523,24.98542,30.260393,29.958534,27.58103,25.12854,21.421747,21.90408,27.101665,26.3581,20.214043,24.604012,24.20145,28.384174,26.326353,22.309044,23.317045,21.110023,17.613575,19.80378,18.907906,15.738452,14.006444,15.505279,15.501523,17.168344,16.052505,16.91481,17.301464,19.06595,18.69187,21.84633,18.408607,15.500119,13.831953,13.325809,9.292533,10.818526,9.563973,12.617759,12.155891,16.308163,15.949342,14.309831,13.052864,13.542235,9.0466385,11.9762745,6.9489207,11.957994,10.715212,14.958178,18.09914,16.269024,12.912084,14.6571245,9.9425335,11.022187,11.164872,12.437227
20,33.89649,30.274822,30.587996,25.975897,24.80829,28.182081,22.441353,25.64954,22.937986,24.433891,24.810562,24.844017,25.031519,23.505548,17.876144,16.14063,12.602389,10.516617,7.2804265,4.579286,0.0,3.6437647,6.561251,5.177215,6.8185897,8.336097,10.316893,13.387819,15.272122,18.849598,19.233309,25.285969,26.132757,29.45668,25.599056,21.88048,24.766193,27.930485,23.5127,20.958746,26.030514,26.054901,21.57971,22.846132,27.55577,25.495518,21.674295,25.820103,29.025023,30.698656,29.930208,27.391596,33.05486,33.20301,30.666407,28.315317,24.815922,25.459332,30.67956,30.081282,24.28722,28.76151,28.536993,32.70024,30.607841,26.685032,27.835936,25.686619,22.111216,24.047575,23.29451,20.239632,18.36633,19.28619,19.343163,20.306602,18.898758,19.95334,19.234669,21.248257,20.054834,22.60661,19.186705,16.975006,16.48494,15.051979,12.825189,13.761409,13.256577,15.924424,15.268114,19.42802,18.002296,15.710918,14.48663,14.860514,10.435007,12.662931,8.527765,11.767609,11.799289,14.855151,17.80642,15.828885,12.844778,14.808214,11.785811,12.026242,13.633249,14.367112
21,35.31919,31.867107,32.28619,27.897589,26.857843,30.428041,24.657318,27.8505,25.41821,26.395609,26.875555,26.437119,26.59151,24.674877,19.01838,18.22176,14.206205,13.138314,8.317092,7.5742087,3.6437647,0.0,5.2962604,5.918937,7.191959,8.77207,12.325361,14.8003845,17.45011,20.373615,21.669294,27.384388,28.175722,31.862324,28.340733,24.571873,27.39801,30.882744,26.677954,24.010248,29.040901,29.463123,25.003426,26.05356,30.855488,29.06736,25.04383,29.062197,32.443707,34.028454,33.429016,30.942768,36.627968,36.766,34.30181,31.943888,28.43015,29.013472,34.25122,33.61517,27.707869,32.121338,31.694262,35.921406,33.8826,29.852526,30.756802,28.374222,25.13268,27.191141,26.015936,22.784122,21.467371,22.255302,22.710524,23.5784,22.366478,23.580761,22.772823,24.833645,23.469664,25.7935,22.28399,20.347498,20.019644,18.610216,16.386938,17.160034,16.31781,18.63278,17.344368,21.317923,19.388147,17.16417,16.568497,17.413994,13.051895,15.811958,12.138136,14.897535,15.056341,17.566818,20.251995,17.858742,15.189992,16.1989,14.150694,13.270575,15.20665,14.987625
22,38.489624,34.9158,35.862965,31.212234,30.523144,34.278152,28.630344,32.125935,29.484095,30.954163,31.28236,31.161276,31.130882,29.371313,23.471771,22.362055,18.651781,16.724417,13.176212,10.343444,6.561251,5.2962604,0.0,6.5193114,9.24677,12.331291,14.793565,18.022932,20.517986,23.617887,25.079317,30.590502,32.1803,35.400867,31.428143,27.987202,31.118633,34.036198,29.481773,27.201881,32.340637,31.765684,27.344252,28.93345,33.506718,30.659107,27.019232,31.473467,34.336864,36.423244,35.403465,32.12598,37.96169,38.38886,35.270443,32.496677,29.559156,29.654503,34.945198,35.23364,29.361166,33.44026,33.023605,37.315956,35.850956,32.05552,32.621956,30.636992,27.31355,28.25958,27.32195,24.69985,22.968485,22.459536,23.41727,23.144365,22.107832,24.194134,22.53308,25.59842,24.174063,26.402712,23.70646,21.813517,21.869793,19.319921,18.003378,17.176243,16.8351,18.368942,17.165974,20.913633,17.950916,15.072444,14.45344,15.264838,11.666848,14.490495,12.981591,14.793347,17.087654,19.394678,22.203032,20.72787,18.177116,20.537771,18.255404,18.152922,19.958574,20.043236
23,38.87115,35.224983,35.297558,30.691006,29.23895,32.151703,26.376062,28.870338,25.628319,26.99315,26.605862,26.547058,25.941183,24.294285,18.129417,17.19128,13.744227,11.720112,9.618744,5.744556,5.177215,5.918937,6.5193114,0.0,3.246187,6.830829,8.447908,11.784647,14.349169,17.29767,19.281746,24.328959,26.528124,29.579906,25.703278,22.55322,26.058096,28.860605,24.562548,22.599552,27.961302,27.447515,23.29371,25.44299,29.818188,27.379124,24.698406,28.928894,31.715214,33.303314,31.775873,29.676579,35.037163,34.818222,31.942984,28.979033,25.743795,25.527145,30.839748,30.949198,24.499521,28.366312,27.5186,31.902876,30.592968,26.618803,26.715033,24.504974,21.606422,22.825941,21.312843,18.46175,17.397934,17.290575,18.661724,19.158178,18.696934,20.770206,20.491549,23.34877,22.882614,25.912415,22.953539,20.20619,18.903223,17.39149,13.919886,13.352192,11.716417,13.334182,11.611532,15.49101,13.495426,11.475548,11.288818,12.86813,8.465093,13.387064,10.617734,14.76533,15.526588,19.26753,22.417826,20.716955,17.561247,19.3046,15.391792,15.581123,15.978323,16.065176
24,39.371994,35.82286,35.456223,31.065683,29.274897,31.82421,26.006857,27.91562,24.59085,25.513077,24.839882,24.49178,23.594286,21.765368,15.503357,15.301857,11.72266,10.5300255,8.36149,5.9365926,6.8185897,7.191959,9.24677,3.246187,0.0,3.921756,6.544106,9.093017,12.276887,14.626337,17.426235,22.051918,24.325712,27.607134,24.112461,21.013197,24.570103,27.623526,23.700829,21.743635,27.110281,27.109783,23.12798,25.245813,29.592966,27.783663,25.340382,29.252438,32.196987,33.38467,31.8416,30.501362,35.58475,35.01032,32.480415,29.588505,26.09947,25.871292,31.106735,30.850264,24.151125,27.937408,26.785751,31.181662,29.815508,25.665083,25.496683,22.933626,20.505604,22.276726,20.183937,16.93958,16.737843,17.230053,18.781036,19.93126,19.758387,21.556677,22.034521,24.476223,24.321035,27.52641,24.267588,21.35013,19.496342,18.785717,14.30116,14.390071,11.93908,13.582649,11.2965765,14.951453,13.618227,12.455322,12.847377,14.804996,10.410082,15.681246,12.169571,16.93142,16.604055,20.62626,23.714731,21.595238,18.364855,19.126188,14.98136,14.6656885,14.40333,13.934701
25,37.931557,34.52879,33.672554,29.583796,27.455658,29.640577,23.841661,25.201582,21.96249,22.368279,21.608883,20.940443,19.997232,17.992256,11.760541,12.20443,8.370497,8.497764,6.0444026,6.3818965,8.336097,8.77207,12.331291,6.830829,3.921756,0.0,5.557104,6.3896604,10.006962,11.8967705,14.868979,19.467817,21.142658,24.847311,21.851168,18.561382,21.899372,25.4189,21.944391,19.767118,24.98262,25.841848,21.98987,23.716913,28.107872,27.2339,24.71778,28.15732,31.410784,32.12638,30.856867,30.291624,35.11088,34.249,32.285778,29.745377,25.876574,25.99265,31.057413,30.06319,23.396364,27.326696,26.116116,30.38833,28.594763,24.278307,24.302338,21.35759,19.194082,21.972178,19.61634,15.8361435,16.2662,17.956308,19.055252,21.131487,20.879326,21.94198,23.126574,24.761694,24.746878,27.97753,24.275885,21.356176,19.116987,19.409334,14.264147,15.651611,12.894991,15.0255785,12.869644,16.321377,16.03844,15.484584,15.812874,17.578058,13.153896,17.833668,13.255349,18.31855,16.544704,20.628912,23.522093,20.893955,17.699936,17.261103,13.097342,12.16632,11.267736,10.293286
26,38.408928,34.831303,33.769703,29.480211,27.116234,28.696583,23.147518,24.064314,20.140854,21.363155,19.963078,20.170616,18.84554,17.659386,11.591179,10.428735,8.354025,6.3351784,8.807339,6.237138,10.316893,12.325361,14.793565,8.447908,6.544106,5.557104,0.0,4.3236003,5.99059,9.271187,11.255976,15.891741,18.61846,21.383064,17.697865,14.927952,18.813965,21.465889,17.74908,16.257862,21.640612,21.52145,17.983353,20.61734,24.513958,23.125452,21.791168,25.271513,27.940805,28.66164,26.686834,26.49284,30.938576,29.823326,27.66153,24.852255,21.130152,20.836786,25.85328,25.22375,18.303827,21.964655,20.672253,25.003857,23.529842,19.304731,19.099054,16.449339,14.091726,16.43904,14.225387,10.649166,10.8018,12.584864,13.756651,16.128613,16.243347,17.42081,19.350548,21.11133,21.891304,25.584625,22.385494,18.92479,15.862305,16.452637,10.314936,11.37354,7.9940286,10.217131,8.688028,12.1693,13.161538,13.0539665,12.9153595,14.431833,10.580927,15.290466,11.1670475,16.843594,15.075485,19.886242,22.987146,21.162863,17.768562,18.466766,12.9080715,13.75016,11.743602,12.330645
27,39.1708,35.80792,34.197754,30.335365,27.60332,28.652657,23.234924,23.219822,19.36929,19.726845,17.876986,17.530256,15.680967,14.192476,8.068373,8.661508,6.9126735,7.367798,9.551211,9.593625,13.387819,14.8003845,18.022932,11.784647,9.093017,6.3896604,4.3236003,0.0,4.409816,5.623265,9.536629,13.179137,15.793317,19.078396,16.308702,13.663557,17.394676,20.537426,17.708782,16.216944,21.275908,22.192062,19.08979,21.350613,25.091257,24.829365,23.683647,26.535236,29.431206,29.537405,27.739714,28.591246,32.57023,31.020308,29.495491,26.98803,23.025751,22.871843,27.534966,26.23869,19.35153,22.78325,21.12642,25.264378,23.594847,19.219513,18.715456,15.44998,14.1266985,17.527035,14.538318,10.3877325,12.256751,15.006374,16.120636,19.202868,19.531912,20.158403,22.763258,23.847593,24.817516,28.481377,24.95573,21.571373,18.17294,19.686815,13.210555,15.094769,11.532495,13.452924,11.580394,14.16128,15.844052,16.475668,16.85089,18.570305,14.872028,19.449968,14.908199,20.536343,17.780357,22.45264,25.3024,22.970623,19.722837,19.033646,13.772226,13.740467,10.745705,10.388036
28,37.904842,34.509743,32.63982,28.797308,25.860771,26.328262,21.26525,20.781406,16.526268,17.487568,15.231006,15.723487,13.849055,13.309079,8.218784,6.6206136,7.2657614,6.500525,11.475464,10.8625555,15.272122,17.45011,20.517986,14.349169,12.276887,10.006962,5.99059,4.409816,0.0,4.9678783,5.5591593,10.092075,12.830457,15.437223,12.106438,9.613079,13.65377,16.31255,13.454751,12.37229,17.381075,18.019873,15.271436,17.86971,21.201714,21.11128,20.719326,23.257866,25.856754,25.751408,23.69396,25.146912,28.701118,26.910078,25.61737,23.287722,19.240286,19.20357,23.612753,22.010141,15.195507,18.659912,17.177008,21.18356,19.23868,14.845661,14.746997,11.570844,9.847348,13.891882,11.386275,7.117555,8.764464,12.736056,12.997006,16.839909,17.108505,17.08787,20.447935,20.969906,22.46151,26.273064,22.974855,19.416529,15.466004,17.726913,10.945187,13.490288,10.210869,12.45273,11.817581,14.137793,16.865776,17.579205,17.292114,18.374586,15.243743,18.783794,14.318588,19.847998,16.537125,21.36902,24.12436,22.254023,19.076183,18.849998,13.014471,14.165256,10.577706,11.666274
29,41.2726,38.086437,35.820717,32.38065,29.217375,29.238457,24.401863,23.003702,18.97873,18.869223,15.984109,15.674629,12.780334,11.838897,7.3738317,8.90585,9.627784,10.827987,14.307236,14.797485,18.849598,20.373615,23.617887,17.29767,14.626337,11.8967705,9.271187,5.623265,4.9678783,0.0,7.3853445,8.114221,11.874754,14.769701,12.976814,11.472653,15.1241865,17.887548,16.326334,15.633799,19.96509,21.302559,19.226799,21.60377,24.541927,25.201986,25.190325,27.259596,29.85552,29.258398,27.17387,29.469429,32.512737,30.299994,29.411476,27.126888,23.204363,22.877523,26.861683,25.120615,18.440695,21.086273,18.921682,22.657675,21.111689,16.85333,15.641877,11.906687,12.290068,16.375187,12.700956,8.573255,12.361742,15.8928995,16.90894,20.68394,21.482716,21.60834,25.234203,25.700317,27.338455,31.133795,27.744345,24.257345,20.241001,22.687195,15.889078,18.046297,14.373863,15.772997,14.248796,15.558391,18.558918,20.038149,20.570614,22.231415,19.18603,23.44818,19.109325,24.699896,21.310455,26.013908,28.649933,26.411875,23.337177,22.102802,16.828686,16.979351,12.988055,12.686248
30,35.97975,32.787796,30.289057,26.905745,23.586674,23.007843,18.671236,16.974092,12.535516,13.57597,10.667445,12.007814,10.188279,10.959223,8.519321,5.41395,9.057077,8.896451,14.614947,14.869865,19.233309,21.669294,25.079317,19.281746,17.426235,14.868979,11.255976,9.536629,5.5591593,7.3853445,0.0,7.1520014,8.026883,10.327893,7.1047616,4.250236,8.26087,11.079293,9.175299,8.369607,12.609905,14.301475,12.425034,14.519578,17.21773,18.602402,18.829752,20.295843,22.843008,21.96146,20.137535,22.995472,25.716585,23.470188,23.18399,21.665833,17.374378,18.039686,21.637201,18.76419,12.8146515,16.309813,15.279291,18.569715,15.613605,11.266986,12.4116955,9.251413,7.579342,13.345739,11.829575,8.2388525,9.501351,14.861153,13.623886,18.35459,18.277494,16.863428,21.060152,20.203012,22.088377,25.738071,22.439455,19.08879,14.799627,18.401188,12.19929,15.926207,13.568087,16.009022,16.373032,18.253273,21.630468,22.38172,21.616392,22.05875,19.365475,21.484278,16.860197,21.763926,17.315384,21.73772,24.010511,22.291325,19.536335,18.81631,13.313717,14.985113,10.858316,12.865018
31,42.12491,39.148533,36.19715,33.267143,29.73897,28.330872,24.69794,21.752918,17.650883,17.716114,13.75911,14.571975,11.194442,12.35061,11.784826,11.630688,14.853915,15.518527,20.58518,20.875822,25.285969,27.384388,30.590502,24.328959,22.051918,19.467817,15.891741,13.179137,10.092075,8.114221,7.1520014,0.0,7.2232876,7.5424213,7.191747,8.522513,11.259513,12.420855,13.00391,13.83768,16.41318,17.920486,17.63803,20.019758,21.407598,23.25021,24.917994,25.770908,27.650932,26.148571,23.716763,27.919657,29.459515,26.44626,26.594177,24.966764,21.309793,21.079065,23.709276,21.13099,15.656655,17.104176,14.865698,17.466494,15.663135,12.054418,10.726611,7.0348463,9.709095,14.497074,11.592046,9.126352,13.013335,17.449696,17.327833,21.829288,22.756952,21.796446,26.527557,25.874762,28.340553,32.102413,29.174604,25.754236,21.25712,24.79074,18.447662,21.061346,18.1087,19.319197,19.123945,19.52943,23.708834,25.475409,25.473991,26.45852,24.292837,27.271662,23.311459,28.41056,24.353153,28.832352,31.073284,29.3823,26.67557,25.524115,20.316662,21.3986,16.995771,17.835896
32,36.946922,34.362106,30.844019,28.641993,24.887075,22.817142,19.84067,15.845306,12.513181,11.449903,7.243531,8.108844,5.258511,7.9631395,10.694857,10.119385,14.122688,15.814511,20.272726,22.100506,26.132757,28.175722,32.1803,26.528124,24.325712,21.142658,18.61846,15.793317,12.830457,11.874754,8.026883,7.2232876,0.0,5.40606,7.5750546,7.0942082,6.8744173,10.193806,12.062927,11.726202,12.82381,16.98864,16.73949,17.2451,18.736296,22.576502,23.117552,22.923977,25.527357,23.32084,22.331192,27.034664,28.446112,25.575233,26.877213,26.404724,22.25749,23.406326,25.71668,21.490839,17.458313,19.934616,18.952578,20.853687,17.297522,13.97594,15.314853,12.343739,12.983528,18.914026,17.397453,14.596451,16.74613,22.124542,20.641232,25.574587,25.504652,23.327682,27.868471,25.908464,27.838575,31.042343,27.579384,24.797014,20.769796,25.134596,19.655025,23.757357,21.555511,23.782404,23.956776,25.283728,28.990644,30.104336,29.571173,30.060278,27.369726,29.211731,24.32447,28.809029,23.523993,27.186958,28.789867,26.68501,24.561804,22.199293,18.215425,18.927748,14.646209,15.8305645
33,39.411003,36.800816,33.251484,31.051474,27.342041,24.686409,22.461311,18.257526,14.797021,14.872166,10.791653,12.777842,10.510178,13.349643,15.539369,14.094287,18.336624,18.973202,24.34767,25.149656,29.45668,31.862324,35.400867,29.579906,27.607134,24.847311,21.383064,19.078396,15.437223,14.769701,10.327893,7.5424213,5.40606,0.0,5.447231,8.134971,7.6147814,7.5691237,11.039903,12.39391,12.267675,15.221388,16.383469,17.53523,17.612099,21.384903,23.510464,22.892832,24.52974,22.027441,20.275866,25.970207,26.317282,22.92424,24.564936,24.252031,20.650938,21.467169,22.82107,18.58934,15.506386,16.76765,15.801112,16.79189,13.399488,11.011186,12.216768,10.224116,11.865197,17.0823,16.198261,14.682651,16.670784,21.783709,20.067522,24.9533,25.196472,22.84029,27.86812,25.739256,28.319902,31.60123,28.820272,25.940838,21.67414,26.120518,20.951702,24.533047,22.607107,24.365513,25.102198,25.815182,30.071348,31.428246,30.737394,30.977486,28.999844,30.4576,26.330868,30.599201,25.679628,29.401897,30.988234,29.581131,27.498167,26.066078,21.693466,23.224499,19.050264,20.750713
34,37.75576,34.765778,31.799038,28.888142,25.41785,23.48227,20.616087,17.641052,13.373772,14.958689,11.410097,14.035245,12.27229,14.594388,14.696357,11.746577,15.910224,15.308976,21.422676,21.182812,25.599056,28.340733,31.428143,25.703278,24.112461,21.851168,17.697865,16.308702,12.106438,12.976814,7.1047616,7.191747,7.5750546,5.447231,0.0,4.513338,6.2982435,5.4505267,6.497258,8.469045,9.914772,11.0885315,11.749016,14.017423,14.523361,16.913342,19.310112,19.485855,20.931139,19.176643,16.718233,21.606346,22.600094,19.48902,20.23176,19.403162,15.641653,16.323149,18.307617,14.584089,10.344019,12.366146,11.65847,13.556064,9.953513,6.4091234,8.576007,6.7380767,6.6363263,12.170996,12.000228,10.622659,11.534869,16.776592,14.683709,19.60745,19.754322,17.47145,22.535862,20.745834,23.502523,27.021332,24.511158,21.347792,16.885815,21.093975,15.940946,19.300646,17.671535,19.5115,20.761541,21.72403,25.897608,26.964647,25.92256,25.880049,24.1659,25.29373,21.569883,25.764887,21.313234,25.314032,27.178598,26.227808,23.91248,23.624193,18.531263,20.86203,16.925545,19.31866
35,34.19192,31.121548,28.313145,25.209965,21.754227,20.407812,16.845852,14.463408,9.940155,11.669153,8.644724,11.216218,10.160899,12.057751,11.521092,7.63856,11.91276,11.440682,17.35858,17.645485,21.88048,24.571873,27.987202,22.55322,21.013197,18.561382,14.927952,13.663557,9.613079,11.472653,4.250236,8.522513,7.0942082,8.134971,4.513338,0.0,4.3963184,7.0090485,5.759819,5.407376,8.602946,11.015275,9.988762,11.586296,13.585769,16.043268,16.807373,17.40593,19.768478,18.37044,16.750937,20.543974,22.620779,20.14519,20.615965,19.834385,15.491532,16.837574,19.709412,15.838266,11.088063,14.656004,14.402401,16.934027,13.015702,9.042845,11.837109,9.525527,7.4096856,13.513348,13.315224,10.759749,10.863919,16.536217,14.168712,19.163649,18.69552,16.260874,20.812725,18.925467,21.05476,24.477287,21.379879,18.299637,14.012547,18.357475,13.134668,17.359856,15.854538,18.424318,19.528675,21.32127,24.895773,25.48046,24.26133,24.153765,21.837992,22.793015,18.337374,22.541796,17.6037,21.543415,23.410698,22.07556,19.729143,19.147486,14.103508,16.3848,12.549797,15.278614
36,32.076603,29.317654,25.99422,23.517246,19.863005,17.588053,15.002948,11.421444,7.421647,8.940788,5.947475,9.44896,9.471434,12.16893,13.598501,9.994352,14.369904,14.48414,19.801342,20.838991,24.766193,27.39801,31.118633,26.058096,24.570103,21.899372,18.813965,17.394676,13.65377,15.1241865,8.26087,11.259513,6.8744173,7.6147814,6.2982435,4.3963184,0.0,5.3959894,6.556795,5.886633,5.9935145,10.890196,10.7523775,10.601976,11.924519,16.278574,16.791176,16.152472,18.713484,16.50457,15.884373,20.555082,21.981241,19.406773,20.98766,21.183458,16.903126,19.007826,21.094183,16.11186,13.223199,16.594572,16.968868,18.603071,13.892434,10.867735,14.589865,12.807444,11.082467,16.933949,17.2873,15.06391,14.895657,20.556087,17.654312,22.632965,21.77678,18.604025,23.046207,20.172972,22.10327,25.034252,21.852327,19.350655,15.545963,20.371914,16.17129,20.850994,19.828747,22.573988,23.838903,25.699106,29.234686,29.681772,28.277891,27.910242,25.574697,25.80463,21.170088,24.7446,19.206345,22.384686,23.67891,22.305,20.51525,19.286547,15.320337,17.446684,13.926494,16.79005
