,0,1,2,3,4,5,6,7,8,9,10,11,12,13,14,15,16,17,18,19,20,21,22,23,24,25,26,27,28,29,30,31,32,33,34,35,36,37,38,39,40,41,42,43,44,45,46,47,48,49,50,51,52,53,54,55,56,57,58,59,60,61,62,63,64,65,66,67,68,69,70,71,72,73,74,75,76,77,78,79,80,81,82,83,84,85,86,87,88,89,90,91,92,93,94,95,96,97,98,99,100,101,102,103,104,105,106,107,108,109
0,0.0,3.6283402,6.851784,9.808905,11.242077,14.822346,16.491648,21.122063,24.156296,26.58603,31.108402,33.40163,35.32928,35.488186,34.209797,32.51444,34.41498,30.510578,34.767277,30.64739,33.183945,35.98386,35.542698,30.684366,32.14811,27.844688,26.133215,22.591839,26.065952,22.381935,26.787043,22.781199,29.073359,28.45191,29.52665,32.74093,31.016184,28.907593,25.832632,23.13124,23.758633,19.54097,23.509266,20.273142,25.42292,23.979908,27.308409,27.567581,28.929441,32.36194,33.682156,37.708454,41.377136,42.829784,39.077934,41.531334,36.466072,38.41082,38.292706,33.687534,31.144987,29.902327,25.991735,22.467487,19.020079,15.542442,13.215809,10.495404,5.539979,9.092872,13.109218,12.995691,16.094143,17.924934,21.041914,24.418228,27.146564,29.495544,32.898975,34.436398,36.866203,34.74897,33.479603,31.477234,27.030611,29.438173,22.946396,24.185272,20.938334,21.308956,19.583946,21.948631,20.343403,19.705732,17.232174,14.413303,12.147735,14.992002,14.883923,18.760859,19.657877,24.55914,29.181654,28.520002,25.502247,29.292099,23.72374,24.795467,24.070612,22.162237
1,3.6283402,0.0,5.061415,6.387734,8.221669,11.928977,13.775338,18.594673,21.39331,24.1558,28.524155,30.64209,32.280674,32.388767,30.868904,29.255077,30.970915,27.122158,31.388464,27.33308,30.05579,32.77069,32.665314,27.890783,29.497093,25.19011,23.37626,19.604593,22.668728,18.87196,23.23061,19.29446,25.58385,25.230335,26.271955,29.622892,28.169474,25.974474,22.831457,19.942673,20.466688,15.989663,19.917923,16.762499,21.881563,20.746965,24.123571,24.661219,26.253984,29.55575,30.632599,34.78403,38.34375,39.60668,35.73235,38.160896,33.072334,34.97147,35.00202,30.463991,27.845205,26.718794,22.623375,19.291601,15.673913,12.43013,10.262926,7.866002,2.5913668,7.5436983,10.603187,11.253518,13.616186,16.66625,19.05603,22.499811,25.342312,27.34731,30.791834,32.318752,34.497215,32.263508,30.646923,28.61593,24.183584,26.43979,20.012848,21.327908,18.034534,18.776932,17.065262,20.247082,18.265541,18.502613,16.309448,13.792792,10.959471,13.283736,12.270187,16.338598,16.786242,21.650291,26.4148,25.399656,22.339941,26.034199,20.698824,21.679157,21.371271,19.62744
2,6.851784,5.061415,0.0,5.242653,6.2122583,8.325819,10.974047,14.537693,18.121443,20.234003,25.069359,27.027958,29.132029,29.667337,28.606281,27.445642,29.815943,26.392153,31.270205,27.848543,31.003422,33.910408,34.405624,29.877693,32.161148,27.903582,26.270977,22.142756,23.70967,19.369244,23.088816,18.133633,23.497746,22.463821,23.291292,26.323668,24.30941,22.273294,19.302422,17.040655,17.7801,14.541581,18.984419,17.322918,22.174746,22.450285,26.028236,27.112207,29.099485,32.093594,32.70159,37.04143,40.390224,41.168934,37.010666,39.338577,34.177063,35.728878,36.07185,31.89397,29.007917,28.627026,24.06886,21.448042,17.13693,15.084615,13.198403,11.728073,7.015621,11.46382,12.976072,12.420397,13.57727,16.664066,17.547112,21.706837,23.709993,25.565546,28.803938,29.829762,32.304718,30.549314,28.584566,27.157867,22.971426,25.94728,19.783497,22.51576,19.712612,21.33832,20.235567,24.227427,22.21731,23.094633,21.10067,18.720837,15.59229,17.200064,15.001892,19.142315,17.976446,23.032892,27.777098,25.878588,22.601503,25.113224,19.76054,19.715132,19.025229,16.508677
3,9.808905,6.387734,5.242653,0.0,3.916131,6.212569,9.161816,13.349683,16.062859,19.074045,23.356922,24.989964,26.324615,26.610115,24.868353,23.732584,25.466696,22.01748,26.667501,23.163029,26.489119,29.112072,29.989763,25.600119,27.795443,23.630272,21.760998,17.503016,18.695522,14.344281,18.121191,13.659293,19.294018,19.142199,19.923164,23.393854,22.144867,19.838661,16.709944,13.817429,14.126977,9.812353,14.065344,12.179794,16.994478,17.469341,21.006746,22.370901,24.565905,27.370401,27.728216,32.14386,35.364014,36.00817,31.79271,34.127712,28.998598,30.606068,31.125742,26.970993,24.079147,23.614153,18.930645,16.551432,12.17859,10.68373,9.32023,8.884775,6.4160814,10.387804,10.302829,11.474127,11.408546,16.39848,16.516987,20.336464,22.797888,24.048746,27.377125,28.56757,30.439634,28.303427,25.83477,24.139236,19.951462,22.3119,16.322336,18.63836,15.701172,17.655148,16.428259,21.213373,18.698753,20.609991,19.04539,17.21559,13.910359,14.814242,11.7102995,15.735099,14.285115,18.964977,23.852291,21.63895,18.413435,21.09856,16.331179,16.406641,16.790504,14.961797
4,11.242077,8.221669,6.2122583,3.916131,0.0,5.3875585,5.678852,11.041149,13.2164955,16.304552,20.397167,22.552216,24.185486,24.253195,23.07093,21.491123,23.845406,20.298944,25.245914,22.015533,25.238302,28.350512,29.051481,24.762064,27.711517,23.593185,22.647709,18.332745,18.535685,14.072606,17.520641,12.30598,18.615566,17.308826,18.95342,21.950361,20.77012,19.099447,15.312723,12.131375,14.247343,10.204388,14.800278,13.950345,18.2466,19.369503,22.541224,24.329273,26.620367,29.323614,29.360273,33.880234,36.81801,37.196133,32.650127,34.53329,29.216259,30.408411,30.588518,26.668392,23.658123,24.20657,19.663519,17.759567,14.329757,12.300053,12.023265,10.743506,8.293295,10.621634,9.431202,9.102979,8.342824,13.097859,12.694278,16.711319,18.959991,20.332302,23.656786,24.87522,26.913641,24.874025,22.76085,21.11987,16.899975,19.771564,13.721057,16.985693,14.634416,17.015898,16.778505,21.673,20.172451,21.984568,20.842169,18.99762,15.052115,15.080606,11.4194145,15.23883,12.628741,17.60565,22.248045,19.918344,16.596945,18.926567,13.576579,13.740632,13.414952,11.594622
5,14.822346,11.928977,8.325819,6.212569,5.3875585,0.0,6.0473404,7.4098344,10.996553,13.382114,18.081324,19.351658,21.111694,21.924559,20.746468,20.293919,22.87807,20.188244,25.53247,23.113663,26.894676,29.685587,31.363285,27.510567,30.549726,26.653967,25.242886,20.846706,19.783482,15.091081,17.46251,11.737717,15.634376,14.40533,14.992571,18.023138,16.248571,14.227956,11.038046,8.94103,10.025172,8.190811,12.854759,13.806618,17.490578,20.029453,23.437836,25.535929,28.132597,30.406702,30.055752,34.591866,37.363182,37.29038,32.72732,34.752014,29.64907,30.65772,31.546478,28.071915,24.941216,25.663,20.707514,19.581333,15.141908,15.163201,14.561966,14.705272,12.436329,15.731894,14.322233,14.240169,12.410597,17.311598,15.053001,19.42336,20.719852,21.423277,24.366076,24.866035,26.876747,25.34078,22.2341,21.419525,17.81158,20.963015,15.880653,19.94526,17.972197,20.886906,20.561337,25.96939,23.699556,26.178864,24.93742,23.262611,19.701227,19.854048,15.866538,19.456305,16.109913,20.493338,25.022036,21.65714,18.359903,19.072569,14.77047,13.118656,13.299746,10.577072
6,16.491648,13.775338,10.974047,9.161816,5.678852,6.0473404,0.0,6.8741145,7.818071,11.065745,14.821028,17.33314,19.26086,19.254425,18.83396,17.145369,20.440645,17.315784,22.77612,20.51474,23.870213,27.34882,28.463566,24.73118,28.64737,24.868933,24.791986,20.505865,18.617426,14.178157,16.30137,10.146368,15.941237,13.016633,15.60234,17.820675,16.807905,16.058916,11.616,8.42455,12.885891,10.371507,14.782608,16.003489,19.12338,21.699945,24.4423,26.908722,29.46796,31.738121,31.124329,35.726624,38.152134,37.91586,32.982494,34.307056,28.956394,29.463556,29.603481,26.360067,23.202074,25.176378,20.729034,19.970089,17.244001,15.945912,16.61137,15.619885,13.840169,15.062273,12.394829,10.887268,7.914627,12.29324,9.053116,13.455645,14.710841,15.574656,18.669868,19.533945,21.636007,19.946754,17.647682,16.548315,12.731067,16.464668,11.320427,16.374975,15.274871,18.48005,19.400045,24.679024,23.831093,26.081724,25.4589,23.857529,19.615143,18.651972,14.305183,17.311441,12.812214,17.291668,21.316208,18.13844,14.854615,15.478846,10.160899,9.228264,8.101408,5.9174156
7,21.122063,18.594673,14.537693,13.349683,11.041149,7.4098344,6.8741145,0.0,5.375181,6.0897274,11.293825,12.64789,15.398763,16.64093,16.921494,16.879768,20.816818,19.094603,24.882862,23.84774,27.65435,30.790451,32.902637,29.735676,33.764595,30.254013,29.792818,25.491558,22.4376,18.022383,18.732388,12.452396,14.25772,10.385495,11.801747,13.199564,10.893835,10.582077,6.745692,6.4681315,10.589432,11.81157,15.606931,18.771715,21.026548,24.987324,27.87829,30.610058,33.42592,35.252228,34.229355,38.7904,40.968224,40.178997,35.24604,36.598373,31.577385,31.735483,32.609478,30.025158,26.814615,29.07768,24.360344,24.361721,20.791403,21.117218,21.33699,21.275309,19.160797,21.4575,19.06062,17.699097,14.622347,18.326897,13.638448,17.988607,17.604792,17.603262,19.823242,19.424688,21.659502,21.026834,17.620392,18.046803,15.552877,19.603283,16.161636,21.772327,21.086246,24.61303,25.39812,31.017681,29.52298,32.219288,31.409489,29.827896,25.860384,25.199753,20.740343,23.68061,18.8378,22.616713,26.304934,22.163624,19.125952,17.511744,13.987111,10.588167,9.69961,6.0277147
8,24.156296,21.39331,18.121443,16.062859,13.2164955,10.996553,7.818071,5.375181,0.0,4.635595,7.3159814,9.556152,11.757552,12.108239,12.836825,12.022483,16.51163,14.952456,20.729376,20.33266,23.929405,27.281021,29.449753,26.781286,31.374296,28.240925,28.60894,24.559765,20.311686,16.441055,16.227037,10.299619,12.43198,7.108333,10.662273,11.296499,10.76492,11.619571,6.9959936,5.5471153,11.855571,12.562863,15.536713,19.25187,20.585014,24.923256,27.170069,30.299252,33.154247,34.709896,33.274734,37.80014,39.529205,38.414238,33.238586,33.986237,28.974577,28.612343,29.161446,27.087746,23.937649,27.252056,23.015793,23.736668,21.427433,21.590393,22.757357,22.580044,21.424793,22.523378,19.06183,17.707571,13.66179,17.296404,11.39865,14.861164,14.183236,13.293419,15.333365,15.019026,16.710503,15.911575,12.252325,12.834275,10.912378,15.063768,12.917316,18.97855,19.226057,23.028824,24.616304,30.294895,29.47976,32.454376,32.21753,30.956417,26.748926,25.21709,20.46448,22.609562,16.981134,19.933414,22.91373,18.476477,15.78449,13.0528555,10.261729,6.235828,5.3033495,3.3658836
9,26.58603,24.1558,20.234003,19.074045,16.304552,13.382114,11.065745,6.0897274,4.635595,0.0,5.6792936,7.619901,11.430399,12.753771,14.725121,14.800314,19.679928,18.859219,24.53328,24.6479,28.202639,31.523481,33.82512,31.309305,35.98226,32.8736,33.19061,29.10355,24.836525,20.963991,20.520851,14.734748,15.127402,9.416076,11.919163,11.210471,9.359616,11.287397,7.8922305,8.882115,14.085402,16.195185,19.113949,23.168839,24.46763,29.057579,31.446877,34.556988,37.45137,38.956673,37.47622,41.975903,43.656147,42.369358,37.231476,37.95564,33.1066,32.57656,33.291035,31.483643,28.360695,31.735939,27.43522,28.172783,25.436974,25.785007,26.587576,26.380207,24.58956,26.115194,23.085508,21.185635,17.524298,20.175392,14.153032,17.684595,15.878792,15.0003805,16.266455,14.9701185,17.200777,17.479753,14.021965,15.674481,14.606355,18.941643,17.302296,23.486048,23.794315,27.55228,29.105543,34.720673,33.855694,36.685024,36.255127,34.809155,30.60913,29.340124,24.707666,27.035381,21.46493,24.49145,27.294315,22.839697,20.283665,16.986143,14.638503,10.5877495,8.902989,6.3296227
10,31.108402,28.524155,25.069359,23.356922,20.397167,18.081324,14.821028,11.293825,7.3159814,5.6792936,0.0,4.6142383,8.052298,8.52529,12.023709,11.824682,17.1623,17.182428,22.351812,23.522566,26.701542,30.036581,32.504032,30.719349,35.828846,33.224495,34.247437,30.50616,25.199984,22.078278,20.611288,15.871776,15.519059,9.26824,12.830617,10.731115,10.8689995,13.829495,10.847079,11.546597,17.081242,19.117031,21.13903,25.651142,26.024015,30.960936,32.74154,36.162178,39.070053,40.228256,38.325184,42.68726,43.84874,42.14563,36.88833,36.964306,32.36182,31.209097,31.703568,30.670715,27.747671,32.070778,28.34385,29.788908,28.052483,28.44997,29.901247,29.707752,28.612793,29.344736,25.618973,23.799425,19.628044,21.91085,15.280004,17.457691,14.981423,12.871263,13.129954,11.23933,12.629632,13.48364,9.7296295,12.505448,13.11194,17.025341,17.392752,23.516926,24.722395,28.579056,30.759443,36.322792,35.983856,39.05631,39.089878,37.924633,33.61398,31.703325,26.955667,28.550098,22.555582,24.560858,26.414408,21.789316,19.887896,15.243082,14.553322,10.597172,9.248297,9.131202
11,33.40163,30.64209,27.027958,24.989964,22.552216,19.351658,17.33314,12.64789,9.556152,7.619901,4.6142383,0.0,4.770933,7.163817,10.476647,12.200724,16.911146,17.953094,22.887749,24.594357,28.069363,30.857975,34.047726,32.557137,37.38853,34.952232,35.493473,31.807405,26.096928,23.112188,21.023912,16.8359,13.988756,8.456851,10.494176,7.2171474,7.721321,11.295961,9.815369,11.92136,16.05325,19.418285,20.70329,25.916368,25.683813,31.191366,32.964725,36.46473,39.473953,40.302765,38.170513,42.405907,43.391182,41.37796,36.27174,36.449512,32.214237,30.983894,32.100876,31.411442,28.551886,32.68083,28.873083,30.70918,28.626568,29.929369,31.223864,31.645555,30.735584,31.98642,28.274233,27.067451,22.801216,25.872316,19.34307,21.628666,19.469267,17.156933,17.266594,15.215909,15.868808,16.800005,12.144991,15.168866,16.130236,19.358288,20.146568,25.941563,26.999496,30.955065,32.80037,38.635647,37.690228,41.17076,41.130524,40.091965,35.99361,34.249886,29.37311,31.015562,25.11037,26.791609,28.707712,23.645983,21.890364,16.682724,17.185019,12.676963,12.702657,12.309017
12,35.32928,32.280674,29.132029,26.324615,24.185486,21.111694,19.26086,15.398763,11.757552,11.430399,8.052298,4.770933,0.0,3.7682712,6.5334287,9.519664,13.388966,15.448438,19.754211,22.172007,25.621098,27.922928,31.654274,30.708014,35.39509,33.37603,33.9233,30.569426,24.189608,21.865238,18.905497,16.04329,11.753527,7.5343137,9.297748,5.754667,8.983855,11.936729,10.938085,12.566738,15.906357,19.243137,19.444489,25.00603,23.844728,29.659166,30.97892,34.639343,37.653023,38.079994,35.615955,39.649063,40.25684,37.922165,32.884674,32.807735,28.935354,27.422531,28.814528,28.664734,26.011906,30.365314,26.939209,29.386154,27.860363,29.69372,31.335226,32.183914,32.03628,33.046093,28.938015,28.469004,23.926306,27.678288,21.25589,22.957287,21.37134,18.552467,18.641855,17.005083,16.471018,16.860441,11.453302,14.346145,15.950005,18.06437,19.953981,25.091469,26.412848,30.372545,32.23761,38.140884,37.055164,40.953896,41.18386,40.47947,36.550617,34.535656,29.597137,30.78276,24.938099,25.748169,27.262794,21.940947,20.675316,14.826136,17.04438,12.709375,14.145691,14.747328
13,35.488186,32.388767,29.667337,26.610115,24.253195,21.924559,19.254425,16.64093,12.108239,12.753771,8.52529,7.163817,3.7682712,0.0,5.04339,6.5559664,10.765716,12.891909,16.873428,19.614887,22.722363,25.18775,28.722046,28.052214,32.974445,31.18615,32.26876,29.14395,22.476494,20.617058,17.423925,15.182775,12.21813,8.072049,11.205575,8.695309,12.217998,14.749435,12.844097,13.248238,17.304747,19.54094,19.611492,24.82817,23.484339,29.034157,29.973522,33.716305,36.64698,37.04582,34.4998,38.48995,38.919174,36.578682,31.42485,30.952524,27.024635,25.248905,26.205133,26.287523,23.751104,28.633512,25.634212,28.261196,27.526957,28.957087,31.020786,31.65087,31.905834,32.28596,27.844013,27.41398,22.736988,26.301353,19.938536,20.923857,19.51376,16.347578,16.33231,15.098318,13.855428,13.827326,8.292115,11.180498,13.458321,15.0678835,17.888996,22.769361,24.548895,28.44136,30.687124,36.40221,35.797295,39.667164,40.19205,39.635128,35.63833,33.238743,28.358114,29.09316,23.172777,23.451723,24.444315,19.239655,18.35129,12.142691,15.113052,11.41606,13.029604,14.65924
14,34.209797,30.868904,28.606281,24.868353,23.07093,20.746468,18.83396,16.921494,12.836825,14.725121,12.023709,10.476647,6.5334287,5.04339,0.0,4.9851327,7.079326,9.743882,13.5795965,16.24867,19.758268,21.643862,25.757341,25.131931,29.56832,27.901672,28.495764,25.54194,18.633652,17.135406,13.387026,12.360352,8.213594,6.6661363,9.003516,8.194496,12.540178,13.801603,12.0947275,11.871508,14.668063,16.614735,15.716023,21.057356,19.063887,24.792017,25.541351,29.320663,32.265522,32.433987,29.766304,33.681366,34.075577,31.698164,26.594383,26.343046,22.483536,20.891085,22.365961,22.386116,19.878511,24.403265,21.439463,24.414845,23.84455,25.905605,28.062113,29.229269,30.121931,30.60018,26.084837,26.610851,21.937643,26.556839,20.763155,21.840326,21.50783,18.587208,19.308952,18.821568,17.438955,16.373693,10.69173,12.029464,13.45823,13.983256,16.624294,20.639414,22.126015,25.961693,27.810173,33.652184,32.527073,36.774868,37.361397,37.06907,33.382854,31.028162,26.168463,26.750904,21.213661,21.028921,22.268993,16.79278,16.01427,10.05006,14.066336,10.627085,13.795447,15.535889
15,32.51444,29.255077,27.445642,23.732584,21.491123,20.293919,17.145369,16.879768,12.022483,14.800314,11.824682,12.200724,9.519664,6.5559664,4.9851327,0.0,5.4863877,6.434847,10.784814,13.121786,16.236471,18.915508,22.250507,21.503576,26.454283,24.765366,26.181782,23.313272,16.461899,15.188029,11.841882,10.8099165,10.568787,8.060846,12.153921,11.996996,15.599653,16.802103,13.783657,12.097976,16.337713,16.530638,16.27077,20.649557,19.166265,24.116207,24.630323,28.387533,31.188265,31.659874,29.178036,33.195644,33.67695,31.639854,26.330975,25.7534,21.420954,19.770712,20.237654,19.990847,17.426674,22.610558,19.996906,22.742067,23.042978,24.062094,26.65855,27.220724,28.317652,27.969772,23.159151,23.429853,18.701725,22.858875,17.270172,17.598396,17.613876,14.615267,15.580619,15.842561,14.21904,12.310145,7.0426908,7.294906,8.971968,9.166172,12.619818,16.665478,18.702644,22.477917,24.90619,30.458069,30.142973,34.08277,34.941162,34.668316,30.783361,28.004433,23.25342,23.42006,17.68811,17.227886,18.045803,12.760044,12.160692,5.7631974,10.248982,7.9902916,10.998339,13.842785
16,34.41498,30.970915,29.815943,25.466696,23.845406,22.87807,20.440645,20.816818,16.51163,19.679928,17.1623,16.911146,13.388966,10.765716,7.079326,5.4863877,0.0,4.700295,6.5601244,10.054809,13.128786,14.732312,19.016914,19.033253,23.420721,22.378742,23.628946,21.41627,13.988022,14.151945,9.731814,11.808073,10.838982,11.46512,14.15896,14.824177,18.938929,19.383766,16.989532,15.066828,17.66202,17.311161,15.631116,19.676992,17.005459,21.84362,21.596697,25.431232,28.130089,28.075285,25.228426,28.93293,28.975525,26.657036,21.415688,20.528852,16.557955,14.587971,15.485187,15.915914,13.748297,19.0662,17.239155,20.762865,21.989353,23.63307,26.531519,27.653008,29.67782,29.130548,24.211681,25.56075,21.028189,25.8365,21.089128,21.0097,21.891203,19.029886,20.133863,20.811316,18.670038,16.285248,11.800402,10.986666,12.279823,10.247108,14.28196,16.348936,18.40628,21.831072,23.993525,29.390984,28.776001,33.165535,34.328175,34.51774,31.07595,28.149914,23.653006,23.197699,18.236187,16.43954,16.731085,11.489723,11.907707,6.6238785,12.701877,11.660074,15.448685,18.302237
17,30.510578,27.122158,26.392153,22.01748,20.298944,20.188244,17.315784,19.094603,14.952456,18.859219,17.182428,17.953094,15.448438,12.891909,9.743882,6.434847,4.700295,0.0,5.8051023,6.756217,10.329405,12.971427,16.338572,15.410352,20.102457,18.544453,20.058863,17.589548,10.468695,10.364571,6.76188,8.687158,11.28677,11.526277,14.893466,16.384293,19.771564,19.811687,16.552568,13.552007,16.746101,14.860307,13.896254,16.915668,15.113806,19.16098,19.0941,22.818443,25.453619,25.925735,23.515705,27.514399,28.08317,26.42624,21.051813,20.537142,15.755994,14.503103,14.580334,13.688744,11.030035,16.386383,14.289256,17.281605,18.863327,19.675837,22.789137,23.518534,25.688604,24.721813,19.717222,21.180077,16.772825,21.715054,17.605204,17.446943,19.120481,16.800947,18.609198,19.94714,18.343172,15.303618,11.595275,9.376243,9.114523,6.669712,9.865556,11.717473,13.773076,17.260433,19.607197,24.989708,24.69937,28.857141,30.058413,30.190361,26.643532,23.582155,19.1276,18.584698,13.568804,11.876768,12.701183,7.2170486,7.217158,2.9812906,8.749009,9.107128,12.936151,16.036163
18,34.767277,31.388464,31.270205,26.667501,25.245914,25.53247,22.77612,24.882862,20.729376,24.53328,22.351812,22.887749,19.754211,16.873428,13.5795965,10.784814,6.5601244,5.8051023,0.0,5.2587357,6.9842067,8.404193,12.614724,13.392509,17.70982,17.41633,19.571783,18.324932,11.181076,13.30716,9.529444,13.828622,15.626053,16.900042,19.719107,21.046019,24.878529,24.880756,22.048384,19.201296,21.62938,19.50174,17.63255,19.880692,17.12214,20.361132,19.102045,22.724731,25.007256,24.865505,22.069666,25.474016,25.270964,23.30373,18.101833,16.540503,12.383276,10.207093,9.6004505,10.304549,8.759658,14.944791,14.7179985,18.379715,21.448957,22.330511,25.802395,26.701626,29.659702,28.107409,23.077421,25.098722,21.071123,25.675291,22.28682,21.215084,23.191095,20.737627,22.173561,23.77284,21.393845,18.15436,15.3573,12.975981,13.57213,9.461878,13.857828,13.275849,15.815294,18.450119,20.904322,25.528797,25.616488,29.920616,31.650557,32.29031,29.177416,25.771957,21.929028,20.375994,16.489202,12.981801,11.953064,7.870422,9.963369,8.042239,13.631984,14.832527,18.391909,21.717594
19,30.64739,27.33308,27.848543,23.163029,22.015533,23.113663,20.51474,23.84774,20.33266,24.6479,23.522566,24.594357,22.172007,19.614887,16.24867,13.121786,10.054809,6.756217,5.2587357,0.0,4.419331,6.997277,9.999767,9.105117,13.474955,12.478284,14.669632,13.303225,6.651692,9.395362,7.177691,11.8842325,16.115892,17.652378,20.465918,22.632048,25.826004,25.251783,21.984972,18.421913,20.652431,17.120651,15.661828,16.443562,14.479782,16.503601,15.30156,18.728577,20.91239,21.329008,19.074574,22.810589,23.331968,22.24026,17.027758,16.302961,11.207918,10.553496,9.318824,7.3464575,4.8396096,10.955361,10.611583,13.735009,17.458845,17.643948,21.312592,22.035828,25.398664,23.50904,18.591658,21.2099,17.670385,22.605331,20.339153,19.44032,22.347683,20.667273,22.822092,24.893028,23.20942,19.59647,17.284378,14.120283,13.00808,9.011191,11.114095,8.866853,10.97107,13.354693,15.682932,20.301603,20.436403,24.668701,26.451668,27.161638,24.17348,20.727285,17.140034,15.335658,12.145021,8.226535,8.127738,4.405228,6.4706087,8.386701,11.810962,14.199514,17.650562,20.751787
20,33.183945,30.05579,31.003422,26.489119,25.238302,26.894676,23.870213,27.65435,23.929405,28.202639,26.701542,28.069363,25.621098,22.722363,19.758268,16.236471,13.128786,10.329405,6.9842067,4.419331,0.0,4.673376,6.034221,6.6754017,11.424348,11.5645685,15.146588,14.859005,9.722706,13.080877,11.533927,16.003878,20.445168,21.652317,24.71905,26.630009,29.921486,29.540329,26.15668,22.528822,25.034323,21.268389,19.929218,20.093655,18.230373,19.271505,17.424288,20.430666,22.129879,22.424856,20.278055,23.489784,23.605228,22.680607,17.855423,16.320078,11.882092,10.887109,7.792535,6.5923696,5.906737,11.922755,13.227702,15.994109,20.658014,20.139048,24.002398,24.327927,27.979338,25.344694,20.50658,23.027264,19.908012,23.982065,22.386272,20.605928,23.722576,22.106651,24.053333,26.469854,24.446499,20.638208,19.370314,15.931443,15.241792,10.613894,13.416955,9.753178,12.46559,13.829859,16.635014,20.129976,21.305162,25.127556,27.380829,28.353563,25.566551,21.754044,18.879034,16.217127,13.970898,9.027331,6.4436216,5.9347916,9.065146,11.510575,14.660395,17.69994,20.633661,24.03468
21,35.98386,32.77069,33.910408,29.112072,28.350512,29.685587,27.34882,30.790451,27.281021,31.523481,30.036581,30.857975,27.922928,25.18775,21.643862,18.915508,14.732312,12.971427,8.404193,6.997277,4.673376,0.0,5.8844657,8.348161,10.764174,12.162276,14.910478,15.598172,10.801947,15.034721,13.036632,18.626146,21.809063,24.103764,26.473446,28.548357,32.102077,31.446278,28.573544,25.194948,26.71992,23.196035,20.98261,20.982874,18.234434,18.960938,16.313671,19.151707,20.610004,20.175648,17.638454,20.274597,19.781729,18.60297,14.063328,11.989256,8.2658615,7.1224003,3.2689826,3.858235,5.407116,10.401424,13.080858,16.429775,21.487873,21.808739,25.561121,26.505833,30.591839,28.235218,23.659712,26.776876,23.805155,28.289288,26.743954,25.205511,28.279266,26.537407,28.371983,30.596136,28.356876,24.693075,22.956179,19.859108,19.425861,14.859968,17.566109,13.677121,15.645703,16.541094,18.503553,21.636568,22.13192,26.317186,28.678286,30.028154,27.802536,24.238379,21.695843,18.96328,17.56602,12.642023,10.515969,10.18321,12.956382,14.886737,18.622711,21.144854,24.517942,27.727158
22,35.542698,32.665314,34.405624,29.989763,29.051481,31.363285,28.463566,32.902637,29.449753,33.82512,32.504032,34.047726,31.654274,28.722046,25.757341,22.250507,19.016914,16.338572,12.614724,9.999767,6.034221,5.8844657,0.0,4.979382,7.6755757,9.802246,14.385797,15.724893,13.125294,17.101614,16.527002,21.188501,26.021242,27.534924,30.45917,32.569016,35.77894,35.192013,31.789042,27.986034,30.15607,25.814417,24.420927,23.389864,21.719063,21.152874,18.55767,20.716366,21.622124,21.817177,20.119814,22.52302,22.403074,22.166296,18.250664,16.382324,13.041685,12.701128,8.415882,7.239278,8.725797,12.341863,15.476609,17.539373,23.24458,22.111372,26.017239,26.138283,30.358414,27.049536,22.728071,25.649176,23.406612,26.877989,26.541094,24.314705,27.889828,26.691551,28.668596,31.406256,29.372341,25.455389,24.945343,21.330595,20.44338,15.902249,17.902643,12.701473,14.856943,14.571908,17.073353,18.777369,20.811762,24.105665,26.897476,28.355907,26.244473,22.329115,20.69678,17.18984,16.958227,11.696041,8.212276,11.022531,13.883099,17.40838,19.720947,23.25916,25.894691,29.237545
23,30.684366,27.890783,29.877693,25.600119,24.762064,27.510567,24.73118,29.735676,26.781286,31.309305,30.719349,32.557137,30.708014,28.052214,25.131931,21.503576,19.033253,15.410352,13.392509,9.105117,6.6754017,8.348161,4.979382,0.0,5.9170513,5.7786417,10.88318,11.619767,10.296698,13.73203,14.450239,18.33824,24.36711,25.693542,28.644985,31.132412,33.832485,32.98377,29.32916,25.24686,27.44135,22.488852,21.702684,19.940796,19.224476,18.078192,16.090834,18.122866,19.15122,20.149822,19.038248,22.075262,22.912922,23.248007,19.094233,18.340876,14.01678,14.59106,11.271562,7.801728,7.849921,10.536394,12.71887,13.821638,19.46574,17.589876,21.509876,21.323698,25.550125,22.111345,17.91623,21.077555,19.220655,22.875788,23.182133,21.37036,25.38419,24.723093,27.185053,30.035797,28.638058,24.652128,24.078686,20.243334,18.343578,14.468136,14.6814995,8.736245,10.260834,9.607385,12.211533,14.241158,16.407373,19.603397,22.273712,23.563189,21.297071,17.357916,15.810809,12.224531,12.5850725,7.5374317,5.4103785,9.023277,11.032858,16.057037,16.896646,20.810255,23.217703,26.23781
24,32.14811,29.497093,32.161148,27.795443,27.711517,30.549726,28.64737,33.764595,31.374296,35.98226,35.828846,37.38853,35.39509,32.974445,29.56832,26.454283,23.420721,20.102457,17.70982,13.474955,11.424348,10.764174,7.6755757,5.9170513,0.0,4.3160973,8.3252325,11.23462,12.590217,16.479885,17.660263,22.127459,27.717089,29.9816,32.290085,35.199806,37.829098,36.501217,33.184437,29.144745,30.289392,25.077227,23.79967,20.933567,20.100517,17.342249,14.583542,15.526884,15.678259,16.496826,15.985361,18.244247,19.228594,20.473558,17.356178,17.09365,13.759869,15.411224,12.532051,8.818361,10.164944,9.24254,13.054041,13.540174,19.825521,18.220043,21.82494,22.112232,26.980484,23.650013,20.331985,24.319534,23.192307,27.082193,28.095442,26.64289,30.862585,30.412195,32.994682,35.820408,34.49451,30.524641,29.675814,25.925102,23.83789,20.133112,19.693136,13.578168,13.685927,11.820368,12.583775,12.951436,14.530163,17.70186,20.677984,22.622036,21.500963,18.103567,17.758635,14.10372,16.446608,12.168085,11.233818,14.433441,16.031992,21.166834,21.916164,25.595686,28.24297,30.905203
25,27.844688,25.19011,27.903582,23.630272,23.593185,26.653967,24.868933,30.254013,28.240925,32.8736,33.224495,34.952232,33.37603,31.18615,27.901672,24.765366,22.378742,18.544453,17.41633,12.478284,11.5645685,12.162276,9.802246,5.7786417,4.3160973,0.0,5.748193,7.5923023,10.193027,13.310924,15.456121,19.105091,25.437702,27.445435,29.771044,32.871143,35.102417,33.644157,30.16849,26.003578,27.215704,21.66008,20.930367,17.654,17.675898,14.737998,12.810666,13.891095,14.460907,16.114773,15.965023,19.025122,20.778027,22.099926,18.521679,18.980988,14.758286,16.643267,14.36963,9.761089,9.7250395,8.512261,10.7548485,10.292016,16.36336,14.130594,17.795607,17.859451,22.67685,19.379644,16.090092,20.269897,19.347933,23.48326,24.753117,23.752352,28.11429,27.982395,30.84144,33.63992,32.766502,28.845184,27.864883,24.096947,21.406155,18.337963,16.677097,10.616222,9.867246,7.7712326,8.310663,9.662611,11.059779,14.471965,17.217964,18.887081,17.408525,13.978046,13.47165,9.922504,12.702435,9.181743,9.890996,12.716213,13.498082,19.27954,19.016935,22.763435,25.220524,27.581617
26,26.133215,23.37626,26.270977,21.760998,22.647709,25.242886,24.791986,29.792818,28.60894,33.19061,34.247437,35.493473,33.9233,32.26876,28.495764,26.181782,23.628946,20.058863,19.571783,14.669632,15.146588,14.910478,14.385797,10.88318,8.3252325,5.748193,0.0,4.3995895,9.871555,12.494022,15.17759,18.860935,24.450224,27.424597,28.84076,32.44605,34.37827,32.32627,29.361975,25.431667,25.290266,19.716194,18.54597,14.249461,14.438584,10.02444,8.121203,8.384446,8.936596,11.140258,11.697868,15.085873,17.76962,19.645699,16.498034,18.282957,14.261226,17.123056,16.322748,11.445192,11.0989485,6.5280786,8.025909,6.3640175,12.458117,11.319326,14.430775,15.660486,20.851181,18.676502,16.178633,21.152174,20.459417,25.518366,26.667974,26.649504,30.906233,30.841251,33.88245,36.36791,35.77557,32.03588,30.20944,26.765097,23.764475,21.274931,18.772223,13.71737,11.595197,10.004194,7.8668723,10.051711,7.906078,12.628565,14.759247,16.67685,16.018183,13.76332,13.362553,11.123347,14.338907,12.275269,14.533468,15.736718,15.716432,21.139215,20.70874,23.689829,26.531408,28.239813
27,22.591839,19.604593,22.142756,17.503016,18.332745,20.846706,20.505865,25.491558,24.559765,29.10355,30.50616,31.807405,30.569426,29.14395,25.54194,23.313272,21.41627,17.589548,18.324932,13.303225,14.859005,15.598172,15.724893,11.619767,11.23462,7.5923023,4.3995895,0.0,7.5102706,8.74356,12.295669,15.006969,21.098463,23.76062,25.197086,28.881195,30.50337,28.419374,25.326866,21.349298,21.342566,15.551868,14.922939,10.534775,11.653813,7.9658704,7.777423,9.087223,10.721383,13.233502,13.478028,17.56006,20.38935,21.738531,17.940561,19.897253,15.161377,17.718174,17.326021,12.352194,10.827557,7.65388,6.0732923,3.0536025,8.84432,7.388666,10.883449,12.189221,17.15182,15.427749,12.579963,17.607092,16.666769,22.212645,23.033098,23.554459,27.670341,27.70691,30.870613,33.190887,32.929737,29.34887,27.266184,23.983013,20.636932,18.830915,15.490354,11.39428,8.562991,8.034849,5.6459208,10.369814,7.613979,12.610344,14.02685,15.240983,13.675002,11.476735,9.899368,8.616277,10.98624,10.151379,13.70772,13.835583,12.972274,18.3816,17.244864,19.983631,22.739492,24.159132
28,26.065952,22.668728,23.70967,18.695522,18.535685,19.783482,18.617426,22.4376,20.311686,24.836525,25.199984,26.096928,24.189608,22.476494,18.633652,16.461899,13.988022,10.468695,11.181076,6.651692,9.722706,10.801947,13.125294,10.296698,12.590217,10.193027,9.871555,7.5102706,0.0,4.694295,5.445365,10.226778,15.33102,18.079622,19.85978,23.087963,25.519634,23.976341,20.925941,17.136488,17.829779,13.163881,11.546065,10.470647,9.16201,10.021489,9.417949,12.818033,15.268324,16.283554,14.658304,18.965176,20.603357,20.382772,15.422115,16.457825,11.005523,12.418357,12.508928,8.396542,5.484895,7.0279613,4.386145,7.2313533,11.033838,11.746697,15.275191,16.719965,20.587038,19.343294,15.041429,18.890223,16.078236,22.055471,20.75361,21.039192,24.449017,23.530529,26.277,28.267908,27.41768,23.942822,21.17576,18.167961,15.6682,13.232085,11.870886,9.148045,8.539839,10.66358,11.204421,16.555962,15.055008,19.80071,21.156557,21.919123,19.372791,16.616158,13.1445265,12.042747,10.307378,8.053897,10.935893,8.446957,8.008241,11.862155,12.823415,14.947249,18.53163,20.613901
29,22.381935,18.87196,19.369244,14.344281,14.072606,15.091081,14.178157,18.022383,16.441055,20.963991,22.078278,23.112188,21.865238,20.617058,17.135406,15.188029,14.151945,10.364571,13.30716,9.395362,13.080877,15.034721,17.101614,13.73203,16.479885,13.310924,12.494022,8.74356,4.694295,0.0,4.863073,6.387018,12.875268,15.029297,16.802435,20.272146,22.066296,20.370445,17.056698,13.078013,13.991804,8.816228,8.417635,7.7214384,8.199963,10.160623,11.371646,14.564159,17.265266,18.82066,17.614157,22.156141,24.234337,24.052696,19.14018,20.569529,15.183493,16.414892,16.843336,13.020974,9.962161,11.139918,6.8264213,7.8422885,8.853313,9.508088,12.630325,13.971443,17.04141,16.549751,12.259589,15.762388,12.706967,19.20586,17.56431,18.779734,21.967014,21.348856,24.317097,26.07195,25.848043,22.661942,19.601128,16.908884,13.732541,12.806319,9.718182,9.268976,7.7956967,10.912658,11.221373,17.298311,15.406918,19.824158,20.511202,20.650026,17.577559,15.295597,10.993948,11.380249,8.412851,8.779467,12.922121,9.640903,7.50985,10.971675,10.205961,11.757719,15.176195,16.65718
30,26.787043,23.23061,23.088816,18.121191,17.520641,17.46251,16.30137,18.732388,16.227037,20.520851,20.611288,21.023912,18.905497,17.423925,13.387026,11.841882,9.731814,6.76188,9.529444,7.177691,11.533927,13.036632,16.527002,14.450239,17.660263,15.456121,15.17759,12.295669,5.445365,4.863073,0.0,6.401016,10.08724,12.923824,14.657806,17.719208,20.40628,19.103884,16.213316,12.801682,13.752339,10.459704,8.529791,10.508435,8.533951,12.480459,12.836854,16.557144,19.374651,20.05454,17.960548,22.293205,23.599787,22.544817,17.301321,18.149878,12.930395,13.312635,14.36122,11.759649,8.677227,11.662478,8.226341,11.232772,12.438627,14.246062,17.183422,18.788155,21.586533,21.246576,16.736372,19.616976,15.876726,22.079468,19.199469,20.04523,22.578352,21.139366,23.612873,25.039711,24.179647,21.13578,17.389595,15.107042,13.10678,11.45865,10.921529,11.204344,11.301272,14.545586,15.470244,21.28324,19.596758,24.236135,25.136078,25.431974,22.413246,19.941973,15.624299,15.537469,11.814032,10.765192,13.490698,8.892285,7.761122,8.441995,10.541827,11.060769,15.245888,17.221502
31,22.781199,19.29446,18.133633,13.659293,12.30598,11.737717,10.146368,12.452396,10.299619,14.734748,15.871776,16.8359,16.04329,15.182775,12.360352,10.8099165,11.808073,8.687158,13.828622,11.8842325,16.003878,18.626146,21.188501,18.33824,22.127459,19.105091,18.860935,15.006969,10.226778,6.387018,6.401016,0.0,8.5891,8.92797,11.411797,14.518875,16.099396,14.927987,11.114418,7.034616,9.898407,6.5930943,7.7589817,10.654163,11.210395,15.285154,17.051168,20.357956,23.225435,24.594046,23.081984,27.6086,29.396893,28.574362,23.447353,24.526068,19.318075,19.62314,20.369291,17.615047,14.410357,17.030561,12.743889,13.96931,12.846596,13.787453,15.976548,16.877125,18.170734,18.552416,14.238594,15.859525,11.726478,17.995089,14.358521,16.428696,18.439798,17.441183,20.178663,21.286484,21.417664,18.850088,14.9997,13.247249,10.284632,11.268662,8.523833,11.979812,11.607666,15.449257,16.486923,22.578222,21.053371,24.984163,25.248526,24.781008,21.117474,19.112808,14.224764,15.557575,10.589265,12.269149,15.904534,11.263497,8.5032425,8.323559,7.0708437,6.123653,9.96246,11.135365
32,29.073359,25.58385,23.497746,19.294018,18.615566,15.634376,15.941237,14.25772,12.43198,15.127402,15.519059,13.988756,11.753527,12.21813,8.213594,10.568787,10.838982,11.28677,15.626053,16.115892,20.445168,21.809063,26.021242,24.36711,27.717089,25.437702,24.450224,21.098463,15.33102,12.875268,10.08724,8.5891,0.0,6.2860055,5.0432053,8.483769,11.2874365,9.926233,8.713014,8.08835,7.457699,9.887549,8.202147,14.131733,12.372535,18.4819,20.065489,23.573479,26.647009,27.034227,24.785172,28.925056,30.094059,28.281252,23.415457,24.540386,20.387703,20.136019,22.428877,21.099112,18.301823,20.832462,16.784395,19.231312,17.19348,20.387798,21.862564,23.867077,24.849148,26.354862,22.502188,24.059103,19.925089,25.849657,21.104498,23.345034,24.090893,22.198875,23.993044,23.957144,23.579226,21.979927,16.625315,16.67865,15.789468,16.524723,16.338707,19.698503,19.699364,23.389814,23.98705,30.129673,27.677458,32.148758,32.229595,31.912128,28.704832,27.14686,22.390606,23.710938,19.062426,19.771658,22.53575,17.212986,15.520645,12.174124,14.166103,10.7851515,14.715211,15.116766
33,28.45191,25.230335,22.463821,19.142199,17.308826,14.40533,13.016633,10.385495,7.108333,9.416076,9.26824,8.456851,7.5343137,8.072049,6.6661363,8.060846,11.46512,11.526277,16.900042,17.652378,21.652317,24.103764,27.534924,25.693542,29.9816,27.445435,27.424597,23.76062,18.079622,15.029297,12.923824,8.92797,6.2860055,0.0,5.0782876,6.0588517,8.352944,8.962868,5.7836924,5.4759636,9.458568,11.778147,12.4896965,17.734911,17.276272,22.775928,24.521017,28.017105,31.034838,31.863962,29.815407,34.118732,35.33491,33.62411,28.512417,29.133451,24.625172,23.941872,25.318552,24.013632,21.030289,24.548796,20.5392,22.455296,20.512075,22.284527,23.809486,24.779783,24.828716,26.023447,22.05331,22.201391,17.77699,22.635933,16.9349,19.344606,19.126099,17.126982,18.648233,18.194927,18.324007,17.28889,11.97781,12.886744,12.307592,14.607836,14.501665,19.502985,20.04972,24.005907,25.379328,31.421625,29.925156,33.805336,33.860523,33.135906,29.332281,27.56612,22.623383,24.153519,18.609444,20.057465,22.600992,17.300322,15.285091,10.895152,11.695064,7.084245,9.874084,10.177031
34,29.52665,26.271955,23.291292,19.923164,18.95342,14.992571,15.60234,11.801747,10.662273,11.919163,12.830617,10.494176,9.297748,11.205575,9.003516,12.153921,14.15896,14.893466,19.719107,20.465918,24.71905,26.473446,30.45917,28.644985,32.290085,29.771044,28.84076,25.197086,19.85978,16.802435,14.657806,11.411797,5.0432053,5.0782876,0.0,4.3952556,6.27974,5.3124137,5.1694937,7.2152,7.0563602,11.742056,11.576981,17.43389,16.602222,22.556833,24.587894,27.929886,31.012445,31.594616,29.523193,33.68149,34.961987,33.13457,28.365337,29.498262,25.417915,25.039606,27.220528,25.942232,23.063093,25.66632,21.388088,23.346918,20.475784,23.378746,24.33285,26.037832,26.021572,28.083958,24.59442,25.2856,21.20744,26.537573,21.219593,24.042688,23.929216,22.109797,23.59186,22.880579,23.067375,22.261057,16.805473,17.839375,17.186598,19.092049,18.617855,23.039385,23.017517,26.838116,27.503296,33.676544,31.285604,35.42729,35.18542,34.49875,31.087969,29.844103,25.009813,26.852236,21.866272,23.362728,26.243973,20.903374,18.900915,15.016531,16.03252,11.655775,14.464324,13.843592
35,32.74093,29.622892,26.323668,23.393854,21.950361,18.023138,17.820675,13.199564,11.296499,11.210471,10.731115,7.2171474,5.754667,8.695309,8.194496,11.996996,14.824177,16.384293,21.046019,22.632048,26.630009,28.548357,32.569016,31.132412,35.199806,32.871143,32.44605,28.881195,23.087963,20.272146,17.719208,14.518875,8.483769,6.0588517,4.3952556,0.0,4.700102,6.5911746,7.090596,9.928445,11.226602,15.822047,15.845457,21.686802,20.689068,26.698883,28.501354,31.963127,35.041206,35.505264,33.239967,37.312847,38.28727,36.153427,31.331553,32.0074,28.124367,27.240982,29.267756,28.539122,25.746134,29.034977,25.047924,27.22463,24.698427,27.284725,28.379633,29.777063,29.502037,31.349585,27.702509,27.797575,23.531275,28.165442,22.23203,24.798573,23.877588,21.667902,22.510357,21.202183,21.258646,21.150633,15.621259,17.61172,17.915329,20.080662,20.546743,25.439734,25.935108,29.860697,30.966528,37.087822,35.118885,39.17026,39.03333,38.281578,34.660812,33.206966,28.295988,29.988714,24.592512,25.913935,28.286188,22.851862,21.109133,16.221931,17.713541,13.042299,15.134183,14.660416
36,31.016184,28.169474,24.30941,22.144867,20.77012,16.248571,16.807905,10.893835,10.76492,9.359616,10.8689995,7.721321,8.983855,12.217998,12.540178,15.599653,18.938929,19.771564,24.878529,25.826004,29.921486,32.102077,35.77894,33.832485,37.829098,35.102417,34.37827,30.50337,25.519634,22.066296,20.40628,16.099396,11.2874365,8.352944,6.27974,4.700102,0.0,3.9869003,5.68382,9.88298,10.841712,16.020538,17.053709,22.508667,22.445948,28.137945,30.478771,33.688972,36.75496,37.55396,35.645977,39.843758,41.213425,39.387165,34.63913,35.69291,31.600725,31.065868,33.026005,31.796309,28.843485,31.6444,27.235064,28.775457,25.398275,27.775927,28.29875,29.523655,28.451746,30.899654,27.834766,27.480024,23.618649,27.918766,22.15885,25.425968,24.252577,22.611725,23.596796,22.06694,22.986168,23.199213,18.123669,20.130161,19.799643,22.747099,22.090694,27.385098,27.430212,31.304096,32.135643,38.228832,36.078262,39.795395,39.275,38.204033,34.575375,33.596657,28.792097,31.045494,25.797842,27.960703,30.833534,25.603592,23.405516,19.215166,19.282072,14.507647,15.634469,13.932077
