,0,1,2,3,4,5,6,7,8,9,10,11,12,13,14,15,16,17,18,19,20,21,22,23,24,25,26,27,28,29,30,31,32,33,34,35,36,37,38,39,40,41,42,43,44,45,46,47,48,49,50,51,52,53,54,55,56,57,58,59,60,61,62,63,64,65,66,67,68,69,70,71,72,73,74,75,76,77,78,79,80,81,82,83,84,85,86,87,88,89,90,91,92,93,94,95,96,97,98,99,100,101,102,103,104,105,106,107,108,109
0,0.0,4.2961087,6.4207,9.883564,12.140197,14.635488,17.585083,21.367674,24.458887,27.092144,30.554073,32.190388,29.233414,28.374733,23.401321,23.774326,18.505116,19.281755,16.018414,16.049292,15.3651705,10.870034,14.760052,16.741636,15.606084,13.918362,19.495432,22.236858,19.810486,24.429533,23.076307,28.88286,31.92301,34.645123,36.33164,39.039318,42.244724,40.585957,38.331844,34.89037,34.939014,31.442015,28.736382,27.499533,24.541037,23.332806,19.3,20.653694,19.055721,16.96738,16.42847,15.17264,12.283393,16.762299,19.99412,24.262482,25.051422,26.70478,31.588423,30.973272,27.511326,32.572628,32.462925,32.26313,37.237743,33.708084,37.526314,34.90123,37.825268,33.48229,29.402132,28.846867,27.962074,25.241625,28.380665,24.359446,27.822048,30.204205,31.763897,35.360313,34.42009,30.983181,33.851845,30.274319,29.26039,25.321068,26.655594,21.098112,22.792149,21.593065,23.56785,21.136595,26.564383,29.648718,32.946804,30.026413,33.90819,30.262745,35.738346,32.352306,36.55878,35.169266,33.64293,37.84368,39.636402,44.18979,40.04923,44.45359,44.467285,47.146828
1,4.2961087,0.0,5.3104076,6.441891,8.940913,12.057611,14.636105,18.941221,21.392427,24.494482,27.453135,29.496288,26.752308,25.481947,20.706957,20.399145,15.142334,15.452911,12.009232,11.824505,11.131622,6.774784,11.188702,12.942191,12.941134,11.401095,17.075798,19.322609,16.303566,20.769726,19.445812,25.028065,28.411308,30.758532,32.740425,35.402054,38.5428,37.015316,34.525894,30.994907,31.44607,27.867481,25.377329,24.352678,21.529907,20.711952,16.83644,18.845081,17.871826,16.02686,14.863719,14.6215725,11.244596,16.164371,18.518457,22.773335,22.990635,25.074034,29.745491,29.11292,25.503582,30.341324,29.695215,29.401546,34.01399,30.405174,34.12374,31.413204,34.075836,29.806965,25.655396,24.804846,23.803867,20.990412,24.103994,20.137207,23.728601,26.187834,27.922703,31.514233,30.787434,27.224482,30.161495,26.507648,25.23515,21.470655,22.539228,16.977713,18.890266,17.874043,20.291336,18.36687,23.6678,26.758524,30.026936,26.55407,30.342983,26.374907,31.75535,28.202969,32.343533,30.905594,29.370892,33.55808,35.35509,39.90177,35.76868,40.183987,40.270996,42.960567
2,6.4207,5.3104076,0.0,5.176952,6.7656546,8.454096,11.68562,14.975982,18.334827,20.758486,24.385036,25.837711,22.919205,22.266546,17.238764,18.00247,13.026422,14.195442,12.163454,12.73708,13.734576,10.43826,15.340014,15.688058,16.315239,13.389147,18.63755,20.41005,16.216896,20.794147,18.414455,24.592653,26.425198,29.515127,30.836035,33.41221,36.828716,35.224834,33.32307,30.286434,29.90906,27.19674,23.9836,23.812607,20.037615,20.254221,16.366404,18.39358,17.215609,14.468255,12.662344,11.337478,7.081344,11.467474,14.666335,18.690018,19.898369,21.970266,26.584734,26.668926,23.39242,28.871117,28.407518,28.87807,33.45287,30.696228,34.570293,32.396275,35.32231,31.544998,27.022575,26.624218,24.780499,22.954193,24.791746,20.54988,23.715088,25.547237,26.858292,30.412233,28.993143,25.667168,28.241446,24.826044,24.42759,20.173208,22.625603,17.927652,20.220343,20.158133,22.593292,21.751717,26.960106,29.689993,33.300865,29.542141,33.389713,28.927912,34.30629,29.821072,34.19996,32.00622,30.048836,34.341595,36.56982,40.590374,36.34726,40.54975,40.08264,42.878807
3,9.883564,6.441891,5.176952,0.0,3.8597102,6.019372,9.083577,12.909253,15.222968,18.491526,21.095476,23.193577,20.481255,19.066387,14.372505,13.996396,8.790181,9.524015,7.014669,8.085013,9.51667,7.4187956,12.550522,12.524483,14.961758,12.603253,17.547821,18.487637,13.247181,17.404749,14.86287,20.645466,22.851137,25.228914,27.112076,29.509287,32.922913,31.620974,29.322613,26.186012,26.544521,23.826838,20.951653,21.322237,17.7456,18.77352,15.316102,18.232298,17.962027,15.7385,13.189141,13.403898,8.986038,13.280918,14.968357,18.712648,19.102541,21.835302,25.997406,26.127731,22.715858,27.770159,26.45757,26.803806,30.714544,27.872095,31.533897,29.225925,31.64146,28.018555,23.449427,22.430843,20.29799,18.186039,19.713276,15.412342,18.604063,20.599184,22.08843,25.670036,24.603462,21.123123,24.036448,20.527605,19.79588,15.805814,18.089622,13.625443,16.476536,16.839207,19.96051,19.832685,24.634384,27.349249,30.761703,26.267641,29.846588,24.951105,30.014244,25.328985,29.433962,27.167294,25.123075,29.369904,31.63505,35.59003,31.27397,35.55315,35.244324,38.15408
4,12.140197,8.940913,6.7656546,3.8597102,0.0,5.337269,5.710972,10.783993,12.612187,15.76574,18.91606,21.050184,18.876972,17.745329,13.187513,12.677777,8.452221,8.0709305,8.06609,7.496356,10.285196,9.47225,13.654406,12.025117,14.54374,11.3266945,15.532226,16.028997,10.318689,14.573568,11.749713,17.919521,19.855715,22.84651,24.256823,26.949974,30.21364,28.614477,26.577578,23.528316,23.305883,20.688465,17.527344,17.97133,14.08488,15.457575,12.146216,15.203672,15.182759,12.9253645,9.929039,10.752064,6.811147,10.85672,11.5144,15.267709,15.284991,18.07047,22.185251,22.30101,18.925293,24.053488,22.79727,23.384886,27.377705,24.894745,28.660463,26.682299,29.42401,26.09096,21.363476,21.072338,18.651651,17.852303,18.96034,14.961102,18.385439,19.843655,21.486792,24.971048,23.577307,19.955194,22.049463,18.453474,17.88277,13.573074,16.108252,12.034417,14.643289,15.591004,18.39518,19.15193,23.744184,26.066479,29.757736,25.306446,28.994473,24.00638,29.226425,24.023256,28.604437,25.935308,23.864388,28.20316,30.588867,34.406002,30.305305,34.294136,33.608734,36.287098
5,14.635488,12.057611,8.454096,6.019372,5.337269,0.0,6.040294,7.1742816,10.590223,13.21351,16.156439,17.6701,14.717091,13.821671,8.840061,9.864024,5.6055107,8.028141,8.599881,10.732692,13.71729,13.020694,17.814415,16.65047,19.744253,16.663692,20.701738,20.798697,14.298124,17.852745,13.917751,19.839182,19.716475,22.699514,23.881092,25.946903,29.753035,28.573183,26.951416,24.592121,24.18287,22.862278,19.286463,21.20137,16.66436,19.487495,16.579264,19.62328,19.54653,16.81381,13.474258,13.207008,8.618818,10.718836,12.283391,15.03325,16.453268,19.488813,23.063967,24.279827,21.419424,26.86133,25.362463,26.640467,29.997128,28.306437,31.922201,30.2805,32.68001,29.835238,25.03465,24.313063,21.148851,20.266617,19.83876,15.503635,17.696753,18.68129,19.491882,22.910244,20.981228,17.917,20.429182,17.387253,17.957104,13.616728,17.86302,15.256855,18.480938,20.011768,23.150675,24.231607,28.637512,30.912401,34.489132,29.594427,33.002193,27.60686,32.31629,26.662561,30.723152,27.573963,25.009266,29.186495,31.957773,35.07288,30.67423,34.603825,33.641758,36.722885
6,17.585083,14.636105,11.68562,9.083577,5.710972,6.040294,0.0,6.5523243,7.348035,10.305897,13.885046,15.960543,14.495259,13.730389,9.792801,9.331028,7.666751,6.667798,10.296116,9.715463,13.710214,14.421215,17.8764,14.933717,18.149973,14.590598,17.204681,16.483044,9.667775,12.831127,8.629954,14.87719,14.891584,18.679022,19.324242,22.035648,25.39843,23.700947,22.235449,19.799349,18.732395,17.28601,13.46802,15.4707365,10.704754,14.2246685,11.999538,15.250782,15.85979,13.62842,9.909116,11.255401,8.467257,9.949579,8.574565,11.166303,11.094213,14.43479,17.792154,18.712057,15.810658,21.006304,19.342184,20.790688,24.12606,22.798292,26.46177,25.21115,27.959433,25.512566,20.655579,20.91515,17.572199,18.530394,17.910633,14.375824,17.184734,17.540007,18.935194,22.12926,20.083961,16.613823,17.641468,14.277135,14.651887,10.01561,14.075532,12.166005,14.79238,17.02953,19.657736,21.903286,25.779396,27.481731,31.282877,26.511904,29.96523,24.60981,29.454767,23.323647,28.020653,24.512367,22.105446,26.359312,29.130857,32.2318,28.292042,31.791878,30.438112,33.04074
7,21.367674,18.941221,14.975982,12.909253,10.783993,7.1742816,6.5523243,0.0,5.387213,6.307429,10.169528,10.91151,8.495976,8.760161,4.6853695,7.4157553,7.9599237,9.6406145,13.385641,14.900043,18.783232,19.320477,23.416826,21.007187,24.53642,21.026432,23.708742,22.79097,15.808231,18.085094,13.241055,18.428747,15.32829,19.194687,19.161978,20.929691,24.947609,23.780434,23.145288,21.864965,20.32385,20.814903,16.69949,20.31529,15.240385,19.905376,18.113836,21.064884,21.46529,18.789213,15.093099,15.083582,12.028077,11.166565,10.830612,11.352685,13.410532,16.665743,18.965818,21.405107,19.43289,24.748354,22.971388,25.265162,27.727087,27.510323,30.893122,30.143082,32.504326,30.701687,25.90797,25.798492,21.803644,22.744278,20.45653,16.879602,18.041792,17.502943,17.683548,20.534306,17.540758,15.0864935,16.111546,13.873824,16.058825,11.871688,17.685242,17.433025,20.458801,23.06768,25.91967,28.330381,32.084877,33.725845,37.415295,32.298847,35.452065,29.780935,34.026398,27.499752,31.557495,27.521265,24.61454,28.522408,31.7125,33.81866,29.676628,32.90271,31.072538,34.063107
8,24.458887,21.392427,18.334827,15.222968,12.612187,10.590223,7.348035,5.387213,0.0,4.562924,6.5635633,9.06203,8.721251,7.8190093,6.496781,5.6266675,8.930163,8.390521,13.677798,14.214242,18.389236,20.200794,23.316406,20.082552,24.28994,21.157362,22.791761,20.976383,13.87474,14.804133,9.852296,13.858193,10.046869,13.862206,13.879833,15.81399,19.71638,18.58551,17.770506,16.63412,15.293985,16.28494,12.452554,17.035767,12.44731,18.060102,17.261612,20.514475,21.707964,19.784077,16.06408,17.425821,15.145931,14.755731,12.434737,12.36418,12.446871,16.085459,17.460442,19.701794,17.83476,22.220364,19.586899,21.901272,23.45387,23.616564,26.669348,26.17107,28.173466,26.946373,22.32264,22.300404,17.951023,20.013044,16.86912,14.155037,15.162954,13.932168,14.489381,17.065065,14.175143,11.36387,11.315729,8.872958,11.309156,7.472874,13.593556,14.968161,17.77946,21.024117,23.823795,27.157932,30.160038,31.396235,34.91331,29.538904,32.349163,26.579662,30.379326,23.519224,27.510876,23.130949,20.196503,23.95461,27.22363,29.042164,25.163342,28.068377,26.008371,28.837584
9,27.092144,24.494482,20.758486,18.491526,15.76574,13.21351,10.305897,6.307429,4.562924,0.0,6.1938944,6.428455,6.969245,8.20339,7.9470634,9.254675,12.651153,12.836359,17.880772,18.504463,22.702955,24.151224,27.477654,24.153055,27.913559,24.364052,25.771204,23.989944,17.302387,18.136503,13.334072,16.962782,11.263733,15.912789,14.494549,16.123259,20.035067,18.757832,19.10185,18.881094,16.263483,18.461546,14.310813,19.197788,14.393713,20.185518,19.614286,22.363592,23.32789,21.155134,17.572115,18.285124,16.613451,14.754977,12.359359,10.750511,12.048109,15.222322,15.798021,19.04953,17.994621,22.518627,20.35225,23.363401,24.758465,25.861069,28.850983,28.914999,31.146591,30.332603,25.801771,26.297958,21.931805,24.47804,21.074749,18.60509,19.182882,17.451014,17.420998,19.47452,15.91671,14.051892,12.855924,11.593762,14.85872,11.586134,17.566895,19.227339,21.72721,25.013348,27.461319,30.906609,33.92684,34.956966,38.61717,33.47687,36.318,30.655602,34.404068,27.413452,31.423695,26.82703,23.882362,27.385025,30.744665,32.02045,28.386303,30.812405,28.241112,30.90027
10,30.554073,27.453135,24.385036,21.095476,18.91606,16.156439,13.885046,10.169528,6.5635633,6.1938944,0.0,4.2846665,6.38308,5.444878,8.700289,8.085484,13.3433895,13.367819,18.376635,19.59055,23.552105,25.807695,28.750925,25.58635,30.26882,27.437038,28.688381,26.392324,19.488918,19.250544,14.693666,16.395025,9.789781,12.316556,11.671994,11.920129,16.37217,16.252115,16.25417,16.72405,15.517722,18.59411,15.474658,21.14859,17.248812,23.37796,23.237183,26.417713,27.838413,26.051653,22.390343,23.649273,21.456778,20.41656,18.079607,16.764658,17.059002,20.39805,20.293755,23.297142,22.24705,25.786871,22.640497,25.35576,25.397564,26.65134,29.035837,29.082344,30.318666,30.0531,25.854076,25.475409,20.756084,23.199686,18.39649,16.663986,15.834486,13.220742,12.506544,13.909096,10.0843115,9.036467,7.5180583,7.688391,11.959532,10.397588,16.374529,19.607582,22.374754,25.965727,28.840086,32.64533,35.084282,36.04966,39.25969,33.551872,35.79226,29.907042,32.70664,25.67609,28.728687,23.90233,20.70227,23.643805,27.191422,27.63432,23.947714,26.13589,23.47577,26.524536
11,32.190388,29.496288,25.837711,23.193577,21.050184,17.6701,15.960543,10.91151,9.06203,6.428455,4.2846665,0.0,4.531348,6.314864,9.685547,11.057171,15.773894,16.606287,21.353527,22.887375,26.896675,28.668459,32.03601,28.997292,33.35017,30.16022,31.583391,29.505278,22.65963,22.784405,18.102468,20.238401,13.045408,16.09382,14.53291,14.411342,18.732893,18.573618,19.457119,20.42665,18.386179,21.955551,18.498732,24.122093,19.866062,25.970457,25.690075,28.578194,29.691881,27.573515,23.965124,24.566694,22.51997,20.584557,18.688393,16.646334,18.047482,21.002384,20.562757,24.25502,23.684387,27.532068,24.878485,28.014229,28.20304,29.924004,32.375343,32.68721,34.163036,33.974087,29.727922,29.609104,24.924332,27.315222,22.619455,20.663164,19.714928,17.133512,15.937032,17.027746,12.853821,12.731571,11.176498,11.93345,16.236221,14.442849,20.518564,23.395294,26.145962,29.656487,32.41044,36.076813,38.760834,39.733444,43.095512,37.5336,39.90209,34.048695,36.962315,29.911615,32.999725,28.146675,24.949564,27.776686,31.343668,31.486763,27.89874,29.844461,26.945454,29.913465
12,29.233414,26.752308,22.919205,20.481255,18.876972,14.717091,14.495259,8.495976,8.721251,6.969245,6.38308,4.531348,0.0,3.9599063,6.3054094,9.309569,13.112691,15.092719,19.044672,21.396221,25.196762,26.405401,30.32086,27.917555,32.18727,29.012402,31.224936,29.643257,22.493685,23.437117,18.519974,21.694977,15.764185,18.594782,17.953545,18.04727,22.516357,22.378122,22.621296,22.887245,21.396046,24.010075,20.337389,25.454348,20.812572,26.510792,25.533747,28.534843,29.28897,26.8035,23.119633,23.172924,20.415752,18.717405,17.984787,16.684544,18.859882,21.944996,22.477274,25.9726,24.92516,29.447895,27.043024,29.899855,30.79912,31.779428,34.5344,34.36051,35.936768,35.133053,30.653473,30.105936,25.529087,26.869747,22.634064,19.894474,19.006163,17.08414,15.738658,17.434568,13.446036,13.038869,13.399413,13.373325,17.245329,14.764799,21.126104,23.003061,26.163574,29.32947,32.388668,35.439857,38.606804,39.980736,43.37882,37.756607,40.32038,34.37497,37.580578,30.73473,33.806877,29.237566,25.961697,29.075998,32.60904,33.231663,29.198036,31.732424,29.324362,32.613155
13,28.374733,25.481947,22.266546,19.066387,17.745329,13.821671,13.730389,8.760161,7.8190093,8.20339,5.444878,6.314864,3.9599063,0.0,5.110156,6.313203,10.807122,12.615287,16.42057,19.028044,22.644262,24.26402,27.930685,25.693893,30.420008,27.704927,29.973812,28.258762,20.964548,21.667894,16.887802,19.646095,14.561646,16.343498,16.748333,16.717026,21.272564,21.468992,20.947987,20.859026,20.406448,22.572773,19.342968,24.434834,20.157639,25.799707,24.836456,28.169884,29.16521,26.928783,23.167698,23.731205,20.59131,19.858353,18.97228,18.37103,19.694891,23.11454,23.899641,26.86383,25.40023,29.64731,26.77808,29.207478,29.879416,30.381104,33.00456,32.511753,33.688557,32.791264,28.397375,27.297276,22.700777,23.609385,19.11484,16.419182,15.16297,13.289368,11.900624,13.860106,10.142622,9.410351,10.929449,10.65653,14.282286,12.182313,18.398714,20.498875,23.864122,27.024227,30.364075,33.40726,36.382763,37.851295,41.02054,35.147827,37.50695,31.483313,34.41957,27.714369,30.443005,25.988447,22.657967,25.73482,29.249561,29.978172,25.748886,28.551693,26.48458,29.999617
14,23.401321,20.706957,17.238764,14.372505,13.187513,8.840061,9.792801,4.6853695,6.496781,7.9470634,8.700289,9.685547,6.3054094,5.110156,0.0,4.9681587,6.951993,9.719003,12.974523,15.747655,19.334463,20.237139,24.384712,22.471003,26.727213,23.799202,26.672718,25.539413,18.242348,19.992764,15.137667,19.383352,15.899383,18.478802,19.124437,20.0492,24.405397,23.977707,23.076769,22.083185,21.484022,22.424412,18.802626,22.9853,18.31099,23.270226,21.626701,24.897387,25.50911,22.994389,19.266365,19.431747,15.864891,15.541736,15.483818,15.82146,17.557045,20.96795,22.795319,25.350548,23.412836,28.311195,25.952215,28.114708,29.846777,29.618526,32.691486,31.806208,33.504192,31.881302,27.218277,26.260834,22.011106,22.290344,19.098675,15.513213,15.5179205,14.788231,14.272527,17.044449,14.022495,12.088385,14.224431,12.550777,15.131525,11.723361,17.832636,18.333767,21.810352,24.527195,27.862207,30.290228,33.822525,35.58915,38.963314,33.368515,36.15426,30.242018,33.895927,27.413662,30.718369,26.639523,23.486982,27.102997,30.421732,32.085228,27.687883,31.002064,29.32737,32.728237
15,23.774326,20.399145,18.00247,13.996396,12.677777,9.864024,9.331028,7.4157553,5.6266675,9.254675,8.085484,11.057171,9.309569,6.313203,4.9681587,0.0,5.544785,6.3829637,10.505283,12.7818575,16.395817,18.348179,21.709084,19.467093,24.387709,22.036264,24.450306,22.853579,15.512384,16.544483,11.9719715,15.380923,13.042956,14.570262,16.250637,17.313343,21.47043,21.21021,19.510275,18.067192,18.53677,18.986767,16.01795,20.238115,16.257154,21.264938,20.032473,23.658728,24.80276,22.885853,19.16968,20.404064,17.014715,17.736364,16.650005,17.394165,17.6033,21.293243,22.997093,24.899082,22.652628,26.856365,23.862906,25.54981,26.815233,26.204506,29.041521,27.932583,29.197365,27.643913,23.126219,21.752676,17.396605,17.75199,14.167335,10.813937,10.89628,10.210716,10.41826,13.528301,11.232782,8.236709,10.989704,8.562202,10.445968,7.34886,13.263778,14.4389715,18.006874,20.94727,24.477612,27.283564,30.32523,31.992481,35.117916,29.251726,31.769135,25.771431,29.12675,22.635656,25.772661,21.70189,18.54832,22.206135,25.48568,27.35095,22.9271,26.40753,25.00384,28.417746
16,18.505116,15.142334,13.026422,8.790181,8.452221,5.6055107,7.666751,7.9599237,8.930163,12.651153,13.3433895,15.773894,13.112691,10.807122,6.951993,5.544785,0.0,4.5620522,6.0331764,9.4443245,12.591586,13.542524,17.652334,16.343506,20.84445,18.61378,22.077545,21.34953,14.2656975,16.661509,12.583961,17.299261,17.140203,18.837978,20.858524,22.411224,26.322828,25.73415,23.637726,21.367847,22.042751,21.073795,18.092043,20.889908,16.878168,20.572609,18.394865,21.981497,22.64399,20.51238,16.996998,17.82023,13.668248,15.630469,15.81115,17.854101,18.335869,21.84957,24.651974,25.944868,23.135548,27.841969,25.393164,26.538635,28.857594,27.227875,30.42644,28.71106,30.314882,27.840612,23.18965,21.592133,17.961449,16.789942,15.176172,10.806904,12.276008,13.2624445,14.033413,17.524576,16.011515,12.842623,16.202839,13.234036,13.674003,9.988058,14.4886265,13.183193,16.960207,19.027533,22.729605,24.461182,28.190987,30.37088,33.559826,27.969774,30.865213,25.087364,29.081808,23.250713,26.648905,23.330963,20.526567,24.505644,27.406786,30.197445,25.625277,29.63885,28.854012,32.209064
17,19.281755,15.452911,14.195442,9.524015,8.0709305,8.028141,6.667798,9.6406145,8.390521,12.836359,13.367819,16.606287,15.092719,12.615287,9.719003,6.3829637,4.5620522,0.0,5.6954846,6.436392,10.294034,12.543947,15.50851,13.115621,18.060047,16.029041,18.695103,17.450787,10.304862,12.238117,8.461947,13.015156,14.35272,15.89813,18.24052,20.327814,23.774748,22.907541,20.384003,17.587706,18.619558,16.919088,14.345204,16.813614,13.364807,16.974215,15.266774,19.072906,20.26605,18.763344,15.337095,17.279413,13.940639,16.322744,15.167817,17.351397,16.470951,20.056763,22.743855,23.412441,20.401203,24.516558,21.747942,22.524054,24.742384,22.816032,25.968142,24.16503,25.787764,23.31722,18.650848,17.266108,13.604167,13.229994,11.96554,7.9497166,10.751304,11.806267,13.600783,17.041307,15.98864,12.15037,14.740538,11.11471,10.428751,6.537711,10.164596,8.855953,12.5864935,15.020724,18.67244,21.028458,24.346453,26.284266,29.483618,23.8424,26.73887,20.93789,25.086565,19.06931,22.931036,19.581076,16.981924,21.176754,23.94849,27.131361,22.823343,26.77973,26.046005,29.069868
18,16.018414,12.009232,12.163454,7.014669,8.06609,8.599881,10.296116,13.385641,13.677798,17.880772,18.376635,21.353527,19.044672,16.42057,12.974523,10.505283,6.0331764,5.6954846,0.0,5.3022857,7.00319,8.311273,12.044521,11.7112055,16.480846,15.398236,19.261896,18.965155,12.887061,15.550687,12.99791,17.281763,19.881878,20.685762,23.6039,25.477312,28.869493,28.217367,25.29185,22.13466,23.872099,21.396961,19.313549,20.650082,17.728252,19.892067,17.450884,21.082796,21.820026,20.29869,17.346453,18.784039,14.7523775,18.288073,18.492846,21.444168,20.93647,24.275196,27.567537,27.837826,24.498198,28.703426,26.235819,26.40322,29.051798,26.211557,29.35079,26.891073,28.276981,25.044022,20.651411,18.349552,15.721017,12.767521,13.367378,8.871582,11.826689,14.297358,16.026997,19.604431,19.321568,15.746521,19.469124,16.029202,14.699786,11.70486,13.525659,10.233165,13.965731,15.04423,19.056826,19.927559,23.72461,26.315315,29.196943,23.678537,26.590368,21.1085,25.316605,20.450653,23.752047,21.41635,19.178875,23.230352,25.560114,29.31288,24.800665,29.261812,29.305246,32.486217
19,16.049292,11.824505,12.73708,8.085013,7.496356,10.732692,9.715463,14.900043,14.214242,18.504463,19.59055,22.887375,21.396221,19.028044,15.747655,12.7818575,9.4443245,6.436392,5.3022857,0.0,4.270232,7.2193947,9.173861,6.946632,12.057365,11.026944,14.217929,13.745231,8.231743,11.119833,9.793088,14.10302,18.51229,19.650578,22.430815,24.998741,27.789684,26.603785,23.486605,19.7632,21.405195,17.825201,16.161674,16.279774,14.136422,15.286327,13.038412,16.702936,17.827738,17.017096,14.435144,16.916473,13.976395,17.908278,17.045156,20.300531,18.622322,21.725443,25.14231,24.581923,20.993366,24.671959,22.304996,21.92848,24.988684,21.5954,24.866314,22.227747,24.045082,20.484308,16.014029,14.425382,12.375519,10.426128,12.64771,9.120474,13.47491,15.734635,18.231485,21.633068,21.465195,17.4715,20.035517,16.168936,13.926681,10.923889,10.858118,5.8052807,9.0719185,9.999942,13.852367,15.128577,18.868866,21.297798,24.43394,19.170197,22.448395,17.165358,22.079815,17.249903,21.485796,19.359913,17.646406,21.911936,23.92309,28.263145,24.248617,28.50265,28.526611,31.143993
20,15.3651705,11.131622,13.734576,9.51667,10.285196,13.71729,13.710214,18.783232,18.389236,22.702955,23.552105,26.896675,25.196762,22.644262,19.334463,16.395817,12.591586,10.294034,7.00319,4.270232,0.0,4.7565393,5.4000278,5.530341,10.4677105,11.054011,14.644885,14.840094,11.139695,13.798126,13.5752735,17.06571,22.355923,22.86261,26.069717,28.532827,31.138214,30.091875,26.629145,22.653597,24.90353,20.79528,19.734686,19.05309,17.674995,17.71957,15.344603,18.644514,19.580648,19.110899,17.122381,19.452215,16.514046,20.981405,20.624447,24.173622,22.457859,25.350597,28.96542,28.010748,24.279568,27.636799,25.395864,24.440605,27.5833,23.488401,26.558235,23.410778,24.89776,20.795013,16.857176,14.546102,13.707934,9.891763,13.889297,10.794634,15.083294,18.01081,20.599487,23.946972,24.35874,20.462683,23.48494,19.699081,16.985695,14.666425,13.423695,7.836723,10.209316,9.565925,13.492048,13.369282,17.226505,20.157291,22.869545,17.806067,21.003862,16.232058,21.112509,17.53717,21.270866,20.133259,18.90922,22.914236,24.425703,29.247498,25.305492,29.792131,30.420645,32.992073
21,10.870034,6.774784,10.43826,7.4187956,9.47225,13.020694,14.421215,19.320477,20.200794,24.151224,25.807695,28.668459,26.405401,24.26402,20.237139,18.348179,13.542524,12.543947,8.311273,7.2193947,4.7565393,0.0,5.5071425,7.932638,10.334609,10.530333,15.457464,16.78665,13.572387,17.18615,16.563574,21.008352,25.637192,26.813192,29.629086,32.14488,35.001236,33.80208,30.656258,26.80747,28.430717,24.428543,22.810354,21.849993,19.915112,19.397211,16.240347,19.0534,19.197294,18.257027,16.633099,18.039082,14.790286,19.66817,20.462633,24.430729,23.477934,26.08741,30.231798,29.33627,25.556643,29.532946,27.94775,27.147398,30.972116,26.89791,30.232594,27.134773,29.061226,24.739138,20.811617,19.00395,18.31667,14.579409,18.38676,14.84311,18.748508,21.660124,23.862503,27.356129,27.404903,23.648777,26.8602,23.104782,20.949837,18.01276,17.736237,11.997695,14.079704,12.895491,16.136473,14.650384,19.351221,22.5626,25.40808,21.137625,24.579828,20.355286,25.407846,22.19266,25.923203,24.888367,23.600182,27.619038,29.153606,33.93601,29.891024,34.424564,34.971416,37.62706
22,14.760052,11.188702,15.340014,12.550522,13.654406,17.814415,17.8764,23.416826,23.316406,27.477654,28.750925,32.03601,30.32086,27.930685,24.384712,21.709084,17.652334,15.50851,12.044521,9.173861,5.4000278,5.5071425,0.0,5.413887,7.394095,9.993268,13.624851,14.9253025,13.806135,16.547754,17.498089,20.676123,26.857859,27.415798,30.57558,33.27889,35.548267,34.277985,30.70498,26.453741,28.701994,23.854616,23.219713,21.217257,20.647886,19.038305,16.521162,19.053093,19.669203,19.773973,18.753855,21.026834,18.729265,23.630669,23.548307,27.48227,25.538298,27.955873,31.908089,30.271082,26.39084,29.367638,27.654701,26.035206,29.706818,24.870691,27.869423,24.321291,25.971508,21.24034,18.000433,16.030777,16.708294,12.6787195,18.093044,15.701978,19.993416,23.073135,25.779673,29.040693,29.664976,25.758886,28.611805,24.777845,21.770132,19.635197,17.484093,11.4546995,12.211649,9.713795,12.572078,10.204499,14.498762,17.931818,20.377295,16.425484,19.821104,16.352087,21.487648,19.474472,23.133995,23.0133,22.464626,26.205812,27.117474,32.44684,28.894606,33.32972,34.32269,36.54807
23,16.741636,12.942191,15.688058,12.524483,12.025117,16.65047,14.933717,21.007187,20.082552,24.153055,25.58635,28.997292,27.917555,25.693893,22.471003,19.467093,16.343506,13.115621,11.7112055,6.946632,5.530341,7.932638,5.413887,0.0,6.006159,7.335808,9.609787,9.948393,8.779078,11.280284,12.823596,15.845227,22.413742,23.359549,26.154665,29.189749,31.17596,29.591755,26.161665,21.851357,23.728186,18.649944,18.120378,15.8218775,15.609996,13.974782,11.973721,14.825952,16.101097,16.603325,15.390346,18.530863,16.954594,21.40783,20.191465,23.838322,21.173615,23.573317,27.2238,25.387392,21.543354,24.17052,22.290386,20.65758,24.345095,19.636042,22.810812,19.488909,21.611874,17.082699,13.315309,12.362631,12.716705,10.766066,15.737399,13.783899,18.501707,20.96478,23.92113,27.067717,27.38975,23.307909,25.25272,21.322775,18.211771,16.022858,13.390341,7.155298,7.184995,5.068131,8.279215,8.236882,12.3238535,15.131475,18.29196,13.908007,17.707901,13.630972,19.344908,16.178585,20.834887,20.016273,19.441633,23.411304,24.530708,29.741804,26.449522,30.531181,31.041718,32.964558
24,15.606084,12.941134,16.315239,14.961758,14.54374,19.744253,18.149973,24.53642,24.28994,27.913559,30.26882,33.35017,32.18727,30.420008,26.727213,24.387709,20.84445,18.060047,16.480846,12.057365,10.4677105,10.334609,7.394095,6.006159,0.0,4.781414,7.1274104,9.795776,11.892562,14.857423,16.917984,20.263165,26.828772,28.468357,30.728548,34.093166,35.870777,33.8628,30.736563,26.41258,27.542082,22.08352,21.474695,17.82223,18.011217,14.369721,11.960658,13.356662,13.891357,15.023181,15.199158,18.013998,17.502792,22.143278,21.332502,25.35565,22.730165,24.348425,28.47486,25.94665,22.0636,24.551134,23.77473,21.725752,26.41165,21.361917,24.671473,21.360859,24.21832,19.347778,16.256792,16.597172,17.816061,16.397516,21.663073,19.756842,24.469574,26.872221,29.771471,32.959763,33.05604,28.957455,30.585077,26.620607,23.71703,21.204485,18.733156,12.658428,11.565263,8.50041,8.811754,5.6192408,11.060857,14.044542,17.467648,15.190953,19.354797,16.897339,22.820059,20.70529,25.514145,25.167505,24.948393,28.79162,29.609015,35.014057,32.041065,35.945168,36.423065,38.00284
25,13.918362,11.401095,13.389147,12.603253,11.3266945,16.663692,14.590598,21.026432,21.157362,24.364052,27.437038,30.16022,29.012402,27.704927,23.799202,22.036264,18.61378,16.029041,15.398236,11.026944,11.054011,10.530333,9.993268,7.335808,4.781414,0.0,5.6889653,8.556159,9.376314,13.292075,14.476143,18.919981,24.407888,26.975065,28.584955,32.090958,34.097393,31.844938,29.24208,25.2242,25.386044,20.421103,18.943512,15.596111,14.775547,11.312919,8.067029,9.563535,9.75989,10.382303,10.449859,13.29243,13.193291,17.608768,16.731,20.830765,18.476091,19.974829,24.355103,22.073484,18.187864,21.484798,21.099718,19.73443,24.894972,20.600039,24.3408,21.631226,25.07867,20.698488,16.921007,18.014479,18.142908,17.790052,21.917212,19.524174,24.163635,26.108759,28.776335,32.03728,31.52307,27.45918,28.6976,24.752651,22.490198,19.296412,18.013844,12.215458,11.643374,10.0050335,10.471897,9.470396,14.532443,16.874796,20.800985,18.261395,22.51866,19.369886,25.404583,22.060816,27.323133,26.090631,25.387089,29.5021,30.811493,35.795902,32.64997,36.420826,36.325367,37.999672
26,19.495432,17.075798,18.63755,17.547821,15.532226,20.701738,17.204681,23.708742,22.791761,25.771204,28.688381,31.583391,31.224936,29.973812,26.672718,24.450306,22.077545,18.695103,19.261896,14.217929,14.644885,15.457464,13.624851,9.609787,7.1274104,5.6889653,0.0,4.1478066,9.368222,11.665465,14.455103,17.477722,23.752483,26.301706,27.576113,31.39184,32.678635,30.082487,27.547842,23.46787,23.395407,17.84548,17.226583,12.420808,13.408134,8.206464,6.8729863,7.2682233,8.817647,11.233259,11.97473,15.753629,16.941036,20.491898,18.226877,21.711445,18.141481,19.134672,22.918928,19.72329,15.981347,17.790396,17.589228,15.422167,20.804573,16.162857,19.813442,17.24547,21.226707,17.026817,13.800291,16.403572,17.21711,18.537601,22.643562,21.274504,25.964508,27.495604,30.429869,33.374172,32.95492,28.871363,29.172152,25.339315,22.7634,20.18881,17.773306,12.973541,10.74247,9.208266,7.420432,8.204495,11.775127,13.0559435,17.361263,15.676516,19.95448,17.56586,23.58027,20.485495,26.135204,25.022148,24.824425,28.66506,29.666004,34.661877,32.181908,35.43402,35.19808,36.24332
27,22.236858,19.322609,20.41005,18.487637,16.028997,20.798697,16.483044,22.79097,20.976383,23.989944,26.392324,29.505278,29.643257,28.258762,25.539413,22.853579,21.34953,17.450787,18.965155,13.745231,14.840094,16.78665,14.9253025,9.948393,9.795776,8.556159,4.1478066,0.0,7.361639,8.176616,11.797008,13.805451,20.477043,22.794231,24.042423,27.900526,28.900845,26.28903,23.677357,19.584167,19.636463,13.873107,13.774314,8.710202,10.706821,5.9521856,6.501218,7.87613,10.532115,12.843328,12.763087,17.0598,18.105427,21.16459,18.013891,20.927837,16.692802,17.98119,21.092426,17.92244,14.285518,15.36565,14.320665,11.945224,16.907244,12.2122135,15.93399,13.476208,17.539724,13.731627,10.200474,13.500344,14.062851,16.650677,20.126686,19.351564,23.89371,25.056301,28.08336,30.787529,30.433369,26.401115,26.203701,22.492413,19.767004,17.664333,14.704392,10.960753,8.115702,7.7894945,5.937744,9.570996,11.733516,12.293816,16.605087,14.096444,18.1444,15.26937,21.084301,17.365782,23.227379,21.765469,21.619295,25.35546,26.409569,31.19104,28.943445,31.916132,31.504333,32.36803
28,19.810486,16.303566,16.216896,13.247181,10.318689,14.298124,9.667775,15.808231,13.87474,17.302387,19.488918,22.65963,22.493685,20.964548,18.242348,15.512384,14.2656975,10.304862,12.887061,8.231743,11.139695,13.572387,13.806135,8.779078,11.892562,9.376314,9.368222,7.361639,0.0,4.7535753,5.2646036,9.885907,15.131976,17.773565,19.225288,22.778082,24.730246,22.53589,19.97619,16.156338,16.231863,11.749417,9.957349,8.396403,6.859951,7.264286,6.259009,10.073774,12.240711,12.467663,10.260561,14.294984,13.79145,16.651608,13.580004,16.403978,12.917113,15.527562,18.680525,17.185873,13.511481,16.557726,14.421037,13.939123,17.80931,14.65104,18.417854,16.439034,19.583055,16.492487,11.732457,13.163802,11.287664,13.63091,15.381184,13.6098175,17.91481,18.84085,21.56733,24.480951,23.726816,19.690264,19.938742,16.077423,13.923898,10.896286,9.831479,6.241761,6.3308463,8.55601,10.349889,13.803233,16.796019,18.048134,21.9332,17.542793,21.20295,16.467203,21.892181,16.433048,22.029114,19.384714,18.130522,22.349749,24.27509,28.46663,25.373028,28.711042,27.947084,29.645111
29,24.429533,20.769726,20.794147,17.404749,14.573568,17.852745,12.831127,18.085094,14.804133,18.136503,19.250544,22.784405,23.437117,21.667894,19.992764,16.544483,16.661509,12.238117,15.550687,11.119833,13.798126,17.18615,16.547754,11.280284,14.857423,13.292075,11.665465,8.176616,4.7535753,0.0,4.9701924,5.8476815,12.807041,14.667992,16.29554,19.957731,21.260094,19.044203,16.123053,12.028521,12.739047,7.498074,7.254837,5.817092,6.6927133,8.113848,9.377007,12.605476,15.395863,16.22198,14.20611,18.405867,18.187368,20.453533,16.625492,18.527285,14.24835,16.816986,18.816042,17.157055,13.95285,15.393361,12.129816,11.273047,13.9069,10.777716,14.242309,12.450815,15.308717,12.943097,8.178097,10.334047,8.179539,12.702059,13.684225,13.347832,17.290546,17.701832,20.665337,23.101925,22.677517,18.756989,18.152613,14.539525,11.799258,10.1885395,7.2259455,6.5820417,5.3439927,8.85559,10.180329,15.097495,16.583017,17.056856,20.624554,15.89152,19.010223,14.169557,19.02061,13.063901,18.840275,15.903289,14.9374485,18.892405,20.718702,24.734076,22.143938,25.03063,24.146341,25.44954
30,23.076307,19.445812,18.414455,14.86287,11.749713,13.917751,8.629954,13.241055,9.852296,13.334072,14.693666,18.102468,18.519974,16.887802,15.137667,11.9719715,12.583961,8.461947,12.99791,9.793088,13.5752735,16.563574,17.498089,12.823596,16.917984,14.476143,14.455103,11.797008,5.2646036,4.9701924,0.0,6.4830537,10.00427,12.914768,14.193274,17.63008,19.88311,17.890665,15.507772,12.174126,12.052867,9.077649,6.433467,8.491397,5.716652,10.078521,10.217374,13.849276,16.081585,15.765699,12.825313,16.393888,15.440577,17.140331,13.471414,15.08293,11.6875105,14.9668,17.030666,16.6576,13.64666,16.612368,13.459057,14.119251,16.473091,14.819712,18.194437,16.982027,19.487532,17.581339,12.821753,13.795789,10.29256,13.85534,13.174883,11.693422,15.126138,15.1149845,17.60489,20.258331,19.150602,15.261914,14.842788,11.090674,9.533737,6.3679423,7.0744205,7.282783,8.62832,12.154841,14.370822,18.504356,20.82499,21.714441,25.291117,20.24935,23.292421,17.94592,22.463268,15.938523,21.136948,17.47188,15.569632,19.734596,22.226955,25.561192,22.348227,25.400026,24.078287,26.011856
31,28.88286,25.028065,24.592653,20.645466,17.919521,19.839182,14.87719,18.428747,13.858193,16.962782,16.395025,20.238401,21.694977,19.646095,19.383352,15.380923,17.299261,13.015156,17.281763,14.10302,17.06571,21.008352,20.676123,15.845227,20.263165,18.919981,17.477722,13.805451,9.885907,5.8476815,6.4830537,0.0,8.574968,9.08048,11.179101,14.607273,15.690177,13.885699,10.475736,6.316733,8.42837,4.7712636,5.919009,8.53433,9.213217,12.96137,14.700025,17.837471,20.64646,21.142107,18.666193,22.537153,21.907446,23.4175,19.293877,20.098917,16.008453,18.885622,19.539816,18.825993,16.488625,17.190588,12.789756,12.822946,12.721969,11.437874,13.770599,12.907455,14.335537,13.758057,9.776184,10.885237,7.112321,13.137152,11.418144,12.368687,15.031151,14.3809185,17.218754,19.010015,18.706263,15.163432,13.564326,10.501384,7.670637,8.086922,4.969079,9.33741,9.272704,13.212719,14.915835,20.111006,20.762371,20.842197,23.776764,18.461552,20.56611,15.334647,18.637493,11.69871,16.697962,12.616601,11.158053,14.780835,17.113626,20.149954,17.714659,20.095024,18.686735,20.063246
32,31.92301,28.411308,26.425198,22.851137,19.855715,19.716475,14.891584,15.32829,10.046869,11.263733,9.789781,13.045408,15.764185,14.561646,15.899383,13.042956,17.140203,14.35272,19.881878,18.51229,22.355923,25.637192,26.857859,22.413742,26.828772,24.407888,23.752483,20.477043,15.131976,12.807041,10.00427,8.574968,0.0,6.1604743,4.5285892,8.091734,10.642671,8.874612,8.055531,7.9321027,5.857714,9.3923025,7.387384,13.45923,11.476673,17.47362,18.90203,21.82811,24.151066,23.645802,20.566431,23.428137,22.659536,22.417557,18.162655,17.168732,14.372547,17.410892,16.580378,18.041275,16.99211,18.569304,14.458492,16.812487,15.823418,17.537863,19.537748,20.113869,21.458418,21.959112,18.260534,19.16852,14.814615,19.73717,15.688287,15.782614,16.530506,14.15557,15.481986,16.622046,14.640437,12.218032,8.190339,6.8159595,8.402755,8.3729,11.123666,15.764863,16.998156,20.966743,22.88117,27.773014,29.056309,29.184473,32.281498,27.029547,29.031557,23.682165,26.367434,19.236258,23.088121,18.178108,15.7372465,18.643957,21.780516,22.758047,20.16048,21.708061,18.82328,20.665216
33,34.645123,30.758532,29.515127,25.228914,22.84651,22.699514,18.679022,19.194687,13.862206,15.912789,12.316556,16.09382,18.594782,16.343498,18.478802,14.570262,18.837978,15.89813,20.685762,19.650578,22.86261,26.813192,27.415798,23.359549,28.468357,26.975065,26.301706,22.794231,17.773565,14.667992,12.914768,9.08048,6.1604743,0.0,5.1600266,6.406577,8.436257,8.702183,5.439223,5.5903463,8.4193735,11.122383,11.425936,16.595196,15.905019,21.183697,22.67073,25.882235,28.42975,28.213554,25.155092,28.252916,26.919113,27.391363,23.542074,23.021282,20.189543,23.301079,22.57024,23.578575,22.299301,23.097431,18.47248,19.839714,17.55233,18.67958,19.75273,19.958263,19.782148,20.833126,17.842031,17.448082,13.075501,17.76132,12.537227,14.156681,13.81086,11.016981,12.54808,12.845765,12.246551,10.217188,6.3763075,6.1065025,6.193313,9.428185,10.173374,16.223467,17.502657,21.417307,23.69945,28.665451,29.216404,29.307035,31.726065,25.978033,27.16443,21.771145,23.168139,16.247597,18.807102,13.687812,11.120071,13.236242,16.53734,16.826643,14.279673,15.626199,12.812463,15.107584
34,36.33164,32.740425,30.836035,27.112076,24.256823,23.881092,19.324242,19.161978,13.879833,14.494549,11.671994,14.53291,17.953545,16.748333,19.124437,16.250637,20.858524,18.24052,23.6039,22.430815,26.069717,29.629086,30.57558,26.154665,30.728548,28.584955,27.576113,24.042423,19.225288,16.29554,14.193274,11.179101,4.5285892,5.1600266,0.0,4.198757,6.1381817,4.963702,5.1118197,7.5706186,6.085001,11.355591,10.809668,16.572153,15.496068,21.212797,23.042448,25.819206,28.28467,27.966621,24.98893,27.866024,27.15471,26.724583,22.42426,20.996,18.259727,20.966867,19.269613,20.86277,20.375193,20.971815,16.628866,18.951124,16.42863,19.06663,20.207026,21.328062,21.900799,23.372143,20.358686,21.121895,16.912006,22.12022,17.361227,18.361223,18.255594,15.297871,16.23087,16.386515,14.655283,13.238771,8.017681,8.619791,10.342354,11.923428,13.7896185,19.259512,20.25143,24.246357,26.023886,31.181726,31.890688,31.702126,34.454563,29.189102,30.646292,25.512016,27.28258,20.345356,23.392197,18.34294,16.063137,18.011644,21.123,20.966917,19.01869,19.602802,16.082996,17.620806
35,39.039318,35.402054,33.41221,29.509287,26.949974,25.946903,22.035648,20.929691,15.81399,16.123259,11.920129,14.411342,18.04727,16.717026,20.0492,17.313343,22.411224,20.327814,25.477312,24.998741,28.532827,32.14488,33.27889,29.189749,34.093166,32.090958,31.39184,27.900526,22.778082,19.957731,17.63008,14.607273,8.091734,6.406577,4.198757,0.0,4.594153,6.2192287,6.9239864,10.32611,10.109252,15.284886,14.9162245,20.685537,19.476614,25.281845,26.921276,29.827864,32.219036,31.712248,28.576061,31.206356,30.10559,29.54374,25.603827,23.978083,21.834332,24.599087,22.726854,24.733171,24.392784,25.065615,20.761757,23.062511,20.121115,22.836231,23.61396,24.718128,24.659664,26.405418,23.62424,23.734539,19.434547,24.073189,18.52643,19.74355,18.60355,15.1453495,15.327531,14.621655,12.88331,12.652981,7.103279,9.522142,11.905258,14.154433,16.36659,22.12918,23.465555,27.443283,29.515009,34.57659,35.220886,35.115868,37.634212,32.118015,33.24488,28.033703,29.161274,22.407751,24.543205,19.45555,17.007704,18.249598,21.48177,20.244408,18.368933,18.45282,14.563208,16.482353
36,42.244724,38.5428,36.828716,32.922913,30.21364,29.753035,25.39843,24.947609,19.71638,20.035067,16.37217,18.732893,22.516357,21.272564,24.405397,21.47043,26.322828,23.774748,28.869493,27.789684,31.138214,35.001236,35.548267,31.17596,35.870777,34.097393,32.678635,28.900845,24.730246,21.260094,19.88311,15.690177,10.642671,8.436257,6.1381817,4.594153,0.0,3.9226897,5.613448,10.13438,10.020024,15.349229,16.094025,21.253256,21.095463,26.396017,28.612516,31.239094,33.87064,33.809097,30.96454,33.936348,33.29015,32.801205,28.443705,26.75387,23.97191,26.35911,23.98083,25.48917,25.466448,24.998571,20.567398,22.600224,18.537495,21.906193,21.937305,23.596762,23.142601,25.730902,23.671062,24.242647,20.464409,25.776892,20.59279,22.549587,21.67986,18.409342,18.96424,17.969347,16.914335,16.644615,11.347651,13.294047,14.612037,17.326696,18.169985,24.165579,24.837929,28.75207,30.327868,35.709614,35.704395,35.136677,37.39878,32.23857,32.981033,28.291887,28.869188,22.532635,24.424717,19.570919,17.773117,18.274975,21.04845,19.30256,18.562649,17.596926,13.348466,14.074817
