,0,1,2,3,4,5,6,7,8,9,10,11,12,13,14,15,16,17,18,19,20,21,22,23,24,25,26,27,28,29,30,31,32,33,34,35,36,37,38,39,40,41,42,43,44,45,46,47,48,49,50,51,52,53,54,55,56,57,58,59,60,61,62,63,64,65,66,67,68,69,70,71,72,73,74,75,76,77,78,79,80,81,82,83,84,85,86,87,88,89,90,91,92,93,94,95,96,97,98,99,100,101,102,103,104,105,106,107,108,109
0,0.0,4.111305,7.3763037,10.660931,13.8253355,16.310854,19.44578,22.723965,26.53241,28.782755,34.53535,33.857384,37.245487,40.39057,36.095158,32.228855,30.315279,26.882248,23.186062,20.743822,17.373962,16.339233,11.925535,12.7187805,12.3400135,17.349525,17.2461,17.835104,16.990286,22.371302,20.71389,28.431988,28.12271,33.356476,34.198936,37.219837,38.959064,37.52489,38.074387,35.513794,35.333878,29.841986,30.710363,26.474924,28.543491,24.296778,27.044544,25.470331,27.567074,31.176708,32.455578,32.946262,38.077152,40.29824,38.202774,35.35691,38.05127,39.163326,44.958923,43.17477,39.65729,40.729374,37.862564,39.58962,37.37766,40.88005,38.43383,34.82333,31.456032,34.08149,30.177462,34.828438,33.289837,37.96718,36.38266,42.42154,41.734715,45.067944,44.335068,47.104195,45.252026,41.024887,38.237057,34.43231,33.046825,28.460344,28.433662,23.719595,24.33176,21.848179,24.394012,27.422388,28.619673,29.322962,31.919195,34.352013,33.3684,37.368256,35.734356,41.857616,40.584656,45.9176,45.911053,45.383224,42.211655,41.26793,35.486908,35.169178,31.061893,30.729504
1,4.111305,0.0,3.988581,7.6674156,10.141303,13.320871,15.669544,19.158077,22.810837,25.09238,30.783495,30.023966,33.389423,36.414783,32.06772,28.211447,26.2886,22.802145,19.142384,16.64317,13.284283,12.457523,8.048083,9.1667185,9.929122,14.541034,15.412621,15.754296,14.385509,19.92584,18.059885,25.953121,25.450628,30.710096,31.200603,34.41902,35.849556,34.21651,34.878765,32.1581,32.31061,26.458046,27.56517,23.041262,25.57719,21.560198,24.181988,23.385677,25.388287,29.376003,30.019354,31.171963,36.129215,37.846935,35.91452,32.968983,35.271225,36.2513,42.039886,39.969627,36.435814,37.520576,34.7984,36.42603,34.64058,37.753586,35.43075,32.207027,28.475775,30.727581,26.81388,31.355955,29.75829,34.427937,32.81378,38.864983,38.153267,41.584885,40.78993,43.434196,41.563942,37.323242,34.493145,30.650135,29.228498,24.689472,24.581837,19.91789,20.559002,18.33338,20.935375,23.707718,25.068638,25.65514,28.141502,30.437628,29.537922,33.402954,31.81085,37.90609,36.651985,42.030426,41.944874,41.35429,38.17798,37.209015,31.437618,31.083218,27.007006,26.671339
2,7.3763037,3.988581,0.0,4.9889927,7.400557,9.768267,12.770718,15.452163,19.363539,21.407507,27.250477,26.509188,29.908575,33.172703,28.960754,25.18986,23.20513,20.153631,16.273746,14.60958,10.870119,11.441829,7.7900724,8.810414,11.62904,15.454629,16.799702,16.26465,13.707962,19.108122,16.102232,23.929697,22.65433,28.24245,28.23822,31.55624,32.846207,31.287918,32.339134,29.62096,30.346342,24.473248,26.204166,21.585598,25.008251,21.69077,24.561098,24.440329,25.886358,30.279444,30.025812,31.532505,36.326675,37.53882,35.36731,32.219543,34.3241,34.881886,40.604237,38.48432,34.927322,36.507793,34.152378,35.923546,34.778248,37.620796,35.65825,32.966415,28.906166,30.476627,26.193207,30.430164,28.346668,32.92751,30.864853,36.863457,35.74066,39.162003,38.08838,40.606857,38.517162,34.17674,31.711712,27.738945,26.858927,21.982864,22.708334,18.257664,19.532478,18.023907,20.855953,23.047968,24.784945,25.023087,27.28176,29.127071,28.502104,31.858011,30.237297,36.150467,34.620964,40.050083,39.67712,39.152905,35.86162,35.22138,29.317768,29.012434,25.172667,24.680727
3,10.660931,7.6674156,4.9889927,0.0,4.240044,6.076144,9.527635,12.883536,16.413834,19.49072,24.564356,24.780905,27.786226,31.001724,27.279001,22.916317,21.764307,18.250528,15.614323,14.031288,10.868006,12.840227,9.500798,7.550044,11.639117,14.6607685,15.180242,13.417526,9.832006,14.8579855,11.222393,18.992918,17.871487,23.368458,23.681927,26.865355,28.394123,26.978138,27.840387,25.303688,25.79982,20.377205,22.213512,18.028,21.662169,19.05628,22.749178,22.479376,23.018463,27.63041,26.714426,28.031822,32.743137,33.815075,31.216755,27.956635,30.256926,30.587938,36.274208,34.482677,30.927597,33.014748,30.882896,33.107765,32.19678,35.483784,34.057343,31.58391,27.760683,28.84042,23.66935,27.691511,25.058151,29.551373,27.139492,33.07261,31.802723,35.05211,34.052734,36.810993,34.84313,30.611965,28.089792,24.267096,23.52486,18.479141,19.900057,15.550549,17.786703,16.730114,20.210724,22.2457,24.69038,25.401228,26.937206,28.696203,27.482111,30.33827,28.224777,33.95224,31.91961,37.193886,36.88833,36.776333,33.419407,33.53798,27.257952,27.685022,23.943277,24.159212
4,13.8253355,10.141303,7.400557,4.240044,0.0,5.686275,5.6371803,10.1826,13.11125,16.506813,21.286762,21.44607,24.351091,27.264296,23.44405,18.971352,17.950493,14.088193,11.927261,10.142826,7.5150757,10.297066,8.169446,5.972001,11.267668,12.880955,14.588378,12.722757,8.805379,13.460684,10.0057125,17.626589,16.46949,21.703873,21.538008,25.005178,26.008066,24.20368,25.117386,22.296843,23.203278,17.165852,19.27427,14.654885,18.906502,16.742805,20.065138,20.840736,21.286495,26.15654,24.5382,26.72921,31.092863,31.533524,29.313293,26.029673,27.700922,27.937136,33.579933,31.352886,27.799519,29.758642,27.788908,29.808313,29.409262,32.146717,30.866068,28.894423,24.752327,25.33376,20.250046,24.070972,21.437208,25.91218,23.56552,29.53063,28.349695,31.76908,30.765429,33.36699,31.450241,27.226887,24.479221,20.618956,19.633022,14.725657,15.855803,11.597093,13.974532,13.484439,16.950008,18.524387,21.202093,21.851152,23.098785,24.696146,23.487818,26.155449,24.070747,29.77298,27.809399,33.142216,32.80205,32.59362,29.251217,29.298248,23.026535,23.47369,19.757647,20.130856
5,16.310854,13.320871,9.768267,6.076144,5.686275,0.0,7.08142,7.7719684,11.566289,14.54996,19.419666,20.119238,22.942167,26.543633,23.36807,19.109743,18.260283,15.70812,13.548731,13.830996,11.096507,14.95087,13.318223,11.525783,16.606226,18.374466,19.32961,16.670044,11.974503,15.505411,9.906272,16.485664,13.632576,19.681477,18.995733,22.308493,23.603691,22.415476,24.00911,21.605015,23.175982,18.148933,21.107655,17.24193,22.141624,21.003311,24.831345,25.482153,25.116316,30.039833,27.764368,29.526154,33.757614,33.97322,31.012053,27.536522,29.43318,28.962482,34.35327,32.597897,29.113361,32.096935,30.696226,33.14659,33.289536,36.12118,35.355705,33.750957,29.683804,29.66308,24.075197,27.310532,23.864834,27.959976,24.737629,30.36148,28.315228,31.43229,29.942602,32.50255,30.175482,25.829527,24.068016,20.133532,20.598127,15.052154,18.37589,14.975983,18.282667,18.539255,22.046955,23.052902,25.975622,26.243116,27.213116,28.17852,27.317225,29.107674,26.918694,32.06673,29.491953,34.668922,33.889996,34.009033,30.518131,31.41196,25.042955,25.754965,22.66511,22.815456
6,19.44578,15.669544,12.770718,9.527635,5.6371803,7.08142,0.0,6.6943345,8.017891,12.32077,16.109268,16.820053,19.312012,21.980692,18.498358,13.665363,13.39947,9.356209,9.053237,8.388234,7.6680055,11.820087,11.781184,9.589589,14.945882,14.703272,17.001183,14.560644,10.295055,12.9880905,9.168269,15.202195,13.466382,18.286877,17.258627,20.991673,21.344078,19.224295,20.435356,17.409142,19.217527,12.884278,15.917117,11.2975235,16.828878,16.249796,19.331223,21.36582,21.015974,26.102365,23.090706,26.14757,29.847599,29.268366,27.160175,23.799707,24.674492,24.362797,29.754515,27.21098,23.72076,26.121511,24.774107,26.811342,27.496359,29.582767,28.949245,27.961567,23.6286,23.009003,17.659485,20.659279,17.440954,21.607895,18.813473,24.632866,23.14305,26.639563,25.443848,27.870872,25.90225,21.673615,18.943739,15.0158615,14.3529215,9.227122,11.417831,8.165934,11.68189,12.820417,16.155039,16.549627,19.811567,20.307545,20.68545,21.642275,20.430538,22.117048,19.857908,25.13777,22.800777,28.10077,27.527826,27.470682,24.051538,24.675995,18.241,19.158688,15.914181,16.726707
7,22.723965,19.158077,15.452163,12.883536,10.1826,7.7719684,6.6943345,0.0,4.7199516,6.838926,12.026966,12.355782,15.2316885,18.999752,15.930931,12.204668,11.220343,10.392368,8.9073925,11.719036,10.501171,15.415485,16.18657,15.466885,20.925758,21.13747,23.55885,21.001049,16.395452,18.641247,13.4015465,17.813013,13.739433,19.173437,16.491709,20.278418,20.176624,18.529871,21.126837,18.418715,21.807838,16.444372,20.490585,16.5438,22.613842,22.750456,25.61395,28.0092,27.412157,32.508816,28.953976,32.021736,35.44186,34.34438,31.912945,28.46311,29.054235,27.935263,32.817116,30.347332,27.070427,30.263962,29.644312,31.661236,33.17693,34.608974,34.31181,33.943256,29.364737,28.07862,23.086668,25.254028,21.582066,25.062737,21.491598,26.630312,24.044453,27.321993,25.25786,27.097666,24.34875,19.804863,18.746452,14.5581,16.161844,10.7832365,15.288956,13.606536,17.045815,18.834345,21.628593,21.137617,24.169912,23.62373,24.018898,23.897392,23.876085,24.47518,22.688646,27.088718,24.436008,29.585924,28.179415,28.102169,24.573893,25.694555,19.69823,20.195953,18.066721,17.803501
8,26.53241,22.810837,19.363539,16.413834,13.11125,11.566289,8.017891,4.7199516,0.0,5.724108,8.224395,9.830084,11.8471155,15.105191,12.5980835,8.258846,8.839026,8.105434,9.485616,12.321861,12.661502,17.396309,18.782547,17.527658,22.843355,22.019283,24.579481,21.842041,17.470078,18.477955,13.979004,16.657314,12.801579,17.092724,13.745673,17.651495,16.780012,14.701231,17.45647,14.611264,18.713919,13.549736,17.986858,14.575361,20.893854,22.083427,24.647614,27.689678,26.605556,31.63641,27.279745,30.869259,33.702785,31.893776,29.701124,26.356884,26.261341,24.793163,29.319815,26.613564,23.506332,26.902843,26.78701,28.751905,30.99609,31.967941,32.191685,32.50421,28.03587,25.954,20.989628,22.35313,18.416788,21.387808,17.590782,22.378532,19.61908,22.934334,20.785849,22.481318,19.78451,15.256239,14.107418,9.9085865,12.053471,7.074502,12.505481,12.279331,15.955085,18.570017,21.120705,19.932396,23.260416,22.856676,22.437654,21.904867,21.659187,21.363546,19.409262,23.222881,20.243004,25.214657,23.688437,23.823954,20.288446,22.057125,16.074606,17.20212,15.693845,16.09209
9,28.782755,25.09238,21.407507,19.49072,16.506813,14.54996,12.32077,6.838926,5.724108,0.0,7.0340815,5.754902,8.993136,13.27164,10.521452,8.796294,7.285811,10.222433,9.640759,14.254203,14.28378,18.904625,21.047573,21.161911,26.471363,25.94834,29.133265,26.782793,22.443205,24.019989,19.289944,22.106867,17.59844,21.955294,17.854933,21.533543,20.133123,18.329285,21.78112,19.151733,23.887451,18.941057,23.392727,19.819685,26.133371,27.05688,29.050522,32.520885,31.862612,36.89383,32.628532,36.459736,39.23623,37.21176,35.242584,31.949993,31.54491,29.928402,34.112522,31.148373,28.252216,31.47876,31.566704,33.095264,35.677494,35.84467,35.908287,36.544872,31.706343,29.48112,25.413095,26.528093,22.979988,25.589905,21.95974,26.162374,23.10427,26.295803,23.647566,24.479473,21.259338,16.76073,16.993147,13.088272,15.995634,12.059085,16.692654,16.763689,19.65397,22.322067,24.26707,22.583952,25.346756,23.942528,23.892359,22.584946,23.647924,22.965296,21.870653,25.117764,22.58437,27.41708,25.266499,24.901058,21.504503,22.760704,17.78124,17.763914,17.10195,16.105406
10,34.53535,30.783495,27.250477,24.564356,21.286762,19.419666,16.109268,12.026966,8.224395,7.0340815,0.0,5.53606,4.696645,8.288833,8.425607,7.1527,9.097617,12.061055,14.603349,18.42638,19.583603,24.02585,26.272177,25.447733,30.618917,29.19468,32.072178,29.338408,25.191431,25.251558,21.203196,21.564348,17.32761,19.821964,14.899659,18.135107,15.565573,13.641636,17.513811,15.321864,20.9458,17.470686,22.076542,19.864933,25.960222,28.269606,30.131401,33.99708,32.528652,37.327045,32.080566,36.189228,38.118214,35.20648,33.341446,30.288374,29.109568,26.827715,30.121346,27.193924,24.794615,28.55674,29.554743,31.147013,34.705677,34.438267,35.395943,36.902866,32.487938,29.260235,25.190569,25.024366,21.127825,22.555868,18.561338,21.495945,17.834438,20.632349,17.593088,17.890474,14.463147,10.10756,11.61129,8.700354,13.20971,11.21385,16.42565,18.263273,21.36753,24.724308,26.500765,24.187119,27.274977,26.248941,25.056082,23.217554,23.823744,21.605156,20.27605,21.990719,18.775505,22.79646,20.252567,20.5142,17.277445,20.14933,15.78389,16.946657,17.584684,17.687382
11,33.857384,30.023966,26.509188,24.780905,21.44607,20.119238,16.820053,12.355782,9.830084,5.754902,5.53606,0.0,4.0248084,8.176588,5.909776,7.318305,6.225156,11.426556,12.301999,16.948713,18.03393,22.120987,25.055807,25.429712,30.493332,29.250216,32.918873,30.76532,26.774837,27.800854,23.779062,25.626776,21.443295,24.681957,20.04178,23.46258,21.06463,19.002922,22.620182,20.086681,25.427744,20.86018,25.245619,22.08545,28.226213,29.739948,30.958853,35.23148,34.531017,39.392677,34.644047,39.097294,41.277653,38.51833,37.10645,34.051743,32.779552,30.929691,34.466766,31.047085,28.560331,31.523571,32.14586,33.16976,36.56321,35.64922,36.03747,37.525593,32.64827,29.677094,26.53509,26.727613,23.538448,25.310167,21.982817,25.225388,22.141184,25.209818,22.343267,22.230629,18.920137,14.869984,15.862076,12.766937,16.020855,13.953506,17.778502,19.18041,21.4583,24.67708,25.903288,23.347784,25.834387,23.974,23.352444,21.122261,22.883509,21.046585,20.590897,22.620832,20.379646,24.729298,22.049778,21.373814,18.269236,19.562252,15.886005,15.501243,16.306305,15.048576
12,37.245487,33.389423,29.908575,27.786226,24.351091,22.942167,19.312012,15.2316885,11.8471155,8.993136,4.696645,4.0248084,0.0,4.873575,5.634113,7.8551235,8.78264,13.416658,15.624356,19.827515,21.33012,25.377897,28.287367,28.186106,33.20069,31.557335,35.036026,32.683353,28.772383,29.077868,25.356226,26.025408,21.993664,24.288921,19.34039,22.401075,19.424257,17.40154,21.135342,18.935373,24.62355,20.92918,25.30439,22.886532,28.835936,31.040195,32.192444,36.634342,35.51887,40.234447,34.99933,39.56628,41.282692,38.051304,36.714737,33.817814,32.129856,29.931736,32.897537,29.51364,27.366877,30.567207,31.70751,32.729813,36.657692,35.467953,36.35392,38.32587,33.70519,30.207678,27.128822,26.608318,23.30635,24.356392,20.930258,23.301643,19.938326,22.685745,19.613617,18.989595,15.584142,11.923654,13.803925,11.597122,15.486338,14.553282,18.510298,20.742903,23.112667,26.62761,27.774748,24.929676,27.552374,25.911337,24.679354,22.16098,23.675259,20.937351,20.421492,21.401983,18.850266,22.578815,19.587856,19.235466,16.3316,18.586275,15.552642,15.815023,17.420084,16.800323
13,40.39057,36.414783,33.172703,31.001724,27.264296,26.543633,21.980692,18.999752,15.105191,13.27164,8.288833,8.176588,4.873575,0.0,5.316418,8.6981,10.658478,14.673615,18.02804,21.566502,23.80892,27.390476,30.618313,30.39421,35.07664,32.779922,36.449547,34.279564,30.816229,30.609083,27.762417,27.836123,24.585918,25.89531,21.147963,23.940897,20.442102,18.072935,21.27849,19.1518,24.749184,21.399937,25.346746,23.41003,28.849588,31.513983,32.03592,36.97433,35.78961,40.222797,34.700085,39.708572,40.86484,37.091442,36.35517,33.768013,31.35818,29.153854,31.54807,27.771599,26.040398,28.762781,30.29047,30.86155,35.35464,33.366486,34.589325,37.222317,32.807014,28.757732,26.458311,25.13803,22.324827,22.576233,19.734577,21.17023,18.237976,20.864624,18.023603,16.678133,13.759216,11.088767,12.707593,11.743473,14.921791,15.787296,18.508558,21.650343,23.480057,27.266203,27.903563,24.568113,27.024158,25.45344,23.568613,20.628223,22.144894,18.458706,18.30776,18.032463,15.77014,18.850082,15.567665,15.034725,12.533886,15.112406,13.459107,13.916091,16.583628,16.449354
14,36.095158,32.06772,28.960754,27.279001,23.44405,23.36807,18.498358,15.930931,12.5980835,10.521452,8.425607,5.909776,5.634113,5.316418,0.0,5.57935,5.813131,10.477451,13.193452,16.819714,19.12214,22.443504,25.947117,26.28663,30.85421,28.70402,32.81916,31.043495,27.710634,28.277754,25.489836,27.007423,23.91686,26.173025,21.870548,25.216034,22.310188,19.625998,22.544603,19.796644,24.933887,20.1822,24.035084,21.073006,26.67803,28.526514,28.810064,33.828743,33.25591,37.82657,32.886547,37.999706,39.64959,36.37333,35.79249,33.060993,30.972387,29.3388,32.524513,28.473051,26.274622,28.410172,29.216372,29.596851,33.491787,31.591482,32.132572,34.30581,29.498419,25.965336,23.88639,23.367052,20.906195,22.10723,19.615255,22.344929,20.028723,23.273678,20.841623,20.289337,17.6081,14.21613,14.201066,11.91717,13.90201,13.8660345,15.763898,18.263037,19.661783,23.266497,23.738543,20.474836,22.722607,20.82721,19.474012,16.686024,18.656187,15.983258,16.07347,17.365484,15.736514,19.951448,17.233969,16.003002,13.096875,13.849988,11.194795,10.507113,12.523187,11.63613
15,32.228855,28.211447,25.18986,22.916317,18.971352,19.109743,13.665363,12.204668,8.258846,8.796294,7.1527,7.318305,7.8551235,8.6981,5.57935,0.0,4.6526113,6.159252,10.530204,13.338093,15.7228,19.385557,22.279634,21.74404,26.398935,24.199432,27.852354,25.793695,22.408413,22.728727,20.098436,21.678568,19.03378,21.363806,17.597754,21.187836,18.78847,15.855147,18.355421,15.274203,20.031494,14.808572,18.784616,15.70639,21.541197,23.474466,24.361546,28.964598,28.11116,32.79588,27.854412,32.714073,34.600487,31.657696,30.745665,27.872786,26.18861,24.698208,28.431122,24.605446,22.015059,24.452362,24.940878,25.858038,29.316357,28.40741,28.960957,30.602575,25.95261,22.686419,19.458826,19.41537,16.36278,18.23332,15.322742,19.092573,16.871054,20.459555,18.36672,18.912655,16.495127,12.521504,10.998479,7.6856675,9.180302,8.318261,10.832785,13.196607,15.330482,18.95921,20.107618,17.36658,20.328062,19.362404,17.931751,16.197014,16.703861,14.841,13.690046,16.353195,13.912543,18.84291,16.848057,16.311398,12.860849,14.315035,9.246212,10.125514,10.440653,10.995354
16,30.315279,26.2886,23.20513,21.764307,17.950493,18.260283,13.39947,11.220343,8.839026,7.285811,9.097617,6.225156,8.78264,10.658478,5.813131,4.6526113,0.0,5.9477773,7.417264,11.411486,13.36555,16.90989,20.274776,20.866331,25.542046,23.867422,28.055443,26.426304,22.99669,24.388609,21.343935,24.309225,21.276701,24.594147,20.894594,24.65248,22.601149,19.898449,22.561268,19.42669,23.924473,18.084023,21.921677,17.993504,23.869999,24.814697,25.462496,30.046883,29.889036,34.678856,30.38913,35.18619,37.51248,35.00118,34.144104,31.177223,29.827871,28.665546,32.70624,28.829481,26.097023,28.11614,28.135769,28.787018,31.750864,30.710077,30.611027,31.876547,26.816404,24.155197,21.47118,22.149994,19.606638,21.990084,19.446579,23.539415,21.500578,25.108925,22.97452,23.401499,20.793285,16.742731,15.631246,12.124873,13.210227,11.28173,13.10882,14.239676,15.774872,18.969868,19.85678,17.241602,19.641113,17.863264,17.376604,15.555762,17.17065,16.259308,15.858302,19.11241,17.516499,22.58092,20.57501,19.419773,16.174868,16.124905,11.661425,10.710284,10.516238,9.214762
17,26.882248,22.802145,20.153631,18.250528,14.088193,15.70812,9.356209,10.392368,8.105434,10.222433,12.061055,11.426556,13.416658,14.673615,10.477451,6.159252,5.9477773,0.0,6.1068635,7.328282,10.178569,13.483928,16.365564,16.03007,20.47556,18.338816,22.395401,20.8197,17.779854,19.070179,16.981339,20.501009,18.714191,21.86021,19.302868,23.140503,21.696653,18.711338,20.347092,16.900885,20.26646,13.58218,16.89939,12.444573,18.18407,18.871096,19.681831,24.113615,23.990763,28.791862,24.751339,29.526752,32.049847,29.926254,29.16711,26.214958,25.131386,24.514057,29.089115,25.244965,22.203726,23.816313,23.246832,24.09497,26.441652,26.140955,25.840895,26.576756,21.630226,19.365065,15.977616,17.369635,14.877841,18.081152,15.908904,20.955204,19.714354,23.575686,22.172478,23.483477,21.538023,17.559584,14.7248125,11.052531,9.984627,7.637159,7.7846913,8.319676,10.0429125,13.306439,14.659607,12.54936,15.624086,15.013298,14.369222,13.884937,13.815413,14.150059,12.754362,17.463545,15.772969,21.271832,20.196623,19.363964,16.012268,15.871989,9.904876,10.094431,7.7428484,8.448999
18,23.186062,19.142384,16.273746,15.614323,11.927261,13.548731,9.053237,8.9073925,9.485616,9.640759,14.603349,12.301999,15.624356,18.02804,13.193452,10.530204,7.417264,6.1068635,0.0,5.237362,6.091453,9.819677,13.062414,14.493181,19.09488,18.280594,22.672289,21.562443,18.311193,21.169498,18.17253,23.353527,20.866507,25.28758,22.762888,26.70568,25.756853,23.191597,25.227339,21.896729,25.109575,18.315514,21.53437,16.518263,22.062527,21.378418,22.318157,26.121006,26.795456,31.679922,28.61673,32.87643,36.05417,34.6534,33.636784,30.534433,30.14076,29.748623,34.631134,31.021677,27.83901,29.367832,28.334087,29.136234,30.700022,30.668736,29.62856,29.603796,24.37582,23.193808,20.180182,22.465935,20.311169,23.902416,21.75848,26.98149,25.53542,29.326147,27.678617,28.940277,26.592081,22.32401,20.25288,16.26803,15.917327,12.390713,13.02746,11.544835,12.669337,14.632353,15.9743595,14.721002,16.90777,15.419825,16.410868,16.18426,17.220877,18.66433,17.947054,22.881222,21.672005,27.165442,25.937859,24.767876,21.52316,20.538336,15.3292055,14.124865,11.505685,9.970937
19,20.743822,16.64317,14.60958,14.031288,10.142826,13.830996,8.388234,11.719036,12.321861,14.254203,18.42638,16.948713,19.827515,21.566502,16.819714,13.338093,11.411486,7.328282,5.237362,0.0,4.101876,6.1763077,9.422415,10.585841,14.562229,13.244113,18.045517,17.517803,15.126335,18.293098,16.695147,22.543787,21.397146,25.462479,23.96849,27.824825,27.259914,24.509018,25.654726,22.21603,24.280077,17.067183,19.295448,13.8925705,18.561825,17.00395,17.625908,21.322863,22.532684,27.269505,24.87897,29.136353,32.496273,31.55825,30.910755,27.974253,27.763992,28.046501,33.226738,29.590513,26.306711,27.054714,25.370169,26.030977,26.80583,27.189734,25.673384,25.041805,19.85445,19.449524,16.537687,19.62463,18.15519,22.240059,20.871721,26.495565,25.896141,29.773865,28.75336,30.452097,28.65377,24.62192,21.505438,17.79257,15.877111,12.812501,11.217569,8.470292,8.469509,9.667499,11.120437,10.751147,13.022485,12.515798,13.805199,14.895915,14.78065,17.585693,16.54579,22.303217,21.48076,27.021791,26.508263,25.360971,22.278835,20.801569,15.372966,14.496115,10.645142,10.281048
20,17.373962,13.284283,10.870119,10.868006,7.5150757,11.096507,7.6680055,10.501171,12.661502,14.28378,19.583603,18.03393,21.33012,23.80892,19.12214,15.7228,13.36555,10.178569,6.091453,4.101876,0.0,4.921328,7.0423846,9.062183,13.495182,13.687231,17.909262,17.288586,14.452773,18.50747,16.001354,22.68469,21.073603,25.897005,24.536272,28.377254,28.272076,25.875128,27.252047,23.968393,25.945787,18.9696,21.355211,15.993018,20.675325,18.59565,19.969425,22.679846,23.972803,28.774862,26.859715,30.43333,34.246334,33.833,32.666817,29.56857,30.005655,30.24159,35.61454,32.377365,28.97304,30.133654,28.326359,29.339191,29.667461,30.68657,29.037165,27.85051,22.84694,22.997305,19.619295,23.049324,21.234474,25.487484,23.710258,29.479986,28.515388,32.294003,31.08702,32.94891,30.891438,26.631489,23.934841,19.959305,18.712978,14.6972475,14.3998375,10.961548,11.674265,11.949087,13.941578,14.399641,16.390244,15.811893,17.62554,18.763987,18.819532,21.668184,20.550375,26.263687,25.171164,30.72137,30.084684,29.085375,25.890839,24.697409,19.167978,18.316015,14.659793,13.842368
21,16.339233,12.457523,11.441829,12.840227,10.297066,14.95087,11.820087,15.415485,17.396309,18.904625,24.02585,22.120987,25.377897,27.390476,22.443504,19.385557,16.90989,13.483928,9.819677,6.1763077,4.921328,0.0,4.7775917,8.934928,11.499199,11.750475,16.731949,17.35314,15.8237705,20.250349,19.024881,26.028946,25.206568,29.74633,28.83612,32.619442,32.556828,30.004478,30.960497,27.608341,28.998209,21.858517,23.41378,17.971798,21.5075,18.390682,18.80398,21.429426,23.727968,28.125326,27.19416,30.801157,34.702507,34.67339,34.08261,31.241898,31.648561,32.45208,37.88404,34.457607,31.109318,31.367321,29.062813,29.572836,29.22254,30.056786,27.706182,26.019718,21.005924,22.097305,19.836626,23.69759,22.869085,27.21297,26.249834,32.031303,31.700422,35.547813,34.677395,36.53712,34.756165,30.671028,27.541962,23.801052,21.733501,18.460764,16.55554,12.899492,11.907851,10.931668,12.006785,13.249954,14.220009,13.73622,16.430258,18.318415,18.361015,22.252132,21.525187,27.5075,27.137257,32.614132,32.336063,31.014261,28.093403,25.986437,21.037481,19.686394,15.688945,14.735555
22,11.925535,8.048083,7.7900724,9.500798,8.169446,13.318223,11.781184,16.18657,18.782547,21.047573,26.272177,25.055807,28.287367,30.618313,25.947117,22.279634,20.274776,16.365564,13.062414,9.422415,7.0423846,4.7775917,0.0,5.5995073,7.7957687,9.891287,13.69876,14.390384,13.085468,18.180542,17.082256,24.665607,24.284704,29.0133,28.838326,32.427116,32.990616,30.722052,31.372864,28.224415,28.892769,22.131662,23.307272,18.126837,21.082802,17.313068,18.709967,19.878414,22.200018,26.51342,26.2933,29.00398,33.377335,34.103893,33.055164,30.182585,31.367044,32.378334,38.037037,35.14301,31.684978,32.154785,29.544811,30.53863,29.428024,31.37859,28.989462,26.497177,22.04418,23.816021,20.709717,25.058096,23.983454,28.575726,27.461815,33.451225,33.123165,36.827446,36.117657,38.40326,36.700935,32.582527,29.341078,25.58967,23.511341,19.739594,18.287237,13.88363,13.5418,11.597292,13.652119,15.983595,17.248663,17.655304,20.129232,22.429253,21.691557,25.713375,24.459196,30.597622,29.844961,35.27255,35.219326,34.266903,31.253138,29.67508,24.269468,23.552454,19.380764,19.044092
23,12.7187805,9.1667185,8.810414,7.550044,5.972001,11.525783,9.589589,15.466885,17.527658,21.161911,25.447733,25.429712,28.186106,30.39421,26.28663,21.74404,20.866331,16.03007,14.493181,10.585841,9.062183,8.934928,5.5995073,0.0,5.4679775,7.2388163,9.460477,9.082789,7.5333314,12.701674,12.282248,19.815178,20.338888,24.615793,25.230549,28.560047,29.537626,27.403093,27.500086,24.565617,24.43282,18.138653,18.877325,14.148834,16.689993,13.023199,15.790491,16.059523,17.584873,22.10802,21.684399,23.907452,28.439672,29.433598,27.952824,25.035172,26.69917,27.789642,33.54853,31.130182,27.628357,28.424992,25.749153,27.36143,25.990984,28.984104,27.082989,24.371004,20.494946,22.142248,17.715712,22.217527,20.683723,25.370886,24.105127,30.15603,29.940763,33.44451,33.03904,35.76312,34.359245,30.43076,26.84445,23.35667,21.0068,17.202868,15.953659,11.182781,11.882339,9.796303,13.166584,15.89575,18.118505,19.590555,21.081018,23.58146,21.70043,25.385502,23.354824,29.456215,28.138287,33.3718,33.623016,33.21798,30.154135,29.456497,23.506123,23.849169,19.61239,20.442081
24,12.3400135,9.929122,11.62904,11.639117,11.267668,16.606226,14.945882,20.925758,22.843355,26.471363,30.618917,30.493332,33.20069,35.07664,30.85421,26.398935,25.542046,20.47556,19.09488,14.562229,13.495182,11.499199,7.7957687,5.4679775,0.0,5.1229095,6.5023737,8.658794,10.051731,14.72817,16.1821,23.320515,24.825306,28.554676,29.797945,32.917076,34.05066,31.865099,31.425953,28.57614,27.607813,21.63013,21.281109,17.043734,17.715555,12.771068,14.787746,13.727617,16.499683,20.20657,21.450815,23.138699,27.84454,29.635794,28.687016,26.203001,28.080284,29.86536,35.586006,33.255283,29.891813,29.780125,26.523842,27.800749,25.308182,28.707317,26.1825,22.521923,19.306002,22.217258,18.692577,23.564985,23.00255,27.63945,27.191532,33.117767,33.560093,37.000935,37.016663,39.849133,38.78231,35.07061,31.083616,27.890842,24.872623,21.776796,19.34569,14.729662,14.110306,10.753132,13.33275,17.057482,18.49918,20.598465,22.372297,25.543219,23.249357,27.661398,25.76423,31.960503,31.144335,36.157684,36.853462,36.339672,33.535484,32.32285,26.79714,27.021072,22.607275,23.606527
25,17.349525,14.541034,15.454629,14.6607685,12.880955,18.374466,14.703272,21.13747,22.019283,25.94834,29.19468,29.250216,31.557335,32.779922,28.70402,24.199432,23.867422,18.338816,18.280594,13.244113,13.687231,11.750475,9.891287,7.2388163,5.1229095,0.0,5.950671,8.252175,10.302791,13.577733,16.275503,22.469236,24.512526,27.425222,28.59558,31.71644,32.4145,29.89413,29.100998,26.137285,25.022516,18.865118,17.987902,13.794261,13.797345,8.737216,9.808481,10.074358,13.114908,16.965527,17.681885,20.448189,24.64623,25.859093,25.621069,23.341152,24.49349,26.500748,32.067055,29.336754,26.097319,25.3581,22.005098,22.931015,20.575531,23.619986,21.113398,17.705568,14.290223,17.12682,13.907366,18.8147,18.848448,23.370047,23.541962,29.294128,30.2596,33.7369,34.051147,36.78618,36.065834,32.658943,28.233683,25.424616,21.689093,19.58922,15.861423,11.72087,10.151006,6.3938026,8.884278,12.830448,14.495098,17.309067,18.448444,21.863577,18.929691,23.424597,21.44964,27.58411,27.040169,31.859291,32.84128,32.296986,29.7129,28.356535,23.103334,23.572931,19.177422,20.85092
26,17.2461,15.412621,16.799702,15.180242,14.588378,19.32961,17.001183,23.55885,24.579481,29.133265,32.072178,32.918873,35.036026,36.449547,32.81916,27.852354,28.055443,22.395401,22.672289,18.045517,17.909262,16.731949,13.69876,9.460477,6.5023737,5.950671,0.0,4.399785,8.752213,11.304132,15.229732,20.905708,23.961061,26.42434,28.66788,31.300419,32.70497,30.595465,29.253935,26.760397,24.519754,19.585861,17.963772,15.069465,13.670007,8.4839735,11.630145,8.36703,10.649614,14.058148,15.968085,16.894472,21.722385,24.123917,23.198378,21.066103,23.366795,25.655376,31.247337,29.437565,26.258717,25.863436,22.325533,24.033455,20.763239,25.447056,23.364267,19.271513,17.344452,20.372583,16.13695,20.939861,20.555258,24.931309,24.928638,30.525932,31.53395,34.634987,35.24109,38.433807,37.933002,34.70017,30.245678,27.696869,24.117548,21.841007,18.9643,14.893831,14.558894,11.309691,14.183353,18.024673,19.981646,23.097265,23.849651,27.237343,23.800318,27.884937,25.390915,31.250923,30.186352,34.671894,35.902813,35.880943,33.282883,32.708786,27.159683,28.319338,24.053682,26.12279
27,17.835104,15.754296,16.26465,13.417526,12.722757,16.670044,14.560644,21.001049,21.842041,26.782793,29.338408,30.76532,32.683353,34.279564,31.043495,25.793695,26.426304,20.8197,21.562443,17.517803,17.288586,17.35314,14.390384,9.082789,8.658794,8.252175,4.399785,0.0,4.99996,7.083161,11.128076,16.586626,19.79161,22.187628,24.6498,27.14877,28.786541,26.888968,25.538958,23.22581,20.898031,16.364767,15.047012,12.515046,11.842245,7.95853,12.747709,10.020358,10.156491,14.356333,14.756856,15.435984,20.383764,22.50023,20.697989,18.16096,20.87142,22.718891,28.423883,26.969463,23.676968,24.220028,21.093658,23.488678,20.89976,25.884312,24.54356,21.101929,19.057697,21.06952,15.572541,20.054026,18.67737,23.04751,22.354475,27.98675,28.574831,31.534662,32.027153,35.39243,34.821907,31.591202,27.326164,24.809135,21.653236,19.01745,17.190092,13.206589,14.20898,11.8939705,15.518433,18.742329,21.408684,24.33723,24.66437,27.625498,24.145601,27.531279,24.657782,30.31279,28.62494,33.08867,34.14843,34.483414,31.715714,31.912766,25.949158,27.60209,23.540764,25.821737
28,16.990286,14.385509,13.707962,9.832006,8.805379,11.974503,10.295055,16.395452,17.470078,22.443205,25.191431,26.774837,28.772383,30.816229,27.710634,22.408413,22.99669,17.779854,18.311193,15.126335,14.452773,15.8237705,13.085468,7.5333314,10.051731,10.302791,8.752213,4.99996,0.0,5.559526,6.577161,13.3427725,15.452221,18.768303,20.68817,23.433931,25.097353,23.346521,22.63356,20.246653,18.84189,13.958569,14.077576,10.955093,12.741645,10.437112,15.350463,14.22835,13.599424,18.299713,17.092592,18.248653,22.911474,24.198082,21.720705,18.646902,21.221489,22.199322,27.988827,26.501385,23.024517,24.660149,22.18622,24.856754,23.41327,27.792952,26.872923,24.236216,21.432745,22.468405,16.353045,20.443027,17.99486,22.44179,20.736912,26.566277,26.329754,29.362288,29.337173,32.63777,31.637526,28.105547,24.335012,21.435585,19.13303,15.5254755,15.282521,11.157021,13.549076,12.2873535,16.351894,18.814924,21.919903,24.178627,24.487823,26.854595,23.923138,26.700476,23.782078,29.35446,27.169893,31.896341,32.451145,32.87279,29.820793,30.487762,24.133139,25.819225,21.958292,23.935928
29,22.371302,19.92584,19.108122,14.8579855,13.460684,15.505411,12.9880905,18.641247,18.477955,24.019989,25.251558,27.800854,29.077868,30.609083,28.277754,22.728727,24.388609,19.070179,21.169498,18.293098,18.50747,20.250349,18.180542,12.701674,14.72817,13.577733,11.304132,7.083161,5.559526,0.0,6.5569286,9.706897,13.742703,15.243549,18.141191,20.32841,22.15069,20.498432,18.880142,16.936478,14.287045,10.870296,9.979152,9.003007,9.580967,9.488593,14.996235,13.698013,11.115033,15.712868,13.221932,14.069987,18.369238,19.412024,16.401037,13.224389,16.18126,17.124773,22.854904,21.913176,18.55981,20.633402,18.439573,21.769405,20.570957,25.590591,25.515688,23.325823,21.320753,21.63854,14.802754,18.12652,15.238317,19.184067,17.455742,22.843948,22.881187,25.519173,25.966534,29.584127,29.095846,26.109457,22.055658,19.945993,17.400928,14.824726,14.683861,11.891693,14.722993,14.259608,18.14851,20.121973,23.612993,26.317072,25.744629,27.955736,24.353333,26.380745,22.979412,27.903147,25.283255,29.421162,30.299187,31.270082,28.40765,29.913609,23.65793,26.22343,22.807459,25.577862
30,20.71389,18.059885,16.102232,11.222393,10.0057125,9.906272,9.168269,13.4015465,13.979004,19.289944,21.203196,23.779062,25.356226,27.762417,25.489836,20.098436,21.343935,16.981339,18.17253,16.695147,16.001354,19.024881,17.082256,12.282248,16.1821,16.275503,15.229732,11.128076,6.577161,6.5569286,0.0,7.924614,8.935881,12.907349,14.659425,17.329052,19.332342,18.076239,17.844738,15.845273,15.171224,11.42041,13.128486,11.081476,14.621219,14.743246,19.758694,19.451681,17.48301,22.224285,19.327097,20.413883,24.453358,24.866173,21.391006,17.920227,20.487568,20.265331,25.788677,24.794323,21.354519,24.565186,23.10485,26.34461,26.133862,30.244917,30.215965,28.522621,25.616577,25.398973,18.626158,21.608353,17.829111,21.72957,18.717045,24.203363,22.913807,25.638046,25.142546,28.537674,27.236961,23.66711,20.657495,17.79373,16.93311,12.61424,15.130841,12.225977,16.15552,16.415182,20.457714,21.823992,25.420948,27.165657,26.954338,28.486116,25.886782,27.409636,24.253334,29.10047,26.049988,30.57807,30.655813,31.566883,28.331898,30.172327,23.58453,25.814133,22.663937,24.643536
31,28.431988,25.953121,23.929697,18.992918,17.626589,16.485664,15.202195,17.813013,16.657314,22.106867,21.564348,25.626776,26.025408,27.836123,27.007423,21.678568,24.309225,20.501009,23.353527,22.543787,22.68469,26.028946,24.665607,19.815178,23.320515,22.469236,20.905708,16.586626,13.3427725,9.706897,7.924614,0.0,6.168096,5.8356123,9.832937,11.139972,13.885527,13.383094,12.050239,11.42141,9.508204,10.087123,11.594978,12.860202,15.495016,18.045898,23.013823,22.778618,19.217155,23.299427,18.920801,19.466986,22.293325,21.879578,17.406677,13.981583,16.644331,15.299273,20.100246,20.320898,17.34218,21.963083,21.579922,25.527435,26.16814,30.526295,31.673275,30.788015,28.683905,27.44306,20.33104,21.801527,17.3037,19.851845,16.207792,20.392714,18.722416,20.502548,20.331123,24.165354,23.415543,20.749569,18.070301,16.595715,16.44587,13.70317,17.178402,16.312841,20.477922,21.581202,25.321028,25.999203,29.917536,31.906542,30.740534,31.824072,28.773819,29.026089,25.45062,28.9986,25.182932,28.67543,28.871029,30.663033,27.701841,30.966566,24.743895,28.004404,25.737522,28.412733
32,28.12271,25.450628,22.65433,17.871487,16.46949,13.632576,13.466382,13.739433,12.801579,17.59844,17.32761,21.443295,21.993664,24.585918,23.91686,19.03378,21.276701,18.714191,20.866507,21.397146,21.073603,25.206568,24.284704,20.338888,24.825306,24.512526,23.961061,19.79161,15.452221,13.742703,8.935881,6.168096,0.0,6.3490496,6.7525544,9.148204,11.639951,11.5586605,12.465415,11.609315,12.767452,12.094027,15.401225,15.189348,19.58097,21.748327,26.3589,26.945314,24.046612,28.541265,24.100552,25.320879,28.190264,27.318575,23.173027,19.733353,21.594345,19.685278,24.107008,23.778324,20.815237,25.757776,25.750702,29.308327,30.620045,34.055004,35.057907,34.530746,31.619257,30.045116,23.232185,24.605547,19.796257,22.35291,17.970709,22.13062,19.283165,21.240376,19.955153,23.259623,21.55999,18.249023,16.893991,14.674147,16.320621,12.341504,17.758808,16.996168,21.539438,23.121687,26.794867,26.960564,30.837421,32.01116,31.125523,31.596119,29.483076,29.330761,26.136826,29.562986,25.587627,29.42402,28.825361,30.403896,27.176214,30.549473,24.28549,27.089542,25.192135,27.109001
33,33.356476,30.710096,28.24245,23.368458,21.703873,19.681477,18.286877,19.173437,17.092724,21.955294,19.821964,24.681957,24.288921,25.89531,26.173025,21.363806,24.594147,21.86021,25.28758,25.462479,25.897005,29.74633,29.0133,24.615793,28.554676,27.425222,26.42434,22.187628,18.768303,15.243549,12.907349,5.8356123,6.3490496,0.0,5.4886856,5.4536633,8.645974,9.14642,8.168124,8.940054,8.602692,11.687218,14.0595455,16.060759,19.195452,22.678356,27.138638,27.67063,23.871878,27.765036,22.55136,23.511381,25.362001,23.875519,19.41203,16.324162,17.909048,15.30831,18.908642,19.52014,17.086014,22.705582,23.393002,27.307076,29.042196,32.667492,34.44626,34.393566,32.227394,30.128656,23.29843,23.674482,18.783768,20.224005,15.876517,18.744709,16.030352,17.07878,16.444527,20.208498,19.394218,17.246944,15.683484,15.069257,16.383987,14.423465,19.072443,19.449484,23.758966,25.59574,29.037777,28.968136,32.976658,34.60307,33.01591,33.438328,30.72001,29.906204,26.410501,28.888754,24.587936,27.438534,27.218918,29.454018,26.625395,30.824274,25.047419,28.610352,27.184072,29.820885
34,34.198936,31.200603,28.23822,23.681927,21.538008,18.995733,17.258627,16.491709,13.745673,17.854933,14.899659,20.04178,19.34039,21.147963,21.870548,17.597754,20.894594,19.302868,22.762888,23.96849,24.536272,28.83612,28.838326,25.230549,29.797945,28.59558,28.66788,24.6498,20.68817,18.141191,14.659425,9.832937,6.7525544,5.4886856,0.0,3.9431214,4.915871,5.320673,7.3549147,7.53475,10.739076,12.139303,15.857844,16.796646,21.236835,24.703064,28.595778,30.16671,26.861506,31.12595,25.599548,27.588488,29.342974,27.176252,23.401876,20.303528,20.803734,17.87233,21.139666,20.764866,18.376442,24.024277,25.11305,28.525955,31.07273,33.601078,35.36691,35.886593,33.062035,30.434675,24.067009,24.081102,19.031946,20.279417,15.411171,18.108402,14.346762,15.723855,13.94368,17.098999,15.421089,12.718472,12.337811,11.434642,14.381237,12.221068,18.063932,19.063944,23.451586,25.891836,29.046652,28.30455,32.254787,33.230865,31.620283,31.403563,29.427221,28.001053,24.868715,26.949453,22.529968,25.549013,24.619556,26.691761,23.72363,28.131027,22.572645,25.883278,25.037733,27.219307
35,37.219837,34.41902,31.55624,26.865355,25.005178,22.308493,20.991673,20.278418,17.651495,21.533543,18.135107,23.46258,22.401075,23.940897,25.216034,21.187836,24.65248,23.140503,26.70568,27.824825,28.377254,32.619442,32.427116,28.560047,32.917076,31.71644,31.300419,27.14877,23.433931,20.32841,17.329052,11.139972,9.148204,5.4536633,3.9431214,0.0,4.3035636,6.701111,7.5982723,9.383836,11.416436,14.803864,17.852278,19.69779,23.42191,27.216316,31.250183,32.451923,28.737022,32.650444,27.024385,28.4468,29.79888,27.590948,23.449429,20.635487,21.30029,18.026379,20.485603,21.02865,19.112066,25.110361,26.527235,30.168547,32.741787,35.5502,37.652107,38.231514,35.811863,33.11231,26.69232,26.38302,21.379673,22.062923,17.331482,19.025183,15.243209,15.646237,14.122527,17.375221,16.150892,14.425651,14.5552225,14.56665,17.405926,15.918997,21.392216,22.53426,26.862928,29.216991,32.396893,31.72035,35.702923,36.854145,35.070507,34.860382,32.68009,31.029427,27.80626,29.400558,24.849428,27.218695,26.414597,28.857117,26.144482,30.962643,25.707874,29.246113,28.576056,30.924511
36,38.959064,35.849556,32.846207,28.394123,26.008066,23.603691,21.344078,20.176624,16.780012,20.133123,15.565573,21.06463,19.424257,20.442102,22.310188,18.78847,22.601149,21.696653,25.756853,27.259914,28.272076,32.556828,32.990616,29.537626,34.05066,32.4145,32.70497,28.786541,25.097353,22.15069,19.332342,13.885527,11.639951,8.645974,4.915871,4.3035636,0.0,3.5142858,6.1625385,7.85238,11.708923,14.595579,18.020775,19.699482,23.785067,27.896149,31.325127,33.33891,29.801998,33.779045,27.746468,30.015953,30.989786,28.059347,24.600904,21.919079,21.550074,18.028864,20.036537,19.82972,18.141054,24.070356,25.939272,29.182722,32.471325,34.40757,36.70396,37.883198,35.247364,32.015884,26.112783,25.207287,20.27696,20.415688,15.58746,16.620653,12.259825,12.671613,10.468516,13.353892,11.882791,10.358527,11.206208,11.882071,15.379834,14.798144,20.250542,22.194847,26.304253,29.119108,31.917206,30.683008,34.589294,35.46502,33.405407,32.759804,30.877434,28.601444,25.603607,26.53689,21.923702,24.021536,22.879375,25.376976,22.780783,27.913363,23.149048,26.720737,26.63616,28.94771
