,0,1,2,3,4,5,6,7,8,9,10,11,12,13,14,15,16,17,18,19,20,21,22,23,24,25,26,27,28,29,30,31,32,33,34,35,36,37,38,39,40,41,42,43,44,45,46,47,48,49,50,51,52,53,54,55,56,57,58,59,60,61,62,63,64,65,66,67,68,69,70,71,72,73,74,75,76,77,78,79,80,81,82,83,84,85,86,87,88,89,90,91,92,93,94,95,96,97,98,99,100
0,0.0,4.272753,6.2039733,9.400575,12.011184,13.490912,17.116116,20.196514,23.172247,25.610607,29.15758,31.243433,34.354572,33.487087,31.965387,28.736776,27.426306,25.367222,23.707182,23.43678,21.230995,23.389256,23.315561,26.051912,27.777573,27.626986,29.366138,31.45276,31.328445,35.53178,32.354836,39.0184,36.177486,39.64454,36.023273,31.841913,32.898052,35.843796,31.453875,28.394358,31.575186,31.78603,27.416157,26.290707,30.581547,28.35935,22.027567,25.34228,28.295624,31.390837,32.522915,26.851173,33.262604,35.59355,33.499485,33.102345,31.070946,33.552994,37.389004,36.252834,34.313004,39.720455,42.554043,44.399708,40.47836,38.4191,42.7716,41.77932,36.776474,39.354122,41.698948,39.11401,35.649166,37.852936,34.75848,36.072937,32.572117,30.308643,27.736876,25.654922,21.477655,18.77305,16.899155,19.842133,23.944765,22.14476,27.329288,29.156868,32.738132,36.041252,37.701836,41.207222,41.238575,40.284107,36.83582,34.17405,31.627531,30.598206,26.221344,27.621662,21.537613
1,4.272753,0.0,5.218304,6.467544,8.889635,11.827079,14.134713,18.223146,20.747177,23.501343,26.985973,29.1286,31.923979,31.017054,28.941021,25.608957,24.163963,21.781883,20.29136,19.445854,17.27787,19.59351,19.412249,21.908495,23.73606,23.801222,25.419725,27.743584,27.698038,32.01012,29.05253,35.819565,33.566437,36.91295,33.009922,28.961002,30.436863,33.16805,28.547756,25.695005,29.302795,29.015116,24.547028,24.092037,28.437305,25.692875,19.748075,23.673824,26.538807,29.680916,30.150728,24.647755,31.088505,33.19518,30.695055,29.86103,27.842339,30.012192,34.095886,33.329643,30.953087,36.309273,39.02537,41.107555,37.3625,35.100826,39.21718,38.180973,33.12769,35.57645,37.80287,35.22288,31.717533,33.760612,30.828907,32.0532,28.603561,26.613026,24.012009,22.321745,18.129335,15.931817,13.740331,16.298283,20.390446,18.172283,23.468712,24.99756,28.582808,31.833307,33.50756,37.024986,37.1144,36.059364,32.617325,29.92216,27.355677,26.377052,21.996613,23.543592,17.497866
2,6.2039733,5.218304,0.0,5.3224354,6.6844754,7.8125243,11.487549,14.173957,17.43924,19.54889,23.253693,25.153124,28.297552,27.330006,25.989412,22.926188,21.65345,20.005802,18.36027,18.933609,17.28618,19.731571,21.058342,22.549795,23.671112,22.904276,24.56665,26.166307,26.008617,29.98405,26.945427,33.41524,30.357687,34.124737,30.749025,26.415718,27.558485,30.930899,26.719013,23.436914,26.96048,27.835655,23.296032,22.211475,26.920296,25.438652,19.131796,22.40883,26.056087,28.606663,29.591066,25.057188,31.44655,33.165173,31.266779,30.68375,27.93728,30.468967,34.670643,33.032192,30.44028,36.10447,38.593987,40.492764,36.283848,33.903816,38.244263,36.936676,32.193554,35.375053,37.309235,34.432304,31.442234,34.29699,31.29803,33.306313,30.115067,27.95536,26.242975,24.018396,20.10368,18.349007,15.05168,17.062016,20.442204,19.135193,23.32274,25.759924,28.864616,32.385838,33.685883,37.12189,36.852554,36.57986,33.33502,30.82856,28.712635,26.837624,22.721182,23.621227,17.624153
3,9.400575,6.467544,5.3224354,0.0,3.748664,6.331171,8.212966,12.466143,14.461859,17.636957,20.82552,23.26016,25.931313,25.374504,23.669624,19.85518,19.093636,16.568514,16.455511,15.7325,14.994428,18.076147,19.224003,19.621967,20.847828,20.399334,21.063969,23.010118,22.317608,26.647118,23.036201,29.773226,27.299337,30.525688,26.706074,22.611406,23.97561,26.770756,22.254929,19.277584,22.941841,23.030716,18.482468,17.946198,22.520636,20.402124,14.394149,18.277983,21.650967,24.350555,24.765234,20.24786,26.620663,28.230295,26.087534,25.373833,22.68159,25.183077,29.364141,27.919708,25.353437,30.94026,33.54526,35.45745,31.423378,29.145658,33.48872,32.43316,27.49762,30.388206,32.645924,30.045277,26.706743,29.484426,26.244503,28.29191,25.073305,22.709423,21.249905,18.82226,15.036416,13.70141,9.935176,11.7579155,15.20445,14.104775,18.413483,21.104578,24.424742,27.990784,29.669651,33.01584,33.128735,32.96594,29.904737,27.165138,24.812227,22.965761,18.496822,19.085842,13.03664
4,12.011184,8.889635,6.6844754,3.748664,0.0,5.4632006,5.31001,10.035002,12.240946,14.980616,18.445576,20.522854,23.12052,22.239847,20.244766,16.786182,15.6252365,13.466034,12.824371,12.817988,12.226525,15.304903,17.405014,17.202564,17.99563,17.134052,18.120392,19.781866,19.422749,23.558111,20.553429,27.162752,24.824482,28.412119,24.70566,20.512447,22.257002,25.404932,20.967125,17.914331,22.129162,22.572853,17.90461,17.810562,22.633379,20.884647,15.400006,19.278467,22.95009,25.222439,25.267246,21.686472,27.850441,28.966143,26.76394,25.649008,22.560333,24.771433,29.340918,27.852201,24.498415,30.18874,32.40257,34.544834,30.430616,27.71892,31.82124,30.391253,25.672993,28.981203,30.690079,27.753716,24.87718,27.957632,25.087542,27.446344,24.53598,22.65062,21.618496,19.65838,16.202154,15.782268,11.514485,12.085351,14.69119,13.501883,16.930998,19.615627,22.452166,26.072828,27.318003,30.675121,30.446333,30.5529,27.542349,25.021164,23.092484,20.715948,16.679684,17.175858,11.3419895
5,13.490912,11.827079,7.8125243,6.331171,5.4632006,0.0,6.0422606,6.934242,9.968243,12.336489,15.701219,17.97494,21.124365,20.682486,20.253963,16.681631,16.55396,15.15416,15.421015,16.56973,16.840443,19.90129,22.64507,21.733849,21.981533,20.4738,20.867603,21.678064,20.617367,24.368584,20.447157,26.632328,22.940695,26.663914,23.65451,19.207619,19.955635,23.647215,19.865044,16.289497,19.684683,21.565437,17.134604,15.583925,20.55022,20.461813,14.4174,16.971893,21.333107,23.023722,24.146597,21.295368,27.248945,28.2455,27.043411,26.745289,23.164204,26.103867,30.237041,27.581797,24.863562,30.706228,32.96375,34.53235,29.910978,27.570454,32.198566,30.842278,26.455494,30.283293,32.165764,29.281622,26.717426,30.539907,27.25208,30.291584,27.53495,25.001074,24.785082,21.791874,18.721653,18.011526,13.570668,14.352615,16.278795,16.73463,19.02353,22.91801,25.44333,29.239458,30.442238,33.550934,33.261288,34.19131,31.518124,29.074268,27.343018,24.447538,20.55244,20.111513,14.7671995
6,17.116116,14.134713,11.487549,8.212966,5.31001,6.0422606,0.0,6.226991,7.2554283,10.31182,13.4636755,15.677871,17.998518,17.357521,15.583613,11.7016735,11.27575,9.218743,10.385979,10.916196,12.170643,15.463681,18.690825,16.492376,16.4213,14.903758,14.845406,15.829039,14.869317,18.865143,15.4719,21.965988,19.536058,23.167747,19.591814,15.321932,17.231758,20.595064,16.376793,13.233832,17.816713,18.799902,14.201673,14.410619,19.327435,18.448673,13.827477,17.267012,21.230972,22.776194,22.517582,20.500057,26.126041,26.535637,24.677717,23.506277,19.76618,22.007816,26.682148,24.63845,20.768719,26.570086,28.436657,30.512388,26.16583,23.237698,27.369062,25.74635,21.324675,25.218582,26.652353,23.582859,21.179169,25.026169,22.150864,25.313606,22.888533,21.019138,21.212568,19.047237,16.476524,17.121586,12.360744,11.424872,12.306817,12.446253,13.792707,17.50452,19.649286,23.442366,24.45741,27.55872,27.219072,28.261225,25.726332,23.363764,21.906525,18.642942,15.081373,14.436404,9.570356
7,20.196514,18.223146,14.173957,12.466143,10.035002,6.934242,6.226991,0.0,4.702315,5.432688,9.172328,11.073619,14.319429,13.851215,14.299903,11.151887,11.766519,11.7730465,12.922957,15.530276,17.130993,19.97297,24.06789,21.464828,20.63531,18.215647,18.045513,17.588604,16.26581,19.180382,15.521131,20.904541,16.622229,20.941387,18.65344,14.069997,14.854737,19.374315,16.403635,12.68414,16.40471,19.602074,15.568505,14.322208,19.249271,20.623978,16.048252,17.758211,22.419844,22.96571,23.714075,23.065464,28.174534,28.172634,27.40848,26.89762,22.606462,25.31657,29.592398,26.32581,22.779205,28.580526,30.124523,31.662022,26.763914,24.005138,28.40682,26.557226,22.952887,27.643768,28.738523,25.528841,24.03461,28.707853,25.813486,29.68646,27.653023,25.524061,26.523258,23.760391,21.619925,22.093616,17.315567,16.508291,16.50172,17.930084,17.757967,22.265047,23.64973,27.445425,27.998661,30.745625,30.014378,32.052265,29.927511,27.920254,26.99343,23.122269,20.249844,18.840405,15.072394
8,23.172247,20.747177,17.43924,14.461859,12.240946,9.968243,7.2554283,4.702315,0.0,4.8181887,6.534392,9.568296,11.856748,12.292053,12.670811,8.345183,10.525366,9.845266,13.4014225,14.859534,17.593874,20.651272,24.597874,20.886084,19.876055,17.641369,16.063871,15.497278,13.156819,16.195889,11.3863325,16.964046,13.0351515,16.787779,14.111294,9.540591,10.552416,14.796675,11.751564,8.100784,12.233361,15.300706,11.520947,10.874584,15.551053,17.166693,13.807018,15.323051,19.703817,19.847935,19.999031,20.427706,24.95011,24.46622,23.815685,23.269423,18.751823,21.436375,25.576078,22.099852,18.401423,24.130688,25.581491,27.020718,22.09319,19.35103,23.86152,22.171375,18.614397,23.390474,24.655014,21.694786,20.204573,25.17526,22.113884,26.364185,24.636265,22.411757,24.202065,21.324677,19.939753,21.103798,16.437,14.792525,13.594744,16.024193,14.517005,19.645739,20.73849,24.514032,25.272211,27.733173,27.315548,29.818846,28.103947,26.046938,25.167566,21.132875,18.425716,16.200409,13.508467
9,25.610607,23.501343,19.54889,17.636957,14.980616,12.336489,10.31182,5.432688,4.8181887,0.0,4.3411837,5.662562,8.965882,8.753111,10.695377,8.2835865,10.134885,11.531301,13.677958,16.857151,19.367273,21.897352,26.599821,22.862013,21.289124,18.375887,17.492012,15.865604,14.175343,15.967391,12.589328,16.705318,11.737606,16.573704,15.212737,10.843362,11.498133,16.574438,14.725684,11.36959,14.840493,18.976938,15.735406,14.860792,19.17734,21.638647,18.479515,19.428658,23.952608,23.608665,24.035667,25.069874,29.322386,28.561981,28.212456,27.624363,23.00035,25.436766,29.579792,25.890028,21.91864,27.397667,28.298855,29.70172,24.701847,21.737482,25.8169,23.621748,20.924711,26.175915,26.61537,23.294703,22.808691,28.037828,25.512524,29.930593,28.53137,26.711367,28.596243,26.014069,24.617092,25.763515,21.03258,19.406673,18.10607,20.20888,18.207594,22.962933,23.372093,26.991001,27.052155,29.349497,28.333527,31.319834,29.76633,28.147627,27.840982,23.41627,21.471928,19.3257,17.156515
10,29.15758,26.985973,23.253693,20.82552,18.445576,15.701219,13.4636755,9.172328,6.534392,4.3411837,0.0,3.9156811,6.161031,7.729335,11.028242,8.487011,11.818372,13.063678,16.607328,19.109943,22.270735,24.85429,29.4596,25.016844,23.259218,20.447733,18.514648,16.495413,13.9345045,15.088567,10.8275175,13.827519,7.9226756,12.562634,11.941434,7.9850774,7.762632,13.07528,12.345363,9.480588,12.054594,16.924416,14.5983925,13.721498,17.242907,20.678843,18.670858,18.796326,23.038603,21.977674,22.305964,24.648771,28.078417,26.796457,26.989225,26.655212,21.891876,24.357285,28.047668,23.82848,20.100851,25.21607,25.854616,26.858694,21.743958,19.029709,23.149761,21.084257,19.011766,24.419117,24.864182,21.869537,21.784754,27.33694,24.740646,29.535542,28.520014,26.571268,29.19494,26.401176,25.664562,27.14935,22.629223,20.643978,18.501965,21.452364,18.347109,23.51457,23.499426,26.96204,27.073235,28.932503,28.104282,31.725094,30.659086,29.116241,28.95198,24.417416,22.778666,19.976711,18.83262
11,31.243433,29.1286,25.153124,23.26016,20.522854,17.97494,15.677871,11.073619,9.568296,5.662562,3.9156811,0.0,4.0951486,4.6755085,9.597264,9.163328,11.779173,14.291496,16.768406,20.237534,23.219715,25.361921,30.432688,25.961071,23.814568,20.608791,19.236197,16.530062,14.709026,14.792196,12.336162,13.961562,8.019483,13.409696,13.7711525,10.449048,10.57995,15.747944,15.553747,13.0831175,15.588783,20.433844,18.24227,17.627626,21.018877,24.430645,22.478016,22.701414,26.948196,25.798975,26.035637,28.502758,31.886848,30.466038,30.586641,30.005932,25.260473,27.372782,31.203165,27.167622,23.045593,27.916754,28.09009,29.245083,24.302843,21.310545,24.816616,22.302496,20.890886,26.490038,26.17592,22.880846,23.567211,29.13635,27.07814,31.863008,31.088097,29.57935,32.15324,29.749628,28.941153,30.505524,25.893219,23.81763,21.678068,24.18748,20.875315,25.567938,25.053373,28.333231,27.864864,29.600628,28.274727,32.173,31.23242,30.062937,30.355982,25.597786,24.570759,21.942507,21.138872
12,34.354572,31.923979,28.297552,25.931313,23.12052,21.124365,17.998518,14.319429,11.856748,8.965882,6.161031,4.0951486,0.0,3.6726034,8.591768,8.834212,12.002046,14.553763,17.808897,20.74876,24.228327,26.217237,31.260626,26.115742,23.69631,20.584476,18.49191,15.341668,13.232504,12.292585,10.446984,10.357162,4.8033338,10.31812,11.318879,9.12452,9.738164,14.181833,14.710787,13.198381,15.535262,19.91176,18.384474,18.577448,21.302496,24.646177,23.804241,24.018381,27.808859,26.372837,25.942219,29.23589,32.013153,30.12892,30.226019,29.397413,24.714823,26.357069,30.041004,26.166842,21.708612,26.04947,25.685501,26.877333,22.20379,19.035444,21.94241,19.217625,18.607477,24.269672,23.4404,20.24244,21.643408,27.292295,25.62754,30.552998,30.263817,29.108526,32.153988,30.086634,29.79649,31.840458,27.40864,24.840353,22.032547,24.709997,20.434904,24.915703,23.760649,26.729248,26.018082,27.330708,25.97554,30.410406,29.946344,29.021753,29.65973,24.802736,24.413855,21.434332,21.784573
13,33.487087,31.017054,27.330006,25.374504,22.239847,20.682486,17.357521,13.851215,12.292053,8.753111,7.729335,4.6755085,3.6726034,0.0,6.1678567,8.208994,10.087813,13.559153,15.550356,19.300058,22.411692,24.044699,29.393108,24.505213,21.906107,18.506868,17.284445,13.884527,12.830238,11.690175,11.604109,12.07038,8.145875,13.572114,13.964414,11.4439745,12.843604,17.30376,17.088451,15.30832,18.407944,22.34356,20.253748,20.681486,23.906794,26.600283,25.243805,26.043732,30.0016,28.968601,28.423748,31.039946,34.297726,32.63503,32.273212,31.082516,26.472322,27.871904,31.977165,28.593784,23.668808,28.175367,27.765472,29.387022,24.891062,21.352077,23.926462,20.879515,20.06077,25.701979,24.448874,20.83081,22.365543,27.793564,26.509462,31.183937,30.821093,30.044758,32.65708,31.001816,30.361444,32.362957,27.798672,25.262608,22.806255,24.77701,20.892508,24.821165,23.580872,26.522858,25.417048,26.949272,25.164913,29.350689,28.675562,27.950989,28.815456,23.882921,23.7691,21.244946,21.390697
14,31.965387,28.941021,25.989412,23.669624,20.244766,20.253963,15.583613,14.299903,12.670811,10.695377,11.028242,9.597264,8.591768,6.1678567,0.0,5.3801985,5.2193356,9.210887,10.843851,14.24007,17.483994,18.775743,24.100336,18.87901,16.047209,12.65065,11.619305,7.996425,8.243319,7.3348107,9.748707,11.709265,11.23817,15.789,14.362907,11.964518,15.069751,18.62374,17.078114,15.697999,20.03472,22.217585,19.646816,21.352367,24.799417,25.829567,24.716423,26.686102,30.28169,29.938015,28.44077,30.298775,33.86638,32.357975,30.998367,28.983711,24.727634,25.360352,30.028603,27.838842,22.034216,26.50802,26.015644,28.462187,24.527462,20.367165,22.292517,18.9603,17.559843,22.861467,21.139317,17.07307,18.568913,23.49736,22.85198,27.063835,26.78747,26.790855,28.995214,28.28277,27.600548,29.992016,25.601717,22.66667,20.239695,21.194828,17.330822,20.1717,18.62454,21.419817,19.978592,21.804684,19.791035,23.55082,22.69797,22.116028,23.246756,18.28877,18.79062,16.696812,17.4869
15,28.736776,25.608957,22.926188,19.85518,16.786182,16.681631,11.7016735,11.151887,8.345183,8.2835865,8.487011,9.163328,8.834212,8.208994,5.3801985,0.0,4.444538,5.7537904,10.26462,12.0219145,15.819745,18.043379,22.715101,17.438816,15.28666,12.539188,10.190288,8.047528,5.9931974,8.053108,6.166892,11.079613,10.079721,14.09751,11.293285,7.956719,11.454297,14.859969,12.369674,10.71568,15.522709,17.269623,14.367794,16.214321,19.792938,20.525932,19.3871,21.485775,24.985474,24.846891,23.317604,24.92334,28.613842,27.292967,25.911552,24.116333,19.743706,20.827774,25.488464,23.10309,17.561539,22.559088,22.746592,25.046904,20.807302,16.856535,19.7798,17.043821,14.421077,19.70811,19.21429,15.506622,15.630584,20.817522,19.206818,23.615986,22.914225,22.251602,24.57311,23.315788,22.696262,25.0653,20.699984,17.72666,15.159383,16.7199,12.883744,16.775213,16.088186,19.42332,19.058662,21.183401,20.09438,23.411774,22.281261,20.944458,21.225933,16.44538,15.733256,13.138333,13.377829
16,27.426306,24.163963,21.65345,19.093636,15.6252365,16.55396,11.27575,11.766519,10.525366,10.134885,11.818372,11.779173,12.002046,10.087813,5.2193356,4.444538,0.0,4.585113,6.20868,9.295967,12.518419,14.2565365,19.390621,14.479048,12.08947,8.839906,8.309169,6.3130765,6.9862766,9.023573,9.879379,14.444636,14.125407,18.315136,15.499454,12.342098,15.837833,19.197937,16.29069,14.516502,19.591896,20.837774,17.473028,19.44938,23.391947,23.279572,21.528748,24.319424,27.865993,28.234259,26.620548,27.267635,31.471102,30.483479,28.541454,26.318903,22.278301,22.971245,28.013052,26.36645,20.556242,25.512611,25.682585,28.41266,24.518393,20.379177,22.791033,19.863415,17.090763,21.931858,20.99689,16.962545,17.07207,21.56572,20.544973,24.332417,23.480679,23.412334,24.937674,24.382072,23.252977,25.508625,21.136944,18.32226,16.51393,16.714746,13.927208,16.538467,15.885259,19.099142,18.259,20.796865,19.219004,21.826313,20.223171,19.087433,19.605156,14.839614,14.496295,12.955464,12.7360115
17,25.367222,21.781883,20.005802,16.568514,13.466034,15.15416,9.218743,11.7730465,9.845266,11.531301,13.063678,14.291496,14.553763,13.559153,9.210887,5.7537904,4.585113,0.0,6.7129273,6.3900995,10.43763,12.991658,17.18269,12.029292,10.411998,8.344334,6.3277445,6.7309566,6.1206913,10.2336445,9.130948,15.213041,15.52349,18.805164,14.885223,11.7429285,15.488277,18.036823,14.1675625,12.618953,18.001183,17.991383,14.327383,16.949337,20.828325,19.629835,18.070173,21.455313,24.5963,25.422192,23.389954,23.438414,27.77863,27.03019,24.637413,22.227764,18.413708,19.056053,24.24903,23.08471,17.335445,22.476269,23.158598,26.023783,22.309174,18.323576,21.059973,18.661865,14.860083,19.150454,19.087908,15.420608,14.217302,18.425652,16.878046,20.477589,19.262873,19.009785,20.379719,19.866459,18.78634,21.250698,17.074566,13.994058,12.164285,12.156894,9.640554,12.474043,12.647657,16.232197,16.309967,19.162691,18.38886,20.317717,18.437437,16.6439,16.407337,11.913619,10.517062,8.8134,8.2869215
18,23.707182,20.29136,18.36027,16.455511,12.824371,15.421015,10.385979,12.922957,13.4014225,13.677958,16.607328,16.768406,17.808897,15.550356,10.843851,10.26462,6.20868,6.7129273,0.0,6.1443973,7.2621818,8.65848,14.121499,10.730508,8.988386,5.975415,8.956242,9.246309,11.438629,14.109191,15.259664,20.392113,20.18929,24.32676,21.060642,17.692345,21.079678,24.333101,20.645914,18.5874,23.890146,24.410164,20.4143,22.341793,26.710894,25.414549,22.687744,26.350754,29.850416,31.030779,29.474348,28.530024,33.491024,33.16292,30.556017,28.043646,24.541842,25.073648,30.404425,29.57627,23.917261,28.985048,29.580488,32.62552,29.007874,24.952847,27.317648,24.619019,21.183508,25.21462,24.552328,20.609718,19.856745,23.223925,22.391735,25.168459,23.749693,24.019693,24.21268,24.297447,22.337372,24.146532,19.969336,17.742495,17.361547,15.805426,15.316729,16.46505,16.730623,19.827667,19.10977,22.265556,20.674667,21.61443,19.055674,17.762537,17.902538,13.907334,13.075167,13.354122,11.513494
19,23.43678,19.445854,18.933609,15.7325,12.817988,16.56973,10.916196,15.530276,14.859534,16.857151,19.109943,20.237534,20.74876,19.300058,14.24007,12.0219145,9.295967,6.3900995,6.1443973,0.0,4.594803,7.250652,10.8166275,6.062751,5.5820594,5.373329,6.268061,9.261837,10.71797,14.601897,14.887736,20.772686,21.869513,24.910841,20.646502,17.831457,21.575302,23.637747,19.248014,17.912462,23.282093,22.081724,18.179323,21.113619,25.010311,22.21041,20.293365,24.655224,27.3411,29.012142,26.63521,25.13501,29.944132,29.774837,26.443739,23.422546,20.567987,20.51251,25.938715,26.161413,20.512053,25.274641,26.188238,29.529448,26.509645,22.608305,24.761332,22.596363,18.42185,21.406294,21.36461,17.92931,15.987886,18.4309,17.538832,19.649258,18.0007,18.64998,18.460222,19.304193,17.606798,19.964619,16.413427,13.690023,13.323859,10.684603,10.876012,10.787416,11.859469,15.02337,15.225226,18.705915,18.03318,17.989513,15.109938,13.033332,12.329698,8.8056345,7.035879,8.195336,6.680863
20,21.230995,17.27787,17.28618,14.994428,12.226525,16.840443,12.170643,17.130993,17.593874,19.367273,22.270735,23.219715,24.228327,22.411692,17.483994,15.819745,12.518419,10.43763,7.2621818,4.594803,0.0,3.6404343,7.251061,5.7622085,6.690435,7.1716084,10.35864,13.129774,15.163273,18.732098,19.326345,25.1723,25.850615,29.221664,25.071312,21.991732,25.512785,27.865444,23.362738,21.688763,27.005495,25.91058,21.752245,24.234692,28.397247,25.312077,22.579504,27.195816,29.961498,32.02895,29.978374,27.521925,32.784775,33.061134,29.547527,26.578672,24.07113,24.095392,29.46508,29.942875,24.620554,29.388744,30.491386,33.85337,30.877014,27.088541,29.268776,27.145939,22.932882,25.616512,25.624102,22.256725,20.215809,21.99581,21.257572,22.641573,20.651722,21.39754,20.140614,21.295654,18.900002,20.590431,17.323856,15.479191,16.34258,12.795041,14.765284,13.899453,15.452952,18.195549,18.309032,21.909618,21.081,20.019651,16.599049,14.669276,13.733965,11.477906,9.64425,12.051251,9.296205
21,23.389256,19.59351,19.731571,18.076147,15.304903,19.90129,15.463681,19.97297,20.651272,21.897352,24.85429,25.361921,26.217237,24.044699,18.775743,18.043379,14.2565365,12.991658,8.65848,7.250652,3.6404343,0.0,5.8843937,5.7915998,6.445844,7.234749,11.698696,14.181614,17.038465,19.98134,21.707207,27.026558,28.091412,31.583946,27.61885,24.72617,28.39048,30.789682,26.457928,24.899014,30.26786,29.206993,25.16306,27.750105,31.881212,28.786617,26.213503,30.822329,33.56873,35.605206,33.42655,31.051542,36.22488,36.428577,32.783737,29.592207,27.24171,26.909094,32.303066,33.083515,27.525852,32.030537,32.83621,36.394836,33.63897,29.677876,31.383486,29.045938,25.187845,27.742046,27.184748,23.712921,22.166159,23.519447,23.462313,24.483269,22.792107,24.120537,22.686962,24.400558,22.093111,23.79573,20.774588,18.969702,19.73824,16.010687,17.6776,15.997117,16.959616,19.159319,18.65595,22.191938,20.947538,19.374218,15.810388,14.466729,14.169096,12.321498,11.772715,14.502757,12.681287
22,23.315561,19.412249,21.058342,19.224003,17.405014,22.64507,18.690825,24.06789,24.597874,26.599821,29.4596,30.432688,31.260626,29.393108,24.100336,22.715101,19.390621,17.18269,14.121499,10.8166275,7.251061,5.8843937,0.0,6.8019176,9.558102,12.040861,15.260318,18.595543,21.000824,24.340271,25.530455,31.154903,32.658257,35.642048,31.209604,28.547705,32.202934,33.99699,29.296318,28.035782,33.24484,31.17744,27.230371,30.081444,33.908405,29.718956,27.353409,32.38434,34.496353,37.07163,34.58156,31.260118,36.418324,37.038574,32.84217,29.425472,27.950579,27.23765,32.390987,34.116756,29.019085,33.11091,34.251793,37.92048,35.687256,32.03676,33.58384,31.72777,27.505278,29.016245,28.98801,26.105743,23.765568,23.845238,23.878979,23.684721,21.668089,23.361416,20.789148,23.393341,20.98042,22.491676,20.54966,19.189556,20.692064,16.016903,19.123789,16.143738,17.928904,19.559378,19.791973,23.346493,22.825573,19.80605,15.889557,14.164998,12.877348,13.200809,12.156136,15.904096,14.016157
23,26.051912,21.908495,22.549795,19.621967,17.202564,21.733849,16.492376,21.464828,20.886084,22.862013,25.016844,25.961071,26.115742,24.505213,18.87901,17.438816,14.479048,12.029292,10.730508,6.062751,5.7622085,5.7915998,6.8019176,0.0,3.4472265,6.823705,8.72774,12.362756,14.699795,17.944942,19.505655,24.76985,27.030947,29.638193,25.207449,23.028093,26.988335,28.43212,24.00698,23.23509,28.504107,26.345377,22.782429,26.235254,29.737947,25.93944,24.64021,29.37862,31.455364,33.469704,30.496092,28.518412,33.08525,33.034767,29.016338,25.36501,23.46188,22.411243,27.746572,29.281595,23.580334,27.516703,28.218082,31.997337,29.831375,25.934023,27.131382,25.09055,21.132645,22.907734,22.440317,19.379866,17.423155,18.037546,18.355585,18.95992,17.562757,19.559593,18.412954,20.89619,19.392902,21.929695,19.414423,16.836794,16.824886,12.914845,13.873742,10.859757,11.693624,13.608665,13.566747,17.19313,16.625061,14.636881,11.03686,9.054742,8.444815,6.8436165,6.9367747,10.152725,10.286166
24,27.777573,23.73606,23.671112,20.847828,17.99563,21.981533,16.4213,20.63531,19.876055,21.289124,23.259218,23.814568,23.69631,21.906107,16.047209,15.28666,12.08947,10.411998,8.988386,5.5820594,6.690435,6.445844,9.558102,3.4472265,0.0,3.8023803,6.3336596,9.411843,12.395832,15.095748,17.57779,22.325922,24.771885,27.551794,23.44485,21.38303,25.468084,27.119738,23.063347,22.326883,27.654732,26.00893,22.588737,26.040268,29.559479,26.433964,25.334301,29.739244,32.074337,33.682827,30.738472,29.549538,33.91367,33.49949,29.79481,26.196394,23.855902,22.82117,28.213842,29.318909,23.236496,27.184175,27.472683,31.262745,28.953802,24.797539,25.77678,23.349249,19.859339,22.206003,21.086166,17.622393,16.51487,17.81748,18.438187,19.72557,18.812595,20.808136,20.458302,22.583694,21.346678,24.04786,21.096027,18.211432,17.50512,14.398564,13.913115,11.585081,11.263801,13.245032,12.336011,15.83472,14.628516,13.642473,10.487189,9.187834,9.813084,6.628126,8.11881,10.15508,11.18451
25,27.626986,23.801222,22.904276,20.399334,17.134052,20.4738,14.903758,18.215647,17.641369,18.375887,20.447733,20.608791,20.584476,18.506868,12.65065,12.539188,8.839906,8.344334,5.975415,5.373329,7.1716084,7.234749,12.040861,6.823705,3.8023803,0.0,5.5447545,7.1034555,10.604537,12.902431,15.775638,20.297167,22.146574,25.447237,21.787334,19.43085,23.425922,25.66422,21.939089,20.859858,26.224585,25.49386,21.989647,25.025837,28.790586,26.556047,25.106485,29.128695,31.932007,33.19653,30.658258,29.963324,34.398994,33.812016,30.589558,27.331642,24.410456,23.849684,29.261772,29.559803,23.373419,27.667921,27.806273,31.381535,28.595787,24.300423,25.56057,22.792593,19.616518,22.842089,21.468801,17.588495,17.139505,19.509523,19.818716,21.930655,21.088339,22.54948,22.728195,24.089676,22.753101,25.28571,21.767822,18.90717,17.946205,15.654983,14.455723,13.601869,12.926993,15.309299,14.000879,17.230957,15.487473,15.820133,13.223525,12.319999,13.237664,9.237995,10.34553,11.24705,11.808378
26,29.366138,25.419725,24.56665,21.063969,18.120392,20.867603,14.845406,18.045513,16.063871,17.492012,18.514648,19.236197,18.49191,17.284445,11.619305,10.190288,8.309169,6.3277445,8.956242,6.268061,10.35864,11.698696,15.260318,8.72774,6.3336596,5.5447545,0.0,4.207103,6.156213,9.314745,11.4116335,16.092531,18.913198,21.3224,17.226732,15.534481,19.768454,21.171219,17.509604,17.175282,22.355751,20.979973,18.023104,21.709372,24.860868,22.580069,22.327759,26.091152,28.457888,29.41913,26.35643,26.542267,30.310026,29.312754,26.170067,22.820963,19.8241,18.982208,24.30059,24.612103,18.212019,22.26639,22.272379,25.87157,23.25573,18.934671,20.069445,17.448622,14.107816,17.358986,16.137905,12.322859,11.693151,14.6884575,14.799806,17.576614,17.141747,18.529516,19.765583,20.924128,20.448994,23.582905,20.21047,16.679703,14.513329,13.2453575,10.075331,9.80803,8.368604,11.235918,10.466331,13.533036,12.524285,14.043339,12.281534,10.888731,11.632428,6.699638,8.040818,7.0973206,9.963789
27,31.45276,27.743584,26.166307,23.010118,19.781866,21.678064,15.829039,17.588604,15.497278,15.865604,16.495413,16.530062,15.341668,13.884527,7.996425,8.047528,6.3130765,6.7309566,9.246309,9.261837,13.129774,14.181614,18.595543,12.362756,9.411843,7.1034555,4.207103,0.0,4.4555655,5.823961,9.8065,13.314432,16.105997,18.93268,15.615769,14.055746,18.24225,20.11832,17.26767,16.860014,21.850248,21.529531,18.871977,22.15954,25.290356,24.150942,23.92963,27.07526,29.794348,30.206974,27.449137,28.52506,32.04403,30.686275,28.130123,25.109276,21.65034,21.08914,26.183115,25.723457,19.233885,23.236866,22.746336,26.104513,23.184948,18.687986,19.676456,16.514645,14.180895,18.327318,16.35473,12.131059,13.02604,16.887066,17.119867,20.526426,20.475245,21.593061,23.402397,24.04031,23.67688,26.705341,22.978441,19.488,16.93869,16.606241,12.620767,13.475062,11.366898,13.8976965,12.333275,14.680708,12.909773,15.869055,14.821116,14.1467495,15.502198,10.540987,12.1615925,10.537323,13.139278
28,31.328445,27.698038,26.008617,22.317608,19.422749,20.617367,14.869317,16.26581,13.156819,14.175343,13.9345045,14.709026,13.232504,12.830238,8.243319,5.9931974,6.9862766,6.1206913,11.438629,10.71797,15.163273,17.038465,21.000824,14.699795,12.395832,10.604537,6.156213,4.4555655,0.0,4.831639,5.5248013,10.156651,12.947325,15.190114,11.372687,9.97563,14.272613,15.740495,12.910643,12.867731,17.667507,17.275185,14.963837,18.39634,21.164444,20.415337,20.778028,23.499096,26.067072,26.178595,23.36539,25.11782,28.248571,26.659351,24.473475,21.780088,17.997412,17.79031,22.66839,21.626896,15.229583,19.454565,19.143505,22.204025,18.938799,14.502205,16.153193,13.226101,10.463618,15.2233305,14.019656,10.049725,10.473643,15.370604,14.659958,18.84723,18.783234,19.171202,21.749708,21.643671,21.72422,24.864576,21.138876,17.472862,14.21089,15.141809,10.049522,12.564331,10.764594,13.752727,13.210972,15.211198,14.36927,17.838423,17.134315,15.929751,16.61184,11.771531,12.308828,9.370345,12.242231
29,35.53178,32.01012,29.98405,26.647118,23.558111,24.368584,18.865143,19.180382,16.195889,15.967391,15.088567,14.792196,12.292585,11.690175,7.3348107,8.053108,9.023573,10.2336445,14.109191,14.601897,18.732098,19.98134,24.340271,17.944942,15.095748,12.902431,9.314745,5.823961,4.831639,0.0,7.2723,7.9308248,12.06297,14.222341,11.81695,11.537884,15.479526,16.929937,15.473714,15.784507,19.922945,20.242268,18.63933,21.796772,24.176641,24.250818,25.00947,27.196163,29.793375,29.386047,26.61172,29.23718,31.853144,29.837801,28.041475,25.41111,21.657822,21.172739,25.640648,24.407322,18.038136,21.447615,20.239239,23.181007,20.195211,15.694191,16.231075,12.630822,11.918925,16.787806,14.177342,10.060564,12.667726,17.439035,17.63519,21.82731,22.423958,23.196918,26.09092,26.151323,26.468666,29.66113,25.923155,22.266462,18.83714,19.916615,14.540713,16.510601,13.7315,15.841886,14.217394,15.340887,13.690404,18.352026,18.438135,18.067598,19.611055,14.782526,16.465418,13.720339,17.01043
30,32.354836,29.05253,26.945427,23.036201,20.553429,20.447157,15.4719,15.521131,11.3863325,12.589328,10.8275175,12.336162,10.446984,11.604109,9.748707,6.166892,9.879379,9.130948,15.259664,14.887736,19.326345,21.707207,25.530455,19.505655,17.57779,15.775638,11.4116335,9.8065,5.5248013,7.2723,0.0,6.953461,8.613183,10.156756,6.0223103,4.768684,9.04267,10.332788,8.273116,8.667677,12.747264,13.262928,11.754832,14.730722,16.927368,17.634018,18.585451,20.208248,22.79279,22.168716,19.70244,22.743105,25.243662,23.25301,22.05095,20.213146,15.888995,16.566786,20.734259,18.290363,12.514087,16.949892,16.799107,19.003635,14.928677,10.811395,13.714707,11.221176,8.751994,14.324136,14.136738,11.077822,11.33352,17.020723,15.190023,20.133549,20.062967,19.326208,22.766861,21.456882,21.97815,24.947365,21.186323,17.681744,13.843259,16.5452,10.938512,15.288482,14.04039,17.041836,17.229723,18.633785,18.386322,22.363367,22.016794,20.59083,20.802286,16.3125,15.902581,12.232011,14.426171
31,39.0184,35.819565,33.41524,29.773226,27.162752,26.632328,21.965988,20.904541,16.964046,16.705318,13.827519,13.961562,10.357162,12.07038,11.709265,11.079613,14.444636,15.213041,20.392113,20.772686,25.1723,27.026558,31.154903,24.76985,22.325922,20.297167,16.092531,13.314432,10.156651,7.9308248,6.953461,0.0,7.264671,6.8850727,6.3347144,8.611132,11.099407,11.41982,12.409175,13.727924,15.912084,17.199438,17.231232,19.75773,20.848452,22.713764,24.602669,25.307161,27.58744,26.087337,23.604418,28.113798,29.483856,26.765797,26.279408,24.624598,20.599981,20.738462,23.978878,21.289116,16.017818,18.696434,17.107141,18.807055,15.351276,11.57104,12.5277195,9.344622,10.625804,15.873557,14.073464,11.552286,14.305787,19.720587,18.95263,23.890882,24.762194,24.510777,28.507057,27.438292,28.473114,31.592283,27.995972,24.453268,20.35322,23.16614,17.081413,20.60453,18.189342,20.201334,19.505232,19.72944,19.06279,24.308033,24.967846,24.312378,25.348913,20.865154,21.6813,18.030567,21.149172
32,36.177486,33.566437,30.357687,27.299337,24.824482,22.940695,19.536058,16.622229,13.0351515,11.737606,7.9226756,8.019483,4.8033338,8.145875,11.23817,10.079721,14.125407,15.52349,20.18929,21.869513,25.850615,28.091412,32.658257,27.030947,24.771885,22.146574,18.913198,16.105997,12.947325,12.06297,8.613183,7.264671,0.0,5.5501018,7.17897,6.528795,6.7137136,10.038849,11.637949,11.233938,12.686362,16.72982,16.201525,16.826029,18.56786,22.1771,22.572975,22.376957,25.575247,23.729183,22.84624,27.127026,29.082012,26.766531,27.170628,26.506205,21.909845,23.46158,26.617592,22.505808,18.356503,22.182829,21.653885,22.48486,17.835695,14.965754,17.933424,15.575786,15.442182,20.961027,20.457424,17.878187,19.289894,25.0269,23.163902,28.288961,28.304195,26.985508,30.63656,28.42749,28.786503,31.135605,27.058985,24.220436,20.782324,24.12557,19.1161,23.865131,22.563349,25.343964,25.028873,25.939863,25.14084,29.871822,29.803991,28.751463,29.25348,24.585579,24.200434,20.700203,21.850773
33,39.64454,36.91295,34.124737,30.525688,28.412119,26.663914,23.167747,20.941387,16.787779,16.573704,12.562634,13.409696,10.31812,13.572114,15.789,14.09751,18.315136,18.805164,24.32676,24.910841,29.221664,31.583946,35.642048,29.638193,27.551794,25.447237,21.3224,18.93268,15.190114,14.222341,10.156756,6.8850727,5.5501018,0.0,5.342935,8.047961,7.416282,7.3360195,10.88539,12.180424,11.999356,15.127205,16.16858,17.24841,17.45151,21.296526,23.271313,22.522053,24.807888,22.415815,20.969442,26.513859,27.237701,24.326754,25.216408,24.803108,20.54329,21.831694,24.064497,19.728544,16.294958,18.959696,18.025427,18.173433,13.791169,11.692066,14.335378,12.709327,13.710359,18.59285,18.415152,16.910912,18.45106,23.977427,22.051805,27.23699,27.720493,26.306078,30.622377,28.350182,29.494799,32.135677,28.584356,25.551983,21.55704,25.461336,19.842083,24.550568,23.02899,25.379269,25.443192,25.746714,25.570053,30.577036,31.03393,29.952154,30.376038,26.064678,25.819788,21.931602,23.967894
34,36.023273,33.009922,30.749025,26.706074,24.70566,23.65451,19.591814,18.65344,14.111294,15.212737,11.941434,13.7711525,11.318879,13.964414,14.362907,11.293285,15.499454,14.885223,21.060642,20.646502,25.071312,27.61885,31.209604,25.207449,23.44485,21.787334,17.226732,15.615769,11.372687,11.81695,6.0223103,6.3347144,7.17897,5.342935,0.0,4.5844564,6.262536,5.294872,6.4903345,8.474244,9.83296,11.155829,11.730907,13.989757,14.572527,17.008057,19.238827,19.380642,21.46381,19.778812,17.49731,22.388222,23.55977,20.88438,20.930374,20.0268,15.695802,16.846457,19.664227,15.901262,11.509755,15.005737,14.633893,15.585567,10.957355,7.8232803,11.489049,9.942286,9.121343,14.287002,14.822245,13.184269,13.693596,19.308918,17.002722,22.211527,22.477964,21.054514,25.304922,23.221378,24.433819,27.297583,23.897089,20.631,16.45035,20.30993,14.573928,19.381193,18.19123,20.764397,21.33842,22.008152,22.259169,26.709446,26.885822,25.465076,25.530796,21.422686,20.83999,16.86967,19.084948
35,31.841913,28.961002,26.415718,22.611406,20.512447,19.207619,15.321932,14.069997,9.540591,10.843362,7.9850774,10.449048,9.12452,11.4439745,11.964518,7.956719,12.342098,11.7429285,17.692345,17.831457,21.991732,24.72617,28.547705,23.028093,21.38303,19.43085,15.534481,14.055746,9.97563,11.537884,4.768684,8.611132,6.528795,8.047961,4.5844564,0.0,4.3269486,6.9292064,5.7204323,5.341741,8.551794,11.064385,9.891406,11.486649,13.587868,16.014135,16.620848,17.144464,20.092525,18.901146,17.386377,21.021832,23.373335,21.373993,21.17779,20.359566,15.6786375,17.50621,21.002413,17.170465,12.740136,17.474134,17.882107,19.083866,14.182216,11.090206,15.285867,13.570562,11.324145,16.662819,17.475681,15.109094,14.828022,20.50529,17.826391,22.90927,22.469568,20.72623,24.31275,21.908295,22.356386,24.824036,20.95233,17.972195,14.35832,18.050083,13.176018,18.485626,18.002783,21.159214,21.773577,23.146975,23.10158,27.007215,26.533155,24.876732,24.664677,20.374296,19.110388,15.441242,16.33072
36,32.898052,30.436863,27.558485,23.97561,22.257002,19.955635,17.231758,14.854737,10.552416,11.498133,7.762632,10.57995,9.738164,12.843604,15.069751,11.454297,15.837833,15.488277,21.079678,21.575302,25.512785,28.39048,32.202934,26.988335,25.468084,23.425922,19.768454,18.24225,14.272613,15.479526,9.04267,11.099407,6.7137136,7.416282,6.262536,4.3269486,0.0,5.3948336,6.5341225,5.783783,6.0015664,10.935313,10.629708,10.468475,11.935719,16.226616,16.702047,15.880999,18.984583,17.046843,16.596992,20.942398,22.843964,20.766415,21.634857,21.740328,17.04791,19.575035,22.275652,17.375235,14.458711,18.88195,19.53793,19.80645,14.532001,12.634811,17.282381,16.147036,14.453417,19.40791,20.700201,18.825663,18.47462,24.062283,20.999197,26.096294,25.536308,23.184265,26.89034,23.75497,24.235504,26.26567,22.476105,20.015102,16.699268,20.924152,16.588774,22.220312,22.040493,25.175346,25.97034,27.20741,27.266726,31.26691,30.824331,29.09545,28.703794,24.544401,22.930786,19.29274,19.562105
37,35.843796,33.16805,30.930899,26.770756,25.404932,23.647215,20.595064,19.374315,14.796675,16.574438,13.07528,15.747944,14.181833,17.30376,18.62374,14.859969,19.197937,18.036823,24.333101,23.637747,27.865444,30.789682,33.99699,28.43212,27.119738,25.66422,21.171219,20.11832,15.740495,16.929937,10.332788,11.41982,10.038849,7.3360195,5.294872,6.9292064,5.3948336,0.0,5.179828,7.5210896,5.7865143,8.069544,10.020839,11.068895,10.335134,14.333149,16.99501,15.895883,17.639252,15.281519,13.655003,19.44707,19.95718,17.177946,18.370365,18.645372,14.338969,16.560171,18.322699,13.165961,11.001504,14.409222,15.033613,14.699038,9.381408,8.455652,13.378952,13.285759,11.993718,16.057402,18.052954,17.264,16.659975,21.884293,18.651806,23.728828,23.599918,21.157887,25.550114,22.470243,23.880342,26.317911,23.243372,20.506296,16.574186,21.237951,16.306444,21.711567,21.38224,24.07518,25.342665,26.086327,26.815872,30.873224,30.869987,29.077286,28.557734,24.858824,23.408089,19.460615,20.779886
38,31.453875,28.547756,26.719013,22.254929,20.967125,19.865044,16.376793,16.403635,11.751564,14.725684,12.345363,15.553747,14.710787,17.088451,17.078114,12.369674,16.29069,14.1675625,20.645914,19.248014,23.362738,26.457928,29.296318,24.00698,23.063347,21.939089,17.509604,17.26767,12.910643,15.473714,8.273116,12.409175,11.637949,10.88539,6.4903345,5.7204323,6.5341225,5.179828,0.0,3.8842747,5.6767445,5.365081,5.3611717,8.02942,8.826195,10.728751,12.899965,13.192486,15.189435,14.060898,11.7904625,15.990077,17.761396,15.669865,15.601356,15.267529,10.577626,13.0847845,15.961519,11.637974,8.186378,13.244227,14.724721,15.4617,10.390767,8.410871,13.768669,13.501504,10.181111,14.253127,16.821196,15.610848,13.762722,18.885693,15.185594,20.141697,19.450623,16.843,20.854881,17.806133,18.927513,21.470642,18.293558,15.385391,11.433352,16.091984,11.52759,17.23958,17.597916,20.673769,22.345827,23.66494,24.554508,27.85859,27.361351,25.232761,24.299242,20.787317,18.739021,14.933496,15.773926
39,28.394358,25.695005,23.436914,19.277584,17.914331,16.289497,13.233832,12.68414,8.100784,11.36959,9.480588,13.0831175,13.198381,15.30832,15.697999,10.71568,14.516502,12.618953,18.5874,17.912462,21.688763,24.899014,28.035782,23.23509,22.326883,20.859858,17.175282,16.860014,12.867731,15.784507,8.667677,13.727924,11.233938,12.180424,8.474244,5.341741,5.783783,7.5210896,3.8842747,0.0,5.4061027,7.6371555,5.3440084,6.2240663,9.11,11.489781,11.422364,11.866553,15.024449,14.256923,13.24947,16.09146,19.0074,17.601362,17.529043,17.382154,12.610619,15.562373,18.846113,14.572638,11.417262,16.855711,18.488327,19.329853,14.239681,12.181187,17.356321,16.611216,13.10698,17.480883,19.735516,17.892355,16.023062,21.183594,17.492796,22.256622,21.060823,18.302662,21.582188,18.236786,18.485025,20.50202,16.756128,14.279893,11.130943,15.528216,12.020927,17.96503,18.761068,22.205639,23.684246,25.442528,25.939913,28.994343,28.050524,25.849709,24.81558,21.104708,18.601799,15.1803055,14.643789
