,0,1,2,3,4,5,6,7,8,9,10,11,12,13,14,15,16,17,18,19,20,21,22,23,24,25,26,27,28,29,30,31,32,33,34,35,36,37,38,39,40,41,42,43,44,45,46,47,48,49,50,51,52,53,54,55,56,57,58,59,60,61,62,63,64,65,66,67,68,69,70,71,72,73,74,75,76,77,78,79,80,81,82,83,84,85,86,87,88,89,90,91,92,93,94,95,96,97,98,99,100,101,102,103,104,105,106,107,108,109,110,111,112
0,0.0,4.250441,5.727748,8.731186,11.205175,14.714471,16.47592,13.315985,16.373661,16.008226,18.42889,23.000008,19.483156,16.002481,14.520071,12.237141,9.649654,11.191017,7.862809,12.682918,11.87719,15.244193,15.335161,17.071684,20.094248,18.607485,20.845428,20.183727,16.743805,20.937643,18.243677,22.704882,24.803234,24.866568,27.457623,27.646652,29.93485,30.851938,25.192879,23.632471,21.881361,18.84728,19.246675,15.680436,20.230434,16.188782,22.010473,22.836712,26.447891,29.27067,32.560135,36.054417,35.491077,38.40897,39.140892,39.876286,38.24144,37.06986,32.286304,34.009052,30.49973,31.92471,32.714314,31.261448,35.693188,32.84623,35.73647,34.94884,31.731989,30.602442,27.763025,30.977846,29.352533,28.693542,32.464214,31.750477,36.61973,35.42302,38.8465,39.36668,34.837166,38.539467,39.930622,36.82439,34.24935,32.504192,29.597782,28.887049,26.681913,25.007072,27.722227,26.400524,29.076292,33.922108,33.841904,38.280956,36.27139,35.497612,32.4021,29.794672,26.084187,24.382954,21.629745,18.313002,16.130236,14.066431,13.352806,15.293361,15.369995,16.637589,19.37295,20.032818,24.141584
1,4.250441,0.0,5.264758,5.4034734,8.478244,12.37596,13.519462,9.5711975,12.237231,12.010297,14.248079,19.06732,15.876113,12.166214,11.621665,9.281134,8.165526,9.850096,9.354652,13.37542,14.040003,17.408895,17.998238,18.822172,21.507296,19.566656,21.232258,19.781494,15.646667,19.394625,15.685312,19.625313,21.174473,21.341394,23.590322,23.799664,25.857761,26.62961,21.006506,19.560846,17.949224,15.087073,16.18677,13.059321,18.205746,15.026775,21.037714,22.870398,26.383743,28.69181,32.355312,35.29582,34.433174,37.781097,37.909058,38.56671,36.56009,35.357853,30.716852,31.898155,28.894241,29.476597,30.744709,29.136225,33.587566,31.465788,33.900772,33.547295,30.494226,28.958687,26.077694,28.654823,26.624367,25.804897,29.268476,28.38429,33.132065,31.716068,35.221146,35.99507,31.403797,34.896896,36.590305,33.744507,31.333405,29.632551,27.09436,26.244373,24.820175,23.216068,26.282413,25.339098,28.233238,32.96884,33.042473,37.49452,35.63379,35.05515,31.771671,29.300533,25.512627,23.584538,21.626501,17.476723,16.421911,15.062086,13.472647,14.563967,13.923857,14.31818,16.54895,16.571026,20.82115
2,5.727748,5.264758,0.0,6.1428733,6.2263684,9.60422,11.506255,9.784712,13.57997,14.51153,17.373957,22.540611,20.103289,16.218761,16.274446,13.112072,12.115323,12.0138235,11.049088,13.742313,12.983721,16.74374,16.19208,16.422182,19.417873,17.12694,20.108425,18.486832,15.418787,18.481077,16.585562,19.119282,22.133348,20.71818,24.090466,23.59889,26.571568,28.19527,22.231506,21.213066,18.365492,16.449389,15.485025,12.628011,16.520672,13.125152,19.17863,20.227919,24.398766,26.370424,29.96389,33.352097,32.05695,34.899254,35.507404,36.622395,34.76118,34.138397,29.700909,31.363934,28.772598,30.043633,31.832745,30.913788,35.68908,33.853764,36.781994,36.616753,33.49572,32.14928,28.603287,31.525528,29.72105,28.157946,32.115593,30.416012,35.33542,33.51678,36.67844,37.151558,32.171963,35.398468,36.519085,33.69509,30.964832,29.716372,26.527052,26.928484,25.253704,24.39423,27.67076,27.135212,30.272852,34.94558,34.320667,38.71696,36.322594,35.27785,31.771189,29.862873,25.631275,24.777088,21.782877,18.924171,17.985397,16.584305,16.375135,17.360859,18.17511,17.493317,20.441185,19.909197,24.366482
3,8.731186,5.4034734,6.1428733,0.0,4.87409,7.788921,8.817683,4.934843,8.519545,8.5414095,12.229418,16.828285,14.8280115,11.056179,11.669395,8.069108,8.903072,8.34249,10.959991,12.584136,14.316926,17.604515,18.387266,17.77933,19.95704,17.458042,18.76745,16.374756,12.101893,14.919385,11.27955,14.271183,16.36476,16.202566,18.805986,19.172894,21.570103,23.035492,17.315842,15.487436,13.355882,10.497315,10.792088,7.892076,13.130485,10.819559,16.79275,19.474104,22.92692,24.573925,28.538885,31.017513,29.813244,33.434566,33.128586,33.8005,31.565283,30.494785,26.055592,27.00602,24.611162,24.89946,26.86747,25.655317,30.365765,29.178785,31.634195,31.887445,28.967226,27.251879,23.692108,26.01322,23.945887,22.278429,26.059994,24.3583,29.232105,27.494825,30.758533,31.355707,26.530405,29.952036,31.399445,28.572361,26.087658,24.569313,21.948908,21.609667,20.64922,19.627722,23.156338,22.949228,26.23736,30.736494,30.410885,34.79374,32.729748,32.06652,28.485495,26.540773,22.45285,21.037228,19.345037,15.2838,15.745867,15.319256,14.065969,13.926408,14.350921,12.355533,15.01158,13.954248,18.457977
4,11.205175,8.478244,6.2263684,4.87409,0.0,4.512349,5.4202733,4.765897,8.814707,11.019716,14.073622,19.324429,18.214684,14.355097,16.076553,12.694894,13.756096,12.770624,14.850762,15.954364,16.681145,20.209068,20.094034,18.914011,21.249825,18.33651,20.68273,17.841606,14.510753,16.055819,13.795993,14.01701,17.148973,14.713518,18.350664,17.475594,20.748018,22.851437,16.822926,16.207035,12.598038,11.914265,10.372517,9.0141735,12.762005,11.348824,17.183538,19.570335,23.621933,24.487524,28.5675,31.142937,29.175219,32.47635,32.26381,33.440315,31.056063,30.683748,26.683193,27.671171,26.221233,26.492086,29.318007,28.611828,33.483402,32.94476,35.432034,36.011375,33.167732,31.404503,27.514294,29.61687,27.447327,25.176691,28.902418,26.40637,31.157257,28.776964,31.76639,32.401474,27.140188,29.857183,31.06391,28.673208,26.040726,25.167685,22.248655,23.22381,22.74224,22.503155,26.300352,26.590027,30.05993,34.395966,33.6349,37.91804,35.52301,34.566044,30.750925,29.39795,24.988655,24.397495,22.228317,19.018522,19.750412,19.30787,18.664299,18.483162,19.196407,16.712374,19.20111,17.363752,21.863852
5,14.714471,12.37596,9.60422,7.788921,4.512349,0.0,3.200145,6.457206,10.245113,12.322597,16.151026,20.621641,20.307566,16.789793,18.559277,14.729745,16.094915,13.8647,16.777836,16.269936,17.204983,20.426067,20.234777,17.987179,19.818619,16.594446,18.916212,15.518468,13.036769,13.2168865,12.550618,11.060329,15.557023,12.177805,16.680645,15.832198,19.701813,22.684826,16.906263,15.96169,11.75781,11.539144,7.631482,7.2263207,9.068675,8.779762,13.894857,16.537373,20.593773,20.775803,24.964352,27.331957,25.006384,28.293352,27.970297,29.309057,26.88793,26.839415,23.12067,24.221611,23.357576,23.885044,27.22387,27.134483,32.146416,32.1807,34.89773,35.818577,33.070957,31.401434,26.990528,29.139256,27.24487,24.27974,28.38223,25.170923,29.97245,27.408743,29.951925,30.184559,24.768297,27.399134,27.997875,25.525293,22.682024,22.152624,18.823435,20.816202,20.410307,20.928925,24.862421,25.718796,29.355316,33.400738,32.12312,36.233692,33.544968,32.36392,28.383987,27.636074,23.04623,23.273615,20.961338,18.61023,20.11251,20.168093,20.14692,19.43001,21.155706,17.54306,20.4476,18.226141,22.550604
6,16.47592,13.519462,11.506255,8.817683,5.4202733,3.200145,0.0,5.5493903,8.282357,11.2382555,14.428783,18.9952,19.282377,15.8936405,18.509535,15.105552,17.214724,15.382913,18.93352,18.685406,20.074831,23.271845,23.29916,21.086206,22.79059,19.559322,21.434397,17.78574,14.939001,14.661356,13.049567,10.131447,13.947901,9.825513,14.2416115,12.906374,16.825468,19.82356,14.025508,13.711365,9.077539,10.197516,6.918384,8.088298,10.151378,11.152023,15.816745,19.062117,22.837234,22.58376,26.914724,28.757084,26.153585,29.703033,28.832531,30.12541,27.354654,27.357227,23.935064,24.41326,24.18056,23.786793,27.58178,27.335514,32.233006,32.84723,35.10185,36.311962,33.739113,31.790825,27.540184,29.05387,26.81112,23.765541,27.390087,23.984474,28.53006,25.628279,28.21625,28.788176,23.26506,25.442318,26.417013,24.401632,21.785131,21.444088,18.639093,20.583086,21.106869,21.682077,25.759869,26.837694,30.496534,34.396194,33.326015,37.380585,34.889126,33.90223,29.891428,29.212122,24.742855,24.70973,23.059395,20.177624,22.108826,22.351719,21.79728,20.822622,21.884651,18.034096,20.26034,17.463848,21.667292
7,13.315985,9.5711975,9.784712,4.934843,4.765897,6.457206,5.5493903,0.0,4.3599,6.496559,9.809531,14.718847,14.156794,10.541874,13.115479,10.072476,12.581017,11.769188,15.700452,16.521452,18.676394,21.846363,22.598703,21.259016,23.092386,20.236397,21.28613,18.085783,13.906797,15.1669855,11.117859,11.3274145,13.04852,11.860459,14.46602,14.344569,16.890526,18.638601,12.7521515,11.592868,8.670429,7.4630585,7.962935,7.312823,12.151984,11.953217,17.327549,20.888927,24.237213,24.905598,29.18557,30.98224,29.149687,33.066647,32.07575,32.837757,30.12463,29.331045,25.386637,25.619448,24.393993,23.572435,26.53936,25.452589,30.14574,30.159857,32.076267,32.972664,30.35469,28.250565,24.581043,25.966606,23.454203,21.227077,24.533354,22.123993,26.731102,24.36264,27.54991,28.46621,23.351212,26.144835,27.860476,25.594501,23.286892,22.16478,19.98156,20.1232,20.512781,20.05433,23.966074,24.458735,27.925907,32.06828,31.700193,35.932552,33.925076,33.35704,29.578293,28.119837,23.99106,22.795427,21.828306,17.652412,19.279829,19.421576,17.911959,17.031605,17.018764,13.823131,15.553826,13.097594,17.515537
8,16.373661,12.237231,13.57997,8.519545,8.814707,10.245113,8.282357,4.3599,0.0,4.684679,6.16058,11.245293,11.618787,8.484949,12.511072,10.688072,14.212264,14.094325,18.682777,19.69567,22.442032,25.433838,26.556248,25.273289,26.90023,24.10493,24.503378,21.158995,16.656849,17.530487,12.317853,11.749187,11.340073,10.969052,12.041827,12.099939,13.651504,14.671144,8.872913,8.172696,6.230331,6.086434,9.300042,9.935284,14.650942,15.441006,20.231848,24.385311,27.308352,27.679407,32.05269,33.224922,31.324572,35.592564,33.974503,34.510513,31.473814,30.508297,26.84606,26.28783,25.569588,23.524164,26.73559,25.246262,29.604021,30.270903,31.421398,32.642345,30.321281,27.833218,24.627052,25.023146,21.996353,19.969774,22.368666,20.092297,24.248993,21.670557,25.094624,26.567303,21.620962,24.019304,26.454655,24.702301,22.86862,21.73025,20.486868,19.977127,21.484339,20.87394,24.771574,25.426363,28.779066,32.66762,32.7349,36.854034,35.246243,35.029316,31.332222,29.833103,26.034136,24.339447,24.375584,19.543879,21.66084,22.088747,19.845434,18.601847,17.472778,14.189353,14.520261,11.2745695,15.311028
9,16.008226,12.010297,14.51153,8.5414095,11.019716,12.322597,11.2382555,6.496559,4.684679,0.0,5.4453645,8.589138,8.203264,5.455759,8.707121,6.9701767,11.136027,11.095325,16.533403,17.290518,20.92265,23.467142,25.300236,24.209469,25.505735,23.05341,22.449314,19.423222,14.408413,15.939602,9.484894,11.711807,10.214213,12.811917,12.856635,14.64798,15.274118,15.776228,10.983073,7.919392,8.498067,4.411175,9.718122,9.09054,14.4741335,14.778101,19.236052,23.640776,25.928564,26.841843,31.065447,32.060467,30.860788,35.38126,33.68685,33.745514,30.895508,29.279297,25.273647,24.667976,23.11442,21.029396,23.428331,21.47909,25.695534,25.947973,27.029522,28.084452,25.752752,23.245535,20.260464,20.722275,17.760525,16.19693,18.79531,17.276247,21.68934,19.903788,23.55139,24.82296,20.397753,23.704985,26.173412,23.844543,22.13837,20.31652,19.36247,17.503572,18.647875,17.36583,21.015493,21.381456,24.57509,28.481457,28.913017,33.05639,31.76371,31.832937,28.365932,26.455368,23.039429,20.669712,21.426361,15.969964,18.311346,19.067362,16.352118,14.723035,13.341536,9.753894,9.874358,6.8307557,11.154397
10,18.42889,14.248079,17.373957,12.229418,14.073622,16.151026,14.428783,9.809531,6.16058,5.4453645,0.0,6.353881,6.5246425,4.616892,9.803098,10.358187,14.328699,15.624563,20.268064,22.02657,25.396692,28.07451,29.823805,29.150515,30.676207,28.247189,27.804781,24.860992,19.810097,21.311403,14.762313,15.893157,13.02333,15.245145,14.071968,15.193172,14.668135,13.578667,9.396653,8.311362,9.981153,8.615561,14.215332,14.338928,19.510126,20.034954,24.594402,28.982899,31.362524,32.131317,36.405552,37.21948,35.81711,40.396473,38.43914,38.51393,35.43592,33.889786,30.165867,29.065111,27.958239,25.027239,27.507463,25.128208,28.810825,29.37418,29.587065,30.711504,28.6722,25.850367,23.758228,23.226082,19.69326,18.88576,19.972363,19.073421,22.596088,20.605997,24.531946,26.60439,22.499142,24.98911,28.284235,26.728754,25.50277,23.871042,23.65441,21.539507,23.463953,22.021418,25.452341,25.684616,28.592379,32.328304,33.27267,37.310863,36.39793,36.724606,33.385963,31.348597,28.196783,25.437672,26.59534,20.818562,22.818579,23.328014,20.017328,18.71622,15.739079,13.595978,11.846517,8.79911,11.9271345
11,23.000008,19.06732,22.540611,16.828285,19.324429,20.621641,18.9952,14.718847,11.245293,8.589138,6.353881,0.0,5.0123744,7.1842804,10.69029,12.279378,16.49949,17.51825,23.012634,23.9711,28.264791,30.330471,32.776325,31.91933,32.85304,30.68801,29.013483,26.166145,21.111624,22.25743,15.232746,17.02607,12.140126,17.055622,14.039066,16.894783,14.771381,12.719524,11.146869,8.202015,12.579837,10.162227,16.55339,16.860794,21.51526,22.58956,26.066673,30.979155,32.429386,33.153423,37.271076,37.280407,36.366985,41.342556,38.777107,38.259666,35.14177,32.995735,29.500492,27.664272,26.577806,22.562576,24.535866,21.597542,24.514036,25.741318,24.962894,26.485693,24.971895,21.81064,20.48462,18.645338,14.7440605,14.643403,14.411375,14.552579,17.425365,16.212893,20.363329,22.676445,19.615784,22.455353,26.196991,24.655716,24.086811,21.997057,22.936531,19.385256,22.0618,20.271097,23.185486,23.558651,26.060314,29.184711,30.710493,34.413475,34.147114,35.006298,32.029514,29.914202,27.52998,24.195663,26.782228,20.716236,23.458742,24.622347,20.939413,18.91695,15.596342,13.0329485,9.546928,6.2863684,6.9451647
12,19.483156,15.876113,20.103289,14.8280115,18.214684,20.307566,19.282377,14.156794,11.618787,8.203264,6.5246425,5.0123744,0.0,4.0091643,6.1847367,9.011991,12.676106,14.730053,19.401623,21.22164,25.325245,27.354837,29.894169,29.710827,30.902971,29.022959,27.502821,25.225618,19.9238,22.222565,15.050473,18.812756,15.131726,19.722319,17.802784,20.309902,19.018545,17.311502,14.657258,11.79782,15.028764,11.4162245,17.55527,16.581812,21.969023,21.828821,25.91444,30.288551,31.91748,33.38328,37.35573,38.005314,37.47917,42.24067,40.272453,39.79156,37.004402,34.712845,30.68595,29.547575,27.399874,24.466852,25.553993,22.388332,25.42997,25.189196,24.927496,25.620369,23.7015,20.816761,19.785027,19.014557,15.517152,16.241978,16.838148,17.778036,21.123087,20.50484,24.624104,26.521334,23.443233,26.826601,30.176855,28.07871,27.123972,24.761864,24.99205,21.268332,22.641546,20.228086,22.888735,22.459593,24.791824,28.418863,30.148602,34.094883,33.81437,34.62015,31.783735,29.11685,26.746408,22.984556,25.143782,18.788828,20.57985,21.317726,17.256681,15.789847,11.511991,10.652793,7.049957,5.954617,7.6823344
13,16.002481,12.166214,16.218761,11.056179,14.355097,16.789793,15.8936405,10.541874,8.484949,5.455759,4.616892,7.1842804,4.0091643,0.0,5.1986465,6.635951,10.407009,12.434063,16.820053,18.951405,22.566023,24.97408,27.103746,26.91763,28.417242,26.356499,25.543558,23.163351,17.875166,20.35836,13.50639,17.051182,14.590457,17.910614,17.076324,18.880392,18.54859,17.609493,13.664957,11.251561,13.093571,9.581727,15.139922,13.89312,19.569708,19.071535,23.74234,27.824486,29.974108,31.452179,35.508873,36.623108,35.827675,40.35409,38.753735,38.609276,35.869755,33.923603,29.75572,29.082754,26.934458,24.694492,26.18335,23.484463,27.111921,26.622025,27.124348,27.692421,25.428053,22.805473,20.994091,21.115175,17.899908,17.821577,19.405104,19.411947,23.291994,22.143162,26.136272,27.805233,24.048773,27.364109,30.356459,28.1451,26.766682,24.645224,24.15116,21.305029,22.22016,20.115322,23.176605,22.792019,25.47809,29.467104,30.6765,34.826286,34.0546,34.47712,31.373398,28.841648,25.933249,22.657408,23.863718,17.765446,19.221478,19.611496,15.921864,14.82424,11.256225,10.13714,8.369122,6.899696,10.348067
14,14.520071,11.621665,16.274446,11.669395,16.076553,18.559277,18.509535,13.115479,12.511072,8.707121,9.803098,10.69029,6.1847367,5.1986465,0.0,4.4358454,6.799039,9.806264,13.536767,15.9883175,19.863352,21.790619,24.410963,24.808523,26.19329,24.658146,23.353407,21.770304,16.48388,20.000872,13.3985615,19.181358,17.305935,21.372974,20.870642,23.183979,23.044235,22.31706,18.536736,15.331668,17.152683,12.38563,17.213745,14.711946,20.425442,18.836065,23.340174,26.929834,28.714714,30.980934,34.693336,36.120514,36.031822,40.426025,39.241558,38.852592,36.539238,34.191284,29.625591,29.463402,26.189388,24.862236,25.151373,22.202599,25.671766,23.843092,24.787485,24.613611,22.066137,19.821785,18.380323,19.455532,16.89271,17.634739,19.79323,20.697556,24.81132,24.526346,28.430828,29.606205,26.281837,30.324865,32.92258,30.081362,28.567482,26.014349,25.223385,21.739271,21.412287,18.608027,21.055046,19.868439,22.193733,26.446186,27.933947,32.157578,31.54869,32.068497,29.308954,26.222712,23.697496,19.866467,21.095404,14.81655,15.424139,15.665278,11.486803,10.732128,6.2246823,7.3341966,6.148683,7.739534,10.667747
15,12.237141,9.281134,13.112072,8.069108,12.694894,14.729745,15.105552,10.072476,10.688072,6.9701767,10.358187,12.279378,9.011991,6.635951,4.4358454,0.0,4.439301,5.896083,10.734677,12.392597,16.321602,18.465864,20.88855,20.81476,22.200224,20.451782,19.445011,17.633762,12.355271,15.969088,9.8293295,15.944834,15.38387,18.766832,19.23412,21.39147,22.101198,22.361517,17.89674,14.440673,15.188713,10.028973,13.669282,10.607072,16.31745,14.424147,19.109621,22.594856,24.61655,26.843283,30.598806,32.286926,32.068974,36.307743,35.377045,35.182003,32.97299,30.847141,26.175451,26.455547,23.145578,22.556831,23.211943,20.884562,24.972614,23.232319,25.019827,25.004179,22.204082,20.234978,17.638285,19.56349,17.397007,17.047998,20.326708,20.203537,24.866405,24.239437,27.87578,28.609043,24.800148,28.991522,31.022463,27.896338,25.99302,23.583382,22.109009,19.37302,18.49888,16.104641,18.98881,18.115746,20.929258,25.384193,26.145752,30.502836,29.34023,29.46264,26.405987,23.615555,20.54105,17.36884,17.767078,11.830347,12.71549,13.043271,9.701827,8.691787,6.975462,5.5502186,7.370984,8.000708,11.960234
16,9.649654,8.165526,12.115323,8.903072,13.756096,16.094915,17.214724,12.581017,14.212264,11.136027,14.328699,16.49949,12.676106,10.407009,6.799039,4.439301,0.0,4.608462,6.762535,9.743748,13.147672,15.166953,17.666815,18.442095,20.086061,18.811846,18.119967,17.234665,12.414297,17.002886,12.18656,18.999992,19.333435,22.273281,23.313847,25.25117,26.331305,26.730793,22.059038,18.77968,19.03281,13.993082,16.45621,12.603636,17.936398,14.7635145,19.573736,22.073002,24.18604,27.132998,30.535633,32.85955,33.040813,36.88719,36.604076,36.46184,34.666904,32.517212,27.583555,28.549025,24.482622,25.02581,24.958641,22.772934,26.80387,23.901518,26.31908,25.606735,22.514996,21.119902,18.672071,21.607233,20.067589,20.072433,23.697014,23.886623,28.634468,28.300697,31.827614,32.265778,28.54906,32.959286,34.65084,31.216124,29.099686,26.630083,24.653837,22.094093,20.074057,17.459925,19.828176,18.256021,20.77666,25.524656,26.203327,30.627647,29.333849,29.275486,26.446596,23.304485,20.312836,17.161892,16.591986,11.216796,10.24844,9.678513,6.342794,6.922793,6.0875025,7.478501,10.265743,12.084774,15.597261
17,11.191017,9.850096,12.0138235,8.34249,12.770624,13.8647,15.382913,11.769188,14.094325,11.095325,15.624563,17.51825,14.730053,12.434063,9.806264,5.896083,4.608462,0.0,6.7321343,6.5576963,10.938189,12.821057,15.442189,15.178002,16.402733,14.90622,13.874097,12.668742,7.812186,12.541501,8.694837,15.935766,17.289024,20.059126,21.644083,23.790236,25.338333,26.525414,21.79213,18.060957,17.817747,12.537729,13.586625,9.30513,13.982852,10.614065,15.04014,17.672596,19.64843,22.5404,25.952658,28.2683,28.493395,32.321056,32.098873,31.962265,30.294962,28.194576,23.20946,24.50904,20.35361,21.568527,21.685467,20.120932,24.570171,21.9882,25.042257,24.655842,21.499165,20.310265,16.82285,20.322628,19.227493,18.31622,22.781693,22.20172,27.25608,26.831245,29.993887,29.9386,26.07581,30.685207,31.790422,28.049839,25.694569,23.281565,20.832226,18.771774,16.1695,13.977245,16.634003,15.529863,18.504038,23.223476,23.196468,27.649862,25.901817,25.542503,22.456089,19.674479,16.236923,13.774759,12.645203,7.667915,7.7602725,8.04438,6.4978504,5.7474623,8.512865,6.6824155,11.103328,12.235259,15.888962
18,7.862809,9.354652,11.049088,10.959991,14.850762,16.777836,18.93352,15.700452,18.682777,16.533403,20.268064,23.012634,19.401623,16.820053,13.536767,10.734677,6.762535,6.7321343,0.0,5.9264593,7.0244274,9.202401,11.292679,13.098622,15.235836,14.559666,15.035502,15.397303,12.154698,17.247126,15.13254,21.76439,23.774334,25.587782,27.756758,29.253036,31.186447,32.28893,27.160652,24.082947,23.265106,18.616829,18.970257,14.540319,18.581865,13.926652,18.529371,19.25837,21.718103,25.407295,28.247381,31.592424,32.08141,35.144333,35.91926,36.060577,34.885746,33.029102,27.945791,30.00868,25.374842,27.66429,27.22974,25.814846,30.029522,26.263542,29.764576,28.55794,25.196724,24.629152,21.708252,25.855186,25.112879,24.72039,29.093937,28.872372,33.88264,33.537094,36.726,36.619568,32.724697,37.26478,38.20553,34.399673,31.854494,29.579617,26.66749,25.098381,21.708813,19.53287,21.493345,19.629778,21.992706,26.863453,26.757889,31.142408,29.237646,28.56883,25.86623,22.819277,19.603132,17.566433,14.78252,11.797598,8.536467,6.2128253,6.4772825,8.8696375,11.2509775,12.602114,16.465405,18.279839,21.810156
19,12.682918,13.37542,13.742313,12.584136,15.954364,16.269936,18.685406,16.521452,19.69567,17.290518,22.02657,23.9711,21.22164,18.951405,15.9883175,12.392597,9.743748,6.5576963,5.9264593,0.0,5.5093946,6.4416795,9.540271,9.490533,10.547655,9.948135,9.197777,9.90176,7.611793,12.685244,12.483267,19.325567,22.067923,24.117083,26.51625,28.491333,30.634586,32.39234,27.52629,23.817118,22.922108,18.006454,17.135971,12.6480465,15.21565,10.442075,13.641725,14.235333,16.053886,20.00541,22.642056,25.914417,26.800934,29.852222,30.691357,30.647015,29.775194,27.789986,22.669004,25.176863,20.196941,23.452639,22.805452,22.09003,26.496996,22.912888,27.097273,26.166565,22.80982,22.580196,18.765556,23.514757,23.429615,22.33789,27.41797,26.674356,31.822521,31.638687,34.35658,33.636093,29.907244,34.72955,34.989403,30.798708,28.116962,25.82287,22.556198,21.310753,17.0584,15.312859,17.1185,15.632596,18.264938,22.963053,22.079557,26.40688,24.054392,23.078474,20.24418,17.51408,14.0086355,12.863659,9.108565,7.7234235,5.15053,4.4563246,7.391096,7.997478,13.031267,12.113174,16.893013,18.400265,21.679193
20,11.87719,14.040003,12.983721,14.316926,16.681145,17.204983,20.074831,18.676394,22.442032,20.92265,25.396692,28.264791,25.325245,22.566023,19.863352,16.321602,13.147672,10.938189,7.0244274,5.5093946,0.0,3.8001635,4.5697284,6.3511696,8.914265,8.778424,10.904187,12.341993,11.678984,16.053541,17.021753,22.694374,26.247057,27.036577,30.167538,31.405005,34.106346,36.093452,30.781204,27.70738,26.010653,21.83647,20.102852,15.772146,17.706797,12.383832,15.758026,14.514539,17.22556,21.313068,23.52034,27.725908,28.392328,30.614544,32.35323,32.801765,32.25077,30.830624,25.88578,28.949556,24.237677,28.09475,27.710707,27.354586,31.792192,28.040064,32.430893,31.295258,27.902088,27.891804,24.165806,29.015974,28.910002,27.710293,32.79973,31.800125,36.99987,36.51272,39.185112,38.4497,34.40906,38.95088,38.97923,34.891384,31.979523,30.051394,26.300787,26.00437,21.654924,20.410553,22.157782,20.69899,23.114046,27.697607,26.452053,30.601353,27.904837,26.48166,23.755816,21.41525,17.8555,17.685236,12.811848,13.118708,9.916916,7.922561,11.424671,13.057881,17.35473,17.211317,21.813124,23.137934,26.72106
21,15.244193,17.408895,16.74374,17.604515,20.209068,20.426067,23.271845,21.846363,25.433838,23.467142,28.07451,30.330471,27.354837,24.97408,21.790619,18.465864,15.166953,12.821057,9.202401,6.4416795,3.8001635,0.0,4.337552,6.4878035,7.7707524,9.016812,9.8369,12.534656,12.746064,17.019373,18.540804,24.720652,28.135866,29.51762,32.429844,34.074177,36.604923,38.588905,33.526478,30.053848,28.720144,24.175962,22.506416,18.162865,19.59969,14.442176,16.573616,14.831331,16.558952,21.198336,22.814545,27.053425,28.407873,30.445381,32.404243,32.564198,32.41234,30.707834,25.749813,29.079857,23.81415,28.27675,27.145733,26.925055,31.076616,26.743355,31.483133,30.031021,26.645224,27.094896,23.503983,28.784042,29.201506,28.207468,33.425476,32.711292,37.844887,37.76401,40.27671,39.24581,35.587257,40.407497,40.19827,35.850025,32.99606,30.890778,27.187695,26.571453,21.622282,20.24282,21.306385,19.527006,21.51326,25.913174,24.53471,28.49713,25.806675,24.331154,22.034304,19.52239,16.508932,16.500282,11.329305,12.940442,9.20155,7.411172,11.823497,13.406602,18.310991,18.365948,23.048246,24.80844,27.986605
22,15.335161,17.998238,16.19208,18.387266,20.094034,20.234777,23.29916,22.598703,26.556248,25.300236,29.823805,32.776325,29.894169,27.103746,24.410963,20.88855,17.666815,15.442189,11.292679,9.540271,4.5697284,4.337552,0.0,4.9044676,7.546199,8.607717,11.793583,14.131504,14.985444,18.690323,20.88284,26.032024,30.096218,30.427092,33.917015,34.967842,37.960594,40.217293,34.839233,31.866688,29.864277,25.963488,23.567984,19.461512,20.415955,15.154671,17.489107,14.737067,17.330526,21.635439,23.109583,27.910921,28.806295,30.260342,32.77072,33.400063,33.345142,32.193623,27.455397,31.05214,26.298353,30.937214,30.377268,30.45734,34.804592,30.817163,35.5748,34.271526,30.896152,31.255022,27.472906,32.624756,32.846447,31.52371,36.794025,35.648388,40.857574,40.38893,42.846905,41.841637,37.8294,42.34248,41.95781,37.771027,34.73472,32.98554,28.924334,29.15992,24.398043,23.513206,24.904394,23.466019,25.61331,29.931381,28.23798,32.10725,29.11574,27.316084,24.86535,22.881985,19.550917,20.237991,14.674879,16.598614,13.284776,11.369227,15.419175,17.123943,21.659084,21.576809,26.253996,27.594189,31.115437
23,17.071684,18.822172,16.422182,17.77933,18.914011,17.987179,21.086206,21.259016,25.273289,24.209469,29.150515,31.91933,29.710827,26.91763,24.808523,20.81476,18.442095,15.178002,13.098622,9.490533,6.3511696,6.4878035,4.9044676,0.0,3.6262665,3.8242567,8.353629,10.24414,12.344661,15.026842,18.593496,22.852509,27.498066,27.449923,31.211214,32.280495,35.50553,38.235023,32.993893,29.940159,27.65897,24.054258,20.736715,17.021856,16.754034,11.824742,13.158952,9.8818865,12.7883625,16.845795,18.448423,23.301237,23.970837,25.417845,27.919903,28.673409,28.64521,27.735043,23.173048,26.974472,22.643044,27.580925,27.526491,28.169655,32.72349,29.534113,34.39084,33.613434,30.361052,30.600456,26.215488,31.231071,31.519695,29.540176,35.04955,33.278503,38.492096,37.818707,39.94919,38.688248,34.595055,38.979095,38.18097,33.982246,30.84272,29.340498,25.01349,25.97771,21.229603,21.060234,22.722824,22.000063,24.517117,28.579979,26.314865,30.099257,26.721968,24.63602,21.804115,20.538012,16.725122,18.437304,12.553768,15.378908,13.501611,12.621655,16.627476,17.387161,22.481733,21.01431,25.898956,26.64708,30.180433
24,20.094248,21.507296,19.417873,19.95704,21.249825,19.818619,22.79059,23.092386,26.90023,25.505735,30.676207,32.85304,30.902971,28.417242,26.19329,22.200224,20.086061,16.402733,15.235836,10.547655,8.914265,7.7707524,7.546199,3.6262665,0.0,3.400506,6.009054,8.879437,12.224154,14.266496,18.714535,23.03232,27.662094,28.063372,31.640146,33.10684,36.20322,39.072796,34.144047,30.719238,28.70954,24.897223,21.430956,17.905388,16.861538,12.469141,12.107371,8.346332,10.022231,14.572718,15.658007,20.502243,21.766352,23.134687,25.7302,26.213442,26.540184,25.431852,20.94663,25.035824,20.438818,25.982025,25.550955,26.57563,30.965717,27.792519,32.898674,32.174637,29.03635,29.53396,25.001917,30.192955,30.898111,28.792263,34.457645,32.65245,37.777554,37.356632,39.20984,37.605682,33.834114,38.38735,37.240295,32.83119,29.734879,28.17424,23.845108,24.798172,19.619936,19.700548,20.937063,20.386671,22.74275,26.454432,23.791351,27.344183,23.777483,21.494154,18.809711,17.858562,14.271494,16.717022,10.637004,14.843574,13.5179,13.330667,17.548632,17.826399,23.424063,21.508762,26.466518,27.276918,30.475063
25,18.607485,19.566656,17.12694,17.458042,18.33651,16.594446,19.559322,20.236397,24.10493,23.05341,28.247189,30.68801,29.022959,26.356499,24.658146,20.451782,18.811846,14.90622,14.559666,9.948135,8.778424,9.016812,8.607717,3.8242567,3.400506,0.0,5.984279,7.0116677,10.203108,11.853994,16.471481,20.093393,25.020905,24.921326,28.72042,29.94942,33.2149,36.230583,31.21794,28.015078,25.699064,22.240501,18.381865,15.052527,13.782827,9.382247,9.533461,6.1394596,9.27489,13.119697,15.067289,19.72432,20.244152,21.976896,24.204008,24.934753,24.827454,23.972328,19.482061,23.352266,19.330801,24.38939,24.71236,25.741072,30.405813,27.89633,32.725185,32.37667,29.265165,29.376364,24.607048,29.41663,29.753763,27.31508,32.941513,30.753422,35.922523,35.153378,37.033672,35.585556,31.502363,35.831455,34.76438,30.534697,27.35861,25.983393,21.52999,22.930338,18.249102,18.631346,20.502308,20.37608,23.157137,26.97832,24.376467,28.094114,24.520205,22.323181,19.159744,18.436594,14.271659,16.678974,10.937765,14.197046,13.633974,13.606492,17.291538,17.27979,22.623892,20.135252,25.047016,25.37065,28.797731
26,20.845428,21.232258,20.108425,18.76745,20.68273,18.916212,21.434397,21.28613,24.503378,22.449314,27.804781,29.013483,27.502821,25.543558,23.353407,19.445011,18.119967,13.874097,15.035502,9.197777,10.904187,9.8369,11.793583,8.353629,6.009054,5.984279,0.0,4.3998423,8.120665,9.82134,14.361819,19.313627,23.324429,24.904808,27.78962,30.019592,32.594917,35.35345,30.969517,26.950588,25.66326,21.339403,18.362263,14.984495,13.847436,10.330043,8.691874,7.571013,7.3483024,12.086467,13.878458,17.443796,19.129225,21.693716,23.088518,22.900236,22.886856,21.023344,16.167511,19.919123,14.786308,20.271935,19.554914,20.614017,25.015757,22.244923,27.285414,26.92042,23.921703,24.293926,19.476522,24.56329,25.472393,23.223587,28.959133,27.207481,32.23565,32.124065,33.85908,32.10662,28.703423,33.56512,32.473797,27.858473,24.954138,23.026882,19.052124,19.25309,13.7899685,13.846926,15.025521,14.857551,17.48712,21.094162,18.398048,22.138601,18.668554,16.67469,13.580991,12.475093,8.442661,11.10791,5.312934,10.174794,10.615718,11.843614,15.364922,14.525538,20.434387,17.533632,22.408712,23.156445,25.890686
27,20.183727,19.781494,18.486832,16.374756,17.841606,15.518468,17.78574,18.085783,21.158995,19.423222,24.860992,26.166145,25.225618,23.163351,21.770304,17.633762,17.234665,12.668742,15.397303,9.90176,12.341993,12.534656,14.131504,10.24414,8.879437,7.0116677,4.3998423,0.0,5.3391795,5.577423,11.060269,15.036444,19.419909,20.613194,23.647713,25.782026,28.480244,31.475237,27.13215,23.243765,21.70567,17.764889,14.246103,11.3177805,9.512804,6.7405663,4.6086044,6.1207733,7.015111,10.2368,13.309468,16.220661,16.912436,20.174534,20.808617,20.82176,20.134415,18.490572,13.564123,16.927559,12.663892,17.403288,17.908089,19.067747,23.861458,22.282743,26.83137,27.1078,24.245392,24.038643,18.867193,23.257645,23.672495,20.816713,26.535913,24.149033,29.23511,28.671387,30.37721,28.762634,24.966845,29.606018,28.566961,24.113644,21.097248,19.361198,15.186556,16.013178,11.260154,12.015367,14.275343,14.984811,18.208246,21.778166,19.186016,23.024864,19.624193,17.828163,14.0996475,13.5504055,8.83738,11.390533,7.1938806,9.835228,11.845359,13.360378,15.903784,14.477612,19.90525,15.942076,20.660051,20.622334,23.555676
28,16.743805,15.646667,15.418787,12.101893,14.510753,13.036769,14.939001,13.906797,16.656849,14.408413,19.810097,21.111624,19.9238,17.875166,16.48388,12.355271,12.414297,7.812186,12.154698,7.611793,11.678984,12.746064,14.985444,12.344661,12.224154,10.203108,8.120665,5.3391795,0.0,5.2494445,6.514784,12.529542,15.887018,17.977755,20.425228,22.792023,25.035698,27.475052,23.031849,18.968557,17.937393,13.275408,11.186872,7.413546,8.514525,5.4750686,7.4992394,10.818941,12.267343,14.804774,18.316637,20.4909,20.756294,24.60432,24.42558,24.297186,22.88636,20.934053,15.903776,17.984697,13.860075,16.642956,17.327671,17.327557,22.274273,20.701046,24.60369,24.904072,21.943604,21.16078,16.25643,20.213058,19.954826,17.45903,22.931051,20.95586,26.184877,25.582325,27.881744,26.890965,22.921429,27.666145,27.558374,23.337654,20.560637,18.421545,14.965876,14.388246,10.61244,10.100714,13.165324,13.485943,17.009523,21.129648,19.614428,23.851572,21.195227,20.166395,16.514877,14.935621,10.517409,10.513262,8.164898,6.592831,9.330261,10.969952,12.126742,10.322681,15.1110115,10.862896,15.572,15.53452,18.744001
29,20.937643,19.394625,18.481077,14.919385,16.055819,13.2168865,14.661356,15.1669855,17.530487,15.939602,21.311403,22.25743,22.222565,20.35836,20.000872,15.969088,17.002886,12.541501,17.247126,12.685244,16.053541,17.019373,18.690323,15.026842,14.266496,11.853994,9.82134,5.577423,5.2494445,0.0,7.2175136,9.697926,14.110236,15.492897,18.25391,20.660963,23.184895,26.342731,22.342731,18.384378,16.963894,13.36552,9.62498,7.869246,5.3194,5.888954,4.1056848,9.466357,10.382407,11.168755,15.213855,16.534025,16.153576,20.440731,19.619888,19.562973,17.833641,16.163074,11.377342,13.437232,10.584455,13.412272,15.490554,16.553608,21.610746,21.60113,25.306461,26.388416,23.831015,22.91464,17.58665,20.801958,20.60445,17.046793,22.576075,19.472847,24.543633,23.530174,25.218143,23.81652,19.655998,24.149248,23.356195,19.082859,16.068996,14.366818,10.278919,11.430525,8.297444,9.856753,13.301326,15.024191,18.660301,21.97133,19.780916,23.59478,20.604044,19.33411,15.279071,15.109664,10.565094,12.187479,10.645916,10.527693,14.185159,16.088278,17.20796,15.006932,19.41281,14.199221,18.269503,17.202282,20.072823
30,18.243677,15.685312,16.585562,11.27955,13.795993,12.550618,13.049567,11.117859,12.317853,9.484894,14.762313,15.232746,15.050473,13.50639,13.3985615,9.8293295,12.18656,8.694837,15.13254,12.483267,17.021753,18.540804,20.88284,18.593496,18.714535,16.471481,14.361819,11.060269,6.514784,7.2175136,0.0,8.342198,9.757405,13.469952,14.6868305,17.7532,19.20997,21.297134,17.341131,12.788799,12.762703,7.5007734,7.6300435,5.3374357,8.440905,8.810489,11.115259,16.020735,17.206106,18.348898,22.33419,23.150873,22.749538,27.370438,25.86387,25.508846,23.194525,21.06288,16.52563,16.772404,14.061482,13.795576,15.682841,14.842285,19.790062,19.804348,22.378435,23.499416,20.956518,19.213877,14.594167,16.791939,15.4850025,12.563966,17.551287,15.248219,20.487986,19.553719,22.231853,21.856901,17.69491,22.365755,23.145626,19.365452,17.035149,14.663785,12.485388,10.647304,9.700338,8.955307,12.956949,14.0164,17.666998,21.433443,20.78184,24.915215,23.00801,22.713469,19.061245,17.579304,13.861753,12.4810705,13.135231,8.964405,13.001075,14.897849,13.959137,11.283672,13.871787,8.028803,11.425897,10.016642,13.226608
31,22.704882,19.625313,19.119282,14.271183,14.01701,11.060329,10.131447,11.3274145,11.749187,11.711807,15.893157,17.02607,18.812756,17.051182,19.181358,15.944834,18.999992,15.935766,21.76439,19.325567,22.694374,24.720652,26.032024,22.852509,23.03232,20.093393,19.313627,15.036444,12.529542,9.697926,8.342198,0.0,6.4242053,5.9817696,8.85272,11.036627,13.678641,17.353622,13.603858,10.4938345,8.357805,7.5536695,3.6677368,7.363881,6.628345,11.07639,12.276715,17.570194,19.295885,18.168638,22.5934,22.5814,20.394354,25.114054,22.699556,23.02866,19.812368,18.977552,15.87149,15.088312,15.846516,14.054668,18.697075,18.972567,23.714231,25.86443,27.786205,29.844378,27.803616,25.774435,21.126673,21.875643,20.072977,15.934521,19.900341,15.508171,20.09853,17.4637,19.430588,19.253473,13.8590555,17.02977,17.470245,14.675266,12.070927,11.335329,9.055626,10.967028,13.052497,14.574801,18.68991,20.921679,24.576515,27.548037,26.293795,29.886223,27.657751,27.042168,23.067072,23.05532,19.15794,19.363064,19.608747,16.954811,20.92371,22.558603,21.933966,19.526104,21.428505,15.653231,17.651258,14.402266,17.31984
32,24.803234,21.174473,22.133348,16.36476,17.148973,15.557023,13.947901,13.04852,11.340073,10.214213,13.02333,12.140126,15.131726,14.590457,17.305935,15.38387,19.333435,17.289024,23.774334,22.067923,26.247057,28.135866,30.096218,27.498066,27.662094,25.020905,23.324429,19.419909,15.887018,14.110236,9.757405,6.4242053,0.0,7.6421757,5.56933,10.136267,10.201975,12.67453,10.387515,5.869693,7.435472,6.1601176,8.367895,11.0793295,12.577468,16.106117,17.547506,23.076672,24.167437,23.398863,27.642391,26.903404,25.241484,30.318789,27.223492,26.912249,23.49407,21.919231,19.102266,16.954695,17.748547,13.585477,17.98796,17.130692,21.210077,24.175531,24.820824,27.291418,25.698944,23.091682,19.324976,18.454292,15.845234,12.001754,14.618373,10.330718,14.631305,11.860708,14.635621,15.448955,10.430174,13.838031,15.983502,13.806176,12.500453,11.022418,11.499552,10.264397,14.278783,14.799436,18.61172,20.765747,24.083094,26.714767,26.44737,29.895063,28.546898,28.68393,25.092812,24.567022,21.486607,20.332132,22.255089,18.215569,22.501856,24.376266,22.611012,19.836632,20.250965,14.542311,14.711911,10.746646,12.573644
33,24.866568,21.341394,20.71818,16.202566,14.713518,12.177805,9.825513,11.860459,10.969052,12.811917,15.245145,17.055622,19.722319,17.910614,21.372974,18.766832,22.273281,20.059126,25.587782,24.117083,27.036577,29.51762,30.427092,27.449923,28.063372,24.921326,24.904808,20.613194,17.977755,15.492897,13.469952,5.9817696,7.6421757,0.0,5.5629225,5.2971544,9.091036,13.470271,9.7616625,9.073566,5.386565,9.122044,7.021724,11.486466,11.4491625,15.710234,17.581976,22.446274,24.665886,23.00246,27.432972,27.250189,24.275253,28.729485,25.997784,26.737108,23.132109,23.028175,20.806398,19.381329,21.33101,18.505646,23.69212,23.728785,28.106306,30.888243,32.11725,34.435898,32.59022,30.21266,26.025663,25.872278,23.416056,19.485483,22.172867,17.527927,21.2374,17.55818,19.503767,20.262043,14.581909,15.8173895,17.095692,15.981658,14.032606,14.366076,13.287814,15.53808,18.73985,20.164225,24.24908,26.4605,30.047972,32.935024,31.945211,35.432808,33.378357,32.851456,28.89867,28.976925,25.137835,25.14949,25.439093,22.37609,26.04789,27.370483,26.29558,24.125961,24.950388,19.622484,20.595415,16.61198,19.409859
34,27.457623,23.590322,24.090466,18.805986,18.350664,16.680645,14.2416115,14.46602,12.041827,12.856635,14.071968,14.039066,17.802784,17.076324,20.870642,19.23412,23.313847,21.644083,27.756758,26.51625,30.167538,32.429844,33.917015,31.211214,31.640146,28.72042,27.78962,23.647713,20.425228,18.25391,14.6868305,8.85272,5.56933,5.5629225,0.0,5.204265,5.1010547,9.011917,7.409039,6.079562,6.1627297,9.330682,10.606978,14.458959,15.390956,19.462814,21.09843,26.41562,27.972296,26.491386,30.822384,29.931124,27.423908,32.283333,28.901346,29.035551,25.262733,24.508503,22.519186,20.047434,22.167025,17.706537,22.79684,22.216814,25.978992,29.52113,29.784082,32.478764,31.054125,28.31628,24.782652,23.412514,20.523369,16.85768,18.282888,13.708874,16.68739,12.684967,14.996046,16.586338,11.298742,12.248309,15.0164,14.542773,13.673723,13.563778,14.384689,14.784721,19.269081,20.229212,24.03883,26.315584,29.627487,32.120644,31.759499,35.04445,33.622368,33.637257,29.95912,29.802454,26.568188,25.785315,27.316462,23.472698,27.519978,29.131798,27.340635,24.827673,24.762405,19.453836,19.165548,14.825911,16.541525
35,27.646652,23.799664,23.59889,19.172894,17.475594,15.832198,12.906374,14.344569,12.099939,14.64798,15.193172,16.894783,20.309902,18.880392,23.183979,21.39147,25.25117,23.790236,29.253036,28.491333,31.405005,34.074177,34.967842,32.280495,33.10684,29.94942,30.019592,25.782026,22.792023,20.660963,17.7532,11.036627,10.136267,5.2971544,5.204265,0.0,5.019464,9.6152525,6.9475727,8.996334,6.242182,11.805506,11.802034,15.971171,16.687868,20.662134,22.869398,27.685402,29.96127,28.198185,32.599506,32.1587,28.995737,33.40225,30.351486,31.095713,27.289602,27.311861,25.533064,23.524584,25.936481,22.177036,27.457119,27.099665,31.048607,34.308037,34.81146,37.337822,35.730534,33.041306,29.39697,28.386421,25.42911,21.892359,23.343601,18.902218,21.652534,17.413155,19.414598,21.102072,15.774905,15.4500265,17.835014,18.087765,16.971529,17.605843,17.633621,19.283882,23.244696,24.39224,28.382648,30.534204,33.99044,36.752857,36.166306,39.567005,37.836174,37.549873,33.693283,33.66249,30.02373,29.603622,30.30837,26.698503,30.282091,31.495693,29.89111,27.789785,27.632296,22.731558,22.689728,18.351755,20.664661
