,0,1,2,3,4,5,6,7,8,9,10,11,12,13,14,15,16,17,18,19,20,21,22,23,24,25,26,27,28,29,30,31,32,33,34,35,36,37,38,39,40,41,42,43,44,45,46,47,48,49,50,51,52,53,54,55,56,57,58,59,60,61,62,63,64,65,66,67,68,69,70,71,72,73,74,75,76,77,78,79,80,81,82,83,84,85,86,87,88,89,90,91,92,93,94,95,96,97,98,99,100,101,102,103,104,105,106,107
0,0.0,4.2634115,6.4657307,9.615539,11.955351,14.493472,17.329512,21.916544,24.40131,27.225523,30.809444,31.083385,28.850897,27.788948,22.957094,22.428497,17.748627,18.526426,15.014516,14.702435,15.258047,11.5397215,16.68047,13.664461,18.997099,20.663738,23.918247,22.686365,20.725954,21.322212,23.547224,22.696035,30.09877,27.92212,32.451775,34.091095,35.581005,35.559055,31.032684,27.155785,32.078793,27.75425,28.92544,28.281925,29.249964,28.429369,27.21366,29.296206,32.762333,35.509865,36.071,40.49875,43.380997,44.60763,41.191944,44.457882,40.22134,41.92534,43.10278,43.41563,40.153816,41.887627,37.470043,37.40197,36.394596,33.517902,34.98803,30.723436,31.584332,26.612047,24.406197,26.919191,27.03081,30.600399,31.696817,30.452984,34.479805,34.716427,36.76176,40.019485,38.22341,34.44259,33.905113,30.233307,28.885696,25.135544,25.102657,19.481348,19.439909,17.582006,17.471268,17.860737,14.315407,14.826446,11.109192,14.899765,16.222635,19.601923,20.46587,25.6482,29.25047,30.972223,33.71168,33.495274,27.65109,27.993872,26.075106,24.485525
1,4.2634115,0.0,5.318535,6.457513,8.555017,12.062294,14.033221,19.28291,21.084267,24.206844,27.405275,28.100187,26.294458,24.990417,20.382032,19.155554,14.704064,14.774616,11.478945,10.5079975,11.387206,7.8228803,13.55899,11.441246,16.48122,17.728054,20.557003,19.15868,16.576977,17.337885,19.351202,18.929409,26.218624,24.516336,28.846272,30.702724,32.366066,32.130627,27.734278,23.814177,28.396412,24.065853,24.918936,24.500727,25.15739,24.601618,23.346619,25.718199,29.203434,31.84109,32.185642,36.66929,39.40923,40.52315,37.054504,40.280903,35.998505,37.738,38.889004,39.157974,35.90257,37.6532,33.256695,33.28998,32.45047,29.649479,31.32041,27.156511,28.275906,23.357677,20.807638,22.979218,23.015032,26.42628,27.518133,26.212332,30.288609,30.630013,32.72813,36.011665,34.380493,30.546946,30.162445,26.389463,24.856787,21.188414,21.012457,15.284019,15.470124,13.729802,14.215518,14.981311,11.942638,12.01062,7.7786975,11.866358,12.460886,16.100199,16.720177,21.997026,25.791733,27.322462,30.013824,30.065477,24.027424,24.86198,22.989433,21.944218
2,6.4657307,5.318535,0.0,5.2053566,6.6377735,8.44401,11.488039,15.569918,18.469683,20.984203,24.912094,24.981003,22.646622,21.921888,16.988268,17.088015,12.645636,13.848719,11.789241,12.008672,14.230904,11.908042,17.905912,16.555857,21.414444,22.332314,24.730946,22.995634,19.06533,19.514448,20.611467,19.714682,26.047052,23.55013,28.235374,29.390638,31.386826,31.763878,27.401796,23.870369,28.974808,25.607347,26.299244,26.886797,27.288427,27.810974,26.613806,29.498217,32.964478,35.39195,35.270813,39.844727,42.18687,42.907158,39.147045,41.976326,37.3147,38.767685,39.412,39.793877,36.424084,38.664196,34.632915,34.642212,34.702995,31.40278,33.47472,29.35446,31.286303,26.233639,23.092632,25.327486,24.38401,28.188778,28.011847,26.711182,30.258553,30.005785,31.929022,35.036186,32.93305,29.295473,28.369986,24.92188,24.15121,20.152672,21.107382,16.330572,16.94334,16.37994,17.072397,18.681925,15.346765,14.27411,9.774186,12.2715435,12.368258,15.6799755,15.469137,20.53982,23.57786,25.874062,28.946966,29.000494,23.61739,24.02538,23.013544,21.32642
3,9.615539,6.457513,5.2053566,0.0,3.8018417,6.050552,8.77142,13.411502,15.178995,18.53322,21.476742,21.847778,20.02594,18.55914,14.007911,12.844474,8.308433,9.097364,6.6108456,7.559815,9.959711,9.141076,14.765247,14.892867,19.158968,20.141026,21.543467,19.244202,14.933395,14.73313,15.869068,14.517324,21.037241,18.686275,23.269875,24.710428,26.593164,26.740782,22.390387,18.772606,23.777164,20.470879,21.239677,22.009113,22.596977,23.627392,22.864618,25.902649,29.28292,31.639591,31.25571,35.871067,38.154327,38.604527,34.620388,37.293423,32.649647,33.934086,34.725952,35.414013,32.078346,34.71749,30.76646,31.273008,31.575684,28.755726,31.16474,27.349913,29.422205,24.703466,21.198463,22.416677,21.527168,24.50009,24.406717,22.517199,26.102583,25.88893,27.649624,30.904387,28.842833,25.125025,24.951431,21.282047,20.543211,16.334778,17.820974,12.897199,14.512298,14.169587,16.070568,17.83159,15.625203,14.386466,9.69664,12.329569,10.4958315,14.332757,12.7574215,18.114044,21.161806,23.470465,26.602232,27.402016,21.75427,23.221403,22.404623,21.702106
4,11.955351,8.555017,6.6377735,3.8018417,0.0,5.329911,5.4946856,11.091539,12.61393,15.674898,18.988153,19.808575,18.301443,17.226791,12.807374,11.683073,8.093189,7.816407,7.8583198,7.2491164,10.964193,10.478196,16.163235,16.623875,20.367125,20.45708,21.772085,19.742392,14.251833,14.82229,14.802337,14.682215,20.075546,18.32678,22.663286,24.000254,26.472645,26.627071,22.619913,19.254433,23.725914,20.858553,20.789099,22.271267,21.92643,23.423937,22.250132,25.714775,29.05579,31.13582,30.464455,35.061184,36.97491,37.343807,33.429325,36.008556,31.16386,32.56422,32.969334,33.312534,29.92184,32.38581,28.573614,28.791092,29.52601,26.270866,28.83487,25.055296,27.677048,22.921406,19.076397,20.505148,18.969837,22.490675,21.711224,20.262653,23.660557,23.37037,25.34131,28.453632,26.506098,22.8029,21.99883,18.411926,17.581797,13.532896,14.861926,10.61902,12.1343155,12.691849,14.60921,17.013716,14.89871,12.83388,8.498663,9.772138,7.3369846,10.900069,9.238753,14.523589,17.672953,19.898252,23.042934,23.71264,18.245234,19.59143,19.09116,18.387419
5,14.493472,12.062294,8.44401,6.050552,5.329911,0.0,5.8908496,7.843973,10.871247,13.610739,17.135077,16.708742,14.372119,13.479987,8.561439,9.263051,5.4817877,8.104469,8.783225,10.902325,14.222697,14.65179,19.904581,20.733028,24.616827,25.187471,25.981888,23.42116,17.899723,17.31914,17.0631,15.273462,19.732986,16.499924,21.304474,21.77718,24.171967,25.07369,21.02194,18.190334,23.45569,21.69465,22.088127,24.190235,24.355803,26.734383,26.123,29.641434,32.861286,34.873154,33.88961,38.486988,40.208908,40.104652,35.8174,37.884632,32.883244,33.730804,33.862453,34.749912,31.364384,34.675396,31.333128,31.943506,33.400642,30.234959,33.133965,29.598522,32.537315,27.930641,23.875269,24.814053,22.850405,25.873892,24.194727,22.222698,24.916054,23.899174,25.305332,28.281319,25.62968,22.2515,21.594492,18.436348,18.892647,14.398329,17.658525,14.571192,16.75229,17.731316,19.887691,22.31762,20.169432,18.074512,13.740401,14.608792,11.838877,14.775979,11.531545,16.112782,17.825132,21.172037,24.732018,25.864582,21.232954,22.570154,22.938457,21.984825
6,17.329512,14.033221,11.488039,8.77142,5.4946856,5.8908496,0.0,6.609299,7.4549327,10.264351,13.802736,14.892468,13.848129,13.179918,9.3881035,8.556191,7.2950873,6.4248495,10.006965,9.657774,13.923973,14.765318,19.7299,21.117317,24.11477,23.572414,24.084862,21.937714,15.248498,15.758908,14.062678,14.461795,17.493593,15.981995,19.984781,20.803963,23.972363,24.418564,20.982168,18.33486,22.289896,20.734434,19.854548,22.643852,21.484108,24.259304,23.13156,27.082209,30.178322,31.804354,30.499159,35.002277,36.27719,36.146046,32.06316,34.11604,28.970062,30.112934,29.87138,30.180923,26.75818,29.649033,26.415127,26.690107,28.572508,25.06436,28.13396,24.796106,28.30214,23.900349,19.534412,20.40834,17.771477,21.222164,18.875946,17.507545,20.099934,19.23841,21.099806,23.966185,21.79956,18.28809,16.9042,13.6075535,13.543224,9.389464,12.212929,10.356361,12.502421,14.564442,16.905506,19.89898,18.389475,15.588417,12.235272,11.539015,7.6906886,9.776244,5.7451763,10.256593,12.527697,15.421399,18.901573,20.062302,15.451918,17.106472,17.812296,17.43166
7,21.916544,19.28291,15.569918,13.411502,11.091539,7.843973,6.609299,0.0,5.3430085,6.158706,10.660016,9.881571,7.770213,8.377642,4.8820143,7.785894,8.634537,10.039185,14.047227,15.46266,19.363556,20.739256,25.476467,27.11569,30.218931,29.937609,30.014341,27.495493,20.78219,20.400301,18.269169,17.362747,18.242226,15.384733,19.409498,18.82276,22.260265,23.705051,20.707132,19.136934,23.403774,23.482477,22.780464,26.409218,25.482191,29.233887,28.56633,32.596203,35.499676,36.924694,35.203384,39.596794,40.457645,39.737213,35.35419,36.674217,31.37947,31.848011,30.999056,31.790524,28.470984,32.24463,29.81471,30.394852,33.26971,29.782429,33.174168,30.223024,34.15897,29.988592,25.486404,25.952314,22.781065,25.712715,22.081615,20.426928,21.726608,19.806557,20.871109,23.255726,20.18239,17.41215,15.69361,13.55092,15.497612,11.563818,16.394054,16.244217,18.665468,21.05335,23.429958,26.491552,24.868628,21.973186,18.609175,17.607021,14.053316,15.214571,10.533373,12.650666,12.138649,16.55329,20.371967,22.015572,19.09118,20.450516,22.321898,21.615023
8,24.40131,21.084267,18.469683,15.178995,12.61393,10.871247,7.4549327,5.3430085,0.0,4.6009793,6.4463634,7.8200407,8.255106,7.516594,6.72937,5.9516554,9.186912,8.471284,13.770871,14.513782,18.269527,20.554722,24.380255,26.88279,29.107794,28.411886,27.700094,25.155579,18.136034,17.73518,14.67229,14.597693,13.768395,12.260142,15.42901,15.258081,19.153616,20.102526,17.679033,16.425068,19.534037,20.147717,18.711866,22.956831,21.44111,25.828236,25.315666,29.472828,32.100212,33.205853,31.132572,35.374943,35.914154,34.926617,30.506784,31.595234,26.271555,26.67553,25.686752,26.493805,23.198936,27.2139,25.045391,25.948494,29.265429,26.165327,29.814877,27.35328,31.477903,27.853266,23.242338,22.792631,19.451378,21.573141,17.521925,15.572667,16.51386,14.509574,15.577839,18.09658,15.231583,12.199015,10.983241,8.455936,10.7519,6.964206,12.743688,13.91036,16.815653,19.634853,22.563658,25.662424,24.963112,22.027872,19.227083,17.999165,13.566411,14.309627,8.689083,9.758249,9.0,13.134909,16.855938,19.385935,16.497833,18.98042,20.999395,21.403389
9,27.225523,24.206844,20.984203,18.53322,15.674898,13.610739,10.264351,6.158706,4.6009793,0.0,6.004257,6.7153063,7.2277393,8.663215,8.759844,10.128315,13.139266,12.92002,18.08595,18.611176,22.581371,24.484982,28.629333,30.843262,33.18085,32.200413,31.711685,29.398455,22.18798,22.172705,18.824476,19.150679,17.362955,15.956608,18.616817,17.684244,21.861124,23.21353,21.312096,20.573095,23.375637,24.510658,22.790197,27.279125,25.358639,29.858007,29.089758,33.354137,35.916725,36.82593,34.600636,38.698997,38.86124,37.742943,33.48315,34.27604,28.92059,29.229977,27.627115,28.123167,24.954432,28.815033,27.158798,27.671959,31.535414,27.999247,31.660378,29.340006,33.86418,30.27064,25.657593,25.597055,21.736362,24.33031,19.387342,18.21378,18.285072,15.823238,16.730324,18.508799,15.476153,13.286631,10.36551,9.405644,12.419585,9.929807,15.085731,17.2813,19.642761,22.80708,25.306667,28.623934,27.658571,24.42527,21.953653,19.983034,16.112461,15.93998,11.032496,10.301102,7.5095773,12.416709,16.151052,18.404787,17.012585,18.683693,21.511976,21.477772
10,30.809444,27.405275,24.912094,21.476742,18.988153,17.135077,13.802736,10.660016,6.4463634,6.004257,0.0,4.809364,8.388761,8.087416,10.854883,10.209631,14.703531,13.783006,19.137476,19.887133,23.25018,26.122545,29.185566,32.275135,33.861084,32.876053,31.411913,28.849035,21.91816,21.273794,17.447697,17.625599,13.344694,12.877407,14.135718,12.976601,17.46434,18.655155,17.737675,17.918694,19.468918,21.845451,19.786846,24.881798,22.87526,28.179928,27.985945,32.157852,34.311897,34.896206,32.256496,36.08775,35.89074,34.223377,29.777155,29.951357,24.697268,24.469404,22.625723,23.678682,20.711184,25.426529,24.420797,25.69458,30.111477,27.408934,31.330248,29.681255,34.17719,31.269976,26.69072,25.410988,21.714672,22.76534,17.54102,15.593516,14.608821,11.566321,11.592042,13.293604,9.802409,7.9401355,6.7391195,6.5568185,10.829708,9.314654,15.151276,18.238926,21.159399,24.344662,27.4369,30.570082,30.424603,27.398819,25.103117,23.469183,18.96734,18.89485,13.508611,12.120519,8.950946,12.8941345,16.117481,19.598461,18.481665,21.328146,24.102959,25.095812
11,31.083385,28.100187,24.981003,21.847778,19.808575,16.708742,14.892468,9.881571,7.8200407,6.7153063,4.809364,0.0,4.2811685,4.979195,8.864172,10.293363,14.523511,15.113296,19.889431,21.7055,24.994741,27.74644,31.152563,34.009285,36.13252,35.668148,34.39596,31.53821,24.856539,23.649832,20.482084,19.251385,15.658456,13.222976,15.221817,12.967207,17.041145,19.157438,17.98486,18.48583,21.100204,23.765936,22.549515,27.41797,26.222855,31.447578,31.50774,35.573944,37.85932,38.672314,36.1624,40.096367,40.114784,38.390987,33.7703,33.83546,28.669622,28.115377,26.418634,27.943922,25.071737,30.065212,29.040726,30.425856,34.66479,31.940935,35.815395,33.917854,38.286182,35.067345,30.450775,29.441452,25.909506,27.100376,22.199503,19.97757,19.190714,16.107235,15.658467,17.154554,13.170537,11.97429,11.310873,11.300525,15.403007,13.0857,19.20383,21.349382,24.38058,27.28604,30.32285,33.409782,32.779182,29.827991,26.963898,25.689106,21.363787,21.77233,16.286083,15.78991,12.583013,17.085302,20.472763,23.594471,22.469404,24.817629,27.599445,27.98134
12,28.850897,26.294458,22.646622,20.02594,18.301443,14.372119,13.848129,7.770213,8.255106,7.2277393,8.388761,4.2811685,0.0,3.9659753,6.2817645,9.888626,13.042263,14.821183,18.959764,21.341162,24.696405,27.004894,30.939844,33.31462,36.023743,35.927135,35.13251,32.195896,25.658154,24.347818,21.81378,19.88594,17.969725,14.337114,17.42642,15.196979,18.708715,21.126465,19.188442,19.21994,22.97504,25.023993,24.423676,28.825489,28.150461,32.938534,32.940105,36.944572,39.481464,40.59854,38.37629,42.51461,42.89537,41.4275,36.75865,37.142784,31.946823,31.536108,30.161566,31.70043,28.70454,33.52073,32.068054,33.287598,37.087925,34.11875,37.85673,35.53195,39.727734,36.0758,31.467985,30.992336,27.619286,29.361088,24.898123,22.677906,22.55962,19.729334,19.568556,21.298868,17.374063,15.844206,14.948774,14.344498,17.965904,14.852669,20.870737,21.99739,24.927715,27.53701,30.357018,33.39378,32.22016,29.353046,26.055752,25.078978,21.105062,21.93934,16.644314,17.144205,14.50937,19.333826,22.973747,25.550915,23.967001,25.799677,28.36777,28.122643
13,27.788948,24.990417,21.921888,18.55914,17.226791,13.479987,13.179918,8.377642,7.516594,8.663215,8.087416,4.979195,3.9659753,0.0,5.072432,6.9778824,10.731762,12.431367,16.349243,19.136145,22.067934,24.84754,28.258305,31.012747,33.47788,33.62375,32.45864,29.297367,23.118505,21.289879,19.010185,16.42289,14.571834,10.441336,13.811394,11.823286,15.164935,17.45217,15.266788,15.295268,19.206491,21.330404,21.037409,25.348915,25.089405,29.945673,30.302893,34.151993,36.616486,37.796654,35.604717,39.749405,40.313,38.8073,34.002285,34.4235,29.327116,28.812775,27.839682,29.750177,26.754484,31.831337,30.210089,31.830418,35.3703,32.870693,36.626785,34.367188,38.278976,34.774723,30.218435,29.262205,26.287441,27.388157,23.485739,20.661694,20.841825,18.21781,17.920893,20.083132,16.205303,14.275062,14.747982,13.47424,16.859892,13.4105,19.653742,20.319628,23.61916,25.963722,29.130127,31.955805,31.121881,28.510649,25.073887,24.621233,20.276678,21.599062,15.982322,17.125793,15.237751,19.690012,23.278399,26.215609,23.894304,26.361204,28.505518,28.703773
14,22.957094,20.382032,16.988268,14.007911,12.807374,8.561439,9.3881035,4.8820143,6.72937,8.759844,10.854883,8.864172,6.2817645,5.072432,0.0,5.4400916,6.9838543,9.738702,13.056629,15.951501,19.136673,21.22719,25.343885,27.459658,30.495216,30.82333,30.354454,27.328207,21.197783,19.707844,18.076853,15.512095,16.262897,12.041451,16.449574,15.47028,18.390945,20.226812,17.059578,15.8398905,20.692217,21.344559,21.38191,24.986118,24.92764,28.992313,29.004414,32.812126,35.602367,37.11576,35.342117,39.722782,40.72709,39.731224,35.050262,36.10698,30.95179,30.958975,30.38924,31.912048,28.697636,33.169487,30.863659,32.091423,34.945137,32.091187,35.598793,32.819107,36.47616,32.49838,28.024277,27.784704,25.040771,26.967777,23.718987,21.171148,22.357159,20.272375,20.713398,23.250643,19.782345,17.159477,16.952225,14.805958,17.214462,13.008201,18.607883,18.01352,21.045982,23.038807,25.893847,28.654352,27.305084,24.796179,21.02183,20.885931,16.948105,18.769993,13.59399,16.042826,15.347153,19.745918,23.51508,25.773726,22.624653,24.628735,26.290346,25.969475
15,22.428497,19.155554,17.088015,12.844474,11.683073,9.263051,8.556191,7.785894,5.9516554,10.128315,10.209631,10.293363,9.888626,6.9778824,5.4400916,0.0,4.9117618,5.5775046,9.667626,12.26775,15.105125,18.031958,21.301807,24.14799,26.500906,26.721422,25.663822,22.512142,16.448702,14.639859,12.866933,10.299444,11.365891,7.930409,12.403013,12.687734,15.600306,16.52642,13.14953,11.36461,15.826498,16.106224,15.959743,19.620838,19.536612,23.743065,23.991207,27.748375,30.420704,31.888336,30.0759,34.4422,35.545513,34.574776,29.858881,31.079472,26.007717,26.148275,26.004454,27.617758,24.389292,28.861141,26.325195,27.903622,30.488712,28.172829,31.70401,29.130281,32.539726,28.90651,24.49633,23.535084,21.197117,22.334251,19.730341,16.637138,18.312683,16.721622,17.33759,20.35383,17.398361,14.181565,15.196963,12.2077675,13.885555,9.497231,15.040359,14.206654,17.717855,19.582811,22.953972,25.525425,24.9409,22.655634,19.135818,19.346584,14.780156,16.902504,11.420299,14.287434,14.615514,18.148968,21.654188,24.349092,20.43899,23.36392,24.53957,25.083225
16,17.748627,14.704064,12.645636,8.308433,8.093189,5.4817877,7.2950873,8.634537,9.186912,13.139266,14.703531,14.523511,13.042263,10.731762,6.9838543,4.9117618,0.0,4.61288,6.0959373,9.660707,12.380652,14.548838,18.505632,20.641144,23.725111,24.46486,24.141758,21.031553,15.583257,13.864762,13.513612,10.488519,14.712564,11.158368,16.033453,16.783997,18.938591,19.656303,15.5557575,12.755487,18.103388,16.822636,17.46586,19.920889,20.495535,23.587086,23.659842,27.150738,30.131916,32.022236,30.752754,35.289223,36.938606,36.466087,31.907158,33.683495,28.770191,29.273457,29.614134,31.036963,27.748426,31.670061,28.535772,29.83323,31.541626,29.096878,32.274025,29.19296,32.09778,28.014704,23.843811,23.571318,21.807081,23.543974,21.984087,19.13988,21.689875,20.632282,21.640858,24.80483,22.111248,18.698097,19.353397,16.023018,16.7593,12.117991,16.331509,13.611673,16.7684,17.843653,20.901213,23.18663,22.051973,20.137451,16.043787,17.142296,13.194721,16.199686,11.695153,15.981209,17.40705,20.676449,24.171967,26.204416,21.501167,23.947506,24.426237,24.465061
17,18.526426,14.774616,13.848719,9.097364,7.816407,8.104469,6.4248495,10.039185,8.471284,12.92002,13.783006,15.113296,14.821183,12.431367,9.738702,5.5775046,4.61288,0.0,5.596643,6.738618,9.986867,12.720015,16.20562,18.908243,21.224703,21.282139,20.629122,17.727955,11.520293,10.433744,9.255375,8.085152,12.317622,10.837965,14.893024,16.534143,19.070988,18.98797,15.263304,12.198908,16.260223,14.448773,14.139417,16.822783,16.535013,19.720343,19.51441,23.24483,26.183258,27.906378,26.525898,31.062004,32.603172,32.243626,27.825619,29.820068,24.874556,25.74366,26.15521,27.194725,23.864656,27.39617,24.070406,25.304342,26.93107,24.57206,27.783476,24.844141,27.821733,23.972588,19.73293,19.094488,17.339802,18.937822,17.622948,14.851856,17.843008,17.287685,18.744423,22.064768,19.998177,16.24929,16.992785,13.210079,13.014214,8.542302,12.054304,9.358885,12.83908,14.22156,17.651924,20.05377,19.62308,17.58013,14.127271,14.857762,10.3007965,13.1436205,8.562234,12.921197,15.193156,17.61694,20.81932,22.974083,17.868269,20.88362,21.125154,21.867334
18,15.014516,11.478945,11.789241,6.6108456,7.8583198,8.783225,10.006965,14.047227,13.770871,18.08595,19.137476,19.889431,18.959764,16.349243,13.056629,9.667626,6.0959373,5.596643,0.0,5.315229,6.5691147,9.115873,12.507698,14.869018,17.813923,19.02065,18.763397,15.587209,11.34779,9.414865,10.966717,8.069343,15.3136835,13.214046,17.50295,19.52447,20.974167,20.656319,16.284122,12.432917,17.311909,13.987527,15.191119,16.081266,17.318714,19.118874,19.279848,22.304972,25.424736,27.671827,26.952682,31.539473,33.791794,33.836617,29.53025,31.946201,27.449955,28.407936,29.554941,30.82138,27.618248,30.877075,27.10785,28.449596,28.989948,27.102003,29.855072,26.629475,28.662605,24.661415,20.997625,20.577158,20.002773,21.316483,21.560684,18.653343,22.213333,22.11189,23.4895,26.940798,24.993458,21.25958,22.504755,18.666761,18.030663,13.8318615,16.070047,11.469945,14.415864,14.257382,17.464708,19.052256,18.400946,17.315855,13.301884,15.7146845,12.225963,15.960355,12.84677,17.832851,20.610527,22.762527,25.782934,27.590103,21.885231,24.648872,24.049576,24.542858
19,14.702435,10.5079975,12.008672,7.559815,7.2491164,10.902325,9.657774,15.46266,14.513782,18.611176,19.887133,21.7055,21.341162,19.136145,15.951501,12.26775,9.660707,6.738618,5.315229,0.0,4.408624,6.2643733,10.149412,12.418147,14.814611,14.91039,15.120089,12.693077,7.407828,7.832593,8.883096,9.584684,16.298603,16.114904,19.60867,22.121788,24.084776,23.217066,19.348537,15.520124,18.891861,14.857247,14.773621,15.403632,15.282552,16.302252,15.500305,18.814102,22.109486,24.291502,23.73478,28.35464,30.598558,31.096518,27.223473,30.121782,25.66308,27.273384,28.412119,28.894674,25.666166,27.949556,23.777798,24.569563,24.595602,22.43314,24.947855,21.526031,23.496302,19.371086,15.7488575,15.7234955,15.391487,17.385012,18.286982,16.174952,20.317823,20.876156,22.896448,26.31304,25.070913,21.147308,21.77966,17.74541,15.907161,12.42293,12.544366,6.8783813,9.346193,8.9515085,12.312089,14.059297,13.875764,12.676877,9.385414,11.632657,8.2715025,11.999542,10.30618,15.349745,19.185318,20.300531,22.87553,24.227997,18.016918,20.805815,19.597645,20.489805
20,15.258047,11.387206,14.230904,9.959711,10.964193,14.222697,13.923973,19.363556,18.269527,22.581371,23.25018,24.994741,24.696405,22.067934,19.136673,15.105125,12.380652,9.986867,6.5691147,4.408624,0.0,4.723244,6.2447453,9.505167,11.4621725,12.588423,12.368462,9.460041,6.894748,6.156861,9.545595,9.338911,17.225067,17.238194,20.385923,23.367489,24.594799,23.28173,19.32513,15.220497,18.309772,13.208445,14.047666,13.117783,14.218558,14.087326,13.920221,16.469646,19.758072,22.290756,22.195585,26.750546,29.52035,30.235832,26.46644,29.611723,25.65475,27.273582,29.058802,29.810905,26.794502,28.964474,24.611734,25.768557,24.995098,23.699137,25.880016,22.63707,23.700718,19.990494,17.067087,16.44137,17.284021,18.161175,20.379261,17.905283,22.267385,23.199913,25.032965,28.544626,27.522774,23.643919,25.060795,21.00531,19.003761,15.854997,15.611404,9.852098,11.9127865,10.284926,13.547262,14.236978,14.716514,14.582256,11.692777,14.820207,12.198739,15.822316,14.534598,19.33337,23.184832,24.027105,26.343695,27.824654,21.458408,24.468845,22.814453,23.989946
21,11.5397215,7.8228803,11.908042,9.141076,10.478196,14.65179,14.765318,20.739256,20.554722,24.484982,26.122545,27.74644,27.004894,24.84754,21.22719,18.031958,14.548838,12.720015,9.115873,6.2643733,4.723244,0.0,6.1635256,6.3981586,10.049769,11.277356,13.056687,11.345054,9.721987,10.585644,13.494728,13.93298,21.65104,21.396185,24.846699,27.601316,28.98496,27.876015,23.804556,19.683823,23.028204,17.872498,18.569744,17.334286,18.07341,16.893753,15.911648,18.098125,21.554731,24.255526,24.675451,29.1382,32.091026,33.28112,29.91482,33.355797,29.472649,31.38335,33.07188,33.3943,30.342659,31.885338,27.301039,27.815008,26.454384,24.65562,26.341038,22.60607,23.24802,19.002258,16.572544,17.3313,18.391668,20.422781,22.833696,21.119865,25.608047,26.60897,28.726023,32.16049,31.160362,27.229794,27.888435,23.84633,21.59684,18.496883,17.448933,11.175367,11.866596,9.282652,11.29818,11.520515,11.064584,11.600237,8.631088,12.694075,11.676222,15.396252,15.5882015,20.645206,24.898846,25.596632,27.8423,28.580296,22.036913,24.23319,22.018288,22.585752
22,16.68047,13.55899,17.905912,14.765247,16.163235,19.904581,19.7299,25.476467,24.380255,28.629333,29.185566,31.152563,30.939844,28.258305,25.343885,21.301807,18.505632,16.20562,12.507698,10.149412,6.2447453,6.1635256,0.0,5.2009716,5.4841647,8.129537,8.486573,6.4798217,9.260599,9.452502,13.624289,14.15849,21.908972,22.598644,25.16057,28.546337,29.284782,27.46191,23.744093,19.664616,21.797783,15.805493,16.918139,13.971314,15.593382,12.845987,12.654333,13.638317,16.897198,19.897463,20.847975,25.071383,28.552746,29.989504,26.908865,30.609344,27.474377,29.461718,31.870401,32.371624,29.673077,30.933622,26.260277,27.267529,25.040747,24.55115,25.896017,22.745514,22.343355,19.153093,17.593243,17.007023,19.3683,19.67816,23.575836,21.51929,26.1417,27.691254,29.638172,33.105396,32.60154,28.768904,30.373016,26.32787,23.739136,21.26359,19.71733,13.900503,14.678498,11.647592,13.886325,12.9568615,14.341751,15.6638975,14.000466,17.688969,16.41035,19.692225,19.730282,24.259237,28.537971,28.687336,30.498665,31.62741,25.036379,27.899246,25.404993,26.812857
23,13.664461,11.441246,16.555857,14.892867,16.623875,20.733028,21.117317,27.11569,26.88279,30.843262,32.275135,34.009285,33.31462,31.012747,27.459658,24.14799,20.641144,18.908243,14.869018,12.418147,9.505167,6.3981586,5.2009716,0.0,5.4183326,8.530569,11.498348,10.976707,13.236427,14.197373,17.93687,18.505661,26.43914,26.596367,29.640549,32.754257,33.63078,32.11046,28.147312,23.981636,26.716333,20.841028,21.943827,19.170664,20.504616,17.392624,16.494404,17.162672,20.411175,23.46276,24.841394,28.896278,32.4737,34.282978,31.522388,35.385727,32.232346,34.384098,36.634182,36.836685,34.061234,34.91678,30.10104,30.534811,27.904795,26.87039,27.7485,24.147255,23.32204,19.64164,18.655167,19.448751,21.79217,23.216543,26.99017,25.486418,30.171417,31.645708,33.79534,37.231247,36.604336,32.69712,33.65583,29.60081,26.95431,24.321564,22.443928,16.279964,16.1269,12.55744,13.346918,11.724131,12.028626,14.259112,12.78927,17.04606,17.17927,20.472504,21.542091,26.328955,30.841583,31.029156,32.86816,33.34633,26.684868,28.739569,25.820127,26.542194
24,18.997099,16.48122,21.414444,19.158968,20.367125,24.616827,24.11477,30.218931,29.107794,33.18085,33.861084,36.13252,36.023743,33.47788,30.495216,26.500906,23.725111,21.224703,17.813923,14.814611,11.4621725,10.049769,5.4841647,5.4183326,0.0,4.874424,7.1398273,7.8492565,12.675581,13.997363,17.734056,19.273151,26.546793,27.821491,30.040272,33.607418,34.337944,32.248867,28.786877,24.80214,26.244549,20.094658,20.806383,17.210907,18.310736,13.897411,13.056182,12.6589985,15.657599,18.79028,20.650536,24.380796,28.233639,30.37956,28.110329,32.227844,29.695116,32.083935,34.71392,34.72812,32.270313,32.5402,27.684788,28.245613,24.852816,24.768566,25.262506,22.202835,20.53891,17.87562,17.682407,17.528736,20.834986,21.148188,26.021051,24.63902,29.359411,31.348635,33.517136,36.86773,36.811104,33.0078,34.394836,30.402147,27.30789,25.410059,22.75575,17.175978,16.854849,13.205035,14.173107,11.94125,14.096936,16.421587,16.112402,19.689365,19.502554,22.278227,23.468447,27.66189,32.3017,31.814173,33.15798,33.818947,27.210512,29.756365,26.60853,28.153772
25,20.663738,17.728054,22.332314,20.141026,20.45708,25.187471,23.572414,29.937609,28.411886,32.200413,32.876053,35.668148,35.927135,33.62375,30.82333,26.721422,24.46486,21.282139,19.02065,14.91039,12.588423,11.277356,8.129537,8.530569,4.874424,0.0,5.312417,7.9231043,11.400822,14.2234535,16.82444,19.991734,26.302193,28.402496,30.282385,33.90354,35.152496,32.94908,29.832567,26.008427,26.789803,20.95101,20.540648,17.597832,17.153969,12.597335,10.433496,10.478928,13.595721,16.37838,18.16788,21.869284,25.417597,27.832853,25.958338,30.255838,27.69375,30.47651,32.83699,32.224293,29.816994,29.332626,24.383532,24.420258,20.66874,20.403606,20.601236,17.529177,15.680521,13.129306,13.41246,13.471085,17.148012,17.80139,22.980225,22.34517,27.062595,29.35042,31.816628,34.987225,35.34954,31.595552,32.535915,28.676783,25.1082,23.898666,20.193266,15.219036,14.111598,10.501415,11.052643,8.618746,12.050289,14.153321,15.088818,17.768692,17.838457,19.888634,21.827782,25.398256,30.261919,29.116001,30.022337,30.40058,23.92512,26.42238,23.021378,25.003971
26,23.918247,20.557003,24.730946,21.543467,21.772085,25.981888,24.084862,30.014341,27.700094,31.711685,31.411913,34.39596,35.13251,32.45864,30.354454,25.663822,24.141758,20.629122,18.763397,15.120089,12.368462,13.056687,8.486573,11.498348,7.1398273,5.312417,0.0,4.084506,9.590885,11.660574,14.289787,17.55715,23.135138,25.933992,27.078306,30.987839,31.953465,29.356365,26.694782,23.16333,22.925627,17.131104,16.56397,13.107718,12.755487,7.512494,6.2197123,5.7034907,9.007516,11.979434,13.57619,17.448666,21.150799,23.298336,21.227686,25.493902,23.247755,25.92286,28.647669,28.355433,26.168694,25.972519,21.17735,22.005812,18.450022,19.30363,19.949177,17.713182,16.18504,14.735625,14.492066,12.473307,16.393787,15.168767,20.881449,19.647507,24.215097,26.699953,28.888334,32.037777,32.646706,29.06136,30.800583,27.037455,23.545494,22.673422,19.318321,15.103763,14.990359,12.228582,14.146253,12.6499405,16.312403,17.625908,18.064472,20.386686,19.2057,21.195843,22.040129,25.207922,29.71965,28.499718,29.296354,30.407904,24.146591,27.480648,24.590096,27.209213
27,22.686365,19.15868,22.995634,19.244202,19.742392,23.42116,21.937714,27.495493,25.155579,29.398455,28.849035,31.53821,32.195896,29.297367,27.328207,22.512142,21.031553,17.727955,15.587209,12.693077,9.460041,11.345054,6.4798217,10.976707,7.8492565,7.9231043,4.084506,0.0,7.4723926,8.119684,11.5606785,13.833261,19.901485,22.301943,23.585388,27.478794,28.222515,25.702597,22.852962,19.249521,19.352846,13.366787,13.411661,9.778239,10.5585165,6.494307,6.873581,7.55205,10.721225,13.61649,14.441369,18.650307,22.172016,23.645973,20.789207,24.690548,22.056608,24.299065,27.063343,27.39067,25.037718,25.852472,21.23584,22.65637,20.106644,20.773287,22.113108,19.834066,19.21636,17.315556,16.045351,13.664679,16.782614,15.267614,20.253918,18.182987,22.712528,24.857557,26.769238,30.077616,30.304623,26.687868,28.863039,25.019207,21.987207,20.591642,18.292824,13.8392515,14.745436,12.378609,15.170977,14.357018,17.316336,18.1992,17.609402,20.181797,18.212488,20.67631,20.499332,23.992844,28.180216,27.541729,28.760351,30.331472,24.044598,27.663095,25.268328,27.71148
28,20.725954,16.576977,19.06533,14.933395,14.251833,17.899723,15.248498,20.78219,18.136034,22.18798,21.91816,24.856539,25.658154,23.118505,21.197783,16.448702,15.583257,11.520293,11.34779,7.407828,6.894748,9.721987,9.260599,13.236427,12.675581,11.400822,9.590885,7.4723926,0.0,4.7556753,5.4978676,9.95192,15.207937,17.666838,19.396479,22.86798,24.656752,22.692717,19.775343,16.270575,17.00795,12.268624,10.795049,10.595559,9.020513,9.294691,8.235007,11.915087,15.046629,16.9978,16.342867,20.958813,23.283411,24.028004,20.484146,23.852385,19.885649,22.058346,23.76985,23.857128,20.937263,22.387772,17.865913,18.991692,18.2346,17.279522,19.661583,16.956268,18.398766,15.468872,12.354334,10.216613,11.376063,11.320891,14.39787,12.326244,17.011278,18.735823,20.95989,24.31535,24.226288,20.418425,21.874592,17.937826,14.90356,13.278569,11.131245,6.6878943,8.675053,7.9794316,11.946125,13.005098,15.190219,14.515598,13.476929,14.926486,11.80469,14.064737,13.185548,16.577982,20.73026,20.316647,21.888882,23.616146,17.360424,21.17721,19.488354,21.891964
29,21.322212,17.337885,19.514448,14.73313,14.82229,17.31914,15.758908,20.400301,17.73518,22.172705,21.273794,23.649832,24.347818,21.289879,19.707844,14.639859,13.864762,10.433744,9.414865,7.832593,6.156861,10.585644,9.452502,14.197373,13.997363,14.2234535,11.660574,8.119684,4.7556753,0.0,4.9072695,5.9515843,12.567384,14.355271,16.178532,19.788912,20.947706,18.934387,15.718919,12.019743,13.218755,8.032465,8.012561,7.5785465,8.358565,9.8647585,10.7278385,13.68113,16.47995,18.539482,17.701769,22.24049,24.66751,24.868637,20.766998,23.665462,19.750689,21.2295,23.253122,24.302668,21.454664,24.029503,19.96103,21.906681,21.664059,21.272676,23.865582,21.488811,22.85714,20.173567,17.091711,14.594612,15.444438,14.339786,16.767622,13.512874,17.724228,18.970987,20.55034,24.061079,23.497776,19.782242,22.232191,18.331799,16.241302,13.92406,13.826434,9.891218,12.776352,12.22747,16.178326,17.08525,18.778143,18.22333,16.196882,18.157774,14.523348,17.280796,15.015081,18.646927,22.050516,22.444273,24.409039,26.705263,20.773075,24.746218,23.555529,25.695608
30,23.547224,19.351202,20.611467,15.869068,14.802337,17.0631,14.062678,18.269169,14.67229,18.824476,17.447697,20.482084,21.81378,19.010185,18.076853,12.866933,13.513612,9.255375,10.966717,8.883096,9.545595,13.494728,13.624289,17.93687,17.734056,16.82444,14.289787,11.5606785,5.4978676,4.9072695,0.0,6.612842,9.798836,12.898148,14.150241,17.60877,19.673088,17.771421,15.233069,12.274847,12.534001,9.32956,6.883261,9.435193,7.4434214,11.18925,11.325722,15.182178,17.688303,19.045137,17.37192,21.861807,23.439419,23.195866,18.910835,21.425388,16.858768,18.393772,19.705614,20.44017,17.357035,20.20151,16.405373,18.338827,19.285427,18.414204,21.55995,19.493471,21.89276,19.369267,15.670865,12.770531,12.356882,11.243,12.268387,8.802006,12.980211,14.190564,16.013998,19.48929,19.114431,15.347607,17.591253,13.750823,11.476641,9.716372,9.724861,7.810844,11.1959305,12.169863,16.26948,17.97874,19.718592,18.326883,16.710224,17.404917,13.109102,14.992636,12.078178,14.704064,17.83679,17.971895,19.852848,22.516567,17.042755,21.406113,20.843615,23.343727
31,22.696035,18.929409,19.714682,14.517324,14.682215,15.273462,14.461795,17.362747,14.597693,19.150679,17.625599,19.251385,19.88594,16.42289,15.512095,10.299444,10.488519,8.085152,8.069343,9.584684,9.338911,13.93298,14.15849,18.505661,19.273151,19.991734,17.55715,13.833261,9.95192,5.9515843,6.612842,0.0,8.515041,8.602404,11.1434145,14.388191,15.441805,13.9915085,10.25477,6.4495974,9.490917,6.452835,7.5957227,9.630992,11.194897,14.759316,16.151478,19.1504,21.592896,23.333761,21.912664,26.265514,28.159575,27.537506,22.85584,24.78029,20.476824,20.988098,22.526806,24.461298,21.5414,25.511574,22.234245,24.626806,25.681032,25.026976,28.129084,25.918692,28.01047,25.194849,21.570595,19.141611,18.800556,17.71665,18.192125,14.142892,17.292072,17.47224,18.29229,21.824968,20.378984,16.855253,19.940727,16.300486,15.697459,12.574508,15.128543,12.477373,16.142176,16.545038,20.545877,22.007975,22.929382,21.821257,18.938223,20.560608,16.200058,18.987047,15.032939,18.461948,20.656017,22.169062,24.694553,27.570705,22.338734,26.326149,26.070385,27.82439
32,30.09877,26.218624,26.047052,21.037241,20.075546,19.732986,17.493593,18.242226,13.768395,17.362955,13.344694,15.658456,17.969725,14.571834,16.262897,11.365891,14.712564,12.317622,15.3136835,16.298603,17.225067,21.65104,21.908972,26.43914,26.546793,26.302193,23.135138,19.901485,15.207937,12.567384,9.798836,8.515041,0.0,6.292672,4.6921306,8.336408,10.639257,8.910925,7.9499435,7.852637,6.432913,9.407727,7.631689,12.859065,12.29059,18.10994,19.58528,22.905209,24.540054,25.246292,22.675768,26.436674,27.004358,25.202892,20.17937,20.636976,15.928568,15.373473,15.855354,18.521791,15.792715,21.199852,19.412554,22.459068,25.355982,24.972866,28.639845,27.451658,30.466383,28.46892,24.56025,21.242796,19.75212,17.51744,15.794443,11.25891,12.063132,11.333472,10.956825,14.262883,12.7865095,9.924124,14.660998,12.143215,12.901031,11.401607,15.284055,16.138105,19.845482,21.584255,25.626343,27.640703,28.936234,27.12894,24.847902,25.09638,20.202175,21.649105,16.783356,17.825842,18.253704,19.682335,21.873114,25.769505,22.186157,26.660309,27.546068,29.850706
33,27.92212,24.516336,23.55013,18.686275,18.32678,16.499924,15.981995,15.384733,12.260142,15.956608,12.877407,13.222976,14.337114,10.441336,12.041451,7.930409,11.158368,10.837965,13.214046,16.114904,17.238194,21.396185,22.598644,26.596367,27.821491,28.402496,25.933992,22.301943,17.666838,14.355271,12.898148,8.602404,6.292672,0.0,5.1251698,6.364191,8.23369,8.643601,5.4337773,5.359392,8.966047,11.56932,12.108652,16.152266,17.076643,22.127096,23.611818,26.847162,28.89234,30.090134,27.93995,31.920362,32.896523,31.28007,26.242073,26.756123,22.185028,21.43355,21.8034,24.61542,21.853973,27.275753,25.326555,28.023891,30.72383,29.764019,33.39139,31.589296,34.592064,31.856094,27.743841,25.295202,23.662764,22.590935,20.66168,16.426363,17.410755,15.945079,15.388215,18.425392,15.676581,13.073402,16.867447,14.416803,16.195744,13.136105,18.314016,17.998854,21.873135,23.373835,27.283289,29.36459,29.77598,27.970137,24.776829,25.472853,20.66151,22.75059,17.373365,19.38936,19.367718,22.115883,25.02523,28.595198,24.897488,28.750383,29.789352,31.23488
34,32.451775,28.846272,28.235374,23.269875,22.663286,21.304474,19.984781,19.409498,15.42901,18.616817,14.135718,15.221817,17.42642,13.811394,16.449574,12.403013,16.033453,14.893024,17.50295,19.60867,20.385923,24.846699,25.16057,29.640549,30.040272,30.282385,27.078306,23.585388,19.396479,16.178532,14.150241,11.1434145,4.6921306,5.1251698,0.0,4.2845907,5.9803147,4.9288344,5.0345674,7.3574834,6.5070467,11.513043,11.208577,15.82548,16.31494,21.998135,23.866364,26.912455,28.41369,29.13549,26.564417,30.10102,30.591644,28.43356,23.348932,23.145126,18.868073,17.46963,17.7649,21.17567,18.829636,24.744678,23.513296,26.73424,29.848408,29.573032,33.27222,32.132423,35.145523,33.102467,29.157297,25.925459,24.37808,22.1382,20.1225,15.690263,15.693107,14.28274,12.932233,15.6659,13.422565,11.575419,16.642376,14.872841,16.65635,14.903301,19.572493,20.331709,24.13077,25.802822,29.837507,31.84147,32.85989,31.06298,28.37528,28.788506,23.865362,25.473433,20.227324,21.245258,20.847536,22.938398,25.315195,29.353619,26.213123,30.492723,31.67742,33.698456
35,34.091095,30.702724,29.390638,24.710428,24.000254,21.77718,20.803963,18.82276,15.258081,17.684244,12.976601,12.967207,15.196979,11.823286,15.47028,12.687734,16.783997,16.534143,19.52447,22.121788,23.367489,27.601316,28.546337,32.754257,33.607418,33.90354,30.987839,27.478794,22.86798,19.788912,17.60877,14.388191,8.336408,6.364191,4.2845907,0.0,4.572131,6.381408,7.1276364,10.111866,10.556457,15.57685,15.418175,20.042868,20.446966,26.161516,27.844833,31.03934,32.616295,33.311893,30.667746,34.16519,34.42976,32.09753,27.056322,26.476528,22.180264,20.495543,20.104605,23.542679,21.281065,27.42211,26.603708,29.6346,33.227657,32.562325,36.38626,35.186478,38.53238,36.27991,32.130913,29.23916,27.215134,25.500713,22.632893,18.522755,17.856098,15.690433,13.865992,16.027878,12.919569,11.886457,16.501513,15.480527,18.242188,16.361137,21.79257,22.939238,26.733414,28.682613,32.60611,34.848938,35.473965,33.431522,30.510403,30.670227,25.740013,27.19247,21.61491,22.272913,20.95629,23.696634,26.294878,30.369715,27.859516,31.813002,33.474937,35.146725
36,35.581005,32.366066,31.386826,26.593164,26.472645,24.171967,23.972363,22.260265,19.153616,21.861124,17.46434,17.041145,18.708715,15.164935,18.390945,15.600306,18.938591,19.070988,20.974167,24.084776,24.594799,28.98496,29.284782,33.63078,34.337944,35.152496,31.953465,28.222515,24.656752,20.947706,19.673088,15.441805,10.639257,8.23369,5.9803147,4.572131,0.0,3.9344711,5.67461,9.73116,9.971855,15.357855,16.308813,20.102682,21.596592,26.972837,29.212828,31.937332,33.332947,34.13786,31.668457,34.998943,35.53107,33.12771,28.066816,27.360113,23.647762,21.6291,21.902811,25.847685,23.888783,30.054897,29.192741,32.549377,35.699432,35.548183,39.239742,38.079865,41.002125,38.87524,34.927876,31.793213,30.303646,28.06875,26.018269,21.637804,21.280426,19.51795,17.612772,19.708391,16.9799,16.11246,20.990335,19.805834,22.198273,20.17175,25.293669,25.741589,29.6005,31.099266,35.109837,37.03519,37.76619,36.061855,32.95702,33.646618,28.786293,30.630768,25.170555,26.337488,25.363754,28.01466,30.555868,34.6249,31.75985,35.82341,37.187454,38.89572
