,0,1,2,3,4,5,6,7,8,9,10,11,12,13,14,15,16,17,18,19,20,21,22,23,24,25,26,27,28,29,30,31,32,33,34,35,36,37,38,39,40,41,42,43,44,45,46,47,48,49,50,51,52,53,54,55,56,57,58,59,60,61,62,63,64,65,66,67,68,69,70,71,72,73,74,75,76,77,78,79,80,81,82,83,84,85,86,87,88,89,90,91,92,93,94,95,96,97,98,99,100,101,102,103,104,105,106,107,108,109,110
0,0.0,4.305656,6.192006,9.87258,12.18203,14.511993,17.833683,21.391386,24.41284,27.531858,29.846964,31.59235,28.209557,26.910425,22.069706,22.506695,17.052315,18.595272,13.800097,15.909636,14.674612,10.332729,14.924051,17.943514,18.831625,17.390112,23.293352,25.1814,21.3339,25.631657,23.704273,29.229195,32.158726,34.002903,36.275925,38.42061,41.95251,40.80532,38.26408,34.88063,35.8524,32.40142,29.728218,29.303703,25.925789,25.958778,22.058247,23.229584,21.666702,18.912891,17.27127,14.744994,10.632547,13.849274,17.681211,20.834572,23.66473,25.483683,29.84338,30.749514,27.780146,33.34707,33.018883,33.56211,37.94191,35.556725,39.29596,37.092827,41.06267,37.959534,33.242397,33.665936,31.934607,31.589994,32.318798,27.853216,30.617582,31.946095,32.179493,35.636745,33.79603,30.512098,33.35674,29.983265,28.757519,25.159733,26.585041,21.421753,23.98971,23.252281,25.84514,25.651842,30.227688,31.945442,35.088463,36.20042,35.359642,34.512966,29.841383,28.129198,24.359335,23.617939,19.501602,18.581688,19.597738,20.281706,24.117529,24.862923,26.402464,29.844913,31.509249
1,4.305656,0.0,5.311746,6.6080317,9.138731,12.2636595,14.955539,19.186214,21.469446,25.005995,26.955677,29.173805,26.051796,24.350859,19.71379,19.366476,13.898295,14.911628,9.720216,11.809611,10.494882,6.4880114,11.5127,14.290836,16.18331,14.887974,20.668571,22.11862,17.874838,21.912827,20.080158,25.2971,28.612349,30.100521,32.63355,34.78417,38.193825,37.120636,34.365864,30.882645,32.20663,28.655592,26.234743,25.942616,22.761866,23.103203,19.432308,21.116657,20.050558,17.538942,15.373838,13.85074,9.167916,13.216435,15.860312,19.54719,21.577097,23.815535,28.097277,28.792807,25.650314,30.896809,30.08172,30.438068,34.533638,31.966587,35.606308,33.253918,37.04981,33.930435,29.181507,29.440044,27.682228,27.29937,28.068306,23.630718,26.55182,27.978163,28.425539,31.93663,30.322844,26.8654,29.804317,26.319307,24.790365,21.408298,22.457262,17.315184,20.037605,19.480621,22.403305,22.621475,27.190687,28.930513,31.954947,32.81388,31.772549,30.714167,26.000732,24.037914,20.399908,19.347319,15.280697,14.5577345,15.528241,16.047804,20.196371,20.738869,22.6088,25.967287,27.934086
2,6.192006,5.311746,0.0,5.201322,6.895719,8.468534,12.109439,15.217508,18.481266,21.413685,23.91212,25.474787,22.176603,21.08146,16.119526,16.898348,11.6658125,13.584775,10.207017,12.618005,13.111534,9.951918,15.376183,16.685194,18.715925,16.099781,21.677883,22.765408,17.623226,21.83131,19.058596,24.93756,26.774866,29.082458,30.92659,33.01935,36.710896,35.53822,33.367256,30.349781,30.81279,28.028763,24.8845,25.302368,21.258274,22.399466,18.67036,20.364935,19.412231,16.189127,13.675565,11.340089,6.9375615,8.967777,12.411248,15.402298,18.356962,20.5299,24.495756,25.895195,23.199835,28.88213,28.311686,29.399975,33.38619,31.73178,35.460903,33.67461,37.549965,35.079807,30.16093,30.970133,28.589163,29.180006,28.878145,24.549116,27.058922,27.79677,27.81704,31.1366,28.862276,25.630783,27.982862,24.723125,24.061617,20.081797,22.533306,18.08004,20.973038,21.129967,23.662783,24.809114,28.752443,31.112576,33.960915,34.837116,33.860386,32.976284,28.464046,25.85051,23.29559,21.309992,18.062656,17.954458,17.817596,17.625193,21.1013,20.938461,21.981878,25.15418,26.4151
3,9.87258,6.6080317,5.201322,0.0,3.8634763,6.15244,9.124928,12.954745,15.032601,18.70082,20.356256,22.662199,19.644754,17.829393,13.269704,12.794134,7.3474917,8.893612,5.154408,8.39568,9.535621,8.180728,13.354406,13.95995,17.515966,15.205568,20.275354,20.568752,14.581567,18.182343,15.241597,20.618185,22.688227,24.36957,26.646809,28.60429,32.23633,31.293736,28.8195,25.759777,26.802393,24.105495,21.27201,22.240753,18.367138,20.34221,17.122744,19.611717,19.44976,16.66846,13.45975,12.759091,8.25367,10.741012,11.880185,15.416747,17.099028,19.974289,23.591372,24.831562,22.009,27.150034,25.74996,26.670668,30.044258,28.261744,31.792862,29.816359,33.309853,30.916174,25.926062,26.376497,23.774965,24.270042,23.71478,19.371248,21.879986,22.680458,22.86288,26.255716,24.248796,20.836346,23.486273,20.1326,19.15943,15.482562,17.74773,13.743359,17.089476,17.806808,20.848782,22.73021,26.530903,28.886705,31.495619,31.945494,30.637781,29.37575,24.866428,21.71729,19.593365,16.739527,13.790996,13.985845,13.172099,12.631252,16.083376,15.7578125,16.968473,20.17635,21.745428
4,12.18203,9.138731,6.895719,3.8634763,0.0,5.351408,5.817125,10.825369,12.612695,16.066053,18.567781,20.756609,18.276556,16.838095,12.218095,11.620147,6.975463,7.205501,6.0500765,7.195471,9.724679,9.008061,13.690936,12.879264,16.249187,13.152628,17.768396,17.79324,11.53608,15.371039,12.224229,18.140953,20.052809,22.47394,24.259762,26.602737,30.096107,28.782557,26.578522,23.543776,23.94352,21.223284,18.08051,18.952307,14.81069,16.8902,13.712746,16.289427,16.404228,13.586227,10.110604,10.009833,6.28748,8.365939,8.255606,12.084098,13.310838,16.207907,19.895164,20.981817,18.150982,23.333261,22.085728,23.170618,26.735214,25.23734,28.879011,27.235703,30.99222,28.900738,23.91984,25.07787,22.382103,23.923086,23.161291,19.205837,21.97739,22.380419,22.762184,26.034306,23.82205,20.2208,21.995571,18.461626,17.654427,13.4920025,16.019808,12.02471,15.018214,15.995219,18.51796,20.945755,24.217508,26.971766,29.436815,29.965683,28.813198,27.859224,23.621832,20.328978,19.056276,16.197735,14.287435,15.404357,14.701329,13.262853,17.143358,15.301138,16.821564,19.28678,20.883308
5,14.511993,12.2636595,8.468534,6.15244,5.351408,0.0,6.1190915,7.142486,10.499161,13.454176,15.505057,17.092962,13.890421,12.729358,7.7429996,8.930617,4.813268,7.9378853,8.745015,11.362366,14.205334,13.801396,18.654572,17.907932,21.574537,18.32516,22.612288,22.21188,15.351742,18.49513,14.345684,19.99582,19.704878,22.290333,23.639957,25.36586,29.349813,28.408903,26.722746,24.454296,24.464441,23.091663,19.471066,21.746653,16.946058,20.370258,17.595125,20.216097,20.525549,17.365305,13.83915,13.092708,10.130439,9.313223,9.549031,11.709522,13.9530325,17.03388,19.709154,21.952188,19.878256,25.13375,23.694237,25.557402,28.345314,27.840368,31.27875,30.03427,33.34963,31.89631,26.87175,27.84555,24.492115,26.148003,24.130838,20.229305,21.95423,21.725582,21.308235,24.298464,21.448067,18.45717,20.201887,17.316837,17.710474,13.483719,17.762426,15.432335,18.755991,20.440556,22.96527,25.95316,28.869217,31.803734,34.064552,34.38244,33.080566,31.934315,27.839273,23.965181,23.298527,19.430443,17.787718,18.586853,16.6163,15.25328,17.283062,15.941247,15.754991,18.453604,18.916544
6,17.833683,14.955539,12.109439,9.124928,5.817125,6.1190915,0.0,6.611704,7.3050394,10.526501,13.689603,15.775565,14.139856,13.106905,9.08781,8.255562,6.5423336,5.4872913,9.297767,9.128228,13.119989,13.912711,17.620096,15.1593485,18.829264,15.197615,18.28552,17.207514,10.133518,13.012098,8.693753,14.797991,14.965313,18.343029,19.288414,21.775846,25.303806,23.78429,22.167221,19.683582,19.121351,17.397959,13.596737,15.756354,10.837519,14.705604,12.501326,15.485654,16.55247,13.973728,10.261666,11.40553,9.945299,9.528925,6.2500305,9.127426,9.029857,12.539227,15.27794,16.780603,14.464651,19.305471,17.638653,19.446028,22.35022,21.933088,25.438503,24.477997,28.05344,26.889498,21.973183,23.781044,20.483372,23.437624,21.51457,18.290512,20.672937,20.174065,20.461674,23.340843,20.694296,17.17855,17.665167,14.248199,14.331403,9.636015,13.645302,11.551484,14.203982,16.301805,18.190971,21.953287,24.070023,27.35319,29.30447,29.571993,28.390596,27.552238,23.912796,19.921024,20.436441,16.690392,16.512352,18.44852,16.927132,14.507948,17.520504,13.989617,14.944143,16.291515,17.389626
7,21.391386,19.186214,15.217508,12.954745,10.825369,7.142486,6.611704,0.0,5.4076133,6.627979,9.765494,10.443832,8.032275,8.183397,4.2295294,6.883871,7.9942703,9.579348,13.905014,15.140788,19.011278,19.64782,23.806074,21.661192,25.418074,21.657736,24.580803,23.261784,16.218538,18.217245,13.377743,18.436167,15.322523,19.07208,19.046854,20.645952,24.748001,23.669653,23.019388,21.769442,20.427973,20.713367,16.509747,20.218786,14.97096,19.89295,18.185293,20.881832,21.96749,19.072153,15.63625,15.791668,14.785514,12.125633,9.880231,9.793608,11.074072,14.265987,15.173827,18.3204,17.304642,21.93569,20.242205,23.043837,24.841053,25.84003,28.968153,28.627298,31.606228,31.303501,26.524101,28.157629,24.241547,27.33655,24.017103,21.095404,22.149775,20.749914,20.013159,22.294443,18.735598,16.25894,16.12863,13.931273,15.905677,11.599989,17.406046,17.168722,19.948778,22.519361,24.317904,28.42326,30.170122,33.598976,35.324944,35.412018,34.136417,33.165905,29.755638,25.325348,26.350275,21.825724,21.77305,23.327774,20.768967,18.549053,19.570068,16.631058,15.453404,16.669315,15.9962435
8,24.41284,21.469446,18.481266,15.032601,12.612695,10.499161,7.3050394,5.4076133,0.0,4.629088,6.514414,9.084789,8.712421,7.6754675,6.537174,5.1190248,8.858003,8.186656,14.067529,14.264111,18.471706,20.34903,23.537985,20.554188,24.874811,21.506865,23.402887,21.276596,14.217409,14.851809,9.986998,13.81887,10.012002,13.736195,13.740589,15.552907,19.522272,18.43548,17.614218,16.493378,15.303919,16.076418,12.153609,16.81245,12.073022,17.912262,17.201286,20.346972,22.148224,20.00815,16.537819,18.05916,17.181688,15.677326,11.8843355,12.465743,11.180793,14.729312,15.051709,17.406467,16.329865,19.746555,17.009523,19.618244,20.488962,21.628162,24.429474,24.154804,26.703894,26.797142,22.187645,23.852182,19.72176,23.458166,19.685158,17.453121,18.475513,16.712902,16.402582,18.522047,15.257867,12.40703,11.42046,8.893526,11.081497,7.023319,13.156632,14.50043,16.964355,20.134203,21.847342,26.611076,27.78827,31.19824,32.521713,32.21728,30.753662,29.626661,26.639688,21.86661,23.933228,18.985136,20.106417,22.203636,19.454145,16.648954,17.438435,13.207273,12.27532,12.287007,11.950241
9,27.531858,25.005995,21.413685,18.70082,16.066053,13.454176,10.526501,6.627979,4.629088,0.0,6.1722245,6.2831936,7.400143,8.468171,8.480342,9.111979,12.90503,12.68785,18.413689,18.474258,22.739271,24.288273,27.597637,24.39585,28.214617,24.45113,25.948479,23.76671,17.241158,17.735817,13.110859,16.56916,10.873028,15.667983,14.113515,15.769068,19.645014,18.308882,18.684313,18.466047,15.825478,17.802364,13.558865,18.457714,13.644413,19.529488,19.15311,21.862371,23.709879,21.52227,18.416557,19.685583,19.715595,17.072079,13.225703,12.181636,11.016424,13.897655,12.761975,15.989146,15.962044,19.080523,16.806074,20.193481,20.666534,23.009508,25.624601,26.105875,28.593317,29.37112,25.079603,27.249062,23.106537,27.42483,23.308847,21.583202,22.24025,19.989359,19.374535,20.870413,17.20672,15.185584,12.757581,11.370681,14.457633,10.972598,16.905218,18.557678,20.53915,23.697132,24.815586,29.73216,30.365938,34.032684,35.169434,34.955284,33.6922,32.867645,30.242018,25.548643,28.045048,23.28436,24.627916,26.794874,24.077085,21.267567,21.802336,17.517115,16.148037,15.510417,14.235591
10,29.846964,26.955677,23.91212,20.356256,18.567781,15.505057,13.689603,9.765494,6.514414,6.1722245,0.0,4.6177535,6.194023,5.2476454,8.661819,7.943173,13.292036,13.430713,19.098461,19.858852,23.870922,26.119167,29.186474,26.281782,30.978613,27.846016,29.400272,26.885794,20.05623,19.655611,15.179048,16.887497,10.316431,12.920119,12.075535,12.168441,16.629412,16.534985,16.620167,17.132032,15.885823,18.810146,15.55817,21.230274,17.166231,23.404055,23.283955,26.419804,28.421259,26.38595,22.993423,24.40543,23.475233,21.576147,18.110426,17.846684,16.649906,19.802593,18.687449,21.521793,21.28744,23.668856,20.452751,23.33508,22.526657,24.691868,26.725597,26.863802,28.31723,29.311235,25.150055,26.293049,21.772657,25.42515,20.30449,18.95522,18.393255,15.599285,14.337189,15.319338,11.38429,10.218847,7.837363,7.933515,12.042946,10.232535,16.248472,19.417015,21.8138,25.34351,27.107414,32.18277,32.98994,36.315952,37.278214,36.573627,34.887424,33.46692,30.885708,25.788647,28.47428,22.919598,24.466528,26.345522,22.812023,20.176945,18.98021,15.35687,12.514761,11.556196,8.967876
11,31.59235,29.173805,25.474787,22.662199,20.756609,17.092962,15.775565,10.443832,9.084789,6.2831936,4.6177535,0.0,4.616419,6.7398744,9.932103,11.277599,16.024845,16.799831,22.292742,23.202534,27.294016,29.013744,32.48682,29.626175,33.902893,30.352259,31.983925,29.651619,22.970877,22.972178,18.39979,20.655855,13.506565,16.937525,15.065029,15.023539,19.245031,18.94889,19.968391,20.923254,18.641436,22.008688,18.350985,23.876202,19.476706,25.576965,25.348936,28.132317,29.972366,27.685947,24.501978,25.420681,25.012106,22.143118,19.033096,17.67271,17.188147,19.80704,17.88889,21.492048,21.959063,24.497084,21.927578,25.368004,24.654417,27.547466,29.607641,30.223166,31.84126,33.13495,29.06637,30.593105,26.127312,29.999304,24.897598,23.54735,22.92036,20.053745,18.519388,19.131008,14.973976,14.543382,11.816037,12.420276,16.56168,14.397135,20.503239,23.22185,25.500788,28.9019,30.345768,35.383106,36.033985,39.574627,40.55949,40.049725,38.55457,37.39005,34.862263,29.871819,32.510323,27.151598,28.477762,30.289476,26.837395,24.309418,23.213333,19.84455,16.918386,16.136328,13.197146
12,28.209557,26.051796,22.176603,19.644754,18.276556,13.890421,14.139856,8.032275,8.712421,7.400143,6.194023,4.616419,0.0,3.95799,6.416071,9.326224,13.236379,15.178639,19.894344,21.634537,25.46509,26.707582,30.677893,28.48799,32.81136,29.29223,31.744024,29.859535,22.774662,23.54132,18.694435,21.883905,16.021677,18.979479,18.169956,18.201267,22.655615,22.508438,22.782434,23.042963,21.541786,23.932402,20.119295,25.207844,20.399853,26.201542,25.265629,28.080875,29.51836,26.82143,23.459307,23.737682,22.73656,19.827316,17.67977,16.612846,17.337477,20.184214,19.22027,22.996195,22.96664,26.455162,24.144598,27.376898,27.46189,29.602621,32.02063,32.13014,34.052826,34.69277,30.2591,31.409853,26.979223,30.060875,25.285568,23.14651,22.57924,20.175459,18.37511,19.527649,15.27616,14.614612,13.662031,13.609988,17.243238,14.528107,20.862495,22.6874,25.495064,28.63924,30.53174,35.15767,36.47656,39.892384,41.23115,40.874485,39.33353,38.02918,34.99774,30.07419,31.864109,26.502302,26.998892,28.369593,24.829481,22.709297,21.531836,19.153034,15.972401,16.478918,13.734147
13,26.910425,24.350859,21.08146,17.829393,16.838095,12.729358,13.106905,8.183397,7.6754675,8.468171,5.2476454,6.7398744,3.95799,0.0,5.1095066,6.392621,10.833438,12.746271,17.334091,19.319387,22.969444,24.626291,28.35595,26.3406,31.114523,28.018349,30.56586,28.59317,21.324411,21.851652,17.098288,19.865904,14.787858,16.685589,16.877573,16.745422,21.309587,21.505264,21.039284,20.970972,20.500772,22.492125,19.103018,24.221136,19.707033,25.548683,24.609613,27.731602,29.24462,26.702589,23.126863,23.710024,22.061989,20.06113,17.822123,17.75072,18.0291,21.30538,20.96382,24.18311,23.601545,26.99017,24.182093,26.936867,26.917755,28.418564,30.77701,30.428589,32.126884,32.459564,27.952938,28.575438,24.116735,26.668625,21.855453,19.553425,18.810165,16.558098,14.712039,16.178383,12.066724,11.093939,11.28887,10.983548,14.307078,11.990262,18.151134,20.227829,23.295101,26.49996,28.803104,33.37519,34.954105,38.129593,39.486317,38.947956,37.20696,35.608936,32.455048,27.44396,29.075384,23.467556,23.92195,25.165213,21.372856,19.336494,17.694845,15.669633,12.159015,13.09212,10.493382
14,22.069706,19.71379,16.119526,13.269704,12.218095,7.7429996,9.08781,4.2295294,6.537174,8.480342,8.661819,9.932103,6.416071,5.1095066,0.0,4.962761,7.0043697,9.791414,13.722757,15.955554,19.524282,20.484743,24.676342,23.012152,27.390226,24.098871,27.256348,25.822159,18.497295,20.066,15.218974,19.452257,16.065672,18.626991,19.200306,20.019348,24.407808,24.00372,23.093803,22.083042,21.600079,22.277945,18.520943,22.717087,17.791796,22.979404,21.350052,24.308496,25.417007,22.571516,18.977388,19.074959,17.21165,15.18755,13.583232,13.932969,15.110187,18.426058,19.133232,22.247946,21.183271,25.473505,23.245955,25.841713,27.016731,27.861437,30.73663,30.109102,32.557076,32.225952,27.419628,28.305763,24.168926,26.53203,22.72652,19.662981,19.972279,18.509544,17.246534,19.47885,15.816617,13.770533,14.634169,12.9483,15.161013,11.584814,17.566607,18.004389,21.24706,23.993435,26.342043,30.440512,32.472687,35.655792,37.364838,37.18484,35.63052,34.242626,30.700289,26.023827,26.870413,21.78813,21.50146,22.638538,19.39424,17.500063,17.249691,15.327779,13.044326,14.88076,13.656499
15,22.506695,19.366476,16.898348,12.794134,11.620147,8.930617,8.255562,6.883871,5.1190248,9.111979,7.943173,11.277599,9.326224,6.392621,4.962761,0.0,5.519733,6.423601,11.350618,12.997229,16.67465,18.68628,22.090992,20.023659,24.99064,22.222998,24.896849,23.041517,15.67451,16.478958,11.856644,15.238597,12.826534,14.435399,15.940175,16.937466,21.13914,20.84689,19.204674,17.78234,18.258188,18.536165,15.379102,19.707497,15.4038725,20.773829,19.593294,22.949839,24.445618,22.151104,18.439144,19.531942,17.373493,16.727509,14.133308,15.589295,15.228216,18.902267,19.876932,22.100254,20.565126,24.186052,21.23656,23.251122,24.066683,24.332567,27.039412,26.046062,28.223488,27.736525,22.943985,23.50169,19.316027,21.634834,17.804247,14.8111925,15.3744545,14.056445,13.347513,15.959981,12.877008,9.895067,11.362409,8.884302,10.386434,7.054341,12.863061,14.031241,17.33993,20.371248,22.979578,27.310602,29.259394,32.243435,33.78293,33.315666,31.555552,29.918451,26.47214,21.607458,22.814491,17.381245,17.698906,19.169174,15.766106,13.4384165,13.217377,10.4693575,8.584495,10.313302,10.090526
16,17.052315,13.898295,11.6658125,7.3474917,6.975463,4.813268,6.5423336,7.9942703,8.858003,12.90503,13.292036,16.024845,13.236379,10.833438,7.0043697,5.519733,0.0,4.619712,6.7441363,9.648585,12.748251,13.887855,17.95727,16.868174,21.584473,18.96688,22.69696,21.65892,14.425384,16.564001,12.396802,17.01059,16.949692,18.476614,20.527617,21.961351,25.918596,25.370262,23.231792,20.937294,21.840515,20.626938,17.551794,20.447426,16.135893,20.238964,18.103392,21.272429,22.140173,19.55289,15.8298,16.256458,13.121315,13.437183,12.202242,14.719773,15.403215,18.94661,21.200636,23.08701,20.900934,25.362099,23.029251,24.571827,26.583826,25.847612,28.9801,27.456625,30.233269,28.819242,23.803797,24.197206,20.610546,21.961578,19.556456,15.638879,17.151737,16.984959,16.675583,19.805826,17.305353,14.074043,16.49471,13.516816,13.542885,9.865712,14.064943,12.766509,16.468237,18.67563,21.671848,25.108984,27.920635,30.664238,32.68544,32.5694,30.933104,29.361057,25.334923,21.026869,20.773085,16.06858,14.905342,15.853238,13.071775,11.387037,12.738108,11.348087,10.998934,13.947355,14.767752
17,18.595272,14.911628,13.584775,8.893612,7.205501,7.9378853,5.4872913,9.579348,8.186656,12.68785,13.430713,16.799831,15.178639,12.746271,9.791414,6.423601,4.619712,0.0,6.1824303,6.6046143,10.5138645,12.822659,15.835564,13.621452,18.636742,16.175545,19.114199,17.614672,10.336668,12.019348,8.074319,12.632514,14.016812,15.520969,17.829842,19.883522,23.374193,22.466198,19.96232,17.13931,18.278173,16.328466,13.593789,16.162235,12.340407,16.415861,14.758818,18.215586,19.545034,17.586256,13.905208,15.564449,12.96184,14.160288,11.465349,14.599973,13.701029,17.338448,19.75451,20.787561,18.261156,22.128252,19.448263,20.52263,22.587963,21.401161,24.554592,22.898157,25.82726,24.311077,19.284382,20.021538,16.556974,18.606165,16.631334,13.03146,15.480356,15.455757,16.030876,19.232336,17.255945,13.384922,15.198758,11.522984,10.52026,6.5915613,9.858903,8.412229,11.986463,14.495408,17.395588,21.245604,23.7157,26.509033,28.355207,28.131804,26.483185,24.981173,21.136642,16.716248,17.118206,12.395614,12.304667,14.204142,11.987212,9.342077,12.130831,8.736993,10.198141,12.138098,14.072701
18,13.800097,9.720216,10.207017,5.154408,6.0500765,8.745015,9.297767,13.905014,14.067529,18.413689,19.098461,22.292742,19.894344,17.334091,13.722757,11.350618,6.7441363,6.1824303,0.0,4.83743,6.310799,7.7941213,11.458471,11.332111,16.257566,14.7336645,18.9697,18.553986,12.376171,15.019595,12.520859,16.833822,19.914211,20.610968,23.572079,25.49103,28.834723,28.089422,25.093225,21.76876,23.717457,20.752665,18.641739,19.763618,16.622078,18.941883,16.42998,19.477911,19.985365,17.965017,14.609451,15.41834,11.385801,14.400082,13.701748,17.569912,17.715536,20.97106,24.301464,25.019455,22.01086,26.30628,24.118626,24.541357,27.342136,25.085411,28.352917,26.007204,29.105495,26.566233,21.595829,21.539606,18.959684,19.125835,18.772924,14.404911,17.287687,18.448214,19.136127,22.656752,21.2717,17.532814,20.548992,16.991678,15.172975,12.231379,13.343879,9.574013,13.289283,14.393192,17.99132,20.332766,24.019253,26.162794,28.527225,28.550179,26.920559,25.261862,20.765203,17.261818,15.404011,11.828455,9.185218,9.892246,8.6581545,7.5664554,11.750764,11.098343,13.226047,16.323053,18.660936
19,15.909636,11.809611,12.618005,8.39568,7.195471,11.362366,9.128228,15.140788,14.264111,18.474258,19.858852,23.202534,21.634537,19.319387,15.955554,12.997229,9.648585,6.6046143,4.83743,0.0,4.3364797,7.334043,9.339351,7.2584987,12.479751,10.952465,14.457381,13.791089,7.977964,10.750579,9.308268,13.613935,18.237848,19.254805,22.080366,24.642662,27.45263,26.208149,23.088469,19.29513,21.104921,17.204395,15.479489,15.557226,13.140905,14.64542,12.409602,15.575478,16.434452,15.124778,12.013256,14.0662775,10.986988,14.599349,12.67562,16.920256,15.8352585,18.880516,22.454245,22.29587,18.96262,22.753267,20.594103,20.467999,23.688162,20.892847,24.290276,21.864992,25.394625,22.650433,17.72378,18.377266,16.253077,17.358982,17.79743,14.038029,17.819803,18.964258,20.348415,23.767992,22.647118,18.55491,20.665491,16.724718,14.257937,11.335713,10.888932,5.5848374,8.812474,9.722087,13.16745,15.785,19.23117,21.525272,23.832071,23.936937,22.44614,21.089285,16.713423,13.388845,12.003244,9.173199,7.850954,10.084795,10.245695,8.14848,13.709725,11.087766,14.597247,16.543465,19.521946
20,14.674612,10.494882,13.111534,9.535621,9.724679,14.205334,13.119989,19.011278,18.471706,22.739271,23.870922,27.294016,25.46509,22.969444,19.524282,16.67465,12.748251,10.5138645,6.310799,4.3364797,0.0,4.7573953,5.5185895,5.7532864,10.865255,10.87594,14.851847,14.972669,10.938396,13.574782,13.22461,16.69819,22.178253,22.54326,25.803802,28.251406,30.880022,29.779129,26.314371,22.271708,24.697714,20.302025,19.195398,18.470522,16.835188,17.194427,14.788888,17.46887,17.814426,16.826735,14.286289,15.904525,12.335666,16.925888,15.994592,20.402914,19.665804,22.440844,26.348774,25.908764,22.378363,26.076027,24.112436,23.457071,26.890682,23.365942,26.648382,23.730553,27.184057,23.731985,19.096487,19.052069,17.766247,17.460741,19.191956,15.277483,19.259071,21.103514,22.653343,26.178942,25.52893,21.50528,24.21978,20.354467,17.443874,15.192247,13.667671,8.005524,10.496885,10.005159,13.831162,14.953841,19.281055,20.839302,23.450052,23.656004,22.162119,20.654282,15.916094,13.626969,10.267748,9.096245,5.761737,7.1817465,9.164564,8.376909,14.440303,13.296049,17.10081,19.445387,22.700838
21,10.332729,6.4880114,9.951918,8.180728,9.008061,13.801396,13.912711,19.64782,20.34903,24.288273,26.119167,29.013744,26.707582,24.626291,20.484743,18.68628,13.887855,12.822659,7.7941213,7.334043,4.7573953,0.0,5.4608073,7.9129305,10.640507,10.211888,15.487847,16.686197,13.1836,16.840717,16.140446,20.605434,25.471571,26.535305,29.396353,31.909527,34.77868,33.517815,30.36426,26.438698,28.237215,23.898632,22.231667,21.163725,19.002766,18.69757,15.481066,17.48656,16.964977,15.465078,13.319215,13.725414,9.681732,14.82914,15.383434,19.753546,20.100971,22.47634,26.841799,26.607584,23.07089,27.49871,26.291855,25.906614,29.994995,26.687405,30.217094,27.53429,31.362234,27.90045,23.327955,23.64202,22.425085,22.167799,23.815493,19.73994,23.443375,25.155994,26.341316,29.89811,28.841648,24.94876,27.619709,23.792652,21.399553,18.503422,17.945835,12.123055,14.313299,13.272648,16.39757,16.531254,21.210815,22.769361,25.727037,26.445665,25.335817,24.259525,19.551128,17.902798,14.098786,13.829915,10.109337,10.346738,12.500432,12.410998,17.941992,17.390944,20.564157,23.263134,26.07279
22,14.924051,11.5127,15.376183,13.354406,13.690936,18.654572,17.620096,23.806074,23.537985,27.597637,29.186474,32.48682,30.677893,28.35595,24.676342,22.090992,17.95727,15.835564,11.458471,9.339351,5.5185895,5.4608073,0.0,5.3679824,7.654834,9.717586,13.708915,15.041393,13.617027,16.407146,17.26024,20.40777,26.776758,27.191479,30.415527,33.115273,35.403072,34.068264,30.50233,26.189478,28.60463,23.48322,22.833488,20.749353,19.996792,18.612133,16.06931,17.852531,17.543621,17.236767,15.754431,17.16346,14.026636,19.355482,19.076372,23.566113,22.898352,25.094776,29.47217,28.415121,24.651037,28.168896,26.798082,25.523829,29.605566,25.359165,28.636835,25.466202,29.217468,25.11869,21.05178,21.084728,20.918526,20.11656,23.166487,19.616957,23.83813,26.005669,27.790842,31.297348,30.898027,26.85519,29.465872,25.542395,22.383417,20.307344,17.975714,11.953599,12.964195,10.74993,13.885419,12.777492,17.901182,18.66984,21.692871,22.369705,21.269367,20.176117,15.467151,15.036584,10.145739,12.101357,8.730683,9.3188095,13.08723,13.074445,19.140493,18.332445,22.429144,24.612867,28.068098
23,17.943514,14.290836,16.685194,13.95995,12.879264,17.907932,15.1593485,21.661192,20.554188,24.39585,26.281782,29.626175,28.48799,26.3406,23.012152,20.023659,16.868174,13.621452,11.332111,7.2584987,5.7532864,7.9129305,5.3679824,0.0,6.0081186,7.022945,9.64183,10.051304,8.770625,11.2559185,12.809542,15.72178,22.50729,23.311138,26.176842,29.230402,31.217365,29.550428,26.136951,21.763855,23.788418,18.403803,17.91571,15.436086,15.163531,13.626328,11.661566,13.855958,14.360961,14.5841465,12.9798155,15.6487055,13.535168,18.300938,16.578514,20.985226,19.246447,21.423405,25.543615,24.058956,20.2799,23.235598,21.668194,20.206604,24.30324,20.051357,23.423199,20.451494,24.507935,20.710604,16.506258,17.494415,17.19547,17.937464,20.611347,17.639494,22.14037,23.837091,25.887972,29.219543,28.725002,24.529388,26.283041,22.254683,19.043127,16.938042,14.137656,7.952219,8.022241,5.6953177,8.812406,9.236782,13.694715,15.271981,18.023815,18.58845,17.489607,16.665531,12.176065,11.126797,8.039083,9.625572,8.626055,11.0498495,13.835547,12.450238,18.731535,16.145962,20.629751,21.93155,25.514576
24,18.831625,16.18331,18.715925,17.515966,16.249187,21.574537,18.829264,25.418074,24.874811,28.214617,30.978613,33.902893,32.81136,31.114523,27.390226,24.99064,21.584473,18.636742,16.257566,12.479751,10.865255,10.640507,7.654834,6.0081186,0.0,4.8133845,6.986754,9.690263,11.83462,14.751772,16.90548,20.068666,26.872627,28.356499,30.703365,34.09868,35.85208,33.75824,30.649147,26.272614,27.557888,21.799707,21.299864,17.433311,17.726969,14.0769415,11.84461,12.406864,11.910575,13.081586,13.074089,15.414291,14.444737,19.388636,18.309793,22.491806,20.97428,22.231571,26.810331,24.681515,20.817493,23.69936,23.26923,21.442846,26.496885,22.03264,25.497463,22.805525,27.401365,23.443987,19.952526,21.669321,22.076008,23.107183,26.249182,23.54761,28.099491,29.732407,31.796453,35.08929,34.44622,30.23731,31.560505,27.50127,24.499477,22.08799,19.459042,13.426366,12.415809,9.145256,9.730316,7.109121,11.997893,13.2245455,16.492613,18.047373,17.860794,18.139711,14.374498,15.125461,11.993068,15.273984,14.238988,16.09796,19.45134,18.377537,24.670881,22.06787,26.480768,27.634249,31.104452
25,17.390112,14.887974,16.099781,15.205568,13.152628,18.32516,15.197615,21.657736,21.506865,24.45113,27.846016,30.352259,29.29223,28.018349,24.098871,22.222998,18.96688,16.175545,14.7336645,10.952465,10.87594,10.211888,9.717586,7.022945,4.8133845,0.0,5.905204,8.4484005,9.07137,13.024617,14.253445,18.608953,24.32405,26.724096,28.469477,31.971949,34.013577,31.722816,29.1081,25.033922,25.40961,20.135744,18.713396,15.219399,14.433588,11.0071,7.871263,8.492802,7.884771,8.431543,8.2865,10.884849,10.662273,15.099118,13.782764,17.82532,16.478867,17.594784,22.31275,20.439758,16.606485,20.225893,20.175234,19.071547,24.446726,20.881357,24.678118,22.627342,27.494654,24.266537,20.346395,22.73642,22.279243,24.31386,26.333048,23.502338,27.818497,28.91444,30.663996,33.89427,32.696777,28.54065,29.373755,25.338837,22.963211,19.832598,18.420328,12.517123,11.945072,9.799566,10.0078335,9.70354,13.299874,15.732976,18.684118,20.239458,20.09177,20.50497,16.879831,16.372328,14.504936,16.09343,15.336518,17.473228,19.882639,18.322964,24.386057,21.204546,25.12443,26.183548,29.198477
26,23.293352,20.668571,21.677883,20.275354,17.768396,22.612288,18.28552,24.580803,23.402887,25.948479,29.400272,31.983925,31.744024,30.56586,27.256348,24.896849,22.69696,19.114199,18.9697,14.457381,14.851847,15.487847,13.708915,9.64183,6.986754,5.905204,0.0,4.063587,9.494661,11.728921,14.626889,17.469875,23.887157,26.31325,27.688982,31.535511,32.83506,30.161394,27.671074,23.573822,23.617659,17.83385,17.336422,12.335491,13.562812,8.2853985,7.318521,7.086302,7.8523946,10.539642,11.265187,14.886862,15.818889,19.384705,16.816404,20.302216,17.523844,18.119743,22.298853,19.293041,15.545549,17.438755,17.537586,15.426133,21.04604,16.95126,20.57309,18.73419,23.894667,20.779871,17.6553,20.963594,21.203466,24.171186,26.525541,24.633352,29.104939,30.022003,32.17473,35.12429,34.213535,30.046162,30.086325,26.142723,23.560827,21.0365,18.598108,13.694108,11.387474,8.961168,6.567312,6.3506365,7.9962125,11.090098,13.676824,15.501593,15.874036,17.139233,14.645062,14.970869,14.6802225,17.05324,17.891537,20.642696,23.064514,21.03705,27.011534,22.870047,27.168112,27.284472,30.533934
27,25.1814,22.11862,22.765408,20.568752,17.79324,22.21188,17.207514,23.261784,21.276596,23.76671,26.885794,29.651619,29.859535,28.59317,25.822159,23.041517,21.65892,17.614672,18.553986,13.791089,14.972669,16.686197,15.041393,10.051304,9.690263,8.4484005,4.063587,0.0,7.401211,8.261711,11.860147,13.825683,20.456804,22.76974,24.0477,27.954086,29.011517,26.292473,23.80047,19.74113,19.763369,13.863133,13.767407,8.526656,10.66324,5.77048,6.5887604,7.6847034,9.834577,12.167153,12.050411,16.25295,17.084932,20.134315,16.600086,19.907297,16.260727,17.213028,20.785496,17.675524,14.041006,15.090527,14.348768,11.924256,17.20692,12.977627,16.654736,14.872216,20.06498,17.301378,14.07716,17.861128,17.904934,21.640333,23.58389,22.17227,26.543005,27.209337,29.485857,32.237698,31.439148,27.326893,26.972036,23.12928,20.51066,18.360048,15.566697,11.621353,8.67377,7.18163,3.8790424,7.129208,7.131324,10.924329,12.781123,13.933657,13.93124,15.006351,12.8739805,12.393539,13.688001,15.220758,17.146841,20.331602,22.179707,19.710096,25.3215,20.53804,24.851044,24.417902,27.709295
28,21.3339,17.874838,17.623226,14.581567,11.53608,15.351742,10.133518,16.218538,14.217409,17.241158,20.05623,22.970877,22.774662,21.324411,18.497295,15.67451,14.425384,10.336668,12.376171,7.977964,10.938396,13.1836,13.617027,8.770625,11.83462,9.07137,9.494661,7.401211,0.0,4.8000216,5.3356533,9.969787,15.298633,17.885796,19.400513,22.960909,24.982323,22.719893,20.216738,16.377884,16.53793,11.756269,9.909128,8.088746,6.4132867,6.7962446,5.777776,9.368389,11.503144,11.441511,9.075371,13.104247,12.8399935,15.31372,11.261149,14.915656,11.613164,13.980011,17.41668,15.921907,12.368422,15.224979,13.32171,12.809625,16.96599,14.256874,18.068705,16.421646,20.89503,18.801807,14.223783,17.13966,15.37548,19.12742,19.466461,17.272882,21.23347,21.547531,23.341337,26.233774,24.943062,20.830648,20.82857,16.851015,14.679345,11.630389,10.516294,6.42687,5.9841475,7.349972,8.147277,12.523,14.017061,17.383574,19.19245,19.554262,18.618792,18.338495,15.138184,12.111177,13.453738,11.954289,13.544401,16.722658,17.23157,14.383217,19.485727,14.575932,18.285944,18.300045,21.220436
29,25.631657,21.912827,21.83131,18.182343,15.371039,18.49513,13.012098,18.217245,14.851809,17.735817,19.655611,22.972178,23.54132,21.851652,20.066,16.478958,16.564001,12.019348,15.019595,10.750579,13.574782,16.840717,16.407146,11.2559185,14.751772,13.024617,11.728921,8.261711,4.8000216,0.0,4.914426,5.8181376,12.727887,14.5896845,16.255016,19.953682,21.343803,19.031536,16.217196,12.145023,12.823952,7.3599143,7.0293255,5.3814206,6.230342,7.785702,9.145548,12.414068,15.119519,15.687798,13.598849,17.738579,17.525373,19.647104,15.102228,18.176142,13.978914,16.357279,18.73369,16.881733,13.805253,14.804406,11.647723,10.408615,13.357787,10.177197,13.736311,11.932173,16.174622,14.440893,9.864106,13.327145,11.5223875,16.384066,16.536016,15.402806,19.305573,19.425856,21.64311,24.200338,23.39942,19.367926,18.814993,15.019838,12.377469,10.660735,7.830275,6.4823294,4.4144797,7.3274775,7.657805,13.195303,13.409488,16.67973,17.723177,17.387594,16.108088,15.583041,13.167876,9.478235,12.963816,10.985524,14.287322,17.820019,17.956598,14.758381,19.19962,13.474095,17.446,16.397655,19.656075
30,23.704273,20.080158,19.058596,15.241597,12.224229,14.345684,8.693753,13.377743,9.986998,13.110859,15.179048,18.39979,18.694435,17.098288,15.218974,11.856644,12.396802,8.074319,12.520859,9.308268,13.22461,16.140446,17.26024,12.809542,16.90548,14.253445,14.626889,11.860147,5.3356533,4.914426,0.0,6.531687,10.150143,12.986451,14.341095,17.761381,20.098293,18.05931,15.715328,12.352002,12.342934,9.014717,6.2427015,8.164451,5.0725245,9.723415,9.877925,13.486716,15.917401,15.301716,12.371024,15.917279,15.400793,16.58824,11.860876,14.667554,10.923129,14.04566,16.155407,15.569243,12.838815,15.175801,11.996077,12.525597,14.908509,13.569428,16.966639,15.8007765,19.428726,18.394133,13.628603,16.272808,13.258826,17.805347,16.439863,14.618507,17.87214,17.454582,19.031666,21.654516,20.13208,16.15231,15.588307,11.681714,10.040942,6.7968493,7.2490306,6.7139306,7.542615,10.746513,11.983473,17.095304,17.934322,21.281187,22.541561,22.283232,20.93643,20.131771,17.306969,13.010221,15.697279,12.157327,14.58748,17.760813,16.849926,13.526811,17.213602,11.466416,14.405787,13.728235,16.312174
31,29.229195,25.2971,24.93756,20.618185,18.140953,19.99582,14.797991,18.436167,13.81887,16.56916,16.887497,20.655855,21.883905,19.865904,19.452257,15.238597,17.01059,12.632514,16.833822,13.613935,16.69819,20.605434,20.40777,15.72178,20.068666,18.608953,17.469875,13.825683,9.969787,5.8181376,6.531687,0.0,8.554355,9.013959,11.184937,14.655311,15.822054,13.91459,10.598512,6.440307,8.4903555,4.513592,5.6974864,8.248363,8.907115,12.744077,14.514025,17.817163,20.648338,20.884953,18.401093,22.240278,21.657917,23.11676,18.330116,20.779312,16.45776,19.219654,20.31833,19.137932,16.915102,16.95914,12.556609,11.922136,11.891122,9.963379,12.347999,10.820913,13.413724,12.981875,8.523155,11.262825,8.020484,14.060304,12.469462,12.522669,15.609968,15.08122,17.443886,19.516298,19.061867,15.321913,14.189546,10.82081,8.035392,8.270487,4.9023733,8.711187,7.9801373,11.664521,12.579924,18.108952,17.852856,20.714645,21.098717,19.95722,18.162273,16.901428,15.18456,10.463809,15.284329,11.578444,15.833277,19.241241,18.184198,14.751554,17.45837,11.117367,14.463866,12.151942,15.431476
32,32.158726,28.612349,26.774866,22.688227,20.052809,19.704878,14.965313,15.322523,10.012002,10.873028,10.316431,13.506565,16.021677,14.787858,16.065672,12.826534,16.949692,14.016812,19.914211,18.237848,22.178253,25.471571,26.776758,22.50729,26.872627,24.32405,23.887157,20.456804,15.298633,12.727887,10.150143,8.554355,0.0,6.21488,4.5411854,8.146411,10.689014,8.821643,8.057343,7.9080377,5.7233214,9.098728,7.1047044,13.159039,11.267154,17.2327,18.756855,21.90629,24.7084,24.054684,21.228788,24.320663,24.142311,23.68346,18.70251,19.474222,15.507715,18.32695,17.446144,17.922934,17.236116,17.346634,12.871921,14.762271,12.803981,14.88272,16.506493,16.951279,18.346767,19.915829,16.346073,18.579811,14.499238,20.10791,15.873253,16.137873,17.100828,14.746788,15.71013,16.784555,14.973199,12.3411045,8.415406,6.5613947,8.10022,7.926315,10.53455,15.092144,15.740709,19.495123,20.275053,25.897549,25.436785,28.715382,28.997385,27.967203,26.36009,25.253548,23.727058,18.874119,23.256565,18.530767,21.95185,24.872969,22.472239,19.09172,19.687986,13.701381,13.994238,10.690649,11.406939
33,34.002903,30.100521,29.082458,24.36957,22.47394,22.290333,18.343029,19.07208,13.736195,15.667983,12.920119,16.937525,18.979479,16.685589,18.626991,14.435399,18.476614,15.520969,20.610968,19.254805,22.54326,26.535305,27.191479,23.311138,28.356499,26.724096,26.31325,22.76974,17.885796,14.5896845,12.986451,9.013959,6.21488,0.0,5.1291475,6.4737105,8.452672,8.576104,5.2362385,5.2589793,8.146056,10.768662,11.146711,16.286192,15.594939,20.922678,22.445877,25.839832,28.609108,28.155535,25.176714,28.340021,27.322495,27.707653,23.116472,24.57713,20.910667,23.979286,23.55675,23.794939,22.685831,22.540947,17.753416,18.493933,15.7259245,16.454666,17.20786,16.69304,16.566708,18.020346,14.821043,15.408414,11.05199,15.924807,10.770751,12.288725,12.4255,9.954216,11.596074,12.322444,12.010539,9.563032,6.832476,5.8362784,5.6108813,9.020322,9.321421,15.423374,16.230455,20.032309,21.519852,26.915228,26.72328,29.351883,29.428173,27.816854,25.71326,23.85472,22.50664,17.47503,22.044893,16.861303,20.727102,23.41408,20.654648,17.51069,16.889072,11.375639,11.614173,7.2412114,9.011456
34,36.275925,32.63355,30.92659,26.646809,24.259762,23.639957,19.288414,19.046854,13.740589,14.113515,12.075535,15.065029,18.169956,16.877573,19.200306,15.940175,20.527617,17.829842,23.572079,22.080366,25.803802,29.396353,30.415527,26.176842,30.703365,28.469477,27.688982,24.0477,19.400513,16.255016,14.341095,11.184937,4.5411854,5.1291475,0.0,4.242409,6.1641116,4.9085965,5.043807,7.4931645,5.9032435,11.176218,10.721456,16.41944,15.446394,21.091358,22.976213,26.061369,28.97078,28.497475,25.73359,28.86145,28.596289,28.128933,23.204002,23.78446,19.847795,22.478765,21.034933,21.48502,21.18105,20.41208,15.760415,17.35643,13.790836,16.42873,17.003244,17.77136,17.844633,20.324335,17.557417,19.276169,15.256121,20.780775,15.87551,17.258263,17.316078,14.479503,15.382943,15.512456,14.262518,12.615,7.750663,7.930057,9.72629,11.354876,13.053912,18.522264,18.972256,22.756994,23.500422,29.149263,28.327124,31.368418,31.261164,29.85563,28.100437,26.796196,25.826286,21.005547,25.85803,21.01749,24.815258,27.648418,24.977211,21.713339,21.349905,15.727464,15.424892,11.276387,11.407596
35,38.42061,34.78417,33.01935,28.60429,26.602737,25.36586,21.775846,20.645952,15.552907,15.769068,12.168441,15.023539,18.201267,16.745422,20.019348,16.937466,21.961351,19.883522,25.49103,24.642662,28.251406,31.909527,33.115273,29.230402,34.09868,31.971949,31.535511,27.954086,22.960909,19.953682,17.761381,14.655311,8.146411,6.4737105,4.242409,0.0,4.5922747,6.212179,6.861281,10.255269,9.974111,15.1573305,14.824575,20.561634,19.375357,25.16284,26.825472,30.011103,32.830837,32.13208,29.177046,32.03333,31.419825,30.793879,26.171024,26.601967,23.1637,25.922262,24.247686,25.1947,25.052885,24.48624,19.921955,21.586857,17.746437,20.368431,20.583372,21.204199,20.50429,23.124142,20.572302,21.445303,17.30027,21.9842,16.299408,17.985176,16.900587,13.558226,13.841337,13.061411,11.951391,11.542185,6.3864417,8.631964,11.134366,13.48899,15.558667,21.363031,22.236948,26.070124,27.193857,32.76057,32.16865,35.04261,34.920998,33.336945,31.401762,29.783644,28.775656,23.832571,28.482626,23.233892,26.829369,29.341906,26.164576,23.155544,21.614096,16.821835,15.400264,11.127189,10.081242
