,0,1,2,3,4,5,6,7,8,9,10,11,12,13,14,15,16,17,18,19,20,21,22,23,24,25,26,27,28,29,30,31,32,33,34,35,36,37,38,39,40,41,42,43,44,45,46,47,48,49,50,51,52,53,54,55,56,57,58,59,60,61,62,63,64,65,66,67,68,69,70,71,72,73,74,75,76,77,78,79,80,81,82,83,84,85,86,87,88,89,90,91,92,93,94,95,96,97,98,99,100,101,102,103,104,105,106,107,108,109
0,0.0,4.2362247,6.0836835,9.452992,12.543246,14.415468,17.594824,18.56683,22.902626,20.907497,23.744661,25.210482,28.31381,30.500452,32.227898,32.589684,36.265366,36.614426,42.406357,42.17886,46.656178,48.33939,52.282074,46.751194,44.9184,41.630013,39.142357,36.72543,34.0314,33.057144,29.689669,28.795082,22.747894,24.958487,29.539417,28.717733,26.048225,29.410452,32.602318,31.224556,29.76111,36.299603,36.230476,33.954674,35.1879,41.326843,39.769382,37.986877,41.433594,38.14738,39.890747,44.383068,45.560745,43.121147,46.239296,47.058815,42.89835,44.904343,46.58082,41.358932,38.930264,41.14624,40.784725,41.69478,37.759865,35.599636,37.18018,34.48171,35.32382,41.166595,39.58638,36.30464,38.645077,43.874817,42.627613,47.534027,46.945576,44.403286,47.62248,45.228764,45.4671,47.30394,42.543243,41.856415,39.901764,43.991093,40.568848,45.280804,42.85935,45.13336,43.50924,39.21559,40.432266,36.587593,33.11762,30.646221,26.218948,30.794964,29.703302,35.571236,36.15654,40.38701,43.688774,42.155666,38.91744,39.591988,35.21276,34.596462,33.484486,31.1548
1,4.2362247,0.0,5.2623544,6.3501635,9.876336,12.9432745,15.594392,15.472146,19.822495,17.465633,20.004723,21.494604,24.438791,26.812334,28.438044,29.173372,32.746365,33.425026,38.97592,39.08078,43.530186,45.050358,49.166424,43.79845,41.94986,38.622116,36.388996,34.16449,31.55464,30.975033,27.356775,27.406582,20.9452,23.722807,27.809446,26.427107,23.745256,27.5683,30.284914,28.524162,27.260714,33.932724,33.496765,30.969849,32.57669,38.60618,36.52417,34.871452,38.5779,35.49777,37.491016,41.512287,43.07322,40.89894,43.839275,44.675434,40.39856,42.61344,44.53923,39.32361,36.74565,39.39221,39.226727,40.412388,36.212822,33.817543,35.76614,33.00006,33.27709,39.252716,37.844425,34.38199,36.296967,41.65313,40.23935,45.098324,44.259605,41.647446,44.584637,42.141224,42.12247,43.7934,38.968082,38.46254,36.765247,40.743595,37.705936,42.54964,40.28762,42.795784,41.300735,37.045288,38.70475,34.772312,31.565716,28.810799,24.302513,28.309835,26.773254,32.614384,32.99906,37.092392,40.339928,38.596413,35.424843,35.819805,31.70483,30.839224,29.928593,27.411287
2,6.0836835,5.2623544,0.0,5.4085674,7.0823383,8.360727,11.965507,13.063167,17.347559,16.10279,19.21917,21.204117,24.212715,26.026188,27.362955,27.262388,30.953203,30.947334,36.92869,36.41511,40.89552,42.716297,46.510563,40.926144,39.175274,36.00535,33.260498,30.885796,28.050978,27.145773,23.636292,22.812166,16.67621,19.146645,23.594515,22.726797,20.264385,23.810402,26.83703,25.498003,24.411144,30.796883,30.61713,28.712744,30.121727,35.94908,34.62925,33.16845,36.57937,33.45743,34.776382,39.20613,40.608055,38.08923,40.889286,41.436718,37.230232,39.078583,40.94232,35.930172,33.09316,35.37135,34.91778,36.048557,32.170868,29.789604,31.285917,28.499392,29.299593,35.155685,33.53118,30.22749,32.590843,37.79616,36.613316,41.50425,40.999264,38.589,41.893692,39.723423,40.129936,42.228073,37.48755,36.50419,34.329327,38.379116,34.697674,39.310024,36.852085,39.09077,37.515163,33.24209,34.59572,30.863993,27.404339,24.88046,20.576828,25.139389,24.124475,30.112516,30.577621,34.998634,38.32768,36.926712,33.61139,34.61246,29.867275,29.68418,28.464764,26.597788
3,9.452992,6.3501635,5.4085674,0.0,3.9891403,8.477517,9.637993,9.602573,13.804325,11.460103,14.43772,16.037073,19.175024,21.142488,23.170906,23.286158,27.085482,27.631187,33.3712,33.57426,37.970676,39.656086,43.66991,38.485138,36.896698,33.832157,31.203022,29.364988,26.374422,26.369862,21.898045,22.606209,15.657314,18.380096,22.06111,20.516037,17.585188,21.48117,24.066858,22.299517,20.919353,27.610329,27.199764,24.675512,26.262281,32.262157,30.358963,28.702711,32.34432,29.306923,31.186314,35.205746,36.80192,34.642612,37.50152,38.35969,34.09265,36.403286,38.30695,33.072697,30.58203,33.36838,33.431213,34.656578,30.245949,27.828657,30.183485,27.586708,27.437239,33.420948,32.399437,29.047937,30.546316,36.031933,34.29513,39.204304,38.27133,35.479916,38.521214,35.9397,36.073223,37.858353,33.12366,32.496246,30.658144,34.841293,31.758703,36.84757,34.80621,37.451473,36.27856,32.142227,34.330147,30.693865,27.617035,24.72226,20.550774,24.070496,22.204445,28.274544,28.050272,32.403187,35.624744,33.699333,30.467123,30.697266,26.1628,25.408464,24.069578,21.810326
4,12.543246,9.876336,7.0823383,3.9891403,0.0,5.240879,6.122627,6.231164,10.421663,9.181697,12.528138,14.723003,17.68322,19.170399,20.748543,20.296698,24.130507,24.24741,30.23209,30.085445,34.49883,36.342884,40.189873,34.911148,33.395447,30.447968,27.53198,25.708128,22.561954,22.59406,17.972824,18.711073,11.694486,14.661559,18.181835,16.620682,13.889058,17.976751,20.438742,18.751038,17.76851,24.285486,23.80941,21.722534,23.443403,29.13349,27.559822,26.224129,29.776327,26.880613,28.274761,32.310276,34.061012,31.777231,34.350018,34.93322,30.630632,32.749836,34.80235,29.775543,26.884567,29.671886,29.609503,31.008274,26.706463,24.096558,26.316433,23.647018,23.516869,29.508593,28.41397,25.065632,26.645031,32.098133,30.454407,35.366783,34.558823,31.910122,35.089455,32.743095,33.08619,35.16093,30.455467,29.493986,27.383205,31.54802,28.128578,33.10447,30.991543,33.565487,32.411938,28.2935,30.538372,27.043774,23.977295,21.095972,17.14884,20.626652,18.895971,25.058254,24.746578,29.300085,32.551353,30.805304,27.49255,28.111856,23.167242,22.921755,21.446495,19.74432
5,14.415468,12.9432745,8.360727,8.477517,5.240879,0.0,5.678279,7.88931,11.194894,12.148363,15.550877,18.229292,20.864777,21.717909,22.4167,21.133781,24.820498,23.96601,30.329073,29.200378,33.63337,35.78171,39.196213,33.547413,32.035606,29.20752,25.80377,23.567245,20.327225,19.560457,15.6279335,14.641696,8.348697,11.1419525,15.385713,14.701816,12.748262,16.367245,19.184566,18.163174,17.784546,23.598839,23.390785,22.379103,23.890139,29.042511,28.446918,27.53558,30.659016,27.834646,28.234005,32.666573,34.27382,31.55983,33.822456,33.89112,29.694,31.175344,33.24734,28.652388,25.170006,27.390215,26.737255,28.165352,24.489552,21.796175,23.051903,20.17076,21.043894,26.855639,25.17978,21.955744,24.4445,29.570797,28.49272,33.37742,33.10508,30.92723,34.503803,32.728683,33.563866,36.15645,31.59667,30.021208,27.346859,31.364138,27.07617,31.48077,28.961828,31.062374,29.618607,25.424038,26.987488,23.643774,20.17564,17.692778,13.991298,18.463558,17.770906,23.852606,23.995602,28.78494,32.107063,30.994942,27.586163,29.191324,23.73656,24.480799,22.93047,22.144287
6,17.594824,15.594392,11.965507,9.637993,6.122627,5.678279,0.0,6.1099534,8.016165,8.60148,12.317725,14.300675,17.235905,17.551977,19.658333,17.573498,21.693295,21.033443,27.462233,26.996464,31.253288,33.524406,36.921173,31.809996,30.754963,28.358315,24.562366,23.188011,19.381647,19.875635,14.208054,14.727724,7.6663084,9.205848,12.667892,11.808282,8.561069,11.999032,15.04168,14.085305,12.636489,18.853569,18.996536,17.492413,18.569302,24.210556,23.782492,22.368456,25.338497,22.320501,23.020658,27.666965,28.98255,26.357473,28.965784,29.511858,25.382652,27.341356,29.055387,24.005222,21.384296,23.824646,23.879416,25.021667,20.666157,18.281824,20.740656,18.472963,18.37347,24.193935,23.548056,20.68854,22.114628,27.563251,25.614134,30.648642,30.034586,27.226725,30.934357,28.501144,29.449978,31.900955,27.558168,26.148771,23.464529,28.009794,24.014235,29.120474,27.185793,29.63264,28.858095,24.97464,27.47596,24.68349,21.625181,19.038126,16.1426,19.249172,17.765903,23.85416,22.871124,27.784632,30.934242,29.261404,25.924955,26.66017,20.96115,21.335398,18.975649,18.23406
7,18.56683,15.472146,13.063167,9.602573,6.231164,7.88931,6.1099534,0.0,4.4164314,4.908586,7.7945933,10.966922,13.12883,14.142247,14.849415,14.2109785,17.943096,18.090153,24.00394,24.002937,28.389524,30.173002,34.09571,28.980862,27.551168,24.72177,21.87409,20.48613,17.32912,18.228563,13.030305,15.784909,8.898841,12.847787,14.604569,11.854963,9.64935,14.687899,15.785569,13.413474,13.555103,19.797707,18.527126,16.586514,19.189331,24.140373,22.07242,21.414766,25.242895,22.946669,24.130743,27.310875,29.84503,27.89031,29.790422,30.070133,25.587118,27.801012,30.400743,25.743048,22.182531,25.642075,25.76156,27.749027,23.325916,20.194944,22.79486,20.067844,18.903156,24.958084,24.109861,20.569613,21.40268,26.954525,25.149355,29.937841,28.867569,26.280483,29.147852,27.003893,27.178595,29.345402,24.567371,23.477638,21.462067,25.424604,22.255919,27.319567,25.417635,28.278759,27.391026,23.4499,26.450216,23.1246,20.672949,17.514147,14.136618,16.085781,13.663781,19.76242,18.876692,23.455475,26.636786,24.745472,21.436176,22.052414,16.951227,16.969482,15.640123,14.449984
8,22.902626,19.822495,17.347559,13.804325,10.421663,11.194894,8.016165,4.4164314,0.0,4.935088,6.593532,9.7684765,11.189346,11.21186,11.744391,10.064046,13.96965,13.922263,19.977858,20.129827,24.414635,26.314686,30.149979,25.301924,24.16752,21.699211,18.564629,17.82899,14.411821,16.296051,10.2338,14.545581,8.550214,12.045103,12.131615,8.622162,6.7557383,12.0266285,12.023624,9.221595,10.118712,15.947528,14.258508,12.495483,15.550277,19.967289,17.87537,17.608578,21.425898,19.517815,20.424799,23.164848,26.058126,24.279495,25.779728,25.934126,21.396376,23.724867,26.530216,22.083633,18.316471,22.173504,22.57359,24.800272,20.269108,16.960436,20.033058,17.56202,15.487854,21.4391,21.084393,17.688286,17.699615,23.341368,21.174387,25.92687,24.663383,21.940445,24.772232,22.599073,22.853832,25.173893,20.485489,19.193407,17.05705,21.130505,18.02591,23.350805,21.773022,24.842472,24.370756,20.727983,24.383749,21.53366,19.592697,16.490927,14.130684,14.66363,11.841066,17.58725,15.84397,20.52443,23.558563,21.490105,18.21772,18.664978,13.127272,13.496314,11.753246,11.390379
9,20.907497,17.465633,16.10279,11.460103,9.181697,12.148363,8.60148,4.908586,4.935088,0.0,3.8317964,6.1537733,8.84502,9.990329,12.669576,12.201912,16.199446,17.295307,22.704119,23.84366,27.960752,29.569601,33.681328,29.257086,28.150017,25.621902,22.966087,22.408676,19.201641,21.121302,15.161989,19.122458,12.482869,15.442047,16.25682,13.159823,10.28238,14.880603,15.456499,12.687042,11.907802,18.403515,17.03907,13.936403,16.582964,21.932928,19.100798,17.89331,22.006598,19.719885,21.82315,24.568403,27.131657,25.652403,27.814175,28.674988,24.268234,27.126848,29.4988,24.510935,21.897291,25.740992,26.574924,28.364464,23.43301,20.643621,24.2474,22.06998,19.909315,25.733288,25.785385,22.542044,22.213902,27.88752,25.32035,30.03244,28.436779,25.248203,27.797842,24.906145,24.74382,26.402882,21.686918,21.213646,19.725468,23.989214,21.780197,27.451838,26.221994,29.461725,29.140316,25.569445,29.27475,26.286057,24.282791,21.099813,18.223711,18.992891,15.814844,21.43529,19.591267,23.860115,26.76281,24.13451,21.064667,20.308939,15.61355,14.493947,12.65205,10.623707
10,23.744661,20.004723,19.21917,14.43772,12.528138,15.550877,12.317725,7.7945933,6.593532,3.8317964,0.0,4.023567,5.3581076,7.0993295,9.50068,10.228483,13.783236,15.769833,20.403046,22.259453,26.20397,27.453753,31.831694,27.786102,26.670202,24.155998,22.138233,21.992786,19.234705,21.687307,16.030422,21.067883,15.053709,18.283861,18.175432,14.483587,12.301256,16.881561,16.335274,13.002912,12.983215,18.847897,16.734638,13.269147,16.691465,21.346409,17.380955,16.6188,21.159906,19.491282,21.945238,23.554245,26.797682,25.875774,27.591063,28.421497,23.990314,27.077929,29.79408,25.111683,22.362288,26.681072,27.727018,29.82647,24.88915,21.946592,25.752958,23.628048,20.763382,26.354643,26.621908,23.309036,22.271284,27.819237,25.130056,29.538067,27.55728,24.37711,26.266155,23.368698,22.634214,23.919838,19.062542,19.030363,18.22221,22.085884,20.811117,26.486946,25.588581,29.085264,28.958097,25.638857,29.760736,26.800274,25.332222,22.052868,19.435316,19.076313,15.33957,20.332108,18.11036,21.885904,24.584248,21.559008,18.710892,17.235512,13.276276,11.375327,10.144299,7.4625225
11,25.210482,21.494604,21.204117,16.037073,14.723003,18.229292,14.300675,10.966922,9.7684765,6.1537733,4.023567,0.0,3.9397106,5.803987,11.130501,11.624567,15.141055,17.6066,21.708273,24.311134,27.917528,29.10109,33.4363,29.982094,29.18537,26.999092,24.94924,25.256836,22.368925,25.164122,19.099531,24.1302,18.043745,20.494593,20.287043,16.91162,14.202714,17.961273,17.544153,14.47073,13.275323,19.015476,17.293814,12.990417,15.806212,20.905338,16.678667,15.030973,19.557056,17.728378,21.046139,22.553352,25.416239,24.830894,26.987474,28.433187,24.26086,27.772667,30.011726,25.017298,23.388153,27.646835,29.181297,30.89123,25.675592,23.241869,27.614023,25.945505,22.791618,28.08167,28.969765,26.012741,24.450623,29.96449,26.755846,31.091312,28.849892,25.18901,26.961756,23.358664,22.48942,23.247116,18.711433,19.29137,18.880445,23.01156,22.381777,28.37825,27.951927,31.548944,31.793255,28.718773,33.07124,30.37221,28.95144,25.751318,23.302813,22.853872,19.068127,23.76171,21.084517,24.598072,27.022945,23.587576,21.0399,18.506937,15.103943,12.331901,10.410888,6.8693166
12,28.31381,24.438791,24.212715,19.175024,17.68322,20.864777,17.235905,13.12883,11.189346,8.84502,5.3581076,3.9397106,0.0,3.6015465,8.098653,9.82805,12.509839,15.737122,18.905293,22.091558,25.464008,26.291264,30.812841,27.726393,26.932558,24.826954,23.398024,24.080473,21.682589,24.869417,19.279915,25.112658,19.707073,22.498756,21.490038,17.658503,15.772987,19.603128,18.13131,14.674021,14.59591,19.398842,16.886362,12.721458,16.362217,20.297024,15.0243845,14.270552,19.099823,18.137735,21.364803,21.590656,25.279144,25.19638,26.65281,27.84047,23.670258,27.219122,29.903038,25.43919,23.387066,28.029018,29.61599,31.713306,26.670685,23.996775,28.325024,26.641668,22.961609,27.952675,28.915815,25.908268,23.789745,29.051336,25.879423,29.833582,27.297295,23.823061,24.892202,21.514126,20.069193,20.522984,15.84258,16.801172,17.09229,20.61331,20.872301,26.662941,26.517227,30.272762,30.668663,27.880816,32.532867,29.9224,29.021582,25.8123,23.714224,22.269552,18.189856,22.092037,19.114845,22.055437,24.216928,20.495169,18.24341,15.064151,12.580633,9.093884,8.095412,3.9564564
13,30.500452,26.812334,26.026188,21.142488,19.170399,21.717909,17.551977,14.142247,11.21186,9.990329,7.0993295,5.803987,3.6015465,0.0,7.567601,7.486952,10.36245,13.409328,16.612762,19.945995,23.104557,24.158638,28.43262,25.646656,25.227524,23.576132,21.73598,22.906748,20.30134,23.92227,18.02366,24.101082,19.298218,21.504816,19.779814,16.064507,14.401819,17.605139,15.588847,12.258166,12.238444,16.289043,13.694194,9.404133,13.209262,16.752071,11.46533,10.794225,15.653771,14.977122,18.035042,17.99994,21.830507,21.85911,23.117823,24.338972,20.252773,23.92375,26.53219,22.199518,20.397238,25.088362,26.921865,28.973145,23.95604,21.43887,26.018137,24.69351,20.636618,25.254417,26.676083,24.020452,21.38255,26.532446,23.029442,26.910065,24.279224,20.569033,21.737757,18.084038,16.843405,17.48482,12.91485,13.725582,13.899147,17.747662,18.094187,24.083197,24.272337,28.043203,28.79503,26.307802,31.202442,29.046333,28.328285,25.315737,23.816721,21.99267,18.05592,21.64134,18.11089,21.131252,23.120623,19.363562,17.195316,13.856324,10.8480835,7.6243577,5.16015,1.6441437
14,32.227898,28.438044,27.362955,23.170906,20.748543,22.4167,19.658333,14.849415,11.744391,12.669576,9.50068,11.130501,8.098653,7.567601,0.0,5.6368837,5.8704386,9.529063,11.909072,14.815025,18.26318,18.814783,23.555252,20.219826,19.173628,17.012362,16.411066,17.464407,16.058279,19.653316,15.546396,22.371046,18.904593,22.314978,19.974577,15.5695715,15.800444,19.835035,16.703114,12.893528,15.692733,18.684912,14.788801,12.650659,17.55869,18.981348,13.442274,15.34025,19.928558,20.239231,21.822477,20.637964,25.674751,25.688202,25.52718,25.414347,21.090672,23.929462,27.768242,24.671198,20.726103,25.765837,26.83039,29.866135,25.626858,22.205189,25.661642,23.671766,19.564302,24.055653,24.513609,21.294123,18.773577,23.44462,21.002806,24.343237,21.783607,19.362627,19.6166,17.825861,16.038662,17.220987,12.125606,12.149727,12.6938305,14.690554,15.30114,20.194246,19.97301,23.790937,24.120518,21.713873,26.613382,24.207762,24.248074,21.22461,20.12393,16.858397,12.689093,15.003169,11.620748,14.030031,16.11867,12.49176,10.149211,7.740703,5.310706,2.7580059,5.746283,6.0207314
15,32.589684,29.173372,27.262388,23.286158,20.296698,21.133781,17.573498,14.2109785,10.064046,12.201912,10.228483,11.624567,9.82805,7.486952,5.6368837,0.0,4.424415,6.0421157,10.714033,12.819915,16.389505,17.918697,21.99227,18.533485,18.131588,16.684435,14.346414,15.870031,13.388869,17.497013,12.215565,19.038387,16.152302,18.507406,15.412682,11.300404,11.727049,14.92132,11.297523,7.623557,10.857477,13.111489,9.190034,7.6276855,12.603642,13.885638,9.577609,11.555594,15.697803,15.869804,16.656244,16.196953,20.938272,20.534946,20.38751,20.225628,15.769208,18.661514,22.309881,19.099113,15.199637,20.226688,21.506859,24.373129,20.083645,16.798376,20.61472,19.076023,14.623544,19.01483,20.058813,17.322931,14.364326,19.363941,16.311844,20.128845,17.727787,14.746113,16.124098,13.879818,13.234318,15.418411,10.614519,9.365865,8.312365,11.891963,11.106412,16.888578,16.819803,20.59979,21.352907,19.070353,24.17633,22.431673,22.261618,19.555658,19.17523,16.247778,12.7054205,15.489014,11.476996,14.955252,17.082985,14.003522,11.436439,10.135952,4.6046786,5.2371244,3.3187094,6.5978637
16,36.265366,32.746365,30.953203,27.085482,24.130507,24.820498,21.693295,17.943096,13.96965,16.199446,13.783236,15.141055,12.509839,10.36245,5.8704386,4.424415,0.0,4.5969076,6.6379123,9.80899,12.955297,13.967276,18.357204,15.416203,15.083564,13.963107,12.752256,15.012711,13.650291,18.033663,14.195897,21.272654,19.456036,21.986916,18.367704,14.317212,15.6196995,18.499487,14.204997,10.928911,14.776449,15.567287,11.138,10.661097,15.549711,14.927597,9.953129,13.372442,17.167301,18.348938,18.765137,16.658438,22.208406,22.369871,21.200865,20.476267,16.327398,18.882233,23.086226,20.928366,16.591768,21.709396,22.893665,26.16253,22.433968,19.084766,22.413733,20.944572,16.213228,19.685818,20.701471,18.10156,14.481739,18.61046,15.913197,18.82378,16.05411,13.787964,13.787205,12.547663,11.047751,13.141009,8.364719,7.003763,7.3530946,8.87909,9.888973,14.790954,15.2264385,19.128279,20.125519,18.48324,23.826614,22.373407,23.00431,20.514292,20.731565,16.627686,13.187538,14.123478,9.616876,11.851684,13.426882,9.99419,7.9742723,6.217472,1.8863294,4.253577,5.5645523,9.047011
17,36.614426,33.425026,30.947334,27.631187,24.24741,23.96601,21.033443,18.090153,13.922263,17.295307,15.769833,17.6066,15.737122,13.409328,9.529063,6.0421157,4.5969076,0.0,6.7065053,6.9688582,10.7443,12.774807,16.46376,12.635166,12.526769,11.800713,9.080682,11.663766,9.911463,14.566742,11.023872,17.89591,17.4124,19.4749,15.236136,11.575918,13.934317,16.228195,11.5207615,8.900641,13.7624,13.48459,9.06294,10.620879,15.024947,13.667297,10.884117,14.481082,17.44927,18.505945,17.628958,16.255728,21.492676,21.064941,19.465408,17.971994,13.712243,15.514566,20.093044,18.486626,13.0518055,18.038568,18.816792,22.391764,19.186457,15.588063,18.32802,16.885462,12.118179,15.338312,16.170118,13.722947,9.911254,14.115722,11.63703,14.854522,12.556314,10.789191,11.824198,11.625359,11.507359,14.728232,10.812703,7.872092,5.9475746,7.6424656,5.869996,10.980443,11.012776,14.879736,15.941389,14.370731,19.800467,18.838476,19.579838,17.483536,18.539946,14.360146,11.813166,12.530735,7.9847655,11.138825,12.929078,10.845616,8.534157,9.631667,4.536657,8.632761,8.537239,12.395566
18,42.406357,38.97592,36.92869,33.3712,30.23209,30.329073,27.462233,24.00394,19.977858,22.704119,20.403046,21.708273,18.905293,16.612762,11.909072,10.714033,6.6379123,6.7065053,0.0,5.8298745,7.0537643,7.584771,11.954564,10.355283,10.885695,11.387602,11.360943,14.869804,14.87551,19.329586,17.33702,24.046822,24.01843,26.143894,21.705315,18.248058,20.535975,22.499788,17.526543,15.21164,19.555012,18.184948,13.761891,15.047268,19.253084,16.062798,12.149088,16.773487,19.341143,21.635223,20.96773,17.193972,23.258705,23.917133,21.231178,19.47929,16.178213,17.79279,22.538525,22.171984,17.47224,22.228125,23.250916,26.889519,24.2208,21.058485,23.570671,22.547012,17.690321,19.291363,20.498165,18.66794,14.200502,16.397497,14.31149,15.449008,12.347086,11.644859,9.499735,10.751001,8.916583,11.358937,8.557483,6.3326306,7.759275,4.5015216,8.418394,10.825102,12.452686,16.102354,17.79785,17.588488,22.994175,22.555248,24.255783,22.463327,23.878347,18.752821,16.291105,14.673366,10.175266,10.044895,10.012047,7.256235,7.312169,6.9575663,7.3340745,10.05347,11.65498,15.314576
19,42.17886,39.08078,36.41511,33.57426,30.085445,29.200378,26.996464,24.002937,20.129827,23.84366,22.259453,24.311134,22.091558,19.945995,14.815025,12.819915,9.80899,6.9688582,5.8298745,0.0,4.5222096,6.8342752,10.112558,5.7223687,6.100549,7.187827,6.130854,10.112874,10.818659,14.934589,14.583518,20.538834,22.093267,24.109978,19.46912,16.5241,19.819326,21.56601,16.677681,15.013123,20.108137,18.35162,14.265775,16.97945,20.849903,17.576132,15.677961,20.06578,22.188625,24.029976,22.258991,19.692236,25.1968,25.062885,22.101788,19.380085,16.087368,16.38672,21.59672,21.935894,15.853404,20.091005,20.20854,24.32087,22.530005,19.023647,20.235891,18.947653,14.707892,15.7928505,16.029825,14.219659,10.252354,11.605723,11.00165,11.929236,9.909269,11.029296,10.141521,13.138724,12.947135,16.241058,13.812539,10.672151,9.786662,6.977756,6.4180884,6.37193,6.955585,10.547592,12.0039425,12.11231,17.415073,17.464155,19.609516,18.376167,20.713137,15.361959,14.132347,11.590534,7.7786193,8.150122,8.555922,8.53327,7.858674,11.245564,9.610311,13.780481,14.94941,18.747688
20,46.656178,43.530186,40.89552,37.970676,34.49883,33.63337,31.253288,28.389524,24.414635,27.960752,26.20397,27.917528,25.464008,23.104557,18.26318,16.389505,12.955297,10.7443,7.0537643,4.5222096,0.0,3.5352037,5.741954,4.271417,6.613956,9.557133,9.71323,13.756973,14.889866,18.743433,18.794168,24.386372,26.37148,28.00589,23.08656,20.508867,23.76105,24.935213,19.86253,18.601843,23.40913,20.644005,16.789368,19.721254,23.1883,18.700054,17.133318,21.8507,23.331306,25.8133,23.767704,20.113283,25.722807,26.081003,22.342554,19.275772,16.87822,16.749022,21.871988,23.26552,17.799074,21.600052,21.906542,25.904144,24.659714,21.620182,22.675692,21.955477,17.716217,17.407076,18.199612,17.271948,12.925065,12.527051,12.117835,11.160838,8.864194,11.136648,8.456037,12.896853,12.573594,15.57248,14.518269,11.632828,11.586917,6.969509,8.657772,6.067351,8.487876,11.119459,13.391743,14.820124,19.72346,20.554638,23.129211,22.294796,24.972069,19.523748,18.532316,15.301045,11.915749,10.766672,9.685424,10.096266,10.85045,13.273183,13.182589,16.79082,17.994083,21.901031
21,48.33939,45.050358,42.716297,39.656086,36.342884,35.78171,33.524406,30.173002,26.314686,29.569601,27.453753,29.10109,26.291264,24.158638,18.814783,17.918697,13.967276,12.774807,7.584771,6.8342752,3.5352037,0.0,5.0913377,5.8183527,7.353336,10.067122,11.945939,15.684592,17.36393,21.05286,21.40117,27.223541,28.883284,30.904163,26.15125,23.270754,26.371721,27.915895,22.841465,21.220701,25.977669,23.568148,19.52348,21.91001,25.63916,21.2193,18.765007,23.58466,25.308613,28.00112,26.402838,22.168348,28.040592,28.755882,24.99985,22.155985,19.87574,20.008457,25.027931,26.365164,21.144693,25.061451,25.436361,29.416702,28.047073,24.977259,26.140966,25.269028,21.03161,20.938738,21.582544,20.425278,16.294062,15.907158,15.646107,14.457417,12.100963,14.165882,10.6450405,14.837241,13.621614,15.841016,14.9899435,12.832839,13.793699,8.7244425,11.814983,9.512707,11.618412,14.002121,15.921995,17.357233,22.045116,22.60338,25.387121,24.42924,26.874943,21.131721,19.90441,16.054102,12.9356575,10.426838,8.360446,8.796778,10.630239,12.639018,14.182433,17.28625,19.201641,22.822863
22,52.282074,49.166424,46.510563,43.66991,40.189873,39.196213,36.921173,34.09571,30.149979,33.681328,31.831694,33.4363,30.812841,28.43262,23.555252,21.99227,18.357204,16.46376,11.954564,10.112558,5.741954,5.0913377,0.0,6.523816,9.269758,13.055764,14.301587,18.055244,19.835356,23.177347,24.107496,29.181856,31.794874,33.238514,28.195082,25.956604,29.32269,30.138615,25.061111,24.127506,28.801388,25.382868,21.847439,24.943523,28.059101,22.76951,21.633,26.435774,27.347637,30.271626,27.945162,23.582727,29.016783,29.73484,25.339617,21.917135,20.552925,19.767527,24.572594,27.071486,22.08046,25.20791,25.404005,29.288658,28.802776,26.141357,26.672903,26.308985,22.425022,20.930298,21.760063,21.523613,17.43182,15.359926,15.778965,12.992062,11.339746,14.71723,11.017231,16.28005,15.894437,18.240005,18.48952,16.093708,16.570778,11.468476,13.794056,9.451629,12.1451645,13.270677,15.758868,18.344023,22.445118,23.993313,27.081568,26.724514,29.795612,24.207634,23.647545,19.581411,16.915686,14.619441,12.467183,13.774456,15.469681,17.639193,18.671434,21.950977,23.345613,27.204546
23,46.751194,43.79845,40.926144,38.485138,34.911148,33.547413,31.809996,28.980862,25.301924,29.257086,27.786102,29.982094,27.726393,25.646656,20.219826,18.533485,15.416203,12.635166,10.355283,5.7223687,4.271417,5.8183527,6.523816,0.0,3.340867,7.2492785,7.9994454,11.571275,13.711258,16.7674,18.412857,23.282715,26.15828,27.985617,23.251083,20.915117,24.629429,25.968584,21.1816,20.08904,25.226261,22.744865,19.073147,22.335972,25.81853,21.73132,20.657007,25.19851,26.761765,28.89105,26.526987,23.633099,28.9475,28.858397,25.190935,21.74486,19.321674,18.488922,23.718687,25.336422,19.127235,22.493345,22.05512,26.32424,25.642946,22.355072,22.405334,21.318726,17.848051,17.384403,17.072445,16.027191,12.744358,11.424096,12.719054,11.49815,10.522982,13.740122,12.044405,16.645721,16.69228,19.806803,18.416779,15.402974,14.73563,10.8620615,10.545083,6.14621,6.8575716,8.586987,10.219698,12.153608,16.493755,17.595297,20.653162,20.25588,23.40952,17.847689,17.723604,13.626188,11.417791,9.968487,8.970881,11.157796,11.658814,15.673295,15.166474,19.232395,20.641634,24.418407
24,44.9184,41.94986,39.175274,36.896698,33.395447,32.035606,30.754963,27.551168,24.16752,28.150017,26.670202,29.18537,26.932558,25.227524,19.173628,18.131588,15.083564,12.526769,10.885695,6.100549,6.613956,7.353336,9.269758,3.340867,0.0,4.088658,6.5890265,9.473388,12.392921,15.036556,17.394367,22.291227,24.998316,27.388134,23.048574,20.413897,24.170898,26.122957,21.575216,20.108204,25.41753,23.793215,19.95399,22.859789,26.699903,23.377104,21.761362,26.15989,28.225079,30.042562,27.996029,25.514597,30.89871,30.632088,27.371855,24.123003,21.261143,20.662815,25.94283,27.000828,20.427256,23.98689,23.291573,27.673191,26.750978,23.126356,23.035711,21.392973,18.2282,18.658184,17.600782,15.812813,13.352103,12.822658,14.433414,14.045708,13.226676,15.955959,14.657313,18.706358,18.452099,21.448473,19.371735,16.526457,15.866569,12.503768,11.777465,8.482251,7.727487,9.570537,9.978075,11.092334,15.269954,15.661687,18.833874,18.263638,21.226679,15.427838,15.423802,10.700074,9.22002,7.3224406,6.699344,9.737113,9.950991,14.929634,14.448759,18.589622,20.457645,23.924295
25,41.630013,38.622116,36.00535,33.832157,30.447968,29.20752,28.358315,24.72177,21.699211,25.621902,24.155998,26.999092,24.826954,23.576132,17.012362,16.684435,13.963107,11.800713,11.387602,7.187827,9.557133,10.067122,13.055764,7.2492785,4.088658,0.0,5.650519,7.1830864,10.590351,12.885324,15.516857,20.602001,22.720755,25.775126,21.988218,18.943115,22.569323,25.263374,21.077002,19.133055,24.48372,23.977325,20.009754,22.353235,26.549574,24.27059,22.045895,26.129543,28.781265,30.160763,28.578327,26.672693,32.059864,31.583023,28.924997,26.045982,22.643232,22.483782,27.729034,27.952759,21.166115,25.015623,24.20101,28.588829,27.1831,23.230461,23.259396,21.01826,18.100588,19.767452,18.1441,15.452665,13.836564,14.644691,16.068724,16.802761,15.932577,17.845783,17.116268,20.299915,19.785757,22.662022,19.74156,17.12936,16.40517,13.969864,12.768015,11.19581,9.467842,11.690677,11.02433,10.583046,14.682158,13.83965,16.747774,15.688064,18.116606,12.106352,11.94227,6.727901,6.083662,4.3196735,5.4152913,8.512674,7.8098836,13.687438,12.876069,16.968416,19.218184,22.231537
26,39.142357,36.388996,33.260498,31.203022,27.53198,25.80377,24.562366,21.87409,18.564629,22.966087,22.138233,24.94924,23.398024,21.73598,16.411066,14.346414,12.752256,9.080682,11.360943,6.130854,9.71323,11.945939,14.301587,7.9994454,6.5890265,5.650519,0.0,4.1558876,5.8393245,9.118499,10.861024,15.821474,18.501505,20.850662,16.708982,14.119694,18.071712,20.18298,16.09013,14.730026,20.112879,19.260489,15.732785,18.753279,22.451372,20.41491,19.455252,23.148388,25.425217,26.397736,24.280415,23.41522,28.219698,27.214186,24.831957,21.906832,18.328249,17.93709,23.048887,23.065756,15.989033,19.649178,18.689617,23.064245,21.699976,17.718239,17.620213,15.448436,12.509306,14.386354,12.73802,9.976792,8.3422985,10.057855,11.2878685,13.143262,12.737885,14.235971,15.096868,17.782183,18.291294,21.82073,18.819544,15.56912,13.528317,12.532531,8.900502,8.309948,5.44796,8.330343,7.8777018,6.4967384,11.745945,11.346221,13.577205,12.602381,15.534607,10.259467,10.477642,7.94558,6.127425,8.442633,10.280412,11.734508,9.884136,14.97452,11.783123,16.35345,17.289715,20.659302
27,36.72543,34.16449,30.885796,29.364988,25.708128,23.567245,23.188011,20.48613,17.82899,22.408676,21.992786,25.256836,24.080473,22.906748,17.464407,15.870031,15.012711,11.663766,14.869804,10.112874,13.756973,15.684592,18.055244,11.571275,9.473388,7.1830864,4.1558876,0.0,4.46022,5.7240157,9.653195,13.62677,16.64122,19.545269,16.226053,13.77252,17.774786,20.408955,17.127,15.738952,20.974323,21.117167,17.921799,20.622162,24.29881,23.245707,22.32574,25.564936,28.114056,28.561136,26.578758,26.555683,31.045082,29.65339,27.777117,24.98907,21.237034,20.783052,25.65437,25.214663,17.96738,21.286985,19.796854,24.108425,22.797483,18.619131,17.87157,14.979792,13.242336,15.937215,13.120303,9.560346,10.20715,12.262456,14.086712,16.375288,16.47005,17.78834,19.133064,21.448778,21.982418,25.450508,22.029507,18.946016,16.727537,16.414253,12.375732,12.133728,8.646904,10.437741,8.450075,5.2922034,9.511976,7.7812443,9.920373,8.838508,11.939725,6.6607447,8.234078,6.0878496,6.7697234,9.748182,12.22229,14.010858,11.724767,17.2284,13.671479,18.037601,19.04699,21.89066
28,34.0314,31.55464,28.050978,26.374422,22.561954,20.327225,19.381647,17.32912,14.411821,19.201641,19.234705,22.368925,21.682589,20.30134,16.058279,13.388869,13.650291,9.911463,14.87551,10.818659,14.889866,17.36393,19.835356,13.711258,12.392921,10.590351,5.8393245,4.46022,0.0,4.7292027,5.379313,10.213302,12.8335,15.350848,11.828485,9.362461,13.473736,15.96441,12.917751,11.745151,16.823132,17.261013,14.447331,17.1694,20.516499,20.175035,19.819286,22.505016,24.9674,24.967892,22.9559,23.820482,27.833464,26.10658,24.783308,22.37045,18.3547,18.218845,22.742016,21.599434,14.472989,17.883112,16.578518,20.674667,18.84974,14.5803385,14.345948,11.332024,9.342702,13.199373,10.757089,6.68744,7.589983,11.435049,12.128629,15.629304,15.654631,15.942924,18.337856,19.682627,20.678087,24.308334,20.709888,17.532005,14.636025,15.735576,10.681951,12.318719,9.107709,11.36292,10.110785,6.413925,10.905667,9.274446,9.708712,8.07,10.685105,6.9195094,7.693799,8.83721,7.9800644,12.353721,15.043037,15.695479,12.91352,17.36704,12.450319,16.663834,16.684692,19.524904
29,33.057144,30.975033,27.145773,26.369862,22.59406,19.560457,19.875635,18.228563,16.296051,21.121302,21.687307,25.164122,24.869417,23.92227,19.653316,17.497013,18.033663,14.566742,19.329586,14.934589,18.743433,21.05286,23.177347,16.7674,15.036556,12.885324,9.118499,5.7240157,4.7292027,0.0,7.170512,8.502346,12.591921,15.347331,13.0441265,11.554338,15.479455,18.013594,16.073446,15.311579,19.886364,20.827894,18.57399,21.201288,24.24389,24.398865,24.38455,26.777412,29.212605,28.852121,26.72277,28.21647,31.847979,29.765488,28.67385,26.147987,22.315487,21.725426,25.962132,24.876085,17.767633,20.329908,18.270658,22.210163,20.99454,16.842737,15.304074,11.723354,11.846483,15.438323,11.6591425,7.567019,10.982551,13.768674,15.568325,18.760067,19.458632,20.195505,22.729727,24.298481,25.395931,29.030783,25.378311,22.25253,19.3305,20.350143,15.200522,15.8917265,12.149774,13.182421,10.706555,6.355156,8.322565,5.3848987,5.0240817,3.7536235,7.734721,5.4719653,8.6317005,9.871685,11.130774,15.027056,17.785976,19.138107,16.403881,21.34221,16.658913,20.66174,20.814964,23.215761
30,29.689669,27.356775,23.636292,21.898045,17.972824,15.6279335,14.208054,13.030305,10.2338,15.161989,16.030422,19.099531,19.279915,18.02366,15.546396,12.215565,14.195897,11.023872,17.33702,14.583518,18.794168,21.40117,24.107496,18.412857,17.394367,15.516857,10.861024,9.653195,5.379313,7.170512,0.0,7.1021767,7.7661166,10.285647,7.3624544,4.512897,8.440487,11.421339,9.60123,8.547101,12.786556,14.688265,12.714893,14.708916,17.548347,18.931433,18.963001,20.538013,23.107325,22.228657,20.586208,22.883022,26.114851,23.913424,23.70856,22.09528,17.81264,18.32664,22.040945,19.573318,13.220013,16.520374,15.531049,18.931932,16.167677,11.917244,12.61508,9.351328,7.8327694,13.44212,11.620037,7.702614,9.242921,14.342414,13.730411,18.244785,18.130512,17.08727,20.413054,20.352583,21.624031,25.13232,21.216074,18.331673,15.023465,17.805492,12.518452,15.978753,13.347312,15.628534,14.7246065,10.960424,14.497081,12.494764,11.048507,8.792226,9.619016,8.754721,8.586985,12.613556,11.444751,16.416435,19.337317,19.034521,15.881799,19.052626,13.131827,16.47664,15.388189,17.630749
31,28.795082,27.406582,22.812166,22.606209,18.711073,14.641696,14.727724,15.784909,14.545581,19.122458,21.067883,24.1302,25.112658,24.101082,22.371046,19.038387,21.272654,17.89591,24.046822,20.538834,24.386372,27.223541,29.181856,23.282715,22.291227,20.602001,15.821474,13.62677,10.213302,8.502346,7.1021767,0.0,7.251516,7.820402,7.393694,8.603088,11.356773,12.699888,13.246203,13.8631935,16.540655,18.271894,17.80838,20.132637,21.72221,23.556631,25.01749,25.999441,27.917969,26.434237,24.16373,27.793243,29.901802,26.946918,27.172031,25.408815,21.713884,21.304327,24.149805,21.881403,16.045683,17.369778,15.191211,17.90977,16.373484,12.835089,11.103397,7.2949905,10.069121,14.59328,11.400001,8.488078,12.918877,16.660963,17.157204,21.42825,22.398031,21.858446,25.826153,26.005873,27.88488,31.586952,27.964613,24.925655,21.259733,24.067152,18.142015,20.451052,17.307028,18.200111,16.580206,12.793926,13.732235,12.057689,8.888339,8.160682,9.357168,11.843245,13.641349,17.439398,17.599052,22.287205,25.165537,25.564474,22.49592,26.099745,20.233742,23.463953,22.055298,23.960629
32,22.747894,20.9452,16.67621,15.657314,11.694486,8.348697,7.6663084,8.898841,8.550214,12.482869,15.053709,18.043745,19.707073,19.298218,18.904593,16.152302,19.456036,17.4124,24.01843,22.093267,26.37148,28.883284,31.794874,26.15828,24.998316,22.720755,18.501505,16.64122,12.8335,12.591921,7.7661166,7.251516,0.0,5.4211435,7.7024903,7.0087533,6.972665,10.523703,12.237295,11.680704,12.953216,17.275393,16.78845,17.251907,19.023022,22.773438,23.02326,23.042662,25.720007,23.56662,22.73007,26.756157,28.789198,26.018076,27.341116,26.686779,22.507477,23.465961,25.990953,22.17002,17.558655,19.889467,18.976353,21.062746,17.727966,14.380404,15.309565,12.188574,12.837292,18.644419,16.918406,13.704534,16.218353,21.261,20.320934,25.15651,25.140219,23.347847,27.152119,26.008781,27.32107,30.465517,26.266777,23.970884,20.74505,24.514397,19.514488,23.559511,21.006426,22.97713,21.789644,17.78891,19.881987,17.244936,14.148576,11.820293,9.946195,13.088623,12.864792,18.455778,18.026451,23.06673,26.232855,25.510246,22.151218,24.462498,18.435719,20.429281,18.66892,19.437614
33,24.958487,23.722807,19.146645,18.380096,14.661559,11.1419525,9.205848,12.847787,12.045103,15.442047,18.283861,20.494593,22.498756,21.504816,22.314978,18.507406,21.986916,19.4749,26.143894,24.109978,28.00589,30.904163,33.238514,27.985617,27.388134,25.775126,20.850662,19.545269,15.350848,15.347331,10.285647,7.820402,5.4211435,0.0,5.4559135,7.8994207,7.2345896,7.592195,11.024993,12.1561,12.089819,15.441993,16.361794,17.373825,17.727108,21.59415,23.4153,22.905607,24.653702,22.131021,20.602226,25.719223,26.664948,23.359516,25.115614,24.655123,20.978104,21.635477,23.215733,19.229443,15.659919,16.80051,15.912066,17.07958,13.882668,11.419372,12.266311,10.090783,11.771179,16.866537,15.798149,13.827543,16.357105,21.043163,19.742771,24.64795,25.005592,22.957651,27.446507,26.006079,28.01587,31.330593,27.686407,25.1967,21.51766,25.714712,20.273853,24.31938,22.078293,23.65076,22.919281,19.413248,21.271204,19.673037,16.543913,15.105197,14.398604,17.329342,17.435137,22.501535,21.560144,26.603281,29.541048,28.813797,25.597591,27.609322,21.328646,23.372114,20.773565,21.899845
34,29.539417,27.809446,23.594515,22.06111,18.181835,15.385713,12.667892,14.604569,12.131615,16.25682,18.175432,20.287043,21.490038,19.779814,19.974577,15.412682,18.367704,15.236136,21.705315,19.46912,23.08656,26.15125,28.195082,23.251083,23.048574,21.988218,16.708982,16.226053,11.828485,13.0441265,7.3624544,7.393694,7.7024903,5.4559135,0.0,4.4907866,6.189112,5.4989834,6.576702,8.396692,9.875711,11.323745,11.851427,14.054558,14.71204,17.168114,19.429031,19.672607,21.127394,19.339113,17.029947,21.425776,22.917362,19.829216,20.69981,19.725567,15.958568,16.410233,18.54029,15.156131,10.468719,12.211067,11.49256,13.545699,10.236059,6.732323,8.262888,6.25487,6.4019456,11.752723,11.324584,9.608532,11.177276,15.981531,14.320347,19.268549,19.576366,17.612305,22.181742,21.072016,23.329704,26.89546,23.60295,20.751495,16.830381,20.819485,15.138637,19.142025,17.212837,18.917269,18.739012,15.709433,18.473265,17.621298,15.425776,14.148136,14.7930975,15.799589,15.756197,19.91401,18.248512,23.11695,25.759752,25.085522,22.096977,24.170715,17.905325,20.520111,17.880892,19.96014
35,28.717733,26.427107,22.726797,20.516037,16.620682,14.701816,11.808282,11.854963,8.622162,13.159823,14.483587,16.91162,17.658503,16.064507,15.5695715,11.300404,14.317212,11.575918,18.248058,16.5241,20.508867,23.270754,25.956604,20.915117,20.413897,18.943115,14.119694,13.77252,9.362461,11.554338,4.512897,8.603088,7.0087533,7.8994207,4.4907866,0.0,4.3499064,7.068086,5.8967886,5.37424,8.549837,11.152218,10.063839,11.603543,13.70814,16.183887,16.83418,17.516174,19.862656,18.438244,16.959452,20.23839,22.78975,20.335047,20.912172,20.01192,15.690359,16.842146,19.799732,16.33924,11.08879,14.405239,14.195034,16.859869,13.115699,9.175401,11.538947,9.148553,7.0558085,13.108474,12.705497,9.866535,10.317646,15.841262,13.931338,18.911406,18.521427,16.386131,20.309605,19.117334,20.716106,24.098455,20.308521,17.648506,14.081425,18.03006,12.896542,17.542097,15.687215,18.13706,17.940783,14.652816,18.285135,16.756903,15.007885,12.926086,13.062338,13.038515,12.068156,16.50741,14.501435,19.46676,22.233526,21.202847,18.095848,19.995903,13.701584,16.262943,13.990128,16.047796
36,26.048225,23.745256,20.264385,17.585188,13.889058,12.748262,8.561069,9.64935,6.7557383,10.28238,12.301256,14.202714,15.772987,14.401819,15.800444,11.727049,15.6196995,13.934317,20.535975,19.819326,23.76105,26.371721,29.32269,24.629429,24.170898,22.569323,18.071712,17.774786,13.473736,15.479455,8.440487,11.356773,6.972665,7.2345896,6.189112,4.3499064,0.0,5.380796,6.585228,5.9116383,5.988719,10.983721,10.788009,10.643951,12.076872,16.398462,16.815283,16.302027,18.83337,16.599968,16.068155,20.221739,22.111486,19.55775,21.225899,21.260143,17.008963,18.890024,21.045826,16.48478,13.004552,16.094334,16.52791,18.288967,13.715401,10.66638,14.058684,12.253453,10.526148,16.29668,16.52617,14.070197,14.237427,19.787867,17.279264,22.333809,21.628714,18.736141,22.692879,20.483416,21.931644,24.883804,20.978067,18.908821,15.6491785,20.29955,15.896595,21.19255,19.724245,22.32278,22.271994,18.984535,22.494213,20.716076,18.580677,16.276,15.36708,16.195839,14.615381,19.724854,17.577448,22.52192,25.326797,23.706984,20.56583,21.436117,15.205113,16.631207,13.674023,14.803538
