,0,1,2,3,4,5,6,7,8,9,10,11,12,13,14,15,16,17,18,19,20,21,22,23,24,25,26,27,28,29,30,31,32,33,34,35,36,37,38,39,40,41,42,43,44,45,46,47,48,49,50,51,52,53,54,55,56,57,58,59,60,61,62,63,64,65,66,67,68,69,70,71,72,73,74,75,76,77,78,79,80,81,82,83,84,85,86,87,88,89,90,91,92,93,94,95,96,97,98,99,100,101,102,103,104,105,106,107,108,109,110
0,0.0,4.367364,6.4098344,9.441361,12.435801,14.44329,17.605125,20.734373,23.896458,25.95107,29.687927,31.03524,32.97158,29.579695,33.43632,29.974035,30.11429,30.174105,29.731174,32.211903,31.522491,33.38779,34.980663,36.303654,37.51059,36.973946,36.938793,38.533737,36.662693,40.991383,35.14864,41.854538,37.875336,39.584335,36.871628,33.571396,32.01777,33.688766,31.171295,28.630386,27.912178,29.245245,27.141602,23.213686,24.908731,25.79106,20.163237,19.044174,21.45285,22.771305,27.177103,23.797752,26.614153,29.229366,30.186655,32.77708,30.799686,34.944256,36.19856,32.583977,34.2417,38.563076,41.649857,42.694447,38.089813,37.090942,42.32489,42.152466,37.416126,40.163593,42.999588,41.173927,37.05418,40.55332,36.64241,39.51283,36.214317,32.4763,31.751314,27.4051,24.65365,21.655415,20.141207,23.36762,25.998148,27.532263,30.988005,35.021656,38.305862,41.830006,43.707306,41.854885,45.368404,48.156597,45.29484,47.943996,46.083775,41.979286,45.72371,45.95191,41.722366,38.37418,41.429363,43.08078,39.49898,36.965477,34.012497,30.047916,26.917326,23.919271,20.45273
1,4.367364,0.0,5.317647,6.1550364,9.26512,12.654576,14.443833,18.397617,21.1726,23.360952,27.146303,28.24734,29.86785,26.31685,29.763866,26.562458,26.354706,26.703161,25.804613,28.66482,27.976587,29.685602,31.659452,32.85414,33.883255,33.17143,33.459072,34.93672,33.324127,37.589176,32.09582,39.01137,35.14796,37.269436,34.46295,30.861849,29.640646,31.7686,28.926933,26.088728,26.055431,27.564875,24.916878,21.152159,23.639082,24.31884,18.088238,17.739399,20.83134,22.27217,26.29443,22.92067,26.435726,28.810007,29.377716,31.473433,29.07979,33.12592,34.96941,31.409739,32.211407,36.852764,39.680973,41.12053,36.525528,35.068653,40.117313,39.650494,34.86739,37.81236,40.310688,38.23519,34.221603,37.72084,34.127464,37.006283,33.593445,30.170292,29.359371,25.363941,22.372427,19.721203,17.449604,20.462198,23.148205,24.398748,27.850536,31.778822,34.921677,38.365986,40.055275,38.02963,41.434425,44.28873,41.539032,44.147434,42.45559,38.086506,41.701504,42.164818,38.032566,34.467712,37.348183,38.89298,35.25468,32.79744,29.751633,25.949259,22.684927,19.900536,16.27646
2,6.4098344,5.317647,0.0,5.452082,6.8955407,8.395147,12.00168,14.495463,18.023518,19.679142,23.51344,24.762749,26.910793,23.650095,28.137718,24.887962,25.541914,26.059444,26.335808,29.207758,29.331772,31.403755,33.667923,33.859383,34.624,33.578568,33.17837,34.220734,32.037342,36.077896,29.954727,36.503082,32.0308,33.94789,31.668411,28.272593,26.422337,28.553928,26.422379,23.629976,22.763603,25.188353,23.047266,18.640799,20.741629,22.90273,17.13907,15.498055,18.960331,19.431223,23.969398,22.108013,24.807655,26.631924,28.088987,30.581814,27.90705,32.143646,33.64546,29.293722,30.465109,34.9751,37.790394,38.892593,33.976387,32.692078,37.953373,37.462597,32.98928,36.445744,38.892788,36.7332,33.11266,37.19786,33.363335,36.820786,33.73124,29.991817,30.134388,25.60114,23.286423,21.221159,18.638288,20.998373,22.762339,25.13502,27.435387,32.11981,34.86528,38.494183,40.01659,37.85201,41.481808,44.052853,40.69092,43.121685,41.003017,37.27509,40.92886,40.65103,36.34925,33.350918,36.575645,38.49557,35.249134,32.415478,30.268095,25.533447,23.05987,19.789074,16.893238
3,9.441361,6.1550364,5.452082,0.0,3.9020858,7.7271137,8.497541,12.907613,15.1638565,17.78101,21.348505,22.67317,24.086796,20.558088,24.027794,20.58013,20.753223,21.080748,21.026926,23.84816,23.891476,25.962574,28.305054,28.456854,29.23387,28.274418,28.07184,29.324293,27.4378,31.654842,25.979773,32.86161,29.061146,31.195366,28.364475,24.713455,23.562609,25.850492,22.964005,20.0012,20.207417,22.042236,19.201126,15.343783,18.357763,19.48324,13.061743,12.819603,16.73117,17.846188,21.549593,19.104311,22.79294,24.56866,25.20079,27.039854,24.113543,28.171703,30.305847,26.405663,26.668587,31.470842,34.096256,35.670856,30.976776,29.262398,34.268066,33.6477,28.951231,32.240795,34.535202,32.3278,28.531954,32.38166,28.806643,32.080814,28.84251,25.400503,25.307886,21.161213,18.59823,16.885586,13.695244,15.892959,17.875673,19.870836,22.43398,26.878857,29.69723,33.26521,34.8406,32.77233,36.36943,39.031773,35.951283,38.545593,36.64894,32.625168,36.45082,36.565857,32.320812,29.026855,32.295715,34.13932,30.702528,27.987854,25.41528,20.946672,18.240095,14.811864,11.852813
4,12.435801,9.26512,6.8955407,3.9020858,0.0,5.442309,5.3888173,9.47957,12.1070595,14.187158,17.96636,19.024315,20.644218,17.170649,21.28335,18.241762,18.806427,19.765491,20.153536,23.446575,24.11367,26.19163,29.08052,28.4248,28.783077,27.347094,26.984095,27.674831,25.604147,29.493618,23.661644,30.42386,26.09613,28.554518,26.186323,22.38624,20.982908,23.832575,21.337088,18.087683,18.268478,21.182198,18.317753,14.144561,17.551716,19.758816,13.565468,12.967406,17.485056,17.829319,21.485407,20.329704,23.732597,24.87351,25.885193,27.60154,24.199774,28.220247,30.525576,26.126848,25.921812,30.830086,33.174545,34.801727,29.897049,27.916027,32.875126,31.928207,27.508392,31.418766,33.302246,30.76055,27.476517,31.770628,28.3738,32.053493,29.010614,25.704868,26.227646,22.152063,19.985546,19.01804,15.259534,16.562832,17.707897,20.239468,21.747873,26.607561,28.896255,32.477077,33.675,31.271114,34.88557,37.38907,33.924667,36.28162,34.21415,30.421093,34.047565,33.788822,29.513596,26.455795,29.74433,31.75449,28.609106,25.67263,23.843485,18.772858,16.68219,13.248015,10.930065
5,14.44329,12.654576,8.395147,7.7271137,5.442309,0.0,6.279044,6.562821,10.186539,11.942828,15.438852,17.215418,19.475567,16.592068,21.775143,18.290781,20.08855,20.63628,22.681265,25.27748,26.639975,29.161827,31.81158,30.385277,30.704374,29.257488,27.879692,28.353148,25.520454,29.241856,22.576252,28.69191,23.922258,25.67038,23.75098,20.51388,18.242485,20.572409,19.00632,16.183903,14.861656,18.513601,16.663582,11.795968,14.138684,18.023457,13.112909,10.608678,15.036702,14.22628,18.447819,18.952045,21.150047,21.75748,23.788292,26.091892,22.722445,26.907742,28.49943,23.355436,24.056051,28.553568,31.049274,32.09243,26.916664,25.439322,30.705343,30.018957,25.951704,30.08584,32.203533,29.886385,26.888515,31.62683,27.788603,31.934174,29.353653,25.579494,27.071789,22.366573,21.1167,20.509867,17.246992,18.056126,18.186033,21.924145,22.300407,27.79138,29.814575,33.564365,34.827965,32.619408,36.49804,38.62328,34.601585,36.87081,34.28334,31.467974,35.323067,34.1899,29.723604,27.522894,31.34556,33.782234,31.093466,27.861649,26.869516,21.120728,20.016874,16.090773,14.926087
6,17.605125,14.443833,12.00168,8.497541,5.3888173,6.279044,0.0,6.025339,7.0276837,9.811059,13.178755,14.419895,15.605507,12.12498,16.234932,13.049148,14.183404,15.345142,16.800295,20.029041,21.568417,23.854362,27.085732,25.299246,25.275255,23.505344,22.643324,22.920673,20.585472,24.300371,18.357393,25.097527,20.828253,23.484095,21.13997,17.173767,15.967508,19.269691,16.747744,13.2349825,14.061457,17.55162,14.435846,10.521525,14.700163,17.357183,11.776345,11.610454,16.493807,16.360664,19.139425,19.231562,22.60269,22.958326,23.89517,25.107658,21.176945,24.959167,27.64363,23.060833,21.929424,26.961292,28.918318,30.775234,25.864817,23.4599,28.207495,26.967499,22.74306,27.116343,28.58697,25.812035,22.958866,27.605515,24.444248,28.478464,25.724598,22.66763,23.95545,20.144436,18.633398,18.832033,14.602321,14.529829,14.453987,17.661318,17.763567,23.03828,24.760054,28.3653,29.322285,26.831028,30.574614,32.83534,29.027325,31.317455,29.052622,25.652012,29.435402,28.800646,24.430225,21.710829,25.392982,27.710686,24.880281,21.709755,20.601784,14.869366,13.838574,9.94593,9.39672
7,20.734373,18.397617,14.495463,12.907613,9.47957,6.562821,6.025339,0.0,4.9296985,5.38236,9.042146,10.666793,13.132217,10.63692,16.749668,14.007704,16.646957,17.99417,20.928362,23.804861,26.111984,28.581497,31.847692,29.1684,28.835299,26.764446,25.029312,24.574982,21.480835,24.500296,17.776234,23.471178,17.999409,20.345642,19.20517,15.783723,13.209408,16.699142,15.836229,12.674029,11.704893,17.098867,15.221954,10.7977915,13.804579,18.70564,14.803721,12.877126,17.483131,15.83456,18.909256,21.223207,23.217928,22.70227,24.812153,26.468279,22.436754,26.194115,28.2376,22.73026,22.145317,26.688274,28.493917,29.77762,24.508898,22.418512,27.29935,25.998878,22.552946,27.591106,28.865196,26.046871,24.06734,29.31863,26.015362,30.613733,28.459875,25.202312,27.541378,23.389738,22.771791,23.331121,19.498684,18.9296,17.711742,21.898787,20.477896,26.268475,27.312902,30.931402,31.58465,29.011934,32.84519,34.601974,30.04513,31.926382,29.06705,26.874191,30.460375,28.651875,24.194717,22.647108,26.596426,29.335508,27.275057,23.80478,24.128193,17.789652,18.104113,14.504728,14.965244
8,23.896458,21.1726,18.023518,15.1638565,12.1070595,10.186539,7.0276837,4.9296985,0.0,4.8318653,6.606056,8.901325,9.98911,7.4342966,12.611976,9.324334,12.511681,13.648707,17.467892,19.909058,22.749327,25.319603,28.62258,25.243187,24.706991,22.567274,20.429602,19.834282,16.589157,19.646824,12.896377,18.898693,14.050014,16.605112,14.897975,11.111926,9.235048,13.224852,11.757671,8.271489,8.838275,14.062123,11.720484,8.381485,12.202541,16.435703,13.259392,12.484408,16.885109,15.487718,17.192669,19.855158,22.185635,21.232424,22.715612,23.642403,19.28323,22.64514,25.211529,20.027336,18.255514,22.97093,24.399916,26.112694,21.053532,18.405767,22.97543,21.432167,17.955748,23.18964,24.136139,21.178698,19.39947,24.739721,21.738941,26.422588,24.470774,21.595419,24.319798,20.68714,20.515074,21.915314,17.975931,16.433638,14.344697,18.703508,16.25902,22.102701,22.758947,26.336657,26.922318,24.471582,28.395407,30.00373,25.384092,27.38624,24.477009,22.497757,26.417877,24.56988,20.034096,18.663982,23.025553,25.931675,24.002073,20.525852,21.077822,14.721523,15.804027,12.131313,13.885069
9,25.95107,23.360952,19.679142,17.78101,14.187158,11.942828,9.811059,5.38236,4.8318653,0.0,4.299905,5.2948904,8.133843,6.5376825,13.526287,12.054783,15.305013,17.378197,20.842674,23.828077,26.7997,29.106482,32.779705,29.174122,28.277517,25.70901,23.755136,22.390276,19.202576,21.3132,14.88771,19.843391,13.651752,16.768831,16.6176,13.194306,10.551716,15.134261,15.072006,11.966855,11.649674,17.86238,16.12619,12.807262,15.840974,20.917446,17.960302,16.605947,20.942896,18.949734,20.996023,24.339785,26.153095,24.906303,26.938679,28.020681,23.668112,26.88285,29.239628,23.7247,22.039083,26.407322,27.504694,28.991407,23.866316,21.277662,25.536718,23.64254,20.978298,26.656002,27.063227,23.823626,22.94101,28.43831,25.771246,30.570534,28.8373,26.16285,29.034193,25.4974,25.323904,26.621191,22.586271,21.146433,19.056393,23.242771,20.451715,26.156507,26.275827,29.638136,29.683556,26.810562,30.483639,31.853443,26.86139,28.29154,25.208006,23.704546,26.897747,24.404745,20.046255,19.281565,23.22215,26.202007,24.842367,21.26002,22.89101,16.397253,18.053026,15.176292,16.854443
10,29.687927,27.146303,23.51344,21.348505,17.96636,15.438852,13.178755,9.042146,6.606056,4.299905,0.0,3.8963466,5.928451,6.2834883,12.449924,11.206799,15.180605,16.923098,21.374601,23.691908,27.190908,29.59862,33.155083,28.823446,27.71165,25.09709,22.47428,20.692318,17.127493,18.632769,12.130624,16.072725,9.539638,12.6276045,13.140325,10.217037,7.3053365,12.212062,13.0245905,10.54348,10.27679,16.64482,15.471381,13.177923,15.667318,20.834732,19.146105,17.93115,21.73861,19.444216,20.557959,24.873554,26.257877,24.385624,26.431646,27.177872,22.778114,25.52956,27.831215,22.343414,20.165258,24.127604,24.778618,26.215403,21.260147,18.53916,22.377314,20.289875,18.315536,24.2602,24.265764,21.026243,20.914637,26.540665,24.132929,29.080042,27.852406,25.443247,28.919048,25.68292,26.138512,27.999477,24.18376,22.132366,19.272175,23.696678,19.801718,25.445747,24.973753,28.186619,28.051645,25.37084,29.052631,29.987413,24.663149,25.916786,22.486027,22.03004,25.300892,22.107649,17.786528,18.049728,22.312807,25.54995,24.72831,21.173502,23.493202,17.178904,19.660713,16.943192,19.396133
11,31.03524,28.24734,24.762749,22.67317,19.024315,17.215418,14.419895,10.666793,8.901325,5.2948904,3.8963466,0.0,4.1249723,5.207583,11.768344,12.234106,15.585121,18.27901,21.870949,24.892939,28.324972,30.36864,34.36086,30.026428,28.59492,25.59379,23.598124,21.301342,18.27852,19.166353,13.711241,17.394945,10.630586,14.748531,15.826932,12.723134,10.594286,15.730799,16.371962,13.675004,14.103737,20.286798,18.70558,16.483242,19.386677,24.246613,21.972008,21.099415,25.180218,23.072218,24.31151,28.21704,29.931738,28.193262,30.052105,30.598022,26.105068,28.728193,31.349527,26.054663,23.400072,27.45221,27.801613,29.493078,24.726606,21.73338,25.105215,22.606052,20.907774,26.964752,26.422663,22.814539,23.136105,28.628216,26.727045,31.528189,30.202578,28.178656,31.3626,28.477467,28.601768,30.420044,26.286928,24.260239,21.639664,25.550232,21.752213,27.06282,26.267998,29.2336,28.603834,25.446413,28.798769,29.730824,24.393755,25.223974,21.986551,21.292128,23.843391,20.596731,16.525522,16.775131,20.45212,23.596846,23.094252,19.555887,22.548857,16.369364,19.18771,17.253414,19.730938
12,32.97158,29.86785,26.910793,24.086796,20.644218,19.475567,15.605507,13.132217,9.98911,8.133843,5.928451,4.1249723,0.0,3.8264444,8.17463,9.668041,12.863249,15.763646,19.413742,22.259235,25.94066,27.827192,31.915583,27.165903,25.455818,22.292011,20.322037,17.630512,14.866221,15.324939,10.703732,14.449975,8.463043,13.431139,14.087239,10.723864,10.011314,15.322298,15.358313,12.744764,14.57678,19.92954,17.967323,16.786613,20.06188,23.983273,21.983149,21.966568,25.893755,24.18902,24.628925,28.272333,30.376644,28.555754,29.774195,29.688395,25.106228,27.262915,30.375185,25.645514,21.96082,26.055325,25.955553,28.136189,23.786547,20.285254,23.019768,20.134142,18.598217,24.658926,23.557306,19.68387,20.44794,25.74735,24.4414,29.059591,27.867714,26.417969,29.592806,27.36684,27.614712,29.87733,25.713358,23.192907,20.280502,23.775497,19.438799,24.318792,23.03984,25.764593,24.84632,21.609966,24.863823,25.677822,20.304201,21.101555,17.905031,17.254301,19.876408,16.621782,12.449403,12.910672,16.81157,20.08437,19.800108,16.328499,19.74265,13.934785,17.435543,15.986977,19.151037
13,29.579695,26.31685,23.650095,20.558088,17.170649,16.592068,12.12498,10.63692,7.4342966,6.5376825,6.2834883,5.207583,3.8264444,0.0,7.2447324,7.7651873,10.532094,13.68936,16.737158,20.065084,23.387165,25.278027,29.427235,25.22164,23.752443,20.695723,19.204239,17.112148,14.578202,16.10167,11.105862,16.438316,11.176287,15.73766,15.212052,11.129213,10.596866,15.890207,14.876563,11.59582,13.87621,18.952515,16.341629,14.726136,18.628967,22.125994,19.24472,19.532705,23.773588,22.494408,23.302916,26.07429,28.695553,27.35616,28.318882,28.328775,23.721233,26.222015,29.530485,24.895733,21.371754,25.95285,26.285406,28.628595,24.114746,20.602262,23.841785,21.21619,18.757381,24.567068,23.96488,20.145641,19.93434,25.154362,23.553219,28.05818,26.39127,24.740139,27.431978,25.064283,24.862562,26.853996,22.509277,20.25794,17.817999,21.12412,17.580366,22.603277,21.937103,24.905018,24.335455,21.0489,24.466658,25.793745,20.839739,22.11706,19.310436,17.37942,20.377691,18.154718,13.808553,12.7777405,16.7296,19.786758,18.67789,15.094276,17.52651,11.268746,14.200446,12.4506,15.403339
14,33.43632,29.763866,28.137718,24.027794,21.28335,21.775143,16.234932,16.749668,12.611976,13.526287,12.449924,11.768344,8.17463,7.2447324,0.0,5.55121,6.1560283,9.930032,12.3836155,15.397678,19.063894,20.489988,24.851782,19.961992,17.896093,14.44337,13.463342,10.659311,9.432626,10.4786,8.647151,14.130854,12.033356,16.715532,15.092935,11.075209,13.183846,17.746252,15.509922,12.776682,17.070349,20.1068,16.866549,17.2505,21.450495,22.916056,20.530155,22.390167,26.13031,25.680454,25.195597,27.107782,30.434723,29.131102,28.838055,27.673586,23.130724,24.667715,28.873417,25.564573,20.370356,24.916523,24.507233,27.74569,24.206152,20.015854,21.940252,18.838898,16.487305,21.725224,20.145287,15.958218,16.254225,20.670176,20.410799,24.24063,22.701036,22.350029,24.680536,23.809647,23.702961,26.420652,22.197832,19.147657,16.47708,18.417316,14.197751,17.868483,16.289534,18.703417,17.56255,13.972053,17.24337,18.629852,13.945578,15.5033865,13.284262,10.265084,13.808135,12.617297,8.2948885,6.076941,10.77247,13.909744,12.815363,9.474964,12.355161,7.5141006,11.785613,11.503355,15.541755
15,29.974035,26.562458,24.887962,20.58013,18.241762,18.290781,13.049148,14.007704,9.324334,12.054783,11.206799,12.234106,9.668041,7.7651873,5.55121,0.0,4.5120306,6.118665,10.814461,12.771685,16.542223,18.791265,22.479647,17.8249,16.54756,13.94685,11.768897,10.597405,7.952439,11.269991,6.5652137,13.727298,11.940622,15.365558,12.343166,7.8996873,10.125094,14.031415,10.811048,7.7818923,12.587044,14.907094,11.388654,11.997021,16.270582,17.373571,15.208243,17.175535,20.695633,20.452251,19.816637,21.574686,24.920033,23.755476,23.38821,22.432432,17.851158,19.80053,23.86307,20.434853,15.639305,20.555073,20.811739,23.884647,20.031673,16.054375,18.927217,16.522177,13.001459,18.113668,17.716164,14.059719,12.826453,17.73741,16.335953,20.545626,18.772251,17.607607,20.229004,18.683634,18.819897,21.584364,17.591105,14.432886,11.368852,14.288215,9.962627,14.891617,14.39553,17.635405,17.745813,15.167892,19.128105,20.722946,16.351212,18.733744,16.284626,13.67989,18.236147,17.213333,12.821008,10.913266,15.760239,18.662962,16.80026,13.655872,14.386974,9.083167,11.780446,9.500051,13.428363
16,30.11429,26.354706,25.541914,20.753223,18.806427,20.08855,14.183404,16.646957,12.511681,15.305013,15.180605,15.585121,12.863249,10.532094,6.1560283,4.5120306,0.0,4.7468605,6.67549,9.822521,13.214863,14.964943,19.16666,14.86538,13.390216,10.501814,10.014733,9.293835,8.645959,12.061513,9.94053,16.755157,15.9154415,19.511177,16.248466,12.047447,14.613394,18.225376,14.429965,11.558828,16.568937,17.943935,13.85791,14.757568,19.366896,19.175222,16.199076,19.15589,22.676428,23.166754,22.502037,22.858292,26.979355,26.341661,25.220407,23.815998,19.456835,21.1358,25.717432,23.127031,17.978619,22.987562,23.16674,26.656687,23.270498,19.2222,21.597551,19.194508,15.475321,19.67959,19.077555,15.45301,13.777055,17.655365,16.988081,20.378592,18.113728,17.699697,19.221891,18.602482,18.040499,20.763037,16.59122,13.454586,11.319783,12.453982,9.312602,12.958292,12.661688,15.632555,15.62813,12.701516,16.445791,18.65908,15.220192,17.860222,16.354986,12.033175,16.521355,17.006054,13.127173,9.606324,13.786933,16.15048,13.521099,10.733238,10.183656,5.7773323,8.237615,7.131108,11.35206
17,30.174105,26.703161,26.059444,21.080748,19.765491,20.63628,15.345142,17.99417,13.648707,17.378197,16.923098,18.27901,15.763646,13.68936,9.930032,6.118665,4.7468605,0.0,6.7913074,6.8154244,10.763365,13.349511,16.55473,11.91588,11.135295,9.426778,7.3026967,8.486899,7.295412,11.961095,9.581681,16.275455,16.788195,19.1966,14.887391,11.298481,14.37914,16.68917,12.093777,10.024931,15.309325,14.910721,10.75299,12.992508,17.143234,15.607104,13.65247,17.18944,19.933084,20.862846,19.383821,19.346626,23.547838,22.959366,21.223518,19.40739,15.209671,16.620607,21.392014,19.474443,14.095838,19.109701,19.513224,23.116997,20.092903,16.211042,18.601458,16.80034,12.404725,15.738868,15.864214,12.913629,9.924358,13.623952,12.486423,15.843845,13.4872265,12.979322,14.770408,14.355103,14.364174,17.633396,14.09768,10.355525,7.4720373,8.810076,4.5715046,9.000559,9.513001,13.081739,14.231596,12.624545,16.733189,18.838556,15.849263,19.053144,17.493944,13.975981,19.106756,19.576963,15.836199,13.097048,17.430614,19.684189,17.0621,14.766267,13.304175,10.181756,11.380928,9.26782,12.903861
18,29.731174,25.804613,26.335808,21.026926,20.153536,22.681265,16.800295,20.928362,17.467892,20.842674,21.374601,21.870949,19.413742,16.737158,12.3836155,10.814461,6.67549,6.7913074,0.0,5.8112535,7.4059997,8.592096,13.189978,10.330512,9.464574,7.565569,9.813171,11.252925,12.493461,16.195827,15.613028,22.116144,22.34394,25.481188,21.524601,17.698582,20.462471,23.2823,18.696072,16.215029,21.214798,20.97131,16.504166,17.86543,22.443722,20.264273,16.6777,20.84842,23.895512,25.499744,24.670654,22.911516,27.949903,28.151285,25.934675,24.041304,20.334736,21.700861,26.658121,25.348518,20.323412,25.267586,25.702204,29.471848,26.69232,22.908726,25.006128,23.126595,18.925432,21.46285,21.33225,18.452633,15.591737,17.670496,17.457008,19.418045,16.36849,16.72157,16.319443,16.992346,15.443358,17.946913,14.096904,11.323665,11.067872,9.067989,9.293288,10.331033,11.508323,14.048614,14.812272,12.630637,15.7756405,18.82321,17.358927,20.429155,20.095472,14.609666,18.802973,21.085796,18.048206,13.697909,16.44046,17.658709,13.940338,12.491012,8.439768,8.062142,7.2433405,7.4853377,10.320317
19,32.211903,28.66482,29.207758,23.84816,23.446575,25.27748,20.029041,23.804861,19.909058,23.828077,23.691908,24.892939,22.259235,20.065084,15.397678,12.771685,9.822521,6.8154244,5.8112535,0.0,4.508589,7.1151624,9.890113,5.4178696,5.553767,5.9824204,6.552018,10.087488,11.421454,15.508963,15.581479,21.296896,23.128742,25.216572,20.540472,17.599566,20.940485,22.513573,17.571905,16.181581,21.255568,19.248304,15.190217,18.017218,21.805746,18.168772,16.29634,20.886713,22.85655,24.823107,22.877813,20.831787,25.758024,25.872442,22.822561,20.133482,16.951443,17.427017,22.624731,22.531384,17.134588,21.570446,21.899725,25.856936,23.902725,20.354918,21.838585,20.52351,16.220741,17.272799,17.525686,15.553844,11.88748,12.665247,12.789632,13.913396,10.832668,12.09893,11.575993,13.584328,12.960834,16.352232,13.736257,10.247289,9.357419,6.248131,6.080018,4.6167006,7.048395,9.879405,12.066999,11.72075,15.081652,17.791676,16.953447,20.517494,20.208496,15.809285,20.627035,22.731619,19.91472,16.538563,19.685776,20.98517,17.799547,16.729492,13.237247,13.278267,13.002684,12.237489,14.820144
20,31.522491,27.976587,29.331772,23.891476,24.11367,26.639975,21.568417,26.111984,22.749327,26.7997,27.190908,28.324972,25.94066,23.387165,19.063894,16.542223,13.214863,10.763365,7.4059997,4.508589,0.0,3.5643518,6.0497227,5.239385,6.895666,8.544219,10.708385,14.272336,15.922322,19.893639,19.962748,25.799948,27.431688,29.545254,24.78956,21.782204,24.855642,26.351355,21.260654,19.761913,24.545923,22.20365,18.088472,20.520266,24.283934,19.93589,17.40605,22.347652,24.121836,26.672161,25.024752,21.612007,27.00087,27.766853,24.300537,21.672073,19.095211,19.650549,24.669487,25.103188,20.384327,24.690123,25.349676,29.185724,27.368876,24.139866,25.759546,24.7443,20.314548,20.702051,21.377794,19.80888,15.845864,15.735629,15.777976,15.886046,12.358096,13.694561,11.279425,13.963613,12.312616,15.038431,12.921599,10.420023,11.362013,6.4038763,9.783557,7.2329383,10.532607,12.491706,14.885056,14.824964,17.458199,20.495094,20.564865,24.060396,24.19772,19.285997,23.644987,26.415638,23.80858,19.959423,22.476637,23.260548,19.617805,19.013039,14.316811,15.4544,13.900756,13.56759,15.0250225
21,33.38779,29.685602,31.403755,25.962574,26.19163,29.161827,23.854362,28.581497,25.319603,29.106482,29.59862,30.36864,27.827192,25.278027,20.489988,18.791265,14.964943,13.349511,8.592096,7.1151624,3.5643518,0.0,5.2829943,6.187853,7.2022753,8.783234,12.473443,15.597205,17.998798,21.45436,22.369608,28.0327,29.74183,32.19211,27.6277,24.521168,27.690273,29.487963,24.479597,22.836086,27.74137,25.680882,21.513962,23.777092,27.70598,23.480705,20.67466,25.599709,27.525229,30.097134,28.572453,25.024986,30.487085,31.323103,27.804728,25.09244,22.619955,22.991926,28.049778,28.633732,23.744253,27.954618,28.373755,32.340244,30.678436,27.32056,28.618137,27.385746,23.225962,23.584827,23.79473,22.096905,18.6264,18.072983,18.80883,18.466513,15.166676,17.033794,14.279853,17.355143,15.464103,17.780922,15.69938,13.642945,14.823129,9.890932,12.981354,9.775355,12.210675,13.262648,15.107102,14.902201,16.7649,20.046307,20.92694,24.23933,24.946821,19.537367,23.312212,26.79911,24.646936,20.485313,22.226038,22.47749,18.709627,18.726227,13.5229,16.120201,14.366733,15.097651,16.335941
22,34.980663,31.659452,33.667923,28.305054,29.08052,31.81158,27.085732,31.847692,28.62258,32.779705,33.155083,34.36086,31.915583,29.427235,24.851782,22.479647,19.16666,16.55473,13.189978,9.890113,6.0497227,5.2829943,0.0,6.6828127,9.315208,12.384086,14.86905,18.731678,20.878286,24.481506,25.355873,30.607635,32.97142,34.741554,29.788826,27.208694,30.42574,31.40295,26.264713,25.215113,29.828999,26.624321,22.887783,25.644785,28.935083,23.624065,21.721615,26.79401,27.839087,30.866196,28.8608,24.492931,29.887592,31.033699,26.848585,23.786066,22.238827,22.06565,26.847763,28.538063,24.130806,27.73498,28.340908,32.160686,31.127611,28.26501,29.316168,28.710632,24.530079,23.582348,24.414547,23.632347,19.658508,17.876854,18.57212,16.976257,13.72143,16.028357,12.0893545,16.32067,14.693456,16.918205,16.303093,14.635059,16.17479,10.814089,14.753244,10.427306,13.671769,14.32831,17.112206,18.16311,19.854053,22.795774,24.180555,27.652693,28.364872,23.60478,27.581444,30.938951,28.837503,25.082798,27.04631,27.329685,23.754,23.826143,18.786589,21.07923,19.24678,19.306414,20.171373
23,36.303654,32.85414,33.859383,28.456854,28.4248,30.385277,25.299246,29.1684,25.243187,29.174122,28.823446,30.026428,27.165903,25.22164,19.961992,17.8249,14.86538,11.91588,10.330512,5.4178696,5.239385,6.187853,6.6828127,0.0,3.295662,6.9048085,8.404442,12.38297,14.710949,18.029785,19.633957,24.308664,27.288279,28.988678,24.178608,21.867786,25.520971,26.519466,21.62095,20.85058,25.843128,22.923111,19.322021,22.708164,26.009607,21.419395,20.41081,25.198402,26.478022,28.79886,26.266216,23.617834,28.499018,28.746458,24.942257,21.545378,19.26915,18.67979,23.893873,25.173939,19.672728,23.266436,23.236477,27.367285,26.420015,23.124018,23.621088,22.624374,18.835535,18.280725,18.324453,17.230852,13.829549,12.213204,13.759341,12.846349,10.113307,13.18095,11.443851,15.430959,15.082186,18.47327,17.004908,13.924435,13.53672,9.411719,10.105878,4.761617,7.0298343,7.9400516,10.914435,12.217012,14.531321,17.154097,17.975597,21.575356,22.03741,17.912323,22.329592,25.143883,23.0773,19.95333,22.408394,23.16067,20.175987,19.957392,16.182116,17.83612,17.44882,17.331705,19.537369
24,37.51059,33.883255,34.624,29.23387,28.783077,30.704374,25.275255,28.835299,24.706991,28.277517,27.71165,28.59492,25.455818,23.752443,17.896093,16.54756,13.390216,11.135295,9.464574,5.553767,6.895666,7.2022753,9.315208,3.295662,0.0,3.9354165,6.571677,9.877367,12.916599,15.683518,18.165314,22.592371,25.653996,27.725145,23.250149,20.836935,24.671778,26.101984,21.450872,20.51892,25.74786,23.4983,19.841993,23.137877,26.679766,22.811995,21.67889,26.253038,27.926468,29.867565,27.406872,25.514893,30.235868,30.141537,26.703564,23.365425,20.66307,20.083342,25.393093,26.206778,20.206516,23.881485,23.429312,27.714287,26.670828,23.024893,23.215776,21.715527,18.322847,18.451769,17.64991,15.979504,13.468206,12.31996,14.506694,14.17923,11.969539,15.034908,14.184806,17.674152,17.43295,20.88683,18.842827,15.5201,14.568482,11.167837,10.350144,5.7334642,5.6856594,6.1123214,8.164429,9.007483,11.314114,14.050077,14.907398,18.444433,19.126629,14.80332,19.090906,22.082918,20.275642,17.185656,19.4115,20.116869,17.37875,17.3193,14.074875,16.103024,16.39064,16.801994,19.505577
25,36.973946,33.17143,33.578568,28.274418,27.347094,29.257488,23.505344,26.764446,22.567274,25.70901,25.09709,25.59379,22.292011,20.695723,14.44337,13.94685,10.501814,9.426778,7.565569,5.9824204,8.544219,8.783234,12.384086,6.9048085,3.9354165,0.0,5.55346,7.285279,10.769971,13.184744,15.911376,20.556469,23.072527,25.740019,21.718147,18.91577,22.710403,24.831478,20.46305,19.094494,24.468525,23.25073,19.426504,22.274508,26.184982,23.320585,21.686352,25.940826,28.196398,29.707664,27.622807,26.461802,31.0778,30.725924,27.873611,24.895275,21.614601,21.473185,26.774242,26.70382,20.49109,24.514791,23.90412,28.182896,26.643574,22.65583,23.02057,20.952742,17.757061,19.130693,17.75605,15.197866,13.483988,13.713494,15.70497,16.476988,14.4248495,16.819777,16.746273,19.29511,18.933674,22.298254,19.494036,16.060614,14.697301,12.226808,10.273513,7.788585,6.377607,7.278724,7.525949,6.324738,9.216394,12.200617,12.198915,15.616213,16.213827,11.24376,15.57254,18.567593,16.686604,13.320317,15.531591,16.393124,13.708837,13.473239,10.8404875,12.792382,13.8106365,14.685697,17.870903
26,36.938793,33.459072,33.17837,28.07184,26.984095,27.879692,22.643324,25.029312,20.429602,23.755136,22.47428,23.598124,20.322037,19.204239,13.463342,11.768897,10.014733,7.3026967,9.813171,6.552018,10.708385,12.473443,14.86905,8.404442,6.571677,5.55346,0.0,4.4625306,6.4977727,9.701255,11.883049,16.066418,19.369402,21.218473,16.8551,14.689086,18.764708,20.14673,15.911418,15.291745,20.558619,18.842648,15.577315,19.155321,22.45678,19.759903,19.497353,23.328306,25.14273,26.27255,23.587786,23.50057,27.459682,26.56813,23.90426,20.816326,17.402975,16.935154,22.144745,21.992998,15.427711,19.217201,18.4208,22.70723,21.294676,17.298664,17.47381,15.537514,12.313856,13.740532,12.386439,9.878176,8.010454,9.038816,10.852617,12.540184,11.186047,13.299639,14.865612,16.852827,17.625969,21.49161,19.002466,15.05418,12.333345,11.577802,6.9636045,5.8630195,2.8283439,5.923482,7.2827477,7.3472714,11.312113,13.056321,11.421453,15.106151,14.514794,11.591665,16.80999,18.121809,15.664227,13.691231,17.237095,18.982315,17.030458,15.932136,14.718563,14.39594,16.116783,15.556786,19.131815
27,38.533737,34.93672,34.220734,29.324293,27.674831,28.353148,22.920673,24.574982,19.834282,22.390276,20.692318,21.301342,17.630512,17.112148,10.659311,10.597405,9.293835,8.486899,11.252925,10.087488,14.272336,15.597205,18.731678,12.38297,9.877367,7.285279,4.4625306,0.0,4.4909534,5.925966,9.898962,13.429854,16.647366,19.15475,15.651341,13.39738,17.53584,19.645838,16.195541,15.3414545,20.573027,20.135427,17.082474,20.168262,23.605711,22.177387,21.739061,25.012434,27.29201,27.8211,25.411295,26.3498,29.948914,28.640757,26.644209,23.87137,20.105257,19.82203,24.772892,23.842215,17.128672,20.81383,19.525845,23.715378,22.05423,17.740538,17.586784,14.812706,12.599896,15.381788,12.880192,9.280113,9.715027,11.82075,13.785127,16.1038,15.282704,17.016146,19.119776,20.509237,21.26876,25.001032,22.012445,18.101866,15.0584545,15.174445,9.977313,10.312586,6.7681417,8.356785,7.36398,5.4878206,9.650104,10.856588,7.659696,11.165946,10.236169,7.569523,12.943549,13.701895,11.322305,9.96374,13.664184,15.762797,14.604955,13.32929,13.843261,13.168353,16.058641,15.990545,20.00651
28,36.662693,33.324127,32.037342,27.4378,25.604147,25.520454,20.585472,21.480835,16.589157,19.202576,17.127493,18.27852,14.866221,14.578202,9.432626,7.952439,8.645959,7.295412,12.493461,11.421454,15.922322,17.998798,20.878286,14.710949,12.916599,10.769971,6.4977727,4.4909534,0.0,4.9540815,5.656472,10.056583,12.9066105,15.026374,11.252263,8.984375,13.21285,15.163147,11.92606,11.302986,16.352911,16.241322,13.573669,16.648954,19.759966,19.123642,19.223616,21.875181,24.111423,24.178007,21.768505,23.680017,26.746687,25.086607,23.672453,21.33843,17.266869,17.389048,21.96368,20.234821,13.692611,17.564976,16.506828,20.40034,18.154634,13.759089,14.308176,11.479842,8.882819,12.989898,11.0256195,7.014394,7.4285126,11.519857,12.056853,15.619826,14.991874,15.5851145,18.72139,18.98546,20.206602,23.923588,20.925266,16.982521,13.230002,14.94958,8.75006,11.377543,8.8032,11.400948,11.31374,9.952848,14.035809,14.822696,10.602317,13.599977,11.308316,10.306415,15.62696,14.790856,11.451377,11.043099,15.693361,18.381065,17.327024,15.251489,16.199543,13.6471615,16.655901,15.46432,19.522535
29,40.991383,37.589176,36.077896,31.654842,29.493618,29.241856,24.300371,24.500296,19.646824,21.3132,18.632769,19.166353,15.324939,16.10167,10.4786,11.269991,12.061513,11.961095,16.195827,15.508963,19.893639,21.45436,24.481506,18.029785,15.683518,13.184744,9.701255,5.925966,4.9540815,0.0,7.46519,8.191858,12.30251,14.665075,12.338117,11.071476,15.097291,17.188105,15.20979,14.922237,19.436054,19.97964,17.914885,20.784767,23.608978,23.597757,23.986847,26.286076,28.544628,28.210491,25.719982,28.317001,30.976913,28.928585,27.783466,25.355627,21.456356,21.10856,25.400894,23.71797,17.125568,20.11959,18.201874,21.994888,20.288118,15.934691,15.134497,11.586152,11.219728,15.214855,11.753293,7.532978,10.768375,13.953111,15.587733,18.71197,18.797754,19.9382,23.173681,23.765152,25.115368,28.866032,25.833916,21.908663,18.17924,19.7145,13.60734,15.25902,11.624492,12.89367,11.367862,9.736677,12.954826,12.650568,7.4049783,9.63206,6.6945753,8.258898,12.870023,11.021276,8.519175,10.11094,14.19613,16.952402,17.121382,15.396194,17.845339,15.897673,19.644472,19.181374,23.38782
30,35.14864,32.09582,29.954727,25.979773,23.661644,22.576252,18.357393,17.776234,12.896377,14.88771,12.130624,13.711241,10.703732,11.105862,8.647151,6.5652137,9.94053,9.581681,15.613028,15.581479,19.962748,22.369608,25.355873,19.633957,18.165314,15.911376,11.883049,9.898962,5.656472,7.46519,0.0,7.292573,7.6980557,10.044777,6.871715,3.8033173,7.842876,10.584652,8.638204,7.86191,12.090904,13.821858,11.934553,13.994562,16.722399,18.110807,18.379827,19.758356,22.285326,21.41506,19.555367,23.000256,25.233894,23.093601,22.918468,21.550062,17.16653,18.119677,21.805956,18.5441,13.011181,16.894373,16.216082,19.2552,15.912673,11.635618,13.441324,10.508384,8.361095,14.218892,12.947728,9.1703615,10.015617,15.32608,14.371223,18.909243,18.414623,17.646498,21.5286,20.326382,21.725393,25.06775,21.859629,18.266455,14.201709,17.580185,11.510875,15.8905735,14.132417,16.962446,16.875301,15.164175,19.075626,19.580315,14.501702,16.631151,13.294102,13.573699,18.26064,15.787034,11.706835,12.432257,17.492739,20.684158,19.976496,17.18297,19.045073,14.726985,17.984213,15.964641,19.871635
31,41.854538,39.01137,36.503082,32.86161,30.42386,28.69191,25.097527,23.471178,18.898693,19.843391,16.072725,17.394945,14.449975,16.438316,14.130854,13.727298,16.755157,16.275455,22.116144,21.296896,25.799948,28.0327,30.607635,24.308664,22.592371,20.556469,16.066418,13.429854,10.056583,8.191858,7.292573,0.0,7.2723527,7.248709,6.786274,8.349247,11.13598,12.007911,12.579816,13.575726,16.135622,17.51249,17.252113,19.718761,21.109879,22.84923,24.615685,25.447527,27.248325,25.81617,23.235714,27.921173,29.074484,26.141508,26.276884,24.64788,20.88235,20.738117,23.650099,20.836067,15.448723,17.283865,15.212491,17.779171,15.668129,11.918146,11.149519,7.457765,9.530883,14.590449,11.811377,8.787743,12.721088,17.012386,17.066675,21.163288,21.97648,21.82455,26.306095,25.559404,27.684494,31.277597,28.553223,24.840525,20.534107,23.790081,17.298807,20.51009,17.699148,19.512167,18.824757,17.863966,21.02807,20.243357,14.924725,16.024761,12.085724,15.789274,19.549326,15.612095,12.849614,16.008358,20.389666,23.567984,24.083838,21.728949,24.65085,21.053375,24.773201,23.155388,27.125246
32,37.875336,35.14796,32.0308,29.061146,26.09613,23.922258,20.828253,17.999409,14.050014,13.651752,9.539638,10.630586,8.463043,11.176287,12.033356,11.940622,15.9154415,16.788195,22.34394,23.128742,27.431688,29.74183,32.97142,27.288279,25.653996,23.072527,19.369402,16.647366,12.9066105,12.30251,7.6980557,7.2723527,0.0,5.4149995,7.5878143,6.999479,7.0547915,10.432602,12.127319,11.715244,13.058183,17.195284,16.757261,17.300098,19.020987,22.71907,23.200747,23.037556,25.714409,23.62464,22.52338,27.626678,28.677187,25.913439,27.16719,26.65952,22.435993,23.647888,26.208263,21.813145,17.813395,20.618208,19.74785,21.573063,17.854708,14.507221,16.183516,13.227279,13.457665,19.477129,17.957293,14.666203,16.855352,22.104078,20.980024,25.706503,25.645235,24.423317,28.696484,26.759478,28.256495,31.214722,27.886587,24.727308,20.77473,24.77874,18.996082,23.581427,21.609491,24.089245,23.390577,21.31506,24.695696,24.57051,18.856363,19.664248,15.659086,17.824678,21.106812,16.737904,13.038466,15.696181,20.16592,23.610888,23.929382,20.892166,24.248423,19.249393,22.942331,20.998924,24.608427
33,39.584335,37.269436,33.94789,31.195366,28.554518,25.67038,23.484095,20.345642,16.605112,16.768831,12.6276045,14.748531,13.431139,15.73766,16.715532,15.365558,19.511177,19.1966,25.481188,25.216572,29.545254,32.19211,34.741554,28.988678,27.725145,25.740019,21.218473,19.15475,15.026374,14.665075,10.044777,7.248709,5.4149995,0.0,5.45404,8.10119,7.633626,7.8140106,11.213646,12.449,12.444821,15.56895,16.553326,17.656858,17.960087,21.752611,23.75016,23.099312,24.849586,22.4128,20.62076,26.697266,26.755276,23.44256,25.055439,24.688797,20.962755,21.801153,23.47135,19.069777,15.868889,17.466503,16.498074,17.491411,13.983885,11.472846,12.923103,10.760396,12.106177,17.52558,16.53695,14.371519,16.662462,21.698095,20.129831,24.875853,25.439442,23.924685,28.776714,26.614511,28.80385,31.856525,29.18088,26.020353,21.792515,26.213198,20.258926,24.788952,22.99168,25.477215,25.321642,24.113583,27.597218,27.174896,21.696836,22.707048,18.633045,21.633402,25.261816,20.870493,17.53112,20.355291,24.95826,28.359545,28.603176,25.683834,28.547985,23.650726,27.000849,24.527136,27.974625
34,36.871628,34.46295,31.668411,28.364475,26.186323,23.75098,21.13997,19.20517,14.897975,16.6176,13.140325,15.826932,14.087239,15.212052,15.092935,12.343166,16.248466,14.887391,21.524601,20.540472,24.78956,27.6277,29.788826,24.178608,23.250149,21.718147,16.8551,15.651341,11.252263,12.338117,6.871715,6.786274,7.5878143,5.45404,0.0,4.5639706,6.228039,5.336096,6.540937,8.4947405,9.861709,11.2065735,11.83028,14.027281,14.608918,17.08859,19.435123,19.52026,20.995789,19.244963,16.758135,22.143969,22.761145,19.715357,20.508146,19.698093,15.830559,16.597033,18.815317,14.850824,10.679565,13.039866,12.416332,14.225074,10.474478,6.9211507,9.363671,7.4275627,6.958843,12.686687,12.418837,10.381347,11.554718,16.791197,14.7927265,19.658886,20.066847,18.474825,23.35221,21.34793,23.695595,26.946877,24.533787,21.201332,16.846859,21.205067,15.232471,19.782267,18.419117,21.206524,21.70643,20.957834,24.779413,24.752127,19.733534,21.577774,17.847591,19.80818,24.273582,20.935766,17.262228,19.020134,23.979239,27.246252,26.803991,23.987068,25.815853,21.202417,24.078455,21.313711,24.749443
35,33.571396,30.861849,28.272593,24.713455,22.38624,20.51388,17.173767,15.783723,11.111926,13.194306,10.217037,12.723134,10.723864,11.129213,11.075209,7.8996873,12.047447,11.298481,17.698582,17.599566,21.782204,24.521168,27.208694,21.867786,20.836935,18.91577,14.689086,13.39738,8.984375,11.071476,3.8033173,8.349247,6.999479,8.10119,4.5639706,0.0,4.351594,6.953029,5.74489,5.387753,8.567994,11.063574,9.993066,11.546798,13.625211,16.085894,16.851852,17.37375,19.75392,18.372972,16.70596,21.046972,22.652563,20.261148,20.799149,20.082085,15.693758,17.18314,20.16554,16.035107,11.554948,15.381786,15.307455,17.647015,13.550873,9.693673,12.779718,10.550457,8.199505,14.285519,14.063728,11.074713,11.198275,16.833517,14.790375,19.735903,19.27758,17.598934,21.882008,19.767721,21.410538,24.495874,21.48689,18.20034,14.055366,18.352882,12.659386,17.772503,16.723883,19.842722,20.22984,18.782501,22.775953,23.305336,18.259365,20.311275,16.80589,17.326462,21.90807,19.109379,14.937114,15.727255,20.804363,24.057602,23.205439,20.195818,21.811464,16.842953,19.65184,16.893225,20.386448
