,0,1,2,3,4,5,6,7,8,9,10,11,12,13,14,15,16,17,18,19,20,21,22,23,24,25,26,27,28,29,30,31,32,33,34,35,36,37,38,39,40,41,42,43,44,45,46,47,48,49,50,51,52,53,54,55,56,57,58,59,60,61,62,63,64,65,66,67,68,69,70,71,72,73,74,75,76,77,78,79,80,81,82,83,84,85,86,87,88,89,90,91,92,93,94,95,96,97,98,99,100,101,102,103,104,105,106,107,108,109,110,111
0,0.0,4.7688756,6.7016788,9.172018,12.287517,13.669198,17.225754,21.17471,22.807402,28.554869,31.361773,34.490253,34.075172,32.157253,28.462492,26.212358,22.163967,21.435844,17.171125,15.263462,12.741156,11.425332,11.714674,8.682084,11.37441,14.94645,17.077908,16.523138,18.376179,17.126131,20.94766,19.17651,26.376902,23.436195,27.866268,29.694786,30.291676,30.115402,25.501537,21.685312,26.775976,22.858358,25.244045,23.43652,21.634218,21.181795,21.513441,20.040512,23.09177,27.230383,28.298841,28.111868,29.385487,32.79043,30.102495,32.797874,32.097668,33.723137,38.709858,37.12905,33.88241,36.395355,33.72541,36.716312,34.47598,39.32474,36.80944,38.890076,35.21658,35.1255,31.777435,36.46705,34.5043,39.186264,38.744854,42.60297,44.134117,43.904552,47.263103,46.66434,41.45066,38.78988,35.27775,32.659718,31.652948,28.64454,25.821491,20.745773,21.53403,18.449936,21.397335,24.97741,20.7355,19.532969,22.963884,24.318027,26.703588,27.580254,27.932386,31.968454,30.001184,34.990635,33.90016,39.16268,43.81053,40.18762,37.04904,34.545853,29.938192,29.343904,25.149206,25.066273
1,4.7688756,0.0,5.230303,6.2067637,8.700535,11.676828,13.719657,18.765833,19.721966,26.143246,28.539852,31.644926,31.809898,30.014273,26.764387,24.091099,20.42224,18.922083,15.036106,12.143488,10.880862,7.8305683,10.026729,6.3853884,10.7074375,13.532242,14.12334,13.808228,14.94823,15.036007,17.877184,17.49961,24.532694,22.398277,26.648716,28.7709,29.942022,29.393887,24.979721,21.035168,25.282436,21.165632,22.877045,20.406166,19.37987,18.120392,19.088026,16.723215,20.370016,24.218868,25.67156,24.969633,27.16147,30.181084,27.853983,30.789598,29.469273,31.289495,36.278255,34.148003,30.804464,32.970627,30.1811,32.924393,30.835089,35.256916,32.834797,34.53918,30.794102,30.595785,27.39292,32.096363,30.271366,35.016582,34.73443,38.70483,40.364914,40.354183,43.67158,43.273266,38.242832,35.368385,32.00384,29.094835,28.133127,24.77017,21.711576,16.691702,17.030178,13.908723,16.72459,20.22789,16.036932,14.856299,18.37182,19.791258,22.04515,22.994959,23.2817,27.40402,25.522888,30.479671,29.654825,34.86948,39.49537,36.01076,32.913433,30.278315,25.847717,25.31411,21.00876,21.424984
2,6.7016788,5.230303,0.0,5.0980115,6.871707,7.981857,11.372747,15.005267,16.960312,22.329405,25.636194,28.28922,28.24184,26.716127,22.88798,20.942966,17.061687,16.445139,12.792802,11.289246,10.472999,10.1225,12.858585,10.669977,14.786865,17.045874,17.822538,16.294088,16.458414,15.990391,17.546972,16.492802,22.531305,19.39062,24.06418,25.551601,27.012207,27.038536,22.552599,19.000406,24.016645,20.850569,22.195393,20.998072,20.973562,20.016294,22.005001,19.908392,23.922886,27.732992,28.742609,27.220024,29.460857,31.644278,28.857851,31.34329,29.777908,30.970846,35.86431,33.873127,30.545607,33.583103,31.34704,34.36389,33.155766,37.21669,35.55694,36.80575,33.38277,32.432575,28.958012,33.268517,30.800596,35.474648,34.53804,38.505386,39.63021,39.16628,42.236355,41.27442,35.9619,33.13981,29.808771,27.309261,26.916784,23.335274,21.54809,16.50589,17.392073,15.238811,18.51635,21.103865,16.525394,16.85545,20.04413,20.726517,22.996439,22.906239,23.140375,26.786238,24.89806,29.794468,28.644491,33.840736,38.34792,34.36462,31.250559,28.694551,24.017008,23.221205,19.220785,18.706047
3,9.172018,6.2067637,5.0980115,0.0,3.7212343,6.0243497,8.393177,13.049473,13.868749,20.40216,22.508171,25.869175,25.768328,23.850313,20.790913,17.908308,14.325305,12.730659,8.899149,6.4312725,5.9916124,5.8657637,9.250563,8.447907,12.52205,13.601895,13.967903,11.725716,11.483771,11.196637,12.590961,12.112925,18.551872,16.534298,20.727983,22.878368,24.40474,23.784077,19.52039,15.698914,19.788269,16.241734,17.4388,15.906408,16.111332,15.07501,17.530914,15.602828,19.755604,23.485521,24.194569,22.324167,24.67404,26.597538,23.874298,26.442617,24.757113,26.112495,31.041405,28.976006,25.641983,28.56408,26.331482,29.467318,28.384724,32.607437,31.207056,32.69884,29.7202,28.491768,24.641302,28.887598,26.304632,30.92336,30.043947,33.92196,35.206497,34.86932,38.145855,37.52099,32.358215,29.651968,26.157139,23.487898,22.592485,19.543394,17.14522,12.055891,13.546254,11.324887,15.080034,18.117222,14.483207,15.081388,18.663906,19.712196,21.374872,21.314714,20.74086,24.426752,21.689928,26.759808,25.077793,30.382412,35.082226,31.504108,28.297579,26.490627,21.403633,21.497602,17.430798,17.988249
4,12.287517,8.700535,6.871707,3.7212343,0.0,5.2615952,5.0313177,10.635275,11.092827,17.821293,20.013786,23.015694,23.511255,21.94449,19.088327,16.235352,13.14912,11.142041,8.415921,5.733534,7.895812,7.384593,11.922145,11.152732,15.485272,16.042812,15.229308,13.038179,11.491981,12.5145855,11.763614,12.715201,17.943296,16.322536,20.383314,22.393972,24.57802,23.946993,19.997911,16.492329,19.926098,16.859661,17.04697,15.527429,17.074005,15.409698,18.734266,16.181707,20.748415,24.023817,24.935074,22.342573,25.507795,26.695684,24.207605,26.732662,24.360518,25.57687,30.373692,27.82635,24.438604,27.377274,25.316065,28.24689,27.728645,31.25226,30.26939,31.112663,28.188015,26.542633,22.820612,26.835962,24.111277,28.747612,27.713068,31.718742,32.861683,32.530422,35.612785,34.89204,29.774763,26.827974,23.543188,20.751493,20.298676,16.58133,14.744372,9.778044,10.952226,9.571979,13.239781,15.43257,11.676158,13.311851,16.552254,17.184795,18.688402,18.104876,17.466597,20.966516,18.392673,23.395594,21.903046,27.155146,31.76358,28.023066,24.847694,22.8373,17.820448,17.779861,13.728906,14.360372
5,13.669198,11.676828,7.981857,6.0243497,5.2615952,0.0,6.162353,7.61689,9.776765,14.9678545,17.950499,20.94815,20.44396,18.753256,15.12006,12.964901,9.149265,8.82156,5.865021,6.8075104,7.735014,10.928269,13.984721,14.302658,17.90648,18.352116,18.772411,15.530865,14.074175,13.209776,12.253374,11.016705,15.2524805,12.121735,16.722761,18.121172,20.232014,20.208546,16.081572,13.007876,17.629032,15.716616,16.098621,16.550957,18.216934,17.631405,21.146942,19.683155,23.931517,27.39759,27.532036,24.70393,27.039366,27.72812,24.559608,26.424448,24.395445,24.845158,29.500334,27.644463,24.439457,28.453463,27.063639,30.467783,30.575611,34.24911,33.88675,34.857616,32.47185,30.31972,26.18668,29.725943,26.347813,30.683178,28.939878,32.68094,33.24455,32.309795,35.272625,33.977192,28.499334,25.960701,22.478851,20.452265,20.262989,17.26341,16.785093,12.27482,14.610304,13.989925,17.865965,19.653296,16.237316,18.462381,21.521812,21.818228,23.207777,21.915731,20.991026,23.844,20.858454,25.689247,23.34975,28.517736,33.034687,28.992575,25.78685,24.524792,19.042265,19.21734,15.852303,15.5248995
6,17.225754,13.719657,11.372747,8.393177,5.0313177,6.162353,0.0,6.909099,6.353328,13.408732,15.324891,18.144962,19.086414,17.81362,15.474865,12.544862,10.439676,7.957604,7.4813757,6.170578,10.209585,10.942201,15.440774,15.56026,19.585577,19.290903,17.832882,15.121274,12.190064,13.811498,10.286952,12.467255,15.477947,14.54499,18.109314,19.935848,22.867283,22.179386,18.841764,15.984448,18.39225,16.369184,15.245448,14.551235,17.796799,15.96976,20.340527,17.83472,22.509922,25.231441,25.86145,22.26455,25.951303,25.914392,23.504396,25.663979,22.581709,23.327015,27.822018,24.944107,21.616133,24.97808,23.504953,26.398598,26.965921,29.695517,29.669022,29.865234,27.53893,25.01178,21.153955,24.489695,21.210869,25.636562,24.064224,28.053913,28.79765,28.252937,31.109406,30.157183,25.015251,21.963066,18.812563,16.101522,16.207392,12.08009,11.675623,7.5406613,9.222089,9.831396,13.244244,14.049116,11.217482,14.493731,17.089087,17.136602,17.985754,16.319765,14.993682,17.755466,14.737201,19.59353,17.626348,22.816841,27.351147,23.429504,20.225077,18.73092,13.316784,13.751736,10.188804,11.073741
7,21.17471,18.765833,15.005267,13.049473,10.635275,7.61689,6.909099,0.0,4.577551,7.4113836,11.240983,13.4588175,13.385339,12.461664,9.039315,7.7115192,5.942655,6.4444404,8.155118,10.616986,13.48865,16.721483,20.220413,21.059364,24.635525,24.239248,23.712582,20.168951,17.268475,17.307142,13.115567,13.345082,13.22067,10.806404,14.4397545,14.973188,18.515987,18.718262,15.829986,14.310758,17.233725,17.308556,15.77074,17.65588,21.359344,20.541391,25.159481,23.603348,27.980125,30.723757,30.599428,26.58092,29.555456,28.569962,25.564066,26.771658,23.813456,23.369808,27.356607,25.1737,22.23408,26.925684,26.513115,29.75925,31.371508,33.830204,34.75415,34.76754,33.147667,29.92559,25.835306,28.28042,24.228401,28.021467,25.395033,28.938694,28.675919,27.226757,29.640083,27.692297,22.084414,19.51866,16.379225,15.051131,16.125744,12.9422035,15.232067,12.562918,15.024847,16.401398,19.713753,19.748646,17.369183,21.174303,23.378399,22.890299,23.577019,20.93733,19.41571,20.9151,17.77341,21.873823,18.938026,23.616072,27.735617,23.32182,20.251175,19.85381,14.245329,14.841567,12.964057,12.182665
8,22.807402,19.721966,16.960312,13.868749,11.092827,9.776765,6.353328,4.577551,0.0,8.060047,8.982169,12.191428,12.945734,11.739711,10.375519,7.231813,7.2443156,4.9399357,8.206186,9.596662,13.510035,15.99177,19.68852,20.908047,24.325869,23.242912,21.912737,18.441553,14.842073,15.895599,10.263755,12.475882,11.78467,11.781247,14.24173,15.699153,19.387623,18.68346,16.378948,14.736646,15.787417,15.63826,13.155339,14.5139885,19.105059,17.844763,22.8799,21.172928,25.503998,27.769897,27.642885,23.17746,26.68254,25.172556,22.59812,23.937292,20.411509,20.18642,24.117138,21.358,18.339994,22.71108,22.346188,25.429823,27.38492,29.485872,30.747673,30.598679,29.353334,25.83008,21.659184,23.839334,19.691877,23.444109,20.868065,24.492062,24.447763,23.286661,25.902273,24.45058,19.06451,16.26373,12.9826355,10.985123,11.812033,8.481715,10.927818,9.176113,11.825773,13.930106,16.932491,16.693188,15.482091,19.50083,21.592278,21.2749,21.370125,18.762125,16.525059,17.881493,13.975756,18.152435,14.767856,19.623796,23.98474,19.99416,16.795944,17.084429,11.12223,12.892708,11.112362,11.94328
9,28.554869,26.143246,22.329405,20.40216,17.821293,14.9678545,13.408732,7.4113836,8.060047,0.0,6.742112,6.7148643,6.8656626,7.763944,5.7849054,7.272467,9.274852,10.59658,14.205828,17.069815,20.145134,23.573893,26.957996,28.1923,31.583529,30.699598,29.855337,26.138607,22.699326,22.930912,17.467718,18.152878,14.468472,13.162349,14.836205,14.10205,18.541542,19.070381,17.824211,17.936987,19.194714,21.062138,18.38056,21.460281,26.134817,25.437386,30.478176,29.147879,33.348648,35.54683,35.075348,30.366827,33.45196,31.129221,28.306751,28.730824,25.325457,23.917318,26.857855,24.746025,22.428131,27.61218,28.270412,31.285799,34.190033,35.59779,37.68411,36.993717,36.2151,32.184444,28.277958,29.503489,25.000822,27.867651,24.359869,27.324602,26.001366,23.839235,25.437483,22.560177,16.92682,14.757343,12.420422,12.766289,15.271606,13.041761,17.757874,17.099012,19.3956,21.837057,24.55526,23.415882,22.124498,26.592434,28.138824,27.154617,27.237844,23.727545,21.782806,21.748825,18.708605,21.461811,17.925755,21.454197,24.781189,20.212065,17.611784,18.707935,13.810967,14.960495,15.250019,14.179007
10,31.361773,28.539852,25.636194,22.508171,20.013786,17.950499,15.324891,11.240983,8.982169,6.742112,0.0,5.542499,5.7185073,5.2596035,8.338101,6.888879,10.907251,10.495773,15.046322,17.511307,20.87396,24.168146,27.155346,29.170715,32.013515,30.22993,28.955032,25.113583,21.273857,21.864975,15.456283,17.27902,11.806615,13.632782,13.207563,13.624301,18.008402,17.288322,17.259457,17.683596,16.325352,18.753775,15.02521,18.434162,23.798883,23.17538,28.415363,27.533724,31.267357,32.856834,31.937702,26.777481,29.868372,26.532415,24.11459,24.163017,20.329247,18.595272,20.95891,18.612034,16.654354,21.93258,23.268955,26.20815,29.884192,30.908579,33.78063,33.146446,33.31286,28.82383,24.717707,25.126698,20.328312,22.51588,18.615715,21.147429,19.615564,17.305214,19.20484,16.73553,11.00034,9.149703,6.0532475,7.2488637,9.619467,9.714129,14.837307,15.885281,18.513884,21.416376,23.783455,22.634434,22.919064,27.274862,28.839916,28.229187,27.589113,24.324837,21.440187,21.029913,16.841215,19.153713,14.353625,17.534674,21.002026,17.470623,14.895382,18.10526,13.156456,16.130499,16.710737,17.42135
11,34.490253,31.644926,28.28922,25.869175,23.015694,20.94815,18.144962,13.4588175,12.191428,6.7148643,5.542499,0.0,5.4671707,8.136487,10.233659,11.145749,14.671529,14.955297,19.276041,21.624022,25.18703,28.126896,31.601135,33.091545,36.357708,34.91582,33.39477,29.824408,25.889288,26.837831,20.424366,22.304821,17.084146,17.82557,17.79285,17.168905,21.731274,21.719727,21.75048,22.402765,21.694761,24.166729,20.530691,23.598673,29.041212,28.102043,33.405506,32.045864,36.02758,37.522835,36.94517,31.705841,35.18288,31.774574,29.559011,29.599499,25.62788,23.832464,25.741196,23.242348,21.537489,26.395763,27.821543,30.305918,34.24169,34.484283,37.54268,36.15912,36.202152,31.571943,28.045498,28.094923,23.511356,25.390076,21.38364,23.751997,21.65747,19.17173,19.965248,16.590769,11.313369,9.275667,8.4698105,10.277983,13.843898,12.683917,18.606451,19.747482,21.636711,24.840025,26.841085,24.816076,24.836285,29.588793,30.582968,29.403778,28.774206,24.897783,22.442509,21.157404,18.162157,19.451569,15.546389,17.64408,20.138678,15.947041,13.979963,16.917854,13.238139,15.315698,17.132553,16.889153
12,34.075172,31.809898,28.24184,25.768328,23.511255,20.44396,19.086414,13.385339,12.945734,6.8656626,5.7185073,5.4671707,0.0,3.7500956,6.640665,8.7026,12.502131,13.978876,18.132307,21.471266,24.209358,28.279457,30.999435,33.02024,35.83133,34.32935,33.674446,29.578058,26.070715,25.829666,20.086994,20.462252,14.226437,14.420937,13.753869,12.361845,16.858881,17.254599,17.776817,19.238714,18.740402,22.135897,18.957935,23.24804,28.15439,28.032066,33.10407,32.54033,36.242237,38.08934,36.932465,31.92692,34.437542,31.07308,28.268984,27.78639,24.531084,22.172112,23.98972,22.608677,21.120237,26.813688,28.496689,31.55691,35.3405,36.437054,39.43347,38.81842,39.012836,34.503227,30.433945,30.717255,25.895256,27.752588,23.606407,25.63188,23.443253,20.510681,21.668945,18.164387,12.617826,12.019261,10.175106,12.592133,15.019026,15.322355,20.473942,21.027668,23.74526,26.4352,29.035528,27.879324,27.597313,32.039665,33.59961,32.76152,32.379356,28.841867,26.315004,25.650303,22.027445,23.962568,19.468384,21.975338,24.731709,20.985664,18.880774,21.96567,17.577122,19.763914,20.747066,20.349274
13,32.157253,30.014273,26.716127,23.850313,21.94449,18.753256,17.81362,12.461664,11.739711,7.763944,5.2596035,8.136487,3.7500956,0.0,5.4775453,6.0179954,10.118468,11.536709,15.624059,19.199965,21.58452,26.035862,28.301157,30.702154,33.16627,31.470495,31.12908,26.82322,23.51779,22.803661,17.356997,17.255722,10.58847,11.306155,10.126878,9.2772875,13.753265,13.724116,14.323416,15.859917,15.028527,18.645098,15.60797,20.345713,24.990322,25.230125,30.153809,30.015959,33.493114,35.451626,34.01352,29.159143,31.230728,27.975498,24.938128,24.359617,21.39997,18.981071,21.073101,20.063272,18.49347,24.490593,26.120657,29.498568,33.037674,34.71388,37.54295,37.465893,37.725193,33.36775,28.963493,29.49448,24.61573,26.62137,22.609274,24.649931,22.816639,19.998657,21.801323,18.870718,13.211708,12.802634,9.967171,11.992333,13.421642,14.553042,18.910511,19.24328,22.421495,24.795395,27.650795,27.108873,26.911875,31.03796,32.967278,32.484802,32.135727,28.993511,26.275877,26.13388,21.92472,24.408869,19.529726,22.568264,25.819231,22.415451,20.011927,23.176693,18.185324,20.754335,21.045609,21.118813
14,28.462492,26.764387,22.88798,20.790913,19.088327,15.12006,15.474865,9.039315,10.375519,5.7849054,8.338101,10.233659,6.640665,5.4775453,0.0,5.0158525,6.9981704,10.10978,13.282302,17.336464,19.25755,24.029322,26.379786,28.320215,31.058416,30.034817,30.190351,25.90643,23.024239,21.831867,17.310411,16.099604,11.365181,8.967031,10.212224,8.573253,12.970334,14.029613,13.081644,14.155223,15.85376,18.724606,16.691422,21.09563,25.064516,25.338243,30.035528,29.67853,33.45611,35.972164,34.830696,30.41815,32.39098,30.125128,26.710196,26.575487,24.015066,22.083961,24.9387,23.98367,21.928043,27.823025,28.761183,32.312325,35.079075,37.31652,39.397095,39.50368,39.005047,35.077698,30.661566,31.989712,27.288797,29.999002,26.360245,28.921139,27.509201,24.98653,26.89837,23.990606,18.252085,17.163895,14.237648,15.225212,16.637411,16.172892,19.988234,18.940027,22.089756,23.9374,27.188276,26.982615,25.666452,29.65688,31.775892,31.224588,31.439304,28.369343,26.237494,26.657654,22.937037,26.046776,21.828192,25.492529,28.987434,24.918911,22.280058,24.040817,18.768488,20.351845,20.027515,19.190447
15,26.212358,24.091099,20.942966,17.908308,16.235352,12.964901,12.544862,7.7115192,7.231813,7.272467,6.888879,11.145749,8.7026,6.0179954,5.0158525,0.0,4.382052,5.751319,9.62777,13.394925,15.63838,20.21817,22.480383,24.76864,27.306211,25.85819,25.743946,21.41659,18.3655,17.405642,12.444227,11.9042015,7.2587886,6.882402,7.9918437,8.714457,12.803494,12.451188,11.136477,11.2811,11.9567585,14.26966,11.869818,16.10504,20.292572,20.477932,25.271244,24.999014,28.664648,31.06099,29.868467,25.405361,27.494755,25.269526,21.954771,22.12104,19.35472,17.820581,21.179386,19.867579,17.498808,23.252468,23.938757,27.592907,30.151041,32.670124,34.60723,35.023438,34.609764,30.784847,26.16473,27.682993,23.030281,25.949879,22.608053,25.364021,24.515778,22.428885,24.967476,22.877623,17.175657,15.775613,12.132501,12.197301,12.6636305,12.627196,15.583153,14.6057625,18.102867,19.869953,23.155258,23.373993,22.561398,26.288818,28.639786,28.473244,28.485785,25.851,23.352545,24.200605,19.834234,23.3885,18.875923,23.0357,27.040604,23.421574,20.501041,22.449858,16.703703,18.976738,18.040297,18.297808
16,22.163967,20.42224,17.061687,14.325305,13.14912,9.149265,10.439676,5.942655,7.2443156,9.274852,10.907251,14.671529,12.502131,10.118468,6.9981704,4.382052,0.0,4.440428,6.3666806,10.766166,12.267232,17.323137,19.404581,21.473694,24.069948,23.117609,23.576914,19.24344,16.790718,15.165439,11.604702,9.668731,8.160022,4.919655,8.680324,9.604346,12.792476,12.830298,9.9393215,8.9601755,12.060706,13.208054,12.116768,15.742548,18.953564,19.297144,23.687773,23.402405,27.170818,30.070433,29.05879,25.166754,26.970093,25.76326,22.173767,22.772442,20.551554,19.578035,23.512016,22.363186,19.696604,25.136015,25.164883,28.960947,30.670748,33.85656,35.042126,35.853874,34.85277,31.548729,26.891844,29.143784,24.791998,28.224705,25.359314,28.413078,28.027832,26.247557,28.995174,27.12249,21.444088,19.784641,16.096203,15.46245,15.505873,14.596048,16.30924,13.940649,17.492857,18.46521,22.158161,23.052666,21.38584,24.66504,27.364193,27.384876,27.864637,25.625504,23.564705,25.121754,21.023703,25.154907,21.179993,25.803272,30.051512,26.233377,23.152304,24.093086,18.187435,19.803673,18.013668,17.931599
17,21.435844,18.922083,16.445139,12.730659,11.142041,8.82156,7.957604,6.4444404,4.9399357,10.59658,10.495773,14.955297,13.978876,11.536709,10.10978,5.751319,4.440428,0.0,4.583018,7.676246,10.419098,14.510278,17.03532,19.190104,21.868946,20.476736,20.137684,15.955825,12.929897,12.365798,7.550757,7.855453,7.6645355,7.7222486,10.324013,12.582575,15.593086,14.53142,11.863494,9.906983,11.262203,11.142037,9.332114,11.864234,15.745761,15.483526,20.231964,19.581436,23.468458,26.106981,25.313278,21.184671,23.628832,22.394655,19.207598,20.334053,17.557917,17.226765,21.496435,19.60115,16.606266,21.50845,21.174318,24.848621,26.433432,29.555063,30.641573,31.440298,30.446623,27.172564,22.482008,24.8835,20.669985,24.33546,21.833366,25.141317,25.263159,23.987097,27.047482,25.825985,20.398392,18.333809,14.5046625,12.908331,12.33607,11.183515,11.99292,9.66679,13.415432,14.545186,18.12721,19.144995,18.062515,21.260965,23.988806,24.245316,24.444115,22.49699,20.123196,21.93515,17.4629,21.849033,17.899134,22.810318,27.343727,23.884047,20.68045,21.614948,15.591365,17.700567,15.542913,16.529852
18,17.171125,15.036106,12.792802,8.899149,8.415921,5.865021,7.4813757,8.155118,8.206186,14.205828,15.046322,19.276041,18.132307,15.624059,13.282302,9.62777,6.3666806,4.583018,0.0,4.78963,6.0985694,11.069906,13.123397,15.248808,17.835062,16.906525,17.373129,13.143066,11.1447115,9.482615,7.464329,5.6636477,9.811166,8.342622,12.06186,14.490734,16.48538,15.5609455,11.8144,8.570436,11.931814,10.188674,10.3040285,11.738391,13.950642,14.003597,18.032972,17.543571,21.389502,24.617764,23.955193,20.667934,22.576614,22.594711,19.187428,20.760117,18.785831,19.058407,23.7276,22.175667,19.07014,23.46695,22.45527,26.227003,26.7691,30.709818,30.926046,32.3203,30.776674,28.19599,23.519163,26.6554,22.916428,26.929773,24.995495,28.415405,28.98727,27.987694,31.248669,30.26916,24.914503,22.830944,18.995354,17.111862,16.077763,14.649421,13.843992,10.067399,13.683858,13.507236,17.521135,19.581337,17.711193,20.043785,23.258606,23.899647,24.57281,23.301899,21.397493,23.970907,19.818106,24.6122,21.220253,26.370033,31.052303,27.612806,24.35287,24.49994,18.57612,20.096235,17.128836,17.950224
19,15.263462,12.143488,11.289246,6.4312725,5.733534,6.8075104,6.170578,10.616986,9.596662,17.069815,17.511307,21.624022,21.471266,19.199965,17.336464,13.394925,10.766166,7.676246,4.78963,0.0,4.7840514,6.8412967,10.097969,11.671779,14.748288,13.802196,13.232643,9.611075,7.3649993,7.6822405,6.2824187,7.555297,13.199555,13.0312,16.25816,19.061749,20.98963,19.630096,16.036333,12.40278,14.640122,11.291879,11.434191,10.141455,12.063376,10.934313,14.91933,13.446455,17.70082,20.908585,20.948015,17.915455,20.64411,21.375475,18.633322,21.026234,18.77012,19.991688,24.86117,22.604454,19.263077,22.485865,20.659437,24.054865,23.839678,27.859304,27.39247,28.831673,26.782204,24.698298,20.256819,23.991055,20.867851,25.276165,24.094194,27.818586,29.03054,28.65918,32.072853,31.671452,26.660444,24.154037,20.507504,17.800388,16.43191,14.218621,11.698365,6.975555,10.042579,9.017259,13.122022,15.836011,13.95615,15.664858,19.09556,20.124588,20.821526,20.23617,18.482843,21.68524,17.766342,22.824324,20.171665,25.48905,30.317114,27.154203,23.888954,23.33921,17.758068,19.113201,15.511042,17.131393
20,12.741156,10.880862,10.472999,5.9916124,7.895812,7.735014,10.209585,13.48865,13.510035,20.145134,20.87396,25.18703,24.209358,21.58452,19.25755,15.63838,12.267232,10.419098,6.0985694,4.7840514,0.0,6.5364842,7.2187657,9.672034,11.802733,11.266701,12.746717,8.772269,8.819205,6.019039,8.8925,6.6406646,14.1393795,13.005577,16.485277,19.314764,20.24339,19.021906,14.915696,10.813818,14.415291,10.505722,12.518793,11.734259,11.309068,11.561782,14.141884,13.886402,17.40358,21.246378,20.848318,18.866049,20.16865,21.898119,18.673756,20.96644,19.873041,21.11696,26.076279,24.675776,21.52074,24.8373,22.921774,26.584322,25.703028,30.583761,29.648413,31.863844,29.763485,28.177237,23.666588,27.584185,24.637327,28.917776,27.848022,31.330624,32.59649,32.116314,35.681133,35.268013,30.184008,28.037102,24.207598,21.845972,20.137453,18.708952,15.967033,11.428125,14.343739,12.431526,16.477175,19.926914,17.74614,18.524014,22.269447,23.607256,24.620531,24.471811,22.976723,26.36412,22.49397,27.558338,24.789257,30.081484,34.931763,31.84021,28.569284,28.09764,22.49001,23.705679,20.025108,21.210213
21,11.425332,7.8305683,10.1225,5.8657637,7.384593,10.928269,10.942201,16.721483,15.99177,23.573893,24.168146,28.126896,28.279457,26.035862,24.029322,20.21817,17.323137,14.510278,11.069906,6.8412967,6.5364842,0.0,5.381105,5.222568,8.897342,8.90492,8.133319,6.5448704,7.1364655,8.291211,10.995288,12.099482,19.251005,19.033693,22.291866,25.273134,26.55951,25.07598,21.232157,17.16265,19.547892,14.87062,16.208994,12.805561,12.069812,10.357669,12.17993,9.845544,13.976651,17.70511,18.697815,17.328926,19.900023,22.48653,20.389874,23.526688,21.949306,24.104015,29.071224,26.76409,23.449965,25.265438,22.424192,25.316578,23.407545,28.094301,26.119461,28.211319,25.242266,24.54211,20.718433,25.314304,23.36302,27.982544,27.844324,31.63875,33.55865,33.778137,37.359657,37.49382,32.802563,30.142908,26.655964,23.542055,21.80972,19.384674,15.280799,10.538659,11.642623,8.307365,11.774702,16.033625,13.699067,13.060022,17.008904,18.88831,20.052736,20.948948,19.954077,23.98996,20.864876,25.936766,24.343868,29.593616,34.429386,31.623358,28.464762,27.007956,22.152668,22.925697,18.75213,20.61184
22,11.714674,10.026729,12.858585,9.250563,11.922145,13.984721,15.440774,20.220413,19.68852,26.957996,27.155346,31.601135,30.999435,28.301157,26.379786,22.480383,19.404581,17.03532,13.123397,10.097969,7.2187657,5.381105,0.0,4.7896214,4.9122715,4.458752,7.370595,5.362817,8.772421,6.997794,12.825437,12.03265,19.967016,19.798048,22.676584,25.90839,26.275364,24.588846,20.747583,16.58858,19.025854,13.858965,16.569267,13.474881,10.279537,10.245282,10.005509,9.918368,12.459549,16.79791,16.981499,16.892662,17.670992,21.337528,18.950985,22.016607,21.645325,23.939756,28.883198,27.410286,24.355797,26.1064,23.240559,26.420626,23.879923,29.546598,27.26396,30.371138,27.776068,27.448315,23.425495,27.95537,26.1144,30.43985,30.420135,33.851665,35.891647,36.07093,39.88963,40.19993,35.56078,33.33346,29.620884,26.786741,24.485323,23.181532,18.80869,14.539236,16.234812,12.920942,16.06803,20.733877,18.925083,17.767479,21.74723,23.905405,24.99061,26.15664,24.981339,28.963282,25.43836,30.466682,28.390844,33.59422,38.498737,35.993015,32.81213,31.924006,26.862532,27.989988,23.925894,25.736263
23,8.682084,6.3853884,10.669977,8.447907,11.152732,14.302658,15.56026,21.059364,20.908047,28.1923,29.170715,33.091545,33.02024,30.702154,28.320215,24.76864,21.473694,19.190104,15.248808,11.671779,9.672034,5.222568,4.7896214,0.0,4.882867,7.3071427,8.402885,8.685174,11.2971115,11.244859,15.76097,15.687587,23.430351,22.647121,26.086416,28.979359,29.696835,28.376236,24.28807,20.113316,23.130058,18.172045,20.38673,16.950705,14.550886,13.491413,13.250931,11.494754,14.452343,18.549198,19.80366,19.895609,21.515488,25.273418,23.264149,26.488827,25.680065,28.037252,33.00555,31.069695,27.867575,29.329351,26.201138,28.94369,26.136873,31.309065,28.502098,31.123518,27.740444,27.9098,24.485243,29.320444,27.858679,32.433075,32.630474,36.345547,38.45768,38.77554,42.433792,42.64988,37.955303,35.349895,31.825605,28.752596,26.916569,24.59442,20.30642,15.694094,16.354588,12.622599,15.308902,19.899466,17.199495,15.284409,19.194027,21.375694,22.95599,24.514212,24.060835,28.324518,25.641075,30.645275,29.390074,34.592243,39.39948,36.635868,33.512432,31.693108,27.078022,27.48414,23.177128,24.697462
24,11.37441,10.7074375,14.786865,12.52205,15.485272,17.90648,19.585577,24.635525,24.325869,31.583529,32.013515,36.357708,35.83133,33.16627,31.058416,27.306211,24.069948,21.868946,17.835062,14.748288,11.802733,8.897342,4.9122715,4.882867,0.0,4.3831587,8.268883,8.894826,12.876379,11.585596,17.60865,16.761667,24.753895,24.347687,27.298603,30.45633,30.512678,28.916508,25.017242,20.89307,23.504904,18.257954,21.235647,17.788618,13.784894,13.735328,11.715695,11.660799,12.989965,17.33957,18.040983,19.339994,19.582632,24.240871,22.278248,25.472889,25.56826,28.131435,32.981144,31.605213,28.646736,29.797482,26.587164,29.41225,26.009556,31.903908,28.785059,32.257206,29.229387,29.751204,26.231749,30.99767,29.742966,34.052658,34.46854,37.8775,40.179386,40.57467,44.43551,44.92124,40.374332,38.085472,34.42698,31.4803,29.139532,27.681715,22.99693,18.804142,19.83793,16.105463,18.562841,23.495796,21.490112,19.284225,23.16279,25.607767,26.95001,28.760765,28.030714,32.261185,29.187353,34.143955,32.538033,37.67823,42.545704,40.1445,37.016556,35.703148,30.957468,31.768448,27.54121,29.274786
25,14.94645,13.532242,17.045874,13.601895,16.042812,18.352116,19.290903,24.239248,23.242912,30.699598,30.22993,34.91582,34.32935,31.470495,30.034817,25.85819,23.117609,20.476736,16.906525,13.802196,11.266701,8.90492,4.458752,7.3071427,4.3831587,0.0,5.817222,5.7189527,10.173935,8.8645525,15.10507,14.788708,22.47996,23.124619,25.39297,28.936739,28.979298,26.884207,23.432093,19.413225,20.800411,15.319312,18.223532,14.384579,9.799735,10.035369,7.464626,8.5721855,9.402243,13.865698,13.961366,15.230429,15.20904,19.912296,18.107288,21.423012,21.620176,24.40272,29.149965,27.825195,25.000525,25.863342,22.659567,25.57617,22.187887,28.371378,25.532063,29.355598,26.919844,27.17631,23.368029,27.918325,26.64797,30.725143,31.233131,34.418785,36.84301,37.3519,41.32476,42.10373,37.816513,35.73561,32.07839,29.152061,26.402319,25.662981,20.637785,17.03935,18.426094,14.975865,17.387348,22.4012,21.367794,19.528036,23.399029,25.93011,26.75272,28.4509,27.148817,31.18253,27.570772,32.4176,30.408401,35.42348,40.307655,38.313354,35.219963,34.565567,29.726744,31.130617,27.110016,29.358429
26,17.077908,14.12334,17.822538,13.967903,15.229308,18.772411,17.832882,23.712582,21.912737,29.855337,28.955032,33.39477,33.674446,31.12908,30.190351,25.743946,23.576914,20.137684,17.373129,13.232643,12.746717,8.133319,7.370595,8.402885,8.268883,5.817222,0.0,4.9117703,7.765285,10.079577,13.950492,16.121046,23.04653,24.54437,26.64705,30.312683,31.129652,28.805893,25.640766,21.681276,22.047094,16.611736,18.14885,12.884942,10.058682,7.816206,6.299138,3.5508282,6.268971,10.181174,11.81839,12.3165245,14.674511,18.72636,17.933058,21.702179,20.719124,23.910597,28.567707,26.230202,23.264832,23.180267,19.500772,21.772755,18.169523,23.76008,20.617317,24.008131,21.228706,21.69456,18.270443,23.075169,22.369963,26.58536,27.609537,30.99727,33.755493,34.71793,38.59711,39.72441,35.792698,33.37627,30.05092,26.684954,24.01091,22.753616,17.12654,14.076799,14.435371,10.8918085,12.374756,17.509718,17.271584,15.082399,18.722197,21.454514,21.885489,23.964064,22.601427,26.689478,23.36432,27.982681,26.582413,31.397339,36.176712,34.50101,31.560385,30.640772,26.362759,27.802956,23.85125,26.733688
27,16.523138,13.808228,16.294088,11.725716,13.038179,15.530865,15.121274,20.168951,18.441553,26.138607,25.113583,29.824408,29.578058,26.82322,25.90643,21.41659,19.24344,15.955825,13.143066,9.611075,8.772269,6.5448704,5.362817,8.685174,8.894826,5.7189527,4.9117703,0.0,4.4875875,5.1803107,9.802482,11.264052,18.30457,19.822964,21.799215,25.501389,26.234352,23.89854,20.753782,16.83783,17.236025,11.813833,13.625231,9.108301,6.248463,4.9826264,5.8106155,5.5684614,8.633764,12.563369,12.576327,11.667127,13.4195595,16.619583,14.801133,18.259645,17.326344,20.089167,24.939253,22.998186,19.964956,21.04347,17.974691,21.072435,18.609873,24.28885,22.307795,25.520374,23.461365,22.834124,18.586416,22.970982,21.260948,25.438255,25.70406,29.020086,31.34218,31.842806,35.7627,36.54501,32.328262,30.159998,26.584389,23.544518,20.785852,20.063688,14.971637,11.637731,13.3806,10.4645,13.221884,17.91615,17.529686,16.68098,20.46508,22.745289,23.122688,24.29708,22.482162,26.247345,22.241045,27.060413,24.778938,29.785082,34.681,32.741634,29.657173,29.373772,24.458836,26.256847,22.474247,25.116877
28,18.376179,14.94823,16.458414,11.483771,11.491981,14.074175,12.190064,17.268475,14.842073,22.699326,21.273857,25.889288,26.070715,23.51779,23.024239,18.3655,16.790718,12.929897,11.1447115,7.3649993,8.819205,7.1364655,8.772421,11.2971115,12.876379,10.173935,7.765285,4.4875875,0.0,5.8256164,6.283147,10.124617,15.920272,18.086718,19.853836,23.525257,24.952003,22.55859,19.730213,16.09677,15.735166,10.923762,11.18363,6.169269,6.9580264,3.9834125,8.319135,6.6571074,10.742096,13.622518,13.756451,10.927661,14.3005085,15.7977495,14.107617,17.438848,15.293312,17.861052,22.69875,20.08245,16.831749,18.183334,15.353195,18.493805,17.121891,21.959555,20.833363,23.224895,21.442425,19.961311,15.403232,19.575735,17.385574,21.722277,21.698502,25.218897,27.396492,27.873714,31.69257,32.414394,28.22557,25.890646,22.425716,19.224434,16.590155,15.626255,10.501079,7.37468,9.503551,7.4877224,10.521155,14.577684,14.757169,14.98415,18.495375,20.424545,20.42408,21.03785,18.79951,22.280552,17.972105,22.781422,20.312656,25.347198,30.254139,28.277325,25.19373,25.145092,20.189283,22.28936,18.756094,21.721481
29,17.126131,15.036007,15.990391,11.196637,12.5145855,13.209776,13.811498,17.307142,15.895599,22.930912,21.864975,26.837831,25.829666,22.803661,21.831867,17.405642,15.165439,12.365798,9.482615,7.6822405,6.019039,8.291211,6.997794,11.244859,11.585596,8.8645525,10.079577,5.1803107,5.8256164,0.0,7.1029806,6.2848864,13.655808,15.010298,16.844646,20.561749,21.085684,18.783676,15.595831,11.721915,12.418336,7.0978184,9.653587,7.4106035,5.3086576,6.5945034,9.018773,10.2927,12.906722,16.536928,15.356818,13.469346,14.173352,16.155302,13.084358,15.790546,15.113897,17.06653,22.039793,20.781075,17.800009,20.369177,18.226934,22.028896,20.788454,26.313437,25.408077,28.392406,26.974112,25.47159,20.700954,24.46128,21.796406,25.740404,25.128092,28.24791,29.979,29.882988,33.779186,34.09508,29.54968,27.746628,23.907839,21.419788,18.688292,18.686855,14.728503,11.3996935,14.497115,12.589183,16.089455,20.036085,19.426607,19.749205,23.487825,25.290546,25.66355,25.962833,23.832527,27.138638,22.614859,27.470089,24.304092,29.376003,34.286343,32.053566,28.873161,29.27241,23.786795,25.873852,22.412355,24.594881
30,20.94766,17.877184,17.546972,12.590961,11.763614,12.253374,10.286952,13.115567,10.263755,17.467718,15.456283,20.424366,20.086994,17.356997,17.310411,12.444227,11.604702,7.550757,7.464329,6.2824187,8.8925,10.995288,12.825437,15.76097,17.60865,15.10507,13.950492,9.802482,6.283147,7.1029806,0.0,6.5132756,9.98365,12.891011,14.136527,17.768343,19.684395,17.295475,14.9210615,11.9471445,10.834557,7.6439104,6.0721364,4.596889,8.945735,8.089989,13.134216,12.721185,16.265024,18.672092,17.802097,13.707395,16.518745,15.881699,13.231497,15.4657955,12.628763,13.955734,18.801386,16.39367,13.061106,16.445078,15.049901,18.825785,19.435307,23.452,23.926245,25.62074,24.748987,22.001162,17.00085,20.012651,16.463224,20.41918,19.095,22.460936,23.794607,23.534533,27.252602,27.389343,22.806927,20.7617,17.008709,14.339322,11.799897,11.719182,8.582705,6.3285933,10.346638,10.541873,13.890558,16.28828,16.53578,18.47955,21.587584,22.750618,22.540344,21.842548,19.075586,21.640022,16.625463,21.277418,17.56791,22.613052,27.489685,25.17359,22.002375,23.02774,17.42166,20.122864,17.31552,19.88588
31,19.17651,17.49961,16.492802,12.112925,12.715201,11.016705,12.467255,13.345082,12.475882,18.152878,17.27902,22.304821,20.462252,17.255722,16.099604,11.9042015,9.668731,7.855453,5.6636477,7.555297,6.6406646,12.099482,12.03265,15.687587,16.761667,14.788708,16.121046,11.264052,10.124617,6.2848864,6.5132756,0.0,8.048675,8.785208,10.741855,14.30348,15.087042,13.08267,9.699161,5.9782157,7.7834945,4.7700315,6.7534995,8.975304,9.882797,11.468104,14.924138,16.042955,18.897057,22.135508,20.531408,17.602415,18.171558,18.329319,14.446433,15.827963,14.843666,15.28077,20.091387,19.384153,16.5367,20.900366,19.972572,24.138117,24.401596,29.173563,29.418106,31.724892,30.788118,28.357277,23.334724,26.328405,22.693602,26.324314,24.614506,27.55541,28.401451,27.514565,31.16081,30.710812,25.720036,24.262758,20.246092,18.562857,16.357826,16.837236,14.937798,12.006207,15.979574,15.375037,19.224482,22.039728,21.154982,22.789694,26.258387,27.410192,27.763256,27.005898,24.665764,27.286322,22.503658,27.185923,23.242838,28.225214,32.989586,30.290247,27.086002,28.125607,22.210915,24.454424,21.585253,23.068253
32,26.376902,24.532694,22.531305,18.551872,17.943296,15.2524805,15.477947,13.22067,11.78467,14.468472,11.806615,17.084146,14.226437,10.58847,11.365181,7.2587886,8.160022,7.6645355,9.811166,13.199555,14.1393795,19.251005,19.967016,23.430351,24.753895,22.47996,23.04653,18.30457,15.920272,13.655808,9.98365,8.048675,0.0,6.40241,4.5211477,8.4723,10.484569,7.99353,7.2792454,7.3673396,4.7546206,8.249614,6.244639,12.098112,15.387294,16.773579,20.996273,22.107662,24.841078,27.207554,25.114565,21.018873,21.773369,19.497622,15.684011,15.394174,13.596013,11.937418,15.733368,15.559045,13.384745,19.369009,20.138514,24.318861,26.486246,30.053455,31.888683,33.433598,33.5616,30.037611,24.957733,26.54215,22.063337,24.709084,21.802713,24.06579,23.80655,22.032038,25.329882,24.261784,19.197485,18.606089,14.635605,14.4100065,12.659172,15.008165,15.692619,14.923203,19.029877,20.03863,23.433565,24.833872,24.789318,27.604832,30.479866,31.047977,30.863728,29.089891,26.184252,27.576292,22.416298,26.219707,21.236395,25.463211,29.762402,27.198282,24.26057,26.860296,21.02719,23.996841,22.44702,23.727856
33,23.436195,22.398277,19.39062,16.534298,16.322536,12.121735,14.54499,10.806404,11.781247,13.162349,13.632782,17.82557,14.420937,11.306155,8.967031,6.882402,4.919655,7.7222486,8.342622,13.0312,13.005577,19.033693,19.798048,22.647121,24.347687,23.124619,24.54437,19.822964,18.086718,15.010298,12.891011,8.785208,6.40241,0.0,5.049431,6.4050927,8.359586,8.39969,5.081968,5.2333136,9.150664,11.440512,11.385593,16.19735,18.427752,19.850248,23.678482,24.470314,27.604422,30.653746,28.95591,25.447657,26.04111,24.881702,20.803675,20.798082,19.59156,18.193958,21.953894,21.950315,19.66438,25.463203,25.7737,29.914053,31.506638,35.3093,36.542397,38.01056,37.37221,34.16571,29.22644,31.387352,26.999552,30.116816,27.219872,29.82085,29.386457,27.412403,30.341549,28.566425,23.054186,22.15327,18.331675,18.211235,17.509161,18.071644,19.171375,16.965204,20.894371,21.423588,25.263865,26.763245,25.365984,28.183762,31.186338,31.525223,31.9772,30.04647,27.80884,29.467045,24.982553,29.095106,24.681292,29.17024,33.420853,30.012005,26.986412,28.535822,22.58999,24.548105,22.725285,22.83272
34,27.866268,26.648716,24.06418,20.727983,20.383314,16.722761,18.109314,14.4397545,14.24173,14.836205,13.207563,17.79285,13.753869,10.126878,10.212224,7.9918437,8.680324,10.324013,12.06186,16.25816,16.485277,22.291866,22.676584,26.086416,27.298603,25.39297,26.64705,21.799215,19.853836,16.844646,14.136527,10.741855,4.5211477,5.049431,0.0,4.2956834,6.077557,4.499827,4.6312466,7.1632705,6.8214164,11.319853,10.479933,16.40821,18.984892,20.803757,24.6641,26.048271,28.690317,31.287724,29.016033,25.221113,25.34564,23.190903,19.125826,18.24546,17.23888,14.992281,18.054104,18.831793,17.151955,23.357595,24.424627,28.627022,30.860191,34.46641,36.371502,37.93698,38.054405,34.504055,29.449532,30.934628,26.366404,28.808765,25.616587,27.598017,26.84513,24.592487,27.522024,25.841097,20.677792,20.58834,16.856657,17.461672,16.356731,18.569992,19.946768,18.89936,22.974945,23.89377,27.462658,28.792166,28.2757,31.198532,34.100456,34.505116,34.534306,32.52387,29.81579,31.04773,26.11943,29.783957,24.773544,28.774294,32.816628,29.984331,27.153841,29.788975,23.989908,26.636978,25.31123,25.899069
35,29.694786,28.7709,25.551601,22.878368,22.393972,18.121172,19.935848,14.973188,15.699153,14.10205,13.624301,17.168905,12.361845,9.2772875,8.573253,8.714457,9.604346,12.582575,14.490734,19.061749,19.314764,25.273134,25.90839,28.979359,30.45633,28.936739,30.312683,25.501389,23.525257,20.561749,17.768343,14.30348,8.4723,6.4050927,4.2956834,0.0,4.5835185,6.0020156,6.6893635,9.965209,11.058894,15.476669,14.645831,20.450968,23.109278,24.80364,28.716686,29.881071,32.725872,35.412495,33.25662,29.420969,29.63505,27.415688,23.38255,22.32519,21.299332,18.764818,21.28835,22.194244,20.721762,27.061398,28.341944,32.439247,34.919292,38.221786,40.28719,41.538975,41.58034,37.875595,32.935127,34.273045,29.57087,31.90723,28.396496,30.288145,29.041983,26.395065,28.841776,26.483015,21.211172,21.35133,17.986382,19.231892,18.948187,20.715809,22.994175,21.886637,25.80211,26.90842,30.510693,31.461578,30.566717,33.796432,36.54544,36.64994,36.816963,34.42905,31.920702,32.84813,28.264936,31.69016,26.765312,30.505795,34.238445,31.047657,28.361616,30.944187,25.31881,27.605211,26.665195,26.573914
