,0,1,2,3,4,5,6,7,8,9,10,11,12,13,14,15,16,17,18,19,20,21,22,23,24,25,26,27,28,29,30,31,32,33,34,35,36,37,38,39,40,41,42,43,44,45,46,47,48,49,50,51,52,53,54,55,56,57,58,59,60,61,62,63,64,65,66,67,68,69,70,71,72,73,74,75,76,77,78,79,80,81,82,83,84,85,86,87,88,89,90,91,92,93,94,95,96,97,98,99,100,101,102,103,104,105,106,107,108,109,110,111
0,0.0,4.1485925,7.1840305,9.454498,12.42975,13.915696,17.57987,19.284643,23.18602,23.46346,27.317936,28.429913,31.720259,31.72926,37.271442,34.83834,39.357277,39.61841,45.473114,46.237354,50.291965,53.2796,56.74972,52.68725,51.20311,49.141006,44.33543,42.492958,38.273396,38.81539,32.71618,31.574371,28.771921,25.409792,25.818924,26.971338,23.132393,24.714354,28.73736,28.049911,24.600742,30.815964,32.09328,29.084566,28.705023,35.72213,35.73953,31.810822,34.634186,30.89589,33.575985,38.86106,38.854378,36.599277,40.08161,41.94823,37.673824,40.865017,42.271423,35.924328,35.461353,40.546852,40.910038,38.55504,34.82167,36.84282,42.10608,43.053753,41.133255,46.030865,46.74829,49.023323,44.756916,48.98915,45.088875,49.448788,47.904243,43.65529,46.801373,41.67561,42.18458,41.67864,39.11555,39.508297,37.45908,42.7509,39.852573,45.859768,45.39038,48.41075,49.108166,52.254055,53.613438,58.18166,58.83658,57.192513,54.362892,52.746876,50.09747,49.434155,44.50476,46.099495,40.051125,39.463615,37.988354,35.38446,36.87571,32.216064,35.38412,34.668495,34.953068,36.66937
1,4.1485925,0.0,5.224735,6.67093,9.138443,11.934208,14.489177,17.284487,20.699038,21.490406,25.219694,26.33688,29.530432,29.147238,34.774887,31.905483,36.388973,36.424088,42.343987,42.972332,46.88783,49.96458,53.279682,49.12426,47.741886,45.597206,40.900043,38.97233,34.860317,35.36762,29.444796,28.257477,25.97213,22.25521,22.280663,23.659142,19.672802,20.868723,24.976389,24.480402,20.7488,26.81809,28.30408,25.376982,24.734262,31.758808,32.02258,28.115927,30.770796,26.97302,29.497765,34.954937,34.802174,32.479847,35.97717,37.888103,33.667313,36.8789,38.16878,31.795206,31.476416,36.53702,36.928295,34.612957,30.970793,33.083282,38.38917,39.461205,37.36506,42.180706,43.05852,45.28555,40.984337,45.14302,41.22806,45.62905,44.209908,39.969315,43.282883,38.228207,38.98721,38.69516,36.25653,36.490154,34.281395,39.6619,36.693615,42.667282,42.315388,45.233387,46.1438,49.199177,50.78319,55.241936,56.14694,54.29601,51.546673,49.894077,47.47329,46.718548,42.01606,43.614773,37.64044,37.276756,35.921696,33.5077,34.8003,30.451723,33.006813,32.61286,32.519283,34.478115
2,7.1840305,5.224735,0.0,5.3275476,6.499238,8.455377,11.08044,12.914485,16.672699,16.756306,20.611954,21.48605,24.828966,24.695837,30.536821,28.195868,32.674343,33.24746,38.85791,40.041206,44.024315,47.064346,50.435127,46.777992,45.521812,43.618626,38.694195,37.27819,33.00136,34.160423,27.700619,27.93243,25.373703,22.220066,21.306738,21.661058,17.639286,19.919874,23.20649,21.971737,18.69421,25.27614,25.963987,22.577654,22.78902,29.71687,29.172615,25.273802,28.52832,25.121359,28.105156,32.687023,33.426033,31.555767,34.698807,36.46651,32.13586,35.608654,37.363743,31.222397,30.724995,36.14692,37.13374,35.31402,31.46686,33.150063,38.70482,39.461792,36.85323,41.688885,42.10765,43.94464,39.305817,43.276543,39.16386,43.278545,41.4787,37.117878,39.988052,34.776264,35.13263,34.52046,32.014263,32.57204,30.757267,36.018955,33.58606,39.70517,39.591465,42.767685,43.73758,46.956753,48.391483,53.113117,53.618187,51.479847,48.60669,46.74102,44.379158,43.152798,38.55364,39.69655,33.85902,33.027256,31.438812,29.226587,30.82011,26.807285,29.761164,29.763376,30.128761,32.464046
3,9.454498,6.67093,5.3275476,0.0,3.8885777,5.7726197,8.748191,11.468399,14.57361,16.083303,19.547916,21.277712,24.08255,23.714514,28.751356,25.82524,30.342358,30.316006,36.32248,36.84817,40.95293,43.892433,47.449646,43.350582,41.806503,39.811268,34.933464,33.220463,28.923191,29.721823,23.381943,23.050194,20.252468,17.142296,16.851477,17.566246,13.800748,16.08688,19.727102,18.884161,16.081522,22.501535,23.320053,20.792433,21.088646,27.668383,27.451511,24.484745,27.687119,24.349808,26.305738,31.376026,32.078728,29.776352,32.521385,33.800068,29.27492,32.34051,34.407734,28.456324,27.164082,32.555073,33.451675,31.6758,27.417118,28.835163,34.32768,34.87591,32.628986,37.634,37.88993,40.00778,35.68711,40.02129,36.225685,40.591274,38.991253,34.931458,38.21276,33.272404,33.869816,33.84441,30.946424,30.826908,28.431286,33.732273,30.502554,36.458004,35.951042,38.96088,39.723896,42.8665,44.304134,48.877483,49.597572,47.811867,45.02115,43.415905,40.873356,40.283813,35.438137,37.243744,31.167736,31.060038,29.928883,27.294224,28.37438,23.949116,26.363855,25.96297,25.916508,27.989939
4,12.42975,9.138443,6.499238,3.8885777,0.0,5.451983,5.389623,9.507064,11.965786,13.642821,16.968237,18.419436,21.223907,20.50904,25.897795,22.784424,27.261156,27.334425,33.2125,33.972645,37.929775,40.98405,44.356472,40.457424,39.145935,37.180397,32.308353,30.795147,26.551916,27.702772,21.306993,21.780806,19.607212,16.424002,14.916537,15.252431,11.164186,13.604982,16.791761,15.696806,12.649137,19.270134,19.898914,17.056692,17.48846,24.108074,23.72523,20.628485,23.943302,20.734303,22.895851,27.65142,28.617325,26.542038,29.204388,30.56613,26.080214,29.388695,31.474371,25.57676,24.530664,30.062386,31.281763,29.77956,25.66642,27.030117,32.6572,33.251247,30.500126,35.368225,35.63978,37.466152,32.877174,36.97046,32.988216,37.23241,35.55808,31.372993,34.57801,29.575521,30.24146,30.210876,27.503798,27.471684,25.169924,30.538225,27.630713,33.66486,33.489964,36.535046,37.61404,40.73993,42.361183,46.9519,47.727283,45.52022,42.748234,40.953415,38.734707,37.696617,33.216194,34.677555,28.81278,28.608095,27.42689,25.220623,26.29506,22.544958,24.473034,24.746382,24.54558,27.117569
5,13.915696,11.934208,8.455377,5.7726197,5.451983,0.0,6.1705275,6.086076,9.67734,10.956034,14.334403,16.48538,19.08035,19.17671,23.790236,21.516523,26.046387,26.522001,32.27344,33.210773,37.538338,40.292908,44.108246,40.479782,38.884254,37.226032,32.062744,30.95219,26.42934,27.930088,20.957024,22.392254,18.891891,17.077,16.05439,15.18188,11.981428,16.002369,18.336668,16.563704,15.225297,21.884714,21.51245,19.003927,20.677986,26.601662,25.372599,23.149216,27.060654,24.419418,26.335003,30.33312,32.178535,30.280983,32.280987,33.03713,28.347267,31.41171,34.263653,28.895092,26.90154,32.575306,34.121357,32.99285,28.380455,29.022717,34.612236,34.57191,32.00888,37.065502,36.54239,38.30193,33.812195,38.090473,34.296883,38.350773,36.321274,32.3499,35.16279,30.21985,30.27077,30.099188,26.764723,26.701653,24.578081,29.627941,26.677166,32.700623,32.20447,35.50771,36.09815,39.450546,40.557632,45.435802,45.615604,43.768917,40.824814,39.11607,36.416916,35.638763,30.642117,32.254135,26.14973,25.750204,24.548822,21.747585,23.01945,18.570004,21.61478,21.352041,21.971706,24.294836
6,17.57987,14.489177,11.08044,8.748191,5.389623,6.1705275,0.0,6.168062,6.9909253,9.468111,12.213218,13.87871,16.295944,15.346809,20.583443,17.423498,21.902372,22.18813,27.93015,28.96395,32.96053,35.983913,39.40311,35.836277,34.620087,32.86245,27.83812,26.806171,22.485397,24.303974,17.560314,19.76582,17.745565,15.434103,12.5630455,11.451938,7.623585,11.514522,13.194012,11.231124,9.379458,16.164503,15.7304325,12.895511,14.612338,20.535435,19.372915,17.053123,20.935741,18.451488,20.365885,24.164759,26.140892,24.439896,26.346283,27.256344,22.663671,26.038916,28.748713,23.438614,21.888002,27.646666,29.520851,28.69874,24.435726,25.13987,30.838545,31.034945,27.78568,32.575325,32.318783,33.737297,28.90743,32.84896,28.800035,32.808044,30.850124,26.693031,29.664158,24.674463,25.13987,25.216972,22.283316,22.1342,19.883417,25.209291,22.530811,28.646545,28.682398,31.882902,33.09634,36.29922,37.896465,42.623997,43.20253,40.68277,37.86744,35.914234,33.863964,32.48024,28.206902,29.419895,23.692352,23.468376,22.3606,20.415155,21.392529,18.325245,19.807112,20.763866,20.627974,23.722597
7,19.284643,17.284487,12.914485,11.468399,9.507064,6.086076,6.168062,0.0,4.667531,4.9366674,8.284644,10.548477,13.042998,13.460016,18.163635,16.660824,21.096666,22.356844,27.549503,29.247942,33.571915,36.249294,40.065166,37.156807,35.795795,34.504066,29.185982,28.87387,24.351948,26.77294,19.526169,23.066137,19.823334,18.982008,16.582306,14.0545635,11.606162,16.598757,17.172861,14.3487625,14.380986,20.769943,19.134417,16.38135,19.369091,24.429785,22.077318,20.41522,24.905016,23.105724,25.207495,27.7719,30.755575,29.494455,30.823414,31.269442,26.664793,29.88426,33.24982,28.5308,26.387732,32.180344,34.419277,33.97057,29.430202,29.504,35.099552,34.7017,31.523394,36.348846,35.26466,36.406418,31.59184,35.461704,31.532084,35.079155,32.587185,28.600204,30.761858,25.775328,25.262733,24.80086,21.26854,21.52074,19.96751,24.732477,22.617266,28.716476,28.631319,32.220398,32.97263,36.462475,37.428696,42.55862,42.281036,39.947968,36.889885,34.87018,32.388752,30.867352,26.168112,27.07076,21.233814,20.207544,18.73535,16.322405,17.969234,14.475303,17.757967,18.48079,19.680962,22.667833
8,23.18602,20.699038,16.672699,14.57361,11.965786,9.67734,6.9909253,4.667531,0.0,4.8036003,5.9065275,8.832195,10.28992,9.988359,14.202973,12.076832,16.562126,17.694458,22.956902,24.606213,28.90638,31.603746,35.398003,32.549313,31.259111,30.047026,24.722456,24.67546,20.226667,23.045517,15.87593,20.550606,17.903006,17.578396,14.3034,10.850962,9.330436,14.551746,13.872174,10.622688,12.049958,17.680052,15.344374,13.157407,16.878073,20.960466,18.27748,17.667877,22.21717,21.01015,22.482925,24.471287,27.957636,26.848232,27.537996,27.559605,22.990795,26.074598,29.806015,25.668873,23.153107,28.886929,31.493292,31.516829,27.017141,26.646374,32.132263,31.517609,28.042805,32.698666,31.332386,32.20515,27.321762,31.080975,27.214085,30.641556,28.086786,24.243658,26.42997,21.624392,21.186718,21.167267,17.415665,17.1899,15.371867,20.187988,17.97666,24.101479,24.171312,27.770222,28.731125,32.187717,33.3054,38.40536,38.23769,35.616653,32.60379,30.499767,28.271362,26.573002,22.13359,23.029894,17.257141,16.651524,15.529822,13.4297905,14.582738,12.061462,14.041517,15.628163,16.436337,19.934992
9,23.46346,21.490406,16.756306,16.083303,13.642821,10.956034,9.468111,4.9366674,4.8036003,0.0,3.9792078,5.6831264,8.389199,9.318895,14.481189,14.094001,18.202452,20.38408,24.75643,27.32393,31.487255,34.102962,37.781616,35.644997,34.608425,33.653828,28.34623,28.75795,24.430696,27.545725,20.458248,25.352772,22.570166,22.215607,18.98325,15.603905,13.840022,18.826246,18.109404,14.657849,15.538796,21.27217,18.712982,15.683073,19.521776,23.72261,20.405882,19.064535,23.884706,22.847477,25.245564,26.428787,30.285957,29.658058,30.523819,30.845556,26.498783,29.85916,33.439384,29.273813,27.305927,33.028244,35.740177,35.763752,31.471521,31.24451,36.74407,36.18019,32.521458,37.019016,35.6116,36.17529,31.112957,34.452454,30.394865,33.37687,30.485235,26.468655,27.882683,22.860428,21.745127,20.804821,17.262394,18.110334,17.415905,21.747272,20.798943,26.820368,27.256325,31.026407,32.002003,35.53428,36.409184,41.679768,41.019726,38.17309,35.055527,32.709198,30.57304,28.174936,24.005646,23.952375,18.66636,16.7435,14.805721,13.227503,15.401424,13.489347,16.735939,18.496346,20.11944,23.549309
10,27.317936,25.219694,20.611954,19.547916,16.968237,14.334403,12.213218,8.284644,5.9065275,3.9792078,0.0,3.9707932,4.8957214,6.2704544,10.568663,10.943696,14.741117,17.39048,21.277021,24.178497,28.32935,30.789358,34.525467,32.796314,31.829597,31.15335,25.872112,26.806477,22.654795,26.205282,19.379112,25.272223,22.72017,23.049765,19.486872,15.445253,14.694796,19.666826,17.915377,14.218008,16.333456,21.142687,17.840181,15.40445,19.886782,22.933056,19.03927,18.802605,23.664701,23.31899,25.252518,25.53619,30.029354,29.675386,29.873825,29.735226,25.551111,28.690186,32.65773,29.185154,26.871023,32.420303,35.471237,35.945072,31.692665,30.996292,36.285255,35.408592,31.591642,35.861687,34.007927,34.217552,29.184479,32.282516,28.378222,30.987352,27.867176,24.110712,25.109798,20.353394,18.833122,17.995655,14.04368,14.770739,14.428454,18.291147,17.811808,23.635489,24.241438,28.099667,29.096693,32.64394,33.397434,38.7319,37.826874,34.76962,31.627708,29.161581,27.163832,24.427393,20.488478,20.071106,15.029746,12.842768,10.897788,9.72211,11.926871,11.340341,14.070275,16.555752,18.357243,22.019157
11,28.429913,26.33688,21.48605,21.277712,18.419436,16.48538,13.87871,10.548477,8.832195,5.6831264,3.9707932,0.0,3.8693435,5.3273344,11.282535,12.319018,15.573973,18.793758,21.902294,25.506756,29.25594,31.82601,35.153538,33.96094,33.4181,32.82271,27.728283,28.904793,25.010387,28.736275,22.204042,28.159065,26.113821,26.021952,22.033535,18.198433,17.059694,21.580603,19.665382,15.918546,17.42028,22.01999,18.659712,15.507904,19.92905,22.910128,18.634722,17.719812,22.630404,22.553968,25.181704,24.68774,29.425062,29.558388,29.900202,30.13692,26.26713,29.728237,33.36394,29.89972,28.307144,33.775425,36.934162,37.45159,33.58097,33.12021,38.41522,37.77568,33.608017,37.607155,35.991913,35.87246,30.597176,33.173046,29.006319,31.242628,27.964424,23.958305,24.407244,19.43955,17.617723,16.002499,12.707966,14.523151,15.123573,18.7092,19.435652,25.113956,26.292627,30.106985,31.468832,34.913662,35.80888,41.081833,40.14568,36.60755,33.5238,30.787115,29.293966,25.748976,22.60517,21.227081,17.070023,14.120565,11.638832,11.916287,14.398763,14.935134,17.300335,20.22434,21.91868,25.720514
12,31.720259,29.530432,24.828966,24.08255,21.223907,19.08035,16.295944,13.042998,10.28992,8.389199,4.8957214,3.8693435,0.0,3.5633032,7.583185,9.802812,12.454033,16.140903,18.654243,22.53523,26.277561,28.635736,32.06834,31.24545,30.715908,30.408092,25.387104,27.043545,23.369282,27.403522,21.237673,27.911774,25.997347,26.552828,22.480822,18.199875,17.973326,22.454645,19.773716,15.993126,18.582228,22.293839,18.364172,16.061558,20.898191,22.724152,18.057285,18.44676,23.23193,23.745375,25.718302,24.529327,29.759361,30.038372,29.705147,29.406843,25.701345,28.8203,32.84907,30.085516,28.042557,33.28426,36.699646,37.613262,33.732986,32.806587,37.84678,36.87529,32.6806,36.468887,34.39219,33.982452,28.84636,31.231302,27.323288,29.198704,25.730001,22.110525,22.155602,17.610455,15.339059,13.974739,10.051981,11.624173,12.658319,15.5477085,16.7526,22.08599,23.369297,27.22464,28.540426,31.97388,32.71168,38.014206,36.835606,33.170017,30.075245,27.263538,25.880579,22.070896,19.179916,17.438843,13.659364,10.428763,7.9526777,9.029549,11.352941,13.311378,14.978628,18.427996,20.225178,24.094376
13,31.72926,29.147238,24.695837,23.714514,20.50904,19.17671,15.346809,13.460016,9.988359,9.318895,6.2704544,5.3273344,3.5633032,0.0,7.35654,7.68265,10.552652,13.904553,16.767424,20.501934,24.056837,26.712643,29.892227,28.817965,28.479649,27.982063,23.062016,24.598867,21.081123,25.128616,19.279861,25.952007,24.758873,24.983707,20.46289,16.325047,16.138226,20.106457,17.050695,13.32365,15.959531,19.115797,15.087936,12.811726,17.725351,19.204617,14.495782,15.117816,19.831888,20.53934,22.320246,20.992447,26.259558,26.600033,26.176966,25.939157,22.31847,25.551607,29.44522,26.770445,24.964937,30.123598,33.59875,34.599888,30.962696,30.114721,35.113934,34.329384,29.901808,33.53397,31.720528,31.228968,25.930399,28.192331,24.108906,26.092157,22.727167,18.874548,19.261787,14.466027,12.671667,11.759224,7.9450135,9.257675,9.964147,13.520831,14.683114,20.216837,21.800074,25.505938,27.247381,30.534555,31.70636,36.81127,36.137947,32.173935,29.21783,26.345531,25.377302,21.45076,19.003048,17.403122,13.741317,11.424473,9.623142,10.972416,12.442046,14.614235,14.899293,18.756723,19.768358,23.885056
14,37.271442,34.774887,30.536821,28.751356,25.897795,23.790236,20.583443,18.163635,14.202973,14.481189,10.568663,11.282535,7.583185,7.35654,0.0,5.87835,6.162807,10.412461,11.825696,15.825188,19.619934,21.57365,25.3151,24.872616,24.268406,24.460703,19.697752,22.209167,19.175777,23.607307,18.662836,26.300495,24.963425,26.615774,22.571737,17.910328,19.405489,23.32344,19.438068,16.110558,20.3866,22.146646,17.560106,17.308954,22.340864,21.957062,17.204887,20.128555,24.270924,25.64104,26.07587,24.061892,29.756668,30.083677,28.474964,27.050564,23.74954,25.94813,30.651022,29.32049,26.368896,30.952612,34.72398,36.36206,32.56025,30.754364,35.130444,33.548668,29.444038,32.73615,29.817747,28.918112,24.24794,26.346224,23.165108,24.4632,20.856627,18.311422,17.993786,14.800968,12.306037,12.550137,7.826251,7.005182,8.189142,9.157059,10.85915,15.251426,16.671255,20.503878,21.799099,25.134392,25.734545,30.987158,29.637505,25.708818,22.642782,19.737188,18.657423,14.501617,12.187504,10.100203,7.0769043,4.756741,4.6236563,7.2006364,7.242873,12.24174,10.957735,15.448955,16.795486,20.668377
15,34.83834,31.905483,28.195868,25.82524,22.784424,21.516523,17.423498,16.660824,12.076832,14.094001,10.943696,12.319018,9.802812,7.68265,5.87835,0.0,4.53716,6.517978,10.8920965,13.355707,17.424322,20.036337,23.721949,21.889133,21.125368,20.648088,15.591099,17.393175,14.07779,18.42847,13.454452,21.000622,20.457283,21.690077,17.29027,12.816706,14.650917,17.955767,13.740118,10.656834,15.383119,16.5266,11.97641,12.556901,17.410835,16.8974,12.76817,16.256794,20.122932,21.24445,20.954912,19.856785,25.059242,24.932686,23.341084,21.855879,18.221918,20.450428,25.177725,23.663218,20.515995,25.212532,28.912653,30.489044,26.704885,24.97573,29.463135,28.113092,23.867054,27.348219,24.837364,24.295172,19.35478,22.030024,18.588331,20.805155,17.65469,14.701259,16.014174,12.431704,11.597771,13.167136,8.922771,6.346284,4.0337896,8.160649,7.1184983,12.958487,14.231528,17.915243,19.713175,22.95594,24.35595,29.33822,29.10418,25.237024,22.372644,19.730577,18.777813,15.660713,13.07908,12.93027,8.870938,9.610467,10.133204,10.743745,9.838104,12.838136,9.753281,14.326084,14.170112,18.41042
16,39.357277,36.388973,32.674343,30.342358,27.261156,26.046387,21.902372,21.096666,16.562126,18.202452,14.741117,15.573973,12.454033,10.552652,6.162807,4.53716,0.0,4.7696667,6.558138,10.173148,13.857964,16.257034,19.841194,18.930906,18.552328,18.648088,14.131432,16.96307,14.655829,19.238012,15.738657,23.488735,23.489628,25.111958,20.751513,16.471699,18.741398,21.46924,16.782852,14.213266,19.021666,18.878674,14.166733,15.456902,20.091415,18.006638,13.668489,18.24737,21.55385,23.442358,22.695835,20.308828,25.965914,26.295362,23.903095,21.87435,18.99477,20.665754,25.530912,25.157492,22.029892,26.011692,29.98167,32.07461,28.694527,26.56974,30.470057,28.860958,24.525824,27.30762,24.338285,23.071886,18.404388,20.22993,17.247316,18.470554,14.985032,12.889723,13.18147,10.854071,9.530099,11.796749,7.9980845,4.174366,3.4870713,3.8033156,5.532826,9.861277,12.044804,15.566473,17.706942,20.70135,22.085417,26.914936,26.480947,21.983679,19.236635,16.263332,16.1697,11.999454,11.087621,9.832025,8.070511,9.222813,10.497841,12.340905,10.873417,15.468928,11.463637,16.306715,16.033777,20.016731
17,39.61841,36.424088,33.24746,30.316006,27.334425,26.522001,22.18813,22.356844,17.694458,20.38408,17.39048,18.793758,16.140903,13.904553,10.412461,6.517978,4.7696667,0.0,6.590875,7.0420823,11.237604,13.963269,17.76272,15.425328,14.631253,14.305969,9.511027,12.19456,10.147908,14.724929,12.317747,19.89884,20.685268,22.46641,18.295671,14.480456,17.482208,19.353878,14.430109,12.778894,17.938944,16.615944,12.2608385,15.045067,19.049692,16.228352,13.055275,18.435772,21.079678,22.828516,20.956541,19.360292,24.384708,24.231478,21.42699,18.792982,15.892085,16.854607,22.050388,22.189386,18.400179,22.012094,25.968138,28.26825,24.913488,22.430597,26.0138,24.24704,20.007927,22.740982,19.605526,18.50751,13.966108,16.399517,13.800386,15.712794,12.859554,11.371156,13.218238,11.714445,11.980172,15.146164,12.03833,7.913255,4.590836,5.637399,1.2816048,6.8091545,8.637658,11.89987,14.423599,17.258236,19.258453,23.78531,24.246475,19.971481,17.479034,14.961472,14.938595,12.305926,11.266986,12.025194,9.944296,12.838893,14.569686,15.36606,13.212459,16.690144,11.295351,15.70637,14.149518,17.975512
18,45.473114,42.343987,38.85791,36.32248,33.2125,32.27344,27.93015,27.549503,22.956902,24.75643,21.277021,21.902294,18.654243,16.767424,11.825696,10.8920965,6.558138,6.590875,0.0,5.8899035,8.107927,10.1774025,13.505021,13.813416,14.117516,15.058066,12.020268,15.975114,15.473132,19.805704,18.678627,26.094307,27.046288,29.016731,24.826292,21.045712,23.854675,25.643177,20.581617,18.8863,23.713768,21.852474,17.436525,19.817623,23.791563,19.806515,16.111551,21.80882,24.039179,26.66387,24.96514,21.474463,27.131977,27.82144,24.353077,21.482578,19.821991,20.382729,25.233768,26.553629,23.404696,26.123747,30.280596,33.05224,30.324177,27.689379,30.56819,28.660421,24.41089,26.040712,22.559866,20.302364,16.455814,16.920547,15.10997,14.793901,11.300096,11.402957,10.622905,11.34059,10.540254,13.820408,11.809726,8.133363,8.252105,3.319051,6.968011,6.056936,9.741396,12.162433,14.995388,17.183662,18.851135,23.003223,22.790693,17.356009,15.146804,11.912432,13.716805,8.762733,11.300702,9.575523,11.391626,13.452351,15.378629,17.63617,15.577693,20.689682,15.648642,20.182735,19.274225,22.68772
19,46.237354,42.972332,40.041206,36.84817,33.972645,33.210773,28.96395,29.247942,24.606213,27.32393,24.178497,25.506756,22.53523,20.501934,15.825188,13.355707,10.173148,7.0420823,5.8899035,0.0,4.8823776,7.0835414,11.374623,9.275721,8.591284,9.483928,6.713395,11.057613,11.668509,15.452394,16.17091,22.894352,24.48189,26.848257,23.255842,20.075573,23.566174,24.60376,19.64646,18.91017,23.935753,21.155684,17.40584,21.02023,24.335413,19.910942,17.605976,23.741804,25.39888,27.702446,24.867945,22.50164,27.247442,27.292528,23.42066,19.777039,18.261122,17.624008,22.796677,24.85385,20.846563,22.823048,26.82313,29.851154,27.143847,23.970617,26.15953,23.84041,20.083805,21.440481,17.364382,15.17524,12.203717,13.332365,12.801108,13.142334,10.910891,12.305878,13.413341,14.734558,15.269047,18.974293,16.878382,12.796533,10.95568,8.307608,6.6307907,1.3721448,5.1943865,6.633676,10.140241,11.976332,14.430157,18.18852,19.095463,14.068757,12.250292,9.913285,11.728226,9.741177,11.585264,12.597399,13.401508,17.003374,19.374054,20.489006,17.778833,21.800383,15.694899,19.4774,17.457235,20.30622
20,50.291965,46.88783,44.024315,40.95293,37.929775,37.538338,32.96053,33.571915,28.90638,31.487255,28.32935,29.25594,26.277561,24.056837,19.619934,17.424322,13.857964,11.237604,8.107927,4.8823776,0.0,3.7038233,6.6351867,5.900178,7.1748605,8.867791,8.942012,13.097074,15.032856,18.188776,20.149641,26.244505,28.544453,30.638573,26.935024,24.1521,27.487982,27.925913,22.890676,22.49251,27.134039,23.44332,20.016733,23.74355,26.581974,21.118998,19.218899,25.583742,26.490307,29.297668,26.139587,22.858343,27.46767,27.94621,23.507383,19.609966,19.289804,18.10444,22.69676,25.893972,22.522972,23.462772,27.484562,30.902197,28.981716,25.82528,27.252184,25.098782,21.314611,21.47778,17.614733,14.412257,12.297445,11.387389,11.978055,10.552609,8.865401,12.062289,12.408762,15.457942,16.365343,20.25573,19.220156,15.491726,14.385828,11.001729,11.132249,6.026658,9.138187,8.52956,12.38142,12.855475,15.696549,18.204811,19.6494,13.902098,13.100045,10.9584,14.358665,12.021919,15.590845,15.702937,17.765392,20.933296,23.185272,24.835617,22.260101,26.597021,20.560135,24.3159,22.188208,24.831614
21,53.2796,49.96458,47.064346,43.892433,40.98405,40.292908,35.983913,36.249294,31.603746,34.102962,30.789358,31.82601,28.635736,26.712643,21.57365,20.036337,16.257034,13.963269,10.1774025,7.0835414,3.7038233,0.0,5.2154803,6.4656234,7.3903675,10.080562,11.080656,15.247479,17.44013,20.314484,22.616976,28.619852,30.670023,33.19562,29.823257,26.960941,30.493607,31.105724,26.145094,25.715204,30.52384,26.974915,23.55113,27.272066,30.21316,24.812376,22.869328,29.210823,30.177898,32.99556,29.808714,26.504576,31.0747,31.543274,27.019836,22.9995,22.810421,21.319237,25.859293,29.319544,25.722958,26.372444,30.258564,33.769173,31.8286,28.431845,29.444271,26.958279,23.692486,23.57144,19.271255,15.998499,14.998352,13.916978,15.313951,13.476985,12.160406,15.64866,15.410641,18.744541,19.214617,22.895966,21.776012,18.141195,17.337875,13.407407,13.66191,7.723412,9.893799,8.461429,11.592135,11.410955,13.773024,15.812362,16.920628,10.860037,10.609528,8.832402,13.021382,11.312221,15.716718,15.917881,18.859838,22.170866,24.66609,26.286457,23.532461,28.061472,22.011288,25.479876,23.536543,25.738878
22,56.74972,53.279682,50.435127,47.449646,44.356472,44.108246,39.40311,40.065166,35.398003,37.781616,34.525467,35.153538,32.06834,29.892227,25.3151,23.721949,19.841194,17.76272,13.505021,11.374623,6.6351867,5.2154803,0.0,6.881145,9.78417,12.178392,14.563816,18.253513,21.03731,23.563152,26.469076,32.0262,34.715965,36.800583,33.180984,30.645813,33.93238,34.015327,29.008255,28.813519,33.192295,28.932938,25.82109,29.50121,31.971046,25.820251,24.260624,30.577703,30.836012,34.062653,30.721624,26.62962,30.95066,31.869623,27.005816,23.029785,23.89505,22.17571,25.917301,30.204878,27.421152,27.263382,31.09443,34.84141,33.68819,30.50701,30.995392,28.89468,25.491926,24.381712,20.747877,16.818018,16.331097,13.458003,15.503964,12.1575985,11.659553,16.087288,15.232437,19.692734,20.5539,24.239527,24.11227,20.875443,20.504278,16.521946,17.71557,12.331534,14.8605385,13.08103,16.324995,15.420005,17.995646,18.816576,20.457619,14.420784,14.988778,13.48144,18.022486,15.805218,20.711697,20.168596,23.494987,26.34633,28.588884,30.659086,28.12532,32.830242,26.856688,30.489279,28.418299,30.713379
23,52.68725,49.12426,46.777992,43.350582,40.457424,40.479782,35.836277,37.156807,32.549313,35.644997,32.796314,33.96094,31.24545,28.817965,24.872616,21.889133,18.930906,15.425328,13.813416,9.275721,5.900178,6.4656234,6.881145,0.0,3.8425586,5.4653864,9.087558,12.010934,15.525404,17.313229,21.31795,25.982079,29.200298,31.202,27.99803,26.072622,29.57863,29.067148,24.36333,24.85762,29.149788,24.48838,22.00313,26.383469,28.351398,22.411907,21.894812,28.257923,28.360388,31.004984,26.941206,24.378729,27.865553,27.972889,23.170052,18.767286,19.303404,16.837963,20.92125,25.245197,21.786074,21.308731,24.97418,28.722328,27.438278,24.036127,24.264757,22.038027,18.860004,17.81413,13.894104,10.095087,10.191446,8.432385,11.388876,10.013959,10.650472,14.65535,16.1355,19.480463,21.217953,25.281677,24.467852,20.667105,18.876925,16.451632,15.160128,10.260901,11.728075,9.215161,12.940323,11.956899,15.669149,16.524729,19.644194,14.718088,14.989399,14.121365,17.384525,16.894604,19.933693,21.065807,22.586796,26.229658,28.56082,29.747747,26.981348,30.592266,24.216047,27.361462,24.489605,26.58046
24,51.20311,47.741886,45.521812,41.806503,39.145935,38.884254,34.620087,35.795795,31.259111,34.608425,31.829597,33.4181,30.715908,28.479649,24.268406,21.125368,18.552328,14.631253,14.117516,8.591284,7.1748605,7.3903675,9.78417,3.8425586,0.0,3.1984892,6.876404,9.691306,13.261527,14.772484,19.054642,23.564693,26.480278,28.928682,26.206572,24.292574,28.097363,27.769096,23.277786,23.858986,28.407375,24.160938,21.729893,26.28977,28.396833,23.096682,22.63412,28.908993,29.394812,31.615026,27.480938,25.82842,29.170502,28.786394,24.274612,19.818327,19.601295,17.00471,21.565788,25.373117,21.114552,20.946857,24.446096,28.028671,26.18667,22.463203,22.72827,20.01205,17.35768,16.94426,12.219488,9.23025,9.829087,10.114914,12.796331,12.785286,13.136853,16.378536,18.377666,20.931562,22.4957,26.50886,25.01829,20.972736,18.658667,16.679928,14.071697,9.167748,9.280974,6.1117415,9.573955,8.569321,12.558169,13.724488,17.117216,12.969197,13.038889,12.722384,15.145947,15.989995,18.079435,20.228544,21.115181,25.241169,27.766092,28.385754,25.399382,28.511951,22.003473,24.681211,21.619223,23.34134
25,49.141006,45.597206,43.618626,39.811268,37.180397,37.226032,32.86245,34.504066,30.047026,33.653828,31.15335,32.82271,30.408092,27.982063,24.460703,20.648088,18.648088,14.305969,15.058066,9.483928,8.867791,10.080562,12.178392,5.4653864,3.1984892,0.0,5.421511,7.070278,11.153931,12.17589,17.049736,20.977825,24.375528,26.500137,23.822584,22.333572,26.070145,25.297834,20.988638,21.967356,26.254976,21.717949,19.723923,24.504263,26.22042,21.020273,21.152754,27.264357,27.548275,29.519772,25.1112,24.114305,26.981018,26.289307,21.886303,17.392212,17.072403,14.195325,18.785257,22.537764,18.153252,17.832294,21.283415,24.846113,23.042255,19.331352,19.598341,17.016273,14.179992,13.869806,9.213478,6.405755,6.9516773,8.3119955,10.958577,12.039586,12.849294,15.59227,18.46152,20.52123,22.530725,26.596773,25.077326,21.014313,18.208607,17.15627,13.785555,10.099405,10.001429,7.3952427,10.807722,10.220496,14.388541,15.640171,19.403503,15.774242,15.588167,15.223532,17.026152,17.938112,19.20964,21.650019,21.675898,25.830933,28.200212,28.566683,25.66666,28.239786,21.750462,24.292683,20.854565,22.659348
26,44.33543,40.900043,38.694195,34.933464,32.308353,32.062744,27.83812,29.185982,24.722456,28.34623,25.872112,27.728283,25.387104,23.062016,19.697752,15.591099,14.131432,9.511027,12.020268,6.713395,8.942012,11.080656,14.563816,9.087558,6.876404,5.421511,0.0,4.4399967,6.6242876,9.304737,12.331445,17.601852,20.251842,22.492931,19.506252,17.418972,21.245955,21.17478,16.687164,17.199923,21.899687,18.29742,15.721639,20.310528,22.626575,18.361897,17.80332,23.727869,24.810184,26.453417,22.610054,22.063171,25.470848,24.611124,20.814217,16.785395,15.04611,13.320669,18.677755,20.891602,16.026966,17.450932,21.143845,24.190472,21.416847,17.87201,19.656248,17.156063,13.706295,15.3216715,11.012932,9.778288,7.2210703,10.597436,10.79997,13.124709,12.591032,13.765252,16.954695,17.692944,19.385954,23.24408,21.058674,16.910751,13.615925,13.45198,8.856976,6.959435,6.5351067,6.2439837,9.6224165,10.957588,14.480541,17.468576,20.079369,16.513271,15.218649,14.229543,14.907658,15.441945,15.372622,18.113283,17.027699,21.196873,23.45977,23.522541,20.70256,23.012758,16.600119,19.362902,16.021338,18.390224
27,42.492958,38.97233,37.27819,33.220463,30.795147,30.95219,26.806171,28.87387,24.67546,28.75795,26.806477,28.904793,27.043545,24.598867,22.209167,17.393175,16.96307,12.19456,15.975114,11.057613,13.097074,15.247479,18.253513,12.010934,9.691306,7.070278,4.4399967,0.0,4.640953,5.336497,10.352488,13.993601,17.519054,19.431395,16.929424,15.826224,19.639456,18.734373,14.855755,16.266615,20.442223,16.506845,14.9872675,19.896246,21.43798,17.691782,18.286211,23.681505,24.438076,25.503328,21.17375,22.044464,24.437275,22.908556,19.469044,15.521779,13.472529,11.198033,16.429935,18.341219,12.89637,14.085223,17.432453,20.327057,17.385624,13.631138,15.362673,12.840536,9.50914,11.834451,7.787436,8.230244,6.068697,11.069573,11.287285,14.816933,15.070003,15.67696,19.749159,19.912428,22.090075,25.869371,23.64489,19.638027,15.812536,16.889296,11.589106,11.237482,10.152532,9.709077,12.14785,13.213412,16.816505,19.31085,22.603674,19.930338,18.791622,18.233362,18.30239,19.533249,18.55436,21.819391,19.755054,23.948418,26.021652,25.532425,22.827017,24.032473,17.870962,19.92292,15.96489,18.000454
28,38.273396,34.860317,33.00136,28.923191,26.551916,26.42934,22.485397,24.351948,20.226667,24.430696,22.654795,25.010387,23.369282,21.081123,19.175777,14.07779,14.655829,10.147908,15.473132,11.668509,15.032856,17.44013,21.03731,15.525404,13.261527,11.153931,6.6242876,4.640953,0.0,4.5881906,5.902574,11.277832,13.858147,15.87559,13.09772,11.402541,15.401642,15.257804,11.385099,12.39782,16.934109,14.277767,12.380075,16.913273,18.956053,16.570742,16.603031,21.435812,22.965593,23.55633,19.90398,21.408146,24.10357,22.390236,19.752657,16.52874,13.233394,12.376622,17.735819,17.959923,12.266898,15.249357,18.513676,20.698914,16.826452,13.505341,16.728304,14.527036,11.118153,14.872143,11.71987,12.724421,9.429306,14.497554,13.257561,17.21007,16.604433,15.937431,20.023418,18.970243,20.788235,24.175617,21.378939,17.541334,13.346225,15.586224,9.508087,11.511412,10.218662,11.433716,13.258269,15.383565,18.27176,21.74358,24.150604,21.665226,19.879456,18.982538,18.12621,19.092474,16.818151,20.264524,16.99877,21.00986,22.859581,21.909658,19.399904,19.950068,14.13787,16.135965,12.20742,14.8043585
29,38.81539,35.36762,34.160423,29.721823,27.702772,27.930088,24.303974,26.77294,23.045517,27.545725,26.205282,28.736275,27.403522,25.128616,23.607307,18.42847,19.238012,14.724929,19.805704,15.452394,18.188776,20.314484,23.563152,17.313229,14.772484,12.17589,9.304737,5.336497,4.5881906,0.0,7.326874,8.84318,12.740536,14.638402,13.106672,12.969257,16.784248,15.543169,12.827773,14.86483,18.522741,15.441473,14.901715,19.552725,20.634472,18.518805,19.69375,24.08668,25.06943,25.219826,20.990011,23.593191,25.1855,22.88522,20.448807,17.197996,14.231471,12.441919,17.188276,17.564095,11.412907,13.409364,15.940364,17.998487,14.040107,10.179164,12.800065,10.237803,7.8712797,12.11856,9.294813,11.780043,10.067258,15.496933,15.0894785,19.343039,19.575535,19.24692,23.709955,22.869099,25.030626,28.463675,25.811144,22.042648,17.805946,20.102526,14.075997,15.357965,13.56811,13.777314,15.072931,16.515587,19.561003,22.211731,25.416977,23.745338,22.367334,22.057234,21.08042,22.967258,20.600836,24.506067,21.160479,25.307737,27.16241,25.843637,23.319973,23.065851,17.552917,18.571756,14.211675,15.802515
30,32.71618,29.444796,27.700619,23.381943,21.306993,20.957024,17.560314,19.526169,15.87593,20.458248,19.379112,22.204042,21.237673,19.279861,18.662836,13.454452,15.738657,12.317747,18.678627,16.17091,20.149641,22.616976,26.469076,21.31795,19.054642,17.049736,12.331445,10.352488,5.902574,7.326874,0.0,7.871128,8.78604,10.718574,8.101815,6.139149,10.389318,11.128408,8.446517,9.262023,13.512686,13.107302,11.701763,15.165809,17.265295,17.269777,17.204063,20.576284,22.82867,22.439356,19.655018,22.550558,24.91306,22.732126,21.384392,19.213457,14.943833,15.356099,20.137712,18.340744,12.780223,17.186623,19.818214,20.915789,16.07415,13.612055,18.109999,16.44121,13.63567,18.455894,16.322634,18.114254,14.650336,19.773474,17.693592,22.01552,21.0307,19.213667,23.295095,20.92406,22.397482,25.099604,21.768211,18.514502,14.208654,17.877943,11.806007,15.772871,14.29827,16.373016,17.356152,20.009369,22.186543,26.146715,27.947336,26.052444,23.851059,22.881493,21.029522,22.004776,18.245712,21.86198,17.06867,20.53159,21.892012,20.030901,18.022772,16.830328,12.342272,13.427504,9.640783,12.485229
31,31.574371,28.257477,27.93243,23.050194,21.780806,22.392254,19.76582,23.066137,20.550606,25.352772,25.272223,28.159065,27.911774,25.952007,26.300495,21.000622,23.488735,19.89884,26.094307,22.894352,26.244505,28.619852,32.0262,25.982079,23.564693,20.977825,17.601852,13.993601,11.277832,8.84318,7.871128,0.0,6.1814733,6.3422527,7.4564586,9.981645,12.537052,10.697986,11.244751,13.84041,15.625726,14.895167,15.982706,19.250559,19.441225,20.386082,22.115082,24.416914,25.764122,24.40971,21.023376,25.927616,26.3908,23.20469,22.714228,21.013958,17.100203,16.796738,20.18575,17.710402,12.1870575,15.623214,16.595392,16.58159,11.161827,9.167848,13.637603,12.633756,11.8312025,17.090977,16.522213,19.786072,17.687239,23.05972,21.58939,26.427393,26.427038,24.784117,29.504477,27.239445,29.300383,32.01204,29.019468,25.96604,21.628683,25.45301,19.421177,22.636475,20.801758,21.890371,22.52154,24.452143,26.82357,29.822857,32.548683,31.561605,29.797535,29.407578,27.482836,29.352898,25.563,29.589767,24.727749,28.167952,29.377218,27.09341,25.280022,22.859426,19.321606,18.980917,15.045021,16.158392
32,28.771921,25.97213,25.373703,20.252468,19.607212,18.891891,17.745565,19.823334,17.903006,22.570166,22.72017,26.113821,25.997347,24.758873,24.963425,20.457283,23.489628,20.685268,27.046288,24.48189,28.544453,30.670023,34.715965,29.200298,26.480278,24.375528,20.251842,17.519054,13.858147,12.740536,8.78604,6.1814733,0.0,5.3056393,8.276216,9.3011465,11.69758,12.348815,13.394725,14.612825,16.720634,18.255121,18.4379,20.722765,21.865921,23.917698,24.53099,26.37932,28.687576,27.118345,24.789856,29.397068,30.592209,27.634295,27.462946,25.947937,21.613358,21.940212,25.733507,22.752396,17.503792,21.570583,22.708591,22.458984,16.947302,15.340877,19.646015,18.225748,17.671995,22.895706,21.504868,24.473988,22.128492,27.525927,25.79138,30.383493,29.702164,27.76199,31.948359,29.162436,30.473303,32.697495,29.059874,26.282726,22.184309,26.119825,20.092718,23.911963,21.655565,23.443789,23.270407,25.780018,27.291664,30.961048,32.709995,32.27672,30.108055,29.746742,26.917616,29.098392,24.23762,28.559095,22.97185,26.142778,27.218723,24.139944,22.553684,18.86035,16.634172,15.067159,11.881018,12.423542
33,25.409792,22.25521,22.220066,17.142296,16.424002,17.077,15.434103,18.982008,17.578396,22.215607,23.049765,26.021952,26.552828,24.983707,26.615774,21.690077,25.111958,22.46641,29.016731,26.848257,30.638573,33.19562,36.800583,31.202,28.928682,26.500137,22.492931,19.431395,15.87559,14.638402,10.718574,6.3422527,5.3056393,0.0,5.5222464,8.984316,9.595835,8.693932,11.585677,13.448644,13.808765,15.728679,17.077623,18.771757,18.87923,21.97835,23.320028,24.112154,26.066353,23.876072,21.7975,27.387247,27.742496,24.479383,25.183374,24.477234,20.08839,20.993752,23.91091,19.847818,15.549692,19.930025,20.593246,19.576569,14.139552,13.884645,18.828213,18.552668,17.565329,22.832247,22.674976,25.714642,22.910088,28.127882,25.86945,30.760313,30.27219,27.788645,32.28935,29.079157,30.779953,32.814922,29.611124,27.23111,23.16814,27.733484,22.1425,26.48762,24.865257,26.665903,27.14637,29.549349,31.50969,35.05117,37.12694,36.14499,34.008606,33.331486,30.953377,32.35519,27.853098,31.55897,25.927458,28.558971,29.195673,26.446392,25.33077,21.719349,19.968016,19.118322,16.21887,17.44334
34,25.818924,22.280663,21.306738,16.851477,14.916537,16.05439,12.5630455,16.582306,14.3034,18.98325,19.486872,22.033535,22.480822,20.46289,22.571737,17.29027,20.751513,18.295671,24.826292,23.255842,26.935024,29.823257,33.180984,27.99803,26.206572,23.822584,19.506252,16.929424,13.09772,13.106672,8.101815,7.4564586,8.276216,5.5222464,0.0,4.776814,5.3422494,4.1467757,6.139147,8.085592,8.745907,10.64534,11.639777,13.311893,13.744283,16.771034,17.84117,18.709093,20.822893,18.931757,16.99765,22.12466,23.035736,20.14411,20.712883,20.181849,15.527757,17.194605,20.361397,16.104118,12.093167,17.373135,18.933084,18.470179,13.356935,13.128907,18.699259,18.630285,16.046158,21.194553,21.059727,23.393051,19.629196,24.513279,21.613817,26.43476,25.676937,22.77973,27.222681,23.777033,25.585917,27.597076,24.664248,22.416986,18.422707,23.278585,18.205532,23.040083,22.158072,24.256746,25.444387,27.984066,30.253473,34.050716,36.013424,34.105988,31.876333,30.70795,28.873281,29.232042,25.281652,28.240974,22.86879,25.169254,25.633041,23.551199,22.573889,20.01141,17.778612,18.28381,15.470154,17.946064
35,26.971338,23.659142,21.661058,17.566246,15.252431,15.18188,11.451938,14.0545635,10.850962,15.603905,15.445253,18.198433,18.199875,16.325047,17.910328,12.816706,16.471699,14.480456,21.045712,20.075573,24.1521,26.960941,30.645813,26.072622,24.292574,22.333572,17.418972,15.826224,11.402541,12.969257,6.139149,9.981645,9.3011465,8.984316,4.776814,0.0,4.3482285,7.1028285,5.844858,5.4938216,8.729871,11.291294,10.228918,11.740214,13.922618,16.365587,15.981412,17.51809,20.459196,19.249615,17.84201,21.496868,23.736645,21.53138,21.47426,20.55854,15.782175,17.705963,21.709856,18.133144,13.943421,19.409384,21.759092,21.984327,17.0677,16.084871,21.452402,20.73648,17.635683,22.609043,21.490952,23.177843,18.958223,23.664474,20.558483,24.964813,23.564854,20.580423,24.48284,20.874502,22.11923,24.005287,20.646244,18.358261,14.454203,19.314398,14.389023,19.722256,18.97761,21.631907,22.768728,25.684761,27.64258,31.938879,33.263084,31.08139,28.595484,27.172626,25.208946,25.152119,21.02036,23.747305,18.231335,20.400314,20.889517,18.839931,17.846611,15.680111,13.343755,14.460681,12.10954,15.340835
