,0,1,2,3,4,5,6,7,8,9,10,11,12,13,14,15,16,17,18,19,20,21,22,23,24,25,26,27,28,29,30,31,32,33,34,35,36,37,38,39,40,41,42,43,44,45,46,47,48,49,50,51,52,53,54,55,56,57,58,59,60,61,62,63,64,65,66,67,68,69,70,71,72,73,74,75,76,77,78,79,80,81,82,83,84,85,86,87,88,89,90,91,92,93,94,95,96,97,98,99,100,101,102,103,104,105,106,107,108,109,110
0,0.0,4.2582893,5.6651573,9.253475,11.761871,13.276795,17.017418,19.368717,21.64261,25.107578,27.615019,30.75084,32.19291,35.5513,32.62217,27.45862,27.92088,23.385818,26.813606,21.278772,22.958517,21.311134,25.663824,23.3235,20.381124,23.163446,21.857891,25.842701,26.74406,30.544544,31.267874,37.36583,40.559326,41.29158,36.15345,31.27932,33.34101,36.164204,31.260801,28.693914,33.200485,32.02749,27.341078,28.413805,32.61669,28.720882,24.259886,28.514303,30.833479,34.852005,34.028534,28.217417,34.38221,36.673763,32.946632,30.44493,29.94314,30.62361,34.863483,36.908722,34.148712,37.280464,41.05469,43.750874,40.930702,37.85542,40.763252,39.192406,34.26705,35.11,35.806496,33.321224,29.279844,28.914227,25.939734,26.95459,23.17314,21.044863,18.424007,17.665775,13.897817,12.000401,11.144582,15.1578045,15.324759,11.07235,16.012325,18.313128,15.601251,16.169239,20.008074,19.999016,24.351538,26.790724,28.269703,29.091484,27.80762,25.97723,28.512184,24.43343,30.08636,25.427006,28.92535,30.756575,26.871758,24.830173,21.170738,20.049938,14.781821,15.551649,11.091866
1,4.2582893,0.0,5.3558154,6.371687,9.089983,11.769374,15.15951,16.766169,19.740768,22.628775,25.469452,28.41403,30.225044,33.843655,31.360819,26.281279,27.406479,23.064072,27.450552,22.093845,24.515333,23.303637,28.077938,25.370691,22.196245,24.626135,22.381853,26.318823,26.483696,30.558998,30.274517,36.816177,39.51239,39.880287,34.686646,29.897532,32.264534,35.465794,30.719328,28.14212,33.052784,32.20924,27.462337,28.818764,33.266464,29.67873,25.249668,29.796656,32.485653,36.24898,35.171818,30.03212,36.193707,38.073444,34.299873,31.52164,30.588995,31.037342,35.682648,37.644875,34.184517,37.50352,41.05864,43.7744,40.678497,37.331154,40.058296,38.109375,33.459435,34.754288,34.827477,31.956604,28.427027,28.406157,25.698463,27.113918,23.218828,21.173431,19.374279,18.532831,15.244099,14.364601,12.1187,15.845453,16.925276,12.20559,15.756303,19.222315,16.924068,16.68421,20.73187,21.248253,25.36372,28.205227,29.636805,30.148962,28.540808,26.386871,28.421751,23.926758,29.235083,24.070078,26.992838,28.49126,24.33383,22.719322,18.381752,18.457064,13.024464,14.449639,10.384124
2,5.6651573,5.3558154,0.0,5.2985916,6.7858605,8.056032,11.460092,14.121763,16.124262,19.817003,22.337175,25.353107,26.878004,30.385952,27.751032,22.26588,23.001705,18.496307,22.65451,17.231768,19.52436,18.64522,23.491066,20.27364,17.001627,19.318584,17.104294,21.097914,21.493372,25.497437,25.730608,32.067345,35.088276,35.687202,30.587183,25.718088,27.974373,30.776754,25.884876,23.414217,28.193953,27.023584,22.305096,23.769709,28.073353,24.326536,19.92919,24.689968,27.265816,31.02577,29.821836,24.781467,30.924387,32.73139,29.006783,26.323376,25.304216,25.953066,30.553303,32.347435,29.077354,32.47918,36.123062,38.744305,35.694775,32.514412,35.49566,33.81966,28.92572,30.15511,30.755213,28.111607,24.11604,24.353533,21.12141,22.825918,19.120892,16.514395,15.1477,13.458432,10.318191,9.731953,6.803813,10.503207,11.8337,8.001082,11.166452,14.623138,13.10538,13.653808,17.558231,18.921343,22.366486,24.981365,25.917166,26.158745,24.329414,22.562517,24.395926,20.277618,25.662558,20.649557,24.130947,25.861858,22.082647,20.017378,16.44609,14.864405,9.651199,9.952607,5.575076
3,9.253475,6.371687,5.2985916,0.0,3.8462296,6.0755043,9.233148,11.557771,14.653763,17.557844,20.74359,23.211359,25.493134,29.508125,27.729818,22.179102,23.871475,19.735212,25.033716,20.019873,22.909092,22.65966,27.685501,23.816616,20.355192,22.102165,18.92319,22.777344,22.100527,26.461409,25.186762,32.22739,34.539684,34.477753,29.47178,24.77351,27.674143,30.696041,25.981808,23.800016,29.115967,27.952324,23.36223,25.52563,29.872852,26.191189,22.207104,27.51271,30.208878,33.662567,31.846718,27.720045,33.584766,34.849358,30.918886,27.74184,26.469244,26.463083,31.464396,33.49647,29.32723,32.614594,35.9125,38.691387,35.504723,31.899172,34.332558,32.1448,27.73136,29.30867,28.921364,25.841757,22.664782,23.006142,20.51601,22.40908,18.57488,16.559074,16.081045,15.059151,12.820796,13.744232,10.0475235,12.979151,15.577777,12.210059,13.020958,17.842268,17.108759,16.952604,20.864222,22.787945,25.848747,28.761568,29.524666,29.357103,27.115688,25.155437,26.17298,21.737095,26.449236,20.723402,23.306374,24.418413,20.285465,18.969011,14.242146,14.456109,9.342351,9.919216,7.1163964
4,11.761871,9.089983,6.7858605,3.8462296,0.0,5.489765,6.68026,7.8960834,10.9940405,13.868963,16.949724,19.568127,21.712687,25.689745,23.956244,18.49936,20.438757,16.519302,22.291264,17.642206,21.079754,21.191532,26.418816,22.633062,19.235704,20.619598,16.73219,20.302559,19.217125,23.580196,21.948149,28.961784,31.110003,31.109818,25.979029,21.296722,24.107946,27.426231,22.907923,20.548414,25.943853,25.346178,20.726297,22.740213,27.26835,24.275755,20.235878,25.310038,28.405464,31.523626,29.86212,26.367256,32.219444,33.174152,29.564201,26.567587,24.657312,24.982084,30.175922,31.590199,27.140083,30.927608,34.104923,36.628834,33.07841,29.520628,32.295097,30.040554,25.637623,27.806074,27.469961,24.184004,21.077173,22.340868,19.420456,22.130924,18.596973,15.965249,16.747658,14.572323,13.08044,14.3114805,9.773335,11.566089,14.48003,11.174624,10.291726,15.685714,15.5347185,14.964309,18.666958,21.208954,23.680742,26.718853,27.284554,26.825237,24.371841,22.307888,22.91745,18.408695,22.840889,16.99133,19.476286,20.603172,16.534803,15.150375,10.585361,10.714306,5.7904325,6.977776,5.422261
5,13.276795,11.769374,8.056032,6.0755043,5.489765,0.0,4.616649,9.853243,11.447504,15.222061,18.175112,20.235348,22.517408,26.600965,25.144854,18.978218,20.512606,16.49067,21.759518,17.128939,19.779922,20.38099,25.189484,20.266754,16.733524,17.827984,14.379824,18.156263,17.20676,21.63227,20.328722,27.465597,29.922752,29.798323,25.112572,20.43053,23.607367,25.884502,20.986725,19.372313,24.70994,22.70442,18.379845,21.330402,25.243044,21.091185,17.701517,23.677658,25.98367,29.272106,26.775623,23.32168,28.778818,29.660666,25.585619,22.173868,20.8619,20.537495,25.638186,27.817404,23.476511,26.586853,29.854471,32.69409,29.66376,26.030727,28.390564,26.372957,21.813566,23.2555,23.127787,20.2561,16.706806,17.238953,14.48327,16.755085,13.133211,10.786982,11.627473,10.153479,9.289966,11.888781,7.811385,9.363488,13.108998,12.277398,10.895436,15.881549,16.739916,17.39412,20.75793,23.659508,25.689754,28.240643,28.263407,27.595112,24.962547,23.624454,23.920355,20.163172,24.423468,18.808897,21.651731,22.715113,19.177746,17.677618,13.897429,12.357895,8.674971,6.4587245,5.9294686
6,17.017418,15.15951,11.460092,9.233148,6.68026,4.616649,0.0,6.2450147,7.1768675,10.885814,13.814665,15.664432,18.057892,22.270834,21.269432,15.125281,17.249056,13.796834,19.826578,16.008192,19.311789,20.544079,25.450464,20.543991,17.200937,17.5703,13.02696,16.187298,14.228282,18.74665,16.366167,23.764711,25.789318,25.4932,20.732927,16.122332,19.516247,22.081226,17.477135,15.890984,21.48622,20.079754,15.882007,18.9824,22.992733,19.764647,16.63674,22.391651,25.119238,27.833105,25.299055,23.05645,28.259632,28.546434,24.870792,21.59872,19.37194,19.23896,24.641024,26.071365,21.064892,24.760225,27.716608,30.267784,26.743614,23.023052,25.63386,23.36734,18.984648,21.368479,20.985352,17.705524,14.569574,16.54981,13.527262,16.997574,14.034613,11.209185,14.068349,11.443072,11.937747,14.781933,10.257389,9.956712,14.044996,13.592291,9.849725,15.361309,17.134367,17.293995,20.198555,23.80903,25.008093,27.652609,27.347599,26.213028,23.243626,21.878056,21.338062,17.688534,21.163876,15.384733,17.77179,18.586077,15.313762,14.0242195,10.717462,9.107038,7.276788,4.780132,7.3747473
7,19.368717,16.766169,14.121763,11.557771,7.8960834,9.853243,6.2450147,0.0,4.583265,6.002275,9.396416,11.731201,14.186737,18.466516,17.716501,12.609847,15.812858,13.249339,20.103039,17.070131,21.336275,22.49856,27.684145,23.84025,20.801947,21.044014,15.830199,18.187643,15.536243,19.737213,16.207586,23.371855,24.580664,24.218618,19.03062,14.710808,17.775564,21.698488,18.000229,15.735618,21.334793,21.875534,17.74136,19.837465,24.344446,22.90881,19.510445,24.071838,27.689764,29.815105,28.066755,26.559053,31.834158,31.824612,28.858807,26.089252,22.97249,23.488115,28.931135,29.242847,23.897354,28.388607,30.960697,32.980934,28.745432,25.158596,28.172674,25.563002,21.731756,25.22198,24.433996,20.681622,18.524248,21.62147,18.622326,22.671057,20.04204,17.057293,20.202156,16.93293,17.24002,19.279976,14.390891,13.747225,17.115385,15.127933,10.541706,16.258913,17.743366,16.497412,19.141253,22.899523,23.754263,26.854622,26.786112,25.49153,22.486696,20.426096,19.425982,15.179558,17.882019,11.653705,12.862511,13.362008,9.508677,8.7999115,4.5825653,6.1104965,6.0951853,7.2612495,10.042739
8,21.64261,19.740768,16.124262,14.653763,10.9940405,11.447504,7.1768675,4.583265,0.0,4.9390855,6.839748,9.45076,11.132068,15.215396,14.306123,8.546023,11.692955,9.549767,16.431583,14.209409,18.459604,20.204046,25.103851,21.172718,18.457846,18.106897,12.591172,14.276356,11.214289,15.27868,11.787943,18.83907,20.34624,20.365343,15.078864,10.484385,13.435478,17.199682,13.47675,11.178917,16.800467,17.524956,13.560907,15.673699,20.040663,19.170807,16.115585,20.392021,24.04491,25.793163,24.052874,23.30978,28.264078,27.94619,25.359938,22.926088,19.312845,20.26004,25.59328,25.266054,19.96258,24.862038,27.394342,29.113821,24.68557,21.350962,24.910906,22.622187,18.573112,22.372147,22.241716,18.777275,16.256765,20.132627,16.565134,21.152632,19.14626,15.685597,19.695465,15.626377,16.805445,19.035954,14.416292,12.440274,15.721933,15.194567,9.213052,14.255825,16.847057,16.058968,17.93784,22.292042,22.200544,24.94827,24.327219,22.63483,19.388466,17.803766,16.127687,12.635853,14.790742,8.928478,10.791679,11.669388,9.097299,7.5864058,6.92482,4.1529503,7.4067016,6.876758,10.998121
9,25.107578,22.628775,19.817003,17.557844,13.868963,15.222061,10.885814,6.002275,4.9390855,0.0,3.9480934,5.840975,8.520741,13.035894,13.461868,9.436085,13.624051,12.893939,19.70696,18.307974,22.759344,24.53034,29.391516,25.81339,23.252468,22.736248,17.156784,18.219946,14.589363,18.078766,13.043363,19.731243,19.953379,19.341913,14.164252,10.575753,13.55389,18.033802,15.528287,13.510119,18.717846,20.461647,17.135069,18.933384,23.109293,23.18797,20.505894,24.183092,28.046202,29.277033,27.656767,27.717297,32.35956,31.640608,29.373829,27.007622,23.113045,23.88661,29.178867,28.469707,22.743553,27.685606,29.673521,31.121906,26.383474,23.01912,26.264439,23.533384,20.39805,24.833109,23.883131,20.061392,18.80212,23.097885,20.167707,24.84824,23.01681,19.971243,24.18181,20.428408,21.598656,23.814623,19.080666,17.341549,20.485645,19.322824,13.553188,18.38175,20.710268,19.19259,20.835276,25.121056,24.767944,27.71394,27.172087,25.306622,22.074842,20.18873,17.88182,14.433205,15.040696,9.367281,8.657767,8.2364435,5.516256,6.055607,5.769415,7.2480326,10.767076,11.497506,15.182581
10,27.615019,25.469452,22.337175,20.74359,16.949724,18.175112,13.814665,9.396416,6.839748,3.9480934,0.0,4.1346154,4.8737783,9.159108,9.682924,6.648983,11.084502,11.6342,17.934319,17.627327,22.07512,24.08621,28.645163,25.566874,23.433832,22.572954,17.05717,17.26014,13.523882,16.252668,11.230294,16.92361,16.956419,16.815712,11.460039,8.296335,10.361977,15.39193,13.701579,11.508238,16.081785,18.943024,16.071795,17.155449,21.164492,22.435333,20.011833,22.737368,26.818247,27.505133,26.343525,27.133606,31.470554,30.49724,28.848116,27.00344,22.663685,23.99127,28.99803,27.42285,21.943897,27.299168,29.111612,30.06748,25.03861,22.135918,25.915798,23.485495,20.475843,25.230522,24.787596,21.26013,19.958857,24.759829,21.494823,26.434855,25.024134,21.685095,26.197952,21.912682,23.385124,25.403372,20.886972,18.520079,21.193245,20.501474,14.33067,18.193975,20.936949,19.358728,20.235281,24.761814,23.584862,26.317663,25.476643,23.314562,20.05345,18.341099,15.3427515,12.638493,11.920675,7.1795416,5.631481,5.3110948,4.958681,5.1048913,8.341177,8.056109,12.862161,13.471215,17.352991
11,30.75084,28.41403,25.353107,23.211359,19.568127,20.235348,15.664432,11.731201,9.45076,5.840975,4.1346154,0.0,4.3707695,9.003208,11.590922,9.454624,13.758038,14.866929,20.835812,20.930492,25.11433,27.42486,31.782122,28.266178,26.160366,24.964596,19.474434,19.353006,15.086833,17.505163,11.094727,16.708286,15.574442,14.419011,9.670526,7.8569665,10.616775,15.017786,14.156041,13.038114,17.25773,19.74413,17.639753,19.326538,22.696827,23.969799,22.28745,25.219864,28.943773,29.296274,27.587717,29.213451,32.99994,31.552965,29.922388,27.911999,23.5608,24.348206,29.264326,27.737886,21.802002,26.820114,28.09485,28.965689,23.926058,20.886387,24.099823,21.350658,19.19964,24.291607,23.184786,19.573942,19.323181,24.400526,21.792164,26.737757,25.702007,22.84454,27.785053,23.926825,25.802649,28.268126,23.79182,21.377449,24.388477,24.137543,17.869062,21.811182,24.803375,23.412708,24.28196,28.86153,27.54138,30.139748,29.078358,26.728653,23.39562,21.995348,18.577581,16.477764,14.938116,11.073978,8.641207,6.8780355,7.633376,9.011461,11.214755,11.761628,16.21693,16.314857,20.407597
12,32.19291,30.225044,26.878004,25.493134,21.712687,22.517408,18.057892,14.186737,11.132068,8.520741,4.8737783,4.3707695,0.0,4.765932,7.518053,7.2763286,11.168816,13.471844,18.580423,19.677183,23.781176,26.171337,30.198677,27.39307,25.737518,24.35778,19.110054,18.25229,14.290973,15.794706,10.26259,14.185368,13.146831,13.065286,8.04591,6.9033003,7.6791472,12.831527,12.874222,11.374947,14.580871,18.424923,16.67984,17.326334,20.559729,23.094204,21.47813,23.271595,27.248207,27.115084,26.12549,28.196466,31.795204,30.269514,29.313005,27.936258,23.237738,24.77439,29.3321,26.894857,21.543503,27.012585,28.29019,28.636225,23.364264,20.98861,24.941963,22.731665,20.418055,25.545473,25.266487,22.0835,21.325731,26.624252,23.477287,28.562729,27.759167,24.483788,29.436943,24.9968,26.942635,29.032349,24.7898,21.921637,24.32946,24.347147,17.975706,20.894485,24.09307,22.646673,22.785675,27.452425,25.402025,27.748041,26.456768,23.903074,20.66265,19.441137,15.525471,14.300548,11.498782,9.25432,6.5503306,5.4255743,8.342783,8.841519,13.084055,12.257918,17.42442,17.622812,21.692678
13,35.5513,33.843655,30.385952,29.508125,25.689745,26.600965,22.270834,18.466516,15.215396,13.035894,9.159108,9.003208,4.765932,0.0,5.3706555,8.948537,11.463361,15.011313,18.656301,20.94323,24.757154,27.193075,30.714798,28.71429,27.580414,25.996588,21.206343,19.57227,16.107285,16.365156,12.068018,13.1896,11.699873,12.641112,8.604669,9.25325,7.453998,12.433407,14.001864,12.575105,13.922446,19.13623,18.134157,17.665756,20.354416,24.296278,22.988222,23.4365,27.507952,26.675005,26.456825,29.212353,32.367283,30.640965,30.489717,29.778044,24.857376,26.952568,30.993984,27.630377,22.974184,28.614765,29.658268,29.368876,23.993343,22.417255,26.766602,25.033855,22.98306,28.094566,28.348257,25.570572,24.743626,30.186129,26.822857,31.930574,31.418825,27.95737,32.916885,28.1355,30.154617,31.931353,27.963926,24.79347,26.61837,26.868328,20.644424,22.476929,25.750706,24.238499,23.587543,28.173077,25.317839,27.299799,25.753275,22.984829,20.009888,19.084326,14.665101,14.775982,10.231816,10.785641,7.9874005,7.449536,11.600396,11.738779,16.92361,15.535367,20.904793,21.210953,25.143805
14,32.62217,31.360819,27.751032,27.729818,23.956244,25.144854,21.269432,17.716501,14.306123,13.461868,9.682924,11.590922,7.518053,5.3706555,0.0,6.5000796,7.6756005,11.392523,14.360257,16.825724,20.669218,22.797106,26.276136,25.072134,24.162935,22.867105,18.419561,16.813559,14.332328,14.481581,12.504952,13.392648,13.98544,16.14491,11.586334,10.428884,7.725693,12.964574,13.44221,10.802812,11.890125,17.775616,16.096092,14.434694,17.749071,22.012737,20.003645,19.661741,24.168333,23.591673,24.263754,26.13942,29.794966,28.64124,28.635612,28.29217,23.431326,26.233215,30.202198,26.684242,22.800816,28.751608,30.424414,30.226482,24.974483,23.61552,28.575848,27.237333,24.235909,28.887547,29.94041,27.306805,25.39744,30.511604,26.478989,31.490555,30.715963,26.797167,31.23778,26.019619,27.66838,28.845251,25.15082,21.92314,23.042164,23.170294,17.366907,18.252403,21.348492,19.81705,18.680246,23.201143,20.05635,21.962177,20.468014,17.767443,14.898148,13.823645,9.445219,9.933818,4.904531,7.3319373,6.633919,8.331222,11.555506,10.210151,16.039635,13.281809,18.564259,19.10802,22.59985
15,27.45862,26.281279,22.26588,22.179102,18.49936,18.978218,15.125281,12.609847,8.546023,9.436085,6.648983,9.454624,7.2763286,8.948537,6.5000796,0.0,4.444531,6.2768335,11.568839,12.447856,16.586912,18.915977,22.966904,20.460379,18.962448,17.762663,12.719755,11.927385,8.938997,10.775181,8.497646,12.654705,14.510383,16.082134,10.673354,6.926902,6.6681232,11.563943,9.5136,6.1889534,10.193795,13.999005,11.1246,10.9261055,15.083431,17.403082,14.967156,16.514843,20.813646,21.239954,20.82092,21.778963,26.008053,25.166548,24.163298,23.13507,18.50536,20.941568,25.431967,22.96109,18.537958,24.391088,26.584064,27.143759,22.130453,20.021309,24.848595,23.365892,19.58504,23.910374,24.999437,22.267624,19.730013,24.538542,20.360508,25.321815,24.321253,20.376648,24.81059,19.709991,21.469854,23.034313,19.21896,15.928729,17.682491,18.293144,11.938232,13.872721,17.436674,16.56698,16.42565,21.292294,19.151814,21.288342,19.86662,17.40766,14.011082,13.002984,9.4981985,8.261892,7.5245724,4.800668,7.1698523,9.152108,10.052139,7.7854652,12.351659,8.002843,13.334456,13.018549,16.85847
16,27.92088,27.406479,23.001705,23.871475,20.438757,20.512606,17.249056,15.812858,11.692955,13.624051,11.084502,13.758038,11.168816,11.463361,7.6756005,4.444531,0.0,4.6551137,7.4355206,9.72733,13.304838,15.822973,19.320652,17.464943,16.604334,15.202017,11.023783,9.313413,7.82187,8.327702,9.480496,11.532825,14.794843,17.414583,12.610367,9.348926,7.517193,11.02192,8.888747,5.1504974,7.345258,11.854176,9.166667,7.2119513,11.504397,14.791283,12.364577,12.532832,17.044434,17.271793,17.662783,18.610083,22.738527,22.10135,21.664728,21.36003,16.719563,19.978994,23.89605,20.803488,17.52018,23.483463,25.934786,26.211304,21.417606,20.000446,25.33567,24.53257,20.392511,24.1708,26.235962,24.08148,20.864664,25.404137,20.787334,25.51771,24.785,20.59148,24.704525,19.24113,21.061668,22.17069,19.068577,15.353264,16.176332,17.736933,11.926569,11.884513,15.883647,15.657374,14.672779,19.548368,16.704025,18.23163,16.318274,13.64044,10.185502,10.043341,6.3271375,7.187464,6.901165,7.103397,10.616723,13.049552,14.10182,11.381344,15.856084,10.380475,15.063067,14.279968,17.667645
17,23.385818,23.064072,18.496307,19.735212,16.519302,16.49067,13.796834,13.249339,9.549767,12.893939,11.6342,14.866929,13.471844,15.011313,11.392523,6.2768335,4.6551137,0.0,6.956784,6.2083945,10.545831,12.719005,17.031973,14.567711,13.054165,12.300509,7.6859984,7.7190685,7.137795,9.482064,11.092429,14.943815,18.4819,20.591677,15.556677,11.296872,11.123849,14.158451,10.444446,6.6890855,10.4423,12.587816,8.419753,7.491156,12.54875,13.584321,9.891618,11.728942,16.18581,17.64689,17.623926,16.75761,21.835367,21.915474,20.57862,19.741108,15.653294,18.689888,22.990952,20.99881,17.716515,23.349087,26.334106,27.250011,22.856647,20.935608,25.96325,25.032965,20.30912,23.522411,25.58292,23.315458,19.459274,23.327402,18.492565,22.94581,21.680801,17.311888,20.853287,15.317884,16.705557,17.655313,14.460711,10.859024,11.771845,13.24316,7.39219,7.853339,11.959046,12.155674,12.028744,16.902788,15.15287,17.026049,15.616601,13.580031,10.19971,9.572059,8.005497,6.5728574,9.674218,7.357008,12.019095,14.604883,14.165193,11.000666,14.010024,7.6192145,11.273764,10.185388,13.222918
18,26.813606,27.450552,22.65451,25.033716,22.291264,21.759518,19.826578,20.103039,16.431583,19.70696,17.934319,20.835812,18.580423,18.656301,14.360257,11.568839,7.4355206,6.956784,0.0,5.592326,6.974573,9.563875,12.1174555,11.520343,11.81789,10.60968,9.122869,7.129964,9.679022,9.025883,14.470527,15.027489,19.733166,22.965849,18.891659,15.671339,13.890428,15.123381,12.31698,9.523822,9.31265,11.70216,9.067328,4.601967,8.599084,11.549718,8.528487,5.9458003,10.971833,11.960421,13.898731,13.089151,17.659966,18.125948,18.11553,18.817183,15.02496,19.222757,22.152746,19.011387,17.972454,23.381708,26.48652,26.784405,22.898325,22.210835,27.723042,27.77332,23.006721,25.433222,28.745035,27.35355,23.046696,26.531134,21.45201,25.33622,24.71401,20.353966,23.277851,17.651117,19.120018,19.22801,17.642525,13.83218,12.782245,15.891617,12.151288,8.659403,12.808033,14.150791,12.314764,16.573185,13.435517,13.728613,11.182335,8.783361,5.7571707,7.7975073,7.1719384,9.524899,11.74785,12.853891,17.315252,20.099115,20.486738,17.285181,20.788502,14.422548,17.288134,15.894865,18.003605
19,21.278772,22.093845,17.231768,20.019873,17.642206,17.128939,16.008192,17.070131,14.209409,18.307974,17.627327,20.930492,19.677183,20.94323,16.825724,12.447856,9.72733,6.2083945,5.592326,0.0,4.8195214,6.5206017,11.122134,9.291466,8.198684,8.381804,6.427831,7.4175677,10.117935,11.678824,15.90081,18.748829,23.179258,25.691017,21.07734,16.923647,16.538385,18.32782,14.276163,11.261838,13.408721,13.965712,9.8438225,7.9657354,12.390996,12.037212,7.2418056,8.399686,12.625245,15.265901,16.060379,12.832809,18.70093,19.94515,18.53475,18.23431,15.200745,18.733093,22.313805,20.74483,19.130634,24.126417,27.66888,28.746202,25.122433,23.636572,28.64883,28.305681,23.118605,25.144232,28.077509,26.389536,21.680521,24.423521,19.296146,22.830036,21.461666,17.005892,19.106577,13.484228,14.183657,13.953075,12.250102,8.765656,7.3984523,10.462246,7.4916463,3.4805198,8.098251,10.187267,9.721004,13.882869,12.587274,13.701324,12.3245,11.133547,8.596162,8.909299,10.082612,9.500293,13.976216,12.72919,17.710272,20.514582,19.641548,16.277908,18.298775,11.861666,13.151255,11.635536,12.909089
20,22.958517,24.515333,19.52436,22.909092,21.079754,19.779922,19.311789,21.336275,18.459604,22.759344,22.07512,25.11433,23.781176,24.757154,20.669218,16.586912,13.304838,10.545831,6.974573,4.8195214,0.0,3.6562257,6.7924595,5.137486,5.770166,5.952274,7.718569,8.081853,12.268339,12.764332,18.517767,20.290535,25.273,28.079638,24.028618,20.19754,19.570173,20.166143,16.222486,14.030361,14.8632765,14.127565,10.96255,8.862061,11.587154,10.357553,6.197678,5.796831,8.892214,12.328939,13.62809,8.995626,14.979236,16.967625,15.832968,16.318808,14.1657,18.04911,20.632048,19.10166,19.033005,23.373423,27.124222,28.127184,25.192646,24.266893,29.237768,29.50691,24.230268,25.369003,29.083544,28.053492,22.974436,25.065762,19.94842,22.746122,21.815437,17.611977,18.97772,13.726009,14.517767,13.802978,13.781015,10.522834,7.9390435,12.765334,11.5384,6.802017,10.216644,13.35717,12.480098,15.626816,14.249573,14.171408,12.355055,11.594421,10.021364,11.634378,13.241906,13.852813,17.843836,17.379963,22.297468,25.072693,24.383097,21.05206,22.946016,16.49557,17.282864,15.202958,15.90904
21,21.311134,23.303637,18.64522,22.65966,21.191532,20.38099,20.544079,22.49856,20.204046,24.53034,24.08621,27.42486,26.171337,27.193075,22.797106,18.915977,15.822973,12.719005,9.563875,6.5206017,3.6562257,0.0,5.401963,6.3044996,6.861427,8.495312,10.492423,11.587513,15.537561,16.32551,21.756376,23.736897,28.630217,31.431114,27.16597,23.17283,22.583597,23.607046,19.654194,17.18274,18.204575,17.778439,14.448597,12.290072,15.087666,13.730299,9.507316,8.894828,11.472657,15.067658,16.852161,11.288726,17.303349,19.834814,18.623636,19.06807,17.449652,21.093258,23.601593,22.451038,22.54182,26.676743,30.523579,31.638813,28.811846,27.805956,32.6661,32.83824,27.489874,28.480333,32.06732,30.918432,25.757122,27.453793,22.409872,24.850342,23.52451,19.411509,19.838108,14.918473,14.722009,12.953222,13.537633,11.213427,7.506838,11.425281,12.087227,6.6664066,8.329967,11.903379,11.037757,13.215598,12.607535,12.387134,11.292406,11.511071,10.79336,11.911195,14.692691,14.779529,19.417923,18.882246,23.912056,26.835764,25.795265,22.371922,23.885822,17.752121,17.685795,16.168505,15.893694
22,25.663824,28.077938,23.491066,27.685501,26.418816,25.189484,25.450464,27.684145,25.103851,29.391516,28.645163,31.782122,30.198677,30.714798,26.276136,22.966904,19.320652,17.031973,12.1174555,11.122134,6.7924595,5.401963,0.0,6.8587737,9.521193,10.429255,14.180051,14.252014,18.734346,18.41653,24.892199,25.529394,30.763739,33.951965,30.24999,26.716215,25.635368,25.757404,22.30198,20.389559,20.078806,19.249775,17.070816,14.446357,15.58262,14.582474,11.904209,9.065339,9.703442,13.168084,16.036577,10.247811,15.063236,18.199036,17.93489,19.50255,18.581497,22.495407,23.791842,22.239603,23.889309,27.44726,31.240063,32.010906,29.780645,29.495577,34.38277,35.14774,29.924007,30.33531,34.58445,34.013676,28.757683,30.165476,25.245031,27.167032,26.418509,22.631882,22.735134,18.335636,18.431076,16.53561,18.152037,15.889493,12.22573,16.540388,17.402447,11.971251,13.341156,16.815926,15.288947,16.645857,15.375621,13.8065,12.1569395,12.666168,12.959483,15.099926,17.760633,19.038958,22.93253,23.385616,28.32109,31.263176,30.651318,27.22906,29.122099,22.849216,23.048079,21.276989,21.053158
23,23.3235,25.370691,20.27364,23.816616,22.633062,20.266754,20.543991,23.84025,21.172718,25.81339,25.566874,28.266178,27.39307,28.71429,25.072134,20.460379,17.464943,14.567711,11.520343,9.291466,5.137486,6.3044996,6.8587737,0.0,3.5493345,4.0442305,9.03388,9.90817,14.319422,14.828534,20.751802,22.659286,27.795362,30.349451,26.735823,22.943342,22.839119,22.490616,18.25759,16.958502,17.762642,15.014304,12.509736,11.923482,13.168364,9.315656,6.585633,7.9940658,7.910941,12.397951,12.495816,5.6065006,11.908515,14.749401,12.826027,13.323002,12.745399,16.148195,17.954506,17.567013,18.491032,21.695206,25.70088,27.065126,25.021992,24.192154,28.63607,29.294676,23.95615,23.975998,28.144276,27.709673,22.328108,23.380875,18.547953,20.31095,19.69614,16.025787,16.462996,12.088535,13.045925,12.399373,13.906413,11.162987,8.670323,14.731463,14.477119,10.724423,13.424113,17.122793,16.87399,19.398182,18.744278,18.353836,16.659243,16.234428,14.995944,16.758698,18.230627,18.724241,22.672537,21.72745,26.56582,29.132204,28.19811,25.00888,26.182327,19.865282,19.914322,17.062233,17.336016
24,20.381124,22.196245,17.001627,20.355192,19.235704,16.733524,17.200937,20.801947,18.457846,23.252468,23.433832,26.160366,25.737518,27.580414,24.162935,18.962448,16.604334,13.054165,11.81789,8.198684,5.770166,6.861427,9.521193,3.5493345,0.0,3.3417332,6.910497,9.205881,12.995365,14.576051,19.466385,22.572351,27.400152,29.53841,25.597422,21.442163,21.944208,22.092276,17.394003,15.904,17.848894,14.991223,11.636346,12.035024,14.245803,9.698415,5.877689,9.809365,10.663396,14.934461,14.141915,7.929968,14.291062,16.671173,13.893594,13.216809,12.44938,15.265607,18.012661,18.343426,18.064674,21.410048,25.475521,27.227116,24.934923,23.49052,27.708447,27.93333,22.478117,22.692627,26.344868,25.550022,20.143267,21.107346,16.23225,18.161144,17.02596,13.15736,13.5878525,8.857722,9.683571,9.413456,10.473617,7.718734,5.710683,12.0831785,11.737436,9.086711,11.816762,15.434394,15.965704,18.742022,18.7281,19.040464,17.739841,17.264492,15.5705385,16.653975,18.017426,17.59193,21.934992,20.051332,24.85032,27.293377,25.93248,22.837198,23.406822,17.313986,16.877394,13.831385,13.9853
25,23.163446,24.626135,19.318584,22.102165,20.619598,17.827984,17.5703,21.044014,18.106897,22.736248,22.572954,24.964596,24.35778,25.996588,22.867105,17.762663,15.202017,12.300509,10.60968,8.381804,5.952274,8.495312,10.429255,4.0442305,3.3417332,0.0,5.5926766,6.7098393,10.776594,11.802267,17.172787,19.766096,24.70611,26.924248,23.33276,19.487345,19.833366,19.361391,14.805927,13.815297,15.283952,11.844458,8.998647,9.737591,11.305096,6.364689,3.1339724,7.8808203,8.395776,12.382133,10.97691,5.7798223,11.927529,13.765228,11.136392,10.724296,9.373373,12.687791,15.320454,15.118196,14.977911,18.49713,22.49486,24.055204,21.73765,20.52608,24.925282,25.387724,20.008917,20.291714,24.276176,23.7273,18.390345,19.82173,14.854602,17.16347,16.675774,12.798085,14.395107,9.553251,11.560499,12.222202,12.646841,9.186662,8.306748,14.5290785,12.745649,10.382267,13.98836,17.258814,17.408684,20.698727,19.924154,20.097397,18.271551,17.255493,15.243896,16.762453,17.305782,17.52493,21.117949,19.600521,24.199852,26.508467,25.602592,22.61362,23.699055,17.404774,17.890673,14.531467,15.636997
26,21.857891,22.381853,17.104294,18.92319,16.73219,14.379824,13.02696,15.830199,12.591172,17.156784,17.05717,19.474434,19.110054,21.206343,18.419561,12.719755,11.023783,7.6859984,9.122869,6.427831,7.718569,10.492423,14.180051,9.03388,6.910497,5.5926766,0.0,4.1498356,6.369193,9.156588,12.731426,16.866873,21.225088,23.032385,18.851652,14.572621,15.470379,16.045,11.058902,9.415977,12.63433,10.292296,5.793067,7.762296,11.205302,7.919473,3.7102926,9.613269,12.130878,14.976822,13.268324,10.774069,16.22454,16.882664,14.274359,12.857975,9.814982,12.650331,16.810774,16.3117,13.850769,18.449528,22.122684,23.744719,20.453564,18.464712,23.01255,22.693945,17.31773,18.914011,21.92048,20.519228,15.537791,18.118507,12.96423,16.619886,15.642011,11.247868,14.421288,8.854184,11.186925,12.794236,10.99979,6.772051,8.025846,12.780379,8.7285185,8.518673,12.817753,15.068647,15.680081,19.789232,18.984219,20.072584,18.452198,16.951286,14.127417,14.77187,14.417513,13.737437,17.16669,14.695816,19.069942,21.198278,20.177015,17.332249,18.439566,12.17106,13.409943,9.999258,12.333975
27,25.842701,26.318823,21.097914,22.777344,20.302559,18.156263,16.187298,18.187643,14.276356,18.219946,17.26014,19.353006,18.25229,19.57227,16.813559,11.927385,9.313413,7.7190685,7.129964,7.4175677,8.081853,11.587513,14.252014,9.90817,9.205881,6.7098393,4.1498356,0.0,4.6514707,5.4442496,10.917112,13.4094925,18.207668,20.559881,16.831417,13.2096615,13.158648,12.909211,8.43772,7.225832,8.938136,6.783845,2.8826323,4.113932,7.1396766,5.870079,3.5764325,7.190455,9.940698,11.7662115,10.293154,9.972466,14.453111,14.400015,12.877583,12.462939,8.404969,12.233904,15.767502,13.763726,11.76481,16.940062,20.337656,21.333706,17.789505,16.47325,21.598278,21.708025,16.60142,18.52305,22.019508,20.967056,16.331223,19.594181,14.557259,18.444958,18.254253,14.124676,17.818993,12.514671,15.182,16.67459,15.114436,10.876896,11.51631,16.198895,11.71703,10.550671,15.215059,17.221928,16.933575,21.268642,19.406057,20.042177,17.796312,15.75871,12.822332,14.219485,12.969768,13.717274,15.908782,14.767989,18.873653,20.986195,20.865871,18.084322,20.324121,13.954655,16.408947,13.371238,16.153957
28,26.74406,26.483696,21.493372,22.100527,19.217125,17.20676,14.228282,15.536243,11.214289,14.589363,13.523882,15.086833,14.290973,16.107285,14.332328,8.938997,7.82187,7.137795,9.679022,10.117935,12.268339,15.537561,18.734346,14.319422,12.995365,10.776594,6.369193,4.6514707,0.0,4.519375,6.4999127,10.9605,14.94272,16.676674,12.630668,8.751857,9.593535,9.870021,4.7842064,3.7533782,7.8445063,6.4744506,2.5926251,6.236967,9.268948,8.958845,7.8028445,11.419929,14.222401,15.255613,13.067761,14.225716,18.019909,17.116077,15.430479,14.210962,9.586449,12.273575,16.625704,14.724102,10.644476,16.329844,19.210741,20.262493,16.021755,13.973947,19.04037,18.51559,13.659489,16.731785,19.331253,17.730452,13.776353,18.036041,13.350793,18.014414,17.828684,13.909298,18.645382,13.649597,16.591032,18.81459,16.225924,12.145613,14.079899,17.665926,11.934834,12.768188,17.351652,18.527565,18.630442,23.332127,21.512285,22.713984,20.638384,18.31089,14.983797,15.685647,13.320348,13.449562,14.651737,12.689336,15.988165,17.600567,17.671747,15.36516,17.687174,11.914342,15.297765,12.345725,16.102488
29,30.544544,30.558998,25.497437,26.461409,23.580196,21.63227,18.74665,19.737213,15.27868,18.078766,16.252668,17.505163,15.794706,16.365156,14.481581,10.775181,8.327702,9.482064,9.025883,11.678824,12.764332,16.32551,18.41653,14.828534,14.576051,11.802267,9.156588,5.4442496,4.519375,0.0,7.472545,7.9997034,12.976085,15.687486,12.606997,10.162407,9.199817,7.6625214,4.277163,4.7659554,4.322237,3.5416918,3.6798997,4.5453467,5.450069,8.177895,8.755408,9.801438,12.2575245,12.033329,10.348428,13.507336,16.114033,14.599605,14.266383,14.301525,9.379088,12.957188,16.089344,12.511993,9.754771,15.640287,18.190731,18.398527,14.094948,13.2848625,18.914177,19.153679,14.799584,17.668974,21.007465,20.070177,16.432707,20.72707,16.238476,20.577497,21.05399,17.354137,21.93575,17.00147,20.050495,21.928074,19.930994,15.70978,16.787687,20.854185,15.488936,14.911042,19.626339,20.942163,20.215305,24.845392,22.16474,22.736345,20.105888,17.45182,14.347758,15.920763,13.080292,14.86129,14.919148,14.818076,17.864338,19.530281,20.493174,18.203922,21.420427,15.618384,19.355742,16.657337,20.194693
30,31.267874,30.274517,25.730608,25.186762,21.948149,20.328722,16.366167,16.207586,11.787943,13.043363,11.230294,11.094727,10.26259,12.068018,12.504952,8.497646,9.480496,11.092429,14.470527,15.90081,18.517767,21.756376,24.892199,20.751802,19.466385,17.172787,12.731426,10.917112,6.4999127,7.472545,0.0,7.7740917,9.68387,10.479254,6.3641276,3.4258301,5.539263,5.872869,3.3443775,5.0060267,8.358129,8.915257,8.35861,10.991575,12.793826,14.147238,14.2007675,16.881086,19.55054,19.428514,16.961668,20.030914,22.694668,20.747099,19.591864,18.25156,13.492477,14.980315,19.187029,16.783009,11.291929,16.904936,18.525723,19.079512,14.012527,11.622462,16.451588,15.260426,11.783042,16.428858,17.761591,15.75394,13.738003,19.122646,15.594236,20.590847,20.828497,17.662924,23.119087,18.802643,21.88447,24.553675,21.36996,17.652756,20.13932,22.802073,16.438187,18.30693,22.67453,23.015251,23.081528,27.979534,25.800879,27.255526,25.137447,22.43722,19.002502,19.359526,15.733888,15.976339,14.972989,13.206706,14.447532,14.973884,16.114347,14.92091,17.801064,13.719843,18.148407,15.854091,20.208689
31,37.36583,36.816177,32.067345,32.22739,28.961784,27.465597,23.764711,23.371855,18.83907,19.731243,16.92361,16.708286,14.185368,13.1896,13.392648,12.654705,11.532825,14.943815,15.027489,18.748829,20.290535,23.736897,25.529394,22.659286,22.572351,19.766096,16.866873,13.4094925,10.9605,7.9997034,7.7740917,0.0,5.44957,9.221464,8.235115,9.414818,6.7743297,2.035948,6.6293187,8.72866,5.7380304,8.853736,11.314979,11.451229,10.690345,15.315328,16.749731,16.550142,18.707067,16.76347,15.4447365,20.72769,21.754307,19.015345,19.867407,20.189362,15.36413,17.876505,20.285152,15.611924,12.426695,17.793917,18.625347,17.525597,12.401339,12.576171,17.98955,18.182129,15.8301325,19.791529,22.242004,21.358608,19.605635,24.736982,21.25961,25.790716,26.769974,23.624228,28.824923,24.266184,27.467335,29.623873,27.13049,23.029282,24.449253,27.760555,21.774202,21.806608,26.362896,26.874996,25.794785,30.558208,27.173584,27.769812,24.978209,21.898497,18.94097,20.315962,16.133333,18.606035,15.939165,17.178108,18.187786,18.92409,21.406178,20.086098,24.249996,19.785505,24.547447,22.480343,26.539696
32,40.559326,39.51239,35.088276,34.539684,31.110003,29.922752,25.789318,24.580664,20.34624,19.953379,16.956419,15.574442,13.146831,11.699873,13.98544,14.510383,14.794843,18.4819,19.733166,23.179258,25.273,28.630217,30.763739,27.795362,27.400152,24.70611,21.225088,18.207668,14.94272,12.976085,9.68387,5.44957,0.0,4.5600624,6.06554,9.91006,7.853431,5.3495297,10.328842,12.340115,10.733428,13.770957,15.881273,16.470663,16.138779,20.34389,21.645447,21.871698,24.14656,22.138865,20.618422,26.003181,26.917265,23.916332,24.613863,24.5186,19.804756,21.500504,24.05915,19.78676,15.830978,20.587616,20.521069,19.202953,14.007144,13.908397,18.303463,17.892097,16.975758,21.581211,22.863379,21.686728,21.278862,26.744299,23.974453,28.619024,29.616611,26.825315,32.348396,28.081455,31.286205,33.7253,30.755535,26.862734,28.744234,31.431541,25.0902,25.952324,30.339052,30.333565,29.439648,34.27476,30.931787,31.854658,29.256893,26.126947,23.13596,24.002913,19.445543,21.431782,17.800035,18.850567,18.380232,18.213387,21.310581,20.849783,25.046383,21.817633,26.877314,25.201382,29.519608
33,41.29158,39.880287,35.687202,34.477753,31.109818,29.798323,25.4932,24.218618,20.365343,19.341913,16.815712,14.419011,13.065286,12.641112,16.14491,16.082134,17.414583,20.591677,22.965849,25.691017,28.079638,31.431114,33.951965,30.349451,29.53841,26.924248,23.032385,20.559881,16.676674,15.687486,10.479254,9.221464,4.5600624,0.0,5.561899,10.165498,9.9864435,8.329498,12.157912,14.449043,14.31499,16.173656,17.954502,19.540083,19.559265,22.62069,23.921103,25.18932,27.353792,25.737232,23.447094,28.626642,29.622858,26.531542,26.596743,25.839039,21.363424,22.145271,25.013062,21.623308,16.737919,20.882526,20.336706,19.395103,14.357486,13.420174,16.676582,15.545519,15.684514,20.638369,20.825125,19.412758,20.110775,25.639616,23.608334,28.194012,29.223839,26.91082,32.641632,28.878288,32.155537,34.995007,31.7471,28.118269,30.560629,32.986458,26.483301,28.22888,32.5324,32.38945,31.983696,36.88722,33.974045,35.229485,32.836506,29.781881,26.61759,27.128593,22.628914,23.807352,20.414335,20.354082,19.207983,18.336443,21.198982,21.372833,24.87176,22.563889,27.446178,25.74249,30.205921
34,36.15345,34.686646,30.587183,29.47178,25.979029,25.112572,20.732927,19.03062,15.078864,14.164252,11.460039,9.670526,8.04591,8.604669,11.586334,10.673354,12.610367,15.556677,18.891659,21.07734,24.028618,27.16597,30.24999,26.735823,25.597422,23.33276,18.851652,16.831417,12.630668,12.606997,6.3641276,8.235115,6.06554,5.561899,0.0,4.8916683,5.341056,6.6628413,8.833349,10.013609,11.44391,14.057577,14.422036,15.923476,17.261461,20.0464,20.280424,21.946821,24.822594,23.88741,21.947859,25.905945,28.039007,25.605917,25.134264,24.074722,19.32916,20.542511,24.293177,21.287165,15.9478035,21.035719,21.564934,21.364096,16.03929,14.196996,18.25302,16.660175,15.13412,20.341486,20.625376,18.43107,18.14097,23.78297,21.043846,25.99207,26.343388,23.521946,29.092424,24.948479,27.879658,30.512014,26.973803,23.451118,25.91998,27.816746,21.259352,23.323824,27.442627,27.076124,26.867256,31.77409,29.165993,30.743177,28.64314,25.72235,22.404976,22.474072,18.122763,18.64296,15.701676,14.909618,14.017168,13.450714,16.00718,15.909372,19.525404,17.065615,22.058266,20.654465,25.09206
35,31.27932,29.897532,25.718088,24.77351,21.296722,20.43053,16.122332,14.710808,10.484385,10.575753,8.296335,7.8569665,6.9033003,9.25325,10.428884,6.926902,9.348926,11.296872,15.671339,16.923647,20.19754,23.17283,26.716215,22.943342,21.442163,19.487345,14.572621,13.2096615,8.751857,10.162407,3.4258301,9.414818,9.91006,10.165498,4.8916683,0.0,4.5486565,7.5794487,6.458305,6.430241,10.1338415,12.140923,10.994924,12.946883,15.410076,17.156023,16.52107,19.02363,22.210955,22.11066,20.125858,22.80749,25.844471,24.035658,22.887983,21.441862,16.73376,18.108671,22.513433,20.201193,14.651205,20.125044,21.550043,22.065693,16.898262,14.394367,18.764463,17.030851,14.086956,19.054419,19.583237,17.000092,15.602681,21.062147,17.745216,22.835716,22.665434,19.484219,24.857004,20.517212,23.22942,25.790916,22.130657,18.690138,21.296886,23.03522,16.472843,18.92456,22.968006,22.704433,22.870995,27.77881,25.670666,27.475897,25.625286,22.936222,19.474962,19.267738,15.425158,15.101961,13.53594,11.367365,11.647387,11.777111,13.202159,12.452249,15.648601,12.482159,17.328794,15.780194,20.209814
