,0,1,2,3,4,5,6,7,8,9,10,11,12,13,14,15,16,17,18,19,20,21,22,23,24,25,26,27,28,29,30,31,32,33,34,35,36,37,38,39,40,41,42,43,44,45,46,47,48,49,50,51,52,53,54,55,56,57,58,59,60,61,62,63,64,65,66,67,68,69,70,71,72,73,74,75,76,77,78,79,80,81,82,83,84,85,86,87,88,89,90,91,92,93,94,95,96,97,98,99,100,101,102,103,104,105,106,107,108,109,110,111,112
0,0.0,4.2586384,6.778232,9.539424,12.286457,14.4813595,17.94061,21.494274,24.990124,27.38341,31.230213,33.7803,32.29705,30.945288,26.125523,24.919003,20.422222,20.079462,16.664839,14.703963,14.901525,10.589496,15.34761,15.282786,16.969364,18.795288,21.896685,21.946377,19.278217,21.083958,22.6195,22.971354,29.856869,27.473442,32.7038,32.983646,36.21391,36.64078,32.65596,28.92264,33.05846,28.103775,27.719288,26.466635,26.420258,24.601196,22.61273,23.236853,20.210993,24.218937,20.597418,24.468235,23.156155,27.239376,24.672337,28.600878,26.52921,29.149149,32.634384,31.416208,27.712227,32.378216,30.675676,31.264446,36.09859,31.198635,33.92325,34.50899,39.91587,38.299587,34.363693,35.29895,30.663712,34.65416,28.463278,30.65018,28.869902,25.85941,25.552114,24.573399,23.709902,23.771915,18.528942,21.473475,22.096783,26.212025,25.202686,31.527134,31.534046,35.090813,36.389393,40.76971,41.645676,42.676098,45.954433,45.83378,45.738132,44.61573,41.81256,38.281597,35.80551,35.215023,30.91802,31.039417,25.806456,23.977615,20.397413,18.388546,21.88456,25.00155,28.533781,31.630146,34.621094
1,4.2586384,0.0,5.2814226,6.7828026,8.859456,12.226471,14.566459,18.972069,21.963938,24.591515,28.319168,31.022703,29.987507,28.581438,23.969023,22.207495,18.090656,16.994787,14.307441,11.355979,12.032889,7.7899985,13.171021,13.440725,14.56323,15.648244,18.507343,18.486729,15.3915825,17.723724,18.982306,20.149654,26.904951,25.273893,30.226019,30.874914,34.033386,34.16221,30.39298,26.64739,30.179861,25.16264,24.339708,23.050808,22.620268,20.815506,18.552124,19.283081,16.19289,20.547916,17.051361,21.056597,20.372576,24.16088,21.264393,25.046991,22.586864,25.186798,28.570194,27.261087,23.521574,28.281223,26.545368,27.332817,32.152046,27.461325,30.340433,30.844036,36.192326,34.560974,30.53968,31.23329,26.556923,30.426725,24.208714,26.468107,24.745089,21.80286,21.7344,20.945122,20.351383,20.130367,14.9399805,17.635818,17.95864,22.21443,21.062178,27.416336,27.553698,31.12407,32.620422,36.978226,38.047867,39.115032,42.43714,42.22403,41.943123,40.861473,37.94733,34.501987,32.220497,31.34573,27.158846,27.163668,21.917974,20.329493,16.537247,14.843748,18.709913,21.35395,25.077215,28.217125,31.041061
2,6.778232,5.2814226,0.0,5.25551,6.854151,8.41323,12.056156,14.969563,18.81681,20.812975,25.062674,27.316448,25.966227,24.956303,20.073902,19.277355,14.964406,14.854384,12.665378,11.095101,13.21978,10.304895,16.16079,17.423153,19.009802,19.731922,21.840696,21.126242,16.33565,18.447905,18.494892,19.612225,25.177725,23.146025,28.039526,28.186058,31.750523,32.378746,28.859787,25.504265,29.132515,25.09062,23.915255,23.990324,22.830826,22.42141,20.183468,21.769602,18.801142,23.852684,20.471235,24.359093,24.24404,27.333931,23.683468,27.411383,24.419449,27.31932,30.02517,28.874008,25.073214,30.13682,27.772831,28.978231,33.11953,28.421059,31.079697,30.836098,36.31094,33.997272,29.719559,30.873072,26.37336,30.380398,24.561193,26.132061,24.951756,22.412485,22.259943,22.190565,20.82637,19.91199,14.489671,16.869015,17.65208,21.271828,20.39207,26.501453,26.357666,30.033144,31.110237,35.97346,36.523773,37.94383,40.918957,40.523697,40.60244,39.16128,36.383606,32.741566,29.88757,29.494694,25.164387,25.285856,20.18438,18.363695,14.966364,12.3297205,15.403226,19.024721,22.1918,25.323658,28.374098
3,9.539424,6.7828026,5.25551,0.0,3.8295052,6.0277114,8.880636,13.007287,15.748944,18.705292,21.945545,24.84321,23.602488,21.943552,17.42782,15.535829,11.328852,10.541354,7.8455853,6.0018506,8.248487,6.5607395,12.191159,14.316816,16.370714,17.125778,18.244911,16.89351,11.848648,13.349856,13.731776,14.427964,20.522646,18.691357,23.607265,24.14873,27.415644,27.717834,24.096367,20.577534,24.14737,19.865482,18.902163,18.936886,18.119392,17.914972,16.314564,18.40257,16.186024,21.659119,19.20166,23.400436,24.058908,27.176292,23.58119,26.840206,23.1395,25.553057,28.268293,26.355946,22.363974,26.732952,23.921272,24.736773,28.654718,23.64082,26.117176,25.982656,31.50416,29.384579,25.369738,26.863667,22.464231,27.099957,21.769283,23.88709,23.35873,21.207493,21.893887,22.18729,21.615465,20.097893,15.005732,16.38468,15.8249445,19.846947,17.524363,23.434338,22.816986,26.255144,27.17304,31.661638,32.270603,33.40989,36.55798,36.43108,36.533207,35.355026,32.747574,29.11487,26.573778,26.51983,21.96048,23.02298,18.163118,17.684597,13.521475,10.686665,14.528039,16.299395,20.20138,22.752134,26.124384
4,12.286457,8.859456,6.854151,3.8295052,0.0,5.2434416,5.7149086,10.71206,13.156909,15.980402,19.55114,22.316103,21.644033,20.275658,15.960775,13.870443,10.423289,8.775359,8.416171,5.6596627,9.407431,8.712137,14.042281,16.234161,17.455406,17.202278,17.97109,16.554556,10.396308,12.81225,11.8945,14.179445,19.199339,18.39645,22.74176,23.51885,26.862923,27.009329,23.87511,20.618456,23.26221,19.416695,17.560068,18.128948,16.27093,16.679764,14.531495,16.935514,14.623009,20.361317,17.994062,21.942099,23.190899,25.626036,21.57022,24.630407,20.594936,23.155796,25.41922,23.716501,19.797146,24.543322,21.633093,23.018589,26.686384,22.146414,24.792913,24.226461,29.65936,27.21742,22.881329,24.069454,19.638445,23.943521,18.608809,20.363358,19.973898,18.040752,18.797504,19.52547,18.843618,16.878963,12.00954,12.892324,12.342147,16.134363,14.0708685,20.016644,19.63335,23.243633,24.367512,29.155334,29.850569,31.26388,34.301723,33.888264,33.834743,32.499107,29.704191,26.104713,23.526691,23.09651,18.679667,19.322212,14.386304,13.903372,9.73029,6.9056454,10.986504,12.810637,16.658634,19.485403,22.604717
5,14.4813595,12.226471,8.41323,6.0277114,5.2434416,0.0,5.968887,7.315542,10.960701,13.303234,16.941996,19.41495,17.8718,16.583275,11.793155,11.005043,6.7434993,7.5941195,6.9769416,7.977147,11.621104,11.932151,16.830122,19.59099,21.68471,21.911293,22.180025,20.186245,13.675236,14.6926565,13.11923,13.896865,17.612368,15.6078,20.134987,20.141577,23.886076,24.729881,21.66304,18.864792,22.12994,19.467846,17.907364,19.885883,18.04704,19.773499,18.37406,21.307724,19.47493,25.322704,23.193346,27.114561,28.427076,30.76594,26.542189,29.517065,25.263348,27.793774,29.623028,27.82346,23.942633,28.342716,24.843494,26.126667,28.970766,24.206415,26.28327,25.128843,30.61746,27.656387,23.43568,25.536186,21.600008,26.315756,21.89581,23.15013,23.521763,22.097918,22.883223,24.038404,22.927385,20.566109,15.883654,16.330992,15.92537,18.86511,16.607796,21.710882,20.60369,24.000967,24.293652,29.306915,29.244205,30.812832,33.483147,33.135963,33.68351,32.099026,29.732496,25.910234,22.714766,23.417784,18.729671,20.250153,15.984135,15.844452,12.38725,8.473796,10.86086,13.021049,16.19177,18.408163,22.15429
6,17.94061,14.566459,12.056156,8.880636,5.7149086,5.968887,0.0,6.630811,7.645646,10.806175,14.046417,16.91153,16.760368,15.443335,11.750326,9.176507,7.390197,4.8858333,8.329995,7.1483574,11.521721,12.907465,17.057375,19.848566,20.93339,20.016335,19.52902,17.410616,10.089291,12.051398,8.890299,12.25397,14.896186,15.202522,18.629593,19.586433,22.965199,23.05884,20.65571,18.031588,19.57739,17.042913,14.251564,16.516384,13.443322,15.841379,14.079635,17.392784,15.958988,21.850916,20.381302,23.947985,26.174519,27.74443,23.299356,25.681911,20.91072,23.215069,24.530794,22.623953,18.881933,23.245975,19.595142,21.394905,23.923347,19.790577,22.110138,20.618225,25.933773,22.835901,18.290527,19.886536,15.887422,20.385754,16.214428,17.384228,18.233648,17.337513,18.680777,20.38949,19.777624,16.810476,13.097104,12.252707,10.8878145,13.623636,10.740019,15.7585945,14.83602,18.394604,19.155472,24.290031,24.669128,26.388353,29.156498,28.554136,28.668512,27.124462,24.437664,20.732067,17.907494,17.902351,13.305162,14.683276,10.435535,11.43753,7.6708646,4.3090725,7.5203085,7.533404,11.526019,13.90131,17.30045
7,21.494274,18.972069,14.969563,13.007287,10.71206,7.315542,6.630811,0.0,5.349716,6.0931606,10.648592,12.378499,11.286865,10.906353,6.581519,7.350996,6.3828945,7.7679415,11.139752,12.697636,16.779093,18.27255,22.510862,25.566717,27.200165,26.582424,26.000477,23.621761,16.321478,17.248892,13.546366,15.390336,15.195438,14.521084,17.37872,17.167826,21.16335,22.2596,20.480833,18.877623,20.574537,20.03317,17.393541,21.24693,18.038568,21.644575,20.32771,23.833868,22.511019,28.36082,26.779173,30.178265,32.34213,33.634686,28.90123,31.27736,26.530891,28.981731,29.640781,28.06117,24.597284,28.823881,24.830885,26.7643,28.255539,24.362413,26.03846,23.67777,28.734377,24.836494,20.425781,22.830471,19.7298,23.978767,20.993225,21.065138,22.571999,22.217567,23.218393,25.34158,23.966383,20.724697,17.343424,16.350142,15.904141,17.07849,15.128932,18.545822,17.046375,20.213448,19.90083,25.477797,24.773697,26.969742,28.970297,28.157734,29.027136,26.935278,24.766277,20.899868,17.03042,18.405935,13.976396,15.839604,12.982674,13.698503,11.8358965,8.262921,7.459031,9.001002,10.534459,12.146426,16.111692
8,24.990124,21.963938,18.81681,15.748944,13.156909,10.960701,7.645646,5.349716,0.0,4.638735,6.431206,9.461126,9.694826,8.495475,6.523708,4.48436,7.212687,6.781544,11.941746,13.274931,17.03526,19.62574,22.805601,26.082556,27.453222,26.411934,24.893627,22.149446,15.012859,15.431576,10.81235,13.270316,10.970866,12.266121,13.8064,14.452588,17.957947,18.445866,17.367823,16.228594,16.452137,16.791544,13.533209,18.251423,14.533287,19.199282,18.46613,22.305717,21.84458,27.498053,26.822674,30.012827,32.86184,33.78287,29.16082,30.898827,25.723001,27.62542,27.84262,25.790976,22.555109,25.92738,21.540741,23.444483,24.045961,20.562119,21.89341,19.029915,23.83078,19.696764,15.368905,18.153963,15.64911,20.134253,18.427465,18.552406,21.021658,21.411163,23.114641,25.615332,24.917398,21.294348,18.86012,16.856699,15.229975,15.96419,12.764359,14.786483,12.564708,15.321982,14.654624,20.174837,19.432909,21.656647,23.67553,22.884766,23.734472,21.748363,19.694395,15.79316,12.097742,14.048261,9.426194,12.822591,11.254794,13.907143,12.147486,9.728877,9.11539,6.277736,8.194294,8.263867,12.680105
9,27.38341,24.591515,20.812975,18.705292,15.980402,13.303234,10.806175,6.0931606,4.638735,0.0,6.1723733,6.7399635,7.363286,8.233144,6.85896,8.112045,10.490347,11.126081,15.837359,17.25826,21.24778,23.376379,27.041342,30.209528,31.471067,30.282015,29.050957,26.49069,19.227564,20.01668,15.312889,17.824408,14.566426,15.618682,16.455544,16.381298,20.070559,21.071568,20.62625,20.07616,20.062225,21.208982,17.878565,22.768408,18.760681,23.482037,22.370968,26.0787,25.29237,30.862585,29.863668,32.790836,35.59262,36.11114,31.215662,32.967155,27.965593,30.13426,29.843721,28.38747,25.442234,29.181507,24.968113,27.290964,27.564863,24.64841,25.914646,22.677233,27.05174,22.516811,18.211151,20.704695,18.661139,22.207151,20.837292,19.972754,22.486647,23.108685,24.376034,27.127956,25.840023,22.11126,20.07162,18.013334,17.296879,16.937443,15.209554,16.477161,14.653648,17.242151,16.342861,22.16485,20.9416,23.66573,24.99816,23.728125,24.811342,22.306625,20.373865,16.635733,12.278326,14.375054,10.68735,12.979237,12.267708,14.093612,13.741763,11.533696,8.920942,8.153777,7.1569533,7.161129,11.23249
10,31.230213,28.319168,25.062674,21.945545,19.55114,16.941996,14.046417,10.648592,6.431206,6.1723733,0.0,4.421969,5.9516273,5.0801167,7.673476,7.372011,11.8761635,12.2528715,17.032179,19.08531,22.372301,25.506153,28.022188,31.493954,32.96693,31.844215,29.700342,26.67224,20.076817,19.676418,14.96299,16.502941,10.52083,12.811717,11.716255,12.0686655,15.101346,15.842625,16.417826,16.867569,15.6026945,18.455452,15.327432,21.125538,17.441483,23.039585,22.998943,26.949429,27.11196,32.47244,32.354156,35.286266,38.519123,39.051144,34.43625,35.701313,30.375557,31.89973,31.421478,29.267105,26.509966,28.956697,24.302889,26.101341,25.183748,22.483461,22.90967,19.170609,23.040253,18.296911,14.818705,18.372131,17.493475,21.499681,21.798996,21.330994,24.715425,25.882675,27.806286,30.669079,30.057772,26.197262,24.54577,22.042282,20.2472,19.943184,16.782108,16.37658,13.408877,14.743456,12.563415,17.740623,15.783053,18.388828,19.459063,18.52994,20.184706,17.869915,16.757147,13.068232,8.951083,13.133168,9.779515,14.332542,15.094018,18.399405,17.64367,15.838593,14.231809,10.579535,10.174543,7.2200603,11.507668
11,33.7803,31.022703,27.316448,24.84321,22.316103,19.41495,16.91153,12.378499,9.461126,6.7399635,4.421969,0.0,4.5833173,6.66343,9.500977,11.141795,15.042794,15.93951,20.619305,22.673822,26.23038,29.02095,31.968912,35.372074,36.760845,35.51471,33.610615,30.727234,23.921268,23.89415,19.070337,20.822647,14.793077,16.614882,15.230534,14.870815,17.891438,19.08891,20.136864,20.946663,19.660053,22.86151,19.692059,25.451086,21.53197,27.080946,26.686289,30.549084,30.432308,35.760532,35.380337,38.116837,41.320023,41.530552,36.704697,37.970375,32.78909,34.51915,33.633125,31.968573,29.442236,32.205967,27.725208,29.870005,28.760382,26.528374,26.966879,23.033646,26.478334,21.525105,18.153334,21.265911,20.704443,23.873642,24.396837,23.170967,26.55479,27.897045,29.484697,32.52895,31.482971,27.56988,26.237099,23.707859,22.555275,21.489105,19.41857,18.55029,16.047869,17.239445,15.023771,20.216764,17.87447,20.87328,21.170969,19.752773,21.62198,18.830515,17.939281,14.637619,10.199856,14.265883,11.997808,15.383049,16.782753,19.46303,19.64253,17.959627,15.281635,12.920395,10.807058,7.7815804,11.119215
12,32.29705,29.987507,25.966227,23.602488,21.644033,17.8718,16.760368,11.286865,9.694826,7.363286,5.9516273,4.5833173,0.0,3.9253068,6.5862,10.019012,13.163917,15.326011,19.042263,22.012375,25.392614,28.090673,31.141531,34.66576,36.611504,35.921574,34.22579,31.224442,24.388056,23.884727,19.596973,20.099386,14.704642,14.676297,14.070152,12.657237,16.262142,18.283617,18.761976,19.57218,19.618664,22.711922,20.284988,26.013449,22.75888,28.073092,27.891167,31.81366,31.530958,37.14262,36.481052,39.59298,42.42509,43.169632,38.3771,40.040943,34.897797,36.79098,36.419216,34.569393,31.674759,34.575043,29.978302,31.737762,31.04763,28.025646,28.375624,24.770435,28.640162,23.929298,20.71476,24.309654,23.298529,27.18642,27.016216,26.277983,29.301157,30.175781,31.636728,34.412136,33.20223,29.464378,27.334335,25.344513,24.336704,23.994553,21.641073,21.816128,19.153845,20.591522,18.289597,23.224792,20.73096,23.304377,23.792185,22.899431,25.072775,22.545618,21.87772,18.4334,14.137239,18.280079,15.252485,18.852089,19.207926,21.416351,20.960829,18.464195,16.164248,14.803279,13.627557,11.476414,15.3163805
13,30.945288,28.581438,24.956303,21.943552,20.275658,16.583275,15.443335,10.906353,8.495475,8.233144,5.0801167,6.66343,3.9253068,0.0,5.1235948,7.2309384,10.852792,12.981029,16.409552,19.7322,22.707033,25.808912,28.331182,31.976862,34.13902,33.674614,31.702225,28.513727,22.025738,20.919012,16.974493,16.687645,11.138107,10.818789,10.289844,9.02584,12.792074,14.726585,14.881592,15.665939,15.967205,19.104141,17.078379,22.863039,20.104816,25.427567,25.731646,29.718508,29.758865,35.368443,34.993206,38.29609,41.14544,42.210175,37.640224,39.27955,34.017857,35.677822,35.6449,33.33158,30.27352,32.735493,27.987337,29.305353,28.637037,25.198023,25.345951,21.945675,26.01831,21.57658,18.619211,22.670954,21.587646,26.134825,25.958206,25.866552,28.93155,29.69031,31.45436,34.06682,33.252186,29.568764,27.168774,25.221678,23.651304,23.946203,20.671928,21.089674,18.036097,19.349358,16.91376,21.465149,19.08158,21.212389,22.159575,21.77252,23.954388,21.848108,21.263668,17.687542,13.817394,18.201475,14.633212,19.09459,19.093184,21.812672,20.578146,17.938414,16.599699,14.253328,14.325217,12.053011,16.35634
14,26.125523,23.969023,20.073902,17.42782,15.960775,11.793155,11.750326,6.581519,6.523708,6.85896,7.673476,9.500977,6.5862,5.1235948,0.0,5.354197,6.810346,9.92094,12.747173,16.164667,19.429745,21.932755,25.143158,28.654474,30.93338,30.714695,29.370224,26.420433,19.599901,18.963732,15.3739195,15.181268,12.414071,10.722701,12.674053,11.489249,15.704974,17.56001,16.333954,15.86173,17.630299,18.98043,17.052782,22.07213,19.451246,24.013266,23.818033,27.658043,27.120358,32.94504,31.992876,35.507668,37.91136,39.3236,34.73326,36.822975,31.783829,33.804295,34.265545,32.145145,28.76517,31.965328,27.446066,28.833607,29.24407,25.226116,25.984997,23.167994,27.89862,23.768488,20.184847,23.77114,21.666828,26.428122,24.884228,25.054144,27.405527,27.558516,28.990755,31.290241,30.213987,26.79244,23.708466,22.354816,21.227783,22.142305,19.203295,21.151869,18.605398,20.8051,19.220495,24.228014,22.545294,24.574825,26.100468,25.68513,27.380627,25.333687,24.089716,20.26442,16.283543,19.534304,15.279299,18.90018,17.510445,19.36969,17.658295,14.392553,13.45399,12.692627,13.5709715,12.924211,17.422474
15,24.919003,22.207495,19.277355,15.535829,13.870443,11.005043,9.176507,7.350996,4.48436,8.112045,7.372011,11.141795,10.019012,7.2309384,5.354197,0.0,4.924587,5.8210125,9.759692,12.597348,15.598765,18.796093,21.27965,24.86441,26.911665,26.500143,24.662165,21.546291,14.972482,14.003355,10.256195,10.367396,8.024967,7.849951,10.17078,10.661066,14.265128,14.982778,13.331856,12.15376,13.399939,13.981514,11.751852,16.766434,14.184669,18.873222,19.065205,22.99824,22.957022,28.64999,28.24374,31.772102,34.463078,35.933193,31.615248,33.425507,28.210918,29.844019,30.503832,27.899076,24.46702,27.148186,22.526016,23.637552,24.128942,19.90664,20.734339,18.143833,23.13129,19.33979,15.716958,19.3704,17.069471,22.365799,20.89445,21.759077,24.242855,24.450285,26.369524,28.586767,28.186167,24.76154,21.856716,20.20575,18.152418,19.628008,15.537672,17.589142,14.792054,16.977903,15.718983,20.436758,19.396545,21.045311,23.252398,23.110287,24.35426,22.768667,21.264729,17.404737,14.154747,16.998344,12.323227,16.664524,15.082548,17.886984,15.392958,12.581375,12.994979,10.082829,12.560826,11.844891,16.392942
16,20.422222,18.090656,14.964406,11.328852,10.423289,6.7434993,7.390197,6.3828945,7.212687,10.490347,11.8761635,15.042794,13.163917,10.852792,6.810346,4.924587,0.0,4.574987,5.971692,9.655012,12.711598,15.222656,18.392986,21.882303,24.344555,24.504707,23.404175,20.549103,14.006547,13.266257,10.811264,10.101762,11.553369,9.218538,13.470776,13.441863,17.193064,18.169512,15.4122,13.228859,16.287973,15.141025,13.733477,17.385088,15.587179,18.978662,18.823011,22.45504,21.810314,27.678802,26.647116,30.506367,32.57708,34.62963,30.424124,32.765785,27.882168,29.830837,31.149952,28.67886,24.921469,28.175135,23.901932,24.819448,26.397532,21.560595,22.819775,21.042002,26.385515,23.112638,19.390862,22.591766,19.507267,24.894535,22.11389,23.378454,25.008587,24.475351,26.018377,27.746634,27.13039,24.139847,20.335012,19.57101,18.00901,20.346071,16.663927,20.220135,17.999174,20.692938,20.019276,24.686022,24.014006,25.438675,27.911812,27.877056,28.931622,27.447462,25.689745,21.818254,18.620792,20.707853,15.853691,19.215343,16.336624,18.039026,14.872089,11.310034,12.6966095,11.853551,14.925037,15.468108,19.862846
17,20.079462,16.994787,14.854384,10.541354,8.775359,7.5941195,4.8858333,7.7679415,6.781544,11.126081,12.2528715,15.93951,15.326011,12.981029,9.92094,5.8210125,4.574987,0.0,5.702324,6.889876,10.316561,13.26647,16.103401,19.490604,21.294167,20.880953,19.467737,16.623848,9.757196,9.6102705,6.483584,7.940552,10.528952,10.474551,14.133518,15.302965,18.446991,18.451027,15.811556,13.15944,15.058909,12.822472,10.5686245,13.715306,11.382789,14.684604,14.351014,18.075258,17.66056,23.469095,22.804121,26.547592,28.97392,30.82601,26.725616,28.792555,23.770948,25.500969,26.860943,24.201115,20.436443,23.606318,19.385826,20.41938,22.301056,17.574194,19.262949,17.706326,23.161943,20.157417,16.16269,18.830622,15.3551235,20.817448,17.804857,19.48729,21.090694,20.608688,22.488003,24.22346,24.113543,21.086119,17.66252,16.522184,14.258364,16.95651,12.624,16.52186,14.533103,17.433672,17.437035,22.016142,22.06869,23.38529,26.27162,26.165222,26.651926,25.404789,23.23896,19.475391,16.877792,18.06635,13.187242,16.387463,13.237551,15.533121,11.88428,9.062123,11.496669,9.15371,13.289591,14.163467,18.170761
18,16.664839,14.307441,12.665378,7.8455853,8.416171,6.9769416,8.329995,11.139752,11.941746,15.837359,17.032179,20.619305,19.042263,16.409552,12.747173,9.759692,5.971692,5.702324,0.0,5.3280606,7.1122746,9.842663,12.5638,16.09514,18.978397,19.79235,18.920837,16.193525,10.763354,9.533451,9.561601,7.637528,13.468499,10.971436,16.072283,16.742817,19.738338,20.021257,16.276302,12.841186,16.855124,13.341426,13.022287,14.565918,14.24189,15.866726,16.012075,19.178766,18.57297,24.23856,23.251131,27.43265,29.082922,31.864906,28.244492,30.751926,26.176395,27.898653,30.075777,27.24144,23.256699,26.24035,22.379972,22.591518,25.228611,19.729506,21.311245,20.744637,26.302263,24.035557,20.622404,23.374828,19.733149,25.409416,21.776352,24.068861,24.998594,23.854958,25.486094,26.54365,26.486195,24.08215,19.828802,19.715279,17.764297,21.28616,17.130886,21.6631,19.80497,22.5489,22.51816,26.494974,26.568823,27.37997,30.465948,30.803276,31.413324,30.453613,28.489237,24.796854,22.378023,23.689194,18.83221,21.860767,18.19411,19.687265,15.551832,12.40596,15.542212,14.608066,18.73214,19.77401,23.839735
19,14.703963,11.355979,11.095101,6.0018506,5.6596627,7.977147,7.1483574,12.697636,13.274931,17.25826,19.08531,22.673822,22.012375,19.7322,16.164667,12.597348,9.655012,6.889876,5.3280606,0.0,4.4098315,6.4753213,9.960037,12.9805975,14.81745,14.966406,14.508389,12.290705,6.525369,7.4699297,8.03261,9.175664,15.760597,15.1199255,19.553867,20.911245,23.645407,23.268656,19.8022,16.15944,18.930498,14.255824,13.102786,13.011339,12.269735,12.44225,11.608327,14.411329,13.368591,19.068956,17.925707,22.110172,23.804436,26.562906,23.06605,25.58516,21.172943,22.924303,25.44363,22.738544,18.689642,22.148115,18.838554,19.326622,22.92015,17.732418,20.12209,20.07165,25.587954,23.716848,19.966957,21.617603,17.362638,22.554054,17.950558,20.653408,20.899406,19.355967,20.98273,21.722021,22.046986,19.955595,15.7923,15.87427,13.728636,17.895662,13.954157,19.351143,18.312147,21.406952,22.328169,26.306255,27.178799,28.014288,31.396048,31.485527,31.433231,30.595007,28.089602,24.59653,22.652302,22.693924,18.124168,20.090391,15.790036,16.957413,12.392718,10.193793,14.397884,13.501746,18.11664,19.949286,23.360207
20,14.901525,12.032889,13.21978,8.248487,9.407431,11.621104,11.521721,16.779093,17.03526,21.24778,22.372301,26.23038,25.392614,22.707033,19.429745,15.598765,12.711598,10.316561,7.1122746,4.4098315,0.0,4.715782,5.8206587,9.283799,11.972642,13.143744,12.479443,10.2018,7.305593,6.5682683,9.828103,9.035913,17.146597,16.110703,20.72108,22.280354,24.476576,23.796623,19.87795,15.845612,19.150461,13.437885,13.601327,11.892122,12.999454,11.721608,11.9363985,14.105003,13.672637,18.714493,18.052124,22.378092,23.750328,27.123514,24.343216,26.755466,22.659206,23.927826,26.97896,23.835932,19.838999,22.394676,19.385954,18.924799,22.90638,17.281084,19.489347,20.355715,25.738747,24.666628,21.573565,23.262135,19.170845,24.540047,20.104675,23.427507,23.515984,21.83021,23.610853,23.900433,24.740362,23.064678,19.00013,19.321466,16.879686,21.332224,17.018503,22.153503,21.010378,23.702957,24.608585,27.81374,28.902882,29.205881,32.847454,33.34141,33.22521,32.797405,30.476257,27.17017,25.704655,25.849134,21.399809,23.69226,19.585054,20.948486,16.311666,14.500547,18.788033,17.433916,22.1816,23.690935,27.09855
21,10.589496,7.7899985,10.304895,6.5607395,8.712137,11.932151,12.907465,18.27255,19.62574,23.376379,25.506153,29.02095,28.090673,25.808912,21.932755,18.796093,15.222656,13.26647,9.842663,6.4753213,4.715782,0.0,5.9207277,7.7748322,10.251128,11.933233,13.095416,12.087783,9.905277,10.844889,13.602601,13.654224,21.488596,20.13953,24.986938,26.226614,28.729918,28.303019,24.334486,20.321957,23.814043,18.138596,18.065699,16.03004,16.781067,14.645548,13.747523,14.98769,13.394007,18.122427,16.382591,20.811323,21.29298,25.156876,22.567276,25.517582,22.110165,23.787983,27.26557,24.706545,20.74368,24.098457,21.80403,21.66482,26.291843,21.016867,23.573748,24.57428,29.894411,28.826694,25.440828,26.603098,22.184107,26.957222,21.606985,24.778801,24.001434,21.67637,22.839083,22.539036,23.109215,22.091112,17.552134,18.82891,17.254448,21.942905,18.725855,24.542578,23.985947,27.033566,28.285484,31.820374,33.029236,33.52906,37.13585,37.416714,37.157104,36.568596,33.981678,30.651266,28.974018,28.611902,24.24613,25.615128,20.91881,21.183338,16.617386,14.920301,19.384571,19.491186,24.03947,26.240845,29.42537
22,15.34761,13.171021,16.16079,12.191159,14.042281,16.830122,17.057375,22.510862,22.805601,27.041342,28.022188,31.968912,31.141531,28.331182,25.143158,21.27965,18.392986,16.103401,12.5638,9.960037,5.8206587,5.9207277,0.0,3.8526967,7.7583942,10.619809,10.578128,9.390564,10.792829,9.985321,14.54705,13.322282,21.844288,20.771921,25.290434,27.008493,28.713734,27.713942,23.58115,19.41301,22.782324,16.32045,17.414484,13.807739,16.372313,13.065825,13.714384,14.407844,14.253709,17.882965,17.510887,21.762722,22.412556,26.550709,24.824644,27.174196,23.855263,24.656311,28.41595,25.131834,21.388985,23.195175,21.110815,19.807173,24.507244,18.991795,21.187296,23.160555,28.108809,28.002712,25.480637,26.69726,22.685759,27.68319,23.054663,26.894482,26.399433,24.350197,26.040989,25.609842,26.984211,26.029926,22.126955,22.929203,20.521948,25.26079,21.151169,26.266739,25.43646,27.87934,29.074621,31.577236,33.079884,32.930676,36.80981,37.561176,37.175694,37.13246,34.81148,31.779411,30.803078,30.601982,26.430092,28.449535,24.285215,25.410736,20.77627,19.517479,24.02211,22.747906,27.565804,29.156567,32.324886
23,15.282786,13.440725,17.423153,14.316816,16.234161,19.59099,19.848566,25.566717,26.082556,30.209528,31.493954,35.372074,34.66576,31.976862,28.654474,24.86441,21.882303,19.490604,16.09514,12.9805975,9.283799,7.7748322,3.8526967,0.0,4.909383,8.940786,10.186225,10.362046,13.20873,13.204714,17.697443,17.065628,25.520506,24.622324,29.095818,30.85799,32.52962,31.435717,27.333103,23.16993,26.340775,19.7299,20.721067,16.515368,19.087955,14.879697,15.082524,14.747908,14.294415,16.878403,16.320566,20.38809,20.380234,24.960728,23.897543,26.29796,23.668564,24.350607,28.521238,25.463352,21.948559,23.736338,22.422338,21.040508,26.246878,21.139765,23.53908,25.887115,30.586239,30.819021,28.33259,29.041067,24.937693,29.435602,24.420755,28.37818,27.318333,24.942413,26.38677,25.435024,27.028744,26.635431,22.869358,24.073257,21.933886,26.777697,23.167093,28.457783,28.034067,30.524933,32.04832,34.436646,36.21954,36.02183,39.979187,40.680466,40.052433,40.09139,37.608204,34.707348,33.890793,33.2454,29.271925,30.774622,26.432825,27.146713,22.617008,21.76039,26.37725,25.475126,30.260843,32.148235,35.06114
24,16.969364,14.56323,19.009802,16.370714,17.455406,21.68471,20.93339,27.200165,27.453222,31.471067,32.96693,36.760845,36.611504,34.13902,30.93338,26.911665,24.344555,21.294167,18.978397,14.81745,11.972642,10.251128,7.7583942,4.909383,0.0,4.5971813,7.3720484,9.266224,13.306997,14.590961,18.608913,19.511435,27.479132,27.568352,31.625061,33.716774,35.367245,33.959984,30.220186,26.15095,28.374205,21.717627,21.961712,17.222443,19.211733,14.092473,13.492667,11.941141,11.30796,12.623055,12.261565,16.0071,15.954915,20.550468,20.064735,22.20164,20.115393,20.52046,24.981907,22.158203,18.992277,20.802948,20.413006,19.261292,25.011982,20.717144,23.573895,26.112488,30.463352,30.946312,28.368856,28.201208,24.026482,27.690054,22.356617,26.425114,24.816946,22.27522,23.651136,22.3059,24.415747,24.461437,21.378803,22.579927,20.461643,25.234842,22.15399,27.391573,27.584436,30.086458,32.17018,34.450268,36.713444,36.584614,40.603294,41.073437,39.98848,40.100143,37.320576,34.690514,34.235214,32.80511,29.295845,30.048704,25.742657,26.265856,22.021057,22.04413,26.690687,25.7062,30.396357,32.57307,34.935024
25,18.795288,15.648244,19.731922,17.125778,17.202278,21.911293,20.016335,26.582424,26.411934,30.282015,31.844215,35.51471,35.921574,33.674614,30.714695,26.500143,24.504707,20.880953,19.79235,14.966406,13.143744,11.933233,10.619809,8.940786,4.5971813,0.0,4.927902,7.913461,11.868034,14.300242,17.46577,19.8421,27.008303,28.073097,31.634943,33.998695,35.671967,34.040134,30.749548,26.872278,28.139933,21.746761,21.10337,16.406551,17.441578,12.057467,10.511724,8.089798,7.319281,8.050553,8.213285,11.860288,12.735581,16.725763,16.15228,17.913185,15.73373,15.944954,20.44467,17.719288,14.72542,16.80926,16.94217,16.328316,22.325888,18.800617,22.06132,24.415007,28.52317,28.952429,26.189766,25.314081,21.1109,24.068495,18.566454,22.655964,20.80153,18.313065,19.839647,18.499842,21.070356,21.132206,18.823711,19.64803,17.351952,21.919613,19.177801,24.213161,24.892159,27.394562,29.907593,32.206127,34.791485,34.834763,38.81378,39.008183,37.582005,37.67251,34.65467,32.247437,32.06745,30.014305,26.948832,27.118565,23.007431,23.588621,19.673527,20.489773,24.998007,23.698887,28.217335,30.529566,32.39221
26,21.896685,18.507343,21.840696,18.244911,17.97109,22.180025,19.52902,26.000477,24.893627,29.050957,29.700342,33.610615,34.22579,31.702225,29.370224,24.662165,23.404175,19.467737,18.920837,14.508389,12.479443,13.095416,10.578128,10.186225,7.3720484,4.927902,0.0,3.7294526,9.90204,11.439735,14.867945,17.141205,23.860613,25.577675,28.576073,31.30266,32.525875,30.509209,27.48528,23.793327,24.363098,17.990377,17.458965,12.195238,13.792555,7.9089975,7.801662,5.7724323,7.6523747,8.823794,11.018348,14.21668,16.360641,19.408648,18.53599,19.518255,16.416048,15.9224825,19.89226,16.217972,13.2100725,13.7960205,13.360505,11.959063,17.844084,14.1805315,17.326696,20.003538,23.89625,24.711859,22.437666,21.69191,17.875975,21.239714,16.773132,21.23211,20.299543,18.58038,20.860765,20.242054,23.057707,22.385103,20.499535,20.404638,17.195454,21.520926,17.676342,21.869154,22.135916,24.146603,26.525478,28.205566,30.921358,30.65519,34.72386,35.138084,33.671368,34.057465,31.264322,29.049623,29.329853,27.54072,24.616879,25.521431,22.064148,23.700758,19.7426,20.571136,24.939274,22.336823,26.969564,28.650793,30.544512
27,21.946377,18.486729,21.126242,16.89351,16.554556,20.186245,17.410616,23.621761,22.149446,26.49069,26.67224,30.727234,31.224442,28.513727,26.420433,21.546291,20.549103,16.623848,16.193525,12.290705,10.2018,12.087783,9.390564,10.362046,9.266224,7.913461,3.7294526,0.0,7.4204965,7.9442306,11.722929,13.577491,20.277645,22.02377,24.921667,27.698515,28.82454,26.791672,23.766768,20.110508,20.670792,14.26885,13.880686,8.600873,10.656776,5.039622,6.464606,6.541078,8.892133,11.623735,13.6027565,17.025692,19.47886,22.265835,20.724554,21.7559,17.925364,17.617682,21.025362,17.016624,13.687679,14.07124,12.333878,10.689087,16.016802,11.457882,14.442911,16.950893,21.214933,21.80536,19.588926,19.509596,15.777308,20.009624,16.124374,20.554157,20.39465,19.083855,21.644373,21.597765,24.089268,22.81838,20.676363,20.185543,16.607975,20.868069,16.221292,20.176916,19.860834,21.753344,23.75373,25.42884,27.895279,27.570744,31.647808,32.208588,31.006815,31.384104,28.80183,26.433558,26.627577,25.388615,22.196512,23.847378,20.61359,22.813635,18.679752,19.06838,23.341194,20.170736,24.920471,26.200596,28.42117
28,19.278217,15.3915825,16.33565,11.848648,10.396308,13.675236,10.089291,16.321478,15.012859,19.227564,20.076817,23.921268,24.388056,22.025738,19.599901,14.972482,14.006547,9.757196,10.763354,6.525369,7.305593,9.905277,10.792829,13.20873,13.306997,11.868034,9.90204,7.4204965,0.0,4.8571615,5.6968136,9.772856,15.63283,17.354939,20.477118,22.855114,24.822811,23.436071,20.605461,17.140062,17.881775,12.614269,10.550878,8.730607,7.438645,6.2880225,5.258457,8.583682,8.871739,14.270852,14.564463,18.3262,21.044415,23.189844,20.044907,21.675964,16.907578,17.858492,20.333986,16.984867,13.011435,15.721548,12.466118,12.91744,16.96963,12.223563,15.243398,15.721322,20.898626,19.700378,16.15392,16.775347,12.367321,17.359144,12.938104,16.535997,16.95297,15.830004,18.273329,19.11664,20.569931,18.414858,15.69914,14.797337,11.259901,15.503259,10.57689,15.48007,14.871682,17.625656,19.353779,22.580254,24.365883,24.904945,28.619123,28.690313,27.9314,27.548512,24.782858,21.790644,20.981457,20.037237,16.176464,17.9106,14.217259,16.481232,12.128892,11.956104,16.11235,13.120479,17.97124,19.530256,22.130745
29,21.083958,17.723724,18.447905,13.349856,12.81225,14.6926565,12.051398,17.248892,15.431576,20.01668,19.676418,23.89415,23.884727,20.919012,18.963732,14.003355,13.266257,9.6102705,9.533451,7.4699297,6.5682683,10.844889,9.985321,13.204714,14.590961,14.300242,11.439735,7.9442306,4.8571615,0.0,5.280536,5.807469,12.932786,14.15796,17.369165,19.899286,21.38631,19.829506,16.617025,12.928615,14.222838,8.253635,7.6647353,5.607025,6.8261304,6.7482567,8.6548395,11.799102,13.081512,17.859304,18.709633,22.50678,25.08062,27.543295,24.715631,26.193285,21.444489,21.9793,24.353575,20.531853,16.788944,18.04522,14.289573,13.5241785,16.686745,10.922426,13.0343895,13.826206,19.175827,18.305052,15.588252,17.387892,13.773152,19.55739,16.517174,20.106764,21.20407,20.452856,23.036333,23.956549,25.39655,23.122011,20.260767,19.297796,15.715147,19.57461,14.045598,17.817034,16.225843,18.279493,19.18055,21.695074,23.122355,23.143269,26.969498,27.59559,27.249744,27.172474,24.98561,21.98135,21.314104,21.48832,17.424662,20.504663,17.500135,20.33455,16.047995,15.090616,18.899313,15.240545,20.04711,20.69082,23.817411
30,22.6195,18.982306,18.494892,13.731776,11.8945,13.11923,8.890299,13.546366,10.81235,15.312889,14.96299,19.070337,19.596973,16.974493,15.3739195,10.256195,10.811264,6.483584,9.561601,8.03261,9.828103,13.602601,14.54705,17.697443,18.608913,17.46577,14.867945,11.722929,5.6968136,5.280536,0.0,6.555808,10.102844,12.7122345,15.123904,17.66314,19.605083,18.255844,15.9160795,13.021062,13.01556,9.26499,6.017221,7.9147434,4.9956317,8.647212,9.174314,13.130641,13.986793,19.238478,19.818615,23.27839,26.356977,27.971684,24.399519,25.732723,20.51424,21.402964,22.844282,19.41295,15.768796,17.780722,13.384701,14.0083685,16.048918,11.210864,13.314046,12.369432,17.870983,15.709268,11.993362,14.050212,10.359711,16.30824,13.76804,16.54487,18.393612,18.253185,20.902946,22.553333,23.557121,20.639553,18.230871,16.492027,12.8489,15.882001,10.122511,13.461993,11.545712,13.987265,14.799668,18.333553,19.476963,20.199284,23.714209,23.84355,23.588274,23.028795,20.649641,17.372356,16.281458,16.509838,12.234433,15.596798,13.014873,16.457993,12.654749,11.774598,14.8365135,10.257008,14.94573,15.42196,18.570034
31,22.971354,20.149654,19.612225,14.427964,14.179445,13.896865,12.25397,15.390336,13.270316,17.824408,16.502941,20.822647,20.099386,16.687645,15.181268,10.367396,10.101762,7.940552,7.637528,9.175664,9.035913,13.654224,13.322282,17.065628,19.511435,19.8421,17.141205,13.577491,9.772856,5.807469,6.555808,0.0,8.611241,8.472429,12.130018,14.373317,15.937268,14.849913,11.241506,7.482482,10.208888,5.7067246,6.3773017,8.365007,9.289367,11.912732,13.990094,17.458107,18.557402,23.584152,24.174696,28.028397,30.536755,32.948017,29.749193,31.351736,26.378605,27.127012,28.996399,25.272451,21.620718,22.75693,18.422295,17.723007,19.316874,13.554002,14.342264,14.008734,19.421139,17.794668,15.424537,18.729567,15.954023,22.167719,20.195171,23.068085,24.903374,24.538141,27.031313,28.368233,29.250463,26.552393,23.41457,22.278313,19.01054,22.23086,16.632353,19.534824,16.972939,18.64575,18.31015,20.926706,21.301153,21.341656,24.816612,25.723988,26.20459,25.937622,24.39556,21.119406,19.882488,21.55325,17.13835,21.41423,19.028658,22.15511,18.175795,16.214884,19.17518,15.379155,19.706026,19.466633,23.290926
32,29.856869,26.904951,25.177725,20.522646,19.199339,17.612368,14.896186,15.195438,10.970866,14.566426,10.52083,14.793077,14.704642,11.138107,12.414071,8.024967,11.553369,10.528952,13.468499,15.760597,17.146597,21.488596,21.844288,25.520506,27.479132,27.008303,23.860613,20.277645,15.63283,12.932786,10.102844,8.611241,0.0,6.408899,5.3695054,8.668184,9.868189,8.584705,7.667155,7.4182124,5.533788,8.492428,6.9317527,12.926752,11.474283,16.841322,18.723867,22.622015,24.00618,28.973515,29.89524,33.22599,36.448257,37.86633,34.137276,35.207817,29.80029,30.45464,31.011782,27.499231,24.446508,25.133593,20.208258,20.269054,19.34558,15.223943,14.767676,11.971234,16.528795,13.251352,11.305638,16.054659,15.126312,20.904127,21.281553,22.904503,26.088156,26.852123,29.528193,31.735981,32.309616,28.8856,26.705791,24.543333,21.309067,22.847782,17.40655,17.686665,14.0648985,14.567496,12.528143,15.183612,14.185091,14.707673,17.455235,18.298847,19.620897,19.022844,18.314924,15.053224,13.665305,17.12325,13.316459,18.971891,18.660511,22.755358,20.084631,18.349072,19.434303,14.262246,17.011806,14.884604,18.740757
33,27.473442,25.273893,23.146025,18.691357,18.39645,15.6078,15.202522,14.521084,12.266121,15.618682,12.811717,16.614882,14.676297,10.818789,10.722701,7.849951,9.218538,10.474551,10.971436,15.1199255,16.110703,20.13953,20.771921,24.622324,27.568352,28.073097,25.577675,22.02377,17.354939,14.15796,12.7122345,8.472429,6.408899,0.0,5.624113,6.2432933,8.771948,9.567914,6.319291,5.30075,9.112421,10.5457115,11.131068,15.806267,15.613072,19.83935,21.619457,25.387394,26.197794,31.529257,31.78247,35.589664,38.135933,40.264675,36.535225,38.233406,33.036137,34.095802,35.253452,31.858452,28.386887,29.684296,24.935333,24.692934,24.729984,19.76628,19.466131,17.59783,22.299114,19.503416,17.593714,22.129534,20.49744,26.474464,25.677946,27.445265,30.0304,30.156395,32.437565,34.304962,34.461315,31.29108,28.124893,26.73833,24.074453,26.223816,21.16865,22.81769,19.492208,20.616848,18.691042,21.538054,20.198238,20.616915,23.030397,24.040743,25.756863,24.995653,24.414185,20.986113,18.81688,22.418324,18.106712,23.28705,21.962826,25.135984,22.032932,19.27545,20.569561,17.168371,20.024696,18.543814,22.940178
34,32.7038,30.226019,28.039526,23.607265,22.74176,20.134987,18.629593,17.37872,13.8064,16.455544,11.716255,15.230534,14.070152,10.289844,12.674053,10.17078,13.470776,14.133518,16.072283,19.553867,20.72108,24.986938,25.290434,29.095818,31.625061,31.634943,28.576073,24.921667,20.477118,17.369165,15.123904,12.130018,5.3695054,5.624113,0.0,3.9023893,4.6263113,4.9360623,5.024268,7.371189,6.9354134,11.870088,11.875831,17.454182,16.736372,21.850174,23.916046,27.781263,29.085197,34.138966,34.918034,38.38792,41.433178,43.03497,39.243576,40.460693,35.064217,35.804947,36.32416,32.85386,29.811846,30.39578,25.469097,25.29881,23.954668,19.949043,18.872486,16.131762,19.882523,16.693758,15.698992,20.706648,20.301004,25.857164,26.54317,27.894037,31.177881,31.951738,34.488075,36.733715,37.0365,33.564747,31.126741,29.125208,26.208305,27.574337,22.444548,22.487646,18.750822,18.87016,16.069906,18.11523,16.013813,16.335234,18.21099,19.451128,21.663214,21.006502,21.17608,18.150236,16.452637,20.894352,17.393822,23.14955,23.118626,26.954332,24.484072,22.256443,22.835352,18.392042,20.410006,17.779613,21.790245
35,32.983646,30.874914,28.186058,24.14873,23.51885,20.141577,19.586433,17.167826,14.452588,16.381298,12.0686655,14.870815,12.657237,9.02584,11.489249,10.661066,13.441863,15.302965,16.742817,20.911245,22.280354,26.226614,27.008493,30.85799,33.716774,33.998695,31.30266,27.698515,22.855114,19.899286,17.66314,14.373317,8.668184,6.2432933,3.9023893,0.0,4.329983,7.2314143,7.1043134,9.461953,10.707379,15.091272,15.263206,20.720448,19.965033,24.944752,26.724716,30.623943,31.55619,36.8586,37.234406,40.844013,43.654446,45.389126,41.42232,42.913326,37.561844,38.591827,39.147133,35.894665,32.7238,33.77535,28.856915,28.848146,27.744017,23.621313,22.695139,19.987534,23.742155,20.393026,19.153355,24.09245,23.491554,28.967613,29.309185,30.395786,33.556213,34.18577,36.47255,38.722218,38.65309,35.181175,32.432644,30.662926,28.169504,29.46605,24.754374,25.12384,21.4812,21.881952,18.984835,21.451332,18.963476,19.580042,20.943851,22.003159,24.545033,23.558752,23.846455,20.718191,18.393621,23.110367,19.50665,25.027811,24.83063,28.222252,25.89374,23.22501,23.414747,19.88184,21.471298,18.928755,23.139748
