,0,1,2,3,4,5,6,7,8,9,10,11,12,13,14,15,16,17,18,19,20,21,22,23,24,25,26,27,28,29,30,31,32,33,34,35,36,37,38,39,40,41,42,43,44,45,46,47,48,49,50,51,52,53,54,55,56,57,58,59,60,61,62,63,64,65,66,67,68,69,70,71,72,73,74,75,76,77,78,79,80,81,82,83,84,85,86,87,88,89,90,91,92,93,94,95,96,97,98,99,100,101,102,103,104,105,106,107,108
0,0.0,4.6361446,6.4839644,8.640057,11.976886,13.11725,17.202173,20.925207,22.547684,28.04955,29.567501,33.245823,31.009592,28.749329,24.964994,22.715883,18.461164,18.222626,13.864226,13.163358,10.20089,11.696647,12.505375,12.303903,13.949984,16.496416,18.171463,16.144226,16.01059,14.6204605,17.325294,14.480404,21.00288,17.564503,21.978386,23.461224,23.390793,23.66434,18.945957,15.488226,21.366306,18.532581,20.933334,21.332819,21.366236,20.221643,22.147163,19.481192,24.069876,23.28208,26.329489,22.455673,25.657627,30.15349,30.689722,31.386154,28.37743,31.110432,35.14235,33.14303,29.999224,33.074688,30.601881,33.8346,35.029003,38.616947,39.162918,37.026478,33.014565,30.256208,27.828438,24.794092,21.220236,20.030493,16.303616,14.827447,11.455125,13.549408,14.123759,9.228309,11.515985,15.45071,15.772617,13.468389,16.446913,19.50396,17.639904,16.218794,20.291288,22.03473,21.11041,22.130924,25.94823,25.606485,23.242937,25.675863,29.11734,27.216719,25.652449,27.922098,31.399939,34.836487,33.636505,31.070293,33.05625,26.6207,27.487572,23.89944,24.120123
1,4.6361446,0.0,5.282069,6.223467,8.859483,11.610771,14.387756,19.244135,20.429724,26.431332,27.989193,31.85762,29.981174,27.988443,24.13577,21.582172,17.56904,16.453264,12.308592,10.262091,8.428422,8.03536,10.544206,9.480408,12.568202,14.988073,15.256923,13.447237,12.823647,12.865693,14.823763,13.653481,20.470205,17.762371,22.210869,24.053257,24.724241,24.573103,19.99111,16.243795,21.281797,17.822947,19.529985,18.906775,19.456873,17.346455,19.49689,15.997771,20.605354,19.704323,22.376398,18.144503,21.544552,25.957565,26.223568,26.959227,23.883562,26.773956,30.705347,28.956985,25.953058,29.01045,26.618246,30.056816,31.036823,34.96781,35.80303,34.089928,30.315607,27.258251,25.198536,22.098495,18.090778,17.792288,13.586337,13.33166,9.193517,10.125754,11.452152,6.5247946,6.9687986,10.963318,11.149975,8.998358,12.290641,14.981291,13.355754,12.428279,16.348082,17.97099,17.573643,18.862684,22.626057,22.42809,20.626316,23.11828,26.301844,24.987123,24.038382,25.96326,29.094864,32.09682,30.833607,28.479256,30.12729,23.888279,24.977043,21.175095,22.132933
2,6.4839644,5.282069,0.0,5.1573386,7.286561,8.016267,12.12318,15.576751,17.736696,22.811363,25.404936,28.973444,26.379522,24.718273,20.329758,18.616056,14.42822,14.391941,10.71223,10.30503,9.7340355,11.551905,14.623755,14.325318,17.462698,19.256346,19.449163,16.803272,14.990684,14.9958,14.759277,13.533143,18.785534,14.891348,19.786436,20.868597,22.010359,22.512568,17.973633,14.838075,20.609291,18.323538,19.315369,19.81616,21.487331,19.620064,22.736103,19.32016,24.040709,23.719183,25.592932,20.936941,25.163582,29.187357,28.580086,28.974709,25.176981,27.853172,31.520405,29.054302,25.83431,28.085838,25.223583,28.219837,29.322966,32.74791,32.961346,30.756802,26.613234,23.848629,21.451065,18.329216,14.938532,13.550982,9.889247,8.490434,5.076609,7.90213,9.177319,6.209376,9.013366,11.969199,13.428161,10.575407,11.622847,15.453642,15.098372,12.724884,16.03137,18.597267,18.049482,18.04238,22.129398,22.786282,20.311022,22.151854,25.897438,25.052015,22.807842,24.341856,28.135162,31.55126,29.585882,26.972448,28.096218,21.83657,22.024628,18.174967,18.26048
3,8.640057,6.223467,5.1573386,0.0,3.5994182,5.8775015,8.649021,13.305526,14.288352,20.389103,21.779795,25.636026,23.86807,21.883259,18.161306,15.410453,11.524151,10.283908,6.309386,5.232084,5.2143946,8.182416,11.353531,12.147423,15.263851,15.979155,15.989297,12.604691,10.255854,10.351224,9.67069,9.037247,14.860711,12.377102,16.79202,18.744652,20.10596,19.757086,15.459601,11.901287,16.535822,13.733672,14.454924,14.659389,16.560741,14.754399,18.273617,15.280157,20.017372,20.49418,21.938831,17.686369,22.712759,26.202364,25.559822,25.568562,21.908014,24.119226,28.110132,25.35085,21.999296,25.003355,22.65239,25.700716,27.614126,30.55848,31.439163,29.271887,25.742746,23.283102,20.56827,18.284386,14.163722,14.0541725,10.412115,10.453794,7.348126,8.984373,12.154112,9.576965,8.737796,11.500689,11.643725,7.7902756,9.397199,13.318185,11.393598,8.404699,12.255427,14.503068,13.331845,13.647934,17.607668,17.865868,15.3640585,17.48423,21.074596,19.994417,18.248196,19.982029,23.45135,26.78643,25.211338,22.672504,24.437193,18.040289,19.135183,15.624519,16.52563
4,11.976886,8.859483,7.286561,3.5994182,0.0,5.0880494,5.5379853,11.16331,11.866209,18.120577,19.86025,23.741798,22.133232,20.567768,16.742592,14.034979,10.673931,8.804693,6.1072955,4.3271246,7.194695,8.94489,13.090301,13.602497,17.259102,17.584461,16.549726,13.189592,9.88261,11.399361,8.4794655,10.057921,14.728471,12.826471,17.023655,18.949034,21.049826,20.562239,16.69623,13.477505,17.156334,14.509116,14.09649,13.798284,16.720776,14.275387,18.322397,14.911056,19.433685,20.187084,20.796179,16.244125,21.797935,24.833424,23.522928,23.314138,19.266079,21.381971,25.165865,22.196108,18.830683,21.512049,19.075333,22.108717,24.066967,26.977114,27.948874,25.942574,22.59163,20.072409,17.49109,15.386412,10.99033,11.706665,8.140093,9.474675,6.859788,7.455902,11.504748,10.422098,8.539984,10.047496,10.450602,6.4694595,6.3325553,10.640203,9.56681,5.9165416,9.064174,11.798047,11.027277,10.780126,14.8569565,15.746476,13.520269,15.298165,18.856672,18.637207,16.954788,18.08937,21.449026,24.522623,22.579866,20.143724,21.372644,15.1476555,16.160414,12.448973,13.927019
5,13.11725,11.610771,8.016267,5.8775015,5.0880494,0.0,5.8536325,7.8212395,9.950011,15.008978,17.456274,20.969414,18.518696,16.912355,12.634962,10.727178,6.772441,7.114303,5.175033,7.4603887,9.353916,13.373662,16.544788,17.810074,20.847174,20.94512,20.82916,16.918783,13.6307,13.740445,10.021939,9.886701,12.330683,8.831939,13.474297,14.612539,16.96916,17.142843,13.37102,11.011006,15.550389,14.547457,13.915636,15.605648,18.852398,17.515762,21.865065,19.273048,23.76765,24.941925,25.431488,21.098124,26.839094,29.690569,28.133999,27.642448,23.37225,25.033009,28.645782,24.94989,21.405985,23.497421,20.833138,23.144524,25.615582,27.509314,27.84519,24.991024,21.326664,19.595049,16.16354,14.58795,11.274411,10.295089,8.32463,7.738953,7.444362,9.941252,13.263328,12.905215,13.031891,14.529225,15.469535,11.55514,10.384596,15.0084915,14.318792,10.019621,12.3358,15.461205,13.981743,12.356939,16.406412,17.75675,14.448758,15.4580965,19.659502,19.266407,15.833479,16.912636,21.159344,24.96285,22.561342,19.723976,20.956131,14.602879,14.648977,11.386448,11.186587
6,17.202173,14.387756,12.12318,8.649021,5.5379853,5.8536325,0.0,6.8671765,6.6862545,13.107273,14.971522,18.786156,17.463785,16.345207,12.76834,10.07354,8.071534,5.669236,6.4269524,6.5845504,10.782524,13.08274,16.964912,18.071554,21.566595,20.993076,19.56109,15.807517,11.680676,13.568628,7.556436,11.005206,12.673703,11.825783,15.157149,16.95672,20.019562,19.322483,16.41178,14.110191,16.231775,14.672856,12.558142,12.786285,17.14889,14.945369,19.722986,16.891483,20.841055,22.532707,21.901089,17.675592,23.982656,25.999077,23.768549,22.87939,18.417519,19.66933,23.13283,19.173721,15.61237,17.798544,15.441641,17.872301,20.81086,22.572617,23.63483,21.296516,18.435604,16.650618,13.5468645,12.798454,8.7118845,10.316491,8.635168,10.684597,10.207235,10.491004,14.7576475,15.253922,13.150745,13.283719,13.675568,10.069745,7.4563346,11.492329,11.066144,6.521075,7.1316733,10.481868,9.320336,6.908447,10.990451,13.0279045,10.447454,11.136789,14.989571,15.818361,13.379412,13.600839,17.163343,20.3047,17.716858,15.185837,16.008629,9.779279,10.667057,7.2257943,9.32742
7,20.925207,19.244135,15.576751,13.305526,11.16331,7.8212395,6.8671765,0.0,4.5359473,7.2498536,11.259056,14.222046,11.447241,10.931238,6.382221,5.9975767,5.4720845,6.85464,9.595645,12.425225,15.610253,19.414394,22.675627,24.294544,27.380508,26.63755,25.942717,21.78681,17.794231,18.479233,12.23922,13.902345,11.734816,9.811972,12.453753,12.762373,16.736835,16.86189,14.936532,14.353593,16.447496,17.168758,14.542483,16.956675,21.555885,20.493563,25.432827,23.350527,27.182333,29.234377,28.398418,24.392563,30.787403,32.544342,29.935524,28.730787,24.105362,24.751366,27.698832,22.945234,19.459286,20.365347,17.827677,18.852833,22.431467,22.427595,22.469065,18.849573,15.787759,15.582565,11.248712,12.051474,10.366466,9.9208555,11.052708,11.398891,13.341641,14.857694,18.282522,19.643003,19.164051,19.324133,20.330996,16.74223,13.658043,17.7125,17.889433,13.306542,13.192448,16.47177,14.887146,11.173101,14.26381,16.955284,13.461558,12.566207,16.858599,17.88357,13.083218,12.524162,17.186678,21.084612,17.626814,14.684093,14.924339,9.385013,7.79241,6.0193524,4.264682
8,22.547684,20.429724,17.736696,14.288352,11.866209,9.950011,6.6862545,4.5359473,0.0,7.3161993,8.407379,12.109805,11.216463,10.293807,7.8567963,5.0975895,6.5213265,5.328556,9.454276,11.683328,15.290359,18.760397,21.73264,23.721357,26.615831,25.212917,24.227028,20.01047,15.897576,16.894327,9.905685,12.906018,10.167783,10.857951,12.232697,13.692667,17.581913,16.663654,15.318072,14.550077,14.715271,15.170726,11.667683,13.663198,18.680399,17.725588,22.74956,21.199091,24.567131,27.19548,25.845991,22.444233,29.090406,30.25041,27.598698,26.041243,21.704336,21.737854,24.82646,19.792927,16.260178,17.927544,16.169863,17.199116,21.612919,21.14675,22.151417,18.931742,16.966805,16.928299,12.9502125,14.445485,12.064218,13.216285,13.644795,14.930337,15.916565,16.726604,20.714241,21.618217,19.821259,19.794706,19.98264,16.455923,13.709334,17.102882,16.368813,11.952974,11.291683,13.932684,11.854181,7.8142633,10.24337,12.922369,9.467492,8.105945,12.353825,13.695716,9.326579,8.369079,12.766578,16.589075,13.352775,10.3774605,11.549044,5.4147873,6.0208898,5.6438885,6.741579
9,28.04955,26.431332,22.811363,20.389103,18.120577,15.008978,13.107273,7.2498536,7.3161993,0.0,7.3943233,8.55134,5.524982,7.3151526,5.374577,7.5602255,10.563291,11.91601,15.822723,18.706684,22.011,25.83067,28.831854,30.789598,33.697678,32.371696,31.541012,27.294659,23.210402,23.90942,17.122345,19.18486,14.308667,14.132085,14.395256,13.922427,18.46488,18.461592,18.363716,19.05461,19.161293,21.173042,17.611162,20.453983,25.441458,24.886889,29.898228,28.473335,31.69465,34.374363,32.719482,29.26463,35.881207,36.79086,33.610073,31.86583,27.343327,27.015272,29.290161,23.866657,20.774994,20.6593,18.757206,18.21475,22.796389,20.47476,20.263168,15.879646,14.273675,16.153715,11.782202,14.947504,14.952166,14.942405,17.333288,17.86365,20.354954,21.536247,24.849972,26.741783,25.974604,25.63321,26.485422,23.136492,19.640741,22.993858,23.327057,18.99982,17.731636,20.48344,18.818077,14.467124,15.862783,19.053875,15.87047,13.437489,16.928373,18.899984,13.49686,11.324297,15.616364,19.312109,15.141676,12.474574,11.707842,9.056494,5.8535223,8.371669,6.085935
10,29.567501,27.989193,25.404936,21.779795,19.86025,17.456274,14.971522,11.259056,8.407379,7.3943233,0.0,4.2097707,6.798049,5.810351,8.679154,7.299982,11.6075535,11.580278,15.933728,18.767103,21.628183,25.727608,27.674713,30.465229,32.61875,30.375486,29.935839,25.504911,21.812634,21.904646,15.5211,17.52562,11.204444,14.183961,12.300403,13.348189,17.257982,15.764495,16.87873,17.80864,15.207345,17.757448,13.659412,16.943542,21.63195,22.14418,26.875212,26.802883,29.438845,32.918686,31.06348,28.728622,35.45606,35.794697,33.07501,30.949318,27.181387,26.028769,28.737093,23.138594,20.086588,21.568247,20.934736,20.598906,26.113901,23.358332,24.522608,20.803312,20.40776,22.05786,18.047674,21.022905,19.743391,20.624382,21.82163,22.62716,24.0475,25.11838,29.027554,29.81363,27.942142,27.993187,27.760096,24.253004,21.86862,24.786697,23.366386,19.298582,18.365995,20.025457,17.360722,13.661355,13.71355,15.754076,12.448743,9.573407,12.32507,13.477682,7.958571,5.4087534,9.469299,13.808462,10.789542,8.015197,10.623025,8.452274,9.164389,12.300202,12.184455
11,33.245823,31.85762,28.973444,25.636026,23.741798,20.969414,18.786156,14.222046,12.109805,8.55134,4.2097707,0.0,5.568296,6.121886,10.269788,10.566481,14.916446,15.55603,19.840872,22.879097,25.65834,29.89875,31.81437,34.643177,36.75434,34.47616,34.12268,29.682522,26.019835,25.993496,19.719048,21.40344,14.529359,17.109327,14.682752,14.833654,18.707823,17.575138,19.444004,21.009016,18.30494,21.467243,17.508293,20.978209,25.52919,26.244661,30.904793,30.967245,33.483963,37.04058,35.025574,32.757103,39.484238,39.644363,36.72492,34.48177,30.719067,29.339327,31.672922,25.956232,23.176325,23.977667,23.443361,22.435717,28.034061,24.337502,25.105888,21.075665,21.19064,23.61749,19.675007,23.17772,22.64039,23.205732,24.979198,25.554628,27.436258,28.62968,32.354378,33.44793,31.877934,31.823898,31.778765,28.306086,25.663261,28.569714,27.469898,23.406717,22.259539,23.94918,21.440193,17.645746,17.393684,19.54443,16.508408,13.479521,15.596085,16.931173,11.643096,9.092065,12.019572,15.78031,12.694222,10.592189,12.153436,11.836712,11.500871,15.206365,14.381834
12,31.009592,29.981174,26.379522,23.86807,22.133232,18.518696,17.463785,11.447241,11.216463,5.524982,6.798049,5.568296,0.0,3.9882865,6.21691,8.980969,12.707928,14.731507,18.624372,22.17784,24.827501,29.423367,31.698742,34.235462,36.60055,34.91929,34.76019,30.234737,26.444536,26.272932,20.023268,20.998545,14.461725,14.885731,13.441963,12.258156,16.588684,16.645185,17.90542,19.69538,18.887224,22.165567,18.747116,22.636248,27.214607,27.62125,32.488155,31.882374,35.007904,38.055195,36.51048,33.50048,40.196545,40.99749,38.05606,36.145153,31.90241,31.204163,33.593075,27.991056,24.961365,25.216707,23.77391,22.9201,27.847761,24.725075,24.48606,19.875347,18.846415,21.31012,16.992273,20.214716,20.331291,19.848507,22.17629,22.0635,24.605581,26.270924,29.526321,30.969519,30.400543,30.479582,31.072432,27.465502,24.499916,27.979603,27.567936,23.124187,22.31357,24.744265,22.482533,18.400103,19.31144,21.872591,18.322779,15.737988,18.896101,20.03985,13.955673,12.075914,16.219763,20.292215,16.706402,14.15423,14.583644,12.874693,10.824637,13.735826,11.307044
13,28.749329,27.988443,24.718273,21.883259,20.567768,16.912355,16.345207,10.931238,10.293807,7.3151526,5.810351,6.121886,3.9882865,0.0,5.438335,6.606065,10.432847,12.525875,16.224215,20.092192,22.23484,27.272802,29.011387,31.908234,33.882076,32.034603,32.357075,27.683584,24.168926,23.391905,17.692257,17.913345,10.867535,11.859471,9.674567,8.972569,13.157392,12.790064,14.29195,16.272764,15.084608,18.73487,15.5963335,20.079226,24.264408,25.192106,29.916817,29.75022,32.95553,36.101055,34.909615,32.133602,38.80552,39.78464,37.299694,35.453552,31.43074,30.799843,33.665756,28.169012,24.930065,26.12471,24.809458,24.532633,29.54379,27.020926,27.238167,22.864607,21.540762,23.385233,18.91672,21.532843,20.831007,20.33455,21.949087,21.620089,23.667835,25.58755,29.007542,29.746233,29.050146,29.592844,29.833675,26.003345,23.717854,27.362064,26.124414,21.609476,21.465555,23.705242,20.95017,17.297552,18.398476,20.29296,16.304707,14.155938,17.566704,17.681675,11.206021,10.290271,14.831286,19.451468,16.595963,13.764759,15.703543,12.77232,11.964133,14.272805,12.249978
14,24.964994,24.13577,20.329758,18.161306,16.742592,12.634962,12.76834,6.382221,7.8567963,5.374577,8.679154,10.269788,6.21691,5.438335,0.0,4.8785477,7.1224675,10.170901,13.377821,17.258638,19.616034,24.455076,26.846634,29.180054,31.63431,30.444027,30.518553,25.98857,22.272516,21.89062,16.041622,16.327559,11.077549,9.575085,9.947906,8.813297,13.349584,13.882295,13.617407,14.826299,15.882754,18.54667,15.817584,19.789932,24.143486,24.263304,29.145748,28.047491,31.711359,34.264027,33.3847,29.893475,36.431473,37.93317,35.384727,33.887215,29.473555,29.525606,32.40182,27.184536,23.787592,24.60128,22.529413,22.678268,26.940798,25.431368,25.149572,20.763834,18.344284,19.578936,14.961172,16.896353,16.334791,15.195306,17.013721,16.392262,18.825636,20.917768,24.037476,25.148165,25.083195,25.579012,26.377413,22.587927,19.933136,23.933575,23.479673,18.806362,18.821898,21.685362,19.428524,15.628958,17.78704,20.15027,16.129627,14.50445,18.599394,19.06263,12.8586235,12.176186,17.186378,21.661552,18.291056,15.252072,16.122726,11.924194,10.04021,10.909912,7.8878207
15,22.715883,21.582172,18.616056,15.410453,14.034979,10.727178,10.07354,5.9975767,5.0975895,7.5602255,7.299982,10.566481,8.980969,6.606065,4.8785477,0.0,4.3686585,5.9973273,9.742912,13.526022,15.875645,20.737581,22.772371,25.428556,27.652521,26.093359,26.204212,21.589155,17.961706,17.457994,11.564077,12.127289,6.892712,7.3618484,7.584377,8.722515,12.740706,11.992514,11.315008,11.71975,11.818224,13.969827,10.979017,14.979679,19.297443,19.599096,24.43703,23.71182,27.26276,30.051418,29.227518,26.120333,32.698997,34.10525,31.912308,30.377577,26.287605,26.237164,29.547394,24.463202,20.928818,22.85832,21.217974,21.982044,26.508799,25.539343,26.172308,22.38178,20.27544,20.79687,16.40544,17.904549,16.009535,15.864982,16.460058,16.451641,17.75794,19.549604,23.21742,23.539196,22.52987,23.25674,23.381107,19.471281,17.527777,21.344893,19.856373,15.237261,15.662437,18.092373,15.329018,11.962362,14.126947,15.864046,11.579196,10.403359,14.694728,14.51961,8.480397,8.627348,13.738624,18.405,15.732465,12.559401,14.861658,9.5335455,9.738057,10.187002,9.158819
16,18.461164,17.56904,14.42822,11.524151,10.673931,6.772441,8.071534,5.4720845,6.5213265,10.563291,11.6075535,14.916446,12.707928,10.432847,7.1224675,4.3686585,0.0,4.413983,6.383886,10.688969,12.53704,17.73178,19.844465,22.286417,24.576777,23.548983,23.938452,19.37679,15.938642,15.140784,10.1081705,9.554134,7.0543156,4.554864,7.6566753,8.8921585,12.172686,11.94413,9.575065,8.982199,11.498691,12.712701,10.904168,14.630617,18.42375,18.435408,23.133919,21.930998,25.959223,28.212875,28.053474,24.541027,30.854313,32.89831,31.087524,29.953745,25.812729,26.42537,30.004946,25.401134,21.75576,23.938402,21.8675,23.284283,27.094723,27.230448,27.697805,24.128191,21.250391,20.941181,16.691633,17.005749,14.586238,13.854107,13.677891,13.122379,14.061751,16.31762,19.788363,19.659065,19.189974,20.40437,20.723783,16.65834,15.213386,19.461,17.932266,13.218727,14.644174,17.36802,14.7765465,12.090724,15.231993,16.623219,12.3427,12.31425,16.787865,16.073656,10.887564,11.941666,16.811073,21.31662,18.902267,15.777052,17.89278,11.8072605,11.987866,10.741738,9.673982
17,18.222626,16.453264,14.391941,10.283908,8.804693,7.114303,5.669236,6.85464,5.328556,11.91601,11.580278,15.55603,14.731507,12.525875,10.170901,5.9973273,4.413983,0.0,4.4622827,7.576994,10.354312,14.777908,17.063805,19.523523,21.963398,20.568453,20.364384,15.84557,12.118186,12.079308,5.9589987,7.621315,7.021277,7.609105,9.886432,12.389604,15.26427,14.005148,11.637387,9.882065,10.8717785,10.500488,8.0118065,10.5727825,14.820446,14.343912,19.196611,17.965994,21.793613,24.278261,23.831074,20.564754,27.013,28.77459,27.01634,25.794937,21.861355,22.353119,26.14374,21.70297,18.03974,20.969322,19.313461,21.167286,25.103502,25.632505,26.853775,23.906708,21.508183,20.741959,16.941124,17.193823,13.844049,14.532864,13.486888,14.181928,14.033394,15.353225,19.400654,18.966438,17.111181,18.093037,17.756704,13.7661705,12.655316,16.415941,14.175865,9.557675,10.971047,13.278286,10.425497,8.093174,11.315103,12.3784685,8.255413,8.864707,13.23338,12.603221,8.757699,10.006538,14.2165985,18.314867,16.328661,13.401311,16.008097,9.540457,11.284281,9.774412,10.69551
18,13.864226,12.308592,10.71223,6.309386,6.1072955,5.175033,6.4269524,9.595645,9.454276,15.822723,15.933728,19.840872,18.624372,16.224215,13.377821,9.742912,6.383886,4.4622827,0.0,4.7275653,6.2759166,11.4496975,13.531456,15.93008,18.274506,17.42082,17.747643,13.285386,10.094586,9.337167,5.681772,5.0176816,8.748842,7.6593995,11.248739,13.799822,15.670077,14.675289,11.092444,8.04577,11.175269,9.472924,8.998544,10.915288,13.920416,13.299463,17.701609,16.129372,20.463999,22.332043,22.817038,19.32565,25.307608,27.798338,26.698458,25.952963,22.233025,23.390493,27.468416,23.704458,20.093317,23.376852,21.502735,23.928637,27.147442,28.653566,29.791807,27.089554,24.179188,22.73555,19.234295,18.409441,14.591673,14.815365,12.628547,12.820583,11.605134,13.301953,17.100523,15.636287,14.089072,15.927821,15.502176,11.314434,11.575422,15.562027,12.788961,8.449122,11.506966,13.701094,11.11156,10.326486,13.973469,14.25509,10.625827,12.343938,16.335331,14.917011,12.148568,14.0924835,17.902998,21.77958,20.262136,17.491642,20.088848,13.55629,15.17409,12.758902,13.5486555
19,13.163358,10.262091,10.30503,5.232084,4.3271246,7.4603887,6.5845504,12.425225,11.683328,18.706684,18.767103,22.879097,22.17784,20.092192,17.258638,13.526022,10.688969,7.576994,4.7275653,0.0,4.670063,7.2517233,10.431623,12.113828,15.141279,14.503312,13.737838,9.715112,6.171852,7.437157,4.7489476,6.960366,12.571444,12.378352,15.716392,18.489483,20.25744,18.977766,15.397704,11.875953,14.204083,10.773281,10.510107,9.698226,12.400727,10.263997,14.490984,11.912017,16.391281,17.87593,18.454597,14.729982,20.600319,23.256487,22.375547,21.899649,18.390593,19.994724,24.223412,21.180065,17.76223,21.52292,19.825483,22.875664,25.533249,27.987867,29.597115,27.650656,24.909084,22.75529,20.000523,18.63859,14.1130295,15.435822,12.242036,13.605648,11.095438,11.462438,15.534414,13.664893,10.480985,12.210946,11.090743,6.9823446,8.466067,11.75367,8.238602,4.473573,8.593243,10.25337,8.332314,9.162234,12.822249,12.676361,10.40965,12.876264,16.110424,15.094263,14.299168,16.007673,18.859219,21.88394,20.709948,18.384758,20.68957,14.419492,16.62501,13.664147,15.677911
20,10.20089,8.428422,9.7340355,5.2143946,7.194695,9.353916,10.782524,15.610253,15.290359,22.011,21.628183,25.65834,24.827501,22.23484,19.616034,15.875645,12.53704,10.354312,6.2759166,4.670063,0.0,6.512678,7.504929,10.117765,12.069288,11.700573,12.679838,8.585038,7.078989,5.3240438,7.5499506,5.655295,13.176511,12.538572,15.880764,18.780958,19.49602,18.23333,14.1957245,10.160547,13.436757,9.514126,11.262544,11.151473,11.873432,10.922508,14.078247,12.345872,16.979572,18.091541,19.846151,16.684622,21.713264,24.90793,24.959867,24.78408,21.857468,23.584425,28.013327,25.322472,22.00104,26.074728,24.454819,27.545094,30.096489,32.651714,34.17061,32.06623,29.10544,26.95545,24.068165,22.429636,18.063719,18.6005,15.169656,15.492468,12.545394,13.669771,16.999786,13.728218,11.383858,14.320606,12.918454,9.173532,12.206227,15.246259,11.07074,8.663563,13.06348,14.168545,12.036089,13.481714,16.81247,15.835229,13.400651,16.196257,19.294445,17.084185,16.37055,18.84948,21.707405,24.968645,24.342377,21.957613,24.867086,18.517086,20.723122,17.912151,19.295256
21,11.696647,8.03536,11.551905,8.182416,8.94489,13.373662,13.08274,19.414394,18.760397,25.83067,25.727608,29.89875,29.423367,27.272802,24.455076,20.737581,17.73178,14.777908,11.4496975,7.2517233,6.512678,0.0,5.3970914,5.02233,8.946113,9.592685,8.050275,6.0594845,5.680867,7.7320547,10.482416,11.586932,18.832859,18.659351,22.009983,24.94567,25.95632,24.576298,20.677485,16.657528,19.079643,14.329646,15.554912,12.85135,13.029317,9.896361,11.832554,7.9921303,12.678701,12.522433,14.824346,11.298418,15.515351,19.246271,19.820076,20.254917,17.877872,20.334011,24.680351,23.241344,20.447254,24.701221,23.299833,26.98077,28.59458,32.31208,34.25691,33.085796,30.326458,27.415375,25.498484,23.301521,18.537327,20.124865,15.980775,17.50701,13.58469,12.884009,15.965917,12.415334,7.700099,10.408659,7.739061,5.585812,10.574358,11.752737,7.1703024,7.940065,12.027375,12.11017,11.604882,14.46801,17.3804,16.181622,15.545643,18.605354,20.77792,19.399197,20.406796,22.36337,24.29456,26.492067,26.093231,24.251408,26.525501,20.73952,23.211926,19.949299,22.333408
22,12.505375,10.544206,14.623755,11.353531,13.090301,16.544788,16.964912,22.675627,21.73264,28.831854,27.674713,31.81437,31.698742,29.011387,26.846634,22.772371,19.844465,17.063805,13.531456,10.431623,7.504929,5.3970914,0.0,4.691354,4.9514174,4.6984696,6.513593,4.5631394,7.401634,6.23874,12.380784,11.542491,19.23736,19.683807,22.369665,25.664356,25.807917,24.051336,20.322624,16.267794,18.086662,12.93582,15.518181,13.15323,11.141405,9.740085,9.987334,8.617844,12.657433,12.807929,16.116713,14.292903,17.54145,21.118515,22.733795,23.119915,21.61068,23.580648,28.164564,26.79541,24.060387,28.917719,27.915924,31.471588,33.52968,36.846176,38.987976,37.60368,34.971806,32.3563,30.093052,28.166302,23.460325,24.709366,20.712934,21.599997,17.80792,17.81408,20.595001,16.313078,12.5783615,15.64063,12.77611,10.96861,15.809224,16.96273,11.619018,12.243537,16.411295,15.931214,14.531969,17.753372,20.182745,17.999233,17.190525,20.563416,22.422426,19.794447,21.303007,23.951687,25.582848,27.892948,28.292717,26.475243,29.676575,23.85855,26.76887,23.965128,26.091206
23,12.303903,9.480408,14.325318,12.147423,13.602497,17.810074,18.071554,24.294544,23.721357,30.789598,30.465229,34.643177,34.235462,31.908234,29.180054,25.428556,22.286417,19.523523,15.93008,12.113828,10.117765,5.02233,4.691354,0.0,4.8543963,7.3739333,6.484476,7.247638,9.448659,10.334801,15.028072,15.166122,22.839474,22.634975,25.888325,28.889198,29.33504,27.92387,23.933405,19.823141,22.29182,17.243694,19.306822,16.382828,15.0211935,12.360791,12.254097,8.972248,12.778355,11.250131,15.13229,12.616616,14.69884,19.072721,20.907604,21.892096,20.476604,23.142183,27.42443,26.802551,24.359613,28.800083,27.583273,31.418074,32.63179,36.773155,38.818146,37.87773,35.073914,31.945293,30.25898,27.76847,23.062529,24.476099,20.13284,21.354029,17.120173,16.37544,18.562933,14.145447,10.012643,12.992916,10.100853,9.706135,14.929084,15.287563,10.985936,12.838089,16.65663,16.18451,15.941033,19.248352,21.824419,20.1056,19.870987,23.118385,24.905828,23.078085,24.66713,26.894215,28.511116,30.46714,30.532423,28.841776,31.311602,25.647964,28.227499,24.945272,27.269375
24,13.949984,12.568202,17.462698,15.263851,17.259102,20.847174,21.566595,27.380508,26.615831,33.697678,32.61875,36.75434,36.60055,33.882076,31.63431,27.652521,24.576777,21.963398,18.274506,15.141279,12.069288,8.946113,4.9514174,4.8543963,0.0,4.5056148,7.118215,8.29903,11.889534,10.966807,17.30488,16.216743,23.949116,24.152946,26.888584,30.099607,29.864052,28.209887,24.413807,20.395782,22.398554,17.288906,20.22703,17.651958,14.822234,13.549808,12.100862,10.972166,13.923057,12.700705,17.18596,16.04908,17.401886,21.454742,24.057234,24.96031,24.167894,26.426613,30.865723,30.252966,27.833212,32.70733,31.765862,35.506336,37.08722,40.90609,43.093246,41.96652,39.241173,36.33857,34.36108,32.07567,27.383347,28.553667,24.317926,25.087442,20.987514,20.782818,22.851547,18.04051,14.678664,17.832212,14.907602,14.254779,19.422913,19.94364,15.047365,16.581038,20.561245,19.792437,18.910034,22.397911,24.672155,22.308853,21.931139,25.351192,26.920109,24.219904,26.123833,28.82387,30.22424,32.256836,32.90695,31.231504,34.373432,28.669596,31.55252,28.585835,30.721481
25,16.496416,14.988073,19.256346,15.979155,17.584461,20.94512,20.993076,26.63755,25.212917,32.371696,30.375486,34.47616,34.91929,32.034603,30.444027,26.093359,23.548983,20.568453,17.42082,14.503312,11.700573,9.592685,4.6984696,7.3739333,4.5056148,0.0,5.7512035,5.9426513,10.154255,8.65575,15.420922,14.560289,21.813103,23.121725,25.128027,28.71894,28.489946,26.307367,23.022387,19.167646,19.787186,14.472624,17.383532,14.522769,10.880193,10.401502,8.370668,9.149922,11.673156,11.9567,15.778538,15.582225,17.768614,20.900896,23.405264,23.807076,23.266022,24.866714,29.487999,28.559057,26.133291,31.466585,30.969212,34.52136,36.73584,39.944023,42.46966,41.261745,38.95796,36.42532,34.207207,32.50093,27.730713,29.237988,25.283415,26.277954,22.498533,22.352602,25.095402,20.717754,16.74511,19.52488,16.198217,15.022624,19.883368,20.414991,14.639735,15.9248495,19.714382,18.491323,16.996277,20.699455,22.440033,19.521778,19.292713,22.790226,23.936975,20.790733,23.335281,26.185122,27.107548,28.988276,30.145895,28.628368,32.301105,26.848974,30.21675,27.755144,30.100094
26,18.171463,15.256923,19.449163,15.989297,16.549726,20.82916,19.56109,25.942717,24.227028,31.541012,29.935839,34.12268,34.76019,32.357075,30.518553,26.204212,23.938452,20.364384,17.747643,13.737838,12.679838,8.050275,6.513593,6.484476,7.118215,5.7512035,0.0,4.8455186,8.349772,10.052753,14.741856,16.157913,23.109394,24.59558,26.877007,30.44336,31.034843,28.855307,25.58541,21.661266,22.049097,16.593771,18.169271,13.834955,11.566517,8.594815,6.5634336,4.391663,6.845367,6.5126452,10.295048,10.040715,12.193666,15.266122,17.706207,18.292116,18.017632,19.884184,24.348389,24.06508,22.012337,27.278992,26.994446,30.744812,32.506416,36.183502,38.99078,38.384357,36.38107,33.55205,31.919437,30.172165,25.299185,27.60062,23.577602,25.473177,21.576878,20.422213,23.362259,19.708153,14.45228,16.241325,12.374278,12.258191,16.976027,16.355608,10.716308,13.470275,16.487858,14.64388,14.199553,18.38048,19.804129,17.120178,18.018385,21.425953,22.09577,20.11771,23.358889,25.540483,26.009277,27.16066,28.12527,26.96254,29.947144,24.992254,28.437885,25.818626,28.8336
27,16.144226,13.447237,16.803272,12.604691,13.189592,16.918783,15.807517,21.78681,20.01047,27.294659,25.504911,29.682522,30.234737,27.683584,25.98857,21.589155,19.37679,15.84557,13.285386,9.715112,8.585038,6.0594845,4.5631394,7.247638,8.29903,5.9426513,4.8455186,0.0,4.3474417,5.3164096,10.256415,11.393357,18.269741,19.915232,22.044313,25.654486,26.30766,24.084421,20.894358,17.04161,17.317421,11.911866,13.47489,9.708878,7.9454346,5.3669496,6.0713744,4.866328,8.943935,10.465595,12.675969,11.443131,15.609949,18.26948,19.56122,19.522865,18.230103,19.704172,24.3929,22.963722,20.354437,25.62224,25.126986,28.615778,31.03288,34.03242,36.62752,35.488102,33.404305,30.968496,28.81064,27.405813,22.592522,24.606655,20.876074,22.484959,18.985312,18.453487,21.875353,18.438152,13.605367,15.693597,12.27724,10.543792,14.855051,15.408778,9.258142,10.358848,13.901791,12.637085,11.081942,14.877609,16.648138,14.030922,13.985817,17.45262,18.684418,16.304382,18.860052,21.256033,22.200233,24.004612,24.730946,23.232473,26.56223,21.21247,24.654976,22.239323,24.964808
28,16.01059,12.823647,14.990684,10.255854,9.88261,13.6307,11.680676,17.794231,15.897576,23.210402,21.812634,26.019835,26.444536,24.168926,22.272516,17.961706,15.938642,12.118186,10.094586,6.171852,7.078989,5.680867,7.401634,9.448659,11.889534,10.154255,8.349772,4.3474417,0.0,5.2027,6.48029,9.455719,15.637015,17.233624,19.540884,22.992233,24.302473,22.226742,19.104362,15.418095,15.770983,10.858238,11.125463,7.3371673,8.310554,4.7429767,8.455956,6.065684,10.435654,12.450351,13.202545,10.753244,16.357937,18.654833,18.712978,18.281954,15.998079,17.377066,22.020897,19.878798,16.934206,21.92804,21.21484,24.587582,27.232996,29.970057,32.441116,31.17584,29.122343,26.820492,24.575777,23.405651,18.629427,20.85859,17.418818,19.350887,16.26697,15.654706,19.556896,16.996408,12.093357,13.613496,10.665005,8.033601,11.35252,12.42547,6.3870883,6.260912,9.805769,9.02971,7.1404457,10.64137,12.819687,10.880718,10.479443,13.794103,15.492541,13.885065,15.7882395,17.771194,19.084124,21.105453,21.196962,19.54004,22.514048,17.030132,20.36189,17.91868,20.787182
29,14.6204605,12.865693,14.9958,10.351224,11.399361,13.740445,13.568628,18.479233,16.894327,23.90942,21.904646,25.993496,26.272932,23.391905,21.89062,17.457994,15.140784,12.079308,9.337167,7.437157,5.3240438,7.7320547,6.23874,10.334801,10.966807,8.65575,10.052753,5.3164096,5.2027,0.0,7.2958465,6.288946,13.397321,15.03476,16.95021,20.59925,21.03664,18.810001,15.617526,11.826908,12.274252,7.008705,9.290035,7.7894244,6.767816,6.8374248,9.509831,9.65932,13.649088,15.729525,17.348629,15.616766,20.566156,23.073048,23.658783,23.207207,21.134813,22.225315,26.91574,24.40615,21.301636,26.280046,25.471346,28.541328,31.594936,33.790226,35.986908,34.130318,31.843498,29.92711,27.08767,26.033699,21.495146,22.79341,19.527197,20.397327,17.521835,18.048273,21.651764,18.363361,14.7844715,17.272081,14.751762,11.637853,15.050035,17.046974,11.391377,10.077642,14.020656,13.804861,11.030676,13.609914,15.856816,13.573921,11.815587,15.134466,17.262533,14.137055,15.199044,18.082005,19.863726,22.660744,23.083975,21.088985,24.884357,19.03244,22.249212,20.139305,22.1496
30,17.325294,14.823763,14.759277,9.67069,8.4794655,10.021939,7.556436,12.23922,9.905685,17.122345,15.5211,19.719048,20.023268,17.692257,16.041622,11.564077,10.1081705,5.9589987,5.681772,4.7489476,7.5499506,10.482416,12.380784,15.028072,17.30488,15.420922,14.741856,10.256415,6.48029,7.2958465,0.0,6.235136,9.862827,11.977258,13.86938,17.234142,19.194283,17.15083,14.52987,11.574011,11.4078865,8.192646,6.4191303,5.627904,9.656885,8.41965,13.285819,12.191153,15.9357605,18.61739,18.338503,15.636795,21.965166,23.664688,22.571543,21.476545,18.241648,18.835695,23.169004,19.512987,16.016811,20.35263,19.365297,21.991852,25.623732,27.053394,29.134645,27.064575,25.058893,23.58705,20.543945,20.258064,15.984109,17.776735,15.434762,16.966919,15.241497,15.564635,19.847763,18.381857,14.851441,16.01632,14.402333,10.703714,11.421838,14.066468,9.862752,6.240801,8.807032,9.652163,6.1941423,6.816247,9.643131,8.896253,5.924086,8.709032,11.823293,10.3732,10.009854,11.943683,14.387981,17.525795,16.818554,14.545677,17.823246,11.778879,15.001113,13.179592,15.5472145
31,14.480404,13.653481,13.533143,9.037247,10.057921,9.886701,11.005206,13.902345,12.906018,19.18486,17.52562,21.40344,20.998545,17.913345,16.327559,12.127289,9.554134,7.621315,5.0176816,6.960366,5.655295,11.586932,11.542491,15.166122,16.216743,14.560289,16.157913,11.393357,9.455719,6.288946,6.235136,0.0,7.8517857,8.796145,10.876353,14.350986,14.999562,13.095954,9.680874,6.031659,7.84125,4.9090014,6.586368,9.172721,10.523918,11.521249,15.267375,15.198542,19.27305,21.534378,22.520647,20.046125,25.685791,28.089676,27.774727,26.994818,24.023592,24.862587,29.29372,25.745813,22.24651,26.406376,25.113733,27.592882,31.136179,32.452232,34.01372,31.364346,28.807127,27.525246,23.998297,23.383558,19.457348,19.819973,17.431202,17.430458,15.735469,17.388988,21.021883,18.51926,16.520105,18.919796,17.585873,13.608702,15.310428,18.645409,14.349694,10.944357,14.474526,15.5931425,12.310473,12.757496,15.569469,14.461026,10.868371,13.268436,16.62832,13.610461,11.800784,14.826815,17.97715,21.87587,21.446056,18.851969,22.618124,16.361237,18.827766,17.07161,17.99456
32,21.00288,20.470205,18.785534,14.860711,14.728471,12.330683,12.673703,11.734816,10.167783,14.308667,11.204444,14.529359,14.461725,10.867535,11.077549,6.892712,7.0543156,7.021277,8.748842,12.571444,13.176511,18.832859,19.23736,22.839474,23.949116,21.813103,23.109394,18.269741,15.637015,13.397321,9.862827,7.8517857,0.0,6.2272024,4.529986,8.534581,10.292236,7.7646384,7.014146,7.0943274,4.9305563,8.035382,6.2269,11.827109,14.676852,16.51224,20.731544,21.319317,24.781391,27.83701,27.730644,25.472904,31.733315,33.30694,32.126472,30.700863,27.3806,27.28681,31.264017,26.634918,23.092674,26.502163,25.41151,26.798105,31.358486,30.920477,32.20065,28.793324,26.804867,26.824099,22.651606,23.473692,20.623993,20.657875,19.934835,19.671854,19.694904,21.679474,25.433104,24.224106,22.740553,24.37927,23.568598,19.497545,19.382757,22.979517,19.630266,15.46638,17.307304,18.801676,15.162419,13.562628,15.453577,15.263636,10.687386,11.085997,14.803217,12.085246,6.918973,9.8650055,13.972145,18.801714,17.903982,14.994618,19.179829,13.695288,15.68697,15.686752,15.5851555
33,17.564503,17.762371,14.891348,12.377102,12.826471,8.831939,11.825783,9.811972,10.857951,14.132085,14.183961,17.109327,14.885731,11.859471,9.575085,7.3618484,4.554864,7.609105,7.6593995,12.378352,12.538572,18.659351,19.683807,22.634975,24.152946,23.121725,24.59558,19.915232,17.233624,15.03476,11.977258,8.796145,6.2272024,0.0,5.0469937,6.4098725,8.335963,8.417788,5.254148,5.4468837,9.449864,11.607687,11.222266,15.909285,18.596228,19.581608,23.816607,23.278473,27.419676,29.626017,30.102474,26.897985,32.93026,35.284992,34.044613,33.040718,29.208252,29.88461,33.7401,29.28894,25.628164,28.253225,26.292164,27.803019,31.592333,31.764378,32.182434,28.474356,25.487768,25.220108,20.93435,20.966467,18.574972,17.25806,16.72404,15.272511,15.889876,18.755276,21.822947,20.80286,20.909952,22.859026,22.960222,18.777536,18.356028,22.668697,20.39193,15.900331,18.177555,20.576744,17.619364,15.698977,18.703854,19.296167,14.808009,15.264329,19.539635,17.631845,12.417462,14.4374,19.167582,23.941067,22.151234,19.03218,21.873331,15.906415,16.351484,15.292999,13.887146
34,21.978386,22.210869,19.786436,16.79202,17.023655,13.474297,15.157149,12.453753,12.232697,14.395256,12.300403,14.682752,13.441963,9.674567,9.947906,7.584377,7.6566753,9.886432,11.248739,15.716392,15.880764,22.009983,22.369665,25.888325,26.888584,25.128027,26.877007,22.044313,19.540884,16.95021,13.86938,10.876353,4.529986,5.0469937,0.0,4.227313,6.0073133,4.476149,4.7769384,7.308941,7.3064027,11.582745,10.679098,16.319075,18.848537,20.815197,24.921606,25.384073,29.055288,31.881853,32.011497,29.470793,35.675846,37.50941,36.26275,34.91032,31.358387,31.39941,35.234074,30.446463,26.87417,29.71355,28.280182,29.353039,33.826153,33.068115,33.745102,29.847874,27.544722,27.951523,23.50502,24.385904,22.21046,21.299644,21.157564,20.027933,20.760822,23.370789,26.671732,25.650515,25.2081,27.021393,26.703367,22.532825,22.134369,26.138859,23.328156,18.93833,20.803694,22.733757,19.30355,17.281734,19.38206,19.624727,15.011152,14.946869,18.773188,16.325592,10.535383,12.802875,17.277153,22.287212,20.973925,17.956945,21.608477,16.415884,17.299313,17.47236,16.143219
35,23.461224,24.053257,20.868597,18.744652,18.949034,14.612539,16.95672,12.762373,13.692667,13.922427,13.348189,14.833654,12.258156,8.972569,8.813297,8.722515,8.8921585,12.389604,13.799822,18.489483,18.780958,24.94567,25.664356,28.889198,30.099607,28.71894,30.44336,25.654486,22.992233,20.59925,17.234142,14.350986,8.534581,6.4098725,4.227313,0.0,4.5614967,5.972829,6.7818003,10.021891,11.4337015,15.668188,14.754521,20.236122,22.97509,24.667305,28.888088,28.965954,32.807335,35.428337,35.557705,32.63959,38.87263,40.855442,39.35101,38.036457,34.175377,34.33487,37.936268,32.989,29.417448,31.571074,29.795391,30.529732,34.840027,33.787815,33.84951,29.561628,26.997255,27.78289,23.198292,24.193462,22.784233,21.10801,21.673594,19.940943,21.471266,24.440952,27.320875,26.795952,27.195341,28.916582,29.13135,24.96506,24.0353,28.305698,26.228802,21.645369,23.267708,25.623562,22.48961,19.962645,22.235456,23.052233,18.443512,17.936954,21.914183,20.06395,13.843832,15.336458,20.094723,25.127897,23.231897,20.157494,23.021425,18.190609,17.98399,18.293985,15.919026
36,23.390793,24.724241,22.010359,20.10596,21.049826,16.96916,20.019562,16.736835,17.581913,18.46488,17.257982,18.707823,16.588684,13.157392,13.349584,12.740706,12.172686,15.26427,15.670077,20.25744,19.49602,25.95632,25.807917,29.33504,29.864052,28.489946,31.034843,26.30766,24.302473,21.03664,19.194283,14.999562,10.292236,8.335963,6.0073133,4.5614967,0.0,4.0378084,5.496016,9.551384,11.260796,15.767714,16.05762,21.736092,23.479641,25.82714,29.544127,30.134188,33.99067,36.52304,37.18085,34.54216,40.483124,42.71333,41.7234,40.544933,36.96471,37.22736,41.0957,36.355312,32.758343,35.387897,33.691025,34.676987,38.922123,38.138794,38.308582,34.077843,31.401016,31.968832,27.429617,28.046757,26.357592,24.51531,24.584375,22.482944,23.549994,26.775616,29.431498,28.173384,28.821178,31.054592,31.033733,26.845636,26.68945,30.963503,28.293526,23.940165,26.17724,28.287645,24.945982,23.04621,25.34744,25.534742,20.932371,20.951353,24.725285,22.005117,16.366604,18.557951,22.94605,27.983288,26.688826,23.688086,27.085585,22.07961,22.302828,22.358967,20.175594
