,0,1,2,3,4,5,6,7,8,9,10,11,12,13,14,15,16,17,18,19,20,21,22,23,24,25,26,27,28,29,30,31,32,33,34,35,36,37,38,39,40,41,42,43,44,45,46,47,48,49,50,51,52,53,54,55,56,57,58,59,60,61,62,63,64,65,66,67,68,69,70,71,72,73,74,75,76,77,78,79,80,81,82,83,84,85,86,87,88,89,90,91,92,93,94,95,96,97,98,99,100,101,102,103,104,105,106,107,108,109,110
0,0.0,4.262323,6.1811366,9.293596,11.703515,14.075707,17.096617,20.710354,24.160593,25.727991,30.790747,29.274378,27.501099,26.960438,21.96253,22.424953,17.44803,18.031656,15.538417,14.656049,16.457893,13.116951,19.036036,18.014923,22.431936,21.663847,26.04585,25.73921,21.233696,22.424383,22.489347,22.374321,27.606958,24.071056,28.96307,29.68295,31.811642,32.458183,28.104937,24.843277,30.116549,26.783047,27.022013,27.449625,27.118107,27.396147,25.725943,27.381329,24.361961,29.382038,25.862143,28.071041,29.2726,28.56444,23.290161,24.863228,21.956942,25.200262,24.195143,25.950373,24.49331,31.023685,31.13001,34.248833,39.851067,37.12694,34.08907,35.154587,40.236477,38.42072,34.34687,37.103256,34.68186,39.359947,35.569233,35.563618,37.8351,36.143787,37.36725,39.56645,36.219643,33.55386,32.624058,28.846773,27.347956,23.330921,22.47805,18.223616,18.683603,17.413788,17.942715,18.37243,12.444259,13.245453,12.793953,17.11679,17.315008,21.398832,24.220127,27.493866,29.56991,32.770626,36.942837,40.79524,40.608498,37.681767,40.453903,34.3302,36.12908,33.14597,34.404068
1,4.262323,0.0,5.2304807,6.497056,8.413473,12.001097,13.815731,18.417183,21.24664,23.107553,27.89551,26.599453,25.30243,24.450462,19.61862,19.334646,14.523778,14.358978,12.116242,10.525581,12.605983,9.601033,15.6423235,15.1564865,19.178932,18.363272,22.369843,21.840792,17.035604,18.353914,18.306175,18.62801,23.993866,21.03476,25.742815,26.875809,29.112003,29.387045,25.129326,21.691113,26.575426,22.979006,23.000051,23.404661,22.89791,23.20439,21.549791,23.375727,20.529404,25.795912,22.621466,25.050703,26.662018,26.183481,20.95944,22.579615,19.030315,22.284618,21.507092,22.680748,20.844173,27.424114,27.195557,30.331415,35.811222,33.11632,29.999184,30.96191,36.05972,34.25512,30.126804,32.849762,30.428274,35.149902,31.445179,31.5115,33.894264,32.302757,33.701096,35.939407,32.776962,29.90615,29.01653,25.168379,23.386232,19.572216,18.510159,14.069318,14.779166,13.695298,14.820314,15.878513,9.599326,10.505295,9.035257,13.884368,13.978639,17.886719,21.016615,23.799078,26.2834,29.083818,33.42923,37.32235,36.889652,33.943424,36.505997,30.35468,32.34083,29.317776,30.879877
2,6.1811366,5.2304807,0.0,5.164304,6.6474,8.289623,11.636489,14.602293,18.314781,19.633333,24.80097,23.416233,21.602186,21.374372,16.356302,17.239656,12.782485,13.637443,12.731037,12.339159,15.4926815,13.71793,19.588154,19.852331,23.588272,22.60925,26.161982,25.229265,19.498915,20.62639,19.38943,19.91299,23.558428,20.305164,24.944069,25.374294,28.134348,28.930578,24.972542,22.152216,26.945,24.4033,23.83764,25.426527,24.084496,25.524467,23.720964,26.039886,23.275454,28.630898,25.77033,27.732622,29.927046,28.701439,23.553617,24.352846,20.582113,23.217213,21.348627,22.943817,21.710093,28.194912,28.160538,31.787645,36.88433,35.008797,32.00292,32.371395,37.627377,36.422016,32.120285,34.319897,31.37311,35.853554,31.381678,31.541132,33.291313,31.246243,32.17864,34.201965,30.65863,28.297077,27.247818,23.603828,22.73092,18.332657,18.63084,15.055152,16.427576,16.553509,17.503025,19.258162,13.185737,12.84475,10.518351,14.671306,12.909733,16.781792,18.92403,22.713614,24.248896,27.666842,31.621386,35.27926,35.549015,32.75308,36.105095,30.268524,32.17114,29.733448,31.055313
3,9.293596,6.497056,5.164304,0.0,3.7846775,6.103181,8.558937,12.821708,15.433168,17.856272,22.386402,20.465265,19.10919,18.05376,13.235124,13.155654,8.218642,9.099953,7.6189723,8.267964,11.453859,10.947028,16.192478,17.490004,21.070139,20.869375,23.520613,21.969149,16.165037,16.343994,15.138844,14.9273405,18.691381,15.328457,20.034319,20.751709,23.323923,23.91585,19.898241,16.998802,21.832512,19.450882,19.105318,20.916132,19.918018,21.89999,20.779846,23.556034,21.474382,27.225069,25.022718,27.516201,30.01208,29.450308,24.478397,25.546728,21.034538,23.655247,22.188818,22.720467,20.734064,27.184423,26.2619,29.878313,34.53621,32.665142,29.36676,29.385752,34.64101,33.163986,28.561392,30.393389,27.684473,31.66053,27.466768,27.129856,29.084381,27.33438,28.383131,30.738674,27.359287,24.683802,24.452267,20.643541,19.6222,15.408815,16.46568,12.510016,15.030431,15.4607,17.566362,19.840446,13.732635,13.9203825,10.046278,14.911118,12.36851,15.521015,17.749222,20.704208,22.805685,25.255005,29.519308,32.938744,33.14506,30.44713,33.615936,27.879112,30.417759,28.05613,30.115234
4,11.703515,8.413473,6.6474,3.7846775,0.0,5.356444,5.4309607,10.518096,12.861977,14.936779,19.518867,18.349472,17.416855,16.589739,11.984453,11.491315,7.6944213,7.271377,8.24706,7.6236753,11.702598,11.921734,16.803514,18.387192,21.12266,20.32397,22.6395,21.03637,14.604344,15.470281,13.290075,14.591619,17.423857,15.20418,19.364067,20.31849,23.404377,23.699005,20.11247,17.346676,21.258604,18.88628,17.663437,19.900469,17.912115,20.181622,18.616657,21.54573,19.45797,25.13105,23.24657,25.42844,28.400936,27.499514,22.748009,23.375874,18.566938,20.798069,19.058765,19.423056,17.60472,23.927984,23.107079,26.925735,31.449764,29.988401,26.853735,26.658234,31.96,30.949017,26.443485,28.200708,25.104418,29.365217,24.773,24.9456,26.66703,24.673517,25.754732,27.876982,24.525963,21.891176,21.110802,17.326782,16.338015,11.992933,13.096949,9.746808,12.482162,13.778385,15.8372965,18.722794,13.116234,12.582411,8.038436,12.226176,8.812706,11.789027,13.987561,17.027233,19.075012,21.697792,25.920599,29.48276,29.603498,26.863262,30.145723,24.442368,26.850939,24.658512,26.627169
5,14.075707,12.001097,8.289623,6.103181,5.356444,0.0,6.0008955,7.14204,10.681766,12.687131,17.443588,15.309696,13.444648,13.1045065,8.0782,9.717792,6.373204,8.717851,10.165825,11.896551,15.662568,16.384619,20.986763,22.941093,25.939835,25.524534,27.507055,25.543295,19.066288,19.039093,16.35813,16.64243,17.456104,14.25525,18.359863,18.173595,21.56143,22.684359,19.419016,17.605022,21.674072,20.845003,19.594927,22.879154,20.784903,24.127724,22.946932,26.20179,24.422228,30.081789,28.435287,30.452433,33.600155,32.41801,27.719767,27.981726,23.22343,25.023386,22.57327,23.151402,21.761532,27.726316,26.830667,30.89822,34.832348,34.03275,30.92888,30.142838,35.427185,34.714863,30.024118,31.078281,27.805777,31.278042,26.224056,26.002228,27.04546,24.754604,25.169777,27.241081,23.444223,21.461498,21.208397,17.792725,18.115532,13.4526,16.605833,14.228051,17.37294,19.05461,21.012556,23.93604,18.278992,17.540363,13.214363,16.7807,12.210795,14.458792,15.070197,18.879576,19.769703,22.598642,26.311728,29.276793,30.37537,27.968298,32.030365,26.910719,29.438482,27.925661,29.841381
6,17.096617,13.815731,11.636489,8.558937,5.4309607,6.0008955,0.0,6.770302,7.672065,10.149953,14.246736,13.369529,13.117732,12.22265,8.401411,7.1883063,6.1363482,4.9429235,9.352113,9.469937,13.5777025,15.39742,19.032276,21.511238,23.335415,22.58688,23.74165,21.58592,14.769741,15.231042,11.557904,13.719295,13.9187765,12.923547,16.095108,16.991879,20.69703,20.86083,18.090096,16.073502,18.693033,17.411654,15.153001,18.69363,15.59983,19.238874,17.881245,21.351795,19.981497,25.515167,24.580683,26.527973,30.168629,29.132368,24.914423,24.994398,19.760906,21.155365,19.02134,18.617622,16.893784,22.50455,21.198011,25.318323,28.945715,28.421577,25.39386,24.334452,29.59903,29.192783,24.594538,25.552153,22.034422,25.81058,20.604725,20.910002,22.039621,19.729721,20.568668,22.580564,19.129837,16.661745,16.001606,12.313497,12.157787,7.5278635,11.047808,9.523973,13.214516,15.770326,18.125452,21.676374,16.92707,15.936827,10.965645,13.624217,8.437474,9.447823,10.373145,13.219871,14.876737,17.072638,21.169828,24.418318,24.930674,22.40108,26.16224,20.978712,23.707428,22.252756,24.5262
7,20.710354,18.417183,14.602293,12.821708,10.518096,7.14204,6.770302,0.0,5.185633,5.773828,10.740411,9.425914,7.8162937,8.852784,5.472489,8.079904,9.276683,10.614545,14.701914,16.06122,20.035393,21.759178,25.562054,28.064684,30.091988,29.291298,30.412699,28.161432,21.349,21.494606,17.457787,19.029945,16.680635,15.272772,17.690372,17.054558,21.327898,22.412554,20.452557,19.692205,21.952478,22.375069,19.888565,24.342005,20.890713,25.293545,23.962284,27.500502,26.18143,31.423563,30.597843,32.047607,35.90669,34.216198,30.123373,29.55357,24.624699,25.36055,22.202377,22.403332,21.652668,26.554293,25.643694,29.99969,32.91766,33.40379,30.689995,29.038145,34.130104,34.413982,29.906342,30.14107,26.278673,29.274002,23.374546,23.677202,23.578682,20.64958,20.409914,21.891582,17.802116,16.734491,16.035093,13.413306,15.370858,10.971276,16.025002,15.860997,19.204357,22.057848,23.880901,27.441671,22.698349,21.226122,16.74997,18.559877,12.684531,13.009842,11.402356,15.563296,14.933352,17.932045,20.83593,23.285776,25.233414,23.213234,28.103888,23.920216,26.312208,25.870047,27.618994
8,24.160593,21.24664,18.314781,15.433168,12.861977,10.681766,7.672065,5.185633,0.0,4.7060285,7.143254,5.8643684,6.675859,6.3089533,5.7250967,5.5123034,9.567486,9.758711,14.770607,16.162447,19.712229,22.42968,25.130554,28.250013,29.563713,29.053307,29.183811,26.53583,20.003881,19.642092,15.132737,16.996529,12.834065,13.063891,14.178357,13.978933,18.465881,19.009016,17.835575,17.550426,18.423582,19.52543,16.495516,21.53799,17.707642,22.83847,22.010796,25.797655,25.239923,30.32831,30.294693,31.883741,36.026752,34.743946,31.072657,30.54844,25.293653,25.735067,23.031921,22.171244,20.994678,25.206999,23.520325,27.774529,29.870903,30.789688,28.076307,25.841553,30.721312,31.175646,26.653833,26.232445,22.384634,24.720928,18.743011,18.907282,18.496513,15.546797,15.264347,16.936657,12.92718,11.644406,11.801064,9.317177,11.902152,8.414682,14.704493,15.374729,19.171862,22.391798,24.722296,28.570986,24.345373,23.056637,18.216528,19.702276,13.855596,12.740295,10.768861,13.223603,12.949522,14.367956,17.403193,19.456146,21.401295,19.6131,24.415665,20.742233,23.677845,23.652863,26.006674
9,25.727991,23.107553,19.633333,17.856272,14.936779,12.687131,10.149953,5.773828,4.7060285,0.0,5.6509953,7.2860823,7.63235,9.40198,9.065128,10.172196,13.519665,13.546589,18.652948,19.330729,23.224968,25.472979,28.615496,31.374619,32.54799,31.406876,31.846657,29.51954,22.798014,23.267277,18.557297,21.289242,17.235931,17.760386,18.694637,18.26592,22.82966,23.458662,22.511517,22.23063,22.90038,23.80243,20.431055,25.3055,20.894636,25.685751,24.205557,27.742685,26.836899,31.511877,31.397655,32.382072,36.69994,34.747036,31.296385,30.171032,25.263159,25.139753,21.76627,21.430908,21.158113,24.858395,23.936161,28.325369,30.329544,31.840334,29.55931,27.3061,32.06939,33.192837,29.046394,28.72457,24.48157,27.191885,20.800865,21.821424,20.81854,17.420258,16.775412,17.514328,13.413415,13.19919,11.576931,10.057822,13.313118,10.046705,15.69744,17.30273,20.42919,23.940884,25.620823,29.52298,25.687386,23.83849,19.50658,19.964989,13.970372,12.55128,9.208202,12.820106,10.798451,13.687276,15.75257,17.855139,20.328218,18.641657,24.060291,20.796326,22.957745,23.431644,25.021332
10,30.790747,27.89551,24.80097,22.386402,19.518867,17.443588,14.246736,10.740411,7.143254,5.6509953,0.0,5.6181965,8.384039,9.548658,11.855925,11.853549,16.61673,16.31163,21.597593,22.523537,25.949366,28.907085,31.14102,34.383053,34.992954,34.137512,33.673862,31.018095,24.783484,24.725487,19.835642,22.5096,16.577936,18.495186,17.843029,17.375977,21.87918,22.202784,22.40657,22.916422,22.102276,24.054945,20.332594,25.660198,21.035692,26.420637,25.478361,29.121275,28.968622,33.29808,33.959106,34.943935,39.497524,37.811703,34.828423,33.641323,28.631504,28.116339,25.080643,23.907711,23.479057,26.104502,24.552006,28.707273,29.478104,31.79473,29.70905,26.729702,31.004763,32.55698,28.59492,27.344383,23.172653,24.725468,18.291668,19.246487,17.230055,13.652148,12.244904,12.521209,8.335431,9.388259,8.698674,8.9172,13.249536,11.798686,17.875898,20.241562,23.545607,27.265192,29.255627,33.31795,29.910208,28.198286,23.716198,23.901966,18.15578,15.724532,12.0865965,13.569079,11.206556,11.917263,13.009105,13.804261,17.12902,16.189169,21.796856,19.86175,22.33904,23.67573,25.647032
11,29.274378,26.599453,23.416233,20.465265,18.349472,15.309696,13.369529,9.425914,5.8643684,7.2860823,5.6181965,0.0,4.013462,4.207059,7.9746714,8.768709,13.630911,14.630411,19.12341,21.327927,24.467289,27.556816,29.779385,33.237263,34.48463,34.3389,33.958546,31.017183,24.87795,23.814625,19.389421,20.384533,14.136489,14.613835,14.166817,12.732506,17.270094,18.31774,18.422571,19.456348,19.373617,22.166077,19.244577,24.8011,21.176556,26.886286,26.593157,30.477797,30.387478,35.29961,35.669815,37.226658,41.49911,40.24278,36.76072,36.099174,30.864258,31.015427,28.18822,27.146055,26.115387,29.624323,27.654476,31.778257,32.893448,34.50809,31.932854,29.10473,33.571312,34.32435,29.87753,28.54781,24.879107,25.81986,19.923716,19.522898,17.987562,14.993388,13.524438,14.939384,10.758116,11.0632515,12.757929,11.868066,15.494493,13.27719,19.826084,20.89399,24.772917,28.051527,30.484966,34.372154,30.166162,28.92096,24.06174,25.463251,19.593903,18.059435,15.3350315,17.124432,15.890625,16.291836,18.13397,18.713625,21.848797,20.866549,26.007504,23.601158,26.642109,27.404758,29.833189
12,27.501099,25.30243,21.602186,19.10919,17.416855,13.444648,13.117732,7.8162937,6.675859,7.63235,8.384039,4.013462,0.0,3.9481387,6.216072,9.269999,12.933131,14.992546,18.894972,21.515095,24.846031,27.452028,30.308311,33.497078,35.32981,35.185425,35.387375,32.582176,26.216476,25.197123,21.039928,21.498602,16.256325,15.169102,15.787555,13.712122,18.122824,19.844053,19.336376,20.232216,21.31384,23.892698,21.43977,26.786827,23.525068,28.976435,28.508228,32.354797,31.841852,36.995193,36.86411,38.444958,42.53183,41.09278,37.271965,36.653748,31.549067,31.951002,28.84725,28.416185,27.539797,31.603474,30.001589,34.247883,35.909924,37.19189,34.509056,32.012787,36.69652,37.226044,32.648952,31.696117,28.046534,29.34023,23.501234,22.98948,21.790804,18.884356,17.521082,18.926695,14.718177,14.950234,16.143301,14.837222,18.135271,15.057304,21.363422,21.8045,25.621664,28.656494,30.9116,34.619007,29.946243,28.695776,23.9497,25.749523,19.791931,19.045885,16.473688,19.331997,17.93139,19.354286,21.252443,22.093773,25.29532,24.138422,29.39927,26.57282,29.404339,29.876614,32.032166
13,26.960438,24.450462,21.374372,18.05376,16.589739,13.1045065,12.22265,8.852784,6.3089533,9.40198,9.548658,4.207059,3.9481387,0.0,5.064278,6.5300794,10.755476,12.78893,16.401941,19.450554,22.344297,25.369268,27.66288,31.144073,32.896137,33.202175,33.02985,30.004747,23.981915,22.345686,18.445257,18.213243,12.622696,11.458438,11.858299,9.865997,14.3491535,15.935186,15.435369,16.512053,17.472223,20.376606,18.206429,23.608006,20.820992,26.437704,26.482292,30.427849,30.261602,35.550713,35.603954,37.555187,41.544342,40.60473,36.766674,36.524075,31.208157,31.883427,29.284895,28.377974,26.935558,31.12764,28.990171,33.06692,34.66548,35.603374,32.69048,30.174011,34.826694,34.935665,30.193027,29.09873,25.798946,26.71843,21.307825,20.174032,19.388872,16.912651,15.865281,17.93385,13.98876,13.419669,15.742469,14.015301,16.807146,14.021376,20.394453,20.415195,24.545486,27.393122,30.07368,33.749123,29.027994,28.159016,23.161346,25.427303,19.713615,18.92922,17.042856,19.04481,18.637,19.114178,21.613325,22.513031,25.203642,23.975536,28.732904,25.728724,29.040121,29.23963,31.906952
14,21.96253,19.61862,16.356302,13.235124,11.984453,8.0782,8.401411,5.472489,5.7250967,9.065128,11.855925,7.9746714,6.216072,5.064278,0.0,4.9832883,6.858969,9.715452,12.914904,15.911604,19.169117,21.55334,24.64906,27.69545,29.956099,30.073853,30.658537,27.940454,21.606958,20.40969,16.812424,16.603916,13.424802,10.882286,13.314756,12.032989,16.16905,17.7027,15.814884,15.718301,18.236591,19.737654,17.920683,22.710262,20.164968,25.116255,24.744448,28.544407,27.800125,33.33481,32.770683,34.790375,38.50725,37.48704,33.298283,33.239925,28.046833,29.135674,26.529446,26.143322,24.676775,29.636932,27.911062,32.070835,34.60841,34.866512,31.811907,29.920797,34.914238,34.667812,29.835445,29.571304,26.229895,28.207302,22.839466,22.016249,22.068283,19.632406,19.256216,21.39231,17.413216,16.11281,17.330412,14.686387,16.577723,12.716958,18.365839,17.500778,21.485277,23.994328,26.502121,29.959778,24.852367,24.03969,19.155066,21.916948,16.359842,16.56753,15.46561,18.361996,18.449001,19.98411,23.10389,24.927963,27.007406,25.246866,29.83365,25.883028,28.974916,28.502613,30.943737
15,22.424953,19.334646,17.239656,13.155654,11.491315,9.717792,7.1883063,8.079904,5.5123034,10.172196,11.853549,8.768709,9.269999,6.5300794,4.9832883,0.0,5.453844,6.3413463,10.397499,13.037742,15.908913,19.07885,21.251614,24.724161,26.376469,26.719248,26.63285,23.679527,17.60713,16.044605,12.274722,12.312017,8.797347,7.658146,9.766432,10.026052,14.107249,14.594934,12.676676,12.157398,13.914056,15.089683,12.971319,17.917,15.332927,20.52202,20.553015,24.468042,24.226168,29.72546,29.624302,31.90572,35.67917,35.166664,31.233648,31.436787,26.003101,27.141968,25.198881,24.001081,21.936686,26.700901,24.358242,28.307558,30.65453,30.70215,27.512276,25.531763,30.460447,29.97728,25.075537,24.718632,21.5763,23.498466,18.446903,17.425602,18.033869,15.974124,16.242699,18.825924,15.327996,13.021564,14.831764,11.746002,12.865213,9.628346,15.278015,14.428402,18.73198,21.29515,24.275501,27.859262,23.185717,22.655931,17.517342,20.25791,15.103306,14.705815,14.320364,15.77127,17.027199,17.377014,21.116701,23.148922,24.453686,22.574303,26.512392,22.40496,25.941994,25.257515,28.24774
16,17.44803,14.523778,12.782485,8.218642,7.6944213,6.373204,6.1363482,9.276683,9.567486,13.519665,16.61673,13.630911,12.933131,10.755476,6.858969,5.453844,0.0,4.576612,6.069652,9.618009,12.528724,14.914654,17.956217,20.972723,23.52879,24.069378,24.87042,22.234015,16.231718,14.713814,12.159689,11.058729,11.497292,8.00209,12.296244,12.740953,15.83899,16.541216,13.181529,11.373244,15.355853,15.021244,14.124759,17.803492,16.348635,20.399586,20.299728,23.933207,23.116537,28.944803,28.067358,30.663824,33.91326,33.596966,29.18458,29.880707,24.643402,26.495798,24.82589,24.175858,21.887177,27.528126,25.518915,29.336119,32.650997,31.738958,28.32298,27.153456,32.279793,31.12215,26.145407,26.660873,23.881777,26.504164,22.049704,20.95872,22.40298,20.697817,21.372076,24.030073,20.638506,18.056515,19.279634,15.72484,15.692006,11.846964,15.768521,13.209455,17.284796,18.994219,21.964437,25.078972,19.724909,19.656382,14.674876,18.568605,14.185961,15.278566,16.148867,18.211184,20.053465,21.163748,25.280087,27.862202,28.687372,26.453987,29.991547,25.10081,28.435503,26.957407,29.783014
17,18.031656,14.358978,13.637443,9.099953,7.271377,8.717851,4.9429235,10.614545,9.758711,13.546589,16.31163,14.630411,14.992546,12.78893,9.715452,6.3413463,4.576612,0.0,5.637633,6.74297,9.994324,12.971335,15.467418,18.65001,20.36436,20.545088,20.970419,18.331255,12.023659,11.099244,7.906722,8.804948,10.196193,9.172079,12.608474,14.358222,17.429783,17.085575,13.959534,11.456676,14.276916,12.620461,10.943775,14.366157,12.241409,16.113161,15.788814,19.475595,18.813883,24.577799,24.018738,26.629023,30.05157,29.910412,25.784252,26.506142,21.102098,22.872683,21.674774,20.444849,17.804415,23.324818,21.096502,24.822704,28.240189,27.173744,23.760414,22.694954,27.86494,26.734629,21.832853,22.653423,19.77235,23.040218,18.67309,18.114985,20.001095,18.42054,19.69405,22.299112,19.329815,16.17772,16.86427,13.013525,11.955702,8.486477,11.598593,9.054795,13.356645,15.36057,18.580284,21.952192,17.24793,17.134045,11.988038,15.435564,11.459515,12.04323,13.6888485,14.754886,17.504484,18.159147,22.675768,25.682604,25.740294,23.289188,26.290638,21.086418,24.479542,22.730045,25.76569
18,15.538417,12.116242,12.731037,7.6189723,8.24706,10.165825,9.352113,14.701914,14.770607,18.652948,21.597593,19.12341,18.894972,16.401941,12.914904,10.397499,6.069652,5.637633,0.0,5.3265963,6.8663,9.444578,12.066884,15.141779,17.99033,19.171225,20.090591,17.576021,12.447875,10.438894,9.899055,7.524179,12.46376,9.342685,13.934366,15.677252,17.540836,17.365479,13.180136,9.737728,14.59218,12.069468,12.502555,14.315969,14.430264,17.054106,17.39146,20.63951,19.879261,25.794905,24.686739,27.870197,30.549164,31.055403,26.594053,28.07483,22.998905,25.508646,24.890219,23.924105,20.925608,26.834932,24.567656,27.834494,31.709488,29.691942,26.016413,25.603754,30.631695,28.570871,23.625643,24.889969,22.868532,25.90129,22.606947,21.323822,23.86403,22.888985,24.299515,27.20269,24.40747,21.133314,22.34366,18.50354,16.968704,13.906275,15.585791,11.556182,15.2203455,15.791707,19.216259,21.796436,16.506277,17.400646,12.808908,17.508806,14.932028,16.534945,18.851572,19.910963,22.971367,23.565979,28.19301,31.184818,31.03472,28.550125,31.041195,25.616333,29.042448,26.750734,29.860907
19,14.656049,10.525581,12.339159,8.267964,7.6236753,11.896551,9.469937,16.06122,16.162447,19.330729,22.523537,21.327927,21.515095,19.450554,15.911604,13.037742,9.618009,6.74297,5.3265963,0.0,4.342696,6.416098,9.626824,12.140812,14.278597,14.482357,15.885677,13.892757,8.15485,8.288062,7.9492035,8.849097,14.712415,13.587581,17.39664,19.765678,21.886393,21.068127,17.251722,13.51539,17.052486,12.91457,12.56314,13.154771,12.582858,13.774645,13.18175,16.080091,14.813069,20.739256,19.40466,22.567986,25.238905,25.774296,21.397106,23.007612,17.978308,20.679594,20.621775,19.518106,16.314865,22.393663,20.435919,23.531961,28.050465,25.575998,22.007004,22.220373,27.314465,25.28998,20.664501,22.811491,20.64726,24.859995,21.667969,21.347664,24.189314,23.17197,25.047558,27.638426,25.135702,21.615961,21.7011,17.749567,15.20183,12.5187645,11.932683,7.1353903,10.202648,10.481729,14.026598,16.701979,11.89588,12.840775,8.418068,12.965963,11.735218,13.562336,16.91397,17.492105,21.203583,22.005457,26.827345,30.410854,29.477932,26.690382,28.615017,22.69911,25.731367,22.894075,25.811012
20,16.457893,12.605983,15.4926815,11.453859,11.702598,15.662568,13.5777025,20.035393,19.712229,23.224968,25.949366,24.467289,24.846031,22.344297,19.169117,15.908913,12.528724,9.994324,6.8663,4.342696,0.0,4.7225533,5.5479174,8.866233,11.129595,12.681056,13.577918,11.424987,7.702049,6.3474827,8.693181,7.7301116,15.487544,14.414926,18.011927,20.82274,22.100843,20.870377,16.883944,12.739312,16.347393,11.252919,12.277813,11.206693,12.559937,12.623552,13.099814,15.565719,14.901002,20.601055,19.432415,23.139402,25.268642,26.69775,22.547735,24.760479,20.031956,22.984198,23.675873,22.18679,18.567553,24.268559,21.858765,24.333866,28.770514,25.607317,21.849508,22.425566,27.177208,24.348463,19.775434,22.12454,20.84572,24.67319,22.591959,21.741657,25.157322,24.765844,26.90522,29.734274,27.631483,23.860636,24.53258,20.680824,17.72819,15.880226,14.801196,10.073827,12.431023,11.648935,15.466991,17.467743,13.257417,15.061548,11.563865,15.958535,15.709705,17.283125,20.794004,20.608412,24.734394,24.819963,29.743402,33.197742,31.898819,29.181355,30.41817,24.596224,27.838696,24.737457,27.987375
21,13.116951,9.601033,13.71793,10.947028,11.921734,16.384619,15.39742,21.759178,22.42968,25.472979,28.907085,27.556816,27.452028,25.369268,21.55334,19.07885,14.914654,12.971335,9.444578,6.416098,4.7225533,0.0,6.0454226,6.5742846,10.456519,11.396876,14.19552,13.247819,10.232128,10.5749655,12.813505,12.361999,19.953493,18.226181,22.276144,24.71227,26.037388,25.159851,20.934074,16.800503,20.951565,15.893555,16.929516,15.479604,16.693321,15.740609,15.37048,17.020937,15.361648,20.804188,18.582186,22.230606,23.68949,25.046154,20.51751,23.103107,18.99829,22.443027,23.286152,22.552744,19.259777,25.30847,23.67961,26.01595,31.152376,27.55701,24.011047,25.256783,29.969118,27.10444,22.945293,25.88504,24.561014,28.90872,26.73501,26.251074,29.58968,28.982977,31.066252,33.73571,31.427162,27.789234,27.854485,23.933676,20.969862,18.66999,16.708727,11.604645,12.66388,10.664234,13.762945,14.8733835,10.1803665,12.644252,10.417065,15.181422,16.126863,18.625153,22.487791,22.98451,26.93205,27.818165,32.686222,36.45077,35.08929,32.20013,33.460938,27.344564,30.069117,26.617733,29.30823
22,19.036036,15.6423235,19.588154,16.192478,16.803514,20.986763,19.032276,25.562054,25.130554,28.615496,31.14102,29.779385,30.308311,27.66288,24.64906,21.251614,17.956217,15.467418,12.066884,9.626824,5.5479174,6.0454226,0.0,4.5625677,6.6242495,9.953256,10.644435,9.189784,9.2971735,8.133467,12.392452,11.130095,19.490902,18.803963,21.969095,25.104807,25.672699,24.022951,20.143486,15.937131,19.0408,13.144535,15.153103,11.901759,14.908162,12.822236,13.924443,15.191412,14.901141,19.802494,18.585466,22.74676,23.96555,26.440678,22.696823,25.611946,21.567516,24.798025,26.430277,24.722176,20.869574,26.042372,23.543953,25.127802,29.714142,25.585848,21.87047,23.256313,27.416428,23.727428,19.716055,22.672527,22.408915,26.163704,25.353271,24.408442,28.318417,28.474392,30.919466,33.78312,32.12342,28.175554,28.90451,25.194368,21.745634,20.639793,18.456928,13.931617,14.997911,12.95514,16.509207,17.438221,14.494584,17.07012,14.975737,18.869919,20.027102,21.570534,25.44754,24.638847,29.16114,28.839483,33.796562,37.318134,35.436516,32.710186,33.059856,27.278456,30.38189,26.848745,30.14821
23,18.014923,15.1564865,19.852331,17.490004,18.387192,22.941093,21.511238,28.064684,28.250013,31.374619,34.383053,33.237263,33.497078,31.144073,27.69545,24.724161,20.972723,18.65001,15.141779,12.140812,8.866233,6.5742846,4.5625677,0.0,5.4510026,8.281757,10.972084,11.107249,11.914512,12.251884,16.133404,15.531515,23.82139,22.832207,26.298979,29.251286,29.907494,28.447844,24.424835,20.19802,23.586878,17.696035,19.488586,16.093088,18.703493,15.75741,16.037413,16.390652,15.295002,19.612352,17.497112,21.625587,21.998354,24.69234,20.877087,24.234636,20.963146,24.545458,26.534056,25.327614,21.733313,26.963585,25.125494,26.419813,31.596188,26.993876,23.55587,25.627716,29.630283,25.902658,22.440723,25.964596,25.69516,29.953161,29.129852,28.576319,32.454376,32.459774,34.926647,37.644302,35.888474,31.992874,32.182228,28.426203,24.858866,23.535425,20.51751,15.857046,15.801863,12.747883,15.490823,15.334657,12.9197035,15.999222,15.2780485,18.980871,21.264444,23.350197,27.540852,27.076578,31.549599,31.767578,36.690308,40.50067,38.433937,35.557453,35.768898,29.763117,32.38513,28.51123,31.329021
24,22.431936,19.178932,23.588272,21.070139,21.12266,25.939835,23.335415,30.091988,29.563713,32.54799,34.992954,34.48463,35.32981,32.896137,29.956099,26.376469,23.52879,20.36436,17.99033,14.278597,11.129595,10.456519,6.6242495,5.4510026,0.0,5.062883,5.8931456,7.000265,10.525464,11.674006,15.768887,16.486652,24.299873,24.706854,27.358864,30.819397,31.51826,29.448542,25.98307,21.879213,23.866179,17.520748,18.851328,14.468189,17.0386,12.605128,13.061062,12.462894,12.177842,15.589877,14.341369,18.67646,19.024935,22.480185,19.589224,22.99043,19.899525,23.12028,25.867388,23.8929,20.06007,24.305723,22.150562,22.688765,27.672535,22.60396,19.313246,21.852743,25.33159,21.311169,18.454317,22.436008,22.678415,27.138079,27.09869,26.947842,31.028576,31.362312,34.149353,36.690876,35.488205,31.465937,31.446783,27.978827,23.930502,23.629478,19.742865,15.947028,15.266184,12.323071,15.0667305,14.996008,14.576397,17.273218,16.801363,19.258581,22.090195,23.389853,27.69384,26.176298,31.042507,30.581245,35.42356,39.254967,36.53892,33.71522,33.053436,27.281124,29.777908,25.74475,28.733837
25,21.663847,18.363272,22.60925,20.869375,20.32397,25.524534,22.58688,29.291298,29.053307,31.406876,34.137512,34.3389,35.185425,33.202175,30.073853,26.719248,24.069378,20.545088,19.171225,14.482357,12.681056,11.396876,9.953256,8.281757,5.062883,0.0,5.7454524,8.228841,10.079678,13.325367,16.165943,18.612791,25.715897,26.490627,29.190678,32.554493,33.894527,31.927217,28.552567,24.482595,26.284798,20.044605,20.28014,16.590216,17.513556,12.819456,11.539404,10.163534,8.519033,11.646984,9.527228,13.800971,14.22604,17.435625,14.591382,18.030457,15.311804,18.56617,21.672525,19.898262,16.365093,20.517914,19.154194,19.664019,25.33738,20.26205,17.365759,20.385742,24.000841,20.717783,18.312517,22.765194,22.30724,27.69645,27.00023,27.727018,31.489788,31.398394,34.18193,36.35487,35.081642,31.210615,30.256432,26.880552,22.718239,22.408827,17.467894,14.1530285,12.170594,8.784998,10.731682,10.41573,11.493787,13.827113,14.369473,15.708354,19.55735,20.908625,25.418676,24.001263,28.76636,28.849503,33.52964,37.70173,34.76085,31.777771,31.088116,25.100163,26.952488,22.669958,25.083359
26,26.04585,22.369843,26.161982,23.520613,22.6395,27.507055,23.74165,30.412699,29.183811,31.846657,33.673862,33.958546,35.387375,33.02985,30.658537,26.63285,24.87042,20.970419,20.090591,15.885677,13.577918,14.19552,10.644435,10.972084,5.8931456,5.7454524,0.0,3.8237395,9.191816,11.523654,14.77059,17.309765,23.847652,25.716604,27.511272,31.305702,32.33034,29.802343,27.018833,23.224993,23.734903,17.432508,17.6659,13.107385,14.598413,8.905704,9.097966,7.3984976,8.465483,10.903614,11.297613,15.497767,16.569761,20.215105,18.3484,21.281282,18.122328,20.630497,23.862352,21.030474,17.080715,20.103346,17.556055,17.435625,22.154865,16.859177,13.682529,16.591526,19.700853,15.740564,13.45929,17.936287,18.33069,23.22534,23.614239,24.161837,28.19304,28.674383,31.695976,33.917927,33.244823,29.23444,28.819857,25.76519,21.384094,22.15944,17.574572,15.1338415,14.004478,11.9504385,14.589732,15.232833,16.295532,18.173248,17.580658,18.605694,21.54541,21.864887,26.051805,23.48181,28.575596,27.465347,32.099728,35.919975,32.61691,29.874697,28.43585,22.96804,25.292662,21.236174,24.411476
27,25.73921,21.840792,25.229265,21.969149,21.03637,25.543295,21.58592,28.161432,26.53583,29.51954,31.018095,31.017183,32.582176,30.004747,27.940454,23.679527,22.234015,18.331255,17.576021,13.892757,11.424987,13.247819,9.189784,11.107249,7.000265,8.228841,3.8237395,0.0,6.954449,8.117657,11.645405,13.880017,20.24388,22.338278,23.87252,27.753843,28.681349,26.054577,23.416777,19.74473,19.944704,13.669419,13.983056,9.285641,11.244951,5.915776,7.5716653,7.5536647,9.432323,12.972396,13.843185,17.909464,19.683123,22.799412,20.590225,23.162588,19.269732,21.6111,24.275873,21.215466,17.055393,20.34923,17.134306,17.56984,21.683764,17.019554,13.378052,15.334946,18.840937,14.8406725,11.522843,15.448715,15.839153,20.294575,20.653296,20.756311,24.890486,25.505121,28.504534,30.91631,30.254246,26.177736,26.312437,23.231615,18.966995,19.848164,16.128775,13.660782,13.658574,12.411312,15.777725,17.201048,17.08879,18.812017,17.144463,18.677698,20.55746,20.57471,24.480225,21.766361,26.87931,25.361547,30.094152,33.658413,30.632826,28.003069,26.861622,21.50202,24.41552,20.720055,24.39003
28,21.233696,17.035604,19.498915,16.165037,14.604344,19.066288,14.769741,21.349,20.003881,22.798014,24.783484,24.87795,26.216476,23.981915,21.606958,17.60713,16.231718,12.023659,12.447875,8.15485,7.702049,10.232128,9.2971735,11.914512,10.525464,10.079678,9.191816,6.954449,0.0,5.248832,6.201746,10.4747,16.08438,17.868809,19.935432,23.394547,25.232862,23.182858,20.3201,16.684895,17.587278,11.999299,10.85033,9.023431,8.050734,6.1977253,5.4109826,8.224221,8.271707,13.877378,13.952717,17.452734,20.372732,21.880587,18.718128,20.533226,15.618362,17.895975,19.410809,16.720978,12.630817,17.397123,14.532989,16.696095,21.19798,17.94496,14.239544,15.052335,19.85366,17.431362,13.152438,16.252556,14.651681,19.761656,17.879286,18.375383,21.89155,21.581709,24.252464,26.593388,25.212662,21.277338,20.937654,17.462566,13.42586,13.335729,9.959775,6.8714075,8.144742,8.364374,12.348313,15.117096,13.359373,14.313968,11.326377,13.210274,13.927904,14.045339,17.932251,15.999973,20.88782,20.210169,25.116493,28.892561,26.56672,23.734718,23.977852,18.04182,21.096354,17.688644,21.208342
29,22.424383,18.353914,20.62639,16.343994,15.470281,19.039093,15.231042,21.494606,19.642092,23.267277,24.725487,23.814625,25.197123,22.345686,20.40969,16.044605,14.713814,11.099244,10.438894,8.288062,6.3474827,10.5749655,8.133467,12.251884,11.674006,13.325367,11.523654,8.117657,5.248832,0.0,5.0354676,5.9287806,12.703995,14.238242,16.1173,19.81016,20.972633,18.728718,15.776464,12.07178,13.021163,7.036886,7.366196,5.118174,6.9188466,7.199295,9.245405,12.234486,13.257767,18.491316,18.87337,22.554026,25.22434,27.042568,23.790379,25.709763,20.735683,22.982706,24.097454,21.429113,17.417118,21.92855,18.476345,20.565659,24.055908,21.113258,17.212755,17.226376,21.726217,18.770157,13.943303,15.8997555,15.044177,18.560314,17.28616,16.369263,20.227095,20.437698,23.01258,25.85813,24.529675,20.474459,21.575302,18.11867,14.644044,14.519534,13.390581,10.284744,12.878279,13.103891,17.194317,19.723612,17.057081,18.355246,14.709461,17.608727,17.097677,17.126036,20.33872,18.471241,23.10754,21.741362,26.651049,29.8248,27.983282,25.473906,25.920393,20.56844,24.284933,21.43237,25.372656
30,22.489347,18.306175,19.38943,15.138844,13.290075,16.35813,11.557904,17.457787,15.132737,18.557297,19.835642,19.389421,21.039928,18.445257,16.812424,12.274722,12.159689,7.906722,9.899055,7.9492035,8.693181,12.813505,12.392452,16.133404,15.768887,16.165943,14.77059,11.645405,6.201746,5.0354676,0.0,6.617515,10.007399,12.523131,14.029164,17.493975,19.640789,17.647938,15.204693,12.177473,12.424717,8.264071,5.7016873,7.447284,4.7901025,8.369441,9.031039,12.897284,13.604552,18.973661,19.579718,22.603485,26.045916,26.940075,23.686705,24.830864,19.44854,21.096117,21.417933,18.692213,15.026658,19.533527,16.136051,19.06156,22.20747,20.446482,16.763926,15.843448,20.813026,19.070145,14.09105,15.319176,13.068209,16.920311,13.997498,13.706181,16.906683,16.423882,18.842512,21.512636,19.898043,15.916422,16.67372,13.121614,9.841438,9.614948,9.651014,7.706086,11.344824,13.108316,16.957455,20.27972,17.390398,17.778627,13.404008,15.667395,13.804155,13.084339,15.75521,13.876098,18.298727,16.999413,21.912434,25.100674,23.618315,21.092691,22.312672,16.970087,20.818613,18.514273,22.416813
31,22.374321,18.62801,19.91299,14.9273405,14.591619,16.64243,13.719295,19.029945,16.996529,21.289242,22.5096,20.384533,21.498602,18.213243,16.603916,12.312017,11.058729,8.804948,7.524179,8.849097,7.7301116,12.361999,11.130095,15.531515,16.486652,18.612791,17.309765,13.880017,10.4747,5.9287806,6.617515,0.0,8.496142,8.599139,10.919514,14.371329,15.293782,13.461878,10.026463,6.2285767,8.627743,4.5540385,6.1801753,7.5674996,9.28822,12.409798,14.503288,17.904352,18.728079,24.168629,24.371464,27.885227,30.71001,32.093372,28.437244,30.087696,24.85436,26.999474,27.21892,24.952648,21.304699,26.08399,22.63614,25.259375,28.118055,26.031824,22.186054,21.328518,25.842712,23.270376,18.19228,18.790592,17.70792,19.711422,17.812449,15.690642,19.061064,19.1613,21.157866,24.386616,22.61407,18.803078,21.111403,17.66924,15.438705,14.470595,15.893093,12.897618,16.599152,17.346487,21.365465,24.081528,20.211031,21.32498,16.887262,20.544476,18.447615,18.559103,20.844152,19.810415,23.669542,22.347815,27.068497,29.643476,28.821596,26.613987,28.032108,23.177385,27.238474,25.082565,29.034063
32,27.606958,23.993866,23.558428,18.691381,17.423857,17.456104,13.9187765,16.680635,12.834065,17.235931,16.577936,14.136489,16.256325,12.622696,13.424802,8.797347,11.497292,10.196193,12.46376,14.712415,15.487544,19.953493,19.490902,23.82139,24.299873,25.715897,23.847652,20.24388,16.08438,12.703995,10.007399,8.496142,0.0,6.339717,4.462884,8.270029,10.500043,8.538039,7.836482,7.8519874,5.6965537,8.497738,6.6126947,12.037974,10.786413,16.52057,18.340786,22.235079,23.474655,28.538418,29.525457,32.362263,35.997524,36.63906,33.319824,34.072502,28.544266,29.719357,29.010653,26.49831,23.496283,27.284689,23.597528,26.685083,27.967882,27.716791,24.303917,21.903225,26.16248,24.951641,19.965944,18.613913,16.704586,16.861948,13.621964,10.733331,12.61126,12.385096,13.65189,17.103024,15.310216,11.913484,15.88172,13.35135,13.060165,12.771651,17.054012,16.32196,20.566658,22.722658,26.43206,29.866035,26.096502,26.286411,21.296429,23.93149,20.074505,18.817759,19.243708,17.955318,20.627296,18.345991,22.327356,23.797527,24.042171,22.51169,24.85224,21.381943,25.761396,25.00921,29.029905
33,24.071056,21.03476,20.305164,15.328457,15.20418,14.25525,12.923547,15.272772,13.063891,17.760386,18.495186,14.613835,15.169102,11.458438,10.882286,7.658146,8.00209,9.172079,9.342685,13.587581,14.414926,18.226181,18.803963,22.832207,24.706854,26.490627,25.716604,22.338278,17.868809,14.238242,12.523131,8.599139,6.339717,0.0,5.1198654,6.51472,8.439909,8.635666,5.306917,5.095194,8.436011,10.72614,10.944447,15.15167,15.128843,19.998617,21.533365,25.332571,25.809446,31.403166,31.47693,34.530212,37.776318,38.313538,34.339165,35.35652,29.92064,31.649424,30.614113,28.936775,26.042135,30.853472,27.712225,31.027956,33.194,32.38805,28.784767,27.001484,31.566328,29.933012,24.811262,24.184477,22.368847,23.034573,19.802923,17.062056,18.756302,18.14733,18.837055,22.150862,19.567362,16.750986,20.190004,17.232624,17.216475,15.220894,19.564833,17.492645,21.83665,23.421385,27.053469,30.138805,25.345385,25.810837,20.797178,24.521524,20.519995,20.48697,21.106192,21.385063,23.656742,22.753225,26.757586,28.41304,29.201471,27.486788,30.368599,26.346025,30.447407,29.3153,32.97472
34,28.96307,25.742815,24.944069,20.034319,19.364067,18.359863,16.095108,17.690372,14.178357,18.694637,17.843029,14.166817,15.787555,11.858299,13.314756,9.766432,12.296244,12.608474,13.934366,17.39664,18.011927,22.276144,21.969095,26.298979,27.358864,29.190678,27.511272,23.87252,19.935432,16.1173,14.029164,10.919514,4.462884,5.1198654,0.0,4.2846932,6.085609,4.959742,5.031992,7.329575,6.0878506,11.020852,10.583014,15.447303,15.1009445,20.61497,22.616774,26.475891,27.621868,32.8156,33.603817,36.536026,40.054733,40.689163,37.143147,37.95354,32.424595,33.718075,32.747433,30.53211,27.650873,31.619003,28.023373,31.145271,32.29207,32.120308,28.694191,26.256565,30.357727,29.0401,24.084211,22.45113,20.860281,20.162622,17.272018,13.828277,15.026243,14.909491,15.383788,18.867868,16.897179,14.264391,18.837912,16.644632,17.089003,16.29146,21.084726,20.03798,24.386091,26.36507,30.073277,33.387608,29.135025,29.433516,24.365665,27.43921,23.263628,22.3367,22.383537,21.739174,23.823896,21.79179,25.37088,26.299932,27.227093,25.976864,28.657112,25.54952,29.899162,29.340933,33.272163
35,29.68295,26.875809,25.374294,20.751709,20.31849,18.173595,16.991879,17.054558,13.978933,18.26592,17.375977,12.732506,13.712122,9.865997,12.032989,10.026052,12.740953,14.358222,15.677252,19.765678,20.82274,24.71227,25.104807,29.251286,30.819397,32.554493,31.305702,27.753843,23.394547,19.81016,17.493975,14.371329,8.270029,6.51472,4.2846932,0.0,4.5943146,6.3888297,6.9533134,10.014171,10.130867,15.09116,14.682631,19.604904,19.015623,24.60303,26.286297,30.207745,31.036612,36.37392,36.90459,39.70345,43.279465,43.57905,39.8185,40.448025,34.928177,36.169777,34.71374,32.910248,30.360046,34.5,31.209396,34.586956,35.739017,35.873528,32.520924,29.99675,34.172485,33.121593,28.179197,26.481947,24.624166,23.828705,20.469412,17.245497,17.5906,16.987312,16.658928,19.881586,17.431948,15.661495,20.239159,18.322416,19.605322,18.188644,23.639496,22.637497,27.060762,29.147678,32.673237,36.015907,31.347906,31.473133,26.340263,29.531067,24.844368,24.116566,23.591755,23.761316,25.066458,23.588352,26.730331,27.284855,28.995966,27.929081,31.248695,28.365883,32.54026,32.25972,35.923256
