,0,1,2,3,4,5,6,7,8,9,10,11,12,13,14,15,16,17,18,19,20,21,22,23,24,25,26,27,28,29,30,31,32,33,34,35,36,37,38,39,40,41,42,43,44,45,46,47,48,49,50,51,52,53,54,55,56,57,58,59,60,61,62,63,64,65,66,67,68,69,70,71,72,73,74,75,76,77,78,79,80,81,82,83,84,85,86,87,88,89,90,91,92,93,94,95,96,97,98,99,100,101,102,103,104,105,106,107,108
0,0.0,4.608636,6.718048,9.328742,12.496863,13.7370825,17.411383,20.849073,23.292912,26.784935,31.815569,34.008278,35.0726,33.904854,29.397491,27.696081,23.860903,23.298496,19.78808,17.688725,16.871399,14.377143,17.106792,13.478051,18.332996,18.433458,22.181202,21.672468,22.56068,23.098547,24.841091,24.931416,31.250868,28.315842,32.988068,34.527714,35.7625,35.721344,31.190617,27.337511,32.28027,28.603615,30.025684,28.063168,26.897264,25.856411,26.602474,24.328987,27.23456,31.297045,33.546,32.95266,35.061295,37.50453,34.94851,37.751175,36.89846,38.304825,43.356506,40.87144,37.492256,39.849583,37.241875,39.711414,37.473278,41.84936,40.301823,36.646885,32.198696,30.729153,28.98206,28.435005,31.220938,31.376923,35.75268,36.59711,40.338173,43.38792,45.60904,48.647316,44.315647,40.505848,37.558483,34.234024,31.99782,28.177868,26.208288,21.483824,21.19403,18.33278,22.149931,23.60968,20.395864,24.33535,27.127745,27.86104,26.161911,29.157576,32.239017,32.303017,30.621113,29.321846,28.769388,30.392574,29.441046,30.83313,34.304756,34.43394,38.543415
1,4.608636,0.0,4.9274983,6.75235,9.235194,12.0845585,14.332485,18.950253,20.608503,25.053595,29.414076,31.729654,33.149185,32.03696,27.988281,25.748968,22.302925,21.00753,17.91389,15.037299,15.313081,11.568946,15.502249,12.079067,16.865797,16.023237,19.236124,18.937798,19.302917,20.822119,21.85625,23.033346,29.13915,26.958998,31.395737,33.21513,34.845875,34.45516,30.119244,26.133118,30.370838,26.523916,27.437607,24.95589,24.307493,22.71219,23.878687,20.97737,24.294828,28.156546,30.576817,29.56297,32.327797,34.449,32.246857,35.231327,33.929703,35.51169,40.511253,37.634342,34.232735,36.21419,33.523327,35.758053,33.62653,37.690914,36.099567,32.32815,27.79926,26.48442,24.547653,24.285028,27.11506,27.658237,32.02405,33.209137,37.017895,39.968597,42.51064,45.25446,40.683792,36.822815,34.080784,30.567808,28.3944,24.447168,22.12055,17.604286,16.863306,13.844868,17.5786,19.15485,16.140463,19.793974,22.573643,23.622889,21.91538,24.65422,27.723598,28.050804,26.502604,25.388763,25.096308,26.525497,26.13993,27.132414,30.874546,31.090279,35.298626
2,6.718048,4.9274983,0.0,4.9872,6.8218565,8.283462,11.14588,14.824456,17.095018,20.73273,25.788385,27.648476,29.167515,28.343046,23.983467,22.311504,18.886194,18.226212,15.666582,13.728988,14.536799,12.322908,16.861677,14.528626,19.371815,19.00529,21.433245,20.087917,19.645502,20.845428,20.776264,21.632555,26.863976,24.055628,28.737906,30.062187,31.988052,32.00897,27.690298,24.056057,28.687101,25.547838,26.084461,24.552143,24.774492,23.394588,25.45944,22.78849,26.590467,30.524231,32.44531,30.764416,33.50214,34.9039,32.34162,34.963783,33.37282,34.44934,39.350048,36.506218,33.14965,35.82199,33.640995,36.123383,34.816914,38.652824,37.56542,33.909046,29.150824,27.332975,24.749502,23.990788,26.067045,26.20415,30.320257,31.034004,34.89407,37.75281,40.02279,43.155582,38.82539,34.93171,31.818905,28.5984,26.81195,22.35732,21.282627,16.76565,16.892849,14.609952,18.165445,18.654076,14.896555,19.752815,22.323164,22.022165,20.738758,24.459724,27.150932,26.469093,24.929226,23.743694,22.657589,24.188536,22.833094,24.361084,27.67181,27.893646,31.956964
3,9.328742,6.75235,4.9872,0.0,3.7442555,5.9147367,8.695621,12.852488,14.470421,19.069939,23.029844,25.800007,26.762396,25.426558,21.5318,19.064499,15.617468,14.302197,11.2953,8.884773,9.787538,7.6688795,12.482545,11.071989,15.584134,15.472736,17.29531,15.383629,14.896137,15.871364,16.032663,16.880095,22.539982,20.284374,24.71698,26.513414,28.301958,27.913342,23.65548,19.77937,24.05788,20.666588,21.340483,19.729877,19.843103,18.639454,20.87071,18.571968,22.44354,26.48342,28.011335,26.250546,28.723492,30.067112,27.389114,29.998335,28.53843,29.683336,34.643444,31.961626,28.595642,31.35551,29.196032,31.935165,30.67542,34.86893,34.104126,30.842962,26.175732,23.71706,21.619175,20.227186,22.573439,22.284683,26.602167,27.286032,31.022448,34.07774,36.2904,39.336834,35.084305,31.303053,28.278881,25.042343,22.827261,19.124447,17.661001,12.7967205,13.632504,11.971461,15.876862,16.23788,14.3032465,18.671852,20.57477,20.541903,20.348627,23.536346,25.51921,25.1656,24.620672,24.08649,22.898869,23.717506,22.497564,22.733557,26.332794,25.855913,30.014942
4,12.496863,9.235194,6.8218565,3.7442555,0.0,5.330203,5.2641325,10.659075,11.486937,16.773924,20.3181,22.926853,24.353436,23.275377,19.75983,17.072271,14.229755,12.41818,10.573276,7.9777856,10.702155,8.504889,14.1187,13.457682,17.453829,16.75758,17.62164,15.521918,13.960427,15.830767,14.400162,16.345451,21.04254,19.29627,23.515903,25.276455,27.593739,27.10628,23.147516,19.469292,23.10746,20.03554,19.893316,18.305681,19.512022,17.874243,20.929827,18.213972,22.550776,26.289295,27.72918,25.276033,28.339506,28.99001,26.531538,29.091686,27.032396,28.068676,32.881416,29.817217,26.468792,29.197073,27.24673,29.841425,29.137625,32.83602,32.271767,28.972792,24.173908,21.656298,18.963198,17.593271,19.477055,19.39233,23.548016,24.338114,28.193726,31.08594,33.49375,36.453297,32.071476,28.201239,25.17268,21.883282,19.993135,15.7528715,14.727513,10.163858,11.131032,10.028934,13.481168,13.143673,11.139053,15.835081,17.511658,16.94637,17.088654,20.532377,22.243681,21.562902,21.190374,20.834307,19.47087,20.102232,18.939009,19.002354,22.665665,22.2917,26.491879
5,13.7370825,12.0845585,8.283462,5.9147367,5.330203,0.0,6.12537,7.328974,10.100669,13.439564,18.16132,20.644733,21.3768,20.233404,15.921019,14.13908,10.610702,10.463182,8.496334,8.533105,10.053897,11.063664,15.402459,15.480452,19.45999,19.952398,20.792025,17.712994,16.281378,16.454666,15.05697,15.071424,19.1764,15.969994,20.711533,21.832783,23.99267,24.14768,19.977282,16.72221,21.48343,19.308462,19.475933,19.512804,20.755627,20.074158,23.257729,21.563978,25.681852,29.649128,30.430418,27.968348,30.144405,30.527885,27.3741,29.35201,27.63718,28.0049,32.740265,30.284386,27.073076,30.829369,29.454739,32.540924,32.360947,36.284935,36.236618,33.317398,28.594591,25.482494,22.874609,20.6823,21.908007,20.780634,24.631447,24.491425,28.164583,31.134157,32.832634,36.43593,32.661327,28.95786,25.437498,22.774042,21.047192,17.099556,17.596611,13.14321,15.400212,15.037354,18.318903,17.283611,15.262463,20.45545,21.77704,20.054037,20.840282,24.85974,26.06932,24.508854,24.361279,23.98097,21.757463,22.388468,19.786581,20.239218,23.135612,22.299356,26.181978
6,17.411383,14.332485,11.14588,8.695621,5.2641325,6.12537,0.0,6.767502,6.4799695,12.317035,15.433662,17.816164,19.615297,18.891094,15.8022175,13.126354,11.251435,9.349964,9.690489,8.459597,12.455452,11.838989,17.218666,17.680538,21.052755,20.38094,20.092981,17.313065,14.551236,16.559408,12.963831,15.46763,18.21621,16.727629,20.667906,22.08226,25.062449,24.688675,21.196255,18.123186,21.158558,19.08047,17.887848,17.281698,19.99134,18.377338,22.457834,19.922394,24.553497,27.947552,28.846977,25.520496,28.799303,28.341066,25.85749,27.989754,25.295216,25.797562,30.291613,27.02689,23.823711,27.058382,25.78731,28.43642,28.8518,31.953026,32.01717,28.997381,24.19758,21.240894,17.86475,15.963888,16.596819,16.133944,19.794909,20.198322,24.121262,26.807705,29.12532,32.287266,28.059376,24.163168,20.850391,17.855268,16.6079,11.694083,12.586026,9.008058,11.114866,11.608228,13.890866,11.935175,10.312732,15.38768,16.258114,14.0106535,15.382771,19.400978,20.191092,18.437487,18.676245,18.712095,16.506702,16.67005,14.686766,14.430828,17.792238,17.19505,21.33306
7,20.849073,18.950253,14.824456,12.852488,10.659075,7.328974,6.767502,0.0,4.706682,6.223249,11.41413,13.360906,14.3463125,13.818351,9.668291,8.641373,6.767563,7.767376,9.474207,11.428911,14.172479,16.299635,20.485907,21.682812,24.928421,25.29699,24.88598,21.18526,18.516333,18.776342,14.9298115,15.244396,16.033476,12.7970495,17.109627,17.361403,20.558256,21.102016,17.738165,15.7365675,19.628887,19.167562,17.975067,19.609274,22.590513,22.018993,26.275423,24.809277,29.192587,32.716705,32.839993,29.393595,31.715742,30.689096,27.501074,28.780018,26.344994,25.844774,29.99751,27.480976,24.608667,29.119907,28.73865,31.875475,33.105717,36.260094,37.010235,34.492485,29.868591,26.318731,23.0911,20.34286,19.934116,18.127817,20.973415,19.96913,23.51614,26.130468,27.415466,31.450218,28.161957,24.599669,20.658857,18.803337,18.096775,13.880528,16.947113,14.019603,17.176268,18.209536,20.326828,17.80544,16.280758,21.508898,21.923445,18.347569,20.46929,24.96185,25.04771,22.163258,22.749233,22.808725,19.561773,19.620804,15.65972,15.904905,17.758858,16.439848,19.879316
8,23.292912,20.608503,17.095018,14.470421,11.486937,10.100669,6.4799695,4.706682,0.0,7.2782483,8.960552,11.738308,13.264915,12.696309,10.419749,7.7061806,7.785938,6.4674644,9.843598,10.961773,14.854459,16.252247,20.663605,22.300312,24.959435,24.767046,23.50036,19.89451,16.470041,17.661272,12.401906,14.403072,14.187803,12.907157,16.224789,17.077606,20.730139,20.562908,17.819984,15.842907,18.099995,17.657585,15.472862,16.79666,20.751097,19.739355,24.514843,22.804335,27.334417,30.426998,30.432236,26.450684,29.301676,27.652805,24.90597,26.233435,23.166672,22.749956,26.728996,23.697178,20.847208,25.088747,24.878973,27.820396,29.53446,32.233376,33.22871,30.897598,26.408138,22.739527,19.34428,16.450287,15.484372,13.714355,16.392365,15.6529,19.381327,21.924234,23.673939,27.363703,23.754454,20.079512,16.242401,14.184484,13.723895,9.265711,13.060237,11.176684,14.532164,16.405548,17.769302,14.6694,14.481135,18.912533,18.63295,14.840645,17.92337,21.924282,21.311632,18.462233,19.88738,20.548626,17.425327,16.728848,13.410337,12.074314,14.360346,12.585335,16.343994
9,26.784935,25.053595,20.73273,19.069939,16.773924,13.439564,12.317035,6.223249,7.2782483,0.0,7.7393084,7.992842,8.975238,9.659089,5.843496,7.5675445,8.410648,10.658298,13.91645,16.6977,19.341276,22.110706,25.91559,27.583044,30.494326,30.98413,30.052185,26.064922,23.010418,22.989988,18.271637,18.24073,16.206621,12.916109,16.258282,15.1943445,19.064455,20.247597,17.90046,17.387915,20.497663,21.610443,19.70712,22.641785,26.402569,26.110657,30.740683,29.610046,33.956047,37.20041,36.83458,32.927658,35.06702,33.128067,29.90076,30.480692,27.765247,26.444487,29.858315,27.614843,25.24857,30.33531,30.824797,33.957684,36.187584,38.77364,40.119907,37.975117,33.558758,29.816236,26.380789,23.381912,21.76639,19.433681,21.027283,19.035454,22.084604,24.188091,24.730131,29.252945,26.774141,23.608734,19.423676,18.74766,19.084515,15.357229,20.091602,18.395773,21.775766,23.399296,24.851542,21.65925,20.403893,25.35862,25.213163,20.511417,23.341732,27.987024,27.291355,23.433376,24.466043,24.763496,20.856506,20.54366,15.476239,15.80314,16.005863,14.233144,16.612461
10,31.815569,29.414076,25.788385,23.029844,20.3181,18.16132,15.433662,11.41413,8.960552,7.7393084,0.0,5.769595,5.2907805,5.2676377,7.2968745,6.222347,10.245331,10.55764,15.238444,17.810524,20.958363,23.736315,27.023252,29.625818,31.482965,31.739517,29.592403,25.467436,21.817656,22.02529,16.099043,16.976484,12.12711,11.88032,12.821108,12.3268795,16.851234,17.0206,16.19554,16.443811,16.831402,18.972122,15.817784,19.482166,24.292795,24.077396,29.133202,28.425957,32.550533,35.14852,34.109085,29.627743,31.717577,28.637117,25.786676,25.827019,22.541994,20.7037,23.384428,21.078856,19.206644,24.529217,25.86778,28.959845,32.2127,34.273518,36.39783,35.04012,31.179922,26.984127,23.998083,20.4276,17.824554,14.656124,15.004859,12.147371,14.699821,16.669918,16.990839,21.575731,19.488663,16.721277,12.513628,12.946084,13.920583,12.166887,17.766333,17.74404,21.488771,24.198051,24.817394,21.167461,22.175348,25.692776,24.389849,19.777798,24.057997,27.583454,25.541063,21.926811,24.554281,25.834145,22.21794,20.659222,16.652704,14.146427,14.054606,10.444254,12.212934
11,34.008278,31.729654,27.648476,25.800007,22.926853,20.644733,17.816164,13.360906,11.738308,7.992842,5.769595,0.0,5.4878206,8.570744,9.624039,11.006706,14.29413,15.320611,19.733091,22.133211,25.432583,27.814451,31.659927,33.769745,36.122936,36.15913,34.318493,30.4263,26.697489,27.310474,21.34351,22.41165,17.811232,16.738892,17.938074,16.48183,21.001308,21.863312,21.13728,21.626663,22.504879,24.673697,21.547455,24.865017,29.749092,29.22579,34.3413,33.158382,37.505066,40.081097,39.347664,34.729126,37.235935,34.068684,31.429983,31.49282,28.011395,26.13137,28.4095,25.926064,24.277454,29.218046,30.643368,33.332355,36.80989,38.25365,40.250263,38.586475,34.613968,30.926706,27.273382,24.356737,21.281841,18.947348,18.685802,16.076216,18.39,19.4415,19.64556,24.135319,22.335602,19.71939,15.768986,16.511158,18.393583,15.472147,21.497004,21.667355,24.871765,27.271948,27.602682,23.72638,23.449686,27.332407,26.272987,20.740227,24.545523,28.690771,26.815203,22.224714,24.203209,25.155146,21.05691,19.825003,14.833923,14.014409,12.22068,9.721946,10.227029
12,35.0726,33.149185,29.167515,26.762396,24.353436,21.3768,19.615297,14.3463125,13.264915,8.975238,5.2907805,5.4878206,0.0,3.852395,6.8343563,8.975484,12.70227,14.497893,18.764582,22.031134,24.538284,28.01909,30.953098,33.608643,35.561466,36.235706,34.27752,29.932312,26.552387,26.049158,20.667957,20.329792,14.7230015,13.293526,13.739449,11.559809,16.00938,17.210144,17.030272,18.417767,19.204159,22.290808,19.558195,23.99193,28.487946,28.726582,33.61438,33.28793,37.271664,39.96683,38.67274,34.323463,35.86702,32.674633,29.546728,29.050484,26.186213,23.779255,25.87613,24.373232,22.966417,28.65637,30.397354,33.583637,37.064007,39.104797,41.44206,40.239906,36.44502,32.19959,29.271227,25.668633,22.954922,19.644522,19.462242,16.04971,17.695465,19.15567,18.243498,23.320177,22.399412,20.290243,16.283005,17.581459,18.781294,17.417955,23.052156,22.845263,26.649239,29.201885,29.977253,26.332117,26.800903,30.650421,29.465784,24.529581,28.604368,32.438503,30.405365,26.38168,28.759497,29.839823,25.899654,24.57102,19.861536,18.30758,17.125298,13.83309,14.222963
13,33.904854,32.03696,28.343046,25.426558,23.275377,20.233404,18.891094,13.818351,12.696309,9.659089,5.2676377,8.570744,3.852395,0.0,5.646791,6.534817,10.456614,12.188734,16.288828,19.841816,21.950397,25.890053,28.265005,31.254759,32.870045,33.829227,31.76376,27.232111,24.081106,23.018688,18.033564,17.03347,11.11327,9.801766,9.887422,7.9702797,12.527695,13.449824,13.282548,14.831379,15.474339,18.800802,16.326576,21.20641,25.40481,26.026453,30.734436,30.868462,34.612556,37.367905,35.821175,31.692696,32.74257,29.70098,26.30788,25.680447,23.185184,20.708666,23.051718,21.957516,20.468681,26.473806,28.155231,31.649343,34.89411,37.427364,39.83081,38.846516,35.149273,30.59656,28.192204,24.208073,21.951628,18.146149,18.396484,14.862105,16.431093,18.480368,17.4453,22.577883,21.648071,19.581488,15.578747,16.706505,17.166058,16.70847,21.778593,21.289352,25.393934,28.029541,29.076872,25.682838,26.795595,30.475975,29.22738,24.909517,29.124706,32.623955,30.581493,27.154028,29.791864,30.991974,27.311562,25.885704,21.631733,19.411152,19.061615,15.384758,16.378506
14,29.397491,27.988281,23.983467,21.5318,19.75983,15.921019,15.8022175,9.668291,10.419749,5.843496,7.2968745,9.624039,6.8343563,5.646791,0.0,5.103986,6.917318,10.275767,13.519629,17.41007,19.102638,23.224976,25.841108,28.296001,30.569818,31.750736,30.49183,25.985985,23.246576,21.956259,17.777418,16.105568,12.688207,8.652023,11.432161,9.602974,13.418011,15.01257,13.120253,13.745103,16.774935,19.036327,17.496496,21.768806,25.226992,25.8047,30.236807,30.115484,34.017933,37.273003,36.20516,32.49772,33.603344,31.481897,27.785286,27.70267,25.5944,23.68516,26.834822,25.572842,23.526966,29.339394,30.281446,33.8691,36.292755,39.33096,41.15681,39.616554,35.50446,31.163225,28.516314,24.784878,23.271086,19.913776,21.272217,18.452116,20.78571,23.142649,22.70973,27.65601,26.042978,23.42584,19.24782,19.311195,19.208097,17.35275,21.89719,20.22053,24.230679,26.217096,27.891136,24.833086,24.78977,29.299911,28.756826,24.537085,27.952797,32.052006,30.865585,27.435959,29.19754,29.849937,26.095179,25.356302,20.654903,19.74437,19.897003,17.053587,18.88111
15,27.696081,25.748968,22.311504,19.064499,17.072271,14.13908,13.126354,8.641373,7.7061806,7.5675445,6.222347,11.006706,8.975484,6.534817,5.103986,0.0,4.3850217,5.7966886,9.857372,13.401579,15.603449,19.42593,22.011047,24.797363,26.649633,27.580553,25.888165,21.388662,18.426027,17.425308,12.764039,11.8189535,8.656663,6.2853913,9.122349,9.381742,13.203154,13.401849,11.203626,10.763381,12.960023,14.597514,12.68372,16.6979,20.414549,20.84465,25.426035,25.300379,29.185797,32.305164,31.204527,27.407265,28.69518,26.566996,23.006498,23.225712,20.900953,19.365482,22.951828,21.309494,18.966423,24.611603,25.316309,28.960169,31.220999,34.42593,36.234722,34.815666,30.810087,26.30074,23.990854,20.025223,18.826399,15.273669,17.1555,14.7238,17.402584,20.226875,20.459684,24.987005,22.752218,19.898375,15.831439,15.32039,14.582471,13.299034,17.32238,15.746355,19.964022,22.2713,23.863678,20.916859,21.95573,25.871212,25.052454,21.501741,25.26025,28.74457,27.37141,24.633114,26.878963,27.865353,24.567648,23.46121,19.726362,17.577316,18.728777,15.507813,18.061956
16,23.860903,22.302925,18.886194,15.617468,14.229755,10.610702,11.251435,6.767563,7.785938,8.410648,10.245331,14.29413,12.70227,10.456614,6.917318,4.3850217,0.0,4.5220027,6.626777,10.754675,12.194294,16.48618,18.934841,21.424429,23.665163,24.945032,23.940273,19.434658,17.105707,15.574189,12.294861,10.294911,10.270903,6.0674386,10.692037,11.316544,14.06995,14.456481,10.971801,9.331128,13.58517,14.045734,13.378539,16.671204,19.319117,19.899172,23.998655,23.895878,27.721016,31.264198,30.47045,27.236961,28.300318,27.098515,23.280607,23.915596,22.185797,21.17034,25.289074,23.773659,21.114546,26.468613,26.530611,30.27608,31.694174,35.47773,36.824463,35.097164,30.890474,26.512398,24.373947,20.589796,20.337692,17.172476,19.921608,18.095287,21.000277,24.04155,24.512798,28.85402,26.305243,23.258041,19.32496,18.124468,16.710033,14.909435,17.76203,14.972583,19.091599,20.777859,23.06353,20.689232,21.129488,25.476385,25.223291,22.260014,25.31326,28.959112,28.286064,25.948889,27.601639,28.217463,25.129097,24.511127,20.889566,19.46316,21.19619,18.542253,21.547611
17,23.298496,21.00753,18.226212,14.302197,12.41818,10.463182,9.349964,7.767376,6.4674644,10.658298,10.55764,15.320611,14.497893,12.188734,10.275767,5.7966886,4.5220027,0.0,4.812084,7.653987,10.4170475,13.705191,16.546728,19.252207,21.109207,21.822182,20.268648,15.882582,13.018821,12.413787,8.053321,8.068293,9.055027,7.8822293,11.386763,13.349457,16.145565,15.397967,12.206086,9.608375,12.239485,11.566259,10.258941,12.582898,15.777085,15.843055,20.301088,19.864458,23.857094,27.201132,26.525253,23.034988,24.655405,23.37408,19.923676,21.035662,18.845945,18.39029,22.808147,20.673645,17.729448,22.59461,22.338394,25.98238,27.281027,31.035667,32.308346,30.596106,26.44268,22.000574,20.015425,16.131403,16.193897,13.160515,16.449457,15.319698,18.540707,21.765013,22.96647,26.743164,23.569538,20.301489,16.659107,14.791051,12.848161,11.28692,13.422826,10.752139,15.049346,17.132479,19.186724,16.8543,18.366762,22.023453,21.480188,19.132769,22.461084,25.496588,24.642721,22.919407,24.967607,25.896841,23.27087,22.310886,19.678246,17.254122,19.76344,17.04539,20.50296
18,19.78808,17.91389,15.666582,11.2953,10.573276,8.496334,9.690489,9.474207,9.843598,13.91645,15.238444,19.733091,18.764582,16.288828,13.519629,9.857372,6.626777,4.812084,0.0,4.7026005,5.7886825,10.161111,12.365941,15.006743,17.071438,18.368574,17.595963,13.155854,11.48118,9.787234,8.363689,6.6330147,11.476298,9.445621,13.512773,15.787982,17.485758,16.712618,12.679245,8.910874,13.110242,10.936842,11.499413,12.729066,14.061887,14.516734,18.083496,17.952751,21.64425,25.474682,25.04984,22.431986,23.51698,23.439259,19.737717,21.267895,19.995922,20.120918,24.929823,23.170897,20.073717,24.48518,23.54001,27.277573,27.510717,32.0123,32.804302,30.92613,26.742546,22.452244,21.073044,17.455202,18.739662,16.157185,20.042818,19.39484,22.522034,25.917301,27.161732,30.733942,27.45568,24.213736,20.87018,18.626017,16.03707,14.6612215,15.017841,11.055028,14.9584055,16.211529,19.129732,17.774958,18.993681,22.705181,22.717422,21.40679,23.945349,26.795853,26.631323,25.608519,27.156778,27.776545,25.563305,25.01675,22.756815,20.843042,23.783863,21.453852,25.103243
19,17.688725,15.037299,13.728988,8.884773,7.9777856,8.533105,8.459597,11.428911,10.961773,16.6977,17.810524,22.133211,22.031134,19.841816,17.41007,13.401579,10.754675,7.653987,4.7026005,0.0,4.9544187,6.054955,9.719196,11.858485,14.048652,14.435592,13.697661,9.836664,8.028134,8.314082,7.336222,8.619549,14.388067,13.815866,17.314272,20.000551,21.779518,20.527788,16.754799,12.709999,15.613359,12.098709,12.477885,11.314362,12.304856,11.656072,15.155037,14.043025,18.081379,21.934835,22.191395,19.666542,21.640923,22.096664,19.06099,21.38832,19.829866,20.820976,25.80161,23.385014,20.058285,23.365744,21.66882,25.02323,24.549458,29.0859,29.341806,27.09903,22.800549,18.875614,17.600088,14.531612,16.746649,15.170745,19.587172,19.956253,23.344378,26.690819,28.676323,31.623648,27.684202,24.215471,21.32678,18.341444,15.440832,13.684614,12.275709,7.5925126,10.895179,11.802919,14.979817,14.295557,15.950663,19.071552,19.295528,19.07125,21.131025,23.425041,23.66987,23.469797,24.828169,25.445498,23.900316,23.404284,22.214172,20.122309,23.76732,21.9238,25.935135
20,16.871399,15.313081,14.536799,9.787538,10.702155,10.053897,12.455452,14.172479,14.854459,19.341276,20.958363,25.432583,24.538284,21.950397,19.102638,15.603449,12.194294,10.4170475,5.7886825,4.9544187,0.0,6.328263,6.866776,9.577719,11.603399,13.564987,13.771431,9.710643,10.044525,7.5231743,10.166943,8.25589,15.562341,14.07664,17.726177,20.43421,21.205442,20.086163,15.886841,11.552732,15.651967,11.81876,13.928062,13.3150835,12.201787,12.868625,14.913474,15.096959,18.184422,22.444586,22.433401,20.983084,21.586372,23.001226,19.433332,21.581114,21.211596,22.173431,27.2281,25.672903,22.48797,25.989985,24.209465,27.835173,26.762154,31.985554,32.172607,30.187878,26.170166,22.226503,21.755964,18.646414,21.204817,19.260065,23.608553,23.629091,26.659113,30.173903,31.678165,34.795464,31.270962,28.073011,25.202547,22.528654,19.364408,18.40717,16.834305,12.227126,15.097265,15.381174,18.971445,18.893099,20.264147,23.400352,23.85676,23.968561,25.732492,27.946089,28.405874,28.399778,29.6003,30.040407,28.508251,28.212906,26.74994,24.941944,28.404064,26.388496,30.251293
21,14.377143,11.568946,12.322908,7.6688795,8.504889,11.063664,11.838989,16.299635,16.252247,22.110706,23.736315,27.814451,28.01909,25.890053,23.224976,19.42593,16.48618,13.705191,10.161111,6.054955,6.328263,0.0,6.00407,6.3828225,9.23489,9.0564165,9.944313,7.7835035,8.283684,9.379861,11.479492,12.894508,19.794508,19.364021,22.77649,25.657932,26.943243,25.530077,21.632608,17.302101,20.123577,15.597967,16.83926,13.899194,12.767388,11.572975,13.227639,11.414395,15.030206,19.222635,20.476847,19.1493,21.252016,23.176765,20.71536,23.708525,22.721615,24.520502,29.585428,27.122412,23.765247,25.880016,23.270533,26.1652,24.235804,29.194332,28.54297,25.901768,21.712528,18.650763,18.12913,16.203428,19.628822,19.104845,23.755852,24.856699,28.211817,31.52844,33.881348,36.341347,32.058575,28.583557,26.182308,22.78981,19.652178,17.936193,14.686087,9.887255,10.952607,10.128141,14.058481,15.104153,16.497658,18.81877,19.74832,21.174276,22.039276,23.591913,24.758297,25.670403,26.396036,26.707895,26.033548,25.924395,25.688646,23.984999,28.06867,26.775093,30.96075
22,17.106792,15.502249,16.861677,12.482545,14.1187,15.402459,17.218666,20.485907,20.663605,25.91559,27.023252,31.659927,30.953098,28.265005,25.841108,22.011047,18.934841,16.546728,12.365941,9.719196,6.866776,6.00407,0.0,4.6986833,4.753095,7.536708,8.833586,6.468452,9.666877,7.8007717,13.247637,12.6073475,20.446083,20.205038,23.086191,26.317324,26.606182,24.8937,21.074203,16.709112,19.403404,14.413579,17.131273,14.4170685,10.855282,11.294691,10.840895,11.359221,13.228813,17.736656,18.340202,18.39792,18.67623,21.754887,18.925274,21.807713,22.158327,24.121073,29.164518,27.630384,24.493395,26.591446,23.902353,27.121819,24.548777,30.366594,29.8638,27.937248,24.425283,21.068602,21.888342,19.537506,23.258839,22.102404,26.66204,27.48928,30.33365,33.85842,35.782276,38.17402,34.33936,31.278124,29.102833,26.04285,22.436857,22.18581,18.745113,14.4634285,15.833358,15.338132,18.977118,20.276075,22.412138,24.215626,24.825405,26.61093,27.79195,28.849041,29.697289,30.97405,32.09711,32.575333,31.91236,31.61364,31.2733,29.128557,33.10292,31.300564,35.31503
23,13.478051,12.079067,14.528626,11.071989,13.457682,15.480452,17.680538,21.682812,22.300312,27.583044,29.625818,33.769745,33.608643,31.254759,28.296001,24.797363,21.424429,19.252207,15.006743,11.858485,9.577719,6.3828225,4.6986833,0.0,4.9662266,6.5281534,10.164568,9.748888,12.63261,12.224356,16.736168,16.72271,24.420763,23.630909,26.998959,29.942627,30.432636,29.035316,24.988424,20.611298,23.808855,18.927698,21.300457,18.221788,15.054325,14.654303,13.875467,13.070994,14.920446,19.326403,20.921001,21.28303,22.252155,25.615862,23.210293,26.289387,26.377382,28.467371,33.524006,31.631634,28.402279,30.11465,27.12483,29.919815,26.896881,32.43367,31.290638,28.771696,25.090574,22.575743,23.00803,21.50122,25.394869,24.920403,29.58097,30.70253,33.826996,37.24551,39.440205,41.80208,37.65738,34.365173,32.147614,28.81112,25.436415,24.23716,20.5391,16.017223,16.368536,14.750879,18.677856,20.615646,21.675806,23.565079,24.858223,27.028406,27.27362,28.404917,30.03638,31.486347,31.872929,31.941473,31.624231,31.783604,31.698023,30.284536,34.39462,33.151093,37.32683
24,18.332996,16.865797,19.371815,15.584134,17.453829,19.45999,21.052755,24.928421,24.959435,30.494326,31.482965,36.122936,35.561466,32.870045,30.569818,26.649633,23.665163,21.109207,17.071438,14.048652,11.603399,9.23489,4.753095,4.9662266,0.0,4.7426944,7.6640863,8.0490675,12.155476,11.192397,16.935692,16.857748,24.62286,24.811827,27.412735,30.808058,30.900026,28.975521,25.352795,21.05852,23.16803,17.930489,20.719248,17.148182,12.704357,12.812073,10.413671,10.963494,11.370803,15.754812,17.016994,18.339441,18.43906,22.570095,20.440723,23.635292,24.363625,26.824924,31.720346,30.195744,27.166258,28.341408,25.15298,27.936102,24.367138,30.37951,29.321796,27.421358,24.378922,21.69067,23.25623,21.575632,25.795698,25.168772,29.721321,30.978144,33.71144,37.17926,39.33441,41.30351,37.311115,34.34606,32.565926,29.335953,25.628176,25.621407,21.362455,17.487226,17.87535,16.85448,20.270317,22.370916,24.717392,25.700191,26.453485,29.17412,29.899942,30.256746,31.403822,33.41201,34.388706,34.834827,34.702133,34.45621,34.73422,32.527214,36.72759,35.1106,39.185535
25,18.433458,16.023237,19.00529,15.472736,16.75758,19.952398,20.38094,25.29699,24.767046,30.98413,31.739517,36.15913,36.235706,33.829227,31.750736,27.580553,24.945032,21.822182,18.368574,14.435592,13.564987,9.0564165,7.536708,6.5281534,4.7426944,0.0,5.069785,7.884704,11.244558,12.619023,16.987463,18.665504,25.947233,26.71643,29.263754,32.737114,33.390385,31.31354,27.84535,23.504328,24.975754,19.636805,21.533316,16.934473,13.374641,11.994102,9.897377,8.257827,9.22851,13.332142,15.732913,16.695108,18.367584,22.248869,20.974241,24.5829,24.525654,27.349876,32.168983,29.93193,26.834343,27.169716,23.583723,25.776785,21.842592,27.434011,25.851473,23.508812,20.424162,18.421673,20.009521,19.156742,23.676569,23.891024,28.44215,30.29825,33.198067,36.471592,39.1485,40.705757,36.26834,33.166435,31.69361,28.13339,24.582647,24.225925,19.245485,15.818445,15.1089945,13.7102,16.754425,19.442148,22.063337,22.203594,23.030937,26.499651,26.849525,26.60438,27.990719,30.55668,31.397055,31.883575,32.263073,31.993464,33.0273,30.735924,35.177326,33.93476,38.09821
26,22.181202,19.236124,21.433245,17.29531,17.62164,20.792025,20.092981,24.88598,23.50036,30.052185,29.592403,34.318493,34.27752,31.76376,30.49183,25.888165,23.940273,20.268648,17.595963,13.697661,13.771431,9.944313,8.833586,10.164568,7.6640863,5.069785,0.0,4.951385,7.8866897,10.2543745,13.991239,16.659294,23.218206,25.130053,26.956934,30.731497,31.55225,29.035084,26.099068,21.959856,22.109457,16.760586,18.136961,12.8817835,9.554259,7.5120387,5.5240417,3.4075332,5.1972723,9.478115,11.398941,11.676569,13.937049,17.408897,16.55691,20.35039,19.98223,23.068104,27.722569,25.335922,22.339989,22.242128,18.581978,20.822731,17.01774,22.814087,21.693954,19.87903,17.034399,14.313964,16.659073,15.389029,20.001047,20.12543,24.493128,26.537361,29.172747,32.385765,35.165504,36.356983,31.943657,29.053886,27.965273,24.49088,20.798512,21.423098,16.117952,13.61206,13.208151,13.056526,15.299609,17.548185,21.636127,21.091343,21.073124,24.61025,25.81389,25.048658,25.586382,28.365652,29.999968,30.996271,31.324074,30.50851,31.793747,28.613909,33.043026,31.450415,35.452393
27,21.672468,18.937798,20.087917,15.383629,15.521918,17.712994,17.313065,21.18526,19.89451,26.064922,25.467436,30.4263,29.932312,27.232111,25.985985,21.388662,19.434658,15.882582,13.155854,9.836664,9.710643,7.7835035,6.468452,9.748888,8.0490675,7.884704,4.951385,0.0,4.476897,5.347443,9.750175,11.714395,18.492918,20.244799,22.086388,25.840645,26.61337,24.16858,21.155773,17.016285,17.408236,12.071727,13.726067,9.270956,5.940535,4.9787703,5.587663,5.847313,8.588687,12.742571,13.033156,12.126771,13.504447,16.0369,13.955886,17.385363,17.03028,19.597605,24.516052,22.44357,19.3253,20.554127,17.581757,20.681265,18.16952,23.990784,23.778198,22.26287,19.045938,15.209994,16.82196,14.264531,18.310686,17.400564,21.853727,23.254265,25.889727,29.301842,31.656876,33.379776,29.302483,26.40233,24.84946,21.660288,17.83432,18.696041,14.354432,11.304317,12.547081,13.239887,15.851887,17.001284,20.99941,21.510536,21.246624,23.577847,25.49217,25.591114,25.653055,27.522003,29.467249,30.536983,30.1646,29.230797,29.675669,26.396523,30.549992,28.523132,32.435265
28,22.56068,19.302917,19.645502,14.896137,13.960427,16.281378,14.551236,18.516333,16.470041,23.010418,21.817656,26.697489,26.552387,24.081106,23.246576,18.426027,17.105707,13.018821,11.48118,8.028134,10.044525,8.283684,9.666877,12.63261,12.155476,11.244558,7.8866897,4.476897,0.0,5.869083,6.2182107,10.481558,15.996954,18.316198,20.016947,23.690916,25.150429,22.705921,19.953783,16.048338,15.829976,11.0320425,11.165064,6.278854,6.511553,3.9315844,8.18438,6.8855405,10.973304,14.3188505,14.443961,11.721196,14.485298,15.301922,13.370807,16.656784,15.026759,17.370771,22.278015,19.515768,16.218632,17.719496,15.062363,18.225838,16.848242,21.976665,22.185606,20.538727,16.915945,12.55048,13.338037,10.207479,13.969692,13.043162,17.582031,19.123547,21.988523,25.317108,27.919508,29.652212,25.348095,22.248049,20.616848,17.28866,13.552669,14.282063,10.031332,7.3682528,9.3253355,11.130122,13.176976,13.472449,18.05011,18.564594,17.846012,19.65214,22.134909,22.38061,21.95937,23.486738,25.7902,27.09834,26.535498,25.325737,25.79916,22.143112,26.272432,24.194702,28.08804
29,23.098547,20.822119,20.845428,15.871364,15.830767,16.454666,16.559408,18.776342,17.661272,22.989988,22.02529,27.310474,26.049158,23.018688,21.956259,17.425308,15.574189,12.413787,9.787234,8.314082,7.5231743,9.379861,7.8007717,12.224356,11.192397,12.619023,10.2543745,5.347443,5.869083,0.0,6.9685736,6.5925193,13.720795,15.366894,16.998602,20.798887,21.325666,18.882158,15.861959,11.793899,12.359201,7.069901,9.555281,7.359604,4.739057,6.5849824,8.811283,10.6314,13.045354,16.80739,15.7777405,14.202044,14.210441,15.579947,12.106199,14.678795,14.637425,16.351063,21.41681,20.02814,16.974018,19.78067,17.816307,21.66004,20.458492,26.144136,26.815897,25.764557,22.51354,17.947016,19.002415,15.34866,18.367645,16.133133,20.340017,20.787033,23.19722,26.797472,28.479141,30.794716,27.323492,24.605251,22.594807,20.00103,16.162794,17.609661,14.869115,11.801675,14.669661,16.10796,18.717516,18.744877,22.504543,23.93634,23.37392,24.398785,27.053085,27.9096,27.41523,28.3346,30.639935,31.803185,30.698109,29.608332,29.090355,25.690767,29.357014,26.756495,30.410873
30,24.841091,21.85625,20.776264,16.032663,14.400162,15.05697,12.963831,14.9298115,12.401906,18.271637,16.099043,21.34351,20.667957,18.033564,17.777418,12.764039,12.294861,8.053321,8.363689,7.336222,10.166943,11.479492,13.247637,16.736168,16.935692,16.987463,13.991239,9.750175,6.2182107,6.9685736,0.0,6.6264424,10.088676,12.918072,14.272722,17.84553,19.779905,17.431677,15.001214,11.662565,10.977354,7.6188407,6.0826383,4.716771,8.601395,8.126392,13.0424385,12.885829,16.617853,19.548243,18.6281,14.98719,16.955172,15.872985,12.960674,15.061373,12.719093,13.759628,18.68912,16.088123,12.755127,16.325027,15.177162,18.95886,19.559937,23.956848,25.209738,23.996029,20.351082,15.431369,15.057859,10.691639,12.408627,9.615556,13.860278,14.257813,17.15374,20.657568,22.716862,25.179462,21.365862,18.28046,15.936494,13.221656,9.591339,10.902473,9.481734,7.565129,11.579829,14.321575,15.945085,14.523514,18.716434,20.266819,19.064865,18.907152,22.457539,23.65446,22.403936,22.541454,25.37593,26.874409,25.385574,23.867907,23.222069,19.23296,22.71882,19.929447,23.529331
31,24.931416,23.033346,21.632555,16.880095,16.345451,15.071424,15.46763,15.244396,14.403072,18.24073,16.976484,22.41165,20.329792,17.03347,16.105568,11.8189535,10.294911,8.068293,6.6330147,8.619549,8.25589,12.894508,12.6073475,16.72271,16.857748,18.665504,16.659294,11.714395,10.481558,6.5925193,6.6264424,0.0,7.9539723,8.842228,10.631115,14.255306,14.973148,12.871364,9.576464,5.5861096,7.433751,4.4216375,6.5583982,9.1025,9.82059,11.812737,15.090091,16.675196,19.444536,22.898838,21.33578,18.900553,18.60156,18.260414,13.999872,15.050471,14.632951,14.688388,19.568884,18.729738,15.890419,20.584915,19.958822,24.165667,24.533459,29.536161,30.945286,30.037628,26.569078,21.64652,21.62705,17.308443,18.76308,15.304647,18.869799,17.985601,20.252377,23.89754,24.73259,27.96914,25.226336,22.629847,19.870762,18.135508,14.8609085,16.24774,15.970133,13.207705,17.263111,19.241093,21.674814,20.477036,23.51529,26.01411,25.253119,24.599642,27.901112,29.742496,28.76691,28.393759,30.896185,32.069054,30.093054,28.918888,27.180462,23.946514,26.829067,23.71723,26.97036
32,31.250868,29.13915,26.863976,22.539982,21.04254,19.1764,18.21621,16.033476,14.187803,16.206621,12.12711,17.811232,14.7230015,11.11327,12.688207,8.656663,10.270903,9.055027,11.476298,14.388067,15.562341,19.794508,20.446083,24.420763,24.62286,25.947233,23.218206,18.492918,15.996954,13.720795,10.088676,7.9539723,0.0,6.4436493,4.5963,8.486841,10.54238,8.095166,7.356396,7.26706,4.7044396,8.039826,6.025168,11.943402,15.27826,16.849802,20.984844,22.357885,25.277115,27.937143,25.75285,22.217783,22.12741,19.578556,15.629972,15.075535,13.49526,11.534764,15.324183,14.877705,12.817278,18.986889,20.067558,24.245495,26.53305,30.376402,32.788067,32.439342,29.243141,24.08105,23.473837,18.776352,18.243181,13.720623,15.505956,13.016672,14.447825,17.902876,17.729757,21.651152,19.956535,17.951094,14.908503,14.774694,12.66095,15.204866,17.399519,16.527454,20.901287,23.74815,25.190544,22.81677,26.073757,28.533241,27.020437,24.965963,29.291508,31.342348,29.294634,27.912355,31.173153,32.755646,30.169373,28.436522,26.05416,22.189663,23.941162,20.024849,22.314259
33,28.315842,26.958998,24.055628,20.284374,19.29627,15.969994,16.727629,12.7970495,12.907157,12.916109,11.88032,16.738892,13.293526,9.801766,8.652023,6.2853913,6.0674386,7.8822293,9.445621,13.815866,14.07664,19.364021,20.205038,23.630909,24.811827,26.71643,25.130053,20.244799,18.316198,15.366894,12.918072,8.842228,6.4436493,0.0,5.1061296,6.425973,8.380599,8.421632,5.1032357,5.2473946,9.033333,11.337685,11.202973,16.190842,18.455334,20.108685,23.8697,25.002506,28.150978,31.477674,29.795612,26.77653,26.59096,25.041296,20.764002,20.498423,19.559692,17.846876,21.599962,21.29802,19.120255,25.113174,25.751575,29.885029,31.604548,35.704754,37.627346,36.664738,32.95552,28.067156,26.838202,22.464314,22.16699,18.118551,20.333326,17.803473,19.738958,22.941053,22.491478,26.982285,25.359505,23.023138,19.388218,19.026167,17.285856,17.6931,20.315645,18.12966,22.540281,24.66385,26.82153,24.539564,26.191238,29.850048,29.07968,26.47974,30.123655,33.15453,31.867249,29.87074,32.24902,33.250275,30.243738,29.172686,25.78005,23.382467,24.845173,21.416006,23.821798
34,32.988068,31.395737,28.737906,24.71698,23.515903,20.711533,20.667906,17.109627,16.224789,16.258282,12.821108,17.938074,13.739449,9.887422,11.432161,9.122349,10.692037,11.386763,13.512773,17.314272,17.726177,22.77649,23.086191,26.998959,27.412735,29.263754,26.956934,22.086388,20.016947,16.998602,14.272722,10.631115,4.5963,5.1061296,0.0,4.3113956,6.0283375,4.4549837,4.5763903,7.1701393,6.6598353,11.131936,10.358359,16.33312,18.966188,20.96781,24.726427,26.420254,29.176271,32.01021,29.676085,26.471495,25.74435,23.362246,19.153416,17.996601,17.188711,14.671919,17.679998,18.223015,16.688133,23.047815,24.417612,28.618546,30.976038,34.846344,37.34788,37.034332,33.799652,28.658115,27.91305,23.26327,22.526402,17.99572,19.336624,16.262503,17.206139,20.315418,19.13492,23.612278,22.819347,21.185987,17.971159,18.471834,16.884869,18.90815,21.672297,20.473213,24.913773,27.531569,29.219057,26.769428,29.354181,32.352676,31.029669,28.492271,32.71139,35.224747,33.272163,31.409878,34.452442,35.84976,32.898506,31.357185,28.249504,24.991367,26.13768,22.182373,23.991663
35,34.527714,33.21513,30.062187,26.513414,25.276455,21.832783,22.08226,17.361403,17.077606,15.1943445,12.3268795,16.48183,11.559809,7.9702797,9.602974,9.381742,11.316544,13.349457,15.787982,20.000551,20.43421,25.657932,26.317324,29.942627,30.808058,32.737114,30.731497,25.840645,23.690916,20.798887,17.84553,14.255306,8.486841,6.425973,4.3113956,0.0,4.593072,6.038745,6.6997504,10.088829,10.9333515,15.32206,14.467154,20.340036,23.10624,24.96712,28.815136,30.281157,33.22482,36.15745,33.93874,30.652168,30.055536,27.578484,23.434126,22.13533,21.220718,18.44357,20.88231,21.501238,20.211191,26.65344,28.260368,32.34013,34.970024,38.55582,41.09573,40.63218,37.23883,32.209473,30.988653,26.471594,25.282578,20.851694,21.758018,18.26713,19.090014,21.762459,19.99591,24.948246,24.67516,23.156755,19.676413,20.640217,19.728588,20.976887,24.554,23.321733,27.760714,30.264355,31.960037,29.243011,31.101301,34.590294,33.399788,30.185108,34.329494,37.351868,35.441154,32.948,35.755707,36.984016,33.652042,32.272354,28.47914,25.855055,26.319983,22.45411,23.771242
36,35.7625,34.845875,31.988052,28.301958,27.593739,23.99267,25.062449,20.558256,20.730139,19.064455,16.851234,21.001308,16.00938,12.527695,13.418011,13.203154,14.06995,16.145565,17.485758,21.779518,21.205442,26.943243,26.606182,30.432636,30.900026,33.390385,31.55225,26.61337,25.150429,21.325666,19.779905,14.973148,10.54238,8.380599,6.0283375,4.593072,0.0,4.0239286,5.5618014,9.91866,11.063265,15.560975,15.901727,21.813404,23.542116,26.052628,29.236238,31.410622,33.834316,36.843346,34.307552,31.622229,30.055521,28.050611,23.591618,21.924631,22.092237,19.319105,21.62777,23.20522,22.098122,28.472155,29.976395,34.24904,36.476223,40.557964,43.10951,42.886837,39.66726,34.51252,33.84551,29.212662,28.533335,24.011324,25.158995,21.815594,22.311674,25.089308,23.042542,27.756693,27.82783,26.5874,23.400864,24.277115,22.887484,24.65273,27.542137,25.954824,30.400606,32.73142,34.73661,32.382,34.414413,37.850296,36.74867,33.994427,38.01684,40.873714,39.0836,36.9514,39.746464,40.935844,37.72925,36.4243,32.743664,30.111336,30.802715,26.93264,28.313705
