,0,1,2,3,4,5,6,7,8,9,10,11,12,13,14,15,16,17,18,19,20,21,22,23,24,25,26,27,28,29,30,31,32,33,34,35,36,37,38,39,40,41,42,43,44,45,46,47,48,49,50,51,52,53,54,55,56,57,58,59,60,61,62,63,64,65,66,67,68,69,70,71,72,73,74,75,76,77,78,79,80,81,82,83,84,85,86,87,88,89,90,91,92,93,94,95,96,97,98,99,100,101,102,103,104,105,106,107,108,109,110
0,0.0,4.299379,6.571857,9.7368965,12.473625,14.760334,18.310259,21.777622,25.439953,28.620668,32.802765,34.97863,37.412945,38.044647,35.972553,35.467323,34.58345,31.735748,34.33052,29.93527,32.46632,32.33308,34.420208,31.664675,30.28491,28.606699,23.704756,23.356213,25.673664,24.92521,26.446518,27.084084,29.605072,34.135807,32.252483,36.44597,36.563652,32.765804,32.656986,30.82822,25.95375,23.94383,24.304308,21.753273,22.576765,23.233088,23.514364,27.436794,29.438541,29.437347,29.096916,31.451939,29.649883,33.71395,32.929214,36.315994,33.159252,36.685402,37.1187,33.932068,31.545258,29.148703,26.886095,23.127316,23.891012,18.62559,18.963177,16.27109,19.301302,17.86519,19.30618,23.878319,24.551044,30.11482,31.869055,35.012737,38.24578,39.045876,42.27825,43.437943,44.064823,41.417377,37.885715,35.764885,32.26813,32.790855,27.5296,26.935568,23.06864,22.767767,19.57419,21.420609,17.439823,19.6455,23.36973,22.109047,24.428383,21.12325,25.678467,23.800884,29.768467,28.998674,32.439034,35.581467,33.40646,30.509075,31.703976,27.202349,25.477865,24.156855,21.164312
1,4.299379,0.0,5.3131948,6.5316315,9.096672,12.399735,15.033306,19.420658,22.454323,25.998442,29.920118,31.823044,34.189774,34.539673,32.38702,31.605715,30.63231,27.638803,30.174568,25.702608,28.212847,28.233606,30.280062,27.47007,26.36068,24.6542,19.673393,19.260492,21.403044,20.844988,22.387024,23.389551,26.387505,30.858515,29.401424,33.648056,34.053722,30.404348,29.825829,27.616909,23.049995,20.431454,20.703455,17.69994,18.4995,18.981205,19.436861,23.374096,25.534231,25.713905,25.39655,28.080044,26.620388,30.620817,29.62353,33.21658,30.011234,33.50963,34.23908,31.402222,28.821787,26.824718,24.040497,20.598372,21.119068,15.906079,16.737564,13.416457,16.465223,14.239773,15.318377,20.1352,20.747223,26.376879,28.175112,31.105738,34.48043,35.307503,38.585785,39.924038,40.432724,37.629,34.300247,31.966806,28.42822,28.74682,23.500523,22.661753,18.786634,18.551933,15.482314,17.67507,14.049781,15.978094,19.524107,18.113846,20.295713,17.024017,21.566402,19.786945,25.868496,25.161856,28.826025,32.06729,30.043316,27.029058,28.578222,23.707397,22.485197,21.02357,18.52996
2,6.571857,5.3131948,0.0,5.3655334,6.886723,8.874066,12.292716,15.537076,19.30458,22.258514,26.75079,28.795235,31.47323,32.230824,30.61884,30.190805,30.006947,27.183744,30.605375,26.47931,29.56148,30.074621,32.49464,29.53985,29.399593,27.468761,22.281033,21.016678,21.871517,20.490044,21.492144,21.70462,23.33315,28.022566,25.850811,30.000607,30.222387,26.43087,26.529581,25.022589,19.768682,18.472578,18.509907,16.938316,19.00319,20.163593,21.439983,25.603096,27.819103,27.850502,26.845896,29.608683,27.633764,31.15706,29.455685,32.525475,28.695862,31.927872,32.015526,29.081566,26.410795,24.965673,22.806704,19.475681,21.59412,16.10522,17.780365,14.983993,19.203762,16.793919,16.616106,20.967773,20.4295,26.532938,27.110485,30.508629,33.284782,33.690273,36.7581,37.668148,38.222908,35.77946,31.913391,30.110754,26.83188,27.68618,22.682384,23.222408,19.718098,20.554127,18.32129,20.822266,18.289497,19.647957,22.727161,20.734442,22.096273,18.386082,21.846283,19.248995,24.951187,23.60234,26.785797,29.713175,27.264385,24.474436,25.386564,21.335966,19.327517,18.609308,15.661006
3,9.7368965,6.5316315,5.3655334,0.0,3.9246898,6.284059,9.216474,13.265987,16.150698,19.821991,23.47947,25.613934,27.833971,28.398449,26.2379,25.887815,25.160645,22.542664,25.645319,21.680267,24.90802,25.152582,28.024921,25.46582,25.617554,24.150282,19.123873,18.146864,17.934435,17.42668,17.759619,19.393333,21.045368,26.076439,24.4326,28.570976,29.57644,26.07156,25.645773,23.67084,18.717531,16.665806,15.788749,13.3943,16.335209,16.649162,18.53119,22.437574,25.118357,25.728216,25.030842,28.42033,27.246225,30.657972,28.621418,32.04322,28.085402,31.15244,31.68117,29.455542,26.412024,25.88533,22.939955,20.29643,21.904654,16.781956,18.97535,15.368895,18.97852,15.349879,14.439349,19.317062,18.506771,24.75549,25.19894,28.05348,31.054314,31.284704,34.354534,35.54552,35.60516,32.835213,29.077175,26.94434,23.889938,23.987162,19.518679,19.341646,15.91856,16.947338,14.793614,18.392168,15.796978,15.83982,18.530304,16.16219,17.236065,13.353114,16.862217,14.513005,20.23881,19.527073,22.78801,25.995768,24.123224,21.267017,23.379095,19.05498,18.118702,17.734928,15.920503
4,12.473625,9.096672,6.886723,3.9246898,0.0,5.4530783,5.9476967,11.176372,13.572632,17.194546,21.202808,22.808144,25.395624,25.774742,24.134789,23.388645,23.329277,20.383595,24.113625,20.149357,23.521141,24.491085,27.10543,24.175705,25.075417,23.201641,18.108303,16.368462,15.602989,14.326142,14.72955,15.6737995,17.446604,22.289804,20.73699,24.932598,25.852762,22.396212,21.771496,19.75757,14.85188,12.833196,12.120843,10.328814,13.683233,14.655712,16.945572,20.965658,23.521103,23.941984,22.75499,26.180494,24.821514,27.875624,25.433184,28.645702,24.457367,27.408714,27.84275,25.742308,22.617617,22.485664,19.555159,17.250454,19.462904,14.524122,17.347738,13.992827,18.091665,14.328366,12.429452,16.772547,15.284951,21.694553,21.599722,24.665216,27.438517,27.614601,30.663992,31.770542,31.983595,29.326763,25.565147,23.52899,20.368975,20.904282,16.244585,17.005758,13.88528,15.649743,14.440305,17.761675,16.608084,16.74192,18.87999,16.350628,16.753038,12.989796,15.4575615,12.550172,18.234974,16.769266,20.179169,23.231867,20.999641,18.04698,19.720821,15.2722645,14.237968,13.853494,12.242568
5,14.760334,12.399735,8.874066,6.284059,5.4530783,0.0,6.032178,7.2020307,11.025015,14.115955,18.11986,20.674793,23.03395,24.199883,22.557417,22.940546,23.116726,21.08076,25.139448,22.020535,25.907227,26.596989,30.038273,27.635715,28.981417,27.544296,22.672821,20.999157,18.704552,17.624916,16.626528,17.899069,17.026787,22.604198,20.166042,24.037163,25.34549,21.903482,22.244497,21.156948,15.528463,15.35024,13.373834,13.164576,18.018496,18.705875,21.598963,25.369154,28.16054,28.818205,27.542158,31.13449,29.77802,32.497246,29.559256,32.39098,27.713625,30.21244,30.100134,28.244026,24.975466,25.75604,23.348764,21.377817,24.40311,19.521338,22.497473,19.360706,23.54454,19.687426,17.467781,21.571278,19.31755,25.798773,24.539885,27.586487,29.777834,29.274223,31.95391,32.663216,32.446217,30.05877,25.587915,24.142937,21.801834,22.195335,18.770811,20.139957,17.603657,19.8714,18.825928,22.746534,21.179344,20.409883,22.305164,19.401382,19.277067,15.253554,16.757841,13.527632,18.0554,16.790579,19.058187,21.859144,19.749346,17.344147,19.286451,16.437256,15.060349,16.27622,14.791419
6,18.310259,15.033306,12.292716,9.216474,5.9476967,6.032178,0.0,6.954309,7.890135,11.659305,15.5846405,16.888262,19.639027,20.058352,18.906502,18.27662,19.103138,16.411484,21.066782,17.88143,21.772486,23.37494,26.33294,23.565737,25.817282,24.036362,19.387573,17.028502,13.777446,12.093495,10.924492,11.952743,11.886845,17.19443,15.593244,19.643852,21.19856,18.074606,17.406939,15.678391,10.703784,9.721642,7.3783846,7.7896643,13.317744,14.403588,17.797596,21.379416,24.044704,24.66178,23.015186,26.765821,25.638277,27.85539,24.467072,27.239805,22.46057,24.765974,24.956343,23.657896,20.204117,21.754324,18.918139,17.823187,20.888483,16.811884,20.367702,17.39265,21.428526,17.282942,13.916717,17.17798,14.138933,20.507666,18.711632,21.658838,23.780867,23.296824,26.05425,26.947144,26.80009,24.281565,20.102562,18.393967,15.811776,16.445503,12.891877,15.141423,13.232814,16.314293,16.526619,20.140455,20.296791,19.425209,20.485872,17.531744,16.567188,13.05528,13.114612,9.381371,13.914389,11.689494,14.6423645,17.476187,15.097321,12.249442,14.281924,10.590064,10.063165,11.241484,11.072193
7,21.777622,19.420658,15.537076,13.265987,11.176372,7.2020307,6.954309,0.0,5.3372207,7.089432,11.64239,14.35381,16.988085,18.733488,18.082516,19.11573,20.640533,19.300364,24.278019,22.286196,26.551733,27.892683,31.578156,29.345732,31.966702,30.538279,26.088884,23.810085,19.588196,18.020851,15.624348,16.358833,12.209416,18.098076,14.994063,18.29843,20.22875,17.226564,18.220232,18.169151,12.596896,14.615247,11.488343,13.967047,19.974976,20.932522,24.581287,27.949396,30.702126,31.40596,29.605593,33.31936,31.990143,33.8153,29.983957,32.10697,26.88089,28.54147,27.856453,26.781664,23.37004,25.844246,23.942633,23.078562,27.081842,22.954569,26.532671,23.868069,28.19394,24.17528,20.860159,23.833366,20.286156,26.4005,23.308065,26.260807,27.413641,26.049564,28.15094,28.324278,27.723406,25.837267,20.726856,20.193733,18.944736,19.662354,17.898027,20.873793,19.599257,22.878778,23.051914,26.993216,26.648605,25.275715,26.263262,23.085148,21.76974,18.1897,17.297792,13.608221,15.878887,13.794828,14.515067,16.517113,14.11386,12.5191145,14.211008,13.693077,12.336663,15.461809,15.102778
8,25.439953,22.454323,19.30458,16.150698,13.572632,11.025015,7.890135,5.3372207,0.0,4.622181,7.7210865,9.652004,12.271287,13.558954,13.086948,13.888766,15.969661,14.82634,20.145376,18.811224,23.115505,24.884613,28.541273,26.523558,29.938545,28.669006,24.780693,22.37945,16.857042,15.593939,12.159493,13.651151,8.66271,14.597442,12.505334,15.526144,18.417048,16.173555,16.205116,15.731737,11.493048,13.052807,8.979709,12.102928,18.48182,19.121527,23.182774,25.992107,28.760914,29.710075,27.883253,31.823462,31.041697,32.379585,28.177094,30.251078,25.040846,26.252663,25.925644,25.756844,22.20587,25.649256,23.336792,23.378775,27.019297,23.694557,27.508596,24.809107,28.639463,24.305185,20.354828,22.681803,18.662895,24.206854,20.462166,22.797352,23.713448,21.99959,23.920912,24.268805,23.185856,21.113272,16.0615,15.433771,14.81907,15.081728,14.671228,17.96333,17.657011,21.388786,22.439417,26.411592,26.981586,25.032225,25.196753,21.980522,19.850945,16.918312,14.400972,10.833698,11.481783,9.0360985,9.212888,11.251872,9.135782,7.583117,10.850245,10.79828,11.137809,14.620268,15.771805
9,28.620668,25.998442,22.258514,19.821991,17.194546,14.115955,11.659305,7.089432,4.622181,0.0,5.980788,7.9438243,11.106543,13.250458,14.185325,15.56902,18.65307,18.033693,23.530684,22.738895,26.983078,28.977053,32.569664,30.54497,34.249184,32.858856,29.026272,26.372707,20.798553,19.03368,15.639511,15.872937,8.667663,14.03264,10.867804,13.022094,16.030016,14.13198,15.270269,16.12522,12.056028,15.443586,11.822773,16.05842,22.173136,23.208204,27.23601,30.015982,32.601246,33.355175,31.206621,34.927605,33.829998,34.75099,30.248632,31.690584,26.269598,26.96559,25.94995,25.967625,22.593504,26.653393,25.089165,25.410587,29.746056,26.588625,30.484715,28.19887,32.32282,28.249132,24.221603,26.038763,21.678476,26.88197,22.269114,24.757607,24.809893,22.588118,23.95441,23.632502,22.517588,21.192694,15.671935,16.228022,16.444267,17.369596,17.678215,21.791397,21.811289,25.669018,26.891533,30.6393,31.41327,29.62847,29.783623,26.579859,24.352348,21.523102,18.696157,15.241153,14.856892,12.065528,10.72517,11.286516,8.61805,8.579442,9.962929,12.494584,12.024871,16.312492,17.386389
10,32.802765,29.920118,26.75079,23.47947,21.202808,18.11986,15.5846405,11.64239,7.7210865,5.980788,0.0,4.870755,5.8307753,8.877062,9.595204,12.473638,15.51567,16.340351,21.30338,21.821863,25.993464,27.719564,31.737577,30.489027,34.627373,33.835094,30.655867,28.3821,21.802166,21.08687,16.789183,18.545702,11.523575,15.975273,14.198995,15.216967,19.22791,18.348604,18.825403,19.31762,16.651638,19.063406,14.9394655,18.435207,24.656271,24.892567,29.158323,31.292274,34.0581,35.27145,33.446854,37.449722,37.037395,37.7388,33.119057,34.661427,29.450624,29.741686,29.14044,29.966984,26.581022,31.149578,29.169573,29.935831,33.675568,30.886137,34.78872,32.198624,35.785313,31.331242,27.1438,28.910463,24.580126,29.217863,24.445913,25.955671,25.843472,23.17532,24.0692,23.910046,21.765915,20.33211,15.147932,15.79707,17.3177,16.975704,19.24047,22.611944,23.351242,27.206144,28.725365,32.842846,33.660877,31.011652,30.524216,27.303205,24.52224,22.280392,18.401075,15.802619,13.101911,11.613714,8.165316,7.8901134,7.683636,9.093569,12.576168,15.483402,16.523418,20.576942,22.389694
11,34.97863,31.823044,28.795235,25.613934,22.808144,20.674793,16.888262,14.35381,9.652004,7.9438243,4.870755,0.0,4.345681,5.869942,8.954122,10.303171,14.7710705,15.17646,20.452341,21.182394,25.02263,27.48295,30.858267,29.376968,34.049225,32.999817,30.178965,27.575336,20.814146,19.702541,15.470908,16.437855,9.245434,12.265209,11.544387,11.887811,16.337841,16.24552,15.967672,16.44243,15.289559,17.705114,13.977952,18.06569,23.68665,24.210161,28.41133,30.221886,32.66624,33.722656,31.636036,35.457607,35.138958,35.286263,30.436384,31.594917,26.513685,26.311424,25.763618,27.224384,23.978006,29.142673,27.257498,28.696589,32.39359,30.332293,34.311554,32.07219,35.468536,31.209991,26.732412,27.6028,23.009878,26.84218,21.448566,22.640762,21.927677,18.951689,19.505648,19.233753,16.94384,15.722916,10.540014,11.778847,14.074519,14.140852,17.290731,21.380371,22.802204,26.83998,29.021618,32.615856,34.371452,31.945408,31.087744,28.044987,24.967772,23.255064,18.72003,16.280003,12.946404,10.482778,6.636994,4.588908,3.889014,6.71813,9.635245,13.4941435,15.221245,19.17071,21.731174
12,37.412945,34.189774,31.47323,27.833971,25.395624,23.03395,19.639027,16.988085,12.271287,11.106543,5.8307753,4.345681,0.0,3.9339054,6.4948993,9.54534,13.389929,15.119615,19.582243,21.282335,24.9966,27.02469,30.781303,29.963493,34.721077,34.17718,31.763262,29.560074,22.393335,22.137976,17.539623,19.668678,13.28885,16.006115,15.824526,15.828943,20.3955,20.5405,20.1332,20.312927,19.389736,21.16636,17.205368,20.465996,26.127382,26.035624,30.302542,31.725409,34.336624,35.738476,33.990387,37.999947,38.124832,38.306236,33.538147,34.889652,30.017412,29.739157,29.498243,31.217604,27.972292,33.124718,30.953415,32.408604,35.69099,33.647976,37.56823,35.05029,38.12779,33.622738,29.207073,30.301458,25.927567,29.548315,24.436762,24.993435,24.408175,21.351702,21.645943,21.599527,18.632463,17.273712,12.907019,13.83486,16.662916,15.622024,19.703686,22.875677,24.542152,28.408907,30.56144,34.46962,35.982044,32.978325,31.795155,28.769358,25.47159,24.094114,19.201185,17.457226,12.894197,11.936355,7.1966043,4.820417,7.363372,9.911208,13.794502,17.061422,19.244387,22.971165,25.61178
13,38.044647,34.539673,32.230824,28.398449,25.774742,24.199883,20.058352,18.733488,13.558954,13.250458,8.877062,5.869942,3.9339054,0.0,5.174788,6.434625,11.059394,12.628647,16.976034,18.972017,22.33968,24.76143,28.091866,27.298006,32.372375,31.83266,29.855038,27.655947,20.346716,20.30741,15.738695,18.09856,12.967303,14.750553,15.841378,15.889288,20.486753,20.906559,19.575104,19.090513,19.221159,20.160425,16.455698,19.355206,24.443941,24.210655,28.377985,29.39113,31.842829,33.299736,31.607294,35.586716,36.05398,36.00046,31.259775,32.6527,28.08815,27.664225,27.882513,30.003689,26.820673,32.058445,29.604446,31.422462,34.235973,32.709564,36.577343,34.12648,36.808964,32.353127,27.848156,28.476582,24.192675,27.163034,22.110615,22.09042,21.50736,18.478216,18.747112,19.124023,15.89237,14.10453,10.490838,10.9397745,14.206272,12.682269,17.614338,20.615055,22.806015,26.630043,29.207518,32.81752,34.892883,31.876644,30.316772,27.485718,23.964296,23.139784,17.794523,16.50777,11.367075,10.403428,5.859703,2.7822394,6.8367047,9.13075,13.410976,16.00959,19.00033,22.216106,25.360466
14,35.972553,32.38702,30.61884,26.2379,24.134789,22.557417,18.906502,18.082516,13.086948,14.185325,9.595204,8.954122,6.4948993,5.174788,0.0,5.1037397,7.112626,9.861095,13.443444,15.772197,19.317848,20.959562,24.96443,24.726719,29.432665,29.424124,27.557535,25.946627,18.520098,19.575117,14.770226,18.836485,15.019616,17.962557,18.930922,19.880007,24.3,24.060465,22.595259,21.388659,20.760603,20.61802,16.555145,18.059317,23.345554,22.332191,26.53463,27.42143,30.233055,32.092995,30.93956,35.22432,36.074085,36.576183,32.205193,34.282967,29.86419,30.01428,30.712936,32.43903,29.063953,33.655605,30.628471,31.986315,34.19047,32.306747,36.01072,33.07245,35.418312,30.651043,26.41702,27.803122,24.017622,27.405088,23.382622,23.177616,23.625074,21.16248,22.036114,23.015802,19.92207,17.397434,14.242187,13.33008,15.602091,12.851074,17.3796,18.883907,20.798878,24.295664,26.497463,30.595234,32.032303,28.464573,26.788992,23.929628,20.38778,19.681517,14.36363,13.749918,7.9534364,9.171665,5.277276,5.7041516,9.638518,10.516801,16.23333,17.131704,20.358606,23.156511,26.049084
15,35.467323,31.605715,30.190805,25.887815,23.388645,22.940546,18.27662,19.11573,13.888766,15.56902,12.473638,10.303171,9.54534,6.434625,5.1037397,0.0,5.5466924,6.4181237,10.75541,12.737718,15.924848,18.53297,21.66473,20.971725,26.113361,25.77916,24.246502,22.409044,14.953362,15.944925,11.382323,15.413703,13.441224,15.347001,17.542925,18.739868,22.895771,22.7964,20.358122,18.365316,18.892294,17.791203,14.294795,15.492205,19.889767,18.977287,23.021446,23.574299,26.106676,27.868855,26.620882,30.803938,31.884317,32.117138,27.78305,29.897413,25.817093,25.914673,27.10606,29.11232,25.847883,30.398312,27.12561,28.884436,30.63155,29.399012,33.03573,30.328054,32.312233,27.746986,23.37519,24.038406,20.31429,22.963552,19.046549,18.35753,18.982502,16.79533,17.954454,19.481354,16.609337,13.472067,11.251008,9.279226,11.431378,8.109066,13.441733,15.048243,17.614706,21.158955,23.981148,27.48682,29.828148,26.618528,24.641808,22.048248,18.341322,18.22272,12.517637,12.181975,6.523983,6.780026,4.866947,5.8437376,8.994112,9.038588,14.582787,14.430337,18.422016,20.502495,23.913258
16,34.58345,30.63231,30.006947,25.160645,23.329277,23.116726,19.103138,20.640533,15.969661,18.65307,15.51567,14.7710705,13.389929,11.059394,7.112626,5.5466924,0.0,4.657094,6.3465886,9.404579,12.510583,14.040038,17.992413,18.244078,22.952488,23.423208,22.33601,21.39484,14.125296,16.696865,12.402884,18.03531,17.541847,20.132175,22.148981,23.853624,27.850464,27.30739,24.821377,22.2964,22.245394,20.048496,16.551113,15.870313,19.93265,17.926609,21.786234,21.917595,24.804985,27.097536,26.615644,31.04488,32.687645,33.471115,29.694593,32.480946,28.776346,29.387985,31.070948,32.740837,29.412186,33.224766,29.411499,30.71257,31.599838,30.151321,33.483295,30.29279,31.674519,26.850868,22.947367,24.35773,21.471064,24.233637,21.731749,20.687126,22.344053,20.835794,22.376362,24.349548,21.595592,18.132772,16.538755,13.92901,14.979001,10.756681,14.9929495,14.219338,16.507883,19.36751,21.789112,25.73281,27.423975,23.494673,21.155197,18.69418,14.889627,15.386059,9.755111,11.014915,5.1917343,8.798849,8.593253,10.754198,13.798349,13.11757,19.143717,17.629868,21.63431,23.128115,26.210924
17,31.735748,27.638803,27.183744,22.542664,20.383595,21.08076,16.411484,19.300364,14.82634,18.033693,16.340351,15.17646,15.119615,12.628647,9.861095,6.4181237,4.657094,0.0,5.9015393,6.3612533,9.924991,12.579009,15.752045,14.937482,19.813852,19.66843,18.284937,16.98351,9.611126,12.148194,8.140718,14.041439,15.296657,17.7113,20.063513,22.30669,25.83451,25.022562,22.068306,18.956663,19.157766,16.109491,13.104943,11.837249,15.387199,13.543925,17.444483,17.764,20.58233,22.695133,22.044956,26.479372,28.038214,28.907677,25.225513,28.214607,24.62036,25.540749,27.483974,28.92838,25.63212,29.06597,25.056572,26.367878,27.009623,25.774658,29.065756,26.003435,27.318314,22.614004,18.583603,19.728598,16.908443,19.669092,17.575184,16.698286,18.925253,17.961544,20.08566,22.340015,20.266195,16.504065,15.069158,11.717987,11.5420885,7.244691,10.5683775,9.671652,12.187089,15.283396,18.101875,21.67111,23.966455,20.591743,18.359364,15.947617,12.162681,12.69722,6.9499574,8.034115,4.0960746,6.335858,8.605355,11.371337,13.093578,11.441927,17.04651,14.242873,18.472527,19.301424,22.49092
18,34.33052,30.174568,30.605375,25.645319,24.113625,25.139448,21.066782,24.278019,20.145376,23.530684,21.30338,20.452341,19.582243,16.976034,13.443444,10.75541,6.3465886,5.9015393,0.0,5.1482806,6.6517887,8.187601,11.763659,12.679643,17.35133,18.382956,18.369349,18.259556,12.009819,15.916114,12.978121,19.060284,21.184647,23.281542,25.917591,28.04659,31.591265,30.8611,27.71574,24.325548,24.780136,21.090464,18.500986,16.0137,18.215954,15.29268,18.394855,17.543047,20.37138,23.079603,23.363823,27.770521,30.192581,31.213947,28.175457,31.526814,28.661388,29.660103,32.13401,33.695656,30.553143,33.53696,29.17718,30.398634,29.982735,29.074757,31.916021,28.6363,28.966612,24.310362,20.967684,22.226938,20.486502,22.345333,21.558323,19.783195,22.481651,21.972979,23.973495,26.612772,24.338114,20.46004,20.1196,16.673214,16.566563,11.991648,14.965679,11.697037,14.205895,15.985095,18.596813,22.0594,24.106539,20.022911,16.949684,15.212891,11.412918,13.5316925,8.783741,11.8055525,8.745839,12.166774,13.929239,16.378933,18.74231,17.315857,22.8965,19.798752,24.055834,24.367498,27.444906
19,29.93527,25.702608,26.47931,21.680267,20.149357,22.020535,17.88143,22.286196,18.811224,22.738895,21.821863,21.182394,21.282335,18.972017,15.772197,12.737718,9.404579,6.3612533,5.1482806,0.0,4.4030094,6.851082,9.947231,9.303068,13.670136,14.102269,13.3920355,13.276664,7.442804,11.924348,9.983141,16.177206,19.824514,22.238838,24.657913,27.42029,30.43364,29.202509,25.948492,22.158384,22.222294,17.724062,15.699418,12.042647,13.534914,10.295526,13.3966675,12.981603,16.099628,18.753239,19.103462,23.628437,25.880442,27.397423,24.6826,28.439714,25.645817,27.230673,29.834904,30.809124,27.677048,29.902864,25.324118,26.149782,25.371574,24.315186,26.995636,23.627272,23.861567,19.178429,15.974464,17.593248,16.340218,18.672134,18.871885,17.683775,21.152613,21.283783,23.897686,26.613314,25.08083,21.110884,20.431963,16.640799,15.162831,11.230851,11.851713,7.265661,9.241661,10.859395,13.543859,17.00455,19.206116,15.518181,12.662226,10.833356,7.0502605,9.354513,5.4833226,8.790069,8.802032,11.263966,14.60957,17.647112,18.89886,16.671642,21.77843,17.43462,21.42311,21.024046,23.779463
20,32.46632,28.212847,29.56148,24.90802,23.521141,25.907227,21.772486,26.551733,23.115505,26.983078,25.993464,25.02263,24.9966,22.33968,19.317848,15.924848,12.510583,9.924991,6.6517887,4.4030094,0.0,4.8319497,5.8376307,6.064383,10.900066,11.973246,12.946698,13.594512,9.59392,14.171964,13.297794,18.851976,23.423891,25.127716,28.054213,30.691647,33.558365,32.511433,28.878656,24.792091,25.553799,20.600409,19.224663,15.290313,15.090525,11.568095,13.459007,11.647603,14.354029,17.347336,18.363117,22.64202,25.635336,27.023735,24.876404,28.780888,26.771273,28.319105,31.415455,32.58675,29.717348,31.609682,26.857706,27.868801,26.169102,25.840925,28.09762,24.914728,24.222788,19.975718,17.348846,18.298233,17.938753,18.927431,20.161125,18.17737,21.944084,22.578989,25.152487,28.200928,26.777441,22.745472,23.057262,19.117018,17.60064,13.702466,14.300203,8.868727,11.099769,11.42502,14.327679,16.790514,19.588947,16.04691,12.510253,11.806314,8.707531,12.156533,9.652086,12.993203,12.979764,15.248469,18.480558,21.215923,22.592855,20.452414,25.200748,20.647013,24.756546,23.809137,26.66573
21,32.33308,28.233606,30.074621,25.152582,24.491085,26.596989,23.37494,27.892683,24.884613,28.977053,27.719564,27.48295,27.02469,24.76143,20.959562,18.53297,14.040038,12.579009,8.187601,6.851082,4.8319497,0.0,5.7345557,8.297997,10.747324,13.202705,14.325753,16.009218,12.835519,17.672438,16.609604,22.609299,26.639095,29.031275,31.49681,34.26074,37.26948,35.98504,32.69122,28.752495,28.771637,23.918657,22.201756,17.839268,18.067486,14.117746,15.664107,13.98125,16.907415,20.12279,21.711845,25.939314,28.98002,30.84788,29.041107,33.143368,31.088709,32.849964,35.8424,36.73038,33.7613,35.350586,30.540115,31.051136,29.166925,28.305796,30.307346,26.748672,25.806541,21.44947,19.509935,21.425436,21.485548,23.048191,24.60098,22.901924,26.706123,27.22601,29.759777,32.71205,31.082586,27.067581,26.96455,23.15237,21.768427,17.767958,18.17945,12.491834,13.56423,13.07323,14.690879,17.777601,19.098843,14.668533,10.887577,10.513589,8.001136,11.81439,10.636765,14.490637,14.710848,17.923018,20.849163,23.81449,25.508558,23.411896,28.625463,24.120665,27.948069,27.160948,29.583242
22,34.420208,30.280062,32.49464,28.024921,27.10543,30.038273,26.33294,31.578156,28.541273,32.569664,31.737577,30.858267,30.781303,28.091866,24.96443,21.66473,17.992413,15.752045,11.763659,9.947231,5.8376307,5.7345557,0.0,4.7880793,7.338374,9.983068,13.043197,15.042241,13.786349,18.272015,18.442244,23.49453,28.884148,30.35883,33.41659,36.14836,38.77264,37.653263,33.843674,29.520662,30.435108,25.01761,24.224127,19.71271,18.045315,14.309622,14.520162,11.442999,13.474677,16.776096,18.915339,22.661766,26.378119,28.004232,26.871725,31.042406,29.9181,31.679117,35.183125,36.203594,33.608265,34.738457,29.829084,30.628841,27.788204,27.945496,29.49719,26.410336,24.540668,20.935518,19.46781,20.247078,21.185726,21.207592,23.89444,21.590544,25.699648,26.914293,29.524603,32.781544,31.600039,27.594137,28.458881,24.460405,22.68274,19.093843,18.974089,12.97077,14.400452,13.008056,15.233701,16.556118,19.274057,15.96745,12.011159,12.856524,11.224215,15.270444,14.552129,18.007242,18.66986,20.981033,24.311977,27.037344,28.381262,26.155428,30.647785,25.693075,29.620539,28.07532,30.663748
23,31.664675,27.47007,29.53985,25.46582,24.175705,27.635715,23.565737,29.345732,26.523558,30.54497,30.489027,29.376968,29.963493,27.298006,24.726719,20.971725,18.244078,14.937482,12.679643,9.303068,6.064383,8.297997,4.7880793,0.0,5.9050536,6.3901644,9.105216,10.602083,10.366235,14.398351,15.52024,19.823282,26.090588,27.331623,30.396105,33.33195,35.544304,34.289062,30.349693,25.8622,26.924656,21.20867,21.042126,16.427061,13.751178,10.306833,10.124841,6.8729663,9.032038,12.27707,14.191283,18.091885,21.647959,23.364002,22.26899,26.564838,25.510588,27.510424,31.063265,31.840405,29.35089,30.148436,25.21842,26.029888,23.057114,23.470154,25.025976,22.164148,20.356985,16.888174,15.258692,15.554388,16.766743,16.610783,19.843233,17.867514,22.302383,23.903278,26.819284,30.052896,29.403557,25.45033,26.220352,22.15741,19.700184,16.794765,15.462952,9.420476,10.75187,9.227644,12.217732,12.824449,16.726408,14.426963,10.971771,11.646914,10.2114,13.791285,13.378263,16.152733,17.844328,19.160402,23.076569,25.853992,26.495892,23.970379,27.803152,22.378597,26.114925,24.101494,26.640549
24,30.28491,26.36068,29.399593,25.617554,25.075417,28.981417,25.817282,31.966702,29.938545,34.249184,34.627373,34.049225,34.721077,32.372375,29.432665,26.113361,22.952488,19.813852,17.35133,13.670136,10.900066,10.747324,7.338374,5.9050536,0.0,4.2382755,8.235091,11.572008,14.109855,17.908098,19.687405,23.76496,30.35108,32.04992,34.68473,37.956486,39.888573,38.23348,34.500916,29.988306,30.396313,24.44731,24.609869,19.335938,15.962392,12.473162,10.668033,7.548572,9.220423,12.389764,15.434367,18.727528,22.355385,24.901583,24.861591,29.467922,28.837122,31.332191,34.901188,35.0496,32.69733,32.45822,27.492142,27.534828,23.675219,23.863018,24.590485,21.594435,18.745491,15.887229,15.92594,17.029276,19.515385,19.622988,24.001184,22.566376,27.23809,29.13568,32.219936,35.402695,35.003365,31.084003,31.555992,27.51146,24.671364,22.100285,19.739267,13.55197,13.227862,9.985529,11.083986,10.742665,13.594572,11.785117,8.593911,10.869496,11.417457,14.862721,16.561567,19.303545,22.097984,23.610214,27.747221,30.812422,31.250185,28.495037,32.23903,26.378166,29.561546,27.125671,28.943184
25,28.606699,24.6542,27.468761,24.150282,23.201641,27.544296,24.036362,30.538279,28.669006,32.858856,33.835094,32.999817,34.17718,31.83266,29.424124,25.77916,23.423208,19.66843,18.382956,14.102269,11.973246,13.202705,9.983068,6.3901644,4.2382755,0.0,5.2449565,8.154276,12.316573,15.270219,17.919214,21.050596,28.283768,29.661955,32.304543,35.66902,37.210995,35.495586,31.665348,27.07754,27.68984,21.584736,22.388441,17.244127,12.810061,9.971579,7.2226496,3.7772677,5.192073,8.278588,11.296212,14.628679,18.127926,20.786121,20.894526,25.56752,25.098356,27.777765,31.367966,31.307083,29.116318,28.528309,23.59056,23.658802,19.562435,20.13883,20.811584,18.128767,15.215852,12.656279,12.690658,13.124202,16.077848,15.868997,20.805695,19.718994,24.509615,26.71809,29.966991,33.07756,33.132545,29.349337,29.80897,25.823557,22.529789,20.655872,17.383718,11.729044,11.147359,7.7512913,9.547251,7.7834725,12.431721,12.034611,9.744889,11.500604,12.06339,14.819655,16.51953,18.556124,21.930098,22.590832,27.034605,30.023186,29.909683,26.997276,30.059631,23.939524,26.879936,24.012798,25.763302
26,23.704756,19.673393,22.281033,19.123873,18.108303,22.672821,19.387573,26.088884,24.780693,29.026272,30.655867,30.178965,31.763262,29.855038,27.557535,24.246502,22.33601,18.284937,18.369349,13.3920355,12.946698,14.325753,13.043197,9.105216,8.235091,5.2449565,0.0,4.047426,9.6096945,11.905001,14.927627,17.756636,24.856483,26.849863,28.852169,32.525677,33.867966,31.761808,28.314144,23.910835,23.658451,17.61551,18.514637,13.134137,8.73943,6.1120443,3.034454,4.0244994,6.78045,8.746251,10.471531,14.332371,16.543463,19.779251,19.364264,24.092628,22.798885,25.84265,28.95008,28.32913,25.9151,25.11669,20.207289,19.68968,16.237898,15.739844,16.774704,13.576986,11.622755,7.970464,7.7783184,9.700903,12.555401,14.201755,18.727488,18.78227,23.509686,25.488373,28.927723,31.709696,31.940248,28.269283,27.830204,24.023918,20.335945,19.025997,14.613394,9.578628,7.404481,3.4719253,5.0071774,3.9185271,8.967299,9.259385,8.331526,9.054628,10.068722,11.510888,14.073455,15.255144,19.75579,19.89597,24.58522,27.759586,27.116003,23.979996,26.784842,20.438805,22.838003,19.941753,21.215916
27,23.356213,19.260492,21.016678,18.146864,16.368462,20.999157,17.028502,23.810085,22.37945,26.372707,28.3821,27.575336,29.560074,27.655947,25.946627,22.409044,21.39484,16.98351,18.259556,13.276664,13.594512,16.009218,15.042241,10.602083,11.572008,8.154276,4.047426,0.0,7.48271,8.403594,12.165604,14.024941,21.525608,23.218742,25.25012,28.925636,30.055084,27.983702,24.441704,20.011118,20.0026,13.877064,15.261031,10.324326,4.9029417,3.697863,1.0663218,4.992725,7.1788316,8.158314,8.267019,12.536277,14.058078,17.032566,15.950384,20.586515,18.905735,21.986908,24.967484,24.332283,21.875834,21.296265,16.356197,16.139952,13.276771,12.913565,14.627893,11.717257,10.951734,7.0974097,4.919063,6.0094986,8.5143385,10.665329,14.917709,15.483352,20.104881,22.100061,25.612461,28.243805,28.746098,25.239794,24.665142,21.003307,17.031063,16.410261,11.283862,7.5205107,5.369165,3.6873255,6.7451763,5.9864526,11.365556,12.041196,11.479328,11.186209,11.299619,11.928781,13.507277,13.818897,18.388475,17.630924,22.414108,25.39614,24.298996,21.116262,23.3205,16.885746,19.20562,16.101856,17.618647
28,25.673664,21.403044,21.871517,17.934435,15.602989,18.704552,13.777446,19.588196,16.857042,20.798553,21.802166,20.814146,22.393335,20.346716,18.520098,14.953362,14.125296,9.611126,12.009819,7.442804,9.59392,12.835519,13.786349,10.366235,14.109855,12.316573,9.6096945,7.48271,0.0,4.8535876,5.643897,10.294118,16.243856,18.399714,20.652267,24.008112,26.105877,24.43433,20.950003,16.743452,16.785711,11.323454,10.7154665,6.257079,6.2086973,4.0850444,8.087572,9.500417,12.351492,14.0278845,13.341042,17.901121,19.27616,21.036982,18.217798,22.138655,19.156355,21.344393,23.900908,24.21552,21.15548,22.709707,18.039213,18.725533,18.113108,17.109308,19.993914,16.963377,17.805853,13.305886,9.316183,10.512297,8.983278,12.292033,13.061169,13.183727,17.172682,18.011421,21.255503,23.81272,23.427473,19.696482,18.636877,14.842203,11.570773,9.747136,6.1892776,1.449739,3.0717428,6.594452,10.185884,12.674951,16.166199,14.457344,12.940185,11.091275,8.751403,9.187547,7.466215,7.759647,11.130076,10.526781,15.200741,18.21902,17.698914,14.707605,18.181932,12.426779,15.953013,14.470239,17.108479
29,24.92521,20.844988,20.490044,17.42668,14.326142,17.624916,12.093495,18.020851,15.593939,19.03368,21.08687,19.702541,22.137976,20.30741,19.575117,15.944925,16.696865,12.148194,15.916114,11.924348,14.171964,17.672438,18.272015,14.398351,17.908098,15.270219,11.905001,8.403594,4.8535876,0.0,4.8220954,5.978126,13.266639,14.979447,17.08163,20.640654,22.149717,20.334343,16.73057,12.405137,12.64994,6.813614,7.5573983,4.6532564,4.310405,6.0531864,9.389012,11.800824,13.800744,14.381229,12.427326,16.581913,16.846415,18.315098,14.880533,18.45201,14.874484,17.24022,19.462763,19.482872,16.370287,18.033827,13.53137,14.491728,14.935464,13.993327,17.364403,14.967357,16.840635,12.903588,8.273804,8.261406,4.8520813,9.5381,9.278406,10.87788,14.503675,15.4552965,18.88495,21.087973,21.396416,18.077328,16.619825,13.241972,9.122461,9.447582,3.2583315,5.3705606,5.6665883,9.286557,12.4992075,14.043687,17.957767,17.450792,16.749846,14.880503,13.09844,12.469185,10.984919,9.522784,13.070916,10.614709,15.254957,17.850565,16.216799,13.061208,14.98925,8.688284,11.847562,9.80535,12.750547
30,26.446518,22.387024,21.492144,17.759619,14.72955,16.626528,10.924492,15.624348,12.159493,15.639511,16.789183,15.470908,17.539623,15.738695,14.770226,11.382323,12.402884,8.140718,12.978121,9.983141,13.297794,16.609604,18.442244,15.52024,19.687405,17.919214,14.927627,12.165604,5.643897,4.8220954,0.0,6.5533233,10.712363,13.3566265,15.31605,18.604288,21.026323,19.46795,16.255714,12.5488,12.302553,8.123377,6.031089,4.761037,8.731352,8.888783,12.996999,14.896108,17.372963,18.50811,16.87664,21.128773,21.581663,22.719383,18.862595,21.921566,17.844688,19.485516,21.212055,21.78327,18.399733,21.235931,17.227142,18.31107,19.570004,18.117985,21.67596,19.001734,21.154728,16.786234,12.225769,13.06528,9.408381,13.6498375,11.496433,12.530485,15.250584,15.048518,18.052898,20.061813,19.49153,16.04462,13.815663,10.4343815,7.377665,6.361225,3.5234897,6.3399043,7.6755633,11.774921,14.711867,17.504372,20.473911,18.79733,17.74959,15.294785,12.617817,11.730223,8.323761,6.395967,8.532608,5.8212547,10.520005,13.327043,12.213467,9.1302185,12.708576,7.5153627,11.513957,11.402811,14.573017
31,27.084084,23.389551,21.70462,19.393333,15.6737995,17.899069,11.952743,16.358833,13.651151,15.872937,18.545702,16.437855,19.668678,18.09856,18.836485,15.413703,18.03531,14.041439,19.060284,16.177206,18.851976,22.609299,23.49453,19.823282,23.76496,21.050596,17.756636,14.024941,10.294118,5.978126,6.5533233,0.0,8.471591,9.355757,11.43988,14.9502535,16.204287,14.57718,10.772953,6.519078,7.6724424,3.5751421,5.001544,7.5689445,9.389198,11.999303,15.063985,17.453472,18.949196,18.942408,16.132954,19.521572,18.731657,19.201097,14.6988125,16.908304,12.110307,13.761419,14.96038,15.285711,11.861503,15.21603,11.803848,13.638341,16.286026,15.427769,19.258503,17.746006,20.681145,17.389647,12.82581,11.864159,6.9780765,11.069307,6.9985027,10.174741,11.924985,12.011685,15.204693,16.662853,17.398224,14.77658,12.454232,10.081765,5.9101768,8.993282,4.57161,10.698501,11.500705,15.216175,18.112564,19.533487,23.259548,22.972898,22.519049,20.36905,18.348427,17.13753,14.737094,12.209306,14.334455,10.236155,13.813659,15.481952,12.718971,9.866356,9.66674,3.5620666,7.0227203,5.9726033,10.077436
32,29.605072,26.387505,23.33315,21.045368,17.446604,17.026787,11.886845,12.209416,8.66271,8.667663,11.523575,9.245434,13.28885,12.967303,15.019616,13.441224,17.541847,15.296657,21.184647,19.824514,23.423891,26.639095,28.884148,26.090588,30.35108,28.283768,24.856483,21.525608,16.243856,13.266639,10.712363,8.471591,0.0,5.9922853,5.0743794,8.491834,11.287771,9.871019,8.235563,7.833055,6.315556,9.208045,6.734839,12.2580185,16.932158,18.777605,22.51256,24.95996,26.919197,27.244043,24.583578,27.96941,26.89805,27.110777,22.30243,23.428091,18.077393,18.493706,17.885622,18.565102,15.134711,19.950851,18.163664,19.618637,23.739681,21.895523,25.908173,24.259153,27.983368,24.360464,19.87575,20.054989,15.22664,19.380966,13.980838,16.611103,16.329477,14.345204,16.112787,16.121708,15.8472395,14.289812,9.276355,9.406115,8.7334,11.37318,11.230997,16.889177,17.729452,21.80309,24.111975,26.705826,29.21142,28.114601,27.793858,25.014666,22.56109,20.590183,17.221302,13.950851,13.910641,9.32402,9.93827,10.350265,6.194454,4.60187,2.5741994,5.027632,6.228814,10.094063,12.940761
33,34.135807,30.858515,28.022566,26.076439,22.289804,22.604198,17.19443,18.098076,14.597442,14.03264,15.975273,12.265209,16.006115,14.750553,17.962557,15.347001,20.132175,17.7113,23.281542,22.238838,25.127716,29.031275,30.35883,27.331623,32.04992,29.661955,26.849863,23.218742,18.399714,14.979447,13.3566265,9.355757,5.9922853,0.0,5.153443,6.4405575,8.701471,9.160835,5.5380197,5.4483743,8.8010435,11.263935,10.724931,15.752283,18.720695,20.971472,24.234146,26.13566,27.446737,27.39424,24.318027,27.132322,26.04153,25.215883,20.07534,20.19223,15.091966,14.352332,13.522918,15.491111,12.564404,18.494434,17.300327,19.92432,23.94242,23.402584,27.272055,26.364397,29.705517,26.662989,22.143732,20.821415,15.972055,18.24287,11.707491,14.0022335,12.168124,9.7097845,10.937878,10.444753,11.035834,10.323524,6.3605833,7.723107,7.764229,11.737792,12.418394,18.624018,20.25363,24.184675,27.148954,28.85408,32.419983,31.68197,30.99013,28.556522,25.948301,24.663145,20.932388,18.232254,17.544624,12.966565,13.359848,12.641627,9.050273,8.705139,4.1346083,7.4354053,8.986763,11.44931,15.021651
34,32.252483,29.401424,25.850811,24.4326,20.73699,20.166042,15.593244,14.994063,12.505334,10.867804,14.198995,11.544387,15.824526,15.841378,18.930922,17.542925,22.148981,20.063513,25.917591,24.657913,28.054213,31.49681,33.41659,30.396105,34.68473,32.304543,28.852169,25.25012,20.652267,17.08163,15.31605,11.43988,5.0743794,5.153443,0.0,4.291398,6.2505774,5.262812,4.8079214,7.429601,6.9314437,11.88239,10.905291,16.582575,20.46843,22.891794,26.284561,28.80001,30.373543,30.265558,27.19519,30.026863,28.365232,28.043663,23.086555,23.211105,17.779251,17.537413,15.764772,16.502596,13.518881,18.973211,18.451628,20.214808,25.1368,23.64038,27.579967,26.630136,30.657213,27.604156,23.27536,22.791168,17.944996,21.426104,15.417104,18.448385,17.04015,14.825433,15.919191,14.88736,15.403864,15.106027,10.275967,11.932493,11.74735,15.295853,15.090697,21.19916,22.035574,26.006922,28.337523,30.439018,33.19791,32.587902,32.43841,29.749468,27.437744,25.427574,22.253555,18.953527,18.861176,14.290332,14.2466135,13.637147,9.334578,9.179143,3.0419204,8.4225855,7.450406,11.3648815,13.724747
35,36.44597,33.648056,30.000607,28.570976,24.932598,24.037163,19.643852,18.29843,15.526144,13.022094,15.216967,11.887811,15.828943,15.889288,19.880007,18.739868,23.853624,22.30669,28.04659,27.42029,30.691647,34.26074,36.14836,33.33195,37.956486,35.66902,32.525677,28.925636,24.008112,20.640654,18.604288,14.9502535,8.491834,6.4405575,4.291398,0.0,4.664967,6.450134,6.836632,10.267076,11.149395,15.888382,14.858325,20.460413,24.23537,26.53829,29.953598,32.170933,33.62812,33.529263,30.390135,33.068092,31.498877,30.678442,25.58478,25.10411,19.934204,18.87083,16.67677,18.197016,15.742208,21.685238,21.641623,23.80101,28.719198,27.610638,31.503942,30.733345,34.650215,31.657574,27.264698,26.433655,21.566765,24.32409,17.856277,20.34956,18.011833,15.207348,15.314694,13.449882,13.774773,14.535738,9.961936,12.882688,13.934455,17.332838,18.300636,24.415405,25.676308,29.693205,32.241585,34.307976,37.266716,36.480335,36.100452,33.410156,30.85676,29.0596,25.407936,22.33267,21.278849,16.914806,15.871959,14.255246,10.451433,11.526367,6.03769,12.184663,11.696577,15.345422,17.767324
