,0,1,2,3,4,5,6,7,8,9,10,11,12,13,14,15,16,17,18,19,20,21,22,23,24,25,26,27,28,29,30,31,32,33,34,35,36,37,38,39,40,41,42,43,44,45,46,47,48,49,50,51,52,53,54,55,56,57,58,59,60,61,62,63,64,65,66,67,68,69,70,71,72,73,74,75,76,77,78,79,80,81,82,83,84,85,86,87,88,89,90,91,92,93,94,95,96,97,98,99,100,101,102,103,104,105,106,107,108,109,110,111
0,0.0,4.0712714,6.651132,9.945926,12.019822,15.072987,17.418594,21.4826,24.545916,26.409859,30.61519,33.491882,33.540234,33.57725,29.352411,29.605364,27.255507,25.808006,27.274405,24.370043,27.442522,25.234444,29.677732,25.993687,29.477268,26.433626,30.91494,31.852022,27.417252,31.186018,30.106527,33.386242,36.589863,36.317562,39.810375,41.06364,44.56743,44.409767,41.017197,37.91925,40.78448,37.448578,35.80223,34.621895,36.60172,33.498085,33.12357,36.24782,39.48149,40.07783,39.34051,43.060184,42.178352,44.668736,42.23245,45.405624,40.837357,42.761868,43.20312,41.817463,38.43967,38.926777,35.631786,33.46654,32.51877,28.496721,29.29557,24.934214,25.54299,20.521132,19.219051,23.904577,23.340212,28.772675,29.282257,31.28903,34.44489,34.905403,37.87355,39.746113,38.943027,35.830486,32.27616,30.088036,27.553326,26.661465,23.401926,22.185179,19.33088,19.655695,15.954907,17.21554,13.270356,11.407135,13.941461,13.099238,15.346647,18.383852,16.201551,20.440102,21.277851,25.462252,27.837973,30.837866,34.391884,34.50239,31.361425,34.61534,28.864944,29.590477,28.153183,27.427425
1,4.0712714,0.0,5.1423316,6.7467527,8.659161,12.489351,14.05756,18.841543,21.348343,23.673862,27.737364,30.4285,30.516994,30.260183,26.101456,25.971146,23.645908,21.931692,23.504318,20.439234,23.609516,21.709919,26.102543,22.317314,26.156937,23.141045,27.372911,28.106398,23.417639,27.163435,26.037233,29.36823,32.63104,32.485268,35.917347,37.318317,40.76224,40.48912,37.110275,33.98147,36.757412,33.38586,31.74201,30.592237,32.65688,29.628942,29.384684,32.630455,35.823864,36.44071,35.61669,39.428326,38.651207,40.997482,38.396336,41.521584,36.92009,38.78484,39.30445,38.053917,34.62839,35.32726,31.96273,30.033697,29.236193,25.344816,26.42505,22.078959,22.921127,17.85073,15.937179,20.363728,19.82208,25.033072,25.766241,27.52272,30.858784,31.325682,34.292637,36.333317,35.47558,32.22599,28.97557,26.546463,23.927341,22.862104,19.608603,18.136616,15.379565,15.862549,12.430345,14.200778,10.612205,7.9779153,10.41019,9.36273,11.2754965,14.405876,12.403919,16.909985,18.086275,22.428745,24.851276,28.116611,31.697989,31.835814,28.668322,31.883173,25.871796,26.97748,25.27159,25.019276
2,6.651132,5.1423316,0.0,5.283595,6.3788786,8.775523,11.440935,14.887747,18.22037,19.819176,24.168936,27.023766,27.078955,27.357649,23.248232,23.87332,22.013607,20.91077,23.113348,20.95314,24.644066,23.08926,28.031982,24.626635,29.158733,26.49209,30.251759,30.412153,24.821692,28.102974,26.44681,29.38988,31.60485,31.143097,34.577618,35.443996,39.175156,39.29619,36.105247,33.388805,36.222866,33.683857,31.74429,31.481066,34.221615,31.569593,31.679384,35.26493,38.29373,38.841057,37.61998,41.501274,40.553207,42.42068,39.499474,42.166,37.264988,38.831963,38.866116,37.786728,34.356697,35.615246,32.762745,31.013857,31.271069,27.108412,28.812765,24.503645,26.259676,21.099922,18.29519,22.410688,20.921839,26.182072,25.759768,27.306145,30.20459,30.11566,32.861637,34.618988,33.424107,30.511618,26.624367,24.655067,22.742304,21.534403,19.395847,18.895435,16.897715,18.36573,15.672935,18.168402,14.997588,11.863628,13.606249,11.389611,12.235938,13.958086,12.487508,15.354975,16.686478,19.874891,22.891409,25.482729,28.962885,29.630495,26.684149,30.70694,25.110476,26.658573,25.667158,25.838556
3,9.945926,6.7467527,5.283595,0.0,3.9143517,6.3067913,8.792617,12.95388,15.505409,18.031075,22.503351,24.622404,24.235811,23.965366,19.58293,19.89822,17.371832,16.32894,17.989296,15.940371,19.574354,17.968239,23.103384,20.07869,24.871744,22.728027,26.32807,26.091223,20.532024,23.47017,22.248377,24.621307,27.51019,26.654377,30.376759,31.392504,34.859768,34.960392,31.501911,28.597155,31.821379,29.13794,27.634502,27.46364,29.902735,27.456244,28.029392,31.506075,34.561066,35.3653,34.261482,38.363113,37.886738,39.56748,36.281776,38.91279,33.991417,35.312187,35.66662,35.09316,31.528133,33.383404,30.282536,29.144154,29.361002,25.735664,27.681105,23.55573,25.128147,20.24542,16.881035,20.17463,19.134302,23.538424,23.937948,24.708035,28.090433,27.913084,30.565672,32.723846,31.202465,28.007542,24.800781,22.292963,20.464273,18.394423,16.849358,15.112999,13.707595,15.054734,13.25632,16.070194,13.83523,9.846164,10.123308,7.1070547,8.412648,9.729466,10.310652,13.358882,15.808556,18.840227,22.175848,25.094568,28.53621,29.4277,26.530159,30.50278,24.517796,26.745947,25.214386,26.125746
4,12.019822,8.659161,6.3788786,3.9143517,0.0,5.471791,5.454964,10.619834,12.690356,15.221546,19.276318,21.782269,21.960848,21.747751,17.826275,17.793438,16.267815,14.742105,17.584997,15.527491,19.573275,18.931908,23.724163,20.397522,25.610863,23.223661,26.166483,25.755405,19.470404,22.429867,20.432858,23.344069,25.230587,24.976465,28.262705,29.277649,33.002792,32.994972,29.908548,27.279118,29.902266,27.594654,25.529324,25.665712,28.801344,26.481873,26.940311,30.769747,33.59433,34.130474,32.644333,36.634537,35.823326,37.267525,33.9928,36.404495,31.383776,32.738323,32.76308,31.991665,28.487791,30.322992,27.552797,26.349623,27.234974,23.377604,25.710518,21.68116,24.018238,19.165545,15.239509,18.33438,16.544561,21.132154,20.697395,21.606522,24.682262,24.413788,27.078814,29.086966,27.68649,24.589933,21.141039,18.791534,16.981888,15.297767,13.7828045,13.297746,12.156572,14.424297,13.063431,16.359507,14.461258,10.830918,11.5134945,8.766133,7.4150867,7.8812056,7.5291586,9.695827,12.038507,14.979411,18.290293,21.196333,24.656122,25.515097,22.632519,26.726707,20.873722,23.275282,22.033972,23.21394
5,15.072987,12.489351,8.775523,6.3067913,5.471791,0.0,6.1049047,7.0276175,10.677187,12.3967705,17.373638,19.334496,18.716618,19.062096,14.733051,16.186459,14.445931,14.511347,17.0404,16.60706,20.654434,19.82316,25.22776,22.896294,28.306625,26.700687,29.475681,28.475351,22.058807,24.09523,22.258566,23.83241,25.172625,23.795366,27.475433,27.734537,31.509914,32.151917,28.993057,26.744251,30.002468,28.571508,26.788342,27.887985,31.097528,29.29067,30.357582,34.123127,36.864746,37.591118,36.028667,40.149864,39.570946,40.557457,36.85105,38.8019,33.605335,34.41862,34.1906,34.02279,30.514229,33.247463,30.846376,30.15793,31.647352,27.985168,30.624165,26.755938,29.216722,24.488731,20.362583,22.893848,20.922148,24.837934,23.962505,24.137144,26.926723,25.94616,28.15844,30.02078,27.921175,25.186033,21.445717,19.49557,18.89812,16.392159,16.931866,16.416548,16.332027,18.649609,17.911625,21.184528,19.46933,15.524611,15.309689,11.955076,11.46382,10.166666,12.096072,12.157629,15.0567045,15.925323,20.096596,22.055168,25.198778,26.909773,24.457594,29.314135,23.986479,26.924498,26.143238,27.750896
6,17.418594,14.05756,11.440935,8.792617,5.454964,6.1049047,0.0,6.8430634,7.428773,10.437018,14.112952,16.480066,16.9667,16.67592,13.261524,12.985233,12.684565,11.148594,15.264434,14.121267,18.470718,18.998919,23.51707,20.593092,26.327623,24.345142,26.23617,25.138174,18.076399,20.295195,17.560846,20.202583,20.70494,20.628016,23.580725,24.358934,28.312624,28.410486,25.689629,23.539595,25.776182,24.353758,21.889444,23.003088,26.903547,25.16482,26.00467,30.10304,32.55332,32.96129,31.032135,34.995056,34.12393,34.919636,31.289177,33.138447,27.925915,28.911955,28.535084,28.078062,24.60274,27.1988,24.977064,24.330618,26.370665,22.739264,25.758743,22.203934,25.315775,20.951488,16.306541,18.145502,15.614979,19.316126,17.93883,18.126308,20.847038,20.013197,22.399382,24.367107,22.60434,19.641079,16.131042,13.849938,12.837082,10.708861,11.064499,11.814577,12.196445,15.357648,15.412977,19.036179,18.095682,14.695039,14.680486,11.969751,8.75527,6.373949,7.625851,6.1272306,9.441987,10.635447,14.544435,17.114534,20.37667,21.728584,19.162518,23.69915,18.214012,21.478487,20.607986,22.730425
7,21.4826,18.841543,14.887747,12.95388,10.619834,7.0276175,6.8430634,0.0,5.2405944,5.4346247,10.682341,12.644274,12.396357,13.453333,10.099194,12.309363,12.77868,13.449833,17.313856,18.130873,22.297579,22.764471,27.702278,25.753382,31.585339,30.25242,31.92496,30.290833,23.192495,24.357801,21.644487,22.774052,21.810658,20.549593,23.59555,23.138775,27.313482,28.311012,25.866396,24.546974,27.160627,27.187983,24.860502,27.228249,31.359781,30.237965,31.587742,35.636547,37.89364,38.37788,36.264725,40.21402,39.404606,39.608723,35.6349,36.78237,31.459593,31.78466,30.829588,30.968798,27.687443,31.177216,29.692104,29.48478,32.34405,28.804663,32.09326,28.717258,32.073635,27.750319,23.071108,24.611593,21.777086,24.88957,22.58537,22.135109,24.017176,22.206858,23.839151,25.288456,22.692192,20.590727,16.41441,15.297762,16.225307,13.715756,16.476841,17.650383,18.754961,21.869299,22.121126,25.702763,24.612144,20.954111,20.608206,17.446337,15.227231,12.192261,14.4118595,11.296243,14.089861,12.116715,16.804436,17.582853,20.20133,22.732134,20.92313,26.409815,22.085869,25.705667,25.696705,28.077211
8,24.545916,21.348343,18.22037,15.505409,12.690356,10.677187,7.428773,5.2405944,0.0,4.5525537,7.839823,9.175664,9.652643,9.657948,7.2792993,7.8646235,10.0379305,10.037572,14.8408375,15.857692,19.904598,21.441431,25.630995,23.789637,29.736223,28.57797,29.378788,27.384964,20.091164,20.75078,17.581026,18.70579,16.776554,16.142303,18.704073,18.50348,22.791052,23.499485,21.36183,20.281958,22.280884,22.717546,20.108458,22.9675,27.494167,26.768562,28.281107,32.393826,34.326313,34.699757,32.35965,36.214508,35.458874,35.267296,31.123505,31.96297,26.644,26.760845,25.719147,26.117147,22.86968,26.839447,25.599567,25.917648,29.28602,26.213821,29.80528,26.922668,30.529055,26.771349,21.846138,22.326012,19.415354,21.466103,19.04657,17.860802,19.656387,17.61474,19.063213,20.770529,17.983944,15.682777,12.172208,10.659485,12.186524,9.221756,13.440338,15.074761,17.077543,20.436342,21.630047,25.26081,24.981096,21.629665,20.937902,18.180449,14.866041,10.966014,13.721673,9.335805,12.427132,9.590746,14.078031,15.095412,17.48961,20.02988,18.41818,23.558624,19.346058,23.496178,23.304668,26.352072
9,26.409859,23.673862,19.819176,18.031075,15.221546,12.3967705,10.437018,5.4346247,4.5525537,0.0,5.4516997,7.6501427,8.520088,10.256193,8.9764185,11.071114,13.708175,14.419979,18.967691,20.342384,24.348343,25.724333,30.077833,28.314949,34.25801,33.045532,33.89586,31.91222,24.589191,25.154871,21.836788,22.766832,19.809393,19.028597,21.166552,20.18326,24.63021,25.78143,24.138105,23.65828,25.411985,26.594461,23.816502,27.037521,31.786356,31.171768,32.616806,36.79202,38.62644,38.87755,36.37185,40.076756,39.062035,38.662792,34.604465,35.09096,29.80912,29.76923,28.196177,28.523169,25.55227,29.50652,28.827991,28.988834,32.81412,29.485477,33.14539,30.24949,34.14855,30.2458,25.379,26.158009,22.851072,25.198214,21.867329,20.95373,21.923483,19.473795,20.511402,21.521687,18.573078,17.172262,12.774829,12.665287,14.961721,12.886107,17.057722,19.424799,21.180391,24.642445,25.483927,29.14358,28.481874,25.117008,24.760641,21.845667,18.763151,15.173361,17.150734,12.428369,14.625707,10.424122,14.947213,14.563382,16.496462,19.674006,18.551268,24.270266,21.000034,25.003347,25.569162,28.465826
10,30.61519,27.737364,24.168936,22.503351,19.276318,17.373638,14.112952,10.682341,7.839823,5.4516997,0.0,4.803075,8.359811,9.944402,11.252032,11.947922,16.22783,16.332897,21.369785,22.709547,26.490898,28.69234,32.313335,30.486984,36.39928,35.12219,35.183495,33.043583,25.676582,25.900053,21.982239,23.167246,18.335892,18.726099,19.531496,18.392412,22.99462,23.942223,23.291105,23.547804,24.014618,26.089506,22.746267,26.494087,31.809116,31.576918,32.911594,37.17762,38.562634,38.495018,35.61039,38.953632,37.6341,36.703617,32.74605,32.62445,27.509558,27.25752,25.032644,25.312729,22.76816,26.890732,27.073652,27.492683,32.184322,29.106022,33.021614,30.680874,35.047977,31.655218,26.77741,26.842062,23.167053,24.763575,20.443907,19.253866,19.132515,16.172216,16.59077,17.035992,13.956327,13.417187,8.872485,10.183049,13.636186,12.606077,17.391073,20.914427,23.03327,26.717066,28.00212,31.642145,31.384102,28.43507,28.20403,25.645565,21.7853,18.077656,19.424402,13.804628,15.087724,9.381023,12.880139,11.325844,12.345671,15.997668,15.6501045,21.250982,19.197823,23.398445,24.491188,27.80104
11,33.491882,30.4285,27.023766,24.622404,21.782269,19.334496,16.480066,12.644274,9.175664,7.6501427,4.803075,0.0,4.4253325,5.980917,8.983778,10.035973,14.677914,15.680223,20.056952,22.37164,25.703783,28.11375,31.530058,30.469223,36.290848,35.644768,35.358326,32.76806,25.746487,25.095554,21.61934,21.474272,16.152706,15.591012,16.36334,14.480209,18.987457,20.450678,19.924591,20.728594,21.484499,24.392765,21.594246,26.008503,31.047235,31.341978,33.186478,37.202045,38.435406,38.58223,35.78715,39.19587,38.346184,37.041782,32.717762,32.22538,27.22291,26.356169,24.25144,25.453726,22.987354,27.957888,28.164206,29.285128,33.95059,31.43353,35.397438,33.268925,37.37315,34.227795,29.272562,28.76955,25.537193,26.183609,22.60216,20.469454,20.54811,17.316917,17.122343,17.869629,14.029378,13.667739,10.924128,11.719282,15.647195,13.627802,19.42638,22.018238,24.72429,28.162231,29.971954,33.55397,33.682518,30.550768,29.719612,27.105854,23.545786,19.419939,21.977682,16.61932,18.564783,13.271832,16.551334,15.27093,15.784407,19.4649,19.395123,24.509872,22.461123,26.92433,27.615093,31.252354
12,33.540234,30.516994,27.078955,24.235811,21.960848,18.716618,16.9667,12.396357,9.652643,8.520088,8.359811,4.4253325,0.0,3.8120778,6.319321,9.179492,12.776758,15.034256,18.428467,21.56443,24.657513,26.650187,30.384825,29.950453,35.69043,35.53123,35.505573,32.718906,26.013342,24.974054,22.225782,20.948431,16.683008,14.418312,16.229778,13.846048,18.00641,20.089819,18.918594,19.636795,21.576902,24.457952,22.452303,26.918468,31.377764,31.787298,34.02167,37.801212,39.207157,39.6848,37.18355,40.832684,40.43726,39.226223,34.651386,34.297405,29.301487,28.208075,26.584206,28.293974,25.653492,30.92318,30.674112,32.002262,36.180103,33.815052,37.6623,35.342278,39.043297,35.75461,30.786787,30.374313,27.580433,28.144438,25.448355,23.041315,23.781145,20.714487,20.602888,21.73144,17.744024,17.012512,14.852923,14.85432,18.376883,15.40915,21.323822,22.75314,25.576725,28.70521,30.56001,34.08855,34.207325,30.752718,29.475708,26.64407,23.80181,19.558,23.122684,18.4003,21.022413,16.409704,20.146832,19.33433,20.114151,23.721876,23.409296,28.529446,25.91441,30.412825,30.705482,34.283512
13,33.57725,30.260183,27.357649,23.965366,21.747751,19.062096,16.67592,13.453333,9.657948,10.256193,9.944402,5.980917,3.8120778,0.0,5.046878,6.1855907,10.283321,12.364123,15.579457,18.874321,21.653244,24.048187,27.335064,27.120998,32.746304,32.818733,32.445293,29.48271,23.018433,21.589066,19.022324,17.314886,13.093456,10.622111,12.6208935,10.581815,14.793634,16.640457,15.212795,15.845408,17.862072,20.742706,18.96582,23.556387,27.858952,28.478075,30.893105,34.532036,35.843567,36.40236,33.97828,37.65685,37.52662,36.252354,31.542105,31.213074,26.27311,25.047909,23.762363,25.80629,23.08197,28.615063,28.156004,29.841593,33.83844,31.886578,35.70475,33.60123,37.09564,34.125263,29.19413,28.277489,25.839579,25.7309,23.682634,20.790653,21.907307,18.99721,18.902517,20.545166,16.540392,15.280441,14.256378,13.485961,16.82419,13.399826,19.586498,20.489214,23.660828,26.602707,28.893328,32.305996,32.853687,29.526146,27.94444,25.354366,22.387234,18.025759,22.042238,17.577732,20.466848,16.434902,19.884293,19.775776,20.693232,23.915222,23.43481,28.043905,25.066862,29.691166,29.518948,33.30051
14,29.352411,26.101456,23.248232,19.58293,17.826275,14.733051,13.261524,10.099194,7.2792993,8.9764185,11.252032,8.983778,6.319321,5.046878,0.0,5.083159,6.6861644,9.650286,12.465142,15.760925,18.867926,20.472452,24.528566,24.235771,29.932844,29.968517,30.360247,27.632269,21.139147,20.241549,18.187489,16.634531,14.85799,11.718799,15.203405,14.04219,17.846794,19.453388,16.898228,16.310946,19.566624,21.02597,19.64454,23.414015,27.21793,27.315716,29.712006,33.31667,35.086216,35.886448,33.800617,37.78667,37.81243,37.1364,32.466637,32.841873,27.73649,26.967897,26.259409,27.950918,24.826862,29.90447,28.674852,29.966732,33.19939,30.969011,34.54687,31.982891,35.08286,31.717436,26.845854,26.527843,24.399576,25.023197,23.711014,21.274315,23.255785,20.853449,21.502861,23.482904,19.864601,17.852957,16.143667,14.56763,16.87217,12.828875,18.250313,18.15976,20.991495,23.710667,25.644587,29.03938,29.303415,25.696032,23.963356,21.136042,18.830183,14.580742,19.201933,15.622018,19.088844,16.155975,20.212858,20.857096,22.52772,25.468239,24.362322,29.163893,25.234306,29.673588,29.115057,32.53345
15,29.605364,25.971146,23.87332,19.89822,17.793438,16.186459,12.985233,12.309363,7.8646235,11.071114,11.947922,10.035973,9.179492,6.1855907,5.083159,0.0,5.4564114,6.2411337,10.156743,12.82847,15.7985735,18.414772,21.585184,21.011887,26.703077,26.640871,26.37699,23.541588,16.951082,15.857838,13.391722,12.258173,10.197489,8.306826,11.493261,11.604275,15.47517,16.154415,13.586195,12.621777,15.185308,16.315403,14.60482,18.444101,22.530718,22.760052,25.135557,28.791786,30.366135,31.053116,28.85965,32.787373,32.855625,32.10037,27.398233,27.828356,22.729395,22.037088,21.579962,23.301838,20.094995,25.2595,23.914335,25.520536,28.777058,26.971542,30.595322,28.416098,31.517357,28.654701,23.813631,22.730923,20.806793,20.580605,19.699434,16.785828,19.070948,16.93422,17.722534,20.195457,16.8624,14.220742,13.721745,11.304748,13.264784,8.930083,14.704394,14.575405,17.904562,20.626362,23.172976,26.468187,27.336033,24.15268,22.350742,20.061224,16.958998,12.606322,17.144505,13.556015,16.97349,14.643338,17.980635,19.370697,21.095257,23.471685,22.243809,26.304893,22.1647,26.697443,25.720999,29.42054
16,27.255507,23.645908,22.013607,17.371832,16.267815,14.445931,12.684565,12.77868,10.0379305,13.708175,16.22783,14.677914,12.776758,10.283321,6.6861644,5.4564114,0.0,4.60761,5.795287,9.44934,12.26359,13.902365,17.860008,17.846785,23.407139,23.807438,24.298279,21.524366,15.571271,14.573793,13.628704,11.606751,13.252645,9.944106,14.507214,14.999897,17.937965,18.657385,14.942081,12.7616,17.076752,16.723162,16.256845,19.037054,21.901432,21.793179,24.430796,27.707726,29.740301,30.883541,29.283669,33.51875,34.097305,33.884903,29.190214,30.253168,25.301842,24.826973,25.18178,26.918585,23.515041,28.283463,26.098589,27.551014,29.68867,27.977743,31.185015,28.666603,30.98505,27.922432,23.334063,22.650116,21.567432,21.648298,22.202398,19.58805,22.74644,21.199322,22.398336,25.125708,22.059217,19.080324,18.508123,15.634078,16.432161,11.7763605,16.023064,13.790375,16.815908,18.80036,21.209557,24.271336,25.106441,21.62066,19.189415,16.773888,14.958645,10.968845,16.702812,14.862876,18.806423,17.914808,21.509375,23.506067,25.672447,27.793875,26.128906,30.095997,25.164825,29.40547,27.852772,31.159948
17,25.808006,21.931692,20.91077,16.32894,14.742105,14.511347,11.148594,13.449833,10.037572,14.419979,16.332897,15.680223,15.034256,12.364123,9.650286,6.2411337,4.60761,0.0,5.6821346,6.7076526,10.19428,12.740559,16.034689,14.944099,20.750101,20.534555,20.7481,18.192087,11.555255,11.295213,9.577469,9.501537,11.6729965,10.578663,14.273537,15.873667,18.915684,18.697315,15.249793,12.566011,15.743469,14.300671,13.140524,15.25186,18.56252,18.067802,20.361605,23.937714,25.988512,26.927404,25.199823,29.432743,29.801834,29.823296,25.299204,26.729803,21.709272,21.733015,22.291632,23.514902,19.971233,24.268595,21.783115,23.094423,25.086195,23.41855,26.622557,24.227776,26.625809,23.785473,19.185871,18.149845,17.150896,17.063017,17.99713,15.504772,19.090715,18.066694,19.716179,22.697044,20.221077,16.738947,16.515924,13.052894,12.877007,8.309776,11.805788,9.38647,12.712493,14.89203,17.656303,20.741661,21.930462,18.859755,16.665297,14.766815,11.900943,7.9129796,13.294904,11.769839,15.584648,15.674697,18.672491,21.393051,23.787258,25.301704,23.366474,26.764193,21.482582,25.594532,23.694748,27.027744
18,27.274405,23.504318,23.113348,17.989296,17.584997,17.0404,15.264434,17.313856,14.8408375,18.967691,21.369785,20.056952,18.428467,15.579457,12.465142,10.156743,5.795287,5.6821346,0.0,5.17796,6.7049556,8.615316,12.114369,12.7393,17.964956,18.973726,19.437384,16.56006,11.777876,10.468676,11.372126,8.726905,14.056968,11.254021,15.801272,17.47607,19.396618,19.320524,14.98508,11.503246,16.380733,14.112928,14.882855,16.334137,17.819727,17.567999,20.500332,23.248753,25.49916,27.02736,26.007748,30.391588,31.583048,31.776352,27.167461,28.815695,24.26338,24.024284,25.358921,27.138565,23.699583,28.02007,25.069275,26.703959,27.705343,26.676262,29.410212,27.097616,28.528,25.96798,21.899933,20.73405,20.85021,20.191277,22.565353,19.887794,23.81233,23.035618,24.51535,27.669607,25.111433,21.671387,22.036337,18.568842,18.239693,13.80021,16.425117,12.167282,15.136577,16.013176,18.941532,21.430027,22.95741,19.834696,16.715366,15.074115,14.019334,11.071934,16.965723,16.836935,20.705256,21.289906,24.275043,27.07504,29.436264,30.9387,28.978163,32.124832,26.659912,30.575241,28.225573,31.353941
19,24.370043,20.439234,20.95314,15.940371,15.527491,16.60706,14.121267,18.130873,15.857692,20.342384,22.709547,22.37164,21.56443,18.874321,15.760925,12.82847,9.44934,6.7076526,5.17796,0.0,4.358877,6.6337023,9.823528,8.483283,14.256417,14.359294,15.247698,12.988072,7.6682677,8.328453,9.241506,9.539032,15.600584,14.725669,18.446857,20.837652,22.927553,22.127424,18.137999,14.346182,17.960678,14.164558,14.3874445,14.177157,15.508388,14.236754,16.58962,19.573921,22.188763,23.6173,22.74823,27.202702,28.21472,29.04598,24.844475,27.212833,22.733858,23.266771,24.91645,25.907347,22.36618,25.69575,22.147573,23.287226,23.488953,22.40916,24.824034,22.412159,23.499392,21.01238,17.206888,16.084368,16.795639,16.437513,19.729517,17.719288,22.137304,22.110445,24.153374,27.421207,25.567179,21.75452,22.039965,18.234188,16.671385,12.917502,13.459436,7.9938483,10.533908,10.926218,14.073638,16.41025,18.271156,15.563396,12.489366,11.589409,10.200749,8.373821,13.532946,14.815156,18.357847,20.387453,22.824652,26.34197,29.037582,29.877832,27.530384,30.103746,24.148521,27.60281,24.775875,27.555729
20,27.442522,23.609516,24.644066,19.574354,19.573275,20.654434,18.470718,22.297579,19.904598,24.348343,26.490898,25.703783,24.657513,21.653244,18.867926,15.7985735,12.26359,10.19428,6.7049556,4.358877,0.0,4.8543067,5.8456087,6.4499354,11.349644,12.782514,13.098086,10.347051,7.6504874,6.918769,10.112875,8.907941,16.63992,15.5386915,19.126781,21.861324,23.118258,22.04176,17.832127,13.67428,17.578573,12.969735,14.576708,13.683653,13.315364,12.400284,15.330139,17.458677,20.05749,21.925594,21.6237,26.068573,27.787611,28.640383,24.446882,26.927969,22.993942,23.342024,25.631762,27.022316,23.68309,26.9882,23.218307,24.80251,24.342306,24.114494,26.156614,24.205921,24.56169,22.795298,19.604017,17.842781,19.407442,17.994183,22.305672,19.95625,24.464138,24.6612,26.507135,29.93714,28.153488,24.350288,25.415987,21.561556,20.00279,16.406345,16.8309,11.053068,13.379699,12.712282,16.1826,17.753918,20.22202,17.997921,14.5470705,14.355777,13.792956,12.614252,17.356356,18.931824,22.291492,24.39655,26.536,30.11892,32.664993,33.37893,31.11502,33.22205,27.356277,30.687197,27.5313,30.30161
21,25.234444,21.709919,23.08926,17.968239,18.931908,19.82316,18.998919,22.764471,21.441431,25.724333,28.69234,28.11375,26.650187,24.048187,20.472452,18.414772,13.902365,12.740559,8.615316,6.6337023,4.8543067,0.0,5.9967117,7.0811653,11.044753,12.708296,14.809067,12.982611,11.354123,11.647665,14.617917,13.535284,21.021317,19.156658,23.256529,25.54689,26.859978,26.208569,21.768642,17.680975,22.17167,17.757751,19.384535,18.293882,17.42574,16.028095,18.514595,20.23054,23.203306,25.248125,25.366161,29.791168,31.53119,32.80802,28.856531,31.57692,27.66539,28.153543,30.382938,31.58642,28.171968,31.181858,27.223269,28.320856,27.288286,26.67924,28.346601,25.925293,25.719349,23.487204,20.678154,19.956093,21.713398,21.363825,25.64558,23.844036,28.412628,28.602722,30.617315,33.948967,32.0757,28.283903,28.643866,24.860823,23.19358,19.535496,19.479395,13.422983,14.708541,13.423815,15.891166,17.113644,19.057558,16.53781,12.654206,12.411465,13.729304,13.420827,18.191616,20.676588,24.159023,26.64598,29.18741,32.77975,35.569958,36.376373,33.9125,36.358818,30.20366,33.29789,30.13822,32.43462
22,29.677732,26.102543,28.031982,23.103384,23.724163,25.22776,23.51707,27.702278,25.630995,30.077833,32.313335,31.530058,30.384825,27.335064,24.528566,21.585184,17.860008,16.034689,12.114369,9.823528,5.8456087,5.9967117,0.0,5.356836,6.8605475,10.215789,10.71968,8.512631,10.408676,9.889909,14.258046,13.074928,21.379524,20.391247,23.677397,26.646358,27.216837,25.859915,21.67814,17.455748,21.125238,15.719322,18.265581,16.056509,13.364119,12.229543,15.00941,15.654713,18.474525,20.879545,21.612795,25.859032,28.290695,29.628233,25.90945,28.835392,25.696428,26.212687,29.144684,30.498255,27.403141,30.05421,25.88059,27.443413,25.706045,26.227175,27.496347,25.887182,25.032251,24.004625,21.874378,19.992496,22.617973,20.821241,26.225498,24.125875,28.751759,29.404743,31.293617,34.805515,33.318707,29.473553,30.880806,26.967115,25.023579,21.830582,21.34271,15.22486,16.63605,14.643593,17.83167,18.249878,21.19962,19.713314,16.07869,16.868444,17.456995,17.41412,21.41929,23.933258,27.013832,29.749487,31.581343,35.425156,38.022793,38.42231,36.04649,37.618465,31.64357,34.53196,30.9418,33.315548
23,25.993687,22.317314,24.626635,20.07869,20.397522,22.896294,20.593092,25.753382,23.789637,28.314949,30.486984,30.469223,29.950453,27.120998,24.235771,21.011887,17.846785,14.944099,12.7393,8.483283,6.4499354,7.0811653,5.356836,0.0,5.9496684,6.34168,7.919479,6.9336076,7.165429,9.200162,12.31333,13.710936,21.190123,21.345325,24.305819,27.458992,28.748112,27.153212,23.32134,19.170061,21.903917,16.218878,17.42553,14.424482,12.837214,10.331296,12.049297,13.694064,16.943357,18.872059,19.284418,23.612825,25.366987,27.215334,23.850298,27.239054,23.842428,25.041027,27.738588,28.26607,25.055899,26.915606,22.470783,23.379902,21.288723,21.392626,22.533575,20.6822,19.845314,18.648945,16.630928,14.952956,17.834246,16.667257,22.257093,20.884249,25.637653,26.693226,28.994757,32.423553,31.395367,27.400717,28.391396,24.43391,21.803825,19.238039,17.421389,11.2289915,11.892341,9.463393,12.763597,13.158623,16.357645,15.287147,12.079636,13.479454,13.456696,14.249024,17.147827,20.351852,23.021107,26.54221,28.01314,32.1857,34.988575,34.982582,32.375137,33.68517,27.494696,30.010845,26.275862,28.343159
24,29.477268,26.156937,29.158733,24.871744,25.610863,28.306625,26.327623,31.585339,29.736223,34.25801,36.39928,36.290848,35.69043,32.746304,29.932844,26.703077,23.407139,20.750101,17.964956,14.256417,11.349644,11.044753,6.8605475,5.9496684,0.0,4.9137473,6.492912,7.185598,11.929605,13.293133,17.087383,18.036182,25.89229,26.100965,28.804188,32.166725,32.874424,31.022009,27.261486,23.099304,25.598196,19.477814,21.430826,17.596268,14.05933,11.61493,12.781533,12.404947,15.722112,18.118847,19.689983,23.567877,26.029991,28.333378,25.590296,29.30217,26.79704,28.092707,31.326513,31.849606,28.962841,30.205835,25.552814,26.483574,23.190996,24.192059,24.456917,23.183308,21.04322,20.917646,20.189867,18.355972,22.038073,20.375114,26.692694,25.468836,30.160723,31.574526,33.82558,37.29927,36.530975,32.5517,33.945324,29.982977,27.179176,24.922104,22.69414,16.728565,16.825165,13.652624,16.286205,15.350744,18.883465,18.764107,15.77444,17.883482,18.663916,20.019884,22.34657,25.987696,28.367723,32.22186,33.376766,37.692368,40.464127,40.179916,37.546795,38.293137,32.187126,34.260464,30.21042,31.882668
25,26.433626,23.141045,26.49209,22.728027,23.223661,26.700687,24.345142,30.25242,28.57797,33.045532,35.12219,35.644768,35.53123,32.818733,29.968517,26.640871,23.807438,20.534555,18.973726,14.359294,12.782514,12.708296,10.215789,6.34168,4.9137473,0.0,5.598817,8.054375,10.99112,13.977548,16.54867,19.206276,26.241474,27.211523,29.691366,33.109436,34.382317,32.418266,28.918015,24.84795,26.734682,20.624496,21.495308,17.24748,14.881515,11.481651,11.296954,11.905032,15.488033,17.266161,18.482853,22.309616,24.018623,26.824661,24.501356,28.554932,25.863813,27.719097,30.66094,30.444977,27.51869,27.977968,23.164515,23.375143,19.61997,20.202694,20.167982,18.670042,16.288937,16.126127,15.867957,14.393506,18.366333,17.451265,23.766672,23.315945,27.975607,29.721659,32.28986,35.62125,35.252556,31.226337,32.20371,28.308046,24.988663,23.374397,20.029219,14.482817,13.64497,10.0508795,12.29047,10.915511,14.747934,15.332347,13.072277,15.757118,16.076254,18.193941,19.272192,23.473959,25.362228,29.856976,30.661299,35.18935,38.107655,37.462013,34.64946,35.13563,28.925571,30.54925,26.40288,27.66108
26,30.91494,27.372911,30.251759,26.32807,26.166483,29.475681,26.23617,31.92496,29.378788,33.89586,35.183495,35.358326,35.505573,32.445293,30.360247,26.37699,24.298279,20.7481,19.437384,15.247698,13.098086,14.809067,10.71968,7.919479,6.492912,5.598817,0.0,3.9935884,9.612655,11.614578,14.433278,17.11164,23.84941,25.59511,27.27722,31.078861,31.927523,29.477516,26.444298,22.59719,23.481588,17.130299,18.263624,13.38989,10.043817,6.724192,6.567842,6.472306,10.020649,12.016059,13.440922,17.28716,19.570684,22.078222,19.737413,23.779848,21.668415,23.460894,26.806622,26.8063,24.216984,24.659302,19.931726,20.924562,17.314756,19.122658,19.30207,18.88518,16.97944,17.970299,17.455942,14.338904,18.348303,15.542354,22.35348,21.278374,25.748941,27.673414,29.950592,33.363,33.213047,29.288546,31.233965,27.367615,24.204838,22.857504,19.969458,15.00014,15.1891,12.383942,15.67814,14.844975,18.944641,19.547731,17.428865,19.699884,18.766703,19.984884,21.18971,24.388157,26.093851,30.097008,30.387474,34.847023,37.414265,36.61932,34.093693,33.970142,28.238577,30.018915,25.787535,27.584084
27,31.852022,28.106398,30.412153,26.091223,25.755405,28.475351,25.138174,30.290833,27.384964,31.91222,33.043583,32.76806,32.718906,29.48271,27.632269,23.541588,21.524366,18.192087,16.56006,12.988072,10.347051,12.982611,8.512631,6.9336076,7.185598,8.054375,3.9935884,0.0,7.5197825,8.13378,11.717971,13.442278,20.516418,21.998798,23.69359,27.493004,28.129047,25.718481,22.59602,18.736904,19.821743,13.453371,15.1459675,10.753731,7.0423045,4.5016084,6.7467375,7.3163605,10.253278,12.461958,13.325215,17.500702,20.011993,21.717224,18.596308,22.15799,19.756958,21.036448,24.435179,25.06307,22.385462,23.794382,19.342445,21.02724,18.553802,20.269144,21.17782,20.69142,19.678154,20.179947,18.732544,15.306302,18.678873,15.292306,21.762688,19.909239,24.389347,25.923626,27.931206,31.444485,30.929676,27.05293,29.324026,25.43398,22.756145,20.914406,19.091341,13.986816,15.189872,13.077346,16.945381,16.900211,20.78731,20.641203,18.099043,19.751465,18.511648,18.8629,21.013096,23.434488,25.525614,28.830828,29.386797,33.6048,36.00632,35.565895,33.2398,33.465157,27.868507,30.209494,26.211601,28.573303
28,27.417252,23.417639,24.821692,20.532024,19.470404,22.058807,18.076399,23.192495,20.091164,24.589191,25.676582,25.746487,26.013342,23.018433,21.139147,16.951082,15.571271,11.555255,11.777876,7.6682677,7.6504874,11.354123,10.408676,7.165429,11.929605,10.99112,9.612655,7.5197825,0.0,4.7642245,5.588153,9.612907,15.435811,17.245646,19.195015,22.683449,24.396162,22.379856,19.284107,15.597287,16.756075,11.356544,11.05844,8.166509,9.4041395,7.2432294,9.085523,12.603173,15.056384,16.161785,15.191489,19.642082,20.695175,21.859703,18.038763,21.092634,17.15765,18.4726,20.840944,21.203552,17.923391,20.116045,15.960273,17.351204,16.757128,16.845957,18.986008,17.591795,18.405226,17.408102,14.3093,11.176864,13.12664,10.612417,15.885622,13.930437,18.63941,19.733479,21.983973,25.441174,24.647398,20.648989,22.213581,18.268297,15.614171,13.510368,11.988125,6.8834,9.2434435,8.87548,13.200995,14.74843,17.902079,16.831448,14.609041,15.319821,12.606129,12.061438,14.460571,16.09456,18.424877,21.395754,22.279003,26.400293,28.917547,28.774025,26.406166,27.411608,21.598454,24.515543,20.971167,23.814419
29,31.186018,27.163435,28.102974,23.47017,22.429867,24.09523,20.295195,24.357801,20.75078,25.154871,25.900053,25.095554,24.974054,21.589066,20.241549,15.857838,14.573793,11.295213,10.468676,8.328453,6.918769,11.647665,9.889909,9.200162,13.293133,13.977548,11.614578,8.13378,4.7642245,0.0,4.9796333,5.580536,12.668149,14.003245,15.855113,19.511652,20.57733,18.465298,15.197144,11.384599,12.853299,7.1869574,8.488202,6.8632536,7.491419,7.4816957,10.815922,13.486302,15.27713,16.700752,15.737291,20.098793,21.786776,22.10397,17.694883,20.028072,16.26404,16.663929,19.323662,20.767298,17.67208,20.999842,17.407253,19.770756,19.896042,20.560545,22.898157,21.929712,22.84896,22.124493,18.932127,15.563272,17.060177,13.629372,18.291098,15.250842,19.588388,20.162039,21.801367,25.366348,24.108795,20.312595,22.695574,18.858475,17.173286,14.450462,14.867902,10.465917,13.553457,13.493159,17.75549,19.323296,22.414436,20.994192,18.3619,18.602215,16.178072,14.638058,18.113506,18.65856,21.309088,23.152937,24.2425,27.894346,30.034502,30.29943,28.321856,29.469507,24.176134,27.532887,24.27826,27.552654
30,30.106527,26.037233,26.44681,22.248377,20.432858,22.258566,17.560846,21.644487,17.581026,21.836788,21.982239,21.61934,22.225782,19.022324,18.187489,13.391722,13.628704,9.577469,11.372126,9.241506,10.112875,14.617917,14.258046,12.31333,17.087383,16.54867,14.433278,11.717971,5.588153,4.9796333,0.0,6.5969553,10.085585,13.00365,14.134348,17.741447,19.698544,17.557287,15.031099,12.000234,12.057435,7.914397,6.028879,5.7746625,10.018064,9.724607,11.8813925,15.628352,17.092152,17.707947,15.734015,19.915812,20.563446,20.571344,16.067009,18.08771,13.494382,14.1957655,16.04304,16.972609,13.581966,17.165682,13.959865,16.216051,17.669321,17.66417,20.652866,19.622063,21.658915,20.613989,16.82101,13.363994,13.69095,10.292689,13.749703,10.462947,14.787542,15.276607,17.103275,20.63813,19.544643,15.640362,17.952322,14.121681,12.341269,10.042236,10.730739,8.105588,11.704305,12.96786,17.065468,19.25166,21.947401,20.48342,18.56893,18.459867,14.769582,12.674894,15.387218,14.867344,17.182837,18.689064,19.461197,23.079464,25.156385,25.341557,23.427183,24.624325,19.49803,23.101759,20.185173,23.806755
31,33.386242,29.36823,29.38988,24.621307,23.344069,23.83241,20.202583,22.774052,18.70579,22.766832,23.167246,21.474272,20.948431,17.314886,16.634531,12.258173,11.606751,9.501537,8.726905,9.539032,8.907941,13.535284,13.074928,13.710936,18.036182,19.206276,17.11164,13.442278,9.612907,5.580536,6.5969553,0.0,8.424544,8.577174,10.782657,14.214511,15.180594,13.473774,9.819487,5.984965,8.7027645,5.412737,7.1843905,9.363147,11.252197,12.546903,15.953316,18.52225,19.765388,21.040272,19.633657,23.705797,25.244375,24.639105,19.74455,20.891058,16.815037,16.094347,18.101686,20.556496,17.537798,22.265179,19.658037,22.462582,23.921919,24.23645,27.101381,26.035019,27.651745,26.491543,22.701948,19.63842,20.064894,16.854086,19.83795,16.025784,19.68353,19.271082,20.242424,23.704609,21.650927,18.224619,20.854029,17.343424,17.014927,13.542032,16.292065,13.058605,16.7756,17.620003,21.643814,23.752617,26.347168,24.276054,21.563581,20.945791,18.383064,15.611898,20.009571,19.08032,22.09211,22.431757,24.020237,26.924614,28.68029,29.635674,28.097332,29.916597,25.19486,29.146158,26.545343,30.261087
32,36.589863,32.63104,31.60485,27.51019,25.230587,25.172625,20.70494,21.810658,16.776554,19.809393,18.335892,16.152706,16.683008,13.093456,14.85799,10.197489,13.252645,11.6729965,14.056968,15.600584,16.63992,21.021317,21.379524,21.190123,25.89229,26.241474,23.84941,20.516418,15.435811,12.668149,10.085585,8.424544,0.0,6.22671,4.462665,8.129143,10.464993,8.632005,7.6568236,7.701613,5.784004,8.844816,6.71812,12.176069,16.59757,18.234648,20.817827,24.001875,24.473314,24.864628,22.351315,25.719229,26.198666,24.423765,19.440998,18.955067,14.428259,12.751761,12.824664,15.900763,13.277551,19.336504,18.565565,21.669584,25.279608,25.16271,28.744776,27.99158,30.931143,29.668663,25.374165,22.27957,21.109814,17.909534,18.02495,13.5789175,15.427206,13.7997465,13.659718,16.783648,14.171226,11.474277,15.13285,12.615896,14.124655,11.472932,16.314621,16.311052,20.194029,22.334965,26.033962,28.714537,30.837904,28.692463,26.766127,25.63224,21.86698,18.250114,21.716887,18.520435,20.860603,19.14397,20.28048,22.0495,22.937958,24.328981,23.61692,25.606438,22.35515,26.76634,25.258566,29.53966
33,36.317562,32.485268,31.143097,26.654377,24.976465,23.795366,20.628016,20.549593,16.142303,19.028597,18.726099,15.591012,14.418312,10.622111,11.718799,8.306826,9.944106,10.578663,11.254021,14.725669,15.5386915,19.156658,20.391247,21.345325,26.100965,27.211523,25.59511,21.998798,17.245646,14.003245,13.00365,8.577174,6.22671,0.0,5.114868,6.404443,8.41759,8.726548,5.3302426,5.2767963,8.497769,11.341659,11.464154,16.207771,19.283978,20.885672,24.041763,26.868425,27.78486,28.737032,26.77895,30.473711,31.447285,29.975262,24.91542,24.673006,20.351145,18.570778,18.899168,22.125935,19.444738,25.381203,24.185684,27.016588,30.038193,29.624632,33.07527,31.760277,34.30946,32.491505,28.056198,25.63042,24.68626,22.318617,22.835627,18.746439,20.986273,19.085548,19.010931,21.843351,18.545647,16.191227,18.443003,16.032005,17.87836,14.037,19.366508,18.115969,21.985046,23.86653,27.35206,30.101135,31.926554,29.167894,26.708477,25.078388,22.320854,18.397608,23.17521,20.289543,23.421743,21.459322,23.74051,25.21164,26.295443,28.349718,27.536425,30.43961,26.77368,31.300354,29.80788,33.87324
34,39.810375,35.917347,34.577618,30.376759,28.262705,27.475433,23.580725,23.59555,18.704073,21.166552,19.531496,16.36334,16.229778,12.6208935,15.203405,11.493261,14.507214,14.273537,15.801272,18.446857,19.126781,23.256529,23.677397,24.305819,28.804188,29.691366,27.27722,23.69359,19.195015,15.855113,14.134348,10.782657,4.462665,5.114868,0.0,4.291268,6.0207944,4.892588,4.789164,7.20238,5.883506,11.143392,10.454768,15.908528,19.566355,21.6744,24.572647,27.379278,27.677084,28.23268,25.877989,29.072104,29.82945,27.678476,22.674984,21.575598,17.610714,15.2216425,15.039097,18.82032,16.727415,23.007837,22.652184,25.922054,29.617044,29.609749,33.18782,32.44706,35.327236,34.01386,29.67234,26.682226,25.507746,22.356808,22.278404,17.835398,19.16075,17.106339,16.28938,18.948261,15.805132,14.038289,17.60449,15.746188,17.981758,15.153377,20.491606,20.322348,24.24029,26.301796,29.973742,32.6734,34.72459,32.334934,30.181631,28.804762,25.4182,21.572723,25.520596,22.082865,24.579252,22.155127,23.597328,24.715244,25.207497,27.073605,26.734974,29.000656,26.232008,30.731806,29.488056,33.80871
35,41.06364,37.318317,35.443996,31.392504,29.277649,27.734537,24.358934,23.138775,18.50348,20.18326,18.392412,14.480209,13.846048,10.581815,14.04219,11.604275,14.999897,15.873667,17.47607,20.837652,21.861324,25.54689,26.646358,27.458992,32.166725,33.109436,31.078861,27.493004,22.683449,19.511652,17.741447,14.214511,8.129143,6.404443,4.291268,0.0,4.6127515,6.365066,6.9145875,10.024808,9.979423,15.290855,14.597699,20.058949,23.728712,25.72682,28.64263,31.525415,31.92494,32.502167,30.118443,33.296635,33.9007,31.66345,26.720861,25.37632,21.421352,18.95689,18.147331,21.849737,19.908293,26.254154,26.24141,29.290228,33.29855,32.9033,36.61416,35.624302,38.724773,37.038357,32.48772,29.92327,28.364683,25.81502,25.00689,20.785612,21.658436,19.070429,17.917662,20.032053,16.316402,15.319795,18.084007,16.91429,19.902292,16.952646,22.882954,23.063936,26.918196,29.218687,32.625107,35.532433,37.237007,34.526817,32.40634,30.638132,27.422232,23.297472,27.439756,23.511387,26.08675,22.816341,24.697247,25.090347,25.298567,27.74274,27.698942,30.57769,28.19047,32.81781,32.02498,36.332455
