,0,1,2,3,4,5,6,7,8,9,10,11,12,13,14,15,16,17,18,19,20,21,22,23,24,25,26,27,28,29,30,31,32,33,34,35,36,37,38,39,40,41,42,43,44,45,46,47,48,49,50,51,52,53,54,55,56,57,58,59,60,61,62,63,64,65,66,67,68,69,70,71,72,73,74,75,76,77,78,79,80,81,82,83,84,85,86,87,88,89,90,91,92,93,94,95,96,97,98,99,100,101,102,103,104
0,0.0,4.338808,6.2956004,9.633655,12.033843,14.364334,17.482412,21.566637,24.52392,26.867907,31.094969,28.440207,26.731892,25.859947,20.973364,21.219677,16.196947,16.740911,14.090553,14.029328,14.265373,10.283468,15.278813,17.129774,17.130262,19.828127,15.906041,22.032152,20.01882,24.079845,23.633402,28.106535,32.579754,34.62369,36.950623,39.06519,42.42091,41.47192,38.712444,35.34256,36.223957,32.076202,30.348911,28.136854,26.6264,24.807383,20.734207,21.322262,17.431366,18.58707,15.928143,17.359228,18.6291,16.336014,11.891763,14.016536,13.665838,17.402521,18.340506,20.30021,19.362782,24.367619,25.564177,27.625729,32.373886,30.825485,34.69998,32.981186,38.44651,38.373993,33.95046,37.331974,34.196724,39.512527,36.25224,35.715725,37.373604,36.32998,36.72872,39.144844,36.243683,32.833122,32.473606,29.06941,28.637796,24.506214,25.691082,20.290987,22.757008,21.630705,23.716532,24.594868,28.78223,31.791693,30.442408,28.69039,26.625145,25.302301,24.494246,26.199059,23.469679,27.689013,26.54929,30.030523,30.12536
1,4.338808,0.0,5.318436,6.310853,8.746503,11.982586,14.285502,19.141127,21.40002,24.149544,27.949343,25.46919,24.249998,23.030346,18.427542,17.887875,12.954321,12.816389,10.155461,9.694649,10.168285,6.705625,12.117552,14.272985,14.791287,16.90777,12.354377,18.37518,16.044004,19.911657,19.661917,23.871246,28.714775,30.58388,33.00454,35.21638,38.42601,37.44378,34.563557,31.116863,32.17067,27.903347,26.38068,24.205523,22.91354,21.297867,17.398556,18.513256,14.898247,16.785261,14.379696,16.880266,18.579664,17.142748,12.086379,14.492725,12.533528,16.432281,17.50561,18.51756,16.848019,21.881937,22.504438,24.356403,28.819513,27.095348,30.878624,28.938473,34.4618,34.26838,29.743801,33.05519,29.868998,35.19431,31.946785,31.47172,33.204567,32.219265,32.776062,35.25165,32.54046,29.003672,28.679386,25.149704,24.46735,20.434748,21.372362,15.959708,18.516298,17.597569,19.915203,21.005789,24.736557,27.947418,26.948486,25.39557,23.377316,22.22525,20.967619,22.470116,19.575886,23.756845,22.440296,26.096724,26.068699
2,6.2956004,5.318436,0.0,5.225151,6.7347484,8.403965,11.732187,15.338782,18.588144,20.676321,25.109182,22.56729,20.750933,20.254772,15.324362,16.00982,11.639227,12.377743,11.697823,11.627084,13.745932,11.322668,16.539862,18.31319,17.854567,19.137878,13.893517,19.92146,16.190207,20.518099,19.01104,24.101643,27.398685,29.893373,31.879927,33.84286,37.43677,36.564774,34.16696,31.142542,31.578756,28.13685,25.814999,24.498152,22.074587,21.28211,17.180958,18.664171,15.251628,16.912693,15.669913,16.967882,19.727795,17.124022,12.294927,13.133088,10.913231,14.395283,14.101556,16.027027,14.622525,20.453989,21.012527,23.688728,27.819893,27.078867,30.819857,29.565361,34.82733,35.368217,31.34084,34.662186,31.245356,36.935596,33.02483,33.197533,34.405663,32.85439,33.1859,35.212498,32.2442,29.017258,27.823727,24.690968,24.819475,20.332092,22.695856,17.846243,20.539028,20.386013,22.536705,24.476686,27.316307,31.128933,30.732233,29.597742,27.795347,26.8814,25.176052,26.30229,23.058096,26.811417,24.701925,28.357553,27.53752
3,9.633655,6.310853,5.225151,0.0,3.7665873,6.1176634,8.763712,13.259511,15.326035,18.377232,21.90458,19.182932,18.035513,16.738031,12.217983,11.684737,7.007001,7.3840337,6.7707496,7.466582,10.351603,9.607464,14.700049,16.959507,17.52061,18.059074,12.0866785,17.52328,12.804453,16.581318,15.105369,19.570137,23.339235,25.233847,27.651033,29.538013,33.023518,32.324936,29.607603,26.459883,27.527401,24.041494,22.103077,21.22301,19.058275,19.02952,15.385493,17.866293,15.093343,17.698713,16.726015,19.247196,22.099068,20.52079,15.377353,16.664486,13.010681,16.409082,16.171259,16.737011,14.126077,19.99469,19.405739,21.79408,25.15526,24.237547,27.72325,26.001617,31.363071,31.622164,27.294321,30.311138,26.648697,32.11687,28.007153,28.113491,29.207567,27.668232,28.014778,30.135107,27.260323,23.92206,23.004173,19.716837,19.7311,15.30807,17.75397,13.3782625,16.528742,16.945229,19.621424,21.665295,23.625986,27.616907,27.701012,26.704868,24.822378,23.898537,21.578304,22.24493,18.747782,22.123743,19.699604,23.318836,22.336481
4,12.033843,8.746503,6.7347484,3.7665873,0.0,5.283021,5.543839,10.942158,12.843409,15.489753,19.334675,17.356445,16.476326,15.640935,11.434346,10.705572,7.621428,6.5580635,8.558048,7.406242,11.137318,11.095668,15.332989,16.9885,16.797022,16.495783,10.303203,15.3945,10.109052,14.291703,12.324978,17.548944,20.74215,23.36819,25.220114,27.361328,30.827711,29.854652,27.496,24.539572,24.857262,21.594181,19.195353,18.417112,15.773423,15.926092,12.259573,15.025518,12.679264,15.394818,15.292496,17.639658,21.06007,19.599125,14.65093,15.407126,10.915904,13.852173,13.396694,13.400985,10.51156,16.50217,15.758369,18.382812,21.735456,21.163282,24.683254,23.415113,28.595522,29.307888,25.46779,28.66673,25.132984,31.04067,26.928844,27.633905,28.771584,27.08138,27.691498,29.59013,26.969002,23.649776,21.951426,18.766527,18.753649,14.236153,16.895922,12.598888,15.283902,16.08095,18.312805,21.04646,22.42369,26.792488,27.313202,26.805607,25.345425,24.949867,22.4715,23.029415,19.575521,22.834904,20.05291,23.978615,22.485468
5,14.364334,11.982586,8.403965,6.1176634,5.283021,0.0,5.9269667,7.5711536,10.755515,13.285758,17.233454,14.227976,12.420088,11.932246,7.072072,8.426823,5.993936,7.847063,10.46645,11.580299,15.407724,15.506926,20.168604,22.110893,22.0678,21.682423,15.45369,20.08177,13.814951,17.433382,14.263659,19.29442,20.712942,23.152655,25.085733,26.481794,30.429945,30.01832,27.897785,25.410292,25.89395,23.728432,20.949877,21.586279,18.114256,19.661295,16.350805,19.469114,17.447554,19.922945,20.18827,21.851751,25.534134,23.326906,18.622038,18.606283,14.571383,16.980137,15.072632,15.936965,13.241881,19.638264,18.330193,21.546566,23.830898,24.228674,27.367722,26.396671,31.257338,32.320774,28.6428,31.41711,27.496832,33.116493,28.19409,29.11692,29.417442,27.161285,27.17541,28.623198,25.502544,22.708239,20.625248,18.065062,19.301083,14.605322,18.96458,16.041565,19.129093,20.523125,22.985268,25.790604,26.448849,30.982948,31.841871,31.324577,29.679361,28.997252,26.201809,26.34318,22.631336,25.198399,21.902962,25.249882,23.243582
6,17.482412,14.285502,11.732187,8.763712,5.543839,5.9269667,0.0,6.6832213,7.6093802,10.155185,13.925348,12.62669,12.296692,11.909209,8.828415,7.832255,8.111462,6.4939437,11.3701515,10.252808,14.516242,15.751511,19.08456,20.38943,19.947748,18.39735,12.36447,15.716776,8.896024,12.459815,8.836152,14.603914,15.935371,19.23669,20.507952,22.557058,26.199282,25.248755,23.385492,20.951302,20.60588,18.408075,15.300482,15.990178,12.2170725,14.230467,11.438216,15.146527,14.1643,16.990486,18.174555,20.24881,24.236916,22.923615,18.453447,18.417677,13.323194,15.030279,13.5653305,12.602803,9.025772,14.88852,12.780352,15.8999815,17.910032,18.43493,21.521227,20.862144,25.544659,26.94331,23.787626,26.737373,23.083687,29.182148,24.560505,26.148058,26.792057,24.624216,25.267323,26.640692,24.206348,21.20792,18.371618,15.690188,16.28831,11.794916,15.707645,13.033752,15.343104,17.239777,19.16961,22.655704,22.391644,27.258957,28.706114,28.825348,27.737411,27.75533,24.763248,24.747969,21.237993,23.66447,20.13445,23.94574,21.502863
7,21.566637,19.141127,15.338782,13.259511,10.942158,7.5711536,6.6832213,0.0,5.238537,6.0554814,10.622546,8.5079,6.6752386,8.193209,5.905499,8.157884,10.571877,11.341012,16.104307,16.470695,20.735233,21.798204,25.588335,27.028957,26.4499,24.860527,18.965567,21.984991,14.974241,17.729696,13.131362,18.208338,16.39027,19.82742,20.626066,21.634037,25.869324,25.557356,24.431967,22.937971,22.26469,21.87122,18.218542,20.63453,15.980557,19.371029,17.110518,20.718943,20.021847,22.368898,23.996782,25.164059,29.490292,27.359259,23.285685,22.336567,17.839327,18.808487,15.756442,15.818148,13.104794,18.733107,16.28788,20.009508,20.557781,22.553885,25.007614,25.067495,28.99661,31.046392,28.469912,30.921623,27.052908,32.788307,27.377108,29.449661,29.088993,26.21769,26.212069,26.773201,23.934916,21.83837,18.059332,16.62899,18.81447,14.599254,20.088535,18.864008,21.293646,23.603113,25.545218,29.137018,28.199074,33.190716,35.000553,35.201355,34.038208,33.886745,30.663141,30.29983,26.63373,28.366993,24.374712,27.522657,24.44222
8,24.52392,21.40002,18.588144,15.326035,12.843409,10.755515,7.6093802,5.238537,0.0,4.7865887,6.5944037,5.4448333,6.607234,6.755322,7.4005184,6.6910586,11.207484,10.706569,16.146679,16.242111,20.43965,22.558544,25.526876,26.90111,26.766562,24.515253,18.886734,20.56534,13.325019,14.762134,9.88315,13.943177,11.277768,14.645564,15.444379,16.52208,20.691685,20.419245,19.223204,17.898293,17.381968,17.520723,14.045096,17.502117,13.041209,17.595098,16.36851,20.505543,20.625027,23.399433,25.217691,27.118254,31.331724,30.021183,25.832108,25.339058,20.277876,21.167751,18.800007,17.509876,14.123695,18.723783,15.102825,18.204138,17.40163,19.512047,21.404688,21.301027,24.94752,26.9653,24.579813,26.631166,22.717579,28.267649,22.718437,25.21601,24.677307,21.714067,21.937683,22.336725,19.94824,17.877226,13.553738,12.344032,14.589494,10.971129,16.636955,16.79265,18.88705,21.801409,23.700714,27.42709,25.327955,30.388031,32.789406,33.35075,32.407852,32.51969,28.965784,28.16777,24.644337,25.711359,21.450937,24.44076,20.905293
9,26.867907,24.149544,20.676321,18.377232,15.489753,13.285758,10.155185,6.0554814,4.7865887,0.0,5.955633,7.2538815,7.563462,9.827287,10.5464945,11.2774105,15.302804,14.870946,20.324213,19.8745,24.12764,25.852861,28.77503,29.764074,28.892296,26.418877,21.183363,22.67445,15.928369,17.631811,12.685382,17.154665,12.784114,17.26194,16.700533,17.713552,21.846077,21.323793,21.159388,20.526466,18.593212,19.63549,15.493042,19.132175,14.03078,18.618814,17.559277,21.26931,21.713245,23.962135,26.41656,27.51215,32.040714,30.392694,26.76837,25.552511,20.775143,20.830685,17.78003,16.648432,14.038089,18.037012,14.649482,18.228254,17.110086,20.290594,22.007452,22.931698,25.905136,28.691963,27.168371,29.353592,25.812231,31.553345,26.205769,29.158878,28.58378,25.533438,25.820639,25.795023,23.63734,21.975569,17.106367,16.520279,18.760098,15.4846525,20.767561,20.67025,22.297054,25.087868,26.474346,30.511246,28.3995,33.54472,36.034985,36.83165,36.13557,36.485054,33.074577,32.422188,28.989548,30.200794,25.97758,29.046282,25.409227
10,31.094969,27.949343,25.109182,21.90458,19.334675,17.233454,13.925348,10.622546,6.5944037,5.955633,0.0,5.434362,8.473155,9.511492,12.706982,12.139214,17.347569,16.721567,22.14898,22.12325,26.16212,28.709015,31.142416,32.270683,32.03209,29.183632,24.153812,24.573603,17.861572,18.016861,13.316472,15.585272,9.067557,12.779885,11.997517,12.157235,16.481913,16.576345,16.663755,16.818209,15.329072,17.817215,14.283223,19.351194,14.920472,20.52787,20.466845,24.52769,25.492672,28.098345,30.481323,32.20499,36.560238,35.4416,31.606903,30.804823,25.734962,25.95207,23.347416,21.576275,18.555628,21.715849,17.448416,20.140842,17.18284,20.546238,21.274685,21.982395,24.287193,26.988169,25.749712,27.116814,23.506485,28.508038,22.819368,26.211142,24.965954,21.638922,21.808144,21.188332,19.476374,18.454086,12.9842825,13.553812,16.316828,14.319593,19.691849,21.371435,22.814545,26.14012,27.635267,31.569605,28.247477,33.289448,36.374046,37.42017,36.8099,37.22687,33.470486,32.272774,28.999525,29.249722,24.807251,27.242111,23.126986
11,28.440207,25.46919,22.56729,19.182932,17.356445,14.227976,12.62669,8.5079,5.4448333,7.2538815,5.434362,0.0,4.0871887,4.199267,8.268438,8.5083475,13.719604,14.379935,19.2517,20.45021,24.487823,26.796555,29.946062,31.614885,31.88209,29.686443,24.005491,25.495676,18.240911,18.907648,14.23763,16.613243,12.228172,14.1805525,15.241239,14.839703,19.382072,20.115347,19.164145,18.619139,18.821749,20.242397,17.226324,21.658928,17.482662,22.560003,21.675842,25.87715,26.039396,28.83913,30.568613,32.463078,36.671303,35.1772,30.91978,30.365297,25.470724,26.380869,23.658424,22.710453,19.491451,23.922527,20.07376,22.994404,21.100313,23.611599,24.847706,24.704535,27.807861,29.803026,27.543312,28.87661,24.76802,29.463205,23.324837,25.92156,24.384878,20.919943,20.425247,20.078405,17.387583,16.338337,11.603112,11.922308,15.489389,12.795985,19.076317,20.541855,22.84321,26.016373,28.166996,31.69465,29.017134,33.95512,36.626396,37.15591,36.05777,35.938667,32.138447,30.929123,27.38041,27.637915,23.163076,25.290733,21.371609
12,26.731892,24.249998,20.750933,18.035513,16.476326,12.420088,12.296692,6.6752386,6.607234,7.563462,8.473155,4.0871887,0.0,4.0199695,6.3019,8.896563,13.062655,14.728163,19.219332,20.793674,24.91845,26.57997,30.34249,32.126213,32.176514,30.420855,24.475327,26.85248,19.524284,21.057808,16.320112,19.630772,15.970909,18.146915,19.238686,18.894321,23.44814,24.122585,23.182163,22.428078,22.518606,23.483109,20.229689,24.062494,19.605171,24.119678,22.573502,26.539938,26.183552,28.751677,30.329105,31.775732,36.042763,33.982517,29.785229,28.955555,24.470388,25.454111,22.289127,22.202108,19.35761,24.449408,21.22212,24.603613,23.552277,26.034103,27.696068,27.637716,31.0254,33.051083,30.584066,32.220158,28.068182,32.94312,26.842857,29.094618,27.67317,24.27362,23.56561,23.380297,20.272148,19.18762,15.045454,14.9966,18.49404,15.157369,21.53152,22.079388,24.705645,27.545156,29.802767,33.257923,31.338049,36.283146,38.563335,38.818535,37.521275,37.169872,33.548325,32.606907,28.900955,29.601036,25.259592,27.489576,23.889727
13,25.859947,23.030346,20.254772,16.738031,15.640935,11.932246,11.909209,8.193209,6.755322,9.827287,9.511492,4.199267,4.0199695,0.0,5.1061597,6.10135,10.709233,12.4937935,16.620316,18.762856,22.66329,24.717426,28.353172,30.402082,31.058414,29.40979,23.389618,25.656008,18.299349,19.369064,15.032849,17.488356,14.996323,16.039604,18.13511,17.759653,22.20166,23.091005,21.435276,20.274822,21.451303,21.923845,19.30961,23.035503,19.197203,23.661018,22.204145,26.37838,25.936363,28.84206,30.006653,32.068676,36.06206,34.381855,29.838432,29.57204,24.884705,26.35285,23.757685,23.34396,20.040426,25.201117,21.752138,24.703396,23.660524,25.47622,27.108961,26.37201,30.059837,31.520658,28.531584,29.931335,25.578678,30.09536,23.88284,25.754366,24.24777,20.906973,20.060715,20.169851,16.84712,15.527874,11.971881,11.633116,15.2918005,12.057258,18.561638,19.595963,22.477074,25.395393,27.980932,31.12924,29.085411,33.863174,36.129566,36.24475,34.790756,34.26934,30.524849,29.389784,25.684128,26.080843,21.732983,23.706646,20.158041
14,20.973364,18.427542,15.324362,12.217983,11.434346,7.072072,8.828415,5.905499,7.4005184,10.5464945,12.706982,8.268438,6.3019,5.1061597,0.0,4.904573,7.074832,9.79019,13.45721,15.703932,19.651546,20.955992,25.162405,27.288582,27.754618,26.670813,20.425787,23.754704,16.554768,18.74402,14.664513,18.390833,17.66664,19.323816,21.472496,21.850807,26.150265,26.522472,24.59935,22.79032,23.776482,23.076149,20.31824,22.834435,18.994453,22.399784,20.108873,23.96085,22.837519,25.591938,26.372778,28.235832,32.116913,30.10839,25.49318,25.273623,20.90975,22.746555,20.22977,20.47707,17.37693,23.251873,20.611265,23.819374,24.173117,25.450615,27.774721,26.898079,31.184116,32.46839,29.066061,31.052063,26.761013,31.762281,25.96391,27.332878,26.53724,23.620234,23.03289,23.791935,20.376783,18.35777,15.64846,14.14613,16.873661,12.680877,18.68141,18.091513,21.276457,23.633657,26.303804,29.2967,28.392467,33.114044,34.77506,34.552834,32.92121,32.21906,28.806692,28.162466,24.339987,25.622543,21.626387,24.144386,21.2515
15,21.219677,17.887875,16.00982,11.684737,10.705572,8.426823,7.832255,8.157884,6.6910586,11.2774105,12.139214,8.5083475,8.896563,6.10135,4.904573,0.0,5.5180664,6.4435487,10.778435,12.720332,16.570017,18.809652,22.288204,24.419304,25.389742,23.963285,17.886885,20.443396,13.2490635,14.641304,10.976948,13.859704,14.478861,15.541106,18.261892,19.07514,23.032928,23.235868,20.759933,18.503853,20.136251,18.88168,16.716965,19.146288,16.005638,19.525019,17.729029,21.88062,21.134958,24.302643,24.972689,27.631071,31.274754,30.084711,25.269823,25.658394,20.791388,22.810411,21.139732,20.346918,16.661074,21.976168,18.828886,21.375513,21.473907,22.119999,24.308367,22.872368,27.335087,28.181908,24.489613,26.340473,21.989365,26.932087,21.248648,22.540255,22.023235,19.326227,19.12918,20.299984,17.245705,14.609991,12.226117,9.9164715,12.112719,7.7951,13.813846,13.82389,16.988993,19.641148,22.437035,25.357521,23.930304,28.609493,30.504786,30.428171,28.89836,28.364172,24.736326,23.855137,20.09641,21.125267,16.993628,19.69358,16.69379
16,16.196947,12.954321,11.639227,7.007001,7.621428,5.993936,8.111462,10.571877,11.207484,15.302804,17.347569,13.719604,13.062655,10.709233,7.074832,5.5180664,0.0,4.611753,6.423956,9.605261,13.084428,14.478798,18.757828,21.284124,22.55929,22.095812,15.871153,19.74021,13.340757,15.694405,13.187264,16.485106,19.146336,20.069376,23.065668,24.222593,27.937363,27.91361,25.05477,22.221552,24.144016,21.67151,19.881254,20.794422,18.272778,20.267042,17.613249,21.228096,19.531605,22.616129,22.391586,25.184193,28.376265,27.034733,21.966421,22.867203,18.525118,21.293303,20.174702,20.063904,16.654226,22.46845,20.322006,22.766626,24.3016,24.051037,26.827993,24.943384,29.98649,30.299885,25.962036,28.200565,23.975496,28.90648,23.821503,24.180634,24.313679,22.217905,22.065033,23.867165,20.68453,17.654581,16.68416,13.747876,14.839523,10.38075,14.746402,12.843737,16.522366,18.268982,21.395002,23.708794,23.774044,28.07662,29.115595,28.439676,26.513615,25.52512,22.30457,21.953295,18.11186,20.066986,16.656574,19.605804,17.728832
17,16.740911,12.816389,12.377743,7.3840337,6.5580635,7.847063,6.4939437,11.341012,10.706569,14.870946,16.721567,14.379935,14.728163,12.4937935,9.79019,6.4435487,4.611753,0.0,5.656087,6.2776756,10.231916,12.573684,15.85962,18.015533,19.232218,18.193253,12.100398,15.314883,8.909179,11.175595,9.223467,12.69984,16.632065,17.945248,20.691177,22.5627,25.874853,25.314795,22.366928,19.216572,20.835945,17.67072,16.08152,16.370932,14.342572,16.002666,13.641525,17.424913,16.172321,19.537771,19.524784,22.836756,25.987753,25.396461,20.38869,21.57722,16.714586,19.339386,18.936913,17.797634,14.032909,19.177946,16.835398,18.777096,20.518162,19.745949,22.624712,20.567717,25.766449,25.97264,21.653393,24.181173,20.165096,25.563051,20.968273,21.556936,22.362852,20.616005,21.175198,23.211405,20.696068,17.219591,16.0393,12.574183,12.464113,7.9605746,11.227753,8.656724,12.107169,14.041451,17.004665,19.632338,19.417566,23.898386,25.15116,24.814745,23.239244,22.762005,19.465612,19.169458,15.450864,17.715258,14.298045,17.990686,16.08658
18,14.090553,10.155461,11.697823,6.7707496,8.558048,10.46645,11.3701515,16.104307,16.146679,20.324213,22.14898,19.2517,19.219332,16.620316,13.45721,10.778435,6.423956,5.656087,0.0,5.3966947,7.3434505,9.191979,13.101194,16.059256,18.373812,18.557482,12.971532,16.913223,12.371752,14.411765,14.024258,16.339407,21.633238,22.002573,25.361017,27.122612,30.173208,29.760324,26.307323,22.774773,25.284128,21.37569,20.641632,19.935574,18.971222,19.43028,16.79213,19.827158,17.795517,21.030262,19.795681,23.528725,25.842266,25.429522,20.21625,22.248402,18.19301,21.521555,21.812695,21.208607,17.845057,22.880796,21.273949,22.75889,25.19286,23.551115,26.563278,23.831142,29.320484,28.695026,23.646683,26.072868,22.193453,26.86827,22.862215,22.242165,23.426815,22.310875,22.696865,25.279518,22.643532,19.017,19.415247,15.759716,15.060951,11.387055,12.737272,9.241774,13.053191,13.832434,17.329533,18.722013,19.906351,23.574833,23.90402,22.760809,20.561201,19.321703,16.367548,16.446045,12.72691,15.6390705,13.2872925,16.68848,16.159779
19,14.029328,9.694649,11.627084,7.466582,7.406242,11.580299,10.252808,16.470695,16.242111,19.8745,22.12325,20.45021,20.793674,18.762856,15.703932,12.720332,9.605261,6.2776756,5.3966947,0.0,4.2929606,6.894259,9.598996,11.825469,13.55231,13.244251,7.6553993,11.683173,8.141475,10.827306,11.434482,14.481468,20.524864,21.865051,24.471361,26.993288,29.702969,28.585331,25.397308,21.740532,23.256557,18.648977,17.837774,15.878019,15.415258,14.687701,11.965213,14.687754,12.806557,16.185957,15.109234,19.250826,21.567003,21.842478,16.817242,19.053226,14.647295,17.789698,18.91941,17.510498,14.204608,18.425781,17.23442,18.255108,21.527714,19.335194,22.69753,20.115719,25.726595,25.217215,20.462957,23.551893,20.203594,25.650639,22.437447,22.29041,24.26718,23.4533,24.56356,27.145456,25.123812,21.289486,20.964077,17.14102,15.52054,12.007255,11.84707,6.3546805,9.317977,9.600593,12.634114,14.590644,16.251242,20.170866,20.473171,19.756985,18.141994,17.756245,15.104715,15.706968,12.416543,16.122274,14.075809,18.323347,17.738771
20,14.265373,10.168285,13.745932,10.351603,11.137318,15.407724,14.516242,20.735233,20.43965,24.12764,26.16212,24.487823,24.91845,22.66329,19.651546,16.570017,13.084428,10.231916,7.3434505,4.2929606,0.0,4.6335583,5.957886,8.864302,11.965439,12.575354,8.61515,12.117265,11.045306,12.898769,14.775874,16.727661,23.762253,24.561344,27.404589,30.03752,32.37254,31.17796,27.690094,23.778631,25.744993,20.533852,20.508345,17.692398,18.337944,16.660606,14.250139,16.12202,14.063063,17.191614,15.180412,19.84322,21.232561,22.20845,17.355976,20.338755,16.627934,19.955418,21.825571,20.398216,17.449102,20.923279,20.19076,20.535622,24.160536,21.171913,24.490055,21.387867,27.061012,25.82629,20.668951,23.717796,20.77982,25.68191,23.33946,22.431288,24.96791,24.785883,26.054382,28.990213,27.21082,23.259148,23.767775,19.830711,17.571045,14.840966,13.012017,7.2779646,9.488125,8.302839,11.505947,12.143133,15.189127,18.234644,17.694263,16.41234,14.478776,13.823508,11.659547,12.886935,10.096927,14.560403,13.747601,17.866104,18.322117
21,10.283468,6.705625,11.322668,9.607464,11.095668,15.506926,15.751511,21.798204,22.558544,25.852861,28.709015,26.796555,26.57997,24.717426,20.955992,18.809652,14.478798,12.573684,9.191979,6.894259,4.6335583,0.0,5.6626844,8.497209,10.839391,12.9370575,9.398478,14.316705,13.764756,16.592466,17.963427,20.858816,27.328775,28.60087,31.244823,33.849243,36.428955,35.193245,31.910461,28.096886,29.632532,24.529003,24.018387,20.948332,21.12125,18.817947,15.682524,16.705912,13.695877,16.181126,13.345245,17.552021,18.515766,19.040318,14.183178,17.506413,14.795292,18.47942,20.605942,20.037691,17.790318,21.558035,21.781134,22.499245,26.911558,24.1056,27.731514,25.044844,30.685404,29.699493,24.793068,28.063368,25.282103,30.267431,27.948944,27.02146,29.47315,29.175259,30.24384,33.113518,31.031206,27.169008,27.50409,23.639061,21.815151,18.634975,17.54077,11.699205,13.65307,11.930815,14.398382,14.717325,18.982098,21.666212,20.376356,18.703691,16.688425,15.734795,14.61064,16.423862,14.004141,18.62998,18.108055,21.988321,22.603426
22,15.278813,12.117552,16.539862,14.700049,15.332989,20.168604,19.08456,25.588335,25.526876,28.77503,31.142416,29.946062,30.34249,28.353172,25.162405,22.288204,18.757828,15.85962,13.101194,9.598996,5.957886,5.6626844,0.0,3.5786698,7.9694633,10.119403,9.318358,12.120866,14.318028,16.07471,18.888126,20.737461,28.182539,29.28268,31.735308,34.75972,36.71567,35.093414,31.72187,27.750414,29.225933,23.478436,23.77537,19.646112,21.199688,17.90005,15.669856,15.9475565,13.69591,16.04815,13.014703,18.00033,18.101393,20.198214,16.092007,19.78759,17.154083,20.32706,23.302032,21.767866,19.614542,21.82726,22.170713,21.798376,26.373817,22.631834,26.093245,23.01766,28.513714,26.903786,22.012016,25.390392,23.379292,28.094507,26.995564,25.844833,29.053461,29.4037,31.008461,34.076878,32.64614,28.642492,29.234484,25.286583,22.550686,20.26936,17.355673,11.565834,11.952718,8.945187,10.65822,9.8106985,15.318643,17.14975,15.221334,13.514553,11.903213,11.721569,11.386093,13.805882,12.524763,17.388742,17.819956,21.799019,22.91894
23,17.129774,14.272985,18.31319,16.959507,16.9885,22.110893,20.38943,27.028957,26.90111,29.764074,32.270683,31.614885,32.126213,30.402082,27.288582,24.419304,21.284124,18.015533,16.059256,11.825469,8.864302,8.497209,3.5786698,0.0,5.114718,7.533314,8.980168,10.787405,14.711845,16.409546,19.588358,21.56405,28.940258,30.481087,32.46497,35.785736,37.524075,35.55674,32.441883,28.55951,29.406866,23.517508,23.809471,19.01067,20.96226,16.81378,14.882437,14.271399,12.324479,14.23166,11.158457,16.2733,15.949424,18.856998,15.389467,19.108616,16.744967,19.478264,22.990217,21.079609,19.338005,20.538818,21.391546,20.560524,25.586374,21.553068,25.07024,22.257053,27.524628,25.988676,21.58515,25.256735,23.789822,28.711695,28.151407,27.300863,30.7803,31.23504,33.11027,36.101433,34.928078,30.913435,31.153133,27.253395,24.313618,22.179834,18.939732,13.170313,12.556083,9.132418,9.4663515,8.599942,14.791867,16.353954,14.183575,12.935284,12.180088,12.922802,13.128276,15.655105,14.8831215,19.600409,20.092663,24.208847,25.184496
24,17.130262,14.791287,17.854567,17.52061,16.797022,22.0678,19.947748,26.4499,26.766562,28.892296,32.03209,31.88209,32.176514,31.058414,27.754618,25.389742,22.55929,19.232218,18.373812,13.55231,11.965439,10.839391,7.9694633,5.114718,0.0,4.634593,7.918429,10.00895,14.577202,17.076494,19.737957,22.798967,29.261755,31.763279,33.041565,36.569736,38.428383,36.146805,33.581154,29.984756,29.72881,24.149065,23.696144,18.604334,20.01792,15.076452,12.820201,10.9114275,8.716047,9.7144165,6.512156,11.557502,11.264592,14.617127,11.8568735,15.3247795,13.414339,15.580063,19.62787,17.659996,16.74193,17.140596,19.023287,18.296635,24.131643,20.444658,24.24654,22.342907,27.312046,26.564095,23.04395,27.118366,25.862831,31.415365,30.7028,30.543297,33.895985,34.013645,35.956123,38.671497,37.45349,33.506676,32.92749,29.166212,26.526173,23.986258,21.475517,15.56094,14.642133,11.725379,10.915223,11.527676,17.035799,19.085978,17.357443,16.851355,16.754675,17.90573,18.025818,20.35365,19.327513,23.916122,23.8106,28.182207,28.565657
25,19.828127,16.90777,19.137878,18.059074,16.495783,21.682423,18.39735,24.860527,24.515253,26.418877,29.183632,29.686443,30.420855,29.40979,26.670813,23.963285,22.095812,18.193253,18.557482,13.244251,12.575354,12.9370575,10.119403,7.533314,4.634593,0.0,6.3155403,5.893135,11.701208,13.714851,16.6432,19.554556,25.756132,28.561085,29.387136,33.118988,34.748886,32.229683,29.930191,26.5171,25.710144,20.206738,19.723879,14.338842,16.102917,10.801092,9.328258,7.382646,6.833834,8.54987,7.5622077,12.444141,13.340197,16.61414,13.930448,16.557833,13.499379,14.95399,18.77468,15.758247,14.486972,13.866795,15.306008,14.012471,19.76178,15.912433,19.694023,18.026459,22.844028,22.40423,19.373827,23.618864,22.56927,28.464607,27.82674,28.238033,31.586119,31.621222,33.80218,36.312874,35.41543,31.546469,30.509193,26.915493,24.138775,21.894852,19.237175,13.847311,12.125345,9.789237,8.037732,10.203333,14.212306,16.944143,16.290878,16.735939,17.202576,18.955168,18.364052,20.165934,19.051598,23.173878,22.593184,27.114218,26.973057
26,15.906041,12.354377,13.893517,12.0866785,10.303203,15.45369,12.36447,18.965567,18.886734,21.183363,24.153812,24.005491,24.475327,23.389618,20.425787,17.886885,15.871153,12.100398,12.971532,7.6553993,8.61515,9.398478,9.318358,8.980168,7.918429,6.3155403,0.0,6.1971235,6.9667373,10.493289,12.136774,16.125355,21.868626,24.647362,25.92016,29.242252,31.515196,29.491318,27.027197,23.599033,23.278872,18.251053,17.039112,13.085368,13.212468,9.727012,6.568469,7.5687866,5.704738,9.1559725,8.634918,13.162593,15.538901,16.875364,12.713485,14.941149,10.528266,12.884888,15.521285,12.999958,10.583172,12.714153,13.028726,13.285257,18.364557,15.572492,19.50546,17.766203,23.105701,23.101746,19.449451,23.42514,21.200615,27.384542,25.331068,25.885895,28.544867,27.98409,29.72774,32.108803,30.681402,26.872663,25.629604,22.01097,19.890865,16.847322,15.624469,9.845233,9.794968,8.821249,9.412914,12.378104,15.008891,18.88899,18.972403,19.015276,18.540636,19.405794,17.740309,19.023247,16.783783,20.805977,19.285774,23.873692,23.20618
27,22.032152,18.37518,19.92146,17.52328,15.3945,20.08177,15.716776,21.984991,20.56534,22.67445,24.573603,25.495676,26.85248,25.656008,23.754704,20.443396,19.74021,15.314883,16.913223,11.683173,12.117265,14.316705,12.120866,10.787405,10.00895,5.893135,6.1971235,0.0,7.3720665,8.149017,11.621812,13.916386,20.20022,22.913734,23.632341,27.435577,28.903934,26.36945,24.058733,20.707067,19.868647,14.320452,14.010489,8.628328,10.97889,6.3756003,6.4228873,7.137245,8.521239,11.430661,12.0543995,16.504965,18.496202,20.990047,17.73329,19.69241,15.31787,16.526316,19.275562,15.472075,13.02937,12.482927,11.959471,10.237931,14.885578,10.822491,14.532871,12.506472,17.669981,17.404943,14.290886,18.547123,17.201176,23.47374,22.480947,23.451363,26.604317,26.478922,28.81463,31.129658,30.523825,26.76546,25.43245,22.014265,19.094135,17.293114,14.496548,10.125985,7.6906595,6.9862084,5.3366184,9.58736,10.471325,14.539972,15.568482,16.755182,17.300598,19.205992,17.452316,18.358055,16.890636,20.21644,18.909782,23.460741,22.6701
28,20.01882,16.044004,16.190207,12.804453,10.109052,13.814951,8.896024,14.974241,13.325019,15.928369,17.861572,18.240911,19.524284,18.299349,16.554768,13.2490635,13.340757,8.909179,12.371752,8.141475,11.045306,13.764756,14.318028,14.711845,14.577202,11.701208,6.9667373,7.3720665,0.0,4.776703,5.1859856,9.800334,14.910351,17.881502,19.007914,22.290224,24.668213,22.774754,20.416636,17.220547,16.78533,12.387357,10.625957,8.433928,7.399711,7.2069316,5.6871386,9.785047,10.22889,13.75924,14.876086,18.561277,21.748,22.517702,18.347912,19.530123,14.196588,15.748405,16.722319,13.474087,9.684647,12.22245,9.81029,10.478413,13.414637,11.557689,15.041104,13.387787,18.699062,19.297749,15.888024,19.450394,16.556988,23.094467,20.058455,21.53157,23.558277,22.468046,24.238178,26.214144,24.975288,21.379026,19.370802,16.03245,14.172503,11.221366,11.058798,7.3562717,7.605182,9.516676,10.697359,14.683946,13.936998,18.863104,20.582052,21.311487,20.936909,21.878035,19.046577,19.173885,16.438715,19.157394,16.38772,20.859797,19.03196
29,24.079845,19.911657,20.518099,16.581318,14.291703,17.433382,12.459815,17.729696,14.762134,17.631811,18.016861,18.907648,21.057808,19.369064,18.74402,14.641304,15.694405,11.175595,14.411765,10.827306,12.898769,16.592466,16.07471,16.409546,17.076494,13.714851,10.493289,8.149017,4.776703,0.0,4.974755,5.90485,12.724176,14.851919,16.119593,19.658783,21.383715,19.349762,16.622416,13.169534,13.281767,8.100361,7.7909827,5.7234306,6.9665556,8.010488,8.931539,12.643525,14.010982,17.434925,18.546257,22.557795,25.39828,26.75652,22.732319,24.104235,18.837408,20.164482,21.178646,17.530544,13.808258,15.02999,11.732766,11.087049,12.16409,9.562608,12.240047,9.557016,15.033572,15.104577,11.413224,14.757138,11.825536,18.456732,15.743889,17.505737,19.787603,19.029156,21.255983,23.27727,22.722872,19.139954,17.4185,14.190367,11.396903,9.985441,8.030518,6.7316275,5.5392194,8.735091,9.751422,13.701304,10.784586,15.930202,18.581745,19.84151,19.800222,21.095894,17.903759,17.422468,15.088177,16.87666,14.057321,18.350368,16.333298
30,23.633402,19.661917,19.01104,15.105369,12.324978,14.263659,8.836152,13.131362,9.88315,12.685382,13.316472,14.23763,16.320112,15.032849,14.664513,10.976948,13.187264,9.223467,14.024258,11.434482,14.775874,17.963427,18.888126,19.588358,19.737957,16.6432,12.136774,11.621812,5.1859856,4.974755,0.0,6.423032,9.8052225,13.079266,14.041547,17.17797,19.789896,18.137419,15.952763,13.166908,12.62772,9.584716,7.0230207,8.215041,5.6117983,9.386432,9.396937,13.776984,14.850359,18.163694,19.799574,23.038973,26.56697,26.969408,22.833878,23.484093,17.990578,19.088234,18.978888,15.736564,11.741905,14.263187,10.264333,11.335351,11.526826,11.19205,13.675956,12.393876,17.105104,18.29224,15.405919,18.224062,14.814007,21.25906,17.24198,19.57238,20.788918,19.105993,20.770428,22.249065,21.139364,17.893944,15.00243,12.157078,10.948513,8.287962,9.893784,9.307483,9.887095,13.002945,14.337563,18.32047,15.722853,20.862032,23.463333,24.501535,24.143587,25.018152,21.64341,21.028627,18.125761,19.65609,16.0492,20.02563,17.20585
31,28.106535,23.871246,24.101643,19.570137,17.548944,19.29442,14.603914,18.208338,13.943177,17.154665,15.585272,16.613243,19.630772,17.488356,18.390833,13.859704,16.485106,12.69984,16.339407,14.481468,16.727661,20.858816,20.737461,21.56405,22.798967,19.554556,16.125355,13.916386,9.800334,5.90485,6.423032,0.0,8.634042,9.175159,11.192757,14.434275,16.003479,14.482238,11.165845,7.54936,9.377097,5.599642,6.494039,8.69437,9.248428,12.852873,14.269155,18.216312,19.701017,23.106924,24.344648,28.207937,31.221142,32.300804,28.10751,29.25677,23.842436,25.091839,25.332514,21.869995,17.96786,19.463057,15.239342,14.849343,13.162617,11.908238,12.862607,10.050468,14.446033,14.500483,11.053715,12.80328,8.867773,15.000355,10.905375,13.618674,14.996742,13.772429,16.089561,17.772955,17.670277,14.407341,12.454987,9.76082,6.844414,7.41079,6.2953877,9.591984,9.332751,13.083308,14.522004,17.835457,13.188355,17.990368,21.464483,22.857254,22.685184,23.72945,19.980623,18.557146,16.193598,16.274223,12.6525,16.034624,12.955909
32,32.579754,28.714775,27.398685,23.339235,20.74215,20.712942,15.935371,16.39027,11.277768,12.784114,9.067557,12.228172,15.970909,14.996323,17.66664,14.478861,19.146336,16.632065,21.633238,20.524864,23.762253,27.328775,28.182539,28.940258,29.261755,25.756132,21.868626,20.20022,14.910351,12.724176,9.8052225,8.634042,0.0,6.094177,4.6436353,7.702315,10.556867,9.379069,8.502729,8.277321,6.5951257,9.466619,7.2096367,13.15189,10.737441,16.557898,18.077751,22.15226,24.010448,26.987583,29.219799,32.014404,35.806824,36.048897,32.16717,32.2501,26.77978,27.17675,26.065731,22.84167,19.308678,20.74954,15.804642,16.577581,12.269268,14.481942,14.244695,14.173268,16.181837,18.394157,17.426445,18.34498,15.076203,20.07591,15.085758,19.113934,18.612707,16.013298,17.48232,17.403078,17.280151,15.546689,10.809006,10.677564,11.183493,11.343414,14.141111,17.281876,17.518784,21.168211,22.215736,26.008635,21.289864,26.068293,29.795523,31.392004,31.294744,32.27692,28.473366,26.956278,24.347967,24.007326,19.89099,22.386518,18.327745
33,34.62369,30.58388,29.893373,25.233847,23.36819,23.152655,19.23669,19.82742,14.645564,17.26194,12.779885,14.1805525,18.146915,16.039604,19.323816,15.541106,20.069376,17.945248,22.002573,21.865051,24.561344,28.60087,29.28268,30.481087,31.763279,28.561085,24.647362,22.913734,17.881502,14.851919,13.079266,9.175159,6.094177,0.0,5.131494,6.069937,8.2250805,8.797463,5.617262,5.264944,8.599015,10.968059,11.203773,16.380577,15.409935,20.639744,22.11182,26.27588,27.831121,31.111937,32.735126,36.106617,39.562916,40.021294,35.756813,36.342705,30.85009,31.80447,30.911728,27.883581,24.074005,25.925758,21.0899,21.416979,17.343134,18.356771,17.7158,16.276888,18.22141,19.07359,17.29191,16.935055,13.21167,16.54972,10.6718645,14.672718,13.196011,10.304964,11.738947,11.518754,12.106248,10.726466,6.907752,7.731417,8.242771,10.628658,12.811637,17.747494,18.281069,22.04738,23.637682,26.712135,21.42697,25.666368,29.570465,30.98768,30.649696,31.331411,27.27647,25.182404,22.789764,21.280848,17.186058,18.584703,14.274231
34,36.950623,33.00454,31.879927,27.651033,25.220114,25.085733,20.507952,20.626066,15.444379,16.700533,11.997517,15.241239,19.238686,18.13511,21.472496,18.261892,23.065668,20.691177,25.361017,24.471361,27.404589,31.244823,31.735308,32.46497,33.041565,29.387136,25.92016,23.632341,19.007914,16.119593,14.041547,11.192757,4.6436353,5.131494,0.0,4.2925115,5.9693584,5.0525165,5.048112,7.068866,5.7822943,10.781546,10.068435,15.95132,14.534611,20.1218,22.154411,26.063555,28.183775,31.14392,33.387,36.31289,39.99282,40.473225,36.635677,36.792892,31.31883,31.642136,30.588274,27.23115,23.79058,24.694595,19.715742,19.927345,14.694369,16.859913,15.523043,15.460187,16.142155,18.231031,18.034523,17.90397,15.095492,18.842934,14.067375,18.595966,17.532003,14.989738,16.555855,15.8188095,16.702215,15.757015,11.323986,12.341778,12.772045,14.368696,16.380703,20.543732,20.460585,24.159765,25.06545,28.601664,23.100113,27.460451,31.590488,33.426563,33.50083,34.594143,30.71723,28.859463,26.59805,25.491693,21.542097,23.325018,19.153141
35,39.06519,35.21638,33.84286,29.538013,27.361328,26.481794,22.557058,21.634037,16.52208,17.713552,12.157235,14.839703,18.894321,17.759653,21.850807,19.07514,24.222593,22.5627,27.122612,26.993288,30.03752,33.849243,34.75972,35.785736,36.569736,33.118988,29.242252,27.435577,22.290224,19.658783,17.17797,14.434275,7.702315,6.069937,4.2925115,0.0,4.588348,6.5807805,7.0199056,9.707756,9.969343,14.832651,14.161938,20.070883,18.327673,24.062096,25.756691,29.814747,31.677698,34.68763,36.84138,39.687347,43.4775,43.640778,39.646023,39.69934,34.24775,34.678696,33.216427,30.25591,26.79983,28.25742,23.287636,23.89677,18.7144,21.10967,19.790455,19.663832,20.201916,22.09341,21.721449,21.11616,18.128847,20.8934,15.603652,19.90871,17.831003,14.786533,15.57756,13.959583,14.842579,14.922687,10.299069,12.631257,14.186643,15.946964,18.792757,23.352648,23.75473,27.514313,28.760397,32.136894,26.679981,30.928118,35.02893,36.678673,36.51738,37.32438,33.30148,31.232304,28.84679,27.304264,23.213364,24.341402,19.959234
36,42.42091,38.42601,37.43677,33.023518,30.827711,30.429945,26.199282,25.869324,20.691685,21.846077,16.481913,19.382072,23.44814,22.20166,26.150265,23.032928,27.937363,25.874853,30.173208,29.702969,32.37254,36.428955,36.71567,37.524075,38.428383,34.748886,31.515196,28.903934,24.668213,21.383715,19.789896,16.003479,10.556867,8.2250805,5.9693584,4.588348,0.0,3.979977,5.610028,9.5771675,9.818538,15.121631,15.516454,21.055054,20.28945,25.65954,27.937662,31.75815,33.980125,36.958164,39.139065,42.190853,45.77933,46.39315,42.52116,42.74984,37.26931,37.60486,36.508987,33.16071,29.755983,30.450369,25.482454,25.384748,19.7144,21.725395,19.629631,19.454811,18.929602,20.575195,20.990055,19.64635,17.441372,19.167912,14.8860655,19.455086,17.505898,15.137007,16.443306,14.741067,16.795725,17.047596,13.481375,15.615964,16.199312,18.830532,20.358898,25.339247,25.162418,28.84701,29.750036,32.923443,26.85787,30.654438,35.065212,37.02488,37.173454,38.254528,34.31643,32.09436,30.174957,28.224197,24.533064,25.34873,21.215273
37,41.47192,37.44378,36.564774,32.324936,29.854652,30.01832,25.248755,25.557356,20.419245,21.323793,16.576345,20.115347,24.122585,23.091005,26.522472,23.235868,27.91361,25.314795,29.760324,28.585331,31.17796,35.193245,35.093414,35.55674,36.146805,32.229683,29.491318,26.36945,22.774754,19.349762,18.137419,14.482238,9.379069,8.797463,5.0525165,6.5807805,3.979977,0.0,4.719665,8.53105,6.6055064,12.40759,12.827514,18.142874,17.713291,22.826376,25.495985,29.056622,31.59788,34.42698,36.795464,39.7915,43.308064,44.188637,40.566906,40.783737,35.34028,35.444984,34.64626,30.953648,27.704391,27.696987,22.799988,22.29053,16.37288,18.367098,15.95315,16.190695,15.188532,17.29741,18.398352,17.419971,15.707055,18.25196,14.743784,19.545015,18.53537,16.615353,18.511599,17.452023,19.382051,18.897642,15.230521,16.519003,16.33275,18.71627,19.560976,24.064186,23.36927,26.93744,27.3942,30.744268,24.602242,28.44387,32.925632,35.13795,35.580486,36.984264,33.220013,31.220043,29.446571,27.918753,24.386372,25.783401,21.844824
