,0,1,2,3,4,5,6,7,8,9,10,11,12,13,14,15,16,17,18,19,20,21,22,23,24,25,26,27,28,29,30,31,32,33,34,35,36,37,38,39,40,41,42,43,44,45,46,47,48,49,50,51,52,53,54,55,56,57,58,59,60,61,62,63,64,65,66,67,68,69,70,71,72,73,74,75,76,77,78,79,80,81,82,83,84,85,86,87,88,89,90,91,92,93,94,95,96,97,98,99,100,101,102,103,104,105,106,107,108,109,110,111
0,0.0,4.3075614,6.551365,9.603426,12.132136,14.48906,17.932934,21.173027,24.582905,27.123262,30.811077,30.257782,28.89149,29.958641,26.098703,27.385748,26.008469,25.037945,27.742336,25.386482,29.086573,28.22705,32.516167,32.91841,32.007004,31.296885,30.4324,32.1424,27.288712,31.075481,30.19955,33.681248,37.186794,36.67898,39.986553,41.443863,44.974804,44.52907,41.242714,38.09651,40.275307,36.35,34.265606,31.275883,34.667706,29.809649,32.012684,30.344124,32.070286,35.08228,35.89238,39.229633,38.40075,42.571724,40.61777,44.43185,40.5023,42.5807,43.9962,43.35137,39.882053,40.545605,36.757633,34.913303,33.203285,29.754421,30.255056,26.15469,25.481417,20.886932,20.52459,24.186296,23.51009,29.61276,28.915306,32.569187,34.70871,35.370674,38.296265,38.946712,39.254715,36.022182,33.33209,30.933697,27.320578,27.988039,22.572115,23.182571,20.043306,21.55349,20.388662,18.752783,19.246222,19.526163,19.632751,19.539562,19.491117,20.17903,17.962934,14.021585,14.55198,13.564841,16.199596,16.67128,19.48714,19.668688,17.606974,20.818321,19.641806,19.674717,22.627628,21.968834
1,4.3075614,0.0,5.25198,6.5418124,8.621383,12.09107,14.435583,18.645325,21.431341,24.338428,27.84847,27.835947,26.546722,27.214321,23.440664,24.129723,22.822386,21.373625,24.187546,21.52826,25.175804,24.616512,28.669697,28.902794,28.212008,27.447163,26.422527,27.973654,22.987284,26.796518,25.929482,29.49533,33.167145,32.848663,36.093002,37.754116,41.170204,40.56825,37.275578,34.056538,36.14743,32.088696,30.072714,26.998835,30.376495,25.547398,27.845963,26.307089,28.18713,31.150146,31.82011,35.255276,34.49363,38.54138,36.44429,40.230778,36.303085,38.34293,39.84525,39.318928,35.84392,36.678757,32.819603,31.214405,29.573252,26.321499,27.070028,23.002512,22.471045,17.848064,16.85637,20.282814,19.591072,25.60357,25.211533,28.664366,31.075481,31.756199,34.75489,35.65398,35.85644,32.44641,30.058416,27.410583,23.606485,24.211412,18.579388,19.039604,15.8673725,17.445904,16.606462,15.351346,15.7764635,16.712135,16.761158,17.020521,16.3453,17.25675,14.553239,10.335174,10.447257,9.597899,12.019624,13.096009,16.236374,16.424728,14.050628,17.821655,15.971669,16.672157,19.399439,19.360615
2,6.551365,5.25198,0.0,5.264614,6.7813907,8.391592,12.140992,14.748587,18.466618,20.695559,24.689201,24.16881,23.30703,24.589037,21.326252,22.611572,22.354355,21.29842,25.102383,23.128454,27.093182,27.322477,31.30118,31.434526,31.448214,30.583935,28.994081,30.116325,24.230879,27.895697,26.163395,30.106653,32.573456,32.651608,35.44623,36.891857,40.67079,40.10456,37.26417,34.46763,35.951347,32.466595,29.763802,27.217445,31.157217,26.730177,29.461824,28.349583,30.250084,32.768143,32.98824,36.14808,34.655296,38.71474,36.605316,40.149292,35.93613,38.086674,39.07432,38.09427,34.63963,35.140575,31.708382,29.595047,28.653261,24.657682,25.607273,21.318056,21.744658,16.674501,15.575804,19.737823,18.385508,24.707336,23.131458,27.078709,28.77022,29.4842,32.356297,32.81892,33.42829,30.355736,27.826942,25.711458,22.140621,23.612368,18.151712,20.287222,17.800934,20.079798,20.110971,19.499846,19.441202,21.064636,20.445341,20.289642,18.820236,18.421534,15.320562,12.989914,11.959335,13.124418,14.016313,15.9534855,19.193651,18.303377,15.473493,17.837484,15.294923,14.860628,17.128923,16.044401
3,9.603426,6.5418124,5.264614,0.0,3.8491232,6.151592,9.064735,12.864465,15.412493,18.539522,21.588707,21.472849,20.033514,20.689615,17.031815,17.93537,17.233486,16.152216,19.858284,18.131922,22.239012,22.658924,26.798557,27.229816,27.781689,27.348969,26.038622,26.605972,20.458378,23.664501,22.172737,25.469532,28.05021,27.673035,30.73354,32.092854,35.793575,35.385284,32.36808,29.564829,31.427912,28.184893,25.665648,23.534555,27.674074,23.498669,26.55315,25.792212,28.151499,30.668066,30.571142,34.06812,32.832256,36.46924,33.792248,37.09714,32.657074,34.452316,35.42918,34.93452,31.34702,32.67536,29.334864,27.807169,27.47012,23.749403,25.398378,21.188286,22.133987,17.10639,14.269784,17.928534,15.891922,22.134073,20.373087,23.860346,25.868265,26.15333,28.98822,29.672009,29.737978,26.509066,23.752535,21.342358,17.82012,18.735023,13.547439,15.606205,13.518327,16.361069,16.781862,17.065073,17.831148,19.948803,19.971111,20.616695,18.66805,19.013096,15.258142,12.290242,10.305089,10.431285,9.869832,11.615232,14.7523365,13.336989,10.392775,12.67401,10.335478,10.275668,13.061211,12.9425
4,12.132136,8.621383,6.7813907,3.8491232,0.0,5.298582,5.8367405,10.645843,12.883257,15.939756,19.433853,19.92331,19.194403,19.714994,16.773287,16.96426,17.191502,15.393518,19.726067,17.663052,21.573792,22.663754,26.150667,26.06996,26.857607,26.044792,24.140108,24.615135,18.137629,21.55596,19.530905,23.56412,25.870642,26.294273,28.889557,30.584133,34.260433,33.49546,30.747845,27.98971,29.214075,25.801468,22.995676,20.672117,24.88619,20.825165,23.97307,23.399464,25.662539,27.882599,27.596527,30.896948,29.361382,33.048542,30.50676,33.830173,29.43532,31.441162,32.391453,31.617582,28.096016,29.07113,25.695576,24.02504,23.710445,19.909012,21.643518,17.447401,18.712637,13.683742,10.492225,14.301636,12.23479,18.555471,16.938574,20.590757,22.635525,23.254286,26.2243,27.062397,27.444077,24.10138,22.008472,19.525656,15.663046,17.261591,11.5260315,14.310274,12.454542,15.274942,16.406374,16.988468,16.908998,19.664827,19.01981,19.469124,16.843407,16.571112,12.553073,10.943247,8.198245,10.447261,9.189396,12.478147,15.839869,14.422355,11.069176,13.505247,9.230717,9.880563,11.395214,11.587109
5,14.48906,12.09107,8.391592,6.151592,5.298582,0.0,6.223187,6.9978585,10.578442,12.972739,16.438671,15.868446,15.086118,16.414373,13.779779,15.234692,16.364305,15.742683,20.649042,19.892746,24.060068,25.552608,29.278896,29.520584,30.966467,30.440187,28.51895,28.456625,21.483381,24.229776,21.668947,25.25392,26.084558,26.320894,28.644554,29.741394,33.83021,33.431732,31.091927,28.931938,29.899244,27.54986,24.209677,22.986998,27.721298,24.329025,27.836454,27.704384,30.079454,31.96585,31.240065,34.37046,32.32903,35.7567,32.975327,35.824585,31.059425,32.878494,33.15238,32.178215,28.654871,29.750315,27.098618,25.14497,25.992302,21.568558,23.720362,19.504654,21.835535,16.727306,13.276108,17.30568,14.246495,20.423786,16.93176,20.862072,21.881912,22.089382,24.711964,24.876745,25.392195,22.608036,19.755217,18.096924,15.037526,17.228928,12.787455,17.069439,16.19523,19.541563,20.958054,21.908728,22.136395,24.893328,24.313765,24.665606,21.948002,21.139793,17.134329,16.21461,13.372988,15.352436,13.343837,15.915467,18.810362,16.35927,13.254113,13.289109,9.773311,7.9115114,9.325296,7.65761
6,17.932934,14.435583,12.140992,9.064735,5.8367405,6.223187,0.0,6.827692,7.4115667,10.780417,14.1082,15.423122,15.407927,15.581984,13.819977,13.172264,15.024028,12.891897,18.176464,16.710829,20.394047,22.678543,25.437664,25.07057,26.871275,26.043806,23.610018,23.238348,16.042263,18.8412,15.835356,20.164192,21.166624,22.379686,24.275417,26.05658,29.85495,28.894238,26.673489,24.361874,24.732382,21.931864,18.484177,16.958847,21.71336,18.579348,22.21565,22.44816,24.860146,26.398102,25.368402,28.443155,26.367691,29.623838,26.75816,29.619362,24.914864,26.856474,27.338732,26.371435,22.84356,23.97219,21.082813,19.46929,20.419752,16.396967,19.00424,15.08257,17.786459,13.202133,8.3041935,11.650222,8.165612,14.2670355,11.377724,15.143053,16.872614,17.455511,20.428728,21.307163,21.850592,18.521719,16.94161,14.600165,10.702055,13.430875,8.137331,12.979755,12.648911,15.834103,18.14775,19.718218,19.343365,22.825489,21.878685,22.426874,18.974857,18.091417,13.875271,14.156058,10.625069,13.907572,10.857205,14.799098,17.74029,15.584691,12.24067,13.201826,7.183691,7.9370947,7.0431747,7.9664087
7,21.173027,18.645325,14.748587,12.864465,10.645843,6.9978585,6.827692,0.0,5.387763,6.1171737,10.513656,10.238956,11.291379,12.963375,12.648218,13.621725,17.021654,16.360447,22.030643,21.911182,25.682201,28.290188,31.168379,31.004509,33.297314,32.59314,30.02887,29.300184,21.931099,24.043364,20.42042,24.316965,23.18404,24.543777,25.70516,26.745144,31.023031,30.398432,28.973303,27.553038,27.222271,25.813786,21.70707,21.499517,26.547775,24.256044,28.028807,28.616852,30.909101,31.995445,30.568182,33.1741,30.342686,33.348553,30.525227,32.7667,27.829432,29.659088,29.172802,27.629967,24.317394,25.070244,23.319452,21.056797,23.371355,18.558605,21.347057,17.601896,21.4067,16.939068,12.977702,16.471813,12.6421995,17.75684,12.447242,16.60321,16.372118,16.634312,19.005043,18.71597,19.93808,17.654259,15.442025,14.721529,12.373423,16.105093,12.988077,18.792768,19.110283,22.501978,24.84116,26.410526,26.059189,29.436201,28.31545,28.511892,25.069937,23.372278,19.415585,20.386951,17.04958,20.329576,17.355051,20.653208,23.303713,20.416183,17.375282,16.184072,11.572347,9.457991,7.455287,4.586305
8,24.582905,21.431341,18.466618,15.412493,12.883257,10.578442,7.4115667,5.387763,0.0,4.5776777,6.7221026,8.748343,9.894804,10.022809,10.707131,9.950188,14.280285,13.151136,18.907804,19.117561,22.445803,25.720903,27.992573,27.740133,30.694304,30.179468,27.602516,26.202974,18.82365,20.13553,16.27192,19.759468,17.9027,19.647001,20.441267,21.656946,25.852427,25.081919,23.850006,22.666052,21.98065,21.060635,16.814102,17.457676,22.65046,21.169706,25.139622,26.282906,28.790432,29.541195,27.65134,30.303688,27.585255,29.98692,26.66819,28.48227,23.341715,24.838945,24.166084,22.969955,19.562551,21.173038,19.744984,18.240053,21.46496,17.295942,20.77664,17.609617,21.755774,17.976015,12.91606,15.056662,10.657332,14.562322,8.538107,11.970727,11.901018,11.677714,14.165186,14.383226,15.144313,12.455972,10.747529,9.715728,7.481166,11.786417,9.94592,16.152615,17.492374,20.87545,23.79039,26.049597,25.861908,29.586319,28.66356,29.281178,25.513517,24.213165,20.179266,21.295885,17.673162,20.71723,16.833164,20.180313,22.391993,19.356068,16.605253,15.013384,9.976425,8.948303,4.8483872,5.2593365
9,27.123262,24.338428,20.695559,18.539522,15.939756,12.972739,10.780417,6.1171737,4.5776777,0.0,5.9220324,7.244382,10.401176,11.563363,13.582756,13.515424,18.323671,17.560286,23.273764,23.63727,26.836319,30.240763,32.30397,31.846483,34.8287,34.086,31.175188,29.816238,22.53858,23.836956,19.591791,23.344576,20.427677,22.807072,22.79156,23.801928,28.05044,27.193527,26.661734,25.972746,24.462173,24.058365,19.51114,20.426004,25.46381,24.364075,28.206564,29.444456,31.671164,32.056824,30.014658,32.158577,28.841816,31.207895,28.26679,29.78567,24.788963,26.453968,25.235159,23.313858,20.28869,20.971457,20.282877,18.11465,21.951305,17.362818,20.73564,17.866728,22.57291,19.099367,14.907841,17.162413,13.128712,16.274054,9.582535,13.199032,11.521451,11.674896,13.654043,12.985527,14.902415,13.194797,12.146902,12.442977,11.263363,15.807611,14.409632,20.58358,21.836699,25.073526,28.00696,30.07639,29.474226,33.226475,31.896292,32.142185,28.280985,26.274971,22.508194,24.446053,20.928131,24.604342,21.036371,24.559885,26.887852,23.8433,21.048315,19.258347,14.48457,12.915877,9.1170225,7.657624
10,30.811077,27.84847,24.689201,21.588707,19.433853,16.438671,14.1082,10.513656,6.7221026,5.9220324,0.0,4.8299303,7.567497,7.365854,11.137996,10.536967,16.016956,15.988655,21.22622,22.726225,25.580069,29.348581,31.236845,31.170233,34.87839,34.67894,32.178387,30.087727,23.029533,23.131916,19.159178,21.348436,16.975605,18.851917,18.460287,18.789728,23.191593,22.789337,22.648285,22.701914,21.187717,22.248566,17.858368,20.32407,25.379074,25.192604,29.18807,30.900593,33.4466,33.680824,31.249979,33.55147,30.554218,32.10231,28.486849,29.250923,24.01761,24.878181,23.095884,21.909983,18.923777,21.103628,21.217075,20.115063,24.834705,21.022423,24.81095,22.372341,27.05529,23.854568,18.953217,20.325914,16.016548,17.977938,11.106466,12.845072,10.713499,9.0437565,10.093147,9.021042,9.807798,8.716326,6.749156,8.438116,9.487835,13.4683075,14.63756,20.620443,22.810274,26.188997,29.32978,31.979233,32.0178,35.824642,35.020947,35.744072,31.861174,30.472345,26.559061,27.883596,24.235596,26.974045,22.735376,25.565247,27.218624,23.766165,21.587353,18.568535,15.039869,13.359958,9.354269,9.254684
11,30.257782,27.835947,24.16881,21.472849,19.92331,15.868446,15.423122,10.238956,8.748343,7.244382,4.8299303,0.0,4.693409,6.97198,10.532852,12.062781,17.058044,18.04727,23.218904,25.128756,28.41552,31.756731,34.30756,34.607315,38.120865,38.060974,35.766956,33.90516,26.67754,27.037031,23.303516,25.282341,21.196245,22.145262,22.227854,21.904566,26.475044,26.599728,26.323347,26.425982,25.494165,26.636747,22.380068,24.618107,29.773731,29.141111,33.17602,34.625675,37.208595,37.71389,35.49081,37.894356,34.86507,36.67467,33.16269,34.052277,28.819664,29.685299,27.878098,26.664852,23.736946,25.658619,25.722904,24.2287,28.643848,24.365967,27.887053,25.05979,29.662125,25.952269,21.394726,23.562305,19.21587,22.109066,15.224435,17.525614,15.331809,13.7904,14.452006,12.621514,13.356479,13.073939,9.705121,11.811656,12.926333,16.381441,17.27921,23.31683,25.1481,28.785576,31.578848,33.980198,34.276363,37.84364,37.165585,37.77919,34.12545,32.670853,28.672676,29.571865,26.010914,28.437546,24.46917,26.87396,28.54915,24.829641,22.702093,19.019396,16.489086,13.522262,10.566486,8.5569315
12,28.89149,26.546722,23.30703,20.033514,19.194403,15.086118,15.407927,11.291379,9.894804,10.401176,7.567497,4.693409,0.0,3.9287105,6.5322514,9.417431,13.660943,15.6113205,20.323719,22.847551,26.316908,29.29303,32.36493,33.197598,36.720047,37.09249,35.34389,33.421413,26.290646,26.427225,23.329096,24.403667,20.966446,20.56215,21.56183,20.78884,25.424532,26.096958,25.224993,25.172155,25.31792,26.513815,22.716862,25.01679,30.205755,29.313637,33.40675,34.732548,37.576096,38.455326,36.39421,39.232216,36.711445,38.502533,34.64869,35.654396,30.3069,30.859787,29.354229,28.841278,25.679047,28.404457,28.065144,27.006369,31.027426,26.936613,30.475897,27.353876,31.535387,27.469467,22.540962,24.788948,20.330296,23.730358,17.329525,19.35892,18.06618,16.082228,16.842978,15.491805,14.96116,14.298922,9.390766,11.021535,12.405783,14.693941,16.205173,21.782364,23.680489,27.498945,30.019428,32.51801,33.47632,36.80782,36.674095,37.611248,34.222843,33.39964,29.221716,29.12962,25.638626,27.03691,22.968954,24.565344,25.849514,21.880426,20.180182,15.673581,14.649805,11.116735,9.376417,7.7987547
13,29.958641,27.214321,24.589037,20.689615,19.714994,16.414373,15.581984,12.963375,10.022809,11.563363,7.365854,6.97198,3.9287105,0.0,5.1136465,6.360498,11.029286,12.9656925,17.359806,20.24439,23.382616,26.615597,29.389162,30.304417,34.14863,34.73769,33.175823,30.909756,24.03914,23.608217,20.77232,21.104208,17.47083,16.707129,17.81259,16.973423,21.597313,22.36069,21.378523,21.437822,21.782951,23.336863,19.805408,22.593843,27.66251,27.1588,31.249327,32.79445,35.770855,36.580578,34.380493,37.3366,35.12118,36.556,32.39923,33.196663,27.831305,28.04258,26.587051,26.592836,23.38813,26.841982,26.52743,26.07407,30.22257,26.643698,30.387913,27.491175,31.571152,27.7726,22.413,24.025173,19.559793,22.344412,16.33627,17.543215,16.718395,14.265442,14.963732,14.184749,12.702515,11.685793,6.207715,7.698854,9.95228,11.578194,14.375453,19.584034,21.99945,25.724207,28.424484,31.271511,32.437195,35.85486,35.94332,37.167233,33.716827,33.27355,29.077475,28.822994,25.284317,26.331451,21.894835,23.309856,24.234314,20.263832,18.885727,14.224891,13.446426,10.7770605,8.732781,9.13051
14,26.098703,23.440664,21.326252,17.031815,16.773287,13.779779,13.819977,12.648218,10.707131,13.582756,11.137996,10.532852,6.5322514,5.1136465,0.0,4.9483852,7.3809686,10.097502,14.288946,17.153458,20.776833,23.330479,26.865847,28.184877,31.600048,32.41025,31.310522,29.379484,22.584274,22.547104,20.4011,20.567053,18.821194,16.99887,19.43159,18.85208,23.254114,24.142063,22.170218,21.410727,22.994825,23.570332,20.536089,22.473707,27.495907,26.194746,30.22582,31.360476,34.469864,35.80305,34.01859,37.388927,35.655655,37.452553,33.281227,34.615887,29.292494,29.604816,28.839031,29.182146,25.715557,29.26206,28.132729,27.725094,30.967003,27.408646,30.91114,27.604342,31.060125,26.857492,21.485126,23.437948,19.128933,22.878109,17.738602,19.330133,19.597866,17.542568,18.860697,18.661705,17.06342,15.20464,9.969583,9.455407,10.110176,10.458769,12.357851,16.910706,18.90452,22.767183,25.013058,27.705608,29.386263,32.476753,32.995815,34.40976,31.329163,31.4361,27.16842,25.922487,22.588938,22.690454,18.436003,19.139683,19.928766,15.826198,14.646795,9.506112,10.195626,7.0238724,7.1965065,8.102865
15,27.385748,24.129723,22.611572,17.93537,16.96426,15.234692,13.172264,13.621725,9.950188,13.515424,10.536967,12.062781,9.417431,6.360498,4.9483852,0.0,5.556325,6.649949,11.225875,13.902223,17.049555,20.284487,23.083216,24.118086,27.918154,28.707699,27.51092,25.20432,18.583506,18.020306,15.901854,15.730197,14.021339,12.498971,14.972394,15.039448,19.296732,19.7706,17.624025,16.674967,18.1491,18.659607,15.753337,18.033195,22.945215,22.109835,26.137985,27.579283,30.745634,31.861616,29.876074,33.258404,31.745718,33.206345,28.831375,30.034817,24.746502,24.880898,24.300852,25.010378,21.505785,25.557446,24.359388,24.54456,27.862968,24.928776,28.610855,25.69741,29.091967,25.413994,19.681955,20.72859,16.527782,19.353783,14.865437,15.581292,16.541468,14.380916,15.920015,16.573444,14.529591,11.877912,7.5218368,5.3682346,6.0561523,5.6991215,9.182569,13.563315,16.290205,19.921066,22.632742,25.745317,27.256504,30.622986,31.095196,32.70603,29.399149,29.703238,25.523605,24.6021,21.17921,21.46592,16.75718,17.886316,18.527874,14.732142,13.592351,9.441595,8.701832,7.88398,6.5633264,9.754125
16,26.008469,22.822386,22.354355,17.233486,17.191502,16.364305,15.024028,17.021654,14.280285,18.323671,16.016956,17.058044,13.660943,11.029286,7.3809686,5.556325,0.0,4.545155,6.9874263,10.55759,13.959727,16.292295,19.978306,21.808468,25.313946,26.691343,26.38116,24.231115,18.328665,17.674942,16.982824,15.6314,16.184898,12.867195,16.830967,16.810656,20.434978,21.315544,18.132954,16.456081,19.678726,19.530102,17.773,19.364225,23.778551,22.394323,26.162188,27.240143,30.592148,32.240803,30.675426,34.500275,33.743843,35.264458,30.788755,32.290535,27.247448,27.164257,27.247807,28.597723,25.053802,29.429369,27.658335,28.185913,30.656332,28.091805,31.507336,28.41911,31.047174,27.22302,21.600128,22.592371,18.882223,22.07413,18.902552,19.46359,21.290573,19.306786,20.950317,21.91603,19.510717,16.73265,12.698684,10.159253,9.904563,6.9149523,9.853106,11.840541,14.362117,17.891186,19.981632,23.143576,25.571047,28.458132,29.698175,31.726181,28.939579,30.131302,26.020838,23.80888,20.804602,19.45209,14.948933,14.54452,14.348878,10.39991,10.376971,5.5552263,8.441232,8.5247555,9.825985,13.05244
17,25.037945,21.373625,21.29842,16.152216,15.393518,15.742683,12.891897,16.360447,13.151136,17.560286,15.988655,18.04727,15.6113205,12.9656925,10.097502,6.649949,4.545155,0.0,5.771803,7.2874146,10.795886,13.770069,16.870588,18.10846,21.591908,22.62928,22.003372,19.8731,13.790145,13.389358,12.703502,12.063271,13.950674,11.7842655,15.638141,16.76597,20.06621,20.124268,16.711666,14.263093,17.223263,15.888521,14.201991,15.084692,19.449345,17.857668,21.630064,22.728825,26.07435,27.695984,26.167377,30.040707,29.436863,31.04922,26.661898,28.471004,23.554976,23.728176,24.301092,25.618172,22.01146,26.221815,23.99443,24.721346,26.742846,24.583883,27.913883,25.022154,27.376638,23.90856,18.237297,18.675303,15.293546,18.186977,16.060951,16.4252,19.058563,17.589657,19.714884,21.302246,19.233665,15.7652235,13.101665,9.556935,7.700456,4.215401,6.0273685,7.5697317,10.540622,13.961515,16.520082,19.89226,21.911636,25.085508,26.088692,28.150759,25.181726,26.453579,22.45923,20.561075,17.52398,16.597643,11.807142,12.333322,12.571252,9.296676,8.607611,6.650538,6.240737,8.680723,9.137093,13.264045
18,27.742336,24.187546,25.102383,19.858284,19.726067,20.649042,18.176464,22.030643,18.907804,23.273764,21.22622,23.218904,20.323719,17.359806,14.288946,11.225875,6.9874263,5.771803,0.0,5.2920566,7.5362306,9.8173685,13.288608,15.645062,19.30497,21.29294,21.851248,19.447039,15.139659,13.676973,14.903114,11.873418,15.376107,11.338678,16.20544,17.06119,19.38516,19.920206,15.701552,12.866735,17.603601,16.408358,16.348194,17.305553,20.600174,19.302994,22.51954,23.554512,27.019806,28.86847,27.550434,31.676338,31.932184,33.088947,28.494005,30.113367,25.632729,25.19024,26.186312,28.390097,25.003122,29.832272,27.553755,28.939062,30.59493,29.135908,32.323967,29.662615,31.459827,28.295698,22.839453,22.721046,19.968843,22.143452,21.091581,20.673086,23.66734,21.98774,23.795553,25.624237,22.917585,19.656412,17.198008,13.852672,12.899647,8.382122,10.951773,8.993111,11.932783,14.394654,16.298454,19.917603,22.862125,25.502129,27.339624,29.901625,27.439316,29.57772,25.886024,23.126062,20.668728,18.228336,13.993246,12.691329,11.288248,8.804837,10.168866,8.881178,11.222278,13.664074,14.831722,18.7737
19,25.386482,21.52826,23.128454,18.131922,17.663052,19.892746,16.710829,21.911182,19.117561,23.63727,22.726225,25.128756,22.847551,20.24439,17.153458,13.902223,10.55759,7.2874146,5.2920566,0.0,4.3931413,6.6729293,10.108603,11.796339,14.797079,16.409706,16.907902,14.997416,10.936666,10.49153,12.404629,10.821476,16.424986,14.0436735,18.393364,20.26794,22.290094,21.955847,17.67499,13.974059,18.197857,15.057495,15.337533,14.582718,17.407482,15.175479,18.12228,18.747583,22.191732,24.364931,23.464912,27.76197,28.387526,29.933092,25.697224,27.979977,23.86079,23.929205,25.672071,27.639057,24.244684,28.461563,25.449467,26.826075,27.462198,26.418585,29.211084,26.647404,27.742035,24.891403,19.84182,19.335014,17.401636,19.600033,20.033821,19.820765,23.543598,22.613598,24.93109,27.142706,25.023474,21.266161,19.73755,15.916045,13.55468,9.879176,9.522424,4.8231363,7.3513055,9.216535,11.254141,15.035392,17.809208,20.522505,22.330214,25.002317,22.644108,25.159115,21.755354,18.836521,16.725779,14.136006,10.199696,9.374786,8.406805,7.563439,8.334644,10.368385,10.57612,14.361547,15.469495,19.552694
20,29.086573,25.175804,27.093182,22.239012,21.573792,24.060068,20.394047,25.682201,22.445803,26.836319,25.580069,28.41552,26.316908,23.382616,20.776833,17.049555,13.959727,10.795886,7.5362306,4.3931413,0.0,4.814407,6.0897985,8.140516,11.949544,14.155982,15.309603,12.798598,10.82162,9.039674,12.437121,9.295035,16.129526,13.718784,17.923962,20.134535,21.257282,20.69115,16.17249,12.112026,16.841173,13.420202,15.0494175,14.354186,15.981819,14.515378,16.838284,17.72436,21.137775,23.13053,22.19982,26.505299,27.777716,28.757345,24.416784,26.459827,22.857145,22.494778,24.656195,27.216562,24.122932,28.674936,25.713472,27.738285,28.216019,27.98141,30.703112,28.641485,29.466148,27.264725,22.411211,21.069584,19.694834,20.664452,22.070616,21.021908,25.03898,24.115795,26.252913,28.818832,26.455328,22.733585,21.973476,18.158573,16.197437,12.308719,12.839677,7.6288877,10.069704,10.400628,12.325834,16.216806,18.89974,21.449049,23.422297,26.311008,24.082344,26.916985,23.9244,21.26263,19.494362,16.928934,13.536105,12.706052,11.227083,11.424459,12.549645,14.57699,14.677406,18.549307,19.18914,23.449652
21,28.22705,24.616512,27.322477,22.658924,22.663754,25.552608,22.678543,28.290188,25.720903,30.240763,29.348581,31.756731,29.29303,26.615597,23.330479,20.284487,16.292295,13.770069,9.8173685,6.6729293,4.814407,0.0,5.764823,9.023849,10.9196825,13.806159,16.166178,14.632421,13.880089,13.069728,16.67586,14.034498,20.90628,18.020788,22.478178,24.368973,25.36975,25.100275,20.457916,16.498838,21.524454,17.96842,19.736525,18.43169,19.610682,17.408552,19.115454,19.24765,22.484983,25.034044,24.751616,29.170435,30.889359,32.140064,28.123344,30.465847,27.175354,26.922579,29.307407,31.845821,28.764256,33.062927,29.803556,31.63955,31.467445,31.213606,33.59281,31.326511,31.546438,29.191628,24.793413,23.803493,22.785013,24.389175,26.012823,25.399927,29.450575,28.616459,30.836134,33.275036,30.930534,27.231524,25.987505,22.217594,20.093073,16.22331,15.946104,10.21546,11.0865135,10.676459,11.02933,14.45866,18.08464,19.770853,22.549547,25.704674,24.22453,27.72519,24.998308,21.299107,20.201216,16.26946,13.973053,11.636617,9.197292,10.806123,12.782067,15.627237,16.855196,20.56246,22.069223,26.032993
22,32.516167,28.669697,31.30118,26.798557,26.150667,29.278896,25.437664,31.168379,27.992573,32.30397,31.236845,34.30756,32.36493,29.389162,26.865847,23.083216,19.978306,16.870588,13.288608,10.108603,6.0897985,5.764823,0.0,4.16113,7.5001535,10.781923,13.476977,11.166968,12.948952,11.05799,15.627997,12.372826,19.963985,17.979689,21.686607,24.188196,24.309326,23.422922,18.954817,14.842129,19.442982,15.374968,18.325903,16.884842,16.608107,15.424766,16.301952,16.871498,19.918041,22.002468,21.592813,25.842781,28.190619,28.778051,24.805006,26.898058,24.344486,23.785282,26.661434,29.621027,26.964901,31.334679,28.143585,30.640259,30.293623,30.999802,33.288033,31.713198,31.752836,30.283909,26.092669,24.086514,23.684881,23.799503,26.548992,25.086744,29.426737,28.793962,30.892971,33.75262,31.406132,27.694754,27.578068,23.777132,21.785126,18.121576,18.25465,12.480346,13.804424,12.341232,13.299311,16.69685,19.325993,21.211908,23.566347,26.714363,25.064411,28.530695,26.269928,23.507841,22.515469,19.5828,17.357904,16.257174,14.455,16.056023,17.430178,20.272797,20.302952,24.377855,25.013529,29.266323
23,32.91841,28.902794,31.434526,27.229816,26.06996,29.520584,25.07057,31.004509,27.740133,31.846483,31.170233,34.607315,33.197598,30.304417,28.184877,24.118086,21.808468,18.10846,15.645062,11.796339,8.140516,9.023849,4.16113,0.0,5.395313,7.7006774,9.85863,7.217626,10.660133,9.011895,13.764675,11.66015,19.527863,18.885012,21.867117,24.940525,24.987219,23.44547,19.370153,15.186185,18.659513,13.591138,16.765545,14.497841,13.296742,12.207257,12.495126,13.1978245,16.121988,18.0048,17.628897,21.828531,24.437134,24.985373,21.268534,23.621117,21.507505,21.23613,24.528805,27.291664,24.831831,28.744051,25.333746,27.98956,27.206322,28.455942,30.525944,29.357182,29.146862,28.268282,24.438177,21.85148,22.061867,21.42954,25.118893,23.471975,28.03202,27.832888,30.064167,33.141716,31.170553,27.333323,27.974825,24.114668,21.76848,18.762413,18.222504,12.62757,13.740846,11.617519,13.062494,16.302208,17.913702,20.129076,21.885834,24.871487,23.00677,26.301723,24.392748,22.39548,21.50315,19.501995,17.466015,17.463299,16.429083,18.115234,18.788319,22.118605,20.897774,25.26571,25.371183,29.642366
24,32.007004,28.212008,31.448214,27.781689,26.857607,30.966467,26.871275,33.297314,30.694304,34.8287,34.87839,38.120865,36.720047,34.14863,31.600048,27.918154,25.313946,21.591908,19.30497,14.797079,11.949544,10.9196825,7.5001535,5.395313,0.0,3.9795551,8.295289,8.185601,12.973274,13.077993,17.410284,16.663483,24.54922,24.051601,27.117872,30.204233,30.37452,28.800365,24.756338,20.554613,23.816864,18.298576,21.13144,17.823706,16.177843,13.877374,13.042503,12.395948,14.738387,17.374163,18.119783,22.25912,25.428223,26.519667,23.621954,26.578758,25.00625,25.228674,28.819534,31.191944,28.787563,31.953522,28.045559,30.362816,28.464115,29.91667,31.366003,30.193495,29.041925,28.404766,25.445772,22.987932,23.972012,23.82453,28.153698,27.058058,31.743763,31.927088,34.404156,37.444317,35.78544,31.813955,32.315487,28.35996,25.5074,22.821072,21.063646,15.127075,14.8062935,11.585973,11.631632,13.838689,15.354551,16.703482,18.846186,21.985287,20.942389,24.89547,23.659601,21.147518,21.15498,18.632736,17.976467,17.711906,16.831177,19.56247,20.19812,24.559896,23.298208,27.76053,28.313972,32.32592
25,31.296885,27.447163,30.583935,27.348969,26.044792,30.440187,26.043806,32.59314,30.179468,34.086,34.67894,38.060974,37.09249,34.73769,32.41025,28.707699,26.691343,22.62928,21.29294,16.409706,14.155982,13.806159,10.781923,7.7006774,3.9795551,0.0,4.7852297,6.365063,11.869748,13.014276,16.747395,17.455645,25.111528,25.544157,28.163214,31.559351,31.923706,29.96174,26.243965,22.071953,24.45139,18.366383,20.819607,16.69614,14.624027,11.771059,10.170955,8.911422,10.934099,13.79584,15.002564,19.066923,22.34952,23.812576,21.45659,24.867939,23.614162,24.350279,28.127401,30.022276,27.728779,30.18294,25.985754,28.130228,25.58508,27.36213,28.44597,27.538578,25.974874,25.831114,23.452843,20.696787,22.339079,21.916569,26.934301,26.021027,30.767508,31.390444,34.03235,37.12381,35.900925,31.846472,32.761982,28.809565,25.58918,23.575603,21.01762,15.542079,14.757708,11.146024,11.433518,13.109382,13.322689,14.955535,16.33881,19.239782,18.081047,21.900421,21.11197,19.285902,19.533337,17.948538,17.69686,18.400566,18.281214,20.976522,20.984335,25.736322,23.504868,28.072927,28.31297,32.16892
26,30.4324,26.422527,28.994081,26.038622,24.140108,28.51895,23.610018,30.02887,27.602516,31.175188,32.178387,35.766956,35.34389,33.175823,31.310522,27.51092,26.38116,22.003372,21.851248,16.907902,15.309603,16.166178,13.476977,9.85863,8.295289,4.7852297,0.0,4.326498,9.263731,11.404138,14.103779,16.46712,23.490473,25.023994,27.03654,30.720455,31.381979,29.025974,25.769524,21.761353,23.034006,16.558868,18.361847,13.535369,11.305459,7.8806143,5.74536,4.143106,6.6188335,9.502551,10.640433,14.833125,17.775816,19.667383,17.59007,21.429323,20.183563,21.494085,25.277979,26.596703,24.364828,26.153162,21.751108,23.73801,20.878971,22.900301,23.85928,23.242107,21.695107,22.012497,19.898489,16.678299,18.82612,17.874449,23.478401,22.657402,27.385658,28.426548,31.185266,34.301876,33.544205,29.47041,30.901957,27.048067,23.574293,22.383688,19.26427,14.75181,13.998098,10.662213,12.016465,13.663584,12.379083,14.992945,15.0669775,17.447498,15.468239,18.566969,17.882597,17.349146,17.312134,17.307562,16.794678,18.80036,19.491764,21.62948,20.893457,25.58771,22.193102,26.77034,26.422676,30.134527
27,32.1424,27.973654,30.116325,26.605972,24.615135,28.456625,23.238348,29.300184,26.202974,29.816238,30.087727,33.90516,33.421413,30.909756,29.379484,25.20432,24.231115,19.8731,19.447039,14.997416,12.798598,14.632421,11.166968,7.217626,8.185601,6.365063,4.326498,0.0,7.4141364,7.854365,11.247357,12.612934,19.731134,21.276375,23.11646,26.851068,27.257761,24.857237,21.632313,17.68514,18.947275,12.561185,14.955874,10.815141,8.285435,6.3847885,5.354952,6.3864613,9.287639,10.8765335,10.562945,14.877933,17.56513,18.624754,15.589578,18.859116,17.278387,18.064476,21.818075,23.66337,21.429695,24.04718,20.077372,22.627499,20.885832,22.874336,24.478588,23.919844,23.28881,23.374054,20.347654,16.917345,18.296642,16.645868,21.865927,20.346968,25.095282,25.785507,28.320711,31.55886,30.462677,26.47855,28.126724,24.318346,21.293344,19.761072,17.738857,13.301788,13.75403,11.151643,13.363209,15.961333,15.4543,18.388512,18.691324,21.099396,18.668423,21.307016,19.978725,19.59979,18.809982,18.795616,17.156595,19.042322,19.36264,20.909958,20.380844,24.298903,21.095215,25.651602,24.965363,28.98227
28,27.288712,22.987284,24.230879,20.458378,18.137629,21.483381,16.042263,21.931099,18.82365,22.53858,23.029533,26.67754,26.290646,24.03914,22.584274,18.583506,18.328665,13.790145,15.139659,10.936666,10.82162,13.880089,12.948952,10.660133,12.973274,11.869748,9.263731,7.4141364,0.0,4.8041067,5.6290727,9.598789,15.629496,17.449448,19.439127,22.949598,24.533436,22.40799,19.29046,15.524999,16.467253,10.509171,10.585284,6.118275,7.957821,4.3272734,7.8711243,9.140137,12.466555,13.970536,12.780597,16.997118,17.569147,19.504747,15.877655,19.145077,15.721526,17.017332,19.766474,20.861952,17.829521,20.556644,16.583513,18.299875,17.66453,18.058456,20.406723,18.946396,19.491957,18.367607,14.16526,11.373165,11.530663,11.22741,15.214455,14.474904,19.150867,19.771275,22.600086,25.532421,24.67958,20.540222,21.686892,17.848045,14.329726,13.502628,10.574198,7.50289,8.587886,7.955318,11.603552,14.7379,14.309313,18.160383,18.019203,20.073257,16.730076,18.42882,15.838755,15.751673,13.772911,14.769327,11.812979,14.837095,15.982688,16.332376,14.966171,18.387327,14.195529,18.659096,17.668865,21.618044
29,31.075481,26.796518,27.895697,23.664501,21.55596,24.229776,18.8412,24.043364,20.13553,23.836956,23.131916,27.037031,26.427225,23.608217,22.547104,18.020306,17.674942,13.389358,13.676973,10.49153,9.039674,13.069728,11.05799,9.011895,13.077993,13.014276,11.404138,7.854365,4.8041067,0.0,4.8266306,5.2559114,12.255761,13.81776,15.722877,19.35798,20.373543,18.207422,14.924637,11.061043,12.372218,6.4613876,8.1129265,5.876916,7.0901585,6.9417906,9.825748,12.025618,15.264148,16.109404,14.261435,18.268478,19.111183,19.861723,15.445771,17.72625,14.190345,14.45143,17.170546,19.266241,16.382853,20.374775,17.196348,19.752745,20.23876,20.950426,23.703506,22.577057,23.659794,22.65842,18.066044,15.21136,14.640475,13.215314,16.44016,14.47116,19.037415,19.008709,21.38152,24.52486,23.008446,19.04092,20.482008,16.711876,14.185598,12.397003,11.929622,8.845019,11.420694,11.177612,14.621525,18.19268,18.512842,22.0849,22.413744,24.662746,21.466047,23.196192,20.575417,20.327272,18.210243,18.543365,15.055351,17.142767,17.438255,17.379705,16.703417,18.998722,15.770437,19.994884,18.757929,23.052052
30,30.19955,25.929482,26.163395,22.172737,19.530905,21.668947,15.835356,20.42042,16.27192,19.591791,19.159178,23.303516,23.329096,20.77232,20.4011,15.901854,16.982824,12.703502,14.903114,12.404629,12.437121,16.67586,15.627997,13.764675,17.410284,16.747395,14.103779,11.247357,5.6290727,4.8266306,0.0,6.726364,10.54029,13.704942,14.675677,18.385252,20.149925,17.764751,15.340231,12.290128,11.770072,6.6268063,5.0712314,2.4438524,7.0989876,7.179857,10.997114,13.362687,16.300623,16.635168,14.277074,17.787313,17.304777,18.430698,14.01796,16.295773,11.860985,12.854689,14.865916,16.021008,12.758456,16.416405,13.306357,15.478313,16.815908,16.933346,20.095322,18.929148,20.848148,19.73508,14.832323,11.997684,10.806176,8.921728,11.692674,9.732755,14.370135,14.669081,17.293318,20.403435,19.440699,15.378805,17.34424,13.771737,10.93957,10.722812,9.785841,9.457183,12.075637,12.839013,16.635077,19.94419,19.579504,23.556087,23.14885,24.877604,21.144123,21.8494,18.923882,19.767412,17.094353,18.84219,14.986876,18.11089,19.141298,18.325699,16.86756,18.55924,14.077504,17.925417,15.801828,19.872803
31,33.681248,29.49533,30.106653,25.469532,23.56412,25.25392,20.164192,24.316965,19.759468,23.344576,21.348436,25.282341,24.403667,21.104208,20.567053,15.730197,15.6314,12.063271,11.873418,10.821476,9.295035,14.034498,12.372826,11.66015,16.663483,17.455645,16.46712,12.612934,9.598789,5.2559114,6.726364,0.0,7.9005146,8.774084,10.747099,14.276338,15.172314,13.274366,9.746872,5.9553165,8.046196,4.6043906,6.5685916,8.372108,10.346985,11.839542,14.745488,17.202435,20.346308,20.7994,18.48775,22.065767,22.4629,22.466768,17.527987,18.569723,14.5100565,13.673058,15.433268,18.267448,15.386295,20.614193,18.548124,21.324198,23.230537,23.518326,26.77848,25.594023,27.490463,26.135826,20.978697,18.582512,16.940393,15.412353,16.809551,14.122959,18.044077,17.091446,18.884706,21.96667,19.699505,16.053503,17.39647,13.904375,12.730873,10.140455,12.475809,10.699081,14.290829,15.051793,18.398796,22.220041,23.137783,26.639723,27.223818,29.494606,26.23045,27.705425,24.712015,24.35609,21.833504,21.89927,17.752588,19.23061,19.016258,18.03584,17.780752,18.410183,16.133396,19.695862,18.171978,22.580372
32,37.186794,33.167145,32.573456,28.05021,25.870642,26.084558,21.166624,23.18404,17.9027,20.427677,16.975605,21.196245,20.966446,17.47083,18.821194,14.021339,16.184898,13.950674,15.376107,16.424986,16.129526,20.90628,19.963985,19.527863,24.54922,25.111528,23.490473,19.731134,15.629496,12.255761,10.54029,7.9005146,0.0,6.3399587,4.366652,8.32856,10.175271,7.9756556,6.9753857,7.092332,4.364501,7.866357,6.3395557,11.749561,14.707343,17.287706,20.514566,23.325829,26.159653,25.857021,22.864851,25.543612,24.605677,24.052032,19.026884,18.62891,13.857143,12.429472,11.770919,14.422769,11.676032,17.770658,17.561996,20.151007,24.107262,23.745165,27.563808,26.586363,29.759506,28.307514,22.888948,20.940859,18.288244,16.153053,14.989001,11.438027,13.619546,11.591373,12.335981,15.334918,12.553847,9.598292,12.191437,10.035993,11.181203,10.15639,14.616757,16.005245,19.79966,21.5267,25.089523,28.817553,29.412477,33.20671,33.28995,35.133057,31.414719,31.851086,28.555586,29.144327,26.045692,27.13608,22.505962,24.432878,24.546486,22.425673,21.775421,20.471786,18.002481,20.160852,17.409739,21.27255
33,36.67898,32.848663,32.651608,27.673035,26.294273,26.320894,22.379686,24.543777,19.647001,22.807072,18.851917,22.145262,20.56215,16.707129,16.99887,12.498971,12.867195,11.7842655,11.338678,14.0436735,13.718784,18.020788,17.979689,18.885012,24.051601,25.544157,25.023994,21.276375,17.449448,13.81776,13.704942,8.774084,6.3399587,0.0,5.090078,6.419495,8.466526,8.734289,5.312811,5.3139315,8.246546,11.359556,11.2617655,15.597362,18.51401,20.176163,23.401932,25.806297,28.989769,29.37388,26.8311,30.069818,29.73431,29.405119,24.305105,24.188318,19.678085,18.033785,17.758768,20.73486,18.00157,24.00967,23.423445,25.755117,29.235619,28.487055,32.255962,30.680729,33.567154,31.434494,25.727076,24.41502,21.44805,20.783678,19.180109,16.59943,18.698463,16.197638,16.78741,19.044939,15.461197,12.977945,12.8626795,10.610607,12.377607,9.136789,15.01199,15.446269,19.420559,21.421669,24.482758,28.372503,30.016165,33.40246,34.284367,36.51624,33.21167,34.341137,30.79186,30.111376,27.126,26.822685,22.111753,22.72953,22.040201,19.655613,19.891615,17.70661,17.374945,19.215458,17.639723,21.611582
34,39.986553,36.093002,35.44623,30.73354,28.889557,28.644554,24.275417,25.70516,20.441267,22.79156,18.460287,22.227854,21.56183,17.81259,19.43159,14.972394,16.830967,15.638141,16.20544,18.393364,17.923962,22.478178,21.686607,21.867117,27.117872,28.163214,27.03654,23.11646,19.439127,15.722877,14.675677,10.747099,4.366652,5.090078,0.0,4.2503376,5.977077,4.848629,4.6962237,7.232823,5.795914,11.286708,10.66177,16.00256,18.6259,21.32917,24.42872,27.23069,30.127436,29.860098,26.874771,29.511763,28.714415,27.809057,22.752625,21.794737,17.389977,15.347101,14.099952,17.159117,14.933904,21.166006,21.538366,24.117268,28.362299,27.887323,31.768223,30.722063,34.022144,32.379543,26.83967,25.158237,22.276896,20.445902,18.64675,15.263845,16.61689,13.97003,13.82011,16.270075,12.638973,10.835588,12.596529,11.352321,13.759087,12.102289,17.631182,18.917614,22.856236,24.728512,28.093355,31.928806,32.969933,36.614437,37.011086,38.99486,35.387707,35.97763,32.571735,32.791527,29.670313,30.260305,25.525024,26.842344,26.524582,24.139921,23.94052,21.77586,20.449303,22.057882,19.583984,23.241434
35,41.443863,37.754116,36.891857,32.092854,30.584133,29.741394,26.05658,26.745144,21.656946,23.801928,18.789728,21.904566,20.78884,16.973423,18.85208,15.039448,16.810656,16.76597,17.06119,20.26794,20.134535,24.368973,24.188196,24.940525,30.204233,31.559351,30.720455,26.851068,22.949598,19.35798,18.385252,14.276338,8.32856,6.419495,4.2503376,0.0,4.639051,6.3910146,6.895309,10.086053,9.916128,15.415991,14.644428,19.904982,22.777042,25.19406,28.409956,31.09419,34.087887,33.975937,31.049736,33.73518,32.833675,31.97573,26.948797,25.858063,21.467567,19.3862,17.72025,20.555206,18.46354,24.54106,25.230608,27.496872,32.022854,31.121178,35.092037,33.796806,37.31472,35.300076,29.621298,28.41834,25.161379,23.95147,21.24597,18.322222,18.946184,15.828139,15.112235,16.779367,12.603072,11.863944,12.293417,12.033462,15.39537,13.569552,19.70832,21.35031,25.295734,27.5055,30.689108,34.53308,35.94004,39.47561,40.084423,42.110226,38.571846,39.172295,35.56815,35.468163,32.258774,32.518326,27.689112,28.552301,28.010508,25.234005,25.291138,22.189453,21.83768,22.712786,20.50384,23.78319
