,0,1,2,3,4,5,6,7,8,9,10,11,12,13,14,15,16,17,18,19,20,21,22,23,24,25,26,27,28,29,30,31,32,33,34,35,36,37,38,39,40,41,42,43,44,45,46,47,48,49,50,51,52,53,54,55,56,57,58,59,60,61,62,63,64,65,66,67,68,69,70,71,72,73,74,75,76,77,78,79,80,81,82,83,84,85,86,87,88,89,90,91,92,93,94,95,96,97,98,99,100,101,102,103,104,105,106,107,108,109
0,0.0,4.1929555,7.09414,9.723285,12.685382,15.18622,18.244106,20.901999,24.292568,27.02738,30.187057,34.70928,31.206884,28.931072,24.478167,23.183458,17.70219,18.818394,13.674601,14.185721,9.671282,8.337422,5.4983063,10.266973,12.627063,14.3806715,16.40081,17.008137,20.799051,19.939823,27.254854,27.929646,33.06388,33.383526,36.882015,39.40494,40.67006,43.42877,38.10484,35.157627,33.558483,31.905186,27.438755,28.134321,23.858574,26.636194,21.753736,22.174301,20.457481,23.300219,23.620054,26.8344,29.385086,29.129648,33.369072,33.326366,32.206776,35.287025,38.55016,37.535473,40.023304,35.064117,40.136616,39.612137,44.31026,42.656944,46.354176,46.259323,43.108044,42.064205,39.142982,42.18907,40.859562,36.09278,38.933716,34.86121,39.433987,34.357517,37.730583,39.182373,37.040386,33.038887,30.085077,28.060398,26.57438,27.973804,24.32697,27.689789,24.321917,27.400106,26.838257,29.719822,31.40544,32.02246,28.04111,24.119953,26.151257,23.00214,27.745188,23.265142,29.001589,29.783636,31.121765,34.850586,33.3149,39.081944,34.288376,38.563454,37.82182,40.782368
1,4.1929555,0.0,4.298632,5.6773586,8.900847,11.2539215,14.262744,17.039722,20.185175,23.071562,26.129072,30.715658,27.296724,25.002798,20.567816,19.045322,13.626428,14.644264,9.581089,10.355121,6.557909,5.343871,4.615945,9.112467,11.10857,12.286918,13.333191,13.319468,16.925713,15.863809,23.142673,23.775038,28.887192,29.225855,32.71055,35.22412,36.498516,39.306572,34.004036,31.14632,29.489285,28.055786,23.566256,24.622849,20.332699,23.686821,19.530584,20.001333,18.919907,21.172749,20.962322,24.018353,26.733341,25.940165,30.524502,30.415457,28.998735,32.151947,35.194244,34.215363,36.3244,31.424171,36.368618,35.735855,40.446095,38.647495,42.49148,42.369522,39.220036,38.284046,35.377182,38.582264,37.311028,32.58886,35.573517,31.660885,36.384586,31.788143,34.973724,36.80416,35.08402,31.257542,28.55118,25.952063,24.358366,25.274942,21.889832,24.59686,21.034004,24.149563,23.427885,26.497253,27.900057,28.947409,25.192965,21.46184,23.65593,20.3521,25.12664,20.95013,26.329914,27.491482,28.937965,32.402615,30.719341,36.262527,31.201723,35.49216,34.471123,37.58556
2,7.09414,4.298632,0.0,5.214245,6.732248,8.635277,11.839566,14.282195,18.02579,20.447466,24.164343,28.244572,25.183758,23.35036,18.371628,17.646496,12.293168,13.851375,9.46364,10.894161,9.244047,7.0260477,8.399324,12.468889,13.524768,14.780085,14.217129,13.892244,16.626585,15.794091,22.159376,22.887976,27.612204,27.916912,31.666748,33.716125,35.456394,38.625042,33.464436,31.036724,28.922895,28.359255,23.52217,25.286232,20.642197,24.720875,21.412298,21.158474,20.123339,21.533323,20.769688,23.767628,25.825138,24.634007,29.56214,29.990278,28.575611,32.0612,34.831024,34.28099,35.826668,31.51537,36.377438,35.74228,40.488197,38.471706,42.730377,42.556458,39.420795,38.79417,35.92883,39.431866,38.186375,33.515274,36.532543,32.792606,37.446518,33.26426,35.877846,37.957783,36.596478,32.701805,30.526344,27.672829,26.405834,26.996208,24.178074,26.273996,22.706034,25.859598,24.865976,28.101833,28.847,30.511417,27.232153,23.735617,26.227247,22.913692,27.623055,23.745949,28.607574,29.925045,31.257793,34.55312,32.897953,38.152267,32.920338,37.25449,35.860886,39.197975
3,9.723285,5.6773586,5.214245,0.0,3.7485034,6.697865,8.916795,12.679829,15.095553,18.360746,21.502222,25.97225,23.105007,20.97383,16.427086,14.352959,9.4399605,9.415225,5.88896,5.682459,5.607903,4.1710205,7.6637235,9.900042,10.380988,10.800661,9.480243,8.690847,11.640446,11.020873,17.671225,18.938375,23.491852,24.352556,27.661098,30.135487,31.39059,34.300583,28.966328,26.365244,24.241655,23.342226,18.487051,20.089975,15.5509815,19.737816,16.91419,16.995932,16.750217,17.863224,16.839914,19.623737,22.337797,20.887333,25.850426,25.790134,24.0947,27.409588,30.162905,29.38704,31.037289,26.454014,31.345726,30.767467,35.520725,33.82884,37.88398,37.918934,34.85654,34.05718,31.014765,34.416733,33.057835,28.33906,31.319979,27.59155,32.30154,28.336226,30.992472,33.26795,32.15237,28.520773,26.410944,23.14693,21.726925,22.001741,19.391829,21.161974,17.746517,21.053185,20.343767,23.844082,24.824907,26.734291,23.394539,20.227314,22.348951,18.667458,23.101269,19.28727,23.731026,25.13767,26.491272,29.605503,27.932018,33.063324,27.849558,32.259277,30.922895,34.42334
4,12.685382,8.900847,6.732248,3.7485034,0.0,4.6599607,5.917528,10.451749,12.7995,15.917705,19.661894,23.608852,21.399685,19.744465,14.797524,13.066825,8.871584,8.431909,7.1716995,6.5887604,8.921026,6.9595966,11.021069,12.860875,12.420147,12.8701515,9.870827,8.9515,10.528706,10.753265,15.886392,17.791716,21.547937,22.802551,26.124874,28.249166,29.780716,32.950436,27.70905,25.554956,22.821695,22.783066,17.51146,19.71418,14.857714,19.622183,17.828085,17.12188,17.04805,17.164612,15.52322,18.139606,20.237673,18.36442,23.62905,24.03346,22.351719,25.953648,28.44512,28.097755,29.282187,25.34144,30.190514,29.739216,34.50332,32.8698,37.21413,37.35083,34.38247,33.809162,30.713974,34.30363,32.86955,28.205551,31.068857,27.513527,32.01324,28.471924,30.482033,32.967926,32.23831,28.611181,27.101585,23.636713,22.636421,22.597952,20.732273,21.916761,18.826721,22.164541,21.417336,25.09838,25.57382,28.105667,25.200377,22.418495,24.549757,20.803705,24.908115,21.35884,25.076298,26.469301,27.606966,30.52272,28.987236,33.757824,28.567818,33.025032,31.442553,35.20671
5,15.18622,11.2539215,8.635277,6.697865,4.6599607,0.0,4.0214534,6.0770903,9.406424,11.991118,15.767716,19.77174,17.12731,15.564526,10.391423,9.630516,5.3355126,7.2132306,6.1457067,8.81285,11.564704,10.768088,14.262876,16.365984,16.426157,16.305048,13.192731,10.898623,11.462732,10.004657,14.735454,15.0898695,19.487211,19.647263,23.523926,25.249643,27.283556,30.736643,25.83288,23.95335,21.593355,22.187626,17.53557,20.6379,16.393524,21.869846,21.00884,20.736996,21.219826,20.935211,18.795397,20.94301,22.973625,20.180607,25.876797,26.291443,24.151863,27.736727,29.662361,29.374176,29.56586,25.813553,30.03748,29.061043,33.7126,31.147804,35.89289,35.567078,32.49293,32.319927,29.665522,33.590458,32.60368,28.31194,31.611067,28.564562,33.35486,30.701275,32.58693,35.520786,35.249943,31.970625,30.550613,26.688164,25.365341,24.691225,22.936577,22.991373,19.29417,22.092909,20.592136,23.990242,23.603472,26.453661,24.224424,21.651396,24.359493,21.237682,25.438553,22.857073,26.24632,28.387983,29.853374,32.27109,30.365414,34.704338,29.048143,33.137756,30.975386,34.555588
6,18.244106,14.262744,11.839566,8.916795,5.917528,4.0214534,0.0,5.9405036,7.124091,10.316,14.230862,17.851517,16.227997,15.022975,10.118074,8.543504,6.611055,5.882674,8.339424,8.910084,13.253153,12.386246,16.49212,17.679546,16.945662,16.574417,12.299664,9.946937,9.020488,8.843188,11.52699,13.217543,16.391676,17.557661,21.010548,22.71399,24.616507,28.101568,23.155651,21.60196,18.580076,19.77569,14.759994,18.21183,13.921337,19.68735,19.916872,19.20475,20.154444,19.00675,16.352554,18.082445,19.881535,16.616228,22.44953,22.966711,20.730524,24.395887,26.076136,26.043135,25.940434,22.659912,26.871897,26.122362,30.770052,28.613195,33.412872,33.384888,30.485567,30.354288,27.504469,31.446009,30.268753,26.010195,29.075447,26.183413,30.705954,28.488089,29.826359,32.950222,33.079945,29.977201,29.081087,25.010956,24.018215,23.010044,22.028494,21.550238,18.461065,21.325226,20.135315,23.7688,23.241629,26.635773,24.66676,22.628077,24.932613,21.573412,25.1955,22.784008,25.31278,27.32252,28.544193,30.71869,29.008621,32.96155,27.505852,31.659925,29.442415,33.32336
7,20.901999,17.039722,14.282195,12.679829,10.451749,6.0770903,5.9405036,0.0,5.2908406,6.229054,10.4845705,13.989826,11.478763,10.6658535,5.0652885,6.784443,6.041023,8.85396,10.140904,13.478421,17.017248,16.726944,20.179726,22.031818,21.989666,21.42675,17.71535,14.697754,13.626637,11.486083,13.497453,12.311446,16.38662,15.437711,19.818184,20.708033,23.492218,27.362337,23.105791,21.99776,19.765787,21.666565,17.8432,21.954342,18.544147,24.545393,25.131054,24.891973,25.983765,24.89526,22.131664,23.58698,25.216455,21.41217,27.361746,27.937557,25.402822,28.92323,30.003733,30.017887,28.8299,25.849321,29.153227,27.718328,32.080605,28.611382,33.86746,33.132957,30.110529,30.549131,28.422945,32.69556,32.15708,28.469141,32.005337,29.72106,34.50231,33.10452,34.434856,37.881264,38.316746,35.4849,34.509216,30.244848,28.891415,27.466616,26.339172,24.99916,21.23913,23.342371,21.233694,24.261564,22.630241,26.186783,25.087664,23.220722,26.22334,23.760479,27.547083,26.11982,28.561821,31.301626,32.891556,34.6262,32.514698,36.045128,30.14614,33.751694,30.90702,34.382282
8,24.292568,20.185175,18.02579,15.095553,12.7995,9.406424,7.124091,5.2908406,0.0,4.378494,7.210728,11.087649,9.652092,8.865431,5.3296127,4.263419,7.690803,7.771298,11.912043,13.807649,18.482203,18.676195,22.485584,23.27592,22.74371,21.61117,17.27939,13.898815,11.436272,9.667122,8.82716,7.9531846,11.100414,10.888463,14.854421,16.003174,18.479221,22.323215,18.012894,17.209616,14.682161,17.240936,13.824907,18.402824,15.786676,21.873613,23.813261,23.683529,25.544777,23.808273,20.66673,21.414663,23.244604,18.854427,24.703856,24.919285,22.015347,25.258749,25.84474,25.858755,24.055498,21.354855,24.216629,22.707901,26.981104,23.615099,28.935854,28.385456,25.510462,26.02625,23.846924,28.168308,27.629484,24.209312,27.682497,25.848547,30.478165,29.95993,30.882572,34.655907,35.64386,33.308456,32.728756,28.162888,26.866695,24.843443,24.482384,22.121765,18.889196,20.688251,18.764002,21.852888,19.936384,24.122574,23.50123,22.433193,24.949924,22.507952,25.509972,24.729204,26.03783,28.926582,30.432444,31.622673,29.551702,32.43648,26.663465,30.087763,27.04729,30.709467
9,27.02738,23.071562,20.447466,18.360746,15.917705,11.991118,10.316,6.229054,4.378494,0.0,5.5687375,7.841706,6.904569,7.7283897,4.642397,7.315441,10.604363,11.986934,15.222545,17.8705,22.202892,22.20394,25.882456,27.140648,26.745964,25.78077,21.488762,18.19805,15.767421,13.898235,12.322312,10.327038,12.636057,11.052072,15.447172,15.353659,18.786224,22.99205,19.524755,19.455357,17.179092,20.504337,17.680445,22.422606,20.02292,26.093271,28.166857,27.878386,29.600138,27.710392,24.467167,25.125383,26.406366,21.819372,27.63471,28.229084,25.391024,28.646427,28.812717,29.143612,26.598557,24.636465,26.88837,25.166702,29.091352,25.08261,30.700003,29.78479,27.002153,28.012114,26.332155,30.77171,30.552206,27.568394,31.066946,29.6159,34.111843,34.032284,34.661667,38.538136,39.72448,37.434128,37.013,32.44947,31.214743,29.108292,28.821358,26.23244,22.929848,24.40078,22.139622,24.830933,22.225069,26.51249,26.475286,25.53122,28.344296,26.307186,29.323046,28.874338,30.103577,33.156803,34.69674,35.713474,33.58396,36.155453,30.348425,33.45588,30.105421,33.55089
10,30.187057,26.129072,24.164343,21.502222,19.661894,15.767716,14.230862,10.4845705,7.210728,5.5687375,0.0,5.782892,3.4944897,4.1106305,6.349751,7.618022,12.6002245,13.661764,17.198992,20.020216,24.343082,25.162762,28.587585,29.330061,29.142189,27.611713,23.648918,19.877651,17.26212,14.520285,12.159771,7.599932,10.3692665,6.289356,11.14673,11.017776,14.496948,18.606964,15.729792,15.905492,14.911867,18.287348,17.171555,21.94578,20.8557,26.655527,29.393085,29.804304,32.09998,30.25724,27.018053,27.259935,29.125956,24.325323,29.862555,29.806784,26.567186,29.259407,28.95719,28.902359,25.709902,23.586185,24.799696,22.41271,25.911926,20.914028,26.602688,25.1808,22.371756,23.7343,22.70202,27.20219,27.55413,25.276953,29.069534,28.327106,32.94562,33.825603,34.573338,38.729675,40.281433,38.561634,38.056053,33.27063,31.654337,29.01359,28.885744,25.272955,21.930862,22.521008,19.885334,21.9267,18.529793,23.075872,23.9711,23.800095,26.525536,25.24523,27.696861,28.390575,28.876621,32.485477,34.28491,34.641712,32.229492,34.113426,28.20333,30.637222,26.863224,29.914919
11,34.70928,30.715658,28.244572,25.97225,23.608852,19.77174,17.851517,13.989826,11.087649,7.841706,5.782892,0.0,5.860813,8.991289,10.690278,12.952775,17.605154,18.496008,22.294558,24.778154,29.351997,29.704409,33.37267,34.255737,33.762287,32.44118,28.013412,24.55429,21.46329,19.624405,15.6296,12.564374,12.24897,9.062083,12.599777,10.309689,14.840518,19.236021,17.625778,19.053581,17.508915,22.033411,20.985418,25.875698,24.805267,30.534748,33.814503,33.680653,35.92521,33.52572,30.039307,29.969023,30.98875,25.942263,31.234144,31.708326,28.650349,31.345287,30.430914,30.993061,26.8811,26.16835,26.75423,24.562084,27.528109,22.591488,28.420813,27.03697,24.70265,26.561113,25.829052,30.24039,30.635431,28.82152,32.219425,31.901657,35.981064,37.443993,37.438248,41.68855,43.63353,42.00977,42.02839,37.268867,36.044495,33.311565,33.706135,29.931002,27.08959,27.667982,25.228813,27.16982,23.506441,28.201096,29.471977,29.51308,32.1347,30.821976,33.00725,33.721657,33.783646,37.20371,38.760117,38.927467,36.735363,38.122513,32.557304,34.800625,30.91175,33.975845
12,31.206884,27.296724,25.183758,23.105007,21.399685,17.12731,16.227997,11.478763,9.652092,6.904569,3.4944897,5.860813,0.0,3.6623719,6.8171296,9.813757,13.973776,16.084644,18.676853,22.276693,26.143343,26.96385,30.138569,31.305393,31.412807,29.990997,26.292345,22.48323,20.240738,17.098162,15.5941925,10.571497,13.683833,8.78946,13.597412,12.768998,16.64343,20.702524,18.440634,18.71134,18.215067,21.427622,20.521261,25.231916,24.064188,29.903374,32.30637,32.796265,34.911587,33.25931,30.078032,30.489435,32.263233,27.499775,33.1148,33.192986,29.99873,32.740982,32.428764,32.39076,29.100521,27.020304,28.050108,25.49312,28.77993,23.292913,28.970669,27.150257,24.333384,25.930092,25.319365,29.805655,30.431929,28.347187,32.258347,31.58766,36.292614,37.14874,38.02334,42.1659,43.64042,41.84798,41.19576,36.43759,34.702003,32.138447,31.728823,28.215805,24.556982,24.974848,22.022423,23.695757,19.970161,24.224836,25.409542,25.125837,28.192284,27.28401,29.970459,30.804932,31.597973,35.36908,37.303944,37.682507,35.138958,37.0508,31.021627,33.248997,29.354265,32.082157
13,28.931072,25.002798,23.35036,20.97383,19.744465,15.564526,15.022975,10.6658535,8.865431,7.7283897,4.1106305,8.991289,3.6623719,0.0,5.661055,7.47098,11.57271,13.8231945,16.04238,19.880459,23.471224,24.699484,27.635283,28.640371,28.982273,27.378345,24.101612,20.11474,18.290176,14.490941,14.300067,8.392037,13.340993,8.307134,13.276381,13.64646,16.727522,20.439814,17.582104,17.066053,17.102585,19.408587,18.667326,23.136202,22.106339,27.830315,29.891644,30.802452,32.977943,31.707111,28.733458,29.291815,31.600222,27.050076,32.67888,32.383446,29.101454,31.741293,31.754004,31.318096,28.574419,25.691477,26.984547,24.314665,27.80809,22.337084,27.796436,25.948143,22.890951,24.159319,23.434868,27.88857,28.531067,26.254564,30.376135,29.51031,34.49785,35.062374,36.409916,40.474003,41.724857,39.943535,38.957714,34.21181,32.202732,29.686014,28.936237,25.494158,21.523142,21.839916,18.724154,20.34883,16.778606,20.864485,21.862179,21.488564,24.628607,23.852127,26.663023,27.595345,28.616646,32.53204,34.636333,35.073696,32.38266,34.539,28.344423,30.60171,26.797504,29.433458
14,24.478167,20.567816,18.371628,16.427086,14.797524,10.391423,10.118074,5.0652885,5.3296127,4.642397,6.349751,10.690278,6.8171296,5.661055,0.0,5.2396235,7.5683203,10.593976,12.341389,16.284973,19.847754,20.393112,23.55166,25.060535,25.278505,24.179068,20.685757,17.053688,15.580232,12.317443,13.384344,9.723803,14.5503025,11.77225,16.602158,17.222342,20.265106,24.156454,20.458202,19.592297,18.3177,20.478825,18.005493,22.433867,20.117525,26.124136,27.414608,27.773266,29.406746,28.242477,25.345482,26.372663,28.35027,24.10385,29.982975,30.152412,27.212072,30.35846,30.925428,30.73295,28.758331,25.786087,28.193525,26.153843,30.179993,25.738426,31.155453,29.896948,26.826048,27.644527,26.131605,30.548035,30.555994,27.467257,31.344849,29.695375,34.65093,34.16787,35.53527,39.311077,40.13395,37.781544,36.771996,32.233612,30.521948,28.551924,27.547453,25.175932,21.167122,22.46387,19.781408,22.223871,19.689423,23.497204,23.31199,22.038311,25.239712,23.566475,27.021082,26.704992,28.565323,31.929585,33.80653,34.94913,32.51985,35.462627,29.330515,32.351105,29.02499,32.13633
15,23.183458,19.045322,17.646496,14.352959,13.066825,9.630516,8.543504,6.784443,4.263419,7.315441,7.618022,12.952775,9.813757,7.47098,5.2396235,0.0,5.6227427,6.374787,9.800162,12.589205,16.755365,17.81857,21.143246,21.744223,21.732248,20.191694,16.654453,12.73634,11.057573,7.4160423,9.134378,5.8915787,11.725373,10.3249655,14.438556,16.38017,18.30321,21.737637,17.241802,15.648219,14.338364,15.673943,13.076356,17.333715,15.3083725,21.195597,22.747343,23.467936,25.522556,24.408484,21.59874,22.466442,25.117819,21.011908,26.703936,26.293999,23.187124,26.0923,26.887598,26.298008,24.870823,21.187387,23.930843,22.01011,26.290712,22.477957,27.559765,26.703978,23.586023,23.906492,21.906477,26.200377,25.937346,22.548147,26.428755,24.592821,29.66404,29.082417,30.689243,34.454468,35.257065,33.089447,31.994223,27.36449,25.521671,23.405575,22.507612,19.944304,16.06225,17.507528,15.155695,18.043415,16.154104,20.097254,19.450739,18.362411,21.076683,19.02297,22.196333,21.866745,23.417439,26.751991,28.623922,29.709723,27.30082,30.325508,24.232256,27.467123,24.37295,27.736507
16,17.70219,13.626428,12.293168,9.4399605,8.871584,5.3355126,6.611055,6.041023,7.690803,10.604363,12.6002245,17.605154,13.973776,11.57271,7.5683203,5.6227427,0.0,5.298318,4.786173,9.326222,12.306158,13.20023,16.171848,17.56435,18.082167,17.019913,14.314942,10.7749815,11.022072,7.2498646,12.767201,11.057024,16.874,15.915853,19.943213,22.001152,23.816303,27.070608,22.30223,20.157816,18.805311,19.032413,15.536276,18.91322,15.806813,21.42454,21.24479,21.986162,23.27643,23.043318,20.78511,22.458084,25.232351,21.93457,27.638098,27.37648,24.684978,27.843737,29.415213,28.68615,28.39337,24.146284,27.736969,26.168783,30.666973,27.35827,32.08544,31.35646,28.146204,28.061329,25.79528,29.820503,29.286402,25.35804,29.129799,26.535072,31.72717,29.838223,32.047344,35.331104,35.38018,32.6435,31.003405,26.758183,24.832703,23.530396,21.676556,20.636473,16.316206,18.442245,16.312695,19.380991,18.549683,21.476856,19.713789,17.478086,20.485924,18.016523,22.134716,20.656967,23.665655,26.598389,28.498846,30.356112,28.01047,31.9785,25.9252,29.575119,27.040905,30.311243
17,18.818394,14.644264,13.851375,9.415225,8.431909,7.2132306,5.882674,8.85396,7.771298,11.986934,13.661764,18.496008,16.084644,13.8231945,10.593976,6.374787,5.298318,0.0,6.208541,6.3959737,11.299085,12.196158,15.867848,15.891886,15.48956,14.027654,10.308999,6.4866943,5.760738,3.0000591,8.7836895,9.73506,14.269477,15.28035,18.279142,20.977571,21.989311,24.906355,19.63791,17.287447,15.184193,15.056657,10.695079,13.908254,10.541242,16.294035,16.840384,17.429916,19.264462,18.562532,16.136288,17.517408,20.672356,17.42264,22.914608,22.30931,19.551247,22.616554,24.346966,23.522438,23.700409,19.265005,23.335234,22.234251,26.914211,24.669521,29.08101,28.997002,25.981546,25.510302,22.629337,26.449062,25.407448,21.131092,24.564346,21.72814,26.738628,24.776548,26.793407,30.098265,30.292805,27.678116,26.332607,21.92595,20.232386,18.759571,17.513103,16.354357,12.798557,15.489071,14.279556,17.989668,17.86934,21.120487,19.011559,17.25155,19.30357,16.027395,19.47823,17.631443,19.921919,22.46135,24.065039,25.914968,23.858418,27.792381,22.059793,26.099115,23.902975,27.661158
18,13.674601,9.581089,9.46364,5.88896,7.1716995,6.1457067,8.339424,10.140904,11.912043,15.222545,17.198992,22.294558,18.676853,16.04238,12.341389,9.800162,4.786173,6.208541,0.0,6.1641326,7.6544023,9.080906,11.606458,12.980742,13.956685,12.99578,11.474415,8.474397,10.644801,7.378445,14.926611,14.316257,20.047995,19.795452,23.341742,25.923649,27.173826,30.02632,24.90977,22.187923,20.943556,19.977535,16.164167,18.439684,14.974326,19.838547,18.268744,19.371088,20.256622,20.921522,19.338911,21.47321,24.7095,22.26399,27.588564,27.047306,24.6486,27.689108,29.888329,28.81976,29.615816,24.7199,28.893997,27.643557,32.259018,29.636827,33.841335,33.3918,30.181053,29.592916,27.000502,30.638283,29.808378,25.49011,29.069118,25.907265,31.119835,28.23224,31.04648,33.88652,33.329105,30.3311,28.17077,24.281197,22.197414,21.536522,18.937231,19.147818,14.797482,17.424112,15.865632,19.091068,19.470495,21.548336,18.746174,15.819752,18.537794,15.55942,20.12222,17.677753,21.673923,24.17468,26.07347,28.466846,26.225885,30.876749,25.053024,29.001867,27.094885,30.314035
19,14.185721,10.355121,10.894161,5.682459,6.5887604,8.81285,8.910084,13.478421,13.807649,17.8705,20.020216,24.778154,22.276693,19.880459,16.284973,12.589205,9.326222,6.3959737,6.1641326,0.0,5.6787415,6.526246,10.201352,9.628086,9.147287,7.990618,5.312671,3.0804794,6.759464,6.786245,13.581824,15.700887,19.80151,21.462198,24.020159,27.055513,27.587305,30.071266,24.543484,21.687317,19.602188,18.091524,13.267035,14.469239,10.185605,14.446414,12.50177,13.217079,14.248734,14.883574,13.574812,15.859752,19.482351,17.774773,22.556526,21.757698,19.686663,22.659485,25.387968,24.251822,26.107016,21.094772,26.032099,25.555674,30.299337,29.117605,32.826675,33.1664,30.230658,29.165234,25.869574,29.081326,27.54492,22.746468,25.654835,21.92013,26.710676,23.03946,25.78549,28.30709,27.521278,24.313835,22.307577,18.509232,16.85299,16.623585,14.376032,15.614666,12.539524,16.08348,15.917674,19.739908,21.107725,23.275085,19.910019,17.356766,18.791752,14.663895,18.499706,14.845278,18.531536,20.037397,21.408007,24.244734,22.559153,27.517078,22.365519,26.88547,25.677774,29.391933
20,9.671282,6.557909,9.244047,5.607903,8.921026,11.564704,13.253153,17.017248,18.482203,22.202892,24.343082,29.351997,26.143343,23.471224,19.847754,16.755365,12.306158,11.299085,7.6544023,5.6787415,0.0,3.9815638,5.1583953,5.3419595,7.0679073,6.671063,8.25199,8.02,12.286062,11.448411,19.060263,20.250183,25.120472,26.108902,28.886906,32.003597,32.522636,34.84334,29.362423,26.164988,24.73334,22.49121,18.286537,18.661,14.857978,17.750568,13.7106,15.110682,15.063679,17.31574,17.108572,19.817888,23.48644,22.62204,26.94064,26.04699,24.34724,27.073666,30.174316,28.75229,31.221785,25.81408,30.771551,30.232306,34.882492,33.609604,36.993988,37.161175,34.12891,32.855484,29.726322,32.640305,31.2095,26.42584,29.314098,25.34121,30.1353,25.61494,29.112263,31.056322,29.490623,26.044228,23.186275,20.180716,18.196756,18.893875,15.413609,18.115833,14.797678,18.11445,17.973671,21.288872,23.320251,24.39084,20.344988,16.975248,18.453032,14.559375,19.01481,14.635205,19.822115,21.005362,22.544506,25.884811,24.166124,29.718952,24.775248,29.157978,28.40342,31.629456
21,8.337422,5.343871,7.0260477,4.1710205,6.9595966,10.768088,12.386246,16.726944,18.676195,22.20394,25.162762,29.704409,26.96385,24.699484,20.393112,17.81857,13.20023,12.196158,9.080906,6.526246,3.9815638,0.0,4.520081,6.168834,6.623941,7.814726,8.167297,9.054228,12.823005,13.122301,19.833118,21.803156,26.036661,27.454165,30.345844,33.149223,33.97046,36.565937,31.058058,28.193552,26.067104,24.479927,19.570835,20.180843,15.6332855,18.653059,14.576031,14.713831,13.852325,15.922904,15.761283,18.814735,21.788685,21.26542,25.56146,25.248577,23.941156,27.01308,30.221523,29.232056,31.756739,26.905796,32.135807,31.903896,36.642303,35.6311,39.239403,39.582848,36.61454,35.46453,32.17193,35.190506,33.54356,28.635489,31.246172,27.149715,31.596033,26.823896,29.812765,31.589672,29.94112,26.090326,23.635223,20.906414,19.610943,20.599365,17.654879,20.612194,17.792261,21.340343,21.290068,24.805414,26.547762,28.002455,24.12694,20.846273,22.346191,18.314295,22.545368,17.9128,22.75307,23.451653,24.569653,28.12624,26.754482,32.267376,27.554241,32.13365,31.373133,34.859665
22,5.4983063,4.615945,8.399324,7.6637235,11.021069,14.262876,16.49212,20.179726,22.485584,25.882456,28.587585,33.37267,30.138569,27.635283,23.55166,21.143246,16.171848,15.867848,11.606458,10.201352,5.1583953,4.520081,0.0,4.8686514,7.4126973,8.906833,11.587472,12.605907,16.766197,16.42811,23.769375,25.121876,29.899485,30.88167,33.84319,36.78762,37.507355,39.9319,34.444332,31.30204,29.690212,27.533026,23.107603,23.233335,19.150532,21.410196,16.330877,17.138546,15.813563,18.861666,19.350645,22.446877,25.590654,25.478874,29.444069,28.910894,27.729181,30.537598,33.929558,32.66098,35.545773,30.326288,35.506306,35.1778,39.84055,38.74552,42.0912,42.306786,39.277683,37.966606,34.805458,37.601482,36.057972,31.20302,33.835846,29.647017,34.12748,28.924347,32.45697,33.874332,31.741547,27.882895,24.826353,22.66801,21.084011,22.54792,18.894636,22.54807,19.601717,22.894072,22.870056,25.984539,28.161974,28.854538,24.611773,20.943026,22.36603,18.684267,23.10866,18.254446,23.852388,24.389694,25.646803,29.41922,28.000456,33.817616,29.264492,33.673958,33.21751,36.327137
23,10.266973,9.112467,12.468889,9.900042,12.860875,16.365984,17.679546,22.031818,23.27592,27.140648,29.330061,34.255737,31.305393,28.640371,25.060535,21.744223,17.56435,15.891886,12.980742,9.628086,5.3419595,6.168834,4.8686514,0.0,3.779423,4.7105126,9.189052,10.985408,15.333532,15.702951,22.705254,24.742321,29.022219,30.66401,32.99078,36.34573,36.45686,38.45088,32.859,29.505346,27.967432,25.143147,20.938261,20.145636,16.511063,17.661076,11.976936,13.442318,12.4794035,16.011557,16.970594,19.843191,23.587435,23.868046,27.254534,26.138802,25.021244,27.389444,30.986763,29.387518,32.881992,27.374798,32.655357,32.597607,37.153053,36.760487,39.5969,40.165802,37.30682,35.658722,32.26351,34.653687,32.854416,27.9371,30.22279,25.860994,30.123016,24.56781,28.40331,29.5906,27.27687,23.568996,20.236897,18.202587,16.509682,18.310822,14.530703,18.893696,16.711653,20.138992,20.868746,24.064749,26.87949,27.442842,22.926075,19.629324,20.167707,16.037678,19.848454,14.452762,19.920542,19.91906,21.010712,24.949556,23.76085,29.708782,25.63248,30.14186,30.172052,33.340206
24,12.627063,11.10857,13.524768,10.380988,12.420147,16.426157,16.945662,21.989666,22.74371,26.745964,29.142189,33.762287,31.412807,28.982273,25.278505,21.732248,18.082167,15.48956,13.956685,9.147287,7.0679073,6.623941,7.4126973,3.779423,0.0,3.2756817,6.775198,9.812162,13.722675,15.37063,21.341026,24.415575,27.81865,30.227272,32.22774,35.561653,35.54692,37.52439,31.866821,28.715591,26.607105,24.03161,19.351307,18.33101,14.324031,15.102011,9.41643,9.966338,8.778404,12.269336,13.43888,16.376017,20.022297,20.690956,23.741484,22.697453,21.849274,24.260866,28.000448,26.590797,30.364794,25.195301,30.729471,31.06647,35.64012,35.839436,38.63621,39.55747,36.858482,35.176144,31.50543,33.83127,31.711914,26.664316,28.555399,24.053053,27.932306,22.174797,25.59562,26.686293,24.414152,20.477283,17.5581,15.508017,14.443389,16.425993,13.390674,17.920984,16.560238,20.289715,21.42316,24.940287,27.685467,28.741062,24.3913,21.508247,21.734867,17.218922,20.451937,14.884909,19.514656,18.971878,19.57689,23.632929,22.844769,28.658339,24.932459,29.684992,29.824991,33.348633
25,14.3806715,12.286918,14.780085,10.800661,12.8701515,16.305048,16.574417,21.42675,21.61117,25.78077,27.611713,32.44118,29.990997,27.378345,24.179068,20.191694,17.019913,14.027654,12.99578,7.990618,6.671063,7.814726,8.906833,4.7105126,3.2756817,0.0,5.662843,8.002703,12.032896,13.342861,19.454891,22.304045,25.829576,28.173546,29.945398,33.49951,33.20789,34.966652,29.324717,25.999678,24.245468,21.247454,16.984539,15.7161875,12.238415,12.952785,7.5027547,9.3974085,9.60819,12.600535,13.379981,15.896326,20.140408,20.33221,23.491013,21.965443,20.705606,22.865248,26.463503,24.740074,28.416061,22.865633,28.231312,28.406569,32.925858,33.069275,35.703396,36.592865,33.90178,32.1282,28.492304,30.744267,28.703196,23.700249,25.752821,21.320835,25.48756,20.035799,23.77045,25.16023,23.16308,19.648638,16.57223,13.916144,12.210795,13.7949095,10.454277,14.794076,13.361238,17.06226,18.349073,21.846857,24.763517,25.769947,21.42303,18.767452,18.755434,14.137856,17.229944,11.742533,16.3348,16.134571,17.04348,20.898693,19.861382,25.669992,21.75757,26.47075,26.600977,30.081772
26,16.40081,13.333191,14.217129,9.480243,9.870827,13.192731,12.299664,17.71535,17.27939,21.488762,23.648918,28.013412,26.292345,24.101612,20.685757,16.654453,14.314942,10.308999,11.474415,5.312671,8.25199,8.167297,11.587472,9.189052,6.775198,5.662843,0.0,4.193116,7.150451,10.10905,14.773041,18.685263,21.284449,24.271093,25.98526,29.251143,29.201149,31.29492,25.638924,22.809341,20.156887,18.236477,12.980883,12.722504,7.9968686,10.621349,7.991356,7.9276567,9.165363,9.840683,9.148701,11.622662,15.667772,15.0760765,18.921524,17.814257,16.270464,19.03968,22.345642,21.15501,24.160765,19.235998,24.748192,25.052643,29.736393,29.886642,33.03637,34.04583,31.421984,29.981146,26.20536,28.893587,26.75098,21.692163,23.76733,19.549276,23.679716,19.116512,21.753778,23.816885,22.711212,19.226982,17.403622,13.830452,12.858847,13.321157,11.690047,14.186951,12.911763,16.829203,17.840158,21.793175,23.82989,25.923033,22.295288,20.143822,20.538155,15.880299,18.698002,14.176245,17.224236,17.47201,18.137014,21.424479,20.438444,25.557772,21.334711,26.20153,25.718502,29.713877
27,17.008137,13.319468,13.892244,8.690847,8.9515,10.898623,9.946937,14.697754,13.898815,18.19805,19.877651,24.55429,22.48323,20.11474,17.053688,12.73634,10.7749815,6.4866943,8.474397,3.0804794,8.02,9.054228,12.605907,10.985408,9.812162,8.002703,4.193116,0.0,4.4514885,5.942618,11.734058,14.735801,18.12228,20.472448,22.464174,25.752905,25.853928,28.085707,22.4688,19.565868,17.311106,15.53637,10.557349,11.43686,7.1582375,11.542384,10.549271,11.416756,13.269599,13.369121,11.834337,13.687709,17.73478,15.921002,20.489216,19.30179,17.048548,19.8297,22.541998,21.259413,23.268198,18.110271,23.149973,22.852345,27.591974,26.87949,30.377058,30.989714,28.188953,26.97489,23.464903,26.54112,24.810112,19.933283,22.68502,18.921188,23.66386,20.188816,22.832045,25.509348,24.98088,22.02532,20.253492,16.135836,14.509202,13.902915,12.21352,13.010721,10.53109,14.239185,14.570557,18.571133,20.108006,22.509174,19.256237,17.238298,18.138834,13.802824,16.96864,13.474176,16.331732,17.755922,19.003677,21.64821,20.064508,24.83773,19.833197,24.466095,23.363586,27.286625
28,20.799051,16.925713,16.626585,11.640446,10.528706,11.462732,9.020488,13.626637,11.436272,15.767421,17.26212,21.46329,20.240738,18.290176,15.580232,11.057573,11.022072,5.760738,10.644801,6.759464,12.286062,12.823005,16.766197,15.333532,13.722675,12.032896,7.150451,4.4514885,0.0,5.361758,7.6439376,12.091897,14.156213,17.360577,18.983496,22.130531,22.22375,24.60646,19.02124,16.61594,13.5464945,12.856625,7.158884,9.41683,5.02048,10.92127,12.482263,12.57501,15.077794,13.684621,11.107637,12.081163,15.787764,12.920411,17.895935,16.832644,14.127474,17.11581,19.2631,18.347591,19.504148,14.918862,19.81725,19.580704,24.364147,23.736586,27.550013,28.317875,25.66599,24.713354,21.131615,24.462757,22.684906,17.9774,20.673126,17.37182,21.934158,19.587553,21.295216,24.510174,24.789953,22.219316,21.321144,16.8142,15.655054,14.157705,13.920881,13.0562725,11.254021,14.560521,14.794702,18.857107,19.62917,22.873295,20.418507,19.150545,20.017752,16.000792,18.387993,15.899682,17.209198,18.847626,19.87195,21.84985,20.366465,24.295643,19.301874,23.813372,22.271925,26.512508
29,19.939823,15.863809,15.794091,11.020873,10.753265,10.004657,8.843188,11.486083,9.667122,13.898235,14.520285,19.624405,17.098162,14.490941,12.317443,7.4160423,7.2498646,3.0000591,7.378445,6.786245,11.448411,13.122301,16.42811,15.702951,15.37063,13.342861,10.10905,5.942618,5.361758,0.0,8.329815,9.085013,13.854813,14.983034,17.45647,20.679235,21.086727,23.581676,18.176336,15.364627,13.8126135,12.738587,8.914868,11.743919,9.198253,14.633394,15.478092,16.75846,19.059216,18.530853,16.291777,17.398388,21.123047,17.997671,23.135933,21.967995,19.01924,21.67391,23.415571,22.170473,22.566376,17.550331,21.525528,20.305853,24.963745,22.849648,26.93924,26.912798,23.886913,23.161274,20.200981,23.880278,22.854929,18.553444,22.131138,19.324184,24.545305,22.746416,25.092882,28.460762,28.710396,26.408695,24.885433,20.345087,18.308207,16.543465,15.250923,13.609891,9.873687,12.495598,11.437969,15.268621,15.541581,18.6972,16.46964,14.999368,16.709654,13.415011,16.598307,15.114563,17.093365,19.90034,21.68116,23.312695,21.09681,24.99148,19.15818,23.165195,21.041723,24.778687
30,27.254854,23.142673,22.159376,17.671225,15.886392,14.735454,11.52699,13.497453,8.82716,12.322312,12.159771,15.6296,15.5941925,14.300067,13.384344,9.134378,12.767201,8.7836895,14.926611,13.581824,19.060263,19.833118,23.769375,22.705254,21.341026,19.454891,14.773041,11.734058,7.6439376,8.329815,0.0,7.0391974,6.519778,10.706905,11.715363,14.669277,14.837776,17.61647,12.309964,11.021157,7.113398,9.455815,5.6272373,10.506259,9.425646,14.924511,18.85094,18.984728,21.983618,19.60153,16.37181,15.983972,18.718107,14.268729,19.288765,18.338196,14.910682,17.458992,17.84192,17.387487,15.82768,12.534963,15.710362,14.697892,19.281796,17.634441,22.273035,22.766981,20.251314,20.063154,16.970371,20.920898,19.723557,16.077232,19.127003,17.44294,21.801117,22.047508,22.59718,26.649006,28.205145,26.605972,26.512867,21.704937,20.605331,17.873123,18.84924,15.414265,13.874345,15.617695,15.04415,18.50125,17.559668,21.9819,21.199331,21.143133,22.222626,19.33195,20.786007,20.373064,19.85767,22.403418,23.546604,24.136534,22.407108,24.637157,19.455097,23.047312,20.398739,24.642399
31,27.929646,23.775038,22.887976,18.938375,17.791716,15.0898695,13.217543,12.311446,7.9531846,10.327038,7.599932,12.564374,10.571497,8.392037,9.723803,5.8915787,11.057024,9.73506,14.316257,15.700887,20.250183,21.803156,25.121876,24.742321,24.415575,22.304045,18.685263,14.735801,12.091897,9.085013,7.0391974,0.0,7.3651032,5.9725604,9.061663,11.963457,12.925415,16.01872,11.457747,9.937447,9.400984,11.154848,10.536758,14.96597,14.77219,20.119944,23.14995,24.259138,27.091513,25.527401,22.58038,22.626646,25.577318,21.164677,26.32067,25.293081,21.80077,24.017796,24.13031,23.286951,21.059042,17.469866,19.15352,16.748787,20.772106,16.597067,21.738398,20.871964,17.824642,18.279924,16.453571,20.870867,20.893112,18.14174,22.14229,21.159258,26.110456,26.860989,28.153612,32.27871,33.726612,32.31689,31.54951,26.688555,24.76561,21.885473,21.834726,17.790491,14.634993,15.129283,12.893484,15.414221,12.912394,17.62994,17.935215,18.14083,20.131931,18.55635,20.469992,21.393175,21.354721,25.043976,26.925713,27.129034,24.646402,26.64625,20.663849,23.3423,19.832672,23.226746
32,33.06388,28.887192,27.612204,23.491852,21.547937,19.487211,16.391676,16.38662,11.100414,12.636057,10.3692665,12.24897,13.683833,13.340993,14.5503025,11.725373,16.874,14.269477,20.047995,19.80151,25.120472,26.036661,29.899485,29.022219,27.81865,25.829576,21.284449,18.12228,14.156213,13.854813,6.519778,7.3651032,0.0,6.5528226,5.9809203,8.414366,8.7358675,12.143491,7.844888,8.785182,5.387439,10.669796,10.338536,14.863292,15.37947,20.13494,24.861391,25.0847,28.261528,25.533876,22.162054,21.209925,23.273376,18.38253,22.868328,22.04359,18.537321,20.425282,19.402454,19.326115,15.491464,14.034054,14.741247,12.859651,16.574366,13.548103,18.94918,18.995903,16.782372,17.565905,15.452586,19.65536,19.237528,17.101656,20.126995,19.962679,23.784594,25.862625,25.670261,30.07453,32.403618,31.476542,31.801464,26.963741,25.87841,22.636383,24.114166,19.55834,18.268728,18.81409,17.717972,20.228804,17.911226,22.883749,23.515985,24.325575,25.494095,23.548077,24.347105,25.23567,23.726248,26.727795,27.932669,27.591059,25.754375,26.614155,21.656855,24.159899,20.752842,24.596998
33,33.383526,29.225855,27.916912,24.352556,22.802551,19.647263,17.557661,15.437711,10.888463,11.052072,6.289356,9.062083,8.78946,8.307134,11.77225,10.3249655,15.915853,15.28035,19.795452,21.462198,26.108902,27.454165,30.88167,30.66401,30.227272,28.173546,24.271093,20.472448,17.360577,14.983034,10.706905,5.9725604,6.5528226,0.0,5.0153184,6.362624,8.598634,12.454776,9.65187,10.30791,10.293436,13.938784,14.679338,19.173676,19.624998,24.726467,28.542635,29.37837,32.334614,30.256456,27.032324,26.622375,28.939877,24.08341,28.99711,28.22668,24.69788,26.6511,25.813723,25.4168,21.665878,19.598227,19.719242,16.895443,20.008524,14.649258,20.363016,18.970024,16.27902,17.785492,16.990881,21.45449,22.070871,20.504612,24.257074,24.30813,28.701033,30.702671,31.24889,35.629475,37.681347,36.66629,36.375496,31.472923,29.773542,26.572983,27.112541,22.443636,19.862322,19.701073,17.391335,19.048994,15.4264345,20.408398,21.956905,22.825682,24.785578,23.827806,25.15962,26.802055,25.9703,29.753862,31.524662,31.122065,28.710651,29.661406,24.052727,25.916122,21.915644,24.920824
34,36.882015,32.71055,31.666748,27.661098,26.124874,23.523926,21.010548,19.818184,14.854421,15.447172,11.14673,12.599777,13.597412,13.276381,16.602158,14.438556,19.943213,18.279142,23.341742,24.020159,28.886906,30.345844,33.84319,32.99078,32.22774,29.945398,25.98526,22.464174,18.983496,17.45647,11.715363,9.061663,5.9809203,5.0153184,0.0,4.5707626,3.8883145,7.6049776,5.2258415,7.5208354,8.044682,12.2440405,14.469268,18.42319,20.037926,24.3239,29.07408,29.961885,33.322433,30.90642,27.696772,26.695265,29.033714,24.226334,28.41364,27.241585,23.64834,24.926756,23.458195,22.991966,18.534498,17.143711,15.999701,12.9565115,15.469062,10.061991,15.880829,14.822893,12.583921,14.297616,13.663202,17.912922,18.631638,17.897045,21.254484,22.143755,25.974625,29.074453,29.121822,33.640396,36.20762,35.792175,35.89243,31.015997,29.488302,25.922367,27.228045,21.900562,20.363922,19.75386,18.089008,19.463882,16.077501,21.09687,22.991142,24.575624,25.788273,24.922832,25.243229,27.411463,25.4028,29.040195,30.593334,29.547628,27.345333,27.321524,22.328571,23.676983,19.639994,22.671963
35,39.40494,35.22412,33.716125,30.135487,28.249166,25.249643,22.71399,20.708033,16.003174,15.353659,11.017776,10.309689,12.768998,13.64646,17.222342,16.38017,22.001152,20.977571,25.923649,27.055513,32.003597,33.149223,36.78762,36.34573,35.561653,33.49951,29.251143,25.752905,22.130531,20.679235,14.669277,11.963457,8.414366,6.362624,4.5707626,0.0,4.779274,9.059181,9.074882,12.028772,11.890791,16.675673,18.287136,22.497036,23.620117,28.181307,32.924202,33.433186,36.60884,33.939236,30.53529,29.530602,31.251366,26.213358,30.466282,29.816582,26.379871,27.854158,26.035124,26.105902,21.004677,20.74059,19.316252,16.546217,18.43984,12.991963,18.714499,17.386337,15.618421,17.879614,17.776798,21.818832,22.673853,22.233398,25.322079,26.349636,29.862755,33.112045,32.739746,37.273945,39.989002,39.47772,39.81329,34.953835,33.6261,30.142004,31.487652,26.33134,24.676083,24.19788,22.325066,23.596529,19.815554,24.78425,26.947378,28.38182,29.920616,29.118757,29.695272,31.736013,29.929226,33.503647,34.977863,33.982327,31.862995,31.721222,26.867289,28.09317,24.004478,26.81155
36,40.67006,36.498516,35.456394,31.39059,29.780716,27.283556,24.616507,23.492218,18.479221,18.786224,14.496948,14.840518,16.64343,16.727522,20.265106,18.30321,23.816303,21.989311,27.173826,27.587305,32.522636,33.97046,37.507355,36.45686,35.54692,33.20789,29.201149,25.853928,22.22375,21.086727,14.837776,12.925415,8.7358675,8.598634,3.8883145,4.779274,0.0,4.4452014,5.2799077,9.032241,9.883719,14.129324,17.06348,20.579195,22.737703,26.500763,31.74163,32.566357,36.083004,33.420742,30.199127,28.846884,30.96036,26.176985,29.83724,28.586172,25.069736,25.889423,23.827215,23.501028,18.314129,17.9717,15.583413,12.516616,13.884533,8.311856,13.983323,12.975642,11.512779,13.716632,13.716933,17.47112,18.447956,18.6696,21.526722,23.165276,26.368628,30.343185,29.903025,34.471367,37.442177,37.44215,37.863598,33.06448,31.702913,27.97024,29.727642,24.107819,23.169937,22.260538,20.88603,21.895924,18.504961,23.352242,25.64022,27.619566,28.515871,27.851944,27.620579,30.141241,27.480673,30.992079,32.382607,30.87722,28.852146,28.018364,23.632206,24.405533,20.37963,23.134954
