,0,1,2,3,4,5,6,7,8,9,10,11,12,13,14,15,16,17,18,19,20,21,22,23,24,25,26,27,28,29,30,31,32,33,34,35,36,37,38,39,40,41,42,43,44,45,46,47,48,49,50,51,52,53,54,55,56,57,58,59,60,61,62,63,64,65,66,67,68,69,70,71,72,73,74,75,76,77,78,79,80,81,82,83,84,85,86,87,88,89,90,91,92,93,94,95,96,97,98,99,100,101,102,103,104,105,106,107,108,109,110
0,0.0,4.2579226,6.6690574,9.8574505,12.326983,14.776765,18.393492,20.889872,24.595028,26.98648,30.034492,33.30139,35.459602,37.27433,34.9851,36.145657,35.21044,33.701992,35.813572,31.636711,34.398952,35.327423,35.67986,31.625908,29.649496,25.736092,23.665573,25.032742,22.797771,25.93259,24.483852,29.686924,31.236433,36.3292,35.3818,39.07154,41.033337,37.848175,37.335747,34.772762,31.648943,27.755215,25.799723,21.3855,22.34982,19.208357,19.275223,17.829927,16.288483,16.47894,16.621494,20.572552,22.591183,26.107664,28.478733,32.659176,32.0858,35.80503,37.23993,32.999554,31.286793,27.06709,25.667984,21.52281,23.9412,19.075888,18.524158,19.46453,23.717241,23.908773,23.888342,28.94534,28.729595,34.733727,35.538628,36.74502,40.432323,40.59619,43.57768,45.10834,45.111553,41.864494,38.81489,36.610077,33.383324,34.87038,29.249748,30.318033,26.475046,27.056282,24.599007,25.551058,22.437479,25.239065,28.78504,27.352743,29.546291,25.922966,29.550285,26.993212,32.69456,31.272814,34.963287,38.19924,35.957165,32.885963,32.819046,28.42779,26.272331,24.311256,21.03944
1,4.2579226,0.0,5.276988,6.584528,8.755322,12.227742,14.870529,18.394217,21.540087,24.321802,27.296303,30.409966,32.415695,33.970196,31.59908,32.432327,31.450338,29.715864,31.805914,27.50911,30.219522,31.297985,31.561338,27.425135,25.665369,21.645626,19.661276,20.93129,18.588007,21.854937,20.565231,25.836266,27.95687,32.771984,32.194305,35.932312,37.908222,34.824005,33.939434,31.133478,28.442932,24.183117,22.377247,17.661947,18.492014,15.14346,15.401289,14.01039,12.949982,13.4050865,13.685857,17.924938,20.36921,23.765064,25.561005,29.920553,28.975254,32.62947,34.271828,30.289026,28.364365,24.38323,22.401209,18.326138,20.548252,15.353976,15.184744,15.671253,20.247658,20.027737,19.732744,24.819937,24.562435,30.531048,31.392088,32.524933,36.27032,36.535854,39.5559,41.19344,41.244415,37.920544,35.102478,32.73094,29.412699,30.786821,25.107967,26.07956,22.239212,22.888115,20.60692,21.692415,18.879585,21.563501,24.955463,23.426805,25.495365,21.938684,25.536999,23.045383,28.894018,27.542042,31.442343,34.77008,32.65509,29.481308,29.646402,24.842226,23.103228,20.873886,17.995987
2,6.6690574,5.276988,0.0,5.260458,6.900248,8.4629965,12.482247,14.282556,18.22834,20.368195,23.698181,26.79272,29.14851,31.143225,29.277477,30.57642,30.269426,28.87271,31.735737,27.847706,31.040983,32.508106,33.20495,28.906435,28.151436,23.719542,22.242363,22.713573,18.780273,21.699917,19.322332,24.843092,25.456078,30.653753,29.656944,33.131065,35.44103,32.45437,32.032272,29.722591,26.497396,23.154493,20.495903,16.64895,19.173267,15.996138,17.449947,16.886572,16.377237,16.124578,15.170747,19.821003,21.39162,24.261032,25.894186,29.950466,28.450706,32.130722,33.126686,28.94153,26.814175,23.647995,22.085958,18.43691,22.060202,17.024294,17.942457,18.493769,23.617378,22.955128,21.66528,26.493984,25.273865,31.570475,31.36971,32.48365,35.85634,35.58134,38.351933,39.71159,39.447193,36.344093,32.896614,30.976374,28.061533,29.809473,24.556213,26.42022,23.084093,24.56958,22.82396,24.529531,22.144363,23.874811,26.960821,24.884552,26.331642,22.359545,25.02328,21.984266,27.249584,25.455626,28.867748,31.955755,29.577213,26.60895,26.490374,22.493284,20.062527,18.662153,15.20294
3,9.8574505,6.584528,5.260458,0.0,3.8516738,6.221482,9.133886,12.570496,15.293054,18.402168,20.857832,24.182234,25.989986,27.578354,25.163519,26.31976,25.505936,24.165327,26.698751,22.892012,26.172989,27.432388,28.442793,24.401443,23.777615,19.180046,18.67337,19.336344,14.924177,18.545258,16.209843,22.259464,23.874592,28.42583,28.292093,31.696882,34.241158,31.561174,30.415596,27.636963,25.401089,21.45079,18.92135,14.595013,16.99546,13.257224,15.138407,14.427696,14.920973,15.511685,15.174485,19.864672,22.178486,24.873589,25.570164,29.869843,27.760689,31.254854,32.610947,28.944958,26.432768,23.842873,21.232786,17.871225,20.783052,15.253769,16.64787,15.982253,21.209242,19.529776,17.880901,22.910063,21.802559,27.74737,27.882355,28.46576,32.110867,32.075714,34.843914,36.55149,36.11883,32.747093,29.762098,27.438152,24.582935,25.71791,20.68369,21.902676,18.47525,19.998419,18.15327,20.221699,17.925812,18.99831,21.981056,19.784811,21.23764,17.207037,20.167091,17.407341,22.924368,21.709589,25.348188,28.707048,26.823973,23.64644,24.522963,19.79751,18.317732,16.823812,14.278825
4,12.326983,8.755322,6.900248,3.8516738,0.0,5.5017447,6.139069,10.583381,13.053727,16.046782,19.2083,21.922989,23.987171,25.493591,23.559008,24.25043,24.031713,22.23601,25.30328,21.329159,24.56308,26.44806,27.11215,22.685843,22.789263,18.160208,17.254805,17.130447,12.156651,15.264135,12.71635,18.622488,20.114494,24.745697,24.518528,28.006777,30.444355,27.73674,26.593401,23.873001,21.550198,17.685804,15.075356,10.867326,13.904868,10.462435,13.030597,13.107039,13.968044,13.998752,12.9985285,17.716194,19.710814,22.012268,22.347385,26.536446,24.147173,27.607841,28.861383,25.268867,22.66747,20.400871,17.71904,14.65126,18.089052,12.84119,14.996958,14.508129,19.9724,18.329477,16.05864,20.641829,18.959713,25.186754,24.756466,25.660078,29.05771,28.848267,31.637888,33.1756,32.911263,29.669962,26.552114,24.353699,21.347721,22.940565,17.700937,19.683815,16.626753,18.623074,17.5856,19.74289,18.305468,19.261086,21.749401,19.334776,20.203829,16.295609,18.440367,15.317616,20.766382,18.990849,22.787428,26.05081,23.90574,20.72673,21.147175,16.334103,14.782821,13.023354,10.549268
5,14.776765,12.227742,8.4629965,6.221482,5.5017447,0.0,6.1722155,6.5412865,10.043264,12.565505,15.281602,18.60814,20.762451,22.844065,21.103102,22.823536,22.97864,22.129494,25.667385,22.606335,26.389135,28.148134,29.680006,25.632912,26.380829,21.577202,21.803205,21.47059,15.321045,18.255413,14.522654,20.708101,20.477528,25.149918,24.809893,27.734941,30.801456,28.451818,27.647915,25.448864,22.986116,20.259644,16.737688,13.942082,18.27489,15.093016,18.181158,18.398119,19.450043,19.444956,18.108662,22.829494,24.316977,26.241962,26.393646,30.234201,27.301891,30.623827,31.257387,27.680454,24.840857,23.676308,21.341482,18.890995,22.953932,17.975452,20.428196,19.732819,25.177624,23.01151,20.27054,24.613583,22.354519,28.328697,27.117323,27.515797,30.59972,29.88832,32.253178,33.65754,32.748608,29.653986,25.975618,24.216553,22.061855,23.524118,19.423677,21.713425,19.258427,21.799856,20.849413,23.525608,21.997562,21.83735,24.133904,21.354084,21.786346,17.515167,18.810461,15.417344,19.801048,18.07363,20.971176,24.032824,21.948393,19.026726,19.909475,16.241129,14.198722,14.14927,11.484421
6,18.393492,14.870529,12.482247,9.133886,6.139069,6.1722155,0.0,6.9424987,7.4501853,10.919997,13.932149,16.180819,18.155174,19.520761,17.968796,18.498676,19.014599,17.257483,21.172812,17.769466,21.364136,23.814758,24.880936,20.54614,22.194384,17.514769,17.78398,16.64121,9.788824,12.352013,8.427477,14.776558,15.637678,19.75598,20.102322,23.205872,26.118687,23.917637,22.421797,19.798042,18.184917,14.945031,11.706003,8.88311,13.544125,10.788348,14.583922,15.549292,17.430714,17.376026,15.973844,20.237991,21.849836,23.21273,22.341196,26.135626,22.64426,25.70464,26.624535,23.638332,20.543594,20.055405,16.918432,15.2228985,18.920427,14.439142,17.701523,16.51651,21.808128,19.243855,15.738345,19.385841,16.59824,22.523129,20.96856,21.466827,24.485355,23.85176,26.359236,27.859922,27.225004,24.028538,20.699665,18.625772,16.084188,17.723097,13.321463,16.151218,14.206602,17.256247,17.34958,20.125084,19.774157,19.29704,20.825651,17.884806,17.575237,13.703672,14.056652,10.390658,15.127379,12.990408,16.665167,19.913548,17.866083,14.641022,15.675834,10.8060255,9.885668,9.077776,7.9778976
7,20.889872,18.394217,14.282556,12.570496,10.583381,6.5412865,6.9424987,0.0,5.256624,6.1653876,10.070358,12.660299,15.451516,17.994444,17.50585,19.398365,20.973177,20.37954,24.947214,22.66511,26.602758,29.008163,30.717379,26.697233,28.80026,24.110607,24.719666,23.392607,16.312128,18.011051,13.313615,18.773499,16.44208,20.960417,20.446194,22.738554,26.286522,24.407272,23.920986,22.447811,19.968044,18.790495,14.569023,13.989365,19.59579,17.36283,21.170355,22.210915,23.706656,23.22427,21.193468,25.560835,26.289347,27.301132,26.726025,29.9227,26.192204,29.134548,29.030062,25.821712,22.728662,23.281244,21.25452,20.02644,24.761383,20.70442,23.943943,23.253489,28.619286,26.18633,22.610092,25.924679,22.622993,28.324377,25.686255,26.014408,28.286598,26.839643,28.71563,29.691042,28.388926,25.739397,21.354858,20.377747,19.070135,21.019192,18.154749,21.605589,20.39894,23.724749,23.829565,26.803343,26.19543,25.214146,26.68154,23.555763,22.885284,18.902489,18.157389,14.37491,16.940609,14.372608,16.256521,18.782825,16.326433,13.831945,14.458398,12.415632,9.86617,11.784998,9.805313
8,24.595028,21.540087,18.22834,15.293054,13.053727,10.043264,7.4501853,5.256624,0.0,4.596851,6.618937,8.9410925,11.067367,13.10702,12.510424,14.150142,16.04433,15.566183,20.434261,18.73955,22.735765,25.299572,27.298363,23.655449,26.556017,22.088848,23.625755,22.008774,14.580136,16.072363,11.306391,16.537169,14.838301,18.095236,18.75786,20.675299,24.50568,23.205057,21.911053,20.162971,19.060984,17.801758,13.921999,13.871684,19.247044,17.278227,21.325699,22.559227,24.714638,24.581669,22.87312,26.88188,27.922039,28.574072,27.086658,30.186857,25.86418,28.376562,28.462946,26.039946,22.682636,24.150087,21.39595,20.886927,24.904507,21.16346,24.745523,23.333076,28.347206,25.229727,21.189232,23.87418,20.309914,25.263044,22.334757,22.035894,24.173862,22.681335,24.34126,25.564342,23.925669,21.100708,17.015347,15.8093405,15.050811,16.44716,14.711179,18.039478,17.653791,21.31383,22.019447,25.230755,25.292944,23.435507,24.190947,20.926441,19.53572,15.945286,13.968437,10.307712,11.820421,9.4260845,11.219598,14.064369,12.200293,9.419566,11.846207,9.399056,8.779083,11.142111,11.161174
9,26.98648,24.321802,20.368195,18.402168,16.046782,12.565505,10.919997,6.1653876,4.596851,0.0,6.1522985,6.8662615,10.330489,13.182051,14.220776,16.066835,19.031618,18.770048,24.000288,22.668629,26.531584,29.363125,31.246935,27.528265,30.742176,26.361927,27.496704,25.5109,18.185713,18.812122,13.920965,18.0446,14.102301,17.621576,17.425705,18.756014,22.839933,21.743979,21.267637,20.467005,18.662218,18.906591,14.662111,16.030886,21.885788,20.449532,24.544292,26.0631,27.980877,27.377842,25.145618,29.044113,29.398384,29.650227,28.254717,30.833012,26.404028,28.764778,28.123415,25.654425,22.398031,24.62614,22.665245,22.596428,27.282303,24.055046,27.741644,26.825062,31.886969,29.118683,25.010252,27.303299,23.339966,28.303967,24.54067,24.56663,25.980932,23.892754,25.145525,25.764801,23.957405,21.784725,16.912128,16.791851,16.68066,18.754843,17.63356,21.679485,21.71527,25.4799,26.430218,29.566093,29.72766,28.005365,28.681473,25.414268,23.813984,20.410637,17.885149,14.308583,14.50151,11.405576,11.714031,13.480781,10.834623,9.054347,10.024533,10.303073,8.421116,12.154318,11.873152
10,30.034492,27.296303,23.698181,20.857832,19.2083,15.281602,13.932149,10.070358,6.618937,6.1522985,0.0,4.985673,6.1200905,9.232843,9.5556,12.925498,15.502026,16.695974,21.50564,21.435791,25.498762,27.706871,30.526505,27.687006,31.066,26.831942,29.278334,27.69275,20.31096,21.58103,16.9922,21.304716,18.511942,20.558949,21.567348,22.271677,26.620333,26.160248,25.018713,23.918516,23.389471,23.176422,19.365143,20.184624,25.492752,23.656979,27.697317,28.856808,31.150202,31.162025,29.487892,33.449287,34.36594,34.781315,33.041042,35.789886,31.133644,33.251743,32.893806,30.917048,27.54445,29.924475,27.354448,27.264463,31.221298,27.643322,31.248093,29.581682,34.42225,30.901308,26.761538,29.062609,25.408562,29.4436,26.063948,24.983955,26.50132,24.57582,25.38233,26.4494,23.855032,21.478716,17.347075,16.964989,17.90116,18.49595,18.953201,21.798332,22.195604,25.886015,26.67134,30.087646,30.189196,27.43776,27.767673,24.480373,22.634577,19.454088,16.504055,13.787295,12.347288,11.082533,9.964673,11.778084,11.042201,9.701481,13.483874,13.547825,13.473382,16.82933,17.204645
11,33.30139,30.409966,26.79272,24.182234,21.922989,18.60814,16.180819,12.660299,8.9410925,6.8662615,4.985673,0.0,4.1068816,7.27462,10.1870365,12.249716,16.337738,17.003223,22.316265,22.448322,26.128633,28.944216,31.320374,28.391685,32.46876,28.538517,30.654894,28.452593,21.275135,21.454609,17.029905,19.919426,15.981956,17.22168,18.26102,18.256096,22.742388,22.796865,21.797018,21.336988,21.106667,21.989132,18.375889,20.490234,25.871937,24.79318,28.919733,30.541544,32.922035,32.587727,30.589958,34.138443,34.60207,34.436512,32.258667,34.457443,29.507122,31.196314,30.412626,28.940704,25.620363,28.995264,26.711878,27.399689,31.451698,28.670265,32.53778,31.071045,35.696278,32.350353,27.954807,29.408554,25.270971,28.944412,24.6297,23.777372,24.433674,21.953098,22.316832,22.875708,20.148249,18.380276,13.72957,14.3458805,16.047344,17.218277,18.571644,22.192707,23.388716,27.276855,28.773262,32.061386,32.791126,30.113306,29.985527,26.725368,24.33885,21.713211,17.74281,15.127154,12.34131,10.08562,7.499166,8.001494,6.712662,6.641632,10.070911,12.124002,12.4013,16.306301,17.45346
12,35.459602,32.415695,29.14851,25.989986,23.987171,20.762451,18.155174,15.451516,11.067367,10.330489,6.1200905,4.1068816,0.0,3.7315836,6.954631,9.638027,13.662898,15.205017,20.127567,21.16908,24.785147,27.254997,30.107412,27.813063,32.063095,28.38149,31.254402,29.247,22.255072,22.708675,18.668978,21.510595,18.694132,18.911716,20.850342,20.613535,25.042635,25.45248,23.874792,23.086266,23.793213,24.21141,20.996881,22.717512,27.63005,26.413782,30.449537,31.90065,34.53822,34.56796,32.930645,36.423088,37.258133,37.16283,34.698475,37.006866,31.94154,33.441357,32.954506,31.858915,28.484339,31.876791,29.14683,29.86166,33.34612,30.468983,34.285793,32.352364,36.719315,32.93796,28.548702,29.832554,25.938871,28.846119,24.839268,23.242249,23.913725,21.637941,21.686113,22.626036,19.424952,17.487665,13.768685,14.044515,16.41546,16.462116,18.955154,21.712145,23.265131,27.033398,28.5631,31.934269,32.792713,29.518044,29.02532,25.841597,23.209982,20.99433,16.645107,14.830498,10.758755,10.029953,6.409662,6.8134494,7.84623,8.008541,12.911467,14.194259,15.503821,18.959642,20.515186
13,37.27433,33.970196,31.143225,27.578354,25.493591,22.844065,19.520761,17.994444,13.10702,13.182051,9.232843,7.27462,3.7315836,0.0,5.2119823,6.683594,11.212026,12.874754,17.595245,19.246893,22.544085,25.030342,27.91872,26.059692,30.65804,27.36996,30.620583,28.555376,21.99745,22.266474,18.79896,21.0531,19.247932,18.391699,21.179068,20.818018,25.04474,25.75646,23.5798,22.51706,24.18525,24.317532,21.656872,23.326218,27.68203,26.66425,30.565094,32.042,34.913754,35.130234,33.737045,36.95359,37.998974,37.78757,34.9234,37.18558,32.007256,33.220055,33.00572,32.397816,29.020817,32.579006,29.49508,30.469587,33.3648,30.751219,34.568336,32.327564,36.30923,32.297405,27.884985,28.665539,24.88934,26.99625,23.061728,20.971546,21.455278,19.317757,19.113964,20.351027,16.925209,14.836275,12.066542,12.047705,14.991137,14.234573,17.83069,20.068659,22.178894,25.840872,27.705202,31.006079,32.27613,28.686447,27.709633,24.6638,21.661556,20.093128,15.171253,14.127721,8.840074,9.134783,4.903651,5.153015,8.012855,8.296531,13.8712845,14.57841,16.898264,19.86432,22.04633
14,34.9851,31.59908,29.277477,25.163519,23.559008,21.103102,17.968796,17.50585,12.510424,14.220776,9.5556,10.1870365,6.954631,5.2119823,0.0,5.0172596,7.0628915,9.856426,13.875052,15.778583,19.392286,21.18286,24.672588,23.21329,27.314665,23.989864,27.93646,26.479284,20.063747,21.328777,18.129843,21.440113,21.30622,20.90179,23.963783,24.353329,28.390673,28.647179,26.03858,24.141438,25.96634,24.833344,22.325811,22.750002,26.585527,24.981482,28.669287,29.703596,32.684372,33.39675,32.524624,35.90386,37.55265,37.823593,35.11367,37.91029,32.95731,34.454063,34.853573,34.000484,30.551702,33.241783,29.62919,30.032616,32.382545,29.187693,32.734406,30.040968,33.920303,29.534021,25.36588,26.678915,23.525103,25.515991,22.762293,20.149313,21.668278,20.368523,20.731735,22.70778,19.625496,16.699903,14.929583,13.484711,15.490412,13.633478,16.70341,17.628328,19.2668,22.645138,24.030378,27.433073,28.412102,24.42449,23.495321,20.490469,17.713388,16.078527,11.675491,11.292256,6.5580025,9.052569,7.2702427,9.499422,11.921553,10.785146,16.790924,15.477525,18.066113,20.26892,22.248533
15,36.145657,32.432327,30.57642,26.31976,24.25043,22.823536,18.498676,19.398365,14.150142,16.066835,12.925498,12.249716,9.638027,6.683594,5.0172596,0.0,5.465983,6.445798,11.068644,13.0082655,16.03168,18.52993,21.40265,19.990948,24.770462,21.973997,25.792612,23.925295,18.207397,18.727488,16.368086,18.479069,19.434221,17.929396,21.767982,22.193808,25.8219,26.273531,23.057962,20.873781,23.701006,22.39968,20.666431,21.364904,24.515491,23.509554,27.02059,28.331648,31.510347,32.17779,31.397387,34.253155,35.9134,35.86605,32.653023,35.237972,30.19798,31.316841,31.980278,31.709543,28.33771,31.302385,27.445053,28.356043,30.093246,27.577902,31.193481,28.399511,31.772766,27.407051,23.130203,23.51656,20.271767,21.454329,18.45904,15.569765,16.815182,15.655751,16.023823,18.31446,15.459938,12.177631,11.513843,9.429066,11.728543,9.154272,13.501088,14.346002,16.920193,20.290247,22.46851,25.620346,27.387897,23.51812,21.973171,19.148302,15.767986,15.105018,9.662496,10.0225315,3.7811053,7.003457,5.982542,8.324045,11.104453,9.921196,15.775943,13.911554,17.5312,19.103834,21.915424
16,35.21044,31.450338,30.269426,25.505936,24.031713,22.97864,19.014599,20.973177,16.04433,19.031618,15.502026,16.337738,13.662898,11.212026,7.0628915,5.465983,0.0,4.681807,6.9010487,9.860796,13.054063,14.391516,18.198275,17.654463,21.78676,19.206358,23.998966,22.944273,17.87274,19.483458,17.748571,20.692263,23.184546,22.087132,25.992598,26.938269,30.344973,30.45213,26.95698,24.121876,27.043114,24.593527,23.152084,22.57168,24.88997,23.31144,26.395937,27.149887,30.4347,31.698572,31.566061,34.474915,36.780937,37.217133,34.17501,37.234985,32.526142,33.85191,35.111923,34.669792,31.317625,33.39715,29.08099,29.409573,30.389856,27.36053,30.558495,27.227238,30.271637,25.464468,21.628977,22.490757,20.231033,20.906708,19.59884,16.104534,18.464249,18.389376,19.212948,22.071808,19.64263,15.99673,16.331202,13.459714,14.580786,10.946838,14.31644,12.994575,15.004865,17.742458,19.36031,22.53763,24.076557,19.593521,17.849863,15.231382,12.014595,11.832821,7.323253,9.413451,5.7382774,10.381208,11.043951,13.747796,16.249823,14.494976,20.25962,17.061749,20.64232,21.447178,23.959517
17,33.701992,29.715864,28.87271,24.165327,22.23601,22.129494,17.257483,20.37954,15.566183,18.770048,16.695974,17.003223,15.205017,12.874754,9.856426,6.445798,4.681807,0.0,5.680452,6.58799,9.706207,12.363794,15.070924,13.75385,18.449411,15.991997,20.294033,18.823233,14.194149,15.322097,14.303089,16.633013,20.254513,18.98642,23.091635,24.463839,27.445524,27.333803,23.522976,20.289642,23.579103,20.68959,19.830013,19.179985,20.929947,19.782639,22.73837,23.759954,27.12972,28.260973,28.144588,30.680662,32.977055,33.256046,29.992994,33.01245,28.38333,29.620607,31.17018,30.906569,27.646729,29.595633,25.112692,25.668297,26.251379,23.679714,26.934952,23.653965,26.45986,21.811886,17.800512,18.120598,15.704152,16.339848,15.013815,11.644459,14.449469,14.731645,16.181057,19.21505,17.533764,13.542979,14.22964,10.667279,10.799762,6.881382,9.972982,8.606408,11.270955,14.238327,16.612099,19.588392,21.751196,17.845554,15.900508,13.276755,9.620581,9.930821,4.422609,6.9425697,4.6652794,8.492369,10.7942915,13.792039,15.571018,13.404033,18.466051,14.375567,18.424873,18.483852,21.44141
18,35.813572,31.805914,31.735737,26.698751,25.30328,25.667385,21.172812,24.947214,20.434261,24.000288,21.50564,22.316265,20.127567,17.595245,13.875052,11.068644,6.9010487,5.680452,0.0,5.3297954,6.9396267,7.7790284,11.676427,12.365829,16.453943,15.083723,20.43289,19.815561,16.855831,18.53319,18.541992,20.732725,25.451077,23.937704,28.24776,29.703056,32.38313,32.275475,28.17415,24.618013,28.311815,24.761845,24.457178,23.027132,23.611916,22.27234,24.498188,24.987408,28.434607,30.149382,30.731218,32.987267,35.83237,36.380527,33.102806,36.30763,32.034187,33.15465,35.22183,35.161854,32.04716,33.44138,28.650164,28.925442,28.451696,25.847223,28.543821,24.74207,26.687899,21.67387,18.438105,18.57596,17.556421,16.600761,17.24583,13.212319,16.467701,17.821184,19.210182,22.62986,21.208874,17.308582,19.217667,15.588,15.479063,11.049063,13.625866,9.71058,11.973722,13.508068,15.521114,18.120485,20.46078,15.874112,13.065392,11.283231,7.6841083,10.044989,7.1344414,10.985201,10.156962,14.151219,16.251797,18.995869,21.137959,19.076597,24.094275,19.685219,23.702322,23.238638,26.062252
19,31.636711,27.50911,27.847706,22.892012,21.329159,22.606335,17.769466,22.66511,18.73955,22.668629,21.435791,22.448322,21.16908,19.246893,15.778583,13.0082655,9.860796,6.58799,5.3297954,0.0,4.311242,6.8706346,9.163221,7.926505,12.037647,10.090552,15.159407,14.555796,12.01551,14.050071,14.7072525,17.200684,22.913134,22.166855,26.08365,28.221825,30.584692,29.90774,25.847366,21.879211,25.169704,20.839931,20.85553,18.695599,18.637667,17.24688,19.242624,19.728498,23.193386,24.923512,25.659348,27.798277,30.811417,31.544197,28.455965,31.92518,27.983168,29.38932,31.78792,31.413343,28.403698,29.07958,24.151365,24.130217,23.341982,20.663149,23.253778,19.433437,21.431355,16.460918,13.11157,13.620158,12.856375,12.872746,14.302278,11.1505,15.388122,17.04892,19.307789,22.60615,21.957676,17.886293,19.159494,15.202528,13.588438,10.075945,9.985318,5.081264,6.677925,8.372278,10.817489,13.462698,16.088371,12.257246,9.776789,7.6272807,3.7363358,6.398597,4.953785,8.45287,10.57045,13.297406,16.784119,19.98821,21.138176,18.514837,22.690258,17.277567,21.089045,19.779303,22.477825
20,34.398952,30.219522,31.040983,26.172989,24.56308,26.389135,21.364136,26.602758,22.735765,26.531584,25.498762,26.128633,24.785147,22.544085,19.392286,16.03168,13.054063,9.706207,6.9396267,4.311242,0.0,4.7776885,5.3767323,5.78419,10.442426,10.340391,15.179826,14.627757,14.167952,15.478351,17.272846,18.52288,25.075468,23.668095,27.866114,29.982185,31.859928,31.302301,26.921173,22.796576,26.738472,22.22912,23.049177,20.947868,19.794064,18.991457,20.30499,20.782566,24.24088,26.079119,27.13965,28.618557,31.760311,32.32694,28.937832,32.21377,28.525305,29.543365,32.324684,32.459404,29.688738,30.282516,25.258057,25.518452,23.7463,21.845228,24.08429,20.169706,21.073784,16.23735,13.526613,12.648086,12.872975,10.754863,13.586991,10.1544,14.402059,16.897417,19.174849,22.643353,22.519363,18.625736,20.935745,16.974667,15.264518,11.590356,11.822621,6.2122135,8.351207,8.488822,11.559428,13.227009,16.720167,13.288306,9.959298,9.147802,6.035976,9.949852,9.143987,12.445402,14.040709,16.572182,19.922457,22.7968,24.071535,21.665083,25.477106,20.11178,24.140963,22.425198,25.400248
21,35.327423,31.297985,32.508106,27.432388,26.44806,28.148134,23.814758,29.008163,25.299572,29.363125,27.706871,28.944216,27.254997,25.030342,21.18286,18.52993,14.391516,12.363794,7.7790284,6.8706346,4.7776885,0.0,5.3716154,8.452636,10.619364,11.176539,16.889538,17.442665,17.3466,19.469738,21.026152,22.992428,29.406881,28.25161,32.384644,34.489193,36.527298,35.9368,31.623577,27.49571,31.210207,26.501184,27.098219,24.476267,23.178185,21.819515,22.762468,22.60818,25.944921,28.2696,29.788368,31.407228,34.92299,35.8731,32.79652,36.30056,32.85355,34.014362,36.90554,36.85041,34.077034,34.25668,29.187239,28.972033,26.94978,24.551008,26.303051,22.103558,22.671055,17.634382,15.822235,15.779774,16.89603,14.759575,18.298355,14.852518,18.923922,21.453531,23.488894,27.030973,26.622679,22.743212,25.08233,21.157612,19.73495,15.865077,16.122938,10.39185,11.105353,10.106656,11.633071,13.050862,15.94615,11.726589,7.8787937,8.170498,6.3639617,10.689371,11.507435,15.129863,16.831646,20.020313,23.106497,26.071144,27.651733,25.210936,29.455025,24.049,27.856348,26.226486,28.810865
22,35.67986,31.561338,33.20495,28.442793,27.11215,29.680006,24.880936,30.717379,27.298363,31.246935,30.526505,31.320374,30.107412,27.91872,24.672588,21.40265,18.198275,15.070924,11.676427,9.163221,5.3767323,5.3716154,0.0,5.337164,7.6542335,10.032142,14.410672,14.735036,16.722841,18.047705,20.78494,21.61848,28.950901,27.620592,31.676443,34.052696,35.460667,34.699375,30.240507,25.92218,29.8905,24.858025,26.31522,23.646133,21.16745,20.544365,20.792206,20.832693,24.082277,26.281517,27.991861,28.839628,32.36962,33.127968,29.86007,33.186607,30.171219,31.075516,34.38297,34.65459,32.20802,32.054825,26.986391,27.009226,24.03952,22.578535,24.018375,19.973337,19.50367,14.948084,13.693481,12.24719,14.338232,10.928388,15.880935,13.186885,17.300886,20.415333,22.833286,26.259672,26.70468,23.015274,25.675697,21.748476,19.615225,16.38737,15.680989,10.036775,10.802319,8.802868,11.349499,11.560672,15.578766,12.982239,9.335263,10.290708,9.032707,13.174402,14.045834,17.08819,19.364346,21.65949,25.209995,28.067915,29.186586,26.715946,30.103975,24.452671,28.285583,25.977215,28.772043
23,31.625908,27.425135,28.906435,24.401443,22.685843,25.632912,20.54614,26.697233,23.655449,27.528265,27.687006,28.391685,27.813063,26.059692,23.21329,19.990948,17.654463,13.75385,12.365829,7.926505,5.78419,8.452636,5.337164,0.0,5.9498897,6.6371646,10.049087,9.632064,11.7115135,12.893397,15.968252,16.869678,24.440783,23.740648,27.371258,30.12114,31.445396,30.311249,26.053186,21.61911,25.09921,19.784376,21.316908,18.463472,15.841001,15.376816,15.787373,16.218407,19.567942,21.446146,22.88333,23.810545,27.206202,27.947401,24.755974,28.242994,25.218758,26.419867,29.711172,29.645267,27.193228,26.797386,21.715702,21.681576,18.942514,17.452686,19.220953,15.336741,15.537983,10.966752,8.790334,7.3699083,9.208329,7.5383735,12.3382635,10.737735,15.325569,18.095188,21.032982,24.176798,24.902718,21.147995,22.938372,19.017815,16.076265,13.851015,11.383549,6.270082,6.414254,4.769365,8.681334,9.277429,13.555132,11.99017,9.431282,9.256392,7.972337,10.932428,11.858864,13.933772,17.279472,18.594679,22.721403,25.750824,26.176937,23.470705,26.189133,20.21443,23.78053,21.094746,23.82589
24,29.649496,25.665369,28.151436,23.777615,22.789263,26.380829,22.194384,28.80026,26.556017,30.742176,31.066,32.46876,32.063095,30.65804,27.314665,24.770462,21.78676,18.449411,16.453943,12.037647,10.442426,10.619364,7.6542335,5.9498897,0.0,4.826549,7.879947,9.947688,13.835261,16.053205,19.172556,20.915903,28.536743,28.676348,31.7918,34.907547,36.13803,34.576504,30.609833,26.114595,28.811058,22.943493,24.446579,20.523623,16.98463,15.865846,15.005476,14.317292,17.268055,19.882282,22.244,23.005983,27.046108,28.496666,26.084835,29.979168,27.816761,29.388153,32.996414,32.431576,30.218096,28.584108,23.615297,22.626059,19.083519,17.064539,17.61769,13.448668,12.56539,7.9339643,8.383141,8.933157,12.599707,12.000295,17.52172,16.570724,21.105528,23.88742,26.918406,29.982195,30.78417,27.005974,28.429325,24.513525,21.307756,19.43223,16.02062,11.323543,9.165264,5.270974,6.188599,4.5615497,9.130279,9.104669,7.4723763,8.9243765,10.153766,12.504857,15.6723795,17.449291,21.828539,23.169067,27.518885,30.80463,31.012022,28.053442,30.607239,24.28357,27.21059,24.11754,26.07479
25,25.736092,21.645626,23.719542,19.180046,18.160208,21.577202,17.514769,24.110607,22.088848,26.361927,26.831942,28.538517,28.38149,27.36996,23.989864,21.973997,19.206358,15.991997,15.083723,10.090552,10.340391,11.176539,10.032142,6.6371646,4.826549,0.0,6.2272153,8.193165,9.908152,13.132286,15.432872,18.376554,25.378902,26.224955,29.01015,32.21973,33.84573,32.117996,28.458015,24.064102,26.094799,20.258274,21.046885,16.815321,14.208404,12.258537,12.219447,11.558738,14.810339,17.343988,19.330265,20.980343,24.915989,26.558872,24.431492,28.593498,26.084597,28.100574,31.323925,30.209194,27.73349,26.129328,21.168932,19.812992,17.420303,14.254589,15.421252,11.112914,12.285042,7.065932,5.721664,8.780144,11.038718,12.781579,16.86646,16.066603,20.7585,22.919939,26.009115,28.93593,29.376661,25.47166,26.02374,22.16695,18.863081,17.385788,13.238301,9.2220125,5.6203346,2.2609649,2.386214,3.8373754,7.2569127,6.840539,6.543318,6.255931,7.813784,8.636873,12.460993,13.56647,18.699516,19.754559,24.262112,27.74703,27.675863,24.535263,27.11529,20.67946,23.26626,20.33373,21.961334
26,23.665573,19.661276,22.242363,18.67337,17.254805,21.803205,17.78398,24.719666,23.625755,27.496704,29.278334,30.654894,31.254402,30.620583,27.93646,25.792612,23.998966,20.294033,20.43289,15.159407,15.179826,16.889538,14.410672,10.049087,7.879947,6.2272153,0.0,4.2132263,9.586383,11.769567,15.047274,17.13078,24.397114,25.903404,27.90249,31.579058,32.56991,30.320047,27.037315,22.69741,23.959541,17.73897,19.253336,14.618044,10.232504,9.050618,7.2438736,6.704104,9.756683,12.060401,14.409975,15.258335,19.393442,21.20621,19.480427,23.78763,22.151447,24.38166,27.913902,26.530504,24.525984,21.82511,17.120455,15.380925,11.920015,9.35014,9.787407,5.6513176,6.3487062,1.7295902,2.8568058,6.618876,9.673585,12.907154,16.890368,17.753292,22.029638,24.063362,27.471773,29.923897,31.05927,27.4743,27.554379,24.025839,20.0227,19.912971,14.401178,12.413381,9.042255,7.074985,7.4902678,6.5126424,9.1093025,11.824267,12.501827,12.330744,13.636023,13.632849,16.795086,16.75992,22.263004,22.098318,26.892378,30.2321,29.379097,26.219028,27.460812,21.01408,22.903692,19.138092,20.396313
27,25.032742,20.93129,22.713573,19.336344,17.130447,21.47059,16.64121,23.392607,22.008774,25.5109,27.69275,28.452593,29.247,28.555376,26.479284,23.925295,22.944273,18.823233,19.815561,14.555796,14.627757,17.442665,14.735036,9.632064,9.947688,8.193165,4.2132263,0.0,7.4354806,8.13233,12.145055,13.1943865,20.764778,22.021446,24.038734,27.70974,28.50968,26.311441,22.935066,18.58051,20.088408,13.901161,15.8811035,11.875142,7.216709,7.4095545,6.6404243,7.967172,11.068516,12.222108,13.549929,14.179513,17.68905,18.820694,16.376467,20.485674,18.369642,20.457195,23.946041,22.834078,20.768745,18.653635,13.73478,12.818406,9.589318,8.128225,9.9388,6.802022,8.226493,5.5795693,2.7923656,3.9609156,5.781227,10.196473,13.222968,14.778668,18.721516,20.537874,24.016806,26.24297,27.61887,24.22826,24.214834,20.870647,16.6699,17.164703,11.369361,10.6383095,8.296803,7.8474774,10.012288,9.941311,12.91285,14.642105,14.696653,13.8995285,14.064661,14.046173,15.789471,15.376985,20.434639,19.67212,24.45008,27.559559,26.491951,23.480034,24.240639,17.956118,20.053753,16.149946,17.993055
28,22.797771,18.588007,18.780273,14.924177,12.156651,15.321045,9.788824,16.312128,14.580136,18.185713,20.31096,21.275135,22.255072,21.99745,20.063747,18.207397,17.87274,14.194149,16.855831,12.01551,14.167952,17.3466,16.722841,11.7115135,13.835261,9.908152,9.586383,7.4354806,0.0,4.779263,5.7467685,9.974999,15.9143715,17.958612,19.86911,23.348917,25.182125,23.126509,20.075884,16.055616,16.874125,11.366486,11.269113,7.282404,7.3555655,5.6097965,8.814212,10.431266,13.564552,14.170765,14.028939,16.619347,19.262121,20.263203,17.980831,22.005205,18.59828,21.09183,23.449322,21.73416,18.876081,18.058968,13.267027,12.388576,12.9047,9.526796,12.995324,10.442113,14.497361,11.286936,6.9300313,9.641908,7.1985517,13.111879,13.127415,13.952154,17.746248,18.414606,21.609106,23.71365,24.148901,20.592688,19.32155,16.119421,12.205382,13.14407,6.917052,8.492554,6.2876816,9.089494,10.916461,13.028452,14.725673,14.680675,15.068458,12.757111,12.079887,10.208619,10.846575,8.995586,14.491383,13.211287,18.043442,21.364485,20.094902,16.862658,18.118288,11.6138735,13.639903,10.432817,12.34687
29,25.93259,21.854937,21.699917,18.545258,15.264135,18.255413,12.352013,18.011051,16.072363,18.812122,21.58103,21.454609,22.708675,22.266474,21.328777,18.727488,19.483458,15.322097,18.53319,14.050071,15.478351,19.469738,18.047705,12.893397,16.053205,13.132286,11.769567,8.13233,4.779263,0.0,4.9136686,5.594015,12.783908,14.28737,16.2404,19.835062,21.132587,19.08433,15.780912,11.592645,12.965403,7.3201475,8.566747,6.4388094,6.199288,7.3302846,10.186748,12.757462,15.556357,15.284637,14.425959,16.096628,17.923557,17.993893,14.837323,18.354326,14.4595,16.628654,19.01138,17.828392,15.001185,15.034321,10.135779,10.80166,11.412131,10.186377,13.989805,12.368805,15.661874,13.38832,9.175332,9.28124,5.0396338,11.380734,9.76011,11.900716,14.881791,15.279579,18.611269,20.312174,21.357065,18.207306,16.98625,14.153101,9.784713,11.98671,5.655683,9.423035,9.179764,11.861454,14.682457,16.2582,18.681843,18.807594,18.602642,16.505064,15.119477,14.063979,13.12094,11.303214,15.334262,13.133016,17.735983,20.526197,18.908361,16.049469,16.180695,10.092603,12.504791,8.885295,11.940516
30,24.483852,20.565231,19.322332,16.209843,12.71635,14.522654,8.427477,13.313615,11.306391,13.920965,16.9922,17.029905,18.668978,18.79896,18.129843,16.368086,17.748571,14.303089,18.541992,14.7072525,17.272846,21.026152,20.78494,15.968252,19.172556,15.432872,15.047274,12.145055,5.7467685,4.9136686,0.0,6.529901,10.385175,13.102279,14.5497465,17.970987,20.171364,18.171247,15.520846,12.093069,12.208228,8.040487,6.4347496,5.0854983,8.984051,8.648946,12.573294,14.836202,17.410845,16.973639,15.4721,18.226955,19.584967,19.788403,17.256779,20.620031,16.353872,18.804626,20.189913,18.367418,15.119504,15.873045,11.746459,12.018789,14.688009,12.312519,16.33567,14.972239,19.23564,16.7237,12.398871,13.772638,9.689177,15.541596,12.900553,14.236655,16.833323,16.297926,19.17682,20.634916,20.861073,17.741735,15.204017,12.782926,9.070134,11.75905,6.3362317,11.126198,10.834841,14.297591,16.427618,18.728407,20.317276,19.841003,20.025415,17.345406,15.835195,13.659502,12.096076,9.048632,12.936045,9.952636,14.444071,17.363928,15.341442,12.252735,12.525854,6.1383753,8.13675,5.2451215,8.348977
31,29.686924,25.836266,24.843092,22.259464,18.622488,20.708101,14.776558,18.773499,16.537169,18.0446,21.304716,19.919426,21.510595,21.0531,21.440113,18.479069,20.692263,16.633013,20.732725,17.200684,18.52288,22.992428,21.61848,16.869678,20.915903,18.376554,17.13078,13.1943865,9.974999,5.594015,6.529901,0.0,8.269638,9.000978,11.003035,14.524533,15.59069,13.764852,10.216541,6.0854278,8.29267,4.5701356,6.3826585,8.384711,9.937242,12.060414,14.942044,17.824484,20.241875,19.25728,17.52183,18.76312,19.31155,18.265604,14.454147,16.774406,11.850783,13.397263,14.933269,14.432065,11.375495,13.71653,9.783732,12.310544,14.097268,14.35832,18.23748,17.421978,20.433235,18.682184,14.612383,13.479225,8.717028,13.390749,8.891916,11.884054,13.080304,12.301591,15.349297,16.238869,17.605988,15.179153,13.354409,11.5191555,7.448217,11.427242,7.2672815,12.637432,13.870784,16.83649,20.011518,21.642075,24.234644,24.011051,23.449102,21.208801,19.1481,18.251633,15.740192,13.683705,15.729593,12.446092,16.1844,18.141966,16.041521,13.855242,12.574048,7.9791827,10.617262,7.833469,11.884585
32,31.236433,27.95687,25.456078,23.874592,20.114494,20.477528,15.637678,16.44208,14.838301,14.102301,18.511942,15.981956,18.694132,19.247932,21.30622,19.434221,23.184546,20.254513,25.451077,22.913134,25.075468,29.406881,28.950901,24.440783,28.536743,25.378902,24.397114,20.764778,15.9143715,12.783908,10.385175,8.269638,0.0,6.0786567,4.4792166,8.106988,10.483294,8.582087,7.522283,7.360436,5.1552253,8.32352,6.2107725,11.55454,15.8921,17.374987,20.829195,23.65371,25.544298,23.926748,21.141447,23.030779,22.24744,20.756317,17.866064,19.073824,13.976501,15.4551525,14.470896,13.236247,9.938264,14.605464,13.162518,15.712684,19.85328,19.733305,23.700607,23.669191,27.486483,25.982601,21.860096,21.6015,16.855726,21.402515,16.003506,18.316319,18.210983,15.78841,17.555323,17.087345,17.578142,16.350197,12.025872,12.543304,10.773494,15.442904,13.410689,19.259129,20.480413,23.960823,26.621614,28.731518,30.619396,30.10376,29.911568,27.205643,25.019966,23.235487,19.98877,17.022182,17.482328,12.954103,14.820208,15.6331005,12.122436,10.999564,6.375824,6.6922717,6.585586,7.1974626,10.31371
33,36.3292,32.771984,30.653753,28.42583,24.745697,25.149918,19.75598,20.960417,18.095236,17.621576,20.558949,17.22168,18.911716,18.391699,20.90179,17.929396,22.087132,18.98642,23.937704,22.166855,23.668095,28.25161,27.620592,23.740648,28.676348,26.224955,25.903404,22.021446,17.958612,14.28737,13.102279,9.000978,6.0786567,0.0,5.1640506,6.4615474,8.503746,8.710621,5.254249,5.4256635,8.302377,11.121231,10.943206,15.617203,18.694017,20.565346,23.772968,26.632202,28.94597,27.681587,25.369791,26.67688,26.181772,24.309174,20.497793,21.12255,15.745207,15.907615,15.135455,15.882133,13.0421915,18.417013,16.475111,19.686052,22.459492,23.012285,26.950842,26.344631,29.41316,27.497265,23.258753,21.756277,16.974228,19.715822,13.398073,15.358832,13.898642,10.84886,12.036637,11.107932,11.9658985,11.385909,7.940121,9.211652,8.613455,13.004655,13.213725,18.618113,21.040533,24.428537,27.762976,29.788164,32.388462,31.287699,30.316465,27.788404,24.965124,24.124523,19.911509,17.887928,16.755985,12.828799,13.88934,13.887529,11.41531,11.228055,8.21519,9.202367,11.4944515,12.049496,15.861674
34,35.3818,32.194305,29.656944,28.292093,24.518528,24.809893,20.102322,20.446194,18.75786,17.425705,21.567348,18.26102,20.850342,21.179068,23.963783,21.767982,25.992598,23.091635,28.24776,26.08365,27.866114,32.384644,31.676443,27.371258,31.7918,29.01015,27.90249,24.038734,19.86911,16.2404,14.5497465,11.003035,4.4792166,5.1640506,0.0,4.2537274,6.02589,4.732781,4.6962113,7.2464786,5.7396593,11.02172,10.1639,15.620504,19.290903,21.290762,24.466515,27.431202,29.245413,27.431198,24.543476,25.86509,24.559515,22.429634,19.254572,19.393692,14.317449,14.81998,12.857325,12.762017,10.108095,16.06576,15.4957905,18.721272,22.547571,23.28551,27.135498,27.303787,30.708002,29.445251,25.404314,24.419811,19.675392,23.391127,17.406214,19.942816,18.774494,15.8989105,17.059114,15.686335,16.58164,16.40445,12.297655,13.888954,12.949534,17.593353,16.599007,22.34883,24.071463,27.452372,30.424454,32.387608,34.58189,34.031963,33.560368,30.9493,28.513649,27.105783,23.438042,20.798038,20.383497,15.977832,16.954704,16.84144,13.44757,13.383973,8.2114,10.654018,10.75446,11.594178,14.455339
35,39.07154,35.932312,33.131065,31.696882,28.006777,27.734941,23.205872,22.738554,20.675299,18.756014,22.271677,18.256096,20.613535,20.818018,24.353329,22.193808,26.938269,24.463839,29.703056,28.221825,29.982185,34.489193,34.052696,30.12114,34.907547,32.21973,31.579058,27.70974,23.348917,19.835062,17.970987,14.524533,8.106988,6.4615474,4.2537274,0.0,4.5567403,6.0870223,6.7737217,10.201266,9.905164,15.146301,14.190598,19.591322,23.361008,25.245356,28.518353,31.443815,33.370255,31.638807,28.770325,30.111687,28.737778,26.478317,23.24547,22.9812,18.004877,17.937885,15.507613,16.114952,13.89171,20.09371,19.707325,22.974173,26.694422,27.420769,31.308193,31.307425,34.658207,33.15613,28.993313,27.792469,23.006752,26.046175,19.707521,21.74803,19.855343,16.491978,16.765612,14.730837,15.189198,15.952967,11.749317,14.431915,14.754291,18.983124,19.31626,24.875507,27.043917,30.53368,33.632004,35.73472,38.025707,37.06313,36.35317,33.67977,30.947096,29.691896,25.47193,23.051968,21.516409,17.310812,17.123852,16.067291,12.926279,13.9288,8.981764,13.2279415,13.562865,15.266732,18.035072
