,0,1,2,3,4,5,6,7,8,9,10,11,12,13,14,15,16,17,18,19,20,21,22,23,24,25,26,27,28,29,30,31,32,33,34,35,36,37,38,39,40,41,42,43,44,45,46,47,48,49,50,51,52,53,54,55,56,57,58,59,60,61,62,63,64,65,66,67,68,69,70,71,72,73,74,75,76,77,78,79,80,81,82,83,84,85,86,87,88,89,90,91,92,93,94,95,96,97,98,99,100,101,102,103,104,105,106,107,108,109,110,111,112
0,0.0,4.224346,6.392002,9.328332,12.336783,14.071,17.667042,21.641285,24.743698,27.559525,31.167078,34.164284,35.93546,35.57063,29.369095,28.919039,25.040577,24.05245,19.46745,18.28915,16.61085,13.263068,15.754511,18.497147,18.389679,21.6743,23.817665,27.640398,29.956678,33.834896,34.1892,40.46397,41.372005,43.881786,39.49602,36.291107,39.563545,41.582127,36.58404,34.86188,39.891285,37.839558,33.672195,35.934727,39.913944,35.390522,32.35612,37.419273,39.345417,42.310925,40.610786,36.028107,41.722424,42.77921,38.631844,35.372158,33.79968,32.976387,38.02649,39.984634,34.78845,37.91799,37.657005,41.754097,41.30329,38.269,38.883198,38.15251,33.991646,33.087566,33.742607,33.040813,29.232227,27.164167,28.873644,26.475489,23.878326,26.973824,23.123552,27.466341,25.631903,26.70671,26.496637,25.270813,26.421528,21.690325,24.416142,20.096952,20.288702,20.07038,21.252182,22.068745,25.44679,25.23241,25.223442,28.378677,30.90801,31.789228,31.256277,36.054253,37.385498,40.274967,37.31254,34.2379,38.219097,39.960533,35.811283,33.835926,30.152815,27.41992,24.3843,21.545532,18.388693
1,4.224346,0.0,5.3547864,6.2449965,9.113641,12.122918,14.590696,19.365602,22.022402,25.260546,28.796833,31.893282,33.864754,33.617172,27.715433,26.794222,23.275589,21.73289,18.01305,15.768115,14.7142105,11.462146,14.731293,15.986639,15.272135,18.44525,20.333696,23.999954,26.277056,30.030107,30.562113,36.85218,37.846706,40.589676,36.452248,33.21161,36.568447,38.854286,34.01602,32.205395,37.391197,35.768593,31.549187,33.832226,37.972824,33.94891,30.933844,35.884357,38.12181,40.75892,39.063854,35.113026,40.771343,41.482098,37.576412,34.313698,32.288513,31.502832,36.728027,38.30344,32.65914,35.899143,35.366924,39.623985,39.067482,35.75705,36.188293,35.150425,31.18377,30.67226,30.84601,29.832941,26.379047,24.535841,26.576683,24.514168,21.97578,25.206045,22.016104,26.380192,24.864202,26.48461,25.667871,23.948856,24.469995,20.097929,21.82175,17.217176,16.798107,16.169891,17.284157,18.341581,21.508537,21.284203,21.702765,24.702156,27.09486,28.176535,27.853615,32.438683,33.97939,36.89981,34.187916,31.260311,35.32978,37.101425,33.141777,31.041197,27.495035,24.36173,21.688389,18.391079,15.860687
2,6.392002,5.3547864,0.0,5.3839374,7.030762,8.172307,11.959947,15.464168,18.848297,21.389381,25.152628,27.9929,30.021574,29.976606,23.591358,23.63005,19.910816,19.302374,15.139785,14.543637,14.467955,11.873378,16.04771,17.648851,17.497946,20.472298,21.225285,25.274197,26.710436,30.904787,30.167477,36.899982,36.988243,39.770008,35.574516,31.953377,34.855484,37.3137,32.37614,30.205795,35.11742,33.78992,29.358772,31.018415,35.314,31.47541,27.651592,32.51929,34.96382,37.74282,36.634586,32.17795,38.152847,39.205776,35.56869,32.821583,30.612995,30.52118,35.70425,36.71483,31.551641,35.36168,35.324047,39.448605,38.241108,34.954742,36.19569,35.158203,30.719036,30.772154,31.507996,30.18401,26.230148,25.343817,26.434381,25.09907,21.927456,24.287985,20.884747,24.436087,22.276257,23.404179,22.213684,21.072657,22.275658,18.00464,20.48073,17.00786,16.563215,16.934427,17.191658,17.023426,20.830194,21.270254,20.264414,23.189632,26.09459,26.905315,25.90718,30.77132,31.722557,34.806683,31.953272,28.42047,32.165524,33.78416,29.543007,27.705332,23.849709,21.487858,18.1746,15.677604,12.18808
3,9.328332,6.2449965,5.3839374,0.0,3.8973293,6.724187,8.812923,13.684033,15.980952,19.45277,22.780205,26.034386,27.845062,27.53103,21.909042,20.638794,17.312534,15.60308,12.4660635,10.017158,10.285284,7.9553204,12.730984,12.834203,12.44425,15.257212,15.846136,19.905964,21.4427,25.628187,25.17503,31.741938,32.209213,34.91762,30.754148,27.310291,30.50597,32.90553,28.069693,26.087082,31.240618,29.922422,25.589903,27.70268,31.953836,28.341719,25.13426,29.969336,32.448875,34.87565,33.37399,29.77896,35.47995,36.03937,32.483868,29.52085,27.00575,26.674187,31.994114,32.9113,27.236822,30.923498,30.573572,34.828243,33.74847,30.296406,31.20296,30.039753,25.800226,25.919437,26.306355,24.92474,21.19244,20.284134,21.72129,20.546225,17.542742,20.210102,17.55707,21.392378,19.93253,21.932987,20.411243,18.395136,18.635344,14.648187,15.979699,11.945872,11.373488,11.7428055,12.503879,13.129744,16.644852,16.425703,15.911936,19.260345,21.78421,22.495413,21.968788,26.832285,28.2637,30.999231,28.073107,25.212467,29.426113,31.380568,27.529568,25.217686,22.221447,18.564062,16.14071,12.862066,10.4147625
4,12.336783,9.113641,7.030762,3.8973293,0.0,5.277799,5.51237,10.778853,13.101142,16.50743,20.023285,23.092163,25.361643,25.48165,19.82651,18.934452,16.05033,14.491799,12.464188,10.192878,12.122961,10.703761,15.783317,14.804047,14.0137825,16.302494,15.732064,19.602375,20.424181,24.616865,23.52341,30.417624,30.310555,33.4304,29.62826,25.849596,28.754917,31.6823,27.038054,24.637712,29.72466,29.233786,24.733059,26.282085,30.833918,28.011555,24.2023,28.739151,31.722885,33.877487,32.88024,29.597427,35.410686,35.88265,32.806065,30.248072,27.231846,27.416927,32.750698,32.904945,27.185059,31.300783,30.974098,35.24347,33.65317,29.945957,31.157114,29.621653,25.39128,26.376282,26.51776,24.547007,21.070847,21.119122,22.295387,21.967974,18.815554,20.919464,18.921593,22.031225,20.465683,22.495203,20.149809,18.168049,18.192863,14.98166,15.469702,12.249394,10.490321,10.893072,10.413774,10.017963,13.847817,14.468036,13.40774,16.221653,19.070103,20.00687,19.168303,23.875479,25.076447,28.144814,25.5771,22.266083,26.231573,27.997705,24.10906,21.948822,18.612656,15.257612,12.6958275,9.305069,7.1420817
5,14.071,12.122918,8.172307,6.724187,5.277799,0.0,5.77391,7.725921,11.033874,13.557817,17.113455,20.133677,21.929897,21.850506,15.648574,15.583856,12.079829,11.842985,8.623327,9.226485,11.494733,10.932098,15.924231,16.173735,16.525097,18.667698,17.544882,21.777142,21.954432,26.569271,24.236488,31.21424,30.360811,33.041553,28.88363,24.957472,27.417068,30.044226,25.170034,22.666288,27.361986,26.586666,21.994162,23.13828,27.62471,24.497324,20.121243,24.767357,27.64124,30.13567,29.484917,25.454147,31.516872,32.425964,29.406637,27.274672,24.38306,25.135145,30.27991,30.218668,25.27711,29.739143,30.066248,34.041126,32.01184,28.620653,30.673302,29.507639,24.733831,25.779516,26.903963,25.096678,20.84537,21.509077,21.46769,21.564272,17.886017,18.996418,16.504095,18.7597,16.524668,18.01233,15.55078,14.230367,15.303434,11.96818,14.0884695,12.51165,11.960804,13.941365,13.350973,11.980084,16.131516,16.800852,13.932455,17.130367,20.265846,20.406176,18.867693,24.108406,24.683489,27.49668,24.313816,20.695305,24.525297,26.37444,22.21846,20.142326,17.09218,14.262298,11.061187,9.327403,5.2791424
6,17.667042,14.590696,11.959947,8.812923,5.51237,5.77391,0.0,6.2830157,7.7077637,11.43618,14.758725,17.875872,20.267414,20.61226,15.429543,14.389089,12.328492,10.794275,10.867434,9.069659,12.899561,12.991355,18.048584,16.032814,15.438664,16.826283,14.547547,18.222715,17.799797,22.172606,19.715471,26.879517,25.903912,29.184942,25.646744,21.535557,24.02215,27.354034,22.934427,20.13008,25.0466,25.398962,20.814032,21.76385,26.53552,24.683937,20.455656,24.540815,28.004478,29.744398,29.23549,26.579456,32.320477,32.587772,30.163841,28.168152,24.56036,25.430025,30.634907,29.798244,24.207748,28.814735,28.66774,32.806908,30.531116,26.652105,28.430973,26.624142,22.304195,24.337261,24.524609,21.982424,18.61033,20.089256,20.48718,21.41486,18.108988,19.181692,18.25052,20.191332,18.76131,21.009172,17.672005,15.549796,15.075853,13.256254,12.548166,11.194977,8.723379,10.278957,8.452616,6.264021,10.4688,11.7318125,8.880327,11.572752,14.766767,15.364643,14.013775,18.904932,19.804382,22.869953,20.314093,16.767735,20.741154,22.600874,18.832712,16.50688,13.696411,9.798496,7.60398,4.1536403,3.4081042
7,21.641285,19.365602,15.464168,13.684033,10.778853,7.725921,6.2830157,0.0,4.593331,5.9381366,9.815259,12.571204,14.9856825,15.715096,9.76002,10.759025,8.966692,9.821852,10.323604,11.8202915,15.953287,16.806719,21.590183,20.408407,20.586859,21.706852,18.744131,22.34395,20.904568,25.398386,21.254969,28.37965,26.053806,29.064129,25.56862,21.15801,22.633358,26.013645,21.689955,18.435564,22.531881,23.427496,18.775412,18.432926,23.329166,22.069386,16.614532,20.261929,24.112299,25.916773,26.410467,23.290882,29.244446,29.935036,28.11427,27.041424,23.305023,25.207376,29.988588,28.282902,23.799671,28.941608,29.533154,33.22094,30.121738,26.537674,29.438278,27.832365,23.134777,25.77022,26.811646,24.187538,20.410704,22.990946,21.993454,23.783152,20.130377,19.746405,18.891201,19.17206,17.080545,18.564102,14.43452,13.38236,13.910168,13.184664,13.497086,14.628411,13.132876,15.684384,13.57612,10.286114,13.977874,15.743713,10.861366,12.852196,16.344645,16.06686,13.463672,18.524214,18.18225,21.180765,18.29261,13.772611,17.074099,18.784433,14.553957,12.605903,9.845862,7.7232814,4.15828,5.695282,3.8960927
8,24.743698,22.022402,18.848297,15.980952,13.101142,11.033874,7.7077637,4.593331,0.0,4.78275,7.1653905,10.54217,12.755401,13.378193,9.315135,8.298056,8.35065,8.00642,11.303528,11.616255,16.32251,17.869484,22.320875,20.000397,20.050705,20.466278,16.64728,19.72992,17.555292,21.90024,17.10202,24.146378,21.517061,24.61846,21.402548,16.8989,18.274225,21.979273,17.977896,14.5436,18.738457,20.35901,15.832638,15.405942,20.401018,20.117712,15.196777,18.301394,22.423,23.573193,24.010885,22.168684,27.65346,27.774845,26.439154,25.527046,21.323248,23.3702,28.01902,25.696388,20.956299,26.167795,26.580763,30.216366,26.865862,23.070902,25.995398,24.111269,19.671272,23.03307,23.745409,20.764004,17.488432,20.896664,19.734964,22.307749,18.993898,18.208635,18.635096,18.434555,17.166647,19.307158,14.816402,13.016534,12.170912,12.982499,11.298487,13.520864,11.69688,14.477297,12.151125,8.879237,11.579261,13.136262,7.5069213,9.352947,12.54148,11.772089,9.026074,14.279243,14.141279,16.801449,13.807802,9.667168,13.660337,15.856175,12.289464,9.551933,8.861553,4.243317,4.1336083,5.6048474,7.1755786
9,27.559525,25.260546,21.389381,19.45277,16.50743,13.557817,11.43618,5.9381366,4.78275,0.0,4.252574,6.6392283,9.489018,11.054778,6.434465,8.592025,9.234396,10.988572,13.639664,15.627537,20.089146,21.63803,26.046333,24.373158,24.66694,25.157587,21.32083,24.310884,21.805983,25.982712,20.49578,27.223911,23.658363,26.595968,23.685133,19.16268,19.521461,23.244728,19.607635,15.9587145,19.047804,21.292442,16.974197,15.163843,20.08342,20.50642,14.584026,16.914984,21.400415,22.531328,24.032377,21.804567,27.34342,27.867266,27.101124,26.957182,22.841862,25.56752,29.777988,26.855827,23.168444,28.57503,29.473644,32.719593,28.855024,25.390297,28.980013,27.244148,22.77478,26.3735,27.533928,24.58034,21.256794,25.00527,23.201576,26.038378,22.594965,21.108227,21.33998,20.159187,18.36713,19.671812,14.863585,14.247719,14.387808,15.637262,14.993208,17.901587,16.440128,19.232649,16.745827,13.0923395,15.609517,17.626772,11.931344,12.666679,15.801117,14.817351,11.415434,15.873758,14.459717,17.175928,14.41343,9.250618,11.760086,13.474087,9.337261,7.4704514,6.674074,6.128417,5.125383,9.076839,9.604951
10,31.167078,28.796833,25.152628,22.780205,20.023285,17.113455,14.758725,9.815259,7.1653905,4.252574,0.0,3.8880424,5.777233,7.518462,6.0403056,7.182114,9.776028,11.477579,15.408528,17.369116,21.849491,23.914759,27.9017,25.881847,26.361393,26.388271,22.11516,24.671106,21.578773,25.496632,19.243599,25.401524,21.169228,23.748888,21.125456,16.72449,16.31702,20.036776,16.924091,13.194998,15.483148,18.546324,14.654431,11.970867,16.761652,18.402132,12.774487,14.017996,18.78742,19.293077,21.234726,20.011955,25.00372,25.225685,25.172005,25.576168,21.260384,24.410019,28.143976,24.461256,21.336075,26.759975,27.845444,30.724262,26.433834,23.138474,27.135857,25.430317,21.195047,25.297197,26.597841,23.599733,20.604942,25.020994,22.658335,26.152802,22.991404,20.800547,21.902395,19.844986,18.570904,19.991936,15.053043,14.408445,13.975749,16.546501,15.179919,19.161499,18.017384,21.039825,18.705215,15.385248,17.06656,18.681332,12.873851,13.300802,15.704218,13.952079,10.464603,14.410115,12.567378,14.3734255,11.251861,6.506145,8.8666115,11.120653,8.003306,5.6952133,8.500295,7.583755,8.770572,12.256374,13.460696
11,34.164284,31.893282,27.9929,26.034386,23.092163,20.133677,17.875872,12.571204,10.54217,6.6392283,3.8880424,0.0,4.732651,8.106782,7.857248,10.57649,13.183076,15.315781,18.918982,21.187857,25.645458,27.618765,31.676817,29.74682,30.151037,30.167704,25.811544,28.170147,24.86122,28.499718,22.00367,27.814827,22.97341,25.59756,23.568872,19.315092,18.151806,21.975615,19.515154,15.834223,17.078772,20.881172,17.445734,13.914863,18.233109,20.750368,14.957318,15.131094,20.024641,20.188765,22.997936,21.928513,26.62334,26.976513,27.498335,28.41397,24.186134,27.622646,31.008104,26.878414,24.401125,29.782465,31.010212,33.627136,29.05621,25.954657,30.155113,28.39834,24.422562,28.752153,30.02929,26.930233,24.216225,28.793753,26.315453,29.940243,26.805223,24.425402,25.514942,23.104351,21.67147,22.633345,17.732182,17.674383,17.565117,20.210188,19.032505,23.030586,21.720663,24.550669,21.944407,18.335033,19.808495,21.84402,16.182217,15.773196,18.074203,16.49598,12.8945,15.691706,12.925623,14.786735,12.606646,7.6668053,7.46525,8.84095,5.801557,5.2597885,8.427767,10.056573,11.025568,15.02505,16.20516
12,35.93546,33.864754,30.021574,27.845062,25.361643,21.929897,20.267414,14.9856825,12.755401,9.489018,5.777233,4.732651,0.0,3.8030434,7.2624135,9.237094,12.501763,15.035968,18.798164,21.65652,25.768095,28.164785,31.676456,30.054258,30.959074,30.806894,26.479097,28.836657,25.449287,29.121973,22.326763,27.50601,22.560175,24.22175,21.877024,18.041252,16.385456,19.333551,17.026192,13.73002,13.918608,17.4729,14.57469,10.32021,14.115645,17.10458,11.608681,10.744176,15.6343,15.609099,18.83586,18.081978,22.346321,22.742167,23.716257,25.189201,21.139736,24.964123,27.7778,23.279236,21.815752,27.082787,28.765242,30.912912,26.103758,23.520576,28.22921,26.940687,22.911596,27.075005,28.991848,26.306734,23.371664,28.128012,24.92864,28.823193,25.84169,22.758692,24.172117,20.884941,19.722878,20.503853,15.81692,16.082165,16.076092,19.439562,18.611738,23.40368,22.920269,26.207527,24.138927,21.040947,22.438301,23.731634,18.010622,18.373655,20.190128,17.887888,14.656941,17.605145,15.1470785,15.597408,12.378914,9.352675,9.638102,11.569222,9.9936285,8.982004,12.999311,13.208241,14.40122,18.007238,18.809872
13,35.57063,33.617172,29.976606,27.53103,25.48165,21.850506,20.61226,15.715096,13.378193,11.054778,7.518462,8.106782,3.8030434,0.0,7.2057176,7.4287324,10.936779,13.471283,17.278389,20.363283,24.111624,26.795525,29.834745,28.44271,29.726515,29.487938,25.325708,27.761938,24.52442,28.31262,21.605598,26.460497,21.89934,22.835993,19.900173,16.382347,14.882339,16.962772,14.328006,11.438322,11.401278,14.051749,11.3160925,6.9226937,10.640606,13.34584,8.162744,7.079137,12.005804,12.16012,15.109053,14.43082,18.624727,19.000875,19.922743,21.522097,17.572573,21.545715,24.126394,19.634993,18.616417,23.807205,25.769281,27.716427,22.918245,20.648537,25.60253,24.726875,20.52859,24.34223,26.760885,24.489016,21.249266,25.944313,22.300394,26.256292,23.39905,19.912432,21.53253,17.771801,16.924212,17.806166,13.366531,13.584304,13.53508,17.32786,16.776825,21.99005,22.195423,25.790398,24.24511,21.666687,23.097502,23.7257,18.108463,19.282795,20.827448,18.11135,15.31245,18.736208,16.925503,16.653679,12.497793,10.880653,12.336566,14.742976,13.386372,11.722015,15.770268,14.635541,15.884273,18.944994,19.467882
14,29.369095,27.715433,23.591358,21.909042,19.82651,15.648574,15.429543,9.76002,9.315135,6.434465,6.0403056,7.857248,7.2624135,7.2057176,0.0,6.3200407,6.839113,10.741035,12.559631,16.585196,20.313667,22.35614,26.02809,25.447193,26.650772,27.173708,23.62469,26.895397,24.469093,28.858927,23.018185,29.122908,25.441568,27.195698,23.644848,19.569952,19.479357,21.971722,18.111084,14.957401,17.051424,18.172865,14.167982,11.814954,16.186682,15.949055,9.310579,11.655919,15.839646,17.59859,19.47063,16.235353,21.913435,23.039686,22.377834,22.894361,19.23837,22.562288,26.175314,23.176811,20.93595,26.314178,28.0144,30.70079,26.618238,23.919535,28.281637,27.324944,22.47516,25.515144,27.86001,25.604841,21.552933,25.306486,22.365519,25.303707,21.77146,19.237873,19.207798,16.669287,14.508264,14.996632,10.156567,10.8617115,12.3187065,14.0889435,15.169268,19.181494,19.213179,22.742027,21.101097,18.155737,20.743969,21.831528,16.03158,17.806173,20.42098,18.54574,15.426536,20.037457,18.534092,19.934313,16.040436,12.305127,14.544501,16.543634,13.167598,11.566153,12.585006,11.904684,11.09856,14.368015,13.563853
15,28.919039,26.794222,23.63005,20.638794,18.934452,15.583856,14.389089,10.759025,8.298056,8.592025,7.182114,10.57649,9.237094,7.4287324,6.3200407,0.0,4.4704742,6.0477514,10.475871,12.940895,16.780878,19.469374,22.622936,21.103579,22.412497,22.393536,18.56809,21.567915,19.0339,23.411644,17.650642,23.48441,20.42165,21.799223,17.756466,13.791478,14.4342785,16.633947,12.277,9.242291,12.521087,13.059375,8.605912,7.7661514,12.586481,12.097295,7.1658998,10.30704,14.1904745,15.470472,15.874529,14.189817,19.440607,19.63398,18.684412,18.583866,14.343318,17.378143,21.289778,18.316013,15.031744,20.467413,21.882772,24.768383,20.844477,17.838587,22.007856,21.056194,16.157059,19.339153,21.613518,19.447474,15.420707,19.53388,16.43531,19.86926,16.690153,13.938426,15.213176,12.748657,11.964383,14.065938,9.402479,7.836857,7.0385933,10.41078,9.713119,14.658188,15.152109,18.961164,17.925316,15.952488,17.864677,17.881062,12.41379,15.058598,16.895452,14.411788,12.105182,17.111664,16.718815,17.22135,12.455819,10.675271,14.608011,17.487047,15.04632,12.215922,14.685473,11.061353,11.945039,13.659639,13.927937
16,25.040577,23.275589,19.910816,17.312534,16.05033,12.079829,12.328492,8.966692,8.35065,9.234396,9.776028,13.183076,12.501763,10.936779,6.839113,4.4704742,0.0,4.6930323,6.368602,10.328936,13.731381,16.124647,19.43135,18.923592,20.517433,21.114601,18.086699,21.765242,20.097178,24.81299,19.978361,26.146326,23.868866,25.286942,20.81542,17.005775,18.351877,20.169237,15.337752,12.82212,16.483593,15.626511,11.078835,11.43211,15.760412,13.260146,8.229412,12.754927,15.83255,18.07728,17.90302,14.493166,20.410093,21.184692,19.186033,18.401232,14.777992,17.232311,21.600252,19.870354,16.375078,21.569132,22.986212,26.124544,22.841896,19.980682,23.72662,23.06744,17.852848,19.934822,22.485998,20.749805,16.027985,19.045893,16.280354,18.703623,15.04133,12.913781,12.614649,11.016212,9.20415,11.148956,6.5831723,5.0205135,6.2542977,7.2930284,9.097524,12.9512615,14.000077,17.905859,17.273563,15.516853,18.268433,18.189837,13.042415,16.437298,18.746866,16.800253,14.679595,20.133099,20.012352,21.095148,16.518034,14.1733265,18.138744,20.764784,17.596272,14.971185,15.761699,12.245477,11.622769,12.78746,11.660723
17,24.05245,21.73289,19.302374,15.60308,14.491799,11.842985,10.794275,9.821852,8.00642,10.988572,11.477579,15.315781,15.035968,13.471283,10.741035,6.0477514,4.6930323,0.0,6.3174167,6.958467,10.920754,13.655379,16.883144,15.121756,16.483706,16.72557,13.456746,17.090145,15.589494,20.371572,16.117418,22.36974,20.926306,22.504164,17.89016,14.146941,16.461065,18.394981,13.400517,11.1377735,15.891296,14.889809,10.295998,12.151092,16.427519,14.008189,10.906021,15.184271,18.023796,19.71953,18.559952,16.528118,21.840225,21.840906,19.571905,17.957838,13.997063,15.583497,20.459242,19.110813,14.14029,19.16973,19.90761,23.522812,20.696253,17.318756,20.318245,19.376497,14.230222,16.342672,18.297953,16.427298,11.755203,14.77815,12.614863,15.14689,11.682304,10.290234,11.0175,10.767522,10.3596115,13.532223,9.889272,6.52913,4.475565,5.78681,4.5899982,8.733555,9.8373995,13.869674,13.68657,12.812205,15.082777,14.22463,9.714461,13.819746,15.645993,13.731719,12.471175,18.02148,18.831322,19.7481,15.22741,13.854002,18.595476,21.488379,18.729221,15.597804,16.641098,11.506841,11.866906,11.530886,11.476926
18,19.46745,18.01305,15.139785,12.4660635,12.464188,8.623327,10.867434,10.323604,11.303528,13.639664,15.408528,18.918982,18.798164,17.278389,12.559631,10.475871,6.368602,6.3174167,0.0,6.313539,8.27173,10.231122,13.577868,14.309867,16.295576,17.664425,16.078728,20.391758,20.111322,24.981459,21.802156,28.020626,27.116653,28.522293,23.614008,20.214006,22.602657,23.983192,18.792746,17.009308,21.349724,19.125954,14.815744,16.773378,20.565804,16.34046,13.006619,18.087416,20.110703,22.86423,21.506975,17.357443,23.225395,24.127821,20.835863,18.718,16.012205,16.980307,21.927519,22.038687,17.78133,22.217197,23.22166,26.770498,24.648111,21.857874,24.56124,24.198368,18.96943,19.474339,21.985678,20.92446,15.7456665,16.866909,15.114536,15.7978115,11.814919,11.430538,8.953913,10.177595,8.095494,10.432428,8.179975,5.9919324,7.7066,3.8478165,8.698147,9.775975,11.887037,15.557468,15.993036,15.354412,18.61971,17.893774,14.156636,18.399855,20.736023,19.425838,18.082823,23.73311,24.37727,25.782225,21.377254,19.244055,23.593788,26.15687,22.678684,20.007093,19.487509,15.445061,13.929785,13.31943,10.962228
19,18.28915,15.768115,14.543637,10.017158,10.192878,9.226485,9.069659,11.8202915,11.616255,15.627537,17.369116,21.187857,21.65652,20.363283,16.585196,12.940895,10.328936,6.958467,6.313539,0.0,4.830753,7.0381947,10.847135,9.015344,10.339751,11.5384445,10.053604,14.512309,14.953813,19.730148,17.901112,24.114517,24.349209,26.163946,21.47233,18.28482,21.587967,23.29622,18.323013,16.790485,21.951445,20.084007,15.948954,18.799206,22.656683,19.09829,17.03557,21.724323,23.914299,25.948008,23.913782,21.425856,26.618385,26.631603,23.337427,20.468365,17.422344,17.300709,22.661173,23.075827,17.253569,21.20157,21.12755,25.2673,23.811554,20.417707,21.856052,20.985521,16.276573,16.682686,17.89961,16.627007,12.010347,12.371986,12.38566,12.636191,9.124488,10.769101,9.758491,12.835262,12.551864,15.833899,13.822594,10.495157,9.199335,6.177038,6.12841,3.7800922,6.087222,9.634274,10.964152,11.814225,14.469226,12.810973,10.780779,15.437072,17.203848,16.403389,16.139954,21.480623,23.11738,24.551685,20.63506,19.25623,24.136145,26.828876,23.757414,20.704733,20.245323,14.86096,14.315567,11.893548,11.08969
20,16.61085,14.7142105,14.467955,10.285284,12.122961,11.494733,12.899561,15.953287,16.32251,20.089146,21.849491,25.645458,25.768095,24.111624,20.313667,16.780878,13.731381,10.920754,8.27173,4.830753,0.0,3.5365176,6.0880246,6.4111414,9.043943,10.921858,11.545161,15.920149,17.470827,21.934767,21.215445,26.741312,27.784857,29.057056,24.056747,21.512506,25.055208,25.987158,20.96803,20.137297,25.111744,22.102182,18.46196,21.947708,25.209295,20.545416,19.487595,24.401485,25.785948,28.185314,25.465063,22.516981,27.412588,27.57506,23.54834,19.998657,17.953922,16.830826,22.101551,23.855076,18.301275,21.337597,21.21486,25.263538,24.713137,21.84849,22.697315,22.457718,17.978466,16.77065,18.390574,18.181854,13.467986,11.845859,12.390607,10.743523,7.4845376,10.547156,7.997576,12.739425,12.728885,15.846862,15.332449,12.290167,11.646246,7.4453535,9.330165,5.7587805,9.379171,11.938448,14.323106,15.950876,18.462511,16.297573,15.318942,19.972906,21.469177,20.71006,20.78397,26.000864,27.823381,29.02851,24.959324,23.955307,28.857813,31.593637,28.492184,25.466211,24.883793,19.667183,18.82871,16.277441,14.823558
21,13.263068,11.462146,11.873378,7.9553204,10.703761,10.932098,12.991355,16.806719,17.869484,21.63803,23.914759,27.618765,28.164785,26.795525,22.35614,19.469374,16.124647,13.655379,10.231122,7.0381947,3.5365176,0.0,5.171991,6.8534417,8.760279,11.477062,13.065501,17.365667,19.425276,23.710112,23.588562,29.256308,30.488432,32.071785,27.234512,24.597363,28.181433,29.361683,24.374353,23.37465,28.430208,25.60722,21.875065,25.151337,28.578156,23.889841,22.438555,27.447882,28.928482,31.465748,28.884726,25.569883,30.622158,30.959011,26.8215,23.217632,21.39667,20.167433,25.363592,27.346783,21.81397,24.69728,24.409435,28.496521,28.158493,25.26223,25.828829,25.467476,21.199308,19.893238,21.088264,20.842417,16.511162,14.383059,15.64082,13.430641,10.642481,14.014443,10.98495,15.87561,15.406334,18.03943,17.720058,15.087803,14.912654,10.424139,12.475422,8.093038,10.61183,12.217565,14.679426,16.45265,19.207348,17.322218,16.907782,21.324831,23.032967,22.758423,22.811258,27.95287,29.794506,31.408302,27.619007,26.16912,30.96428,33.516212,30.158937,27.296223,25.965624,21.09643,19.737593,16.822594,14.934469
22,15.754511,14.731293,16.04771,12.730984,15.783317,15.924231,18.048584,21.590183,22.320875,26.046333,27.9017,31.676817,31.676456,29.834745,26.02809,22.622936,19.43135,16.883144,13.577868,10.847135,6.0880246,5.171991,0.0,6.651052,9.687152,12.026157,14.845772,18.627893,21.271444,25.158466,25.77078,30.544416,32.494774,33.379562,28.306726,26.398815,30.169106,30.511934,25.650713,25.397465,30.208632,26.40794,23.331009,27.243095,29.978535,24.602852,24.459442,29.39769,30.095406,32.706192,29.389484,26.251713,30.632608,30.857712,26.250725,22.108288,21.21363,19.036043,23.828154,26.952911,21.767715,23.598366,23.218533,27.044903,27.610867,25.298594,25.272274,25.557089,21.681732,19.006163,20.567085,21.367893,17.173883,13.665757,15.150597,11.509287,9.823055,13.805142,10.570988,16.063238,16.362648,18.983328,19.80487,17.196127,16.905958,12.624851,14.861092,10.804642,14.235332,15.631084,18.717451,21.018484,23.300138,20.773666,20.875278,25.427618,26.661768,26.106695,26.548916,31.559746,33.640884,34.736702,30.69877,29.984549,34.921543,37.663723,34.54299,31.53586,30.730696,25.592909,24.571363,21.742445,20.006033
23,18.497147,15.986639,17.648851,12.834203,14.804047,16.173735,16.032814,20.408407,20.000397,24.373158,25.881847,29.74682,30.054258,28.44271,25.447193,21.103579,18.923592,15.121756,14.309867,9.015344,6.4111414,6.8534417,6.651052,0.0,3.770309,5.4395456,8.532228,12.052661,15.066191,18.693697,20.081333,24.688385,27.165882,28.432663,23.827648,22.01418,26.127836,26.943918,22.495153,22.206682,27.357058,24.482,21.426208,25.442213,28.416256,24.285301,24.289188,28.809034,30.118284,31.962175,28.674486,27.05918,31.199427,30.646494,26.708517,22.698294,20.744158,18.626335,23.676826,25.85906,19.537556,21.473352,20.228436,24.526907,24.984472,21.980913,21.239775,20.791634,17.477522,15.5632715,15.6438,15.876479,12.607331,8.9972105,12.127621,9.3454895,8.362543,12.866528,12.173878,17.084871,18.155388,21.62458,21.150072,17.690725,15.767283,12.877371,11.914408,6.787076,9.559657,10.310085,13.9124775,17.048935,18.377937,15.209004,16.516085,20.831062,21.427177,21.08983,22.225142,26.682123,29.292892,30.243626,26.691042,26.579123,31.657036,34.45653,31.838413,28.628372,28.317575,22.48512,22.447462,19.077232,18.792683
24,18.389679,15.272135,17.497946,12.44425,14.0137825,16.525097,15.438664,20.586859,20.050705,24.66694,26.361393,30.151037,30.959074,29.726515,26.650772,22.412497,20.517433,16.483706,16.295576,10.339751,9.043943,8.760279,9.687152,3.770309,0.0,3.3263729,7.24527,10.297067,13.801878,17.0507,19.260979,23.978306,26.708319,28.542671,24.444813,22.492664,26.679407,28.056404,23.881384,23.308586,28.627037,26.517172,23.331032,27.069462,30.344086,26.873539,26.46734,30.844534,32.58662,34.175343,31.147131,29.881466,34.113388,33.388985,29.756994,25.908396,23.567575,21.661581,26.725372,28.437521,21.760403,23.814627,22.171333,26.605116,26.96282,23.594301,22.489151,21.459091,18.6221,17.436527,16.401123,16.002375,13.719578,10.567378,14.409543,12.279073,11.553701,15.803029,15.571607,20.202108,21.129766,24.62154,23.62382,20.09705,17.890625,15.34799,13.354029,7.7977858,8.682003,7.9128947,11.773439,15.460536,16.348066,13.149025,15.616123,19.458214,19.890614,20.135479,21.562181,25.59608,28.452654,29.704603,26.703611,26.465496,31.460344,34.106655,31.568483,28.420547,27.799435,21.958502,22.082678,18.24974,18.544058
25,21.6743,18.44525,20.472298,15.257212,16.302494,18.667698,16.826283,21.706852,20.466278,25.157587,26.388271,30.167704,30.806894,29.487938,27.173708,22.393536,21.114601,16.72557,17.664425,11.5384445,10.921858,11.477062,12.026157,5.4395456,3.3263729,0.0,5.1727614,7.3384466,11.216175,14.101183,16.89931,21.058737,24.255398,25.948841,22.070356,20.496696,24.806555,26.070272,22.270376,21.975449,27.201519,25.276552,22.43504,26.317268,29.369144,26.382614,26.493649,30.525927,32.252907,33.45991,30.278488,29.837397,33.659428,32.54029,29.197802,25.40691,22.8783,20.868044,25.747017,27.2074,20.313124,22.068043,20.031414,24.493034,24.979937,21.522377,19.92958,18.711388,16.41914,15.379649,13.604863,13.170683,11.724101,8.556196,12.992014,11.39616,11.416112,15.41859,16.29882,20.484228,21.923155,25.678102,24.479988,20.7153,17.857307,16.205181,13.011514,8.200207,8.862941,8.021009,11.868894,15.792187,15.887679,12.135755,15.155678,18.792068,18.614655,18.703094,20.60171,24.212488,27.349129,28.198639,25.337378,25.772383,30.796486,33.54068,31.421268,28.15574,28.160362,22.005362,22.798006,19.06066,20.032787
26,23.817665,20.333696,21.225285,15.846136,15.732064,17.544882,14.547547,18.744131,16.64728,21.32083,22.11516,25.811544,26.479097,25.325708,23.62469,18.56809,18.086699,13.456746,16.078728,10.053604,11.545161,13.065501,14.845772,8.532228,7.24527,5.1727614,0.0,4.523935,6.7057514,10.653958,12.018607,17.025644,19.481823,21.57726,17.874617,15.817546,20.041918,21.870647,18.212952,17.53314,22.81773,21.807438,18.804073,22.274008,25.566751,23.56785,23.305017,26.921064,29.122705,29.921764,27.211586,27.369917,31.227203,29.916353,27.228537,24.025341,20.709301,19.523212,24.444414,24.700233,17.614552,20.198582,18.324347,22.843567,22.354107,18.399035,17.486197,15.605218,12.987945,13.712915,11.73409,9.851698,8.504403,8.09802,11.400176,11.946126,11.298354,14.018485,15.987335,19.042707,20.497288,24.394196,22.346601,18.455465,14.987267,14.586654,9.737152,6.502147,5.85773,6.0554967,8.955459,12.451334,12.037297,8.024508,10.659203,14.2262945,13.809175,13.596692,15.612501,19.159418,22.30659,23.029194,20.24148,20.884754,25.887224,28.675905,26.857197,23.526161,24.130379,17.753777,19.263601,15.864143,17.69139
27,27.640398,23.999954,25.274197,19.905964,19.602375,21.777142,18.222715,22.34395,19.72992,24.310884,24.671106,28.170147,28.836657,27.761938,26.895397,21.567915,21.765242,17.090145,20.391758,14.512309,15.920149,17.365667,18.627893,12.052661,10.297067,7.3384466,4.523935,0.0,4.622102,6.7752385,10.54426,14.160934,17.784018,19.91754,17.07238,15.795695,20.046259,21.848942,19.108944,18.818905,23.746275,23.255966,20.875065,24.300995,27.239023,26.023993,26.327158,29.414171,31.603329,31.872137,29.054276,30.240091,33.5203,31.718174,29.446907,26.34372,22.99598,21.633347,26.082174,26.076784,18.959063,20.842916,18.293167,22.655144,22.506834,18.522722,16.559639,14.15433,13.125647,14.193533,10.574515,8.351935,9.733496,9.515539,13.284304,14.175015,14.556736,16.997087,19.741835,22.44897,24.312494,28.30999,26.182226,22.232422,18.355238,18.686102,13.242643,10.9511385,9.866593,8.965838,11.2643585,14.883184,13.174848,8.922598,12.866776,15.342246,13.826227,13.826577,16.669022,18.99991,22.630964,22.893112,20.788414,22.319687,27.1012,29.842272,28.64778,25.336588,26.452467,20.06917,22.25068,18.905111,21.399328
28,29.956678,26.277056,26.710436,21.4427,20.424181,21.954432,17.799797,20.904568,17.555292,21.805983,21.578773,24.86122,25.449287,24.52442,24.469093,19.0339,20.097178,15.589494,20.111322,14.953813,17.470827,19.425276,21.271444,15.066191,13.801878,11.216175,6.7057514,4.622102,0.0,4.878335,5.9478197,10.665826,13.37458,15.981816,13.509031,11.82722,15.874919,18.26422,15.939146,15.338384,20.068327,20.605171,18.290949,21.158813,24.16031,24.021666,24.087101,26.598768,29.142633,28.96372,26.639029,28.452541,31.610065,29.637045,28.054539,25.58428,21.695717,21.121742,25.370815,24.243288,17.301254,19.819765,17.568657,21.732792,20.616203,16.301023,15.142323,12.080386,11.004408,13.923084,10.528204,6.786124,8.796284,11.145241,13.334269,15.745189,15.656766,16.870802,20.29374,21.9285,23.767485,27.724243,25.003525,21.143177,16.952833,18.42864,12.197837,11.866906,10.284416,10.381893,11.2526,13.812445,11.571023,7.7436986,10.578202,12.443093,10.355785,9.767615,12.906061,14.817095,18.48451,18.389196,16.439245,18.471922,23.102879,25.88227,25.135208,21.817135,23.70628,17.354927,20.265965,17.556086,20.647741
29,33.834896,30.030107,30.904787,25.628187,24.616865,26.569271,22.172606,25.398386,21.90024,25.982712,25.496632,28.499718,29.121973,28.31262,28.858927,23.411644,24.81299,20.371572,24.981459,19.730148,21.934767,23.710112,25.158466,18.693697,17.0507,14.101183,10.653958,6.7752385,4.878335,0.0,7.2386985,8.535259,12.985959,15.561424,14.558591,14.039434,17.6904,19.89276,18.720966,18.567385,22.640728,23.615759,21.975035,24.718634,27.273712,27.75817,28.31664,30.373074,32.821987,32.192017,29.789333,32.41835,35.022526,32.645885,31.41452,29.009071,25.269857,24.457895,28.19408,26.970951,20.290297,21.948751,19.132738,22.908484,22.258461,18.19551,15.929606,12.5133705,13.465821,16.23825,11.674787,8.338742,12.424037,14.185788,16.777126,19.014668,19.662092,20.935566,24.66542,26.251686,28.358788,32.35719,29.691942,25.832815,21.52074,23.19788,16.950953,16.491922,14.826097,14.085022,14.861004,17.535852,14.498111,11.0549135,14.718643,15.4627,12.536649,12.41225,15.9950695,16.31868,20.302084,19.727856,18.777697,21.537874,25.703045,28.301521,28.180157,25.02355,27.19151,21.119616,24.354237,21.64507,25.065605
30,34.1892,30.562113,30.167477,25.17503,23.52341,24.236488,19.715471,21.254969,17.10202,20.49578,19.243599,22.00367,22.326763,21.605598,23.018185,17.650642,19.978361,16.117418,21.802156,17.901112,21.215445,23.588562,25.77078,20.081333,19.260979,16.89931,12.018607,10.54426,5.9478197,7.2386985,0.0,7.256802,7.6631994,11.12241,9.797355,7.755016,10.997614,14.288022,13.132896,12.223713,16.116364,18.347927,16.505278,18.339725,21.140242,22.729689,22.672514,24.114452,27.017302,26.078798,24.489054,27.348816,30.072083,27.815289,27.306255,25.780306,21.429169,21.84936,25.497915,22.89921,16.731522,19.721735,17.95271,21.481308,19.17308,14.769565,14.746245,11.151774,10.56485,15.403304,12.665374,8.39914,10.786702,15.070741,15.489404,19.210068,18.838163,18.594992,22.657372,22.885983,24.70629,28.459133,25.151268,21.611204,17.28648,20.162077,13.7091465,15.566893,13.92479,14.837824,14.3931055,15.400181,12.807414,10.486576,11.066235,11.502743,8.645495,6.721595,10.067112,10.615942,14.2046175,13.096413,11.580221,14.872942,18.99506,21.795008,21.958864,18.752832,21.961565,16.092316,19.918333,18.347874,21.94485
31,40.46397,36.85218,36.899982,31.741938,30.417624,31.21424,26.879517,28.37965,24.146378,27.223911,25.401524,27.814827,27.50601,26.460497,29.122908,23.48441,26.146326,22.36974,28.020626,24.114517,26.741312,29.256308,30.544416,24.688385,23.978306,21.058737,17.025644,14.160934,10.665826,8.535259,7.256802,0.0,6.502556,7.7105584,9.125898,10.489614,12.711069,14.303008,15.377909,15.985042,18.233232,20.356426,20.132504,22.155085,23.576918,25.87133,27.320831,27.943487,30.154982,28.471872,26.415115,30.826202,32.21972,29.2076,29.312305,27.961412,24.089472,24.044853,26.552094,23.847252,18.528387,19.809507,17.368935,19.936441,18.324913,14.73171,13.071472,9.307889,12.170517,16.42691,12.755273,9.662947,14.306483,17.906216,18.381435,22.086445,22.867565,22.435118,27.204077,27.134344,29.646355,33.46908,30.596668,27.064783,22.53915,25.799145,19.468182,21.342794,20.378092,20.934086,21.05446,22.497322,19.560606,17.002836,18.316618,18.424456,15.136028,13.469901,16.674479,15.626821,19.024475,16.484884,15.84169,20.546677,23.919794,26.588324,27.6929,24.698805,28.600454,23.063736,27.050991,25.601837,29.164005
32,41.372005,37.846706,36.988243,32.209213,30.310555,30.360811,25.903912,26.053806,21.517061,23.658363,21.169228,22.97341,22.560175,21.89934,25.441568,20.42165,23.868866,20.926306,27.116653,24.349209,27.784857,30.488432,32.494774,27.165882,26.708319,24.255398,19.481823,17.784018,13.37458,12.985959,7.6631994,6.502556,0.0,5.39263,8.118721,7.980391,8.130361,11.4045105,13.173653,12.85081,14.118025,18.190762,17.849106,18.437092,20.036537,23.785433,24.343428,24.139725,26.928259,24.812332,23.93378,28.491749,30.023632,27.215792,28.158533,27.73792,23.400352,24.54628,26.949429,22.92231,18.481697,20.986578,19.640524,21.87045,18.694447,15.064917,15.744122,12.332067,13.418904,18.875101,16.704887,13.202854,16.0637,20.91286,20.126396,24.569986,24.445808,23.034533,27.69056,26.591982,28.619007,32.060833,28.576185,25.527601,21.320246,25.308245,19.244707,22.40192,21.148762,22.394384,21.546926,21.713436,19.072754,17.682873,17.131445,16.441387,13.497214,11.103434,13.367247,11.506426,14.050124,10.614294,10.438348,15.744793,18.370415,20.948172,22.66183,19.948633,24.676344,19.960129,24.283905,23.861769,27.557549
33,43.881786,40.589676,39.770008,34.91762,33.4304,33.041553,29.184942,29.064129,24.61846,26.595968,23.748888,25.59756,24.22175,22.835993,27.195698,21.799223,25.286942,22.504164,28.522293,26.163946,29.057056,32.071785,33.379562,28.432663,28.542671,25.948841,21.57726,19.91754,15.981816,15.561424,11.12241,7.7105584,5.39263,0.0,5.6444936,8.368115,7.95711,8.395266,11.750123,12.930304,12.873768,16.055592,17.086485,18.113997,18.367163,22.250072,24.231762,23.52784,25.443779,22.9453,21.480947,27.087461,27.535877,24.24742,25.607264,25.45486,21.56855,22.572323,24.014427,19.8037,16.401703,17.89898,16.706532,18.024414,14.837058,12.059951,12.731907,10.08576,12.280233,17.236425,15.717094,13.335092,16.25473,20.951006,19.452307,24.06299,24.462467,22.512947,27.614826,25.997484,28.545496,31.939362,28.985527,26.032639,21.80387,26.143488,20.488525,24.116505,23.819023,25.483414,25.234562,25.682322,23.443623,21.524628,20.756367,20.920742,18.257454,15.4725,17.450998,16.45931,18.538712,14.588317,13.310422,19.088915,21.702772,24.44878,26.212708,23.455193,28.557695,23.74829,27.85106,27.573404,30.79668
34,39.49602,36.452248,35.574516,30.754148,29.62826,28.88363,25.646744,25.56862,21.402548,23.685133,21.125456,23.568872,21.877024,19.900173,23.644848,17.756466,20.81542,17.89016,23.614008,21.47233,24.056747,27.234512,28.306726,23.827648,24.444813,22.070356,17.874617,17.07238,13.509031,14.558591,9.797355,9.125898,8.118721,5.6444936,0.0,4.5964403,6.315074,5.568163,6.8897843,8.81109,10.066331,11.457719,12.201889,14.34809,14.834501,17.398197,19.77626,19.823896,21.449375,19.629333,17.369537,22.373568,23.248917,20.17007,20.742752,20.152096,16.180029,17.055395,18.963955,15.186173,10.895743,12.976993,12.084756,14.106864,10.645418,6.9827957,8.761341,6.5138965,6.9595804,12.150519,11.718599,9.674962,11.29949,16.21349,14.06202,18.84714,19.097275,16.914274,22.06737,20.469564,23.182562,26.684258,24.048332,20.94814,16.651949,20.944977,15.584724,19.517254,19.971025,22.195578,22.410341,23.038263,21.527235,19.18668,17.912193,19.285538,17.262455,14.099157,15.811053,16.723522,18.829666,15.634385,12.515422,17.684858,21.256823,24.3839,25.189533,22.071733,26.77184,21.435385,25.06321,24.634779,27.275726
35,36.291107,33.21161,31.953377,27.310291,25.849596,24.957472,21.535557,21.15801,16.8989,19.16268,16.72449,19.315092,18.041252,16.382347,19.569952,13.791478,17.005775,14.146941,20.214006,18.28482,21.512506,24.597363,26.398815,22.01418,22.492664,20.496696,15.817546,15.795695,11.82722,14.039434,7.755016,10.489614,7.980391,8.368115,4.5964403,0.0,4.4065814,6.970183,5.7511854,5.5015574,8.606704,11.038195,10.062592,11.686524,13.650045,16.133446,16.984343,17.494343,19.986813,18.61694,17.094584,20.898222,22.943031,20.506699,20.756615,20.163408,15.644316,17.107447,19.965416,16.127548,11.179545,14.862464,14.420103,17.138725,13.366331,9.221786,11.868567,9.455176,7.390996,13.132896,12.982184,10.002482,10.191993,15.700824,13.533682,18.379026,17.717232,15.55509,20.216572,18.67334,20.780813,24.230928,21.02061,17.928047,13.686485,18.026112,12.483981,16.78037,16.751358,19.236614,18.940432,19.02592,17.813282,15.969586,13.810108,15.1794815,13.626786,10.21219,11.446111,13.139716,15.064745,12.532047,8.706856,13.343509,17.309853,20.525984,20.909428,17.685087,22.213346,16.867558,20.508572,20.273388,22.984812
