,0,1,2,3,4,5,6,7,8,9,10,11,12,13,14,15,16,17,18,19,20,21,22,23,24,25,26,27,28,29,30,31,32,33,34,35,36,37,38,39,40,41,42,43,44,45,46,47,48,49,50,51,52,53,54,55,56,57,58,59,60,61,62,63,64,65,66,67,68,69,70,71,72,73,74,75,76,77,78,79,80,81,82,83,84,85,86,87,88,89,90,91,92,93,94,95,96,97,98,99,100,101,102,103,104,105,106,107,108,109,110,111,112,113,114,115,116
0,0.0,4.3602543,6.945252,9.936844,12.88339,15.109978,18.537292,22.116417,25.474514,28.925848,33.765957,34.385937,37.284855,39.742626,35.712303,31.138834,30.039587,25.207747,24.037132,19.50178,17.577517,15.10897,14.848003,14.2617035,16.660717,21.032555,21.951422,22.752205,27.976603,28.945826,31.607798,35.917244,36.252308,39.483757,38.99122,42.49473,41.626358,38.340084,37.561333,34.672478,34.25693,28.973845,27.136744,25.478827,22.676783,22.587229,22.271544,24.7268,28.711199,31.686527,32.88382,36.59459,40.235096,40.893295,40.37514,37.37815,37.898163,39.041084,44.541695,41.06186,37.70121,37.298088,34.497967,34.48515,33.119095,34.128887,32.041775,27.751081,23.198862,24.451902,24.694658,28.140345,28.354362,32.40435,32.065468,37.102585,38.13694,41.908413,41.268555,43.32085,41.596645,38.552605,34.000515,31.235605,28.431093,25.231064,21.800251,18.014484,15.529881,13.549422,10.167519,12.746618,12.168672,13.358191,16.966454,20.110716,22.399982,23.370977,20.390081,24.499344,19.508389,24.44861,20.647343,25.622814,25.796194,30.713,32.324814,34.734547,36.76434,37.383636,34.04154,31.73767,28.073952,25.82982,22.91519,20.28334,19.35997
1,4.3602543,0.0,5.370509,6.3358765,9.326747,11.68741,14.886772,18.739214,21.718424,25.599976,29.987646,31.0033,33.685913,36.04814,32.249657,27.436047,26.710922,21.704203,21.048143,16.722612,14.935015,13.303118,13.833289,12.186854,15.6119795,19.486704,20.362625,20.34832,25.308664,25.778328,28.47546,32.23215,32.607407,35.578644,35.001778,38.457325,37.480667,34.15945,33.33781,30.501562,30.134363,24.999943,23.259584,21.822456,19.213924,19.89408,19.953943,23.136703,26.649103,30.071375,30.516771,34.569218,37.985157,38.273544,37.504368,34.391987,34.750908,35.591442,41.064545,37.56782,34.163044,34.174416,31.637672,31.849495,31.005789,32.0174,30.485369,26.510292,21.706821,22.14126,21.74164,25.005507,24.783733,28.82292,28.151516,33.27626,34.041943,37.823,37.081806,39.18216,37.386112,34.421833,29.773617,27.124435,24.18593,21.16971,17.59367,13.723569,11.249071,9.293136,6.2883606,9.44545,10.528514,12.66091,15.770818,19.254374,21.518515,21.847418,18.495485,22.231607,16.518942,21.300232,16.856052,21.618702,21.633516,26.498552,28.053896,30.397203,32.411385,33.054317,29.76089,27.464499,23.965746,21.585014,18.877502,16.197989,15.756833
2,6.945252,5.370509,0.0,5.0563273,6.9280324,9.576783,12.374761,15.739858,19.332928,22.386862,27.594215,27.761248,30.821148,33.314922,29.082298,24.789404,23.331676,18.767561,17.18641,12.704636,10.678189,8.26322,8.839507,8.751723,12.504319,15.972889,18.245825,18.831757,23.496532,24.268764,28.08316,31.615988,33.044582,35.439896,35.67492,38.88287,38.277554,35.060806,33.564316,31.023748,29.589716,25.168941,22.48224,21.954592,17.90209,18.773497,17.451633,21.09581,24.720758,27.638563,27.936554,32.47377,35.574535,35.52405,35.51801,32.694706,32.507435,33.6933,38.96725,35.125088,31.914446,31.083,28.42505,28.05612,27.196009,27.555304,25.736563,21.70598,16.99444,17.665552,18.522003,21.644178,22.389196,26.172237,26.394806,31.108051,32.605366,36.380646,35.89459,37.704224,36.27869,33.141804,28.859335,25.889395,23.415844,20.214577,16.783396,13.905782,11.581351,11.460474,9.189702,13.014775,14.175778,14.911679,18.988594,21.966757,23.394907,23.540264,19.778305,23.584171,18.084661,23.042711,17.97345,22.93895,22.18304,27.664347,28.33792,31.203691,33.13162,33.86789,30.880486,28.932674,25.616056,23.460543,21.560204,18.879087,19.431534
3,9.936844,6.3358765,5.0563273,0.0,4.1450276,5.432791,9.361111,12.436689,15.625268,19.314337,23.87682,24.79196,27.527267,30.126522,26.362484,21.645655,20.77531,16.166277,15.152324,11.628962,9.350628,8.9569435,11.390596,10.0643635,14.94998,17.504204,19.61938,18.986176,23.091932,22.968119,26.722015,29.193256,30.561556,32.478264,32.388218,35.51034,34.543716,31.219992,29.734488,27.331217,26.096548,22.108742,19.692722,19.683254,16.136438,18.451153,17.797615,22.350906,25.219227,28.709135,27.918491,32.886868,35.633987,34.99048,34.60042,31.607466,31.106255,31.715889,36.886208,32.938107,29.682255,29.550108,27.435308,27.307117,27.432589,27.489855,26.536644,23.09556,18.225086,17.334837,17.46109,19.985895,20.03299,23.638485,23.255667,28.074923,28.960703,32.80525,31.95969,33.71213,31.982853,28.773476,24.44011,21.454372,19.011896,15.523989,12.528387,9.097542,7.627213,8.039652,7.5896406,11.448414,14.490105,16.492752,19.50866,22.872902,24.531427,24.055899,20.13662,23.29254,16.971891,21.378326,15.447845,19.672878,18.612799,23.718016,24.353498,26.771467,28.528654,29.055296,25.97983,24.14513,20.65061,18.883211,17.124365,14.8875265,16.187263
4,12.88339,9.326747,6.9280324,4.1450276,0.0,5.5021167,5.659574,10.16837,12.913342,16.783876,21.225502,21.93843,24.65033,26.88789,22.945297,18.258305,17.414549,12.424446,11.997352,7.9834733,6.7837605,7.3103085,9.562285,7.2465887,12.502523,14.218919,16.54307,15.595601,19.301966,19.116684,23.33983,25.667446,27.5722,29.248499,29.675997,32.66785,32.064644,28.886927,27.03744,24.737461,22.914713,19.150518,16.210852,16.655596,12.394984,15.091801,14.128366,19.154146,21.659044,25.175758,23.9662,29.158737,31.70098,30.886194,30.594086,27.672993,27.022966,27.729458,32.889446,28.945124,25.697145,25.457855,23.302464,23.293743,23.491074,23.802437,23.135155,19.93543,15.0429535,13.822116,13.335087,15.979219,16.050512,19.77796,19.632883,24.425903,25.702463,29.494894,28.96823,30.839087,29.466726,26.503834,22.099361,19.32032,16.642782,14.076804,10.014481,8.166737,6.057796,8.190162,8.392997,11.988533,15.119336,16.43262,19.540134,22.508387,23.547472,22.650715,18.511637,21.353867,15.24718,19.496475,13.3077,17.618916,16.129528,21.731009,21.831392,24.883087,26.77221,27.68158,25.038296,23.27157,20.689045,18.258413,17.455832,14.829824,16.742453
5,15.109978,11.68741,9.576783,5.432791,5.5021167,0.0,7.1731625,7.594606,11.13042,14.407939,19.110249,20.040981,22.783344,25.798668,22.251717,17.713823,16.730478,13.054946,11.436742,9.918091,6.9897604,8.712765,12.837574,12.258795,17.519602,18.76041,21.736498,20.589615,23.653553,22.874525,27.339182,28.369072,30.520306,31.3389,31.558115,34.28521,33.20302,29.917898,27.890837,26.027224,24.091206,21.553488,18.75041,20.177536,16.250349,19.979252,18.853817,24.264448,26.428944,29.869646,27.9487,33.60317,35.66285,34.101578,34.038807,31.213264,29.852987,30.110918,34.830746,30.454576,27.438417,27.254473,25.750692,25.231667,26.501303,25.398214,25.131474,22.424109,17.825394,15.361549,16.232298,17.545424,17.84539,20.674114,20.523626,24.833315,25.646606,29.51167,28.413343,29.67697,27.896046,24.335392,20.524153,17.088707,15.548975,11.162148,9.933397,7.44968,8.3503475,10.572857,11.888145,15.343151,19.206873,21.280132,23.998865,27.292482,28.674612,27.71697,23.635145,26.209902,19.748316,23.490652,16.825098,19.986967,17.997293,22.793283,22.54864,24.686518,26.024385,26.247753,23.378405,22.150291,18.54282,17.89919,17.030062,15.698955,18.214634
6,18.537292,14.886772,12.374761,9.361111,5.659574,7.1731625,0.0,6.5042233,7.8991947,12.132825,16.012638,16.801952,19.306688,21.292004,17.421402,12.624634,12.099889,6.8875723,7.747765,5.4005694,6.088373,9.094382,11.762135,9.373135,14.215414,13.975599,16.669832,14.786481,16.952692,15.936429,20.934652,21.8342,24.70739,25.335836,26.374334,28.957062,28.57004,25.576265,23.069754,21.257727,18.447777,16.049055,12.418319,14.544604,9.717116,14.140921,12.922251,18.806158,20.153948,23.72791,21.10804,26.93129,28.728224,27.041613,26.882639,24.103258,22.696663,23.085299,27.944227,23.738739,20.603443,20.512018,18.89298,18.936268,20.246645,20.13523,20.51284,18.304777,13.831876,10.7828045,9.434424,11.046031,10.907836,14.284394,14.318265,18.875761,20.369703,24.142397,23.742268,25.504774,24.431578,21.613035,17.38214,14.733558,12.231106,10.696361,6.381398,7.719185,7.1336274,10.930391,12.596354,15.386183,19.05452,20.1835,22.782536,25.39794,25.87433,24.300488,20.120111,22.031532,16.258858,19.491432,12.91874,16.053684,13.521786,19.132725,18.122253,21.550978,23.291685,24.406345,22.37595,21.04911,19.45611,17.07605,17.702467,15.470723,18.47262
7,22.116417,18.739214,15.739858,12.436689,10.16837,7.594606,6.5042233,0.0,4.7667685,6.884668,12.20348,12.474513,15.404747,18.577875,14.922808,10.95403,9.478664,7.604642,5.357893,7.9692607,6.7094035,10.645322,14.827043,14.586621,19.346487,18.59532,22.340143,20.735462,22.079006,20.704958,26.153547,25.529171,29.071884,28.442053,29.66121,31.715517,31.03132,28.10577,25.113205,24.078703,20.639023,20.26512,16.659975,19.968424,15.391937,20.22695,18.342913,24.356415,25.416544,28.504557,25.174807,31.498272,32.542988,29.852648,30.4013,28.01005,25.515106,25.551214,29.549164,24.706549,22.144854,21.553085,20.818722,19.814268,22.512045,20.176365,21.050573,19.662361,15.921613,11.419722,12.900954,12.248663,13.253514,14.735374,15.537911,18.76953,20.192451,23.90807,23.006561,23.719536,22.490078,18.856794,15.9093075,12.251187,12.036928,8.494574,8.877,10.33167,12.070234,15.690032,17.730087,20.746752,24.772299,26.235897,28.893127,31.71479,32.34,30.792093,26.61777,28.429924,22.559301,25.448566,18.683472,20.716532,17.62472,22.214685,20.378397,22.897297,23.866562,24.245853,22.337954,21.912254,19.608543,19.282969,20.16028,19.192038,22.690317
8,25.474514,21.718424,19.332928,15.625268,12.913342,11.13042,7.8991947,4.7667685,0.0,5.735594,8.321456,10.023401,12.06812,14.748295,11.770258,7.013471,7.342099,5.907808,7.0238624,10.350582,10.647693,14.669908,18.24828,16.943432,21.420061,20.02225,23.07098,20.627972,20.977365,18.794708,23.988195,22.118458,25.899475,24.541685,25.878363,27.625107,26.950209,24.185474,20.906979,20.270805,16.489239,17.297718,13.905586,18.03982,14.297084,19.846767,18.652172,24.711845,24.882973,28.230421,24.012161,30.346563,30.951687,27.79721,27.91839,25.530115,22.759544,22.189362,25.919136,21.146473,18.634953,18.965296,18.95497,18.557335,22.064274,20.14023,22.011932,21.369473,18.00302,12.952811,12.479419,10.831312,10.550943,11.347158,11.445253,14.546659,15.508877,19.240126,18.244522,19.071146,17.888504,14.517586,11.394198,8.061137,7.972346,6.401368,7.243559,10.67125,12.832634,16.696287,19.424755,21.780798,26.15427,27.758425,29.774763,32.426414,32.859936,30.855932,26.832241,27.896717,22.312132,24.289429,17.734764,18.57191,15.05439,19.024649,16.511486,19.049686,19.890968,20.481972,19.139784,18.998043,17.851902,17.327593,19.239672,18.545528,22.500906
9,28.925848,25.599976,22.386862,19.314337,16.783876,14.407939,12.132825,6.884668,5.735594,0.0,7.038805,5.764161,9.02639,12.791936,9.461357,7.5226398,5.4383364,8.565189,6.844932,12.297078,12.307854,16.141031,19.879896,19.989847,24.061617,22.07657,26.081417,24.250961,24.086582,22.229727,28.040901,25.737583,30.304052,28.222847,30.208158,31.477144,31.061234,28.603657,24.903557,24.831024,20.313347,22.230911,18.507452,23.018406,18.664658,23.831396,21.623516,27.589102,27.686455,30.294945,25.838367,32.44574,32.43123,28.61671,29.770266,27.947191,24.346912,24.00941,26.855736,21.639275,19.889942,18.921095,19.370663,17.786354,22.060095,18.255293,20.416096,20.600294,18.21013,12.683613,14.600092,11.679519,13.265524,12.391648,14.243351,15.410583,17.277304,20.51271,19.704105,19.438196,18.8401,15.195098,14.064855,10.694368,12.610948,10.74345,12.96247,15.952408,18.052372,21.887243,24.235254,26.958641,31.066338,32.296856,34.80489,37.3528,37.563015,35.66969,31.583612,32.800148,27.500938,29.628492,23.194542,24.120136,20.506496,24.230429,21.165731,23.508842,23.89686,24.194353,23.27808,23.710802,22.421118,22.74088,24.639936,24.175667,28.096863
10,33.765957,29.987646,27.594215,23.87682,21.225502,19.110249,16.012638,12.20348,8.321456,7.038805,0.0,5.4337435,4.7062864,7.882113,7.6167107,6.1257143,8.047295,11.356349,12.724694,17.518211,18.230074,22.238659,25.687908,24.658455,28.617775,26.298388,29.305805,26.53485,25.326773,22.47807,27.436827,23.227324,27.808651,24.497192,26.420769,27.025341,26.440624,24.365318,20.410732,21.22117,16.617758,20.565285,17.763172,22.851828,20.085241,25.752089,24.608454,30.41296,29.505459,32.450184,27.041286,33.375183,32.76491,28.365145,28.772623,27.028757,23.143265,21.687605,23.69361,18.797575,17.468363,18.225918,19.965912,19.385279,24.510323,21.497702,24.738768,25.627619,23.503632,17.912807,17.518604,13.946242,13.542721,11.213081,11.602777,11.375957,11.774625,14.663412,13.311192,12.554222,11.937513,8.513854,8.721811,6.7435746,10.144222,11.007677,14.073004,18.000254,20.587399,24.352589,27.419872,29.38609,33.926533,35.52835,37.165703,39.602352,39.75017,37.36964,33.56694,33.875084,28.924559,29.855808,23.949038,23.199492,19.406078,21.538525,17.69205,19.333288,19.147326,19.428942,19.541113,20.657087,20.852037,21.440737,24.403296,24.565731,28.838034
11,34.385937,31.0033,27.761248,24.79196,21.93843,20.040981,16.801952,12.474513,10.023401,5.764161,5.4337435,0.0,3.970124,7.822488,5.322562,7.0363774,5.869778,11.391163,11.114367,16.579689,17.433996,21.156664,24.36422,24.310144,27.802101,25.012981,28.82687,26.768114,25.413887,23.227314,28.988094,25.439035,30.689322,27.52403,30.175468,30.752377,30.709333,28.776907,24.629196,25.313005,20.10873,23.668627,20.080246,25.172981,21.26132,26.393621,24.196327,29.863733,29.117327,31.345453,26.083845,32.618587,31.724459,27.094152,28.599316,27.31161,22.970263,22.283407,23.971119,18.69147,17.818472,16.723253,18.30774,16.59739,21.941187,17.59983,20.878574,22.307716,20.97094,15.366746,16.69216,12.588031,14.101695,11.294269,13.816999,12.777912,15.100579,17.571997,17.13261,16.0847,16.442398,13.482691,14.015367,11.879222,14.604667,14.642875,16.883911,20.673677,22.700954,26.636238,29.145227,31.572819,35.660057,36.661526,38.971493,41.226456,41.06194,38.880848,34.954014,35.629692,30.951513,32.42193,26.49753,26.646824,22.85653,25.865719,22.003546,24.323889,24.369337,24.825502,24.847618,25.76159,25.56988,25.871342,28.481167,28.154537,32.25243
12,37.284855,33.685913,30.821148,27.527267,24.65033,22.783344,19.306688,15.404747,12.06812,9.02639,4.7062864,3.970124,0.0,4.730818,5.466,7.860322,8.691985,13.666764,14.543739,19.731707,20.785728,24.62889,27.776794,27.209164,30.67963,27.775167,31.089205,28.587257,26.722656,24.062103,29.312574,24.745193,29.98922,26.116917,28.77075,28.909298,28.817995,27.175205,22.925802,24.13659,18.945654,23.572538,20.515814,25.81126,22.721325,28.038395,26.377075,31.92726,30.67928,33.049706,27.33183,33.65245,32.404263,27.452435,28.571596,27.388227,22.894636,21.578201,22.602757,17.579046,17.111086,16.988176,19.324825,18.199677,23.885962,20.051908,23.799162,25.526295,24.279911,18.706814,18.952026,14.697514,15.183831,11.682101,13.408278,11.245614,12.789277,14.757614,14.124936,12.511528,13.1804905,10.712979,12.396373,11.274455,14.487149,15.636616,18.22684,22.327154,24.582642,28.463125,31.299883,33.37913,37.671665,38.86352,40.748688,42.95024,42.759647,40.344345,36.572582,36.79569,32.314396,33.187244,27.571882,26.90397,23.087929,25.226782,21.012901,22.903774,22.607193,23.035057,23.654053,24.932102,25.471739,25.94216,29.019936,29.01171,33.246296
13,39.742626,36.04814,33.314922,30.126522,26.88789,25.798668,21.292004,18.577875,14.748295,12.791936,7.882113,7.822488,4.730818,0.0,5.2617464,8.712233,10.605758,14.992329,17.095364,21.690247,23.45958,27.230541,29.816534,28.701355,31.672415,28.335749,31.069311,28.2862,25.574907,22.675018,27.51654,22.193949,27.782562,23.312208,26.534431,26.20795,26.62766,25.477789,21.028276,22.645864,17.099878,22.582443,19.797203,25.179922,22.67923,27.72267,26.388546,31.503462,29.563555,31.794044,25.62146,31.576687,29.825312,24.555315,25.500143,24.638206,19.920921,18.22997,18.468027,13.708743,13.860155,14.345696,17.434397,16.967674,22.856928,19.87887,24.166286,26.354322,25.49801,20.212143,19.231539,14.840993,14.661212,10.363484,12.002021,8.103327,10.124911,11.207275,11.482249,10.023522,12.020023,11.256918,12.958364,13.26224,15.642715,18.36314,19.882656,24.484938,26.32724,30.193218,33.0448,34.763813,38.885647,39.819332,41.430317,43.289448,42.75491,40.105423,36.57875,36.290295,32.51343,32.794613,27.877924,26.72734,23.00322,24.728138,20.144392,22.401997,22.198717,23.174974,24.460773,25.679111,27.293407,27.012135,30.53515,30.293547,34.47763
14,35.712303,32.249657,29.082298,26.362484,22.945297,22.251717,17.421402,14.922808,11.770258,9.461357,7.6167107,5.322562,5.466,5.2617464,0.0,5.6135244,5.875631,10.814489,12.434133,16.981918,18.962355,22.547255,24.904573,24.144247,26.950819,23.538712,26.758747,24.439827,22.123585,19.786598,25.445265,21.504318,27.272081,23.812689,27.17749,27.50007,28.102568,26.559408,22.183735,23.026182,17.255358,21.320288,17.67606,22.92852,19.318905,24.1121,22.104753,27.336378,25.853268,27.90578,22.12736,28.456575,27.128567,22.21219,23.708006,22.693192,18.068499,17.343485,18.744263,13.434159,12.829155,11.733996,13.9212885,12.78882,18.531961,15.195808,19.210684,21.17534,20.296394,15.015496,14.704731,10.15738,11.248866,7.2938175,10.657221,8.416944,12.097861,14.169743,14.786313,14.393369,15.778764,14.157383,14.177245,13.3343525,14.895009,16.834724,17.397228,21.903994,23.251266,27.231092,29.655634,31.717243,35.50562,36.070652,38.187984,40.0078,39.382782,36.968395,33.266205,33.461052,29.599562,30.565952,25.365389,25.263823,21.53309,24.53662,20.321321,23.42235,23.792105,24.965433,25.522705,26.1863,27.105223,26.287336,29.338795,28.532385,32.54036
15,31.138834,27.436047,24.789404,21.645655,18.258305,17.713823,12.624634,10.95403,7.013471,7.5226398,6.1257143,7.0363774,7.860322,8.712233,5.6135244,0.0,4.429511,6.459023,9.654291,13.501763,15.413089,19.224915,21.800978,20.254435,23.634706,20.881674,23.636024,20.871618,19.34397,16.690737,22.134014,18.745958,23.807144,21.152325,23.75643,24.723286,24.873518,22.81611,18.743002,18.9692,13.672997,16.728003,13.087595,18.271736,14.861386,20.230352,18.9027,24.5438,23.454084,26.33648,20.940685,27.30973,26.88518,22.802183,23.244091,21.415173,17.68531,16.793562,19.668882,14.646523,12.682216,13.064247,14.215774,14.079596,18.817219,16.918646,20.13418,20.886826,18.76028,13.443183,11.767884,8.1084385,7.5922804,5.4885483,7.0658655,8.096463,10.540064,13.812024,13.783384,14.527189,14.750576,12.609993,10.610759,9.3172865,9.751262,11.951253,11.830774,16.46864,17.869904,21.811968,24.451744,26.358015,30.375324,31.323807,33.168896,35.21258,34.918972,32.50445,28.734184,29.00923,24.625345,25.67984,20.120855,20.06863,16.301748,19.673561,15.860513,19.139473,19.875256,21.143621,21.143415,21.385765,22.105532,20.891268,23.822239,22.922443,26.932768
16,30.039587,26.710922,23.331676,20.77531,17.414549,16.730478,12.099889,9.478664,7.342099,5.4383364,8.047295,5.869778,8.691985,10.605758,5.875631,4.429511,0.0,5.9805994,6.57529,11.35627,13.095459,16.718187,19.343605,18.86136,22.106358,19.2254,22.95924,21.015345,19.926548,18.109135,24.23084,21.906921,27.115492,24.929932,27.713694,28.833538,29.119545,26.990795,23.003372,22.973244,17.725016,19.881285,15.709806,20.502186,15.908107,20.752686,18.341246,24.034698,23.507843,25.849758,20.945484,27.561707,27.216934,23.222343,24.602303,23.019894,19.174772,19.130148,21.975475,16.721298,15.005734,13.519626,14.000891,12.573341,17.188942,13.963043,16.815727,17.598194,15.759053,10.175277,10.844078,6.95168,9.119446,7.6000285,10.803543,11.557971,14.797652,17.822031,17.983887,18.281445,18.62282,16.034807,14.493822,12.320837,13.043754,13.472232,13.39598,17.39226,18.510147,22.510708,24.632662,27.08023,30.762165,31.34539,33.858532,35.912575,35.553577,33.455963,29.507635,30.362772,25.901232,27.7065,21.902334,22.860765,19.223406,23.308733,19.845322,23.204369,23.988136,25.049976,24.666912,24.813457,24.680077,23.686674,26.04377,24.905743,28.724463
17,25.207747,21.704203,18.767561,16.166277,12.424446,13.054946,6.8875723,7.604642,5.907808,8.565189,11.356349,11.391163,13.666764,14.992329,10.814489,6.459023,5.9805994,0.0,5.5334835,7.3074455,9.810859,13.346821,15.554061,13.803269,17.354427,15.061125,18.119871,15.828027,15.662775,13.938804,19.89322,18.959465,23.388885,22.497046,24.73719,26.565735,26.764256,24.28429,20.828627,19.913038,15.416806,15.513958,11.10893,15.264965,10.30081,15.359748,13.499894,19.475113,19.395075,22.47436,18.236969,24.662308,25.308292,22.412651,22.851837,20.57919,17.912334,18.110752,22.293589,17.615898,14.864482,14.361093,13.5640335,13.399331,16.339159,15.442778,17.2778,16.667793,13.508509,8.695821,6.6973953,5.254634,5.803053,7.805582,9.328568,12.778946,15.366461,18.886347,19.034697,20.48888,20.27664,17.888966,14.506508,12.422486,10.927813,11.594004,8.834009,12.823722,13.089664,17.056826,19.04446,21.33271,24.894617,25.491247,27.885439,29.959585,29.71562,27.65434,23.657114,24.672459,19.987047,22.092777,16.174904,17.852581,14.491817,19.504759,16.880041,20.81626,22.25445,23.68624,22.740313,22.105154,21.901684,19.746922,21.741074,19.941948,23.47415
18,24.037132,21.048143,17.18641,15.152324,11.997352,11.436742,7.747765,5.357893,7.0238624,6.844932,12.724694,11.114367,14.543739,17.095364,12.434133,9.654291,6.57529,5.5334835,0.0,5.7141724,6.6432056,10.21312,13.302799,13.614348,17.392883,15.493844,19.920921,18.80104,19.445274,18.574507,24.777973,24.418093,28.809774,28.023182,30.18294,32.02348,32.049877,29.457352,26.047873,25.161856,20.805262,20.74908,16.39919,20.021631,14.476931,18.727139,15.756859,21.631298,22.447016,24.880827,21.418613,27.926796,28.636103,25.775513,27.106434,25.125633,22.26727,22.917915,26.728327,21.756596,19.4451,17.619104,16.565998,14.95514,17.630978,14.845006,15.784064,14.827516,11.69521,6.496573,9.418951,8.214051,11.016389,12.15582,14.557206,17.098598,19.89596,23.326649,23.231188,23.952364,23.609549,20.491796,17.913977,14.8580065,14.555906,12.87528,11.769671,14.269902,14.792732,18.574934,20.009094,23.047747,26.377504,26.87069,30.001158,32.299618,32.26103,30.680046,26.519014,28.28537,23.267908,26.185997,19.946056,22.353186,19.170797,24.251196,21.877361,25.286697,26.4495,27.345554,25.99919,25.5541,24.141508,22.977818,24.241133,22.657473,25.998055
19,19.50178,16.722612,12.704636,11.628962,7.9834733,9.918091,5.4005694,7.9692607,10.350582,12.297078,17.518211,16.579689,19.731707,21.690247,16.981918,13.501763,11.35627,7.3074455,5.7141724,0.0,4.0360174,6.3725066,8.328674,7.910352,11.845508,10.714198,15.042309,14.457123,16.414688,16.421007,22.320501,23.783546,27.457642,27.968708,29.845182,32.214733,32.38014,29.650457,26.76968,25.168604,21.531553,19.552856,15.248016,17.492365,11.454078,14.565058,11.399118,17.129223,18.843037,21.476164,19.270086,25.30682,26.947474,25.265926,26.192017,23.892004,22.141329,23.342766,27.959764,23.542965,20.743702,19.065264,16.875452,15.967836,16.692738,15.932338,15.592954,13.114863,8.672268,5.899674,7.4610276,9.314869,11.496502,14.43352,16.184002,19.861023,22.592295,26.119562,26.268593,27.720772,27.269611,24.472569,20.913996,18.179861,16.423544,14.960274,11.509077,12.973442,11.87086,15.214284,15.749503,18.90094,21.524569,21.52452,25.03896,27.201286,27.117958,25.837683,21.650887,23.940409,19.058945,22.66925,16.770412,20.417126,17.91819,23.756643,22.286062,26.16308,27.865599,29.10077,27.365887,26.224705,24.715744,22.437307,23.042898,20.609268,23.2615
20,17.577517,14.935015,10.678189,9.350628,6.7837605,6.9897604,6.088373,6.7094035,10.647693,12.307854,18.230074,17.433996,20.785728,23.45958,18.962355,15.413089,13.095459,9.810859,6.6432056,4.0360174,0.0,4.041116,8.179273,9.1153555,13.679931,13.675592,18.022297,17.67969,20.181984,20.100382,25.690813,27.046854,30.35627,30.8891,32.299965,34.760548,34.504154,31.564377,28.859314,27.231627,23.988611,21.965393,18.021494,20.072231,14.499778,17.675306,14.861719,20.368778,22.51346,25.161053,23.269043,29.21234,30.963129,29.270222,30.175352,27.805017,26.029081,27.013964,31.545862,26.973558,24.217823,22.674168,20.730047,19.525671,20.439308,18.88841,18.233854,15.529593,11.12115,8.705198,11.458487,12.811555,14.814801,17.449154,18.88294,22.558619,24.810925,28.478064,28.168358,29.328016,28.44864,25.1605,21.76626,18.489931,17.193058,14.249433,11.990208,12.152773,11.679757,14.690484,15.154289,18.728432,21.572727,22.106848,25.722996,28.304178,28.736238,27.741985,23.525278,26.169687,20.691488,24.605232,18.326427,22.006897,19.60286,25.188053,24.023249,27.283308,28.778864,29.559078,27.408432,26.349253,23.899302,22.440794,22.465477,20.4326,22.999937
21,15.10897,13.303118,8.26322,8.9569435,7.3103085,8.712765,9.094382,10.645322,14.669908,16.141031,22.238659,21.156664,24.62889,27.230541,22.547255,19.224915,16.718187,13.346821,10.21312,6.3725066,4.041116,0.0,4.8996196,7.712617,11.72773,12.720647,17.23632,17.864962,21.114073,21.766678,27.145523,29.50569,32.52331,33.654232,35.014637,37.67095,37.51826,34.55392,32.072983,30.185106,27.204084,24.446016,20.593935,21.853384,16.213417,18.16288,15.019904,19.782957,22.691807,24.978464,24.144981,29.656128,31.835571,30.766953,31.831131,29.501081,28.16712,29.565165,34.271282,29.884628,27.099634,25.183035,22.734945,21.431482,21.303764,20.154388,18.514938,14.995147,10.479701,10.186164,13.397391,15.560603,17.80023,20.745684,22.302795,26.083256,28.524282,32.160965,31.997015,33.274975,32.435738,29.186,25.677185,22.444307,20.903612,17.883352,15.188941,14.527354,13.22267,15.429971,14.810853,18.60358,20.561604,20.569529,24.763994,27.23319,27.675547,27.157026,23.037207,26.229395,21.053822,25.497944,19.69604,24.075006,22.132751,27.93959,27.189896,30.56602,32.224804,33.058025,30.716698,29.41401,26.703844,24.989117,24.456703,22.085468,24.01633
22,14.848003,13.833289,8.839507,11.390596,9.562285,12.837574,11.762135,14.827043,18.24828,19.879896,25.687908,24.36422,27.776794,29.816534,24.904573,21.800978,19.343605,15.554061,13.302799,8.328674,8.179273,4.8996196,0.0,5.5843105,7.635158,9.300618,13.83836,15.592806,19.302992,20.872723,26.014318,29.540615,32.41626,34.178654,35.78424,38.56029,38.820187,36.00655,33.66347,31.541723,28.624277,25.171064,21.306362,21.784838,16.041807,16.34848,12.720787,16.40278,19.937899,21.733673,22.059778,26.94368,29.560043,29.301233,30.47817,28.270754,27.539438,29.492964,34.384407,30.411892,27.604591,25.328697,22.24095,21.15422,19.640804,19.725712,17.257551,12.991347,8.520364,10.815952,13.337644,16.485971,18.826635,22.171677,23.923325,27.773792,30.631617,34.114967,34.398113,36.013393,35.492493,32.62739,28.86339,26.023148,23.946325,21.790592,17.987381,17.52838,15.153729,16.855253,15.296303,18.788816,19.52866,18.371527,23.09807,25.007185,24.971098,24.769955,20.85114,24.344395,20.128614,24.824808,19.97763,24.94908,23.446363,29.560324,29.025396,32.918125,34.882732,36.103245,33.88882,32.292896,30.070177,27.492071,26.911537,23.93105,25.307968
23,14.2617035,12.186854,8.751723,10.0643635,7.2465887,12.258795,9.373135,14.586621,16.943432,19.989847,24.658455,24.310144,27.209164,28.701355,24.144247,20.254435,18.86136,13.803269,13.614348,7.910352,9.1153555,7.712617,5.5843105,0.0,5.3003397,7.545032,10.193809,10.899389,15.211052,16.557995,21.060606,25.026127,27.313114,29.599268,30.889893,33.86492,34.135574,31.333107,29.331978,26.920517,24.559313,20.289774,16.809366,16.539955,11.255105,11.301779,8.83998,12.9461355,16.291636,19.110876,19.236828,23.877985,26.861502,26.953386,27.151155,24.534357,24.458286,26.152948,31.456045,27.926939,24.773722,23.543278,20.435808,20.474064,18.92737,20.610687,19.010204,15.157236,10.398738,11.787019,11.000048,14.998548,15.9413805,20.015156,20.8356,25.332916,27.725157,31.207167,31.538774,33.688396,33.07723,30.648806,26.285458,23.993938,21.047867,19.903921,14.808815,14.536344,11.294206,12.880469,11.441703,14.405284,15.327603,14.289139,18.52068,20.412659,20.33974,19.730658,15.661934,18.949087,14.607119,19.248938,14.650423,19.82799,18.699673,24.873352,24.748611,28.83626,31.07768,32.61817,30.476997,28.553085,26.9848,23.491312,23.086596,19.66361,20.91099
24,16.660717,15.6119795,12.504319,14.94998,12.502523,17.519602,14.215414,19.346487,21.420061,24.061617,28.617775,27.802101,30.67963,31.672415,26.950819,23.634706,22.106358,17.354427,17.392883,11.845508,13.679931,11.72773,7.635158,5.3003397,0.0,4.911301,6.777979,9.698649,14.195152,16.797237,20.890621,26.046288,28.298841,31.0902,32.793297,35.74009,36.534348,34.012783,32.08323,29.604094,27.17933,22.623537,19.222048,18.284246,13.297226,10.935375,7.7975974,9.45352,13.7125435,15.6370735,17.413637,21.07148,24.518938,25.589401,26.055857,23.755114,24.324663,26.682415,31.94975,28.932137,25.94651,24.17702,20.496916,20.681555,17.607866,20.572407,18.239952,14.063354,10.2724085,13.728096,12.696393,17.078922,18.322088,22.347958,23.571762,27.751677,30.649237,33.84498,34.671394,37.001114,36.7981,34.73128,30.401081,28.437916,25.350096,24.857079,19.436882,19.53545,15.978589,17.09751,15.031741,17.320354,16.727228,14.060735,18.718405,19.621908,18.668316,18.448704,14.870666,18.316689,15.810346,20.32678,17.291769,22.62308,21.902624,28.080746,27.986658,32.501556,34.93024,36.797466,34.895184,32.84668,31.766169,27.743914,27.422987,23.666904,24.412619
25,21.032555,19.486704,15.972889,17.504204,14.218919,18.76041,13.975599,18.59532,20.02225,22.07657,26.298388,25.012981,27.775167,28.335749,23.538712,20.881674,19.2254,15.061125,15.493844,10.714198,13.675592,12.720647,9.300618,7.545032,4.911301,0.0,5.9550276,8.508156,11.286274,14.048324,19.096294,23.58045,26.79565,28.869328,31.323214,33.894215,35.087128,32.83502,30.420238,28.32548,25.086706,21.498398,17.562536,17.607521,11.990338,10.086472,5.175457,7.792894,10.976618,12.448984,13.296824,17.696518,20.550613,21.120153,22.182749,20.222527,20.263496,22.915733,27.894453,24.823984,22.087234,19.72404,15.902968,15.982872,12.697599,16.059029,14.055341,10.429771,7.250569,10.731076,9.306338,13.497662,15.306603,18.9049,20.814905,24.383482,27.861776,30.808214,32.01148,34.22517,34.487553,32.68791,28.721226,27.002934,24.19768,24.418901,19.14665,20.46337,17.37834,19.379208,18.188822,20.39126,20.519476,18.072233,22.19022,22.839083,21.357231,20.517132,16.976307,19.520748,17.475237,21.230366,18.093706,22.768206,21.497046,27.648495,26.787415,31.653645,33.99078,36.047386,34.625187,32.863983,32.39413,28.393118,28.837318,25.24211,26.634222
26,21.951422,20.362625,18.245825,19.61938,16.54307,21.736498,16.669832,22.340143,23.07098,26.081417,29.305805,28.82687,31.089205,31.069311,26.758747,23.636024,22.95924,18.119871,19.920921,15.042309,18.022297,17.23632,13.83836,10.193809,6.777979,5.9550276,0.0,4.7393465,8.709223,12.200836,15.413966,21.491438,23.620663,26.810974,28.934448,31.74157,33.15782,31.089693,29.290789,26.821878,24.498993,19.78085,16.789545,15.206397,11.327545,6.672462,4.73578,2.8546002,7.215764,9.779489,12.117817,14.792429,18.693064,20.626656,20.378979,18.085476,19.669218,22.2754,27.606216,25.508326,22.56203,21.35734,17.519352,18.9629,15.1913395,20.363749,18.906605,15.809845,13.149172,15.964573,12.18435,16.661081,16.864542,20.920286,21.777319,25.76636,28.723465,31.463223,32.838715,35.628376,35.864277,34.61129,30.161833,29.078577,25.521654,26.64609,20.544271,21.734888,18.054743,19.291441,17.868315,18.969416,18.241037,15.141452,18.553688,18.41296,16.285503,15.269896,12.222932,14.428397,14.069833,17.36488,16.08947,20.778511,20.399029,26.240528,26.055706,31.073835,33.73118,36.151447,34.827496,32.679493,32.885418,27.9716,28.399927,24.401371,25.154524
27,22.752205,20.34832,18.831757,18.986176,15.595601,20.589615,14.786481,20.735462,20.627972,24.250961,26.53485,26.768114,28.587257,28.2862,24.439827,20.871618,21.015345,15.828027,18.80104,14.457123,17.67969,17.864962,15.592806,10.899389,9.698649,8.508156,4.7393465,0.0,5.566549,8.126216,11.227248,17.07709,19.073195,22.258163,24.2245,27.078688,28.424654,26.361353,24.634762,22.120504,20.019705,15.095222,12.349459,10.558145,7.3047624,2.0705073,3.9359882,5.421336,6.580315,11.005735,11.095674,14.383815,17.936382,19.262114,18.015057,15.164657,16.876463,18.88255,24.488644,22.51651,19.303493,19.23497,15.874708,18.107727,15.52324,20.700045,20.321856,17.881102,14.86063,16.036907,10.493048,14.784134,13.6984,17.992338,18.02557,22.349026,24.807245,27.531137,28.830172,31.863695,32.004597,31.038715,26.404238,25.74489,21.879276,23.76412,17.416252,19.125053,15.634607,17.11633,16.565132,17.177053,17.432499,15.3459835,17.683052,17.85888,16.003721,14.062069,10.731245,11.893233,11.047154,13.607431,12.254074,16.41963,16.02762,21.706234,21.521166,26.599943,29.316032,31.883554,30.751923,28.588093,29.36021,24.161478,25.050718,21.12626,22.213688
28,27.976603,25.308664,23.496532,23.091932,19.301966,23.653553,16.952692,22.079006,20.977365,24.086582,25.326773,25.413887,26.722656,25.574907,22.123585,19.34397,19.926548,15.662775,19.445274,16.414688,20.181984,21.114073,19.302992,15.211052,14.195152,11.286274,8.709223,5.566549,0.0,4.2295,8.475958,13.372002,16.662271,18.924732,21.965033,24.242283,26.253366,24.718983,22.522272,20.565632,17.636839,14.194176,11.307347,10.882277,8.398495,5.936826,6.6723614,7.6791806,4.6711464,9.082383,6.46988,10.463192,13.15213,13.986236,12.501345,9.724407,11.487873,13.798187,19.253006,17.759827,14.791539,14.90551,11.737358,14.896329,12.669337,18.65652,19.318085,18.15244,16.21409,16.537148,10.13546,13.270072,11.789645,15.2804165,15.586351,19.023668,21.917885,24.103693,25.989569,29.06858,29.817802,29.479092,25.293621,25.26643,21.690203,24.69633,18.769907,21.67558,18.894539,20.995735,21.212543,21.692385,22.508705,20.693562,22.442818,22.33157,20.094408,17.662386,14.984676,14.661431,14.777515,15.711078,14.809303,17.39342,16.48449,21.531713,20.429167,25.847586,28.445354,31.31624,30.895597,29.077093,30.78178,25.629911,27.409334,23.84397,25.502872
29,28.945826,25.778328,24.268764,22.968119,19.116684,22.874525,15.936429,20.704958,18.794708,22.229727,22.47807,23.227314,24.062103,22.675018,19.786598,16.690737,18.109135,13.938804,18.574507,16.421007,20.100382,21.766678,20.872723,16.557995,16.797237,14.048324,12.200836,8.126216,4.2295,0.0,6.7459865,9.614832,13.506753,15.084138,18.195972,20.383165,22.288048,20.749928,18.355326,16.55865,13.425725,10.529952,7.687086,8.317586,6.9555893,7.4233794,9.150365,11.674694,8.80002,13.023014,8.822425,13.146233,14.811239,14.349691,12.033817,8.731909,9.814571,11.001629,16.746588,15.127558,11.829979,13.4155035,11.238667,14.840115,14.32759,19.383854,20.912235,20.21401,18.004307,16.980751,9.933875,12.109042,9.201246,12.580305,11.949144,15.623577,18.00768,20.200468,21.993647,25.24164,25.921312,25.840853,21.625586,22.026861,18.379211,22.10762,16.427826,19.899323,17.706116,20.095882,21.115694,21.400358,23.112848,22.178524,23.312515,23.625633,21.854792,19.02791,16.264507,15.305399,14.564779,14.630644,13.205318,14.602901,13.294712,17.935766,16.449375,21.913004,24.45635,27.413115,27.258299,25.587574,27.795643,22.707882,25.018097,21.809206,23.935968
30,31.607798,28.47546,28.08316,26.722015,23.33983,27.339182,20.934652,26.153547,23.988195,28.040901,27.436827,28.988094,29.312574,27.51654,25.445265,22.134014,24.23084,19.89322,24.777973,22.320501,25.690813,27.145523,26.014318,21.060606,20.890621,19.096294,15.413966,11.227248,8.475958,6.7459865,0.0,8.050973,8.776025,12.741827,14.9985695,17.499554,19.764793,18.71454,17.608658,15.378271,14.482857,10.277866,10.541462,8.271397,11.305122,10.085222,14.014842,14.419283,11.187055,15.452984,12.7892685,14.002547,16.194033,17.199406,12.80411,9.296825,12.896286,13.18835,18.503038,18.646372,15.670785,18.69772,17.056845,21.07844,20.144344,25.852732,27.293259,26.438522,24.169052,23.554806,16.487076,18.698835,15.113638,18.160261,16.168064,19.747818,20.827322,22.448473,24.22821,28.019913,28.538355,29.1766,24.700806,25.86006,21.706669,26.047773,20.183971,23.08588,20.67239,22.096611,23.058523,22.158464,23.323345,22.454494,22.14801,21.76314,19.736677,16.437744,14.978357,12.231662,13.843008,11.765376,13.601314,13.754724,14.030921,17.10854,16.814693,21.922295,24.737904,28.051258,28.118685,26.069828,29.172731,23.308739,25.617249,22.325527,23.683523
31,35.917244,32.23215,31.615988,29.193256,25.667446,28.369072,21.8342,25.529171,22.118458,25.737583,23.227324,25.439035,24.745193,22.193949,21.504318,18.745958,21.906921,18.959465,24.418093,23.783546,27.046854,29.50569,29.540615,25.026127,26.046288,23.58045,21.491438,17.07709,13.372002,9.614832,8.050973,0.0,6.5710588,5.6172986,9.856961,11.1819,13.902717,13.453767,11.27313,10.425061,8.390531,8.677947,9.6447525,10.8224945,13.887941,15.79854,18.63999,20.77248,17.210264,20.954401,16.034456,18.562984,18.680073,17.202065,12.727561,9.811976,10.865827,8.611123,13.126358,13.533439,10.907543,16.03995,16.293188,20.395401,21.682058,25.938738,28.659264,28.850904,26.843689,24.595282,17.748913,17.994116,13.565342,14.83875,11.789832,14.122114,14.179412,15.077177,17.0773,20.993656,21.86569,23.380222,19.630981,21.809292,18.34824,23.885353,19.464811,23.42638,22.404547,24.569382,26.67243,26.03279,28.544582,28.675337,28.21896,28.533976,27.104057,23.711164,21.891941,19.230026,19.045725,16.454515,16.470236,14.197395,13.19002,14.328438,12.288119,17.187187,19.521778,23.00014,24.085054,22.793743,26.967215,21.946878,25.418587,23.210571,25.631607
32,36.252308,32.607407,33.044582,30.561556,27.5722,30.520306,24.70739,29.071884,25.899475,30.304052,27.808651,30.689322,29.98922,27.782562,27.272081,23.807144,27.115492,23.388885,28.809774,27.457642,30.35627,32.52331,32.41626,27.313114,28.298841,26.79565,23.620663,19.073195,16.662271,13.506753,8.776025,6.5710588,0.0,6.5079784,6.755806,9.428154,11.694781,11.385545,11.612571,9.700579,11.578931,9.161174,12.544871,11.099142,16.464363,17.467293,21.626383,22.992735,19.91124,24.059494,20.492794,21.734922,22.786535,22.604635,17.443443,14.442474,16.936712,14.9996605,19.02958,20.016516,17.456198,22.514812,22.375702,26.472633,27.10353,31.798872,34.060955,33.63328,31.105827,29.286007,22.252304,23.292997,18.628698,20.626799,16.888523,19.926567,18.785288,19.678604,20.946844,25.099083,25.262165,26.882534,22.65456,25.005545,20.975687,26.342686,21.62899,24.630892,23.341852,24.532742,26.551687,24.957079,27.14276,27.650723,25.98626,26.062576,24.91824,21.392284,20.466604,16.907694,17.658941,13.579119,15.837681,12.583731,13.341538,12.837765,12.948708,16.861578,19.506021,23.068495,23.928858,22.081837,26.684097,21.008406,24.138832,21.921667,23.511574
33,39.483757,35.578644,35.439896,32.478264,29.248499,31.3389,25.335836,28.442053,24.541685,28.222847,24.497192,27.52403,26.116917,23.312208,23.812689,21.152325,24.929932,22.497046,28.023182,27.968708,30.8891,33.654232,34.178654,29.599268,31.0902,28.869328,26.810974,22.258163,18.924732,15.084138,12.741827,5.6172986,6.5079784,0.0,5.5762434,5.6756077,8.921136,9.5156555,7.978075,8.259617,8.347217,10.632557,13.158659,14.320415,18.346031,20.784187,23.914022,26.211,22.741556,26.489647,21.546915,23.732922,23.488342,21.689178,17.044794,14.6930275,15.3356695,12.122116,14.863424,15.970512,14.054779,19.934628,20.99523,24.918158,26.873348,30.550077,33.615547,33.98989,31.867132,29.113647,22.50845,22.219769,17.529352,18.055014,14.16654,15.700967,13.910024,13.941757,15.508077,19.597357,20.268858,22.626627,19.322424,22.34451,19.217442,25.219263,21.74713,25.596668,25.22711,27.172459,29.756102,28.7403,31.673447,32.437435,31.290373,31.769434,30.716461,27.225008,25.73208,22.667269,22.319643,18.906523,19.251757,15.427298,14.71111,13.347873,11.354983,14.936691,16.9107,20.50215,22.305607,21.325281,26.449314,21.827307,25.73502,24.28224,26.769926
