,0,1,2,3,4,5,6,7,8,9,10,11,12,13,14,15,16,17,18,19,20,21,22,23,24,25,26,27,28,29,30,31,32,33,34,35,36,37,38,39,40,41,42,43,44,45,46,47,48,49,50,51,52,53,54,55,56,57,58,59,60,61,62,63,64,65,66,67,68,69,70,71,72,73,74,75,76,77,78,79,80,81,82,83,84,85,86,87,88,89,90,91,92,93,94,95,96,97,98,99,100,101,102,103,104,105,106,107,108,109
0,0.0,4.200645,5.619434,9.437501,12.646593,13.536125,16.884819,20.827503,22.78646,26.660826,28.983343,31.792526,33.805202,32.521595,33.307705,28.15205,28.838696,25.266285,27.346212,24.500338,22.803137,24.845846,23.963778,18.339083,17.407297,15.082821,18.11013,15.853391,19.903812,18.58976,26.742445,24.563826,30.811842,30.164568,27.478714,23.31083,24.232117,26.856794,22.606134,19.579144,22.639473,23.049057,18.679392,17.406084,21.753662,20.06353,14.940336,16.981972,20.39854,22.740604,24.38939,20.391167,26.012802,27.888046,26.953508,27.002306,24.928667,27.826601,31.346502,30.110355,28.666159,33.956917,37.127052,38.486874,34.567867,33.082573,37.694733,36.987373,31.935663,34.085995,37.108612,35.11059,31.13309,33.206203,29.876347,32.01043,28.454346,25.740313,24.511072,21.30219,17.725098,15.552833,12.617502,15.496307,18.897045,18.811844,23.104023,25.95382,29.185894,31.43557,34.28472,35.169636,33.45203,32.950817,31.36354,31.32951,30.437544,31.901758,30.359545,33.58594,29.518303,32.859272,34.195385,30.411858,28.560768,24.496025,22.653091,17.86329,16.787333,13.068651
1,4.200645,0.0,5.1390247,6.485944,10.170869,12.419406,14.919422,19.361586,21.417173,25.14445,27.777927,30.205805,32.598175,31.082624,32.61934,27.438253,28.23862,25.157162,26.932772,24.971245,23.100107,25.482962,24.28252,18.955528,18.718155,16.05203,18.67698,16.663288,20.425938,19.67907,27.28311,25.484373,31.318169,30.982727,27.878763,23.421377,24.576513,27.877968,23.799625,20.483816,23.979654,25.119127,20.574907,19.350708,24.08318,22.961693,17.764814,19.870455,23.712296,25.64158,27.236832,23.93584,29.464502,30.978048,30.1534,30.000547,27.505445,30.359745,34.2141,32.660908,30.74009,36.24456,39.13836,40.452236,36.193996,34.529064,39.151585,38.104153,33.277424,35.950867,38.53128,36.14964,32.61375,35.09807,31.966837,34.410038,30.879108,28.446512,27.485147,24.517693,21.03976,19.310328,15.8633,18.159874,21.22824,20.985912,24.667942,27.581707,30.576054,33.108772,35.758038,36.636395,34.452656,33.55249,31.911268,31.467068,30.715918,31.861555,30.563547,33.134865,29.046064,32.136707,33.17593,29.493479,27.932926,23.66682,22.14694,17.77181,16.274374,13.39802
2,5.619434,5.1390247,0.0,5.03387,7.4179144,8.427219,11.305837,15.414496,17.199263,21.133713,23.453714,26.18684,28.264736,26.970177,28.115257,22.890673,23.883549,20.54663,23.051565,20.787254,19.623898,22.234047,21.94956,15.938976,15.236069,12.305403,14.144325,11.660841,15.327428,14.589564,22.244719,20.70174,26.45243,26.415934,23.682194,19.18164,20.838446,23.78935,19.397814,16.34387,20.40101,20.933365,16.238895,15.9083,20.691748,19.083061,14.0112915,17.285667,20.965822,22.85738,23.636576,20.780367,26.333889,27.443863,26.329042,25.789032,23.02573,25.73481,29.86658,28.346577,25.96543,31.489317,34.225895,35.6251,31.316235,29.49316,34.0589,32.967728,28.166172,30.964981,33.478737,31.102327,27.625547,30.366991,27.175575,29.930136,26.554022,24.116966,23.748137,20.720345,17.620783,16.70851,12.5371,13.992724,16.597878,16.701345,19.7515,23.08396,25.914478,28.639618,31.404694,32.581993,30.38347,29.638277,27.605022,27.08669,26.01053,27.118929,25.609093,28.369125,24.25201,27.500229,28.763988,25.102356,23.281069,19.34787,17.355892,12.865835,11.455335,8.273998
3,9.437501,6.485944,5.03387,0.0,4.047523,8.115258,8.7285595,13.804268,15.494292,19.228035,21.904755,24.02274,26.590485,24.920033,27.060005,21.90591,22.98951,20.463438,22.414162,21.469778,20.101734,23.070238,22.40558,17.0523,17.309048,14.20203,15.370108,13.577353,16.553034,16.786655,23.306326,22.46957,27.427485,27.921595,24.799631,20.044958,22.08215,25.74359,21.672926,18.469238,22.941298,24.192928,19.505432,19.333754,24.312227,23.249851,18.345018,21.551886,25.497913,26.995937,27.661758,25.470402,30.873146,31.622082,30.572168,29.765587,26.653408,29.167479,33.628616,31.872564,28.925497,34.54441,36.875156,38.25496,33.619736,31.543304,35.97616,34.430088,30.0128,33.403015,35.256878,32.401894,29.58391,32.737926,29.923092,32.93984,29.647606,27.667974,27.528217,24.938147,21.98016,21.450544,17.065842,17.946512,20.095186,19.864,22.086655,25.265638,27.71316,30.711637,33.138897,34.260357,31.497492,30.234821,28.192476,27.137018,26.316055,26.980297,25.894148,27.710613,23.686308,26.587366,27.456476,24.063068,22.635622,18.655945,17.011091,13.536625,11.389876,10.078077
4,12.646593,10.170869,7.4179144,4.047523,0.0,5.323593,5.0277066,9.849597,11.787821,15.266722,18.116215,20.241121,22.9547,21.508999,24.215023,19.031567,20.70449,18.465986,21.15016,20.662352,20.090858,23.354557,23.39158,17.929012,18.079311,14.870162,14.65336,12.525194,14.496152,14.941573,20.397205,19.864973,24.278858,25.036789,21.816444,17.014257,19.419582,23.29548,19.4749,16.369905,21.177425,22.737848,18.204092,18.454412,23.401537,22.797987,18.282185,21.66333,25.672012,26.711262,26.963198,25.789772,30.832409,31.031046,30.11588,29.160284,25.608688,28.076984,32.675865,30.523531,27.189812,32.88512,34.89875,36.11495,31.25287,29.14281,33.584072,31.88048,27.80918,31.625305,33.219337,30.232552,27.868814,31.570566,28.748346,32.248898,29.263905,27.320099,27.924253,25.254465,22.825054,22.883036,18.248257,18.284449,19.58348,19.920109,20.863657,24.58383,26.591854,29.898766,32.320896,33.769657,30.810452,29.512459,26.999449,25.525084,24.33957,24.554811,23.313402,24.538319,20.380873,22.921782,23.605225,20.185797,18.96802,14.882311,13.706187,10.727417,8.879928,8.836337
5,13.536125,12.419406,8.427219,8.115258,5.323593,0.0,6.155426,7.481338,10.533213,13.544016,16.314734,19.254095,21.624418,21.064808,23.469698,18.196272,20.603992,17.828384,22.016724,20.690145,21.190351,24.39404,25.402042,19.304733,18.499538,15.3904705,14.237585,10.740035,11.901075,11.067247,16.351826,14.948473,19.826342,20.009005,16.719833,11.945517,14.245261,17.989574,14.239633,11.070292,15.95054,17.731392,13.389451,13.70749,18.541351,18.580557,14.482565,17.657621,21.668186,22.244463,22.308018,22.17555,26.68979,26.4579,25.932941,25.273445,21.36294,24.190378,28.510777,25.766422,22.682442,28.536106,30.636068,31.494308,26.573002,24.863087,29.667133,28.34094,24.29971,28.083035,30.192282,27.612396,25.096695,29.150925,25.794336,29.720444,27.079618,24.585424,25.97693,22.627253,20.827612,21.150322,16.64991,16.154186,16.620234,18.324903,18.332106,23.093662,24.94141,28.354486,31.157137,33.07496,30.489285,29.69152,26.634455,25.221397,23.25264,23.341566,21.30351,22.756947,18.196196,20.476175,21.274101,17.27455,16.007162,11.275862,11.005401,6.7919455,7.301992,6.6109867
6,16.884819,14.919422,11.305837,8.7285595,5.0277066,6.155426,0.0,6.106344,6.8834805,10.659745,13.24801,15.3147545,17.947147,16.508705,19.481075,14.363247,16.472658,14.738147,17.960896,18.191013,18.496582,21.980486,22.81196,17.620256,17.85381,14.812195,12.9579735,11.240148,11.75125,13.228209,17.013674,17.64437,20.947424,22.60517,19.835732,15.147854,18.42764,22.00258,18.302038,15.853341,21.106806,22.203121,17.983948,19.33981,23.919037,23.08091,19.298437,23.363808,26.992638,27.806091,27.169048,26.743029,31.477255,31.131382,29.949074,28.455519,24.65573,26.634054,31.537113,29.449112,25.351376,30.848925,32.33124,33.64149,28.662542,26.201902,30.302979,28.229221,24.608597,28.876917,29.839657,26.57204,24.882055,29.031097,26.54915,30.398054,27.773922,26.260595,27.540848,25.29531,23.481447,24.40184,19.602999,18.555368,18.880733,19.297958,18.735905,22.551695,23.943596,27.514587,29.735735,31.43355,28.19722,26.787464,23.871355,21.930077,20.523888,20.274843,19.127346,19.746414,15.681438,18.152988,18.866251,15.80599,14.50679,11.25537,9.500391,8.303318,6.051745,8.546169
7,20.827503,19.361586,15.414496,13.804268,9.849597,7.481338,6.106344,0.0,4.643027,6.127591,9.332815,12.091186,14.789625,14.682658,18.450756,13.642722,17.104624,15.633097,20.39678,20.541842,22.120947,25.556772,27.311172,21.9503,21.553411,18.72604,15.68885,13.116209,11.666886,12.32707,13.349489,13.844099,16.165098,17.751451,14.744426,10.404814,13.977495,17.671265,14.916524,12.936044,17.942865,19.731915,16.344784,17.900507,21.922218,22.270142,19.421732,22.904959,26.45415,26.419548,25.444824,26.751934,30.556322,29.40529,28.799889,27.526218,23.194277,25.322348,29.915283,26.932796,22.804375,28.309492,29.418026,30.144068,24.90859,22.843506,27.151682,25.202637,22.271505,26.940578,27.93745,24.910044,23.798931,28.686153,25.894754,30.40693,28.42021,26.591265,28.963232,26.241646,25.28251,26.580904,22.006655,20.290943,19.39094,21.179811,18.854013,23.687807,24.441526,28.234997,30.630713,32.901424,29.84567,28.783237,25.178787,22.908497,20.580017,19.58123,17.64765,17.267685,12.756898,13.957899,14.22243,10.456824,9.840855,5.4341626,6.7964606,6.8987546,7.874694,10.762781
8,22.78646,21.417173,17.199263,15.494292,11.787821,10.533213,6.8834805,4.643027,0.0,4.7844114,6.437753,9.042248,11.287923,10.56255,13.98494,9.177365,12.637216,11.783709,16.36825,17.257345,19.173649,22.607294,24.685389,19.956226,19.90929,17.413336,13.650773,12.306374,10.132304,12.451749,12.505861,14.846633,16.036354,18.93415,17.047026,13.148937,17.273018,20.053913,16.970875,15.7648,20.970234,21.494865,18.192995,20.723326,24.450626,23.646746,21.148857,25.541538,28.571266,28.91898,27.213184,28.072708,32.0451,30.889997,29.586851,27.593138,23.52396,24.859962,29.849514,27.675142,22.790243,27.827953,28.498707,29.74148,24.685352,21.936308,25.538698,23.065147,20.357609,25.211267,25.3782,21.920053,21.355074,26.20703,24.091558,28.470636,26.595627,25.505827,27.883827,26.009205,25.223331,27.083998,22.452572,20.201847,19.046114,20.029755,17.1016,21.207626,21.533508,25.373335,27.387186,29.58733,26.24383,24.958935,21.332281,18.773212,16.644361,15.43927,14.0469475,13.413659,9.272105,11.302542,12.113322,9.526125,8.064052,6.9664216,4.7100935,7.846842,7.1734905,11.381867
9,26.660826,25.14445,21.133713,19.228035,15.266722,13.544016,10.659745,6.127591,4.7844114,0.0,3.9545352,6.2022486,9.167413,9.701621,14.742961,11.082352,15.1787195,15.185945,19.90384,21.239927,23.55416,26.924122,29.197737,24.657993,24.544886,22.1176,18.153479,16.588375,13.775112,15.47688,13.095561,15.481605,15.070404,18.071404,16.01624,12.939812,16.843426,19.768003,17.830748,16.952843,21.59337,22.891127,20.284609,22.590559,25.935358,26.127142,24.106966,27.864819,30.95418,30.696281,28.969656,30.929564,34.27942,32.611244,31.795301,30.012148,25.677961,27.059336,31.729715,28.913841,24.110437,28.958101,29.175074,29.90606,24.72577,22.328693,25.809462,23.303417,21.548967,26.676403,26.55511,23.219688,23.44723,28.701176,26.598688,31.298029,29.874676,28.710749,31.624369,29.544151,29.139614,31.05485,26.546371,24.167227,22.522339,24.109035,20.375317,24.763899,24.59086,28.469748,30.390015,32.83971,29.511282,28.276218,24.409107,21.536459,19.084602,17.120543,15.560464,13.180424,9.350165,9.0437355,8.652776,6.023599,6.3851113,5.786661,7.3676324,11.0056925,11.651587,15.529159
10,28.983343,27.777927,23.453714,21.904755,18.116215,16.314734,13.24801,9.332815,6.437753,3.9545352,0.0,4.0783067,5.577018,6.8622255,11.348021,8.499045,12.833319,13.416002,18.290688,19.863787,22.769924,25.942945,28.727116,24.620527,24.469255,22.43268,17.94068,16.983139,13.459383,15.760597,11.825312,15.535143,13.813282,17.829538,16.8959,14.477262,18.625008,20.598352,18.66344,18.543428,23.097958,23.4405,21.220287,24.22936,27.112995,26.672665,25.227478,29.44031,32.024853,31.877884,29.506845,31.519114,34.678646,32.83154,31.627003,29.391674,25.250463,26.005512,30.751644,28.412714,23.145403,27.443445,27.179008,28.158644,23.20053,20.41658,23.23991,20.39694,19.181055,24.411634,23.635313,20.158218,21.06633,26.378103,24.748047,29.428432,28.36041,27.664644,30.857,29.290327,29.288763,31.667704,27.308592,24.457495,22.345613,23.738667,19.201582,23.183979,22.459078,26.295094,27.959959,30.527483,27.200544,26.040995,22.011782,18.971691,16.346521,13.9585085,12.526345,9.355916,6.014807,5.467479,5.7845607,4.910716,4.4249854,7.6772237,7.3932624,12.348932,12.818431,16.922472
11,31.792526,30.205805,26.18684,24.02274,20.241121,19.254095,15.3147545,12.091186,9.042248,6.2022486,4.0783067,0.0,4.069433,4.735978,11.274249,9.794191,13.562806,15.356901,19.099579,21.756126,24.415678,27.564335,30.104263,26.659586,26.976181,25.003765,20.616371,20.240952,16.952114,19.634245,15.695354,19.569849,17.315123,21.473036,20.499908,18.226948,22.21347,24.394001,22.681087,22.443056,26.963152,27.5105,25.251127,28.137903,31.12826,30.70471,29.120525,33.351135,36.039692,35.903934,33.58487,35.496,38.74089,36.89833,35.631947,33.266804,29.214687,29.765982,34.561264,32.3638,27.001736,31.041832,30.473349,31.501095,26.68308,23.814732,26.103119,22.97636,22.309412,27.538479,26.106737,22.408356,23.936707,29.096199,27.957779,32.463226,31.445156,31.130281,34.16468,32.93603,32.817196,35.20676,30.753492,27.968744,26.02745,26.962637,22.536232,25.909994,24.942831,28.69276,29.933405,32.31213,28.687141,27.163555,23.372904,20.01316,17.933882,15.174175,14.678101,10.228203,8.611121,7.0975323,6.2192426,7.627502,8.197411,11.247957,11.125287,16.02322,15.855844,20.183249
12,33.805202,32.598175,28.264736,26.590485,22.9547,21.624418,17.947147,14.789625,11.287923,9.167413,5.577018,4.069433,0.0,3.9960246,8.509297,8.635739,12.2221365,14.411193,18.27137,20.860018,24.10049,26.959558,30.03118,26.924551,27.073648,25.497663,20.753862,20.770094,16.996752,19.91311,14.85384,19.55671,16.329124,21.146395,21.164967,19.450947,23.547451,24.868362,23.185524,23.584503,27.944414,27.6515,25.80275,29.23523,31.758406,30.82105,29.813164,34.348362,36.544,36.484253,33.608513,35.602856,38.587635,36.584015,35.00534,32.289623,28.484034,28.464235,33.202137,31.459457,25.815878,29.233969,28.214155,29.45135,24.971487,21.837955,23.391659,20.019775,19.979567,25.132904,23.087273,19.376936,21.598118,26.700037,26.015842,30.434011,29.821085,29.904383,33.20884,32.411633,32.715286,35.49335,31.269014,28.097578,25.728321,26.586666,21.495998,24.455837,22.951887,26.559256,27.560709,30.075655,26.58688,25.261562,21.332855,17.937279,15.657543,12.506967,12.181274,6.781595,6.8228498,4.9997797,5.2394395,8.378386,8.20114,13.0448475,11.947683,17.304905,17.234123,21.49566
13,32.521595,31.082624,26.970177,24.920033,21.508999,21.064808,16.508705,14.682658,10.56255,9.701621,6.8622255,4.735978,3.9960246,0.0,7.2449827,7.1032863,9.912224,12.80239,15.529396,18.93816,21.657143,24.569923,27.246986,24.620422,25.24905,23.695734,19.22016,19.892654,16.683865,20.208544,16.67893,21.348825,19.134321,23.84016,23.539465,21.134253,25.38257,27.071777,24.773232,24.75206,29.531181,29.117283,26.709877,30.09635,33.048183,31.604918,30.096992,34.973564,37.30959,37.63425,34.926456,36.11095,39.63479,38.017494,36.126507,33.238346,29.604086,29.536972,34.58438,33.26936,27.523418,31.11575,30.362999,31.983297,27.523527,24.107609,25.671944,22.174894,21.518038,26.54394,24.396744,20.35226,22.24536,26.9728,26.568134,30.648886,29.649097,30.024744,32.777252,32.32821,32.22074,34.90571,30.530672,27.556664,25.688103,25.791023,21.394468,23.713835,22.44845,26.017607,26.781528,28.921862,25.08236,23.319803,19.75864,16.222994,14.717083,11.861864,12.500674,8.030149,8.118716,8.430601,8.979086,11.1276045,10.408499,14.383736,12.126582,17.32617,16.232998,20.687323
14,33.307705,32.61934,28.115257,27.060005,24.215023,23.469698,19.481075,18.450756,13.98494,14.742961,11.348021,11.274249,8.509297,7.2449827,0.0,5.3144,5.6951523,9.163124,11.539941,14.539854,18.122635,20.366598,23.933523,22.032064,22.410234,21.721138,17.002352,18.72267,15.350864,19.384424,15.899711,21.378124,19.106525,24.295435,25.288578,23.203117,27.575436,28.061075,25.223465,25.919569,30.605005,28.551235,26.446224,30.636135,33.023865,30.206053,29.385834,34.94092,36.412308,37.23394,33.76454,34.294044,37.749454,36.284275,33.580734,30.010601,27.115297,26.024553,31.125973,31.096027,25.013508,27.646702,26.599848,28.998064,25.283993,21.271914,21.706738,17.93932,17.335197,21.78669,18.782488,14.505794,16.923487,21.015062,21.589561,25.101517,24.461514,25.727318,28.447147,29.01842,29.384617,32.638092,28.750233,25.306368,23.107775,22.521828,17.674164,18.60484,16.626371,19.848166,20.134504,22.298475,18.59104,17.109911,13.399174,9.867288,8.404051,5.2591085,7.5195594,4.988535,7.828302,10.501717,12.789157,14.876651,12.735786,17.687391,13.4111395,18.416655,17.039606,20.979292
15,28.15205,27.438253,22.890673,21.90591,19.031567,18.196272,14.363247,13.642722,9.177365,11.082352,8.499045,9.794191,8.635739,7.1032863,5.3144,0.0,4.442525,5.834678,10.216284,12.25062,15.546869,18.38167,21.644106,18.566027,18.754353,17.53083,12.749298,13.9229,10.701642,14.836735,12.830745,17.719433,16.898148,21.523983,21.802816,19.0447,23.461712,24.449865,21.166744,21.377691,26.350863,24.66544,22.043325,25.970058,28.779097,26.142094,24.780243,30.277212,32.11251,32.99251,29.96305,30.262999,34.078003,32.844963,30.364357,27.144405,23.91105,23.532194,28.832315,28.33389,22.460213,26.045534,25.77667,27.998524,23.76221,19.93766,21.68101,18.352509,16.389784,21.094086,19.456278,15.32468,16.147764,20.612684,20.119217,23.988636,22.708406,23.204643,25.744629,25.612064,25.560562,28.488348,24.322596,21.113773,19.236307,18.913107,14.588853,16.654322,15.660066,19.33261,20.454645,22.657778,19.011396,17.612274,13.731219,10.578486,8.555542,6.675606,6.9629445,6.6370697,5.526374,9.69689,12.086904,12.459105,9.803555,13.572457,8.55595,13.33241,11.74829,15.796153
16,28.838696,28.23862,23.883549,22.98951,20.70449,20.603992,16.472658,17.104624,12.637216,15.1787195,12.833319,13.562806,12.2221365,9.912224,5.6951523,4.442525,0.0,4.6158447,6.208838,9.448721,12.569154,15.063279,18.39388,16.441229,17.120352,16.492264,12.12656,14.699478,12.3621,16.900375,16.119179,20.9686,20.548182,25.159061,25.690166,22.805197,27.186474,27.976698,24.295343,24.48597,29.523743,27.213327,24.416018,28.482323,31.302504,27.79357,26.362709,32.270443,33.817005,35.17553,32.019855,31.390411,35.53472,34.67898,31.653393,28.048956,25.404835,24.506533,29.921545,30.33039,24.417229,27.54514,27.290264,30.030186,26.251806,22.158264,23.267567,19.861712,17.712158,21.77819,19.652502,15.380058,16.126095,19.625748,19.987415,23.073742,21.619667,22.909048,24.79163,25.574224,25.352072,28.414618,24.437347,21.293015,19.84036,18.318447,14.76524,15.094794,14.025199,17.321594,17.841455,19.55252,15.536911,13.683928,10.2466955,6.9177265,6.5160217,5.7779374,8.070486,9.256082,9.615907,13.806934,16.23542,16.898127,14.18668,17.695448,12.130975,16.103294,13.632407,17.256054
17,25.266285,25.157162,20.54663,20.463438,18.465986,17.828384,14.738147,15.633097,11.783709,15.185945,13.416002,15.356901,14.411193,12.80239,9.163124,5.834678,4.6158447,0.0,6.6700764,6.5554705,10.269763,12.960173,16.641933,13.403738,13.350474,12.667212,7.932449,10.427368,8.292971,12.859693,13.6236,17.894363,18.684172,22.74732,23.298512,20.252993,24.484495,25.026455,20.912882,21.10503,26.092539,23.349262,20.410578,24.566866,27.323612,23.419477,21.98514,28.034367,29.414171,30.974188,27.84518,26.849028,31.135866,30.49565,27.373625,23.83775,21.25965,20.552513,26.049189,26.562412,20.847898,24.301525,24.623253,27.425865,23.629866,19.638742,21.392588,18.471405,15.221254,19.048462,18.010403,14.098903,13.378044,16.905428,16.517073,19.737001,17.893028,18.720655,20.569895,21.04292,20.784863,23.867462,19.943699,16.701168,15.264033,13.809133,10.43255,11.404005,11.102532,14.697149,16.066525,18.000322,14.47854,13.303344,9.577689,7.4647565,5.966579,6.926567,7.2834783,10.902653,9.711964,14.595111,17.321657,16.840225,13.65142,16.264856,10.071009,12.951601,10.547985,13.511536
18,27.346212,26.932772,23.051565,22.414162,21.15016,22.016724,17.960896,20.39678,16.36825,19.90384,18.290688,19.099579,18.27137,15.529396,11.539941,10.216284,6.208838,6.6700764,0.0,5.970277,7.3657675,9.521267,12.491958,11.969279,13.487999,13.593628,10.683069,14.722385,14.167983,18.682163,20.290892,24.453737,25.288336,29.415718,29.808897,26.491745,30.698164,31.531427,27.231764,27.079956,32.193962,29.404644,26.158646,30.051582,33.07595,28.62726,26.768974,32.99244,34.341957,36.375874,33.44115,31.35242,36.105183,35.96324,32.426563,28.665478,26.73563,25.662031,31.116589,32.420876,26.838266,29.837835,30.089903,33.270645,29.865395,25.742449,26.791885,23.715128,20.778223,23.895418,22.127651,18.18295,17.792528,19.78967,20.617002,22.543308,20.414383,22.274385,22.819845,24.48622,23.655247,26.53015,22.815193,20.17557,19.77599,16.649607,15.259487,13.60464,13.449627,15.98342,16.077991,16.73778,12.44988,9.895189,8.152258,6.4158187,8.682387,10.207335,12.603039,15.293083,15.358263,19.842081,22.268923,22.431486,19.56276,22.04974,16.007433,18.493767,15.045785,17.686394
19,24.500338,24.971245,20.787254,21.469778,20.662352,20.690145,18.191013,20.541842,17.257345,21.239927,19.863787,21.756126,20.860018,18.93816,14.539854,12.25062,9.448721,6.5554705,5.970277,0.0,4.834834,6.671019,11.049301,8.784029,8.89735,9.7239,6.9618187,11.253377,11.387403,15.304387,18.33693,21.786095,23.645174,27.158287,27.8993,24.735168,28.625662,28.832155,24.201374,24.297823,29.062412,25.437252,22.329023,26.392609,29.018171,23.82137,22.30728,28.695166,29.499304,31.859045,28.768414,26.080036,30.854454,31.006195,27.160563,23.325356,21.881477,20.672197,26.040981,27.88624,22.674477,25.562761,26.367205,29.727364,26.658081,22.700893,24.041454,21.592424,17.703636,20.045588,19.366125,16.071095,14.088588,15.459554,15.788266,17.398327,14.825669,16.55911,16.853699,18.690897,18.005556,21.131132,17.826237,14.971608,14.620691,10.99379,10.3983755,8.06083,9.012213,11.516043,12.60726,13.545646,10.1693,9.073876,6.9788356,7.4533396,8.354035,11.239038,12.17024,16.856153,16.116257,21.04581,23.852022,23.179932,19.895775,21.815027,15.52234,16.698486,13.736752,15.072785
20,22.803137,23.100107,19.623898,20.101734,20.090858,21.190351,18.496582,22.120947,19.173649,23.55416,22.769924,24.415678,24.10049,21.657143,18.122635,15.546869,12.569154,10.269763,7.3657675,4.834834,0.0,3.5489087,6.4534698,5.1335464,7.0171757,8.174961,7.989252,12.568467,14.172151,17.7822,22.174706,25.027508,27.608004,30.756657,30.940435,27.322773,31.050388,31.769955,26.9013,26.415327,31.280712,28.022903,24.430048,27.924303,30.98507,25.70873,23.450727,29.720446,30.778194,33.486702,30.98213,27.36035,32.66585,33.356453,29.529787,25.987011,24.76938,23.952995,29.195835,31.098877,26.309158,29.46301,30.639874,33.96476,30.84562,27.056763,28.680979,26.359514,22.269295,24.38055,24.019823,20.85961,18.591602,19.354881,19.587172,20.553705,17.451128,19.035158,18.049068,20.023207,18.404556,20.85934,17.580154,15.711415,16.65844,12.165786,13.907311,11.325941,13.1191435,14.880245,15.664226,15.613754,12.395306,10.761113,10.512735,11.230059,12.947954,15.596536,16.75453,20.937712,19.910564,24.76799,27.325659,26.409632,23.29254,24.390142,18.26357,18.63476,14.976377,15.74117
21,24.845846,25.482962,22.234047,23.070238,23.354557,24.39404,21.980486,25.556772,22.607294,26.924122,25.942945,27.564335,26.959558,24.569923,20.366598,18.38167,15.063279,12.960173,9.521267,6.671019,3.5489087,0.0,5.0981646,6.5763683,8.100846,10.277705,10.814026,15.272036,16.925657,20.277218,24.635939,27.488056,30.022537,33.15948,33.6752,30.241901,33.88064,34.245396,29.345753,29.071163,33.719196,29.970243,26.603008,30.177519,32.932533,27.16115,25.236217,31.520426,32.12804,35.088985,32.420376,28.29877,33.52552,34.440746,30.27766,26.547958,25.944244,24.689472,29.693493,32.28633,27.67483,30.278376,31.440487,35.017025,32.348827,28.54218,29.711851,27.53438,23.500843,24.94447,24.470762,21.634497,19.253984,18.978867,19.810753,19.867453,16.786371,19.014534,17.364698,20.25079,18.761717,21.292606,18.687023,16.953947,18.01806,13.020947,15.307565,11.349436,13.158957,13.987938,14.280983,13.503309,10.736034,9.367614,10.454456,12.160947,14.37761,17.381214,18.742268,23.268272,22.65549,27.553436,30.24458,29.492289,26.286148,27.620138,21.432268,21.72398,18.272226,18.663511
22,23.963778,24.28252,21.94956,22.40558,23.39158,25.402042,22.81196,27.311172,24.685389,29.197737,28.727116,30.104263,30.03118,27.246986,23.933523,21.644106,18.39388,16.641933,12.491958,11.049301,6.4534698,5.0981646,0.0,6.631882,9.530557,11.306916,13.451902,17.637398,20.09419,23.248554,28.435148,30.869848,33.90082,36.779484,36.74096,32.921013,36.419197,37.327175,32.308765,31.501017,36.23363,33.010082,29.24105,32.23171,35.409897,29.844292,27.236712,33.231106,34.191624,37.338825,35.28011,30.575125,36.188557,37.497272,33.517857,30.156477,29.544792,28.749573,33.661266,36.050377,31.740768,34.704334,36.130882,39.588646,36.73444,33.054283,34.565773,32.402946,28.238724,29.780533,29.524302,26.635925,24.17663,23.910913,24.477274,24.391502,21.048307,22.874456,20.474966,23.06821,20.801931,22.505482,19.941753,19.192331,21.161745,16.053293,19.466932,16.063868,18.185192,18.915876,19.118664,17.88739,15.324089,13.610672,15.221154,16.525675,18.93807,21.652418,23.11132,27.154413,26.248882,31.04417,33.482803,32.53539,29.520018,30.181046,24.252481,24.035997,20.15625,20.228321
23,18.339083,18.955528,15.938976,17.0523,17.929012,19.304733,17.620256,21.9503,19.956226,24.657993,24.620527,26.659586,26.924551,24.620422,22.032064,18.566027,16.441229,13.403738,11.969279,8.784029,5.1335464,6.5763683,6.631882,0.0,3.6606205,4.681044,7.738273,11.362663,14.4828415,17.122023,23.246204,24.975952,28.7233,31.06531,30.727797,26.826593,30.114342,31.11738,26.040827,25.052444,29.730421,26.762802,22.808815,25.63653,28.955149,23.703718,20.791096,26.770496,28.017132,31.007143,29.176054,24.763828,30.493523,31.701538,28.102592,25.12225,23.999609,23.89202,28.890303,30.543959,26.454752,30.095661,31.926968,35.00842,31.785648,28.415295,30.769558,28.902147,24.251759,26.133255,26.815546,24.040007,20.905064,21.5954,20.887283,21.768036,18.134203,18.73746,16.92113,18.152115,15.6201725,17.266521,13.96829,13.160981,15.363324,10.720195,14.6434,13.0735035,15.883174,17.515697,18.978487,18.899673,16.47448,15.399007,15.149207,15.983586,17.004875,19.577864,19.969347,24.297602,22.402088,27.196344,29.604757,27.9273,24.89638,24.783375,19.11565,18.015053,14.386628,13.806465
24,17.407297,18.718155,15.236069,17.309048,18.079311,18.499538,17.85381,21.553411,19.90929,24.544886,24.469255,26.976181,27.073648,25.24905,22.410234,18.754353,17.120352,13.350474,13.487999,8.89735,7.0171757,8.100846,9.530557,3.6606205,0.0,3.2173765,6.57467,9.478673,12.819816,14.801987,21.377659,22.671144,26.78839,28.778118,28.689331,25.034164,28.108772,28.670584,23.550438,22.808285,27.187195,23.75754,20.000875,22.975578,25.954565,20.356321,17.756615,23.842154,24.734055,27.816742,25.822668,21.268648,26.936129,28.196562,24.508194,21.562368,20.619894,20.556648,25.424345,27.199358,23.381315,26.974838,29.063713,32.10157,29.049902,25.880655,28.408836,26.90538,21.974146,23.499916,24.797255,22.430634,18.712658,19.298643,18.067442,18.97587,15.209722,15.337613,13.54912,14.495292,12.044632,14.002874,10.817593,9.706002,12.000709,7.192659,11.980992,10.843261,14.131364,15.732049,17.799646,18.12029,16.306417,15.963811,15.201146,16.333658,16.643587,19.374836,19.125566,24.000301,21.850016,26.669737,29.224422,27.250845,24.093887,23.854317,18.291838,16.65378,13.702804,12.373269
25,15.082821,16.05203,12.305403,14.20203,14.870162,15.3904705,14.812195,18.72604,17.413336,22.1176,22.43268,25.003765,25.497663,23.695734,21.721138,17.53083,16.492264,12.667212,13.593628,9.7239,8.174961,10.277705,11.306916,4.681044,3.2173765,0.0,5.077213,7.2351246,11.086167,12.97954,19.953861,20.961824,25.336258,27.158018,26.59123,22.671055,25.736328,26.769638,21.657753,20.534512,25.130491,22.36189,18.264038,20.96336,24.377048,19.427286,16.262531,22.23818,23.721102,26.545618,24.893576,20.824883,26.583426,27.672722,24.442076,21.847027,20.266848,20.799437,25.770075,26.760555,22.92487,27.094389,29.241173,31.967266,28.488655,25.446552,28.46374,26.899632,21.96122,24.050135,25.496626,22.935286,19.36307,20.788853,19.049484,20.69965,17.049192,16.523506,15.399616,15.2470665,12.616914,14.183123,10.1777315,9.232633,11.592545,7.912898,12.030677,12.438675,15.516519,17.693968,19.949545,20.62415,18.471918,17.872587,16.541348,17.020142,16.916712,19.213774,18.686089,23.097282,20.453348,25.098568,27.445055,25.176678,22.183205,21.38493,16.113379,14.086932,10.953082,9.4948435
26,18.11013,18.67698,14.144325,15.370108,14.65336,14.237585,12.9579735,15.68885,13.650773,18.153479,17.94068,20.616371,20.753862,19.22016,17.002352,12.749298,12.12656,7.932449,10.683069,6.9618187,7.989252,10.814026,13.451902,7.738273,6.57467,5.077213,0.0,4.6235385,6.7629247,9.945721,15.546603,17.501837,21.017017,23.490122,23.296541,19.593895,23.15867,23.97256,19.04413,18.427341,23.325262,20.459564,16.660753,20.166767,23.3772,18.788939,16.317715,22.542347,24.033968,26.290035,23.955105,21.31006,26.498983,26.803537,23.637575,20.654228,18.434328,18.662035,24.021318,24.655071,20.01715,24.214994,25.85377,28.55557,24.821997,21.476276,24.366638,22.465267,17.801825,20.590317,21.544619,18.628756,15.598248,18.04393,16.345158,18.942064,15.852675,15.518501,15.98774,15.723697,14.269784,16.723848,12.540274,10.022593,10.380686,7.9044895,8.6983595,10.230033,12.4772215,15.4702215,17.800028,19.18525,16.592392,15.968291,13.524841,13.323664,12.490535,14.469455,13.705358,18.068039,15.466156,20.198065,22.686102,20.6952,17.548494,17.59804,11.797852,11.000144,7.975403,8.239308
27,15.853391,16.663288,11.660841,13.577353,12.525194,10.740035,11.240148,13.116209,12.306374,16.588375,16.983139,20.240952,20.770094,19.892654,18.72267,13.9229,14.699478,10.427368,14.722385,11.253377,12.568467,15.272036,17.637398,11.362663,9.478673,7.2351246,4.6235385,0.0,4.5689073,5.974608,13.159043,13.857418,18.38991,20.045504,19.407051,15.592113,18.863844,19.829102,14.814618,13.920345,18.807434,16.380816,12.299061,15.625909,19.040588,15.127045,12.324435,18.359034,20.249846,22.179377,20.163681,18.19056,23.265036,23.385881,20.841507,18.51611,15.621801,16.846853,21.98939,21.615364,17.409,22.335335,24.374361,26.52805,22.447088,19.645754,23.4274,21.98033,17.121742,20.100393,21.996212,19.493017,16.125738,19.24982,16.426275,19.727898,16.814365,15.168598,16.350887,14.469318,13.10552,15.164555,10.64925,8.137692,8.156344,8.204564,8.514577,12.448957,14.700629,17.854074,20.727201,22.552256,20.378208,20.122232,17.235403,16.802658,15.035629,16.455292,14.637636,18.669794,15.149177,19.39581,21.667395,18.853855,15.89163,14.757189,9.872594,7.293743,5.6121926,4.3423305
28,19.903812,20.425938,15.327428,16.553034,14.496152,11.901075,11.75125,11.666886,10.132304,13.775112,13.459383,16.952114,16.996752,16.683865,15.350864,10.701642,12.3621,8.292971,14.167983,11.387403,14.172151,16.925657,20.09419,14.4828415,12.819816,11.086167,6.7629247,4.5689073,0.0,4.62588,8.973304,11.005997,14.375033,16.84253,16.781326,13.424324,17.238707,17.778353,13.168539,13.116063,18.064592,15.525323,12.200698,16.276836,19.155859,15.8219,14.151125,19.93236,21.619465,22.914665,20.199032,19.75612,23.99929,23.316202,20.903929,18.271805,14.851374,15.666687,20.972597,20.220978,15.209271,20.04857,21.485497,23.546627,19.201908,16.104744,19.79508,18.046856,13.586142,17.350569,18.7765,16.056976,13.418651,17.575024,14.830368,18.948301,16.790068,15.40707,17.872044,16.151634,15.879131,18.497934,14.366089,11.124084,9.248587,10.458791,7.264587,12.213954,13.346534,16.96758,19.773943,22.147467,19.824474,19.655638,16.014217,15.000041,12.363882,13.140487,10.712341,14.543481,10.917115,15.146305,17.61215,15.043421,11.847606,11.880407,6.474796,6.0279274,5.81616,7.1178994
29,18.58976,19.67907,14.589564,16.786655,14.941573,11.067247,13.228209,12.32707,12.451749,15.47688,15.760597,19.634245,19.91311,20.208544,19.384424,14.836735,16.900375,12.859693,18.682163,15.304387,17.7822,20.277218,23.248554,17.122023,14.801987,12.97954,9.945721,5.974608,4.62588,0.0,8.579508,8.00196,13.251785,14.233727,13.946926,10.787762,13.915663,14.08165,9.122081,9.13744,13.763788,11.07484,7.575814,11.815979,14.5303955,11.623582,10.123162,15.583406,17.308544,18.353308,15.808093,15.983725,19.963518,19.180092,17.327383,15.459338,11.538854,13.500491,18.31532,16.688562,12.48451,17.990782,20.098549,21.608845,17.183702,14.948742,19.526873,18.632366,13.930507,17.160366,19.866228,17.99984,14.706765,18.742682,14.966354,19.250856,17.19875,14.578915,17.39516,14.308698,14.286408,16.49806,12.696228,9.705993,7.4224916,10.833333,8.351805,14.292114,15.787554,19.06483,22.328087,24.846102,23.15092,23.431993,19.86578,19.214493,16.324747,17.075998,14.055572,17.756199,13.782839,17.201561,19.406126,16.060349,13.252666,11.865493,8.576018,5.529068,7.8173404,6.881972
30,26.742445,27.28311,22.244719,23.306326,20.397205,16.351826,17.013674,13.349489,12.505861,13.095561,11.825312,15.695354,14.85384,16.67893,15.899711,12.830745,16.119179,13.6236,20.290892,18.33693,22.174706,24.635939,28.435148,23.246204,21.377659,19.953861,15.546603,13.159043,8.973304,8.579508,0.0,5.7558227,5.4866796,9.183102,10.853764,9.900076,13.592856,12.55873,9.996793,12.014849,15.571197,13.331779,12.519543,16.815441,18.072174,16.813276,17.256111,21.50396,22.72663,22.55515,19.03542,21.821728,24.004854,21.77472,20.411285,18.223482,14.030331,14.778702,19.1077,16.723776,11.337032,15.866738,16.272945,17.239784,12.211913,9.560253,13.886449,12.466934,9.693821,14.41609,15.898013,14.017588,13.013962,18.453108,15.364413,20.52223,20.00179,18.24743,22.512924,20.208454,21.453838,24.255674,20.941557,17.46173,13.936452,17.269186,11.594301,17.171011,16.709076,20.201803,22.972847,26.163054,24.345568,24.709202,20.377209,18.890388,15.024205,14.249602,10.398462,12.358869,8.841367,10.722484,13.077481,10.4956045,7.7885976,9.624661,8.067168,9.812024,12.690218,14.301523
31,24.563826,25.484373,20.70174,22.46957,19.864973,14.948473,17.64437,13.844099,14.846633,15.481605,15.535143,19.569849,19.55671,21.348825,21.378124,17.719433,20.9686,17.894363,24.453737,21.786095,25.027508,27.488056,30.869848,24.975952,22.671144,20.961824,17.501837,13.857418,11.005997,8.00196,5.7558227,0.0,6.880047,6.2488804,6.900577,6.3543653,8.881,7.2698216,4.329754,7.0986657,9.8717785,8.252068,8.016085,11.7450905,12.657062,12.9392,13.5897,16.657875,18.119328,17.362593,14.385653,18.239607,19.96164,17.5816,17.302088,16.384865,11.682944,14.0767,17.531004,13.611595,9.848487,15.41607,16.95384,16.98671,11.851444,11.037753,16.461536,16.293278,13.125754,16.658169,19.6763,18.640648,16.539736,21.379475,17.310158,22.288221,21.519785,18.567053,22.697636,19.095032,20.257189,22.357334,19.39627,16.564291,13.329746,17.88719,13.643002,19.847563,20.223013,23.42939,26.654587,29.749065,28.342442,28.913576,24.814512,23.722044,20.029305,19.696453,15.887627,17.990393,14.081337,15.382483,17.033974,13.363215,11.567715,10.307785,10.827897,9.651428,13.734012,13.81284
32,30.811842,31.318169,26.45243,27.427485,24.278858,19.826342,20.947424,16.165098,16.036354,15.070404,13.813282,17.315123,16.329124,19.134321,19.106525,16.898148,20.548182,18.684172,25.288336,23.645174,27.608004,30.022537,33.90082,28.7233,26.78839,25.336258,21.017017,18.38991,14.375033,13.251785,5.4866796,6.880047,0.0,5.507315,8.634831,10.151299,12.781911,10.778236,10.675507,13.395971,15.416095,14.124685,14.836058,18.442207,18.73279,19.094505,20.327085,23.353762,24.419277,23.332226,19.82566,24.28109,25.245008,22.243267,21.841707,20.326956,16.100363,17.02155,20.17626,16.622297,12.165666,15.920932,15.6687,15.344256,10.131134,9.004421,13.3026,12.594186,11.759697,16.01185,17.532877,16.48288,16.374102,21.756655,18.658186,23.844849,23.986158,22.002625,26.70781,24.050806,25.72363,28.362865,25.400267,22.082165,18.372417,22.278667,16.528423,22.00545,21.16637,24.396181,27.072643,30.463243,28.899004,29.425207,25.004145,23.39521,19.38991,18.071718,14.263784,14.672251,11.858756,11.429558,12.944311,10.571967,9.405772,11.190612,12.3207035,14.010258,17.474146,18.980534
33,30.164568,30.982727,26.415934,27.921595,25.036789,20.009005,22.60517,17.751451,18.93415,18.071404,17.829538,21.473036,21.146395,23.84016,24.295435,21.523983,25.159061,22.74732,29.415718,27.158287,30.756657,33.15948,36.779484,31.06531,28.778118,27.158018,23.490122,20.045504,16.84253,14.233727,9.183102,6.2488804,5.507315,0.0,5.1652465,8.694932,9.384708,5.899521,7.901996,11.040117,11.234902,10.952276,12.835952,15.427081,14.86981,16.952457,18.610474,20.217184,21.271578,19.422152,16.435925,22.123732,22.256351,18.932152,19.725924,19.41416,15.040791,17.09747,19.18473,14.155109,11.602873,15.781083,16.453554,15.037,9.978188,10.950054,15.986352,16.46352,15.134305,18.333069,21.149614,20.800964,19.74231,24.658754,20.80433,25.820137,25.851887,22.974192,27.60673,24.00444,25.70793,27.781208,25.252588,22.462528,18.976528,23.708263,18.892109,24.832325,24.58721,27.603958,30.65933,34.01028,32.804142,33.535297,29.244774,27.954393,24.000051,23.076302,19.174414,20.04242,16.79506,16.362875,17.36209,14.159929,13.554509,13.009722,15.389276,15.2615595,19.427856,19.883669
34,27.478714,27.878763,23.682194,24.799631,21.816444,16.719833,19.835732,14.744426,17.047026,16.01624,16.8959,20.499908,21.164967,23.539465,25.288578,21.802816,25.690166,23.298512,29.808897,27.8993,30.940435,33.6752,36.74096,30.727797,28.689331,26.59123,23.296541,19.407051,16.781326,13.946926,10.853764,6.900577,8.634831,5.1652465,0.0,4.806888,4.653658,4.4438734,6.7745056,8.207362,8.751166,11.380786,12.033376,13.339512,13.988688,17.345003,17.719564,18.699982,20.89727,18.852789,17.202408,22.537628,23.332718,20.484558,21.758377,21.928009,17.27996,20.130835,22.550663,17.24592,15.141317,20.112295,21.267582,20.01471,14.964699,15.551766,20.75192,20.781872,18.888363,22.459433,25.214563,24.267345,22.941538,27.956575,23.958721,28.962929,28.363445,25.240814,29.316786,25.274805,26.21724,27.705133,24.753096,22.538279,19.782911,24.40521,20.472887,26.667156,26.908205,30.192915,33.30579,36.452904,34.843628,35.18459,30.970478,29.437914,25.717154,24.73407,21.048088,21.446316,17.476221,16.914467,17.317652,13.229445,13.228465,10.476966,14.398554,13.408774,17.803858,18.146597
35,23.31083,23.421377,19.18164,20.044958,17.014257,11.945517,15.147854,10.404814,13.148937,12.939812,14.477262,18.226948,19.450947,21.134253,23.203117,19.0447,22.805197,20.252993,26.491745,24.735168,27.322773,30.241901,32.921013,26.826593,25.034164,22.671055,19.593895,15.592113,13.424324,10.787762,9.900076,6.3543653,10.151299,8.694932,4.806888,0.0,4.4192724,7.313908,6.0851054,5.490584,8.842511,11.505514,10.1698065,11.538167,13.871972,16.310478,15.366412,17.199207,20.113157,18.815266,17.569485,21.438257,23.479006,21.366688,22.011032,21.823431,17.0926,20.070608,23.348566,18.777555,15.996164,21.595318,23.079826,22.637074,17.423153,16.98668,22.25199,21.706753,18.973696,22.89681,25.453053,23.87151,22.176786,27.165157,23.246996,28.155342,26.949354,23.941767,27.45517,23.504225,23.774137,25.091106,21.609118,19.611494,17.435703,21.564192,18.310247,24.458227,25.100021,28.57214,31.660362,34.553516,32.603916,32.628067,28.582666,26.985956,23.581057,22.802092,19.397955,20.06574,15.577371,15.885107,16.455202,11.906314,11.425341,7.164217,10.870578,9.056274,13.426244,13.798976
36,24.232117,24.576513,20.838446,22.08215,19.419582,14.245261,18.42764,13.977495,17.273018,16.843426,18.625008,22.21347,23.547451,25.38257,27.575436,23.461712,27.186474,24.484495,30.698164,28.625662,31.050388,33.88064,36.419197,30.114342,28.108772,25.736328,23.15867,18.863844,17.238707,13.915663,13.592856,8.881,12.781911,9.384708,4.653658,4.4192724,0.0,5.435828,6.594736,5.790688,6.0985074,11.052005,10.744403,10.424299,12.044558,16.371006,15.754161,15.859737,18.90673,16.809893,16.448635,21.241575,22.504505,20.236662,21.90419,22.64259,18.045704,21.574802,23.985188,18.607063,17.240404,22.69062,24.496807,23.405876,18.513798,19.058725,24.500181,24.54423,21.93004,25.313461,28.442951,27.336113,25.383974,30.131014,25.876038,30.648787,29.525507,26.042171,29.514322,25.00801,25.341978,26.167381,23.170101,21.665619,19.69207,24.262661,21.522799,27.769419,28.600224,31.884537,35.14684,38.063347,36.388645,36.590282,32.598507,31.180798,27.734993,27.060476,23.54151,24.278557,19.889729,19.846695,20.137142,15.623419,15.589108,11.196432,15.239132,12.760202,17.120745,16.699291
