,0,1,2,3,4,5,6,7,8,9,10,11,12,13,14,15,16,17,18,19,20,21,22,23,24,25,26,27,28,29,30,31,32,33,34,35,36,37,38,39,40,41,42,43,44,45,46,47,48,49,50,51,52,53,54,55,56,57,58,59,60,61,62,63,64,65,66,67,68,69,70,71,72,73,74,75,76,77,78,79,80,81,82,83,84,85,86,87,88,89,90,91,92,93,94,95,96,97,98,99,100,101,102,103,104,105,106,107,108
0,0.0,4.730336,6.8898635,9.302376,12.4909725,14.027386,17.536055,21.490648,23.101238,28.065304,31.587278,35.32888,33.849243,31.755487,27.689846,25.478514,21.427155,20.801155,16.54202,14.7601,12.829909,10.490534,12.015498,9.444114,13.66162,16.950144,19.613138,19.111465,21.639242,19.390635,24.282747,21.405855,28.673498,25.327454,29.634949,31.363375,31.332863,31.246405,26.674105,22.968601,28.352451,24.67484,27.590498,26.20102,23.783087,24.179186,23.834684,22.621813,25.879536,28.920778,31.258211,29.721817,31.919456,34.338615,31.33358,33.637764,33.826984,34.750957,39.800217,38.07885,34.785713,37.368523,35.034443,37.60754,35.842705,40.032207,38.895824,35.32216,34.252365,31.287302,30.759668,33.50919,31.263771,36.068108,35.195133,39.52485,40.768356,42.047707,45.04846,44.73161,39.55523,36.91779,33.747074,31.122007,30.740099,25.962795,24.118841,19.522167,20.229424,17.215504,19.075037,17.154037,21.392578,20.762566,18.792675,20.719976,17.601637,23.391977,20.997538,25.817741,27.509354,29.24577,32.33754,30.89557,36.308067,31.46655,35.466488,33.889305,36.32741
1,4.730336,0.0,5.2228003,6.31433,8.854121,11.9158125,13.980743,18.939657,19.938375,25.441965,28.765867,32.389835,31.53379,29.630194,25.783146,23.220999,19.574219,18.211636,14.386465,11.609792,11.140579,7.036564,10.592548,7.6723027,12.538021,15.204273,16.658892,16.175447,18.109785,16.84845,20.981365,19.185825,26.395317,23.569548,27.92377,29.866117,30.449305,30.10192,25.580418,21.65701,26.532223,22.623478,24.966349,23.056528,21.352598,21.082268,21.3601,19.341974,23.135334,25.881727,28.3144,26.329645,29.295017,31.395311,28.687899,31.255878,30.86726,31.95085,37.018658,34.823868,31.494457,33.74873,31.381338,33.71759,32.199295,35.973896,34.794388,31.373133,29.932693,26.836163,26.476377,29.017942,26.920046,31.723633,31.043226,35.41053,36.816444,38.328053,41.38456,41.457645,36.442017,33.5569,30.517323,27.59604,27.066504,22.313381,19.91854,15.477359,15.856954,12.973843,14.785541,13.410842,17.83955,16.432201,14.314888,16.04502,12.944387,18.690498,16.617685,21.373198,23.421635,25.415747,28.245201,26.583279,31.937904,26.945074,30.837664,29.28696,31.670658
2,6.8898635,5.2228003,0.0,5.0490527,6.9209385,8.111132,11.516771,15.073234,17.058481,21.582472,25.790897,29.074526,27.859936,26.165224,21.808043,20.002605,16.122097,15.741213,12.349529,10.96016,10.931045,9.074586,13.139113,11.83208,16.735498,18.775715,20.214617,18.643513,19.766071,18.014795,21.124407,18.584194,24.834002,20.997595,25.765356,27.049252,27.81569,28.08062,23.463188,19.902847,25.625761,22.594757,24.625114,23.874096,23.057793,23.096458,24.137852,22.437366,26.553322,29.5029,31.461506,28.73885,31.834902,33.086292,30.045885,32.174126,31.484707,31.950462,36.838448,34.702705,31.446577,34.465107,32.68694,35.258545,34.604427,38.056,37.2976,34.425182,32.52618,28.935242,28.235304,30.08609,27.370386,31.927145,30.572115,34.909706,35.74591,37.237278,39.882923,39.65192,34.361187,31.434969,28.668293,25.871119,26.107368,20.772743,19.952616,15.843793,17.175886,15.347589,17.790287,17.40473,21.992609,19.502151,16.848215,17.81669,13.545635,19.002926,15.425869,20.383217,21.335546,22.844158,26.269653,25.142773,30.91352,26.723934,30.944658,30.082758,32.83778
3,9.302376,6.31433,5.0490527,0.0,3.7651358,6.166978,8.538848,13.181975,14.000288,19.670761,22.583076,26.418213,25.381016,23.36806,19.733557,16.932457,13.379544,11.919669,8.236644,6.011368,6.5662947,4.993296,9.532814,9.52379,14.098684,15.150601,16.321444,14.063667,14.941237,13.08366,16.143631,13.821999,20.445509,17.390028,21.873318,23.7089,24.613995,24.343117,19.836222,15.983787,21.090841,17.77052,19.724571,18.835752,18.191368,18.26357,19.63188,18.201042,22.38953,25.541847,27.079163,24.08393,27.118809,28.113781,25.040556,27.175676,26.44324,26.983585,31.918808,29.810656,26.537262,29.568016,27.82396,30.576536,30.051603,33.707413,33.2703,30.686213,29.107723,25.341194,24.053125,26.12851,23.152815,27.759005,26.376696,30.67857,31.65203,32.942665,35.818806,35.566734,30.407621,27.646948,24.569962,21.850468,21.680319,16.700687,15.6358,11.261056,13.062716,11.491437,14.66349,14.756706,19.550306,17.468916,15.376261,15.7181835,12.065319,16.58698,13.848468,17.590216,19.031013,20.565498,23.522848,22.307009,27.577135,23.188257,27.58542,26.431032,29.479774
4,12.4909725,8.854121,6.9209385,3.7651358,0.0,5.3398404,5.136991,10.673321,11.143643,16.95125,20.149534,23.603985,23.139072,21.511383,17.903545,15.188354,12.209201,10.3681345,8.104756,5.6262894,8.654789,6.872601,12.203178,12.24155,16.631899,17.120237,17.163912,14.751004,14.485023,13.721521,15.072004,13.858642,19.555687,16.667444,21.2659,22.932018,24.528194,24.312634,19.977528,16.296072,21.022684,18.027203,19.096287,18.212648,18.77919,18.272945,20.470367,18.432667,23.01923,25.809828,27.271074,23.677713,27.436678,27.79961,24.982046,27.147835,25.710115,26.133776,30.929506,28.357645,25.11922,28.090094,26.593372,29.12913,29.21645,32.227676,31.882896,29.681719,27.531046,23.502472,22.327366,23.765442,20.698547,25.145876,23.658028,27.991798,28.866917,30.438341,33.162502,33.212307,28.105915,25.018152,22.276005,19.240677,19.336046,14.025293,13.206774,9.461687,11.364664,10.844936,13.955775,15.058551,19.643042,16.44352,14.069516,13.721428,9.609993,13.580468,10.315983,14.064839,15.317794,16.937716,19.93956,18.731491,24.228146,20.085625,24.509436,23.768932,26.882757
5,14.027386,11.9158125,8.111132,6.166978,5.3398404,0.0,6.1593256,7.6160727,9.766122,14.160556,17.902487,21.432003,19.884808,18.063095,13.896271,11.909275,8.099765,8.190831,6.0838933,7.279881,8.754938,10.445873,14.209456,15.411645,19.641262,19.995775,20.971403,17.723827,17.434305,15.232539,16.316223,13.2224655,17.782627,13.4224415,18.405094,19.34034,20.6985,21.18279,16.721441,13.579502,19.483114,17.664291,18.895386,19.740486,20.444454,20.868887,23.128128,22.16544,26.462223,29.705488,30.581728,26.787296,29.853642,29.665113,26.308786,27.765516,26.598372,26.26108,30.79106,28.812449,25.754187,29.747396,28.878767,31.874245,32.496105,35.672367,35.84059,34.045628,32.057514,27.823175,26.041943,27.18956,23.454853,27.514874,25.208868,29.312944,29.479681,30.638391,32.94811,32.24484,26.780455,24.05965,21.3526,18.95187,19.876154,14.361891,15.91196,12.627407,15.535607,15.481687,18.964504,19.993025,24.678131,21.741928,19.38078,18.832378,14.551812,17.831106,13.733022,16.75497,16.575588,17.21253,20.793203,20.435013,25.895744,22.785162,27.49943,27.215853,30.708054
6,17.536055,13.980743,11.516771,8.538848,5.136991,6.1593256,0.0,6.8153634,6.263233,12.377995,15.440863,18.622799,18.65857,17.391607,14.143895,11.420047,9.602546,7.3798027,7.834608,6.813507,11.140602,10.906422,15.711358,16.620384,20.506447,20.107319,19.390448,16.31115,14.626685,14.485944,13.370508,13.019181,16.783571,14.0976515,18.620113,19.974827,22.393793,22.279911,18.353968,15.194873,19.334703,17.256489,17.151192,17.07327,19.246208,18.546202,21.744558,19.76676,24.472773,27.074541,27.957714,23.558979,27.702076,26.937628,24.232765,26.059467,23.871067,23.810333,28.247723,25.383116,22.316866,25.672201,24.85741,27.383049,28.561804,30.896765,31.074772,29.71103,27.149857,22.725288,21.126179,21.616615,17.979342,21.934168,19.84386,24.063667,24.501865,26.16382,28.586147,28.688759,23.568398,20.263678,17.889868,14.725549,15.458116,9.73162,10.721892,8.578093,11.252013,12.530468,15.711093,17.908213,22.115898,18.235868,16.003181,14.508496,10.631463,12.309575,8.524566,10.612369,10.889813,12.086936,15.215543,14.463798,19.99836,16.745176,21.410181,21.37361,24.869213
7,21.490648,18.939657,15.073234,13.181975,10.673321,7.6160727,6.8153634,0.0,4.646896,6.5804334,11.579709,14.174259,13.086699,12.179611,7.8937325,7.1856766,5.9407277,7.0401216,9.572947,11.684879,14.654498,16.589525,20.47895,22.1184,25.999287,25.507275,25.43059,21.719372,19.876328,18.681503,16.72721,14.915614,15.903254,11.5503845,16.281431,16.177967,18.977123,19.936184,16.35495,14.500751,19.335478,19.11699,18.627977,20.634655,23.3177,23.385704,26.76413,25.65598,30.108887,32.986217,33.278763,28.573755,32.16779,30.537743,27.451168,28.396423,26.199965,25.096144,28.885798,26.562458,23.91821,28.383118,28.52104,31.355164,33.41552,35.527878,36.300213,35.55613,32.94323,28.350836,26.284151,26.063763,21.832983,24.903345,21.754023,25.433886,24.722963,25.993942,27.555117,26.82405,21.32336,18.326534,16.575165,14.3269,16.630205,11.060114,15.373008,14.292013,17.503853,19.128624,22.453674,24.63543,28.893497,24.967295,22.614923,20.973127,16.896646,17.87747,13.327942,14.341403,12.109512,11.442524,15.405183,16.13718,21.419085,20.11193,24.801765,25.650541,29.42436
8,23.101238,19.938375,17.058481,14.000288,11.143643,9.766122,6.263233,4.646896,0.0,7.222556,9.210535,12.528465,12.635888,11.580064,9.260207,6.4578333,7.1592307,5.453925,9.360991,10.649424,14.492856,16.127918,19.865229,21.805807,25.153612,23.98204,23.172815,19.337118,16.741062,16.386278,13.031488,12.746982,13.170115,10.611814,14.667268,15.393863,18.69335,18.823051,15.670393,13.654573,16.963585,16.577454,15.252436,16.967884,20.498411,20.172976,24.033443,22.823168,27.224993,29.871208,29.866096,24.86006,28.717236,26.64437,23.863604,24.899729,22.213808,21.229454,24.993896,22.277391,19.623428,23.891277,24.160666,26.917168,29.328005,31.201736,32.213257,31.859228,29.319527,24.662483,22.255827,21.853155,17.42841,20.372803,17.166063,20.891483,20.392168,21.719877,23.608482,23.23533,17.910824,14.683839,12.6685705,9.970763,12.048929,6.437433,11.388894,11.299749,14.587197,16.968925,20.257666,22.94223,26.869717,23.080477,21.224337,19.058788,15.8749,15.473808,12.155468,11.272081,9.591082,9.084115,12.167437,12.718086,17.451506,16.043852,20.83169,21.57508,25.53758
9,28.065304,25.441965,21.582472,19.670761,16.95125,14.160556,12.377995,6.5804334,7.222556,0.0,7.658276,8.224601,7.704961,8.51983,5.628346,7.5090904,9.596048,10.998756,14.981467,17.349735,20.483862,22.694685,26.363379,28.318237,31.918056,30.933405,30.379635,26.450262,23.834595,23.133375,19.490232,18.525936,16.50077,12.948228,16.418598,15.198341,18.984705,20.325445,17.96614,17.44283,20.917366,22.05699,20.403854,23.308031,27.10594,27.076902,30.991716,30.00716,34.33834,36.966934,36.749317,31.575905,35.25875,32.56771,29.753014,30.149216,27.339802,25.55807,28.409855,26.051004,24.007505,28.756199,29.813257,32.47079,35.62499,36.91137,38.23044,38.360046,35.463924,30.784382,28.478975,27.222042,22.794632,24.685177,20.857275,23.759144,22.050442,23.222336,23.826355,22.892466,17.584831,14.638109,14.269596,12.807329,16.32314,12.024851,17.985094,18.491554,21.62003,24.070152,27.20024,29.921469,33.8343,29.559452,27.372007,25.160534,21.571838,20.960754,16.831043,15.9273405,12.122987,9.78878,13.367418,15.410025,19.70785,20.456516,24.756878,26.532288,30.392704
10,31.587278,28.765867,25.790897,22.583076,20.149534,17.902487,15.440863,11.579709,9.210535,7.658276,0.0,5.4616904,5.6341615,5.3014174,8.105335,7.0016685,11.342219,11.193174,15.933065,18.384214,21.355524,24.303427,26.866888,29.714607,32.36283,30.402624,29.575605,25.225136,22.050816,21.468414,16.397552,16.27161,11.367887,10.561461,11.792921,11.111142,15.624924,16.001083,15.06238,15.398085,16.29187,18.53276,15.749349,19.637758,24.249111,24.452673,28.667864,28.494009,32.21862,34.82516,33.688183,28.32345,31.401133,27.724487,25.08116,24.816656,21.752598,19.368437,21.474642,19.44635,17.933144,23.193386,25.068598,27.970823,31.821068,33.096268,35.21116,36.139347,33.9139,29.308153,26.038496,24.738129,19.902607,20.95735,16.548922,18.68975,16.488365,16.728077,17.38421,15.732816,10.181998,7.9337034,7.295699,7.6102233,11.419742,9.748573,16.643818,18.196646,21.50479,24.505836,27.762783,30.73138,34.291325,30.886677,29.508171,26.892221,24.473068,22.588057,20.213196,17.123129,14.358791,12.026441,13.306286,15.508716,17.510353,18.936937,23.099022,24.585445,28.782682
11,35.32888,32.389835,29.074526,26.418213,23.603985,21.432003,18.622799,14.174259,12.528465,8.224601,5.4616904,0.0,5.5024986,8.176989,10.47219,11.517245,15.499087,15.864175,20.574356,22.774778,26.091963,28.510963,31.649967,34.1081,37.046875,35.25155,34.05997,29.961313,26.55144,26.530943,21.180525,21.602655,16.707737,15.711815,16.847961,15.386177,19.92066,20.777748,20.14941,20.69579,21.644789,23.930717,20.932125,24.421455,29.33927,29.15867,33.550686,32.880173,36.784096,39.05127,38.05853,32.53513,36.07441,32.145927,29.887909,29.653648,26.183521,23.789469,25.273825,22.92868,21.828497,26.543493,28.703642,31.09136,35.43828,35.841743,37.945248,39.21528,36.42019,31.855196,29.04667,26.88193,22.420229,22.69059,18.294933,19.808828,16.931986,17.630505,17.090174,15.920966,11.3270235,8.856134,10.659281,10.866859,14.937732,13.556799,20.10745,22.201462,25.115824,28.348564,31.264763,34.49878,37.875214,33.787064,32.184868,29.387455,26.870811,24.497786,21.83958,18.570383,14.745402,11.6830225,12.698783,15.699938,17.324255,20.296349,23.836605,26.211447,30.114168
12,33.849243,31.53379,27.859936,25.381016,23.139072,19.884808,18.65857,13.086699,12.635888,7.704961,5.6341615,5.5024986,0.0,3.7144654,6.6794477,9.0323105,12.823041,14.4969225,18.856401,22.041094,24.459883,27.889559,30.440289,33.281006,36.249847,34.636436,34.334187,29.894203,27.08981,25.85419,21.514515,20.191658,15.094882,12.656806,13.838053,11.333199,15.569353,17.216898,16.612656,17.82519,19.691124,22.603138,20.370832,24.789288,28.944712,29.534039,33.51751,33.551468,37.30681,40.11753,39.02026,33.754314,36.54303,32.920017,30.02722,29.41753,26.76422,24.036196,25.703669,24.312069,23.079088,28.565107,30.59247,33.549606,37.411343,38.70688,40.8249,41.69847,39.351345,34.714832,31.597343,30.201777,25.434107,26.34557,21.890179,23.684803,20.978516,20.992989,20.730118,18.377924,13.259095,12.015365,12.350162,13.19567,17.038248,15.019713,21.88786,22.959875,26.396904,29.113594,32.481216,35.25026,39.06493,35.44502,33.712257,31.285252,28.265156,26.960997,23.714231,21.468681,17.909641,15.123535,17.093863,19.724695,22.009815,24.01318,28.037966,29.868235,33.96929
13,31.755487,29.630194,26.165224,23.36806,21.511383,18.063095,17.391607,12.179611,11.580064,8.51983,5.3014174,8.176989,3.7144654,0.0,5.4638596,6.4853635,10.3574505,12.076117,16.229088,19.758501,21.70423,25.659595,27.674183,30.834463,33.574444,31.872747,31.945717,27.33547,24.818132,23.01685,19.136793,17.08208,11.907623,9.134179,10.255102,7.8037043,12.077404,13.633162,12.901838,14.2797165,16.278292,19.369802,17.48918,22.297424,26.056517,27.033262,30.787739,31.27393,34.83116,37.899998,36.67544,31.599262,33.92874,30.505924,27.318844,26.585646,24.375608,21.606625,23.578072,22.60299,21.19103,27.00043,28.854073,32.141792,35.63919,37.52565,39.66437,40.321217,38.394672,33.779713,30.379398,29.56265,24.639383,25.973148,21.582964,23.632488,21.296246,20.976206,21.325098,18.635487,13.168382,12.316375,11.390524,12.451431,15.843857,13.7856455,20.571793,21.160196,24.833012,27.297813,30.887537,33.40679,37.344162,34.246304,32.66748,30.407387,27.451345,26.533102,23.474363,21.426647,18.530012,16.177343,18.205273,20.402615,22.795372,23.962404,28.274693,29.561863,33.80075
14,27.689846,25.783146,21.808043,19.733557,17.903545,13.896271,14.143895,7.8937325,9.260207,5.628346,8.105335,10.47219,6.6794477,5.4638596,0.0,5.0530515,7.0220113,10.099949,13.649417,17.289272,19.182756,22.831371,25.430935,28.07759,31.407022,30.363014,30.731037,26.361176,24.310013,22.291279,19.512941,16.780022,14.154438,9.315528,12.699009,10.697279,13.980047,15.953057,13.677419,13.988534,18.091162,20.068933,19.07125,23.10196,26.20975,27.076502,30.573534,30.589737,34.532093,37.694942,37.104774,32.202873,34.901394,32.286186,28.92002,28.767458,26.762545,24.551823,27.332462,25.978764,24.016626,29.515171,30.682121,33.90572,36.781605,38.89049,40.466343,40.47106,38.246174,33.580338,30.708702,30.154623,25.402977,27.500822,23.471565,26.240284,24.418274,24.755732,25.454643,23.421913,17.836113,16.036598,14.814948,14.475418,17.704983,13.860285,20.083126,19.796549,23.451786,25.442595,29.041327,31.285942,35.51074,32.069412,30.04287,28.140999,24.491098,24.595737,20.609417,20.010954,16.965712,14.939804,18.148085,20.010904,23.825912,24.161507,28.721992,29.94327,34.039658
15,25.478514,23.220999,20.002605,16.932457,15.188354,11.909275,11.420047,7.1856766,6.4578333,7.5090904,7.0016685,11.517245,9.0323105,6.4853635,5.0530515,0.0,4.4359136,5.696486,9.8573265,13.34343,15.434292,19.199818,21.448668,24.41311,27.340853,25.90839,26.125055,21.627617,19.483587,17.475237,14.521315,11.93659,9.783204,5.4648385,9.452965,9.212184,12.565757,13.34348,10.593027,10.051613,13.733676,15.220698,14.163807,18.069477,21.220873,22.092646,25.636843,25.823343,29.63179,32.834793,32.110546,27.25165,29.848902,27.328468,23.936733,23.963003,21.997429,20.050251,23.301067,21.833794,19.591873,25.047867,25.970333,29.348957,31.968615,34.427654,36.027153,35.95999,34.10793,29.495285,26.327976,26.238255,21.401152,23.850876,20.01549,23.065094,21.80844,22.05326,23.528862,21.728914,16.045967,14.154949,11.776298,11.129245,13.661368,9.834122,15.863837,15.463232,19.276382,21.317703,25.039305,27.292578,31.428144,28.502226,26.865795,24.908678,21.78606,21.681328,18.533566,17.423088,15.460209,14.071449,16.724207,17.99626,21.5535,20.99873,25.74243,26.374372,30.581451
16,21.427155,19.574219,16.122097,13.379544,12.209201,8.099765,9.602546,5.9407277,7.1592307,9.596048,11.342219,15.499087,12.823041,10.3574505,7.0220113,4.4359136,0.0,4.5181108,6.740131,10.817417,12.178913,16.225021,18.465055,21.242212,24.499418,23.624714,24.487938,20.1531,18.82911,16.100695,14.9464,11.085127,11.816999,6.298865,11.35284,11.499382,13.540979,14.478947,10.603639,8.981979,14.578617,15.038231,15.260153,18.504429,20.520178,21.625746,24.610987,24.786186,28.675148,32.12331,31.834078,27.397673,29.843819,28.200052,24.553022,24.929958,23.566635,22.090385,25.886562,24.540468,21.965542,27.153608,27.437307,30.886105,32.71236,35.699898,36.86743,36.14773,34.411736,29.88672,27.02331,27.549742,22.95008,26.085337,22.709799,26.172472,25.399166,25.819662,27.614607,25.970417,20.315079,18.326315,15.650054,14.4768505,16.34096,11.705012,16.36628,14.673164,18.495636,19.749697,23.598936,25.317495,29.765247,27.05247,25.193762,23.755306,20.17127,21.3286,17.717323,18.076044,16.6507,15.900151,19.104164,19.845764,24.179098,22.643545,27.52102,27.74679,31.805996
17,20.801155,18.211636,15.741213,11.919669,10.3681345,8.190831,7.3798027,7.0401216,5.453925,10.998756,11.193174,15.864175,14.4969225,12.076117,10.099949,5.696486,4.5181108,0.0,4.784124,7.68358,10.239832,13.608343,16.015907,18.848705,21.775461,20.435577,20.64462,16.28211,14.504659,12.442137,10.618183,7.938266,9.963309,6.782599,11.280886,12.862571,15.172711,14.917839,11.157631,8.466711,12.708533,12.077089,11.912386,14.323007,16.768616,17.426655,20.738663,20.625711,24.600952,27.87671,27.57994,23.007889,25.81774,24.193007,20.778885,21.589962,19.89142,18.896078,23.076136,21.234407,18.401348,23.167763,23.16637,26.538475,28.255157,31.24728,32.367214,31.662638,30.029388,25.529318,22.54951,23.285166,18.732693,22.135,19.086906,22.787079,22.5726,23.16579,25.509674,24.422895,18.991255,16.704016,13.5372095,11.739075,12.77298,8.054031,12.029288,10.403671,14.315483,15.888453,19.74449,21.741423,25.986618,23.449879,21.960356,20.296658,17.35719,17.945768,15.296769,14.94817,14.534702,14.390135,16.93501,17.117088,21.179092,18.931202,23.835215,23.665136,27.740791
18,16.54202,14.386465,12.349529,8.236644,8.104756,6.0838933,7.834608,9.572947,9.360991,14.981467,15.933065,20.574356,18.856401,16.229088,13.649417,9.8573265,6.740131,4.784124,0.0,4.7214985,5.643888,9.905106,11.786338,14.710124,17.777027,16.955713,18.11942,13.946209,13.509343,10.264761,11.406135,7.1884513,12.522191,9.231249,13.641381,15.610495,16.707329,16.308401,11.916614,8.204185,13.591832,11.614334,13.14845,14.585281,15.242776,16.331982,18.722788,18.857786,22.700815,26.319859,26.428314,22.559261,24.893732,24.387928,20.733337,21.895525,21.088118,20.662966,25.272837,23.764288,20.722849,25.06163,24.337757,27.789104,28.458374,32.190426,32.87563,31.43441,30.220928,25.985455,23.262085,24.898071,20.779,24.773357,22.335192,26.23778,26.523163,27.095352,29.764853,28.700968,23.38115,21.26417,17.833153,15.9903755,16.231758,11.723401,13.4700985,10.16106,13.817392,14.118422,18.131641,19.283195,23.843748,22.040054,20.562109,19.62349,16.573887,18.595467,16.053513,17.101418,17.5646,18.040054,20.715881,20.353863,24.711447,21.473198,26.313242,25.506767,29.336609
19,14.7601,11.609792,10.96016,6.011368,5.6262894,7.279881,6.813507,11.684879,10.649424,17.349735,18.384214,22.774778,22.041094,19.758501,17.289272,13.34343,10.817417,7.68358,4.7214985,0.0,5.0021353,5.9866686,9.283144,11.360164,14.578539,13.831716,14.182004,10.573658,10.24656,8.379425,10.216231,8.455706,15.047954,13.257175,17.207,19.656786,20.96864,20.05291,15.910666,11.928688,15.855245,12.457618,13.858145,13.157577,13.53327,13.629914,15.984741,15.05885,19.303434,22.609413,23.31084,19.607529,22.674511,22.828577,19.684046,21.67343,20.60334,21.036007,25.951843,23.809458,20.545797,23.827766,22.398405,25.446415,25.52041,29.207474,29.391668,27.507801,26.202143,22.12474,19.880888,21.915741,18.3797,22.848022,21.20482,25.383066,26.36551,27.37429,30.4327,30.117172,25.134615,22.601103,19.210144,16.662962,16.080544,11.65494,10.857029,6.573603,9.662119,9.474176,13.45274,14.632213,19.184378,17.381554,16.066515,15.287127,12.702587,15.048862,13.398185,14.871799,16.565432,17.87924,20.14015,19.019548,23.468082,19.214405,23.83523,22.550886,26.068987
20,12.829909,11.140579,10.931045,6.5662947,8.654789,8.754938,11.140602,14.654498,14.492856,20.483862,21.355524,26.091963,24.459883,21.70423,19.182756,15.434292,12.178913,10.239832,5.643888,5.0021353,0.0,6.2749224,6.350693,9.652046,12.47889,12.184102,14.521688,10.927243,12.348072,8.232828,12.7236395,8.607541,16.103914,13.855515,17.50554,20.02965,20.220509,19.31806,14.973292,10.892466,15.582892,12.047871,14.9613,14.825707,13.277016,14.66381,15.700979,16.140162,19.570835,23.464003,24.033102,21.179705,22.903723,23.783909,20.152897,21.825966,21.931948,22.31073,27.251871,25.976358,22.802197,26.345808,24.785244,28.172222,27.580746,32.086525,32.281887,30.054571,29.495564,25.747482,23.321247,25.98309,22.523,26.980509,25.325394,29.326895,30.246754,30.800598,33.90157,33.03177,27.987915,26.004658,22.304626,20.379663,19.714125,15.82146,15.303225,10.88132,13.577996,12.281396,16.131672,16.118204,20.776423,20.278898,19.185856,19.093676,16.619461,19.701275,18.026985,19.87294,21.418118,22.507345,24.910978,23.946909,28.202673,23.955633,28.5277,26.92379,30.379066
21,10.490534,7.036564,9.074586,4.993296,6.872601,10.445873,10.906422,16.589525,16.127918,22.694685,24.303427,28.510963,27.889559,25.659595,22.831371,19.199818,16.225021,13.608343,9.905106,5.9866686,6.2749224,0.0,5.940719,5.7409086,9.781217,10.461827,11.380171,9.611876,11.282098,9.960444,14.149349,12.931219,20.457413,18.858738,22.641472,25.241535,26.023495,24.98738,20.769424,16.630068,20.381056,16.07585,18.25288,16.033646,14.5533495,14.279465,15.13105,13.507864,17.557714,20.714708,22.43046,19.910398,22.841915,24.499832,21.728733,24.318773,23.83858,25.029066,30.125387,27.975052,24.646957,26.920624,24.626848,27.261564,26.00577,30.091248,29.46046,26.554232,25.570923,22.139736,20.80636,23.662579,21.154095,25.976849,25.232906,29.49353,31.044254,32.252644,35.5703,35.594124,30.819632,28.211912,24.829954,22.09481,20.996058,16.94452,14.149305,9.39152,10.344376,7.733857,10.943089,10.527,15.343264,14.527258,13.35175,13.89954,11.822634,15.842019,14.94567,17.809523,20.378023,22.29443,24.454826,22.756454,27.319149,22.181566,26.299109,24.382189,27.233217
22,12.015498,10.592548,13.139113,9.532814,12.203178,14.209456,15.711358,20.47895,19.865229,26.363379,26.866888,31.649967,30.440289,27.674183,25.430935,21.448668,18.465055,16.015907,11.786338,9.283144,6.350693,5.940719,0.0,4.849877,6.1885343,6.5055394,10.203945,8.260014,11.760706,8.392353,14.863289,12.417597,20.5167,19.551064,22.488194,25.533422,25.383806,23.888113,19.952665,15.907892,19.004772,14.307976,17.675913,15.602382,12.015152,13.124711,12.349148,12.835458,15.509336,19.436352,20.63756,19.14047,20.320251,22.792715,19.658222,22.013971,22.794733,24.141542,29.221498,27.95992,24.767128,27.097136,24.637606,27.684774,25.689205,30.816698,30.42631,27.394121,27.633783,24.628523,22.654556,26.303999,23.777819,28.489105,27.783382,31.756514,33.389366,33.9989,37.5368,37.07398,32.463432,30.523977,26.686287,24.614677,23.060764,19.98165,17.372107,12.748148,13.85904,11.03917,14.019808,12.564648,16.85591,18.227674,17.949495,18.673384,17.476221,20.923428,20.627638,22.673101,25.2969,26.95039,28.83285,27.26336,31.122496,25.970856,30.028925,27.588943,30.491869
23,9.444114,7.6723027,11.83208,9.52379,12.24155,15.411645,16.620384,22.1184,21.805807,28.318237,29.714607,34.1081,33.281006,30.834463,28.07759,24.41311,21.242212,18.848705,14.710124,11.360164,9.652046,5.7409086,4.849877,0.0,4.9534793,7.720827,10.350986,10.4530945,13.8496475,12.236676,17.994566,16.572502,24.589863,23.329418,26.692043,29.540108,29.668352,28.392504,24.295082,20.187452,23.533085,18.763994,21.69307,18.855965,15.610835,15.654112,14.685807,13.564521,16.467356,19.664396,21.894684,20.827768,22.768866,25.753334,23.170658,25.951918,26.351772,28.01297,33.13874,31.381403,28.11375,29.80515,26.96635,29.461365,27.016386,31.752111,30.680765,27.043575,26.920856,24.266605,23.27736,26.916859,25.052708,29.9313,29.705193,33.84856,35.740963,36.790684,40.343998,40.342106,35.745453,33.38373,29.801256,27.255915,25.727158,22.254936,18.769323,14.129137,14.154643,10.483656,12.397998,9.972909,14.252423,15.621147,15.177061,16.73166,15.663348,20.0193,19.868816,22.907114,25.869654,27.933134,29.905338,27.991535,32.245457,26.694897,30.429,27.933434,30.330793
24,13.66162,12.538021,16.735498,14.098684,16.631899,19.641262,20.506447,25.999287,25.153612,31.918056,32.36283,37.046875,36.249847,33.574444,31.407022,27.340853,24.499418,21.775461,17.777027,14.578539,12.47889,9.781217,6.1885343,4.9534793,0.0,4.3264446,8.405787,9.664587,13.961756,12.396105,18.789024,17.771992,25.804987,25.520725,28.151295,31.434143,31.226028,29.431534,25.76114,21.780146,23.94493,18.824255,22.036861,18.60752,14.155109,14.4453535,12.032276,11.898666,13.403174,16.771221,18.923471,19.006578,19.871464,23.764845,21.458685,24.356688,25.439049,27.538897,32.558136,31.163557,28.04613,29.16443,25.978746,28.430231,25.154146,30.513908,29.413158,25.563993,26.47439,24.393332,23.181398,27.470106,25.978558,30.730701,30.894848,34.780594,36.98372,37.74779,41.55977,41.54443,37.30808,35.301144,31.50306,29.245892,27.15471,24.605484,20.597826,16.307331,15.95415,12.265632,13.603164,10.602014,13.79203,17.15097,17.708729,19.224312,19.269072,22.82815,23.636885,25.863459,29.223425,31.308502,32.7921,30.752295,34.294247,28.528934,31.964254,28.920938,31.130463
25,16.950144,15.204273,18.775715,15.150601,17.120237,19.995775,20.107319,25.507275,23.98204,30.933405,30.402624,35.25155,34.636436,31.872747,30.363014,25.90839,23.624714,20.435577,16.955713,13.831716,12.184102,10.461827,6.5055394,7.720827,4.3264446,0.0,5.6510024,6.2408843,10.781993,9.365395,15.678632,15.335858,23.065756,23.73622,25.784477,29.397074,29.30679,27.081032,23.810637,19.941198,20.965286,15.652666,18.687273,14.890183,10.087371,10.475045,7.74899,8.622783,9.817606,13.755543,15.200406,15.115138,15.654897,19.47167,17.20136,20.187153,21.351892,23.634722,28.583797,27.28457,24.259562,25.212416,22.029152,24.655901,21.437733,27.098005,26.41046,22.986536,24.32427,22.153557,20.277983,24.764986,23.1553,27.728119,27.929676,31.597742,33.889988,34.42419,38.355156,38.33,34.383083,32.627655,28.732542,26.712843,24.254599,22.475904,18.36241,14.508123,14.283614,11.222525,12.914567,10.814692,13.70572,17.257538,18.283552,19.090326,19.655725,22.118456,23.495651,24.645422,28.134676,30.099777,31.132082,29.13426,32.03166,26.364655,29.752495,26.518867,28.922274
26,19.613138,16.658892,20.214617,16.321444,17.163912,20.971403,19.390448,25.43059,23.172815,30.379635,29.575605,34.05997,34.334187,31.945717,30.731037,26.125055,24.487938,20.64462,18.11942,14.182004,14.521688,11.380171,10.203945,10.350986,8.405787,5.6510024,0.0,4.937434,7.9798574,9.98681,14.139341,16.24488,23.280977,24.727201,26.720282,30.431196,31.12661,28.725874,25.66541,21.787386,21.956804,16.586185,18.32674,13.1423025,10.022648,8.000139,6.6076293,3.5899906,6.517647,9.526007,11.743948,11.098692,13.677444,17.221699,15.990851,19.637356,19.65988,22.452024,27.317263,25.139853,22.116034,21.975388,18.379251,20.340075,16.984308,22.120546,21.088577,17.56068,18.675245,16.633783,15.128958,19.779625,18.890814,23.430244,24.328243,27.948315,30.69237,31.615604,35.672474,36.364933,32.83118,30.751125,27.167377,24.761024,21.89177,20.640556,15.231962,12.278397,10.747696,8.043666,8.655853,7.4334507,9.456404,13.110428,14.896352,15.258864,17.086964,18.403986,21.022573,21.442514,25.539183,27.819712,28.209404,25.835936,28.23698,22.232336,25.102135,21.56433,23.628225
27,19.111465,16.175447,18.643513,14.063667,14.751004,17.723827,16.31115,21.719372,19.337118,26.450262,25.225136,29.961313,29.894203,27.33547,26.361176,21.627617,20.1531,16.28211,13.946209,10.573658,10.927243,9.611876,8.260014,10.4530945,9.664587,6.2408843,4.937434,0.0,4.5607867,5.083701,9.793512,11.329678,18.422743,19.903858,21.7892,25.520155,26.220966,23.820904,20.782183,16.954136,17.123398,11.785586,13.677646,9.178067,6.2314844,5.201291,5.7532926,5.4409733,8.832943,12.622574,13.246061,10.945834,13.235314,15.419553,13.138419,16.37674,16.340385,18.594515,23.638592,21.712938,18.562487,19.639103,16.714096,19.54108,17.471624,22.638538,22.515055,19.976835,20.663319,17.727629,15.088786,19.231192,17.131939,21.670832,21.701187,25.383518,27.66089,28.289755,32.22817,32.44108,28.631828,26.748705,22.960562,20.828447,18.156929,16.81193,12.482,9.215968,9.288802,7.676549,10.296901,10.401024,13.512122,15.369907,16.364344,16.006739,16.769056,17.802479,19.58033,19.499195,23.026772,24.89307,25.486668,23.540247,26.023676,20.545818,24.083109,21.017027,23.870548
28,21.639242,18.109785,19.766071,14.941237,14.485023,17.434305,14.626685,19.876328,16.741062,23.834595,22.050816,26.55144,27.08981,24.818132,24.310013,19.483587,18.82911,14.504659,13.509343,10.24656,12.348072,11.282098,11.760706,13.8496475,13.961756,10.781993,7.9798574,4.5607867,0.0,5.8949146,6.3563533,10.452403,16.211842,18.388361,20.1006,23.790373,25.217316,22.77404,20.044579,16.471163,15.885417,11.070463,11.359436,6.181732,6.9184213,4.1651115,8.012169,6.474523,10.5162525,13.395689,13.454352,9.368891,13.288857,13.771405,11.847424,15.117159,13.713087,15.894029,20.871141,18.22336,14.988057,16.021618,13.3979435,16.232458,15.397052,19.772432,20.096455,18.411047,18.401909,14.857336,11.601193,15.228575,12.683891,17.204336,17.147995,20.874546,23.198235,24.008013,27.954563,28.497292,24.867884,22.794264,19.204397,16.88041,13.961863,13.140495,8.381377,6.3899245,6.624182,7.264257,10.009246,11.833043,14.597948,14.975717,15.898445,14.562466,15.556255,15.111123,17.324553,16.008718,19.589735,21.392529,21.497044,19.553555,21.598661,16.268158,19.881907,16.99569,20.216776
29,19.390635,16.84845,18.014795,13.08366,13.721521,15.232539,14.485944,18.681503,16.386278,23.133375,21.468414,26.530943,25.85419,23.01685,22.291279,17.475237,16.100695,12.442137,10.264761,8.379425,8.232828,9.960444,8.392353,12.236676,12.396105,9.365395,9.98681,5.083701,5.8949146,0.0,7.0835853,6.3684435,13.798645,15.108189,16.864027,20.601067,21.145987,18.78822,15.705191,11.928898,12.362202,7.136564,9.685579,7.378871,5.255317,6.801076,8.564776,10.122881,12.979553,16.98667,16.570152,13.456274,14.889772,15.591929,12.155179,14.415912,14.547239,15.833001,20.94786,19.57676,16.411821,19.094238,17.163343,20.734293,19.914831,24.926273,25.575115,23.836168,24.225273,20.746065,17.378767,20.753246,17.530895,21.786846,20.760027,24.372923,25.970999,26.180483,29.872986,29.386843,25.203503,23.6548,19.6228,17.990835,15.805147,14.257781,12.048849,8.77882,10.863812,10.435388,14.003833,14.647723,18.262617,19.053423,19.346453,18.55365,18.170694,19.090454,19.715809,19.284046,21.896475,23.168503,24.10972,22.774748,25.364447,20.737942,24.851751,22.42463,25.895071
30,24.282747,20.981365,21.124407,16.143631,15.072004,16.316223,13.370508,16.72721,13.031488,19.490232,16.397552,21.180525,21.514515,19.136793,19.512941,14.521315,14.9464,10.618183,11.406135,10.216231,12.7236395,14.149349,14.863289,17.994566,18.789024,15.678632,14.139341,9.793512,6.3563533,7.0835853,0.0,6.838692,10.189422,13.249633,14.374582,18.04191,19.954044,17.490694,15.258931,12.35071,10.874059,7.525424,5.8833933,3.945609,8.5476885,8.056686,12.402741,12.607179,15.877659,18.796518,17.669611,12.752422,15.777547,13.860672,11.073587,12.963234,10.677121,11.424076,16.365046,13.849619,10.528747,13.824076,12.9604,16.590601,17.881853,21.529737,22.98585,22.623821,22.178797,18.11086,14.005878,16.035055,11.880154,15.587694,13.929715,17.467487,18.893686,19.201233,22.897644,22.78647,18.838997,17.089039,13.213059,11.465597,8.799723,8.6366625,7.422021,7.2250977,9.849961,12.037858,15.303345,17.641129,20.68498,19.906208,20.134977,18.130821,18.011555,16.720087,17.745192,15.1692295,17.439991,18.344992,18.420712,17.361403,19.005291,15.192704,19.403605,17.575274,21.571888
31,21.405855,19.185825,18.584194,13.821999,13.858642,13.2224655,13.019181,14.915614,12.746982,18.525936,16.27161,21.602655,20.191658,17.08208,16.780022,11.93659,11.085127,7.938266,7.1884513,8.455706,8.607541,12.931219,12.417597,16.572502,17.771992,15.335858,16.24488,11.329678,10.452403,6.3684435,6.838692,0.0,8.1049385,8.831082,10.653483,14.250881,15.016503,12.938691,9.6714,6.038517,7.5105615,4.475459,6.575117,8.903931,9.724971,11.7664585,14.372722,16.068499,18.960333,22.805914,21.78076,17.883305,19.12758,18.028214,14.038592,14.793988,14.480835,14.088819,18.848402,17.970423,15.0179825,19.570208,19.032125,22.994432,23.726496,28.054007,29.405773,28.524082,28.32898,24.327356,20.549053,22.73212,18.48019,22.099579,19.77793,23.16983,23.74728,23.551971,26.70805,25.390312,20.676569,19.473213,15.349434,14.435228,13.365792,11.454006,12.670456,10.379349,13.909371,14.707714,18.649206,19.941908,23.854462,23.391594,22.99105,21.67755,20.193409,20.703402,19.99841,19.03975,20.251694,20.642351,21.989363,21.53894,24.20489,20.947727,25.52374,24.065432,28.067217
32,28.673498,26.395317,24.834002,20.445509,19.555687,17.782627,16.783571,15.903254,13.170115,16.50077,11.367887,16.707737,15.094882,11.907623,14.154438,9.783204,11.816999,9.963309,12.522191,15.047954,16.103914,20.457413,20.5167,24.589863,25.804987,23.065756,23.280977,18.422743,16.211842,13.798645,10.189422,8.1049385,0.0,6.3914585,4.542529,8.395773,10.554713,8.15638,7.4928565,7.5854583,4.960717,8.257268,6.133372,12.057552,15.330018,17.05973,20.42427,22.245743,24.808567,28.184237,26.233383,21.661734,22.711327,19.454847,15.826304,14.8931265,13.569486,11.063699,14.358977,14.153363,12.162594,18.274122,19.57592,23.602762,26.15739,29.459316,31.812922,32.256508,31.801579,27.611612,23.286655,24.118002,19.27557,21.343502,17.82779,20.153921,19.47908,18.372602,20.820557,18.443117,13.689478,13.669388,9.639653,10.832847,10.919296,11.11952,15.468867,15.523456,19.117794,21.178066,24.880941,26.95091,30.504015,29.333302,28.872253,26.831888,25.326908,24.3454,23.42325,20.788038,20.636002,19.865248,20.596674,21.231424,22.566553,21.420692,25.786963,25.274147,29.595129
33,25.327454,23.569548,20.997595,17.390028,16.667444,13.4224415,14.0976515,11.5503845,10.611814,12.948228,10.561461,15.711815,12.656806,9.134179,9.315528,5.4648385,6.298865,6.782599,9.231249,13.257175,13.855515,18.858738,19.551064,23.329418,25.520725,23.73622,24.727201,19.903858,18.388361,15.108189,13.249633,8.831082,6.3914585,0.0,5.1017556,6.41559,8.443442,8.462078,5.2161956,5.1689496,9.078912,11.322414,11.185641,16.091497,18.328707,20.161444,23.15583,24.508904,27.667976,31.309223,30.115484,25.70061,27.12844,24.787128,20.909344,20.431517,19.481443,17.355537,20.730364,20.320772,18.12129,23.970062,24.811539,28.683132,30.818056,34.154106,35.972916,35.792038,34.797115,30.387394,26.680616,27.437765,22.567667,25.192434,21.55375,24.419434,23.458145,22.960098,24.868547,22.441265,17.00356,16.221613,12.890799,13.171766,14.552811,12.023109,17.074936,16.01595,19.987364,21.528849,25.500206,27.25709,31.420692,29.62957,28.441492,26.75985,24.093956,24.328083,21.92073,20.780128,19.798676,18.814903,20.910053,21.80021,24.684444,23.499193,28.250221,28.143433,32.4282
34,29.634949,27.92377,25.765356,21.873318,21.2659,18.405094,18.620113,16.281431,14.667268,16.418598,11.792921,16.847961,13.838053,10.255102,12.699009,9.452965,11.35284,11.280886,13.641381,17.207,17.50554,22.641472,22.488194,26.692043,28.151295,25.784477,26.720282,21.7892,20.1006,16.864027,14.374582,10.653483,4.542529,5.1017556,0.0,4.298073,6.078023,4.5054307,4.651873,7.1228447,6.7079616,11.128199,10.298323,16.30651,18.768518,20.9914,23.927748,26.06309,28.570074,32.191494,30.270119,25.93847,26.52001,23.456072,19.606762,18.197271,17.569473,14.705695,17.23311,17.864496,16.298443,22.551605,24.020967,28.08111,30.591724,33.983265,36.350395,36.70646,36.213505,31.967304,27.745853,28.488842,23.584496,25.54555,21.768494,23.896418,22.666592,21.332544,23.122234,19.96163,15.053391,15.57857,12.184916,13.877678,14.876607,14.347757,19.37001,18.985445,22.793114,24.56052,28.438063,30.257902,34.10386,32.843357,32.07413,30.207838,28.122776,27.680128,25.971386,23.900263,23.050158,21.855097,23.152988,24.21731,25.909134,25.254406,29.711124,29.494875,33.84049
35,31.363375,29.866117,27.049252,23.7089,22.932018,19.34034,19.974827,16.177967,15.393863,15.198341,11.111142,15.386177,11.333199,7.8037043,10.697279,9.212184,11.499382,12.862571,15.610495,19.656786,20.02965,25.241535,25.533422,29.540108,31.434143,29.397074,30.431196,25.520155,23.790373,20.601067,18.04191,14.250881,8.395773,6.41559,4.298073,0.0,4.6058097,6.017127,6.6856694,9.861531,10.955139,15.294207,14.430816,20.323425,22.90953,25.016487,28.022346,29.904638,32.64274,36.23929,34.45078,29.993002,30.795208,27.617718,23.857607,22.362047,21.544401,18.462215,20.402613,21.030586,19.734709,26.047743,27.786383,31.702927,34.532425,37.574543,39.959373,40.413002,39.559696,35.175728,31.136826,31.428692,26.438501,28.138334,24.03374,25.981745,24.1624,22.862713,23.927013,20.35899,15.328714,16.00549,13.494803,15.424578,17.355494,16.329702,22.147127,21.8764,25.773863,27.625322,31.528788,33.429512,37.438683,35.68007,34.572666,32.669895,30.103666,29.76017,27.368755,25.511265,23.843508,22.157381,23.830427,25.38697,27.300976,27.382372,31.842068,32.14006,36.503593
36,31.332863,30.449305,27.81569,24.613995,24.528194,20.6985,22.393793,18.977123,18.69335,18.984705,15.624924,19.92066,15.569353,12.077404,13.980047,12.565757,13.540979,15.172711,16.707329,20.96864,20.220509,26.023495,25.383806,29.668352,31.226028,29.30679,31.12661,26.220966,25.217316,21.145987,19.954044,15.016503,10.554713,8.443442,6.078023,4.6058097,0.0,3.9986181,5.5254807,9.62461,11.070685,15.519728,15.83281,21.775684,23.239468,26.007664,28.33541,30.916452,33.228214,37.14662,35.250877,31.316116,31.245752,28.565008,24.4806,22.680439,22.90775,19.928785,21.882818,23.34133,22.064651,28.341627,29.817163,33.96746,36.227856,39.90643,42.24636,42.40366,42.022102,37.7786,33.63412,34.498703,29.589884,31.580946,27.708317,29.706951,28.140606,26.604935,27.861826,24.070093,19.380404,20.366692,17.569696,19.440832,20.850533,19.793749,24.950891,24.005459,27.91858,29.23199,33.245953,34.65628,38.773502,37.641933,36.619873,35.04901,32.448082,32.71319,30.321096,28.982998,27.663818,26.210861,28.051882,29.382936,31.438868,31.008657,35.543976,35.448257,39.792587
