,0,1,2,3,4,5,6,7,8,9,10,11,12,13,14,15,16,17,18,19,20,21,22,23,24,25,26,27,28,29,30,31,32,33,34,35,36,37,38,39,40,41,42,43,44,45,46,47,48,49,50,51,52,53,54,55,56,57,58,59,60,61,62,63,64,65,66,67,68,69,70,71,72,73,74,75,76,77,78,79,80,81,82,83,84,85,86,87,88,89,90,91,92,93,94,95,96,97,98,99,100,101,102,103,104,105,106,107,108,109
0,0.0,3.7263062,7.0087075,10.073834,12.351321,15.604723,17.240847,21.050573,24.204794,25.687243,29.664665,31.087214,34.0148,34.092487,37.205273,33.172813,33.908096,33.54246,33.561626,37.295982,38.115135,39.221355,41.656116,43.553864,44.52672,44.603283,40.017414,42.226612,38.753887,42.68866,36.404564,42.300396,38.48063,39.497734,36.296608,32.66357,30.618858,33.784668,32.12973,28.875992,28.353752,32.23007,29.65886,25.246359,28.091963,31.126772,27.256386,23.69876,27.575726,27.688038,32.370743,30.486383,34.477177,35.855877,37.189632,38.908787,35.606853,39.606895,42.219223,38.21605,37.703796,43.46453,44.915394,43.68309,41.47177,42.521336,48.079735,48.52766,44.340744,49.04687,45.198128,45.669888,39.760033,41.36601,36.692406,38.563404,35.361633,31.249212,30.000414,25.599337,22.99982,19.264294,18.748562,22.660254,25.617197,27.005342,30.73409,34.69675,36.998856,40.672886,43.403843,46.871613,49.058037,46.407127,43.248085,40.17403,38.12752,34.448227,33.077347,26.942928,27.595377,23.040508,19.84646,20.959585,24.20825,24.902117,28.162514,30.987242,33.258686,36.902157
1,3.7263062,0.0,4.7784142,6.5501223,8.937573,12.830497,13.765533,17.987257,20.839397,22.487547,26.40328,27.809874,30.619944,30.570332,33.54281,29.535837,30.206232,29.93925,29.963207,33.804195,34.811848,35.979847,38.63456,40.28397,41.114548,41.157658,36.497177,38.687565,35.202858,39.13121,32.95167,38.901466,35.139053,36.373516,33.114876,29.329998,27.515219,30.868608,28.988602,25.620754,25.514462,29.396492,26.565456,22.328794,25.574514,28.457537,24.384207,21.303808,25.491077,25.679,30.023333,28.19858,32.474094,33.698334,34.754,36.17058,32.712963,36.59282,39.4826,35.634254,34.725933,40.487606,42.10239,41.015778,38.592995,39.413532,44.988644,45.27239,41.102066,45.7971,41.906982,42.532227,36.6459,38.32456,33.720154,35.6791,32.40318,28.328592,27.260954,22.788065,20.151234,16.67223,15.540984,19.2713,22.13829,23.617258,27.140038,31.185719,33.389523,37.112408,39.79581,43.294086,45.60163,42.99789,39.83774,36.832615,34.67576,31.041092,29.529745,23.579054,23.981739,19.535223,16.359947,17.359623,20.562126,21.330755,24.443043,27.336695,29.589321,33.255825
2,7.0087075,4.7784142,0.0,5.39419,6.232883,8.692649,11.016901,14.190176,17.586483,19.06148,22.961096,24.647501,27.600086,27.979563,31.331594,27.246426,28.569996,28.260363,29.301493,32.8769,34.18961,35.808304,38.528576,39.445915,40.188145,39.86675,35.035454,36.76278,33.002724,36.695774,30.095736,35.701607,31.759647,32.585014,29.54354,26.021675,23.749096,27.013908,25.687107,22.444551,21.709808,26.161688,23.800278,19.242851,22.155962,25.978294,22.35064,18.631607,22.976954,22.491047,26.968536,26.246452,29.971224,30.737856,32.254147,33.848206,30.155012,34.10606,36.811676,32.4451,31.579397,37.450706,38.790745,37.39888,34.920277,36.04781,41.65816,42.150356,38.221912,43.128098,39.608612,40.53243,34.620068,36.87336,32.193245,34.769302,31.74546,27.384808,27.258093,22.24813,20.275309,17.297016,15.588309,18.882565,20.918402,23.494522,26.037851,30.80607,32.937084,36.84847,39.471855,43.03969,45.664375,43.477432,40.373787,37.64645,35.224304,31.689974,29.79053,24.58441,24.022814,20.209888,17.240314,17.341509,20.317179,20.010906,23.115864,25.707088,27.538235,31.31775
3,10.073834,6.5501223,5.39419,0.0,3.6307256,7.875374,8.028593,12.741525,14.830125,17.237165,20.786558,22.554993,25.044893,24.938465,27.484055,23.193207,24.013777,23.557407,24.123653,27.77213,29.037539,30.536581,33.38688,34.40733,35.11525,34.95922,30.197716,32.230743,28.69303,32.62281,26.453081,32.54727,29.133583,30.398092,26.873575,23.023708,21.505741,24.858719,22.631395,19.204102,19.584177,23.306417,20.222172,16.208895,19.951345,22.660645,18.462616,16.018026,20.610344,20.835829,24.578194,23.08144,27.58011,28.487797,29.211637,30.2654,26.58832,30.338242,33.49405,29.802889,28.451908,34.197453,35.969826,35.06952,32.46928,33.05199,38.616985,38.79179,34.613068,39.309643,35.450832,36.272022,30.403727,32.35277,27.799921,30.11917,26.90506,22.743986,22.422646,17.599915,15.372042,12.712014,10.375908,13.592681,15.914581,18.145641,20.998201,25.522486,27.757229,31.606771,34.331,37.849724,40.34471,38.195915,35.114952,32.420216,30.113089,26.438091,24.794004,19.483063,19.046497,15.300774,12.40104,13.058926,15.786429,16.571003,18.746252,21.942385,23.690641,27.641901
4,12.351321,8.937573,6.232883,3.6307256,0.0,5.462268,4.9372587,9.34774,11.904398,13.819826,17.555782,19.229006,21.91284,22.03744,25.142662,21.12029,22.41143,22.382597,23.609196,27.374922,29.158073,30.933706,34.096985,34.40184,34.80534,34.3764,29.375864,30.98896,27.160086,30.798948,24.38366,30.071499,26.204187,27.536072,24.407244,20.515959,18.78181,22.541397,20.741703,17.216446,17.53579,22.043192,19.13062,15.10578,18.927998,22.393757,18.462746,16.05355,20.886415,20.52282,24.041136,23.60096,27.763447,28.138472,29.042973,29.944805,25.922731,29.544647,32.837154,28.83243,27.041805,32.884315,34.562103,33.480724,30.519156,31.132673,36.772278,36.90346,33.05269,37.9446,34.379353,35.679966,29.871561,32.32265,27.866022,30.649473,27.550829,23.369349,23.772757,18.787907,16.991058,15.031349,11.875966,14.180769,15.610977,18.610968,20.324018,25.356453,27.1934,31.199665,33.67108,37.28901,40.18834,38.13807,35.07376,32.55963,29.904001,26.577692,24.318958,19.887,18.509014,15.339333,12.767409,12.1398115,14.742306,14.257192,16.95708,19.6185,21.33603,25.185137
5,15.604723,12.830497,8.692649,7.875374,5.462268,0.0,6.035098,6.7069125,9.92744,12.08093,15.35854,17.84086,20.51506,21.340546,24.57141,20.232624,22.451975,21.932312,24.585112,27.529364,29.359726,31.653778,34.53042,34.123203,34.62529,33.757088,28.778193,29.797415,25.759016,29.108084,22.129831,27.425093,23.681982,24.059315,20.969446,17.72244,15.15838,18.354116,17.37304,14.272539,13.191494,18.311596,16.34991,11.772101,14.735566,19.506958,16.519842,12.995435,17.70239,16.42646,20.166065,21.16314,24.373837,24.24287,25.851038,27.183744,23.056433,26.84711,29.61676,24.906424,23.548326,29.484068,30.698969,29.18897,26.411842,27.607409,33.239445,33.820312,30.177471,35.274174,32.218384,33.661583,27.869846,30.952303,26.409811,29.880123,27.290878,22.811977,24.338121,18.935822,18.242315,16.8625,14.031319,15.725086,15.930351,20.177586,20.7696,26.463535,28.425138,32.470604,34.97578,38.522606,41.54331,40.18491,37.29648,35.180485,32.494186,29.1977,26.934826,23.343153,21.238647,19.054714,16.94728,15.91615,17.800598,16.363182,18.219688,20.557264,21.272806,25.328167
6,17.240847,13.765533,11.016901,8.028593,4.9372587,6.035098,0.0,5.734203,7.2594604,9.341572,12.873373,14.540286,17.048597,17.13837,20.335032,16.50779,18.130077,18.543964,20.412642,24.235998,26.61547,28.659678,32.210865,31.661972,31.669304,30.987795,25.791718,27.024153,23.001081,26.38563,19.99522,25.453417,21.439001,23.15153,20.207203,16.070353,14.700701,18.98527,17.124483,13.436424,14.599386,19.397188,16.30955,12.984644,17.247564,20.71078,16.953848,15.669657,20.584114,20.004313,22.575977,22.94057,27.028305,26.845741,27.426888,27.765797,23.422255,26.654121,30.350773,26.494858,23.848822,29.62055,31.446495,30.492,27.04492,27.305426,32.945484,32.813713,29.238869,34.19037,30.811012,32.630146,27.017004,29.870602,25.710756,28.859901,25.878096,21.92679,23.124697,18.296268,17.030142,16.246134,12.17447,12.932445,13.113359,16.829844,17.048677,22.51396,23.892408,28.001978,30.209425,33.876163,37.162533,35.35219,32.37729,30.1859,27.228624,24.29717,21.50869,18.39184,15.833047,13.855938,12.113214,10.204053,11.994178,10.4424715,12.800557,15.132293,16.577253,20.449104
7,21.050573,17.987257,14.190176,12.741525,9.34774,6.7069125,5.734203,0.0,4.800712,5.4114785,8.914132,11.192602,14.047271,15.195583,19.276522,15.806932,18.687994,19.218796,22.64463,25.817194,28.57802,31.115501,34.61142,33.038513,32.84599,31.620966,26.368639,26.672739,22.291622,24.971714,18.00644,22.393044,17.775715,18.80381,16.611555,13.053325,10.583776,15.104394,14.693134,11.472062,11.40462,17.490166,15.551903,12.280687,15.550059,20.457136,17.871735,16.029451,20.6135,18.94171,21.245525,23.533062,26.499117,25.479303,26.7191,27.213829,22.621767,25.705315,29.047813,24.456568,21.686766,27.472012,28.795944,27.313408,23.592068,24.334639,29.97444,30.131481,27.191921,32.433414,29.831995,32.2126,26.832293,30.513063,26.514292,30.403017,27.947788,23.938808,26.255909,21.271614,20.924677,20.640532,16.781586,16.873217,15.702123,20.417032,19.006693,25.01924,26.064688,30.176893,32.099045,35.712082,39.36747,38.111214,35.329628,33.5802,30.417685,27.898348,24.74651,22.916851,19.494026,18.612621,17.376942,14.77966,15.843714,12.480295,14.565781,15.63361,16.114845,19.77488
8,24.204794,20.839397,17.586483,14.830125,11.904398,9.92744,7.2594604,4.800712,0.0,4.8250055,6.3843684,9.196657,11.045966,11.73066,14.869355,11.04081,14.061561,14.6071615,18.471659,21.434816,24.479685,27.137156,30.801512,28.746702,28.337584,27.025873,21.739323,21.947214,17.559164,20.298126,13.511128,18.373028,14.331549,15.945264,13.177823,9.013152,7.840146,12.679633,11.239867,7.7669744,9.729729,14.895434,12.370634,10.473442,14.328836,18.074793,15.486449,15.3598585,19.711254,18.527758,19.607466,21.754833,25.021683,23.851658,24.305254,24.089128,19.412518,22.041553,25.891737,21.993656,18.369164,23.958704,25.708473,24.738,20.724213,20.768635,26.376507,26.155945,23.113417,28.242428,25.49678,28.086645,22.898605,26.621471,22.962284,26.88477,24.517073,20.901102,23.640135,19.128866,19.180506,19.83718,15.708402,14.599517,12.438275,17.365631,14.852707,20.954103,21.820417,25.88096,27.744398,31.291536,35.01358,34.074635,31.435501,29.994116,26.854416,24.502066,21.401903,20.534252,16.581676,16.83219,16.348682,13.738106,13.747156,10.832001,10.950447,12.251563,11.909447,15.934787
9,25.687243,22.487547,19.06148,17.237165,13.819826,12.08093,9.341572,5.4114785,4.8250055,0.0,4.334608,5.795066,8.878119,10.295399,15.285358,13.106286,16.348978,17.967922,21.721313,25.022902,28.46488,31.062744,34.9976,32.584454,31.788626,30.343441,25.022564,24.743938,20.261189,22.216385,15.748918,19.03747,13.591318,15.660406,14.558757,10.844477,9.266101,14.584987,14.500587,11.601749,12.80713,18.635548,16.717848,14.9072695,18.153807,22.526472,20.249683,19.729998,24.033615,22.360075,23.549019,26.366516,29.221973,27.706581,28.486855,28.242077,23.519066,25.840366,29.62046,25.46852,21.60091,26.94415,28.42263,27.136848,22.727467,22.8571,28.291203,27.946043,25.696375,30.859024,28.636536,31.731096,26.880585,30.821228,27.417868,31.403036,29.073921,25.62426,28.310972,23.876925,23.69524,24.098745,19.808298,18.85812,16.878086,21.43245,18.549814,24.398209,24.565147,28.58419,29.921215,33.517166,37.651352,36.453197,33.813507,32.403828,28.922121,27.169657,23.377266,23.145615,18.857569,19.152147,18.720333,15.210967,15.392049,10.631901,12.622684,12.125092,12.368594,15.372177
10,29.664665,26.40328,22.961096,20.786558,17.555782,15.35854,12.873373,8.914132,6.3843684,4.334608,0.0,3.9104974,5.6176305,7.751334,12.409711,10.744778,14.629947,16.316381,20.915045,23.569283,27.27038,30.097677,34.012737,30.81777,29.76809,28.002504,22.82315,21.892664,17.391764,18.71753,12.43818,14.859362,9.262075,11.59919,10.98801,7.610832,6.837288,12.074984,12.3453455,10.224699,11.969927,17.151623,15.673227,15.05903,17.83253,21.787968,20.192207,20.495256,24.289825,22.549208,22.733728,26.203949,28.646456,26.682018,27.20016,26.521238,21.832157,23.573494,27.407528,23.549723,19.084259,23.995008,25.46815,24.319077,19.579712,19.372257,24.60977,24.094118,22.308176,27.416298,25.637413,29.16303,24.782942,29.044756,26.107332,30.32018,28.373579,25.299086,28.606276,24.55298,24.933882,25.988232,21.768206,20.075674,17.243052,21.96009,17.884796,23.654875,23.507702,27.32687,28.421946,31.84385,36.13159,35.47346,33.089622,32.141838,28.687553,27.277401,23.531252,24.417353,19.716528,21.03217,21.139418,17.714994,17.094141,12.605301,12.821634,11.710044,10.495377,13.248968
11,31.087214,27.809874,24.647501,22.554993,19.229006,17.84086,14.540286,11.192602,9.196657,5.795066,3.9104974,0.0,3.704152,5.8409333,11.915894,11.931955,15.283142,17.96733,21.900698,25.058992,29.070282,31.674269,35.92281,32.64298,31.221481,29.547512,24.382542,23.396017,19.058876,19.952515,14.651998,16.138916,9.926264,13.419979,13.871142,10.671918,10.605532,15.656839,15.890817,13.779412,15.878671,20.880573,19.158903,18.707048,21.704128,25.393032,23.533905,24.095343,28.0258,26.400305,26.571936,29.786968,32.44571,30.510466,30.829561,29.874954,25.228144,26.664204,30.733105,27.188253,22.419283,27.000805,28.588503,27.580637,22.655386,22.068481,27.000732,26.076298,24.733595,29.604168,27.909466,31.688858,27.590326,31.679256,29.005672,32.98171,30.88542,28.091227,31.091393,27.288794,27.320414,28.323843,23.859726,22.081924,19.480255,23.632421,19.435163,24.743174,23.952835,27.674997,28.29615,31.746721,36.32768,35.304497,32.917553,31.97448,28.276272,27.426296,23.167097,24.691053,19.792797,21.309303,21.659138,17.714903,16.969688,11.662956,12.826857,10.335744,9.907056,11.470543
12,34.0148,30.619944,27.600086,25.044893,21.91284,20.51506,17.048597,14.047271,11.045966,8.878119,5.6176305,3.704152,0.0,3.3053398,8.881735,10.027119,13.413734,16.363634,20.557302,23.291464,27.513786,30.163279,34.4525,30.641523,28.933628,27.109934,22.136421,20.740421,16.586512,16.915518,12.481968,13.177076,7.188985,11.714814,12.471161,9.64264,10.902035,15.354118,15.308666,13.756937,16.570385,20.603079,18.920412,19.445078,22.320757,25.241714,23.682676,25.091345,28.678606,27.264812,26.663584,29.912735,32.50346,30.408697,30.269886,28.818945,24.327448,25.177216,29.42527,26.479551,21.207417,25.235159,27.011177,26.372166,21.291115,20.098331,24.690231,23.375204,22.374748,26.983368,25.49406,29.56753,25.960716,30.059868,27.878565,31.805983,29.939455,27.605227,30.87144,27.5465,27.874487,29.384167,24.96816,22.608557,19.525278,23.470907,18.465693,23.394037,22.220354,25.689077,26.028456,29.310734,34.009697,33.34834,31.188652,30.631706,26.98948,26.506783,22.329498,24.832296,19.717548,22.067444,22.89276,19.125893,17.72541,13.064705,12.622059,9.705097,7.9857125,8.9272995
13,34.092487,30.570332,27.979563,24.938465,22.03744,21.340546,17.13837,15.195583,11.73066,10.295399,7.751334,5.8409333,3.3053398,0.0,6.4864645,8.507221,11.067391,14.680142,18.163364,21.267296,25.635265,28.050861,32.566463,28.887878,26.987965,25.389297,20.409801,19.359022,15.43431,16.005114,12.427983,13.830478,8.953486,13.959309,14.003502,10.698588,12.782304,17.179123,16.17592,14.375848,18.039326,21.462828,19.15524,20.031637,23.39051,25.508558,23.53623,25.607056,29.261482,28.315287,27.552637,30.044205,33.142635,31.325605,30.677456,28.873585,24.487947,25.147614,29.773453,27.423313,21.92305,25.79574,27.978088,27.775448,22.765,21.051472,25.534445,23.824558,22.540026,26.863918,24.94083,28.923027,25.407324,29.107113,27.122118,30.676378,28.62966,26.630465,29.5662,26.648336,26.7682,28.463427,23.969797,21.307322,18.318624,21.662794,16.559895,21.012352,19.477823,22.890045,23.069378,26.40434,31.172373,30.282204,28.10629,27.558146,23.862164,23.631706,19.330467,22.364601,17.174715,19.966908,21.163094,17.442078,15.605085,11.433862,10.268757,6.851041,5.1346908,5.763429
14,37.205273,33.54281,31.331594,27.484055,25.142662,24.57141,20.335032,19.276522,14.869355,15.285358,12.409711,11.915894,8.881735,6.4864645,0.0,5.695432,6.7868414,10.595762,14.029535,16.219381,20.782333,23.152306,27.65853,23.387579,21.108053,19.465902,14.827406,13.59643,10.3417635,10.662628,9.656641,11.471435,10.0332575,14.889296,13.867275,11.136779,14.831556,17.886225,15.628563,14.5829935,19.293787,20.636341,18.034567,20.406967,23.700737,23.99112,22.272577,25.851912,28.870583,28.631119,26.777548,28.554543,31.8444,30.16482,28.500267,25.847178,21.981237,21.720587,26.728014,25.787313,19.849897,22.748297,25.525303,26.244286,21.520145,18.715115,22.56614,20.171064,18.678267,22.269928,20.027943,24.06079,21.291746,24.540197,23.409119,26.529417,24.79366,23.740316,26.833075,24.97516,25.540976,28.067436,23.948755,20.4261,16.907291,19.450994,13.334819,16.667572,14.663202,17.58346,17.583958,20.657732,25.402458,25.226593,23.427382,23.529024,20.213488,20.30042,16.736828,21.071138,16.040949,20.05336,21.929354,19.130014,16.403727,14.536586,10.303639,8.363069,4.2478366,4.602057
15,33.172813,29.535837,27.246426,23.193207,21.12029,20.232624,16.50779,15.806932,11.04081,13.106286,10.744778,11.931955,10.027119,8.507221,5.695432,0.0,4.45533,6.3573594,11.294712,13.334088,17.494503,20.23587,24.435114,20.763464,19.302374,17.72674,12.484435,12.105133,7.94532,10.460869,6.5405498,11.79244,10.788278,14.274362,11.283575,7.644364,11.390509,14.301189,10.980397,9.486193,14.654294,15.669013,12.5620985,14.932499,18.465862,18.56241,16.607777,20.246197,23.278894,23.254484,21.587725,23.00314,26.540562,25.144417,23.537832,21.236992,17.118687,17.598072,22.64976,21.352491,15.785524,19.588175,22.465244,23.090395,18.721807,16.397203,21.050919,19.350607,16.515755,20.725008,17.70909,21.103582,17.272211,20.68393,18.750437,22.194424,20.291338,18.611818,21.938261,19.616032,20.433296,22.99216,19.070765,15.579605,11.716008,15.134926,9.1128645,13.971991,13.509434,17.046732,18.307123,21.554394,25.63948,25.601036,23.530062,23.189735,20.198244,18.946068,16.11241,18.723007,13.994791,17.397276,18.844131,16.690569,14.283796,13.336375,8.257392,9.012386,5.1990957,9.086343
16,33.908096,30.206232,28.569996,24.013777,22.41143,22.451975,18.130077,18.687994,14.061561,16.348978,14.629947,15.283142,13.413734,11.067391,6.7868414,4.45533,0.0,4.809806,7.4417315,10.316918,14.748386,17.00506,21.626442,18.329386,16.588976,15.582275,10.425425,11.225872,8.2659645,11.271837,9.83946,14.953509,14.762518,18.489986,15.422052,11.977494,15.64481,18.350742,14.421541,12.83143,18.23162,18.43182,14.706028,17.30926,21.2134,20.07891,17.553246,22.02373,24.975548,25.646496,23.88216,23.983479,28.18653,27.295229,24.988503,22.245523,18.615156,18.762344,24.116016,23.79994,18.38875,21.662113,24.951897,26.117373,22.10809,19.346954,23.51796,21.40778,18.286331,21.72274,18.037502,20.95811,17.443752,19.833414,18.340712,20.881664,18.662823,17.752827,20.322096,18.937284,19.398474,22.269833,18.48085,14.547247,11.115077,12.883005,6.6668615,10.180444,9.140466,12.751667,14.0781555,17.469908,21.531761,21.201674,19.079365,18.772572,15.860844,14.781183,12.202545,15.681526,11.173039,15.386729,17.432587,15.840724,12.8543,13.575507,7.3342776,8.96493,6.212137,9.285887
17,33.54246,29.93925,28.260363,23.557407,22.382597,21.932312,18.543964,19.218796,14.6071615,17.967922,16.316381,17.96733,16.363634,14.680142,10.595762,6.3573594,4.809806,0.0,6.528086,7.264636,11.176563,14.025181,18.097946,14.838387,13.856046,12.756827,7.4007225,9.014817,6.278194,10.655651,8.87309,15.234286,16.334932,18.84283,14.66864,11.779549,15.325525,16.89241,12.188428,11.132653,16.448395,15.154815,11.277929,14.657929,18.222847,15.913359,13.647994,18.855577,21.215475,22.328407,20.099773,19.671307,23.923443,23.267208,20.552446,17.695353,14.308955,14.522094,19.902252,20.05112,15.070652,18.29828,21.766327,23.221073,19.858223,17.195274,21.365616,19.662766,15.613568,19.006136,14.714933,16.962305,12.939155,15.277109,13.536699,16.278973,14.246741,13.313645,16.504698,15.328965,16.5491,19.882824,16.762348,12.653414,8.663352,10.823937,4.3398814,8.617059,9.542677,12.877047,15.207236,18.199556,21.397493,21.864105,19.914005,19.689388,17.552698,15.490184,14.394267,16.485722,12.932981,16.518173,18.199635,17.579206,14.9772215,16.547047,10.357641,13.154512,10.37506,13.869487
18,33.561626,29.963207,29.301493,24.123653,23.609196,24.585112,20.412642,22.64463,18.471659,21.721313,20.915045,21.900698,20.557302,18.163364,14.029535,11.294712,7.4417315,6.528086,0.0,5.7546687,9.209998,10.511014,15.456936,13.977258,12.894349,13.310657,9.157984,12.5739565,11.708238,15.578351,15.283878,21.155342,21.91428,25.042376,21.100042,17.823818,21.091536,23.158178,18.334232,16.7079,21.940208,20.73559,16.37341,19.012087,23.09734,20.020441,16.764029,22.20166,24.703938,26.569004,24.8411,22.600014,27.761105,27.902937,24.70177,21.76421,19.110138,19.316256,24.602406,25.490631,21.06592,23.920607,27.57505,29.325644,26.260857,23.490158,27.261612,25.262337,21.211168,23.702473,18.921583,20.1795,16.694914,17.09621,15.812775,16.641394,13.789304,13.982592,15.019511,15.332897,15.4404335,18.836712,16.005466,11.76317,9.630604,7.9900413,4.2304506,2.8694608,4.2468157,7.9752584,11.031684,14.239649,16.980658,16.390404,14.074004,13.406176,11.612978,9.107266,9.227918,11.681347,9.379128,13.457062,15.8214445,16.208551,13.258454,16.934757,10.76067,14.220496,13.104408,15.813466
19,37.295982,33.804195,32.8769,27.77213,27.374922,27.529364,24.235998,25.817194,21.434816,25.022902,23.569283,25.058992,23.291464,21.267296,16.219381,13.334088,10.316918,7.264636,5.7546687,0.0,4.638675,7.130041,11.445287,8.450378,7.6036763,7.9356914,4.678922,9.024959,9.926126,13.654657,14.905817,20.437506,22.887022,25.187307,20.920378,18.72744,22.25219,23.003199,18.054153,17.552494,22.48663,19.57053,15.878052,19.632017,22.779613,18.322174,16.239443,22.43715,23.84387,26.00359,23.207357,20.84542,25.470156,25.573576,21.64074,18.042295,16.337246,15.565468,20.683607,22.866385,18.739405,20.418968,24.258228,26.625454,24.24973,21.14927,24.115244,22.12005,17.808752,19.401354,14.319733,14.932476,12.287206,11.966065,11.878797,12.329129,10.470343,12.070028,14.134577,15.552572,16.90764,20.87066,18.952415,14.740695,12.020571,10.939807,7.278212,4.946232,7.0946984,8.479156,11.757249,13.839098,15.649523,17.020727,15.618138,16.018663,15.338432,13.171914,14.502401,16.835001,15.079886,18.814302,20.886654,21.536972,18.76608,22.008253,15.648354,18.74899,16.528908,19.109419
20,38.115135,34.811848,34.18961,29.037539,29.158073,29.359726,26.61547,28.57802,24.479685,28.46488,27.27038,29.070282,27.513786,25.635265,20.782333,17.494503,14.748386,11.176563,9.209998,4.638675,0.0,3.6227787,6.9535847,5.749855,6.9901485,8.425714,7.7371554,12.0134325,13.5623865,17.220102,18.392712,24.059649,26.876373,28.648912,24.00924,22.10059,25.290876,25.484804,20.407251,20.120457,24.556114,20.773945,17.296324,20.959095,23.695755,18.143244,16.272724,22.657696,23.358036,26.141071,23.242813,19.615408,24.369568,25.09123,20.673815,17.119503,16.479004,15.729521,20.214233,23.184513,20.090858,21.31389,25.09891,27.719305,26.13889,23.296537,25.891544,24.256845,19.580418,20.52895,15.213486,14.225447,11.913309,9.705651,10.099064,8.769089,7.0629687,10.216114,11.552784,14.430729,16.112646,20.24646,19.383295,15.572888,13.632756,11.644626,10.390211,7.245084,10.463889,10.782641,14.390382,15.706288,16.003313,17.862875,16.773655,17.140879,17.450365,14.720264,17.317833,18.426744,17.838205,20.866077,22.669662,24.122066,21.673548,25.528502,19.406702,22.943228,20.931215,23.696936
21,39.221355,35.979847,35.808304,30.536581,30.933706,31.653778,28.659678,31.115501,27.137156,31.062744,30.097677,31.674269,30.163279,28.050861,23.152306,20.23587,17.00506,14.025181,10.511014,7.130041,3.6227787,0.0,5.182464,6.7932434,7.974629,10.401185,10.640398,14.939498,16.747946,20.215918,21.726738,27.294323,29.96661,32.019356,27.467327,25.351816,28.539864,28.979244,23.865452,23.342497,27.833895,24.223593,20.601164,23.953133,26.873781,21.242632,19.05738,25.311296,26.048979,29.076244,26.42756,22.170334,27.152832,28.197176,23.698832,20.260406,19.903477,19.188753,23.450493,26.620289,23.697992,24.80042,28.581736,31.276693,29.756775,26.864641,29.303747,27.533955,23.004316,23.585682,18.351877,17.042645,15.283396,12.3426075,13.0636215,10.554332,8.7462015,12.3918295,12.183425,15.976398,17.085182,21.076366,20.549301,16.94829,15.79362,12.591724,12.576142,7.881331,10.829997,10.176692,13.828329,14.688729,14.024327,15.6822405,14.771635,15.1577215,16.249012,13.575821,17.112041,18.11366,18.388058,21.285257,23.234749,25.100628,22.648302,27.086134,21.117609,24.709885,23.142328,25.635302
22,41.656116,38.63456,38.528576,33.38688,34.096985,34.53042,32.210865,34.61142,30.801512,34.9976,34.012737,35.92281,34.4525,32.566463,27.65853,24.435114,21.626442,18.097946,15.456936,11.445287,6.9535847,5.182464,0.0,6.898032,9.797042,12.236777,13.952546,17.82212,20.087614,23.355698,24.976856,30.4213,33.657787,35.104954,30.31934,28.699228,31.667511,31.395609,26.36028,26.27474,30.218607,25.739977,22.67533,26.07925,28.309889,21.86827,20.403616,26.54602,26.377552,29.796381,26.862877,21.887524,26.439638,27.913826,23.057747,19.735485,20.555414,19.641006,22.961432,26.947863,25.027067,25.424156,29.013216,31.956377,31.262949,28.591429,30.481771,29.074995,24.421515,24.296839,19.22868,16.575998,15.65168,11.299752,12.852421,8.671846,8.3267975,12.963034,12.426183,17.1599,18.79192,22.71139,23.159416,20.053452,19.15384,16.192858,16.892895,12.927887,15.989773,15.0077305,18.387953,18.566557,16.782467,19.229485,18.840584,19.39141,21.019741,18.27551,22.137342,22.421103,23.142456,25.549158,27.176458,29.419292,27.227884,31.716167,25.836721,29.569696,27.804852,30.457006
23,43.553864,40.28397,39.445915,34.40733,34.40184,34.123203,31.661972,33.038513,28.746702,32.584454,30.81777,32.64298,30.641523,28.887878,23.387579,20.763464,18.329386,14.838387,13.977258,8.450378,5.749855,6.7932434,6.898032,0.0,3.796573,5.5462303,8.675919,11.755606,14.891812,17.393772,20.306635,24.807922,28.846783,30.193123,25.830996,24.8458,28.274204,27.625309,22.905228,23.465218,27.624998,22.925797,20.371109,24.65769,26.570398,20.498384,19.915956,26.338781,26.209091,28.91944,25.125702,22.012777,25.732275,26.182764,21.28164,17.109241,17.6729,15.584394,19.379892,23.74793,20.902502,20.479094,24.236586,27.463697,26.477127,23.263752,24.60867,22.804405,18.591892,18.005953,13.0930195,11.246558,11.538578,8.142113,11.214988,9.223652,9.945527,13.931598,15.850857,19.089811,21.29388,25.456486,24.867144,21.114254,18.80697,17.367186,15.320457,12.194976,14.192618,13.220789,15.980333,16.104904,15.554948,19.129824,18.998117,20.332617,21.109892,19.246311,21.90068,23.888609,23.096004,26.457521,28.353012,29.583063,26.978376,30.406967,24.069134,27.055073,24.449408,26.710901
24,44.52672,41.114548,40.188145,35.11525,34.80534,34.62529,31.669304,32.84599,28.337584,31.788626,29.76809,31.221481,28.933628,26.987965,21.108053,19.302374,16.588976,13.856046,12.894349,7.6036763,6.9901485,7.974629,9.797042,3.796573,0.0,3.1985505,7.004359,9.7624655,13.35052,15.305372,19.201874,23.116327,27.187819,29.009502,25.100296,24.052029,27.816917,27.522215,22.948967,23.441359,27.980026,23.807098,21.144066,25.552412,27.749647,22.298063,21.545065,27.959806,28.287289,30.640474,26.835695,24.468672,28.159985,28.19296,23.515776,19.181799,19.125212,16.771248,21.019028,25.084219,21.423923,20.961885,24.812428,28.018944,26.470411,22.8568,24.108217,21.774433,18.103731,17.466383,12.837394,12.365497,12.977756,10.847628,13.686677,12.624727,12.835101,16.284594,18.33316,21.092793,22.99447,27.130291,25.92878,21.890789,19.278826,17.944906,14.845226,11.422177,12.24323,10.839894,13.002844,12.985132,13.113992,16.940956,16.983864,18.752663,19.256912,18.15489,20.3376,23.447346,22.155983,26.06078,28.255186,29.025906,26.138355,29.253447,22.798653,25.266144,22.55727,24.289299
25,44.603283,41.157658,39.86675,34.95922,34.3764,33.757088,30.987795,31.620966,27.025873,30.343441,28.002504,29.547512,27.109934,25.389297,19.465902,17.72674,15.582275,12.756827,13.310657,7.9356914,8.425714,10.401185,12.236777,5.5462303,3.1985505,0.0,5.3814607,7.010105,10.9876175,12.52626,16.816229,20.295868,24.757975,26.32513,22.563618,21.923252,25.75254,25.16203,20.845894,21.70537,26.120108,21.861925,19.595453,24.260284,26.16282,21.020922,20.756708,27.043104,27.307365,29.308702,25.222664,23.728046,26.94995,26.551401,22.034773,17.565475,17.329212,14.586956,18.920502,22.914438,18.964413,18.209305,22.053598,25.282488,23.643433,19.89581,20.987,18.584204,15.042785,14.410246,9.873163,10.203826,11.122497,10.112288,13.000308,13.064621,13.594496,16.44532,19.361774,21.427544,23.61738,27.733868,26.26742,22.177021,19.04929,18.649921,14.637717,12.4682865,13.067251,12.326722,14.166472,14.465404,15.419506,19.186344,19.102875,20.832457,20.807678,19.78325,21.26432,24.56776,22.657402,26.668022,28.774485,29.142168,26.25425,28.747978,22.28633,24.444208,21.29817,23.02434
26,40.017414,36.497177,35.035454,30.197716,29.375864,28.778193,25.791718,26.368639,21.739323,25.022564,22.82315,24.382542,22.136421,20.409801,14.827406,12.484435,10.425425,7.4007225,9.157984,4.678922,7.7371554,10.640398,13.952546,8.675919,7.004359,5.3814607,0.0,4.432113,6.5797715,9.589014,12.3410225,16.913303,20.42113,22.369495,18.416496,17.10094,20.955503,21.043646,16.518488,16.878382,21.657738,18.300665,15.450825,19.89086,22.364119,18.128714,17.187702,23.27353,24.305387,25.97097,22.440393,21.427238,25.107756,24.531536,20.616894,16.582886,14.940837,13.162314,18.326157,20.84507,16.200634,17.026253,20.906141,23.50747,21.06426,17.52464,19.960737,17.697107,13.722369,15.043658,10.246312,11.9220085,10.230535,11.082268,11.899612,13.402568,12.737405,14.176148,17.465958,18.349375,20.281149,24.220533,22.119713,17.925713,14.417644,14.808926,9.771218,9.279498,9.967975,10.952991,13.166756,14.838689,17.110117,19.441206,18.504532,19.503012,18.55578,17.149326,17.679502,20.792423,18.228333,22.228731,24.240223,24.232182,21.389837,23.535948,17.116774,19.378366,16.229774,18.45317
27,42.226612,38.687565,36.76278,32.230743,30.98896,29.797415,27.024153,26.672739,21.947214,24.743938,21.892664,23.396017,20.740421,19.359022,13.59643,12.105133,11.225872,9.014817,12.5739565,9.024959,12.0134325,14.939498,17.82212,11.755606,9.7624655,7.010105,4.432113,0.0,4.5340753,5.646971,10.293379,13.355922,17.816122,19.47751,16.117167,15.70214,19.756704,19.36867,15.567858,16.641277,21.129982,17.830276,15.8796625,20.582548,22.48509,18.977371,18.900848,24.536526,25.42351,26.474691,22.52001,22.950327,25.73107,24.450686,20.885422,16.76672,14.982752,12.4943495,17.452839,19.837202,14.628208,14.703746,18.453604,21.090355,18.365196,14.389817,16.33292,13.671997,10.4146805,11.721077,7.8689847,11.275391,10.582848,12.799898,13.93618,16.308203,16.265095,17.250216,21.206434,21.473661,23.639412,27.435314,25.05726,20.946413,16.985592,18.407017,12.62033,13.282889,13.156336,14.124311,15.422292,16.89181,19.667803,22.35204,21.640064,22.91692,21.61268,20.750242,20.508694,24.159492,20.930529,25.073708,27.021994,26.384033,23.535275,24.621435,18.431244,19.794752,15.972578,17.71729
28,38.753887,35.202858,33.002724,28.69303,27.160086,25.759016,23.001081,22.291622,17.559164,20.261189,17.391764,19.058876,16.586512,15.43431,10.3417635,7.94532,8.2659645,6.278194,11.708238,9.926126,13.5623865,16.747946,20.087614,14.891812,13.35052,10.9876175,6.5797715,4.5340753,0.0,4.648273,6.0253186,10.551043,13.966983,15.830915,12.221307,11.258891,15.373076,15.548576,11.736723,12.4926605,17.178766,14.896948,12.715542,17.088156,19.305784,17.000044,16.574846,21.63733,23.130861,23.70868,20.295013,21.46191,24.34302,22.83226,20.020061,16.54746,13.589259,12.195622,17.401657,18.224955,12.499613,14.206766,17.714224,19.590881,16.115767,12.556894,15.907428,13.701935,10.268801,13.463116,10.054337,13.7463045,11.268108,14.638834,14.261937,17.569313,16.89046,16.618273,20.805496,19.928896,21.900928,25.35605,22.500896,18.553946,14.305716,16.838013,10.5456085,13.26176,13.26948,15.439509,16.88775,19.141743,22.476837,24.218168,22.953096,23.619928,21.667562,20.485441,19.36507,22.529188,18.73823,22.599888,24.291391,23.204264,20.561369,20.948061,15.086192,16.348608,12.339278,14.725983
29,42.68866,39.13121,36.695774,32.62281,30.798948,29.108084,26.38563,24.971714,20.298126,22.216385,18.71753,19.952515,16.915518,16.005114,10.662628,10.460869,11.271837,10.655651,15.578351,13.654657,17.220102,20.215918,23.355698,17.393772,15.305372,12.52626,9.589014,5.646971,4.648273,0.0,7.37571,8.015414,12.932443,14.722044,12.502888,12.768994,16.922276,16.674732,14.069204,15.437514,19.58531,17.491013,16.27313,20.616196,22.262272,20.457748,20.699743,25.401243,26.668175,26.817225,23.050133,25.14876,27.263058,25.237087,22.62405,19.025745,16.4465,14.263679,18.85568,19.887114,13.96947,14.3482275,17.51171,19.480066,15.788386,11.665128,13.872396,10.875189,9.261386,11.786453,10.108179,14.78819,13.894816,17.398712,17.84097,21.099863,20.934431,20.97597,25.287096,24.507362,26.54114,29.95716,26.995714,23.08459,18.818808,21.35972,14.929101,17.096539,16.269363,17.832327,18.395857,20.191267,23.79639,26.003273,25.128983,26.272558,24.258703,23.821758,22.379421,26.381702,22.308249,26.437447,28.246464,26.717484,23.976469,23.605246,18.10296,18.25448,13.906801,15.085227
30,36.404564,32.95167,30.095736,26.453081,24.38366,22.129831,19.99522,18.00644,13.511128,15.748918,12.43818,14.651998,12.481968,12.427983,9.656641,6.5405498,9.83946,8.87309,15.283878,14.905817,18.392712,21.726738,24.976856,20.306635,19.201874,16.816229,12.3410225,10.293379,6.0253186,7.37571,0.0,7.17388,9.070167,10.299188,6.3848867,5.5805926,9.689313,10.07914,7.2821193,8.33783,12.437173,11.829379,10.527432,14.089262,15.944243,15.935044,15.857408,19.399115,21.335382,20.858923,18.025028,20.99035,23.171469,21.025417,19.572441,17.186008,13.215458,13.024003,17.57069,16.226585,10.224612,13.544604,16.186747,16.847202,12.440029,9.858981,14.632928,13.352363,10.5738,15.353439,13.285295,17.20033,13.845652,18.33677,16.782421,21.055128,20.229662,18.589504,23.126377,20.806189,22.715197,25.525795,22.287949,18.969828,14.616089,18.736544,12.7776375,17.390234,17.58548,20.474134,21.853027,24.491497,28.15483,29.336296,27.722918,27.901308,25.407043,23.991047,21.95637,24.299551,19.982058,23.109251,24.227629,22.435589,20.36088,19.2028,14.604777,15.233052,11.092539,14.007445
31,42.300396,38.901466,35.701607,32.54727,30.071499,27.425093,25.453417,22.393044,18.373028,19.03747,14.859362,16.138916,13.177076,13.830478,11.471435,11.79244,14.953509,15.234286,21.155342,20.437506,24.059649,27.294323,30.4213,24.807922,23.116327,20.295868,16.913303,13.355922,10.551043,8.015414,7.17388,0.0,6.7187552,7.2736588,7.6046333,9.716726,12.881615,12.443359,12.476519,14.279497,16.891665,16.723585,16.91538,20.181839,21.037294,21.762878,22.567904,25.528812,27.079317,25.93902,22.739645,26.973495,28.008635,25.127634,24.103516,21.64993,18.323374,17.099682,20.635782,19.416498,13.605652,14.875817,16.592556,17.003574,12.191412,9.2357645,12.259834,10.397724,10.940846,14.91849,15.256522,20.083344,18.497194,23.119684,22.540045,26.76197,26.517681,25.333998,30.041677,27.911371,29.888916,32.649067,29.296762,26.027054,21.714552,25.650156,19.375362,23.243307,22.510778,24.806097,25.235458,27.420074,31.4358,33.08027,31.87832,32.5859,29.95871,29.428198,26.962109,30.375792,25.699497,29.168215,30.436205,28.037445,25.875372,23.615507,19.747654,18.762115,14.434555,15.419726
32,38.48063,35.139053,31.759647,29.133583,26.204187,23.681982,21.439001,17.775715,14.331549,13.591318,9.262075,9.926264,7.188985,8.953486,10.0332575,10.788278,14.762518,16.334932,21.91428,22.887022,26.876373,29.96661,33.657787,28.846783,27.187819,24.757975,20.42113,17.816122,13.966983,12.932443,9.070167,6.7187552,0.0,5.432702,7.6189084,7.701861,9.762489,11.810371,12.740134,13.09735,15.351896,17.8591,17.521965,19.281631,20.829798,23.310337,23.176098,24.997244,27.55763,25.911625,24.083097,28.446795,29.942583,27.20669,27.02095,25.322723,21.218067,21.260542,24.956923,22.298103,16.816055,19.829407,21.230043,20.646046,15.451956,14.019279,18.070742,16.879969,16.81784,21.336437,20.960703,25.45932,22.68995,27.330334,25.764122,30.107895,29.098013,27.105219,31.330929,28.330967,29.62296,31.71233,27.813446,25.061646,21.17992,25.528362,19.707403,24.477104,23.582403,26.576763,26.968937,29.751623,34.209316,34.767857,33.072083,33.16273,29.962107,29.404337,26.01538,28.927221,23.919794,26.79152,27.732796,24.609035,22.905243,19.300968,17.074385,15.171492,11.638415,12.595775
33,39.497734,36.373516,32.585014,30.398092,27.536072,24.059315,23.15153,18.80381,15.945264,15.660406,11.59919,13.419979,11.714814,13.959309,14.889296,14.274362,18.489986,18.84283,25.042376,25.187307,28.648912,32.019356,35.104954,30.193123,29.009502,26.32513,22.369495,19.47751,15.830915,14.722044,10.299188,7.2736588,5.432702,0.0,5.505072,8.483483,9.061617,8.772922,11.5891695,13.145881,13.658661,15.808758,16.946018,18.607033,18.813108,21.916122,22.85059,23.946882,25.836025,23.64035,21.563028,27.093142,27.475637,24.251299,24.756634,23.60612,19.736382,19.875275,22.564957,19.18761,14.448765,17.231504,17.73984,16.439806,11.339254,11.10682,15.105435,15.02535,15.36603,20.101387,20.557669,24.851582,22.200886,27.271473,25.599308,30.356287,29.844542,27.576668,32.301838,29.034994,30.836432,32.850273,29.395733,26.956512,22.979868,27.84524,22.33839,27.397945,27.15786,30.103287,30.872208,33.48628,37.58927,38.649525,37.03431,37.167553,34.20793,33.19443,30.246576,32.497494,27.737562,30.227448,30.819685,28.025629,26.644382,23.211805,21.043127,19.874113,16.336084,17.889494
34,36.296608,33.114876,29.54354,26.873575,24.407244,20.969446,20.207203,16.611555,13.177823,14.558757,10.98801,13.871142,12.471161,14.003502,13.867275,11.283575,15.422052,14.66864,21.100042,20.920378,24.00924,27.467327,30.31934,25.830996,25.100296,22.563618,18.416496,16.117167,12.221307,12.502888,6.3848867,7.6046333,7.6189084,5.505072,0.0,4.6879272,6.157248,4.9482017,6.1926,8.297247,9.488469,10.631185,11.510153,13.692632,14.089183,16.529366,17.436579,19.010164,20.79444,19.05552,16.702026,21.734217,22.557169,19.645584,19.764112,18.590288,14.465834,15.0494585,18.138908,14.780657,9.685207,13.61149,14.782778,13.910925,8.90281,8.471076,13.783911,13.907319,12.310514,17.582457,16.947521,20.728697,17.327377,22.397285,20.329086,25.16127,24.597586,22.164398,26.976315,23.729816,25.760876,27.946125,24.792387,22.29104,18.220411,23.20304,18.013828,23.27093,23.72353,26.789358,28.158268,30.837883,34.53395,35.66093,33.94957,33.924747,31.248804,29.650354,27.274887,28.864895,24.476917,26.812052,27.327175,25.155813,23.766008,21.372362,18.363476,18.451084,14.787445,17.536
35,32.66357,29.329998,26.021675,23.023708,20.515959,17.72244,16.070353,13.053325,9.013152,10.844477,7.610832,10.671918,9.64264,10.698588,11.136779,7.644364,11.977494,11.779549,17.823818,18.72744,22.10059,25.351816,28.699228,24.8458,24.052029,21.923252,17.10094,15.70214,11.258891,12.768994,5.5805926,9.716726,7.701861,8.483483,4.6879272,0.0,4.3169637,6.9799547,5.7279644,5.4012756,8.591359,11.087374,10.05761,11.648199,13.685388,16.10754,15.610532,17.381456,20.10826,18.799885,17.313112,21.08457,23.130024,20.893305,20.712942,19.49993,14.956572,16.176159,20.080267,16.891039,11.781816,16.49446,18.297255,17.736237,13.062691,12.27196,17.699425,17.28685,14.872078,20.076277,18.284613,21.787365,17.630747,22.246,19.686743,24.226892,22.953835,20.269753,24.52905,21.059029,22.540173,24.562462,20.998652,18.48028,14.569907,19.569202,14.560178,20.226929,20.65683,24.112724,25.60772,28.637415,32.4661,32.925022,30.919094,30.52453,27.652285,25.922873,23.268118,24.556776,20.0971,22.26965,22.776194,20.481989,19.124632,16.770731,13.859165,14.233301,10.961969,14.39219
36,30.618858,27.515219,23.749096,21.505741,18.78181,15.15838,14.700701,10.583776,7.840146,9.266101,6.837288,10.605532,10.902035,12.782304,14.831556,11.390509,15.64481,15.325525,21.091536,22.25219,25.290876,28.539864,31.667511,28.274204,27.816917,25.75254,20.955503,19.756704,15.373076,16.922276,9.689313,12.881615,9.762489,9.061617,6.157248,4.3169637,0.0,5.3842044,6.497556,5.7921515,5.980589,10.873363,10.738095,10.580997,12.001966,16.30688,15.979585,16.06812,19.013256,16.93244,16.463573,21.014605,22.551647,20.200861,21.081478,20.812067,16.199244,18.205366,21.351843,16.940325,12.994777,18.219982,19.310349,17.882107,13.508224,14.10938,19.640152,19.96153,17.686941,23.052595,21.533974,24.687668,20.193916,24.902695,21.811117,26.531889,25.213324,21.912498,26.06547,21.901283,23.270475,24.673256,21.230297,19.510773,16.114893,21.520712,17.45398,23.46663,24.243006,27.878084,29.542048,32.676918,36.43101,36.67204,34.504475,33.81697,30.882486,28.850538,26.103407,26.483183,22.23387,23.562805,23.501566,21.130621,20.460543,17.53405,16.00515,16.420666,13.970002,17.42936
