,0,1,2,3,4,5,6,7,8,9,10,11,12,13,14,15,16,17,18,19,20,21,22,23,24,25,26,27,28,29,30,31,32,33,34,35,36,37,38,39,40,41,42,43,44,45,46,47,48,49,50,51,52,53,54,55,56,57,58,59,60,61,62,63,64,65,66,67,68,69,70,71,72,73,74,75,76,77,78,79,80,81,82,83,84,85,86,87,88,89,90,91,92,93,94,95,96,97,98,99,100,101,102,103,104,105,106,107,108,109
0,0.0,4.3589916,6.1382113,9.5686655,11.832911,14.40127,17.174309,21.995262,24.688,27.160707,31.479551,29.183126,27.621393,26.678455,21.910423,21.723217,16.822357,16.628578,14.5816555,12.549939,14.481953,10.657271,15.999271,18.048199,17.836483,17.048977,20.300875,20.41607,15.365195,19.109352,16.7119,21.606592,25.007784,26.26296,29.907724,31.880362,35.110645,36.11577,33.273655,30.552345,33.2564,27.813955,29.94126,27.2873,29.611311,26.978266,26.190485,28.930048,31.603317,34.032978,34.3342,38.680283,39.42745,41.68012,38.3967,41.69416,37.35477,38.65268,40.03422,40.473507,36.83025,38.571896,35.42149,33.762962,34.131367,30.627926,33.197464,29.178093,31.48254,26.171253,23.550674,26.39914,25.317228,28.957943,29.197512,30.87082,34.066906,34.002003,36.74323,38.59911,36.897373,33.379967,30.344639,27.690584,25.860634,24.598137,22.392942,20.675367,18.201162,18.278267,16.147755,11.414618,16.722961,19.094225,18.3539,20.946966,23.666195,27.677404,26.298233,31.128643,29.812359,35.02464,39.36258,34.795376,31.94575,29.136108,24.723764,23.537458,20.21098,18.640732
1,4.3589916,0.0,5.3446655,6.3341684,8.644096,12.098496,13.943525,19.539354,21.5693,24.512796,28.345297,26.18031,25.087988,23.74944,19.265923,18.331587,13.524484,12.795129,10.5881,8.211259,10.274187,6.9545207,12.669578,15.045513,15.520968,15.053791,17.467882,17.010498,11.371269,14.857749,12.360418,17.332851,20.99558,22.34177,25.94686,28.077444,31.091816,31.947014,29.035143,26.237135,28.95687,23.54551,25.68708,23.29374,25.674477,23.392786,22.851732,25.815958,28.26434,30.684162,30.762486,35.147205,35.930405,37.916176,34.437817,37.58985,33.170506,34.377663,35.728615,36.28742,32.631264,34.632637,31.578566,30.175001,30.876364,27.562626,30.429514,26.596243,29.129118,23.930008,20.691301,23.084372,21.85279,25.133066,25.34559,26.752113,30.028461,29.89764,32.63388,34.625114,32.876587,29.278214,26.531006,23.692976,21.97559,20.413939,18.66145,16.941406,14.933674,15.545106,13.859491,8.959517,15.179422,16.726744,15.594117,18.925768,21.171595,25.117594,23.050167,27.992916,26.203485,31.48739,35.960403,31.64725,28.6623,26.441158,21.568272,21.027449,17.585228,16.82262
2,6.1382113,5.3446655,0.0,5.2804303,6.6748047,8.557525,11.693873,15.933773,18.93346,21.143337,25.676731,23.439505,21.7494,21.148209,16.298538,16.499102,12.06135,12.05478,11.694252,10.294721,13.766483,11.657835,17.443844,19.86463,20.169537,18.959637,20.718952,20.457455,14.120106,17.671137,14.160508,19.723942,21.433823,23.951632,26.677925,29.03751,32.254375,33.07554,30.743439,27.903267,31.363716,26.206146,27.87149,26.25895,27.784655,26.043026,24.920656,28.426378,30.884962,32.985962,32.621727,37.043224,37.139214,39.23788,35.960346,39.046223,34.417366,35.89458,36.77882,36.77097,33.147976,34.561516,31.823864,29.788391,30.920439,26.973906,29.784225,26.034271,29.237267,23.99316,20.769619,23.780743,21.751266,26.0149,24.9914,27.098076,29.71423,29.59699,32.282894,33.789017,32.333412,29.006035,25.407751,23.078484,21.113157,20.696508,18.0666,17.903194,15.534249,16.768562,14.07978,8.525605,13.846318,15.788081,14.116817,16.50656,18.67076,22.356647,21.244543,25.88869,24.698353,29.756493,33.86972,29.082846,26.346424,23.331684,19.221943,17.78627,14.900311,12.9324875
3,9.5686655,6.3341684,5.2804303,0.0,3.8175638,6.1975884,8.499233,13.687456,15.633383,18.816545,22.45037,19.935991,18.82525,17.423248,12.951523,12.182405,7.3707585,7.4021297,6.516592,6.4335284,10.137026,9.506699,14.960072,17.863533,19.304087,18.873251,19.64298,18.430674,11.461602,13.80334,9.661088,14.880694,16.187748,18.746464,21.40954,23.808413,26.974676,27.82386,25.569618,22.84766,26.622192,21.829733,23.746376,22.815395,24.598318,23.58923,23.025614,26.74287,28.760983,30.85607,30.14093,34.570404,34.775185,36.322357,32.635197,35.330437,30.48614,31.652887,32.333473,32.66259,28.99498,31.06189,28.68058,27.114735,29.022171,25.3915,28.6998,25.339674,28.883268,23.92067,19.80053,21.953562,19.525133,23.081625,21.634277,23.172958,25.723063,25.22181,27.752848,29.354034,27.569748,24.220726,20.871796,18.48927,17.121454,16.325533,14.956346,15.389176,14.090145,16.25566,14.385464,9.076564,15.129203,15.728528,13.2403965,16.669313,17.778046,21.099112,18.830418,23.574015,21.329302,26.474323,30.711214,26.237173,23.284826,21.383461,16.592302,16.316578,13.671954,12.89411
4,11.832911,8.644096,6.6748047,3.8175638,0.0,5.2765417,5.361583,11.20392,13.05593,15.9165745,19.799322,18.027695,17.178862,16.163893,11.9001,10.758481,7.3440766,5.7745366,7.8541503,6.608869,10.941533,11.318139,16.273037,18.756847,19.77832,18.69164,18.642864,17.644524,10.656005,13.35668,9.222518,15.121294,16.014576,19.5704,21.52014,24.378624,27.115221,27.506575,25.358559,22.306488,26.071236,21.209408,22.416441,21.78292,22.723125,21.979628,20.95051,24.989895,26.995031,28.82801,27.859194,32.27017,32.059616,33.761017,30.33073,33.135624,28.328955,29.841286,30.449848,30.284647,26.676153,28.155737,25.731874,23.820892,25.753706,21.896471,25.182322,21.908932,25.752502,20.894665,16.676704,19.048086,16.28564,20.39513,18.598955,20.665424,23.080462,22.943575,25.663925,27.21536,25.938257,22.548769,19.067827,16.541994,14.440388,14.226749,11.76351,12.833496,11.373163,14.00068,11.895376,6.9892116,12.276657,12.457232,9.629013,13.021897,13.962799,17.335636,15.2277775,19.983614,18.199736,23.344805,27.610102,23.098246,20.179008,17.95971,13.15513,12.755764,9.875359,9.533229
5,14.40127,12.098496,8.557525,6.1975884,5.2765417,0.0,5.860102,8.0527115,11.099095,13.594014,17.777182,15.000317,13.234122,12.6778965,7.803695,8.7938385,5.713362,7.28556,9.679688,10.976793,15.0358715,15.466631,20.548546,23.394444,24.809818,23.916119,23.862514,22.67007,15.594325,17.412249,12.739239,17.658842,15.998805,20.078188,21.232182,23.881311,27.091156,27.82067,26.474323,23.868149,28.483084,24.37722,25.661345,25.921288,26.69939,26.60662,25.620989,29.836782,31.644484,33.31045,31.972574,36.313595,35.728962,37.14161,33.64023,36.016422,30.968576,32.323837,32.290783,31.987,28.466717,29.957022,28.256683,26.12943,28.918207,24.780333,28.130604,25.227905,29.600586,24.945576,20.69788,23.05376,19.601877,23.858212,20.616343,22.780605,24.228056,23.58295,25.87576,26.762398,25.325542,22.489994,18.076754,16.632023,15.290435,16.18495,14.318382,17.108833,15.997266,18.928577,16.563112,11.745245,15.994814,16.255442,12.944859,15.235074,15.33633,17.746119,16.335058,20.424282,18.55116,23.209564,26.883562,21.932486,19.301567,16.902454,13.14623,12.203369,11.088754,9.298801
6,17.174309,13.943525,11.693873,8.499233,5.361583,5.860102,0.0,6.998331,7.840271,10.941139,14.488071,13.209751,12.945094,12.063871,8.693185,6.853298,6.5459914,4.3290763,9.55928,9.562798,13.520949,15.383799,19.425508,21.79112,23.12229,21.983343,20.674824,19.334333,12.711158,14.17292,9.956529,15.101359,13.826042,18.72129,19.307135,22.571445,24.902494,24.902533,23.369911,20.293564,24.588331,20.439034,20.947077,21.62898,21.615585,22.048645,20.91853,25.359959,26.907839,28.301317,26.647802,30.90798,30.090023,31.43548,28.053495,30.46639,25.491726,27.11906,27.155592,26.524237,23.033085,24.210632,22.410894,20.295965,23.275557,19.297226,22.863066,20.275564,24.849379,20.601755,15.915768,17.790611,14.015423,18.235952,14.792251,17.190466,18.785406,18.587671,21.22198,22.43837,21.536282,18.373255,14.449385,12.249852,9.929122,11.079318,8.513884,12.18889,11.741038,15.320877,13.582129,10.297984,13.5841255,12.459062,8.713311,11.727432,10.9476595,13.363539,10.860972,15.310323,13.235441,18.224865,22.350164,17.80151,14.873355,13.084951,8.140225,8.535078,6.8402143,7.759419
7,21.995262,19.539354,15.933773,13.687456,11.20392,8.0527115,6.998331,0.0,4.9452076,5.665953,10.499537,8.735885,7.1751437,8.378152,5.789252,7.448938,9.77933,10.296412,15.079084,16.340643,20.240925,21.95598,26.21555,28.729353,30.095177,28.782883,27.393261,26.15773,19.688715,20.760406,16.464388,20.645788,16.638853,22.242973,21.394917,24.505306,26.970108,27.04183,26.659212,24.07649,29.075525,25.882414,26.033026,27.689358,27.022894,28.151602,26.778728,31.368013,32.72207,33.73076,31.607496,35.61394,34.049282,35.17891,32.090816,34.0016,28.996473,30.649715,29.818743,28.559397,25.442865,25.936779,25.178083,22.524569,26.394361,22.066965,25.377928,23.469622,28.627392,24.880474,20.606419,22.611395,18.225658,22.717537,17.49602,20.321468,20.251472,19.732008,21.733927,21.7768,21.298119,19.176577,14.012156,13.739837,12.170716,15.261882,12.973956,18.173775,17.773735,21.349207,19.186707,16.137608,17.89104,16.983025,13.272748,14.087763,12.095793,12.48105,11.962123,14.57937,13.334396,16.959093,19.87328,14.57111,12.433777,9.764952,7.9647756,6.884956,8.974353,8.015537
8,24.688,21.5693,18.93346,15.633383,13.05593,11.099095,7.840271,4.9452076,0.0,4.875759,6.8267803,5.9154935,7.0010586,6.757319,6.9192243,5.738961,10.317914,9.936411,15.032497,16.518816,19.805866,22.482487,25.841915,28.221807,29.994917,29.01297,26.819042,25.123976,19.202276,19.2028,15.381977,18.508434,13.709477,19.745274,18.084812,21.458553,23.301226,22.9628,22.83976,20.304117,25.360518,22.818493,22.624779,25.131023,24.161789,26.108685,25.091202,29.67639,30.556885,31.36719,28.880217,32.695423,31.077633,31.681923,28.429892,29.912954,24.853907,26.356289,25.213488,23.961819,20.928429,21.743303,21.50677,19.307547,23.975664,20.186476,23.815762,22.51246,27.734215,24.54863,19.858608,20.872858,16.276428,19.833876,13.880674,16.256134,15.676833,14.904181,16.801006,16.869707,16.491241,14.389088,9.294818,9.216478,8.101632,11.782302,10.8027,16.770054,17.425314,21.347603,19.994633,17.77032,19.507769,17.592983,13.826532,15.312579,12.328607,11.938306,9.706744,11.949645,9.196423,12.821373,16.02692,11.246927,8.631231,8.494146,5.790658,7.696537,9.91422,11.167044
9,27.160707,24.512796,21.143337,18.816545,15.9165745,13.594014,10.941139,5.665953,4.875759,0.0,6.0226336,7.1830516,7.337268,9.430149,9.819053,10.376421,14.407571,14.086016,19.36354,20.325209,23.922848,26.269316,29.912853,32.117622,33.40066,31.886333,29.668919,28.443804,22.720064,23.330559,19.643167,23.202034,18.517544,24.583994,22.636707,25.957434,27.639782,27.113947,27.265854,24.721592,29.584919,27.051556,26.355011,28.813942,27.157413,29.05799,27.498703,32.135582,33.11735,33.63175,31.028109,34.65717,32.438286,33.32907,30.661898,32.20878,27.446299,29.314592,27.994732,25.986599,23.324717,22.909262,22.891294,19.972244,24.5033,20.343842,23.474981,22.484648,27.926228,25.061539,20.996185,22.501083,17.83158,22.057636,15.793319,18.935059,17.691586,17.474726,19.210764,18.653975,19.201513,17.698164,12.701698,13.217521,11.496697,15.731329,13.419335,19.486578,19.637012,23.334019,21.564255,19.784714,20.148941,18.45352,15.007032,14.922934,11.556349,9.870189,10.051487,10.719572,10.307703,12.540262,14.721333,9.223698,7.7249565,5.169555,6.526424,6.327382,10.296533,10.782815
10,31.479551,28.345297,25.676731,22.45037,19.799322,17.777182,14.488071,10.499537,6.8267803,6.0226336,0.0,5.4786687,8.476779,9.271812,12.252515,11.5493145,16.747198,16.365402,21.303202,22.847954,25.754087,28.866133,31.675869,33.84226,35.666485,34.627865,31.75569,30.004534,24.863821,24.26374,21.085598,23.14936,17.279486,23.3599,20.22564,23.48682,24.431192,23.525469,24.446619,22.364244,27.317242,25.98951,25.000227,28.57221,26.69054,29.587942,28.551168,33.054188,33.427753,33.686024,30.645662,33.8989,31.583746,31.636683,28.82382,29.539291,24.831528,26.323193,24.289038,22.253197,19.99778,19.968134,21.14075,18.975298,24.570633,21.28868,24.60684,24.476965,29.84399,27.6989,23.350834,23.696556,19.026518,21.796268,14.765183,16.93764,14.376979,13.535986,14.486085,13.219677,14.137392,13.517981,8.942678,10.864963,10.66021,15.0793495,14.789884,21.147179,22.33693,26.243124,25.229662,23.905685,24.558132,22.147356,18.7573,19.306797,15.377683,12.923101,11.510994,10.731481,8.479825,8.895351,10.359031,5.858091,4.7227044,7.786299,9.012107,11.220255,14.671524,16.298435
11,29.183126,26.18031,23.439505,19.935991,18.027695,15.000317,13.209751,8.735885,5.9154935,7.1830516,5.4786687,0.0,4.061107,4.0014715,7.9974356,8.438017,13.439221,14.472151,18.617058,21.237114,24.166422,26.9597,30.162798,32.792286,35.055088,34.455547,32.23369,30.21132,24.322893,23.562082,19.729256,21.556717,14.724183,20.57543,17.663593,20.537062,22.409456,22.322346,23.371315,21.68216,27.261217,25.906422,25.886726,29.219297,28.376268,30.919094,30.255827,34.76466,35.316826,36.00712,33.248158,36.80875,35.064964,35.06022,31.700918,32.421066,27.371367,28.386015,26.445852,25.330143,22.712091,23.911894,24.77806,22.978327,28.363691,24.933826,28.506386,27.731167,33.029118,30.185587,25.499928,26.101612,21.473877,24.268507,17.723055,19.313404,17.489105,15.799481,16.538874,15.46022,14.762094,14.052151,8.558591,10.91332,11.925362,15.530493,16.134426,22.173948,23.182947,27.149448,25.889065,23.420918,25.355335,23.484707,19.736372,20.945011,17.693853,16.324165,14.558296,15.281588,12.144313,13.8362255,15.546228,11.333638,9.814169,11.442498,11.037907,12.720547,15.6672945,16.309292
12,27.621393,25.087988,21.7494,18.82525,17.178862,13.234122,12.945094,7.1751437,7.0010586,7.337268,8.476779,4.061107,0.0,4.060898,6.1730037,8.9467325,12.824789,14.705787,18.603352,21.342422,24.666492,26.837671,30.68535,33.492043,35.5795,34.834553,33.180447,31.39341,25.015324,24.872433,20.58998,23.098331,16.618322,22.201843,19.943062,22.56378,25.056631,25.386503,26.231018,24.512302,30.164629,28.320183,28.626242,31.409473,30.846172,32.86166,31.995691,36.55961,37.438152,38.299694,35.76914,39.51897,37.82603,38.17511,34.85492,35.886765,30.789715,31.900291,30.190077,29.112822,26.360561,27.400553,27.869265,25.723736,30.67303,26.817686,30.255981,29.063576,34.384983,31.126917,26.621931,27.857727,23.253132,26.726028,20.502254,22.473852,21.092947,19.591675,20.517218,19.520924,18.671612,17.808613,12.241823,14.068612,14.557207,17.960766,17.760626,23.540361,23.938065,27.752357,25.98313,22.903538,24.979256,23.732243,19.95543,20.822529,18.091404,17.108488,16.259007,17.383812,15.091586,17.143503,18.764057,13.996044,12.658954,12.403456,12.320594,12.639606,15.630502,15.074737
13,26.678455,23.74944,21.148209,17.423248,16.163893,12.6778965,12.063871,8.378152,6.757319,9.430149,9.271812,4.0014715,4.060898,0.0,5.032008,6.300976,10.552566,12.63444,15.950886,19.255432,22.119879,24.617655,28.048286,30.954756,33.47317,33.19428,31.472086,29.303833,23.012861,22.207787,18.010536,19.74353,12.763461,18.234549,15.936004,18.527674,21.137823,21.648233,22.456848,20.926666,26.727776,25.148087,25.825108,28.771574,28.692122,30.85119,30.445051,34.88585,35.593952,36.608322,34.126934,37.90454,36.619102,36.665375,32.96752,33.82512,28.603157,29.361958,27.697594,27.205044,24.301966,26.223946,26.681936,25.114246,30.193527,26.711262,30.43371,29.17823,34.319397,31.00202,26.144125,26.898897,22.444952,25.219122,19.28911,20.54096,19.470034,17.499943,18.343592,17.734118,16.109001,14.994017,9.562368,11.362698,12.8045225,15.517908,16.590673,22.081348,22.936666,26.83388,25.480665,22.290623,25.172039,23.678267,19.82224,21.593473,18.950344,18.456175,16.330172,18.053154,14.512049,17.088665,19.286167,15.088243,13.168411,14.178785,12.533463,13.946618,16.118492,16.245016
14,21.910423,19.265923,16.298538,12.951523,11.9001,7.803695,8.693185,5.789252,6.9192243,9.819053,12.252515,7.9974356,6.1730037,5.032008,0.0,4.9050364,6.8788323,9.649283,12.83172,15.892944,19.249245,21.037704,25.164698,28.159079,30.356697,29.890812,28.817768,26.961435,20.190506,20.278555,15.642443,18.610796,13.298893,18.403067,17.589079,20.196724,23.300009,24.037102,23.968533,22.000605,27.525282,24.904943,25.921663,27.87368,28.183355,29.502035,28.874601,33.305977,34.456646,35.749535,33.682644,37.74321,36.711933,37.30769,33.627995,35.10417,29.852972,30.84955,29.819239,29.417767,26.192986,27.976767,27.563364,25.69144,29.976091,26.108377,29.751554,27.82469,32.792046,28.89796,24.186275,25.611814,21.382263,24.876965,19.794222,21.501833,21.463055,19.99389,21.493658,21.51608,19.899715,17.979631,12.774172,13.0735235,13.339235,15.475272,15.411274,20.19536,20.338272,23.988056,22.20324,18.352259,21.711744,20.854597,17.035982,18.945633,17.18555,17.754467,15.971032,18.76098,15.868181,19.488863,22.343805,17.580898,15.295222,14.563507,11.996543,12.347809,13.623974,12.866315
15,21.723217,18.331587,16.499102,12.182405,10.758481,8.7938385,6.853298,7.448938,5.738961,10.376421,11.5493145,8.438017,8.9467325,6.300976,4.9050364,0.0,5.4186177,6.406486,10.191012,13.054403,15.939137,18.595232,21.933294,24.74479,27.178621,26.953419,25.305225,23.112347,16.729221,16.099684,11.779248,14.309077,9.243589,14.843957,14.08745,17.20053,19.79494,20.151588,19.648336,17.366652,22.748892,20.11002,21.04117,23.218647,23.559378,25.171608,24.857407,29.219965,30.128092,31.4182,29.295162,33.320747,32.527058,32.905674,29.028164,30.464067,25.182858,26.094864,25.258389,25.121368,21.761799,24.02657,23.470259,22.082209,26.447634,23.038408,26.920118,25.122921,29.905582,26.225094,21.179798,21.931252,17.825815,20.597656,15.795571,17.00126,17.415789,15.926021,17.712301,18.384619,16.624012,14.056323,9.43915,8.686145,9.145748,10.697065,11.686404,16.39798,17.257101,21.09051,19.993973,16.779211,20.359697,18.790096,14.991561,17.803528,15.814181,16.646757,13.409896,16.687057,12.772072,16.982458,20.549185,16.40577,13.56958,14.08988,9.987404,11.935486,12.379814,13.276589
16,16.822357,13.524484,12.06135,7.3707585,7.3440766,5.713362,6.5459914,9.77933,10.317914,14.407571,16.747198,13.439221,12.824789,10.552566,6.8788323,5.4186177,0.0,4.561756,5.9917474,9.526227,12.61923,14.31603,18.402035,21.529501,23.970613,23.988655,23.353344,21.281546,14.362988,14.441164,9.624729,13.050646,10.455873,14.436784,15.608269,18.20574,21.460285,22.363962,21.071268,18.763433,23.709578,20.218224,21.983503,22.92837,24.260925,24.840807,24.657003,28.77039,30.088627,31.823132,30.293594,34.55391,34.334827,35.076797,31.070791,32.94983,27.738268,28.561502,28.362537,28.716097,25.151995,27.707996,26.40364,25.095163,28.542849,25.057829,28.830328,26.324928,30.643393,26.332672,21.461578,22.69855,19.23086,22.186733,18.849566,19.94486,21.413767,20.133404,22.146769,23.270958,21.151398,18.243137,14.358649,12.834914,12.806747,12.8396435,13.336844,16.267408,16.423237,19.75153,18.408812,14.124775,19.046112,18.321978,14.823142,18.160368,17.446327,19.440802,16.45332,20.54244,17.107677,21.810095,25.66773,21.381329,18.466301,17.958683,13.361667,14.30649,13.3610935,13.363137
17,16.628578,12.795129,12.05478,7.4021297,5.7745366,7.28556,4.3290763,10.296412,9.936411,14.086016,16.365402,14.472151,14.705787,12.63444,9.649283,6.406486,4.561756,0.0,5.6477456,6.769312,10.12004,12.603728,16.172623,18.840725,20.933363,20.620892,19.363857,17.35375,10.585641,10.947612,6.302452,11.019005,10.475981,14.734341,16.039104,19.152428,21.605629,21.8525,19.957188,16.993654,21.313036,17.178106,18.433088,19.08383,20.026688,20.51051,20.155546,24.34841,25.688866,27.36536,25.860924,30.157457,29.95079,30.89958,27.028187,29.240866,24.156677,25.303839,25.516455,25.666668,22.031847,24.29477,22.494286,21.2032,24.25701,20.920034,24.71053,22.153835,26.312437,22.097092,17.10752,18.170853,14.864997,17.826904,15.121641,16.396975,18.52556,17.84891,20.366587,22.007275,20.394001,16.966352,13.78107,11.124149,9.913623,9.375957,9.180181,11.711617,12.089296,15.589339,14.649791,11.205607,15.826985,14.523485,11.1420765,15.081426,14.440344,16.874346,13.262374,17.820065,14.526505,19.659008,24.0134,20.034296,16.893354,16.440046,10.999188,12.524461,10.615708,11.962722
18,14.5816555,10.5881,11.694252,6.516592,7.8541503,9.679688,9.55928,15.079084,15.032497,19.36354,21.303202,18.617058,18.603352,15.950886,12.83172,10.191012,5.9917474,5.6477456,0.0,5.279747,7.0575924,8.984483,12.557716,15.8447075,18.74528,19.506437,19.238441,16.823784,10.243845,9.898102,5.5256205,8.863066,10.452432,12.324849,15.403792,17.728327,20.735695,21.675974,19.2705,16.797895,20.770636,16.563019,19.107391,18.970177,21.43302,21.30496,21.740038,25.3336,26.696543,28.827982,27.845339,32.145866,32.74095,33.500156,29.26266,31.388361,26.408497,26.975273,27.539448,28.605843,24.93149,28.127851,26.178133,25.541782,28.175617,25.313805,29.056824,26.250397,29.779333,25.359175,20.555973,21.323202,18.88002,20.855787,19.409525,19.715797,22.356144,21.277346,23.518734,25.43703,23.048939,19.61867,17.21505,14.630877,14.514324,12.551393,13.829019,14.391138,14.781854,17.48805,16.947243,12.913105,18.848558,18.133865,15.372188,19.635687,19.672926,22.4241,18.675697,23.291464,19.595745,24.662825,29.03415,25.325008,22.165258,22.053034,16.62673,18.039776,15.803963,16.585098
19,12.549939,8.211259,10.294721,6.4335284,6.608869,10.976793,9.562798,16.340643,16.518816,20.325209,22.847954,21.237114,21.342422,19.255432,15.892944,13.054403,9.526227,6.769312,5.279747,0.0,4.3510866,6.0794177,9.9574585,12.577877,14.493797,14.568541,14.345041,12.453936,5.4823475,7.4711485,4.2097206,9.949028,14.081809,16.041904,19.17257,21.818874,24.141418,24.48727,21.480133,18.378984,21.22578,15.928018,17.873264,16.451408,18.647774,17.53967,17.529505,21.041952,22.82961,25.062859,24.490211,28.888493,29.598618,30.960402,27.100859,29.889513,25.263,26.332445,27.547918,28.260689,24.587976,27.087736,24.323757,23.485445,25.032999,22.212538,25.661379,22.459507,25.478226,20.86048,16.40136,17.51545,15.818689,18.138353,18.107573,18.890404,22.294943,22.063751,24.81164,27.097256,25.367697,21.587471,19.583836,16.278528,14.775367,12.46676,12.005651,10.630922,10.342986,12.501032,12.161086,8.667779,14.681425,14.075087,12.089052,16.633812,17.49997,20.963,17.390163,22.356888,19.534664,24.851147,29.547459,25.912228,22.716328,21.934416,16.275713,17.363913,14.048094,15.325002
20,14.481953,10.274187,13.766483,10.137026,10.941533,15.0358715,13.520949,20.240925,19.805866,23.922848,25.754087,24.166422,24.666492,22.119879,19.249245,15.939137,12.61923,10.12004,7.0575924,4.3510866,0.0,4.661972,6.0612597,8.936127,11.931247,13.267779,13.059681,10.430005,5.225417,5.1989093,4.771162,7.8773093,14.380876,14.771944,18.718964,21.000803,22.997665,23.376684,19.81324,16.886885,18.851809,13.412507,16.087246,13.991301,17.347942,15.976155,16.887703,19.738913,21.274271,23.78151,23.555216,27.812878,29.211824,30.270178,26.159973,28.832102,24.453218,25.099508,26.718113,28.097416,24.49351,27.671032,24.810452,24.719126,25.995033,23.92228,27.3456,24.29505,26.698765,22.399672,18.081469,18.320429,17.429722,18.36335,19.472761,19.321728,23.17813,22.832436,25.449022,28.109142,26.080484,22.222353,21.209206,17.704676,16.773058,13.423408,14.344438,11.730833,12.249344,13.747395,14.463342,12.000669,17.758474,16.902693,15.439059,20.160023,20.9692,24.35169,20.24045,25.103844,21.803827,27.005089,31.80551,28.702747,25.449163,25.390789,19.553638,21.189692,17.860565,19.55426
21,10.657271,6.9545207,11.657835,9.506699,11.318139,15.466631,15.383799,21.95598,22.482487,26.269316,28.866133,26.9597,26.837671,24.617655,21.037704,18.595232,14.31603,12.603728,8.984483,6.0794177,4.661972,0.0,5.8480387,8.752657,10.829995,12.093436,13.797839,12.181221,7.5788417,9.5772505,8.8320265,12.215536,18.15699,18.228014,22.512402,24.480608,26.918629,27.618235,24.108515,21.38614,23.224642,17.764803,20.466192,17.647333,21.068422,18.810965,19.351187,21.828072,23.8346,26.502176,26.749584,31.008192,32.510952,33.982788,30.121843,33.05774,28.84161,29.594511,31.333273,32.61312,29.009346,31.868853,28.76545,28.32729,29.041203,26.675251,29.79885,26.314278,28.394566,23.690573,19.99544,21.02356,20.433409,22.043098,23.359253,23.654982,27.493612,27.23971,29.894367,32.414856,30.37172,26.574423,25.076612,21.759008,20.585005,17.688183,17.615953,14.677633,14.036832,14.644679,14.723098,11.516296,17.701508,17.901249,16.875256,21.217718,22.815138,26.592354,23.18195,28.18416,25.429981,30.731615,35.491535,31.975407,28.770412,27.907747,22.29487,23.116402,19.529942,20.331884
22,15.999271,12.669578,17.443844,14.960072,16.273037,20.548546,19.425508,26.21555,25.841915,29.912853,31.675869,30.162798,30.68535,28.048286,25.164698,21.933294,18.402035,16.172623,12.557716,9.9574585,6.0612597,5.8480387,0.0,3.684682,7.8488097,11.030437,12.116158,9.703874,8.64185,8.556834,10.598596,11.413962,19.226757,18.020784,22.68175,24.383747,26.053596,26.496143,22.40376,19.847519,20.240847,14.828721,17.907503,14.227264,18.696589,16.172459,17.782433,19.299545,20.87554,23.76051,24.424,28.369368,30.651972,31.765476,27.777256,30.583914,26.868046,27.21975,29.487503,31.38328,27.982323,31.376936,28.148323,28.564566,28.894123,27.502178,30.546652,27.389368,28.734524,24.650303,21.13333,21.018148,21.350353,21.347763,23.99766,23.351713,27.647858,27.460104,30.007616,32.96669,30.843225,26.983131,26.689375,23.090117,22.252253,18.449495,19.490831,15.448512,15.813718,15.908871,17.317846,15.72389,21.117664,20.628283,20.06252,24.651815,25.979885,29.600613,25.516394,30.344034,27.184404,32.28788,37.168503,34.379204,31.12983,31.122583,25.2754,26.842512,23.202597,24.860294
23,18.048199,15.045513,19.86463,17.863533,18.756847,23.394444,21.79112,28.729353,28.221807,32.117622,33.84226,32.792286,33.492043,30.954756,28.159079,24.74479,21.529501,18.840725,15.8447075,12.577877,8.936127,8.752657,3.684682,0.0,4.9416556,8.914941,10.025015,8.000807,9.734452,9.986593,13.064907,13.786584,21.996243,20.818722,25.311903,27.091122,28.294247,28.402996,24.08112,21.409216,20.840872,15.294825,17.897114,13.25763,17.750185,14.473207,16.256887,16.988878,18.631588,21.63161,22.804375,26.536638,29.19299,30.497623,26.801285,29.854641,26.645756,27.10596,29.810192,31.675774,28.447687,31.579842,28.013987,28.626102,28.218313,27.291594,30.017014,26.886478,27.538654,23.76553,20.808516,20.41142,21.556562,21.063042,24.75123,24.031317,28.615517,28.798172,31.450932,34.60534,32.763863,28.839079,28.950539,25.148932,23.97791,20.0427,20.7376,15.804623,16.160172,15.478176,17.479568,16.976435,21.597126,21.02754,21.086855,25.53198,27.072855,30.783718,26.735462,31.46372,28.625797,33.624172,38.569607,36.054356,32.84577,32.823765,27.016228,28.611347,24.748987,26.711063
24,17.836483,15.520968,20.169537,19.304087,19.77832,24.809818,23.12229,30.095177,29.994917,33.40066,35.666485,35.055088,35.5795,33.47317,30.356697,27.178621,23.970613,20.933363,18.74528,14.493797,11.931247,10.829995,7.8488097,4.9416556,0.0,4.6124387,7.5175076,7.647368,10.825918,12.875477,15.7507515,17.778496,25.698866,25.242172,29.456388,31.51789,32.667988,32.53535,28.237986,25.260952,24.497648,18.672714,20.382431,15.135677,18.621271,14.28395,15.197267,15.385794,17.692635,20.668877,22.400642,26.037977,28.62849,30.636168,27.581228,31.167046,28.354202,29.32109,32.274754,33.606277,30.473139,32.755413,28.708307,28.925058,27.496567,26.55271,28.740664,25.324564,25.254639,21.456652,19.488506,19.62644,21.486378,21.52931,25.887827,25.788017,30.501577,31.20641,34.11626,37.26249,35.88034,31.870573,31.735512,27.797844,25.891304,22.342789,21.717495,16.066925,15.555195,13.679818,15.757454,16.247633,19.853682,19.741156,20.668879,24.617613,26.790586,30.789175,27.339466,32.03867,30.050636,35.044456,40.015045,37.386963,34.27524,33.579147,28.0236,29.1085,24.91234,26.76284
25,17.048977,15.053791,18.959637,18.873251,18.69164,23.916119,21.983343,28.782883,29.01297,31.886333,34.627865,34.455547,34.834553,33.19428,29.890812,26.953419,23.988655,20.620892,19.506437,14.568541,13.267779,12.093436,11.030437,8.914941,4.6124387,0.0,5.4700074,7.718217,10.517636,14.004754,16.31258,19.642942,26.898983,27.442368,31.182915,33.636055,34.813366,34.4518,30.34922,27.022846,26.60808,20.534555,21.433971,16.345612,18.53597,13.868273,13.520536,14.056704,16.971624,19.687624,21.41553,25.147629,27.194319,29.82098,27.277203,31.258078,28.500492,30.017511,32.91196,33.569447,30.46157,31.872059,27.549181,27.175886,25.159931,23.883984,25.699528,22.013165,21.72812,17.702686,16.409637,17.298784,19.394716,20.34252,24.736023,25.388885,30.014662,31.142069,34.27364,37.282764,36.366543,32.330173,31.784706,27.818909,25.230986,22.25529,20.332918,14.492958,13.105543,10.375203,12.309619,13.777443,16.253555,16.453907,18.037418,21.461985,24.080107,28.240246,25.415257,30.026653,28.851103,33.797127,38.713108,35.910824,32.9325,31.594435,26.38295,26.9866,22.619785,24.399519
26,20.300875,17.467882,20.718952,19.64298,18.642864,23.862514,20.674824,27.393261,26.819042,29.668919,31.75569,32.23369,33.180447,31.472086,28.817768,25.305225,23.353344,19.363857,19.238441,14.345041,13.059681,13.797839,12.116158,10.025015,7.5175076,5.4700074,0.0,3.917991,9.085776,11.719223,14.825792,17.74121,24.83172,25.85114,28.94446,31.691761,32.254456,31.38444,27.325098,23.783867,22.976381,16.979477,16.98959,11.97094,13.301113,8.545739,8.109196,9.008236,11.865789,14.521083,15.996077,19.84642,21.823935,24.36607,21.862469,25.932888,23.347578,25.070684,28.078758,28.535063,25.589025,26.78962,22.373396,22.310932,20.206661,19.489937,21.41551,18.163921,17.890617,14.451426,12.720267,12.526313,15.164801,15.24521,20.355368,20.793337,25.526747,26.965723,30.128792,33.269268,32.71712,28.708422,28.722445,24.631628,21.88569,18.804949,17.033998,10.727723,10.371689,7.9383035,11.240083,14.038056,15.631473,14.490994,16.08017,19.66792,21.59683,25.376513,22.070726,26.370153,25.14564,29.803942,34.709915,32.462215,29.555779,28.834826,23.64609,24.890797,20.709064,23.438244
27,20.41607,17.010498,20.457455,18.430674,17.644524,22.67007,19.334333,26.15773,25.123976,28.443804,30.004534,30.21132,31.39341,29.303833,26.961435,23.112347,21.281546,17.35375,16.823784,12.453936,10.430005,12.181221,9.703874,8.000807,7.647368,7.718217,3.917991,0.0,7.129363,8.293542,12.096361,14.131861,21.567251,22.22176,25.38901,28.031767,28.496073,27.676247,23.5338,20.078667,19.27108,13.220803,13.734702,8.741989,11.224778,7.2427225,8.295045,9.777006,11.776025,14.573499,15.504295,19.514526,21.672812,23.507818,20.311323,23.987843,21.017214,22.351255,25.269855,26.202234,23.129147,25.143297,21.07344,21.494692,20.39145,19.789896,22.294153,19.38785,19.841068,16.537048,13.676777,12.697244,14.655015,13.930452,18.715395,18.492188,23.299883,24.363096,27.381006,30.620789,29.736605,25.722797,26.061281,21.958195,19.746262,16.149067,15.605336,9.595984,10.426552,9.459405,12.649169,14.441703,17.112719,15.493428,16.19742,20.362928,21.65817,25.1822,21.185246,25.557556,23.495817,28.20859,33.165237,31.07277,28.044725,28.003819,22.492802,24.304146,20.369415,23.32064
28,15.365195,11.371269,14.120106,11.461602,10.656005,15.594325,12.711158,19.688715,19.202276,22.720064,24.863821,24.322893,25.015324,23.012861,20.190506,16.729221,14.362988,10.585641,10.243845,5.4823475,5.225417,7.5788417,8.64185,9.734452,10.825918,10.517636,9.085776,7.129363,0.0,5.1876335,6.0337863,10.655348,16.705975,18.35166,21.406258,24.234129,25.647171,25.34979,21.78069,18.282675,19.687244,13.712647,14.951741,12.267329,14.316824,12.362548,12.367964,15.6266775,17.54699,19.894564,19.712332,24.087826,25.168968,26.820063,23.218405,26.47332,22.370535,23.71601,25.638458,26.287666,22.766647,24.931822,21.485586,21.008574,21.489069,19.369362,22.548073,19.327932,21.520828,17.204185,13.04143,13.520307,13.137324,14.600681,16.605743,17.170467,21.357958,21.838106,24.862186,27.624138,26.396936,22.396334,21.431305,17.56745,15.392802,12.361451,11.417622,7.2408986,7.3673396,8.625187,9.883967,9.107704,13.681371,12.39539,11.653227,16.33782,17.473291,21.13157,17.255219,22.137894,19.738455,24.936502,29.861788,26.870066,23.703606,23.171997,17.441805,18.917469,15.076574,17.439295
29,19.109352,14.857749,17.671137,13.80334,13.35668,17.412249,14.17292,20.760406,19.2028,23.330559,24.26374,23.562082,24.872433,22.207787,20.278555,16.099684,14.441164,10.947612,9.898102,7.4711485,5.1989093,9.5772505,8.556834,9.986593,12.875477,14.004754,11.719223,8.293542,5.1876335,0.0,4.8437605,6.1187916,13.372167,14.21115,17.343985,20.039417,21.0126,20.635967,16.819035,13.418801,14.687074,8.855214,10.971847,9.238262,12.38124,11.855466,13.257247,16.249397,17.226337,19.532722,18.938107,23.122406,24.550161,25.281212,21.037827,23.640175,19.329096,20.023468,21.865952,23.277012,19.753775,23.078201,20.185917,20.654535,22.055729,20.663206,24.192432,21.682793,23.997663,20.40541,15.821968,14.865636,14.236283,13.858923,15.656363,14.864211,19.096449,19.041195,21.755201,24.768875,23.08941,19.101837,19.109821,15.214381,14.177411,10.09104,11.940212,8.865902,10.93533,12.807484,14.56308,13.802842,18.253958,16.287619,14.963303,19.767525,19.898787,22.85547,18.063908,22.597633,19.024939,23.965822,28.85419,26.485718,23.260897,24.069153,18.17711,20.67821,17.527817,20.348408
30,16.7119,12.360418,14.160508,9.661088,9.222518,12.739239,9.956529,16.464388,15.381977,19.643167,21.085598,19.729256,20.58998,18.010536,15.642443,11.779248,9.624729,6.302452,5.5256205,4.2097206,4.771162,8.8320265,10.598596,13.064907,15.7507515,16.31258,14.825792,12.096361,6.0337863,4.8437605,0.0,6.315767,10.82346,12.94108,15.741155,18.609196,20.453753,20.524397,17.450737,14.2261915,17.227049,12.20512,14.199468,13.73166,15.950515,15.863301,16.42207,20.032835,21.24741,23.329676,22.343733,26.641512,27.382246,28.200272,24.0223,26.430002,21.649302,22.469986,23.551126,24.53761,20.860144,23.92871,21.499628,21.209234,23.400293,21.067877,24.803465,22.145576,25.317068,21.260284,16.342157,16.396637,14.474003,15.709853,15.441615,15.477066,18.916866,18.45499,21.106787,23.601442,21.74306,17.880543,16.575235,13.030742,12.078986,8.969024,10.3517475,9.551203,10.8221855,13.580153,14.064334,11.73309,16.870338,15.270477,13.006136,17.743511,17.691221,20.583725,16.135006,20.858192,17.210804,22.38673,27.132063,24.047363,20.786144,21.128885,15.255803,17.407269,14.5757065,16.77915
31,21.606592,17.332851,19.723942,14.880694,15.121294,17.658842,15.101359,20.645788,18.508434,23.202034,23.14936,21.556717,23.098331,19.74353,18.610796,14.309077,13.050646,11.019005,8.863066,9.949028,7.8773093,12.215536,11.413962,13.786584,17.778496,19.642942,17.74121,14.131861,10.655348,6.1187916,6.315767,0.0,8.54271,8.1205435,11.690531,14.051213,15.348033,15.55681,11.952561,9.234425,12.121467,8.214938,11.689329,12.363193,15.777574,16.73443,18.613125,21.524317,21.875635,23.95855,22.85115,26.731224,28.066534,27.881577,23.13342,24.669588,19.95728,19.7384,20.74062,22.916529,19.427128,23.9439,22.182123,23.07912,25.81633,24.463158,28.31594,26.282284,29.15341,25.772156,20.82458,19.60105,18.053148,17.211473,17.200113,15.483835,18.783224,17.55779,19.56626,22.36598,19.745798,16.073013,16.388102,13.144397,14.03483,9.961192,14.305674,13.645981,16.024456,18.538363,19.789387,17.970737,22.93042,20.937237,18.755209,23.459715,22.793705,25.040821,19.918676,24.03263,19.31177,23.880438,28.422852,26.248478,23.056273,24.891052,19.17453,22.179672,19.983278,22.48053
32,25.007784,20.99558,21.433823,16.187748,16.014576,15.998805,13.826042,16.638853,13.709477,18.517544,17.279486,14.724183,16.618322,12.763461,13.298893,9.243589,10.455873,10.475981,10.452432,14.081809,14.380876,18.15699,19.226757,21.996243,25.698866,26.898983,24.83172,21.567251,16.705975,13.372167,10.82346,8.54271,0.0,6.1494966,5.5673423,8.912572,11.217304,11.928353,10.92767,9.388374,15.1675,14.000613,16.13093,19.112709,20.840874,23.128736,24.308746,27.935507,28.079546,29.586042,27.566574,31.275887,31.520836,30.849415,26.181173,26.80408,21.5882,21.254202,20.528177,22.155584,18.845915,23.32764,23.086897,23.48781,27.936592,25.971289,30.072794,28.631102,32.630287,29.429714,24.120317,23.241093,20.136312,20.18423,16.93176,15.557981,16.65177,14.158318,15.270256,16.974333,13.642209,10.741271,9.728355,8.29221,11.4456,9.715217,14.825961,17.598417,19.884941,23.383024,23.697643,21.138197,25.62573,23.48858,20.270245,24.208118,22.34164,23.335032,18.520418,21.685244,16.220266,20.004911,23.759775,21.444567,18.544733,21.290241,16.561396,19.84782,19.36965,21.392342
33,26.26296,22.34177,23.951632,18.746464,19.5704,20.078188,18.72129,22.242973,19.745274,24.583994,23.3599,20.57543,22.201843,18.234549,18.403067,14.843957,14.436784,14.734341,12.324849,16.041904,14.771944,18.228014,18.020784,20.818722,25.242172,27.442368,25.85114,22.22176,18.35166,14.21115,12.94108,8.1205435,6.1494966,0.0,5.4969893,6.3830314,9.118762,10.996014,9.118532,9.073661,13.778878,13.457539,16.907522,19.29104,22.403053,24.311657,26.313585,29.241108,29.188011,31.015863,29.466454,32.99114,34.071194,33.06934,28.106167,28.466806,23.646847,22.528622,22.260681,25.007208,21.901415,27.213823,26.80229,27.905436,31.84425,30.425772,34.468243,32.87693,36.293633,33.059784,27.883436,26.636112,24.323814,23.423075,21.606853,19.405237,21.085888,18.540813,19.270252,21.288992,17.472052,14.956689,15.377431,13.967413,17.006773,14.194954,19.613918,20.854567,23.227556,26.174627,26.930023,24.278902,29.457912,27.549522,24.708889,29.044832,27.665382,29.064026,24.06879,27.430464,21.920637,25.61488,29.354399,27.440653,24.56113,27.360245,22.402285,25.577908,24.57208,26.47249
34,29.907724,25.94686,26.677925,21.40954,21.52014,21.232182,19.307135,21.394917,18.084812,22.636707,20.22564,17.663593,19.943062,15.936004,17.589079,14.08745,15.608269,16.039104,15.403792,19.17257,18.718964,22.512402,22.68175,25.311903,29.456388,31.182915,28.94446,25.38901,21.406258,17.343985,15.741155,11.690531,5.5673423,5.4969893,0.0,3.831064,5.8870587,7.489989,7.9381733,8.597682,14.309884,15.375983,17.701197,21.457027,23.433775,26.299469,28.029207,31.263184,30.905313,32.288094,30.145939,33.42488,33.89033,32.467686,27.625282,27.355165,22.441921,21.23683,19.972488,22.420809,19.628134,24.927427,25.461325,26.579556,31.370876,30.002298,34.085667,33.072968,36.92068,34.125565,28.838957,27.3711,24.497179,23.513649,20.364897,18.027905,18.448978,15.312509,15.287415,16.764372,12.611303,10.874252,11.70613,11.519215,15.569013,13.828296,19.643282,22.25554,24.920553,28.310635,28.953432,26.593622,31.061995,28.750237,25.616266,29.504707,27.358353,27.907162,22.96899,25.479523,19.673086,22.490648,25.645885,24.251806,21.706657,25.412157,21.205177,24.76116,24.645638,26.752981
35,31.880362,28.077444,29.03751,23.808413,24.378624,23.881311,22.571445,24.505306,21.458553,25.957434,23.48682,20.537062,22.56378,18.527674,20.196724,17.20053,18.20574,19.152428,17.728327,21.818874,21.000803,24.480608,24.383747,27.091122,31.51789,33.636055,31.691761,28.031767,24.234129,20.039417,18.609196,14.051213,8.912572,6.3830314,3.831064,0.0,4.761679,7.949511,9.03667,10.960084,15.922953,17.685635,20.431446,24.00153,26.448954,29.199183,31.198242,34.19517,33.75539,35.233856,33.232594,36.38984,37.113075,35.47703,30.556211,30.010576,25.330284,23.725023,22.423258,25.29785,22.739595,28.29064,28.960402,30.27786,35.022552,33.772606,37.84931,36.80562,40.547882,37.704353,32.433903,30.928276,28.208147,27.028175,24.13801,21.611721,21.97471,18.730846,18.316582,19.563934,15.194274,14.120706,15.123271,15.303176,19.39026,17.56373,23.37375,25.701866,28.310545,31.566854,32.229687,29.625992,34.417103,32.264442,29.1458,33.098763,31.05953,31.641996,26.77128,29.2485,23.435333,26.051052,28.95081,27.68668,25.262712,28.988626,24.891447,28.311377,28.206547,30.067877
36,35.110645,31.091816,32.254375,26.974676,27.115221,27.091156,24.902494,26.970108,23.301226,27.639782,24.431192,22.409456,25.056631,21.137823,23.300009,19.79494,21.460285,21.605629,20.735695,24.141418,22.997665,26.918629,26.053596,28.294247,32.667988,34.813366,32.254456,28.496073,25.647171,21.0126,20.453753,15.348033,11.217304,9.118762,5.8870587,4.761679,0.0,3.6563032,6.13143,9.2377205,13.364938,16.642092,18.839502,23.111712,25.195734,28.545475,30.806074,33.51888,32.613815,33.822517,31.639042,34.36583,35.143257,32.980328,28.093319,26.94979,22.649889,20.571123,19.020937,22.351263,20.242697,26.167492,27.252817,29.16923,33.989956,33.3793,37.357727,36.773598,40.28292,37.994724,32.825333,30.68873,28.253088,26.139711,23.56782,20.352713,20.47115,17.207687,16.316807,17.823944,13.586799,12.908356,15.616322,15.73068,19.89505,17.872566,24.114977,26.268358,29.335115,32.529675,33.64031,31.752169,36.067825,33.48934,30.582874,34.516647,32.20763,32.503918,27.346039,29.370344,23.455393,25.485884,28.210344,27.852129,25.591175,30.023788,26.059534,29.92446,29.8507,32.296024
