,0,1,2,3,4,5,6,7,8,9,10,11,12,13,14,15,16,17,18,19,20,21,22,23,24,25,26,27,28,29,30,31,32,33,34,35,36,37,38,39,40,41,42,43,44,45,46,47,48,49,50,51,52,53,54,55,56,57,58,59,60,61,62,63,64,65,66,67,68,69,70,71,72,73,74,75,76,77,78,79,80,81,82,83,84,85,86,87,88,89,90,91,92,93,94,95,96,97,98,99,100,101,102,103,104,105,106,107,108,109,110,111,112,113
0,0.0,4.2313786,5.999781,9.04344,11.90005,13.327341,16.731693,18.536459,21.713568,24.654993,26.970259,31.31589,32.632343,30.245405,32.67845,28.423878,29.03081,27.857752,28.100237,29.687899,29.276947,32.578773,31.741812,36.243225,39.21683,36.341312,33.394096,31.200516,30.01811,25.15332,27.874826,22.405476,27.916044,24.08958,29.732752,30.927027,26.699776,28.929876,24.303036,28.277124,27.0644,29.576698,31.075895,32.744038,35.184143,36.168526,40.62988,42.78451,41.224186,43.16828,39.854107,38.84754,36.297974,39.08003,35.39215,38.54686,35.276096,35.92652,41.30188,43.33957,41.81764,38.046074,39.744617,38.76168,40.622433,40.391705,40.189026,39.840374,40.33129,37.08789,35.53244,33.016827,35.599552,33.32128,37.195522,33.847122,39.35004,35.76671,38.321682,35.857178,32.058098,34.69202,30.42793,27.622906,23.9791,26.150528,20.626997,24.4196,22.21612,24.385517,25.783964,26.6065,27.536581,28.210196,29.035868,22.605022,20.957254,17.167633,15.024243,11.722507,12.915128,17.207937,17.372711,21.839544,22.777632,24.445337,25.180042,27.622433,26.963903,28.823286,28.15479,31.613014,30.89853,35.41327
1,4.2313786,0.0,5.179839,6.803117,9.423932,12.071256,14.703978,17.365648,20.691446,23.381224,26.410496,30.395315,31.181644,28.480978,30.514082,26.395676,26.42294,25.57157,25.044655,27.159174,26.492336,29.862774,29.42867,33.83595,36.868515,34.384323,31.284382,29.600655,28.332373,24.401472,27.145922,22.489649,28.005571,25.142305,30.715668,32.4344,28.384764,30.35084,25.156885,28.771646,27.207035,29.280085,30.228647,31.47924,33.73696,34.322678,38.688572,40.54743,38.954056,41.32028,38.36837,37.503796,35.38754,38.188656,34.907322,38.50862,35.09012,35.231503,40.728634,42.40022,40.516647,36.63893,37.810944,36.55898,38.15798,37.631683,37.207535,36.608036,37.22552,33.877117,32.45185,30.390596,33.125957,31.336649,35.235706,32.45249,38.07237,35.059746,37.89313,35.754528,31.530464,34.44385,30.605837,27.410662,23.610456,25.11909,19.930378,22.775867,20.695398,22.282494,23.967619,24.43282,25.883667,27.294659,28.24292,22.071081,20.894678,17.312565,14.477284,11.011766,10.733816,14.617271,14.10274,18.877525,19.782259,20.863867,21.357624,24.08791,23.730316,25.775372,25.786123,29.341564,29.194792,33.693817
2,5.999781,5.179839,0.0,5.378124,6.7532578,7.933719,11.593596,12.831548,16.551477,19.05307,21.84763,25.903122,27.24445,24.764757,27.503336,23.719007,24.446732,24.007456,24.269764,26.73547,26.970104,30.456427,30.406645,34.788765,37.418114,34.80243,31.09625,29.622799,27.334867,23.489193,25.268015,20.409668,25.195,22.2472,27.840094,29.390278,25.713066,28.06204,23.420774,26.687939,25.951773,27.437145,29.373133,30.39518,33.192898,33.628777,38.868233,40.485332,38.40361,40.74282,37.373688,37.037807,34.720455,36.811283,33.252895,36.687435,32.76506,33.014088,38.125973,40.100662,38.05351,34.742294,35.958527,35.24324,36.559086,36.985825,36.080177,36.01659,36.982796,33.689274,31.793337,29.538683,31.532986,29.562696,32.976543,29.975197,35.144043,31.996935,34.527264,32.61069,28.204699,30.519724,26.586151,23.828905,20.17264,22.173094,17.268446,20.870955,19.984318,22.225452,24.48546,25.6338,27.129538,28.15346,29.956924,23.778439,22.739054,19.029776,16.83228,13.822971,13.741106,17.13541,15.491553,20.140224,19.583052,21.163261,21.595608,23.4288,22.93483,23.912125,23.743977,26.814491,26.268087,30.655296
3,9.04344,6.803117,5.378124,0.0,3.7146957,6.371239,8.177014,11.974473,14.421576,17.43866,20.494577,24.400837,24.74453,22.069988,23.933256,19.661226,20.006804,19.124771,19.315405,21.447428,21.612541,25.089828,25.088306,29.444221,32.048935,29.50838,25.795834,24.466036,22.29558,18.945139,21.009727,16.966196,22.060127,20.237785,25.593401,27.85487,24.260845,26.003824,20.585762,23.525925,22.194921,23.460703,24.714556,25.549044,28.148153,28.475924,33.577312,35.160057,33.16391,35.57058,32.409916,32.02395,29.971407,32.2359,29.033865,32.84522,29.054405,28.909195,34.30089,35.906353,33.835217,30.153702,31.2591,30.26485,31.784803,31.841738,31.28442,31.131659,31.865383,28.622543,26.812416,24.411982,26.74564,24.80072,28.546024,25.740719,31.294758,28.455265,31.381878,29.490383,25.003054,28.09558,24.60876,21.113428,17.263815,18.430426,13.536221,16.196306,14.951046,16.909765,19.277872,20.414246,22.106783,23.471539,25.571474,19.731535,19.209833,15.830346,13.466089,10.974879,10.02752,12.614428,10.528662,14.938892,14.362425,16.370749,17.288649,19.039059,18.169106,19.86993,19.21976,22.712576,22.400446,26.912504
4,11.90005,9.423932,6.7532578,3.7146957,0.0,4.295447,5.481318,9.067629,12.056038,14.466709,18.120026,21.6321,21.944227,19.113693,21.22769,17.487473,17.810741,17.778572,17.768375,20.834305,21.470606,25.02187,25.694363,29.843819,32.176052,29.942657,25.716776,25.053024,22.063276,19.768963,20.993402,17.66745,21.944242,20.849152,25.990965,28.396633,25.272188,27.09169,21.906874,24.249514,23.31978,23.76889,25.289745,25.565489,28.36105,28.202717,33.787647,34.90654,32.530033,35.28661,32.174114,32.31179,30.507885,32.22326,29.199419,33.162647,28.937702,28.453508,33.560844,35.080555,32.55909,29.294106,29.90382,29.101889,30.08398,30.638832,29.417604,29.442268,30.61493,27.323523,25.27105,23.254992,25.066336,23.523409,26.81664,24.43927,29.649393,27.27233,30.15108,28.761673,23.805424,26.562632,23.436552,20.0698,16.327467,17.211042,13.196155,15.369856,15.444145,17.23981,20.22159,21.462837,23.559805,25.193213,27.785503,22.310812,22.120459,18.942348,16.6608,14.416618,12.895059,14.6364975,11.257175,15.530171,13.610051,15.2361355,15.714361,16.941057,16.369406,17.177626,17.276026,20.376125,20.355438,24.715134
5,13.327341,12.071256,7.933719,6.371239,4.295447,0.0,4.585498,5.7350025,8.701719,11.454895,14.417688,18.350979,19.365768,16.964685,19.896288,16.299202,17.736868,17.707428,19.021406,21.72446,23.178997,26.639565,27.273417,31.376472,33.34549,30.803867,26.323599,25.504591,21.851875,19.148092,19.494022,15.712209,19.247843,17.84245,22.944077,25.097174,22.28551,24.416378,19.921816,22.015154,21.926815,22.04733,24.627789,24.946272,28.223251,28.202896,34.404827,35.525658,32.85573,35.274933,31.663643,32.115158,29.944794,31.081211,27.659681,31.25839,26.723648,26.576965,31.308405,33.24963,30.834494,28.078539,29.076736,28.876127,29.849564,31.297878,29.966314,30.573595,31.83648,28.751743,26.32456,23.830925,24.930645,22.8814,25.746532,22.804663,27.58133,24.746012,27.258354,25.868576,20.964792,23.164541,19.744793,16.837276,13.260413,14.97672,11.104662,14.568316,15.617334,18.238148,21.321213,23.22385,24.96876,25.890451,28.977785,23.505928,23.222414,19.992695,18.445059,16.562925,15.870957,17.667955,14.524811,18.166058,15.497101,17.89574,18.5722,18.855755,17.88397,17.734629,16.924269,19.484861,18.639957,22.913872
6,16.731693,14.703978,11.593596,8.177014,5.481318,4.585498,0.0,6.360211,7.3390217,9.9779,13.669529,16.916267,16.694635,13.9080515,15.980904,12.2154455,13.21097,13.45207,14.573634,17.662607,19.398958,22.832558,23.981941,27.844648,29.605207,27.396416,22.613844,22.448774,18.375824,17.109583,17.12087,14.94013,18.059944,18.3309,22.861727,25.68285,23.262722,24.81391,19.891706,21.248955,20.799831,20.161896,22.130327,21.840961,24.996534,24.504568,30.82583,31.588139,28.76359,31.511656,28.19046,28.934,27.23788,28.195936,25.313076,29.35846,24.74457,23.934528,28.736423,30.209473,27.437643,24.582605,25.06105,24.687523,25.459078,26.866451,25.390875,26.018183,27.367235,24.304554,21.79863,19.471703,20.5182,18.836962,21.718771,19.363327,24.309748,22.199577,25.09591,24.111141,18.834927,21.61273,19.034327,15.499616,11.94671,12.259734,9.478333,11.080712,12.968184,15.035754,18.575155,20.445852,22.593992,24.008919,27.498226,22.700722,23.008106,20.292456,18.683088,17.339863,15.836458,16.425444,12.447771,15.347623,11.6529045,14.149558,14.960248,14.631706,13.469643,13.289195,12.509287,15.247076,14.956129,19.279894
7,18.536459,17.365648,12.831548,11.974473,9.067629,5.7350025,6.360211,0.0,5.4046097,6.3259296,9.844652,13.23392,14.917319,12.755353,16.802961,14.557632,16.694962,17.863842,19.618765,23.003695,25.308205,28.634867,29.945385,33.671093,35.09914,32.827427,27.808855,27.703215,22.975533,21.489822,20.35195,17.615168,19.27608,18.834862,23.204369,25.284763,23.449978,25.708363,22.1371,23.22279,24.049862,23.000772,26.310137,25.962645,29.579144,29.048077,35.941704,36.484253,33.266396,35.856644,32.137554,33.38755,31.398073,31.501778,28.221008,31.668213,26.561813,26.162945,30.07098,32.100266,29.191483,27.45494,27.978243,28.428995,28.632368,31.24301,29.030905,30.214037,32.03515,29.131405,26.294117,24.135696,24.032661,22.325163,24.093624,21.545574,25.262924,22.928936,24.99812,24.435678,19.105108,20.18707,17.341213,15.268464,12.4855385,14.123612,12.385836,15.347765,18.294722,20.86229,24.394209,26.577908,28.50557,29.37522,33.059258,28.056301,28.040663,25.039701,23.766508,22.145327,21.248753,22.471207,18.637966,21.7043,17.713444,19.847654,20.104994,19.207134,18.449776,16.443985,16.137129,17.419264,16.441858,20.118181
8,21.713568,20.691446,16.551477,14.421576,12.056038,8.701719,7.3390217,5.4046097,0.0,4.4571924,6.4051228,10.194239,11.088612,9.418771,13.21764,10.5506,13.82496,14.46503,17.720724,20.141848,23.21236,26.241285,27.52871,31.000517,31.963425,29.518953,24.381521,24.332533,19.069355,18.033808,15.88215,14.153004,14.602029,15.524073,19.12721,21.681458,20.456144,22.245602,18.943966,19.12241,20.341267,18.49225,22.228123,21.636162,25.49776,24.984135,32.25757,32.751907,29.363182,31.583124,27.582218,29.148636,27.101042,26.650198,23.395979,26.763208,21.491282,20.995125,24.69732,26.793669,23.988632,22.491737,23.359232,24.2476,24.688507,27.891846,26.036055,27.754066,29.342,26.812551,23.748995,20.939379,20.294569,18.000984,19.520634,16.480307,20.064466,17.526152,19.64525,19.169914,13.725906,15.133113,12.649117,10.169026,7.702547,9.094399,8.867292,11.609686,15.62922,18.487427,22.002422,24.700617,26.34817,26.766306,31.013231,26.655327,26.98059,24.462883,23.819832,22.979004,22.26385,22.803387,19.171463,21.095884,16.594875,19.646412,20.520638,18.711617,17.16164,15.022881,12.801383,13.697944,11.726924,15.438571
9,24.654993,23.381224,19.05307,17.43866,14.466709,11.454895,9.9779,6.3259296,4.4571924,0.0,5.362665,7.268132,8.732772,7.0281425,12.001877,11.319283,14.343633,16.341806,18.942709,22.299234,25.531034,28.490656,30.363276,33.542225,34.26929,32.271847,26.879229,27.509542,21.859749,21.92786,19.303257,18.382889,17.983368,19.390425,22.478811,24.85827,24.161554,26.015175,23.155586,22.923038,24.377508,21.993109,25.661154,24.539646,28.339865,27.296314,34.727234,34.684345,30.985603,33.580395,29.83909,31.911238,30.239328,29.243195,26.38099,29.713474,24.235018,23.359726,26.348463,28.252724,24.887682,24.2032,24.25816,25.419819,24.977062,28.793165,26.023016,27.937927,30.077314,27.597164,24.397287,22.357111,20.934917,19.478958,20.00894,17.963507,20.470957,18.932312,20.670809,21.115286,15.480801,15.744804,14.257017,12.772358,11.3001585,11.966109,13.09674,14.696065,19.31535,21.669043,25.425371,27.92492,29.892923,30.644192,34.978294,30.79356,31.225212,28.712854,27.835588,26.79737,25.71076,26.084684,21.920406,23.890244,18.863548,21.111856,21.396904,19.101141,18.137215,14.621926,13.911746,13.606886,12.297171,15.088138
10,26.970259,26.410496,21.84763,20.494577,18.120026,14.417688,13.669529,9.844652,6.4051228,5.362665,0.0,5.0104446,8.443349,8.87816,13.839431,13.205121,17.27292,18.413305,22.321306,24.505995,28.181505,30.889336,32.353466,35.451878,35.850708,33.43166,28.20694,28.379763,22.610924,22.004826,18.55076,17.456438,15.526482,16.85193,19.101734,21.042208,21.143969,23.092123,21.521883,20.730764,23.202396,20.537931,25.27941,24.411993,28.52645,27.902224,35.576008,35.743744,31.999325,33.85829,29.57696,31.797361,29.660957,28.031967,24.74272,27.305172,21.731955,21.497396,23.704752,26.253464,23.42419,23.466883,24.378128,26.261564,26.181328,30.679998,28.383938,30.80291,32.647118,30.541573,27.230799,24.491768,22.581362,20.28182,20.310543,17.280323,18.840467,16.357435,17.239885,17.648546,12.642081,11.504036,9.718108,9.78961,9.741077,11.511087,13.353823,15.965374,20.696497,23.657633,27.054667,30.04693,31.45456,31.357754,35.93598,31.917963,32.231247,29.842806,29.635729,28.95114,28.535341,29.081152,25.492653,27.083979,22.266527,25.239643,25.95269,23.453922,21.975452,18.681988,16.365623,15.568146,12.766239,14.914884
11,31.31589,30.395315,25.903122,24.400837,21.6321,18.350979,16.916267,13.23392,10.194239,7.268132,5.0104446,0.0,5.4314966,7.174497,12.251355,13.699085,17.492975,19.613987,23.16632,25.828592,29.781466,32.260582,34.30266,36.958004,36.956165,35.027348,29.604729,30.54203,24.38966,25.188232,21.20981,21.433727,18.720116,21.149311,22.597675,24.64558,25.354933,26.99258,25.635504,24.212873,26.697918,23.316708,27.729502,26.193666,30.157024,28.944214,36.717552,36.26724,32.21229,34.34917,30.410322,33.236115,31.61366,29.304682,26.667774,29.235722,23.600063,22.751995,24.042564,26.180445,22.75402,23.793331,23.810846,26.069317,25.104765,30.336847,27.291838,30.051748,32.317375,30.466522,27.052277,24.968,22.148438,20.664759,19.497643,17.671217,17.794212,16.795177,17.281122,18.93539,13.986502,11.870489,12.199531,12.821351,13.546366,14.005509,17.211823,18.390139,23.756306,26.169096,29.748169,32.60853,34.280636,34.49238,39.27544,35.70485,36.287647,34.09586,33.757236,33.122265,32.2956,32.40148,28.382448,29.631659,24.29916,26.741669,27.123138,23.991442,22.829626,18.521418,17.047726,14.966257,12.752217,13.45368
12,32.632343,31.181644,27.24445,24.74453,21.944227,19.365768,16.694635,14.917319,11.088612,8.732772,8.443349,5.4314966,0.0,3.5427632,7.143834,9.7627,13.291092,15.811638,19.292318,21.890808,26.058475,28.241348,30.69348,32.924965,32.623943,31.11661,25.607216,27.232002,20.901777,23.239487,19.078568,20.938692,18.170248,22.100224,23.184551,26.016802,26.682808,27.641293,25.572878,23.669207,25.516642,21.561796,25.060036,22.870066,26.53713,24.795115,32.495876,31.62345,27.436197,29.88138,26.370747,29.523296,28.506496,26.026894,24.173986,27.266886,21.752958,19.987741,21.381819,22.741941,18.717669,19.747293,18.958172,21.173145,19.819315,25.252468,22.041119,24.989769,27.300314,25.678242,22.237925,20.420652,17.118805,16.200996,14.520549,13.780083,13.832228,14.309649,15.56808,17.771,12.441981,11.837991,13.529646,12.790274,13.488437,12.105337,16.55018,15.812095,21.608421,23.336073,26.97033,29.667234,31.545979,32.150738,37.08587,34.20014,35.212776,33.45218,33.036087,32.743534,31.460978,30.811396,26.63311,27.10248,21.472744,23.759998,24.24724,20.541992,19.237398,14.738876,13.061468,10.134839,8.474178,8.464269
13,30.245405,28.480978,24.764757,22.069988,19.113693,16.964685,13.9080515,12.755353,9.418771,7.0281425,8.87816,7.174497,3.5427632,0.0,5.5726485,7.7119985,10.68939,13.720555,16.489466,19.78754,23.658907,26.068287,28.661934,31.06373,31.082174,29.70921,24.108568,25.844822,19.653027,22.091349,18.566006,20.199722,18.518656,22.169388,23.97156,27.012064,27.060385,28.071789,25.211546,23.801924,25.051987,21.465286,24.394285,22.2262,25.744268,23.886215,31.43055,30.599577,26.519241,29.398851,26.13759,29.00101,28.127895,26.287483,24.485216,28.067057,22.628878,20.686214,22.95021,24.044226,19.917513,20.018862,18.929255,20.470997,19.14238,23.872913,20.515236,23.039993,25.459192,23.48613,20.091692,18.551022,15.822998,15.275403,14.425743,13.981575,15.383428,15.833599,17.777597,19.451082,13.719428,14.277045,15.142281,13.422135,13.105773,11.402398,15.192282,14.045177,19.702175,21.15755,24.989256,27.42466,29.592403,30.644865,35.395332,32.32699,33.362896,31.514378,30.763508,30.30359,28.721472,28.000397,23.588648,24.25388,18.543318,20.526941,20.858856,17.275074,16.1665,11.558871,10.708862,8.3389,7.795515,9.109352
14,32.67845,30.514082,27.503336,23.933256,21.22769,19.896288,15.980904,16.802961,13.21764,12.001877,13.839431,12.251355,7.143834,5.5726485,0.0,5.59515,7.1878138,10.702785,13.195284,16.187727,20.272432,22.203268,25.27614,27.082506,26.705591,25.883322,20.28757,22.888721,16.731525,21.027294,17.546494,20.911335,19.258053,24.098999,25.382925,28.984768,29.056557,29.373089,26.011051,24.14629,24.669168,20.654198,22.308605,19.420376,22.39769,19.890179,27.184612,25.83803,21.636799,24.904604,22.28075,25.45438,25.358345,23.41949,22.639183,26.659784,21.663282,18.80713,21.14369,21.24356,16.650263,16.49877,14.272566,15.543853,13.707323,18.58586,15.064927,17.861383,20.283773,18.642277,15.211721,14.054943,10.655041,11.180301,9.80252,11.25594,12.813034,14.938232,17.546385,19.51467,14.137623,16.030937,17.82203,15.300883,15.075043,11.740062,16.309275,12.9367285,18.600563,19.073725,22.785023,24.953901,27.28846,28.750341,33.577206,31.414001,32.911617,31.62586,30.87748,30.864338,28.89062,27.307974,22.956308,22.531473,16.729218,18.47941,19.034878,14.787064,13.406967,8.986785,7.6773477,3.7008412,5.6047354,5.8954387
15,28.423878,26.395676,23.719007,19.661226,17.487473,16.299202,12.2154455,14.557632,10.5506,11.319283,13.205121,13.699085,9.7627,7.7119985,5.59515,0.0,4.710243,6.081764,10.210104,12.224379,16.325094,18.618618,21.026592,23.446117,23.575314,22.051804,16.454323,18.261015,12.162374,15.6604805,12.7336035,15.822091,15.239637,19.841297,21.659956,25.500566,24.933895,25.126835,21.071625,19.653797,19.63782,16.135134,17.6166,15.233725,18.464941,16.59687,24.007494,23.519062,19.71312,22.634216,19.505262,21.92554,21.315367,20.307493,18.935114,23.309355,18.437532,15.904396,19.667881,20.116362,16.326496,14.439375,13.648242,14.199917,14.18337,17.664284,15.749938,17.929207,19.47704,17.450272,14.1403675,11.415519,9.800853,8.415969,9.749104,8.946107,13.178561,13.42653,16.785921,17.440973,11.939037,15.436293,15.963938,12.245203,11.084566,7.25404,11.221081,7.363864,13.049153,13.907191,17.639126,20.077726,22.213802,23.495832,28.283224,25.880915,27.333506,26.077215,25.462852,25.651352,23.907492,22.37277,18.443958,17.920658,12.374856,15.296844,16.636614,13.093796,10.723936,8.516841,3.496792,3.6363053,3.6048145,7.618882
16,29.03081,26.42294,24.446732,20.006804,17.810741,17.736868,13.21097,16.694962,13.82496,14.343633,17.27292,17.492975,13.291092,10.68939,7.1878138,4.710243,0.0,5.01954,6.0896845,9.808194,13.389708,15.686565,18.845083,20.993237,21.302174,20.555746,14.977559,17.693466,12.306682,17.055523,15.270272,18.651861,19.066788,23.521597,25.603148,29.583244,28.642073,28.66441,23.944212,22.864868,21.953604,18.85561,18.807608,16.107544,18.466642,15.962447,22.613934,21.69863,18.045485,21.85289,19.741854,21.953077,22.145754,21.786318,21.221313,25.997934,21.659054,18.685482,22.695198,22.362175,18.38353,15.871223,13.858508,13.159045,12.639384,14.80533,12.439528,13.932385,15.7526455,13.335981,10.08982,8.566045,7.8943887,8.644769,10.556592,11.697091,16.032602,17.26387,20.82411,21.512213,16.322638,20.041485,20.637306,16.732975,15.147523,11.271095,14.062908,8.99091,13.459105,12.859264,16.694937,18.333212,21.089666,23.361176,27.795528,25.77476,27.499544,26.467539,25.356144,25.507366,23.076374,20.88506,16.618086,15.610614,9.871701,11.704799,12.85851,8.87563,6.589598,4.9161024,2.2769718,4.2494173,7.6658316,10.440266
17,27.857752,25.57157,24.007456,19.124771,17.778572,17.707428,13.45207,17.863842,14.46503,16.341806,18.413305,19.613987,15.811638,13.720555,10.702785,6.081764,5.01954,0.0,6.31571,6.2164955,10.391194,12.659964,14.956205,17.481062,17.951897,16.399752,10.836717,12.866322,7.443277,12.325853,11.074722,15.038003,16.0205,20.632004,22.552176,26.745468,25.55375,25.128963,20.058598,18.996891,17.475767,14.661943,13.931238,11.478968,13.911053,12.00934,18.81853,18.729279,15.473452,18.599216,16.007767,17.614967,17.474007,17.793783,17.063694,22.037233,18.172173,15.354075,20.22934,19.974333,16.867088,13.047435,12.477647,11.331004,12.807543,13.935718,13.779571,15.050798,15.556441,13.379883,10.570045,6.6032066,7.855514,6.1352215,10.264165,9.695465,15.441922,15.566987,19.493004,19.279198,14.766222,19.531181,19.66596,15.201327,13.45107,9.320114,11.506713,5.321528,9.124225,8.53722,12.1481695,14.302473,16.610111,18.492573,23.108162,21.406925,23.284428,22.640667,21.988771,22.720182,20.711508,18.312498,15.015291,13.1366625,8.253564,11.841607,14.107057,11.225305,7.895863,9.4018345,3.3383636,7.219943,8.222438,11.66226
18,28.100237,25.044655,24.269764,19.315405,17.768375,19.021406,14.573634,19.618765,17.720724,18.942709,22.321306,23.16632,19.292318,16.489466,13.195284,10.210104,6.0896845,6.31571,0.0,6.570558,8.340844,10.962682,14.45913,16.714197,17.792116,17.543785,12.556064,15.4962015,11.98573,16.85455,16.942028,20.078255,22.036573,25.950972,28.464205,32.56426,30.934938,30.699059,25.10622,24.706947,22.580215,20.49584,18.687532,16.328196,17.558994,15.100464,20.20638,19.545643,16.771395,21.0297,19.89241,21.091372,21.812279,22.85357,22.755959,27.85619,24.346176,21.390577,26.137533,25.3451,21.920795,18.162884,16.195492,13.878221,14.21502,13.272908,12.214689,11.866151,12.910595,9.735193,7.5239425,6.8315306,9.650365,10.949555,14.319926,15.559033,20.666225,21.659851,25.521711,25.5637,20.86584,25.263836,25.33263,20.942068,18.725046,15.062212,16.089762,10.581674,12.392212,10.021121,13.532635,14.027542,17.394348,20.769333,24.507261,22.891672,24.876663,24.223782,22.652567,22.954655,19.928131,16.897594,12.87037,10.858285,5.8959866,6.700317,8.584711,5.641299,2.4321241,7.03209,6.7974205,10.118535,13.16797,16.012678
19,29.687899,27.159174,26.73547,21.447428,20.834305,21.72446,17.662607,23.003695,20.141848,22.299234,24.505995,25.828592,21.890808,19.78754,16.187727,12.224379,9.808194,6.2164955,6.570558,0.0,4.735612,6.4631853,9.120907,11.393527,12.268165,11.194363,6.0657926,9.145041,6.7096868,12.726596,13.437415,17.779896,19.72597,24.151638,25.905867,30.223494,28.659937,27.661715,22.051323,21.272316,18.430092,16.50776,13.161883,10.780723,11.241141,9.1241665,14.057013,14.222736,11.977315,15.44348,14.220646,14.747886,15.666591,17.417807,17.83443,22.989313,20.454605,17.478693,22.653528,21.555037,19.15327,14.229432,13.490018,10.52663,13.130492,10.995216,13.056227,13.004073,12.034981,9.990397,8.575603,4.3541055,9.146013,8.545079,13.248806,13.549686,19.251038,19.709538,23.749475,23.13949,19.62633,24.846342,24.972399,20.345541,18.513823,14.618138,15.619891,9.5918865,9.6955805,6.449309,8.766178,9.77599,12.425375,15.396904,19.475838,19.122923,21.537043,21.777958,21.056671,22.371353,20.047745,16.587984,14.380958,10.629823,8.082152,10.983728,13.839111,12.030023,8.836065,12.9603,9.103367,12.518454,14.033789,16.72255
20,29.276947,26.492336,26.970104,21.612541,21.470606,23.178997,19.398958,25.308205,23.21236,25.531034,28.181505,29.781466,26.058475,23.658907,20.272432,16.325094,13.389708,10.391194,8.340844,4.735612,0.0,3.5696828,6.281008,9.015497,11.23319,10.742117,7.603841,9.900492,10.2784605,14.716452,16.85446,20.264297,23.251295,26.916264,29.101896,33.31521,31.240807,30.23255,24.167,24.088087,20.559542,19.674713,15.49237,13.926542,13.358455,11.832119,14.286533,14.889382,13.8995695,17.349335,17.059826,16.521133,17.714779,20.560995,21.10533,26.168205,24.196453,21.511442,26.878792,25.672775,23.59516,18.440699,17.714151,14.250256,16.762249,12.86112,15.421453,14.0812025,12.517568,10.210245,10.238493,8.059364,13.253104,13.244924,17.838194,18.217827,23.954454,24.246258,28.291939,27.376804,23.992502,29.280216,29.003038,24.25627,22.011454,18.554804,18.394321,13.0505295,11.265787,6.978301,7.9933167,6.984277,10.401442,14.6459255,17.652622,17.656599,20.207102,20.76292,19.599792,20.978048,18.253159,14.178329,12.735708,8.076617,8.142896,9.815643,12.81213,12.4987,10.009529,15.370857,13.02555,16.701033,18.517092,21.348526
21,32.578773,29.862774,30.456427,25.089828,25.02187,26.639565,22.832558,28.634867,26.241285,28.490656,30.889336,32.260582,28.241348,26.068287,22.203268,18.618618,15.686565,12.659964,10.962682,6.4631853,3.5696828,0.0,4.777878,5.8316865,7.852835,8.3172655,6.505047,9.58017,11.176481,16.3246,18.339508,22.449398,25.01129,29.083994,30.752441,35.04334,33.186188,31.81793,25.968342,25.522945,21.836018,20.808996,15.846075,14.03979,12.430255,10.66939,11.459635,11.892027,11.629339,15.034174,15.714881,14.946714,16.957962,19.899775,21.260252,26.193754,24.831707,21.930712,27.0028,25.292639,23.501467,18.274834,17.359402,13.485487,16.304102,11.28266,15.057139,13.505746,10.983205,9.571094,10.44044,8.643157,13.74271,14.050923,18.347355,19.214863,24.566256,25.282328,29.283947,28.460363,25.588533,30.969202,31.07212,26.401117,24.499607,20.824835,21.134512,15.59245,13.832263,9.628431,9.50683,8.138479,10.8203,14.958781,17.724552,18.989122,21.764446,22.861994,22.007872,23.720306,21.164936,16.942856,16.073174,11.209899,11.683985,12.949417,15.703206,15.158152,12.844996,17.879793,15.370809,18.561073,20.390394,22.689196
22,31.741812,29.42867,30.406645,25.088306,25.694363,27.273417,23.981941,29.945385,27.52871,30.363276,32.353466,34.30266,30.69348,28.661934,25.27614,21.026592,18.845083,14.956205,14.45913,9.120907,6.281008,4.777878,0.0,4.546159,7.8522434,6.3189116,7.015327,7.276502,11.429705,14.653599,17.786268,21.299433,24.46957,27.948248,29.56882,33.71505,31.554657,29.91966,23.997839,23.939651,19.686293,19.65738,14.024319,13.395347,11.255968,11.16801,10.560912,12.792384,13.575322,15.420524,15.662321,13.521266,14.971171,19.089495,20.12758,24.749691,24.137968,21.855637,27.257305,25.858532,24.947866,19.28517,19.683046,16.125532,19.805256,15.132202,19.470503,18.192665,15.418714,14.321103,15.036836,12.265052,17.2153,16.27963,20.988297,20.689188,26.358965,26.135187,30.066198,28.552116,26.32356,31.934845,31.54649,26.836609,24.858583,21.693018,21.135206,16.448761,13.146768,9.305745,7.1616983,5.284449,6.6994815,10.867585,13.134049,15.244841,18.165127,19.868547,19.495667,21.763168,19.821863,15.718313,16.340319,11.369968,13.494401,15.606554,18.656403,18.765339,16.23315,21.438059,18.06317,21.595066,22.601763,25.236845
23,36.243225,33.83595,34.788765,29.444221,29.843819,31.376472,27.844648,33.671093,31.000517,33.542225,35.451878,36.958004,32.924965,31.06373,27.082506,23.446117,20.993237,17.481062,16.714197,11.393527,9.015497,5.8316865,4.546159,0.0,3.9930406,5.182379,7.9744506,9.665718,13.7776985,18.178083,20.643833,24.982101,27.438204,31.504114,32.569443,36.80041,35.008587,33.092525,27.53594,26.944826,22.835173,22.299397,16.28808,15.055276,11.946429,11.207563,7.9273624,9.614753,11.536246,13.335727,15.129595,13.084822,15.788661,19.497204,21.621191,26.03616,25.934286,23.266321,28.076433,26.0047,25.202477,19.784584,19.578352,15.696888,19.262508,13.612806,18.796833,17.301971,13.808082,13.714953,15.154692,13.218516,17.778473,17.574486,21.664865,22.251564,27.267641,27.819086,31.659298,30.502771,28.635029,34.193443,34.37939,29.804785,28.207603,24.678198,24.889923,19.745052,17.181173,13.371698,11.478489,9.79282,10.63795,14.084184,15.959252,19.189531,22.16632,24.166004,23.915045,26.236712,24.22216,20.002304,20.439442,15.399383,17.029827,18.50275,21.26728,20.969437,18.660915,23.568401,20.442343,23.398184,24.70617,26.671925
24,39.21683,36.868515,37.418114,32.048935,32.176052,33.34549,29.605207,35.09914,31.963425,34.26929,35.850708,36.956165,32.623943,31.082174,26.705591,23.575314,21.302174,17.951897,17.792116,12.268165,11.23319,7.852835,7.8522434,3.9930406,0.0,4.772683,7.807199,10.512301,13.896069,19.324892,20.879543,26.073761,27.6147,32.346573,32.788002,37.093636,35.79744,33.663483,28.59131,27.333178,23.60085,22.344845,16.3673,14.476274,10.939245,9.5542,4.92592,5.6975694,8.3220825,9.891315,12.714668,11.234427,14.841941,17.724678,20.684814,24.911654,25.053638,22.04866,26.238995,23.675447,22.982874,17.90006,17.38565,13.538876,17.178152,11.528537,17.368769,16.358139,12.546065,13.421368,14.803907,12.922275,16.668743,16.689539,20.130817,21.246653,25.577423,26.711452,30.395113,29.588415,28.106054,33.534565,34.28784,29.933813,28.816086,24.992666,26.072289,20.609846,18.93001,15.4301195,13.920009,13.064877,13.635363,16.205538,18.62301,22.125078,25.108582,27.119162,27.141119,29.504051,27.595428,23.471636,23.474876,18.505875,19.154585,20.750174,23.401806,22.363771,19.965948,24.222197,20.77814,23.096413,24.344257,25.66564
25,36.341312,34.384323,34.80243,29.50838,29.942657,30.803867,27.396416,32.827427,29.518953,32.271847,33.43166,35.027348,31.11661,29.70921,25.883322,22.051804,20.555746,16.399752,17.543785,11.194363,10.742117,8.3172655,6.3189116,5.182379,4.772683,0.0,5.639592,6.2105627,10.871126,15.162169,17.139368,22.054363,23.81312,28.230206,28.618786,32.841022,31.422438,29.179792,24.146725,22.998764,19.077412,18.253979,11.99832,10.842302,7.156247,7.4479628,4.5387406,7.9993715,9.6296835,9.751081,10.582655,7.9703197,10.708623,14.52543,16.838312,21.038862,21.377653,18.871315,23.571278,21.606464,21.48223,15.913252,16.852715,13.573823,18.031809,13.786229,19.27964,18.888424,15.57661,15.781661,16.300974,12.905309,16.715479,15.303277,19.35753,19.121626,23.970184,24.068237,27.735802,26.344948,25.20404,30.795605,31.10679,26.741917,25.611006,22.164322,22.781366,17.921783,15.61477,12.719479,10.565993,10.610664,10.221791,11.8448105,14.858374,18.300137,21.243896,23.34347,23.838415,26.452253,25.095583,21.344034,21.810083,17.030159,17.86971,20.515358,23.527674,22.607874,19.75038,24.02968,19.553827,22.239336,22.663923,24.45373
26,33.394096,31.284382,31.09625,25.795834,25.716776,26.323599,22.613844,27.808855,24.381521,26.879229,28.20694,29.604729,25.607216,24.108568,20.28757,16.454323,14.977559,10.836717,12.556064,6.0657926,7.603841,6.505047,7.015327,7.9744506,7.807199,5.639592,0.0,5.1672273,6.146791,12.420115,13.417173,18.75197,20.182657,25.01863,25.75295,30.126532,28.843544,27.065498,21.883,20.544907,17.218815,15.426076,10.273197,7.8534837,6.162189,4.4647474,8.269235,9.490464,8.340057,10.349012,9.551717,9.108683,10.924244,13.405828,14.980393,19.868849,18.744219,15.77659,20.787958,19.136578,17.963118,12.378076,12.803545,9.563623,13.852327,10.820508,15.266659,15.441525,13.024596,12.520152,12.032403,7.7062817,11.575495,9.993672,14.44522,14.318371,19.585814,19.889791,23.77794,22.77819,20.724546,26.248117,26.669458,22.215384,21.01327,17.214565,18.412842,12.919166,11.876032,9.025633,8.704663,9.857211,10.851823,12.842255,17.005571,18.523146,21.268051,22.481903,22.614885,24.724136,23.066196,19.49943,18.73289,14.351909,13.548176,16.572998,19.540142,17.964167,14.87101,18.679804,13.941529,16.629929,17.200531,19.182142
27,31.200516,29.600655,29.622799,24.466036,25.053024,25.504591,22.448774,27.703215,24.332533,27.509542,28.379763,30.54203,27.232002,25.844822,22.888721,18.261015,17.693466,12.866322,15.4962015,9.145041,9.900492,9.58017,7.276502,9.665718,10.512301,6.2105627,5.1672273,0.0,6.3759513,8.960883,11.5242405,15.886879,18.167305,22.153086,22.962847,27.159788,25.467308,23.466827,18.119408,17.286396,13.259494,12.784204,6.7980933,6.6874104,5.1832952,7.1679397,9.814048,12.870013,12.615415,12.76016,10.655282,8.376632,8.271664,12.519761,12.933649,17.529118,17.05024,15.1445055,20.7317,19.879965,19.739315,13.899108,16.129257,13.740555,18.34352,15.963241,20.236137,20.45164,18.099134,17.326387,16.739319,12.044375,15.69272,12.766949,17.53668,15.646106,21.330582,20.130571,23.873293,21.907942,20.50446,26.201927,25.826458,21.348776,19.970243,16.99961,16.94551,12.827431,9.9523535,8.156114,6.0289063,8.224972,7.4530888,7.9323163,12.549829,14.189484,16.903273,18.47696,19.262209,21.830513,20.95853,17.853127,18.257246,14.176136,14.584932,18.429642,21.669628,20.791727,17.540699,21.563646,16.18542,19.350367,18.91589,21.494892
28,30.01811,28.332373,27.334867,22.29558,22.063276,21.851875,18.375824,22.975533,19.069355,21.859749,22.610924,24.38966,20.901777,19.653027,16.731525,12.162374,12.306682,7.443277,11.98573,6.7096868,10.2784605,11.176481,11.429705,13.7776985,13.896069,10.871126,6.146791,6.3759513,0.0,7.8491826,7.504501,13.181921,14.189409,19.22017,20.061144,24.46032,23.307135,21.831285,16.815855,15.235057,12.653645,10.103928,6.970812,4.4451103,6.7968144,6.506907,13.300184,14.613765,12.304687,13.565874,10.174512,10.688748,10.128084,11.559676,11.194094,16.347113,13.946136,11.317951,16.987732,16.508549,15.20214,9.725972,11.702174,10.245508,14.269992,14.150849,16.872301,18.060762,16.844727,15.726252,13.929338,8.553292,10.852644,6.962847,11.932528,9.658698,15.752249,14.775216,18.740675,17.40294,14.960736,20.579815,20.615305,16.112179,14.973953,11.303617,12.774659,7.6343384,7.888432,7.334214,8.539133,11.567319,12.27946,12.823503,17.89463,17.665344,19.911247,20.3439,20.790936,22.629797,21.511995,18.872522,17.587648,14.427966,12.242867,16.516544,19.475157,17.514402,14.050238,16.750248,10.537794,13.323335,12.551468,15.228198
29,25.15332,24.401472,23.489193,18.945139,19.768963,19.148092,17.109583,21.489822,18.033808,21.92786,22.004826,25.188232,23.239487,22.091349,21.027294,15.6604805,17.055523,12.325853,16.85455,12.726596,14.716452,16.3246,14.653599,18.178083,19.324892,15.162169,12.420115,8.960883,7.8491826,0.0,5.505814,6.9997153,10.6912565,13.391878,15.163042,19.185896,16.97257,15.592986,9.670388,9.701556,5.993599,6.763056,5.957715,8.266144,11.009452,13.218063,18.350628,21.017307,19.56603,19.6103,15.455977,14.360374,11.323146,14.094544,11.021937,15.137579,13.033494,12.889691,18.98037,20.091002,20.009619,15.075651,18.638325,17.927126,21.86287,21.89656,24.401781,25.35755,24.209873,22.65061,20.932701,15.781586,18.1135,13.737925,18.273811,13.930697,19.963829,16.491611,19.894833,16.946545,15.231652,20.642078,18.845695,14.411064,12.604944,11.29409,9.436663,8.616316,5.5182624,8.433141,8.385109,12.210942,11.3947935,9.619753,14.570842,12.544905,14.036732,14.105945,15.523429,17.65149,17.951487,16.65885,16.78973,14.949225,14.316947,19.29946,22.366251,21.557846,18.230839,21.03663,14.941842,18.213789,16.14652,19.71671
30,27.874826,27.145922,25.268015,21.009727,20.993402,19.494022,17.12087,20.35195,15.88215,19.303257,18.55076,21.20981,19.078568,18.566006,17.546494,12.7336035,15.270272,11.074722,16.942028,13.437415,16.85446,18.339508,17.786268,20.643833,20.879543,17.139368,13.417173,11.5242405,7.504501,5.505814,0.0,6.9902434,6.807741,12.036193,12.591576,16.983912,16.040243,14.716403,10.415049,8.18803,7.331289,3.6732945,6.782019,7.187067,11.309473,12.688141,19.353424,21.176098,18.810091,18.80851,13.935549,14.451229,11.500951,11.803638,8.231845,12.492562,8.7824545,8.255099,14.183319,15.729849,15.357578,11.271323,15.246313,15.712985,19.225153,20.960293,22.774687,24.589151,23.933914,22.668037,20.363016,15.116644,15.813353,10.866751,14.426765,9.204956,14.835419,10.995596,14.431506,11.785283,9.918328,15.47277,14.426239,10.126621,9.486598,7.4985323,8.518361,7.407825,8.51222,11.370301,12.549221,16.357458,16.098625,14.548896,19.723108,18.041872,19.406414,19.130201,20.408916,22.075094,22.160755,20.959452,19.934822,18.33147,15.959813,20.871706,23.640228,21.782112,18.41124,19.776413,13.013239,15.160087,12.142223,15.220859
31,22.405476,22.489649,20.409668,16.966196,17.66745,15.712209,14.94013,17.615168,14.153004,18.382889,17.456438,21.433727,20.938692,20.199722,20.911335,15.822091,18.651861,15.038003,20.078255,17.779896,20.264297,22.449398,21.299433,24.982101,26.073761,22.054363,18.75197,15.886879,13.181921,6.9997153,6.9902434,0.0,6.511115,6.740113,10.099347,13.678437,11.10456,10.988564,5.4613824,6.6349144,6.573673,7.4996815,11.599296,13.567387,17.18895,19.03605,25.0031,27.322187,25.273497,25.37732,20.619411,20.328161,16.761337,17.993858,13.535696,16.347746,12.925942,14.207416,19.481356,21.914576,21.718,18.179163,21.95017,22.301487,25.471205,26.96278,28.301958,29.736502,29.3461,27.498585,25.210659,20.294924,21.470543,16.908463,20.448603,15.123942,20.344097,15.491185,18.083212,14.697404,12.715568,17.031097,13.805147,9.930482,7.889685,9.341477,5.8726444,9.847785,9.239751,13.495954,14.58084,18.219969,17.71166,15.67694,19.959543,16.293478,16.58909,15.242646,16.782497,17.990993,19.101076,19.346647,18.89654,18.839106,17.265154,22.226927,24.817245,23.903791,20.88153,22.2693,16.462097,19.097795,15.955227,19.753698
32,27.916044,28.005571,25.195,22.060127,21.944242,19.247843,18.059944,19.27608,14.602029,17.983368,15.526482,18.720116,18.170248,18.518656,19.258053,15.239637,19.066788,16.0205,22.036573,19.72597,23.251295,25.01129,24.46957,27.438204,27.6147,23.81312,20.182657,18.167305,14.189409,10.6912565,6.807741,6.511115,0.0,6.901427,6.60285,10.850499,10.793105,10.223619,8.536699,5.581279,8.905307,6.2092094,12.535117,13.463032,17.585772,19.046087,25.772291,27.51509,24.913984,24.550426,19.299221,20.165827,16.637434,15.717327,11.012866,12.935492,8.22971,10.101236,14.150099,17.327536,17.380816,15.288862,19.525146,21.077013,23.899479,26.868681,27.874485,30.134243,29.975971,28.638361,25.98375,21.022251,20.684101,15.840465,17.944698,12.037752,15.723275,10.0178385,11.918246,8.310657,7.356367,11.369253,8.929384,5.914962,6.90197,8.142632,8.949113,11.625082,13.586744,17.307775,18.688517,22.518023,22.069124,19.82361,24.6172,22.02395,22.5976,21.617987,23.247147,24.43994,25.28069,25.169884,24.022326,23.558302,20.837772,25.69019,28.104599,26.165346,23.078835,23.19901,16.8644,18.050806,13.901619,16.592632
33,24.08958,25.142305,22.2472,20.237785,20.849152,17.84245,18.3309,18.834862,15.524073,19.390425,16.85193,21.149311,22.100224,22.169388,24.098999,19.841297,23.521597,20.632004,25.950972,24.151638,26.916264,29.083994,27.948248,31.504114,32.346573,28.230206,25.01863,22.153086,19.22017,13.391878,12.036193,6.740113,6.901427,0.0,5.672149,7.7679987,5.233145,6.8818307,6.10675,7.061657,10.394269,11.172592,16.864904,18.88804,22.691721,24.661352,30.795263,33.074104,30.840681,30.473778,25.312037,25.347729,21.36174,21.565327,16.520576,17.54535,14.077961,16.72635,20.516615,23.965363,24.267412,22.025183,26.189478,27.37122,30.219498,32.674507,33.605453,35.471317,35.349308,33.59835,31.056856,26.209478,26.533451,21.86755,24.392471,18.63173,22.375837,16.579874,17.770224,13.996824,13.306633,15.642261,11.253572,9.692218,9.203059,12.709273,10.245627,15.481637,15.907597,20.197054,21.268705,24.895092,24.13858,21.479143,25.391436,21.534733,21.170633,19.471416,21.383554,22.17632,23.99672,25.089363,24.62046,25.230167,23.378881,28.177801,30.47723,29.386883,26.564575,26.959229,21.392252,23.145655,19.258131,22.47338
34,29.732752,30.715668,27.840094,25.593401,25.990965,22.944077,22.861727,23.204369,19.12721,22.478811,19.101734,22.597675,23.184551,23.97156,25.382925,21.659956,25.603148,22.552176,28.464205,25.905867,29.101896,30.752441,29.56882,32.569443,32.788002,28.618786,25.75295,22.962847,20.061144,15.163042,12.591576,10.099347,6.60285,5.672149,0.0,4.4371195,5.7917233,5.036066,8.25124,5.9722257,10.874161,10.451801,16.679346,18.564453,22.275295,24.439573,30.453405,32.67312,30.45809,29.294773,23.896025,24.226988,20.09236,19.240154,14.151141,13.717003,10.745665,14.330054,16.887278,20.774569,21.993876,20.519384,25.296692,27.064726,30.081387,33.050724,34.343983,36.636585,36.29568,35.055935,32.496387,27.433985,27.150185,22.230202,24.0525,18.104458,20.67065,14.514877,14.820633,10.537778,12.28072,14.127505,10.864031,10.553256,11.938661,14.482838,14.072983,17.930092,18.862314,22.814283,23.536028,27.34388,26.213945,22.976948,27.161001,24.463041,24.427092,23.444056,25.761148,27.020195,28.77146,29.349981,28.931564,28.799522,26.737587,31.660461,34.100567,32.475807,29.435217,29.58509,23.41421,24.496447,20.18665,22.471474
