,0,1,2,3,4,5,6,7,8,9,10,11,12,13,14,15,16,17,18,19,20,21,22,23,24,25,26,27,28,29,30,31,32,33,34,35,36,37,38,39,40,41,42,43,44,45,46,47,48,49,50,51,52,53,54,55,56,57,58,59,60,61,62,63,64,65,66,67,68,69,70,71,72,73,74,75,76,77,78,79,80,81,82,83,84,85,86,87,88,89,90,91,92,93,94,95,96,97,98,99,100,101,102,103,104,105,106,107,108,109,110
0,0.0,4.188161,6.824851,9.9423,12.808389,15.844563,19.151888,23.406397,27.00053,29.864988,34.49214,37.34336,40.64183,39.30948,41.817238,37.526176,40.65837,37.27196,39.51366,37.50176,37.43568,42.113873,39.313084,36.726955,41.351784,42.41756,41.604237,38.507973,36.521492,32.89172,34.63073,29.004124,33.769897,28.42723,32.921112,32.775135,31.964575,33.35406,28.983795,26.94346,33.101852,31.428957,34.71677,36.103077,38.316692,40.842262,42.105003,45.30595,47.754192,47.817528,44.986454,47.68541,44.670723,46.995438,44.364017,45.294163,42.00211,45.073566,44.591255,44.381336,42.690376,41.957535,36.94628,36.42996,32.108055,31.45423,29.595434,28.410616,24.155678,27.415995,27.871294,26.162077,24.647106,27.053837,24.256174,28.809168,27.836065,27.28523,29.386478,28.06833,31.18074,30.6963,29.146635,29.446178,26.462538,30.761946,26.816483,30.967184,31.226746,32.508175,35.099678,36.14652,37.814404,42.752758,40.141106,37.033524,37.937786,33.37108,33.486553,28.974361,29.291306,24.481373,24.106804,26.118498,20.876934,20.3565,16.78359,19.338467,15.0175,17.61798,14.762191
1,4.188161,0.0,5.2706075,6.7403216,9.307262,13.2008,15.6496725,20.572731,23.695318,26.893702,31.4736,34.225323,37.29205,35.8463,38.11957,33.744564,36.698517,33.227856,35.428577,33.3326,33.283993,37.975086,35.208485,32.56148,37.240627,38.250126,37.53868,34.482605,32.40674,28.865673,30.630621,25.142857,30.307837,25.204739,29.83027,29.989758,29.480444,30.63873,26.07427,23.64301,29.833406,27.827839,30.996384,32.27979,34.418636,36.868008,38.022827,41.256237,43.659813,43.69155,40.870865,43.556137,40.54094,42.959248,40.363216,41.442497,38.162426,41.29011,41.045074,40.785122,38.94867,38.47203,33.4666,32.945065,28.993864,28.002678,26.417383,25.038612,20.916199,23.802647,23.974928,22.116854,20.508926,22.913141,20.142876,24.713482,23.953028,23.55199,25.857307,24.852404,27.949455,27.148464,25.816692,25.784466,22.59859,26.80015,22.731264,26.787477,27.107574,28.42963,31.11952,32.304012,34.06979,38.96389,36.54186,33.419933,34.45374,29.75465,30.083439,25.423056,26.120245,21.086565,21.342997,23.837782,18.52898,17.454153,14.119477,15.679766,11.290517,13.756498,10.777383
2,6.824851,5.2706075,0.0,5.389652,7.142962,9.582323,13.21979,16.942822,20.881895,23.436224,27.997694,31.025389,34.362144,32.977005,35.80256,31.613594,35.098953,32.064404,34.528286,33.083714,33.359104,38.045177,35.959476,33.355267,38.50161,38.935066,38.743473,35.61808,32.50109,29.101955,30.047039,24.699175,28.604895,23.103928,27.867235,27.386354,27.207363,28.934826,24.54447,22.602232,28.915096,27.828093,30.508583,32.740326,34.132584,37.36089,38.314434,41.718124,44.019135,43.652626,40.547024,42.96552,39.812164,41.70473,39.26019,39.922092,37.065804,40.28932,39.75288,40.12771,38.548782,38.522717,33.600014,33.771564,30.023182,29.639254,28.573195,27.561075,24.048788,26.612669,25.826624,23.958508,21.44916,23.847101,19.68582,24.02212,22.456459,21.395092,23.183239,21.584017,24.601667,24.426197,22.87177,23.547077,21.093834,25.460894,22.50909,27.202972,28.070099,29.933678,32.862072,34.70534,36.531235,41.247097,39.004803,35.77178,36.61623,31.837143,31.786167,26.952229,27.624943,22.06546,22.460226,24.317434,18.977367,18.204676,13.373479,15.550922,10.786729,12.417882,10.088047
3,9.9423,6.7403216,5.389652,0.0,3.8692944,6.8799415,9.514839,14.1635065,17.213636,20.405287,25.04408,27.677275,30.898163,29.730316,32.14086,28.01903,31.4575,28.113892,31.04363,29.176916,29.834524,34.59742,32.566227,29.40855,34.413555,34.610138,34.069088,30.766073,27.806824,24.142845,25.292353,19.647655,23.912094,18.598066,23.273947,23.29264,23.002245,24.304928,19.742676,17.500877,23.798782,22.503782,25.356754,27.49995,29.083881,32.297077,33.480877,36.798573,39.217648,39.018272,35.99074,38.679737,35.857635,37.715446,34.86619,35.52631,32.31541,35.41879,34.873863,34.991646,33.399258,33.18714,28.245605,28.392569,24.690533,24.39327,23.489805,22.692146,19.628946,22.220749,21.053621,19.78556,16.939787,20.350475,16.1974,20.541584,19.751368,18.63611,20.871603,19.888754,22.410263,21.510773,19.477041,19.717916,16.839815,21.33085,17.870928,22.899477,23.471767,25.586134,28.266644,30.592741,32.041023,36.674713,34.23078,30.927576,31.556074,26.832165,26.542822,21.711443,22.359358,16.714802,17.335342,19.459389,14.160588,13.025396,8.473012,10.224544,5.5996575,8.299585,7.241001
4,12.808389,9.307262,7.142962,3.8692944,0.0,5.3881717,6.4232626,11.674187,14.542815,17.793585,22.286097,25.068132,28.044315,26.566017,29.02167,24.759188,28.15013,24.998093,27.725107,26.22569,26.847363,31.56493,29.849842,26.94325,32.25141,32.260674,32.290558,29.164932,25.546268,22.285442,22.970215,17.860878,22.060877,16.96195,21.964191,22.002535,22.469969,23.7946,19.156523,16.608929,22.903128,21.549864,23.823662,26.223661,27.235725,30.62602,31.40951,34.878872,37.10872,36.61511,33.455105,35.8653,32.799576,34.634113,32.12544,32.881905,30.056921,33.363293,33.11739,33.535378,31.811512,32.305252,27.479132,27.901304,24.956095,24.309708,23.992682,22.954235,20.283663,21.986692,20.182964,18.387978,15.158804,17.928911,13.068772,17.289114,16.082764,14.918109,17.103514,16.15586,18.86804,17.997524,16.549057,16.688227,13.980659,18.340326,15.533915,20.499493,21.607267,23.865175,26.889362,29.375896,31.173325,35.632294,33.6967,30.446262,31.312433,26.446547,26.49255,21.514164,22.770433,16.848013,18.464436,20.832237,15.816028,14.168149,9.786349,9.58303,4.918767,5.2954593,4.3289332
5,15.844563,13.2008,9.582323,6.8799415,5.3881717,0.0,5.6756997,7.617197,11.695751,14.071717,18.737537,21.606445,25.164028,24.206812,27.247902,23.532022,27.728321,25.019505,28.50926,27.505758,28.807537,33.420708,32.46837,29.270554,34.688232,33.953793,34.074142,30.751295,26.391531,23.067015,22.895275,17.756432,19.792776,14.083321,18.901842,18.103289,18.574337,20.562004,16.35363,14.88364,21.00101,21.144873,23.031527,26.542063,26.918089,31.201677,32.097656,35.545185,37.782253,37.052826,33.700005,36.034172,33.2141,34.21936,31.479593,31.493233,28.874939,32.035126,31.105295,32.12091,30.921656,31.443499,26.815748,28.019531,24.995531,25.512678,25.536545,25.282545,23.392302,25.264355,22.756266,21.74563,17.807123,21.2196,15.423919,18.907106,17.320347,15.073727,16.558558,15.036395,16.892555,16.60614,13.840931,15.146725,13.607974,18.151249,16.680113,22.432135,23.688612,26.542143,29.338278,32.61841,33.993458,38.179264,36.05312,32.7186,33.03977,28.431002,27.628992,22.85948,23.54204,17.615925,18.68912,19.883978,15.284305,14.477893,8.88949,10.445487,7.3122954,7.3748875,9.035423
6,19.151888,15.6496725,13.21979,9.514839,6.4232626,5.6756997,0.0,6.653581,8.2351,11.873665,16.222082,18.828053,21.659132,20.261417,22.72206,18.638018,22.436354,19.521566,22.911854,21.834255,23.193708,27.787666,27.003435,23.804401,29.326448,28.454733,28.93394,25.800552,21.061272,18.105637,17.75855,13.19148,16.245262,11.430062,16.61242,16.738037,18.136806,19.38016,14.901601,12.327231,18.256062,17.542173,18.887766,22.198965,22.226603,26.353006,26.896143,30.443775,32.536026,31.686695,28.319714,30.56926,27.642658,28.91201,26.330086,26.769382,24.243538,27.623562,27.363436,28.277048,26.68535,27.91802,23.402845,24.592947,22.63818,22.344257,23.036324,22.400814,21.088467,21.872766,18.703657,17.40759,13.154362,16.25982,10.112517,13.313972,12.109014,10.028159,12.130584,11.639417,13.428746,12.115828,10.214977,10.357574,8.219124,12.690746,11.4104,17.025173,18.638369,21.608969,24.597273,28.069376,29.659538,33.606133,32.002186,28.782225,29.406773,24.710712,24.451952,19.624212,21.183422,15.229572,17.771835,19.83386,15.795761,13.936861,10.232678,8.013272,6.4396896,3.464221,7.1493506
7,23.406397,20.572731,16.942822,14.1635065,11.674187,7.617197,6.653581,0.0,5.4042215,6.5162835,11.139458,14.168972,17.837006,17.06812,20.593948,17.46486,22.327625,20.442373,24.480171,24.419363,26.448288,30.654108,30.93739,27.773392,33.32451,31.583622,32.446335,29.310682,23.63248,21.054367,19.32675,15.594706,14.8576355,9.716633,14.325807,12.935927,15.05766,17.306446,13.887445,13.12054,18.05379,19.471516,19.858377,24.552555,23.439142,28.613516,29.055359,32.518192,34.441826,33.14061,29.552465,31.416231,28.72925,28.778677,26.239092,25.617954,23.815256,26.999031,25.92707,27.903822,27.037756,28.645239,24.660198,26.888952,25.181622,26.105919,27.216612,27.314802,26.708885,27.54627,23.839663,23.145077,18.592134,21.645828,15.089013,16.882364,14.924479,11.615441,12.034778,10.53755,10.697166,10.796457,6.990396,9.673787,10.420453,14.122066,15.381875,21.113432,23.001764,26.412472,29.15618,33.280373,34.54765,38.06241,36.471466,33.27793,33.391323,29.094482,28.049088,23.66387,24.650614,19.069733,20.978058,21.662289,18.428144,17.53389,13.199664,12.839629,12.209444,10.112309,13.466807
8,27.00053,23.695318,20.881895,17.213636,14.542815,11.695751,8.2351,5.4042215,0.0,4.6354647,8.512914,10.661096,13.699357,12.980434,15.82412,12.744115,17.624493,15.638586,20.246737,20.10567,22.669827,26.668886,27.401756,23.959066,29.304302,27.067612,28.041277,25.001175,18.919615,16.695961,14.331486,11.508777,10.049916,6.2426047,10.738756,10.4438095,13.53249,14.855835,11.635115,10.39779,14.307792,15.646946,15.167206,20.133314,18.397755,23.788149,24.08292,27.495989,29.333479,27.942385,24.34543,26.255037,23.86079,23.712934,20.907879,20.287819,18.440502,21.692245,20.93384,22.961018,21.982784,24.18123,20.528975,23.057642,22.407694,23.141888,24.937077,25.122467,25.42135,25.498465,21.174807,20.935778,16.28345,19.43246,13.302368,13.920742,12.940048,9.7127905,10.380708,10.483296,9.284423,7.7236176,2.719772,4.790539,6.662066,9.532219,12.002293,17.461058,19.41082,23.064991,25.55964,30.156357,31.196857,34.267227,32.959896,29.918583,29.957977,25.932129,24.924772,20.906458,22.278324,17.227873,19.959139,20.91765,18.637255,17.275099,14.693149,12.401762,13.588169,11.01382,15.097983
9,29.864988,26.893702,23.436224,20.405287,17.793585,14.071717,11.873665,6.5162835,4.6354647,0.0,4.717439,7.693977,11.550087,11.347319,15.264142,13.241092,18.628576,17.715479,22.259312,22.98261,25.69501,29.314259,30.684528,27.548122,32.870564,30.242638,31.596,28.713167,22.24545,20.498632,17.441027,15.538295,11.725921,8.708561,11.732513,9.991749,13.737015,15.779845,13.73168,13.7883215,16.658646,19.184395,18.101034,23.575268,21.13411,26.904827,26.990946,30.278738,31.883434,30.134726,26.470303,27.894756,25.596594,24.574461,22.148703,20.7562,19.827686,22.834494,21.57967,24.461365,24.01488,26.540396,23.411232,26.444452,25.952911,27.22041,29.12082,29.553825,29.975882,30.09681,25.69478,25.467272,20.840504,23.586962,17.327032,17.43451,15.7644415,12.219494,11.563505,10.868199,8.409001,8.599886,3.7750313,7.7063026,10.9603,12.795221,16.38467,21.456205,23.596544,27.27786,29.720144,34.43904,35.449345,38.27487,37.091183,34.11867,33.98,30.176228,28.896002,25.13908,26.232302,21.416346,23.717901,23.983852,22.000292,21.127218,18.025623,16.736374,17.544052,15.036641,18.814236
10,34.49214,31.4736,27.997694,25.04408,22.286097,18.737537,16.222082,11.139458,8.512914,4.717439,0.0,3.829194,7.5105,7.783636,12.231581,11.53052,16.969223,17.163086,21.614527,23.127863,26.108803,29.142054,31.31654,28.472456,33.57564,30.420036,32.28513,29.742779,22.855635,21.933886,18.07457,17.753452,12.437677,11.591393,13.050385,11.321217,15.7045555,17.442324,16.435295,16.838999,18.263783,21.195126,19.11971,24.770197,21.395973,27.307901,26.974245,30.07696,31.316687,29.157116,25.502773,26.355324,24.280745,22.38122,20.42674,18.450228,18.650629,21.439926,20.236937,23.850512,23.693329,26.999617,24.622362,28.048483,28.416656,29.710073,32.03913,32.54492,33.448746,33.07827,28.3882,28.23419,23.744799,25.941196,20.044968,19.126183,17.493013,14.147471,12.686512,12.438298,8.665361,9.283341,6.496009,9.488713,13.675286,13.99217,18.871683,23.113853,25.464031,29.136787,31.433825,36.337852,37.307453,39.634903,38.868607,36.110455,35.92012,32.449585,31.195774,27.863592,29.098234,24.78283,27.304184,27.427479,26.01824,25.121687,22.51034,20.815044,21.984426,19.213305,22.93795
11,37.34336,34.225323,31.025389,27.677275,25.068132,21.606445,18.828053,14.168972,10.661096,7.693977,3.829194,0.0,4.6880603,6.7906566,10.409126,11.07044,16.247192,16.733305,21.549232,22.996624,26.377419,29.073708,31.590918,28.535347,33.217445,29.64011,31.377684,28.914959,22.105438,21.45971,17.26783,17.749628,11.072949,11.967391,11.919686,10.600913,15.166473,16.353445,16.226112,17.014778,17.061623,20.484001,17.813667,23.603085,19.767653,25.807854,25.518951,28.336779,29.486626,27.296604,23.777895,24.615004,23.165129,20.634243,18.347069,15.732676,16.197697,18.588924,17.098269,21.0993,21.307875,24.835806,23.065538,26.811836,27.736069,29.30956,31.935284,32.728436,34.199017,33.64482,28.77731,29.146173,24.772205,27.202618,21.844078,20.447437,19.530212,16.490965,15.268221,15.655259,11.706028,11.506568,8.8369465,10.825699,15.0089655,14.55532,19.658867,23.506542,25.613436,29.340403,31.228989,36.429077,37.025627,38.95909,38.214275,35.603275,35.13966,32.098198,30.582504,27.766336,28.869831,25.194687,27.704227,27.590286,26.908886,26.07973,24.217567,22.292715,24.158636,21.600544,25.57354
12,40.64183,37.29205,34.362144,30.898163,28.044315,25.164028,21.659132,17.837006,13.699357,11.550087,7.5105,4.6880603,0.0,3.960536,6.420165,8.803898,13.180016,14.676272,19.09151,21.121304,24.614286,26.65846,29.825405,27.143906,31.477478,27.537348,29.836433,27.868145,20.879158,21.233816,16.568642,18.738304,12.473134,15.019029,14.575785,14.265362,18.787905,19.24892,19.266777,19.542261,18.766132,21.540108,18.07262,23.384228,18.817366,24.497753,23.619234,26.245554,26.952354,24.376139,20.948013,21.164103,19.909658,16.738955,15.093533,12.300654,14.13955,16.438093,15.839724,20.088251,20.14422,24.629345,23.523903,27.240294,29.168962,30.210857,33.224327,33.809963,35.653286,34.419415,29.396126,29.671404,25.638933,27.333672,22.674398,20.358646,19.797836,17.320662,15.920409,17.07223,12.942705,12.277423,11.520409,12.212606,16.432861,14.594803,20.42829,23.117346,25.393444,28.91651,30.683205,35.846565,36.51733,37.933697,37.784184,35.470737,35.183582,32.4214,31.30817,28.856594,30.391418,27.166382,30.18541,30.45436,30.034447,28.861376,27.619661,24.830904,26.98054,24.073404,27.923954
13,39.30948,35.8463,32.977005,29.730316,26.566017,24.206812,20.261417,17.06812,12.980434,11.347319,7.783636,6.7906566,3.960536,0.0,4.995547,5.942341,10.491096,12.313135,16.109537,18.654205,21.80075,23.851133,27.067049,24.85672,29.495178,25.819157,28.668581,26.926723,19.660696,20.386814,15.748122,18.22222,13.648527,15.644416,16.369347,16.327974,20.873936,21.37479,20.540543,20.02793,20.1429,21.916742,18.579052,23.432896,18.957712,24.250414,22.918894,25.830902,26.393353,23.63129,20.048492,19.943228,17.868484,15.300243,14.513801,12.814856,14.844097,17.723671,18.081997,21.837246,21.244688,26.037636,24.550858,27.862036,29.860313,30.171095,33.149,33.24745,34.76305,33.19423,28.22961,27.864822,23.964397,24.848444,20.206163,17.58405,16.650293,14.399064,12.710767,14.187696,10.167089,9.434014,10.455152,10.635451,14.888492,12.641343,18.89934,21.136797,23.840214,27.173132,29.341578,34.153835,35.320293,36.85742,37.100273,34.813652,34.98999,31.899923,31.39685,28.5998,30.626804,27.02699,30.487286,31.336082,30.370054,28.8299,27.419476,24.089241,25.858309,22.491447,26.00484
14,41.817238,38.11957,35.80256,32.14086,29.02167,27.247902,22.72206,20.593948,15.82412,15.264142,12.231581,10.409126,6.420165,4.995547,0.0,4.928849,7.213655,9.725596,13.4533205,15.957573,19.433617,20.839653,24.517515,22.320541,26.313902,22.215649,25.275164,23.964344,16.880007,18.529825,13.701299,17.791813,13.821232,17.38144,17.433283,18.440641,22.751535,22.406433,21.77397,20.882456,19.961353,21.040882,17.070566,21.185143,16.199234,20.934214,19.179396,21.804876,22.0361,19.069326,15.629756,15.217108,13.674268,10.514525,9.853593,8.349991,11.379816,14.12565,15.577652,19.05569,18.200365,23.678158,22.858849,26.025782,29.003466,28.878403,32.215942,32.250553,34.321545,32.162003,27.126436,27.061241,23.652477,24.242313,20.791046,17.43417,17.638163,16.238804,15.189083,17.505428,13.988806,12.146603,13.626993,12.426363,15.944495,12.494798,18.680206,19.647491,22.148308,25.244047,26.999073,31.860905,32.82636,33.783215,34.454903,32.49852,32.714485,30.08093,29.847559,27.632675,29.936092,27.098576,30.905642,32.05087,31.600624,29.803383,29.387266,25.313078,27.703234,24.417536,27.935806
15,37.526176,33.744564,31.613594,28.01903,24.759188,23.532022,18.638018,17.46486,12.744115,13.241092,11.53052,11.07044,8.803898,5.942341,4.928849,0.0,5.4814315,6.420623,10.522827,12.718651,15.928554,18.16634,21.185894,18.935385,23.626053,20.128033,23.215626,21.687988,14.341244,15.655237,11.150779,14.674481,12.785259,15.252479,16.667204,17.89345,22.046217,21.82885,20.147451,18.44651,18.836943,18.926561,15.587352,19.418957,15.132318,19.706797,17.992313,21.17717,21.750433,19.08268,15.373416,15.557089,12.86371,11.695218,10.821675,10.977847,12.217008,15.734741,17.447,20.091568,18.550499,23.61585,21.866081,24.529646,27.031733,26.312786,29.41294,29.017242,30.593801,28.407215,23.475616,22.851662,19.380713,19.656805,15.959409,12.621009,12.739425,11.507844,10.855296,13.622487,10.793859,8.078063,10.652781,8.606495,11.762775,8.146569,14.54461,15.659779,18.531412,21.630753,23.907286,28.502123,29.913115,31.417126,32.039337,29.886251,30.501123,27.305378,27.527472,24.725285,27.384317,23.979195,28.088247,29.778063,28.694584,26.58863,26.009193,21.52167,23.591785,20.062164,23.346685
16,40.65837,36.698517,35.098953,31.4575,28.15013,27.728321,22.436354,22.327625,17.624493,18.628576,16.969223,16.247192,13.180016,10.491096,7.213655,5.4814315,0.0,4.569742,6.297326,9.52533,12.592485,13.697383,17.581009,16.114128,20.167032,16.454283,20.505888,19.89211,12.953051,15.824293,11.738828,16.86641,16.547073,19.731926,20.898388,22.718649,26.651583,25.904251,24.215149,22.033354,21.913652,20.875639,17.276043,19.619143,15.212119,18.296696,15.603036,18.547087,18.456528,15.37629,11.902127,11.080822,7.737595,7.2825484,8.355362,10.385243,12.464657,15.704667,18.82591,20.78926,18.709204,24.369108,23.190928,25.312199,28.756208,27.13536,30.474688,29.657574,31.51423,28.465242,23.701729,22.832457,20.27422,19.28619,17.34383,13.099963,14.162202,14.3104,14.018501,17.284672,15.178581,12.387144,15.768635,13.048748,15.037102,10.555486,16.127071,15.004477,17.90828,20.30797,22.405012,26.550297,28.199312,29.052746,30.58729,28.912964,29.958258,27.11884,28.119461,25.804247,28.978323,26.223564,30.749979,32.945786,32.05314,29.604088,29.763351,24.561571,26.796167,23.212908,26.04014
17,37.27196,33.227856,32.064404,28.113892,24.998093,25.019505,19.521566,20.442373,15.638586,17.715479,17.163086,16.733305,14.676272,12.313135,9.725596,6.420623,4.569742,0.0,5.8359866,6.4457355,10.108952,12.514449,15.213165,12.686898,17.207441,13.818297,17.189508,16.076433,8.914618,11.468362,7.784344,12.826569,14.317318,17.21468,18.806808,21.138998,24.625912,23.615545,21.400671,18.672583,18.967539,17.047024,13.909027,15.797235,12.062098,15.051461,12.771977,16.180302,16.734377,14.35235,10.713901,11.508284,8.30734,9.7519865,8.653928,11.30724,11.247567,14.862644,17.955828,19.074131,16.52386,21.627558,19.851742,21.560184,24.792858,22.82231,26.073523,25.129234,26.956104,23.921522,19.136038,18.406572,15.856918,15.341787,13.76296,9.65112,11.895425,12.37113,13.168924,16.620798,15.174342,11.5743475,14.371401,10.878752,11.6991415,7.0269604,11.826971,10.569,13.414547,16.02759,18.219164,22.560635,24.145882,25.430918,26.594816,24.723156,25.847319,22.747944,23.89409,21.400217,24.738604,21.992672,26.673136,29.20258,28.242575,25.613495,26.231672,20.680119,23.18147,19.855574,22.711693
18,39.51366,35.428577,34.528286,31.04363,27.725107,28.50926,22.911854,24.480171,20.246737,22.259312,21.614527,21.549232,19.09151,16.109537,13.4533205,10.522827,6.297326,5.8359866,0.0,5.1068616,6.719245,7.789684,11.566709,11.197925,15.448381,12.742289,17.596563,17.665962,11.764803,15.229762,12.740358,17.597063,20.125189,22.616875,24.576807,26.78555,30.308733,29.377165,26.925907,23.88566,24.563671,21.957052,19.151077,19.837202,16.641712,17.937649,14.776759,17.833805,17.603867,14.961435,12.044324,11.343929,6.63989,10.120662,11.7230625,15.235218,16.114252,19.337658,23.067287,23.895828,21.081717,26.300295,24.714607,25.801931,29.275606,26.407387,29.51655,27.893946,29.350355,25.599934,21.378408,19.592476,18.09694,15.366166,15.303585,10.717407,12.64373,14.379592,14.935286,18.510569,17.814636,14.744137,18.854494,15.492171,15.883392,11.570267,15.310624,12.099335,15.235489,16.643335,19.16326,22.272655,24.715317,25.634115,27.901056,26.483404,28.341425,25.28419,27.418955,24.990997,28.79084,26.116287,31.038725,34.051254,32.729755,29.825394,30.39375,24.52318,26.429266,22.806704,24.79397
19,37.50176,33.3326,33.083714,29.176916,26.22569,27.505758,21.834255,24.419363,20.10567,22.98261,23.127863,22.996624,21.121304,18.654205,15.957573,12.718651,9.52533,6.4457355,5.1068616,0.0,4.1878753,7.104217,8.8851795,6.597787,11.231828,8.77775,12.970554,12.819608,7.575962,11.177677,10.050286,14.697768,18.981863,21.467722,23.424032,26.20865,29.152792,27.779932,25.065306,21.600876,22.254993,18.621286,16.370949,15.862969,13.691302,13.9935255,11.135973,14.429986,14.781753,13.066523,10.385894,11.411495,7.879389,12.279542,11.978121,15.909034,15.123172,18.25643,22.073383,21.887733,18.647697,23.202255,21.34972,21.780138,25.327614,21.90746,24.98355,23.193474,24.875212,20.866491,16.74004,15.316937,14.38645,12.069277,13.491931,9.372175,12.959082,14.990895,16.585213,20.159636,19.865116,16.214933,19.34383,15.492527,14.596055,10.617993,12.337676,7.796099,10.475604,11.682134,14.057141,17.368336,19.646246,20.771908,22.858355,21.418135,23.42646,20.364048,22.849354,20.61465,24.613323,22.4409,27.465387,30.822304,29.70711,26.63876,28.057966,21.851328,24.2246,21.141682,23.112923
20,37.43568,33.283993,33.359104,29.834524,26.847363,28.807537,23.193708,26.448288,22.669827,25.69501,26.108803,26.377419,24.614286,21.80075,19.433617,15.928554,12.592485,10.108952,6.719245,4.1878753,0.0,4.77978,5.287871,5.3938746,10.16002,9.480028,14.024045,14.507412,10.859544,14.03977,13.793177,17.581142,22.695436,24.569399,27.00071,29.67047,32.53216,31.296547,28.234224,24.499382,25.766588,21.688765,19.988697,18.909966,17.470892,16.9643,14.105212,17.075205,17.191584,15.749886,13.693395,14.202392,10.406329,15.340241,15.884971,19.925665,19.295752,22.357967,26.234926,25.861185,22.51259,26.756187,24.708422,24.627823,27.89141,23.858168,26.57522,24.207802,25.310274,20.939327,17.525639,15.071396,15.074604,10.981156,13.784803,9.989121,13.283809,16.093544,17.777151,21.260912,21.678291,18.298285,21.98105,18.209446,16.876583,13.467803,14.262372,8.981827,11.626982,11.644341,14.480276,16.38955,19.552055,20.793137,23.462252,22.250704,24.862654,21.646759,24.848001,22.460423,26.70135,24.40679,29.490551,33.233536,31.694136,28.442078,29.75154,23.43349,25.235048,22.082197,23.283041
21,42.113873,37.975086,38.045177,34.59742,31.56493,33.420708,27.787666,30.654108,26.668886,29.314259,29.142054,29.073708,26.65846,23.851133,20.839653,18.16634,13.697383,12.514449,7.789684,7.104217,4.77978,0.0,5.447659,8.063552,10.175861,9.236351,14.8226595,16.430058,13.596843,17.558668,16.985851,21.625946,25.987558,28.50236,30.478577,33.195133,36.239532,34.851788,32.15566,28.611408,29.2217,25.30103,23.120876,21.70712,19.82572,18.559788,15.051032,17.295649,16.53988,14.763001,13.4844885,12.792461,9.26122,14.506046,16.326723,20.656113,20.883085,23.510225,27.891352,27.525614,24.218975,28.907122,27.566816,27.497963,31.408337,27.311872,30.214977,27.889101,29.323465,24.639254,21.464746,19.301975,19.687,15.503581,18.496367,14.540156,17.369993,20.09661,21.295467,24.816324,24.904821,21.74655,25.706945,22.028517,21.211922,17.391752,18.793545,13.373548,15.524726,15.029116,17.092262,18.417007,21.453081,21.661089,25.21874,24.586302,27.256048,24.690052,28.035723,26.236427,30.459244,28.670586,33.742798,37.406353,36.168762,32.946823,34.421104,28.102116,30.00388,26.807005,27.986055
22,39.313084,35.208485,35.959476,32.566227,29.849842,32.46837,27.003435,30.93739,27.401756,30.684528,31.31654,31.590918,29.825405,27.067049,24.517515,21.185894,17.581009,15.213165,11.566709,8.8851795,5.287871,5.447659,0.0,5.434539,7.513911,9.2912655,13.489557,15.004732,13.908457,16.978449,17.848501,21.252192,27.188656,29.00757,31.423462,34.31776,36.872345,35.408237,32.232544,28.282217,29.525213,24.77794,23.557045,21.260717,20.74297,18.731651,15.954077,18.217136,18.090601,17.369297,16.35106,16.84895,13.821637,19.152853,19.87847,24.195803,23.3206,26.005049,30.141466,29.115694,25.57343,29.335508,27.441986,26.590706,29.96422,25.18295,27.60493,24.744637,25.696892,20.767874,18.423697,15.7318325,17.225634,12.38972,17.098146,14.138949,17.480165,20.625746,22.511406,25.864828,26.67126,23.34787,26.932837,23.116682,21.25961,18.278902,17.802246,11.802567,13.308978,11.677567,14.003498,14.03532,17.785528,18.616589,22.172518,21.56423,24.773355,21.949661,25.963142,24.044666,28.439608,26.776436,31.802664,35.918503,34.416992,31.026031,32.86734,26.458754,28.146282,25.382643,25.967216
23,36.726955,32.56148,33.355267,29.40855,26.94325,29.270554,23.804401,27.773392,23.959066,27.548122,28.472456,28.535347,27.143906,24.85672,22.320541,18.935385,16.114128,12.686898,11.197925,6.597787,5.3938746,8.063552,5.434539,0.0,5.9703803,6.690251,9.56852,10.071513,9.010684,11.71619,13.243911,16.383673,22.741638,24.696802,26.862246,30.026234,32.256687,30.551212,27.433912,23.475357,24.467562,19.490908,18.490265,15.916655,15.877344,13.919958,11.743089,14.433888,15.121403,14.898319,13.521595,15.350762,12.956002,17.911686,17.129921,21.23145,19.35882,22.03193,25.86805,24.488483,20.894339,24.220928,22.111992,21.191053,24.561655,19.893742,22.509514,19.945568,21.432503,16.640797,13.643096,11.897493,13.068904,9.935487,14.488161,11.81478,16.063986,18.711737,21.028646,24.3915,24.89648,21.17022,23.809505,19.842577,17.58803,14.790334,13.478017,7.2069407,8.133944,6.9803176,9.321365,11.171884,14.165121,15.550243,18.163631,17.084385,19.960554,16.957378,20.684212,18.809195,23.164095,21.75816,26.772507,30.794613,29.646212,26.315845,28.65256,22.213282,24.549395,22.18221,23.3732
24,41.351784,37.240627,38.50161,34.413555,32.25141,34.688232,29.326448,33.32451,29.304302,32.870564,33.57564,33.217445,31.477478,29.495178,26.313902,23.626053,20.167032,17.207441,15.448381,11.231828,10.16002,10.175861,7.513911,5.9703803,0.0,5.00753,6.857287,9.558898,11.992558,15.002873,17.046259,20.55997,26.702059,29.310108,30.827013,34.33084,36.294956,34.125515,31.398916,27.575703,27.662231,22.40249,21.393814,17.458294,17.971855,13.978035,11.773129,12.993716,13.159246,13.949362,14.136282,15.925676,14.970761,19.97009,19.302893,23.621939,21.708227,23.581633,27.82899,25.674236,22.020199,24.976961,23.727654,22.15043,26.273342,21.210785,23.835875,21.289732,23.422388,18.199263,16.179367,15.478593,17.63384,15.062802,20.236864,17.761286,22.02803,24.630886,26.88205,30.292084,30.586792,26.805952,29.1973,25.196426,22.980965,20.090094,18.513327,12.364006,11.793095,9.434985,9.3452215,9.647816,11.976355,11.593697,15.699165,15.771321,18.898401,17.241083,21.43144,20.866278,25.054792,24.98892,29.745684,33.779984,33.276573,30.011372,33.16042,26.799126,29.490297,27.56645,28.697977
25,42.41756,38.250126,38.935066,34.610138,32.260674,33.953793,28.454733,31.583622,27.067612,30.242638,30.420036,29.64011,27.537348,25.819157,22.215649,20.128033,16.454283,13.818297,12.742289,8.77775,9.480028,9.236351,9.2912655,6.690251,5.00753,0.0,5.8813667,8.333718,8.900518,12.930367,13.8835335,18.58336,23.451403,26.826145,27.782984,31.297237,33.537617,31.289711,29.048761,25.59917,24.903326,20.306623,18.385597,15.063691,14.337183,10.742193,7.6007366,9.077159,8.956482,9.131584,9.142126,11.115656,10.77956,15.397454,14.506321,18.846954,17.239164,18.978863,23.464762,21.61931,18.049437,21.835598,21.114708,20.319864,25.075216,20.812838,24.021412,22.186565,24.920803,20.118484,16.99908,17.016668,17.943785,16.294006,20.061905,16.921732,21.140316,23.247627,25.16724,28.68741,28.311049,24.488848,26.705324,22.753927,21.230955,17.721148,17.403532,11.763571,11.661028,10.895647,10.706809,13.282131,14.504811,13.77457,17.173054,16.93441,19.19127,17.736687,20.97899,20.55431,24.52211,24.424543,29.208416,32.757008,32.64855,29.57326,32.5618,26.280998,29.387533,27.228018,29.0583
26,41.604237,37.53868,38.743473,34.069088,32.290558,34.074142,28.93394,32.446335,28.041277,31.596,32.28513,31.377684,29.836433,28.668581,25.275164,23.215626,20.505888,17.189508,17.596563,12.970554,14.024045,14.8226595,13.489557,9.56852,6.857287,5.8813667,0.0,4.0430884,9.441153,11.826746,14.389589,17.825024,23.35142,26.634218,27.206795,31.076485,32.564438,29.886627,27.749857,24.333288,23.221113,18.040176,17.016912,12.120904,13.340046,8.023703,7.133679,7.5693207,8.968166,11.16652,11.754333,15.034605,15.690493,19.535406,17.180267,20.927038,17.939632,19.107126,23.052406,20.095732,16.501013,18.733723,18.051601,16.277306,21.15169,16.57878,19.691835,18.096699,21.517761,16.865725,14.306058,15.844857,17.305342,17.313824,21.415812,19.26796,23.855623,25.674639,28.030628,31.351578,31.037405,27.033766,28.193174,24.29321,22.13039,19.442327,17.538261,12.614188,10.703933,9.585818,7.2030025,10.467013,9.852421,8.809421,11.548822,11.53433,13.613172,12.985659,16.335196,16.934614,20.6142,21.750572,26.122149,29.683996,30.167276,27.224915,31.161602,25.156279,28.74763,27.429089,29.355532
27,38.507973,34.482605,35.61808,30.766073,29.164932,30.751295,25.800552,29.310682,25.001175,28.713167,29.742779,28.914959,27.868145,26.926723,23.964344,21.687988,19.89211,16.076433,17.665962,12.819608,14.507412,16.430058,15.004732,10.071513,9.558898,8.333718,4.0430884,0.0,7.353909,8.380712,11.699463,14.257088,20.154451,23.154549,23.755856,27.675379,28.901848,26.208641,23.95247,20.514482,19.529375,14.122737,13.561683,8.417476,10.583882,5.905908,6.688812,8.167168,10.601488,12.564967,12.220086,16.117779,16.503054,19.879631,16.640955,19.900368,16.125195,17.519815,20.86766,17.828924,14.229008,15.879345,14.493909,12.648947,17.263525,12.79234,16.088385,14.786096,18.437962,14.261099,11.100078,13.479917,14.387276,15.734401,19.15363,17.520002,22.14245,23.592457,26.126753,29.26084,28.937632,24.893559,25.41676,21.621117,19.200289,17.031033,14.488343,10.539797,7.9944344,7.9409146,5.439023,10.592635,9.4862795,10.089334,10.765113,9.626147,11.200541,9.805283,12.7298,13.046141,16.72167,17.799181,22.142532,25.653233,26.192438,23.314045,27.381706,21.53054,25.36549,24.33725,26.525265
28,36.521492,32.40674,32.50109,27.806824,25.546268,26.391531,21.061272,23.63248,18.919615,22.24545,22.855635,22.105438,20.879158,19.660696,16.880007,14.341244,12.953051,8.914618,11.764803,7.575962,10.859544,13.596843,13.908457,9.010684,11.992558,8.900518,9.441153,7.353909,0.0,4.7409124,5.175913,9.939987,14.76106,18.005966,18.98459,22.52535,24.671968,22.549421,20.19563,16.848825,16.30546,12.075986,9.9210205,8.324972,6.9192286,7.1768184,6.051202,9.743364,11.601083,11.310557,8.815747,12.397549,11.574795,14.394377,11.033474,14.226491,10.990028,13.668408,17.052765,15.700586,12.210248,15.921515,14.0041275,14.28461,18.339888,15.29516,18.807684,17.844833,20.685026,17.188084,12.543624,13.595905,12.338682,13.508683,14.7095585,12.105156,16.360783,17.364813,19.50312,22.734951,21.978226,17.956055,18.869102,15.006246,13.430312,10.296385,10.016204,6.899855,7.056477,9.544141,10.26096,15.497306,15.956365,17.204708,17.82313,16.00647,17.067633,14.407316,15.994718,14.487229,18.139156,17.110435,21.88744,24.972786,24.870432,22.026081,24.69047,18.704313,22.31878,20.32508,23.086517
29,32.89172,28.865673,29.101955,24.142845,22.285442,23.067015,18.105637,21.054367,16.695961,20.498632,21.933886,21.45971,21.233816,20.386814,18.529825,15.655237,15.824293,11.468362,15.229762,11.177677,14.03977,17.558668,16.978449,11.71619,15.002873,12.930367,11.826746,8.380712,4.7409124,0.0,4.860956,6.010254,12.587344,14.918589,16.186087,19.854465,21.38,19.218132,16.422773,12.78362,12.882522,7.864054,7.1816955,5.85292,6.7227726,8.396833,9.439748,12.678082,15.182386,15.458816,13.065889,16.844458,16.010258,18.289963,14.280644,16.467125,12.205772,14.844205,16.980627,15.356581,12.170293,14.288172,11.079554,11.176034,14.161638,11.388038,14.76006,14.145222,16.957447,14.337311,9.35231,11.447104,9.435353,12.844215,13.262294,12.087663,16.222528,16.725576,19.27673,22.074778,21.571354,17.575615,17.29444,13.664413,11.201565,9.666406,7.1789393,6.7628856,5.74436,9.292827,9.999628,15.62324,15.588045,17.87355,17.029737,14.487387,15.0381365,11.662795,12.46957,10.202209,13.744069,12.388416,17.153135,20.314566,20.179836,17.358072,20.37224,14.5456085,18.563988,17.226116,20.23058
30,34.63073,30.630621,30.047039,25.292353,22.970215,22.895275,17.75855,19.32675,14.331486,17.441027,18.07457,17.26783,16.568642,15.748122,13.701299,11.150779,11.738828,7.784344,12.740358,10.050286,13.793177,16.985851,17.848501,13.243911,17.046259,13.8835335,14.389589,11.699463,5.175913,4.860956,0.0,6.4701366,9.708257,13.122838,14.048355,17.437384,19.854584,18.011307,15.737892,12.757833,12.267369,9.436031,6.481648,8.455959,5.582877,9.855873,9.759298,13.213924,15.161963,14.335984,11.154856,14.37285,13.3503895,14.587007,10.437278,12.173077,8.488672,11.835075,14.067222,13.790208,10.965152,14.760294,12.269545,13.92214,17.07974,15.5695095,18.996159,18.76761,21.3531,18.982084,13.920651,15.1588955,12.313699,14.862213,13.64807,11.437899,14.862911,14.778441,16.673748,19.58061,18.310051,14.362684,14.292368,10.68458,9.794832,6.872709,8.168646,8.663306,9.545014,13.077849,14.230848,19.692793,19.975538,21.708622,21.396702,19.082594,19.387257,16.401352,16.587915,14.383562,17.336187,15.344168,19.844988,22.271095,22.111637,19.607363,21.538675,16.070066,19.816652,17.739496,21.200212
31,29.004124,25.142857,24.699175,19.647655,17.860878,17.756432,13.19148,15.594706,11.508777,15.538295,17.753452,17.749628,18.738304,18.22222,17.791813,14.674481,16.86641,12.826569,17.597063,14.697768,17.581142,21.625946,21.252192,16.383673,20.55997,18.58336,17.825024,14.257088,9.939987,6.010254,6.4701366,0.0,8.647407,9.222443,11.433429,14.722341,16.135798,14.573384,11.065627,7.1585345,9.197033,5.7633657,6.335982,9.138789,9.445461,13.52544,14.842073,18.037409,20.51732,20.347353,17.443487,20.82121,19.521917,20.833748,16.668549,17.567522,13.363512,16.28493,16.822453,16.283623,14.084273,15.442888,11.224859,12.522821,13.203206,12.415624,15.041294,15.150358,17.028831,16.117874,11.257435,13.012118,9.156016,14.132165,11.748457,11.876323,14.782103,14.096791,16.604908,18.703691,18.152105,14.495129,12.69419,9.7319,7.0330997,7.7997837,5.244863,9.7336235,9.787085,13.640754,15.0363,20.270893,20.365644,23.279663,21.59758,18.600561,18.549976,14.734142,14.035857,10.47955,12.884881,9.471952,13.892103,16.472317,15.741196,13.209815,15.194498,9.899639,14.107897,12.955405,16.71877
32,33.769897,30.307837,28.604895,23.912094,22.060877,19.792776,16.245262,14.8576355,10.049916,11.725921,12.437677,11.072949,12.473134,13.648527,13.821232,12.785259,16.547073,14.317318,20.125189,18.981863,22.695436,25.987558,27.188656,22.741638,26.702059,23.451403,23.35142,20.154451,14.76106,12.587344,9.708257,8.647407,0.0,6.038667,4.640695,7.9514365,10.722733,9.384397,8.358184,8.103572,6.498407,9.609697,7.2848783,13.362531,10.832908,16.95883,18.058601,20.743805,22.809097,21.883583,18.74091,21.448172,20.896452,19.917288,15.372385,13.912054,10.500303,12.877648,11.324761,13.098018,12.716552,14.846776,12.203687,15.835613,16.812986,18.578583,21.356356,22.620789,24.8949,24.525383,19.724098,21.596094,17.544283,21.79265,17.960451,17.212793,18.672073,16.609518,17.640244,19.157442,16.837074,14.0714655,10.449377,9.44167,10.620774,10.642913,12.814939,16.972862,17.667896,21.534924,22.520555,28.134712,27.782751,29.859903,28.224463,25.496061,24.533474,21.798973,19.708582,17.375841,18.207771,15.546477,18.228275,18.541708,18.915741,17.76577,18.334766,15.394011,19.095448,17.75443,22.133404
33,28.42723,25.204739,23.103928,18.598066,16.96195,14.083321,11.430062,9.716633,6.2426047,8.708561,11.591393,11.967391,15.019029,15.644416,17.38144,15.252479,19.731926,17.21468,22.616875,21.467722,24.569399,28.50236,29.00757,24.696802,29.310108,26.826145,26.634218,23.154549,18.005966,14.918589,13.122838,9.222443,6.038667,0.0,5.1924853,6.3169255,8.439314,8.886539,5.6016273,5.337072,8.45869,11.20162,11.233027,16.65416,15.529955,21.161486,22.400667,25.40033,27.641466,26.834368,23.55924,26.226723,24.866714,24.481413,20.473555,19.397018,16.279057,18.873878,17.198517,18.67615,18.169872,19.2022,15.4977455,18.386702,17.365715,19.307674,21.170162,22.27439,23.40878,24.009,19.665802,20.963371,16.458618,21.175867,16.213362,16.900068,17.437967,14.841529,16.072235,16.655718,15.156264,13.032732,8.034837,8.425848,8.856483,11.404366,12.286817,17.972136,18.81882,22.667322,24.25225,29.39335,29.449553,32.354153,30.277592,27.184952,26.437546,22.969889,20.88464,17.492504,17.962677,13.771094,15.832654,16.011044,15.045735,14.177366,13.159634,11.414578,14.357161,13.416076,17.859373
34,32.921112,29.83027,27.867235,23.273947,21.964191,18.901842,16.61242,14.325807,10.738756,11.732513,13.050385,11.919686,14.575785,16.369347,17.433283,16.667204,20.898388,18.806808,24.576807,23.424032,27.00071,30.478577,31.423462,26.862246,30.827013,27.782984,27.206795,23.755856,18.98459,16.186087,14.048355,11.433429,4.640695,5.1924853,0.0,4.172852,6.1088843,5.1846156,5.222902,7.4439344,6.024532,11.217375,10.387097,16.263083,14.667769,20.587793,22.185263,24.66039,26.894785,26.203348,23.202066,25.975414,25.525454,24.348461,19.789814,17.8513,14.534286,16.247744,13.445299,15.23926,15.655857,16.304968,13.531752,17.251402,16.818834,19.84496,22.055618,23.884779,25.898972,26.459873,22.034527,24.197186,20.00701,24.90865,20.615261,20.661346,21.659704,19.179342,20.103678,20.901543,18.660507,16.58611,11.749296,12.084379,13.129793,14.410936,15.738595,20.670937,21.073067,24.9334,25.800808,31.353205,30.724154,33.061848,30.79063,27.898647,26.497316,23.865265,20.994583,18.690243,18.493826,15.786835,17.216738,16.377523,17.058878,16.758705,16.81176,15.548223,19.03474,18.469624,22.909752
35,32.775135,29.989758,27.386354,23.29264,22.002535,18.103289,16.738037,12.935927,10.4438095,9.991749,11.321217,10.600913,14.265362,16.327974,18.440641,17.89345,22.718649,21.138998,26.78555,26.20865,29.67047,33.195133,34.31776,30.026234,34.33084,31.297237,31.076485,27.675379,22.52535,19.854465,17.437384,14.722341,7.9514365,6.3169255,4.172852,0.0,4.5896873,6.3912964,7.0180283,10.023564,9.989646,15.142077,14.460391,20.373228,18.584385,24.611164,25.975948,28.544777,30.641592,29.678596,26.523436,28.925062,28.181244,26.653399,22.537064,20.212593,17.709288,19.439344,16.329857,18.8046,19.508173,20.2583,17.627882,21.306793,20.340199,23.561937,25.46338,27.254755,28.790068,29.679089,25.360186,27.094868,22.673624,27.351519,22.313759,22.590565,22.769325,19.814346,20.227419,20.348665,17.928488,16.733213,11.341248,13.014757,14.768146,16.505133,18.375023,23.680925,24.442043,28.329954,29.513226,34.93735,34.55244,37.0439,34.788948,31.825897,30.48852,27.682703,24.815699,22.231932,21.857594,18.63223,19.556387,18.185608,18.35433,18.519398,17.253056,17.134747,19.803312,19.186459,23.544031
