,0,1,2,3,4,5,6,7,8,9,10,11,12,13,14,15,16,17,18,19,20,21,22,23,24,25,26,27,28,29,30,31,32,33,34,35,36,37,38,39,40,41,42,43,44,45,46,47,48,49,50,51,52,53,54,55,56,57,58,59,60,61,62,63,64,65,66,67,68,69,70,71,72,73,74,75,76,77,78,79,80,81,82,83,84,85,86,87,88,89,90,91,92,93,94,95,96,97,98,99,100,101,102,103,104,105,106,107,108,109,110
0,0.0,4.3182735,6.2426305,9.811115,12.111969,14.461118,17.4564,21.386312,24.376816,27.114712,31.078827,31.198708,28.04418,27.138412,22.209167,22.65901,17.419598,18.408646,14.977569,15.60521,15.428144,11.289145,15.491153,16.49797,15.265122,16.416933,18.213655,21.236357,19.510246,24.069471,23.215645,29.096827,32.006607,35.063534,36.51121,39.16221,42.345737,40.70647,38.278114,35.10452,34.4977,30.99139,28.11544,26.812525,24.070103,22.388105,18.324518,19.700901,18.422205,17.110867,17.212667,16.085238,14.214924,19.044489,21.847391,25.997963,27.259418,30.359434,34.432713,34.903976,31.908764,36.916325,34.770256,35.302414,38.304066,34.831806,36.846416,34.387688,36.454166,31.537546,28.039158,27.682495,28.442059,25.274746,28.692835,24.810484,28.20427,30.89831,32.00614,35.64689,34.782833,31.253927,33.716007,29.96652,29.304394,25.086285,26.448767,21.194263,22.51292,21.767744,23.003784,23.651459,24.981266,26.086351,28.653782,28.865349,29.44914,32.431393,34.069607,35.346676,38.06078,37.629524,41.610157,43.30305,42.878536,40.83895,40.800304,35.818043,38.009106,33.85294,35.810226
1,4.3182735,0.0,5.3185883,6.4511647,9.041294,12.102231,14.587932,19.140217,21.447062,24.654852,28.108454,28.622808,25.817743,24.481844,19.752958,19.44351,14.200141,14.626754,10.913293,11.357547,11.169095,7.287098,11.823881,12.624064,12.521744,13.912199,15.698006,18.179485,16.003868,20.387764,19.709387,25.281479,28.713585,31.374382,33.14182,35.792927,38.858753,37.324272,34.620293,31.297289,31.156796,27.46351,24.863874,23.692698,21.219053,19.813639,15.876853,17.917183,17.321796,16.373634,15.9527855,15.833682,13.591683,18.512037,20.40755,24.541143,25.190285,28.57731,32.32372,32.7204,29.69032,34.44808,31.889828,32.44004,34.98159,31.565344,33.40921,30.846766,32.671238,27.835983,24.21066,23.577698,24.254246,20.98394,24.410814,20.598537,24.114017,26.88711,28.18819,31.826576,31.202703,27.574993,30.092451,26.249569,25.315538,21.229557,22.329397,17.0272,18.59884,18.051115,19.725431,20.674387,22.287298,23.544128,25.915861,25.760197,26.2158,28.942549,30.654636,31.487946,34.432915,33.651093,37.694614,39.42231,38.82001,36.746677,36.56431,31.60425,33.716248,29.551065,31.547283
2,6.2426305,5.3185883,0.0,5.2140994,6.787381,8.42556,11.67365,15.161654,18.382225,20.94767,25.05151,25.054403,21.904081,21.193277,16.19327,17.029362,12.1379595,13.511141,11.700047,12.532139,13.992566,11.313288,16.032928,15.46312,16.194479,16.497393,16.930485,19.082678,15.513354,20.163263,18.358583,24.598957,26.458109,29.77106,30.991144,33.472134,36.86639,35.338867,33.17248,30.306103,29.449781,26.659748,23.341059,23.095774,19.58658,19.333838,15.431421,17.616684,16.873081,14.864287,13.665492,12.622732,9.386958,14.087144,16.741394,20.533224,22.079914,25.227182,29.06636,30.07076,27.340626,32.705772,30.706886,31.881903,34.957718,32.16501,34.4275,32.395737,34.597157,30.141718,26.014153,25.746151,25.510164,23.041126,25.163877,20.983536,24.124104,26.366713,27.17384,30.788578,29.471762,26.015795,28.246504,24.67161,24.598066,20.132607,22.542961,17.96553,19.926767,20.333075,21.737394,23.866827,24.527477,25.222658,27.216875,26.550303,26.41034,29.578224,30.107277,31.651522,33.68738,33.389233,36.990013,38.428123,38.29254,36.52245,36.795208,32.029026,34.789246,30.936598,33.531326
3,9.811115,6.4511647,5.2140994,0.0,3.8266873,6.1290574,8.899807,13.102657,15.228171,18.633568,21.796587,22.253363,19.595392,18.095215,13.467438,13.0205765,7.882663,8.696067,6.6026974,7.8679905,9.811043,8.4445,13.141154,12.2748375,14.848515,15.469948,15.819462,16.959164,12.31295,16.569044,14.780823,20.522415,23.023132,25.6138,27.439491,29.806892,33.119972,31.857656,29.238598,26.160662,26.157784,23.223486,20.31205,20.547117,17.401955,17.866425,14.3671255,17.46092,17.670218,16.250849,14.390736,14.766882,11.26645,15.552402,16.757748,20.27069,20.95281,24.482355,27.721064,28.73042,26.031017,31.010954,28.409712,29.67372,31.987019,29.357973,31.320744,29.14317,30.878767,26.629837,22.342093,21.492346,20.976562,18.245745,20.06142,15.832117,18.97517,21.35918,22.349901,25.988832,25.022509,21.454554,23.99756,20.28037,19.925438,15.542142,17.927176,13.473588,16.167416,17.084932,19.203152,21.68837,22.793446,23.701273,25.356617,24.111588,23.708086,26.414738,26.935612,27.694307,30.042353,29.064985,32.700783,34.12189,33.65422,31.905762,31.81258,27.225008,29.857433,26.010927,28.719334
4,12.111969,9.041294,6.787381,3.8266873,0.0,5.3251715,5.5490727,10.827219,12.569229,15.771794,19.306862,20.229399,17.879932,16.747557,12.162357,11.750958,7.7543607,7.4684134,8.145532,7.6746435,10.883975,10.727032,14.467783,12.082085,14.937312,14.593851,13.8798065,14.622086,9.362315,13.807823,11.652989,17.859783,19.94499,23.109913,24.444538,27.052715,30.276327,28.755436,26.425247,23.51878,22.877533,20.134546,16.902185,17.299784,13.769185,14.718308,11.428259,14.725699,15.211647,13.63634,11.24613,12.13486,8.747275,12.635884,13.1459,16.711802,17.14582,20.70148,23.969929,24.913605,22.228468,27.311382,24.898947,26.359497,28.99813,26.654545,28.896957,27.114899,29.260344,25.296581,20.770302,20.606878,19.597815,18.066883,19.294342,15.221977,18.589834,20.484465,21.53648,25.115702,23.820652,20.131298,21.87418,18.196949,17.985912,13.566033,16.096,12.123563,14.479354,15.959671,17.610813,20.981411,21.240252,21.724474,23.068018,21.532223,20.82661,23.832577,23.816923,25.18767,27.063904,26.679392,30.20989,31.65716,31.604778,29.839441,30.42993,25.600204,28.709381,25.123545,28.103502
5,14.461118,12.102231,8.42556,6.1290574,5.3251715,0.0,5.9858766,7.354451,10.676699,13.451938,17.045506,16.75942,13.731838,12.782422,7.8170967,9.003879,5.179917,7.8704534,9.523143,11.176389,14.38673,14.2318325,18.587046,16.771212,20.067543,19.912756,19.048697,19.408718,13.132577,16.949265,13.5761385,19.560463,19.742138,22.809958,24.138783,26.060238,29.834677,28.810667,26.786217,24.379667,23.845581,22.34769,18.754993,20.656647,16.468033,18.898361,16.01348,19.300243,19.687347,17.503002,14.627641,14.527626,10.071084,12.805419,14.066461,16.468035,18.06841,21.319185,24.188389,26.162607,24.034813,29.51168,27.443188,29.559656,32.102417,30.427809,32.688313,31.141153,33.037678,29.454195,24.76603,24.113293,22.420752,20.70328,20.517443,16.097725,18.281084,19.774944,19.970816,23.455702,21.599361,18.395298,20.687916,17.484875,18.470812,13.820549,18.159592,15.325335,18.510006,20.556068,22.481266,26.03584,26.344482,26.725327,27.792881,25.804398,24.580475,27.47985,26.417433,27.671673,28.845587,28.164232,31.063593,31.998363,32.00195,30.767653,31.054539,27.045696,30.35772,27.077415,30.459742
6,17.4564,14.587932,11.67365,8.899807,5.5490727,5.9858766,0.0,6.6199274,7.3441515,10.406765,14.08493,15.42478,13.642235,12.865569,8.90788,8.541374,7.4211473,6.466714,10.843376,10.001495,14.132268,15.394387,18.3775,14.934904,18.667479,17.575567,15.590004,15.054505,8.22826,11.725568,8.013218,14.432641,14.8121805,18.529362,19.351276,21.889181,25.26196,23.759666,21.854103,19.447073,18.259668,16.639082,12.856962,14.923335,10.583269,13.836507,11.7530985,15.313048,16.425194,14.656713,11.2826185,12.7064,9.380419,11.14431,10.085188,12.604919,12.835719,16.408686,19.12025,20.620438,18.367954,23.625809,21.46243,23.678675,26.338655,24.956173,27.420204,26.309172,28.60101,25.441843,20.61382,20.816654,18.636303,18.57353,17.979025,14.14198,16.96188,17.89729,18.6264,21.980337,20.082882,16.502647,17.358118,14.010189,14.658384,10.246316,14.0970335,12.042702,14.569544,17.25453,18.653967,23.139978,22.572573,22.5201,23.081694,20.668987,19.080526,22.14021,20.61418,22.446632,23.273195,23.290758,26.26048,27.424686,27.873251,26.421951,27.656857,23.118546,26.910898,23.947153,27.497738
7,21.386312,19.140217,15.161654,13.102657,10.827219,7.354451,6.6199274,0.0,5.307477,6.405887,10.726902,10.156893,7.440982,7.8467717,4.090461,7.1248055,8.572216,10.138231,14.812133,15.570207,19.537123,20.608713,24.179565,21.22962,25.136171,24.160206,22.0793,21.380913,14.352242,16.857714,12.27391,17.5727,14.705362,18.472605,18.83515,20.325796,24.414028,23.543905,22.407675,20.994957,19.614607,20.008278,15.959561,19.726627,14.96012,19.491037,17.856113,21.10357,21.96751,19.57655,15.966719,16.174753,12.245886,12.083656,11.8510475,12.101029,14.1130705,16.83228,18.774488,21.767786,20.484556,26.076857,24.638351,27.655615,30.27458,29.831194,32.33985,31.645872,33.739323,31.11146,26.228764,26.07683,23.208036,23.175922,20.977186,17.112232,18.332123,18.395609,17.888756,20.850079,17.932129,15.266705,16.244963,14.013467,16.501127,12.391349,18.055191,17.417944,20.465914,23.525139,25.04503,29.665058,29.026247,28.799467,29.061434,26.267513,24.149488,27.055624,24.161541,26.042824,25.682693,25.623587,27.54171,27.951538,28.713276,28.035433,29.16485,25.765053,29.84001,27.439602,31.404638
8,24.376816,21.447062,18.382225,15.228171,12.569229,10.676699,7.3441515,5.307477,0.0,4.583682,6.7697444,8.584112,8.279988,7.5147386,6.5790176,5.9056554,9.708188,9.149812,15.05424,14.909137,19.044716,21.28409,23.87935,20.326939,24.968618,23.827082,21.394545,19.688946,12.476406,13.55695,8.819922,12.879433,9.68711,13.196557,13.8329525,15.507474,19.435652,18.624083,17.167486,15.757216,14.84106,15.590508,11.969402,16.667786,12.563223,17.95813,17.279177,20.785141,22.37612,20.675932,17.003567,18.463825,15.315764,15.029482,12.830763,12.660891,12.699343,15.649439,16.562449,19.267927,18.124842,22.967804,21.023207,24.199762,26.11155,26.155052,28.459032,28.000025,29.862041,27.838028,22.999859,22.887743,19.42643,20.392794,17.222515,14.026449,15.068905,14.481196,14.266661,17.038013,14.231221,11.269866,11.292129,9.011671,11.7204485,8.2203,14.055593,14.8891325,17.863737,21.483961,23.052734,28.07329,27.298433,26.99052,26.724794,23.378841,20.850965,23.279184,19.872128,21.342077,20.764366,20.483803,22.245985,22.656807,23.469912,22.815845,24.26421,20.94779,25.265406,23.293577,27.442198
9,27.114712,24.654852,20.94767,18.633568,15.771794,13.451938,10.406765,6.405887,4.583682,0.0,5.9502544,6.919472,7.0328646,8.442175,8.521548,9.808947,13.5808735,13.599313,19.354744,19.168606,23.371338,25.333645,28.064695,24.305626,28.543724,27.00461,24.136978,22.52043,15.756901,16.687716,11.976669,15.615502,9.962328,14.438732,13.560634,14.855703,18.95492,18.060518,17.825695,17.43155,15.173367,17.353672,13.394174,18.510778,14.03828,19.845497,19.502934,22.538042,23.918621,21.841812,18.08686,19.033077,16.210129,14.495931,12.239836,10.428374,11.467734,13.492777,13.955804,17.605,17.18677,22.319016,21.33592,24.98965,27.431095,28.094894,30.684126,30.75962,32.962627,31.265469,26.47741,26.855848,23.232325,24.775602,21.325985,18.4381,19.128998,17.994411,17.300072,19.522745,16.059456,13.948858,12.798675,11.784521,15.104702,12.350208,17.880314,19.074635,21.588352,25.222036,26.322224,31.59702,30.236294,29.551527,29.079914,25.698347,22.927532,25.598883,21.252274,23.611736,21.873901,22.530863,23.54933,23.588387,25.130394,24.844572,26.95273,23.99853,28.590168,27.052597,31.280146
10,31.078827,28.108454,25.05151,21.796587,19.306862,17.045506,14.08493,10.726902,6.7697444,5.9502544,0.0,4.988898,8.179266,7.947265,10.798554,10.131977,15.347134,14.8393,20.722935,20.71019,24.657225,27.407879,29.60916,25.973957,30.9857,29.750048,27.041277,24.686663,17.885128,17.454447,13.198255,14.317954,7.751973,10.061309,10.063193,10.136997,14.598193,14.756139,14.151567,14.287492,13.700622,16.805393,14.080307,19.953098,16.630375,22.700668,22.89961,26.219408,28.079515,26.515331,22.818129,24.360353,21.532629,20.281044,17.536787,15.701324,15.359469,17.248167,16.213047,19.665482,19.662329,23.57159,21.997612,25.747314,26.894754,28.198969,30.270088,30.431524,31.917173,30.941114,26.36766,26.16083,21.98924,23.850214,19.014431,16.96829,16.422565,14.305312,13.129251,14.607841,10.909236,9.585435,7.6222696,8.130462,12.366814,11.152632,16.723438,19.454742,22.279768,26.266108,27.78583,33.046417,32.057842,31.541359,30.668726,26.803333,23.738039,25.502668,20.736246,21.826153,19.821232,19.40603,19.618896,19.106915,20.436146,20.733948,22.51457,20.689884,25.226744,24.38574,28.775106
11,31.198708,28.622808,25.054403,22.253363,20.229399,16.75942,15.42478,10.156893,8.584112,6.919472,4.988898,0.0,4.302872,5.4076567,9.315551,10.503631,15.44195,16.394836,21.729033,22.68355,26.533651,28.686401,31.618864,28.518486,33.377163,32.391357,29.954945,28.112389,20.975615,21.379515,16.826115,18.894255,12.684323,14.69836,14.791878,14.132415,18.719934,19.260876,18.953243,19.163801,18.595167,21.568996,18.491737,24.109211,20.217016,26.0898,25.69228,29.008469,30.46612,28.420225,24.668312,25.393925,22.007053,20.623707,19.053267,16.981318,18.128202,19.749546,19.12976,23.168953,23.26913,27.72911,26.526228,30.306261,31.770199,32.87674,35.014267,34.9818,36.426914,35.116447,30.435295,29.886877,25.930681,26.875729,22.207626,19.58384,18.570007,16.744776,14.795582,16.220783,12.109599,11.643967,11.487758,12.0254965,16.344225,14.423613,20.5918,22.577139,25.835203,29.634157,31.355606,36.399387,35.66588,35.264553,34.69689,31.040539,28.13511,30.126183,25.573915,26.676056,24.80927,24.196081,24.285965,23.50875,24.611387,25.174812,26.293182,24.923885,29.194252,28.14779,32.51867
12,28.04418,25.817743,21.904081,19.595392,17.879932,13.731838,13.642235,7.440982,8.279988,7.0328646,8.179266,4.302872,0.0,3.9742417,6.269266,9.304068,13.18202,15.152663,19.924107,21.391598,25.172918,26.679283,30.18245,27.456799,31.95449,31.13694,28.982538,27.722277,20.467901,21.815485,17.09795,20.490303,15.293588,17.888426,18.171698,18.078598,22.62842,22.808416,22.258907,21.910826,21.118195,23.261778,19.711435,24.75247,20.358696,25.76147,24.724092,28.008492,29.08418,26.713182,23.021046,23.146095,19.340855,18.238937,17.721663,16.169546,18.286545,20.132465,20.509602,24.505436,24.207273,29.30078,28.145292,31.725845,33.683846,34.20518,36.48897,36.138016,37.75351,35.85707,31.046606,30.420612,26.879137,27.059061,23.20433,19.89036,19.335363,18.283,16.487154,18.511724,14.710208,13.676404,14.645017,14.170305,18.056765,15.126479,21.513945,22.410517,25.84662,29.339407,31.126024,35.911915,35.36829,35.093704,34.929596,31.621977,29.01783,31.387236,27.422182,28.750088,27.43963,26.874676,27.563797,27.097921,27.969223,28.204353,29.019835,27.138071,31.257814,29.64729,33.905872
13,27.138412,24.481844,21.193277,18.095215,16.747557,12.782422,12.865569,7.8467717,7.5147386,8.442175,7.947265,5.4076567,3.9742417,0.0,5.0710216,6.3115563,10.803158,12.66713,17.259855,19.035902,22.582575,24.413626,27.7295,25.30202,30.208796,29.762287,27.960024,26.508902,19.115149,20.236969,15.768476,18.699623,14.749869,16.283297,17.681091,17.594524,22.0634,22.496218,21.131285,20.282597,20.62761,22.154137,19.076082,23.997875,20.066303,25.2681,24.164314,27.755312,29.057367,27.030357,23.398243,23.979153,20.01525,19.798422,19.02335,18.210426,19.49605,21.872332,22.233885,25.746807,25.119751,29.87352,28.055897,31.383833,32.749287,33.028923,35.000122,34.32269,35.513523,33.58083,28.845526,27.693674,24.191278,23.898966,19.87279,16.537348,15.61727,14.731097,12.892875,15.183637,11.739629,10.415247,12.588859,11.71026,15.400574,12.489525,18.959873,19.939997,23.745346,27.237799,29.429829,33.97446,33.928833,33.939323,33.818836,30.453686,27.955387,29.954477,26.495188,26.982414,26.344133,24.932308,25.895794,25.535158,25.814476,25.968287,26.12316,24.394644,28.217283,26.485043,30.691326
14,22.209167,19.752958,16.19327,13.467438,12.162357,7.8170967,8.90788,4.090461,6.5790176,8.521548,10.798554,9.315551,6.269266,5.0710216,0.0,4.9224463,7.0576234,9.750943,13.901372,15.743655,19.348795,20.523823,24.284134,21.98733,26.371744,25.9561,24.37255,23.54665,16.262945,18.471333,14.036516,18.551823,15.998951,18.54376,19.789425,20.665373,24.936018,24.669275,23.100697,21.600893,21.371754,21.782444,18.2358,22.229076,17.906075,22.375525,20.63811,24.151155,25.113285,22.906412,19.41028,19.651346,15.41782,15.874776,15.880747,16.09491,17.81979,20.577614,22.045126,25.134644,23.934593,29.202063,27.368458,30.346533,32.32202,31.880688,34.056725,33.086246,34.63767,32.044,27.215153,26.297998,23.376846,22.576868,19.921785,15.919308,16.29982,16.444592,15.47034,18.433998,15.618525,13.267834,15.504531,13.419176,16.142855,12.1298685,18.263926,17.822361,21.518028,24.600687,26.679482,30.986391,30.982674,31.073874,31.376822,28.467585,26.367489,28.834206,26.139698,27.10227,27.086208,26.084433,27.866533,28.050478,28.29949,27.864616,28.16338,25.399261,29.14792,26.749039,30.732859
15,22.65901,19.44351,17.029362,13.0205765,11.750958,9.003879,8.541374,7.1248055,5.9056554,9.808947,10.131977,10.503631,9.304068,6.3115563,4.9224463,0.0,5.5304976,6.426713,11.278241,12.79112,16.32259,18.460175,21.487007,19.09608,24.184889,24.002207,22.592157,21.183117,13.840744,15.295963,11.303181,14.874824,13.931818,15.356159,17.64499,18.71491,22.655022,22.513014,20.114885,18.064402,19.02832,18.78142,15.977213,19.907953,16.43533,20.812353,19.414188,23.253864,24.723288,23.179996,19.788202,21.013254,17.15844,18.258488,17.19978,17.888689,18.155882,21.344887,22.435228,24.88864,23.449133,28.027872,25.443983,28.14604,29.328781,28.779541,30.58244,29.38564,30.493734,28.059677,23.326365,21.972813,18.911678,18.056599,15.02542,11.097882,11.477817,11.816491,11.378898,14.6847,12.60116,9.493454,12.367073,9.597081,11.725586,7.7353096,13.888206,13.935161,17.96196,21.24404,23.704422,27.945847,28.319067,28.63598,28.776539,25.65511,23.565565,25.49542,23.237171,23.276196,23.917866,22.12469,24.229918,24.62236,24.364407,23.731663,23.628643,20.79637,24.349375,21.895672,25.881187
16,17.419598,14.200141,12.1379595,7.882663,7.7543607,5.179917,7.4211473,8.572216,9.708188,13.5808735,15.347134,15.44195,13.18202,10.803158,7.0576234,5.5304976,0.0,4.611145,6.8755093,9.499652,12.595607,13.70998,17.52799,15.966413,20.494303,20.828415,20.211702,19.72497,12.943704,15.7490425,12.532561,17.290144,18.173067,19.939713,22.251364,23.822199,27.537016,27.008062,24.364967,21.733072,22.54124,20.993937,18.121624,20.5759,17.125813,20.044836,17.691605,21.447626,22.466002,20.909437,17.968946,18.801338,14.692381,17.171627,17.231297,19.177313,19.792696,23.256956,25.326914,27.267065,25.250074,30.108343,27.39548,29.515955,31.0652,29.572739,31.375364,29.621643,30.825392,27.542751,22.902763,21.390553,19.384462,17.17348,16.229195,11.7152,13.353378,15.055093,15.2843895,18.845253,17.49614,14.231727,17.417208,14.105929,14.902857,10.443226,15.101238,12.940828,16.969587,19.409563,22.039186,25.54053,26.460405,27.130793,27.917908,25.487715,24.080608,26.281088,25.29468,25.393686,26.974857,25.241928,28.09336,28.923138,28.372562,27.26005,26.816448,23.298956,26.31727,23.096785,26.569569
17,18.408646,14.626754,13.511141,8.696067,7.4684134,7.8704534,6.466714,10.138231,9.149812,13.599313,14.8393,16.394836,15.152663,12.66713,9.750943,6.426713,4.611145,0.0,6.1187677,6.386653,10.160407,12.618738,15.233862,12.690543,17.830158,17.892855,16.999382,15.867931,9.043565,11.360024,8.7188015,13.186104,15.674746,17.253578,19.761526,21.866472,25.089128,24.258324,21.234426,18.170927,19.249857,16.931067,14.537245,16.589401,13.849024,16.604946,14.736236,18.68814,20.238243,19.319912,16.461145,18.347387,15.031677,17.518675,16.34859,18.594826,17.947018,21.657204,23.55096,24.808807,22.559175,26.859468,23.693281,25.534592,26.749979,25.126099,26.815777,25.03304,26.251873,23.064558,18.373993,17.069128,14.941892,13.400445,12.682628,8.355396,11.23083,13.031023,14.19637,17.792152,16.935093,13.122497,15.548944,11.730988,11.428366,6.9929233,10.687897,8.476874,12.530811,15.304783,17.962858,21.791704,22.573242,23.231123,23.794842,21.1859,19.777693,21.769276,21.144888,21.014723,23.033148,21.291359,24.564901,25.76037,25.169762,23.674902,23.581758,19.418352,22.521576,19.218082,22.68815
18,14.977569,10.913293,11.700047,6.6026974,8.145532,9.523143,10.843376,14.812133,15.05424,19.354744,20.722935,21.729033,19.924107,17.259855,13.901372,11.278241,6.8755093,6.1187677,0.0,4.85211,6.1378407,7.5088205,10.98901,10.656808,15.277624,16.641869,17.32027,17.189735,12.166185,15.003782,13.81859,17.862577,21.639078,22.675474,25.608103,27.668716,30.730017,29.969324,26.58235,23.146685,24.7696,21.557419,19.674717,20.349522,18.266094,19.263529,16.609905,20.243536,21.333813,20.723019,18.675365,20.149958,16.86863,20.56556,20.444084,23.431679,23.052286,26.820684,29.185123,30.079483,27.489676,31.663177,28.254757,29.421326,30.433767,27.929642,29.23613,26.69884,27.466318,23.513453,19.362154,17.219387,16.60239,12.756413,14.44376,10.274459,13.293826,16.248795,17.641096,21.235022,21.178589,17.596287,20.900057,17.087048,16.004688,12.243813,13.989646,9.892863,13.701144,15.000478,18.203789,20.496836,22.553087,23.891163,25.158258,23.381199,22.829758,24.559721,25.425037,24.650312,27.71451,25.43821,29.15721,30.565777,29.355566,27.621916,26.580688,22.431023,24.475815,20.526093,23.161669
19,15.60521,11.357547,12.532139,7.8679905,7.6746435,11.176389,10.001495,15.570207,14.909137,19.168606,20.71019,22.68355,21.391598,19.035902,15.743655,12.79112,9.499652,6.386653,4.85211,0.0,4.27851,7.347975,8.985896,6.5468755,11.785695,12.565537,12.888114,12.417794,8.117762,10.960066,10.895627,14.90256,19.89925,21.295452,23.885763,26.542028,29.120945,27.861876,24.45247,20.776539,22.008097,17.988892,16.425152,16.09907,14.709129,14.92747,12.554304,16.201962,17.689007,17.690416,15.881088,18.236113,15.883136,19.499868,18.494156,21.844952,20.556223,24.39878,26.842346,27.019043,24.164232,27.909485,24.310253,25.08091,26.175926,23.352406,24.742455,22.21847,23.397463,19.29392,15.0205,13.673381,13.314117,10.612459,13.268359,9.775398,13.99366,16.666231,18.701603,22.205673,22.213612,18.297174,20.470766,16.450817,14.536398,11.146699,11.146635,5.9991736,9.109743,10.4014635,13.422437,16.197857,17.846207,19.100378,20.307308,18.604641,18.267017,20.088684,21.509115,21.045208,24.41187,22.695463,26.82306,28.631449,27.68367,25.529076,25.269653,20.257196,22.500576,18.492882,21.003805
20,15.428144,11.169095,13.992566,9.811043,10.883975,14.38673,14.132268,19.537123,19.044716,23.371338,24.657225,26.533651,25.172918,22.582575,19.348795,16.32259,12.595607,10.160407,6.1378407,4.27851,0.0,4.7564783,5.2269225,5.438581,10.228009,12.310937,14.012954,14.032432,11.643087,13.99577,14.817412,17.973787,23.757618,24.58011,27.539078,30.134132,32.503513,31.344994,27.629751,23.736065,25.534395,21.040892,20.069216,19.012182,18.365002,17.568298,15.117591,18.30792,19.597166,20.049183,18.868174,21.100958,18.99609,23.042725,22.36467,25.940962,24.58955,28.423193,30.926119,30.816692,27.830017,31.206236,27.367262,27.619762,28.271349,24.920956,25.846313,22.771402,23.408072,18.88928,15.337625,13.234738,14.176602,9.916868,14.345534,11.492222,15.543106,18.727497,20.974525,24.369713,24.966846,21.1835,23.77736,19.797043,17.402328,14.601275,13.497567,8.137922,10.421181,10.233561,13.680675,14.875164,17.753693,19.59852,21.192568,20.100609,20.3876,21.709787,24.201838,23.044334,27.147505,24.944834,29.313082,31.267834,29.850368,27.53342,26.61973,21.71355,23.079464,18.74559,20.47426
21,11.289145,7.287098,11.313288,8.4445,10.727032,14.2318325,15.394387,20.608713,21.28409,25.333645,27.407879,28.686401,26.679283,24.413626,20.523823,18.460175,13.70998,12.618738,7.5088205,7.347975,4.7564783,0.0,5.3717437,7.762431,9.771833,12.413519,14.88274,16.187777,14.316993,17.59038,17.977255,22.068995,27.17093,28.567926,31.220116,33.819508,36.45625,35.194305,31.748402,27.98444,29.201283,24.839935,23.327065,21.995977,20.779896,19.394033,16.200367,18.893312,19.414072,19.54932,18.845236,20.25417,18.118288,22.702772,23.070704,26.996058,26.38614,30.123056,33.163883,33.179325,30.089493,33.949093,30.495771,30.697098,31.982187,28.379581,29.52849,26.44344,27.386314,22.554106,19.25714,17.582548,18.83144,14.545562,18.949015,15.755355,19.477379,22.701765,24.587284,28.092705,28.384842,24.679464,27.500002,23.523478,21.61575,18.301918,17.970707,12.470748,14.280723,13.4109335,16.19459,16.564053,19.485523,21.366013,23.49694,23.043644,23.63501,25.410404,27.961641,27.398947,31.28909,29.478607,33.80486,35.70824,34.440765,32.18189,31.29505,26.443735,27.813335,23.454863,24.996855
22,15.491153,11.823881,16.032928,13.141154,14.467783,18.587046,18.3775,24.179565,23.87935,28.064695,29.60916,31.618864,30.18245,27.7295,24.284134,21.487007,17.52799,15.233862,10.98901,8.985896,5.2269225,5.3717437,0.0,5.4640026,7.176681,10.555101,13.730118,14.618802,14.777968,17.004986,18.772749,21.623629,28.092394,28.973595,31.799448,34.64489,36.690273,35.284,31.528128,27.497602,29.150316,24.033634,23.462595,21.159323,21.269108,18.953382,16.458675,18.799067,19.767488,20.877659,20.6246,22.848314,21.528429,25.905737,25.426083,29.426796,27.88003,31.628244,34.423367,33.733105,30.495298,33.4673,29.586878,29.111471,29.741539,25.666761,26.312723,22.826508,23.40372,18.359898,15.846698,14.103397,16.508606,12.28421,18.098358,16.05141,20.134138,23.39154,25.8521,29.129074,29.983536,26.20304,28.571608,24.592384,21.797413,19.396984,17.20027,11.750408,12.243096,10.144404,13.070382,12.176662,16.068657,18.42872,20.597483,20.557577,21.717278,22.836226,26.554083,25.382277,30.027555,28.057623,32.72443,34.967354,33.455025,30.841612,29.943882,24.787304,25.526833,21.092596,21.85748
23,16.49797,12.624064,15.46312,12.2748375,12.082085,16.771212,14.934904,21.22962,20.326939,24.305626,25.973957,28.518486,27.456799,25.30202,21.98733,19.09608,15.966413,12.690543,10.656808,6.5468755,5.438581,7.762431,5.4640026,0.0,6.0920105,7.4384847,9.236062,9.363879,9.747877,11.861739,14.057663,17.02223,23.582525,24.959955,27.300022,30.459547,32.323975,30.590721,27.079582,23.129808,24.170336,18.922945,18.30516,15.70655,16.02766,13.680809,11.586877,14.233095,15.779158,17.081318,16.5398,19.469774,18.568983,22.429096,21.124155,25.03761,22.951666,26.664873,29.353027,28.412104,25.153275,28.004238,24.15395,23.76383,24.721783,20.805265,21.875433,18.79536,20.154762,15.267119,11.882407,11.40945,13.088437,10.866162,15.923916,13.958152,18.558212,21.266552,23.85532,27.117867,27.587467,23.62461,25.08722,21.10857,18.239117,15.916643,13.301703,7.7438173,7.328937,5.707074,8.543125,9.897281,12.356129,14.237739,16.051655,15.53155,16.447376,17.964546,21.365208,20.863007,25.16646,23.904032,28.591797,30.940428,29.939182,27.22623,27.296572,21.600344,23.140045,18.95797,20.339424
24,15.265122,12.521744,16.194479,14.848515,14.937312,20.067543,18.667479,25.136171,24.968618,28.543724,30.9857,33.377163,31.95449,30.208796,26.371744,24.184889,20.494303,17.830158,15.277624,11.785695,10.228009,9.771833,7.176681,6.0920105,0.0,3.9982014,8.240742,10.626371,13.728009,16.28455,18.66479,22.06731,28.395052,30.388048,32.210365,35.63067,37.379803,35.275597,32.09371,28.253052,28.484577,23.028994,22.259949,18.47321,18.970354,14.836249,12.3582535,13.417026,14.047702,15.957876,16.768698,19.27244,19.438662,23.607002,22.93719,27.354141,25.510654,28.948708,32.231293,30.789167,27.292746,30.064743,26.668718,25.623428,27.286238,22.726013,23.916843,20.826414,22.724407,17.487913,15.215135,15.826166,18.288517,16.429886,21.913443,20.042326,24.623596,27.340698,29.872639,33.17376,33.49053,29.49924,30.738958,26.774807,24.024368,21.586296,18.970005,13.600038,11.995742,8.950318,9.526684,8.434967,10.887889,12.99413,15.813231,16.912071,18.777868,20.636951,24.79236,25.086369,29.33408,28.859697,33.638744,36.16112,35.400715,32.52517,32.939632,27.034613,28.383327,24.26753,25.05296
25,16.416933,13.912199,16.497393,15.469948,14.593851,19.912756,17.575567,24.160206,23.827082,27.00461,29.750048,32.391357,31.13694,29.762287,25.9561,24.002207,20.828415,17.892855,16.641869,12.565537,12.310937,12.413519,10.555101,7.4384847,3.9982014,0.0,4.4736066,7.609704,11.989178,14.523491,17.03578,20.623602,26.59798,29.15183,30.39402,34.04642,35.649227,33.22862,30.425156,26.797594,26.235054,20.832897,19.893063,15.580958,16.190414,11.364311,9.121772,9.61976,10.449094,12.809734,13.872022,16.806276,17.70201,21.402178,20.287762,24.715836,22.592075,25.844452,29.224365,27.469875,23.916418,26.620298,23.508871,22.388988,24.671675,20.174292,21.832375,19.242752,21.930653,16.97766,14.433571,16.234827,18.145872,17.664179,22.446913,20.640644,25.332846,27.634354,30.133837,33.38632,33.36252,29.33159,29.88716,26.037294,23.43766,21.055626,18.4495,13.548217,11.185056,8.612346,7.7040668,8.343388,8.574065,9.990985,12.845369,14.097166,16.003317,18.406956,22.29188,23.483027,27.240446,27.592592,32.273026,34.845016,34.56063,31.658531,32.832493,26.672194,28.54053,24.721836,25.82012
26,18.213655,15.698006,16.930485,15.819462,13.8798065,19.048697,15.590004,22.0793,21.394545,24.136978,27.041277,29.954945,28.982538,27.960024,24.37255,22.592157,20.211702,16.999382,17.32027,12.888114,14.012954,14.88274,13.730118,9.236062,8.240742,4.4736066,0.0,4.289808,9.429999,11.794073,14.235443,17.976673,23.363115,26.459135,27.108908,30.930363,32.428528,29.75408,27.359585,24.02058,22.650238,17.48704,16.261845,11.681062,12.24243,6.957608,5.196466,5.6376915,7.456649,10.032651,10.75359,14.395875,15.767798,18.70527,16.817015,21.07634,18.543428,21.665539,25.007868,23.06672,19.496914,22.266457,19.395172,18.499523,21.436815,17.345242,19.599056,17.72519,21.112984,16.755373,13.635721,16.37067,17.310324,18.234312,21.91108,20.154829,24.794819,26.574718,28.966393,32.11417,31.711763,27.71107,27.540592,23.886276,21.55795,19.278538,16.914762,12.849649,10.124454,8.924389,7.0199757,10.313238,8.2456045,8.335357,10.531731,11.1611595,12.623735,15.739409,18.815367,20.975546,24.017792,25.168219,29.625214,32.156467,32.381554,29.554222,31.482517,25.214882,27.72481,24.296936,25.89932
27,21.236357,18.179485,19.082678,16.959164,14.622086,19.408718,15.054505,21.380913,19.688946,22.52043,24.686663,28.112389,27.722277,26.508902,23.54665,21.183117,19.72497,15.867931,17.189735,12.417794,14.032432,16.187777,14.618802,9.363879,10.626371,7.609704,4.289808,0.0,7.402923,8.2038,11.556311,14.194931,20.21526,22.914112,23.652895,27.53186,28.71305,26.04881,23.478395,20.078018,19.000792,13.496916,12.932261,8.061714,9.865646,5.2988496,5.764741,7.40805,10.255955,12.530146,12.2472925,16.414549,17.347061,19.67273,16.758451,20.447157,17.061861,20.27929,22.944796,20.838999,17.36956,19.534956,16.050667,15.204577,17.549084,13.644978,15.901299,14.185463,17.631327,13.742405,10.150989,13.4058895,13.777943,15.90104,18.92673,17.75195,22.30632,23.746902,26.301497,29.223589,28.972797,25.03213,24.402832,20.89791,18.253191,16.642382,13.516043,10.454759,7.0049376,6.948926,4.9109426,10.216942,7.7706923,7.5365644,8.460944,7.6346207,8.656824,11.667949,14.750712,16.68835,19.858315,20.97056,25.458506,28.070026,28.316336,25.430346,27.633858,21.30312,23.980598,20.846937,22.63157
28,19.510246,16.003868,15.513354,12.31295,9.362315,13.132577,8.22826,14.352242,12.476406,15.756901,17.885128,20.975615,20.467901,19.115149,16.262945,13.840744,12.943704,9.043565,12.166185,8.117762,11.643087,14.316993,14.777968,9.747877,13.728009,11.989178,9.429999,7.402923,0.0,4.759676,5.09122,10.210059,14.830405,17.777134,18.89378,22.351221,24.464296,22.34325,19.697998,16.406778,15.667018,11.49421,9.26359,8.395277,6.7245846,7.7343416,6.8073215,10.717067,13.089476,13.309647,11.01661,14.654495,13.687341,15.806698,12.909047,16.104,13.48608,17.267904,19.686102,19.196743,16.19104,19.870092,16.536516,17.58006,19.701555,17.401955,19.685816,18.291464,20.86154,17.548304,12.805833,14.095065,12.533705,13.9538555,14.959326,12.581664,16.774488,17.989182,20.046679,23.18399,22.418879,18.452997,18.313332,14.609007,12.872417,10.075494,9.488373,6.748602,7.0396237,9.860647,10.774684,15.863589,14.90902,14.89008,15.222973,12.750576,11.617495,14.530848,14.772447,16.339987,18.558878,18.811155,22.799795,24.8212,25.052153,22.744394,24.503845,18.779099,22.232368,19.10246,22.060669
29,24.069471,20.387764,20.163263,16.569044,13.807823,16.949265,11.725568,16.857714,13.55695,16.687716,17.454447,21.379515,21.815485,20.236969,18.471333,15.295963,15.7490425,11.360024,15.003782,10.960066,13.99577,17.59038,17.004986,11.861739,16.28455,14.523491,11.794073,8.2038,4.759676,0.0,4.784776,6.212914,12.722175,14.797889,16.104538,19.743872,21.175003,18.995571,15.962618,12.417194,12.343485,7.302253,6.74648,6.076882,6.9449863,8.806124,9.920102,13.217853,16.120575,16.896336,14.737624,18.686413,18.022608,19.4297,15.62915,17.94059,14.184996,17.706974,19.068707,18.08775,15.339915,17.728374,13.630749,14.618012,15.656299,13.835135,15.8711605,14.796758,17.196945,14.77378,9.997253,11.745358,9.271075,12.757951,12.81336,11.81849,15.745427,16.386711,18.815292,21.501986,21.125774,17.306791,16.263802,12.87549,10.279802,9.245867,6.507642,6.6351323,5.8927507,9.721273,10.500298,16.022758,14.793439,14.582704,13.932238,10.429589,8.504871,10.639404,10.604771,11.58451,14.114621,14.261248,18.443773,20.71086,20.951527,18.431711,20.708534,14.74637,18.421728,15.805425,18.87251
30,23.215645,19.709387,18.358583,14.780823,11.652989,13.5761385,8.013218,12.27391,8.819922,11.976669,13.198255,16.826115,17.09795,15.768476,14.036516,11.303181,12.532561,8.7188015,13.81859,10.895627,14.817412,17.977255,18.772749,14.057663,18.66479,17.03578,14.235443,11.556311,5.09122,4.784776,0.0,6.6967583,9.81962,12.955874,13.970578,17.30569,19.644197,17.742424,15.208992,12.27826,11.517688,8.790168,5.892029,8.618061,6.1819525,10.635223,10.9003725,14.543578,16.990597,16.699833,13.714441,17.021746,15.509378,16.391472,12.723299,14.489201,11.55895,15.252662,16.642328,16.912062,14.571126,18.259274,14.994635,17.117798,18.78285,17.859432,20.134428,19.426455,21.685442,19.436415,14.607707,15.531945,12.476737,14.916592,13.52196,11.382777,14.630418,14.86631,16.57656,19.437065,18.24705,14.45431,13.524127,10.08592,9.136993,6.6036787,7.8819995,8.369341,9.783923,13.573149,14.6713,20.052496,18.908089,18.576147,18.115915,14.695826,12.388933,14.863003,12.930856,14.474493,15.490073,15.663065,19.005701,20.647108,21.220293,19.337986,21.49069,16.331741,20.50008,18.086613,21.730618
31,29.096827,25.281479,24.598957,20.522415,17.859783,19.560463,14.432641,17.5727,12.879433,15.615502,14.317954,18.894255,20.490303,18.699623,18.551823,14.874824,17.290144,13.186104,17.862577,14.90256,17.973787,22.068995,21.623629,17.02223,22.06731,20.623602,17.976673,14.194931,10.210059,6.212914,6.6967583,0.0,8.579795,8.954303,10.937124,14.307322,15.425885,13.739996,10.072392,6.312343,8.217308,4.993035,6.2506075,9.426055,10.251048,14.141169,15.762939,18.93924,21.858143,22.294815,19.67356,23.33571,22.166267,22.719398,18.48955,19.36246,15.405402,18.441277,18.216585,17.862474,16.12795,17.633427,13.4260025,15.388063,14.871201,15.003153,16.49273,16.210566,17.662527,16.91094,12.650639,13.441241,9.237945,13.915771,10.90945,11.171308,13.549665,12.850038,15.135053,17.10771,16.801748,13.469306,11.211128,8.631725,5.9384875,7.5834885,5.464882,9.963801,10.5751705,14.637251,15.790827,21.047327,20.004076,19.679667,18.276285,14.089216,11.213064,11.789801,9.114925,8.556993,9.91413,8.978582,12.6357355,14.647531,15.007344,12.820395,15.65287,10.359389,14.942785,13.557695,17.365898
32,32.006607,28.713585,26.458109,23.023132,19.94499,19.742138,14.8121805,14.705362,9.68711,9.962328,7.751973,12.684323,15.293588,14.749869,15.998951,13.931818,18.173067,15.674746,21.639078,19.89925,23.757618,27.17093,28.092394,23.582525,28.395052,26.59798,23.363115,20.21526,14.830405,12.722175,9.81962,8.579795,0.0,6.1061893,4.560722,7.813356,10.571599,9.071046,8.041984,7.969589,5.984331,9.6623745,7.8367324,13.93761,12.101041,18.104614,19.550056,22.51837,24.95935,24.270239,20.947392,23.670313,22.09172,20.955097,16.642767,15.369163,12.381487,14.399611,12.750978,14.532337,14.317956,16.9259,14.742499,18.447956,19.247116,21.008114,23.112326,23.825846,25.660498,25.32349,21.070847,21.908245,17.60063,21.362522,16.970812,16.186201,16.897509,14.8362255,15.295935,16.656343,14.391579,12.179424,7.7995534,7.6170397,9.632326,10.158993,12.975128,16.748352,18.196005,22.279045,23.104486,28.698414,27.009575,26.14969,24.679628,20.525673,17.159018,18.615776,13.197632,14.907753,12.290622,13.169184,13.836288,14.196552,16.25621,15.747197,19.240263,16.192717,21.14958,20.687096,24.86497
33,35.063534,31.374382,29.77106,25.6138,23.109913,22.809958,18.529362,18.472605,13.196557,14.438732,10.061309,14.69836,17.888426,16.283297,18.54376,15.356159,19.939713,17.253578,22.675474,21.295452,24.58011,28.567926,28.973595,24.959955,30.388048,29.15183,26.459135,22.914112,17.777134,14.797889,12.955874,8.954303,6.1061893,0.0,5.174941,6.261176,8.223751,8.657058,5.293979,5.21537,8.565243,11.444649,11.836497,17.195389,16.652836,21.998571,23.466864,26.689604,29.367094,29.062635,25.867302,28.798784,26.895058,26.378836,22.315203,21.35526,18.360249,20.433458,18.41873,19.78002,19.611097,20.961693,17.990986,21.125378,20.061775,22.086952,23.276766,23.741037,24.414595,24.79875,21.01096,20.84803,16.197737,19.949352,14.268446,14.7905035,14.230608,11.343961,11.906768,12.290301,11.057753,9.579412,4.4696574,6.0669184,7.5105357,10.455742,12.295664,17.366411,19.179977,23.287008,24.728643,29.87138,28.942692,28.490892,26.850903,22.511147,19.269995,19.403013,14.622329,13.664651,11.722932,9.855231,9.689693,9.536263,10.70713,10.768903,13.668706,12.034356,16.773733,17.17025,21.408293
34,36.51121,33.14182,30.991144,27.439491,24.444538,24.138783,19.351276,18.83515,13.8329525,13.560634,10.063193,14.791878,18.171698,17.681091,19.789425,17.64499,22.251364,19.761526,25.608103,23.885763,27.539078,31.220116,31.799448,27.300022,32.210365,30.39402,27.108908,23.652895,18.89378,16.104538,13.970578,10.937124,4.560722,5.174941,0.0,4.206115,6.0425305,4.9099646,4.985759,7.2858644,6.038758,11.365061,11.05706,16.777647,15.878676,21.62398,23.525719,26.284725,28.858894,28.366776,25.155178,27.956219,26.555082,25.149004,20.689867,18.905987,15.742149,17.004152,14.150592,15.758882,16.327236,17.537361,15.595245,19.36125,19.229532,21.998434,23.748434,24.969664,26.447458,27.003395,23.215916,24.048555,19.543617,23.872284,18.833157,18.950264,18.95117,16.247532,16.5057,16.901676,14.850498,13.653779,8.204316,9.834797,11.6994095,13.600812,15.584367,20.16866,21.350883,25.425924,26.154459,31.694698,29.903688,28.940968,27.064875,22.740528,19.228512,19.935928,13.870095,15.016294,11.099076,12.0783415,11.117024,10.776028,13.667247,13.833784,18.01741,16.09449,20.97208,21.477175,25.558664
35,39.16221,35.792927,33.472134,29.806892,27.052715,26.060238,21.889181,20.325796,15.507474,14.855703,10.136997,14.132415,18.078598,17.594524,20.665373,18.71491,23.822199,21.866472,27.668716,26.542028,30.134132,33.819508,34.64489,30.459547,35.63067,34.04642,30.930363,27.53186,22.351221,19.743872,17.30569,14.307322,7.813356,6.261176,4.206115,0.0,4.59312,6.2738338,7.012906,9.970437,10.178543,15.371794,15.09659,20.903568,19.771536,25.640858,27.310978,30.211653,32.703876,32.006844,28.652779,31.161606,29.372206,27.838522,23.744165,21.54157,19.083502,20.081585,16.892063,19.147318,20.096931,21.286804,19.6361,23.40224,22.887468,25.867876,27.361101,28.528141,29.56453,30.33093,26.621704,26.922932,22.29624,26.165766,20.441654,20.651339,19.693106,16.487959,16.009338,15.627937,13.293701,13.279098,7.8358226,10.930234,13.580828,15.670079,18.319,23.081446,24.743404,28.868237,29.904943,35.323296,33.823944,32.984253,31.13932,26.788052,23.30428,23.756084,17.812405,18.195034,14.3146105,14.2720375,12.149279,10.662028,13.445681,14.627468,18.135803,17.667358,22.242609,23.183544,27.321463
