,0,1,2,3,4,5,6,7,8,9,10,11,12,13,14,15,16,17,18,19,20,21,22,23,24,25,26,27,28,29,30,31,32,33,34,35,36,37,38,39,40,41,42,43,44,45,46,47,48,49,50,51,52,53,54,55,56,57,58,59,60,61,62,63,64,65,66,67,68,69,70,71,72,73,74,75,76,77,78,79,80,81,82,83,84,85,86,87,88,89,90,91,92,93,94,95,96,97,98,99,100,101,102,103,104,105,106,107
0,0.0,4.4854746,6.4477973,9.696629,12.710831,14.8816805,17.88759,22.554033,25.218527,28.853994,33.154354,34.655067,33.94709,33.075996,27.474699,26.854013,22.908167,22.23755,17.693972,16.327728,15.406193,12.264383,12.54328,17.35879,16.320967,19.74122,22.71946,22.172153,21.289587,21.890451,22.891352,26.51342,26.880535,31.931723,32.746414,35.35716,37.462025,36.174263,37.373463,34.59449,35.59711,29.911062,31.968649,28.16048,29.49789,27.141687,26.249323,28.884504,31.509747,36.056385,36.02016,37.40247,41.98178,42.676975,40.84319,38.599537,39.95888,40.824177,46.55221,43.686733,40.157406,40.585255,38.100258,38.61702,37.380257,38.601097,36.654484,34.560253,29.772554,31.009933,28.746761,32.433136,31.867254,35.733334,35.20646,40.20902,41.20575,45.10754,44.519745,46.890694,44.00336,40.734577,37.97557,35.45705,31.740763,30.567799,27.214098,23.762535,22.633257,19.404068,18.117632,20.54984,22.329128,23.426859,26.531908,28.545696,28.622265,34.464424,34.50396,39.598904,41.235374,39.787792,37.06071,34.18266,30.402641,28.47529,24.338549,23.587442
1,4.4854746,0.0,5.3464947,6.5197577,9.577057,12.008918,14.788882,19.770153,21.90851,26.083239,29.798246,31.68678,31.038181,29.86418,24.586784,23.28509,19.543371,18.313562,13.578003,12.103802,10.924055,8.168822,8.537211,13.426145,13.369524,16.814468,19.18816,18.340494,17.007605,17.640392,18.406075,22.252178,22.729994,27.65811,28.733961,31.275352,33.43544,32.1163,33.10346,30.345278,31.152267,25.522402,27.638287,23.75343,25.39619,23.24727,22.839071,25.466274,27.674639,32.373615,32.051826,33.30062,37.852898,38.49377,36.481705,34.191845,35.683006,36.525158,42.286003,39.589954,36.033237,36.655357,34.187004,34.995102,33.80579,35.436543,33.784275,31.644247,26.979212,28.043385,25.055962,28.811172,27.914341,31.93284,31.190367,36.34653,37.262756,41.116264,40.632603,43.180172,40.435745,37.322323,34.240833,31.944975,27.915352,27.26644,23.494566,20.46412,19.402481,16.362011,15.799357,18.792883,21.072151,22.2883,24.857496,26.631863,26.194565,32.10967,31.633919,36.742874,38.44602,37.327267,34.467754,32.192368,27.841875,26.515337,22.195454,21.880392
2,6.4477973,5.3464947,0.0,5.036629,6.833531,9.865751,11.752496,16.572447,19.334053,22.806532,27.470533,28.657372,28.33008,27.780027,22.125011,21.630959,18.013742,17.160152,13.8524475,11.954698,12.648219,9.132693,12.287152,16.634768,16.60383,19.205454,21.013437,19.179478,18.72468,17.733763,19.960304,22.189318,23.547281,28.173223,28.397818,31.410505,32.974293,31.366327,32.89539,29.91309,31.711126,25.69951,27.842253,24.800955,25.64885,24.266247,22.885656,26.704481,28.959303,33.679955,32.64404,34.853073,38.950565,38.920357,37.279766,34.88107,35.633488,36.2219,41.79595,38.589962,35.11107,35.62893,33.5085,33.87692,33.436413,33.97447,32.4868,31.252113,26.086689,26.435226,24.218964,27.373798,26.795864,30.317156,29.880095,34.636387,35.650036,39.608257,38.89931,41.037968,38.079647,34.630936,32.16305,29.437658,26.105831,24.458536,21.73136,17.985231,17.47298,14.757761,13.408368,16.36996,18.024092,18.362274,21.115814,22.827414,22.980135,28.584034,28.61504,33.68286,35.104294,33.590916,30.795513,28.067665,24.115854,22.166628,18.025743,17.217812
3,9.696629,6.5197577,5.036629,0.0,4.154438,5.619283,9.018162,13.295032,15.647223,19.61211,23.49795,25.239836,24.566635,23.56504,18.164415,17.192104,13.429034,12.739135,8.95067,8.150104,8.979667,7.4928718,10.735892,14.794733,16.447863,19.088736,19.9247,17.53468,15.979689,14.547379,15.925392,17.568691,18.581331,23.330467,23.540781,26.470125,28.179401,26.755596,28.317516,25.49218,27.34963,21.719236,24.36818,21.315405,23.04835,22.34842,21.891556,25.667458,27.07768,32.025978,30.387602,32.256367,36.269176,36.036224,33.870327,31.243315,32.278557,32.546585,38.157074,35.28229,31.727299,32.941338,31.060005,31.987553,31.883038,32.939445,32.052254,30.911274,25.960325,25.816101,22.347221,25.351116,23.934,27.57246,26.454119,31.488985,31.983244,35.907967,35.07617,37.429764,34.452217,31.38972,28.663738,26.401636,22.773493,21.91982,19.077156,16.062887,16.28036,14.28193,14.102554,17.789595,19.876467,19.991915,21.909416,23.090513,22.661407,28.076921,27.35393,32.387398,33.655556,32.531002,29.454075,27.725729,22.82994,21.609505,17.378277,16.65939
4,12.710831,9.577057,6.833531,4.154438,0.0,5.750599,5.23523,10.809128,12.83396,16.979696,21.105064,22.587078,22.580652,21.871227,16.66515,15.360331,12.398439,10.611873,8.815702,6.4310822,9.071173,7.0077667,12.006343,15.047659,16.724644,18.498377,18.628248,15.499133,14.814091,12.171591,15.133078,15.976299,18.30026,22.311995,22.293594,25.514997,26.709164,24.847605,26.430061,23.341896,25.609966,19.53053,21.888456,19.518042,20.405582,20.247648,19.201984,23.719456,25.062294,29.947275,27.827616,30.401642,34.039925,33.397717,31.6398,29.059975,29.520836,29.798851,35.28402,32.060024,28.57566,29.51298,27.757465,28.423553,28.708948,29.250713,28.539225,27.913359,22.806433,22.178215,19.002394,21.683079,20.543245,23.953176,23.206253,27.999577,28.834866,32.79558,32.072964,34.270863,31.391737,28.031366,25.37687,22.803448,19.363031,18.057411,15.395989,12.04521,12.52264,10.96882,10.889018,14.74265,16.760649,16.590878,18.102024,19.10562,18.587471,23.940504,23.219364,28.255001,29.547491,28.428041,25.380342,23.691612,18.753494,17.71906,13.415552,13.200675
5,14.8816805,12.008918,9.865751,5.619283,5.750599,0.0,7.1327214,8.534202,11.243781,14.690595,18.523628,20.23109,19.154596,18.20907,12.639615,12.377285,8.31527,9.41534,7.2851744,8.673571,10.795142,11.291665,14.834337,18.076818,20.808353,23.035158,22.831747,19.581865,17.600494,14.681774,15.816819,14.784188,15.763363,20.307661,19.468397,22.652851,23.99047,22.697716,24.942616,22.271542,25.15344,20.07362,23.345882,21.133068,23.257917,23.882998,23.71744,28.003357,28.57832,33.59182,30.902475,32.983513,36.487015,35.533604,33.050236,30.113245,30.892258,30.477472,35.84163,33.014866,29.514387,31.547714,30.333696,31.519152,32.39948,33.102062,32.992096,32.644657,27.724693,26.56216,22.572023,24.698013,22.565632,25.70161,23.943216,28.811485,28.579437,32.49694,31.198309,33.382156,30.106625,27.3305,25.04373,23.077744,19.987219,19.195642,17.64411,15.152143,16.834747,16.10367,16.385714,20.253895,22.045815,21.19409,22.364277,22.845648,22.419498,27.023104,25.962406,30.743855,31.462465,30.401785,27.106771,26.176018,20.738785,19.734814,15.939676,14.570081
6,17.88759,14.788882,11.752496,9.018162,5.23523,7.1327214,0.0,6.8330817,8.214015,12.410788,16.633402,17.835667,18.443956,18.069635,13.315033,11.844156,10.154955,7.7970405,9.435353,7.32587,11.356541,10.503766,15.802746,17.687984,19.950808,20.87643,19.844305,15.778279,15.5233135,11.08402,15.113231,13.674874,17.235352,20.227608,19.483047,23.033464,23.493814,21.257986,23.171825,19.936913,23.134808,17.061586,19.44169,18.315449,18.645441,19.858582,18.6017,23.870012,24.559568,29.32797,26.169287,29.425701,32.385696,30.956095,29.389217,26.703379,26.469465,26.349733,31.544899,28.028978,24.654179,25.83123,24.633163,25.237986,26.5241,26.405384,26.4085,26.752016,21.688675,19.916737,16.650555,18.330606,16.96778,19.793896,19.022848,23.470587,24.234472,28.22697,27.370361,29.337263,26.414156,22.895868,20.513536,17.76782,14.827609,13.050973,11.499294,8.235511,10.363176,10.5475235,11.067313,14.818385,16.483238,15.42388,15.822358,16.054436,15.343258,20.013247,18.96374,23.850279,24.83513,23.816969,20.61875,19.618196,14.111683,13.621578,9.5465355,9.690998
7,22.554033,19.770153,16.572447,13.295032,10.809128,8.534202,6.8330817,0.0,4.406316,6.325882,11.424922,12.1194725,12.046101,12.208251,6.9875298,7.8536754,6.780859,8.179262,11.653137,12.359144,16.038212,16.667553,21.296604,23.220257,26.215742,27.300848,25.833143,21.528336,20.504866,15.556116,18.242441,13.717978,16.636093,19.160885,16.68855,20.472092,20.274094,18.368774,21.460526,18.66923,23.29464,18.535252,21.668106,21.49451,22.54104,24.939526,24.215744,29.49933,29.372107,34.073227,29.996805,33.173717,35.562088,33.371647,31.34295,28.326832,27.86345,26.73406,31.400585,28.068546,24.900906,27.292768,27.093233,28.012539,30.448883,29.887379,30.77374,31.929026,27.113688,24.42359,20.869116,21.280743,19.011402,20.802073,19.036535,22.934683,22.394855,26.298965,24.5724,26.12641,22.581768,19.540184,18.270187,16.072598,14.582378,12.770429,14.074826,12.185332,15.730437,16.91513,17.48405,20.921728,22.024775,19.911219,19.693111,19.056913,18.725561,21.72539,20.460175,24.661394,24.627714,23.566805,20.156124,20.271727,14.50416,14.029828,11.480763,9.911947
8,25.218527,21.90851,19.334053,15.647223,12.83396,11.243781,8.214015,4.406316,0.0,5.787857,8.419935,10.165217,10.788443,10.3116665,7.128894,5.1955185,6.7880955,6.2084036,11.6164665,12.225541,15.930829,17.333033,21.748362,22.743647,26.223558,26.842804,24.61502,20.07426,18.980879,13.605349,16.291262,10.629298,14.530752,15.943208,13.488724,17.332354,16.763882,14.471938,17.398676,14.50214,19.397789,14.895105,18.016481,18.544495,19.592892,22.744766,22.485445,27.62429,26.85951,31.40501,26.825447,30.016264,32.027653,29.537342,27.442106,24.39806,23.772627,22.44189,27.031904,23.809258,20.646181,23.41754,23.482262,24.747585,27.504536,27.25967,28.651144,29.947948,25.587551,22.550245,18.3079,18.25883,15.398555,17.029427,14.817106,18.83014,18.12081,22.038694,20.455534,22.29427,18.985281,16.092512,14.168603,12.349702,10.494878,9.784988,11.122872,10.703016,14.629298,16.601843,17.98505,21.38097,22.759026,20.970503,19.97051,18.944204,17.83459,20.468721,18.333834,22.303354,22.33668,21.922108,18.422188,19.750454,13.382997,14.400232,12.181052,12.004016
9,28.853994,26.083239,22.806532,19.61211,16.979696,14.690595,12.410788,6.325882,5.787857,0.0,6.986226,5.983012,6.951435,8.619773,6.059447,8.279804,10.079843,11.816487,16.731535,17.688122,21.408205,22.4463,27.056793,28.393133,31.6617,32.296227,30.173815,25.56458,24.750572,19.298262,21.96429,15.623859,18.849422,19.784737,16.078987,19.832897,18.385712,16.37427,20.149343,17.756563,23.473515,19.834679,22.813286,23.99266,24.68706,28.158722,27.462484,32.918713,32.15743,36.512936,31.579975,35.11744,36.651485,33.6185,31.734505,28.709585,27.512278,25.646578,29.452267,26.070293,23.3749,26.35776,27.130535,28.030115,31.583954,30.33052,32.06467,34.160393,29.737085,26.152351,22.8436,21.90156,19.386757,19.811527,17.764635,20.45715,19.133427,22.757725,20.438972,21.322237,17.429817,14.60961,14.75558,12.983036,13.562391,11.558395,15.424711,14.781972,18.997751,21.160337,21.952726,24.94753,25.641247,22.94302,21.769518,20.291069,19.986925,21.19064,19.638283,22.853785,21.931976,21.068172,17.704302,19.267553,13.750382,14.081233,13.386092,11.9642
10,33.154354,29.798246,27.470533,23.49795,21.105064,18.523628,16.633402,11.424922,8.419935,6.986226,0.0,4.722025,5.070314,4.4817696,7.7462077,7.157955,11.288356,12.524838,17.975794,19.72816,22.886822,25.237215,29.055685,29.503927,33.589275,34.011044,31.115705,26.550873,25.030937,19.797764,21.138872,13.400255,16.290676,15.444776,11.016835,14.392923,12.071778,10.1675415,14.365071,12.722506,18.928438,17.174711,20.36762,22.302942,23.792269,28.084404,28.526686,33.27764,31.453499,35.545395,30.037628,32.939728,33.924137,30.535633,28.056383,24.923553,23.928703,21.306002,24.620972,22.093912,19.625166,23.918175,25.307278,27.071096,30.939432,30.583103,33.055557,35.051277,31.434843,27.69521,23.209648,21.78706,18.136091,18.150465,14.739172,17.238272,14.362715,17.629791,14.915204,16.333195,12.499609,11.325592,10.836777,11.269117,11.837155,12.672402,16.046034,17.435463,21.575022,24.21068,25.899515,29.019335,30.187813,28.046543,26.295614,24.555992,23.327967,24.06313,21.30774,23.801855,22.797203,23.07404,19.800472,23.134726,17.287048,19.206507,18.616922,18.27497
11,34.655067,31.68678,28.657372,25.239836,22.587078,20.23109,17.835667,12.1194725,10.165217,5.983012,4.722025,0.0,4.6128445,7.2521935,9.254866,10.777483,14.114189,15.63727,21.103525,22.338732,25.892096,27.48413,31.852255,32.606308,36.240215,36.550232,33.842228,29.137226,28.260786,22.728209,24.967827,17.592058,20.741045,20.140114,15.722881,19.022842,16.440733,14.531524,18.62558,16.922176,23.192574,20.994982,23.760818,25.970356,26.629332,30.902637,30.568975,35.829628,34.37538,38.358055,32.78099,36.31197,37.069645,33.394382,31.503002,28.53587,26.883959,24.316843,27.146637,24.074503,21.951067,25.64818,27.298517,28.413717,32.74545,31.32791,33.83084,36.467735,32.621742,28.519552,25.104786,23.193123,20.316154,19.605873,17.104998,18.529713,16.119097,19.18437,16.256044,16.53864,12.363452,10.468733,12.074502,11.600757,13.890268,12.863867,17.78419,18.460056,22.794626,25.5412,26.717888,29.485033,30.112032,27.353544,25.486668,23.491528,22.890057,22.72842,20.63473,22.704556,21.088808,20.849241,17.757553,20.96192,15.929379,17.32639,17.70037,16.873655
12,33.94709,31.038181,28.33008,24.566635,22.580652,19.154596,18.443956,12.046101,10.788443,6.951435,5.070314,4.6128445,0.0,3.9194977,6.7155585,9.643764,12.346411,15.455878,20.1176,22.375069,25.517977,27.638758,31.520048,32.64217,36.588364,37.396614,34.935673,30.409704,28.766808,23.616749,24.77069,17.240997,19.078943,19.079653,14.203875,17.324938,15.231309,14.213227,18.703175,17.434141,23.530073,21.861385,25.249868,26.781252,28.438654,32.427547,32.61542,37.565556,36.043163,40.28125,34.924763,37.802734,38.9456,35.604744,33.064556,29.892189,28.99577,26.31246,29.406054,26.918423,24.594826,28.791332,30.210094,31.73942,35.654427,34.893368,37.20266,39.323063,35.3639,31.635038,27.577553,26.263529,22.910843,22.864866,19.728867,21.87775,18.885868,21.85191,18.731915,19.433025,15.250458,14.391268,15.311119,15.413426,16.585085,16.330126,20.215172,20.738363,24.959852,27.271074,28.455053,31.595137,32.462097,29.851849,28.477068,26.790367,26.21691,26.742422,24.649918,27.063976,25.621141,25.328316,22.160938,24.915089,19.626564,20.52278,20.245441,18.813915
13,33.075996,29.86418,27.780027,23.56504,21.871227,18.20907,18.069635,12.208251,10.3116665,8.619773,4.4817696,7.2521935,3.9194977,0.0,6.1498475,7.355429,10.432301,13.567566,17.956083,20.757833,23.481627,26.26216,29.60999,30.501684,34.822487,35.749584,33.167366,28.810694,26.601908,21.812998,22.067764,14.355074,15.572208,15.471365,10.481131,13.535462,11.804568,11.1643095,15.681681,14.659215,20.491056,19.362072,23.076956,24.303772,26.688416,30.629883,31.459438,35.945274,34.126045,38.422,33.16806,35.47085,36.79004,33.710957,30.685076,27.407913,27.096767,24.382635,27.766594,25.785526,23.266869,27.878246,29.100752,31.11457,34.649723,34.704273,36.990486,38.610943,34.86168,31.43355,26.603973,25.675814,21.799265,22.27449,18.5398,21.368412,18.056335,21.040773,18.104307,19.568783,15.696264,15.357286,15.013185,15.732695,15.769013,16.768024,19.500296,20.524426,24.531635,26.717474,28.283531,31.674913,32.95022,30.816626,29.518738,28.010807,26.984735,28.105242,25.54684,28.210133,27.169323,27.253023,23.964802,26.874939,21.049072,22.346626,21.43045,20.388603
14,27.474699,24.586784,22.125011,18.164415,16.66515,12.639615,13.315033,6.9875298,7.128894,6.059447,7.7462077,9.254866,6.7155585,6.1498475,0.0,5.7416043,6.1696105,10.621168,14.173143,16.860342,19.783667,21.885828,25.55361,27.239042,31.084705,32.387665,30.503693,26.24199,24.194786,19.471846,20.298548,13.83692,15.163881,17.058058,13.118732,16.637411,16.110706,15.102049,19.085533,17.215595,22.491179,19.649843,23.441244,23.679926,25.883953,28.985653,29.264597,34.04887,33.04448,37.683468,33.062817,35.57031,37.600266,35.0562,32.26368,28.992662,28.867523,26.863792,31.023369,28.468924,25.52794,29.257837,29.752771,31.35148,34.291622,34.17851,35.744263,37.01636,32.66425,29.674644,25.252638,25.115797,21.808813,23.081656,20.060148,23.644522,21.504868,25.017899,22.544943,24.065107,20.173363,18.505196,17.794018,17.08909,16.291311,16.018549,18.107826,17.751421,21.563095,23.105171,24.147532,27.671484,28.882135,26.712149,26.116154,25.072067,24.49458,26.559393,24.677847,28.157864,27.503998,26.912872,23.487093,24.981028,19.142563,19.366951,17.734926,16.016502
15,26.854013,23.28509,21.630959,17.192104,15.360331,12.377285,11.844156,7.8536754,5.1955185,8.279804,7.157955,10.777483,9.643764,7.355429,5.7416043,0.0,4.665904,6.2313766,10.94318,13.459545,16.212465,19.055256,22.382366,23.199121,27.468594,28.44317,26.027016,21.775806,19.446302,14.755945,15.227457,8.204858,10.595349,11.975064,8.863051,12.662884,12.53222,10.980544,14.28143,12.037627,16.952536,13.959464,17.884426,18.119478,20.68788,23.999983,24.91736,29.26488,27.827604,32.41715,27.755531,29.96059,32.024555,29.659727,26.666336,23.376074,23.579472,21.771538,26.342602,24.03915,20.862267,24.715658,24.95237,27.005281,29.5918,30.329174,31.980314,32.822784,28.89681,26.111698,20.81182,20.943007,17.106817,18.944542,15.503973,19.862282,17.945343,21.588709,19.720476,22.045362,18.744772,17.117407,14.767701,14.461764,12.147439,13.541456,14.064603,14.792623,18.336054,20.103374,21.919004,25.564095,27.305758,25.87878,24.94677,23.957735,22.526485,25.094536,22.441006,26.086952,26.02431,26.082535,22.59634,24.629568,18.186853,19.533806,17.350628,17.002853
16,22.908167,19.543371,18.013742,13.429034,12.398439,8.31527,10.154955,6.780859,6.7880955,10.079843,11.288356,14.114189,12.346411,10.432301,6.1696105,4.665904,0.0,5.9600472,8.084918,11.477794,13.879227,16.595705,19.687773,21.386364,25.457325,27.052816,25.387394,21.485294,18.805508,14.778708,14.793772,9.726247,10.623919,14.027569,11.805196,15.221629,16.077951,15.042303,17.972664,15.759752,19.736639,16.168552,20.17517,19.218075,22.145475,24.492237,25.310266,29.533945,28.686943,33.544765,29.5889,31.487223,34.19776,32.42624,29.34438,26.08484,26.783945,25.416208,30.337145,28.027557,24.68719,28.082483,27.777088,29.674915,31.602844,32.519352,33.568047,33.884506,29.58354,27.39414,22.261398,23.233059,19.79924,22.26615,19.238785,23.929054,22.427683,26.130753,24.370039,26.674868,23.302755,21.436636,19.174852,18.356272,15.647398,16.316319,15.980685,15.549965,18.580849,19.469053,20.862967,24.735994,26.564047,25.291903,25.127068,24.638409,23.564175,26.925495,24.797556,28.91628,29.076002,28.704657,25.20652,26.207436,19.944983,20.358555,17.521633,16.542786
17,22.23755,18.313562,17.160152,12.739135,10.611873,9.41534,7.7970405,8.179262,6.2084036,11.816487,12.524838,15.63727,15.455878,13.567566,10.621168,6.2313766,5.9600472,0.0,6.1709056,7.374044,10.377302,13.074656,16.53882,17.202267,21.293825,22.235176,20.017155,15.872057,13.599759,8.986816,10.29932,6.11996,9.873134,12.46233,11.959337,15.347717,16.195456,14.255496,15.980012,13.036512,16.223234,11.221535,14.823705,13.819181,16.246256,18.646168,19.508093,23.73345,22.84369,27.677006,23.768885,25.955448,28.728123,27.132519,24.426476,21.33687,21.920118,21.175457,26.495611,23.940708,20.418526,23.146652,22.361078,24.26821,25.788452,27.113873,28.040762,28.086935,24.002981,21.994041,16.453913,17.8311,14.48223,17.601997,15.02419,20.222973,19.75464,23.588835,22.641935,25.322624,22.585367,20.206684,16.813139,15.637669,11.612356,12.975136,10.742772,10.878178,13.483722,14.641392,16.7434,20.574154,22.79513,22.203243,21.673292,21.28054,19.494675,23.395006,20.84711,25.200338,26.017426,26.031958,22.6152,23.697626,17.234755,18.512535,15.255546,15.792178
18,17.693972,13.578003,13.8524475,8.95067,8.815702,7.2851744,9.435353,11.653137,11.6164665,16.731535,17.975794,21.103525,20.1176,17.956083,14.173143,10.94318,8.084918,6.1709056,0.0,5.2261295,5.97879,9.7923155,11.798636,13.499361,17.748291,19.749353,18.595135,15.496167,12.036078,9.878161,8.828926,9.117894,9.732985,14.423324,15.166106,17.802502,19.862455,18.684467,19.869759,17.363287,18.942667,14.224646,17.735779,14.810495,18.281982,19.001535,20.40086,23.659998,23.344881,28.392246,25.721216,26.856907,30.543217,29.989418,26.915924,23.961937,25.583242,25.357895,30.97425,28.871916,25.265125,27.665796,26.194378,28.194338,28.539719,30.691029,30.858435,29.805893,25.676167,24.835625,19.278795,21.868067,18.900259,22.702618,20.31945,25.800272,25.4468,29.15835,28.36137,31.251377,28.561659,26.360958,22.83821,21.71802,17.351067,18.646214,15.281424,14.569199,15.771627,15.38544,17.169687,21.208525,23.811207,23.931295,24.367039,24.6774,23.090836,27.881332,25.725695,30.3902,31.535982,31.349241,28.003897,28.228733,22.105392,22.627604,18.746157,18.866266
19,16.327728,12.103802,11.954698,8.150104,6.4310822,8.673571,7.32587,12.359144,12.225541,17.688122,19.72816,22.338732,22.375069,20.757833,16.860342,13.459545,11.477794,7.374044,5.2261295,0.0,4.2298417,5.7494283,9.603475,10.862711,14.26202,15.651784,14.52384,11.122122,9.068506,6.518851,8.758234,10.942767,13.586462,17.191437,18.32375,21.137398,22.71184,20.853422,21.57294,18.560915,19.820175,13.7919445,16.235182,13.306594,15.2014265,15.282034,15.760443,19.528212,19.953648,24.986755,22.687346,24.590595,28.355167,27.960365,25.737263,23.133488,24.205427,24.652243,30.356112,27.695656,24.104849,25.378431,23.414612,24.859539,24.7685,26.658161,26.342474,25.148294,20.777122,20.285261,15.329051,18.456282,16.461864,20.51826,19.221521,24.561369,25.302767,29.097588,28.792208,31.561333,29.166344,26.300182,22.609774,20.766392,16.196968,16.79683,12.414705,10.9469385,11.140833,10.268564,12.209332,16.19688,18.998219,19.631449,20.133488,20.762335,19.027882,24.374834,22.490335,27.382593,28.996283,28.723791,25.588219,25.203619,19.49024,20.03328,15.863894,16.875553
20,15.406193,10.924055,12.648219,8.979667,9.071173,10.795142,11.356541,16.038212,15.930829,21.408205,22.886822,25.892096,25.517977,23.481627,19.783667,16.212465,13.879227,10.377302,5.97879,4.2298417,0.0,5.4020042,6.267425,7.659342,11.791995,13.947836,13.355482,11.175018,7.694067,8.111855,7.5229535,12.321791,13.485287,17.603243,19.636173,21.880651,24.120201,22.674456,22.876768,20.208397,20.320992,14.9066105,17.276997,13.207956,16.137554,15.168114,16.657555,19.111229,19.557096,24.587631,23.128792,23.963646,28.267836,28.615639,26.002865,23.526182,25.425556,26.139812,31.963066,29.833939,26.235435,27.546003,25.242903,27.017874,26.131193,28.945839,28.348124,26.300865,22.376986,22.68705,17.413502,21.090813,18.983383,23.36768,21.861668,27.406078,28.024708,31.6531,31.51336,34.564735,32.33553,29.801344,25.780174,24.329813,19.413443,20.685318,15.756458,14.773625,14.242446,12.738219,14.703409,18.480486,21.560465,22.801968,23.592218,24.465042,22.604637,28.151743,26.158833,31.004799,32.805016,32.699257,29.611412,29.240656,23.6079,24.184061,19.958395,20.911192
21,12.264383,8.168822,9.132693,7.4928718,7.0077667,11.291665,10.503766,16.667553,17.333033,22.4463,25.237215,27.48413,27.638758,26.26216,21.885828,19.055256,16.595705,13.074656,9.7923155,5.7494283,5.4020042,0.0,5.8183074,8.362861,9.794801,11.816174,12.462633,10.516248,9.656533,9.788469,12.08545,16.410688,18.502409,22.353922,23.928684,26.546343,28.33809,26.500675,26.91037,23.9011,24.416433,18.24901,19.836584,16.237848,17.272062,15.469558,15.187564,18.339365,20.106989,24.946613,24.056503,25.799564,30.072903,30.463186,28.749716,26.573013,27.75648,28.84607,34.583374,31.813726,28.302921,28.623888,26.046518,26.972948,25.818253,27.784567,26.477045,24.436163,19.936394,20.723524,17.016182,20.931147,20.052242,24.25338,23.772842,28.923407,30.299671,34.053795,34.025642,36.73373,34.461193,31.291021,27.647558,25.416105,20.923883,20.879011,16.085943,13.712907,12.207734,9.493732,10.485269,14.055347,17.076292,18.692314,20.140865,21.553276,20.153471,26.154299,24.95969,30.001757,32.01833,31.460773,28.614021,27.157133,22.320805,22.202879,17.815094,18.91586
22,12.54328,8.537211,12.287152,10.735892,12.006343,14.834337,15.802746,21.296604,21.748362,27.056793,29.055685,31.852255,31.520048,29.60999,25.55361,22.382366,19.687773,16.53882,11.798636,9.603475,6.267425,5.8183074,0.0,5.0121098,6.993611,10.555029,12.1558075,12.1563,9.718667,12.635441,12.125265,18.388945,19.015993,23.204126,25.68387,27.647663,30.139484,28.773804,28.625566,26.033516,25.329596,20.022072,21.580984,16.931961,19.177149,16.349127,17.52338,18.708153,20.345467,25.015505,25.177055,25.47096,30.325697,31.612843,29.39329,27.389309,29.548845,30.873682,36.70182,34.620483,31.109438,31.618835,28.740723,30.1575,28.148195,31.297867,29.806053,26.764486,23.056221,24.657326,20.387144,24.72693,23.492556,28.02481,27.144241,32.563877,33.688087,37.24651,37.381447,40.44812,38.356754,35.626347,31.556469,29.8536,24.913277,25.7975,20.460629,18.914373,17.146025,14.409296,15.637524,18.73765,21.928267,24.08067,25.617002,27.115793,25.476658,31.513172,30.01734,34.95275,37.12436,36.845978,33.99429,32.815643,27.861069,27.976675,23.600445,24.616364
23,17.35879,13.426145,16.634768,14.794733,15.047659,18.076818,17.687984,23.220257,22.743647,28.393133,29.503927,32.606308,32.64217,30.501684,27.239042,23.199121,21.386364,17.202267,13.499361,10.862711,7.659342,8.362861,5.0121098,0.0,5.5621176,7.7578053,8.1280155,9.0296335,6.261214,11.050995,10.211202,17.678675,18.808533,22.01822,25.258644,26.881151,29.339895,27.834532,26.922523,24.423239,22.734837,17.646404,18.45418,13.511927,15.696631,12.257991,14.514231,14.531381,15.793909,20.355673,20.927807,20.71619,25.722067,27.445812,25.332262,23.653597,26.072111,27.826015,33.57777,31.807947,28.428751,28.620235,25.457314,27.129583,24.536352,28.56613,27.147259,23.58824,20.666153,22.613129,17.851248,22.43708,21.240635,25.923662,25.200708,30.544851,31.972692,35.273643,35.873173,39.14878,37.541588,34.98027,30.43401,29.026543,23.750786,25.402082,19.32404,18.756153,16.534027,14.256322,16.363976,19.13325,22.592243,25.180832,26.089209,27.407784,25.155344,31.054413,29.068806,33.74993,36.211838,36.41361,33.695644,33.076157,28.075766,28.970987,24.776224,26.531057
24,16.320967,13.369524,16.60383,16.447863,16.724644,20.808353,19.950808,26.215742,26.223558,31.6617,33.589275,36.240215,36.588364,34.822487,31.084705,27.468594,25.457325,21.293825,17.748291,14.26202,11.791995,9.794801,6.993611,5.5621176,0.0,4.308818,8.046266,10.525167,10.511344,14.731982,15.508007,22.605446,24.15838,27.37388,30.393995,32.22783,34.48687,32.75653,31.921099,29.22194,27.678751,22.190893,22.36242,17.84614,18.444656,13.966956,14.642479,14.26197,17.149473,21.093872,22.839764,23.112116,28.107004,30.178316,28.911293,27.632645,29.575401,31.736732,37.360306,35.20971,31.961367,31.23133,27.736032,28.6732,25.43491,29.012804,26.727476,22.666248,19.719227,22.649248,19.50444,24.306562,24.191963,28.70787,28.806831,33.81273,35.856987,39.19452,39.95568,43.024063,41.452087,38.463177,34.124565,32.208397,27.205172,28.025797,22.004484,20.638777,17.559568,14.439128,15.658298,17.521086,20.848867,24.123495,25.586712,27.413998,25.50082,31.668638,30.341745,35.052555,37.785328,37.698463,35.270798,33.78499,29.60398,30.02405,25.845854,27.73627
25,19.74122,16.814468,19.205454,19.088736,18.498377,23.035158,20.87643,27.300848,26.842804,32.296227,34.011044,36.550232,37.396614,35.749584,32.387665,28.44317,27.052816,22.235176,19.749353,15.651784,13.947836,11.816174,10.555029,7.7578053,4.308818,0.0,4.9698124,8.539874,10.393004,14.462805,16.313793,23.22492,25.601542,28.043928,31.178625,33.02737,34.949615,32.921062,31.75567,28.966566,27.200968,21.58194,20.912216,16.91945,16.226522,11.187234,11.369054,10.368071,13.934263,17.50685,19.718214,20.454987,25.238749,27.422312,26.839209,25.943407,27.480165,30.035185,35.439007,33.163227,30.121069,28.686049,24.954916,25.595572,21.872776,25.594639,23.069416,18.64338,16.174326,19.61309,17.040709,21.89919,22.417767,26.773367,27.462656,32.09346,34.668007,37.837875,38.957565,41.96231,40.737553,37.630737,33.19091,31.196438,26.27512,27.112417,20.851719,19.833254,16.231886,13.40115,14.94347,16.140429,19.500778,23.163042,24.179043,25.956055,23.734474,29.740345,28.3507,32.81135,35.81201,35.941612,33.768982,32.39176,28.582357,29.414612,25.50639,27.999554
26,22.71946,19.18816,21.013437,19.9247,18.628248,22.831747,19.844305,25.833143,24.61502,30.173815,31.115705,33.842228,34.935673,33.167366,30.503693,26.027016,25.387394,20.017155,18.595135,14.52384,13.355482,12.462633,12.1558075,8.1280155,8.046266,4.9698124,0.0,4.804751,7.4097595,11.372691,13.561741,20.15388,23.116322,24.704388,28.013556,29.74204,31.417702,29.245794,27.725546,24.97951,22.944845,17.431767,16.252495,12.581564,11.435825,6.248387,7.7690263,6.5893373,9.287895,13.428595,14.902096,15.902127,20.552523,22.506895,21.94896,21.107788,22.551184,25.213547,30.547197,28.393383,25.41999,24.000786,20.249926,21.256628,17.60408,21.959707,20.047926,15.802933,13.759803,16.657686,13.003968,17.855867,18.13344,22.514755,23.173914,27.716898,30.359371,33.35599,34.69713,37.791252,36.862022,33.954033,29.264057,27.567923,22.5182,24.005146,17.442963,17.428099,14.024424,12.252879,14.829151,16.29281,19.743141,23.060633,23.219515,24.502518,21.710403,27.340626,25.318155,29.544827,32.574135,33.13902,30.952736,30.38935,26.241625,27.827099,24.159918,27.064037
27,22.172153,18.340494,19.179478,17.53468,15.499133,19.581865,15.778279,21.528336,20.07426,25.56458,26.550873,29.137226,30.409704,28.810694,26.24199,21.775806,21.485294,15.872057,15.496167,11.122122,11.175018,10.516248,12.1563,9.0296335,10.525167,8.539874,4.804751,0.0,5.4579844,7.0819926,11.105382,16.405727,20.178654,21.57087,24.330694,26.42337,27.717415,25.31374,24.183252,21.175566,20.065792,13.854311,13.00626,9.984504,8.3348,5.1247244,5.813343,8.427348,9.817022,14.5884695,13.888133,16.198235,20.25544,21.047997,20.358358,19.012249,19.856041,22.084309,27.556347,24.96211,21.808897,20.760506,17.371214,18.418932,16.003014,19.543789,18.305382,15.369753,12.284612,13.795214,9.14273,13.952118,13.916397,18.36374,18.934597,23.595116,26.156425,29.356163,30.478611,33.44554,32.335274,29.297337,24.739027,22.887825,17.889025,19.233854,12.687591,12.773346,9.711979,8.674528,11.908315,14.008129,17.427565,20.072205,19.807762,20.744114,17.817402,23.37081,21.132587,25.528774,28.347326,28.873236,26.50899,26.231583,21.705658,23.490406,19.884207,22.873404
28,21.289587,17.007605,18.72468,15.979689,14.814091,17.600494,15.5233135,20.504866,18.980879,24.750572,25.030937,28.260786,28.766808,26.601908,24.194786,19.446302,18.805508,13.599759,12.036078,9.068506,7.694067,9.656533,9.718667,6.261214,10.511344,10.393004,7.4097595,5.4579844,0.0,5.816599,6.206223,13.122571,15.7152815,17.675823,20.945848,22.674664,24.622473,22.73987,21.547167,18.88076,17.27799,11.712435,12.247338,7.5840106,9.818799,7.8771176,11.027819,12.149302,11.946732,16.960457,15.907788,16.491858,20.983816,21.930836,19.803795,17.922886,19.980011,21.652573,27.413195,25.552265,22.167984,22.545465,19.58563,21.614372,19.68538,23.814188,23.203281,20.386133,17.625084,18.55472,12.617009,16.906256,15.209673,19.92555,19.094538,24.411366,25.920689,29.136265,29.92052,33.2358,31.899933,29.445272,24.658424,23.48872,18.065746,20.39634,14.030393,14.652277,12.9092455,12.048472,15.18992,18.125422,21.549238,23.670687,23.590076,24.315495,21.512566,26.891544,24.262022,28.688343,31.099499,31.722025,28.988514,29.261133,23.91933,25.673868,21.840332,24.13825
29,21.890451,17.640392,17.733763,14.547379,12.171591,14.681774,11.08402,15.556116,13.605349,19.298262,19.797764,22.728209,23.616749,21.812998,19.471846,14.755945,14.778708,8.986816,9.878161,6.518851,8.111855,9.788469,12.635441,11.050995,14.731982,14.462805,11.372691,7.0819926,5.816599,0.0,6.7466555,9.621324,13.974363,15.507052,17.591866,20.047817,21.22503,18.86986,18.448807,15.284316,15.545543,8.868463,10.165432,7.64352,8.72048,9.774492,11.116248,14.767317,14.232266,19.190542,16.279222,18.554218,21.99694,21.48902,19.594402,17.223959,18.086485,19.059423,24.800663,22.21477,18.68078,19.487158,17.21761,19.028414,18.73074,21.448467,21.554483,20.272812,16.715174,16.043774,9.791704,13.18298,10.993805,15.521511,14.5737095,19.938799,21.367737,24.898716,25.340658,28.378956,26.75199,23.99727,19.497091,17.98549,12.71501,14.695033,8.6241455,9.42857,8.968945,9.525909,12.877087,16.199825,19.236364,20.386972,19.767092,19.993763,17.210382,22.209547,19.439726,23.968702,26.030869,26.535183,23.61979,24.218407,18.49678,20.47095,16.848333,19.208994
30,22.891352,18.406075,19.960304,15.925392,15.133078,15.816819,15.113231,18.242441,16.291262,21.96429,21.138872,24.967827,24.77069,22.067764,20.298548,15.227457,14.793772,10.29932,8.828926,8.758234,7.5229535,12.08545,12.125265,10.211202,15.508007,16.313793,13.561741,11.105382,6.206223,6.7466555,0.0,8.066743,9.600313,11.881974,15.347948,16.830637,19.21165,17.831356,16.85616,14.571073,13.243803,8.752269,11.356299,6.9362435,12.079418,12.61829,16.140728,17.623081,16.076471,20.937353,18.552582,18.490925,22.460537,22.67243,19.25756,16.616478,19.279514,19.880075,25.681732,24.398954,20.88343,22.944748,20.87369,23.660141,22.950365,26.924353,27.241745,25.25128,22.486414,22.28784,15.484239,18.655043,15.372827,19.817324,17.477886,23.15934,23.378767,26.578373,26.844622,30.369879,28.76914,27.007217,22.218021,21.857645,16.423794,19.708248,14.311157,15.724109,15.685748,15.728251,18.805805,22.300957,25.478687,26.701628,26.368301,26.586937,23.880344,28.635614,25.552404,29.799835,31.611639,32.377144,29.312637,30.44479,24.35921,26.290792,22.633615,24.26563
31,26.51342,22.252178,22.189318,17.568691,15.976299,14.784188,13.674874,13.717978,10.629298,15.623859,13.400255,17.592058,17.240997,14.355074,13.83692,8.204858,9.726247,6.11996,9.117894,10.942767,12.321791,16.410688,18.388945,17.678675,22.605446,23.22492,20.15388,16.405727,13.122571,9.621324,8.066743,0.0,6.025685,6.739393,8.044297,10.63075,12.07168,10.386174,10.860345,8.300546,10.43578,6.928959,11.315369,10.509779,14.579786,17.669971,20.106441,23.148188,21.023134,25.593353,21.337563,22.467703,25.000742,23.45547,19.867453,16.58137,18.062807,17.044588,22.429861,20.914778,17.421032,21.083357,20.45926,23.344273,24.69846,27.282457,28.729403,28.39737,25.309103,23.416315,16.71606,17.927252,13.505665,16.748003,13.0628395,18.57194,17.435349,20.827,20.248913,23.607645,21.52427,20.196035,15.835432,16.119871,11.429575,15.22905,12.220306,14.436664,16.542082,18.045713,20.888391,24.525852,27.073519,26.981539,25.95852,25.35261,22.884672,26.357153,22.94924,26.739185,27.672865,28.503805,25.205885,27.41704,20.864546,23.149744,20.279263,21.376875
32,26.880535,22.729994,23.547281,18.581331,18.30026,15.763363,17.235352,16.636093,14.530752,18.849422,16.290676,20.741045,19.078943,15.572208,15.163881,10.595349,10.623919,9.873134,9.732985,13.586462,13.485287,18.502409,19.015993,18.808533,24.15838,25.601542,23.116322,20.178654,15.7152815,13.974363,9.600313,6.025685,0.0,5.7678466,7.7981195,8.938236,12.1480055,12.208819,12.714358,11.671528,12.504151,11.58231,15.919578,13.965579,19.320492,21.557835,24.703331,26.86772,24.671274,29.23046,25.626673,25.428217,28.356014,27.419893,23.023636,19.75172,22.333555,21.129776,26.238861,25.635561,22.322203,26.438236,25.78301,28.966011,29.863579,33.02948,34.302402,33.422516,30.438545,29.032747,22.198256,23.79714,19.344381,22.575066,18.56588,23.877169,21.942795,24.943478,24.031296,27.47965,25.264706,24.710648,20.71539,21.52754,17.244646,20.920092,18.142857,19.858864,21.715841,22.541319,25.160557,29.015207,31.69914,31.705034,31.159365,30.761702,28.516424,32.180645,28.906975,32.69888,33.476223,34.217316,30.852362,32.928883,26.342886,28.150284,25.093798,25.49745
33,31.931723,27.65811,28.173223,23.330467,22.311995,20.307661,20.227608,19.160885,15.943208,19.784737,15.444776,20.140114,19.079653,15.471365,17.058058,11.975064,14.027569,12.46233,14.423324,17.191437,17.603243,22.353922,23.204126,22.01822,27.37388,28.043928,24.704388,21.57087,17.675823,15.507052,11.881974,6.739393,5.7678466,0.0,5.2723336,5.1366754,7.98476,8.032042,7.266952,7.1544037,7.741655,9.545187,13.575026,13.303596,18.372894,21.728695,25.186977,27.161793,24.067404,28.098888,23.691563,23.456238,25.448135,23.875912,19.215332,15.869788,18.356613,16.549858,21.199633,21.247608,18.248175,23.085539,23.032919,26.640114,28.081284,31.406984,33.3646,32.914272,30.60622,28.70987,21.677307,22.400223,17.497221,20.041725,15.489755,20.301733,17.811878,20.303572,19.63371,23.363676,21.762968,21.94694,17.61365,19.423374,15.445649,20.218893,17.868673,20.8151,22.897705,24.510803,27.506714,31.072594,33.678627,33.61523,32.367504,31.54324,28.912264,31.769194,27.93836,31.055788,31.711546,33.044556,29.851837,32.930733,26.411251,29.059258,26.585047,27.519253
34,32.746414,28.733961,28.397818,23.540781,22.293594,19.468397,19.483047,16.68855,13.488724,16.078987,11.016835,15.722881,14.203875,10.481131,13.118732,8.863051,11.805196,11.959337,15.166106,18.32375,19.636173,23.928684,25.68387,25.258644,30.393995,31.178625,28.013556,24.330694,20.945848,17.591866,15.347948,8.044297,7.7981195,5.2723336,0.0,3.8572288,4.7688875,5.0914073,7.5818386,7.465509,11.366806,12.384267,16.494963,17.095034,21.221306,25.035128,27.636517,30.55504,27.777775,31.89542,26.986818,27.680023,29.263824,26.956537,22.78352,19.396255,20.748726,18.26084,22.35412,21.849733,19.012247,24.224495,24.82954,28.03129,30.40192,32.628082,34.866302,35.212852,32.428288,29.869495,23.384604,23.368721,18.513428,20.233723,15.501251,19.72176,16.418247,19.075699,17.45939,20.714365,18.417301,18.834888,15.470418,17.407703,14.632945,18.692041,18.104197,20.687616,23.610579,25.556686,28.175854,31.778814,33.986984,33.208324,31.854137,30.728992,28.522726,30.745852,27.137213,30.052637,30.09939,31.173395,27.898714,31.191545,24.711287,27.120924,25.128439,25.48541
35,35.35716,31.275352,31.410505,26.470125,25.514997,22.652851,23.033464,20.472092,17.332354,19.832897,14.392923,19.022842,17.324938,13.535462,16.637411,12.662884,15.221629,15.347717,17.802502,21.137398,21.880651,26.546343,27.647663,26.881151,32.22783,33.02737,29.74204,26.42337,22.674664,20.047817,16.830637,10.63075,8.938236,5.1366754,3.8572288,0.0,4.2236876,6.4540467,7.296531,8.744747,10.943201,13.911972,17.75287,18.250866,22.900019,26.63416,29.8226,32.09703,28.904144,32.767384,27.983234,27.88535,29.313469,27.204319,22.544214,19.263742,21.243591,18.624228,22.305243,22.715214,20.15704,25.663149,26.326672,29.884718,32.024933,34.824596,37.17613,37.253677,34.884853,32.51904,25.76235,25.806599,20.818901,22.502504,17.61512,21.562794,17.928783,19.968704,18.54952,21.994722,20.190678,21.327824,17.874096,20.35223,17.565992,22.082369,21.147324,24.04838,26.707634,28.577887,31.369123,34.963318,37.319363,36.756756,35.365696,34.254642,31.873291,34.05432,30.243158,32.933456,33.02438,34.36432,31.180536,34.729057,28.283972,30.867783,28.870985,29.322449
36,37.462025,33.43544,32.974293,28.179401,26.709164,23.99047,23.493814,20.274094,16.763882,18.385712,12.071778,16.440733,15.231309,11.804568,16.110706,12.53222,16.077951,16.195456,19.862455,22.71184,24.120201,28.33809,30.139484,29.339895,34.48687,34.949615,31.417702,27.717415,24.622473,21.22503,19.21165,12.07168,12.1480055,7.98476,4.7688875,4.2236876,0.0,3.532483,5.9949617,7.742029,11.703024,14.616826,18.068186,19.698915,23.416702,27.767656,30.461048,33.232384,29.972633,33.636646,28.285881,28.925747,29.708467,26.874605,22.694094,19.481932,20.464182,17.300446,20.332163,20.512964,18.276623,24.079212,25.366068,28.72925,31.617382,33.737408,36.496716,37.242424,34.90925,31.996166,25.655884,24.909124,19.987583,20.809422,15.863648,18.989494,14.761569,16.605883,14.767749,18.02271,16.204668,17.807577,14.832455,17.790741,15.999013,20.400925,20.576126,23.720821,26.78362,29.13195,31.856579,35.25806,37.338615,36.412563,34.641273,33.201992,30.888739,32.322903,28.450603,30.656574,30.38826,31.861095,28.797886,32.859562,26.643265,29.484272,28.050905,28.55868
