,0,1,2,3,4,5,6,7,8,9,10,11,12,13,14,15,16,17,18,19,20,21,22,23,24,25,26,27,28,29,30,31,32,33,34,35,36,37,38,39,40,41,42,43,44,45,46,47,48,49,50,51,52,53,54,55,56,57,58,59,60,61,62,63,64,65,66,67,68,69,70,71,72,73,74,75,76,77,78,79,80,81,82,83,84,85,86,87,88,89,90,91,92,93,94,95,96,97,98,99,100,101,102,103,104,105,106,107,108,109
0,0.0,4.2244997,6.7840343,9.997989,12.66597,15.306813,18.409557,22.140205,25.49911,27.113321,32.315346,33.36875,33.0856,34.687378,32.360718,33.21454,33.844936,31.89637,36.553665,34.033897,37.978867,37.826595,41.557014,42.35932,42.620586,38.76154,39.15799,40.169613,34.060814,37.86729,35.31579,39.706284,40.24757,41.76967,43.637062,44.88132,48.960865,48.27851,46.26911,44.038834,44.47184,41.565407,38.325714,36.21433,40.31659,36.200615,39.337593,38.75636,41.119038,41.3616,40.290142,43.265682,40.60219,43.63869,42.289318,45.281944,41.214874,43.71358,43.4393,41.267307,38.269035,37.351707,35.068665,31.530453,32.029716,26.979368,27.93772,24.70114,27.854609,24.126837,23.74925,27.712307,25.223942,30.922115,26.84515,31.357372,30.977444,32.52674,35.145245,34.853966,36.97661,34.58255,32.510647,31.355476,27.761866,30.176744,25.294754,28.947817,27.249557,29.21748,30.911339,31.388376,26.068151,24.752094,22.564785,19.029146,20.008327,16.6749,15.762714,18.1035,17.84325,14.953598,16.105825,18.625698,18.801258,24.064732,24.68309,25.644423,28.680655,28.78373
1,4.2244997,0.0,5.0128627,6.9942217,9.077199,12.689546,14.7963085,19.3113,22.157673,24.118258,29.181643,30.380384,30.298147,31.590525,29.362682,29.785658,30.51303,28.265686,32.993275,30.32057,34.19574,34.269474,37.76707,38.801723,38.914005,35.137928,35.289764,36.182755,29.98148,33.779625,31.141983,35.6622,36.251053,37.95125,39.736416,41.152985,45.146442,44.33073,42.334156,40.07057,40.38503,37.4018,34.15574,31.999475,36.158024,32.072773,35.280598,34.808464,37.10915,37.34679,36.193195,39.237755,36.653694,39.619385,38.147015,41.15005,37.054924,39.554626,39.378204,37.282356,34.234943,33.43735,31.029629,27.608109,28.190252,23.12395,24.345484,20.986515,24.403622,20.507246,19.796112,23.61368,21.015797,26.747232,22.763111,27.273998,27.126883,28.740204,31.485634,31.442327,33.46567,30.864561,29.022808,27.628216,23.867676,26.317862,21.243479,24.952028,23.322865,25.363663,27.315796,27.91578,22.701492,21.613571,18.908676,16.018175,16.794035,14.134807,12.306236,14.127784,14.272782,12.153674,14.414369,16.483011,16.034536,21.58107,21.372534,22.701965,25.391134,25.811768
2,6.7840343,5.0128627,0.0,5.37426,7.0635986,9.162699,12.526459,15.719028,19.376795,20.580051,25.852234,27.215275,27.36512,29.078259,27.404835,28.203608,29.693893,27.79758,32.968704,30.90207,34.920033,35.52355,39.035805,40.531673,40.83689,37.41417,37.233585,37.61568,30.883108,34.227604,31.18275,35.42527,34.911346,36.66207,38.15367,39.19395,43.395844,42.79554,41.14502,39.31615,39.378315,37.149963,33.538013,32.156918,36.93788,33.170498,36.70926,36.662937,38.706665,38.81068,37.20348,40.230682,37.437653,39.883415,38.163395,40.685345,36.380154,38.657204,37.95793,35.848846,32.855305,32.338867,30.581621,27.227491,28.935385,23.789148,25.580215,22.643534,26.802303,23.120663,21.833376,24.792723,21.541346,26.772354,21.709673,26.052582,25.128675,26.422201,28.842842,28.311079,30.512142,28.373297,26.28552,25.513514,22.239023,25.148787,20.883797,25.568306,24.666847,27.261124,29.635517,30.799028,25.562595,24.493536,21.01667,18.883875,18.585821,16.708815,14.994638,15.453162,14.822851,13.6444645,16.617332,17.255571,16.464014,21.383286,20.803534,21.277765,23.829048,23.40814
3,9.997989,6.9942217,5.37426,0.0,3.8632715,6.168142,8.941475,12.825772,15.692301,17.788319,22.777912,23.596945,23.333616,24.745113,22.600458,23.359762,24.481834,22.679174,27.757166,25.863274,29.991446,30.544134,34.333336,35.799805,36.491024,33.304363,33.42662,33.551147,26.68778,29.85146,27.14041,30.892422,30.86104,32.096874,34.018593,35.035496,39.193596,38.740067,36.744415,34.750446,35.352203,33.062542,29.73197,28.493204,33.142635,29.549026,33.164856,33.43715,35.628326,36.05718,34.51454,37.93249,35.668163,37.983707,35.71535,38.253887,33.653263,35.68407,35.230938,33.714638,30.437462,30.799059,28.732283,25.925844,27.751236,22.741793,25.04348,21.682407,25.829348,21.537792,19.420929,22.338184,18.690094,24.23783,19.269148,23.333218,23.037924,23.942575,26.51795,26.300247,27.838816,25.386187,22.80791,21.642973,18.300108,20.61463,16.492722,20.99508,20.29707,23.233715,25.509031,27.349031,21.779245,20.481932,16.793926,14.922513,13.828149,12.602858,11.302884,11.28953,9.733128,8.963994,12.700068,12.400528,11.232917,16.143644,15.499843,16.164545,18.87406,18.911963
4,12.66597,9.077199,7.0635986,3.8632715,0.0,5.31195,5.7586856,10.741944,13.138437,15.272918,20.190826,21.564903,21.917212,23.051456,21.492218,21.636284,23.344534,21.133253,26.465746,24.471338,28.431973,29.499908,32.77307,34.693913,35.041267,32.01093,31.55729,31.47288,24.438276,27.48329,24.359892,28.434408,27.90621,29.68332,31.194427,32.389076,36.50374,35.83651,34.11067,32.264736,32.362938,30.210672,26.6232,25.52107,30.49504,27.009186,30.758621,31.173489,33.106953,33.34458,31.540197,34.851826,32.440453,34.53944,32.26397,34.66124,30.08474,32.154778,31.587984,29.932858,26.707262,26.993813,25.082691,22.302046,24.563835,19.596378,22.217457,19.140991,23.702312,19.712751,17.31851,19.541037,15.668126,20.847956,15.564675,19.67374,19.237757,20.292908,22.931461,22.847864,24.558409,22.016832,19.953213,18.736555,15.262387,18.127417,13.942669,19.022852,18.67451,21.699413,24.471071,26.300402,21.257368,20.45964,16.053036,15.529487,14.145967,14.127612,11.607015,10.048868,9.35382,10.559533,15.124469,14.236656,12.227436,16.929388,14.73217,15.633126,17.496407,17.604303
5,15.306813,12.689546,9.162699,6.168142,5.31195,0.0,6.020126,6.9305224,10.818352,12.063433,17.228254,18.1444,18.22506,20.073797,18.807842,19.948954,22.211533,20.936533,26.454964,25.497425,29.632689,30.949385,34.587677,36.673832,37.603325,35.023083,34.713535,34.10791,26.781643,29.140179,26.035942,29.158186,27.679537,28.86555,30.424967,30.926836,35.30496,35.163517,33.589134,32.194786,32.54317,31.328478,27.662926,27.588974,32.879658,29.886442,33.82041,34.706596,36.528378,36.85396,34.795414,38.21072,35.916054,37.47263,34.756405,36.6135,31.744278,33.33878,32.285572,31.024637,27.790476,28.893427,27.627937,25.265007,28.443876,23.669804,26.670256,23.859077,28.603582,24.640429,21.85002,23.475754,19.17438,23.72566,17.648382,21.065489,19.951765,20.146822,22.25068,21.501537,22.940952,21.050652,17.950811,17.618841,15.186588,17.931057,15.465289,20.994892,21.428411,24.932682,27.646198,30.17904,24.91379,23.790562,19.381905,18.860521,16.549765,16.755451,15.537491,13.729572,11.451183,12.637995,16.763884,14.528429,12.737984,15.943823,14.270769,13.585566,15.707645,14.528607
6,18.409557,14.7963085,12.526459,8.941475,5.7586856,6.020126,0.0,6.796263,7.631677,10.3395,14.820174,16.363743,17.183594,17.945387,17.051184,16.696356,19.238272,17.020435,22.657423,21.226982,25.064838,26.877024,29.821049,32.34384,32.81341,30.406906,29.534649,28.743832,21.361269,23.67972,20.273256,23.875834,22.501173,24.355434,25.641142,26.725006,30.886246,30.295034,28.755983,27.219807,27.153166,25.643028,21.87403,21.663671,27.096752,24.201311,28.206388,29.255217,30.873371,31.131886,28.940363,32.382862,30.23985,31.66556,28.801046,30.71891,25.837896,27.514978,26.720161,25.532402,22.179262,23.467669,21.931082,19.90472,23.232023,18.763983,22.155277,19.48559,24.33303,20.568396,17.293655,18.098604,13.601065,17.84337,11.856647,15.241596,14.747154,15.188214,17.761156,17.806986,19.071327,16.454536,14.236086,13.018067,9.806125,13.034588,10.041862,15.988677,16.769978,20.280952,23.4592,26.008135,21.474562,20.978642,15.916962,17.12706,14.62107,16.35556,13.831974,10.347895,9.33073,12.765832,17.737698,15.320443,12.511842,15.780626,11.795317,12.385198,13.047385,13.066273
7,22.140205,19.3113,15.719028,12.825772,10.741944,6.9305224,6.796263,0.0,5.285427,5.188036,10.375549,11.661708,12.668434,14.593068,14.849904,15.82898,19.50141,18.650585,24.326181,24.31977,28.15251,30.358065,33.507595,36.287918,37.321186,35.48994,34.64284,33.247017,25.767088,27.09462,23.68941,25.985365,22.895308,24.123566,25.13954,25.163885,29.666943,29.78009,28.720032,28.023592,27.996641,28.000896,24.121485,25.385105,31.131062,28.953968,33.0661,34.61572,35.973034,36.213203,33.681576,37.045723,34.927795,35.5925,32.355118,33.42274,28.36442,29.370268,27.762136,26.998829,23.860025,26.025597,25.587986,24.05527,28.454697,24.31684,27.935852,25.745201,30.767515,27.235527,23.84358,23.992006,19.376774,22.425999,15.812932,17.947222,16.18914,15.329243,16.804045,15.652433,16.643919,15.342166,11.7015,12.406738,11.488682,14.502723,14.412581,20.399384,22.032845,25.844309,28.92466,32.04147,27.436975,26.667166,21.766848,22.782907,19.657568,21.315332,19.89656,16.664347,14.459349,17.3344,21.715094,18.250008,15.87689,17.198595,13.906159,12.186166,12.584924,10.188601
8,25.49911,22.157673,19.376795,15.692301,13.138437,10.818352,7.631677,5.285427,0.0,4.5701275,7.605234,8.837142,10.329445,10.941459,11.610295,11.317278,15.4903555,14.326924,19.969954,20.1702,23.71338,26.377232,29.119013,32.237846,33.257267,31.872831,30.809,29.002964,21.599644,22.384708,19.035898,20.882069,17.67542,18.91671,19.973307,20.233524,24.663195,24.667315,23.473518,22.754375,22.791685,22.944708,19.190876,20.931168,26.648838,24.932518,29.043476,30.974257,32.171173,32.54161,29.95204,33.46256,31.823044,32.167156,28.481417,29.404541,24.187756,24.890368,23.508331,23.381168,20.059122,23.162169,22.571198,21.836805,26.350155,22.80665,26.71099,24.619604,29.419758,25.979383,22.137526,21.508518,16.907705,19.238173,13.167628,14.306107,13.360403,11.916995,13.579699,13.258387,13.21878,11.219414,7.2576866,7.2217627,6.781897,9.531253,10.877434,16.619751,18.933243,22.792429,25.97259,29.444323,25.42325,24.966114,19.938705,22.145548,18.663351,21.456964,19.805185,15.758612,13.928004,17.96046,22.519167,18.644623,15.782512,16.33662,11.493536,10.309711,8.932398,7.479281
9,27.113321,24.118258,20.580051,17.788319,15.272918,12.063433,10.3395,5.188036,4.5701275,0.0,5.3717446,7.8529654,10.425774,11.978491,13.98353,14.355199,19.06599,18.415955,23.891235,24.477266,27.856459,30.721199,33.271545,36.562088,37.514313,36.237885,34.905956,32.982124,25.653656,26.159464,22.553085,24.231133,19.702326,21.19277,21.49071,21.174856,25.693012,25.915615,25.439396,25.398985,24.836672,25.884754,21.884665,24.193993,30.143248,28.648523,32.768463,34.743183,35.679607,35.79608,32.937515,36.13601,34.15129,34.10171,30.57225,30.962727,25.90729,26.419832,24.335863,23.963305,21.0374,23.979834,24.269531,23.452587,28.605679,25.114584,29.012436,27.372513,32.433926,29.357914,25.740316,24.81929,20.28924,21.93725,15.414676,16.238142,13.968145,12.139795,12.837995,11.327533,11.84425,11.258868,7.4501314,9.504662,10.377255,13.414776,15.192608,21.008438,23.366436,27.154598,30.444815,33.770603,29.825027,29.388432,24.312618,26.279934,22.913458,25.313723,23.639305,19.756227,17.959248,21.562992,26.041424,22.2029,19.589603,19.999832,15.78246,13.861523,12.607937,9.754314
10,32.315346,29.181643,25.852234,22.777912,20.190826,17.228254,14.820174,10.375549,7.605234,5.3717446,0.0,4.5834413,8.729706,9.336377,13.090859,12.863831,18.219933,18.051876,22.920872,24.303616,27.13997,30.51611,32.576103,36.232002,37.306305,36.694515,35.127895,32.648556,25.713247,25.236858,21.828413,22.350624,16.575596,17.806475,17.540081,16.622278,21.127464,21.685377,21.684076,22.365526,21.62255,23.869383,20.121876,23.561438,29.362415,28.690708,32.686714,35.128082,35.72792,35.881973,32.859875,35.9831,34.4207,33.67899,29.731613,29.442545,24.426329,24.212547,21.831125,22.325453,19.64008,23.70276,24.49881,24.616938,30.118288,27.361185,31.420677,30.113773,34.979008,32.16683,28.313679,26.596895,22.30554,22.752823,17.011412,16.3118,14.240847,11.302887,10.930766,9.462389,8.173349,8.650267,4.2637744,7.9920835,11.064375,13.063486,16.807308,21.84181,24.838322,28.542269,31.798431,35.44684,32.07313,31.828678,26.839163,29.516014,25.885614,28.916006,27.333467,23.099012,21.411194,25.447027,29.822117,25.583134,22.885216,22.266054,17.628876,15.569848,12.980672,10.194146
11,33.36875,30.380384,27.215275,23.596945,21.564903,18.1444,16.363743,11.661708,8.837142,7.8529654,4.5834413,0.0,4.351634,5.4161687,9.5289,10.474282,15.608562,16.53324,20.982271,23.190668,26.129076,29.24851,31.860369,35.239353,36.970394,36.60322,35.63353,33.012222,26.20258,25.42812,22.739132,22.151882,17.139864,16.7175,17.479357,15.875917,20.45251,21.717981,21.102531,21.711155,22.18926,24.52963,21.41583,24.967468,30.322721,29.827654,33.738667,36.34131,37.18529,37.69551,34.925003,38.352093,37.242657,36.60824,32.356113,32.184223,27.047615,26.548332,24.55687,25.697664,22.86295,27.396961,27.768616,28.071743,33.182472,30.363312,34.42195,32.698433,37.354378,34.09798,30.0433,28.729908,24.37971,25.35599,20.008738,19.319504,18.055008,15.092499,14.914515,13.829722,11.703836,11.925201,6.548121,9.314987,12.5717745,13.082269,17.593176,21.98491,25.100277,28.947138,31.789543,35.911133,32.211967,31.621191,27.014416,29.401024,25.441261,28.512442,27.744347,23.810219,21.400656,25.14101,29.028694,24.331621,21.921839,20.17105,16.28949,13.460434,10.916087,7.488454
12,33.0856,30.298147,27.36512,23.333616,21.917212,18.22506,17.183594,12.668434,10.329445,10.425774,8.729706,4.351634,0.0,3.8929632,6.4596004,9.321145,13.5371,15.463828,19.551014,22.265272,25.442299,28.06899,31.370668,34.309704,36.62585,36.280083,35.969536,33.422226,26.702473,25.987513,23.943275,22.76817,19.053581,17.345701,19.222363,17.42829,21.870611,23.532173,22.183094,22.386732,24.001415,25.917866,23.320757,26.539227,31.467756,30.877787,34.704006,37.286617,38.45444,39.277645,36.806175,40.510773,39.690777,39.361927,34.985912,35.134968,29.903784,29.409899,27.850515,29.229298,26.199568,30.796057,30.667923,30.890423,35.53398,32.506752,36.48945,34.321808,38.781357,35.078262,30.945877,30.219261,25.83109,27.551151,22.435295,22.110193,21.425388,18.68962,18.903627,18.050795,15.877806,15.630818,10.043378,11.663202,14.269387,13.751715,18.173597,22.013298,24.98235,28.91869,31.324543,35.764317,31.632578,30.653345,26.485939,28.360811,24.20824,27.113588,27.161896,23.697634,20.620457,23.859753,27.18741,22.188112,20.162535,17.458939,14.6883745,11.128188,9.290674,5.38217
13,34.687378,31.590525,29.078259,24.745113,23.051456,20.073797,17.945387,14.593068,10.941459,11.978491,9.336377,5.4161687,3.8929632,0.0,5.1551733,6.295086,10.932207,12.844312,16.51299,19.512856,22.321476,25.24453,28.182425,31.317797,33.614258,33.61375,33.194473,30.40168,23.996881,22.810204,21.05636,19.249748,15.677815,13.501649,15.672077,13.983681,18.359589,20.007017,18.393293,18.563,20.469912,22.507036,20.267149,23.757296,28.39572,28.189898,31.880152,34.67019,35.72599,36.65257,34.23714,37.982796,37.53625,37.04843,32.46385,32.552246,27.359247,26.6272,25.36937,27.232708,24.185547,29.23282,28.934422,29.633493,34.11077,31.507399,35.518097,33.427303,37.62507,34.04515,29.786448,28.675125,24.530338,25.775303,21.409462,20.4896,20.467596,17.609915,17.901264,17.72647,14.899479,14.198154,9.028872,9.8642845,12.9216585,11.439767,16.755997,19.847437,23.131577,26.914421,29.268606,33.834892,30.199202,29.454386,25.377579,27.90254,23.723394,27.18914,27.031689,23.28287,20.596209,24.318514,27.723642,22.746891,20.48216,17.605474,14.008514,11.2635355,8.099167,6.1002975
14,32.360718,29.362682,27.404835,22.600458,21.492218,18.807842,17.051184,14.849904,11.610295,13.98353,13.090859,9.5289,6.4596004,5.1551733,0.0,4.973331,7.3740172,10.07508,13.68633,16.681507,19.997555,22.155775,25.991386,28.512426,31.284477,31.023115,31.36912,28.909569,22.533644,21.870323,20.770842,19.0253,17.693392,14.877667,18.25753,17.23012,21.272367,22.735302,20.170244,19.321236,22.285044,23.04538,21.255205,23.771515,27.911995,27.269556,30.859182,33.42668,34.946693,36.201233,34.21377,38.265877,38.04132,38.151123,33.61816,34.364456,29.10451,28.727232,28.110092,29.850891,26.50859,31.225851,30.15047,30.55942,34.28087,31.386604,35.20961,32.575176,36.462494,32.390697,28.13658,27.836222,23.739492,26.047363,22.026962,21.825764,22.514332,20.217922,21.23351,21.387499,18.994707,17.455782,12.364348,11.816832,13.328218,10.965635,15.307433,17.703299,20.590063,24.416376,26.282803,31.064783,26.926365,25.787268,22.219114,24.20976,19.92574,23.281282,23.871077,20.686441,17.46522,20.711536,23.575424,18.464628,16.494488,12.85384,10.181526,7.203856,4.9403687,4.681219
15,33.21454,29.785658,28.203608,23.359762,21.636284,19.948954,16.696356,15.82898,11.317278,14.355199,12.863831,10.474282,9.321145,6.295086,4.973331,0.0,5.479841,6.5918365,10.527487,13.218094,16.146051,19.011948,22.06183,25.107565,27.416416,27.385582,27.226051,24.517368,18.240913,17.186937,16.044292,14.148203,13.048305,10.558292,14.065407,13.887002,17.782492,18.67945,15.897656,14.720343,17.551407,18.072828,16.39289,19.066216,23.149496,22.810833,26.36074,29.120338,30.429173,31.661228,29.629993,33.65905,33.681393,33.63979,28.987032,29.739307,24.538073,24.095358,23.82545,25.825197,22.46765,27.435827,26.180052,27.047228,30.633177,28.24998,32.096306,29.700975,33.366188,29.62425,25.27822,24.327806,20.533964,22.135506,18.963642,18.13656,19.542301,17.31894,18.554346,19.476646,16.811083,14.5929165,10.561319,8.78735,10.382416,6.9571404,12.37836,14.129472,17.494589,21.130074,23.252897,27.973698,24.624573,24.02563,20.246405,23.332413,19.223312,23.290297,23.047487,19.27594,17.017166,21.108414,24.44251,19.742027,17.238533,14.524462,9.908056,9.02361,4.7636967,7.182568
16,33.844936,30.51303,29.693893,24.481834,23.344534,22.211533,19.238272,19.50141,15.4903555,19.06599,18.219933,15.608562,13.5371,10.932207,7.3740172,5.479841,0.0,4.594967,6.4031653,9.94975,13.024501,14.956467,18.972824,21.270111,24.376846,24.477123,25.325855,22.811663,17.28586,16.356806,16.658934,14.029481,15.9229965,12.349413,16.938473,17.14346,20.237186,21.129343,17.399298,15.228799,19.497871,18.818916,18.276068,19.939644,22.809433,22.409674,25.528143,28.173107,29.905699,31.613012,30.186378,34.471886,35.058235,35.465874,30.827972,32.095543,27.090143,26.750566,27.248346,29.43313,26.008696,30.78901,28.818924,29.700481,32.32883,30.023216,33.57072,30.734314,33.76393,29.659464,25.379293,25.105232,21.773716,24.045023,21.908678,21.423159,23.62281,21.850172,23.44028,24.657154,22.073566,19.524853,15.895002,13.565092,13.947977,9.732595,13.577355,13.204676,16.104694,19.420616,20.649452,25.750448,22.307823,21.389328,18.641483,21.443722,17.389488,21.555119,22.177181,19.1467,16.711023,20.197395,22.647465,18.07687,16.04413,12.405772,9.177394,9.405083,6.9306493,10.666967
17,31.89637,28.265686,27.79758,22.679174,21.133253,20.936533,17.020435,18.650585,14.326924,18.415955,18.051876,16.53324,15.463828,12.844312,10.07508,6.5918365,4.594967,0.0,5.751615,6.809202,10.367902,12.805433,16.298422,19.011236,21.323303,21.016304,21.380604,19.016273,12.943211,12.583178,12.521456,11.184255,13.984486,11.985356,16.080378,17.36117,20.380165,20.39806,16.734074,13.969596,17.489223,15.682551,14.860963,15.763576,18.839363,18.042303,21.33153,23.865778,25.624203,27.252914,25.829542,30.151152,30.662464,31.315905,26.827253,28.474733,23.504326,23.581053,24.418486,26.259558,22.743546,27.131485,24.769789,25.609516,27.896166,25.718384,29.190166,26.393326,29.300411,25.336346,21.03664,20.58102,17.431181,19.724277,18.169481,17.817236,20.573496,19.312723,21.365532,23.046734,20.88696,17.695389,15.0294285,11.8108835,11.092602,6.670385,9.624491,8.689698,11.844526,15.2039585,16.894724,21.809723,18.712757,18.259224,15.059654,18.708532,14.922125,19.532505,19.24671,15.7904005,14.26591,18.389067,21.399706,17.416586,14.870429,12.882723,7.9080896,9.9969845,7.2529964,11.771307
18,36.553665,32.993275,32.968704,27.757166,26.465746,26.454964,22.657423,24.326181,19.969954,23.891235,22.920872,20.982271,19.551014,16.51299,13.68633,10.527487,6.4031653,5.751615,0.0,5.255935,7.011776,9.118692,12.777717,15.121606,18.395943,19.116058,20.241575,17.556385,13.481643,11.994946,14.012905,10.477388,15.609212,12.141781,16.926765,18.26294,20.204643,20.38539,15.979899,12.648028,17.697273,15.5842285,16.490019,17.240913,18.495516,18.58706,21.025118,23.78548,25.562958,27.652145,26.769722,31.113022,32.500366,33.051254,28.431173,30.05479,25.538324,25.190617,26.670069,29.189922,25.917728,30.592684,28.007088,29.396175,31.03581,29.503286,32.704212,29.939297,32.08514,28.26832,24.157509,23.62813,21.311426,23.052387,22.834164,21.946144,25.211012,23.90411,25.752806,27.70684,25.076923,22.02599,19.786163,16.678728,16.415108,11.789267,14.550281,11.344141,14.022903,16.318588,16.882269,22.045572,19.88785,19.511177,17.681368,21.363016,17.994038,22.592241,22.859594,19.99707,18.740793,22.296976,24.452353,20.769547,18.760057,16.001131,12.665608,14.656042,12.335399,16.599783
19,34.033897,30.32057,30.90207,25.863274,24.471338,25.497425,21.226982,24.31977,20.1702,24.477266,24.303616,23.190668,22.265272,19.512856,16.681507,13.218094,9.94975,6.809202,5.255935,0.0,4.4022536,6.2639933,9.924044,12.305093,14.685866,14.544826,15.638824,13.506317,9.089234,9.086422,11.297079,10.050815,16.465906,14.842752,18.86792,21.093231,23.012678,22.342999,18.179543,14.341132,18.28299,14.440804,15.207671,14.255121,15.129861,14.348318,16.774921,19.153767,21.278976,23.452244,22.887836,27.336893,28.704992,29.856907,25.610027,27.939852,23.621944,23.945993,25.903536,27.82913,24.499483,28.365623,25.137554,26.264057,27.05865,25.604544,28.487953,25.581327,27.293083,23.488518,19.539476,19.292183,17.523561,19.693235,20.400608,20.035412,23.836668,23.274496,25.637524,27.914463,25.917461,22.330074,20.862467,17.193743,15.646909,11.624515,12.108607,7.205679,9.267244,11.130371,11.72315,16.830124,15.021883,15.102131,13.396945,17.716003,14.969958,19.748947,19.35027,16.60316,16.372223,20.011402,22.323854,19.522287,17.324059,16.160425,12.302212,15.640755,13.828004,18.454536
20,37.978867,34.19574,34.920033,29.991446,28.431973,29.632689,25.064838,28.15251,23.71338,27.856459,27.13997,26.129076,25.442299,22.321476,19.997555,16.146051,13.024501,10.367902,7.011776,4.4022536,0.0,4.668511,5.9956994,9.228535,11.5604,12.677099,13.602136,10.863858,8.865698,7.3949165,11.261554,8.745292,16.575434,14.88915,18.67094,21.266008,22.317068,21.34849,17.031485,12.885876,17.102001,12.795238,14.904732,13.843785,13.046277,13.36098,14.926006,17.642818,19.48046,21.899628,21.66646,25.979586,28.063389,28.962982,24.670832,26.90287,23.107897,23.129124,25.62559,27.997461,24.979383,28.983604,25.703358,27.41529,27.81267,27.149677,29.824078,27.278717,28.412462,25.153778,21.461948,20.591087,19.623106,20.721355,22.611517,21.58944,25.750051,25.198658,27.385574,29.98107,27.730305,24.19306,23.424866,19.756046,18.601786,14.560984,15.454651,10.009215,11.817217,12.42846,12.497979,17.169945,16.960098,17.574318,16.51044,21.117662,18.846153,23.560675,22.938103,20.22856,20.509531,24.136585,26.305779,23.769905,21.64727,20.433414,16.654613,19.826027,17.612263,22.123093
21,37.826595,34.269474,35.52355,30.544134,29.499908,30.949385,26.877024,30.358065,26.377232,30.721199,30.51611,29.24851,28.06899,25.24453,22.155775,19.011948,14.956467,12.805433,9.118692,6.2639933,4.668511,0.0,6.1638145,6.5031524,10.327505,11.013889,13.82235,12.229582,11.448051,11.346854,15.167241,13.407705,21.164799,19.170109,23.211172,25.580046,26.66202,25.888416,21.466063,17.354315,21.75134,17.23885,19.306067,17.512756,16.058496,15.706639,16.676838,18.68121,21.060822,23.761452,24.15136,28.461172,30.659697,32.103497,28.162294,30.791805,27.170689,27.45451,30.06429,32.18715,29.11287,32.688778,29.066,30.385534,30.090977,29.203941,31.517103,28.574053,29.191166,25.603228,22.250776,22.37992,21.691372,23.683178,25.611715,25.21487,29.371923,29.037735,31.409819,33.882378,31.812252,28.212908,27.030315,23.35477,21.765062,17.841648,17.745401,11.964164,12.482885,12.44014,11.023225,15.769513,15.375849,15.610854,15.981602,19.807598,18.019093,22.317049,22.419924,20.662636,20.820278,23.613405,24.928446,22.930117,21.338135,20.10942,17.636541,21.04335,19.728413,24.349592
22,41.557014,37.76707,39.035805,34.333336,32.77307,34.587677,29.821049,33.507595,29.119013,33.271545,32.576103,31.860369,31.370668,28.182425,25.991386,22.06183,18.972824,16.298422,12.777717,9.924044,5.9956994,6.1638145,0.0,4.860832,6.0973787,8.873215,10.156639,7.699492,10.341307,9.11561,13.828273,12.039365,20.400824,19.345661,22.46806,25.491695,25.718853,24.24019,20.152777,16.00317,19.574627,14.393417,17.537687,15.344452,11.963268,12.886809,12.685739,15.083516,16.859386,19.687449,20.392609,24.386398,27.330996,28.45319,24.642082,27.207458,24.375923,24.511774,27.735739,30.091581,27.473957,30.908499,27.25602,29.24054,28.502647,28.68611,30.749355,28.471098,28.50977,25.885386,22.857706,21.870867,22.154602,22.635027,26.02047,24.888374,29.432585,29.296902,31.531895,34.43728,32.32729,28.704561,28.677998,24.918941,23.523926,19.894499,19.960596,13.935679,14.612805,13.471168,12.479056,15.959749,17.832104,19.075811,19.164516,23.802267,22.451212,26.870848,25.995405,23.76479,24.824154,28.126312,29.938606,28.178806,26.242254,25.552935,22.092434,25.563974,23.51004,28.040468
23,42.35932,38.801723,40.531673,35.799805,34.693913,36.673832,32.34384,36.287918,32.237846,36.562088,36.232002,35.239353,34.309704,31.317797,28.512426,25.107565,21.270111,19.011236,15.121606,12.305093,9.228535,6.5031524,4.860832,0.0,5.4917564,8.055819,11.680197,10.803967,13.936385,13.698539,18.19199,16.678574,25.010462,23.497526,26.986057,29.765436,30.0422,28.817696,24.572838,20.442198,24.3677,19.245384,22.2378,19.679018,16.12199,16.38273,15.685547,17.216938,19.450375,22.469168,23.76627,27.6537,30.680805,32.26959,28.804018,31.65091,28.95,29.261192,32.51437,34.699883,32.01837,35.151234,31.249123,32.886936,31.572008,31.551994,33.274746,30.660967,30.188053,27.318863,24.666574,24.578074,25.052631,26.305782,29.610226,28.976427,33.495716,33.479977,35.853798,38.646877,36.624336,32.954323,32.507393,28.731924,27.057428,23.394129,22.878298,16.681364,16.489685,14.872226,12.532575,15.673223,17.593771,18.513655,19.93935,23.766182,22.900143,26.843805,26.627157,25.249247,26.166256,28.719645,29.730757,28.4735,27.02612,26.271852,23.890474,27.469765,26.071241,30.695925
24,42.620586,38.914005,40.83689,36.491024,35.041267,37.603325,32.81341,37.321186,33.257267,37.514313,37.306305,36.970394,36.62585,33.614258,31.284477,27.416416,24.376846,21.323303,18.395943,14.685866,11.5604,10.327505,6.0973787,5.4917564,0.0,4.7350087,7.051214,7.074741,12.609919,12.942681,17.107637,17.063723,25.225695,25.002554,27.666832,31.000683,31.10981,29.22024,25.47622,21.40658,24.059278,18.210678,21.201662,17.686356,13.036058,13.247336,11.449231,12.517151,14.613387,17.700554,19.508333,23.088842,26.42284,28.240341,25.29964,28.490068,26.454718,27.13126,30.76141,32.569893,30.191772,32.61455,28.483477,30.229149,28.167776,28.838743,30.129784,27.951267,26.83902,24.748764,22.60284,22.02228,23.440136,23.975462,28.38231,27.68658,32.41997,32.875126,35.34885,38.405697,36.748306,32.93202,33.357864,29.455229,27.44662,24.401575,23.163834,16.972063,16.370064,13.762289,11.824757,13.400962,17.183203,18.992891,20.162313,24.522797,24.232695,28.136814,26.9475,25.392466,27.232166,30.052608,31.5214,30.737001,28.993956,29.195623,26.038824,29.940792,28.313549,32.906937
25,38.76154,35.137928,37.41417,33.304363,32.01093,35.023083,30.406906,35.48994,31.872831,36.237885,36.694515,36.60322,36.280083,33.61375,31.023115,27.385582,24.477123,21.016304,19.116058,14.544826,12.677099,11.013889,8.873215,8.055819,4.7350087,0.0,5.542477,7.711267,11.610055,13.655083,16.925104,18.428404,26.201096,26.493483,29.158396,32.5359,33.229424,31.278254,27.631042,23.511408,25.760565,19.593824,21.665073,17.365805,13.611965,12.172737,10.809308,10.801224,13.741865,16.712854,18.645735,22.364742,25.09139,27.621656,25.07545,28.77718,26.537216,27.79535,31.24771,32.400627,29.839815,31.597122,27.140228,28.250788,25.679728,25.935867,26.94486,24.435406,23.078114,20.72411,18.891108,19.108702,20.758776,22.16948,26.46951,26.51417,31.169691,32.016003,34.78193,37.731274,36.54579,32.550106,32.88231,28.894974,26.250862,23.712791,21.289864,15.253321,13.662403,10.396475,7.9549284,8.736349,12.98981,15.090509,16.654871,20.787207,21.096844,24.648764,23.217987,22.117987,24.36546,26.842203,28.230425,28.049341,26.384434,27.405596,24.424202,28.632904,27.50851,32.086483
26,39.15799,35.289764,37.233585,33.42662,31.55729,34.713535,29.534649,34.64284,30.809,34.905956,35.127895,35.63353,35.969536,33.194473,31.36912,27.226051,25.325855,21.380604,20.241575,15.638824,13.602136,13.82235,10.156639,11.680197,7.051214,5.542477,0.0,4.1677785,9.451125,11.442128,13.995291,16.614105,23.688953,25.141905,26.912304,30.68409,31.208874,28.73084,25.675093,21.828117,22.801456,16.383516,18.303469,13.510109,9.10954,7.757519,5.4180717,5.603859,8.283894,11.28268,13.201113,16.87303,19.806688,22.18411,19.798794,23.604952,21.82404,23.280005,26.93612,27.881151,25.63782,27.031757,22.594643,24.093391,21.402967,22.458317,23.446081,21.64081,20.286942,18.874468,17.099213,15.938024,18.242874,18.299257,23.55704,23.146765,27.909872,28.99988,31.679968,34.856106,33.867317,29.89118,31.123861,27.17773,24.604532,22.61483,20.24424,14.732676,13.665899,10.396026,10.051379,9.945816,14.86502,17.549118,17.651415,22.596722,22.745245,26.56864,24.109768,22.16981,25.004457,28.189419,30.429234,30.028688,27.876087,29.308031,25.237473,29.388197,27.677584,32.042686
27,40.169613,36.182755,37.61568,33.551147,31.47288,34.10791,28.743832,33.247017,29.002964,32.982124,32.648556,33.012222,33.422226,30.40168,28.909569,24.517368,22.811663,19.016273,17.556385,13.506317,10.863858,12.229582,7.699492,10.803967,7.074741,7.711267,4.1677785,0.0,7.482766,7.9110475,11.177846,12.825318,20.116985,21.388498,23.103321,26.880114,27.190453,24.73687,21.630486,17.803602,18.926554,12.590526,15.08655,11.01535,6.1139297,6.538977,5.0461707,7.637006,9.176926,12.002757,12.993064,16.913403,19.984137,21.50845,18.326717,21.590284,19.487867,20.430527,24.098244,25.635002,23.369051,25.621471,21.569014,23.624498,21.978895,23.044413,24.64097,23.008076,22.485168,20.931677,18.47282,16.532864,18.120195,17.484423,22.461262,21.356588,26.1587,26.822203,29.26587,32.496548,31.10911,27.262486,28.535662,24.657951,22.631386,20.247953,18.973259,13.444896,13.507941,11.232851,11.570649,13.01309,16.732794,19.083307,18.42051,23.736235,23.122864,27.402233,25.078981,22.498756,24.878809,28.551897,31.098415,29.98444,27.630352,28.42877,23.938387,27.797508,25.576694,29.894823
28,34.060814,29.98148,30.883108,26.68778,24.438276,26.781643,21.361269,25.767088,21.599644,25.653656,25.713247,26.20258,26.702473,23.996881,22.533644,18.240913,17.28586,12.943211,13.481643,9.089234,8.865698,11.448051,10.341307,13.936385,12.609919,11.610055,9.451125,7.482766,0.0,4.7523875,5.6362996,9.487501,15.6086,17.271955,19.220198,22.737118,24.220144,22.105637,19.031015,15.331576,16.332535,10.488408,10.840588,6.885501,7.439361,5.3464136,8.507895,10.962261,12.745049,14.581433,13.881067,18.357298,19.744265,21.237785,17.445824,20.557686,16.88875,18.131697,20.86098,21.993647,19.006315,21.665981,17.749956,19.19967,18.994308,18.663216,21.181599,19.017103,20.151157,17.550098,13.97491,12.072442,11.999994,12.510837,15.935331,15.302158,19.942982,20.493362,23.192385,26.158638,24.98363,20.970673,21.738518,17.770777,15.330174,13.193774,11.510203,6.3615537,7.485705,7.269047,9.815121,12.850308,13.75318,15.650412,13.162148,18.858974,17.463726,22.05297,19.460073,16.07742,18.195457,22.41292,25.64413,23.99172,21.280697,22.339453,17.164154,20.977995,18.751032,22.922827
29,37.86729,33.779625,34.227604,29.85146,27.48329,29.140179,23.67972,27.09462,22.384708,26.159464,25.236858,25.42812,25.987513,22.810204,21.870323,17.186937,16.356806,12.583178,11.994946,9.086422,7.3949165,11.346854,9.11561,13.698539,12.942681,13.655083,11.442128,7.9110475,4.7523875,0.0,4.8686695,5.308559,12.584475,13.76617,15.67514,19.303196,20.205324,18.07,14.790898,10.968903,12.437375,6.623342,8.591382,6.759923,6.5508575,7.630544,9.946727,13.334242,14.250878,16.083546,15.080702,19.306858,21.248857,21.726887,17.305641,19.546913,15.892529,16.182034,19.050528,21.19716,18.42495,22.188412,18.942608,21.231205,21.83254,21.990545,24.748255,23.039972,24.337152,22.089378,18.479351,15.925101,15.53304,14.708542,17.884455,16.065418,20.614359,20.486635,22.68459,25.762524,23.890287,20.17068,21.088919,17.315418,16.043076,13.156321,13.730231,9.192609,11.5059395,11.783895,13.681767,17.02467,18.06182,19.660084,17.255892,22.815289,20.872473,25.669542,23.49293,19.850096,21.299034,25.734537,28.957687,26.654501,23.920332,23.95731,18.632154,21.857265,18.892986,22.953192
30,35.31579,31.141983,31.18275,27.14041,24.359892,26.035942,20.273256,23.68941,19.035898,22.553085,21.828413,22.739132,23.943275,21.05636,20.770842,16.044292,16.658934,12.521456,14.012905,11.297079,11.261554,15.167241,13.828273,18.19199,17.107637,16.925104,13.995291,11.177846,5.6362996,4.8686695,0.0,6.7054048,10.473328,13.49561,14.393851,18.131756,19.71949,17.34095,14.950086,11.947405,11.4899645,6.4515862,5.2859654,3.3084903,7.708444,7.5523825,11.14563,14.176913,14.742902,15.7560005,13.757138,17.895601,18.788778,19.11016,14.586157,16.762243,12.3976965,13.205592,15.540582,17.082012,14.030834,17.729856,14.64643,16.835712,18.34074,18.225348,21.387806,19.96988,22.08543,20.032988,16.247934,12.946811,11.954589,10.442456,13.24253,11.202716,15.7955065,15.891466,18.258871,21.405756,19.976072,16.089901,17.646973,13.8925905,12.347177,10.586107,10.854009,8.374826,11.098012,12.186172,15.254872,18.154762,18.551277,20.201292,16.664677,22.301218,20.254402,24.935362,22.06533,17.826653,19.553593,24.384464,28.259787,25.895813,22.849003,23.543152,17.511723,20.5312,17.391909,20.957827
31,39.706284,35.6622,35.42527,30.892422,28.434408,29.158186,23.875834,25.985365,20.882069,24.231133,22.350624,22.151882,22.76817,19.249748,19.0253,14.148203,14.029481,11.184255,10.477388,10.050815,8.745292,13.407705,12.039365,16.678574,17.063723,18.428404,16.614105,12.825318,9.487501,5.308559,6.7054048,0.0,8.365417,8.584943,10.753294,14.192024,15.054236,13.30011,9.674174,5.849023,8.451846,5.150259,7.273237,9.182181,10.555446,12.451493,14.850784,18.401926,18.867289,20.36866,18.77959,22.677488,24.368149,23.93915,19.027103,20.100988,16.016178,15.259988,17.4221,20.448555,17.71107,22.683453,20.42177,23.03296,24.929928,24.875229,28.092365,26.567074,28.564064,26.22514,22.319494,19.536922,18.203327,16.948227,18.70433,16.08559,20.025946,18.98758,20.591166,23.48888,20.880304,17.621202,18.238243,14.891959,15.017407,11.557953,14.561553,11.562321,14.85635,16.176842,18.139162,21.986378,22.158443,23.261772,20.396904,25.670256,22.992273,27.893179,26.113989,22.10044,22.674004,27.340855,30.719904,27.60329,24.81051,23.86942,18.387957,20.688549,17.014292,20.637182
32,40.24757,36.251053,34.911346,30.86104,27.90621,27.679537,22.501173,22.895308,17.67542,19.702326,16.575596,17.139864,19.053581,15.677815,17.693392,13.048305,15.9229965,13.984486,15.609212,16.465906,16.575434,21.164799,20.400824,25.010462,25.225695,26.201096,23.688953,20.116985,15.6086,12.584475,10.473328,8.365417,0.0,6.1828847,4.289927,8.026312,10.069541,8.184815,7.1904607,7.351902,5.216574,8.428689,6.6140494,12.029827,16.010996,17.652006,20.657074,24.053595,23.855215,24.413368,21.703632,24.896791,25.422615,23.869762,18.842813,18.317116,13.677153,12.028524,12.127132,15.603771,13.077862,19.191982,18.717314,21.496408,25.382391,25.128027,28.861988,28.036343,31.151789,29.21831,25.24541,21.733644,19.470083,17.055237,16.788246,13.040403,15.447369,13.322859,13.842786,16.565794,13.377571,10.91715,12.582505,10.497133,12.69703,10.834347,15.6462965,15.992205,19.697514,21.893425,24.738096,28.325943,27.759838,28.701597,24.686367,29.675444,26.557302,31.208817,29.019842,24.353004,24.538263,29.570799,33.668163,29.988869,26.923792,25.993578,19.948132,20.884432,16.52438,18.483982
33,41.76967,37.95125,36.66207,32.096874,29.68332,28.86555,24.355434,24.123566,18.91671,21.19277,17.806475,16.7175,17.345701,13.501649,14.877667,10.558292,12.349413,11.985356,12.141781,14.842752,14.88915,19.170109,19.345661,23.497526,25.002554,26.493483,25.141905,21.388498,17.271955,13.76617,13.49561,8.584943,6.1828847,0.0,5.1105685,6.410279,8.447797,8.793856,5.3493085,5.2735004,8.491179,11.347319,11.451542,15.948649,18.75582,20.53317,23.271843,26.79325,27.080065,28.222271,26.057991,29.596827,30.628159,29.389439,24.296274,24.006472,19.565176,17.793491,18.124418,21.773,19.216385,25.258526,24.455309,26.955963,30.454096,29.797323,33.522423,32.098995,35.05809,32.458847,28.267925,25.581596,23.06198,21.89046,21.227978,18.204264,20.511488,18.084324,18.530273,20.595503,16.885166,14.945435,14.350404,12.517315,15.072831,11.651312,17.380392,16.901014,20.715347,23.13249,25.236403,29.570105,28.469572,28.886827,25.464333,30.006084,26.483418,31.175842,30.015331,25.76122,25.033812,29.685968,33.172844,29.021166,26.314789,24.079899,18.934837,19.347479,15.006474,17.17131
34,43.637062,39.736416,38.15367,34.018593,31.194427,30.424967,25.641142,25.13954,19.973307,21.49071,17.540081,17.479357,19.222363,15.672077,18.25753,14.065407,16.938473,16.080378,16.926765,18.86792,18.67094,23.211172,22.46806,26.986057,27.666832,29.158396,26.912304,23.103321,19.220198,15.67514,14.393851,10.753294,4.289927,5.1105685,0.0,4.2610455,5.8265266,4.833,4.608481,7.0989723,5.905255,11.181406,10.556478,15.99551,19.24327,21.393456,24.085817,27.632347,27.31576,27.954992,25.3291,28.326641,29.094715,27.135746,22.102972,20.941097,16.800867,14.454393,14.133502,18.181648,16.188667,22.50711,22.541119,25.459532,29.514427,29.34741,33.093548,32.317085,35.42925,33.466537,29.456818,26.01523,23.704834,21.290249,20.765036,16.96669,18.776104,16.183859,15.951726,18.200325,14.365514,13.011181,14.089907,12.9402,15.978909,13.831793,19.311155,19.569448,23.359682,25.595587,28.152725,31.983398,31.36353,32.124447,28.296305,33.108368,29.761515,34.411606,32.618885,28.033497,27.7736,32.683266,36.596027,32.577744,29.658049,28.008392,22.387625,22.708569,18.232447,19.699362
35,44.88132,41.152985,39.19395,35.035496,32.389076,30.926836,26.725006,25.163885,20.233524,21.174856,16.622278,15.875917,17.42829,13.983681,17.23012,13.887002,17.14346,17.36117,18.26294,21.093231,21.266008,25.580046,25.491695,29.765436,31.000683,32.5359,30.68409,26.880114,22.737118,19.303196,18.131756,14.192024,8.026312,6.410279,4.2610455,0.0,4.6049175,6.4959993,6.8949795,9.991016,10.034622,15.325751,14.5890875,19.975264,23.344751,25.337887,28.128284,31.661983,31.481287,32.164375,29.523985,32.526627,33.126877,31.108995,26.134708,24.74715,20.61968,18.21577,17.252922,21.15223,19.26258,25.594168,26.013206,28.672697,33.09959,32.573475,36.44684,35.54494,38.93866,36.723038,32.604385,29.45628,26.737087,24.773092,23.336004,19.799976,20.868076,17.814636,17.065262,18.584251,14.336453,13.9731655,13.952616,13.807994,17.564978,15.45081,21.4821,22.288918,26.151424,28.727339,31.18226,35.300606,34.144474,34.58078,30.717884,35.13561,31.494326,35.989223,34.614723,30.11038,29.254648,33.9771,37.763023,33.372147,30.611246,28.361496,23.225552,22.736326,18.315996,18.990618
36,48.960865,45.146442,43.395844,39.193596,36.50374,35.30496,30.886246,29.666943,24.663195,25.693012,21.127464,20.45251,21.870611,18.359589,21.272367,17.782492,20.237186,20.380165,20.204643,23.012678,22.317068,26.66202,25.718853,30.0422,31.10981,33.229424,31.208874,27.190453,24.220144,20.205324,19.71949,15.054236,10.069541,8.447797,5.8265266,4.6049175,0.0,3.9615319,5.642477,9.765698,9.598501,15.495828,15.896851,21.242886,23.60524,26.331923,28.580067,32.258965,31.74932,32.465332,29.985031,32.70302,33.833447,31.42472,26.463043,24.67526,21.266811,18.33811,17.847954,22.322435,20.95897,27.300684,27.756308,30.90044,34.98286,35.056015,38.758873,38.08829,41.08144,39.18037,35.176094,31.716421,29.514233,26.946468,26.493559,22.598057,24.038988,21.213402,20.369057,22.16247,17.998295,17.691553,18.38194,17.988655,21.438948,19.094662,24.865618,24.824165,28.616497,30.741083,32.956223,36.93783,36.462524,37.110725,33.57079,38.262226,34.7738,39.424667,38.00211,33.52746,32.948746,37.706238,41.375492,37.098423,34.362213,32.02244,26.943668,26.769169,22.353159,23.38055
