,0,1,2,3,4,5,6,7,8,9,10,11,12,13,14,15,16,17,18,19,20,21,22,23,24,25,26,27,28,29,30,31,32,33,34,35,36,37,38,39,40,41,42,43,44,45,46,47,48,49,50,51,52,53,54,55,56,57,58,59,60,61,62,63,64,65,66,67,68,69,70,71,72,73,74,75,76,77,78,79,80,81,82,83,84,85,86,87,88,89,90,91,92,93,94,95,96,97,98,99,100,101,102,103,104,105,106,107
0,0.0,4.3765454,6.1002817,9.185256,11.552421,13.266119,15.879335,19.834509,21.95598,24.870462,27.850155,28.525398,31.888905,30.482235,34.132442,28.22774,29.93276,27.63863,31.431274,29.805065,29.720152,32.09443,33.08049,26.871357,26.374884,23.570168,22.912613,23.77554,21.326834,24.40278,19.657724,24.53035,24.576384,21.919025,18.171717,18.68879,17.043415,14.409064,13.180254,14.088656,11.13568,8.378551,10.609369,9.401392,5.127951,6.9969125,10.201895,7.449821,4.548123,2.6904356,3.191713,7.915003,6.549706,6.290329,9.568519,13.365665,11.989579,16.16418,15.71603,11.764544,15.466732,19.139912,23.08619,23.274914,20.956326,22.058992,27.189024,28.86046,24.774796,26.344736,31.009977,30.918447,27.254673,30.479204,25.412952,28.888905,27.916733,23.51051,25.12604,19.55729,20.171747,18.12296,18.504457,18.87854,19.182287,23.23072,22.626211,28.761637,30.556826,33.350548,35.93249,37.01887,36.39011,35.74734,36.2348,34.917645,32.710182,35.348457,30.312042,32.396595,32.735897,29.787567,29.047394,25.214924,24.255455,21.243896,18.58875,17.323986
1,4.3765454,0.0,5.6411076,5.8207865,9.096779,12.559694,13.456002,18.12564,19.651781,22.517946,25.33485,25.557035,28.943539,27.254597,31.178883,25.67132,27.417297,25.695625,29.318853,28.473495,28.51828,31.254765,32.13527,26.304737,26.268019,23.257486,22.467007,23.429253,21.055706,24.421755,19.462866,24.572,24.921787,22.630016,18.072395,17.8188,15.854879,14.643635,13.113924,12.781168,9.99724,9.522013,10.1078005,6.9420967,4.5344896,8.0961275,8.881104,3.7293477,3.9677227,2.4145336,6.8664427,9.005945,10.088953,10.597127,13.084906,16.268642,14.331554,18.73655,19.25554,15.379251,18.04512,22.45754,26.312265,26.694626,23.781088,24.473202,29.815868,31.02086,26.78348,28.902517,33.160023,32.507355,29.008299,32.576756,27.593517,31.34029,29.979769,25.51144,27.317106,21.651707,21.812431,19.61734,19.14737,19.146467,19.465088,22.836422,21.945223,27.896587,29.670324,32.330914,35.19663,35.83105,35.03052,33.947754,34.601147,32.79102,30.998314,33.060062,28.35473,30.217833,30.40032,27.900702,27.285007,24.035183,22.796103,20.657894,17.494528,17.31427
2,6.1002817,5.6411076,0.0,5.305389,5.9684095,7.391339,10.090718,13.74895,16.013536,18.898167,21.908361,22.836884,26.155926,25.036274,28.648922,22.672037,24.7935,22.47833,26.97656,25.353527,26.084435,28.614813,30.354942,24.0974,23.373798,20.266552,18.659103,18.959562,16.077244,19.148619,14.00661,19.11628,19.613752,17.729681,13.361877,12.96483,11.849601,10.218898,7.7129545,8.076172,6.479553,4.2167377,4.923348,4.12413,2.4003792,5.4837384,6.895316,6.355199,7.417235,6.4791117,5.7693405,9.655651,11.191035,10.210183,11.4740505,13.427592,10.183805,14.626698,16.163486,12.016441,13.2172785,18.32594,21.918556,22.590847,19.134083,19.355633,24.776289,25.68199,21.481264,24.066074,27.966831,27.131561,23.954685,27.940004,23.058119,27.246466,26.10471,21.678083,24.46162,18.764488,19.727325,18.580683,17.563362,16.528484,15.717762,19.785965,17.802683,24.065971,25.384457,28.414783,31.311264,32.302727,32.203007,31.080723,31.135054,29.676195,27.196138,29.686953,24.432343,26.365494,26.712147,23.69995,22.965836,19.178713,18.334787,15.594703,13.075482,12.548414
3,9.185256,5.8207865,5.305389,0.0,3.8405368,8.786242,7.861511,13.063599,14.009016,17.012423,19.633724,19.879627,23.174175,21.483967,25.40804,19.980122,21.986572,20.53957,24.54443,24.089962,24.786491,27.772594,29.164827,23.559736,23.5845,20.337566,18.864126,19.531536,17.112387,20.593449,15.757369,21.033775,22.016737,20.71749,15.5689125,13.954636,12.539245,13.134955,10.463331,8.629173,7.9388027,9.105108,7.1342616,2.4768677,5.81923,8.65131,6.487988,3.749544,8.1033945,8.039971,10.220613,11.258102,14.42916,14.606074,15.684896,17.461596,14.467795,18.797543,20.888376,17.26762,17.979023,23.301231,26.844622,27.725653,24.01498,23.85184,29.252863,29.701462,25.340961,28.228489,31.7244,30.307884,27.213696,31.303091,26.601673,30.812206,29.143469,24.74846,27.328848,21.700888,21.875418,20.337097,18.545557,17.369642,16.955652,19.786713,17.86006,23.620773,25.072958,27.755058,30.937801,31.26984,30.754477,29.139528,29.58179,27.458342,25.7213,27.423101,22.806887,24.56511,24.7707,22.534246,21.872393,19.206568,17.619623,16.3363,12.924245,14.023536
4,11.552421,9.096779,5.9684095,3.8405368,0.0,5.66709,4.4398794,9.272858,10.601383,13.599816,16.375643,17.063993,20.346237,19.093056,22.91108,17.245047,19.707489,18.023787,22.78263,22.013264,23.399714,26.318554,28.371656,22.672474,22.30932,18.984058,16.738312,16.792831,13.968813,17.242678,12.176627,17.431522,18.684948,17.968758,12.773971,10.458428,9.768516,11.101828,7.708597,5.123636,6.6232543,8.225296,5.0797157,2.246032,7.2206073,9.406289,6.9873753,7.4050927,11.208455,10.983428,11.664443,13.281193,16.557049,16.084156,16.54315,17.439354,13.714548,17.76683,20.643028,17.027788,16.467043,22.193743,25.385633,26.454882,22.303682,21.683079,27.050812,27.088879,22.84782,26.233137,29.216455,27.461712,24.791025,29.258041,24.779413,29.31263,27.733284,23.469786,26.748894,21.248323,21.853514,21.031326,18.74078,16.717007,15.382837,18.360209,15.278932,21.123178,22.095207,25.046158,28.382055,28.81792,28.864655,27.006615,26.960863,24.90469,22.720892,24.493618,19.487558,21.14505,21.39368,18.892126,18.217941,15.370404,14.051563,12.8543825,9.83622,11.492079
5,13.266119,12.559694,7.391339,8.786242,5.66709,0.0,6.05949,7.7788687,10.20213,13.4113245,16.162506,18.084911,20.945309,20.402569,23.264519,16.930138,19.388044,16.57233,22.031387,19.864689,21.696056,24.097216,26.914898,20.734179,19.465004,16.26979,13.316032,12.592934,9.141309,12.127597,7.4994745,13.076675,14.785797,14.848736,10.672312,8.161486,9.641865,9.762376,4.6376386,4.1085224,8.213451,6.517323,2.7473028,6.671887,9.426194,8.925445,7.9418187,11.514088,13.758933,13.815738,11.934219,13.953289,16.9329,15.726381,14.940652,14.4831915,10.120035,13.483846,17.23162,14.269592,12.008396,17.879328,20.71897,22.257868,18.008387,16.711046,21.839249,21.638771,17.295227,20.873667,23.597734,21.799112,19.246918,23.921978,19.595303,24.365858,23.048903,18.960648,22.997398,17.770388,19.169128,19.393883,17.013681,14.254459,11.731717,15.657776,11.68803,17.949276,18.5721,21.930729,25.03142,26.135345,26.873346,25.43516,24.790567,23.585197,20.481459,23.296915,17.656118,19.84879,20.59509,17.299997,16.125143,12.401806,11.210485,8.257813,6.3924546,6.748802
6,15.879335,13.456002,10.090718,7.861511,4.4398794,6.05949,0.0,5.990783,6.1978693,9.639766,12.096414,13.138439,16.186213,15.094253,18.692303,12.987237,15.837411,14.35442,19.609829,19.110266,21.223616,24.216986,26.770142,21.488655,21.112396,17.796574,14.902757,14.492472,11.787965,14.9161825,10.614612,15.612696,17.596169,18.068829,13.003737,9.254646,9.8738985,12.714952,8.89521,5.3430157,9.430427,11.297918,7.272697,6.6857057,11.542804,12.621205,9.315558,11.281896,15.262017,15.405932,15.672821,16.565872,20.451826,19.965588,19.716743,19.720392,15.765213,19.232714,22.976723,19.8886,18.050577,23.93689,26.729324,28.16615,23.690033,22.37656,27.457357,26.838848,22.671434,26.515276,28.719042,26.333437,24.139338,28.862358,24.836843,29.53925,27.77235,23.798391,27.5279,22.390375,22.98703,22.716997,19.68563,16.866026,14.891884,17.090672,12.928099,18.241869,18.74736,21.707443,25.298466,25.47942,25.911217,23.57426,23.206158,20.926397,18.681786,20.159273,15.144881,16.770243,17.157566,14.885453,14.033708,12.006756,10.130881,10.229798,7.3446045,10.61041
7,19.834509,18.12564,13.74895,13.063599,9.272858,7.7788687,5.990783,0.0,4.745259,5.9108496,9.148261,11.200558,14.152486,14.600104,17.994576,12.659639,16.505096,14.803842,21.130121,20.023357,23.24642,25.844574,29.33455,24.128231,23.040808,19.943794,16.015858,14.126577,10.549542,12.166357,6.874718,10.548782,12.751932,14.336616,10.00502,5.2471128,7.8545012,11.626077,8.657858,5.935987,10.917354,13.257484,10.216653,11.224077,15.091866,16.501192,14.290957,16.662123,20.205614,19.69898,19.037447,21.22622,24.39445,23.046684,22.679558,22.010212,17.510536,20.222107,24.370575,21.058027,17.871004,23.770864,25.72967,27.060366,22.0734,20.340649,25.138826,23.886137,20.514242,25.146894,26.320644,23.529806,22.535444,27.805183,24.340666,29.383202,28.11192,24.567482,29.194271,24.474602,25.826117,26.385931,23.309439,19.863781,16.744171,19.218395,13.376589,18.199738,17.327932,20.848019,24.568493,25.05099,26.700632,24.003609,22.489769,20.459131,17.169167,18.50656,12.582711,13.173166,13.272641,9.95586,9.661715,6.317034,7.31397,7.9738917,8.130269,11.421546
8,21.95598,19.651781,16.013536,14.009016,10.601383,10.20213,6.1978693,4.745259,0.0,4.745683,6.226461,8.40593,10.7989,10.526321,13.580055,8.1096115,12.015706,11.051038,17.09818,16.965227,20.304138,23.171392,26.496029,22.033413,21.520363,18.495934,14.809903,13.446245,11.146788,13.264754,10.632827,14.16065,16.965302,19.020266,14.729194,9.990554,12.095337,16.060871,12.588342,9.380614,14.291254,16.357859,12.38585,12.835526,17.515673,18.08085,14.646498,17.366531,21.35595,21.581537,21.457638,22.10627,26.24627,25.588528,24.799002,23.94506,19.856224,22.491684,26.976284,24.365053,21.242332,27.045237,29.185944,30.92849,26.151493,24.10195,28.612753,27.126116,23.397959,27.767296,28.764118,25.587206,24.343092,29.310555,26.079092,30.883852,29.057747,25.645876,29.914698,25.414988,26.127571,26.567528,22.933361,19.360126,16.641424,17.742271,12.196954,15.9817,15.330491,18.300354,22.222881,22.044193,23.344707,20.214756,19.036467,16.430498,13.880664,14.628562,9.386211,10.575437,11.1658,9.269599,8.17911,8.1502495,5.8408766,8.9852,7.8872104,12.325797
9,24.870462,22.517946,18.898167,17.012423,13.599816,13.4113245,9.639766,5.9108496,4.745683,0.0,3.8468719,5.6207557,8.530074,9.7704735,13.638432,10.084296,14.611699,14.436576,20.463234,20.654175,24.425364,27.175539,30.73732,26.52939,25.87929,22.958317,19.021318,17.095432,14.424339,15.497718,11.910455,13.803961,16.110022,18.367113,14.427273,9.985778,11.76924,16.608007,14.428965,11.383727,15.607668,18.971046,15.700819,15.693365,20.032143,21.780659,18.767641,20.621977,24.771387,24.334623,24.457787,26.087784,29.70546,28.630728,28.332827,27.63422,23.25493,25.842669,30.185865,26.960522,23.678541,29.509958,31.2418,32.594574,27.488754,25.577938,30.039299,28.296762,25.301922,30.117237,30.56909,27.257534,26.860317,32.12024,29.139105,34.112347,32.62451,29.361355,33.968834,29.509232,30.52291,31.061838,27.547907,23.931509,20.949554,22.207962,16.242756,19.48097,17.966843,21.012968,24.999275,24.712233,26.607822,23.015297,21.227663,18.350588,15.674945,15.168509,10.079204,8.792956,8.049134,6.09312,6.935317,7.184919,8.327114,11.846101,12.097402,16.205236
10,27.850155,25.33485,21.908361,19.633724,16.375643,16.162506,12.096414,9.148261,6.226461,3.8468719,0.0,4.0218244,5.247048,6.952682,10.028939,7.5501432,12.124357,12.772802,18.374846,19.21473,23.258974,25.978807,29.596188,26.123667,25.717682,23.031357,19.20625,17.381937,15.56728,16.494398,14.645396,16.213425,18.965971,21.764797,18.12022,13.583499,15.603267,20.343504,17.796673,14.725127,19.182278,22.134974,18.462914,18.566076,23.189648,24.288404,20.797285,23.059948,27.308517,27.290361,27.45582,28.287066,32.40367,31.62075,30.942684,29.940783,25.767033,28.101624,32.745586,30.029877,26.498302,32.21156,33.881683,35.541294,30.53088,28.286745,32.410175,30.366476,27.317656,32.037003,32.10427,28.456575,28.172287,33.240765,30.623503,35.428864,33.67476,30.672394,35.17574,31.042957,31.781015,32.44333,28.591427,24.827753,21.947905,22.291666,16.489414,18.492296,16.738857,19.295101,23.322502,22.554098,24.543114,20.540117,18.644613,15.401023,13.218071,11.726533,7.5402737,5.6781235,5.275064,5.485624,5.7358727,9.016655,8.598418,13.277255,13.463404,17.834854
11,28.525398,25.557035,22.836884,19.879627,17.063993,18.084911,13.138439,11.200558,8.40593,5.6207557,4.0218244,0.0,3.9812016,5.20704,10.272644,9.56283,13.822458,15.420777,20.279987,22.007683,25.703636,28.673176,31.846315,28.60605,28.586454,25.796522,22.283607,20.844229,18.978188,20.23454,17.481094,19.22296,21.468306,23.650394,19.569654,15.352554,16.34185,21.518599,19.497849,16.070753,19.722527,23.62891,20.081038,19.136553,23.803312,25.743656,22.040392,23.253654,27.836279,27.597431,28.56267,29.464853,33.533802,32.90056,32.724586,32.222458,28.05486,30.80089,35.160645,31.999985,29.026075,34.89639,36.764954,38.157215,33.068497,31.179016,35.598408,33.75403,30.705578,35.43068,35.76576,32.24658,31.826328,36.914455,34.060276,38.891785,37.08309,33.874424,38.16856,33.771976,34.299053,34.548023,30.768446,27.283117,24.782225,25.052126,19.693296,21.819132,20.401676,22.682512,26.719168,25.597155,27.127272,22.904152,21.46341,17.682325,16.401875,13.940234,11.058377,8.610865,7.0727644,8.523071,9.642942,12.311732,12.263691,16.666029,16.211937,20.694574
12,31.888905,28.943539,26.155926,23.174175,20.346237,20.945309,16.186213,14.152486,10.7989,8.530074,5.247048,3.9812016,0.0,3.9791777,7.2341685,8.810021,12.574303,14.892303,19.118534,21.326,25.273134,28.079866,31.360836,28.84793,28.945683,26.445576,23.010284,21.55183,20.343113,21.290682,19.890081,21.209858,23.826391,26.582567,22.879227,18.512627,19.986591,25.034267,22.709587,19.39697,23.42166,26.847754,23.051065,22.493856,27.29239,28.599026,24.668804,26.416279,30.95489,31.04238,31.816607,32.1745,36.585884,36.096283,35.527508,34.662453,30.631044,33.05631,37.706795,35.005905,31.664019,37.398518,39.11643,40.7814,35.753662,33.526276,37.58464,35.426086,32.434353,37.10695,36.99662,33.184784,32.98959,37.90654,35.46012,40.13586,38.166435,35.265278,39.535545,35.508167,35.891243,36.359577,32.320732,28.676916,26.169436,25.727072,20.501389,21.445988,19.725111,21.494864,25.435179,23.907434,25.638742,21.085012,19.447018,15.459127,14.753705,11.14872,9.897266,6.9007025,5.6860557,9.057578,9.730935,14.022976,13.280693,18.253868,18.040787,22.561487
13,30.482235,27.254597,25.036274,21.483967,19.093056,20.402569,15.094253,14.600104,10.526321,9.7704735,6.952682,5.20704,3.9791777,0.0,6.045791,7.504757,10.61347,13.591348,17.016226,19.981403,23.385592,26.460413,29.19909,26.929909,27.499271,24.961916,22.031994,21.235495,20.40718,22.054445,20.758913,23.016787,25.734934,28.112385,23.882359,19.400715,20.551746,25.46053,22.732828,19.158083,23.03117,26.27181,22.19455,21.191679,26.178886,27.222635,22.875952,24.417803,29.04422,29.485619,30.66036,30.277683,35.036774,34.98108,34.38515,33.72337,29.969376,32.621185,37.170105,34.655544,31.757206,37.532116,39.626118,41.404026,36.537464,34.407665,38.665726,36.76432,33.294415,37.67807,38.05506,34.37228,33.557434,38.2579,35.55259,40.083233,37.818787,34.749653,38.585346,34.457905,34.4243,34.54354,30.457119,27.085327,25.108765,24.25583,19.798382,20.791,19.846985,21.267282,25.184717,23.36864,24.272444,19.776836,19.000008,14.645506,14.864188,11.468098,10.856435,9.634809,9.304671,11.984216,11.902775,15.855717,13.770054,18.590353,17.392107,22.019053
14,34.132442,31.178883,28.648922,25.40804,22.91108,23.264519,18.692303,17.994576,13.580055,13.638432,10.028939,10.272644,7.2341685,6.045791,0.0,6.74377,7.765828,11.591874,13.643131,17.13584,20.800327,23.487717,26.40566,25.264765,25.947952,23.976902,21.322273,20.626162,20.943998,22.222893,23.086199,25.020147,28.326363,31.452091,27.729399,23.009844,24.983425,29.496376,26.146774,22.887875,27.423088,29.575819,25.18904,25.083464,30.131483,29.900087,25.421312,28.09881,32.401466,33.42231,33.994926,32.73162,37.950844,38.098972,36.7356,35.40681,31.98715,34.02571,38.98216,37.378586,33.922806,39.35861,41.25722,43.53787,38.90548,36.247997,39.902805,37.63626,34.12061,38.225033,38.068302,34.069912,33.37737,37.638226,35.563847,39.723152,37.19183,34.657875,38.340836,34.912113,34.661644,35.20752,30.801395,27.236273,25.298225,23.34483,19.389198,18.461872,17.328997,17.771578,21.382372,18.978458,20.051266,15.210947,14.323089,9.7557,11.281551,6.623118,9.336353,9.34885,10.532887,13.79105,12.620234,17.882124,14.560454,19.656654,18.786894,23.159237
15,28.22774,25.67132,22.672037,19.980122,17.245047,16.930138,12.987237,12.659639,8.1096115,10.084296,7.5501432,9.56283,8.810021,7.504757,6.74377,0.0,4.596548,6.1822906,10.887171,12.689288,16.488691,19.364244,22.646034,20.102774,20.360422,18.024048,15.023838,14.326186,14.460563,16.26561,17.236164,19.994833,23.486864,26.424818,22.627348,17.826721,20.184078,24.071495,20.181559,17.15853,22.076048,23.345718,18.869833,19.436945,24.378729,23.52105,19.24232,22.681124,26.65219,27.816122,27.805058,26.571627,31.712,31.767195,30.15998,28.692923,25.295193,27.294956,32.254402,30.851343,27.390024,32.768444,34.815964,37.19195,32.731915,30.081347,33.851013,31.858402,27.977722,31.924011,32.24654,28.499493,27.295002,31.610409,29.18212,33.430466,30.947031,28.175077,31.947268,28.315228,28.257376,28.908007,24.587854,20.879292,18.718029,17.337328,12.925463,13.290185,12.640875,14.053545,18.007528,16.547253,17.602333,13.535263,12.657876,8.994455,8.328659,7.6026497,5.7238355,8.534521,10.539366,11.464975,9.21894,13.295908,8.573661,13.318939,12.085216,16.431108
16,29.93276,27.417297,24.7935,21.986572,19.707489,19.388044,15.837411,16.505096,12.015706,14.611699,12.124357,13.822458,12.574303,10.61347,7.765828,4.596548,0.0,4.661401,6.5569773,9.814945,13.164162,16.067936,18.959684,17.504269,18.35944,16.499237,14.44608,14.656109,16.073202,18.11696,20.432724,23.47305,27.172955,30.15293,26.394154,21.635197,24.038588,27.510574,23.189743,20.33746,25.218487,25.67536,21.01718,21.76004,26.641447,24.767857,20.243889,24.143572,27.808372,29.600103,29.519457,27.102617,32.71613,33.26078,31.158655,29.445925,26.63248,28.342014,33.353783,32.736027,29.38765,34.43043,36.617794,39.345448,35.247223,32.426777,35.894497,33.934006,29.743473,33.15496,33.550114,29.815176,28.17285,31.884748,29.69847,33.468758,30.570507,28.07309,31.251724,28.097609,27.489126,28.124308,23.600822,20.10228,18.603565,15.910009,13.098659,11.820491,12.138762,12.250407,15.814226,13.679759,13.780451,9.625413,9.975785,6.1343513,7.739109,7.6467314,8.540114,12.204298,14.567499,15.752956,13.149399,17.22927,11.640194,15.683009,13.916261,17.728333
17,27.63863,25.695625,22.47833,20.53957,18.023787,16.57233,14.35442,14.803842,11.051038,14.436576,12.772802,15.420777,14.892303,13.591348,11.591874,6.1822906,4.661401,0.0,6.7023168,6.5919824,10.608969,13.306379,16.967697,14.328413,14.473537,12.510813,9.969223,10.050189,11.927168,14.041003,17.377539,20.584011,24.447348,27.517597,24.149048,19.541683,22.429384,25.187672,20.52337,18.228193,23.397543,22.823086,18.26528,20.006683,24.550014,21.867216,17.813541,22.652225,25.798613,27.694952,26.805872,24.461628,29.913004,30.269403,27.735859,25.589687,22.872019,24.179377,29.340086,29.172579,25.51728,30.292337,32.38729,35.31227,31.440243,28.446465,31.676426,29.76095,25.431038,28.641808,29.097227,25.459742,23.59669,27.234343,25.072548,28.823235,25.972355,23.535545,26.91787,23.9029,23.575293,24.639397,20.137043,16.310518,14.370869,11.893417,8.586789,7.5254107,8.247779,9.091569,12.819421,11.730036,12.351693,9.332005,9.111161,7.3479476,6.329115,9.469492,7.948765,12.782612,15.500971,15.373281,12.215709,15.247381,8.957181,12.035885,10.488155,13.744948
18,31.431274,29.318853,26.97656,24.54443,22.78263,22.031387,19.609829,21.130121,17.09818,20.463234,18.374846,20.279987,19.118534,17.016226,13.643131,10.887171,6.5569773,6.7023168,0.0,6.025423,7.720626,10.460902,12.785839,12.890896,14.4945345,13.595927,13.24946,14.746412,17.671593,19.90155,23.810898,27.190723,31.074583,34.031315,30.50108,25.94587,28.52571,31.170004,26.335909,23.987972,28.791203,27.85187,23.231049,24.552528,29.025707,25.61441,21.251879,25.935219,28.814913,31.391459,30.852577,27.013914,32.98371,34.07338,31.193651,29.037914,27.166382,28.277086,33.223885,33.83916,30.643942,34.999043,37.30703,40.505154,37.05464,34.04666,36.987812,35.18506,30.629421,33.127815,33.71948,30.213259,27.885658,30.58781,28.764822,31.721722,28.33431,26.321243,28.56058,26.262608,24.976503,25.738865,21.142292,18.082159,17.563795,13.238365,13.241201,10.027402,12.114256,10.505062,12.835176,10.317156,8.232301,5.458142,8.573545,7.269411,9.990241,11.982894,13.582297,18.02944,20.733036,21.490454,18.452103,21.930187,15.656285,18.308867,16.170305,18.756292
19,29.805065,28.473495,25.353527,24.089962,22.013264,19.864689,19.110266,20.023357,16.965227,20.654175,19.21473,22.007683,21.326,19.981403,17.13584,12.689288,9.814945,6.5919824,6.025423,0.0,5.0147963,6.8713565,11.233215,9.481416,9.695011,9.134457,8.509883,9.965576,13.751531,15.621709,20.94751,24.12778,28.112158,31.248629,28.405327,24.165178,27.290287,29.105099,24.07051,22.49966,27.533213,25.432314,21.143686,23.672194,27.62116,23.322577,19.792059,25.489433,27.692318,30.269106,28.653828,25.103283,30.69597,31.441032,27.98445,25.144136,23.473972,23.830662,28.966389,30.266588,26.580336,30.405666,32.43606,35.908375,32.81093,29.538288,31.948742,30.117277,25.557297,27.692799,28.14012,24.73834,22.265118,24.687757,23.16787,25.961971,22.626749,20.94385,23.487633,21.665293,20.83625,22.410295,17.894165,14.362721,13.224712,8.837076,9.042006,4.4454193,7.731131,6.303678,8.397873,7.7024784,7.0114946,6.8004417,8.077507,9.419013,9.206605,13.744964,13.418734,18.521368,21.52,21.123175,17.70665,20.143532,13.839688,15.100184,13.687626,15.100896
20,29.720152,28.51828,26.084435,24.786491,23.399714,21.696056,21.223616,23.24642,20.304138,24.425364,23.258974,25.703636,25.273134,23.385592,20.800327,16.488691,13.164162,10.608969,7.720626,5.0147963,0.0,3.6410875,6.4607673,5.641689,7.5488033,7.927899,9.873207,12.713205,16.643661,19.026829,24.054333,27.791649,31.606401,34.266457,31.221153,27.220987,29.991638,31.339617,26.153465,24.733957,29.28656,26.540882,22.402046,24.744995,28.328081,23.247519,19.802847,25.465368,27.101994,30.23897,28.704292,23.958494,29.768219,31.114868,27.369328,24.631191,23.838634,24.116169,28.803873,30.782068,27.797098,31.173021,33.55357,37.142277,34.549076,31.500751,33.856415,32.4735,27.584923,28.943207,30.061438,27.1743,23.90523,25.502003,23.826069,25.922482,22.18587,20.569513,21.879133,20.458776,18.75682,19.95943,15.552096,12.949113,13.384552,7.957611,11.55525,8.300215,12.296819,10.6002865,11.235643,10.647255,7.3774967,9.34681,12.161151,13.456629,14.137958,18.215673,18.130651,23.180521,26.04912,25.624,22.285076,24.24359,17.863106,18.361712,16.144493,16.792213
21,32.09443,31.254765,28.614813,27.772594,26.318554,24.097216,24.216986,25.844574,23.171392,27.175539,25.978807,28.673176,28.079866,26.460413,23.487717,19.364244,16.067936,13.306379,10.460902,6.8713565,3.6410875,0.0,5.386362,6.1614394,7.2436357,9.003249,11.310954,13.893888,18.18302,20.043823,25.916693,29.287546,33.153557,36.01281,33.4005,29.548439,32.565956,33.604294,28.409096,27.335102,31.947044,28.715021,24.82395,27.603956,30.916286,25.41458,22.453024,28.37748,29.639679,32.833675,30.838058,26.056543,31.618631,32.901882,28.783766,25.626232,25.216333,24.863836,29.514307,32.135418,28.922226,31.73976,33.854164,37.673218,35.43441,32.19666,33.971912,32.50529,27.776207,28.65135,29.463562,26.670668,23.441679,24.34125,23.304998,24.80182,20.991138,20.091982,21.06205,20.604713,18.945814,20.67103,16.580017,14.203484,14.623202,9.26907,13.307407,9.134383,12.932642,10.646027,9.925186,9.950925,6.682197,10.3345995,12.828294,15.214148,15.662126,20.13637,20.244364,25.360176,28.383934,27.835184,24.386204,26.273811,20.077944,20.182875,18.530708,18.562294
22,33.08049,32.13527,30.354942,29.164827,28.371656,26.914898,26.770142,29.33455,26.496029,30.73732,29.596188,31.846315,31.360836,29.19909,26.40566,22.646034,18.959684,16.967697,12.785839,11.233215,6.4607673,5.386362,0.0,6.826837,9.728554,11.59385,15.06642,18.271265,22.311628,24.662086,29.848791,33.711548,37.434776,39.867462,36.87763,33.112423,35.699738,36.619102,31.400763,30.214304,34.35201,31.002844,27.1867,29.42048,32.531094,26.774342,23.72414,29.148014,30.07606,33.70044,32.145992,26.334585,32.065628,33.982147,29.892742,27.15952,27.41554,27.295567,31.382591,34.27722,31.860783,34.479,36.965286,40.729343,38.789787,35.859776,37.80001,36.720528,31.770287,32.19738,33.61317,31.206783,27.485458,27.898172,26.591846,27.567173,23.55741,22.582851,22.273304,22.011242,19.442854,20.37705,16.670977,15.572627,17.358402,11.985064,17.304995,14.14865,18.11286,15.838347,15.075213,14.535149,9.968228,13.625561,17.102987,18.829681,20.170046,23.986668,24.504368,29.524412,32.40324,32.08303,28.741116,30.580666,24.241222,24.29639,21.91053,21.857327
23,26.871357,26.304737,24.0974,23.559736,22.672474,20.734179,21.488655,24.128231,22.033413,26.52939,26.123667,28.60605,28.84793,26.929909,25.264765,20.102774,17.504269,14.328413,12.890896,9.481416,5.641689,6.1614394,6.826837,0.0,3.865126,5.051664,9.239446,12.888373,16.579704,19.293427,23.96697,28.13464,31.622194,33.68506,30.794249,27.36834,29.91157,30.314272,25.107332,24.313055,28.290712,24.44626,20.87048,23.58117,26.338968,20.3144,17.710651,23.609535,24.26642,27.721434,25.679764,20.324959,25.86915,27.471338,23.320316,20.482597,20.593216,20.555862,24.72942,27.463396,25.090796,27.815975,30.46424,34.109165,32.134678,29.37271,31.620695,30.828444,25.672308,26.207603,28.188227,26.03644,21.904387,22.849098,20.747498,22.328821,18.423096,16.622458,16.97803,15.727518,13.515252,14.7110405,10.575148,8.817628,10.641311,5.5379405,11.850002,10.857883,15.152972,14.391015,14.604446,15.235596,12.414016,14.915777,17.25104,18.640928,18.443575,22.958675,21.693901,26.746737,29.45564,28.307594,25.053629,25.770428,19.733767,18.760202,16.239634,15.478705
24,26.374884,26.268019,23.373798,23.5845,22.30932,19.465004,21.112396,23.040808,21.520363,25.87929,25.717682,28.586454,28.945683,27.499271,25.947952,20.360422,18.35944,14.473537,14.4945345,9.695011,7.5488033,7.2436357,9.728554,3.865126,0.0,3.3418427,7.186346,10.462273,14.291674,16.56908,21.87822,25.698105,29.166075,31.38253,29.0107,25.811089,28.67982,28.707823,23.547003,23.223942,27.357685,23.06255,19.78791,23.22279,25.706327,19.515924,17.584383,23.912971,24.359953,27.511023,24.769361,20.219595,25.271309,26.366774,21.950558,18.54864,18.558758,17.91541,22.364119,25.388445,22.48576,24.91381,27.269205,31.065699,29.21015,26.244383,28.13686,27.261635,22.193464,22.598167,24.399986,22.300348,18.145515,19.034054,17.103956,18.761333,14.918688,13.288747,14.359304,13.374486,11.98004,14.173545,10.242081,7.6647983,8.385694,4.0242577,10.047425,9.391232,13.413601,13.217734,13.260611,14.864368,13.325996,15.812608,17.185558,19.086496,17.8862,22.984646,21.007809,26.067846,28.825953,27.197536,23.905262,24.105932,18.456781,16.765799,14.987132,13.466043
25,23.570168,23.257486,20.266552,20.337566,18.984058,16.26979,17.796574,19.943794,18.495934,22.958317,23.031357,25.796522,26.445576,24.961916,23.976902,18.024048,16.499237,12.510813,13.595927,9.134457,7.927899,9.003249,11.59385,5.051664,3.3418427,0.0,4.6219363,8.376971,11.765087,14.595423,19.1146,23.287064,26.685286,28.715563,26.035267,22.770357,25.496473,25.66808,20.472408,19.984432,24.123169,20.095694,16.6084,19.943752,22.607687,16.709162,14.472822,20.84274,21.59348,24.593266,22.05399,17.820845,23.041878,24.017756,19.925447,16.83541,16.256205,16.255226,20.89024,23.189768,20.350779,23.413612,25.993692,29.555584,27.297462,24.482271,26.964376,26.150976,20.941269,21.93958,24.000689,21.79566,17.681181,19.45927,16.839754,19.303602,15.738995,13.253171,15.082523,12.799854,11.715715,13.465589,9.124099,5.59283,5.805171,0.75421345,7.445442,8.597268,12.524788,13.11905,14.143251,15.499668,14.297924,15.772415,16.925026,18.117617,16.634224,21.52786,18.967022,23.889193,26.46844,24.7079,21.545557,21.477928,15.838881,14.088786,11.856421,10.561495
26,22.912613,22.467007,18.659103,18.864126,16.738312,13.316032,14.902757,16.015858,14.809903,19.021318,19.20625,22.283607,23.010284,22.031994,21.322273,15.023838,14.44608,9.969223,13.24946,8.509883,9.873207,11.310954,15.06642,9.239446,7.186346,4.6219363,0.0,3.8834164,7.365314,10.2023945,14.984348,18.907501,22.472296,24.88432,22.342926,18.861927,21.97567,22.497265,17.34261,16.78689,21.467567,18.016565,14.318412,18.016172,21.047235,16.07284,13.763893,20.164192,21.541048,23.87427,21.24484,18.52413,23.417406,23.676014,20.02154,16.925016,15.11344,15.346791,20.54166,21.898779,18.234413,21.98057,24.25138,27.654984,24.763426,21.717615,24.461462,23.241913,18.205986,20.213783,21.734566,19.016302,15.588382,18.556252,15.867891,19.332912,16.345858,13.642363,17.040028,14.163054,14.285386,16.22629,12.092501,7.803392,5.0157537,4.0197783,2.919768,6.287992,9.237943,11.093481,13.087432,14.642834,14.901139,15.204747,15.214733,16.124746,13.587251,18.609615,15.152259,19.922255,22.453276,20.378164,17.233177,16.96973,11.4882145,9.650607,8.110902,7.312241
27,23.77554,23.429253,18.959562,19.531536,16.792831,12.592934,14.492472,14.126577,13.446245,17.095432,17.381937,20.844229,21.55183,21.235495,20.626162,14.326186,14.656109,10.050189,14.746412,9.965576,12.713205,13.893888,18.271265,12.888373,10.462273,8.376971,3.8834164,0.0,4.453249,6.4813056,12.31795,15.56034,19.314703,22.24147,20.186863,16.67593,20.277393,20.942556,16.032919,15.677156,20.72303,17.687094,14.204241,18.253515,21.31003,17.157259,15.23604,21.402868,23.041164,24.77307,21.902847,20.500805,24.84606,24.461601,21.092354,17.88316,15.326157,15.360361,20.821411,21.640787,17.164082,21.128086,22.9008,26.217133,22.939444,19.597557,22.245205,20.575104,15.885929,18.654005,19.455444,16.282022,13.690394,17.48622,15.087054,19.125006,16.72778,14.244408,18.639038,15.811926,16.801386,19.055595,15.2759695,10.9473295,7.0837984,7.8444343,2.4287908,6.3696713,7.3539624,10.4079895,12.813337,14.741597,16.314037,15.992485,14.863398,15.840242,12.2251625,17.382074,13.127636,17.621508,20.13344,17.640873,14.512205,13.921578,9.026861,6.802683,7.1820364,6.6468673
28,21.326834,21.055706,16.077244,17.112387,13.968813,9.141309,11.787965,10.549542,11.146788,14.424339,15.56728,18.978188,20.343113,20.40718,20.943998,14.460563,16.073202,11.927168,17.671593,13.751531,16.643661,18.18302,22.311628,16.579704,14.291674,11.765087,7.365314,4.453249,0.0,4.099141,7.882919,11.556074,15.132938,17.855038,15.759344,12.393346,16.11105,16.686378,11.971072,11.884964,16.96522,14.356605,11.175404,15.432069,18.313072,15.254569,13.826614,19.439537,21.26482,22.296993,19.390238,19.486975,23.192673,22.210482,19.51478,16.779352,13.268178,13.933418,19.27368,18.901884,14.21621,18.902851,20.660173,23.500683,19.650984,16.529411,19.92322,18.371529,13.843724,17.526707,18.566765,15.558057,13.453294,18.197868,15.188756,19.9204,18.22956,15.226653,20.155388,16.515404,18.145338,20.070747,16.75535,12.632024,8.417376,11.172692,5.1108804,10.423489,10.295416,13.968253,16.751131,18.532074,20.366827,19.39363,17.896711,18.099936,14.052384,18.439545,13.01657,16.602873,18.576185,15.351293,12.758101,10.575155,7.1411924,2.8034801,4.925214,4.4886556
29,24.40278,24.421755,19.148619,20.593449,17.242678,12.127597,14.9161825,12.166357,13.264754,15.497718,16.494398,20.23454,21.290682,22.054445,22.222893,16.26561,18.11696,14.041003,19.90155,15.621709,19.026829,20.043823,24.662086,19.293427,16.56908,14.595423,10.2023945,6.4813056,4.099141,0.0,8.094946,9.634335,13.472112,17.07041,16.166422,13.197645,17.379612,17.829046,13.828271,14.23834,19.22313,16.816174,14.339094,18.695015,21.25812,18.59445,17.70088,23.097881,24.813498,25.499897,22.239824,23.045456,26.21749,24.78523,22.087252,19.02383,15.514781,15.363851,20.671307,20.399033,14.950638,19.100346,20.018764,22.904366,19.007467,15.409288,18.060698,15.828402,12.017151,16.199839,16.062386,12.52622,11.711375,16.837385,14.669101,19.461058,18.329903,16.041273,21.468378,18.522734,20.66089,23.084425,20.014032,15.913903,11.53634,14.094112,8.161912,11.646099,10.171027,14.113135,16.606266,18.83898,21.61733,20.648724,18.335978,19.066935,14.382569,18.869507,13.354152,16.458176,18.454218,14.89764,12.423725,9.977121,8.29906,4.7095556,8.720739,8.116199
30,19.657724,19.462866,14.00661,15.757369,12.176627,7.4994745,10.614612,6.874718,10.632827,11.910455,14.645396,17.481094,19.890081,20.758913,23.086199,17.236164,20.432724,17.377539,23.810898,20.94751,24.054333,25.916693,29.848791,23.96697,21.87822,19.1146,14.984348,12.31795,7.882919,8.094946,0.0,5.623834,8.141418,10.323318,8.160066,5.3830256,9.490361,10.084877,6.9341183,7.6602507,12.077274,11.515226,9.946664,13.437165,15.600474,15.631543,15.273257,18.824175,20.961401,20.410656,17.845606,20.879044,23.082628,20.986406,19.965313,18.462017,13.851061,15.516714,19.78128,16.940603,12.461148,17.980804,19.37807,20.904207,15.953471,13.722176,18.303547,17.032812,13.8212185,18.678213,19.75609,17.321123,16.59573,22.065283,18.712673,23.890661,23.298527,20.029192,25.22882,20.913242,23.201159,24.554035,22.057207,18.560528,14.71805,18.501373,12.631797,17.894688,16.819965,20.785057,23.886126,25.440834,27.638262,25.882647,23.929848,23.210173,18.964043,21.84013,15.525732,16.872797,17.536272,13.290055,12.453957,7.140081,9.17792,5.8762217,8.639966,9.072284
31,24.53035,24.572,19.11628,21.033775,17.431522,13.076675,15.612696,10.548782,14.16065,13.803961,16.213425,19.22296,21.209858,23.016787,25.020147,19.994833,23.47305,20.584011,27.190723,24.12778,27.791649,29.287546,33.711548,28.13464,25.698105,23.287064,18.907501,15.56034,11.556074,9.634335,5.623834,0.0,4.1728787,8.812637,9.459022,8.184103,12.12683,12.733046,11.533496,12.543825,16.19152,16.230738,15.426282,18.659525,20.445086,20.923637,20.887478,24.206245,26.273325,25.33797,22.590603,26.231966,27.908817,25.359102,24.440332,22.6613,18.201918,19.012806,23.060322,20.245287,15.207803,19.831564,20.059296,21.26425,16.181742,13.686352,17.309849,15.240556,13.745178,19.106146,18.750887,16.080288,17.157867,22.77189,20.348623,25.445393,25.483082,22.90426,28.50604,24.827854,27.531076,29.342793,26.946865,23.310152,19.163116,22.710321,16.478922,20.624924,18.498188,22.548569,25.453793,27.239067,30.30959,28.393055,25.653925,25.247015,20.52302,23.098818,16.856796,17.152328,17.512136,12.927545,12.800354,7.2589355,11.866142,9.676866,13.577866,13.917858
32,24.576384,24.921787,19.613752,22.016737,18.684948,14.785797,17.596169,12.751932,16.965302,16.110022,18.965971,21.468306,23.826391,25.734934,28.326363,23.486864,27.172955,24.447348,31.074583,28.112158,31.606401,33.153557,37.434776,31.622194,29.166075,26.685286,22.472296,19.314703,15.132938,13.472112,8.141418,4.1728787,0.0,5.2403555,7.8977914,8.825159,11.649315,11.394175,11.957337,13.587173,15.909809,16.47717,16.758451,19.565847,20.533764,22.005716,22.642538,25.135252,26.94629,25.38811,22.673454,27.395002,28.20804,25.197514,24.963438,23.685648,19.209524,20.163652,23.421465,19.79524,15.313735,19.614576,19.53554,19.892328,14.636221,13.024019,16.839628,15.280774,14.754845,19.991425,19.879734,17.957996,19.271019,24.762712,22.201355,27.2218,27.72866,25.081991,30.602863,26.77667,29.721914,31.343044,29.39779,26.08139,22.110636,26.122541,20.15327,24.64821,22.650515,26.70538,29.568344,31.40367,34.403694,32.48395,29.79493,29.23931,24.591627,26.874073,20.626505,20.370834,20.217863,15.65022,16.20158,10.474896,15.622921,13.306396,16.735432,16.75902
33,21.919025,22.630016,17.729681,20.71749,17.968758,14.848736,18.068829,14.336616,19.020266,18.367113,21.764797,23.650394,26.582567,28.112385,31.452091,26.424818,30.15293,27.517597,34.031315,31.248629,34.266457,36.01281,39.867462,33.68506,31.38253,28.715563,24.88432,22.24147,17.855038,17.07041,10.323318,8.812637,5.2403555,0.0,5.600607,9.262927,10.185675,8.173387,10.806725,13.145997,13.556397,14.53148,16.131495,18.295858,18.118185,20.745213,22.185308,23.563597,24.941994,22.712505,20.171673,26.025215,25.834936,22.441442,23.160679,22.7614,18.368595,19.873362,22.058863,17.313314,14.166273,18.362316,18.608715,17.971144,12.661261,12.622488,17.20297,16.837284,16.324846,21.00865,22.016693,21.007326,21.597841,26.829819,23.653276,28.557657,29.283268,26.251484,31.381693,27.127447,30.121721,31.24901,29.888367,27.123411,23.608782,28.167418,22.777826,28.018248,26.593534,30.641964,33.54861,35.35656,37.868805,36.05314,33.78327,32.959972,28.574142,30.764011,24.437445,24.181107,23.723242,19.292725,20.075375,14.166943,18.889427,16.149172,18.612034,18.25137
34,18.171717,18.072395,13.361877,15.5689125,12.773971,10.672312,13.003737,10.00502,14.729194,14.427273,18.12022,19.569654,22.879227,23.882359,27.729399,22.627348,26.394154,24.149048,30.50108,28.405327,31.221153,33.4005,36.87763,30.794249,29.0107,26.035267,22.342926,20.186863,15.759344,16.166422,8.160066,9.459022,7.8977914,5.600607,0.0,4.804839,4.682071,4.074992,6.576542,8.051565,8.440272,11.032514,11.928152,13.201138,13.7208805,17.148916,17.839489,18.67044,20.712984,18.524113,16.92751,22.38379,22.91743,20.055042,21.053932,21.172894,16.517952,19.096994,21.620932,16.54094,14.112484,19.449585,20.825748,20.66197,15.384912,15.212004,20.500515,20.215477,18.255083,22.877914,24.559633,23.11129,22.69577,28.012571,24.268646,29.326147,29.327007,25.762506,30.575287,25.735176,28.146517,28.720655,27.035297,24.323303,21.162971,25.425325,20.14855,25.758541,24.794954,28.715092,31.962307,33.29463,35.24644,33.16537,31.374971,29.981604,26.09657,27.913004,21.681847,21.566319,21.026037,16.917763,17.647707,12.017985,15.946233,13.754619,15.099361,15.576246
35,18.68879,17.8188,12.96483,13.954636,10.458428,8.161486,9.254646,5.2471128,9.990554,9.985778,13.583499,15.352554,18.512627,19.400715,23.009844,17.826721,21.635197,19.541683,25.94587,24.165178,27.220987,29.548439,33.112423,27.36834,25.811089,22.770357,18.861927,16.67593,12.393346,13.197645,5.3830256,8.184103,8.825159,9.262927,4.804839,0.0,4.387467,7.1939526,6.0182867,5.4430876,8.767694,11.342379,10.224901,11.64985,13.902997,16.355429,15.739626,17.434023,20.234818,18.842958,17.575232,21.553837,23.401104,21.223034,21.465149,21.095541,16.345356,18.995985,22.482306,18.283457,15.19718,20.984793,22.628284,23.307827,18.086754,16.936518,22.029505,21.152494,18.44523,23.24596,24.609528,22.42138,21.799475,27.227594,23.608221,28.760998,28.177773,24.608053,29.470325,24.660759,26.660593,27.310492,24.941666,21.802748,18.511015,22.104025,16.41715,21.75713,20.740475,24.564144,28.01756,29.038755,30.950558,28.61547,26.86214,25.264755,21.527176,23.202536,17.02333,17.141872,16.851166,12.860343,13.2478075,7.9822598,11.370506,10.009957,11.209902,12.78306
36,17.043415,15.854879,11.849601,12.539245,9.768516,9.641865,9.8738985,7.8545012,12.095337,11.76924,15.603267,16.34185,19.986591,20.551746,24.983425,20.184078,24.038588,22.429384,28.52571,27.290287,29.991638,32.565956,35.699738,29.91157,28.67982,25.496473,21.97567,20.277393,16.11105,17.379612,9.490361,12.12683,11.649315,10.185675,4.682071,4.387467,0.0,5.488158,6.672033,5.7789993,6.0274243,11.027661,10.802074,10.429621,12.04874,16.378914,16.003134,15.968526,18.90257,16.76401,16.522198,21.28351,22.549648,20.329227,21.6117,22.189493,17.580322,20.853157,23.544437,18.463644,16.740345,22.478628,24.42882,24.495527,19.38577,19.139997,24.563438,24.218103,21.62811,26.144238,28.038235,26.246174,25.35667,30.638845,26.679989,31.737091,31.195805,27.359016,31.838087,26.673775,28.491196,28.562378,26.541552,23.894192,21.145319,24.83331,19.70613,25.289347,24.613731,28.302738,31.836317,32.642704,34.15198,31.705996,30.298044,28.287947,24.987919,26.155212,20.26168,19.96785,19.183094,15.687016,16.569298,11.85357,14.947202,13.883293,14.063411,15.637146
