,0,1,2,3,4,5,6,7,8,9,10,11,12,13,14,15,16,17,18,19,20,21,22,23,24,25,26,27,28,29,30,31,32,33,34,35,36,37,38,39,40,41,42,43,44,45,46,47,48,49,50,51,52,53,54,55,56,57,58,59,60,61,62,63,64,65,66,67,68,69,70,71,72,73,74,75,76,77,78,79,80,81,82,83,84,85,86,87,88,89,90,91,92,93,94,95,96,97,98,99,100,101,102,103,104,105,106,107,108,109,110
0,0.0,4.240992,6.703198,9.882135,12.555071,14.889441,18.291014,22.688665,26.066267,29.235516,33.53153,34.02067,34.9984,35.6249,32.740147,32.73195,31.697752,29.64657,32.60962,29.234999,32.488773,31.739876,35.088875,32.30843,33.97469,32.366837,33.26975,34.865326,30.583307,34.045807,32.820774,36.507015,40.23327,39.72588,43.25398,44.701206,48.056767,47.7186,44.222668,40.79822,43.34018,39.779133,38.418312,35.88334,38.996975,34.29186,36.47506,35.129757,36.52631,36.644238,35.505257,38.70744,36.868046,39.135315,38.926403,42.41749,38.94602,41.930912,41.94461,39.180466,36.385086,34.89579,31.708693,28.456854,26.978794,22.47527,22.592731,18.588247,19.85977,15.819968,17.222174,21.440828,20.90093,25.224068,25.082441,29.451645,30.964558,32.729534,36.050327,37.09447,38.976437,36.05304,34.59458,32.461903,28.07183,30.400635,24.109194,25.406013,21.725668,22.35773,19.464308,21.91409,19.009445,19.811094,23.140085,21.134537,23.00561,18.911434,22.748447,20.496534,24.348106,24.361418,25.401245,28.026226,26.076946,23.5771,25.000725,23.223265,22.062372,23.792246,22.0117
1,4.240992,0.0,5.2366266,6.8183446,9.119864,12.485587,14.949019,20.094898,22.873362,26.39326,30.38059,31.135054,31.92661,32.238125,29.312113,28.98512,27.863914,25.613066,28.55352,25.060553,28.31918,27.747149,31.039392,28.212364,30.135954,28.552925,29.322056,30.749374,26.39668,29.81798,28.687366,32.323746,36.24917,35.806477,39.32519,40.92007,44.1684,43.730732,40.196568,36.689636,39.24506,35.590565,34.33707,31.783283,34.8596,30.210436,32.465973,31.24978,32.79973,32.979694,31.806314,35.203396,33.593338,35.78638,35.294426,38.838306,35.256855,38.19027,38.38265,35.842525,32.923615,31.734884,28.297916,25.34804,23.895765,19.440678,19.982601,15.723485,17.095333,12.487783,13.28257,17.746428,17.061909,21.802668,21.792273,26.020327,27.88181,29.58559,32.9406,34.227,35.821762,32.694084,31.286602,28.908604,24.46311,26.50689,20.173317,21.205667,17.503006,18.236843,15.481485,18.352957,15.67421,16.445263,19.548704,17.429785,19.050741,14.919262,18.775045,16.489538,20.76238,20.78972,22.336544,25.225323,23.414625,20.626204,22.450155,19.9423,19.342916,20.794226,19.550074
2,6.703198,5.2366266,0.0,5.27514,6.8705688,8.733738,12.142101,16.26548,19.854198,22.786959,27.322151,28.031393,29.455057,30.109333,27.819294,27.601583,27.44657,25.217268,29.056162,25.907242,29.572304,29.637848,33.069572,30.114782,32.840588,31.124952,31.20412,32.25659,26.92112,30.05485,28.20812,31.903294,34.760433,34.25877,37.64303,38.850292,42.450924,42.24619,38.984383,35.89522,38.206173,35.23224,33.455498,31.534376,35.249847,30.938696,33.711666,32.886925,34.36023,34.10018,32.361423,35.637714,33.565228,35.196682,34.593395,37.68181,33.875015,36.67284,36.293186,33.629787,30.763666,29.801098,26.974237,23.91334,23.769562,18.827572,20.010576,16.026695,18.894297,14.385808,14.254202,17.7077,16.096355,20.469389,19.136961,23.68602,24.776604,26.345821,29.610548,30.497814,32.449406,29.68704,28.2092,26.294003,22.00407,24.807299,18.721865,21.261274,18.142376,19.762354,17.962563,21.049997,19.448217,20.344759,23.004461,20.60756,21.363943,17.077116,19.795094,16.670103,20.644884,19.55845,20.884052,23.398209,20.845875,18.23223,18.84111,16.996109,15.429804,17.287268,15.548994
3,9.882135,6.8183446,5.27514,0.0,3.9148295,6.155232,9.134703,13.680954,16.473377,19.97131,23.868967,24.381237,25.222385,25.749092,23.020971,23.020815,22.469599,20.57437,24.248236,21.490355,25.3169,25.202496,29.108997,26.617952,29.666483,28.467096,28.653374,29.113413,23.842373,26.500082,25.102411,28.028305,31.364016,30.277233,34.03957,35.212376,38.558823,38.51054,34.955692,31.780012,34.64469,31.720947,30.381113,28.772694,32.371235,28.340515,31.211954,30.689861,32.62708,32.681118,30.99325,34.702637,33.18608,34.626884,33.33538,36.431526,32.23848,34.77195,34.612392,32.586143,29.394495,29.40403,26.22821,23.90785,23.980612,19.284674,21.168491,16.962498,19.572372,14.41925,12.836322,16.742113,14.320696,19.821148,17.982714,22.310623,23.75702,24.80708,28.023104,29.046486,30.345984,27.40255,25.296234,23.242983,19.011295,21.33578,15.414548,17.92871,14.91809,17.090342,15.505283,19.678137,17.779629,17.89663,19.926346,17.070055,17.234047,12.916032,14.947292,11.864051,15.422689,14.673984,15.970197,18.720387,16.651415,13.872936,15.770994,13.778349,13.543022,15.822475,15.493821
4,12.555071,9.119864,6.8705688,3.9148295,0.0,5.304352,5.830644,11.519591,13.846283,17.451488,21.399439,22.52914,23.67513,23.850155,21.638239,20.937239,20.977674,18.506285,22.690586,19.700632,23.571772,24.175554,27.660276,24.813309,28.332178,26.839394,26.453772,26.824549,21.00947,23.701677,21.842413,25.175467,28.07529,27.43905,30.905815,32.197742,35.68232,35.46159,32.12911,29.039917,31.478886,28.662542,26.99851,25.468655,29.344528,25.436592,28.55232,28.229214,30.049568,29.832376,27.860682,31.502583,29.855675,31.051727,29.686367,32.65531,28.438042,30.980555,30.750303,28.673733,25.4946,25.554052,22.464458,20.255253,20.84386,16.12877,18.499233,14.526953,17.800123,12.848506,10.476232,13.584003,10.721483,16.118795,14.077756,18.40253,19.925236,21.09403,24.36571,25.575981,26.907356,23.848734,22.179544,19.939276,15.582272,18.074934,12.027746,15.031803,12.407477,14.961516,14.234363,18.218346,17.487495,18.030079,19.707811,17.055664,16.67179,12.616203,14.142024,10.517219,14.894764,13.270404,15.524418,18.371529,15.9591465,12.834923,14.083736,10.841163,10.612678,12.22256,12.103525
5,14.889441,12.485587,8.733738,6.155232,5.304352,0.0,5.920791,7.885314,11.758991,14.498481,18.962206,19.349737,20.958635,21.923496,20.130537,20.331558,21.1697,19.507488,24.205368,22.190475,26.351248,27.024336,31.008152,28.578892,32.515274,31.323282,30.74168,30.577925,24.365248,26.34673,24.21444,26.80395,28.71904,27.339626,30.982248,31.576527,35.27834,35.607105,32.381405,29.82935,32.48738,30.584953,28.74231,28.1626,32.413475,29.050161,32.469173,32.516045,34.436996,34.08006,31.80417,35.404465,33.592728,34.24396,32.575912,35.01391,30.474154,32.645226,31.81808,29.973948,26.78701,27.574528,25.16596,23.169939,24.891953,20.083046,22.777332,19.129953,22.870363,18.072817,15.50721,17.906902,14.293507,19.20531,15.347474,19.742645,20.16817,20.663685,23.642387,24.129387,25.586033,23.135813,20.612204,19.2674,15.4811125,18.686663,13.708069,18.201065,16.35844,19.485306,19.133226,23.370026,22.549803,22.709982,24.103405,21.131351,20.235834,16.299953,16.46639,12.696214,15.156076,12.693949,13.585478,15.655517,12.522953,10.038285,10.147326,9.430975,8.240064,11.652764,11.638561
6,18.291014,14.949019,12.142101,9.134703,5.830644,5.920791,0.0,6.932722,8.23511,11.93437,15.786548,17.38973,18.910847,18.904314,17.5455,16.414099,17.692692,15.122309,20.229862,17.891138,21.968801,23.477434,26.864185,24.148336,28.586325,27.217634,26.041433,25.622429,18.991442,20.868118,18.408455,21.33101,23.150537,22.369871,25.7246,26.732851,30.422668,30.383005,27.281193,24.63027,26.887499,24.889267,22.880339,22.338224,26.743793,23.622023,27.24786,27.59757,29.512314,29.01304,26.541508,30.197823,28.589073,28.975674,26.964664,29.364376,24.724745,26.856459,26.252663,24.6412,21.310844,22.516895,19.90204,18.516333,20.67357,16.329258,19.665607,16.439129,20.34941,15.94437,12.29167,13.561634,9.296347,14.29598,10.272699,14.337127,15.416603,15.950568,19.080046,20.216879,21.259249,18.276777,16.354248,14.265345,10.067813,13.105913,7.90289,12.927158,11.874922,15.422707,16.215338,20.273489,20.68707,21.085533,21.837692,19.187689,17.589554,14.3169985,13.76785,9.725921,13.299567,10.045021,12.896035,15.414573,12.558746,9.367812,9.617208,5.08828,5.7415323,7.3818784,9.0339575
7,22.688665,20.094898,16.26548,13.680954,11.519591,7.885314,6.932722,0.0,5.423236,6.7133646,11.677581,12.374235,15.0292425,16.14723,16.025444,16.028475,18.793829,17.429539,22.973455,22.012976,26.192308,27.872616,31.634348,29.443867,34.30425,33.256508,31.798698,30.750126,23.872671,24.714848,21.937004,23.702415,23.734125,21.9888,25.3462,25.237698,29.245733,29.99791,27.25979,25.593958,27.914467,27.410055,25.14336,26.018341,30.777962,28.532763,32.43308,33.253956,35.20577,34.49735,31.67931,35.143833,33.353313,32.96471,30.596525,32.128727,27.213419,28.691864,27.201366,26.04278,22.872252,25.146727,23.652061,22.680992,26.155516,21.918648,25.459486,22.669695,26.990326,22.760757,19.172323,19.792734,15.304635,19.042881,13.130794,16.60816,15.860612,15.140193,17.54753,17.470263,18.605389,16.760319,13.507789,13.19012,10.641453,14.523966,12.062844,18.14026,18.050884,21.870415,22.940815,27.115953,27.467306,27.558556,28.047602,25.157974,23.105436,20.084007,18.248503,14.507182,15.476408,11.221387,12.095752,13.045072,9.042261,7.4174705,3.4486332,4.9202886,3.6717548,8.006648,10.0136595
8,26.066267,22.873362,19.854198,16.473377,13.846283,11.758991,8.23511,5.423236,0.0,4.6487465,7.5681667,9.494507,11.571967,11.656422,12.020581,11.053725,14.548578,13.0667305,18.803293,18.35218,22.353487,24.55649,28.05349,26.141926,31.39371,30.606125,28.831396,27.17766,20.350248,20.414225,17.755274,18.734814,18.602077,16.57663,20.080875,20.092173,23.971594,24.685986,21.84544,20.244333,22.703424,22.51552,20.458706,21.939627,26.628267,25.02623,29.010508,30.262579,32.40613,31.795902,28.96424,32.569298,31.30468,30.590437,27.58667,28.94508,23.80303,24.887127,23.673098,23.331703,19.955557,23.310318,21.652338,21.696352,25.354828,21.861387,25.746208,23.266378,27.236712,23.26549,19.0073,19.003569,14.355901,17.954847,12.149318,14.414147,14.245944,12.814903,14.976649,15.471549,15.421602,13.10166,9.28345,8.45351,6.4554324,9.704143,9.127002,15.175292,16.163654,20.162884,22.022678,26.209616,27.099602,26.978714,26.73011,24.030155,21.287167,19.140516,16.192888,12.936346,13.360618,8.6231,10.6671295,11.724425,8.754361,7.018201,5.3792505,3.248976,6.4807653,8.216848,12.060026
9,29.235516,26.39326,22.786959,19.97131,17.451488,14.498481,11.93437,6.7133646,4.6487465,0.0,5.613382,7.416976,11.1001425,11.9269285,13.875621,13.395828,17.784952,16.812803,22.481924,22.507544,26.352213,28.772425,32.14003,30.288157,35.679695,34.83737,32.77464,30.989996,24.048937,23.756905,20.720383,21.407978,19.60669,17.482546,20.415583,19.582434,23.772345,24.925219,22.728045,22.02382,23.958824,24.84298,22.402355,24.642054,29.527401,28.415762,32.507175,33.958782,35.926033,35.03533,31.94396,35.23395,33.68823,32.46404,29.455385,30.152004,25.065218,25.741405,23.806341,23.608412,20.573631,24.31896,23.571733,23.722742,28.178967,24.746649,28.682394,26.563828,30.91166,27.176455,23.084648,22.576513,18.00445,20.575047,14.090309,15.862692,14.325831,12.142191,13.509299,12.951177,13.114934,12.010523,7.6448956,8.910655,8.877986,12.356478,13.153678,19.290058,20.563654,24.518454,26.506361,30.487923,31.590971,31.58097,31.368462,28.67805,25.90985,23.77353,20.739758,17.560562,17.421816,12.719771,13.655371,13.586014,10.279413,9.963368,5.6937857,7.260811,7.986493,9.686685,13.036511
10,33.53153,30.38059,27.322151,23.868967,21.399439,18.962206,15.786548,11.677581,7.5681667,5.613382,0.0,4.4916444,7.349018,7.282446,10.830038,10.145243,15.34378,15.163107,20.33002,21.454134,24.885967,27.541569,30.771194,29.555939,35.15826,34.79058,32.5994,30.106855,23.677391,22.289253,19.772755,18.84307,16.41078,13.141366,16.279253,14.860538,18.787348,20.426474,18.224295,18.160637,20.460966,22.285902,20.37778,23.588184,28.110611,27.913792,31.924446,33.82348,36.018906,35.32363,32.33881,35.71029,34.77319,33.21106,29.563164,29.912443,24.737469,24.717243,23.020004,23.985222,20.964077,25.816914,25.047842,26.132187,30.554163,27.78056,31.849194,29.89462,33.817024,30.203274,25.739689,25.02796,20.565123,23.03337,17.108072,17.629627,16.559017,13.650889,14.124748,13.804017,12.116658,11.281052,5.61518,7.715374,9.871003,11.413347,14.584615,19.834827,21.899765,25.808815,28.229279,32.280464,33.529545,33.156406,32.283916,29.717464,26.422752,25.118698,21.121237,18.762348,17.410118,13.108611,13.926054,13.298493,11.5173855,11.875572,9.857577,10.723865,13.046698,13.894107,17.84146
11,34.02067,31.135054,28.031393,24.381237,22.52914,19.349737,17.38973,12.374235,9.494507,7.416976,4.4916444,0.0,4.6071725,6.9344454,10.038637,11.466503,16.018587,16.961763,21.703701,23.400515,26.960182,29.003286,32.84004,32.058624,37.498814,37.46224,35.675148,33.105133,26.950289,25.513615,23.489244,22.027042,20.238539,16.101622,19.656265,17.785503,21.216124,23.38703,20.947844,20.968508,23.975046,25.804249,24.349611,27.472658,31.78385,31.469105,35.382454,37.18916,39.57848,39.10092,36.264645,39.797634,38.91552,37.529953,33.90437,34.369823,29.17727,29.156673,27.488552,28.443817,25.418673,30.11263,29.208607,30.01863,34.189663,31.076384,35.054695,32.72208,36.57713,32.550415,28.161793,28.137863,23.551453,26.680693,20.663475,21.736567,20.60023,17.807123,18.284399,17.493473,16.043743,15.671891,10.019125,12.104517,13.620361,15.145152,17.54441,22.755123,24.375378,28.357119,30.332844,34.80314,35.38386,34.66302,33.847958,31.002214,27.768482,26.292326,22.112814,19.93486,17.400373,13.515427,12.686088,10.975503,9.53361,11.180324,9.522654,12.696663,14.776025,16.776628,20.35808
12,34.9984,31.92661,29.455057,25.222385,23.67513,20.958635,18.910847,15.0292425,11.571967,11.1001425,7.349018,4.6071725,0.0,3.9082997,6.4193325,9.167027,13.025871,15.079354,18.967983,21.503048,24.822067,26.487684,30.582903,30.446856,35.749027,36.21994,34.757328,31.833607,26.366024,24.45884,23.291462,20.751022,20.045301,14.950965,19.163786,17.43488,20.065893,22.42499,19.400143,19.225945,23.1627,24.82332,24.19517,27.316177,31.09774,30.994436,34.670933,36.55353,39.234432,39.13883,36.618134,40.397205,40.03105,38.840218,34.936398,35.64299,30.428595,30.292286,29.19138,30.58561,27.40895,32.304077,30.888678,31.978958,35.590633,32.693935,36.621696,34.082783,37.429832,33.254944,28.730585,29.123642,24.66127,28.350668,22.953539,23.859919,23.483454,20.792067,21.369501,21.086048,19.036865,18.199015,12.618543,13.846937,15.240873,15.565318,18.223392,22.517937,24.19194,28.043768,29.938955,34.639793,34.86571,33.70541,32.49412,29.65173,26.207388,25.250433,20.528524,19.128256,15.4234295,12.464414,11.126311,9.100621,9.604174,11.440531,12.123601,14.533234,17.57436,19.545069,23.401442
13,35.6249,32.238125,30.109333,25.749092,23.850155,21.923496,18.904314,16.14723,11.656422,11.9269285,7.282446,6.9344454,3.9082997,0.0,5.1602936,6.0719576,10.583914,12.4153,16.136889,18.854845,21.866003,23.943771,27.616854,27.54621,32.96206,33.48034,31.82492,28.667997,23.436985,21.123642,20.16602,17.10827,16.516531,11.187734,15.625948,14.266503,16.722141,18.853085,15.597761,15.327877,19.399565,21.107079,20.72588,24.036968,27.611609,27.862104,31.46945,33.532303,36.234127,36.187817,33.739002,37.510662,37.447094,36.18641,32.070774,32.767597,27.605665,27.3155,26.563927,28.321604,25.129513,30.282356,28.716013,30.240673,33.725662,31.28683,35.24788,32.934643,36.03472,32.148354,27.47869,27.51297,23.260796,26.689693,21.812645,22.122425,22.243048,19.561167,20.085638,20.367098,17.78462,16.491108,11.345854,11.903091,13.687904,12.98989,16.589125,20.227425,22.387007,26.08725,28.361624,32.823948,33.45444,32.33665,30.796673,28.220325,24.545816,24.114784,19.163069,18.113865,14.7731695,11.965565,11.981292,10.936735,11.729845,12.603163,13.809186,14.4360075,18.085133,19.233053,23.436
14,32.740147,29.312113,27.819294,23.020971,21.638239,20.130537,17.5455,16.025444,12.020581,13.875621,10.830038,10.038637,6.4193325,5.1602936,0.0,5.038031,6.839529,9.806137,12.920781,15.840642,19.058926,20.289799,24.666298,24.941927,30.00433,30.862438,29.855911,26.821577,22.102512,20.142908,20.008461,16.984179,18.700691,13.558783,18.541117,18.079971,20.035576,21.699144,17.699173,16.222488,21.159449,21.511219,21.771261,24.119299,27.285238,26.913383,30.260788,32.00615,34.974163,35.34949,33.29038,37.388565,37.56889,36.911774,32.94079,34.316753,29.16737,29.337776,29.145798,30.551495,27.117004,31.689203,29.37911,30.571064,33.17238,30.550793,34.282803,31.51053,34.11127,29.881079,25.308777,26.237696,22.131542,26.551893,22.322506,23.254711,24.13185,22.029871,23.21507,23.88411,21.719017,19.728666,14.865212,14.304024,14.588018,13.597271,15.642505,18.507189,20.042137,23.606865,25.361292,30.192636,30.095686,28.56985,26.974379,24.233839,20.622038,20.272682,15.132606,14.660411,10.245951,8.613472,8.166642,7.7391887,9.945422,10.452737,13.84835,14.058439,18.196394,19.812616,23.857346
15,32.73195,28.98512,27.601583,23.020815,20.937239,20.331558,16.414099,16.028475,11.053725,13.395828,10.145243,11.466503,9.167027,6.0719576,5.038031,0.0,5.5248446,6.398493,10.470694,12.816109,15.876359,18.159206,21.68944,21.485317,26.901403,27.429247,25.89699,22.758562,17.760914,15.537875,15.166181,12.145024,13.954455,9.376619,14.376855,14.743031,16.922895,17.894314,13.812812,11.842587,16.496815,16.62473,16.73656,19.1915,22.473589,22.350649,25.818674,27.766306,30.612312,30.828953,28.670116,32.67876,32.981796,32.182186,28.081264,29.431551,24.334606,24.477821,24.564833,26.128428,22.703041,27.41313,25.04883,26.670298,29.33736,27.230799,31.040129,28.690641,31.23325,27.502094,22.778439,22.93271,19.055075,22.86,19.150908,19.3759,20.73069,18.75767,19.964415,21.25255,18.836811,16.282652,12.327583,10.794361,11.278538,9.17152,12.411977,14.785983,17.091562,20.558327,22.981655,27.323935,28.09115,26.958319,25.165253,22.831175,19.018494,19.084532,14.047085,13.489154,10.944646,8.735832,10.851097,11.642912,12.662936,11.970974,14.688451,12.761152,17.23758,17.680971,22.007645
16,31.697752,27.863914,27.44657,22.469599,20.977674,21.1697,17.692692,18.793829,14.548578,17.784952,15.34378,16.018587,13.025871,10.583914,6.839529,5.5248446,0.0,4.6602583,6.1073465,9.45568,12.355615,13.547522,17.85413,18.437937,23.356356,24.52658,23.822176,20.634092,16.923267,14.862922,16.019974,12.662146,17.141232,13.020936,17.960972,18.998386,20.28859,20.866581,16.274918,13.271406,18.682716,17.35609,18.587446,19.903938,22.233864,21.664303,24.577639,26.22848,29.425972,30.254404,28.712387,33.017624,33.83268,33.673294,29.6946,31.69185,26.839582,27.296295,28.100723,29.518728,26.019793,30.131807,27.021124,28.465954,29.975227,27.98635,31.431684,28.71907,30.420261,26.513412,21.984701,23.072536,19.719627,24.34131,21.77373,22.345892,24.491604,23.073568,24.665716,26.257364,24.02906,21.115833,17.59188,15.4944935,14.860076,12.322292,13.786231,14.238954,15.88549,18.833527,20.722797,25.315294,25.316946,23.597416,21.413185,19.100773,15.201759,16.003464,10.59997,11.577441,8.061069,8.556094,10.595386,12.182915,14.352464,13.308942,17.688828,15.391174,20.05321,20.724348,24.759401
17,29.64657,25.613066,25.217268,20.57437,18.506285,19.507488,15.122309,17.429539,13.0667305,16.812803,15.163107,16.961763,15.079354,12.4153,9.806137,6.398493,4.6602583,0.0,5.8321686,6.5181956,10.047282,12.388959,15.916055,15.381826,20.70395,21.2135,20.051268,17.156157,12.566385,11.035136,11.734768,9.715322,14.809176,12.227182,16.677795,18.486187,20.287836,20.112455,15.756212,12.130934,16.671686,14.412421,15.13592,15.799129,18.528236,17.487144,20.668169,22.25835,25.307041,25.926786,24.238419,28.546207,29.230598,29.176767,25.344189,27.591793,22.790092,23.609293,24.609352,25.661009,22.130018,25.853804,22.523563,23.978836,25.374039,23.585867,27.043566,24.560026,26.297695,22.70876,18.085636,18.680336,15.513129,19.8934,17.924002,18.325966,20.976294,20.018684,21.918285,23.967358,22.05571,18.631905,16.084711,13.13773,11.776368,8.819967,9.822595,9.686782,11.794515,14.810953,17.230343,21.485205,22.233229,21.050535,19.008772,16.962532,13.056611,13.775365,8.926745,9.288722,8.63861,8.145294,12.019619,14.35087,15.341881,13.37886,17.148842,13.216129,17.863855,17.716274,21.692963
18,32.60962,28.55352,29.056162,24.248236,22.690586,24.205368,20.229862,22.973455,18.803293,22.481924,20.33002,21.703701,18.967983,16.136889,12.920781,10.470694,6.1073465,5.8321686,0.0,5.172471,6.598183,8.031907,11.835749,12.991288,17.701738,19.308466,18.90399,15.448333,13.484681,11.250967,14.079976,10.581434,17.367071,14.748209,18.907442,21.064054,21.656504,21.247126,16.61475,12.591363,17.744516,14.753793,17.072674,17.216206,18.302685,17.704268,19.93702,21.52554,24.929428,26.257738,25.340246,29.720705,31.247627,31.527151,27.608236,30.08915,25.756237,26.38531,28.108665,29.580145,26.223234,29.817232,26.136301,27.875387,28.308659,27.147694,30.196281,27.742798,28.46699,25.158121,20.918556,21.926075,19.632381,23.937683,23.07564,23.140522,26.211237,25.36355,27.1018,29.32008,27.05581,23.66798,21.359291,18.48001,17.435888,13.968474,14.94543,12.64515,14.394385,16.228924,18.291302,22.236835,22.523016,20.706154,17.814272,16.3081,12.338669,14.687839,10.012164,12.405889,10.96557,12.643032,15.599656,17.789614,19.7717,18.103956,22.543467,18.893337,23.513828,23.355005,27.185087
19,29.234999,25.060553,25.907242,21.490355,19.700632,22.190475,17.891138,22.012976,18.35218,22.507544,21.454134,23.400515,21.503048,18.854845,15.840642,12.816109,9.45568,6.5181956,5.172471,0.0,4.2848096,6.6768613,9.816789,9.202662,14.256191,15.08808,14.641539,11.912591,9.363547,8.780561,11.484254,10.506147,17.788202,16.725256,20.35668,23.052095,24.22906,23.215948,18.943523,14.555226,18.514652,14.237494,15.934173,14.575212,15.828265,13.941032,16.24494,17.372372,20.726992,22.043839,21.212856,25.709646,27.095552,27.866184,24.394283,27.43989,23.322111,24.59295,26.550783,27.315393,23.967098,26.642067,22.515354,23.908129,23.651669,22.606155,25.40932,22.98826,23.405487,20.32569,16.238836,17.284624,15.594828,19.9399,20.152063,20.425856,24.045406,23.898598,26.077143,28.630678,26.954153,23.152824,21.6785,18.206598,16.152527,12.978328,12.260692,8.35967,9.7488,11.130283,13.39862,17.112823,17.827879,16.449354,13.715895,12.499942,8.628812,11.113169,7.707822,9.920564,11.260151,12.660727,16.6187,19.487219,20.622402,18.20604,22.365599,17.58856,21.873022,21.205101,24.60392
20,32.488773,28.31918,29.572304,25.3169,23.571772,26.351248,21.968801,26.192308,22.353487,26.352213,24.885967,26.960182,24.822067,21.866003,19.058926,15.876359,12.355615,10.047282,6.598183,4.2848096,0.0,4.8499393,5.8978953,6.4685884,11.339528,12.898289,12.648465,9.251019,9.531681,8.267548,12.3852415,10.723012,18.644728,18.119835,21.165535,24.25623,24.740084,23.30385,19.182034,14.676557,18.32434,13.433819,16.124683,14.333417,14.099008,12.80509,14.193509,15.472389,19.00148,20.790028,20.557955,24.938217,27.04026,27.931303,24.40301,27.51353,23.91497,24.991756,27.528585,28.639893,25.545372,28.1392,23.927662,25.737734,24.925669,24.687555,27.175974,25.154821,24.867727,22.46857,18.801802,19.485615,18.58344,22.191786,23.25555,22.939869,26.821112,26.743893,28.714869,31.48571,29.536037,25.734415,24.738537,21.222576,19.583515,15.932129,15.894659,11.06848,12.625629,12.84217,15.151849,17.876465,18.91347,17.480165,14.145012,13.901733,10.514167,13.974842,11.378288,14.003763,15.151174,16.849733,20.609972,23.324707,24.71867,22.422014,26.538689,21.663729,25.908451,24.88831,28.251701
21,31.739876,27.747149,29.637848,25.202496,24.175554,27.024336,23.477434,27.872616,24.55649,28.772425,27.541569,29.003286,26.487684,23.943771,20.289799,18.159206,13.547522,12.388959,8.031907,6.6768613,4.8499393,0.0,5.8827558,8.208909,10.967271,13.546973,14.873553,12.314156,13.575427,13.058957,16.966478,15.33455,23.169899,21.935932,25.416475,28.199097,28.54613,27.450779,23.110342,18.728834,22.885391,18.211935,20.94877,19.016706,18.52702,16.76368,17.539152,18.143513,21.718266,23.927582,24.1485,28.546227,30.66765,31.993414,28.767292,32.098644,28.54616,29.768011,32.23514,33.137463,29.961863,32.25122,27.848837,29.17047,27.768978,27.16795,29.31785,26.819859,26.006918,23.224941,19.999226,21.813707,21.015202,25.373549,26.415453,26.732935,30.554333,30.53379,32.685974,35.27947,33.47205,29.710352,28.155008,24.790804,22.808998,19.605366,18.653011,14.079369,14.390876,14.23738,15.260981,18.378304,17.956427,15.682528,12.039917,11.756767,8.787354,12.8571005,10.759473,14.339312,14.789198,17.721178,20.778627,23.560383,25.437695,23.252363,28.082396,23.743357,27.954416,27.55888,30.696846
22,35.088875,31.039392,33.069572,29.108997,27.660276,31.008152,26.864185,31.634348,28.05349,32.14003,30.771194,32.84004,30.582903,27.616854,24.666298,21.68944,17.85413,15.916055,11.835749,9.816789,5.8978953,5.8827558,0.0,4.8969364,6.8019433,9.843352,10.991786,8.14306,12.449407,11.917602,16.449722,15.276661,23.181564,23.257853,25.744781,29.116297,29.076817,27.254938,23.451794,19.064383,22.050396,16.64484,19.82903,17.105242,15.103273,13.782453,13.370367,14.02977,17.563797,20.156202,21.022007,25.108389,27.94542,29.407017,26.31401,29.739529,26.954391,28.119385,31.218061,32.268223,29.47992,31.401749,26.964725,28.752117,26.787544,27.289732,29.093735,27.347542,25.911602,24.27549,21.475655,22.309511,22.473866,25.617605,27.830511,27.365707,31.557375,31.81514,33.801746,36.764412,34.85591,30.994986,30.425764,26.816418,25.080729,21.452812,21.016933,15.400789,16.267221,15.052099,16.68256,18.12449,19.005188,17.462452,13.686992,14.763812,12.585322,16.732754,15.557896,18.593567,20.04398,22.306036,25.88478,28.679556,30.234144,27.872223,32.155067,27.124264,31.175524,29.97849,33.013863
23,32.30843,28.212364,30.114782,26.617952,24.813309,28.578892,24.148336,29.443867,26.141926,30.288157,29.555939,32.058624,30.446856,27.54621,24.941927,21.485317,18.437937,15.381826,12.991288,9.202662,6.4685884,8.208909,4.8969364,0.0,5.776657,6.5010586,6.714549,4.644959,8.560042,9.641092,13.486548,14.274886,21.833448,22.83995,25.030329,28.61124,29.215675,27.122252,23.598368,19.128225,21.268696,15.374273,17.657524,13.954565,12.4555855,9.767672,9.658209,9.9537945,13.53114,15.903838,16.606524,20.834496,23.394321,25.106812,22.351366,26.114202,23.44731,25.079544,28.171267,28.667269,25.946636,27.22158,22.619473,24.206318,21.94158,22.645163,24.337406,22.83314,21.394974,20.158941,17.489899,17.85213,18.55374,21.2398,24.151468,23.68243,28.081762,28.773924,30.960861,34.080093,32.599075,28.573864,28.608492,24.757421,22.589548,19.296076,18.152819,12.003267,12.776244,10.997237,13.155503,13.950236,15.9253235,15.237195,11.961524,13.269428,11.382424,14.953618,14.666088,16.907988,19.797812,21.35417,25.49785,28.549059,29.42397,26.69788,30.437735,24.81663,28.488594,26.843908,29.550844
24,33.97469,30.135954,32.840588,29.666483,28.332178,32.515274,28.586325,34.30425,31.39371,35.679695,35.15826,37.498814,35.749027,32.96206,30.00433,26.901403,23.356356,20.70395,17.701738,14.256191,11.339528,10.967271,6.8019433,5.776657,0.0,4.2883024,7.7924123,8.131044,13.758677,15.21498,18.96558,19.86646,27.391476,28.472692,30.547335,34.194324,34.52831,32.32015,28.889994,24.47709,26.47041,20.490417,22.938503,18.82576,16.38377,13.645085,11.863752,10.872309,13.954703,17.089558,18.933922,22.655567,25.634521,28.023447,25.938923,29.953587,27.963352,29.737907,33.0886,33.35872,30.864561,31.424082,26.69822,27.936487,24.53399,25.643957,26.521858,25.123466,22.49106,21.906006,20.330889,21.226875,22.741697,25.281883,28.938328,28.659733,33.174133,34.144176,36.425785,39.5962,38.258675,34.20358,34.321075,30.447182,28.070799,24.977615,23.285915,17.054895,16.920229,14.185453,15.048252,14.568471,15.810885,14.992078,11.687069,14.212989,13.759639,17.530027,18.420347,21.018414,23.943663,26.103935,29.971699,33.122704,34.166325,31.396538,35.41502,29.85021,33.319977,31.77222,34.09284
25,32.366837,28.552925,31.124952,28.467096,26.839394,31.323282,27.217634,33.256508,30.606125,34.83737,34.79058,37.46224,36.21994,33.48034,30.862438,27.429247,24.52658,21.2135,19.308466,15.08808,12.898289,13.546973,9.843352,6.5010586,4.2883024,0.0,4.6273837,7.2804484,12.128854,14.690432,17.60401,19.887558,26.857998,28.66313,30.410059,34.17984,34.94315,32.526085,29.391525,25.027212,26.303055,20.165659,21.865883,17.111267,15.016927,11.333547,9.435577,7.558978,10.382281,13.417081,15.363943,19.011238,21.79095,24.502295,22.897524,27.158579,25.469612,27.604486,30.938023,30.7234,28.404932,28.272818,23.499586,24.519938,20.668697,22.160118,22.756212,21.746452,18.922329,19.027346,17.839964,18.183496,20.362343,22.220232,26.585262,26.250183,30.85944,32.209698,34.59421,37.867443,36.8891,32.776974,33.443512,29.459454,26.838732,24.088917,21.94737,15.626733,15.346787,12.068623,13.21023,11.515544,14.074159,14.292727,11.767486,14.420785,14.312248,17.370249,18.913784,20.793377,24.676699,26.23602,30.457365,33.7362,34.24924,31.24948,34.73904,28.785723,31.850136,29.903913,31.865902
26,33.26975,29.322056,31.20412,28.653374,26.453772,30.74168,26.041433,31.798698,28.831396,32.77464,32.5994,35.675148,34.757328,31.82492,29.855911,25.89699,23.822176,20.051268,18.90399,14.641539,12.648465,14.873553,10.991786,6.714549,7.7924123,4.6273837,0.0,4.5759635,9.023284,11.713661,14.118908,17.079115,23.381865,25.935436,27.124678,31.044939,31.93982,29.267874,26.54171,22.37808,22.833002,16.693092,17.988255,12.948227,10.819975,6.9299574,4.9860854,3.5035336,6.939275,9.5960455,11.143328,14.982248,17.907413,20.242134,18.382849,22.577307,21.025356,23.129457,26.580238,26.455147,24.31166,24.272078,19.658272,21.21478,17.921442,19.95908,20.9414,20.52661,18.455873,18.927137,17.238173,16.271942,18.453716,19.315039,23.856546,22.886108,27.520006,28.885958,31.079393,34.479134,33.453712,29.389019,30.631004,26.63449,24.328512,21.449072,19.976028,13.731349,14.420438,11.579573,14.019041,12.241413,16.20417,16.973288,14.7284775,16.749548,15.894948,18.545244,19.434568,20.711714,24.8123,25.58447,30.136822,33.29772,33.485455,30.479998,33.36135,27.13202,30.110723,27.641018,29.727074
27,34.865326,30.749374,32.25659,29.113413,26.824549,30.577925,25.622429,30.750126,27.17766,30.989996,30.106855,33.105133,31.833607,28.667997,26.821577,22.758562,20.634092,17.156157,15.448333,11.912591,9.251019,12.314156,8.14306,4.644959,8.131044,7.2804484,4.5759635,0.0,7.3770304,8.284132,11.833002,13.325208,20.122068,22.28977,23.559284,27.473349,28.003883,25.405521,22.507915,18.304167,19.158926,13.009842,15.145504,10.891909,8.33845,6.1042686,5.3063145,6.602043,10.091607,12.268108,13.008382,17.007511,20.02016,21.476816,18.633774,22.310593,20.195517,21.724245,25.198668,25.850786,23.503105,24.663025,20.286177,22.465506,20.372932,21.98808,23.676117,22.991661,21.714993,21.371996,18.779316,17.807732,18.930387,20.219513,23.698748,22.40467,26.887857,27.696743,29.624651,32.962837,31.412706,27.436749,28.326714,24.43756,22.6839,19.19347,18.866846,12.765156,14.419887,12.630481,15.5872965,15.287782,18.625574,18.69697,15.851075,17.273235,15.422371,18.500467,18.09131,19.688345,22.886402,23.672972,28.122953,31.05091,31.588072,28.841494,31.901173,25.932222,29.402422,27.091997,29.7819
28,30.583307,26.39668,26.92112,23.842373,21.00947,24.365248,18.991442,23.872671,20.350248,24.048937,23.677391,26.950289,26.366024,23.436985,22.102512,17.760914,16.923267,12.566385,13.484681,9.363547,9.531681,13.575427,12.449407,8.560042,13.758677,12.128854,9.023284,7.3770304,0.0,4.7175193,5.62471,9.691081,15.543017,17.81717,19.426474,23.044407,24.675701,22.448166,19.501207,15.408482,16.224558,10.699421,10.900101,6.861637,8.6684065,5.2746873,8.791776,10.247725,12.917727,13.363326,11.979433,16.434246,17.857204,18.652506,15.409722,18.952263,15.550898,17.478668,20.124813,20.312956,17.454473,19.034828,14.63601,16.699505,16.128546,16.699846,19.35088,18.391367,18.770874,17.597528,13.996577,12.265764,12.334529,13.822468,16.449646,15.318143,19.750057,20.562868,22.727282,25.989758,24.786112,20.694496,21.61921,17.628134,15.52269,12.437869,11.830321,6.18967,9.058196,8.928118,12.982221,13.985233,17.697617,18.206608,16.225948,16.361433,13.892932,15.526773,14.600343,14.830281,18.691011,18.246775,23.03891,25.934944,25.762304,22.894829,25.220425,19.015982,22.300098,19.78257,22.608438
29,34.045807,29.81798,30.05485,26.500082,23.701677,26.34673,20.868118,24.714848,20.414225,23.756905,22.289253,25.513615,24.45884,21.123642,20.142908,15.537875,14.862922,11.035136,11.250967,8.780561,8.267548,13.058957,11.917602,9.641092,15.21498,14.690432,11.713661,8.284132,4.7175193,0.0,4.8509893,5.428308,12.276626,14.223089,15.76794,19.507946,20.585548,18.332933,15.209492,11.007009,12.234385,6.623244,8.249645,6.221114,7.537532,7.3438153,10.446022,12.870812,15.662037,16.20853,14.833159,18.94946,20.765202,20.757584,16.727629,19.43532,15.770511,16.740757,19.46277,20.769754,17.91921,20.868025,17.122066,19.875288,20.251322,20.804838,23.735384,22.795498,23.454004,22.009056,18.08941,16.465015,15.662689,17.1435,18.49788,16.790522,20.773693,20.808325,22.443369,25.608274,23.638779,19.76823,20.35504,16.606836,15.608455,11.560524,13.203206,8.811814,12.34261,13.004101,16.862158,18.426325,21.605774,21.54256,19.043587,18.924181,15.791563,17.884575,15.575261,16.233057,18.642487,18.18139,22.701956,25.19567,25.490957,23.053123,25.487942,19.807743,23.58978,21.276726,24.714333
30,32.820774,28.687366,28.20812,25.102411,21.842413,24.21444,18.408455,21.937004,17.755274,20.720383,19.772755,23.489244,23.291462,20.16602,20.008461,15.166181,16.019974,11.734768,14.079976,11.484254,12.3852415,16.966478,16.449722,13.486548,18.96558,17.60401,14.118908,11.833002,5.62471,4.8509893,0.0,6.5406723,10.238969,13.284288,14.327379,17.915401,19.955847,17.744022,15.246663,11.775463,11.704559,7.4549155,5.9745493,4.4270406,8.900705,8.292645,12.326312,14.561724,16.629196,16.172132,13.739707,17.602093,18.425854,17.856503,13.745741,16.188337,11.874026,13.188268,15.3725605,16.264862,13.226531,16.402704,12.961481,15.89414,17.472746,17.796572,21.138954,20.527899,22.14548,20.804968,16.746943,14.094331,12.872914,13.351066,14.276904,12.075857,16.032011,16.21658,17.915955,21.207798,19.592312,15.607797,16.97819,13.120637,12.098955,8.523124,10.548472,7.8042727,11.777268,13.159021,17.293941,18.767786,22.47608,22.988693,21.18257,20.721752,17.758991,18.788656,16.702597,16.154106,19.184042,17.56019,22.265856,24.651722,24.167461,21.646189,23.02682,17.071264,20.35545,17.46207,20.832968
31,36.507015,32.323746,31.903294,28.028305,25.175467,26.80395,21.33101,23.702415,18.734814,21.407978,18.84307,22.027042,20.751022,17.10827,16.984179,12.145024,12.662146,9.715322,10.581434,10.506147,10.723012,15.33455,15.276661,14.274886,19.86646,19.887558,17.079115,13.325208,9.691081,5.428308,6.5406723,0.0,7.97139,8.974217,10.788572,14.361018,15.305675,13.408876,9.91939,5.72022,8.046939,4.7510304,6.6992984,8.666448,10.757865,12.276546,15.383509,18.095356,20.699894,20.920147,19.102758,22.844913,24.330221,23.444653,18.899876,20.505745,16.291779,16.26621,18.323364,20.583258,17.672098,22.05932,19.19874,22.265821,23.966822,24.047085,27.435095,26.40173,27.81477,25.891798,21.555866,19.907757,18.021461,19.542608,19.134901,17.116936,20.24096,19.33395,20.372467,23.212582,20.519379,17.056124,17.062317,13.837708,14.221743,9.660003,13.723074,11.633565,15.487272,17.201902,20.945093,23.236177,25.994602,25.620127,23.105003,22.392344,18.77455,20.541233,16.993633,17.395035,18.30829,17.238516,21.27738,23.14032,23.629375,21.763763,23.857319,19.005184,23.05157,21.035196,25.02404
32,40.23327,36.24917,34.760433,31.364016,28.07529,28.71904,23.150537,23.734125,18.602077,19.60669,16.41078,20.238539,20.045301,16.516531,18.700691,13.954455,17.141232,14.809176,17.367071,17.788202,18.644728,23.169899,23.181564,21.833448,27.391476,26.857998,23.381865,20.122068,15.543017,12.276626,10.238969,7.97139,0.0,6.1304436,4.2978845,8.117519,10.290897,8.229341,7.152336,6.9673777,4.6038833,7.9631963,6.10995,11.45988,14.765751,17.216484,20.632435,23.535446,25.342058,24.564312,21.875994,24.67861,25.323309,23.075735,18.310745,18.113062,13.687728,12.286197,12.994448,16.39946,14.006641,19.859247,18.77679,22.339401,25.896814,25.984495,29.721518,29.32354,31.786354,30.137512,25.777561,23.06243,20.686188,20.581837,18.738113,15.614078,17.244379,15.430261,15.199959,17.796452,14.386005,11.788322,13.0483885,11.000812,13.628714,10.095686,16.133368,16.61092,20.615114,22.878548,26.813131,28.893702,32.18545,32.26566,30.213732,29.243982,25.6833,26.612766,22.97446,22.282776,22.954348,20.437864,24.010454,25.077948,24.791935,23.46906,23.709164,19.642605,22.899021,20.392265,24.427532
33,39.72588,35.806477,34.25877,30.277233,27.43905,27.339626,22.369871,21.9888,16.57663,17.482546,13.141366,16.101622,14.950965,11.187734,13.558783,9.376619,13.020936,12.227182,14.748209,16.725256,18.119835,21.935932,23.257853,22.83995,28.472692,28.66313,25.935436,22.28977,17.81717,14.223089,13.284288,8.974217,6.1304436,0.0,5.091148,6.3895717,8.405168,8.66566,5.2987866,5.5885525,8.271658,11.346335,11.191754,15.783064,18.788557,20.7052,24.089975,26.835686,29.189098,28.90862,26.475836,29.77059,30.438366,28.59389,23.92086,24.085484,19.412592,18.300562,18.522903,21.568785,18.811975,24.641125,23.232214,26.192862,29.611162,28.851208,32.73764,31.567303,34.108063,31.577208,26.918997,25.281555,22.14198,23.598553,20.619778,18.65314,19.84836,17.45139,17.366213,19.14845,15.456943,13.335986,11.849706,10.591903,13.521695,10.090816,16.254082,17.548128,21.186876,24.002993,27.477316,30.551697,32.8456,32.301247,30.119617,28.622778,24.760355,25.613224,21.104368,20.671432,19.714699,17.378702,20.083035,20.602102,20.977247,20.277462,21.13925,18.318193,22.118938,20.801653,25.200804
34,43.25398,39.32519,37.64303,34.03957,30.905815,30.982248,25.7246,25.3462,20.080875,20.415583,16.279253,19.656265,19.163786,15.625948,18.541117,14.376855,17.960972,16.677795,18.907442,20.35668,21.165535,25.416475,25.744781,25.030329,30.547335,30.410059,27.124678,23.559284,19.426474,15.76794,14.327379,10.788572,4.2978845,5.091148,0.0,4.2447433,6.0760894,4.816642,4.7137837,7.2476954,5.6882586,10.992428,10.16767,15.571216,18.339554,21.184185,24.401283,27.403131,29.304691,28.638659,26.046093,28.732702,29.439756,26.978273,22.202328,21.497757,17.347525,15.400872,15.555752,19.415684,17.3231,23.473185,22.81084,26.318468,30.115623,30.021854,33.835327,33.308613,35.887203,33.99436,29.517248,27.06286,24.377579,24.547115,22.030567,19.101274,20.028114,17.632423,16.795126,18.738708,14.723087,13.15592,13.530998,12.63331,16.078625,12.882773,19.246834,20.229786,24.147429,26.616106,30.419195,32.818108,35.80118,35.61473,33.424553,32.273758,28.532646,29.508354,25.378696,24.823002,24.517439,22.000483,24.914482,25.415033,25.430393,24.66815,24.78074,21.699493,24.987814,22.955297,27.124847
35,44.701206,40.92007,38.850292,35.212376,32.197742,31.576527,26.732851,25.237698,20.092173,19.582434,14.860538,17.785503,17.43488,14.266503,18.079971,14.743031,18.998386,18.486187,21.064054,23.052095,24.25623,28.199097,29.116297,28.61124,34.194324,34.17984,31.044939,27.473349,23.044407,19.507946,17.915401,14.361018,8.117519,6.3895717,4.2447433,0.0,4.6642942,6.2211304,6.8629937,10.291023,9.8336735,15.149345,14.198303,19.562346,22.547651,25.186054,28.514063,31.45391,33.39585,32.676918,29.95849,32.615406,33.01876,30.402853,25.749132,24.734205,20.528135,18.482544,17.799637,21.581291,19.590694,25.926472,25.693453,28.93727,33.186718,32.66245,36.6113,35.913647,38.851593,36.637157,32.06659,29.820568,26.699684,27.097486,23.66087,21.073584,21.168367,18.241894,16.938574,18.094406,13.771213,13.273103,12.700673,13.078298,17.145258,14.721465,21.131098,23.069979,26.800308,29.625723,33.25481,36.029583,38.710533,38.39806,36.321945,34.862892,31.050203,31.71453,27.29539,26.518143,25.51619,22.700085,24.918972,24.826101,24.811052,24.601404,24.22044,22.22974,25.288855,23.740349,27.927704
