,0,1,2,3,4,5,6,7,8,9,10,11,12,13,14,15,16,17,18,19,20,21,22,23,24,25,26,27,28,29,30,31,32,33,34,35,36,37,38,39,40,41,42,43,44,45,46,47,48,49,50,51,52,53,54,55,56,57,58,59,60,61,62,63,64,65,66,67,68,69,70,71,72,73,74,75,76,77,78,79,80,81,82,83,84,85,86,87,88,89,90,91,92,93,94,95,96,97,98,99,100,101,102,103,104,105,106,107,108,109,110
0,0.0,4.2977705,6.5622034,9.611418,12.235482,14.414302,18.131382,20.61693,24.21191,26.725151,29.100128,32.757637,34.041798,35.237534,32.324257,33.489285,32.02052,30.571262,32.99625,29.447817,32.699593,33.03032,34.522854,31.38178,29.658249,28.479086,23.637423,25.840567,22.303844,25.70286,23.329105,29.286196,29.867638,34.85421,34.28245,37.53292,40.201313,37.471478,36.66131,34.55656,30.122906,27.894669,25.137709,21.053226,23.715311,19.657616,21.038101,19.739502,19.767437,20.013224,20.062872,23.826435,25.217232,29.215614,30.342539,34.060318,33.306168,37.13279,38.538387,34.022728,32.493164,28.3448,26.77853,22.78745,25.435322,20.315653,20.12048,20.731195,25.323147,25.890911,24.611687,29.560001,28.583359,34.53724,34.917503,35.945496,39.592537,39.730705,42.54657,44.254173,44.1111,40.788067,37.879684,35.663906,31.916609,33.551525,27.555487,28.263086,24.290333,24.188696,21.646177,21.709757,19.057444,22.577394,25.768242,24.713099,27.104246,23.78912,27.813934,25.74114,31.803493,30.477318,34.679123,37.91373,35.66396,32.44333,32.238934,27.344225,25.665163,22.936483,20.358774
1,4.2977705,0.0,5.326512,6.310308,8.771134,12.0390415,14.7080345,18.295116,21.299522,24.209085,26.566093,30.05587,31.387192,32.26971,29.38929,30.104393,28.651531,26.842802,29.308025,25.516869,28.696815,29.278511,30.548693,27.226324,25.726883,24.39709,19.568281,21.62135,18.038744,21.520067,19.349373,25.324335,26.570889,31.306547,31.045002,34.41777,36.987347,34.29334,33.138824,30.793844,26.754889,24.129538,21.616014,17.21657,19.660269,15.52136,17.085354,15.906619,16.356115,16.840744,16.891478,21.039701,22.691547,26.535337,27.191048,31.076693,29.934196,33.73579,35.30807,30.865793,29.116537,25.24186,23.193886,19.30046,21.817263,16.460588,16.642956,16.91772,21.698627,21.930723,20.402071,25.321785,24.318808,30.24555,30.696352,31.703815,35.39694,35.645542,38.511303,40.30253,40.24851,36.857807,34.19406,31.817326,27.975515,29.507679,23.457884,24.062706,20.113413,20.063643,17.786543,17.922598,15.673344,19.195576,22.110575,20.968405,23.19174,19.994108,23.942785,21.951483,28.105148,26.861052,31.246172,34.54288,32.45925,29.16687,29.23591,23.917974,22.740227,19.743206,17.76466
2,6.5622034,5.326512,0.0,5.24978,6.8063235,8.313658,12.306916,14.190952,18.039183,20.268753,23.07326,26.482807,28.076757,29.439754,27.016827,28.261505,27.554918,26.094997,29.368063,26.05463,29.671663,30.690376,32.352642,28.872126,28.430374,26.980684,22.379234,23.59397,18.5289,21.570782,18.34808,24.39726,24.059284,29.039373,28.497368,31.493782,34.4474,31.962584,31.19037,29.314634,24.95163,23.323078,19.985435,16.6595,20.657175,16.900139,19.446161,19.056973,19.799862,19.7897,18.828821,23.185421,23.870403,27.509783,27.653122,31.031672,29.557001,33.307507,34.19629,29.446556,27.718668,24.424034,22.961554,19.481579,23.324585,18.286314,19.393236,19.966934,25.065704,24.929718,22.559393,27.005308,25.073853,31.301966,30.64284,31.716887,35.006855,34.708702,37.354427,38.854675,38.533077,35.403816,32.05729,30.165653,26.598455,28.67592,22.795881,24.513186,21.03677,21.948565,20.230858,21.094229,19.162624,21.802893,24.453506,22.688633,24.297415,20.54823,23.57194,20.909937,26.626104,24.80842,28.820671,31.905361,29.428661,26.298021,25.834345,21.281048,19.269207,16.87476,14.01878
3,9.611418,6.310308,5.24978,0.0,3.8387947,6.2905025,8.937234,12.583883,15.156263,18.361666,20.341976,23.90687,25.108868,25.965218,23.143839,23.979425,22.838833,21.225246,24.233313,20.86455,24.485424,25.452398,27.23155,23.918335,23.691652,22.516521,18.298582,19.5855,14.272772,17.907162,14.916642,21.30263,22.29109,26.552431,26.882513,29.918762,32.89046,30.634382,29.102064,26.698309,23.414337,21.028505,18.120565,14.282801,17.748816,13.813971,16.630358,16.19537,17.777079,18.485538,17.916649,22.631474,23.941383,27.29458,26.7379,30.406765,28.228193,31.882175,33.065247,28.471565,26.271214,23.705265,21.269142,18.1271,21.429218,15.976978,17.61433,17.166027,22.224514,21.21443,18.438065,22.972078,21.129808,27.02746,26.697693,27.305029,30.85144,30.816889,33.455395,35.28012,34.830303,31.449451,28.590149,26.276981,22.730669,24.251818,18.498877,19.654282,16.046541,17.029575,15.33525,16.626892,14.883979,16.971376,19.433537,17.515657,19.069853,15.311626,18.588448,16.227285,22.210613,20.942492,25.166718,28.483313,26.499336,23.186855,23.739742,18.462666,17.47207,15.0563545,13.349737
4,12.235482,8.771134,6.8063235,3.8387947,0.0,5.49597,6.038089,10.517801,12.941094,15.930685,18.75966,21.735031,23.483622,24.29958,22.110506,22.54739,22.165922,20.076593,23.746677,20.197117,23.800564,25.476707,26.84513,23.039797,23.544897,21.84513,17.681719,18.073809,12.11031,15.089145,11.685987,17.941225,18.520126,22.974707,23.10007,26.210556,29.107632,26.807978,25.377048,23.118406,19.621416,17.503792,14.366289,10.905037,15.196471,11.722831,15.116835,15.443207,17.093435,17.350752,16.084246,20.862112,21.672007,24.749382,23.762375,27.203321,24.807638,28.41945,29.402567,24.756369,22.5433,20.232264,17.94038,15.087621,19.051289,14.016705,16.314959,16.24058,21.398901,20.405201,17.20173,21.169537,18.746336,24.949877,23.961893,24.970835,28.211205,27.937551,30.608908,32.208813,31.948837,28.737474,25.655214,23.560787,19.87555,21.949373,16.003973,18.066538,14.990513,16.567009,15.848501,17.19583,16.37844,18.28873,20.095224,17.950493,18.81301,15.17278,17.431408,14.619948,20.359835,18.489962,22.80753,25.98055,23.746195,20.48448,20.529013,15.19206,14.142752,11.356133,9.897562
5,14.414302,12.0390415,8.313658,6.2905025,5.49597,0.0,6.107591,6.5287704,9.969552,12.556401,14.787534,18.35196,19.769684,21.172188,18.952705,20.479555,20.420048,19.392231,23.411669,20.945036,24.981977,26.481096,28.744762,25.458242,26.640194,25.474985,21.916084,22.157871,15.375334,18.223957,14.025963,20.177063,19.335348,23.405794,23.802505,26.183233,29.716244,27.95776,26.625751,24.727533,21.682837,20.51704,16.814598,14.753019,19.657846,16.563936,20.215551,20.592669,22.481276,22.829628,21.428541,26.179932,26.619019,29.525297,28.15904,31.185692,28.377542,31.794867,32.16505,27.372663,25.054096,23.760569,21.812843,19.577469,23.994722,19.188154,21.735518,21.403288,26.473948,24.926962,21.288965,24.950708,22.052988,27.892447,26.177917,26.636307,29.592398,28.871967,31.110813,32.629772,31.703186,28.651146,25.01252,23.309004,20.358139,22.39753,17.32283,19.85158,17.227354,19.427132,18.6111,20.686203,19.473612,20.27483,22.145525,19.55872,20.104706,15.916335,17.499907,14.321468,19.334736,17.424234,21.010162,24.067589,21.725649,18.610403,18.907825,14.680395,12.856308,11.83969,9.491781
6,18.131382,14.7080345,12.306916,8.937234,6.038089,6.107591,0.0,6.935017,7.4136143,10.886423,13.617187,16.126364,18.033037,18.629934,16.980688,17.105879,17.629963,15.450331,19.99569,17.001406,20.803564,23.176788,24.723862,20.922138,22.972706,21.33928,18.248083,17.48842,10.189382,12.4364395,8.042531,14.179296,14.426493,18.038958,18.977577,21.661015,24.9016,23.172188,21.242682,18.955505,16.686178,15.032746,11.73114,9.916634,14.813584,12.5157175,16.559973,17.661102,19.971716,20.318354,18.665989,23.357958,23.800695,26.125689,23.93611,26.918503,23.488657,26.719778,27.250471,22.68938,20.025639,19.544193,16.981665,15.51053,19.793058,15.546216,18.855803,18.255451,23.040932,21.070042,16.924091,19.791592,16.40634,22.235033,20.122313,20.798416,23.637457,22.954298,25.353949,26.906466,26.303347,23.17686,19.837952,17.894753,14.5512705,16.869286,11.475328,14.728785,12.831892,15.664713,16.14248,18.280834,18.34872,18.814177,19.670774,16.951836,16.599258,12.935993,13.28472,9.819329,14.865343,12.578854,16.801653,19.943365,17.77234,14.473085,15.061556,9.563047,9.213344,7.3539047,7.472201
7,20.61693,18.295116,14.190952,12.583883,10.517801,6.5287704,6.935017,0.0,5.2194824,6.1707573,9.686121,12.469138,14.64174,16.527935,15.67391,17.42353,19.009047,18.253473,23.243996,21.581335,25.635136,27.86669,30.146124,26.796251,29.31736,27.98664,25.130442,24.274355,16.843151,18.405869,13.601422,18.564133,15.783331,19.296024,19.807222,21.378204,25.376389,24.241562,23.088787,21.81959,19.35397,19.54127,15.476078,15.595548,21.211779,19.239262,23.315393,24.445337,26.53328,26.56341,24.51196,29.073784,28.76075,31.018688,28.77987,31.055876,27.61978,30.611717,30.16892,25.42867,23.042648,23.320654,21.876598,20.81523,25.883333,22.02984,25.274519,25.052984,29.914488,27.993587,23.772352,26.297482,22.512287,28.006447,24.871597,25.326834,27.43619,25.976355,27.750334,28.821571,27.540611,24.999254,20.582342,19.729431,17.559263,20.25263,16.2842,20.198248,18.904829,22.01583,22.25882,24.70979,24.260433,24.227118,25.289673,22.330772,21.769423,17.800142,17.240932,13.515817,16.69428,13.837263,16.487991,19.038404,16.202366,13.468671,13.188609,10.622102,7.903802,9.174195,7.14927
8,24.21191,21.299522,18.039183,15.156263,12.941094,9.969552,7.4136143,5.2194824,0.0,4.6370716,6.411334,8.838128,10.810083,11.951358,11.334254,12.417674,14.616852,13.743634,19.082382,17.907448,21.839638,24.426569,26.716963,23.59515,26.96631,25.838228,23.867134,22.526016,15.100405,16.304981,11.838911,16.085054,14.375239,16.370108,18.159895,19.447783,23.454535,22.83323,20.820509,19.166912,18.419165,18.257496,14.90778,15.461183,20.356886,18.991842,23.08053,24.430367,26.985935,27.353794,25.480251,29.98388,29.948887,31.752337,28.813566,31.054007,26.932655,29.582718,29.225874,24.866112,22.075571,23.541388,21.440855,21.164022,25.663677,22.151775,25.775885,24.938066,29.363073,26.73606,22.170357,23.98664,20.003569,24.7336,21.283827,21.180973,23.116674,21.610123,23.157225,24.4445,22.845251,20.171366,15.986402,14.93249,13.266531,15.597617,12.66151,16.732752,16.353073,19.926443,20.870958,23.65604,23.82874,22.913832,23.237633,20.118858,18.773165,15.22679,13.266163,9.5598955,11.6376705,8.813519,11.409839,14.219946,11.899538,8.864237,10.452834,7.474464,6.9871464,9.154996,9.647535
9,26.725151,24.209085,20.268753,18.361666,15.930685,12.556401,10.886423,6.1707573,4.6370716,0.0,6.224983,6.8522763,10.127663,12.226894,13.221176,14.754253,17.966316,17.457712,22.953394,22.142925,25.930544,28.723473,30.917572,27.709953,31.334803,29.990692,27.955938,26.274591,18.886478,19.316174,14.721247,17.900997,13.932661,15.949045,17.057587,17.545784,21.90715,21.649723,20.386257,19.658936,18.542103,19.735703,16.022799,17.850807,23.274874,22.305267,26.457558,28.068796,30.376793,30.333206,28.010311,32.313023,31.624798,33.21994,30.176044,31.811293,27.754005,30.171803,29.102215,24.734024,22.255127,24.234253,23.006443,23.099802,28.17031,25.183191,28.862274,28.508204,32.9793,30.63911,26.080353,27.504118,23.202496,27.915815,23.667814,23.920515,25.119421,23.014448,24.189232,24.854856,23.139717,21.173553,16.184904,16.285446,15.29485,18.276974,16.009663,20.684729,20.692219,24.33305,25.422056,28.109407,28.301971,27.538807,27.848146,24.730564,23.244646,19.823048,17.417686,13.783533,14.496963,10.991511,12.110356,13.917597,10.693387,8.630798,8.171785,8.405395,6.0949073,9.969236,9.808642
10,29.100128,26.566093,23.07326,20.341976,18.75966,14.787534,13.617187,9.686121,6.411334,6.224983,0.0,4.961769,5.0747905,7.4843054,7.709791,10.699128,13.729441,14.733971,19.692747,20.235268,24.042408,26.271524,29.301886,27.0433,30.898542,30.364702,29.069622,27.775867,20.606253,21.72201,17.656307,20.975029,18.749233,19.306189,21.659628,21.768728,26.075487,26.32067,24.292805,23.049206,23.374275,23.752995,20.648151,21.714298,26.319025,25.09864,29.109655,30.346432,33.075317,33.632137,31.85841,36.35139,36.28131,37.941772,34.758545,36.71079,32.323315,34.62151,33.85216,29.759455,26.98723,29.289293,27.327658,27.410704,31.79138,28.367243,32.006073,30.876635,35.116512,32.05553,27.411005,28.895647,24.95529,28.731451,24.982058,24.057756,25.446049,23.604828,24.308702,25.49288,22.928942,20.724592,16.502993,16.175415,16.240137,17.72328,16.902267,20.453285,20.670862,24.295639,25.142553,28.28428,28.256401,26.43889,26.602722,23.400278,21.738031,18.440224,15.700737,12.840692,12.293123,10.53856,10.373289,12.397808,10.781327,8.988477,11.878521,11.913253,11.599099,14.994702,15.264356
11,32.757637,30.05587,26.482807,23.90687,21.735031,18.35196,16.126364,12.469138,8.838128,6.8522763,4.961769,0.0,4.4374,6.538621,9.753293,11.302703,15.774934,16.241482,21.489944,22.11949,25.50457,28.355867,30.842863,28.371155,32.85979,31.991835,31.015049,29.02917,22.087639,22.157011,18.341984,20.166813,16.988367,16.486994,18.994234,18.30097,22.631283,23.46488,21.560076,20.90115,21.929272,23.133718,20.311878,22.539951,27.110046,26.654099,30.670507,32.343597,35.01917,35.300335,33.18359,37.384914,36.881016,38.05144,34.416714,35.808487,31.180677,33.035324,31.77876,28.03899,25.374273,28.662941,27.089027,27.91322,32.396057,29.758614,33.63024,32.71837,36.71338,33.689667,28.95459,29.589218,25.290974,28.657866,24.011164,23.333687,23.819864,21.404472,21.659552,22.293554,19.604284,18.107859,13.334904,14.132627,15.085342,17.101923,17.329462,21.582449,22.660185,26.505526,28.027122,31.047598,31.571848,29.779343,29.450468,26.28327,24.08151,21.323765,17.536615,14.774442,12.544724,9.965316,8.131214,8.884699,6.667887,6.2462564,8.706675,11.146219,11.1933565,15.27475,16.291655
12,34.041798,31.387192,28.076757,25.108868,23.483622,19.769684,18.033037,14.64174,10.810083,10.127663,5.0747905,4.4374,0.0,3.6526148,6.6106687,9.401001,13.478575,15.174586,19.74985,21.350191,24.68891,27.012894,30.096731,28.336372,32.809074,32.51228,31.941084,30.328108,23.590612,24.230516,20.706163,22.904493,20.872637,19.968435,22.994486,22.342226,26.531878,27.471489,25.167814,24.104124,25.670656,26.257233,23.677412,25.246578,29.374077,28.632309,32.534664,33.904438,36.801056,37.460766,35.7136,40.065666,39.982327,41.294502,37.694996,39.377216,34.648163,36.52866,35.554237,31.899109,29.078535,32.266457,30.240448,30.880966,34.965042,31.94688,35.72496,34.355618,38.234825,34.81406,30.104801,30.915312,26.96338,29.779697,25.692318,24.239595,24.983011,22.909693,22.906073,23.976013,20.786556,19.06631,15.212056,15.466206,16.898869,17.753376,18.718945,22.027735,23.079185,26.784206,28.03007,31.286606,31.58786,29.177631,28.822983,25.670948,23.47538,20.839394,17.105684,15.016766,12.207307,11.248455,8.833141,9.757517,9.38759,9.008765,12.919114,14.3692255,14.943867,18.648745,19.581543
13,35.237534,32.26971,29.439754,25.965218,24.29958,21.172188,18.629934,16.527935,11.951358,12.226894,7.4843054,6.538621,3.6526148,0.0,5.1648097,6.4211016,11.077801,12.72717,17.076538,19.070854,22.0604,24.51703,27.472843,25.980207,30.782322,30.64304,30.61723,28.856016,22.606487,23.097643,20.16391,21.849531,20.973415,19.254175,22.953737,22.405685,26.279406,27.339334,24.488472,23.060322,25.540977,25.657387,23.65458,25.087948,28.554274,28.08482,31.799591,33.19255,36.250263,37.10496,35.55326,39.80534,39.975407,41.095676,37.27446,39.03829,34.093414,35.80215,35.0825,31.727097,28.747417,32.241306,29.815498,30.710411,34.280655,31.45254,35.26699,33.585087,37.107967,33.392063,28.705606,29.114483,25.329487,27.457092,23.518967,21.611374,22.278324,20.389582,20.210772,21.584217,18.207014,16.283743,13.20128,13.082122,15.057995,15.16185,17.14017,19.991817,21.558558,25.241413,26.819143,30.092028,30.744806,27.978334,27.176294,24.11488,21.546999,19.474342,15.123016,13.66868,9.639247,9.653294,6.565488,7.6619725,8.7681465,8.442008,13.589082,14.36283,16.033993,19.331045,20.968605
14,32.324257,29.38929,27.016827,23.143839,22.110506,18.952705,16.980688,15.67391,11.334254,13.221176,7.709791,9.753293,6.6106687,5.1648097,0.0,4.940377,7.159773,9.946811,13.700206,15.934578,19.271166,20.986221,24.597198,23.529543,27.750244,28.100714,28.031172,26.970432,20.829464,22.332542,19.500916,22.381363,22.73938,21.812147,25.480148,25.689291,29.507036,30.028784,26.942945,24.880436,26.932592,26.11929,24.10289,24.37847,27.49905,26.396738,29.957235,30.88823,34.06599,35.3041,34.214527,38.671738,39.387264,40.894077,37.443413,39.77608,35.008057,37.083717,36.924225,33.333336,30.213305,32.871086,29.93875,30.223663,33.42011,29.91836,33.474,31.409603,34.97405,31.08021,26.54019,27.674616,24.39974,26.652697,23.81749,21.52326,23.194824,22.040657,22.37612,24.365797,21.2744,18.571192,16.244581,14.876859,15.8747635,15.153414,16.293123,18.015602,18.859673,22.235678,23.22081,26.64418,26.881804,23.80569,23.288456,20.235933,18.07477,15.737491,12.285234,11.2850275,8.812534,10.27185,9.378101,11.7747965,12.778327,11.21818,16.557865,15.381043,17.106255,19.63104,20.951073
15,33.489285,30.104393,28.261505,23.979425,22.54739,20.479555,17.105879,17.42353,12.417674,14.754253,10.699128,11.302703,9.401001,6.4211016,4.940377,0.0,5.4158382,6.547374,10.745321,12.890025,15.703183,18.159496,21.103186,19.93437,24.787931,24.998655,25.561975,24.010286,18.561447,19.497135,17.515965,19.397497,21.049143,19.238155,23.514084,23.911219,27.25174,27.83315,24.202312,21.769356,24.839937,23.589127,22.362755,22.73514,25.026594,24.52741,27.841911,28.998167,32.28196,33.582546,32.574974,36.77093,37.620716,38.75847,34.9855,37.28088,32.29228,34.10186,34.198433,31.026806,27.790295,30.87637,27.601023,28.354435,30.961224,27.98814,31.641397,29.376245,32.44716,28.327803,23.793118,24.166246,20.956448,22.433687,19.574266,16.92857,18.490688,17.560825,17.896322,20.209187,17.259325,14.1986,12.853505,10.834747,12.22205,10.6640005,13.10769,14.550989,16.36109,19.82124,21.597864,24.87439,25.865044,22.677067,21.400919,18.487309,15.61251,14.233439,9.45203,9.26232,4.627987,7.5684175,6.831817,9.582751,11.550993,9.968165,15.929729,14.085216,17.046926,19.044436,21.343222
16,32.02052,28.651531,27.554918,22.838833,22.165922,20.420048,17.629963,19.009047,14.616852,17.966316,13.729441,15.774934,13.478575,11.077801,7.159773,5.4158382,0.0,4.738938,6.6032004,9.704507,12.655957,13.953699,17.820568,17.539322,21.68375,22.68109,23.510874,22.831402,18.08052,20.098204,18.627035,21.451403,24.406042,23.210651,27.37638,28.346025,31.528946,31.688337,27.881947,24.926117,27.671648,25.470377,24.444963,23.58235,25.128723,24.035759,26.957052,27.534904,30.954733,32.754707,32.368347,36.656895,38.161522,39.621128,36.241978,39.086845,34.328262,36.403698,37.09433,33.850365,30.542824,32.81297,29.022789,29.193674,31.130535,27.5651,30.827412,28.029829,30.904436,26.501587,22.303576,23.367128,21.031946,22.224028,20.934671,17.794994,20.376356,20.374731,21.103043,23.916302,21.313896,17.81877,17.426899,14.610614,15.026943,12.441899,14.014331,13.425906,14.4311285,17.240429,18.360865,21.771011,22.416626,18.602331,17.389334,14.6275015,12.120119,11.001523,7.601091,8.997909,7.2740655,11.185884,11.9960985,14.9297695,16.74381,14.691245,20.403923,17.265333,20.154442,21.326054,23.330301
17,30.571262,26.842802,26.094997,21.225246,20.076593,19.392231,15.450331,18.253473,13.743634,17.457712,14.733971,16.241482,15.174586,12.72717,9.946811,6.547374,4.738938,0.0,5.726367,6.3622932,9.535463,12.177222,14.929003,13.643274,18.26557,18.702013,19.598846,18.442106,13.964335,15.654051,14.786024,17.223186,21.235079,20.050419,24.249168,25.69381,28.495628,28.363934,24.341787,21.04797,23.968792,21.301577,20.77925,19.786184,20.789236,20.08891,22.891945,23.723276,27.153267,28.875721,28.459984,32.56266,34.106087,35.367,31.883362,34.774727,30.012497,32.058056,33.024216,29.942225,26.604902,28.816385,24.802786,25.163338,26.758926,23.539045,26.890854,24.103302,26.78566,22.392046,18.077488,18.765295,16.338491,17.605967,16.389214,13.42626,16.429274,16.73367,18.016977,20.978708,19.047808,15.17999,15.123451,11.661716,11.2211,8.3758745,9.610482,8.832351,10.479843,13.606166,15.566177,18.759182,20.122051,16.79536,15.090526,12.308921,9.149201,8.557539,3.4803197,5.728856,4.7985306,8.801918,11.077362,14.328227,15.831391,13.411607,18.769644,14.642222,18.178005,18.619204,21.237337
18,32.99625,29.308025,29.368063,24.233313,23.746677,23.411669,19.99569,23.243996,19.082382,22.953394,19.692747,21.489944,19.74985,17.076538,13.700206,10.745321,6.6032004,5.726367,0.0,5.301205,6.698667,7.637278,11.487656,12.269997,16.365013,18.032305,20.029484,19.64378,16.980368,19.122612,19.230083,21.516321,26.534859,25.12804,29.472868,31.008158,33.5123,33.369358,29.104277,25.54239,28.81465,25.524015,25.535822,23.832233,23.674696,22.826773,24.896317,25.180876,28.699545,30.949053,31.215084,35.13056,37.296764,38.585274,35.302883,38.491707,33.864002,35.82251,37.263435,34.48751,31.149939,33.067844,28.664896,28.8305,29.425686,26.117609,28.98203,25.580564,27.52229,22.713371,19.11126,19.817507,18.6887,18.473,18.998852,15.2496195,18.584005,19.780985,20.874666,24.213848,22.33974,18.48786,19.753647,16.154606,15.966894,12.0883,13.863689,10.66972,11.993707,13.743177,15.244559,18.295326,19.644432,15.337783,13.019463,11.000851,7.9971247,9.421111,7.0633025,10.617547,10.142304,14.430906,16.17541,19.04865,21.135656,18.97712,24.450594,20.23527,23.785881,23.883326,26.401682
19,29.447817,25.516869,26.05463,20.86455,20.197117,20.945036,17.001406,21.581335,17.907448,22.142925,20.235268,22.11949,21.350191,19.070854,15.934578,12.890025,9.704507,6.3622932,5.301205,0.0,4.2482004,6.819912,9.124862,8.029391,12.070657,13.13379,14.791032,14.412694,12.175713,14.639833,15.333725,17.935215,23.821625,23.14837,27.05919,29.240189,31.468023,30.777771,26.583553,22.73976,25.410563,21.509865,21.808569,19.450851,18.699596,17.801247,19.654823,19.944324,23.462473,25.729404,26.120335,29.949266,32.296406,33.64373,30.584726,34.02628,29.666271,31.839808,33.664093,30.838175,27.56128,28.818178,24.20691,24.122168,24.346527,20.992569,23.75831,20.310827,22.262627,17.511326,13.822504,14.909292,14.028017,14.579192,15.829866,12.808942,16.944878,18.483105,20.378027,23.664295,22.619722,18.542984,19.52484,15.594153,14.007859,10.7097025,10.433614,6.049981,6.87438,8.571795,10.714116,13.597778,15.523178,11.945121,9.360651,7.1686664,3.4171216,5.870618,4.7489734,8.446337,10.478949,13.720154,16.868788,20.07508,21.390577,18.759819,23.448788,18.187996,21.787182,20.952406,23.616104
20,32.699593,28.696815,29.671663,24.485424,23.800564,24.981977,20.803564,25.635136,21.839638,25.930544,24.042408,25.50457,24.68891,22.0604,19.271166,15.703183,12.655957,9.535463,6.698667,4.2482004,0.0,4.7856126,5.4177933,5.825813,10.4711485,12.089197,15.186746,14.677844,14.470145,16.280804,18.021255,19.534874,26.247992,24.982695,29.103018,31.287613,33.052933,32.447197,27.992762,23.998688,27.370893,23.159801,24.207407,21.877214,20.02337,19.69475,20.852057,21.096865,24.547745,26.98153,27.691391,31.074644,33.686676,34.703598,31.548754,34.96503,30.61865,32.46876,34.615974,32.30903,29.080557,30.513014,25.710703,25.937855,25.246445,22.522974,25.013908,21.304886,22.28004,17.29016,14.309307,14.366027,14.485992,13.127462,15.604221,12.057987,16.167866,18.415154,20.193848,23.680504,22.944237,18.965538,21.082788,17.095032,15.85759,11.895431,12.787201,7.576936,9.296469,9.782493,12.35716,14.527119,17.082497,13.433157,9.944451,9.031847,5.751541,9.64952,8.615065,12.30235,13.228002,16.659687,19.415903,22.266144,24.0194,21.691547,26.40078,21.282305,25.20853,24.206217,27.191296
21,33.03032,29.278511,30.690376,25.452398,25.476707,26.481096,23.176788,27.86669,24.426569,28.723473,26.271524,28.355867,27.012894,24.51703,20.986221,18.159496,13.953699,12.177222,7.637278,6.819912,4.7856126,0.0,5.4100385,8.527171,10.554864,13.564147,16.65337,17.37418,17.532888,20.120113,21.593388,23.867231,30.38792,29.468801,33.4893,35.698456,37.643005,36.965336,32.600266,28.609737,31.576502,27.23859,28.019814,25.14235,23.246397,22.26818,23.104563,22.692324,26.086031,28.892237,30.087399,33.528397,36.53696,37.873707,35.138145,38.821507,34.726765,36.74839,39.04368,36.593567,33.38874,34.331768,29.474846,29.198534,28.284533,25.034248,27.045597,23.049833,23.868608,18.908247,16.643478,17.629435,18.427547,17.193014,20.289232,16.80658,20.861315,23.134607,24.760239,28.281748,27.306492,23.36431,25.371704,21.435589,20.280739,16.390676,16.86845,11.59402,11.844164,11.239096,12.287061,14.387276,16.190773,11.733243,8.35446,8.347264,6.7484694,10.576005,11.449033,15.156214,16.589365,20.30141,22.914644,25.863167,27.685951,25.271307,30.177263,24.996347,28.57829,27.57544,30.097042
22,34.522854,30.548693,32.352642,27.23155,26.84513,28.744762,24.723862,30.146124,26.716963,30.917572,29.301886,30.842863,30.096731,27.472843,24.597198,21.103186,17.820568,14.929003,11.487656,9.124862,5.4177933,5.4100385,0.0,5.240155,7.5162845,10.269995,14.616283,14.825842,17.067062,18.840418,21.472229,22.65864,30.116098,28.986485,32.892582,35.37212,36.69553,35.84484,31.367851,27.228716,30.515701,25.771954,27.40434,24.50839,21.392263,21.178015,21.282114,21.066235,24.281013,27.048765,28.423416,31.275417,34.445118,35.359722,32.572716,36.2127,32.287178,34.027317,36.73943,34.827515,31.766037,32.650246,27.657312,27.70526,25.809574,23.439358,25.215446,21.173655,20.967752,15.985686,14.448435,14.267941,16.077593,13.467762,17.868809,14.705085,18.777134,21.666002,23.56296,27.05444,26.853107,23.031082,25.69742,21.717308,20.23034,16.419716,16.870333,11.196421,12.130906,10.807965,12.981097,14.016873,16.974688,13.66269,9.720005,10.556488,8.864989,13.249302,13.684731,17.1768,18.567318,21.775702,24.66659,27.416307,29.160597,26.835655,31.25354,25.85131,29.748266,28.213388,31.18451
23,31.38178,27.226324,28.872126,23.918335,23.039797,25.458242,20.922138,26.796251,23.59515,27.709953,27.0433,28.371155,28.336372,25.980207,23.529543,19.93437,17.539322,13.643274,12.269997,8.029391,5.825813,8.527171,5.240155,0.0,6.1292663,6.6321683,10.570795,9.869319,12.312967,13.759196,16.782043,17.821804,25.525963,24.827297,28.37554,31.161697,32.358696,31.211674,26.88178,22.694695,25.568022,20.663849,22.454924,19.527748,16.21648,16.314903,16.551672,16.801535,20.06409,22.54267,23.591574,26.473478,29.421135,30.277727,27.399092,31.048079,27.14502,29.027908,31.775063,29.756372,26.738821,27.425594,22.424217,22.535793,20.742895,18.551666,20.625418,16.81091,16.983465,11.984805,9.692126,9.290329,10.894185,9.254315,13.665538,11.386638,15.869014,18.614637,21.057253,24.32693,24.592268,20.712921,22.80602,18.832796,16.544312,13.52499,12.713154,7.1345105,8.241959,7.2109365,10.697162,11.595841,15.208521,13.056208,9.438264,9.547815,7.4990363,11.331002,11.539692,14.3365965,16.523438,18.841639,22.361647,25.215862,26.37773,23.87787,27.635986,21.904047,25.76652,23.811317,26.94536
24,29.658249,25.726883,28.430374,23.691652,23.544897,26.640194,22.972706,29.31736,26.96631,31.334803,30.898542,32.85979,32.809074,30.782322,27.750244,24.787931,21.68375,18.26557,16.365013,12.070657,10.4711485,10.554864,7.5162845,6.1292663,0.0,4.249761,8.266012,10.10796,14.346185,16.711737,19.742956,21.701366,29.358131,29.592272,32.56086,35.74389,36.89136,35.27915,31.282463,27.105766,28.874413,23.567831,25.250807,21.246574,17.227623,16.476048,15.536116,14.649339,17.586046,20.638683,22.658531,25.24871,28.962744,30.242981,28.319721,32.45805,29.359617,31.556643,34.783077,32.67219,29.897213,29.295074,24.28353,23.473974,20.767965,18.087084,19.003035,14.765686,14.139241,9.378602,9.313154,10.863061,13.995308,13.310836,18.60051,17.129173,21.587166,24.37031,26.98822,30.150833,30.604399,26.724943,28.463633,24.507614,21.750578,19.263674,17.165123,11.837051,10.651659,7.33033,8.848356,8.082758,11.771527,10.588133,7.456853,9.414041,9.84854,13.221012,15.723759,18.187408,21.628258,23.729874,27.631916,30.714544,31.53612,28.759312,32.163612,25.977415,29.296587,26.753284,29.30831
25,28.479086,24.39709,26.980684,22.516521,21.84513,25.474985,21.33928,27.98664,25.838228,29.990692,30.364702,31.991835,32.51228,30.64304,28.100714,24.998655,22.68109,18.702013,18.032305,13.13379,12.089197,13.564147,10.269995,6.6321683,4.249761,0.0,5.2580247,6.1593966,11.819181,13.5493965,17.117214,18.60659,26.441376,26.959885,29.539423,32.954296,33.826447,31.971268,28.150057,24.020126,25.445566,19.99365,22.020298,18.028074,13.39348,13.1840105,11.928815,11.5583315,14.449108,17.212128,19.016935,21.415934,25.008522,26.106606,24.119625,28.256975,25.28792,27.512232,30.869669,28.852203,26.210043,25.373518,20.375711,19.676432,16.644861,14.460139,15.500512,11.446725,10.703273,5.725371,5.6761003,6.972778,10.589491,10.708777,15.997582,15.514311,19.857845,22.523396,25.441666,28.330864,29.243359,25.49776,26.94791,23.159605,19.941114,18.201687,15.343709,10.815249,9.765205,6.815339,9.419557,8.202658,12.452987,12.584746,10.052324,11.156253,11.170162,13.854663,15.832002,17.625975,21.296627,22.647877,26.829998,29.82882,30.25428,27.4763,30.22836,23.95468,27.214426,24.286602,27.017454
26,23.637423,19.568281,22.379234,18.298582,17.681719,21.916084,18.248083,25.130442,23.867134,27.955938,29.069622,31.015049,31.941084,30.61723,28.031172,25.561975,23.510874,19.598846,20.029484,14.791032,15.186746,16.65337,14.616283,10.570795,8.266012,5.2580247,0.0,4.617146,9.39375,11.903451,14.802161,17.472324,24.510847,26.202518,28.03208,31.746584,32.834564,30.553497,27.277838,23.375006,23.323772,17.911217,19.315325,14.55421,10.253169,8.8764105,7.3743024,6.499699,9.67099,12.545396,14.445115,17.335987,21.018227,22.73324,21.351532,25.797115,23.3034,26.076452,29.341597,26.769491,24.295475,22.393732,17.605864,15.965079,13.381051,10.003134,10.825414,6.6195335,7.6874046,3.5720565,3.1372945,7.940536,10.409193,13.386251,17.32519,17.78027,22.062368,24.129133,27.277075,29.854614,30.783495,27.059107,27.453379,23.888212,20.067623,19.426884,14.956214,11.807172,9.2472105,6.472932,7.9289055,6.032215,9.89284,11.89686,10.927691,11.457876,12.362219,13.426135,16.276941,17.025545,21.832376,22.358715,26.980783,30.157417,29.884197,26.851078,28.867851,22.335503,24.884098,21.465595,23.645063
27,25.840567,21.62135,23.59397,19.5855,18.073809,22.157871,17.48842,24.274355,22.526016,26.274591,27.775867,29.02917,30.328108,28.856016,26.970432,24.010286,22.831402,18.442106,19.64378,14.412694,14.677844,17.37418,14.825842,9.869319,10.10796,6.1593966,4.617146,0.0,7.490406,8.278907,12.189258,13.503069,21.101461,22.330173,24.24908,27.948936,28.730066,26.533127,23.090225,19.13233,19.66051,14.136755,16.245975,12.270788,7.2522254,7.8032455,7.0488424,8.223534,11.160791,13.059626,13.905435,16.61804,19.62051,20.683926,18.40261,22.545006,19.514248,22.05104,25.26878,22.95421,20.389635,19.23971,14.251072,13.599498,11.070342,9.062026,11.100437,7.8699455,8.81136,5.112816,1.742581,3.8525372,5.9970303,9.564515,13.017612,14.128797,18.106304,20.096767,23.350363,25.738256,27.005274,23.47437,23.98693,20.590317,16.702938,16.434134,12.139593,9.83494,8.804813,7.7062163,10.854816,10.078631,13.916543,15.146514,13.527755,13.3503,12.923266,14.086259,15.285424,15.778403,19.834751,19.933613,24.454044,27.35831,27.060707,24.251513,25.98841,19.67391,22.630903,19.252796,22.107183
28,22.303844,18.038744,18.5289,14.272772,12.11031,15.375334,10.189382,16.843151,15.100405,18.886478,20.606253,22.087639,23.590612,22.606487,20.829464,18.561447,18.08052,13.964335,16.980368,12.175713,14.470145,17.532888,17.067062,12.312967,14.346185,11.819181,9.39375,7.490406,0.0,4.7392607,5.6476464,9.921721,15.883851,17.827145,19.775848,23.23452,25.038235,23.04672,19.82311,16.140142,15.926534,11.31513,11.4456,7.638925,7.3129964,6.194628,9.2991085,10.874596,13.964713,15.137379,14.533712,18.61289,20.401106,22.00417,19.319683,23.040243,19.333473,22.288225,24.326653,20.892683,17.942598,17.447472,12.888715,12.053729,13.234007,9.590725,13.144839,11.094509,14.673796,11.790937,7.2146125,9.647664,7.0043435,12.857304,12.851508,13.754119,17.522003,18.298273,21.376196,23.56634,24.028458,20.425594,19.413853,16.249832,12.056784,12.926338,6.8898706,7.4924693,5.791169,7.9378242,10.551279,11.781524,14.131034,14.730149,13.998448,12.165658,11.288269,10.202231,10.722717,9.643202,14.592557,13.844621,18.677206,21.82932,20.963947,17.860548,19.521769,12.9585285,15.604565,12.521021,15.275423
29,25.70286,21.520067,21.570782,17.907162,15.089145,18.223957,12.4364395,18.405869,16.304981,19.316174,21.72201,22.157011,24.230516,23.097643,22.332542,19.497135,20.098204,15.654051,19.122612,14.639833,16.280804,20.120113,18.840418,13.759196,16.711737,13.5493965,11.903451,8.278907,4.7392607,0.0,4.885687,5.6665735,12.92612,14.364154,16.23588,19.856718,21.089127,19.0482,15.638461,11.826288,12.241267,7.278332,8.8139,6.7843127,5.882844,7.6598644,10.356318,12.932917,15.496685,15.912125,14.564193,17.972483,19.04109,19.829348,16.287767,19.52816,15.294438,17.954605,19.950819,16.864944,13.821725,14.271036,9.589507,10.304328,11.569203,10.052613,13.952765,12.743257,15.553445,13.177798,8.98911,8.782278,4.4734416,10.865797,9.349433,11.60642,14.591043,15.117545,18.383766,20.177204,21.277893,18.055058,17.15205,14.387141,10.018824,11.846105,6.4482393,8.84998,9.35258,11.545778,14.84392,15.703658,18.525331,19.102806,17.841715,16.159792,14.557505,14.1003065,12.955906,11.742843,15.079973,13.577681,18.094664,20.731886,19.742865,17.05861,17.970795,11.891775,15.011721,11.887251,15.534144
30,23.329105,19.349373,18.34808,14.916642,11.685987,14.025963,8.042531,13.601422,11.838911,14.721247,17.656307,18.341984,20.706163,20.16391,19.500916,17.515965,18.627035,14.786024,19.230083,15.333725,18.021255,21.593388,21.472229,16.782043,19.742956,17.117214,14.802161,12.189258,5.6476464,4.885687,0.0,6.4879413,10.394405,13.035587,14.535564,17.94551,20.105791,18.158674,15.317989,12.182364,11.216359,7.950196,6.6410956,5.319336,8.78813,8.836147,12.679458,14.944882,17.403748,17.54492,15.651509,19.685194,20.1237,21.426737,18.159092,21.074919,16.92221,19.844732,20.92371,16.99339,13.933567,14.431184,10.766333,10.849063,14.269627,11.713444,15.744584,15.054349,18.89033,16.760166,12.3785,13.420705,9.238467,15.287094,12.668674,14.393513,17.007055,16.630196,19.539497,21.058287,21.481495,18.367897,16.04516,13.746036,9.43441,12.305898,6.272414,10.557626,10.355112,13.337634,15.779751,17.278727,19.157585,19.649899,19.09696,16.814892,15.398872,13.568317,12.308081,9.746984,13.589303,11.121867,15.787827,18.583565,16.902842,13.936623,14.403803,7.9772816,10.462281,7.325228,10.890139
31,29.286196,25.324335,24.39726,21.30263,17.941225,20.177063,14.179296,18.564133,16.085054,17.900997,20.975029,20.166813,22.904493,21.849531,22.381363,19.397497,21.451403,17.223186,21.516321,17.935215,19.534874,23.867231,22.65864,17.821804,21.701366,18.60659,17.472324,13.503069,9.921721,5.6665735,6.4879413,0.0,8.43721,8.986778,10.943253,14.466746,15.485218,13.695853,10.018108,6.2382274,7.9641232,4.7359343,6.749169,8.746563,9.848424,12.411352,15.172265,18.08152,20.206266,19.916525,17.714832,20.604092,20.425516,20.441326,16.018446,18.003801,12.962385,15.025815,16.000332,12.994478,9.676371,12.543572,9.072691,11.653345,14.148763,14.203948,18.152445,17.783958,20.35491,18.387754,14.464031,12.935842,8.250198,12.905524,8.339247,11.589547,12.789217,12.080074,15.165046,16.139706,17.588076,15.089462,13.475748,11.778282,7.819513,11.371835,7.8558264,12.309076,14.028753,16.783014,20.18805,21.304193,24.017237,24.27231,22.867558,20.907925,18.721622,18.09987,15.413917,13.648097,15.042819,12.376595,16.063313,17.929491,16.553423,14.520168,14.328696,9.586405,12.939537,10.634908,14.958607
32,29.867638,26.570889,24.059284,22.29109,18.520126,19.335348,14.426493,15.783331,14.375239,13.932661,18.749233,16.988367,20.872637,20.973415,22.73938,21.049143,24.406042,21.235079,26.534859,23.821625,26.247992,30.38792,30.116098,25.525963,29.358131,26.441376,24.510847,21.101461,15.883851,12.92612,10.394405,8.43721,0.0,6.1085563,4.604113,8.093736,10.603338,8.814768,7.6456437,7.6233563,5.0659366,8.545716,6.3227324,11.608336,15.920628,17.513626,20.919481,23.765587,25.390774,24.338263,21.19058,24.134184,22.439882,22.574335,18.499418,19.085346,14.619599,16.522045,15.201841,11.091551,8.538054,12.389001,12.087641,14.357468,19.191223,19.0885,22.936428,23.63052,27.04768,25.750921,21.786469,21.156013,16.498194,21.25475,15.920648,18.71607,18.765827,16.545841,18.604778,18.27349,19.10706,17.79985,13.709043,14.173292,11.65051,16.413157,13.528,19.11392,20.267984,23.478115,26.149572,27.617924,29.482876,29.918144,29.217546,26.783417,24.800972,22.9877,20.085133,17.100464,17.810558,13.5531225,15.967939,16.965971,13.924022,12.619562,8.974478,7.570291,8.234284,7.5239744,11.098019
33,34.85421,31.306547,29.039373,26.552431,22.974707,23.405794,18.038958,19.296024,16.370108,15.949045,19.306189,16.486994,19.968435,19.254175,21.812147,19.238155,23.210651,20.050419,25.12804,23.14837,24.982695,29.468801,28.986485,24.827297,29.592272,26.959885,26.202518,22.330173,17.827145,14.364154,13.035587,8.986778,6.1085563,0.0,5.1879745,6.4114313,8.467416,8.725559,5.2386026,5.25237,8.877368,11.260609,11.0942,15.737736,18.58381,20.778759,23.910196,26.799305,28.810755,28.165655,25.403671,28.108519,26.786121,26.340286,21.635653,21.868256,16.749083,17.558445,16.113369,13.543529,10.888265,16.505737,15.519648,18.592579,22.220072,22.594921,26.555382,26.573046,29.314901,27.308208,23.22106,21.443146,16.779314,19.7964,13.50457,15.826455,14.617746,11.69758,13.158151,12.375728,13.283825,12.606976,8.846764,10.23504,9.275494,13.71564,13.352681,18.688797,21.0725,24.467052,27.724243,29.420696,31.749096,31.35854,29.967258,27.54949,24.855755,23.784208,19.662466,17.391762,16.027496,12.220552,13.335429,13.434034,11.318333,11.074743,8.864355,9.133237,11.705066,12.313157,16.254606
34,34.28245,31.045002,28.497368,26.882513,23.10007,23.802505,18.977577,19.807222,18.159895,17.057587,21.659628,18.994234,22.994486,22.953737,25.480148,23.514084,27.37638,24.249168,29.472868,27.05919,29.103018,33.4893,32.892582,28.37554,32.56086,29.539423,28.03208,24.24908,19.775848,16.23588,14.535564,10.943253,4.604113,5.1879745,0.0,4.3027196,6.0101285,4.7079396,4.5962043,7.0803947,6.329308,11.004263,10.167947,15.618415,19.133623,21.34595,24.409262,27.43203,28.907719,27.657995,24.39427,26.739569,24.593985,24.01927,19.595707,19.125368,14.626405,15.507672,13.154119,10.03504,8.1948805,13.705094,14.310798,17.36726,21.723824,22.587252,26.32032,27.167366,30.119371,28.928005,25.149986,23.716482,19.14643,22.994698,17.077469,20.11847,19.100056,16.416937,17.982622,16.779612,18.083935,17.74714,13.8414345,15.303214,13.7571535,18.413857,16.78326,22.255281,23.98104,27.168661,30.147505,31.539234,33.671333,33.980007,32.983902,30.617538,28.342737,26.892693,23.465338,20.764687,20.407095,16.23476,17.637367,17.733389,14.850419,14.565487,10.379763,11.231427,11.9711275,12.038921,15.266303
35,37.53292,34.41777,31.493782,29.918762,26.210556,26.183233,21.661015,21.378204,19.447783,17.545784,21.768728,18.30097,22.342226,22.405685,25.689291,23.911219,28.346025,25.69381,31.008158,29.240189,31.287613,35.698456,35.37212,31.161697,35.74389,32.954296,31.746584,27.948936,23.23452,19.856718,17.94551,14.466746,8.093736,6.4114313,4.3027196,0.0,4.55959,6.11916,6.7810407,9.952698,10.622466,15.181131,14.206492,19.59855,23.225618,25.334785,28.512444,31.486341,33.086143,31.913055,28.660412,31.031132,28.78507,28.113594,23.674282,22.812422,18.432564,18.779934,15.834647,13.496085,12.142924,17.815699,18.602076,21.645851,25.989815,26.76105,30.548061,31.255304,34.207882,32.765205,28.831388,27.24289,22.614214,25.888775,19.59909,22.13882,20.481548,17.293266,18.076584,16.27936,17.132504,17.63296,13.356163,15.849617,15.47362,19.914885,19.379492,24.904596,26.947405,30.35128,33.3531,34.99917,37.058273,36.983845,35.901848,33.38915,30.879179,29.396202,25.45483,22.785557,21.397161,17.233145,17.441198,16.68639,13.776163,14.475389,9.902923,13.06883,13.5570135,14.874149,17.728533
