,0,1,2,3,4,5,6,7,8,9,10,11,12,13,14,15,16,17,18,19,20,21,22,23,24,25,26,27,28,29,30,31,32,33,34,35,36,37,38,39,40,41,42,43,44,45,46,47,48,49,50,51,52,53,54,55,56,57,58,59,60,61,62,63,64,65,66,67,68,69,70,71,72,73,74,75,76,77,78,79,80,81,82,83,84,85,86,87,88,89,90,91,92,93,94,95,96,97,98,99,100,101,102,103,104,105,106,107,108,109,110,111
0,0.0,4.286377,6.288904,9.396726,12.082407,13.958169,17.175478,20.505205,23.361273,25.973423,29.537592,31.26037,33.745605,31.900824,34.66284,31.762625,33.046185,32.79678,33.585163,35.63042,35.257847,35.786705,39.16494,39.655975,39.589363,38.489647,38.29231,39.708847,37.723557,41.401493,35.036743,40.360146,35.423485,35.96027,34.519283,31.986328,29.506363,30.320734,29.050156,27.185463,24.75669,26.644262,25.936916,21.438168,21.510353,24.229395,20.113451,16.920649,18.580578,18.456432,23.678509,22.258253,23.61701,25.582712,28.071377,31.500399,29.393915,33.73831,34.35701,29.636095,32.537415,36.183037,39.42178,39.566124,34.579216,34.390007,39.958004,40.110085,36.01605,39.13624,42.350616,41.155796,37.39815,41.432213,36.580902,38.81065,35.431717,30.849487,31.041636,25.719374,24.30991,22.183424,21.911415,24.5567,26.717175,29.242548,31.690348,37.000244,39.219196,43.087643,44.072647,48.325035,47.971,46.710175,48.072914,43.41447,43.92422,39.404762,38.906384,34.756424,32.52114,29.215143,24.965517,26.183012,27.500216,25.839588,24.107342,27.795155,24.706732,25.378387,26.72626,26.937845
1,4.286377,0.0,5.139059,6.6067486,8.92606,12.2045555,14.038453,18.235083,20.611145,23.485504,26.90949,28.524178,30.702257,28.60741,30.938799,28.147718,29.147352,29.0528,29.504519,31.804068,31.398306,31.802809,35.35595,35.779503,35.60909,34.445858,34.511787,35.92738,34.18684,37.902355,31.815498,37.47145,32.636387,33.59996,31.925186,29.003195,26.84479,28.10058,26.352812,24.151999,22.376228,24.33833,23.024384,18.526604,19.446592,21.854853,16.907974,14.312682,16.79933,17.041206,22.052134,20.150934,22.543236,24.441292,26.40824,29.380756,26.909927,31.216955,32.41846,27.841265,29.940037,33.96757,37.052517,37.6262,32.624172,31.98196,37.458748,37.362087,33.10401,36.362206,39.37067,37.94716,34.135548,38.21155,33.447453,35.644028,32.19882,27.769018,27.69473,22.555801,20.777353,18.621546,17.95076,20.75312,23.18662,25.49263,28.216133,33.448395,35.626537,39.52368,40.35341,44.599716,44.129257,42.82164,44.06312,39.363842,40.001205,35.367016,35.06769,30.803614,28.850962,25.675314,21.044401,22.346985,23.677025,21.749945,19.997128,23.52476,20.605204,21.180609,22.742128,23.029741
2,6.288904,5.139059,0.0,5.3886046,6.7155013,8.2266245,11.612619,14.423636,17.645786,19.869633,23.618496,25.14593,27.807714,26.0639,29.352987,26.78295,28.458302,28.620783,29.96213,32.33881,32.608616,33.34873,37.155457,36.675926,36.214497,34.64508,34.26052,35.170425,33.031105,36.328514,29.960943,35.01337,29.647926,30.45779,29.45719,26.792398,24.041649,25.399744,24.50323,22.37434,19.825647,22.931833,22.118835,17.239965,17.770245,21.770493,17.47706,14.009972,16.849926,15.807554,21.08307,20.92484,22.635105,23.713114,26.486958,29.588675,26.750317,31.073523,32.094578,26.810732,28.921423,32.800125,35.688427,36.02875,30.767988,30.164003,35.681072,35.45649,31.666098,35.4622,38.20815,36.677254,33.431217,37.979057,33.267433,36.10592,32.89381,28.338634,29.08873,23.872227,22.569016,21.224485,19.586906,21.834082,23.474855,26.569906,28.275024,33.965485,35.623096,39.53229,40.114815,44.36427,43.734837,42.237534,43.487503,38.828014,38.92276,34.53183,33.591778,29.708746,26.978552,23.524052,19.951405,21.215805,22.88493,21.840675,19.766521,24.20569,20.641953,22.285282,23.503363,24.625166
3,9.396726,6.6067486,5.3886046,0.0,3.8432584,6.5692296,8.238119,12.447725,14.357419,17.628796,20.744656,22.7533,24.861544,23.064545,25.716208,22.509468,24.126278,23.802198,25.384583,27.301912,27.60342,28.582054,32.2267,31.668596,31.376795,30.047695,29.396273,30.608421,28.425137,32.05339,25.640364,31.06622,26.36961,27.073591,25.373943,22.636312,20.371584,21.495565,19.907652,17.826992,15.774035,18.121916,17.004725,12.2701435,13.1750345,16.576916,12.100488,8.747128,12.07181,11.529451,16.485716,15.891905,18.31314,19.408356,21.657454,24.469515,21.522131,25.834124,27.12315,22.096529,23.898598,27.93924,30.871555,31.4583,26.320864,25.570404,31.065657,30.940292,26.861702,30.394566,33.280933,31.88756,28.360136,32.739655,27.987766,30.734674,27.519197,22.950874,23.80036,18.56266,17.486755,16.59831,14.884685,16.783869,18.222921,21.45059,23.04073,28.70807,30.487913,34.378235,35.1728,39.428356,39.023373,37.733772,39.291843,34.77625,35.094063,31.05415,30.348633,27.001198,24.569157,20.89119,16.906637,19.314512,21.452663,19.78092,17.171888,20.850128,16.486568,18.064116,18.693525,19.78593
4,12.082407,8.92606,6.7155013,3.8432584,0.0,5.4223347,5.1782975,9.713186,11.816975,14.690632,18.047323,19.63361,21.802471,19.842102,22.741446,20.102785,21.76653,22.064123,23.614159,26.12891,26.77311,27.660872,31.69575,30.584703,29.910124,28.151564,27.719572,28.488762,26.435904,29.72675,23.559738,28.956831,23.797817,25.100912,23.76541,20.623564,18.28066,20.27596,18.80416,16.212315,14.555926,18.06293,16.484997,11.559686,13.477333,17.481985,12.553283,9.877551,14.089907,13.161352,17.676846,17.641134,20.525211,21.071215,23.196655,25.522406,22.029636,26.187906,27.993706,22.813854,23.590462,27.934883,30.491667,31.408703,26.140326,24.848394,30.190168,29.601889,25.712133,29.83617,32.208954,30.380795,27.249657,31.999928,27.463644,30.531471,27.408897,23.08271,23.982641,19.15325,17.812563,17.262535,14.456203,16.236866,17.576159,20.862627,22.22067,27.990204,29.33861,33.25934,33.60597,37.841732,37.09435,35.543724,36.808197,32.191254,32.273552,28.055292,27.141012,23.635178,20.986734,17.368557,13.651618,15.793736,18.028337,16.821453,14.151647,18.497746,14.275734,16.532122,17.469067,19.237339
5,13.958169,12.2045555,8.2266245,6.5692296,5.4223347,0.0,6.195889,6.878914,10.130032,12.383191,15.881432,17.888678,20.669094,19.523558,23.566658,20.720354,23.35835,23.395693,26.269526,28.183105,29.444498,30.84938,34.705963,32.90272,32.20922,30.353888,29.031845,29.462963,26.716318,29.640074,22.911354,27.316345,21.902842,22.339333,21.681505,19.405235,16.216084,17.52949,17.38767,15.511496,12.2009735,16.572601,16.29865,11.402745,11.653733,17.419783,14.471082,10.580968,13.936668,11.427287,16.063517,18.202427,19.585976,19.28641,22.488638,25.22197,21.80362,25.89736,26.974476,21.097626,22.63528,26.369547,28.880154,29.182951,23.743341,22.96757,28.394648,28.035934,24.764652,29.070133,31.456732,29.910889,27.343924,32.316444,27.80761,31.41664,28.664883,24.169348,26.136234,21.200783,20.83882,21.048569,18.28403,19.200554,19.317532,23.454233,23.430414,29.51162,30.451492,34.245865,34.657562,38.826977,38.211136,36.68718,38.26653,33.925076,33.457848,29.950195,28.326603,25.799963,22.312578,18.255762,16.254625,18.693527,21.293749,20.854816,17.933617,22.46117,17.450724,20.40717,20.459457,22.63697
6,17.175478,14.038453,11.612619,8.238119,5.1782975,6.195889,0.0,6.087245,6.8648067,10.1224165,13.09303,14.782038,16.716576,14.846675,17.993114,15.341294,17.512249,18.007324,20.3947,22.880335,24.229145,25.44557,29.619192,27.539894,26.575964,24.498146,23.665064,24.016617,21.756004,24.782764,18.60278,23.898273,18.687363,20.287582,19.029356,15.658923,13.36093,16.001204,14.565852,11.646454,10.483722,14.983267,13.127653,8.384954,11.2657995,15.826564,11.488855,9.582552,14.192194,12.818839,16.222172,17.261047,20.37538,20.07084,21.9804,23.662182,19.621042,23.462566,25.710003,20.448557,20.064022,24.57454,26.693647,27.926586,22.637735,20.808353,25.92804,24.983427,21.339779,25.976585,27.873594,25.78441,23.130522,28.235565,23.959946,27.515062,24.698542,20.647636,22.146078,17.879135,16.969034,17.53841,13.738727,14.471777,14.801706,18.596214,18.868496,24.805834,25.565453,29.428717,29.477444,33.660496,32.779564,31.123749,32.463448,27.983675,27.734259,23.959743,22.670212,19.972496,16.945724,12.964868,10.218212,13.330864,16.212088,15.454196,12.241459,16.529922,11.435095,14.805246,15.03646,17.72843
7,20.505205,18.235083,14.423636,12.447725,9.713186,6.878914,6.087245,0.0,4.896367,5.5435824,9.418824,11.06144,14.122079,13.330744,18.317966,16.281235,19.528044,20.289051,23.873652,26.095957,28.202164,29.770582,33.899437,30.893778,29.661842,27.218454,25.668243,25.209269,22.348349,24.44412,18.042818,21.794523,15.654763,16.834028,17.067476,14.5432205,10.968553,13.767958,14.385663,12.138726,9.368662,15.697755,15.1373415,11.02843,12.375684,18.572723,16.125778,13.547302,17.312796,14.575938,17.565006,20.783487,22.574692,21.247213,24.076342,25.86054,21.769535,25.27349,26.997047,21.113113,20.824697,24.681974,26.362354,27.12365,21.69113,20.046768,24.939547,23.836765,21.286715,26.499294,27.906939,25.80348,24.278706,29.756107,25.82292,30.043652,27.752552,23.844437,26.292088,22.28052,22.08777,23.209585,19.32889,19.374872,18.565666,22.905117,21.692307,27.728338,27.715618,31.340878,31.086176,35.07448,34.05119,32.217346,33.58293,29.422375,28.30284,25.261576,22.932816,21.290794,17.111448,12.920818,13.163703,15.689579,18.687963,19.260944,16.211258,20.903421,15.843376,19.864965,19.57545,22.761292
8,23.361273,20.611145,17.645786,14.357419,11.816975,10.130032,6.8648067,4.896367,0.0,4.805235,6.472843,9.053139,10.955916,10.153999,14.4585905,11.704643,15.278549,15.72154,19.948765,21.74327,24.206614,26.046017,30.026485,26.561747,25.322634,22.94221,20.980299,20.544352,17.520428,19.822739,13.255004,17.550835,12.069705,13.485727,12.836664,9.818827,6.7530828,10.2163315,10.012316,7.433632,5.9981494,12.330344,11.242251,8.130329,10.43597,15.821568,13.912911,12.506378,16.21088,13.979672,15.590965,18.767975,21.123428,19.497766,21.539116,22.580471,18.203228,21.341158,23.596937,18.148685,16.630756,20.76325,22.1723,23.44,18.17651,15.913256,20.632668,19.33038,16.583456,21.944118,23.155287,20.952866,19.452475,24.993351,21.23467,25.591211,23.509119,19.933355,22.648909,19.248198,19.41035,21.270187,17.169537,16.37476,14.786538,19.248343,17.29324,23.243029,22.976393,26.536276,26.280155,30.250097,29.339512,27.633417,29.29507,25.33129,24.29956,21.818262,19.610344,18.935905,15.139064,10.785461,11.345868,15.072853,18.389788,18.509262,15.1679125,18.767132,13.12718,17.340595,16.251165,19.740454
9,25.973423,23.485504,19.869633,17.628796,14.690632,12.383191,10.1224165,5.5435824,4.805235,0.0,4.432498,5.5837903,8.946795,8.925703,14.804436,13.660307,17.396896,18.67189,22.860718,25.07817,27.854935,29.575556,33.72478,29.768497,28.152134,25.323856,23.478231,22.204391,19.255913,20.427158,14.584259,17.384636,10.638214,12.673939,13.872473,11.349999,7.760167,11.918033,13.236381,11.0801325,9.543952,16.27433,15.616296,12.908412,14.667872,20.42094,18.689966,17.112478,20.720543,18.0631,19.715326,23.474268,25.400034,23.438406,25.837114,26.825554,22.462645,25.271357,27.405788,21.860209,20.088446,23.785084,24.650616,25.78815,20.667984,18.339365,22.435476,20.675377,18.985685,24.756754,25.227999,22.710007,22.26391,27.960857,24.696115,29.284838,27.501543,24.256605,27.043175,23.93733,23.986067,25.762217,21.414745,20.722586,19.13655,23.38104,21.122421,26.80013,25.938545,29.266838,28.464937,32.18477,30.869188,28.831299,30.070768,26.242685,24.50028,22.197027,19.199488,18.84233,14.215281,10.207686,13.009871,15.517875,18.639002,19.899397,16.966038,21.170618,16.375132,20.847113,20.139332,23.875824
10,29.537592,26.90949,23.618496,20.744656,18.047323,15.881432,13.09303,9.418824,6.472843,4.432498,0.0,3.901162,5.862942,7.135891,12.71188,11.409276,15.614558,16.624334,21.608854,23.211527,26.47057,28.495522,32.368145,27.784597,26.117264,23.316006,20.83261,19.219044,15.935609,16.65589,10.896642,12.976523,6.2814946,8.626148,10.038827,7.82549,4.5949655,9.370098,11.019149,9.456614,9.050228,15.112169,14.593393,13.326618,15.026217,20.062452,19.343723,18.461397,21.62813,19.15598,19.582296,23.698202,25.59042,23.185265,25.117662,25.467316,21.081684,23.255054,25.575733,20.493906,17.695932,21.112017,21.407663,22.817034,18.079473,15.302912,18.758556,16.673582,15.587679,21.537966,21.479935,18.896795,19.165241,24.855183,22.07773,26.877785,25.566545,22.834578,26.034126,23.633762,24.156736,26.547249,22.21781,20.785572,18.38244,22.601208,19.315367,24.615911,23.209839,26.239285,25.311745,28.82518,27.587831,25.646435,27.188202,23.823349,21.806932,20.566025,17.342981,18.543566,14.224541,10.570321,14.266472,17.341677,20.539467,21.629436,18.65109,21.847189,16.904945,21.350485,19.910212,23.798996
11,31.26037,28.524178,25.14593,22.7533,19.63361,17.888678,14.782038,11.06144,9.053139,5.5837903,3.901162,0.0,4.1455164,5.5463943,11.92217,12.425727,16.133108,18.103407,22.392675,24.719456,28.001528,29.702667,33.8357,29.074583,27.038706,23.82835,21.975487,19.76641,17.091488,16.980774,12.601501,14.141772,6.935316,10.811871,12.959885,10.461299,8.21825,13.123701,14.5380535,12.575654,12.789573,18.836803,17.863636,16.434,18.621384,23.52011,22.095297,21.43566,24.975035,22.61142,23.328787,27.049313,29.271576,27.004423,28.818407,29.011269,24.530533,26.592686,29.211046,24.304766,21.076332,24.575607,24.554329,26.206905,21.698198,18.682528,21.590528,19.032179,18.318972,24.389189,23.729837,20.678831,21.430166,27.115805,24.712128,29.415297,28.131905,25.708136,28.502419,26.37438,26.455278,28.63538,23.988232,22.80586,20.815598,24.578785,21.66572,26.643456,24.937044,27.853342,26.358696,29.684608,27.950706,25.64416,26.55252,23.12916,20.702269,19.211988,15.53339,16.662937,11.941479,8.978304,14.0599,16.121647,19.040176,20.88203,18.331545,21.810253,17.804708,22.341692,21.462694,25.51477
12,33.745605,30.702257,27.807714,24.861544,21.802471,20.669094,16.716576,14.122079,10.955916,8.946795,5.862942,4.1455164,0.0,3.506036,8.662974,9.825354,13.367942,15.530529,19.902122,22.058424,25.611132,27.349102,31.337107,26.141758,23.940931,20.645649,18.707962,16.086798,13.638348,13.017737,9.672617,11.274689,4.9829617,10.221101,11.641008,8.747975,8.36824,13.344983,13.9299755,12.028729,13.812303,18.840786,17.391842,16.993599,19.642935,23.488005,22.253538,22.45637,25.89446,24.01733,23.984026,27.264172,29.927582,27.640944,28.733273,28.25092,23.739681,25.265532,28.382145,24.186499,19.832125,23.382425,22.885468,25.118946,21.119713,17.539295,19.69336,16.65277,16.132715,22.187801,20.907898,17.484217,18.712736,24.268291,22.409966,27.023151,26.036856,24.246885,26.932322,25.591795,25.742075,28.268917,23.588549,21.950705,19.658579,22.966925,19.670752,24.04814,21.89373,24.56285,22.734217,25.882174,24.003239,21.64301,22.568417,19.391283,16.804743,16.025852,12.266061,14.767608,10.77268,8.587674,13.961152,16.371367,19.226994,20.776134,18.33249,20.740955,17.059397,21.39519,20.16998,24.290333
13,31.900824,28.60741,26.0639,23.064545,19.842102,19.523558,14.846675,13.330744,10.153999,8.925703,7.135891,5.5463943,3.506036,0.0,6.4912486,8.181196,11.140865,13.920938,17.46061,20.337162,23.58031,25.00311,29.27367,24.433134,22.141073,18.700665,17.536581,15.187029,13.340707,13.472736,10.216131,13.598757,8.031306,13.032172,13.409714,9.474457,9.386259,14.682745,14.187108,11.471914,13.886424,18.8268,16.62607,15.834638,19.217224,22.694305,20.497833,21.058952,24.895145,23.411102,23.761644,26.180555,29.460037,27.614344,28.4259,27.947947,23.313438,25.120646,28.605774,24.496902,20.082441,24.202915,24.045815,26.538874,22.366936,18.65823,21.232588,18.272196,16.828289,22.787855,21.805496,18.194687,18.609356,24.173044,22.050077,26.38056,25.022345,23.167114,25.275854,23.907433,23.564867,25.822748,20.970549,19.62641,17.91328,20.87203,18.410152,22.85734,21.051905,24.00655,22.139215,25.521013,23.486807,21.007889,21.623842,17.85831,15.757188,13.776281,10.40567,11.717373,7.7141,5.224577,10.616834,13.003669,15.881522,17.29989,14.92047,17.360714,14.050872,18.389769,17.629082,21.779974
14,34.66284,30.938799,29.352987,25.716208,22.741446,23.566658,17.993114,18.317966,14.4585905,14.804436,12.71188,11.92217,8.662974,6.4912486,0.0,5.654117,6.1505065,9.979569,12.372529,15.565431,18.873928,20.03079,24.21259,19.040947,16.394917,12.6857605,12.366306,9.694975,9.487308,9.836153,9.379157,14.0196,11.637861,16.423553,15.18074,10.90224,13.067766,17.636044,15.474505,12.774519,17.048695,20.098232,16.918125,17.407118,21.484024,23.00203,20.562605,22.56636,26.250782,25.752905,25.351149,26.408825,30.586357,29.10711,28.689705,27.27426,22.764532,23.901918,28.240828,25.402279,19.721706,24.090078,23.597923,26.950666,23.555115,19.343443,21.05191,17.823729,15.882865,21.125118,19.6029,15.530206,15.7240305,20.68422,19.298798,22.955711,21.780142,21.015287,22.300076,22.286974,21.686054,24.190378,19.478386,17.679092,16.106043,17.669985,15.536465,18.674202,16.542223,19.271055,16.856953,20.147318,17.774094,15.153626,15.548083,11.488525,10.001372,8.012948,5.77209,8.763744,7.9374146,7.7963915,10.904866,13.562838,15.957532,16.3878,14.46406,14.504423,12.456345,15.862349,14.881028,18.859451
15,31.762625,28.147718,26.78295,22.509468,20.102785,20.720354,15.341294,16.281235,11.704643,13.660307,11.409276,12.425727,9.825354,8.181196,5.654117,0.0,4.496562,5.782449,10.604843,12.337112,15.801281,17.706049,21.572943,16.654427,14.758044,11.94131,9.9618225,8.954249,6.9467444,9.86222,6.059744,12.691254,11.06858,14.411019,11.658189,7.0720196,9.900117,13.576215,10.383209,7.7539687,12.734596,14.713985,11.389226,12.600406,16.548105,17.48221,15.756248,17.933546,21.173576,20.89434,19.99883,21.04309,25.133654,23.666155,23.051353,21.651531,17.117826,18.4268,22.71474,19.912132,14.319299,18.9793,19.00149,22.27699,18.701508,14.597056,17.057713,14.467283,11.335052,16.525196,16.055332,12.563072,11.379546,16.751337,14.466888,18.438633,17.022434,15.714666,17.621695,17.258694,17.297972,20.283146,15.92974,13.510988,11.048453,13.498672,10.500241,14.683821,13.160322,16.46462,15.242161,19.136324,17.825886,16.040443,17.84745,14.1021385,13.642347,12.33606,11.246118,13.107661,11.987748,9.869501,10.815857,15.135831,18.041956,17.36493,14.620829,14.429832,10.204057,13.601389,11.332618,15.2964115
16,33.046185,29.147352,28.458302,24.126278,21.76653,23.35835,17.512249,19.528044,15.278549,17.396896,15.614558,16.133108,13.367942,11.140865,6.1505065,4.496562,0.0,4.5936484,6.599428,9.646787,12.783557,14.125917,18.274801,13.457685,11.162604,7.953044,7.83481,7.3182206,7.7327976,10.804628,9.652069,16.032827,15.175936,18.745039,15.786457,11.431834,14.35471,17.828316,14.061308,11.416882,16.579756,17.735218,13.7760315,15.115034,19.517094,19.248531,16.647223,19.729921,23.052452,23.48898,22.633167,22.314627,27.154602,26.217682,24.866274,23.03271,18.73573,19.777447,24.586504,22.607895,16.756506,21.522223,21.520893,25.185255,22.062214,17.959814,19.956526,17.39366,14.013286,18.216734,17.575428,13.974768,12.228487,16.69924,14.889316,17.883566,16.309547,15.816908,16.429707,17.046108,16.385565,19.15653,14.889562,12.575682,11.093503,11.758497,10.262246,13.123125,11.802788,15.071447,13.46175,17.347513,15.721455,13.859483,15.195015,10.969736,11.677929,9.575332,10.161243,11.430104,12.171196,11.302282,10.879996,14.736981,17.112612,15.818932,13.638441,11.720576,9.157838,11.448403,9.576793,13.2693205
17,32.79678,29.0528,28.620783,23.802198,22.064123,23.395693,18.007324,20.289051,15.72154,18.67189,16.624334,18.103407,15.530529,13.920938,9.979569,5.782449,4.5936484,0.0,6.703229,6.63665,10.262907,12.607518,16.024412,11.179927,9.832062,8.137036,5.6774087,7.337062,6.56217,11.185611,8.943942,15.625713,16.043941,18.380476,14.372301,10.713885,14.108175,16.274363,11.765148,9.975408,15.346736,14.781662,10.842675,13.472375,17.384027,15.884524,14.460068,17.936941,20.492464,21.307785,19.628365,19.07733,23.8278,22.89764,20.9829,18.748219,14.649413,15.350028,20.314697,18.988178,12.9107485,17.659182,17.890991,21.644527,18.874662,14.967565,16.991867,15.06767,10.903326,14.2803335,14.404644,11.515711,8.362379,12.732027,10.410332,13.467894,11.871125,11.478731,12.6449,13.683633,13.913044,17.348833,13.848338,10.657948,7.9480267,8.86754,5.8084226,9.08935,8.237666,11.957146,11.568197,15.79093,15.244404,14.295745,16.8271,13.464135,14.585057,13.736788,14.395823,15.982809,16.391136,14.768498,13.660226,18.180983,20.742498,18.86948,16.334856,14.113925,10.320648,11.867948,8.425185,11.563092
18,33.585163,29.504519,29.96213,25.384583,23.614159,26.269526,20.3947,23.873652,19.948765,22.860718,21.608854,22.392675,19.902122,17.46061,12.372529,10.604843,6.599428,6.703229,0.0,5.920447,7.2407384,7.695559,12.231009,8.718209,6.840692,5.1030273,7.9577103,10.004569,11.906184,15.576182,15.18471,21.651608,21.579466,24.642962,20.96289,16.95257,19.891535,22.581526,17.96767,15.597826,20.70499,20.266476,15.843325,17.488276,21.977701,19.76069,16.499813,20.699091,23.624989,25.188877,24.222387,21.878414,27.534355,27.463306,25.041607,22.782085,19.148005,19.965069,25.129797,24.345325,18.841469,23.59589,24.008902,27.851686,25.241444,21.523624,23.436169,21.511574,17.445646,19.936644,19.980673,17.111338,13.914389,16.625134,14.923036,16.094145,14.025437,14.41976,12.934993,14.909888,13.479873,15.92098,12.650803,10.465187,10.536882,8.180554,9.7765875,10.536209,10.842339,13.998718,13.151951,16.901777,15.830111,14.774248,16.023844,12.087853,14.756501,12.266616,14.817395,14.615453,16.911175,16.494194,13.790216,17.261673,18.9429,16.234995,14.6950655,10.228025,9.645848,8.945153,7.2268915,9.235046
19,35.63042,31.804068,32.33881,27.301912,26.12891,28.183105,22.880335,26.095957,21.74327,25.07817,23.211527,24.719456,22.058424,20.337162,15.565431,12.337112,9.646787,6.63665,5.920447,0.0,4.280283,7.183445,9.587977,4.871202,4.972721,6.3981476,5.668405,9.709157,10.931794,15.255679,14.858037,20.852158,22.43692,24.383463,19.918718,16.944813,20.434368,21.80246,16.896507,15.721057,20.824604,18.573896,14.670215,17.812122,21.432907,17.797234,16.522923,20.95614,22.76413,24.640882,22.48218,20.079502,25.345562,25.137238,21.894247,18.809912,15.828296,15.603263,20.914057,21.428593,15.614143,19.747782,20.057766,24.053118,22.346638,18.943829,20.184914,18.905455,14.701629,15.561015,16.039125,14.13318,10.054063,11.353915,9.995952,10.323358,8.687418,10.512999,9.429578,13.005061,13.083066,16.450888,14.470615,11.229952,9.674448,7.010464,6.5401754,4.6802044,5.858474,9.079359,9.812421,13.668633,14.012912,14.169128,16.906916,14.382241,17.02599,16.546713,18.656893,19.873241,21.578981,20.572025,18.318478,22.443304,24.458504,21.705242,19.751148,15.694732,13.608151,12.794406,9.3524685,10.162892
20,35.257847,31.398306,32.608616,27.60342,26.77311,29.444498,24.229145,28.202164,24.206614,27.854935,26.47057,28.001528,25.611132,23.58031,18.873928,15.801281,12.783557,10.262907,7.2407384,4.280283,0.0,3.5695078,5.9044185,4.759723,6.307803,8.767248,9.798959,13.71231,15.185415,19.46525,18.87688,25.055273,26.29036,28.22192,23.679419,20.603996,23.761799,25.033127,19.93114,18.605862,23.399912,20.779625,16.76219,19.470308,23.10832,18.712873,16.757812,21.553907,23.180063,25.669312,23.809763,20.100859,25.786947,26.253607,22.600111,19.633001,17.218344,17.229595,22.358616,23.281235,18.324064,22.396523,23.156345,26.942198,25.265491,22.239449,23.788467,22.856125,18.42043,18.680433,19.725218,18.223621,13.809792,14.20948,12.669514,11.585788,9.353057,11.229534,8.064176,12.324348,11.692287,14.475192,13.513402,10.841012,10.787901,6.326575,9.056172,6.6289606,9.382254,11.911267,13.101291,16.441359,16.97446,17.344862,19.620045,17.05645,20.210966,19.000242,21.64596,21.844393,23.992413,23.081612,19.804531,23.64397,25.320515,21.966303,20.34666,15.603798,14.446022,12.252034,9.468893,8.511264
21,35.786705,31.802809,33.34873,28.582054,27.660872,30.84938,25.44557,29.770582,26.046017,29.575556,28.495522,29.702667,27.349102,25.00311,20.03079,17.706049,14.125917,12.607518,7.695559,7.183445,3.5695078,0.0,5.061222,6.300592,7.2242894,9.41416,12.139569,15.584292,17.667933,21.620216,21.455517,27.740715,28.555265,30.922678,26.60126,23.183668,26.186054,27.895714,22.8238,21.099884,25.873825,23.729986,19.512747,21.635244,25.577028,21.38898,18.51646,23.356548,25.298248,27.919546,26.547022,22.377125,28.328545,29.087605,25.515505,22.784925,20.398582,20.6636,25.71926,26.483334,21.715042,25.912481,26.690058,30.478622,28.651323,25.555656,27.192963,26.063578,21.690855,22.209116,23.035059,21.263184,17.138325,17.555315,16.230251,14.973226,12.765678,14.414969,10.587052,14.434053,12.860338,14.758073,13.917598,12.083997,13.181555,8.349493,12.279192,10.107381,12.461789,14.658327,15.2652445,18.259943,18.346169,18.498238,20.025478,17.278639,20.81385,18.934946,22.110363,21.563726,24.315363,23.862452,20.156393,23.406511,24.6413,21.053194,19.967997,14.57275,14.908042,11.950961,10.425397,8.949344
22,39.16494,35.35595,37.155457,32.2267,31.69575,34.705963,29.619192,33.899437,30.026485,33.72478,32.368145,33.8357,31.337107,29.27367,24.21259,21.572943,18.274801,16.024412,12.231009,9.587977,5.9044185,5.061222,0.0,6.6236916,9.152479,12.625095,14.405095,18.236954,20.290813,24.187916,24.435574,30.253103,31.996748,33.851215,29.20089,26.368353,29.61657,30.648634,25.525942,24.418543,29.092054,25.941235,22.16141,24.913836,28.300955,23.170113,21.415459,26.313318,27.468626,30.41779,28.41256,23.869423,29.49182,30.394827,26.147882,22.894588,21.43712,20.900906,25.724598,27.680174,23.102741,26.58509,27.273869,31.038692,30.0148,27.277292,28.321777,27.638565,23.453499,22.646263,23.651508,22.63207,18.436577,17.235466,16.680075,13.927716,12.39906,15.252217,11.115497,16.086546,15.32348,17.28197,17.626001,15.597634,16.170963,11.357255,14.460103,10.427461,13.238799,14.3520565,15.847953,18.087673,19.069355,20.054823,22.034472,20.28368,23.974052,23.047998,26.264124,26.337126,29.097364,28.57289,25.038946,28.440624,29.699762,26.06102,24.950508,19.592745,19.626083,16.627155,14.668682,12.554521
23,39.655975,35.779503,36.675926,31.668596,30.584703,32.90272,27.539894,30.893778,26.561747,29.768497,27.784597,29.074583,26.141758,24.433134,19.040947,16.654427,13.457685,11.179927,8.718209,4.871202,4.759723,6.300592,6.6236916,0.0,3.2974834,7.202026,8.116149,11.859651,14.191129,17.755737,18.87007,24.230476,26.525494,28.535736,24.090143,21.385221,25.074379,26.34672,21.518005,20.537498,25.64977,23.060349,19.339977,22.58892,26.094103,21.899828,20.765455,25.390728,26.929653,29.11113,26.741472,23.800474,29.076014,29.07739,25.312134,21.788137,19.525076,18.605103,23.832344,25.312624,19.49635,23.022444,22.991814,27.135473,26.161383,22.87916,23.31733,22.089481,18.401264,18.203394,18.206337,16.629805,13.174378,12.524103,12.728922,11.299745,10.569466,13.803073,11.685652,16.372011,16.272556,19.219969,17.980549,15.114129,14.190137,10.56788,10.993408,6.4652467,7.458049,8.683172,9.4154215,12.161967,12.875143,13.753343,16.279581,14.75368,18.121788,18.254725,21.076042,22.499111,24.978209,24.56486,22.318413,25.978708,27.60077,24.705608,23.252752,18.394485,17.638536,16.059362,13.30406,13.112791
24,39.589363,35.60909,36.214497,31.376795,29.910124,32.20922,26.575964,29.661842,25.322634,28.152134,26.117264,27.038706,23.940931,22.141073,16.394917,14.758044,11.162604,9.832062,6.840692,4.972721,6.307803,7.2242894,9.152479,3.2974834,0.0,4.031461,6.4492083,9.480345,12.486839,15.632838,17.361109,22.70672,24.687126,27.214912,23.137062,20.095604,23.81391,25.673704,21.054335,19.710838,25.011038,23.271536,19.377283,22.307186,26.149477,22.766191,21.142057,25.595295,27.641933,29.47109,27.405178,24.984322,30.306257,30.074427,26.762508,23.467024,20.670624,20.03861,25.352236,26.166298,19.980991,23.790972,23.517454,27.761387,26.455006,22.813765,23.253254,21.504547,18.06848,18.827475,18.199373,15.896709,13.13011,13.5261345,13.773421,13.420236,12.67372,15.311023,13.668539,17.674763,17.232267,20.097881,18.055819,15.319646,14.414474,11.276329,11.380126,8.141431,7.7393174,9.255483,8.486031,11.462837,11.16092,11.365749,13.457886,11.529411,14.977337,15.027174,17.970299,19.583057,22.266027,22.21982,20.42496,23.812304,25.35716,22.799425,21.486212,16.688671,16.351616,15.25455,12.871306,13.539014
25,38.489647,34.445858,34.64508,30.047695,28.151564,30.353888,24.498146,27.218454,22.94221,25.323856,23.316006,23.82835,20.645649,18.700665,12.6857605,11.94131,7.953044,8.137036,5.1030273,6.3981476,8.767248,9.41416,12.625095,7.202026,4.031461,0.0,5.5819254,7.050905,10.511365,13.215384,15.172401,20.611792,21.888794,25.016907,21.442213,17.95425,21.545458,24.112743,19.815228,18.002728,23.37705,22.733112,18.7115,21.121283,25.290724,22.979853,20.811169,24.920841,27.540564,28.905361,27.278511,25.525206,30.817009,30.32749,27.647696,24.754541,21.356236,21.207874,26.49949,26.394346,20.030361,24.193365,23.799297,28.010983,26.166742,22.200808,22.889416,20.608889,17.397593,19.419394,18.337267,15.250233,13.210101,15.066469,14.942052,15.8370695,14.89058,16.61431,15.600334,18.606098,17.856627,20.614042,17.642666,15.1180315,14.209452,11.988805,11.6968355,10.403233,9.079985,11.143044,9.160721,12.422682,10.943161,9.95943,11.376535,8.303216,11.544607,11.066096,13.968241,15.710565,18.427486,18.686882,17.464712,20.593975,22.148247,20.067715,18.799913,14.419858,14.273948,14.017738,12.0954275,13.866288
26,38.29231,34.511787,34.26052,29.396273,27.719572,29.031845,23.665064,25.668243,20.980299,23.478231,20.83261,21.975487,18.707962,17.536581,12.366306,9.9618225,7.83481,5.6774087,7.9577103,5.668405,9.798959,12.139569,14.405095,8.116149,6.4492083,5.5819254,0.0,4.3027143,6.1336384,9.812591,11.179036,16.300251,18.732395,20.968086,16.953627,14.254389,18.280891,19.99935,15.826121,14.898655,20.232111,18.897114,15.49127,18.841064,22.316465,19.97621,19.423258,23.182533,25.22425,26.260435,23.858541,23.125607,27.710306,26.673485,24.04358,20.893023,17.523445,16.825651,21.998678,22.084002,15.267906,19.031862,18.333883,22.615452,21.125359,17.165613,17.406822,15.282433,12.158477,13.98217,12.7886,9.856121,7.7670956,10.128894,10.174615,12.078171,11.805853,13.605615,14.2744,17.126663,17.621584,21.142818,18.313223,15.021216,12.457789,11.7183695,8.516071,7.5482316,4.6386213,7.313718,6.016521,10.202544,9.829761,9.513494,12.799705,10.778792,12.584388,13.760269,15.168819,18.200617,19.566023,18.889084,18.470325,22.445875,24.636248,22.839813,20.824472,17.565657,15.275707,15.940364,12.699788,14.833815
27,39.708847,35.92738,35.170425,30.608421,28.488762,29.462963,24.016617,25.209269,20.544352,22.204391,19.219044,19.76641,16.086798,15.187029,9.694975,8.954249,7.3182206,7.337062,10.004569,9.709157,13.71231,15.584292,18.236954,11.859651,9.480345,7.050905,4.3027143,0.0,4.47447,6.2278156,9.677341,13.92041,16.316603,19.223207,16.041374,13.274716,17.320889,19.728884,16.357944,15.240585,20.477749,20.354538,17.208136,20.100508,23.637512,22.478117,21.768959,25.028301,27.470284,27.93042,25.791708,25.961477,30.25934,28.828691,26.81496,23.937193,20.257296,19.702213,24.6143,24.034525,17.044796,20.647652,19.428814,23.650208,21.997421,17.730732,17.56828,14.652083,12.651313,15.620877,13.301884,9.425704,9.622317,12.750458,13.2230625,15.833807,15.815955,17.16837,18.277525,20.520788,20.845898,24.215881,20.761475,17.73723,15.171044,15.176997,11.758938,11.77099,8.348041,10.056274,7.1729803,10.579314,8.875265,7.3260355,10.212793,8.167979,8.835071,11.101364,11.826557,16.110147,17.279135,17.097445,18.057737,21.576788,23.739285,22.722538,20.841995,18.23894,16.244226,17.76135,15.081423,17.895327
28,37.723557,34.18684,33.031105,28.425137,26.435904,26.716318,21.756004,22.348349,17.520428,19.255913,15.935609,17.091488,13.638348,13.340707,9.487308,6.9467444,7.7327976,6.56217,11.906184,10.931794,15.185415,17.667933,20.290813,14.191129,12.486839,10.511365,6.1336384,4.47447,0.0,4.995567,5.5243034,10.267812,12.902234,15.122332,11.620039,9.228944,13.471671,15.414107,12.320143,11.741207,16.727837,16.61364,14.036378,17.174088,20.18155,19.592482,19.761877,22.455505,24.646492,24.675356,22.30974,23.461046,27.150871,25.313887,23.764233,21.169374,17.308693,16.898836,21.438158,20.316036,13.349798,16.893646,15.703506,19.722288,17.761065,13.427147,13.572524,10.614686,8.496116,12.467879,10.452006,6.4351015,6.936616,11.55462,11.185866,14.977009,14.955607,15.452862,17.76959,19.158928,20.115442,23.742844,20.254793,17.028223,13.625794,15.056989,10.269268,11.934851,8.714848,10.94755,9.394804,12.9527445,12.157032,11.059748,14.249196,12.258571,11.925871,13.810332,13.293343,17.481651,17.351513,16.16232,17.525026,21.597862,24.222443,23.374863,20.949049,19.382029,15.913841,18.14555,14.954641,18.078346
29,41.401493,37.902355,36.328514,32.05339,29.72675,29.640074,24.782764,24.44412,19.822739,20.427158,16.65589,16.980774,13.017737,13.472736,9.836153,9.86222,10.804628,11.185611,15.576182,15.255679,19.46525,21.620216,24.187916,17.755737,15.632838,13.215384,9.812591,6.2278156,4.995567,0.0,7.3308663,8.547622,12.110126,14.862642,12.809299,11.194446,15.091926,17.414412,15.601924,15.156082,19.597574,20.406374,18.336227,21.090502,23.903118,24.113953,24.337378,26.65024,28.992657,28.572992,26.300533,28.135477,31.464306,29.278864,28.110626,25.557644,21.792072,21.13523,25.31235,24.060932,17.178755,19.96603,18.008617,21.856606,20.294207,15.994701,14.992981,11.315835,11.4477,15.423417,12.017206,7.7627444,10.952583,14.752164,15.45853,19.109085,19.591303,20.353987,22.69781,24.129032,24.9762,28.484398,24.725887,21.709173,18.478773,19.87531,15.261432,16.353586,12.581234,13.673324,11.004043,13.320779,11.671928,9.960928,12.599254,11.620842,9.784294,13.447932,12.052999,17.760435,17.483974,17.052229,19.913387,23.27825,25.720827,25.650574,23.521585,22.326916,19.522896,22.093319,19.388803,22.692059
30,35.036743,31.815498,29.960943,25.640364,23.559738,22.911354,18.60278,18.042818,13.255004,14.584259,10.896642,12.601501,9.672617,10.216131,9.379157,6.059744,9.652069,8.943942,15.18471,14.858037,18.87688,21.455517,24.435574,18.87007,17.361109,15.172401,11.179036,9.677341,5.5243034,7.3308663,0.0,7.0350857,7.9806304,9.883864,6.6727395,3.9826732,8.20026,10.425753,8.487716,8.147211,12.293269,13.582339,11.901439,14.344496,16.772276,17.948166,18.52743,20.076645,22.358234,21.509865,19.500238,22.138912,25.025246,22.692436,22.302294,20.614738,16.411552,16.814472,20.506895,17.904804,11.795516,15.335481,14.485851,17.699043,14.672835,10.341667,11.739845,8.721758,7.0105658,12.824614,11.621533,8.318199,9.143408,14.66715,13.084456,17.778938,17.389923,16.431044,19.702103,19.578863,20.792,24.291021,20.504908,17.57375,13.88929,16.952103,11.908629,15.567878,13.146625,15.668814,14.741176,18.155142,17.439621,16.132805,18.873823,16.481955,15.20123,16.216475,14.341357,18.031643,16.28668,14.056611,16.32155,20.544691,23.562284,23.26578,20.413887,20.457277,15.838754,19.090757,16.0702,19.634848
31,40.360146,37.47145,35.01337,31.06622,28.956831,27.316345,23.898273,21.794523,17.550835,17.384636,12.976523,14.141772,11.274689,13.598757,14.0196,12.691254,16.032827,15.625713,21.651608,20.852158,25.055273,27.740715,30.253103,24.230476,22.70672,20.611792,16.300251,13.92041,10.267812,8.547622,7.0350857,0.0,7.286868,7.381975,6.988252,8.5422125,11.11441,12.028067,12.814033,13.790835,16.180523,17.699875,17.528666,19.961973,21.210112,23.08789,24.817465,25.6866,27.462143,25.94537,23.515017,27.486324,29.218649,26.164375,26.301748,24.594328,20.987514,20.601768,23.304815,20.902481,15.343208,16.868317,14.716276,17.281414,15.389583,11.747671,10.681586,7.047939,9.785796,14.597489,11.899608,9.402257,13.185028,17.561249,17.316692,21.971628,22.52118,22.029552,25.83357,25.884605,27.531885,31.130688,27.455929,24.49909,20.58548,23.690708,18.129269,20.855549,17.72064,19.036827,17.804876,20.061659,19.4116,18.251204,20.997173,19.934368,17.555334,20.281488,17.550798,22.568935,20.330153,18.546234,22.274107,25.923569,28.864573,29.29488,26.57892,27.03539,22.665855,26.078611,23.096083,26.586765
32,35.423485,32.636387,29.647926,26.36961,23.797817,21.902842,18.687363,15.654763,12.069705,10.638214,6.2814946,6.935316,4.9829617,8.031306,11.637861,11.06858,15.175936,16.043941,21.579466,22.43692,26.29036,28.555265,31.996748,26.525494,24.687126,21.888794,18.732395,16.316603,12.902234,12.110126,7.9806304,7.286868,0.0,5.47638,7.665193,6.8052354,6.7341666,10.253416,11.924462,11.44903,12.734094,16.963776,16.51822,17.064276,18.695118,22.425543,22.72507,22.737772,25.393389,23.283985,22.366098,26.555033,28.44226,25.630276,26.810427,26.186245,21.97819,23.015915,25.624008,21.592241,17.27556,19.984669,19.109049,21.03315,17.387304,14.00122,15.6151,12.69812,13.231393,19.144999,17.773289,14.926041,16.865276,22.244484,20.62183,25.503094,25.01287,23.327948,26.79988,25.588585,26.533665,29.520231,25.26957,23.09681,19.953312,23.668238,19.247366,23.481956,21.096642,23.4237,22.041357,24.994072,23.701982,21.824707,23.595259,21.158043,18.561653,19.16041,15.6488695,19.123669,15.563313,13.141657,17.680683,20.798744,23.818518,24.912764,22.167894,24.119993,19.650488,23.801725,21.72626,25.653032
33,35.96027,33.59996,30.45779,27.073591,25.100912,22.339333,20.287582,16.834028,13.485727,12.673939,8.626148,10.811871,10.221101,13.032172,16.423553,14.411019,18.745039,18.380476,24.642962,24.383463,28.22192,30.922678,33.851215,28.535736,27.214912,25.016907,20.968086,19.223207,15.122332,14.862642,9.883864,7.381975,5.47638,0.0,5.2473845,7.9158626,7.152913,7.3593535,10.883195,12.098938,11.895831,15.177724,16.21554,17.265505,17.421856,21.315563,23.194057,22.63673,24.351671,21.85899,20.26146,25.56404,26.298065,22.952799,24.582106,24.206099,20.515434,21.299242,22.900976,18.741058,15.43394,16.931301,16.03202,17.031767,13.524508,11.054607,12.583553,10.649157,12.136028,17.391422,16.618975,15.016069,17.008486,21.975517,20.235157,25.24858,25.07957,23.155588,27.394302,25.910004,27.614712,30.82523,27.135248,24.71787,21.02069,25.231321,20.129433,24.42528,22.264254,24.361555,23.77102,26.605059,26.06423,24.760973,27.252007,25.254679,22.92042,24.027744,20.816257,24.27191,20.727198,17.822495,21.534399,25.135681,28.325182,29.051891,26.008286,27.940247,22.703566,26.660418,24.010717,27.595058
34,34.519283,31.925186,29.45719,25.373943,23.76541,21.681505,19.029356,17.067476,12.836664,13.872473,10.038827,12.959885,11.641008,13.409714,15.18074,11.658189,15.786457,14.372301,20.96289,19.918718,23.679419,26.60126,29.20089,24.090143,23.137062,21.442213,16.953627,16.041374,11.620039,12.809299,6.6727395,6.988252,7.665193,5.2473845,0.0,4.852759,6.28904,5.197369,6.615695,8.656214,9.824955,11.158578,11.923117,14.148194,14.533028,17.051346,19.441336,19.599787,20.98136,19.182234,16.775953,21.439205,22.63427,19.480318,20.260609,19.379759,15.639176,16.197784,18.269625,14.656884,10.353048,12.390596,11.746557,13.509369,9.849835,6.3877077,8.741933,7.055498,7.0669284,12.508364,12.421218,11.099258,12.1292,17.13472,15.058441,20.079706,19.899946,18.068913,22.44488,21.287441,23.312428,26.805553,23.493717,20.686289,16.61199,20.73827,15.279404,19.514051,17.645735,19.895123,19.8919,23.01362,22.970705,22.082817,25.131914,23.085732,21.524012,22.610676,20.218086,23.525608,20.747776,17.687744,20.100882,24.410913,27.674297,27.57989,24.386381,25.446646,19.904203,23.37673,20.1773,23.455935
35,31.986328,29.003195,26.792398,22.636312,20.623564,19.405235,15.658923,14.5432205,9.818827,11.349999,7.82549,10.461299,8.747975,9.474457,10.90224,7.0720196,11.431834,10.713885,16.95257,16.944813,20.603996,23.183668,26.368353,21.385221,20.095604,17.95425,14.254389,13.274716,9.228944,11.194446,3.9826732,8.5422125,6.8052354,7.9158626,4.852759,0.0,4.333327,6.987207,5.771307,5.3789215,8.538867,11.057261,9.990567,11.586568,13.5828905,16.044147,16.707052,17.394257,19.739565,18.352924,16.81203,20.242443,22.657866,20.18057,20.623001,19.74992,15.3901615,16.62827,19.685318,15.948527,11.093574,14.78742,14.700023,17.116114,13.0848465,9.198955,12.218427,9.998374,7.9554305,13.996537,13.925917,11.446802,11.39699,17.05127,14.519886,19.410892,18.56397,16.560568,20.183523,18.945456,20.237852,23.515713,19.70099,17.105223,13.502294,17.47928,12.792051,17.560581,15.898754,18.765863,18.32516,21.900627,21.324612,20.008677,22.576117,19.775545,18.466702,18.539314,16.34106,18.969852,16.351948,13.2413025,15.364671,19.729704,22.967806,22.783642,19.642506,20.691807,15.32261,18.996382,16.164623,19.787453
