,0,1,2,3,4,5,6,7,8,9,10,11,12,13,14,15,16,17,18,19,20,21,22,23,24,25,26,27,28,29,30,31,32,33,34,35,36,37,38,39,40,41,42,43,44,45,46,47,48,49,50,51,52,53,54,55,56,57,58,59,60,61,62,63,64,65,66,67,68,69,70,71,72,73,74,75,76,77,78,79,80,81,82,83,84,85,86,87,88,89,90,91,92,93,94,95,96,97,98,99,100,101,102,103,104,105,106,107
0,0.0,4.3087835,6.557342,9.275533,11.860489,14.1207075,17.19394,21.661684,24.29898,26.40277,30.764658,28.493187,27.181501,26.097183,21.288322,21.4027,16.223003,17.103388,13.947893,13.934119,15.699903,13.201853,19.147781,17.892673,22.276949,21.681896,25.579367,24.71511,19.787361,20.64482,21.189472,19.885607,25.066061,21.046783,26.079412,26.549757,28.609823,29.423634,25.040651,21.875212,27.380346,24.411827,24.94068,25.848434,25.914627,26.66521,25.231274,27.211744,24.455034,29.725636,26.351234,28.835545,30.201178,29.397879,24.216438,26.442734,23.956055,27.605707,27.214506,29.082567,27.580944,33.783005,32.51981,36.301544,39.89183,38.840843,35.22179,35.333538,40.2669,38.273327,33.664055,34.99603,33.25058,36.667248,34.79215,33.105366,35.652843,35.713375,37.09969,40.030804,37.26851,33.89303,33.833843,29.802374,28.189932,24.457228,24.213655,18.282242,18.493767,16.76851,16.803455,17.471796,13.782339,13.935524,10.231139,13.946108,15.374754,18.762465,19.845839,25.194544,29.079456,30.582298,32.897644,32.381367,26.205738,26.222792,23.366714,22.39477
1,4.3087835,0.0,5.300233,6.4271345,8.500284,12.009232,13.904748,19.157663,21.159918,23.382357,27.525377,25.660955,24.803097,23.587902,18.996092,18.39273,13.436688,13.458622,10.716086,9.84352,12.096223,9.965811,16.018646,15.564307,19.351343,18.508259,22.057287,21.014034,15.658058,16.832245,17.123592,16.55428,21.832344,18.58994,23.398369,24.362677,26.657253,27.017323,22.776705,19.394491,24.367498,21.056223,21.199732,22.119257,21.826815,22.581747,21.029795,23.149546,20.495016,25.915705,22.87109,25.453924,27.23735,26.51956,21.28844,23.417555,20.38953,23.97308,23.751999,25.239847,23.538809,29.701086,28.277473,32.05019,35.591,34.572987,30.966583,31.038994,35.992172,34.104507,29.520788,30.905226,29.04025,32.674706,30.70346,29.247932,31.840446,31.838932,33.359825,36.21848,33.56509,30.093338,29.873892,25.834484,24.01168,20.428703,19.941044,13.98008,14.363245,12.852407,13.460114,14.585968,11.392169,10.971778,6.67214,10.625047,11.375436,14.9644785,15.919741,21.251137,25.32789,26.584505,28.83391,28.532768,22.218922,22.655905,19.920374,19.46017
2,6.557342,5.300233,0.0,5.213793,6.5010223,8.278204,11.35398,15.367145,18.41792,20.094904,24.751173,22.692822,21.189913,20.591259,15.673318,16.279932,11.717566,12.79769,11.6203785,11.946284,15.24622,14.364784,20.1284,20.450718,23.89365,22.851377,25.94586,24.502949,18.18907,19.27223,18.219917,18.013437,21.295422,17.786467,22.462347,22.653484,25.547073,26.443893,22.598894,19.92886,24.706411,22.573973,22.035692,24.202368,23.007496,24.920803,23.266323,25.869394,23.346506,28.83069,26.19164,28.369518,30.748333,29.360939,24.189545,25.574736,22.26084,25.469702,24.278133,25.886913,24.699478,30.411602,28.9927,33.088524,36.120266,35.978832,32.6188,32.248043,37.376812,36.212368,31.677458,32.642746,30.182364,33.667767,30.815348,29.312435,31.228409,30.868088,31.92866,34.770157,31.688522,28.620447,28.511671,24.585884,23.62833,19.542137,20.390789,15.30027,16.037786,15.752073,16.447788,18.366276,14.953197,13.41863,9.173046,11.173814,11.444985,14.749649,14.790861,20.108843,23.433237,25.54857,28.242569,27.78485,21.998259,21.670153,19.63499,18.119421
3,9.275533,6.4271345,5.213793,0.0,3.7880974,6.133305,8.57601,13.403459,15.282589,18.009169,21.830595,19.455162,18.611555,17.20122,12.659901,12.162427,7.1387253,8.164349,6.508377,8.004641,11.236479,11.755041,16.731033,18.096582,21.217573,20.903727,23.010336,20.976309,14.576568,14.823325,13.720135,12.919364,16.309116,12.909704,17.599442,18.269257,21.001568,21.542633,17.661612,14.848105,19.516108,17.465523,17.05812,19.443558,18.52117,20.939434,19.964725,22.96486,21.134277,26.877571,24.905909,27.578823,30.195232,29.493376,24.37404,25.942736,21.867844,24.946495,24.33669,24.996977,23.15899,28.680986,26.510468,30.459736,32.945644,32.95288,29.498003,28.672323,33.70813,32.53775,27.820396,28.28205,26.0195,28.973553,26.483444,24.58601,26.749968,26.771305,28.002777,31.0287,28.303833,24.923714,25.479162,21.398926,20.386671,16.181421,17.533138,12.553922,14.422855,14.384753,16.340614,18.314907,15.9748,14.422518,9.833616,12.146856,10.357111,14.199154,12.759116,18.145058,21.407026,23.448862,26.245716,26.633228,20.600386,21.37112,19.847448,19.259026
4,11.860489,8.500284,6.5010223,3.7880974,0.0,5.376275,5.411507,11.01053,12.730739,14.941901,19.053566,17.427723,16.762968,15.817376,11.446668,10.722597,6.9808607,6.6952486,7.7941637,7.870933,12.014317,12.973137,17.641253,19.534472,21.843752,20.868362,22.729843,20.689537,13.674635,14.693205,12.463643,13.449774,15.700427,13.588609,17.610662,18.459492,21.760191,22.018816,18.667356,16.072815,19.686678,17.702776,16.304348,19.142597,17.117668,19.826338,18.35861,21.494316,19.633133,25.252703,23.61711,25.928816,29.030802,27.91601,22.952408,23.993935,19.64974,22.40885,21.395306,21.962208,20.39668,25.643257,23.60473,27.715645,30.159853,30.502584,27.247688,26.398098,31.540594,30.81537,26.310474,26.902748,24.13995,27.574507,24.392532,23.026031,24.825068,24.40186,25.55918,28.393278,25.460655,22.234936,22.277004,18.268263,17.385313,13.155142,14.699124,10.391825,12.257667,13.1682825,15.207959,17.778042,15.696834,13.370541,9.258836,10.099672,7.4972486,11.043798,9.186202,14.557625,17.789383,19.913353,22.783195,23.051886,17.223186,17.81265,16.666746,16.020208
5,14.1207075,12.009232,8.278204,6.133305,5.376275,0.0,5.8403935,7.863748,11.017343,13.322851,17.46423,14.659153,13.064138,12.358648,7.3991704,8.840196,5.6094656,8.338394,9.809042,12.196257,15.819996,17.367188,21.687717,23.77563,26.3822,25.917505,27.374655,24.946907,18.011217,18.056492,15.376364,15.204615,15.172645,11.988492,15.878109,15.49647,19.120726,20.231117,17.278152,15.758141,19.484283,19.222246,17.867037,21.737902,19.729858,23.516472,22.607023,26.049097,24.58953,30.20156,28.860928,31.142784,34.367416,33.159367,28.239723,29.071617,24.672222,27.172527,25.70877,26.149921,24.796038,29.468058,27.148533,31.29822,32.89391,34.0496,30.986652,29.520382,34.583897,34.34905,29.82399,29.643866,26.750385,29.274157,25.7617,23.794607,24.962795,24.57096,25.156199,28.15367,24.993845,22.178104,23.145924,19.345314,19.646778,14.994797,18.307823,15.068186,17.316675,18.496159,20.558714,23.118265,20.807745,18.499557,14.338337,14.928865,12.378174,15.380654,12.303725,17.0358,18.92516,22.073204,25.385633,25.895931,20.782127,20.986404,20.639534,19.262827
6,17.19394,13.904748,11.35398,8.57601,5.411507,5.8403935,0.0,6.56929,7.4783897,9.656924,13.661845,12.4671955,12.170988,11.587192,8.003923,6.999917,6.4420695,5.6189322,10.019143,10.521753,14.587944,16.78375,20.311077,23.172459,24.610954,23.601866,24.425354,21.954014,14.712542,15.514229,11.679107,13.893109,13.173078,12.612832,15.338158,16.09434,20.049797,20.136364,17.794485,16.071177,18.1366,17.331034,14.772336,18.829395,15.578352,19.537981,18.246159,21.802467,20.613573,25.953388,25.277979,27.305643,31.036423,29.75693,25.196995,25.570929,20.733019,22.734207,21.287521,21.109613,19.745594,23.953753,21.525455,25.70651,27.208382,28.590176,25.728762,24.21561,29.319147,29.482912,25.236998,25.235262,21.88163,25.051409,20.9417,19.762661,20.772686,19.935808,20.744585,23.508034,20.342478,17.387674,17.652716,13.7839365,13.937491,9.33894,12.906032,10.969286,13.466622,15.658023,18.148357,21.141066,19.715208,16.872843,13.536726,12.871337,8.955952,11.230175,6.8928475,11.311109,13.385409,16.288631,19.594877,20.379467,15.3857,16.113277,16.39689,15.768967
7,21.661684,19.157663,15.367145,13.403459,11.01053,7.863748,6.56929,0.0,5.3002567,6.0394673,10.455808,8.357086,6.4864664,7.6919127,4.867397,7.3751826,9.525729,10.810053,15.080912,16.81909,20.587357,23.062113,26.4054,29.418869,30.947876,30.117586,30.616772,27.906681,20.826792,21.053284,16.821478,18.383123,14.726196,14.086837,15.6209755,14.875751,19.387518,20.260275,19.012646,18.713066,20.087149,21.227993,18.449343,23.445375,19.92654,24.793867,23.847397,27.543617,26.68386,31.774277,31.459112,33.210236,37.18,35.56936,31.18871,31.110872,26.346754,27.880005,25.738842,25.489723,24.66848,27.850311,25.388973,29.510382,29.919535,32.457607,30.069504,27.93885,32.80117,33.808254,29.83594,29.088146,25.434858,27.696194,22.86108,21.438824,21.16931,19.96244,19.756716,22.420155,18.771818,16.866705,17.962772,14.907903,16.893118,12.535281,17.712666,17.206476,19.643587,22.124893,24.431608,27.537214,25.8499,22.851261,19.575487,18.469599,15.030206,16.475254,11.811528,14.354965,14.035344,18.260666,21.94349,22.82194,19.336538,19.272299,20.64293,19.115473
8,24.29898,21.159918,18.41792,15.282589,12.730739,11.017343,7.4783897,5.3002567,0.0,4.8263392,6.615971,5.3313437,6.508529,6.2403564,6.4508867,5.347772,9.893108,9.63534,14.785484,16.193056,19.464415,22.73773,24.935446,28.666546,29.407806,28.81791,28.356987,25.365772,18.737576,18.629574,13.899798,16.21611,11.157549,12.757477,12.892206,13.2030115,17.6391,17.576422,17.045677,16.929886,16.713009,18.125175,14.698763,20.015074,16.027025,21.407671,20.932861,24.764767,24.64124,29.463207,29.926275,31.805504,35.973423,34.830677,30.772537,30.670727,25.51988,26.66982,25.082281,23.870996,22.617292,25.141016,22.043512,25.876287,25.556957,28.455769,26.22725,23.614222,28.260916,29.586061,25.785082,24.57258,20.84512,22.742231,17.726618,16.368977,15.89266,14.696983,14.653353,17.47363,14.119412,11.774731,13.585815,10.49253,12.89315,8.85871,14.909145,15.784771,18.729515,21.546177,24.45018,27.525007,26.698729,23.742594,20.782448,19.65074,15.307372,16.45058,10.879863,12.219532,11.362958,15.293659,18.943838,20.806309,17.564959,18.672903,20.567339,20.14229
9,26.40277,23.382357,20.094904,18.009169,14.941901,13.322851,9.656924,6.0394673,4.8263392,0.0,5.743264,7.2938514,7.4435177,9.444359,9.626841,10.022513,13.848454,13.422344,18.701756,19.370724,23.066334,25.883905,28.472935,31.990347,32.55623,31.31161,31.155907,28.477566,21.680704,22.371418,17.452593,20.62951,15.8521,17.482582,17.582588,17.527666,22.05575,22.150885,21.830555,21.717373,21.395666,22.586767,18.858313,23.940783,19.355476,24.356264,23.203054,26.799883,26.366102,30.788933,31.26989,32.55517,36.972397,35.178062,31.385761,30.67263,25.79162,26.500624,24.133163,23.20599,22.764805,24.643726,22.214655,26.1487,25.840181,29.212893,27.418547,25.038017,29.63204,31.497257,28.148552,27.322002,23.161589,25.655607,19.903318,19.516064,18.287035,16.196026,15.614323,17.706402,13.69247,12.535021,12.903891,10.712801,13.791678,10.518665,16.141151,17.792181,20.054266,23.283428,25.67314,29.01416,28.008661,24.696768,22.275827,20.197676,16.384632,16.540882,11.514291,11.552125,9.305223,13.991102,17.705349,18.926682,16.910242,16.940891,19.528473,18.473442
10,30.764658,27.525377,24.751173,21.830595,19.053566,17.46423,13.661845,10.455808,6.615971,5.743264,0.0,5.5598025,8.221198,9.312983,12.06718,11.281373,16.365469,15.649497,20.958784,21.916386,24.938103,28.455128,29.963339,34.073036,34.085167,33.307842,32.156338,29.151974,23.115107,23.125782,18.114656,21.206427,14.706272,17.919647,16.34297,16.590166,20.772015,20.318802,21.17326,21.787117,19.828983,22.020214,18.027246,23.36356,18.708445,24.236774,23.853127,27.507267,27.93651,31.988588,33.276398,34.703217,39.231934,37.931545,34.466408,33.766834,28.640562,28.95309,27.114271,25.260849,24.456747,25.305998,22.19583,25.555376,23.842194,28.029314,26.632221,23.49899,27.52374,30.005005,27.015078,25.315575,21.22878,22.591217,16.652542,16.220661,13.94661,11.700752,10.446431,12.552063,8.677592,8.13211,10.360457,9.287761,13.390114,11.287673,17.371809,20.226736,22.91772,26.23133,29.107664,32.317978,31.93204,28.76661,26.407986,24.580435,20.24596,20.341156,14.921838,13.740184,10.364645,14.45928,17.899696,20.28543,19.082188,20.130306,23.170717,22.929775
11,28.493187,25.660955,22.692822,19.455162,17.427723,14.659153,12.4671955,8.357086,5.3313437,7.2938514,5.5598025,0.0,4.005468,3.9203303,7.8810287,8.03281,13.195494,13.90071,18.463823,20.713224,23.509771,27.13821,28.871153,32.830288,33.577587,33.442005,32.493828,29.236807,23.093088,22.250408,17.70517,19.049004,12.0276785,13.853351,12.37578,11.642654,16.012875,16.304277,17.080961,18.242916,17.07818,20.186342,17.001135,22.676685,19.057564,24.914825,25.073788,28.958817,29.296263,33.963417,34.7822,36.7247,40.934986,39.943108,35.982742,35.842724,30.64179,31.593067,29.996944,28.497366,27.25395,29.097466,25.720812,29.199759,27.79319,31.41651,29.508823,26.322912,30.489489,32.29851,28.713524,26.66564,23.128357,23.673298,18.72631,16.802483,15.282856,14.300794,13.31283,16.159174,13.042949,11.6811075,15.102269,13.075157,16.36863,13.1073,19.415808,20.768871,23.88217,26.650188,29.691254,32.696102,31.904099,29.021324,25.904566,24.944088,20.617151,21.735994,16.13166,16.744122,14.666402,18.744717,22.310442,24.596806,22.186829,23.310064,25.60696,25.06953
12,27.181501,24.803097,21.189913,18.611555,16.762968,13.064138,12.170988,6.4864664,6.508529,7.4435177,8.221198,4.005468,0.0,3.990415,6.2858386,8.842409,12.973434,14.6620245,18.8266,21.401415,24.533175,27.729565,30.201239,33.738956,35.028206,34.763355,34.42038,31.296867,24.74971,24.086514,19.728235,20.606916,14.4246235,14.590032,14.164054,12.463045,16.970673,18.101372,18.339176,19.446438,19.46797,22.42532,19.61978,25.20839,21.81781,27.466755,27.313871,31.185503,31.054802,35.957607,36.286324,38.16384,42.281452,40.97688,36.786457,36.652397,31.6502,32.84099,30.859125,29.943626,28.970016,31.249508,28.244928,31.983614,31.066275,34.491108,32.452095,29.556055,33.937725,35.547222,31.795965,30.054787,26.50785,27.372177,22.491863,20.53448,19.256569,18.232618,17.201801,19.886211,16.496773,15.397606,18.138605,15.953593,19.051943,15.308684,21.409552,21.965294,24.851501,27.457851,30.171518,33.214546,31.87408,28.9594,25.619404,24.689198,20.840343,22.140024,16.88544,18.193422,16.358614,20.808374,24.500937,26.176722,23.603657,24.00993,26.063541,24.835783
13,26.097183,23.587902,20.591259,17.20122,15.817376,12.358648,11.587192,7.6919127,6.2403564,9.444359,9.312983,3.9203303,3.990415,0.0,5.045227,6.2007656,10.683009,12.523203,16.259342,19.338903,21.967573,25.505007,27.497446,31.210957,32.514988,32.74854,32.085125,28.768604,22.588728,21.297932,17.2667,17.346224,10.791213,10.927881,10.182344,8.646579,13.205929,14.169999,14.396142,15.689568,15.615499,18.926783,16.480831,22.097496,19.2859,25.062027,25.442486,29.384476,29.54424,34.58801,34.99081,37.245308,41.180065,40.374615,36.098225,36.352455,31.191862,32.59238,31.179071,29.986578,28.489223,31.06358,27.635769,31.222712,30.265411,33.347755,31.069798,28.03376,32.349567,33.591324,29.614902,27.581015,24.430475,24.772642,20.565111,17.93124,17.225214,16.920527,16.334482,19.451056,16.638426,14.7534075,18.24697,15.64441,18.24628,14.391666,20.424604,20.622946,23.882126,26.191776,29.248922,32.06249,30.977467,28.346441,24.773474,24.454008,20.288054,22.078377,16.640692,18.420092,17.278933,21.235188,24.83248,26.949358,23.72191,24.861643,26.563978,25.877256
14,21.288322,18.996092,15.673318,12.659901,11.446668,7.3991704,8.003923,4.867397,6.4508867,9.626841,12.06718,7.8810287,6.2858386,5.045227,0.0,4.8986573,7.031881,9.815903,13.0765705,16.217073,19.293573,22.20799,25.123299,28.27021,30.139801,30.132713,30.293827,27.255863,20.5997,19.744719,16.06135,15.925424,11.780097,9.955103,11.628129,10.346149,14.758062,16.026155,14.692261,14.890513,16.679338,18.648338,16.606855,21.757326,19.206142,24.383383,24.255718,28.101412,27.61514,32.973896,32.687088,34.965748,38.66798,37.6666,33.0977,33.551674,28.626976,30.464476,28.94335,28.405521,26.979086,30.434921,27.417446,31.32974,31.424719,33.774822,31.14021,28.698816,33.414898,34.06802,29.788843,28.482944,25.366943,26.65104,22.647137,20.22151,20.368336,19.999374,19.926569,23.02972,19.944353,17.61083,19.992624,16.73316,18.483446,13.987375,19.295483,18.167944,21.159952,23.122759,25.850252,28.613,27.031227,24.478893,20.65171,20.60321,16.909788,19.15951,14.301564,17.364603,17.387686,21.260687,24.882013,26.33649,22.30727,23.016676,24.017006,22.953953
15,21.4027,18.39273,16.279932,12.162427,10.722597,8.840196,6.999917,7.3751826,5.347772,10.022513,11.281373,8.03281,8.842409,6.2007656,4.8986573,0.0,5.4546776,6.353201,10.437563,13.169312,15.849672,19.387882,21.441326,25.119987,26.401333,26.590899,26.13741,22.923437,16.563364,15.428308,11.522457,11.856892,7.4679832,7.5044494,8.777491,9.426327,13.567486,13.619407,12.182759,11.805768,12.738443,14.192201,11.76946,17.022068,14.377546,19.720127,19.946432,23.861446,23.819248,29.095701,29.213966,31.71196,35.42655,34.900734,30.502388,31.122267,25.94637,27.698238,26.816631,25.684961,23.75442,27.157652,23.716757,27.419014,27.4529,29.536192,26.792425,24.242065,28.899078,29.369886,25.03429,23.626179,20.653742,21.942455,18.261547,15.7476225,16.507011,16.487562,17.039299,20.31284,17.719734,14.619598,17.18207,13.589798,14.744928,10.381766,15.604451,14.832894,18.248634,20.261845,23.482176,26.135386,25.267786,22.844345,19.24368,19.361729,14.988516,17.286606,12.059415,14.948439,15.536509,18.674608,22.084452,24.109661,19.714678,21.423111,22.37455,22.276003
16,16.223003,13.436688,11.717566,7.1387253,6.9808607,5.6094656,6.4420695,9.525729,9.893108,13.848454,16.365469,13.195494,12.973434,10.683009,7.031881,5.4546776,0.0,4.5744333,6.0633345,9.775772,12.52057,15.365765,18.379623,21.319754,23.504229,23.85089,24.294508,21.367235,14.922953,13.8129,11.25707,10.069852,9.931466,6.8496976,10.895677,11.52686,14.80272,15.2528925,12.147672,10.416607,13.925815,13.819531,12.734056,16.811502,15.370252,19.602856,19.614195,23.284609,22.613525,28.276056,27.533772,30.313189,33.51854,33.119095,28.337038,29.507088,24.662704,27.078953,26.45905,25.997763,23.90105,28.381166,25.300274,29.112219,30.196203,31.270857,28.082165,26.201431,31.04598,30.625074,25.933468,25.189968,22.720995,24.511953,21.715254,19.149485,20.846636,21.118404,22.071218,25.329245,22.807049,19.458134,21.31008,17.35855,17.361628,12.857901,16.412977,13.473491,16.629238,17.724203,20.6904,22.996265,21.632235,19.655258,15.507709,16.69378,13.011542,16.264473,12.285453,16.69262,18.66073,21.315811,24.50701,25.94774,20.57844,22.08133,21.929583,21.69314
17,17.103388,13.458622,12.79769,8.164349,6.6952486,8.338394,5.6189322,10.810053,9.63534,13.422344,15.649497,13.90071,14.6620245,12.523203,9.815903,6.353201,4.5744333,0.0,5.595353,6.8580384,9.989439,13.251548,15.722352,19.167122,20.48427,20.416246,20.519125,17.61698,10.850311,10.42215,7.1065383,8.279895,9.29404,8.97343,12.00651,13.949321,17.096182,16.488956,13.644573,11.204805,13.436079,11.846368,9.872693,13.645116,11.428242,15.439582,15.149645,18.867357,18.31885,23.890665,23.467371,26.212652,29.608809,29.32979,24.76288,25.83999,20.782217,23.0285,22.77358,21.914648,19.570047,24.046328,20.890846,24.656015,26.042774,26.814116,23.577139,21.890242,26.82644,26.328959,21.694492,21.361929,18.724821,21.31899,18.440653,16.53846,18.61884,18.722914,20.157835,23.229343,20.903204,17.213705,18.349447,14.2377205,13.414958,9.179943,11.979055,9.253346,12.708787,14.17893,17.517971,19.95892,19.304945,17.17447,13.61522,14.368016,9.989189,13.009089,8.930471,13.199601,15.874194,17.764616,20.68278,22.295776,16.671852,18.833473,18.664228,19.236374
18,13.947893,10.716086,11.6203785,6.508377,7.7941637,9.809042,10.019143,15.080912,14.785484,18.701756,20.958784,18.463823,18.8266,16.259342,13.0765705,10.437563,6.0633345,5.595353,0.0,5.3267517,6.8192573,9.698564,12.570876,15.337787,17.806055,18.673126,19.319702,16.57041,10.885614,9.38491,9.036399,6.459392,11.473388,8.790922,13.200753,15.108573,17.102423,16.724062,12.683883,9.18073,13.659567,11.042612,11.33868,13.447092,13.555687,16.240671,16.49886,19.757376,19.001406,24.760254,23.630684,26.911814,29.525272,29.84953,25.020346,26.915909,22.314047,25.167688,25.538948,25.064796,22.374075,27.54382,24.497467,27.984392,29.869005,29.735878,26.142483,24.86551,29.59165,28.143501,23.219873,23.06542,21.418089,23.556265,22.079214,19.619064,22.458817,23.215572,24.863731,28.06,26.088148,22.241713,23.624353,19.517546,18.111984,14.3454075,15.692712,11.219429,14.230976,14.1402,17.319195,18.93622,18.064806,16.919094,12.839255,15.354514,12.125659,15.882768,13.35227,18.080275,21.28753,22.762491,25.364538,26.797255,20.653704,22.855024,21.743095,22.388157
19,13.934119,9.84352,11.946284,8.004641,7.870933,12.196257,10.521753,16.81909,16.193056,19.370724,21.916386,20.713224,21.401415,19.338903,16.217073,13.169312,9.775772,6.8580384,5.3267517,0.0,4.4459662,6.569857,9.955995,12.701518,14.340397,14.117053,15.273448,13.052416,6.6497006,7.4594803,7.423719,8.352123,14.222786,13.44583,17.085922,19.525314,21.743273,20.7852,17.116564,13.395777,16.56023,12.344297,11.8458,12.637945,12.023454,13.190521,12.370624,15.293627,13.971203,19.77246,18.400139,21.607433,24.276552,24.54105,19.768282,21.708181,17.14992,20.118319,20.88654,20.48875,17.691906,23.292204,20.690126,24.161036,26.969208,26.113234,22.41933,21.899954,26.748766,24.985682,20.217697,21.15255,19.370716,22.866518,21.286411,19.919231,22.96336,23.307644,25.308569,28.143343,26.193249,22.27875,22.42996,18.367033,15.940884,12.918457,12.165837,6.630825,9.21522,8.8572035,12.258779,13.981376,13.708657,12.498967,9.1789665,11.523327,8.414817,11.995367,10.888291,15.5033045,19.659092,20.184244,22.27646,23.34206,16.850897,19.309847,17.63539,18.993952
20,15.699903,12.096223,15.24622,11.236479,12.014317,15.819996,14.587944,20.587357,19.464415,23.066334,24.938103,23.509771,24.533175,21.967573,19.293573,15.849672,12.52057,9.989439,6.8192573,4.4459662,0.0,4.7261405,5.9293356,9.325182,11.021378,12.23164,12.750523,10.331192,6.2534637,5.1973696,8.176901,7.05643,14.904199,14.204554,17.609373,20.520046,21.861116,20.484583,16.625408,12.502195,15.704559,10.4387455,11.4193535,10.429075,11.848001,11.841853,12.152955,14.612378,13.92248,19.459833,18.207165,21.962437,24.024155,25.255095,20.73516,23.248638,18.97368,21.962776,23.572475,22.810192,19.530409,25.024025,22.146332,25.054644,27.804743,26.312992,22.442204,22.012377,26.429617,23.938665,19.039598,19.888102,19.099657,21.989948,21.74307,20.034412,23.708628,24.653759,26.941614,29.818293,28.423552,24.305939,24.873667,20.944954,18.164385,15.785775,14.465609,9.4315605,11.742563,10.387517,13.856668,14.598848,15.137032,14.89915,12.085793,15.081025,12.457648,15.740864,14.851889,18.92985,23.057074,23.105501,24.850637,26.299553,19.845243,22.863424,21.04038,22.896822
21,13.201853,9.965811,14.364784,11.755041,12.973137,17.367188,16.78375,23.062113,22.73773,25.883905,28.455128,27.13821,27.729565,25.505007,22.20799,19.387882,15.365765,13.251548,9.698564,6.569857,4.7261405,0.0,6.134319,6.567499,9.693358,10.206408,12.784441,11.705278,8.712038,9.407901,12.317002,11.641675,19.41535,18.02115,21.914103,24.463211,25.837563,24.800034,20.669456,16.5011,20.3054,15.031391,16.086086,14.608316,15.959612,14.788546,14.170857,15.723109,13.9728365,19.281483,16.866537,20.565784,21.937153,23.105211,18.379002,21.383245,17.920963,21.375332,23.108334,23.140793,20.144556,26.191727,24.069187,26.975618,30.576136,28.448942,24.544806,24.882309,29.27071,26.374533,21.728498,23.389164,22.694832,26.152231,25.881363,24.551182,28.167637,28.874247,31.14493,33.91161,32.296562,28.27184,28.230682,24.30432,21.281347,18.984716,16.767187,10.901689,11.779587,9.058721,11.450542,11.393831,11.566707,12.268927,9.850239,13.72526,12.70532,15.952762,16.62995,20.998556,25.588148,25.432894,26.939785,27.685072,21.05864,23.51665,20.856739,22.568754
22,19.147781,16.018646,20.1284,16.731033,17.641253,21.687717,20.311077,26.4054,24.935446,28.472935,29.963339,28.871153,30.201239,27.497446,25.123299,21.441326,18.379623,15.722352,12.570876,9.955995,5.9293356,6.134319,0.0,5.1114535,5.5598755,8.677614,8.667472,7.105645,8.162344,7.328637,12.0643015,11.064718,19.281725,19.153624,22.032944,25.324125,25.983456,24.130308,20.440723,16.302904,18.786741,12.650475,14.515638,11.023079,14.056013,11.476962,12.341896,13.351408,13.081939,17.656042,16.335682,20.524757,21.597988,24.0207,20.099176,23.237404,19.700615,22.623365,25.299513,24.327122,20.71215,26.071945,23.39806,25.498642,28.705639,26.022121,22.074358,22.361574,26.080482,22.52271,17.924622,19.444681,19.873554,22.69695,23.869183,22.51908,26.680408,27.938444,30.566576,33.21636,32.36593,28.177235,28.482044,24.861288,21.451483,20.113478,17.417343,12.978464,14.260836,11.885397,14.820325,14.258119,16.067553,16.924587,15.357351,18.534101,16.725483,19.415005,19.500278,22.906477,27.289032,26.46308,27.524624,29.023413,22.72109,26.163515,23.926685,26.476904
23,17.892673,15.564307,20.450718,18.096582,19.534472,23.77563,23.172459,29.418869,28.666546,31.990347,34.073036,32.830288,33.738956,31.210957,28.27021,25.119987,21.319754,19.167122,15.337787,12.701518,9.325182,6.567499,5.1114535,0.0,5.4342923,8.325202,10.751687,10.88755,12.193932,12.238353,16.61877,15.332559,23.736582,22.693687,26.154388,29.075167,29.658272,28.205286,24.15203,19.9459,23.296907,17.402079,19.445938,16.115131,19.007797,16.083199,16.214302,16.471167,15.2763605,19.345747,16.85067,20.913069,20.973236,23.520132,19.567251,23.23266,20.673512,23.96923,26.715126,26.494024,23.193592,28.966467,26.940578,29.036175,32.876495,29.711784,25.791935,26.660738,30.297523,26.419918,22.13867,24.162073,24.662704,27.719137,28.858831,27.59867,31.704102,32.83858,35.40897,38.05897,36.9936,32.848557,32.84255,29.148441,25.67583,24.165287,21.114271,15.982232,16.32744,13.014547,14.709528,13.107846,14.585212,16.49562,15.349319,19.156204,18.630615,21.359552,22.474964,26.259949,30.949469,30.120483,31.078403,31.994278,25.56701,28.463305,25.555386,27.852688
24,22.276949,19.351343,23.89365,21.217573,21.843752,26.3822,24.610954,30.947876,29.407806,32.55623,34.085167,33.577587,35.028206,32.514988,30.139801,26.401333,23.504229,20.48427,17.806055,14.340397,11.021378,9.693358,5.5598755,5.4342923,0.0,5.1955557,5.7013607,6.935282,11.085161,11.744523,16.16258,16.368982,24.266134,24.628376,27.293266,30.728176,31.385975,29.323057,25.828554,21.74989,23.6855,17.348783,18.867027,14.551222,17.30578,12.9328,13.156453,12.454877,11.998524,15.124823,13.448523,17.68829,17.735159,21.069273,17.917973,21.439291,18.894182,21.640343,25.115837,24.206083,20.625822,25.822859,23.800991,25.257359,29.22997,25.44657,21.62121,22.92268,26.074734,21.793741,17.92308,20.553366,21.504396,24.91789,26.547329,25.971249,30.1808,31.283884,34.09847,36.416946,35.77041,31.66424,31.254808,27.941057,24.026775,23.515135,19.539658,15.618731,15.714134,12.78908,14.751318,13.127763,16.08795,17.669882,17.500639,20.358131,19.41315,21.380745,22.599886,25.416567,30.093384,28.483683,28.873625,30.055792,24.054678,27.548609,24.882347,27.960161
25,21.681896,18.508259,22.851377,20.903727,20.868362,25.917505,23.601866,30.117586,28.81791,31.31161,33.307842,33.442005,34.763355,32.74854,30.132713,26.590899,23.85089,20.416246,18.673126,14.117053,12.23164,10.206408,8.677614,8.325202,5.1955557,0.0,5.7845607,8.212432,10.544751,13.186064,16.38924,18.312902,25.587439,26.235888,29.018997,32.326477,33.66047,31.72308,28.296928,24.220234,26.04854,19.817793,20.224682,16.66073,17.764027,13.209822,11.661648,10.316651,8.38882,11.385983,8.654667,12.802655,13.057436,15.958996,12.736707,16.28493,14.124244,16.942938,20.543932,20.032223,16.778921,22.27262,21.05338,22.690569,27.505253,23.510984,19.799881,21.806667,25.255672,21.30892,17.817831,21.334093,21.45742,26.063656,26.67028,26.873913,30.699125,31.195284,33.94327,36.007782,35.02749,31.119987,29.792477,26.60766,22.475393,22.257244,17.39316,13.579416,12.501276,9.381854,10.548386,8.731639,12.509592,14.012132,15.025037,17.129852,16.882915,18.147415,20.45968,22.947384,27.909573,25.94128,26.023832,26.575815,20.714203,23.862293,20.833912,24.121479
26,25.579367,22.057287,25.94586,23.010336,22.729843,27.374655,24.425354,30.616772,28.356987,31.155907,32.156338,32.493828,34.42038,32.085125,30.293827,26.13741,24.294508,20.519125,19.319702,15.273448,12.750523,12.784441,8.667472,10.751687,5.7013607,5.7845607,0.0,3.8580713,9.800738,11.407788,14.873502,17.015993,23.696384,25.467716,27.328232,31.094793,32.090748,29.578192,26.742567,22.953,23.465624,17.171543,17.580008,13.072728,14.726054,9.175663,9.097893,7.382592,8.157329,10.399831,10.385566,14.527006,15.422712,18.907907,16.522005,19.37195,16.455555,18.403605,22.318695,20.563343,16.761587,21.181484,19.076254,20.006865,24.050993,19.90238,16.158836,17.835257,20.725307,16.36647,12.842305,16.256445,17.195,21.320093,22.8927,23.21031,27.259281,28.119194,31.076818,33.002113,32.658478,28.710094,27.782785,24.92948,20.704487,21.237059,16.507227,14.287873,14.262159,12.394025,14.739459,13.829627,17.604818,18.363516,18.847633,20.512617,18.965782,20.05695,21.14811,22.816349,27.301702,24.985172,24.849009,26.3307,20.932907,24.969563,22.817995,26.5386
27,24.71511,21.014034,24.502949,20.976309,20.689537,24.946907,21.954014,27.906681,25.365772,28.477566,29.151974,29.236807,31.296867,28.768604,27.255863,22.923437,21.367235,17.61698,16.57041,13.052416,10.331192,11.705278,7.105645,10.88755,6.935282,8.212432,3.8580713,0.0,7.327871,7.9256225,11.584203,13.519487,19.992012,22.00312,23.607674,27.459482,28.387074,25.783947,23.092234,19.425102,19.632076,13.37077,13.812315,9.225596,11.260442,6.1310663,7.3965545,7.374252,8.957309,12.383165,12.929927,16.986254,18.624443,21.535143,18.680874,21.222456,17.484444,19.430899,22.841957,20.776663,16.804825,21.123674,18.2559,19.527039,22.763777,19.44015,15.557423,16.258068,19.501245,15.586832,11.267624,13.755678,14.589666,18.249865,19.848623,19.703796,23.869366,24.952217,27.894169,30.011665,29.723507,25.667736,25.317167,22.327356,18.3378,18.597681,14.652126,12.598641,13.592391,12.326085,15.507249,15.305353,18.490774,18.737286,18.381172,20.090082,17.71451,19.16907,19.244238,21.033426,25.23027,23.31247,23.58931,25.555693,20.020693,24.281847,22.60972,26.113424
28,19.787361,15.658058,18.18907,14.576568,13.674635,18.011217,14.712542,20.826792,18.737576,21.680704,23.115107,23.093088,24.74971,22.588728,20.5997,16.563364,14.922953,10.850311,10.885614,6.6497006,6.2534637,8.712038,8.162344,12.193932,11.085161,10.544751,9.800738,7.327871,0.0,4.7576556,5.90319,9.722691,15.489908,17.089537,19.288776,22.665659,24.549683,22.556438,19.641651,15.999602,16.994406,11.511283,10.461067,9.066498,8.237305,6.9746356,6.014464,8.888567,8.607929,14.1393,13.9265785,17.421808,20.282373,21.404364,17.449823,19.361626,14.598307,16.958412,18.994352,17.42816,13.829391,18.98889,16.043503,18.83593,21.94146,20.213821,16.360401,16.266161,20.845263,18.574976,13.881335,15.59227,14.242985,18.566849,17.805296,17.42704,20.968702,21.41788,23.982458,26.38747,25.187477,21.14159,20.683496,17.099163,13.489419,12.444074,9.265027,5.702568,7.9539275,7.862952,11.911959,13.248297,15.084332,14.141008,12.839154,14.094648,10.858058,12.807273,12.220185,14.911989,19.295465,18.301048,19.475025,21.128828,14.925086,18.724705,17.270885,20.110167
29,20.64482,16.832245,19.27223,14.823325,14.693205,18.056492,15.514229,21.053284,18.629574,22.371418,23.125782,22.250408,24.086514,21.297932,19.744719,15.428308,13.8129,10.42215,9.38491,7.4594803,5.1973696,9.407901,7.328637,12.238353,11.744523,13.186064,11.407788,7.9256225,4.7576556,0.0,5.1391764,5.800339,12.630884,14.111748,16.058594,19.707022,20.91715,18.69841,15.718881,12.021135,12.962429,7.0327764,7.3943906,5.4556108,7.166383,7.4082646,9.105191,12.032183,12.809054,17.904785,18.038725,21.77484,24.291292,25.886358,21.965553,24.06936,19.355656,21.640013,23.59584,21.810318,18.156101,22.745987,19.178219,21.658657,23.686134,22.395517,18.599916,17.625956,21.816477,19.48571,14.488225,14.795964,14.217498,16.846212,17.095173,15.506843,19.494894,20.713987,23.281376,26.020647,25.195345,20.979303,21.803337,18.184525,15.204055,13.734832,12.390603,9.503237,12.431765,12.171358,16.151787,17.151106,18.6309,17.971207,15.799406,17.719374,14.150749,16.658627,14.836702,17.690037,21.373543,20.93957,22.44149,24.68571,18.7396,22.599628,21.548246,24.023901
30,21.189472,17.123592,18.219917,13.720135,12.463643,15.376364,11.679107,16.821478,13.899798,17.452593,18.114656,17.70517,19.728235,17.2667,16.06135,11.522457,11.25707,7.1065383,9.036399,7.423719,8.176901,12.317002,12.0643015,16.61877,16.16258,16.38924,14.873502,11.584203,5.90319,5.1391764,0.0,6.6469417,9.810673,12.481424,13.879836,17.350965,19.51916,17.452726,15.128845,12.181934,12.167012,8.149419,5.459529,7.4684567,4.8213634,8.430454,9.034951,12.864146,13.515659,18.678816,19.261261,22.363857,25.718933,26.409338,22.476892,23.771702,18.55406,20.399424,21.49247,19.496655,16.226482,20.325693,16.533089,19.59835,21.059372,20.985453,17.509148,15.870407,20.585268,19.515104,14.734928,14.6042795,12.480006,15.616799,13.957651,12.669706,15.949693,16.572031,18.934565,21.69529,20.444477,16.282907,17.03216,13.244999,10.69891,8.694711,8.790379,7.439766,11.135354,12.473177,16.508917,18.466455,19.483027,17.844942,15.547863,16.288612,11.811649,13.915279,10.762034,13.231701,16.47159,16.51527,18.491737,20.927944,15.2945385,19.064041,18.842775,21.028778
31,19.885607,16.55428,18.013437,12.919364,13.449774,15.204615,13.893109,18.383123,16.21611,20.62951,21.206427,19.049004,20.606916,17.346224,15.925424,11.856892,10.069852,8.279895,6.459392,8.352123,7.05643,11.641675,11.064718,15.332559,16.368982,18.312902,17.015993,13.519487,9.722691,5.800339,6.6469417,0.0,8.513911,8.595842,10.979183,14.384993,15.364161,13.558728,10.101956,6.305872,8.692601,4.605527,6.2188735,7.7069306,9.431287,12.401789,14.320801,17.628433,18.260902,23.540442,23.511261,27.129368,29.743273,30.959383,26.680702,28.652279,23.779373,26.154335,27.34407,25.797337,22.486197,26.882513,23.065914,25.862333,26.943409,26.729391,23.166983,21.359081,25.539566,23.90437,18.935474,17.92133,17.090925,18.105536,17.971115,14.988861,18.595959,20.175312,22.26474,25.454998,24.42822,20.298847,22.407936,18.632162,16.913786,14.237724,15.365126,12.523819,16.014677,16.095509,19.93627,21.22723,21.667463,20.759802,17.484224,19.658344,15.769862,18.870115,15.767952,19.187288,22.030294,22.79724,25.018227,27.416054,21.638111,24.970991,24.356993,25.958145
32,25.066061,21.832344,21.295422,16.309116,15.700427,15.172645,13.173078,14.726196,11.157549,15.8521,14.706272,12.0276785,14.4246235,10.791213,11.780097,7.4679832,9.931466,9.29404,11.473388,14.222786,14.904199,19.41535,19.281725,23.736582,24.266134,25.587439,23.696384,19.992012,15.489908,12.630884,9.810673,8.513911,0.0,6.347656,4.4498644,8.288126,10.4615555,8.417068,7.772064,7.789072,5.5635233,8.452527,6.564915,11.974485,10.793398,16.435385,18.301712,22.123001,23.267881,28.180986,29.064735,32.094814,35.528225,36.084408,32.030712,33.105927,27.781878,29.394426,29.653357,27.595669,24.82497,27.794823,23.529106,26.4038,25.653563,27.415098,24.60535,21.511187,25.49371,25.590773,21.197865,18.701136,16.787455,16.285982,14.4211,10.505242,12.543083,14.156298,15.480399,18.959877,17.91036,14.198717,17.998222,14.783351,15.136081,12.2583475,16.449163,16.26482,20.099258,21.643047,25.490967,27.582458,27.744104,25.916265,22.577782,23.408745,18.731142,21.070795,16.11126,18.164597,18.953863,20.82958,23.623917,26.668009,22.240082,25.294174,26.147858,27.202398
33,21.046783,18.58994,17.786467,12.909704,13.588609,11.988492,12.612832,14.086837,12.757477,17.482582,17.919647,13.853351,14.590032,10.927881,9.955103,7.5044494,6.8496976,8.97343,8.790922,13.44583,14.204554,18.02115,19.153624,22.693687,24.628376,26.235888,25.467716,22.00312,17.089537,14.111748,12.481424,8.595842,6.347656,0.0,5.15831,6.487128,8.468768,8.659709,5.351431,5.056309,8.4560375,10.701152,10.916652,15.171838,15.226965,19.97701,21.463367,25.17526,25.51944,30.966675,30.864817,34.08947,37.11236,37.52774,32.954132,34.427803,29.393574,31.64531,31.66218,30.454247,27.822052,31.763807,27.937265,31.183575,31.24298,32.508186,29.36942,26.810526,31.06262,30.57254,25.849976,23.927197,22.293983,22.168362,20.636314,16.804943,18.796745,20.181328,21.162018,24.678492,23.070114,19.61858,23.01397,19.430569,19.67328,15.856583,19.74406,17.623549,21.246468,22.073353,25.549568,27.42181,26.715162,25.202593,21.136698,22.813072,18.821846,21.974669,17.566149,21.063833,22.38929,24.802395,27.8478,30.184849,25.094906,27.43108,27.599207,27.932137
34,26.079412,23.398369,22.462347,17.599442,17.610662,15.878109,15.338158,15.6209755,12.892206,17.582588,16.34297,12.37578,14.164054,10.182344,11.628129,8.777491,10.895677,12.00651,13.200753,17.085922,17.609373,21.914103,22.032944,26.154388,27.293266,29.018997,27.328232,23.607674,19.288776,16.058594,13.879836,10.979183,4.4498644,5.15831,0.0,4.3161306,6.0637436,4.8681974,5.009328,7.302821,6.086903,11.026484,10.556296,15.412063,15.1032505,20.53316,22.563639,26.3431,27.384117,32.425137,33.083096,36.213776,39.506348,40.065075,35.82286,37.02091,31.758738,33.536896,33.606327,31.778906,29.109161,32.152763,27.923046,30.804903,29.794426,31.752748,28.991158,25.794386,29.57674,29.690542,25.319983,22.507027,20.919403,19.54908,18.074165,13.733639,15.1638775,16.99606,17.738548,21.270569,20.237717,17.03214,21.414389,18.423882,19.309877,16.167572,20.709866,20.064842,23.869087,25.177858,28.905317,30.908026,30.671862,28.958086,25.216913,26.370235,21.925375,24.545118,19.535929,21.897139,22.288265,24.678267,27.655739,30.603706,26.255556,28.949207,29.79297,30.398714
35,26.549757,24.362677,22.653484,18.269257,18.459492,15.49647,16.09434,14.875751,13.2030115,17.527666,16.590166,11.642654,12.463045,8.646579,10.346149,9.426327,11.52686,13.949321,15.108573,19.525314,20.520046,24.463211,25.324125,29.075167,30.728176,32.326477,31.094793,27.459482,22.665659,19.707022,17.350965,14.384993,8.288126,6.487128,4.3161306,0.0,4.60413,6.3873343,6.9519625,9.955596,10.189011,15.097248,14.664584,19.5882,19.049562,24.543056,26.24329,30.087751,30.802717,36.00919,36.396706,39.41267,42.75789,42.981266,38.553143,39.644943,34.44103,36.29673,35.90411,34.416775,32.054794,35.149395,31.117931,34.229298,33.156914,35.456364,32.77464,29.570559,33.449047,33.796303,29.454556,26.69845,24.868303,23.542442,21.566465,17.388748,18.039465,19.479418,19.602375,23.078691,21.63469,18.991402,23.481556,20.62322,22.112225,18.559639,23.635191,22.77821,26.468172,27.831629,31.32232,33.455715,32.70127,30.864967,26.852247,27.939238,23.73931,26.420547,21.320612,23.873411,23.808327,26.840117,30.087152,32.756863,28.601759,30.716412,31.672554,31.67308
36,28.609823,26.657253,25.547073,21.001568,21.760191,19.120726,20.049797,19.387518,17.6391,22.05575,20.772015,16.012875,16.970673,13.205929,14.758062,13.567486,14.80272,17.096182,17.102423,21.743273,21.861116,25.837563,25.983456,29.658272,31.385975,33.66047,32.090748,28.387074,24.549683,20.91715,19.51916,15.364161,10.4615555,8.468768,6.0637436,4.60413,0.0,4.014673,5.6193027,9.734894,9.782184,15.291752,16.034838,20.150139,20.800365,25.896755,28.208382,31.883516,32.902267,38.022346,38.468243,41.7702,44.820316,45.523426,41.118446,42.534534,37.372543,39.34354,39.3687,37.72862,35.06089,38.214813,33.972004,36.777615,35.540268,37.54226,34.788227,31.519493,35.024933,35.015934,30.668585,27.54277,26.449448,24.19111,23.411608,18.768772,19.86656,21.970522,22.282267,25.719858,24.890411,22.178867,26.964521,24.197163,25.338297,22.109264,26.698603,25.586674,29.333187,30.291534,33.89642,35.68756,35.130424,33.666977,29.594154,31.187141,27.062681,29.95753,25.067162,27.700365,27.865911,30.55354,33.613327,36.509384,32.165432,34.621853,35.360233,35.62436
