,0,1,2,3,4,5,6,7,8,9,10,11,12,13,14,15,16,17,18,19,20,21,22,23,24,25,26,27,28,29,30,31,32,33,34,35,36,37,38,39,40,41,42,43,44,45,46,47,48,49,50,51,52,53,54,55,56,57,58,59,60,61,62,63,64,65,66,67,68,69,70,71,72,73,74,75,76,77,78,79,80,81,82,83,84,85,86,87,88,89,90,91,92,93,94,95,96,97,98,99,100,101,102,103,104,105,106,107,108,109,110,111
0,0.0,4.340678,7.083424,10.197268,11.587098,14.5991745,16.403616,21.247086,23.427322,26.688196,30.46681,34.770596,32.39567,31.640764,27.37917,25.782402,22.06971,22.003353,16.847746,15.475285,15.477797,12.901294,15.264108,17.412823,17.883585,21.48427,19.517277,22.146141,19.67541,20.222048,22.378195,20.999218,28.210674,24.117548,28.867916,28.181267,30.75186,31.82908,28.292694,26.219505,29.593798,26.692108,27.370672,27.930761,26.684517,26.178844,28.462841,27.668356,24.778053,29.42183,29.481997,25.515474,28.980667,32.892532,29.56441,27.76473,33.21371,33.75535,30.868969,32.09156,37.741295,35.72735,33.996082,37.63704,40.927864,38.87725,37.968903,34.315094,34.262,35.437244,31.567898,33.54263,34.270927,31.41051,36.45298,32.806087,38.37451,37.23665,38.43109,42.358326,38.652298,33.766033,33.104115,31.396048,27.580385,26.189146,26.555481,23.116415,19.380783,20.422583,19.838778,15.6036005,15.952156,17.047266,14.231489,14.761684,15.447953,18.627018,18.624989,22.728643,22.69859,26.508078,26.551111,31.473425,35.97969,32.608963,29.56236,26.350632,22.316763,21.51281,17.412167,17.028606
1,4.340678,0.0,4.3614573,6.843554,7.502187,10.523189,12.157234,16.935923,19.123178,22.381128,26.16528,30.47107,28.081825,27.310303,23.099743,21.471022,17.826822,17.8155,13.158645,11.905498,12.522166,10.737918,13.852849,16.287554,17.916533,20.755447,18.57646,20.538912,17.130272,17.670862,18.896475,17.291784,24.216532,20.201437,24.847088,24.165848,26.988663,28.034834,24.73631,22.789192,25.908405,23.518072,23.826714,24.832314,24.432259,23.687443,26.696123,26.190563,23.73481,27.922644,27.479939,23.545242,27.506634,30.89487,27.135052,26.007875,31.230669,31.198704,28.354536,30.022491,35.45815,32.908504,31.6473,35.429817,38.440453,36.124706,35.552303,32.33034,31.693237,32.57975,28.508562,30.292856,30.673815,27.811697,32.664936,29.003801,34.61435,33.32148,34.861233,38.77683,35.373745,30.32967,29.878613,27.847433,23.940983,23.040642,23.350943,19.45689,15.991407,17.740875,17.133064,13.004758,14.260017,14.888035,13.409541,13.142793,13.80695,16.374475,15.782959,19.50225,19.088148,22.938795,22.673574,27.584478,32.105156,28.579105,25.503365,22.562191,18.34151,17.623325,13.652051,13.248443
2,7.083424,4.3614573,0.0,4.963291,7.6377645,8.225811,12.192144,15.921674,18.70889,21.805277,25.568321,29.97598,26.914778,25.906693,21.440605,20.131233,16.037903,16.89475,10.948652,11.558414,11.110744,10.264237,14.362024,15.772726,17.383806,20.235027,19.163952,19.954447,17.149397,16.379923,18.31038,15.171984,22.315384,17.518995,22.319687,21.419062,23.800709,25.083517,21.650854,19.906645,23.620365,21.362982,22.574253,23.954102,23.743382,23.726107,26.461298,26.79535,25.137785,29.099897,28.097883,24.891953,29.351387,32.17053,28.496233,28.282019,33.211296,32.78515,30.42255,32.46159,37.478218,34.76351,34.19551,38.050488,40.8641,38.50652,38.388596,35.574753,34.516766,35.072235,30.83497,32.191395,32.062546,28.964998,33.43915,29.383917,34.95794,32.757927,34.81193,38.275146,35.15337,29.993752,30.0446,28.169888,24.052479,23.549389,24.846495,20.487276,16.988836,19.595478,19.57061,15.648941,17.620176,18.324888,17.524487,16.95771,17.35108,19.474497,18.651392,21.708195,20.866076,24.66868,23.750511,28.614658,33.098583,29.150888,26.092932,23.519804,19.316082,18.314444,14.977654,13.488553
3,10.197268,6.843554,4.963291,0.0,4.5311675,6.2416863,9.258425,14.076204,15.80818,19.586975,22.436485,27.11776,24.733196,23.157429,19.35742,17.069098,13.061463,13.078084,6.6910443,6.8660254,6.2296386,6.0864224,10.583923,12.043363,14.781446,16.634123,15.4251,15.613798,12.403889,11.609834,13.461778,10.85108,18.274284,14.306337,19.110039,19.168762,21.302006,21.930172,18.28929,16.102243,19.41672,16.806509,17.78262,18.998817,18.95996,18.902655,21.877308,22.452215,21.313944,24.871046,23.506168,20.65432,25.45095,27.785568,24.163193,24.6594,29.263165,28.59672,26.692924,28.974781,33.567142,30.957783,30.985558,34.837418,37.5599,35.480946,35.93517,33.596222,32.49196,32.66076,28.468464,29.09428,28.844404,25.286953,29.707153,25.254202,30.737795,28.340199,30.164934,33.528255,30.290756,25.176184,25.267357,23.670303,19.532486,18.90584,21.000544,16.737438,12.889946,15.864461,16.592318,13.031601,15.726795,17.119722,17.348381,17.179152,18.316435,19.892159,17.820412,20.849558,18.866652,22.853596,20.862047,26.055277,30.75619,27.12299,23.915457,22.541967,17.606207,17.66575,14.571187,13.986546
4,11.587098,7.502187,7.6377645,4.5311675,0.0,5.9028344,5.3003407,11.314824,12.390003,16.330797,19.26114,23.828264,22.046148,20.748299,17.247198,14.662075,11.303066,10.450247,7.1560965,5.114924,7.498,7.7894354,11.308219,13.967197,17.485682,18.551844,16.08177,16.733803,11.802691,12.570487,11.860756,10.7266245,17.10965,14.105982,18.446642,18.593048,21.536861,21.985487,18.966879,16.928568,19.1692,17.34755,16.736013,18.226315,19.187578,18.003263,22.10962,22.104033,20.640408,23.799631,22.4734,18.936434,23.659943,25.93892,21.723782,22.069323,26.626936,25.670506,23.305935,25.72281,30.459188,27.352764,27.223446,31.13098,33.69649,31.324718,31.685823,29.45573,28.086426,28.244364,24.006262,24.836823,24.642365,21.359962,25.91149,21.88109,27.47896,25.843966,27.634941,31.464071,28.370073,23.186602,23.031874,20.771063,16.737837,16.468607,17.323326,12.854379,9.564581,12.734422,12.811135,9.525394,12.627663,13.294061,14.529016,13.852193,15.107888,16.14271,13.58272,16.489418,14.346788,18.364794,16.578545,21.783388,26.513186,23.082304,19.83715,18.49935,13.3526535,13.895438,10.678948,11.151467
5,14.5991745,10.523189,8.225811,6.2416863,5.9028344,0.0,6.6736517,8.476738,11.396903,14.349692,17.840864,22.26455,19.02749,17.752665,13.439425,12.0324135,7.8510528,9.576035,5.51716,8.223248,9.124282,11.16906,15.522906,16.922894,20.299578,21.341011,20.166492,19.332323,15.104932,13.999277,13.318626,8.898183,14.793595,9.984784,14.503518,13.669588,16.651602,17.823471,15.112867,13.886897,16.850218,16.262552,16.655817,19.274145,21.191734,20.81944,24.808588,25.84767,25.304644,28.019983,25.984194,23.319527,28.431866,29.920341,25.664413,27.032259,31.097061,29.465126,27.504318,30.36774,34.571377,30.905388,31.520271,35.454258,37.566093,34.819145,35.52153,33.78312,31.618689,31.453457,27.031824,27.681698,26.630371,23.560635,27.23901,23.129808,28.570738,25.737309,28.708235,31.917551,29.64631,24.287455,24.99858,22.537498,18.381708,19.301764,20.77691,15.659059,13.416809,17.51633,17.729475,15.029817,18.326914,18.23979,19.79863,18.27241,18.599361,19.15153,17.162317,18.662006,16.717453,20.16432,18.141027,22.662487,26.991829,22.738153,19.741817,18.430109,14.10037,13.525847,11.706193,10.0521345
6,16.403616,12.157234,12.192144,9.258425,5.3003407,6.6736517,0.0,7.0803676,7.18205,11.244007,14.127502,18.594938,17.182413,16.03278,13.002855,10.155887,7.836608,6.3851876,7.969115,6.3927794,10.126066,11.794568,14.711391,17.4101,21.598846,21.700426,18.954416,18.924788,12.967073,14.127168,10.486615,9.856069,14.051926,12.116128,15.537349,15.760603,19.398739,19.683226,17.620077,16.094255,17.123768,16.829136,14.796278,17.170834,19.859983,17.97323,23.14645,23.259308,22.291115,24.45973,22.62945,19.184395,24.013529,25.440928,20.633787,21.799324,25.684225,23.828516,21.413694,24.368547,28.646904,24.618351,25.077616,29.01658,31.015917,28.159616,28.889635,27.368574,25.108189,24.843729,20.458292,21.074606,20.28184,17.308332,21.416737,17.731373,23.340086,21.880352,24.261162,28.223068,25.800318,20.518337,20.629133,17.4958,13.591437,14.660844,14.561367,9.369675,8.080834,12.178107,11.820716,10.085394,13.717507,13.128346,16.112753,14.500215,15.440549,15.1694765,11.928206,13.380323,10.474749,14.181968,11.871145,16.851524,21.50875,17.959547,14.708792,14.146965,8.794772,10.087457,8.104078,9.314593
7,21.247086,16.935923,15.921674,14.076204,11.314824,8.476738,7.0803676,0.0,5.0912795,6.0710425,10.763371,14.517726,11.152777,10.812738,6.5915337,6.2923403,5.182975,7.3363776,11.13451,12.487775,15.232301,17.791058,21.23841,23.267609,27.410662,27.434473,25.417137,24.403027,18.833334,18.835491,14.599565,11.713963,12.909531,10.267783,12.295731,10.917103,15.597988,16.700644,16.15233,16.04654,16.729456,18.702837,16.845953,20.496008,24.507973,22.997906,28.31411,29.131256,28.821846,30.4156,28.016272,25.204681,30.12643,30.729692,25.754494,27.731138,30.939686,28.245052,26.036814,29.390732,33.030544,28.08903,29.216751,33.05018,34.285442,30.734829,31.690607,30.874321,27.440006,26.80747,22.369755,23.049654,21.109325,19.120209,21.73008,18.780529,23.900045,21.645052,25.583853,28.9805,27.908173,22.659176,23.650951,19.89209,16.400637,19.109331,18.707064,13.378923,14.077217,18.40316,17.745049,16.748295,20.201061,18.44513,21.784956,19.089834,18.852917,17.675615,15.432986,14.483788,12.424859,14.567682,12.683002,15.814258,19.526978,14.800543,12.134281,11.544126,8.378744,7.8600006,9.044906,8.073482
8,23.427322,19.123178,18.70889,15.80818,12.390003,11.396903,7.18205,5.0912795,0.0,4.807263,7.0571876,11.44919,10.53922,9.433795,7.9135575,4.725954,6.221358,4.9186378,12.015104,11.887688,15.280079,17.922789,20.460606,22.744123,27.356316,26.543417,24.019678,22.965637,16.896107,17.785574,11.912357,11.425756,10.991779,11.182563,12.283708,12.688157,16.891602,16.876709,16.537865,16.036245,15.24021,17.34866,13.960729,17.47313,22.13723,19.935974,25.77209,26.349176,26.282122,27.164059,24.63315,21.941038,26.703016,26.762884,21.67254,24.170475,26.799395,23.711363,21.741953,25.320662,28.475924,23.36138,25.024832,28.77296,29.782032,26.391066,27.891312,27.652378,24.138838,23.065887,18.770466,18.636229,16.505085,14.203281,16.768208,13.705667,18.875484,17.148327,20.78973,24.49471,23.425434,18.310526,19.14471,15.06172,11.895615,15.115907,14.342702,9.274379,11.259771,15.449429,15.053595,15.194801,18.787365,17.308334,21.496387,19.255648,19.724087,18.109829,14.716815,13.619769,10.040861,12.052418,8.473499,12.048148,16.20233,12.297531,9.297186,11.19509,7.096912,9.256551,10.494301,11.610301
9,26.688196,22.381128,21.805277,19.586975,16.330797,14.349692,11.244007,6.0710425,4.807263,0.0,5.9003263,8.683259,6.4514813,6.9963026,5.7248173,5.8176017,8.6493435,9.245815,15.874978,16.490671,19.667957,22.395763,25.173119,27.373482,31.903505,31.20262,28.814405,27.619942,21.669283,22.263206,16.447432,15.158401,13.185806,13.204788,13.050307,12.311395,17.025002,17.521906,18.326103,18.666786,17.62429,20.852793,17.61647,21.492113,26.572557,24.442398,30.30473,31.002676,31.002804,31.691711,29.078522,26.477102,31.0723,30.884382,25.724989,28.258303,30.57159,27.151934,25.089565,28.705275,31.582827,25.934961,27.68259,31.264544,31.750088,27.832092,29.242489,29.385374,25.14101,23.948305,19.792343,20.013706,17.268562,16.199606,17.5362,15.705548,20.147001,18.497398,22.930157,26.311827,26.180735,21.37122,22.516476,18.115826,15.610774,19.352304,17.883272,13.2853985,15.924685,19.866896,19.00093,19.333061,22.670855,20.394516,24.679092,21.796713,21.575901,19.417515,16.816864,14.280241,11.831058,12.366043,10.090332,11.371081,14.36174,9.547602,7.3888116,9.3762865,7.9876566,8.821586,11.851756,12.210888
10,30.46681,26.16528,25.568321,22.436485,19.26114,17.840864,14.127502,10.763371,7.0571876,5.9003263,0.0,4.906785,6.9858565,5.4959116,8.590037,6.5067706,10.788606,9.786619,17.59999,17.846083,20.864557,23.899338,25.968067,27.894203,32.734264,31.12534,28.820374,27.040297,21.307371,22.053978,15.363043,15.564337,11.081422,14.010606,12.413287,13.558447,17.198706,16.472872,17.848253,18.152525,15.470428,19.343779,15.07725,18.90822,24.780869,22.46259,28.419315,29.352764,30.102865,29.815058,26.790613,25.02096,29.465534,28.226288,23.333244,26.961233,28.2467,24.204397,23.037903,26.939281,28.694193,22.998507,25.946712,29.254492,29.254812,25.740408,28.170866,29.277693,24.988958,23.066706,19.404034,18.059916,14.644792,13.220735,13.240296,11.240562,14.96391,12.910292,17.741846,20.82516,21.352215,17.000763,18.51457,14.140544,12.578234,17.05465,16.176842,12.660957,16.080929,19.752928,19.643469,20.910072,24.357897,22.769968,27.505476,25.24184,25.662403,23.406023,19.95071,17.606195,13.959705,14.111705,9.840758,10.489569,13.209882,10.018331,8.414376,13.433803,11.666639,14.015453,16.559185,17.65861
11,34.770596,30.47107,29.97598,27.11776,23.828264,22.26455,18.594938,14.517726,11.44919,8.683259,4.906785,0.0,6.692017,7.0604362,11.244284,10.886469,15.230841,14.672843,22.40555,22.681442,25.765085,28.76284,30.764738,32.76468,37.623062,35.927612,33.521423,31.771347,26.033007,26.886692,20.08958,20.34429,15.156874,18.212986,15.829478,16.477436,20.004122,19.39237,21.600727,22.351303,19.30903,23.721258,19.372469,23.110048,29.201246,26.730421,32.72514,33.568874,34.346138,33.700867,30.70417,29.003435,33.08699,31.520792,26.677603,30.298977,31.060928,26.71792,25.562546,29.40515,30.640013,24.547152,27.663452,30.629301,29.958874,26.091217,28.622341,30.37127,25.497786,23.3028,20.145195,18.80365,14.868631,14.929935,13.274582,13.22282,15.4544,14.262732,19.307104,22.004856,23.556946,19.94441,21.493122,17.03492,16.43261,21.019384,19.321432,16.566824,20.512104,23.7916,23.3245,24.96992,28.167538,26.067497,31.00847,28.433409,28.545378,25.834404,22.76069,19.504478,16.543154,15.447526,12.271748,10.432029,11.178522,8.5715275,8.732825,14.3100815,14.390282,16.35405,19.634073,20.703592
12,32.39567,28.081825,26.914778,24.733196,22.046148,19.02749,17.182413,11.152777,10.53922,6.4514813,6.9858565,6.692017,0.0,3.939321,6.0221357,8.61325,12.225117,13.782659,20.142473,21.777418,24.35448,27.554077,30.46318,32.12475,36.67334,35.66799,33.877205,31.881693,26.4573,26.316944,20.609772,18.55211,14.236743,14.947811,12.709201,11.552089,15.704561,16.285458,18.692818,20.063694,18.333576,22.992228,20.113472,24.407679,30.128181,28.43858,34.08604,35.402245,36.093987,36.25052,33.173737,31.368748,36.018288,35.035442,30.125835,33.461956,35.092022,31.149,29.724627,33.5351,35.550575,29.690086,32.25609,35.571503,35.431824,31.459843,33.39032,34.290337,29.562336,27.923525,24.206211,23.814583,20.310497,19.798788,19.36127,18.134113,21.284313,18.629498,24.108473,26.457222,27.640394,23.35663,25.232218,21.057255,19.23149,23.566828,22.73892,18.668503,21.518166,25.554005,25.038298,25.594759,29.01219,26.787762,31.125425,28.156431,27.714373,25.389229,23.076277,19.98533,17.819803,17.474985,15.130171,14.592708,15.862488,11.343221,10.93929,13.85372,14.167529,14.396216,17.933643,17.487873
13,31.640764,27.310303,25.906693,23.157429,20.748299,17.752665,16.03278,10.812738,9.433795,6.9963026,5.4959116,7.0604362,3.939321,0.0,5.4557714,6.218545,10.193347,11.445491,17.858345,19.687738,21.93606,25.380323,28.140816,29.471212,34.083134,32.755077,31.278242,28.84322,23.760073,23.314554,17.682775,15.647799,10.485881,12.125776,9.379557,9.466946,13.089188,13.007702,15.382724,16.673252,14.515334,19.370829,16.544947,20.922516,26.77054,25.354113,30.799994,32.446674,33.56444,33.529095,30.209227,28.907087,33.723427,32.4311,27.769394,31.620447,33.089355,29.106201,28.192791,32.11035,33.85097,28.336523,31.362646,34.710747,34.72887,31.2095,33.55969,34.51497,30.146013,28.34659,24.604416,23.531404,20.05645,18.657982,18.349985,16.11943,19.36121,15.696201,21.316404,23.388731,24.456589,20.10394,22.26669,18.488333,16.540329,20.916111,21.152487,17.118744,19.623314,23.828451,23.923729,24.4788,28.118422,26.565659,30.876633,28.370989,28.378668,26.3616,23.486198,21.100893,18.104467,18.421637,14.866846,15.351392,17.357895,13.360608,12.29356,15.8983135,14.789709,15.712702,18.56703,18.28512
14,27.37917,23.099743,21.440605,19.35742,17.247198,13.439425,13.002855,6.5915337,7.9135575,5.7248173,8.590037,11.244284,6.0221357,5.4557714,0.0,5.024809,6.942303,9.988636,14.801813,17.270882,19.356756,22.62067,26.013615,27.389832,31.679966,31.123041,29.760977,27.685581,22.619883,21.84078,17.21073,13.678968,11.249127,9.737981,8.941441,6.91293,11.820074,13.024799,14.34633,15.514875,15.152438,19.08138,17.314596,21.662859,26.707685,25.591713,30.834862,32.388824,32.98671,33.809437,30.78307,28.92739,33.96698,33.53555,28.734911,31.829453,34.18301,30.762074,29.283602,32.999348,35.65467,30.348206,32.53489,36.160507,36.73313,33.096096,34.76042,34.86038,30.786795,29.55032,25.394936,25.254026,22.355581,20.72267,21.700165,19.04197,23.21733,19.789637,24.909458,27.384727,27.570124,22.681192,24.522522,20.801521,17.936161,21.65933,21.906662,17.029821,18.572845,23.064821,22.872252,22.529154,26.14313,24.450802,28.170986,25.441154,25.09982,23.497183,21.21598,19.263153,16.959457,17.980604,15.348181,16.879812,19.519863,14.659532,12.9742985,14.308014,12.880875,12.559242,15.101392,13.8106985
15,25.782402,21.471022,20.131233,17.069098,14.662075,12.0324135,10.155887,6.2923403,4.725954,5.8176017,6.5067706,10.886469,8.61325,6.218545,5.024809,0.0,4.4242234,5.4515576,11.865806,13.517488,15.858368,19.20362,22.082472,23.54015,28.112907,27.069641,25.472435,23.361135,18.102758,17.733418,12.406406,10.103212,7.5570292,7.887095,7.775432,8.468138,12.451578,12.370822,12.721775,12.940677,11.893617,15.260946,12.654068,16.875408,22.042562,20.669506,26.077387,27.531872,28.284979,28.877312,25.79583,24.080751,29.147337,28.559593,23.84704,27.23256,29.453672,26.066439,24.87747,28.641764,31.157064,26.176546,28.615992,32.26005,33.038647,29.851555,31.848658,31.997435,28.363056,26.987522,22.86248,22.08584,19.42691,16.931274,18.458765,14.926348,19.506834,16.05722,20.651922,23.443815,23.030268,17.968897,19.661886,16.098885,13.0094795,16.679504,17.514547,12.736835,14.188798,18.711319,19.03876,18.998144,22.780071,21.768314,25.698189,23.585148,23.958536,22.526377,19.344587,18.166761,14.732356,16.400488,12.439219,15.16694,18.682814,14.605276,12.217644,14.702445,11.553575,12.81307,14.403371,14.309089
16,22.06971,17.826822,16.037903,13.061463,11.303066,7.8510528,7.836608,5.182975,6.221358,8.6493435,10.788606,15.230841,12.225117,10.193347,6.942303,4.4242234,0.0,4.6726537,7.943163,10.6298275,12.419856,15.777882,19.22365,20.46001,24.74345,24.25894,23.02382,20.99023,16.11348,15.114083,11.31551,7.140617,8.304432,5.3501744,7.98477,8.048172,11.791898,12.285006,11.198144,10.913805,11.712129,13.74686,12.568483,16.482285,20.652014,19.844477,24.748117,26.313078,26.83348,28.139454,25.250988,23.386147,28.668076,28.70982,24.180326,27.08439,29.96745,27.167372,25.835995,29.362282,32.44404,27.990122,29.908073,33.707058,35.00587,32.0384,33.663174,33.147392,30.041819,29.06469,24.759302,24.400253,22.310846,19.3814,21.795616,17.754864,22.72989,19.156841,23.179546,25.989147,24.824966,19.528868,21.007404,18.00151,14.256282,16.936718,18.506638,13.340016,13.23334,17.970245,18.48037,17.483128,21.29995,20.732622,23.938139,22.046637,22.445675,21.687767,18.780073,18.579527,15.479041,17.994736,14.521061,18.186335,22.11165,17.865236,15.154285,16.153517,12.274569,12.831767,13.293578,12.487726
17,22.003353,17.8155,16.89475,13.078084,10.450247,9.576035,6.3851876,7.3363776,4.9186378,9.245815,9.786619,14.672843,13.782659,11.445491,9.988636,5.4515576,4.6726537,0.0,8.080241,8.332594,11.107152,14.227361,16.755484,18.490934,23.185427,22.09573,20.119799,18.429197,12.804275,13.047161,7.549788,6.7765784,7.9115853,8.200831,10.338379,12.000936,15.12733,14.555901,13.139442,11.911221,11.487887,12.630465,9.745663,13.217656,17.60899,15.997269,21.452818,22.549833,23.000662,23.970545,21.149214,19.090763,24.27914,24.21344,19.567654,22.608595,25.321577,22.501461,21.243343,24.805475,27.796072,23.49908,25.529646,29.303432,30.69984,28.041103,29.891165,29.505924,26.71296,25.609936,21.442953,20.601463,18.818914,15.347963,18.303972,13.871058,19.13824,16.293287,19.49523,22.85274,21.122108,15.765325,16.790731,13.695818,9.802265,12.3924465,13.969256,8.97257,9.094338,13.790076,14.635617,14.287528,18.189898,18.066286,21.718678,20.34324,21.40048,20.539915,16.79082,17.045153,13.008217,15.828947,11.428955,15.871649,20.283894,16.903156,13.885346,15.86303,11.036119,13.150062,13.066776,13.852879
18,16.847746,13.158645,10.948652,6.6910443,7.1560965,5.51716,7.969115,11.13451,12.015104,15.874978,17.59999,22.40555,20.142473,17.858345,14.801813,11.865806,7.943163,8.080241,0.0,5.4751787,4.9123445,8.411385,12.378357,13.0178585,16.961294,17.041353,16.421532,14.52097,10.817418,8.791279,8.99887,4.231453,11.697301,8.110559,12.777918,13.757679,15.511104,15.588808,12.057681,9.850163,12.795502,11.038676,12.00192,14.228877,15.938589,16.11436,19.756292,21.38572,21.680182,23.988937,21.53357,19.771963,25.152458,26.072874,22.3109,24.5551,28.190594,26.522232,25.416622,28.386173,31.980597,28.882246,30.21437,34.045055,36.197956,34.079296,35.44927,34.114037,32.27346,31.731682,27.520727,27.151127,26.088387,22.23723,25.843023,20.946829,26.158213,22.702864,25.204027,28.040585,25.415335,20.18228,21.04215,19.441046,15.244175,15.704083,18.963076,14.370112,11.40267,15.61752,17.08645,14.833258,18.434526,19.575377,21.406456,20.80879,21.965225,22.488066,19.504454,21.34416,18.220238,21.838457,18.422611,23.36305,27.93166,24.259592,21.148537,21.390833,16.374308,17.132166,15.430254,14.8863735
19,15.475285,11.905498,11.558414,6.8660254,5.114924,8.223248,6.3927794,12.487775,11.887688,16.490671,17.846083,22.681442,21.777418,19.687738,17.270882,13.517488,10.6298275,8.332594,5.4751787,0.0,4.378393,6.1345882,8.825412,11.12686,15.571506,15.327255,12.961707,12.612535,7.1696963,8.127947,6.9942994,7.580717,13.948792,12.478548,16.487448,17.942314,20.175983,19.75631,16.507812,13.939631,15.507696,13.038017,12.084016,13.157313,14.273155,13.105829,17.423777,17.84987,17.267107,19.808107,17.938696,15.136243,20.3138,21.858383,17.8862,19.369894,23.38475,22.16767,20.650488,23.342813,27.38147,24.618628,25.383236,29.207966,31.682968,29.831762,30.978165,29.366787,28.09289,27.746225,23.713715,23.417849,23.068876,19.053106,23.455427,18.726408,24.126596,22.05157,23.431885,27.028677,23.676098,18.566133,18.48648,16.84965,12.754581,12.112524,14.692968,10.644596,6.6037526,10.336468,11.939509,9.673902,13.291297,15.05082,17.030106,17.076574,18.950346,19.55153,15.972455,18.639296,15.197809,19.167704,15.849667,21.327816,26.208586,23.288477,19.993465,20.312727,14.71338,16.453238,13.978574,15.020037
20,15.477797,12.522166,11.110744,6.2296386,7.498,9.124282,10.126066,15.232301,15.280079,19.667957,20.864557,25.765085,24.35448,21.93606,19.356756,15.858368,12.419856,11.107152,4.9123445,4.378393,0.0,3.9964156,7.616487,8.198056,12.367262,12.40743,11.62148,10.228345,7.1783442,5.44286,8.490916,7.2208834,14.70179,12.48318,16.858704,18.461218,19.720034,19.27522,15.294928,12.370012,15.038659,11.356308,12.473752,13.064724,12.863371,13.246421,16.115992,17.392834,17.416973,20.245672,18.237522,16.458376,21.67262,23.124922,19.946192,21.697123,25.616268,24.696424,23.788048,26.317842,30.066196,27.895004,28.891796,32.610878,35.205933,33.707737,35.00522,33.349407,32.328907,31.960703,28.003166,27.46123,27.047543,22.795044,26.954567,21.835312,26.966578,24.044004,25.386744,28.367887,24.86555,19.951466,20.182104,19.436691,15.403129,14.350684,18.308428,14.660559,10.42042,13.582877,15.74202,13.192769,16.393776,18.765713,19.935434,20.389069,22.215675,23.251621,20.01362,22.834854,19.549343,23.500282,20.03161,25.431812,30.25825,27.180496,23.931343,24.244804,18.785486,20.089594,17.606487,17.858322
21,12.901294,10.737918,10.264237,6.0864224,7.7894354,11.16906,11.794568,17.791058,17.922789,22.395763,23.899338,28.76284,27.554077,25.380323,22.62067,19.20362,15.777882,14.227361,8.411385,6.1345882,3.9964156,0.0,4.7104163,6.254027,9.838326,10.893073,9.393208,9.894092,7.580048,7.4204936,11.161568,11.1878805,18.555578,16.34199,20.794287,22.165071,23.580925,23.252287,19.207323,16.248737,18.91226,14.804433,15.717413,15.492626,13.917147,14.069494,16.257631,16.655296,15.67911,19.374525,18.207338,15.797212,20.513756,22.901793,20.036278,20.651207,25.114595,24.967371,23.733421,25.735712,29.98543,28.379684,28.632324,32.28452,35.276173,34.02398,34.882786,32.69081,32.305454,32.302414,28.487202,28.31723,28.47848,24.295738,28.934364,24.038082,29.210022,26.996819,27.704723,30.974205,26.997534,22.324665,21.979727,21.441439,17.602423,15.680466,19.06993,15.987167,11.206462,13.155583,15.162532,12.015562,14.50565,17.54274,17.76149,18.914927,21.03566,22.624962,19.650913,23.235355,20.364866,24.5013,21.629671,27.205418,32.1326,29.285631,25.975616,25.720676,20.210209,21.459023,18.306526,18.885103
22,15.264108,13.852849,14.362024,10.583923,11.308219,15.522906,14.711391,21.23841,20.460606,25.173119,25.968067,30.764738,30.46318,28.140816,26.013615,22.082472,19.22365,16.755484,12.378357,8.825412,7.616487,4.7104163,0.0,4.4322433,8.197255,8.22797,4.926185,7.5281487,6.184339,8.096096,11.901858,14.253667,20.839252,19.869736,23.916193,25.87529,27.134148,26.300245,22.292616,19.079165,20.95371,16.25428,16.506708,15.012643,12.040597,11.778147,13.2399025,12.691711,11.177843,15.2893,14.789618,12.303294,16.5382,19.378222,17.217686,17.337486,21.812775,22.371239,21.455482,22.97507,27.120634,26.44876,26.516129,29.922583,33.193066,32.604095,33.541138,31.31302,31.642864,31.659647,28.261238,27.724741,28.40781,24.018488,28.87188,24.009712,28.842682,27.286474,26.925676,30.302202,25.716211,21.59484,20.616938,20.820482,17.518473,14.448719,18.111506,16.333496,11.36249,11.676822,14.345546,11.755542,13.526868,17.629778,17.653719,19.7649,22.488087,24.11393,20.76095,24.748657,21.597534,25.694727,22.644855,28.3031,33.280552,31.120138,27.816425,28.03884,22.37068,24.27439,21.000278,22.36785
23,17.412823,16.287554,15.772726,12.043363,13.967197,16.922894,17.4101,23.267609,22.744123,27.373482,27.894203,32.76468,32.12475,29.471212,27.389832,23.54015,20.46001,18.490934,13.0178585,11.12686,8.198056,6.254027,4.4322433,0.0,5.004421,4.646231,5.3445983,5.1413608,7.7816415,6.9474826,13.161452,14.42134,21.081604,19.92974,23.934835,26.123278,26.56269,25.58703,21.234447,17.90806,20.265705,14.856742,16.595753,14.799933,10.7120495,12.281467,11.947227,12.809459,12.730926,16.428598,15.455905,14.604994,18.815952,20.959703,19.55967,20.51902,24.434364,24.893984,24.70869,26.319782,29.852255,29.478168,30.113903,33.413586,36.573784,36.201485,37.483574,35.497925,35.73391,35.55205,32.143414,31.226233,31.600704,26.98379,31.451248,26.202396,30.77205,28.327423,28.077795,30.778688,26.236383,22.345676,21.822079,22.704481,19.432516,16.502808,21.363327,19.501047,14.661338,15.494022,18.487892,16.04935,17.958136,21.973848,21.916965,23.915276,26.446709,28.1178,24.840128,28.594511,25.287565,29.350649,25.866716,31.468403,36.410065,34.05484,30.771488,31.270208,25.608337,27.325836,24.288103,25.082281
24,17.883585,17.916533,17.383806,14.781446,17.485682,20.299578,21.598846,27.410662,27.356316,31.903505,32.734264,37.623062,36.67334,34.083134,31.679966,28.112907,24.74345,23.185427,16.961294,15.571506,12.367262,9.838326,8.197255,5.004421,0.0,5.0360513,7.864701,8.702282,12.704567,11.55421,18.14674,18.740746,25.637524,23.919884,28.095703,30.00874,30.151958,29.390745,24.833359,21.602375,24.481892,18.869026,21.32684,19.357681,14.480463,16.594328,14.753167,15.428829,14.973557,19.123007,18.85372,18.274632,21.655588,24.278543,23.56948,23.823307,27.853308,28.920057,28.745432,29.90925,33.547966,33.73632,33.968937,37.122078,40.525906,40.393433,41.399464,39.04019,39.714596,39.774063,36.446705,35.762276,36.358814,31.795235,36.366684,31.160963,35.665043,33.20061,32.778877,35.285076,30.608065,27.016724,26.419382,27.580349,24.405273,21.296013,25.97298,24.263292,19.338184,19.728235,22.474741,19.696362,20.956507,25.185688,24.172485,26.562801,29.036077,31.18592,28.378607,32.471073,29.562397,33.69711,30.569658,36.205357,41.16736,38.726795,35.422497,35.469448,29.892088,31.265228,27.94173,28.442867
25,21.48427,20.755447,20.235027,16.634123,18.551844,21.341011,21.700426,27.434473,26.543417,31.20262,31.12534,35.927612,35.66799,32.755077,31.123041,27.069641,24.25894,22.09573,17.041353,15.327255,12.40743,10.893073,8.22797,4.646231,5.0360513,0.0,5.788684,4.5880256,10.428136,9.493388,15.884491,17.737839,23.642744,23.19535,26.803553,29.44643,29.3128,27.936098,23.563734,20.17423,22.152798,16.283108,18.358223,15.629582,9.99733,12.579776,9.822449,11.145328,12.082289,15.307007,14.547885,15.143886,18.623077,20.373158,20.195902,21.418396,24.704023,25.55874,26.144032,27.454336,30.329338,30.827194,31.750208,34.735195,37.93445,38.168884,39.74393,37.956654,38.562813,38.247353,35.14115,33.74298,34.230713,29.42823,33.675194,28.317303,32.36245,29.82325,28.904913,31.114779,26.28705,23.14159,22.516249,24.349821,21.599604,18.225767,23.759192,22.671392,18.03482,18.269157,21.658829,19.711702,21.298553,25.690393,25.56081,27.942038,30.66868,32.335247,28.886875,32.673023,29.128859,33.098488,29.283018,34.815292,39.711475,37.686886,34.450645,35.41375,29.700462,31.681406,28.735924,29.657898
26,19.517277,18.57646,19.163952,15.4251,16.08177,20.166492,18.954416,25.417137,24.019678,28.814405,28.820374,33.521423,33.877205,31.278242,29.760977,25.472435,23.02382,20.119799,16.421532,12.961707,11.62148,9.393208,4.926185,5.3445983,7.864701,5.788684,0.0,5.7812176,7.606866,9.790055,13.920804,17.446339,23.209026,23.231432,26.849903,29.39621,30.182474,28.850103,24.832047,21.451359,22.745224,17.501497,17.69386,14.972922,10.309498,10.390185,9.891114,8.715562,7.5039864,11.737033,11.810232,10.4690275,13.902196,16.67823,15.884031,16.092873,19.989956,21.193613,21.13648,22.200832,25.695103,26.164127,26.45998,29.477522,32.871716,33.07939,34.3415,32.3417,33.238487,33.109684,30.16773,29.020102,29.974852,25.36242,30.060463,25.13471,29.37168,28.023804,26.684206,29.757656,24.680986,21.3683,20.01511,21.320383,18.707523,14.815359,19.238724,18.702562,14.047848,13.24502,16.531923,14.841287,16.033825,20.690178,20.694042,23.375692,26.410309,27.960459,24.33511,28.358953,24.887655,28.81764,25.380852,30.945261,35.86563,34.25567,31.018604,31.869495,26.14986,28.500877,25.356201,27.041464
27,22.146141,20.538912,19.954447,15.613798,16.733803,19.332323,18.924788,24.403027,22.965637,27.619942,27.040297,31.771347,31.881693,28.84322,27.685581,23.361135,20.99023,18.429197,14.52097,12.612535,10.228345,9.894092,7.5281487,5.1413608,8.702282,4.5880256,5.7812176,0.0,6.7629924,6.0472765,11.704389,14.441423,19.632677,20.0271,23.249998,26.270767,26.26077,24.574213,20.482979,17.053938,18.29447,12.593759,13.937738,11.080649,5.8199673,8.3482895,7.0088425,9.116293,11.042451,13.291457,11.463244,12.329837,16.655298,17.557787,16.81956,19.104265,22.010685,22.142752,22.949987,24.749697,27.290865,27.27654,28.790747,31.86526,34.754562,34.81669,36.771923,35.4604,35.611084,34.98961,31.857182,30.086311,30.285467,25.392136,29.391615,23.928534,27.90223,25.235723,24.42216,26.686275,21.971067,18.611576,18.138924,19.933931,17.212875,14.017428,20.0701,18.980204,14.682283,15.364253,19.048244,17.67208,19.843472,23.907791,24.719599,26.679987,29.39764,30.56335,26.695568,30.026318,26.062943,29.866825,25.59381,30.99851,35.818203,33.926853,30.759327,32.310345,26.597837,28.92676,26.389952,27.538729
28,19.67541,17.130272,17.149397,12.403889,11.802691,15.104932,12.967073,18.833334,16.896107,21.669283,21.307371,26.033007,26.4573,23.760073,22.619883,18.102758,16.11348,12.804275,10.817418,7.1696963,7.1783442,7.580048,6.184339,7.7816415,12.704567,10.428136,7.606866,6.7629924,0.0,5.306987,6.3372397,10.903188,15.944468,16.65132,19.875546,22.636597,23.794582,22.333092,18.813936,15.613619,16.160082,11.914724,10.753606,9.138111,7.9660764,6.625238,10.428142,10.767209,11.119719,13.216722,11.179546,9.492216,14.831617,15.977605,13.209282,15.463792,18.905437,18.28228,18.081692,20.4206,23.648516,22.383816,23.70576,27.143934,29.868769,29.221844,31.005262,29.743374,29.37392,28.749063,25.381271,23.912987,24.051857,19.318428,23.68763,18.463795,23.090649,21.194994,20.875391,24.17327,19.766727,15.454351,14.730542,15.025308,11.754718,8.842428,13.968342,12.312704,7.926423,9.288301,12.837138,11.778608,14.607892,18.041052,19.808043,21.19167,23.854996,24.539682,20.383804,23.434025,19.330591,23.105646,18.922474,24.408737,29.28971,27.421331,24.222908,25.76242,20.037138,22.677158,20.283249,21.977694
29,20.222048,17.670862,16.379923,11.609834,12.570487,13.999277,14.127168,18.835491,17.785574,22.263206,22.053978,26.886692,26.316944,23.314554,21.84078,17.733418,15.114083,13.047161,8.791279,8.127947,5.44286,7.4204936,8.096096,6.9474826,11.55421,9.493388,9.790055,6.0472765,5.306987,0.0,7.4308887,8.420932,14.291957,14.02358,17.488604,20.278118,20.535938,19.132048,15.048336,11.661864,13.3878355,8.218994,9.901943,9.020855,7.6792994,9.311662,11.250652,13.591042,15.10302,17.055674,14.430032,14.308269,19.557735,20.06928,17.79648,20.667076,23.748629,22.790485,23.016438,25.557806,28.361713,26.912834,28.72074,32.170425,34.66955,33.84826,35.814808,34.689198,33.908585,33.154488,29.55435,28.044027,27.587467,22.85829,26.62217,21.052513,25.543917,22.153824,22.763647,25.157387,21.289856,16.894342,17.231506,17.778461,14.259624,12.539531,18.324978,15.791044,11.768425,14.272882,17.484138,15.893449,18.963448,22.011568,23.500317,24.4702,26.68787,27.503208,23.718353,26.416275,22.45213,26.2032,21.830738,27.13636,31.903065,29.39575,26.240713,27.707243,22.14274,24.138103,22.032635,22.684168
30,22.378195,18.896475,18.31038,13.461778,11.860756,13.318626,10.486615,14.599565,11.912357,16.447432,15.363043,20.08958,20.609772,17.682775,17.21073,12.406406,11.31551,7.549788,8.99887,6.9942994,8.490916,11.161568,11.901858,13.161452,18.14674,15.884491,13.920804,11.704389,6.3372397,7.4308887,0.0,7.150415,10.01985,12.046074,14.393695,17.527958,18.96162,17.272322,14.592971,11.913457,11.171031,9.021591,5.6659803,6.72186,10.24244,8.546338,13.92672,15.194969,16.391123,17.04499,13.957376,12.81758,18.279694,17.948143,14.1572695,17.914597,20.415823,18.204718,18.087059,21.355648,23.908619,21.15752,23.539782,27.10471,29.033096,27.65737,29.97152,29.536327,27.967863,26.809483,23.18681,21.316414,20.416513,15.746594,19.312496,13.816144,18.648075,15.846287,16.92932,20.17362,16.860283,11.717191,12.113275,11.121685,7.1671085,7.0543876,12.181695,9.267004,6.9401407,10.560327,13.406511,13.280992,16.923246,18.831478,21.902225,22.075163,24.178118,23.989542,19.620775,21.32555,16.73206,20.0164,14.991558,20.059847,24.730797,22.589952,19.54173,22.03123,16.604218,19.447723,18.193342,19.687616
31,20.999218,17.291784,15.171984,10.85108,10.7266245,8.898183,9.856069,11.713963,11.425756,15.158401,15.564337,20.34429,18.55211,15.647799,13.678968,10.103212,7.140617,6.7765784,4.231453,7.580717,7.2208834,11.1878805,14.253667,14.42134,18.740746,17.737839,17.446339,14.441423,10.903188,8.420932,7.150415,0.0,7.7969027,5.809692,9.708081,11.984596,13.10705,12.345323,8.953114,6.545039,8.620596,7.563885,8.358189,11.318333,14.311815,14.655011,18.528637,20.784473,22.00256,23.417686,20.33263,19.456446,24.971678,24.92999,21.29264,24.619707,27.50496,25.276272,24.834126,28.123981,30.94491,27.73015,29.914742,33.62717,35.423008,33.439785,35.420082,34.72829,32.59606,31.606804,27.542284,26.417326,24.909704,20.854696,23.809639,18.609606,23.437737,19.210426,22.024391,24.40421,22.160585,16.979506,18.393187,17.019327,13.010724,14.144521,18.2816,13.971229,11.81148,16.229923,18.18215,16.81555,20.624052,21.790749,24.296314,23.687582,24.961317,25.00234,21.547302,22.797125,19.03882,22.289667,17.969416,22.597963,26.992908,23.559565,20.607292,22.07649,17.180334,18.517042,17.60926,17.344973
32,28.210674,24.216532,22.315384,18.274284,17.10965,14.793595,14.051926,12.909531,10.991779,13.185806,11.081422,15.156874,14.236743,10.485881,11.249127,7.5570292,8.304432,7.9115853,11.697301,13.948792,14.70179,18.555578,20.839252,21.081604,25.637524,23.642744,23.209026,19.632677,15.944468,14.291957,10.01985,7.7969027,0.0,6.627707,5.3355956,9.713275,10.434282,8.188857,7.86202,7.611294,4.508171,8.959871,7.1176167,11.649846,17.188965,16.97366,21.456009,24.05222,26.14853,26.081547,22.31056,22.310251,27.577576,26.019218,22.291147,26.95452,28.490486,25.073221,25.327648,29.133396,30.663641,26.685905,30.15207,33.58595,34.449955,32.26425,35.08742,35.58393,32.57724,30.854534,27.101234,25.037697,22.484663,18.847803,19.990353,15.081184,18.853703,13.269103,17.619102,19.16792,18.619686,13.794968,16.377087,14.557136,11.674387,14.880685,18.65957,14.941223,15.21733,19.547075,21.354942,21.388922,25.296555,25.727781,29.34194,28.218298,29.287449,28.365942,24.596783,24.382061,20.168127,22.271315,17.105629,20.307384,23.88659,20.812616,18.517057,21.90145,18.034758,19.889912,20.593948,20.597807
33,24.117548,20.201437,17.518995,14.306337,14.105982,9.984784,12.116128,10.267783,11.182563,13.204788,14.010606,18.212986,14.947811,12.125776,9.737981,7.887095,5.3501744,8.200831,8.110559,12.478548,12.48318,16.34199,19.869736,19.92974,23.919884,23.19535,23.231432,20.0271,16.65132,14.02358,12.046074,5.809692,6.627707,0.0,4.919931,6.263747,7.7213902,7.9428205,5.9570737,6.1497293,8.197291,10.560692,11.515704,15.5065775,19.438202,19.864264,23.796305,26.33747,27.720411,28.85593,25.540922,24.794844,30.279022,29.835863,25.952759,29.552004,32.142952,29.354177,28.826296,32.38377,34.948513,31.00111,33.49326,37.203934,38.51709,35.98349,38.030876,37.689415,34.785767,33.62007,29.444649,28.488739,26.261738,22.882359,24.858145,20.219181,24.67642,19.71628,23.895433,25.729551,24.722315,19.661531,21.745684,19.747004,16.10144,18.501455,21.788292,17.066208,16.211643,20.912273,22.241163,21.055483,24.922955,25.129652,27.935278,26.503664,27.079601,26.680206,23.739168,23.876165,20.584759,23.158398,19.158375,22.757227,26.51921,22.434662,19.929615,21.38824,17.598904,18.073715,18.346645,17.046957
34,28.867916,24.847088,22.319687,19.110039,18.446642,14.503518,15.537349,12.295731,12.283708,13.050307,12.413287,15.829478,12.709201,9.379557,8.941441,7.775432,7.98477,10.338379,12.777918,16.487448,16.858704,20.794287,23.916193,23.934835,28.095703,26.803553,26.849903,23.249998,19.875546,17.488604,14.393695,9.708081,5.3355956,4.919931,0.0,4.8061075,5.4563475,4.6122117,6.0274143,7.8946333,7.2299814,12.084384,12.16896,16.588717,21.55162,21.82595,25.937162,28.724136,30.613653,31.002657,27.328163,27.10013,32.467785,31.227737,27.379665,31.67125,33.543972,30.164667,30.044373,33.84587,35.68208,31.379065,34.56132,38.092728,38.875755,36.24578,38.758167,39.087875,35.70195,34.128242,30.163912,28.705261,25.891533,22.855001,23.704445,19.425287,23.093636,17.42469,22.433664,23.599957,23.671114,19.02434,21.68067,19.571106,16.633265,19.894022,23.04337,18.714128,18.947472,23.575949,24.899023,24.405544,28.328102,28.226519,31.586847,29.930874,30.414877,29.505024,26.415413,25.749397,22.26994,24.14675,19.790234,22.41994,25.553549,21.657843,19.66758,22.200394,19.166775,19.879942,21.078806,19.958136
35,28.181267,24.165848,21.419062,19.168762,18.593048,13.669588,15.760603,10.917103,12.688157,12.311395,13.558447,16.477436,11.552089,9.466946,6.91293,8.468138,8.048172,12.000936,13.757679,17.942314,18.461218,22.165071,25.87529,26.123278,30.00874,29.44643,29.39621,26.270767,22.636597,20.278118,17.527958,11.984596,9.713275,6.263747,4.8061075,0.0,5.085624,7.320461,8.821959,11.018774,11.847542,16.004251,16.392235,20.772913,25.351358,25.53084,29.734745,32.265057,33.623047,34.520496,31.11026,30.261631,35.64906,34.935665,30.765799,34.453434,36.78355,33.52509,32.80577,36.541687,38.9027,34.255936,36.90745,40.558784,41.368435,38.276558,40.30246,40.322144,36.679356,35.37413,31.217543,30.517832,27.68647,25.202793,26.17813,22.47264,26.39776,21.31757,26.522417,27.982094,28.138878,23.351221,25.770948,23.14864,20.01317,23.279549,25.520119,20.68663,20.962984,25.712917,26.426384,25.519972,29.334692,28.618689,31.73725,29.55912,29.475563,28.558584,26.18505,25.155338,22.50442,24.195507,20.832245,23.089298,25.940653,21.366014,19.57088,20.94024,18.702425,18.323355,19.877836,17.848639
