,0,1,2,3,4,5,6,7,8,9,10,11,12,13,14,15,16,17,18,19,20,21,22,23,24,25,26,27,28,29,30,31,32,33,34,35,36,37,38,39,40,41,42,43,44,45,46,47,48,49,50,51,52,53,54,55,56,57,58,59,60,61,62,63,64,65,66,67,68,69,70,71,72,73,74,75,76,77,78,79,80,81,82,83,84,85,86,87,88,89,90,91,92,93,94,95,96,97,98,99,100,101,102,103,104,105,106,107,108,109,110,111,112
0,0.0,3.6843228,7.004778,9.781546,12.558546,14.116018,17.877209,20.77562,24.19184,26.940735,29.459507,31.999704,29.36019,26.583534,22.84334,21.940235,16.72197,18.290049,12.470383,15.514068,13.150039,10.150771,13.07821,17.350664,18.404905,20.776247,23.305977,24.962912,21.110203,25.403614,23.43704,28.88758,31.79049,33.70954,36.10267,38.170765,41.764725,40.98572,38.154,34.828194,36.10605,32.546856,29.997337,29.792555,26.42193,26.566862,22.78237,25.254799,24.557177,21.931957,19.630825,18.661583,14.035646,17.980429,21.140194,24.677967,26.555395,28.149643,32.977215,33.32394,30.081533,35.53133,34.002323,35.090008,38.097973,36.67622,40.05648,39.41693,41.89373,39.32209,34.440964,35.606533,31.467278,35.433422,32.54832,29.5618,32.51321,31.96218,33.537804,36.759384,34.46315,30.765516,32.632313,29.267923,27.903477,24.797821,25.532022,20.731506,23.258955,22.434818,24.828388,26.00245,29.283442,30.673075,33.11093,36.386642,33.759098,31.774546,30.746773,27.6272,28.635393,27.520988,25.778996,25.423824,27.453247,27.880945,29.048948,27.168604,31.774279,26.026335,29.32041,28.149805,30.08942
1,3.6843228,0.0,4.7073517,6.2259436,9.3795,10.748195,14.566347,17.577179,20.743847,23.720768,26.037827,28.750175,26.361418,23.432207,19.860054,18.536816,13.452723,14.9721775,9.151967,12.712298,10.686134,8.720233,12.103221,15.870523,17.982603,19.60834,22.303286,23.376902,18.752995,22.77562,20.532074,25.797674,28.544453,30.225248,32.755917,34.704197,38.320114,37.681732,34.784466,31.510998,33.021038,29.669806,27.198673,27.422499,24.027151,24.812618,21.262592,24.228163,23.992022,21.402773,18.660982,18.31077,13.577371,17.524157,19.972515,23.449781,25.013727,27.032064,31.742792,32.057106,28.73184,33.880894,31.92556,32.949085,35.547264,34.167015,37.39475,36.73509,38.974594,36.594353,31.628437,32.6591,28.369461,32.264866,29.10498,26.135096,28.94989,28.313745,29.86474,33.07676,30.793404,27.084347,29.029917,25.687826,24.353462,21.350914,22.24282,17.758244,20.717192,20.367632,23.115858,24.98858,28.308308,29.891235,32.548786,35.66618,32.610905,30.266455,29.274035,25.67878,27.07604,25.395035,23.541204,22.615894,24.85354,25.282131,26.0929,24.16315,28.456724,22.612986,25.837063,24.516176,26.464128
2,7.004778,4.7073517,0.0,5.1891828,6.5345335,7.988375,11.4441595,14.181499,17.749779,20.177153,23.235018,25.435917,22.690344,20.162367,16.088745,15.464932,10.077241,12.052937,7.12196,10.971827,10.633755,8.49792,13.492816,16.1605,18.051826,19.12442,20.729952,21.489355,16.229551,20.345766,17.538738,23.324953,25.253584,27.672356,29.631931,31.739017,35.432377,34.578297,32.08773,29.070915,29.838234,26.857918,23.886736,24.510715,20.547043,21.8441,18.342691,21.548769,21.196863,18.25945,15.166688,14.679792,9.937008,13.329065,15.6214485,18.89255,20.699507,22.873562,27.432816,28.087486,24.936068,30.17402,28.172626,29.615213,32.051147,31.272871,34.489586,34.279655,36.71001,34.79021,29.836367,31.488737,27.139643,31.704527,27.996769,25.685257,28.295815,27.178299,28.750492,31.710556,29.166286,25.474632,26.592293,23.296999,22.485678,18.85893,20.77,16.395508,19.544514,19.82664,22.237448,25.130968,27.626463,29.941563,32.34694,35.60497,32.313805,29.553179,29.432524,25.526169,28.139023,26.55169,23.569183,22.739502,24.431873,24.351347,25.257423,23.81677,27.748665,22.131382,25.606928,23.681406,25.926092
3,9.781546,6.2259436,5.1891828,0.0,3.8971384,5.9088435,8.63487,12.565333,14.948978,18.304123,20.662859,23.50089,21.578428,18.61205,15.148338,12.907945,8.090191,8.936191,3.2868083,7.8428855,7.454407,7.9632587,11.849256,13.868408,17.381638,17.54119,20.064297,20.056252,14.196172,17.639606,14.937939,19.935814,22.513048,24.001163,26.630726,28.571045,32.127777,31.552887,28.599625,25.389757,27.082907,24.01779,21.654911,22.535433,19.15519,20.997301,18.013466,21.691555,22.242697,19.872965,16.584837,17.42901,13.143479,16.825247,17.645012,20.938618,21.688269,24.319101,28.725922,28.875572,25.477308,29.992704,27.40193,28.297651,30.264786,28.982336,31.970518,31.353935,33.312233,31.304047,26.257448,27.311201,22.832064,26.933538,23.276281,20.666307,23.348818,22.489325,24.186491,27.318108,25.1222,21.279625,22.953827,19.512041,18.188427,15.138925,16.404219,12.451574,16.107054,16.775442,19.864944,23.107662,26.096575,28.166489,31.000055,33.861416,30.150604,27.175467,26.580505,22.243237,24.730448,22.369528,19.810675,18.143673,20.358673,20.570847,20.9085,19.162886,22.91693,17.126251,20.513927,18.843056,21.154682
4,12.558546,9.3795,6.5345335,3.8971384,0.0,5.393642,5.507693,10.56366,12.659849,15.709378,18.91842,21.309895,19.303988,16.792963,12.849003,10.723443,5.7705584,5.7785153,1.6232177,5.608297,7.4498706,8.173867,12.6998205,13.459907,16.78115,16.278074,17.912952,17.473719,11.036528,14.493428,11.418648,16.897564,19.251698,21.370293,23.57377,25.836273,29.30474,28.428947,25.706976,22.574532,23.683243,20.680029,18.011528,19.065523,15.384699,17.638557,14.857878,18.794172,19.52679,17.172798,13.668473,15.019229,11.306659,14.63997,14.497985,17.71428,18.051426,20.856825,25.125813,25.24744,21.888214,26.267416,23.57634,24.623528,26.534874,25.53765,28.550528,28.216747,30.380127,28.653997,23.64606,25.286306,20.854286,25.640478,21.729498,19.861376,22.534815,21.3888,23.2928,26.194113,23.994349,20.085516,20.84438,17.27083,16.156073,12.474811,14.382292,10.411847,14.086664,15.343677,18.061417,22.180826,24.433678,27.076387,29.697584,32.59956,28.69491,25.38495,25.549952,21.019495,24.588333,22.488125,18.848774,17.505003,19.004665,18.710997,19.259087,18.085953,21.643667,16.335573,20.10257,18.112816,20.903936
5,14.116018,10.748195,7.988375,5.9088435,5.393642,0.0,6.0017667,6.9402175,10.258729,13.117055,15.392303,18.015774,15.895022,12.843261,9.574728,7.940922,3.439106,7.005109,5.960797,10.481459,12.171905,13.067609,17.384914,18.515907,22.10577,21.585377,23.153156,22.41399,15.453455,18.12434,14.117606,19.020159,19.291748,21.14117,23.246567,24.735653,28.722542,28.42712,26.023846,23.5215,24.72645,22.997389,20.095531,22.504442,18.386808,21.85388,19.411043,23.490404,24.084623,21.399746,17.708534,18.384571,14.552767,16.452078,16.846622,19.106739,20.332624,23.525946,27.286182,28.178297,25.19017,29.389427,26.259356,27.742298,28.655544,28.448822,31.042213,31.003466,32.642067,31.598345,26.575788,27.868357,23.173292,27.358807,22.51073,20.522429,22.16731,20.404627,21.568487,24.296677,21.436537,17.94371,19.130539,16.231716,16.255556,12.867704,16.354736,14.007073,18.271317,20.060764,23.01869,27.324242,29.649038,32.272053,34.980217,37.77191,33.710392,30.243824,30.286951,25.492546,28.86817,25.967268,22.964853,20.476107,22.604898,22.429607,22.06386,20.66498,22.958683,17.325945,20.113525,17.221827,19.172726
6,17.877209,14.566347,11.4441595,8.63487,5.507693,6.0017667,0.0,6.7976003,7.487763,10.6378,14.093573,16.32612,14.816548,12.533438,8.987813,5.936834,3.371053,1.2872516,6.0576086,7.5674286,11.126156,13.048483,16.991985,16.450762,20.234941,18.626314,19.56952,17.985746,10.60112,12.514578,8.208746,13.173255,14.0265255,16.287998,18.262005,20.401085,23.997742,23.253157,20.756668,18.045017,18.997793,17.00509,14.162032,16.749182,12.847066,16.935726,15.235035,19.567,20.866072,18.758059,15.0968275,17.081482,14.417577,16.366198,14.7581,17.015806,16.72738,20.165964,23.668236,23.960926,20.874716,24.355707,20.88736,22.0737,22.830402,22.485172,25.041729,25.051786,26.800907,25.91075,20.960861,22.755692,18.20186,23.137434,18.3091,17.30134,19.26443,17.490637,19.299074,21.831507,19.49744,15.69556,15.64078,12.170603,11.842698,7.6871214,11.562145,9.643275,13.769461,16.340649,18.962389,24.192165,25.818628,28.875034,31.45702,34.05036,29.695738,25.867079,26.586653,21.587505,26.08152,23.418427,19.325487,17.155663,18.403282,17.710884,17.469614,16.792255,18.92849,14.171912,17.626637,14.824292,17.772171
7,20.77562,17.577179,14.181499,12.565333,10.56366,6.9402175,6.7976003,0.0,5.129821,6.4224377,9.405496,11.261397,9.027844,6.2572145,3.0926497,3.0709875,4.793104,7.877504,11.381968,14.250216,17.356207,18.705627,23.081161,23.102386,26.703531,25.341312,25.873419,24.269348,16.879976,18.237396,13.387399,17.415922,14.69589,17.165125,18.276047,19.338005,23.644405,23.528519,21.955036,20.457304,20.801424,20.802048,17.507355,21.55817,17.100338,22.17361,20.710926,24.945436,25.802204,23.206888,19.46032,20.415712,17.783499,17.92314,16.994701,17.812088,18.855652,22.553608,25.236494,26.693216,24.28889,27.622898,23.896729,25.871407,25.42358,26.464537,28.4649,29.121304,30.384861,30.518719,25.804432,27.48693,22.916485,27.23937,21.417688,20.673426,21.18225,18.457079,19.141563,21.06889,17.678307,14.799121,14.465558,12.449559,14.313682,10.810679,16.467064,16.078184,20.281908,23.082392,25.653646,30.986326,32.44094,35.636303,38.13422,40.746872,36.347042,32.40645,33.26214,28.167734,32.587257,29.433107,25.77465,22.883862,24.478863,23.780201,22.843832,22.143005,22.784473,18.16544,20.333744,16.40082,18.164545
8,24.19184,20.743847,17.749779,14.948978,12.659849,10.258729,7.487763,5.129821,0.0,4.5979753,6.74798,9.269847,9.119255,6.746073,6.3095903,2.4147189,7.710511,7.8662076,13.054632,14.559333,18.044006,20.461142,24.04222,23.162914,27.342913,25.202318,25.86185,23.518549,16.20011,16.199059,11.567751,13.851675,10.596509,12.1637125,13.744709,14.654367,18.883371,19.023468,17.15029,15.802047,16.824871,17.376886,14.774105,19.4713,15.849018,21.500195,20.869038,25.1908,26.742004,24.742485,21.134035,23.016752,20.878685,21.425308,19.351122,20.134388,19.87515,23.727919,26.006842,26.87614,24.446686,26.733837,22.471697,23.898926,22.622063,23.471706,25.007418,25.497307,26.19511,26.692158,22.150965,23.520945,19.06002,23.082123,16.944328,16.847673,16.907125,13.945107,14.779019,16.508705,13.447393,10.414745,9.472775,7.355725,9.794138,6.973945,13.133978,14.4573345,18.511627,21.884657,24.49992,30.22718,31.557123,34.70863,37.315765,39.524895,34.839573,30.696575,31.582561,26.309855,31.01091,27.48759,23.845978,20.446625,21.902872,21.139668,19.547935,19.131523,18.699354,14.878964,16.680758,12.538292,14.589772
9,26.940735,23.720768,20.177153,18.304123,15.709378,13.117055,10.6378,6.4224377,4.5979753,0.0,5.974996,5.99369,5.0577855,4.6771517,5.1437106,5.7131424,10.338305,11.193933,16.449707,17.913313,21.698893,23.542845,27.610704,26.648779,30.292442,28.166475,27.996124,25.618935,18.519573,18.39391,13.63136,15.894488,10.252085,13.206111,13.067927,13.760663,18.175549,18.165588,17.464672,17.084677,16.57576,18.376799,15.2003765,20.516304,16.471992,22.5503,22.200031,26.325722,27.61096,25.462854,21.964956,23.484867,21.946878,21.332981,19.025213,18.7851,18.881517,22.765406,24.294474,25.81481,23.958391,25.999077,21.740496,23.818766,21.926529,23.965734,25.234863,26.44411,27.236267,28.467743,24.291245,26.23905,22.110369,26.379648,20.134382,20.762527,20.380821,17.08612,17.512371,18.459677,15.10216,13.046849,10.460336,9.678273,13.121902,10.292513,16.74812,18.096582,21.782364,25.246662,27.396404,33.392822,34.112114,37.648685,39.95729,42.269516,37.630756,33.383682,34.874573,29.69877,34.877354,31.645039,27.535395,24.52427,25.486422,24.370422,23.000626,23.030033,22.225168,19.082197,20.707056,16.43629,18.169777
10,29.459507,26.037827,23.235018,20.662859,18.91842,15.392303,14.093573,9.405496,6.74798,5.974996,0.0,4.495181,6.9472003,5.1271343,9.200611,8.272921,13.529978,14.563593,19.291561,21.212252,24.457579,26.914368,30.442162,29.710207,34.05725,31.863102,32.488205,29.959753,22.769062,22.214413,17.775415,18.7054,13.098213,13.485846,14.297533,13.262373,17.859358,19.123096,18.18743,18.326406,19.291586,21.684254,19.442722,24.885906,21.500568,27.55907,27.264984,31.512585,33.016384,30.935532,27.350897,28.89448,26.832232,26.598152,24.739836,24.652964,24.822372,28.713604,30.200083,31.612608,29.694279,31.387611,26.897976,28.530357,26.00057,27.710087,28.468681,29.287254,29.156696,30.611284,26.553919,27.439137,23.289562,26.185572,19.59489,19.880375,18.275368,14.647897,13.951799,14.494432,10.512195,9.598475,8.409819,9.389591,13.36823,12.4426985,18.26886,20.722557,24.693172,28.22623,30.890512,36.67743,37.98305,41.10135,43.742683,45.76854,40.96758,36.74631,37.578403,32.245598,36.766663,32.721294,29.649963,25.606747,27.333845,26.675999,24.382273,23.9563,21.95474,18.901257,19.126783,14.515434,14.924187
11,31.999704,28.750175,25.435917,23.50089,21.309895,18.015774,16.32612,11.261397,9.269847,5.99369,4.495181,0.0,4.5204887,5.8150945,9.771499,10.7416115,15.738124,16.85598,21.944239,23.615257,27.240923,29.29543,33.212948,32.27078,36.157063,33.90128,33.786415,31.193771,24.225351,23.542498,19.048773,20.025297,12.9102,14.571254,13.75453,12.664983,17.201263,18.178318,18.368958,19.259775,18.809069,22.112598,19.474884,25.26699,21.66436,27.956675,27.948288,31.99556,33.329746,31.219263,27.790848,29.149027,27.677504,26.604471,24.4365,23.567114,23.845884,27.65787,28.447737,30.2994,28.887981,30.255444,25.83746,27.934975,24.92433,27.5936,28.129276,29.567028,29.593998,31.641577,27.914146,29.415077,25.569504,28.917719,22.37744,23.356907,21.756145,18.056744,17.425575,17.334314,13.603313,13.269011,10.360522,11.827684,16.153847,14.762549,20.937122,23.28522,26.94318,30.583876,32.81361,38.88199,39.59648,43.081394,45.437103,47.54861,42.78855,38.46725,39.89583,34.65002,39.709038,36.026188,32.361046,28.787289,29.961872,28.941727,26.957685,26.991108,24.928268,22.435984,22.920343,18.394163,19.033705
12,29.36019,26.361418,22.690344,21.578428,19.303988,15.895022,14.816548,9.027844,9.119255,5.0577855,6.9472003,4.5204887,0.0,3.9977057,6.6435347,9.679533,13.637051,15.599627,20.20699,22.289383,25.908245,27.273867,31.717505,31.14641,34.527657,32.68936,32.258175,30.094194,23.06653,23.193754,18.39207,20.765112,14.215629,17.188574,16.217329,16.093752,20.560404,20.852213,21.028915,21.374578,20.24417,22.81978,19.443743,24.871077,20.55196,26.590181,26.126747,30.088165,30.963425,28.505587,25.061024,25.877043,24.413782,22.833965,21.127478,20.041513,21.112724,24.840317,25.81593,28.129534,26.7796,28.897337,24.860493,27.449469,25.210028,28.033947,29.085058,30.697586,31.40612,33.06656,29.085398,31.086329,27.046385,31.081509,24.685596,25.2971,24.403477,20.880949,20.643019,21.089432,17.282793,16.206804,13.688205,14.019977,17.857073,15.329439,21.772228,23.002663,26.734795,30.104996,32.18659,38.138195,38.75083,42.39845,44.600986,47.03832,42.470856,38.233677,39.838978,34.69181,39.824165,36.545765,32.533596,29.465855,30.536945,29.418217,28.028746,28.002554,26.932837,23.77026,24.95926,20.479187,21.504686
13,26.583534,23.432207,20.162367,18.61205,16.792963,12.843261,12.533438,6.2572145,6.746073,4.6771517,5.1271343,5.8150945,3.9977057,0.0,5.030868,6.9143133,11.031024,13.37962,17.522205,20.089453,23.34145,24.942509,29.176783,28.937008,32.692787,31.009087,31.251848,29.223957,21.90956,22.32226,17.46411,20.052639,14.743799,16.831211,17.063414,16.92306,21.522646,22.071377,21.394608,21.131529,21.108662,22.900042,19.777374,24.889687,20.648167,26.466047,25.637041,29.805357,30.764166,28.249323,24.614754,25.492975,23.360394,22.54162,21.30231,20.996166,22.101393,25.899778,27.57275,29.530346,27.705887,30.219938,26.13924,28.360176,26.57943,28.598104,29.879278,30.980978,31.60004,32.73265,28.428274,29.946545,25.61099,29.327827,22.92829,22.860281,22.077034,18.689657,18.425716,19.396929,15.443989,13.925849,12.759747,12.591669,16.029964,13.637811,19.865772,20.94304,25.02902,28.253813,30.744217,36.419044,37.595253,40.92633,43.38516,45.801544,41.217197,37.07887,38.145847,32.91925,37.549423,33.9843,30.48173,27.05291,28.638298,27.841522,26.263609,25.797253,24.95583,21.163418,22.242928,17.746735,18.587837
14,22.84334,19.860054,16.088745,15.148338,12.849003,9.574728,8.987813,3.0926497,6.3095903,5.1437106,9.200611,9.771499,6.6435347,5.030868,0.0,5.160087,7.244997,10.021397,13.869858,16.404922,19.792,20.80357,25.442638,25.290335,28.519703,27.105986,27.033585,25.36635,18.130545,19.31839,14.361724,18.335062,14.359195,17.584383,17.826252,18.84994,23.206104,22.953611,22.002737,20.9916,20.470718,21.131117,17.480217,21.90738,17.177275,22.54531,21.30458,25.401335,26.091042,23.411108,19.757427,20.480576,18.371244,17.592804,16.435232,16.494097,17.828943,21.55425,23.754086,25.656824,23.629242,26.829248,23.129654,25.521244,24.748568,26.494638,28.356848,29.449156,30.79805,31.36759,26.856636,28.926065,24.531145,29.08026,23.122587,22.89113,23.146994,20.17224,20.702326,22.211285,18.66888,16.21233,14.928331,13.425412,15.91612,12.309118,18.38534,18.187489,22.133438,25.057308,27.296799,32.855873,33.860226,37.33327,39.621246,42.294384,37.91352,33.88599,35.176613,30.13066,34.934273,31.976622,27.945084,25.294802,26.52405,25.566969,24.746677,24.373621,24.732,20.56531,22.673054,18.583261,20.29326
15,21.940235,18.536816,15.464932,12.907945,10.723443,7.940922,5.936834,3.0709875,2.4147189,5.7131424,8.272921,10.7416115,9.679533,6.9143133,5.160087,0.0,5.447521,6.631976,11.231593,13.347805,16.657505,18.735483,22.594654,22.118258,26.144258,24.344738,25.09987,23.102541,15.674571,16.38287,11.641826,14.903576,12.461795,14.341723,15.936891,17.031084,21.22917,21.211678,19.287056,17.653662,18.560862,18.54554,15.682091,19.916454,15.953684,21.25135,20.173752,24.507048,25.80633,23.578098,19.881899,21.469337,19.015055,19.662743,18.070976,19.095709,19.289583,23.073994,25.692688,26.681473,24.138355,26.964537,22.954273,24.518353,23.793072,24.499859,26.337551,26.774654,27.77182,27.923471,23.223337,24.673737,20.09986,24.280157,18.37709,17.803198,18.264076,15.542717,16.43665,18.430443,15.314731,12.156107,11.818745,9.483886,11.260638,7.9738827,13.76997,14.140081,18.364237,21.450073,24.13366,29.641783,31.13865,34.250065,36.86031,39.246872,34.686073,30.654621,31.426577,26.21638,30.721266,27.345142,23.736378,20.545578,22.14245,21.466116,20.20066,19.564953,19.831846,15.450808,17.5654,13.607026,15.646793
16,16.72197,13.452723,10.077241,8.090191,5.7705584,3.439106,3.371053,4.793104,7.710511,10.338305,13.529978,15.738124,13.637051,11.031024,7.244997,5.447521,0.0,4.6273446,6.655755,9.87763,12.731177,13.92123,18.344995,18.60455,22.129221,21.058111,21.993952,20.802658,13.540252,15.793662,11.379011,16.360876,16.080374,18.45487,20.175592,21.899338,25.836021,25.329723,23.14339,20.791414,21.525494,20.072453,16.944006,19.781164,15.478901,19.550678,17.519657,21.74116,22.564713,20.011616,16.250559,17.391474,14.253147,15.656737,15.019275,16.974808,17.735397,21.159893,24.634945,25.514645,22.631142,26.503517,23.166407,24.7644,25.398705,25.515232,28.017927,28.231922,29.926985,29.22033,24.28804,25.986137,21.368786,26.000254,20.909369,19.616333,21.162537,19.131317,20.460955,22.93776,20.106546,16.583721,16.847054,13.870204,14.238235,10.336117,14.641302,12.758655,16.945599,19.242516,21.907814,26.83574,28.6051,31.604305,34.162025,36.90068,32.67659,28.95748,29.546673,24.623297,28.754137,25.9817,22.282236,19.93647,21.53162,20.980608,20.633995,19.713774,21.645102,16.543322,19.533129,16.374422,18.729908
17,18.290049,14.9721775,12.052937,8.936191,5.7785153,7.005109,1.2872516,7.877504,7.8662076,11.193933,14.563593,16.85598,15.599627,13.37962,10.021397,6.631976,4.6273446,0.0,6.0895934,6.793518,10.533487,12.801807,16.450125,15.61127,19.551353,17.735163,18.78124,17.046438,9.655529,11.394191,7.2425346,12.097498,13.5930805,15.667774,17.82257,20.089823,23.527807,22.721918,20.052002,17.159388,18.313974,16.043512,13.416047,15.825917,12.201288,16.206167,14.64064,18.990158,20.491919,18.589401,15.008857,17.297495,14.776332,16.973186,15.09829,17.481329,16.806301,20.205805,23.723785,23.75823,20.584091,23.890486,20.384823,21.345932,22.166086,21.553963,24.129034,23.999369,25.74268,24.728357,19.75594,21.52154,16.979464,21.988424,17.308987,16.349846,18.508488,16.891888,18.887644,21.465397,19.357906,15.460649,15.396928,11.748198,11.026661,6.8912654,10.361234,8.399572,12.536517,15.206347,17.863022,23.168777,24.805492,27.834078,30.454603,32.97391,28.56717,24.71116,25.412773,20.378109,24.953386,22.300138,18.114758,15.975857,17.135054,16.428082,16.20557,15.58041,17.839252,13.190185,16.825811,14.23101,17.384214
18,12.470383,9.151967,7.12196,3.2868083,1.6232177,5.960797,6.0576086,11.381968,13.054632,16.449707,19.291561,21.944239,20.20699,17.522205,13.869858,11.231593,6.655755,6.0895934,0.0,5.005467,6.297924,7.762032,11.746572,12.559948,16.314781,15.752862,17.89642,17.415258,11.123533,14.420292,11.662662,16.75788,19.615986,21.299908,23.82282,26.02743,29.414997,28.636988,25.6881,22.409462,23.94105,20.753391,18.40688,19.303375,15.989214,18.082636,15.378675,19.288738,20.207338,18.06131,14.669576,16.220036,12.499087,16.117243,15.9192505,19.217184,19.31934,22.097137,26.388891,26.299328,22.850397,27.067091,24.322773,25.111965,27.02119,25.705856,28.687927,28.122814,30.155561,28.243319,23.205694,24.552828,20.102383,24.650986,20.93425,18.805422,21.629005,20.702946,22.675808,25.700365,23.675825,19.70191,20.812035,17.166365,15.704196,12.364782,13.666658,9.615265,13.373148,14.515925,17.497366,21.435179,24.007778,26.42126,29.195807,31.991663,28.056318,24.807182,24.650469,20.090199,23.367361,21.094124,17.761045,16.236362,17.991549,17.905018,18.343855,16.959074,20.678843,15.235779,19.011765,17.284075,20.07649
19,15.514068,12.712298,10.971827,7.8428855,5.608297,10.481459,7.5674286,14.250216,14.559333,17.913313,21.212252,23.615257,22.289383,20.089453,16.404922,13.347805,9.87763,6.793518,5.005467,0.0,4.449223,7.199272,9.994928,8.898001,12.927975,11.400254,13.563391,12.67042,6.7511306,10.162608,8.7966585,13.595661,18.320965,19.986439,22.53918,25.314508,28.091862,26.862444,23.672653,19.957481,21.48897,17.300205,15.519618,15.255396,12.886258,14.079647,11.701545,15.560269,17.160854,15.820501,12.84113,15.612,12.9758625,17.065134,15.577897,19.183691,17.940395,20.460835,24.769892,23.804195,20.1132,23.843231,21.248825,21.390202,23.845518,21.745394,24.920578,24.044086,26.3798,23.998728,19.05872,20.736473,16.652021,21.777805,18.920885,17.341002,20.85387,20.398323,22.959867,25.911184,24.551628,20.425232,20.916374,16.930489,14.598412,11.417363,10.987545,5.700807,8.643489,9.771962,12.573623,17.001083,19.268194,21.872139,24.621048,27.312185,23.236242,19.860703,20.042694,15.468972,19.522547,17.89079,13.498696,13.061313,13.830442,13.44417,14.666551,13.811923,18.319088,13.8096285,18.282053,17.314365,20.791977
20,13.150039,10.686134,10.633755,7.454407,7.4498706,12.171905,11.126156,17.356207,18.044006,21.698893,24.457579,27.240923,25.908245,23.34145,19.792,16.657505,12.731177,10.533487,6.297924,4.449223,0.0,4.822094,6.0106316,6.5187936,11.024044,10.576402,14.259605,14.307567,10.223788,13.6237545,13.091028,17.241842,22.515903,23.597752,26.568296,29.165636,31.894947,30.837826,27.36644,23.463936,25.554333,21.043077,19.705748,18.787922,16.973558,17.090137,14.353607,17.558132,18.872587,17.666697,15.131768,17.395052,14.217403,19.060574,18.539904,22.467373,21.576553,23.715837,28.309826,27.184023,23.40744,27.357618,25.144596,25.002472,27.846088,25.21458,28.44545,27.143686,29.394852,26.422073,21.593079,22.598629,18.718195,23.05607,21.001352,18.5936,22.439936,22.526335,25.047081,28.271471,27.091228,22.952496,24.283102,20.330585,17.593826,15.100677,13.57566,8.18332,10.248751,9.776494,12.948322,15.728579,19.103666,20.840656,23.853958,26.547037,22.856379,20.112804,19.213024,15.159785,17.650463,16.196587,13.054033,12.957463,14.387774,14.737362,16.117165,14.593633,19.849913,15.030747,19.303036,19.056541,22.21321
21,10.150771,8.720233,8.49792,7.9632587,8.173867,13.067609,13.048483,18.705627,20.461142,23.542845,26.914368,29.29543,27.273867,24.942509,20.80357,18.735483,13.92123,12.801807,7.762032,7.199272,4.822094,0.0,5.680553,7.9990625,9.748707,10.9942875,13.709609,14.979636,11.808702,16.1355,15.432578,20.528807,25.212177,27.164206,29.575222,32.351803,35.23846,33.913883,30.829708,27.076958,28.302479,23.790636,21.831581,20.514639,18.115229,17.381716,13.864151,16.489513,16.849506,15.177517,12.936383,14.262149,10.7771845,16.07338,16.573305,20.763819,20.576298,22.190485,27.100296,26.241983,22.570835,27.329113,25.787231,26.113985,29.590054,27.352446,30.865232,29.932169,32.693123,29.746712,25.05722,26.6606,22.956045,27.66527,25.54276,23.331936,27.055677,26.874443,29.261429,32.410954,30.86676,26.772926,27.74219,23.846807,21.605488,18.471018,17.826178,12.208105,13.704836,12.648127,14.756326,16.767546,19.649015,21.570967,24.090633,27.286638,24.190674,21.837599,21.414612,18.102488,20.470665,20.04272,16.68849,17.543198,18.425007,18.461632,20.431683,19.210077,24.516788,19.744522,23.999588,23.416088,26.46621
22,13.07821,12.103221,13.492816,11.849256,12.6998205,17.384914,16.991985,23.081161,24.04222,27.610704,30.442162,33.212948,31.717505,29.176783,25.442638,22.594654,18.344995,16.450125,11.746572,9.994928,6.0106316,5.680553,0.0,4.967317,7.5289335,9.154776,13.849513,15.310388,14.018735,17.546642,18.147793,21.97801,28.037022,29.079388,32.068905,34.841618,37.306038,36.05707,32.479733,28.374132,30.440834,25.303896,24.321472,22.166056,21.062487,19.448996,16.446243,18.429392,19.323042,18.628702,17.09248,18.941666,16.035343,21.467838,21.590614,25.85911,24.97341,26.365374,31.2273,29.65949,25.850409,29.995764,28.579487,28.082623,31.790726,28.543413,31.986904,30.348759,32.89599,29.197662,24.78913,25.62684,22.43319,26.339605,25.507908,22.892899,27.108528,27.712887,30.331394,33.64685,32.739277,28.611326,30.118238,26.136349,23.08131,20.87708,18.449835,12.977149,13.271649,10.861953,13.158288,13.269202,17.441883,18.156569,21.109097,23.945595,21.132284,19.466272,17.770239,15.179404,15.888052,16.016102,13.869942,15.501288,16.487055,17.179497,19.376059,17.841545,23.831379,19.553251,23.698961,24.21121,27.246113
23,17.350664,15.870523,16.1605,13.868408,13.459907,18.515907,16.450762,23.102386,23.162914,26.648779,29.710207,32.27078,31.14641,28.937008,25.290335,22.118258,18.60455,15.61127,12.559948,8.898001,6.5187936,7.9990625,4.967317,0.0,5.9846034,5.032078,10.369744,11.083619,10.839271,13.680501,15.373766,18.403433,25.326841,26.277517,29.179688,32.23288,34.233418,32.727913,29.092455,24.86011,26.890661,21.335304,20.904675,18.10979,17.934721,15.891575,13.58767,15.511156,17.253494,17.321436,16.003538,18.89979,16.942308,22.110746,20.970095,25.120617,23.218857,24.608263,29.191519,27.042192,23.176205,26.587587,25.113693,24.08683,27.881058,24.150505,27.568457,25.726313,28.37034,24.473936,20.2525,21.340338,18.552505,22.866749,22.558504,20.613972,25.074724,25.838434,28.785755,31.912638,31.415867,27.275934,28.204973,24.151718,20.759785,18.790834,15.498237,10.101346,9.015841,6.053159,8.246745,9.342211,13.271073,14.4538145,17.557756,20.218555,16.850376,14.73459,13.503838,10.539439,12.731712,13.369614,9.640483,12.451484,12.312193,12.694767,15.507036,14.584798,20.792938,17.489454,21.965603,22.764387,26.249504
24,18.404905,17.982603,18.051826,17.381638,16.78115,22.10577,20.234941,26.703531,27.342913,30.292442,34.05725,36.157063,34.527657,32.692787,28.519703,26.144258,22.129221,19.551353,16.314781,12.927975,11.024044,9.748707,7.5289335,5.9846034,0.0,4.479573,7.918523,10.799661,13.208772,16.57062,18.613531,22.191046,28.909243,30.7074,32.981503,36.38653,38.27136,36.31093,33.072483,28.948473,29.978815,24.188765,23.42017,19.620836,19.496983,15.716174,13.015366,13.323769,14.236533,14.823611,14.747321,17.169643,16.145182,21.333555,20.5249,24.807583,22.956135,23.40387,28.126581,25.698112,21.999628,25.839174,25.472044,24.570253,29.366884,25.739372,29.462439,27.920639,31.25616,27.231064,23.53031,25.402403,23.17919,27.905931,27.85347,26.334436,30.785147,31.392586,34.368282,37.38371,36.73143,32.583744,32.963245,28.900423,25.810328,23.310137,20.56904,15.04674,13.266458,10.015187,9.622863,8.629536,11.238189,12.604767,14.7323885,18.159992,15.945072,14.773696,14.559428,13.433584,15.475113,17.948128,13.988771,17.990719,16.891947,16.743698,20.329447,19.981766,26.168524,23.248095,27.820284,28.437033,32.01172
25,20.776247,19.60834,19.12442,17.54119,16.278074,21.585377,18.626314,25.341312,25.202318,28.166475,31.863102,33.90128,32.68936,31.009087,27.105986,24.344738,21.058111,17.735163,15.752862,11.400254,10.576402,10.9942875,9.154776,5.032078,4.479573,0.0,5.8593335,7.2252555,10.2357235,12.763652,15.557519,18.325962,25.566761,27.111416,29.408194,32.896114,34.470257,32.44619,29.1239,24.952787,26.124928,20.14777,19.874094,15.835727,16.476637,12.830715,10.97125,11.761774,13.821053,14.86301,14.48422,17.855515,17.198524,22.02487,20.144426,24.196917,21.555227,22.341072,26.733133,23.960554,20.179314,23.236948,22.45007,21.092632,25.653454,21.660118,25.286787,23.55833,26.814768,22.753628,19.085152,21.082308,19.067339,24.019554,24.165936,23.127794,27.601328,28.27951,31.41251,34.26638,33.91023,29.819956,29.88317,25.848425,22.567709,20.373558,17.0985,12.002083,9.337967,6.075741,5.1843247,6.478758,8.735029,10.964996,13.487396,16.53516,13.292649,11.179211,11.562054,9.611337,13.319594,15.541219,10.407932,14.809627,12.977152,12.507532,16.352894,16.460562,22.507292,20.264786,24.915323,25.663858,29.456114
26,23.305977,22.303286,20.729952,20.064297,17.912952,23.153156,19.56952,25.873419,25.86185,27.996124,32.488205,33.786415,32.258175,31.251848,27.033585,25.09987,21.993952,18.78124,17.89642,13.563391,14.259605,13.709609,13.849513,10.369744,7.918523,5.8593335,0.0,4.208994,9.781278,12.259442,15.184308,18.330927,24.801062,27.439558,28.752821,32.61978,34.011242,31.447613,28.806639,25.008858,24.722013,18.875408,18.074802,13.270068,13.922918,8.655429,7.0822353,6.244933,8.579158,10.590068,11.2590275,14.955435,15.891235,19.83275,17.155123,20.87989,17.659948,17.745333,21.903076,18.741348,15.120921,18.232357,18.30032,17.19006,22.537048,19.096468,22.97194,21.98212,25.978682,22.455086,19.257103,22.54544,20.887094,26.673748,26.374676,26.245392,30.399054,30.581581,33.701015,36.2105,35.639755,31.66515,30.683603,26.794235,24.123732,21.315836,19.132395,14.446984,11.72165,9.965968,7.2553287,9.960729,8.349208,12.48886,13.496291,16.969114,14.083455,11.6881075,14.561899,13.090574,18.132135,20.603403,14.563435,18.9114,16.227892,14.780291,18.9007,19.858448,25.215977,23.476532,28.23352,28.379587,32.366356
27,24.962912,23.376902,21.489355,20.056252,17.473719,22.41399,17.985746,24.269348,23.518549,25.618935,29.959753,31.193771,30.094194,29.223957,25.36635,23.102541,20.802658,17.046438,17.415258,12.67042,14.307567,14.979636,15.310388,11.083619,10.799661,7.2252555,4.208994,0.0,7.4427843,8.578009,12.249328,14.50375,21.310461,23.736961,25.026758,28.940687,30.084091,27.488178,24.794334,21.00555,20.78954,14.7966385,14.443759,9.4018955,10.9695635,6.2108026,6.31043,6.9153047,10.383087,12.239775,12.150257,16.439556,17.316795,20.820812,17.29781,20.63858,16.76078,17.444086,21.13565,17.823004,14.158418,16.277092,15.550203,13.961812,18.917898,15.154593,18.982552,17.897324,21.825235,18.464273,15.17768,18.768175,17.214771,23.25441,22.881395,23.275948,27.271095,27.414667,30.597794,32.911736,32.56101,28.7026,27.399408,23.606825,20.896397,18.375847,15.982075,12.115075,8.966769,8.390061,5.60428,10.756302,8.963047,13.391818,14.751693,17.56114,13.758333,10.276465,13.745192,11.316405,17.553713,19.32075,12.670992,16.640783,13.482127,11.550744,15.607083,17.053196,21.899551,20.775663,25.45772,25.582354,29.675512
28,21.110203,18.752995,16.229551,14.196172,11.036528,15.453455,10.60112,16.879976,16.20011,18.519573,22.769062,24.225351,23.06653,21.90956,18.130545,15.674571,13.540252,9.655529,11.123533,6.7511306,10.223788,11.808702,14.018735,10.839271,13.208772,10.2357235,9.781278,7.4427843,0.0,4.7858214,5.6024637,10.189826,15.825597,18.476906,20.05151,23.618687,25.656626,23.593428,20.81958,17.134266,17.31677,12.319591,10.569769,8.799631,7.1729198,7.601535,6.423897,10.439474,13.00192,12.685348,10.381265,14.489258,13.998052,17.209333,13.772511,17.025656,14.0168915,16.237381,20.115868,18.283367,14.540642,17.498596,15.047769,14.803745,17.939238,15.61897,19.117384,18.562239,21.673107,19.424772,14.8952465,18.065788,14.841477,21.127651,18.799406,18.85622,22.353832,21.8179,24.71357,27.115643,26.16124,22.233686,21.102314,17.207556,14.995583,11.6630745,10.964139,6.8136077,6.8168397,8.776616,9.541277,15.501488,15.762672,19.473854,21.576067,24.224579,19.973408,16.087486,18.111002,13.811543,19.792576,19.324846,13.124545,14.356627,12.866186,11.161287,13.538307,14.319199,18.440586,15.932105,20.591103,19.724085,23.692776
29,25.403614,22.77562,20.345766,17.639606,14.493428,18.12434,12.514578,18.237396,16.199059,18.39391,22.214413,23.542498,23.193754,22.32226,19.31839,16.38287,15.793662,11.394191,14.420292,10.162608,13.6237545,16.1355,17.546642,13.680501,16.57062,12.763652,12.259442,8.578009,4.7858214,0.0,4.9600277,6.1085405,13.154979,15.200245,16.813572,20.5484,21.967016,19.769588,16.782822,12.9558735,13.441316,7.882181,7.482194,5.7386103,6.5010014,8.237642,9.346222,12.731562,15.9492,16.287706,14.336704,18.608181,18.525328,21.166624,17.063238,19.5877,15.780883,18.15844,21.142467,18.899248,15.485211,16.705208,13.521026,12.3678875,14.616142,11.650504,14.863684,14.036845,16.918512,14.892748,10.331539,13.920883,11.056753,17.671026,15.56863,16.65289,19.94593,19.533588,22.612343,24.670265,24.27959,20.585585,18.894176,15.197919,12.724075,10.349989,8.725164,7.1982493,6.2033525,9.495044,9.985395,16.527372,16.277275,19.970526,22.079285,24.085802,19.410604,15.090876,17.509615,12.9622965,19.637375,18.800604,12.388149,13.216116,10.914621,8.590846,10.557619,12.297218,15.421964,14.407651,18.801311,18.187737,22.313412
30,23.43704,20.532074,17.538738,14.937939,11.418648,14.117606,8.208746,13.387399,11.567751,13.63136,17.775415,19.048773,18.39207,17.46411,14.361724,11.641826,11.379011,7.2425346,11.662662,8.7966585,13.091028,15.432578,18.147793,15.373766,18.613531,15.557519,15.184308,12.249328,5.6024637,4.9600277,0.0,6.4480515,10.368835,13.307032,14.712858,18.148968,20.499525,18.683897,16.06901,12.794691,12.910744,9.337168,6.838299,8.6685915,5.921928,10.474009,10.552079,14.700406,17.155626,16.390852,13.553233,17.215788,16.550684,18.539886,14.683224,16.847744,13.956539,17.103338,20.094997,19.007656,15.787276,17.837954,14.109094,14.379869,15.5057,14.374044,17.177324,17.153507,19.513271,18.533033,13.841536,16.921768,13.173584,19.42703,15.662279,16.431047,19.019585,17.778664,20.441603,22.489271,21.323761,17.616083,15.780844,12.055505,10.655059,6.858109,8.516267,7.343199,9.204332,12.631787,14.013572,20.315655,20.55775,24.22013,26.410246,28.675653,24.087513,19.860048,21.84489,17.002129,23.083408,21.395384,15.679562,15.003312,14.121701,12.341472,13.011842,13.964608,16.199648,13.886307,18.010204,16.239117,20.125755
31,28.88758,25.797674,23.324953,19.935814,16.897564,19.020159,13.173255,17.415922,13.851675,15.894488,18.7054,20.025297,20.765112,20.052639,18.335062,14.903576,16.360876,12.097498,16.75788,13.595661,17.241842,20.528807,21.97801,18.403433,22.191046,18.325962,18.330927,14.50375,10.189826,6.1085405,6.4480515,0.0,8.601258,9.304932,11.406766,14.920592,16.144695,14.351124,10.893351,6.962345,8.890022,4.9577327,6.1177673,8.498591,9.283954,13.383966,14.989624,18.433805,21.57308,21.638763,19.323133,23.29232,22.912598,24.867935,20.648485,22.323568,18.706484,21.658453,23.740557,22.028196,19.198742,19.214989,14.97781,13.863899,13.342467,11.198192,13.009312,12.29032,13.646332,13.114021,8.532752,11.429111,8.163796,14.41901,11.021798,13.388503,15.635703,14.824079,17.806782,19.372389,19.335836,16.060097,13.737651,10.483451,8.287976,7.422847,6.5700154,9.378756,9.870014,13.848514,15.059386,21.410263,21.437782,24.739042,27.024624,28.457882,23.52819,19.119528,21.069994,16.214897,22.48864,20.332565,14.964781,13.660161,12.12482,10.126257,9.494885,11.535973,11.900546,12.119952,15.555363,14.511674,18.496635
32,31.79049,28.544453,25.253584,22.513048,19.251698,19.291748,14.0265255,14.69589,10.596509,10.252085,13.098213,12.9102,14.215629,14.743799,14.359195,12.461795,16.080374,13.5930805,19.615986,18.320965,22.515903,25.212177,28.037022,25.326841,28.909243,25.566761,24.801062,21.310461,15.825597,13.154979,10.368835,8.601258,0.0,6.1074243,4.698044,8.234276,10.881345,9.403567,8.259137,7.9321036,6.410363,9.377128,7.7033744,13.653519,11.963893,18.097176,19.547297,23.182173,25.586866,24.810066,22.069153,25.151047,24.890541,25.112297,20.891525,20.984898,18.293192,21.815342,22.662663,22.504705,20.678566,20.459026,15.595422,16.35967,13.197784,14.87507,15.424937,16.686365,17.202702,19.146023,15.752549,18.352072,15.338613,20.13895,14.817545,17.584976,17.658009,15.115605,16.7941,17.212492,16.021524,13.866799,9.081582,7.7724404,9.824302,8.461755,12.733701,15.833028,17.781473,21.751265,23.031754,29.51378,29.234756,32.921753,34.956818,36.62113,31.797522,27.35666,29.628815,24.746256,30.862524,28.18022,23.275356,21.037266,20.43737,18.67041,17.320183,18.759445,17.11791,16.798492,18.804852,15.856344,18.804419
33,33.70954,30.225248,27.672356,24.001163,21.370293,21.14117,16.287998,17.165125,12.1637125,13.206111,13.485846,14.571254,17.188574,16.831211,17.584383,14.341723,18.45487,15.667774,21.299908,19.986439,23.597752,27.164206,29.079388,26.277517,30.7074,27.111416,27.439558,23.736961,18.476906,15.200245,13.307032,9.304932,6.1074243,0.0,5.096288,6.450008,8.498926,8.832602,5.448734,5.1641603,8.596853,11.197431,11.808861,16.763178,16.36841,21.862946,23.324533,27.01995,29.80358,29.266422,26.468468,29.779608,28.940603,29.90042,26.025572,26.607334,23.930906,27.418552,28.5398,27.960827,25.865719,25.3263,20.491325,20.240063,16.845697,17.074125,16.90729,17.018524,15.968422,17.923458,14.736946,15.580294,12.674737,15.7876215,10.049903,13.414805,12.517544,10.10938,11.83712,11.970123,11.958528,10.183315,5.999225,5.576161,7.0188975,8.93848,11.356089,16.254505,18.214571,22.24502,24.090635,30.214764,30.639433,33.674057,36.119637,37.268593,32.257324,27.91739,29.30691,24.325226,29.707443,26.189365,22.42184,19.070951,19.093079,17.899914,15.205975,16.379889,12.893319,13.771293,14.526729,11.995939,14.6055975
34,36.10267,32.755917,29.631931,26.630726,23.57377,23.246567,18.262005,18.276047,13.744709,13.067927,14.297533,13.75453,16.217329,17.063414,17.826252,15.936891,20.175592,17.82257,23.82282,22.53918,26.568296,29.575222,32.068905,29.179688,32.981503,29.408194,28.752821,25.026758,20.05151,16.813572,14.712858,11.406766,4.698044,5.096288,0.0,4.2679825,6.201297,5.2809877,5.135011,7.350148,6.288926,11.40066,11.210209,16.825682,16.104322,21.952923,23.806847,27.233526,29.809414,29.25584,26.648811,29.777405,29.586685,29.689718,25.414703,25.204027,22.422493,25.805498,26.06598,25.847815,24.381407,23.227537,18.350096,18.703705,14.244772,16.221697,15.60052,16.935167,16.255852,19.289843,16.784906,18.755709,16.469576,20.134188,14.921026,18.456842,17.546421,14.943162,16.15488,15.623529,15.074492,14.0085745,8.564228,9.131375,11.564621,11.919671,15.328169,19.435152,21.111477,25.14498,26.393707,32.803066,32.441113,35.961685,37.995777,39.28716,34.396988,29.977278,32.186665,27.413153,33.38172,30.405855,25.95091,23.329567,22.731117,21.075895,19.098314,20.704628,17.665112,18.578136,19.60047,16.82011,19.201641
35,38.170765,34.704197,31.739017,28.571045,25.836273,24.735653,20.401085,19.338005,14.654367,13.760663,13.262373,12.664983,16.093752,16.92306,18.84994,17.031084,21.899338,20.089823,26.02743,25.314508,29.165636,32.351803,34.841618,32.23288,36.38653,32.896114,32.61978,28.940687,23.618687,20.5484,18.148968,14.920592,8.234276,6.450008,4.2679825,0.0,4.628999,6.52589,7.0341854,10.077816,10.347878,15.4494,15.375534,21.006418,20.107368,26.066216,27.712393,31.285368,33.786224,33.03198,30.238436,33.143894,32.61267,32.584183,28.660582,28.278387,25.994085,29.495564,29.659271,29.787722,28.412962,27.34858,22.485655,22.935743,18.23194,20.276525,19.307766,20.469795,19.048178,22.34284,20.026123,21.161175,18.866404,21.400648,15.839724,19.211578,17.23971,14.27802,14.606088,13.259036,12.677614,12.779401,7.307656,9.719368,12.91456,14.093313,17.693167,22.23842,24.316208,28.368774,29.966574,36.262497,36.252472,39.575726,41.782585,42.973083,38.01903,33.630764,35.44934,30.565842,36.119896,32.621754,28.804895,25.50437,25.47668,24.139172,21.581062,22.809551,18.883036,19.817469,19.858656,16.79146,18.300602
