,0,1,2,3,4,5,6,7,8,9,10,11,12,13,14,15,16,17,18,19,20,21,22,23,24,25,26,27,28,29,30,31,32,33,34,35,36,37,38,39,40,41,42,43,44,45,46,47,48,49,50,51,52,53,54,55,56,57,58,59,60,61,62,63,64,65,66,67,68,69,70,71,72,73,74,75,76,77,78,79,80,81,82,83,84,85,86,87,88,89,90,91,92,93,94,95,96,97,98,99,100,101,102,103,104,105,106,107,108,109,110
0,0.0,4.573812,6.4558234,9.793455,12.201191,14.662909,17.48478,20.522448,24.019707,26.156101,30.633888,34.242718,34.09173,31.85799,31.97324,30.419855,25.1614,27.288517,21.37792,22.957344,18.742268,18.934305,16.297464,20.234407,23.562485,23.519192,25.852077,25.555223,24.365318,28.144033,26.228893,33.17596,30.001493,36.329624,35.14354,39.71801,40.560394,42.562317,37.518467,37.982162,32.65593,35.386383,29.706602,32.408455,28.309156,31.632893,28.8854,29.45941,30.117125,31.993937,31.643682,33.753002,37.633553,34.74274,40.456184,41.511616,39.53087,43.8768,45.414272,45.498375,46.511482,39.80195,41.352688,38.822693,40.930202,36.76204,38.108078,39.45241,41.649536,42.262833,43.837223,41.644012,43.658527,40.42223,44.238773,41.55076,46.798332,46.30243,48.04209,51.516453,48.974068,50.50458,49.367634,45.214752,44.80864,42.81817,45.312614,41.343544,44.99844,42.994564,45.21666,44.79023,47.276016,46.03461,47.16185,50.02329,47.219925,47.6863,47.763966,43.210957,46.60479,40.336685,40.30661,39.4492,35.20723,36.25036,30.479324,34.91744,32.126453,34.20618,33.626175
1,4.573812,0.0,4.8246727,5.902797,8.592629,11.920197,14.190992,18.094345,20.88993,23.533155,27.95016,31.287924,30.603336,28.260736,28.003046,26.244766,20.926085,22.848484,17.07821,18.42529,14.409426,14.526457,12.256625,16.500011,19.771109,19.928368,21.933506,21.344141,20.359522,23.846325,22.252878,29.180819,26.467392,32.575253,31.838127,36.27642,37.33212,39.706566,34.630623,34.898937,29.559326,31.991476,26.233921,28.619373,24.7327,27.593668,25.106928,25.325388,25.955667,27.617914,27.17476,29.343754,33.12376,30.293863,35.966694,37.127827,35.251854,39.63794,41.3483,41.57717,42.458607,35.78144,37.14911,34.670506,36.6409,32.744865,33.84646,35.398773,37.780827,38.422173,39.855457,37.79515,39.689007,36.583332,40.377884,37.785885,43.067223,42.779213,44.66551,48.268337,45.812428,47.644756,46.747593,42.480507,41.911106,39.64286,42.26172,37.956493,41.479893,39.469128,41.53009,41.142323,43.464386,42.383167,43.758827,46.607723,44.00511,44.58252,44.472878,40.09474,43.523388,37.262604,37.48758,36.74412,32.581085,33.43641,27.767609,31.676647,29.02193,30.716574,30.414837
2,6.4558234,4.8246727,0.0,5.175683,6.35439,8.37264,11.179005,14.214751,17.65747,19.735613,24.20283,27.839497,27.783058,25.60169,26.029303,24.849571,19.708998,22.530626,16.356909,19.358152,16.030268,16.79396,15.276351,19.433943,22.715166,22.618122,23.696098,22.53012,20.86539,24.257782,21.175907,27.950384,24.252392,30.723633,29.079706,33.992,34.55584,36.546455,31.68203,32.372784,27.006304,30.171576,24.863914,27.82198,24.233788,27.732206,26.252764,26.681904,27.892782,28.87389,27.86922,29.627403,33.345234,29.882103,35.73168,36.647514,34.40608,38.64285,39.96937,40.103905,41.568233,34.892406,36.990704,34.881214,37.25315,34.039886,35.28578,37.14212,39.73796,39.82041,40.803253,38.439613,39.934525,36.398083,39.90031,36.858242,42.01323,40.920494,43.080547,46.394012,43.450256,45.383217,44.083855,39.737934,39.57884,37.593304,40.464184,36.62108,40.58473,38.9528,41.30419,41.395264,43.921436,43.293358,44.230587,46.83078,44.190506,44.268196,43.763916,39.394154,42.256687,35.99603,35.6063,34.480972,30.495115,31.818026,26.29207,30.83823,28.850243,30.847456,31.055182
3,9.793455,5.902797,5.175683,0.0,3.7388883,6.85403,8.886214,12.9848795,15.31622,18.296103,22.641336,25.719604,24.952372,22.764187,22.52729,20.68708,15.587438,17.77922,11.68459,14.345405,10.977964,12.171975,11.011295,14.983626,18.159763,18.042091,18.700005,17.37087,15.8124695,19.133137,16.603153,23.495733,20.574507,26.72458,25.96461,30.40104,31.462643,33.954014,28.884954,29.127077,23.781406,26.286667,20.692646,23.22277,19.665445,22.73021,21.284472,21.539856,22.824373,23.72099,22.775534,24.570642,28.419867,25.210033,31.014828,31.900753,29.80296,34.121834,35.651836,35.834698,36.951035,30.266384,32.045696,29.838488,32.1192,28.919222,30.121855,32.025833,34.69664,34.765167,35.706547,33.44384,34.952484,31.58365,35.17051,32.341812,37.57451,37.002853,39.0852,42.629375,40.03732,42.092815,41.216293,36.85338,36.31197,33.974957,36.790226,32.497654,36.195156,34.42517,36.588615,36.584545,38.97429,38.370747,39.536858,42.174927,39.692272,39.980114,39.45892,35.22161,38.315918,32.068253,32.15728,31.327818,27.327618,28.261005,22.79312,26.627998,24.570646,26.182943,26.524742
4,12.201191,8.592629,6.35439,3.7388883,0.0,4.751924,5.6647496,10.527736,12.496717,15.365212,19.656328,22.89191,22.079481,19.726698,19.801018,18.60143,13.378561,16.492834,10.3710785,14.199395,12.214774,13.180358,13.174451,17.211275,20.07899,20.210312,20.151125,18.129877,16.53186,19.089645,15.712312,22.278498,18.934668,25.15314,23.868511,28.791931,29.482111,31.970394,27.204689,27.754316,22.398247,25.372396,20.265944,22.87532,19.993021,22.85039,22.499617,22.354641,23.777561,23.936718,22.424118,24.029957,27.450794,23.727926,29.590616,30.594645,28.355032,32.586597,34.04254,34.413467,35.94219,29.354452,31.49059,29.701473,31.993979,29.683592,30.5228,32.863037,35.81924,35.707726,36.226982,33.99038,35.057335,31.583447,34.860916,31.78587,36.905254,35.782227,38.344498,41.727245,38.70693,41.218613,40.153717,35.59874,35.355724,33.023205,36.226032,32.042717,35.953617,34.512074,36.69195,37.074757,39.380993,39.2351,40.386856,42.82893,40.53705,40.58312,39.59153,35.577885,38.20302,32.0302,31.79687,30.69976,27.02077,28.214827,23.096151,26.877968,25.53396,26.936218,27.878222
5,14.662909,11.920197,8.37264,6.85403,4.751924,0.0,4.051959,6.206043,9.451665,11.760533,16.217249,19.620365,19.773947,17.953674,18.822474,17.92577,13.578265,17.137161,11.033332,16.300503,14.627673,16.550781,16.542337,19.905252,22.7769,22.351248,21.537228,19.365416,16.875332,19.62455,14.609036,20.846157,16.319168,22.951704,20.774973,25.931158,26.252052,28.261568,23.51544,24.387053,19.032904,22.692303,18.07532,21.420904,18.699373,22.539278,22.9597,23.45469,25.566074,25.299948,23.485107,24.47623,28.075077,23.952541,29.850246,30.270338,27.619133,31.602274,32.49466,32.53416,34.55726,28.009201,30.935907,29.420393,32.266663,30.33862,31.685804,34.024014,36.967144,36.17132,36.34099,33.690216,34.477417,30.525528,33.530663,30.037794,34.97846,33.156376,35.71495,38.805927,35.47888,37.80158,36.389107,31.86687,31.927694,29.96382,33.221092,29.631247,33.951714,32.843307,35.383625,36.169216,38.78445,38.957363,39.47752,41.664318,39.237793,38.76263,37.545578,33.470352,35.590336,29.45771,28.615265,27.200775,23.622623,25.257456,20.293795,24.837532,24.082144,25.973385,27.236652
6,17.48478,14.190992,11.179005,8.886214,5.6647496,4.051959,0.0,6.0235085,6.916899,9.881353,14.055848,17.253374,16.634905,14.443752,15.164987,14.691453,10.183504,14.390698,8.7655325,14.540809,14.270323,15.802927,16.83828,20.18238,22.638765,22.596605,21.22916,18.456406,16.347776,18.050747,12.945841,18.703281,14.490037,20.799093,18.733595,24.123642,24.37193,26.7894,22.346003,23.234291,17.977982,21.562178,17.362846,20.244938,18.359964,21.32602,22.659058,22.477215,24.499754,23.582619,21.324707,22.2502,25.322798,20.904797,26.75983,27.446259,24.839382,28.800917,29.867792,30.246847,32.401077,26.007597,28.911236,27.746502,30.359295,29.274351,30.063776,32.81927,36.034172,35.279125,35.11334,32.69856,33.10948,29.32567,32.082703,28.59291,33.45113,31.505049,34.545666,37.644337,34.13635,37.074818,35.791054,31.07448,31.17899,28.941704,32.55305,28.711287,32.950657,32.035576,34.357624,35.364567,37.703903,38.247704,39.05618,41.124756,39.031185,38.585842,36.96084,33.25237,35.126953,29.151096,28.407707,26.972345,23.795631,25.336914,20.886934,24.624786,24.41805,25.7018,27.497618
7,20.522448,18.094345,14.214751,12.9848795,10.527736,6.206043,6.0235085,0.0,5.2046347,5.9970083,10.429588,14.012925,15.316294,14.196968,16.23479,16.318495,13.552149,17.698074,12.755923,19.084812,18.693888,20.979145,21.636099,24.427021,26.95667,26.325407,24.439413,21.777958,18.814192,20.787195,14.139991,18.90896,13.034264,19.66898,16.039732,21.76392,21.305521,22.810768,18.510818,20.028427,14.943198,19.641773,16.487196,20.29396,18.692682,22.831451,24.85195,25.493315,28.167675,26.975477,24.559069,24.753252,27.97106,23.28198,28.935944,28.83383,25.758978,29.241158,29.458712,29.332922,32.168526,25.999712,29.897497,29.08584,32.33538,31.602062,33.035355,35.656254,38.749023,37.22354,36.697956,33.794914,33.88998,29.55741,31.893976,27.898968,32.3878,29.40333,32.38988,34.989918,31.01001,33.61775,31.749426,27.114437,27.762663,26.181929,29.823854,26.999485,31.759768,31.325407,34.112995,35.610126,38.3371,39.221016,39.18014,40.899628,38.619846,37.476543,35.602375,31.844034,32.959618,27.156626,25.458746,23.510208,20.597599,22.831062,18.80677,23.562912,24.131891,26.07462,28.133549
8,24.019707,20.88993,17.65747,15.31622,12.496717,9.451665,6.916899,5.2046347,0.0,4.226137,7.6866198,10.423864,10.44215,9.120154,11.081163,11.605792,9.749649,14.145005,10.6356945,17.091793,18.198616,20.301409,21.917162,24.335741,26.323677,25.957891,23.311493,20.082067,17.476593,18.17181,11.3626175,15.024018,9.493996,15.625216,12.267252,18.198925,17.826735,20.104074,16.087381,17.424454,12.544909,16.923025,14.479771,17.600248,17.198202,20.2524,23.471872,23.481018,26.174025,24.179552,21.290178,21.167171,23.800255,18.829018,24.30112,24.272907,21.18307,24.5675,24.906956,25.122198,28.098999,22.157822,26.110893,25.7742,28.82989,29.16457,30.082758,33.10602,36.446815,34.831177,33.851086,31.193233,30.79568,26.660217,28.637964,24.661213,29.013319,25.9629,29.49969,32.16339,28.092115,31.46822,29.935854,25.08549,25.62308,23.59252,27.635489,24.429886,29.023746,28.83663,31.342075,33.12568,35.525837,36.885315,37.125404,38.66633,36.815357,35.71583,33.35116,30.09953,30.932932,25.392756,23.95699,22.111015,19.775063,21.718578,18.507492,21.972755,23.271488,24.423355,27.141958
9,26.156101,23.533155,19.735613,18.296103,15.365212,11.760533,9.881353,5.9970083,4.226137,0.0,4.4935403,8.423697,10.446557,9.887915,13.138565,14.709566,13.614601,18.084902,14.858019,21.306736,22.315928,24.40127,25.867138,28.402063,30.48428,30.031363,27.37971,24.203743,21.434961,22.146193,15.072663,17.781673,11.616195,17.254541,12.351725,18.734583,17.361563,18.73664,15.460242,17.605703,13.297743,18.477566,17.117785,20.530828,20.42544,23.808681,27.29451,27.509031,30.311693,28.18959,25.195688,24.815573,27.171875,22.04701,27.192814,26.937357,23.683043,26.593979,26.39362,26.469175,30.041553,24.525114,28.988882,28.997868,32.21111,32.91119,33.920254,36.961994,40.28352,38.40144,37.199375,34.4012,33.73555,29.41941,30.99465,26.758366,30.683186,26.689428,30.43383,32.581913,27.92758,31.340908,29.237074,24.41622,25.62594,24.163145,28.347454,25.99066,30.8525,31.08318,33.777393,35.898823,38.409214,40.028217,39.871193,41.162514,39.29313,37.764576,35.13925,32.011753,32.171448,26.936884,24.756746,22.450003,20.610611,23.063412,20.369625,24.298437,26.0801,27.50422,30.33971
10,30.633888,27.95016,24.20283,22.641336,19.656328,16.217249,14.055848,10.429588,7.6866198,4.4935403,0.0,4.4656086,7.9827433,8.592032,12.630036,15.147168,15.558167,19.744041,17.773996,23.995743,25.689709,27.746342,29.56697,31.823805,33.625347,33.190136,30.066633,26.70201,24.026976,24.022818,16.966816,17.937458,12.031031,16.238388,10.397984,16.86988,14.638704,15.6889715,13.579012,16.19509,12.99866,18.195055,18.347052,21.387459,22.273611,25.186861,29.543825,29.618286,32.53166,29.86142,26.595652,25.743477,27.488853,22.267246,26.795237,26.270285,22.930376,25.209608,24.529955,24.654734,28.789461,23.979494,28.845171,29.465998,32.67295,34.33662,35.165356,38.38769,41.77925,39.572018,37.891785,35.14349,33.935146,29.6614,30.597523,26.245869,29.57934,24.776573,28.987228,30.676765,25.541048,29.467154,27.171526,22.344286,24.021124,22.786549,27.24534,25.450422,30.301903,31.065107,33.693176,36.26786,38.6408,40.777218,40.421947,41.351387,39.769115,37.912,34.778767,32.162807,31.542711,26.8952,24.336254,21.808153,20.891855,23.443756,21.83622,25.140177,27.74122,28.86791,32.15409
11,34.242718,31.287924,27.839497,25.719604,22.89191,19.620365,17.253374,14.012925,10.423864,8.423697,4.4656086,0.0,5.576945,7.894494,11.672726,14.318113,16.344818,19.757061,19.110317,24.891546,27.177137,29.352932,31.471163,33.205467,34.64998,34.147995,30.490047,27.036823,24.462032,23.778976,16.990675,16.170248,11.0240755,13.441641,7.2752194,13.392937,10.717024,12.075345,10.822546,13.419379,11.43999,16.067415,17.610634,20.080675,21.946293,24.28239,29.43084,29.43516,32.491673,29.349125,25.950624,24.580633,25.887363,20.817383,24.669224,23.70565,20.317432,21.998575,20.875881,20.96468,25.451002,21.302515,26.45056,27.592188,30.806757,33.304733,34.061737,37.350353,40.736057,38.181652,36.068214,33.381187,31.69836,27.529528,27.89225,23.534666,26.343683,21.08778,25.642725,27.091812,21.786196,26.21326,24.096935,19.26309,21.008984,19.728653,24.37244,22.851294,27.543262,28.726252,31.22044,34.152138,36.36515,38.946865,38.443203,39.053314,37.779655,35.72439,32.177685,30.085033,28.898922,24.819597,22.217882,19.730268,19.640467,21.997652,21.465565,23.806332,27.127924,27.846704,31.541048
12,34.09173,30.603336,27.783058,24.952372,22.079481,19.773947,16.634905,15.316294,10.44215,10.446557,7.9827433,5.576945,0.0,3.414779,6.4403563,9.756677,12.662539,15.664512,16.39145,21.420616,24.624142,26.379145,29.080832,30.633562,31.64934,31.520891,27.676908,23.951618,22.049248,20.362637,14.583196,13.064937,9.836454,11.170154,7.5577407,12.941967,11.613476,14.760404,13.142821,14.516076,12.351299,15.506224,16.598936,17.968727,20.409384,21.356695,26.876123,26.115437,28.839186,25.288755,21.676437,20.346016,21.00111,15.833436,19.554747,19.094105,15.923947,17.898632,17.58842,18.438484,22.47483,18.280014,22.803873,24.108398,26.793324,29.876759,29.942814,33.540863,37.117355,34.926033,32.72544,30.50504,28.695332,25.036774,25.459929,21.50763,24.55906,20.323776,25.180311,27.20341,22.52223,27.504519,26.268251,21.413265,22.323843,20.105385,24.812687,22.10573,26.235315,27.163973,29.137413,31.890387,33.638157,36.288834,36.50495,37.25988,36.353535,34.845337,31.261246,29.460812,28.812763,24.698856,23.132887,21.266642,20.98839,22.595577,21.96561,23.021236,26.170795,26.056196,29.933153
13,31.85799,28.260736,25.60169,22.764187,19.726698,17.953674,14.443752,14.196968,9.120154,9.887915,8.592032,7.894494,3.414779,0.0,4.377995,8.38242,10.184228,13.804539,14.262281,19.245033,22.58104,23.965689,26.821907,28.702076,29.752785,29.902952,26.370195,22.545189,20.953356,19.24003,13.825192,13.5141325,10.587371,12.890935,10.21054,15.604417,14.793978,18.041336,15.91347,17.085787,14.141066,17.203726,17.134523,18.425814,20.377434,21.06541,26.140482,25.007168,27.419764,24.013716,20.377,19.538895,20.174152,14.830261,19.058025,19.299253,16.37392,18.926506,19.325186,20.482536,24.010649,19.388956,23.323177,24.285496,26.664848,29.388542,29.127237,32.840893,36.52059,34.78951,32.878723,30.853785,29.346401,25.875755,26.736988,23.002726,26.474209,22.929434,27.629229,29.971119,25.573515,30.43108,29.325829,24.436462,25.109253,22.659847,27.262949,23.998625,27.996834,28.532318,30.367811,32.774094,34.41432,36.765697,37.4164,38.451836,37.496258,36.353474,33.04043,31.015137,30.93554,26.457766,25.27323,23.567976,22.739882,24.212013,22.858948,24.035246,26.596378,26.39342,30.046858
14,31.97324,28.003046,26.029303,22.52729,19.801018,18.822474,15.164987,16.23479,11.081163,13.138565,12.630036,11.672726,6.4403563,4.377995,0.0,4.83757,7.8201118,10.348157,12.43557,16.309086,20.363707,21.506086,24.752464,26.22904,26.86002,27.22017,23.50727,19.579174,18.59199,16.045967,11.988472,11.197053,10.527644,11.810541,11.615676,15.714302,16.051317,20.067781,17.563595,17.860392,14.979099,16.671022,16.127428,16.409819,18.679394,18.175241,23.39017,21.712753,23.873838,20.189886,16.460606,15.672252,15.946706,10.596354,14.957449,15.633542,13.01894,16.037584,17.26117,18.817785,21.597473,16.876425,20.04029,20.948349,22.90265,25.88774,25.1808,29.044926,32.80783,31.342604,29.447903,27.774294,26.29852,23.282415,24.309881,21.044731,24.726664,22.31017,26.843365,29.639091,25.95234,30.84281,30.39325,25.618702,25.621395,22.61435,27.001085,22.925932,26.370039,26.591043,28.014122,30.152893,31.461916,33.74394,34.914845,36.091946,35.367374,34.68409,31.50688,29.653475,30.094448,25.639282,25.289137,24.11286,23.120216,23.970554,22.60333,22.739105,25.03372,24.19411,27.869926
15,30.419855,26.244766,24.849571,20.68708,18.60143,17.92577,14.691453,16.318495,11.605792,14.709566,15.147168,14.318113,9.756677,8.38242,4.83757,0.0,5.683443,6.182961,9.442775,12.5661745,16.699984,18.214506,21.39376,22.252066,22.695213,22.867025,18.888535,14.990596,14.083606,11.264743,7.9141006,7.4889703,8.656692,10.018008,11.983324,14.937239,16.541578,20.925467,17.467848,16.90243,13.683523,14.185525,12.599882,12.267597,14.414735,13.421303,18.600832,16.950798,19.30502,15.683549,12.042479,11.22867,12.549866,7.3397884,12.704519,13.127349,10.5296955,14.429679,16.1569,17.407862,19.250765,13.711972,16.377733,16.690672,18.812294,21.181116,20.782942,24.492796,28.202883,26.747545,25.100668,23.358616,22.269287,19.266308,20.876534,17.871634,22.137173,20.967405,24.828402,28.175892,25.318533,29.651705,29.718325,25.097685,24.370256,20.968136,24.92562,20.098076,23.259825,22.950798,24.295502,26.039957,27.415033,29.35029,30.714394,32.153885,31.315556,31.000198,28.234428,26.13516,27.334164,22.576368,22.980282,22.320854,20.825542,21.123545,19.445469,18.976542,20.811644,19.712608,23.275957
16,25.1614,20.926085,19.708998,15.587438,13.378561,13.578265,10.183504,13.552149,9.749649,13.614601,15.558167,16.344818,12.662539,10.184228,7.8201118,5.683443,0.0,5.2060914,4.913845,9.151367,12.745522,13.857243,16.970839,18.785019,19.76789,20.247282,17.2706,13.440156,12.652418,11.191414,7.980788,11.622244,11.017386,14.782759,15.535915,19.502045,20.80797,24.704378,20.683237,20.503601,16.192467,17.621487,14.210305,14.810827,15.028165,14.948759,18.252798,16.533888,18.4131,15.876107,12.744267,13.373149,15.484368,10.886299,16.687616,17.854107,15.690085,19.847225,21.767784,22.871237,24.391941,18.401505,20.45689,19.827105,21.738497,22.410295,22.056908,25.54372,29.194527,28.477556,27.653248,25.921778,25.677248,22.674364,25.056236,22.164713,26.87577,25.953936,29.42412,32.902763,30.017017,33.8767,33.636253,28.922869,28.304768,25.10935,28.88316,23.98049,27.323336,26.474936,27.976326,29.113934,30.67039,31.828281,33.453735,35.347446,34.094036,34.09822,31.94816,29.189714,31.073217,25.69529,26.071514,25.306581,22.940302,23.461643,20.3987,21.185564,21.784208,21.271349,24.026365
17,27.288517,22.848484,22.530626,17.77922,16.492834,17.137161,14.390698,17.698074,14.145005,18.084902,19.744041,19.757061,15.664512,13.804539,10.348157,6.182961,5.2060914,0.0,6.2940097,6.6068697,11.339396,12.52988,15.943244,16.48832,16.685032,17.182486,13.56112,9.59045,9.818639,6.7011905,7.1365867,9.808364,12.137594,14.228286,17.151495,19.479525,21.791561,26.141071,21.981009,20.930445,17.192501,16.870457,13.225066,12.272189,12.852705,10.879659,14.345486,11.950561,13.766473,10.764655,7.5428753,8.395033,11.0398,7.461021,13.236921,14.452448,12.899553,17.346836,19.879734,21.021816,21.452,15.49501,16.354263,15.317622,16.842009,17.452171,16.85433,20.403233,24.107824,23.539068,22.789146,21.385574,21.328846,18.894852,21.563179,19.389933,24.213255,24.691698,27.644094,31.518011,29.552547,33.189896,33.666027,29.25622,27.931042,24.317513,27.603418,22.02551,24.568699,23.298367,24.313604,25.037792,26.270487,27.256788,29.387564,31.4294,30.41497,30.942617,29.060411,26.53701,29.007181,23.860895,25.212107,25.106215,22.755459,22.472372,19.748611,19.007378,19.255285,17.865856,20.59991
18,21.37792,17.07821,16.356909,11.68459,10.3710785,11.033332,8.7655325,12.755923,10.6356945,14.858019,17.773996,19.110317,16.39145,14.262281,12.43557,9.442775,4.913845,6.2940097,0.0,6.4954724,8.352649,10.274532,12.694566,14.570585,16.074446,16.224293,13.78569,10.37815,9.131707,9.567854,6.84373,12.884527,11.993956,16.709066,17.689281,21.328304,23.042404,26.679466,21.945597,21.50919,16.71255,17.953184,13.080555,14.16066,12.707653,13.636247,15.253413,14.176242,16.158873,14.836962,12.612565,13.822551,17.238886,13.593351,19.45807,20.319305,18.266546,22.63129,24.508907,25.131313,26.123632,19.655973,21.356575,19.829538,21.987907,20.921144,21.336876,24.237951,27.598953,27.07587,26.93715,24.95574,25.501677,22.359781,25.437485,22.703178,27.80998,27.535782,30.249767,33.978424,31.555204,34.634327,34.460106,29.914024,28.97984,25.868208,29.144178,24.088135,27.411085,26.010408,27.701374,28.284996,30.162132,30.604624,32.17218,34.4226,32.73538,32.997444,31.526634,28.186144,30.811398,25.00319,25.673689,25.144882,22.028692,22.380238,18.351776,19.767658,19.253279,19.266945,21.274845
19,22.957344,18.42529,19.358152,14.345405,14.199395,16.300503,14.540809,19.084812,17.091793,21.306736,23.995743,24.891546,21.420616,19.245033,16.309086,12.5661745,9.151367,6.6068697,6.4954724,0.0,5.528484,6.042055,9.598151,10.321619,10.7581835,11.770588,9.693924,6.464531,8.0822735,7.3536453,10.320727,15.164313,16.813438,19.943483,22.615059,25.043123,27.498066,31.571753,26.86906,25.769842,21.507387,21.234346,16.153282,15.566764,14.021857,12.56443,12.530996,9.967088,10.657414,10.0710945,8.938312,11.502193,14.882171,13.096685,18.195587,19.721943,18.721272,23.186321,25.887064,26.78371,26.516546,20.427103,20.278816,18.078888,19.126055,17.13215,16.764729,19.54459,22.88509,23.403505,23.888905,22.690828,23.827133,21.786085,25.27642,23.625757,28.736572,30.035013,32.252502,36.374798,34.869934,37.809155,38.33605,34.06772,32.5041,28.994247,31.74604,25.990662,28.256905,26.24032,27.182789,26.92998,28.21579,28.041018,30.620417,33.232746,31.836288,33.007843,32.08164,28.996708,32.463436,26.952915,28.722006,28.864838,25.721313,25.237377,21.378239,21.2327,19.737247,18.722157,20.07176
20,18.742268,14.409426,16.030268,10.977964,12.214774,14.627673,14.270323,18.693888,18.198616,22.315928,25.689709,27.177137,24.624142,22.58104,20.363707,16.699984,12.745522,11.339396,8.352649,5.528484,0.0,4.082193,5.0170093,6.2923675,8.378735,8.663116,8.479576,7.1312804,7.6516056,10.169337,12.157268,18.241547,18.740582,22.876371,24.971514,27.553833,29.979864,33.602955,28.432108,27.40173,22.764109,22.831545,16.922834,17.245638,14.058015,14.42361,12.04167,11.111793,11.876592,13.256161,13.239312,15.627969,19.748499,18.15606,23.288729,24.338923,23.113523,27.557678,29.891937,30.304585,30.00615,23.626135,23.70416,20.934134,22.426544,18.663696,19.465002,21.27501,24.021524,24.627745,25.849665,24.24653,26.114653,23.76406,27.700386,25.976095,31.269358,32.63148,34.25694,38.404346,37.052948,39.24984,39.59474,35.477192,33.87177,30.674398,33.024143,27.532143,29.985607,27.623306,28.92623,28.249754,29.999743,29.09256,31.294842,34.184414,32.228893,33.464054,33.211987,29.50485,33.45549,27.602795,29.298512,29.472763,25.71461,25.305046,20.562012,21.523333,18.90717,18.877575,19.145443
21,18.934305,14.526457,16.79396,12.171975,13.180358,16.550781,15.802927,20.979145,20.301409,24.40127,27.746342,29.352932,26.379145,23.965689,21.506086,18.214506,13.857243,12.52988,10.274532,6.042055,4.082193,0.0,4.2794614,6.745828,8.134242,9.856012,10.704635,9.494392,11.194986,12.432588,15.179613,20.84151,21.670738,25.55423,27.678518,30.467339,32.784943,36.57048,31.607882,30.681828,26.060345,26.184605,20.516562,20.483196,17.787203,17.21902,14.888697,12.931511,12.477764,13.982626,14.093668,16.993456,20.335972,19.021013,23.872599,25.583166,24.72693,29.180956,31.885115,32.66716,32.24009,26.102968,25.679996,23.026854,23.821012,20.33223,20.170834,22.153301,24.960787,26.30551,27.649387,26.578487,28.402332,26.539167,30.375353,28.895813,34.102123,35.58016,37.459225,41.631145,40.214954,42.73904,43.124176,38.906643,37.364532,34.04421,36.54391,30.8971,33.14158,30.782322,31.76847,30.967335,32.324867,31.365906,34.085674,37.023365,35.31659,36.80729,36.506668,33.031902,36.98264,31.25953,33.03926,33.18824,29.567553,29.157198,24.557367,25.217037,22.678753,22.23533,22.473427
22,16.297464,12.256625,15.276351,11.011295,13.174451,16.542337,16.83828,21.636099,21.917162,25.867138,29.56697,31.471163,29.080832,26.821907,24.752464,21.39376,16.970839,15.943244,12.694566,9.598151,5.0170093,4.2794614,0.0,4.837353,7.6746716,8.638327,11.087518,11.150017,12.151236,14.821996,17.098001,23.25725,23.522842,27.878696,29.731493,32.50417,34.839504,38.326946,33.0902,32.17152,27.410711,27.659027,21.613962,22.05418,18.502544,18.940924,15.336004,14.489646,14.182715,16.661892,17.286879,20.011766,23.856926,22.642366,27.553028,28.906338,27.904299,32.34822,34.81642,35.27064,34.789116,28.498123,28.203749,25.215199,26.308195,21.77535,22.409868,23.715551,26.050688,27.401066,29.21206,27.88194,30.162167,28.12956,32.216583,30.725769,36.00913,37.57609,39.021374,43.199993,41.942627,43.930744,44.226486,40.161495,38.56619,35.46588,37.647015,32.209408,34.517616,31.940865,33.138897,32.051697,33.702763,32.25199,34.68256,37.78387,35.713844,37.25359,37.435738,33.589706,37.8487,31.981457,33.73383,33.936565,29.967037,29.57179,24.519693,25.810284,22.584589,22.765078,22.251402
23,20.234407,16.500011,19.433943,14.983626,17.211275,19.905252,20.18238,24.427021,24.335741,28.402063,31.823805,33.205467,30.633562,28.702076,26.22904,22.252066,18.785019,16.48832,14.570585,10.321619,6.2923675,6.745828,4.837353,0.0,3.5072925,3.8702698,7.4794807,9.052053,10.760405,13.4360695,17.313486,22.774237,24.098541,27.641083,30.430439,32.261345,35.11548,38.760807,33.453842,32.0322,27.708223,26.982157,20.988897,20.70211,17.09036,16.809937,11.960782,11.362031,10.747549,14.23007,15.80046,18.450937,22.590115,22.330484,26.690231,27.725052,27.051632,31.344858,33.886692,34.161896,33.01447,27.004332,26.01705,22.632504,23.52483,18.056633,19.124846,19.788868,21.75985,23.285986,25.518705,24.348694,27.063168,25.47751,29.748154,28.823946,33.99404,36.443527,37.32935,41.672836,41.104588,42.734497,43.4976,39.741238,37.690685,34.46445,36.149857,30.513634,32.212555,29.301353,30.205988,28.636658,30.157074,28.2625,30.912989,34.16636,32.144966,34.1067,34.71901,30.986423,35.701168,30.11889,32.49959,33.16736,29.24554,28.293781,23.572767,23.8836,20.140732,19.904573,18.836632
24,23.562485,19.771109,22.715166,18.159763,20.07899,22.7769,22.638765,26.95667,26.323677,30.48428,33.625347,34.64998,31.64934,29.752785,26.86002,22.695213,19.76789,16.685032,16.074446,10.7581835,8.378735,8.134242,7.6746716,3.5072925,0.0,3.3465579,6.7526994,8.764967,11.566497,13.106562,18.332247,22.988407,25.259592,28.032206,31.485207,32.815758,35.9317,39.828724,34.66958,32.988567,28.996384,27.669939,21.985643,20.941557,17.885067,16.353415,11.387589,9.905597,8.2238455,12.276223,14.483254,17.287033,21.087597,21.61926,25.384169,26.568224,26.333567,30.495535,33.30582,33.7264,32.09791,26.473557,24.746042,21.278547,21.570932,15.959864,16.533707,17.026304,18.942284,21.01453,23.428482,22.76036,25.566053,24.6021,28.828814,28.40576,33.407383,36.444214,37.23257,41.67668,41.464733,43.19848,44.301273,40.64723,38.36754,34.941784,36.492218,30.609827,31.787506,28.758362,29.227673,27.390669,28.499044,26.472454,29.650688,32.948242,31.24401,33.577507,34.25018,30.869871,35.72733,30.469654,33.271828,34.18722,30.501423,29.220213,24.97018,24.313772,20.640535,19.671278,18.60016
25,23.519192,19.928368,22.618122,18.042091,20.210312,22.351248,22.596605,26.325407,25.957891,30.031363,33.190136,34.147995,31.520891,29.902952,27.22017,22.867025,20.247282,17.182486,16.224293,11.770588,8.663116,9.856012,8.638327,3.8702698,3.3465579,0.0,5.154609,8.228499,10.187702,12.713871,17.517166,22.225998,24.299067,27.139713,30.590559,31.64161,34.863777,38.572933,33.271503,31.47164,27.576397,26.090075,20.305862,19.453358,15.921243,15.107347,9.302258,9.222942,8.6566105,12.784054,15.031956,17.38386,21.736303,22.167654,26.03457,26.686235,26.223623,30.312862,32.816067,32.897686,31.261778,25.545113,24.090164,20.430752,21.263266,15.037776,16.702665,16.75418,18.387814,19.853418,22.386578,21.265245,24.315277,23.054832,27.423573,26.943872,31.959444,35.062946,35.476498,39.90661,39.885494,41.203007,42.32522,38.84984,36.460068,33.179348,34.444355,28.731869,29.934599,26.789864,27.479084,25.552246,27.011337,24.789604,27.531034,30.877193,28.887018,31.142712,32.080463,28.465393,33.48818,28.197426,31.04722,32.077686,28.265564,26.879545,22.555765,22.028442,17.962896,17.366531,15.855577
26,25.852077,21.933506,23.696098,18.700005,20.151125,21.537228,21.22916,24.439413,23.311493,27.37971,30.066633,30.490047,27.676908,26.370195,23.50727,18.888535,17.2706,13.56112,13.78569,9.693924,8.479576,10.704635,11.087518,7.4794807,6.7526994,5.154609,0.0,3.9723325,6.224053,8.037771,13.529045,17.429201,20.217463,22.369162,26.339172,26.89651,30.31474,34.18896,29.04697,27.022694,23.479898,21.473078,16.032492,14.584134,11.644069,9.976749,4.743266,4.4751644,5.871062,8.824377,10.812588,12.676432,17.399078,17.837202,21.61726,21.86789,21.316832,25.326965,27.739244,27.769981,26.124681,20.400206,19.048723,15.445056,16.68867,11.046834,13.112424,13.797978,16.07337,16.541893,18.370625,16.937223,19.617594,18.119198,22.43012,21.878841,26.906256,30.045326,30.57029,35.022694,35.037956,36.575485,37.85674,34.383987,31.895891,28.454277,29.815573,23.927708,25.098566,22.088842,22.784235,21.229595,22.758923,21.165743,23.785189,26.933208,25.13103,27.139662,27.594252,24.19431,28.97995,23.775776,26.757666,27.871063,24.378557,22.818047,19.056097,17.671368,14.230622,12.986801,12.457889
27,25.555223,21.344141,22.53012,17.37087,18.129877,19.365416,18.456406,21.777958,20.082067,24.203743,26.70201,27.036823,23.951618,22.545189,19.579174,14.990596,13.440156,9.59045,10.37815,6.464531,7.1312804,9.494392,11.150017,9.052053,8.764967,8.228499,3.9723325,0.0,4.1033545,4.5161996,10.247227,14.254503,17.084238,19.302425,23.145903,24.107412,27.33349,31.3698,26.382072,24.548828,20.858768,19.186686,13.873168,12.423953,10.208674,8.110759,6.108506,4.2274537,6.5186834,7.170201,7.8463144,9.79728,14.558089,14.252665,18.540804,18.987623,18.189392,22.408775,24.890081,25.175896,24.017427,18.011065,17.188236,14.0752735,15.537913,11.704712,12.927729,14.790717,17.749289,17.802546,18.75037,17.235281,19.11581,17.213839,21.240097,20.188772,25.338364,27.834143,29.016201,33.38936,32.872917,34.991863,36.068672,32.297318,30.075949,26.517126,28.437273,22.47292,24.090942,21.50701,22.340841,21.484093,22.979946,22.233448,24.735678,27.57984,25.995316,27.545843,27.263512,24.039486,28.235949,22.89506,25.48767,26.286806,23.01111,21.767899,18.151114,16.892736,14.525327,13.130744,13.920563
28,24.365318,20.359522,20.86539,15.8124695,16.53186,16.875332,16.347776,18.814192,17.476593,21.434961,24.026976,24.462032,22.049248,20.953356,18.59199,14.083606,12.652418,9.818639,9.131707,8.0822735,7.6516056,11.194986,12.151236,10.760405,11.566497,10.187702,6.224053,4.1033545,0.0,5.2348995,7.5682645,12.516493,14.188265,17.200485,20.44283,21.620098,24.699644,28.414925,23.179733,21.458761,17.518818,16.254534,10.4388075,10.051599,6.772397,7.3724647,6.3269205,7.113359,10.32414,10.452983,10.242322,11.189541,16.313982,15.027651,19.793177,19.587687,18.098263,22.267164,24.139187,24.00547,23.450886,17.025,17.452227,14.555273,17.087679,13.585472,15.786313,17.477404,20.234402,19.354132,19.967388,17.6477,19.330769,16.44557,20.45399,18.692049,23.999693,25.799564,26.917522,31.161629,30.35434,32.20051,32.967598,29.161371,27.088638,23.772299,25.743113,20.114626,22.413319,20.016813,21.517263,21.102636,23.232908,22.738146,24.31975,27.003256,25.013453,25.969593,25.568634,21.903917,25.878725,20.147375,22.287441,22.885977,19.3483,18.373684,14.3203,14.046296,11.788025,11.441399,12.538019
29,28.144033,23.846325,24.257782,19.133137,19.089645,19.62455,18.050747,20.787195,18.17181,22.146193,24.022818,23.778976,20.362637,19.24003,16.045967,11.264743,11.191414,6.7011905,9.567854,7.3536453,10.169337,12.432588,14.821996,13.4360695,13.106562,12.713871,8.037771,4.5161996,5.2348995,0.0,7.510611,10.036851,13.832677,15.166486,19.496756,20.157446,23.448248,27.71817,23.045612,21.125193,17.816008,15.826698,11.331692,9.167883,8.756972,5.293225,7.7968526,5.779111,8.790913,6.5667076,5.2373986,6.060216,11.086855,10.218364,14.672085,14.797481,13.739312,18.004328,20.452366,20.86655,19.990593,13.882613,13.55102,11.060042,12.997128,11.446973,12.275575,15.014789,18.404266,17.585821,17.441853,15.76445,16.68277,14.434676,18.023468,16.634317,21.749134,23.895947,25.552494,29.853561,29.103981,31.720957,32.83714,28.959387,26.812668,23.080692,25.36855,19.319374,21.09349,18.976587,19.83002,19.725534,21.158508,21.387823,23.642153,26.070398,24.820107,25.917141,24.867533,22.060335,25.606308,20.45672,22.888319,23.58036,20.83985,19.650475,16.873606,14.921369,14.021053,12.094096,14.3220415
30,26.228893,22.252878,21.175907,16.603153,15.712312,14.609036,12.945841,14.139991,11.3626175,15.072663,16.966816,16.990675,14.583196,13.825192,11.988472,7.9141006,7.980788,7.1365867,6.84373,10.320727,12.157268,15.179613,17.098001,17.313486,18.332247,17.517166,13.529045,10.247227,7.5682645,7.510611,0.0,6.9823594,6.94429,10.918465,13.171655,15.427969,17.884554,21.692144,16.720118,15.548067,11.250702,11.305693,6.5453043,7.578678,7.2106023,8.919828,12.703823,12.785323,16.067654,13.960069,11.58506,11.143021,15.265797,11.810896,17.217619,16.634937,14.066295,18.14696,19.384035,19.370451,20.396883,13.721168,16.350956,15.067319,18.2631,17.869823,19.32172,22.018747,25.237238,23.478384,22.698843,20.100285,20.212208,16.414621,19.282927,16.17991,21.31588,21.110495,23.49541,27.288773,25.225023,28.036522,28.191523,23.84569,22.502554,19.247543,22.358465,17.250662,20.732265,19.549017,21.552979,22.624178,24.85505,25.809282,26.637154,28.55627,26.866371,26.674633,24.899382,21.651794,23.999315,18.27297,19.08445,18.817793,15.969099,15.979746,12.8102255,13.350165,13.952243,13.8862,16.808367
31,33.17596,29.180819,27.950384,23.495733,22.278498,20.846157,18.703281,18.90896,15.024018,17.781673,17.937458,16.170248,13.064937,13.5141325,11.197053,7.4889703,11.622244,9.808364,12.884527,15.164313,18.241547,20.84151,23.25725,22.774237,22.988407,22.225998,17.429201,14.254503,12.516493,10.036851,6.9823594,0.0,6.8210053,5.143505,10.460853,10.308812,13.613616,18.13121,14.1411295,12.162268,10.0973835,7.8229985,7.418679,5.6793656,9.715672,8.853876,15.286842,14.992038,18.336178,14.828267,11.970342,9.660391,12.423656,9.213999,13.072181,11.172812,8.0750065,11.593407,12.449222,12.434202,13.747467,7.325137,11.24526,11.5410185,15.008641,17.339857,18.418495,21.434107,24.713165,22.061869,20.02014,17.542704,16.229519,12.456669,14.036338,10.651747,15.313372,15.009227,17.999796,21.752754,19.872921,23.461779,24.210072,20.036337,18.394636,14.632315,18.046251,12.761037,15.883499,15.577685,17.248558,19.321697,21.169436,23.36604,23.935827,25.149437,24.20858,23.597534,20.77759,18.701122,19.970188,15.31438,16.355726,16.373516,15.133627,14.641902,14.178688,12.108295,14.9161825,13.582422,17.72855
32,30.001493,26.467392,24.252392,20.574507,18.934668,16.319168,14.490037,13.034264,9.493996,11.616195,12.031031,11.0240755,9.836454,10.587371,10.527644,8.656692,11.017386,12.137594,11.993956,16.813438,18.740582,21.670738,23.522842,24.098541,25.259592,24.299067,20.217463,17.084238,14.188265,13.832677,6.94429,6.8210053,0.0,6.7904816,6.3809724,9.879912,11.375851,14.908936,10.1022625,9.659174,5.2418623,7.685181,6.8604136,9.361423,10.994307,13.599311,18.596285,19.121832,22.583288,19.865496,17.02564,15.566135,18.523796,14.2748575,18.921162,17.457281,14.070403,17.083897,16.912533,16.469131,19.204422,13.257015,17.918531,17.976501,21.663246,22.86607,24.41471,27.220535,30.379566,27.77193,26.141373,23.197474,22.267635,17.865108,19.414886,15.257214,19.56108,17.018057,20.258347,23.297747,20.022144,23.357117,22.787323,18.089102,17.598747,14.842311,18.813633,15.088091,19.591675,19.659801,22.195543,24.417368,26.879501,28.78269,28.571573,29.745672,28.167074,26.841473,24.09504,21.267826,21.874708,16.613483,15.764591,14.530557,12.773404,13.906257,12.388847,13.78039,16.511532,17.010223,20.621738
33,36.329624,32.575253,30.723633,26.72458,25.15314,22.951704,20.799093,19.66898,15.625216,17.254541,16.238388,13.441641,11.170154,12.890935,11.810541,10.018008,14.782759,14.228286,16.709066,19.943483,22.876371,25.55423,27.878696,27.641083,28.032206,27.139713,22.369162,19.302425,17.200485,15.166486,10.918465,5.143505,6.7904816,0.0,6.763994,5.3602705,8.619763,13.285769,10.07149,8.182698,7.902476,6.090189,9.420356,8.963346,13.211682,13.4440155,19.89276,20.004072,23.412458,19.80564,16.884344,14.315646,16.059238,12.656347,15.4244175,12.823398,9.336561,11.159904,10.288255,9.692761,12.866468,7.9489822,13.445325,14.839545,18.41455,21.617733,22.807037,25.730396,28.84574,25.649885,23.073215,20.419554,18.352999,14.34589,14.537039,10.377013,13.847524,11.231522,15.199296,18.281776,15.435925,19.682503,20.059008,15.721163,14.618293,11.1146,15.289866,11.337482,15.139302,16.042446,18.057463,21.031357,22.995502,25.876781,25.58997,26.149387,25.354227,23.846457,20.229004,18.700144,18.382648,14.487288,14.27887,13.702615,13.768415,13.90064,14.949344,13.326419,17.430696,16.614408,20.972164
34,35.14354,31.838127,29.079706,25.96461,23.868511,20.774973,18.733595,16.039732,12.267252,12.351725,10.397984,7.2752194,7.5577407,10.21054,11.615676,11.983324,15.535915,17.151495,17.689281,22.615059,24.971514,27.678518,29.731493,30.430439,31.485207,30.590559,26.339172,23.145903,20.44283,19.496756,13.171655,10.460853,6.3809724,6.763994,0.0,6.521929,5.6779876,9.177333,5.973607,6.9820504,5.760734,9.050006,11.971266,13.8771925,16.609589,18.701342,24.384132,24.801817,28.226732,24.978346,21.855097,19.865517,21.643528,17.26774,20.739944,18.797415,15.247494,16.818657,15.358017,14.763104,18.978184,14.679182,20.199223,21.38616,24.990858,27.582947,28.868645,31.836208,34.991653,31.92885,29.616024,26.735014,24.922478,20.610329,20.823402,16.372723,19.266186,14.485252,18.754425,20.74871,16.180044,20.463621,19.255693,14.346987,15.004255,12.971927,17.631008,15.6137085,20.272655,21.49963,24.03744,27.089327,29.397223,32.10404,31.337503,31.826582,30.625603,28.544167,24.93786,22.98239,21.875687,17.84956,15.735441,13.742804,13.925894,15.664874,16.117138,17.18687,21.114166,21.509773,25.487743
35,39.71801,36.27642,33.992,30.40104,28.791931,25.931158,24.123642,21.76392,18.198925,18.734583,16.86988,13.392937,12.941967,15.604417,15.714302,14.937239,19.502045,19.479525,21.328304,25.043123,27.553833,30.467339,32.50417,32.261345,32.815758,31.64161,26.89651,24.107412,21.620098,20.157446,15.427969,10.308812,9.879912,5.3602705,6.521929,0.0,4.4841127,8.685638,6.692798,4.636182,7.854239,6.6383915,12.274229,12.640646,16.598936,17.777271,23.983896,24.696089,28.27932,24.826416,22.089073,19.374372,20.921032,17.788832,19.819187,16.72194,13.461217,13.766219,11.228617,9.48831,13.83057,10.910845,16.778715,18.561619,22.32639,25.65731,27.28964,29.888298,32.707386,28.9597,26.11105,23.185163,20.773642,16.618275,15.7876005,11.385291,13.223624,7.975502,12.389502,14.476776,10.560872,15.13212,15.063095,10.677957,10.157208,7.379579,12.096758,10.415653,14.656762,16.60927,19.011166,22.58801,24.796434,28.051476,26.767757,26.717388,25.914635,23.497244,19.36826,18.301569,16.353062,13.533233,11.873784,10.7054615,12.424863,13.103202,15.74377,14.595133,19.505463,19.283163,23.581202
