,0,1,2,3,4,5,6,7,8,9,10,11,12,13,14,15,16,17,18,19,20,21,22,23,24,25,26,27,28,29,30,31,32,33,34,35,36,37,38,39,40,41,42,43,44,45,46,47,48,49,50,51,52,53,54,55,56,57,58,59,60,61,62,63,64,65,66,67,68,69,70,71,72,73,74,75,76,77,78,79,80,81,82,83,84,85,86,87,88,89,90,91,92,93,94,95,96,97,98,99,100,101,102,103,104,105,106,107,108,109
0,0.0,4.305019,6.5836587,9.152519,11.9030695,14.18691,17.519321,22.233902,24.60415,27.400263,31.070042,31.874805,30.019476,28.567862,24.027359,22.728453,17.907667,17.110504,14.096856,11.625109,12.943028,9.386566,15.124754,12.895563,17.379839,18.83609,17.16791,17.986689,13.082471,16.330519,15.89101,18.2483,25.10697,23.737005,28.12298,30.562223,32.975697,32.081642,32.236645,30.347294,27.931498,25.874937,26.052544,22.922283,26.380014,24.731815,28.042519,27.514505,28.765392,32.26595,32.243633,36.69666,37.169044,40.169052,36.01704,38.043854,33.075268,32.721745,33.70415,36.32426,32.76959,36.955296,34.20293,34.18646,35.351772,32.381454,35.114048,31.48785,33.233032,28.78744,25.173653,26.852608,26.351896,28.834402,29.690895,29.658943,33.123707,32.10307,33.805172,34.847584,32.65941,29.117643,26.5381,23.62485,22.240334,19.785156,19.678497,17.266987,17.417635,17.464317,19.050644,17.187372,22.688978,22.560421,26.172007,25.585241,23.311186,26.928755,29.551155,27.530298,27.02247,31.485966,35.202076,32.27477,29.086155,28.422342,23.271631,21.772322,17.730934,16.707504
1,4.305019,0.0,5.300899,6.466744,8.484901,11.965196,14.135721,19.615416,21.475746,24.435675,27.806103,29.1149,27.66742,26.141771,21.838928,19.946339,15.653032,13.992813,11.974397,8.564903,10.7122755,7.667483,13.772562,12.846009,16.459845,16.897442,14.342813,14.989032,9.590255,13.513382,12.611606,16.145401,22.562214,22.17604,25.900986,28.734339,30.679579,29.384506,29.508814,27.299595,25.275196,22.478611,22.945833,19.385675,23.29952,21.457952,24.598452,24.566711,26.041332,29.445366,29.190456,33.57601,33.665524,36.841362,32.928978,35.226345,30.278843,30.305742,31.430922,33.626358,29.986649,33.70724,30.720078,30.446005,31.386684,28.281948,30.933594,27.241074,29.026587,24.51511,20.922169,22.822798,22.356783,25.185669,26.153852,26.496172,30.09459,29.475735,31.492662,32.677925,30.887703,27.219398,24.783768,21.599148,19.542368,17.351366,16.19011,13.651859,13.32231,13.435861,14.796506,12.945066,18.452496,18.582674,22.033693,21.385494,19.289139,23.022907,25.47714,23.630129,23.338652,27.66322,31.287474,28.66339,25.474699,25.068527,19.728,18.797426,14.7088585,14.488182
2,6.5836587,5.300899,0.0,5.3137517,6.8604593,8.4306,12.008318,16.079891,18.92878,21.247465,25.41347,26.161306,24.147585,23.158274,18.442272,17.593052,13.1585,12.665988,11.200634,10.264892,13.145043,11.5556,17.604746,17.18711,21.151634,21.458517,18.938107,18.889366,12.449789,15.351514,12.912362,16.168169,21.175465,20.262497,23.901936,26.544868,28.756657,27.682781,28.686451,26.590803,25.477304,22.961418,24.30201,21.51693,25.711206,24.754707,27.91607,28.435486,29.707706,32.985596,32.23552,36.60147,36.403255,39.26367,35.311317,37.348904,32.214695,32.383213,32.88283,34.786423,31.071085,34.710175,32.166237,31.430214,33.069016,29.390245,32.282906,28.492037,30.990059,26.118752,22.477255,24.913023,23.571693,27.209713,26.846825,27.643831,30.57813,29.955648,31.626118,32.245815,30.673859,27.393276,23.963446,21.382643,19.377647,18.236847,16.804523,16.217728,15.63752,16.569283,16.874289,13.363605,18.583263,17.430243,21.441994,21.34706,18.705572,21.602242,24.90572,23.371199,22.127316,26.347528,29.915379,26.485865,23.45241,22.236639,17.466743,15.394134,11.424952,10.183942
3,9.152519,6.466744,5.3137517,0.0,3.7870884,6.0425406,8.818027,13.83044,15.620713,18.817999,22.04912,22.936657,21.461153,19.755623,15.511937,13.65362,9.18656,8.007769,6.2287507,5.4962797,8.718705,8.826517,14.197744,15.235684,18.6565,18.366179,16.306702,15.188021,8.349235,10.313415,7.7118545,11.05132,16.429604,16.062122,19.562944,22.416502,24.37692,23.187574,23.721394,21.642206,20.211317,17.831583,19.065996,16.71447,20.758608,20.477295,23.813728,24.500414,25.440256,28.60575,27.573065,31.939358,31.842422,34.37911,30.303558,32.190136,27.020155,27.238827,27.647434,29.47653,25.761272,29.496086,27.105822,26.562181,28.63044,25.149069,28.341585,24.865225,27.782314,23.20141,19.037386,20.8256,19.112886,22.44087,21.79935,22.400242,25.320665,24.665205,26.421585,27.199478,25.700151,22.305143,19.168463,16.31766,14.151364,12.987078,11.720039,11.804645,11.962074,13.912153,14.383651,10.9732065,16.21423,15.363941,18.858553,18.090994,15.152176,18.835182,21.402966,19.071024,18.129848,22.787592,26.778473,23.724377,20.393545,20.522928,14.940466,14.120592,10.818905,9.836785
4,11.9030695,8.484901,6.8604593,3.7870884,0.0,5.1721506,5.6679688,11.468727,13.029717,16.025595,19.366707,20.80527,19.61148,18.214537,14.147257,11.993873,8.733121,6.5626154,7.7338095,6.991354,10.775401,11.39966,16.442213,18.027983,20.764746,19.741697,16.835125,15.706283,8.914018,11.194982,7.2942452,12.161784,15.792134,16.596529,18.988646,22.216257,23.639282,21.990767,22.926254,20.43807,20.04612,16.689224,18.705465,16.018723,20.65659,20.235126,23.171051,24.541512,25.752792,28.708427,27.384226,31.563046,30.887568,33.61524,29.930458,32.090683,27.012083,27.71644,28.149693,29.354841,25.581598,28.582514,26.006159,24.893908,26.747032,22.838955,25.89747,22.226313,25.320171,20.499542,16.55745,19.039827,17.135895,21.321556,20.427614,21.785559,24.609049,24.522161,26.522972,27.255575,26.338245,23.029972,19.81467,17.00828,14.0167265,13.785689,10.69873,11.484391,10.56125,12.672635,12.168773,7.861515,12.824143,11.635716,15.300178,14.860926,11.970915,15.3026,18.213467,16.514084,15.395531,19.708319,23.454998,20.416039,17.185986,17.05389,11.490238,10.917872,7.5154924,7.7386985
5,14.18691,11.965196,8.4306,6.0425406,5.1721506,0.0,5.8515763,8.219233,11.088335,13.615634,17.596407,17.847437,15.86846,14.728485,10.062758,9.447361,5.428122,6.358872,7.2384953,9.996046,13.170127,14.560909,19.268274,20.91366,24.202156,23.530695,21.377731,19.680996,12.860909,13.388152,9.104462,11.770799,13.801305,13.411437,16.058388,18.839998,20.81509,19.735718,21.487463,19.501217,19.676125,17.553387,20.035217,18.81011,22.98863,23.748837,26.84858,28.281527,29.010353,31.849022,30.185877,34.327843,33.768196,35.86162,31.956429,33.544865,28.362513,28.917297,28.576933,29.74509,26.055363,29.326473,27.546455,26.344606,29.236612,25.161905,28.563612,25.171122,28.940018,24.200464,20.163067,22.418648,19.653238,23.865332,21.479725,22.80585,24.708286,24.270239,25.639023,25.69732,24.795097,22.033203,17.791061,15.896183,13.620702,14.398465,12.434409,15.150441,14.906254,17.548908,16.825048,12.0682335,16.07507,13.670368,17.39619,17.224054,13.692441,16.1071,19.478987,17.560701,15.341052,19.740648,23.655525,19.71481,16.584757,16.164227,11.286418,9.441953,7.409119,4.901177
6,17.519321,14.135721,12.008318,8.818027,5.6679688,5.8515763,0.0,6.923117,7.5053253,10.635913,13.738319,15.509791,14.797686,13.543269,10.1543865,7.531053,6.935612,4.5516987,9.268384,10.46347,13.893255,15.92348,19.913082,22.49565,24.625547,22.903027,19.999815,18.096031,12.001554,12.694478,7.688107,12.340792,12.526192,14.757016,15.420713,18.956102,19.683552,17.624117,19.28767,16.553452,17.827923,14.06061,17.334293,15.591181,20.325468,20.883356,23.404587,25.64815,26.6555,29.15065,27.15851,30.987913,29.744678,32.083725,28.747791,30.776005,25.837196,27.060938,27.01675,27.347944,23.633108,25.819115,23.631365,21.816221,24.299862,19.885607,23.129843,19.66659,23.659536,18.924635,15.086485,17.80884,14.851776,19.890507,17.494759,19.740145,21.774744,22.234785,24.197227,24.57302,24.482851,21.622337,18.089613,15.828879,12.238756,13.848735,9.4398775,12.843212,11.663474,14.606703,12.934444,7.963683,10.759386,8.285359,11.64706,11.444877,7.9104924,10.473164,13.718932,12.313542,10.282427,14.447464,18.267746,14.915374,11.64015,12.047649,6.210502,6.780479,5.657621,6.800677
7,22.233902,19.615416,16.079891,13.83044,11.468727,8.219233,6.923117,0.0,4.931019,5.5915523,10.492125,10.535389,8.643141,8.769615,5.125849,6.156944,7.815914,9.083376,13.063538,16.356913,19.400055,21.773348,25.649584,28.208174,30.7726,29.281534,26.794064,24.583479,18.491604,18.102682,13.204092,15.567456,12.363188,13.81974,13.288002,16.186054,17.052013,15.529564,18.882626,16.777266,19.65584,17.255537,21.187635,20.993382,25.17586,26.800497,29.243889,31.710773,32.335793,34.581104,32.17621,35.761593,34.384895,36.02057,32.75765,34.189125,29.366627,30.614939,29.667107,29.55648,26.10034,28.018732,26.857391,24.641216,28.148989,23.512861,26.858036,23.831196,28.455809,23.940077,20.514025,23.156975,19.440643,24.537426,20.367352,22.8825,23.494768,23.870905,25.03901,24.41624,24.824615,22.934162,18.325764,17.538395,14.822957,17.7587,14.466267,19.209717,18.383806,21.453724,19.47935,14.407697,15.706893,11.899975,14.796125,15.379923,11.86202,11.750979,15.680373,14.851499,11.129361,14.28072,17.7216,12.868334,10.324291,9.597598,6.8221354,5.005497,7.747839,6.7877126
8,24.60415,21.475746,18.92878,15.620713,13.029717,11.088335,7.5053253,4.931019,0.0,4.602296,6.530373,8.1344795,8.407021,7.321926,6.4613633,4.3835754,8.898077,8.720295,13.68639,16.55557,19.240562,22.304708,25.251692,28.5738,30.356798,28.27564,25.89219,23.229881,18.058231,17.005394,12.384964,14.771271,9.87311,13.450306,11.245082,14.718522,14.408723,12.047363,15.185792,12.656768,16.448881,13.51577,17.90711,18.175274,22.135931,24.199987,26.290873,29.170212,29.657196,31.537264,28.82003,32.090942,30.446514,31.856495,28.901545,30.353594,25.789762,27.416328,26.473024,25.754662,22.406723,23.635952,22.561165,20.073778,23.836052,19.240854,22.684628,20.069458,25.066393,21.029976,17.63936,19.839388,15.735805,20.833529,16.106985,19.078953,19.41606,20.337555,21.792215,21.372103,22.395334,20.560394,16.664886,15.781631,12.532493,16.158909,12.193116,17.676468,16.957014,20.35462,18.20987,13.866926,13.977474,10.731221,12.267903,12.282216,8.851857,8.803184,11.62341,10.421025,6.425119,9.808713,13.76784,9.590822,6.517705,8.802191,5.445923,7.4889708,10.393248,10.868107
9,27.400263,24.435675,21.247465,18.817999,16.025595,13.615634,10.635913,5.5915523,4.602296,0.0,6.016655,7.0063925,6.7603846,8.033058,7.7722964,8.352791,12.385333,12.86177,17.618013,20.563433,23.482628,26.223087,29.580606,32.640926,34.623962,32.58998,29.88388,27.490162,22.129765,21.474766,16.707708,19.117435,13.729014,16.661842,13.98616,16.84597,16.395098,14.296816,18.31033,16.06602,20.588142,17.802612,22.332893,22.537523,26.574049,28.483112,30.350618,33.43071,34.053215,35.84874,33.062744,36.154,34.189297,35.59063,32.95401,34.389217,30.008034,31.754484,30.641739,29.61007,26.4342,27.14546,26.27302,23.378544,26.961622,22.146667,25.216187,22.603926,27.566135,23.47598,20.728851,23.454412,19.458708,24.84793,19.959873,23.232727,23.121601,24.227173,25.426004,24.598478,25.940832,24.531687,20.347122,19.973833,17.012257,20.705034,16.71113,21.938194,20.780703,23.866219,21.309656,16.697918,16.095222,12.139499,13.658866,14.661679,11.871693,9.670258,13.3382845,13.655673,9.44844,10.674868,13.361798,8.038342,6.4812417,6.2063093,6.730189,7.1175623,11.297236,11.778248
10,31.070042,27.806103,25.41347,22.04912,19.366707,17.596407,13.738319,10.492125,6.530373,6.016655,0.0,5.06472,8.272243,8.038537,10.68828,9.585362,14.89387,14.710566,19.613482,22.397865,24.743683,28.169413,30.433601,34.22175,35.458458,32.933754,30.613583,27.700048,23.464981,21.930897,17.847342,19.603912,12.549027,17.039106,12.593765,15.505119,13.524161,10.655261,14.538991,12.260785,18.00024,15.36225,20.082136,21.2433,24.573643,27.212967,28.644464,32.07629,32.373264,33.641994,30.476025,33.046528,30.852287,31.672628,29.472115,30.675026,26.80481,28.914406,27.595871,25.746302,22.95464,22.674349,22.334988,19.164686,23.309956,18.831211,21.936256,20.21575,25.575066,22.389587,19.844946,21.688087,17.349918,22.20881,16.459427,20.068962,19.133198,20.837553,22.07474,21.26183,23.441397,22.447632,19.175701,19.087097,16.150236,20.401203,16.477612,22.227423,21.44953,24.800137,22.29268,18.693756,17.044243,14.119997,13.817656,14.016543,11.875846,9.751945,10.974552,10.898998,7.0317965,6.8674426,9.8508415,6.0335207,5.01685,9.2723055,9.578257,12.309093,16.025328,16.9164
11,31.874805,29.1149,26.161306,22.936657,20.80527,17.847437,15.509791,10.535389,8.1344795,7.0063925,5.06472,0.0,4.223174,4.6521344,8.709413,9.669722,14.601408,15.895579,19.90989,23.777832,25.912804,29.461708,31.778053,35.391064,37.15857,35.091194,33.297394,30.18711,25.480097,23.405643,19.392132,19.818949,12.063379,15.090398,10.456412,12.394384,10.986389,9.36536,14.289889,13.133808,18.57057,17.631004,22.025476,24.01667,26.92783,30.167019,32.027035,35.077705,35.02155,36.41313,33.251236,35.97564,34.275307,34.5919,31.947367,32.5506,28.556004,30.2362,28.298178,26.802544,24.167633,24.679932,25.105915,22.46261,27.316458,23.144402,26.499487,24.902847,30.302305,27.04914,24.10376,25.625353,21.121868,25.447905,19.179098,22.053457,20.462032,21.401747,21.813261,20.245623,22.263983,21.89825,17.864855,18.73708,16.81245,21.222672,18.620298,24.733177,24.50285,28.067633,25.909605,21.88035,21.169235,17.910597,18.379072,18.513926,15.808262,14.277252,15.882505,14.945397,11.02008,11.865297,14.669806,10.541682,9.716282,12.287983,12.640935,13.836824,17.658472,17.313433
12,30.019476,27.66742,24.147585,21.461153,19.61148,15.86846,14.797686,8.643141,8.407021,6.7603846,8.272243,4.223174,0.0,4.006712,6.2437115,9.297198,13.120438,15.379842,18.807646,23.149773,25.445715,28.664034,31.529913,34.672516,37.021687,35.394207,33.624084,30.713902,25.32589,23.4969,19.247066,19.476517,12.678126,14.068277,10.821453,12.323579,12.404242,11.712578,16.584152,15.654755,20.150503,19.553812,23.725697,25.44122,28.58234,31.613409,33.84306,36.572014,36.57049,38.29107,35.346825,38.415306,36.999054,37.506332,34.472992,35.050518,30.723223,32.05879,30.08962,29.212626,26.390558,27.70518,27.980602,25.61721,30.370914,26.073643,29.528423,27.5065,32.759644,29.044085,25.843544,27.661774,23.267483,27.714838,21.784328,24.286303,23.061426,23.443716,23.636524,21.922377,23.27989,22.810976,18.033686,19.010637,17.435383,21.509338,19.366892,25.276363,25.084545,28.580544,26.573502,22.017738,22.143509,18.470764,19.883572,20.264196,17.126953,15.8601675,18.453573,17.43537,13.305064,14.954867,17.858227,13.007286,11.861416,12.715846,12.887313,12.549486,16.235323,15.018776
13,28.567862,26.141771,23.158274,19.755623,18.214537,14.728485,13.543269,8.769615,7.321926,8.033058,8.038537,4.6521344,4.006712,0.0,5.0483623,6.6710806,10.857076,13.033846,16.191343,20.67276,22.574888,26.165163,28.476116,31.907671,34.038666,32.377037,31.03558,27.82965,22.804605,20.387297,16.548128,16.101057,8.771652,10.654534,6.914482,9.000138,9.0823345,8.288065,12.874758,12.0621395,16.216377,16.149143,20.101927,22.305534,25.072096,28.482481,30.839207,33.395226,33.156857,34.842865,31.891026,34.99883,33.875233,34.179096,30.915253,31.329542,26.945002,28.162504,26.128069,25.410583,22.562407,24.273687,24.681742,22.697336,27.788715,23.812326,27.525555,25.703588,30.997997,27.504164,23.93127,25.146425,20.664974,24.590345,18.52294,20.649458,19.396389,19.548664,19.737526,18.150307,19.3963,18.81913,14.153989,15.147802,13.754852,17.96403,16.374298,22.512661,22.81933,26.534693,24.890211,20.711344,21.17473,18.048626,19.254803,18.966778,15.634642,15.506351,17.314531,15.2232895,11.463856,14.121733,17.804049,13.652153,11.733496,14.130965,12.650921,13.245593,16.331633,15.112174
14,24.027359,21.838928,18.442272,15.511937,14.147257,10.062758,10.1543865,5.125849,6.4613633,7.7722964,10.68828,8.709413,6.2437115,5.0483623,0.0,4.916832,7.026521,10.014883,12.772724,17.381805,19.672518,22.710367,25.830027,28.680655,31.349884,30.082424,28.512491,25.715513,19.910715,18.192257,13.93091,14.094146,9.393883,9.765792,9.043874,11.379273,12.850354,12.190674,15.835832,14.597677,17.324432,16.674974,20.336838,21.543486,24.88259,27.565763,30.26659,32.478725,32.52833,34.656868,32.08494,35.63007,34.707184,35.605076,32.01012,32.77486,27.976994,28.918568,27.32511,27.35795,24.128565,26.576283,26.265612,24.500366,28.988737,24.799732,28.511387,26.041199,30.98324,26.908165,23.093897,24.797113,20.679148,24.92304,19.848625,21.738775,21.546757,21.353186,21.848425,20.700554,21.028599,19.705677,14.606036,14.793384,13.164374,16.583178,14.945113,20.459885,20.609306,24.112972,22.646812,17.984118,19.507843,16.170115,18.45702,18.372505,14.658082,15.153861,17.992464,15.979646,12.277728,15.8269825,19.694958,15.081926,12.5895605,13.497165,10.920588,10.127936,12.459176,10.467325
15,22.728453,19.946339,17.593052,13.65362,11.993873,9.447361,7.531053,6.156944,4.3835754,8.352791,9.585362,9.669722,9.297198,6.6710806,4.916832,0.0,5.4364347,6.4043703,10.328308,14.186016,16.370037,19.818203,22.399763,25.781155,27.81526,26.097258,24.483387,21.46814,16.195488,14.243109,10.00808,10.916775,6.2858434,9.2017355,8.129263,11.684644,12.272654,10.562608,13.085501,11.070733,13.541272,11.922522,15.726361,16.728815,20.1799,22.811003,25.408508,27.752333,27.849154,29.902424,27.299248,30.833511,29.848806,30.930477,27.38779,28.448124,23.62153,24.782686,23.602919,23.527443,20.108778,22.436747,21.67769,19.975782,24.286787,20.215403,24.02442,21.606453,26.518171,22.637497,18.613039,19.97477,15.837717,20.02511,15.218407,17.238113,17.615856,17.751226,18.914034,18.474586,18.888817,16.924688,12.6563425,11.80885,9.097831,12.732388,10.271422,16.10175,16.360744,20.062399,18.693274,14.583794,15.983549,13.404834,15.1833935,14.424307,10.649001,12.362147,14.336895,11.550698,8.406984,12.91549,17.34238,13.694182,10.51152,13.083214,8.817614,10.075445,11.755442,11.027877
16,17.907667,15.653032,13.1585,9.18656,8.733121,5.428122,6.935612,7.815914,8.898077,12.385333,14.89387,14.601408,13.120438,10.857076,7.026521,5.4364347,0.0,4.4973955,5.7765627,10.559893,12.767676,15.729177,18.96239,21.657446,24.456604,23.473686,22.18395,19.488026,13.42029,11.818962,7.7767467,8.219999,8.527631,8.310726,10.781941,13.655316,15.613829,14.735172,16.319086,14.7102165,14.901307,13.884076,16.49648,16.815502,20.280668,22.367142,25.532846,27.095379,27.229889,29.775537,27.707344,31.697836,31.329325,32.70426,28.635664,29.71091,24.561337,25.092224,24.19939,25.207556,21.638906,25.111403,24.012594,23.029486,26.896982,23.120281,26.914768,24.137928,28.478907,24.289036,19.910124,21.210829,17.742472,21.38386,17.854431,18.894108,20.12673,19.449842,20.517023,20.356543,19.600496,17.102964,12.601047,11.113838,9.167384,11.04878,10.094787,14.623883,15.358659,18.803913,18.211796,14.010928,17.182682,14.973871,17.716059,16.869953,13.026241,15.774471,18.13073,15.123572,12.817105,17.669645,22.081036,18.404957,15.103206,16.471186,11.456702,11.20433,10.989185,9.01305
17,17.110504,13.992813,12.665988,8.007769,6.5626154,6.358872,4.5516987,9.083376,8.720295,12.86177,14.710566,15.895579,15.379842,13.033846,10.014883,6.4043703,4.4973955,0.0,5.5648375,7.9334555,10.624667,13.659414,16.776337,19.876938,21.963219,20.377409,18.499557,15.85529,9.969596,9.029466,4.1491847,7.8107896,9.314299,11.294083,12.792523,16.275644,17.308294,15.573764,16.37876,13.995477,14.008819,11.212804,13.885474,13.031449,17.144966,18.541178,21.519516,23.33672,23.829847,26.377384,24.371977,28.366293,27.720592,29.606731,25.783405,27.428898,22.320925,23.199078,22.99028,23.778273,20.046055,23.054775,21.18894,20.085352,23.233128,19.419323,23.07133,20.092758,24.18952,19.971252,15.524104,16.954226,13.781489,17.746784,15.151785,16.541492,18.64357,18.543646,20.388004,20.928251,20.411293,17.356466,14.019971,11.445999,8.060258,9.456247,6.3308845,10.645879,10.9847975,14.532339,13.851389,10.019695,13.263033,11.847597,14.32012,13.083762,9.428412,13.19374,15.077906,12.038006,10.641245,15.655708,20.065376,17.194578,13.674976,15.587018,9.66921,10.841876,9.952917,9.753448
18,14.096856,11.974397,11.200634,6.2287507,7.7338095,7.2384953,9.268384,13.063538,13.68639,17.618013,19.613482,19.90989,18.807646,16.191343,12.772724,10.328308,5.7765627,5.5648375,0.0,5.726918,7.233311,10.270502,13.343079,15.924633,18.85934,18.28683,17.622313,14.993506,9.036504,7.3317604,5.1006703,5.09351,11.102801,10.407975,14.3017235,16.9826,19.053568,18.221334,18.263071,16.70253,14.636918,13.730518,14.765452,14.302289,17.431677,18.925646,22.522451,23.258335,23.363127,26.26749,24.768614,29.075523,29.347704,31.006117,26.567993,27.794065,22.531101,22.555346,22.327864,24.25339,20.628506,24.909924,23.29326,23.163033,26.405107,23.298985,27.000998,24.209723,27.83521,23.846214,19.189438,19.793228,17.226322,19.75562,17.913204,17.909433,20.249105,19.102964,20.504263,21.148506,19.508598,16.220036,12.970463,10.182105,8.669508,7.8229485,8.653504,11.065223,12.78309,15.926032,16.50501,13.466486,17.779764,16.866798,19.522429,18.060198,14.663894,18.725014,20.353123,16.779243,15.842417,20.996565,25.516352,22.642626,19.136726,20.823122,15.047361,15.260265,13.542745,12.067154
19,11.625109,8.564903,10.264892,5.4962797,6.991354,9.996046,10.46347,16.356913,16.55557,20.563433,22.397865,23.777832,23.149773,20.67276,17.381805,14.186016,10.559893,7.9334555,5.726918,0.0,3.8355403,5.7754326,9.631161,12.117878,14.4684,13.555425,12.114895,10.126706,3.6012275,5.1580296,4.8433623,8.312765,15.168435,15.761663,18.99862,22.031403,23.505075,22.083818,21.452488,19.342045,16.789806,14.314248,14.546125,11.904838,15.568234,15.278742,18.836348,19.256674,20.002605,23.18714,22.255274,26.68158,26.915277,29.408298,25.215427,27.184637,22.091314,22.238747,23.102459,25.120201,21.4598,25.366655,22.741383,22.78183,24.667852,21.865389,25.103489,22.032713,24.731392,20.766003,16.270636,16.908844,15.599297,17.846539,18.12607,18.098526,21.607605,20.924818,23.056608,24.454748,22.851711,19.05543,17.18583,13.608388,11.308995,8.91976,8.255393,6.9544206,8.551023,10.954466,12.390322,10.730741,15.6685295,16.063452,18.53014,16.833937,14.287843,19.009094,20.224463,17.041058,17.238745,22.107439,26.323824,24.245424,20.744827,22.329514,16.216232,17.007048,14.262673,14.157539
20,12.943028,10.7122755,13.145043,8.718705,10.775401,13.170127,13.893255,19.400055,19.240562,23.482628,24.743683,25.912804,25.445715,22.574888,19.672518,16.370037,12.767676,10.624667,7.233311,3.8355403,0.0,4.709601,6.272807,9.547256,11.694829,11.157231,11.363858,8.816288,4.8415737,3.965161,7.0094953,7.804722,15.925988,16.094807,19.755295,22.465332,24.034643,22.893328,21.482912,19.7827,16.003086,14.566945,13.573463,11.515682,13.972992,14.035197,17.917437,17.566996,17.820604,21.108171,20.466076,24.981323,25.888037,28.069647,23.544735,25.223875,20.19388,19.835726,20.86825,23.491661,20.02166,24.539701,22.09628,22.873362,24.87638,22.786285,26.06423,23.440653,25.917747,22.524,17.965956,17.539637,16.5447,17.427916,18.221283,17.228561,20.911028,19.74249,21.770058,23.46955,21.389933,17.444107,16.448711,12.702279,11.347687,7.639111,9.410306,7.316166,10.308699,12.494562,14.684564,14.023129,18.647724,19.432684,21.46179,19.36864,16.999516,21.98061,22.541151,18.776701,19.42918,24.40113,28.763252,27.020102,23.480751,25.64541,19.48421,20.543377,18.018152,17.650946
21,9.386566,7.667483,11.5556,8.826517,11.39966,14.560909,15.92348,21.773348,22.304708,26.223087,28.169413,29.461708,28.664034,26.165163,22.710367,19.818203,15.729177,13.659414,10.270502,5.7754326,4.709601,0.0,6.150886,6.6459394,9.912964,10.470942,10.121087,9.48327,5.997924,8.358583,10.457955,12.210006,20.24297,20.00411,23.970617,26.647858,28.425264,27.276882,26.118773,24.291449,20.699078,18.838648,17.855425,14.814822,17.452595,16.080511,19.732954,18.853682,19.660788,23.159477,23.146654,27.64258,28.574848,31.28078,26.959398,28.934582,24.111528,23.649027,25.06424,27.8443,24.443977,28.800623,25.984892,26.693357,27.907698,25.803942,28.699306,25.733534,27.509285,23.908443,19.759119,19.8803,19.651608,20.703575,22.35544,21.53092,25.453714,24.37539,26.42866,28.141872,25.92264,22.00153,20.893694,17.283155,15.925638,12.348453,13.268382,9.662909,11.579456,12.37711,15.04533,14.764552,19.905281,20.903912,23.340498,21.601995,19.54776,24.344713,25.369545,22.225899,22.848536,27.626657,31.7362,29.880812,26.41043,27.757092,21.7126,22.166323,18.881937,18.601433
22,15.124754,13.772562,17.604746,14.197744,16.442213,19.268274,19.913082,25.649584,25.251692,29.580606,30.433601,31.778053,31.529913,28.476116,25.830027,22.399763,18.96239,16.776337,13.343079,9.631161,6.272807,6.150886,0.0,5.2096033,5.777756,6.428528,9.432359,7.6748667,8.742654,8.53558,12.896531,12.857884,21.134878,21.19217,24.950836,27.38619,28.85314,27.810966,25.534887,24.097357,19.258347,18.317953,15.8230505,13.477932,14.227222,13.192473,16.999796,15.052071,15.087123,18.585218,19.027683,23.465633,25.276655,27.551407,22.999262,24.68588,20.2449,19.2384,21.149298,24.472956,21.497824,26.227427,23.564062,25.229546,26.395283,25.395006,28.235945,26.032152,27.505985,24.909903,20.765888,19.335604,19.582825,18.713299,21.26248,19.316072,23.471235,22.063334,24.148201,26.406525,23.894907,19.891775,20.37952,16.651806,16.0701,11.626313,14.264901,10.17911,13.436023,14.308094,17.543879,18.508669,22.892023,24.51276,26.097408,23.720848,22.009098,27.204212,27.10125,23.258827,24.668247,29.429514,33.656418,32.531143,29.03742,31.464115,25.278046,26.57831,23.812267,23.653564
23,12.895563,12.846009,17.18711,15.235684,18.027983,20.91366,22.49565,28.208174,28.5738,32.640926,34.22175,35.391064,34.672516,31.907671,28.680655,25.781155,21.657446,19.876938,15.924633,12.117878,9.547256,6.6459394,5.2096033,0.0,5.410899,8.703184,11.204841,11.373794,11.655718,12.862974,16.382149,16.615755,25.182716,24.45216,28.80608,31.082752,32.98362,32.12818,30.217115,28.804663,24.119347,23.182665,20.972668,18.2984,19.342373,17.604126,21.133644,18.79295,19.185738,22.7097,23.639784,27.96675,29.848833,32.37327,27.9362,29.633207,25.339228,24.14281,26.024216,29.56215,26.638561,31.437006,28.711357,30.263512,31.104546,29.94666,32.600597,30.085823,31.159538,28.292488,24.412014,23.573557,24.088245,23.616112,26.285381,24.500559,28.596764,27.066536,28.94167,31.004568,28.224297,24.349041,24.346838,20.851068,20.452578,16.139496,18.524954,14.185765,16.646824,16.677212,20.047285,20.861631,25.736261,27.221403,29.315355,27.299398,25.566978,30.567,31.050571,27.592838,28.69167,33.470867,37.612488,36.127224,32.63758,34.315643,28.221003,28.802805,25.50174,25.071886
24,17.379839,16.459845,21.151634,18.6565,20.764746,24.202156,24.625547,30.7726,30.356798,34.623962,35.458458,37.15857,37.021687,34.038666,31.349884,27.81526,24.456604,21.963219,18.85934,14.4684,11.694829,9.912964,5.777756,5.410899,0.0,4.46508,8.838741,9.288708,12.75692,13.790091,18.005442,18.593914,26.697508,26.96392,30.604996,33.081535,34.39072,33.202408,30.663187,29.124744,24.200384,22.86447,19.969458,16.870491,17.081244,14.445408,17.529818,14.457941,14.937345,18.37446,19.90337,23.969261,26.106459,28.842949,24.750444,26.763336,23.041801,21.925556,24.570927,27.95539,25.332308,29.647924,26.565378,28.501606,28.553692,28.180725,30.425955,28.34272,28.741219,26.66684,23.174835,21.531515,22.889671,21.34328,25.274805,23.224255,27.71019,26.510704,28.769777,31.332027,28.81489,24.84589,25.914743,22.182467,21.503437,17.092083,19.078732,13.84464,16.402641,15.933596,19.66655,21.77243,25.938099,28.193247,29.554024,27.188044,26.086473,31.27433,30.923483,27.453909,29.318624,33.77597,37.719685,37.032322,33.629215,35.9098,29.783821,31.158882,28.04928,28.273607
25,18.83609,16.897442,21.458517,18.366179,19.741697,23.530695,22.903027,29.281534,28.27564,32.58998,32.933754,35.091194,35.394207,32.377037,30.082424,26.097258,23.473686,20.377409,18.28683,13.555425,11.157231,10.470942,6.428528,8.703184,4.46508,0.0,5.7295675,5.593856,11.008294,12.077228,16.271421,17.641754,24.968943,26.237524,29.098337,31.884308,32.658344,31.077261,28.401098,26.567156,22.005735,19.872877,16.980675,13.243972,13.584687,10.154843,13.11277,10.288222,11.2482,14.758269,16.120468,20.212423,21.955109,25.03336,21.229225,23.729052,20.085356,19.517382,22.508682,25.317,22.64086,26.320261,22.850943,24.663475,24.27161,24.061214,26.129654,24.184727,24.435953,22.659107,19.310965,17.334248,19.078815,17.31866,21.873749,20.094467,24.84268,24.167244,26.837206,29.603401,27.595476,23.542295,24.89834,20.969137,19.64858,15.556748,16.547224,10.883703,13.345535,12.840118,16.56075,19.332312,22.874578,25.544054,26.379818,23.824528,23.131985,28.340912,27.494457,24.144588,26.446339,30.599546,34.356476,34.165363,30.871632,33.523308,27.47757,29.456928,26.620535,27.399223
26,17.16791,14.342813,18.938107,16.306702,16.835125,21.377731,19.999815,26.794064,25.89219,29.88388,30.613583,33.297394,33.624084,31.03558,28.512491,24.483387,22.18395,18.499557,17.622313,12.114895,11.363858,10.121087,9.432359,11.204841,8.838741,5.7295675,0.0,4.4054127,8.79864,11.993349,14.719723,18.095049,24.62454,26.573925,28.914215,32.148758,32.677525,30.63643,28.644222,26.20853,22.872942,19.203974,17.505411,12.310416,14.649639,9.994324,12.358748,11.211932,13.524331,16.806812,17.61764,21.598053,22.074957,25.977219,22.778742,25.942665,22.122486,22.395205,25.260944,27.239477,24.198767,26.992947,22.954102,23.793734,22.68033,21.671083,23.417229,20.79694,20.747206,18.334726,15.345881,14.607721,16.751791,16.583828,21.229643,20.665726,25.524788,25.56111,28.56169,31.131428,29.683043,25.576664,26.10957,22.060347,19.66354,16.341087,15.088973,8.730123,9.458434,7.720361,11.561788,14.938077,18.318474,21.317808,22.203772,19.994003,19.745626,24.668543,24.18588,21.722458,23.985294,27.74385,31.112383,30.965824,27.835125,29.901659,24.103563,26.093292,23.038055,24.520012
27,17.986689,14.989032,18.889366,15.188021,15.706283,19.680996,18.096031,24.583479,23.229881,27.490162,27.700048,30.18711,30.713902,27.82965,25.715513,21.46814,19.488026,15.85529,14.993506,10.126706,8.816288,9.48327,7.6748667,11.373794,9.288708,5.593856,4.4054127,0.0,6.921124,8.406475,11.829067,14.524967,20.859991,23.018476,25.152506,28.31395,28.721022,26.753534,24.473194,22.19562,18.55077,15.237596,13.208007,8.434004,10.56697,7.0077,10.38261,9.648086,11.147747,14.519144,14.670446,18.973555,19.642403,22.982576,19.318655,22.208805,18.068766,18.349333,21.006859,22.990553,19.8808,22.981504,19.223412,20.303883,20.082197,19.11826,21.421366,19.12817,20.01076,17.708384,13.980471,12.407665,13.80988,13.174092,17.353256,16.450697,21.267736,21.17377,24.159653,26.763208,25.362606,21.268644,22.063713,18.010284,15.7193165,12.343036,11.611073,5.5633783,7.9487433,8.179397,11.566264,14.270967,17.493649,20.188417,20.845175,18.242296,17.5979,22.796722,21.925463,18.73496,21.075521,25.101957,28.800491,28.657272,25.415636,28.171207,22.202011,24.562063,22.025768,23.240543
28,13.082471,9.590255,12.449789,8.349235,8.914018,12.860909,12.001554,18.491604,18.058231,22.129765,23.464981,25.480097,25.32589,22.804605,19.910715,16.195488,13.42029,9.969596,9.036504,3.6012275,4.8415737,5.997924,8.742654,11.655718,12.75692,11.008294,8.79864,6.921124,0.0,5.263369,6.30309,10.501122,16.957308,18.469164,21.081142,24.327066,25.299612,23.504282,22.421251,20.028738,17.373663,14.01099,13.791423,9.868178,13.775084,12.35673,15.748361,16.179056,17.345066,20.55693,19.855154,24.236492,24.339384,27.288218,23.375896,25.809864,20.953068,21.328016,22.81739,24.654808,21.057775,24.503107,21.313774,21.441364,22.486464,19.997704,22.913084,19.844938,21.982332,18.257011,13.91458,14.307135,13.854722,15.753182,17.33705,17.350574,21.427591,21.146563,23.716448,25.540218,24.149397,20.181477,19.151854,15.289648,12.57379,9.911058,8.226818,4.200401,5.817883,7.7885523,9.904043,9.815062,14.440752,15.8341,17.736391,15.750898,13.940097,18.950409,19.544168,16.542225,17.55958,22.099396,26.082977,24.707102,21.291218,23.175175,17.053919,18.538239,15.733373,16.494364
29,16.330519,13.513382,15.351514,10.313415,11.194982,13.388152,12.694478,18.102682,17.005394,21.474766,21.930897,23.405643,23.4969,20.387297,18.192257,14.243109,11.818962,9.029466,7.3317604,5.1580296,3.965161,8.358583,8.53558,12.862974,13.790091,12.077228,11.993349,8.406475,5.263369,0.0,5.0385766,6.1666274,13.195928,14.652993,17.317387,20.308348,21.285772,19.807829,18.108904,16.203962,12.580243,10.639075,9.778058,8.070978,10.795849,11.790672,15.579565,15.980515,16.05382,19.033188,17.802183,22.227905,22.819603,24.809458,20.365131,22.105978,16.987637,17.08748,18.038183,20.13334,16.540981,20.74294,18.30028,18.966112,21.309412,19.216145,22.678965,20.323153,23.22569,20.087624,15.366151,14.503054,13.016674,13.8881645,14.256669,13.421005,17.157825,16.334196,18.680984,20.533802,18.951426,14.950075,14.327917,10.341732,8.196292,4.7418766,5.9249573,5.245253,8.772242,11.844029,13.519339,12.993355,16.78088,17.697767,19.106207,16.66975,14.359195,19.485888,19.416199,15.278423,16.285952,21.2099,25.628918,24.292107,20.77661,23.707367,17.56221,19.456974,17.602734,17.678062
30,15.89101,12.611606,12.912362,7.7118545,7.2942452,9.104462,7.688107,13.204092,12.384964,16.707708,17.847342,19.392132,19.247066,16.548128,13.93091,10.00808,7.7767467,4.1491847,5.1006703,4.8433623,7.0094953,10.457955,12.896531,16.382149,18.005442,16.271421,14.719723,11.829067,6.30309,5.0385766,0.0,6.3291974,10.921474,12.897727,14.96183,18.351181,19.289234,17.534025,17.1223,14.759385,13.161106,10.159762,11.561224,9.889667,13.930156,14.903268,18.171436,19.550756,20.044416,22.787233,21.100157,25.296833,25.04274,27.151148,23.124786,24.971804,19.826012,20.496563,20.877863,22.144396,18.380602,21.80174,19.47476,19.030373,21.666956,18.473135,22.050596,19.186407,22.7395,18.845053,14.138663,14.764477,12.316513,15.303431,14.138493,14.765517,17.784887,17.50673,19.727606,20.928633,19.986034,16.398453,14.233328,10.782852,7.4214983,6.8504496,4.09342,6.8525944,8.219003,11.827713,12.119593,9.739534,13.548294,13.486507,15.468807,13.562683,10.56619,15.315448,16.220755,12.640801,12.624773,17.651102,22.063705,20.041328,16.49328,18.89562,12.749499,14.429567,12.809497,13.005105
31,18.2483,16.145401,16.168169,11.05132,12.161784,11.770799,12.340792,15.567456,14.771271,19.117435,19.603912,19.818949,19.476517,16.101057,14.094146,10.916775,8.219999,7.8107896,5.09351,8.312765,7.804722,12.210006,12.857884,16.615755,18.593914,17.641754,18.095049,14.524967,10.501122,6.1666274,6.3291974,0.0,8.705465,8.624062,12.203086,14.712495,16.429998,15.748033,14.599934,13.524688,10.086146,10.745057,10.91327,12.2111225,14.063833,16.96387,20.608246,21.248642,20.651379,23.250849,21.477602,25.652073,26.330303,27.297165,22.599808,23.32582,18.075418,17.899216,17.346508,19.456772,15.946921,20.76587,19.683212,20.180199,24.09107,21.6684,25.584251,23.507643,27.327333,24.08499,19.286695,18.643307,15.830699,17.083847,14.785825,13.87273,15.975895,14.357517,15.681044,16.62482,14.790294,11.265485,8.909382,5.4557614,4.9260507,3.5235212,7.602729,10.932068,13.753579,17.278519,18.135565,16.057554,19.541521,19.131823,20.835268,18.731468,15.550106,19.922125,20.337553,15.8253145,15.54574,20.750908,25.482767,23.29661,19.805637,22.831974,17.11043,18.40472,17.475695,16.343622
32,25.10697,22.562214,21.175465,16.429604,15.792134,13.801305,12.526192,12.363188,9.87311,13.729014,12.549027,12.063379,12.678126,8.771652,9.393883,6.2858434,8.527631,9.314299,11.102801,15.168435,15.925988,20.24297,21.134878,25.182716,26.697508,24.968943,24.62454,20.859991,16.957308,13.195928,10.921474,8.705465,0.0,6.1771374,4.354021,8.000112,8.377293,7.1954684,7.816212,6.852364,7.974273,9.200958,12.082175,15.211327,17.088396,21.148338,23.890274,25.859913,25.161875,26.914917,24.12908,27.506844,27.1898,27.339638,23.391771,23.675043,18.92762,19.765696,17.96533,18.071375,14.865076,18.045372,18.235916,17.502626,22.826973,19.798832,23.908442,22.398138,27.337767,24.351057,20.03273,19.771269,15.535165,17.898054,12.354182,13.09274,12.675156,12.021031,12.760428,12.334223,12.643811,10.84846,6.957238,6.711736,5.4057517,9.790905,9.997581,16.115799,17.713192,21.683529,21.09877,18.189213,19.622562,18.12112,18.96894,17.240192,13.904791,16.569656,16.695158,12.344206,10.696796,15.246785,19.922825,17.515747,14.502912,18.569725,14.306157,16.30318,17.563654,16.667156
33,23.737005,22.17604,20.262497,16.062122,16.596529,13.411437,14.757016,13.81974,13.450306,16.661842,17.039106,15.090398,14.068277,10.654534,9.765792,9.2017355,8.310726,11.294083,10.407975,15.761663,16.094807,20.00411,21.19217,24.45216,26.96392,26.237524,26.573925,23.018476,18.469164,14.652993,12.897727,8.624062,6.1771374,0.0,6.0566916,7.0721645,10.331446,11.287127,12.127932,12.505187,11.657543,14.481708,16.15078,19.171993,20.668043,24.62612,27.901922,29.077496,28.151093,30.263992,27.90926,31.580168,31.957594,31.949293,27.489738,27.274939,22.420664,22.349495,20.179665,21.466906,18.527832,22.869804,23.374245,23.249632,28.504618,25.652267,29.767992,28.02932,32.725807,29.42885,24.887386,24.71047,20.8444,22.76479,17.942808,17.666952,17.29067,15.405586,15.032736,13.978016,12.747312,11.422093,5.8091264,7.1038585,8.6755905,11.1809025,13.684687,18.846,20.894882,24.672798,24.60369,21.274366,23.848381,21.99109,23.741617,22.296286,18.64503,21.316355,22.318047,18.194109,16.223677,20.837543,25.43339,22.242027,19.27147,22.099749,17.907394,18.349089,19.083755,16.816229
34,28.12298,25.900986,23.901936,19.562944,18.988646,16.058388,15.420713,13.288002,11.245082,13.98616,12.593765,10.456412,10.821453,6.914482,9.043874,8.129263,10.781941,12.792523,14.3017235,18.99862,19.755295,23.970617,24.950836,28.80608,30.604996,29.098337,28.914215,25.152506,21.081142,17.317387,14.96183,12.203086,4.354021,6.0566916,0.0,3.9525132,4.8950505,5.390204,7.861254,8.385814,10.621343,13.017393,15.834579,19.455048,20.964512,25.349394,28.007769,29.993135,29.097626,30.679886,27.769934,30.90245,30.596775,30.231348,26.409798,26.163109,21.754074,22.464067,19.983742,19.82344,17.13682,20.046677,21.103521,20.255733,26.018705,23.014221,27.064697,25.799303,30.95071,28.039942,23.923542,23.769367,19.379892,21.68807,15.533918,16.248852,14.624834,13.745013,13.397371,11.771625,12.53106,12.114289,7.5360913,9.380002,9.545742,13.6702,14.323869,20.446747,21.953733,25.911108,25.145025,21.871937,23.042398,20.995438,21.85937,20.503653,17.169867,18.86346,19.251347,15.4063225,13.091224,16.834652,21.171175,18.328026,15.836807,19.608227,16.439198,17.841898,19.778698,18.357038
35,30.562223,28.734339,26.544868,22.416502,22.216257,18.839998,18.956102,16.186054,14.718522,16.84597,15.505119,12.394384,12.323579,9.000138,11.379273,11.684644,13.655316,16.275644,16.9826,22.031403,22.465332,26.647858,27.38619,31.082752,33.081535,31.884308,32.148758,28.31395,24.327066,20.308348,18.351181,14.712495,8.000112,7.0721645,3.9525132,0.0,4.410129,7.2642894,9.476406,11.215773,12.826367,16.429943,18.71442,22.83172,23.792492,28.52685,31.265326,33.00533,31.812302,33.307922,30.420029,33.428753,33.431927,32.575443,28.661167,27.851242,23.703665,24.054056,21.036503,21.055988,18.859055,22.01768,23.74684,23.218512,29.260035,26.54444,30.584015,29.54727,34.71233,31.93602,27.814028,27.44443,23.093283,24.928295,18.686432,18.875254,16.614956,15.170832,13.82798,11.352065,11.93632,12.673261,8.103556,11.249074,12.6666975,16.331715,17.939318,23.875795,25.63832,29.589005,28.978151,25.662031,26.96807,24.799437,25.728651,24.433226,21.106606,22.592802,22.999813,19.208166,16.887796,20.27826,24.389133,21.45662,19.265596,22.764334,20.046173,20.992544,23.014282,21.120546
36,32.975697,30.679579,28.756657,24.37692,23.639282,20.81509,19.683552,17.052013,14.408723,16.395098,13.524161,10.986389,12.404242,9.0823345,12.850354,12.272654,15.613829,17.308294,19.053568,23.505075,24.034643,28.425264,28.85314,32.98362,34.39072,32.658344,32.677525,28.721022,25.299612,21.285772,19.289234,16.429998,8.377293,10.331446,4.8950505,4.410129,0.0,3.745004,6.6289525,8.612372,11.983646,15.130037,17.81898,22.211576,23.020998,27.940876,30.218445,32.4129,31.229803,32.335148,29.143745,31.729837,31.317713,30.218132,26.803072,26.017906,22.28356,23.170261,20.141768,19.137333,17.194256,19.220997,21.29574,20.4045,26.645378,24.061083,27.961664,27.373287,32.67215,30.335714,26.554573,25.998089,21.518646,23.302671,16.515621,17.22163,14.215504,13.605808,12.506926,10.008364,12.131885,13.108489,9.940288,12.570748,13.142054,17.310125,17.980608,24.15561,25.677252,29.651743,28.743628,25.776648,26.210249,24.250557,24.437014,23.05241,20.15785,21.234932,20.88532,17.24984,15.191857,17.817457,21.647568,19.425829,17.597317,21.905127,19.661346,21.462172,23.913132,22.744545
