,0,1,2,3,4,5,6,7,8,9,10,11,12,13,14,15,16,17,18,19,20,21,22,23,24,25,26,27,28,29,30,31,32,33,34,35,36,37,38,39,40,41,42,43,44,45,46,47,48,49,50,51,52,53,54,55,56,57,58,59,60,61,62,63,64,65,66,67,68,69,70,71,72,73,74,75,76,77,78,79,80,81,82,83,84,85,86,87,88,89,90,91,92,93,94,95,96,97,98,99,100,101,102,103,104,105,106,107,108,109,110
0,0.0,3.8321123,7.736044,9.137104,12.740994,14.601137,18.226006,22.175394,24.545887,27.879452,30.845617,32.995533,35.12535,33.74171,33.47179,29.091757,27.022676,25.077654,23.111969,21.086327,16.973793,18.106756,13.50001,17.650993,21.228802,23.070908,25.093353,29.03171,30.265612,34.2594,33.449463,40.48566,40.72294,43.285934,38.613094,35.570015,38.71821,40.34312,35.26908,33.72761,38.60132,36.17933,32.09736,34.42109,38.214863,33.302094,30.401539,35.571995,37.14543,40.171032,38.521767,33.885323,39.37797,40.646545,36.52167,33.362034,32.078415,31.59603,36.400417,38.263073,34.0242,37.446873,37.853073,41.734676,40.723537,37.706112,38.70564,37.56127,33.27824,32.94918,33.44477,31.829777,28.674578,26.222643,27.60164,25.47641,22.499952,25.170155,20.973223,25.178555,23.203339,24.242393,24.114302,23.083546,24.647863,19.753456,23.294436,18.83748,20.899624,20.646261,22.925344,24.575418,26.667984,28.538143,31.154882,30.51355,34.625023,34.27264,38.449577,39.997684,38.111504,32.99232,35.43467,35.91191,31.804348,30.883596,26.24206,25.611479,20.863613,21.290976,16.912767
1,3.8321123,0.0,5.2304864,5.953806,9.35583,12.031188,14.935978,19.28333,21.690557,24.864439,27.9358,29.832855,31.949413,30.357615,30.102705,26.000698,23.720585,22.171143,19.758202,18.407917,14.382541,15.746777,11.765203,16.40396,20.143847,22.13762,23.483906,27.608273,28.376484,32.50044,31.515127,38.54846,38.369484,41.281197,36.84652,33.52427,36.57658,38.632652,33.654934,31.799282,36.74862,34.94836,30.6636,32.66935,36.770527,32.43035,29.061592,34.091965,36.127987,38.92433,37.585247,33.308495,38.90554,40.03379,36.257225,33.315796,31.522316,31.400223,36.39001,37.63686,33.203632,37.019276,37.37868,41.310013,39.899822,36.63344,37.85171,36.40083,32.137444,32.45387,32.721306,30.678598,27.760527,25.97721,27.20551,25.734114,22.562387,24.904911,21.138857,24.917864,22.751774,23.8954,23.022228,21.934242,23.337477,18.777678,21.855436,17.679878,19.169054,19.01641,20.767231,21.942518,23.819004,25.51115,27.919308,27.566256,31.535963,31.429016,35.278774,37.1404,35.55832,30.33734,32.79888,33.24416,29.356115,28.45402,23.900888,23.200466,18.693796,18.837742,14.7903805
2,7.736044,5.2304864,0.0,5.478142,6.9288316,9.23581,11.798515,15.048087,18.123545,20.823399,24.133327,26.017904,28.533937,27.169619,27.897484,23.67668,21.97511,20.859283,19.091965,18.612051,15.5398035,17.813398,14.930092,18.566225,22.466898,24.021172,24.377865,28.413475,28.466263,32.851284,30.718042,37.979836,37.004936,39.906002,35.48741,31.840792,34.4445,36.663372,31.663187,29.482033,34.109722,32.642918,28.211168,29.57655,33.78969,29.72638,25.599596,30.473318,32.7252,35.597786,34.847435,30.20735,36.013794,37.43484,33.98383,31.592848,29.628374,30.18921,35.026554,35.666626,31.70582,36.06481,36.890026,40.56723,38.596157,35.45822,37.427807,36.048885,31.410769,32.189377,33.054634,30.861263,27.50358,26.532476,26.806034,26.033623,22.396496,23.76583,19.954008,22.742954,19.939077,20.50965,19.314154,18.910376,21.0157,16.696726,20.534513,17.77149,19.405714,20.241072,21.737732,21.993973,24.210371,24.983347,26.855846,26.276852,29.629301,29.305109,32.55438,34.339027,32.6375,27.06547,28.942799,29.054823,25.087107,24.605043,19.6289,20.1459,15.627294,16.7688,13.211043
3,9.137104,5.953806,5.478142,0.0,3.979267,6.5714693,9.406704,14.260343,16.073957,19.5581,22.37976,24.372152,26.246735,24.746643,24.345728,20.069637,17.961391,16.357512,14.486517,13.309557,10.07584,12.491247,10.131048,13.456705,17.32715,18.99004,19.173012,23.317726,23.427113,27.740051,26.17803,33.271164,32.669456,35.737484,31.469528,27.927927,30.879597,33.233288,28.369818,26.27764,31.283018,30.046036,25.6247,27.4265,31.755125,28.075594,24.47807,29.321453,31.783676,34.220963,33.071285,29.492458,35.03715,35.858517,32.53411,29.853014,27.428701,27.730852,32.87517,33.357384,28.732851,32.97212,33.33618,37.240517,35.353157,31.874392,33.429817,31.733797,27.429808,28.498678,28.708328,26.252483,23.44314,22.656982,23.441235,22.959534,19.577137,21.330923,18.390358,21.511227,19.39804,20.994751,19.147984,17.653996,18.578934,14.631701,16.938803,13.488897,14.462578,14.980965,16.30649,16.766502,18.98058,20.106142,22.378368,21.79531,25.655983,25.488873,29.391176,31.205633,29.70999,24.558863,27.265394,27.931389,24.226418,23.046343,18.939621,17.539507,13.336013,13.058643,9.381022
4,12.740994,9.35583,6.9288316,3.979267,0.0,4.7653546,5.601684,10.67263,12.704731,15.831863,18.837206,20.58726,22.610632,21.025826,21.1237,17.04072,15.06826,14.180482,12.351257,12.569981,10.50369,13.413288,12.533152,15.216309,18.921606,20.364933,19.484688,23.542652,22.871796,27.311132,25.037895,32.119183,30.76447,34.101208,30.10134,26.200794,28.80566,31.600452,26.889185,24.381271,29.237288,28.741549,24.162682,25.33312,29.93343,26.97087,22.716413,27.247509,30.18436,32.401997,31.787931,28.459192,34.056282,34.86293,32.024437,29.811184,26.962955,27.847843,32.93818,32.658688,28.1797,32.88506,33.412643,37.169643,34.74875,31.185076,33.236355,31.361246,26.995365,28.778206,29.081245,26.285166,23.557667,23.714445,23.912909,24.249643,20.702204,21.676163,19.239304,21.41591,19.003464,20.40614,17.790915,16.570642,17.561567,14.376849,16.364695,14.2319,14.631414,15.761959,16.35499,15.754142,17.891233,18.228525,19.943619,19.497612,22.846027,22.79567,26.083815,28.144037,26.883022,21.4965,23.966711,24.479074,20.998077,19.996798,15.923316,14.940729,11.232882,11.093763,8.579914
5,14.601137,12.031188,9.23581,6.5714693,4.7653546,0.0,5.5725894,8.949447,10.106255,14.071501,16.499477,19.053734,20.906963,20.074589,20.303116,15.28011,14.453958,12.602951,13.132997,12.133762,11.251773,14.712914,14.135263,14.70461,18.279606,18.950747,17.67402,21.34639,20.541378,25.061148,21.955484,29.278442,27.95424,30.781967,26.453575,22.666073,25.215181,27.593388,22.709635,20.364897,25.133251,24.197306,19.642693,21.019173,25.456863,22.229593,18.179808,22.871704,25.602747,27.882366,27.094522,23.782358,29.3288,30.115242,27.267834,25.142496,22.265818,23.326954,28.335812,27.975672,23.689837,28.512585,29.316029,32.91082,30.387997,27.015932,29.39608,27.804867,23.123657,24.839216,25.735191,23.15605,19.862877,20.35836,19.875467,20.59102,16.86359,17.26037,15.068076,16.785652,14.467418,16.198196,13.419498,11.8560095,12.870782,9.749997,12.199579,11.19006,12.299524,14.482613,15.608001,14.898033,17.994347,17.73355,19.527822,18.0001,21.264263,20.445631,24.354462,25.591644,23.681498,18.405954,21.00157,21.792921,17.942825,16.60004,12.670496,11.191924,6.8385854,7.5968113,4.7794394
6,18.226006,14.935978,11.798515,9.406704,5.601684,5.5725894,0.0,6.0812116,7.5390115,10.439188,13.388067,15.010168,17.032791,15.546305,16.265303,12.212463,10.915718,10.93862,10.295852,12.060217,12.148876,15.4342985,16.245007,17.462265,20.715097,21.636805,19.361433,23.008825,21.281376,25.74167,22.409687,29.324512,26.989496,30.55147,26.954277,22.672386,24.75597,28.071203,23.68609,20.68789,25.261478,25.818521,21.17438,21.504036,26.380873,24.57934,19.729277,23.649353,27.204762,28.956524,28.977472,26.364958,31.798298,32.416946,30.337286,28.766912,25.339842,26.953953,31.863615,30.515448,26.262363,31.46422,32.167152,35.65407,32.55623,28.933138,31.608889,29.546541,25.212923,27.940952,28.374548,25.227255,22.690668,24.165768,23.561945,25.046461,21.492285,21.398865,19.986664,20.81116,18.363184,19.722286,16.046362,14.976215,15.652979,14.027805,15.042035,14.979089,14.63956,16.634258,16.384106,14.366827,16.567835,15.533239,16.388548,15.775285,18.271755,18.189304,20.805851,22.980825,21.95795,16.40276,18.726076,19.2362,16.165745,15.16986,11.687979,10.741976,8.4733715,8.328913,8.416605
7,22.175394,19.28333,15.048087,14.260343,10.67263,8.949447,6.0812116,0.0,4.716077,5.875813,9.331055,11.312862,14.202761,13.703669,16.56787,12.505239,13.193285,13.710462,14.943111,16.860386,17.768427,21.2063,21.99208,22.424042,25.550724,25.906223,23.13479,26.211279,23.93237,28.312273,23.560314,30.362492,27.085295,30.231825,26.717506,22.286804,23.444195,26.6927,22.481052,19.193129,22.853765,23.837767,19.289438,18.397041,23.229147,22.012316,16.15675,19.501245,23.348637,25.130072,26.096676,23.128746,28.585653,29.601534,28.107437,27.43012,24.01148,26.488363,30.840462,28.741209,25.510696,31.12877,32.487263,35.434555,31.755222,28.594595,32.194794,30.486395,25.853306,28.833298,30.171629,27.236574,24.170109,26.351326,24.583231,26.674454,22.948118,21.605572,20.394217,19.639017,16.674433,17.132322,12.95211,13.171234,14.806289,14.256812,16.110735,18.088789,18.287569,21.090628,20.977757,18.46381,20.973083,18.868343,18.84709,17.585743,18.627123,17.848934,19.308628,20.900726,19.443703,13.409011,14.324225,14.190372,10.795577,10.72546,6.3959546,8.955692,7.891144,10.1179495,11.469367
8,24.545887,21.690557,18.123545,16.073957,12.704731,10.106255,7.5390115,4.716077,0.0,4.8845005,6.4099474,9.294628,11.121794,11.138917,13.162262,8.393672,10.184233,10.336425,13.299567,14.846546,16.941492,20.388552,22.03012,21.221674,23.849054,23.784855,20.307348,22.921732,20.171225,24.394014,19.238543,25.846684,22.390814,25.562017,22.221554,17.710943,18.84259,22.325985,18.335432,14.888521,18.723515,20.288198,15.792912,14.8993225,19.909992,19.517414,14.183903,17.137117,21.273209,22.45363,23.230225,21.558384,26.556246,26.974297,25.889874,25.281185,21.375532,23.959831,28.29885,25.669033,22.159529,27.831175,29.002953,31.892942,28.005331,24.66847,28.324303,26.438574,22.043612,25.587095,26.711943,23.608912,20.93338,23.887327,21.934956,24.729427,21.339724,19.667728,19.62221,18.459555,16.283741,17.55354,12.920605,12.128383,12.385451,13.271532,13.342994,16.364332,15.959714,19.086065,18.6318,15.665342,18.3989,15.695456,15.544633,13.593599,14.447404,13.275707,15.44342,16.62817,15.073157,9.187751,11.281705,12.125539,9.179488,7.738453,5.9539165,4.939962,6.38364,7.4354033,10.56982
9,27.879452,24.864439,20.823399,19.5581,15.831863,14.071501,10.439188,5.875813,4.8845005,0.0,4.078188,5.5079074,8.683408,8.812598,13.1449175,10.2304325,12.275996,13.940893,16.087011,18.894651,21.00128,24.29341,26.085672,25.81099,28.426838,28.473652,24.789759,27.274204,24.15312,28.158659,22.722359,28.73289,24.365892,27.700993,25.010098,20.415598,20.66395,24.528097,21.157011,17.468678,20.308773,22.89039,18.718819,16.567831,21.434599,22.095469,16.147125,18.013094,22.553617,23.443972,25.25049,23.622923,28.438978,29.06658,28.626062,28.668348,24.789434,27.819153,31.763083,28.525963,25.681667,31.474434,32.852448,35.416325,31.140158,28.021399,32.05398,30.152391,25.957273,29.803144,31.02577,27.863245,25.379711,28.62076,26.408909,29.390852,25.987387,23.962664,23.88143,22.11846,19.62703,20.111599,15.45515,15.700269,16.471899,17.651165,18.005793,21.247417,20.698711,23.689735,22.854565,19.492516,21.599752,18.436247,17.299648,16.05787,15.429169,14.678692,14.458726,16.179565,15.32395,9.441056,9.499237,9.198474,7.3526006,7.6210976,6.4931703,8.908164,10.930683,12.272717,15.313269
10,30.845617,27.9358,24.133327,22.37976,18.837206,16.499477,13.388067,9.331055,6.4099474,4.078188,0.0,4.077717,5.896216,7.6226783,11.822328,9.069054,12.400914,13.836522,17.2507,19.65673,22.50232,25.744928,27.990625,26.816532,29.021957,28.668064,24.513042,26.41833,22.903273,26.575932,20.597443,26.087076,21.255585,24.398872,22.076353,17.544237,17.225529,21.247904,18.405497,14.627896,16.91286,20.327877,16.533794,13.79807,18.562347,20.351133,14.85412,15.794968,20.584745,20.826488,22.859747,22.357044,26.596365,26.815256,26.988087,27.395592,23.268097,26.5461,30.170015,26.296547,23.694546,29.469658,30.859104,33.13275,28.565975,25.54829,29.823545,27.92745,24.02013,28.2822,29.545778,26.409822,24.21451,28.098436,25.53441,29.083578,25.996866,23.514631,24.302088,21.939526,20.012878,20.791685,16.01757,15.93277,15.923341,18.259073,17.596361,21.750034,20.949064,24.16174,23.16349,19.565182,21.760418,18.081497,16.621706,14.777323,13.246342,11.925527,11.432217,12.386411,11.397084,5.7376146,5.7809024,6.394228,5.8176775,5.2035904,7.4971356,8.287103,11.951499,12.842574,16.664093
11,32.995533,29.832855,26.017904,24.372152,20.58726,19.053734,15.010168,11.312862,9.294628,5.5079074,4.077717,0.0,3.9832609,4.9807596,10.871554,10.261941,12.964951,15.612078,17.953344,21.44663,24.294758,27.305588,29.867422,29.231619,31.387682,31.292,26.994703,28.974556,25.24519,28.744785,23.137972,28.067764,22.764048,26.37347,24.73363,20.195787,19.590725,24.0493,21.729156,17.913752,19.861948,23.949055,20.350555,17.380583,21.949797,24.282309,18.783718,19.275097,24.147793,24.109053,26.497772,26.216007,30.30171,30.474882,30.916204,31.42815,27.255627,30.521141,34.123924,30.055279,27.456123,33.171978,34.400253,36.65531,31.99766,28.900387,33.05625,30.916172,27.355682,31.868889,32.75831,29.40348,27.657028,31.606688,29.288687,32.83831,29.773415,27.475546,28.18733,25.984627,23.944572,24.542881,19.804956,19.888954,19.902908,22.029968,21.206493,24.94552,23.734993,26.620302,25.137857,21.232893,22.711786,18.85695,16.670115,15.830253,13.431701,13.116213,10.403746,12.683623,13.121637,8.562677,7.6990004,7.3546715,8.677318,9.012422,10.875121,12.029661,15.441193,15.870644,19.649563
12,35.12535,31.949413,28.533937,26.246735,22.610632,20.906963,17.032791,14.202761,11.121794,8.683408,5.896216,3.9832609,0.0,3.7872014,8.479708,8.98693,12.23497,14.910318,17.865538,21.201435,24.65569,27.45853,30.566137,29.312002,31.020906,30.717451,26.027216,27.54824,23.48608,26.571884,20.991037,25.179457,19.506338,23.31415,22.303696,17.892378,16.995157,21.823835,20.162619,16.409773,18.121422,22.983578,19.771793,16.837053,21.199076,24.365625,19.641773,19.63932,24.521196,23.863558,26.071566,26.941816,30.499577,30.130697,30.947033,31.480045,27.07107,30.257141,33.7492,29.325747,26.566729,32.081757,33.031685,35.18457,30.440008,27.240984,31.250244,28.904396,25.876192,30.796543,31.308853,27.848118,26.720753,31.115246,28.868095,32.781906,30.075254,27.748793,29.155657,26.90602,25.415165,26.479841,21.700428,21.212105,20.375265,23.128407,21.185955,25.1818,23.486397,26.289528,24.453564,20.332483,21.568659,17.344164,14.752102,13.785538,10.399726,10.195071,6.462504,9.050897,10.453866,7.392153,7.639242,8.533515,10.739028,10.074651,13.393009,12.654237,16.835737,16.411882,20.675623
13,33.74171,30.357615,27.169619,24.746643,21.025826,20.074589,15.546305,13.703669,11.138917,8.812598,7.6226783,4.9807596,3.7872014,0.0,6.4767346,8.283229,10.219037,13.83509,15.486751,19.685513,22.91816,25.501467,28.771807,28.157646,29.93205,30.016891,25.454113,27.368256,23.422537,26.628237,21.83413,26.163092,20.835016,25.183466,24.162483,19.651922,19.381054,24.3719,22.441874,18.684711,21.098278,25.612703,22.08953,19.727999,24.325438,26.89557,22.050192,22.699799,27.539364,27.1591,29.028576,29.52533,33.42126,33.095387,33.500427,33.616943,29.19133,32.06948,35.94098,31.916967,28.62474,34.10034,34.771626,37.26502,32.76173,29.257826,32.847706,30.233732,27.26983,32.133064,32.17629,28.480585,27.600447,31.66853,29.956345,33.561974,30.776335,28.976402,30.031973,28.421972,26.76137,27.933397,23.141422,22.479746,21.682552,23.794697,21.847626,24.996399,22.977793,25.36711,23.202816,18.98918,19.654373,15.612685,12.778643,12.915355,10.0140705,11.043709,7.5515857,11.621398,13.509815,10.131846,11.083642,11.662529,13.153849,12.529335,14.618332,13.618508,17.163197,16.20133,20.208832
14,33.47179,30.102705,27.897484,24.345728,21.1237,20.303116,16.265303,16.56787,13.162262,13.1449175,11.822328,10.871554,8.479708,6.4767346,0.0,5.967425,6.7241926,10.393153,12.103054,16.022465,19.914526,21.94666,26.025091,24.79113,25.893782,25.965984,21.125938,22.748068,18.668007,21.453312,17.813175,21.536222,16.803707,21.829987,21.203886,16.966785,17.544497,22.720901,21.070126,17.709488,20.89009,25.26712,21.934908,20.744125,25.211084,27.62859,23.936586,24.985819,29.520384,28.890913,29.745073,31.148825,34.754326,33.78352,33.94401,33.43898,28.836498,31.062,35.206818,31.500189,27.316523,32.291542,32.231804,35.039772,30.952774,27.000523,29.70785,26.611433,24.407015,29.477987,28.504494,24.53282,24.725239,28.847132,27.898596,31.517954,29.250584,28.079788,29.713726,28.842867,27.888922,29.899172,25.227837,23.518509,21.587185,23.762554,20.30118,22.765911,19.851547,21.658897,18.83776,14.460435,14.411706,10.11173,6.7272315,7.6332293,4.835745,7.739567,6.8689623,11.270389,13.72584,11.837862,14.915444,16.5813,17.496492,15.682074,18.020607,14.318094,17.818298,15.199809,19.309725
15,29.091757,26.000698,23.67668,20.069637,17.04072,15.28011,12.212463,12.505239,8.393672,10.2304325,9.069054,10.261941,8.98693,8.283229,5.967425,0.0,4.5103526,5.9864526,10.139658,12.427294,16.319519,18.992067,22.439497,20.639473,22.12105,21.915195,17.250412,19.16694,15.393228,18.977829,14.463606,19.880085,15.962946,20.282183,18.206495,13.642137,14.985392,19.599228,16.837923,13.402781,17.476921,20.699528,16.894812,16.349936,21.098173,22.448063,18.793451,20.631441,24.911858,24.817993,25.157272,25.94006,29.884819,29.122774,28.725641,27.942463,23.43626,25.594969,29.949402,26.706259,22.342888,27.536114,27.749958,30.743797,26.802864,22.849195,25.785976,23.022099,19.953987,24.649437,24.280573,20.496435,19.760687,23.698717,22.479738,25.990406,23.511112,22.258633,23.759136,22.95411,22.044611,24.260246,19.699707,17.693628,15.704001,17.813124,14.522613,17.373343,14.98806,17.47306,15.472561,11.372321,13.079385,9.108812,7.935115,5.868424,6.2699175,6.2705264,9.563427,11.722007,11.962389,8.529849,12.675867,14.734168,14.155455,11.688159,13.516948,8.627813,12.072907,9.431852,13.802362
16,27.022676,23.720585,21.97511,17.961391,15.06826,14.453958,10.915718,13.193285,10.184233,12.275996,12.400914,12.964951,12.23497,10.219037,6.7241926,4.5103526,0.0,4.736373,5.9167585,9.690811,13.295173,15.596428,19.393261,18.471697,20.017014,20.442644,16.149912,18.726017,15.43061,19.10776,16.187164,21.56637,18.504921,23.164614,21.10741,16.803028,18.757872,23.22614,20.28641,17.142405,21.6146,24.283134,20.330046,20.396236,25.169092,25.79867,22.16398,24.584589,28.710495,28.918747,28.909678,29.224077,33.45947,32.773216,31.88306,30.586601,26.235403,27.883993,32.602104,29.98845,25.129618,30.05634,29.8947,33.268127,29.7831,25.603424,27.845678,24.847582,21.981155,26.31769,25.292358,21.333303,20.97644,24.193708,23.858084,26.757084,24.273552,23.876032,24.843258,24.993164,23.949266,26.270308,21.913198,19.743042,17.906544,18.939732,15.799485,16.984205,14.099835,15.72627,13.188804,9.010665,9.787399,6.3726034,5.689534,5.945245,8.271448,9.751457,12.649343,15.68377,16.376726,12.941764,16.81302,18.503782,17.627302,15.459958,16.026733,11.397208,13.338758,9.928325,13.362062
17,25.077654,22.171143,20.859283,16.357512,14.180482,12.602951,10.93862,13.710462,10.336425,13.940893,13.836522,15.612078,14.910318,13.83509,10.393153,5.9864526,4.736373,0.0,6.5337415,6.559091,10.769903,13.366842,16.930138,14.740795,16.179472,16.196959,11.833839,14.488589,11.514809,15.635898,12.751293,18.980259,17.068882,21.137499,18.26033,14.2278595,17.013971,20.775562,17.327394,14.6698475,19.729822,21.315481,17.373013,18.502655,23.050196,22.85511,20.062439,22.990574,26.605501,27.014854,26.212215,26.568045,30.715622,29.877481,28.541677,26.797806,22.5561,23.764622,28.649363,26.574297,21.31305,26.001257,25.702023,29.289072,26.185926,21.931995,23.852406,20.975092,17.866476,21.871483,20.849987,16.981794,16.40297,19.463556,19.31157,22.125254,19.816477,19.68789,20.930012,21.478064,20.948112,23.782194,19.780516,16.94128,14.469886,15.452682,11.541742,12.561518,9.552743,11.595715,9.585362,5.729703,8.494312,6.011153,7.75904,5.516512,9.83596,9.890998,15.051819,16.707422,16.284702,13.121545,17.645233,19.759342,18.1066,15.367508,15.79971,9.730694,11.08264,6.7494073,10.120122
18,23.111969,19.758202,19.091965,14.486517,12.351257,13.132997,10.295852,14.943111,13.299567,16.087011,17.2507,17.953344,17.865538,15.486751,12.103054,10.139658,5.9167585,6.5337415,0.0,6.203645,8.512402,10.287587,14.254063,14.583511,16.358463,17.650919,14.451865,17.916851,15.828269,19.60266,18.522573,24.113834,22.458311,26.975029,24.492157,20.602226,23.306599,27.249454,23.849878,21.160324,26.142502,27.717989,23.616278,24.588444,29.308453,28.737772,25.36791,28.610544,32.33807,33.0484,32.418888,32.01696,36.584305,36.04534,34.3805,32.371162,28.387482,29.306276,34.41033,32.81034,27.447485,31.950563,31.435986,35.253704,32.475807,28.171858,29.585646,26.573172,23.746912,27.25758,25.697224,21.834827,21.579992,23.551357,24.307714,26.207758,23.766165,24.503887,24.71336,26.141563,25.064447,27.557621,23.729536,21.302467,19.680475,19.289768,16.631456,15.518786,12.4679575,12.79899,10.138064,7.081786,7.0002522,6.7278347,8.382167,9.69403,13.511357,15.053951,18.460289,21.473444,21.890804,18.239101,22.102833,23.596666,22.002172,19.947126,19.157303,14.693908,14.704904,10.899828,12.374158
19,21.086327,18.407917,18.612051,13.309557,12.569981,12.133762,12.060217,16.860386,14.846546,18.894651,19.65673,21.44663,21.201435,19.685513,16.022465,12.427294,9.690811,6.559091,6.203645,0.0,4.7518225,6.939781,10.786047,8.890095,10.529276,11.540195,8.699177,12.630186,11.644553,15.676252,15.434756,21.531898,21.442923,25.161568,21.907797,18.671377,22.166285,25.142967,21.366468,19.46618,24.835283,25.080732,21.2174,23.41625,27.681612,26.117857,23.936699,27.661648,30.680517,31.595016,29.992388,29.667261,34.009895,33.26638,31.035088,28.401876,24.731009,24.88866,30.131006,29.385494,23.60517,27.519264,26.707958,30.789776,28.696564,24.40933,25.132029,22.32534,19.457304,22.209553,20.43484,16.837706,16.501917,17.764711,19.19358,20.639112,18.583834,20.033901,20.479965,22.686129,22.340105,25.447481,22.244934,19.068558,16.784243,16.02343,12.638917,10.178868,6.7006,6.60771,4.524922,3.5437438,6.3633657,7.95913,11.430355,10.6526165,15.680474,16.082119,21.381823,23.127117,22.552338,19.376583,23.800404,25.740189,23.473988,20.877958,20.058651,14.427072,13.583679,9.228657,9.526646
20,16.973793,14.382541,15.5398035,10.07584,10.50369,11.251773,12.148876,17.768427,16.941492,21.00128,22.50232,24.294758,24.65569,22.91816,19.914526,16.319519,13.295173,10.769903,8.512402,4.7518225,0.0,3.6325784,6.209772,6.796241,9.579741,11.62922,10.959012,15.262254,15.428652,19.297935,19.598942,25.799612,26.093304,29.592825,26.01712,22.90883,26.463066,29.123045,24.98545,23.21066,28.62932,28.168226,24.167334,26.57859,30.83367,28.366423,26.02739,30.268423,33.01949,34.434536,32.682404,31.403505,36.098576,35.73374,32.93779,29.956726,26.773405,26.570763,31.929567,31.953003,26.249302,29.952244,29.21685,33.436058,31.76922,27.663568,28.14662,25.65319,22.554466,24.3992,22.816305,19.694569,18.823929,18.743439,20.720192,21.063726,18.824512,21.050398,20.393269,23.496485,22.838661,25.734505,23.080248,20.135738,18.61955,16.51421,14.675614,10.465363,8.368754,7.0878716,6.838374,8.103474,9.773315,12.268405,15.558355,15.282007,20.156029,20.582678,25.559132,27.471016,26.700668,22.96836,27.044111,28.658472,25.911589,23.648304,21.749342,17.097656,14.913146,11.4404745,9.726839
21,18.106756,15.746777,17.813398,12.491247,13.413288,14.712914,15.4342985,21.2063,20.388552,24.29341,25.744928,27.305588,27.45853,25.501467,21.94666,18.992067,15.596428,13.366842,10.287587,6.939781,3.6325784,0.0,5.257204,6.813444,8.634126,11.407744,11.594453,15.711677,16.429823,19.745234,21.296612,26.873343,27.705864,31.287067,27.990734,25.190086,28.883522,31.510395,27.616856,26.04111,31.46507,31.018982,27.211023,29.79415,33.94105,31.518663,29.49164,33.682423,36.36768,37.68325,35.732353,34.699196,39.242916,38.709587,35.85472,32.670357,29.58916,29.039614,34.373524,34.63773,28.75118,32.032158,30.914635,35.230087,33.91119,29.748861,29.640738,27.013891,24.467527,26.102482,23.876404,20.83133,20.670622,20.159605,22.809496,22.801159,21.024439,23.701956,23.136623,26.58096,26.141542,29.119501,26.62111,23.592575,21.889448,19.780354,17.631914,12.935101,10.588556,7.989961,7.277655,9.478329,9.861761,13.399278,16.841124,17.13959,22.121517,22.908497,27.8631,29.962185,29.484922,26.087105,30.289743,31.965195,29.391346,27.083525,25.336512,20.547491,18.526491,14.924006,13.257152
22,13.50001,11.765203,14.930092,10.131048,12.533152,14.135263,16.245007,21.99208,22.03012,26.085672,27.990625,29.867422,30.566137,28.771807,26.025091,22.439497,19.393261,16.930138,14.254063,10.786047,6.209772,5.257204,0.0,6.730854,9.641198,12.512098,14.34533,18.465025,19.905884,23.336958,24.569447,30.602192,31.672838,34.811157,30.958223,28.25252,31.989624,34.135784,29.79382,28.401686,33.823452,32.489273,28.61743,31.465357,35.472652,32.059,30.063885,34.719566,36.97649,38.822002,36.66589,34.65778,39.45234,39.33483,35.907543,32.440666,29.949905,29.09071,34.406746,35.464413,29.829954,32.92411,32.07485,36.41075,35.469116,31.614546,31.507357,29.37902,26.363522,27.055286,25.458803,23.024027,21.950027,20.2639,23.065357,22.013754,20.04691,23.269989,21.652231,25.817541,25.183277,27.919758,26.151224,23.37205,22.38976,19.184273,18.562857,12.950205,12.291552,9.970584,11.194377,13.839082,14.979636,18.170248,21.535625,21.418516,26.35222,26.713787,31.746973,33.594807,32.589523,28.70844,32.59991,34.043854,30.896116,28.829363,26.203844,22.243631,19.128859,16.507872,13.418769
23,17.650993,16.40396,18.566225,13.456705,15.216309,14.70461,17.462265,22.424042,21.221674,25.81099,26.816532,29.231619,29.312002,28.157646,24.79113,20.639473,18.471697,14.740795,14.583511,8.890095,6.796241,6.813444,6.730854,0.0,3.908515,5.9806967,8.32556,12.180074,14.307598,17.544024,19.115114,24.98005,26.891718,29.416502,25.39049,23.306278,27.321856,28.856571,24.707651,23.937487,29.30131,27.52396,24.144745,27.635733,31.148748,27.799965,26.971066,31.39378,33.28319,34.798298,32.054237,31.003933,35.18939,34.55981,31.217772,27.556026,25.01093,23.729752,28.976397,30.137907,24.25187,26.844437,25.667204,30.052322,29.418837,25.585451,25.010422,22.95944,20.227783,20.694439,18.783998,16.515959,15.730013,13.998389,17.239391,16.472702,15.174853,18.55993,18.183002,22.241276,22.587698,25.994371,24.262632,20.779266,18.700945,16.351099,14.108261,8.252333,7.2063093,4.172585,7.1506066,10.932668,13.253343,16.187695,19.988705,18.708807,23.893816,23.62087,29.671427,30.619713,29.197136,26.198584,30.564337,32.527668,29.469765,26.84518,25.219036,19.964191,17.48325,14.31116,11.813186
24,21.228802,20.143847,22.466898,17.32715,18.921606,18.279606,20.715097,25.550724,23.849054,28.426838,29.021957,31.387682,31.020906,29.93205,25.893782,22.12105,20.017014,16.179472,16.358463,10.529276,9.579741,8.634126,9.641198,3.908515,0.0,3.3594198,7.0116153,10.066505,13.015578,15.425009,18.402735,23.400547,26.139593,28.478863,24.776176,23.265522,27.432325,28.738552,25.048216,24.676395,29.921324,28.186682,25.25353,28.992935,32.202282,29.18107,29.02757,33.16026,34.922394,36.10875,33.05295,32.7841,36.49811,35.453453,32.266487,28.491652,25.955181,24.301102,29.355255,30.589302,24.516731,26.469347,24.73731,29.156178,28.931978,25.067434,23.707384,21.506756,19.631102,19.970697,17.131186,14.989236,15.369877,13.567332,17.484022,16.797672,16.398853,19.894583,20.320736,24.264196,25.136024,28.77525,27.047802,23.327543,20.66473,18.973059,15.711981,10.389391,8.62999,4.895294,7.116807,11.470035,13.26742,16.557981,20.502926,19.213018,24.457367,24.256353,30.59723,31.35245,30.090778,27.797525,32.43128,34.64571,31.870266,29.010801,28.00094,22.17069,20.301607,16.760351,14.951446
25,23.070908,22.13762,24.021172,18.99004,20.364933,18.950747,21.636805,25.906223,23.784855,28.473652,28.668064,31.292,30.717451,30.016891,25.965984,21.915195,20.442644,16.196959,17.650919,11.540195,11.62922,11.407744,12.512098,5.9806967,3.3594198,0.0,5.3484006,7.508765,11.066725,13.252249,16.186066,21.073988,24.25927,26.097132,22.232624,21.151234,25.376375,26.222336,22.65485,22.69202,27.76667,25.705317,23.128859,27.15614,30.005724,26.993593,27.480883,31.429523,32.92504,33.96511,30.62657,30.804249,34.151367,32.881668,29.75542,25.937775,23.452475,21.580847,26.49922,27.805923,21.717041,23.333755,21.46223,25.87895,25.83946,22.066906,20.465418,18.408325,16.666023,16.759485,13.808351,11.898509,12.412509,10.595804,14.69084,14.245516,14.343374,17.724707,18.849152,22.544281,23.895878,27.733082,26.11692,22.206123,19.124823,17.968029,14.0954485,9.409245,7.868252,5.143416,7.8186684,11.848729,14.251993,16.935785,20.822405,18.865047,23.975983,23.332594,30.04189,30.242975,28.67957,26.845007,31.55327,33.95169,31.207987,28.172579,27.598913,21.447092,19.906166,16.457012,15.026244
26,25.093353,23.483906,24.377865,19.173012,19.484688,17.67402,19.361433,23.13479,20.307348,24.789759,24.513042,26.994703,26.027216,25.454113,21.125938,17.250412,16.149912,11.833839,14.451865,8.699177,10.959012,11.594453,14.34533,8.32556,7.0116153,5.3484006,0.0,4.3237567,6.1161985,9.297401,11.410707,16.701555,19.19471,21.519505,17.928633,16.419209,20.605507,22.058352,18.73833,18.41227,23.533506,22.48934,19.79498,23.383125,26.479494,24.543383,24.673197,28.142273,30.15394,30.732658,27.845816,28.782104,32.048363,30.539967,28.11695,24.881453,21.611267,20.555079,25.503677,25.57562,19.35543,21.769043,20.036947,24.32824,23.342278,19.149067,18.280994,15.569179,13.74831,15.598647,12.583475,9.315693,10.466909,11.303646,13.995551,15.382676,14.984227,17.067621,19.052893,21.589367,22.814667,26.661167,24.270403,20.324944,16.728443,16.78801,11.579279,8.948245,5.5505457,4.5597844,5.0364065,7.729941,10.654384,12.415986,16.13741,13.782367,18.788488,18.129408,24.896738,25.06522,23.759039,22.29253,27.169245,29.72954,27.450903,24.261024,24.473782,17.780266,17.333792,13.311068,13.393562
27,29.03171,27.608273,28.413475,23.317726,23.542652,21.34639,23.008825,26.211279,22.921732,27.274204,26.41833,28.974556,27.54824,27.368256,22.748068,19.16694,18.726017,14.488589,17.916851,12.630186,15.262254,15.711677,18.465025,12.180074,10.066505,7.508765,4.3237567,0.0,4.5792146,5.916445,9.611257,13.597055,17.338509,18.935379,15.624181,15.193455,19.396112,20.201536,17.613407,18.032253,22.660437,21.52501,19.651821,23.482866,25.930387,24.457191,25.582615,28.528711,30.214687,30.356213,27.102737,29.072002,31.595604,29.577902,27.48372,24.310993,21.112011,19.747688,24.220509,24.205818,18.01498,19.58422,17.269035,21.455986,20.842295,16.7227,14.975262,12.082483,11.512003,13.389361,9.321767,6.019772,9.208624,10.750342,13.418231,15.330344,15.889003,17.60008,20.56724,22.625292,24.47551,28.466646,26.20867,22.153324,18.056574,18.989208,13.148599,11.860797,9.14013,8.766838,8.976277,10.872186,13.334744,14.538784,17.900991,15.12747,19.616137,18.626692,25.637789,25.131157,23.742743,23.344437,28.29669,31.117647,29.151358,25.769304,26.751003,19.774214,20.009123,16.182222,16.814487
28,30.265612,28.376484,28.466263,23.427113,22.871796,20.541378,21.281376,23.93237,20.171225,24.15312,22.903273,25.24519,23.48608,23.422537,18.668007,15.393228,15.43061,11.514809,15.828269,11.644553,15.428652,16.429823,19.905884,14.307598,13.015578,11.066725,6.1161985,4.5792146,0.0,4.534904,5.951049,10.725891,13.244694,15.626161,12.6825075,11.528193,15.625337,17.298359,14.995798,14.8573,19.478975,19.570837,17.515657,20.674835,23.433233,23.047812,23.596233,26.059925,28.29008,28.04643,25.404926,27.859749,30.406298,28.313686,26.888412,24.359045,20.537085,20.0999,24.505844,23.296227,17.242716,19.750044,17.86723,21.72406,20.02762,15.597363,15.034598,11.608179,10.786242,14.457533,11.173256,7.040459,9.936315,13.351803,14.550596,17.590254,17.483892,18.123203,21.370228,22.47433,23.999975,27.818651,24.933187,21.05361,16.816154,18.645641,12.31196,12.779467,9.470781,10.257452,9.154128,9.020278,11.525213,11.410119,14.258899,11.074175,15.21954,14.204137,21.183601,20.688826,19.617304,19.558516,24.576014,27.482187,25.988817,22.56463,24.21071,17.051018,18.299482,14.271009,16.137308
29,34.2594,32.50044,32.851284,27.740051,27.311132,25.061148,25.74167,28.312273,24.394014,28.158659,26.575932,28.744785,26.571884,26.628237,21.453312,18.977829,19.10776,15.635898,19.60266,15.676252,19.297935,19.745234,23.336958,17.544024,15.425009,13.252249,9.297401,5.916445,4.534904,0.0,7.351984,8.381481,12.857438,14.564004,12.727535,13.029519,16.787443,17.879541,16.750458,17.29679,21.16643,21.397596,20.207184,23.39066,25.505056,25.6379,26.958519,28.934587,30.890833,30.213879,27.316769,30.668343,32.52183,29.960442,28.874216,26.398014,22.79717,22.001875,25.83252,24.624113,18.8132,20.225878,17.640738,21.200125,20.04928,15.873814,14.076233,10.380148,11.742356,15.128728,10.742993,7.298593,12.009813,15.245725,16.745487,19.730684,20.422848,21.09796,24.808756,25.813076,27.747229,31.634232,28.907156,25.003805,20.584797,22.702509,16.290106,16.753273,13.659232,13.804144,12.615612,12.825851,14.333593,14.409287,16.890968,14.099752,17.545744,16.68579,23.381111,22.533598,21.7649,22.756254,27.72205,30.772099,29.65863,26.18045,28.320112,21.143446,22.690191,18.754833,20.622658
30,33.449463,31.515127,30.718042,26.17803,25.037895,21.955484,22.409687,23.560314,19.238543,22.722359,20.597443,23.137972,20.991037,21.83413,17.813175,14.463606,16.187164,12.751293,18.522573,15.434756,19.598942,21.296612,24.569447,19.115114,18.402735,16.186066,11.410707,9.611257,5.951049,7.351984,0.0,7.440429,8.651494,10.315263,6.914243,5.825087,9.88579,11.446239,9.8035965,9.990745,13.952181,14.831816,13.4497385,16.16679,18.4297,19.321196,20.324486,21.820469,24.05476,23.187338,20.817793,24.420591,26.324297,23.886135,23.365273,21.680248,17.473974,17.904385,21.660908,19.153048,13.662592,16.681025,15.37876,18.54027,15.740449,11.287187,12.249652,8.887654,7.850674,13.12596,11.373479,7.8202715,9.744351,14.900222,14.118924,18.428034,18.22648,17.308025,21.40263,21.00395,22.740044,26.356403,23.268997,19.662502,15.180447,18.526236,12.099059,15.248862,12.882621,15.012662,14.220282,12.850364,15.591579,13.790652,15.3733015,11.195235,13.600648,11.356406,18.36464,16.566275,14.928807,16.146336,20.952562,24.093588,23.071842,19.549847,22.371313,15.379675,17.889992,14.703696,17.630255
31,40.48566,38.54846,37.979836,33.271164,32.119183,29.278442,29.324512,30.362492,25.846684,28.73289,26.087076,28.067764,25.179457,26.163092,21.536222,19.880085,21.56637,18.980259,24.113834,21.531898,25.799612,26.873343,30.602192,24.98005,23.400547,21.073988,16.701555,13.597055,10.725891,8.381481,7.440429,0.0,6.7123265,6.770023,7.657602,9.762349,11.86779,12.573721,13.935159,14.992749,16.913494,18.737228,18.8894,21.01802,22.127972,24.395226,26.268705,26.689203,28.627365,26.849525,24.5102,29.64479,30.344217,27.169918,27.585342,26.330458,22.484518,22.649765,25.274166,22.347588,17.833752,19.147907,17.011477,19.15539,16.856125,13.257327,12.66577,9.180602,11.968628,16.624779,13.828524,11.457781,15.265395,20.040934,19.608765,23.812565,24.483059,23.566435,28.128437,27.47428,29.585758,33.14687,30.149595,26.687067,22.175695,25.800055,19.403471,22.2251,19.630457,20.953342,19.647825,18.41624,19.906387,18.177876,19.07752,15.768152,16.78804,15.172549,20.92816,18.634634,17.990154,21.139355,25.557085,28.805096,28.698452,25.27658,28.91977,22.181576,25.174564,21.968674,24.99712
32,40.72294,38.369484,37.004936,32.669456,30.76447,27.95424,26.989496,27.085295,22.390814,24.365892,21.255585,22.764048,19.506338,20.835016,16.803707,15.962946,18.504921,17.068882,22.458311,21.442923,26.093304,27.705864,31.672838,26.891718,26.139593,24.25927,19.19471,17.338509,13.244694,12.857438,8.651494,6.7123265,0.0,5.492593,7.7277274,7.373268,7.653681,10.819064,12.583816,12.247902,13.533949,17.631601,17.290417,17.830568,19.504148,23.208246,23.792152,23.49353,26.279028,24.14203,23.12936,28.216045,29.232355,26.390774,27.544567,27.147131,22.790112,24.179201,26.849964,22.664434,18.814404,21.661964,20.646744,22.433212,18.711235,15.20389,16.8977,13.839137,14.597214,20.10732,18.611897,15.707512,17.975378,23.354412,21.964382,26.639578,26.369343,24.635975,28.86624,27.33677,28.742615,31.818697,28.192535,25.29429,21.232445,25.368069,19.45493,23.358723,20.714638,22.719246,20.928427,18.36439,19.739672,16.656063,16.247587,12.942978,11.991521,10.152932,14.805432,12.178887,12.259451,16.20627,20.222767,23.410183,24.10571,20.931606,25.30489,19.222929,23.197075,20.380648,24.296238
33,43.285934,41.281197,39.906002,35.737484,34.101208,30.781967,30.55147,30.231825,25.562017,27.700993,24.398872,26.37347,23.31415,25.183466,21.829987,20.282183,23.164614,21.137499,26.975029,25.161568,29.592825,31.287067,34.811157,29.416502,28.478863,26.097132,21.519505,18.935379,15.626161,14.564004,10.315263,6.770023,5.492593,0.0,5.537078,8.281329,7.7539654,7.8971086,11.424604,12.640961,12.399759,15.648883,16.762712,17.683212,17.911848,21.864202,23.874678,23.01677,24.913092,22.370295,20.801254,26.927181,26.875546,23.517076,25.141861,25.047697,21.127348,22.331377,24.04377,19.672073,16.700445,18.505394,17.515995,18.44143,14.771687,12.110631,13.783909,11.567132,13.292928,18.2741,17.421095,15.626377,17.755995,23.154015,21.24463,26.064466,26.362288,24.22611,29.014866,27.043152,29.05792,32.148552,29.058903,26.180231,22.00117,26.50556,20.744917,25.097858,23.114105,25.312407,24.225517,22.285292,24.181517,21.455494,21.45149,17.766987,17.084406,14.597251,19.1395,15.413307,14.292715,18.86208,22.424635,25.653812,26.173136,22.999794,27.552422,21.71555,25.502296,23.237555,26.835585
34,38.613094,36.84652,35.48741,31.469528,30.10134,26.453575,26.954277,26.717506,22.221554,25.010098,22.076353,24.73363,22.303696,24.162483,21.203886,18.206495,21.10741,18.26033,24.492157,21.907797,26.01712,27.990734,30.958223,25.39049,24.776176,22.232624,17.928633,15.624181,12.6825075,12.727535,6.914243,7.657602,7.7277274,5.537078,0.0,4.67951,6.2393694,5.256827,6.6530123,8.588611,9.746703,11.223906,11.972625,14.019933,14.553341,17.1687,19.50087,19.457705,21.091501,19.238825,16.915703,22.380108,22.849136,19.729336,20.531786,19.964226,15.924221,17.020548,19.264875,15.342602,11.494479,13.9871,13.33473,15.002382,11.107033,7.502576,10.171416,8.09058,8.114292,13.361237,13.33764,11.587463,12.6315365,18.150026,15.844898,20.762129,20.92322,18.690952,23.519573,21.662941,23.851528,27.116423,24.297316,21.195442,16.879866,21.326176,15.65946,20.261192,18.841282,21.421494,21.027678,19.494564,22.221802,19.812222,20.517399,16.219395,16.708408,13.601822,19.432257,15.858156,13.417359,16.637623,20.551834,23.79741,23.361366,19.996843,23.926517,17.872566,21.114038,19.119118,22.327803
35,35.570015,33.52427,31.840792,27.927927,26.200794,22.666073,22.672386,22.286804,17.710943,20.415598,17.544237,20.195787,17.892378,19.651922,16.966785,13.642137,16.803028,14.2278595,20.602226,18.671377,22.90883,25.190086,28.25252,23.306278,23.265522,21.151234,16.419209,15.193455,11.528193,13.029519,5.825087,9.762349,7.373268,8.281329,4.67951,0.0,4.2458544,6.8483977,5.7426105,5.3376274,8.384274,11.056924,10.050198,11.4631,13.547023,16.121223,16.86678,17.243414,19.7949,18.34272,16.82821,21.167385,22.723507,20.271862,20.783484,20.243444,15.719733,17.46651,20.531223,16.500984,12.274438,16.299664,16.196915,18.377874,14.186397,10.318967,13.628164,11.286728,9.389601,14.974633,15.131044,12.448498,12.573821,18.168642,15.791243,20.690626,19.975115,17.66926,21.895624,20.009644,21.497116,24.613949,21.238316,18.254032,14.129643,18.585476,13.041597,17.991264,16.373823,19.301493,18.621302,16.42011,19.27364,16.37954,16.818699,12.3624325,12.752429,9.351903,15.531392,12.416901,9.872289,12.2579155,16.539133,19.786404,19.277388,15.848298,19.75809,13.584217,17.22442,15.178598,18.86143
