,0,1,2,3,4,5,6,7,8,9,10,11,12,13,14,15,16,17,18,19,20,21,22,23,24,25,26,27,28,29,30,31,32,33,34,35,36,37,38,39,40,41,42,43,44,45,46,47,48,49,50,51,52,53,54,55,56,57,58,59,60,61,62,63,64,65,66,67,68,69,70,71,72,73,74,75,76,77,78,79,80,81,82,83,84,85,86,87,88,89,90,91,92,93,94,95,96,97,98,99,100,101,102,103,104,105,106,107,108,109
0,0.0,4.231885,6.377793,8.439252,11.635402,13.348091,15.052447,18.902721,20.976164,24.769583,27.85126,31.068556,32.04592,34.379856,31.580462,26.876348,25.50497,22.825342,21.785912,21.102427,19.474096,22.249065,19.89874,24.316866,28.500895,27.11439,24.79156,24.079763,24.347584,23.038176,26.733072,24.727882,31.651525,29.722664,34.580814,37.421528,33.520485,34.27579,27.90406,30.830465,27.651499,29.46197,27.652056,28.225122,29.02487,28.90743,31.546812,32.673416,32.528564,35.331024,33.824726,32.58719,31.747213,35.08158,33.60258,38.278873,35.476242,34.363544,40.405987,40.431236,38.096718,33.388397,33.703373,31.518549,32.955093,30.823492,30.731659,29.528402,29.981976,26.580791,25.801998,26.3513,28.193872,27.481947,31.631414,30.23471,36.169224,34.62379,38.182133,36.726925,32.090343,35.9424,33.945618,29.704973,25.975107,25.435266,21.35545,21.222378,17.871857,17.03192,16.36642,16.407902,15.177771,16.483355,11.277734,10.660019,12.495408,14.719845,16.733189,19.666967,21.317593,24.8106,27.900162,29.118889,26.31876,31.602041,27.143276,28.294544,27.003555,27.108006
1,4.231885,0.0,5.3045044,6.352508,9.209673,11.979414,13.969646,17.656338,20.552368,23.966013,27.786993,30.257479,31.73767,34.217514,30.807756,26.272577,24.25951,21.641142,19.799168,19.043756,16.640541,19.286629,17.04602,21.459934,25.606537,24.780653,22.734167,22.609842,23.23982,23.13437,26.79029,25.858984,32.679127,31.417892,35.891613,39.08133,35.397404,35.77262,29.218979,31.69381,28.192379,29.640255,27.045572,27.226885,27.533459,27.07196,29.093433,29.959808,30.025446,33.107384,32.18235,30.947289,30.683226,34.235588,33.22455,38.085403,35.519314,33.972004,39.99553,39.63669,37.10707,32.287956,32.118927,29.54409,30.85956,28.032675,28.114136,26.48597,26.804392,23.399706,23.015305,23.898369,26.288239,26.13351,30.304817,29.573254,35.527977,34.568672,38.321568,37.09903,32.504913,36.68134,35.175365,30.713772,27.139454,25.916601,22.40803,21.089375,17.472713,15.798281,14.915665,14.040111,13.18549,15.837671,10.809645,10.878637,12.776523,15.972695,17.478218,21.373838,22.199448,26.322803,29.554535,30.319105,27.264057,32.065483,27.062527,27.840576,26.003431,25.768595
2,6.377793,5.3045044,0.0,5.3848405,6.707885,7.89598,11.022942,13.3785715,16.482128,19.69578,23.36912,26.042107,27.742785,30.695534,27.39313,23.277042,21.190079,19.446623,17.071,17.959335,16.21917,19.50923,18.474623,22.843555,26.664282,26.0689,22.984661,23.598331,22.796446,23.416016,26.161001,25.431692,31.732891,30.761206,35.303772,38.538403,35.18533,35.867184,29.500282,31.610275,28.70464,29.38811,27.501165,27.134804,28.005089,26.98576,30.126444,30.509779,29.743206,33.29232,32.12188,31.65125,31.424793,34.08432,33.131992,38.090874,34.864956,33.09616,38.829834,38.30514,35.34138,31.086966,30.429796,28.255005,28.853567,26.94872,25.96419,24.722136,25.826767,22.281292,21.337917,22.840021,24.19961,24.415703,28.019203,27.625937,33.154728,32.60152,36.228287,35.5112,30.41848,34.135612,32.987476,28.767893,25.34776,23.945166,21.194828,19.529865,17.456732,15.592829,16.045408,15.822032,15.886148,18.435421,13.572554,12.037987,12.480221,15.555613,15.596036,19.23621,19.544807,23.617233,26.876553,27.088749,24.070362,28.624228,24.168346,24.37865,23.088455,22.284977
3,8.439252,6.352508,5.3848405,0.0,3.7836592,6.7106395,7.7657886,12.167691,14.8095,18.21495,22.275564,24.38134,25.803415,28.17493,24.56508,20.054901,17.93677,15.350308,13.606757,13.093336,11.376893,14.544336,13.340281,17.69841,21.53854,20.726809,17.6703,18.271593,17.776747,18.893814,21.7799,21.893583,28.179781,27.788404,31.854504,35.40049,32.231346,32.43149,25.93219,27.65459,24.426752,24.95693,22.494204,22.05705,22.698025,21.756739,24.81542,25.350906,24.7218,28.054049,26.907806,26.300531,26.195578,29.070877,28.30962,33.33033,30.434328,28.512262,34.35438,33.764454,30.995737,26.389881,25.961744,23.565119,24.719448,22.508379,22.306667,21.164503,21.715809,18.30041,17.369747,18.143143,20.058056,19.95774,23.994534,23.496763,29.335098,28.759586,32.569057,31.702028,26.97036,31.23872,30.276312,25.739233,22.43125,20.543293,17.961483,15.489458,12.733341,10.468448,10.804456,10.625346,11.099225,13.970554,9.721751,8.254829,8.624231,12.518948,12.626326,17.356525,17.116064,21.78815,25.10559,25.331055,22.083021,26.408049,21.087738,21.715466,19.681469,19.56008
4,11.635402,9.209673,6.707885,3.7836592,0.0,4.1765356,6.2820873,9.194061,12.796953,15.567195,20.177929,21.675423,23.6741,26.446959,22.409515,18.426743,15.648164,13.881756,10.808097,11.731451,9.883311,13.400204,13.452474,17.504389,20.917828,20.778383,17.276697,18.92371,17.691502,20.230896,22.356192,23.353996,29.05697,29.28089,33.05562,36.78494,33.989845,34.134937,27.784475,28.962532,25.978014,25.763685,23.269117,22.157356,22.778795,21.15948,24.458656,24.408173,23.332508,27.20283,26.376879,26.328487,26.699598,29.070763,28.72174,33.841644,30.74556,28.38486,33.922558,32.928135,29.73294,25.497952,24.29849,21.881123,22.368689,20.2565,19.376389,18.160576,19.216494,15.690427,14.644174,16.264599,17.845453,18.580952,22.142202,22.500326,27.960363,28.154745,31.972692,31.62756,26.695402,30.83157,30.47641,26.039284,23.04886,20.593416,19.070492,15.562386,13.94253,11.025053,12.206898,11.761562,13.144673,16.542269,12.921014,11.272681,10.755723,14.660364,13.477117,18.383759,17.206942,22.113157,25.435452,24.97623,21.649445,25.295876,19.996233,19.867624,17.73097,16.8587
5,13.348091,11.979414,7.89598,6.7106395,4.1765356,0.0,4.662164,5.6864743,9.243879,12.082336,16.396624,18.37618,20.356806,23.495897,19.77548,16.111208,13.573057,12.7600355,9.729582,12.446533,11.980059,15.689583,16.491863,20.255623,23.304878,23.03692,18.775732,20.617222,18.10116,20.675972,21.972921,22.80624,27.973139,28.278175,32.135216,35.76984,33.224987,33.69662,27.65209,28.636219,26.28832,25.576395,24.015,22.652142,23.937664,22.090178,26.46605,26.196007,24.38651,28.370811,27.079819,27.63726,27.770916,29.288475,28.807264,33.858627,30.18101,27.826616,33.060734,32.089806,28.638206,25.000326,23.622505,21.824,21.730137,20.92865,19.034674,18.52792,20.28874,16.851849,15.073254,16.926447,17.119503,17.880955,20.821894,21.185488,26.199396,26.528656,30.144083,30.157114,24.82702,28.444786,28.279186,24.15019,21.31985,18.90553,18.00962,14.619564,14.657073,12.200249,14.409183,14.862981,16.388784,19.0191,15.518325,12.912425,11.364244,14.550751,12.159063,16.449223,14.8794565,19.54863,22.818323,21.947744,18.716295,22.22319,17.58635,17.040035,15.677004,14.423965
6,15.052447,13.969646,11.022942,7.7657886,6.2820873,4.662164,0.0,6.478105,7.52854,11.056769,15.063237,16.977411,18.121025,20.470928,16.83974,12.449848,10.463292,8.54246,7.4741445,8.882108,9.910321,13.441572,14.358953,17.785175,20.641895,19.790445,15.085087,16.73879,13.630552,16.381138,17.370546,18.720985,23.664408,24.398361,27.910597,31.713032,29.38095,29.608242,23.650326,24.273447,22.00293,20.998661,19.575481,18.159512,19.765142,18.075893,23.159496,23.128166,21.093323,24.684523,22.897295,23.557665,23.442072,24.72358,24.17311,29.212324,25.53403,23.190506,28.515879,27.684366,24.457855,20.608006,19.757877,18.156187,18.69059,18.449041,17.168558,17.335028,18.637552,15.500297,13.257089,13.881924,13.837981,13.712227,17.078955,16.828384,22.195065,22.178747,25.897882,25.72661,20.584694,24.58552,24.445286,20.108355,17.382906,14.635061,14.04938,10.039587,10.579936,8.314823,11.309996,12.704598,14.516281,16.42042,13.916028,10.9271145,8.520324,11.5329685,8.543458,13.505488,11.370923,16.468637,19.731829,18.983364,15.598083,19.110764,13.752677,13.9669695,12.155718,12.18041
7,18.902721,17.656338,13.3785715,12.167691,9.194061,5.6864743,6.478105,0.0,5.44834,6.710883,11.663692,12.893578,15.48318,19.176552,15.21516,12.705452,9.745317,11.029969,7.2732415,12.532943,13.343231,16.836143,19.011131,21.997759,24.210182,24.315634,19.3921,22.106966,18.239368,22.07529,21.98258,23.774559,27.671638,28.835386,32.146626,35.880535,34.020622,34.49737,28.995861,29.161818,27.509743,25.719028,24.753134,22.631609,24.292755,21.78215,27.022617,26.131556,23.39133,27.694492,26.34629,27.86182,28.256216,28.60938,28.498917,33.42591,29.32097,26.57286,31.081722,29.720352,25.76447,23.105555,20.891188,19.723148,18.529978,19.19135,15.944039,16.30692,18.938496,15.885608,13.389665,15.805001,14.303506,15.856504,17.531399,18.839682,22.850723,24.158564,27.536697,28.36872,22.847979,25.920046,26.675741,22.998192,20.884224,17.90142,18.787985,14.577344,16.70397,14.322397,17.440239,18.242197,20.376524,22.808258,20.11172,17.19968,14.825207,17.359655,13.499364,17.190304,14.271858,18.70006,21.692526,19.728168,16.63221,18.776535,14.749916,12.914456,12.075742,9.644822
8,20.976164,20.552368,16.482128,14.8095,12.796953,9.243879,7.52854,5.44834,0.0,4.498254,7.549278,10.286592,11.265381,14.509739,11.506652,8.581545,7.5257883,9.077816,8.656715,12.980026,15.482741,18.675354,20.761614,23.418982,25.381767,24.709951,19.303146,21.483877,16.522692,19.698273,18.64148,20.23138,23.27469,24.643103,27.778727,31.388157,29.89629,30.56261,25.608006,25.450872,24.57536,22.337526,22.606976,20.55875,23.0641,20.867235,27.260273,26.651703,23.41863,27.114676,24.81896,26.715755,26.472334,25.925339,25.434032,30.08188,25.476587,23.021254,27.24636,26.261154,22.47746,20.322605,18.82595,18.658718,17.755241,20.132376,17.03816,18.565407,20.957413,18.378363,15.302413,16.363245,13.485277,13.724014,14.962369,15.197449,18.905205,19.676996,22.802496,23.71547,17.98768,20.6577,21.457083,18.076729,16.295034,13.428109,15.19755,11.50529,15.399819,14.102471,17.796825,19.687864,21.704054,22.94183,20.883116,17.383705,14.262451,15.579867,10.80905,13.422921,9.802558,13.816907,16.611923,14.347207,11.2967615,13.44009,9.8994055,8.418691,8.911408,7.9611964
9,24.769583,23.966013,19.69578,18.21495,15.567195,12.082336,11.056769,6.710883,4.498254,0.0,5.7411575,6.3500967,8.971454,13.182033,9.588599,8.978654,7.099564,10.815882,9.153473,14.766088,17.197092,20.118834,23.012053,25.192017,26.576807,26.532196,21.096838,24.040783,18.814365,23.078058,21.372395,23.791674,25.959116,27.957771,30.56592,34.221745,33.206863,33.761604,29.162495,28.465902,27.846733,24.994951,25.200594,22.587887,24.920494,22.152369,28.498436,27.297436,23.607082,27.661686,25.785652,28.279911,28.53793,27.381361,27.411325,31.91712,27.287315,24.424643,27.898552,26.387346,22.124569,20.902744,18.342371,18.491924,16.398455,19.531067,15.33908,17.259401,20.287912,18.08205,14.923836,16.751423,12.97419,14.448348,14.268718,15.976713,18.405016,20.481081,23.324158,25.037428,19.479465,21.593721,23.337025,20.467825,19.373892,16.160084,18.981161,14.771619,19.030334,17.38509,21.119751,22.628069,24.993818,26.661158,24.807592,21.523157,18.477745,19.944065,15.097993,17.460058,13.448261,16.884323,19.240225,16.104275,13.509025,13.6822,11.1325445,7.754474,8.696351,5.6491838
10,27.85126,27.786993,23.36912,22.275564,20.177929,16.396624,15.063237,11.663692,7.549278,5.7411575,0.0,5.9318357,5.682951,10.110982,9.188032,9.761617,10.520545,14.000222,14.327713,19.061419,22.142967,24.9547,27.591003,29.694134,30.988302,30.403465,24.806017,27.157204,21.358484,24.5175,22.00551,23.68171,24.684114,26.601055,29.081463,32.303444,31.73944,32.73542,28.973917,28.110636,28.468,25.362698,26.967001,24.607548,27.618694,25.238022,32.267303,31.289923,27.317371,30.799911,28.174253,30.951784,30.592916,28.534403,28.123287,32.113834,26.952168,24.608725,27.37482,26.324678,22.325727,22.131594,20.291128,21.502222,19.511873,23.924091,19.822952,22.337809,25.251352,23.34094,20.036478,21.107218,16.573853,16.936958,15.918639,16.513227,17.688622,19.246906,21.305824,23.364798,17.725054,18.410576,20.328472,18.489622,18.027046,15.609921,19.066648,16.271902,21.533934,20.811932,24.687433,26.836248,28.943773,29.742664,28.049267,24.367908,21.029377,21.391506,16.338774,16.820377,12.941117,14.597511,16.202433,12.369464,10.734263,9.839819,10.384137,7.1719937,10.714686,9.365669
11,31.068556,30.257479,26.042107,24.38134,21.675423,18.37618,16.977411,12.893578,10.286592,6.3500967,5.9318357,0.0,5.093288,9.7476425,6.794482,9.961385,9.328042,14.095261,13.422303,18.664211,21.647799,23.961851,27.437294,28.857153,29.421124,29.579092,24.13211,27.400894,21.620155,26.415998,23.537748,26.708538,27.227028,30.084293,31.788269,35.3405,35.180138,35.63945,31.922192,30.392822,30.534739,26.820963,27.656473,24.593506,27.098434,24.056118,30.716236,29.086073,24.76238,28.584002,26.678724,29.999538,30.434261,28.02603,28.461294,32.42153,27.656422,24.613838,26.716108,24.826395,20.295021,20.812754,17.634758,18.924314,15.791354,20.744482,15.931683,18.855595,22.08539,20.774801,17.561415,19.10635,14.041547,15.795754,13.470021,16.110718,16.181051,19.568384,21.643013,24.406015,19.38114,20.366499,23.342112,21.468836,21.505392,18.209343,22.439514,18.287954,23.427935,22.082493,25.940517,27.5796,30.162306,31.59148,30.360514,27.092924,23.869461,24.871075,19.820183,21.361694,16.937017,19.24799,20.76823,16.72108,15.045023,12.429833,12.02786,7.443297,9.705421,6.8159413
12,32.04592,31.73767,27.742785,25.803415,23.6741,20.356806,18.121025,15.48318,11.265381,8.971454,5.682951,5.093288,0.0,5.0751586,5.1467752,8.455212,10.295642,14.15949,15.646212,19.643711,23.37653,25.547815,28.622015,29.943602,30.507572,29.932308,24.385693,26.952456,20.755632,24.60047,21.05576,23.89235,23.425186,26.438007,27.820024,31.146688,31.372345,31.967182,28.916092,27.12785,27.980425,24.047112,25.965324,23.194368,26.297417,23.779844,31.074379,29.888552,25.487461,28.548212,25.789007,29.189735,28.973013,25.901617,25.903906,29.441021,24.33389,21.749985,23.456034,22.107698,18.009447,19.054422,17.030159,19.167358,16.904058,22.63269,18.69669,22.00841,24.672249,23.504517,20.11891,20.472534,15.103673,15.274386,12.765581,13.806466,13.173405,15.790934,17.38551,20.263582,15.296169,15.532971,18.72478,17.455156,18.093544,15.226593,20.053112,16.827234,22.679913,22.167305,26.114462,28.40313,30.76098,31.315231,30.513557,27.021906,23.568815,23.720316,18.65459,19.131615,14.720545,15.962274,16.892725,12.582549,11.533123,7.645001,9.137117,5.361054,9.37058,9.112597
13,34.379856,34.217514,30.695534,28.17493,26.446959,23.495897,20.470928,19.176552,14.509739,13.182033,10.110982,9.7476425,5.0751586,0.0,5.6880994,8.746711,12.118026,14.911087,18.046814,20.62126,24.911007,26.601418,29.494167,30.343185,30.56546,29.504826,24.135504,26.224947,19.876913,23.27312,18.92491,22.124895,20.275944,23.968359,24.468292,27.720339,28.575186,28.944775,26.702623,24.278173,25.77247,21.382156,24.067047,21.401442,24.817732,22.715357,30.294266,29.377386,24.91166,27.123274,23.780859,27.396055,26.808231,22.898245,22.815157,25.767714,20.604122,18.276876,19.157831,18.111734,14.491261,16.425209,15.399444,18.391716,16.890324,23.263115,20.268446,23.94907,25.985981,25.25322,21.890366,21.114471,15.667057,14.607785,11.62555,11.427212,9.279993,11.641829,12.621705,15.92683,11.665984,11.324123,15.319237,14.695328,16.310757,13.631223,19.205076,16.513332,22.668242,22.794403,26.637602,29.311626,31.580385,31.460325,31.41883,28.020754,24.523174,24.094652,19.325142,19.275791,14.948643,15.381397,15.600102,11.46819,11.127196,5.5438704,8.238146,6.610224,10.134329,11.920189
14,31.580462,30.807756,27.39313,24.56508,22.409515,19.77548,16.83974,15.21516,11.506652,9.588599,9.188032,6.794482,5.1467752,5.6880994,0.0,5.512797,7.1341996,10.863834,12.988489,16.096867,20.102268,21.748575,25.083624,25.86054,26.005457,25.546118,20.136673,23.045681,16.90396,21.833046,18.160198,22.292435,21.894878,25.591263,26.450169,30.214663,30.473959,30.454597,27.168303,24.951065,25.361567,21.10643,22.252747,19.066162,21.868994,19.10776,26.314837,25.011557,20.50972,23.501228,20.936249,24.531134,24.712828,21.639486,22.174152,25.887293,21.222616,18.057383,19.933388,18.081715,13.661109,14.417326,11.915401,14.113757,11.987382,18.027374,14.67355,18.28944,20.490023,19.720018,16.371067,16.089804,10.500874,10.732268,7.6640162,9.772976,9.468223,13.108271,15.400551,18.195637,13.702702,15.403204,18.81457,16.78726,17.466652,13.714008,18.8807,14.515903,20.125366,19.389088,23.231375,25.363403,27.949432,28.6542,28.494108,25.39837,22.068607,22.604137,17.767366,19.36459,14.608161,16.908758,18.153109,14.432817,12.723566,9.307499,7.492817,3.860112,5.5613585,6.608436
15,26.876348,26.272577,23.277042,20.054901,18.426743,16.111208,12.449848,12.705452,8.581545,8.978654,9.761617,9.961385,8.455212,8.746711,5.512797,0.0,4.6710887,6.205337,10.182013,12.031599,16.34705,18.235159,20.881073,22.113804,22.917143,21.805794,16.229416,18.508125,12.325733,16.699091,13.606014,17.432661,18.290775,21.483086,22.985355,26.945293,26.531475,26.488802,22.493147,20.796146,20.664572,16.941778,17.86081,15.096362,18.152681,15.888237,23.325373,22.681583,18.719835,21.529068,18.494663,21.336952,21.031332,18.921097,18.871553,23.132065,18.454082,15.52533,19.011305,17.811285,13.993144,12.575995,11.49969,12.757472,12.392986,16.943104,14.785964,17.755564,19.350523,17.99628,14.628049,13.57276,9.011394,7.5205035,7.433266,7.103719,10.383432,11.756506,15.022682,16.47477,11.345768,14.609561,16.703157,13.494453,13.256449,9.139196,13.745642,9.045125,14.707299,14.24513,18.128778,20.61787,22.97125,23.337576,23.186012,20.046434,16.69446,17.17529,12.46623,14.664163,9.907186,13.259106,15.167384,12.442531,9.793341,9.195239,3.5679765,3.1330912,2.5398302,6.5942526
16,25.50497,24.25951,21.190079,17.93677,15.648164,13.573057,10.463292,9.745317,7.5257883,7.099564,10.520545,9.328042,10.295642,12.118026,7.1341996,4.6710887,0.0,4.9987106,5.9864287,9.533601,13.180403,15.261166,18.505104,19.829287,20.64773,20.394634,14.882457,18.155317,12.668504,18.323559,16.235958,20.331427,22.190674,25.139578,26.890686,30.984774,30.21703,30.010792,25.408957,24.02139,23.06427,19.725521,19.193565,16.099712,18.24789,15.283825,21.934559,20.787167,16.907648,20.673063,18.719303,21.406948,21.94781,20.725292,21.242064,25.851103,21.741257,18.392574,22.100817,20.310411,16.121183,14.158927,11.584072,11.540409,10.314783,13.777256,10.912709,13.510654,15.543547,13.90834,10.484573,10.645775,6.3109503,7.443562,7.847006,10.0264845,13.443698,15.78682,19.2083,20.651524,15.8046055,19.265083,21.284475,17.80214,17.026344,12.830111,16.349197,10.679284,14.984869,13.308957,17.086205,18.757496,21.461067,22.91245,22.359037,19.56325,16.535463,18.133007,13.622657,17.078352,12.564925,16.774433,19.109596,16.480639,13.563962,13.378063,8.096307,6.0098376,2.70897,3.1605833
17,22.825342,21.641142,19.446623,15.350308,13.881756,12.7600355,8.54246,11.029969,9.077816,10.815882,14.000222,14.095261,14.15949,14.911087,10.863834,6.205337,4.9987106,0.0,6.3175445,5.913572,10.340311,12.271603,14.692709,16.192713,17.511877,16.434511,10.829339,13.4381275,8.049803,13.626712,12.321018,16.515858,19.352337,22.021152,23.939152,28.175524,26.967247,26.490173,21.403719,20.316214,18.707191,15.897664,14.71218,11.997334,14.180285,11.81655,18.587166,18.206335,15.002336,18.203934,15.811895,17.707975,17.85552,17.60203,17.75692,22.687004,18.957348,15.851727,20.644016,19.369265,15.967955,12.335399,11.389416,10.516613,11.535046,13.363818,12.626873,14.494092,15.322126,13.473984,10.4317875,8.842297,6.7752028,5.289722,8.809675,8.773298,14.175196,14.93216,18.820683,19.16971,14.640918,19.162226,20.245275,16.030205,14.651036,10.427706,12.867642,6.5980864,10.147553,8.638897,12.425239,14.543241,17.089905,18.109186,18.044878,15.460451,12.555097,14.231135,10.420496,14.746901,10.789744,15.611,18.211855,16.712864,13.518164,14.905373,8.308258,8.980763,5.3191247,8.103286
18,21.785912,19.799168,17.071,13.606757,10.808097,9.729582,7.4741445,7.2732415,8.656715,9.153473,14.327713,13.422303,15.646212,18.046814,12.988489,10.182013,5.9864287,6.3175445,0.0,6.5279245,8.299067,11.0268135,14.323812,16.26327,17.724606,18.156385,13.15264,16.850216,13.020184,18.873083,18.445543,22.152271,25.552372,27.81986,30.127413,34.301132,32.838196,32.507347,27.07347,26.40697,24.375635,22.003357,19.941612,17.145533,18.209974,15.155286,20.279215,19.082739,16.143301,20.586039,19.708061,21.453243,22.545033,22.940351,23.584145,28.573792,25.13833,21.802816,26.258701,24.41241,20.481705,17.32778,14.646095,12.785664,12.036841,12.097009,9.77651,10.464308,12.431648,9.744304,6.7411747,8.586228,7.6466928,9.972873,12.152561,14.411575,18.76355,20.71617,24.440874,25.26575,20.556599,24.56538,25.892578,21.85235,20.227228,16.27067,18.021917,12.133735,14.005936,11.036499,14.228535,14.806932,17.67909,20.348455,19.180752,16.980297,14.666854,17.531956,13.928275,18.665493,15.004547,19.994707,22.842207,20.89907,17.64144,18.802914,13.122833,11.705795,8.429958,7.086703
19,21.102427,19.043756,17.959335,13.093336,11.731451,12.446533,8.882108,12.532943,12.980026,14.766088,19.061419,18.664211,19.643711,20.62126,16.096867,12.031599,9.533601,5.913572,6.5279245,0.0,4.7674494,6.4223065,9.017208,10.641796,12.469064,11.951222,6.878861,10.405384,7.7526283,14.029814,14.56694,18.826204,22.775776,25.076654,27.038937,31.363554,29.677343,28.763891,23.082775,22.43465,19.60246,17.758633,14.37388,11.888991,12.297132,9.788856,14.632983,14.325581,12.300204,15.940703,14.894743,15.680121,16.731716,18.33944,18.972164,24.09439,21.534441,18.371418,23.573156,22.086248,19.086184,14.426519,13.290001,10.504818,12.407651,10.744416,11.850038,12.117536,11.81551,9.577726,7.623547,5.642246,8.071981,8.03223,12.361702,13.086669,18.662817,19.46406,23.49092,23.332418,19.53999,24.511831,25.216885,20.681477,18.860445,14.9982195,15.784522,9.79494,9.494037,6.2953186,8.922031,9.712208,12.739279,15.068508,15.2303705,13.836601,12.06471,15.02273,12.836081,18.183325,15.2074995,20.344065,23.159578,22.231915,18.944443,20.806559,14.148432,14.694665,10.636325,11.997023
20,19.474096,16.640541,16.21917,11.376893,9.883311,11.980059,9.910321,13.343231,15.482741,17.197092,22.142967,21.647799,23.37653,24.911007,20.102268,16.34705,13.180403,10.340311,8.299067,4.7674494,0.0,3.7130756,6.227654,8.752376,11.375661,11.935595,8.613815,11.997541,11.616418,17.03045,18.610935,22.25844,26.919613,28.725996,31.005905,35.26172,33.189243,32.260365,26.229149,26.100172,22.715298,21.620216,17.462086,15.454246,14.823828,12.535981,14.974373,14.555648,13.738548,17.692781,17.81125,17.813549,19.373623,21.998156,22.756609,27.851475,25.77776,22.712723,27.972748,26.380783,23.433472,18.699493,17.202702,13.800191,15.315305,11.509059,12.98181,11.642359,10.962102,8.055777,7.667868,7.5449657,11.565898,12.609767,16.608852,17.83203,23.270678,24.216757,28.24871,27.982754,24.21646,29.180225,29.675003,25.043787,22.882927,19.319275,19.218527,13.791974,11.829319,8.010628,8.953813,7.6797643,10.884962,14.772882,14.294623,13.844016,13.111261,16.870958,15.544958,21.181345,18.771624,24.040997,27.050621,26.281034,22.90413,25.112867,18.59101,18.73766,14.810269,15.048955
21,22.249065,19.286629,19.50923,14.544336,13.400204,15.689583,13.441572,16.836143,18.675354,20.118834,24.9547,23.961851,25.547815,26.601418,21.748575,18.235159,15.261166,12.271603,11.0268135,6.4223065,3.7130756,0.0,4.80814,5.51182,7.707824,8.942949,6.8513937,10.709511,11.618252,17.483042,19.086555,23.380295,27.709824,29.876905,31.622822,35.956596,34.056713,32.717594,26.875172,26.415916,22.804268,21.673254,16.725874,14.627888,13.029542,10.722274,11.641533,11.166347,11.144429,14.892193,15.800906,15.449417,17.665052,20.72932,21.959236,26.878738,25.502102,22.324234,27.40256,25.64447,23.029928,18.094328,16.689016,12.823727,14.989477,9.973454,13.087327,11.525685,9.529911,7.5660696,8.213231,6.819004,12.118103,13.084759,17.054886,18.452383,23.707481,24.784712,28.792307,28.421587,25.308056,30.486742,31.128525,26.512005,24.613895,20.962097,21.034502,15.583959,13.209791,9.78737,9.861151,8.045225,11.260989,15.115401,15.728363,15.964568,15.553682,19.083662,18.14924,23.72705,21.29349,26.452703,29.307526,28.60945,25.316885,27.1586,20.487537,20.823704,16.554754,17.185675
22,19.89874,17.04602,18.474623,13.340281,13.452474,16.491863,14.358953,19.011131,20.761614,23.012053,27.591003,27.437294,28.622015,29.494167,25.083624,20.881073,18.505104,14.692709,14.323812,9.017208,6.227654,4.80814,0.0,4.445405,8.627299,8.246826,7.9139733,9.32912,12.318504,16.167864,19.069513,22.361078,27.528763,28.96046,31.03479,35.185467,32.783436,31.402285,25.275164,25.507673,21.327585,21.328081,15.997081,15.073512,13.236981,12.40623,12.22023,13.147461,14.330593,16.861038,17.330986,15.706822,17.228386,21.473328,22.107529,26.937525,25.974064,23.410105,28.984922,27.805794,25.792606,20.341097,20.094706,16.43848,19.29158,14.543725,17.847368,16.257568,14.149558,12.20409,12.862133,11.107869,16.108824,15.93371,20.503702,20.71469,26.512695,26.570929,30.59868,29.53319,26.619038,31.992207,31.886356,27.08864,24.763208,21.73028,20.515099,16.13077,11.960145,9.040272,7.193628,4.154983,6.933445,11.165095,12.110701,13.365569,13.937159,17.476433,17.862543,23.394299,21.87601,26.905373,29.81494,29.838114,26.557943,29.271023,22.547514,23.625944,19.626171,20.759823
23,24.316866,21.459934,22.843555,17.69841,17.504389,20.255623,17.785175,21.997759,23.418982,25.192017,29.694134,28.857153,29.943602,30.343185,25.86054,22.113804,19.829287,16.192713,16.26327,10.641796,8.752376,5.51182,4.445405,0.0,4.3294554,4.896208,6.89348,8.92564,12.652788,17.346231,19.688553,23.946957,28.31629,30.395275,31.702831,35.95064,33.966084,32.140446,26.461815,26.044228,21.915768,21.48712,15.5595665,14.2859745,11.395399,10.480947,8.155955,9.125573,11.322021,13.3324,14.777729,12.927176,15.402051,19.778608,21.098663,25.624481,25.382399,22.598345,27.716972,26.259445,24.5535,19.161415,18.870794,14.970852,18.263638,12.880345,17.408371,15.908721,12.860683,12.043477,13.200329,10.5734415,16.078936,15.989147,20.208906,20.802328,26.132648,26.553997,30.474443,29.495056,27.288872,32.754604,33.03544,28.381958,26.529493,23.253893,22.722784,18.05408,14.423533,11.950385,10.403518,8.186136,10.509075,13.791397,15.883828,17.220823,17.556416,20.690126,20.867842,26.251026,24.367062,29.26313,31.953205,31.809832,28.6459,30.684029,23.911842,24.968912,20.654102,22.04697
24,28.500895,25.606537,26.664282,21.53854,20.917828,23.304878,20.641895,24.210182,25.381767,26.576807,30.988302,29.421124,30.507572,30.56546,26.005457,22.917143,20.64773,17.511877,17.724606,12.469064,11.375661,7.707824,8.627299,4.3294554,0.0,4.798716,7.749908,10.612651,13.790066,19.385883,20.854267,25.989527,29.441998,32.196907,32.815784,37.144386,35.656128,33.539383,28.364107,27.259909,23.455639,22.350832,16.353909,14.4806595,10.989409,9.530265,5.075123,5.075451,8.311371,10.044768,12.823237,11.388158,14.936076,18.770523,20.867062,25.038683,25.267038,22.164682,26.59131,24.711803,23.130281,18.134459,17.448286,13.451728,16.80897,11.055458,16.481276,15.200654,11.486747,11.93215,13.384953,10.338996,15.794175,16.06919,19.591993,20.82889,25.433352,26.464996,30.211359,29.540295,27.884045,33.269043,34.073444,29.653816,28.304417,24.745369,25.06095,20.036276,17.319502,15.043845,14.104337,12.395464,14.755376,17.540941,20.030472,21.134804,21.100483,23.981108,23.686636,28.914988,26.566448,31.33178,33.816288,33.347805,30.311825,31.566772,24.915098,25.733597,21.242723,22.672083
25,27.11439,24.780653,26.0689,20.726809,20.778383,23.03692,19.790445,24.315634,24.709951,26.532196,30.403465,29.579092,29.932308,29.504826,25.546118,21.805794,20.394634,16.434511,18.156385,11.951222,11.935595,8.942949,8.246826,4.896208,4.798716,0.0,5.619352,6.3111215,10.843435,15.244822,17.163637,21.989635,25.574003,28.095558,28.662674,32.89843,31.282381,29.057543,23.92254,22.947252,18.943918,18.3052,12.044846,10.951087,7.287388,7.5210056,4.6026287,7.3080163,9.761946,9.910113,10.806076,8.19842,10.851829,15.559838,17.078516,21.274765,21.68636,19.086199,24.01277,22.795435,21.825348,16.2794,17.080318,13.625637,17.881386,13.64229,18.706018,18.152643,14.9388,14.845878,15.383218,11.3794985,16.19468,14.961034,19.12053,18.952578,24.062237,24.017073,27.746925,26.462826,25.121174,30.65955,30.93905,26.477594,25.051346,21.90953,21.700396,17.415054,14.146281,12.7678995,11.454724,10.780999,12.644451,14.098562,17.447992,18.548796,18.552927,20.871195,21.139496,26.039669,24.143406,28.605942,30.954304,31.01221,28.103216,29.830435,23.18372,24.836782,20.58249,22.902925
26,24.79156,22.734167,22.984661,17.6703,17.276697,18.775732,15.085087,19.3921,19.303146,21.096838,24.806017,24.13211,24.385693,24.135504,20.136673,16.229416,14.882457,10.829339,13.15264,6.878861,8.613815,6.8513937,7.9139733,6.89348,7.749908,5.619352,0.0,5.18838,6.102799,12.4290905,13.4589815,18.670036,22.159954,24.90122,25.84294,30.232069,28.73874,26.97879,21.658205,20.516714,17.0679,15.512862,10.247906,7.9597807,6.2787457,4.598094,8.314964,9.245288,8.699189,10.563557,9.756219,9.250014,10.9656925,13.999484,15.200488,20.054363,19.028906,16.007107,21.257666,19.935297,18.164097,12.590138,13.02058,9.75757,13.837192,11.043517,14.965751,15.166204,12.955545,12.227119,11.596996,7.1678643,11.225804,9.663288,14.200857,14.023899,19.503891,19.660769,23.585363,22.705824,20.51852,25.97784,26.497147,21.985903,20.56492,17.019964,17.481895,12.3958235,10.403903,8.675255,9.086997,9.68313,12.2868,13.681058,16.08023,15.943456,15.000368,17.298119,16.534973,21.489164,19.062008,23.67198,26.094109,25.785769,22.803192,24.422514,17.717123,19.254805,15.036917,17.524073
27,24.079763,22.609842,23.598331,18.271593,18.92371,20.617222,16.73879,22.106966,21.483877,24.040783,27.157204,27.400894,26.952456,26.224947,23.045681,18.508125,18.155317,13.4381275,16.850216,10.405384,11.997541,10.709511,9.32912,8.92564,10.612651,6.3111215,5.18838,0.0,6.354378,8.951409,11.504088,15.7303915,19.822176,21.920122,22.917374,27.115053,25.228357,23.255709,17.803131,17.167742,13.049047,12.813146,6.8375096,6.868029,5.3644814,7.2748995,9.88867,12.440911,12.899615,12.904982,10.870182,8.567913,8.349626,12.984276,13.099551,17.77283,17.319387,15.332503,21.11724,20.76111,20.01203,14.11432,16.343441,13.879948,18.354593,16.187397,20.012743,20.272738,18.061966,17.156754,16.495789,12.227795,15.538751,12.659205,17.462175,15.529078,21.367384,20.001003,23.776667,21.915894,20.302002,25.902496,25.508408,20.92565,19.22987,16.577581,15.703264,12.297761,8.658948,8.702164,7.7596736,9.421811,10.771123,10.206862,13.891357,14.21068,13.798185,15.3081045,15.914882,20.359882,18.943054,23.06471,25.329947,25.92161,23.135603,25.57122,19.079645,21.62965,17.948843,21.108038
28,24.347584,23.23982,22.796446,17.776747,17.691502,18.10116,13.630552,18.239368,16.522692,18.814365,21.358484,21.620155,20.755632,19.876913,16.90396,12.325733,12.668504,8.049803,13.020184,7.7526283,11.616418,11.618252,12.318504,12.652788,13.790066,10.843435,6.102799,6.354378,0.0,7.874707,7.6187644,13.177969,16.291927,19.202139,20.239384,24.659163,23.325308,21.864773,16.711477,15.305944,12.600645,10.285834,6.943063,4.555555,6.8069158,6.457313,13.223224,14.361948,12.498545,13.564958,10.194476,10.67473,10.066288,11.389269,11.360436,16.519896,14.215561,11.519057,17.369177,16.814373,15.215952,9.616042,11.744942,10.312397,14.28089,14.489226,16.826988,18.189947,17.075619,16.026932,14.165094,9.950687,10.946672,6.9818025,11.86232,9.420161,15.573683,14.456368,18.4317,17.22589,14.708067,20.241238,20.441927,15.900229,14.585852,11.112107,12.017388,7.2031746,7.2167177,7.4449306,9.456507,12.182905,14.187073,13.732832,15.9519825,14.560308,12.614817,13.632859,12.305081,16.46187,13.968862,18.103722,20.293753,20.235159,17.458776,19.344269,12.831399,15.455345,11.996045,15.745648
29,23.038176,23.13437,23.416016,18.893814,20.230896,20.675972,16.381138,22.07529,19.698273,23.078058,24.5175,26.415998,24.60047,23.27312,21.833046,16.699091,18.323559,13.626712,18.873083,14.029814,17.03045,17.483042,16.167864,17.346231,19.385883,15.244822,12.4290905,8.951409,7.874707,0.0,5.4297004,6.827436,12.021992,13.115415,15.022136,19.048002,16.718737,15.373532,9.403552,9.572181,5.8667355,6.8073745,6.0230517,8.359788,11.031288,13.191574,18.333405,20.63616,19.75742,19.559965,15.439547,14.348897,11.225033,13.388198,10.914193,15.281318,13.103974,12.860562,19.057554,20.179976,19.952677,14.842057,18.614298,17.958052,21.891008,22.273836,24.457563,25.652985,24.575783,23.143488,21.36885,17.574192,18.356194,13.942806,18.328012,13.863348,19.771074,16.141836,19.510843,16.665844,14.772794,20.012983,18.248066,13.688407,11.558148,10.566515,8.079421,8.367271,6.298647,9.767325,10.348494,14.169552,14.449673,11.093505,13.913028,12.478535,11.072122,9.859822,11.023908,13.485051,13.295691,16.082838,17.933325,19.650944,17.399244,20.927382,15.565782,19.489254,17.415173,21.469069
30,26.733072,26.79029,26.161001,21.7799,22.356192,21.972921,17.370546,21.98258,18.64148,21.372395,22.00551,23.537748,21.05576,18.92491,18.160198,13.606014,16.235958,12.321018,18.445543,14.56694,18.610935,19.086555,19.069513,19.688553,20.854267,17.163637,13.4589815,11.504088,7.6187644,5.4297004,0.0,6.9811764,8.714744,11.991439,12.649887,17.07343,16.029919,14.692678,10.323293,8.167261,7.243169,3.739747,6.6472135,7.1660743,11.231949,12.629817,19.245878,20.917494,18.953587,18.669899,13.802685,14.290531,11.24824,10.565899,8.013712,12.440811,8.773916,8.177736,14.22518,15.464326,15.266293,10.919832,15.2426815,15.749815,19.373873,21.417284,23.034082,25.057037,24.354336,23.331757,21.064865,17.131025,16.380674,11.413112,14.791095,9.4686775,14.79999,10.746898,14.098502,11.471927,9.72166,15.133729,14.143965,9.7937975,8.994186,7.22853,8.051305,7.541188,9.505359,12.249434,14.123892,17.82383,18.824305,16.238209,18.631468,16.56683,14.269205,12.856946,11.958056,13.486004,11.996584,14.123553,15.417426,16.46581,14.584951,16.90656,12.030427,16.237335,14.628804,19.254635
31,24.727882,25.858984,25.431692,21.893583,23.353996,22.80624,18.720985,23.774559,20.23138,23.791674,23.68171,26.708538,23.89235,22.124895,22.292435,17.432661,20.331427,16.515858,22.152271,18.826204,22.25844,23.380295,22.361078,23.946957,25.989527,21.989635,18.670036,15.7303915,13.177969,6.827436,6.9811764,0.0,7.295105,6.614657,10.053281,13.634829,11.00468,10.899454,5.39485,6.6422844,6.5601144,7.588065,11.525796,13.553269,17.083996,18.926594,24.845045,26.916462,25.39297,25.213264,20.489193,20.163977,16.519194,16.742182,13.293725,16.408375,12.903189,14.130226,19.46318,21.506237,21.567017,17.78622,21.877832,22.317604,25.587328,27.400238,28.567234,30.294144,29.879156,28.28126,25.987553,22.6565,21.993147,17.3387,20.715408,15.258978,20.173462,15.186917,17.67455,14.332978,12.292931,16.374554,13.204409,9.195056,6.851419,8.712353,5.2545266,10.0577545,10.841745,14.552953,15.868479,19.908691,19.912941,16.107702,17.733624,15.317031,13.353408,10.090156,10.918037,10.119367,11.289044,11.781008,12.81971,15.68032,14.331318,18.473757,15.025064,19.5201,19.009743,23.228968
32,31.651525,32.679127,31.732891,28.179781,29.05697,27.973139,23.664408,27.671638,23.27469,25.959116,24.684114,27.227028,23.425186,20.275944,21.894878,18.290775,22.190674,19.352337,25.552372,22.775776,26.919613,27.709824,27.528763,28.31629,29.441998,25.574003,22.159954,19.822176,16.291927,12.021992,8.714744,7.295105,0.0,5.7636266,4.705355,8.915594,9.154464,8.692702,8.20932,5.312009,9.477758,7.553788,13.920683,15.238195,19.206684,20.903118,27.377094,29.147219,26.983702,26.114613,20.827934,21.51521,17.710308,15.416489,11.807869,13.143827,8.722628,11.337459,14.809169,17.74732,18.786293,16.708447,21.44818,23.138496,26.167782,29.459606,30.408955,32.907074,32.59633,31.593683,29.031713,25.393787,23.571486,18.652237,20.535109,14.574405,17.399096,11.359249,12.418557,8.364196,8.761002,11.60043,8.472231,6.5486145,7.7832503,9.901602,10.581323,13.970167,16.741724,20.022175,21.844961,25.791222,26.265636,22.704256,24.759556,22.299541,19.962887,16.939688,16.324207,14.499381,14.444176,13.160296,12.527525,14.89526,14.822212,16.92506,15.344174,19.90143,20.137697,24.793463
33,29.722664,31.417892,30.761206,27.788404,29.28089,28.278175,24.398361,28.835386,24.643103,27.957771,26.601055,30.084293,26.438007,23.968359,25.591263,21.483086,25.139578,22.021152,27.81986,25.076654,28.725996,29.876905,28.96046,30.395275,32.196907,28.095558,24.90122,21.920122,19.202139,13.115415,11.991439,6.614657,5.7636266,0.0,5.694748,7.8098536,5.2593794,6.883237,6.07943,7.0823812,10.326792,11.18866,16.733427,18.842688,22.545956,24.545488,30.578436,32.678932,30.94014,30.288218,25.185598,25.137667,21.083473,20.131676,16.265167,17.617565,14.059585,16.70337,20.529083,23.4523,24.274134,21.712051,26.208012,27.417994,30.45264,33.141727,34.00356,36.12027,35.88444,34.429337,31.942656,28.6161,27.242031,22.469696,24.941013,19.091576,22.53292,16.671326,17.742514,13.92679,13.319095,15.41246,10.906617,9.285136,8.659189,12.38138,10.3515835,15.778026,17.421478,21.088205,22.449883,26.485159,26.320671,22.156214,23.684002,21.210894,19.302809,15.502008,16.122149,13.129869,14.96346,12.922781,12.279889,16.02276,16.081821,19.701908,18.407505,22.96631,23.460976,27.768517
34,34.580814,35.891613,35.303772,31.854504,33.05562,32.135216,27.910597,32.146626,27.778727,30.56592,29.081463,31.788269,27.820024,24.468292,26.450169,22.985355,26.890686,23.939152,30.127413,27.038937,31.005905,31.622822,31.03479,31.702831,32.815784,28.662674,25.84294,22.917374,20.239384,15.022136,12.649887,10.053281,4.705355,5.694748,0.0,4.4807673,5.8163176,5.028293,8.246564,5.989745,10.86194,10.495953,16.661592,18.65801,22.277685,24.508009,30.387293,32.492428,30.691206,29.245087,23.924765,24.141468,19.940979,17.871853,14.004526,13.815279,10.823359,14.457727,16.998127,20.513205,22.351984,20.50423,25.57486,27.272854,30.528826,33.658596,34.915794,37.359455,36.836025,35.906303,33.46932,29.648806,28.094652,23.114847,24.986778,19.038376,21.384434,15.226013,15.443554,11.08212,12.9871855,14.686747,11.019056,10.638628,11.797703,14.512107,14.281845,18.349834,20.334984,23.860193,25.21101,29.142616,29.2462,25.115828,27.47801,25.32981,23.381111,20.017962,20.201982,17.87218,18.610765,16.707043,15.583655,18.502722,18.891174,20.99093,19.98897,24.52081,24.834688,29.497631
35,37.421528,39.08133,38.538403,35.40049,36.78494,35.76984,31.713032,35.880535,31.388157,34.221745,32.303444,35.3405,31.146688,27.720339,30.214663,26.945293,30.984774,28.175524,34.301132,31.363554,35.26172,35.956596,35.185467,35.95064,37.144386,32.89843,30.232069,27.115053,24.659163,19.048002,17.07343,13.634829,8.915594,7.8098536,4.4807673,0.0,4.842958,5.4875684,11.002565,9.976924,14.56086,14.886914,20.887838,23.075546,26.592663,28.946627,34.64807,36.85838,35.134506,33.540657,28.22132,28.30936,23.997334,21.967257,18.119253,17.164648,14.796469,18.649263,20.441717,24.189995,26.284615,24.826674,29.892902,31.712273,34.883488,38.13302,39.29689,41.77254,41.3027,40.32545,37.85972,34.10368,32.464325,27.516445,29.223536,23.288406,25.178839,19.00125,18.570093,14.435379,16.632977,17.18931,13.108053,13.928561,15.123694,18.400139,17.798122,22.442535,24.294943,27.926807,29.144745,33.095924,32.963734,28.55051,30.783089,28.658924,26.864632,23.195202,23.677929,20.636633,21.94831,19.275408,17.64377,20.928007,21.833853,23.944454,23.776304,28.239206,28.921196,33.497284
36,33.520485,35.397404,35.18533,32.231346,33.989845,33.224987,29.38095,34.020622,29.89629,33.206863,31.73944,35.180138,31.372345,28.575186,30.473959,26.531475,30.21703,26.967247,32.838196,29.677343,33.189243,34.056713,32.783436,33.966084,35.656128,31.282381,28.73874,25.228357,23.325308,16.718737,16.029919,11.00468,9.154464,5.2593794,5.8163176,4.842958,0.0,3.883195,7.7198477,8.911882,12.446686,14.222732,19.626259,22.27802,25.643677,28.165215,33.590862,36.021957,34.643635,33.34838,28.197536,27.730352,23.334646,22.507612,18.460331,18.511127,16.168097,19.633667,22.719908,26.145767,27.75391,25.371384,30.299545,31.558968,34.892433,37.44506,38.71018,40.803566,40.28789,38.98373,36.644806,33.037632,31.930416,27.024149,29.454334,23.517426,26.52245,20.4247,20.87048,16.678463,17.545504,19.011696,14.442638,13.9668,13.874512,17.487347,15.365824,20.724245,21.679483,25.477533,26.342445,30.28118,29.78645,25.11974,27.103395,25.106401,23.655235,19.787777,21.083658,18.061037,20.202261,17.901726,16.854298,20.712305,21.131962,24.40283,23.45736,28.030209,28.463661,32.882458
