,0,1,2,3,4,5,6,7,8,9,10,11,12,13,14,15,16,17,18,19,20,21,22,23,24,25,26,27,28,29,30,31,32,33,34,35,36,37,38,39,40,41,42,43,44,45,46,47,48,49,50,51,52,53,54,55,56,57,58,59,60,61,62,63,64,65,66,67,68,69,70,71,72,73,74,75,76,77,78,79,80,81,82,83,84,85,86,87,88,89,90,91,92,93,94,95,96,97,98,99,100,101,102,103,104,105,106,107
0,0.0,4.1519995,6.1723824,9.589697,11.933331,14.424269,17.034992,20.999117,24.179098,26.3966,30.177656,31.670774,34.537075,32.207882,36.475037,31.678047,32.865704,31.879778,32.08431,34.95215,34.774563,36.511967,38.80458,39.630466,40.133568,38.876865,38.764683,39.222115,37.056065,40.68986,34.436565,40.228836,35.221153,36.3433,34.734463,31.955751,29.64817,30.660902,29.15414,27.13766,24.98745,26.780394,25.853407,21.415323,21.739298,24.226057,20.062048,16.96715,18.770468,18.870262,24.015284,22.511292,23.574884,25.710535,28.035393,31.408453,29.475174,33.7975,34.211445,29.783964,32.472794,36.141827,39.40985,39.734062,34.790764,34.44645,39.97673,40.10985,35.97046,38.98655,42.084652,40.65636,36.98389,41.107327,36.46103,39.781635,36.874107,32.351173,32.854527,27.637182,26.039259,23.73168,22.477507,25.150948,26.63614,29.685446,31.73359,36.954666,39.118343,43.094673,44.84713,45.529057,46.523262,45.14052,44.528458,43.38905,38.98071,40.549564,34.43009,34.396633,33.642223,29.489515,29.905418,23.838175,26.517008,24.103354,23.292534,23.793861
1,4.1519995,0.0,5.1392713,6.3506103,8.892952,12.4984045,13.924339,18.636335,21.332623,23.761906,27.426546,28.852036,31.466675,28.928316,32.84639,28.059475,28.991714,28.055387,27.996296,30.99868,30.794388,32.465458,34.914783,35.683125,36.12059,34.8253,34.89172,35.38284,33.41196,37.112312,31.097872,37.19066,32.41557,33.84523,31.966267,28.87343,26.912968,28.238174,26.260279,23.992323,22.462996,24.178247,22.717213,18.35724,19.403656,21.47761,16.62074,14.1006,16.56275,17.06383,21.955498,19.974903,21.96464,24.08926,25.905218,28.870222,26.635124,30.93892,31.872736,27.583025,29.58651,33.57438,36.718693,37.425797,32.513237,31.784353,37.232185,37.195633,32.87715,35.938988,38.8882,37.316982,33.54943,37.640903,33.13741,36.432636,33.421455,29.035107,29.367495,24.316576,22.473808,20.284546,18.625582,21.304258,22.952755,25.820354,28.043058,33.190033,35.350746,39.333714,41.027653,41.729336,42.658512,41.27724,40.6715,39.369152,35.043518,36.458412,30.370277,30.261957,29.507729,25.365528,25.794014,19.755836,22.538439,20.302599,19.66608,20.541737
2,6.1723824,5.1392713,0.0,5.436041,6.4887967,8.485434,11.387997,14.864768,18.264254,20.322409,24.130558,25.67831,28.652044,26.535233,31.17187,26.464867,28.142021,27.378672,28.402372,31.301468,31.818207,33.80222,36.489204,36.340805,36.547565,34.98967,34.41018,34.46886,32.028,35.383812,28.954397,34.496227,29.222408,30.411366,29.114693,26.345778,23.788431,25.09333,23.937056,21.795706,19.420033,22.160728,21.26803,16.470264,17.053648,20.756353,16.684849,13.052811,15.8480835,15.037539,20.274258,20.131231,21.303946,22.613955,25.299398,28.455433,25.885849,30.223047,30.896265,25.851574,28.024572,31.835695,34.83365,35.27698,30.100115,29.466402,34.964973,34.831806,30.92909,34.507378,37.260254,35.599045,32.370075,36.91486,32.372944,36.174812,33.538857,29.007381,30.238174,25.00691,23.814447,22.421759,20.281279,22.168123,22.853632,26.575005,27.610298,33.22049,34.86589,38.821003,40.323837,40.722153,41.693913,40.250046,39.67873,39.034447,34.584587,36.64668,30.57045,31.291306,31.020454,26.821121,26.604012,20.877676,22.269495,19.87055,18.296955,18.645365
3,9.589697,6.3506103,5.436041,0.0,3.8396592,7.234189,8.205443,13.155187,15.31025,18.26831,21.615608,23.415403,25.820793,23.48951,27.263306,22.241425,23.604307,22.456814,23.38558,26.029753,26.460178,28.535574,31.112537,30.990025,31.314165,29.951248,29.412638,29.803377,27.493391,31.1946,24.948118,30.93544,26.37716,27.656456,25.627935,22.595016,20.690844,21.975735,19.929733,17.682178,16.190083,18.106133,16.596533,12.062054,13.425231,16.105877,11.369874,8.374607,11.85427,11.910661,16.604273,15.586145,17.883766,19.341862,21.213303,23.908436,21.158936,25.473904,26.654528,22.009113,23.559494,27.669678,30.654425,31.502739,26.501589,25.553185,30.981203,30.866692,26.61212,29.910599,32.728046,31.12941,27.545418,31.882809,27.378859,31.023735,28.260574,23.80841,24.867378,19.731707,18.448948,17.291481,14.955886,16.742157,17.54727,21.16206,22.44038,27.923332,29.77025,33.741436,35.409214,36.04428,37.17389,35.98992,35.668217,34.638203,30.643686,32.181763,26.329971,26.790518,26.374378,22.392353,22.267513,16.829548,18.073875,16.523485,14.88356,16.381464
4,11.933331,8.892952,6.4887967,3.8396592,0.0,5.481174,5.1241493,9.953798,12.5387,14.910015,18.536798,20.034134,22.675978,20.352692,24.720736,20.042568,21.700079,21.164793,22.407146,25.478428,26.415426,28.442547,31.524094,30.709124,30.64445,28.855904,28.219206,28.07245,25.72609,29.021458,22.79936,28.671988,23.58661,25.301075,23.767736,20.497046,18.338493,20.358088,18.677534,16.021568,14.584716,17.83258,16.121319,11.247925,13.33714,17.068464,12.283942,9.469787,13.737889,13.000053,17.455608,17.513786,19.889116,20.660133,22.711916,25.073618,21.778046,25.99032,27.515001,22.457777,23.251337,27.558523,30.188845,31.23876,26.052336,24.679605,29.994259,29.45802,25.441263,29.410751,31.734453,29.73118,26.643335,31.381659,27.137804,31.155375,28.574053,24.305195,25.736727,20.888184,19.701532,19.17288,16.02795,17.184767,17.44914,21.326693,21.866722,27.583406,28.885027,32.825397,34.098984,34.359745,35.23611,33.763363,33.23525,32.66049,28.318653,30.465109,24.500593,25.624151,25.67909,21.572351,20.913513,15.688444,16.067389,14.030765,11.997858,12.938674
5,14.424269,12.4984045,8.485434,7.234189,5.481174,0.0,5.97864,7.3680396,10.562162,13.121006,16.468763,18.69216,21.544643,20.071049,24.798822,19.994642,22.631405,21.729033,24.497744,26.736572,28.300762,30.784979,33.579994,32.038067,32.00912,30.320072,28.69164,28.4048,25.327547,28.405487,21.54124,26.47777,21.240208,22.004581,20.893713,18.5165,15.583517,16.766006,16.232813,14.348039,11.222982,15.151459,14.772636,9.839008,10.240605,15.83269,13.188105,8.977306,12.466028,10.081019,14.673674,17.004889,17.902561,17.76216,20.858122,23.601736,20.36646,24.498034,25.291348,19.541819,21.149012,24.872522,27.507607,27.969292,22.599216,21.748182,27.165558,26.881466,23.400768,27.511202,29.931524,28.229036,25.638199,30.603945,26.182846,30.549562,28.507929,24.04404,26.515167,21.467554,21.334925,21.475456,18.73976,19.07055,18.144163,22.890707,22.069582,28.05411,28.99047,32.793896,34.143246,34.308243,35.547565,34.3668,34.195766,34.20149,30.257086,32.669327,27.141275,28.825027,29.124506,25.334257,24.269514,19.833157,18.690151,17.281498,14.073305,14.84434
6,17.034992,13.924339,11.387997,8.205443,5.1241493,5.97864,0.0,6.065729,7.600741,10.257319,13.605263,15.230267,17.660372,15.44012,19.853167,15.222583,17.352543,17.072891,19.22155,22.183144,23.841312,26.033804,29.399572,27.614056,27.237062,25.192822,24.103779,23.575964,21.031307,24.088678,17.819712,23.66085,18.575085,20.593882,19.114882,15.590026,13.539504,16.212532,14.510977,11.479602,10.654279,14.839609,12.769287,8.034541,11.247532,15.46961,11.188385,9.18944,13.910775,12.741056,16.081343,17.191845,19.878803,19.821186,21.62813,23.324554,19.435362,23.363167,25.392958,20.189037,19.816244,24.327114,26.514431,27.921858,22.732805,20.787981,25.864338,24.949717,21.100464,25.6016,27.439236,25.139101,22.498753,27.55518,23.61898,27.981356,25.71128,21.727757,23.744738,19.36674,18.63641,19.195982,15.435428,15.398511,14.638859,18.934381,18.288548,24.186047,24.899025,28.750954,29.7518,29.764973,30.629467,29.168797,28.764988,28.584076,24.427105,26.889015,21.231014,23.091017,23.63532,19.828527,18.492485,14.393079,12.775461,11.4147415,8.163618,9.603232
7,20.999117,18.636335,14.864768,13.155187,9.953798,7.3680396,6.065729,0.0,4.7991147,5.8020372,9.4422245,11.411406,14.536347,13.460666,19.026129,15.107718,18.450274,18.598423,22.208824,24.70554,27.212017,29.605988,33.036915,30.182291,29.485409,27.18776,25.185303,23.920362,20.751686,22.900934,16.269222,20.710152,14.630341,16.350515,16.225458,13.456299,10.123334,13.164123,13.406428,10.922009,8.598381,14.853809,14.000706,9.901674,11.8273,17.766272,15.46078,12.889741,16.84147,14.283207,17.045238,20.43956,21.92173,20.72656,23.364471,25.031046,20.98116,24.508331,26.13407,20.27314,19.81161,23.754866,25.444221,26.499254,21.153107,19.245157,24.036682,22.831903,19.995623,25.242643,26.520338,24.080107,22.64393,28.126776,24.478743,29.316374,27.752008,23.962395,26.97863,22.863003,22.969791,24.20272,20.545439,19.670351,17.716305,22.51298,20.165955,26.147087,25.954535,29.496473,30.092579,29.57682,30.443148,28.932514,28.606419,29.51971,25.459974,28.754154,23.629385,26.483154,27.592022,24.104986,22.12606,19.085102,15.81498,14.602959,10.508187,10.493037
8,24.179098,21.332623,18.264254,15.31025,12.5387,10.562162,7.600741,4.7991147,0.0,4.7740674,6.504556,9.258037,11.310084,10.290297,14.889029,10.638215,14.326179,14.280834,18.65947,20.652298,23.572765,26.09451,29.473099,26.061232,25.275408,23.02603,20.626295,19.359327,16.01307,18.308743,11.541785,16.444729,11.090822,13.08842,12.151099,8.818211,6.1495447,9.985825,9.412562,6.535222,6.0338387,12.079448,10.653886,7.8540483,10.709268,15.653528,13.917788,12.662907,16.436348,14.39135,15.689997,19.037672,21.113525,19.610525,21.431915,22.295095,17.931658,21.044392,23.272642,17.849241,16.03315,20.230385,21.557587,23.155945,18.058928,15.468197,19.984737,18.522068,15.519044,20.964903,21.944965,19.351511,18.016994,23.564543,20.20408,25.113636,23.753246,20.34579,23.609852,20.10378,20.543484,22.507498,18.764288,17.046104,14.3922825,19.168922,15.987665,21.855726,21.348051,24.801573,25.368942,24.893326,25.954262,24.737516,24.779701,25.634314,22.221104,25.197498,20.660912,23.682188,24.927895,21.977541,19.770283,17.910728,13.459963,13.654742,9.261922,10.585281
9,26.3966,23.761906,20.322409,18.26831,14.910015,13.121006,10.257319,5.8020372,4.7740674,0.0,4.334273,5.614121,8.959217,8.4173565,14.649992,12.062194,15.797084,16.978737,21.029701,23.588333,26.736841,28.942526,32.75746,28.946619,27.704836,24.968554,22.752855,20.625603,17.587467,18.698053,12.785278,16.59758,9.898874,13.024099,13.811213,10.70742,7.7947497,12.533208,13.155362,10.502837,10.053236,16.486383,15.222137,12.602108,15.210094,20.416828,18.42609,17.095499,21.009659,18.693415,20.220474,23.792072,25.710373,24.04169,26.093918,26.874,22.470247,25.31751,27.59529,22.121923,19.970007,23.903484,24.707075,26.330444,21.383327,18.621601,22.479586,20.434132,18.291338,24.195429,24.375734,21.307148,20.96923,26.599724,23.826412,28.779772,27.625107,24.598043,27.796259,24.620525,24.84777,26.761938,22.702185,21.04146,18.537626,22.907228,19.542215,25.0949,23.941082,27.110619,26.997877,25.875805,26.35357,24.565153,24.11531,25.833395,21.854156,25.80405,21.324968,25.05744,26.786755,23.783916,21.172598,19.630411,14.847844,14.177372,10.067596,9.487727
10,30.177656,27.426546,24.130558,21.615608,18.536798,16.468763,13.605263,9.4422245,6.504556,4.334273,0.0,3.9297256,5.8301296,6.862362,12.163088,10.282711,14.505005,15.6772785,20.60336,22.421211,26.060667,28.368265,32.02548,27.50339,26.110207,23.423418,20.550447,18.118782,14.779612,15.274598,9.55071,12.384318,5.5722976,9.267376,10.457063,7.7268453,5.425079,10.56792,11.623159,9.633949,10.148419,15.961965,14.924066,13.706592,16.086063,20.711336,19.726437,18.993803,22.432732,20.1852,20.594788,24.600876,26.454155,24.31974,26.002554,26.187273,21.751173,23.965227,26.42803,21.334623,18.249388,21.845894,22.029875,23.894455,19.37529,16.2161,19.320866,16.879423,15.40749,21.538301,21.092632,17.883799,18.4089,24.005596,21.773415,26.754034,26.10235,23.589851,27.180925,24.63893,25.343536,27.837883,23.928045,21.608938,18.46895,22.685163,18.306849,23.423641,21.640299,24.436483,24.081532,22.73399,23.372784,21.885948,21.8542,24.019762,20.85668,24.710077,21.164717,25.19015,27.121729,24.727293,21.905489,21.508612,15.882164,16.318884,12.341083,12.447387
11,31.670774,28.852036,25.67831,23.415403,20.034134,18.69216,15.230267,11.411406,9.258037,5.614121,3.9297256,0.0,4.0805306,5.011914,11.439043,11.1606865,14.761704,17.005999,21.103409,23.609634,27.218697,29.133627,33.215332,28.606823,26.840162,23.737587,21.452858,18.435034,15.83991,15.505412,11.286628,13.86851,7.1797857,11.975756,13.659802,10.668769,9.246973,14.429349,15.171872,12.794607,13.858663,19.618162,18.08815,16.69913,19.58214,23.984621,22.235172,21.783144,25.59455,23.529764,24.229584,27.72468,29.96904,28.039104,29.553741,29.587849,25.062788,27.215717,30.00892,25.097706,21.623505,25.35742,25.2969,27.426786,23.10582,19.733315,22.391981,19.564081,18.292076,24.449215,23.476357,19.851513,20.70958,26.174711,24.422136,29.250092,28.500853,26.309708,29.493351,27.25235,27.531855,29.915024,25.666271,23.473358,20.715118,24.40314,20.368137,25.14724,23.066448,25.694796,24.775536,22.972363,22.92257,20.803205,20.177448,22.844488,19.108807,23.668436,20.143736,24.603987,26.881804,24.490406,21.423193,21.388454,15.697565,15.625616,12.258175,11.364979
12,34.537075,31.466675,28.652044,25.820793,22.675978,21.544643,17.660372,14.536347,11.310084,8.959217,5.8301296,4.0805306,0.0,3.831177,8.105326,9.238072,12.652506,15.169458,19.510199,21.54075,25.444016,27.273901,31.295788,26.173037,24.191582,21.063913,18.53522,15.154839,12.772181,11.694043,8.746653,10.908248,5.763881,11.205719,12.428462,9.442914,9.695267,14.63688,14.865808,12.798331,15.090225,19.849186,18.065907,17.765333,20.83236,24.28534,22.916458,23.238226,26.811316,25.117678,25.021729,28.252941,30.816671,28.786343,29.678143,29.074919,24.554459,26.14663,29.359604,25.091867,20.630735,24.256647,23.6739,26.274067,22.518457,18.714497,20.550129,17.320047,16.370956,22.42437,20.792425,16.886791,18.343834,23.547798,22.486124,27.106863,26.640621,25.082045,28.238354,26.738518,27.179457,29.97559,25.80673,23.14363,20.13749,23.30566,18.77695,22.88742,20.27217,22.529367,21.249512,19.194887,19.073885,17.081242,16.756725,19.719124,16.76797,21.135698,18.56593,23.19734,25.649084,23.892054,20.696724,21.813236,15.592784,16.573215,13.60953,13.556556
13,32.207882,28.928316,26.535233,23.48951,20.352692,20.071049,15.44012,13.460666,10.290297,8.4173565,6.862362,5.011914,3.831177,0.0,7.01544,7.4466267,10.2415695,13.263802,16.696596,19.528927,23.100727,24.725168,29.035843,24.388443,22.400314,19.086723,17.360703,14.192481,12.36734,12.255087,9.18832,13.443405,8.805246,13.998655,14.140151,10.091579,10.554492,15.774562,14.916066,12.049102,14.929073,19.5432,17.01107,16.313353,20.079782,23.116262,20.774654,21.466278,25.406267,24.139832,24.43632,26.758453,29.91514,28.370203,28.984552,28.429085,23.819155,25.75011,29.282595,25.105368,20.654604,24.85406,24.688513,27.501257,23.534601,19.65212,22.040411,19.025639,17.085018,22.947998,21.748299,17.783346,18.22619,23.419378,22.10437,26.603004,25.613867,23.921867,26.519028,24.942913,24.867594,27.413958,23.006586,20.599516,18.112715,20.980331,17.271427,21.557495,19.410831,22.058237,20.94544,19.181416,18.843948,16.516565,15.777136,17.99284,14.237657,18.659056,15.308936,19.888252,22.316864,20.309027,17.104002,18.10017,11.947425,12.829395,10.19056,10.359033
14,36.475037,32.84639,31.17187,27.263306,24.720736,24.798822,19.853167,19.026129,14.889029,14.649992,12.163088,11.439043,8.105326,7.01544,0.0,5.7466903,6.4340315,9.92675,13.267777,15.040147,18.997389,20.381498,24.509916,19.066467,16.686827,13.340966,11.436277,7.6075315,7.097052,6.3088074,7.3510275,11.668419,11.277791,15.702823,14.379505,10.661073,13.52581,17.627544,15.5598135,13.3980875,17.89033,20.376957,17.3734,18.5176,22.400696,23.46401,21.716894,23.78767,27.155228,26.691587,25.758379,27.198921,30.962732,29.47896,28.873186,27.210602,22.816216,23.747635,28.044249,25.261301,19.370363,23.394857,22.55847,26.185482,23.306023,18.957932,20.04473,16.765205,14.868175,19.840849,17.768047,13.508794,14.313997,18.62627,18.625961,22.421692,21.750341,21.337942,23.523874,23.446604,23.541412,26.703568,22.66314,19.547411,16.926369,18.390326,14.247126,16.870451,13.911538,15.95749,14.274001,12.328496,11.90852,9.964192,10.151756,12.033844,10.40525,13.625939,12.458706,16.897936,19.455505,18.866951,15.724117,18.888329,12.54685,15.470191,13.910531,15.551345
15,31.678047,28.059475,26.464867,22.241425,20.042568,19.994642,15.222583,15.107718,10.638215,12.062194,10.282711,11.1606865,9.238072,7.4466267,5.7466903,0.0,4.508259,5.9646764,10.909724,12.492199,16.318115,18.422346,22.224628,17.472328,15.899959,13.178352,10.771868,8.832328,6.398318,9.1012745,5.182024,12.132953,10.8475,14.342342,11.750852,7.158225,10.0134115,13.776814,10.73079,8.096768,13.020491,15.097147,11.771545,12.896624,16.90769,17.833704,16.08597,18.135292,21.417198,21.101332,20.238922,21.530045,25.322554,24.029573,23.490822,22.194052,17.669708,19.21579,23.36117,20.236238,14.854521,19.433111,19.44398,22.819857,19.34408,15.197307,17.608707,15.0744915,11.762913,16.85814,16.21349,12.534199,11.4951,16.555773,15.090205,19.3848,18.215563,16.805462,19.302208,18.34959,18.592543,21.716267,17.772285,14.626272,11.666242,14.171422,9.913892,14.177983,12.430786,15.57654,15.393563,14.744599,15.575511,14.581785,15.162621,15.494305,13.575264,15.684389,12.938826,16.408424,18.227705,16.938225,14.211744,16.0032,9.775138,13.08929,10.650281,13.445329
16,32.865704,28.991714,28.142021,23.604307,21.700079,22.631405,17.352543,18.450274,14.326179,15.797084,14.505005,14.761704,12.652506,10.2415695,6.4340315,4.508259,0.0,4.639972,7.053389,9.520142,13.084979,14.638385,18.894022,14.293579,12.3761635,9.231487,8.408734,6.831409,6.893785,9.836529,8.890979,15.38459,15.06831,18.645592,15.757851,11.422587,14.450939,17.90456,14.203539,11.613304,16.783981,17.904673,13.957856,15.343792,19.733553,19.352768,16.80162,19.839119,23.119068,23.556753,22.652536,22.527954,27.101784,26.3455,25.029095,23.279585,18.99262,20.278193,24.966856,22.706238,17.01575,21.695597,21.690826,25.444454,22.442572,18.306023,20.308872,17.895033,14.3316555,18.348354,17.60041,14.008932,12.292056,16.326727,15.518581,18.973047,17.36435,16.695705,18.008627,17.982012,17.545534,20.612564,16.618292,13.506855,11.522057,12.242934,9.384985,12.360554,10.877331,14.007385,13.65748,13.318444,13.683985,12.564846,12.997942,11.999019,10.410945,11.486134,9.0299,12.213438,14.132298,13.501995,10.812352,14.049393,8.257234,12.503315,11.557782,14.700337
17,31.879778,28.055387,27.378672,22.456814,21.164793,21.729033,17.072891,18.598423,14.280834,16.978737,15.6772785,17.005999,15.169458,13.263802,9.92675,5.9646764,4.639972,0.0,6.7598305,6.7452044,10.58021,13.0821,16.436565,11.979155,11.011334,9.2086735,7.0646725,7.8066807,6.5743084,11.179745,8.879121,15.488553,16.029327,18.385143,14.436967,10.644957,13.959369,16.153316,11.643303,9.762633,15.09599,14.577751,10.559031,13.0856,17.034765,15.484709,13.856021,17.339941,19.917444,20.747398,19.151577,18.691212,23.296137,22.605757,20.791128,18.769005,14.613941,15.771701,20.581741,18.84144,13.090066,17.847267,18.215744,21.9628,19.166718,15.280036,17.557835,15.860726,11.520733,14.697734,14.900226,12.102742,8.845044,12.860705,11.271022,14.805746,12.9997015,12.061844,13.727491,13.731907,13.893867,17.414726,14.051813,10.383059,7.6463647,8.681603,4.749844,8.664038,8.207611,12.002329,13.019668,13.807818,15.386387,15.453489,16.692873,15.104368,14.653172,14.389465,12.329537,14.044673,15.016919,14.5549345,12.7066965,15.088648,10.249424,14.688073,13.221281,17.013401
18,32.08431,27.996296,28.402372,23.38558,22.407146,24.497744,19.22155,22.208824,18.65947,21.029701,20.60336,21.103409,19.510199,16.696596,13.267777,10.909724,7.053389,6.7598305,0.0,5.834141,7.235898,8.210115,12.921136,10.239164,9.072704,6.9730196,9.327161,10.576744,11.980098,15.667822,15.074645,21.63647,21.743946,24.778097,21.115828,17.01561,19.866354,22.503689,17.860813,15.4516945,20.452972,19.945553,15.477415,17.014046,21.466179,19.064806,15.537027,19.830376,22.70468,24.377577,23.509075,21.059284,26.60573,26.860535,24.500315,22.489824,18.869627,20.169123,25.154245,24.02945,18.899845,23.656633,24.272768,28.065453,25.425005,21.783937,24.0301,22.423973,18.116629,20.378141,20.63409,18.008478,14.57314,16.973198,15.990147,18.049486,15.359768,15.068975,14.221349,15.05915,13.439795,16.09775,12.5124035,9.87981,10.105981,7.79639,9.122784,10.429395,11.287017,14.535894,15.250619,16.274784,16.79023,16.272467,16.700855,13.329264,12.552563,10.601491,8.079257,7.7803526,8.298859,8.620476,7.4935284,11.451572,8.789375,13.406913,14.045438,17.833218
19,34.95215,30.99868,31.301468,26.029753,25.478428,26.736572,22.183144,24.70554,20.652298,23.588333,22.421211,23.609634,21.54075,19.528927,15.040147,12.492199,9.520142,6.7452044,5.834141,0.0,4.4506164,7.0733604,9.85496,5.513551,5.473406,5.89549,6.265919,9.733445,10.835594,15.051417,14.95761,20.639896,22.451832,24.433233,20.053364,16.95828,20.444447,21.858171,16.987223,15.782979,20.866285,18.672617,14.747979,17.851141,21.428177,17.719578,16.208578,20.764057,22.539867,24.439201,22.321701,19.902758,25.15739,25.167137,21.996815,19.083618,16.015196,16.203915,21.455635,21.60953,15.964172,20.083675,20.437782,24.433523,22.741657,19.316906,20.768349,19.682316,15.4551525,16.150515,16.61462,14.878696,10.814074,11.794661,11.386645,12.546963,10.0524845,11.055931,10.271797,12.785868,12.44434,16.0164,13.831104,10.369505,9.510762,6.289333,6.338839,4.7464094,6.698992,9.908182,11.86935,14.054795,15.812719,16.791147,18.424112,15.008574,16.373497,13.481454,13.214185,12.639452,12.54807,13.862166,13.268823,16.730234,13.919006,18.614914,18.361914,22.355469
20,34.774563,30.794388,31.818207,26.460178,26.415426,28.300762,23.841312,27.212017,23.572765,26.736841,26.060667,27.218697,25.444016,23.100727,18.997389,16.318115,13.084979,10.58021,7.235898,4.4506164,0.0,3.5630982,6.04901,5.33397,6.7283134,8.282791,10.395955,13.876651,15.272914,19.414804,19.193592,25.04805,26.57358,28.537914,24.051395,20.898878,24.08376,25.349068,20.278814,18.98594,23.750906,21.100044,17.115664,19.85525,23.36739,18.814276,16.699999,21.661306,23.165289,25.71416,23.842812,20.026304,25.709513,26.405172,22.762442,19.916025,17.506546,17.82373,22.89049,23.612284,18.772114,22.762651,23.54359,27.32558,25.737036,22.714994,24.414682,23.709915,19.312218,19.300621,20.330729,19.057413,14.646596,14.744719,14.110179,14.156465,10.993337,12.0808935,9.216388,12.391265,11.085709,14.033802,12.605188,10.020269,10.933094,5.872154,9.516154,7.362111,10.544833,13.136418,15.321581,17.784119,19.282549,20.181795,21.525583,17.37603,18.633942,14.893921,14.499053,12.264993,11.027806,12.8944435,13.42451,16.578924,15.492288,19.9118,20.337809,24.428526
21,36.511967,32.465458,33.80222,28.535574,28.442547,30.784979,26.033804,29.605988,26.09451,28.942526,28.368265,29.133627,27.273901,24.725168,20.381498,18.422346,14.638385,13.0821,8.210115,7.0733604,3.5630982,0.0,5.2919655,6.262624,7.023928,8.457362,12.138514,15.236926,17.437384,21.096119,21.659603,27.47969,28.955177,31.315823,27.031713,23.66961,26.873096,28.5144,23.503683,21.946215,26.79977,24.517988,20.408648,22.805878,26.559881,22.153585,19.47495,24.459038,26.187256,28.818348,27.222431,23.117167,28.944485,29.815393,26.158873,23.349714,21.042217,21.328672,26.381079,27.159853,22.279541,26.253544,26.87993,30.753788,29.225227,26.091331,27.607822,26.686417,22.462942,22.53651,23.174028,21.694061,17.68753,17.49599,17.439291,17.126638,14.1512,15.581841,12.282428,15.560773,13.715054,16.015343,14.553604,12.617721,14.102887,9.00225,12.825058,10.308566,12.858016,14.872475,16.477867,18.768618,19.67664,20.338436,21.37301,16.651638,18.132828,13.628511,13.897628,10.726467,9.118216,12.048235,13.008232,16.861,16.470196,20.711485,21.819036,25.700958
22,38.80458,34.914783,36.489204,31.112537,31.524094,33.579994,29.399572,33.036915,29.473099,32.75746,32.02548,33.215332,31.295788,29.035843,24.509916,22.224628,18.894022,16.436565,12.921136,9.85496,6.04901,5.2919655,0.0,6.714168,9.223631,12.208385,14.7289915,18.56816,20.403614,24.237942,24.743568,30.06759,32.267887,33.93519,29.253334,26.514544,29.813684,30.617304,25.530178,24.644564,29.229513,25.791954,22.191545,25.171328,28.234251,22.775877,21.22153,26.289307,27.097418,30.124748,27.915918,23.23672,28.81437,29.897127,25.546902,22.29928,20.995255,20.574396,25.344725,27.33504,22.896523,26.148975,26.865704,30.556253,29.76299,27.146866,28.292171,27.990952,23.882355,22.559727,23.706753,23.168135,18.848259,17.24187,17.39818,15.633739,12.751178,15.050848,10.759445,15.317364,14.05917,16.276072,16.38197,14.628457,16.092178,10.804205,14.74602,10.889231,14.295615,15.633179,18.075762,21.051952,22.599176,24.038862,25.588144,20.883144,23.122913,18.364792,19.162754,15.929646,13.99743,16.823906,18.102678,21.29477,21.17066,25.40597,26.175789,30.245625
23,39.630466,35.683125,36.340805,30.990025,30.709124,32.038067,27.614056,30.182291,26.061232,28.946619,27.50339,28.606823,26.173037,24.388443,19.066467,17.472328,14.293579,11.979155,10.239164,5.513551,5.33397,6.262624,6.714168,0.0,3.264298,6.937184,8.363403,12.37798,14.430317,17.909792,19.319393,24.020601,26.934052,28.630863,24.140015,21.625977,25.384583,26.360603,21.584448,20.891932,25.907166,22.978321,19.465504,22.980217,26.16505,21.625908,20.776323,25.528685,26.72719,28.967535,26.342348,23.3819,28.552591,28.702831,24.823843,21.255693,19.121298,18.267548,23.481491,24.96645,19.290659,22.54358,22.491087,26.608568,25.936287,22.772753,23.226665,22.40624,18.769165,17.930264,18.062689,17.087729,13.483069,12.010198,13.25741,12.262636,10.2851305,13.258543,11.219869,15.571959,15.38118,18.733097,17.620344,14.5875025,14.269732,10.0883255,10.914301,5.9311175,7.998694,9.13359,11.405057,14.4061985,16.273907,18.120947,20.186275,16.062244,19.084023,14.77891,16.454334,14.92852,14.381567,17.019878,16.993963,21.072725,18.927605,23.598501,23.720882,27.643002
24,40.133568,36.12059,36.547565,31.314165,30.64445,32.00912,27.237062,29.485409,25.275408,27.704836,26.110207,26.840162,24.191582,22.400314,16.686827,15.899959,12.3761635,11.011334,9.072704,5.473406,6.7283134,7.023928,9.223631,3.264298,0.0,3.9568503,6.497258,9.92511,12.7455015,15.70176,17.930666,22.558346,25.406357,27.570593,23.436943,20.668516,24.52984,26.054634,21.492044,20.487638,25.728567,23.588083,19.908327,23.172346,26.70374,22.913872,21.653692,26.23711,27.927042,29.83159,27.44956,25.04139,30.206089,30.118702,26.64547,23.244553,20.618027,19.9685,25.265932,26.150162,20.059275,23.538328,23.169039,27.446106,26.541412,23.001976,23.313295,21.960136,18.578644,18.599102,17.983364,16.312569,13.448282,12.711239,14.344108,14.144734,12.533961,15.158308,13.802505,17.538933,17.182976,20.532812,18.699097,15.561099,14.97044,11.3007555,11.251259,7.1053534,7.38637,8.393957,9.536525,12.039483,13.403329,15.0040045,16.983387,12.814704,16.137394,11.819552,14.139372,13.226903,13.355742,16.111265,15.585064,20.312674,17.60068,22.287197,22.536854,26.21197
25,38.876865,34.8253,34.98967,29.951248,28.855904,30.320072,25.192822,27.18776,23.02603,24.968554,23.423418,23.737587,21.063913,19.086723,13.340966,13.178352,9.231487,9.2086735,6.9730196,5.89549,8.282791,8.457362,12.208385,6.937184,3.9568503,0.0,5.4673247,7.3461924,10.756541,13.329267,15.784242,20.75062,22.932734,25.729298,22.058147,18.791794,22.540026,24.796122,20.464804,18.92734,24.287975,23.20247,19.283056,21.994678,25.953894,23.135157,21.194462,25.49445,27.807444,29.332464,27.44395,25.574066,30.753696,30.501587,27.61722,24.636255,21.405802,21.315016,26.60272,26.550785,20.319677,24.243418,23.822496,28.10827,26.6187,22.737112,23.350203,21.458208,18.12668,19.436565,18.399206,15.859001,13.578851,14.301628,15.540872,16.508383,14.894865,16.63759,15.933637,18.660566,18.017467,21.258099,18.559195,15.4323,14.65799,11.803433,11.114706,8.9401865,8.004581,9.622875,9.49478,10.840303,11.372173,12.033051,13.5510435,9.485017,12.245594,8.451858,10.620633,10.751219,11.770185,14.117582,12.905861,18.061386,14.709629,19.319187,19.692469,23.084286
26,38.764683,34.89172,34.41018,29.412638,28.219206,28.69164,24.103779,25.185303,20.626295,22.752855,20.550447,21.452858,18.53522,17.360703,11.436277,10.771868,8.408734,7.0646725,9.327161,6.265919,10.395955,12.138514,14.7289915,8.363403,6.497258,5.4673247,0.0,4.374429,6.359017,9.563314,11.767138,16.063324,19.20548,21.265678,17.358604,14.801111,18.901848,20.528955,16.48844,15.707841,20.997631,19.593136,16.286839,19.722261,23.090794,20.599924,20.082563,23.903034,25.830126,26.8711,24.353859,23.722677,28.194818,27.305164,24.656315,21.515694,18.154867,17.615017,22.77778,22.653479,15.963402,19.523825,18.701914,23.056631,21.817774,17.858894,17.995249,16.074959,13.020245,14.399505,13.003455,10.413232,8.481904,9.761281,11.264258,13.029223,12.31307,14.011884,15.00381,17.381731,17.919525,21.738096,19.221998,15.473001,13.201032,11.951992,8.36665,6.6238685,3.3945396,5.772022,6.2739177,7.937329,10.145928,11.784104,14.233719,11.996329,14.631732,12.598436,13.958407,15.248968,16.353054,17.751587,16.117826,20.2952,15.788834,20.42295,19.588402,23.017017
27,39.222115,35.38284,34.46886,29.803377,28.07245,28.4048,23.575964,23.920362,19.359327,20.625603,18.118782,18.435034,15.154839,14.192481,7.6075315,8.832328,6.831409,7.8066807,10.576744,9.733445,13.876651,15.236926,18.56816,12.37798,9.92511,7.3461924,4.374429,0.0,4.5201306,5.9864955,9.752266,13.704039,16.48504,19.308863,16.26242,13.413728,17.435452,19.915909,16.583439,15.388817,20.626148,20.592377,17.37066,20.166393,23.779781,22.565115,21.64903,24.930508,27.410828,27.88538,25.808779,26.033035,30.2697,29.066082,27.1139,24.382313,20.594664,20.43336,25.351252,24.326597,17.59745,21.246758,20.114029,24.369566,22.716562,18.436527,18.498617,15.794989,13.448021,16.298841,14.049655,10.406937,10.300082,12.800038,14.187177,16.730448,16.278591,17.364492,18.862663,20.474304,20.8548,24.509459,21.348412,17.725378,15.233296,14.926482,10.862827,10.815418,7.2183247,8.715908,7.156739,6.5069056,7.602848,8.255707,10.563486,9.705968,11.854983,11.397001,12.74219,15.430204,17.327602,18.288149,15.957529,20.304432,14.944248,19.21007,18.256685,21.095814
28,37.056065,33.41196,32.028,27.493391,25.72609,25.327547,21.031307,20.751686,16.01307,17.587467,14.779612,15.83991,12.772181,12.36734,7.097052,6.398318,6.893785,6.5743084,11.980098,10.835594,15.272914,17.437384,20.403614,14.430317,12.7455015,10.756541,6.359017,4.5201306,0.0,4.9565926,5.6238074,10.137002,12.884971,15.137103,11.780956,9.135201,13.326241,15.4573765,12.363462,11.583859,16.619154,16.697193,13.963454,16.931047,20.102228,19.530231,19.402954,22.091389,24.395126,24.420675,22.186985,23.408894,27.057905,25.456675,23.998163,21.5806,17.56978,17.615025,22.163464,20.530663,13.873395,17.54673,16.50357,20.55015,18.511698,14.158348,14.614695,11.85892,9.292397,13.186412,11.261896,7.318241,7.4116445,11.5554495,11.864355,15.50452,15.31477,15.501506,18.171642,18.860699,19.862547,23.64212,20.53636,16.765913,13.404698,14.634319,9.151726,10.942698,7.596107,9.855467,9.457997,9.042592,11.018862,11.674332,13.787716,13.889909,14.778924,15.307951,15.172107,18.06392,19.749205,19.871498,17.478035,20.631153,14.849276,18.851868,16.902752,19.780987
29,40.68986,37.112312,35.383812,31.1946,29.021458,28.405487,24.088678,22.900934,18.308743,18.698053,15.274598,15.505412,11.694043,12.255087,6.3088074,9.1012745,9.836529,11.179745,15.667822,15.051417,19.414804,21.096119,24.237942,17.909792,15.70176,13.329267,9.563314,5.9864955,4.9565926,0.0,7.2707996,8.515289,12.172236,14.925694,13.02681,11.136098,14.974325,17.536194,15.682389,14.998974,19.514128,20.534178,18.264961,20.81986,23.860674,24.0807,23.974989,26.273777,28.766962,28.35989,26.245726,28.115656,31.43836,29.508797,28.411898,26.02104,22.075777,21.86239,26.130327,24.341015,17.740131,20.754728,18.991278,22.912342,21.216688,16.862991,16.25173,12.770896,12.107893,16.169815,12.927656,8.655556,11.275264,14.670077,15.97565,19.302383,19.67223,20.253645,22.953222,23.809576,24.77657,28.498302,25.196262,21.530668,18.25839,19.409546,14.10329,15.203478,11.167978,11.983182,9.933548,7.684903,8.696765,9.008003,11.291418,13.151136,14.460553,15.932131,16.77557,20.42399,22.633404,22.938967,20.184519,23.791891,17.657162,21.182152,19.319437,21.38085
30,34.436565,31.097872,28.954397,24.948118,22.79936,21.54124,17.819712,16.269222,11.541785,12.785278,9.55071,11.286628,8.746653,9.18832,7.3510275,5.182024,8.890979,8.879121,15.074645,14.95761,19.193592,21.659603,24.743568,19.319393,17.930666,15.784242,11.767138,9.752266,5.6238074,7.2707996,0.0,7.1842604,7.639688,10.040375,7.286746,3.9516685,7.9497004,10.769191,8.896427,8.027985,12.254515,14.040807,12.088883,14.13165,16.905245,18.262472,18.393578,19.828936,22.379108,21.483059,19.764652,22.507092,25.319761,23.24505,22.992691,21.507029,17.164354,18.01465,21.693747,18.564102,12.841611,16.549997,15.855372,19.132345,16.019247,11.704717,13.290117,10.337883,8.13518,13.912932,12.621113,8.886766,9.622132,14.949835,13.817398,18.42964,18.26568,17.091837,20.670101,19.866867,21.109514,24.60018,21.233232,17.777603,13.96461,16.991556,11.26763,15.065486,12.515436,14.984692,14.801627,13.938527,15.535456,15.383746,16.764225,17.996431,17.238686,19.25764,17.634275,21.102057,22.867926,21.925121,19.292381,21.030931,14.8884945,17.901539,14.86829,17.169783
31,40.228836,37.19066,34.496227,30.93544,28.671988,26.47777,23.66085,20.710152,16.444729,16.59758,12.384318,13.86851,10.908248,13.443405,11.668419,12.132953,15.38459,15.488553,21.63647,20.639896,25.04805,27.47969,30.06759,24.020601,22.558346,20.75062,16.063324,13.704039,10.137002,8.515289,7.1842604,0.0,7.298901,7.4211164,7.08978,8.383016,10.987432,12.177916,12.859456,13.634607,16.17614,17.86556,17.476946,19.790764,21.312536,23.18226,24.685741,25.523445,27.459993,25.947731,23.621738,27.678074,29.398666,26.544113,26.681126,25.015627,21.241621,21.107567,23.972363,21.16125,15.727902,17.503674,15.446196,18.24882,16.308851,12.512394,11.5770035,7.806103,9.676495,14.7519045,11.867258,8.711703,12.678081,16.882088,16.953608,21.139793,22.205214,21.706072,25.866991,25.48928,27.377193,31.0653,28.074156,24.496975,20.40744,23.348131,17.112051,19.665691,16.264448,17.27132,16.444967,14.865865,16.641836,17.13033,19.024717,21.54957,21.806475,24.050173,23.62771,27.390463,29.361816,28.798872,26.048342,28.098309,21.82027,24.513096,21.326376,22.860094
32,35.221153,32.41557,29.222408,26.37716,23.58661,21.240208,18.575085,14.630341,11.090822,9.898874,5.5722976,7.1797857,5.763881,8.805246,11.277791,10.8475,15.06831,16.029327,21.743946,22.451832,26.57358,28.955177,32.267887,26.934052,25.406357,22.932734,19.20548,16.48504,12.884971,12.172236,7.639688,7.298901,0.0,5.4484353,7.662969,6.794885,6.5851884,10.239776,11.911026,11.304191,12.590693,16.946081,16.407028,16.79399,18.629484,22.397293,22.661171,22.480755,25.250706,23.106388,22.27655,26.707575,28.3252,25.679428,26.9195,26.386587,22.140911,23.393997,25.924032,21.529802,17.470026,20.25688,19.4689,21.554369,17.91616,14.454998,16.054056,13.037743,13.046195,19.138403,17.685772,14.433495,16.480375,21.728844,20.395456,25.216663,25.340946,23.606625,27.616135,25.923906,27.212797,30.285912,26.69767,23.754908,20.039642,23.872892,18.435331,22.647705,20.034552,22.113611,21.411575,19.74875,20.668676,19.76605,20.409271,23.15476,21.301157,24.825579,22.646955,26.826056,28.915506,27.290895,24.3602,25.137995,18.98691,20.410418,16.751728,17.324842
33,36.3433,33.84523,30.411366,27.656456,25.301075,22.004581,20.593882,16.350515,13.08842,13.024099,9.267376,11.975756,11.205719,13.998655,15.702823,14.342342,18.645592,18.385143,24.778097,24.433233,28.537914,31.315823,33.93519,28.630863,27.570593,25.729298,21.265678,19.308863,15.137103,14.925694,10.040375,7.4211164,5.4484353,0.0,5.227948,7.9572606,7.2061467,7.560202,11.022106,12.14864,12.053517,15.401611,16.317627,17.30637,17.692125,21.57716,23.421265,22.749289,24.58281,22.06715,20.505507,26.019949,26.572392,23.347137,24.963228,24.571669,20.824442,21.685513,23.298946,18.886246,15.665675,17.233433,16.292786,17.552153,14.147803,11.48485,12.736606,10.424711,11.669962,17.18154,16.165758,14.060004,16.385519,21.291407,19.67324,24.457205,25.13851,23.253187,27.918715,26.055727,28.079594,31.275455,28.325117,25.288336,21.173407,25.411509,19.544262,23.631159,21.243334,23.081936,22.992638,21.812904,23.528961,23.45846,24.7102,27.177233,26.031252,28.923689,26.985413,30.744183,32.50515,30.976917,28.314781,28.773273,22.88986,24.531498,20.55495,21.502657
34,34.734463,31.966267,29.114693,25.627935,23.767736,20.893713,19.114882,16.225458,12.151099,13.811213,10.457063,13.659802,12.428462,14.140151,14.379505,11.750852,15.757851,14.436967,21.115828,20.053364,24.051395,27.031713,29.253334,24.140015,23.436943,22.058147,17.358604,16.26242,11.780956,13.02681,7.286746,7.08978,7.662969,5.227948,0.0,4.8732905,6.2301354,5.234082,6.7182007,8.68823,9.885508,11.332402,12.012004,14.166838,14.701259,17.256878,19.589489,19.63716,21.10505,19.250065,16.890097,21.790064,22.810455,19.77533,20.585905,19.726055,15.923189,16.600054,18.671534,14.760679,10.604657,12.680722,11.995588,13.965717,10.438803,6.870766,8.927407,6.9039927,6.6215305,12.333237,12.014422,10.191406,11.520694,16.532635,14.509288,19.362413,19.967588,18.082066,22.828869,21.189209,23.456657,26.868765,24.267061,21.000633,16.703264,20.830297,14.8075905,18.84323,16.863194,18.963564,19.5675,19.118866,21.43444,21.915546,23.594849,25.090942,24.490374,26.443222,24.629887,27.78444,29.185648,27.927452,25.578796,26.205704,20.553051,22.94422,19.11836,21.084984
35,31.955751,28.87343,26.345778,22.595016,20.497046,18.5165,15.590026,13.456299,8.818211,10.70742,7.7268453,10.668769,9.442914,10.091579,10.661073,7.158225,11.422587,10.644957,17.01561,16.95828,20.898878,23.66961,26.514544,21.625977,20.668516,18.791794,14.801111,13.413728,9.135201,11.136098,3.9516685,8.383016,6.794885,7.9572606,4.8732905,0.0,4.3200755,7.006545,5.804221,5.343601,8.550095,11.094776,9.954743,11.496721,13.628946,16.06722,16.72752,17.285637,19.68626,18.268353,16.750154,20.430855,22.583864,20.25996,20.74045,19.928413,15.555163,16.97507,19.939835,15.903057,11.249662,14.938214,14.872059,17.440819,13.511492,9.565015,12.470424,10.199541,7.76514,13.87415,13.668496,10.804769,10.8746605,16.467037,14.233694,19.221737,18.970678,16.881565,20.96336,19.189232,20.715836,23.977356,20.77761,17.59934,13.593063,17.654993,12.088572,16.81484,15.034368,17.787031,18.193708,17.663538,19.460375,19.300241,20.5011,21.665398,20.342031,22.51235,20.08909,23.33836,24.833614,23.335993,20.88528,21.498482,15.72153,18.144127,14.456632,16.653013
36,29.64817,26.912968,23.788431,20.690844,18.338493,15.583517,13.539504,10.123334,6.1495447,7.7947497,5.425079,9.246973,9.695267,10.554492,13.52581,10.0134115,14.450939,13.959369,19.866354,20.444447,24.08376,26.873096,29.813684,25.384583,24.52984,22.540026,18.901848,17.435452,13.326241,14.974325,7.9497004,10.987432,6.5851884,7.2061467,6.2301354,4.3200755,0.0,5.3612165,6.5389323,5.843912,6.016371,10.958236,10.726711,10.581788,12.059088,16.358883,16.866058,16.154655,18.752235,16.52226,15.945016,20.553621,21.971567,19.502972,21.085701,21.210613,16.932457,19.020811,21.147514,16.053278,13.169288,16.561352,17.04247,18.695318,14.015791,10.998219,14.73038,12.967407,11.05353,16.943949,17.281115,14.82411,14.784848,20.356237,17.558922,22.63696,22.2111,19.432816,23.594517,20.910198,22.333557,25.116844,21.853523,19.22545,15.500453,20.193283,15.277602,20.538387,19.168371,22.053207,22.499939,21.85605,23.41361,22.855124,23.622873,25.06965,22.90548,25.6618,22.455738,25.799564,27.255426,25.13557,22.707706,22.248917,16.856579,18.24187,14.057446,15.537572
