,0,1,2,3,4,5,6,7,8,9,10,11,12,13,14,15,16,17,18,19,20,21,22,23,24,25,26,27,28,29,30,31,32,33,34,35,36,37,38,39,40,41,42,43,44,45,46,47,48,49,50,51,52,53,54,55,56,57,58,59,60,61,62,63,64,65,66,67,68,69,70,71,72,73,74,75,76,77,78,79,80,81,82,83,84,85,86,87,88,89,90,91,92,93,94,95,96,97,98,99,100,101,102,103,104,105,106,107,108,109,110
0,0.0,4.318784,6.514133,9.87349,12.434611,14.822852,18.146585,21.581783,25.148829,27.431795,31.539154,32.249012,29.389631,28.551306,23.522474,23.750505,18.572683,18.944962,16.02064,14.911866,15.823769,11.520416,16.156641,18.915777,18.166632,21.203432,21.20037,22.424006,20.747076,24.018751,23.261393,28.501986,29.497997,34.340992,34.767906,38.11801,40.756702,38.50672,37.206833,34.856964,31.35202,28.30013,25.518456,22.020683,25.819128,22.743038,24.893105,25.216986,28.661924,31.345007,32.76886,36.721813,38.25394,41.244167,39.06954,43.03697,39.822582,41.504547,43.78548,44.603264,41.17791,43.237064,39.211758,38.821808,37.19703,35.298393,36.82772,33.076225,31.954943,28.312162,26.80195,29.04911,29.534044,33.267914,35.00909,36.18016,39.86907,39.801666,42.53657,43.699215,43.194923,40.23816,35.756752,33.249115,30.884718,28.056807,26.604727,21.90323,20.605743,19.468761,18.693521,17.552647,15.999214,19.346264,18.426023,21.405182,23.10645,24.889015,28.328085,28.663086,32.949734,33.085373,37.71525,41.506233,36.812473,34.050312,31.456089,26.69815,24.849062,21.373554,19.49103
1,4.318784,0.0,5.342367,6.781362,8.965816,12.442915,14.679965,19.06338,22.033085,24.739288,28.649725,29.806925,27.325958,26.21554,21.433548,20.9747,16.113941,15.632337,13.199256,11.119901,12.357492,8.604841,13.411204,15.46532,14.990917,17.521887,17.199228,18.17881,16.618412,19.83703,19.423435,24.54718,26.261732,30.90654,31.539885,35.000946,37.456818,35.172775,33.59238,31.032288,27.71601,24.286354,21.726406,17.88528,21.51233,18.487879,20.672523,21.233929,24.690407,27.32075,28.586218,32.594944,34.060844,36.980247,34.774487,38.750534,35.550262,37.299694,39.615566,40.368134,36.97183,38.974545,34.91918,34.608376,33.029495,31.240204,32.87574,29.213669,28.215286,24.620499,22.847973,24.870565,25.40418,28.983305,30.885012,31.975632,35.76279,35.779877,38.581284,39.898853,39.443027,36.41089,32.143776,29.446415,26.910757,24.11415,22.439621,17.602472,16.34326,15.283675,14.835162,14.132719,13.041707,16.428059,15.658265,18.0247,20.026232,21.436222,25.106945,24.995415,29.501638,29.456957,34.257587,38.232876,33.78168,30.883764,28.580576,23.479465,22.122149,18.333721,17.216814
2,6.514133,5.342367,0.0,5.284995,7.066965,8.628997,12.414133,15.149423,18.99987,20.997128,25.337181,25.831696,23.118189,22.513765,17.51348,18.05991,13.2224045,13.876465,12.420569,11.714863,14.282789,11.463579,17.036743,18.90833,19.46874,21.319363,20.392921,20.428299,17.935932,20.191624,19.36833,23.922836,24.186142,29.419216,29.23841,32.73759,35.119625,32.66676,31.782782,29.837858,25.714085,23.408403,20.538282,17.855152,22.695787,20.435963,22.991508,24.394579,27.785316,30.257431,30.934862,35.111134,36.111584,38.73017,36.193096,39.923412,36.14868,37.8303,39.62407,40.30052,36.743484,39.018295,35.381596,34.838245,34.116375,31.650448,33.674274,29.77765,29.66782,25.443933,23.040113,25.637774,25.234102,29.517214,30.207148,31.713968,34.993725,34.89587,37.617893,38.51878,38.347958,35.717022,30.97547,28.80496,26.24015,24.03679,22.20001,18.60272,17.106909,17.19165,16.419724,17.385132,15.036057,17.701431,15.358245,17.973898,18.690317,20.004406,23.017435,23.253916,27.39113,27.324125,31.802769,35.50347,30.63712,27.911894,25.525135,20.69695,18.836908,15.702147,13.558477
3,9.87349,6.781362,5.284995,0.0,3.8281863,6.2214694,8.816771,12.962493,15.712226,18.628477,22.093884,23.449364,20.906733,19.531172,14.880455,14.197696,9.40896,9.111004,7.53554,6.564339,9.593457,8.090179,13.593227,14.954951,16.77267,17.91797,17.304253,16.736794,13.052038,15.399946,14.166428,19.055006,19.692987,24.617641,24.942429,28.380634,30.907835,28.69248,27.357006,25.15117,21.631796,18.951078,15.823199,13.156111,18.316397,16.130274,19.23634,20.727844,23.929348,26.473732,26.90563,31.248352,32.443905,34.682995,31.786016,35.322,31.484825,32.95022,34.81294,35.804043,32.265007,34.971004,31.391489,31.331621,30.953625,28.868814,31.239616,27.63471,27.81448,23.836231,20.668558,22.518251,21.955044,25.651295,26.358538,27.358654,30.695845,30.342766,32.95778,33.942177,33.5082,30.729399,26.075039,23.768188,21.42846,18.922318,17.727976,14.276919,13.6122,14.375192,14.785881,16.35743,15.318013,17.918867,15.925886,17.230791,18.236738,18.508913,21.721262,20.69399,25.321709,24.324978,29.215916,33.318493,28.74894,25.737583,24.3486,18.629559,17.944796,14.6141405,13.762073
4,12.434611,8.965816,7.066965,3.8281863,0.0,5.3375764,5.755118,10.686582,13.1420145,16.03501,19.919558,21.294825,19.394129,18.260075,13.981964,13.075118,9.420399,8.1178255,9.07914,6.989343,10.990936,10.709642,15.600949,15.889935,17.523796,17.900883,16.243872,15.096737,12.162317,13.495916,13.192506,17.106735,18.330215,23.327696,23.318827,27.04694,29.054008,26.503239,25.237865,23.068472,19.049973,16.376537,13.78458,11.032678,16.29142,14.757179,17.576794,19.81915,22.972364,25.189806,25.24192,29.52426,30.23302,32.483196,29.70301,33.275505,29.292141,31.02497,32.677994,33.261627,29.692156,32.06587,28.568459,28.182856,28.010017,25.562641,28.016966,24.313665,24.899492,20.668713,17.276642,19.484821,18.627676,22.80565,23.225163,24.66426,27.93546,27.905603,30.715973,31.772392,31.759678,29.116785,24.629028,22.284058,19.37028,17.522774,15.192018,12.233396,10.904679,12.236038,12.329015,15.106977,13.568994,15.558304,13.080138,13.958558,14.632205,14.711027,17.90375,16.981712,21.561895,20.867039,25.693642,29.760523,25.279587,22.270315,20.715412,15.02427,14.412223,10.89103,10.622341
5,14.822852,12.442915,8.628997,6.2214694,5.3375764,0.0,6.0291696,7.0731206,10.806444,12.949466,16.794188,17.53512,14.886005,13.999997,9.214243,9.678869,5.7563725,7.1214466,8.719966,9.652944,13.591052,13.602006,18.777378,19.54617,22.099115,22.39747,21.082355,19.437815,15.12384,15.672969,14.121132,17.525335,16.160234,21.762596,20.938627,24.46652,26.74869,24.295256,23.848349,22.511778,17.975224,17.037933,13.691731,13.180535,19.430912,18.52143,21.772268,24.198702,27.118223,29.316412,28.964005,33.34201,33.912514,35.65688,32.40474,35.50184,31.02152,32.367813,33.484207,34.34175,30.680536,33.71522,30.798532,30.521166,31.332575,28.55494,31.415947,27.74316,29.075127,24.61565,20.653694,22.915915,21.101273,25.410202,24.43931,25.896107,28.447243,27.944563,30.410954,30.860767,30.856668,28.670816,23.559061,22.029001,19.674133,18.268038,16.866747,15.646908,14.8792095,17.045403,17.246284,20.421803,18.531973,20.17594,16.871084,17.792212,17.206867,16.82719,18.970133,17.926287,22.020655,20.661457,25.136097,28.95916,24.01744,21.167667,20.172743,14.611887,13.882412,11.784214,10.358807
6,18.146585,14.679965,12.414133,8.816771,5.755118,6.0291696,0.0,6.846117,7.6421227,11.091971,14.559736,16.430809,15.296884,13.974651,10.787479,8.979321,7.8703284,5.4118075,9.906976,8.58656,12.911356,14.53206,18.566109,17.854824,20.466959,19.6352,17.488722,15.027806,11.405359,10.626251,10.478734,12.6588,13.520804,18.598219,18.116936,22.039286,23.623781,20.890282,19.786062,17.93096,13.401417,11.516887,9.019646,8.070094,14.189253,14.144851,17.124659,20.250772,22.900614,24.70843,23.890528,28.17237,28.371529,29.992338,26.813631,29.941568,25.449818,27.088234,28.200418,28.699041,25.050516,27.77521,24.815552,24.497168,25.49692,22.750711,25.796175,22.323221,24.063005,19.772078,15.26721,17.20909,15.144314,19.448166,18.537151,20.129429,22.900024,22.781496,25.55427,26.416502,26.729898,24.412426,19.873905,17.867582,14.71156,13.890398,11.167694,10.706239,9.859553,12.95396,13.647837,17.900793,16.638811,17.612793,14.684021,14.086645,13.692657,12.24504,14.697109,12.583028,17.19873,15.584136,20.505682,24.729683,20.38137,17.227606,16.759031,10.441088,11.209341,8.533915,9.72896
7,21.581783,19.06338,15.149423,12.962493,10.686582,7.0731206,6.846117,0.0,5.3250494,5.9377837,10.650979,10.818757,9.183168,9.179618,6.1003466,7.326648,8.142053,9.025289,13.4938135,14.395502,18.55306,19.807697,24.357618,24.186403,27.095348,26.416399,24.305214,21.690498,17.66843,16.164288,15.14293,15.901496,13.118412,18.884275,16.640656,20.370163,21.789919,18.856716,19.40815,19.093027,13.390191,14.672925,12.06356,13.881209,20.098698,20.671618,23.641594,26.955736,29.438026,31.091478,29.88099,34.06672,33.841263,35.017998,31.598726,34.1645,29.181412,30.505663,30.742535,31.200817,27.545103,30.635962,28.559826,27.983587,30.094881,26.697412,29.997044,26.499817,29.084774,24.457664,19.845522,22.262135,19.177006,23.86101,21.038172,23.078135,24.632147,24.19519,26.544628,26.516508,27.257534,25.82524,20.72384,20.025906,17.463528,17.769258,15.717957,17.101355,16.262913,19.528048,19.65484,24.171192,21.96319,22.499643,18.510159,18.427635,16.329575,14.842216,15.424583,14.088362,17.241648,15.402637,19.225288,22.730734,17.609724,14.937017,14.82934,9.662328,9.671246,9.777129,9.101664
8,25.148829,22.033085,18.99987,15.712226,13.1420145,10.806444,7.6421227,5.3250494,0.0,4.6421385,7.0026727,9.282548,9.395018,8.204085,7.9128494,6.193335,9.812391,8.850351,14.422972,14.871913,18.724201,21.16432,24.77297,23.75696,27.167948,25.655436,23.459332,20.192682,16.078663,13.336946,12.64079,11.574901,9.09595,14.392943,12.148549,16.162437,17.123919,14.068806,14.226039,13.922196,8.068112,10.209504,8.159953,11.584727,17.32131,18.815357,21.714054,25.316141,27.303911,28.64193,26.901886,30.954288,30.533318,31.162273,27.490091,29.653755,24.491234,25.674807,25.62548,26.124874,22.493324,25.932728,24.240145,24.012173,26.864342,23.728298,27.377617,24.37212,27.484125,23.301384,18.12485,19.689878,16.05905,20.081963,16.509907,18.275597,19.494928,18.91729,21.2368,21.251898,22.138304,20.807402,15.963199,15.395019,12.745531,13.964541,12.031872,15.190647,15.072993,18.978607,19.842299,24.76694,23.411306,23.613659,20.180101,18.856411,16.974148,14.281108,14.594915,11.460266,14.768582,11.402331,15.659167,19.671337,15.255932,12.232548,13.996235,8.213814,10.676882,10.981502,12.379877
9,27.431795,24.739288,20.997128,18.628477,16.03501,12.949466,11.091971,5.9377837,4.6421385,0.0,6.160823,5.8257575,6.913091,7.7966733,8.452484,9.148195,12.689637,12.929881,18.142212,18.94074,22.946737,24.939318,28.957584,28.166248,31.328371,29.972858,27.492706,24.29972,20.623528,17.82895,17.26735,15.765588,12.149168,17.21525,13.757853,17.434988,17.783659,14.436054,16.026587,16.810009,10.530507,14.099429,12.6501465,16.058678,21.553738,23.185211,25.834095,29.60205,31.628746,32.824333,30.96683,34.865334,34.049877,34.63775,31.126148,33.097843,27.841711,29.046015,28.472101,28.60334,25.091919,28.228153,27.040668,26.337261,29.595116,25.922598,29.520374,26.422842,29.94164,25.50562,20.586428,22.73812,18.78549,23.26475,18.852575,21.20468,21.664312,21.251888,23.356634,22.859608,24.297104,23.639381,18.89862,19.0358,16.569712,18.35886,16.146284,19.461636,18.827265,22.602962,22.856165,27.986103,25.88629,25.734135,21.704367,20.749907,17.902828,15.483224,14.56876,12.668961,14.485588,11.817016,14.675975,17.835928,12.806692,10.398402,12.086086,8.161373,9.693776,11.752803,12.241942
10,31.539154,28.649725,25.337181,22.093884,19.919558,16.794188,14.559736,10.650979,7.0026727,6.160823,0.0,4.8304963,7.0541863,6.109044,9.977329,9.151729,14.390456,14.413438,19.486618,20.919275,24.301666,27.122084,30.397417,29.34606,33.33386,31.515583,29.57427,26.00583,21.487852,18.199526,16.928757,14.193938,8.538593,12.533821,8.190978,11.525271,11.832598,8.833322,11.137751,13.0578165,7.9859686,13.433812,12.0548315,17.113422,22.158653,24.275402,27.161346,30.772299,32.273216,33.357468,31.106754,34.89893,34.217075,33.977337,29.95303,31.123644,25.694445,26.19679,25.085958,25.836815,22.515062,26.663328,26.2175,26.311842,30.43463,27.374773,31.285713,28.824125,32.618275,28.74069,23.436232,24.470604,20.273651,23.398712,18.193901,19.531435,19.057594,17.747414,19.116125,17.977434,19.210287,19.11914,14.346528,15.600362,14.371049,16.749065,16.300932,20.88671,21.332333,25.422903,26.508755,31.548454,30.309647,30.280476,26.748299,25.171663,22.79608,19.725605,18.804798,15.423256,17.067068,12.48315,15.0312805,18.272612,14.462685,12.290056,16.207487,12.487926,15.294555,17.020485,18.156134
11,32.249012,29.806925,25.831696,23.449364,21.294825,17.53512,16.430809,10.818757,9.282548,5.8257575,4.8304963,0.0,4.763483,6.7875824,10.254654,11.619154,16.04086,17.051188,21.866146,23.552319,27.241138,29.445192,33.32694,32.66553,36.33477,34.87391,32.705467,29.338795,25.075113,22.077887,20.872183,18.699738,12.966763,17.174784,12.574959,15.282875,15.339095,12.419982,15.590742,17.796717,12.385341,17.593407,16.153803,20.644053,25.994019,27.893534,30.70014,34.403534,36.16256,37.289284,35.155594,38.95425,38.07311,38.081398,34.275948,35.575714,30.158531,30.825459,29.570244,29.982302,26.71894,30.400568,30.03837,29.62325,33.67618,30.114029,33.87686,31.127958,35.01664,30.77105,25.751879,27.510294,23.261757,27.097277,21.757486,23.69487,23.061686,22.07276,23.405985,22.022614,23.564014,23.789705,19.084301,20.422539,19.016926,21.26021,20.23206,24.315199,24.166553,28.086004,28.575027,33.690212,31.70462,31.54012,27.465294,26.459366,23.426138,20.858458,19.304674,17.23958,18.013113,14.62221,16.062206,18.327679,13.82833,12.410283,15.50905,13.21119,14.808945,17.44917,17.60101
12,29.389631,27.325958,23.118189,20.906733,19.394129,14.886005,15.296884,9.183168,9.395018,6.913091,7.0541863,4.763483,0.0,3.931618,6.5192404,9.379848,12.972468,15.131546,19.113312,21.614607,25.161278,26.932297,31.127422,31.09052,34.914574,33.951523,32.290894,29.245817,24.24419,22.062748,20.021318,19.280008,12.6770315,17.671844,13.662647,16.195007,17.591341,15.278365,17.830975,19.513409,14.436586,18.743467,16.201042,20.382061,26.405052,27.64124,30.864946,34.19185,36.199944,37.710205,35.96264,40.03425,39.653275,39.897717,35.93598,37.484684,32.11507,32.642155,31.849232,32.756336,29.353527,33.369595,32.51169,32.344822,35.84881,32.484562,36.180325,33.17238,36.54399,32.14027,27.150587,28.98462,25.122522,29.008049,24.44058,26.009253,25.978449,24.674402,25.99409,24.715136,25.531092,25.314507,20.001741,21.134548,20.08055,21.322893,21.033089,24.200651,24.200516,27.895645,28.449757,33.104385,31.113308,31.478014,27.370995,26.962519,24.291264,22.197641,21.389484,19.491259,21.152798,17.932783,20.19315,22.771795,17.958746,16.219074,18.32955,15.05523,15.908924,17.840874,17.11347
13,28.551306,26.21554,22.513765,19.531172,18.260075,13.999997,13.974651,9.179618,8.204085,7.7966733,6.109044,6.7875824,3.931618,0.0,5.191849,6.3598933,10.761675,12.631999,16.505539,19.26241,22.465397,24.670639,28.444382,28.31864,32.546646,31.44616,30.192352,27.083965,21.519096,19.437616,16.879562,16.34931,9.118487,14.245214,10.770425,13.371257,15.537559,13.635994,15.436125,16.768326,12.445527,16.413399,13.4121895,17.96808,23.98626,25.155132,28.610937,31.710415,33.567257,35.171745,33.44861,37.58337,37.525562,37.597908,33.410778,34.86549,29.543198,29.825798,29.252018,30.609312,27.193108,31.660675,30.667355,30.981678,34.41103,31.51088,35.29329,32.467506,35.639336,31.499296,26.30709,27.57816,23.887018,27.17606,22.958242,23.90717,24.103617,22.426605,23.641846,22.494993,22.781954,22.257612,16.717222,17.812462,17.220547,18.089561,18.7216,21.946112,22.526354,26.289186,27.373251,31.819523,30.459427,31.087286,27.407434,26.696735,24.617462,22.24763,22.031118,19.249727,21.6358,17.678104,20.684679,23.867102,19.436127,17.235601,19.831192,15.486761,17.068398,18.206703,18.058744
14,23.522474,21.433548,17.51348,14.880455,13.981964,9.214243,10.787479,6.1003466,7.9128494,8.452484,9.977329,10.254654,6.5192404,5.191849,0.0,4.8916035,6.5805945,9.608666,12.814085,15.743653,19.155659,20.61526,24.97238,25.37298,29.219776,28.697966,27.560776,24.933569,19.384558,18.262054,15.608886,16.821938,11.181494,16.97909,14.624439,17.575972,20.046432,17.972021,18.904066,19.185654,14.565083,16.80022,13.190668,16.325426,22.83942,23.23208,26.799618,29.643446,31.919739,33.826477,32.608284,36.930855,37.16715,37.839397,33.88029,35.94802,30.833717,31.453857,31.527931,32.808556,29.226877,33.312466,31.584246,31.70456,34.2438,31.315277,34.836044,31.621437,34.18466,29.819227,24.945448,26.645172,23.504206,27.289865,24.14459,25.290339,26.394335,25.064213,26.747375,26.154364,26.222134,25.01811,19.372318,19.484402,18.31172,18.166292,18.317057,20.065796,20.275948,23.60087,24.405926,28.42027,26.811518,27.826616,24.122152,24.079256,22.337017,20.651686,21.17392,19.05657,22.13398,19.084475,22.732437,26.163984,21.25211,18.766075,19.924513,14.961988,15.548216,15.832166,14.904588
15,23.750505,20.9747,18.05991,14.197696,13.075118,9.678869,8.979321,7.326648,6.193335,9.148195,9.151729,11.619154,9.379848,6.3598933,4.8916035,0.0,5.5322566,6.3671017,10.5384035,12.998869,16.150412,18.601395,22.174551,21.965548,26.22958,25.197802,24.239622,21.328245,15.38875,13.953727,11.031191,12.137821,7.0386324,12.89631,11.571803,14.857114,17.514633,15.616177,15.424132,14.987562,11.155192,12.613365,8.644869,12.334971,18.676828,19.286505,22.975584,25.77001,27.778614,29.632034,28.284332,32.601505,33.01657,33.471863,29.350668,31.341587,26.296112,26.810255,27.123173,28.658703,25.08552,29.435434,27.58593,28.152988,30.684896,28.25768,31.875797,28.978472,31.466764,27.51415,22.392496,23.342472,20.32834,23.39123,20.608805,21.175144,22.57888,21.082561,22.830116,22.60298,22.343626,20.711052,15.121657,14.799184,13.718204,13.31472,14.142272,16.286186,17.20266,20.763262,22.260178,26.273418,25.52746,26.576687,23.502344,22.711771,21.620157,19.3762,20.402267,17.151363,20.863264,17.067396,21.395308,25.40984,21.103157,18.21108,20.066715,14.228291,16.00832,15.548436,15.953148
16,18.572683,16.113941,13.2224045,9.40896,9.420399,5.7563725,7.8703284,8.142053,9.812391,12.689637,14.390456,16.04086,12.972468,10.761675,6.5805945,5.5322566,0.0,4.6366267,6.277056,9.594501,12.740204,14.109691,18.4342,19.138983,23.053488,22.892694,22.40312,20.270908,14.236037,14.52515,11.380133,14.908717,11.829569,17.292608,16.846815,19.93193,22.90086,21.087757,20.482115,19.3344,15.782538,15.474569,11.252711,12.503143,19.049643,18.457933,22.306053,24.520292,26.994715,29.271002,28.625689,33.098835,33.985985,35.049934,31.201975,33.747192,29.088501,29.812141,30.782726,32.349148,28.744873,32.722294,30.186474,30.650076,32.144073,29.861378,33.109848,29.88525,31.539114,27.479874,22.888731,24.1645,21.991299,25.304342,23.834908,24.427698,26.615059,25.371225,27.353516,27.50712,26.93886,24.802607,19.368904,18.282768,16.991978,15.278303,15.908762,15.834356,16.457083,19.214695,20.49629,23.653002,22.831331,24.53153,21.65725,21.73053,21.277231,19.942986,21.81288,19.377733,23.586716,20.758663,25.38554,29.447006,24.824038,21.861958,22.419907,16.394754,17.034784,15.518813,15.029734
17,18.944962,15.632337,13.876465,9.111004,8.1178255,7.1214466,5.4118075,9.025289,8.850351,12.929881,14.413438,17.051188,15.131546,12.631999,9.608666,6.3671017,4.6366267,0.0,5.767533,6.6871157,10.204249,12.713487,16.27749,15.977844,19.933594,19.14098,18.360088,15.898794,9.908213,9.915176,7.252983,11.073072,10.630377,15.562413,15.938038,19.381626,21.927546,19.966467,18.45575,16.47919,13.366599,11.5786,7.5191765,7.8814197,14.413661,13.990894,17.823181,20.23641,22.60752,24.76493,24.01789,28.480888,29.357231,30.467329,26.706072,29.435045,24.923265,25.879927,27.152987,28.569202,24.975023,28.714642,25.903563,26.484512,27.741192,25.756062,28.984058,25.945734,27.50244,23.742765,19.047447,19.856373,17.929625,20.899181,20.054579,20.473377,23.14671,22.174603,24.460915,25.14016,24.616856,22.079111,17.128365,15.246938,13.344326,11.36967,11.528097,11.281459,12.266584,15.272653,17.064556,20.439823,20.279993,21.825718,19.519146,18.83222,18.953741,17.218939,19.575424,16.479433,21.169144,18.25199,23.331863,27.754955,23.633385,20.423208,21.137691,14.646839,16.078514,13.882487,14.726845
18,16.02064,13.199256,12.420569,7.53554,9.07914,8.719966,9.906976,13.4938135,14.422972,18.142212,19.486618,21.866146,19.113312,16.505539,12.814085,10.5384035,6.277056,5.767533,0.0,5.2356157,6.8854494,8.472688,12.297781,13.455995,17.695267,17.950312,18.57679,17.155357,10.682484,12.961158,9.499402,15.142172,14.689574,18.969748,20.133083,22.98612,26.234684,24.810154,23.06232,20.84864,18.747898,16.401138,12.332792,11.359037,16.93947,15.15373,19.20257,20.419111,22.958405,25.631071,25.644402,30.14836,31.79856,33.127064,29.429506,32.28705,28.27101,28.955858,30.7581,32.657326,29.204514,33.06312,29.908255,30.824629,31.320383,29.887135,32.792995,29.777136,30.474833,27.004417,22.893175,23.445774,22.386345,24.785341,24.985094,24.859009,27.86508,26.64832,28.707045,29.461882,28.275661,25.417837,20.576471,18.544617,17.493156,14.27367,15.746103,13.661869,15.017952,16.83739,18.81647,20.684284,21.102528,23.484035,21.798143,21.829355,22.721527,21.675304,24.525417,21.804567,26.644173,23.94755,29.080471,33.510887,29.314224,26.128605,26.464886,20.059742,20.876081,18.208454,18.28996
19,14.911866,11.119901,11.714863,6.564339,6.989343,9.652944,8.58656,14.395502,14.871913,18.94074,20.919275,23.552319,21.614607,19.26241,15.743653,12.998869,9.594501,6.6871157,5.2356157,0.0,4.3814874,6.6452045,10.069029,10.017362,13.501369,13.442368,13.471928,12.230198,6.84768,9.942364,8.386146,14.053317,16.391365,20.282026,21.750813,25.026388,27.61187,25.801489,23.510553,20.623192,18.52744,14.703564,11.648487,8.276617,13.0058155,10.678903,14.44985,15.769303,18.600174,21.230537,21.48103,25.941452,27.535475,29.354668,26.135498,29.507143,25.861475,27.091703,29.288921,30.67966,27.277342,30.352427,26.702562,27.37771,27.10128,25.843729,28.433704,25.412685,25.635527,22.38125,18.676765,19.145351,18.813742,21.213179,22.526596,22.614822,26.24361,25.659485,28.17101,29.502579,28.638023,25.473171,21.325455,18.501568,16.467216,13.205195,13.0963335,9.360199,10.426065,11.723236,13.912096,15.636661,16.575928,18.963799,17.982077,17.667036,19.354845,18.488407,21.955421,19.366299,24.470348,22.450909,27.778801,32.3372,28.485996,25.210592,25.013077,18.62536,19.505802,16.05563,16.977858
20,15.823769,12.357492,14.282789,9.593457,10.990936,13.591052,12.911356,18.55306,18.724201,22.946737,24.301666,27.241138,25.161278,22.465397,19.155659,16.150412,12.740204,10.204249,6.8854494,4.3814874,0.0,4.8190265,6.10544,6.596622,11.081996,11.426279,13.148173,12.672458,7.2185545,11.57956,9.624734,15.839995,18.636288,21.676136,23.961296,26.827145,29.7403,28.381443,25.630478,22.418825,21.447811,17.183292,14.267044,10.780728,13.937465,10.814283,14.572142,14.632835,17.251312,20.220459,20.993534,25.35689,27.651222,29.40661,26.202232,29.51686,26.400612,27.332474,29.979628,31.801125,28.619616,31.842964,28.035091,29.21127,28.485449,27.976587,30.356995,27.690882,27.343102,24.721338,21.393244,21.116224,21.41368,22.79284,24.907303,24.292158,28.126808,27.319231,29.610468,31.119717,29.720669,26.257889,22.521997,19.48398,18.15592,14.1148205,15.318779,11.017133,12.914264,13.360684,16.094238,16.515224,18.591358,21.334002,21.177446,20.80485,23.067892,22.24461,25.89564,23.039738,28.224142,25.963205,31.376045,36.049725,32.455368,29.14126,29.18637,22.758726,23.826845,20.284544,21.270523
21,11.520416,8.604841,11.463579,8.090179,10.709642,13.602006,14.53206,19.807697,21.16432,24.939318,27.122084,29.445192,26.932297,24.670639,20.61526,18.601395,14.109691,12.713487,8.472688,6.6452045,4.8190265,0.0,5.748372,8.572376,10.935268,12.971922,14.713179,15.270752,11.388959,15.685344,14.072747,20.183748,22.315836,25.925116,27.753191,30.703814,33.69837,32.149174,29.78169,26.784506,25.118317,21.123213,18.13199,14.465523,17.715773,14.255075,17.421824,17.130968,20.114176,23.155415,24.416542,28.633265,30.925383,33.146637,30.315887,33.87538,30.879438,31.99406,34.651478,36.264935,33.0354,35.92514,31.948006,32.727116,31.515837,30.740028,32.802437,29.808641,28.98359,26.136988,23.430614,23.853426,24.414299,26.43002,28.671099,28.509613,32.3901,31.761024,34.156277,35.58032,34.31833,30.946468,26.980028,24.095737,22.557968,18.747202,19.215597,14.384026,15.214689,14.786682,16.586716,15.9892235,17.502296,20.755096,20.641226,21.275139,23.652643,23.647573,27.434942,25.47136,30.549795,28.962107,34.264805,38.76678,34.791042,31.56566,30.824806,24.683247,24.884094,21.156296,21.297478
22,16.156641,13.411204,17.036743,13.593227,15.600949,18.777378,18.566109,24.357618,24.77297,28.957584,30.397417,33.32694,31.127422,28.444382,24.97238,22.174551,18.4342,16.27749,12.297781,10.069029,6.10544,5.748372,0.0,4.6461244,7.762521,9.857868,13.470889,14.65587,11.499911,16.32845,15.0252905,21.049568,24.443277,26.928314,29.67523,32.31029,35.323555,34.160793,31.108368,27.619202,27.225363,22.482662,20.019012,15.9933815,17.34411,13.441863,16.201878,14.533591,17.01087,20.239147,22.021683,25.947096,28.94719,31.052542,28.389973,31.873503,29.630909,30.52816,33.698902,35.610184,32.71571,35.54599,31.403175,32.738304,31.015059,31.20121,33.01724,30.5986,29.230509,27.307209,24.934116,24.30962,25.575153,26.298136,29.539131,28.617285,32.76695,32.07391,34.30908,36.0905,34.395866,30.695438,27.534256,24.28446,23.216,18.908375,20.2152,15.037824,16.757566,15.760694,18.379368,16.795187,19.900629,23.100285,24.022732,23.978346,26.999544,26.688854,30.684448,28.137308,33.339127,31.44746,36.877243,41.570065,38.130424,34.820713,34.521626,28.261156,29.06686,25.197056,26.057743
23,18.915777,15.46532,18.90833,14.954951,15.889935,19.54617,17.854824,24.186403,23.75696,28.166248,29.34606,32.66553,31.09052,28.31864,25.37298,21.965548,19.138983,15.977844,13.455995,10.017362,6.596622,8.572376,4.6461244,0.0,5.9302354,5.912217,9.781042,10.735455,8.561298,13.293193,13.046559,18.40504,23.244541,25.165422,28.198132,30.937567,33.50416,32.280453,28.827673,24.996012,25.078266,19.72575,18.032415,13.500363,13.414382,9.427613,11.929063,10.067116,12.436835,15.656804,17.382372,21.314692,24.344088,26.431923,23.890047,27.491072,25.505358,26.590364,29.945246,31.658438,28.907444,31.424906,27.174889,28.644293,26.749807,27.325844,29.087408,27.000616,25.621344,24.150492,21.79715,20.541733,22.146719,22.233198,26.040537,24.915573,29.265528,28.824615,31.177444,33.282925,31.726572,27.902374,25.352856,21.743282,20.387312,16.19953,17.135254,11.78585,13.950358,12.904407,16.159864,14.931848,18.786306,21.532963,22.871275,22.003635,25.282692,24.578705,28.62391,25.685019,30.869177,28.948292,34.369095,39.124805,36.17252,32.85311,32.808544,26.616703,27.942434,24.026611,25.695292
24,18.166632,14.990917,19.46874,16.77267,17.523796,22.099115,20.466959,27.095348,27.167948,31.328371,33.33386,36.33477,34.914574,32.546646,29.219776,26.22958,23.053488,19.933594,17.695267,13.501369,11.081996,10.935268,7.762521,5.9302354,0.0,4.4512815,8.071206,11.113138,12.51042,16.84006,17.818642,22.6424,28.080448,30.287252,33.020782,36.05032,38.261417,36.67303,33.28277,29.362404,28.91582,23.239428,22.154722,16.83923,15.727826,11.565289,12.242745,9.593338,12.382646,15.346948,17.959543,21.295048,24.239828,27.203232,25.68276,29.778152,28.385603,30.007591,33.526257,34.601578,31.983444,33.469284,28.836609,29.73464,26.653233,27.339844,28.334425,26.19544,23.738861,22.708603,21.68966,20.798645,23.348234,23.722185,28.416082,27.826279,32.4553,32.61735,35.27719,37.633972,36.456886,32.638126,30.35636,26.58122,24.563318,20.857445,20.265121,14.107901,14.954332,12.267282,14.654188,11.437394,16.036,18.960648,21.395601,20.923532,24.897596,24.984087,29.338404,27.279896,32.27675,31.38743,36.64674,41.232105,38.35562,35.143448,34.22638,28.551897,29.309843,25.037113,26.644941
25,21.203432,17.521887,21.319363,17.91797,17.900883,22.39747,19.6352,26.416399,25.655436,29.972858,31.515583,34.87391,33.951523,31.44616,28.697966,25.197802,22.892694,19.14098,17.950312,13.442368,11.426279,12.971922,9.857868,5.912217,4.4512815,0.0,5.235172,7.7444143,10.220099,13.964468,15.703101,19.711948,26.080088,27.71215,30.669386,33.670246,35.540005,33.999004,30.313776,26.2008,26.281403,20.285465,19.84562,14.508351,12.043515,8.093806,8.298305,5.258705,8.082573,11.123355,13.55452,17.040997,20.01868,22.812296,21.239075,25.353405,24.10541,25.814234,29.412407,30.39192,27.90914,29.270971,24.637045,25.774685,22.777538,23.855051,24.97516,23.213432,21.031902,20.40376,19.092491,17.424849,20.128492,19.764534,24.811182,23.940506,28.636415,28.922852,31.594227,34.15376,33.05508,29.205545,27.450994,23.50968,21.396103,17.91669,17.18147,11.319981,12.746396,10.428519,13.644377,11.601259,16.548006,18.815731,21.26053,19.84419,23.790138,23.270208,27.510715,24.888529,29.832264,28.680113,33.89571,38.535267,36.115643,32.90704,32.465546,26.813747,28.181244,24.059595,26.371183
26,21.20037,17.199228,20.392921,17.304253,16.243872,21.082355,17.488722,24.305214,23.459332,27.492706,29.57427,32.705467,32.290894,30.192352,27.560776,24.239622,22.40312,18.360088,18.57679,13.471928,13.148173,14.713179,13.470889,9.781042,8.071206,5.235172,0.0,4.0964646,9.976796,12.405599,15.512132,18.431293,25.293774,27.289103,29.637856,33.018948,34.296722,32.275326,28.826706,24.82636,24.119272,18.0677,18.391756,12.686656,9.695223,6.49518,5.0908117,4.8556833,8.285264,10.385728,12.115115,15.658105,17.541605,20.851297,19.675497,24.14848,22.590128,24.92426,28.185728,28.38544,25.787788,26.40026,21.634085,22.028915,18.778482,19.291918,20.297905,18.222008,16.069698,15.180668,14.16889,12.885709,15.937889,16.342762,21.515156,21.45344,26.198965,27.079004,30.112394,32.74172,32.309593,28.695919,26.961775,23.02945,20.008318,17.451223,14.794989,8.847621,8.9689455,5.9136643,9.043285,7.9874234,12.801207,14.393817,17.016865,15.08207,19.19792,18.753843,23.034029,20.8286,25.547924,25.111458,30.109562,34.57622,32.310146,29.22827,28.358639,23.188108,24.466198,20.329348,23.081606
27,22.424006,18.17881,20.428299,16.736794,15.096737,19.437815,15.027806,21.690498,20.192682,24.29972,26.00583,29.338795,29.245817,27.083965,24.933569,21.328245,20.270908,15.898794,17.155357,12.230198,12.672458,15.270752,14.65587,10.735455,11.113138,7.7444143,4.0964646,0.0,7.4709525,8.692097,12.470177,14.582752,21.797249,23.634872,25.888535,29.306673,30.368752,28.311956,24.833303,20.846241,20.188543,14.063316,14.768958,9.233046,5.703941,3.3029191,2.5650418,5.699231,8.466013,10.198302,10.592636,14.683114,16.047796,18.828297,17.012346,21.35904,19.185099,21.564034,24.573536,24.755983,21.98685,22.933903,18.3126,18.837145,16.513695,16.700209,18.401201,16.306042,15.333121,13.982583,11.680226,9.953446,12.403316,12.811988,17.581818,17.50453,22.208279,23.06296,26.145365,28.73639,28.45874,24.946966,23.224697,19.323532,16.063002,13.887314,10.766795,5.2014046,6.038982,4.9152966,8.888088,10.338301,13.993371,15.019603,16.70043,14.051443,17.56646,16.326004,20.36439,17.467573,22.275646,21.351088,26.416973,30.983637,28.848703,25.726347,25.399261,20.063417,21.908846,18.066717,21.278952
28,20.747076,16.618412,17.935932,13.052038,12.162317,15.12384,11.405359,17.66843,16.078663,20.623528,21.487852,25.075113,24.24419,21.519096,19.384558,15.38875,14.236037,9.908213,10.682484,6.84768,7.2185545,11.388959,11.499911,8.561298,12.51042,10.220099,9.976796,7.4709525,0.0,4.8483987,5.666934,10.2541275,15.906477,18.1075,20.62054,23.791899,25.784061,24.17607,20.838537,17.08719,16.62972,11.206323,9.779629,5.0814524,6.824128,4.7011685,8.950545,10.596286,12.785315,15.162265,14.9704895,19.475958,21.216507,22.72588,19.415771,22.835667,19.556726,20.908089,23.553629,24.929363,21.7687,24.668388,20.817287,22.090221,21.69404,21.36579,23.996786,21.726059,21.975187,19.708609,15.853212,14.677804,14.900015,15.638203,18.090654,17.344471,21.464294,21.096611,23.709032,25.679695,24.731298,21.18005,18.265585,14.635066,12.359994,8.782907,8.741729,4.5403366,7.9095383,9.579819,13.222441,15.248679,17.72651,19.412548,19.458075,17.566967,19.833382,18.061113,21.59971,17.862173,23.037283,20.552572,25.991388,30.792519,27.97534,24.641489,25.267176,18.952702,21.088646,17.693096,20.175432
29,24.018751,19.83703,20.191624,15.399946,13.495916,15.672969,10.626251,16.164288,13.336946,17.82895,18.199526,22.077887,22.062748,19.437616,18.262054,13.953727,14.52515,9.915176,12.961158,9.942364,11.57956,15.685344,16.32845,13.293193,16.84006,13.964468,12.405599,8.692097,4.8483987,0.0,4.984251,6.146205,13.193885,15.077997,17.255146,20.64841,21.970953,20.11324,16.688684,12.887181,12.340351,6.4880753,6.342987,2.5924687,4.8334813,6.271431,9.574406,12.669475,14.210311,15.750436,14.380597,18.766724,19.608131,20.591206,16.947777,20.080069,16.09707,17.660172,19.778606,20.81511,17.465015,20.515371,17.028917,18.242352,18.956564,18.208021,21.357153,19.250938,20.59336,18.191769,13.533778,12.104953,11.19328,11.999307,13.411218,12.828281,16.801035,16.604652,19.4329,21.439125,20.997122,17.684599,14.958338,11.332016,8.081818,5.857786,3.949106,3.9808872,7.3254523,10.582013,13.901862,17.366943,19.173006,20.007349,19.493448,16.816557,18.315653,15.680213,18.635462,14.128509,19.131388,16.13097,21.526527,26.369368,23.932415,20.630295,21.933678,15.778661,18.725515,15.948941,19.141678
30,23.261393,19.423435,19.36833,14.166428,13.192506,14.121132,10.478734,15.14293,12.64079,17.26735,16.928757,20.872183,20.021318,16.879562,15.608886,11.031191,11.380133,7.252983,9.499402,8.386146,9.624734,14.072747,15.0252905,13.046559,17.818642,15.703101,15.512132,12.470177,5.666934,4.984251,0.0,6.362207,10.419715,12.729087,15.23015,18.269724,20.613777,19.28482,16.1261,12.794136,12.553438,8.490512,5.521965,5.095766,9.456415,9.579183,13.597277,15.7011,17.260056,19.269705,18.21258,22.63165,23.963871,24.53514,20.437305,22.969357,18.803703,19.493275,21.385395,23.307446,19.956482,24.034908,21.06224,22.638556,23.808956,23.042542,26.29691,24.114115,25.466215,22.824423,18.0861,17.05716,15.741188,16.566988,16.891838,15.850232,19.089062,17.911024,20.12718,21.529886,20.39063,17.109728,13.28972,10.16978,8.671023,4.932389,7.7082176,8.0037775,11.136635,14.138177,17.319157,20.297394,21.881504,23.261185,22.25408,20.316666,21.417068,18.960648,21.626858,17.191637,22.102497,18.40309,23.745468,28.543518,25.613462,22.297567,24.005617,17.511862,20.2298,17.777714,20.07245
31,28.501986,24.54718,23.922836,19.055006,17.106735,17.525335,12.6588,15.901496,11.574901,15.765588,14.193938,18.699738,19.280008,16.34931,16.821938,12.137821,14.908717,11.073072,15.142172,14.053317,15.839995,20.183748,21.049568,18.40504,22.6424,19.711948,18.431293,14.582752,10.2541275,6.146205,6.362207,0.0,8.560649,9.315987,11.584927,14.821657,15.92822,14.370762,10.654233,6.889807,7.6328373,3.651498,3.9572532,7.169695,9.561168,12.117859,14.987642,18.06339,18.866972,19.931118,17.706724,21.670471,22.005127,21.752756,17.364096,19.217293,14.289476,15.046314,16.087593,17.673641,14.172711,18.665611,16.498762,18.205378,20.852005,19.88408,23.592491,21.932968,24.41732,22.014643,16.81338,15.280389,12.781717,12.994938,11.514803,10.221757,12.87748,11.678759,14.128435,15.671813,15.224993,12.256742,9.052971,5.8546987,2.4238737,3.2858381,5.021004,9.993641,12.632878,16.382883,19.295607,23.310785,24.577173,25.03731,23.768404,20.928972,21.275064,17.89604,19.600653,14.245594,18.476374,13.852109,18.886686,23.68135,21.61117,18.454002,21.359552,15.509241,19.32007,17.83859,20.984158
32,29.497997,26.261732,24.186142,19.692987,18.330215,16.160234,13.520804,13.118412,9.09595,12.149168,8.538593,12.966763,12.6770315,9.118487,11.181494,7.0386324,11.829569,10.630377,14.689574,16.391365,18.636288,22.315836,24.443277,23.244541,28.080448,26.080088,25.293774,21.797249,15.906477,13.193885,10.419715,8.560649,0.0,5.9148827,5.463099,8.791996,11.54812,10.431286,9.136227,8.876538,7.569311,10.096954,7.22509,12.812984,17.599333,19.274061,22.749367,25.582745,26.760885,28.186125,26.184952,30.188683,30.51227,30.017534,25.458014,26.573273,21.392324,21.262905,21.102173,23.184797,19.84105,25.046854,23.935286,25.295471,28.738071,26.974209,30.865416,28.774685,31.711695,28.507454,23.080524,22.766512,19.466839,20.933342,17.452284,16.883238,17.525404,15.236498,16.411497,16.015306,15.372572,13.889794,8.198105,8.782664,9.142493,9.890544,12.56974,16.719795,18.669662,22.577806,24.84648,29.028145,29.221827,29.930511,27.459118,25.585855,24.74098,21.59704,22.295929,17.660833,21.04057,15.824367,19.96229,24.154758,21.122656,18.305407,21.8837,16.357008,19.613657,19.419268,21.116682
33,34.340992,30.90654,29.419216,24.617641,23.327696,21.762596,18.598219,18.884275,14.392943,17.21525,12.533821,17.174784,17.671844,14.245214,16.97909,12.89631,17.292608,15.562413,18.969748,20.282026,21.676136,25.925116,26.928314,25.165422,30.287252,27.71215,27.289103,23.634872,18.1075,15.077997,12.729087,9.315987,5.9148827,0.0,5.1387854,6.2534943,8.93335,9.560971,6.5730157,6.3349705,9.540611,11.679462,10.463111,15.686931,18.662176,20.856575,23.9924,26.532724,26.95143,28.023094,25.629614,29.202185,29.604195,28.229486,23.36908,23.514685,18.516867,17.497267,16.93245,19.834303,16.976664,22.952015,22.547384,24.742176,28.691639,27.730474,31.649538,30.309576,33.344326,30.879847,25.51842,24.162296,21.043747,20.852303,17.343758,15.420665,15.286133,12.063201,12.20664,11.670789,9.977797,8.529818,2.7932422,5.581248,8.616299,9.985246,14.201685,19.01928,21.638096,25.441906,28.214794,32.208473,33.14226,33.72682,31.791656,29.342175,28.830795,25.318853,25.926464,20.67868,23.692959,17.931997,21.58794,25.674505,23.821001,21.243528,25.641443,20.553276,24.37112,24.173418,26.437313
34,34.767906,31.539885,29.23841,24.942429,23.318827,20.938627,18.116936,16.640656,12.148549,13.757853,8.190978,12.574959,13.662647,10.770425,14.624439,11.571803,16.846815,15.938038,20.133083,21.750813,23.961296,27.753191,29.67523,28.198132,33.020782,30.669386,29.637856,25.888535,20.62054,17.255146,15.23015,11.584927,5.463099,5.1387854,0.0,4.1719975,6.137063,5.6871047,5.671331,8.04712,8.002443,12.658783,11.45598,17.23325,21.08956,23.448338,26.51291,29.561518,30.329832,31.337893,28.847301,32.45136,32.305073,31.148268,26.533491,26.803709,21.513916,20.953613,19.710781,21.75995,18.78403,24.292019,24.272259,25.712904,30.142881,28.339314,32.372448,30.713974,34.26253,31.276089,25.80465,25.27594,21.50179,22.474388,17.706772,17.008055,16.112486,13.351059,13.630416,12.192112,12.045315,11.993655,7.04622,9.779081,10.989975,13.320369,15.71563,20.918203,22.769659,26.839464,29.016634,33.54542,33.63992,33.93915,31.326937,29.107372,27.777542,24.268496,24.109823,19.336565,21.61422,15.8549185,18.812872,22.465214,20.252922,17.986319,22.696135,18.295418,21.941492,22.618538,24.513014
35,38.11801,35.000946,32.73759,28.380634,27.04694,24.46652,22.039286,20.370163,16.162437,17.434988,11.525271,15.282875,16.195007,13.371257,17.575972,14.857114,19.93193,19.381626,22.98612,25.026388,26.827145,30.703814,32.31029,30.937567,36.05032,33.670246,33.018948,29.306673,23.791899,20.64841,18.269724,14.821657,8.791996,6.2534943,4.1719975,0.0,4.8705854,7.056814,7.5089855,10.420353,11.949393,16.337866,15.170947,20.857117,24.365793,26.684954,29.78734,32.57091,33.080746,34.05882,31.50831,34.942787,34.94058,33.344517,28.585047,28.256243,23.194595,22.002878,20.395514,22.968416,20.437466,26.304123,26.769196,28.579323,33.240887,31.75386,35.787056,34.392563,37.958355,35.181618,29.72958,28.901543,25.219236,25.598429,20.831293,19.576334,18.100836,14.832538,14.076404,11.897384,11.013811,11.8442335,7.8241396,11.567971,13.986229,16.039429,19.30944,24.461012,26.59715,30.598738,32.956608,37.32513,37.62641,38.011757,35.466053,33.234913,31.944479,28.40768,28.150562,23.349422,25.364258,19.515732,21.939135,25.210754,23.436346,21.478518,26.467234,22.368895,25.972366,26.762375,28.521004
