,0,1,2,3,4,5,6,7,8,9,10,11,12,13,14,15,16,17,18,19,20,21,22,23,24,25,26,27,28,29,30,31,32,33,34,35,36,37,38,39,40,41,42,43,44,45,46,47,48,49,50,51,52,53,54,55,56,57,58,59,60,61,62,63,64,65,66,67,68,69,70,71,72,73,74,75,76,77,78,79,80,81,82,83,84,85,86,87,88,89,90,91,92,93,94,95,96,97,98,99,100,101,102,103,104,105,106,107
0,0.0,4.715078,7.144417,9.71405,13.141777,14.482096,18.127241,21.345636,23.78093,27.703012,32.058113,34.92208,33.350277,31.873096,26.99779,26.076513,22.321615,22.334105,18.71387,18.074091,16.831156,12.016095,15.7287035,18.06144,18.251598,20.081884,23.433077,24.812193,24.570574,29.020735,29.52617,33.59177,38.948128,39.849392,42.94803,45.667343,47.909836,46.40117,42.899864,38.57838,40.30877,35.70223,35.514645,30.536781,30.1368,26.883518,27.240725,22.445768,24.812418,22.514315,24.87692,27.696888,27.151768,26.927357,31.893806,34.52538,32.938435,36.71646,36.95763,36.13387,34.592766,34.320038,33.31682,35.953392,39.0602,39.156067,37.155647,41.05896,38.583096,41.189907,37.741,41.342403,38.81436,42.4237,40.91208,43.35031,44.136566,41.66518,45.701588,44.487232,40.422504,40.74071,36.87136,34.431236,33.661346,28.51295,29.031263,24.240246,25.973616,24.69685,26.3143,27.39094,28.62568,30.443249,27.116678,29.845112,29.343983,30.08285,32.100307,32.408424,35.626457,35.025043,36.059727,34.385857,34.98927,36.949375,35.630802,39.219967
1,4.715078,0.0,5.021306,6.901471,9.836594,12.662969,14.957447,19.145727,21.090073,25.5026,29.957727,32.606327,31.720499,30.519903,25.838179,24.760458,21.53552,21.027678,18.053257,16.69535,16.918148,11.623869,15.475432,16.822262,16.499779,18.097376,20.609911,22.010664,21.470634,26.412924,26.491465,31.148972,36.136677,37.66845,40.356586,43.2507,45.617085,43.853054,40.651203,36.401436,37.461433,32.89744,32.39812,27.127092,27.029219,23.477169,23.982367,18.938599,21.093313,18.447227,20.441607,23.325506,22.521711,22.606112,27.492868,30.218622,28.97998,32.839645,33.32095,32.632675,31.19456,30.457838,29.597815,32.15946,35.325886,35.732113,34.198017,38.30499,36.334003,38.874783,35.817192,39.54411,36.965984,40.87552,39.288124,42.074974,42.770424,40.27401,44.38602,43.126717,38.705338,38.579838,34.69498,32.125942,31.745468,26.200737,27.072084,22.406683,24.126135,23.296017,24.720362,26.30603,28.047379,30.090158,26.68029,29.536922,28.550344,29.86458,31.262548,31.887062,35.22433,34.969242,35.638733,34.444046,34.17668,36.42962,34.71325,38.392582
2,7.144417,5.021306,0.0,5.2284493,7.28206,8.6162815,12.085807,14.999546,17.66373,21.19066,26.188887,28.496082,27.424107,26.424877,21.504179,21.064983,17.894957,18.153242,15.729765,15.262037,16.007133,11.7682495,16.787804,18.227863,18.998154,19.384634,22.26849,22.577888,21.122564,26.21681,25.128843,30.02308,34.303577,35.580345,38.476463,41.029053,43.74786,42.273514,39.05964,35.00796,36.28602,32.15866,31.17041,26.433842,27.329002,23.66211,25.235634,20.00567,22.907015,20.43273,21.642185,23.708336,22.321507,21.224617,26.414513,28.774153,27.318214,30.909384,30.697008,30.490274,29.32997,29.433287,29.164532,32.221916,35.788395,36.68937,35.529728,39.378136,37.278934,39.25185,36.15887,39.44027,36.335316,40.039566,37.93529,40.569378,40.811916,37.987507,41.838844,40.11798,35.60582,35.695328,31.775673,29.61795,29.483057,24.002707,25.931438,21.579727,24.172882,24.032885,26.075592,27.990908,28.94577,30.569977,26.86779,28.847431,27.576849,28.059244,29.18579,29.072754,32.54936,32.667824,33.56651,33.102417,32.898804,35.655704,34.335648,38.30265
3,9.71405,6.901471,5.2284493,0.0,3.7459714,6.645935,8.542855,12.911594,14.456986,19.402658,23.23887,26.24094,25.357199,24.026114,19.679665,18.13903,15.254841,14.360087,11.98997,10.584053,12.280466,7.9947577,12.853982,13.671266,14.835857,14.50182,17.513351,17.4438,16.019262,21.004236,20.274242,24.977272,29.639122,30.980976,33.79702,36.536148,39.04021,37.44311,34.20755,30.067095,31.339308,27.066158,26.321905,21.563358,22.245512,18.713367,20.44524,15.326827,18.77923,16.962759,18.445293,20.000607,19.610922,18.08195,23.164299,25.521421,23.48106,27.155378,27.332548,26.442455,24.976522,25.078238,24.490295,27.581415,31.12057,31.88296,30.60961,34.315277,32.130253,34.030205,30.959215,34.260548,31.214846,35.024406,33.059452,35.849667,36.276176,33.636986,37.683655,36.322704,31.824862,31.691488,27.801966,25.297016,25.001406,19.442616,20.90923,16.504787,19.01029,19.068567,21.179163,23.334957,24.29323,25.974495,22.26854,24.394266,22.9238,24.07126,24.957554,25.53924,28.948647,29.03261,29.542519,29.045765,28.299215,31.044641,29.463303,33.420803
4,13.141777,9.836594,7.28206,3.7459714,0.0,5.35956,5.1256123,10.146819,11.347485,16.431925,20.49313,23.153654,22.81316,21.83248,17.70621,16.318153,14.186458,13.175896,12.074597,10.631982,13.786175,10.499689,15.105683,15.185152,16.421053,15.271306,17.578913,16.815533,14.535959,19.892786,18.027643,23.341202,27.222412,28.949585,31.514664,34.202175,36.97547,35.336098,32.358383,28.429,29.252666,25.314999,24.020264,19.400085,20.98087,17.226576,19.739748,14.570737,18.175755,16.357052,16.959736,17.87704,17.007345,14.815061,20.010538,22.197659,20.240952,23.828783,23.8225,23.281591,22.059069,22.294512,22.19966,25.510279,29.295933,30.570383,29.881483,33.527424,31.68807,33.1981,30.463047,33.563427,30.247484,34.125572,31.857693,34.8084,34.927887,32.13292,36.067482,34.457874,29.658613,29.25502,25.360296,22.980675,23.180502,17.383392,19.80037,15.909683,18.804817,19.630287,21.810034,24.398628,25.287527,26.859993,23.105556,24.795563,22.851381,23.993196,24.193419,24.65494,28.145445,28.687016,29.005915,29.250744,27.88097,31.042122,29.39695,33.47714
5,14.482096,12.662969,8.6162815,6.645935,5.35956,0.0,6.239484,6.9295,9.835819,13.373595,17.716377,20.463118,19.093739,17.907988,13.235235,12.515879,9.800332,10.304514,9.427223,10.032194,12.497016,11.090361,16.326853,17.217442,19.652925,17.859293,21.169678,19.53668,16.905275,21.531761,19.054071,23.723574,27.208303,27.951889,31.14533,33.28517,36.25756,35.17798,31.908396,28.153296,29.900696,26.442694,25.05262,21.507147,23.596336,20.267342,23.38086,18.588722,22.73678,21.392834,21.913816,22.183687,21.279222,17.925955,23.086163,24.71133,22.13533,25.20072,24.240623,23.94025,22.88328,24.528301,24.797699,28.513807,32.472527,33.82219,33.010635,36.1631,33.76178,34.7662,31.677465,34.175003,30.414164,33.7624,31.04827,33.50893,33.243275,30.136595,33.74496,31.719524,27.153196,27.431993,23.522821,21.732506,21.755121,16.576069,19.73764,16.213472,19.94618,21.019691,23.884176,26.293625,26.020088,26.969965,23.047865,23.657581,21.809988,21.536633,21.923664,21.298302,24.879768,25.56689,26.40511,27.089695,26.463223,29.907236,29.016134,33.277046
6,18.127241,14.957447,12.085807,8.542855,5.1256123,6.239484,0.0,6.723564,6.455586,12.366242,15.8190365,18.5056,18.691431,17.909748,14.515409,12.831611,11.9887705,10.509813,11.330308,10.057914,14.655427,13.104469,17.145842,16.537497,18.35799,15.918041,17.77551,15.686083,12.30709,17.513498,14.134304,19.81196,22.74309,24.636192,27.054533,29.591326,32.62335,31.065338,28.291485,24.657516,25.259409,21.872252,19.996904,16.070232,18.860735,15.254063,18.954998,14.316367,18.376757,17.267126,17.000137,16.485903,15.7256155,11.872322,16.937845,18.592995,16.051416,19.338293,18.95878,18.497309,17.458742,18.497726,19.001451,22.731327,26.806915,28.599388,28.46326,31.708626,30.018425,30.84011,28.4062,31.026775,27.316345,31.10108,28.430176,31.461443,31.200409,28.252342,32.02877,30.215897,25.172918,24.518755,20.648945,18.422869,19.11893,13.253321,16.890846,13.960542,17.425457,19.280073,21.715014,24.707483,25.09547,26.328203,22.593178,23.48358,20.994778,22.02606,21.33177,21.721107,25.198282,26.27329,26.306084,27.49081,25.389116,29.03928,27.462858,31.659475
7,21.345636,19.145727,14.999546,12.911594,10.146819,6.9295,6.723564,0.0,4.6576214,6.5309687,11.437081,13.581482,12.808699,12.335234,8.301306,8.436217,8.323332,9.265234,11.553331,12.633963,16.437187,16.651592,21.17847,21.283937,24.00875,21.128962,23.689463,20.840092,17.126596,21.301655,16.77246,21.65123,23.22617,24.040632,27.026365,28.67895,32.188572,31.381428,28.51289,25.406742,26.823156,24.44088,22.124395,19.88292,23.515596,20.453287,24.729647,20.546173,24.83338,23.936455,23.353146,22.254223,20.981007,16.08683,20.718433,21.461653,18.579306,20.833729,18.838459,19.295372,18.863667,21.74679,23.034311,27.120422,31.35718,33.45891,33.48188,36.14126,34.0672,34.14065,31.546738,33.303894,29.00903,32.071697,28.68814,31.113424,30.090239,26.628454,29.753925,27.086672,22.12425,22.23427,18.423119,17.390448,18.33958,13.60271,18.731106,16.776752,21.049826,23.279833,26.310946,29.147266,28.355795,28.85993,25.044802,24.493446,21.991562,21.167603,20.223598,18.906893,22.466845,24.12031,24.720827,26.972958,25.505127,29.646772,29.000393,33.36018
8,23.78093,21.090073,17.66373,14.456986,11.347485,9.835819,6.455586,4.6576214,0.0,7.1975203,9.416201,12.302023,12.719168,12.17871,10.021259,8.351239,9.7655735,8.669191,12.010257,12.029243,16.864468,17.364641,20.994265,20.270039,22.895575,19.437052,21.298233,17.883753,13.781212,17.676939,12.425839,17.601976,18.798801,20.195524,22.788345,24.711725,28.196474,27.126041,24.484207,21.456678,22.353916,20.137989,17.56545,15.617863,19.754374,16.92616,21.640139,18.038158,22.347328,22.023582,21.161036,19.265192,18.659765,13.206422,17.331875,17.839615,14.366699,16.560278,14.900125,14.776354,14.215926,17.322443,18.730427,22.893187,27.151344,29.430027,29.767597,32.228947,30.434177,30.22463,27.9994,29.661127,25.355736,28.600348,25.230816,28.000917,27.018019,23.712788,27.02282,24.671494,19.423698,18.851313,15.015126,13.5483055,14.917857,9.820336,15.4354315,14.239292,18.353676,21.154972,23.997648,27.107203,26.45897,27.000143,23.387798,22.843111,19.931778,20.00135,18.26377,17.887236,21.269396,23.114729,23.059103,25.617218,23.114197,27.372349,26.342157,30.624979
9,27.703012,25.5026,21.19066,19.402658,16.431925,13.373595,12.366242,6.5309687,7.1975203,0.0,7.4671593,7.47888,7.5584116,8.771681,6.7733965,8.935091,11.310037,12.801122,16.423323,17.89829,21.794296,22.846516,27.040499,26.879227,29.753227,26.388836,28.492218,24.99833,20.85495,24.261362,18.429304,22.863077,22.253803,22.864214,25.568928,26.428156,30.459444,30.114786,27.7544,25.544842,26.707363,25.608818,22.556839,21.867956,26.51958,23.892256,28.747686,25.17207,29.332823,28.70248,27.38775,25.404093,23.773914,18.120844,21.755978,21.496916,18.659603,19.67277,16.305943,17.924112,18.37028,22.427795,24.642918,28.821968,33.11908,35.8029,36.494514,38.64046,36.83069,36.083347,33.940365,34.9169,30.272911,32.82135,28.87732,31.016842,29.175797,25.42894,27.73795,24.275824,19.192196,19.324955,15.989498,16.296518,18.157408,14.833967,21.079641,20.549929,24.905153,27.755098,30.835331,33.81368,32.559467,32.644527,29.041962,27.51735,24.743578,23.194643,21.271893,19.046055,22.253023,24.750387,25.274475,28.854822,26.998531,31.547556,31.30315,35.589466
10,32.058113,29.957727,26.188887,23.23887,20.49313,17.716377,15.8190365,11.437081,9.416201,7.4671593,0.0,5.6288,5.533046,5.4767766,8.381506,7.702308,12.023115,12.134172,16.787678,18.14847,22.148428,24.576796,27.613478,26.986898,30.357515,26.185522,28.209328,23.852758,19.836323,21.492506,15.537119,18.19117,16.506191,16.09302,19.0739,19.414019,23.449009,23.568806,21.1845,19.568043,21.342493,21.228025,18.341034,19.608652,24.355652,22.817352,27.936806,25.549944,29.930387,30.3641,29.263582,26.393717,26.159689,20.11853,22.677156,21.832321,17.758905,17.843681,14.442011,14.667563,14.925333,20.472939,22.561668,26.716753,30.759449,33.294704,33.95692,35.21524,33.15609,31.588871,29.627384,29.720104,24.878412,26.810667,22.556396,24.428782,22.189135,18.40356,20.458328,17.011333,11.770368,11.97282,8.800185,10.032699,12.138442,10.985649,17.292332,18.442507,22.590324,25.984905,29.127478,32.050583,30.049578,29.593735,26.451525,23.964354,20.973011,19.313255,16.288027,14.297294,16.928274,19.95107,19.879665,24.42258,21.84197,26.57365,26.636284,30.700563
11,34.92208,32.606327,28.496082,26.24094,23.153654,20.463118,18.5056,13.581482,12.302023,7.47888,5.6288,0.0,5.492623,8.353517,10.824732,12.318554,16.223103,17.07365,21.51315,22.876793,26.977835,28.843752,32.33622,31.706503,34.733345,30.787792,32.367283,28.21174,23.94685,26.106422,19.557772,22.840212,19.81176,20.112566,22.231369,22.124107,26.532257,26.71274,25.075619,24.061169,24.882713,25.340708,21.825857,23.10366,28.391672,26.554617,31.779243,29.178753,33.20145,33.19189,31.4348,28.481213,27.249035,21.19637,23.355642,22.037249,18.97384,18.39269,13.984238,16.126734,17.352364,22.567795,25.409683,29.445332,33.546745,36.627903,37.91368,39.294537,37.76541,36.071003,34.531918,34.571304,29.76883,31.656084,27.318684,29.139662,26.516323,22.75406,24.077433,20.061628,15.062837,14.9008875,12.664777,14.550473,17.25568,16.04587,22.535213,23.604752,27.69175,31.123728,34.116665,37.18151,35.487053,35.150303,31.972355,29.592056,26.586258,24.836153,21.805683,19.409088,21.817207,25.043898,25.100964,29.898302,27.318405,32.063484,32.103886,36.09892
12,33.350277,31.720499,27.424107,25.357199,22.81316,19.093739,18.691431,12.808699,12.719168,7.5584116,5.533046,5.492623,0.0,3.6431768,6.860771,9.253538,12.927105,14.839516,19.008265,21.286282,24.495209,27.06267,30.679197,30.654736,34.216465,30.303225,32.823742,28.681067,24.72851,26.636168,20.930923,23.438225,21.71426,20.611769,23.804873,23.486015,27.556517,28.193497,25.801163,24.443844,26.644773,26.66043,23.860971,25.007141,29.643625,27.905249,32.93297,30.129168,34.58015,34.63194,33.538307,31.016985,30.145792,24.17464,27.049059,26.182302,22.623924,22.595016,18.647987,19.775274,20.3208,25.751396,27.967125,32.140713,36.228737,38.783104,39.3448,40.636765,38.36621,36.81411,34.62057,34.54013,29.649893,31.14989,26.774666,28.038681,25.461586,21.522863,22.793575,18.635145,14.291684,15.597528,13.158969,15.104344,16.735289,16.026001,22.051186,22.779072,27.148766,30.24538,33.608273,36.3477,34.016396,33.352795,30.105833,27.242172,24.617252,21.737856,19.31087,15.8140745,18.296314,21.420067,22.132658,26.837366,25.341742,30.005772,30.66591,34.735943
13,31.873096,30.519903,26.424877,24.026114,21.83248,17.907988,17.909748,12.335234,12.17871,8.771681,5.4767766,8.353517,3.6431768,0.0,5.4444933,6.5398517,10.309988,12.177662,16.292414,18.8364,21.666725,24.756994,28.098188,28.224415,32.073933,28.077568,31.016455,26.821232,23.153278,24.67089,19.625643,21.50823,20.747854,18.970617,22.743073,22.573298,26.308485,27.020267,24.143936,22.460905,25.415714,25.090033,22.821608,23.948763,28.086096,26.570227,31.425226,28.748728,33.41028,33.715443,33.084007,30.69163,30.39095,24.513018,27.609247,27.013231,22.978664,23.290295,19.871784,20.05049,20.061958,25.56164,27.276348,31.460884,35.460064,37.619804,37.722767,38.900352,36.21901,34.75838,32.2282,32.121265,27.249363,28.629087,24.340248,25.44569,23.103416,19.167723,20.773462,16.959677,12.841326,14.693265,11.977776,13.563538,14.4473095,14.059265,19.578423,20.260817,24.651047,27.602236,31.101837,33.657173,30.997873,30.17082,26.960554,23.885612,21.412441,18.199924,15.994002,12.279485,14.91902,17.905886,18.763891,23.309315,22.156744,26.752363,27.610313,31.695591
14,26.99779,25.838179,21.504179,19.679665,17.70621,13.235235,14.515409,8.301306,10.021259,6.7733965,8.381506,10.824732,6.860771,5.4444933,0.0,5.0232053,6.831948,10.078974,13.339074,16.215517,18.73509,21.141829,25.207775,25.793892,29.48608,26.022776,29.323383,25.710726,22.13651,24.684301,20.075575,22.99473,23.583895,22.476875,26.273918,26.765734,30.367012,30.613771,27.49353,25.078022,27.874249,26.560658,24.434,24.155712,27.92153,25.773,30.328285,26.898193,31.564636,31.324837,30.929781,29.252352,28.506334,23.030626,26.94245,26.92805,23.29744,24.444834,21.398607,21.773983,21.55295,26.174067,27.633171,31.86534,36.002834,38.009068,37.830772,39.617683,36.881554,36.12743,33.26881,33.90682,29.205637,31.141073,27.196022,28.61481,26.851873,23.039738,25.250404,21.865528,17.686054,19.199293,15.922212,16.413597,16.975018,14.797279,20.108152,19.44442,24.020914,26.4789,30.016598,32.51691,30.285147,29.843277,26.265526,23.978052,21.721954,18.728981,17.590206,14.18146,17.426607,19.658976,20.918827,24.323505,23.776037,28.155863,28.721054,33.00454
15,26.076513,24.760458,21.064983,18.13903,16.318153,12.515879,12.831611,8.436217,8.351239,8.935091,7.702308,12.318554,9.253538,6.5398517,5.0232053,0.0,4.4429283,5.72349,9.832758,12.349502,15.28143,18.25156,21.591305,21.83096,25.733164,21.904272,25.275776,21.401388,18.048101,20.02858,15.985725,18.34814,19.888243,18.621603,22.654963,23.58249,26.814135,26.843763,23.41228,20.608566,23.767658,22.099718,20.461084,20.244396,23.578474,21.799936,26.27015,23.279823,28.108267,28.40531,28.388203,26.537271,26.731853,21.32829,25.084496,25.239841,20.998785,22.393541,20.106989,19.280985,18.463976,23.083857,24.007673,28.181675,32.166435,33.82508,33.337128,34.958797,32.010193,31.29024,28.303236,29.003912,24.365885,26.452726,22.695097,24.344015,23.003632,19.379328,22.24488,19.602922,15.323166,16.600286,13.013856,12.64418,12.596233,10.278842,15.1604805,14.666079,19.216236,21.800737,25.36621,27.860516,25.509176,25.044786,21.530272,19.266779,16.830462,14.417525,13.074046,10.702189,14.197952,16.190012,16.977716,20.120152,19.077244,23.464071,23.791645,28.100588
16,22.321615,21.53552,17.894957,15.254841,14.186458,9.800332,11.9887705,8.323332,9.7655735,11.310037,12.023115,16.223103,12.927105,10.309988,6.831948,4.4429283,0.0,4.6101437,6.639089,10.084169,11.939125,14.87068,18.656197,19.580643,23.596336,20.277136,24.338465,21.069628,18.238829,20.64112,17.763676,20.227228,23.100098,21.849922,26.022152,27.25468,30.154097,30.029087,26.31215,23.031052,26.44386,24.013102,22.90107,21.716482,24.224476,22.188032,26.09577,22.655785,27.528572,27.555693,28.097853,26.972559,27.179607,22.363848,26.665651,27.333399,23.317009,25.298067,23.460882,22.482464,21.359385,25.227821,25.646677,29.70947,33.624058,34.87354,33.853775,35.803444,32.551865,32.433292,29.012928,30.195942,25.854883,28.106033,24.78487,26.375864,25.564465,22.185322,25.316233,23.078064,19.228107,20.643534,17.034182,16.11697,15.419805,12.46547,16.067802,14.283663,18.773018,20.626696,24.285736,26.485384,24.206207,23.912294,20.182655,18.48138,16.576708,14.075706,14.146232,12.019654,15.604737,16.704424,17.9705,19.85112,19.81169,23.73401,24.05772,28.387993
17,22.334105,21.027678,18.153242,14.360087,13.175896,10.304514,10.509813,9.265234,8.669191,12.801122,12.134172,17.07365,14.839516,12.177662,10.078974,5.72349,4.6101437,0.0,4.7454634,6.7088356,10.014962,13.041499,15.947766,16.139416,20.177465,16.393808,20.23659,16.676073,13.942295,16.0445,13.654865,15.9882965,19.714865,18.874485,22.864683,24.634317,27.235613,26.706348,22.9366,19.293922,22.552748,19.705528,18.936197,17.549696,19.724844,17.923452,21.813517,18.778109,23.730936,24.24435,24.968052,23.60677,24.603968,19.938868,23.954798,24.755388,20.40517,22.608362,21.528013,19.674505,18.092035,21.63725,21.61258,25.572954,29.35966,30.408674,29.279715,31.199984,27.980907,27.95229,24.581287,26.01253,21.786676,24.447382,21.396984,23.470701,23.10882,20.035051,23.74097,22.194384,18.147717,18.914846,15.190082,13.331,12.321936,8.632919,11.6380415,9.748644,14.289819,16.444975,20.0469,22.449648,20.4009,20.32035,16.5905,15.344531,13.011283,12.066273,11.70556,11.489785,14.99215,15.865414,16.30162,17.821745,16.725758,20.645056,20.349886,24.722416
18,18.71387,18.053257,15.729765,11.98997,12.074597,9.427223,11.330308,11.553331,12.010257,16.423323,16.787678,21.51315,19.008265,16.292414,13.339074,9.832758,6.639089,4.7454634,0.0,4.272952,5.5246315,8.9189825,12.071877,13.174297,17.430485,14.331966,19.082867,16.428194,14.698482,16.978819,16.320877,18.407864,23.371801,22.504278,26.522682,28.539019,30.724543,30.055092,26.07375,22.070187,25.525396,21.96805,21.891321,19.60378,20.565557,18.661373,21.615967,18.277107,23.147417,23.483017,24.985182,24.472237,25.674974,21.858387,26.218594,27.519918,23.457733,26.137238,25.538506,23.509058,21.66578,24.3367,23.68319,27.348625,30.905796,31.383924,29.57877,31.79575,28.2353,28.924837,25.111664,27.077194,23.364641,26.12351,23.696186,25.65227,25.892452,23.185715,27.06934,25.969,22.378685,23.28795,19.659376,17.50929,15.96757,12.284574,13.295755,9.908901,13.855387,14.844222,18.471682,20.408892,18.491713,18.677624,14.773528,14.509699,13.018544,12.40969,13.659142,13.90117,17.175491,17.070524,17.847609,17.764664,17.758066,20.899952,20.525589,24.765484
19,18.074091,16.69535,15.262037,10.584053,10.631982,10.032194,10.057914,12.633963,12.029243,17.89829,18.14847,22.876793,21.286282,18.8364,16.215517,12.349502,10.084169,6.7088356,4.272952,0.0,5.568382,7.1613207,9.4892645,9.589208,13.61168,10.257243,14.82314,12.344622,10.955574,13.642431,13.847258,16.369316,22.038542,22.044044,25.531351,28.103868,30.07153,28.873014,25.0792,20.80236,23.552528,19.417261,19.597101,16.46984,16.835732,14.796112,17.43404,14.101871,18.961912,19.515408,21.268847,20.86884,22.628965,19.358658,23.545513,25.146835,21.20381,24.246279,24.424967,21.949886,19.818983,21.566978,20.442965,23.871872,27.294886,27.59343,25.715002,28.24616,24.954027,26.059258,22.418447,24.984636,21.618938,24.97683,22.989248,25.502031,26.162226,23.7934,28.03456,27.381598,23.539326,23.74446,20.105146,17.28405,15.866198,11.371912,11.363892,7.0316095,10.568006,11.509757,14.878514,17.148602,16.16601,17.013863,13.112835,14.186538,12.424482,13.886288,14.703758,16.335814,19.420246,19.233015,19.302746,18.78915,17.720982,20.600008,19.320911,23.472858
20,16.831156,16.918148,16.007133,12.280466,13.786175,12.497016,14.655427,16.437187,16.864468,21.794296,22.148428,26.977835,24.495209,21.666725,18.73509,15.28143,11.939125,10.014962,5.5246315,5.568382,0.0,5.7156982,7.410968,9.657383,14.145997,11.943924,17.518974,15.967881,15.732031,17.492058,18.945429,20.289373,26.505322,25.61522,29.533546,31.869993,33.449585,32.573483,28.43381,24.128021,27.73572,23.530178,24.366821,21.476625,20.891262,19.308994,20.966528,17.917719,22.43357,22.951653,25.407124,25.626686,27.476372,24.655933,28.947266,30.663296,26.755922,29.770815,29.853163,27.31606,25.115974,26.90763,25.448298,28.608606,31.70583,31.393368,28.750322,31.09268,27.145859,28.602299,24.397873,26.897604,23.955368,26.77222,25.209625,27.088308,28.101633,25.978441,30.096916,29.72083,26.625584,27.486874,24.042553,21.479328,19.391872,16.009085,14.82453,10.594621,13.04093,12.446647,15.83715,17.0234,15.286119,15.839967,12.052335,13.315797,12.922868,13.448574,15.919166,17.20487,19.946625,18.847218,19.55009,17.625559,18.393036,20.408297,19.756136,23.608438
21,12.016095,11.623869,11.7682495,7.9947577,10.499689,11.090361,13.104469,16.651592,17.364641,22.846516,24.576796,28.843752,27.06267,24.756994,21.141829,18.25156,14.87068,13.041499,8.9189825,7.1613207,5.7156982,0.0,5.5774684,7.9492664,10.962184,10.336437,15.391811,15.229581,15.264604,18.420774,19.92312,22.607563,28.789047,29.014133,32.366043,35.113853,36.861088,35.48719,31.694595,27.268291,29.783785,25.141474,25.691343,21.543701,20.687403,18.321903,19.28135,15.376155,19.341438,19.062479,21.802893,22.964941,24.428726,22.651358,27.192707,29.401886,26.273148,29.781929,30.29714,28.122353,26.00778,26.610836,25.05707,27.942602,31.011177,30.745968,28.262924,31.390388,28.124445,30.250618,26.436869,29.685059,27.074018,30.50325,29.149244,31.531588,32.618828,30.489601,34.749584,34.230713,30.580776,30.90277,27.247921,24.421026,22.939817,18.430834,17.620344,12.777111,14.563198,13.487928,15.988405,17.360754,17.488832,19.005648,15.417239,18.02301,17.396122,18.898636,20.860346,22.28423,25.235895,24.39898,24.892424,23.029037,23.1201,25.039827,23.648779,27.346006
22,15.7287035,15.475432,16.787804,12.853982,15.105683,16.326853,17.145842,21.17847,20.994265,27.040499,27.613478,32.33622,30.679197,28.098188,25.207775,21.591305,18.656197,15.947766,12.071877,9.4892645,7.410968,5.5774684,0.0,4.040344,7.598646,7.469849,12.994853,13.524605,15.117202,16.859108,20.327078,21.75177,28.863401,28.969664,32.12782,35.132618,36.211754,34.658813,30.81667,26.272306,28.917097,23.932314,25.443369,21.379185,19.046268,17.58745,17.34259,14.704045,18.23347,18.92187,22.407381,23.55937,26.196423,24.945385,28.858673,31.131971,27.787012,31.27228,32.44615,29.467499,26.971033,27.09811,24.752262,27.064983,29.528124,28.435242,25.156265,28.06812,24.434977,27.065414,23.058832,26.631695,24.7955,28.215874,27.678818,30.05727,31.816872,30.310673,34.774124,35.050747,31.859083,32.014294,28.658535,25.454819,23.461529,19.622211,16.875395,12.174053,12.197742,9.751166,11.694926,12.341591,12.898038,14.888134,11.852004,15.794943,15.782116,18.637808,20.890968,23.487183,25.925808,24.533253,24.550251,21.611973,21.581142,22.567068,20.713533,23.90004
23,18.06144,16.822262,18.227863,13.671266,15.185152,17.217442,16.537497,21.283937,20.270039,26.879227,26.986898,31.706503,30.654736,28.224415,25.793892,21.83096,19.580643,16.139416,13.174297,9.589208,9.657383,7.9492664,4.040344,0.0,4.890207,3.4890277,9.059778,9.738022,11.954469,13.514562,17.610184,19.077059,26.30497,27.001822,29.681555,32.97868,33.932793,32.042763,28.462095,23.909,25.924011,20.749254,22.41303,18.080194,15.248432,13.962923,13.370047,11.2128315,14.710425,15.99051,19.511179,20.379423,23.62308,22.606382,26.061563,28.356298,25.043304,28.550505,30.208914,26.914547,24.295773,23.877323,21.226372,23.283283,25.589725,24.414757,21.188229,24.258898,20.940363,23.718874,20.029482,23.942398,22.306156,26.124805,25.788872,28.579363,30.462997,29.147205,33.74763,34.244785,30.871027,30.530062,27.279572,23.788877,21.988623,18.00119,14.764626,10.233619,9.319013,6.897152,8.347203,9.77925,11.476005,13.981237,11.148455,15.566505,15.021667,19.012444,20.520561,23.794802,26.167364,25.031872,24.493784,21.904888,20.707655,21.7607,19.219791,22.337791
24,18.251598,16.499779,18.998154,14.835857,16.421053,19.652925,18.35799,24.00875,22.895575,29.753227,30.357515,34.733345,34.216465,32.073933,29.48608,25.733164,23.596336,20.177465,17.430485,13.61168,14.145997,10.962184,7.598646,4.890207,0.0,4.87428,7.1726213,10.308364,13.227904,15.264877,19.6259,21.661192,28.69042,30.200846,32.282417,35.883152,36.759476,34.45846,31.279194,26.803083,27.830183,22.472336,24.097336,18.999758,15.500801,13.994025,11.850459,9.856298,11.850139,12.930932,17.086357,18.822887,22.267578,22.545952,25.66377,28.317505,25.732,29.479387,31.7087,28.516285,25.951372,24.317303,21.3735,22.751669,24.634409,23.188791,19.960789,23.685438,21.20466,24.655462,21.582521,26.02549,24.96854,29.103178,29.123539,32.207977,34.229607,33.073677,37.727715,38.299343,34.699486,33.937767,30.7078,27.062717,25.637,21.29405,18.176191,13.96192,12.292107,9.824451,9.325338,10.5670595,14.25581,17.285625,15.125101,19.963602,19.370312,23.769285,25.00115,28.429327,30.827625,29.788946,29.06828,26.473103,24.856535,25.67696,22.65456,25.350006
25,20.081884,18.097376,19.384634,14.50182,15.271306,17.859293,15.918041,21.128962,19.437052,26.388836,26.185522,30.787792,30.303225,28.077568,26.022776,21.904272,20.277136,16.393808,14.331966,10.257243,11.943924,10.336437,7.469849,3.4890277,4.87428,0.0,5.811538,6.4020324,9.141648,10.772453,15.162948,16.906713,24.011887,25.339502,27.54118,31.071514,32.014088,29.824305,26.543682,22.046103,23.345758,18.058083,19.689661,15.048919,11.923759,10.647237,9.919932,8.138183,11.74662,13.586182,16.932014,17.415648,21.138496,20.26478,23.291023,25.57868,22.331022,25.845152,27.897211,24.411446,21.738115,20.811548,17.960436,19.851305,22.121853,21.041962,18.074066,21.360289,18.504654,21.285313,18.035202,22.176682,20.597765,24.779144,24.485474,27.652689,29.513897,28.286669,32.94181,33.51541,29.924831,29.127396,25.967007,22.28971,20.79995,16.633108,13.31021,9.193691,7.6170144,6.034159,6.8126426,9.325012,11.844146,14.525692,11.927391,16.23566,15.116303,19.762613,20.518349,24.168024,26.51934,25.713575,24.763544,22.70952,20.502468,21.775047,18.736818,21.826754
26,23.433077,20.609911,22.26849,17.513351,17.578913,21.169678,17.77551,23.689463,21.298233,28.492218,28.209328,32.367283,32.823742,31.016455,29.323383,25.275776,24.338465,20.23659,19.082867,14.82314,17.518974,15.391811,12.994853,9.059778,7.1726213,5.811538,0.0,5.0097723,8.661861,10.312553,14.885939,17.145716,23.600359,26.169853,27.315338,31.241058,32.05511,29.273031,26.7256,22.528578,22.19366,16.867056,18.399776,13.035902,8.936163,7.726589,4.687081,4.776988,6.66566,9.731421,13.080654,13.481148,18.135128,18.435171,20.433397,22.9039,20.345078,23.916862,26.86428,23.25895,20.636532,18.098454,14.738421,15.680571,17.466286,16.267357,13.724773,17.810854,16.378193,19.55834,17.50451,22.093487,21.102556,25.718885,25.761381,29.415844,31.319855,30.355946,34.992146,35.72197,31.871592,30.323318,27.397972,23.551401,22.689007,18.421295,15.308688,12.430501,10.033132,9.503705,8.155222,11.050864,15.083461,18.006231,16.165873,20.41212,18.895346,24.141624,24.069008,28.071032,30.331947,29.880497,28.450468,26.888556,23.592571,24.835367,21.143183,23.76409
27,24.812193,22.010664,22.577888,17.4438,16.815533,19.53668,15.686083,20.840092,17.883753,24.99833,23.852758,28.21174,28.681067,26.821232,25.710726,21.401388,21.069628,16.676073,16.428194,12.344622,15.967881,15.229581,13.524605,9.738022,10.308364,6.4020324,5.0097723,0.0,4.4488363,5.5800347,10.1566,12.275111,18.804375,21.209044,22.532644,26.373035,27.359068,24.732138,22.028927,17.787579,17.76331,12.4546995,13.883492,8.999776,5.6465173,4.6917753,5.5306406,5.703711,9.550229,12.521455,14.583319,13.424038,17.98075,16.68672,18.65951,20.609888,17.141825,20.414654,23.051085,19.10296,16.3253,14.853292,11.699602,13.615604,16.114668,15.6207,13.651174,16.92299,14.985779,17.074753,14.823781,18.875216,17.082605,21.742317,21.280325,25.026346,26.651169,25.535915,30.139715,30.78918,26.914982,25.331041,22.461857,18.591867,17.744743,13.660339,10.550054,8.346634,6.3989177,7.9102616,8.101073,11.6936655,14.014855,16.284626,14.104633,17.334738,15.215435,20.417976,19.729542,23.807985,26.010326,25.876335,24.25768,23.43314,19.555016,21.394106,17.84445,20.915506
28,24.570574,21.470634,21.122564,16.019262,14.535959,16.905275,12.30709,17.126596,13.781212,20.85495,19.836323,23.94685,24.72851,23.153278,22.13651,18.048101,18.238829,13.942295,14.698482,10.955574,15.732031,15.264604,15.117202,11.954469,13.227904,9.141648,8.661861,4.4488363,0.0,5.899142,6.6221447,10.858293,16.264154,19.023188,20.434412,24.102701,25.76975,23.290276,20.678448,16.597418,16.341702,11.561455,11.5637665,6.403666,6.697536,4.016716,8.284055,6.6514463,11.130165,13.172497,14.014539,12.014826,15.724558,13.198007,15.552151,17.256155,13.419448,16.753843,18.953651,15.339936,12.72538,12.008214,9.887244,12.983929,16.42016,17.175306,16.4317,19.437662,17.854961,18.957645,16.970776,20.275282,17.537495,22.094967,20.728773,24.532,25.48118,23.825857,28.273874,28.306963,23.94384,22.23822,19.128202,15.388493,15.199913,10.296058,9.335187,7.537751,8.044266,10.78904,12.06199,15.640445,16.955952,18.67657,15.979323,18.056786,15.343267,19.659683,18.33853,21.77614,24.272264,24.72274,23.241081,23.48641,19.41184,22.145266,19.08554,22.626047
29,29.020735,26.412924,26.21681,21.004236,19.892786,21.531761,17.513498,21.301655,17.676939,24.261362,21.492506,26.106422,26.636168,24.67089,24.684301,20.02858,20.64112,16.0445,16.978819,13.642431,17.492058,18.420774,16.859108,13.514562,15.264877,10.772453,10.312553,5.5800347,5.899142,0.0,7.1443305,6.8594985,13.87944,15.972122,17.23021,21.070652,21.831837,19.279556,16.470211,12.249765,12.590236,7.2880316,9.502477,6.971735,4.7913184,6.5828834,9.255104,10.716335,14.246169,17.41102,18.578833,16.139082,20.63826,18.108751,19.360773,20.471336,16.097662,18.501696,20.935863,16.260681,13.253091,13.234714,10.273997,12.59188,15.125807,14.943962,13.421502,15.220625,12.791899,13.377682,11.186293,14.386068,11.943468,16.650766,15.961204,19.886145,21.431751,20.534456,25.087101,26.075176,22.510153,20.740341,18.323536,14.40654,13.369486,10.684697,6.5715747,7.3281064,5.577489,9.076251,9.996193,13.356393,13.903342,15.2139435,13.424307,15.181902,12.520997,17.888367,16.249895,20.80529,22.552876,22.70159,20.556423,20.523697,15.5986,17.787378,14.243931,17.393267
30,29.52617,26.491465,25.128843,20.274242,18.027643,19.054071,14.134304,16.77246,12.425839,18.429304,15.537119,19.557772,20.930923,19.625643,20.075575,15.985725,17.763676,13.654865,16.320877,13.847258,18.945429,19.92312,20.327078,17.610184,19.6259,15.162948,14.885939,10.1566,6.6221447,7.1443305,0.0,6.7936263,9.947434,13.241296,14.362174,17.877428,20.058167,17.74012,15.421939,11.936095,11.247122,7.9501357,6.106072,4.5391917,8.92623,8.246041,13.295088,12.864188,16.683458,18.713028,18.300571,14.863563,17.85919,13.622515,14.919242,15.310543,10.262557,12.36879,14.032773,9.692236,6.8552365,8.976474,8.454165,12.427248,16.235588,18.055637,18.484386,20.238335,18.881145,18.241423,16.9151,18.766628,15.072653,19.2045,16.891794,20.781273,20.938936,19.03564,23.149456,22.923513,18.33736,16.072739,13.247367,9.555714,10.359543,6.3508224,7.8291564,9.406934,11.030465,14.900451,16.621588,20.067492,20.030037,20.81618,18.355053,18.583227,15.249083,18.722767,15.948417,19.113174,21.312384,22.584587,20.721533,22.597416,17.59109,21.137981,18.599096,22.206175
31,33.59177,31.148972,30.02308,24.977272,23.341202,23.723574,19.81196,21.65123,17.601976,22.863077,18.19117,22.840212,23.438225,21.50823,22.99473,18.34814,20.227228,15.9882965,18.407864,16.369316,20.289373,22.607563,21.75177,19.077059,21.661192,16.906713,17.145716,12.275111,10.858293,6.8594985,6.7936263,0.0,7.9298577,9.157879,10.699864,14.327732,15.246283,13.105813,9.930094,5.748581,7.4939346,4.3604226,6.2119203,8.884452,10.173541,12.037924,15.674157,16.921818,20.510576,23.417376,23.734995,20.40227,24.186815,20.32894,21.026314,21.064459,15.968859,16.968918,18.517416,13.472748,10.663033,13.428834,11.963984,14.714239,17.310251,17.99,17.501793,17.657944,15.201402,13.425071,11.789954,12.504052,8.398545,12.420986,10.421798,14.515279,15.3390465,14.358492,18.707638,19.80258,16.504444,14.489149,12.762819,9.093734,8.066224,8.355118,5.5679092,9.952626,10.175735,14.085201,15.725908,18.574316,17.312187,17.313656,15.81697,15.130898,11.9525585,16.104084,12.941563,17.403475,18.567438,19.434984,16.791647,18.512836,12.561446,15.69029,13.075916,16.288546
32,38.948128,36.136677,34.303577,29.639122,27.222412,27.208303,22.74309,23.22617,18.798801,22.253803,16.506191,19.81176,21.71426,20.747854,23.583895,19.888243,23.100098,19.714865,23.371801,22.038542,26.505322,28.789047,28.863401,26.30497,28.69042,24.011887,23.600359,18.804375,16.264154,13.87944,9.947434,7.9298577,0.0,6.1931677,4.6994367,8.321482,10.798515,8.637938,7.6684303,7.266283,5.233392,8.189545,5.8361034,11.823184,15.600657,16.907429,21.226011,22.263304,25.402851,27.884857,26.943926,22.722273,25.51099,20.910872,20.388092,19.158073,14.2662735,13.244049,14.015327,9.226037,7.77156,12.512962,13.269567,15.9580555,18.631193,20.82396,22.168638,21.788412,20.8077,17.808413,17.87758,17.129642,13.159011,15.568785,12.494388,16.041721,15.103129,13.771333,16.7764,17.06245,13.374034,9.776368,9.506144,7.532567,9.324463,11.203394,12.563387,16.794764,17.899519,21.899889,23.461597,26.413698,25.1702,24.899055,23.433998,21.817122,18.558422,21.01578,16.794317,19.725613,20.573784,22.607302,19.973946,23.573633,17.607275,21.19998,19.476198,22.1973
33,39.849392,37.66845,35.580345,30.980976,28.949585,27.951889,24.636192,24.040632,20.195524,22.864214,16.09302,20.112566,20.611769,18.970617,22.476875,18.621603,21.849922,18.874485,22.504278,22.044044,25.61522,29.014133,28.969664,27.001822,30.200846,25.339502,26.169853,21.209044,19.023188,15.972122,13.241296,9.157879,6.1931677,0.0,5.126194,6.321007,8.383532,8.487421,5.200173,5.4570246,8.987206,11.392581,10.933114,16.225016,19.04373,20.54866,24.657562,25.482172,29.199242,31.745024,31.402302,27.585663,30.36323,25.44236,25.758675,24.696133,19.574938,18.7771,18.504469,14.395361,13.023771,18.257055,18.563593,21.342354,23.820015,25.227129,25.529993,24.600237,22.3416,19.033535,18.088713,16.190128,11.659515,12.451592,8.278718,10.8814,9.22041,7.5877414,10.775736,11.649488,9.134185,6.863913,7.5779653,6.7292137,6.600124,11.592522,12.248342,16.939209,18.38887,22.153873,24.28337,26.743542,24.193274,23.10553,21.857773,18.915531,15.979946,17.213884,12.713932,15.456327,15.490964,17.588408,14.796274,19.107681,13.483016,17.254292,16.712778,19.405632
34,42.94803,40.356586,38.476463,33.79702,31.514664,31.14533,27.054533,27.026365,22.788345,25.568928,19.0739,22.231369,23.804873,22.743073,26.273918,22.654963,26.022152,22.864683,26.522682,25.531351,29.533546,32.366043,32.12782,29.681555,32.282417,27.54118,27.315338,22.532644,20.434412,17.23021,14.362174,10.699864,4.6994367,5.126194,0.0,4.2594404,6.135302,4.564988,4.6184134,7.136771,6.4061265,10.924414,9.968347,16.15326,19.16681,21.036558,24.966894,26.44854,29.514996,32.23746,31.439049,27.197395,30.126513,25.570114,24.823307,23.374907,18.703875,17.175165,17.592978,13.298245,12.30824,16.787418,17.347832,19.455315,21.457869,23.26883,24.45937,23.15246,21.993313,18.196201,18.60242,16.58893,12.921415,13.917174,10.833665,13.703468,12.360415,11.825145,13.999888,15.084046,12.780634,9.342299,10.796807,10.047594,11.07917,14.755563,15.3218775,20.00941,20.814062,24.648785,26.160505,28.76628,26.949749,26.20279,25.25963,22.979328,20.032673,22.062729,17.66526,20.546612,20.584608,22.642483,19.723564,23.688341,17.686535,20.896389,19.691431,21.785555
35,45.667343,43.2507,41.029053,36.536148,34.202175,33.28517,29.591326,28.67895,24.711725,26.428156,19.414019,22.124107,23.486015,22.573298,26.765734,23.58249,27.25468,24.634317,28.539019,28.103868,31.869993,35.113853,35.132618,32.97868,35.883152,31.071514,31.241058,26.373035,24.102701,21.070652,17.877428,14.327732,8.321482,6.321007,4.2594404,0.0,4.601112,5.979561,6.6042137,10.087754,10.624758,15.084416,14.000533,20.095247,23.301367,25.011637,29.081322,30.31446,33.562313,36.14737,35.259434,31.000679,33.555027,28.666456,28.014252,26.296576,21.74095,19.78468,19.32228,15.849033,15.418848,20.4265,21.378325,23.572575,25.571894,27.445974,28.623678,27.091078,25.746222,21.732376,22.00048,19.369698,15.718242,15.5600815,12.108349,13.774142,11.346739,10.757543,11.513982,12.3836775,11.085628,7.998715,10.85809,11.572621,12.626948,17.167576,18.311394,23.015644,24.199856,27.99358,29.76449,32.234352,29.912033,28.79895,27.890203,24.917282,22.139639,23.142282,18.608515,20.645193,20.202023,22.60261,19.835361,24.516191,19.02042,22.277027,21.854443,23.791555
36,47.909836,45.617085,43.74786,39.04021,36.97547,36.25756,32.62335,32.188572,28.196474,30.459444,23.449009,26.532257,27.556517,26.308485,30.367012,26.814135,30.154097,27.235613,30.724543,30.07153,33.449585,36.861088,36.211754,33.932793,36.759476,32.014088,32.05511,27.359068,25.76975,21.831837,20.058167,15.246283,10.798515,8.383532,6.135302,4.601112,0.0,4.0116377,5.522779,10.044829,10.967085,15.533025,15.691084,21.816675,24.002483,26.377766,29.84755,31.754404,34.773445,37.759884,37.21917,33.035038,36.18587,31.699715,30.871252,29.340446,24.792988,23.05244,23.25031,19.288319,18.439497,22.68552,22.931108,24.541494,25.8721,27.101555,27.915144,25.642397,24.169914,19.736727,20.36509,16.969284,14.148378,13.03519,10.591638,11.816862,10.175347,11.248857,11.841397,14.340788,14.39309,12.034181,14.691866,14.807706,14.924248,19.776001,19.441969,24.346434,24.784609,28.296629,29.7252,31.847624,29.385775,28.092463,27.817907,24.886572,22.488106,24.001692,19.755884,22.52245,21.559366,23.40596,20.2804,24.324795,18.689589,21.094467,20.628622,21.764263
