,0,1,2,3,4,5,6,7,8,9,10,11,12,13,14,15,16,17,18,19,20,21,22,23,24,25,26,27,28,29,30,31,32,33,34,35,36,37,38,39,40,41,42,43,44,45,46,47,48,49,50,51,52,53,54,55,56,57,58,59,60,61,62,63,64,65,66,67,68,69,70,71,72,73,74,75,76,77,78,79,80,81,82,83,84,85,86,87,88,89,90,91,92,93,94,95,96,97,98,99,100,101,102,103,104,105,106,107
0,0.0,4.5532675,6.1929874,9.810223,12.888635,14.736238,17.801575,22.486517,25.034632,30.174486,33.559555,36.801094,36.357517,33.39766,33.276188,28.62526,26.588139,24.819826,20.225508,18.67253,14.770564,16.485826,12.280363,16.072592,14.750416,16.811333,20.805088,22.557156,23.849312,25.902943,28.578867,30.155157,36.794315,36.202354,39.88466,42.423798,43.797417,42.69977,38.61549,34.24766,37.533863,32.7567,33.89296,29.819998,28.484413,26.656385,26.779007,22.924393,25.988512,25.324156,28.752945,30.716593,31.764637,30.917171,35.2076,37.88666,35.469204,39.18574,39.581837,38.518276,36.796047,36.34292,34.293545,36.263485,37.517216,37.260662,33.373367,37.178772,32.521763,35.23969,30.901997,33.84092,32.0943,34.665947,34.124905,35.61486,36.561867,35.607117,38.647396,39.693478,36.65411,37.579002,34.296127,31.840006,29.362595,26.72041,23.941435,19.881245,20.021208,17.136726,19.075861,16.182598,16.706055,17.741024,20.588026,19.417978,21.765009,21.931164,26.110144,26.856224,28.884912,26.667652,27.895105,23.989826,26.557587,26.938637,26.260042,29.08505
1,4.5532675,0.0,5.032464,6.1651945,9.577787,12.22319,14.6290245,19.73747,21.832043,27.343618,30.570059,33.690178,33.80493,31.103827,31.319221,26.4562,24.98811,22.762468,18.519741,16.532267,13.492065,16.182596,11.522737,15.103222,12.850931,13.997264,18.044432,19.290787,20.691158,22.102997,25.060637,26.054008,32.849648,32.00973,35.751793,38.26273,39.471924,38.439396,34.287285,29.935272,33.487144,28.806316,30.169222,26.52457,25.116226,23.697735,23.972525,20.618605,24.146763,24.14666,27.595222,28.935598,30.607887,29.396433,33.326813,35.875675,32.957767,36.50507,36.85408,35.40065,33.49968,33.39992,31.273134,33.143307,34.546738,34.03949,30.036219,33.508415,28.669432,31.11523,26.692026,29.43587,27.642769,30.126198,29.627834,31.100927,32.14541,31.316782,34.438915,35.709747,32.821358,33.719772,30.56204,28.050158,25.358297,23.149288,19.885519,16.158548,16.199505,13.486897,15.802342,12.782429,12.701427,13.416554,16.179188,14.882033,17.28586,17.790285,21.921982,23.181747,25.141685,22.855875,23.788225,19.799221,22.090216,22.454979,21.721106,24.629374
2,6.1929874,5.032464,0.0,4.9875956,7.349733,8.710887,11.90315,16.328907,19.111624,24.022968,27.486223,30.69953,30.16479,27.21887,27.197989,22.512417,20.683432,19.01301,14.406538,13.252888,9.171266,12.310433,8.9605255,13.3581915,12.683068,13.081553,18.167276,18.779581,19.153929,21.706867,23.298492,25.44498,31.536503,31.122581,34.793896,37.248672,39.013332,37.946476,33.95697,29.665869,32.78458,28.243752,28.838015,24.93956,24.557552,22.454641,23.544323,19.34534,23.159021,22.59512,25.433722,26.683031,27.584532,25.921978,30.242266,32.634785,30.03175,33.628223,33.70531,32.88092,31.31115,31.32436,29.69323,32.0729,33.82135,34.07219,30.718443,34.397945,30.101692,32.30699,28.147778,30.885841,28.43556,31.224812,30.054876,31.854694,32.34257,30.908201,34.026245,34.590523,31.1644,31.986311,28.581383,26.23156,24.024847,21.137005,19.23812,15.1174755,16.422861,14.587828,17.566362,15.429645,15.69923,16.34852,18.028996,16.215757,17.838305,17.629416,21.453432,21.731695,24.184368,22.51636,23.768904,20.944397,22.814974,24.17262,23.489141,26.956303
3,9.810223,6.1651945,4.9875956,0.0,3.8546467,6.650667,8.6350155,13.710382,15.722146,21.281439,24.445866,27.541616,27.789215,25.20903,25.72054,20.790316,19.852196,17.596466,13.673505,11.982816,9.604391,13.844536,10.342628,13.944978,12.199969,11.082782,16.130772,15.867463,16.252953,17.882318,19.717728,21.05363,27.326118,26.517998,30.328281,32.71949,34.296925,33.34827,29.240465,24.969522,28.505608,24.133589,24.994635,21.761799,21.38881,19.868326,21.23261,17.800436,22.141464,22.43221,25.220787,25.637236,27.323498,25.19436,28.976425,31.15506,27.88201,31.214935,31.184227,29.848093,28.042568,28.609066,26.913317,29.170023,31.13321,31.068047,27.614878,30.804274,26.318434,28.086329,23.848362,26.248331,23.651777,26.29984,25.100906,26.872269,27.430883,26.123465,29.33753,30.17941,26.952736,27.780434,24.536947,22.134405,19.60354,17.382038,14.873625,11.294505,12.747978,11.5112505,15.009976,12.985074,12.387086,12.411612,13.614604,11.340313,12.864536,12.951544,16.714323,17.647911,20.03257,18.308222,19.18554,16.416552,17.859468,19.35137,18.669348,22.300848
4,12.888635,9.577787,7.349733,3.8546467,0.0,5.3303313,5.0968947,10.621325,13.208372,17.910223,21.636469,24.30265,24.541256,22.117336,22.327612,17.336155,16.523571,13.918338,10.359263,8.439014,7.2486243,11.799698,9.195501,12.241953,11.092904,8.672135,14.146076,13.108641,12.802347,15.037081,16.159576,18.221127,24.18867,23.951149,27.479578,30.031706,31.852625,30.691637,26.800394,22.529675,25.52898,21.164911,21.629501,18.218794,18.413094,16.612059,18.55619,14.954232,19.591478,19.96184,22.335552,22.31747,24.023357,21.606503,25.2659,27.362019,24.033758,27.367208,27.395504,26.090776,24.350128,24.89798,23.388409,25.864698,28.041842,28.383553,25.408426,28.656698,24.672825,26.26595,22.365795,24.875505,21.913345,24.994421,23.47401,25.73681,26.078117,24.399029,27.892338,28.37215,24.656195,25.077461,21.638762,19.03885,16.836466,13.895236,12.08248,8.1730175,10.606458,10.41974,14.288488,13.279082,13.072827,13.270695,13.15235,11.380196,11.815047,12.498165,15.43097,16.338531,19.196896,18.125132,18.689293,16.989178,17.151506,19.374798,18.259802,22.203592
5,14.736238,12.22319,8.710887,6.650667,5.3303313,0.0,5.6064725,8.161373,10.583684,16.02384,18.867023,22.451254,22.019358,19.125742,20.058945,15.361548,14.704338,13.586972,9.7419,10.20327,7.574692,13.10761,12.441604,16.05334,15.962498,13.434372,19.071625,17.41989,16.006603,18.582508,17.850391,20.369614,25.089087,24.400604,28.290411,30.27654,32.648823,31.951437,28.052774,24.155848,27.41301,23.741241,23.41215,20.658018,22.144688,20.105625,22.839598,18.95037,23.680416,23.614397,25.288013,24.97963,25.765432,22.413183,26.414616,27.991581,24.790026,27.848808,26.978043,26.54809,25.247368,26.709322,25.964643,28.910118,31.532322,32.349083,29.835886,32.80201,29.021374,30.02566,26.24534,28.107628,24.56559,27.174606,24.893719,26.811514,26.389446,24.2321,27.138187,26.919529,23.14432,24.129932,20.715168,18.937874,17.143375,14.718801,14.782226,11.786444,15.217384,15.6234,19.560299,18.4685,17.802797,17.341146,17.216629,13.897692,14.072031,12.264576,15.162769,14.152232,17.13501,16.501844,17.92031,17.288467,18.272581,21.129366,20.965929,25.100248
6,17.801575,14.6290245,11.90315,8.6350155,5.0968947,5.6064725,0.0,5.917717,8.828234,12.843132,16.791029,19.229525,19.55695,17.341305,17.767248,12.747146,12.764731,10.140785,7.7818966,6.856266,7.838242,12.626963,12.037646,14.202222,13.90005,10.011488,15.198996,12.607101,10.675025,13.298486,12.320954,15.216104,20.111933,20.18563,23.595448,26.023733,28.32345,27.201677,23.538448,19.520775,22.154768,18.322609,17.940819,15.083958,16.801123,14.887952,18.031816,14.670603,19.619307,20.179113,21.620249,20.585316,22.143976,18.738953,22.08959,23.686401,20.03193,23.074408,22.656458,21.577528,20.030806,21.34824,20.484327,23.392454,26.126755,27.034939,24.863005,27.733305,24.422138,25.280426,21.896172,23.96217,20.291603,23.48746,21.224403,23.83253,23.576426,21.302597,24.850702,24.693169,20.461046,20.622122,17.01342,14.526248,12.859714,9.486909,9.738388,6.798713,10.970313,12.565878,16.545689,16.501745,16.112988,15.897396,14.38658,12.329305,11.306725,11.558685,13.145327,13.425526,16.7717,16.68591,17.057793,17.113956,16.062628,19.347658,18.29611,22.555363
7,22.486517,19.73747,16.328907,13.710382,10.621325,8.161373,5.917717,0.0,4.944605,7.8626995,11.495619,14.459561,14.087572,11.604378,12.8462925,8.1367445,9.37935,8.545778,7.8137794,9.649073,10.657855,15.209253,16.530235,18.580822,19.22612,15.163696,20.026909,16.71974,13.497486,16.371893,12.61474,16.373278,18.960438,19.10117,22.450668,24.286236,27.381403,26.616861,23.324827,20.003136,22.2499,19.54904,17.868134,16.081581,19.594292,17.522486,21.587238,18.30105,23.09966,23.37611,23.734789,21.96596,22.601185,17.965813,21.200766,21.92992,18.343199,20.814474,19.256763,19.2736,18.400803,20.93372,21.226479,24.655277,27.937767,29.571856,28.306004,30.74816,28.127274,28.21341,25.375896,26.751661,22.45855,25.30863,22.13459,24.676844,23.449661,20.412254,23.452007,22.133516,17.372585,17.650223,13.962304,12.497611,12.06446,9.079983,12.585675,11.300804,15.888661,18.155415,22.057484,22.304966,21.729242,21.130037,19.195604,16.43717,14.7408285,13.309991,13.605828,11.805168,15.459319,16.604006,17.340458,19.283762,18.009504,22.105223,21.663172,26.00834
8,25.034632,21.832043,19.111624,15.722146,13.208372,10.583684,8.828234,4.944605,0.0,8.087518,8.877274,12.756786,13.692221,11.8459425,14.83883,10.965739,13.455971,12.845698,12.741458,14.066945,15.107991,19.957453,20.61502,22.701096,22.587164,18.294312,22.720531,18.992529,16.015547,17.322878,13.487066,15.513064,17.330112,16.09263,20.07282,21.239943,24.353796,24.23013,20.715858,17.850317,21.08357,19.266317,17.743656,17.649763,21.223251,20.02171,24.080252,21.685432,26.573925,27.388773,27.8323,25.599308,26.725018,21.90225,24.445715,24.712595,20.57148,22.310673,20.118155,19.780743,18.801558,22.569225,23.00494,26.180387,29.65902,30.861504,29.507881,31.160036,28.33854,27.655191,24.840443,25.293472,20.72001,22.783493,19.14415,21.189577,19.46952,16.285763,18.886541,17.468765,13.040479,14.086102,10.828033,10.34756,9.607554,9.447276,12.729636,13.108238,17.43834,20.015238,23.9026,23.949469,22.588161,21.256645,19.143255,15.4928465,13.484954,10.744635,10.052341,7.2510743,10.880052,12.643357,13.355176,16.498495,15.166251,19.601091,19.906332,24.156792
9,30.174486,27.343618,24.022968,21.281439,17.910223,16.02384,12.843132,7.8626995,8.087518,0.0,6.439627,7.098446,6.9392567,6.128748,7.9259973,5.3996606,9.557054,9.634942,12.472844,14.49216,17.172882,20.413088,22.702112,23.627676,24.67284,20.139027,23.785793,19.614128,15.452073,17.923494,11.5194235,15.919962,15.029656,16.380917,18.564085,20.009014,23.887745,23.100624,20.87994,18.69978,19.366955,18.296522,15.037474,14.986805,20.244593,18.491722,23.270557,20.98826,25.241747,25.798037,24.899664,21.813314,22.204273,16.687426,18.421223,17.836935,14.027364,15.21472,12.415614,13.333491,13.347208,17.367857,19.076294,22.747265,26.538609,28.956194,29.066208,30.801151,29.501009,28.673319,26.984896,27.763592,23.138802,25.922981,22.145262,25.058393,23.091333,19.414608,22.229113,19.682707,14.174454,13.255115,9.731732,9.3316965,11.33491,8.93334,15.076781,15.622389,20.003588,23.233044,26.73799,27.858149,27.36669,26.71292,23.763445,21.686256,19.021742,18.10929,16.33818,14.321752,17.61567,20.07332,20.130554,23.806358,20.983934,25.58263,24.977104,29.10445
10,33.559555,30.570059,27.486223,24.445866,21.636469,18.867023,16.791029,11.495619,8.877274,6.439627,0.0,5.604043,6.787765,6.9014454,11.707232,10.928014,14.957988,15.84878,17.891064,20.088217,21.93506,25.884975,27.829657,29.279633,29.86792,25.290482,29.04315,24.732563,20.910786,22.219818,16.184736,18.650312,16.396294,15.874544,18.636017,18.68739,22.861713,23.150723,20.924047,19.687092,21.399715,21.552265,18.511993,20.120687,25.196447,24.09249,28.759438,26.885029,31.30006,32.065815,31.31141,28.125044,28.56537,22.955309,24.36719,23.266766,19.456919,19.660175,15.849459,16.953365,17.151768,22.371399,24.261925,27.63689,31.546097,33.567295,33.553837,34.53979,32.985382,31.398733,29.700241,29.448168,24.607042,26.290293,21.961422,24.0163,21.188873,17.264042,18.850866,15.346012,10.272896,10.665668,8.441906,10.554073,12.495905,13.177744,18.574844,20.013546,24.29818,27.522797,31.152401,31.8514,30.650297,29.324184,26.535772,23.407297,20.78612,18.320229,15.884131,12.434923,14.89494,18.139948,18.475998,23.361362,21.036736,25.76794,26.160776,30.092466
11,36.801094,33.690178,30.69953,27.541616,24.30265,22.451254,19.229525,14.459561,12.756786,7.098446,5.604043,0.0,5.5188417,8.22221,11.216946,11.559392,15.858613,16.182919,19.52005,21.25583,24.23443,27.389696,29.565357,30.175673,30.913446,26.16156,29.047388,24.46927,20.408667,21.553432,14.761602,17.559666,13.393257,14.559247,15.802112,16.069845,20.519732,20.312805,19.081831,18.457977,18.512074,19.48127,15.696659,18.067133,23.6657,22.78349,27.55504,26.366308,30.287304,31.29952,29.98276,26.163841,26.799383,21.275019,21.513699,19.843464,15.980647,15.256746,11.13006,12.290083,13.009155,18.690884,21.199324,24.467325,28.461754,30.889639,31.729845,32.417282,31.827803,29.969044,29.09148,28.870977,24.164473,26.199345,21.99793,24.630583,21.936804,18.021444,20.021072,16.450857,11.16142,9.464915,7.6413274,9.583626,12.814468,13.023756,18.9968,20.957659,24.910349,28.556816,31.811638,33.167686,32.30836,31.27563,27.874222,25.797865,22.726696,21.64876,18.585825,16.503235,18.872213,22.110302,21.694437,26.605717,23.078009,27.773724,27.494457,31.212387
12,36.357517,33.80493,30.16479,27.789215,24.541256,22.019358,19.55695,14.087572,13.692221,6.9392567,6.787765,5.5188417,0.0,3.8199604,6.8211517,8.9674425,12.853787,14.700129,17.937008,20.647652,22.96382,25.717684,28.820509,29.678324,31.217545,26.796432,30.2634,26.059835,21.724134,24.17282,17.237469,21.406317,18.195204,19.75701,21.076097,21.56905,26.001713,25.603636,24.305773,23.217953,23.05799,23.260998,19.311039,20.174965,25.942963,24.1985,29.084831,26.927528,30.738821,31.00407,29.30631,25.915892,25.34915,19.517689,20.520971,18.731312,16.013283,15.762996,11.365332,14.449955,15.753599,20.31872,23.075474,26.757275,30.658106,33.639214,34.555428,35.93142,35.318092,34.03118,32.888336,33.220173,28.525345,30.889858,26.772635,29.41384,26.792063,22.852959,24.745565,21.030424,15.823731,14.798577,12.578968,13.860234,16.7144,15.35942,21.670477,22.506292,26.811005,30.117111,33.544224,34.778637,34.284134,33.53338,30.513573,28.242783,25.508396,23.98471,21.762121,18.83753,21.568447,24.649466,24.89267,29.40289,26.648102,31.369,31.095058,35.074562
13,33.39766,31.103827,27.21887,25.20903,22.117336,19.125742,17.341305,11.604378,11.8459425,6.128748,6.9014454,8.22221,3.8199604,0.0,5.4586115,6.767338,10.2670355,12.825446,15.310776,18.511835,20.112017,23.062763,26.314285,27.608654,29.324785,25.1367,29.155704,25.254316,20.999735,23.964945,17.450083,21.945469,20.048382,21.21941,23.1823,23.908747,28.18201,27.772306,25.938696,24.285828,24.735374,24.1788,20.57555,20.532034,25.999046,23.878948,28.692348,25.89729,29.910824,29.843153,28.413948,25.551414,24.663805,18.817791,20.796694,19.54578,17.015778,17.632408,13.802563,16.69193,17.645136,21.597929,23.941309,27.768236,31.562824,34.444527,34.898617,36.701443,35.60024,34.71855,33.0976,33.723366,29.025677,31.494047,27.46242,30.004696,27.541159,23.667635,25.644033,22.208689,17.010717,16.621136,13.901718,14.742675,16.962175,15.049893,21.107985,21.244038,25.746647,28.710114,32.31846,33.24353,32.799015,32.10637,29.488186,26.888233,24.489422,22.544626,21.010122,17.661625,20.642223,23.430777,24.111635,28.168106,26.095331,30.754654,30.601473,34.752403
14,33.276188,31.319221,27.197989,25.72054,22.327612,20.058945,17.767248,12.8462925,14.83883,7.9259973,11.707232,11.216946,6.8211517,5.4586115,0.0,5.036003,7.2692313,10.2313175,13.59415,16.829273,18.934814,20.630222,24.624903,25.296886,27.721668,23.838097,27.524137,23.95282,19.546186,23.475943,16.939117,22.631618,21.101974,23.605915,24.84642,26.282377,30.41204,29.314875,27.817558,25.865023,25.202477,24.109499,20.27243,19.003275,24.53126,21.820776,26.568758,23.446991,26.904377,26.386925,24.37659,21.617073,19.965527,14.113794,16.23985,15.010418,13.513394,14.624914,11.589042,15.182509,16.472683,19.01393,21.54707,25.533016,29.112356,32.575653,33.475307,35.807957,35.234226,34.875576,33.50719,34.818943,30.384838,33.513454,29.858566,32.912674,30.890772,27.137468,29.69584,26.58962,21.135277,19.968323,16.917295,16.714155,19.063946,15.504332,21.63211,21.07212,25.365837,28.219294,31.553085,32.887627,33.105373,32.984505,30.276585,28.563833,26.18014,25.289192,24.061563,21.531023,24.825096,27.267298,27.738823,31.15906,28.725334,33.23937,32.41793,36.58767
15,28.62526,26.4562,22.512417,20.790316,17.336155,15.361548,12.747146,8.1367445,10.965739,5.3996606,10.928014,11.559392,8.9674425,6.767338,5.036003,0.0,4.3133407,6.083531,9.14149,12.1889105,14.4429865,16.767508,20.164951,21.067614,23.113554,19.12749,23.13968,19.620901,15.360992,19.377058,13.440366,19.127457,19.176502,21.269564,23.13895,24.98983,28.75839,27.565563,25.441647,22.85816,22.929762,21.028343,17.79467,15.882979,20.936518,18.197529,22.86744,19.52801,23.469385,23.175951,21.918201,19.446026,18.655455,13.0123005,15.8891735,15.70042,13.143295,15.249807,13.161824,15.087641,15.446551,17.738647,19.42155,23.36882,26.874287,29.819536,30.024828,32.568916,31.39196,31.325497,29.510406,31.051405,26.693888,29.963583,26.544712,29.625742,27.988003,24.457348,27.41616,24.992237,19.529501,18.611425,15.036893,14.030106,15.641746,11.503586,17.207708,16.260326,20.652515,23.374584,26.831161,27.98211,28.143446,28.044203,25.491405,23.787277,21.561544,20.919977,20.127293,18.079824,21.605627,23.604557,24.040833,26.868538,24.589796,28.949017,28.02064,32.255928
16,26.588139,24.98811,20.683432,19.852196,16.523571,14.704338,12.764731,9.37935,13.455971,9.557054,14.957988,15.858613,12.853787,10.2670355,7.2692313,4.3133407,0.0,4.7618265,6.7240896,10.45711,11.980688,13.411948,17.603346,18.58147,21.34736,18.01139,22.298529,19.51356,15.5510845,20.443296,15.445215,21.511692,22.56399,24.84828,26.725353,28.87501,32.44964,31.021736,28.785938,25.826422,25.804344,23.211775,20.326904,17.166412,21.57871,18.233023,22.525988,18.352453,22.018272,21.014175,19.753738,18.131899,16.499737,11.261653,15.320028,15.828912,14.299187,17.122576,15.903319,17.88299,18.169415,19.125816,20.411398,24.353645,27.493532,30.57511,30.601313,33.752884,32.469517,33.031322,31.002419,33.094696,29.004148,32.55642,29.468782,32.604942,31.286648,27.93834,31.051502,28.900963,23.515396,22.703222,19.01894,17.585976,18.729837,13.855808,18.696943,16.638033,20.816057,22.960968,26.318626,27.37185,28.009455,28.329374,26.209484,24.788067,23.00041,22.59763,22.579926,20.701687,24.321194,25.859272,26.524632,28.568432,26.770895,30.843376,29.706043,33.96643
17,24.819826,22.762468,19.01301,17.596466,13.918338,13.586972,10.140785,8.545778,12.845698,9.634942,15.84878,16.182919,14.700129,12.825446,10.2313175,6.083531,4.7618265,0.0,4.9391327,6.8310657,10.312936,11.637302,14.896186,15.194563,17.528097,13.836809,17.743551,14.812583,10.825413,15.928403,11.51964,17.747545,19.818466,22.431232,24.161455,26.830147,29.972567,28.187979,25.856388,22.553398,22.376183,19.198603,16.753494,12.86695,16.9008,13.522557,17.812603,13.822185,17.724554,17.246304,16.419355,14.555291,14.246365,9.480634,13.288733,14.550016,12.126347,15.528825,15.374111,15.929537,15.54071,15.828344,16.431612,20.241768,23.268282,26.07882,25.8935,29.167418,27.85678,28.650272,26.649769,29.063358,25.231495,29.114134,26.435213,29.84433,29.012808,25.966106,29.576801,28.06194,22.725452,21.54001,17.713087,15.396034,16.150682,10.503935,14.743657,12.510005,16.446606,18.770641,21.95522,23.347305,24.172165,24.719807,22.319792,21.693201,19.784456,20.556503,20.49907,19.819447,23.474453,24.684587,24.847075,26.40423,24.024546,27.862751,26.209448,30.360199
18,20.225508,18.519741,14.406538,13.673505,10.359263,9.7419,7.7818966,7.8137794,12.741458,12.472844,17.891064,19.52005,17.937008,15.310776,13.59415,9.14149,6.7240896,4.9391327,0.0,4.4343777,5.5448756,8.016389,11.143049,12.709417,15.081957,12.066968,17.062752,15.022381,12.016918,17.03549,14.292109,19.640024,23.019358,24.71361,27.162241,29.754683,32.661427,31.101,28.209816,24.509546,25.36601,21.652126,20.025465,15.8614025,18.65167,15.272833,18.823757,14.067164,18.246798,17.364931,17.575348,16.972458,16.613598,12.913994,17.375654,19.090841,16.902449,20.419523,20.224512,20.588224,19.890785,20.047863,19.952312,23.464079,26.148544,28.377506,27.305397,30.895014,28.733442,29.981472,27.294975,29.896107,26.243914,29.951971,27.504225,30.552021,29.949125,27.162766,30.662071,29.54028,24.546059,24.063307,20.195148,17.895464,17.731524,12.564676,15.223912,11.842477,15.69437,17.097498,20.528973,21.18492,22.009111,22.625437,21.075407,19.96641,18.809187,19.087114,20.140097,19.322128,22.93411,23.52105,24.148506,24.79815,23.519474,26.991415,25.60041,29.798733
19,18.67253,16.532267,13.252888,11.982816,8.439014,10.20327,6.856266,9.649073,14.066945,14.49216,20.088217,21.25583,20.647652,18.511835,16.829273,12.1889105,10.45711,6.8310657,4.4343777,0.0,5.513382,7.307254,8.493116,9.253831,11.021904,7.703309,12.641169,10.895772,8.580051,13.663316,12.578802,17.454176,22.03062,23.86702,26.166412,29.178633,31.569769,29.706778,26.726566,22.707443,23.522924,19.178274,18.329538,13.514856,15.129811,11.811304,14.84565,10.060778,14.530937,14.170601,15.23202,14.844537,15.807803,13.213052,17.156345,19.44798,16.868723,20.622581,21.27125,20.549528,19.295399,18.688173,17.7202,20.818197,23.15434,24.913725,23.39948,27.222744,24.875029,26.551464,23.779942,26.822962,23.606384,27.60346,25.72363,28.944746,28.911,26.54051,30.427694,29.962074,25.17902,24.440407,20.617022,17.660841,16.962914,11.566076,12.591796,8.521991,11.750648,12.990184,16.233747,17.175438,18.355154,19.368986,17.715923,17.632467,16.576683,18.215635,19.40722,19.855368,23.339163,23.489912,23.641638,23.557816,21.863438,24.88949,22.934963,26.94702
20,14.770564,13.492065,9.171266,9.604391,7.2486243,7.574692,7.838242,10.657855,15.107991,17.172882,21.93506,24.23443,22.96382,20.112017,18.934814,14.4429865,11.980688,10.312936,5.5448756,5.513382,0.0,5.5581746,6.820908,10.071198,12.043662,10.395186,15.997021,15.271592,13.762838,18.231888,17.541609,21.805449,26.545357,27.55493,30.463627,33.12794,35.593952,34.112675,30.774605,26.702377,28.347452,24.062952,23.389917,18.927813,20.195047,17.054577,19.488607,14.417957,18.50121,17.425596,18.890642,19.479565,19.516127,17.106752,21.696722,23.904362,21.768782,25.459167,25.571087,25.438965,24.359299,24.109911,23.23106,26.281174,28.478783,30.00001,27.998348,31.896505,28.930176,30.771963,27.479687,30.3826,27.19959,30.759867,28.837492,31.540071,31.410198,29.105661,32.58379,32.110783,27.60639,27.594908,23.806467,21.342882,20.290737,15.724184,16.313019,11.9955845,14.959386,15.023213,18.39952,18.215618,19.192772,20.07249,19.602777,18.45235,18.291714,18.594564,20.835144,20.464594,23.799793,23.517813,24.40493,23.703053,23.50263,26.253181,24.943565,28.970375
21,16.485826,16.182596,12.310433,13.844536,11.799698,13.10761,12.626963,15.209253,19.957453,20.413088,25.884975,27.389696,25.717684,23.062763,20.630222,16.767508,13.411948,11.637302,8.016389,7.307254,5.5581746,0.0,5.7622013,7.360319,11.329815,11.153523,15.657025,15.987278,14.822202,20.0189,19.654034,24.570332,29.229647,31.161797,33.43119,36.455917,38.868587,36.932514,33.986977,29.902061,30.549526,25.99708,25.240837,19.857647,20.657352,16.962433,18.732658,13.098041,15.99632,13.823857,15.142232,16.881107,16.159042,15.164903,19.994802,22.723186,21.644905,25.645178,26.555319,26.57949,25.672543,24.073288,23.041176,25.940586,27.620579,29.561993,27.936274,32.42068,30.067854,32.491158,29.587275,33.084335,30.29076,34.289505,32.688183,35.734707,35.826725,33.541946,37.274708,36.7491,31.988892,31.46804,27.61099,24.855843,24.175632,18.850616,19.46412,14.90446,16.983133,16.64636,19.188887,19.57614,21.55278,23.181156,22.671354,22.700726,22.499184,23.70605,25.733831,25.708626,29.115005,28.895102,29.555166,28.683681,28.038704,30.583748,28.710787,32.528805
22,12.280363,11.522737,8.9605255,10.342628,9.195501,12.441604,12.037646,16.530235,20.61502,22.702112,27.829657,29.565357,28.820509,26.314285,24.624903,20.164951,17.603346,14.896186,11.143049,8.493116,6.820908,5.7622013,0.0,4.6431847,6.579892,7.8766356,12.38774,13.788452,14.180796,18.222933,19.847574,23.430914,29.343428,30.673136,33.2305,36.38408,38.213177,36.30607,33.006,28.648478,29.99274,25.01139,25.291294,20.03284,19.337944,16.376667,17.066666,12.008854,15.08666,13.853533,16.718832,18.634146,19.506851,19.083754,23.273943,26.22129,24.379396,28.357155,29.521227,28.58142,27.108385,25.511408,23.649567,25.949549,27.257008,28.186865,25.562654,30.045774,26.912954,29.742914,26.389755,30.083605,27.842648,31.701012,30.724194,33.535885,34.19686,32.474655,36.3215,36.573475,32.311417,31.98911,28.278898,25.221596,23.751795,19.081903,17.749182,12.902899,13.753442,12.26437,14.558324,14.356059,16.523409,18.474682,18.638048,19.210049,19.659525,21.589005,24.174025,25.127121,28.208982,27.313297,27.75188,25.789,25.478062,27.271896,25.227537,28.72127
23,16.072592,15.103222,13.3581915,13.944978,12.241953,16.05334,14.202222,18.580822,22.701096,23.627676,29.279633,30.175673,29.678324,27.608654,25.296886,21.067614,18.58147,15.194563,12.709417,9.253831,10.071198,7.360319,4.6431847,0.0,4.9414935,6.931327,9.563093,11.738907,12.623871,16.836678,18.977982,22.754025,28.639977,30.735334,32.64805,36.14674,37.778225,35.449303,32.54082,28.235023,28.68655,23.531252,23.929455,18.147598,16.785128,13.675291,13.6220665,8.518159,10.7152,9.372698,12.718518,15.068203,16.545534,17.237984,20.862932,24.15459,22.607788,26.66231,28.569294,27.247047,25.70201,23.11585,20.891548,22.844257,23.699472,24.749441,22.414158,27.251076,24.751,27.945377,25.098478,29.231964,27.35695,31.612228,30.95579,34.14552,35.04448,33.396423,37.548527,37.874607,33.458645,32.58228,28.906769,25.509413,24.29623,19.18637,17.713066,13.089327,13.084681,11.801139,13.181963,14.128081,17.047705,19.498718,19.023056,20.863884,20.892017,23.900768,25.911583,27.452116,30.600367,29.89766,29.862003,28.070755,26.819862,28.541557,25.861277,29.124472
24,14.750416,12.850931,12.683068,12.199969,11.092904,15.962498,13.90005,19.22612,22.587164,24.67284,29.86792,30.913446,31.217545,29.324785,27.721668,23.113554,21.34736,17.528097,15.081957,11.021904,12.043662,11.329815,6.579892,4.9414935,0.0,4.920822,6.7456536,9.813495,12.191033,14.787159,18.59952,20.946707,27.71958,29.202576,31.337969,34.852615,35.972713,33.73999,30.560665,26.12651,27.242489,21.898947,23.204426,17.965801,15.400994,13.375761,12.461142,8.865162,11.447932,11.790912,15.765082,17.460915,20.156387,20.610682,23.643917,26.827356,24.493546,28.333977,30.224052,28.148409,26.16282,23.962631,21.193481,22.603756,23.284004,23.293018,20.000793,24.595741,21.302708,24.703861,21.463348,25.6624,24.261087,28.325256,28.195387,31.161562,32.513924,31.35758,35.548492,36.5023,32.57348,31.85693,28.408678,24.874968,23.052557,18.78113,15.689792,11.313735,9.900865,7.522301,8.550163,9.217738,12.353152,15.083678,14.932814,17.464827,17.889072,21.612576,23.821184,26.20157,29.007584,27.865425,27.53187,25.037487,23.826828,24.920244,22.054764,24.992208
25,16.811333,13.997264,13.081553,11.082782,8.672135,13.434372,10.011488,15.163696,18.294312,20.139027,25.290482,26.16156,26.796432,25.1367,23.838097,19.12749,18.01139,13.836809,12.066968,7.703309,10.395186,11.153523,7.8766356,6.931327,4.920822,0.0,5.799454,6.1143208,7.682006,10.588911,13.806101,16.382093,22.95423,24.465803,26.639296,30.093023,31.423895,29.265476,26.076307,21.672556,22.834461,17.626268,18.639185,13.664571,11.963899,9.869635,10.474591,6.8852825,11.212746,12.320736,15.373135,15.662493,18.697834,18.008793,20.797125,23.624914,20.656977,24.324219,25.911814,23.702202,21.654758,20.143896,17.639904,19.461111,20.845165,21.14494,18.250772,22.4071,19.246845,21.908388,18.740864,22.577503,20.51762,24.698908,24.089674,27.263739,28.315428,26.895952,31.144379,31.882837,27.813356,26.976246,23.52019,19.963757,18.244875,13.867177,11.072769,6.5889482,6.250509,5.960177,8.644152,9.983391,12.002628,13.952064,12.562601,14.683332,14.305507,18.124239,19.738783,22.119864,25.06115,24.323185,23.799093,22.143959,20.20001,21.967363,19.129847,22.514622
26,20.805088,18.044432,18.167276,16.130772,14.146076,19.071625,15.198996,20.026909,22.720531,23.785793,29.04315,29.047388,30.2634,29.155704,27.524137,23.13968,22.298529,17.743551,17.062752,12.641169,15.997021,15.657025,12.38774,9.563093,6.7456536,5.799454,0.0,4.829337,8.765895,9.834265,14.983875,16.549623,23.348421,25.46407,26.80303,30.644083,31.328907,28.682886,25.962101,21.711739,21.94348,16.51092,18.392992,13.370617,9.335874,8.421451,6.2673326,5.6708407,8.108307,10.824429,14.418018,14.69409,19.054182,19.6484,21.24356,24.303194,21.44801,24.90738,27.38494,24.34638,22.017075,19.383865,15.996752,16.677696,17.104948,16.638874,13.314988,17.965012,15.243142,18.739502,16.197899,20.749592,19.739693,24.225683,24.494678,27.910822,29.5494,28.595196,33.09625,34.27222,30.430447,29.054003,25.918335,22.062374,20.430157,16.40019,12.709892,9.821869,6.898232,6.4605656,6.1727295,9.482439,12.35578,14.935458,13.042541,17.148897,16.592539,21.701738,22.73728,26.038317,28.730259,27.960209,26.821083,24.967028,22.123804,23.245153,19.584702,22.19792
27,22.557156,19.290787,18.779581,15.867463,13.108641,17.41989,12.607101,16.71974,18.992529,19.614128,24.732563,24.46927,26.059835,25.254316,23.95282,19.620901,19.51356,14.812583,15.022381,10.895772,15.271592,15.987278,13.788452,11.738907,9.813495,6.1143208,4.829337,0.0,4.4913635,5.4151335,10.207825,12.017768,18.611494,20.868208,22.191416,26.00143,26.95244,24.360577,21.641216,17.416714,17.591963,12.211212,13.767657,8.995525,5.939709,5.1562943,5.854677,5.801971,9.805246,12.68231,15.040234,13.781326,18.26197,17.60988,18.85507,21.445772,17.879688,21.086771,23.22719,19.994574,17.560038,15.75614,12.676568,13.929427,15.374173,15.386117,12.787918,16.694363,14.245821,16.638258,14.260705,18.28079,16.409492,21.059622,20.732483,24.408789,25.675987,24.409914,28.960346,29.868183,25.877419,24.321987,21.208668,17.318077,15.882021,11.8014765,8.504286,6.462395,4.7730417,7.2967105,8.7276535,11.742196,13.320997,14.94072,11.877552,15.322563,13.85386,18.908747,19.187801,22.430492,25.20432,24.8995,23.573845,22.68682,19.084045,20.951202,17.41055,20.484518
28,23.849312,20.691158,19.153929,16.252953,12.802347,16.006603,10.675025,13.497486,16.015547,15.452073,20.910786,20.408667,21.724134,20.999735,19.546186,15.360992,15.5510845,10.825413,12.016918,8.580051,13.762838,14.822202,14.180796,12.623871,12.191033,7.682006,8.765895,4.4913635,0.0,5.8920617,6.6934314,10.792267,16.135517,18.906742,20.186213,23.86325,25.514017,23.012484,20.46669,16.451233,16.188568,11.305123,11.333673,6.0493045,6.6936827,4.2643948,8.183503,6.680401,11.187665,13.294586,14.401531,12.194445,16.01335,14.179333,15.547467,17.791307,13.958078,17.23596,19.016531,16.219687,14.041428,12.827921,10.676459,13.116125,15.527708,16.762493,15.455082,18.886175,17.193916,18.626616,16.64719,19.940977,17.12586,21.717522,20.463264,24.31057,24.875988,22.968128,27.43121,27.6249,23.126297,21.39035,18.024618,14.2162695,13.494041,8.327977,7.676824,5.9335747,7.455541,10.653327,12.937703,15.45959,16.557373,17.604502,14.310144,16.344982,14.261469,18.308245,18.053967,20.448992,23.54188,23.850557,22.728424,22.932371,19.152163,21.929054,18.898521,22.43719
29,25.902943,22.102997,21.706867,17.882318,15.037081,18.582508,13.298486,16.371893,17.322878,17.923494,22.219818,21.553432,24.17282,23.964945,23.475943,19.377058,20.443296,15.928403,17.03549,13.663316,18.231888,20.0189,18.222933,16.836678,14.787159,10.588911,9.834265,5.4151335,5.8920617,0.0,7.2173862,6.751263,13.770385,15.776135,17.009174,20.824327,21.570929,19.040886,16.239761,12.045413,12.532795,7.1996922,9.497577,7.04204,5.086109,6.9461164,8.909121,10.625059,14.275119,17.441235,19.012278,16.538252,21.158394,19.507908,19.897503,21.719189,17.254347,19.644674,21.325932,17.381859,14.5873,14.31933,11.576808,12.643257,14.856234,14.432308,12.217453,14.518225,12.115226,12.983883,10.893678,14.074595,11.55929,16.315645,15.748285,19.67077,20.872442,19.6736,24.310202,25.38537,21.691576,19.90964,17.221813,13.314366,11.770781,9.14721,5.2335186,6.921321,6.198304,10.113953,11.7213,14.38875,14.606085,15.129753,10.955223,14.027987,11.575562,16.902338,16.011276,19.803425,22.261518,22.316526,20.433065,20.442188,15.685345,17.923237,14.375164,17.46578
30,28.578867,25.060637,23.298492,19.717728,16.159576,17.850391,12.320954,12.61474,13.487066,11.5194235,16.184736,14.761602,17.237469,17.450083,16.939117,13.440366,15.445215,11.51964,14.292109,12.578802,17.541609,19.654034,19.847574,18.977982,18.59952,13.806101,14.983875,10.207825,6.6934314,7.2173862,0.0,6.753588,9.783402,13.074665,14.074352,17.58023,19.770508,17.462286,15.189781,11.785154,11.134962,7.776286,5.8664455,4.4261913,9.054395,8.673758,13.094443,13.071158,16.982145,19.165112,19.170925,15.617612,18.971735,15.61103,15.804481,16.675854,11.659789,13.686588,14.471442,11.087139,8.663509,10.431779,9.865758,12.726192,16.259691,17.787973,17.588207,19.38192,18.383678,18.01165,16.793087,18.613123,14.801898,18.9807,16.715479,20.749184,20.5536,18.120579,22.48214,22.128843,17.443258,15.145242,11.978285,8.158413,8.561303,4.0687976,7.193762,9.098947,11.658954,15.627379,18.11085,20.379482,20.404013,20.428131,16.437588,17.294209,14.204186,17.368734,15.484141,17.54787,20.47488,21.688227,20.205166,22.132359,17.365454,20.994467,18.531027,22.138086
31,30.155157,26.054008,25.44498,21.05363,18.221127,20.369614,15.216104,16.373278,15.513064,15.919962,18.650312,17.559666,21.406317,21.945469,22.631618,19.127457,21.511692,17.747545,19.640024,17.454176,21.805449,24.570332,23.430914,22.754025,20.946707,16.382093,16.549623,12.017768,10.792267,6.751263,6.753588,0.0,7.870803,9.077144,10.561533,14.1728525,15.08277,12.955588,9.797493,5.6624336,7.507423,4.3878865,6.2794533,8.91327,10.194093,12.274074,15.0915575,16.807735,20.48639,23.4899,24.29571,20.94737,25.090841,22.24207,22.010555,22.756895,17.60405,18.765732,19.325075,15.048287,12.201523,14.731021,13.380908,14.570113,17.594967,17.272997,16.11028,16.316257,14.4871855,12.859857,11.581165,12.2820015,8.179866,12.311254,10.462922,14.690135,15.21444,13.708721,18.349907,19.307987,15.927689,13.863157,11.895382,8.360949,6.9780836,7.8282256,6.23176,10.751719,11.664012,15.643807,17.618494,19.63272,18.682014,17.991089,13.515026,14.77118,11.384876,15.545395,12.875316,16.698505,18.675362,19.492502,17.091848,18.859941,13.002338,16.104763,13.436089,16.510435
32,36.794315,32.849648,31.536503,27.326118,24.18867,25.089087,20.111933,18.960438,17.330112,15.029656,16.396294,13.393257,18.195204,20.048382,21.101974,19.176502,22.56399,19.818466,23.019358,22.03062,26.545357,29.229647,29.343428,28.639977,27.71958,22.95423,23.348421,18.611494,16.135517,13.770385,9.783402,7.870803,0.0,6.1676946,4.5452504,8.171115,10.624063,8.501047,7.5373015,7.1811614,5.2509184,8.15072,5.872435,11.865116,15.509597,17.064013,20.610497,22.23704,25.502602,28.189157,27.792194,23.531681,26.932365,23.273268,21.916159,21.344597,16.192097,15.570579,15.108253,10.777106,8.633941,13.779642,14.466379,15.911086,19.520235,20.34427,21.109451,20.334488,20.362917,17.57403,17.928165,17.283642,13.281729,15.84215,12.846693,16.667511,15.682229,13.274233,17.099688,16.572947,12.958967,9.355145,8.741988,7.0247717,8.868613,10.857124,13.257425,17.336248,19.148243,23.22588,25.272587,27.421053,26.48423,25.59025,21.203136,21.514668,17.956995,20.324427,16.48872,18.692982,20.400248,22.455729,20.134018,23.792213,17.91511,21.564377,19.838041,22.53516
33,36.202354,32.00973,31.122581,26.517998,23.951149,24.400604,20.18563,19.10117,16.09263,16.380917,15.874544,14.559247,19.75701,21.21941,23.605915,21.269564,24.84828,22.431232,24.71361,23.86702,27.55493,31.161797,30.673136,30.735334,29.202576,24.465803,25.46407,20.868208,18.906742,15.776135,13.074665,9.077144,6.1676946,0.0,5.1390243,6.281183,8.343639,8.500017,5.1559196,5.45151,9.040186,11.406012,10.969071,16.19325,18.966545,20.733568,24.009699,25.36987,29.183369,31.89802,32.116432,28.284029,31.640709,27.705793,27.144505,26.70826,21.47721,21.141495,19.869146,16.336473,14.4114275,19.604925,19.858572,21.1858,24.560009,24.49672,24.125309,22.919077,21.605282,18.328537,17.811544,15.866005,11.443661,12.334776,8.303748,11.361642,9.6894865,7.163283,11.034997,11.314816,8.971051,6.710703,7.4866724,7.268826,7.3539257,12.442256,13.570499,18.12361,19.954275,23.742723,26.062992,27.44821,25.643291,23.977707,19.954086,19.072884,15.658316,16.965929,12.548091,15.028809,15.830845,17.873873,15.240525,19.501608,13.763112,17.443384,16.78599,19.329422
34,39.88466,35.751793,34.793896,30.328281,27.479578,28.290411,23.595448,22.450668,20.07282,18.564085,18.636017,15.802112,21.076097,23.1823,24.84642,23.13895,26.725353,24.161455,27.162241,26.166412,30.463627,33.43119,33.2305,32.64805,31.337969,26.639296,26.80303,22.191416,20.186213,17.009174,14.074352,10.561533,4.5452504,5.1390243,0.0,4.2473516,6.11537,4.5955973,4.6140294,7.0821943,6.3578815,10.854795,9.915082,16.080305,18.95484,21.048082,24.163765,26.251637,29.432674,32.34368,32.100792,27.83479,31.39218,27.789665,26.249407,25.492449,20.45766,19.377684,18.626047,14.480895,12.671334,17.742424,18.319735,19.1275,22.41211,22.571775,23.239975,21.458979,21.521706,17.869524,18.671944,16.835491,13.201812,14.46557,11.503362,14.735693,13.570276,11.726395,14.965412,14.882175,12.691968,9.298354,10.4433365,10.020817,11.2533865,14.777733,16.287685,20.785187,22.218285,26.177505,28.031532,30.001595,28.640656,27.374458,23.037197,23.172827,19.69374,21.788929,17.521366,19.962336,20.91066,23.009848,20.340506,24.336529,18.309376,21.569517,20.265654,22.334082
35,42.423798,38.26273,37.248672,32.71949,30.031706,30.27654,26.023733,24.286236,21.239943,20.009014,18.68739,16.069845,21.56905,23.908747,26.282377,24.98983,28.87501,26.830147,29.754683,29.178633,33.12794,36.455917,36.38408,36.14674,34.852615,30.093023,30.644083,26.00143,23.86325,20.824327,17.58023,14.1728525,8.171115,6.281183,4.2473516,0.0,4.610564,6.0282154,6.572913,10.020222,10.554795,15.006635,13.924315,19.99668,23.08929,25.039932,28.287102,30.127308,33.48707,36.27742,35.96249,31.67262,34.912228,30.94386,29.507925,28.413153,23.495459,22.050129,20.519146,17.105307,15.817442,21.392279,22.333012,23.260826,26.566505,26.72708,27.35304,25.318089,25.202463,21.272951,21.958858,19.448313,15.86071,15.958527,12.601767,14.786569,12.744212,10.845209,12.869863,12.304367,11.253888,8.298872,10.915195,11.945483,13.25892,17.618633,19.443233,23.959162,25.664988,29.553383,31.595928,33.275436,31.58399,29.973223,25.852356,25.254124,21.876442,22.990776,18.436018,20.222101,20.60351,23.041775,20.45447,25.136908,19.511398,22.788692,22.244287,24.13036
36,43.797417,39.471924,39.013332,34.296925,31.852625,32.648823,28.32345,27.381403,24.353796,23.887745,22.861713,20.519732,26.001713,28.18201,30.41204,28.75839,32.44964,29.972567,32.661427,31.569769,35.593952,38.868587,38.213177,37.778225,35.972713,31.423895,31.328907,26.95244,25.514017,21.570929,19.770508,15.08277,10.624063,8.343639,6.11537,4.610564,0.0,4.0061793,5.4938717,9.965704,10.83146,15.456589,15.63106,21.730862,23.748505,26.347298,28.944221,31.482609,34.589394,37.75072,37.78223,33.593693,37.381718,33.89002,32.2762,31.466461,26.503963,25.201126,24.30118,20.319887,18.654678,23.484772,23.799683,24.002552,26.848644,26.178576,26.534584,23.714924,23.635227,19.210566,20.386566,17.181036,14.487219,13.769377,11.462631,13.234698,12.12531,11.699969,13.608346,14.556126,14.696993,12.358567,14.758426,15.147216,15.6220875,20.177296,20.669262,25.433931,26.382242,30.0894,31.674648,33.368538,31.521177,29.843874,25.735004,25.70982,22.51498,24.307508,19.866032,22.595306,22.576075,24.48807,21.490774,25.537561,19.672821,22.12397,21.412115,22.50174
