,0,1,2,3,4,5,6,7,8,9,10,11,12,13,14,15,16,17,18,19,20,21,22,23,24,25,26,27,28,29,30,31,32,33,34,35,36,37,38,39,40,41,42,43,44,45,46,47,48,49,50,51,52,53,54,55,56,57,58,59,60,61,62,63,64,65,66,67,68,69,70,71,72,73,74,75,76,77,78,79,80,81,82,83,84,85,86,87,88,89,90,91,92,93,94,95,96,97,98,99,100,101,102,103,104,105,106,107
0,0.0,4.7040505,7.290168,10.282589,13.527607,15.556664,18.458458,22.783916,24.957552,29.99505,33.25605,36.40828,34.64089,32.98549,27.999123,27.13551,23.072922,23.399797,19.561977,19.223917,16.97308,12.014681,15.008086,14.705914,19.179482,20.71148,24.457916,25.780268,25.336693,29.958176,30.163269,34.456085,39.535934,40.663204,43.597736,46.353657,48.693558,47.07556,43.741993,39.529922,40.978695,36.325966,35.930508,30.87384,30.865389,27.483837,27.854658,22.914413,25.030346,22.07718,23.99051,27.364658,25.348213,30.097218,30.797739,33.06055,33.805817,37.847694,40.566036,41.62324,40.625168,39.653645,37.689636,40.69101,39.986996,42.698803,39.581047,43.72414,40.21685,42.86273,39.274296,42.429398,39.69696,42.83516,41.22409,43.244225,43.8177,41.243645,44.931637,43.7296,40.220028,40.831196,37.46826,34.736797,34.067085,28.96779,29.398273,24.610617,26.019691,24.42556,26.430775,30.632814,30.011192,29.642675,31.855242,29.274548,29.431229,29.221188,32.006725,31.273966,34.439217,33.809574,35.267002,33.89057,34.77527,37.113285,36.034195,39.912834
1,4.7040505,0.0,5.0544944,6.5969114,9.468908,12.641662,14.4191475,19.44177,21.180828,26.62564,29.96977,32.891445,31.655638,30.208862,25.315071,24.235817,20.49141,20.322182,16.808542,15.838024,14.708994,9.22041,12.427605,11.130489,15.977408,17.016035,20.540346,21.623648,20.967806,25.843084,25.867105,30.439598,35.382374,36.904858,39.55718,42.46341,44.81009,43.009373,39.86179,35.680397,36.72508,32.073208,31.560404,26.354095,26.481586,22.964924,23.521505,18.471563,20.66051,17.729467,19.503565,22.711754,20.826149,25.445045,26.251785,28.636541,29.267918,33.359196,36.20538,37.076977,35.995197,35.007908,33.0892,36.11138,35.468834,38.342583,35.467583,39.66507,36.426342,38.98157,35.61975,38.86237,36.04735,39.444344,37.7901,40.112198,40.67875,38.107243,41.97542,40.791687,36.972992,37.247593,33.771015,30.929207,30.44551,25.05223,25.675522,20.957218,22.43607,21.276857,23.342512,27.521112,27.341978,27.147388,28.87675,26.706247,26.460789,26.821625,29.170824,28.799862,32.118618,31.763647,32.865833,31.85028,31.957632,34.528545,33.12652,37.076614
2,7.290168,5.0544944,0.0,5.3057127,7.4197426,8.731498,11.901181,15.773172,18.363047,22.906137,26.700207,29.466177,27.77002,26.4242,21.27319,20.908327,17.139242,17.938334,15.028507,15.123232,14.522204,9.735129,14.661893,13.84193,18.858456,18.668137,22.722124,22.760757,21.137383,26.27342,24.98318,29.967129,34.064888,35.467426,38.245514,40.82564,43.581738,42.027775,38.936947,34.99016,36.090275,31.900984,30.778187,26.037098,27.260479,23.579464,25.17443,19.940231,22.675179,19.866117,20.718517,23.218714,20.331783,24.930464,24.87452,26.697334,27.73083,31.5651,34.135975,35.723045,34.90801,34.612125,33.207195,36.62037,36.556637,39.68193,37.188995,41.13022,37.941822,39.93747,36.649837,39.43526,36.112473,39.304924,37.10847,39.31777,39.381664,36.45984,40.0405,38.31988,34.41499,34.92822,31.486591,29.096922,28.97579,23.679161,25.456026,21.046053,23.48396,22.991463,25.562696,29.773994,29.33557,28.712772,29.928175,27.08832,26.47983,25.946117,27.92398,26.687841,30.128817,30.202993,31.549635,31.38793,31.49919,34.59029,33.60768,37.778305
3,10.282589,6.5969114,5.3057127,0.0,3.7933846,6.9015365,8.616155,13.396697,14.854364,20.58847,23.45878,26.633024,25.41335,23.85865,19.192001,17.738674,14.143288,13.793557,10.658423,9.988695,10.076758,5.32809,10.416025,9.68891,14.532723,13.647515,18.067068,17.745049,16.196386,21.105572,20.227854,24.868683,29.41694,30.700964,33.52269,36.229023,38.75598,37.161915,33.9659,29.916567,31.209986,26.891363,26.078196,21.433035,22.420507,18.964561,20.724514,15.5831375,19.006351,16.931751,18.235851,20.127924,18.267786,22.034258,22.180365,24.118607,24.263933,28.271431,30.599453,31.842192,31.20574,30.418877,28.76367,32.192474,32.29237,35.10036,32.42777,36.166576,32.817547,34.718044,31.379185,34.130844,30.84472,34.0839,32.016922,34.322155,34.583694,31.834024,35.63117,34.28312,30.396877,30.733807,27.29031,24.574884,24.18871,18.884527,20.214375,15.7504015,18.23142,17.950726,20.68125,24.856178,24.425457,23.786879,24.743607,22.099096,21.346727,21.324991,23.203142,22.609419,26.051067,26.069338,27.073416,26.83426,26.513617,29.592869,28.429365,32.602448
4,13.527607,9.468908,7.4197426,3.7933846,0.0,5.3838396,4.9965234,10.456806,11.762274,17.489489,20.85483,23.537254,22.766775,21.606094,16.964243,15.764228,12.79829,12.363559,10.45653,9.550398,11.553778,7.8887367,12.449418,10.944764,15.48548,13.661374,17.587925,16.529291,14.170376,19.502623,17.616196,22.896318,26.758255,28.535452,31.025068,33.758156,36.496937,34.786522,31.880276,28.014992,28.757847,24.693943,23.380365,18.750065,20.513905,16.82498,19.27606,14.146224,17.619871,15.658939,16.147968,17.446667,15.140695,18.747787,18.561565,20.372925,20.71086,24.65341,27.094172,28.478231,27.806873,27.405638,26.09551,29.688383,30.057825,33.19617,31.031607,34.732864,31.802116,33.390057,30.408258,33.060635,29.5266,32.94483,30.620579,33.194965,33.216442,30.328726,34.14755,32.54973,28.270166,28.304312,24.733671,22.147093,22.248976,16.619528,18.889523,14.878624,17.780201,18.311905,21.091232,25.048937,25.03147,24.472282,24.727966,22.381233,21.065723,21.28497,22.417618,21.813921,25.393948,25.908434,26.633377,27.133543,26.02657,29.485815,28.173483,32.40371
5,15.556664,12.641662,8.731498,6.9015365,5.3838396,0.0,5.9638243,7.3777094,10.341348,14.549318,18.020618,20.977509,19.131552,17.74832,12.697242,12.336697,8.966955,10.408776,9.319621,10.672189,12.2059355,10.233329,15.662626,15.426246,19.72167,17.351723,21.876787,20.06162,17.129982,21.991386,18.951357,24.034447,26.99902,28.100658,31.024055,33.18386,36.315033,35.110737,32.096832,28.543901,29.839342,26.430658,24.658068,21.069355,23.747288,20.33547,23.515182,18.64811,22.479115,20.79628,20.83005,21.45068,18.495378,21.671503,20.431137,21.32088,21.877714,25.34083,27.07057,29.408491,29.269684,29.53195,28.723131,32.627647,33.616882,36.678024,34.665302,37.899914,34.770863,35.75779,32.690174,34.665195,30.690752,33.559513,30.684904,32.828247,32.281258,29.023926,32.347233,30.164753,26.083494,26.725252,23.369053,21.464857,21.759176,16.841547,20.162086,16.709019,20.456263,21.275183,24.445488,28.361017,27.693224,26.541904,26.572685,23.207602,21.812664,20.510584,21.4632,19.5374,23.13237,23.99052,25.210365,26.496235,25.930933,29.764755,29.208042,33.556267
6,18.458458,14.4191475,11.901181,8.616155,4.9965234,5.9638243,0.0,6.4973545,7.1527777,12.943897,16.588036,18.789385,18.567656,17.836903,13.540283,12.500494,10.738529,10.164091,10.33036,9.632519,13.444269,11.536036,15.525885,13.995433,17.708643,14.668239,18.111467,15.816606,12.3239,17.669563,14.142471,19.99997,22.75247,24.896908,27.098873,29.712503,32.749855,31.055185,28.456028,24.92937,25.22117,21.725018,19.703407,15.626992,18.68022,15.0504,18.63753,14.023783,17.712252,16.423428,15.912136,15.812512,13.221725,15.832281,14.795314,16.064283,16.334305,20.076126,22.303398,24.086784,23.649517,23.814428,23.064638,26.951769,27.952702,31.29342,29.750349,33.107777,30.57681,31.528475,28.963142,31.21295,27.29507,30.71595,27.976233,30.74247,30.3663,27.29252,31.022224,29.096142,24.426788,24.175688,20.525534,18.232948,18.97084,13.25192,16.961128,13.945557,17.495695,19.081678,21.968218,25.524605,25.727274,25.06877,24.39312,22.19498,20.21056,20.420433,20.524202,19.788916,23.42406,24.587145,24.986103,26.523802,24.557058,28.490744,27.213894,31.467003
7,22.783916,19.44177,15.773172,13.396697,10.456806,7.3777094,6.4973545,0.0,4.65316,7.2430525,11.527899,13.703746,12.461892,11.865475,7.2547793,7.762285,7.2967563,8.844143,11.216487,12.570184,16.148397,15.866504,20.325798,19.771751,23.174524,19.56429,23.333065,20.180029,16.159168,20.532162,15.380058,20.81077,21.811302,23.286554,25.779467,27.594738,31.205923,30.130135,27.62824,24.737019,25.428839,23.091902,20.332073,18.026737,22.26956,19.214087,23.564108,19.54841,23.429415,22.549162,21.521294,20.495453,17.427355,19.020624,16.551262,16.290415,16.752552,19.52937,20.614378,23.749197,24.097801,25.279087,25.355135,29.536407,31.398832,34.62484,33.488503,36.160667,33.627693,33.69022,31.265663,32.587276,28.137838,30.880623,27.403677,29.739017,28.52596,24.986944,28.040869,25.25133,20.581276,20.87871,17.51156,16.38541,17.734756,13.272172,18.543858,16.718388,21.032799,23.101393,26.2847,29.600897,29.256655,28.029366,26.81948,23.777956,21.517353,20.2061,19.529396,17.31339,20.862186,22.774254,23.469141,26.335304,24.531696,28.961773,28.495804,32.770676
8,24.957552,21.180828,18.363047,14.854364,11.762274,10.341348,7.1527777,4.65316,0.0,7.358285,9.616886,12.073853,12.338732,11.755652,8.954845,7.2838955,8.269758,7.3935175,10.747477,11.0851,15.737605,16.257687,19.616377,18.953526,21.50605,17.320345,20.599377,16.857605,12.608525,16.452482,10.85061,16.279564,17.294458,19.048132,21.369164,23.460577,26.90887,25.646757,23.179523,20.256165,20.786892,18.498661,15.727201,13.820832,18.325375,15.694042,20.389788,17.048954,21.108768,21.028196,20.124393,18.28735,16.41976,16.729506,14.454112,14.254866,13.4035225,16.35404,17.169083,19.860113,20.418106,21.165604,21.156452,25.37213,27.503738,30.486355,29.447338,31.849735,29.439974,29.256958,27.038767,28.269255,23.794584,26.703722,23.28151,25.928183,24.874609,21.512968,24.919315,22.560505,17.618792,17.34063,13.748302,12.130421,13.612242,8.872986,14.585224,13.534252,17.823002,20.45966,23.507298,26.425682,26.339296,25.236828,23.454645,21.009748,18.361332,17.911806,16.570185,15.391178,18.854038,20.881115,20.928066,23.953293,21.230225,25.709038,24.932755,29.103466
9,29.99505,26.62564,22.906137,20.58847,17.489489,14.549318,12.943897,7.2430525,7.358285,0.0,7.0396366,6.90048,6.4717216,7.832131,6.142695,8.39164,11.175285,12.6104555,16.57937,18.005676,22.056307,22.683308,26.634277,26.078453,28.846315,24.67162,27.769793,23.83677,19.431688,22.727345,16.132524,21.003414,19.343235,20.918547,22.821497,23.879534,28.04292,27.338343,25.552677,23.725893,23.840357,23.063566,19.40811,19.060535,24.399078,22.01836,26.968092,23.927423,27.563507,27.29091,25.53913,23.297476,20.351955,20.311172,16.729183,14.862511,15.272824,16.526705,16.306074,20.669352,21.757824,24.13127,25.28118,29.51124,32.234665,35.45254,35.195866,37.15655,35.229843,34.320152,32.589813,33.08083,28.332489,30.628317,26.605026,28.85277,26.821093,23.093502,25.430544,21.84114,16.834188,16.87516,13.971807,14.472999,16.99795,14.237049,20.600552,20.4389,24.79895,27.605728,30.669672,33.38579,33.175762,31.842566,29.722715,26.936966,24.192474,22.652184,20.576187,17.995422,20.983503,23.814644,24.098186,28.354588,25.76225,30.486538,30.317692,34.313805
10,33.25605,29.96977,26.700207,23.45878,20.85483,18.020618,16.588036,11.527899,9.616886,7.0396366,0.0,5.710649,5.293884,4.759218,7.7817097,6.843373,11.230683,11.503436,16.209764,17.897764,21.758703,24.029741,27.124523,27.433752,29.259384,24.664183,27.930965,23.51454,19.532356,21.09308,14.946873,17.678455,15.564314,15.385537,18.121302,18.481922,22.593102,22.618248,20.425058,19.032022,20.47475,20.485907,17.368488,18.864555,23.837208,22.53217,27.497984,25.25421,29.387648,29.99726,28.955256,26.241,24.750109,23.630754,20.519283,18.71963,17.157806,18.060347,16.132874,20.244738,22.300602,23.864353,24.794851,28.924253,32.17488,34.45356,33.89365,34.95767,32.607964,30.990044,29.185575,28.753836,23.87311,25.328058,20.997316,22.725002,20.287857,16.460997,18.460531,14.810557,9.90276,10.640571,8.31923,9.794684,12.055611,11.857773,17.78468,18.907341,23.24129,26.291052,29.351618,31.562063,30.81671,29.090868,26.47372,23.45808,20.633965,18.525856,15.568701,12.901606,15.245827,18.516514,18.449295,23.515465,20.74303,25.490324,25.92569,29.648037
11,36.40828,32.891445,29.466177,26.633024,23.537254,20.977509,18.789385,13.703746,12.073853,6.90048,5.710649,0.0,5.52132,8.1862135,10.77112,11.760828,15.833856,16.323185,20.931461,22.129278,26.458738,27.99367,31.199448,30.808327,32.765636,28.171755,30.689974,26.212505,21.924902,23.752419,16.821316,20.201565,16.193663,17.472683,18.738234,18.92269,23.398478,23.161142,22.065079,21.405035,21.22756,22.046951,18.096281,19.90508,25.547747,24.135603,29.274294,27.305922,30.83392,31.346624,29.486961,26.3174,24.33728,22.703112,18.947273,16.259459,15.496894,15.196456,12.940187,17.96934,20.046278,22.87942,24.725132,28.756046,32.236538,35.00978,35.349735,36.425934,34.945305,33.100754,32.012466,31.625856,26.82716,28.540646,24.236057,26.315964,23.677225,20.082224,21.711857,17.781387,12.697922,12.186368,10.2504635,12.496801,15.72329,15.194836,21.501274,22.856956,26.950668,30.274689,33.119236,35.147884,34.997475,33.602158,30.695078,28.357574,25.322046,23.922218,20.698317,18.512392,20.643614,24.020342,23.669525,28.84696,25.47603,30.175764,30.228737,33.76695
12,34.64089,31.655638,27.77002,25.41335,22.766775,19.131552,18.567656,12.461892,12.338732,6.4717216,5.293884,5.52132,0.0,3.6770866,6.936885,9.286984,13.108429,14.9729395,19.349726,21.562698,25.03392,26.77223,30.601898,30.806524,33.212624,28.824463,32.24753,28.011267,23.831608,26.007494,19.581932,22.858816,20.145384,20.191458,22.530888,22.433275,26.78171,26.996048,25.207169,24.159185,25.186115,25.42957,21.960238,23.150694,28.412401,26.70086,31.719177,29.074041,33.015514,33.12325,31.63731,29.135693,26.646364,26.050306,22.405155,20.101995,19.794939,20.166143,18.349863,23.202581,25.123707,27.562435,28.931152,33.083675,36.31553,38.978634,38.697777,39.92167,37.764984,36.164074,34.449528,34.01475,29.132158,30.457521,26.04964,27.518875,24.758669,20.886608,22.119225,17.774302,13.52299,14.612533,12.952475,14.95268,17.334904,16.815014,22.886656,23.553295,28.012833,30.884745,34.04553,36.48937,35.70997,33.93324,31.552837,28.22731,25.565533,22.900099,20.307373,16.76199,18.944328,22.262032,22.70723,27.872044,25.683554,30.409687,31.067875,34.809223
13,32.98549,30.208862,26.4242,23.85865,21.606094,17.74832,17.836903,11.865475,11.755652,7.832131,4.759218,8.1862135,3.6770866,0.0,5.4688044,6.6974726,10.516473,12.536633,16.803669,19.44293,22.434443,24.676638,28.444113,29.145658,31.46089,27.134356,31.012926,26.874407,22.960201,24.923895,19.11639,21.896553,20.230145,19.434996,22.524815,22.471668,26.559248,26.955095,24.591618,23.190977,25.127178,24.965864,22.017214,23.063288,27.859926,26.24797,31.099546,28.32161,32.590206,32.759163,31.780043,29.554184,27.390251,27.052364,23.789593,21.95479,21.169167,22.094862,20.352486,24.763496,26.70746,28.471115,29.349241,33.519238,36.62142,38.96731,38.168365,39.350513,36.690113,35.21549,33.09096,32.59684,27.732534,28.826283,24.463799,25.622461,22.990604,19.056602,20.371792,16.2329,12.424378,14.274055,12.624962,14.180831,15.84871,15.609783,21.200054,21.678835,26.216145,28.848997,32.12232,34.660336,33.476017,31.47626,29.33122,25.54207,23.101755,19.850533,17.566204,13.5142765,15.741859,18.947124,19.70015,24.752682,23.124268,27.796368,28.759947,32.562412
14,27.999123,25.315071,21.27319,19.192001,16.964243,12.697242,13.540283,7.2547793,8.954845,6.142695,7.7817097,10.77112,6.936885,5.4688044,0.0,5.047621,7.0691237,10.307045,13.855126,16.627562,19.418655,20.72259,25.134758,25.580835,28.557625,24.622152,28.77918,25.121485,21.157755,24.251055,18.685566,22.678486,22.312714,22.351652,25.392181,26.108042,30.052845,29.885006,27.327646,25.177511,26.79573,25.607887,22.718166,22.262655,26.847721,24.530483,29.172007,25.671387,29.865307,29.431543,28.47557,26.929451,24.125,24.85042,21.78427,20.48865,20.492285,22.202587,21.692331,25.79969,27.065258,28.698292,29.235193,33.48706,36.042656,38.803223,37.746124,39.62487,36.852875,36.09394,33.66862,33.951057,29.193176,30.926777,26.878923,28.41425,26.366756,22.501059,24.521887,20.891891,16.849426,18.243202,15.752599,16.105127,17.541025,15.394579,20.961435,20.235575,24.861078,27.10134,30.470512,33.505688,32.456665,30.636316,29.086771,25.20447,22.963577,19.988918,18.69672,14.829403,17.82784,20.398142,21.501015,25.570402,24.326124,28.950481,29.498573,33.612934
15,27.13551,24.235817,20.908327,17.738674,15.764228,12.336697,12.500494,7.762285,7.2838955,8.39164,6.843373,11.760828,9.286984,6.6974726,5.047621,0.0,4.418694,5.9263945,10.15038,12.817437,15.815127,18.084116,21.751593,22.603388,24.971764,20.81136,25.116379,21.324734,17.691149,20.128881,15.270325,18.49242,19.221521,18.690926,22.246193,23.248007,26.793388,26.597084,23.55862,21.020027,23.37178,21.825613,19.561466,19.262947,23.300713,21.411367,25.90978,22.726143,27.263035,27.350536,27.021322,25.362934,23.643124,23.91377,21.458168,20.67931,19.497799,21.674532,21.007452,24.373814,25.770885,26.471195,26.467396,30.645472,33.16906,35.432465,33.934315,35.615616,32.46513,31.735214,29.05334,29.293491,24.59885,26.291706,22.404516,23.947584,22.270512,18.534916,21.095854,18.198532,14.232528,15.652886,12.981123,12.5096445,13.201166,11.280845,16.31191,15.779801,20.413307,22.698917,26.077824,28.964808,27.713894,25.794016,24.154673,20.228027,17.957035,15.071915,13.753595,10.328825,13.629263,16.019814,16.878511,20.750856,19.342422,23.950275,24.47532,28.60608
16,23.072922,20.49141,17.139242,14.143288,12.79829,8.966955,10.738529,7.2967563,8.269758,11.175285,11.230683,15.833856,13.108429,10.516473,7.0691237,4.418694,0.0,4.633523,7.000383,10.456173,12.468725,14.428995,18.63495,19.808907,22.648216,19.0048,23.892271,20.736176,17.511581,20.542183,16.738642,20.204805,22.306784,21.826225,25.54579,26.887215,30.133837,29.752686,26.421545,23.362736,25.940237,23.576775,21.802399,20.408922,23.720072,21.451944,25.459074,21.680252,26.298471,25.95195,26.081406,25.216423,23.336557,24.53976,22.570368,22.413116,21.567707,24.318943,24.340723,27.29678,28.276474,28.556837,28.060116,32.16919,34.1787,36.470276,34.470478,36.576046,33.058464,32.941757,29.82569,30.560572,26.125372,28.007189,24.527037,26.005154,24.833363,21.312895,24.101448,21.66332,18.126234,19.613287,16.838097,15.651718,15.671262,12.828875,16.807465,15.021406,19.570637,21.177975,24.672247,28.004906,26.518932,24.58088,23.722239,19.40661,17.659422,14.60241,14.656317,11.370312,14.877169,16.394482,17.770998,20.484524,20.007496,24.295721,24.748749,29.027998
17,23.399797,20.322182,17.938334,13.793557,12.363559,10.408776,10.164091,8.844143,7.3935175,12.6104555,11.503436,16.323185,14.9729395,12.536633,10.307045,5.9263945,4.633523,0.0,4.7430544,7.0203223,10.262809,12.977906,16.016228,17.162107,19.252764,15.197681,19.931143,16.537153,13.546211,16.068573,12.952505,15.965112,19.089117,18.673157,22.41158,24.206228,27.052021,26.39694,22.876547,19.445759,22.195774,19.42335,18.17177,16.726377,19.550344,17.655626,21.566315,18.22374,23.03062,23.269375,23.801273,22.661848,21.856955,22.436903,21.029839,21.289648,19.514803,22.577349,22.644773,24.825779,25.781649,25.307707,24.38566,28.37317,30.320786,32.284542,30.06413,32.08258,28.448391,28.414146,25.229755,26.134197,21.803099,23.973228,20.774313,22.59606,21.927464,18.709126,22.144747,20.502035,16.833735,17.776352,14.79325,12.674038,12.115024,8.853893,12.206173,10.51087,15.107912,17.005457,20.45532,23.59699,22.260017,20.443378,19.296398,15.408323,13.376595,11.379198,11.285053,9.671516,13.317872,14.552036,15.217372,17.524237,16.233692,20.515154,20.513687,24.830132
18,19.561977,16.808542,15.028507,10.658423,10.45653,9.319621,10.33036,11.216487,10.747477,16.57937,16.209764,20.931461,19.349726,16.803669,13.855126,10.15038,7.000383,4.7430544,0.0,4.331369,5.6849046,8.719421,11.931372,13.7864485,16.175684,12.885093,18.342089,15.937517,13.90375,16.716503,15.377503,18.153524,22.629412,22.175142,25.97819,28.046019,30.478992,29.66847,25.908682,22.058624,25.03904,21.495672,20.969458,18.527744,20.14837,18.057537,21.08136,17.267838,22.092115,21.993805,23.288609,23.0644,22.459106,23.854692,23.138506,24.047117,22.465548,25.968136,26.583298,28.252596,28.821383,27.784708,26.27523,30.026321,31.351057,33.16544,30.311132,32.716904,28.651308,29.343811,25.693033,27.146025,23.308144,25.596474,23.02523,24.704964,24.652924,21.8188,25.386826,24.281118,21.09281,22.09887,19.178104,16.62952,15.437587,11.854925,13.196247,9.940765,13.971633,14.787949,18.310488,21.934721,20.268614,18.467384,18.396042,14.22442,13.066167,11.311346,12.968824,12.00983,15.401433,15.541068,16.582306,17.229725,17.038103,20.654154,20.497952,24.83388
19,19.223917,15.838024,15.123232,9.988695,9.550398,10.672189,9.632519,12.570184,11.0851,18.005676,17.897764,22.129278,21.562698,19.44293,16.627562,12.817437,10.456173,7.0203223,4.331369,0.0,5.4813666,7.5163093,9.23607,10.354959,12.314151,8.669774,14.022811,11.777099,10.170605,13.256691,13.029497,15.978052,21.341576,21.626047,24.94429,27.567553,29.665052,28.354723,24.72731,20.569225,22.998322,18.831802,18.73938,15.500978,16.360136,14.223567,16.870443,13.117547,17.983763,18.183458,19.854162,19.6917,19.926094,21.125847,21.108791,22.576872,20.638802,24.473053,25.57517,26.455229,26.666937,25.040768,23.102879,26.64875,27.605204,29.400997,26.405287,29.130058,25.18508,26.325937,22.73717,24.820805,21.299562,24.222715,22.144917,24.37024,24.84774,22.386843,26.436398,25.83749,22.348219,22.638323,19.493862,16.296923,15.0148,10.546368,10.756991,6.582318,10.272583,11.184134,14.6102705,18.313822,17.281649,16.035183,15.914771,12.948665,11.610612,12.112642,13.590919,14.309903,17.55222,17.522736,17.819733,17.819242,16.633175,19.95449,18.87918,23.173044
20,16.97308,14.708994,14.522204,10.076758,11.553778,12.2059355,13.444269,16.148397,15.737605,22.056307,21.758703,26.458738,25.03392,22.434443,19.418655,15.815127,12.468725,10.262809,5.6849046,5.4813666,0.0,5.5836263,7.2011905,10.511961,12.534508,10.631,16.495712,15.495895,15.018821,17.435764,18.30312,20.327991,26.145813,25.608444,29.383724,31.76048,33.60583,32.610317,28.645794,24.441376,27.654335,23.417223,23.83932,20.706285,20.732018,18.8398,20.54197,16.751339,21.327715,21.16474,23.505472,24.147768,24.271069,26.09818,26.2571,27.812096,26.094591,29.93172,30.942783,31.880991,32.119965,30.289757,28.089432,31.406797,32.032818,33.43143,29.823307,32.50114,27.9743,29.474068,25.387182,27.418482,24.338871,26.703417,24.999416,26.550125,27.278679,25.026762,28.776403,28.43737,25.72189,26.626326,23.813463,20.803284,18.98182,15.498117,14.565519,10.311956,12.775863,11.999313,15.309123,19.282503,17.232964,15.584056,16.882044,12.94422,12.997207,12.307832,15.370816,15.630091,18.46535,17.49777,18.527735,17.1668,17.910767,20.458977,19.969362,24.080927
21,12.014681,9.22041,9.735129,5.32809,7.8887367,10.233329,11.536036,15.866504,16.257687,22.683308,24.029741,27.99367,26.77223,24.676638,20.72259,18.084116,14.428995,12.977906,8.719421,7.5163093,5.5836263,0.0,5.8051486,7.3151536,11.275971,10.600608,15.879063,15.8245125,15.27195,19.083313,19.675467,23.031258,28.615215,29.135578,32.358944,35.06798,37.121323,35.688774,32.09264,27.83091,29.987888,25.423174,25.459177,21.191492,21.18728,18.451448,19.703882,15.090371,19.038256,17.872517,20.195524,21.79444,21.311995,24.20296,24.70765,26.710161,25.83219,29.918018,31.772577,32.600685,32.252254,30.66772,28.493895,31.736423,31.81333,33.85912,30.498287,33.917217,29.927162,31.963865,28.18682,30.880844,27.922243,30.88618,29.238468,31.252886,31.954065,29.572199,33.463223,32.774853,29.451998,29.970686,26.772812,23.713057,22.525324,17.878147,17.647476,12.899549,14.879483,13.879924,16.71846,20.976421,19.908451,19.05441,20.54381,17.685776,17.504921,17.669676,20.265879,20.372368,23.500957,22.878208,23.832,22.653492,22.86602,25.434132,24.352844,28.409498
22,15.008086,12.427605,14.661893,10.416025,12.449418,15.662626,15.525885,20.325798,19.616377,26.634277,27.124523,31.199448,30.601898,28.444113,25.134758,21.751593,18.63495,16.016228,11.931372,9.23607,7.2011905,5.8051486,0.0,4.729137,6.3998957,7.3263974,12.274904,13.439723,14.596947,17.202475,19.923681,22.079086,28.748903,29.177996,32.2325,35.24652,36.627007,34.986843,31.308565,26.84781,29.148638,24.14715,25.202616,20.857346,19.235662,17.262379,17.199238,13.498764,17.149149,16.800014,20.193447,21.862001,22.931608,25.155664,26.484196,28.894564,27.24262,31.437622,33.30245,33.229218,32.773987,30.219606,27.383186,30.084362,29.672573,31.027018,27.016266,30.435526,26.139528,28.763968,24.797413,27.947552,25.758766,28.842354,28.034374,30.105286,31.53163,29.777052,33.94284,34.0999,31.087082,31.284468,28.24749,24.715948,22.952168,18.737097,16.488499,11.722653,11.834563,9.577563,11.81947,16.09112,15.101585,14.777318,16.988214,15.288978,15.718211,17.493196,20.406855,21.96307,24.658821,23.472923,23.881119,21.50403,21.540304,23.215225,21.525553,25.193521
23,14.705914,11.130489,13.84193,9.68891,10.944764,15.426246,13.995433,19.771751,18.953526,26.078453,27.433752,30.808327,30.806524,29.145658,25.580835,22.603388,19.808907,17.162107,13.7864485,10.354959,10.511961,7.3151536,4.729137,0.0,5.051618,6.4312096,9.909382,11.671404,12.745448,16.325108,18.782797,21.894226,28.213469,29.643326,32.062527,35.395744,36.894596,34.820496,31.581646,27.167671,28.38312,23.2224,23.96263,18.823734,17.151068,14.584363,14.148716,9.938621,13.028221,12.198481,15.689099,17.817083,19.007835,21.533846,23.315655,26.106968,24.805613,29.112581,31.58694,31.193052,30.271557,27.797474,24.99011,27.572083,26.77764,28.702404,25.128746,29.116411,25.549767,28.424326,24.979445,28.601559,26.425922,30.09528,29.261879,31.871017,33.229095,31.397814,35.756077,35.70316,32.11189,31.790136,28.4826,24.872068,23.658476,18.654606,17.005632,12.325606,12.19161,10.686645,12.369417,16.463148,16.832664,17.240849,18.77776,18.152405,17.918697,20.47737,22.640879,24.342545,27.297087,26.591745,26.677248,24.906998,23.90844,25.866455,23.592945,27.227493
24,19.179482,15.977408,18.858456,14.532723,15.48548,19.72167,17.708643,23.174524,21.50605,28.846315,29.259384,32.765636,33.212624,31.46089,28.557625,24.971764,22.648216,19.252764,16.175684,12.314151,12.534508,11.275971,6.3998957,5.051618,0.0,4.87051,6.8101377,9.815996,12.598304,14.46833,18.78443,20.517189,27.577711,28.799875,31.053303,34.548004,35.43585,33.254375,29.987368,25.526339,26.91214,21.553387,23.238667,18.462988,15.319633,13.884232,12.21229,9.725338,12.452491,13.078291,17.181513,18.773832,21.404219,22.87068,25.123909,28.007267,25.885048,30.101418,32.330154,31.216106,30.364824,27.043478,23.702164,25.754833,24.676271,25.780281,21.587545,25.418404,21.556534,24.862738,21.318449,25.259502,23.792168,27.490137,27.377213,29.998583,31.912153,30.64139,35.133686,35.77774,32.527233,31.968903,28.91203,25.035463,23.354685,19.058151,15.768008,11.671437,9.664359,7.2617126,7.8608456,11.767719,12.579777,13.666944,15.447095,16.155293,16.263386,20.064096,22.217445,24.995321,27.530048,26.490236,26.078356,23.600653,22.260283,23.475325,20.679247,23.865835
25,20.71148,17.016035,18.668137,13.647515,13.661374,17.351723,14.668239,19.56429,17.320345,24.67162,24.664183,28.171755,28.824463,27.134356,24.622152,20.81136,19.0048,15.197681,12.885093,8.669774,10.631,10.600608,7.3263974,6.4312096,4.87051,0.0,5.866262,6.1489277,8.246049,10.284245,14.097383,15.986561,22.892118,24.108978,26.436932,29.866192,30.979263,28.877754,25.57861,21.124897,22.597433,17.362175,18.773268,14.314118,11.9661455,10.478491,10.436157,7.707518,11.933351,13.164007,16.38926,16.81966,19.360338,20.117779,21.861458,24.395102,21.879913,26.01005,27.880901,27.017485,26.491848,23.37519,20.283499,22.841143,22.548754,23.831614,20.042988,23.500559,19.624092,22.17431,18.661362,22.199903,20.051657,23.8417,23.238619,26.03925,27.65953,26.18797,30.715912,31.189596,27.769386,27.124256,24.046608,20.169277,18.580328,14.19688,11.170298,6.9842787,5.8367977,5.342327,7.526375,11.414319,12.05024,12.522342,13.00502,13.345407,12.62023,16.555439,18.077244,20.929296,23.566599,22.942146,22.313194,20.700788,18.59215,20.504145,17.780407,21.390314
26,24.457916,20.540346,22.722124,18.067068,17.587925,21.876787,18.111467,23.333065,20.599377,27.769793,27.930965,30.689974,32.24753,31.012926,28.77918,25.116379,23.892271,19.931143,18.342089,14.022811,16.495712,15.879063,12.274904,9.909382,6.8101377,5.866262,0.0,4.83838,8.816433,9.743068,14.869975,16.382454,23.148094,25.327084,26.634834,30.489548,31.134783,28.455042,25.784273,21.54942,21.698544,16.270954,18.218025,13.355885,9.090987,8.41953,5.702725,5.717487,8.0344515,10.724982,14.299546,14.516435,18.672638,18.590742,21.321308,24.295488,21.504173,25.513191,27.83414,25.867418,24.821909,20.951302,17.340614,19.061096,17.894062,19.069632,15.233677,19.371561,16.346962,19.64633,16.935507,21.29056,19.985754,24.340027,24.416508,27.700296,29.67127,28.65765,33.32726,34.141792,30.532665,29.171133,26.149712,22.173527,20.900578,16.681108,13.259239,10.72857,7.833681,7.95742,7.5742893,9.84096,12.725696,14.494639,14.364198,16.872522,15.9477825,21.027514,21.850441,25.394884,27.835844,27.374794,26.176607,24.591276,21.481977,22.906155,19.317152,22.224792
27,25.780268,21.623648,22.760757,17.745049,16.529291,20.06162,15.816606,20.180029,16.857605,23.83677,23.51454,26.212505,28.011267,26.874407,25.121485,21.324734,20.736176,16.537153,15.937517,11.777099,15.495895,15.8245125,13.439723,11.671404,9.815996,6.1489277,4.83838,0.0,4.5393076,5.323133,10.107066,11.834818,18.440855,20.698431,22.05456,25.8606,26.78629,24.186619,21.477379,17.248037,17.419762,12.038946,13.662896,9.104915,5.818514,5.2304864,5.868304,5.742017,9.631306,12.442723,14.7500925,13.567077,17.405088,16.458958,18.495043,21.003782,17.6907,21.593603,23.468971,21.792551,21.169752,17.531301,14.2265,16.71853,16.711378,18.124062,14.941391,18.42322,15.4058,17.607433,14.979233,18.736702,16.56959,21.02577,20.507114,23.993856,25.602947,24.371689,29.042028,29.6563,25.873419,24.384281,21.35025,17.382923,16.287838,12.048789,9.056661,7.341805,5.650261,8.143455,9.102734,11.13032,13.340296,14.329682,12.888337,14.925856,13.140044,18.138412,18.16847,21.71114,24.181555,24.17936,22.773094,22.150715,18.297934,20.440374,17.045181,20.335403
28,25.336693,20.967806,21.137383,16.196386,14.170376,17.129982,12.3239,16.159168,12.608525,19.431688,19.532356,21.924902,23.831608,22.960201,21.157755,17.691149,17.511581,13.546211,13.90375,10.170605,15.018821,15.27195,14.596947,12.745448,12.598304,8.246049,8.816433,4.5393076,0.0,5.871199,6.544865,10.617095,15.982482,18.717,20.092686,23.752048,25.396162,22.901094,20.342253,16.311777,16.08741,11.214439,11.276023,6.26175,6.6652646,4.256462,8.252382,6.497443,10.861651,12.867306,13.885501,11.952939,14.69267,13.6289835,14.845706,17.01873,13.846068,17.866127,19.763412,18.8304,18.361734,15.712536,13.279797,16.66274,17.509775,19.776316,17.663347,20.84784,18.351141,19.598003,17.331322,20.324986,17.219086,21.553928,20.088427,23.671907,24.568935,22.754286,27.309322,27.223024,22.930628,21.3978,18.060066,14.282771,13.943362,8.706006,8.382597,6.9325624,8.120467,11.21599,13.064946,15.326793,16.892063,17.204697,15.316566,16.081066,13.651102,17.560076,16.940336,19.667376,22.473715,23.096134,21.86445,22.407984,18.363104,21.417677,18.604963,22.268702
29,29.958176,25.843084,26.27342,21.105572,19.502623,21.991386,17.669563,20.532162,16.452482,22.727345,21.09308,23.752419,26.007494,24.923895,24.251055,20.128881,20.542183,16.068573,16.716503,13.256691,17.435764,19.083313,17.202475,16.325108,14.46833,10.284245,9.743068,5.323133,5.871199,0.0,7.2284575,6.6609054,13.686071,15.691204,16.950132,20.7589,21.49132,18.953623,16.165512,11.967349,12.447003,7.12157,9.48399,7.213752,5.0570545,6.9360337,9.2689085,10.452039,13.956789,17.060251,18.507624,16.082283,19.833742,17.580404,18.86501,20.609922,16.335482,19.642414,20.509209,18.725454,18.857496,15.005693,11.930952,14.698371,15.993866,16.738049,14.039273,16.201832,13.116142,13.937649,11.541532,14.493832,11.7192545,16.292305,15.568631,19.31863,20.859667,19.853657,24.522718,25.433054,21.830746,20.034565,17.361814,13.391152,12.129892,9.320606,5.653539,7.2799525,6.488183,10.321865,11.410119,12.203692,13.904341,14.348574,11.303406,13.642456,11.095536,16.341494,15.214207,19.337341,21.377838,21.731098,19.74392,19.956715,14.979834,17.40287,14.03321,17.22571
30,30.163269,25.867105,24.98318,20.227854,17.616196,18.951357,14.142471,15.380058,10.85061,16.132524,14.946873,16.821316,19.581932,19.11639,18.685566,15.270325,16.738642,12.952505,15.377503,13.029497,18.30312,19.675467,19.923681,18.782797,18.78443,14.097383,14.869975,10.107066,6.544865,7.2284575,0.0,6.7735,9.790245,13.089536,14.164531,17.66234,19.849829,17.51891,15.266584,11.8585415,11.162577,7.805592,5.908967,4.5020566,8.92391,8.387908,13.211232,12.699753,16.352734,18.44803,18.242771,14.924171,16.890728,14.244039,13.91103,14.690372,10.394952,13.585238,14.200907,13.853796,14.449344,12.63533,11.5223055,15.558115,18.051142,20.200941,19.257887,21.169237,19.233807,18.792004,17.282381,18.877275,14.852054,18.804367,16.378403,20.147236,20.259394,18.17474,22.508514,22.06058,17.413544,15.330938,12.018065,8.448824,9.215055,4.8482027,7.8316035,9.583804,11.95171,15.78372,17.782574,19.259312,20.358788,20.084742,16.982159,17.298405,14.103386,17.129822,14.841298,17.303295,19.822044,21.333607,19.685236,21.904045,16.90236,20.665403,18.442997,21.980812
31,34.456085,30.439598,29.967129,24.868683,22.896318,24.034447,19.99997,20.81077,16.279564,21.003414,17.678455,20.201565,22.858816,21.896553,22.678486,18.49242,20.204805,15.965112,18.153524,15.978052,20.327991,23.031258,22.079086,21.894226,20.517189,15.986561,16.382454,11.834818,10.617095,6.6609054,6.7735,0.0,7.870052,9.077538,10.586997,14.194026,15.108309,12.964754,9.832348,5.7007785,7.4944406,4.378294,6.298026,8.946629,10.094675,12.082838,15.4245405,16.487394,19.99,22.916698,23.53135,20.265732,23.234894,20.116339,20.167368,20.726654,15.843862,18.043575,17.254879,16.039642,17.44357,14.334713,12.59777,15.645444,18.5204,18.82773,17.270382,17.649183,14.997241,13.473481,11.848877,12.425984,8.144602,12.118946,10.183271,14.238226,15.12028,14.097721,18.63355,19.627516,16.195744,14.03121,11.973483,8.346205,7.0967174,7.6590056,6.003544,10.495981,11.4520445,15.346733,16.795607,17.027132,17.717,17.275772,13.164618,14.520579,11.335245,15.330604,12.449338,16.59789,18.023603,19.119501,16.578268,18.49497,12.485767,15.6202545,13.204927,16.15828
32,39.535934,35.382374,34.064888,29.41694,26.758255,26.99902,22.75247,21.811302,17.294458,19.343235,15.564314,16.193663,20.145384,20.230145,22.312714,19.221521,22.306784,19.089117,22.629412,21.341576,26.145813,28.615215,28.748903,28.213469,27.577711,22.892118,23.148094,18.440855,15.982482,13.686071,9.790245,7.870052,0.0,6.20146,4.652521,8.2581625,10.727886,8.555421,7.634545,7.2539926,5.2131033,8.1191845,5.810426,11.744817,15.371047,16.804127,20.909922,21.898397,24.877735,27.508566,26.859781,22.714249,24.76816,20.680256,19.48275,18.667385,13.743508,14.02849,11.386787,10.921751,13.673383,12.571431,13.244608,16.371689,20.474363,21.395086,21.795698,21.450645,20.527695,17.711847,17.807238,17.024683,12.866346,15.364234,12.301528,15.990399,15.170265,13.74938,17.197977,17.142048,13.08685,9.466855,8.172894,7.010338,8.80669,10.9162245,13.165495,17.250004,19.053547,23.013107,24.570324,24.735619,25.548088,24.968561,20.742163,21.444,18.147282,20.449903,16.442934,19.025188,20.143974,22.38736,19.876846,23.61578,17.648304,21.153473,19.66842,22.05378
33,40.663204,36.904858,35.467426,30.700964,28.535452,28.100658,24.896908,23.286554,19.048132,20.918547,15.385537,17.472683,20.191458,19.434996,22.351652,18.690926,21.826225,18.673157,22.175142,21.626047,25.608444,29.135578,29.177996,29.643326,28.799875,24.108978,25.327084,20.698431,18.717,15.691204,13.089536,9.077538,6.20146,0.0,5.142945,6.308548,8.383026,8.493817,5.19713,5.481675,9.0030775,11.388552,10.947532,16.159248,18.859173,20.501896,24.333775,25.020536,28.632324,31.250185,31.22421,27.536583,29.432962,25.97966,24.692984,23.838903,19.203268,19.689283,16.579035,16.968973,19.854324,18.547867,18.598476,21.456034,25.320297,25.354073,24.78611,23.754164,21.662745,18.405403,17.6798,15.541706,11.073898,11.719405,7.647743,10.492066,9.051942,7.7118225,11.190138,12.035966,9.394841,6.796885,7.3328214,6.9306955,6.743425,11.975165,13.102595,17.589703,19.556791,23.17787,24.951664,25.027342,24.755724,23.506538,19.244625,19.05986,16.048944,17.254036,12.810317,15.521238,15.665429,17.873537,15.078662,19.36382,13.658718,17.09887,16.743717,18.90654
34,43.597736,39.55718,38.245514,33.52269,31.025068,31.024055,27.098873,25.779467,21.369164,22.821497,18.121302,18.738234,22.530888,22.524815,25.392181,22.246193,25.54579,22.41158,25.97819,24.94429,29.383724,32.358944,32.2325,32.062527,31.053303,26.436932,26.634834,22.05456,20.092686,16.950132,14.164531,10.586997,4.652521,5.142945,0.0,4.2322125,6.109767,4.538572,4.60228,7.0855803,6.3391294,10.86168,9.951149,16.050549,18.889656,20.883797,24.583328,25.993242,28.915623,31.777748,31.296244,27.113077,29.370964,25.113035,23.927881,22.904768,18.056337,17.71677,14.306994,13.703103,16.813803,15.620759,16.360043,18.731146,23.000307,23.05004,23.565647,22.17321,21.37997,17.681843,18.283726,16.288462,12.579534,13.790127,10.859205,14.021035,12.950893,12.412644,15.110902,15.811563,12.988853,9.35575,9.909687,9.903896,10.904138,14.699802,15.996065,20.532858,21.994726,25.821512,27.171509,26.814722,27.358753,26.63915,22.163855,23.031542,19.955551,22.00379,17.702929,20.465593,20.77933,23.003145,20.159153,24.118237,18.096241,21.075977,20.02098,21.669
35,46.353657,42.46341,40.82564,36.229023,33.758156,33.18386,29.712503,27.594738,23.460577,23.879534,18.481922,18.92269,22.433275,22.471668,26.108042,23.248007,26.887215,24.206228,28.046019,27.567553,31.76048,35.06798,35.24652,35.395744,34.548004,29.866192,30.489548,25.8606,23.752048,20.7589,17.66234,14.194026,8.2581625,6.308548,4.2322125,0.0,4.586684,5.9541373,6.5494647,10.018775,10.524812,15.001582,13.941762,19.961414,23.01019,24.855574,28.681997,29.846628,32.951447,35.680614,35.11526,30.942163,32.78211,28.641882,27.03599,25.580532,21.080153,20.255184,16.147114,16.46162,19.875172,19.392342,20.469505,22.763845,27.106075,27.033264,27.587568,25.854197,24.958992,20.966566,21.516243,18.809378,15.245073,15.19897,11.9457655,13.987849,11.944677,11.515846,12.938689,13.484435,11.625092,8.317113,10.407687,11.774302,12.792448,17.423664,19.075737,23.591255,25.35865,29.082905,30.597158,30.274996,30.38959,29.353191,24.919725,25.202463,22.264614,23.37411,18.845602,20.936684,20.706114,23.198847,20.438763,25.020689,19.455015,22.378506,22.085613,23.488058
36,48.693558,44.81009,43.581738,38.75598,36.496937,36.315033,32.749855,31.205923,26.90887,28.04292,22.593102,23.398478,26.78171,26.559248,30.052845,26.793388,30.133837,27.052021,30.478992,29.665052,33.60583,37.121323,36.627007,36.894596,35.43585,30.979263,31.134783,26.78629,25.396162,21.49132,19.849829,15.108309,10.727886,8.383026,6.109767,4.586684,0.0,4.0062213,5.48251,9.957416,10.853664,15.473189,15.67478,21.705523,23.697977,26.199017,29.411488,31.221876,34.110554,37.21677,37.016247,32.872684,35.404366,31.05945,29.984041,28.894999,24.079977,23.431053,19.662197,18.900557,22.07737,20.639286,21.20541,22.792698,26.986107,26.015978,26.45486,23.926918,23.16498,18.701702,19.752705,16.392319,13.783183,13.018282,10.944224,12.717555,11.616437,12.672371,13.969875,15.956335,15.193149,12.369926,14.354793,14.930021,15.055386,19.912792,20.157177,24.951406,25.973085,29.526905,30.602425,29.658398,29.840628,28.978956,24.409369,25.467916,22.818054,24.578226,20.270388,23.21197,22.573296,24.539457,21.420965,25.277733,19.558037,21.591248,21.120474,21.69317
