,0,1,2,3,4,5,6,7,8,9,10,11,12,13,14,15,16,17,18,19,20,21,22,23,24,25,26,27,28,29,30,31,32,33,34,35,36,37,38,39,40,41,42,43,44,45,46,47,48,49,50,51,52,53,54,55,56,57,58,59,60,61,62,63,64,65,66,67,68,69,70,71,72,73,74,75,76,77,78,79,80,81,82,83,84,85,86,87,88,89,90,91,92,93,94,95,96,97,98,99,100,101,102,103,104,105,106,107
0,0.0,4.274267,6.5824156,10.030287,13.059197,14.969549,18.003048,22.610283,24.29902,29.930529,33.04216,36.396008,36.307182,33.202644,33.961502,29.270252,27.549604,25.797186,21.52242,19.871078,16.322166,18.975245,14.079893,14.225159,16.665098,17.928713,21.941315,23.250015,24.501291,25.937235,28.493397,29.340916,35.8869,34.70901,38.65502,40.797127,42.151184,41.4702,37.18758,33.033035,36.861893,32.466846,33.709423,30.13025,29.04307,27.484438,27.903063,23.771877,27.126644,25.19004,28.470556,26.091486,29.745777,33.66425,33.3634,34.951897,32.671024,36.564125,37.94681,37.95533,35.801525,36.612316,35.113544,37.07503,35.54169,39.005238,34.89562,38.05846,32.83643,34.44755,29.848246,31.755524,29.638168,31.681675,31.072466,32.01531,32.035168,32.260277,33.375828,35.78096,34.3263,31.046595,34.119465,30.28725,27.370327,23.14156,22.983805,19.626167,20.211086,17.638882,19.56353,15.895895,16.72122,14.962371,19.313763,17.093739,20.757019,19.65126,24.365713,24.994102,26.154213,23.266928,24.680614,19.962118,24.08926,23.736914,24.129265,26.477074
1,4.274267,0.0,4.779527,6.27879,9.71299,11.775864,14.429176,19.378092,20.532272,26.668058,29.349174,32.86449,33.055233,30.026012,31.281282,26.596146,25.340717,23.665237,19.640255,18.302893,14.716155,18.532307,14.220747,13.889121,17.093819,17.135208,21.65696,22.070337,22.798983,24.045362,25.95877,26.661821,32.829693,31.35306,35.448215,37.336384,38.844776,38.40247,34.062805,30.062868,34.180416,30.13395,31.16501,28.121532,27.63605,26.182014,27.231144,23.157349,27.071083,25.534172,28.360687,25.162167,29.16043,32.713215,31.804352,33.039608,30.413132,34.10429,35.08371,35.139805,33.031353,34.462975,33.325703,35.498745,34.519882,37.76773,33.989124,36.694767,31.735567,32.827198,28.284864,29.78455,27.206762,29.005543,27.968157,28.800697,28.4779,28.559223,29.439022,31.737673,30.39106,27.2943,30.615074,26.956036,24.231297,20.297935,20.521078,17.624702,18.91662,17.09989,19.70968,16.156122,16.198515,13.799015,17.681486,14.326115,17.79789,15.876675,20.584026,20.950533,21.988123,19.092133,20.683847,16.257622,20.704462,20.750595,21.596537,24.286413
2,6.5824156,4.779527,0.0,4.923996,7.3416324,8.663525,12.139071,16.150396,18.311352,23.456017,26.868395,30.10668,29.80798,26.707352,27.38949,22.692335,21.070694,19.386219,15.154751,13.84031,10.077995,13.773487,9.671944,9.669048,13.478564,13.344637,18.351646,18.68179,19.062237,21.178116,22.664476,24.324049,30.353926,29.676786,33.426598,35.628197,37.408752,36.585842,32.49173,28.367458,31.734467,27.492989,28.156076,24.535461,24.340313,22.400406,23.666075,19.13438,23.004879,21.252937,23.806469,20.578474,24.40257,28.000776,27.261696,28.630106,26.308977,30.138338,31.412733,31.627043,29.647503,30.601923,29.433466,31.77336,30.720215,34.45597,31.00011,34.08506,29.524216,30.956825,26.580488,28.686077,25.918192,28.41922,27.154495,28.688637,28.23154,27.787888,29.22253,31.028955,28.936909,25.442646,28.34852,24.465334,22.01679,17.16485,17.94065,14.378854,16.07093,14.526094,17.423893,14.481249,15.265,12.722492,16.348328,13.145352,16.715382,14.8636,19.587618,19.73669,21.53124,19.228523,20.737997,17.217976,20.526176,21.38559,21.513294,24.702278
3,10.030287,6.27879,4.923996,0.0,3.8949072,6.1060596,8.243036,13.233832,14.308621,20.46365,23.157722,26.586111,26.873102,23.964724,25.454166,20.755106,20.008198,18.33341,14.781264,13.881506,10.661631,15.767664,12.757104,11.845355,15.90839,14.225054,19.37285,18.520697,18.286455,19.783686,20.497541,21.655222,27.196653,25.950207,29.955534,31.780596,33.67305,33.220894,29.015833,25.133266,29.026024,25.322197,25.817633,23.144312,23.64491,22.075811,24.047749,19.9616,24.418467,23.374348,25.39601,21.224773,25.537783,28.528614,26.923994,27.776575,24.845709,28.328865,29.018997,29.154537,27.16711,29.071934,28.376667,30.879145,30.572163,33.79538,30.700073,33.04799,28.779074,29.44761,25.188381,26.60615,23.332438,25.363308,23.601036,24.89134,24.030952,23.48159,24.579151,26.35228,24.52037,21.29916,24.606369,20.992006,18.719187,14.594654,15.755064,13.213418,15.726683,15.250189,18.707018,15.947726,15.553637,12.481149,15.18765,10.48863,13.580068,10.487401,15.211719,15.118157,16.68856,14.335219,16.023926,12.97924,16.62082,17.961956,18.730541,22.21177
4,13.059197,9.71299,7.3416324,3.8949072,0.0,5.289515,5.024352,10.507872,11.770058,17.542253,20.665506,23.544947,24.04575,21.421457,22.70741,17.835999,17.487139,15.265562,12.34788,11.114037,9.195516,14.625714,12.234814,10.439051,14.415444,11.679463,16.798853,15.261426,14.708209,16.123837,16.62237,17.877245,23.43345,22.490458,26.33574,28.364614,30.287798,29.631065,25.53252,21.584631,25.21373,21.504442,21.92439,19.350067,20.08112,18.61128,20.912905,17.106892,21.811844,21.306892,23.034151,18.473013,23.251093,25.87341,23.928421,24.726278,21.431908,24.886906,25.744053,25.528261,23.409687,25.341135,24.669455,27.162868,27.095224,30.173704,27.3254,29.509901,25.55692,26.106712,22.021645,23.558752,20.079563,22.461714,20.544147,22.311344,21.450026,20.64034,22.287481,23.920298,21.718447,18.167086,21.146341,17.367859,15.002693,10.742228,11.993196,9.651207,12.66688,13.017001,16.78532,14.658758,14.047828,10.857036,12.643653,7.7072186,10.554632,7.796043,12.401777,12.831518,14.889436,13.038297,14.196054,11.953832,14.184435,16.175936,16.392393,20.22979
5,14.969549,11.775864,8.663525,6.1060596,5.289515,0.0,6.114104,7.975763,10.320025,15.262582,18.383114,21.984394,21.493397,18.306398,19.699348,15.232142,14.378863,13.530622,10.020872,10.676555,7.091262,12.761249,12.063435,11.909378,16.544388,13.939191,19.549389,17.821209,16.196573,18.966255,17.651718,20.424383,24.73897,24.415525,27.968914,29.791655,32.368492,31.73123,27.956163,24.30217,27.23485,23.883696,23.318535,20.486414,22.37758,20.130365,23.048046,18.528254,22.985321,21.827665,22.7118,17.879827,21.602556,24.165846,22.202147,22.674616,20.153418,23.480066,23.870968,24.771194,23.3001,25.269407,25.148779,28.226543,28.4384,32.198452,30.057713,32.46753,29.183567,29.817198,26.060516,27.778576,23.965113,26.480194,23.958696,25.912521,24.384731,22.831049,24.144773,24.774702,21.927198,18.557917,21.590733,18.064672,17.033232,11.844645,15.019752,12.423188,16.181334,16.826303,20.578568,18.833153,18.877926,15.797216,17.434418,12.589364,14.851196,10.6696825,14.631782,12.987259,15.5911455,14.534666,16.504436,15.722434,18.01305,20.687824,21.117636,25.133352
6,18.003048,14.429176,12.139071,8.243036,5.024352,6.114104,0.0,6.7004266,6.9578285,13.094682,15.867181,18.646328,19.550488,17.23239,19.09834,14.394024,15.115069,13.053935,11.503092,11.167371,10.518368,16.136026,15.309438,13.433194,17.259193,13.38919,18.204887,15.375679,13.622093,14.8883295,13.515043,15.036474,19.424515,18.515074,22.305807,24.080894,26.430025,25.929829,22.000568,18.405647,21.904808,18.927582,18.652206,17.039705,19.055773,17.730106,20.956806,17.646128,22.534044,22.621458,23.439106,18.109556,22.931486,24.720776,21.908642,22.087828,18.332024,21.303097,21.577765,21.405573,19.444874,22.275284,22.279778,25.078207,25.912643,28.678637,26.66414,28.190172,25.108418,24.984612,21.430834,22.528135,18.41043,20.671528,17.91017,19.957489,18.409386,16.863228,18.575735,19.553146,16.910261,13.3270645,16.440722,12.875638,11.327523,7.5240197,10.314378,9.506069,13.50492,15.256492,19.180897,17.845623,16.775496,13.666452,13.8397455,8.442755,9.546818,5.0710287,8.698242,8.339305,11.049562,10.265079,11.341153,11.458693,12.343234,15.640479,16.005445,20.216398
7,22.610283,19.378092,16.150396,13.233832,10.507872,7.975763,6.7004266,0.0,5.094773,7.3358216,11.297915,14.227191,13.720019,10.920382,12.640953,8.218696,9.283097,8.695535,8.284708,10.254,10.085124,14.803148,16.370983,15.545824,19.477442,15.412418,20.210667,16.88726,13.598195,16.549515,12.373322,16.354727,18.586662,19.23684,22.088383,23.83114,27.038183,26.251663,23.127861,20.061441,21.878428,19.503908,17.67932,15.824871,19.600227,17.405676,21.525702,17.868193,22.306408,22.163061,21.582253,15.797039,19.490623,20.550274,17.239733,16.770872,13.667176,16.318817,16.09682,17.225119,16.179766,18.993593,19.866724,23.399471,24.831322,28.303461,27.522972,29.217215,27.391699,27.404997,24.589956,26.115015,21.784124,24.507843,21.18196,23.839516,21.692144,19.041203,20.871967,20.220474,16.201504,12.641618,14.9359865,11.778266,12.585378,7.7774606,12.95945,12.050929,16.58286,18.9453,22.750042,22.261217,21.93158,19.073027,18.813711,14.360767,14.824273,10.7779875,12.319311,9.788838,13.394748,14.293659,15.589978,17.545702,17.403612,21.396708,21.375566,25.699724
8,24.29902,20.532272,18.311352,14.308621,11.770058,10.320025,6.9578285,5.094773,0.0,7.950081,9.060724,12.610294,13.774062,11.727357,15.082982,11.489301,13.734192,13.115589,13.303693,14.684279,14.507899,19.65211,20.51201,19.20359,23.027515,18.733961,23.211407,19.52124,16.488592,17.928135,13.6868515,15.952962,17.348576,16.667953,20.034512,21.016094,24.284275,24.20692,20.870422,18.324842,21.169394,19.706095,18.034697,17.888384,21.69493,20.338612,24.46718,21.549475,26.212477,26.54776,26.160034,20.307777,24.32294,25.01584,21.24367,20.313198,16.58493,18.409906,17.187609,17.89937,16.772577,20.975792,22.2445,25.544992,27.558113,30.09938,29.378233,30.159872,28.384634,27.529964,24.843513,25.364862,20.741892,22.529308,18.703856,20.766302,18.045492,15.240802,16.35362,15.553474,11.991408,9.058449,12.539328,10.217897,11.407228,9.299208,13.74711,14.3202505,18.665766,21.241411,25.114487,24.339655,23.158817,20.192593,19.456472,14.340013,13.900485,8.767953,8.982518,5.0135565,8.595455,10.202353,11.5975275,14.915685,14.809131,19.10748,19.909828,24.129084
9,29.930529,26.668058,23.456017,20.46365,17.542253,15.262582,13.094682,7.3358216,7.950081,0.0,6.143772,7.515602,6.515871,4.809114,7.5775213,5.4328094,9.316359,9.929748,12.544299,14.96575,16.31407,19.74791,22.480463,21.580637,24.877495,20.434046,24.203987,20.119549,15.989765,18.60307,12.085344,16.668808,15.615271,17.4534,19.080677,20.415453,24.335363,23.518534,21.458403,19.508202,19.795467,18.99711,15.730886,15.502195,20.823326,18.92135,23.64289,21.052746,24.919445,25.475967,23.656507,17.846825,20.670141,20.044212,15.605398,13.749074,10.587634,11.402988,9.534404,11.61811,11.757477,15.710817,17.998281,21.815155,24.530546,27.517534,28.249105,29.126684,28.873426,28.282263,26.560787,27.7429,23.281244,25.85174,21.994324,24.971035,22.30676,18.763012,20.70369,18.490082,13.468569,10.645337,11.348515,9.838253,13.218379,10.844134,16.03651,16.593351,20.864038,24.041138,27.591278,27.878618,27.365086,24.797941,23.47095,19.69088,18.953318,15.604434,14.897447,11.979726,15.343175,17.72886,18.439878,22.19417,20.537134,25.103233,24.882671,29.1022
10,33.04216,29.349174,26.868395,23.157722,20.665506,18.383114,15.867181,11.297915,9.060724,6.143772,0.0,5.670853,6.842811,6.5922203,11.66728,11.316986,14.97313,16.033075,18.136429,20.561222,21.171339,25.173273,27.540892,26.628233,30.175247,25.668947,29.535906,25.309134,21.405361,23.055365,16.675875,19.702745,17.202326,17.719614,19.488016,19.509687,23.771313,23.913671,22.001862,21.002132,22.047354,22.429209,19.223644,20.529852,25.800041,24.43722,29.128342,26.822386,30.866447,31.505331,29.798069,23.97307,26.700916,25.903246,21.348322,19.061617,16.098978,15.797561,12.312807,14.564006,15.142376,20.294033,23.029976,26.621803,29.829445,32.07749,32.98414,33.06335,32.957787,31.59694,30.048512,30.291073,25.622652,27.165276,22.813112,25.018404,21.626692,17.815887,18.50109,15.210309,10.543366,9.80496,11.362912,11.782191,15.72873,15.270232,19.990776,21.28831,25.55483,28.735023,32.4164,32.33377,31.264715,28.526957,27.08309,22.657093,21.426922,17.18034,15.463353,11.337316,13.703976,16.867893,17.813986,22.74489,21.44942,26.116583,26.775385,30.808386
11,36.396008,32.86449,30.10668,26.586111,23.544947,21.984394,18.646328,14.227191,12.610294,7.515602,5.670853,0.0,5.458102,8.082859,11.328739,11.796285,16.057642,16.40554,19.781254,21.709517,23.622688,27.037533,29.629633,28.262066,31.150711,26.401299,29.34771,24.779272,20.740414,21.886633,14.967084,17.883266,13.498229,15.26674,15.751339,15.920922,20.35933,20.08783,19.093388,18.752682,18.399105,19.711817,15.941541,18.331652,23.960407,23.04715,27.775133,26.441755,30.088371,31.42157,29.314392,23.720547,26.494473,24.85785,19.937502,17.356426,14.026937,12.551612,8.684026,9.979064,11.034256,16.6573,19.898375,23.228851,27.074541,28.690704,30.419735,29.941088,30.832418,29.208439,28.459278,28.676472,24.250935,25.969059,21.739805,24.437428,21.321884,17.308247,18.888107,15.315722,10.214981,9.520354,8.525222,10.172928,14.885365,15.710151,19.807285,21.832981,25.659687,29.304905,32.677765,33.244648,32.12276,29.748066,27.549828,24.086828,22.278107,19.476637,16.934946,14.396741,16.66225,19.974184,19.97897,25.098473,22.35027,27.077114,27.04945,30.8861
12,36.307182,33.055233,29.80798,26.873102,24.04575,21.493397,19.550488,13.720019,13.774062,6.515871,6.842811,5.458102,0.0,3.969572,6.6825624,8.977281,12.765394,14.476672,17.8188,20.555073,22.138987,24.76961,28.21763,27.562351,30.61061,26.21309,29.479837,25.262646,20.923637,23.41727,16.265778,20.77623,17.31165,19.92995,20.296452,21.00755,25.360418,24.621489,23.67544,22.783484,21.792812,22.27546,18.217745,18.992018,24.868528,23.09357,27.895792,25.849,29.1012,29.838243,27.183416,21.809774,23.443882,21.642199,16.92492,13.999861,12.158455,10.651755,6.3654103,10.4589815,12.391705,16.457726,19.774532,23.563143,27.025124,29.702057,31.592028,31.980034,32.874146,31.989979,31.040216,32.01874,27.667896,30.00988,25.97875,28.936747,25.992079,22.07831,23.724579,20.3559,15.232403,13.88038,13.183769,13.56483,17.914118,16.755854,21.57278,22.52905,26.5576,29.953629,33.313194,33.963013,33.482697,31.054127,29.385588,25.91967,24.795343,21.66034,20.16189,17.043392,19.862083,22.839493,23.414005,27.9245,25.808834,30.505642,30.27178,34.333595
13,33.202644,30.026012,26.707352,23.964724,21.421457,18.306398,17.23239,10.920382,11.727357,4.809114,6.5922203,8.082859,3.969572,0.0,5.432996,6.799997,10.024756,12.439962,14.982144,18.161352,19.018005,21.748983,25.254904,24.992014,28.391596,24.23786,28.065186,24.166418,19.888754,22.986614,16.224504,21.148424,19.107237,21.323952,22.395172,23.346386,27.563698,26.825016,25.28617,23.77885,23.4355,23.072445,19.370451,19.0842,24.684044,22.461897,27.20641,24.41897,27.83661,28.034847,25.598286,20.118248,21.63577,20.510124,16.15943,13.630975,12.12274,11.901046,8.802987,12.864441,14.203504,17.680658,20.47274,24.454453,27.322836,30.609255,31.90117,32.868595,33.084984,32.58389,31.096148,32.351913,27.926527,30.440493,26.479536,29.36268,26.46701,22.739115,24.245407,21.327461,16.305408,14.423537,14.754615,14.137176,17.896334,15.467617,20.716331,20.948227,25.211678,28.265903,31.757154,32.101585,31.857304,29.269156,28.142538,24.316477,23.722954,20.034502,19.358316,15.759471,18.861612,21.458061,22.509935,26.492582,25.159254,29.752602,29.669794,33.882565
14,33.961502,31.281282,27.38949,25.454166,22.70741,19.699348,19.09834,12.640953,15.082982,7.5775213,11.66728,11.328739,6.6825624,5.432996,0.0,5.0652423,7.340625,10.126602,13.488702,16.65835,18.375147,19.730637,23.97129,23.907703,26.76731,22.908333,26.200615,22.577986,18.194174,22.101597,15.440127,21.40689,19.717602,23.15218,23.587976,25.293173,29.270227,27.803846,26.636023,24.845453,23.313644,22.445932,18.546116,17.097723,22.72257,20.026766,24.640411,21.899803,24.590298,24.736864,21.647242,16.676651,17.265102,15.540561,11.242189,8.476879,8.464108,8.340293,6.9021916,11.396017,13.059233,14.6134815,17.289064,21.378796,23.959763,27.885345,29.567148,31.11995,31.748716,31.884888,30.641487,32.63574,28.584536,31.79361,28.276283,31.681522,29.289291,25.69962,27.947622,25.38455,20.174002,17.624607,16.958357,15.759064,19.1061,15.839392,20.834257,20.51124,24.396128,27.414486,30.549288,31.44186,31.767958,29.497076,28.357956,25.430502,25.099699,22.425957,22.156586,19.487785,22.89134,25.158314,25.924814,29.265621,27.469398,31.909992,31.09881,35.290115
15,29.270252,26.596146,22.692335,20.755106,17.835999,15.232142,14.394024,8.218696,11.489301,5.4328094,11.316986,11.796285,8.977281,6.799997,5.0652423,0.0,4.324713,5.7122097,9.0555,11.952112,13.871391,15.92946,19.575447,19.154886,22.147999,18.12546,21.74577,18.13064,13.835867,17.871014,11.722899,17.756285,17.726608,20.66091,21.838245,23.937124,27.572271,26.058123,24.195326,21.741564,21.03345,19.29162,16.007969,13.82103,19.041105,16.277784,20.896656,17.796015,21.090254,21.250284,18.90839,13.333772,15.402006,14.781862,10.614736,9.133064,7.080643,9.15546,9.289008,11.75711,12.012355,13.669098,15.486178,19.548231,21.614143,25.634022,26.423443,28.249176,28.055223,28.359997,26.609089,28.735605,24.672348,28.039463,24.730343,28.150774,26.04435,22.783583,25.280905,23.515266,18.490215,15.151437,15.118834,12.7961645,15.276459,11.087703,16.218216,15.580478,19.608923,22.538942,25.808659,26.504944,26.781937,24.461147,23.480654,20.511349,20.433651,17.944271,18.21431,16.073444,19.682878,21.471716,22.175674,24.88836,23.253063,27.51584,26.615864,30.852903
16,27.549604,25.340717,21.070694,20.008198,17.487139,14.378863,15.115069,9.283097,13.734192,9.316359,14.97313,16.057642,12.765394,10.024756,7.340625,4.324713,0.0,4.714084,6.485306,10.11843,11.444364,12.399391,16.745947,17.096212,20.150185,16.819187,20.728172,17.89393,13.948297,18.907522,13.904881,20.179617,21.279251,24.215525,25.549788,27.902935,31.338343,29.640371,27.604385,24.741173,24.06887,21.57486,18.734053,15.202538,19.658098,16.238628,20.421139,16.45884,19.371326,18.689991,16.273087,11.065306,12.203314,12.448081,9.43854,8.997243,8.758455,11.670251,12.772329,15.293532,15.4167795,15.636395,16.682594,20.669662,21.819931,26.647676,27.015995,29.654423,29.024952,30.006777,27.92666,30.593515,26.782505,30.4644,27.500513,30.933504,29.096268,26.116364,28.625795,27.232435,22.370806,18.845602,19.108255,16.3263,17.981297,12.603052,17.472637,15.634502,19.461401,21.794222,24.907112,25.540615,26.449245,24.198492,23.893517,21.162214,21.813967,19.418118,20.63178,18.581463,22.251389,23.505163,24.491673,26.332739,25.318672,29.245413,28.197874,32.430176
17,25.797186,23.665237,19.386219,18.33341,15.265562,13.530622,13.053935,8.695535,13.115589,9.929748,16.033075,16.40554,14.476672,12.439962,10.126602,5.7122097,4.714084,0.0,4.923442,6.744747,10.06219,11.408847,14.799267,14.10775,16.670698,12.84683,16.378975,13.252377,9.236201,14.277604,9.920592,16.19249,18.410078,21.383312,22.806713,25.624117,28.604664,26.636663,24.408667,21.1763,20.55793,17.454731,15.140371,10.959061,15.047408,11.696446,15.968087,12.267005,15.653716,15.685957,13.8538065,8.0193815,11.437156,12.027576,8.930175,9.4815235,7.2308955,11.161688,13.403722,14.160723,13.269455,13.095383,13.348136,17.104841,17.988447,22.64466,22.560877,25.274117,24.361122,25.477198,23.321772,26.204493,22.611073,26.575605,24.002428,27.64267,26.283436,23.637978,26.678694,25.929935,21.278748,17.249508,17.25257,13.841786,14.58122,8.930258,13.220797,11.381921,14.99927,17.610058,20.653585,21.584597,22.386486,20.353554,19.682735,17.633177,18.1939,16.954365,18.189732,17.400908,21.04235,21.997036,22.43699,23.80857,22.16813,25.87897,24.344154,28.473408
18,21.52242,19.640255,15.154751,14.781264,12.34788,10.020872,11.503092,8.284708,13.303693,12.544299,18.136429,19.781254,17.8188,14.982144,13.488702,9.0555,6.485306,4.923442,0.0,4.247423,5.327703,7.2743983,10.538063,10.681527,14.12179,11.062866,15.770633,13.702007,10.744805,15.862144,13.221154,18.62776,22.084175,24.181137,26.293697,28.9877,31.809973,30.092545,27.324514,23.710968,24.114391,20.477362,18.935139,14.4236765,17.1898,13.699233,17.160902,12.281038,15.895932,14.7563505,13.982875,8.711606,11.905917,14.146981,12.485832,13.561384,12.126328,16.019539,17.875027,18.93031,17.87548,17.791117,17.494461,20.91544,20.931845,25.826574,24.77608,27.982248,26.040516,27.513165,24.652554,27.630222,24.124743,27.957952,25.594963,28.853777,27.599833,25.341612,27.989084,27.732141,23.496084,19.464184,20.455084,16.73392,16.62324,10.1186,14.077012,10.88159,14.528306,16.134975,19.332157,19.534626,20.739895,18.492207,18.93646,16.43463,17.961102,16.164434,18.611082,17.606731,21.13788,21.380173,22.32741,22.68066,22.292746,25.559454,24.35225,28.474733
19,19.871078,18.302893,13.84031,13.881506,11.114037,10.676555,11.167371,10.254,14.684279,14.96575,20.561222,21.709517,20.555073,18.161352,16.65835,11.952112,10.11843,6.744747,4.247423,0.0,5.456756,7.2391086,8.618139,7.3643208,10.289107,6.8476496,11.595583,9.829902,7.7193284,12.7386675,11.988707,16.646824,21.38865,23.319384,25.530022,28.57645,30.87379,28.946817,25.99414,22.028502,22.626827,18.33552,17.664436,12.630985,14.080756,10.744509,13.641648,8.622262,12.762734,12.051644,12.400928,7.425255,12.304129,14.9387045,13.716617,15.413944,13.254476,17.412464,19.921696,19.852005,18.123129,17.554426,16.387266,19.237175,18.612345,23.32198,21.527262,25.005663,22.488882,24.311623,21.208582,24.516628,21.420387,25.505566,23.725399,27.059233,26.385616,24.6139,27.64644,28.066353,24.183418,19.889196,20.723726,16.63391,15.391071,8.958821,11.404953,7.4659204,10.5444355,11.993765,15.104735,15.520931,16.885183,14.923852,15.355304,13.824619,15.601214,15.217819,17.908556,18.187096,21.503792,21.29887,21.758282,21.296667,20.540115,23.325129,21.601711,25.525814
20,16.322166,14.716155,10.077995,10.661631,9.195516,7.091262,10.518368,10.085124,14.507899,16.31407,21.171339,23.622688,22.138987,19.018005,18.375147,13.871391,11.444364,10.06219,5.327703,5.456756,0.0,5.7992773,6.5129147,7.3622713,11.796912,9.849914,15.382535,14.454658,12.910355,17.278843,16.448072,20.614122,25.288887,26.430128,29.197947,31.791613,34.28528,32.827366,29.520443,25.57912,27.058727,22.985746,22.315933,17.827356,19.265213,16.124077,18.63382,13.324453,17.112003,15.268849,16.032839,11.833438,15.130658,18.348387,17.471214,18.826128,17.26565,21.199282,22.87507,23.700113,22.285185,22.435556,21.65762,24.65449,24.021753,28.735136,26.664045,30.099285,27.082212,28.756725,25.22797,28.128729,24.843231,28.400377,26.40597,29.175266,28.18556,26.50792,28.790348,29.24677,25.658484,21.689337,23.488478,19.544956,18.44721,11.988383,14.879825,10.838484,14.011897,14.374866,17.630861,16.849445,18.284807,15.871294,17.536648,14.736645,17.229198,15.262715,18.841726,18.108683,21.233488,20.57161,21.83885,20.868046,21.75363,24.317982,23.450813,27.393633
21,18.975245,18.532307,13.773487,15.767664,14.625714,12.761249,16.136026,14.803148,19.65211,19.74791,25.173273,27.037533,24.76961,21.748983,19.730637,15.92946,12.399391,11.408847,7.2743983,7.2391086,5.7992773,0.0,5.618263,8.289386,11.160669,10.91551,15.310476,15.514215,14.330312,19.488182,19.019253,23.866009,28.432379,30.453377,32.650455,35.61208,38.06065,36.134327,33.225574,29.25622,29.709896,25.350346,24.574007,19.11567,20.065453,16.334373,18.097275,12.415373,14.6992445,11.635788,12.134026,9.681964,11.212438,15.306653,16.016125,18.13129,17.961046,22.019222,24.487452,25.47951,24.326782,22.98763,21.749817,24.550863,23.10164,28.615263,26.702488,30.954489,28.25074,30.719944,27.482832,31.101366,28.304781,32.35095,30.714281,33.823814,33.105515,31.379875,34.02305,34.317665,30.394117,26.297613,27.406748,23.472486,22.516924,15.974378,18.396938,13.999649,16.10858,15.963278,18.30798,18.262712,20.732653,18.99972,20.75214,19.291372,21.811419,20.74407,24.110085,23.568005,26.827831,26.304169,27.404982,26.302929,26.758385,29.140045,27.689947,31.431887
22,14.079893,14.220747,9.671944,12.757104,12.234814,12.063435,15.309438,16.370983,20.51201,22.480463,27.540892,29.629633,28.21763,25.254904,23.97129,19.575447,16.745947,14.799267,10.538063,8.618139,6.5129147,5.618263,0.0,4.285622,7.5601845,8.724921,13.3250885,14.55194,14.792817,18.818007,20.150232,23.655005,29.425686,30.614307,33.31539,36.294247,38.253242,36.488552,33.12515,28.869637,30.257223,25.497553,25.67647,20.431505,20.059265,17.024815,17.86745,12.437201,15.156741,12.353127,14.784858,12.828652,15.7741585,19.926363,20.46995,22.66195,21.52117,25.71,28.175716,28.4489,26.721066,25.753342,24.034653,26.311424,24.42762,29.33567,26.356184,30.597692,26.8469,29.420677,25.639572,29.149479,26.736288,30.53869,29.443966,32.161354,31.907774,30.833838,33.381615,34.48068,31.199144,27.06705,28.625109,24.453802,22.46904,16.352127,17.439518,12.71474,13.911082,12.531814,14.728484,13.809331,16.499563,14.905544,17.579287,16.521416,19.653585,19.254515,23.220114,23.514954,26.334572,25.070747,26.032618,23.70874,24.76073,26.336483,24.926315,28.319454
23,14.225159,13.889121,9.669048,11.845355,10.439051,11.909378,13.433194,15.545824,19.20359,21.580637,26.628233,28.262066,27.562351,24.992014,23.907703,19.154886,17.096212,14.10775,10.681527,7.3643208,7.3622713,8.289386,4.285622,0.0,4.7538447,4.8304567,9.753986,10.849623,11.756422,15.028164,17.351295,20.092358,26.414974,27.388052,30.132463,33.231567,34.859898,33.0501,29.602856,25.25188,26.86167,21.941952,22.632849,17.621214,16.622816,14.115363,14.780467,9.839452,13.3574295,11.77561,14.666198,12.195013,16.595856,20.272959,20.242065,22.409723,20.384066,24.571154,27.193285,26.699419,24.55435,23.765821,21.79091,23.7382,21.900003,26.243748,22.901176,26.895359,22.851383,25.320858,21.431704,24.926249,22.672445,26.52388,25.713812,28.47771,28.54421,27.729357,30.551653,32.008595,28.956093,24.726137,26.13096,21.868382,19.303358,13.695713,13.77064,9.049616,9.724494,8.332068,10.912104,10.119586,12.556124,11.017659,13.392956,12.973748,16.028023,16.675364,20.455578,21.64325,24.32714,22.99007,23.449247,20.948547,21.365383,22.765514,20.991817,24.306952
24,16.665098,17.093819,13.478564,15.90839,14.415444,16.544388,17.259193,19.477442,23.027515,24.877495,30.175247,31.150711,30.61061,28.391596,26.76731,22.147999,20.150185,16.670698,14.12179,10.289107,11.796912,11.160669,7.5601845,4.7538447,0.0,4.9721446,6.689565,9.79,12.163041,14.771731,18.581919,20.79227,27.543533,28.8319,31.205133,34.649685,35.82039,33.649296,30.42399,26.018404,27.123987,21.862246,23.150434,17.815702,15.342114,13.246059,12.344963,8.250945,10.633684,9.431456,13.474394,12.636032,17.054653,20.709978,21.30858,23.917559,21.977137,26.15113,29.389822,28.264133,25.893543,24.214468,21.547607,22.744434,20.041294,24.241926,20.32666,24.844656,20.53182,23.72931,19.995594,24.058716,22.645548,26.78498,26.704382,29.622625,30.278885,29.783123,33.016125,34.75422,31.785925,27.455635,28.313152,24.04761,21.067047,16.16141,14.918897,10.56811,9.155289,6.7261095,7.6432915,8.017837,11.47838,11.205545,13.267006,14.901687,17.690704,19.804106,23.212831,25.19091,27.772532,26.407707,26.37636,23.55678,23.239851,24.113707,21.601965,24.39302
25,17.928713,17.135208,13.344637,14.225054,11.679463,13.939191,13.38919,15.412418,18.733961,20.434046,25.668947,26.401299,26.21309,24.23786,22.908333,18.12546,16.819187,12.84683,11.062866,6.8476496,9.849914,10.91551,8.724921,4.8304567,4.9721446,0.0,5.7151427,6.0279827,7.63955,10.482728,13.739844,16.126894,22.701416,24.024874,26.409393,29.795532,31.152903,29.05041,25.819084,21.455608,22.60575,17.498472,18.528984,13.484186,11.855319,9.720583,10.34654,6.1174383,10.4533,10.595137,13.293982,10.46948,16.01716,18.944677,18.441677,20.63869,17.949106,22.03095,25.042934,23.707954,21.22877,20.17557,17.858007,19.428123,17.632868,21.577394,18.193377,22.073082,18.200125,20.712467,17.052849,20.855034,18.782534,23.023804,22.455143,25.614025,25.980732,25.185926,28.550907,30.061138,26.95375,22.591558,23.34289,19.080185,16.19168,11.26428,10.204235,5.7380075,5.468586,5.4315214,8.277481,8.996184,10.900006,9.803267,10.589273,11.50417,13.783212,15.856639,18.825092,20.87526,23.58979,22.606888,22.386925,20.387733,19.357409,20.918427,18.405918,21.698282
26,21.941315,21.65696,18.351646,19.37285,16.798853,19.549389,18.204887,20.210667,23.211407,24.203987,29.535906,29.34771,29.479837,28.065186,26.200615,21.74577,20.728172,16.378975,15.770633,11.595583,15.382535,15.310476,13.3250885,9.753986,6.689565,5.7151427,0.0,4.829792,8.7414255,9.813659,15.055394,16.425703,23.25027,25.001968,26.752945,30.537996,31.249104,28.67058,25.865896,21.59501,21.911222,16.512571,18.403185,13.327004,9.353216,8.403307,6.3228035,5.210793,7.768729,9.781858,13.083111,12.08379,17.492619,19.937614,19.915403,22.456093,19.769361,23.583145,27.24977,25.000944,22.251974,20.141281,16.955915,17.312578,14.485817,17.89133,13.687151,18.19413,14.077464,17.570269,14.345039,18.936178,18.061583,22.642504,23.022161,26.386677,27.484844,27.066057,30.929037,32.70927,29.76403,25.419762,25.365473,21.313278,18.055244,14.610422,11.894042,9.065873,5.825459,5.528036,5.5112953,8.708774,10.86711,11.388225,11.026948,14.458731,16.010822,19.74157,21.989283,24.93187,27.452965,26.552666,25.699484,23.591028,21.47236,22.46046,19.019705,21.570232
27,23.250015,22.070337,18.68179,18.520697,15.261426,17.821209,15.375679,16.88726,19.52124,20.119549,25.309134,24.779272,25.262646,24.166418,22.577986,18.13064,17.89393,13.252377,13.702007,9.829902,14.454658,15.514215,14.55194,10.849623,9.79,6.0279827,4.829792,0.0,4.430499,5.3979454,10.273441,11.903162,18.500677,20.445625,22.127932,25.89317,26.85965,24.310093,21.537954,17.315874,17.508266,12.189431,13.755994,8.91028,5.915152,5.056029,5.823691,5.216212,9.372239,11.980406,13.736739,10.880852,16.947641,18.578623,17.40548,19.43683,15.982476,19.602087,23.0265,20.516144,17.63579,16.188272,13.408042,14.256496,12.722155,15.830111,12.556737,16.130835,12.817436,15.306465,12.297304,16.530872,14.785336,19.534628,19.289576,22.975882,23.706202,22.895943,26.910845,28.365107,25.23462,20.892061,20.592335,16.595045,13.520374,10.44208,7.754093,5.9175467,4.045488,7.0550656,8.865278,11.3125105,12.013431,11.658744,9.92501,12.396314,13.101684,16.699537,18.258158,21.197935,23.822422,23.397898,22.363537,21.255516,18.36177,20.143896,16.781042,19.863
28,24.501291,22.798983,19.062237,18.286455,14.708209,16.196573,13.622093,13.598195,16.488592,15.989765,21.405361,20.740414,20.923637,19.888754,18.194174,13.835867,13.948297,9.236201,10.744805,7.7193284,12.910355,14.330312,14.792817,11.756422,12.163041,7.63955,8.7414255,4.430499,0.0,5.784101,6.7393413,10.618029,15.967955,18.545828,20.046335,23.692448,25.329184,22.834272,20.271008,16.296621,15.9506,11.172633,11.260865,5.8924146,6.5654917,4.114379,8.030413,6.297896,10.662617,12.849898,13.119932,8.714822,14.811867,15.845241,13.813599,15.447685,11.702289,15.3886795,18.68012,16.521437,13.871403,12.778577,10.724463,12.732843,12.456025,16.108702,14.386114,17.366796,15.393449,17.054579,14.612019,18.237144,15.562504,20.202486,18.982666,22.900219,22.897873,21.358807,25.31307,26.041462,22.347576,17.951704,17.447815,13.452127,11.410547,7.458868,7.051021,5.668909,7.1021514,10.550697,13.037043,14.928522,15.384699,14.265052,12.467488,13.074678,13.339665,15.576979,16.70317,18.800756,21.798058,21.96678,21.183405,21.20692,18.212309,20.940191,18.10466,21.696726
29,25.937235,24.045362,21.178116,19.783686,16.123837,18.966255,14.8883295,16.549515,17.928135,18.60307,23.055365,21.886633,23.41727,22.986614,22.101597,17.871014,18.907522,14.277604,15.862144,12.7386675,17.278843,19.488182,18.818007,15.028164,14.771731,10.482728,9.813659,5.3979454,5.784101,0.0,7.274426,6.6710944,13.6729965,15.330374,16.964073,20.746958,21.499256,18.998611,16.160625,11.9690075,12.460598,7.185462,9.483471,6.9528775,5.055686,6.8331194,8.909812,10.159188,13.97314,17.046545,18.000658,14.32809,20.382275,21.0556,18.719593,19.955862,15.473489,18.338789,21.215649,17.85962,14.567682,14.489136,12.347631,13.013379,13.183328,14.455931,11.913511,13.519156,10.8530855,11.674197,9.050252,12.4650955,10.057344,14.893383,14.404314,18.374924,19.122093,18.285185,22.600494,24.091764,21.235935,17.109701,16.383968,12.730274,9.273875,8.893841,4.8636684,6.9864235,6.396583,10.3991585,12.417116,14.40569,13.524107,12.930057,9.513168,11.5656805,10.6431465,14.900453,15.116594,18.746862,21.044086,21.043118,19.389856,19.244274,15.008922,17.226109,13.739835,16.911469
30,28.493397,25.95877,22.664476,20.497541,16.62237,17.651718,13.515043,12.373322,13.6868515,12.085344,16.675875,14.967084,16.265778,16.224504,15.440127,11.722899,13.904881,9.920592,13.221154,11.988707,16.448072,19.019253,20.150232,17.351295,18.581919,13.739844,15.055394,10.273441,6.7393413,7.274426,0.0,6.6733727,9.60977,12.769924,13.921976,17.388527,19.5739,17.263573,14.992887,11.676917,10.89826,7.7662554,5.8957267,4.513436,9.177394,8.756535,13.170963,12.896008,16.720861,19.146473,18.366741,13.314212,18.551805,18.155973,14.437892,14.574471,9.428158,11.788071,14.06234,11.065063,8.006909,9.656522,9.552394,12.144228,14.402297,16.435251,16.401003,17.28397,16.864374,16.669567,15.230793,17.379236,13.735195,17.761982,15.42644,19.559193,18.819859,16.507603,20.59386,20.567465,16.56233,12.372896,10.968139,7.3643436,6.843312,6.0402646,7.2364078,9.400865,11.886587,15.901347,18.647179,20.166164,19.471653,17.961514,15.153564,14.408974,13.045848,14.439408,13.657822,15.509669,18.40099,19.576925,18.423834,20.34736,16.259605,19.97175,17.684452,21.450262
31,29.340916,26.661821,24.324049,21.655222,17.877245,20.424383,15.036474,16.354727,15.952962,16.668808,19.702745,17.883266,20.77623,21.148424,21.40689,17.756285,20.179617,16.19249,18.62776,16.646824,20.614122,23.866009,23.655005,20.092358,20.79227,16.126894,16.425703,11.903162,10.618029,6.6710944,6.6733727,0.0,7.862512,8.673448,10.600004,14.173616,15.082565,12.982729,9.791586,5.6788263,7.54249,4.5020328,6.367601,8.869129,10.183618,12.156946,15.072439,16.311972,20.16153,23.162449,23.375355,18.892765,24.593557,24.433796,20.950563,21.101505,15.883977,17.528986,19.13727,15.214988,11.790559,14.332654,13.804076,14.74287,16.917389,16.63175,15.679677,14.8167305,13.743674,11.962648,10.595099,11.331147,7.3532715,11.1981735,9.295987,13.619873,13.749639,12.418045,17.013147,18.218813,15.65771,12.042232,10.798423,8.044229,4.7438436,9.167559,6.566426,11.078103,12.101277,16.051603,18.425789,19.720137,17.796186,16.69072,12.7477865,12.896364,10.172084,13.636451,11.735183,15.646942,17.431404,18.231709,15.995171,17.68118,12.1571665,15.335691,12.65098,15.915364
32,35.8869,32.829693,30.353926,27.196653,23.43345,24.73897,19.424515,18.586662,17.348576,15.615271,17.202326,13.498229,17.31165,19.107237,19.717602,17.726608,21.279251,18.410078,22.084175,21.38865,25.288887,28.432379,29.425686,26.414974,27.543533,22.701416,23.25027,18.500677,15.967955,13.6729965,9.60977,7.862512,0.0,5.9126725,4.5542693,8.202513,10.574568,8.369243,7.427504,7.1333632,5.05978,8.116698,5.872841,11.842093,15.496613,16.98506,20.587677,21.927498,25.272102,28.309269,27.29551,22.566162,27.251244,25.819431,21.460436,20.448977,15.3635845,14.993435,15.28974,10.708625,8.009955,12.773515,14.254209,15.507375,19.49587,18.520813,19.937798,17.808619,19.263035,16.649576,17.09761,16.805767,13.239441,15.31355,12.312099,16.119074,14.971612,12.260714,16.476469,15.743616,12.589857,10.360414,6.427791,7.1413546,8.66255,13.573862,13.632827,17.675453,19.486837,23.561123,25.983803,27.425484,25.61755,24.313301,20.52833,19.72873,16.751736,18.22134,14.872155,17.114609,18.720682,20.870876,18.757694,22.507336,16.958527,20.775028,19.047903,21.98352
33,34.70901,31.35306,29.676786,25.950207,22.490458,24.415525,18.515074,19.23684,16.667953,17.4534,17.719614,15.26674,19.92995,21.323952,23.15218,20.66091,24.215525,21.383312,24.181137,23.319384,26.430128,30.453377,30.614307,27.388052,28.8319,24.024874,25.001968,20.445625,18.545828,15.330374,12.769924,8.673448,5.9126725,0.0,4.745324,6.252152,7.970953,7.8953695,4.423549,4.8561954,8.423992,10.893184,10.654776,15.881423,18.520338,20.315065,23.58433,24.62724,28.527525,31.356674,31.039625,26.05194,31.209734,30.392906,26.091568,25.145985,19.90532,19.973795,19.568699,15.810354,13.303992,18.357397,19.474833,20.606565,24.028006,22.73273,23.018456,20.501425,20.692926,17.302153,17.109875,15.317959,11.352439,11.651943,7.79032,10.840855,9.244821,6.704218,11.036936,11.318553,9.867936,8.583278,6.788421,7.97355,8.148424,14.549259,13.950636,18.47643,20.259266,24.015127,26.621817,27.344952,24.787466,23.318047,19.53846,18.082022,14.570935,15.887912,11.696684,14.736768,15.264052,17.234173,14.586181,18.69017,12.958911,16.631664,15.791995,18.450603
34,38.65502,35.448215,33.426598,29.955534,26.33574,27.968914,22.305807,22.088383,20.034512,19.080677,19.488016,15.751339,20.296452,22.395172,23.587976,21.838245,25.549788,22.806713,26.293697,25.530022,29.197947,32.650455,33.31539,30.132463,31.205133,26.409393,26.752945,22.127932,20.046335,16.964073,13.921976,10.600004,4.5542693,4.745324,0.0,4.2532244,6.0596714,4.4782743,4.5277143,7.0669003,6.395047,10.904142,9.940451,16.09841,19.010576,21.016438,24.229038,25.95481,29.299194,32.492626,31.682474,27.027609,31.795761,30.329548,25.949919,24.811396,19.811287,19.08482,18.805235,14.349638,12.1535015,16.898624,18.353628,19.04988,23.066874,21.075283,22.47003,19.312136,20.96183,17.43924,18.420397,16.897232,13.74018,14.395803,11.477293,14.546129,13.444045,11.128678,15.021007,14.419076,12.603609,11.774526,8.2429285,10.310912,11.418729,17.277435,16.762793,21.187992,22.694283,26.643538,28.930756,30.210682,27.929745,26.74445,22.7326,21.991547,18.593058,20.226557,16.223032,18.788681,19.583704,21.80742,19.284184,23.376884,17.516886,20.958155,19.597622,21.91772
35,40.797127,37.336384,35.628197,31.780596,28.364614,29.791655,24.080894,23.83114,21.016094,20.415453,19.509687,15.920922,21.00755,23.346386,25.293173,23.937124,27.902935,25.624117,28.9877,28.57645,31.791613,35.61208,36.294247,33.231567,34.649685,29.795532,30.537996,25.89317,23.692448,20.746958,17.388527,14.173616,8.202513,6.252152,4.2532244,0.0,4.555536,5.970331,6.5165896,10.010425,10.6148615,15.052666,13.960613,20.001076,23.126862,24.981607,28.32574,29.759102,33.28706,36.305706,35.441696,30.546654,35.181244,33.6613,29.077648,27.59801,22.72741,21.629622,20.444397,16.624893,15.045697,20.371056,22.225973,23.119839,27.252401,25.241274,26.674751,23.322077,24.87221,21.068396,21.961239,19.795364,16.608074,16.161728,12.882905,14.8772545,13.073751,10.617436,13.4289,12.143919,11.32916,12.063904,9.159502,12.360636,14.026171,20.002968,19.923954,24.354055,26.153204,30.01745,32.483166,33.44337,30.923336,29.546368,25.67978,24.312576,20.797056,21.632387,17.173218,19.162827,19.344124,21.890133,19.41032,24.18394,18.688416,22.122719,21.538631,23.665434
36,42.151184,38.844776,37.408752,33.67305,30.287798,32.368492,26.430025,27.038183,24.284275,24.335363,23.771313,20.35933,25.360418,27.563698,29.270227,27.572271,31.338343,28.604664,31.809973,30.87379,34.28528,38.06065,38.253242,34.859898,35.82039,31.152903,31.249104,26.85965,25.329184,21.499256,19.5739,15.082565,10.574568,7.970953,6.0596714,4.555536,0.0,4.0373716,5.4795384,9.925492,10.939573,15.4856415,15.599343,21.703928,23.78107,26.276861,29.01181,31.108315,34.467117,37.809376,37.329304,32.772457,37.726547,36.342556,32.00319,30.85116,25.865952,25.02792,24.4035,20.121918,18.155512,22.750563,24.015238,24.191038,28.032679,25.097507,26.210245,22.134298,23.701588,19.363573,20.781702,17.8826,15.579999,14.327273,12.114788,13.607614,12.922214,11.823337,14.708107,14.719823,15.000264,15.536459,13.019063,15.473575,15.930926,22.324072,21.152966,25.828112,26.925594,30.626356,32.702087,33.7537,30.9551,29.964828,25.81623,25.246906,21.555819,23.44741,19.061329,22.001862,21.830107,23.876553,20.956125,25.049988,19.142744,21.773628,20.907715,22.254318
