,0,1,2,3,4,5,6,7,8,9,10,11,12,13,14,15,16,17,18,19,20,21,22,23,24,25,26,27,28,29,30,31,32,33,34,35,36,37,38,39,40,41,42,43,44,45,46,47,48,49,50,51,52,53,54,55,56,57,58,59,60,61,62,63,64,65,66,67,68,69,70,71,72,73,74,75,76,77,78,79,80,81,82,83,84,85,86,87,88,89,90,91,92,93,94,95,96,97,98,99,100,101,102,103,104,105,106,107
0,0.0,4.374357,6.4729342,9.9669895,12.995783,14.900497,17.974855,22.49154,24.35731,30.016562,33.22816,36.36718,36.39372,33.472485,33.940887,29.298283,27.32002,25.569191,21.180454,19.401487,15.83753,18.586374,13.520178,13.770742,15.716277,17.339815,20.998104,22.559786,23.978584,25.449394,28.258451,29.067316,35.77327,34.771008,38.573605,40.85363,42.16006,41.36063,37.114693,32.899555,36.56873,32.05422,33.425354,29.759844,28.270735,26.826424,27.123951,23.077106,26.184937,23.733055,27.178814,26.43076,28.921932,27.583574,31.74787,33.935707,32.0876,36.09082,37.959694,38.097744,35.490032,36.32,34.229134,36.02971,35.15512,37.584476,33.30551,37.038742,31.837818,33.946575,29.387156,31.78732,29.682808,32.04532,31.427229,32.510754,32.575397,32.816395,33.976944,35.710934,34.72492,31.193584,34.26824,30.435026,27.34049,23.17909,22.712946,19.270216,19.616753,16.836296,18.630045,14.457294,15.269693,14.398561,18.910067,17.100853,20.862534,20.050772,24.785177,25.463457,26.829351,24.065994,25.360376,20.736692,24.514376,24.334547,24.4736,27.003016
1,4.374357,0.0,4.9321427,6.2404385,9.639411,11.837718,14.255049,19.32843,20.605879,26.82562,29.591644,32.88794,33.24494,30.42514,31.418936,26.755976,25.247711,23.567436,19.387737,17.91639,14.338661,18.329926,13.817982,13.384832,16.25423,16.5738,20.766222,21.402811,22.33125,23.521296,25.75348,26.320932,32.700954,31.334885,35.318695,37.333168,38.760296,38.22318,33.890625,29.827877,33.858776,29.692863,30.900414,27.817957,26.888372,25.610815,26.53527,22.576572,26.312298,24.332624,27.352022,25.6807,28.610619,26.562422,30.422382,32.26993,30.034904,33.83737,35.26682,35.468517,32.868717,34.35788,32.644775,34.669907,34.376404,36.58529,32.501556,35.714054,30.629711,32.167923,27.606087,29.528757,27.010963,29.068447,28.07972,28.998716,28.774788,28.942509,29.861565,31.549496,30.774994,27.426361,30.767912,27.106853,24.142632,20.36116,20.185337,17.24527,18.27927,16.245327,18.767618,15.0247555,14.618053,12.897612,17.080774,14.091396,17.71591,16.155743,20.908388,21.411013,22.598684,19.767265,21.197151,16.732819,20.872808,20.981573,21.597946,24.396236
2,6.4729342,4.9321427,0.0,4.9685683,7.3330255,8.750563,12.296886,16.15415,18.483177,23.65386,27.15822,30.169996,30.001307,27.09114,27.484169,22.827896,20.944454,19.236708,14.868814,13.37782,9.636818,13.413237,9.037476,8.928041,12.452315,12.61965,17.38837,17.95011,18.521013,20.636984,22.426594,23.997229,30.225813,29.690632,33.316788,35.65075,37.36159,36.433285,32.36096,28.17685,31.414944,27.049356,27.867758,24.166416,23.5366,21.734922,22.882133,18.415207,22.085587,19.904924,22.63734,21.021797,23.70212,21.742243,25.74026,27.744713,25.848791,29.786459,31.543818,31.897614,29.44049,30.511875,28.737783,30.963837,30.576914,33.367348,29.71645,33.261044,28.680494,30.456802,26.130257,28.608583,25.856361,28.599754,27.353615,28.98245,28.59507,28.215925,29.695433,30.86494,29.271801,25.626972,28.50224,24.61555,21.942234,17.195648,17.599152,13.948035,15.397612,13.626921,16.485119,13.142227,13.861046,12.036284,15.881181,13.1315775,16.734259,15.244059,19.912231,20.158499,22.09046,19.880226,21.25435,17.789618,20.779737,21.745724,21.655403,24.956541
3,9.9669895,6.2404385,4.9685683,0.0,3.935589,6.077499,8.148785,13.163085,14.431164,20.621151,23.400946,26.666044,27.04862,24.310976,25.539036,20.880512,19.799603,18.21771,14.37808,13.448861,10.103538,15.376717,12.2198,11.139678,15.200677,13.720703,18.723656,18.05389,17.957628,19.475073,20.433554,21.523352,27.256992,26.128353,30.035702,31.97104,33.815067,33.281742,29.078829,25.139359,28.940546,25.120987,25.749706,23.005423,23.115429,21.678787,23.57342,19.506536,23.822538,22.358997,24.531555,21.776003,25.007353,22.164227,25.599861,27.07436,24.598072,28.190609,29.280548,29.687468,27.230751,29.263733,28.030542,30.482412,30.86244,33.22308,29.803087,32.58386,28.151697,29.13998,24.863039,26.608433,23.365847,25.600935,23.866879,25.21659,24.431648,23.968607,25.08347,26.215216,24.964926,21.585445,24.901924,21.284233,18.794374,14.766438,15.596197,12.956991,15.312105,14.647913,18.106148,15.41661,14.527922,11.847893,14.914918,10.504668,13.71941,10.918897,15.645684,15.606506,17.284184,14.97661,16.564137,13.481458,16.91095,18.305014,18.90413,22.460236
4,12.995783,9.639411,7.3330255,3.935589,0.0,5.2820954,5.257093,10.394576,11.847997,17.653414,20.83414,23.546299,24.152966,21.708403,22.753521,17.907803,17.274485,15.144757,11.940151,10.687983,8.70772,14.327729,11.876847,9.737317,13.838129,11.206777,16.212109,14.805289,14.381382,15.780168,16.531277,17.679987,23.426203,22.57318,26.330097,28.454103,30.323843,29.601576,25.500782,21.504915,25.064596,21.254263,21.814228,19.2018,19.546406,18.23446,20.47265,16.703869,21.315958,20.459211,22.32921,18.965628,22.823088,19.904406,22.747198,24.04819,21.154633,24.70277,25.883524,25.964489,23.40423,25.479282,24.328709,26.802843,27.460838,29.708494,26.544092,29.101933,24.989738,25.782984,21.695587,23.50303,20.043287,22.5956,20.709301,22.517675,21.732298,21.026346,22.677776,23.717875,22.026741,18.340834,21.358109,17.596893,15.007646,10.893056,11.774183,9.363132,12.249153,12.464282,16.27009,14.4358635,13.233003,10.262588,12.360273,7.702738,10.597949,8.1363,12.676646,13.150452,15.264247,13.459435,14.536669,12.274865,14.336565,16.36748,16.443964,20.335361
5,14.900497,11.837718,8.750563,6.077499,5.2820954,0.0,6.0722337,7.9709196,10.472745,15.462112,18.64446,22.096268,21.706093,18.678806,19.824175,15.416587,14.176073,13.429393,9.569508,10.24707,6.572109,12.328371,11.513118,11.106739,15.909058,13.376919,18.993858,17.374353,15.841516,18.61395,17.504856,20.18682,24.701338,24.451122,27.944431,29.860487,32.385017,31.689032,27.897905,24.196365,27.073456,23.625013,23.18788,20.298735,21.838766,19.725641,22.603975,18.074001,22.416636,20.98888,21.969452,18.559536,21.157423,17.423254,20.849678,22.066734,20.045193,23.45616,24.277824,25.462809,23.481335,25.785057,25.087465,28.16896,29.017504,32.05914,29.620844,32.290565,28.8508,29.577976,25.843233,27.704884,23.878206,26.485449,23.963259,25.9298,24.450428,22.998161,24.327055,24.323397,22.112268,18.81028,21.77686,18.233728,16.947342,11.858366,14.746103,12.083284,15.774895,16.288662,20.093008,18.310478,18.07051,15.280074,17.191256,12.573407,14.830545,10.84115,14.750956,13.166279,15.79478,14.700844,16.624588,15.804654,17.98621,20.720541,21.066444,25.131142
6,17.974855,14.255049,12.296886,8.148785,5.257093,6.0722337,0.0,6.7516727,6.72131,13.357213,15.846682,18.736795,19.787592,17.599133,19.496986,14.904283,15.351508,13.678466,11.702159,11.657939,10.67469,16.471497,15.604331,13.502416,17.653519,13.929556,18.740572,16.0385,14.383726,15.52397,14.272008,15.525062,19.939465,18.861874,22.692999,24.386826,26.716673,26.318031,22.324749,18.782991,22.425905,19.503546,19.335636,17.879261,19.600431,18.47375,21.65747,18.350704,23.182617,22.941654,23.882402,19.509945,23.456362,19.665594,21.693245,22.28476,18.980724,21.937538,22.267805,22.63008,20.291367,23.489975,23.162748,26.025274,27.59378,29.639664,27.211384,28.923946,25.545877,25.43834,21.839497,22.90719,18.77449,20.912838,18.107716,19.967482,18.38162,16.998655,18.471937,18.88476,17.00006,13.549797,16.912542,13.513437,11.823012,8.517987,10.955444,10.247209,14.128269,15.694114,19.655504,18.675594,16.86859,13.704167,14.280146,8.78602,9.888736,4.964491,8.689754,8.023443,10.56116,9.5913515,10.891855,10.955039,12.223882,15.512085,16.096958,20.284174
7,22.49154,19.32843,16.15415,13.163085,10.394576,7.9709196,6.7516727,0.0,5.078009,7.546291,11.465074,14.287333,13.935765,11.314469,12.865175,8.472959,9.159587,8.70007,7.926218,10.009316,9.962938,14.596884,16.111393,14.869843,19.102034,14.979547,19.864285,16.557785,13.325969,16.16105,12.134684,15.931985,18.381527,18.98347,21.862434,23.65726,26.803576,26.011257,22.82451,19.723454,21.595179,19.164106,17.480465,15.659286,19.139133,17.135069,21.235832,17.593996,22.01617,21.8155,21.34434,16.444876,19.444195,14.780576,16.399406,16.551466,13.8938465,16.561514,16.626726,18.13646,16.562107,19.89372,20.25891,23.855156,25.846128,28.798443,27.62763,29.364088,27.282387,27.13455,24.342497,25.77843,21.399958,24.070463,20.717829,23.337559,21.210548,18.672995,20.531115,19.366669,15.910764,12.655295,14.8911085,11.686989,12.184314,7.4874883,12.527066,11.689515,16.23874,18.543823,22.42854,22.148699,21.440216,18.58451,18.527018,14.154602,14.477048,10.410149,11.805851,9.236037,12.823481,13.689159,15.005971,17.03851,16.847261,20.906898,20.89565,25.216148
8,24.35731,20.605879,18.483177,14.431164,11.847997,10.472745,6.72131,5.078009,0.0,8.010199,9.1813545,12.644985,13.914934,12.042905,15.228097,11.623866,13.5239935,13.110849,12.951658,14.485571,14.36089,19.466373,20.308979,18.620815,22.754625,18.454721,22.973558,19.333082,16.370855,17.69916,13.617233,15.686687,17.293192,16.542341,19.946186,20.9691,24.174536,24.101995,20.694025,18.121948,21.040966,19.525257,17.995079,17.881214,21.389683,20.219994,24.308025,21.400251,26.051926,26.25989,26.00195,20.86745,24.301062,19.632063,20.605238,20.215252,16.921564,18.791979,17.763905,18.992682,17.379827,21.88769,22.740255,26.120443,28.659159,30.749603,29.485313,30.367783,28.193552,27.24371,24.513105,24.944416,20.320429,22.025122,18.192013,20.189402,17.500908,14.838824,15.984563,14.684917,11.89668,9.24714,12.675727,10.315352,11.17089,9.27929,13.513794,14.149453,18.476868,20.976105,24.904282,24.617006,22.835932,19.737682,19.272676,14.154267,13.6518755,8.407575,8.543414,4.4198213,7.958426,9.464569,10.938121,14.302027,14.22017,18.545164,19.393026,23.567438
9,30.016562,26.82562,23.65386,20.621151,17.653414,15.462112,13.357213,7.546291,8.010199,0.0,6.0350866,7.369515,6.5046344,4.961589,7.7172146,5.567806,9.246534,10.029228,12.458542,14.998901,16.485628,19.73215,22.469755,21.163164,24.79527,20.259031,24.149364,20.039715,15.932008,18.37369,11.85036,16.254316,15.229876,16.984098,18.664518,19.992249,23.895378,23.11448,21.00533,19.09258,19.438242,18.690493,15.488464,15.398621,20.559416,18.852917,23.56537,21.004436,24.889523,25.546923,23.82588,18.348717,20.905605,15.969965,15.350519,13.959907,11.235075,11.961886,10.19508,12.816396,12.428722,17.04428,18.89807,22.829103,25.910118,28.685194,28.946445,29.670155,29.09844,28.1229,26.459799,27.352293,22.828669,25.213524,21.287363,24.207178,21.50581,17.995619,20.003626,17.339306,12.606333,10.475974,10.973204,9.440624,12.739515,10.577248,15.760908,16.468206,20.76777,23.923075,27.551088,28.159536,27.286016,24.576159,23.397251,19.64937,18.684664,15.273342,14.219937,11.174455,14.423179,16.910172,17.634453,21.62896,19.88491,24.516516,24.352125,28.502028
10,33.22816,29.591644,27.15822,23.400946,20.83414,18.64446,15.846682,11.465074,9.1813545,6.0350866,0.0,5.663412,6.8825865,6.7460256,11.758759,11.35918,14.787112,16.024847,17.920992,20.479332,21.22689,25.05003,27.425348,26.124664,30.002213,25.435888,29.399162,25.176847,21.30554,22.818989,16.478634,19.337034,16.9003,17.308142,19.149368,19.15983,23.393482,23.57499,21.602076,20.639534,21.756289,22.16172,19.036415,20.427431,25.517588,24.329702,28.995108,26.701164,30.758823,31.445992,29.852617,24.368855,26.823849,21.734478,21.081171,19.330029,16.740757,16.483006,13.1754875,15.96528,16.01475,21.579128,23.925161,27.652702,31.14664,33.289074,33.564224,33.553833,32.985394,31.300623,29.750736,29.70053,25.027668,26.346647,21.952198,24.067501,20.64332,16.863583,17.627295,13.876865,9.707558,9.848562,11.13445,11.513417,15.333163,15.084108,19.74559,21.146112,25.422777,28.561882,32.30574,32.697575,31.139858,28.201094,26.966667,22.541761,21.16421,16.856195,14.878376,10.677308,12.789976,15.992969,16.96492,22.074879,20.729898,25.404915,26.132317,30.045818
11,36.36718,32.88794,30.169996,26.666044,23.546299,22.096268,18.736795,14.287333,12.644985,7.369515,5.663412,0.0,5.4661684,8.111071,11.381749,11.675725,15.8767,16.320293,19.532282,21.560175,23.605616,26.856892,29.463457,27.673832,30.916054,26.088282,29.142326,24.566483,20.569319,21.539791,14.660793,17.373018,13.007111,14.631733,15.221164,15.373291,19.792383,19.569542,18.498995,18.206789,17.954023,19.314875,15.625707,18.136053,23.614216,22.880577,27.563519,26.251245,29.958004,31.4031,29.447783,23.773087,26.644945,22.121593,20.075022,17.769869,14.661495,13.279728,9.342118,11.367873,11.929609,17.872515,20.836483,24.343168,28.350447,30.059402,31.109138,30.463242,30.859274,28.809072,28.074488,27.918406,23.485392,24.947077,20.689026,23.323996,20.199907,16.206438,17.954527,14.211768,9.09162,9.289063,7.9909797,9.648146,14.325592,15.367105,19.437117,21.586334,25.423918,29.044502,32.47552,33.606865,32.01777,29.34821,27.307304,23.845495,21.838717,19.00795,16.143362,13.629004,15.644161,19.032036,19.002722,24.31897,21.478596,26.194815,26.219204,29.906862
12,36.39372,33.24494,30.001307,27.04862,24.152966,21.706093,19.787592,13.935765,13.914934,6.5046344,6.8825865,5.4661684,0.0,3.9164307,6.7612596,8.953753,12.688816,14.4690075,17.731768,20.541311,22.310331,24.686178,28.146793,27.091206,30.462809,25.95623,29.35968,25.104189,20.774155,23.105831,15.918245,20.289288,16.773043,19.342405,19.739294,20.434195,24.778358,24.068754,23.104107,22.27925,21.300982,21.864809,17.830349,18.734463,24.523956,22.917719,27.708952,25.691082,28.968267,29.919622,27.361942,22.02459,23.657032,18.872023,16.944706,14.475846,12.896928,11.408405,7.3837466,11.769042,13.129412,17.92374,20.82118,24.766478,28.374401,31.12503,32.477055,32.606373,33.135983,31.751856,30.879059,31.47935,27.085426,29.188822,25.107534,28.005346,25.030367,21.129366,22.887632,19.19121,14.199368,13.739404,12.662932,13.054988,17.392443,16.409666,21.241983,22.335413,26.39092,29.77703,33.209587,34.18017,33.411457,30.806858,29.262966,25.845787,24.485409,21.334938,19.485888,16.329296,18.955555,22.019432,22.583838,27.327417,25.100555,29.830322,29.641665,33.5894
13,33.472485,30.42514,27.09114,24.310976,21.708403,18.678806,17.599133,11.314469,12.042905,4.961589,6.7460256,8.111071,3.9164307,0.0,5.390071,6.890981,9.919248,12.481866,14.967383,18.237957,19.313213,21.7171,25.260408,24.632633,28.323158,24.06865,28.0221,24.08757,19.798534,22.779676,15.956782,20.795794,18.70594,20.931934,21.9916,22.944735,27.156384,26.424334,24.891598,23.4455,23.057547,22.763187,19.0663,18.872149,24.384642,22.314213,27.0675,24.306242,27.694168,28.083038,25.679617,20.54829,21.76203,16.580797,15.733776,13.822707,12.75944,12.443616,9.662036,14.053437,14.856792,19.114302,21.423344,25.539698,28.657225,31.882378,32.742348,33.495987,33.43444,32.492382,31.102142,32.047108,27.568907,29.892225,25.868809,28.704424,25.76999,22.05235,23.64394,20.249207,15.528015,14.487325,14.429304,13.815748,17.536484,15.256272,20.517584,20.870918,25.160465,28.20234,31.76575,32.321564,31.852264,29.181044,28.187017,24.444542,23.625448,19.931921,18.921186,15.2453165,18.198568,20.872955,21.93368,26.147142,24.69651,29.351742,29.299673,33.43259
14,33.940887,31.418936,27.484169,25.539036,22.753521,19.824175,19.496986,12.865175,15.228097,7.7172146,11.758759,11.381749,6.7612596,5.390071,0.0,5.056658,7.323498,10.095096,13.4888315,16.677437,18.608637,19.622217,23.881111,23.455736,26.593842,22.602205,26.063946,22.380283,17.974434,21.760904,15.022059,20.926384,19.210484,22.661358,23.093422,24.81677,28.777378,27.309607,26.141495,24.393764,22.817356,22.008009,18.105268,16.725407,22.311222,19.750702,24.387085,21.667397,24.344597,24.800314,21.744717,16.922785,17.410696,12.610541,10.905441,8.731495,9.058803,8.7572975,7.5798583,12.261784,13.434048,16.100014,18.239996,22.464855,25.242908,29.15127,30.522058,31.761095,32.208675,31.81145,30.703512,32.361145,28.215916,31.247604,27.661526,31.032152,28.602165,25.0291,27.356213,24.384748,19.322943,17.51414,16.514397,15.296713,18.609222,15.418261,20.47204,20.272873,24.200394,27.21896,30.439194,31.365854,31.645529,29.33273,28.269108,25.448015,24.847729,22.180761,21.557812,18.818653,22.120676,24.489378,25.257242,28.847914,26.926907,31.44958,30.66332,34.80075
15,29.298283,26.755976,22.827896,20.880512,17.907803,15.416587,14.904283,8.472959,11.623866,5.567806,11.35918,11.675725,8.953753,6.890981,5.056658,0.0,4.3290167,5.6748466,9.082036,11.9828825,14.162471,15.917241,19.576101,18.735756,21.994581,17.825205,21.561275,17.8674,13.53937,17.433727,11.182622,17.165037,17.132952,20.107845,21.261564,23.40301,27.012491,25.481497,23.619097,21.195616,20.42729,18.730171,15.452547,13.351805,18.509903,15.9180565,20.57495,17.541555,20.823088,21.23833,18.927238,13.693516,15.511083,10.583097,9.932802,8.92032,7.304133,9.1480665,9.483369,12.317725,12.088115,14.749135,16.072697,20.249825,22.721495,26.493134,27.042286,28.62205,28.312265,28.161943,26.5633,28.41921,24.262201,27.50246,24.127735,27.537949,25.409687,22.179094,24.760817,22.548721,17.704988,14.94158,14.630788,12.280033,14.695286,10.605883,15.779884,15.3104925,19.370989,22.323368,25.670238,26.463184,26.626022,24.286701,23.352713,20.52278,20.150114,17.706812,17.60168,15.418784,18.967686,20.874912,21.551886,24.518478,22.716526,27.07783,26.177092,30.380148
16,27.32002,25.247711,20.944454,19.799603,17.274485,14.176073,15.351508,9.159587,13.5239935,9.246534,14.787112,15.8767,12.688816,9.919248,7.323498,4.3290167,0.0,4.7009583,6.490201,10.133729,11.621832,12.331772,16.637735,16.634092,19.97437,16.476479,20.605516,17.682106,13.693971,18.5402,13.467788,19.659058,20.80089,23.704632,25.062899,27.422583,30.846933,29.170275,27.100357,24.254602,23.604887,21.143728,18.336405,14.883978,19.258379,15.988717,20.24141,16.281662,19.201897,18.772535,16.377022,11.871696,12.462224,7.067959,8.462894,8.759149,8.966112,11.706579,13.062013,15.84621,15.499112,16.859322,17.370724,21.469158,23.093943,27.551277,27.779387,30.169308,29.480148,30.003378,28.058182,30.462627,26.502865,30.052977,26.979332,30.367786,28.463892,25.508139,28.016945,26.098602,21.515768,18.532381,18.638626,15.841049,17.404642,12.049517,17.005806,15.291351,19.21056,21.546623,24.785357,25.19691,26.141184,23.971632,23.72893,21.079655,21.458122,19.01244,19.911833,17.722542,21.364256,22.721146,23.736803,25.836931,24.732944,28.791557,27.795847,32.044865
17,25.569191,23.567436,19.236708,18.21771,15.144757,13.429393,13.678466,8.70007,13.110849,10.029228,16.024847,16.320293,14.4690075,12.481866,10.095096,5.6748466,4.7009583,0.0,4.9572597,6.801219,10.244701,11.342011,14.769511,13.689964,16.534628,12.560253,16.261543,13.060357,8.998045,13.9560175,9.567139,15.780061,18.068033,21.049543,22.461529,25.312334,28.266836,26.29221,24.049337,20.8211,20.17746,17.07941,14.810823,10.656416,14.6333,11.42303,15.751834,12.073846,15.452814,15.684272,13.860875,8.58209,11.504843,7.374181,8.020802,8.907337,7.0343013,10.896347,13.347755,14.4348345,13.163617,13.932135,13.745697,17.634172,19.117462,23.325392,23.196754,25.71345,24.827028,25.539034,23.553793,26.231775,22.50688,26.391426,23.739603,27.36365,25.969568,23.366783,26.418957,25.207966,20.718977,17.06753,16.972572,13.554635,14.173668,8.497434,12.850769,11.1245575,14.806551,17.428135,20.568213,21.420532,22.2433,20.262098,19.618217,17.705837,17.977514,16.747341,17.675102,16.805515,20.437185,21.512978,21.954714,23.564339,21.815214,25.645247,24.123495,28.271832
18,21.180454,19.387737,14.868814,14.37808,11.940151,9.569508,11.702159,7.926218,12.951658,12.458542,17.920992,19.532282,17.731768,14.967383,13.4888315,9.082036,6.490201,4.9572597,0.0,4.248612,5.4589505,7.3636007,10.502822,10.222515,13.95356,10.702098,15.614283,13.447544,10.456086,15.467027,12.840886,18.111752,21.666239,23.719072,25.847023,28.554379,31.355017,29.656828,26.847588,23.231663,23.678629,20.048561,18.583466,14.167061,16.763166,13.449979,16.99304,12.146488,15.76718,14.725962,13.962976,9.925853,12.094577,8.111853,11.391662,13.04291,11.96312,15.822542,17.947327,19.242464,17.737381,18.509258,17.724277,21.238663,21.96416,26.203766,25.11815,28.220787,26.314669,27.47575,24.751345,27.582878,23.919542,27.688375,25.214176,28.436316,27.12368,24.910072,27.517538,26.703934,22.816017,19.094788,20.063667,16.3481,16.077833,9.591619,13.559352,10.4585705,14.221074,15.837006,19.178253,19.055088,20.285646,18.222763,18.709862,16.29917,17.5686,15.730257,17.93609,16.820374,20.365797,20.696484,21.663174,22.23989,21.769749,25.186722,24.02256,28.20968
19,19.401487,17.91639,13.37782,13.448861,10.687983,10.24707,11.657939,10.009316,14.485571,14.998901,20.479332,21.560175,20.541311,18.237957,16.677437,11.9828825,10.133729,6.801219,4.248612,0.0,5.4203014,7.280727,8.619355,6.8922124,10.117211,6.483679,11.425534,9.592616,7.488673,12.427973,11.788824,16.290249,21.14954,23.05501,25.256977,28.328768,30.595467,28.672787,25.690554,21.711048,22.33162,18.024221,17.45308,12.492935,13.699579,10.535175,13.482336,8.505799,12.6333685,11.891822,12.264737,8.452025,12.332502,10.064088,12.7828665,14.784935,12.908351,17.090864,19.83707,19.99159,17.884506,17.92718,16.327505,19.268955,19.45856,23.413925,21.682291,25.158274,22.774752,24.377932,21.437052,24.678976,21.433846,25.505926,23.634493,26.946383,26.231407,24.514921,27.494307,27.40033,23.777132,19.644949,20.528452,16.467274,15.057245,8.656367,11.005493,7.0914445,10.2619295,11.711557,14.95506,15.077742,16.505709,14.758433,15.196454,13.810598,15.3369665,14.963021,17.450901,17.6556,20.996529,20.892569,21.356512,21.089165,20.257431,23.179667,21.475979,25.47884
20,15.83753,14.338661,9.636818,10.103538,8.70772,6.572109,10.67469,9.962938,14.36089,16.485628,21.22689,23.605616,22.310331,19.313213,18.608637,14.162471,11.621832,10.244701,5.4589505,5.4203014,0.0,5.9202714,6.2879896,6.7508163,11.384759,9.385949,15.032447,14.123601,12.66148,16.926977,16.274109,20.248867,25.084421,26.193903,28.955189,31.58546,34.02927,32.570126,29.22367,25.258802,26.77336,22.662142,22.126049,17.6939,18.82653,15.86434,18.379164,13.106214,16.824684,14.85019,15.685087,13.043138,15.133561,12.283266,16.358866,18.351513,17.169024,21.12859,23.167349,24.165806,22.272644,23.013897,21.678572,24.687294,24.770967,28.684177,26.543352,30.07447,27.08589,28.659481,25.232225,28.140999,24.744005,28.31011,26.24419,28.98145,27.970669,26.372272,28.598576,28.471323,25.366417,21.570946,23.385279,19.459581,18.13855,11.802199,14.477757,10.452375,13.622055,13.898984,17.27144,15.977332,17.486975,15.456462,17.231071,14.604357,16.945005,15.02964,18.478,17.706842,20.846363,20.212791,21.478455,20.615013,21.434366,24.11452,23.254013,27.278902
21,18.586374,18.329926,13.413237,15.376717,14.327729,12.328371,16.471497,14.596884,19.466373,19.73215,25.05003,26.856892,24.686178,21.7171,19.622217,15.917241,12.331772,11.342011,7.3636007,7.280727,5.9202714,0.0,5.576501,8.15246,11.005325,10.644091,15.185388,15.315952,14.086234,19.241701,18.7678,23.556131,28.153166,30.2084,32.36186,35.349094,37.794014,35.85911,32.95318,28.9905,29.398453,25.048553,24.307184,18.876799,19.690344,16.041994,17.899305,12.213165,14.355039,11.273538,11.576853,10.834034,10.888863,9.579291,14.505418,17.24198,17.512365,21.568434,24.428867,25.563969,24.032799,23.377052,21.610504,24.477098,23.73377,28.546925,26.870306,31.11074,28.674973,30.915426,27.876877,31.451553,28.46033,32.513412,30.730682,33.83634,33.029385,31.306381,33.887672,33.53963,29.952465,26.10696,27.171894,23.276402,22.226372,15.716744,18.106283,13.756896,15.923314,15.778224,18.246778,17.316875,20.293337,19.027578,20.739586,19.440313,21.724321,20.648516,23.793165,23.113884,26.42631,26.02486,27.145815,26.297716,26.64311,29.224344,27.79536,31.666471
22,13.520178,13.817982,9.037476,12.2198,11.876847,11.513118,15.604331,16.111393,20.308979,22.469755,27.425348,29.463457,28.146793,25.260408,23.881111,19.576101,16.637735,14.769511,10.502822,8.619355,6.2879896,5.576501,0.0,4.484298,7.5086727,8.674281,13.303668,14.501848,14.710339,18.755096,20.087748,23.538727,29.333134,30.558407,33.208885,36.209248,38.176125,36.40557,33.04379,28.789904,30.137993,25.383286,25.5972,20.392332,19.858822,16.910109,17.835894,12.421119,14.978247,11.849149,14.213286,13.853519,15.446121,14.75187,19.147099,21.80827,21.07754,25.29444,28.108032,28.561842,26.471716,25.97489,23.762762,26.06324,24.957077,29.020369,26.24868,30.66798,27.202225,29.73246,26.129265,29.71937,27.112934,30.97942,29.727352,32.4492,32.098095,31.020214,33.471115,33.907738,30.983309,26.952599,28.55613,24.441488,22.37468,16.311522,17.337223,12.645232,13.882739,12.481151,14.787493,12.839808,16.05631,15.0657625,17.698902,16.77438,19.728903,19.284246,23.1051,23.239153,26.136269,24.993193,25.988037,23.89533,24.871506,26.661327,25.279016,28.839716
23,13.770742,13.384832,8.928041,11.139678,9.737317,11.106739,13.502416,14.869843,18.620815,21.163164,26.124664,27.673832,27.091206,24.632633,23.455736,18.735756,16.634092,13.689964,10.222515,6.8922124,6.7508163,8.15246,4.484298,0.0,4.869419,4.579323,9.619679,10.544132,11.350335,14.665316,16.944817,19.644447,25.973637,26.984804,29.675556,32.79222,34.44116,32.629765,29.185675,24.837973,26.412903,21.51026,22.219454,17.281488,16.166487,13.756191,14.589434,9.677909,13.181163,11.292868,14.113894,12.74611,16.170025,15.457845,18.857487,21.268164,19.520529,23.751072,26.623924,26.328487,23.851864,23.44422,21.075123,23.081419,22.159433,25.597921,22.462553,26.659803,22.931032,25.371347,21.676085,25.265387,22.787573,26.723614,25.733297,28.523531,28.480944,27.644697,30.378418,31.21125,28.416046,24.186962,25.691383,21.491793,18.8621,13.29207,13.330803,8.628991,9.458135,8.19308,10.986327,9.526274,12.166842,11.09915,13.321437,12.958934,15.791095,16.368057,19.995108,21.033419,23.81237,22.63946,23.114828,20.903591,21.207243,22.86285,21.11811,24.62631
24,15.716277,16.25423,12.452315,15.200677,13.838129,15.909058,17.653519,19.102034,22.754625,24.79527,30.002213,30.916054,30.462809,28.323158,26.593842,21.994581,19.97437,16.534628,13.95356,10.117211,11.384759,11.005325,7.5086727,4.869419,0.0,5.009925,6.6841793,9.75097,12.093179,14.74785,18.564522,20.729229,27.497917,28.811213,31.138197,34.599766,35.781895,33.60957,30.383139,25.968758,27.05157,21.792564,23.113256,17.823488,15.212829,13.17858,12.363874,8.296885,10.581574,8.85388,12.964846,13.010363,16.700718,17.517965,20.352995,22.998589,21.295532,25.525036,28.989061,28.00771,25.384266,23.909054,20.873661,22.074034,20.22841,23.507671,19.943808,24.768883,20.921509,24.147087,20.639202,24.831268,23.178776,27.416687,27.16175,30.096828,30.643837,30.133217,33.250603,34.43679,31.61507,27.229677,28.243687,24.042246,21.01112,16.104527,14.82616,10.472159,9.104485,6.6786523,7.738471,6.9595637,11.203319,11.461036,13.35119,15.067872,17.69342,19.747442,23.054642,24.882717,27.55228,26.340122,26.343344,23.752272,23.407845,24.497128,22.033794,25.026964
25,17.339815,16.5738,12.61965,13.720703,11.206777,13.376919,13.929556,14.979547,18.454721,20.259031,25.435888,26.088282,25.95623,24.06865,22.602205,17.825205,16.476479,12.560253,10.702098,6.483679,9.385949,10.644091,8.674281,4.579323,5.009925,0.0,5.741166,5.977705,7.495771,10.442682,13.665168,16.042511,22.615303,23.988523,26.313902,29.721739,31.098871,28.987436,25.766445,21.4023,22.497763,17.396645,18.44011,13.426983,11.652731,9.5805645,10.310284,6.0706306,10.350269,10.107318,12.810568,10.640036,15.5843725,15.2925625,17.426435,19.62815,17.168413,21.31987,24.51502,23.403429,20.675747,19.834904,17.192276,18.853832,18.000967,21.105444,17.982965,22.108332,18.620396,21.103634,17.6892,21.56754,19.293474,23.603167,22.88066,26.054403,26.323862,25.517242,28.78518,29.759682,26.752693,22.343063,23.238203,19.039772,16.117887,11.165373,10.111166,5.639063,5.513502,5.5498457,8.497152,8.950969,10.974384,10.151657,10.819657,11.789039,13.836291,15.818274,18.64707,20.537512,23.33718,22.521618,22.338682,20.592316,19.526815,21.291584,18.824919,22.266586
26,20.998104,20.766222,17.38837,18.723656,16.212109,18.993858,18.740572,19.864285,22.973558,24.149364,29.399162,29.142326,29.35968,28.0221,26.063946,21.561275,20.605516,16.261543,15.614283,11.425534,15.032447,15.185388,13.303668,9.619679,6.6841793,5.741166,0.0,4.813198,8.747316,9.80001,15.112183,16.383791,23.251802,24.983166,26.711212,30.506474,31.209385,28.64071,25.82005,21.529121,21.870018,16.470795,18.42498,13.426884,9.310972,8.462854,6.4368196,5.395154,7.9881296,9.562476,12.935729,11.887189,17.31507,18.47152,19.494896,21.68484,19.04935,22.921871,26.672737,24.526455,21.617601,19.505693,16.086742,16.450012,14.5773945,17.054855,13.281543,18.11762,14.597093,18.037067,15.091724,19.725695,18.60471,23.248348,23.486734,26.84909,27.862556,27.455587,31.203226,32.59047,29.606367,25.137327,25.311043,21.320187,18.010565,14.538705,11.774025,8.9407625,5.6654325,5.3806577,5.466736,8.508596,10.904312,11.526294,10.963637,14.486554,15.860529,19.581072,21.72803,24.576488,27.153715,26.406113,25.573626,23.65171,21.546276,22.681505,19.29183,22.000168
27,22.559786,21.402811,17.95011,18.05389,14.805289,17.374353,16.0385,16.557785,19.333082,20.039715,25.176847,24.566483,25.104189,24.08757,22.380283,17.8674,17.682106,13.060357,13.447544,9.592616,14.123601,15.315952,14.501848,10.544132,9.75097,5.977705,4.813198,0.0,4.4415383,5.3969,10.34493,11.879297,18.517786,20.453093,22.107304,25.886848,26.845924,24.300331,21.51821,17.280643,17.47763,12.156659,13.785689,9.018037,5.801389,5.1024947,5.846856,5.265475,9.470396,11.798076,13.6190195,10.493314,16.736935,16.81209,17.027058,18.666233,15.240029,18.928795,22.385221,20.050983,17.01317,15.573503,12.6177435,13.60273,13.136119,15.441609,12.487635,16.261906,13.398023,15.754455,13.03303,17.232496,15.305777,20.070406,19.725512,23.3976,24.067793,23.28682,27.204407,28.302946,25.087713,20.636799,20.557457,16.618345,13.497655,10.364146,7.6498737,5.808609,3.9590206,7.0149217,8.901346,11.671219,12.276119,11.803136,9.973792,12.50192,12.987439,16.562428,17.989834,20.844257,23.511066,23.240145,22.226425,21.305044,18.424467,20.323223,16.999323,20.176306
28,23.978584,22.33125,18.521013,17.957628,14.381382,15.841516,14.383726,13.325969,16.370855,15.932008,21.30554,20.569319,20.774155,19.798534,17.974434,13.53937,13.693971,8.998045,10.456086,7.488673,12.66148,14.086234,14.710339,11.350335,12.093179,7.495771,8.747316,4.4415383,0.0,5.7516465,6.785322,10.55951,15.964732,18.5365,20.015522,23.678308,25.306509,22.813625,20.239891,16.257109,15.902082,11.122235,11.270699,5.971326,6.3924813,4.095911,8.002778,6.246036,10.661769,12.744936,13.051398,8.345804,14.613967,13.66398,13.400254,14.687495,10.987286,14.757446,18.087147,16.201675,13.366621,12.535586,10.325227,12.609814,13.332589,16.357456,14.844624,17.808935,16.087332,17.476025,15.264975,18.772995,15.955926,20.565826,19.273378,23.170292,23.125809,21.631464,25.51932,25.886505,22.129942,17.756718,17.405756,13.454575,11.347801,7.297819,6.921276,5.555532,7.079418,10.524267,13.089412,15.23268,15.613854,14.37689,12.574725,13.249083,13.260514,15.454301,16.388645,18.393694,21.417282,21.734493,20.974869,21.200312,18.197474,21.030743,18.223684,21.868053
29,25.449394,23.521296,20.636984,19.475073,15.780168,18.61395,15.52397,16.16105,17.69916,18.37369,22.818989,21.539791,23.105831,22.779676,21.760904,17.433727,18.5402,13.9560175,15.467027,12.427973,16.926977,19.241701,18.755096,14.665316,14.74785,10.442682,9.80001,5.3969,5.7516465,0.0,7.3111467,6.650355,13.673826,15.328698,16.929934,20.727089,21.481176,18.98337,16.13925,11.933467,12.420264,7.142376,9.4901085,7.031886,4.930761,6.8569303,8.898072,10.145328,14.059985,16.905373,17.937622,13.744448,20.15507,19.333057,18.48535,19.224327,14.697682,17.607445,20.358458,17.23931,13.831956,13.614494,11.531434,12.421967,13.666554,14.344519,11.879664,13.698638,11.268411,12.021693,9.659803,13.041929,10.54056,15.360477,14.825771,18.772228,19.487919,18.696608,22.923264,24.162792,21.091389,16.757864,16.310045,12.712527,9.245734,8.780568,4.7726173,6.927862,6.4159245,10.440403,12.499935,15.315417,14.04636,13.035093,9.6118145,11.628638,10.486855,14.710063,14.790854,18.3685,20.687967,20.845549,19.206522,19.229921,15.023147,17.310303,13.842376,17.052462
30,28.258451,25.75348,22.426594,20.433554,16.531277,17.504856,14.272008,12.134684,13.617233,11.85036,16.478634,14.660793,15.918245,15.956782,15.022059,11.182622,13.467788,9.567139,12.840886,11.788824,16.274109,18.7678,20.087748,16.944817,18.564522,13.665168,15.112183,10.34493,6.785322,7.3111467,0.0,6.6323752,9.576166,12.7447195,13.876725,17.355915,19.54481,17.237446,14.96484,11.665094,10.8482275,7.750356,5.8900476,4.5654564,9.094255,8.787092,13.173899,12.866001,16.74762,19.135126,18.40864,12.872178,18.395515,16.066982,14.264169,13.97129,8.819215,11.168644,13.222173,10.731988,7.5331774,9.580951,9.6369095,12.587469,15.536629,17.36164,17.165386,17.98897,17.496618,16.986567,15.693719,17.656254,13.940888,17.890745,15.536511,19.655003,18.911837,16.664982,20.739971,20.465374,16.264944,12.149586,10.873367,7.293532,6.7593822,5.841009,7.221372,9.418767,11.977359,15.974243,18.777758,20.888962,19.900293,18.068068,15.350512,14.610146,13.012953,14.3154955,13.278057,15.050564,17.92511,19.25917,18.125061,20.258354,16.153458,19.927437,17.65496,21.397041
31,29.067316,26.320932,23.997229,21.523352,17.679987,20.18682,15.525062,15.931985,15.686687,16.254316,19.337034,17.373018,20.289288,20.795794,20.926384,17.165037,19.659058,15.780061,18.111752,16.290249,20.248867,23.556131,23.538727,19.644447,20.729229,16.042511,16.383791,11.879297,10.55951,6.650355,6.6323752,0.0,7.8720994,8.687561,10.58937,14.174821,15.104807,13.01236,9.813009,5.6978874,7.5448937,4.505438,6.370771,8.8891,10.095275,12.1485195,15.033175,16.246237,20.199152,23.01614,23.324432,18.31198,24.3558,22.40544,20.800253,20.495811,15.25776,16.896175,18.164701,14.638486,11.161387,13.569529,13.366268,14.603457,17.57707,17.078915,15.823365,15.147574,13.865172,12.036125,10.713333,11.4520645,7.4906077,11.358631,9.543876,13.846591,14.023698,12.794388,17.327993,18.435097,15.518478,11.5761385,10.689914,7.9645047,4.6868696,9.028554,6.5366526,11.03857,12.130736,16.087128,18.49556,20.850266,18.360031,16.687853,12.850139,12.889184,9.995399,13.378317,11.321975,15.234815,16.994358,17.93928,15.705902,17.526073,12.025919,15.208326,12.497874,15.722552
32,35.77327,32.700954,30.225813,27.256992,23.426203,24.701338,19.939465,18.381527,17.293192,15.229876,16.9003,13.007111,16.773043,18.70594,19.210484,17.132952,20.80089,18.068033,21.666239,21.14954,25.084421,28.153166,29.333134,25.973637,27.497917,22.615303,23.251802,18.517786,15.964732,13.673826,9.576166,7.8720994,0.0,5.876465,4.550948,8.198355,10.575562,8.381047,7.4303994,7.164274,5.073469,8.146939,5.8750362,11.834661,15.457913,16.998837,20.551468,21.86308,25.304201,28.300425,27.387016,21.93498,27.113844,24.5749,21.665134,20.15308,15.049795,14.575747,14.189321,10.136454,7.6932855,12.38432,14.422361,16.068981,20.41803,19.779003,20.65552,18.54602,19.573935,16.667303,17.140863,16.597534,13.051093,15.019402,12.102669,15.953462,14.901939,12.299965,16.622824,16.088942,12.331489,10.032384,6.263261,6.9917603,8.61957,13.454264,13.642885,17.678783,19.540821,23.613434,26.069975,28.481392,26.175266,24.320133,20.651552,19.780931,16.649471,18.037573,14.479797,16.727423,18.220097,20.502136,18.379265,22.27435,16.710062,20.483545,18.74127,21.54068
33,34.771008,31.334885,29.690632,26.128353,22.57318,24.451122,18.861874,18.98347,16.542341,16.984098,17.308142,14.631733,19.342405,20.931934,22.661358,20.107845,23.704632,21.049543,23.719072,23.05501,26.193903,30.2084,30.558407,26.984804,28.811213,23.988523,24.983166,20.453093,18.5365,15.328698,12.7447195,8.687561,5.876465,0.0,4.6718044,6.2071095,7.950715,7.8637295,4.4070096,4.9060597,8.392199,10.884583,10.631537,15.886692,18.448315,20.321507,23.54694,24.58509,28.567043,31.257229,31.04813,25.605694,31.046167,28.143188,26.067919,24.800203,19.621592,19.643038,18.703287,15.537424,13.135088,17.945932,19.446701,20.845156,24.766333,23.523476,23.2131,20.816055,20.521126,17.015009,16.784037,14.809522,10.920947,11.127586,7.3703732,10.552938,9.169347,6.8545938,11.316212,11.917595,9.8638525,8.136256,6.703522,7.9268847,8.186413,14.542548,14.019053,18.527115,20.34085,24.097101,26.718193,28.639431,25.375261,23.291979,19.671135,18.098574,14.512368,15.732711,11.422188,14.506631,14.894309,16.960316,14.281664,18.459839,12.710987,16.280924,15.406009,17.88398
34,38.573605,35.318695,33.316788,30.035702,26.330097,27.944431,22.692999,21.862434,19.946186,18.664518,19.149368,15.221164,19.739294,21.9916,23.093422,21.261564,25.062899,22.461529,25.847023,25.256977,28.955189,32.36186,33.208885,29.675556,31.138197,26.313902,26.711212,22.107304,20.015522,16.929934,13.876725,10.58937,4.550948,4.6718044,0.0,4.257431,6.05772,4.485187,4.4981976,7.060528,6.396667,10.901016,9.920595,16.076122,18.95438,21.009996,24.164448,25.87302,29.324923,32.44522,31.75486,26.373318,31.6496,29.089714,26.18428,24.56717,19.539425,18.743101,17.773579,13.825838,11.922891,16.375488,18.407207,19.444736,23.805317,22.177137,22.949114,19.848654,20.982424,17.221703,18.190338,16.3983,13.329603,13.851413,11.083452,14.229409,13.299192,11.12794,15.188635,15.053221,12.470383,11.4083805,8.115245,10.189027,11.382911,17.17771,16.759521,21.173397,22.715916,26.668802,28.975794,31.387312,28.499214,26.685799,22.793299,21.954546,18.442448,20.009132,15.860281,18.471867,19.127117,21.449291,18.900969,23.080275,17.209639,20.545223,19.155575,21.279402
35,40.85363,37.333168,35.65075,31.97104,28.454103,29.860487,24.386826,23.65726,20.9691,19.992249,19.15983,15.373291,20.434195,22.944735,24.81677,23.40301,27.422583,25.312334,28.554379,28.328768,31.58546,35.349094,36.209248,32.79222,34.599766,29.721739,30.506474,25.886848,23.678308,20.727089,17.355915,14.174821,8.198355,6.2071095,4.257431,0.0,4.5421076,5.960546,6.4988484,10.026097,10.620007,15.056543,13.94939,19.990734,23.07313,24.985224,28.273144,29.693512,33.316765,36.257404,35.51594,30.002232,35.058125,32.085655,29.285706,27.441301,22.592632,21.44628,19.586098,16.3764,15.059779,20.0662,22.40239,23.601212,28.025259,26.360785,27.097532,23.79398,24.77055,20.753408,21.609798,19.14925,16.100578,15.446602,12.321852,14.359111,12.7481165,10.437383,13.516521,12.938735,11.288061,11.790817,9.092786,12.282478,14.021775,19.954367,19.95377,24.37199,26.199938,30.063667,32.54498,34.68557,31.489067,29.478775,25.760534,24.285654,20.693037,21.456007,16.89281,18.9399,18.945887,21.552498,19.043161,23.866558,18.363794,21.654049,21.0538,22.939344
36,42.16006,38.760296,37.36159,33.815067,30.323843,32.385017,26.716673,26.803576,24.174536,23.895378,23.393482,19.792383,24.778358,27.156384,28.777378,27.012491,30.846933,28.266836,31.355017,30.595467,34.02927,37.794014,38.176125,34.44116,35.781895,31.098871,31.209385,26.845924,25.306509,21.481176,19.54481,15.104807,10.575562,7.950715,6.05772,4.5421076,0.0,4.0271897,5.482745,9.94384,10.948908,15.49144,15.581018,21.692461,23.743786,26.281712,28.956848,31.047749,34.520084,37.74388,37.392868,32.120396,37.575325,35.0408,32.23523,30.615337,25.596254,24.706799,23.418411,19.603516,17.928677,22.076195,23.926716,24.373144,28.569954,25.943117,26.39811,22.40382,23.413822,18.929958,20.308548,17.136559,15.042851,13.603428,11.659218,13.216267,12.80102,11.871351,14.965507,15.698317,15.051817,15.177991,12.938928,15.399,15.947827,22.280584,21.188868,25.844046,26.967987,30.68122,32.76052,35.12201,31.596909,29.901602,25.872099,25.173523,21.42444,23.254023,18.811829,21.812954,21.502218,23.610268,20.660864,24.764631,18.871347,21.319515,20.415102,21.48856
