,0,1,2,3,4,5,6,7,8,9,10,11,12,13,14,15,16,17,18,19,20,21,22,23,24,25,26,27,28,29,30,31,32,33,34,35,36,37,38,39,40,41,42,43,44,45,46,47,48,49,50,51,52,53,54,55,56,57,58,59,60,61,62,63,64,65,66,67,68,69,70,71,72,73,74,75,76,77,78,79,80,81,82,83,84,85,86,87,88,89,90,91,92,93,94,95,96,97,98,99,100,101,102,103,104,105,106,107,108,109,110,111,112
0,0.0,4.7689414,6.872794,10.039015,13.670664,15.12975,18.37644,22.178701,24.280254,29.67411,33.194054,35.319187,36.4568,34.936546,31.491835,29.052816,25.150154,24.085398,20.036886,17.253017,16.007181,12.583903,14.355419,10.494423,14.372911,17.93544,19.4758,19.996078,22.284771,21.355055,25.826426,24.254137,31.601921,28.860569,33.23983,35.196815,35.560642,35.168934,30.63483,26.663221,31.498817,27.297737,29.889845,27.762943,25.27145,24.97943,24.680786,23.210495,26.250954,30.039974,31.87839,31.83987,33.38537,36.187317,33.298763,35.705486,36.042637,37.352764,42.456745,40.709427,37.174706,39.580856,36.733532,39.55332,37.491573,41.991543,39.712215,41.923218,38.998325,37.30964,37.100548,35.496956,32.82986,37.345116,35.86057,40.191444,40.991314,44.365536,46.74633,46.950977,43.16749,39.56275,36.522064,33.1797,31.879604,27.917517,24.242075,19.984945,19.187525,15.547727,15.634946,17.388348,21.200699,19.955563,24.135914,27.313272,29.466127,30.827913,30.639791,29.800026,25.51849,25.970612,22.131565,22.439747,21.50896,20.470772,24.09788,25.394928,29.590048,29.427015,33.72376,34.694477,38.78698
1,4.7689414,0.0,5.114326,6.160914,10.083245,12.935574,14.797436,19.466402,21.045523,26.833437,30.303358,32.090343,33.777275,32.55192,29.397493,26.869345,23.30673,21.851587,18.42345,15.154543,15.333796,10.982511,14.569329,10.631599,15.181676,17.983845,18.204905,18.683016,20.113417,20.187239,23.56311,22.975103,29.937449,27.467093,31.934425,33.879635,34.85241,34.432735,29.930222,25.892542,30.461699,26.289707,28.21371,25.836292,24.27289,23.314114,23.83815,21.517132,25.174345,28.516605,30.665367,29.96745,32.378387,34.738876,32.125546,34.752098,34.413727,35.77718,40.906075,38.60898,35.030193,37.216576,34.39733,36.937737,35.264168,39.12549,37.11633,38.797703,35.628548,33.783897,33.712643,31.819996,29.40261,33.778194,32.46596,36.736652,37.67215,41.13412,43.54587,43.741413,39.762512,36.02472,33.25369,29.73714,28.684555,24.493635,20.791718,16.910769,15.669516,12.349741,12.283223,13.703012,18.109888,17.289162,21.672274,24.665016,26.576328,27.582348,26.906986,26.038635,21.401512,21.849806,17.595636,18.040989,16.841557,15.893429,19.653145,20.912127,25.411306,25.29935,29.543684,30.786594,34.772038
2,6.872794,5.114326,0.0,5.1082926,7.9172597,8.998567,12.387497,15.6234455,18.071579,22.973074,26.906515,28.682846,29.932825,28.678764,25.070002,22.955286,19.103983,18.355862,14.805822,12.558063,12.390787,10.016872,13.912489,11.405145,16.178343,18.501637,19.395061,18.530659,19.63777,18.703684,21.811869,20.183874,26.716673,23.48018,28.187342,29.746283,30.635906,30.60284,25.998512,22.1649,27.455544,23.888557,25.88639,24.59311,23.384146,23.025599,24.01883,22.519995,26.414906,29.927313,31.402426,30.193544,32.269833,33.925808,30.878357,33.07123,32.736538,33.571384,38.64409,36.62507,33.07677,36.063763,33.729965,36.640247,35.63978,39.463947,38.184128,39.817383,36.9992,34.54097,33.79151,31.728771,28.732874,32.913395,30.935493,35.154907,35.575424,39.08596,41.194996,41.090195,37.677044,33.942497,30.829172,27.619787,26.845577,22.262682,19.765589,15.53113,15.538895,12.822666,14.136147,16.678267,20.530495,20.738832,24.8532,27.628841,29.86389,30.745216,29.803179,28.288118,23.666224,23.37239,19.182566,18.383076,16.880833,15.241914,18.428331,20.090002,23.519941,24.138721,28.1637,29.376127,33.457767
3,10.039015,6.160914,5.1082926,0.0,3.9375162,7.8150477,8.63657,13.687776,14.917657,20.996773,24.246433,26.05062,27.858698,26.72543,23.891676,21.204575,17.983398,16.23545,13.478155,10.162597,11.894339,8.01059,13.400697,10.94731,15.751122,17.19388,16.655691,15.912496,16.161427,16.560755,18.576761,18.441628,24.73005,22.395107,26.88813,28.762442,30.261612,29.86139,25.460531,21.497883,25.905743,22.117146,23.386776,21.44363,21.065943,19.912403,21.600765,19.2418,23.583374,26.596693,28.376225,26.660378,29.561668,30.960594,28.343012,30.873436,29.912817,31.015593,36.097527,33.500652,29.92252,32.40414,29.957832,32.54119,31.72395,35.048737,33.887978,35.15375,32.192074,29.681667,29.100084,26.917646,24.19795,28.36878,26.738726,30.958824,31.71411,35.23727,37.542606,37.64386,33.777115,29.994076,27.195494,23.713907,22.901749,18.428495,15.323907,11.510564,10.864413,8.521309,9.861166,12.449777,16.264591,17.113321,21.096786,23.600336,25.74142,26.380798,25.182398,23.454662,18.81207,18.334957,14.255993,13.304084,12.213001,11.191336,14.357777,15.546283,19.60024,19.550753,23.741816,24.94413,28.979301
4,13.670664,10.083245,7.9172597,3.9375162,0.0,5.3275046,4.740688,10.053202,10.980783,17.287634,20.33026,22.212582,24.03368,22.938633,20.363329,17.55072,14.643475,12.680055,10.637952,7.600579,10.631468,8.006322,13.818662,12.619418,17.112272,17.649618,16.77122,15.095119,14.409909,14.90421,15.714936,15.839096,21.437483,19.190607,23.663727,25.456524,27.323227,26.954676,22.6798,18.85953,23.110815,19.73607,20.487547,19.045124,19.58877,18.418665,20.890776,18.725819,23.346687,26.096003,27.506844,25.106762,28.220688,28.874744,26.241325,28.619917,27.240252,28.089975,33.09727,30.342402,26.791185,29.563295,27.462587,30.104422,29.952915,32.898247,32.398407,33.396454,30.676414,27.678616,26.64225,24.277857,21.264618,25.226974,23.270071,27.43706,27.99404,31.555407,33.754494,33.768147,30.04442,26.245312,23.368896,19.962267,19.354662,14.6333685,12.2808695,8.597729,8.887006,7.9202795,10.318594,13.474116,16.459805,18.350647,21.864046,23.968071,26.241304,26.65477,25.179434,22.861662,18.45206,17.23939,13.641316,11.401179,10.565779,9.530937,11.758407,12.839205,16.23623,16.260973,20.361446,21.466873,25.549492
5,15.12975,12.935574,8.998567,7.8150477,5.3275046,0.0,6.2800393,7.312876,9.965921,14.927205,18.199764,20.66989,21.37962,19.830894,16.666687,14.031287,10.375244,9.400615,6.4185266,5.640952,7.365867,8.438824,12.990642,13.370778,17.451633,17.733755,18.195692,15.284637,14.890495,13.43102,14.666329,12.691583,18.129581,14.86983,19.619116,21.159855,22.614605,22.55099,18.083681,14.38936,19.621971,16.906794,18.17817,18.220488,18.542612,18.511772,20.88868,20.1629,24.47118,27.595955,28.118227,25.68416,27.827232,28.001009,24.7597,26.517511,25.581163,25.82656,30.756834,28.696774,25.23187,28.994469,27.409042,30.613592,30.841587,34.20453,34.211487,35.579483,33.46275,30.103384,28.30538,26.149363,22.404303,26.187355,23.431816,27.519188,27.429176,30.890423,32.768013,32.54535,29.561918,25.994318,22.51778,19.709333,19.08153,14.465917,13.659705,9.53289,11.771019,11.091602,14.24988,18.162756,20.27486,22.45646,25.63132,27.687313,30.386732,30.988369,29.75218,26.988811,23.081993,21.384165,18.530344,15.5035305,15.001295,13.615065,14.799333,16.010223,17.689003,18.13555,21.870941,22.469126,26.636066
6,18.37644,14.797436,12.387497,8.63657,4.740688,6.2800393,0.0,6.7888393,6.422369,13.293875,15.877256,17.715527,19.793295,18.895464,16.918991,13.959515,11.923643,9.53788,9.360898,7.3205023,11.718743,10.614878,16.160393,16.03225,20.010494,19.605425,18.162397,15.706654,13.720122,14.660761,13.351865,14.283928,18.42583,16.544188,20.81989,22.456697,24.95556,24.616066,20.67747,17.229044,20.927284,18.2526,18.031769,17.219353,19.172335,17.843054,21.26019,19.198639,23.996033,26.22533,27.279203,24.014101,27.519613,27.175201,24.70391,26.900835,24.829426,25.366423,30.186441,27.084724,23.621527,26.618387,25.00616,27.557753,28.333214,30.557297,30.926474,31.428043,28.972534,25.406631,23.86969,21.211962,17.974663,21.500423,19.182661,23.207676,23.545965,27.176096,29.241692,29.14212,25.53603,21.673742,18.818829,15.462887,15.309354,10.129849,9.285315,6.728726,8.219607,9.421169,12.267067,15.422935,17.45069,20.332254,23.23361,24.786598,27.040047,27.110546,25.261711,22.37138,18.365593,16.351131,13.531511,9.876061,9.445797,8.664186,9.057049,9.79699,12.073917,12.219832,16.090162,17.155396,21.2335
7,22.178701,19.466402,15.6234455,13.687776,10.053202,7.312876,6.7888393,0.0,4.7141438,7.642431,11.518248,13.429736,14.347032,13.385584,10.38297,8.350729,6.059602,6.029221,7.533621,9.328769,12.42226,14.564276,18.95039,20.06605,23.728903,23.071632,22.713505,19.137678,17.132563,16.29367,14.31706,13.1338005,15.1387415,11.590461,16.28397,16.93069,19.607916,20.086008,16.220102,13.643975,18.319439,17.34853,17.005024,18.563808,20.936869,20.735329,24.280617,23.578587,28.065948,30.440891,30.550798,26.954285,29.595837,28.201942,25.200949,26.47255,24.479578,23.934982,28.389277,25.921366,22.735964,27.087488,26.47524,29.476625,31.199282,33.314503,34.657658,35.161194,33.37224,29.266376,26.8054,24.180735,20.28148,22.997042,19.51505,23.065054,22.24253,25.802534,27.15013,26.41152,24.157719,20.52075,17.018137,14.785116,15.412737,10.097168,12.905906,10.872902,13.966723,15.323634,18.598488,22.131737,23.685556,26.795496,29.454756,30.875574,33.35371,33.422665,31.552166,28.31628,24.714478,22.297718,19.947426,15.855037,15.118068,13.59791,12.615545,13.826087,12.839919,14.644323,17.251593,18.036713,21.876474
8,24.280254,21.045523,18.071579,14.917657,10.980783,9.965921,6.422369,4.7141438,0.0,7.994352,9.461043,11.794945,13.607793,12.769204,11.780575,8.639841,8.446586,6.077289,9.1955595,9.741746,14.0199995,15.124789,19.686388,20.842117,24.162712,22.86901,21.474928,18.023191,15.048171,15.580171,11.835632,12.888264,14.116018,12.558608,16.341705,17.555779,20.825989,20.656227,17.366547,14.838447,17.771019,16.630087,15.196295,16.124575,19.594263,18.671078,22.83752,21.596994,26.185183,27.945082,28.17658,24.046612,27.416388,25.621744,23.183645,24.76074,22.014395,21.771318,26.15574,22.958857,19.76852,23.543444,22.944546,25.578,27.696459,29.17074,30.8429,30.936708,29.197296,24.917814,22.39322,19.625217,15.841669,18.387571,15.064771,18.685131,18.235743,21.886793,23.545017,23.13501,20.172,16.393982,13.155191,10.414925,11.148567,5.4861197,9.178329,8.76428,11.729912,14.220081,17.332144,20.618002,21.445559,25.110437,27.261944,28.244871,30.606092,30.44617,28.438684,24.9071,21.796854,18.97442,17.539145,12.93206,13.182504,12.651759,10.690695,10.830881,9.636367,10.185659,12.915409,13.397105,17.34516
9,29.67411,26.833437,22.973074,20.996773,17.287634,14.927205,13.293875,7.642431,7.994352,0.0,6.657341,6.5016904,7.4747624,8.163451,5.922106,6.9034953,8.376731,9.85339,13.600425,16.230751,19.250103,21.914572,25.985159,27.5145,30.897976,29.738985,29.039251,25.165178,22.376371,21.818995,17.94087,17.303593,15.464461,12.216354,15.681889,14.805169,18.609526,19.828339,17.223164,16.394922,19.883652,20.809273,19.173271,22.094156,25.753103,25.58132,29.686188,29.1757,33.555035,35.326614,35.019863,30.669056,33.45086,30.710058,28.044561,28.667435,25.898668,24.462473,27.999352,25.40107,22.86017,27.63915,28.152485,30.817833,33.91558,34.785282,37.39497,37.101414,35.757927,31.127367,28.10165,25.22976,21.520433,22.692406,18.618038,21.008327,19.087898,22.480898,22.881308,21.299646,20.517982,17.149803,13.956588,13.242812,15.499677,10.947162,16.7639,16.597605,19.715698,21.984808,25.136263,28.294779,29.418194,33.014587,35.24429,36.16614,38.418007,38.07536,35.763523,32.27928,29.1305,26.313091,24.53562,20.124317,19.251469,17.810535,15.18257,16.177162,12.020054,15.356419,15.871303,16.768831,19.640352
10,33.194054,30.303358,26.906515,24.246433,20.33026,18.199764,15.877256,11.518248,9.461043,6.657341,0.0,5.747161,5.283866,4.7923675,7.9558134,6.4714236,10.43422,10.151989,14.937427,17.381605,20.62958,23.371248,26.78153,28.99531,31.606808,29.56721,28.417423,24.29666,20.881464,20.758583,15.34858,15.960644,11.745297,11.293455,12.766295,12.580458,17.030361,17.314463,15.915938,15.695001,16.70067,18.388062,15.517814,18.949564,23.608494,23.38081,27.850147,27.687912,31.682648,32.84972,32.024582,27.206171,29.969744,26.290285,24.114115,24.474293,21.049894,19.356691,22.37367,19.452358,17.296051,22.082964,23.280355,25.790018,29.663588,30.010937,33.39778,32.984325,32.368904,27.521784,23.879221,21.407003,17.555006,17.930786,13.452686,15.307115,12.926636,16.113243,16.532999,15.254243,14.444467,11.590414,7.982094,8.600242,10.94066,8.838639,15.425437,16.599762,19.89971,22.853125,26.011091,29.326584,29.156136,33.337673,34.74174,35.14469,37.554573,37.185158,35.120514,31.11341,29.074795,25.741957,25.56714,20.741186,21.37511,20.997107,17.854155,17.557386,13.157466,14.064574,13.946127,13.176836,15.704237
11,35.319187,32.090343,28.682846,26.05062,22.212582,20.66989,17.715527,13.429736,11.794945,6.5016904,5.747161,0.0,5.382487,8.219661,9.784497,10.785311,13.932469,14.4124775,18.88992,21.06243,24.595816,26.801401,30.906311,32.51409,35.641994,33.983116,32.53651,28.770369,25.269316,25.620874,20.311922,21.15364,17.438166,16.092611,17.962656,16.870197,21.326477,22.293287,20.841324,20.684484,22.373446,23.930937,21.15618,24.088612,28.783546,28.170599,32.738007,31.943182,36.2246,37.254463,36.87869,31.94089,35.22787,31.623108,29.661016,30.15625,26.540028,24.907534,27.634556,24.452839,22.51067,26.775946,27.974424,29.980207,34.07119,33.619812,37.148396,36.022324,34.990795,30.114584,26.8874,23.887486,20.79146,20.532787,16.551664,17.697826,15.238475,18.388397,18.169292,16.094973,16.066319,12.996766,10.919168,11.49296,14.9208355,11.894907,18.660229,20.040627,22.788538,25.80158,28.679626,31.387445,31.940725,35.94833,37.644638,38.02526,39.980865,39.253113,36.639698,33.001305,30.49723,27.408169,26.484974,22.0134,21.554756,20.737762,17.124043,17.347681,11.638104,14.87903,13.483543,14.267223,15.908145
12,36.4568,33.777275,29.932825,27.858698,24.03368,21.37962,19.793295,14.347032,13.607793,7.4747624,5.283866,5.382487,0.0,3.8428497,6.7620277,8.690854,12.481762,13.879595,18.306517,21.44629,24.133966,27.493307,30.781273,33.070496,35.817204,33.98481,33.27285,29.00521,25.854715,25.135336,20.218088,19.752916,14.70566,13.0335655,14.098345,12.206579,16.673569,18.01352,17.181034,17.977617,19.504898,22.122688,19.584127,23.732079,28.109203,28.282478,32.57436,32.733395,36.666935,37.968513,36.93974,32.189022,34.545124,30.60525,28.260498,28.086815,24.947002,22.64695,24.998966,22.758476,21.115019,26.260517,27.920559,30.430717,34.574223,34.74598,38.431942,37.895695,37.40401,32.50138,28.784737,26.304722,22.631678,22.505545,18.03917,19.089418,16.012653,18.646803,18.01771,15.8063545,16.9825,14.80386,11.91448,13.438272,16.038486,13.97597,20.59528,21.40856,24.785688,27.511099,30.739141,34.04797,34.226208,38.286076,39.875866,40.357986,42.72346,42.299923,40.086693,36.184555,33.93593,30.700237,30.084446,25.383024,25.349928,24.46019,21.266256,21.506477,16.373592,18.6359,17.794432,17.523901,19.316475
13,34.936546,32.55192,28.678764,26.72543,22.938633,19.830894,18.895464,13.385584,12.769204,8.163451,4.7923675,8.219661,3.8428497,0.0,5.6488285,6.0298166,10.220855,11.492007,15.832072,19.269499,21.547945,25.372778,28.11423,30.801355,33.211002,31.208017,30.839546,26.350765,23.425236,22.181625,17.548058,16.49447,11.027489,9.536824,10.266879,8.7262535,13.28156,14.295502,13.498062,14.452768,15.733885,18.615648,16.25123,20.871912,24.990173,25.552628,29.647625,30.313051,34.015514,35.491665,34.1518,29.601307,31.458189,27.556694,24.962082,24.60417,21.793938,19.366228,21.913822,20.09702,18.335953,23.908562,25.530762,28.421452,32.2946,33.109486,36.599255,36.591557,36.333393,31.518097,27.615795,25.501736,21.411753,21.7664,17.132254,18.619923,15.694805,18.24607,18.025955,16.374474,17.059874,15.076913,11.467466,12.887216,14.595235,13.0777025,19.185757,19.646206,23.334204,25.874386,29.26208,32.94573,32.761745,36.83902,38.30093,38.85277,41.504692,41.333946,39.479767,35.413116,33.38089,30.070189,29.783005,24.957848,25.454582,24.743368,21.906027,21.953518,17.59449,18.785385,18.705349,17.743626,20.02932
14,31.491835,29.397493,25.070002,23.891676,20.363329,16.666687,16.918991,10.38297,11.780575,5.922106,7.9558134,9.784497,6.7620277,5.6488285,0.0,5.1216574,7.0817823,10.278481,13.633808,17.545225,19.28133,23.429197,26.386087,28.733656,31.622267,30.302723,30.526459,26.11457,23.820433,21.93039,18.711075,16.303516,13.118551,8.717124,11.699482,9.723043,13.276552,15.195637,13.018557,13.41644,17.163277,19.332594,18.175455,22.47138,25.630947,26.418653,30.12421,30.740269,34.671368,36.748894,35.71293,31.62714,33.315647,30.267466,27.14624,26.994926,24.890429,22.747475,25.898779,24.417091,22.202791,27.848074,28.83037,31.99731,35.129,36.626556,39.407833,39.700638,38.931026,34.28235,30.769499,28.425823,24.229939,25.400352,20.914478,23.086157,20.598946,23.480352,23.487585,21.7961,22.087152,19.514889,15.809248,16.083134,17.618744,14.385268,19.881426,19.149658,22.870098,24.75459,28.224651,31.979006,32.657494,36.267258,38.346283,39.358414,42.02075,41.987236,40.09308,36.356678,33.548374,30.596828,29.235031,24.681536,24.31265,22.897104,20.686996,21.553514,17.718397,20.073914,20.699478,20.641665,23.446283
15,29.052816,26.869345,22.955286,21.204575,17.55072,14.031287,13.959515,8.350729,8.639841,6.9034953,6.4714236,10.785311,8.690854,6.0298166,5.1216574,0.0,4.4279385,5.7719994,9.845557,13.507394,15.602953,19.57585,22.34374,24.942879,27.503517,25.808401,25.804901,21.316252,18.87559,17.131828,13.605,11.589904,8.901531,5.525974,8.997574,9.097828,12.681543,13.23802,10.587987,9.964699,13.103293,14.63474,13.288029,17.354404,20.654665,21.347723,25.147816,25.80602,29.659098,31.671623,30.596317,26.522594,28.27334,25.379946,22.286152,22.455662,20.268816,18.537031,22.230436,20.45319,17.8667,23.37545,24.026003,27.335825,30.165298,32.0344,34.55484,35.15714,34.478264,29.945091,26.407856,24.324429,19.888668,21.580038,17.179213,19.922773,17.990595,20.9975,21.735392,20.793365,19.863983,17.186691,13.073938,12.750423,13.400145,10.5919285,15.467022,14.7682085,18.677563,20.691813,24.221395,28.197603,28.30593,32.080803,33.873535,34.804104,37.63975,37.75322,36.157524,32.240837,29.808315,26.725632,25.996052,21.288256,21.806952,20.979351,18.935858,19.204933,16.30493,17.055923,18.446201,17.69598,20.992529
16,25.150154,23.30673,19.103983,17.983398,14.643475,10.375244,11.923643,6.059602,8.446586,8.376731,10.43422,13.932469,12.481762,10.220855,7.0817823,4.4279385,0.0,4.50689,6.5987334,10.794346,12.202047,16.557627,19.330402,21.730423,24.576702,23.43152,24.019966,19.645674,17.962994,15.53893,13.771398,10.444762,10.827955,5.841949,10.808966,11.245403,13.576427,14.272604,10.431754,8.61849,13.825081,14.247185,14.226325,17.621822,19.783243,20.710478,23.995312,24.693674,28.616081,31.168287,30.334692,26.831564,28.323051,26.343359,22.87008,23.30318,21.846514,20.543713,24.699104,23.21988,20.324148,25.648285,25.660769,29.18134,31.183296,33.78507,35.555824,36.572998,35.544083,31.298687,28.145567,26.074717,21.618315,24.07231,19.996964,23.24548,21.771832,24.902533,25.91538,25.116138,23.761244,20.822437,16.74365,15.628188,15.774503,12.115224,15.510844,13.493488,17.384096,18.619678,22.21665,26.36431,27.02225,30.343641,32.57076,33.903484,36.82269,37.156963,35.718143,32.074818,29.15989,26.424076,25.00632,20.632236,20.755732,19.55382,18.365282,19.111006,17.319807,18.296223,20.482628,20.17216,23.85294
17,24.085398,21.851587,18.355862,16.23545,12.680055,9.400615,9.53788,6.029221,6.077289,9.85339,10.151989,14.4124775,13.879595,11.492007,10.278481,5.7719994,4.50689,0.0,4.832371,7.7913294,10.481848,13.888873,16.912703,19.322582,21.95586,20.35788,20.251225,15.910739,13.722778,12.088725,9.494828,7.678257,9.406414,7.173543,11.290832,13.125965,15.645297,15.188485,11.550375,8.764778,12.399163,11.619671,11.101855,13.55747,16.203707,16.604492,20.257895,20.573408,24.61215,26.92663,26.26871,22.58912,24.579817,22.745802,19.553244,20.555387,18.712706,18.05202,22.598759,20.503773,17.298458,22.06779,21.672085,25.106455,26.905777,29.547626,31.124647,32.18705,31.124678,26.965733,23.908737,21.952993,17.462402,20.3341,16.570938,20.23474,19.397188,22.611588,24.200623,23.962656,21.573318,18.526102,14.516693,12.709931,12.118091,8.736615,11.209873,9.412162,13.447291,15.095007,18.69199,22.896076,23.003607,26.596144,28.519993,29.683378,32.64787,32.994923,31.692745,27.89719,25.331463,22.44869,21.675152,17.155102,18.160463,17.659191,16.45884,16.52508,15.574722,15.085114,17.84541,17.088598,21.045053
18,20.036886,18.42345,14.805822,13.478155,10.637952,6.4185266,9.360898,7.533621,9.1955595,13.600425,14.937427,18.88992,18.306517,15.832072,13.633808,9.845557,6.5987334,4.832371,0.0,4.7409525,5.837279,10.2179985,12.780593,15.26764,17.992071,16.945246,17.81175,13.579053,12.748239,9.854354,10.423871,6.750972,11.975912,9.166105,13.526479,15.658899,16.97027,16.401045,12.073556,8.2348585,13.241429,11.095497,12.419578,13.932038,14.706638,15.612081,18.329206,18.99019,22.869366,25.873259,25.350405,22.569923,23.93818,23.261265,19.678349,20.889023,20.098846,19.901575,24.735281,23.19456,19.86008,24.32743,23.28361,26.946846,27.67715,31.296917,31.966105,33.678543,32.411682,28.726547,26.092266,24.422522,20.029902,23.590414,20.292236,24.237007,23.776987,26.908913,28.706045,28.65153,26.031328,23.006374,19.075825,16.945503,15.740963,12.477043,12.621859,9.083324,12.837187,13.151911,16.79794,21.345278,21.799612,24.786623,27.065731,28.693056,31.857744,32.580265,31.682487,28.190178,25.350597,22.921427,21.68829,17.76236,18.656471,17.982843,17.930962,18.3046,18.70203,18.05749,21.472193,20.889894,25.031456
19,17.253017,15.154543,12.558063,10.162597,7.600579,5.640952,7.3205023,9.328769,9.741746,16.230751,17.381605,21.06243,21.44629,19.269499,17.545225,13.507394,10.794346,7.7913294,4.7409525,0.0,5.0098796,6.1042485,9.977633,11.646886,14.690836,13.745602,13.801431,10.184154,9.486838,8.030714,9.486135,8.330501,14.849946,13.477871,17.348663,19.924744,21.355162,20.309439,16.209623,12.138309,15.7752075,12.172831,13.423477,12.703851,13.044733,12.954535,15.616184,15.233944,19.461626,22.478178,22.670242,20.152412,22.226795,22.439188,19.305727,21.343845,20.421978,21.122046,26.189955,24.07991,20.545033,23.931772,22.10169,25.450424,25.432125,29.214428,29.145996,30.931269,29.234158,25.944769,23.928082,22.297335,18.31982,22.459225,19.944168,24.202002,24.50807,27.716934,29.983213,30.313707,26.798954,23.585264,20.086931,17.216953,15.552876,12.343333,10.044346,5.5500274,8.641986,8.441793,12.0793,16.702011,17.199133,20.055956,22.454891,24.215818,27.338017,28.143856,27.388565,24.093027,21.163176,19.00081,17.789629,14.292808,15.693561,15.566884,16.19248,16.216478,18.156237,16.577389,20.651527,20.20071,24.473932
20,16.007181,15.333796,12.390787,11.894339,10.631468,7.365867,11.718743,12.42226,14.0199995,19.250103,20.62958,24.595816,24.133966,21.547945,19.28133,15.602953,12.202047,10.481848,5.837279,5.0098796,0.0,6.322522,7.296624,10.093983,12.571879,12.172307,14.295516,10.614142,11.8011265,7.948133,12.229086,8.465711,15.925055,13.902428,17.630898,20.240374,20.570528,19.535683,15.217279,11.031515,15.520107,11.791248,14.623155,14.505017,12.907616,14.195487,15.446582,16.470587,19.890211,23.597908,23.30143,21.752821,22.431307,23.276497,19.597904,21.209513,21.49687,22.048336,27.047783,25.913889,22.527767,26.250622,24.42133,28.148382,27.551191,32.213245,31.75789,34.2334,32.81801,29.822714,27.744642,26.54537,22.442606,26.637087,24.006887,28.184212,28.271818,31.259846,33.406933,33.72089,30.612211,27.681486,23.926332,21.466135,19.560444,16.877558,14.719172,10.249769,12.861641,11.463382,14.7202015,19.484827,19.939709,22.115582,24.554398,26.63235,30.023739,31.232296,30.976456,27.857183,25.076359,23.213558,21.95676,18.933859,20.134792,19.703619,20.761553,21.071138,22.896795,21.547539,25.53991,24.886988,29.137054
21,12.583903,10.982511,10.016872,8.01059,8.006322,8.438824,10.614878,14.564276,15.124789,21.914572,23.371248,26.801401,27.493307,25.372778,23.429197,19.57585,16.557627,13.888873,10.2179985,6.1042485,6.322522,0.0,5.9412966,5.721047,9.474522,9.794987,10.316018,8.542561,10.08065,9.2067585,13.326628,12.659269,20.18064,19.089113,22.746117,25.543304,26.414572,25.144526,21.020231,16.783537,20.111261,15.519373,17.60474,15.222341,13.519892,13.094368,14.133386,13.124141,17.039145,20.629227,21.592901,20.40263,22.258696,24.104969,21.233707,23.7741,23.589691,25.017658,30.145683,28.176987,24.642838,27.06551,24.417837,27.524265,26.112242,30.63361,29.258883,31.594376,29.484589,27.074429,25.943285,24.675625,21.350609,25.960447,24.280872,28.650852,29.52352,32.64112,35.212605,35.826824,31.82092,28.618258,25.441385,22.255442,20.21844,17.411463,13.170406,8.630838,9.088915,6.161089,8.805593,13.445014,14.411905,16.054956,18.926853,21.301392,24.47045,25.7391,25.584633,22.964334,19.895838,18.65313,17.132132,15.137167,16.6054,16.763458,18.694818,18.724989,22.198181,20.196972,24.677866,24.417347,28.653082
22,14.355419,14.569329,13.912489,13.400697,13.818662,12.990642,16.160393,18.95039,19.686388,25.985159,26.78153,30.906311,30.781273,28.11423,26.386087,22.34374,19.330402,16.912703,12.780593,9.977633,7.296624,5.9412966,0.0,4.836879,5.3430905,5.5905848,9.334994,7.6017456,11.2779665,8.382244,14.865136,12.92777,20.962614,20.39564,23.291529,26.494293,26.43564,24.701626,20.888039,16.796583,19.441792,14.465741,17.744778,15.389563,11.463711,12.477122,11.521934,12.610614,15.0534935,19.365969,19.567968,19.672594,19.817646,22.598284,19.438536,21.738472,22.835596,24.446312,29.40998,28.369446,25.056286,27.398758,24.628708,28.077982,25.849903,31.480488,29.62105,32.917576,31.410769,29.419533,28.13133,27.619352,24.152742,28.83577,27.200527,31.47854,32.33232,35.07536,37.703407,38.57373,34.71416,31.97956,28.618046,25.828863,23.190609,21.495161,17.173332,12.992699,13.75422,10.932871,12.8326025,17.310553,17.028357,18.176489,20.306726,22.717875,26.336689,28.138748,28.824814,26.161627,23.999376,22.807228,22.234583,20.387032,22.390503,22.698454,24.505676,24.33102,27.517826,24.97635,29.401695,28.477379,32.671745
23,10.494423,10.631599,11.405145,10.94731,12.619418,13.370778,16.03225,20.06605,20.842117,27.5145,28.99531,32.51409,33.070496,30.801355,28.733656,24.942879,21.730423,19.322582,15.26764,11.646886,10.093983,5.721047,4.836879,0.0,4.880844,7.5368767,9.677171,10.006453,13.289161,12.183532,17.753227,16.797562,24.735104,23.806276,27.176273,30.147015,30.413933,28.951984,24.922655,20.732811,23.777824,18.798615,21.58226,18.597364,15.230142,15.112777,14.236463,13.538069,16.268826,20.380377,21.647913,21.924562,22.950142,26.106096,23.379904,26.020994,26.690998,28.506535,33.542988,32.00162,28.582272,30.463263,27.378365,30.388071,27.859638,33.126705,30.742239,33.72595,31.576817,29.9493,29.340216,28.547085,25.6028,30.390953,29.149168,33.511124,34.636692,37.587574,40.31355,41.13285,36.957428,33.90674,30.813482,27.626068,25.278088,22.950756,18.08864,13.905947,13.430483,9.695374,10.510174,14.274553,15.167849,15.272756,18.176744,21.021074,24.244152,26.048615,26.667944,24.676535,21.93135,21.444033,20.062109,19.199173,20.697973,20.983015,23.51266,23.53959,27.57199,25.318094,29.903479,29.561342,33.73155
24,14.372911,15.181676,16.178343,15.751122,17.112272,17.451633,20.010494,23.728903,24.162712,30.897976,31.606808,35.641994,35.817204,33.211002,31.622267,27.503517,24.576702,21.95586,17.992071,14.690836,12.571879,9.474522,5.3430905,4.880844,0.0,4.3403316,8.399415,9.534062,13.808154,12.358999,18.720589,17.796112,25.748713,25.648539,28.31281,31.677351,31.522839,29.575489,25.969076,21.953894,23.935051,18.695484,21.854982,18.453306,13.852563,14.238872,11.803316,12.269855,13.571919,18.03782,18.935968,20.335375,20.315115,24.335518,21.78796,24.435555,25.831667,27.99097,32.81166,31.730297,28.523937,29.92691,26.629145,29.668774,26.381304,32.378033,29.485228,33.179344,31.492237,30.319695,29.73511,29.585325,26.726946,31.554804,30.582561,34.842167,36.142452,38.769184,41.64145,42.779675,38.49943,35.827576,32.767406,29.779636,26.92619,25.579056,20.349556,16.611017,16.186167,12.820598,13.2748,16.817945,16.25463,16.17497,18.078066,20.764582,24.323322,26.535545,27.891161,25.819538,24.04891,23.528017,23.234735,22.39577,24.61999,25.29057,27.566595,27.203222,31.16536,28.16728,32.743893,31.833548,35.91504
25,17.93544,17.983845,18.501637,17.19388,17.649618,17.733755,19.605425,23.071632,22.86901,29.738985,29.56721,33.983116,33.98481,31.208017,30.302723,25.808401,23.43152,20.35788,16.945246,13.745602,12.172307,9.794987,5.5905848,7.5368767,4.3403316,0.0,5.7117214,6.0978703,10.636121,9.316094,15.598108,15.315337,22.952,23.795887,25.880022,29.566721,29.54534,27.186415,23.975039,20.085373,20.93554,15.521983,18.46235,14.670515,9.772857,10.250946,7.496171,8.9130335,10.053245,14.600479,14.947644,16.215,16.02831,20.012884,17.593884,20.402813,21.768381,24.14994,28.884388,27.793016,24.685986,25.829275,22.51238,25.632456,22.35122,28.551443,25.881525,29.779837,28.53297,27.239626,26.353136,26.539053,23.586077,28.346706,27.467566,31.611217,33.0026,35.404045,38.359894,39.719242,35.361217,32.979473,29.999186,27.193283,24.00653,23.489717,18.162554,14.964035,14.866475,12.313846,13.189602,17.128635,15.249415,16.23076,17.265167,19.436968,23.319601,25.482645,26.927721,24.287228,23.23507,22.186272,22.91071,21.500143,24.453644,25.496403,27.182907,26.381039,29.99151,26.331244,30.791924,29.364332,33.343075
26,19.4758,18.204905,19.395061,16.655691,16.77122,18.195692,18.162397,22.713505,21.474928,29.039251,28.417423,32.53651,33.27285,30.839546,30.526459,25.804901,24.019966,20.251225,17.81175,13.801431,14.295516,10.316018,9.334994,9.677171,8.399415,5.7117214,0.0,4.957577,7.89149,10.027715,14.104571,16.268326,23.228426,24.815044,26.854198,30.613474,31.397202,28.933968,25.877638,21.96018,22.077555,16.633907,18.229118,13.084414,9.989735,7.941137,6.7881465,4.047273,7.0463176,10.780727,12.524381,12.993667,14.982477,18.73764,17.300142,20.788158,20.938358,23.790585,28.517414,26.418379,23.256805,23.379967,19.627073,22.085476,18.672281,24.259998,21.30982,24.797415,23.139608,22.060915,21.721523,21.900606,19.591301,24.410774,24.263592,28.36072,30.295477,32.70773,35.92144,37.506905,32.553936,30.112629,27.67744,24.551222,21.325687,21.165535,14.923408,12.797285,11.50974,9.588744,9.627348,13.076742,9.982547,11.729955,12.198441,14.073962,18.009077,20.024881,21.441566,18.663828,18.087492,17.032509,18.638239,17.53812,21.186005,22.914753,24.40329,23.058773,27.172287,22.773361,27.244717,25.821913,29.5949
27,19.996078,18.683016,18.530659,15.912496,15.095119,15.284637,15.706654,19.137678,18.023191,25.165178,24.29666,28.770369,29.00521,26.350765,26.11457,21.316252,19.645674,15.910739,13.579053,10.184154,10.614142,8.542561,7.6017456,10.006453,9.534062,6.0978703,4.957577,0.0,4.5614433,5.0869474,9.830756,11.335346,18.386166,19.982843,21.918411,25.699205,26.454073,23.995285,20.952686,17.085331,17.217106,11.793102,13.593411,9.1716795,6.1243863,5.119137,5.804516,6.0246406,9.427765,12.990999,13.184297,12.313796,13.803284,16.308199,14.002705,17.17054,17.275772,19.677845,24.597408,22.737444,19.447084,20.655014,17.466595,20.648752,18.375113,23.88308,22.170275,25.449337,24.273119,22.250845,20.881012,20.834522,17.604218,22.342789,21.374285,25.536085,26.978916,29.43503,32.436245,33.833363,29.32391,26.932657,24.07351,21.237705,17.966928,17.833664,12.4547,9.907056,10.278588,9.187704,10.989894,15.426227,12.892716,15.609933,16.365948,17.901022,21.783667,23.40757,24.206358,20.81534,19.917908,18.06381,19.44041,17.117054,20.63455,21.991138,22.9134,21.703495,24.868439,20.746418,25.075373,23.387716,27.332663
28,22.284771,20.113417,19.63777,16.161427,14.409909,14.890495,13.720122,17.132563,15.048171,22.376371,20.881464,25.269316,25.854715,23.425236,23.820433,18.87559,17.962994,13.722778,12.748239,9.486838,11.8011265,10.08065,11.2779665,13.289161,13.808154,10.636121,7.89149,4.5614433,0.0,5.8384023,6.3755264,10.39553,16.173054,18.410904,20.193384,23.911034,25.399471,22.966728,20.169373,16.528442,16.041819,11.15889,11.353077,6.378048,7.0126014,4.2010493,8.224299,6.94792,11.187687,13.386735,13.643698,10.876391,14.02914,14.998767,13.13369,16.433056,15.178242,17.53107,22.464594,19.773926,16.357557,17.469835,14.449373,17.482162,16.293571,20.822914,20.00568,22.53433,21.34305,18.673319,16.922733,16.562222,13.122608,17.864138,16.900766,21.097815,22.669888,25.2096,28.279171,29.717152,24.983843,22.535286,19.884876,16.941132,13.616948,13.889583,8.3537,7.1014833,7.8080134,8.654515,10.849907,15.077269,12.252524,16.079855,16.584837,17.518007,21.14911,22.248991,22.453814,18.548067,17.811693,15.293612,17.263346,14.215978,18.190037,19.852274,20.059532,18.439478,21.222292,16.610723,20.798986,18.899937,22.797855
29,21.355055,20.187239,18.703684,16.560755,14.90421,13.43102,14.660761,16.29367,15.580171,21.818995,20.758583,25.620874,25.135336,22.181625,21.93039,17.131828,15.53893,12.088725,9.854354,8.030714,7.948133,9.2067585,8.382244,12.183532,12.358999,9.316094,10.027715,5.0869474,5.8384023,0.0,7.067248,6.3588343,13.738361,15.151074,16.981842,20.764683,21.373396,18.959553,15.870175,12.055888,12.438006,7.1132774,9.562749,7.3274546,5.1510262,6.673806,8.559214,10.576604,13.549977,16.795961,15.820269,14.028748,14.637962,15.5438795,12.205299,14.568875,14.765185,16.331352,21.391645,20.019361,16.677794,19.364447,17.09093,20.908901,19.902925,25.095654,24.576193,27.581554,26.867273,24.090353,21.792679,21.501186,17.457619,21.814724,19.855234,23.941662,24.684736,27.151485,29.805754,30.913525,27.088047,24.799461,21.425959,19.086046,15.961058,15.749261,12.124941,9.299474,11.601913,11.352619,14.218674,18.99946,17.088772,20.16778,21.154402,22.522266,26.30879,27.657343,27.989223,24.263237,23.071009,20.706358,21.683147,18.423134,21.48289,22.313177,22.657326,21.730083,23.693598,20.195263,24.178894,22.297976,26.324385
30,25.826426,23.56311,21.811869,18.576761,15.714936,14.666329,13.351865,14.31706,11.835632,17.94087,15.34858,20.311922,20.218088,17.548058,18.711075,13.605,13.771398,9.494828,10.423871,9.486135,12.229086,13.326628,14.865136,17.753227,18.720589,15.598108,14.104571,9.830756,6.3755264,7.067248,0.0,6.761746,10.153073,13.229115,14.443667,18.1234,20.10888,17.711912,15.364795,12.376031,11.094394,7.7112336,5.981979,4.3134804,8.718995,8.065318,12.555413,12.932856,16.48834,18.114664,17.160097,13.127465,15.668462,14.069435,11.615951,13.902645,11.602828,12.8351,17.839977,15.047811,11.468765,14.452542,12.931873,16.541855,17.540546,21.02002,22.091373,23.92511,23.43687,19.725288,16.622517,15.889193,11.342242,15.248941,12.855841,16.928669,17.660536,20.232952,22.956322,24.138348,20.058104,17.786608,14.5715685,12.309453,8.954466,9.975327,7.7154984,7.6710067,10.664618,12.798752,15.76827,19.982567,17.74337,21.920387,22.468323,23.028423,26.39872,27.047588,26.622578,22.328278,21.51674,18.340603,20.102503,15.896064,19.355375,20.541565,19.59232,18.07124,18.893915,14.766872,18.177435,15.721749,19.597502
31,24.254137,22.975103,20.183874,18.441628,15.839096,12.691583,14.283928,13.1338005,12.888264,17.303593,15.960644,21.15364,19.752916,16.49447,16.303516,11.589904,10.444762,7.678257,6.750972,8.330501,8.465711,12.659269,12.92777,16.797562,17.796112,15.315337,16.268326,11.335346,10.39553,6.3588343,6.761746,0.0,8.036985,8.8779125,10.780243,14.423959,15.244586,13.125693,9.8415785,6.1660333,7.544369,4.36648,6.4295645,8.866614,9.653695,11.627674,14.32305,16.470081,19.483675,22.227592,20.656954,17.86719,18.239506,17.061771,13.203247,14.155943,13.811176,13.772336,18.716154,17.741396,14.511466,19.064487,18.177628,22.271635,22.941092,27.18097,28.059444,30.411392,30.038935,26.465345,23.314548,22.565727,17.917852,21.432337,18.283016,22.039831,21.767818,24.276075,26.341696,26.93122,24.138794,21.951721,18.029459,16.490751,14.036528,13.512739,12.9224825,10.612154,14.348572,15.096706,18.544632,23.311058,22.032955,25.48413,26.702171,27.873789,31.449213,32.410423,32.126247,28.137548,26.605265,23.788956,24.294321,20.195368,22.541023,22.758701,22.261095,21.695408,21.962273,19.538486,22.795176,20.870378,24.797728
32,31.601921,29.937449,26.716673,24.73005,21.437483,18.129581,18.42583,15.1387415,14.116018,15.464461,11.745297,17.438166,14.70566,11.027489,13.118551,8.901531,10.827955,9.406414,11.975912,14.849946,15.925055,20.18064,20.962614,24.735104,25.748713,22.952,23.228426,18.386166,16.173054,13.738361,10.153073,8.036985,0.0,6.3690014,4.608656,8.526338,10.698915,8.383026,7.5385075,7.541591,4.995521,8.230663,6.12196,12.032866,15.297467,16.921959,20.332859,22.453566,25.22162,26.97481,24.767338,20.917149,21.342709,17.752338,14.5017,13.928732,12.16255,9.999522,13.897652,13.142952,10.71176,16.836605,17.868038,21.754122,24.415667,27.185818,29.795174,31.3463,31.743233,27.518963,23.450474,22.661371,17.928637,19.76969,15.708872,18.319622,16.843866,18.837889,20.156948,20.43346,18.993214,17.658978,13.6083975,13.909931,12.297799,13.318948,15.94619,15.678076,19.58578,21.51987,24.947828,29.35091,27.769356,31.813025,32.589016,33.165836,36.51165,37.036194,36.316593,31.942085,30.892536,27.548372,28.584888,23.888395,26.117428,26.289728,24.524256,23.766258,21.954712,19.971355,21.746424,19.194242,22.34021
33,28.860569,27.467093,23.48018,22.395107,19.190607,14.86983,16.544188,11.590461,12.558608,12.216354,11.293455,16.092611,13.0335655,9.536824,8.717124,5.525974,5.841949,7.173543,9.166105,13.477871,13.902428,19.089113,20.39564,23.806276,25.648539,23.795887,24.815044,19.982843,18.410904,15.151074,13.229115,8.8779125,6.3690014,0.0,5.1165204,6.4976783,8.472684,8.504112,5.12241,5.0005608,8.968345,11.241047,11.17084,16.171417,18.31856,20.095432,23.15395,25.007114,28.250307,30.677927,28.963772,25.519615,25.992786,23.330282,19.655827,19.241114,18.216429,16.222578,19.96971,19.46698,16.986332,22.950626,23.567411,27.419527,29.673275,32.594353,34.76528,36.21412,35.963142,31.704575,28.008268,26.590141,21.861467,24.000114,19.724031,22.5751,20.776735,23.288872,24.157665,23.619621,22.804104,20.739948,16.475061,16.343895,15.77446,14.2462015,17.506199,15.990193,20.124878,21.474745,25.127457,29.603054,29.230806,32.823433,34.43567,35.52165,38.768276,39.293583,38.27454,34.25375,32.16764,29.13673,28.793541,24.216784,25.273851,24.58609,23.166847,23.314907,21.28078,21.070032,22.979303,21.576212,24.992102
34,33.23983,31.934425,28.187342,26.88813,23.663727,19.619116,20.81989,16.28397,16.341705,15.681889,12.766295,17.962656,14.098345,10.266879,11.699482,8.997574,10.808966,11.290832,13.526479,17.348663,17.630898,22.746117,23.291529,27.176273,28.31281,25.880022,26.854198,21.918411,20.193384,16.981842,14.443667,10.780243,4.608656,5.1165204,0.0,4.3510776,6.1650386,4.6864033,4.720225,7.195095,6.7015495,11.19481,10.364138,16.378304,18.861752,20.988394,23.966558,26.465311,29.133434,31.173111,28.79008,25.25084,25.06682,21.516256,18.033857,16.737715,15.778578,12.947562,15.868486,16.251347,14.472289,20.814219,22.196564,26.084604,28.81435,31.598516,34.321068,35.887375,36.327225,32.04855,27.931694,27.027193,22.324326,23.863646,19.572168,21.769903,19.665487,21.465096,22.087765,21.776535,21.574188,20.427063,16.356073,17.198654,16.30733,16.562918,19.899214,19.152391,23.220884,24.854265,28.417328,32.922924,31.773247,35.629353,36.681763,37.440193,40.808876,41.362415,40.56072,36.267487,34.89226,31.624063,32.13367,27.425787,29.076103,28.768702,27.00999,26.71125,24.321138,23.371315,24.81246,22.633537,25.586443
35,35.196815,33.879635,29.746283,28.762442,25.456524,21.159855,22.456697,16.93069,17.555779,14.805169,12.580458,16.870197,12.206579,8.7262535,9.723043,9.097828,11.245403,13.125965,15.658899,19.924744,20.240374,25.543304,26.494293,30.147015,31.677351,29.566721,30.613474,25.699205,23.911034,20.764683,18.1234,14.423959,8.526338,6.4976783,4.3510776,0.0,4.6314735,6.1808486,6.7440896,9.935557,10.991226,15.395647,14.552342,20.4584,23.045616,25.05435,28.11679,30.395882,33.2737,35.34149,33.08368,29.42403,29.410208,25.727707,22.347027,20.914755,19.823698,16.734632,18.985565,19.422495,17.98042,24.3506,26.030634,29.723976,32.821804,35.150593,38.169704,39.381817,39.712196,35.245926,31.099817,29.867971,25.269835,26.376257,21.850979,23.64609,20.98422,22.768047,22.733046,21.747698,22.612638,21.480183,17.536552,18.827312,18.802095,18.3625,22.674387,21.942673,26.0492,27.731752,31.3522,35.748764,35.071625,38.890396,40.206066,41.023502,44.255898,44.659706,43.562458,39.34614,37.62928,34.37823,34.401424,29.646326,30.691677,29.985092,28.008024,28.07764,24.927425,25.042809,25.95928,24.232138,26.905155
