,0,1,2,3,4,5,6,7,8,9,10,11,12,13,14,15,16,17,18,19,20,21,22,23,24,25,26,27,28,29,30,31,32,33,34,35,36,37,38,39,40,41,42,43,44,45,46,47,48,49,50,51,52,53,54,55,56,57,58,59,60,61,62,63,64,65,66,67,68,69,70,71,72,73,74,75,76,77,78,79,80,81,82,83,84,85,86,87,88,89,90,91,92,93,94,95,96,97,98,99,100,101,102,103,104,105,106,107,108,109
0,0.0,4.7316427,6.6176453,9.178955,12.523818,13.482412,17.708117,21.070196,23.203245,25.46206,29.71789,31.830053,33.66332,31.953056,32.7836,28.860592,30.478712,28.131395,30.354877,27.787447,28.557442,29.060675,28.525377,31.86841,27.312693,24.663765,24.19455,23.789104,21.752972,24.468634,21.840263,27.140474,27.883915,33.173157,31.723986,35.62883,36.500248,33.789135,33.48314,31.653482,26.51431,23.9834,22.511301,18.728746,18.568567,18.772413,17.689867,20.318125,21.05378,26.037064,23.76828,27.972729,28.439274,25.900967,27.280663,23.953688,21.904984,18.193367,17.268593,14.440316,13.599268,18.297869,21.007828,23.233566,28.844402,29.19917,33.468822,34.1804,37.122917,36.272896,30.664713,32.474854,27.552792,28.479975,23.905731,26.990467,23.055906,19.744911,20.454287,17.219995,13.802729,14.05853,17.404423,16.512787,20.818466,18.438318,24.950294,25.73828,29.641111,30.680964,34.709393,37.400593,39.610355,42.728424,41.975407,42.552395,38.872696,39.122902,33.61173,35.064243,30.745672,29.879145,32.108555,35.154922,34.517773,39.01623,33.905422,37.384663,36.10868,38.900383
1,4.7316427,0.0,5.301753,6.400893,9.52739,12.437362,15.116914,19.299686,21.44998,23.395872,27.463375,30.14176,31.883333,29.98549,31.118143,27.466951,29.095745,27.399874,29.173717,27.597696,28.077257,29.465187,28.70601,32.4807,28.0978,24.990221,25.105366,23.420536,21.605495,23.307869,20.731712,25.280598,25.392519,30.829939,28.876915,32.767853,33.29566,30.45566,30.664654,29.24579,23.559874,21.595488,20.268095,17.272339,16.990128,18.44137,17.637878,21.08524,22.270538,27.559204,25.980993,29.842203,30.840736,28.817057,29.803581,26.865284,24.123072,20.643412,19.90505,16.358006,15.260524,20.713707,22.822252,25.479362,31.000412,31.013083,35.505863,35.60175,38.21163,36.76841,31.224165,32.300144,27.288387,28.095837,23.259268,26.598303,22.641298,19.824339,20.63927,18.187334,15.196778,16.03368,18.373474,17.22198,21.49268,19.21382,25.553051,26.41642,30.413744,31.816303,35.622173,38.50838,40.370754,43.346138,42.318085,42.54897,38.704533,39.577633,33.831726,36.011787,31.920385,31.647358,33.948597,36.716328,35.8541,39.72806,34.2932,37.553417,35.764515,38.483585
2,6.6176453,5.301753,0.0,5.1507726,6.9856706,7.7087793,12.21268,14.968065,17.759895,19.421284,23.832947,26.140207,28.388493,26.924614,28.297554,24.84424,27.131899,25.394468,28.13873,26.790625,28.248758,29.561062,29.599165,33.683002,29.598978,26.322315,25.099255,24.066519,20.759386,23.01899,19.19674,24.209597,23.306398,28.960499,27.043533,30.658625,31.874628,29.31245,29.477356,28.191545,22.409279,21.027193,18.642773,16.072258,17.398119,18.177202,18.895193,21.846367,23.671757,28.492071,27.348549,31.367483,32.465637,29.866163,30.209496,27.252188,24.250605,21.306879,19.545078,16.156364,14.183219,18.679646,20.212534,22.425066,28.191807,27.349773,31.926668,31.666441,34.21263,32.890606,27.526394,28.26407,23.4991,23.711163,18.9431,21.719336,17.563574,14.698386,15.344375,13.063066,10.339543,11.814265,14.078367,13.829288,18.290989,17.104044,23.123268,25.201704,29.039455,30.897465,34.622005,37.78329,39.318638,42.424015,40.99383,41.073433,37.00784,37.58086,31.670422,33.846733,29.195852,29.526222,31.327927,34.274857,33.017765,36.9139,31.491266,34.3962,32.81309,35.02479
3,9.178955,6.400893,5.1507726,0.0,3.8058069,7.65894,8.876218,13.652276,15.207472,17.442099,21.314758,23.996344,25.52978,23.585947,24.757402,21.220922,23.081163,21.696136,23.772387,22.982151,24.058826,26.020119,25.862543,30.256542,26.4292,22.810112,22.096972,20.008778,17.098736,18.513966,15.10707,19.57934,19.131763,24.650885,22.772625,26.620905,27.474731,24.796263,24.81528,23.452435,17.717522,16.095697,14.148068,11.686123,12.692459,14.343389,15.31966,18.795382,21.043077,25.972656,25.632864,29.214005,30.906303,28.896723,28.731054,26.316929,22.594915,20.005135,18.64771,14.627092,12.743673,18.201693,19.269365,22.261303,27.513458,27.049606,31.698584,31.114239,33.349747,31.390463,25.969906,26.536428,21.498981,22.412453,17.5144,21.39414,17.918142,15.597369,17.237288,15.389306,13.052081,13.698744,14.250723,12.679686,16.64862,14.889438,20.698254,22.241404,26.147598,28.160221,31.65679,34.8842,36.19414,39.122593,37.61711,37.505493,33.441532,34.597744,28.64189,31.396297,27.362673,27.930712,30.076342,32.562496,31.356577,34.62274,28.98529,31.963842,29.898035,32.485607
4,12.523818,9.52739,6.9856706,3.8058069,0.0,6.1148443,5.7379537,10.465596,12.393062,14.081396,17.986748,20.927933,22.71427,20.927174,22.542484,19.465183,21.789785,20.974943,23.314333,23.464764,24.932783,27.349718,27.528002,32.212654,28.740482,24.918198,23.81955,21.441412,17.899733,18.833914,14.741984,18.657595,16.782194,22.551464,20.2587,23.864761,24.947163,22.387299,22.824608,21.949757,15.736435,15.244497,12.597116,11.567524,13.662397,15.631222,17.621572,21.02906,23.70585,28.374523,28.55106,31.980833,33.908947,31.875322,31.259468,29.047756,25.026478,22.873116,21.179358,17.1949,14.937803,19.817982,20.160284,23.003872,28.14755,26.9799,31.697231,30.50261,32.416946,30.132662,25.00271,24.740778,19.924011,20.312067,15.37826,19.037119,15.616347,13.937509,15.567705,14.664746,13.133082,14.331444,13.954701,12.87424,16.53557,15.713747,20.78933,23.092375,26.813026,29.268187,32.48965,35.93219,36.808758,39.677708,37.76965,37.330143,33.073444,34.453648,28.35012,31.544815,27.420662,28.719734,30.556381,32.91649,31.351353,34.13942,28.38998,30.912535,28.624603,30.774864
5,13.482412,12.437362,7.7087793,7.65894,6.1148443,0.0,7.3117313,7.7549734,10.68109,12.3657465,16.915915,18.698776,21.224842,20.19603,21.756903,18.684698,21.726849,20.246466,24.01273,23.502256,26.119326,27.70776,28.759043,33.31559,29.996075,26.42974,23.761396,23.013783,18.002882,20.36504,15.124235,20.128986,17.934189,23.54471,21.900085,25.088467,27.178238,25.113926,24.983938,23.86168,18.453382,17.927923,14.275523,12.9004,16.394732,16.555494,19.495163,21.825548,24.65386,28.646915,28.740505,32.465538,34.107002,31.30972,30.364944,27.954704,24.196562,22.469564,19.789282,16.545107,13.690541,16.782236,16.710072,18.717045,24.15556,22.180775,26.88339,25.670605,27.774971,26.069672,21.03576,20.970583,16.46437,16.15961,11.376399,14.190215,10.356115,8.022837,9.81637,8.69717,7.714477,9.21499,8.664608,9.17638,13.070008,13.6981535,18.381083,22.002045,25.423712,28.053669,31.327148,34.869884,35.679943,38.7728,36.69114,36.38207,32.057674,32.596752,26.52724,29.122835,24.192286,25.763893,26.975368,29.727217,27.877016,31.17519,25.68944,27.987755,26.380404,28.00716
6,17.708117,15.116914,12.21268,8.876218,5.7379537,7.3117313,0.0,6.7165775,7.0872645,9.089107,12.517773,15.56126,17.048063,15.223795,17.038755,14.383445,17.126772,16.998232,19.65083,20.984814,23.064991,25.979605,26.765902,31.77611,29.018372,25.00962,23.217823,20.623798,16.237381,16.550863,11.6898365,14.770142,11.492213,17.350277,15.093055,18.505915,20.1181,17.896736,18.144934,17.52589,11.453122,12.078786,8.3684025,9.426937,13.098333,14.94825,18.465837,21.431149,24.757036,28.76332,29.961418,32.97601,35.3769,33.45376,31.936283,30.285152,25.72676,24.486294,22.482353,18.650513,16.144035,20.159178,19.333595,22.214788,26.667295,24.984932,29.633768,27.658403,29.01632,26.112104,21.396957,20.261208,15.674985,16.061785,11.353776,15.554521,13.250653,12.778535,15.188164,15.30703,14.87266,15.679129,13.289042,12.068375,14.467596,14.680489,18.21178,21.233286,24.540422,27.555023,30.25459,33.92897,34.158073,36.88057,34.471165,33.618923,29.199213,30.912619,24.761557,28.573013,24.7144,26.964338,28.509205,30.437094,28.517147,30.432505,24.61233,26.617613,23.977211,25.82796
7,21.070196,19.299686,14.968065,13.652276,10.465596,7.7549734,6.7165775,0.0,5.0989766,4.7656116,9.524641,11.463299,14.586833,14.166349,16.596884,14.897445,18.77015,18.611483,22.66534,24.035963,27.208435,29.585627,31.1886,36.12275,33.620495,29.803188,26.724672,25.373573,19.793324,21.002346,15.237285,18.478868,13.659704,19.029917,17.046053,19.336584,22.17797,20.737658,21.022568,20.798378,15.631046,17.143644,12.695943,14.1939745,18.796759,19.389086,23.61299,25.77834,29.227365,32.63226,33.831375,37.044052,39.22888,36.676918,34.826103,33.058094,28.744455,27.917269,25.099003,21.956573,19.020418,21.178833,19.615538,21.381952,25.789963,22.663918,27.17084,24.528738,25.633377,23.001446,18.995502,16.792803,13.226286,11.637502,7.3730903,9.621901,7.2722044,8.281214,10.393754,12.146177,13.324795,14.739538,11.681529,12.518388,14.334221,16.586119,18.884035,23.512732,26.278269,29.638561,32.12867,35.950577,35.809826,38.636845,35.793945,34.797222,30.254515,31.31003,25.260359,28.755955,24.155941,27.221783,27.838186,29.984089,27.495049,29.375492,23.898722,25.038557,22.936956,23.530878
8,23.203245,21.44998,17.759895,15.207472,12.393062,10.68109,7.0872645,5.0989766,0.0,4.381692,7.151693,8.899536,10.635269,9.6031685,11.657079,9.831803,13.75581,13.986992,17.989794,20.023829,23.360132,26.040201,27.891336,32.915226,30.953327,27.10764,23.892653,22.270674,16.60999,17.261324,11.554525,14.036725,9.254162,14.280863,13.000295,15.429783,18.503935,17.303528,16.765066,16.248966,12.100379,13.583332,9.029064,11.478284,16.440004,16.868681,21.724545,23.569256,27.315878,30.23883,32.208233,34.948658,37.528683,35.342247,32.908875,31.704636,27.002253,26.806995,24.17695,21.086334,18.350855,20.369368,18.181551,20.415203,23.942348,21.249998,25.613008,22.69039,23.39615,20.060219,16.110962,13.74114,9.8796,9.65717,5.82509,10.217037,10.045381,11.230518,14.23736,15.404498,16.31717,16.656166,12.442077,11.987591,12.392855,14.649335,15.673793,20.160997,22.61683,26.205143,28.28376,32.155544,31.653109,34.308533,31.288326,30.084665,25.523779,26.981953,20.964214,24.987457,21.05315,24.517221,25.280575,26.878853,24.40115,25.526834,19.921207,21.016216,18.445665,19.433535
9,25.46206,23.395872,19.421284,17.442099,14.081396,12.3657465,9.089107,4.7656116,4.381692,0.0,4.7986307,7.3209524,10.477932,10.389455,13.416721,12.935777,16.998756,17.860985,21.674911,24.239012,27.5081,30.358433,32.16764,37.2266,35.256172,31.3634,28.27251,26.482697,20.971842,21.310654,15.803014,17.508755,11.264138,16.013285,13.91703,15.455806,18.762394,17.841253,18.298502,18.688711,14.162068,16.85493,12.478234,15.531078,20.266562,21.115337,25.78963,27.844227,31.544199,34.59131,36.43655,39.26334,41.784683,39.505505,37.176983,35.844616,31.240294,30.889973,28.170721,25.063723,22.2368,24.143389,21.972271,23.767714,27.369139,24.006777,28.234873,24.890615,25.287104,21.963797,18.780159,15.310637,12.626939,10.77393,7.9377933,9.867088,9.671882,11.924597,14.036145,16.327446,17.835888,18.940735,15.138324,15.593302,16.241644,18.834688,19.752182,24.474691,26.78683,30.445698,32.38864,36.278538,35.569542,38.14109,34.909035,33.47912,28.9163,30.43504,24.584593,28.64786,24.617435,28.373917,28.789663,30.407484,27.693823,28.506304,23.157932,23.579231,21.041487,21.086012
10,29.71789,27.463375,23.832947,21.314758,17.986748,16.915915,12.517773,9.524641,7.151693,4.7986307,0.0,4.595545,6.739848,7.0266805,10.632429,11.7504635,15.609934,17.54941,20.84538,24.536444,27.77142,31.027718,32.98599,38.07781,36.661655,32.76619,29.753141,27.57145,22.34372,21.821325,16.918232,16.950804,9.783657,13.196911,11.2037735,11.640493,15.486876,15.281449,15.775003,16.813297,13.485221,17.09668,13.232763,17.372213,21.956228,22.979261,27.91612,29.812977,33.67575,36.336166,38.784542,41.194874,44.02695,42.058487,39.302086,38.412933,33.582718,33.675858,31.117224,28.075865,25.41704,27.143084,24.533752,26.398672,29.178629,25.832703,29.708107,25.854029,25.565128,21.598907,19.321709,14.916918,13.289644,11.742181,10.565797,12.288153,13.577784,16.215,18.409588,20.809717,22.402832,23.191622,18.922062,18.948654,18.668722,21.31972,21.012249,25.54457,27.365583,31.20996,32.572765,36.452736,35.19501,37.454823,33.893818,32.038006,27.55493,29.585514,24.099289,28.66084,25.387678,29.64915,29.941374,30.977646,28.157682,27.846142,22.76211,22.485197,19.491253,19.054256
11,31.830053,30.14176,26.140207,23.996344,20.927933,18.698776,15.56126,11.463299,8.899536,7.3209524,4.595545,0.0,4.79743,7.099169,9.983279,11.655819,15.733816,17.275507,21.363932,24.678263,28.555763,31.272995,33.784485,38.695724,37.57155,33.903454,30.086355,28.808718,23.046064,23.185528,18.105585,18.52414,12.352676,14.579352,13.938263,13.78934,18.18406,18.500595,18.1164,18.693144,16.7156,19.625353,15.698942,19.24261,24.149832,24.265327,29.554672,30.809202,34.715935,36.797432,39.40498,41.766457,44.522003,42.299423,39.194996,38.444008,33.76317,34.305344,31.423742,28.89097,26.189056,26.807074,23.719715,25.00532,27.176699,23.317122,26.796696,22.527834,21.832962,17.867151,16.451311,11.300452,11.100688,8.81833,9.654966,10.201717,13.040825,16.090414,18.356062,20.881884,22.916946,23.363132,18.684095,19.149273,18.043144,21.483807,20.064453,25.200996,26.492163,30.432106,31.52259,35.384968,33.86741,36.13248,32.370148,30.49854,26.09431,27.566128,22.43034,26.643278,23.279425,27.98659,27.723324,28.64253,25.571447,24.97897,20.376228,19.428324,16.925531,15.580717
12,33.66332,31.883333,28.388493,25.52978,22.71427,21.224842,17.048063,14.586833,10.635269,10.477932,6.739848,4.79743,0.0,3.4936733,5.8598104,8.969633,12.378441,14.786065,18.162975,22.309994,26.010542,29.033707,31.59687,36.451057,35.855534,32.258846,28.65672,27.01038,21.741041,21.108332,16.883276,15.90467,10.309107,10.753848,11.209978,10.597662,15.167476,15.962088,14.7670965,15.300544,15.001297,17.871424,14.686767,18.670652,23.220705,23.377525,28.757074,29.800013,33.78067,35.465317,38.65185,40.533348,43.59584,41.80481,38.341953,38.081867,33.192688,34.147488,31.597467,29.105474,26.69935,27.42233,24.129932,25.81971,27.206877,24.052517,27.26833,22.998802,21.925053,17.312477,16.233383,11.311872,11.288288,10.900941,12.006663,13.950446,16.939907,19.531364,22.257679,24.23428,25.872217,25.79846,20.815023,20.385778,18.564522,21.530672,19.180355,23.645609,24.529507,28.509905,29.088354,32.873768,30.968176,32.933605,29.01913,26.845598,22.541466,24.644226,19.837885,24.580202,22.24633,27.080656,27.044523,27.324074,24.423018,22.834091,18.340431,17.190502,13.977459,13.010646
13,31.953056,29.98549,26.924614,23.585947,20.927174,20.19603,15.223795,14.166349,9.6031685,10.389455,7.0266805,7.099169,3.4936733,0.0,3.755666,6.524922,9.672554,12.555109,15.30442,19.847563,23.157082,26.551374,28.826288,33.770737,33.15019,29.460226,26.338121,24.115885,19.266546,18.06347,14.209387,12.602251,6.965508,7.5724025,8.118272,8.412315,12.666601,13.113677,11.556519,11.906223,11.681823,14.529835,11.665036,15.980958,20.242779,20.767498,26.017105,27.269428,31.250223,33.10289,36.38861,38.14021,41.33753,39.83111,36.450226,36.278427,31.238882,32.105427,29.864582,27.141298,24.899609,26.250916,23.182388,25.403324,26.932245,24.448252,27.891943,24.034784,23.292316,18.625576,16.732962,12.757494,11.440795,12.199039,12.165705,15.385945,17.700579,19.78965,22.777433,24.304241,25.486162,25.26017,20.361881,19.268385,17.597103,19.875906,17.883642,21.705858,22.844988,26.759615,27.431475,31.213657,29.46447,31.406343,27.666838,25.53257,21.159325,23.76599,18.697456,23.791357,21.775444,26.252768,26.72468,26.941286,24.32576,22.877434,17.966269,17.549192,13.851103,14.146916
14,32.7836,31.118143,28.297554,24.757402,22.542484,21.756903,17.038755,16.596884,11.657079,13.416721,10.632429,9.983279,5.8598104,3.755666,0.0,4.570648,6.75573,9.889356,12.512709,17.182047,20.658175,23.890331,26.428442,31.203396,31.004417,27.522243,24.195019,22.25322,17.581194,16.318502,13.159622,11.071544,7.945901,6.639237,9.256901,9.800576,13.582944,14.167021,11.295841,10.6580105,12.401409,14.112573,11.938357,15.656812,19.636011,19.607553,24.934895,25.679607,29.651207,30.968996,34.636005,36.057148,39.374462,38.049778,34.350937,34.54742,29.500376,30.808962,28.712366,26.294184,24.314772,25.289543,22.033981,24.350143,25.159517,23.239063,26.387447,22.697906,21.82581,16.983057,15.227447,12.0285225,10.856425,12.902156,13.341778,17.035706,19.628412,21.354841,24.637709,25.679567,26.64696,25.892363,20.834562,19.260004,16.876087,18.913536,15.954566,19.322779,20.00669,23.9104,24.218708,27.932032,25.966679,27.793274,23.991861,21.794249,17.451765,20.245779,15.415276,20.698742,19.393076,23.881014,24.441578,24.231815,21.789001,19.840975,15.058583,14.723123,10.69379,11.798829
15,28.860592,27.466951,24.84424,21.220922,19.465183,18.684698,14.383445,14.897445,9.831803,12.935777,11.7504635,11.655819,8.969633,6.524922,4.570648,0.0,4.3690796,6.0768294,9.768238,13.426145,17.122791,20.138102,22.632433,27.49885,26.927961,23.393772,19.925322,18.18569,13.118883,12.443462,8.736382,8.089285,7.1421275,7.9672832,10.302718,12.472584,15.493751,15.163276,11.956635,10.021968,10.968905,11.105082,8.710706,11.472053,15.594782,15.138086,20.554768,21.2386,25.220509,26.715734,30.193365,31.789066,35.022373,33.62465,30.082788,30.136866,25.05905,26.25644,24.205576,21.744184,19.834417,21.046268,18.00617,20.729567,21.93127,20.615648,24.126282,21.099533,20.958847,16.557863,13.382872,11.781285,8.794141,12.036736,11.344066,16.159462,18.062483,19.03588,22.591257,22.94164,23.450953,22.354715,17.434511,15.288328,12.941315,14.476572,11.990463,15.231287,16.462467,20.328428,21.216469,25.03436,23.66372,25.856092,22.474077,20.82207,16.291119,18.734411,13.139781,18.29293,16.53269,20.493162,21.534384,21.696892,19.52189,18.726774,13.247018,14.309978,10.596455,13.155441
16,30.478712,29.095745,27.131899,23.081163,21.789785,21.726849,17.126772,18.77015,13.75581,16.998756,15.609934,15.733816,12.378441,9.672554,6.75573,4.3690796,0.0,4.5776763,5.808778,10.772407,13.938237,17.382044,19.780876,24.53197,24.537418,21.164484,18.234213,15.962174,12.126462,10.241244,8.840599,5.9678116,8.737447,7.3686643,10.988963,13.260047,15.329778,15.056263,10.80781,7.8193436,11.3009815,10.325333,9.809467,12.042242,14.958277,14.506657,19.557957,19.93661,23.819727,24.857006,28.893768,29.901102,33.4267,32.59399,28.819462,29.407946,24.255253,25.817734,24.33363,22.015373,20.641825,22.06366,19.20815,22.283587,22.770239,22.49864,25.659752,23.068237,22.857687,18.459785,15.509755,14.896137,12.209359,16.042253,15.41141,20.383265,22.184473,22.828398,26.475748,26.415693,26.537947,25.08707,20.39051,17.588186,14.9959545,15.444175,12.459927,13.912587,14.727355,18.36934,18.756115,22.395788,20.82894,22.71604,19.440367,17.668715,13.3032875,16.666471,11.564728,17.106731,16.77881,20.229042,21.746393,21.282352,19.643314,18.21524,13.097122,14.597963,10.608031,14.272066
17,28.131395,27.399874,25.394468,21.696136,20.974943,20.246466,16.998232,18.611483,13.986992,17.860985,17.54941,17.275507,14.786065,12.555109,9.889356,6.0768294,4.5776763,0.0,6.036917,7.582857,11.955902,14.281209,17.204615,21.83993,21.57862,18.398668,14.441844,13.563642,8.670861,8.8469305,6.907402,7.538733,11.620584,11.77546,14.826969,17.461184,19.593513,18.955284,14.914739,11.546935,13.803275,11.323479,10.476243,10.5595,13.583743,11.650583,16.909914,16.579517,20.457258,21.204659,25.099863,26.317108,29.647749,28.490536,24.625463,25.14421,20.079782,21.884796,20.207523,18.304974,17.042791,17.843006,14.951503,18.112583,18.496092,18.822287,22.026009,20.078775,20.436512,16.655775,12.83536,13.924397,10.560796,15.137322,14.34153,19.529266,21.097038,21.130922,24.902098,24.213326,24.078579,22.11971,17.574053,14.48126,11.416526,11.584507,8.039999,9.572237,10.6104355,14.377699,15.336501,19.145786,18.14861,20.550735,17.655941,16.631456,12.209919,14.404436,8.591275,13.624412,12.794295,15.8342085,17.612474,17.45603,16.03685,15.797965,10.303725,13.069432,10.029373,14.424066
18,30.354877,29.173717,28.13873,23.772387,23.314333,24.01273,19.65083,22.66534,17.989794,21.674911,20.84538,21.363932,18.162975,15.30442,12.512709,9.768238,5.808778,6.036917,0.0,6.753187,8.533516,12.579717,14.55503,19.205154,19.64417,16.486387,14.546149,11.535755,9.924586,6.7268987,9.062039,5.725869,12.588036,11.1713505,14.578386,17.340548,18.112926,17.383537,12.779142,8.768794,13.167523,10.026905,11.645003,12.108733,13.033349,12.369337,16.46383,16.429337,20.013033,20.648033,25.149223,25.516811,29.313536,29.192015,25.401886,26.5058,21.385035,23.183815,22.556173,20.42827,19.85028,21.745884,19.5352,23.097435,23.192411,24.392265,27.336273,25.701908,25.89831,22.009726,18.674791,19.545906,16.44511,20.803013,19.657684,25.027658,26.29175,26.24906,29.974512,29.178965,28.646912,26.751884,22.649483,19.075928,16.663664,15.46637,12.968003,11.573947,12.361332,15.242757,15.520034,18.801786,17.675362,19.382515,16.897646,15.633087,11.905626,15.7662525,11.436994,16.464462,17.414305,19.485151,21.858137,21.058651,20.348389,19.26994,14.674642,17.261375,13.863936,18.451832
19,27.787447,27.597696,26.790625,22.982151,23.464764,23.502256,20.984814,24.035963,20.023829,24.239012,24.536444,24.678263,22.309994,19.847563,17.182047,13.426145,10.772407,7.582857,6.753187,0.0,5.321602,6.7301946,9.817792,14.27075,14.37441,11.684137,8.13232,7.7860475,6.091323,6.688866,9.317619,10.411133,17.320051,17.345667,20.293922,23.40042,24.429867,23.342928,19.088346,15.051411,17.717548,13.239183,14.379128,12.082787,12.314107,9.247622,12.79012,11.148649,14.545868,14.398015,18.976389,19.417015,23.049242,22.695766,18.706768,19.970165,14.992143,17.349522,16.89633,15.612244,15.677731,16.822542,15.123198,18.785357,18.559835,21.144484,23.884409,23.494408,24.484343,21.67508,17.606146,20.451035,16.915674,21.68527,20.337858,25.709126,26.551674,25.670345,29.39983,27.700027,26.682398,24.098452,20.655146,16.749878,14.210829,11.865494,9.592178,5.4695687,6.740704,9.029482,10.459109,13.804599,14.029386,16.50236,15.111526,15.293066,12.112501,14.001941,9.79909,12.970987,13.853734,14.2519045,17.365553,16.89753,17.013279,17.716587,13.452971,17.407661,15.430696,20.467176
20,28.557442,28.077257,28.248758,24.058826,24.932783,26.119326,23.064991,27.208435,23.360132,27.5081,27.77142,28.555763,26.010542,23.157082,20.658175,17.122791,13.938237,11.955902,8.533516,5.321602,0.0,5.480188,6.062038,10.863072,11.300661,8.578393,8.605021,5.1784654,8.613362,6.6917686,11.973745,11.659163,19.385849,19.188469,21.805235,25.130827,25.18477,23.807669,19.69997,15.658932,18.521969,13.532246,16.131355,13.761355,11.900945,10.183809,11.600429,10.398984,13.072444,13.141397,17.977095,17.609383,21.623106,22.385468,18.930029,20.53573,15.8017235,17.718172,18.470945,16.933914,17.682991,20.02637,19.184584,23.078672,23.094128,26.132572,28.854008,28.741442,29.784918,26.95088,22.89854,25.502268,21.77566,26.407505,24.564299,30.159527,30.566587,29.499992,33.139397,31.264551,29.83538,27.37825,24.495405,20.31978,18.588232,15.363355,14.588508,9.597033,10.906142,11.607452,12.751327,15.083111,15.800617,17.619474,17.133488,17.445288,15.159168,17.750309,14.594033,17.419415,18.918833,18.510134,21.961475,21.360102,21.924747,22.436913,18.5836,22.38289,20.147854,25.199554
21,29.060675,29.465187,29.561062,26.020119,27.349718,27.70776,25.979605,29.585627,26.040201,30.358433,31.027718,31.272995,29.033707,26.551374,23.890331,20.138102,17.382044,14.281209,12.579717,6.7301946,5.480188,0.0,4.5041566,7.7807984,8.653286,7.5902934,5.494522,7.3168583,9.903273,10.936157,14.834054,16.18918,23.55355,23.59058,26.402912,29.652643,30.163761,28.872713,24.694979,20.607508,23.190308,18.1112,19.952698,16.637972,15.091333,11.747595,12.4343815,9.206699,11.014516,9.022071,14.349676,13.612385,17.494081,18.126245,14.119913,16.332417,12.146684,15.033751,15.978306,15.742137,17.049814,18.04529,17.538214,21.01717,20.25285,24.323418,26.495598,27.284792,28.679293,26.665846,22.650562,26.385124,22.891296,27.652386,26.131252,31.42191,31.860943,30.421972,34.006107,31.64945,30.081375,27.127468,24.663628,20.630526,18.608618,15.213681,14.106912,7.8936367,8.408935,7.3326273,9.063957,10.845012,12.81816,15.058033,15.582703,16.967737,15.395413,16.39091,14.186097,15.157569,17.034924,15.218041,18.957735,18.33782,19.65974,21.090935,18.088997,22.344042,21.133345,26.256039
22,28.525377,28.70601,29.599165,25.862543,27.528002,28.759043,26.765902,31.1886,27.891336,32.16764,32.98599,33.784485,31.59687,28.826288,26.428442,22.632433,19.780876,17.204615,14.55503,9.817792,6.062038,4.5041566,0.0,5.2113304,5.4904976,4.457651,7.2420473,6.246921,11.64025,11.520999,16.366007,17.29945,24.874823,25.156565,27.50882,31.009165,30.903738,29.300827,25.450779,21.48201,23.641104,18.304462,20.867096,17.394203,14.514494,12.240896,11.0750675,8.5561905,9.383503,8.314676,13.298497,12.0405855,16.189016,17.804003,14.809483,16.874043,13.028309,14.984268,16.925346,16.250832,17.988075,20.198465,20.391867,24.116394,24.016619,28.089739,30.504696,31.375408,32.89792,30.793581,26.52771,29.98043,26.11137,30.73405,28.66557,34.166,34.13438,32.50504,35.97952,33.48166,31.564213,28.800497,26.836733,22.625597,21.364098,17.369467,17.602718,11.562467,12.803602,11.573244,13.286867,14.394832,16.593178,18.358341,19.28491,20.5503,19.172087,20.689423,18.422089,19.660902,21.271261,19.259277,23.112772,22.72433,24.058735,25.550123,22.340933,26.544724,24.992947,30.11142
23,31.86841,32.4807,33.683002,30.256542,32.212654,33.31559,31.77611,36.12275,32.915226,37.2266,38.07781,38.695724,36.451057,33.770737,31.203396,27.49885,24.53197,21.83993,19.205154,14.27075,10.863072,7.7807984,5.2113304,0.0,4.9304123,7.5709705,10.479912,11.308399,16.441036,16.721983,21.447884,22.395494,30.029327,30.039068,32.571484,35.965874,35.769836,34.246338,30.312096,26.34706,28.800245,23.477633,26.070229,22.453531,19.441345,17.011341,15.05,11.967171,11.138411,7.9699135,12.715816,9.743288,13.804264,16.550833,13.777008,16.683815,14.266482,16.5301,19.098639,19.357964,21.54807,23.071821,23.620153,26.941353,26.191668,30.948353,32.818882,34.277645,35.878155,34.208717,30.211985,34.133553,30.518906,35.206776,33.34349,38.699894,38.698017,36.898403,40.3083,37.549,35.492985,32.514862,30.918726,26.826199,25.492916,21.489944,21.50591,15.20854,15.619606,13.164223,14.311875,13.993808,16.908596,18.187222,20.260374,22.133965,21.741606,22.66968,21.603573,21.768793,24.06541,21.185879,25.03321,24.3744,26.320826,27.921295,25.582401,29.805689,28.72483,33.873627
24,27.312693,28.0978,29.598978,26.4292,28.740482,29.996075,29.018372,33.620495,30.953327,35.256172,36.661655,37.57155,35.855534,33.15019,31.004417,26.927961,24.537418,21.57862,19.64417,14.37441,11.300661,8.653286,5.4904976,4.9304123,0.0,4.1888804,8.599923,9.426814,14.602225,15.597642,19.748156,21.742254,28.968018,29.938549,31.894243,35.620735,35.48908,33.62128,30.11667,26.24192,27.466564,21.97565,24.297575,20.053345,16.691082,14.270776,11.185705,8.231179,6.508133,5.068643,8.89268,7.107373,11.21109,13.568804,11.790612,13.698298,11.111478,12.406181,15.446272,15.440049,17.899727,20.173527,21.4009,24.895582,25.175425,29.752907,32.0921,33.696213,35.69246,34.182014,29.606869,33.540215,29.43108,33.863174,31.454807,36.803524,36.24392,34.11637,37.33737,34.336838,31.989098,29.11258,28.107012,24.02592,23.4346,18.972307,20.421528,14.482433,16.053265,13.980124,16.37722,16.798376,19.952702,21.815239,23.405048,25.144762,23.98526,24.72758,22.574663,22.886833,23.918848,20.870274,24.849936,24.98725,26.668915,29.149523,26.11993,30.56707,29.428587,34.47262
25,24.663765,24.990221,26.322315,22.810112,24.918198,26.42974,25.00962,29.803188,27.10764,31.3634,32.76619,33.903454,32.258846,29.460226,27.522243,23.393772,21.164484,18.398668,16.486387,11.684137,8.578393,7.5902934,4.457651,7.5709705,4.1888804,0.0,6.8389482,5.4640384,11.091343,11.72558,15.897616,17.93043,24.995295,26.268587,27.968231,31.796463,31.66723,29.696852,26.35893,22.558968,23.372192,17.870483,20.210596,16.023205,12.528066,10.421188,7.5223646,5.3675766,5.5241933,6.971674,10.590343,10.428389,14.279952,15.630357,13.714321,14.836458,10.988915,11.780426,14.241851,13.176181,15.247055,18.387463,19.361214,23.22826,24.133984,28.077003,30.886883,31.973066,33.8898,32.002995,27.213057,30.681791,26.332481,30.662497,28.006554,33.495953,32.850338,30.853802,34.12031,31.343565,29.077988,26.428663,25.147669,20.936102,20.540485,16.010592,17.890638,12.367245,14.688624,13.644823,16.328043,17.667608,20.23697,22.332565,23.131542,24.38572,22.54738,23.780432,20.73663,21.923647,22.380674,20.101347,24.036707,24.380966,25.547005,27.880552,24.172226,28.540691,26.993427,31.958563
26,24.19455,25.105366,25.099255,22.096972,23.81955,23.761396,23.217823,26.724672,23.892653,28.27251,29.753141,30.086355,28.65672,26.338121,24.195019,19.925322,18.234213,14.441844,14.546149,8.13232,8.605021,5.494522,7.2420473,10.479912,8.599923,6.8389482,0.0,6.9248114,7.55647,11.026101,13.232504,16.69911,23.229975,24.572426,26.745054,30.316027,31.181372,29.568867,25.88058,21.937021,22.904396,17.710781,18.70864,14.311875,13.048588,8.639378,9.067146,4.974583,7.325334,6.8212132,10.902764,11.929262,15.224575,14.647036,11.128051,12.165279,7.278515,9.878808,10.520338,10.384538,11.912894,13.053614,13.32267,16.977446,17.363035,21.439367,24.081268,25.30215,27.321835,25.820883,21.072628,25.178057,21.145288,25.595314,23.549913,28.704166,28.550047,26.625786,30.025097,27.259747,25.405035,22.330315,20.507458,16.509048,15.1763935,11.131357,11.87912,6.1743083,8.681521,7.9475064,11.575744,13.750407,16.280436,19.106153,19.378254,20.820347,18.576683,18.693205,15.344038,15.840016,15.730315,13.311747,17.227499,17.80804,18.901953,21.868858,18.260967,22.82066,21.928349,26.76206
27,23.789104,23.420536,24.066519,20.008778,21.441412,23.013783,20.623798,25.373573,22.270674,26.482697,27.57145,28.808718,27.01038,24.115885,22.25322,18.18569,15.962174,13.563642,11.535755,7.7860475,5.1784654,7.3168583,6.246921,11.308399,9.426814,5.4640384,6.9248114,0.0,6.831835,6.2630424,10.84762,12.477438,19.57152,20.852493,22.534615,26.352812,26.365593,24.456253,21.05854,17.25157,18.10369,12.631248,15.008577,11.331651,8.302315,6.547684,6.463188,6.142545,9.066541,11.131422,14.877543,15.464726,19.201485,19.672556,17.151112,17.887804,13.040033,13.868013,14.972228,12.835844,13.869471,17.425463,17.496798,21.658653,22.867254,25.878971,29.07896,29.32484,30.91439,28.431215,23.653194,26.404459,21.98858,26.293592,23.632587,29.293468,28.89947,27.32887,30.764135,28.504042,26.625101,24.260838,22.153313,17.84506,17.20004,13.082664,14.582119,9.919889,12.728088,13.224076,15.698854,18.043375,19.598455,21.819431,21.55465,22.108904,19.499083,21.43112,17.48231,19.907494,19.99886,19.040197,22.700071,22.995567,23.479063,25.20116,20.819399,24.909796,22.810509,27.658564
28,21.752972,21.605495,20.759386,17.098736,17.899733,18.002882,16.237381,19.793324,16.60999,20.971842,22.34372,23.046064,21.741041,19.266546,17.581194,13.118883,12.126462,8.670861,9.924586,6.091323,8.613362,9.903273,11.64025,16.441036,14.602225,11.091343,7.55647,6.831835,0.0,5.702494,5.6838193,10.190845,15.873916,17.956436,19.656204,23.335707,24.486408,22.81401,19.458817,15.798599,15.839556,11.046679,11.277097,7.2124043,7.854453,3.6287956,8.540839,8.14743,12.120977,14.05458,17.199598,18.982924,22.14085,21.045208,18.032629,18.016785,12.744416,13.790021,12.868075,10.508518,10.120486,12.768132,11.806842,16.005308,17.73835,19.769245,23.366467,23.144121,24.796436,22.32937,17.232086,19.969707,15.373586,19.635588,17.110054,22.665092,22.534185,21.113848,24.698835,22.667103,21.267178,18.836708,15.936339,11.720194,10.497516,6.956994,8.301614,6.1179204,9.8319025,12.006117,14.925205,18.251562,19.246283,22.059374,20.782082,21.041676,17.490948,18.702497,13.480401,16.240786,14.722744,14.887091,18.023869,18.904808,18.598618,20.811733,15.734455,19.777594,17.873737,22.34515
29,24.468634,23.307869,23.01899,18.513966,18.833914,20.36504,16.550863,21.002346,17.261324,21.310654,21.821325,23.185528,21.108332,18.06347,16.318502,12.443462,10.241244,8.8469305,6.7268987,6.688866,6.6917686,10.936157,11.520999,16.721983,15.597642,11.72558,11.026101,6.2630424,5.702494,0.0,6.0789566,6.237408,13.434413,14.657163,16.357277,20.130207,20.41158,18.652035,15.129156,11.3308525,12.364649,7.1776853,9.520989,7.539508,6.6354885,6.500727,10.024503,11.052383,14.693999,16.8108,20.50277,21.478172,25.113129,24.979855,22.08098,22.530828,17.314276,18.129547,17.984236,15.177254,14.909902,18.394598,17.335455,21.471458,22.91145,24.588596,28.116781,27.260286,28.336231,25.08979,20.549633,22.093948,17.75341,21.890476,19.346516,25.109377,25.142454,24.26676,27.837957,26.37768,25.116526,23.23852,20.107388,16.015993,15.000132,12.153021,12.695808,10.351596,13.040237,15.204754,17.0607,20.191633,20.512667,22.690733,21.186794,20.798185,17.319893,20.088854,15.2143345,19.158422,18.802671,19.604744,22.636591,22.82393,22.425018,23.200708,18.137262,21.576952,18.706457,23.219887
30,21.840263,20.731712,19.19674,15.10707,14.741984,15.124235,11.6898365,15.237285,11.554525,15.803014,16.918232,18.105585,16.883276,14.209387,13.159622,8.736382,8.840599,6.907402,9.062039,9.317619,11.973745,14.834054,16.366007,21.447884,19.748156,15.897616,13.232504,10.84762,5.6838193,6.0789566,0.0,6.5211616,10.387272,13.383397,14.439009,18.196169,19.621784,17.923138,15.034905,11.935495,10.779079,7.032189,5.828314,3.6626577,7.392258,6.5619774,11.918596,13.184772,17.134943,19.65647,22.529737,24.495377,27.616331,26.382736,23.577703,23.226578,18.018333,18.475082,17.031008,13.943754,12.468145,15.561444,13.931622,17.828342,20.206251,20.603626,24.623392,23.2664,24.464293,21.254131,16.32765,17.359241,12.542653,16.267944,13.340869,19.120977,19.070574,18.32886,21.94242,20.791557,19.941078,18.33504,14.664449,10.921453,10.079346,8.493254,9.630777,10.597434,13.667949,16.703732,18.99908,22.624622,22.76576,25.380709,23.254162,22.694471,18.544617,20.503561,14.626011,18.65322,16.504324,18.291735,20.660303,21.581877,20.396988,21.763855,16.06521,19.188545,16.456495,20.246933
31,27.140474,25.280598,24.209597,19.57934,18.657595,20.128986,14.770142,18.478868,14.036725,17.508755,16.950804,18.52414,15.90467,12.602251,11.071544,8.089285,5.9678116,7.538733,5.725869,10.411133,11.659163,16.18918,17.29945,22.395494,21.742254,17.93043,16.69911,12.477438,10.190845,6.237408,6.5211616,0.0,7.818374,8.470989,10.292513,13.917216,14.491263,13.058549,9.294941,5.650739,7.5781336,4.7288933,6.4255204,8.533426,10.078938,11.294751,15.582097,17.052324,20.813759,22.873072,26.573832,27.646816,31.259726,30.867088,27.762295,28.104267,22.82839,23.633028,22.817476,19.791843,18.71391,21.822792,19.927252,23.678122,25.1385,25.481577,29.104488,27.134066,27.537582,23.513494,19.657158,19.49472,15.680694,19.272125,17.123514,22.657131,23.267748,23.319326,26.857544,26.385157,25.842442,24.584461,20.64789,17.233297,15.94746,14.841826,14.261521,14.236543,16.231487,19.276325,20.396336,23.82859,23.097971,25.006598,22.509562,21.177176,17.195356,20.729578,15.573857,20.653698,20.091267,22.418762,24.695545,24.673775,23.497242,23.0821,17.76727,20.064919,16.354506,20.127726
32,27.883915,25.392519,23.306398,19.131763,16.782194,17.934189,11.492213,13.659704,9.254162,11.264138,9.783657,12.352676,10.309107,6.965508,7.945901,7.1421275,8.737447,11.620584,12.588036,17.320051,19.385849,23.55355,24.874823,30.029327,28.968018,24.995295,23.229975,19.57152,15.873916,13.434413,10.387272,7.818374,0.0,5.9014325,4.5058765,8.203032,10.223485,8.980962,7.527206,7.459067,4.7616916,8.145912,5.9707203,11.229427,14.606232,16.476753,21.080402,23.174423,27.026762,29.638163,32.735672,34.443718,37.76285,36.74603,33.87817,33.607895,28.404312,28.703888,27.129766,23.780449,21.850569,24.80997,22.571453,25.703049,27.94753,26.570883,30.49155,27.519945,27.5455,23.197046,19.902023,17.554647,14.303821,16.067888,13.884551,18.542603,19.249905,20.325504,23.43164,24.186832,24.44996,24.219969,19.995737,17.866533,17.212814,17.832907,17.593359,19.949665,21.965776,25.509075,26.702885,30.39262,29.292679,31.27686,28.149906,26.347395,22.02333,25.232754,19.74951,24.991026,23.184464,26.6046,28.04468,28.467588,26.44485,25.821238,20.33875,21.35386,17.454533,19.419956
33,33.173157,30.829939,28.960499,24.650885,22.551464,23.54471,17.350277,19.029917,14.280863,16.013285,13.196911,14.579352,10.753848,7.5724025,6.639237,7.9672832,7.3686643,11.77546,11.1713505,17.345667,19.188469,23.59058,25.156565,30.039068,29.938549,26.268587,24.572426,20.852493,17.956436,14.657163,13.383397,8.470989,5.9014325,0.0,4.692425,6.2067685,8.081674,8.445722,4.725121,5.0029545,8.407566,10.96831,10.6856165,15.2799425,17.906942,19.35124,23.921312,25.387037,29.213545,30.974916,34.828995,35.85578,39.485676,38.903442,35.490612,35.878807,30.627983,31.607937,30.2755,27.326315,25.731285,28.092354,25.450523,28.496439,29.596828,28.54065,31.886616,28.668808,28.050554,23.265385,21.012285,18.509104,16.43862,18.714727,17.860601,22.188124,23.83185,25.187548,28.425196,29.227892,29.627834,29.025015,24.443335,22.128096,20.478958,21.128048,19.275213,20.94252,22.024727,25.549772,25.800676,29.280542,27.451754,28.891987,25.462,23.1277,19.143593,23.15691,18.602179,24.233772,23.774303,27.487667,28.814533,28.404703,26.497513,24.466534,19.670698,20.038208,15.70941,17.697313
34,31.723986,28.876915,27.043533,22.772625,20.2587,21.900085,15.093055,17.046053,13.000295,13.91703,11.2037735,13.938263,11.209978,8.118272,9.256901,10.302718,10.988963,14.826969,14.578386,20.293922,21.805235,26.402912,27.50882,32.571484,31.894243,27.968231,26.745054,22.534615,19.656204,16.357277,14.439009,10.292513,4.5058765,4.692425,0.0,4.292722,5.76034,5.142564,4.6921024,7.0587387,6.1230607,10.7531595,9.967094,15.284108,17.92403,20.28713,24.555477,26.7583,30.532194,33.031124,36.393353,37.782845,41.281322,40.590553,37.636887,37.597904,32.348106,32.728825,31.375048,27.992643,26.192488,29.23914,26.937311,30.032417,31.96062,30.51888,34.24108,30.979362,30.595762,25.9528,23.344862,20.39348,17.92932,19.345547,17.717688,21.797829,22.774553,24.226746,27.123777,28.240261,28.642057,28.603678,24.385664,22.367353,21.60755,22.220373,21.581226,23.575987,25.252016,28.753357,29.488943,33.04365,31.554544,33.159733,29.871983,27.676918,23.60908,27.406734,22.446264,27.95119,26.754034,30.3598,31.731579,31.78799,29.753979,28.322042,23.209148,23.661617,19.480043,21.00238
35,35.62883,32.767853,30.658625,26.620905,23.864761,25.088467,18.505915,19.336584,15.429783,15.455806,11.640493,13.78934,10.597662,8.412315,9.800576,12.472584,13.260047,17.461184,17.340548,23.40042,25.130827,29.652643,31.009165,35.965874,35.620735,31.796463,30.316027,26.352812,23.335707,20.130207,18.196169,13.917216,8.203032,6.2067685,4.292722,0.0,4.6575174,6.372529,6.781897,9.927385,10.377154,14.963042,14.046089,19.337406,22.155178,24.271933,28.698801,30.688164,34.504776,36.713703,40.26863,41.543648,45.09199,44.368782,41.188183,41.27901,36.035595,36.63526,35.12572,31.897482,30.007109,32.60091,29.9895,32.779194,34.349873,32.4847,35.94045,32.235104,31.369228,26.522457,24.780817,21.05011,19.597279,20.470692,19.693914,22.980106,24.534416,26.507877,29.230139,30.819372,31.608873,31.702717,27.258385,25.624283,24.5396,25.687729,24.362223,26.708893,27.95299,31.573978,31.903505,35.422123,33.488373,34.861725,31.2636,28.723885,24.821606,28.712109,24.21169,29.777428,28.814682,32.865135,33.86966,33.67408,31.434235,29.285004,24.622492,24.277334,20.079634,20.728378
36,36.500248,33.29566,31.874628,27.474731,24.947163,27.178238,20.1181,22.17797,18.503935,18.762394,15.486876,18.18406,15.167476,12.666601,13.582944,15.493751,15.329778,19.593513,18.112926,24.429867,25.18477,30.163761,30.903738,35.769836,35.48908,31.66723,31.181372,26.365593,24.486408,20.41158,19.621784,14.491263,10.223485,8.081674,5.76034,4.6575174,0.0,3.2272685,5.489103,9.568485,10.269004,14.853826,15.191604,20.38196,22.196783,25.04953,28.831728,31.17084,34.786797,37.197678,40.79749,41.805702,45.48743,45.227604,42.25189,42.464573,37.19061,37.60693,36.572056,33.13114,31.521004,34.785835,32.518585,35.66755,37.32345,35.977036,39.51972,36.099884,35.39188,30.553198,28.497393,25.243216,23.334051,24.577505,23.27803,26.965929,28.044817,29.69448,32.407505,33.7376,34.154755,34.256172,30.12072,28.075356,27.293625,27.713652,26.877914,28.331362,29.731441,33.07596,33.374783,36.70138,34.894928,36.045517,32.7388,30.214674,26.592236,30.962532,26.639473,32.286198,31.757065,35.38002,36.78551,36.4789,34.53545,32.388466,27.703754,27.756533,23.42912,24.645947
