,0,1,2,3,4,5,6,7,8,9,10,11,12,13,14,15,16,17,18,19,20,21,22,23,24,25,26,27,28,29,30,31,32,33,34,35,36,37,38,39,40,41,42,43,44,45,46,47,48,49,50,51,52,53,54,55,56,57,58,59,60,61,62,63,64,65,66,67,68,69,70,71,72,73,74,75,76,77,78,79,80,81,82,83,84,85,86,87,88,89,90,91,92,93,94,95,96,97,98,99,100,101,102,103,104,105,106,107,108,109,110
0,0.0,4.3416934,8.021203,11.128412,13.911775,17.350569,20.566813,23.197693,25.694336,28.85173,31.585873,34.17847,36.491367,36.694767,36.18271,33.1639,36.317593,33.332466,38.447636,35.638554,38.380043,38.688942,40.5969,43.554733,42.400085,43.960888,41.20299,41.634705,40.272987,35.209465,36.07147,28.907711,30.435465,23.74873,26.034557,23.679876,22.152637,19.905994,18.4336,17.988844,17.781363,21.773684,21.582718,26.216806,25.23162,31.363636,31.542322,35.538025,36.304302,38.816525,37.650402,37.758324,32.50431,33.531677,32.771168,33.337772,30.19774,29.835815,33.62874,30.331936,25.456854,25.80125,23.193226,22.664312,20.803694,15.759478,14.322581,17.503801,20.776487,19.16939,20.336237,24.655615,25.719963,30.178707,31.326565,31.663755,27.76289,24.98325,27.546545,23.885101,27.59918,26.810373,30.225653,28.705576,26.356155,32.015823,30.902914,34.49144,33.821495,35.60218,34.147182,36.701912,36.255825,39.981926,39.316525,43.66221,43.385033,40.816257,43.23002,38.7583,41.048077,38.978397,38.34517,40.22148,36.464275,36.67467,35.722343,30.991707,31.723131,27.530228,29.665407
1,4.3416934,0.0,6.1790133,6.9739537,10.612072,14.097802,17.08587,19.410143,22.196156,25.601723,28.13013,30.65613,32.89979,32.9105,32.358246,29.123901,32.231243,29.184927,34.290672,31.627934,34.310444,34.835377,36.727478,39.758064,38.610184,40.044525,37.447357,37.777786,36.60744,31.49328,32.42045,25.176598,27.163055,20.209042,23.234411,20.780157,19.84215,18.025187,17.538643,15.79269,14.784276,19.354107,18.421715,23.421864,22.116728,28.636497,28.776804,32.68873,33.7055,36.444386,35.67433,36.204994,30.949354,32.411037,31.47403,32.668896,29.21525,29.3573,33.04168,30.204636,25.23654,25.960438,23.328588,23.512686,22.451353,17.429026,16.47169,18.96409,21.550486,19.454256,19.456133,24.080095,24.308243,28.957808,29.793146,29.927843,26.332718,22.776978,25.491053,21.500376,24.951878,24.157545,27.187847,25.551884,23.137028,29.096512,27.850954,31.752243,31.108032,32.64487,31.656155,34.109314,34.093254,37.699432,37.226467,41.44696,41.342373,38.93582,41.10035,36.655132,38.54415,36.596676,35.50426,37.32323,33.3449,33.30178,32.333035,27.437378,28.085974,23.81248,25.787231
2,8.021203,6.1790133,0.0,6.821461,6.5595136,10.014703,13.489744,16.85346,19.170053,22.61498,25.729939,28.748568,31.597532,31.92589,32.099014,28.85927,32.578365,30.014677,35.31835,33.57563,36.19424,37.428417,39.33062,42.467457,41.22926,42.110706,39.738636,39.49621,38.584785,33.65025,33.94906,27.094666,28.331686,20.8446,23.854,20.505863,19.405104,18.278027,18.717035,17.804617,17.127981,22.223854,21.61414,26.812521,25.872149,32.48064,33.123722,36.826485,38.312,41.27471,40.759598,41.47854,36.162388,37.60204,36.24291,37.58041,33.628677,33.731033,36.83556,33.759785,28.843071,28.810558,25.70853,26.031216,24.811844,20.413588,20.391218,23.592949,26.218174,24.980328,24.51693,29.609455,29.673815,34.347992,35.227512,35.41739,32.110767,28.10868,30.885782,26.630371,29.605228,28.439318,31.226847,29.677275,27.351099,33.608932,32.099903,36.368084,35.53934,36.41023,35.721916,37.685547,37.681732,40.965164,40.162525,44.16931,44.731373,42.61718,44.822117,40.821987,42.33009,40.963135,39.565567,41.54734,37.3827,37.009842,36.05992,30.969421,31.334124,26.93678,28.124634
3,11.128412,6.9739537,6.821461,0.0,5.4679904,8.369137,10.761738,12.702623,15.83755,19.634104,21.975204,24.55113,26.909317,26.758696,26.47068,22.92802,26.287828,23.444519,28.670221,26.772512,29.387394,30.626364,32.613556,35.67471,34.432045,35.32385,33.04681,32.88627,32.114,27.092045,27.712942,20.677553,22.89796,15.369281,19.575268,16.62379,16.713537,16.065842,17.565062,14.36744,12.279134,17.727346,15.892042,21.315035,19.872202,26.7451,27.217976,30.763166,32.44782,35.58342,35.50031,36.683376,31.51596,33.471592,32.043037,34.128464,30.060833,30.853422,33.9587,31.70733,26.827707,27.660202,24.90353,26.072714,25.988554,21.49241,21.516176,23.47989,25.147808,23.099571,21.347311,26.40312,25.439175,30.15128,30.611574,30.577204,27.805864,23.08748,26.056814,21.741892,24.442009,23.639473,25.678381,23.843876,21.340876,27.696709,25.936827,30.422028,29.622515,30.30071,30.152008,32.088013,32.675644,35.85154,35.475018,39.33214,39.838097,37.864933,39.673885,35.62168,36.69453,35.337765,33.473774,35.34375,31.047194,30.48986,29.71677,24.462328,24.963467,20.638077,21.95114
4,13.911775,10.612072,6.5595136,5.4679904,0.0,4.041218,7.2889037,10.745618,13.335288,17.269567,20.249878,23.35801,26.349546,26.519901,27.010279,23.515696,27.428946,25.146917,30.417826,29.458185,31.920273,33.78836,35.698948,38.836143,37.55453,37.938812,35.92741,35.24496,34.73957,29.996094,30.021963,23.58355,25.00056,17.289982,21.249573,17.531912,17.467852,17.505825,19.649164,17.465755,15.954743,21.440973,20.087772,25.401278,24.333881,31.049534,31.894682,35.224113,37.213192,40.45951,40.535793,41.804348,36.627895,38.49734,36.798492,38.881737,34.51444,35.189526,37.85424,35.363033,30.5626,30.753359,27.660393,28.824163,28.510956,24.459507,25.004698,27.586643,29.444927,28.032728,26.260292,31.565496,30.662481,35.34088,35.870422,35.88368,33.234985,28.392418,31.289091,26.85653,29.173637,28.021265,29.952232,28.300158,26.002552,32.40942,30.567602,35.21523,34.31279,34.487747,34.545666,36.068768,36.617687,39.496998,38.831078,42.470688,43.523273,41.79588,43.64232,39.98647,40.775467,39.883583,37.832363,39.791855,35.41835,34.600906,33.79126,28.554823,28.74296,24.449942,24.977154
5,17.350569,14.097802,10.014703,8.369137,4.041218,0.0,3.5528007,7.5356736,9.545661,13.405579,16.566364,19.842691,23.079763,23.472935,24.386152,21.162079,25.419464,23.69992,29.01649,28.73755,31.28878,33.51213,35.71955,38.54854,37.0684,36.98144,34.99089,33.88318,33.445404,29.034166,28.480263,22.688942,23.320778,15.796618,19.534985,15.512566,15.722213,16.505386,19.49566,17.406782,16.093237,21.383034,20.35296,25.392897,24.796873,31.161644,32.533024,35.57393,37.971794,41.32759,41.545933,42.923943,37.78312,39.596874,37.53883,39.819244,35.122757,35.90668,38.067753,35.7092,31.101543,31.057724,27.901642,29.440643,29.530867,25.978899,27.098019,29.575068,31.069735,30.111835,27.738028,33.276405,32.150723,36.717613,37.314697,37.508457,35.36951,30.285849,33.461777,29.168816,31.352293,30.445576,31.818344,29.964382,27.495928,33.818996,31.40626,36.199722,34.966633,34.495018,34.70324,35.758526,36.306892,38.851425,37.996613,41.378918,42.902935,41.453613,43.26302,40.05857,40.519554,40.18099,38.02738,40.2249,35.917484,35.035294,34.730328,29.312235,29.719803,25.643122,25.98134
6,20.566813,17.08587,13.489744,10.761738,7.2889037,3.5528007,0.0,4.329803,6.255508,10.451031,13.40626,16.698414,20.005903,20.351673,21.521557,18.322672,22.718079,21.3794,26.602615,26.898373,29.392904,31.941528,34.260166,36.90412,35.34253,34.895092,33.06743,31.652056,31.406685,27.269882,26.41598,21.19794,21.656147,14.47589,18.45446,14.452679,15.371357,16.849613,20.547132,17.99175,16.442001,21.466839,20.24302,25.008999,24.522812,30.619013,32.200462,34.938633,37.620796,41.065926,41.54798,43.150127,38.153797,40.09408,37.84785,40.44731,35.596493,36.637154,38.48265,36.46684,32.044968,32.09653,29.045223,30.962593,31.50306,28.203281,29.551529,31.7047,32.80356,31.865454,28.929335,34.458702,32.92966,37.373367,37.844242,38.026577,36.328564,30.98571,34.238216,30.049192,31.936977,31.190987,32.015198,30.066767,27.589834,33.76578,31.060774,35.94189,34.58773,33.64412,34.19748,34.919186,35.70154,37.944626,37.131897,40.23928,42.05953,40.86309,42.477818,39.576015,39.640476,39.655777,37.24723,39.48393,35.195614,34.150436,34.12355,28.690157,29.147032,25.325087,25.396582
7,23.197693,19.410143,16.85346,12.702623,10.745618,7.5356736,4.329803,0.0,3.897719,8.272399,10.199108,13.112411,16.12623,16.197056,17.285158,14.022916,18.47479,17.417461,22.605783,23.292152,25.84247,28.566671,31.139034,33.45393,31.760468,31.024511,29.248217,27.61653,27.48338,23.58633,22.51941,17.834284,18.328257,11.675902,16.139482,12.547904,14.508333,16.546719,20.823923,17.40506,15.433135,19.973156,18.402332,22.746021,22.351665,28.054466,29.83542,32.225,35.187855,38.69435,39.44,41.27543,36.493282,38.58687,36.18512,39.168674,34.242462,35.63606,37.210773,35.718777,31.535822,31.917177,29.13029,31.493618,32.64049,29.523123,30.993677,32.570133,33.113846,32.06589,28.458044,33.84701,31.81883,36.059277,36.367905,36.554165,35.43106,29.873789,33.250893,29.32165,30.963924,30.593575,30.720203,28.567276,25.991856,31.87954,28.755661,33.667095,32.14894,30.72184,31.632427,32.039703,33.124947,35.07795,34.422478,37.26149,39.255836,38.295807,39.65204,37.01707,36.67327,37.008366,34.365273,36.653973,32.451584,31.319092,31.759266,26.287739,26.995983,23.551552,23.60925
8,25.694336,22.196156,19.170053,15.83755,13.335288,9.545661,6.255508,3.897719,0.0,4.545552,7.1943355,10.607907,14.173976,14.888366,16.712965,14.358368,19.110174,18.940437,23.960737,25.280264,27.925638,30.797165,33.665253,35.567734,33.66604,32.494007,30.635334,28.59395,28.381964,25.01032,23.185005,19.507818,18.568796,12.801637,15.995859,12.266664,14.056561,16.632395,21.226206,18.604963,17.34122,21.358421,20.608997,24.461962,24.737017,29.855867,32.195873,34.3579,37.586956,41.0837,41.757256,43.49118,38.717243,40.55073,37.848267,40.7466,35.595043,36.869457,37.935238,36.371532,32.43362,32.380085,29.522371,32.0113,33.295643,30.70406,32.632027,34.333,34.75644,34.31115,30.555183,36.118507,34.236355,38.331482,38.861744,39.320618,38.48425,32.99792,36.593338,32.830284,34.569614,34.359245,34.318478,32.049248,29.336393,35.056553,31.486519,36.364754,34.502434,32.5669,33.33313,33.28658,34.098915,35.72573,34.720497,37.308132,39.78249,39.063065,40.520763,38.394073,37.91787,38.79917,36.32946,38.90577,34.91496,33.89349,34.82527,29.298172,30.261131,27.021385,27.087294
9,28.85173,25.601723,22.61498,19.634104,17.269567,13.405579,10.451031,8.272399,4.545552,0.0,4.0387807,7.6533966,11.586251,13.157062,15.615989,14.613389,19.406904,20.196024,24.944908,26.79086,29.608398,32.484844,35.78529,37.083385,34.906506,33.290295,31.240976,28.807644,28.40492,25.704796,23.038168,20.625122,18.050144,13.784754,15.335334,11.944668,13.64143,16.742113,21.57084,19.653397,19.088764,22.24416,22.361366,25.472006,26.527489,30.805492,33.80076,35.64276,39.17366,42.62215,43.20436,44.815716,40.128143,41.65495,38.6097,41.44545,36.095493,37.295967,37.718155,36.233322,32.69972,32.27839,29.496948,32.209084,33.827198,31.897726,34.306133,35.910755,36.022354,36.212467,32.180016,37.81573,36.02568,39.858864,40.62495,41.42154,41.04177,35.67212,39.54805,36.08803,37.95997,38.078754,37.73864,35.261005,32.333942,37.75768,33.589977,38.36539,36.06564,33.519066,34.098534,33.495808,33.995228,35.193928,33.818344,36.058895,39.060024,38.647873,40.183132,38.69902,38.05326,39.594723,37.378895,40.3077,36.645123,35.82476,37.46083,31.868658,33.25639,30.317272,30.567762
10,31.585873,28.13013,25.729939,21.975204,20.249878,16.566364,13.40626,10.199108,7.1943355,4.0387807,0.0,3.6816173,7.6612825,9.269177,12.066957,11.727455,16.341698,17.826298,22.161684,24.545885,27.308895,30.3017,33.787624,34.665848,32.377003,30.39556,28.453949,25.729252,25.460861,23.291687,20.251482,18.964968,16.146254,13.380914,14.847977,12.388604,14.897904,18.212442,23.20675,20.676622,19.833988,22.319094,22.191826,24.667171,25.834677,29.486956,32.63736,34.06043,37.805355,41.24326,42.070526,43.87707,39.47623,41.113346,37.969887,41.116318,35.793858,37.299145,37.442608,36.489597,33.256874,33.14904,30.677538,33.697926,35.768257,33.961845,36.370613,37.507576,37.186577,37.24745,32.765224,38.149387,35.963734,39.53256,40.13682,40.920883,41.04475,35.60768,39.48885,36.30664,37.923225,38.31858,37.43019,34.85839,31.949244,36.957203,32.51373,37.182438,34.765003,31.7487,32.66895,31.696053,32.47746,33.290512,32.072422,33.928745,37.144897,37.02434,38.26402,37.14045,36.05779,37.96119,35.563896,38.50459,35.030506,34.14994,36.21376,30.77076,32.337467,29.846275,30.051048
11,34.17847,30.65613,28.748568,24.55113,23.35801,19.842691,16.698414,13.112411,10.607907,7.6533966,3.6816173,0.0,4.0526743,6.118316,9.289233,10.234185,14.373774,16.646288,20.455307,23.262846,26.027468,28.992666,32.73713,33.08509,30.640114,28.310028,26.361048,23.360977,23.096508,21.584402,18.06322,18.106688,14.750493,13.816967,14.733494,13.300224,16.209026,19.587109,24.57753,21.767483,20.886711,22.591488,22.482794,24.210928,25.639626,28.50854,31.904007,32.90852,36.848034,40.225746,41.193882,43.09457,38.974697,40.60409,37.340294,40.683445,35.402935,37.118958,36.916958,36.425293,33.550026,33.64129,31.473867,34.73574,37.202938,35.61852,38.08458,38.817455,38.096058,38.182156,33.350723,38.48496,36.046074,39.30624,39.84211,40.701687,41.32178,35.935654,39.86236,37.012764,38.4907,39.198692,37.851513,35.16431,32.226486,36.775925,32.0026,36.494457,33.888283,30.396395,31.502462,30.117249,31.03385,31.433538,30.281662,31.734926,35.196907,35.37352,36.38479,35.701008,34.255013,36.581432,34.154472,37.180878,33.989754,33.160526,35.74789,30.455212,32.292072,30.242966,30.534546
12,36.491367,32.89979,31.597532,26.909317,26.349546,23.079763,20.005903,16.12623,14.173976,11.586251,7.6612825,4.0526743,0.0,3.1665704,6.29514,9.027333,12.201501,15.250171,18.372917,21.476967,24.244844,27.065025,31.088657,30.83199,28.224085,25.582682,23.58367,20.34966,20.049547,19.289642,15.311973,16.894035,13.202292,14.357356,14.841167,14.579587,17.819798,21.091085,25.949102,22.74579,21.750847,22.61132,22.419895,23.299103,24.932266,26.902075,30.484339,31.020681,35.12379,38.40832,39.532906,41.5408,37.76845,39.415985,36.08379,39.65034,34.496506,36.46867,35.97661,36.038425,33.540386,33.95075,32.155914,35.634163,38.496548,37.065662,39.502552,39.757698,38.60961,38.62785,33.46409,38.23976,35.511585,38.40807,38.83363,39.746,40.899517,35.61977,39.551384,37.101673,38.425255,39.48799,37.659344,34.860428,31.914091,35.90134,30.81841,35.061306,32.28501,28.329475,29.656387,27.865639,28.989874,28.960804,27.981152,29.006403,32.629433,33.103428,33.817497,33.556007,31.714333,34.437447,31.978134,35.06235,32.20844,31.46071,34.614185,29.538183,31.681273,30.139551,30.585325
13,36.694767,32.9105,31.92589,26.758696,26.519901,23.472935,20.351673,16.197056,14.888366,13.157062,9.269177,6.118316,3.1665704,0.0,3.840655,6.4675174,9.19914,12.506334,15.312851,18.712591,21.287968,24.268831,28.16807,27.944805,25.422771,22.708195,20.996319,17.707659,17.788807,17.039001,13.379569,15.221112,12.831556,14.161354,15.665494,15.637818,19.21966,22.315937,27.119692,23.244146,21.704323,22.6077,21.662256,22.496738,23.640064,25.641624,28.84291,29.223515,33.29136,36.60161,38.01737,40.28281,36.698177,38.652283,35.5068,39.340336,34.37361,36.602856,36.373882,36.72542,34.15722,34.98158,33.309082,36.803764,39.69441,37.953873,40.112637,40.15576,38.9408,38.48182,33.222755,37.736526,34.66271,37.51598,37.63948,38.294968,39.542595,34.164246,37.879692,35.484177,36.486126,37.560535,35.46118,32.742645,29.988485,33.764233,28.880337,33.085373,30.539495,26.61782,28.428154,26.753708,28.392313,28.382204,27.860594,28.848852,32.18461,32.649998,33.04224,32.571938,30.472733,32.98637,30.143051,32.95419,30.020061,29.04735,32.092472,27.236286,29.239122,27.95107,28.22174
14,36.18271,32.358246,32.099014,26.47068,27.010279,24.386152,21.521557,17.285158,16.712965,15.615989,12.066957,9.289233,6.29514,3.840655,0.0,4.9683375,6.421365,9.824426,12.515237,15.484959,18.31743,20.942482,25.1498,24.604168,21.945194,19.359844,17.31795,14.143106,14.010849,13.286025,9.562287,12.104782,10.313633,12.904396,14.632747,15.432004,19.234972,22.002947,26.539194,22.094753,20.267828,20.61334,19.311378,19.597286,20.672668,22.203287,25.362673,25.538641,29.645323,32.91527,34.418842,36.777348,33.394424,35.46614,32.40983,36.438686,31.669388,34.136665,34.0157,34.76475,32.316143,33.593834,32.216904,35.783226,38.877575,37.033875,38.98134,38.5962,37.10681,36.368675,30.935549,35.086956,31.75996,34.399254,34.376766,35.001938,36.55153,31.282616,34.97587,32.904152,33.854702,35.24475,32.860394,30.025251,27.22236,30.597387,25.51601,29.565649,26.958172,22.902279,24.90241,23.207079,25.15682,25.140507,24.981339,25.990055,29.028385,29.468897,29.647055,29.072891,26.829237,29.295288,26.37209,29.189318,26.38689,25.525202,28.95539,24.17354,26.506687,25.549185,26.167574
15,33.1639,29.123901,28.85927,22.92802,23.515696,21.162079,18.322672,14.022916,14.358368,14.613389,11.727455,10.234185,9.027333,6.4675174,4.9683375,0.0,4.829188,6.444486,10.520369,13.126366,15.806153,18.857513,22.506693,23.011368,20.748043,18.75082,17.156399,14.5611105,14.972076,12.71694,10.701021,10.384832,11.445366,11.286347,15.13044,15.060185,18.973139,21.51055,26.029633,20.993113,18.416346,19.854202,17.419872,18.846006,18.813591,21.779577,24.050035,24.736948,28.51794,31.960142,33.638577,36.204178,32.605362,35.098866,32.42526,36.52362,31.8793,34.37842,35.020653,35.48394,32.477512,33.987812,32.375397,35.708885,38.403038,35.930023,37.471474,37.287678,36.192776,34.80696,29.64086,33.842915,30.373095,33.441994,33.12346,33.296158,34.26012,28.676426,32.07039,29.54541,30.248655,31.241997,29.063276,26.436165,23.87204,27.769989,23.393187,27.784637,25.774204,22.542095,24.878199,24.017803,26.348253,27.010347,27.213583,28.793898,31.169106,31.147945,31.328741,29.82153,27.862902,29.373215,25.98017,28.30192,24.848331,23.543772,25.983131,21.101343,22.855125,21.530136,21.779114
16,36.317593,32.231243,32.578365,26.287828,27.428946,25.419464,22.718079,18.47479,19.110174,19.406904,16.341698,14.373774,12.201501,9.19914,6.421365,4.829188,0.0,4.452432,6.2072678,9.793187,12.109437,15.227004,19.008715,18.884157,16.566498,14.14227,12.98809,10.144174,11.306055,9.921946,8.554828,10.367305,12.841045,14.506453,18.095541,18.863464,22.811811,25.099813,29.31829,23.892097,21.06637,21.742231,18.766144,19.231539,18.808578,20.739895,22.585737,22.572418,26.370798,29.688942,31.837555,34.746956,31.75254,34.521927,32.05145,36.49116,32.262413,35.124397,35.732735,36.85444,34.18042,36.176964,34.96183,38.378677,41.31995,38.82469,40.131413,39.441055,37.98959,36.210613,30.859688,34.379135,30.429403,33.034107,32.303505,32.237465,33.777794,28.347752,31.405254,29.39445,29.568007,30.890318,27.986992,25.418947,23.178244,26.103098,21.794716,25.756016,23.930868,20.396358,23.504574,22.459091,25.48832,25.777842,26.617994,27.74575,29.850552,30.06923,29.634184,28.29693,25.731632,27.293865,23.446487,25.402508,22.236658,20.71505,23.575699,19.365963,21.208921,20.833193,21.017788
17,33.332466,29.184927,30.014677,23.444519,25.146917,23.69992,21.3794,17.417461,18.940437,20.196024,17.826298,16.646288,15.250171,12.506334,9.824426,6.444486,4.452432,0.0,5.57114,6.8453903,9.559043,12.564368,16.117159,16.929205,14.919122,13.63193,12.412453,10.81918,11.849057,8.619565,9.347862,8.093564,13.14038,13.300545,18.004992,18.561726,22.407238,24.249907,28.138393,22.229338,18.858278,19.979643,16.06046,17.140732,15.7210455,18.674704,19.694078,20.163877,23.622242,27.055683,29.255846,32.27526,29.138899,32.227962,30.128756,34.595753,30.595686,33.502888,34.75581,35.758064,32.749557,35.071854,33.8406,37.050755,39.75199,36.808968,37.702118,36.949203,35.679035,33.327682,28.197508,31.539934,27.453129,30.298315,29.32143,28.917458,30.072678,24.495068,27.3422,25.150734,25.209763,26.446087,23.623926,21.08194,18.919205,22.146585,18.290709,22.502214,21.138815,18.44061,21.702078,21.469984,24.73938,25.675722,26.832758,28.518997,29.917625,29.667519,29.286541,27.079323,24.912148,25.54171,21.438295,23.028809,19.317305,17.564957,19.763746,15.303189,16.975035,16.393997,16.717499
18,38.447636,34.290672,35.31835,28.670221,30.417826,29.01649,26.602615,22.605783,23.960737,24.944908,22.161684,20.455307,18.372917,15.312851,12.515237,10.520369,6.2072678,5.57114,0.0,5.6559834,6.3651156,10.01322,13.233034,13.190584,11.3511505,9.106745,9.55049,7.745607,10.406814,9.204472,10.666951,12.167313,17.04953,18.635069,22.779797,23.776775,27.658106,29.51643,33.307274,27.348534,23.994297,24.524288,20.507467,20.652128,19.02199,20.60798,21.038107,20.521963,23.836008,26.994282,29.824566,33.237106,30.921024,34.244186,32.38163,37.11635,33.578472,36.769287,37.844345,39.447285,36.826714,39.432705,38.50633,41.793945,44.69117,41.81715,42.581745,41.47869,39.929306,37.31921,32.11972,34.76972,30.29711,32.565926,31.13243,30.412058,32.174515,26.903112,29.166124,27.551651,26.821001,28.23899,24.600843,22.38842,20.922472,22.763144,19.415638,22.840296,21.893677,18.931952,23.05951,22.519125,26.42932,26.7814,28.513765,29.514032,30.760265,30.896427,29.788498,27.99444,25.06405,25.825668,21.197435,22.085217,18.891474,16.689137,19.106812,16.088898,17.4121,18.177761,17.973099
19,35.638554,31.627934,33.57563,26.772512,29.458185,28.73755,26.898373,23.292152,25.280264,26.79086,24.545885,23.262846,21.476967,18.712591,15.484959,13.126366,9.793187,6.8453903,5.6559834,0.0,4.1002297,5.758538,9.9778595,10.359725,8.480822,8.611444,7.777358,8.387254,9.821065,6.63505,10.524021,9.839213,16.479172,17.727137,22.073248,23.389671,27.016352,28.261024,31.423742,25.131731,21.526344,21.735023,17.115559,17.037863,14.577629,16.284975,15.808496,15.53239,18.547,21.783968,24.63518,28.135792,25.862146,29.451551,27.993927,32.76839,29.65747,32.95523,34.571503,36.303295,33.62298,36.69542,36.01409,39.111294,41.941387,38.830673,39.17648,37.689816,36.05242,32.945045,27.909145,30.010317,25.344076,27.530485,25.833643,24.886753,26.670137,21.533787,23.67872,22.40778,21.730726,23.598207,19.80001,17.327868,15.737041,17.209269,13.825363,17.275253,16.619585,14.430906,18.751387,19.03255,23.211432,24.178223,26.339325,27.876265,28.223028,27.866928,26.762129,24.092707,21.592295,21.364725,16.54506,17.173775,13.529711,11.313417,14.017351,10.66847,12.726541,13.849822,14.693415
20,38.380043,34.310444,36.19424,29.387394,31.920273,31.28878,29.392904,25.84247,27.925638,29.608398,27.308895,26.027468,24.244844,21.287968,18.31743,15.806153,12.109437,9.559043,6.3651156,4.1002297,0.0,4.5346107,6.918721,8.034853,7.27505,7.565005,9.030044,9.907262,12.327723,10.339919,14.086569,13.88602,20.477604,21.481503,26.05861,27.174862,30.833853,32.12038,35.308323,28.966606,25.219782,25.675428,20.824093,20.886108,18.023045,19.630674,18.350475,17.7408,20.194803,23.168894,26.483828,30.255108,28.462059,32.289497,31.169264,35.991398,33.209045,36.572376,38.313477,40.16688,37.493183,40.662804,39.988987,43.020103,45.74777,42.466595,42.612926,41.125546,39.57971,36.131397,31.309832,33.059296,28.25433,30.273504,28.187159,26.769615,28.501394,23.527462,24.924099,23.741901,22.226343,23.814497,19.583752,17.711761,17.057735,17.767319,15.740795,18.578846,18.76864,17.104343,21.80065,22.204285,26.638182,27.448593,29.876862,31.15373,31.322664,31.06636,29.6039,26.9507,24.206137,23.654678,18.495363,18.144209,14.6715,11.7412615,13.249683,11.55629,12.346636,14.34543,14.21207
21,38.688942,34.835377,37.428417,30.626364,33.78836,33.51213,31.941528,28.566671,30.797165,32.484844,30.3017,28.992666,27.065025,24.268831,20.942482,18.857513,15.227004,12.564368,10.01322,5.758538,4.5346107,0.0,5.3756027,5.112776,4.3377643,7.217843,7.844587,10.445821,12.011997,10.115598,14.724663,14.439463,21.183321,22.760609,26.884562,28.486341,31.941284,32.83933,35.520397,29.138493,25.483458,25.240183,20.41024,19.68408,16.634258,17.210283,15.17527,14.097333,16.168537,18.942709,22.479761,26.389877,25.104004,29.057804,28.289001,33.152477,30.918653,34.413895,36.307167,38.534706,36.13174,39.671185,39.36109,42.303932,45.137394,41.905205,41.813835,39.854324,38.03045,34.35139,29.621359,30.62176,25.651184,27.167501,24.800774,23.246979,25.486477,21.038435,22.205132,21.839209,20.303097,22.553394,17.967402,15.933288,15.329985,14.64939,12.608587,14.669277,15.147064,13.946711,18.892452,19.654575,24.335129,25.255726,28.130577,29.448448,28.922556,28.506264,26.777596,23.816465,21.124617,19.981033,14.670229,13.780943,10.527046,7.5617175,10.2871895,9.449432,11.169728,14.035551,14.966268
22,40.5969,36.727478,39.33062,32.613556,35.698948,35.71955,34.260166,31.139034,33.665253,35.78529,33.787624,32.73713,31.088657,28.16807,25.1498,22.506693,19.008715,16.117159,13.233034,9.9778595,6.918721,5.3756027,0.0,5.5730214,7.6524334,10.564499,12.755508,15.119591,17.179583,15.372069,19.884756,18.973312,26.108707,26.787998,31.46493,32.65666,36.07496,36.90427,39.526752,33.05445,29.14562,29.479156,24.233004,24.132608,20.436949,21.696064,18.67113,17.836256,18.861715,21.23733,25.080711,29.153484,28.22664,32.45688,32.21266,36.968372,35.117725,38.568108,40.859158,42.982185,40.38178,44.01605,43.61478,46.363117,48.903885,45.313618,44.854538,42.997,41.467243,37.250053,32.995193,33.650948,28.670677,30.211891,27.410639,25.16377,26.861141,22.64139,22.686,22.244038,19.592922,21.282465,16.360151,15.360237,16.152742,14.804532,15.195366,16.60715,18.39145,18.38954,23.272127,24.49613,29.202303,30.279398,33.291405,34.638325,33.8239,33.286045,31.423216,28.156796,25.642387,23.779552,18.442133,16.34273,13.184958,9.621981,8.873411,10.646597,10.096561,13.834912,13.601138
23,43.554733,39.758064,42.467457,35.67471,38.836143,38.54854,36.90412,33.45393,35.567734,37.083385,34.665848,33.08509,30.83199,27.944805,24.604168,23.011368,18.884157,16.929205,13.190584,10.359725,8.034853,5.112776,5.5730214,0.0,3.2950404,6.7553053,9.24935,12.155488,14.117303,13.911244,18.154835,19.154325,25.36619,27.638464,31.421154,33.260235,36.74439,37.665085,40.273846,33.948395,30.40108,29.786795,25.162273,23.877836,21.043543,20.457848,18.110565,16.119556,17.579006,19.637949,23.638105,27.724522,27.412857,31.370256,30.896513,35.783157,34.077347,37.690205,39.401035,42.078156,40.045975,43.748238,43.687553,46.652023,49.617855,46.494392,46.318542,44.09101,42.055946,38.285896,33.643,34.017776,28.966227,29.830748,27.159342,25.399992,28.162642,24.405235,24.94209,25.257456,23.181883,25.532785,20.557585,19.056528,19.133625,16.964777,15.817649,16.463299,17.414427,16.274607,21.403355,21.897638,26.786543,27.20867,30.47331,31.21976,30.420418,30.30469,27.971064,25.470821,22.296764,21.179241,15.885903,13.956739,12.156009,9.425327,11.943863,13.320117,14.4341545,18.053463,18.597551
24,42.400085,38.610184,41.22926,34.432045,37.55453,37.0684,35.34253,31.760468,33.66604,34.906506,32.377003,30.640114,28.224085,25.422771,21.945194,20.748043,16.566498,14.919122,11.3511505,8.480822,7.27505,4.3377643,7.6524334,3.2950404,0.0,4.4587126,5.9734187,9.115838,10.842854,10.951899,15.044838,16.675577,22.44313,25.273647,28.687088,30.735964,34.236965,35.23347,37.911774,31.69046,28.32671,27.414299,23.115288,21.491524,19.155539,18.142092,16.571009,14.43357,16.617987,18.930317,22.668045,26.607307,26.01583,29.760181,28.912716,33.84795,31.849457,35.46669,36.893772,39.600956,37.67944,41.272175,41.23479,44.318844,47.443798,44.543278,44.61189,42.382233,40.20708,36.80266,31.891344,32.547432,27.552296,28.443754,26.090544,24.783184,27.774464,23.852825,25.036594,25.278942,23.802814,26.342588,21.593706,19.606516,18.980005,17.372381,14.914692,15.997075,16.069498,14.025288,19.152077,19.238203,24.092228,24.35354,27.49652,28.183863,27.660583,27.666895,25.427221,23.20861,19.862745,19.36021,14.133824,13.151645,11.364523,9.16974,13.164314,13.156152,15.1648445,18.262333,19.235882
25,43.960888,40.044525,42.110706,35.32385,37.938812,36.98144,34.895092,31.024511,32.494007,33.290295,30.39556,28.310028,25.582682,22.708195,19.359844,18.75082,14.14227,13.63193,9.106745,8.611444,7.565005,7.217843,10.564499,6.7553053,4.4587126,0.0,4.777952,6.095031,8.964694,10.5524845,13.434851,16.684288,21.49201,24.915787,28.055336,30.089859,33.777607,35.17457,38.28324,32.23527,29.04691,28.173712,24.275854,22.655111,21.000572,19.930664,19.485281,17.337646,20.143524,22.541098,26.032915,29.784904,28.955948,32.406044,31.065948,36.011982,33.542282,37.11008,38.030197,40.691723,38.85677,42.12329,41.949604,45.23975,48.513737,45.854183,46.304375,44.301506,42.101475,39.169292,33.96901,35.17505,30.308146,31.340286,29.346857,28.420237,31.422363,27.214504,28.827858,28.698284,27.450558,29.755455,25.179276,23.108969,22.180672,21.376059,18.29752,19.872156,19.266495,16.182299,21.093372,20.353527,25.005594,24.726326,27.52287,27.760588,28.043818,28.495796,26.293415,24.904346,21.159536,21.794733,16.888992,16.761581,15.178735,13.258072,17.192924,16.405819,18.324911,20.902039,21.434406
26,41.20299,37.447357,39.738636,33.04681,35.92741,34.99089,33.06743,29.248217,30.635334,31.240976,28.453949,26.361048,23.58367,20.996319,17.31795,17.156399,12.98809,12.412453,9.55049,7.777358,9.030044,7.844587,12.755508,9.24935,5.9734187,4.777952,0.0,3.963738,4.888535,6.6315775,9.6703825,13.283781,17.58683,21.696121,24.230114,26.66807,30.20559,31.436049,34.327736,28.426422,25.52131,24.07269,20.637737,18.414114,17.375465,15.592753,15.990671,13.832582,17.261448,19.8618,22.880297,26.357933,25.200893,28.380867,26.736076,31.658436,29.008316,32.55845,33.315372,36.01946,34.328537,37.593193,37.554226,40.88506,44.305824,41.883347,42.48007,40.338245,37.944965,35.3557,29.986357,31.293562,26.564518,27.54061,25.91443,25.503841,28.73389,24.598373,26.863367,26.873789,26.402264,29.072603,24.840559,22.24302,20.544077,20.083206,15.7056,17.546593,15.987689,12.107798,16.76018,15.749337,20.310896,20.103233,22.82663,23.29575,23.58878,23.945421,21.9866,20.595032,16.94998,18.010601,13.440717,14.482603,12.9663725,11.978861,17.20682,15.215138,18.234083,20.268581,21.707396
27,41.634705,37.777786,39.49621,32.88627,35.24496,33.88318,31.652056,27.61653,28.59395,28.807644,25.729252,23.360977,20.34966,17.707659,14.143106,14.5611105,10.144174,10.81918,7.745607,8.387254,9.907262,10.445821,15.119591,12.155488,9.115838,6.095031,3.963738,0.0,3.7763717,6.820588,7.856704,12.969484,16.186827,20.617636,22.96699,25.258635,28.954815,30.578491,33.902267,28.210772,25.471533,24.263243,21.210785,19.308943,18.834131,17.541206,18.815262,17.020788,20.745724,23.465618,26.217066,29.486954,27.945225,30.867777,28.807592,33.639877,30.482891,33.892036,34.271065,36.73812,35.001053,37.87532,37.610218,41.08915,44.55652,42.3073,43.245502,41.42437,39.12815,36.961033,31.42675,33.354927,28.829477,30.100115,28.81423,28.656769,31.653488,27.195024,29.776491,29.323572,29.029867,31.40576,27.3986,24.77296,22.87999,23.2498,18.662167,21.03212,19.158861,14.868335,19.020649,17.458223,21.568146,21.036337,23.199589,23.42334,24.59112,25.244091,23.566032,22.770355,19.09388,20.937063,16.762194,18.286749,16.600622,15.530731,20.302692,17.737083,20.504192,22.015297,23.051395
28,40.272987,36.60744,38.584785,32.114,34.73957,33.445404,31.406685,27.48338,28.381964,28.40492,25.460861,23.096508,20.049547,17.788807,14.010849,14.972076,11.306055,11.849057,10.406814,9.821065,12.327723,12.011997,17.179583,14.117303,10.842854,8.964694,4.888535,3.7763717,0.0,5.338764,5.7093143,11.521475,13.813982,19.120834,20.687952,23.45691,26.956902,28.384031,31.434355,25.939037,23.541414,21.661966,19.194427,16.576721,16.837675,14.63449,16.746216,14.912524,18.961752,21.660093,23.962242,26.928186,25.257208,27.863874,25.56088,30.327583,27.099573,30.491919,30.654018,33.25177,31.746326,34.646442,34.575817,38.089325,41.720856,39.728767,40.77862,38.769268,36.25114,34.408035,28.76926,30.661583,26.30928,27.39491,26.435028,26.729652,29.96873,25.760628,28.765045,28.55861,28.83091,31.511702,27.755926,24.825216,22.451176,22.856592,17.468952,19.78429,17.193052,12.3173895,15.949161,13.983815,17.911343,17.312702,19.425905,19.761822,20.93934,21.574402,20.06907,19.44191,15.84967,18.192434,14.601082,16.990356,15.650891,15.392239,20.900003,17.806805,21.266857,22.487698,24.200842
29,35.209465,31.49328,33.65025,27.092045,29.996094,29.034166,27.269882,23.58633,25.01032,25.704796,23.291687,21.584402,19.289642,17.039001,13.286025,12.71694,9.921946,8.619565,9.204472,6.63505,10.339919,10.115598,15.372069,13.911244,10.951899,10.5524845,6.6315775,6.820588,5.338764,0.0,5.02491,6.747061,11.494737,15.159467,17.837862,20.184345,23.667225,24.839874,27.805323,21.88323,19.018341,17.769812,14.452024,12.700791,12.110158,11.776213,13.448784,12.814822,16.810215,20.013947,22.12654,25.107426,22.638708,25.57158,23.437197,28.189909,24.738697,28.057152,28.99423,31.029772,28.859127,31.861645,31.504519,34.84274,38.148243,35.689785,36.489403,34.679653,32.509365,30.257925,24.74325,26.990295,22.589783,24.38665,23.393164,23.472256,26.003262,21.306608,24.48024,23.77647,24.28659,26.801994,23.427193,20.344442,17.677528,19.044897,13.577302,16.87441,14.480523,10.527824,14.104733,13.397826,17.266544,17.923878,19.84904,21.349083,22.041391,21.865152,21.013096,18.979181,16.4067,17.431276,13.556684,15.93614,13.274441,12.799617,17.65183,13.522777,17.131775,17.727894,19.76925
30,36.07147,32.42045,33.94906,27.712942,30.021963,28.480263,26.41598,22.51941,23.185005,23.038168,20.251482,18.06322,15.311973,13.379569,9.562287,10.701021,8.554828,9.347862,10.666951,10.524021,14.086569,14.724663,19.884756,18.154835,15.044838,13.434851,9.6703825,7.856704,5.7093143,5.02491,0.0,7.529087,8.363272,13.789921,15.222476,17.847069,21.413815,23.055267,26.438988,21.113792,18.926908,17.405867,15.463582,13.572926,14.599564,13.919882,17.09049,16.51257,20.765387,23.836138,25.45417,27.973057,25.244646,27.530828,24.75698,29.241951,25.200884,28.264027,28.404152,30.266994,28.329317,30.760406,30.278204,33.856026,37.381336,35.44493,36.822655,35.284035,33.04658,31.688597,25.97478,28.876472,24.973503,26.80084,26.435787,27.106167,29.63255,24.977179,28.609756,27.686386,28.641367,31.001917,27.975805,24.825064,21.871315,23.77823,17.971329,21.30243,18.307901,13.691401,16.136227,14.326772,17.238663,17.246645,18.292374,19.419298,21.299604,21.58975,21.145891,20.226133,17.613033,19.968943,17.010534,20.075613,17.918003,17.761803,22.632921,18.230524,21.72582,21.791779,23.623638
31,28.907711,25.176598,27.094666,20.677553,23.58355,22.688942,21.19794,17.834284,19.507818,20.625122,18.964968,18.106688,16.894035,15.221112,12.104782,10.384832,10.367305,8.093564,12.167313,9.839213,13.88602,14.439463,18.973312,19.154325,16.675577,16.684288,13.283781,12.969484,11.521475,6.747061,7.529087,0.0,7.797918,8.732804,12.502975,14.193087,17.597246,18.658445,21.786404,15.681876,12.5708885,12.370852,8.801342,9.09976,8.699791,11.695955,13.958603,15.212331,18.890406,22.356815,23.586563,25.977983,22.240757,24.881134,22.500093,26.774866,22.58019,25.421268,26.806726,27.77392,24.809404,27.406073,26.484617,29.70477,32.658356,29.938265,30.867897,29.642733,27.992876,25.979454,20.572226,24.030355,20.228586,23.11354,22.75672,23.124805,24.449263,19.222664,23.068956,21.362162,22.808504,24.838623,22.626335,19.362461,15.98995,19.435951,14.003141,18.403555,15.919805,13.228176,15.064373,15.18431,17.73608,19.439487,20.328848,22.893084,23.810642,22.997637,23.311293,20.58451,19.415188,19.904291,16.928875,19.685078,16.226154,15.934534,19.386898,13.831777,17.2197,16.076038,18.43705
32,30.435465,27.163055,28.331686,22.89796,25.00056,23.320778,21.656147,18.328257,18.568796,18.050144,16.146254,14.750493,13.202292,12.831556,10.313633,11.445366,12.841045,13.14038,17.04953,16.479172,20.477604,21.183321,26.108707,25.36619,22.44313,21.49201,17.58683,16.186827,13.813982,11.494737,8.363272,7.797918,0.0,7.718781,6.919941,10.105676,13.343143,14.991432,18.517656,13.895935,12.807956,11.159017,11.517928,10.572014,13.485418,14.346665,18.745096,19.637691,23.663502,26.785809,27.188154,28.750011,24.823788,26.239838,22.884829,26.546442,21.548601,23.86508,23.85287,24.54684,22.15646,23.794317,22.835524,26.47569,29.937382,28.353241,30.301685,29.309229,27.352833,27.091171,21.500038,25.68606,22.909914,25.441782,26.156643,27.593922,29.232227,24.638956,29.08295,27.5906,29.770254,31.866215,30.077944,26.711254,23.036877,26.394987,20.307253,24.195354,20.691498,16.926577,17.064915,15.668381,16.416317,17.367634,16.708433,19.072023,21.440243,21.107674,22.237728,21.051762,20.114292,22.349655,20.839466,24.636084,22.188622,22.635511,26.87906,21.398466,24.98631,23.632185,25.971415
33,23.74873,20.209042,20.8446,15.369281,17.289982,15.796618,14.47589,11.675902,12.801637,13.784754,13.380914,13.816967,14.357356,14.161354,12.904396,11.286347,14.506453,13.300545,18.635069,17.727137,21.481503,22.760609,26.787998,27.638464,25.273647,24.915787,21.696121,20.617636,19.120834,15.159467,13.789921,8.732804,7.718781,0.0,6.436625,5.931854,9.38535,10.955706,15.0284815,9.718282,7.547324,9.633546,8.864286,11.762934,12.966453,17.294964,20.322947,22.476683,25.84353,29.209572,29.510012,31.04691,26.371601,28.105877,25.27497,28.513391,23.459435,25.269815,26.464798,25.861723,22.216204,23.49032,21.585306,24.703726,27.200691,24.650562,26.32001,26.306967,25.452944,24.69489,19.829891,24.931364,22.585379,26.2464,26.911709,27.859875,27.99718,22.861614,27.170874,24.532345,26.952782,28.200424,27.440664,24.346306,20.735043,25.638,20.696198,25.299875,22.679571,20.556902,20.691103,20.769197,21.492868,23.506536,22.87417,25.951494,27.658592,26.62654,28.10774,25.658932,25.52264,26.308117,24.440756,27.586887,24.107857,24.02339,26.516489,20.56195,23.234468,20.627502,22.661322
34,26.034557,23.234411,23.854,19.575268,21.249573,19.534985,18.45446,16.139482,15.995859,15.335334,14.847977,14.733494,14.841167,15.665494,14.632747,15.13044,18.095541,18.004992,22.779797,22.073248,26.05861,26.884562,31.46493,31.421154,28.687088,28.055336,24.230114,22.96699,20.687952,17.837862,15.222476,12.502975,6.919941,6.436625,0.0,4.337977,6.608245,8.327623,12.258158,8.946561,9.621264,8.879513,11.664488,12.457339,15.771571,18.012987,22.363445,24.170023,27.736954,30.788898,30.444649,31.325401,26.674252,27.434513,23.96982,26.650232,21.193338,22.55042,22.630495,21.86322,18.864075,19.4164,17.688282,21.212893,24.345339,23.003315,25.496988,25.306747,23.928608,24.673992,19.704088,24.926151,23.352093,26.444254,27.88359,29.678518,30.361319,25.98153,30.708424,28.705133,31.643011,33.327805,32.582714,29.280807,25.391806,29.683836,23.976812,28.057251,24.627598,21.838451,20.790266,20.033588,19.411085,21.0311,19.34321,22.383251,24.740047,23.905788,26.005753,24.525137,24.738222,26.517412,25.772367,29.65318,26.985373,27.606348,31.102047,25.231747,28.52644,26.235086,28.68073
35,23.679876,20.780157,20.505863,16.62379,17.531912,15.512566,14.452679,12.547904,12.266664,11.944668,12.388604,13.300224,14.579587,15.637818,15.432004,15.060185,18.863464,18.561726,23.776775,23.389671,27.174862,28.486341,32.65666,33.260235,30.735964,30.089859,26.66807,25.258635,23.45691,20.184345,17.847069,14.193087,10.105676,5.931854,4.337977,0.0,3.9494429,6.702386,11.564459,8.708657,9.229674,10.828223,12.862078,15.206363,17.602596,21.142044,24.884731,27.050978,30.435535,33.622223,33.37985,34.347233,29.46173,30.408142,27.191008,29.695316,24.278181,25.364077,25.876755,24.461641,20.947117,21.02835,18.660994,21.799185,24.251106,22.509726,25.011015,25.613169,24.963287,25.582281,21.143078,26.768305,25.400612,28.965185,30.308506,31.807354,31.809692,27.144209,31.695442,29.08468,31.981842,33.13515,32.84114,29.754412,26.03003,30.988325,25.866697,30.267012,27.267275,24.951433,24.194147,23.848207,23.444052,25.261198,23.649021,26.719727,29.020254,28.070786,30.171013,28.346523,28.625816,29.979074,28.888603,32.454742,29.329416,29.577152,32.288868,26.306107,29.036942,26.236242,28.264402
