,0,1,2,3,4,5,6,7,8,9,10,11,12,13,14,15,16,17,18,19,20,21,22,23,24,25,26,27,28,29,30,31,32,33,34,35,36,37,38,39,40,41,42,43,44,45,46,47,48,49,50,51,52,53,54,55,56,57,58,59,60,61,62,63,64,65,66,67,68,69,70,71,72,73,74,75,76,77,78,79,80,81,82,83,84,85,86,87,88,89,90,91,92,93,94,95,96,97,98,99,100,101,102,103,104,105,106,107
0,0.0,5.058127,6.4259315,10.20761,13.031356,15.616611,18.778801,21.239204,24.581512,27.242325,30.029694,33.270515,35.871567,34.997337,34.61193,30.196295,29.407785,26.262083,25.967384,22.691055,21.4245,20.278704,18.819706,18.653917,19.563087,23.46565,21.997025,24.729834,22.796436,23.597805,22.698011,22.213942,23.48124,28.233068,27.113895,30.666218,32.359577,35.00013,38.614143,35.78473,33.2558,34.403446,31.041544,32.423462,31.26368,32.37947,29.121109,31.387506,30.995079,31.55938,32.355858,34.001904,32.848244,30.425209,32.159267,29.721455,27.716282,25.094175,29.492292,25.465626,23.663612,25.094526,26.157228,24.5166,25.545692,24.306345,23.02766,18.291796,17.528313,14.554288,16.085066,12.000497,15.3805685,15.663041,17.192478,19.66461,17.700996,20.539686,22.007984,23.470295,27.523993,29.576761,31.7554,29.162344,28.114342,27.054626,26.222307,24.647766,27.02989,26.781841,31.36452,32.307343,30.625385,31.127245,27.95804,30.935043,29.549114,30.25248,31.659166,31.12943,34.983788,34.30712,36.693512,38.726994,33.97294,35.130497,34.931602,32.82839
1,5.058127,0.0,6.265035,6.448011,10.619294,13.60188,16.617123,19.63724,22.305998,25.789309,27.970325,31.478146,33.917484,32.782387,32.431126,28.348036,26.818161,24.049103,22.803999,19.92233,17.895714,16.958302,14.542442,14.931674,16.480516,20.64174,20.072048,23.133146,21.912262,22.981739,23.05096,22.48031,25.09808,29.57714,29.413717,32.58234,34.397064,37.10063,40.94705,37.502823,34.59253,35.946182,31.944748,33.309772,31.558407,32.304,28.903303,30.591349,30.328833,31.233126,32.679695,34.823425,33.905228,32.108334,34.127045,32.141865,30.146801,27.955385,32.732533,29.068401,26.708033,28.534843,29.16823,27.762783,28.482794,26.348734,25.016459,20.289087,19.992594,15.334565,17.401052,12.09633,15.41727,14.390586,15.142534,18.079277,16.380335,20.539314,21.700531,24.152876,27.965233,30.510544,32.075787,29.49208,28.16611,26.34671,25.325983,22.969242,25.2845,24.29217,29.154005,29.645996,27.607767,28.362717,25.318573,28.872576,27.789526,29.00089,31.05947,30.972015,35.1016,34.84154,37.046455,38.633675,33.469456,34.147274,33.377724,31.10488
2,6.4259315,6.265035,0.0,6.742537,7.1367936,10.059662,12.726043,15.609207,18.666138,21.324163,24.25445,27.273735,30.144518,29.528595,29.576982,25.319584,24.647766,22.051847,21.597599,19.444042,18.059368,18.296915,16.773867,18.338251,19.767601,24.175024,23.173965,25.456114,23.955849,23.614878,23.7116,21.395185,23.863964,26.853882,26.292759,29.27593,30.571835,33.54965,37.664772,34.778484,32.1619,34.310863,30.494349,32.79388,31.263172,33.32202,30.45504,32.380882,32.83861,34.014385,34.925453,36.776752,34.952152,33.008,34.327736,32.44616,29.508965,27.203583,31.518364,27.360945,24.548876,25.488451,25.592337,23.684265,23.587013,21.708063,19.693422,15.153436,16.206032,11.310126,14.997982,11.062204,15.617904,16.06902,16.14605,17.956207,14.351761,18.086355,18.26766,20.38731,23.79223,25.836407,27.996086,25.850761,25.47453,23.329214,23.814194,22.130024,25.13069,25.605728,30.036674,31.128597,29.029621,29.077383,25.378426,28.490734,26.383663,27.567495,28.18073,28.191044,31.80952,31.945972,34.673714,36.036007,31.595581,31.973164,31.812048,29.107069
3,10.20761,6.448011,6.742537,0.0,5.502085,7.95136,10.907765,13.960218,16.226295,20.131903,21.851665,25.542822,27.78727,26.525057,26.238874,22.371702,20.565868,18.161013,16.548296,14.385423,12.126094,12.383537,10.107332,12.365042,14.3421755,18.90254,18.84109,21.315788,20.694523,20.73397,22.006329,20.00684,24.097254,27.190914,28.047127,30.543777,32.24671,35.084583,39.287395,35.40069,32.2342,34.30659,29.713795,31.693525,29.424467,30.800577,27.789423,28.98307,29.59829,31.174417,32.822746,35.253635,33.785717,32.684868,34.431057,33.162205,30.465363,28.807482,33.675083,30.258646,26.91696,28.773546,28.56057,27.365307,27.459599,24.23686,22.848225,18.46593,19.04331,12.66731,15.7833185,10.371768,14.0655985,12.796057,11.826535,14.216218,11.665587,17.005957,17.306208,20.699574,23.950434,26.866182,27.83592,25.472548,24.276453,21.494461,21.072865,18.315207,21.010464,20.457779,25.169031,25.731403,23.313925,23.69196,20.268045,24.048151,22.613504,24.328653,26.285133,26.73177,30.859602,31.263273,33.496822,34.435028,29.287434,29.269493,28.263662,25.609797
4,13.031356,10.619294,7.1367936,5.502085,0.0,4.1172175,6.074738,9.819434,11.970718,15.49794,17.804733,21.039673,23.79772,23.060253,23.368639,19.539213,18.376987,16.583366,15.3771925,14.70001,12.944886,14.819564,13.28466,16.638279,18.530483,23.064173,22.866581,24.682322,24.002316,22.877085,24.351404,20.796913,24.977411,26.429598,27.197653,29.305014,30.471981,33.565598,38.05611,34.592102,31.6511,34.53995,30.024595,32.853767,30.675894,33.12778,30.610529,31.850647,33.078163,34.89693,36.209972,38.45686,36.31875,35.210308,36.40655,35.30248,31.876236,30.220415,34.671597,30.9508,27.205505,28.294043,27.472702,25.896845,25.046143,21.827932,19.716526,15.860464,18.01623,11.161826,15.917437,12.0067835,16.371916,16.191147,14.526231,15.66906,11.173557,16.375324,15.243262,18.706976,21.198269,23.72703,25.03662,23.259394,23.064308,19.528986,20.8565,18.606802,21.928207,22.644665,26.8346,27.804482,25.254267,24.97672,21.007538,24.438221,21.995108,23.908537,24.445225,25.242527,28.836344,29.883987,32.571327,33.04963,28.610407,28.00796,27.433023,24.202282
5,15.616611,13.60188,10.059662,7.95136,4.1172175,0.0,3.9539518,6.083938,9.056331,12.283381,14.484423,17.974556,20.404497,19.539621,19.607506,15.572209,14.784846,12.777364,12.404462,11.806977,11.002646,13.338102,13.218811,16.605421,18.08604,22.41108,21.994236,23.158451,22.55603,20.632433,22.505928,18.117098,22.803453,23.370516,24.723269,26.391994,27.544788,30.610432,35.188976,31.496693,28.478243,31.688738,27.013903,30.175795,27.881233,30.837427,28.704746,29.829958,31.560797,33.642048,34.808693,37.033596,34.500454,33.71638,34.64935,33.960354,30.186117,28.89078,33.258858,29.84289,25.64147,26.819479,25.550276,24.313965,23.352322,19.386665,17.647282,14.217729,16.440287,9.225278,14.023103,11.00952,15.005411,15.244205,12.983888,13.172246,7.97789,13.182762,11.499119,15.365473,17.551424,20.349987,21.23342,19.49906,19.364855,15.513537,17.299341,15.283969,18.832287,20.373217,24.110209,25.42127,22.975159,22.246994,18.041641,21.091578,18.25085,20.178888,20.411379,21.362297,24.912148,26.185114,28.869389,29.117355,24.813852,24.01354,23.564684,20.24786
6,18.778801,16.617123,12.726043,10.907765,6.074738,3.9539518,0.0,4.8195286,6.0151005,9.634612,11.863753,14.975267,17.840204,17.357048,18.123137,14.6328535,13.886376,13.095676,12.219036,13.45849,12.453028,15.774895,15.305318,19.412998,21.142387,25.393677,25.345531,26.370163,26.030176,23.840078,26.00746,21.154705,25.985674,25.571226,27.052555,28.320972,29.097378,32.260868,36.97797,33.48189,30.581434,34.23929,29.559408,33.06563,30.695345,33.951206,32.03128,32.945477,34.921547,37.154453,38.37595,40.63319,37.950237,37.30504,38.070095,37.520863,33.52746,32.301556,36.462048,32.979805,28.654055,29.432224,27.812569,26.388968,24.757875,20.85209,18.61387,15.916858,19.093334,12.167064,17.317898,14.880733,18.773487,18.957129,16.3578,16.207706,10.914283,15.781898,13.087365,17.029228,18.250107,20.748768,21.573946,20.460487,20.983824,16.400236,19.291975,17.339367,20.966007,22.71918,26.141304,27.370712,24.715508,23.771555,19.51697,22.532778,19.317343,21.604794,21.098139,22.532652,25.621351,27.53373,30.358261,30.054077,26.228569,24.75005,24.300827,20.549957
7,21.239204,19.63724,15.609207,13.960218,9.819434,6.083938,4.8195286,0.0,4.794274,6.471006,8.931641,12.288436,14.649459,14.111051,14.484698,10.492359,10.961213,9.822826,10.891238,12.035641,12.602978,15.854586,16.970764,20.58198,21.713707,25.590588,25.10638,25.366693,24.957115,21.879934,24.229269,18.52761,23.520405,21.924145,23.939295,24.6553,25.337961,28.433092,33.19161,29.581127,26.710192,30.737316,26.070635,29.980124,27.643414,31.563566,30.161705,31.059055,33.53867,35.955173,36.86514,38.969357,35.816284,35.434753,35.819405,35.6831,31.331625,30.480162,34.389393,31.260504,26.566492,27.33237,25.23925,24.21467,22.493082,17.877728,16.186058,14.269226,17.37334,10.988537,15.63645,14.645304,17.900414,18.74315,15.931651,14.642075,9.107694,12.762371,9.207379,13.267774,13.855955,16.566082,16.923386,15.972882,16.806997,11.9295025,15.7830105,14.568775,18.344494,21.270325,23.955229,25.696093,23.359772,21.834066,17.422813,19.591236,15.753951,17.838898,16.498629,18.071438,20.930937,23.109081,25.991291,25.457613,22.024899,20.371508,20.338934,16.526472
8,24.581512,22.305998,18.666138,16.226295,11.970718,9.056331,6.0151005,4.794274,0.0,5.345129,6.001785,9.412265,11.973593,11.522678,12.807575,10.196222,9.675492,10.633391,10.001172,13.395509,13.200527,17.362144,17.79206,22.178972,23.707531,27.47884,27.696674,28.02389,28.142551,25.24247,28.096758,22.54172,27.949745,26.023863,28.401321,28.77354,29.295288,32.341312,37.119804,33.42703,30.523502,34.705082,29.865429,33.756046,31.134466,34.83831,33.478867,33.931393,36.530956,39.130203,40.37954,42.70552,39.698162,39.623543,40.10731,40.145714,35.859108,35.139004,39.088345,36.0396,31.30846,32.04585,29.822535,28.772154,26.72881,22.185352,20.28348,18.773228,22.147999,15.723809,20.315231,18.838537,21.929792,22.10576,18.873533,17.756884,12.932614,16.994162,13.324629,17.495928,17.28143,19.827116,19.636797,19.230883,20.175077,14.710682,18.713484,16.991602,20.50212,22.932337,25.436785,26.755646,24.078156,22.56439,18.381418,20.870789,17.206196,19.899397,18.687382,20.87085,23.410652,26.193684,28.881363,27.67061,24.433327,21.95505,21.405933,17.24893
9,27.242325,25.789309,21.324163,20.131903,15.49794,12.283381,9.634612,6.471006,5.345129,0.0,4.703223,6.243637,9.411507,10.181654,11.896971,9.328366,11.271402,12.192928,13.631834,16.554651,17.447613,21.23249,22.465025,26.408678,27.535978,31.149343,30.811743,30.623182,30.398008,26.756617,29.304625,22.97923,27.768387,24.358837,26.56124,26.39354,26.351254,29.420805,34.228024,31.102978,28.626762,33.351555,28.97385,33.439796,31.191835,35.773296,34.925556,35.614746,38.553658,41.160656,41.908997,43.895584,40.338318,40.18361,40.119164,40.310387,35.57348,34.952995,38.32971,35.30392,30.455864,30.580814,27.872757,26.794367,24.145494,19.695786,17.706472,17.46109,21.429377,16.23342,20.708874,20.769382,23.74938,24.8225,21.832607,19.989311,14.856092,17.105598,12.666839,15.802714,14.337139,16.118484,16.157864,16.630571,18.762737,13.447336,18.987629,18.490572,22.06491,25.65967,27.464272,29.32997,27.04168,25.021957,20.79989,22.197414,17.807404,19.954475,16.807077,19.035805,20.58322,23.828806,26.871948,25.378582,23.325678,20.662472,21.071814,16.902897
10,30.029694,27.970325,24.25445,21.851665,17.804733,14.484423,11.863753,8.931641,6.001785,4.703223,0.0,4.480847,6.0044208,5.9274464,8.0743065,7.0468855,8.139079,10.702263,11.457995,15.638113,16.539175,20.68092,22.079355,26.213444,27.357897,30.607439,30.760046,30.354153,30.67592,27.069857,30.25027,24.13711,29.614323,26.15865,29.190075,28.661747,28.851057,31.681393,36.38758,32.708,29.979553,34.62366,29.903044,34.16387,31.515238,35.776318,35.072586,35.237915,38.40078,41.244404,42.314106,44.54541,41.14235,41.509033,41.59732,42.163593,37.593636,37.331955,40.90529,38.29053,33.297253,33.885845,31.133825,30.461994,28.110102,23.207747,21.777554,21.445583,24.819157,19.324713,23.228836,22.867779,25.268923,25.739126,22.312544,20.33654,16.146034,18.741756,14.567025,18.219324,16.523144,18.796967,17.596132,18.073582,19.586647,13.8822775,18.914724,17.95281,21.127625,24.43629,25.807755,27.3924,24.993994,22.862026,18.978914,20.380623,16.293365,18.946718,16.553984,19.329533,20.95251,24.543083,27.080248,24.987514,22.764236,19.396158,19.107891,14.80377
11,33.270515,31.478146,27.273735,25.542822,21.039673,17.974556,14.975267,12.288436,9.412265,6.243637,4.480847,0.0,4.4152293,6.7979007,10.0426235,10.254947,12.160777,14.894895,15.848808,20.086533,20.989958,25.15176,26.411974,30.634413,31.80869,35.079502,35.152035,34.656498,34.86693,31.04408,34.049847,27.646606,32.70105,28.437292,31.17885,30.328009,30.010708,32.842262,37.519714,34.404842,32.0527,37.035748,32.6715,37.23845,34.812607,39.473824,38.993053,39.235863,42.518623,45.358776,46.24031,48.320885,44.676796,44.961098,44.76662,45.349636,40.54609,40.252407,43.461193,40.740543,35.772346,35.840824,32.833942,31.968935,29.05421,24.589636,22.82926,23.276127,27.21419,22.312073,26.417784,26.571001,29.149822,29.927128,26.611618,24.535233,20.105381,22.104668,17.648106,20.574112,18.089233,19.49484,18.575422,19.867332,22.197294,16.77173,22.469616,22.008085,25.140585,28.746534,29.830048,31.514061,29.206806,26.938105,23.175728,24.167141,19.90989,22.291597,18.79219,21.59919,22.302288,26.293234,29.010693,26.56423,25.347372,21.73909,21.94752,17.762
12,35.871567,33.917484,30.144518,27.78727,23.79772,20.404497,17.840204,14.649459,11.973593,9.411507,6.0044208,4.4152293,0.0,3.4386508,6.842256,8.899764,10.958333,14.265994,15.598176,19.9819,21.377375,25.394709,27.241179,31.212791,32.13056,34.9528,35.120747,34.202187,34.703583,30.684046,34.038776,27.701197,33.034294,28.397104,31.831764,30.525337,30.349869,32.88914,37.39511,33.890366,31.44689,36.396477,31.942493,36.411827,33.811123,38.42973,38.287643,38.18491,41.750137,44.756767,45.688065,47.82201,44.144268,44.87579,44.63037,45.621956,40.883785,40.984318,44.17631,41.927807,36.826794,37.22742,34.097534,33.702713,31.091433,26.176369,25.096233,25.681026,29.028805,24.325983,27.72541,28.068048,30.007475,30.631155,27.147968,24.720928,21.118963,22.675673,18.461687,21.380913,18.555975,20.257462,18.23777,19.626032,21.593657,16.287258,21.664045,21.339005,24.013758,27.777866,28.163797,29.851204,27.746983,25.22837,21.884226,22.307896,18.256283,20.645876,17.317553,20.435856,20.90148,25.152985,27.41816,24.441664,23.483532,19.375742,19.3621,15.383945
13,34.997337,32.782387,29.528595,26.525057,23.060253,19.539621,17.357048,14.111051,11.522678,10.181654,5.9274464,6.7979007,3.4386508,0.0,3.7786305,6.7524104,8.018156,11.72817,12.904916,17.388231,18.908728,22.834305,24.923977,28.74474,29.568453,32.162308,32.49693,31.493053,32.23852,28.348938,31.98588,25.947477,31.674648,27.50568,31.367674,30.13475,30.349747,32.78297,37.237732,33.21177,30.472061,35.147488,30.40297,34.584774,31.73507,35.994865,35.815853,35.477276,39.060535,42.14144,43.264114,45.546505,42.06102,43.034,42.989727,44.115738,39.590836,39.849823,43.2892,41.271328,36.132687,36.988716,34.006638,33.87126,31.70552,26.423655,25.722986,25.85642,28.662287,23.66818,26.672981,26.684658,28.250645,28.541582,24.925768,22.482512,19.494017,21.296722,17.450056,20.803461,18.411425,20.744274,18.205395,19.05874,20.274868,14.872897,19.514473,18.831205,21.26543,24.787096,25.057877,26.610712,24.494194,21.976414,18.80009,19.296942,15.541573,18.199757,15.8873005,19.121752,20.16681,24.216944,26.143305,23.193974,21.565296,17.363876,16.750578,12.742465
14,34.61193,32.431126,29.576982,26.238874,23.368639,19.607506,18.123137,14.484698,12.807575,11.896971,8.0743065,10.0426235,6.842256,3.7786305,0.0,4.8630915,6.3016157,9.553125,11.6430435,15.406517,17.572283,21.027042,23.80622,27.11822,27.593805,29.827679,30.032467,28.688206,29.539766,25.526163,29.331894,23.479383,29.367962,25.305407,29.645323,28.289389,28.824883,31.042635,35.351482,30.885454,27.959435,32.410877,27.537512,31.520014,28.543161,32.693146,32.696133,32.200924,35.926537,39.070904,40.178307,42.472374,39.0068,40.246975,40.228027,41.593636,37.210884,37.737312,41.23148,39.58667,34.42037,35.666264,32.747707,33.008427,31.317156,25.692396,25.609465,25.591787,27.694435,22.939486,25.198162,25.370007,26.335857,26.582458,22.982744,20.25242,18.071716,19.405497,16.041803,19.392624,17.21225,20.012701,16.79893,17.237377,17.778719,12.653013,16.609299,16.051521,18.12757,21.884853,21.704813,23.414637,21.558739,18.830128,15.858301,15.831744,12.192166,14.81306,13.144699,16.443499,17.818993,21.67619,23.226683,20.256025,18.25433,13.955828,13.034542,9.116613
15,30.196295,28.348036,25.319584,22.371702,19.539213,15.572209,14.6328535,10.492359,10.196222,9.328366,7.0468855,10.254947,8.899764,6.7524104,4.8630915,0.0,4.8983016,5.97117,9.667632,12.20712,14.785499,17.962887,20.99472,24.057352,24.421946,26.991392,26.723492,25.526875,25.939875,21.816977,25.302357,19.1975,24.998964,21.313223,25.376314,24.430439,25.144218,27.566336,32.033443,27.572903,24.537277,28.950994,24.015718,28.113972,25.287859,29.64098,29.393068,29.357237,32.89637,35.880875,36.793846,38.97636,35.43677,36.302032,36.301952,37.389706,32.938587,33.247673,36.829945,34.972973,29.829401,31.101841,28.323534,28.50573,27.015738,21.31947,21.289368,20.946407,22.886457,18.118645,20.381582,20.724884,21.864197,22.484428,19.068665,16.236359,13.504735,14.715025,11.219149,14.821594,13.195626,16.414577,13.678162,13.499874,13.957821,8.3901005,12.881938,12.495698,15.240031,19.449018,19.921698,22.000124,20.168545,17.534182,13.822366,14.061061,9.676058,12.157012,10.279657,13.287323,15.44161,18.837727,20.835373,18.684584,15.965894,12.492279,12.10638,7.8191733
16,29.407785,26.818161,24.647766,20.565868,18.376987,14.784846,13.886376,10.961213,9.675492,11.271402,8.139079,12.160777,10.958333,8.018156,6.3016157,4.8983016,0.0,4.6224375,5.385467,9.511819,11.28432,14.937333,17.50491,20.939009,21.631119,24.148174,24.62479,23.819942,24.794098,21.433107,25.38892,20.15256,26.56068,24.23297,28.375954,27.880983,28.988235,31.391872,35.803654,30.937887,27.579449,31.44685,26.11867,29.57738,26.330658,29.682352,28.977203,28.520027,31.804363,34.86322,36.35706,38.92446,35.95664,37.011703,37.540478,38.54879,34.546673,34.805004,38.875053,37.021023,31.993277,33.737762,31.341127,31.477297,30.318468,24.649847,24.45811,23.275213,24.922054,19.211378,21.543232,20.5259,21.583752,21.193201,17.412325,15.215608,13.259071,16.144144,13.416591,17.798708,17.17388,20.70625,18.157515,17.388931,16.825315,11.441078,13.856794,11.851538,14.292689,17.080494,18.093246,19.444239,17.07384,14.849463,11.255136,12.907997,9.729828,13.091405,13.764842,16.557724,19.455734,22.366852,23.927618,21.992786,18.208136,14.93017,13.120966,9.09482
17,26.262083,24.049103,22.051847,18.161013,16.583366,12.777364,13.095676,9.822826,10.633391,12.192928,10.702263,14.894895,14.265994,11.72817,9.553125,5.97117,4.6224375,0.0,5.6544194,6.27854,9.378848,12.072117,15.571155,18.215797,18.471722,21.044073,20.903973,19.972284,20.585829,17.02255,20.830687,15.571065,22.047195,20.338596,24.477234,24.301136,25.768316,28.133032,32.48318,27.421724,23.901966,27.47227,22.055233,25.3905,22.200365,25.605972,24.778353,24.653212,27.862104,30.818598,32.114403,34.586388,31.566063,32.46735,33.038185,33.961414,30.022463,30.273727,34.45155,32.686096,27.70634,29.751556,27.574461,27.915281,27.286293,21.502724,21.784863,20.210196,21.100061,15.635828,17.274094,16.450464,17.142153,17.050407,13.433223,10.840198,9.201404,11.776057,9.743114,14.253302,14.550492,18.494698,16.12561,14.529413,13.197221,8.224558,9.627126,7.5220504,10.500616,13.941479,15.334919,17.19052,15.124268,12.899615,8.687566,10.285225,6.725985,9.818373,11.378749,13.567818,17.260925,19.418297,21.010254,19.867195,15.302817,13.039581,11.528945,7.935153
18,25.967384,22.803999,21.597599,16.548296,15.3771925,12.404462,12.219036,10.891238,10.001172,13.631834,11.457995,15.848808,15.598176,12.904916,11.6430435,9.667632,5.385467,5.6544194,0.0,5.9602885,6.196151,10.328112,12.24897,16.003998,17.095366,19.897358,20.896902,20.816652,22.025778,19.66318,23.670721,19.461535,26.092,25.481922,29.297335,29.533747,31.053493,33.52455,37.903473,32.826447,29.223898,32.45404,26.907211,29.712345,26.295107,28.64651,27.235638,26.73038,29.453918,32.3843,34.33274,37.176914,34.815907,35.723618,36.806316,37.47289,33.956947,33.963337,38.510803,36.50515,31.737309,33.899628,32.03968,32.043484,31.351488,25.887589,25.555344,23.378862,24.561392,18.119686,20.441277,17.985027,19.113773,17.794012,13.873912,12.708927,11.385837,15.917721,14.194335,19.032463,19.683956,23.477407,21.526941,20.02382,18.653812,13.779374,14.338726,10.923174,13.29072,14.319197,16.665436,17.340668,14.427368,13.116938,9.419192,12.943623,11.107959,14.52404,16.988297,19.185823,22.89006,25.026459,26.46728,25.28213,20.463472,18.111914,15.774815,12.433099
19,22.691055,19.92233,19.444042,14.385423,14.70001,11.806977,13.45849,12.035641,13.395509,16.554651,15.638113,20.086533,19.9819,17.388231,15.406517,12.20712,9.511819,6.27854,5.9602885,0.0,4.317839,5.802287,9.873324,11.9728565,12.275359,15.068419,15.343267,15.166876,16.116337,13.905573,17.875479,14.379124,21.073116,21.82145,25.59706,26.290125,28.339788,30.618065,34.75033,29.383942,25.595392,28.124292,22.517555,24.769493,21.355299,23.27322,21.555655,21.330559,23.84934,26.66861,28.533682,31.366928,29.155087,29.985493,31.295956,31.887096,28.699316,28.761223,33.536366,31.797033,27.223948,29.961464,28.539442,28.896908,29.057255,23.593,23.954933,21.22476,21.106909,15.160756,16.122261,13.426129,13.634445,12.142015,8.225503,6.926596,7.6032343,11.979741,11.980117,16.518803,18.400429,22.494661,20.716751,18.306944,15.815197,12.326774,10.483064,6.327,8.720178,9.583897,12.824143,13.931007,11.450432,10.454057,6.3251586,10.206667,9.226249,11.821631,15.809618,17.08423,21.53681,22.58334,23.781578,23.58476,17.89666,16.931868,14.761101,12.474209
20,21.4245,17.895714,18.059368,12.126094,12.944886,11.002646,12.453028,12.602978,13.200527,17.447613,16.539175,20.989958,21.377375,18.908728,17.572283,14.785499,11.28432,9.378848,6.196151,4.317839,0.0,4.7117558,6.299368,9.915355,11.317797,14.675647,15.86842,16.72352,17.886255,16.787197,20.472046,17.699863,24.114859,25.5128,28.807396,29.857925,31.834627,34.273186,38.481842,33.29651,29.550516,31.954176,26.411,28.424397,25.051294,26.344574,24.144587,23.852999,25.801355,28.43793,30.694942,33.702156,31.977003,32.584442,34.221962,34.454758,31.544067,31.268782,36.233364,34.15346,29.814758,32.45813,31.281605,31.255718,31.278818,26.18042,25.963764,22.808716,23.076574,16.47862,18.221283,14.296397,15.244326,12.904753,9.129324,9.598207,9.60581,15.141813,14.958633,19.644218,21.668236,25.588232,24.273054,22.00783,19.841833,16.090193,14.6975565,10.52377,12.563586,11.658394,15.632362,15.844315,12.845568,12.77338,9.409068,13.947878,13.377561,16.116312,19.860601,21.227009,25.593521,26.73454,28.057877,27.853096,22.214151,21.109749,18.76974,16.273628
21,20.278704,16.958302,18.296915,12.383537,14.819564,13.338102,15.774895,15.854586,17.362144,21.23249,20.68092,25.15176,25.394709,22.834305,21.027042,17.962887,14.937333,12.072117,10.328112,5.802287,4.7117558,0.0,5.449942,6.191417,6.797101,10.141356,11.179137,12.3512335,13.62835,13.481364,17.061335,15.756059,21.918512,24.679556,27.916662,29.2975,31.69318,33.876682,37.767628,32.343376,28.494864,30.114626,24.633738,25.857048,22.479519,22.852,20.250063,19.974367,21.496202,24.005116,26.45175,29.578161,28.295372,28.961231,30.969578,31.159298,28.807629,28.630575,33.81026,32.085278,28.071169,31.271128,30.549286,30.852848,31.60978,26.631533,26.967964,23.46854,22.601742,16.73098,17.094612,12.767356,12.509842,9.256513,5.8087664,7.4467053,10.014653,14.771428,16.013666,20.151537,22.906075,26.928108,25.62332,22.84022,19.871077,17.357044,14.178116,9.935489,11.024457,8.634679,13.430795,13.4831915,10.934569,11.629899,9.093499,13.463899,14.056865,16.041391,20.8833,21.617035,26.33416,26.665852,27.603966,28.053703,21.91532,21.757572,19.384504,17.800688
22,18.819706,14.542442,16.773867,10.107332,13.28466,13.218811,15.305318,16.970764,17.79206,22.465025,22.079355,26.411974,27.241179,24.923977,23.80622,20.99472,17.50491,15.571155,12.24897,9.873324,6.299368,5.449942,0.0,5.338157,8.139448,12.008741,14.021327,16.35818,17.5528,18.305767,21.29863,20.31605,26.01981,29.117527,31.753798,33.482544,35.69699,38.110832,42.140152,37.034443,33.29222,34.963917,29.618723,30.82703,27.613813,27.66254,24.685833,24.489439,25.352236,27.517454,30.232864,33.409176,32.578327,32.851894,35.09617,34.80815,32.667957,32.03128,37.293472,35.075245,31.35055,34.26017,33.76116,33.550682,34.040874,29.544472,29.167297,25.304388,25.04038,18.60335,20.021734,14.716452,15.640072,12.086781,9.556602,12.163792,13.076713,18.720274,19.452793,23.746037,26.522774,30.316803,29.551718,26.984732,24.535185,21.508562,19.247961,15.085882,16.452871,13.568454,18.423336,17.814959,14.951057,16.162718,13.91883,18.587181,18.910908,21.199371,25.447397,26.36644,30.953295,31.516197,32.73914,33.108593,27.135748,26.68728,24.296694,22.248133
23,18.653917,14.931674,18.338251,12.365042,16.638279,16.605421,19.412998,20.58198,22.178972,26.408678,26.213444,30.634413,31.212791,28.74474,27.11822,24.057352,20.939009,18.215797,16.003998,11.9728565,9.915355,6.191417,5.338157,0.0,3.2380142,7.2058015,9.276492,12.322372,13.585307,15.679797,18.263023,19.019686,24.168093,28.554777,31.121794,33.112103,35.71784,37.820293,41.462517,36.15747,32.37504,33.198483,28.05004,28.371952,25.258118,24.230463,20.855457,20.676035,20.87906,22.782454,25.727922,29.006985,28.770218,29.112406,31.764599,31.437754,30.00672,29.51065,34.9165,33.165855,29.866592,33.337242,33.30563,33.48532,34.731754,30.364319,30.604124,26.54697,25.123226,19.686668,19.617474,14.289064,13.790569,9.406762,8.237341,11.61328,14.49183,19.035631,20.962406,24.658613,27.992847,31.858448,31.023117,28.024025,24.876423,23.00518,19.306648,15.395243,15.836275,11.845571,16.938248,16.157024,14.029668,15.861534,14.514354,18.66844,19.919903,21.501598,26.601883,26.953897,31.774048,31.574535,32.37746,33.34911,27.035782,27.443514,25.068588,23.847012
24,19.563087,16.480516,19.767601,14.3421755,18.530483,18.08604,21.142387,21.713707,23.707531,27.535978,27.357897,31.80869,32.13056,29.568453,27.593805,24.421946,21.631119,18.471722,17.095366,12.275359,11.317797,6.797101,8.139448,3.2380142,0.0,4.5724025,6.0571513,9.159934,10.524276,13.102532,15.647305,17.201483,22.155499,26.953743,29.672403,31.630527,34.436516,36.315266,39.726784,34.25966,30.453606,30.876406,25.809816,25.714684,22.609879,21.16166,17.715286,17.520172,17.643257,19.57977,22.54337,25.868593,25.727257,26.263962,29.011213,28.860584,27.670477,27.421944,32.83503,31.482954,28.273632,32.058464,32.13333,32.651165,34.269295,29.82682,30.534798,26.57953,24.534174,19.774927,18.76495,13.941772,12.358441,7.8137336,7.309503,10.509181,14.546575,18.179537,20.69789,24.020742,27.50989,31.42153,30.398642,27.204119,23.659002,22.476345,17.992125,14.367918,14.230275,9.977356,14.971027,14.364884,12.827106,14.713802,13.789507,17.394354,19.09341,20.210745,25.730257,25.77725,30.66037,30.06738,30.586777,31.835537,25.411488,26.28232,23.975634,23.266214
25,23.46565,20.64174,24.175024,18.90254,23.064173,22.41108,25.393677,25.590588,27.47884,31.149343,30.607439,35.079502,34.9528,32.162308,29.827679,26.991392,24.148174,21.044073,19.897358,15.068419,14.675647,10.141356,12.008741,7.2058015,4.5724025,0.0,4.5206738,7.274019,9.752283,13.3374605,15.94016,18.7616,23.418633,28.530643,31.604755,33.369026,36.40029,37.939594,41.001286,35.228153,31.378033,31.177654,26.234678,25.313944,22.102743,19.390621,15.927763,14.991555,14.688943,16.669144,20.204473,23.80304,24.327612,25.4856,28.522938,28.754946,28.211645,28.418665,33.76584,33.088802,30.105692,34.27441,34.466103,35.396267,37.368355,32.811466,33.96804,30.190666,27.648214,23.513056,21.72021,17.544386,14.962808,10.669685,10.684237,13.101423,18.081984,20.85673,23.734873,26.783405,30.190945,34.184273,32.720573,29.42771,25.413141,24.823957,19.497211,16.114687,14.858637,9.510789,13.737966,12.489798,11.785687,14.26008,14.701692,17.675568,20.401026,21.159557,27.431526,27.32017,32.19176,31.275244,31.211205,32.557426,26.013842,27.189678,24.596249,24.624567
26,21.997025,20.072048,23.173965,18.84109,22.866581,21.994236,25.345531,25.10638,27.696674,30.811743,30.760046,35.152035,35.120747,32.49693,30.032467,26.723492,24.62479,20.903973,20.896902,15.343267,15.86842,11.179137,14.021327,9.276492,6.0571513,4.5206738,0.0,4.164923,5.4608293,9.787791,11.660329,15.362725,19.335773,25.06435,27.863462,29.806057,32.963707,34.353073,37.20616,31.555136,27.814434,27.257063,22.584139,21.422476,18.522318,15.88766,12.154652,12.08492,11.677602,13.537595,16.535072,19.947931,20.175343,21.072128,24.09038,24.243013,23.751047,23.994352,29.319452,28.82004,25.997616,30.336363,30.722023,31.861229,34.21062,29.850985,31.382341,27.672483,24.502394,21.310581,18.611042,15.123881,11.691293,7.989017,9.261085,11.352842,16.688812,18.336596,21.842354,24.226496,27.949339,31.783232,30.545292,27.059568,22.903698,23.187263,17.498346,14.901719,13.655653,9.698188,13.565124,13.456651,13.434157,15.177538,15.133265,17.263441,19.64004,19.714203,25.69579,25.079464,29.92038,28.478933,28.425598,30.311726,23.878786,25.744946,23.743017,24.036467
27,24.729834,23.133146,25.456114,21.315788,24.682322,23.158451,26.370163,25.366693,28.02389,30.623182,30.354153,34.656498,34.202187,31.493053,28.688206,25.526875,23.819942,19.972284,20.816652,15.166876,16.72352,12.3512335,16.35818,12.322372,9.159934,7.274019,4.164923,0.0,3.715969,7.1242843,9.769384,13.528398,17.652554,22.842579,26.232029,27.717182,30.971628,32.08825,34.749283,28.806501,25.007292,24.300747,19.546984,18.161203,14.986916,12.232594,8.918921,8.370034,9.147623,11.764224,14.485812,17.922808,17.6215,19.236593,21.96667,22.802065,22.120592,22.957138,28.05963,28.115551,25.051266,29.534782,29.651403,31.218348,33.647198,28.979229,30.989706,27.741096,24.359749,21.716942,18.44907,16.156208,12.087102,9.491651,10.226949,10.869523,16.759295,17.288334,20.948364,23.002214,26.442217,30.308546,28.58901,25.091516,20.60398,21.483381,15.208458,13.199628,11.1383,7.8783193,10.529248,11.0792055,11.930238,13.163166,13.586033,14.635829,17.434093,16.986156,23.309359,22.523129,27.258375,25.613972,25.140898,27.05471,20.645481,22.816734,20.872938,21.776646
28,22.796436,21.912262,23.955849,20.694523,24.002316,22.55603,26.030176,24.957115,28.142551,30.398008,30.67592,34.86693,34.703583,32.23852,29.539766,25.939875,24.794098,20.585829,22.025778,16.116337,17.886255,13.62835,17.5528,13.585307,10.524276,9.752283,5.4608293,3.715969,0.0,5.4119124,6.475633,11.322251,14.520115,20.53864,23.380371,25.222084,28.538298,29.632101,32.19044,26.520954,22.873844,21.92284,17.488443,16.04821,13.3964815,11.185408,7.5018253,8.693028,9.1023855,11.127898,12.929065,15.973064,15.2507,16.206608,18.92425,19.418749,18.689333,19.344028,24.513496,24.50071,21.628523,26.19565,26.5716,28.172852,30.899508,26.571852,28.741,25.450092,21.59799,19.775402,15.875207,14.121031,9.590036,8.009986,9.897535,10.458855,15.954641,15.672364,19.78828,21.23074,25.035934,28.668903,27.412548,23.785284,19.402422,20.907286,14.792834,13.544496,12.099333,10.490015,13.031583,14.279636,15.053516,15.805741,15.459913,16.175104,18.187574,17.309137,22.90107,21.687168,26.35052,24.291895,24.072037,26.506224,20.341272,23.018814,21.73533,22.534985
29,23.597805,22.981739,23.614878,20.73397,22.877085,20.632433,23.840078,21.879934,25.24247,26.756617,27.069857,31.04408,30.684046,28.348938,25.526163,21.816977,21.433107,17.02255,19.66318,13.905573,16.787197,13.481364,18.305767,15.679797,13.102532,13.3374605,9.787791,7.1242843,5.4119124,0.0,4.829403,6.627686,11.1716385,15.718579,19.305567,20.609383,23.857082,24.993008,27.803617,21.925257,18.1055,17.970287,12.934443,12.726947,9.643185,10.293486,8.284514,9.705376,12.129875,14.5695,15.260688,17.685978,15.267891,16.362469,18.000042,19.042002,16.9216,17.910233,22.782648,22.717234,19.023092,23.337662,23.042345,24.856693,27.265648,22.45741,24.938993,22.231623,18.597713,17.051373,12.985314,12.840941,8.448892,8.809732,9.407975,7.8806205,13.06499,11.372685,15.495636,16.623413,20.115519,23.775696,22.207062,18.591963,14.078785,16.02766,9.768799,9.623042,8.418234,9.807752,11.338287,13.854433,14.605335,14.173991,13.04347,12.7009,13.917514,12.500367,17.678165,16.3096,20.94303,18.943657,18.864574,21.230097,15.135582,17.977789,17.219685,18.079174
30,22.698011,23.05096,23.7116,22.006329,24.351404,22.505928,26.00746,24.229269,28.096758,29.304625,30.25027,34.049847,34.038776,31.98588,29.331894,25.302357,25.38892,20.830687,23.670721,17.875479,20.472046,17.061335,21.29863,18.263023,15.647305,15.94016,11.660329,9.769384,6.475633,4.829403,0.0,7.0511866,8.188489,14.897427,17.28432,19.277374,22.688553,23.60117,25.975147,20.59279,17.183764,16.066525,12.083764,11.05753,9.401286,9.90821,7.640981,10.764245,12.016328,13.458254,13.027201,14.764303,12.085896,12.145674,13.910449,14.4289465,12.620778,13.464483,18.480438,18.6235,15.547813,20.2226,20.600145,22.5925,25.70483,21.668188,24.446669,21.671387,17.109905,17.244392,12.123157,12.907067,8.182507,9.925447,12.027595,11.173903,15.323068,12.663878,17.257467,17.258087,21.233904,24.378294,23.558485,19.859879,15.692227,18.610458,13.05657,13.746226,13.072734,14.431622,15.958929,18.364233,19.26181,18.987986,17.773905,17.323254,18.049671,16.24656,20.27966,18.298412,22.545498,19.780474,19.851349,23.043371,17.64916,21.14296,21.106583,21.989807
31,22.213942,22.48031,21.395185,20.00684,20.796913,18.117098,21.154705,18.52761,22.54172,22.97923,24.13711,27.646606,27.701197,25.947477,23.479383,19.1975,20.15256,15.571065,19.461535,14.379124,17.699863,15.756059,20.31605,19.019686,17.201483,18.7616,15.362725,13.528398,11.322251,6.627686,7.0511866,0.0,6.853094,9.826174,13.222046,14.613476,17.667418,19.216133,22.557306,17.164167,13.478131,14.777302,9.790743,12.084191,10.143583,14.213509,13.336561,15.52014,18.050451,20.062042,19.650347,21.1281,17.411232,17.372387,17.734745,18.409388,14.570644,15.102942,19.533342,18.677582,14.15541,17.837986,16.958973,18.690746,20.82644,15.889914,18.628374,16.41265,12.804287,12.409376,7.9277306,10.570211,7.6187425,10.779638,11.021407,8.361002,10.505924,6.077055,10.55533,10.417222,14.234309,17.571068,16.683321,12.983501,9.080429,11.873222,7.519797,9.532342,10.450821,14.398641,15.70206,18.779793,18.978592,17.683428,15.170755,14.3858595,13.289257,11.48781,13.911679,12.016475,16.379173,14.327602,15.43214,18.077574,12.960727,15.900132,16.599382,16.70605
32,23.48124,25.09808,23.863964,24.097254,24.977411,22.803453,25.985674,23.520405,27.949745,27.768387,29.614323,32.70105,33.034294,31.674648,29.367962,24.998964,26.56068,22.047195,26.092,21.073116,24.114859,21.918512,26.01981,24.168093,22.155499,23.418633,19.335773,17.652554,14.520115,11.1716385,8.188489,6.853094,0.0,8.38067,9.25649,11.764712,15.127491,16.059525,18.527473,14.027018,11.291603,11.000397,8.4454565,9.982957,10.549313,14.799644,14.397932,17.709364,19.423798,20.470469,18.651241,18.908169,14.554763,13.111148,12.532505,12.665605,8.0505295,8.565282,12.690911,12.3063965,8.212962,12.621288,12.665236,15.149476,18.601221,15.139759,18.656347,16.906143,11.814847,15.022495,9.367996,13.749933,10.953518,14.967307,16.559443,14.73784,16.131653,11.039401,15.167479,12.886768,16.77405,18.860178,19.056524,15.610932,12.733547,16.970098,13.777081,16.364357,16.965769,20.515358,21.500246,24.581335,25.22891,24.103996,21.932999,20.742485,19.67297,17.33177,18.318026,15.588181,18.74586,15.398123,16.478333,20.321943,16.735468,20.543066,22.113892,22.623335
33,28.233068,29.57714,26.853882,27.190914,26.429598,23.370516,25.571226,21.924145,26.023863,24.358837,26.15865,28.437292,28.397104,27.50568,25.305407,21.313223,24.23297,20.338596,25.481922,21.82145,25.5128,24.679556,29.117527,28.554777,26.953743,28.530643,25.06435,22.842579,20.53864,15.718579,14.897427,9.826174,8.38067,0.0,5.9191494,5.0529585,8.223566,9.451854,13.089728,8.243531,5.417612,9.423897,7.1527596,12.163944,12.648329,19.129189,20.029402,22.462475,25.363844,27.026194,25.258276,25.443493,20.404102,19.89153,18.104284,19.204882,13.906871,14.860746,16.767004,16.30525,11.507979,13.372303,10.984729,13.768271,15.684883,11.186227,15.406216,15.766599,12.641054,15.9244375,12.239561,17.70942,16.317392,20.254515,20.356796,17.318546,17.036907,10.79632,12.821616,8.96248,10.833643,12.179506,11.862729,9.015537,7.753865,12.977927,12.537589,16.57434,17.749865,23.085768,22.995953,26.57379,27.063374,24.992184,22.392185,20.176554,17.708223,15.050256,12.88671,9.764211,11.353173,7.964798,10.305975,13.831597,12.454323,15.820218,18.775776,19.125664
34,27.113895,29.413717,26.292759,28.047127,27.197653,24.723269,27.052555,23.939295,28.401321,26.56124,29.190075,31.17885,31.831764,31.367674,29.645323,25.376314,28.375954,24.477234,29.297335,25.59706,28.807396,27.916662,31.753798,31.121794,29.672403,31.604755,27.863462,26.232029,23.380371,19.305567,17.28432,13.222046,9.25649,5.9191494,0.0,4.326307,6.6549582,8.206701,11.545917,9.59205,9.019986,11.540954,11.552112,15.444428,16.89406,22.730364,23.18819,26.220564,28.412035,29.517769,27.314022,26.969776,22.055096,20.28242,18.132723,18.125118,12.5941725,12.430259,13.272739,11.790582,7.3079705,7.7096314,5.2133403,8.51832,11.464425,9.031264,13.390056,14.027233,10.365358,16.056404,12.458334,18.468138,17.800642,22.253523,23.031166,20.641966,19.555368,13.703954,15.599443,11.068401,13.355848,13.304194,15.056579,12.859054,12.957331,17.28343,17.519135,21.072319,22.620026,27.469078,28.037317,31.461662,31.787128,29.987574,27.135303,25.499481,22.887812,20.558065,17.99207,15.13858,16.083532,13.050249,15.608933,19.158737,18.3573,21.498314,24.473846,24.39297
35,30.666218,32.58234,29.27593,30.543777,29.305014,26.391994,28.320972,24.6553,28.77354,26.39354,28.661747,30.328009,30.525337,30.13475,28.289389,24.430439,27.880983,24.301136,29.533747,26.290125,29.857925,29.2975,33.482544,33.112103,31.630527,33.369026,29.806057,27.717182,25.222084,20.609383,19.277374,14.613476,11.764712,5.0529585,4.326307,0.0,3.568082,4.7542987,8.859694,6.40519,6.4128065,10.490505,10.830953,15.437182,16.827423,23.295979,24.403141,27.04288,29.764435,31.151907,28.938463,28.60466,23.393894,22.342926,19.85622,20.657381,15.205165,15.841739,16.189573,15.5951395,11.435514,11.540876,8.485235,11.557871,13.309131,10.266121,14.732635,16.31382,13.676711,18.423683,15.313585,21.226765,20.408726,24.625107,24.889486,21.995577,20.960678,14.860609,16.073586,11.422715,12.258455,11.810705,12.727165,11.096262,11.748893,16.4601,17.285189,21.335163,22.708485,28.113277,27.981659,31.586386,32.053608,29.90145,27.18761,24.923105,22.117233,19.546122,16.053215,13.099743,12.946506,9.777266,12.446295,15.822263,16.278742,19.298853,22.76387,22.953876
36,32.359577,34.397064,30.571835,32.24671,30.471981,27.544788,29.097378,25.337961,29.295288,26.351254,28.851057,30.010708,30.349869,30.349747,28.824883,25.144218,28.988235,25.768316,31.053493,28.339788,31.834627,31.69318,35.69699,35.71784,34.436516,36.40029,32.963707,30.971628,28.538298,23.857082,22.688553,17.667418,15.127491,8.223566,6.6549582,3.568082,0.0,3.4243996,8.158953,8.094135,9.190355,13.479468,14.179374,18.86226,20.233345,26.79356,27.93598,30.509644,33.29726,34.713043,32.49776,32.106327,26.875887,25.720152,23.08644,23.73896,18.305166,18.661901,18.43791,17.46775,13.667204,12.495834,8.921346,11.3518505,12.064116,9.826714,13.972567,16.541658,14.918192,19.769682,17.508465,23.447498,23.181932,27.431227,27.4932,24.565083,22.846752,17.006336,17.379,12.5599985,12.367844,10.704108,12.366084,11.7435665,13.671198,17.717016,19.666681,23.69668,25.349932,30.93694,30.799877,34.415684,34.72107,32.425873,29.514847,27.278318,24.05883,21.700708,17.174318,14.5721855,13.400052,11.095862,14.140616,16.852217,18.314331,20.751547,24.49593,24.373434
